date,hour,type,city,value
20201111,0,AQI,北京,96.0
20201111,0,PM2.5,北京,72.0
20201111,0,PM2.5_24h,北京,38.0
20201111,0,PM10,北京,115.0
20201111,0,PM10_24h,北京,75.0
20201111,0,SO2,北京,3.0
20201111,0,SO2_24h,北京,4.0
20201111,0,NO2,北京,78.0
20201111,0,NO2_24h,北京,59.0
20201111,0,O3,北京,4.0
20201111,0,O3_24h,北京,41.0
20201111,0,O3_8h,北京,8.0
20201111,0,O3_8h_24h,北京,29.0
20201111,0,CO,北京,1.22
20201111,0,CO_24h,北京,0.76
20201111,1,AQI,北京,90.0
20201111,1,PM2.5,北京,67.0
20201111,1,PM2.5_24h,北京,39.0
20201111,1,PM10,北京,109.0
20201111,1,PM10_24h,北京,75.0
20201111,1,SO2,北京,3.0
20201111,1,SO2_24h,北京,4.0
20201111,1,NO2,北京,77.0
20201111,1,NO2_24h,北京,60.0
20201111,1,O3,北京,3.0
20201111,1,O3_24h,北京,41.0
20201111,1,O3_8h,北京,3.0
20201111,1,O3_8h_24h,北京,3.0
20201111,1,CO,北京,1.16
20201111,1,CO_24h,北京,0.77
20201111,2,AQI,北京,88.0
20201111,2,PM2.5,北京,65.0
20201111,2,PM2.5_24h,北京,41.0
20201111,2,PM10,北京,111.0
20201111,2,PM10_24h,北京,76.0
20201111,2,SO2,北京,3.0
20201111,2,SO2_24h,北京,4.0
20201111,2,NO2,北京,74.0
20201111,2,NO2_24h,北京,61.0
20201111,2,O3,北京,4.0
20201111,2,O3_24h,北京,41.0
20201111,2,O3_8h,北京,4.0
20201111,2,O3_8h_24h,北京,3.0
20201111,2,CO,北京,1.12
20201111,2,CO_24h,北京,0.77
20201111,3,AQI,北京,83.0
20201111,3,PM2.5,北京,61.0
20201111,3,PM2.5_24h,北京,42.0
20201111,3,PM10,北京,109.0
20201111,3,PM10_24h,北京,78.0
20201111,3,SO2,北京,3.0
20201111,3,SO2_24h,北京,4.0
20201111,3,NO2,北京,73.0
20201111,3,NO2_24h,北京,61.0
20201111,3,O3,北京,3.0
20201111,3,O3_24h,北京,41.0
20201111,3,O3_8h,北京,3.0
20201111,3,O3_8h_24h,北京,3.0
20201111,3,CO,北京,1.08
20201111,3,CO_24h,北京,0.81
20201111,4,AQI,北京,80.0
20201111,4,PM2.5,北京,59.0
20201111,4,PM2.5_24h,北京,43.0
20201111,4,PM10,北京,103.0
20201111,4,PM10_24h,北京,80.0
20201111,4,SO2,北京,3.0
20201111,4,SO2_24h,北京,4.0
20201111,4,NO2,北京,72.0
20201111,4,NO2_24h,北京,62.0
20201111,4,O3,北京,3.0
20201111,4,O3_24h,北京,41.0
20201111,4,O3_8h,北京,3.0
20201111,4,O3_8h_24h,北京,3.0
20201111,4,CO,北京,1.06
20201111,4,CO_24h,北京,0.82
20201111,5,AQI,北京,75.0
20201111,5,PM2.5,北京,55.0
20201111,5,PM2.5_24h,北京,45.0
20201111,5,PM10,北京,96.0
20201111,5,PM10_24h,北京,82.0
20201111,5,SO2,北京,3.0
20201111,5,SO2_24h,北京,4.0
20201111,5,NO2,北京,66.0
20201111,5,NO2_24h,北京,63.0
20201111,5,O3,北京,2.0
20201111,5,O3_24h,北京,41.0
20201111,5,O3_8h,北京,3.0
20201111,5,O3_8h_24h,北京,3.0
20201111,5,CO,北京,0.92
20201111,5,CO_24h,北京,0.84
20201111,6,AQI,北京,73.0
20201111,6,PM2.5,北京,53.0
20201111,6,PM2.5_24h,北京,46.0
20201111,6,PM10,北京,90.0
20201111,6,PM10_24h,北京,83.0
20201111,6,SO2,北京,3.0
20201111,6,SO2_24h,北京,4.0
20201111,6,NO2,北京,64.0
20201111,6,NO2_24h,北京,63.0
20201111,6,O3,北京,3.0
20201111,6,O3_24h,北京,41.0
20201111,6,O3_8h,北京,3.0
20201111,6,O3_8h_24h,北京,3.0
20201111,6,CO,北京,0.85
20201111,6,CO_24h,北京,0.85
20201111,8,AQI,北京,77.0
20201111,8,PM2.5,北京,55.0
20201111,8,PM2.5_24h,北京,49.0
20201111,8,PM10,北京,103.0
20201111,8,PM10_24h,北京,86.0
20201111,8,SO2,北京,3.0
20201111,8,SO2_24h,北京,4.0
20201111,8,NO2,北京,64.0
20201111,8,NO2_24h,北京,64.0
20201111,8,O3,北京,2.0
20201111,8,O3_24h,北京,41.0
20201111,8,O3_8h,北京,2.0
20201111,8,O3_8h_24h,北京,3.0
20201111,8,CO,北京,0.94
20201111,8,CO_24h,北京,0.86
20201111,10,AQI,北京,88.0
20201111,10,PM2.5,北京,65.0
20201111,10,PM2.5_24h,北京,52.0
20201111,10,PM10,北京,112.0
20201111,10,PM10_24h,北京,90.0
20201111,10,SO2,北京,6.0
20201111,10,SO2_24h,北京,4.0
20201111,10,NO2,北京,66.0
20201111,10,NO2_24h,北京,65.0
20201111,10,O3,北京,6.0
20201111,10,O3_24h,北京,41.0
20201111,10,O3_8h,北京,3.0
20201111,10,O3_8h_24h,北京,3.0
20201111,10,CO,北京,0.95
20201111,10,CO_24h,北京,0.87
20201111,11,AQI,北京,105.0
20201111,11,PM2.5,北京,79.0
20201111,11,PM2.5_24h,北京,54.0
20201111,11,PM10,北京,127.0
20201111,11,PM10_24h,北京,93.0
20201111,11,SO2,北京,8.0
20201111,11,SO2_24h,北京,4.0
20201111,11,NO2,北京,73.0
20201111,11,NO2_24h,北京,67.0
20201111,11,O3,北京,11.0
20201111,11,O3_24h,北京,41.0
20201111,11,O3_8h,北京,4.0
20201111,11,O3_8h_24h,北京,4.0
20201111,11,CO,北京,1.0
20201111,11,CO_24h,北京,0.88
20201111,12,AQI,北京,120.0
20201111,12,PM2.5,北京,91.0
20201111,12,PM2.5_24h,北京,57.0
20201111,12,PM10,北京,126.0
20201111,12,PM10_24h,北京,96.0
20201111,12,SO2,北京,11.0
20201111,12,SO2_24h,北京,5.0
20201111,12,NO2,北京,81.0
20201111,12,NO2_24h,北京,69.0
20201111,12,O3,北京,16.0
20201111,12,O3_24h,北京,41.0
20201111,12,O3_8h,北京,5.0
20201111,12,O3_8h_24h,北京,6.0
20201111,12,CO,北京,1.03
20201111,12,CO_24h,北京,0.9
20201111,13,AQI,北京,150.0
20201111,13,PM2.5,北京,115.0
20201111,13,PM2.5_24h,北京,60.0
20201111,13,PM10,北京,139.0
20201111,13,PM10_24h,北京,101.0
20201111,13,SO2,北京,13.0
20201111,13,SO2_24h,北京,5.0
20201111,13,NO2,北京,87.0
20201111,13,NO2_24h,北京,71.0
20201111,13,O3,北京,24.0
20201111,13,O3_24h,北京,41.0
20201111,13,O3_8h,北京,8.0
20201111,13,O3_8h_24h,北京,8.0
20201111,13,CO,北京,1.07
20201111,13,CO_24h,北京,0.93
20201111,14,AQI,北京,169.0
20201111,14,PM2.5,北京,128.0
20201111,14,PM2.5_24h,北京,65.0
20201111,14,PM10,北京,161.0
20201111,14,PM10_24h,北京,105.0
20201111,14,SO2,北京,15.0
20201111,14,SO2_24h,北京,5.0
20201111,14,NO2,北京,86.0
20201111,14,NO2_24h,北京,73.0
20201111,14,O3,北京,28.0
20201111,14,O3_24h,北京,41.0
20201111,14,O3_8h,北京,11.0
20201111,14,O3_8h_24h,北京,11.0
20201111,14,CO,北京,1.14
20201111,14,CO_24h,北京,0.95
20201111,15,AQI,北京,186.0
20201111,15,PM2.5,北京,140.0
20201111,15,PM2.5_24h,北京,69.0
20201111,15,PM10,北京,148.0
20201111,15,PM10_24h,北京,110.0
20201111,15,SO2,北京,15.0
20201111,15,SO2_24h,北京,6.0
20201111,15,NO2,北京,108.0
20201111,15,NO2_24h,北京,75.0
20201111,15,O3,北京,25.0
20201111,15,O3_24h,北京,39.0
20201111,15,O3_8h,北京,14.0
20201111,15,O3_8h_24h,北京,14.0
20201111,15,CO,北京,1.17
20201111,15,CO_24h,北京,0.99
20201111,16,AQI,北京,186.0
20201111,16,PM2.5,北京,140.0
20201111,16,PM2.5_24h,北京,73.0
20201111,16,PM10,北京,188.0
20201111,16,PM10_24h,北京,115.0
20201111,16,SO2,北京,13.0
20201111,16,SO2_24h,北京,6.0
20201111,16,NO2,北京,125.0
20201111,16,NO2_24h,北京,78.0
20201111,16,O3,北京,14.0
20201111,16,O3_24h,北京,36.0
20201111,16,O3_8h,北京,16.0
20201111,16,O3_8h_24h,北京,16.0
20201111,16,CO,北京,1.21
20201111,16,CO_24h,北京,1.02
20201111,17,AQI,北京,207.0
20201111,17,PM2.5,北京,157.0
20201111,17,PM2.5_24h,北京,77.0
20201111,17,PM10,北京,183.0
20201111,17,PM10_24h,北京,119.0
20201111,17,SO2,北京,11.0
20201111,17,SO2_24h,北京,6.0
20201111,17,NO2,北京,140.0
20201111,17,NO2_24h,北京,81.0
20201111,17,O3,北京,5.0
20201111,17,O3_24h,北京,32.0
20201111,17,O3_8h,北京,16.0
20201111,17,O3_8h_24h,北京,16.0
20201111,17,CO,北京,1.28
20201111,17,CO_24h,北京,1.02
20201111,18,AQI,北京,213.0
20201111,18,PM2.5,北京,163.0
20201111,18,PM2.5_24h,北京,82.0
20201111,18,PM10,北京,202.0
20201111,18,PM10_24h,北京,124.0
20201111,18,SO2,北京,8.0
20201111,18,SO2_24h,北京,7.0
20201111,18,NO2,北京,141.0
20201111,18,NO2_24h,北京,84.0
20201111,18,O3,北京,2.0
20201111,18,O3_24h,北京,31.0
20201111,18,O3_8h,北京,15.0
20201111,18,O3_8h_24h,北京,16.0
20201111,18,CO,北京,1.4
20201111,18,CO_24h,北京,1.05
20201111,19,AQI,北京,220.0
20201111,19,PM2.5,北京,170.0
20201111,19,PM2.5_24h,北京,86.0
20201111,19,PM10,北京,207.0
20201111,19,PM10_24h,北京,128.0
20201111,19,SO2,北京,6.0
20201111,19,SO2_24h,北京,6.0
20201111,19,NO2,北京,139.0
20201111,19,NO2_24h,北京,86.0
20201111,19,O3,北京,2.0
20201111,19,O3_24h,北京,31.0
20201111,19,O3_8h,北京,14.0
20201111,19,O3_8h_24h,北京,16.0
20201111,19,CO,北京,1.57
20201111,19,CO_24h,北京,1.1
20201111,20,AQI,北京,223.0
20201111,20,PM2.5,北京,173.0
20201111,20,PM2.5_24h,北京,91.0
20201111,20,PM10,北京,211.0
20201111,20,PM10_24h,北京,133.0
20201111,20,SO2,北京,6.0
20201111,20,SO2_24h,北京,7.0
20201111,20,NO2,北京,134.0
20201111,20,NO2_24h,北京,88.0
20201111,20,O3,北京,3.0
20201111,20,O3_24h,北京,31.0
20201111,20,O3_8h,北京,13.0
20201111,20,O3_8h_24h,北京,16.0
20201111,20,CO,北京,1.75
20201111,20,CO_24h,北京,1.13
20201111,21,AQI,北京,220.0
20201111,21,PM2.5,北京,170.0
20201111,21,PM2.5_24h,北京,95.0
20201111,21,PM10,北京,212.0
20201111,21,PM10_24h,北京,137.0
20201111,21,SO2,北京,5.0
20201111,21,SO2_24h,北京,7.0
20201111,21,NO2,北京,130.0
20201111,21,NO2_24h,北京,90.0
20201111,21,O3,北京,3.0
20201111,21,O3_24h,北京,31.0
20201111,21,O3_8h,北京,10.0
20201111,21,O3_8h_24h,北京,16.0
20201111,21,CO,北京,1.85
20201111,21,CO_24h,北京,1.15
20201111,22,AQI,北京,219.0
20201111,22,PM2.5,北京,169.0
20201111,22,PM2.5_24h,北京,99.0
20201111,22,PM10,北京,202.0
20201111,22,PM10_24h,北京,140.0
20201111,22,SO2,北京,5.0
20201111,22,SO2_24h,北京,7.0
20201111,22,NO2,北京,127.0
20201111,22,NO2_24h,北京,92.0
20201111,22,O3,北京,4.0
20201111,22,O3_24h,北京,31.0
20201111,22,O3_8h,北京,7.0
20201111,22,O3_8h_24h,北京,16.0
20201111,22,CO,北京,1.92
20201111,22,CO_24h,北京,1.2
20201111,23,AQI,北京,220.0
20201111,23,PM2.5,北京,170.0
20201111,23,PM2.5_24h,北京,103.0
20201111,23,PM10,北京,207.0
20201111,23,PM10_24h,北京,143.0
20201111,23,SO2,北京,5.0
20201111,23,SO2_24h,北京,7.0
20201111,23,NO2,北京,124.0
20201111,23,NO2_24h,北京,94.0
20201111,23,O3,北京,3.0
20201111,23,O3_24h,北京,31.0
20201111,23,O3_8h,北京,4.0
20201111,23,O3_8h_24h,北京,16.0
20201111,23,CO,北京,1.95
20201111,23,CO_24h,北京,1.23
20201111,0,AQI,天津,139.0
20201111,0,PM2.5,天津,106.0
20201111,0,PM2.5_24h,天津,78.0
20201111,0,PM10,天津,134.0
20201111,0,PM10_24h,天津,125.0
20201111,0,SO2,天津,18.0
20201111,0,SO2_24h,天津,19.0
20201111,0,NO2,天津,110.0
20201111,0,NO2_24h,天津,81.0
20201111,0,O3,天津,4.0
20201111,0,O3_24h,天津,60.0
20201111,0,O3_8h,天津,8.0
20201111,0,O3_8h_24h,天津,38.0
20201111,0,CO,天津,1.44
20201111,0,CO_24h,天津,1.26
20201111,1,AQI,天津,135.0
20201111,1,PM2.5,天津,103.0
20201111,1,PM2.5_24h,天津,80.0
20201111,1,PM10,天津,121.0
20201111,1,PM10_24h,天津,127.0
20201111,1,SO2,天津,19.0
20201111,1,SO2_24h,天津,19.0
20201111,1,NO2,天津,107.0
20201111,1,NO2_24h,天津,83.0
20201111,1,O3,天津,5.0
20201111,1,O3_24h,天津,60.0
20201111,1,O3_8h,天津,5.0
20201111,1,O3_8h_24h,天津,5.0
20201111,1,CO,天津,1.48
20201111,1,CO_24h,天津,1.28
20201111,2,AQI,天津,130.0
20201111,2,PM2.5,天津,99.0
20201111,2,PM2.5_24h,天津,82.0
20201111,2,PM10,天津,120.0
20201111,2,PM10_24h,天津,128.0
20201111,2,SO2,天津,18.0
20201111,2,SO2_24h,天津,20.0
20201111,2,NO2,天津,106.0
20201111,2,NO2_24h,天津,84.0
20201111,2,O3,天津,4.0
20201111,2,O3_24h,天津,60.0
20201111,2,O3_8h,天津,5.0
20201111,2,O3_8h_24h,天津,5.0
20201111,2,CO,天津,1.44
20201111,2,CO_24h,天津,1.31
20201111,3,AQI,天津,129.0
20201111,3,PM2.5,天津,98.0
20201111,3,PM2.5_24h,天津,84.0
20201111,3,PM10,天津,116.0
20201111,3,PM10_24h,天津,129.0
20201111,3,SO2,天津,19.0
20201111,3,SO2_24h,天津,20.0
20201111,3,NO2,天津,104.0
20201111,3,NO2_24h,天津,85.0
20201111,3,O3,天津,4.0
20201111,3,O3_24h,天津,60.0
20201111,3,O3_8h,天津,5.0
20201111,3,O3_8h_24h,天津,5.0
20201111,3,CO,天津,1.36
20201111,3,CO_24h,天津,1.31
20201111,4,AQI,天津,133.0
20201111,4,PM2.5,天津,101.0
20201111,4,PM2.5_24h,天津,86.0
20201111,4,PM10,天津,111.0
20201111,4,PM10_24h,天津,130.0
20201111,4,SO2,天津,20.0
20201111,4,SO2_24h,天津,20.0
20201111,4,NO2,天津,101.0
20201111,4,NO2_24h,天津,87.0
20201111,4,O3,天津,4.0
20201111,4,O3_24h,天津,60.0
20201111,4,O3_8h,天津,4.0
20201111,4,O3_8h_24h,天津,5.0
20201111,4,CO,天津,1.28
20201111,4,CO_24h,天津,1.31
20201111,5,AQI,天津,131.0
20201111,5,PM2.5,天津,100.0
20201111,5,PM2.5_24h,天津,88.0
20201111,5,PM10,天津,110.0
20201111,5,PM10_24h,天津,131.0
20201111,5,SO2,天津,21.0
20201111,5,SO2_24h,天津,20.0
20201111,5,NO2,天津,99.0
20201111,5,NO2_24h,天津,88.0
20201111,5,O3,天津,5.0
20201111,5,O3_24h,天津,60.0
20201111,5,O3_8h,天津,4.0
20201111,5,O3_8h_24h,天津,5.0
20201111,5,CO,天津,1.31
20201111,5,CO_24h,天津,1.31
20201111,6,AQI,天津,131.0
20201111,6,PM2.5,天津,100.0
20201111,6,PM2.5_24h,天津,90.0
20201111,6,PM10,天津,113.0
20201111,6,PM10_24h,天津,131.0
20201111,6,SO2,天津,24.0
20201111,6,SO2_24h,天津,21.0
20201111,6,NO2,天津,99.0
20201111,6,NO2_24h,天津,90.0
20201111,6,O3,天津,3.0
20201111,6,O3_24h,天津,60.0
20201111,6,O3_8h,天津,4.0
20201111,6,O3_8h_24h,天津,5.0
20201111,6,CO,天津,1.34
20201111,6,CO_24h,天津,1.32
20201111,8,AQI,天津,140.0
20201111,8,PM2.5,天津,107.0
20201111,8,PM2.5_24h,天津,93.0
20201111,8,PM10,天津,138.0
20201111,8,PM10_24h,天津,131.0
20201111,8,SO2,天津,26.0
20201111,8,SO2_24h,天津,21.0
20201111,8,NO2,天津,97.0
20201111,8,NO2_24h,天津,92.0
20201111,8,O3,天津,4.0
20201111,8,O3_24h,天津,60.0
20201111,8,O3_8h,天津,4.0
20201111,8,O3_8h_24h,天津,5.0
20201111,8,CO,天津,1.42
20201111,8,CO_24h,天津,1.31
20201111,10,AQI,天津,139.0
20201111,10,PM2.5,天津,106.0
20201111,10,PM2.5_24h,天津,94.0
20201111,10,PM10,天津,154.0
20201111,10,PM10_24h,天津,132.0
20201111,10,SO2,天津,28.0
20201111,10,SO2_24h,天津,22.0
20201111,10,NO2,天津,78.0
20201111,10,NO2_24h,天津,91.0
20201111,10,O3,天津,33.0
20201111,10,O3_24h,天津,62.0
20201111,10,O3_8h,天津,8.0
20201111,10,O3_8h_24h,天津,9.0
20201111,10,CO,天津,1.17
20201111,10,CO_24h,天津,1.29
20201111,11,AQI,天津,133.0
20201111,11,PM2.5,天津,101.0
20201111,11,PM2.5_24h,天津,94.0
20201111,11,PM10,天津,158.0
20201111,11,PM10_24h,天津,132.0
20201111,11,SO2,天津,25.0
20201111,11,SO2_24h,天津,21.0
20201111,11,NO2,天津,63.0
20201111,11,NO2_24h,天津,90.0
20201111,11,O3,天津,54.0
20201111,11,O3_24h,天津,65.0
20201111,11,O3_8h,天津,15.0
20201111,11,O3_8h_24h,天津,15.0
20201111,11,CO,天津,1.16
20201111,11,CO_24h,天津,1.29
20201111,12,AQI,天津,141.0
20201111,12,PM2.5,天津,108.0
20201111,12,PM2.5_24h,天津,96.0
20201111,12,PM10,天津,162.0
20201111,12,PM10_24h,天津,134.0
20201111,12,SO2,天津,21.0
20201111,12,SO2_24h,天津,21.0
20201111,12,NO2,天津,52.0
20201111,12,NO2_24h,天津,89.0
20201111,12,O3,天津,75.0
20201111,12,O3_24h,天津,76.0
20201111,12,O3_8h,天津,22.0
20201111,12,O3_8h_24h,天津,22.0
20201111,12,CO,天津,1.05
20201111,12,CO_24h,天津,1.27
20201111,13,AQI,天津,138.0
20201111,13,PM2.5,天津,105.0
20201111,13,PM2.5_24h,天津,97.0
20201111,13,PM10,天津,149.0
20201111,13,PM10_24h,天津,134.0
20201111,13,SO2,天津,19.0
20201111,13,SO2_24h,天津,21.0
20201111,13,NO2,天津,42.0
20201111,13,NO2_24h,天津,89.0
20201111,13,O3,天津,97.0
20201111,13,O3_24h,天津,94.0
20201111,13,O3_8h,天津,32.0
20201111,13,O3_8h_24h,天津,32.0
20201111,13,CO,天津,0.97
20201111,13,CO_24h,天津,1.25
20201111,14,AQI,天津,134.0
20201111,14,PM2.5,天津,102.0
20201111,14,PM2.5_24h,天津,98.0
20201111,14,PM10,天津,152.0
20201111,14,PM10_24h,天津,136.0
20201111,14,SO2,天津,18.0
20201111,14,SO2_24h,天津,21.0
20201111,14,NO2,天津,35.0
20201111,14,NO2_24h,天津,88.0
20201111,14,O3,天津,120.0
20201111,14,O3_24h,天津,120.0
20201111,14,O3_8h,天津,48.0
20201111,14,O3_8h_24h,天津,48.0
20201111,14,CO,天津,0.88
20201111,14,CO_24h,天津,1.24
20201111,15,AQI,天津,128.0
20201111,15,PM2.5,天津,97.0
20201111,15,PM2.5_24h,天津,98.0
20201111,15,PM10,天津,148.0
20201111,15,PM10_24h,天津,137.0
20201111,15,SO2,天津,17.0
20201111,15,SO2_24h,天津,20.0
20201111,15,NO2,天津,34.0
20201111,15,NO2_24h,天津,88.0
20201111,15,O3,天津,129.0
20201111,15,O3_24h,天津,129.0
20201111,15,O3_8h,天津,66.0
20201111,15,O3_8h_24h,天津,66.0
20201111,15,CO,天津,0.84
20201111,15,CO_24h,天津,1.25
20201111,16,AQI,天津,124.0
20201111,16,PM2.5,天津,94.0
20201111,16,PM2.5_24h,天津,99.0
20201111,16,PM10,天津,143.0
20201111,16,PM10_24h,天津,139.0
20201111,16,SO2,天津,15.0
20201111,16,SO2_24h,天津,20.0
20201111,16,NO2,天津,43.0
20201111,16,NO2_24h,天津,87.0
20201111,16,O3,天津,119.0
20201111,16,O3_24h,天津,131.0
20201111,16,O3_8h,天津,82.0
20201111,16,O3_8h_24h,天津,82.0
20201111,16,CO,天津,0.85
20201111,16,CO_24h,天津,1.25
20201111,17,AQI,天津,116.0
20201111,17,PM2.5,天津,88.0
20201111,17,PM2.5_24h,天津,100.0
20201111,17,PM10,天津,143.0
20201111,17,PM10_24h,天津,140.0
20201111,17,SO2,天津,14.0
20201111,17,SO2_24h,天津,20.0
20201111,17,NO2,天津,67.0
20201111,17,NO2_24h,天津,89.0
20201111,17,O3,天津,90.0
20201111,17,O3_24h,天津,124.0
20201111,17,O3_8h,天津,94.0
20201111,17,O3_8h_24h,天津,87.0
20201111,17,CO,天津,0.93
20201111,17,CO_24h,天津,1.26
20201111,18,AQI,天津,123.0
20201111,18,PM2.5,天津,93.0
20201111,18,PM2.5_24h,天津,100.0
20201111,18,PM10,天津,148.0
20201111,18,PM10_24h,天津,140.0
20201111,18,SO2,天津,13.0
20201111,18,SO2_24h,天津,20.0
20201111,18,NO2,天津,93.0
20201111,18,NO2_24h,天津,89.0
20201111,18,O3,天津,58.0
20201111,18,O3_24h,天津,128.0
20201111,18,O3_8h,天津,94.0
20201111,18,O3_8h_24h,天津,96.0
20201111,18,CO,天津,1.11
20201111,18,CO_24h,天津,1.26
20201111,19,AQI,天津,130.0
20201111,19,PM2.5,天津,99.0
20201111,19,PM2.5_24h,天津,100.0
20201111,19,PM10,天津,168.0
20201111,19,PM10_24h,天津,140.0
20201111,19,SO2,天津,12.0
20201111,19,SO2_24h,天津,20.0
20201111,19,NO2,天津,122.0
20201111,19,NO2_24h,天津,90.0
20201111,19,O3,天津,34.0
20201111,19,O3_24h,天津,128.0
20201111,19,O3_8h,天津,88.0
20201111,19,O3_8h_24h,天津,97.0
20201111,19,CO,天津,1.31
20201111,19,CO_24h,天津,1.26
20201111,20,AQI,天津,138.0
20201111,20,PM2.5,天津,105.0
20201111,20,PM2.5_24h,天津,101.0
20201111,20,PM10,天津,175.0
20201111,20,PM10_24h,天津,141.0
20201111,20,SO2,天津,12.0
20201111,20,SO2_24h,天津,19.0
20201111,20,NO2,天津,125.0
20201111,20,NO2_24h,天津,90.0
20201111,20,O3,天津,23.0
20201111,20,O3_24h,天津,128.0
20201111,20,O3_8h,天津,81.0
20201111,20,O3_8h_24h,天津,97.0
20201111,20,CO,天津,1.37
20201111,20,CO_24h,天津,1.25
20201111,21,AQI,天津,135.0
20201111,21,PM2.5,天津,103.0
20201111,21,PM2.5_24h,天津,101.0
20201111,21,PM10,天津,159.0
20201111,21,PM10_24h,天津,140.0
20201111,21,SO2,天津,13.0
20201111,21,SO2_24h,天津,19.0
20201111,21,NO2,天津,107.0
20201111,21,NO2_24h,天津,90.0
20201111,21,O3,天津,38.0
20201111,21,O3_24h,天津,128.0
20201111,21,O3_8h,天津,74.0
20201111,21,O3_8h_24h,天津,97.0
20201111,21,CO,天津,1.18
20201111,21,CO_24h,天津,1.25
20201111,22,AQI,天津,129.0
20201111,22,PM2.5,天津,98.0
20201111,22,PM2.5_24h,天津,101.0
20201111,22,PM10,天津,140.0
20201111,22,PM10_24h,天津,140.0
20201111,22,SO2,天津,15.0
20201111,22,SO2_24h,天津,19.0
20201111,22,NO2,天津,84.0
20201111,22,NO2_24h,天津,89.0
20201111,22,O3,天津,53.0
20201111,22,O3_24h,天津,129.0
20201111,22,O3_8h,天津,66.0
20201111,22,O3_8h_24h,天津,97.0
20201111,22,CO,天津,1.01
20201111,22,CO_24h,天津,1.23
20201111,23,AQI,天津,128.0
20201111,23,PM2.5,天津,97.0
20201111,23,PM2.5_24h,天津,101.0
20201111,23,PM10,天津,135.0
20201111,23,PM10_24h,天津,139.0
20201111,23,SO2,天津,16.0
20201111,23,SO2_24h,天津,19.0
20201111,23,NO2,天津,81.0
20201111,23,NO2_24h,天津,87.0
20201111,23,O3,天津,52.0
20201111,23,O3_24h,天津,129.0
20201111,23,O3_8h,天津,57.0
20201111,23,O3_8h_24h,天津,97.0
20201111,23,CO,天津,0.96
20201111,23,CO_24h,天津,1.21
20201111,0,AQI,石家庄,138.0
20201111,0,PM2.5,石家庄,105.0
20201111,0,PM2.5_24h,石家庄,69.0
20201111,0,PM10,石家庄,204.0
20201111,0,PM10_24h,石家庄,153.0
20201111,0,SO2,石家庄,18.0
20201111,0,SO2_24h,石家庄,22.0
20201111,0,NO2,石家庄,102.0
20201111,0,NO2_24h,石家庄,73.0
20201111,0,O3,石家庄,4.0
20201111,0,O3_24h,石家庄,64.0
20201111,0,O3_8h,石家庄,21.0
20201111,0,O3_8h_24h,石家庄,44.0
20201111,0,CO,石家庄,1.36
20201111,0,CO_24h,石家庄,1.16
20201111,1,AQI,石家庄,122.0
20201111,1,PM2.5,石家庄,92.0
20201111,1,PM2.5_24h,石家庄,71.0
20201111,1,PM10,石家庄,193.0
20201111,1,PM10_24h,石家庄,155.0
20201111,1,SO2,石家庄,19.0
20201111,1,SO2_24h,石家庄,22.0
20201111,1,NO2,石家庄,97.0
20201111,1,NO2_24h,石家庄,74.0
20201111,1,O3,石家庄,4.0
20201111,1,O3_24h,石家庄,64.0
20201111,1,O3_8h,石家庄,4.0
20201111,1,O3_8h_24h,石家庄,4.0
20201111,1,CO,石家庄,1.33
20201111,1,CO_24h,石家庄,1.17
20201111,2,AQI,石家庄,118.0
20201111,2,PM2.5,石家庄,88.0
20201111,2,PM2.5_24h,石家庄,73.0
20201111,2,PM10,石家庄,186.0
20201111,2,PM10_24h,石家庄,159.0
20201111,2,SO2,石家庄,20.0
20201111,2,SO2_24h,石家庄,22.0
20201111,2,NO2,石家庄,91.0
20201111,2,NO2_24h,石家庄,74.0
20201111,2,O3,石家庄,4.0
20201111,2,O3_24h,石家庄,61.0
20201111,2,O3_8h,石家庄,4.0
20201111,2,O3_8h_24h,石家庄,4.0
20201111,2,CO,石家庄,1.45
20201111,2,CO_24h,石家庄,1.2
20201111,3,AQI,石家庄,117.0
20201111,3,PM2.5,石家庄,80.0
20201111,3,PM2.5_24h,石家庄,74.0
20201111,3,PM10,石家庄,183.0
20201111,3,PM10_24h,石家庄,162.0
20201111,3,SO2,石家庄,20.0
20201111,3,SO2_24h,石家庄,22.0
20201111,3,NO2,石家庄,86.0
20201111,3,NO2_24h,石家庄,75.0
20201111,3,O3,石家庄,4.0
20201111,3,O3_24h,石家庄,61.0
20201111,3,O3_8h,石家庄,4.0
20201111,3,O3_8h_24h,石家庄,4.0
20201111,3,CO,石家庄,1.58
20201111,3,CO_24h,石家庄,1.23
20201111,4,AQI,石家庄,112.0
20201111,4,PM2.5,石家庄,79.0
20201111,4,PM2.5_24h,石家庄,75.0
20201111,4,PM10,石家庄,173.0
20201111,4,PM10_24h,石家庄,164.0
20201111,4,SO2,石家庄,20.0
20201111,4,SO2_24h,石家庄,22.0
20201111,4,NO2,石家庄,82.0
20201111,4,NO2_24h,石家庄,76.0
20201111,4,O3,石家庄,4.0
20201111,4,O3_24h,石家庄,61.0
20201111,4,O3_8h,石家庄,4.0
20201111,4,O3_8h_24h,石家庄,4.0
20201111,4,CO,石家庄,1.63
20201111,4,CO_24h,石家庄,1.25
20201111,5,AQI,石家庄,110.0
20201111,5,PM2.5,石家庄,83.0
20201111,5,PM2.5_24h,石家庄,77.0
20201111,5,PM10,石家庄,169.0
20201111,5,PM10_24h,石家庄,166.0
20201111,5,SO2,石家庄,18.0
20201111,5,SO2_24h,石家庄,22.0
20201111,5,NO2,石家庄,79.0
20201111,5,NO2_24h,石家庄,76.0
20201111,5,O3,石家庄,4.0
20201111,5,O3_24h,石家庄,61.0
20201111,5,O3_8h,石家庄,4.0
20201111,5,O3_8h_24h,石家庄,4.0
20201111,5,CO,石家庄,1.68
20201111,5,CO_24h,石家庄,1.25
20201111,6,AQI,石家庄,109.0
20201111,6,PM2.5,石家庄,81.0
20201111,6,PM2.5_24h,石家庄,78.0
20201111,6,PM10,石家庄,167.0
20201111,6,PM10_24h,石家庄,167.0
20201111,6,SO2,石家庄,17.0
20201111,6,SO2_24h,石家庄,22.0
20201111,6,NO2,石家庄,76.0
20201111,6,NO2_24h,石家庄,77.0
20201111,6,O3,石家庄,3.0
20201111,6,O3_24h,石家庄,61.0
20201111,6,O3_8h,石家庄,4.0
20201111,6,O3_8h_24h,石家庄,4.0
20201111,6,CO,石家庄,1.7
20201111,6,CO_24h,石家庄,1.28
20201111,8,AQI,石家庄,114.0
20201111,8,PM2.5,石家庄,83.0
20201111,8,PM2.5_24h,石家庄,81.0
20201111,8,PM10,石家庄,177.0
20201111,8,PM10_24h,石家庄,171.0
20201111,8,SO2,石家庄,19.0
20201111,8,SO2_24h,石家庄,22.0
20201111,8,NO2,石家庄,71.0
20201111,8,NO2_24h,石家庄,78.0
20201111,8,O3,石家庄,4.0
20201111,8,O3_24h,石家庄,61.0
20201111,8,O3_8h,石家庄,4.0
20201111,8,O3_8h_24h,石家庄,4.0
20201111,8,CO,石家庄,1.88
20201111,8,CO_24h,石家庄,1.35
20201111,10,AQI,石家庄,117.0
20201111,10,PM2.5,石家庄,76.0
20201111,10,PM2.5_24h,石家庄,82.0
20201111,10,PM10,石家庄,184.0
20201111,10,PM10_24h,石家庄,170.0
20201111,10,SO2,石家庄,27.0
20201111,10,SO2_24h,石家庄,23.0
20201111,10,NO2,石家庄,84.0
20201111,10,NO2_24h,石家庄,79.0
20201111,10,O3,石家庄,8.0
20201111,10,O3_24h,石家庄,64.0
20201111,10,O3_8h,石家庄,5.0
20201111,10,O3_8h_24h,石家庄,5.0
20201111,10,CO,石家庄,1.93
20201111,10,CO_24h,石家庄,1.37
20201111,11,AQI,石家庄,118.0
20201111,11,PM2.5,石家庄,81.0
20201111,11,PM2.5_24h,石家庄,83.0
20201111,11,PM10,石家庄,185.0
20201111,11,PM10_24h,石家庄,174.0
20201111,11,SO2,石家庄,30.0
20201111,11,SO2_24h,石家庄,23.0
20201111,11,NO2,石家庄,89.0
20201111,11,NO2_24h,石家庄,80.0
20201111,11,O3,石家庄,17.0
20201111,11,O3_24h,石家庄,64.0
20201111,11,O3_8h,石家庄,7.0
20201111,11,O3_8h_24h,石家庄,7.0
20201111,11,CO,石家庄,1.63
20201111,11,CO_24h,石家庄,1.39
20201111,12,AQI,石家庄,125.0
20201111,12,PM2.5,石家庄,94.0
20201111,12,PM2.5_24h,石家庄,86.0
20201111,12,PM10,石家庄,200.0
20201111,12,PM10_24h,石家庄,178.0
20201111,12,SO2,石家庄,32.0
20201111,12,SO2_24h,石家庄,23.0
20201111,12,NO2,石家庄,88.0
20201111,12,NO2_24h,石家庄,81.0
20201111,12,O3,石家庄,28.0
20201111,12,O3_24h,石家庄,64.0
20201111,12,O3_8h,石家庄,10.0
20201111,12,O3_8h_24h,石家庄,10.0
20201111,12,CO,石家庄,1.49
20201111,12,CO_24h,石家庄,1.4
20201111,13,AQI,石家庄,145.0
20201111,13,PM2.5,石家庄,111.0
20201111,13,PM2.5_24h,石家庄,89.0
20201111,13,PM10,石家庄,221.0
20201111,13,PM10_24h,石家庄,183.0
20201111,13,SO2,石家庄,33.0
20201111,13,SO2_24h,石家庄,24.0
20201111,13,NO2,石家庄,89.0
20201111,13,NO2_24h,石家庄,83.0
20201111,13,O3,石家庄,42.0
20201111,13,O3_24h,石家庄,64.0
20201111,13,O3_8h,石家庄,14.0
20201111,13,O3_8h_24h,石家庄,14.0
20201111,13,CO,石家庄,1.39
20201111,13,CO_24h,石家庄,1.43
20201111,14,AQI,石家庄,179.0
20201111,14,PM2.5,石家庄,135.0
20201111,14,PM2.5_24h,石家庄,93.0
20201111,14,PM10,石家庄,246.0
20201111,14,PM10_24h,石家庄,189.0
20201111,14,SO2,石家庄,37.0
20201111,14,SO2_24h,石家庄,24.0
20201111,14,NO2,石家庄,82.0
20201111,14,NO2_24h,石家庄,84.0
20201111,14,O3,石家庄,66.0
20201111,14,O3_24h,石家庄,68.0
20201111,14,O3_8h,石家庄,22.0
20201111,14,O3_8h_24h,石家庄,22.0
20201111,14,CO,石家庄,1.32
20201111,14,CO_24h,石家庄,1.43
20201111,15,AQI,石家庄,213.0
20201111,15,PM2.5,石家庄,163.0
20201111,15,PM2.5_24h,石家庄,97.0
20201111,15,PM10,石家庄,275.0
20201111,15,PM10_24h,石家庄,195.0
20201111,15,SO2,石家庄,41.0
20201111,15,SO2_24h,石家庄,25.0
20201111,15,NO2,石家庄,86.0
20201111,15,NO2_24h,石家庄,86.0
20201111,15,O3,石家庄,79.0
20201111,15,O3_24h,石家庄,79.0
20201111,15,O3_8h,石家庄,31.0
20201111,15,O3_8h_24h,石家庄,31.0
20201111,15,CO,石家庄,1.7
20201111,15,CO_24h,石家庄,1.49
20201111,16,AQI,石家庄,222.0
20201111,16,PM2.5,石家庄,172.0
20201111,16,PM2.5_24h,石家庄,101.0
20201111,16,PM10,石家庄,283.0
20201111,16,PM10_24h,石家庄,203.0
20201111,16,SO2,石家庄,43.0
20201111,16,SO2_24h,石家庄,26.0
20201111,16,NO2,石家庄,90.0
20201111,16,NO2_24h,石家庄,88.0
20201111,16,O3,石家庄,81.0
20201111,16,O3_24h,石家庄,84.0
20201111,16,O3_8h,石家庄,40.0
20201111,16,O3_8h_24h,石家庄,40.0
20201111,16,CO,石家庄,2.13
20201111,16,CO_24h,石家庄,1.55
20201111,17,AQI,石家庄,218.0
20201111,17,PM2.5,石家庄,168.0
20201111,17,PM2.5_24h,石家庄,104.0
20201111,17,PM10,石家庄,277.0
20201111,17,PM10_24h,石家庄,206.0
20201111,17,SO2,石家庄,40.0
20201111,17,SO2_24h,石家庄,27.0
20201111,17,NO2,石家庄,112.0
20201111,17,NO2_24h,石家庄,90.0
20201111,17,O3,石家庄,53.0
20201111,17,O3_24h,石家庄,84.0
20201111,17,O3_8h,石家庄,46.0
20201111,17,O3_8h_24h,石家庄,46.0
20201111,17,CO,石家庄,2.32
20201111,17,CO_24h,石家庄,1.6
20201111,18,AQI,石家庄,214.0
20201111,18,PM2.5,石家庄,164.0
20201111,18,PM2.5_24h,石家庄,106.0
20201111,18,PM10,石家庄,285.0
20201111,18,PM10_24h,石家庄,209.0
20201111,18,SO2,石家庄,32.0
20201111,18,SO2_24h,石家庄,27.0
20201111,18,NO2,石家庄,130.0
20201111,18,NO2_24h,石家庄,92.0
20201111,18,O3,石家庄,28.0
20201111,18,O3_24h,石家庄,84.0
20201111,18,O3_8h,石家庄,49.0
20201111,18,O3_8h_24h,石家庄,49.0
20201111,18,CO,石家庄,2.25
20201111,18,CO_24h,石家庄,1.67
20201111,19,AQI,石家庄,225.0
20201111,19,PM2.5,石家庄,175.0
20201111,19,PM2.5_24h,石家庄,109.0
20201111,19,PM10,石家庄,321.0
20201111,19,PM10_24h,石家庄,214.0
20201111,19,SO2,石家庄,29.0
20201111,19,SO2_24h,石家庄,27.0
20201111,19,NO2,石家庄,150.0
20201111,19,NO2_24h,石家庄,94.0
20201111,19,O3,石家庄,7.0
20201111,19,O3_24h,石家庄,84.0
20201111,19,O3_8h,石家庄,48.0
20201111,19,O3_8h_24h,石家庄,49.0
20201111,19,CO,石家庄,2.45
20201111,19,CO_24h,石家庄,1.73
20201111,20,AQI,石家庄,241.0
20201111,20,PM2.5,石家庄,191.0
20201111,20,PM2.5_24h,石家庄,113.0
20201111,20,PM10,石家庄,340.0
20201111,20,PM10_24h,石家庄,220.0
20201111,20,SO2,石家庄,29.0
20201111,20,SO2_24h,石家庄,28.0
20201111,20,NO2,石家庄,145.0
20201111,20,NO2_24h,石家庄,96.0
20201111,20,O3,石家庄,10.0
20201111,20,O3_24h,石家庄,84.0
20201111,20,O3_8h,石家庄,45.0
20201111,20,O3_8h_24h,石家庄,49.0
20201111,20,CO,石家庄,2.45
20201111,20,CO_24h,石家庄,1.77
20201111,21,AQI,石家庄,241.0
20201111,21,PM2.5,石家庄,191.0
20201111,21,PM2.5_24h,石家庄,116.0
20201111,21,PM10,石家庄,335.0
20201111,21,PM10_24h,石家庄,225.0
20201111,21,SO2,石家庄,28.0
20201111,21,SO2_24h,石家庄,28.0
20201111,21,NO2,石家庄,141.0
20201111,21,NO2_24h,石家庄,97.0
20201111,21,O3,石家庄,8.0
20201111,21,O3_24h,石家庄,84.0
20201111,21,O3_8h,石家庄,41.0
20201111,21,O3_8h_24h,石家庄,49.0
20201111,21,CO,石家庄,2.48
20201111,21,CO_24h,石家庄,1.8
20201111,22,AQI,石家庄,242.0
20201111,22,PM2.5,石家庄,192.0
20201111,22,PM2.5_24h,石家庄,116.0
20201111,22,PM10,石家庄,319.0
20201111,22,PM10_24h,石家庄,223.0
20201111,22,SO2,石家庄,27.0
20201111,22,SO2_24h,石家庄,27.0
20201111,22,NO2,石家庄,114.0
20201111,22,NO2_24h,石家庄,96.0
20201111,22,O3,石家庄,9.0
20201111,22,O3_24h,石家庄,83.0
20201111,22,O3_8h,石家庄,40.0
20201111,22,O3_8h_24h,石家庄,53.0
20201111,22,CO,石家庄,2.25
20201111,22,CO_24h,石家庄,1.79
20201111,23,AQI,石家庄,222.0
20201111,23,PM2.5,石家庄,172.0
20201111,23,PM2.5_24h,石家庄,120.0
20201111,23,PM10,石家庄,286.0
20201111,23,PM10_24h,石家庄,226.0
20201111,23,SO2,石家庄,25.0
20201111,23,SO2_24h,石家庄,27.0
20201111,23,NO2,石家庄,120.0
20201111,23,NO2_24h,石家庄,97.0
20201111,23,O3,石家庄,9.0
20201111,23,O3_24h,石家庄,83.0
20201111,23,O3_8h,石家庄,24.0
20201111,23,O3_8h_24h,石家庄,53.0
20201111,23,CO,石家庄,2.04
20201111,23,CO_24h,石家庄,1.83
20201111,0,AQI,唐山,113.0
20201111,0,PM2.5,唐山,85.0
20201111,0,PM2.5_24h,唐山,69.0
20201111,0,PM10,唐山,160.0
20201111,0,PM10_24h,唐山,140.0
20201111,0,SO2,唐山,20.0
20201111,0,SO2_24h,唐山,31.0
20201111,0,NO2,唐山,103.0
20201111,0,NO2_24h,唐山,85.0
20201111,0,O3,唐山,3.0
20201111,0,O3_24h,唐山,57.0
20201111,0,O3_8h,唐山,5.0
20201111,0,O3_8h_24h,唐山,33.0
20201111,0,CO,唐山,1.2
20201111,0,CO_24h,唐山,1.35
20201111,1,AQI,唐山,123.0
20201111,1,PM2.5,唐山,93.0
20201111,1,PM2.5_24h,唐山,71.0
20201111,1,PM10,唐山,161.0
20201111,1,PM10_24h,唐山,143.0
20201111,1,SO2,唐山,19.0
20201111,1,SO2_24h,唐山,31.0
20201111,1,NO2,唐山,98.0
20201111,1,NO2_24h,唐山,86.0
20201111,1,O3,唐山,4.0
20201111,1,O3_24h,唐山,57.0
20201111,1,O3_8h,唐山,4.0
20201111,1,O3_8h_24h,唐山,4.0
20201111,1,CO,唐山,1.18
20201111,1,CO_24h,唐山,1.35
20201111,2,AQI,唐山,121.0
20201111,2,PM2.5,唐山,92.0
20201111,2,PM2.5_24h,唐山,73.0
20201111,2,PM10,唐山,152.0
20201111,2,PM10_24h,唐山,146.0
20201111,2,SO2,唐山,22.0
20201111,2,SO2_24h,唐山,30.0
20201111,2,NO2,唐山,94.0
20201111,2,NO2_24h,唐山,88.0
20201111,2,O3,唐山,5.0
20201111,2,O3_24h,唐山,57.0
20201111,2,O3_8h,唐山,5.0
20201111,2,O3_8h_24h,唐山,5.0
20201111,2,CO,唐山,1.37
20201111,2,CO_24h,唐山,1.37
20201111,3,AQI,唐山,120.0
20201111,3,PM2.5,唐山,91.0
20201111,3,PM2.5_24h,唐山,75.0
20201111,3,PM10,唐山,170.0
20201111,3,PM10_24h,唐山,149.0
20201111,3,SO2,唐山,20.0
20201111,3,SO2_24h,唐山,30.0
20201111,3,NO2,唐山,91.0
20201111,3,NO2_24h,唐山,89.0
20201111,3,O3,唐山,4.0
20201111,3,O3_24h,唐山,57.0
20201111,3,O3_8h,唐山,4.0
20201111,3,O3_8h_24h,唐山,5.0
20201111,3,CO,唐山,1.67
20201111,3,CO_24h,唐山,1.45
20201111,4,AQI,唐山,129.0
20201111,4,PM2.5,唐山,98.0
20201111,4,PM2.5_24h,唐山,77.0
20201111,4,PM10,唐山,198.0
20201111,4,PM10_24h,唐山,154.0
20201111,4,SO2,唐山,20.0
20201111,4,SO2_24h,唐山,30.0
20201111,4,NO2,唐山,88.0
20201111,4,NO2_24h,唐山,90.0
20201111,4,O3,唐山,5.0
20201111,4,O3_24h,唐山,57.0
20201111,4,O3_8h,唐山,4.0
20201111,4,O3_8h_24h,唐山,5.0
20201111,4,CO,唐山,1.88
20201111,4,CO_24h,唐山,1.5
20201111,5,AQI,唐山,144.0
20201111,5,PM2.5,唐山,110.0
20201111,5,PM2.5_24h,唐山,80.0
20201111,5,PM10,唐山,205.0
20201111,5,PM10_24h,唐山,159.0
20201111,5,SO2,唐山,23.0
20201111,5,SO2_24h,唐山,30.0
20201111,5,NO2,唐山,89.0
20201111,5,NO2_24h,唐山,91.0
20201111,5,O3,唐山,4.0
20201111,5,O3_24h,唐山,57.0
20201111,5,O3_8h,唐山,4.0
20201111,5,O3_8h_24h,唐山,5.0
20201111,5,CO,唐山,2.13
20201111,5,CO_24h,唐山,1.53
20201111,6,AQI,唐山,144.0
20201111,6,PM2.5,唐山,110.0
20201111,6,PM2.5_24h,唐山,82.0
20201111,6,PM10,唐山,225.0
20201111,6,PM10_24h,唐山,164.0
20201111,6,SO2,唐山,24.0
20201111,6,SO2_24h,唐山,30.0
20201111,6,NO2,唐山,90.0
20201111,6,NO2_24h,唐山,92.0
20201111,6,O3,唐山,5.0
20201111,6,O3_24h,唐山,57.0
20201111,6,O3_8h,唐山,4.0
20201111,6,O3_8h_24h,唐山,5.0
20201111,6,CO,唐山,2.32
20201111,6,CO_24h,唐山,1.58
20201111,7,AQI,唐山,260.0
20201111,7,PM2.5,唐山,110.0
20201111,7,PM2.5_24h,唐山,85.0
20201111,7,PM10,唐山,392.0
20201111,7,PM10_24h,唐山,200.0
20201111,7,SO2,唐山,42.0
20201111,7,SO2_24h,唐山,31.0
20201111,7,NO2,唐山,96.0
20201111,7,NO2_24h,唐山,88.0
20201111,7,O3,唐山,3.0
20201111,7,O3_24h,唐山,57.0
20201111,7,O3_8h,唐山,3.0
20201111,7,O3_8h_24h,唐山,3.0
20201111,7,CO,唐山,2.8
20201111,7,CO_24h,唐山,1.8
20201111,8,AQI,唐山,174.0
20201111,8,PM2.5,唐山,132.0
20201111,8,PM2.5_24h,唐山,88.0
20201111,8,PM10,唐山,258.0
20201111,8,PM10_24h,唐山,170.0
20201111,8,SO2,唐山,28.0
20201111,8,SO2_24h,唐山,27.0
20201111,8,NO2,唐山,99.0
20201111,8,NO2_24h,唐山,94.0
20201111,8,O3,唐山,5.0
20201111,8,O3_24h,唐山,57.0
20201111,8,O3_8h,唐山,5.0
20201111,8,O3_8h_24h,唐山,5.0
20201111,8,CO,唐山,2.9
20201111,8,CO_24h,唐山,1.6
20201111,10,AQI,唐山,187.0
20201111,10,PM2.5,唐山,141.0
20201111,10,PM2.5_24h,唐山,92.0
20201111,10,PM10,唐山,250.0
20201111,10,PM10_24h,唐山,177.0
20201111,10,SO2,唐山,50.0
20201111,10,SO2_24h,唐山,26.0
20201111,10,NO2,唐山,107.0
20201111,10,NO2_24h,唐山,96.0
20201111,10,O3,唐山,6.0
20201111,10,O3_24h,唐山,57.0
20201111,10,O3_8h,唐山,5.0
20201111,10,O3_8h_24h,唐山,6.0
20201111,10,CO,唐山,2.3
20201111,10,CO_24h,唐山,1.58
20201111,11,AQI,唐山,161.0
20201111,11,PM2.5,唐山,123.0
20201111,11,PM2.5_24h,唐山,95.0
20201111,11,PM10,唐山,227.0
20201111,11,PM10_24h,唐山,181.0
20201111,11,SO2,唐山,50.0
20201111,11,SO2_24h,唐山,26.0
20201111,11,NO2,唐山,110.0
20201111,11,NO2_24h,唐山,97.0
20201111,11,O3,唐山,9.0
20201111,11,O3_24h,唐山,57.0
20201111,11,O3_8h,唐山,5.0
20201111,11,O3_8h_24h,唐山,6.0
20201111,11,CO,唐山,2.1
20201111,11,CO_24h,唐山,1.62
20201111,12,AQI,唐山,136.0
20201111,12,PM2.5,唐山,104.0
20201111,12,PM2.5_24h,唐山,97.0
20201111,12,PM10,唐山,207.0
20201111,12,PM10_24h,唐山,185.0
20201111,12,SO2,唐山,29.0
20201111,12,SO2_24h,唐山,26.0
20201111,12,NO2,唐山,106.0
20201111,12,NO2_24h,唐山,99.0
20201111,12,O3,唐山,23.0
20201111,12,O3_24h,唐山,57.0
20201111,12,O3_8h,唐山,7.0
20201111,12,O3_8h_24h,唐山,7.0
20201111,12,CO,唐山,1.42
20201111,12,CO_24h,唐山,1.62
20201111,13,AQI,唐山,113.0
20201111,13,PM2.5,唐山,83.0
20201111,13,PM2.5_24h,唐山,98.0
20201111,13,PM10,唐山,175.0
20201111,13,PM10_24h,唐山,187.0
20201111,13,SO2,唐山,24.0
20201111,13,SO2_24h,唐山,26.0
20201111,13,NO2,唐山,72.0
20201111,13,NO2_24h,唐山,99.0
20201111,13,O3,唐山,80.0
20201111,13,O3_24h,唐山,80.0
20201111,13,O3_8h,唐山,17.0
20201111,13,O3_8h_24h,唐山,17.0
20201111,13,CO,唐山,0.98
20201111,13,CO_24h,唐山,1.6
20201111,14,AQI,唐山,110.0
20201111,14,PM2.5,唐山,83.0
20201111,14,PM2.5_24h,唐山,99.0
20201111,14,PM10,唐山,169.0
20201111,14,PM10_24h,唐山,189.0
20201111,14,SO2,唐山,21.0
20201111,14,SO2_24h,唐山,26.0
20201111,14,NO2,唐山,57.0
20201111,14,NO2_24h,唐山,99.0
20201111,14,O3,唐山,103.0
20201111,14,O3_24h,唐山,103.0
20201111,14,O3_8h,唐山,30.0
20201111,14,O3_8h_24h,唐山,30.0
20201111,14,CO,唐山,0.82
20201111,14,CO_24h,唐山,1.58
20201111,15,AQI,唐山,115.0
20201111,15,PM2.5,唐山,87.0
20201111,15,PM2.5_24h,唐山,100.0
20201111,15,PM10,唐山,180.0
20201111,15,PM10_24h,唐山,191.0
20201111,15,SO2,唐山,19.0
20201111,15,SO2_24h,唐山,26.0
20201111,15,NO2,唐山,63.0
20201111,15,NO2_24h,唐山,99.0
20201111,15,O3,唐山,100.0
20201111,15,O3_24h,唐山,106.0
20201111,15,O3_8h,唐山,42.0
20201111,15,O3_8h_24h,唐山,42.0
20201111,15,CO,唐山,0.88
20201111,15,CO_24h,唐山,1.58
20201111,16,AQI,唐山,121.0
20201111,16,PM2.5,唐山,92.0
20201111,16,PM2.5_24h,唐山,101.0
20201111,16,PM10,唐山,177.0
20201111,16,PM10_24h,唐山,194.0
20201111,16,SO2,唐山,20.0
20201111,16,SO2_24h,唐山,26.0
20201111,16,NO2,唐山,81.0
20201111,16,NO2_24h,唐山,99.0
20201111,16,O3,唐山,79.0
20201111,16,O3_24h,唐山,106.0
20201111,16,O3_8h,唐山,51.0
20201111,16,O3_8h_24h,唐山,51.0
20201111,16,CO,唐山,0.98
20201111,16,CO_24h,唐山,1.6
20201111,17,AQI,唐山,130.0
20201111,17,PM2.5,唐山,99.0
20201111,17,PM2.5_24h,唐山,102.0
20201111,17,PM10,唐山,186.0
20201111,17,PM10_24h,唐山,195.0
20201111,17,SO2,唐山,25.0
20201111,17,SO2_24h,唐山,26.0
20201111,17,NO2,唐山,103.0
20201111,17,NO2_24h,唐山,99.0
20201111,17,O3,唐山,50.0
20201111,17,O3_24h,唐山,106.0
20201111,17,O3_8h,唐山,57.0
20201111,17,O3_8h_24h,唐山,57.0
20201111,17,CO,唐山,1.58
20201111,17,CO_24h,唐山,1.62
20201111,18,AQI,唐山,144.0
20201111,18,PM2.5,唐山,110.0
20201111,18,PM2.5_24h,唐山,103.0
20201111,18,PM10,唐山,204.0
20201111,18,PM10_24h,唐山,197.0
20201111,18,SO2,唐山,25.0
20201111,18,SO2_24h,唐山,26.0
20201111,18,NO2,唐山,124.0
20201111,18,NO2_24h,唐山,98.0
20201111,18,O3,唐山,24.0
20201111,18,O3_24h,唐山,106.0
20201111,18,O3_8h,唐山,60.0
20201111,18,O3_8h_24h,唐山,60.0
20201111,18,CO,唐山,1.63
20201111,18,CO_24h,唐山,1.62
20201111,19,AQI,唐山,163.0
20201111,19,PM2.5,唐山,124.0
20201111,19,PM2.5_24h,唐山,104.0
20201111,19,PM10,唐山,215.0
20201111,19,PM10_24h,唐山,198.0
20201111,19,SO2,唐山,26.0
20201111,19,SO2_24h,唐山,26.0
20201111,19,NO2,唐山,136.0
20201111,19,NO2_24h,唐山,99.0
20201111,19,O3,唐山,15.0
20201111,19,O3_24h,唐山,106.0
20201111,19,O3_8h,唐山,64.0
20201111,19,O3_8h_24h,唐山,64.0
20201111,19,CO,唐山,1.9
20201111,19,CO_24h,唐山,1.62
20201111,20,AQI,唐山,181.0
20201111,20,PM2.5,唐山,137.0
20201111,20,PM2.5_24h,唐山,105.0
20201111,20,PM10,唐山,231.0
20201111,20,PM10_24h,唐山,199.0
20201111,20,SO2,唐山,28.0
20201111,20,SO2_24h,唐山,26.0
20201111,20,NO2,唐山,130.0
20201111,20,NO2_24h,唐山,99.0
20201111,20,O3,唐山,17.0
20201111,20,O3_24h,唐山,106.0
20201111,20,O3_8h,唐山,63.0
20201111,20,O3_8h_24h,唐山,65.0
20201111,20,CO,唐山,2.06
20201111,20,CO_24h,唐山,1.7
20201111,21,AQI,唐山,144.0
20201111,21,PM2.5,唐山,110.0
20201111,21,PM2.5_24h,唐山,106.0
20201111,21,PM10,唐山,228.0
20201111,21,PM10_24h,唐山,201.0
20201111,21,SO2,唐山,30.0
20201111,21,SO2_24h,唐山,26.0
20201111,21,NO2,唐山,132.0
20201111,21,NO2_24h,唐山,99.0
20201111,21,O3,唐山,14.0
20201111,21,O3_24h,唐山,106.0
20201111,21,O3_8h,唐山,55.0
20201111,21,O3_8h_24h,唐山,65.0
20201111,21,CO,唐山,2.08
20201111,21,CO_24h,唐山,1.7
20201111,22,AQI,唐山,181.0
20201111,22,PM2.5,唐山,137.0
20201111,22,PM2.5_24h,唐山,107.0
20201111,22,PM10,唐山,238.0
20201111,22,PM10_24h,唐山,203.0
20201111,22,SO2,唐山,29.0
20201111,22,SO2_24h,唐山,26.0
20201111,22,NO2,唐山,132.0
20201111,22,NO2_24h,唐山,101.0
20201111,22,O3,唐山,10.0
20201111,22,O3_24h,唐山,106.0
20201111,22,O3_8h,唐山,43.0
20201111,22,O3_8h_24h,唐山,65.0
20201111,22,CO,唐山,2.02
20201111,22,CO_24h,唐山,1.75
20201111,23,AQI,唐山,191.0
20201111,23,PM2.5,唐山,144.0
20201111,23,PM2.5_24h,唐山,110.0
20201111,23,PM10,唐山,234.0
20201111,23,PM10_24h,唐山,206.0
20201111,23,SO2,唐山,25.0
20201111,23,SO2_24h,唐山,26.0
20201111,23,NO2,唐山,128.0
20201111,23,NO2_24h,唐山,101.0
20201111,23,O3,唐山,6.0
20201111,23,O3_24h,唐山,106.0
20201111,23,O3_8h,唐山,30.0
20201111,23,O3_8h_24h,唐山,65.0
20201111,23,CO,唐山,1.96
20201111,23,CO_24h,唐山,1.75
20201111,0,AQI,秦皇岛,119.0
20201111,0,PM2.5,秦皇岛,90.0
20201111,0,PM2.5_24h,秦皇岛,40.0
20201111,0,PM10,秦皇岛,167.0
20201111,0,PM10_24h,秦皇岛,85.0
20201111,0,SO2,秦皇岛,53.0
20201111,0,SO2_24h,秦皇岛,21.0
20201111,0,NO2,秦皇岛,104.0
20201111,0,NO2_24h,秦皇岛,56.0
20201111,0,O3,秦皇岛,6.0
20201111,0,O3_24h,秦皇岛,43.0
20201111,0,O3_8h,秦皇岛,13.0
20201111,0,O3_8h_24h,秦皇岛,35.0
20201111,0,CO,秦皇岛,2.96
20201111,0,CO_24h,秦皇岛,1.02
20201111,1,AQI,秦皇岛,121.0
20201111,1,PM2.5,秦皇岛,92.0
20201111,1,PM2.5_24h,秦皇岛,43.0
20201111,1,PM10,秦皇岛,177.0
20201111,1,PM10_24h,秦皇岛,90.0
20201111,1,SO2,秦皇岛,65.0
20201111,1,SO2_24h,秦皇岛,23.0
20201111,1,NO2,秦皇岛,105.0
20201111,1,NO2_24h,秦皇岛,58.0
20201111,1,O3,秦皇岛,6.0
20201111,1,O3_24h,秦皇岛,43.0
20201111,1,O3_8h,秦皇岛,6.0
20201111,1,O3_8h_24h,秦皇岛,6.0
20201111,1,CO,秦皇岛,3.28
20201111,1,CO_24h,秦皇岛,1.14
20201111,2,AQI,秦皇岛,121.0
20201111,2,PM2.5,秦皇岛,92.0
20201111,2,PM2.5_24h,秦皇岛,46.0
20201111,2,PM10,秦皇岛,178.0
20201111,2,PM10_24h,秦皇岛,95.0
20201111,2,SO2,秦皇岛,66.0
20201111,2,SO2_24h,秦皇岛,26.0
20201111,2,NO2,秦皇岛,106.0
20201111,2,NO2_24h,秦皇岛,62.0
20201111,2,O3,秦皇岛,5.0
20201111,2,O3_24h,秦皇岛,42.0
20201111,2,O3_8h,秦皇岛,6.0
20201111,2,O3_8h_24h,秦皇岛,6.0
20201111,2,CO,秦皇岛,3.1
20201111,2,CO_24h,秦皇岛,1.24
20201111,3,AQI,秦皇岛,125.0
20201111,3,PM2.5,秦皇岛,95.0
20201111,3,PM2.5_24h,秦皇岛,49.0
20201111,3,PM10,秦皇岛,178.0
20201111,3,PM10_24h,秦皇岛,101.0
20201111,3,SO2,秦皇岛,72.0
20201111,3,SO2_24h,秦皇岛,28.0
20201111,3,NO2,秦皇岛,105.0
20201111,3,NO2_24h,秦皇岛,65.0
20201111,3,O3,秦皇岛,5.0
20201111,3,O3_24h,秦皇岛,42.0
20201111,3,O3_8h,秦皇岛,6.0
20201111,3,O3_8h_24h,秦皇岛,6.0
20201111,3,CO,秦皇岛,3.7
20201111,3,CO_24h,秦皇岛,1.4
20201111,4,AQI,秦皇岛,129.0
20201111,4,PM2.5,秦皇岛,98.0
20201111,4,PM2.5_24h,秦皇岛,52.0
20201111,4,PM10,秦皇岛,177.0
20201111,4,PM10_24h,秦皇岛,106.0
20201111,4,SO2,秦皇岛,70.0
20201111,4,SO2_24h,秦皇岛,30.0
20201111,4,NO2,秦皇岛,103.0
20201111,4,NO2_24h,秦皇岛,68.0
20201111,4,O3,秦皇岛,5.0
20201111,4,O3_24h,秦皇岛,42.0
20201111,4,O3_8h,秦皇岛,6.0
20201111,4,O3_8h_24h,秦皇岛,6.0
20201111,4,CO,秦皇岛,3.7
20201111,4,CO_24h,秦皇岛,1.54
20201111,5,AQI,秦皇岛,120.0
20201111,5,PM2.5,秦皇岛,91.0
20201111,5,PM2.5_24h,秦皇岛,55.0
20201111,5,PM10,秦皇岛,174.0
20201111,5,PM10_24h,秦皇岛,111.0
20201111,5,SO2,秦皇岛,63.0
20201111,5,SO2_24h,秦皇岛,32.0
20201111,5,NO2,秦皇岛,101.0
20201111,5,NO2_24h,秦皇岛,70.0
20201111,5,O3,秦皇岛,5.0
20201111,5,O3_24h,秦皇岛,42.0
20201111,5,O3_8h,秦皇岛,5.0
20201111,5,O3_8h_24h,秦皇岛,6.0
20201111,5,CO,秦皇岛,3.38
20201111,5,CO_24h,秦皇岛,1.64
20201111,6,AQI,秦皇岛,123.0
20201111,6,PM2.5,秦皇岛,93.0
20201111,6,PM2.5_24h,秦皇岛,58.0
20201111,6,PM10,秦皇岛,167.0
20201111,6,PM10_24h,秦皇岛,116.0
20201111,6,SO2,秦皇岛,63.0
20201111,6,SO2_24h,秦皇岛,35.0
20201111,6,NO2,秦皇岛,102.0
20201111,6,NO2_24h,秦皇岛,72.0
20201111,6,O3,秦皇岛,5.0
20201111,6,O3_24h,秦皇岛,42.0
20201111,6,O3_8h,秦皇岛,5.0
20201111,6,O3_8h_24h,秦皇岛,6.0
20201111,6,CO,秦皇岛,3.38
20201111,6,CO_24h,秦皇岛,1.78
20201111,8,AQI,秦皇岛,126.0
20201111,8,PM2.5,秦皇岛,96.0
20201111,8,PM2.5_24h,秦皇岛,64.0
20201111,8,PM10,秦皇岛,171.0
20201111,8,PM10_24h,秦皇岛,124.0
20201111,8,SO2,秦皇岛,59.0
20201111,8,SO2_24h,秦皇岛,38.0
20201111,8,NO2,秦皇岛,98.0
20201111,8,NO2_24h,秦皇岛,77.0
20201111,8,O3,秦皇岛,10.0
20201111,8,O3_24h,秦皇岛,42.0
20201111,8,O3_8h,秦皇岛,6.0
20201111,8,O3_8h_24h,秦皇岛,7.0
20201111,8,CO,秦皇岛,3.54
20201111,8,CO_24h,秦皇岛,2.02
20201111,10,AQI,秦皇岛,126.0
20201111,10,PM2.5,秦皇岛,96.0
20201111,10,PM2.5_24h,秦皇岛,70.0
20201111,10,PM10,秦皇岛,182.0
20201111,10,PM10_24h,秦皇岛,133.0
20201111,10,SO2,秦皇岛,60.0
20201111,10,SO2_24h,秦皇岛,42.0
20201111,10,NO2,秦皇岛,94.0
20201111,10,NO2_24h,秦皇岛,81.0
20201111,10,O3,秦皇岛,24.0
20201111,10,O3_24h,秦皇岛,42.0
20201111,10,O3_8h,秦皇岛,9.0
20201111,10,O3_8h_24h,秦皇岛,10.0
20201111,10,CO,秦皇岛,3.8
20201111,10,CO_24h,秦皇岛,2.24
20201111,11,AQI,秦皇岛,131.0
20201111,11,PM2.5,秦皇岛,100.0
20201111,11,PM2.5_24h,秦皇岛,73.0
20201111,11,PM10,秦皇岛,185.0
20201111,11,PM10_24h,秦皇岛,138.0
20201111,11,SO2,秦皇岛,68.0
20201111,11,SO2_24h,秦皇岛,44.0
20201111,11,NO2,秦皇岛,87.0
20201111,11,NO2_24h,秦皇岛,83.0
20201111,11,O3,秦皇岛,37.0
20201111,11,O3_24h,秦皇岛,43.0
20201111,11,O3_8h,秦皇岛,13.0
20201111,11,O3_8h_24h,秦皇岛,13.0
20201111,11,CO,秦皇岛,3.66
20201111,11,CO_24h,秦皇岛,2.38
20201111,12,AQI,秦皇岛,149.0
20201111,12,PM2.5,秦皇岛,114.0
20201111,12,PM2.5_24h,秦皇岛,77.0
20201111,12,PM10,秦皇岛,190.0
20201111,12,PM10_24h,秦皇岛,143.0
20201111,12,SO2,秦皇岛,68.0
20201111,12,SO2_24h,秦皇岛,46.0
20201111,12,NO2,秦皇岛,83.0
20201111,12,NO2_24h,秦皇岛,85.0
20201111,12,O3,秦皇岛,46.0
20201111,12,O3_24h,秦皇岛,49.0
20201111,12,O3_8h,秦皇岛,19.0
20201111,12,O3_8h_24h,秦皇岛,19.0
20201111,12,CO,秦皇岛,3.1
20201111,12,CO_24h,秦皇岛,2.48
20201111,13,AQI,秦皇岛,140.0
20201111,13,PM2.5,秦皇岛,107.0
20201111,13,PM2.5_24h,秦皇岛,81.0
20201111,13,PM10,秦皇岛,184.0
20201111,13,PM10_24h,秦皇岛,148.0
20201111,13,SO2,秦皇岛,67.0
20201111,13,SO2_24h,秦皇岛,48.0
20201111,13,NO2,秦皇岛,78.0
20201111,13,NO2_24h,秦皇岛,87.0
20201111,13,O3,秦皇岛,60.0
20201111,13,O3_24h,秦皇岛,60.0
20201111,13,O3_8h,秦皇岛,26.0
20201111,13,O3_8h_24h,秦皇岛,26.0
20201111,13,CO,秦皇岛,2.54
20201111,13,CO_24h,秦皇岛,2.56
20201111,14,AQI,秦皇岛,130.0
20201111,14,PM2.5,秦皇岛,99.0
20201111,14,PM2.5_24h,秦皇岛,84.0
20201111,14,PM10,秦皇岛,183.0
20201111,14,PM10_24h,秦皇岛,153.0
20201111,14,SO2,秦皇岛,50.0
20201111,14,SO2_24h,秦皇岛,49.0
20201111,14,NO2,秦皇岛,73.0
20201111,14,NO2_24h,秦皇岛,88.0
20201111,14,O3,秦皇岛,78.0
20201111,14,O3_24h,秦皇岛,72.0
20201111,14,O3_8h,秦皇岛,32.0
20201111,14,O3_8h_24h,秦皇岛,32.0
20201111,14,CO,秦皇岛,1.94
20201111,14,CO_24h,秦皇岛,2.62
20201111,15,AQI,秦皇岛,116.0
20201111,15,PM2.5,秦皇岛,88.0
20201111,15,PM2.5_24h,秦皇岛,86.0
20201111,15,PM10,秦皇岛,169.0
20201111,15,PM10_24h,秦皇岛,157.0
20201111,15,SO2,秦皇岛,33.0
20201111,15,SO2_24h,秦皇岛,50.0
20201111,15,NO2,秦皇岛,71.0
20201111,15,NO2_24h,秦皇岛,89.0
20201111,15,O3,秦皇岛,77.0
20201111,15,O3_24h,秦皇岛,79.0
20201111,15,O3_8h,秦皇岛,41.0
20201111,15,O3_8h_24h,秦皇岛,41.0
20201111,15,CO,秦皇岛,1.32
20201111,15,CO_24h,秦皇岛,2.64
20201111,16,AQI,秦皇岛,107.0
20201111,16,PM2.5,秦皇岛,80.0
20201111,16,PM2.5_24h,秦皇岛,88.0
20201111,16,PM10,秦皇岛,163.0
20201111,16,PM10_24h,秦皇岛,160.0
20201111,16,SO2,秦皇岛,21.0
20201111,16,SO2_24h,秦皇岛,50.0
20201111,16,NO2,秦皇岛,73.0
20201111,16,NO2_24h,秦皇岛,90.0
20201111,16,O3,秦皇岛,72.0
20201111,16,O3_24h,秦皇岛,84.0
20201111,16,O3_8h,秦皇岛,50.0
20201111,16,O3_8h_24h,秦皇岛,50.0
20201111,16,CO,秦皇岛,1.07
20201111,16,CO_24h,秦皇岛,2.68
20201111,17,AQI,秦皇岛,110.0
20201111,17,PM2.5,秦皇岛,83.0
20201111,17,PM2.5_24h,秦皇岛,90.0
20201111,17,PM10,秦皇岛,155.0
20201111,17,PM10_24h,秦皇岛,163.0
20201111,17,SO2,秦皇岛,17.0
20201111,17,SO2_24h,秦皇岛,49.0
20201111,17,NO2,秦皇岛,63.0
20201111,17,NO2_24h,秦皇岛,90.0
20201111,17,O3,秦皇岛,86.0
20201111,17,O3_24h,秦皇岛,88.0
20201111,17,O3_8h,秦皇岛,59.0
20201111,17,O3_8h_24h,秦皇岛,59.0
20201111,17,CO,秦皇岛,1.02
20201111,17,CO_24h,秦皇岛,2.68
20201111,18,AQI,秦皇岛,138.0
20201111,18,PM2.5,秦皇岛,105.0
20201111,18,PM2.5_24h,秦皇岛,92.0
20201111,18,PM10,秦皇岛,176.0
20201111,18,PM10_24h,秦皇岛,166.0
20201111,18,SO2,秦皇岛,18.0
20201111,18,SO2_24h,秦皇岛,50.0
20201111,18,NO2,秦皇岛,63.0
20201111,18,NO2_24h,秦皇岛,90.0
20201111,18,O3,秦皇岛,84.0
20201111,18,O3_24h,秦皇岛,88.0
20201111,18,O3_8h,秦皇岛,67.0
20201111,18,O3_8h_24h,秦皇岛,67.0
20201111,18,CO,秦皇岛,1.22
20201111,18,CO_24h,秦皇岛,2.66
20201111,19,AQI,秦皇岛,146.0
20201111,19,PM2.5,秦皇岛,112.0
20201111,19,PM2.5_24h,秦皇岛,94.0
20201111,19,PM10,秦皇岛,177.0
20201111,19,PM10_24h,秦皇岛,169.0
20201111,19,SO2,秦皇岛,23.0
20201111,19,SO2_24h,秦皇岛,50.0
20201111,19,NO2,秦皇岛,59.0
20201111,19,NO2_24h,秦皇岛,90.0
20201111,19,O3,秦皇岛,80.0
20201111,19,O3_24h,秦皇岛,88.0
20201111,19,O3_8h,秦皇岛,73.0
20201111,19,O3_8h_24h,秦皇岛,73.0
20201111,19,CO,秦皇岛,1.5
20201111,19,CO_24h,秦皇岛,2.68
20201111,20,AQI,秦皇岛,150.0
20201111,20,PM2.5,秦皇岛,115.0
20201111,20,PM2.5_24h,秦皇岛,96.0
20201111,20,PM10,秦皇岛,183.0
20201111,20,PM10_24h,秦皇岛,171.0
20201111,20,SO2,秦皇岛,28.0
20201111,20,SO2_24h,秦皇岛,50.0
20201111,20,NO2,秦皇岛,68.0
20201111,20,NO2_24h,秦皇岛,89.0
20201111,20,O3,秦皇岛,68.0
20201111,20,O3_24h,秦皇岛,88.0
20201111,20,O3_8h,秦皇岛,75.0
20201111,20,O3_8h_24h,秦皇岛,76.0
20201111,20,CO,秦皇岛,1.46
20201111,20,CO_24h,秦皇岛,2.66
20201111,21,AQI,秦皇岛,156.0
20201111,21,PM2.5,秦皇岛,119.0
20201111,21,PM2.5_24h,秦皇岛,98.0
20201111,21,PM10,秦皇岛,194.0
20201111,21,PM10_24h,秦皇岛,174.0
20201111,21,SO2,秦皇岛,25.0
20201111,21,SO2_24h,秦皇岛,50.0
20201111,21,NO2,秦皇岛,80.0
20201111,21,NO2_24h,秦皇岛,89.0
20201111,21,O3,秦皇岛,49.0
20201111,21,O3_24h,秦皇岛,88.0
20201111,21,O3_8h,秦皇岛,75.0
20201111,21,O3_8h_24h,秦皇岛,78.0
20201111,21,CO,秦皇岛,1.43
20201111,21,CO_24h,秦皇岛,2.64
20201111,22,AQI,秦皇岛,150.0
20201111,22,PM2.5,秦皇岛,115.0
20201111,22,PM2.5_24h,秦皇岛,98.0
20201111,22,PM10,秦皇岛,186.0
20201111,22,PM10_24h,秦皇岛,175.0
20201111,22,SO2,秦皇岛,25.0
20201111,22,SO2_24h,秦皇岛,49.0
20201111,22,NO2,秦皇岛,89.0
20201111,22,NO2_24h,秦皇岛,88.0
20201111,22,O3,秦皇岛,35.0
20201111,22,O3_24h,秦皇岛,88.0
20201111,22,O3_8h,秦皇岛,70.0
20201111,22,O3_8h_24h,秦皇岛,78.0
20201111,22,CO,秦皇岛,1.42
20201111,22,CO_24h,秦皇岛,2.62
20201111,23,AQI,秦皇岛,154.0
20201111,23,PM2.5,秦皇岛,118.0
20201111,23,PM2.5_24h,秦皇岛,99.0
20201111,23,PM10,秦皇岛,182.0
20201111,23,PM10_24h,秦皇岛,175.0
20201111,23,SO2,秦皇岛,20.0
20201111,23,SO2_24h,秦皇岛,48.0
20201111,23,NO2,秦皇岛,78.0
20201111,23,NO2_24h,秦皇岛,88.0
20201111,23,O3,秦皇岛,37.0
20201111,23,O3_24h,秦皇岛,88.0
20201111,23,O3_8h,秦皇岛,65.0
20201111,23,O3_8h_24h,秦皇岛,78.0
20201111,23,CO,秦皇岛,1.54
20201111,23,CO_24h,秦皇岛,2.6
20201111,0,AQI,邯郸,144.0
20201111,0,PM2.5,邯郸,110.0
20201111,0,PM2.5_24h,邯郸,82.0
20201111,0,PM10,邯郸,221.0
20201111,0,PM10_24h,邯郸,180.0
20201111,0,SO2,邯郸,15.0
20201111,0,SO2_24h,邯郸,28.0
20201111,0,NO2,邯郸,102.0
20201111,0,NO2_24h,邯郸,74.0
20201111,0,O3,邯郸,4.0
20201111,0,O3_24h,邯郸,127.0
20201111,0,O3_8h,邯郸,39.0
20201111,0,O3_8h_24h,邯郸,84.0
20201111,0,CO,邯郸,1.32
20201111,0,CO_24h,邯郸,1.2
20201111,1,AQI,邯郸,143.0
20201111,1,PM2.5,邯郸,109.0
20201111,1,PM2.5_24h,邯郸,85.0
20201111,1,PM10,邯郸,220.0
20201111,1,PM10_24h,邯郸,183.0
20201111,1,SO2,邯郸,16.0
20201111,1,SO2_24h,邯郸,28.0
20201111,1,NO2,邯郸,98.0
20201111,1,NO2_24h,邯郸,75.0
20201111,1,O3,邯郸,4.0
20201111,1,O3_24h,邯郸,127.0
20201111,1,O3_8h,邯郸,4.0
20201111,1,O3_8h_24h,邯郸,4.0
20201111,1,CO,邯郸,1.27
20201111,1,CO_24h,邯郸,1.23
20201111,2,AQI,邯郸,146.0
20201111,2,PM2.5,邯郸,112.0
20201111,2,PM2.5_24h,邯郸,87.0
20201111,2,PM10,邯郸,212.0
20201111,2,PM10_24h,邯郸,186.0
20201111,2,SO2,邯郸,20.0
20201111,2,SO2_24h,邯郸,28.0
20201111,2,NO2,邯郸,94.0
20201111,2,NO2_24h,邯郸,76.0
20201111,2,O3,邯郸,4.0
20201111,2,O3_24h,邯郸,127.0
20201111,2,O3_8h,邯郸,4.0
20201111,2,O3_8h_24h,邯郸,4.0
20201111,2,CO,邯郸,1.13
20201111,2,CO_24h,邯郸,1.25
20201111,3,AQI,邯郸,143.0
20201111,3,PM2.5,邯郸,109.0
20201111,3,PM2.5_24h,邯郸,89.0
20201111,3,PM10,邯郸,207.0
20201111,3,PM10_24h,邯郸,189.0
20201111,3,SO2,邯郸,20.0
20201111,3,SO2_24h,邯郸,27.0
20201111,3,NO2,邯郸,92.0
20201111,3,NO2_24h,邯郸,77.0
20201111,3,O3,邯郸,4.0
20201111,3,O3_24h,邯郸,127.0
20201111,3,O3_8h,邯郸,4.0
20201111,3,O3_8h_24h,邯郸,4.0
20201111,3,CO,邯郸,0.97
20201111,3,CO_24h,邯郸,1.25
20201111,4,AQI,邯郸,139.0
20201111,4,PM2.5,邯郸,106.0
20201111,4,PM2.5_24h,邯郸,90.0
20201111,4,PM10,邯郸,206.0
20201111,4,PM10_24h,邯郸,190.0
20201111,4,SO2,邯郸,21.0
20201111,4,SO2_24h,邯郸,27.0
20201111,4,NO2,邯郸,93.0
20201111,4,NO2_24h,邯郸,78.0
20201111,4,O3,邯郸,3.0
20201111,4,O3_24h,邯郸,127.0
20201111,4,O3_8h,邯郸,4.0
20201111,4,O3_8h_24h,邯郸,4.0
20201111,4,CO,邯郸,0.88
20201111,4,CO_24h,邯郸,1.25
20201111,5,AQI,邯郸,136.0
20201111,5,PM2.5,邯郸,104.0
20201111,5,PM2.5_24h,邯郸,92.0
20201111,5,PM10,邯郸,207.0
20201111,5,PM10_24h,邯郸,192.0
20201111,5,SO2,邯郸,23.0
20201111,5,SO2_24h,邯郸,27.0
20201111,5,NO2,邯郸,91.0
20201111,5,NO2_24h,邯郸,79.0
20201111,5,O3,邯郸,3.0
20201111,5,O3_24h,邯郸,127.0
20201111,5,O3_8h,邯郸,3.0
20201111,5,O3_8h_24h,邯郸,4.0
20201111,5,CO,邯郸,1.03
20201111,5,CO_24h,邯郸,1.23
20201111,6,AQI,邯郸,139.0
20201111,6,PM2.5,邯郸,103.0
20201111,6,PM2.5_24h,邯郸,93.0
20201111,6,PM10,邯郸,228.0
20201111,6,PM10_24h,邯郸,193.0
20201111,6,SO2,邯郸,34.0
20201111,6,SO2_24h,邯郸,27.0
20201111,6,NO2,邯郸,81.0
20201111,6,NO2_24h,邯郸,80.0
20201111,6,O3,邯郸,3.0
20201111,6,O3_24h,邯郸,127.0
20201111,6,O3_8h,邯郸,3.0
20201111,6,O3_8h_24h,邯郸,4.0
20201111,6,CO,邯郸,1.6
20201111,6,CO_24h,邯郸,1.25
20201111,8,AQI,邯郸,151.0
20201111,8,PM2.5,邯郸,116.0
20201111,8,PM2.5_24h,邯郸,97.0
20201111,8,PM10,邯郸,244.0
20201111,8,PM10_24h,邯郸,199.0
20201111,8,SO2,邯郸,23.0
20201111,8,SO2_24h,邯郸,27.0
20201111,8,NO2,邯郸,81.0
20201111,8,NO2_24h,邯郸,81.0
20201111,8,O3,邯郸,6.0
20201111,8,O3_24h,邯郸,127.0
20201111,8,O3_8h,邯郸,4.0
20201111,8,O3_8h_24h,邯郸,5.0
20201111,8,CO,邯郸,1.85
20201111,8,CO_24h,邯郸,1.25
20201111,10,AQI,邯郸,142.0
20201111,10,PM2.5,邯郸,104.0
20201111,10,PM2.5_24h,邯郸,100.0
20201111,10,PM10,邯郸,233.0
20201111,10,PM10_24h,邯郸,205.0
20201111,10,SO2,邯郸,30.0
20201111,10,SO2_24h,邯郸,27.0
20201111,10,NO2,邯郸,80.0
20201111,10,NO2_24h,邯郸,82.0
20201111,10,O3,邯郸,23.0
20201111,10,O3_24h,邯郸,127.0
20201111,10,O3_8h,邯郸,7.0
20201111,10,O3_8h_24h,邯郸,7.0
20201111,10,CO,邯郸,1.05
20201111,10,CO_24h,邯郸,1.2
20201111,11,AQI,邯郸,125.0
20201111,11,PM2.5,邯郸,94.0
20201111,11,PM2.5_24h,邯郸,101.0
20201111,11,PM10,邯郸,199.0
20201111,11,PM10_24h,邯郸,207.0
20201111,11,SO2,邯郸,19.0
20201111,11,SO2_24h,邯郸,26.0
20201111,11,NO2,邯郸,65.0
20201111,11,NO2_24h,邯郸,81.0
20201111,11,O3,邯郸,50.0
20201111,11,O3_24h,邯郸,127.0
20201111,11,O3_8h,邯郸,12.0
20201111,11,O3_8h_24h,邯郸,12.0
20201111,11,CO,邯郸,0.87
20201111,11,CO_24h,邯郸,1.15
20201111,12,AQI,邯郸,113.0
20201111,12,PM2.5,邯郸,72.0
20201111,12,PM2.5_24h,邯郸,101.0
20201111,12,PM10,邯郸,175.0
20201111,12,PM10_24h,邯郸,207.0
20201111,12,SO2,邯郸,16.0
20201111,12,SO2_24h,邯郸,25.0
20201111,12,NO2,邯郸,47.0
20201111,12,NO2_24h,邯郸,80.0
20201111,12,O3,邯郸,88.0
20201111,12,O3_24h,邯郸,127.0
20201111,12,O3_8h,邯郸,21.0
20201111,12,O3_8h_24h,邯郸,21.0
20201111,12,CO,邯郸,0.78
20201111,12,CO_24h,邯郸,1.15
20201111,13,AQI,邯郸,107.0
20201111,13,PM2.5,邯郸,59.0
20201111,13,PM2.5_24h,邯郸,99.0
20201111,13,PM10,邯郸,163.0
20201111,13,PM10_24h,邯郸,206.0
20201111,13,SO2,邯郸,15.0
20201111,13,SO2_24h,邯郸,24.0
20201111,13,NO2,邯郸,27.0
20201111,13,NO2_24h,邯郸,78.0
20201111,13,O3,邯郸,132.0
20201111,13,O3_24h,邯郸,132.0
20201111,13,O3_8h,邯郸,37.0
20201111,13,O3_8h_24h,邯郸,37.0
20201111,13,CO,邯郸,0.7
20201111,13,CO_24h,邯郸,1.13
20201111,14,AQI,邯郸,101.0
20201111,14,PM2.5,邯郸,54.0
20201111,14,PM2.5_24h,邯郸,97.0
20201111,14,PM10,邯郸,152.0
20201111,14,PM10_24h,邯郸,204.0
20201111,14,SO2,邯郸,14.0
20201111,14,SO2_24h,邯郸,23.0
20201111,14,NO2,邯郸,22.0
20201111,14,NO2_24h,邯郸,76.0
20201111,14,O3,邯郸,152.0
20201111,14,O3_24h,邯郸,152.0
20201111,14,O3_8h,邯郸,57.0
20201111,14,O3_8h_24h,邯郸,57.0
20201111,14,CO,邯郸,0.52
20201111,14,CO_24h,邯郸,1.1
20201111,15,AQI,邯郸,92.0
20201111,15,PM2.5,邯郸,52.0
20201111,15,PM2.5_24h,邯郸,96.0
20201111,15,PM10,邯郸,134.0
20201111,15,PM10_24h,邯郸,202.0
20201111,15,SO2,邯郸,13.0
20201111,15,SO2_24h,邯郸,22.0
20201111,15,NO2,邯郸,24.0
20201111,15,NO2_24h,邯郸,75.0
20201111,15,O3,邯郸,152.0
20201111,15,O3_24h,邯郸,152.0
20201111,15,O3_8h,邯郸,76.0
20201111,15,O3_8h_24h,邯郸,76.0
20201111,15,CO,邯郸,0.48
20201111,15,CO_24h,邯郸,1.05
20201111,16,AQI,邯郸,93.0
20201111,16,PM2.5,邯郸,64.0
20201111,16,PM2.5_24h,邯郸,95.0
20201111,16,PM10,邯郸,136.0
20201111,16,PM10_24h,邯郸,200.0
20201111,16,SO2,邯郸,12.0
20201111,16,SO2_24h,邯郸,21.0
20201111,16,NO2,邯郸,26.0
20201111,16,NO2_24h,邯郸,75.0
20201111,16,O3,邯郸,153.0
20201111,16,O3_24h,邯郸,153.0
20201111,16,O3_8h,邯郸,95.0
20201111,16,O3_8h_24h,邯郸,95.0
20201111,16,CO,邯郸,0.52
20201111,16,CO_24h,邯郸,1.05
20201111,17,AQI,邯郸,91.0
20201111,17,PM2.5,邯郸,65.0
20201111,17,PM2.5_24h,邯郸,94.0
20201111,17,PM10,邯郸,132.0
20201111,17,PM10_24h,邯郸,199.0
20201111,17,SO2,邯郸,13.0
20201111,17,SO2_24h,邯郸,20.0
20201111,17,NO2,邯郸,27.0
20201111,17,NO2_24h,邯郸,73.0
20201111,17,O3,邯郸,152.0
20201111,17,O3_24h,邯郸,153.0
20201111,17,O3_8h,邯郸,114.0
20201111,17,O3_8h_24h,邯郸,114.0
20201111,17,CO,邯郸,0.52
20201111,17,CO_24h,邯郸,1.05
20201111,18,AQI,邯郸,95.0
20201111,18,PM2.5,邯郸,61.0
20201111,18,PM2.5_24h,邯郸,93.0
20201111,18,PM10,邯郸,140.0
20201111,18,PM10_24h,邯郸,198.0
20201111,18,SO2,邯郸,15.0
20201111,18,SO2_24h,邯郸,20.0
20201111,18,NO2,邯郸,34.0
20201111,18,NO2_24h,邯郸,72.0
20201111,18,O3,邯郸,135.0
20201111,18,O3_24h,邯郸,153.0
20201111,18,O3_8h,邯郸,128.0
20201111,18,O3_8h_24h,邯郸,128.0
20201111,18,CO,邯郸,0.67
20201111,18,CO_24h,邯郸,1.05
20201111,19,AQI,邯郸,98.0
20201111,19,PM2.5,邯郸,69.0
20201111,19,PM2.5_24h,邯郸,92.0
20201111,19,PM10,邯郸,145.0
20201111,19,PM10_24h,邯郸,196.0
20201111,19,SO2,邯郸,25.0
20201111,19,SO2_24h,邯郸,19.0
20201111,19,NO2,邯郸,35.0
20201111,19,NO2_24h,邯郸,71.0
20201111,19,O3,邯郸,122.0
20201111,19,O3_24h,邯郸,153.0
20201111,19,O3_8h,邯郸,138.0
20201111,19,O3_8h_24h,邯郸,138.0
20201111,19,CO,邯郸,0.6
20201111,19,CO_24h,邯郸,1.02
20201111,20,AQI,邯郸,100.0
20201111,20,PM2.5,邯郸,70.0
20201111,20,PM2.5_24h,邯郸,91.0
20201111,20,PM10,邯郸,149.0
20201111,20,PM10_24h,邯郸,193.0
20201111,20,SO2,邯郸,19.0
20201111,20,SO2_24h,邯郸,19.0
20201111,20,NO2,邯郸,31.0
20201111,20,NO2_24h,邯郸,68.0
20201111,20,O3,邯郸,122.0
20201111,20,O3_24h,邯郸,153.0
20201111,20,O3_8h,邯郸,140.0
20201111,20,O3_8h_24h,邯郸,141.0
20201111,20,CO,邯郸,0.67
20201111,20,CO_24h,邯郸,1.03
20201111,21,AQI,邯郸,95.0
20201111,21,PM2.5,邯郸,71.0
20201111,21,PM2.5_24h,邯郸,90.0
20201111,21,PM10,邯郸,139.0
20201111,21,PM10_24h,邯郸,190.0
20201111,21,SO2,邯郸,14.0
20201111,21,SO2_24h,邯郸,20.0
20201111,21,NO2,邯郸,28.0
20201111,21,NO2_24h,邯郸,65.0
20201111,21,O3,邯郸,116.0
20201111,21,O3_24h,邯郸,153.0
20201111,21,O3_8h,邯郸,138.0
20201111,21,O3_8h_24h,邯郸,141.0
20201111,21,CO,邯郸,0.63
20201111,21,CO_24h,邯郸,1.03
20201111,22,AQI,邯郸,104.0
20201111,22,PM2.5,邯郸,78.0
20201111,22,PM2.5_24h,邯郸,88.0
20201111,22,PM10,邯郸,150.0
20201111,22,PM10_24h,邯郸,186.0
20201111,22,SO2,邯郸,16.0
20201111,22,SO2_24h,邯郸,19.0
20201111,22,NO2,邯郸,30.0
20201111,22,NO2_24h,邯郸,61.0
20201111,22,O3,邯郸,104.0
20201111,22,O3_24h,邯郸,153.0
20201111,22,O3_8h,邯郸,132.0
20201111,22,O3_8h_24h,邯郸,141.0
20201111,22,CO,邯郸,0.68
20201111,22,CO_24h,邯郸,0.95
20201111,23,AQI,邯郸,103.0
20201111,23,PM2.5,邯郸,77.0
20201111,23,PM2.5_24h,邯郸,87.0
20201111,23,PM10,邯郸,146.0
20201111,23,PM10_24h,邯郸,183.0
20201111,23,SO2,邯郸,14.0
20201111,23,SO2_24h,邯郸,19.0
20201111,23,NO2,邯郸,32.0
20201111,23,NO2_24h,邯郸,58.0
20201111,23,O3,邯郸,95.0
20201111,23,O3_24h,邯郸,153.0
20201111,23,O3_8h,邯郸,125.0
20201111,23,O3_8h_24h,邯郸,141.0
20201111,23,CO,邯郸,0.75
20201111,23,CO_24h,邯郸,0.93
20201111,0,AQI,保定,151.0
20201111,0,PM2.5,保定,116.0
20201111,0,PM2.5_24h,保定,72.0
20201111,0,PM10,保定,219.0
20201111,0,PM10_24h,保定,144.0
20201111,0,SO2,保定,15.0
20201111,0,SO2_24h,保定,19.0
20201111,0,NO2,保定,93.0
20201111,0,NO2_24h,保定,73.0
20201111,0,O3,保定,12.0
20201111,0,O3_24h,保定,53.0
20201111,0,O3_8h,保定,16.0
20201111,0,O3_8h_24h,保定,40.0
20201111,0,CO,保定,1.54
20201111,0,CO_24h,保定,0.92
20201111,1,AQI,保定,146.0
20201111,1,PM2.5,保定,112.0
20201111,1,PM2.5_24h,保定,74.0
20201111,1,PM10,保定,212.0
20201111,1,PM10_24h,保定,146.0
20201111,1,SO2,保定,15.0
20201111,1,SO2_24h,保定,19.0
20201111,1,NO2,保定,92.0
20201111,1,NO2_24h,保定,74.0
20201111,1,O3,保定,9.0
20201111,1,O3_24h,保定,53.0
20201111,1,O3_8h,保定,9.0
20201111,1,O3_8h_24h,保定,9.0
20201111,1,CO,保定,1.48
20201111,1,CO_24h,保定,0.92
20201111,2,AQI,保定,151.0
20201111,2,PM2.5,保定,116.0
20201111,2,PM2.5_24h,保定,76.0
20201111,2,PM10,保定,213.0
20201111,2,PM10_24h,保定,148.0
20201111,2,SO2,保定,15.0
20201111,2,SO2_24h,保定,19.0
20201111,2,NO2,保定,91.0
20201111,2,NO2_24h,保定,75.0
20201111,2,O3,保定,8.0
20201111,2,O3_24h,保定,53.0
20201111,2,O3_8h,保定,8.0
20201111,2,O3_8h_24h,保定,9.0
20201111,2,CO,保定,1.42
20201111,2,CO_24h,保定,0.93
20201111,3,AQI,保定,170.0
20201111,3,PM2.5,保定,129.0
20201111,3,PM2.5_24h,保定,79.0
20201111,3,PM10,保定,190.0
20201111,3,PM10_24h,保定,150.0
20201111,3,SO2,保定,15.0
20201111,3,SO2_24h,保定,19.0
20201111,3,NO2,保定,87.0
20201111,3,NO2_24h,保定,77.0
20201111,3,O3,保定,6.0
20201111,3,O3_24h,保定,53.0
20201111,3,O3_8h,保定,8.0
20201111,3,O3_8h_24h,保定,9.0
20201111,3,CO,保定,1.44
20201111,3,CO_24h,保定,0.95
20201111,4,AQI,保定,163.0
20201111,4,PM2.5,保定,124.0
20201111,4,PM2.5_24h,保定,81.0
20201111,4,PM10,保定,209.0
20201111,4,PM10_24h,保定,153.0
20201111,4,SO2,保定,15.0
20201111,4,SO2_24h,保定,19.0
20201111,4,NO2,保定,86.0
20201111,4,NO2_24h,保定,78.0
20201111,4,O3,保定,7.0
20201111,4,O3_24h,保定,53.0
20201111,4,O3_8h,保定,7.0
20201111,4,O3_8h_24h,保定,9.0
20201111,4,CO,保定,1.26
20201111,4,CO_24h,保定,0.93
20201111,5,AQI,保定,153.0
20201111,5,PM2.5,保定,117.0
20201111,5,PM2.5_24h,保定,83.0
20201111,5,PM10,保定,214.0
20201111,5,PM10_24h,保定,156.0
20201111,5,SO2,保定,17.0
20201111,5,SO2_24h,保定,19.0
20201111,5,NO2,保定,90.0
20201111,5,NO2_24h,保定,79.0
20201111,5,O3,保定,6.0
20201111,5,O3_24h,保定,53.0
20201111,5,O3_8h,保定,7.0
20201111,5,O3_8h_24h,保定,9.0
20201111,5,CO,保定,1.2
20201111,5,CO_24h,保定,0.93
20201111,6,AQI,保定,151.0
20201111,6,PM2.5,保定,116.0
20201111,6,PM2.5_24h,保定,86.0
20201111,6,PM10,保定,201.0
20201111,6,PM10_24h,保定,160.0
20201111,6,SO2,保定,17.0
20201111,6,SO2_24h,保定,19.0
20201111,6,NO2,保定,84.0
20201111,6,NO2_24h,保定,80.0
20201111,6,O3,保定,6.0
20201111,6,O3_24h,保定,53.0
20201111,6,O3_8h,保定,7.0
20201111,6,O3_8h_24h,保定,9.0
20201111,6,CO,保定,1.2
20201111,6,CO_24h,保定,0.97
20201111,8,AQI,保定,123.0
20201111,8,PM2.5,保定,93.0
20201111,8,PM2.5_24h,保定,88.0
20201111,8,PM10,保定,176.0
20201111,8,PM10_24h,保定,165.0
20201111,8,SO2,保定,20.0
20201111,8,SO2_24h,保定,19.0
20201111,8,NO2,保定,74.0
20201111,8,NO2_24h,保定,82.0
20201111,8,O3,保定,6.0
20201111,8,O3_24h,保定,53.0
20201111,8,O3_8h,保定,7.0
20201111,8,O3_8h_24h,保定,9.0
20201111,8,CO,保定,1.06
20201111,8,CO_24h,保定,0.98
20201111,10,AQI,保定,109.0
20201111,10,PM2.5,保定,82.0
20201111,10,PM2.5_24h,保定,91.0
20201111,10,PM10,保定,166.0
20201111,10,PM10_24h,保定,170.0
20201111,10,SO2,保定,22.0
20201111,10,SO2_24h,保定,19.0
20201111,10,NO2,保定,72.0
20201111,10,NO2_24h,保定,83.0
20201111,10,O3,保定,9.0
20201111,10,O3_24h,保定,53.0
20201111,10,O3_8h,保定,7.0
20201111,10,O3_8h_24h,保定,9.0
20201111,10,CO,保定,1.02
20201111,10,CO_24h,保定,1.0
20201111,11,AQI,保定,95.0
20201111,11,PM2.5,保定,71.0
20201111,11,PM2.5_24h,保定,92.0
20201111,11,PM10,保定,137.0
20201111,11,PM10_24h,保定,172.0
20201111,11,SO2,保定,23.0
20201111,11,SO2_24h,保定,19.0
20201111,11,NO2,保定,73.0
20201111,11,NO2_24h,保定,84.0
20201111,11,O3,保定,16.0
20201111,11,O3_24h,保定,53.0
20201111,11,O3_8h,保定,7.0
20201111,11,O3_8h_24h,保定,9.0
20201111,11,CO,保定,0.88
20201111,11,CO_24h,保定,1.03
20201111,12,AQI,保定,113.0
20201111,12,PM2.5,保定,85.0
20201111,12,PM2.5_24h,保定,95.0
20201111,12,PM10,保定,164.0
20201111,12,PM10_24h,保定,176.0
20201111,12,SO2,保定,26.0
20201111,12,SO2_24h,保定,19.0
20201111,12,NO2,保定,80.0
20201111,12,NO2_24h,保定,85.0
20201111,12,O3,保定,26.0
20201111,12,O3_24h,保定,53.0
20201111,12,O3_8h,保定,10.0
20201111,12,O3_8h_24h,保定,11.0
20201111,12,CO,保定,0.92
20201111,12,CO_24h,保定,1.07
20201111,13,AQI,保定,133.0
20201111,13,PM2.5,保定,98.0
20201111,13,PM2.5_24h,保定,97.0
20201111,13,PM10,保定,216.0
20201111,13,PM10_24h,保定,182.0
20201111,13,SO2,保定,26.0
20201111,13,SO2_24h,保定,20.0
20201111,13,NO2,保定,93.0
20201111,13,NO2_24h,保定,87.0
20201111,13,O3,保定,35.0
20201111,13,O3_24h,保定,53.0
20201111,13,O3_8h,保定,14.0
20201111,13,O3_8h_24h,保定,14.0
20201111,13,CO,保定,1.02
20201111,13,CO_24h,保定,1.07
20201111,14,AQI,保定,161.0
20201111,14,PM2.5,保定,123.0
20201111,14,PM2.5_24h,保定,100.0
20201111,14,PM10,保定,233.0
20201111,14,PM10_24h,保定,188.0
20201111,14,SO2,保定,26.0
20201111,14,SO2_24h,保定,20.0
20201111,14,NO2,保定,102.0
20201111,14,NO2_24h,保定,89.0
20201111,14,O3,保定,41.0
20201111,14,O3_24h,保定,53.0
20201111,14,O3_8h,保定,18.0
20201111,14,O3_8h_24h,保定,18.0
20201111,14,CO,保定,1.08
20201111,14,CO_24h,保定,1.07
20201111,15,AQI,保定,184.0
20201111,15,PM2.5,保定,139.0
20201111,15,PM2.5_24h,保定,104.0
20201111,15,PM10,保定,244.0
20201111,15,PM10_24h,保定,194.0
20201111,15,SO2,保定,26.0
20201111,15,SO2_24h,保定,20.0
20201111,15,NO2,保定,85.0
20201111,15,NO2_24h,保定,90.0
20201111,15,O3,保定,78.0
20201111,15,O3_24h,保定,78.0
20201111,15,O3_8h,保定,27.0
20201111,15,O3_8h_24h,保定,27.0
20201111,15,CO,保定,1.18
20201111,15,CO_24h,保定,1.07
20201111,16,AQI,保定,194.0
20201111,16,PM2.5,保定,146.0
20201111,16,PM2.5_24h,保定,107.0
20201111,16,PM10,保定,247.0
20201111,16,PM10_24h,保定,199.0
20201111,16,SO2,保定,25.0
20201111,16,SO2_24h,保定,20.0
20201111,16,NO2,保定,82.0
20201111,16,NO2_24h,保定,91.0
20201111,16,O3,保定,80.0
20201111,16,O3_24h,保定,84.0
20201111,16,O3_8h,保定,36.0
20201111,16,O3_8h_24h,保定,36.0
20201111,16,CO,保定,1.2
20201111,16,CO_24h,保定,1.18
20201111,17,AQI,保定,218.0
20201111,17,PM2.5,保定,168.0
20201111,17,PM2.5_24h,保定,111.0
20201111,17,PM10,保定,283.0
20201111,17,PM10_24h,保定,204.0
20201111,17,SO2,保定,25.0
20201111,17,SO2_24h,保定,20.0
20201111,17,NO2,保定,96.0
20201111,17,NO2_24h,保定,91.0
20201111,17,O3,保定,67.0
20201111,17,O3_24h,保定,84.0
20201111,17,O3_8h,保定,44.0
20201111,17,O3_8h_24h,保定,44.0
20201111,17,CO,保定,1.17
20201111,17,CO_24h,保定,1.22
20201111,18,AQI,保定,223.0
20201111,18,PM2.5,保定,173.0
20201111,18,PM2.5_24h,保定,114.0
20201111,18,PM10,保定,324.0
20201111,18,PM10_24h,保定,210.0
20201111,18,SO2,保定,21.0
20201111,18,SO2_24h,保定,20.0
20201111,18,NO2,保定,124.0
20201111,18,NO2_24h,保定,92.0
20201111,18,O3,保定,21.0
20201111,18,O3_24h,保定,84.0
20201111,18,O3_8h,保定,46.0
20201111,18,O3_8h_24h,保定,46.0
20201111,18,CO,保定,1.44
20201111,18,CO_24h,保定,1.22
20201111,19,AQI,保定,229.0
20201111,19,PM2.5,保定,179.0
20201111,19,PM2.5_24h,保定,117.0
20201111,19,PM10,保定,307.0
20201111,19,PM10_24h,保定,214.0
20201111,19,SO2,保定,19.0
20201111,19,SO2_24h,保定,20.0
20201111,19,NO2,保定,122.0
20201111,19,NO2_24h,保定,92.0
20201111,19,O3,保定,15.0
20201111,19,O3_24h,保定,84.0
20201111,19,O3_8h,保定,46.0
20201111,19,O3_8h_24h,保定,47.0
20201111,19,CO,保定,1.62
20201111,19,CO_24h,保定,1.24
20201111,20,AQI,保定,230.0
20201111,20,PM2.5,保定,180.0
20201111,20,PM2.5_24h,保定,120.0
20201111,20,PM10,保定,309.0
20201111,20,PM10_24h,保定,219.0
20201111,20,SO2,保定,17.0
20201111,20,SO2_24h,保定,20.0
20201111,20,NO2,保定,117.0
20201111,20,NO2_24h,保定,92.0
20201111,20,O3,保定,14.0
20201111,20,O3_24h,保定,84.0
20201111,20,O3_8h,保定,44.0
20201111,20,O3_8h_24h,保定,47.0
20201111,20,CO,保定,1.67
20201111,20,CO_24h,保定,1.32
20201111,21,AQI,保定,232.0
20201111,21,PM2.5,保定,182.0
20201111,21,PM2.5_24h,保定,123.0
20201111,21,PM10,保定,301.0
20201111,21,PM10_24h,保定,222.0
20201111,21,SO2,保定,16.0
20201111,21,SO2_24h,保定,20.0
20201111,21,NO2,保定,118.0
20201111,21,NO2_24h,保定,93.0
20201111,21,O3,保定,6.0
20201111,21,O3_24h,保定,84.0
20201111,21,O3_8h,保定,40.0
20201111,21,O3_8h_24h,保定,47.0
20201111,21,CO,保定,1.75
20201111,21,CO_24h,保定,1.32
20201111,22,AQI,保定,238.0
20201111,22,PM2.5,保定,188.0
20201111,22,PM2.5_24h,保定,126.0
20201111,22,PM10,保定,311.0
20201111,22,PM10_24h,保定,228.0
20201111,22,SO2,保定,15.0
20201111,22,SO2_24h,保定,20.0
20201111,22,NO2,保定,122.0
20201111,22,NO2_24h,保定,93.0
20201111,22,O3,保定,4.0
20201111,22,O3_24h,保定,84.0
20201111,22,O3_8h,保定,36.0
20201111,22,O3_8h_24h,保定,47.0
20201111,22,CO,保定,1.8
20201111,22,CO_24h,保定,1.33
20201111,23,AQI,保定,246.0
20201111,23,PM2.5,保定,196.0
20201111,23,PM2.5_24h,保定,129.0
20201111,23,PM10,保定,312.0
20201111,23,PM10_24h,保定,235.0
20201111,23,SO2,保定,16.0
20201111,23,SO2_24h,保定,20.0
20201111,23,NO2,保定,122.0
20201111,23,NO2_24h,保定,94.0
20201111,23,O3,保定,3.0
20201111,23,O3_24h,保定,84.0
20201111,23,O3_8h,保定,26.0
20201111,23,O3_8h_24h,保定,47.0
20201111,23,CO,保定,1.58
20201111,23,CO_24h,保定,1.35
20201111,0,AQI,张家口,65.0
20201111,0,PM2.5,张家口,35.0
20201111,0,PM2.5_24h,张家口,25.0
20201111,0,PM10,张家口,80.0
20201111,0,PM10_24h,张家口,68.0
20201111,0,SO2,张家口,16.0
20201111,0,SO2_24h,张家口,17.0
20201111,0,NO2,张家口,36.0
20201111,0,NO2_24h,张家口,36.0
20201111,0,O3,张家口,32.0
20201111,0,O3_24h,张家口,59.0
20201111,0,O3_8h,张家口,23.0
20201111,0,O3_8h_24h,张家口,49.0
20201111,0,CO,张家口,0.65
20201111,0,CO_24h,张家口,0.65
20201111,1,AQI,张家口,63.0
20201111,1,PM2.5,张家口,30.0
20201111,1,PM2.5_24h,张家口,25.0
20201111,1,PM10,张家口,75.0
20201111,1,PM10_24h,张家口,69.0
20201111,1,SO2,张家口,12.0
20201111,1,SO2_24h,张家口,17.0
20201111,1,NO2,张家口,34.0
20201111,1,NO2_24h,张家口,37.0
20201111,1,O3,张家口,33.0
20201111,1,O3_24h,张家口,59.0
20201111,1,O3_8h,张家口,33.0
20201111,1,O3_8h_24h,张家口,33.0
20201111,1,CO,张家口,0.63
20201111,1,CO_24h,张家口,0.65
20201111,2,AQI,张家口,63.0
20201111,2,PM2.5,张家口,32.0
20201111,2,PM2.5_24h,张家口,26.0
20201111,2,PM10,张家口,75.0
20201111,2,PM10_24h,张家口,70.0
20201111,2,SO2,张家口,11.0
20201111,2,SO2_24h,张家口,17.0
20201111,2,NO2,张家口,32.0
20201111,2,NO2_24h,张家口,37.0
20201111,2,O3,张家口,33.0
20201111,2,O3_24h,张家口,59.0
20201111,2,O3_8h,张家口,33.0
20201111,2,O3_8h_24h,张家口,34.0
20201111,2,CO,张家口,0.63
20201111,2,CO_24h,张家口,0.65
20201111,3,AQI,张家口,61.0
20201111,3,PM2.5,张家口,29.0
20201111,3,PM2.5_24h,张家口,26.0
20201111,3,PM10,张家口,71.0
20201111,3,PM10_24h,张家口,71.0
20201111,3,SO2,张家口,10.0
20201111,3,SO2_24h,张家口,17.0
20201111,3,NO2,张家口,30.0
20201111,3,NO2_24h,张家口,38.0
20201111,3,O3,张家口,34.0
20201111,3,O3_24h,张家口,59.0
20201111,3,O3_8h,张家口,33.0
20201111,3,O3_8h_24h,张家口,34.0
20201111,3,CO,张家口,0.6
20201111,3,CO_24h,张家口,0.67
20201111,4,AQI,张家口,60.0
20201111,4,PM2.5,张家口,26.0
20201111,4,PM2.5_24h,张家口,27.0
20201111,4,PM10,张家口,69.0
20201111,4,PM10_24h,张家口,73.0
20201111,4,SO2,张家口,10.0
20201111,4,SO2_24h,张家口,17.0
20201111,4,NO2,张家口,30.0
20201111,4,NO2_24h,张家口,38.0
20201111,4,O3,张家口,33.0
20201111,4,O3_24h,张家口,59.0
20201111,4,O3_8h,张家口,33.0
20201111,4,O3_8h_24h,张家口,34.0
20201111,4,CO,张家口,0.55
20201111,4,CO_24h,张家口,0.67
20201111,5,AQI,张家口,58.0
20201111,5,PM2.5,张家口,25.0
20201111,5,PM2.5_24h,张家口,27.0
20201111,5,PM10,张家口,66.0
20201111,5,PM10_24h,张家口,74.0
20201111,5,SO2,张家口,9.0
20201111,5,SO2_24h,张家口,17.0
20201111,5,NO2,张家口,28.0
20201111,5,NO2_24h,张家口,39.0
20201111,5,O3,张家口,33.0
20201111,5,O3_24h,张家口,59.0
20201111,5,O3_8h,张家口,33.0
20201111,5,O3_8h_24h,张家口,34.0
20201111,5,CO,张家口,0.57
20201111,5,CO_24h,张家口,0.72
20201111,6,AQI,张家口,58.0
20201111,6,PM2.5,张家口,26.0
20201111,6,PM2.5_24h,张家口,27.0
20201111,6,PM10,张家口,66.0
20201111,6,PM10_24h,张家口,75.0
20201111,6,SO2,张家口,11.0
20201111,6,SO2_24h,张家口,17.0
20201111,6,NO2,张家口,29.0
20201111,6,NO2_24h,张家口,39.0
20201111,6,O3,张家口,32.0
20201111,6,O3_24h,张家口,59.0
20201111,6,O3_8h,张家口,33.0
20201111,6,O3_8h_24h,张家口,34.0
20201111,6,CO,张家口,0.57
20201111,6,CO_24h,张家口,0.75
20201111,8,AQI,张家口,59.0
20201111,8,PM2.5,张家口,30.0
20201111,8,PM2.5_24h,张家口,29.0
20201111,8,PM10,张家口,67.0
20201111,8,PM10_24h,张家口,78.0
20201111,8,SO2,张家口,15.0
20201111,8,SO2_24h,张家口,17.0
20201111,8,NO2,张家口,38.0
20201111,8,NO2_24h,张家口,40.0
20201111,8,O3,张家口,23.0
20201111,8,O3_24h,张家口,59.0
20201111,8,O3_8h,张家口,32.0
20201111,8,O3_8h_24h,张家口,34.0
20201111,8,CO,张家口,0.78
20201111,8,CO_24h,张家口,0.75
20201111,10,AQI,张家口,71.0
20201111,10,PM2.5,张家口,31.0
20201111,10,PM2.5_24h,张家口,29.0
20201111,10,PM10,张家口,91.0
20201111,10,PM10_24h,张家口,80.0
20201111,10,SO2,张家口,17.0
20201111,10,SO2_24h,张家口,17.0
20201111,10,NO2,张家口,36.0
20201111,10,NO2_24h,张家口,41.0
20201111,10,O3,张家口,31.0
20201111,10,O3_24h,张家口,59.0
20201111,10,O3_8h,张家口,30.0
20201111,10,O3_8h_24h,张家口,34.0
20201111,10,CO,张家口,0.85
20201111,10,CO_24h,张家口,0.75
20201111,11,AQI,张家口,77.0
20201111,11,PM2.5,张家口,30.0
20201111,11,PM2.5_24h,张家口,30.0
20201111,11,PM10,张家口,103.0
20201111,11,PM10_24h,张家口,83.0
20201111,11,SO2,张家口,18.0
20201111,11,SO2_24h,张家口,18.0
20201111,11,NO2,张家口,41.0
20201111,11,NO2_24h,张家口,42.0
20201111,11,O3,张家口,35.0
20201111,11,O3_24h,张家口,59.0
20201111,11,O3_8h,张家口,30.0
20201111,11,O3_8h_24h,张家口,34.0
20201111,11,CO,张家口,0.9
20201111,11,CO_24h,张家口,0.75
20201111,12,AQI,张家口,84.0
20201111,12,PM2.5,张家口,37.0
20201111,12,PM2.5_24h,张家口,31.0
20201111,12,PM10,张家口,118.0
20201111,12,PM10_24h,张家口,86.0
20201111,12,SO2,张家口,26.0
20201111,12,SO2_24h,张家口,18.0
20201111,12,NO2,张家口,54.0
20201111,12,NO2_24h,张家口,43.0
20201111,12,O3,张家口,36.0
20201111,12,O3_24h,张家口,57.0
20201111,12,O3_8h,张家口,31.0
20201111,12,O3_8h_24h,张家口,34.0
20201111,12,CO,张家口,1.1
20201111,12,CO_24h,张家口,0.78
20201111,13,AQI,张家口,94.0
20201111,13,PM2.5,张家口,42.0
20201111,13,PM2.5_24h,张家口,32.0
20201111,13,PM10,张家口,137.0
20201111,13,PM10_24h,张家口,89.0
20201111,13,SO2,张家口,34.0
20201111,13,SO2_24h,张家口,19.0
20201111,13,NO2,张家口,65.0
20201111,13,NO2_24h,张家口,44.0
20201111,13,O3,张家口,38.0
20201111,13,O3_24h,张家口,57.0
20201111,13,O3_8h,张家口,32.0
20201111,13,O3_8h_24h,张家口,34.0
20201111,13,CO,张家口,1.32
20201111,13,CO_24h,张家口,0.78
20201111,14,AQI,张家口,98.0
20201111,14,PM2.5,张家口,58.0
20201111,14,PM2.5_24h,张家口,34.0
20201111,14,PM10,张家口,146.0
20201111,14,PM10_24h,张家口,93.0
20201111,14,SO2,张家口,38.0
20201111,14,SO2_24h,张家口,20.0
20201111,14,NO2,张家口,68.0
20201111,14,NO2_24h,张家口,45.0
20201111,14,O3,张家口,39.0
20201111,14,O3_24h,张家口,55.0
20201111,14,O3_8h,张家口,32.0
20201111,14,O3_8h_24h,张家口,34.0
20201111,14,CO,张家口,1.43
20201111,14,CO_24h,张家口,0.88
20201111,15,AQI,张家口,102.0
20201111,15,PM2.5,张家口,59.0
20201111,15,PM2.5_24h,张家口,36.0
20201111,15,PM10,张家口,154.0
20201111,15,PM10_24h,张家口,96.0
20201111,15,SO2,张家口,48.0
20201111,15,SO2_24h,张家口,21.0
20201111,15,NO2,张家口,78.0
20201111,15,NO2_24h,张家口,47.0
20201111,15,O3,张家口,36.0
20201111,15,O3_24h,张家口,47.0
20201111,15,O3_8h,张家口,33.0
20201111,15,O3_8h_24h,张家口,34.0
20201111,15,CO,张家口,1.58
20201111,15,CO_24h,张家口,0.88
20201111,16,AQI,张家口,117.0
20201111,16,PM2.5,张家口,77.0
20201111,16,PM2.5_24h,张家口,39.0
20201111,16,PM10,张家口,184.0
20201111,16,PM10_24h,张家口,101.0
20201111,16,SO2,张家口,68.0
20201111,16,SO2_24h,张家口,24.0
20201111,16,NO2,张家口,97.0
20201111,16,NO2_24h,张家口,49.0
20201111,16,O3,张家口,26.0
20201111,16,O3_24h,张家口,43.0
20201111,16,O3_8h,张家口,33.0
20201111,16,O3_8h_24h,张家口,35.0
20201111,16,CO,张家口,2.2
20201111,16,CO_24h,张家口,0.95
20201111,17,AQI,张家口,138.0
20201111,17,PM2.5,张家口,95.0
20201111,17,PM2.5_24h,张家口,41.0
20201111,17,PM10,张家口,226.0
20201111,17,PM10_24h,张家口,105.0
20201111,17,SO2,张家口,85.0
20201111,17,SO2_24h,张家口,26.0
20201111,17,NO2,张家口,112.0
20201111,17,NO2_24h,张家口,51.0
20201111,17,O3,张家口,14.0
20201111,17,O3_24h,张家口,40.0
20201111,17,O3_8h,张家口,32.0
20201111,17,O3_8h_24h,张家口,35.0
20201111,17,CO,张家口,3.05
20201111,17,CO_24h,张家口,1.07
20201111,18,AQI,张家口,155.0
20201111,18,PM2.5,张家口,116.0
20201111,18,PM2.5_24h,张家口,45.0
20201111,18,PM10,张家口,259.0
20201111,18,PM10_24h,张家口,110.0
20201111,18,SO2,张家口,76.0
20201111,18,SO2_24h,张家口,28.0
20201111,18,NO2,张家口,114.0
20201111,18,NO2_24h,张家口,53.0
20201111,18,O3,张家口,9.0
20201111,18,O3_24h,张家口,40.0
20201111,18,O3_8h,张家口,29.0
20201111,18,O3_8h_24h,张家口,35.0
20201111,18,CO,张家口,3.42
20201111,18,CO_24h,张家口,1.15
20201111,19,AQI,张家口,169.0
20201111,19,PM2.5,张家口,128.0
20201111,19,PM2.5_24h,张家口,48.0
20201111,19,PM10,张家口,259.0
20201111,19,PM10_24h,张家口,116.0
20201111,19,SO2,张家口,63.0
20201111,19,SO2_24h,张家口,29.0
20201111,19,NO2,张家口,109.0
20201111,19,NO2_24h,张家口,54.0
20201111,19,O3,张家口,11.0
20201111,19,O3_24h,张家口,40.0
20201111,19,O3_8h,张家口,26.0
20201111,19,O3_8h_24h,张家口,35.0
20201111,19,CO,张家口,3.3
20201111,19,CO_24h,张家口,1.2
20201111,20,AQI,张家口,176.0
20201111,20,PM2.5,张家口,133.0
20201111,20,PM2.5_24h,张家口,52.0
20201111,20,PM10,张家口,277.0
20201111,20,PM10_24h,张家口,121.0
20201111,20,SO2,张家口,62.0
20201111,20,SO2_24h,张家口,30.0
20201111,20,NO2,张家口,103.0
20201111,20,NO2_24h,张家口,55.0
20201111,20,O3,张家口,10.0
20201111,20,O3_24h,张家口,40.0
20201111,20,O3_8h,张家口,24.0
20201111,20,O3_8h_24h,张家口,35.0
20201111,20,CO,张家口,3.03
20201111,20,CO_24h,张家口,1.25
20201111,21,AQI,张家口,160.0
20201111,21,PM2.5,张家口,122.0
20201111,21,PM2.5_24h,张家口,54.0
20201111,21,PM10,张家口,256.0
20201111,21,PM10_24h,张家口,126.0
20201111,21,SO2,张家口,66.0
20201111,21,SO2_24h,张家口,32.0
20201111,21,NO2,张家口,99.0
20201111,21,NO2_24h,张家口,57.0
20201111,21,O3,张家口,10.0
20201111,21,O3_24h,张家口,40.0
20201111,21,O3_8h,张家口,20.0
20201111,21,O3_8h_24h,张家口,35.0
20201111,21,CO,张家口,2.52
20201111,21,CO_24h,张家口,1.32
20201111,22,AQI,张家口,145.0
20201111,22,PM2.5,张家口,111.0
20201111,22,PM2.5_24h,张家口,57.0
20201111,22,PM10,张家口,236.0
20201111,22,PM10_24h,张家口,133.0
20201111,22,SO2,张家口,52.0
20201111,22,SO2_24h,张家口,33.0
20201111,22,NO2,张家口,92.0
20201111,22,NO2_24h,张家口,59.0
20201111,22,O3,张家口,8.0
20201111,22,O3_24h,张家口,40.0
20201111,22,O3_8h,张家口,15.0
20201111,22,O3_8h_24h,张家口,35.0
20201111,22,CO,张家口,1.95
20201111,22,CO_24h,张家口,1.38
20201111,23,AQI,张家口,124.0
20201111,23,PM2.5,张家口,94.0
20201111,23,PM2.5_24h,张家口,59.0
20201111,23,PM10,张家口,196.0
20201111,23,PM10_24h,张家口,138.0
20201111,23,SO2,张家口,41.0
20201111,23,SO2_24h,张家口,34.0
20201111,23,NO2,张家口,83.0
20201111,23,NO2_24h,张家口,61.0
20201111,23,O3,张家口,9.0
20201111,23,O3_24h,张家口,40.0
20201111,23,O3_8h,张家口,12.0
20201111,23,O3_8h_24h,张家口,35.0
20201111,23,CO,张家口,1.6
20201111,23,CO_24h,张家口,1.45
20201111,0,AQI,承德,63.0
20201111,0,PM2.5,承德,35.0
20201111,0,PM2.5_24h,承德,29.0
20201111,0,PM10,承德,75.0
20201111,0,PM10_24h,承德,72.0
20201111,0,SO2,承德,11.0
20201111,0,SO2_24h,承德,21.0
20201111,0,NO2,承德,53.0
20201111,0,NO2_24h,承德,51.0
20201111,0,O3,承德,7.0
20201111,0,O3_24h,承德,53.0
20201111,0,O3_8h,承德,9.0
20201111,0,O3_8h_24h,承德,35.0
20201111,0,CO,承德,1.48
20201111,0,CO_24h,承德,1.38
20201111,1,AQI,承德,61.0
20201111,1,PM2.5,承德,36.0
20201111,1,PM2.5_24h,承德,29.0
20201111,1,PM10,承德,72.0
20201111,1,PM10_24h,承德,72.0
20201111,1,SO2,承德,10.0
20201111,1,SO2_24h,承德,21.0
20201111,1,NO2,承德,50.0
20201111,1,NO2_24h,承德,50.0
20201111,1,O3,承德,7.0
20201111,1,O3_24h,承德,53.0
20201111,1,O3_8h,承德,7.0
20201111,1,O3_8h_24h,承德,7.0
20201111,1,CO,承德,1.43
20201111,1,CO_24h,承德,1.38
20201111,2,AQI,承德,57.0
20201111,2,PM2.5,承德,33.0
20201111,2,PM2.5_24h,承德,29.0
20201111,2,PM10,承德,63.0
20201111,2,PM10_24h,承德,73.0
20201111,2,SO2,承德,10.0
20201111,2,SO2_24h,承德,21.0
20201111,2,NO2,承德,50.0
20201111,2,NO2_24h,承德,50.0
20201111,2,O3,承德,7.0
20201111,2,O3_24h,承德,53.0
20201111,2,O3_8h,承德,7.0
20201111,2,O3_8h_24h,承德,7.0
20201111,2,CO,承德,1.38
20201111,2,CO_24h,承德,1.4
20201111,3,AQI,承德,55.0
20201111,3,PM2.5,承德,30.0
20201111,3,PM2.5_24h,承德,30.0
20201111,3,PM10,承德,59.0
20201111,3,PM10_24h,承德,73.0
20201111,3,SO2,承德,10.0
20201111,3,SO2_24h,承德,21.0
20201111,3,NO2,承德,48.0
20201111,3,NO2_24h,承德,50.0
20201111,3,O3,承德,7.0
20201111,3,O3_24h,承德,53.0
20201111,3,O3_8h,承德,7.0
20201111,3,O3_8h_24h,承德,7.0
20201111,3,CO,承德,1.33
20201111,3,CO_24h,承德,1.4
20201111,4,AQI,承德,54.0
20201111,4,PM2.5,承德,30.0
20201111,4,PM2.5_24h,承德,30.0
20201111,4,PM10,承德,58.0
20201111,4,PM10_24h,承德,73.0
20201111,4,SO2,承德,9.0
20201111,4,SO2_24h,承德,21.0
20201111,4,NO2,承德,46.0
20201111,4,NO2_24h,承德,51.0
20201111,4,O3,承德,7.0
20201111,4,O3_24h,承德,53.0
20201111,4,O3_8h,承德,7.0
20201111,4,O3_8h_24h,承德,7.0
20201111,4,CO,承德,1.3
20201111,4,CO_24h,承德,1.4
20201111,5,AQI,承德,55.0
20201111,5,PM2.5,承德,30.0
20201111,5,PM2.5_24h,承德,30.0
20201111,5,PM10,承德,60.0
20201111,5,PM10_24h,承德,74.0
20201111,5,SO2,承德,9.0
20201111,5,SO2_24h,承德,21.0
20201111,5,NO2,承德,44.0
20201111,5,NO2_24h,承德,51.0
20201111,5,O3,承德,7.0
20201111,5,O3_24h,承德,53.0
20201111,5,O3_8h,承德,7.0
20201111,5,O3_8h_24h,承德,7.0
20201111,5,CO,承德,1.25
20201111,5,CO_24h,承德,1.4
20201111,6,AQI,承德,57.0
20201111,6,PM2.5,承德,32.0
20201111,6,PM2.5_24h,承德,31.0
20201111,6,PM10,承德,63.0
20201111,6,PM10_24h,承德,75.0
20201111,6,SO2,承德,9.0
20201111,6,SO2_24h,承德,21.0
20201111,6,NO2,承德,44.0
20201111,6,NO2_24h,承德,50.0
20201111,6,O3,承德,7.0
20201111,6,O3_24h,承德,53.0
20201111,6,O3_8h,承德,7.0
20201111,6,O3_8h_24h,承德,7.0
20201111,6,CO,承德,1.18
20201111,6,CO_24h,承德,1.43
20201111,8,AQI,承德,63.0
20201111,8,PM2.5,承德,40.0
20201111,8,PM2.5_24h,承德,32.0
20201111,8,PM10,承德,75.0
20201111,8,PM10_24h,承德,75.0
20201111,8,SO2,承德,11.0
20201111,8,SO2_24h,承德,21.0
20201111,8,NO2,承德,44.0
20201111,8,NO2_24h,承德,50.0
20201111,8,O3,承德,8.0
20201111,8,O3_24h,承德,53.0
20201111,8,O3_8h,承德,7.0
20201111,8,O3_8h_24h,承德,7.0
20201111,8,CO,承德,1.38
20201111,8,CO_24h,承德,1.43
20201111,10,AQI,承德,74.0
20201111,10,PM2.5,承德,42.0
20201111,10,PM2.5_24h,承德,33.0
20201111,10,PM10,承德,97.0
20201111,10,PM10_24h,承德,77.0
20201111,10,SO2,承德,13.0
20201111,10,SO2_24h,承德,21.0
20201111,10,NO2,承德,45.0
20201111,10,NO2_24h,承德,50.0
20201111,10,O3,承德,12.0
20201111,10,O3_24h,承德,53.0
20201111,10,O3_8h,承德,8.0
20201111,10,O3_8h_24h,承德,8.0
20201111,10,CO,承德,1.13
20201111,10,CO_24h,承德,1.43
20201111,11,AQI,承德,79.0
20201111,11,PM2.5,承德,37.0
20201111,11,PM2.5_24h,承德,33.0
20201111,11,PM10,承德,108.0
20201111,11,PM10_24h,承德,77.0
20201111,11,SO2,承德,15.0
20201111,11,SO2_24h,承德,21.0
20201111,11,NO2,承德,45.0
20201111,11,NO2_24h,承德,50.0
20201111,11,O3,承德,17.0
20201111,11,O3_24h,承德,53.0
20201111,11,O3_8h,承德,9.0
20201111,11,O3_8h_24h,承德,9.0
20201111,11,CO,承德,1.07
20201111,11,CO_24h,承德,1.4
20201111,12,AQI,承德,70.0
20201111,12,PM2.5,承德,36.0
20201111,12,PM2.5_24h,承德,33.0
20201111,12,PM10,承德,90.0
20201111,12,PM10_24h,承德,77.0
20201111,12,SO2,承德,17.0
20201111,12,SO2_24h,承德,18.0
20201111,12,NO2,承德,45.0
20201111,12,NO2_24h,承德,50.0
20201111,12,O3,承德,23.0
20201111,12,O3_24h,承德,53.0
20201111,12,O3_8h,承德,11.0
20201111,12,O3_8h_24h,承德,11.0
20201111,12,CO,承德,1.1
20201111,12,CO_24h,承德,1.38
20201111,13,AQI,承德,86.0
20201111,13,PM2.5,承德,39.0
20201111,13,PM2.5_24h,承德,33.0
20201111,13,PM10,承德,121.0
20201111,13,PM10_24h,承德,79.0
20201111,13,SO2,承德,17.0
20201111,13,SO2_24h,承德,16.0
20201111,13,NO2,承德,46.0
20201111,13,NO2_24h,承德,50.0
20201111,13,O3,承德,28.0
20201111,13,O3_24h,承德,53.0
20201111,13,O3_8h,承德,14.0
20201111,13,O3_8h_24h,承德,14.0
20201111,13,CO,承德,1.07
20201111,13,CO_24h,承德,1.38
20201111,14,AQI,承德,80.0
20201111,14,PM2.5,承德,39.0
20201111,14,PM2.5_24h,承德,34.0
20201111,14,PM10,承德,109.0
20201111,14,PM10_24h,承德,81.0
20201111,14,SO2,承德,17.0
20201111,14,SO2_24h,承德,15.0
20201111,14,NO2,承德,54.0
20201111,14,NO2_24h,承德,51.0
20201111,14,O3,承德,27.0
20201111,14,O3_24h,承德,53.0
20201111,14,O3_8h,承德,17.0
20201111,14,O3_8h_24h,承德,17.0
20201111,14,CO,承德,1.08
20201111,14,CO_24h,承德,1.38
20201111,15,AQI,承德,81.0
20201111,15,PM2.5,承德,47.0
20201111,15,PM2.5_24h,承德,36.0
20201111,15,PM10,承德,112.0
20201111,15,PM10_24h,承德,84.0
20201111,15,SO2,承德,17.0
20201111,15,SO2_24h,承德,14.0
20201111,15,NO2,承德,66.0
20201111,15,NO2_24h,承德,52.0
20201111,15,O3,承德,25.0
20201111,15,O3_24h,承德,46.0
20201111,15,O3_8h,承德,19.0
20201111,15,O3_8h_24h,承德,19.0
20201111,15,CO,承德,1.15
20201111,15,CO_24h,承德,1.38
20201111,16,AQI,承德,92.0
20201111,16,PM2.5,承德,52.0
20201111,16,PM2.5_24h,承德,38.0
20201111,16,PM10,承德,133.0
20201111,16,PM10_24h,承德,88.0
20201111,16,SO2,承德,16.0
20201111,16,SO2_24h,承德,14.0
20201111,16,NO2,承德,83.0
20201111,16,NO2_24h,承德,54.0
20201111,16,O3,承德,19.0
20201111,16,O3_24h,承德,31.0
20201111,16,O3_8h,承德,20.0
20201111,16,O3_8h_24h,承德,20.0
20201111,16,CO,承德,1.2
20201111,16,CO_24h,承德,1.35
20201111,17,AQI,承德,96.0
20201111,17,PM2.5,承德,71.0
20201111,17,PM2.5_24h,承德,39.0
20201111,17,PM10,承德,142.0
20201111,17,PM10_24h,承德,91.0
20201111,17,SO2,承德,15.0
20201111,17,SO2_24h,承德,14.0
20201111,17,NO2,承德,88.0
20201111,17,NO2_24h,承德,55.0
20201111,17,O3,承德,13.0
20201111,17,O3_24h,承德,30.0
20201111,17,O3_8h,承德,21.0
20201111,17,O3_8h_24h,承德,21.0
20201111,17,CO,承德,1.4
20201111,17,CO_24h,承德,1.35
20201111,18,AQI,承德,114.0
20201111,18,PM2.5,承德,79.0
20201111,18,PM2.5_24h,承德,41.0
20201111,18,PM10,承德,178.0
20201111,18,PM10_24h,承德,95.0
20201111,18,SO2,承德,16.0
20201111,18,SO2_24h,承德,14.0
20201111,18,NO2,承德,89.0
20201111,18,NO2_24h,承德,56.0
20201111,18,O3,承德,9.0
20201111,18,O3_24h,承德,30.0
20201111,18,O3_8h,承德,20.0
20201111,18,O3_8h_24h,承德,21.0
20201111,18,CO,承德,1.85
20201111,18,CO_24h,承德,1.35
20201111,19,AQI,承德,124.0
20201111,19,PM2.5,承德,88.0
20201111,19,PM2.5_24h,承德,43.0
20201111,19,PM10,承德,197.0
20201111,19,PM10_24h,承德,98.0
20201111,19,SO2,承德,16.0
20201111,19,SO2_24h,承德,13.0
20201111,19,NO2,承德,88.0
20201111,19,NO2_24h,承德,57.0
20201111,19,O3,承德,9.0
20201111,19,O3_24h,承德,30.0
20201111,19,O3_8h,承德,19.0
20201111,19,O3_8h_24h,承德,21.0
20201111,19,CO,承德,1.88
20201111,19,CO_24h,承德,1.35
20201111,20,AQI,承德,136.0
20201111,20,PM2.5,承德,104.0
20201111,20,PM2.5_24h,承德,46.0
20201111,20,PM10,承德,186.0
20201111,20,PM10_24h,承德,102.0
20201111,20,SO2,承德,17.0
20201111,20,SO2_24h,承德,13.0
20201111,20,NO2,承德,90.0
20201111,20,NO2_24h,承德,58.0
20201111,20,O3,承德,9.0
20201111,20,O3_24h,承德,30.0
20201111,20,O3_8h,承德,17.0
20201111,20,O3_8h_24h,承德,21.0
20201111,20,CO,承德,2.08
20201111,20,CO_24h,承德,1.38
20201111,21,AQI,承德,133.0
20201111,21,PM2.5,承德,101.0
20201111,21,PM2.5_24h,承德,48.0
20201111,21,PM10,承德,188.0
20201111,21,PM10_24h,承德,106.0
20201111,21,SO2,承德,15.0
20201111,21,SO2_24h,承德,13.0
20201111,21,NO2,承德,86.0
20201111,21,NO2_24h,承德,59.0
20201111,21,O3,承德,9.0
20201111,21,O3_24h,承德,30.0
20201111,21,O3_8h,承德,15.0
20201111,21,O3_8h_24h,承德,21.0
20201111,21,CO,承德,1.88
20201111,21,CO_24h,承德,1.38
20201111,22,AQI,承德,129.0
20201111,22,PM2.5,承德,98.0
20201111,22,PM2.5_24h,承德,51.0
20201111,22,PM10,承德,179.0
20201111,22,PM10_24h,承德,109.0
20201111,22,SO2,承德,15.0
20201111,22,SO2_24h,承德,13.0
20201111,22,NO2,承德,86.0
20201111,22,NO2_24h,承德,60.0
20201111,22,O3,承德,8.0
20201111,22,O3_24h,承德,30.0
20201111,22,O3_8h,承德,12.0
20201111,22,O3_8h_24h,承德,21.0
20201111,22,CO,承德,1.93
20201111,22,CO_24h,承德,1.38
20201111,23,AQI,承德,138.0
20201111,23,PM2.5,承德,105.0
20201111,23,PM2.5_24h,承德,54.0
20201111,23,PM10,承德,189.0
20201111,23,PM10_24h,承德,114.0
20201111,23,SO2,承德,14.0
20201111,23,SO2_24h,承德,13.0
20201111,23,NO2,承德,84.0
20201111,23,NO2_24h,承德,61.0
20201111,23,O3,承德,8.0
20201111,23,O3_24h,承德,30.0
20201111,23,O3_8h,承德,10.0
20201111,23,O3_8h_24h,承德,21.0
20201111,23,CO,承德,2.0
20201111,23,CO_24h,承德,1.4
20201111,0,AQI,廊坊,173.0
20201111,0,PM2.5,廊坊,131.0
20201111,0,PM2.5_24h,廊坊,62.0
20201111,0,PM10,廊坊,193.0
20201111,0,PM10_24h,廊坊,118.0
20201111,0,SO2,廊坊,13.0
20201111,0,SO2_24h,廊坊,12.0
20201111,0,NO2,廊坊,106.0
20201111,0,NO2_24h,廊坊,72.0
20201111,0,O3,廊坊,7.0
20201111,0,O3_24h,廊坊,73.0
20201111,0,O3_8h,廊坊,22.0
20201111,0,O3_8h_24h,廊坊,47.0
20201111,0,CO,廊坊,1.48
20201111,0,CO_24h,廊坊,0.97
20201111,1,AQI,廊坊,163.0
20201111,1,PM2.5,廊坊,124.0
20201111,1,PM2.5_24h,廊坊,66.0
20201111,1,PM10,廊坊,211.0
20201111,1,PM10_24h,廊坊,123.0
20201111,1,SO2,廊坊,13.0
20201111,1,SO2_24h,廊坊,12.0
20201111,1,NO2,廊坊,106.0
20201111,1,NO2_24h,廊坊,73.0
20201111,1,O3,廊坊,7.0
20201111,1,O3_24h,廊坊,73.0
20201111,1,O3_8h,廊坊,7.0
20201111,1,O3_8h_24h,廊坊,7.0
20201111,1,CO,廊坊,1.3
20201111,1,CO_24h,廊坊,0.97
20201111,2,AQI,廊坊,190.0
20201111,2,PM2.5,廊坊,143.0
20201111,2,PM2.5_24h,廊坊,70.0
20201111,2,PM10,廊坊,226.0
20201111,2,PM10_24h,廊坊,129.0
20201111,2,SO2,廊坊,14.0
20201111,2,SO2_24h,廊坊,13.0
20201111,2,NO2,廊坊,110.0
20201111,2,NO2_24h,廊坊,75.0
20201111,2,O3,廊坊,7.0
20201111,2,O3_24h,廊坊,73.0
20201111,2,O3_8h,廊坊,7.0
20201111,2,O3_8h_24h,廊坊,7.0
20201111,2,CO,廊坊,1.38
20201111,2,CO_24h,廊坊,0.97
20201111,3,AQI,廊坊,186.0
20201111,3,PM2.5,廊坊,140.0
20201111,3,PM2.5_24h,廊坊,74.0
20201111,3,PM10,廊坊,225.0
20201111,3,PM10_24h,廊坊,135.0
20201111,3,SO2,廊坊,17.0
20201111,3,SO2_24h,廊坊,13.0
20201111,3,NO2,廊坊,111.0
20201111,3,NO2_24h,廊坊,78.0
20201111,3,O3,廊坊,7.0
20201111,3,O3_24h,廊坊,73.0
20201111,3,O3_8h,廊坊,7.0
20201111,3,O3_8h_24h,廊坊,7.0
20201111,3,CO,廊坊,1.35
20201111,3,CO_24h,廊坊,1.0
20201111,4,AQI,廊坊,190.0
20201111,4,PM2.5,廊坊,143.0
20201111,4,PM2.5_24h,廊坊,78.0
20201111,4,PM10,廊坊,225.0
20201111,4,PM10_24h,廊坊,141.0
20201111,4,SO2,廊坊,19.0
20201111,4,SO2_24h,廊坊,13.0
20201111,4,NO2,廊坊,111.0
20201111,4,NO2_24h,廊坊,80.0
20201111,4,O3,廊坊,7.0
20201111,4,O3_24h,廊坊,73.0
20201111,4,O3_8h,廊坊,7.0
20201111,4,O3_8h_24h,廊坊,7.0
20201111,4,CO,廊坊,1.4
20201111,4,CO_24h,廊坊,1.05
20201111,5,AQI,廊坊,174.0
20201111,5,PM2.5,廊坊,132.0
20201111,5,PM2.5_24h,廊坊,82.0
20201111,5,PM10,廊坊,214.0
20201111,5,PM10_24h,廊坊,146.0
20201111,5,SO2,廊坊,19.0
20201111,5,SO2_24h,廊坊,14.0
20201111,5,NO2,廊坊,109.0
20201111,5,NO2_24h,廊坊,83.0
20201111,5,O3,廊坊,7.0
20201111,5,O3_24h,廊坊,73.0
20201111,5,O3_8h,廊坊,7.0
20201111,5,O3_8h_24h,廊坊,7.0
20201111,5,CO,廊坊,1.45
20201111,5,CO_24h,廊坊,1.05
20201111,6,AQI,廊坊,163.0
20201111,6,PM2.5,廊坊,124.0
20201111,6,PM2.5_24h,廊坊,85.0
20201111,6,PM10,廊坊,215.0
20201111,6,PM10_24h,廊坊,152.0
20201111,6,SO2,廊坊,19.0
20201111,6,SO2_24h,廊坊,14.0
20201111,6,NO2,廊坊,106.0
20201111,6,NO2_24h,廊坊,85.0
20201111,6,O3,廊坊,7.0
20201111,6,O3_24h,廊坊,73.0
20201111,6,O3_8h,廊坊,7.0
20201111,6,O3_8h_24h,廊坊,7.0
20201111,6,CO,廊坊,1.52
20201111,6,CO_24h,廊坊,1.02
20201111,8,AQI,廊坊,177.0
20201111,8,PM2.5,廊坊,134.0
20201111,8,PM2.5_24h,廊坊,90.0
20201111,8,PM10,廊坊,215.0
20201111,8,PM10_24h,廊坊,159.0
20201111,8,SO2,廊坊,21.0
20201111,8,SO2_24h,廊坊,15.0
20201111,8,NO2,廊坊,101.0
20201111,8,NO2_24h,廊坊,86.0
20201111,8,O3,廊坊,7.0
20201111,8,O3_24h,廊坊,73.0
20201111,8,O3_8h,廊坊,7.0
20201111,8,O3_8h_24h,廊坊,7.0
20201111,8,CO,廊坊,1.7
20201111,8,CO_24h,廊坊,1.1
20201111,10,AQI,廊坊,184.0
20201111,10,PM2.5,廊坊,139.0
20201111,10,PM2.5_24h,廊坊,99.0
20201111,10,PM10,廊坊,237.0
20201111,10,PM10_24h,廊坊,172.0
20201111,10,SO2,廊坊,25.0
20201111,10,SO2_24h,廊坊,16.0
20201111,10,NO2,廊坊,116.0
20201111,10,NO2_24h,廊坊,91.0
20201111,10,O3,廊坊,8.0
20201111,10,O3_24h,廊坊,73.0
20201111,10,O3_8h,廊坊,7.0
20201111,10,O3_8h_24h,廊坊,7.0
20201111,10,CO,廊坊,1.7
20201111,10,CO_24h,廊坊,1.17
20201111,11,AQI,廊坊,183.0
20201111,11,PM2.5,廊坊,138.0
20201111,11,PM2.5_24h,廊坊,104.0
20201111,11,PM10,廊坊,229.0
20201111,11,PM10_24h,廊坊,178.0
20201111,11,SO2,廊坊,29.0
20201111,11,SO2_24h,廊坊,17.0
20201111,11,NO2,廊坊,116.0
20201111,11,NO2_24h,廊坊,92.0
20201111,11,O3,廊坊,10.0
20201111,11,O3_24h,廊坊,73.0
20201111,11,O3_8h,廊坊,8.0
20201111,11,O3_8h_24h,廊坊,8.0
20201111,11,CO,廊坊,1.45
20201111,11,CO_24h,廊坊,1.23
20201111,12,AQI,廊坊,193.0
20201111,12,PM2.5,廊坊,145.0
20201111,12,PM2.5_24h,廊坊,109.0
20201111,12,PM10,廊坊,231.0
20201111,12,PM10_24h,廊坊,185.0
20201111,12,SO2,廊坊,29.0
20201111,12,SO2_24h,廊坊,18.0
20201111,12,NO2,廊坊,109.0
20201111,12,NO2_24h,廊坊,94.0
20201111,12,O3,廊坊,22.0
20201111,12,O3_24h,廊坊,73.0
20201111,12,O3_8h,廊坊,9.0
20201111,12,O3_8h_24h,廊坊,9.0
20201111,12,CO,廊坊,1.23
20201111,12,CO_24h,廊坊,1.25
20201111,13,AQI,廊坊,197.0
20201111,13,PM2.5,廊坊,148.0
20201111,13,PM2.5_24h,廊坊,114.0
20201111,13,PM10,廊坊,245.0
20201111,13,PM10_24h,廊坊,192.0
20201111,13,SO2,廊坊,26.0
20201111,13,SO2_24h,廊坊,18.0
20201111,13,NO2,廊坊,104.0
20201111,13,NO2_24h,廊坊,96.0
20201111,13,O3,廊坊,32.0
20201111,13,O3_24h,廊坊,73.0
20201111,13,O3_8h,廊坊,12.0
20201111,13,O3_8h_24h,廊坊,12.0
20201111,13,CO,廊坊,1.23
20201111,13,CO_24h,廊坊,1.27
20201111,14,AQI,廊坊,189.0
20201111,14,PM2.5,廊坊,142.0
20201111,14,PM2.5_24h,廊坊,118.0
20201111,14,PM10,廊坊,239.0
20201111,14,PM10_24h,廊坊,198.0
20201111,14,SO2,廊坊,24.0
20201111,14,SO2_24h,廊坊,19.0
20201111,14,NO2,廊坊,90.0
20201111,14,NO2_24h,廊坊,98.0
20201111,14,O3,廊坊,49.0
20201111,14,O3_24h,廊坊,73.0
20201111,14,O3_8h,廊坊,18.0
20201111,14,O3_8h_24h,廊坊,18.0
20201111,14,CO,廊坊,1.13
20201111,14,CO_24h,廊坊,1.3
20201111,15,AQI,廊坊,207.0
20201111,15,PM2.5,廊坊,157.0
20201111,15,PM2.5_24h,廊坊,123.0
20201111,15,PM10,廊坊,263.0
20201111,15,PM10_24h,廊坊,206.0
20201111,15,SO2,廊坊,23.0
20201111,15,SO2_24h,廊坊,19.0
20201111,15,NO2,廊坊,81.0
20201111,15,NO2_24h,廊坊,99.0
20201111,15,O3,廊坊,74.0
20201111,15,O3_24h,廊坊,73.0
20201111,15,O3_8h,廊坊,23.0
20201111,15,O3_8h_24h,廊坊,23.0
20201111,15,CO,廊坊,0.93
20201111,15,CO_24h,廊坊,1.35
20201111,16,AQI,廊坊,209.0
20201111,16,PM2.5,廊坊,159.0
20201111,16,PM2.5_24h,廊坊,127.0
20201111,16,PM10,廊坊,256.0
20201111,16,PM10_24h,廊坊,212.0
20201111,16,SO2,廊坊,22.0
20201111,16,SO2_24h,廊坊,19.0
20201111,16,NO2,廊坊,68.0
20201111,16,NO2_24h,廊坊,101.0
20201111,16,O3,廊坊,88.0
20201111,16,O3_24h,廊坊,80.0
20201111,16,O3_8h,廊坊,31.0
20201111,16,O3_8h_24h,廊坊,31.0
20201111,16,CO,廊坊,1.03
20201111,16,CO_24h,廊坊,1.35
20201111,17,AQI,廊坊,218.0
20201111,17,PM2.5,廊坊,168.0
20201111,17,PM2.5_24h,廊坊,131.0
20201111,17,PM10,廊坊,275.0
20201111,17,PM10_24h,廊坊,217.0
20201111,17,SO2,廊坊,24.0
20201111,17,SO2_24h,廊坊,19.0
20201111,17,NO2,廊坊,83.0
20201111,17,NO2_24h,廊坊,101.0
20201111,17,O3,廊坊,69.0
20201111,17,O3_24h,廊坊,82.0
20201111,17,O3_8h,廊坊,41.0
20201111,17,O3_8h_24h,廊坊,41.0
20201111,17,CO,廊坊,1.2
20201111,17,CO_24h,廊坊,1.35
20201111,18,AQI,廊坊,228.0
20201111,18,PM2.5,廊坊,178.0
20201111,18,PM2.5_24h,廊坊,135.0
20201111,18,PM10,廊坊,291.0
20201111,18,PM10_24h,廊坊,223.0
20201111,18,SO2,廊坊,18.0
20201111,18,SO2_24h,廊坊,19.0
20201111,18,NO2,廊坊,104.0
20201111,18,NO2_24h,廊坊,102.0
20201111,18,O3,廊坊,39.0
20201111,18,O3_24h,廊坊,82.0
20201111,18,O3_8h,廊坊,46.0
20201111,18,O3_8h_24h,廊坊,46.0
20201111,18,CO,廊坊,1.38
20201111,18,CO_24h,廊坊,1.35
20201111,19,AQI,廊坊,232.0
20201111,19,PM2.5,廊坊,182.0
20201111,19,PM2.5_24h,廊坊,139.0
20201111,19,PM10,廊坊,312.0
20201111,19,PM10_24h,廊坊,229.0
20201111,19,SO2,廊坊,12.0
20201111,19,SO2_24h,廊坊,19.0
20201111,19,NO2,廊坊,116.0
20201111,19,NO2_24h,廊坊,102.0
20201111,19,O3,廊坊,23.0
20201111,19,O3_24h,廊坊,82.0
20201111,19,O3_8h,廊坊,47.0
20201111,19,O3_8h_24h,廊坊,47.0
20201111,19,CO,廊坊,1.7
20201111,19,CO_24h,廊坊,1.4
20201111,20,AQI,廊坊,239.0
20201111,20,PM2.5,廊坊,189.0
20201111,20,PM2.5_24h,廊坊,142.0
20201111,20,PM10,廊坊,320.0
20201111,20,PM10_24h,廊坊,235.0
20201111,20,SO2,廊坊,12.0
20201111,20,SO2_24h,廊坊,19.0
20201111,20,NO2,廊坊,127.0
20201111,20,NO2_24h,廊坊,103.0
20201111,20,O3,廊坊,11.0
20201111,20,O3_24h,廊坊,82.0
20201111,20,O3_8h,廊坊,44.0
20201111,20,O3_8h_24h,廊坊,47.0
20201111,20,CO,廊坊,1.98
20201111,20,CO_24h,廊坊,1.45
20201111,21,AQI,廊坊,245.0
20201111,21,PM2.5,廊坊,195.0
20201111,21,PM2.5_24h,廊坊,146.0
20201111,21,PM10,廊坊,308.0
20201111,21,PM10_24h,廊坊,240.0
20201111,21,SO2,廊坊,11.0
20201111,21,SO2_24h,廊坊,19.0
20201111,21,NO2,廊坊,134.0
20201111,21,NO2_24h,廊坊,105.0
20201111,21,O3,廊坊,6.0
20201111,21,O3_24h,廊坊,82.0
20201111,21,O3_8h,廊坊,41.0
20201111,21,O3_8h_24h,廊坊,47.0
20201111,21,CO,廊坊,2.08
20201111,21,CO_24h,廊坊,1.47
20201111,22,AQI,廊坊,252.0
20201111,22,PM2.5,廊坊,202.0
20201111,22,PM2.5_24h,廊坊,150.0
20201111,22,PM10,廊坊,318.0
20201111,22,PM10_24h,廊坊,245.0
20201111,22,SO2,廊坊,11.0
20201111,22,SO2_24h,廊坊,19.0
20201111,22,NO2,廊坊,133.0
20201111,22,NO2_24h,廊坊,106.0
20201111,22,O3,廊坊,5.0
20201111,22,O3_24h,廊坊,82.0
20201111,22,O3_8h,廊坊,35.0
20201111,22,O3_8h_24h,廊坊,47.0
20201111,22,CO,廊坊,2.02
20201111,22,CO_24h,廊坊,1.5
20201111,23,AQI,廊坊,244.0
20201111,23,PM2.5,廊坊,194.0
20201111,23,PM2.5_24h,廊坊,154.0
20201111,23,PM10,廊坊,288.0
20201111,23,PM10_24h,廊坊,249.0
20201111,23,SO2,廊坊,12.0
20201111,23,SO2_24h,廊坊,19.0
20201111,23,NO2,廊坊,129.0
20201111,23,NO2_24h,廊坊,108.0
20201111,23,O3,廊坊,5.0
20201111,23,O3_24h,廊坊,82.0
20201111,23,O3_8h,廊坊,29.0
20201111,23,O3_8h_24h,廊坊,47.0
20201111,23,CO,廊坊,1.9
20201111,23,CO_24h,廊坊,1.5
20201111,0,AQI,沧州,111.0
20201111,0,PM2.5,沧州,84.0
20201111,0,PM2.5_24h,沧州,62.0
20201111,0,PM10,沧州,146.0
20201111,0,PM10_24h,沧州,127.0
20201111,0,SO2,沧州,31.0
20201111,0,SO2_24h,沧州,21.0
20201111,0,NO2,沧州,59.0
20201111,0,NO2_24h,沧州,61.0
20201111,0,O3,沧州,44.0
20201111,0,O3_24h,沧州,110.0
20201111,0,O3_8h,沧州,50.0
20201111,0,O3_8h_24h,沧州,78.0
20201111,0,CO,沧州,0.97
20201111,0,CO_24h,沧州,0.97
20201111,1,AQI,沧州,115.0
20201111,1,PM2.5,沧州,87.0
20201111,1,PM2.5_24h,沧州,63.0
20201111,1,PM10,沧州,156.0
20201111,1,PM10_24h,沧州,130.0
20201111,1,SO2,沧州,31.0
20201111,1,SO2_24h,沧州,22.0
20201111,1,NO2,沧州,83.0
20201111,1,NO2_24h,沧州,62.0
20201111,1,O3,沧州,21.0
20201111,1,O3_24h,沧州,110.0
20201111,1,O3_8h,沧州,21.0
20201111,1,O3_8h_24h,沧州,21.0
20201111,1,CO,沧州,1.0
20201111,1,CO_24h,沧州,0.93
20201111,2,AQI,沧州,121.0
20201111,2,PM2.5,沧州,92.0
20201111,2,PM2.5_24h,沧州,65.0
20201111,2,PM10,沧州,157.0
20201111,2,PM10_24h,沧州,133.0
20201111,2,SO2,沧州,29.0
20201111,2,SO2_24h,沧州,22.0
20201111,2,NO2,沧州,97.0
20201111,2,NO2_24h,沧州,64.0
20201111,2,O3,沧州,9.0
20201111,2,O3_24h,沧州,110.0
20201111,2,O3_8h,沧州,15.0
20201111,2,O3_8h_24h,沧州,21.0
20201111,2,CO,沧州,1.1
20201111,2,CO_24h,沧州,0.93
20201111,3,AQI,沧州,108.0
20201111,3,PM2.5,沧州,81.0
20201111,3,PM2.5_24h,沧州,66.0
20201111,3,PM10,沧州,155.0
20201111,3,PM10_24h,沧州,135.0
20201111,3,SO2,沧州,32.0
20201111,3,SO2_24h,沧州,23.0
20201111,3,NO2,沧州,96.0
20201111,3,NO2_24h,沧州,66.0
20201111,3,O3,沧州,8.0
20201111,3,O3_24h,沧州,110.0
20201111,3,O3_8h,沧州,13.0
20201111,3,O3_8h_24h,沧州,21.0
20201111,3,CO,沧州,1.07
20201111,3,CO_24h,沧州,0.93
20201111,4,AQI,沧州,104.0
20201111,4,PM2.5,沧州,78.0
20201111,4,PM2.5_24h,沧州,68.0
20201111,4,PM10,沧州,144.0
20201111,4,PM10_24h,沧州,137.0
20201111,4,SO2,沧州,29.0
20201111,4,SO2_24h,沧州,23.0
20201111,4,NO2,沧州,92.0
20201111,4,NO2_24h,沧州,67.0
20201111,4,O3,沧州,10.0
20201111,4,O3_24h,沧州,110.0
20201111,4,O3_8h,沧州,12.0
20201111,4,O3_8h_24h,沧州,21.0
20201111,4,CO,沧州,0.97
20201111,4,CO_24h,沧州,0.97
20201111,5,AQI,沧州,110.0
20201111,5,PM2.5,沧州,83.0
20201111,5,PM2.5_24h,沧州,69.0
20201111,5,PM10,沧州,156.0
20201111,5,PM10_24h,沧州,140.0
20201111,5,SO2,沧州,33.0
20201111,5,SO2_24h,沧州,24.0
20201111,5,NO2,沧州,89.0
20201111,5,NO2_24h,沧州,68.0
20201111,5,O3,沧州,12.0
20201111,5,O3_24h,沧州,110.0
20201111,5,O3_8h,沧州,12.0
20201111,5,O3_8h_24h,沧州,21.0
20201111,5,CO,沧州,0.97
20201111,5,CO_24h,沧州,1.0
20201111,6,AQI,沧州,111.0
20201111,6,PM2.5,沧州,84.0
20201111,6,PM2.5_24h,沧州,70.0
20201111,6,PM10,沧州,163.0
20201111,6,PM10_24h,沧州,142.0
20201111,6,SO2,沧州,31.0
20201111,6,SO2_24h,沧州,24.0
20201111,6,NO2,沧州,88.0
20201111,6,NO2_24h,沧州,70.0
20201111,6,O3,沧州,17.0
20201111,6,O3_24h,沧州,110.0
20201111,6,O3_8h,沧州,13.0
20201111,6,O3_8h_24h,沧州,21.0
20201111,6,CO,沧州,0.97
20201111,6,CO_24h,沧州,1.0
20201111,8,AQI,沧州,126.0
20201111,8,PM2.5,沧州,96.0
20201111,8,PM2.5_24h,沧州,74.0
20201111,8,PM10,沧州,171.0
20201111,8,PM10_24h,沧州,145.0
20201111,8,SO2,沧州,29.0
20201111,8,SO2_24h,沧州,25.0
20201111,8,NO2,沧州,81.0
20201111,8,NO2_24h,沧州,71.0
20201111,8,O3,沧州,20.0
20201111,8,O3_24h,沧州,110.0
20201111,8,O3_8h,沧州,14.0
20201111,8,O3_8h_24h,沧州,22.0
20201111,8,CO,沧州,1.0
20201111,8,CO_24h,沧州,0.97
20201111,10,AQI,沧州,104.0
20201111,10,PM2.5,沧州,76.0
20201111,10,PM2.5_24h,沧州,75.0
20201111,10,PM10,沧州,157.0
20201111,10,PM10_24h,沧州,148.0
20201111,10,SO2,沧州,24.0
20201111,10,SO2_24h,沧州,24.0
20201111,10,NO2,沧州,64.0
20201111,10,NO2_24h,沧州,70.0
20201111,10,O3,沧州,50.0
20201111,10,O3_24h,沧州,110.0
20201111,10,O3_8h,沧州,21.0
20201111,10,O3_8h_24h,沧州,24.0
20201111,10,CO,沧州,0.9
20201111,10,CO_24h,沧州,0.93
20201111,11,AQI,沧州,101.0
20201111,11,PM2.5,沧州,71.0
20201111,11,PM2.5_24h,沧州,76.0
20201111,11,PM10,沧州,152.0
20201111,11,PM10_24h,沧州,149.0
20201111,11,SO2,沧州,23.0
20201111,11,SO2_24h,沧州,24.0
20201111,11,NO2,沧州,50.0
20201111,11,NO2_24h,沧州,69.0
20201111,11,O3,沧州,68.0
20201111,11,O3_24h,沧州,110.0
20201111,11,O3_8h,沧州,27.0
20201111,11,O3_8h_24h,沧州,27.0
20201111,11,CO,沧州,0.75
20201111,11,CO_24h,沧州,0.9
20201111,12,AQI,沧州,104.0
20201111,12,PM2.5,沧州,69.0
20201111,12,PM2.5_24h,沧州,77.0
20201111,12,PM10,沧州,158.0
20201111,12,PM10_24h,沧州,150.0
20201111,12,SO2,沧州,20.0
20201111,12,SO2_24h,沧州,23.0
20201111,12,NO2,沧州,44.0
20201111,12,NO2_24h,沧州,69.0
20201111,12,O3,沧州,95.0
20201111,12,O3_24h,沧州,110.0
20201111,12,O3_8h,沧州,38.0
20201111,12,O3_8h_24h,沧州,38.0
20201111,12,CO,沧州,0.7
20201111,12,CO_24h,沧州,0.9
20201111,13,AQI,沧州,100.0
20201111,13,PM2.5,沧州,65.0
20201111,13,PM2.5_24h,沧州,77.0
20201111,13,PM10,沧州,150.0
20201111,13,PM10_24h,沧州,151.0
20201111,13,SO2,沧州,17.0
20201111,13,SO2_24h,沧州,23.0
20201111,13,NO2,沧州,37.0
20201111,13,NO2_24h,沧州,69.0
20201111,13,O3,沧州,125.0
20201111,13,O3_24h,沧州,125.0
20201111,13,O3_8h,沧州,52.0
20201111,13,O3_8h_24h,沧州,52.0
20201111,13,CO,沧州,0.6
20201111,13,CO_24h,沧州,0.9
20201111,14,AQI,沧州,97.0
20201111,14,PM2.5,沧州,64.0
20201111,14,PM2.5_24h,沧州,77.0
20201111,14,PM10,沧州,143.0
20201111,14,PM10_24h,沧州,152.0
20201111,14,SO2,沧州,16.0
20201111,14,SO2_24h,沧州,23.0
20201111,14,NO2,沧州,31.0
20201111,14,NO2_24h,沧州,68.0
20201111,14,O3,沧州,148.0
20201111,14,O3_24h,沧州,148.0
20201111,14,O3_8h,沧州,70.0
20201111,14,O3_8h_24h,沧州,70.0
20201111,14,CO,沧州,0.5
20201111,14,CO_24h,沧州,0.87
20201111,15,AQI,沧州,101.0
20201111,15,PM2.5,沧州,60.0
20201111,15,PM2.5_24h,沧州,77.0
20201111,15,PM10,沧州,151.0
20201111,15,PM10_24h,沧州,153.0
20201111,15,SO2,沧州,15.0
20201111,15,SO2_24h,沧州,23.0
20201111,15,NO2,沧州,31.0
20201111,15,NO2_24h,沧州,68.0
20201111,15,O3,沧州,163.0
20201111,15,O3_24h,沧州,163.0
20201111,15,O3_8h,沧州,89.0
20201111,15,O3_8h_24h,沧州,89.0
20201111,15,CO,沧州,0.5
20201111,15,CO_24h,沧州,0.87
20201111,16,AQI,沧州,99.0
20201111,16,PM2.5,沧州,68.0
20201111,16,PM2.5_24h,沧州,78.0
20201111,16,PM10,沧州,147.0
20201111,16,PM10_24h,沧州,154.0
20201111,16,SO2,沧州,14.0
20201111,16,SO2_24h,沧州,23.0
20201111,16,NO2,沧州,30.0
20201111,16,NO2_24h,沧州,68.0
20201111,16,O3,沧州,169.0
20201111,16,O3_24h,沧州,169.0
20201111,16,O3_8h,沧州,109.0
20201111,16,O3_8h_24h,沧州,109.0
20201111,16,CO,沧州,0.53
20201111,16,CO_24h,沧州,0.83
20201111,17,AQI,沧州,102.0
20201111,17,PM2.5,沧州,67.0
20201111,17,PM2.5_24h,沧州,78.0
20201111,17,PM10,沧州,153.0
20201111,17,PM10_24h,沧州,154.0
20201111,17,SO2,沧州,13.0
20201111,17,SO2_24h,沧州,23.0
20201111,17,NO2,沧州,36.0
20201111,17,NO2_24h,沧州,67.0
20201111,17,O3,沧州,157.0
20201111,17,O3_24h,沧州,169.0
20201111,17,O3_8h,沧州,125.0
20201111,17,O3_8h_24h,沧州,125.0
20201111,17,CO,沧州,0.57
20201111,17,CO_24h,沧州,0.83
20201111,18,AQI,沧州,103.0
20201111,18,PM2.5,沧州,69.0
20201111,18,PM2.5_24h,沧州,77.0
20201111,18,PM10,沧州,155.0
20201111,18,PM10_24h,沧州,154.0
20201111,18,SO2,沧州,12.0
20201111,18,SO2_24h,沧州,23.0
20201111,18,NO2,沧州,41.0
20201111,18,NO2_24h,沧州,65.0
20201111,18,O3,沧州,135.0
20201111,18,O3_24h,沧州,169.0
20201111,18,O3_8h,沧州,136.0
20201111,18,O3_8h_24h,沧州,136.0
20201111,18,CO,沧州,0.6
20201111,18,CO_24h,沧州,0.83
20201111,19,AQI,沧州,110.0
20201111,19,PM2.5,沧州,83.0
20201111,19,PM2.5_24h,沧州,77.0
20201111,19,PM10,沧州,153.0
20201111,19,PM10_24h,沧州,154.0
20201111,19,SO2,沧州,15.0
20201111,19,SO2_24h,沧州,23.0
20201111,19,NO2,沧州,46.0
20201111,19,NO2_24h,沧州,63.0
20201111,19,O3,沧州,120.0
20201111,19,O3_24h,沧州,169.0
20201111,19,O3_8h,沧州,139.0
20201111,19,O3_8h_24h,沧州,141.0
20201111,19,CO,沧州,0.6
20201111,19,CO_24h,沧州,0.8
20201111,20,AQI,沧州,105.0
20201111,20,PM2.5,沧州,79.0
20201111,20,PM2.5_24h,沧州,78.0
20201111,20,PM10,沧州,158.0
20201111,20,PM10_24h,沧州,154.0
20201111,20,SO2,沧州,15.0
20201111,20,SO2_24h,沧州,23.0
20201111,20,NO2,沧州,48.0
20201111,20,NO2_24h,沧州,62.0
20201111,20,O3,沧州,108.0
20201111,20,O3_24h,沧州,169.0
20201111,20,O3_8h,沧州,141.0
20201111,20,O3_8h_24h,沧州,142.0
20201111,20,CO,沧州,0.67
20201111,20,CO_24h,沧州,0.8
20201111,21,AQI,沧州,104.0
20201111,21,PM2.5,沧州,78.0
20201111,21,PM2.5_24h,沧州,77.0
20201111,21,PM10,沧州,150.0
20201111,21,PM10_24h,沧州,154.0
20201111,21,SO2,沧州,13.0
20201111,21,SO2_24h,沧州,23.0
20201111,21,NO2,沧州,48.0
20201111,21,NO2_24h,沧州,61.0
20201111,21,O3,沧州,99.0
20201111,21,O3_24h,沧州,169.0
20201111,21,O3_8h,沧州,137.0
20201111,21,O3_8h_24h,沧州,142.0
20201111,21,CO,沧州,0.63
20201111,21,CO_24h,沧州,0.8
20201111,22,AQI,沧州,98.0
20201111,22,PM2.5,沧州,73.0
20201111,22,PM2.5_24h,沧州,78.0
20201111,22,PM10,沧州,145.0
20201111,22,PM10_24h,沧州,154.0
20201111,22,SO2,沧州,14.0
20201111,22,SO2_24h,沧州,22.0
20201111,22,NO2,沧州,48.0
20201111,22,NO2_24h,沧州,60.0
20201111,22,O3,沧州,94.0
20201111,22,O3_24h,沧州,169.0
20201111,22,O3_8h,沧州,131.0
20201111,22,O3_8h_24h,沧州,142.0
20201111,22,CO,沧州,0.63
20201111,22,CO_24h,沧州,0.8
20201111,23,AQI,沧州,100.0
20201111,23,PM2.5,沧州,75.0
20201111,23,PM2.5_24h,沧州,77.0
20201111,23,PM10,沧州,137.0
20201111,23,PM10_24h,沧州,153.0
20201111,23,SO2,沧州,15.0
20201111,23,SO2_24h,沧州,22.0
20201111,23,NO2,沧州,39.0
20201111,23,NO2_24h,沧州,60.0
20201111,23,O3,沧州,97.0
20201111,23,O3_24h,沧州,169.0
20201111,23,O3_8h,沧州,123.0
20201111,23,O3_8h_24h,沧州,142.0
20201111,23,CO,沧州,0.57
20201111,23,CO_24h,沧州,0.8
20201111,0,AQI,衡水,120.0
20201111,0,PM2.5,衡水,91.0
20201111,0,PM2.5_24h,衡水,74.0
20201111,0,PM10,衡水,181.0
20201111,0,PM10_24h,衡水,148.0
20201111,0,SO2,衡水,34.0
20201111,0,SO2_24h,衡水,33.0
20201111,0,NO2,衡水,79.0
20201111,0,NO2_24h,衡水,63.0
20201111,0,O3,衡水,32.0
20201111,0,O3_24h,衡水,105.0
20201111,0,O3_8h,衡水,57.0
20201111,0,O3_8h_24h,衡水,83.0
20201111,0,CO,衡水,0.87
20201111,0,CO_24h,衡水,0.77
20201111,1,AQI,衡水,120.0
20201111,1,PM2.5,衡水,91.0
20201111,1,PM2.5_24h,衡水,75.0
20201111,1,PM10,衡水,175.0
20201111,1,PM10_24h,衡水,150.0
20201111,1,SO2,衡水,40.0
20201111,1,SO2_24h,衡水,33.0
20201111,1,NO2,衡水,79.0
20201111,1,NO2_24h,衡水,64.0
20201111,1,O3,衡水,33.0
20201111,1,O3_24h,衡水,105.0
20201111,1,O3_8h,衡水,33.0
20201111,1,O3_8h_24h,衡水,33.0
20201111,1,CO,衡水,0.83
20201111,1,CO_24h,衡水,0.77
20201111,2,AQI,衡水,126.0
20201111,2,PM2.5,衡水,96.0
20201111,2,PM2.5_24h,衡水,77.0
20201111,2,PM10,衡水,176.0
20201111,2,PM10_24h,衡水,153.0
20201111,2,SO2,衡水,38.0
20201111,2,SO2_24h,衡水,34.0
20201111,2,NO2,衡水,80.0
20201111,2,NO2_24h,衡水,64.0
20201111,2,O3,衡水,29.0
20201111,2,O3_24h,衡水,105.0
20201111,2,O3_8h,衡水,31.0
20201111,2,O3_8h_24h,衡水,33.0
20201111,2,CO,衡水,0.83
20201111,2,CO_24h,衡水,0.77
20201111,3,AQI,衡水,123.0
20201111,3,PM2.5,衡水,93.0
20201111,3,PM2.5_24h,衡水,78.0
20201111,3,PM10,衡水,172.0
20201111,3,PM10_24h,衡水,156.0
20201111,3,SO2,衡水,34.0
20201111,3,SO2_24h,衡水,34.0
20201111,3,NO2,衡水,83.0
20201111,3,NO2_24h,衡水,65.0
20201111,3,O3,衡水,23.0
20201111,3,O3_24h,衡水,105.0
20201111,3,O3_8h,衡水,29.0
20201111,3,O3_8h_24h,衡水,33.0
20201111,3,CO,衡水,0.83
20201111,3,CO_24h,衡水,0.77
20201111,4,AQI,衡水,121.0
20201111,4,PM2.5,衡水,92.0
20201111,4,PM2.5_24h,衡水,79.0
20201111,4,PM10,衡水,177.0
20201111,4,PM10_24h,衡水,158.0
20201111,4,SO2,衡水,32.0
20201111,4,SO2_24h,衡水,34.0
20201111,4,NO2,衡水,80.0
20201111,4,NO2_24h,衡水,65.0
20201111,4,O3,衡水,24.0
20201111,4,O3_24h,衡水,105.0
20201111,4,O3_8h,衡水,28.0
20201111,4,O3_8h_24h,衡水,33.0
20201111,4,CO,衡水,0.83
20201111,4,CO_24h,衡水,0.77
20201111,5,AQI,衡水,135.0
20201111,5,PM2.5,衡水,103.0
20201111,5,PM2.5_24h,衡水,81.0
20201111,5,PM10,衡水,183.0
20201111,5,PM10_24h,衡水,161.0
20201111,5,SO2,衡水,29.0
20201111,5,SO2_24h,衡水,33.0
20201111,5,NO2,衡水,75.0
20201111,5,NO2_24h,衡水,65.0
20201111,5,O3,衡水,26.0
20201111,5,O3_24h,衡水,105.0
20201111,5,O3_8h,衡水,27.0
20201111,5,O3_8h_24h,衡水,33.0
20201111,5,CO,衡水,0.77
20201111,5,CO_24h,衡水,0.8
20201111,6,AQI,衡水,125.0
20201111,6,PM2.5,衡水,95.0
20201111,6,PM2.5_24h,衡水,83.0
20201111,6,PM10,衡水,183.0
20201111,6,PM10_24h,衡水,163.0
20201111,6,SO2,衡水,26.0
20201111,6,SO2_24h,衡水,32.0
20201111,6,NO2,衡水,69.0
20201111,6,NO2_24h,衡水,65.0
20201111,6,O3,衡水,26.0
20201111,6,O3_24h,衡水,105.0
20201111,6,O3_8h,衡水,27.0
20201111,6,O3_8h_24h,衡水,33.0
20201111,6,CO,衡水,0.8
20201111,6,CO_24h,衡水,0.8
20201111,8,AQI,衡水,129.0
20201111,8,PM2.5,衡水,98.0
20201111,8,PM2.5_24h,衡水,85.0
20201111,8,PM10,衡水,186.0
20201111,8,PM10_24h,衡水,166.0
20201111,8,SO2,衡水,23.0
20201111,8,SO2_24h,衡水,31.0
20201111,8,NO2,衡水,69.0
20201111,8,NO2_24h,衡水,64.0
20201111,8,O3,衡水,22.0
20201111,8,O3_24h,衡水,105.0
20201111,8,O3_8h,衡水,26.0
20201111,8,O3_8h_24h,衡水,33.0
20201111,8,CO,衡水,0.83
20201111,8,CO_24h,衡水,0.8
20201111,10,AQI,衡水,135.0
20201111,10,PM2.5,衡水,103.0
20201111,10,PM2.5_24h,衡水,89.0
20201111,10,PM10,衡水,192.0
20201111,10,PM10_24h,衡水,171.0
20201111,10,SO2,衡水,26.0
20201111,10,SO2_24h,衡水,29.0
20201111,10,NO2,衡水,67.0
20201111,10,NO2_24h,衡水,64.0
20201111,10,O3,衡水,37.0
20201111,10,O3_24h,衡水,105.0
20201111,10,O3_8h,衡水,27.0
20201111,10,O3_8h_24h,衡水,33.0
20201111,10,CO,衡水,0.87
20201111,10,CO_24h,衡水,0.77
20201111,11,AQI,衡水,139.0
20201111,11,PM2.5,衡水,106.0
20201111,11,PM2.5_24h,衡水,91.0
20201111,11,PM10,衡水,182.0
20201111,11,PM10_24h,衡水,174.0
20201111,11,SO2,衡水,24.0
20201111,11,SO2_24h,衡水,28.0
20201111,11,NO2,衡水,64.0
20201111,11,NO2_24h,衡水,64.0
20201111,11,O3,衡水,47.0
20201111,11,O3_24h,衡水,105.0
20201111,11,O3_8h,衡水,30.0
20201111,11,O3_8h_24h,衡水,34.0
20201111,11,CO,衡水,0.83
20201111,11,CO_24h,衡水,0.77
20201111,12,AQI,衡水,109.0
20201111,12,PM2.5,衡水,82.0
20201111,12,PM2.5_24h,衡水,92.0
20201111,12,PM10,衡水,166.0
20201111,12,PM10_24h,衡水,175.0
20201111,12,SO2,衡水,22.0
20201111,12,SO2_24h,衡水,28.0
20201111,12,NO2,衡水,54.0
20201111,12,NO2_24h,衡水,64.0
20201111,12,O3,衡水,60.0
20201111,12,O3_24h,衡水,105.0
20201111,12,O3_8h,衡水,35.0
20201111,12,O3_8h_24h,衡水,40.0
20201111,12,CO,衡水,0.83
20201111,12,CO_24h,衡水,0.77
20201111,13,AQI,衡水,110.0
20201111,13,PM2.5,衡水,83.0
20201111,13,PM2.5_24h,衡水,92.0
20201111,13,PM10,衡水,157.0
20201111,13,PM10_24h,衡水,176.0
20201111,13,SO2,衡水,20.0
20201111,13,SO2_24h,衡水,27.0
20201111,13,NO2,衡水,49.0
20201111,13,NO2_24h,衡水,64.0
20201111,13,O3,衡水,78.0
20201111,13,O3_24h,衡水,112.0
20201111,13,O3_8h,衡水,41.0
20201111,13,O3_8h_24h,衡水,47.0
20201111,13,CO,衡水,0.73
20201111,13,CO_24h,衡水,0.8
20201111,14,AQI,衡水,104.0
20201111,14,PM2.5,衡水,60.0
20201111,14,PM2.5_24h,衡水,92.0
20201111,14,PM10,衡水,158.0
20201111,14,PM10_24h,衡水,177.0
20201111,14,SO2,衡水,17.0
20201111,14,SO2_24h,衡水,27.0
20201111,14,NO2,衡水,47.0
20201111,14,NO2_24h,衡水,65.0
20201111,14,O3,衡水,100.0
20201111,14,O3_24h,衡水,133.0
20201111,14,O3_8h,衡水,50.0
20201111,14,O3_8h_24h,衡水,57.0
20201111,14,CO,衡水,0.7
20201111,14,CO_24h,衡水,0.8
20201111,15,AQI,衡水,97.0
20201111,15,PM2.5,衡水,54.0
20201111,15,PM2.5_24h,衡水,90.0
20201111,15,PM10,衡水,143.0
20201111,15,PM10_24h,衡水,176.0
20201111,15,SO2,衡水,16.0
20201111,15,SO2_24h,衡水,27.0
20201111,15,NO2,衡水,35.0
20201111,15,NO2_24h,衡水,64.0
20201111,15,O3,衡水,112.0
20201111,15,O3_24h,衡水,146.0
20201111,15,O3_8h,衡水,60.0
20201111,15,O3_8h_24h,衡水,68.0
20201111,15,CO,衡水,0.67
20201111,15,CO_24h,衡水,0.77
20201111,16,AQI,衡水,87.0
20201111,16,PM2.5,衡水,49.0
20201111,16,PM2.5_24h,衡水,89.0
20201111,16,PM10,衡水,123.0
20201111,16,PM10_24h,衡水,174.0
20201111,16,SO2,衡水,15.0
20201111,16,SO2_24h,衡水,26.0
20201111,16,NO2,衡水,36.0
20201111,16,NO2_24h,衡水,64.0
20201111,16,O3,衡水,119.0
20201111,16,O3_24h,衡水,146.0
20201111,16,O3_8h,衡水,73.0
20201111,16,O3_8h_24h,衡水,80.0
20201111,16,CO,衡水,0.65
20201111,16,CO_24h,衡水,0.77
20201111,17,AQI,衡水,90.0
20201111,17,PM2.5,衡水,56.0
20201111,17,PM2.5_24h,衡水,88.0
20201111,17,PM10,衡水,129.0
20201111,17,PM10_24h,衡水,172.0
20201111,17,SO2,衡水,17.0
20201111,17,SO2_24h,衡水,26.0
20201111,17,NO2,衡水,37.0
20201111,17,NO2_24h,衡水,63.0
20201111,17,O3,衡水,127.0
20201111,17,O3_24h,衡水,138.0
20201111,17,O3_8h,衡水,85.0
20201111,17,O3_8h_24h,衡水,90.0
20201111,17,CO,衡水,0.65
20201111,17,CO_24h,衡水,0.77
20201111,18,AQI,衡水,97.0
20201111,18,PM2.5,衡水,61.0
20201111,18,PM2.5_24h,衡水,88.0
20201111,18,PM10,衡水,143.0
20201111,18,PM10_24h,衡水,171.0
20201111,18,SO2,衡水,19.0
20201111,18,SO2_24h,衡水,26.0
20201111,18,NO2,衡水,34.0
20201111,18,NO2_24h,衡水,63.0
20201111,18,O3,衡水,143.0
20201111,18,O3_24h,衡水,155.0
20201111,18,O3_8h,衡水,97.0
20201111,18,O3_8h_24h,衡水,97.0
20201111,18,CO,衡水,0.65
20201111,18,CO_24h,衡水,0.77
20201111,19,AQI,衡水,98.0
20201111,19,PM2.5,衡水,73.0
20201111,19,PM2.5_24h,衡水,87.0
20201111,19,PM10,衡水,142.0
20201111,19,PM10_24h,衡水,169.0
20201111,19,SO2,衡水,18.0
20201111,19,SO2_24h,衡水,25.0
20201111,19,NO2,衡水,40.0
20201111,19,NO2_24h,衡水,62.0
20201111,19,O3,衡水,122.0
20201111,19,O3_24h,衡水,155.0
20201111,19,O3_8h,衡水,107.0
20201111,19,O3_8h_24h,衡水,107.0
20201111,19,CO,衡水,0.73
20201111,19,CO_24h,衡水,0.77
20201111,20,AQI,衡水,98.0
20201111,20,PM2.5,衡水,69.0
20201111,20,PM2.5_24h,衡水,86.0
20201111,20,PM10,衡水,145.0
20201111,20,PM10_24h,衡水,167.0
20201111,20,SO2,衡水,17.0
20201111,20,SO2_24h,衡水,25.0
20201111,20,NO2,衡水,45.0
20201111,20,NO2_24h,衡水,61.0
20201111,20,O3,衡水,106.0
20201111,20,O3_24h,衡水,155.0
20201111,20,O3_8h,衡水,115.0
20201111,20,O3_8h_24h,衡水,115.0
20201111,20,CO,衡水,0.77
20201111,20,CO_24h,衡水,0.77
20201111,21,AQI,衡水,99.0
20201111,21,PM2.5,衡水,74.0
20201111,21,PM2.5_24h,衡水,86.0
20201111,21,PM10,衡水,144.0
20201111,21,PM10_24h,衡水,166.0
20201111,21,SO2,衡水,18.0
20201111,21,SO2_24h,衡水,25.0
20201111,21,NO2,衡水,37.0
20201111,21,NO2_24h,衡水,60.0
20201111,21,O3,衡水,87.0
20201111,21,O3_24h,衡水,155.0
20201111,21,O3_8h,衡水,116.0
20201111,21,O3_8h_24h,衡水,119.0
20201111,21,CO,衡水,0.7
20201111,21,CO_24h,衡水,0.77
20201111,22,AQI,衡水,98.0
20201111,22,PM2.5,衡水,72.0
20201111,22,PM2.5_24h,衡水,85.0
20201111,22,PM10,衡水,146.0
20201111,22,PM10_24h,衡水,166.0
20201111,22,SO2,衡水,18.0
20201111,22,SO2_24h,衡水,24.0
20201111,22,NO2,衡水,37.0
20201111,22,NO2_24h,衡水,59.0
20201111,22,O3,衡水,85.0
20201111,22,O3_24h,衡水,155.0
20201111,22,O3_8h,衡水,113.0
20201111,22,O3_8h_24h,衡水,123.0
20201111,22,CO,衡水,0.73
20201111,22,CO_24h,衡水,0.77
20201111,23,AQI,衡水,129.0
20201111,23,PM2.5,衡水,98.0
20201111,23,PM2.5_24h,衡水,85.0
20201111,23,PM10,衡水,141.0
20201111,23,PM10_24h,衡水,165.0
20201111,23,SO2,衡水,19.0
20201111,23,SO2_24h,衡水,24.0
20201111,23,NO2,衡水,38.0
20201111,23,NO2_24h,衡水,57.0
20201111,23,O3,衡水,80.0
20201111,23,O3_24h,衡水,155.0
20201111,23,O3_8h,衡水,108.0
20201111,23,O3_8h_24h,衡水,126.0
20201111,23,CO,衡水,0.7
20201111,23,CO_24h,衡水,0.77
20201111,0,AQI,邢台,138.0
20201111,0,PM2.5,邢台,105.0
20201111,0,PM2.5_24h,邢台,72.0
20201111,0,PM10,邢台,179.0
20201111,0,PM10_24h,邢台,140.0
20201111,0,SO2,邢台,14.0
20201111,0,SO2_24h,邢台,23.0
20201111,0,NO2,邢台,93.0
20201111,0,NO2_24h,邢台,76.0
20201111,0,O3,邢台,5.0
20201111,0,O3_24h,邢台,79.0
20201111,0,O3_8h,邢台,20.0
20201111,0,O3_8h_24h,邢台,51.0
20201111,0,CO,邢台,1.88
20201111,0,CO_24h,邢台,1.43
20201111,1,AQI,邢台,136.0
20201111,1,PM2.5,邢台,104.0
20201111,1,PM2.5_24h,邢台,74.0
20201111,1,PM10,邢台,178.0
20201111,1,PM10_24h,邢台,143.0
20201111,1,SO2,邢台,13.0
20201111,1,SO2_24h,邢台,23.0
20201111,1,NO2,邢台,87.0
20201111,1,NO2_24h,邢台,77.0
20201111,1,O3,邢台,5.0
20201111,1,O3_24h,邢台,79.0
20201111,1,O3_8h,邢台,5.0
20201111,1,O3_8h_24h,邢台,5.0
20201111,1,CO,邢台,1.7
20201111,1,CO_24h,邢台,1.43
20201111,2,AQI,邢台,128.0
20201111,2,PM2.5,邢台,97.0
20201111,2,PM2.5_24h,邢台,76.0
20201111,2,PM10,邢台,176.0
20201111,2,PM10_24h,邢台,147.0
20201111,2,SO2,邢台,13.0
20201111,2,SO2_24h,邢台,23.0
20201111,2,NO2,邢台,85.0
20201111,2,NO2_24h,邢台,78.0
20201111,2,O3,邢台,4.0
20201111,2,O3_24h,邢台,79.0
20201111,2,O3_8h,邢台,5.0
20201111,2,O3_8h_24h,邢台,5.0
20201111,2,CO,邢台,1.85
20201111,2,CO_24h,邢台,1.45
20201111,3,AQI,邢台,124.0
20201111,3,PM2.5,邢台,94.0
20201111,3,PM2.5_24h,邢台,78.0
20201111,3,PM10,邢台,172.0
20201111,3,PM10_24h,邢台,150.0
20201111,3,SO2,邢台,14.0
20201111,3,SO2_24h,邢台,23.0
20201111,3,NO2,邢台,82.0
20201111,3,NO2_24h,邢台,79.0
20201111,3,O3,邢台,4.0
20201111,3,O3_24h,邢台,79.0
20201111,3,O3_8h,邢台,4.0
20201111,3,O3_8h_24h,邢台,5.0
20201111,3,CO,邢台,1.88
20201111,3,CO_24h,邢台,1.45
20201111,4,AQI,邢台,118.0
20201111,4,PM2.5,邢台,89.0
20201111,4,PM2.5_24h,邢台,80.0
20201111,4,PM10,邢台,161.0
20201111,4,PM10_24h,邢台,153.0
20201111,4,SO2,邢台,14.0
20201111,4,SO2_24h,邢台,23.0
20201111,4,NO2,邢台,80.0
20201111,4,NO2_24h,邢台,80.0
20201111,4,O3,邢台,4.0
20201111,4,O3_24h,邢台,79.0
20201111,4,O3_8h,邢台,4.0
20201111,4,O3_8h_24h,邢台,5.0
20201111,4,CO,邢台,1.82
20201111,4,CO_24h,邢台,1.45
20201111,5,AQI,邢台,124.0
20201111,5,PM2.5,邢台,94.0
20201111,5,PM2.5_24h,邢台,82.0
20201111,5,PM10,邢台,158.0
20201111,5,PM10_24h,邢台,157.0
20201111,5,SO2,邢台,15.0
20201111,5,SO2_24h,邢台,23.0
20201111,5,NO2,邢台,76.0
20201111,5,NO2_24h,邢台,80.0
20201111,5,O3,邢台,5.0
20201111,5,O3_24h,邢台,79.0
20201111,5,O3_8h,邢台,4.0
20201111,5,O3_8h_24h,邢台,5.0
20201111,5,CO,邢台,1.78
20201111,5,CO_24h,邢台,1.48
20201111,6,AQI,邢台,124.0
20201111,6,PM2.5,邢台,94.0
20201111,6,PM2.5_24h,邢台,84.0
20201111,6,PM10,邢台,160.0
20201111,6,PM10_24h,邢台,159.0
20201111,6,SO2,邢台,13.0
20201111,6,SO2_24h,邢台,22.0
20201111,6,NO2,邢台,71.0
20201111,6,NO2_24h,邢台,81.0
20201111,6,O3,邢台,4.0
20201111,6,O3_24h,邢台,79.0
20201111,6,O3_8h,邢台,4.0
20201111,6,O3_8h_24h,邢台,5.0
20201111,6,CO,邢台,1.8
20201111,6,CO_24h,邢台,1.48
20201111,8,AQI,邢台,131.0
20201111,8,PM2.5,邢台,100.0
20201111,8,PM2.5_24h,邢台,88.0
20201111,8,PM10,邢台,192.0
20201111,8,PM10_24h,邢台,167.0
20201111,8,SO2,邢台,12.0
20201111,8,SO2_24h,邢台,22.0
20201111,8,NO2,邢台,65.0
20201111,8,NO2_24h,邢台,83.0
20201111,8,O3,邢台,7.0
20201111,8,O3_24h,邢台,79.0
20201111,8,O3_8h,邢台,5.0
20201111,8,O3_8h_24h,邢台,5.0
20201111,8,CO,邢台,2.27
20201111,8,CO_24h,邢台,1.55
20201111,10,AQI,邢台,135.0
20201111,10,PM2.5,邢台,103.0
20201111,10,PM2.5_24h,邢台,93.0
20201111,10,PM10,邢台,196.0
20201111,10,PM10_24h,邢台,173.0
20201111,10,SO2,邢台,29.0
20201111,10,SO2_24h,邢台,22.0
20201111,10,NO2,邢台,77.0
20201111,10,NO2_24h,邢台,83.0
20201111,10,O3,邢台,17.0
20201111,10,O3_24h,邢台,79.0
20201111,10,O3_8h,邢台,7.0
20201111,10,O3_8h_24h,邢台,7.0
20201111,10,CO,邢台,2.55
20201111,10,CO_24h,邢台,1.65
20201111,11,AQI,邢台,161.0
20201111,11,PM2.5,邢台,123.0
20201111,11,PM2.5_24h,邢台,95.0
20201111,11,PM10,邢台,207.0
20201111,11,PM10_24h,邢台,176.0
20201111,11,SO2,邢台,41.0
20201111,11,SO2_24h,邢台,22.0
20201111,11,NO2,邢台,81.0
20201111,11,NO2_24h,邢台,84.0
20201111,11,O3,邢台,34.0
20201111,11,O3_24h,邢台,79.0
20201111,11,O3_8h,邢台,11.0
20201111,11,O3_8h_24h,邢台,11.0
20201111,11,CO,邢台,2.3
20201111,11,CO_24h,邢台,1.7
20201111,12,AQI,邢台,154.0
20201111,12,PM2.5,邢台,118.0
20201111,12,PM2.5_24h,邢台,98.0
20201111,12,PM10,邢台,226.0
20201111,12,PM10_24h,邢台,180.0
20201111,12,SO2,邢台,47.0
20201111,12,SO2_24h,邢台,22.0
20201111,12,NO2,邢台,86.0
20201111,12,NO2_24h,邢台,84.0
20201111,12,O3,邢台,47.0
20201111,12,O3_24h,邢台,79.0
20201111,12,O3_8h,邢台,15.0
20201111,12,O3_8h_24h,邢台,15.0
20201111,12,CO,邢台,2.67
20201111,12,CO_24h,邢台,1.77
20201111,13,AQI,邢台,122.0
20201111,13,PM2.5,邢台,84.0
20201111,13,PM2.5_24h,邢台,100.0
20201111,13,PM10,邢台,194.0
20201111,13,PM10_24h,邢台,183.0
20201111,13,SO2,邢台,33.0
20201111,13,SO2_24h,邢台,22.0
20201111,13,NO2,邢台,68.0
20201111,13,NO2_24h,邢台,85.0
20201111,13,O3,邢台,92.0
20201111,13,O3_24h,邢台,92.0
20201111,13,O3_8h,邢台,26.0
20201111,13,O3_8h_24h,邢台,26.0
20201111,13,CO,邢台,1.73
20201111,13,CO_24h,邢台,1.8
20201111,14,AQI,邢台,111.0
20201111,14,PM2.5,邢台,74.0
20201111,14,PM2.5_24h,邢台,99.0
20201111,14,PM10,邢台,172.0
20201111,14,PM10_24h,邢台,184.0
20201111,14,SO2,邢台,29.0
20201111,14,SO2_24h,邢台,22.0
20201111,14,NO2,邢台,41.0
20201111,14,NO2_24h,邢台,84.0
20201111,14,O3,邢台,127.0
20201111,14,O3_24h,邢台,127.0
20201111,14,O3_8h,邢台,42.0
20201111,14,O3_8h_24h,邢台,42.0
20201111,14,CO,邢台,1.4
20201111,14,CO_24h,邢台,1.8
20201111,15,AQI,邢台,101.0
20201111,15,PM2.5,邢台,53.0
20201111,15,PM2.5_24h,邢台,98.0
20201111,15,PM10,邢台,152.0
20201111,15,PM10_24h,邢台,184.0
20201111,15,SO2,邢台,18.0
20201111,15,SO2_24h,邢台,21.0
20201111,15,NO2,邢台,25.0
20201111,15,NO2_24h,邢台,81.0
20201111,15,O3,邢台,147.0
20201111,15,O3_24h,邢台,147.0
20201111,15,O3_8h,邢台,60.0
20201111,15,O3_8h_24h,邢台,60.0
20201111,15,CO,邢台,0.68
20201111,15,CO_24h,邢台,1.75
20201111,16,AQI,邢台,95.0
20201111,16,PM2.5,邢台,50.0
20201111,16,PM2.5_24h,邢台,96.0
20201111,16,PM10,邢台,139.0
20201111,16,PM10_24h,邢台,182.0
20201111,16,SO2,邢台,15.0
20201111,16,SO2_24h,邢台,20.0
20201111,16,NO2,邢台,24.0
20201111,16,NO2_24h,邢台,79.0
20201111,16,O3,邢台,151.0
20201111,16,O3_24h,邢台,152.0
20201111,16,O3_8h,邢台,79.0
20201111,16,O3_8h_24h,邢台,79.0
20201111,16,CO,邢台,0.6
20201111,16,CO_24h,邢台,1.72
20201111,17,AQI,邢台,87.0
20201111,17,PM2.5,邢台,58.0
20201111,17,PM2.5_24h,邢台,94.0
20201111,17,PM10,邢台,124.0
20201111,17,PM10_24h,邢台,180.0
20201111,17,SO2,邢台,13.0
20201111,17,SO2_24h,邢台,20.0
20201111,17,NO2,邢台,28.0
20201111,17,NO2_24h,邢台,77.0
20201111,17,O3,邢台,137.0
20201111,17,O3_24h,邢台,152.0
20201111,17,O3_8h,邢台,96.0
20201111,17,O3_8h_24h,邢台,96.0
20201111,17,CO,邢台,0.53
20201111,17,CO_24h,邢台,1.7
20201111,18,AQI,邢台,96.0
20201111,18,PM2.5,邢台,63.0
20201111,18,PM2.5_24h,邢台,92.0
20201111,18,PM10,邢台,141.0
20201111,18,PM10_24h,邢台,178.0
20201111,18,SO2,邢台,12.0
20201111,18,SO2_24h,邢台,19.0
20201111,18,NO2,邢台,39.0
20201111,18,NO2_24h,邢台,75.0
20201111,18,O3,邢台,120.0
20201111,18,O3_24h,邢台,152.0
20201111,18,O3_8h,邢台,109.0
20201111,18,O3_8h_24h,邢台,109.0
20201111,18,CO,邢台,0.55
20201111,18,CO_24h,邢台,1.68
20201111,19,AQI,邢台,100.0
20201111,19,PM2.5,邢台,75.0
20201111,19,PM2.5_24h,邢台,91.0
20201111,19,PM10,邢台,144.0
20201111,19,PM10_24h,邢台,175.0
20201111,19,SO2,邢台,14.0
20201111,19,SO2_24h,邢台,19.0
20201111,19,NO2,邢台,46.0
20201111,19,NO2_24h,邢台,72.0
20201111,19,O3,邢台,106.0
20201111,19,O3_24h,邢台,152.0
20201111,19,O3_8h,邢台,118.0
20201111,19,O3_8h_24h,邢台,118.0
20201111,19,CO,邢台,0.68
20201111,19,CO_24h,邢台,1.68
20201111,20,AQI,邢台,95.0
20201111,20,PM2.5,邢台,70.0
20201111,20,PM2.5_24h,邢台,89.0
20201111,20,PM10,邢台,140.0
20201111,20,PM10_24h,邢台,173.0
20201111,20,SO2,邢台,14.0
20201111,20,SO2_24h,邢台,19.0
20201111,20,NO2,邢台,48.0
20201111,20,NO2_24h,邢台,69.0
20201111,20,O3,邢台,96.0
20201111,20,O3_24h,邢台,152.0
20201111,20,O3_8h,邢台,122.0
20201111,20,O3_8h_24h,邢台,124.0
20201111,20,CO,邢台,0.78
20201111,20,CO_24h,邢台,1.6
20201111,21,AQI,邢台,89.0
20201111,21,PM2.5,邢台,66.0
20201111,21,PM2.5_24h,邢台,88.0
20201111,21,PM10,邢台,123.0
20201111,21,PM10_24h,邢台,170.0
20201111,21,SO2,邢台,14.0
20201111,21,SO2_24h,邢台,19.0
20201111,21,NO2,邢台,44.0
20201111,21,NO2_24h,邢台,66.0
20201111,21,O3,邢台,97.0
20201111,21,O3_24h,邢台,152.0
20201111,21,O3_8h,邢台,123.0
20201111,21,O3_8h_24h,邢台,125.0
20201111,21,CO,邢台,0.9
20201111,21,CO_24h,邢台,1.6
20201111,22,AQI,邢台,91.0
20201111,22,PM2.5,邢台,62.0
20201111,22,PM2.5_24h,邢台,86.0
20201111,22,PM10,邢台,132.0
20201111,22,PM10_24h,邢台,167.0
20201111,22,SO2,邢台,13.0
20201111,22,SO2_24h,邢台,18.0
20201111,22,NO2,邢台,38.0
20201111,22,NO2_24h,邢台,63.0
20201111,22,O3,邢台,96.0
20201111,22,O3_24h,邢台,152.0
20201111,22,O3_8h,邢台,119.0
20201111,22,O3_8h_24h,邢台,125.0
20201111,22,CO,邢台,0.8
20201111,22,CO_24h,邢台,1.55
20201111,23,AQI,邢台,99.0
20201111,23,PM2.5,邢台,74.0
20201111,23,PM2.5_24h,邢台,84.0
20201111,23,PM10,邢台,137.0
20201111,23,PM10_24h,邢台,164.0
20201111,23,SO2,邢台,14.0
20201111,23,SO2_24h,邢台,18.0
20201111,23,NO2,邢台,41.0
20201111,23,NO2_24h,邢台,61.0
20201111,23,O3,邢台,83.0
20201111,23,O3_24h,邢台,152.0
20201111,23,O3_8h,邢台,111.0
20201111,23,O3_8h_24h,邢台,125.0
20201111,23,CO,邢台,0.75
20201111,23,CO_24h,邢台,1.5
20201111,0,AQI,太原,110.0
20201111,0,PM2.5,太原,83.0
20201111,0,PM2.5_24h,太原,63.0
20201111,0,PM10,太原,163.0
20201111,0,PM10_24h,太原,124.0
20201111,0,SO2,太原,21.0
20201111,0,SO2_24h,太原,30.0
20201111,0,NO2,太原,94.0
20201111,0,NO2_24h,太原,75.0
20201111,0,O3,太原,3.0
20201111,0,O3_24h,太原,95.0
20201111,0,O3_8h,太原,19.0
20201111,0,O3_8h_24h,太原,59.0
20201111,0,CO,太原,1.33
20201111,0,CO_24h,太原,1.29
20201111,1,AQI,太原,104.0
20201111,1,PM2.5,太原,78.0
20201111,1,PM2.5_24h,太原,64.0
20201111,1,PM10,太原,158.0
20201111,1,PM10_24h,太原,126.0
20201111,1,SO2,太原,19.0
20201111,1,SO2_24h,太原,30.0
20201111,1,NO2,太原,89.0
20201111,1,NO2_24h,太原,76.0
20201111,1,O3,太原,4.0
20201111,1,O3_24h,太原,95.0
20201111,1,O3_8h,太原,4.0
20201111,1,O3_8h_24h,太原,4.0
20201111,1,CO,太原,1.35
20201111,1,CO_24h,太原,1.29
20201111,2,AQI,太原,101.0
20201111,2,PM2.5,太原,76.0
20201111,2,PM2.5_24h,太原,65.0
20201111,2,PM10,太原,148.0
20201111,2,PM10_24h,太原,128.0
20201111,2,SO2,太原,19.0
20201111,2,SO2_24h,太原,30.0
20201111,2,NO2,太原,89.0
20201111,2,NO2_24h,太原,76.0
20201111,2,O3,太原,3.0
20201111,2,O3_24h,太原,95.0
20201111,2,O3_8h,太原,3.0
20201111,2,O3_8h_24h,太原,4.0
20201111,2,CO,太原,1.41
20201111,2,CO_24h,太原,1.29
20201111,3,AQI,太原,100.0
20201111,3,PM2.5,太原,75.0
20201111,3,PM2.5_24h,太原,66.0
20201111,3,PM10,太原,145.0
20201111,3,PM10_24h,太原,130.0
20201111,3,SO2,太原,19.0
20201111,3,SO2_24h,太原,30.0
20201111,3,NO2,太原,86.0
20201111,3,NO2_24h,太原,76.0
20201111,3,O3,太原,3.0
20201111,3,O3_24h,太原,95.0
20201111,3,O3_8h,太原,3.0
20201111,3,O3_8h_24h,太原,4.0
20201111,3,CO,太原,1.44
20201111,3,CO_24h,太原,1.3
20201111,4,AQI,太原,99.0
20201111,4,PM2.5,太原,74.0
20201111,4,PM2.5_24h,太原,68.0
20201111,4,PM10,太原,145.0
20201111,4,PM10_24h,太原,132.0
20201111,4,SO2,太原,19.0
20201111,4,SO2_24h,太原,30.0
20201111,4,NO2,太原,85.0
20201111,4,NO2_24h,太原,77.0
20201111,4,O3,太原,3.0
20201111,4,O3_24h,太原,95.0
20201111,4,O3_8h,太原,3.0
20201111,4,O3_8h_24h,太原,4.0
20201111,4,CO,太原,1.4
20201111,4,CO_24h,太原,1.3
20201111,5,AQI,太原,99.0
20201111,5,PM2.5,太原,74.0
20201111,5,PM2.5_24h,太原,69.0
20201111,5,PM10,太原,144.0
20201111,5,PM10_24h,太原,134.0
20201111,5,SO2,太原,19.0
20201111,5,SO2_24h,太原,30.0
20201111,5,NO2,太原,83.0
20201111,5,NO2_24h,太原,77.0
20201111,5,O3,太原,4.0
20201111,5,O3_24h,太原,95.0
20201111,5,O3_8h,太原,3.0
20201111,5,O3_8h_24h,太原,4.0
20201111,5,CO,太原,1.39
20201111,5,CO_24h,太原,1.31
20201111,6,AQI,太原,100.0
20201111,6,PM2.5,太原,75.0
20201111,6,PM2.5_24h,太原,70.0
20201111,6,PM10,太原,145.0
20201111,6,PM10_24h,太原,136.0
20201111,6,SO2,太原,19.0
20201111,6,SO2_24h,太原,30.0
20201111,6,NO2,太原,80.0
20201111,6,NO2_24h,太原,78.0
20201111,6,O3,太原,4.0
20201111,6,O3_24h,太原,95.0
20201111,6,O3_8h,太原,4.0
20201111,6,O3_8h_24h,太原,4.0
20201111,6,CO,太原,1.45
20201111,6,CO_24h,太原,1.32
20201111,8,AQI,太原,106.0
20201111,8,PM2.5,太原,80.0
20201111,8,PM2.5_24h,太原,73.0
20201111,8,PM10,太原,156.0
20201111,8,PM10_24h,太原,140.0
20201111,8,SO2,太原,16.0
20201111,8,SO2_24h,太原,29.0
20201111,8,NO2,太原,77.0
20201111,8,NO2_24h,太原,79.0
20201111,8,O3,太原,5.0
20201111,8,O3_24h,太原,95.0
20201111,8,O3_8h,太原,4.0
20201111,8,O3_8h_24h,太原,4.0
20201111,8,CO,太原,1.57
20201111,8,CO_24h,太原,1.38
20201111,10,AQI,太原,120.0
20201111,10,PM2.5,太原,91.0
20201111,10,PM2.5_24h,太原,76.0
20201111,10,PM10,太原,182.0
20201111,10,PM10_24h,太原,145.0
20201111,10,SO2,太原,26.0
20201111,10,SO2_24h,太原,28.0
20201111,10,NO2,太原,81.0
20201111,10,NO2_24h,太原,81.0
20201111,10,O3,太原,11.0
20201111,10,O3_24h,太原,95.0
20201111,10,O3_8h,太原,5.0
20201111,10,O3_8h_24h,太原,5.0
20201111,10,CO,太原,1.99
20201111,10,CO_24h,太原,1.4
20201111,11,AQI,太原,133.0
20201111,11,PM2.5,太原,101.0
20201111,11,PM2.5_24h,太原,78.0
20201111,11,PM10,太原,193.0
20201111,11,PM10_24h,太原,149.0
20201111,11,SO2,太原,31.0
20201111,11,SO2_24h,太原,28.0
20201111,11,NO2,太原,83.0
20201111,11,NO2_24h,太原,82.0
20201111,11,O3,太原,25.0
20201111,11,O3_24h,太原,95.0
20201111,11,O3_8h,太原,8.0
20201111,11,O3_8h_24h,太原,8.0
20201111,11,CO,太原,2.01
20201111,11,CO_24h,太原,1.46
20201111,12,AQI,太原,150.0
20201111,12,PM2.5,太原,115.0
20201111,12,PM2.5_24h,太原,80.0
20201111,12,PM10,太原,205.0
20201111,12,PM10_24h,太原,153.0
20201111,12,SO2,太原,38.0
20201111,12,SO2_24h,太原,28.0
20201111,12,NO2,太原,78.0
20201111,12,NO2_24h,太原,83.0
20201111,12,O3,太原,51.0
20201111,12,O3_24h,太原,95.0
20201111,12,O3_8h,太原,14.0
20201111,12,O3_8h_24h,太原,14.0
20201111,12,CO,太原,1.69
20201111,12,CO_24h,太原,1.48
20201111,13,AQI,太原,173.0
20201111,13,PM2.5,太原,131.0
20201111,13,PM2.5_24h,太原,84.0
20201111,13,PM10,太原,221.0
20201111,13,PM10_24h,太原,158.0
20201111,13,SO2,太原,49.0
20201111,13,SO2_24h,太原,28.0
20201111,13,NO2,太原,67.0
20201111,13,NO2_24h,太原,84.0
20201111,13,O3,太原,80.0
20201111,13,O3_24h,太原,95.0
20201111,13,O3_8h,太原,22.0
20201111,13,O3_8h_24h,太原,22.0
20201111,13,CO,太原,1.6
20201111,13,CO_24h,太原,1.49
20201111,14,AQI,太原,186.0
20201111,14,PM2.5,太原,140.0
20201111,14,PM2.5_24h,太原,87.0
20201111,14,PM10,太原,230.0
20201111,14,PM10_24h,太原,163.0
20201111,14,SO2,太原,56.0
20201111,14,SO2_24h,太原,28.0
20201111,14,NO2,太原,56.0
20201111,14,NO2_24h,太原,84.0
20201111,14,O3,太原,110.0
20201111,14,O3_24h,太原,110.0
20201111,14,O3_8h,太原,36.0
20201111,14,O3_8h_24h,太原,36.0
20201111,14,CO,太原,1.39
20201111,14,CO_24h,太原,1.48
20201111,15,AQI,太原,169.0
20201111,15,PM2.5,太原,128.0
20201111,15,PM2.5_24h,太原,89.0
20201111,15,PM10,太原,213.0
20201111,15,PM10_24h,太原,167.0
20201111,15,SO2,太原,51.0
20201111,15,SO2_24h,太原,28.0
20201111,15,NO2,太原,49.0
20201111,15,NO2_24h,太原,83.0
20201111,15,O3,太原,132.0
20201111,15,O3_24h,太原,132.0
20201111,15,O3_8h,太原,52.0
20201111,15,O3_8h_24h,太原,52.0
20201111,15,CO,太原,1.21
20201111,15,CO_24h,太原,1.46
20201111,16,AQI,太原,145.0
20201111,16,PM2.5,太原,111.0
20201111,16,PM2.5_24h,太原,91.0
20201111,16,PM10,太原,183.0
20201111,16,PM10_24h,太原,169.0
20201111,16,SO2,太原,40.0
20201111,16,SO2_24h,太原,28.0
20201111,16,NO2,太原,48.0
20201111,16,NO2_24h,太原,83.0
20201111,16,O3,太原,134.0
20201111,16,O3_24h,太原,136.0
20201111,16,O3_8h,太原,69.0
20201111,16,O3_8h_24h,太原,69.0
20201111,16,CO,太原,1.11
20201111,16,CO_24h,太原,1.48
20201111,17,AQI,太原,150.0
20201111,17,PM2.5,太原,115.0
20201111,17,PM2.5_24h,太原,93.0
20201111,17,PM10,太原,195.0
20201111,17,PM10_24h,太原,172.0
20201111,17,SO2,太原,39.0
20201111,17,SO2_24h,太原,29.0
20201111,17,NO2,太原,59.0
20201111,17,NO2_24h,太原,83.0
20201111,17,O3,太原,119.0
20201111,17,O3_24h,太原,136.0
20201111,17,O3_8h,太原,83.0
20201111,17,O3_8h_24h,太原,83.0
20201111,17,CO,太原,1.16
20201111,17,CO_24h,太原,1.46
20201111,18,AQI,太原,161.0
20201111,18,PM2.5,太原,123.0
20201111,18,PM2.5_24h,太原,95.0
20201111,18,PM10,太原,209.0
20201111,18,PM10_24h,太原,174.0
20201111,18,SO2,太原,39.0
20201111,18,SO2_24h,太原,29.0
20201111,18,NO2,太原,83.0
20201111,18,NO2_24h,太原,82.0
20201111,18,O3,太原,86.0
20201111,18,O3_24h,太原,136.0
20201111,18,O3_8h,太原,93.0
20201111,18,O3_8h_24h,太原,93.0
20201111,18,CO,太原,1.57
20201111,18,CO_24h,太原,1.46
20201111,19,AQI,太原,176.0
20201111,19,PM2.5,太原,133.0
20201111,19,PM2.5_24h,太原,96.0
20201111,19,PM10,太原,234.0
20201111,19,PM10_24h,太原,176.0
20201111,19,SO2,太原,34.0
20201111,19,SO2_24h,太原,29.0
20201111,19,NO2,太原,126.0
20201111,19,NO2_24h,太原,82.0
20201111,19,O3,太原,30.0
20201111,19,O3_24h,太原,136.0
20201111,19,O3_8h,太原,93.0
20201111,19,O3_8h_24h,太原,94.0
20201111,19,CO,太原,1.98
20201111,19,CO_24h,太原,1.48
20201111,20,AQI,太原,191.0
20201111,20,PM2.5,太原,144.0
20201111,20,PM2.5_24h,太原,98.0
20201111,20,PM10,太原,252.0
20201111,20,PM10_24h,太原,178.0
20201111,20,SO2,太原,30.0
20201111,20,SO2_24h,太原,29.0
20201111,20,NO2,太原,133.0
20201111,20,NO2_24h,太原,83.0
20201111,20,O3,太原,14.0
20201111,20,O3_24h,太原,136.0
20201111,20,O3_8h,太原,88.0
20201111,20,O3_8h_24h,太原,94.0
20201111,20,CO,太原,2.06
20201111,20,CO_24h,太原,1.5
20201111,21,AQI,太原,199.0
20201111,21,PM2.5,太原,149.0
20201111,21,PM2.5_24h,太原,101.0
20201111,21,PM10,太原,258.0
20201111,21,PM10_24h,太原,181.0
20201111,21,SO2,太原,29.0
20201111,21,SO2_24h,太原,29.0
20201111,21,NO2,太原,135.0
20201111,21,NO2_24h,太原,84.0
20201111,21,O3,太原,6.0
20201111,21,O3_24h,太原,136.0
20201111,21,O3_8h,太原,79.0
20201111,21,O3_8h_24h,太原,94.0
20201111,21,CO,太原,1.96
20201111,21,CO_24h,太原,1.55
20201111,22,AQI,太原,204.0
20201111,22,PM2.5,太原,154.0
20201111,22,PM2.5_24h,太原,104.0
20201111,22,PM10,太原,262.0
20201111,22,PM10_24h,太原,185.0
20201111,22,SO2,太原,30.0
20201111,22,SO2_24h,太原,29.0
20201111,22,NO2,太原,131.0
20201111,22,NO2_24h,太原,86.0
20201111,22,O3,太原,6.0
20201111,22,O3_24h,太原,136.0
20201111,22,O3_8h,太原,66.0
20201111,22,O3_8h_24h,太原,94.0
20201111,22,CO,太原,1.93
20201111,22,CO_24h,太原,1.56
20201111,23,AQI,太原,204.0
20201111,23,PM2.5,太原,154.0
20201111,23,PM2.5_24h,太原,107.0
20201111,23,PM10,太原,259.0
20201111,23,PM10_24h,太原,188.0
20201111,23,SO2,太原,29.0
20201111,23,SO2_24h,太原,29.0
20201111,23,NO2,太原,128.0
20201111,23,NO2_24h,太原,87.0
20201111,23,O3,太原,4.0
20201111,23,O3_24h,太原,136.0
20201111,23,O3_8h,太原,50.0
20201111,23,O3_8h_24h,太原,94.0
20201111,23,CO,太原,1.82
20201111,23,CO_24h,太原,1.59
20201111,0,AQI,呼和浩特,77.0
20201111,0,PM2.5,呼和浩特,55.0
20201111,0,PM2.5_24h,呼和浩特,39.0
20201111,0,PM10,呼和浩特,103.0
20201111,0,PM10_24h,呼和浩特,85.0
20201111,0,SO2,呼和浩特,19.0
20201111,0,SO2_24h,呼和浩特,18.0
20201111,0,NO2,呼和浩特,82.0
20201111,0,NO2_24h,呼和浩特,59.0
20201111,0,O3,呼和浩特,6.0
20201111,0,O3_24h,呼和浩特,73.0
20201111,0,O3_8h,呼和浩特,19.0
20201111,0,O3_8h_24h,呼和浩特,58.0
20201111,0,CO,呼和浩特,1.7
20201111,0,CO_24h,呼和浩特,1.43
20201111,1,AQI,呼和浩特,68.0
20201111,1,PM2.5,呼和浩特,49.0
20201111,1,PM2.5_24h,呼和浩特,39.0
20201111,1,PM10,呼和浩特,85.0
20201111,1,PM10_24h,呼和浩特,85.0
20201111,1,SO2,呼和浩特,16.0
20201111,1,SO2_24h,呼和浩特,18.0
20201111,1,NO2,呼和浩特,78.0
20201111,1,NO2_24h,呼和浩特,60.0
20201111,1,O3,呼和浩特,7.0
20201111,1,O3_24h,呼和浩特,73.0
20201111,1,O3_8h,呼和浩特,7.0
20201111,1,O3_8h_24h,呼和浩特,7.0
20201111,1,CO,呼和浩特,1.61
20201111,1,CO_24h,呼和浩特,1.43
20201111,2,AQI,呼和浩特,65.0
20201111,2,PM2.5,呼和浩特,45.0
20201111,2,PM2.5_24h,呼和浩特,39.0
20201111,2,PM10,呼和浩特,79.0
20201111,2,PM10_24h,呼和浩特,85.0
20201111,2,SO2,呼和浩特,17.0
20201111,2,SO2_24h,呼和浩特,18.0
20201111,2,NO2,呼和浩特,75.0
20201111,2,NO2_24h,呼和浩特,60.0
20201111,2,O3,呼和浩特,7.0
20201111,2,O3_24h,呼和浩特,73.0
20201111,2,O3_8h,呼和浩特,7.0
20201111,2,O3_8h_24h,呼和浩特,7.0
20201111,2,CO,呼和浩特,1.61
20201111,2,CO_24h,呼和浩特,1.44
20201111,3,AQI,呼和浩特,66.0
20201111,3,PM2.5,呼和浩特,46.0
20201111,3,PM2.5_24h,呼和浩特,40.0
20201111,3,PM10,呼和浩特,81.0
20201111,3,PM10_24h,呼和浩特,85.0
20201111,3,SO2,呼和浩特,17.0
20201111,3,SO2_24h,呼和浩特,19.0
20201111,3,NO2,呼和浩特,74.0
20201111,3,NO2_24h,呼和浩特,60.0
20201111,3,O3,呼和浩特,6.0
20201111,3,O3_24h,呼和浩特,73.0
20201111,3,O3_8h,呼和浩特,7.0
20201111,3,O3_8h_24h,呼和浩特,7.0
20201111,3,CO,呼和浩特,1.64
20201111,3,CO_24h,呼和浩特,1.44
20201111,4,AQI,呼和浩特,64.0
20201111,4,PM2.5,呼和浩特,41.0
20201111,4,PM2.5_24h,呼和浩特,40.0
20201111,4,PM10,呼和浩特,77.0
20201111,4,PM10_24h,呼和浩特,85.0
20201111,4,SO2,呼和浩特,17.0
20201111,4,SO2_24h,呼和浩特,19.0
20201111,4,NO2,呼和浩特,71.0
20201111,4,NO2_24h,呼和浩特,61.0
20201111,4,O3,呼和浩特,6.0
20201111,4,O3_24h,呼和浩特,73.0
20201111,4,O3_8h,呼和浩特,7.0
20201111,4,O3_8h_24h,呼和浩特,7.0
20201111,4,CO,呼和浩特,1.68
20201111,4,CO_24h,呼和浩特,1.44
20201111,5,AQI,呼和浩特,60.0
20201111,5,PM2.5,呼和浩特,41.0
20201111,5,PM2.5_24h,呼和浩特,40.0
20201111,5,PM10,呼和浩特,69.0
20201111,5,PM10_24h,呼和浩特,85.0
20201111,5,SO2,呼和浩特,16.0
20201111,5,SO2_24h,呼和浩特,19.0
20201111,5,NO2,呼和浩特,69.0
20201111,5,NO2_24h,呼和浩特,62.0
20201111,5,O3,呼和浩特,6.0
20201111,5,O3_24h,呼和浩特,73.0
20201111,5,O3_8h,呼和浩特,7.0
20201111,5,O3_8h_24h,呼和浩特,7.0
20201111,5,CO,呼和浩特,1.69
20201111,5,CO_24h,呼和浩特,1.45
20201111,6,AQI,呼和浩特,59.0
20201111,6,PM2.5,呼和浩特,40.0
20201111,6,PM2.5_24h,呼和浩特,41.0
20201111,6,PM10,呼和浩特,68.0
20201111,6,PM10_24h,呼和浩特,86.0
20201111,6,SO2,呼和浩特,15.0
20201111,6,SO2_24h,呼和浩特,19.0
20201111,6,NO2,呼和浩特,67.0
20201111,6,NO2_24h,呼和浩特,62.0
20201111,6,O3,呼和浩特,7.0
20201111,6,O3_24h,呼和浩特,73.0
20201111,6,O3_8h,呼和浩特,7.0
20201111,6,O3_8h_24h,呼和浩特,7.0
20201111,6,CO,呼和浩特,1.58
20201111,6,CO_24h,呼和浩特,1.47
20201111,8,AQI,呼和浩特,66.0
20201111,8,PM2.5,呼和浩特,41.0
20201111,8,PM2.5_24h,呼和浩特,42.0
20201111,8,PM10,呼和浩特,81.0
20201111,8,PM10_24h,呼和浩特,87.0
20201111,8,SO2,呼和浩特,19.0
20201111,8,SO2_24h,呼和浩特,19.0
20201111,8,NO2,呼和浩特,67.0
20201111,8,NO2_24h,呼和浩特,63.0
20201111,8,O3,呼和浩特,5.0
20201111,8,O3_24h,呼和浩特,73.0
20201111,8,O3_8h,呼和浩特,7.0
20201111,8,O3_8h_24h,呼和浩特,8.0
20201111,8,CO,呼和浩特,1.81
20201111,8,CO_24h,呼和浩特,1.47
20201111,10,AQI,呼和浩特,82.0
20201111,10,PM2.5,呼和浩特,55.0
20201111,10,PM2.5_24h,呼和浩特,43.0
20201111,10,PM10,呼和浩特,114.0
20201111,10,PM10_24h,呼和浩特,88.0
20201111,10,SO2,呼和浩特,22.0
20201111,10,SO2_24h,呼和浩特,19.0
20201111,10,NO2,呼和浩特,68.0
20201111,10,NO2_24h,呼和浩特,64.0
20201111,10,O3,呼和浩特,13.0
20201111,10,O3_24h,呼和浩特,73.0
20201111,10,O3_8h,呼和浩特,7.0
20201111,10,O3_8h_24h,呼和浩特,8.0
20201111,10,CO,呼和浩特,2.0
20201111,10,CO_24h,呼和浩特,1.5
20201111,11,AQI,呼和浩特,80.0
20201111,11,PM2.5,呼和浩特,59.0
20201111,11,PM2.5_24h,呼和浩特,45.0
20201111,11,PM10,呼和浩特,110.0
20201111,11,PM10_24h,呼和浩特,89.0
20201111,11,SO2,呼和浩特,26.0
20201111,11,SO2_24h,呼和浩特,20.0
20201111,11,NO2,呼和浩特,61.0
20201111,11,NO2_24h,呼和浩特,65.0
20201111,11,O3,呼和浩特,30.0
20201111,11,O3_24h,呼和浩特,73.0
20201111,11,O3_8h,呼和浩特,10.0
20201111,11,O3_8h_24h,呼和浩特,11.0
20201111,11,CO,呼和浩特,1.54
20201111,11,CO_24h,呼和浩特,1.54
20201111,12,AQI,呼和浩特,82.0
20201111,12,PM2.5,呼和浩特,55.0
20201111,12,PM2.5_24h,呼和浩特,46.0
20201111,12,PM10,呼和浩特,114.0
20201111,12,PM10_24h,呼和浩特,92.0
20201111,12,SO2,呼和浩特,34.0
20201111,12,SO2_24h,呼和浩特,21.0
20201111,12,NO2,呼和浩特,47.0
20201111,12,NO2_24h,呼和浩特,65.0
20201111,12,O3,呼和浩特,53.0
20201111,12,O3_24h,呼和浩特,73.0
20201111,12,O3_8h,呼和浩特,16.0
20201111,12,O3_8h_24h,呼和浩特,16.0
20201111,12,CO,呼和浩特,1.24
20201111,12,CO_24h,呼和浩特,1.54
20201111,13,AQI,呼和浩特,88.0
20201111,13,PM2.5,呼和浩特,65.0
20201111,13,PM2.5_24h,呼和浩特,48.0
20201111,13,PM10,呼和浩特,117.0
20201111,13,PM10_24h,呼和浩特,93.0
20201111,13,SO2,呼和浩特,34.0
20201111,13,SO2_24h,呼和浩特,21.0
20201111,13,NO2,呼和浩特,37.0
20201111,13,NO2_24h,呼和浩特,66.0
20201111,13,O3,呼和浩特,72.0
20201111,13,O3_24h,呼和浩特,75.0
20201111,13,O3_8h,呼和浩特,24.0
20201111,13,O3_8h_24h,呼和浩特,24.0
20201111,13,CO,呼和浩特,1.28
20201111,13,CO_24h,呼和浩特,1.56
20201111,14,AQI,呼和浩特,90.0
20201111,14,PM2.5,呼和浩特,67.0
20201111,14,PM2.5_24h,呼和浩特,50.0
20201111,14,PM10,呼和浩特,119.0
20201111,14,PM10_24h,呼和浩特,96.0
20201111,14,SO2,呼和浩特,30.0
20201111,14,SO2_24h,呼和浩特,22.0
20201111,14,NO2,呼和浩特,34.0
20201111,14,NO2_24h,呼和浩特,66.0
20201111,14,O3,呼和浩特,84.0
20201111,14,O3_24h,呼和浩特,84.0
20201111,14,O3_8h,呼和浩特,34.0
20201111,14,O3_8h_24h,呼和浩特,34.0
20201111,14,CO,呼和浩特,1.19
20201111,14,CO_24h,呼和浩特,1.58
20201111,15,AQI,呼和浩特,94.0
20201111,15,PM2.5,呼和浩特,70.0
20201111,15,PM2.5_24h,呼和浩特,52.0
20201111,15,PM10,呼和浩特,117.0
20201111,15,PM10_24h,呼和浩特,98.0
20201111,15,SO2,呼和浩特,27.0
20201111,15,SO2_24h,呼和浩特,22.0
20201111,15,NO2,呼和浩特,36.0
20201111,15,NO2_24h,呼和浩特,67.0
20201111,15,O3,呼和浩特,92.0
20201111,15,O3_24h,呼和浩特,92.0
20201111,15,O3_8h,呼和浩特,44.0
20201111,15,O3_8h_24h,呼和浩特,44.0
20201111,15,CO,呼和浩特,1.13
20201111,15,CO_24h,呼和浩特,1.59
20201111,16,AQI,呼和浩特,91.0
20201111,16,PM2.5,呼和浩特,68.0
20201111,16,PM2.5_24h,呼和浩特,53.0
20201111,16,PM10,呼和浩特,126.0
20201111,16,PM10_24h,呼和浩特,101.0
20201111,16,SO2,呼和浩特,27.0
20201111,16,SO2_24h,呼和浩特,23.0
20201111,16,NO2,呼和浩特,42.0
20201111,16,NO2_24h,呼和浩特,67.0
20201111,16,O3,呼和浩特,87.0
20201111,16,O3_24h,呼和浩特,93.0
20201111,16,O3_8h,呼和浩特,54.0
20201111,16,O3_8h_24h,呼和浩特,54.0
20201111,16,CO,呼和浩特,1.01
20201111,16,CO_24h,呼和浩特,1.59
20201111,17,AQI,呼和浩特,93.0
20201111,17,PM2.5,呼和浩特,69.0
20201111,17,PM2.5_24h,呼和浩特,55.0
20201111,17,PM10,呼和浩特,132.0
20201111,17,PM10_24h,呼和浩特,103.0
20201111,17,SO2,呼和浩特,27.0
20201111,17,SO2_24h,呼和浩特,23.0
20201111,17,NO2,呼和浩特,52.0
20201111,17,NO2_24h,呼和浩特,67.0
20201111,17,O3,呼和浩特,65.0
20201111,17,O3_24h,呼和浩特,93.0
20201111,17,O3_8h,呼和浩特,62.0
20201111,17,O3_8h_24h,呼和浩特,62.0
20201111,17,CO,呼和浩特,1.16
20201111,17,CO_24h,呼和浩特,1.59
20201111,18,AQI,呼和浩特,100.0
20201111,18,PM2.5,呼和浩特,75.0
20201111,18,PM2.5_24h,呼和浩特,56.0
20201111,18,PM10,呼和浩特,139.0
20201111,18,PM10_24h,呼和浩特,106.0
20201111,18,SO2,呼和浩特,27.0
20201111,18,SO2_24h,呼和浩特,23.0
20201111,18,NO2,呼和浩特,69.0
20201111,18,NO2_24h,呼和浩特,67.0
20201111,18,O3,呼和浩特,44.0
20201111,18,O3_24h,呼和浩特,93.0
20201111,18,O3_8h,呼和浩特,65.0
20201111,18,O3_8h_24h,呼和浩特,66.0
20201111,18,CO,呼和浩特,1.31
20201111,18,CO_24h,呼和浩特,1.6
20201111,19,AQI,呼和浩特,123.0
20201111,19,PM2.5,呼和浩特,93.0
20201111,19,PM2.5_24h,呼和浩特,58.0
20201111,19,PM10,呼和浩特,143.0
20201111,19,PM10_24h,呼和浩特,108.0
20201111,19,SO2,呼和浩特,34.0
20201111,19,SO2_24h,呼和浩特,23.0
20201111,19,NO2,呼和浩特,96.0
20201111,19,NO2_24h,呼和浩特,67.0
20201111,19,O3,呼和浩特,17.0
20201111,19,O3_24h,呼和浩特,93.0
20201111,19,O3_8h,呼和浩特,64.0
20201111,19,O3_8h_24h,呼和浩特,66.0
20201111,19,CO,呼和浩特,1.98
20201111,19,CO_24h,呼和浩特,1.6
20201111,20,AQI,呼和浩特,161.0
20201111,20,PM2.5,呼和浩特,123.0
20201111,20,PM2.5_24h,呼和浩特,60.0
20201111,20,PM10,呼和浩特,195.0
20201111,20,PM10_24h,呼和浩特,110.0
20201111,20,SO2,呼和浩特,33.0
20201111,20,SO2_24h,呼和浩特,23.0
20201111,20,NO2,呼和浩特,112.0
20201111,20,NO2_24h,呼和浩特,68.0
20201111,20,O3,呼和浩特,8.0
20201111,20,O3_24h,呼和浩特,93.0
20201111,20,O3_8h,呼和浩特,58.0
20201111,20,O3_8h_24h,呼和浩特,66.0
20201111,20,CO,呼和浩特,2.35
20201111,20,CO_24h,呼和浩特,1.63
20201111,21,AQI,呼和浩特,160.0
20201111,21,PM2.5,呼和浩特,122.0
20201111,21,PM2.5_24h,呼和浩特,63.0
20201111,21,PM10,呼和浩特,217.0
20201111,21,PM10_24h,呼和浩特,113.0
20201111,21,SO2,呼和浩特,26.0
20201111,21,SO2_24h,呼和浩特,24.0
20201111,21,NO2,呼和浩特,106.0
20201111,21,NO2_24h,呼和浩特,69.0
20201111,21,O3,呼和浩特,8.0
20201111,21,O3_24h,呼和浩特,93.0
20201111,21,O3_8h,呼和浩特,50.0
20201111,21,O3_8h_24h,呼和浩特,66.0
20201111,21,CO,呼和浩特,2.24
20201111,21,CO_24h,呼和浩特,1.63
20201111,22,AQI,呼和浩特,153.0
20201111,22,PM2.5,呼和浩特,117.0
20201111,22,PM2.5_24h,呼和浩特,65.0
20201111,22,PM10,呼和浩特,217.0
20201111,22,PM10_24h,呼和浩特,116.0
20201111,22,SO2,呼和浩特,23.0
20201111,22,SO2_24h,呼和浩特,24.0
20201111,22,NO2,呼和浩特,102.0
20201111,22,NO2_24h,呼和浩特,70.0
20201111,22,O3,呼和浩特,7.0
20201111,22,O3_24h,呼和浩特,93.0
20201111,22,O3_8h,呼和浩特,40.0
20201111,22,O3_8h_24h,呼和浩特,66.0
20201111,22,CO,呼和浩特,2.49
20201111,22,CO_24h,呼和浩特,1.66
20201111,23,AQI,呼和浩特,154.0
20201111,23,PM2.5,呼和浩特,118.0
20201111,23,PM2.5_24h,呼和浩特,67.0
20201111,23,PM10,呼和浩特,209.0
20201111,23,PM10_24h,呼和浩特,120.0
20201111,23,SO2,呼和浩特,19.0
20201111,23,SO2_24h,呼和浩特,23.0
20201111,23,NO2,呼和浩特,97.0
20201111,23,NO2_24h,呼和浩特,70.0
20201111,23,O3,呼和浩特,6.0
20201111,23,O3_24h,呼和浩特,93.0
20201111,23,O3_8h,呼和浩特,30.0
20201111,23,O3_8h_24h,呼和浩特,66.0
20201111,23,CO,呼和浩特,2.48
20201111,23,CO_24h,呼和浩特,1.67
20201111,0,AQI,沈阳,94.0
20201111,0,PM2.5,沈阳,70.0
20201111,0,PM2.5_24h,沈阳,56.0
20201111,0,PM10,沈阳,126.0
20201111,0,PM10_24h,沈阳,102.0
20201111,0,SO2,沈阳,65.0
20201111,0,SO2_24h,沈阳,42.0
20201111,0,NO2,沈阳,76.0
20201111,0,NO2_24h,沈阳,58.0
20201111,0,O3,沈阳,6.0
20201111,0,O3_24h,沈阳,45.0
20201111,0,O3_8h,沈阳,8.0
20201111,0,O3_8h_24h,沈阳,31.0
20201111,0,CO,沈阳,1.96
20201111,0,CO_24h,沈阳,1.48
20201111,1,AQI,沈阳,80.0
20201111,1,PM2.5,沈阳,59.0
20201111,1,PM2.5_24h,沈阳,57.0
20201111,1,PM10,沈阳,110.0
20201111,1,PM10_24h,沈阳,103.0
20201111,1,SO2,沈阳,66.0
20201111,1,SO2_24h,沈阳,45.0
20201111,1,NO2,沈阳,70.0
20201111,1,NO2_24h,沈阳,60.0
20201111,1,O3,沈阳,6.0
20201111,1,O3_24h,沈阳,45.0
20201111,1,O3_8h,沈阳,6.0
20201111,1,O3_8h_24h,沈阳,6.0
20201111,1,CO,沈阳,1.79
20201111,1,CO_24h,沈阳,1.52
20201111,2,AQI,沈阳,75.0
20201111,2,PM2.5,沈阳,54.0
20201111,2,PM2.5_24h,沈阳,58.0
20201111,2,PM10,沈阳,99.0
20201111,2,PM10_24h,沈阳,105.0
20201111,2,SO2,沈阳,65.0
20201111,2,SO2_24h,沈阳,46.0
20201111,2,NO2,沈阳,65.0
20201111,2,NO2_24h,沈阳,60.0
20201111,2,O3,沈阳,8.0
20201111,2,O3_24h,沈阳,45.0
20201111,2,O3_8h,沈阳,7.0
20201111,2,O3_8h_24h,沈阳,7.0
20201111,2,CO,沈阳,1.81
20201111,2,CO_24h,沈阳,1.55
20201111,3,AQI,沈阳,70.0
20201111,3,PM2.5,沈阳,50.0
20201111,3,PM2.5_24h,沈阳,58.0
20201111,3,PM10,沈阳,89.0
20201111,3,PM10_24h,沈阳,105.0
20201111,3,SO2,沈阳,61.0
20201111,3,SO2_24h,沈阳,47.0
20201111,3,NO2,沈阳,63.0
20201111,3,NO2_24h,沈阳,60.0
20201111,3,O3,沈阳,9.0
20201111,3,O3_24h,沈阳,45.0
20201111,3,O3_8h,沈阳,8.0
20201111,3,O3_8h_24h,沈阳,8.0
20201111,3,CO,沈阳,2.03
20201111,3,CO_24h,沈阳,1.6
20201111,4,AQI,沈阳,70.0
20201111,4,PM2.5,沈阳,47.0
20201111,4,PM2.5_24h,沈阳,58.0
20201111,4,PM10,沈阳,89.0
20201111,4,PM10_24h,沈阳,105.0
20201111,4,SO2,沈阳,56.0
20201111,4,SO2_24h,沈阳,49.0
20201111,4,NO2,沈阳,62.0
20201111,4,NO2_24h,沈阳,61.0
20201111,4,O3,沈阳,9.0
20201111,4,O3_24h,沈阳,45.0
20201111,4,O3_8h,沈阳,8.0
20201111,4,O3_8h_24h,沈阳,8.0
20201111,4,CO,沈阳,2.13
20201111,4,CO_24h,沈阳,1.63
20201111,5,AQI,沈阳,69.0
20201111,5,PM2.5,沈阳,48.0
20201111,5,PM2.5_24h,沈阳,58.0
20201111,5,PM10,沈阳,88.0
20201111,5,PM10_24h,沈阳,104.0
20201111,5,SO2,沈阳,53.0
20201111,5,SO2_24h,沈阳,50.0
20201111,5,NO2,沈阳,59.0
20201111,5,NO2_24h,沈阳,61.0
20201111,5,O3,沈阳,10.0
20201111,5,O3_24h,沈阳,45.0
20201111,5,O3_8h,沈阳,8.0
20201111,5,O3_8h_24h,沈阳,9.0
20201111,5,CO,沈阳,2.1
20201111,5,CO_24h,沈阳,1.67
20201111,6,AQI,沈阳,71.0
20201111,6,PM2.5,沈阳,51.0
20201111,6,PM2.5_24h,沈阳,58.0
20201111,6,PM10,沈阳,92.0
20201111,6,PM10_24h,沈阳,104.0
20201111,6,SO2,沈阳,57.0
20201111,6,SO2_24h,沈阳,51.0
20201111,6,NO2,沈阳,59.0
20201111,6,NO2_24h,沈阳,62.0
20201111,6,O3,沈阳,9.0
20201111,6,O3_24h,沈阳,45.0
20201111,6,O3_8h,沈阳,8.0
20201111,6,O3_8h_24h,沈阳,9.0
20201111,6,CO,沈阳,2.03
20201111,6,CO_24h,沈阳,1.71
20201111,7,AQI,沈阳,96.0
20201111,7,PM2.5,沈阳,69.0
20201111,7,PM2.5_24h,沈阳,61.0
20201111,7,PM10,沈阳,141.0
20201111,7,PM10_24h,沈阳,130.0
20201111,7,SO2,沈阳,144.0
20201111,7,SO2_24h,沈阳,57.0
20201111,7,NO2,沈阳,68.0
20201111,7,NO2_24h,沈阳,60.0
20201111,7,O3,沈阳,9.0
20201111,7,O3_24h,沈阳,55.0
20201111,7,O3_8h,沈阳,13.0
20201111,7,O3_8h_24h,沈阳,14.0
20201111,7,CO,沈阳,2.7
20201111,7,CO_24h,沈阳,1.7
20201111,8,AQI,沈阳,79.0
20201111,8,PM2.5,沈阳,58.0
20201111,8,PM2.5_24h,沈阳,58.0
20201111,8,PM10,沈阳,98.0
20201111,8,PM10_24h,沈阳,103.0
20201111,8,SO2,沈阳,50.0
20201111,8,SO2_24h,沈阳,52.0
20201111,8,NO2,沈阳,57.0
20201111,8,NO2_24h,沈阳,63.0
20201111,8,O3,沈阳,13.0
20201111,8,O3_24h,沈阳,45.0
20201111,8,O3_8h,沈阳,9.0
20201111,8,O3_8h_24h,沈阳,9.0
20201111,8,CO,沈阳,1.86
20201111,8,CO_24h,沈阳,1.75
20201111,10,AQI,沈阳,83.0
20201111,10,PM2.5,沈阳,61.0
20201111,10,PM2.5_24h,沈阳,58.0
20201111,10,PM10,沈阳,104.0
20201111,10,PM10_24h,沈阳,103.0
20201111,10,SO2,沈阳,43.0
20201111,10,SO2_24h,沈阳,50.0
20201111,10,NO2,沈阳,45.0
20201111,10,NO2_24h,沈阳,63.0
20201111,10,O3,沈阳,35.0
20201111,10,O3_24h,沈阳,45.0
20201111,10,O3_8h,沈阳,14.0
20201111,10,O3_8h_24h,沈阳,14.0
20201111,10,CO,沈阳,1.26
20201111,10,CO_24h,沈阳,1.72
20201111,11,AQI,沈阳,83.0
20201111,11,PM2.5,沈阳,61.0
20201111,11,PM2.5_24h,沈阳,58.0
20201111,11,PM10,沈阳,111.0
20201111,11,PM10_24h,沈阳,104.0
20201111,11,SO2,沈阳,37.0
20201111,11,SO2_24h,沈阳,49.0
20201111,11,NO2,沈阳,38.0
20201111,11,NO2_24h,沈阳,62.0
20201111,11,O3,沈阳,53.0
20201111,11,O3_24h,沈阳,53.0
20201111,11,O3_8h,沈阳,19.0
20201111,11,O3_8h_24h,沈阳,19.0
20201111,11,CO,沈阳,1.02
20201111,11,CO_24h,沈阳,1.69
20201111,12,AQI,沈阳,86.0
20201111,12,PM2.5,沈阳,64.0
20201111,12,PM2.5_24h,沈阳,59.0
20201111,12,PM10,沈阳,120.0
20201111,12,PM10_24h,沈阳,106.0
20201111,12,SO2,沈阳,34.0
20201111,12,SO2_24h,沈阳,48.0
20201111,12,NO2,沈阳,34.0
20201111,12,NO2_24h,沈阳,62.0
20201111,12,O3,沈阳,66.0
20201111,12,O3_24h,沈阳,63.0
20201111,12,O3_8h,沈阳,26.0
20201111,12,O3_8h_24h,沈阳,26.0
20201111,12,CO,沈阳,0.92
20201111,12,CO_24h,沈阳,1.69
20201111,13,AQI,沈阳,95.0
20201111,13,PM2.5,沈阳,71.0
20201111,13,PM2.5_24h,沈阳,61.0
20201111,13,PM10,沈阳,140.0
20201111,13,PM10_24h,沈阳,110.0
20201111,13,SO2,沈阳,31.0
20201111,13,SO2_24h,沈阳,48.0
20201111,13,NO2,沈阳,33.0
20201111,13,NO2_24h,沈阳,62.0
20201111,13,O3,沈阳,81.0
20201111,13,O3_24h,沈阳,81.0
20201111,13,O3_8h,沈阳,35.0
20201111,13,O3_8h_24h,沈阳,35.0
20201111,13,CO,沈阳,0.93
20201111,13,CO_24h,沈阳,1.68
20201111,14,AQI,沈阳,100.0
20201111,14,PM2.5,沈阳,74.0
20201111,14,PM2.5_24h,沈阳,63.0
20201111,14,PM10,沈阳,150.0
20201111,14,PM10_24h,沈阳,114.0
20201111,14,SO2,沈阳,30.0
20201111,14,SO2_24h,沈阳,47.0
20201111,14,NO2,沈阳,35.0
20201111,14,NO2_24h,沈阳,62.0
20201111,14,O3,沈阳,91.0
20201111,14,O3_24h,沈阳,91.0
20201111,14,O3_8h,沈阳,45.0
20201111,14,O3_8h_24h,沈阳,45.0
20201111,14,CO,沈阳,0.98
20201111,14,CO_24h,沈阳,1.66
20201111,15,AQI,沈阳,97.0
20201111,15,PM2.5,沈阳,72.0
20201111,15,PM2.5_24h,沈阳,65.0
20201111,15,PM10,沈阳,144.0
20201111,15,PM10_24h,沈阳,117.0
20201111,15,SO2,沈阳,29.0
20201111,15,SO2_24h,沈阳,47.0
20201111,15,NO2,沈阳,36.0
20201111,15,NO2_24h,沈阳,61.0
20201111,15,O3,沈阳,95.0
20201111,15,O3_24h,沈阳,94.0
20201111,15,O3_8h,沈阳,55.0
20201111,15,O3_8h_24h,沈阳,55.0
20201111,15,CO,沈阳,0.93
20201111,15,CO_24h,沈阳,1.64
20201111,16,AQI,沈阳,89.0
20201111,16,PM2.5,沈阳,62.0
20201111,16,PM2.5_24h,沈阳,66.0
20201111,16,PM10,沈阳,128.0
20201111,16,PM10_24h,沈阳,119.0
20201111,16,SO2,沈阳,31.0
20201111,16,SO2_24h,沈阳,47.0
20201111,16,NO2,沈阳,41.0
20201111,16,NO2_24h,沈阳,61.0
20201111,16,O3,沈阳,81.0
20201111,16,O3_24h,沈阳,94.0
20201111,16,O3_8h,沈阳,64.0
20201111,16,O3_8h_24h,沈阳,64.0
20201111,16,CO,沈阳,0.84
20201111,16,CO_24h,沈阳,1.61
20201111,17,AQI,沈阳,81.0
20201111,17,PM2.5,沈阳,54.0
20201111,17,PM2.5_24h,沈阳,66.0
20201111,17,PM10,沈阳,112.0
20201111,17,PM10_24h,沈阳,121.0
20201111,17,SO2,沈阳,31.0
20201111,17,SO2_24h,沈阳,47.0
20201111,17,NO2,沈阳,45.0
20201111,17,NO2_24h,沈阳,60.0
20201111,17,O3,沈阳,63.0
20201111,17,O3_24h,沈阳,94.0
20201111,17,O3_8h,沈阳,70.0
20201111,17,O3_8h_24h,沈阳,70.0
20201111,17,CO,沈阳,0.84
20201111,17,CO_24h,沈阳,1.59
20201111,18,AQI,沈阳,79.0
20201111,18,PM2.5,沈阳,53.0
20201111,18,PM2.5_24h,沈阳,65.0
20201111,18,PM10,沈阳,108.0
20201111,18,PM10_24h,沈阳,120.0
20201111,18,SO2,沈阳,36.0
20201111,18,SO2_24h,沈阳,47.0
20201111,18,NO2,沈阳,49.0
20201111,18,NO2_24h,沈阳,58.0
20201111,18,O3,沈阳,51.0
20201111,18,O3_24h,沈阳,94.0
20201111,18,O3_8h,沈阳,72.0
20201111,18,O3_8h_24h,沈阳,72.0
20201111,18,CO,沈阳,0.88
20201111,18,CO_24h,沈阳,1.56
20201111,19,AQI,沈阳,69.0
20201111,19,PM2.5,沈阳,43.0
20201111,19,PM2.5_24h,沈阳,64.0
20201111,19,PM10,沈阳,88.0
20201111,19,PM10_24h,沈阳,118.0
20201111,19,SO2,沈阳,27.0
20201111,19,SO2_24h,沈阳,46.0
20201111,19,NO2,沈阳,46.0
20201111,19,NO2_24h,沈阳,56.0
20201111,19,O3,沈阳,45.0
20201111,19,O3_24h,沈阳,94.0
20201111,19,O3_8h,沈阳,71.0
20201111,19,O3_8h_24h,沈阳,72.0
20201111,19,CO,沈阳,0.95
20201111,19,CO_24h,沈阳,1.54
20201111,20,AQI,沈阳,69.0
20201111,20,PM2.5,沈阳,44.0
20201111,20,PM2.5_24h,沈阳,62.0
20201111,20,PM10,沈阳,87.0
20201111,20,PM10_24h,沈阳,115.0
20201111,20,SO2,沈阳,36.0
20201111,20,SO2_24h,沈阳,46.0
20201111,20,NO2,沈阳,43.0
20201111,20,NO2_24h,沈阳,55.0
20201111,20,O3,沈阳,47.0
20201111,20,O3_24h,沈阳,94.0
20201111,20,O3_8h,沈阳,68.0
20201111,20,O3_8h_24h,沈阳,72.0
20201111,20,CO,沈阳,0.89
20201111,20,CO_24h,沈阳,1.49
20201111,21,AQI,沈阳,70.0
20201111,21,PM2.5,沈阳,47.0
20201111,21,PM2.5_24h,沈阳,60.0
20201111,21,PM10,沈阳,90.0
20201111,21,PM10_24h,沈阳,112.0
20201111,21,SO2,沈阳,41.0
20201111,21,SO2_24h,沈阳,46.0
20201111,21,NO2,沈阳,35.0
20201111,21,NO2_24h,沈阳,53.0
20201111,21,O3,沈阳,56.0
20201111,21,O3_24h,沈阳,94.0
20201111,21,O3_8h,沈阳,65.0
20201111,21,O3_8h_24h,沈阳,72.0
20201111,21,CO,沈阳,0.84
20201111,21,CO_24h,沈阳,1.46
20201111,22,AQI,沈阳,70.0
20201111,22,PM2.5,沈阳,48.0
20201111,22,PM2.5_24h,沈阳,58.0
20201111,22,PM10,沈阳,89.0
20201111,22,PM10_24h,沈阳,108.0
20201111,22,SO2,沈阳,39.0
20201111,22,SO2_24h,沈阳,45.0
20201111,22,NO2,沈阳,32.0
20201111,22,NO2_24h,沈阳,51.0
20201111,22,O3,沈阳,64.0
20201111,22,O3_24h,沈阳,94.0
20201111,22,O3_8h,沈阳,62.0
20201111,22,O3_8h_24h,沈阳,72.0
20201111,22,CO,沈阳,0.8
20201111,22,CO_24h,沈阳,1.39
20201111,23,AQI,沈阳,70.0
20201111,23,PM2.5,沈阳,48.0
20201111,23,PM2.5_24h,沈阳,56.0
20201111,23,PM10,沈阳,89.0
20201111,23,PM10_24h,沈阳,106.0
20201111,23,SO2,沈阳,32.0
20201111,23,SO2_24h,沈阳,44.0
20201111,23,NO2,沈阳,32.0
20201111,23,NO2_24h,沈阳,49.0
20201111,23,O3,沈阳,68.0
20201111,23,O3_24h,沈阳,94.0
20201111,23,O3_8h,沈阳,60.0
20201111,23,O3_8h_24h,沈阳,72.0
20201111,23,CO,沈阳,0.76
20201111,23,CO_24h,沈阳,1.34
20201111,0,AQI,大连,62.0
20201111,0,PM2.5,大连,40.0
20201111,0,PM2.5_24h,大连,29.0
20201111,0,PM10,大连,74.0
20201111,0,PM10_24h,大连,59.0
20201111,0,SO2,大连,15.0
20201111,0,SO2_24h,大连,17.0
20201111,0,NO2,大连,52.0
20201111,0,NO2_24h,大连,50.0
20201111,0,O3,大连,38.0
20201111,0,O3_24h,大连,65.0
20201111,0,O3_8h,大连,36.0
20201111,0,O3_8h_24h,大连,53.0
20201111,0,CO,大连,0.86
20201111,0,CO_24h,大连,0.91
20201111,1,AQI,大连,59.0
20201111,1,PM2.5,大连,36.0
20201111,1,PM2.5_24h,大连,30.0
20201111,1,PM10,大连,68.0
20201111,1,PM10_24h,大连,60.0
20201111,1,SO2,大连,14.0
20201111,1,SO2_24h,大连,17.0
20201111,1,NO2,大连,50.0
20201111,1,NO2_24h,大连,50.0
20201111,1,O3,大连,38.0
20201111,1,O3_24h,大连,65.0
20201111,1,O3_8h,大连,38.0
20201111,1,O3_8h_24h,大连,38.0
20201111,1,CO,大连,0.78
20201111,1,CO_24h,大连,0.92
20201111,2,AQI,大连,54.0
20201111,2,PM2.5,大连,33.0
20201111,2,PM2.5_24h,大连,30.0
20201111,2,PM10,大连,58.0
20201111,2,PM10_24h,大连,61.0
20201111,2,SO2,大连,13.0
20201111,2,SO2_24h,大连,17.0
20201111,2,NO2,大连,45.0
20201111,2,NO2_24h,大连,50.0
20201111,2,O3,大连,41.0
20201111,2,O3_24h,大连,65.0
20201111,2,O3_8h,大连,40.0
20201111,2,O3_8h_24h,大连,41.0
20201111,2,CO,大连,0.73
20201111,2,CO_24h,大连,0.91
20201111,3,AQI,大连,51.0
20201111,3,PM2.5,大连,29.0
20201111,3,PM2.5_24h,大连,31.0
20201111,3,PM10,大连,52.0
20201111,3,PM10_24h,大连,62.0
20201111,3,SO2,大连,13.0
20201111,3,SO2_24h,大连,17.0
20201111,3,NO2,大连,43.0
20201111,3,NO2_24h,大连,50.0
20201111,3,O3,大连,40.0
20201111,3,O3_24h,大连,65.0
20201111,3,O3_8h,大连,40.0
20201111,3,O3_8h_24h,大连,42.0
20201111,3,CO,大连,0.66
20201111,3,CO_24h,大连,0.91
20201111,4,AQI,大连,52.0
20201111,4,PM2.5,大连,29.0
20201111,4,PM2.5_24h,大连,32.0
20201111,4,PM10,大连,54.0
20201111,4,PM10_24h,大连,63.0
20201111,4,SO2,大连,13.0
20201111,4,SO2_24h,大连,17.0
20201111,4,NO2,大连,44.0
20201111,4,NO2_24h,大连,50.0
20201111,4,O3,大连,34.0
20201111,4,O3_24h,大连,65.0
20201111,4,O3_8h,大连,38.0
20201111,4,O3_8h_24h,大连,42.0
20201111,4,CO,大连,0.68
20201111,4,CO_24h,大连,0.92
20201111,5,AQI,大连,53.0
20201111,5,PM2.5,大连,30.0
20201111,5,PM2.5_24h,大连,32.0
20201111,5,PM10,大连,55.0
20201111,5,PM10_24h,大连,64.0
20201111,5,SO2,大连,13.0
20201111,5,SO2_24h,大连,17.0
20201111,5,NO2,大连,47.0
20201111,5,NO2_24h,大连,50.0
20201111,5,O3,大连,29.0
20201111,5,O3_24h,大连,65.0
20201111,5,O3_8h,大连,36.0
20201111,5,O3_8h_24h,大连,42.0
20201111,5,CO,大连,0.78
20201111,5,CO_24h,大连,0.93
20201111,6,AQI,大连,53.0
20201111,6,PM2.5,大连,30.0
20201111,6,PM2.5_24h,大连,33.0
20201111,6,PM10,大连,55.0
20201111,6,PM10_24h,大连,65.0
20201111,6,SO2,大连,15.0
20201111,6,SO2_24h,大连,17.0
20201111,6,NO2,大连,50.0
20201111,6,NO2_24h,大连,50.0
20201111,6,O3,大连,23.0
20201111,6,O3_24h,大连,65.0
20201111,6,O3_8h,大连,34.0
20201111,6,O3_8h_24h,大连,42.0
20201111,6,CO,大连,0.69
20201111,6,CO_24h,大连,0.91
20201111,8,AQI,大连,52.0
20201111,8,PM2.5,大连,28.0
20201111,8,PM2.5_24h,大连,34.0
20201111,8,PM10,大连,54.0
20201111,8,PM10_24h,大连,66.0
20201111,8,SO2,大连,14.0
20201111,8,SO2_24h,大连,17.0
20201111,8,NO2,大连,56.0
20201111,8,NO2_24h,大连,51.0
20201111,8,O3,大连,25.0
20201111,8,O3_24h,大连,65.0
20201111,8,O3_8h,大连,31.0
20201111,8,O3_8h_24h,大连,42.0
20201111,8,CO,大连,0.8
20201111,8,CO_24h,大连,0.88
20201111,10,AQI,大连,50.0
20201111,10,PM2.5,大连,25.0
20201111,10,PM2.5_24h,大连,34.0
20201111,10,PM10,大连,50.0
20201111,10,PM10_24h,大连,65.0
20201111,10,SO2,大连,15.0
20201111,10,SO2_24h,大连,16.0
20201111,10,NO2,大连,35.0
20201111,10,NO2_24h,大连,50.0
20201111,10,O3,大连,60.0
20201111,10,O3_24h,大连,66.0
20201111,10,O3_8h,大连,33.0
20201111,10,O3_8h_24h,大连,43.0
20201111,10,CO,大连,0.66
20201111,10,CO_24h,大连,0.84
20201111,11,AQI,大连,49.0
20201111,11,PM2.5,大连,25.0
20201111,11,PM2.5_24h,大连,34.0
20201111,11,PM10,大连,49.0
20201111,11,PM10_24h,大连,65.0
20201111,11,SO2,大连,13.0
20201111,11,SO2_24h,大连,16.0
20201111,11,NO2,大连,29.0
20201111,11,NO2_24h,大连,49.0
20201111,11,O3,大连,72.0
20201111,11,O3_24h,大连,73.0
20201111,11,O3_8h,大连,37.0
20201111,11,O3_8h_24h,大连,44.0
20201111,11,CO,大连,0.67
20201111,11,CO_24h,大连,0.81
20201111,12,AQI,大连,53.0
20201111,12,PM2.5,大连,29.0
20201111,12,PM2.5_24h,大连,34.0
20201111,12,PM10,大连,56.0
20201111,12,PM10_24h,大连,64.0
20201111,12,SO2,大连,12.0
20201111,12,SO2_24h,大连,16.0
20201111,12,NO2,大连,28.0
20201111,12,NO2_24h,大连,49.0
20201111,12,O3,大连,79.0
20201111,12,O3_24h,大连,80.0
20201111,12,O3_8h,大连,43.0
20201111,12,O3_8h_24h,大连,47.0
20201111,12,CO,大连,0.7
20201111,12,CO_24h,大连,0.8
20201111,13,AQI,大连,59.0
20201111,13,PM2.5,大连,35.0
20201111,13,PM2.5_24h,大连,34.0
20201111,13,PM10,大连,67.0
20201111,13,PM10_24h,大连,65.0
20201111,13,SO2,大连,15.0
20201111,13,SO2_24h,大连,16.0
20201111,13,NO2,大连,30.0
20201111,13,NO2_24h,大连,48.0
20201111,13,O3,大连,86.0
20201111,13,O3_24h,大连,86.0
20201111,13,O3_8h,大连,50.0
20201111,13,O3_8h_24h,大连,51.0
20201111,13,CO,大连,0.74
20201111,13,CO_24h,大连,0.8
20201111,14,AQI,大连,63.0
20201111,14,PM2.5,大连,41.0
20201111,14,PM2.5_24h,大连,35.0
20201111,14,PM10,大连,76.0
20201111,14,PM10_24h,大连,65.0
20201111,14,SO2,大连,15.0
20201111,14,SO2_24h,大连,16.0
20201111,14,NO2,大连,31.0
20201111,14,NO2_24h,大连,48.0
20201111,14,O3,大连,88.0
20201111,14,O3_24h,大连,90.0
20201111,14,O3_8h,大连,58.0
20201111,14,O3_8h_24h,大连,58.0
20201111,14,CO,大连,0.79
20201111,14,CO_24h,大连,0.81
20201111,15,AQI,大连,69.0
20201111,15,PM2.5,大连,48.0
20201111,15,PM2.5_24h,大连,35.0
20201111,15,PM10,大连,87.0
20201111,15,PM10_24h,大连,67.0
20201111,15,SO2,大连,16.0
20201111,15,SO2_24h,大连,16.0
20201111,15,NO2,大连,33.0
20201111,15,NO2_24h,大连,48.0
20201111,15,O3,大连,93.0
20201111,15,O3_24h,大连,93.0
20201111,15,O3_8h,大连,67.0
20201111,15,O3_8h_24h,大连,67.0
20201111,15,CO,大连,0.8
20201111,15,CO_24h,大连,0.81
20201111,16,AQI,大连,71.0
20201111,16,PM2.5,大连,51.0
20201111,16,PM2.5_24h,大连,36.0
20201111,16,PM10,大连,91.0
20201111,16,PM10_24h,大连,68.0
20201111,16,SO2,大连,15.0
20201111,16,SO2_24h,大连,16.0
20201111,16,NO2,大连,35.0
20201111,16,NO2_24h,大连,48.0
20201111,16,O3,大连,90.0
20201111,16,O3_24h,大连,95.0
20201111,16,O3_8h,大连,75.0
20201111,16,O3_8h_24h,大连,75.0
20201111,16,CO,大连,0.8
20201111,16,CO_24h,大连,0.81
20201111,17,AQI,大连,75.0
20201111,17,PM2.5,大连,55.0
20201111,17,PM2.5_24h,大连,37.0
20201111,17,PM10,大连,95.0
20201111,17,PM10_24h,大连,69.0
20201111,17,SO2,大连,16.0
20201111,17,SO2_24h,大连,16.0
20201111,17,NO2,大连,44.0
20201111,17,NO2_24h,大连,48.0
20201111,17,O3,大连,86.0
20201111,17,O3_24h,大连,95.0
20201111,17,O3_8h,大连,82.0
20201111,17,O3_8h_24h,大连,82.0
20201111,17,CO,大连,0.87
20201111,17,CO_24h,大连,0.8
20201111,18,AQI,大连,69.0
20201111,18,PM2.5,大连,50.0
20201111,18,PM2.5_24h,大连,37.0
20201111,18,PM10,大连,88.0
20201111,18,PM10_24h,大连,69.0
20201111,18,SO2,大连,14.0
20201111,18,SO2_24h,大连,16.0
20201111,18,NO2,大连,48.0
20201111,18,NO2_24h,大连,47.0
20201111,18,O3,大连,70.0
20201111,18,O3_24h,大连,95.0
20201111,18,O3_8h,大连,83.0
20201111,18,O3_8h_24h,大连,83.0
20201111,18,CO,大连,0.76
20201111,18,CO_24h,大连,0.8
20201111,19,AQI,大连,65.0
20201111,19,PM2.5,大连,43.0
20201111,19,PM2.5_24h,大连,38.0
20201111,19,PM10,大连,80.0
20201111,19,PM10_24h,大连,69.0
20201111,19,SO2,大连,13.0
20201111,19,SO2_24h,大连,15.0
20201111,19,NO2,大连,57.0
20201111,19,NO2_24h,大连,47.0
20201111,19,O3,大连,49.0
20201111,19,O3_24h,大连,95.0
20201111,19,O3_8h,大连,80.0
20201111,19,O3_8h_24h,大连,83.0
20201111,19,CO,大连,0.7
20201111,19,CO_24h,大连,0.78
20201111,20,AQI,大连,64.0
20201111,20,PM2.5,大连,40.0
20201111,20,PM2.5_24h,大连,37.0
20201111,20,PM10,大连,77.0
20201111,20,PM10_24h,大连,69.0
20201111,20,SO2,大连,11.0
20201111,20,SO2_24h,大连,15.0
20201111,20,NO2,大连,60.0
20201111,20,NO2_24h,大连,47.0
20201111,20,O3,大连,43.0
20201111,20,O3_24h,大连,95.0
20201111,20,O3_8h,大连,76.0
20201111,20,O3_8h_24h,大连,83.0
20201111,20,CO,大连,0.69
20201111,20,CO_24h,大连,0.76
20201111,21,AQI,大连,51.0
20201111,21,PM2.5,大连,25.0
20201111,21,PM2.5_24h,大连,36.0
20201111,21,PM10,大连,52.0
20201111,21,PM10_24h,大连,67.0
20201111,21,SO2,大连,10.0
20201111,21,SO2_24h,大连,14.0
20201111,21,NO2,大连,43.0
20201111,21,NO2_24h,大连,45.0
20201111,21,O3,大连,57.0
20201111,21,O3_24h,大连,95.0
20201111,21,O3_8h,大连,72.0
20201111,21,O3_8h_24h,大连,83.0
20201111,21,CO,大连,0.48
20201111,21,CO_24h,大连,0.74
20201111,22,AQI,大连,47.0
20201111,22,PM2.5,大连,18.0
20201111,22,PM2.5_24h,大连,35.0
20201111,22,PM10,大连,47.0
20201111,22,PM10_24h,大连,66.0
20201111,22,SO2,大连,10.0
20201111,22,SO2_24h,大连,14.0
20201111,22,NO2,大连,25.0
20201111,22,NO2_24h,大连,44.0
20201111,22,O3,大连,80.0
20201111,22,O3_24h,大连,95.0
20201111,22,O3_8h,大连,71.0
20201111,22,O3_8h_24h,大连,83.0
20201111,22,CO,大连,0.46
20201111,22,CO_24h,大连,0.73
20201111,23,AQI,大连,45.0
20201111,23,PM2.5,大连,18.0
20201111,23,PM2.5_24h,大连,34.0
20201111,23,PM10,大连,45.0
20201111,23,PM10_24h,大连,64.0
20201111,23,SO2,大连,9.0
20201111,23,SO2_24h,大连,14.0
20201111,23,NO2,大连,23.0
20201111,23,NO2_24h,大连,42.0
20201111,23,O3,大连,80.0
20201111,23,O3_24h,大连,95.0
20201111,23,O3_8h,大连,69.0
20201111,23,O3_8h_24h,大连,83.0
20201111,23,CO,大连,0.48
20201111,23,CO_24h,大连,0.71
20201111,0,AQI,长春,69.0
20201111,0,PM2.5,长春,50.0
20201111,0,PM2.5_24h,长春,29.0
20201111,0,PM10,长春,84.0
20201111,0,PM10_24h,长春,61.0
20201111,0,SO2,长春,14.0
20201111,0,SO2_24h,长春,12.0
20201111,0,NO2,长春,53.0
20201111,0,NO2_24h,长春,42.0
20201111,0,O3,长春,7.0
20201111,0,O3_24h,长春,43.0
20201111,0,O3_8h,长春,8.0
20201111,0,O3_8h_24h,长春,35.0
20201111,0,CO,长春,1.02
20201111,0,CO_24h,长春,0.74
20201111,1,AQI,长春,76.0
20201111,1,PM2.5,长春,54.0
20201111,1,PM2.5_24h,长春,30.0
20201111,1,PM10,长春,101.0
20201111,1,PM10_24h,长春,63.0
20201111,1,SO2,长春,13.0
20201111,1,SO2_24h,长春,13.0
20201111,1,NO2,长春,51.0
20201111,1,NO2_24h,长春,42.0
20201111,1,O3,长春,7.0
20201111,1,O3_24h,长春,43.0
20201111,1,O3_8h,长春,7.0
20201111,1,O3_8h_24h,长春,7.0
20201111,1,CO,长春,0.99
20201111,1,CO_24h,长春,0.74
20201111,2,AQI,长春,73.0
20201111,2,PM2.5,长春,53.0
20201111,2,PM2.5_24h,长春,30.0
20201111,2,PM10,长春,87.0
20201111,2,PM10_24h,长春,63.0
20201111,2,SO2,长春,13.0
20201111,2,SO2_24h,长春,13.0
20201111,2,NO2,长春,50.0
20201111,2,NO2_24h,长春,42.0
20201111,2,O3,长春,8.0
20201111,2,O3_24h,长春,43.0
20201111,2,O3_8h,长春,8.0
20201111,2,O3_8h_24h,长春,8.0
20201111,2,CO,长春,0.92
20201111,2,CO_24h,长春,0.76
20201111,3,AQI,长春,71.0
20201111,3,PM2.5,长春,52.0
20201111,3,PM2.5_24h,长春,32.0
20201111,3,PM10,长春,85.0
20201111,3,PM10_24h,长春,64.0
20201111,3,SO2,长春,13.0
20201111,3,SO2_24h,长春,13.0
20201111,3,NO2,长春,49.0
20201111,3,NO2_24h,长春,42.0
20201111,3,O3,长春,8.0
20201111,3,O3_24h,长春,43.0
20201111,3,O3_8h,长春,7.0
20201111,3,O3_8h_24h,长春,8.0
20201111,3,CO,长春,0.91
20201111,3,CO_24h,长春,0.77
20201111,4,AQI,长春,69.0
20201111,4,PM2.5,长春,50.0
20201111,4,PM2.5_24h,长春,33.0
20201111,4,PM10,长春,77.0
20201111,4,PM10_24h,长春,65.0
20201111,4,SO2,长春,13.0
20201111,4,SO2_24h,长春,13.0
20201111,4,NO2,长春,47.0
20201111,4,NO2_24h,长春,42.0
20201111,4,O3,长春,8.0
20201111,4,O3_24h,长春,43.0
20201111,4,O3_8h,长春,8.0
20201111,4,O3_8h_24h,长春,8.0
20201111,4,CO,长春,0.91
20201111,4,CO_24h,长春,0.78
20201111,5,AQI,长春,68.0
20201111,5,PM2.5,长春,49.0
20201111,5,PM2.5_24h,长春,34.0
20201111,5,PM10,长春,72.0
20201111,5,PM10_24h,长春,66.0
20201111,5,SO2,长春,15.0
20201111,5,SO2_24h,长春,13.0
20201111,5,NO2,长春,47.0
20201111,5,NO2_24h,长春,43.0
20201111,5,O3,长春,8.0
20201111,5,O3_24h,长春,43.0
20201111,5,O3_8h,长春,8.0
20201111,5,O3_8h_24h,长春,8.0
20201111,5,CO,长春,0.96
20201111,5,CO_24h,长春,0.8
20201111,6,AQI,长春,68.0
20201111,6,PM2.5,长春,49.0
20201111,6,PM2.5_24h,长春,35.0
20201111,6,PM10,长春,71.0
20201111,6,PM10_24h,长春,67.0
20201111,6,SO2,长春,18.0
20201111,6,SO2_24h,长春,13.0
20201111,6,NO2,长春,46.0
20201111,6,NO2_24h,长春,43.0
20201111,6,O3,长春,7.0
20201111,6,O3_24h,长春,43.0
20201111,6,O3_8h,长春,7.0
20201111,6,O3_8h_24h,长春,8.0
20201111,6,CO,长春,1.04
20201111,6,CO_24h,长春,0.8
20201111,7,AQI,长春,94.0
20201111,7,PM2.5,长春,70.0
20201111,7,PM2.5_24h,长春,49.0
20201111,7,PM10,长春,81.0
20201111,7,PM10_24h,长春,71.0
20201111,7,SO2,长春,28.0
20201111,7,SO2_24h,长春,21.0
20201111,7,NO2,长春,50.0
20201111,7,NO2_24h,长春,49.0
20201111,7,O3,长春,3.0
20201111,7,O3_24h,长春,36.0
20201111,7,O3_8h,长春,3.0
20201111,7,O3_8h_24h,长春,4.0
20201111,7,CO,长春,1.2
20201111,7,CO_24h,长春,0.9
20201111,8,AQI,长春,78.0
20201111,8,PM2.5,长春,57.0
20201111,8,PM2.5_24h,长春,38.0
20201111,8,PM10,长春,69.0
20201111,8,PM10_24h,长春,68.0
20201111,8,SO2,长春,16.0
20201111,8,SO2_24h,长春,13.0
20201111,8,NO2,长春,43.0
20201111,8,NO2_24h,长春,43.0
20201111,8,O3,长春,10.0
20201111,8,O3_24h,长春,43.0
20201111,8,O3_8h,长春,8.0
20201111,8,O3_8h_24h,长春,9.0
20201111,8,CO,长春,1.31
20201111,8,CO_24h,长春,0.87
20201111,10,AQI,长春,94.0
20201111,10,PM2.5,长春,70.0
20201111,10,PM2.5_24h,长春,41.0
20201111,10,PM10,长春,85.0
20201111,10,PM10_24h,长春,70.0
20201111,10,SO2,长春,20.0
20201111,10,SO2_24h,长春,14.0
20201111,10,NO2,长春,40.0
20201111,10,NO2_24h,长春,44.0
20201111,10,O3,长春,30.0
20201111,10,O3_24h,长春,43.0
20201111,10,O3_8h,长春,12.0
20201111,10,O3_8h_24h,长春,12.0
20201111,10,CO,长春,1.31
20201111,10,CO_24h,长春,0.89
20201111,11,AQI,长春,95.0
20201111,11,PM2.5,长春,71.0
20201111,11,PM2.5_24h,长春,43.0
20201111,11,PM10,长春,87.0
20201111,11,PM10_24h,长春,71.0
20201111,11,SO2,长春,20.0
20201111,11,SO2_24h,长春,14.0
20201111,11,NO2,长春,39.0
20201111,11,NO2_24h,长春,45.0
20201111,11,O3,长春,41.0
20201111,11,O3_24h,长春,45.0
20201111,11,O3_8h,长春,16.0
20201111,11,O3_8h_24h,长春,16.0
20201111,11,CO,长春,1.3
20201111,11,CO_24h,长春,0.93
20201111,12,AQI,长春,100.0
20201111,12,PM2.5,长春,75.0
20201111,12,PM2.5_24h,长春,46.0
20201111,12,PM10,长春,92.0
20201111,12,PM10_24h,长春,73.0
20201111,12,SO2,长春,19.0
20201111,12,SO2_24h,长春,15.0
20201111,12,NO2,长春,35.0
20201111,12,NO2_24h,长春,45.0
20201111,12,O3,长春,57.0
20201111,12,O3_24h,长春,57.0
20201111,12,O3_8h,长春,22.0
20201111,12,O3_8h_24h,长春,22.0
20201111,12,CO,长春,1.22
20201111,12,CO_24h,长春,0.97
20201111,13,AQI,长春,94.0
20201111,13,PM2.5,长春,70.0
20201111,13,PM2.5_24h,长春,48.0
20201111,13,PM10,长春,80.0
20201111,13,PM10_24h,长春,74.0
20201111,13,SO2,长春,17.0
20201111,13,SO2_24h,长春,15.0
20201111,13,NO2,长春,30.0
20201111,13,NO2_24h,长春,45.0
20201111,13,O3,长春,70.0
20201111,13,O3_24h,长春,70.0
20201111,13,O3_8h,长春,30.0
20201111,13,O3_8h_24h,长春,30.0
20201111,13,CO,长春,1.14
20201111,13,CO_24h,长春,0.98
20201111,14,AQI,长春,96.0
20201111,14,PM2.5,长春,72.0
20201111,14,PM2.5_24h,长春,50.0
20201111,14,PM10,长春,79.0
20201111,14,PM10_24h,长春,76.0
20201111,14,SO2,长春,16.0
20201111,14,SO2_24h,长春,15.0
20201111,14,NO2,长春,32.0
20201111,14,NO2_24h,长春,46.0
20201111,14,O3,长春,74.0
20201111,14,O3_24h,长春,74.0
20201111,14,O3_8h,长春,38.0
20201111,14,O3_8h_24h,长春,38.0
20201111,14,CO,长春,1.06
20201111,14,CO_24h,长春,0.98
20201111,15,AQI,长春,99.0
20201111,15,PM2.5,长春,74.0
20201111,15,PM2.5_24h,长春,53.0
20201111,15,PM10,长春,80.0
20201111,15,PM10_24h,长春,77.0
20201111,15,SO2,长春,15.0
20201111,15,SO2_24h,长春,16.0
20201111,15,NO2,长春,36.0
20201111,15,NO2_24h,长春,47.0
20201111,15,O3,长春,75.0
20201111,15,O3_24h,长春,76.0
20201111,15,O3_8h,长春,46.0
20201111,15,O3_8h_24h,长春,46.0
20201111,15,CO,长春,1.03
20201111,15,CO_24h,长春,1.03
20201111,16,AQI,长春,100.0
20201111,16,PM2.5,长春,75.0
20201111,16,PM2.5_24h,长春,55.0
20201111,16,PM10,长春,86.0
20201111,16,PM10_24h,长春,79.0
20201111,16,SO2,长春,16.0
20201111,16,SO2_24h,长春,16.0
20201111,16,NO2,长春,45.0
20201111,16,NO2_24h,长春,47.0
20201111,16,O3,长春,68.0
20201111,16,O3_24h,长春,76.0
20201111,16,O3_8h,长春,54.0
20201111,16,O3_8h_24h,长春,54.0
20201111,16,CO,长春,1.04
20201111,16,CO_24h,长春,1.06
20201111,17,AQI,长春,98.0
20201111,17,PM2.5,长春,73.0
20201111,17,PM2.5_24h,长春,57.0
20201111,17,PM10,长春,85.0
20201111,17,PM10_24h,长春,80.0
20201111,17,SO2,长春,16.0
20201111,17,SO2_24h,长春,16.0
20201111,17,NO2,长春,46.0
20201111,17,NO2_24h,长春,47.0
20201111,17,O3,长春,66.0
20201111,17,O3_24h,长春,76.0
20201111,17,O3_8h,长春,60.0
20201111,17,O3_8h_24h,长春,60.0
20201111,17,CO,长春,1.04
20201111,17,CO_24h,长春,1.08
20201111,18,AQI,长春,105.0
20201111,18,PM2.5,长春,79.0
20201111,18,PM2.5_24h,长春,59.0
20201111,18,PM10,长春,87.0
20201111,18,PM10_24h,长春,81.0
20201111,18,SO2,长春,15.0
20201111,18,SO2_24h,长春,16.0
20201111,18,NO2,长春,49.0
20201111,18,NO2_24h,长春,46.0
20201111,18,O3,长春,60.0
20201111,18,O3_24h,长春,76.0
20201111,18,O3_8h,长春,63.0
20201111,18,O3_8h_24h,长春,64.0
20201111,18,CO,长春,1.06
20201111,18,CO_24h,长春,1.08
20201111,19,AQI,长春,116.0
20201111,19,PM2.5,长春,88.0
20201111,19,PM2.5_24h,长春,61.0
20201111,19,PM10,长春,102.0
20201111,19,PM10_24h,长春,83.0
20201111,19,SO2,长春,16.0
20201111,19,SO2_24h,长春,16.0
20201111,19,NO2,长春,47.0
20201111,19,NO2_24h,长春,46.0
20201111,19,O3,长春,63.0
20201111,19,O3_24h,长春,76.0
20201111,19,O3_8h,长春,66.0
20201111,19,O3_8h_24h,长春,67.0
20201111,19,CO,长春,1.09
20201111,19,CO_24h,长春,1.08
20201111,20,AQI,长春,119.0
20201111,20,PM2.5,长春,90.0
20201111,20,PM2.5_24h,长春,63.0
20201111,20,PM10,长春,111.0
20201111,20,PM10_24h,长春,84.0
20201111,20,SO2,长春,16.0
20201111,20,SO2_24h,长春,16.0
20201111,20,NO2,长春,44.0
20201111,20,NO2_24h,长春,45.0
20201111,20,O3,长春,66.0
20201111,20,O3_24h,长春,76.0
20201111,20,O3_8h,长春,68.0
20201111,20,O3_8h_24h,长春,68.0
20201111,20,CO,长春,1.11
20201111,20,CO_24h,长春,1.08
20201111,21,AQI,长春,119.0
20201111,21,PM2.5,长春,90.0
20201111,21,PM2.5_24h,长春,65.0
20201111,21,PM10,长春,114.0
20201111,21,PM10_24h,长春,85.0
20201111,21,SO2,长春,17.0
20201111,21,SO2_24h,长春,16.0
20201111,21,NO2,长春,42.0
20201111,21,NO2_24h,长春,45.0
20201111,21,O3,长春,66.0
20201111,21,O3_24h,长春,76.0
20201111,21,O3_8h,长春,67.0
20201111,21,O3_8h_24h,长春,69.0
20201111,21,CO,长春,1.12
20201111,21,CO_24h,长春,1.09
20201111,22,AQI,长春,114.0
20201111,22,PM2.5,长春,86.0
20201111,22,PM2.5_24h,长春,66.0
20201111,22,PM10,长春,115.0
20201111,22,PM10_24h,长春,87.0
20201111,22,SO2,长春,14.0
20201111,22,SO2_24h,长春,16.0
20201111,22,NO2,长春,40.0
20201111,22,NO2_24h,长春,44.0
20201111,22,O3,长春,61.0
20201111,22,O3_24h,长春,76.0
20201111,22,O3_8h,长春,66.0
20201111,22,O3_8h_24h,长春,69.0
20201111,22,CO,长春,1.07
20201111,22,CO_24h,长春,1.09
20201111,23,AQI,长春,104.0
20201111,23,PM2.5,长春,78.0
20201111,23,PM2.5_24h,长春,67.0
20201111,23,PM10,长春,103.0
20201111,23,PM10_24h,长春,88.0
20201111,23,SO2,长春,13.0
20201111,23,SO2_24h,长春,16.0
20201111,23,NO2,长春,37.0
20201111,23,NO2_24h,长春,43.0
20201111,23,O3,长春,58.0
20201111,23,O3_24h,长春,76.0
20201111,23,O3_8h,长春,64.0
20201111,23,O3_8h_24h,长春,69.0
20201111,23,CO,长春,1.02
20201111,23,CO_24h,长春,1.1
20201111,0,AQI,哈尔滨,67.0
20201111,0,PM2.5,哈尔滨,47.0
20201111,0,PM2.5_24h,哈尔滨,34.0
20201111,0,PM10,哈尔滨,84.0
20201111,0,PM10_24h,哈尔滨,64.0
20201111,0,SO2,哈尔滨,23.0
20201111,0,SO2_24h,哈尔滨,19.0
20201111,0,NO2,哈尔滨,50.0
20201111,0,NO2_24h,哈尔滨,43.0
20201111,0,O3,哈尔滨,11.0
20201111,0,O3_24h,哈尔滨,40.0
20201111,0,O3_8h,哈尔滨,11.0
20201111,0,O3_8h_24h,哈尔滨,31.0
20201111,0,CO,哈尔滨,0.89
20201111,0,CO_24h,哈尔滨,0.84
20201111,1,AQI,哈尔滨,68.0
20201111,1,PM2.5,哈尔滨,46.0
20201111,1,PM2.5_24h,哈尔滨,34.0
20201111,1,PM10,哈尔滨,86.0
20201111,1,PM10_24h,哈尔滨,65.0
20201111,1,SO2,哈尔滨,22.0
20201111,1,SO2_24h,哈尔滨,19.0
20201111,1,NO2,哈尔滨,50.0
20201111,1,NO2_24h,哈尔滨,43.0
20201111,1,O3,哈尔滨,10.0
20201111,1,O3_24h,哈尔滨,40.0
20201111,1,O3_8h,哈尔滨,10.0
20201111,1,O3_8h_24h,哈尔滨,10.0
20201111,1,CO,哈尔滨,0.9
20201111,1,CO_24h,哈尔滨,0.84
20201111,2,AQI,哈尔滨,68.0
20201111,2,PM2.5,哈尔滨,46.0
20201111,2,PM2.5_24h,哈尔滨,35.0
20201111,2,PM10,哈尔滨,85.0
20201111,2,PM10_24h,哈尔滨,66.0
20201111,2,SO2,哈尔滨,22.0
20201111,2,SO2_24h,哈尔滨,19.0
20201111,2,NO2,哈尔滨,49.0
20201111,2,NO2_24h,哈尔滨,43.0
20201111,2,O3,哈尔滨,10.0
20201111,2,O3_24h,哈尔滨,40.0
20201111,2,O3_8h,哈尔滨,10.0
20201111,2,O3_8h_24h,哈尔滨,10.0
20201111,2,CO,哈尔滨,0.93
20201111,2,CO_24h,哈尔滨,0.84
20201111,3,AQI,哈尔滨,68.0
20201111,3,PM2.5,哈尔滨,48.0
20201111,3,PM2.5_24h,哈尔滨,36.0
20201111,3,PM10,哈尔滨,85.0
20201111,3,PM10_24h,哈尔滨,68.0
20201111,3,SO2,哈尔滨,23.0
20201111,3,SO2_24h,哈尔滨,20.0
20201111,3,NO2,哈尔滨,49.0
20201111,3,NO2_24h,哈尔滨,44.0
20201111,3,O3,哈尔滨,10.0
20201111,3,O3_24h,哈尔滨,40.0
20201111,3,O3_8h,哈尔滨,10.0
20201111,3,O3_8h_24h,哈尔滨,10.0
20201111,3,CO,哈尔滨,0.96
20201111,3,CO_24h,哈尔滨,0.84
20201111,4,AQI,哈尔滨,70.0
20201111,4,PM2.5,哈尔滨,51.0
20201111,4,PM2.5_24h,哈尔滨,37.0
20201111,4,PM10,哈尔滨,89.0
20201111,4,PM10_24h,哈尔滨,70.0
20201111,4,SO2,哈尔滨,22.0
20201111,4,SO2_24h,哈尔滨,20.0
20201111,4,NO2,哈尔滨,49.0
20201111,4,NO2_24h,哈尔滨,44.0
20201111,4,O3,哈尔滨,10.0
20201111,4,O3_24h,哈尔滨,40.0
20201111,4,O3_8h,哈尔滨,10.0
20201111,4,O3_8h_24h,哈尔滨,10.0
20201111,4,CO,哈尔滨,1.0
20201111,4,CO_24h,哈尔滨,0.85
20201111,5,AQI,哈尔滨,74.0
20201111,5,PM2.5,哈尔滨,54.0
20201111,5,PM2.5_24h,哈尔滨,39.0
20201111,5,PM10,哈尔滨,88.0
20201111,5,PM10_24h,哈尔滨,72.0
20201111,5,SO2,哈尔滨,24.0
20201111,5,SO2_24h,哈尔滨,20.0
20201111,5,NO2,哈尔滨,48.0
20201111,5,NO2_24h,哈尔滨,44.0
20201111,5,O3,哈尔滨,11.0
20201111,5,O3_24h,哈尔滨,40.0
20201111,5,O3_8h,哈尔滨,10.0
20201111,5,O3_8h_24h,哈尔滨,10.0
20201111,5,CO,哈尔滨,1.03
20201111,5,CO_24h,哈尔滨,0.87
20201111,6,AQI,哈尔滨,84.0
20201111,6,PM2.5,哈尔滨,62.0
20201111,6,PM2.5_24h,哈尔滨,41.0
20201111,6,PM10,哈尔滨,89.0
20201111,6,PM10_24h,哈尔滨,74.0
20201111,6,SO2,哈尔滨,26.0
20201111,6,SO2_24h,哈尔滨,21.0
20201111,6,NO2,哈尔滨,48.0
20201111,6,NO2_24h,哈尔滨,45.0
20201111,6,O3,哈尔滨,11.0
20201111,6,O3_24h,哈尔滨,40.0
20201111,6,O3_8h,哈尔滨,10.0
20201111,6,O3_8h_24h,哈尔滨,10.0
20201111,6,CO,哈尔滨,1.03
20201111,6,CO_24h,哈尔滨,0.88
20201111,8,AQI,哈尔滨,94.0
20201111,8,PM2.5,哈尔滨,70.0
20201111,8,PM2.5_24h,哈尔滨,44.0
20201111,8,PM10,哈尔滨,99.0
20201111,8,PM10_24h,哈尔滨,78.0
20201111,8,SO2,哈尔滨,26.0
20201111,8,SO2_24h,哈尔滨,21.0
20201111,8,NO2,哈尔滨,44.0
20201111,8,NO2_24h,哈尔滨,45.0
20201111,8,O3,哈尔滨,17.0
20201111,8,O3_24h,哈尔滨,40.0
20201111,8,O3_8h,哈尔滨,12.0
20201111,8,O3_8h_24h,哈尔滨,12.0
20201111,8,CO,哈尔滨,1.1
20201111,8,CO_24h,哈尔滨,0.9
20201111,10,AQI,哈尔滨,93.0
20201111,10,PM2.5,哈尔滨,69.0
20201111,10,PM2.5_24h,哈尔滨,48.0
20201111,10,PM10,哈尔滨,98.0
20201111,10,PM10_24h,哈尔滨,81.0
20201111,10,SO2,哈尔滨,27.0
20201111,10,SO2_24h,哈尔滨,22.0
20201111,10,NO2,哈尔滨,39.0
20201111,10,NO2_24h,哈尔滨,46.0
20201111,10,O3,哈尔滨,33.0
20201111,10,O3_24h,哈尔滨,41.0
20201111,10,O3_8h,哈尔滨,16.0
20201111,10,O3_8h_24h,哈尔滨,16.0
20201111,10,CO,哈尔滨,1.15
20201111,10,CO_24h,哈尔滨,0.92
20201111,11,AQI,哈尔滨,103.0
20201111,11,PM2.5,哈尔滨,77.0
20201111,11,PM2.5_24h,哈尔滨,50.0
20201111,11,PM10,哈尔滨,100.0
20201111,11,PM10_24h,哈尔滨,83.0
20201111,11,SO2,哈尔滨,28.0
20201111,11,SO2_24h,哈尔滨,23.0
20201111,11,NO2,哈尔滨,42.0
20201111,11,NO2_24h,哈尔滨,47.0
20201111,11,O3,哈尔滨,40.0
20201111,11,O3_24h,哈尔滨,43.0
20201111,11,O3_8h,哈尔滨,20.0
20201111,11,O3_8h_24h,哈尔滨,20.0
20201111,11,CO,哈尔滨,1.21
20201111,11,CO_24h,哈尔滨,0.94
20201111,12,AQI,哈尔滨,110.0
20201111,12,PM2.5,哈尔滨,83.0
20201111,12,PM2.5_24h,哈尔滨,52.0
20201111,12,PM10,哈尔滨,115.0
20201111,12,PM10_24h,哈尔滨,85.0
20201111,12,SO2,哈尔滨,26.0
20201111,12,SO2_24h,哈尔滨,23.0
20201111,12,NO2,哈尔滨,42.0
20201111,12,NO2_24h,哈尔滨,47.0
20201111,12,O3,哈尔滨,50.0
20201111,12,O3_24h,哈尔滨,49.0
20201111,12,O3_8h,哈尔滨,25.0
20201111,12,O3_8h_24h,哈尔滨,25.0
20201111,12,CO,哈尔滨,1.28
20201111,12,CO_24h,哈尔滨,0.97
20201111,13,AQI,哈尔滨,113.0
20201111,13,PM2.5,哈尔滨,85.0
20201111,13,PM2.5_24h,哈尔滨,54.0
20201111,13,PM10,哈尔滨,115.0
20201111,13,PM10_24h,哈尔滨,88.0
20201111,13,SO2,哈尔滨,25.0
20201111,13,SO2_24h,哈尔滨,23.0
20201111,13,NO2,哈尔滨,43.0
20201111,13,NO2_24h,哈尔滨,48.0
20201111,13,O3,哈尔滨,58.0
20201111,13,O3_24h,哈尔滨,58.0
20201111,13,O3_8h,哈尔滨,30.0
20201111,13,O3_8h_24h,哈尔滨,30.0
20201111,13,CO,哈尔滨,1.26
20201111,13,CO_24h,哈尔滨,0.99
20201111,14,AQI,哈尔滨,96.0
20201111,14,PM2.5,哈尔滨,72.0
20201111,14,PM2.5_24h,哈尔滨,56.0
20201111,14,PM10,哈尔滨,102.0
20201111,14,PM10_24h,哈尔滨,90.0
20201111,14,SO2,哈尔滨,26.0
20201111,14,SO2_24h,哈尔滨,24.0
20201111,14,NO2,哈尔滨,47.0
20201111,14,NO2_24h,哈尔滨,49.0
20201111,14,O3,哈尔滨,62.0
20201111,14,O3_24h,哈尔滨,62.0
20201111,14,O3_8h,哈尔滨,37.0
20201111,14,O3_8h_24h,哈尔滨,37.0
20201111,14,CO,哈尔滨,1.3
20201111,14,CO_24h,哈尔滨,1.02
20201111,15,AQI,哈尔滨,101.0
20201111,15,PM2.5,哈尔滨,76.0
20201111,15,PM2.5_24h,哈尔滨,58.0
20201111,15,PM10,哈尔滨,108.0
20201111,15,PM10_24h,哈尔滨,92.0
20201111,15,SO2,哈尔滨,26.0
20201111,15,SO2_24h,哈尔滨,25.0
20201111,15,NO2,哈尔滨,52.0
20201111,15,NO2_24h,哈尔滨,49.0
20201111,15,O3,哈尔滨,60.0
20201111,15,O3_24h,哈尔滨,63.0
20201111,15,O3_8h,哈尔滨,43.0
20201111,15,O3_8h_24h,哈尔滨,43.0
20201111,15,CO,哈尔滨,1.28
20201111,15,CO_24h,哈尔滨,1.03
20201111,16,AQI,哈尔滨,116.0
20201111,16,PM2.5,哈尔滨,88.0
20201111,16,PM2.5_24h,哈尔滨,61.0
20201111,16,PM10,哈尔滨,130.0
20201111,16,PM10_24h,哈尔滨,95.0
20201111,16,SO2,哈尔滨,25.0
20201111,16,SO2_24h,哈尔滨,25.0
20201111,16,NO2,哈尔滨,58.0
20201111,16,NO2_24h,哈尔滨,50.0
20201111,16,O3,哈尔滨,53.0
20201111,16,O3_24h,哈尔滨,63.0
20201111,16,O3_8h,哈尔滨,48.0
20201111,16,O3_8h_24h,哈尔滨,48.0
20201111,16,CO,哈尔滨,1.26
20201111,16,CO_24h,哈尔滨,1.06
20201111,17,AQI,哈尔滨,129.0
20201111,17,PM2.5,哈尔滨,98.0
20201111,17,PM2.5_24h,哈尔滨,64.0
20201111,17,PM10,哈尔滨,128.0
20201111,17,PM10_24h,哈尔滨,97.0
20201111,17,SO2,哈尔滨,24.0
20201111,17,SO2_24h,哈尔滨,25.0
20201111,17,NO2,哈尔滨,57.0
20201111,17,NO2_24h,哈尔滨,50.0
20201111,17,O3,哈尔滨,51.0
20201111,17,O3_24h,哈尔滨,63.0
20201111,17,O3_8h,哈尔滨,51.0
20201111,17,O3_8h_24h,哈尔滨,51.0
20201111,17,CO,哈尔滨,1.28
20201111,17,CO_24h,哈尔滨,1.08
20201111,18,AQI,哈尔滨,183.0
20201111,18,PM2.5,哈尔滨,138.0
20201111,18,PM2.5_24h,哈尔滨,67.0
20201111,18,PM10,哈尔滨,149.0
20201111,18,PM10_24h,哈尔滨,100.0
20201111,18,SO2,哈尔滨,25.0
20201111,18,SO2_24h,哈尔滨,26.0
20201111,18,NO2,哈尔滨,62.0
20201111,18,NO2_24h,哈尔滨,50.0
20201111,18,O3,哈尔滨,52.0
20201111,18,O3_24h,哈尔滨,63.0
20201111,18,O3_8h,哈尔滨,53.0
20201111,18,O3_8h_24h,哈尔滨,53.0
20201111,18,CO,哈尔滨,1.33
20201111,18,CO_24h,哈尔滨,1.09
20201111,19,AQI,哈尔滨,207.0
20201111,19,PM2.5,哈尔滨,157.0
20201111,19,PM2.5_24h,哈尔滨,71.0
20201111,19,PM10,哈尔滨,194.0
20201111,19,PM10_24h,哈尔滨,104.0
20201111,19,SO2,哈尔滨,27.0
20201111,19,SO2_24h,哈尔滨,26.0
20201111,19,NO2,哈尔滨,61.0
20201111,19,NO2_24h,哈尔滨,50.0
20201111,19,O3,哈尔滨,56.0
20201111,19,O3_24h,哈尔滨,64.0
20201111,19,O3_8h,哈尔滨,55.0
20201111,19,O3_8h_24h,哈尔滨,55.0
20201111,19,CO,哈尔滨,1.39
20201111,19,CO_24h,哈尔滨,1.1
20201111,20,AQI,哈尔滨,213.0
20201111,20,PM2.5,哈尔滨,163.0
20201111,20,PM2.5_24h,哈尔滨,76.0
20201111,20,PM10,哈尔滨,192.0
20201111,20,PM10_24h,哈尔滨,108.0
20201111,20,SO2,哈尔滨,25.0
20201111,20,SO2_24h,哈尔滨,26.0
20201111,20,NO2,哈尔滨,57.0
20201111,20,NO2_24h,哈尔滨,50.0
20201111,20,O3,哈尔滨,61.0
20201111,20,O3_24h,哈尔滨,67.0
20201111,20,O3_8h,哈尔滨,56.0
20201111,20,O3_8h_24h,哈尔滨,57.0
20201111,20,CO,哈尔滨,1.37
20201111,20,CO_24h,哈尔滨,1.13
20201111,21,AQI,哈尔滨,247.0
20201111,21,PM2.5,哈尔滨,197.0
20201111,21,PM2.5_24h,哈尔滨,82.0
20201111,21,PM10,哈尔滨,198.0
20201111,21,PM10_24h,哈尔滨,113.0
20201111,21,SO2,哈尔滨,25.0
20201111,21,SO2_24h,哈尔滨,25.0
20201111,21,NO2,哈尔滨,59.0
20201111,21,NO2_24h,哈尔滨,50.0
20201111,21,O3,哈尔滨,58.0
20201111,21,O3_24h,哈尔滨,68.0
20201111,21,O3_8h,哈尔滨,56.0
20201111,21,O3_8h_24h,哈尔滨,58.0
20201111,21,CO,哈尔滨,1.44
20201111,21,CO_24h,哈尔滨,1.15
20201111,22,AQI,哈尔滨,290.0
20201111,22,PM2.5,哈尔滨,240.0
20201111,22,PM2.5_24h,哈尔滨,90.0
20201111,22,PM10,哈尔滨,221.0
20201111,22,PM10_24h,哈尔滨,119.0
20201111,22,SO2,哈尔滨,25.0
20201111,22,SO2_24h,哈尔滨,25.0
20201111,22,NO2,哈尔滨,62.0
20201111,22,NO2_24h,哈尔滨,50.0
20201111,22,O3,哈尔滨,55.0
20201111,22,O3_24h,哈尔滨,68.0
20201111,22,O3_8h,哈尔滨,56.0
20201111,22,O3_8h_24h,哈尔滨,58.0
20201111,22,CO,哈尔滨,1.52
20201111,22,CO_24h,哈尔滨,1.16
20201111,23,AQI,哈尔滨,257.0
20201111,23,PM2.5,哈尔滨,207.0
20201111,23,PM2.5_24h,哈尔滨,97.0
20201111,23,PM10,哈尔滨,243.0
20201111,23,PM10_24h,哈尔滨,125.0
20201111,23,SO2,哈尔滨,24.0
20201111,23,SO2_24h,哈尔滨,25.0
20201111,23,NO2,哈尔滨,56.0
20201111,23,NO2_24h,哈尔滨,51.0
20201111,23,O3,哈尔滨,56.0
20201111,23,O3_24h,哈尔滨,68.0
20201111,23,O3_8h,哈尔滨,55.0
20201111,23,O3_8h_24h,哈尔滨,59.0
20201111,23,CO,哈尔滨,1.4
20201111,23,CO_24h,哈尔滨,1.19
20201111,0,AQI,上海,43.0
20201111,0,PM2.5,上海,14.0
20201111,0,PM2.5_24h,上海,18.0
20201111,0,PM10,上海,34.0
20201111,0,PM10_24h,上海,46.0
20201111,0,SO2,上海,6.0
20201111,0,SO2_24h,上海,7.0
20201111,0,NO2,上海,85.0
20201111,0,NO2_24h,上海,55.0
20201111,0,O3,上海,17.0
20201111,0,O3_24h,上海,104.0
20201111,0,O3_8h,上海,47.0
20201111,0,O3_8h_24h,上海,95.0
20201111,0,CO,上海,0.59
20201111,0,CO_24h,上海,0.61
20201111,1,AQI,上海,42.0
20201111,1,PM2.5,上海,14.0
20201111,1,PM2.5_24h,上海,18.0
20201111,1,PM10,上海,33.0
20201111,1,PM10_24h,上海,45.0
20201111,1,SO2,上海,6.0
20201111,1,SO2_24h,上海,7.0
20201111,1,NO2,上海,84.0
20201111,1,NO2_24h,上海,56.0
20201111,1,O3,上海,14.0
20201111,1,O3_24h,上海,104.0
20201111,1,O3_8h,上海,14.0
20201111,1,O3_8h_24h,上海,14.0
20201111,1,CO,上海,0.64
20201111,1,CO_24h,上海,0.61
20201111,2,AQI,上海,43.0
20201111,2,PM2.5,上海,16.0
20201111,2,PM2.5_24h,上海,18.0
20201111,2,PM10,上海,32.0
20201111,2,PM10_24h,上海,44.0
20201111,2,SO2,上海,6.0
20201111,2,SO2_24h,上海,7.0
20201111,2,NO2,上海,85.0
20201111,2,NO2_24h,上海,57.0
20201111,2,O3,上海,11.0
20201111,2,O3_24h,上海,104.0
20201111,2,O3_8h,上海,13.0
20201111,2,O3_8h_24h,上海,15.0
20201111,2,CO,上海,0.67
20201111,2,CO_24h,上海,0.62
20201111,3,AQI,上海,42.0
20201111,3,PM2.5,上海,15.0
20201111,3,PM2.5_24h,上海,18.0
20201111,3,PM10,上海,34.0
20201111,3,PM10_24h,上海,44.0
20201111,3,SO2,上海,6.0
20201111,3,SO2_24h,上海,7.0
20201111,3,NO2,上海,84.0
20201111,3,NO2_24h,上海,57.0
20201111,3,O3,上海,9.0
20201111,3,O3_24h,上海,104.0
20201111,3,O3_8h,上海,11.0
20201111,3,O3_8h_24h,上海,15.0
20201111,3,CO,上海,0.73
20201111,3,CO_24h,上海,0.63
20201111,4,AQI,上海,43.0
20201111,4,PM2.5,上海,17.0
20201111,4,PM2.5_24h,上海,18.0
20201111,4,PM10,上海,35.0
20201111,4,PM10_24h,上海,43.0
20201111,4,SO2,上海,6.0
20201111,4,SO2_24h,上海,7.0
20201111,4,NO2,上海,86.0
20201111,4,NO2_24h,上海,58.0
20201111,4,O3,上海,6.0
20201111,4,O3_24h,上海,104.0
20201111,4,O3_8h,上海,10.0
20201111,4,O3_8h_24h,上海,15.0
20201111,4,CO,上海,0.74
20201111,4,CO_24h,上海,0.63
20201111,5,AQI,上海,44.0
20201111,5,PM2.5,上海,17.0
20201111,5,PM2.5_24h,上海,17.0
20201111,5,PM10,上海,37.0
20201111,5,PM10_24h,上海,42.0
20201111,5,SO2,上海,7.0
20201111,5,SO2_24h,上海,7.0
20201111,5,NO2,上海,87.0
20201111,5,NO2_24h,上海,59.0
20201111,5,O3,上海,6.0
20201111,5,O3_24h,上海,104.0
20201111,5,O3_8h,上海,9.0
20201111,5,O3_8h_24h,上海,15.0
20201111,5,CO,上海,0.76
20201111,5,CO_24h,上海,0.64
20201111,6,AQI,上海,43.0
20201111,6,PM2.5,上海,16.0
20201111,6,PM2.5_24h,上海,17.0
20201111,6,PM10,上海,41.0
20201111,6,PM10_24h,上海,42.0
20201111,6,SO2,上海,7.0
20201111,6,SO2_24h,上海,7.0
20201111,6,NO2,上海,86.0
20201111,6,NO2_24h,上海,59.0
20201111,6,O3,上海,9.0
20201111,6,O3_24h,上海,104.0
20201111,6,O3_8h,上海,8.0
20201111,6,O3_8h_24h,上海,15.0
20201111,6,CO,上海,0.8
20201111,6,CO_24h,上海,0.62
20201111,8,AQI,上海,53.0
20201111,8,PM2.5,上海,21.0
20201111,8,PM2.5_24h,上海,16.0
20201111,8,PM10,上海,56.0
20201111,8,PM10_24h,上海,40.0
20201111,8,SO2,上海,8.0
20201111,8,SO2_24h,上海,7.0
20201111,8,NO2,上海,94.0
20201111,8,NO2_24h,上海,60.0
20201111,8,O3,上海,12.0
20201111,8,O3_24h,上海,104.0
20201111,8,O3_8h,上海,9.0
20201111,8,O3_8h_24h,上海,15.0
20201111,8,CO,上海,0.88
20201111,8,CO_24h,上海,0.62
20201111,10,AQI,上海,59.0
20201111,10,PM2.5,上海,27.0
20201111,10,PM2.5_24h,上海,16.0
20201111,10,PM10,上海,68.0
20201111,10,PM10_24h,上海,40.0
20201111,10,SO2,上海,8.0
20201111,10,SO2_24h,上海,7.0
20201111,10,NO2,上海,37.0
20201111,10,NO2_24h,上海,60.0
20201111,10,O3,上海,86.0
20201111,10,O3_24h,上海,104.0
20201111,10,O3_8h,上海,22.0
20201111,10,O3_8h_24h,上海,24.0
20201111,10,CO,上海,0.72
20201111,10,CO_24h,上海,0.63
20201111,11,AQI,上海,52.0
20201111,11,PM2.5,上海,28.0
20201111,11,PM2.5_24h,上海,17.0
20201111,11,PM10,上海,53.0
20201111,11,PM10_24h,上海,41.0
20201111,11,SO2,上海,7.0
20201111,11,SO2_24h,上海,7.0
20201111,11,NO2,上海,29.0
20201111,11,NO2_24h,上海,61.0
20201111,11,O3,上海,95.0
20201111,11,O3_24h,上海,104.0
20201111,11,O3_8h,上海,32.0
20201111,11,O3_8h_24h,上海,33.0
20201111,11,CO,上海,0.68
20201111,11,CO_24h,上海,0.64
20201111,12,AQI,上海,40.0
20201111,12,PM2.5,上海,26.0
20201111,12,PM2.5_24h,上海,17.0
20201111,12,PM10,上海,40.0
20201111,12,PM10_24h,上海,41.0
20201111,12,SO2,上海,7.0
20201111,12,SO2_24h,上海,7.0
20201111,12,NO2,上海,24.0
20201111,12,NO2_24h,上海,61.0
20201111,12,O3,上海,98.0
20201111,12,O3_24h,上海,104.0
20201111,12,O3_8h,上海,43.0
20201111,12,O3_8h_24h,上海,44.0
20201111,12,CO,上海,0.6
20201111,12,CO_24h,上海,0.64
20201111,13,AQI,上海,35.0
20201111,13,PM2.5,上海,21.0
20201111,13,PM2.5_24h,上海,17.0
20201111,13,PM10,上海,35.0
20201111,13,PM10_24h,上海,41.0
20201111,13,SO2,上海,6.0
20201111,13,SO2_24h,上海,7.0
20201111,13,NO2,上海,20.0
20201111,13,NO2_24h,上海,61.0
20201111,13,O3,上海,99.0
20201111,13,O3_24h,上海,104.0
20201111,13,O3_8h,上海,54.0
20201111,13,O3_8h_24h,上海,54.0
20201111,13,CO,上海,0.56
20201111,13,CO_24h,上海,0.66
20201111,14,AQI,上海,29.0
20201111,14,PM2.5,上海,15.0
20201111,14,PM2.5_24h,上海,17.0
20201111,14,PM10,上海,22.0
20201111,14,PM10_24h,上海,40.0
20201111,14,SO2,上海,6.0
20201111,14,SO2_24h,上海,7.0
20201111,14,NO2,上海,20.0
20201111,14,NO2_24h,上海,61.0
20201111,14,O3,上海,94.0
20201111,14,O3_24h,上海,103.0
20201111,14,O3_8h,上海,65.0
20201111,14,O3_8h_24h,上海,65.0
20201111,14,CO,上海,0.4
20201111,14,CO_24h,上海,0.67
20201111,15,AQI,上海,29.0
20201111,15,PM2.5,上海,12.0
20201111,15,PM2.5_24h,上海,17.0
20201111,15,PM10,上海,22.0
20201111,15,PM10_24h,上海,40.0
20201111,15,SO2,上海,5.0
20201111,15,SO2_24h,上海,7.0
20201111,15,NO2,上海,20.0
20201111,15,NO2_24h,上海,61.0
20201111,15,O3,上海,92.0
20201111,15,O3_24h,上海,101.0
20201111,15,O3_8h,上海,76.0
20201111,15,O3_8h_24h,上海,76.0
20201111,15,CO,上海,0.35
20201111,15,CO_24h,上海,0.66
20201111,16,AQI,上海,28.0
20201111,16,PM2.5,上海,9.0
20201111,16,PM2.5_24h,上海,17.0
20201111,16,PM10,上海,22.0
20201111,16,PM10_24h,上海,40.0
20201111,16,SO2,上海,5.0
20201111,16,SO2_24h,上海,7.0
20201111,16,NO2,上海,20.0
20201111,16,NO2_24h,上海,61.0
20201111,16,O3,上海,89.0
20201111,16,O3_24h,上海,100.0
20201111,16,O3_8h,上海,87.0
20201111,16,O3_8h_24h,上海,87.0
20201111,16,CO,上海,0.34
20201111,16,CO_24h,上海,0.63
20201111,17,AQI,上海,26.0
20201111,17,PM2.5,上海,8.0
20201111,17,PM2.5_24h,上海,17.0
20201111,17,PM10,上海,22.0
20201111,17,PM10_24h,上海,39.0
20201111,17,SO2,上海,5.0
20201111,17,SO2_24h,上海,7.0
20201111,17,NO2,上海,25.0
20201111,17,NO2_24h,上海,61.0
20201111,17,O3,上海,82.0
20201111,17,O3_24h,上海,100.0
20201111,17,O3_8h,上海,92.0
20201111,17,O3_8h_24h,上海,92.0
20201111,17,CO,上海,0.33
20201111,17,CO_24h,上海,0.63
20201111,18,AQI,上海,26.0
20201111,18,PM2.5,上海,10.0
20201111,18,PM2.5_24h,上海,17.0
20201111,18,PM10,上海,26.0
20201111,18,PM10_24h,上海,38.0
20201111,18,SO2,上海,5.0
20201111,18,SO2_24h,上海,7.0
20201111,18,NO2,上海,31.0
20201111,18,NO2_24h,上海,60.0
20201111,18,O3,上海,72.0
20201111,18,O3_24h,上海,100.0
20201111,18,O3_8h,上海,90.0
20201111,18,O3_8h_24h,上海,92.0
20201111,18,CO,上海,0.39
20201111,18,CO_24h,上海,0.63
20201111,19,AQI,上海,29.0
20201111,19,PM2.5,上海,13.0
20201111,19,PM2.5_24h,上海,17.0
20201111,19,PM10,上海,29.0
20201111,19,PM10_24h,上海,38.0
20201111,19,SO2,上海,5.0
20201111,19,SO2_24h,上海,6.0
20201111,19,NO2,上海,42.0
20201111,19,NO2_24h,上海,60.0
20201111,19,O3,上海,60.0
20201111,19,O3_24h,上海,100.0
20201111,19,O3_8h,上海,85.0
20201111,19,O3_8h_24h,上海,92.0
20201111,19,CO,上海,0.42
20201111,19,CO_24h,上海,0.61
20201111,20,AQI,上海,27.0
20201111,20,PM2.5,上海,12.0
20201111,20,PM2.5_24h,上海,17.0
20201111,20,PM10,上海,27.0
20201111,20,PM10_24h,上海,37.0
20201111,20,SO2,上海,5.0
20201111,20,SO2_24h,上海,6.0
20201111,20,NO2,上海,47.0
20201111,20,NO2_24h,上海,60.0
20201111,20,O3,上海,54.0
20201111,20,O3_24h,上海,100.0
20201111,20,O3_8h,上海,79.0
20201111,20,O3_8h_24h,上海,92.0
20201111,20,CO,上海,0.43
20201111,20,CO_24h,上海,0.6
20201111,21,AQI,上海,31.0
20201111,21,PM2.5,上海,14.0
20201111,21,PM2.5_24h,上海,16.0
20201111,21,PM10,上海,31.0
20201111,21,PM10_24h,上海,37.0
20201111,21,SO2,上海,5.0
20201111,21,SO2_24h,上海,6.0
20201111,21,NO2,上海,55.0
20201111,21,NO2_24h,上海,59.0
20201111,21,O3,上海,43.0
20201111,21,O3_24h,上海,100.0
20201111,21,O3_8h,上海,72.0
20201111,21,O3_8h_24h,上海,92.0
20201111,21,CO,上海,0.46
20201111,21,CO_24h,上海,0.6
20201111,22,AQI,上海,31.0
20201111,22,PM2.5,上海,15.0
20201111,22,PM2.5_24h,上海,16.0
20201111,22,PM10,上海,31.0
20201111,22,PM10_24h,上海,37.0
20201111,22,SO2,上海,5.0
20201111,22,SO2_24h,上海,6.0
20201111,22,NO2,上海,57.0
20201111,22,NO2_24h,上海,58.0
20201111,22,O3,上海,39.0
20201111,22,O3_24h,上海,100.0
20201111,22,O3_8h,上海,66.0
20201111,22,O3_8h_24h,上海,92.0
20201111,22,CO,上海,0.48
20201111,22,CO_24h,上海,0.6
20201111,23,AQI,上海,28.0
20201111,23,PM2.5,上海,14.0
20201111,23,PM2.5_24h,上海,16.0
20201111,23,PM10,上海,28.0
20201111,23,PM10_24h,上海,37.0
20201111,23,SO2,上海,5.0
20201111,23,SO2_24h,上海,6.0
20201111,23,NO2,上海,49.0
20201111,23,NO2_24h,上海,56.0
20201111,23,O3,上海,46.0
20201111,23,O3_24h,上海,100.0
20201111,23,O3_8h,上海,60.0
20201111,23,O3_8h_24h,上海,92.0
20201111,23,CO,上海,0.46
20201111,23,CO_24h,上海,0.59
20201111,0,AQI,南京,82.0
20201111,0,PM2.5,南京,45.0
20201111,0,PM2.5_24h,南京,38.0
20201111,0,PM10,南京,114.0
20201111,0,PM10_24h,南京,111.0
20201111,0,SO2,南京,6.0
20201111,0,SO2_24h,南京,7.0
20201111,0,NO2,南京,100.0
20201111,0,NO2_24h,南京,70.0
20201111,0,O3,南京,18.0
20201111,0,O3_24h,南京,130.0
20201111,0,O3_8h,南京,51.0
20201111,0,O3_8h_24h,南京,108.0
20201111,0,CO,南京,0.93
20201111,0,CO_24h,南京,0.77
20201111,1,AQI,南京,84.0
20201111,1,PM2.5,南京,48.0
20201111,1,PM2.5_24h,南京,39.0
20201111,1,PM10,南京,117.0
20201111,1,PM10_24h,南京,111.0
20201111,1,SO2,南京,7.0
20201111,1,SO2_24h,南京,7.0
20201111,1,NO2,南京,91.0
20201111,1,NO2_24h,南京,71.0
20201111,1,O3,南京,20.0
20201111,1,O3_24h,南京,130.0
20201111,1,O3_8h,南京,20.0
20201111,1,O3_8h_24h,南京,20.0
20201111,1,CO,南京,0.94
20201111,1,CO_24h,南京,0.77
20201111,2,AQI,南京,85.0
20201111,2,PM2.5,南京,50.0
20201111,2,PM2.5_24h,南京,39.0
20201111,2,PM10,南京,120.0
20201111,2,PM10_24h,南京,111.0
20201111,2,SO2,南京,7.0
20201111,2,SO2_24h,南京,7.0
20201111,2,NO2,南京,89.0
20201111,2,NO2_24h,南京,71.0
20201111,2,O3,南京,18.0
20201111,2,O3_24h,南京,130.0
20201111,2,O3_8h,南京,19.0
20201111,2,O3_8h_24h,南京,21.0
20201111,2,CO,南京,0.91
20201111,2,CO_24h,南京,0.77
20201111,3,AQI,南京,86.0
20201111,3,PM2.5,南京,50.0
20201111,3,PM2.5_24h,南京,40.0
20201111,3,PM10,南京,121.0
20201111,3,PM10_24h,南京,111.0
20201111,3,SO2,南京,7.0
20201111,3,SO2_24h,南京,7.0
20201111,3,NO2,南京,93.0
20201111,3,NO2_24h,南京,71.0
20201111,3,O3,南京,8.0
20201111,3,O3_24h,南京,130.0
20201111,3,O3_8h,南京,15.0
20201111,3,O3_8h_24h,南京,21.0
20201111,3,CO,南京,0.94
20201111,3,CO_24h,南京,0.78
20201111,4,AQI,南京,80.0
20201111,4,PM2.5,南京,47.0
20201111,4,PM2.5_24h,南京,40.0
20201111,4,PM10,南京,110.0
20201111,4,PM10_24h,南京,111.0
20201111,4,SO2,南京,7.0
20201111,4,SO2_24h,南京,7.0
20201111,4,NO2,南京,87.0
20201111,4,NO2_24h,南京,72.0
20201111,4,O3,南京,8.0
20201111,4,O3_24h,南京,130.0
20201111,4,O3_8h,南京,13.0
20201111,4,O3_8h_24h,南京,21.0
20201111,4,CO,南京,0.96
20201111,4,CO_24h,南京,0.79
20201111,5,AQI,南京,70.0
20201111,5,PM2.5,南京,41.0
20201111,5,PM2.5_24h,南京,40.0
20201111,5,PM10,南京,90.0
20201111,5,PM10_24h,南京,110.0
20201111,5,SO2,南京,6.0
20201111,5,SO2_24h,南京,7.0
20201111,5,NO2,南京,76.0
20201111,5,NO2_24h,南京,72.0
20201111,5,O3,南京,12.0
20201111,5,O3_24h,南京,130.0
20201111,5,O3_8h,南京,13.0
20201111,5,O3_8h_24h,南京,21.0
20201111,5,CO,南京,0.91
20201111,5,CO_24h,南京,0.8
20201111,6,AQI,南京,64.0
20201111,6,PM2.5,南京,36.0
20201111,6,PM2.5_24h,南京,40.0
20201111,6,PM10,南京,77.0
20201111,6,PM10_24h,南京,108.0
20201111,6,SO2,南京,6.0
20201111,6,SO2_24h,南京,7.0
20201111,6,NO2,南京,66.0
20201111,6,NO2_24h,南京,71.0
20201111,6,O3,南京,17.0
20201111,6,O3_24h,南京,130.0
20201111,6,O3_8h,南京,14.0
20201111,6,O3_8h_24h,南京,21.0
20201111,6,CO,南京,0.87
20201111,6,CO_24h,南京,0.81
20201111,7,AQI,南京,56.0
20201111,7,PM2.5,南京,27.0
20201111,7,PM2.5_24h,南京,36.0
20201111,7,PM10,南京,62.0
20201111,7,PM10_24h,南京,104.0
20201111,7,SO2,南京,5.0
20201111,7,SO2_24h,南京,7.0
20201111,7,NO2,南京,69.0
20201111,7,NO2_24h,南京,68.0
20201111,7,O3,南京,8.0
20201111,7,O3_24h,南京,125.0
20201111,7,O3_8h,南京,11.0
20201111,7,O3_8h_24h,南京,21.0
20201111,7,CO,南京,0.9
20201111,7,CO_24h,南京,0.8
20201111,8,AQI,南京,57.0
20201111,8,PM2.5,南京,30.0
20201111,8,PM2.5_24h,南京,39.0
20201111,8,PM10,南京,64.0
20201111,8,PM10_24h,南京,104.0
20201111,8,SO2,南京,7.0
20201111,8,SO2_24h,南京,7.0
20201111,8,NO2,南京,61.0
20201111,8,NO2_24h,南京,70.0
20201111,8,O3,南京,24.0
20201111,8,O3_24h,南京,130.0
20201111,8,O3_8h,南京,15.0
20201111,8,O3_8h_24h,南京,22.0
20201111,8,CO,南京,0.84
20201111,8,CO_24h,南京,0.8
20201111,10,AQI,南京,55.0
20201111,10,PM2.5,南京,23.0
20201111,10,PM2.5_24h,南京,38.0
20201111,10,PM10,南京,59.0
20201111,10,PM10_24h,南京,97.0
20201111,10,SO2,南京,7.0
20201111,10,SO2_24h,南京,7.0
20201111,10,NO2,南京,36.0
20201111,10,NO2_24h,南京,67.0
20201111,10,O3,南京,72.0
20201111,10,O3_24h,南京,130.0
20201111,10,O3_8h,南京,24.0
20201111,10,O3_8h_24h,南京,28.0
20201111,10,CO,南京,0.64
20201111,10,CO_24h,南京,0.79
20201111,11,AQI,南京,53.0
20201111,11,PM2.5,南京,15.0
20201111,11,PM2.5_24h,南京,36.0
20201111,11,PM10,南京,55.0
20201111,11,PM10_24h,南京,95.0
20201111,11,SO2,南京,7.0
20201111,11,SO2_24h,南京,7.0
20201111,11,NO2,南京,25.0
20201111,11,NO2_24h,南京,66.0
20201111,11,O3,南京,95.0
20201111,11,O3_24h,南京,130.0
20201111,11,O3_8h,南京,34.0
20201111,11,O3_8h_24h,南京,35.0
20201111,11,CO,南京,0.62
20201111,11,CO_24h,南京,0.78
20201111,12,AQI,南京,50.0
20201111,12,PM2.5,南京,14.0
20201111,12,PM2.5_24h,南京,36.0
20201111,12,PM10,南京,50.0
20201111,12,PM10_24h,南京,92.0
20201111,12,SO2,南京,7.0
20201111,12,SO2_24h,南京,7.0
20201111,12,NO2,南京,25.0
20201111,12,NO2_24h,南京,65.0
20201111,12,O3,南京,101.0
20201111,12,O3_24h,南京,130.0
20201111,12,O3_8h,南京,44.0
20201111,12,O3_8h_24h,南京,44.0
20201111,12,CO,南京,0.71
20201111,12,CO_24h,南京,0.79
20201111,13,AQI,南京,48.0
20201111,13,PM2.5,南京,16.0
20201111,13,PM2.5_24h,南京,35.0
20201111,13,PM10,南京,48.0
20201111,13,PM10_24h,南京,90.0
20201111,13,SO2,南京,6.0
20201111,13,SO2_24h,南京,7.0
20201111,13,NO2,南京,21.0
20201111,13,NO2_24h,南京,65.0
20201111,13,O3,南京,109.0
20201111,13,O3_24h,南京,130.0
20201111,13,O3_8h,南京,56.0
20201111,13,O3_8h_24h,南京,56.0
20201111,13,CO,南京,0.63
20201111,13,CO_24h,南京,0.79
20201111,14,AQI,南京,42.0
20201111,14,PM2.5,南京,14.0
20201111,14,PM2.5_24h,南京,34.0
20201111,14,PM10,南京,42.0
20201111,14,PM10_24h,南京,88.0
20201111,14,SO2,南京,6.0
20201111,14,SO2_24h,南京,7.0
20201111,14,NO2,南京,24.0
20201111,14,NO2_24h,南京,65.0
20201111,14,O3,南京,111.0
20201111,14,O3_24h,南京,130.0
20201111,14,O3_8h,南京,66.0
20201111,14,O3_8h_24h,南京,66.0
20201111,14,CO,南京,0.63
20201111,14,CO_24h,南京,0.8
20201111,15,AQI,南京,45.0
20201111,15,PM2.5,南京,18.0
20201111,15,PM2.5_24h,南京,34.0
20201111,15,PM10,南京,45.0
20201111,15,PM10_24h,南京,86.0
20201111,15,SO2,南京,6.0
20201111,15,SO2_24h,南京,6.0
20201111,15,NO2,南京,29.0
20201111,15,NO2_24h,南京,65.0
20201111,15,O3,南京,119.0
20201111,15,O3_24h,南京,128.0
20201111,15,O3_8h,南京,82.0
20201111,15,O3_8h_24h,南京,82.0
20201111,15,CO,南京,0.67
20201111,15,CO_24h,南京,0.81
20201111,16,AQI,南京,51.0
20201111,16,PM2.5,南京,22.0
20201111,16,PM2.5_24h,南京,33.0
20201111,16,PM10,南京,51.0
20201111,16,PM10_24h,南京,84.0
20201111,16,SO2,南京,7.0
20201111,16,SO2_24h,南京,7.0
20201111,16,NO2,南京,33.0
20201111,16,NO2_24h,南京,65.0
20201111,16,O3,南京,119.0
20201111,16,O3_24h,南京,122.0
20201111,16,O3_8h,南京,96.0
20201111,16,O3_8h_24h,南京,96.0
20201111,16,CO,南京,0.68
20201111,16,CO_24h,南京,0.82
20201111,17,AQI,南京,56.0
20201111,17,PM2.5,南京,24.0
20201111,17,PM2.5_24h,南京,33.0
20201111,17,PM10,南京,61.0
20201111,17,PM10_24h,南京,83.0
20201111,17,SO2,南京,6.0
20201111,17,SO2_24h,南京,6.0
20201111,17,NO2,南京,43.0
20201111,17,NO2_24h,南京,64.0
20201111,17,O3,南京,99.0
20201111,17,O3_24h,南京,121.0
20201111,17,O3_8h,南京,107.0
20201111,17,O3_8h_24h,南京,107.0
20201111,17,CO,南京,0.63
20201111,17,CO_24h,南京,0.82
20201111,18,AQI,南京,57.0
20201111,18,PM2.5,南京,24.0
20201111,18,PM2.5_24h,南京,32.0
20201111,18,PM10,南京,64.0
20201111,18,PM10_24h,南京,82.0
20201111,18,SO2,南京,5.0
20201111,18,SO2_24h,南京,6.0
20201111,18,NO2,南京,55.0
20201111,18,NO2_24h,南京,64.0
20201111,18,O3,南京,82.0
20201111,18,O3_24h,南京,121.0
20201111,18,O3_8h,南京,108.0
20201111,18,O3_8h_24h,南京,108.0
20201111,18,CO,南京,0.59
20201111,18,CO_24h,南京,0.81
20201111,19,AQI,南京,69.0
20201111,19,PM2.5,南京,25.0
20201111,19,PM2.5_24h,南京,33.0
20201111,19,PM10,南京,87.0
20201111,19,PM10_24h,南京,83.0
20201111,19,SO2,南京,4.0
20201111,19,SO2_24h,南京,6.0
20201111,19,NO2,南京,55.0
20201111,19,NO2_24h,南京,64.0
20201111,19,O3,南京,75.0
20201111,19,O3_24h,南京,121.0
20201111,19,O3_8h,南京,104.0
20201111,19,O3_8h_24h,南京,109.0
20201111,19,CO,南京,0.54
20201111,19,CO_24h,南京,0.76
20201111,20,AQI,南京,59.0
20201111,20,PM2.5,南京,28.0
20201111,20,PM2.5_24h,南京,32.0
20201111,20,PM10,南京,67.0
20201111,20,PM10_24h,南京,80.0
20201111,20,SO2,南京,5.0
20201111,20,SO2_24h,南京,6.0
20201111,20,NO2,南京,67.0
20201111,20,NO2_24h,南京,62.0
20201111,20,O3,南京,58.0
20201111,20,O3_24h,南京,121.0
20201111,20,O3_8h,南京,97.0
20201111,20,O3_8h_24h,南京,108.0
20201111,20,CO,南京,0.64
20201111,20,CO_24h,南京,0.78
20201111,21,AQI,南京,62.0
20201111,21,PM2.5,南京,31.0
20201111,21,PM2.5_24h,南京,31.0
20201111,21,PM10,南京,74.0
20201111,21,PM10_24h,南京,78.0
20201111,21,SO2,南京,5.0
20201111,21,SO2_24h,南京,6.0
20201111,21,NO2,南京,75.0
20201111,21,NO2_24h,南京,61.0
20201111,21,O3,南京,47.0
20201111,21,O3_24h,南京,121.0
20201111,21,O3_8h,南京,88.0
20201111,21,O3_8h_24h,南京,108.0
20201111,21,CO,南京,0.66
20201111,21,CO_24h,南京,0.78
20201111,22,AQI,南京,63.0
20201111,22,PM2.5,南京,31.0
20201111,22,PM2.5_24h,南京,30.0
20201111,22,PM10,南京,76.0
20201111,22,PM10_24h,南京,76.0
20201111,22,SO2,南京,5.0
20201111,22,SO2_24h,南京,6.0
20201111,22,NO2,南京,68.0
20201111,22,NO2_24h,南京,60.0
20201111,22,O3,南京,50.0
20201111,22,O3_24h,南京,121.0
20201111,22,O3_8h,南京,81.0
20201111,22,O3_8h_24h,南京,108.0
20201111,22,CO,南京,0.66
20201111,22,CO_24h,南京,0.77
20201111,23,AQI,南京,65.0
20201111,23,PM2.5,南京,35.0
20201111,23,PM2.5_24h,南京,30.0
20201111,23,PM10,南京,80.0
20201111,23,PM10_24h,南京,75.0
20201111,23,SO2,南京,5.0
20201111,23,SO2_24h,南京,6.0
20201111,23,NO2,南京,71.0
20201111,23,NO2_24h,南京,59.0
20201111,23,O3,南京,43.0
20201111,23,O3_24h,南京,121.0
20201111,23,O3_8h,南京,71.0
20201111,23,O3_8h_24h,南京,108.0
20201111,23,CO,南京,0.69
20201111,23,CO_24h,南京,0.77
20201111,0,AQI,苏州,56.0
20201111,0,PM2.5,苏州,24.0
20201111,0,PM2.5_24h,苏州,30.0
20201111,0,PM10,苏州,61.0
20201111,0,PM10_24h,苏州,70.0
20201111,0,SO2,苏州,9.0
20201111,0,SO2_24h,苏州,9.0
20201111,0,NO2,苏州,86.0
20201111,0,NO2_24h,苏州,61.0
20201111,0,O3,苏州,7.0
20201111,0,O3_24h,苏州,114.0
20201111,0,O3_8h,苏州,34.0
20201111,0,O3_8h_24h,苏州,102.0
20201111,0,CO,苏州,0.6
20201111,0,CO_24h,苏州,0.67
20201111,1,AQI,苏州,54.0
20201111,1,PM2.5,苏州,23.0
20201111,1,PM2.5_24h,苏州,29.0
20201111,1,PM10,苏州,57.0
20201111,1,PM10_24h,苏州,69.0
20201111,1,SO2,苏州,9.0
20201111,1,SO2_24h,苏州,9.0
20201111,1,NO2,苏州,85.0
20201111,1,NO2_24h,苏州,61.0
20201111,1,O3,苏州,4.0
20201111,1,O3_24h,苏州,114.0
20201111,1,O3_8h,苏州,4.0
20201111,1,O3_8h_24h,苏州,4.0
20201111,1,CO,苏州,0.64
20201111,1,CO_24h,苏州,0.67
20201111,2,AQI,苏州,51.0
20201111,2,PM2.5,苏州,25.0
20201111,2,PM2.5_24h,苏州,29.0
20201111,2,PM10,苏州,52.0
20201111,2,PM10_24h,苏州,68.0
20201111,2,SO2,苏州,9.0
20201111,2,SO2_24h,苏州,9.0
20201111,2,NO2,苏州,81.0
20201111,2,NO2_24h,苏州,62.0
20201111,2,O3,苏州,4.0
20201111,2,O3_24h,苏州,114.0
20201111,2,O3_8h,苏州,4.0
20201111,2,O3_8h_24h,苏州,4.0
20201111,2,CO,苏州,0.64
20201111,2,CO_24h,苏州,0.66
20201111,3,AQI,苏州,49.0
20201111,3,PM2.5,苏州,25.0
20201111,3,PM2.5_24h,苏州,29.0
20201111,3,PM10,苏州,49.0
20201111,3,PM10_24h,苏州,67.0
20201111,3,SO2,苏州,10.0
20201111,3,SO2_24h,苏州,9.0
20201111,3,NO2,苏州,78.0
20201111,3,NO2_24h,苏州,62.0
20201111,3,O3,苏州,4.0
20201111,3,O3_24h,苏州,114.0
20201111,3,O3_8h,苏州,4.0
20201111,3,O3_8h_24h,苏州,4.0
20201111,3,CO,苏州,0.67
20201111,3,CO_24h,苏州,0.64
20201111,4,AQI,苏州,49.0
20201111,4,PM2.5,苏州,24.0
20201111,4,PM2.5_24h,苏州,29.0
20201111,4,PM10,苏州,49.0
20201111,4,PM10_24h,苏州,67.0
20201111,4,SO2,苏州,10.0
20201111,4,SO2_24h,苏州,9.0
20201111,4,NO2,苏州,75.0
20201111,4,NO2_24h,苏州,62.0
20201111,4,O3,苏州,4.0
20201111,4,O3_24h,苏州,114.0
20201111,4,O3_8h,苏州,4.0
20201111,4,O3_8h_24h,苏州,4.0
20201111,4,CO,苏州,0.69
20201111,4,CO_24h,苏州,0.64
20201111,5,AQI,苏州,48.0
20201111,5,PM2.5,苏州,27.0
20201111,5,PM2.5_24h,苏州,29.0
20201111,5,PM10,苏州,48.0
20201111,5,PM10_24h,苏州,66.0
20201111,5,SO2,苏州,11.0
20201111,5,SO2_24h,苏州,10.0
20201111,5,NO2,苏州,70.0
20201111,5,NO2_24h,苏州,62.0
20201111,5,O3,苏州,4.0
20201111,5,O3_24h,苏州,116.0
20201111,5,O3_8h,苏州,4.0
20201111,5,O3_8h_24h,苏州,5.0
20201111,5,CO,苏州,0.73
20201111,5,CO_24h,苏州,0.63
20201111,6,AQI,苏州,51.0
20201111,6,PM2.5,苏州,29.0
20201111,6,PM2.5_24h,苏州,29.0
20201111,6,PM10,苏州,51.0
20201111,6,PM10_24h,苏州,65.0
20201111,6,SO2,苏州,12.0
20201111,6,SO2_24h,苏州,10.0
20201111,6,NO2,苏州,68.0
20201111,6,NO2_24h,苏州,62.0
20201111,6,O3,苏州,4.0
20201111,6,O3_24h,苏州,116.0
20201111,6,O3_8h,苏州,4.0
20201111,6,O3_8h_24h,苏州,5.0
20201111,6,CO,苏州,0.72
20201111,6,CO_24h,苏州,0.63
20201111,7,AQI,苏州,37.0
20201111,7,PM2.5,苏州,21.0
20201111,7,PM2.5_24h,苏州,31.0
20201111,7,PM10,苏州,37.0
20201111,7,PM10_24h,苏州,61.0
20201111,7,SO2,苏州,11.0
20201111,7,SO2_24h,苏州,11.0
20201111,7,NO2,苏州,65.0
20201111,7,NO2_24h,苏州,61.0
20201111,7,O3,苏州,12.0
20201111,7,O3_24h,苏州,114.0
20201111,7,O3_8h,苏州,6.0
20201111,7,O3_8h_24h,苏州,6.0
20201111,7,CO,苏州,0.6
20201111,7,CO_24h,苏州,0.7
20201111,8,AQI,苏州,55.0
20201111,8,PM2.5,苏州,30.0
20201111,8,PM2.5_24h,苏州,29.0
20201111,8,PM10,苏州,60.0
20201111,8,PM10_24h,苏州,64.0
20201111,8,SO2,苏州,13.0
20201111,8,SO2_24h,苏州,10.0
20201111,8,NO2,苏州,73.0
20201111,8,NO2_24h,苏州,62.0
20201111,8,O3,苏州,8.0
20201111,8,O3_24h,苏州,116.0
20201111,8,O3_8h,苏州,4.0
20201111,8,O3_8h_24h,苏州,5.0
20201111,8,CO,苏州,0.8
20201111,8,CO_24h,苏州,0.63
20201111,10,AQI,苏州,46.0
20201111,10,PM2.5,苏州,23.0
20201111,10,PM2.5_24h,苏州,28.0
20201111,10,PM10,苏州,46.0
20201111,10,PM10_24h,苏州,62.0
20201111,10,SO2,苏州,8.0
20201111,10,SO2_24h,苏州,10.0
20201111,10,NO2,苏州,40.0
20201111,10,NO2_24h,苏州,63.0
20201111,10,O3,苏州,67.0
20201111,10,O3_24h,苏州,114.0
20201111,10,O3_8h,苏州,18.0
20201111,10,O3_8h_24h,苏州,18.0
20201111,10,CO,苏州,0.59
20201111,10,CO_24h,苏州,0.61
20201111,11,AQI,苏州,44.0
20201111,11,PM2.5,苏州,28.0
20201111,11,PM2.5_24h,苏州,28.0
20201111,11,PM10,苏州,44.0
20201111,11,PM10_24h,苏州,60.0
20201111,11,SO2,苏州,7.0
20201111,11,SO2_24h,苏州,9.0
20201111,11,NO2,苏州,32.0
20201111,11,NO2_24h,苏州,63.0
20201111,11,O3,苏州,86.0
20201111,11,O3_24h,苏州,114.0
20201111,11,O3_8h,苏州,28.0
20201111,11,O3_8h_24h,苏州,28.0
20201111,11,CO,苏州,0.6
20201111,11,CO_24h,苏州,0.63
20201111,12,AQI,苏州,49.0
20201111,12,PM2.5,苏州,34.0
20201111,12,PM2.5_24h,苏州,28.0
20201111,12,PM10,苏州,48.0
20201111,12,PM10_24h,苏州,59.0
20201111,12,SO2,苏州,7.0
20201111,12,SO2_24h,苏州,9.0
20201111,12,NO2,苏州,31.0
20201111,12,NO2_24h,苏州,63.0
20201111,12,O3,苏州,95.0
20201111,12,O3_24h,苏州,114.0
20201111,12,O3_8h,苏州,39.0
20201111,12,O3_8h_24h,苏州,39.0
20201111,12,CO,苏州,0.63
20201111,12,CO_24h,苏州,0.64
20201111,13,AQI,苏州,51.0
20201111,13,PM2.5,苏州,35.0
20201111,13,PM2.5_24h,苏州,28.0
20201111,13,PM10,苏州,51.0
20201111,13,PM10_24h,苏州,58.0
20201111,13,SO2,苏州,6.0
20201111,13,SO2_24h,苏州,9.0
20201111,13,NO2,苏州,32.0
20201111,13,NO2_24h,苏州,62.0
20201111,13,O3,苏州,100.0
20201111,13,O3_24h,苏州,114.0
20201111,13,O3_8h,苏州,51.0
20201111,13,O3_8h_24h,苏州,51.0
20201111,13,CO,苏州,0.66
20201111,13,CO_24h,苏州,0.64
20201111,14,AQI,苏州,53.0
20201111,14,PM2.5,苏州,33.0
20201111,14,PM2.5_24h,苏州,28.0
20201111,14,PM10,苏州,55.0
20201111,14,PM10_24h,苏州,57.0
20201111,14,SO2,苏州,5.0
20201111,14,SO2_24h,苏州,9.0
20201111,14,NO2,苏州,28.0
20201111,14,NO2_24h,苏州,63.0
20201111,14,O3,苏州,107.0
20201111,14,O3_24h,苏州,114.0
20201111,14,O3_8h,苏州,63.0
20201111,14,O3_8h_24h,苏州,63.0
20201111,14,CO,苏州,0.57
20201111,14,CO_24h,苏州,0.66
20201111,15,AQI,苏州,53.0
20201111,15,PM2.5,苏州,30.0
20201111,15,PM2.5_24h,苏州,28.0
20201111,15,PM10,苏州,56.0
20201111,15,PM10_24h,苏州,56.0
20201111,15,SO2,苏州,5.0
20201111,15,SO2_24h,苏州,9.0
20201111,15,NO2,苏州,26.0
20201111,15,NO2_24h,苏州,62.0
20201111,15,O3,苏州,110.0
20201111,15,O3_24h,苏州,115.0
20201111,15,O3_8h,苏州,75.0
20201111,15,O3_8h_24h,苏州,75.0
20201111,15,CO,苏州,0.6
20201111,15,CO_24h,苏州,0.67
20201111,16,AQI,苏州,53.0
20201111,16,PM2.5,苏州,29.0
20201111,16,PM2.5_24h,苏州,28.0
20201111,16,PM10,苏州,55.0
20201111,16,PM10_24h,苏州,56.0
20201111,16,SO2,苏州,6.0
20201111,16,SO2_24h,苏州,9.0
20201111,16,NO2,苏州,29.0
20201111,16,NO2_24h,苏州,62.0
20201111,16,O3,苏州,103.0
20201111,16,O3_24h,苏州,111.0
20201111,16,O3_8h,苏州,87.0
20201111,16,O3_8h_24h,苏州,87.0
20201111,16,CO,苏州,0.62
20201111,16,CO_24h,苏州,0.67
20201111,17,AQI,苏州,54.0
20201111,17,PM2.5,苏州,27.0
20201111,17,PM2.5_24h,苏州,28.0
20201111,17,PM10,苏州,57.0
20201111,17,PM10_24h,苏州,56.0
20201111,17,SO2,苏州,6.0
20201111,17,SO2_24h,苏州,9.0
20201111,17,NO2,苏州,43.0
20201111,17,NO2_24h,苏州,62.0
20201111,17,O3,苏州,79.0
20201111,17,O3_24h,苏州,111.0
20201111,17,O3_8h,苏州,93.0
20201111,17,O3_8h_24h,苏州,93.0
20201111,17,CO,苏州,0.62
20201111,17,CO_24h,苏州,0.67
20201111,18,AQI,苏州,53.0
20201111,18,PM2.5,苏州,23.0
20201111,18,PM2.5_24h,苏州,29.0
20201111,18,PM10,苏州,55.0
20201111,18,PM10_24h,苏州,56.0
20201111,18,SO2,苏州,6.0
20201111,18,SO2_24h,苏州,9.0
20201111,18,NO2,苏州,49.0
20201111,18,NO2_24h,苏州,63.0
20201111,18,O3,苏州,60.0
20201111,18,O3_24h,苏州,111.0
20201111,18,O3_8h,苏州,93.0
20201111,18,O3_8h_24h,苏州,94.0
20201111,18,CO,苏州,0.67
20201111,18,CO_24h,苏州,0.67
20201111,19,AQI,苏州,49.0
20201111,19,PM2.5,苏州,20.0
20201111,19,PM2.5_24h,苏州,28.0
20201111,19,PM10,苏州,49.0
20201111,19,PM10_24h,苏州,55.0
20201111,19,SO2,苏州,6.0
20201111,19,SO2_24h,苏州,9.0
20201111,19,NO2,苏州,58.0
20201111,19,NO2_24h,苏州,62.0
20201111,19,O3,苏州,40.0
20201111,19,O3_24h,苏州,111.0
20201111,19,O3_8h,苏州,87.0
20201111,19,O3_8h_24h,苏州,94.0
20201111,19,CO,苏州,0.67
20201111,19,CO_24h,苏州,0.67
20201111,20,AQI,苏州,41.0
20201111,20,PM2.5,苏州,16.0
20201111,20,PM2.5_24h,苏州,28.0
20201111,20,PM10,苏州,41.0
20201111,20,PM10_24h,苏州,54.0
20201111,20,SO2,苏州,6.0
20201111,20,SO2_24h,苏州,9.0
20201111,20,NO2,苏州,58.0
20201111,20,NO2_24h,苏州,61.0
20201111,20,O3,苏州,31.0
20201111,20,O3_24h,苏州,111.0
20201111,20,O3_8h,苏州,78.0
20201111,20,O3_8h_24h,苏州,94.0
20201111,20,CO,苏州,0.58
20201111,20,CO_24h,苏州,0.67
20201111,21,AQI,苏州,38.0
20201111,21,PM2.5,苏州,14.0
20201111,21,PM2.5_24h,苏州,27.0
20201111,21,PM10,苏州,38.0
20201111,21,PM10_24h,苏州,53.0
20201111,21,SO2,苏州,6.0
20201111,21,SO2_24h,苏州,9.0
20201111,21,NO2,苏州,60.0
20201111,21,NO2_24h,苏州,59.0
20201111,21,O3,苏州,28.0
20201111,21,O3_24h,苏州,111.0
20201111,21,O3_8h,苏州,69.0
20201111,21,O3_8h_24h,苏州,94.0
20201111,21,CO,苏州,0.53
20201111,21,CO_24h,苏州,0.67
20201111,22,AQI,苏州,34.0
20201111,22,PM2.5,苏州,12.0
20201111,22,PM2.5_24h,苏州,26.0
20201111,22,PM10,苏州,34.0
20201111,22,PM10_24h,苏州,52.0
20201111,22,SO2,苏州,5.0
20201111,22,SO2_24h,苏州,8.0
20201111,22,NO2,苏州,62.0
20201111,22,NO2_24h,苏州,58.0
20201111,22,O3,苏州,22.0
20201111,22,O3_24h,苏州,109.0
20201111,22,O3_8h,苏州,54.0
20201111,22,O3_8h_24h,苏州,90.0
20201111,22,CO,苏州,0.47
20201111,22,CO_24h,苏州,0.66
20201111,23,AQI,苏州,34.0
20201111,23,PM2.5,苏州,14.0
20201111,23,PM2.5_24h,苏州,25.0
20201111,23,PM10,苏州,34.0
20201111,23,PM10_24h,苏州,50.0
20201111,23,SO2,苏州,5.0
20201111,23,SO2_24h,苏州,8.0
20201111,23,NO2,苏州,66.0
20201111,23,NO2_24h,苏州,57.0
20201111,23,O3,苏州,17.0
20201111,23,O3_24h,苏州,109.0
20201111,23,O3_8h,苏州,44.0
20201111,23,O3_8h_24h,苏州,90.0
20201111,23,CO,苏州,0.51
20201111,23,CO_24h,苏州,0.66
20201111,0,AQI,南通,56.0
20201111,0,PM2.5,南通,40.0
20201111,0,PM2.5_24h,南通,32.0
20201111,0,PM10,南通,48.0
20201111,0,PM10_24h,南通,60.0
20201111,0,SO2,南通,5.0
20201111,0,SO2_24h,南通,7.0
20201111,0,NO2,南通,56.0
20201111,0,NO2_24h,南通,40.0
20201111,0,O3,南通,36.0
20201111,0,O3_24h,南通,121.0
20201111,0,O3_8h,南通,58.0
20201111,0,O3_8h_24h,南通,105.0
20201111,0,CO,南通,0.78
20201111,0,CO_24h,南通,0.78
20201111,1,AQI,南通,60.0
20201111,1,PM2.5,南通,43.0
20201111,1,PM2.5_24h,南通,33.0
20201111,1,PM10,南通,55.0
20201111,1,PM10_24h,南通,59.0
20201111,1,SO2,南通,5.0
20201111,1,SO2_24h,南通,7.0
20201111,1,NO2,南通,61.0
20201111,1,NO2_24h,南通,41.0
20201111,1,O3,南通,26.0
20201111,1,O3_24h,南通,121.0
20201111,1,O3_8h,南通,26.0
20201111,1,O3_8h_24h,南通,26.0
20201111,1,CO,南通,0.82
20201111,1,CO_24h,南通,0.78
20201111,2,AQI,南通,65.0
20201111,2,PM2.5,南通,47.0
20201111,2,PM2.5_24h,南通,33.0
20201111,2,PM10,南通,54.0
20201111,2,PM10_24h,南通,59.0
20201111,2,SO2,南通,5.0
20201111,2,SO2_24h,南通,7.0
20201111,2,NO2,南通,64.0
20201111,2,NO2_24h,南通,42.0
20201111,2,O3,南通,20.0
20201111,2,O3_24h,南通,121.0
20201111,2,O3_8h,南通,23.0
20201111,2,O3_8h_24h,南通,26.0
20201111,2,CO,南通,0.85
20201111,2,CO_24h,南通,0.78
20201111,3,AQI,南通,69.0
20201111,3,PM2.5,南通,50.0
20201111,3,PM2.5_24h,南通,34.0
20201111,3,PM10,南通,58.0
20201111,3,PM10_24h,南通,59.0
20201111,3,SO2,南通,6.0
20201111,3,SO2_24h,南通,7.0
20201111,3,NO2,南通,69.0
20201111,3,NO2_24h,南通,42.0
20201111,3,O3,南通,13.0
20201111,3,O3_24h,南通,121.0
20201111,3,O3_8h,南通,20.0
20201111,3,O3_8h_24h,南通,26.0
20201111,3,CO,南通,0.88
20201111,3,CO_24h,南通,0.78
20201111,4,AQI,南通,63.0
20201111,4,PM2.5,南通,45.0
20201111,4,PM2.5_24h,南通,34.0
20201111,4,PM10,南通,54.0
20201111,4,PM10_24h,南通,58.0
20201111,4,SO2,南通,6.0
20201111,4,SO2_24h,南通,7.0
20201111,4,NO2,南通,69.0
20201111,4,NO2_24h,南通,43.0
20201111,4,O3,南通,16.0
20201111,4,O3_24h,南通,121.0
20201111,4,O3_8h,南通,19.0
20201111,4,O3_8h_24h,南通,26.0
20201111,4,CO,南通,0.8
20201111,4,CO_24h,南通,0.78
20201111,5,AQI,南通,60.0
20201111,5,PM2.5,南通,43.0
20201111,5,PM2.5_24h,南通,34.0
20201111,5,PM10,南通,51.0
20201111,5,PM10_24h,南通,58.0
20201111,5,SO2,南通,6.0
20201111,5,SO2_24h,南通,7.0
20201111,5,NO2,南通,66.0
20201111,5,NO2_24h,南通,43.0
20201111,5,O3,南通,21.0
20201111,5,O3_24h,南通,121.0
20201111,5,O3_8h,南通,19.0
20201111,5,O3_8h_24h,南通,26.0
20201111,5,CO,南通,0.8
20201111,5,CO_24h,南通,0.78
20201111,6,AQI,南通,58.0
20201111,6,PM2.5,南通,41.0
20201111,6,PM2.5_24h,南通,33.0
20201111,6,PM10,南通,50.0
20201111,6,PM10_24h,南通,57.0
20201111,6,SO2,南通,6.0
20201111,6,SO2_24h,南通,6.0
20201111,6,NO2,南通,61.0
20201111,6,NO2_24h,南通,43.0
20201111,6,O3,南通,27.0
20201111,6,O3_24h,南通,121.0
20201111,6,O3_8h,南通,21.0
20201111,6,O3_8h_24h,南通,26.0
20201111,6,CO,南通,0.8
20201111,6,CO_24h,南通,0.78
20201111,8,AQI,南通,61.0
20201111,8,PM2.5,南通,44.0
20201111,8,PM2.5_24h,南通,32.0
20201111,8,PM10,南通,61.0
20201111,8,PM10_24h,南通,55.0
20201111,8,SO2,南通,7.0
20201111,8,SO2_24h,南通,6.0
20201111,8,NO2,南通,65.0
20201111,8,NO2_24h,南通,43.0
20201111,8,O3,南通,35.0
20201111,8,O3_24h,南通,121.0
20201111,8,O3_8h,南通,24.0
20201111,8,O3_8h_24h,南通,28.0
20201111,8,CO,南通,1.0
20201111,8,CO_24h,南通,0.78
20201111,10,AQI,南通,59.0
20201111,10,PM2.5,南通,40.0
20201111,10,PM2.5_24h,南通,33.0
20201111,10,PM10,南通,68.0
20201111,10,PM10_24h,南通,54.0
20201111,10,SO2,南通,7.0
20201111,10,SO2_24h,南通,6.0
20201111,10,NO2,南通,32.0
20201111,10,NO2_24h,南通,43.0
20201111,10,O3,南通,86.0
20201111,10,O3_24h,南通,121.0
20201111,10,O3_8h,南通,38.0
20201111,10,O3_8h_24h,南通,38.0
20201111,10,CO,南通,0.85
20201111,10,CO_24h,南通,0.78
20201111,11,AQI,南通,54.0
20201111,11,PM2.5,南通,38.0
20201111,11,PM2.5_24h,南通,34.0
20201111,11,PM10,南通,57.0
20201111,11,PM10_24h,南通,54.0
20201111,11,SO2,南通,7.0
20201111,11,SO2_24h,南通,6.0
20201111,11,NO2,南通,15.0
20201111,11,NO2_24h,南通,43.0
20201111,11,O3,南通,107.0
20201111,11,O3_24h,南通,121.0
20201111,11,O3_8h,南通,49.0
20201111,11,O3_8h_24h,南通,49.0
20201111,11,CO,南通,0.78
20201111,11,CO_24h,南通,0.78
20201111,12,AQI,南通,46.0
20201111,12,PM2.5,南通,29.0
20201111,12,PM2.5_24h,南通,34.0
20201111,12,PM10,南通,46.0
20201111,12,PM10_24h,南通,53.0
20201111,12,SO2,南通,6.0
20201111,12,SO2_24h,南通,6.0
20201111,12,NO2,南通,11.0
20201111,12,NO2_24h,南通,43.0
20201111,12,O3,南通,109.0
20201111,12,O3_24h,南通,121.0
20201111,12,O3_8h,南通,61.0
20201111,12,O3_8h_24h,南通,61.0
20201111,12,CO,南通,0.73
20201111,12,CO_24h,南通,0.78
20201111,13,AQI,南通,37.0
20201111,13,PM2.5,南通,21.0
20201111,13,PM2.5_24h,南通,34.0
20201111,13,PM10,南通,37.0
20201111,13,PM10_24h,南通,53.0
20201111,13,SO2,南通,6.0
20201111,13,SO2_24h,南通,6.0
20201111,13,NO2,南通,10.0
20201111,13,NO2_24h,南通,43.0
20201111,13,O3,南通,107.0
20201111,13,O3_24h,南通,121.0
20201111,13,O3_8h,南通,71.0
20201111,13,O3_8h_24h,南通,71.0
20201111,13,CO,南通,0.67
20201111,13,CO_24h,南通,0.78
20201111,14,AQI,南通,41.0
20201111,14,PM2.5,南通,16.0
20201111,14,PM2.5_24h,南通,34.0
20201111,14,PM10,南通,41.0
20201111,14,PM10_24h,南通,53.0
20201111,14,SO2,南通,6.0
20201111,14,SO2_24h,南通,6.0
20201111,14,NO2,南通,9.0
20201111,14,NO2_24h,南通,43.0
20201111,14,O3,南通,108.0
20201111,14,O3_24h,南通,116.0
20201111,14,O3_8h,南通,82.0
20201111,14,O3_8h_24h,南通,82.0
20201111,14,CO,南通,0.6
20201111,14,CO_24h,南通,0.78
20201111,15,AQI,南通,34.0
20201111,15,PM2.5,南通,15.0
20201111,15,PM2.5_24h,南通,34.0
20201111,15,PM10,南通,33.0
20201111,15,PM10_24h,南通,52.0
20201111,15,SO2,南通,5.0
20201111,15,SO2_24h,南通,6.0
20201111,15,NO2,南通,10.0
20201111,15,NO2_24h,南通,43.0
20201111,15,O3,南通,108.0
20201111,15,O3_24h,南通,110.0
20201111,15,O3_8h,南通,91.0
20201111,15,O3_8h_24h,南通,91.0
20201111,15,CO,南通,0.6
20201111,15,CO_24h,南通,0.78
20201111,16,AQI,南通,33.0
20201111,16,PM2.5,南通,14.0
20201111,16,PM2.5_24h,南通,33.0
20201111,16,PM10,南通,33.0
20201111,16,PM10_24h,南通,51.0
20201111,16,SO2,南通,5.0
20201111,16,SO2_24h,南通,6.0
20201111,16,NO2,南通,13.0
20201111,16,NO2_24h,南通,42.0
20201111,16,O3,南通,103.0
20201111,16,O3_24h,南通,110.0
20201111,16,O3_8h,南通,99.0
20201111,16,O3_8h_24h,南通,99.0
20201111,16,CO,南通,0.53
20201111,16,CO_24h,南通,0.78
20201111,17,AQI,南通,28.0
20201111,17,PM2.5,南通,12.0
20201111,17,PM2.5_24h,南通,33.0
20201111,17,PM10,南通,23.0
20201111,17,PM10_24h,南通,50.0
20201111,17,SO2,南通,5.0
20201111,17,SO2_24h,南通,6.0
20201111,17,NO2,南通,18.0
20201111,17,NO2_24h,南通,42.0
20201111,17,O3,南通,90.0
20201111,17,O3_24h,南通,110.0
20201111,17,O3_8h,南通,102.0
20201111,17,O3_8h_24h,南通,102.0
20201111,17,CO,南通,0.57
20201111,17,CO_24h,南通,0.78
20201111,18,AQI,南通,29.0
20201111,18,PM2.5,南通,11.0
20201111,18,PM2.5_24h,南通,33.0
20201111,18,PM10,南通,29.0
20201111,18,PM10_24h,南通,49.0
20201111,18,SO2,南通,4.0
20201111,18,SO2_24h,南通,6.0
20201111,18,NO2,南通,25.0
20201111,18,NO2_24h,南通,42.0
20201111,18,O3,南通,72.0
20201111,18,O3_24h,南通,110.0
20201111,18,O3_8h,南通,100.0
20201111,18,O3_8h_24h,南通,102.0
20201111,18,CO,南通,0.53
20201111,18,CO_24h,南通,0.78
20201111,19,AQI,南通,25.0
20201111,19,PM2.5,南通,13.0
20201111,19,PM2.5_24h,南通,32.0
20201111,19,PM10,南通,25.0
20201111,19,PM10_24h,南通,48.0
20201111,19,SO2,南通,4.0
20201111,19,SO2_24h,南通,6.0
20201111,19,NO2,南通,30.0
20201111,19,NO2_24h,南通,42.0
20201111,19,O3,南通,59.0
20201111,19,O3_24h,南通,110.0
20201111,19,O3_8h,南通,96.0
20201111,19,O3_8h_24h,南通,102.0
20201111,19,CO,南通,0.6
20201111,19,CO_24h,南通,0.78
20201111,20,AQI,南通,30.0
20201111,20,PM2.5,南通,18.0
20201111,20,PM2.5_24h,南通,32.0
20201111,20,PM10,南通,30.0
20201111,20,PM10_24h,南通,47.0
20201111,20,SO2,南通,4.0
20201111,20,SO2_24h,南通,6.0
20201111,20,NO2,南通,32.0
20201111,20,NO2_24h,南通,41.0
20201111,20,O3,南通,58.0
20201111,20,O3_24h,南通,110.0
20201111,20,O3_8h,南通,89.0
20201111,20,O3_8h_24h,南通,102.0
20201111,20,CO,南通,0.6
20201111,20,CO_24h,南通,0.78
20201111,21,AQI,南通,30.0
20201111,21,PM2.5,南通,19.0
20201111,21,PM2.5_24h,南通,31.0
20201111,21,PM10,南通,30.0
20201111,21,PM10_24h,南通,46.0
20201111,21,SO2,南通,4.0
20201111,21,SO2_24h,南通,6.0
20201111,21,NO2,南通,34.0
20201111,21,NO2_24h,南通,41.0
20201111,21,O3,南通,55.0
20201111,21,O3_24h,南通,110.0
20201111,21,O3_8h,南通,82.0
20201111,21,O3_8h_24h,南通,102.0
20201111,21,CO,南通,0.6
20201111,21,CO_24h,南通,0.75
20201111,22,AQI,南通,29.0
20201111,22,PM2.5,南通,20.0
20201111,22,PM2.5_24h,南通,31.0
20201111,22,PM10,南通,29.0
20201111,22,PM10_24h,南通,45.0
20201111,22,SO2,南通,4.0
20201111,22,SO2_24h,南通,6.0
20201111,22,NO2,南通,39.0
20201111,22,NO2_24h,南通,40.0
20201111,22,O3,南通,51.0
20201111,22,O3_24h,南通,110.0
20201111,22,O3_8h,南通,75.0
20201111,22,O3_8h_24h,南通,102.0
20201111,22,CO,南通,0.6
20201111,22,CO_24h,南通,0.75
20201111,23,AQI,南通,29.0
20201111,23,PM2.5,南通,20.0
20201111,23,PM2.5_24h,南通,30.0
20201111,23,PM10,南通,26.0
20201111,23,PM10_24h,南通,44.0
20201111,23,SO2,南通,4.0
20201111,23,SO2_24h,南通,6.0
20201111,23,NO2,南通,38.0
20201111,23,NO2_24h,南通,39.0
20201111,23,O3,南通,48.0
20201111,23,O3_24h,南通,110.0
20201111,23,O3_8h,南通,67.0
20201111,23,O3_8h_24h,南通,102.0
20201111,23,CO,南通,0.6
20201111,23,CO_24h,南通,0.72
20201111,0,AQI,连云港,79.0
20201111,0,PM2.5,连云港,58.0
20201111,0,PM2.5_24h,连云港,47.0
20201111,0,PM10,连云港,76.0
20201111,0,PM10_24h,连云港,86.0
20201111,0,SO2,连云港,14.0
20201111,0,SO2_24h,连云港,16.0
20201111,0,NO2,连云港,41.0
20201111,0,NO2_24h,连云港,58.0
20201111,0,O3,连云港,65.0
20201111,0,O3_24h,连云港,94.0
20201111,0,O3_8h,连云港,58.0
20201111,0,O3_8h_24h,连云港,72.0
20201111,0,CO,连云港,1.05
20201111,0,CO_24h,连云港,1.0
20201111,1,AQI,连云港,76.0
20201111,1,PM2.5,连云港,56.0
20201111,1,PM2.5_24h,连云港,48.0
20201111,1,PM10,连云港,82.0
20201111,1,PM10_24h,连云港,86.0
20201111,1,SO2,连云港,14.0
20201111,1,SO2_24h,连云港,16.0
20201111,1,NO2,连云港,35.0
20201111,1,NO2_24h,连云港,57.0
20201111,1,O3,连云港,70.0
20201111,1,O3_24h,连云港,94.0
20201111,1,O3_8h,连云港,70.0
20201111,1,O3_8h_24h,连云港,70.0
20201111,1,CO,连云港,1.15
20201111,1,CO_24h,连云港,1.0
20201111,2,AQI,连云港,74.0
20201111,2,PM2.5,连云港,54.0
20201111,2,PM2.5_24h,连云港,49.0
20201111,2,PM10,连云港,75.0
20201111,2,PM10_24h,连云港,86.0
20201111,2,SO2,连云港,13.0
20201111,2,SO2_24h,连云港,16.0
20201111,2,NO2,连云港,26.0
20201111,2,NO2_24h,连云港,56.0
20201111,2,O3,连云港,84.0
20201111,2,O3_24h,连云港,96.0
20201111,2,O3_8h,连云港,77.0
20201111,2,O3_8h_24h,连云港,77.0
20201111,2,CO,连云港,1.03
20201111,2,CO_24h,连云港,1.05
20201111,3,AQI,连云港,68.0
20201111,3,PM2.5,连云港,49.0
20201111,3,PM2.5_24h,连云港,50.0
20201111,3,PM10,连云港,62.0
20201111,3,PM10_24h,连云港,86.0
20201111,3,SO2,连云港,12.0
20201111,3,SO2_24h,连云港,16.0
20201111,3,NO2,连云港,26.0
20201111,3,NO2_24h,连云港,55.0
20201111,3,O3,连云港,87.0
20201111,3,O3_24h,连云港,96.0
20201111,3,O3_8h,连云港,81.0
20201111,3,O3_8h_24h,连云港,81.0
20201111,3,CO,连云港,0.93
20201111,3,CO_24h,连云港,1.05
20201111,4,AQI,连云港,61.0
20201111,4,PM2.5,连云港,44.0
20201111,4,PM2.5_24h,连云港,51.0
20201111,4,PM10,连云港,61.0
20201111,4,PM10_24h,连云港,86.0
20201111,4,SO2,连云港,12.0
20201111,4,SO2_24h,连云港,16.0
20201111,4,NO2,连云港,29.0
20201111,4,NO2_24h,连云港,54.0
20201111,4,O3,连云港,79.0
20201111,4,O3_24h,连云港,96.0
20201111,4,O3_8h,连云港,80.0
20201111,4,O3_8h_24h,连云港,82.0
20201111,4,CO,连云港,0.93
20201111,4,CO_24h,连云港,1.05
20201111,5,AQI,连云港,63.0
20201111,5,PM2.5,连云港,45.0
20201111,5,PM2.5_24h,连云港,51.0
20201111,5,PM10,连云港,62.0
20201111,5,PM10_24h,连云港,86.0
20201111,5,SO2,连云港,12.0
20201111,5,SO2_24h,连云港,16.0
20201111,5,NO2,连云港,44.0
20201111,5,NO2_24h,连云港,54.0
20201111,5,O3,连云港,61.0
20201111,5,O3_24h,连云港,96.0
20201111,5,O3_8h,连云港,77.0
20201111,5,O3_8h_24h,连云港,83.0
20201111,5,CO,连云港,0.93
20201111,5,CO_24h,连云港,1.05
20201111,6,AQI,连云港,61.0
20201111,6,PM2.5,连云港,43.0
20201111,6,PM2.5_24h,连云港,51.0
20201111,6,PM10,连云港,71.0
20201111,6,PM10_24h,连云港,85.0
20201111,6,SO2,连云港,12.0
20201111,6,SO2_24h,连云港,15.0
20201111,6,NO2,连云港,58.0
20201111,6,NO2_24h,连云港,53.0
20201111,6,O3,连云港,47.0
20201111,6,O3_24h,连云港,96.0
20201111,6,O3_8h,连云港,72.0
20201111,6,O3_8h_24h,连云港,83.0
20201111,6,CO,连云港,0.98
20201111,6,CO_24h,连云港,1.05
20201111,8,AQI,连云港,65.0
20201111,8,PM2.5,连云港,47.0
20201111,8,PM2.5_24h,连云港,51.0
20201111,8,PM10,连云港,70.0
20201111,8,PM10_24h,连云港,84.0
20201111,8,SO2,连云港,11.0
20201111,8,SO2_24h,连云港,15.0
20201111,8,NO2,连云港,57.0
20201111,8,NO2_24h,连云港,52.0
20201111,8,O3,连云港,52.0
20201111,8,O3_24h,连云港,96.0
20201111,8,O3_8h,连云港,65.0
20201111,8,O3_8h_24h,连云港,83.0
20201111,8,CO,连云港,1.0
20201111,8,CO_24h,连云港,1.03
20201111,10,AQI,连云港,56.0
20201111,10,PM2.5,连云港,35.0
20201111,10,PM2.5_24h,连云港,50.0
20201111,10,PM10,连云港,61.0
20201111,10,PM10_24h,连云港,79.0
20201111,10,SO2,连云港,13.0
20201111,10,SO2_24h,连云港,15.0
20201111,10,NO2,连云港,30.0
20201111,10,NO2_24h,连云港,49.0
20201111,10,O3,连云港,91.0
20201111,10,O3_24h,连云港,101.0
20201111,10,O3_8h,连云港,67.0
20201111,10,O3_8h_24h,连云港,83.0
20201111,10,CO,连云港,0.88
20201111,10,CO_24h,连云港,1.03
20201111,11,AQI,连云港,58.0
20201111,11,PM2.5,连云港,40.0
20201111,11,PM2.5_24h,连云港,50.0
20201111,11,PM10,连云港,66.0
20201111,11,PM10_24h,连云港,77.0
20201111,11,SO2,连云港,14.0
20201111,11,SO2_24h,连云港,15.0
20201111,11,NO2,连云港,26.0
20201111,11,NO2_24h,连云港,48.0
20201111,11,O3,连云港,100.0
20201111,11,O3_24h,连云港,107.0
20201111,11,O3_8h,连云港,69.0
20201111,11,O3_8h_24h,连云港,83.0
20201111,11,CO,连云港,0.9
20201111,11,CO_24h,连云港,1.03
20201111,12,AQI,连云港,61.0
20201111,12,PM2.5,连云港,33.0
20201111,12,PM2.5_24h,连云港,49.0
20201111,12,PM10,连云港,71.0
20201111,12,PM10_24h,连云港,75.0
20201111,12,SO2,连云港,14.0
20201111,12,SO2_24h,连云港,15.0
20201111,12,NO2,连云港,20.0
20201111,12,NO2_24h,连云港,46.0
20201111,12,O3,连云港,109.0
20201111,12,O3_24h,连云港,114.0
20201111,12,O3_8h,连云港,72.0
20201111,12,O3_8h_24h,连云港,84.0
20201111,12,CO,连云港,0.83
20201111,12,CO_24h,连云港,1.03
20201111,13,AQI,连云港,58.0
20201111,13,PM2.5,连云港,41.0
20201111,13,PM2.5_24h,连云港,49.0
20201111,13,PM10,连云港,65.0
20201111,13,PM10_24h,连云港,74.0
20201111,13,SO2,连云港,14.0
20201111,13,SO2_24h,连云港,14.0
20201111,13,NO2,连云港,27.0
20201111,13,NO2_24h,连云港,46.0
20201111,13,O3,连云港,118.0
20201111,13,O3_24h,连云港,114.0
20201111,13,O3_8h,连云港,77.0
20201111,13,O3_8h_24h,连云港,87.0
20201111,13,CO,连云港,0.85
20201111,13,CO_24h,连云港,1.03
20201111,14,AQI,连云港,58.0
20201111,14,PM2.5,连云港,40.0
20201111,14,PM2.5_24h,连云港,49.0
20201111,14,PM10,连云港,66.0
20201111,14,PM10_24h,连云港,73.0
20201111,14,SO2,连云港,13.0
20201111,14,SO2_24h,连云港,14.0
20201111,14,NO2,连云港,26.0
20201111,14,NO2_24h,连云港,45.0
20201111,14,O3,连云港,119.0
20201111,14,O3_24h,连云港,120.0
20201111,14,O3_8h,连云港,87.0
20201111,14,O3_8h_24h,连云港,93.0
20201111,14,CO,连云港,0.88
20201111,14,CO_24h,连云港,1.03
20201111,15,AQI,连云港,58.0
20201111,15,PM2.5,连云港,40.0
20201111,15,PM2.5_24h,连云港,48.0
20201111,15,PM10,连云港,65.0
20201111,15,PM10_24h,连云港,73.0
20201111,15,SO2,连云港,14.0
20201111,15,SO2_24h,连云港,14.0
20201111,15,NO2,连云港,33.0
20201111,15,NO2_24h,连云港,45.0
20201111,15,O3,连云港,118.0
20201111,15,O3_24h,连云港,121.0
20201111,15,O3_8h,连云港,97.0
20201111,15,O3_8h_24h,连云港,100.0
20201111,15,CO,连云港,0.85
20201111,15,CO_24h,连云港,1.03
20201111,16,AQI,连云港,61.0
20201111,16,PM2.5,连云港,39.0
20201111,16,PM2.5_24h,连云港,48.0
20201111,16,PM10,连云港,71.0
20201111,16,PM10_24h,连云港,72.0
20201111,16,SO2,连云港,14.0
20201111,16,SO2_24h,连云港,14.0
20201111,16,NO2,连云港,38.0
20201111,16,NO2_24h,连云港,45.0
20201111,16,O3,连云港,105.0
20201111,16,O3_24h,连云港,121.0
20201111,16,O3_8h,连云港,104.0
20201111,16,O3_8h_24h,连云港,107.0
20201111,16,CO,连云港,0.73
20201111,16,CO_24h,连云港,1.0
20201111,17,AQI,连云港,55.0
20201111,17,PM2.5,连云港,32.0
20201111,17,PM2.5_24h,连云港,47.0
20201111,17,PM10,连云港,59.0
20201111,17,PM10_24h,连云港,71.0
20201111,17,SO2,连云港,13.0
20201111,17,SO2_24h,连云港,14.0
20201111,17,NO2,连云港,47.0
20201111,17,NO2_24h,连云港,44.0
20201111,17,O3,连云港,99.0
20201111,17,O3_24h,连云港,121.0
20201111,17,O3_8h,连云港,107.0
20201111,17,O3_8h_24h,连云港,110.0
20201111,17,CO,连云港,0.7
20201111,17,CO_24h,连云港,0.98
20201111,18,AQI,连云港,57.0
20201111,18,PM2.5,连云港,28.0
20201111,18,PM2.5_24h,连云港,46.0
20201111,18,PM10,连云港,63.0
20201111,18,PM10_24h,连云港,69.0
20201111,18,SO2,连云港,11.0
20201111,18,SO2_24h,连云港,13.0
20201111,18,NO2,连云港,60.0
20201111,18,NO2_24h,连云港,43.0
20201111,18,O3,连云港,73.0
20201111,18,O3_24h,连云港,121.0
20201111,18,O3_8h,连云港,104.0
20201111,18,O3_8h_24h,连云港,110.0
20201111,18,CO,连云港,0.67
20201111,18,CO_24h,连云港,0.95
20201111,19,AQI,连云港,43.0
20201111,19,PM2.5,连云港,24.0
20201111,19,PM2.5_24h,连云港,44.0
20201111,19,PM10,连云港,43.0
20201111,19,PM10_24h,连云港,68.0
20201111,19,SO2,连云港,10.0
20201111,19,SO2_24h,连云港,13.0
20201111,19,NO2,连云港,48.0
20201111,19,NO2_24h,连云港,43.0
20201111,19,O3,连云港,66.0
20201111,19,O3_24h,连云港,121.0
20201111,19,O3_8h,连云港,100.0
20201111,19,O3_8h_24h,连云港,110.0
20201111,19,CO,连云港,0.63
20201111,19,CO_24h,连云港,0.93
20201111,20,AQI,连云港,38.0
20201111,20,PM2.5,连云港,19.0
20201111,20,PM2.5_24h,连云港,43.0
20201111,20,PM10,连云港,38.0
20201111,20,PM10_24h,连云港,66.0
20201111,20,SO2,连云港,11.0
20201111,20,SO2_24h,连云港,13.0
20201111,20,NO2,连云港,43.0
20201111,20,NO2_24h,连云港,42.0
20201111,20,O3,连云港,63.0
20201111,20,O3_24h,连云港,121.0
20201111,20,O3_8h,连云港,93.0
20201111,20,O3_8h_24h,连云港,110.0
20201111,20,CO,连云港,0.72
20201111,20,CO_24h,连云港,0.93
20201111,21,AQI,连云港,43.0
20201111,21,PM2.5,连云港,23.0
20201111,21,PM2.5_24h,连云港,42.0
20201111,21,PM10,连云港,43.0
20201111,21,PM10_24h,连云港,65.0
20201111,21,SO2,连云港,10.0
20201111,21,SO2_24h,连云港,13.0
20201111,21,NO2,连云港,38.0
20201111,21,NO2_24h,连云港,41.0
20201111,21,O3,连云港,60.0
20201111,21,O3_24h,连云港,121.0
20201111,21,O3_8h,连云港,87.0
20201111,21,O3_8h_24h,连云港,110.0
20201111,21,CO,连云港,0.65
20201111,21,CO_24h,连云港,0.9
20201111,22,AQI,连云港,37.0
20201111,22,PM2.5,连云港,19.0
20201111,22,PM2.5_24h,连云港,40.0
20201111,22,PM10,连云港,37.0
20201111,22,PM10_24h,连云港,63.0
20201111,22,SO2,连云港,9.0
20201111,22,SO2_24h,连云港,12.0
20201111,22,NO2,连云港,27.0
20201111,22,NO2_24h,连云港,39.0
20201111,22,O3,连云港,66.0
20201111,22,O3_24h,连云港,121.0
20201111,22,O3_8h,连云港,80.0
20201111,22,O3_8h_24h,连云港,110.0
20201111,22,CO,连云港,0.6
20201111,22,CO_24h,连云港,0.88
20201111,23,AQI,连云港,28.0
20201111,23,PM2.5,连云港,17.0
20201111,23,PM2.5_24h,连云港,38.0
20201111,23,PM10,连云港,28.0
20201111,23,PM10_24h,连云港,61.0
20201111,23,SO2,连云港,9.0
20201111,23,SO2_24h,连云港,12.0
20201111,23,NO2,连云港,26.0
20201111,23,NO2_24h,连云港,38.0
20201111,23,O3,连云港,66.0
20201111,23,O3_24h,连云港,121.0
20201111,23,O3_8h,连云港,73.0
20201111,23,O3_8h_24h,连云港,110.0
20201111,23,CO,连云港,0.57
20201111,23,CO_24h,连云港,0.88
20201111,0,AQI,徐州,87.0
20201111,0,PM2.5,徐州,60.0
20201111,0,PM2.5_24h,徐州,66.0
20201111,0,PM10,徐州,123.0
20201111,0,PM10_24h,徐州,154.0
20201111,0,SO2,徐州,11.0
20201111,0,SO2_24h,徐州,13.0
20201111,0,NO2,徐州,63.0
20201111,0,NO2_24h,徐州,65.0
20201111,0,O3,徐州,50.0
20201111,0,O3_24h,徐州,136.0
20201111,0,O3_8h,徐州,61.0
20201111,0,O3_8h_24h,徐州,101.0
20201111,0,CO,徐州,0.8
20201111,0,CO_24h,徐州,0.89
20201111,1,AQI,徐州,97.0
20201111,1,PM2.5,徐州,70.0
20201111,1,PM2.5_24h,徐州,66.0
20201111,1,PM10,徐州,143.0
20201111,1,PM10_24h,徐州,154.0
20201111,1,SO2,徐州,11.0
20201111,1,SO2_24h,徐州,13.0
20201111,1,NO2,徐州,73.0
20201111,1,NO2_24h,徐州,65.0
20201111,1,O3,徐州,35.0
20201111,1,O3_24h,徐州,136.0
20201111,1,O3_8h,徐州,35.0
20201111,1,O3_8h_24h,徐州,35.0
20201111,1,CO,徐州,0.84
20201111,1,CO_24h,徐州,0.84
20201111,2,AQI,徐州,103.0
20201111,2,PM2.5,徐州,77.0
20201111,2,PM2.5_24h,徐州,67.0
20201111,2,PM10,徐州,142.0
20201111,2,PM10_24h,徐州,153.0
20201111,2,SO2,徐州,11.0
20201111,2,SO2_24h,徐州,13.0
20201111,2,NO2,徐州,76.0
20201111,2,NO2_24h,徐州,65.0
20201111,2,O3,徐州,27.0
20201111,2,O3_24h,徐州,136.0
20201111,2,O3_8h,徐州,31.0
20201111,2,O3_8h_24h,徐州,35.0
20201111,2,CO,徐州,0.87
20201111,2,CO_24h,徐州,0.86
20201111,3,AQI,徐州,108.0
20201111,3,PM2.5,徐州,81.0
20201111,3,PM2.5_24h,徐州,67.0
20201111,3,PM10,徐州,144.0
20201111,3,PM10_24h,徐州,153.0
20201111,3,SO2,徐州,11.0
20201111,3,SO2_24h,徐州,13.0
20201111,3,NO2,徐州,84.0
20201111,3,NO2_24h,徐州,65.0
20201111,3,O3,徐州,17.0
20201111,3,O3_24h,徐州,136.0
20201111,3,O3_8h,徐州,26.0
20201111,3,O3_8h_24h,徐州,35.0
20201111,3,CO,徐州,0.93
20201111,3,CO_24h,徐州,0.86
20201111,4,AQI,徐州,114.0
20201111,4,PM2.5,徐州,86.0
20201111,4,PM2.5_24h,徐州,67.0
20201111,4,PM10,徐州,152.0
20201111,4,PM10_24h,徐州,153.0
20201111,4,SO2,徐州,10.0
20201111,4,SO2_24h,徐州,13.0
20201111,4,NO2,徐州,84.0
20201111,4,NO2_24h,徐州,65.0
20201111,4,O3,徐州,12.0
20201111,4,O3_24h,徐州,136.0
20201111,4,O3_8h,徐州,22.0
20201111,4,O3_8h_24h,徐州,35.0
20201111,4,CO,徐州,0.96
20201111,4,CO_24h,徐州,0.83
20201111,5,AQI,徐州,118.0
20201111,5,PM2.5,徐州,89.0
20201111,5,PM2.5_24h,徐州,68.0
20201111,5,PM10,徐州,155.0
20201111,5,PM10_24h,徐州,152.0
20201111,5,SO2,徐州,10.0
20201111,5,SO2_24h,徐州,13.0
20201111,5,NO2,徐州,86.0
20201111,5,NO2_24h,徐州,65.0
20201111,5,O3,徐州,11.0
20201111,5,O3_24h,徐州,136.0
20201111,5,O3_8h,徐州,20.0
20201111,5,O3_8h_24h,徐州,35.0
20201111,5,CO,徐州,0.91
20201111,5,CO_24h,徐州,0.83
20201111,6,AQI,徐州,115.0
20201111,6,PM2.5,徐州,87.0
20201111,6,PM2.5_24h,徐州,68.0
20201111,6,PM10,徐州,155.0
20201111,6,PM10_24h,徐州,151.0
20201111,6,SO2,徐州,10.0
20201111,6,SO2_24h,徐州,13.0
20201111,6,NO2,徐州,85.0
20201111,6,NO2_24h,徐州,66.0
20201111,6,O3,徐州,10.0
20201111,6,O3_24h,徐州,136.0
20201111,6,O3_8h,徐州,18.0
20201111,6,O3_8h_24h,徐州,35.0
20201111,6,CO,徐州,0.94
20201111,6,CO_24h,徐州,0.8
20201111,8,AQI,徐州,110.0
20201111,8,PM2.5,徐州,83.0
20201111,8,PM2.5_24h,徐州,67.0
20201111,8,PM10,徐州,168.0
20201111,8,PM10_24h,徐州,148.0
20201111,8,SO2,徐州,12.0
20201111,8,SO2_24h,徐州,13.0
20201111,8,NO2,徐州,84.0
20201111,8,NO2_24h,徐州,66.0
20201111,8,O3,徐州,9.0
20201111,8,O3_24h,徐州,136.0
20201111,8,O3_8h,徐州,17.0
20201111,8,O3_8h_24h,徐州,35.0
20201111,8,CO,徐州,1.06
20201111,8,CO_24h,徐州,0.77
20201111,10,AQI,徐州,100.0
20201111,10,PM2.5,徐州,73.0
20201111,10,PM2.5_24h,徐州,68.0
20201111,10,PM10,徐州,150.0
20201111,10,PM10_24h,徐州,146.0
20201111,10,SO2,徐州,17.0
20201111,10,SO2_24h,徐州,12.0
20201111,10,NO2,徐州,68.0
20201111,10,NO2_24h,徐州,67.0
20201111,10,O3,徐州,34.0
20201111,10,O3_24h,徐州,136.0
20201111,10,O3_8h,徐州,14.0
20201111,10,O3_8h_24h,徐州,36.0
20201111,10,CO,徐州,0.9
20201111,10,CO_24h,徐州,0.79
20201111,11,AQI,徐州,95.0
20201111,11,PM2.5,徐州,63.0
20201111,11,PM2.5_24h,徐州,67.0
20201111,11,PM10,徐州,139.0
20201111,11,PM10_24h,徐州,145.0
20201111,11,SO2,徐州,17.0
20201111,11,SO2_24h,徐州,12.0
20201111,11,NO2,徐州,52.0
20201111,11,NO2_24h,徐州,66.0
20201111,11,O3,徐州,67.0
20201111,11,O3_24h,徐州,136.0
20201111,11,O3_8h,徐州,21.0
20201111,11,O3_8h_24h,徐州,39.0
20201111,11,CO,徐州,1.0
20201111,11,CO_24h,徐州,0.8
20201111,12,AQI,徐州,89.0
20201111,12,PM2.5,徐州,52.0
20201111,12,PM2.5_24h,徐州,67.0
20201111,12,PM10,徐州,128.0
20201111,12,PM10_24h,徐州,144.0
20201111,12,SO2,徐州,14.0
20201111,12,SO2_24h,徐州,12.0
20201111,12,NO2,徐州,32.0
20201111,12,NO2_24h,徐州,66.0
20201111,12,O3,徐州,110.0
20201111,12,O3_24h,徐州,136.0
20201111,12,O3_8h,徐州,33.0
20201111,12,O3_8h_24h,徐州,44.0
20201111,12,CO,徐州,0.86
20201111,12,CO_24h,徐州,0.8
20201111,13,AQI,徐州,78.0
20201111,13,PM2.5,徐州,41.0
20201111,13,PM2.5_24h,徐州,67.0
20201111,13,PM10,徐州,105.0
20201111,13,PM10_24h,徐州,142.0
20201111,13,SO2,徐州,12.0
20201111,13,SO2_24h,徐州,12.0
20201111,13,NO2,徐州,23.0
20201111,13,NO2_24h,徐州,65.0
20201111,13,O3,徐州,130.0
20201111,13,O3_24h,徐州,136.0
20201111,13,O3_8h,徐州,48.0
20201111,13,O3_8h_24h,徐州,51.0
20201111,13,CO,徐州,0.74
20201111,13,CO_24h,徐州,0.81
20201111,14,AQI,徐州,74.0
20201111,14,PM2.5,徐州,35.0
20201111,14,PM2.5_24h,徐州,66.0
20201111,14,PM10,徐州,98.0
20201111,14,PM10_24h,徐州,141.0
20201111,14,SO2,徐州,10.0
20201111,14,SO2_24h,徐州,12.0
20201111,14,NO2,徐州,22.0
20201111,14,NO2_24h,徐州,65.0
20201111,14,O3,徐州,136.0
20201111,14,O3_24h,徐州,138.0
20201111,14,O3_8h,徐州,64.0
20201111,14,O3_8h_24h,徐州,64.0
20201111,14,CO,徐州,0.67
20201111,14,CO_24h,徐州,0.83
20201111,15,AQI,徐州,66.0
20201111,15,PM2.5,徐州,36.0
20201111,15,PM2.5_24h,徐州,66.0
20201111,15,PM10,徐州,81.0
20201111,15,PM10_24h,徐州,139.0
20201111,15,SO2,徐州,9.0
20201111,15,SO2_24h,徐州,12.0
20201111,15,NO2,徐州,25.0
20201111,15,NO2_24h,徐州,65.0
20201111,15,O3,徐州,134.0
20201111,15,O3_24h,徐州,137.0
20201111,15,O3_8h,徐州,80.0
20201111,15,O3_8h_24h,徐州,80.0
20201111,15,CO,徐州,0.58
20201111,15,CO_24h,徐州,0.84
20201111,16,AQI,徐州,66.0
20201111,16,PM2.5,徐州,32.0
20201111,16,PM2.5_24h,徐州,65.0
20201111,16,PM10,徐州,82.0
20201111,16,PM10_24h,徐州,137.0
20201111,16,SO2,徐州,9.0
20201111,16,SO2_24h,徐州,11.0
20201111,16,NO2,徐州,26.0
20201111,16,NO2_24h,徐州,64.0
20201111,16,O3,徐州,129.0
20201111,16,O3_24h,徐州,137.0
20201111,16,O3_8h,徐州,94.0
20201111,16,O3_8h_24h,徐州,94.0
20201111,16,CO,徐州,0.55
20201111,16,CO_24h,徐州,0.84
20201111,17,AQI,徐州,68.0
20201111,17,PM2.5,徐州,31.0
20201111,17,PM2.5_24h,徐州,64.0
20201111,17,PM10,徐州,86.0
20201111,17,PM10_24h,徐州,135.0
20201111,17,SO2,徐州,9.0
20201111,17,SO2_24h,徐州,11.0
20201111,17,NO2,徐州,30.0
20201111,17,NO2_24h,徐州,64.0
20201111,17,O3,徐州,126.0
20201111,17,O3_24h,徐州,137.0
20201111,17,O3_8h,徐州,108.0
20201111,17,O3_8h_24h,徐州,108.0
20201111,17,CO,徐州,0.54
20201111,17,CO_24h,徐州,0.84
20201111,18,AQI,徐州,73.0
20201111,18,PM2.5,徐州,40.0
20201111,18,PM2.5_24h,徐州,63.0
20201111,18,PM10,徐州,96.0
20201111,18,PM10_24h,徐州,133.0
20201111,18,SO2,徐州,8.0
20201111,18,SO2_24h,徐州,11.0
20201111,18,NO2,徐州,47.0
20201111,18,NO2_24h,徐州,63.0
20201111,18,O3,徐州,99.0
20201111,18,O3_24h,徐州,137.0
20201111,18,O3_8h,徐州,116.0
20201111,18,O3_8h_24h,徐州,116.0
20201111,18,CO,徐州,0.64
20201111,18,CO_24h,徐州,0.83
20201111,19,AQI,徐州,75.0
20201111,19,PM2.5,徐州,45.0
20201111,19,PM2.5_24h,徐州,62.0
20201111,19,PM10,徐州,100.0
20201111,19,PM10_24h,徐州,130.0
20201111,19,SO2,徐州,9.0
20201111,19,SO2_24h,徐州,11.0
20201111,19,NO2,徐州,46.0
20201111,19,NO2_24h,徐州,61.0
20201111,19,O3,徐州,87.0
20201111,19,O3_24h,徐州,137.0
20201111,19,O3_8h,徐州,119.0
20201111,19,O3_8h_24h,徐州,119.0
20201111,19,CO,徐州,0.61
20201111,19,CO_24h,徐州,0.81
20201111,20,AQI,徐州,72.0
20201111,20,PM2.5,徐州,43.0
20201111,20,PM2.5_24h,徐州,61.0
20201111,20,PM10,徐州,93.0
20201111,20,PM10_24h,徐州,127.0
20201111,20,SO2,徐州,9.0
20201111,20,SO2_24h,徐州,11.0
20201111,20,NO2,徐州,42.0
20201111,20,NO2_24h,徐州,58.0
20201111,20,O3,徐州,84.0
20201111,20,O3_24h,徐州,137.0
20201111,20,O3_8h,徐州,115.0
20201111,20,O3_8h_24h,徐州,119.0
20201111,20,CO,徐州,0.64
20201111,20,CO_24h,徐州,0.81
20201111,21,AQI,徐州,71.0
20201111,21,PM2.5,徐州,44.0
20201111,21,PM2.5_24h,徐州,60.0
20201111,21,PM10,徐州,92.0
20201111,21,PM10_24h,徐州,125.0
20201111,21,SO2,徐州,9.0
20201111,21,SO2_24h,徐州,11.0
20201111,21,NO2,徐州,42.0
20201111,21,NO2_24h,徐州,58.0
20201111,21,O3,徐州,81.0
20201111,21,O3_24h,徐州,137.0
20201111,21,O3_8h,徐州,109.0
20201111,21,O3_8h_24h,徐州,119.0
20201111,21,CO,徐州,0.63
20201111,21,CO_24h,徐州,0.81
20201111,22,AQI,徐州,72.0
20201111,22,PM2.5,徐州,49.0
20201111,22,PM2.5_24h,徐州,59.0
20201111,22,PM10,徐州,94.0
20201111,22,PM10_24h,徐州,123.0
20201111,22,SO2,徐州,9.0
20201111,22,SO2_24h,徐州,11.0
20201111,22,NO2,徐州,44.0
20201111,22,NO2_24h,徐州,57.0
20201111,22,O3,徐州,78.0
20201111,22,O3_24h,徐州,137.0
20201111,22,O3_8h,徐州,101.0
20201111,22,O3_8h_24h,徐州,119.0
20201111,22,CO,徐州,0.69
20201111,22,CO_24h,徐州,0.8
20201111,23,AQI,徐州,74.0
20201111,23,PM2.5,徐州,50.0
20201111,23,PM2.5_24h,徐州,59.0
20201111,23,PM10,徐州,97.0
20201111,23,PM10_24h,徐州,123.0
20201111,23,SO2,徐州,9.0
20201111,23,SO2_24h,徐州,11.0
20201111,23,NO2,徐州,42.0
20201111,23,NO2_24h,徐州,56.0
20201111,23,O3,徐州,79.0
20201111,23,O3_24h,徐州,137.0
20201111,23,O3_8h,徐州,94.0
20201111,23,O3_8h_24h,徐州,119.0
20201111,23,CO,徐州,0.67
20201111,23,CO_24h,徐州,0.79
20201111,0,AQI,扬州,61.0
20201111,0,PM2.5,扬州,32.0
20201111,0,PM2.5_24h,扬州,54.0
20201111,0,PM10,扬州,72.0
20201111,0,PM10_24h,扬州,117.0
20201111,0,SO2,扬州,6.0
20201111,0,SO2_24h,扬州,9.0
20201111,0,NO2,扬州,44.0
20201111,0,NO2_24h,扬州,60.0
20201111,0,O3,扬州,45.0
20201111,0,O3_24h,扬州,112.0
20201111,0,O3_8h,扬州,48.0
20201111,0,O3_8h_24h,扬州,95.0
20201111,0,CO,扬州,0.45
20201111,0,CO_24h,扬州,0.65
20201111,1,AQI,扬州,61.0
20201111,1,PM2.5,扬州,33.0
20201111,1,PM2.5_24h,扬州,53.0
20201111,1,PM10,扬州,72.0
20201111,1,PM10_24h,扬州,114.0
20201111,1,SO2,扬州,6.0
20201111,1,SO2_24h,扬州,9.0
20201111,1,NO2,扬州,44.0
20201111,1,NO2_24h,扬州,58.0
20201111,1,O3,扬州,41.0
20201111,1,O3_24h,扬州,112.0
20201111,1,O3_8h,扬州,41.0
20201111,1,O3_8h_24h,扬州,41.0
20201111,1,CO,扬州,0.47
20201111,1,CO_24h,扬州,0.65
20201111,2,AQI,扬州,63.0
20201111,2,PM2.5,扬州,37.0
20201111,2,PM2.5_24h,扬州,52.0
20201111,2,PM10,扬州,76.0
20201111,2,PM10_24h,扬州,112.0
20201111,2,SO2,扬州,5.0
20201111,2,SO2_24h,扬州,9.0
20201111,2,NO2,扬州,44.0
20201111,2,NO2_24h,扬州,56.0
20201111,2,O3,扬州,39.0
20201111,2,O3_24h,扬州,112.0
20201111,2,O3_8h,扬州,40.0
20201111,2,O3_8h_24h,扬州,41.0
20201111,2,CO,扬州,0.45
20201111,2,CO_24h,扬州,0.65
20201111,3,AQI,扬州,65.0
20201111,3,PM2.5,扬州,33.0
20201111,3,PM2.5_24h,扬州,51.0
20201111,3,PM10,扬州,80.0
20201111,3,PM10_24h,扬州,110.0
20201111,3,SO2,扬州,5.0
20201111,3,SO2_24h,扬州,9.0
20201111,3,NO2,扬州,47.0
20201111,3,NO2_24h,扬州,55.0
20201111,3,O3,扬州,33.0
20201111,3,O3_24h,扬州,112.0
20201111,3,O3_8h,扬州,38.0
20201111,3,O3_8h_24h,扬州,41.0
20201111,3,CO,扬州,0.47
20201111,3,CO_24h,扬州,0.63
20201111,4,AQI,扬州,67.0
20201111,4,PM2.5,扬州,37.0
20201111,4,PM2.5_24h,扬州,50.0
20201111,4,PM10,扬州,83.0
20201111,4,PM10_24h,扬州,108.0
20201111,4,SO2,扬州,5.0
20201111,4,SO2_24h,扬州,9.0
20201111,4,NO2,扬州,50.0
20201111,4,NO2_24h,扬州,54.0
20201111,4,O3,扬州,26.0
20201111,4,O3_24h,扬州,112.0
20201111,4,O3_8h,扬州,35.0
20201111,4,O3_8h_24h,扬州,41.0
20201111,4,CO,扬州,0.57
20201111,4,CO_24h,扬州,0.63
20201111,5,AQI,扬州,71.0
20201111,5,PM2.5,扬州,42.0
20201111,5,PM2.5_24h,扬州,49.0
20201111,5,PM10,扬州,91.0
20201111,5,PM10_24h,扬州,106.0
20201111,5,SO2,扬州,6.0
20201111,5,SO2_24h,扬州,8.0
20201111,5,NO2,扬州,57.0
20201111,5,NO2_24h,扬州,53.0
20201111,5,O3,扬州,18.0
20201111,5,O3_24h,扬州,112.0
20201111,5,O3_8h,扬州,31.0
20201111,5,O3_8h_24h,扬州,41.0
20201111,5,CO,扬州,0.65
20201111,5,CO_24h,扬州,0.63
20201111,6,AQI,扬州,73.0
20201111,6,PM2.5,扬州,43.0
20201111,6,PM2.5_24h,扬州,47.0
20201111,6,PM10,扬州,95.0
20201111,6,PM10_24h,扬州,103.0
20201111,6,SO2,扬州,7.0
20201111,6,SO2_24h,扬州,8.0
20201111,6,NO2,扬州,66.0
20201111,6,NO2_24h,扬州,53.0
20201111,6,O3,扬州,9.0
20201111,6,O3_24h,扬州,112.0
20201111,6,O3_8h,扬州,28.0
20201111,6,O3_8h_24h,扬州,41.0
20201111,6,CO,扬州,0.65
20201111,6,CO_24h,扬州,0.63
20201111,8,AQI,扬州,83.0
20201111,8,PM2.5,扬州,52.0
20201111,8,PM2.5_24h,扬州,44.0
20201111,8,PM10,扬州,116.0
20201111,8,PM10_24h,扬州,99.0
20201111,8,SO2,扬州,11.0
20201111,8,SO2_24h,扬州,8.0
20201111,8,NO2,扬州,71.0
20201111,8,NO2_24h,扬州,53.0
20201111,8,O3,扬州,10.0
20201111,8,O3_24h,扬州,112.0
20201111,8,O3_8h,扬州,25.0
20201111,8,O3_8h_24h,扬州,41.0
20201111,8,CO,扬州,0.83
20201111,8,CO_24h,扬州,0.6
20201111,10,AQI,扬州,70.0
20201111,10,PM2.5,扬州,41.0
20201111,10,PM2.5_24h,扬州,43.0
20201111,10,PM10,扬州,89.0
20201111,10,PM10_24h,扬州,97.0
20201111,10,SO2,扬州,18.0
20201111,10,SO2_24h,扬州,9.0
20201111,10,NO2,扬州,46.0
20201111,10,NO2_24h,扬州,52.0
20201111,10,O3,扬州,58.0
20201111,10,O3_24h,扬州,112.0
20201111,10,O3_8h,扬州,23.0
20201111,10,O3_8h_24h,扬州,41.0
20201111,10,CO,扬州,1.0
20201111,10,CO_24h,扬州,0.6
20201111,11,AQI,扬州,58.0
20201111,11,PM2.5,扬州,30.0
20201111,11,PM2.5_24h,扬州,41.0
20201111,11,PM10,扬州,65.0
20201111,11,PM10_24h,扬州,94.0
20201111,11,SO2,扬州,12.0
20201111,11,SO2_24h,扬州,9.0
20201111,11,NO2,扬州,29.0
20201111,11,NO2_24h,扬州,51.0
20201111,11,O3,扬州,83.0
20201111,11,O3_24h,扬州,112.0
20201111,11,O3_8h,扬州,30.0
20201111,11,O3_8h_24h,扬州,41.0
20201111,11,CO,扬州,0.63
20201111,11,CO_24h,扬州,0.6
20201111,12,AQI,扬州,53.0
20201111,12,PM2.5,扬州,22.0
20201111,12,PM2.5_24h,扬州,40.0
20201111,12,PM10,扬州,56.0
20201111,12,PM10_24h,扬州,92.0
20201111,12,SO2,扬州,9.0
20201111,12,SO2_24h,扬州,8.0
20201111,12,NO2,扬州,20.0
20201111,12,NO2_24h,扬州,51.0
20201111,12,O3,扬州,100.0
20201111,12,O3_24h,扬州,112.0
20201111,12,O3_8h,扬州,39.0
20201111,12,O3_8h_24h,扬州,43.0
20201111,12,CO,扬州,0.63
20201111,12,CO_24h,扬州,0.6
20201111,13,AQI,扬州,52.0
20201111,13,PM2.5,扬州,23.0
20201111,13,PM2.5_24h,扬州,40.0
20201111,13,PM10,扬州,53.0
20201111,13,PM10_24h,扬州,90.0
20201111,13,SO2,扬州,7.0
20201111,13,SO2_24h,扬州,8.0
20201111,13,NO2,扬州,18.0
20201111,13,NO2_24h,扬州,51.0
20201111,13,O3,扬州,105.0
20201111,13,O3_24h,扬州,112.0
20201111,13,O3_8h,扬州,50.0
20201111,13,O3_8h_24h,扬州,50.0
20201111,13,CO,扬州,0.53
20201111,13,CO_24h,扬州,0.6
20201111,14,AQI,扬州,56.0
20201111,14,PM2.5,扬州,26.0
20201111,14,PM2.5_24h,扬州,39.0
20201111,14,PM10,扬州,61.0
20201111,14,PM10_24h,扬州,89.0
20201111,14,SO2,扬州,9.0
20201111,14,SO2_24h,扬州,8.0
20201111,14,NO2,扬州,19.0
20201111,14,NO2_24h,扬州,51.0
20201111,14,O3,扬州,111.0
20201111,14,O3_24h,扬州,112.0
20201111,14,O3_8h,扬州,62.0
20201111,14,O3_8h_24h,扬州,62.0
20201111,14,CO,扬州,0.57
20201111,14,CO_24h,扬州,0.6
20201111,15,AQI,扬州,61.0
20201111,15,PM2.5,扬州,32.0
20201111,15,PM2.5_24h,扬州,39.0
20201111,15,PM10,扬州,71.0
20201111,15,PM10_24h,扬州,88.0
20201111,15,SO2,扬州,9.0
20201111,15,SO2_24h,扬州,8.0
20201111,15,NO2,扬州,21.0
20201111,15,NO2_24h,扬州,50.0
20201111,15,O3,扬州,115.0
20201111,15,O3_24h,扬州,115.0
20201111,15,O3_8h,扬州,75.0
20201111,15,O3_8h_24h,扬州,75.0
20201111,15,CO,扬州,0.68
20201111,15,CO_24h,扬州,0.6
20201111,16,AQI,扬州,61.0
20201111,16,PM2.5,扬州,33.0
20201111,16,PM2.5_24h,扬州,39.0
20201111,16,PM10,扬州,71.0
20201111,16,PM10_24h,扬州,88.0
20201111,16,SO2,扬州,8.0
20201111,16,SO2_24h,扬州,8.0
20201111,16,NO2,扬州,22.0
20201111,16,NO2_24h,扬州,50.0
20201111,16,O3,扬州,115.0
20201111,16,O3_24h,扬州,115.0
20201111,16,O3_8h,扬州,88.0
20201111,16,O3_8h_24h,扬州,88.0
20201111,16,CO,扬州,0.55
20201111,16,CO_24h,扬州,0.6
20201111,17,AQI,扬州,60.0
20201111,17,PM2.5,扬州,31.0
20201111,17,PM2.5_24h,扬州,38.0
20201111,17,PM10,扬州,70.0
20201111,17,PM10_24h,扬州,87.0
20201111,17,SO2,扬州,6.0
20201111,17,SO2_24h,扬州,8.0
20201111,17,NO2,扬州,25.0
20201111,17,NO2_24h,扬州,50.0
20201111,17,O3,扬州,109.0
20201111,17,O3_24h,扬州,115.0
20201111,17,O3_8h,扬州,99.0
20201111,17,O3_8h_24h,扬州,99.0
20201111,17,CO,扬州,0.47
20201111,17,CO_24h,扬州,0.6
20201111,18,AQI,扬州,72.0
20201111,18,PM2.5,扬州,41.0
20201111,18,PM2.5_24h,扬州,38.0
20201111,18,PM10,扬州,93.0
20201111,18,PM10_24h,扬州,87.0
20201111,18,SO2,扬州,6.0
20201111,18,SO2_24h,扬州,8.0
20201111,18,NO2,扬州,45.0
20201111,18,NO2_24h,扬州,49.0
20201111,18,O3,扬州,84.0
20201111,18,O3_24h,扬州,115.0
20201111,18,O3_8h,扬州,102.0
20201111,18,O3_8h_24h,扬州,102.0
20201111,18,CO,扬州,0.63
20201111,18,CO_24h,扬州,0.6
20201111,19,AQI,扬州,77.0
20201111,19,PM2.5,扬州,50.0
20201111,19,PM2.5_24h,扬州,38.0
20201111,19,PM10,扬州,103.0
20201111,19,PM10_24h,扬州,86.0
20201111,19,SO2,扬州,6.0
20201111,19,SO2_24h,扬州,8.0
20201111,19,NO2,扬州,57.0
20201111,19,NO2_24h,扬州,48.0
20201111,19,O3,扬州,66.0
20201111,19,O3_24h,扬州,115.0
20201111,19,O3_8h,扬州,100.0
20201111,19,O3_8h_24h,扬州,102.0
20201111,19,CO,扬州,0.7
20201111,19,CO_24h,扬州,0.6
20201111,20,AQI,扬州,81.0
20201111,20,PM2.5,扬州,54.0
20201111,20,PM2.5_24h,扬州,38.0
20201111,20,PM10,扬州,111.0
20201111,20,PM10_24h,扬州,86.0
20201111,20,SO2,扬州,6.0
20201111,20,SO2_24h,扬州,8.0
20201111,20,NO2,扬州,75.0
20201111,20,NO2_24h,扬州,47.0
20201111,20,O3,扬州,40.0
20201111,20,O3_24h,扬州,115.0
20201111,20,O3_8h,扬州,92.0
20201111,20,O3_8h_24h,扬州,102.0
20201111,20,CO,扬州,0.7
20201111,20,CO_24h,扬州,0.6
20201111,21,AQI,扬州,74.0
20201111,21,PM2.5,扬州,47.0
20201111,21,PM2.5_24h,扬州,38.0
20201111,21,PM10,扬州,97.0
20201111,21,PM10_24h,扬州,85.0
20201111,21,SO2,扬州,5.0
20201111,21,SO2_24h,扬州,8.0
20201111,21,NO2,扬州,53.0
20201111,21,NO2_24h,扬州,45.0
20201111,21,O3,扬州,43.0
20201111,21,O3_24h,扬州,115.0
20201111,21,O3_8h,扬州,84.0
20201111,21,O3_8h_24h,扬州,102.0
20201111,21,CO,扬州,0.52
20201111,21,CO_24h,扬州,0.6
20201111,22,AQI,扬州,61.0
20201111,22,PM2.5,扬州,35.0
20201111,22,PM2.5_24h,扬州,38.0
20201111,22,PM10,扬州,71.0
20201111,22,PM10_24h,扬州,83.0
20201111,22,SO2,扬州,6.0
20201111,22,SO2_24h,扬州,8.0
20201111,22,NO2,扬州,41.0
20201111,22,NO2_24h,扬州,45.0
20201111,22,O3,扬州,40.0
20201111,22,O3_24h,扬州,115.0
20201111,22,O3_8h,扬州,75.0
20201111,22,O3_8h_24h,扬州,102.0
20201111,22,CO,扬州,0.4
20201111,22,CO_24h,扬州,0.6
20201111,23,AQI,扬州,55.0
20201111,23,PM2.5,扬州,26.0
20201111,23,PM2.5_24h,扬州,37.0
20201111,23,PM10,扬州,59.0
20201111,23,PM10_24h,扬州,82.0
20201111,23,SO2,扬州,5.0
20201111,23,SO2_24h,扬州,8.0
20201111,23,NO2,扬州,42.0
20201111,23,NO2_24h,扬州,45.0
20201111,23,O3,扬州,33.0
20201111,23,O3_24h,扬州,115.0
20201111,23,O3_8h,扬州,66.0
20201111,23,O3_8h_24h,扬州,102.0
20201111,23,CO,扬州,0.4
20201111,23,CO_24h,扬州,0.6
20201111,0,AQI,无锡,55.0
20201111,0,PM2.5,无锡,26.0
20201111,0,PM2.5_24h,无锡,33.0
20201111,0,PM10,无锡,60.0
20201111,0,PM10_24h,无锡,88.0
20201111,0,SO2,无锡,7.0
20201111,0,SO2_24h,无锡,9.0
20201111,0,NO2,无锡,67.0
20201111,0,NO2_24h,无锡,65.0
20201111,0,O3,无锡,23.0
20201111,0,O3_24h,无锡,120.0
20201111,0,O3_8h,无锡,41.0
20201111,0,O3_8h_24h,无锡,102.0
20201111,0,CO,无锡,0.64
20201111,0,CO_24h,无锡,0.75
20201111,1,AQI,无锡,53.0
20201111,1,PM2.5,无锡,25.0
20201111,1,PM2.5_24h,无锡,32.0
20201111,1,PM10,无锡,55.0
20201111,1,PM10_24h,无锡,86.0
20201111,1,SO2,无锡,7.0
20201111,1,SO2_24h,无锡,9.0
20201111,1,NO2,无锡,68.0
20201111,1,NO2_24h,无锡,64.0
20201111,1,O3,无锡,16.0
20201111,1,O3_24h,无锡,120.0
20201111,1,O3_8h,无锡,16.0
20201111,1,O3_8h_24h,无锡,16.0
20201111,1,CO,无锡,0.7
20201111,1,CO_24h,无锡,0.74
20201111,2,AQI,无锡,52.0
20201111,2,PM2.5,无锡,26.0
20201111,2,PM2.5_24h,无锡,33.0
20201111,2,PM10,无锡,53.0
20201111,2,PM10_24h,无锡,85.0
20201111,2,SO2,无锡,7.0
20201111,2,SO2_24h,无锡,9.0
20201111,2,NO2,无锡,68.0
20201111,2,NO2_24h,无锡,64.0
20201111,2,O3,无锡,13.0
20201111,2,O3_24h,无锡,120.0
20201111,2,O3_8h,无锡,14.0
20201111,2,O3_8h_24h,无锡,17.0
20201111,2,CO,无锡,0.63
20201111,2,CO_24h,无锡,0.72
20201111,3,AQI,无锡,52.0
20201111,3,PM2.5,无锡,24.0
20201111,3,PM2.5_24h,无锡,32.0
20201111,3,PM10,无锡,53.0
20201111,3,PM10_24h,无锡,84.0
20201111,3,SO2,无锡,7.0
20201111,3,SO2_24h,无锡,9.0
20201111,3,NO2,无锡,67.0
20201111,3,NO2_24h,无锡,63.0
20201111,3,O3,无锡,9.0
20201111,3,O3_24h,无锡,120.0
20201111,3,O3_8h,无锡,13.0
20201111,3,O3_8h_24h,无锡,17.0
20201111,3,CO,无锡,0.61
20201111,3,CO_24h,无锡,0.72
20201111,4,AQI,无锡,48.0
20201111,4,PM2.5,无锡,25.0
20201111,4,PM2.5_24h,无锡,32.0
20201111,4,PM10,无锡,48.0
20201111,4,PM10_24h,无锡,83.0
20201111,4,SO2,无锡,7.0
20201111,4,SO2_24h,无锡,9.0
20201111,4,NO2,无锡,65.0
20201111,4,NO2_24h,无锡,63.0
20201111,4,O3,无锡,8.0
20201111,4,O3_24h,无锡,120.0
20201111,4,O3_8h,无锡,11.0
20201111,4,O3_8h_24h,无锡,17.0
20201111,4,CO,无锡,0.68
20201111,4,CO_24h,无锡,0.72
20201111,5,AQI,无锡,51.0
20201111,5,PM2.5,无锡,27.0
20201111,5,PM2.5_24h,无锡,32.0
20201111,5,PM10,无锡,51.0
20201111,5,PM10_24h,无锡,81.0
20201111,5,SO2,无锡,7.0
20201111,5,SO2_24h,无锡,9.0
20201111,5,NO2,无锡,69.0
20201111,5,NO2_24h,无锡,63.0
20201111,5,O3,无锡,7.0
20201111,5,O3_24h,无锡,120.0
20201111,5,O3_8h,无锡,10.0
20201111,5,O3_8h_24h,无锡,17.0
20201111,5,CO,无锡,0.73
20201111,5,CO_24h,无锡,0.72
20201111,6,AQI,无锡,53.0
20201111,6,PM2.5,无锡,28.0
20201111,6,PM2.5_24h,无锡,31.0
20201111,6,PM10,无锡,55.0
20201111,6,PM10_24h,无锡,80.0
20201111,6,SO2,无锡,7.0
20201111,6,SO2_24h,无锡,8.0
20201111,6,NO2,无锡,69.0
20201111,6,NO2_24h,无锡,63.0
20201111,6,O3,无锡,8.0
20201111,6,O3_24h,无锡,120.0
20201111,6,O3_8h,无锡,9.0
20201111,6,O3_8h_24h,无锡,17.0
20201111,6,CO,无锡,0.73
20201111,6,CO_24h,无锡,0.71
20201111,8,AQI,无锡,58.0
20201111,8,PM2.5,无锡,35.0
20201111,8,PM2.5_24h,无锡,31.0
20201111,8,PM10,无锡,66.0
20201111,8,PM10_24h,无锡,78.0
20201111,8,SO2,无锡,8.0
20201111,8,SO2_24h,无锡,8.0
20201111,8,NO2,无锡,76.0
20201111,8,NO2_24h,无锡,62.0
20201111,8,O3,无锡,8.0
20201111,8,O3_24h,无锡,120.0
20201111,8,O3_8h,无锡,9.0
20201111,8,O3_8h_24h,无锡,17.0
20201111,8,CO,无锡,1.03
20201111,8,CO_24h,无锡,0.7
20201111,10,AQI,无锡,63.0
20201111,10,PM2.5,无锡,31.0
20201111,10,PM2.5_24h,无锡,30.0
20201111,10,PM10,无锡,75.0
20201111,10,PM10_24h,无锡,76.0
20201111,10,SO2,无锡,10.0
20201111,10,SO2_24h,无锡,8.0
20201111,10,NO2,无锡,45.0
20201111,10,NO2_24h,无锡,62.0
20201111,10,O3,无锡,73.0
20201111,10,O3_24h,无锡,120.0
20201111,10,O3_8h,无锡,18.0
20201111,10,O3_8h_24h,无锡,22.0
20201111,10,CO,无锡,0.69
20201111,10,CO_24h,无锡,0.7
20201111,11,AQI,无锡,55.0
20201111,11,PM2.5,无锡,22.0
20201111,11,PM2.5_24h,无锡,30.0
20201111,11,PM10,无锡,60.0
20201111,11,PM10_24h,无锡,75.0
20201111,11,SO2,无锡,9.0
20201111,11,SO2_24h,无锡,8.0
20201111,11,NO2,无锡,36.0
20201111,11,NO2_24h,无锡,61.0
20201111,11,O3,无锡,89.0
20201111,11,O3_24h,无锡,120.0
20201111,11,O3_8h,无锡,28.0
20201111,11,O3_8h_24h,无锡,29.0
20201111,11,CO,无锡,0.74
20201111,11,CO_24h,无锡,0.71
20201111,12,AQI,无锡,54.0
20201111,12,PM2.5,无锡,24.0
20201111,12,PM2.5_24h,无锡,30.0
20201111,12,PM10,无锡,58.0
20201111,12,PM10_24h,无锡,73.0
20201111,12,SO2,无锡,8.0
20201111,12,SO2_24h,无锡,8.0
20201111,12,NO2,无锡,29.0
20201111,12,NO2_24h,无锡,61.0
20201111,12,O3,无锡,102.0
20201111,12,O3_24h,无锡,120.0
20201111,12,O3_8h,无锡,40.0
20201111,12,O3_8h_24h,无锡,40.0
20201111,12,CO,无锡,0.69
20201111,12,CO_24h,无锡,0.71
20201111,13,AQI,无锡,55.0
20201111,13,PM2.5,无锡,24.0
20201111,13,PM2.5_24h,无锡,30.0
20201111,13,PM10,无锡,59.0
20201111,13,PM10_24h,无锡,72.0
20201111,13,SO2,无锡,7.0
20201111,13,SO2_24h,无锡,8.0
20201111,13,NO2,无锡,25.0
20201111,13,NO2_24h,无锡,61.0
20201111,13,O3,无锡,107.0
20201111,13,O3_24h,无锡,118.0
20201111,13,O3_8h,无锡,53.0
20201111,13,O3_8h_24h,无锡,53.0
20201111,13,CO,无锡,0.66
20201111,13,CO_24h,无锡,0.71
20201111,14,AQI,无锡,54.0
20201111,14,PM2.5,无锡,24.0
20201111,14,PM2.5_24h,无锡,29.0
20201111,14,PM10,无锡,57.0
20201111,14,PM10_24h,无锡,71.0
20201111,14,SO2,无锡,6.0
20201111,14,SO2_24h,无锡,8.0
20201111,14,NO2,无锡,25.0
20201111,14,NO2_24h,无锡,61.0
20201111,14,O3,无锡,113.0
20201111,14,O3_24h,无锡,117.0
20201111,14,O3_8h,无锡,65.0
20201111,14,O3_8h_24h,无锡,65.0
20201111,14,CO,无锡,0.61
20201111,14,CO_24h,无锡,0.71
20201111,15,AQI,无锡,56.0
20201111,15,PM2.5,无锡,27.0
20201111,15,PM2.5_24h,无锡,29.0
20201111,15,PM10,无锡,61.0
20201111,15,PM10_24h,无锡,70.0
20201111,15,SO2,无锡,6.0
20201111,15,SO2_24h,无锡,7.0
20201111,15,NO2,无锡,24.0
20201111,15,NO2_24h,无锡,60.0
20201111,15,O3,无锡,114.0
20201111,15,O3_24h,无锡,117.0
20201111,15,O3_8h,无锡,79.0
20201111,15,O3_8h_24h,无锡,79.0
20201111,15,CO,无锡,0.64
20201111,15,CO_24h,无锡,0.71
20201111,16,AQI,无锡,59.0
20201111,16,PM2.5,无锡,28.0
20201111,16,PM2.5_24h,无锡,29.0
20201111,16,PM10,无锡,68.0
20201111,16,PM10_24h,无锡,69.0
20201111,16,SO2,无锡,6.0
20201111,16,SO2_24h,无锡,7.0
20201111,16,NO2,无锡,27.0
20201111,16,NO2_24h,无锡,60.0
20201111,16,O3,无锡,112.0
20201111,16,O3_24h,无锡,115.0
20201111,16,O3_8h,无锡,92.0
20201111,16,O3_8h_24h,无锡,92.0
20201111,16,CO,无锡,0.6
20201111,16,CO_24h,无锡,0.71
20201111,17,AQI,无锡,59.0
20201111,17,PM2.5,无锡,28.0
20201111,17,PM2.5_24h,无锡,29.0
20201111,17,PM10,无锡,67.0
20201111,17,PM10_24h,无锡,68.0
20201111,17,SO2,无锡,6.0
20201111,17,SO2_24h,无锡,7.0
20201111,17,NO2,无锡,37.0
20201111,17,NO2_24h,无锡,59.0
20201111,17,O3,无锡,99.0
20201111,17,O3_24h,无锡,115.0
20201111,17,O3_8h,无锡,101.0
20201111,17,O3_8h_24h,无锡,101.0
20201111,17,CO,无锡,0.6
20201111,17,CO_24h,无锡,0.71
20201111,18,AQI,无锡,60.0
20201111,18,PM2.5,无锡,26.0
20201111,18,PM2.5_24h,无锡,29.0
20201111,18,PM10,无锡,70.0
20201111,18,PM10_24h,无锡,68.0
20201111,18,SO2,无锡,6.0
20201111,18,SO2_24h,无锡,7.0
20201111,18,NO2,无锡,57.0
20201111,18,NO2_24h,无锡,59.0
20201111,18,O3,无锡,71.0
20201111,18,O3_24h,无锡,115.0
20201111,18,O3_8h,无锡,100.0
20201111,18,O3_8h_24h,无锡,102.0
20201111,18,CO,无锡,0.66
20201111,18,CO_24h,无锡,0.71
20201111,19,AQI,无锡,64.0
20201111,19,PM2.5,无锡,31.0
20201111,19,PM2.5_24h,无锡,29.0
20201111,19,PM10,无锡,77.0
20201111,19,PM10_24h,无锡,67.0
20201111,19,SO2,无锡,6.0
20201111,19,SO2_24h,无锡,7.0
20201111,19,NO2,无锡,69.0
20201111,19,NO2_24h,无锡,58.0
20201111,19,O3,无锡,44.0
20201111,19,O3_24h,无锡,115.0
20201111,19,O3_8h,无锡,95.0
20201111,19,O3_8h_24h,无锡,102.0
20201111,19,CO,无锡,0.64
20201111,19,CO_24h,无锡,0.71
20201111,20,AQI,无锡,61.0
20201111,20,PM2.5,无锡,29.0
20201111,20,PM2.5_24h,无锡,29.0
20201111,20,PM10,无锡,72.0
20201111,20,PM10_24h,无锡,66.0
20201111,20,SO2,无锡,6.0
20201111,20,SO2_24h,无锡,7.0
20201111,20,NO2,无锡,60.0
20201111,20,NO2_24h,无锡,57.0
20201111,20,O3,无锡,40.0
20201111,20,O3_24h,无锡,115.0
20201111,20,O3_8h,无锡,87.0
20201111,20,O3_8h_24h,无锡,102.0
20201111,20,CO,无锡,0.53
20201111,20,CO_24h,无锡,0.69
20201111,21,AQI,无锡,53.0
20201111,21,PM2.5,无锡,21.0
20201111,21,PM2.5_24h,无锡,28.0
20201111,21,PM10,无锡,55.0
20201111,21,PM10_24h,无锡,64.0
20201111,21,SO2,无锡,7.0
20201111,21,SO2_24h,无锡,7.0
20201111,21,NO2,无锡,57.0
20201111,21,NO2_24h,无锡,56.0
20201111,21,O3,无锡,35.0
20201111,21,O3_24h,无锡,115.0
20201111,21,O3_8h,无锡,78.0
20201111,21,O3_8h_24h,无锡,102.0
20201111,21,CO,无锡,0.52
20201111,21,CO_24h,无锡,0.66
20201111,22,AQI,无锡,44.0
20201111,22,PM2.5,无锡,17.0
20201111,22,PM2.5_24h,无锡,27.0
20201111,22,PM10,无锡,44.0
20201111,22,PM10_24h,无锡,62.0
20201111,22,SO2,无锡,6.0
20201111,22,SO2_24h,无锡,7.0
20201111,22,NO2,无锡,67.0
20201111,22,NO2_24h,无锡,55.0
20201111,22,O3,无锡,22.0
20201111,22,O3_24h,无锡,115.0
20201111,22,O3_8h,无锡,67.0
20201111,22,O3_8h_24h,无锡,102.0
20201111,22,CO,无锡,0.54
20201111,22,CO_24h,无锡,0.66
20201111,23,AQI,无锡,42.0
20201111,23,PM2.5,无锡,17.0
20201111,23,PM2.5_24h,无锡,26.0
20201111,23,PM10,无锡,42.0
20201111,23,PM10_24h,无锡,60.0
20201111,23,SO2,无锡,6.0
20201111,23,SO2_24h,无锡,7.0
20201111,23,NO2,无锡,72.0
20201111,23,NO2_24h,无锡,55.0
20201111,23,O3,无锡,15.0
20201111,23,O3_24h,无锡,115.0
20201111,23,O3_8h,无锡,55.0
20201111,23,O3_8h_24h,无锡,102.0
20201111,23,CO,无锡,0.56
20201111,23,CO_24h,无锡,0.66
20201111,0,AQI,常州,73.0
20201111,0,PM2.5,常州,48.0
20201111,0,PM2.5_24h,常州,50.0
20201111,0,PM10,常州,95.0
20201111,0,PM10_24h,常州,107.0
20201111,0,SO2,常州,11.0
20201111,0,SO2_24h,常州,12.0
20201111,0,NO2,常州,91.0
20201111,0,NO2_24h,常州,77.0
20201111,0,O3,常州,20.0
20201111,0,O3_24h,常州,136.0
20201111,0,O3_8h,常州,35.0
20201111,0,O3_8h_24h,常州,115.0
20201111,0,CO,常州,0.8
20201111,0,CO_24h,常州,0.82
20201111,1,AQI,常州,65.0
20201111,1,PM2.5,常州,43.0
20201111,1,PM2.5_24h,常州,50.0
20201111,1,PM10,常州,79.0
20201111,1,PM10_24h,常州,105.0
20201111,1,SO2,常州,10.0
20201111,1,SO2_24h,常州,12.0
20201111,1,NO2,常州,79.0
20201111,1,NO2_24h,常州,77.0
20201111,1,O3,常州,25.0
20201111,1,O3_24h,常州,136.0
20201111,1,O3_8h,常州,25.0
20201111,1,O3_8h_24h,常州,25.0
20201111,1,CO,常州,0.78
20201111,1,CO_24h,常州,0.82
20201111,2,AQI,常州,73.0
20201111,2,PM2.5,常州,53.0
20201111,2,PM2.5_24h,常州,50.0
20201111,2,PM10,常州,96.0
20201111,2,PM10_24h,常州,105.0
20201111,2,SO2,常州,10.0
20201111,2,SO2_24h,常州,12.0
20201111,2,NO2,常州,78.0
20201111,2,NO2_24h,常州,76.0
20201111,2,O3,常州,22.0
20201111,2,O3_24h,常州,136.0
20201111,2,O3_8h,常州,24.0
20201111,2,O3_8h_24h,常州,25.0
20201111,2,CO,常州,0.82
20201111,2,CO_24h,常州,0.82
20201111,3,AQI,常州,62.0
20201111,3,PM2.5,常州,42.0
20201111,3,PM2.5_24h,常州,50.0
20201111,3,PM10,常州,74.0
20201111,3,PM10_24h,常州,104.0
20201111,3,SO2,常州,10.0
20201111,3,SO2_24h,常州,12.0
20201111,3,NO2,常州,79.0
20201111,3,NO2_24h,常州,76.0
20201111,3,O3,常州,19.0
20201111,3,O3_24h,常州,136.0
20201111,3,O3_8h,常州,22.0
20201111,3,O3_8h_24h,常州,26.0
20201111,3,CO,常州,0.67
20201111,3,CO_24h,常州,0.83
20201111,4,AQI,常州,90.0
20201111,4,PM2.5,常州,67.0
20201111,4,PM2.5_24h,常州,51.0
20201111,4,PM10,常州,109.0
20201111,4,PM10_24h,常州,104.0
20201111,4,SO2,常州,10.0
20201111,4,SO2_24h,常州,12.0
20201111,4,NO2,常州,83.0
20201111,4,NO2_24h,常州,76.0
20201111,4,O3,常州,13.0
20201111,4,O3_24h,常州,136.0
20201111,4,O3_8h,常州,20.0
20201111,4,O3_8h_24h,常州,26.0
20201111,4,CO,常州,0.72
20201111,4,CO_24h,常州,0.83
20201111,5,AQI,常州,74.0
20201111,5,PM2.5,常州,54.0
20201111,5,PM2.5_24h,常州,51.0
20201111,5,PM10,常州,88.0
20201111,5,PM10_24h,常州,104.0
20201111,5,SO2,常州,11.0
20201111,5,SO2_24h,常州,12.0
20201111,5,NO2,常州,80.0
20201111,5,NO2_24h,常州,76.0
20201111,5,O3,常州,12.0
20201111,5,O3_24h,常州,136.0
20201111,5,O3_8h,常州,18.0
20201111,5,O3_8h_24h,常州,26.0
20201111,5,CO,常州,0.83
20201111,5,CO_24h,常州,0.83
20201111,6,AQI,常州,73.0
20201111,6,PM2.5,常州,53.0
20201111,6,PM2.5_24h,常州,51.0
20201111,6,PM10,常州,89.0
20201111,6,PM10_24h,常州,103.0
20201111,6,SO2,常州,12.0
20201111,6,SO2_24h,常州,12.0
20201111,6,NO2,常州,81.0
20201111,6,NO2_24h,常州,75.0
20201111,6,O3,常州,11.0
20201111,6,O3_24h,常州,136.0
20201111,6,O3_8h,常州,17.0
20201111,6,O3_8h_24h,常州,26.0
20201111,6,CO,常州,0.92
20201111,6,CO_24h,常州,0.83
20201111,8,AQI,常州,81.0
20201111,8,PM2.5,常州,60.0
20201111,8,PM2.5_24h,常州,51.0
20201111,8,PM10,常州,103.0
20201111,8,PM10_24h,常州,101.0
20201111,8,SO2,常州,14.0
20201111,8,SO2_24h,常州,12.0
20201111,8,NO2,常州,85.0
20201111,8,NO2_24h,常州,75.0
20201111,8,O3,常州,15.0
20201111,8,O3_24h,常州,136.0
20201111,8,O3_8h,常州,17.0
20201111,8,O3_8h_24h,常州,26.0
20201111,8,CO,常州,1.08
20201111,8,CO_24h,常州,0.87
20201111,10,AQI,常州,56.0
20201111,10,PM2.5,常州,38.0
20201111,10,PM2.5_24h,常州,50.0
20201111,10,PM10,常州,62.0
20201111,10,PM10_24h,常州,98.0
20201111,10,SO2,常州,14.0
20201111,10,SO2_24h,常州,12.0
20201111,10,NO2,常州,47.0
20201111,10,NO2_24h,常州,75.0
20201111,10,O3,常州,74.0
20201111,10,O3_24h,常州,136.0
20201111,10,O3_8h,常州,24.0
20201111,10,O3_8h_24h,常州,29.0
20201111,10,CO,常州,0.75
20201111,10,CO_24h,常州,0.87
20201111,11,AQI,常州,56.0
20201111,11,PM2.5,常州,40.0
20201111,11,PM2.5_24h,常州,50.0
20201111,11,PM10,常州,60.0
20201111,11,PM10_24h,常州,96.0
20201111,11,SO2,常州,12.0
20201111,11,SO2_24h,常州,12.0
20201111,11,NO2,常州,40.0
20201111,11,NO2_24h,常州,74.0
20201111,11,O3,常州,90.0
20201111,11,O3_24h,常州,136.0
20201111,11,O3_8h,常州,33.0
20201111,11,O3_8h_24h,常州,34.0
20201111,11,CO,常州,0.75
20201111,11,CO_24h,常州,0.85
20201111,12,AQI,常州,55.0
20201111,12,PM2.5,常州,39.0
20201111,12,PM2.5_24h,常州,49.0
20201111,12,PM10,常州,60.0
20201111,12,PM10_24h,常州,95.0
20201111,12,SO2,常州,10.0
20201111,12,SO2_24h,常州,12.0
20201111,12,NO2,常州,33.0
20201111,12,NO2_24h,常州,74.0
20201111,12,O3,常州,107.0
20201111,12,O3_24h,常州,136.0
20201111,12,O3_8h,常州,45.0
20201111,12,O3_8h_24h,常州,45.0
20201111,12,CO,常州,0.77
20201111,12,CO_24h,常州,0.85
20201111,13,AQI,常州,54.0
20201111,13,PM2.5,常州,30.0
20201111,13,PM2.5_24h,常州,49.0
20201111,13,PM10,常州,57.0
20201111,13,PM10_24h,常州,93.0
20201111,13,SO2,常州,9.0
20201111,13,SO2_24h,常州,12.0
20201111,13,NO2,常州,28.0
20201111,13,NO2_24h,常州,74.0
20201111,13,O3,常州,115.0
20201111,13,O3_24h,常州,136.0
20201111,13,O3_8h,常州,57.0
20201111,13,O3_8h_24h,常州,57.0
20201111,13,CO,常州,0.67
20201111,13,CO_24h,常州,0.83
20201111,14,AQI,常州,55.0
20201111,14,PM2.5,常州,32.0
20201111,14,PM2.5_24h,常州,49.0
20201111,14,PM10,常州,60.0
20201111,14,PM10_24h,常州,92.0
20201111,14,SO2,常州,8.0
20201111,14,SO2_24h,常州,11.0
20201111,14,NO2,常州,29.0
20201111,14,NO2_24h,常州,73.0
20201111,14,O3,常州,117.0
20201111,14,O3_24h,常州,136.0
20201111,14,O3_8h,常州,71.0
20201111,14,O3_8h_24h,常州,71.0
20201111,14,CO,常州,0.65
20201111,14,CO_24h,常州,0.82
20201111,15,AQI,常州,56.0
20201111,15,PM2.5,常州,32.0
20201111,15,PM2.5_24h,常州,48.0
20201111,15,PM10,常州,61.0
20201111,15,PM10_24h,常州,91.0
20201111,15,SO2,常州,8.0
20201111,15,SO2_24h,常州,11.0
20201111,15,NO2,常州,28.0
20201111,15,NO2_24h,常州,73.0
20201111,15,O3,常州,120.0
20201111,15,O3_24h,常州,134.0
20201111,15,O3_8h,常州,84.0
20201111,15,O3_8h_24h,常州,84.0
20201111,15,CO,常州,0.62
20201111,15,CO_24h,常州,0.82
20201111,16,AQI,常州,59.0
20201111,16,PM2.5,常州,34.0
20201111,16,PM2.5_24h,常州,48.0
20201111,16,PM10,常州,67.0
20201111,16,PM10_24h,常州,90.0
20201111,16,SO2,常州,7.0
20201111,16,SO2_24h,常州,11.0
20201111,16,NO2,常州,31.0
20201111,16,NO2_24h,常州,74.0
20201111,16,O3,常州,119.0
20201111,16,O3_24h,常州,123.0
20201111,16,O3_8h,常州,97.0
20201111,16,O3_8h_24h,常州,97.0
20201111,16,CO,常州,0.65
20201111,16,CO_24h,常州,0.82
20201111,17,AQI,常州,60.0
20201111,17,PM2.5,常州,38.0
20201111,17,PM2.5_24h,常州,48.0
20201111,17,PM10,常州,70.0
20201111,17,PM10_24h,常州,89.0
20201111,17,SO2,常州,8.0
20201111,17,SO2_24h,常州,11.0
20201111,17,NO2,常州,39.0
20201111,17,NO2_24h,常州,73.0
20201111,17,O3,常州,103.0
20201111,17,O3_24h,常州,122.0
20201111,17,O3_8h,常州,105.0
20201111,17,O3_8h_24h,常州,105.0
20201111,17,CO,常州,0.7
20201111,17,CO_24h,常州,0.82
20201111,18,AQI,常州,65.0
20201111,18,PM2.5,常州,42.0
20201111,18,PM2.5_24h,常州,48.0
20201111,18,PM10,常州,79.0
20201111,18,PM10_24h,常州,88.0
20201111,18,SO2,常州,7.0
20201111,18,SO2_24h,常州,11.0
20201111,18,NO2,常州,57.0
20201111,18,NO2_24h,常州,72.0
20201111,18,O3,常州,77.0
20201111,18,O3_24h,常州,122.0
20201111,18,O3_8h,常州,106.0
20201111,18,O3_8h_24h,常州,106.0
20201111,18,CO,常州,0.73
20201111,18,CO_24h,常州,0.82
20201111,19,AQI,常州,71.0
20201111,19,PM2.5,常州,50.0
20201111,19,PM2.5_24h,常州,47.0
20201111,19,PM10,常州,91.0
20201111,19,PM10_24h,常州,87.0
20201111,19,SO2,常州,8.0
20201111,19,SO2_24h,常州,11.0
20201111,19,NO2,常州,77.0
20201111,19,NO2_24h,常州,71.0
20201111,19,O3,常州,48.0
20201111,19,O3_24h,常州,122.0
20201111,19,O3_8h,常州,100.0
20201111,19,O3_8h_24h,常州,106.0
20201111,19,CO,常州,0.83
20201111,19,CO_24h,常州,0.82
20201111,20,AQI,常州,68.0
20201111,20,PM2.5,常州,46.0
20201111,20,PM2.5_24h,常州,47.0
20201111,20,PM10,常州,85.0
20201111,20,PM10_24h,常州,86.0
20201111,20,SO2,常州,9.0
20201111,20,SO2_24h,常州,10.0
20201111,20,NO2,常州,84.0
20201111,20,NO2_24h,常州,70.0
20201111,20,O3,常州,32.0
20201111,20,O3_24h,常州,122.0
20201111,20,O3_8h,常州,91.0
20201111,20,O3_8h_24h,常州,106.0
20201111,20,CO,常州,0.82
20201111,20,CO_24h,常州,0.8
20201111,21,AQI,常州,61.0
20201111,21,PM2.5,常州,39.0
20201111,21,PM2.5_24h,常州,46.0
20201111,21,PM10,常州,71.0
20201111,21,PM10_24h,常州,83.0
20201111,21,SO2,常州,9.0
20201111,21,SO2_24h,常州,10.0
20201111,21,NO2,常州,80.0
20201111,21,NO2_24h,常州,68.0
20201111,21,O3,常州,27.0
20201111,21,O3_24h,常州,122.0
20201111,21,O3_8h,常州,79.0
20201111,21,O3_8h_24h,常州,106.0
20201111,21,CO,常州,0.73
20201111,21,CO_24h,常州,0.8
20201111,22,AQI,常州,51.0
20201111,22,PM2.5,常州,29.0
20201111,22,PM2.5_24h,常州,45.0
20201111,22,PM10,常州,52.0
20201111,22,PM10_24h,常州,80.0
20201111,22,SO2,常州,8.0
20201111,22,SO2_24h,常州,10.0
20201111,22,NO2,常州,66.0
20201111,22,NO2_24h,常州,66.0
20201111,22,O3,常州,31.0
20201111,22,O3_24h,常州,122.0
20201111,22,O3_8h,常州,68.0
20201111,22,O3_8h_24h,常州,106.0
20201111,22,CO,常州,0.62
20201111,22,CO_24h,常州,0.78
20201111,23,AQI,常州,49.0
20201111,23,PM2.5,常州,27.0
20201111,23,PM2.5_24h,常州,44.0
20201111,23,PM10,常州,49.0
20201111,23,PM10_24h,常州,77.0
20201111,23,SO2,常州,9.0
20201111,23,SO2_24h,常州,10.0
20201111,23,NO2,常州,64.0
20201111,23,NO2_24h,常州,64.0
20201111,23,O3,常州,28.0
20201111,23,O3_24h,常州,122.0
20201111,23,O3_8h,常州,56.0
20201111,23,O3_8h_24h,常州,106.0
20201111,23,CO,常州,0.7
20201111,23,CO_24h,常州,0.78
20201111,0,AQI,镇江,84.0
20201111,0,PM2.5,镇江,59.0
20201111,0,PM2.5_24h,镇江,51.0
20201111,0,PM10,镇江,117.0
20201111,0,PM10_24h,镇江,110.0
20201111,0,SO2,镇江,7.0
20201111,0,SO2_24h,镇江,8.0
20201111,0,NO2,镇江,60.0
20201111,0,NO2_24h,镇江,57.0
20201111,0,O3,镇江,22.0
20201111,0,O3_24h,镇江,119.0
20201111,0,O3_8h,镇江,34.0
20201111,0,O3_8h_24h,镇江,99.0
20201111,0,CO,镇江,0.72
20201111,0,CO_24h,镇江,0.73
20201111,1,AQI,镇江,84.0
20201111,1,PM2.5,镇江,57.0
20201111,1,PM2.5_24h,镇江,51.0
20201111,1,PM10,镇江,117.0
20201111,1,PM10_24h,镇江,109.0
20201111,1,SO2,镇江,7.0
20201111,1,SO2_24h,镇江,8.0
20201111,1,NO2,镇江,57.0
20201111,1,NO2_24h,镇江,57.0
20201111,1,O3,镇江,19.0
20201111,1,O3_24h,镇江,119.0
20201111,1,O3_8h,镇江,19.0
20201111,1,O3_8h_24h,镇江,19.0
20201111,1,CO,镇江,0.7
20201111,1,CO_24h,镇江,0.73
20201111,2,AQI,镇江,80.0
20201111,2,PM2.5,镇江,55.0
20201111,2,PM2.5_24h,镇江,50.0
20201111,2,PM10,镇江,109.0
20201111,2,PM10_24h,镇江,107.0
20201111,2,SO2,镇江,7.0
20201111,2,SO2_24h,镇江,8.0
20201111,2,NO2,镇江,55.0
20201111,2,NO2_24h,镇江,56.0
20201111,2,O3,镇江,18.0
20201111,2,O3_24h,镇江,119.0
20201111,2,O3_8h,镇江,18.0
20201111,2,O3_8h_24h,镇江,19.0
20201111,2,CO,镇江,0.68
20201111,2,CO_24h,镇江,0.73
20201111,3,AQI,镇江,81.0
20201111,3,PM2.5,镇江,56.0
20201111,3,PM2.5_24h,镇江,50.0
20201111,3,PM10,镇江,111.0
20201111,3,PM10_24h,镇江,106.0
20201111,3,SO2,镇江,8.0
20201111,3,SO2_24h,镇江,8.0
20201111,3,NO2,镇江,62.0
20201111,3,NO2_24h,镇江,55.0
20201111,3,O3,镇江,11.0
20201111,3,O3_24h,镇江,119.0
20201111,3,O3_8h,镇江,16.0
20201111,3,O3_8h_24h,镇江,19.0
20201111,3,CO,镇江,0.7
20201111,3,CO_24h,镇江,0.73
20201111,4,AQI,镇江,78.0
20201111,4,PM2.5,镇江,55.0
20201111,4,PM2.5_24h,镇江,50.0
20201111,4,PM10,镇江,105.0
20201111,4,PM10_24h,镇江,106.0
20201111,4,SO2,镇江,9.0
20201111,4,SO2_24h,镇江,8.0
20201111,4,NO2,镇江,66.0
20201111,4,NO2_24h,镇江,55.0
20201111,4,O3,镇江,8.0
20201111,4,O3_24h,镇江,119.0
20201111,4,O3_8h,镇江,14.0
20201111,4,O3_8h_24h,镇江,19.0
20201111,4,CO,镇江,0.72
20201111,4,CO_24h,镇江,0.75
20201111,5,AQI,镇江,75.0
20201111,5,PM2.5,镇江,53.0
20201111,5,PM2.5_24h,镇江,50.0
20201111,5,PM10,镇江,100.0
20201111,5,PM10_24h,镇江,105.0
20201111,5,SO2,镇江,10.0
20201111,5,SO2_24h,镇江,8.0
20201111,5,NO2,镇江,63.0
20201111,5,NO2_24h,镇江,55.0
20201111,5,O3,镇江,9.0
20201111,5,O3_24h,镇江,119.0
20201111,5,O3_8h,镇江,13.0
20201111,5,O3_8h_24h,镇江,20.0
20201111,5,CO,镇江,0.77
20201111,5,CO_24h,镇江,0.77
20201111,6,AQI,镇江,74.0
20201111,6,PM2.5,镇江,52.0
20201111,6,PM2.5_24h,镇江,50.0
20201111,6,PM10,镇江,97.0
20201111,6,PM10_24h,镇江,105.0
20201111,6,SO2,镇江,10.0
20201111,6,SO2_24h,镇江,8.0
20201111,6,NO2,镇江,60.0
20201111,6,NO2_24h,镇江,55.0
20201111,6,O3,镇江,10.0
20201111,6,O3_24h,镇江,119.0
20201111,6,O3_8h,镇江,13.0
20201111,6,O3_8h_24h,镇江,20.0
20201111,6,CO,镇江,0.72
20201111,6,CO_24h,镇江,0.77
20201111,8,AQI,镇江,80.0
20201111,8,PM2.5,镇江,59.0
20201111,8,PM2.5_24h,镇江,50.0
20201111,8,PM10,镇江,109.0
20201111,8,PM10_24h,镇江,104.0
20201111,8,SO2,镇江,12.0
20201111,8,SO2_24h,镇江,8.0
20201111,8,NO2,镇江,64.0
20201111,8,NO2_24h,镇江,55.0
20201111,8,O3,镇江,10.0
20201111,8,O3_24h,镇江,119.0
20201111,8,O3_8h,镇江,12.0
20201111,8,O3_8h_24h,镇江,20.0
20201111,8,CO,镇江,0.95
20201111,8,CO_24h,镇江,0.77
20201111,10,AQI,镇江,66.0
20201111,10,PM2.5,镇江,48.0
20201111,10,PM2.5_24h,镇江,50.0
20201111,10,PM10,镇江,74.0
20201111,10,PM10_24h,镇江,103.0
20201111,10,SO2,镇江,16.0
20201111,10,SO2_24h,镇江,9.0
20201111,10,NO2,镇江,46.0
20201111,10,NO2_24h,镇江,55.0
20201111,10,O3,镇江,57.0
20201111,10,O3_24h,镇江,119.0
20201111,10,O3_8h,镇江,17.0
20201111,10,O3_8h_24h,镇江,22.0
20201111,10,CO,镇江,0.85
20201111,10,CO_24h,镇江,0.75
20201111,11,AQI,镇江,56.0
20201111,11,PM2.5,镇江,35.0
20201111,11,PM2.5_24h,镇江,50.0
20201111,11,PM10,镇江,62.0
20201111,11,PM10_24h,镇江,101.0
20201111,11,SO2,镇江,12.0
20201111,11,SO2_24h,镇江,9.0
20201111,11,NO2,镇江,29.0
20201111,11,NO2_24h,镇江,55.0
20201111,11,O3,镇江,84.0
20201111,11,O3_24h,镇江,119.0
20201111,11,O3_8h,镇江,27.0
20201111,11,O3_8h_24h,镇江,28.0
20201111,11,CO,镇江,0.82
20201111,11,CO_24h,镇江,0.75
20201111,12,AQI,镇江,54.0
20201111,12,PM2.5,镇江,31.0
20201111,12,PM2.5_24h,镇江,49.0
20201111,12,PM10,镇江,57.0
20201111,12,PM10_24h,镇江,100.0
20201111,12,SO2,镇江,9.0
20201111,12,SO2_24h,镇江,9.0
20201111,12,NO2,镇江,21.0
20201111,12,NO2_24h,镇江,55.0
20201111,12,O3,镇江,96.0
20201111,12,O3_24h,镇江,119.0
20201111,12,O3_8h,镇江,38.0
20201111,12,O3_8h_24h,镇江,38.0
20201111,12,CO,镇江,0.7
20201111,12,CO_24h,镇江,0.75
20201111,13,AQI,镇江,59.0
20201111,13,PM2.5,镇江,35.0
20201111,13,PM2.5_24h,镇江,49.0
20201111,13,PM10,镇江,68.0
20201111,13,PM10_24h,镇江,99.0
20201111,13,SO2,镇江,9.0
20201111,13,SO2_24h,镇江,9.0
20201111,13,NO2,镇江,26.0
20201111,13,NO2_24h,镇江,55.0
20201111,13,O3,镇江,100.0
20201111,13,O3_24h,镇江,119.0
20201111,13,O3_8h,镇江,49.0
20201111,13,O3_8h_24h,镇江,49.0
20201111,13,CO,镇江,0.67
20201111,13,CO_24h,镇江,0.75
20201111,14,AQI,镇江,61.0
20201111,14,PM2.5,镇江,35.0
20201111,14,PM2.5_24h,镇江,49.0
20201111,14,PM10,镇江,71.0
20201111,14,PM10_24h,镇江,98.0
20201111,14,SO2,镇江,9.0
20201111,14,SO2_24h,镇江,9.0
20201111,14,NO2,镇江,29.0
20201111,14,NO2_24h,镇江,55.0
20201111,14,O3,镇江,102.0
20201111,14,O3_24h,镇江,119.0
20201111,14,O3_8h,镇江,60.0
20201111,14,O3_8h_24h,镇江,60.0
20201111,14,CO,镇江,0.65
20201111,14,CO_24h,镇江,0.75
20201111,15,AQI,镇江,60.0
20201111,15,PM2.5,镇江,37.0
20201111,15,PM2.5_24h,镇江,49.0
20201111,15,PM10,镇江,70.0
20201111,15,PM10_24h,镇江,97.0
20201111,15,SO2,镇江,11.0
20201111,15,SO2_24h,镇江,9.0
20201111,15,NO2,镇江,29.0
20201111,15,NO2_24h,镇江,55.0
20201111,15,O3,镇江,105.0
20201111,15,O3_24h,镇江,110.0
20201111,15,O3_8h,镇江,73.0
20201111,15,O3_8h_24h,镇江,73.0
20201111,15,CO,镇江,0.67
20201111,15,CO_24h,镇江,0.75
20201111,16,AQI,镇江,61.0
20201111,16,PM2.5,镇江,37.0
20201111,16,PM2.5_24h,镇江,49.0
20201111,16,PM10,镇江,71.0
20201111,16,PM10_24h,镇江,97.0
20201111,16,SO2,镇江,9.0
20201111,16,SO2_24h,镇江,9.0
20201111,16,NO2,镇江,30.0
20201111,16,NO2_24h,镇江,55.0
20201111,16,O3,镇江,105.0
20201111,16,O3_24h,镇江,106.0
20201111,16,O3_8h,镇江,84.0
20201111,16,O3_8h_24h,镇江,84.0
20201111,16,CO,镇江,0.7
20201111,16,CO_24h,镇江,0.75
20201111,17,AQI,镇江,62.0
20201111,17,PM2.5,镇江,36.0
20201111,17,PM2.5_24h,镇江,49.0
20201111,17,PM10,镇江,74.0
20201111,17,PM10_24h,镇江,96.0
20201111,17,SO2,镇江,10.0
20201111,17,SO2_24h,镇江,9.0
20201111,17,NO2,镇江,36.0
20201111,17,NO2_24h,镇江,55.0
20201111,17,O3,镇江,99.0
20201111,17,O3_24h,镇江,106.0
20201111,17,O3_8h,镇江,94.0
20201111,17,O3_8h_24h,镇江,94.0
20201111,17,CO,镇江,0.77
20201111,17,CO_24h,镇江,0.75
20201111,18,AQI,镇江,70.0
20201111,18,PM2.5,镇江,48.0
20201111,18,PM2.5_24h,镇江,49.0
20201111,18,PM10,镇江,90.0
20201111,18,PM10_24h,镇江,96.0
20201111,18,SO2,镇江,9.0
20201111,18,SO2_24h,镇江,9.0
20201111,18,NO2,镇江,50.0
20201111,18,NO2_24h,镇江,54.0
20201111,18,O3,镇江,79.0
20201111,18,O3_24h,镇江,106.0
20201111,18,O3_8h,镇江,96.0
20201111,18,O3_8h_24h,镇江,96.0
20201111,18,CO,镇江,0.88
20201111,18,CO_24h,镇江,0.75
20201111,19,AQI,镇江,78.0
20201111,19,PM2.5,镇江,57.0
20201111,19,PM2.5_24h,镇江,49.0
20201111,19,PM10,镇江,104.0
20201111,19,PM10_24h,镇江,95.0
20201111,19,SO2,镇江,10.0
20201111,19,SO2_24h,镇江,10.0
20201111,19,NO2,镇江,68.0
20201111,19,NO2_24h,镇江,54.0
20201111,19,O3,镇江,54.0
20201111,19,O3_24h,镇江,106.0
20201111,19,O3_8h,镇江,92.0
20201111,19,O3_8h_24h,镇江,97.0
20201111,19,CO,镇江,0.95
20201111,19,CO_24h,镇江,0.77
20201111,20,AQI,镇江,83.0
20201111,20,PM2.5,镇江,61.0
20201111,20,PM2.5_24h,镇江,50.0
20201111,20,PM10,镇江,111.0
20201111,20,PM10_24h,镇江,96.0
20201111,20,SO2,镇江,10.0
20201111,20,SO2_24h,镇江,10.0
20201111,20,NO2,镇江,71.0
20201111,20,NO2_24h,镇江,53.0
20201111,20,O3,镇江,41.0
20201111,20,O3_24h,镇江,106.0
20201111,20,O3_8h,镇江,86.0
20201111,20,O3_8h_24h,镇江,97.0
20201111,20,CO,镇江,0.9
20201111,20,CO_24h,镇江,0.77
20201111,21,AQI,镇江,75.0
20201111,21,PM2.5,镇江,55.0
20201111,21,PM2.5_24h,镇江,50.0
20201111,21,PM10,镇江,100.0
20201111,21,PM10_24h,镇江,95.0
20201111,21,SO2,镇江,12.0
20201111,21,SO2_24h,镇江,10.0
20201111,21,NO2,镇江,69.0
20201111,21,NO2_24h,镇江,53.0
20201111,21,O3,镇江,30.0
20201111,21,O3_24h,镇江,106.0
20201111,21,O3_8h,镇江,77.0
20201111,21,O3_8h_24h,镇江,97.0
20201111,21,CO,镇江,0.82
20201111,21,CO_24h,镇江,0.77
20201111,22,AQI,镇江,69.0
20201111,22,PM2.5,镇江,48.0
20201111,22,PM2.5_24h,镇江,49.0
20201111,22,PM10,镇江,88.0
20201111,22,PM10_24h,镇江,93.0
20201111,22,SO2,镇江,11.0
20201111,22,SO2_24h,镇江,10.0
20201111,22,NO2,镇江,64.0
20201111,22,NO2_24h,镇江,52.0
20201111,22,O3,镇江,22.0
20201111,22,O3_24h,镇江,106.0
20201111,22,O3_8h,镇江,67.0
20201111,22,O3_8h_24h,镇江,97.0
20201111,22,CO,镇江,0.72
20201111,22,CO_24h,镇江,0.75
20201111,23,AQI,镇江,61.0
20201111,23,PM2.5,镇江,38.0
20201111,23,PM2.5_24h,镇江,48.0
20201111,23,PM10,镇江,72.0
20201111,23,PM10_24h,镇江,91.0
20201111,23,SO2,镇江,12.0
20201111,23,SO2_24h,镇江,10.0
20201111,23,NO2,镇江,61.0
20201111,23,NO2_24h,镇江,52.0
20201111,23,O3,镇江,21.0
20201111,23,O3_24h,镇江,106.0
20201111,23,O3_8h,镇江,56.0
20201111,23,O3_8h_24h,镇江,97.0
20201111,23,CO,镇江,0.63
20201111,23,CO_24h,镇江,0.75
20201111,0,AQI,泰州,58.0
20201111,0,PM2.5,泰州,34.0
20201111,0,PM2.5_24h,泰州,42.0
20201111,0,PM10,泰州,66.0
20201111,0,PM10_24h,泰州,89.0
20201111,0,SO2,泰州,7.0
20201111,0,SO2_24h,泰州,8.0
20201111,0,NO2,泰州,33.0
20201111,0,NO2_24h,泰州,34.0
20201111,0,O3,泰州,52.0
20201111,0,O3_24h,泰州,118.0
20201111,0,O3_8h,泰州,64.0
20201111,0,O3_8h_24h,泰州,106.0
20201111,0,CO,泰州,0.7
20201111,0,CO_24h,泰州,0.77
20201111,1,AQI,泰州,60.0
20201111,1,PM2.5,泰州,36.0
20201111,1,PM2.5_24h,泰州,42.0
20201111,1,PM10,泰州,70.0
20201111,1,PM10_24h,泰州,88.0
20201111,1,SO2,泰州,7.0
20201111,1,SO2_24h,泰州,8.0
20201111,1,NO2,泰州,31.0
20201111,1,NO2_24h,泰州,33.0
20201111,1,O3,泰州,51.0
20201111,1,O3_24h,泰州,118.0
20201111,1,O3_8h,泰州,51.0
20201111,1,O3_8h_24h,泰州,51.0
20201111,1,CO,泰州,0.72
20201111,1,CO_24h,泰州,0.77
20201111,2,AQI,泰州,62.0
20201111,2,PM2.5,泰州,41.0
20201111,2,PM2.5_24h,泰州,41.0
20201111,2,PM10,泰州,73.0
20201111,2,PM10_24h,泰州,87.0
20201111,2,SO2,泰州,7.0
20201111,2,SO2_24h,泰州,8.0
20201111,2,NO2,泰州,32.0
20201111,2,NO2_24h,泰州,33.0
20201111,2,O3,泰州,48.0
20201111,2,O3_24h,泰州,118.0
20201111,2,O3_8h,泰州,50.0
20201111,2,O3_8h_24h,泰州,51.0
20201111,2,CO,泰州,0.73
20201111,2,CO_24h,泰州,0.77
20201111,3,AQI,泰州,63.0
20201111,3,PM2.5,泰州,43.0
20201111,3,PM2.5_24h,泰州,41.0
20201111,3,PM10,泰州,75.0
20201111,3,PM10_24h,泰州,85.0
20201111,3,SO2,泰州,7.0
20201111,3,SO2_24h,泰州,8.0
20201111,3,NO2,泰州,31.0
20201111,3,NO2_24h,泰州,32.0
20201111,3,O3,泰州,49.0
20201111,3,O3_24h,泰州,118.0
20201111,3,O3_8h,泰州,49.0
20201111,3,O3_8h_24h,泰州,52.0
20201111,3,CO,泰州,0.75
20201111,3,CO_24h,泰州,0.77
20201111,4,AQI,泰州,62.0
20201111,4,PM2.5,泰州,42.0
20201111,4,PM2.5_24h,泰州,41.0
20201111,4,PM10,泰州,73.0
20201111,4,PM10_24h,泰州,84.0
20201111,4,SO2,泰州,7.0
20201111,4,SO2_24h,泰州,8.0
20201111,4,NO2,泰州,31.0
20201111,4,NO2_24h,泰州,32.0
20201111,4,O3,泰州,45.0
20201111,4,O3_24h,泰州,118.0
20201111,4,O3_8h,泰州,48.0
20201111,4,O3_8h_24h,泰州,52.0
20201111,4,CO,泰州,0.75
20201111,4,CO_24h,泰州,0.77
20201111,5,AQI,泰州,64.0
20201111,5,PM2.5,泰州,46.0
20201111,5,PM2.5_24h,泰州,40.0
20201111,5,PM10,泰州,77.0
20201111,5,PM10_24h,泰州,83.0
20201111,5,SO2,泰州,7.0
20201111,5,SO2_24h,泰州,8.0
20201111,5,NO2,泰州,30.0
20201111,5,NO2_24h,泰州,32.0
20201111,5,O3,泰州,47.0
20201111,5,O3_24h,泰州,118.0
20201111,5,O3_8h,泰州,48.0
20201111,5,O3_8h_24h,泰州,52.0
20201111,5,CO,泰州,0.77
20201111,5,CO_24h,泰州,0.77
20201111,6,AQI,泰州,64.0
20201111,6,PM2.5,泰州,45.0
20201111,6,PM2.5_24h,泰州,40.0
20201111,6,PM10,泰州,77.0
20201111,6,PM10_24h,泰州,82.0
20201111,6,SO2,泰州,8.0
20201111,6,SO2_24h,泰州,8.0
20201111,6,NO2,泰州,34.0
20201111,6,NO2_24h,泰州,31.0
20201111,6,O3,泰州,41.0
20201111,6,O3_24h,泰州,118.0
20201111,6,O3_8h,泰州,47.0
20201111,6,O3_8h_24h,泰州,52.0
20201111,6,CO,泰州,0.8
20201111,6,CO_24h,泰州,0.77
20201111,8,AQI,泰州,70.0
20201111,8,PM2.5,泰州,49.0
20201111,8,PM2.5_24h,泰州,40.0
20201111,8,PM10,泰州,89.0
20201111,8,PM10_24h,泰州,80.0
20201111,8,SO2,泰州,10.0
20201111,8,SO2_24h,泰州,8.0
20201111,8,NO2,泰州,46.0
20201111,8,NO2_24h,泰州,31.0
20201111,8,O3,泰州,37.0
20201111,8,O3_24h,泰州,118.0
20201111,8,O3_8h,泰州,44.0
20201111,8,O3_8h_24h,泰州,52.0
20201111,8,CO,泰州,0.95
20201111,8,CO_24h,泰州,0.77
20201111,10,AQI,泰州,70.0
20201111,10,PM2.5,泰州,42.0
20201111,10,PM2.5_24h,泰州,39.0
20201111,10,PM10,泰州,89.0
20201111,10,PM10_24h,泰州,78.0
20201111,10,SO2,泰州,11.0
20201111,10,SO2_24h,泰州,8.0
20201111,10,NO2,泰州,21.0
20201111,10,NO2_24h,泰州,30.0
20201111,10,O3,泰州,88.0
20201111,10,O3_24h,泰州,118.0
20201111,10,O3_8h,泰州,50.0
20201111,10,O3_8h_24h,泰州,53.0
20201111,10,CO,泰州,0.8
20201111,10,CO_24h,泰州,0.77
20201111,11,AQI,泰州,63.0
20201111,11,PM2.5,泰州,33.0
20201111,11,PM2.5_24h,泰州,39.0
20201111,11,PM10,泰州,75.0
20201111,11,PM10_24h,泰州,77.0
20201111,11,SO2,泰州,9.0
20201111,11,SO2_24h,泰州,8.0
20201111,11,NO2,泰州,15.0
20201111,11,NO2_24h,泰州,30.0
20201111,11,O3,泰州,100.0
20201111,11,O3_24h,泰州,118.0
20201111,11,O3_8h,泰州,56.0
20201111,11,O3_8h_24h,泰州,57.0
20201111,11,CO,泰州,0.85
20201111,11,CO_24h,泰州,0.72
20201111,12,AQI,泰州,55.0
20201111,12,PM2.5,泰州,30.0
20201111,12,PM2.5_24h,泰州,38.0
20201111,12,PM10,泰州,60.0
20201111,12,PM10_24h,泰州,75.0
20201111,12,SO2,泰州,7.0
20201111,12,SO2_24h,泰州,8.0
20201111,12,NO2,泰州,11.0
20201111,12,NO2_24h,泰州,29.0
20201111,12,O3,泰州,108.0
20201111,12,O3_24h,泰州,118.0
20201111,12,O3_8h,泰州,64.0
20201111,12,O3_8h_24h,泰州,64.0
20201111,12,CO,泰州,0.7
20201111,12,CO_24h,泰州,0.7
20201111,13,AQI,泰州,52.0
20201111,13,PM2.5,泰州,28.0
20201111,13,PM2.5_24h,泰州,38.0
20201111,13,PM10,泰州,54.0
20201111,13,PM10_24h,泰州,74.0
20201111,13,SO2,泰州,6.0
20201111,13,SO2_24h,泰州,7.0
20201111,13,NO2,泰州,11.0
20201111,13,NO2_24h,泰州,29.0
20201111,13,O3,泰州,114.0
20201111,13,O3_24h,泰州,118.0
20201111,13,O3_8h,泰州,72.0
20201111,13,O3_8h_24h,泰州,72.0
20201111,13,CO,泰州,0.68
20201111,13,CO_24h,泰州,0.7
20201111,14,AQI,泰州,52.0
20201111,14,PM2.5,泰州,27.0
20201111,14,PM2.5_24h,泰州,38.0
20201111,14,PM10,泰州,53.0
20201111,14,PM10_24h,泰州,74.0
20201111,14,SO2,泰州,6.0
20201111,14,SO2_24h,泰州,7.0
20201111,14,NO2,泰州,12.0
20201111,14,NO2_24h,泰州,29.0
20201111,14,O3,泰州,120.0
20201111,14,O3_24h,泰州,120.0
20201111,14,O3_8h,泰州,82.0
20201111,14,O3_8h_24h,泰州,82.0
20201111,14,CO,泰州,0.65
20201111,14,CO_24h,泰州,0.7
20201111,15,AQI,泰州,54.0
20201111,15,PM2.5,泰州,30.0
20201111,15,PM2.5_24h,泰州,38.0
20201111,15,PM10,泰州,57.0
20201111,15,PM10_24h,泰州,73.0
20201111,15,SO2,泰州,5.0
20201111,15,SO2_24h,泰州,7.0
20201111,15,NO2,泰州,13.0
20201111,15,NO2_24h,泰州,29.0
20201111,15,O3,泰州,123.0
20201111,15,O3_24h,泰州,123.0
20201111,15,O3_8h,泰州,93.0
20201111,15,O3_8h_24h,泰州,93.0
20201111,15,CO,泰州,0.65
20201111,15,CO_24h,泰州,0.75
20201111,16,AQI,泰州,54.0
20201111,16,PM2.5,泰州,34.0
20201111,16,PM2.5_24h,泰州,39.0
20201111,16,PM10,泰州,58.0
20201111,16,PM10_24h,泰州,73.0
20201111,16,SO2,泰州,5.0
20201111,16,SO2_24h,泰州,7.0
20201111,16,NO2,泰州,14.0
20201111,16,NO2_24h,泰州,29.0
20201111,16,O3,泰州,121.0
20201111,16,O3_24h,泰州,123.0
20201111,16,O3_8h,泰州,104.0
20201111,16,O3_8h_24h,泰州,104.0
20201111,16,CO,泰州,0.68
20201111,16,CO_24h,泰州,0.75
20201111,17,AQI,泰州,59.0
20201111,17,PM2.5,泰州,33.0
20201111,17,PM2.5_24h,泰州,39.0
20201111,17,PM10,泰州,67.0
20201111,17,PM10_24h,泰州,73.0
20201111,17,SO2,泰州,5.0
20201111,17,SO2_24h,泰州,7.0
20201111,17,NO2,泰州,17.0
20201111,17,NO2_24h,泰州,29.0
20201111,17,O3,泰州,112.0
20201111,17,O3_24h,泰州,123.0
20201111,17,O3_8h,泰州,111.0
20201111,17,O3_8h_24h,泰州,111.0
20201111,17,CO,泰州,0.65
20201111,17,CO_24h,泰州,0.77
20201111,18,AQI,泰州,59.0
20201111,18,PM2.5,泰州,39.0
20201111,18,PM2.5_24h,泰州,39.0
20201111,18,PM10,泰州,68.0
20201111,18,PM10_24h,泰州,73.0
20201111,18,SO2,泰州,6.0
20201111,18,SO2_24h,泰州,7.0
20201111,18,NO2,泰州,26.0
20201111,18,NO2_24h,泰州,29.0
20201111,18,O3,泰州,90.0
20201111,18,O3_24h,泰州,123.0
20201111,18,O3_8h,泰州,111.0
20201111,18,O3_8h_24h,泰州,112.0
20201111,18,CO,泰州,0.77
20201111,18,CO_24h,泰州,0.77
20201111,19,AQI,泰州,62.0
20201111,19,PM2.5,泰州,44.0
20201111,19,PM2.5_24h,泰州,40.0
20201111,19,PM10,泰州,73.0
20201111,19,PM10_24h,泰州,73.0
20201111,19,SO2,泰州,6.0
20201111,19,SO2_24h,泰州,7.0
20201111,19,NO2,泰州,36.0
20201111,19,NO2_24h,泰州,28.0
20201111,19,O3,泰州,67.0
20201111,19,O3_24h,泰州,123.0
20201111,19,O3_8h,泰州,106.0
20201111,19,O3_8h_24h,泰州,112.0
20201111,19,CO,泰州,0.77
20201111,19,CO_24h,泰州,0.77
20201111,20,AQI,泰州,60.0
20201111,20,PM2.5,泰州,30.0
20201111,20,PM2.5_24h,泰州,38.0
20201111,20,PM10,泰州,70.0
20201111,20,PM10_24h,泰州,72.0
20201111,20,SO2,泰州,5.0
20201111,20,SO2_24h,泰州,7.0
20201111,20,NO2,泰州,30.0
20201111,20,NO2_24h,泰州,27.0
20201111,20,O3,泰州,55.0
20201111,20,O3_24h,泰州,123.0
20201111,20,O3_8h,泰州,100.0
20201111,20,O3_8h_24h,泰州,112.0
20201111,20,CO,泰州,0.65
20201111,20,CO_24h,泰州,0.75
20201111,21,AQI,泰州,47.0
20201111,21,PM2.5,泰州,24.0
20201111,21,PM2.5_24h,泰州,37.0
20201111,21,PM10,泰州,47.0
20201111,21,PM10_24h,泰州,71.0
20201111,21,SO2,泰州,5.0
20201111,21,SO2_24h,泰州,7.0
20201111,21,NO2,泰州,24.0
20201111,21,NO2_24h,泰州,27.0
20201111,21,O3,泰州,53.0
20201111,21,O3_24h,泰州,123.0
20201111,21,O3_8h,泰州,92.0
20201111,21,O3_8h_24h,泰州,112.0
20201111,21,CO,泰州,0.57
20201111,21,CO_24h,泰州,0.75
20201111,22,AQI,泰州,43.0
20201111,22,PM2.5,泰州,22.0
20201111,22,PM2.5_24h,泰州,37.0
20201111,22,PM10,泰州,43.0
20201111,22,PM10_24h,泰州,70.0
20201111,22,SO2,泰州,5.0
20201111,22,SO2_24h,泰州,7.0
20201111,22,NO2,泰州,23.0
20201111,22,NO2_24h,泰州,27.0
20201111,22,O3,泰州,51.0
20201111,22,O3_24h,泰州,123.0
20201111,22,O3_8h,泰州,83.0
20201111,22,O3_8h_24h,泰州,112.0
20201111,22,CO,泰州,0.57
20201111,22,CO_24h,泰州,0.75
20201111,23,AQI,泰州,36.0
20201111,23,PM2.5,泰州,22.0
20201111,23,PM2.5_24h,泰州,36.0
20201111,23,PM10,泰州,36.0
20201111,23,PM10_24h,泰州,68.0
20201111,23,SO2,泰州,5.0
20201111,23,SO2_24h,泰州,7.0
20201111,23,NO2,泰州,24.0
20201111,23,NO2_24h,泰州,26.0
20201111,23,O3,泰州,47.0
20201111,23,O3_24h,泰州,123.0
20201111,23,O3_8h,泰州,73.0
20201111,23,O3_8h_24h,泰州,112.0
20201111,23,CO,泰州,0.57
20201111,23,CO_24h,泰州,0.75
20201111,0,AQI,淮安,74.0
20201111,0,PM2.5,淮安,49.0
20201111,0,PM2.5_24h,淮安,42.0
20201111,0,PM10,淮安,97.0
20201111,0,PM10_24h,淮安,99.0
20201111,0,SO2,淮安,8.0
20201111,0,SO2_24h,淮安,10.0
20201111,0,NO2,淮安,61.0
20201111,0,NO2_24h,淮安,49.0
20201111,0,O3,淮安,36.0
20201111,0,O3_24h,淮安,108.0
20201111,0,O3_8h,淮安,61.0
20201111,0,O3_8h_24h,淮安,98.0
20201111,0,CO,淮安,0.66
20201111,0,CO_24h,淮安,0.7
20201111,1,AQI,淮安,73.0
20201111,1,PM2.5,淮安,46.0
20201111,1,PM2.5_24h,淮安,42.0
20201111,1,PM10,淮安,96.0
20201111,1,PM10_24h,淮安,98.0
20201111,1,SO2,淮安,8.0
20201111,1,SO2_24h,淮安,10.0
20201111,1,NO2,淮安,51.0
20201111,1,NO2_24h,淮安,47.0
20201111,1,O3,淮安,38.0
20201111,1,O3_24h,淮安,108.0
20201111,1,O3_8h,淮安,38.0
20201111,1,O3_8h_24h,淮安,38.0
20201111,1,CO,淮安,0.66
20201111,1,CO_24h,淮安,0.7
20201111,2,AQI,淮安,69.0
20201111,2,PM2.5,淮安,44.0
20201111,2,PM2.5_24h,淮安,42.0
20201111,2,PM10,淮安,87.0
20201111,2,PM10_24h,淮安,96.0
20201111,2,SO2,淮安,7.0
20201111,2,SO2_24h,淮安,10.0
20201111,2,NO2,淮安,45.0
20201111,2,NO2_24h,淮安,46.0
20201111,2,O3,淮安,40.0
20201111,2,O3_24h,淮安,108.0
20201111,2,O3_8h,淮安,39.0
20201111,2,O3_8h_24h,淮安,40.0
20201111,2,CO,淮安,0.7
20201111,2,CO_24h,淮安,0.68
20201111,3,AQI,淮安,67.0
20201111,3,PM2.5,淮安,47.0
20201111,3,PM2.5_24h,淮安,42.0
20201111,3,PM10,淮安,83.0
20201111,3,PM10_24h,淮安,95.0
20201111,3,SO2,淮安,7.0
20201111,3,SO2_24h,淮安,10.0
20201111,3,NO2,淮安,44.0
20201111,3,NO2_24h,淮安,45.0
20201111,3,O3,淮安,41.0
20201111,3,O3_24h,淮安,108.0
20201111,3,O3_8h,淮安,40.0
20201111,3,O3_8h_24h,淮安,41.0
20201111,3,CO,淮安,0.7
20201111,3,CO_24h,淮安,0.68
20201111,4,AQI,淮安,68.0
20201111,4,PM2.5,淮安,49.0
20201111,4,PM2.5_24h,淮安,42.0
20201111,4,PM10,淮安,82.0
20201111,4,PM10_24h,淮安,94.0
20201111,4,SO2,淮安,7.0
20201111,4,SO2_24h,淮安,10.0
20201111,4,NO2,淮安,44.0
20201111,4,NO2_24h,淮安,44.0
20201111,4,O3,淮安,39.0
20201111,4,O3_24h,淮安,108.0
20201111,4,O3_8h,淮安,40.0
20201111,4,O3_8h_24h,淮安,41.0
20201111,4,CO,淮安,0.7
20201111,4,CO_24h,淮安,0.68
20201111,5,AQI,淮安,69.0
20201111,5,PM2.5,淮安,50.0
20201111,5,PM2.5_24h,淮安,42.0
20201111,5,PM10,淮安,82.0
20201111,5,PM10_24h,淮安,94.0
20201111,5,SO2,淮安,7.0
20201111,5,SO2_24h,淮安,10.0
20201111,5,NO2,淮安,44.0
20201111,5,NO2_24h,淮安,44.0
20201111,5,O3,淮安,39.0
20201111,5,O3_24h,淮安,108.0
20201111,5,O3_8h,淮安,39.0
20201111,5,O3_8h_24h,淮安,41.0
20201111,5,CO,淮安,0.76
20201111,5,CO_24h,淮安,0.7
20201111,6,AQI,淮安,75.0
20201111,6,PM2.5,淮安,55.0
20201111,6,PM2.5_24h,淮安,43.0
20201111,6,PM10,淮安,84.0
20201111,6,PM10_24h,淮安,93.0
20201111,6,SO2,淮安,6.0
20201111,6,SO2_24h,淮安,10.0
20201111,6,NO2,淮安,50.0
20201111,6,NO2_24h,淮安,44.0
20201111,6,O3,淮安,28.0
20201111,6,O3_24h,淮安,108.0
20201111,6,O3_8h,淮安,38.0
20201111,6,O3_8h_24h,淮安,41.0
20201111,6,CO,淮安,0.8
20201111,6,CO_24h,淮安,0.7
20201111,8,AQI,淮安,84.0
20201111,8,PM2.5,淮安,62.0
20201111,8,PM2.5_24h,淮安,43.0
20201111,8,PM10,淮安,92.0
20201111,8,PM10_24h,淮安,91.0
20201111,8,SO2,淮安,8.0
20201111,8,SO2_24h,淮安,10.0
20201111,8,NO2,淮安,59.0
20201111,8,NO2_24h,淮安,44.0
20201111,8,O3,淮安,22.0
20201111,8,O3_24h,淮安,108.0
20201111,8,O3_8h,淮安,33.0
20201111,8,O3_8h_24h,淮安,41.0
20201111,8,CO,淮安,0.94
20201111,8,CO_24h,淮安,0.7
20201111,10,AQI,淮安,75.0
20201111,10,PM2.5,淮安,46.0
20201111,10,PM2.5_24h,淮安,43.0
20201111,10,PM10,淮安,100.0
20201111,10,PM10_24h,淮安,89.0
20201111,10,SO2,淮安,13.0
20201111,10,SO2_24h,淮安,9.0
20201111,10,NO2,淮安,39.0
20201111,10,NO2_24h,淮安,42.0
20201111,10,O3,淮安,65.0
20201111,10,O3_24h,淮安,108.0
20201111,10,O3_8h,淮安,37.0
20201111,10,O3_8h_24h,淮安,41.0
20201111,10,CO,淮安,0.84
20201111,10,CO_24h,淮安,0.7
20201111,11,AQI,淮安,66.0
20201111,11,PM2.5,淮安,38.0
20201111,11,PM2.5_24h,淮安,43.0
20201111,11,PM10,淮安,82.0
20201111,11,PM10_24h,淮安,87.0
20201111,11,SO2,淮安,14.0
20201111,11,SO2_24h,淮安,9.0
20201111,11,NO2,淮安,27.0
20201111,11,NO2_24h,淮安,42.0
20201111,11,O3,淮安,86.0
20201111,11,O3_24h,淮安,108.0
20201111,11,O3_8h,淮安,42.0
20201111,11,O3_8h_24h,淮安,44.0
20201111,11,CO,淮安,0.62
20201111,11,CO_24h,淮安,0.7
20201111,12,AQI,淮安,62.0
20201111,12,PM2.5,淮安,37.0
20201111,12,PM2.5_24h,淮安,43.0
20201111,12,PM10,淮安,73.0
20201111,12,PM10_24h,淮安,86.0
20201111,12,SO2,淮安,12.0
20201111,12,SO2_24h,淮安,9.0
20201111,12,NO2,淮安,21.0
20201111,12,NO2_24h,淮安,43.0
20201111,12,O3,淮安,103.0
20201111,12,O3_24h,淮安,108.0
20201111,12,O3_8h,淮安,49.0
20201111,12,O3_8h_24h,淮安,49.0
20201111,12,CO,淮安,0.58
20201111,12,CO_24h,淮安,0.68
20201111,13,AQI,淮安,59.0
20201111,13,PM2.5,淮安,31.0
20201111,13,PM2.5_24h,淮安,43.0
20201111,13,PM10,淮安,68.0
20201111,13,PM10_24h,淮安,85.0
20201111,13,SO2,淮安,11.0
20201111,13,SO2_24h,淮安,9.0
20201111,13,NO2,淮安,18.0
20201111,13,NO2_24h,淮安,43.0
20201111,13,O3,淮安,108.0
20201111,13,O3_24h,淮安,109.0
20201111,13,O3_8h,淮安,58.0
20201111,13,O3_8h_24h,淮安,58.0
20201111,13,CO,淮安,0.48
20201111,13,CO_24h,淮安,0.7
20201111,14,AQI,淮安,57.0
20201111,14,PM2.5,淮安,28.0
20201111,14,PM2.5_24h,淮安,43.0
20201111,14,PM10,淮安,63.0
20201111,14,PM10_24h,淮安,84.0
20201111,14,SO2,淮安,10.0
20201111,14,SO2_24h,淮安,9.0
20201111,14,NO2,淮安,16.0
20201111,14,NO2_24h,淮安,42.0
20201111,14,O3,淮安,112.0
20201111,14,O3_24h,淮安,112.0
20201111,14,O3_8h,淮安,69.0
20201111,14,O3_8h_24h,淮安,69.0
20201111,14,CO,淮安,0.46
20201111,14,CO_24h,淮安,0.68
20201111,15,AQI,淮安,54.0
20201111,15,PM2.5,淮安,24.0
20201111,15,PM2.5_24h,淮安,43.0
20201111,15,PM10,淮安,57.0
20201111,15,PM10_24h,淮安,83.0
20201111,15,SO2,淮安,9.0
20201111,15,SO2_24h,淮安,9.0
20201111,15,NO2,淮安,17.0
20201111,15,NO2_24h,淮安,42.0
20201111,15,O3,淮安,113.0
20201111,15,O3_24h,淮安,114.0
20201111,15,O3_8h,淮安,81.0
20201111,15,O3_8h_24h,淮安,81.0
20201111,15,CO,淮安,0.46
20201111,15,CO_24h,淮安,0.66
20201111,16,AQI,淮安,54.0
20201111,16,PM2.5,淮安,24.0
20201111,16,PM2.5_24h,淮安,43.0
20201111,16,PM10,淮安,57.0
20201111,16,PM10_24h,淮安,83.0
20201111,16,SO2,淮安,9.0
20201111,16,SO2_24h,淮安,9.0
20201111,16,NO2,淮安,18.0
20201111,16,NO2_24h,淮安,42.0
20201111,16,O3,淮安,113.0
20201111,16,O3_24h,淮安,114.0
20201111,16,O3_8h,淮安,93.0
20201111,16,O3_8h_24h,淮安,93.0
20201111,16,CO,淮安,0.46
20201111,16,CO_24h,淮安,0.66
20201111,17,AQI,淮安,55.0
20201111,17,PM2.5,淮安,28.0
20201111,17,PM2.5_24h,淮安,42.0
20201111,17,PM10,淮安,59.0
20201111,17,PM10_24h,淮安,82.0
20201111,17,SO2,淮安,9.0
20201111,17,SO2_24h,淮安,9.0
20201111,17,NO2,淮安,25.0
20201111,17,NO2_24h,淮安,42.0
20201111,17,O3,淮安,109.0
20201111,17,O3_24h,淮安,114.0
20201111,17,O3_8h,淮安,101.0
20201111,17,O3_8h_24h,淮安,101.0
20201111,17,CO,淮安,0.5
20201111,17,CO_24h,淮安,0.66
20201111,18,AQI,淮安,58.0
20201111,18,PM2.5,淮安,35.0
20201111,18,PM2.5_24h,淮安,42.0
20201111,18,PM10,淮安,66.0
20201111,18,PM10_24h,淮安,81.0
20201111,18,SO2,淮安,9.0
20201111,18,SO2_24h,淮安,9.0
20201111,18,NO2,淮安,40.0
20201111,18,NO2_24h,淮安,42.0
20201111,18,O3,淮安,92.0
20201111,18,O3_24h,淮安,114.0
20201111,18,O3_8h,淮安,105.0
20201111,18,O3_8h_24h,淮安,105.0
20201111,18,CO,淮安,0.56
20201111,18,CO_24h,淮安,0.68
20201111,19,AQI,淮安,68.0
20201111,19,PM2.5,淮安,42.0
20201111,19,PM2.5_24h,淮安,42.0
20201111,19,PM10,淮安,86.0
20201111,19,PM10_24h,淮安,81.0
20201111,19,SO2,淮安,8.0
20201111,19,SO2_24h,淮安,9.0
20201111,19,NO2,淮安,47.0
20201111,19,NO2_24h,淮安,42.0
20201111,19,O3,淮安,85.0
20201111,19,O3_24h,淮安,114.0
20201111,19,O3_8h,淮安,104.0
20201111,19,O3_8h_24h,淮安,105.0
20201111,19,CO,淮安,0.62
20201111,19,CO_24h,淮安,0.68
20201111,20,AQI,淮安,71.0
20201111,20,PM2.5,淮安,44.0
20201111,20,PM2.5_24h,淮安,43.0
20201111,20,PM10,淮安,92.0
20201111,20,PM10_24h,淮安,81.0
20201111,20,SO2,淮安,8.0
20201111,20,SO2_24h,淮安,9.0
20201111,20,NO2,淮安,45.0
20201111,20,NO2_24h,淮安,42.0
20201111,20,O3,淮安,89.0
20201111,20,O3_24h,淮安,114.0
20201111,20,O3_8h,淮安,103.0
20201111,20,O3_8h_24h,淮安,105.0
20201111,20,CO,淮安,0.64
20201111,20,CO_24h,淮安,0.68
20201111,21,AQI,淮安,66.0
20201111,21,PM2.5,淮安,42.0
20201111,21,PM2.5_24h,淮安,43.0
20201111,21,PM10,淮安,82.0
20201111,21,PM10_24h,淮安,81.0
20201111,21,SO2,淮安,8.0
20201111,21,SO2_24h,淮安,9.0
20201111,21,NO2,淮安,45.0
20201111,21,NO2_24h,淮安,42.0
20201111,21,O3,淮安,78.0
20201111,21,O3_24h,淮安,114.0
20201111,21,O3_8h,淮安,99.0
20201111,21,O3_8h_24h,淮安,105.0
20201111,21,CO,淮安,0.62
20201111,21,CO_24h,淮安,0.68
20201111,22,AQI,淮安,63.0
20201111,22,PM2.5,淮安,28.0
20201111,22,PM2.5_24h,淮安,42.0
20201111,22,PM10,淮安,75.0
20201111,22,PM10_24h,淮安,81.0
20201111,22,SO2,淮安,6.0
20201111,22,SO2_24h,淮安,9.0
20201111,22,NO2,淮安,30.0
20201111,22,NO2_24h,淮安,40.0
20201111,22,O3,淮安,64.0
20201111,22,O3_24h,淮安,114.0
20201111,22,O3_8h,淮安,93.0
20201111,22,O3_8h_24h,淮安,105.0
20201111,22,CO,淮安,0.46
20201111,22,CO_24h,淮安,0.66
20201111,23,AQI,淮安,46.0
20201111,23,PM2.5,淮安,19.0
20201111,23,PM2.5_24h,淮安,41.0
20201111,23,PM10,淮安,46.0
20201111,23,PM10_24h,淮安,79.0
20201111,23,SO2,淮安,6.0
20201111,23,SO2_24h,淮安,8.0
20201111,23,NO2,淮安,24.0
20201111,23,NO2_24h,淮安,38.0
20201111,23,O3,淮安,62.0
20201111,23,O3_24h,淮安,114.0
20201111,23,O3_8h,淮安,87.0
20201111,23,O3_8h_24h,淮安,105.0
20201111,23,CO,淮安,0.42
20201111,23,CO_24h,淮安,0.64
20201111,0,AQI,盐城,64.0
20201111,0,PM2.5,盐城,34.0
20201111,0,PM2.5_24h,盐城,31.0
20201111,0,PM10,盐城,77.0
20201111,0,PM10_24h,盐城,78.0
20201111,0,SO2,盐城,3.0
20201111,0,SO2_24h,盐城,5.0
20201111,0,NO2,盐城,36.0
20201111,0,NO2_24h,盐城,37.0
20201111,0,O3,盐城,68.0
20201111,0,O3_24h,盐城,116.0
20201111,0,O3_8h,盐城,75.0
20201111,0,O3_8h_24h,盐城,104.0
20201111,0,CO,盐城,0.5
20201111,0,CO_24h,盐城,0.5
20201111,1,AQI,盐城,64.0
20201111,1,PM2.5,盐城,37.0
20201111,1,PM2.5_24h,盐城,32.0
20201111,1,PM10,盐城,78.0
20201111,1,PM10_24h,盐城,78.0
20201111,1,SO2,盐城,4.0
20201111,1,SO2_24h,盐城,5.0
20201111,1,NO2,盐城,32.0
20201111,1,NO2_24h,盐城,36.0
20201111,1,O3,盐城,64.0
20201111,1,O3_24h,盐城,116.0
20201111,1,O3_8h,盐城,64.0
20201111,1,O3_8h_24h,盐城,64.0
20201111,1,CO,盐城,0.5
20201111,1,CO_24h,盐城,0.5
20201111,2,AQI,盐城,62.0
20201111,2,PM2.5,盐城,43.0
20201111,2,PM2.5_24h,盐城,32.0
20201111,2,PM10,盐城,73.0
20201111,2,PM10_24h,盐城,79.0
20201111,2,SO2,盐城,3.0
20201111,2,SO2_24h,盐城,5.0
20201111,2,NO2,盐城,37.0
20201111,2,NO2_24h,盐城,37.0
20201111,2,O3,盐城,47.0
20201111,2,O3_24h,盐城,116.0
20201111,2,O3_8h,盐城,55.0
20201111,2,O3_8h_24h,盐城,64.0
20201111,2,CO,盐城,0.52
20201111,2,CO_24h,盐城,0.5
20201111,3,AQI,盐城,65.0
20201111,3,PM2.5,盐城,47.0
20201111,3,PM2.5_24h,盐城,33.0
20201111,3,PM10,盐城,73.0
20201111,3,PM10_24h,盐城,79.0
20201111,3,SO2,盐城,3.0
20201111,3,SO2_24h,盐城,5.0
20201111,3,NO2,盐城,41.0
20201111,3,NO2_24h,盐城,37.0
20201111,3,O3,盐城,34.0
20201111,3,O3_24h,盐城,116.0
20201111,3,O3_8h,盐城,48.0
20201111,3,O3_8h_24h,盐城,64.0
20201111,3,CO,盐城,0.55
20201111,3,CO_24h,盐城,0.5
20201111,4,AQI,盐城,66.0
20201111,4,PM2.5,盐城,48.0
20201111,4,PM2.5_24h,盐城,33.0
20201111,4,PM10,盐城,74.0
20201111,4,PM10_24h,盐城,79.0
20201111,4,SO2,盐城,4.0
20201111,4,SO2_24h,盐城,5.0
20201111,4,NO2,盐城,52.0
20201111,4,NO2_24h,盐城,37.0
20201111,4,O3,盐城,20.0
20201111,4,O3_24h,盐城,116.0
20201111,4,O3_8h,盐城,41.0
20201111,4,O3_8h_24h,盐城,64.0
20201111,4,CO,盐城,0.57
20201111,4,CO_24h,盐城,0.5
20201111,5,AQI,盐城,73.0
20201111,5,PM2.5,盐城,53.0
20201111,5,PM2.5_24h,盐城,34.0
20201111,5,PM10,盐城,71.0
20201111,5,PM10_24h,盐城,80.0
20201111,5,SO2,盐城,4.0
20201111,5,SO2_24h,盐城,5.0
20201111,5,NO2,盐城,55.0
20201111,5,NO2_24h,盐城,38.0
20201111,5,O3,盐城,12.0
20201111,5,O3_24h,盐城,116.0
20201111,5,O3_8h,盐城,35.0
20201111,5,O3_8h_24h,盐城,64.0
20201111,5,CO,盐城,0.6
20201111,5,CO_24h,盐城,0.5
20201111,6,AQI,盐城,74.0
20201111,6,PM2.5,盐城,54.0
20201111,6,PM2.5_24h,盐城,35.0
20201111,6,PM10,盐城,75.0
20201111,6,PM10_24h,盐城,80.0
20201111,6,SO2,盐城,4.0
20201111,6,SO2_24h,盐城,5.0
20201111,6,NO2,盐城,56.0
20201111,6,NO2_24h,盐城,38.0
20201111,6,O3,盐城,8.0
20201111,6,O3_24h,盐城,116.0
20201111,6,O3_8h,盐城,31.0
20201111,6,O3_8h_24h,盐城,64.0
20201111,6,CO,盐城,0.6
20201111,6,CO_24h,盐城,0.5
20201111,8,AQI,盐城,78.0
20201111,8,PM2.5,盐城,57.0
20201111,8,PM2.5_24h,盐城,35.0
20201111,8,PM10,盐城,99.0
20201111,8,PM10_24h,盐城,81.0
20201111,8,SO2,盐城,5.0
20201111,8,SO2_24h,盐城,5.0
20201111,8,NO2,盐城,63.0
20201111,8,NO2_24h,盐城,38.0
20201111,8,O3,盐城,11.0
20201111,8,O3_24h,盐城,116.0
20201111,8,O3_8h,盐城,28.0
20201111,8,O3_8h_24h,盐城,64.0
20201111,8,CO,盐城,0.8
20201111,8,CO_24h,盐城,0.5
20201111,10,AQI,盐城,76.0
20201111,10,PM2.5,盐城,38.0
20201111,10,PM2.5_24h,盐城,36.0
20201111,10,PM10,盐城,102.0
20201111,10,PM10_24h,盐城,81.0
20201111,10,SO2,盐城,5.0
20201111,10,SO2_24h,盐城,5.0
20201111,10,NO2,盐城,40.0
20201111,10,NO2_24h,盐城,39.0
20201111,10,O3,盐城,84.0
20201111,10,O3_24h,盐城,116.0
20201111,10,O3_8h,盐城,25.0
20201111,10,O3_8h_24h,盐城,64.0
20201111,10,CO,盐城,0.57
20201111,10,CO_24h,盐城,0.5
20201111,11,AQI,盐城,64.0
20201111,11,PM2.5,盐城,33.0
20201111,11,PM2.5_24h,盐城,36.0
20201111,11,PM10,盐城,78.0
20201111,11,PM10_24h,盐城,80.0
20201111,11,SO2,盐城,6.0
20201111,11,SO2_24h,盐城,4.0
20201111,11,NO2,盐城,18.0
20201111,11,NO2_24h,盐城,39.0
20201111,11,O3,盐城,116.0
20201111,11,O3_24h,盐城,118.0
20201111,11,O3_8h,盐城,36.0
20201111,11,O3_8h_24h,盐城,64.0
20201111,11,CO,盐城,0.52
20201111,11,CO_24h,盐城,0.5
20201111,12,AQI,盐城,57.0
20201111,12,PM2.5,盐城,30.0
20201111,12,PM2.5_24h,盐城,37.0
20201111,12,PM10,盐城,63.0
20201111,12,PM10_24h,盐城,79.0
20201111,12,SO2,盐城,5.0
20201111,12,SO2_24h,盐城,4.0
20201111,12,NO2,盐城,15.0
20201111,12,NO2_24h,盐城,38.0
20201111,12,O3,盐城,120.0
20201111,12,O3_24h,盐城,120.0
20201111,12,O3_8h,盐城,48.0
20201111,12,O3_8h_24h,盐城,64.0
20201111,12,CO,盐城,0.5
20201111,12,CO_24h,盐城,0.5
20201111,13,AQI,盐城,55.0
20201111,13,PM2.5,盐城,30.0
20201111,13,PM2.5_24h,盐城,37.0
20201111,13,PM10,盐城,59.0
20201111,13,PM10_24h,盐城,77.0
20201111,13,SO2,盐城,5.0
20201111,13,SO2_24h,盐城,4.0
20201111,13,NO2,盐城,14.0
20201111,13,NO2_24h,盐城,38.0
20201111,13,O3,盐城,121.0
20201111,13,O3_24h,盐城,122.0
20201111,13,O3_8h,盐城,62.0
20201111,13,O3_8h_24h,盐城,66.0
20201111,13,CO,盐城,0.53
20201111,13,CO_24h,盐城,0.5
20201111,14,AQI,盐城,54.0
20201111,14,PM2.5,盐城,38.0
20201111,14,PM2.5_24h,盐城,38.0
20201111,14,PM10,盐城,56.0
20201111,14,PM10_24h,盐城,76.0
20201111,14,SO2,盐城,4.0
20201111,14,SO2_24h,盐城,4.0
20201111,14,NO2,盐城,13.0
20201111,14,NO2_24h,盐城,38.0
20201111,14,O3,盐城,131.0
20201111,14,O3_24h,盐城,131.0
20201111,14,O3_8h,盐城,77.0
20201111,14,O3_8h_24h,盐城,77.0
20201111,14,CO,盐城,0.47
20201111,14,CO_24h,盐城,0.5
20201111,15,AQI,盐城,51.0
20201111,15,PM2.5,盐城,25.0
20201111,15,PM2.5_24h,盐城,38.0
20201111,15,PM10,盐城,52.0
20201111,15,PM10_24h,盐城,76.0
20201111,15,SO2,盐城,5.0
20201111,15,SO2_24h,盐城,4.0
20201111,15,NO2,盐城,15.0
20201111,15,NO2_24h,盐城,38.0
20201111,15,O3,盐城,147.0
20201111,15,O3_24h,盐城,147.0
20201111,15,O3_8h,盐城,95.0
20201111,15,O3_8h_24h,盐城,95.0
20201111,15,CO,盐城,0.47
20201111,15,CO_24h,盐城,0.5
20201111,16,AQI,盐城,51.0
20201111,16,PM2.5,盐城,23.0
20201111,16,PM2.5_24h,盐城,38.0
20201111,16,PM10,盐城,52.0
20201111,16,PM10_24h,盐城,76.0
20201111,16,SO2,盐城,5.0
20201111,16,SO2_24h,盐城,4.0
20201111,16,NO2,盐城,18.0
20201111,16,NO2_24h,盐城,38.0
20201111,16,O3,盐城,122.0
20201111,16,O3_24h,盐城,147.0
20201111,16,O3_8h,盐城,108.0
20201111,16,O3_8h_24h,盐城,108.0
20201111,16,CO,盐城,0.5
20201111,16,CO_24h,盐城,0.52
20201111,17,AQI,盐城,51.0
20201111,17,PM2.5,盐城,16.0
20201111,17,PM2.5_24h,盐城,38.0
20201111,17,PM10,盐城,51.0
20201111,17,PM10_24h,盐城,76.0
20201111,17,SO2,盐城,4.0
20201111,17,SO2_24h,盐城,4.0
20201111,17,NO2,盐城,19.0
20201111,17,NO2_24h,盐城,38.0
20201111,17,O3,盐城,102.0
20201111,17,O3_24h,盐城,147.0
20201111,17,O3_8h,盐城,119.0
20201111,17,O3_8h_24h,盐城,119.0
20201111,17,CO,盐城,0.45
20201111,17,CO_24h,盐城,0.55
20201111,18,AQI,盐城,43.0
20201111,18,PM2.5,盐城,16.0
20201111,18,PM2.5_24h,盐城,37.0
20201111,18,PM10,盐城,43.0
20201111,18,PM10_24h,盐城,75.0
20201111,18,SO2,盐城,3.0
20201111,18,SO2_24h,盐城,4.0
20201111,18,NO2,盐城,27.0
20201111,18,NO2_24h,盐城,38.0
20201111,18,O3,盐城,77.0
20201111,18,O3_24h,盐城,147.0
20201111,18,O3_8h,盐城,118.0
20201111,18,O3_8h_24h,盐城,119.0
20201111,18,CO,盐城,0.42
20201111,18,CO_24h,盐城,0.55
20201111,19,AQI,盐城,37.0
20201111,19,PM2.5,盐城,18.0
20201111,19,PM2.5_24h,盐城,36.0
20201111,19,PM10,盐城,37.0
20201111,19,PM10_24h,盐城,73.0
20201111,19,SO2,盐城,3.0
20201111,19,SO2_24h,盐城,4.0
20201111,19,NO2,盐城,29.0
20201111,19,NO2_24h,盐城,37.0
20201111,19,O3,盐城,69.0
20201111,19,O3_24h,盐城,147.0
20201111,19,O3_8h,盐城,112.0
20201111,19,O3_8h_24h,盐城,119.0
20201111,19,CO,盐城,0.38
20201111,19,CO_24h,盐城,0.53
20201111,20,AQI,盐城,34.0
20201111,20,PM2.5,盐城,16.0
20201111,20,PM2.5_24h,盐城,36.0
20201111,20,PM10,盐城,34.0
20201111,20,PM10_24h,盐城,71.0
20201111,20,SO2,盐城,3.0
20201111,20,SO2_24h,盐城,4.0
20201111,20,NO2,盐城,29.0
20201111,20,NO2_24h,盐城,37.0
20201111,20,O3,盐城,66.0
20201111,20,O3_24h,盐城,147.0
20201111,20,O3_8h,盐城,104.0
20201111,20,O3_8h_24h,盐城,119.0
20201111,20,CO,盐城,0.4
20201111,20,CO_24h,盐城,0.53
20201111,21,AQI,盐城,30.0
20201111,21,PM2.5,盐城,15.0
20201111,21,PM2.5_24h,盐城,35.0
20201111,21,PM10,盐城,30.0
20201111,21,PM10_24h,盐城,69.0
20201111,21,SO2,盐城,3.0
20201111,21,SO2_24h,盐城,4.0
20201111,21,NO2,盐城,31.0
20201111,21,NO2_24h,盐城,36.0
20201111,21,O3,盐城,61.0
20201111,21,O3_24h,盐城,147.0
20201111,21,O3_8h,盐城,96.0
20201111,21,O3_8h_24h,盐城,119.0
20201111,21,CO,盐城,0.35
20201111,21,CO_24h,盐城,0.53
20201111,22,AQI,盐城,28.0
20201111,22,PM2.5,盐城,13.0
20201111,22,PM2.5_24h,盐城,35.0
20201111,22,PM10,盐城,28.0
20201111,22,PM10_24h,盐城,66.0
20201111,22,SO2,盐城,3.0
20201111,22,SO2_24h,盐城,4.0
20201111,22,NO2,盐城,31.0
20201111,22,NO2_24h,盐城,36.0
20201111,22,O3,盐城,59.0
20201111,22,O3_24h,盐城,147.0
20201111,22,O3_8h,盐城,86.0
20201111,22,O3_8h_24h,盐城,119.0
20201111,22,CO,盐城,0.3
20201111,22,CO_24h,盐城,0.5
20201111,23,AQI,盐城,25.0
20201111,23,PM2.5,盐城,13.0
20201111,23,PM2.5_24h,盐城,34.0
20201111,23,PM10,盐城,25.0
20201111,23,PM10_24h,盐城,64.0
20201111,23,SO2,盐城,3.0
20201111,23,SO2_24h,盐城,4.0
20201111,23,NO2,盐城,26.0
20201111,23,NO2_24h,盐城,35.0
20201111,23,O3,盐城,65.0
20201111,23,O3_24h,盐城,147.0
20201111,23,O3_8h,盐城,75.0
20201111,23,O3_8h_24h,盐城,119.0
20201111,23,CO,盐城,0.3
20201111,23,CO_24h,盐城,0.5
20201111,0,AQI,宿迁,104.0
20201111,0,PM2.5,宿迁,78.0
20201111,0,PM2.5_24h,宿迁,63.0
20201111,0,PM10,宿迁,123.0
20201111,0,PM10_24h,宿迁,123.0
20201111,0,SO2,宿迁,10.0
20201111,0,SO2_24h,宿迁,11.0
20201111,0,NO2,宿迁,89.0
20201111,0,NO2_24h,宿迁,60.0
20201111,0,O3,宿迁,21.0
20201111,0,O3_24h,宿迁,115.0
20201111,0,O3_8h,宿迁,45.0
20201111,0,O3_8h_24h,宿迁,95.0
20201111,0,CO,宿迁,0.88
20201111,0,CO_24h,宿迁,0.83
20201111,1,AQI,宿迁,104.0
20201111,1,PM2.5,宿迁,78.0
20201111,1,PM2.5_24h,宿迁,64.0
20201111,1,PM10,宿迁,126.0
20201111,1,PM10_24h,宿迁,122.0
20201111,1,SO2,宿迁,9.0
20201111,1,SO2_24h,宿迁,11.0
20201111,1,NO2,宿迁,74.0
20201111,1,NO2_24h,宿迁,60.0
20201111,1,O3,宿迁,26.0
20201111,1,O3_24h,宿迁,115.0
20201111,1,O3_8h,宿迁,26.0
20201111,1,O3_8h_24h,宿迁,26.0
20201111,1,CO,宿迁,0.8
20201111,1,CO_24h,宿迁,0.8
20201111,2,AQI,宿迁,114.0
20201111,2,PM2.5,宿迁,86.0
20201111,2,PM2.5_24h,宿迁,66.0
20201111,2,PM10,宿迁,131.0
20201111,2,PM10_24h,宿迁,122.0
20201111,2,SO2,宿迁,8.0
20201111,2,SO2_24h,宿迁,11.0
20201111,2,NO2,宿迁,68.0
20201111,2,NO2_24h,宿迁,60.0
20201111,2,O3,宿迁,22.0
20201111,2,O3_24h,宿迁,115.0
20201111,2,O3_8h,宿迁,24.0
20201111,2,O3_8h_24h,宿迁,26.0
20201111,2,CO,宿迁,0.78
20201111,2,CO_24h,宿迁,0.8
20201111,3,AQI,宿迁,118.0
20201111,3,PM2.5,宿迁,89.0
20201111,3,PM2.5_24h,宿迁,66.0
20201111,3,PM10,宿迁,124.0
20201111,3,PM10_24h,宿迁,121.0
20201111,3,SO2,宿迁,9.0
20201111,3,SO2_24h,宿迁,10.0
20201111,3,NO2,宿迁,69.0
20201111,3,NO2_24h,宿迁,60.0
20201111,3,O3,宿迁,21.0
20201111,3,O3_24h,宿迁,115.0
20201111,3,O3_8h,宿迁,23.0
20201111,3,O3_8h_24h,宿迁,26.0
20201111,3,CO,宿迁,0.7
20201111,3,CO_24h,宿迁,0.8
20201111,4,AQI,宿迁,113.0
20201111,4,PM2.5,宿迁,85.0
20201111,4,PM2.5_24h,宿迁,67.0
20201111,4,PM10,宿迁,126.0
20201111,4,PM10_24h,宿迁,120.0
20201111,4,SO2,宿迁,10.0
20201111,4,SO2_24h,宿迁,10.0
20201111,4,NO2,宿迁,72.0
20201111,4,NO2_24h,宿迁,60.0
20201111,4,O3,宿迁,17.0
20201111,4,O3_24h,宿迁,115.0
20201111,4,O3_8h,宿迁,22.0
20201111,4,O3_8h_24h,宿迁,26.0
20201111,4,CO,宿迁,0.72
20201111,4,CO_24h,宿迁,0.8
20201111,5,AQI,宿迁,114.0
20201111,5,PM2.5,宿迁,86.0
20201111,5,PM2.5_24h,宿迁,68.0
20201111,5,PM10,宿迁,114.0
20201111,5,PM10_24h,宿迁,120.0
20201111,5,SO2,宿迁,13.0
20201111,5,SO2_24h,宿迁,10.0
20201111,5,NO2,宿迁,74.0
20201111,5,NO2_24h,宿迁,61.0
20201111,5,O3,宿迁,14.0
20201111,5,O3_24h,宿迁,115.0
20201111,5,O3_8h,宿迁,20.0
20201111,5,O3_8h_24h,宿迁,26.0
20201111,5,CO,宿迁,0.83
20201111,5,CO_24h,宿迁,0.8
20201111,6,AQI,宿迁,111.0
20201111,6,PM2.5,宿迁,84.0
20201111,6,PM2.5_24h,宿迁,69.0
20201111,6,PM10,宿迁,111.0
20201111,6,PM10_24h,宿迁,119.0
20201111,6,SO2,宿迁,14.0
20201111,6,SO2_24h,宿迁,11.0
20201111,6,NO2,宿迁,75.0
20201111,6,NO2_24h,宿迁,61.0
20201111,6,O3,宿迁,14.0
20201111,6,O3_24h,宿迁,115.0
20201111,6,O3_8h,宿迁,19.0
20201111,6,O3_8h_24h,宿迁,26.0
20201111,6,CO,宿迁,0.88
20201111,6,CO_24h,宿迁,0.78
20201111,8,AQI,宿迁,113.0
20201111,8,PM2.5,宿迁,85.0
20201111,8,PM2.5_24h,宿迁,69.0
20201111,8,PM10,宿迁,112.0
20201111,8,PM10_24h,宿迁,117.0
20201111,8,SO2,宿迁,15.0
20201111,8,SO2_24h,宿迁,11.0
20201111,8,NO2,宿迁,73.0
20201111,8,NO2_24h,宿迁,62.0
20201111,8,O3,宿迁,12.0
20201111,8,O3_24h,宿迁,115.0
20201111,8,O3_8h,宿迁,18.0
20201111,8,O3_8h_24h,宿迁,26.0
20201111,8,CO,宿迁,1.03
20201111,8,CO_24h,宿迁,0.78
20201111,10,AQI,宿迁,115.0
20201111,10,PM2.5,宿迁,87.0
20201111,10,PM2.5_24h,宿迁,69.0
20201111,10,PM10,宿迁,128.0
20201111,10,PM10_24h,宿迁,114.0
20201111,10,SO2,宿迁,18.0
20201111,10,SO2_24h,宿迁,11.0
20201111,10,NO2,宿迁,65.0
20201111,10,NO2_24h,宿迁,62.0
20201111,10,O3,宿迁,36.0
20201111,10,O3_24h,宿迁,115.0
20201111,10,O3_8h,宿迁,18.0
20201111,10,O3_8h_24h,宿迁,26.0
20201111,10,CO,宿迁,0.95
20201111,10,CO_24h,宿迁,0.8
20201111,11,AQI,宿迁,93.0
20201111,11,PM2.5,宿迁,69.0
20201111,11,PM2.5_24h,宿迁,69.0
20201111,11,PM10,宿迁,103.0
20201111,11,PM10_24h,宿迁,112.0
20201111,11,SO2,宿迁,16.0
20201111,11,SO2_24h,宿迁,11.0
20201111,11,NO2,宿迁,45.0
20201111,11,NO2_24h,宿迁,62.0
20201111,11,O3,宿迁,71.0
20201111,11,O3_24h,宿迁,115.0
20201111,11,O3_8h,宿迁,25.0
20201111,11,O3_8h_24h,宿迁,27.0
20201111,11,CO,宿迁,0.9
20201111,11,CO_24h,宿迁,0.8
20201111,12,AQI,宿迁,60.0
20201111,12,PM2.5,宿迁,43.0
20201111,12,PM2.5_24h,宿迁,68.0
20201111,12,PM10,宿迁,67.0
20201111,12,PM10_24h,宿迁,111.0
20201111,12,SO2,宿迁,11.0
20201111,12,SO2_24h,宿迁,11.0
20201111,12,NO2,宿迁,22.0
20201111,12,NO2_24h,宿迁,62.0
20201111,12,O3,宿迁,106.0
20201111,12,O3_24h,宿迁,115.0
20201111,12,O3_8h,宿迁,36.0
20201111,12,O3_8h_24h,宿迁,36.0
20201111,12,CO,宿迁,0.7
20201111,12,CO_24h,宿迁,0.8
20201111,13,AQI,宿迁,65.0
20201111,13,PM2.5,宿迁,33.0
20201111,13,PM2.5_24h,宿迁,68.0
20201111,13,PM10,宿迁,79.0
20201111,13,PM10_24h,宿迁,110.0
20201111,13,SO2,宿迁,9.0
20201111,13,SO2_24h,宿迁,11.0
20201111,13,NO2,宿迁,19.0
20201111,13,NO2_24h,宿迁,63.0
20201111,13,O3,宿迁,115.0
20201111,13,O3_24h,宿迁,115.0
20201111,13,O3_8h,宿迁,48.0
20201111,13,O3_8h_24h,宿迁,48.0
20201111,13,CO,宿迁,0.63
20201111,13,CO_24h,宿迁,0.8
20201111,14,AQI,宿迁,64.0
20201111,14,PM2.5,宿迁,34.0
20201111,14,PM2.5_24h,宿迁,68.0
20201111,14,PM10,宿迁,77.0
20201111,14,PM10_24h,宿迁,110.0
20201111,14,SO2,宿迁,9.0
20201111,14,SO2_24h,宿迁,11.0
20201111,14,NO2,宿迁,20.0
20201111,14,NO2_24h,宿迁,63.0
20201111,14,O3,宿迁,117.0
20201111,14,O3_24h,宿迁,118.0
20201111,14,O3_8h,宿迁,59.0
20201111,14,O3_8h_24h,宿迁,59.0
20201111,14,CO,宿迁,0.6
20201111,14,CO_24h,宿迁,0.8
20201111,15,AQI,宿迁,61.0
20201111,15,PM2.5,宿迁,39.0
20201111,15,PM2.5_24h,宿迁,68.0
20201111,15,PM10,宿迁,72.0
20201111,15,PM10_24h,宿迁,110.0
20201111,15,SO2,宿迁,10.0
20201111,15,SO2_24h,宿迁,11.0
20201111,15,NO2,宿迁,20.0
20201111,15,NO2_24h,宿迁,63.0
20201111,15,O3,宿迁,117.0
20201111,15,O3_24h,宿迁,118.0
20201111,15,O3_8h,宿迁,71.0
20201111,15,O3_8h_24h,宿迁,71.0
20201111,15,CO,宿迁,0.53
20201111,15,CO_24h,宿迁,0.8
20201111,16,AQI,宿迁,63.0
20201111,16,PM2.5,宿迁,39.0
20201111,16,PM2.5_24h,宿迁,68.0
20201111,16,PM10,宿迁,75.0
20201111,16,PM10_24h,宿迁,109.0
20201111,16,SO2,宿迁,9.0
20201111,16,SO2_24h,宿迁,11.0
20201111,16,NO2,宿迁,22.0
20201111,16,NO2_24h,宿迁,63.0
20201111,16,O3,宿迁,114.0
20201111,16,O3_24h,宿迁,118.0
20201111,16,O3_8h,宿迁,85.0
20201111,16,O3_8h_24h,宿迁,85.0
20201111,16,CO,宿迁,0.55
20201111,16,CO_24h,宿迁,0.8
20201111,17,AQI,宿迁,60.0
20201111,17,PM2.5,宿迁,42.0
20201111,17,PM2.5_24h,宿迁,68.0
20201111,17,PM10,宿迁,69.0
20201111,17,PM10_24h,宿迁,108.0
20201111,17,SO2,宿迁,9.0
20201111,17,SO2_24h,宿迁,11.0
20201111,17,NO2,宿迁,34.0
20201111,17,NO2_24h,宿迁,63.0
20201111,17,O3,宿迁,99.0
20201111,17,O3_24h,宿迁,118.0
20201111,17,O3_8h,宿迁,95.0
20201111,17,O3_8h_24h,宿迁,95.0
20201111,17,CO,宿迁,0.63
20201111,17,CO_24h,宿迁,0.8
20201111,18,AQI,宿迁,70.0
20201111,18,PM2.5,宿迁,51.0
20201111,18,PM2.5_24h,宿迁,68.0
20201111,18,PM10,宿迁,81.0
20201111,18,PM10_24h,宿迁,108.0
20201111,18,SO2,宿迁,8.0
20201111,18,SO2_24h,宿迁,11.0
20201111,18,NO2,宿迁,58.0
20201111,18,NO2_24h,宿迁,63.0
20201111,18,O3,宿迁,68.0
20201111,18,O3_24h,宿迁,118.0
20201111,18,O3_8h,宿迁,100.0
20201111,18,O3_8h_24h,宿迁,100.0
20201111,18,CO,宿迁,0.7
20201111,18,CO_24h,宿迁,0.77
20201111,19,AQI,宿迁,75.0
20201111,19,PM2.5,宿迁,55.0
20201111,19,PM2.5_24h,宿迁,68.0
20201111,19,PM10,宿迁,88.0
20201111,19,PM10_24h,宿迁,106.0
20201111,19,SO2,宿迁,9.0
20201111,19,SO2_24h,宿迁,11.0
20201111,19,NO2,宿迁,63.0
20201111,19,NO2_24h,宿迁,61.0
20201111,19,O3,宿迁,61.0
20201111,19,O3_24h,宿迁,118.0
20201111,19,O3_8h,宿迁,98.0
20201111,19,O3_8h_24h,宿迁,100.0
20201111,19,CO,宿迁,0.7
20201111,19,CO_24h,宿迁,0.77
20201111,20,AQI,宿迁,76.0
20201111,20,PM2.5,宿迁,56.0
20201111,20,PM2.5_24h,宿迁,67.0
20201111,20,PM10,宿迁,87.0
20201111,20,PM10_24h,宿迁,104.0
20201111,20,SO2,宿迁,8.0
20201111,20,SO2_24h,宿迁,11.0
20201111,20,NO2,宿迁,81.0
20201111,20,NO2_24h,宿迁,60.0
20201111,20,O3,宿迁,44.0
20201111,20,O3_24h,宿迁,118.0
20201111,20,O3_8h,宿迁,89.0
20201111,20,O3_8h_24h,宿迁,100.0
20201111,20,CO,宿迁,0.7
20201111,20,CO_24h,宿迁,0.77
20201111,21,AQI,宿迁,80.0
20201111,21,PM2.5,宿迁,59.0
20201111,21,PM2.5_24h,宿迁,67.0
20201111,21,PM10,宿迁,94.0
20201111,21,PM10_24h,宿迁,103.0
20201111,21,SO2,宿迁,10.0
20201111,21,SO2_24h,宿迁,11.0
20201111,21,NO2,宿迁,77.0
20201111,21,NO2_24h,宿迁,60.0
20201111,21,O3,宿迁,43.0
20201111,21,O3_24h,宿迁,118.0
20201111,21,O3_8h,宿迁,80.0
20201111,21,O3_8h_24h,宿迁,100.0
20201111,21,CO,宿迁,0.7
20201111,21,CO_24h,宿迁,0.77
20201111,22,AQI,宿迁,81.0
20201111,22,PM2.5,宿迁,60.0
20201111,22,PM2.5_24h,宿迁,66.0
20201111,22,PM10,宿迁,93.0
20201111,22,PM10_24h,宿迁,102.0
20201111,22,SO2,宿迁,11.0
20201111,22,SO2_24h,宿迁,11.0
20201111,22,NO2,宿迁,67.0
20201111,22,NO2_24h,宿迁,59.0
20201111,22,O3,宿迁,52.0
20201111,22,O3_24h,宿迁,118.0
20201111,22,O3_8h,宿迁,73.0
20201111,22,O3_8h_24h,宿迁,100.0
20201111,22,CO,宿迁,0.7
20201111,22,CO_24h,宿迁,0.77
20201111,23,AQI,宿迁,84.0
20201111,23,PM2.5,宿迁,62.0
20201111,23,PM2.5_24h,宿迁,66.0
20201111,23,PM10,宿迁,86.0
20201111,23,PM10_24h,宿迁,101.0
20201111,23,SO2,宿迁,11.0
20201111,23,SO2_24h,宿迁,11.0
20201111,23,NO2,宿迁,67.0
20201111,23,NO2_24h,宿迁,59.0
20201111,23,O3,宿迁,52.0
20201111,23,O3_24h,宿迁,118.0
20201111,23,O3_8h,宿迁,66.0
20201111,23,O3_8h_24h,宿迁,100.0
20201111,23,CO,宿迁,0.72
20201111,23,CO_24h,宿迁,0.77
20201111,0,AQI,杭州,63.0
20201111,0,PM2.5,杭州,28.0
20201111,0,PM2.5_24h,杭州,37.0
20201111,0,PM10,杭州,75.0
20201111,0,PM10_24h,杭州,97.0
20201111,0,SO2,杭州,8.0
20201111,0,SO2_24h,杭州,8.0
20201111,0,NO2,杭州,77.0
20201111,0,NO2_24h,杭州,60.0
20201111,0,O3,杭州,5.0
20201111,0,O3_24h,杭州,138.0
20201111,0,O3_8h,杭州,44.0
20201111,0,O3_8h_24h,杭州,111.0
20201111,0,CO,杭州,0.72
20201111,0,CO_24h,杭州,0.71
20201111,1,AQI,杭州,63.0
20201111,1,PM2.5,杭州,29.0
20201111,1,PM2.5_24h,杭州,37.0
20201111,1,PM10,杭州,76.0
20201111,1,PM10_24h,杭州,96.0
20201111,1,SO2,杭州,8.0
20201111,1,SO2_24h,杭州,8.0
20201111,1,NO2,杭州,75.0
20201111,1,NO2_24h,杭州,61.0
20201111,1,O3,杭州,4.0
20201111,1,O3_24h,杭州,138.0
20201111,1,O3_8h,杭州,4.0
20201111,1,O3_8h_24h,杭州,4.0
20201111,1,CO,杭州,0.73
20201111,1,CO_24h,杭州,0.71
20201111,2,AQI,杭州,65.0
20201111,2,PM2.5,杭州,32.0
20201111,2,PM2.5_24h,杭州,36.0
20201111,2,PM10,杭州,79.0
20201111,2,PM10_24h,杭州,95.0
20201111,2,SO2,杭州,8.0
20201111,2,SO2_24h,杭州,8.0
20201111,2,NO2,杭州,72.0
20201111,2,NO2_24h,杭州,61.0
20201111,2,O3,杭州,4.0
20201111,2,O3_24h,杭州,138.0
20201111,2,O3_8h,杭州,4.0
20201111,2,O3_8h_24h,杭州,4.0
20201111,2,CO,杭州,0.74
20201111,2,CO_24h,杭州,0.71
20201111,3,AQI,杭州,65.0
20201111,3,PM2.5,杭州,34.0
20201111,3,PM2.5_24h,杭州,37.0
20201111,3,PM10,杭州,80.0
20201111,3,PM10_24h,杭州,95.0
20201111,3,SO2,杭州,8.0
20201111,3,SO2_24h,杭州,8.0
20201111,3,NO2,杭州,72.0
20201111,3,NO2_24h,杭州,61.0
20201111,3,O3,杭州,4.0
20201111,3,O3_24h,杭州,138.0
20201111,3,O3_8h,杭州,4.0
20201111,3,O3_8h_24h,杭州,4.0
20201111,3,CO,杭州,0.75
20201111,3,CO_24h,杭州,0.71
20201111,4,AQI,杭州,66.0
20201111,4,PM2.5,杭州,36.0
20201111,4,PM2.5_24h,杭州,37.0
20201111,4,PM10,杭州,81.0
20201111,4,PM10_24h,杭州,94.0
20201111,4,SO2,杭州,8.0
20201111,4,SO2_24h,杭州,8.0
20201111,4,NO2,杭州,68.0
20201111,4,NO2_24h,杭州,61.0
20201111,4,O3,杭州,4.0
20201111,4,O3_24h,杭州,138.0
20201111,4,O3_8h,杭州,4.0
20201111,4,O3_8h_24h,杭州,4.0
20201111,4,CO,杭州,0.79
20201111,4,CO_24h,杭州,0.71
20201111,5,AQI,杭州,67.0
20201111,5,PM2.5,杭州,39.0
20201111,5,PM2.5_24h,杭州,37.0
20201111,5,PM10,杭州,84.0
20201111,5,PM10_24h,杭州,93.0
20201111,5,SO2,杭州,7.0
20201111,5,SO2_24h,杭州,8.0
20201111,5,NO2,杭州,66.0
20201111,5,NO2_24h,杭州,61.0
20201111,5,O3,杭州,3.0
20201111,5,O3_24h,杭州,138.0
20201111,5,O3_8h,杭州,4.0
20201111,5,O3_8h_24h,杭州,4.0
20201111,5,CO,杭州,0.8
20201111,5,CO_24h,杭州,0.71
20201111,6,AQI,杭州,68.0
20201111,6,PM2.5,杭州,39.0
20201111,6,PM2.5_24h,杭州,37.0
20201111,6,PM10,杭州,85.0
20201111,6,PM10_24h,杭州,93.0
20201111,6,SO2,杭州,7.0
20201111,6,SO2_24h,杭州,8.0
20201111,6,NO2,杭州,64.0
20201111,6,NO2_24h,杭州,61.0
20201111,6,O3,杭州,3.0
20201111,6,O3_24h,杭州,138.0
20201111,6,O3_8h,杭州,4.0
20201111,6,O3_8h_24h,杭州,5.0
20201111,6,CO,杭州,0.78
20201111,6,CO_24h,杭州,0.71
20201111,8,AQI,杭州,71.0
20201111,8,PM2.5,杭州,42.0
20201111,8,PM2.5_24h,杭州,37.0
20201111,8,PM10,杭州,92.0
20201111,8,PM10_24h,杭州,91.0
20201111,8,SO2,杭州,8.0
20201111,8,SO2_24h,杭州,8.0
20201111,8,NO2,杭州,62.0
20201111,8,NO2_24h,杭州,61.0
20201111,8,O3,杭州,6.0
20201111,8,O3_24h,杭州,138.0
20201111,8,O3_8h,杭州,4.0
20201111,8,O3_8h_24h,杭州,5.0
20201111,8,CO,杭州,0.9
20201111,8,CO_24h,杭州,0.75
20201111,10,AQI,杭州,74.0
20201111,10,PM2.5,杭州,44.0
20201111,10,PM2.5_24h,杭州,37.0
20201111,10,PM10,杭州,97.0
20201111,10,PM10_24h,杭州,89.0
20201111,10,SO2,杭州,11.0
20201111,10,SO2_24h,杭州,8.0
20201111,10,NO2,杭州,73.0
20201111,10,NO2_24h,杭州,61.0
20201111,10,O3,杭州,28.0
20201111,10,O3_24h,杭州,138.0
20201111,10,O3_8h,杭州,8.0
20201111,10,O3_8h_24h,杭州,8.0
20201111,10,CO,杭州,0.83
20201111,10,CO_24h,杭州,0.75
20201111,11,AQI,杭州,58.0
20201111,11,PM2.5,杭州,29.0
20201111,11,PM2.5_24h,杭州,36.0
20201111,11,PM10,杭州,65.0
20201111,11,PM10_24h,杭州,87.0
20201111,11,SO2,杭州,10.0
20201111,11,SO2_24h,杭州,8.0
20201111,11,NO2,杭州,56.0
20201111,11,NO2_24h,杭州,61.0
20201111,11,O3,杭州,55.0
20201111,11,O3_24h,杭州,138.0
20201111,11,O3_8h,杭州,14.0
20201111,11,O3_8h_24h,杭州,14.0
20201111,11,CO,杭州,0.66
20201111,11,CO_24h,杭州,0.73
20201111,12,AQI,杭州,57.0
20201111,12,PM2.5,杭州,30.0
20201111,12,PM2.5_24h,杭州,35.0
20201111,12,PM10,杭州,64.0
20201111,12,PM10_24h,杭州,85.0
20201111,12,SO2,杭州,11.0
20201111,12,SO2_24h,杭州,8.0
20201111,12,NO2,杭州,48.0
20201111,12,NO2_24h,杭州,61.0
20201111,12,O3,杭州,71.0
20201111,12,O3_24h,杭州,138.0
20201111,12,O3_8h,杭州,23.0
20201111,12,O3_8h_24h,杭州,23.0
20201111,12,CO,杭州,0.62
20201111,12,CO_24h,杭州,0.73
20201111,13,AQI,杭州,53.0
20201111,13,PM2.5,杭州,26.0
20201111,13,PM2.5_24h,杭州,34.0
20201111,13,PM10,杭州,55.0
20201111,13,PM10_24h,杭州,82.0
20201111,13,SO2,杭州,9.0
20201111,13,SO2_24h,杭州,8.0
20201111,13,NO2,杭州,32.0
20201111,13,NO2_24h,杭州,61.0
20201111,13,O3,杭州,99.0
20201111,13,O3_24h,杭州,138.0
20201111,13,O3_8h,杭州,33.0
20201111,13,O3_8h_24h,杭州,33.0
20201111,13,CO,杭州,0.59
20201111,13,CO_24h,杭州,0.72
20201111,14,AQI,杭州,47.0
20201111,14,PM2.5,杭州,22.0
20201111,14,PM2.5_24h,杭州,33.0
20201111,14,PM10,杭州,47.0
20201111,14,PM10_24h,杭州,80.0
20201111,14,SO2,杭州,9.0
20201111,14,SO2_24h,杭州,8.0
20201111,14,NO2,杭州,24.0
20201111,14,NO2_24h,杭州,61.0
20201111,14,O3,杭州,110.0
20201111,14,O3_24h,杭州,138.0
20201111,14,O3_8h,杭州,45.0
20201111,14,O3_8h_24h,杭州,45.0
20201111,14,CO,杭州,0.5
20201111,14,CO_24h,杭州,0.72
20201111,15,AQI,杭州,52.0
20201111,15,PM2.5,杭州,24.0
20201111,15,PM2.5_24h,杭州,32.0
20201111,15,PM10,杭州,53.0
20201111,15,PM10_24h,杭州,78.0
20201111,15,SO2,杭州,8.0
20201111,15,SO2_24h,杭州,8.0
20201111,15,NO2,杭州,25.0
20201111,15,NO2_24h,杭州,61.0
20201111,15,O3,杭州,115.0
20201111,15,O3_24h,杭州,137.0
20201111,15,O3_8h,杭州,59.0
20201111,15,O3_8h_24h,杭州,59.0
20201111,15,CO,杭州,0.56
20201111,15,CO_24h,杭州,0.72
20201111,16,AQI,杭州,57.0
20201111,16,PM2.5,杭州,29.0
20201111,16,PM2.5_24h,杭州,32.0
20201111,16,PM10,杭州,64.0
20201111,16,PM10_24h,杭州,77.0
20201111,16,SO2,杭州,8.0
20201111,16,SO2_24h,杭州,8.0
20201111,16,NO2,杭州,28.0
20201111,16,NO2_24h,杭州,61.0
20201111,16,O3,杭州,123.0
20201111,16,O3_24h,杭州,129.0
20201111,16,O3_8h,杭州,75.0
20201111,16,O3_8h_24h,杭州,75.0
20201111,16,CO,杭州,0.56
20201111,16,CO_24h,杭州,0.72
20201111,17,AQI,杭州,59.0
20201111,17,PM2.5,杭州,27.0
20201111,17,PM2.5_24h,杭州,32.0
20201111,17,PM10,杭州,68.0
20201111,17,PM10_24h,杭州,76.0
20201111,17,SO2,杭州,7.0
20201111,17,SO2_24h,杭州,8.0
20201111,17,NO2,杭州,33.0
20201111,17,NO2_24h,杭州,60.0
20201111,17,O3,杭州,114.0
20201111,17,O3_24h,杭州,124.0
20201111,17,O3_8h,杭州,88.0
20201111,17,O3_8h_24h,杭州,88.0
20201111,17,CO,杭州,0.62
20201111,17,CO_24h,杭州,0.71
20201111,18,AQI,杭州,57.0
20201111,18,PM2.5,杭州,24.0
20201111,18,PM2.5_24h,杭州,32.0
20201111,18,PM10,杭州,64.0
20201111,18,PM10_24h,杭州,76.0
20201111,18,SO2,杭州,6.0
20201111,18,SO2_24h,杭州,8.0
20201111,18,NO2,杭州,39.0
20201111,18,NO2_24h,杭州,60.0
20201111,18,O3,杭州,95.0
20201111,18,O3_24h,杭州,124.0
20201111,18,O3_8h,杭州,97.0
20201111,18,O3_8h_24h,杭州,97.0
20201111,18,CO,杭州,0.64
20201111,18,CO_24h,杭州,0.72
20201111,19,AQI,杭州,54.0
20201111,19,PM2.5,杭州,22.0
20201111,19,PM2.5_24h,杭州,31.0
20201111,19,PM10,杭州,57.0
20201111,19,PM10_24h,杭州,74.0
20201111,19,SO2,杭州,6.0
20201111,19,SO2_24h,杭州,8.0
20201111,19,NO2,杭州,44.0
20201111,19,NO2_24h,杭州,60.0
20201111,19,O3,杭州,73.0
20201111,19,O3_24h,杭州,124.0
20201111,19,O3_8h,杭州,100.0
20201111,19,O3_8h_24h,杭州,100.0
20201111,19,CO,杭州,0.64
20201111,19,CO_24h,杭州,0.72
20201111,20,AQI,杭州,50.0
20201111,20,PM2.5,杭州,20.0
20201111,20,PM2.5_24h,杭州,31.0
20201111,20,PM10,杭州,50.0
20201111,20,PM10_24h,杭州,73.0
20201111,20,SO2,杭州,6.0
20201111,20,SO2_24h,杭州,8.0
20201111,20,NO2,杭州,49.0
20201111,20,NO2_24h,杭州,58.0
20201111,20,O3,杭州,55.0
20201111,20,O3_24h,杭州,124.0
20201111,20,O3_8h,杭州,97.0
20201111,20,O3_8h_24h,杭州,101.0
20201111,20,CO,杭州,0.6
20201111,20,CO_24h,杭州,0.72
20201111,21,AQI,杭州,45.0
20201111,21,PM2.5,杭州,18.0
20201111,21,PM2.5_24h,杭州,31.0
20201111,21,PM10,杭州,45.0
20201111,21,PM10_24h,杭州,72.0
20201111,21,SO2,杭州,6.0
20201111,21,SO2_24h,杭州,8.0
20201111,21,NO2,杭州,53.0
20201111,21,NO2_24h,杭州,57.0
20201111,21,O3,杭州,44.0
20201111,21,O3_24h,杭州,124.0
20201111,21,O3_8h,杭州,91.0
20201111,21,O3_8h_24h,杭州,101.0
20201111,21,CO,杭州,0.58
20201111,21,CO_24h,杭州,0.71
20201111,22,AQI,杭州,44.0
20201111,22,PM2.5,杭州,18.0
20201111,22,PM2.5_24h,杭州,30.0
20201111,22,PM10,杭州,44.0
20201111,22,PM10_24h,杭州,71.0
20201111,22,SO2,杭州,6.0
20201111,22,SO2_24h,杭州,8.0
20201111,22,NO2,杭州,54.0
20201111,22,NO2_24h,杭州,56.0
20201111,22,O3,杭州,36.0
20201111,22,O3_24h,杭州,124.0
20201111,22,O3_8h,杭州,81.0
20201111,22,O3_8h_24h,杭州,101.0
20201111,22,CO,杭州,0.56
20201111,22,CO_24h,杭州,0.68
20201111,23,AQI,杭州,43.0
20201111,23,PM2.5,杭州,18.0
20201111,23,PM2.5_24h,杭州,30.0
20201111,23,PM10,杭州,43.0
20201111,23,PM10_24h,杭州,69.0
20201111,23,SO2,杭州,6.0
20201111,23,SO2_24h,杭州,8.0
20201111,23,NO2,杭州,57.0
20201111,23,NO2_24h,杭州,55.0
20201111,23,O3,杭州,28.0
20201111,23,O3_24h,杭州,124.0
20201111,23,O3_8h,杭州,71.0
20201111,23,O3_8h_24h,杭州,101.0
20201111,23,CO,杭州,0.56
20201111,23,CO_24h,杭州,0.66
20201111,0,AQI,宁波,54.0
20201111,0,PM2.5,宁波,24.0
20201111,0,PM2.5_24h,宁波,21.0
20201111,0,PM10,宁波,58.0
20201111,0,PM10_24h,宁波,53.0
20201111,0,SO2,宁波,10.0
20201111,0,SO2_24h,宁波,12.0
20201111,0,NO2,宁波,70.0
20201111,0,NO2_24h,宁波,52.0
20201111,0,O3,宁波,20.0
20201111,0,O3_24h,宁波,102.0
20201111,0,O3_8h,宁波,46.0
20201111,0,O3_8h_24h,宁波,89.0
20201111,0,CO,宁波,0.69
20201111,0,CO_24h,宁波,0.65
20201111,1,AQI,宁波,59.0
20201111,1,PM2.5,宁波,27.0
20201111,1,PM2.5_24h,宁波,21.0
20201111,1,PM10,宁波,67.0
20201111,1,PM10_24h,宁波,52.0
20201111,1,SO2,宁波,10.0
20201111,1,SO2_24h,宁波,12.0
20201111,1,NO2,宁波,72.0
20201111,1,NO2_24h,宁波,52.0
20201111,1,O3,宁波,11.0
20201111,1,O3_24h,宁波,102.0
20201111,1,O3_8h,宁波,11.0
20201111,1,O3_8h_24h,宁波,11.0
20201111,1,CO,宁波,0.75
20201111,1,CO_24h,宁波,0.64
20201111,2,AQI,宁波,60.0
20201111,2,PM2.5,宁波,26.0
20201111,2,PM2.5_24h,宁波,21.0
20201111,2,PM10,宁波,69.0
20201111,2,PM10_24h,宁波,51.0
20201111,2,SO2,宁波,9.0
20201111,2,SO2_24h,宁波,12.0
20201111,2,NO2,宁波,70.0
20201111,2,NO2_24h,宁波,52.0
20201111,2,O3,宁波,9.0
20201111,2,O3_24h,宁波,102.0
20201111,2,O3_8h,宁波,11.0
20201111,2,O3_8h_24h,宁波,12.0
20201111,2,CO,宁波,0.81
20201111,2,CO_24h,宁波,0.65
20201111,3,AQI,宁波,57.0
20201111,3,PM2.5,宁波,25.0
20201111,3,PM2.5_24h,宁波,21.0
20201111,3,PM10,宁波,64.0
20201111,3,PM10_24h,宁波,51.0
20201111,3,SO2,宁波,10.0
20201111,3,SO2_24h,宁波,12.0
20201111,3,NO2,宁波,64.0
20201111,3,NO2_24h,宁波,52.0
20201111,3,O3,宁波,10.0
20201111,3,O3_24h,宁波,102.0
20201111,3,O3_8h,宁波,10.0
20201111,3,O3_8h_24h,宁波,12.0
20201111,3,CO,宁波,0.81
20201111,3,CO_24h,宁波,0.64
20201111,4,AQI,宁波,56.0
20201111,4,PM2.5,宁波,28.0
20201111,4,PM2.5_24h,宁波,21.0
20201111,4,PM10,宁波,62.0
20201111,4,PM10_24h,宁波,50.0
20201111,4,SO2,宁波,10.0
20201111,4,SO2_24h,宁波,11.0
20201111,4,NO2,宁波,62.0
20201111,4,NO2_24h,宁波,52.0
20201111,4,O3,宁波,8.0
20201111,4,O3_24h,宁波,102.0
20201111,4,O3_8h,宁波,11.0
20201111,4,O3_8h_24h,宁波,12.0
20201111,4,CO,宁波,0.79
20201111,4,CO_24h,宁波,0.64
20201111,5,AQI,宁波,52.0
20201111,5,PM2.5,宁波,26.0
20201111,5,PM2.5_24h,宁波,21.0
20201111,5,PM10,宁波,54.0
20201111,5,PM10_24h,宁波,50.0
20201111,5,SO2,宁波,10.0
20201111,5,SO2_24h,宁波,11.0
20201111,5,NO2,宁波,58.0
20201111,5,NO2_24h,宁波,52.0
20201111,5,O3,宁波,9.0
20201111,5,O3_24h,宁波,102.0
20201111,5,O3_8h,宁波,10.0
20201111,5,O3_8h_24h,宁波,12.0
20201111,5,CO,宁波,0.75
20201111,5,CO_24h,宁波,0.63
20201111,6,AQI,宁波,50.0
20201111,6,PM2.5,宁波,24.0
20201111,6,PM2.5_24h,宁波,21.0
20201111,6,PM10,宁波,50.0
20201111,6,PM10_24h,宁波,49.0
20201111,6,SO2,宁波,11.0
20201111,6,SO2_24h,宁波,11.0
20201111,6,NO2,宁波,58.0
20201111,6,NO2_24h,宁波,52.0
20201111,6,O3,宁波,7.0
20201111,6,O3_24h,宁波,102.0
20201111,6,O3_8h,宁波,9.0
20201111,6,O3_8h_24h,宁波,12.0
20201111,6,CO,宁波,0.76
20201111,6,CO_24h,宁波,0.61
20201111,8,AQI,宁波,52.0
20201111,8,PM2.5,宁波,25.0
20201111,8,PM2.5_24h,宁波,20.0
20201111,8,PM10,宁波,53.0
20201111,8,PM10_24h,宁波,48.0
20201111,8,SO2,宁波,18.0
20201111,8,SO2_24h,宁波,11.0
20201111,8,NO2,宁波,56.0
20201111,8,NO2_24h,宁波,52.0
20201111,8,O3,宁波,8.0
20201111,8,O3_24h,宁波,102.0
20201111,8,O3_8h,宁波,7.0
20201111,8,O3_8h_24h,宁波,12.0
20201111,8,CO,宁波,0.84
20201111,8,CO_24h,宁波,0.63
20201111,10,AQI,宁波,55.0
20201111,10,PM2.5,宁波,27.0
20201111,10,PM2.5_24h,宁波,20.0
20201111,10,PM10,宁波,60.0
20201111,10,PM10_24h,宁波,46.0
20201111,10,SO2,宁波,20.0
20201111,10,SO2_24h,宁波,11.0
20201111,10,NO2,宁波,63.0
20201111,10,NO2_24h,宁波,53.0
20201111,10,O3,宁波,34.0
20201111,10,O3_24h,宁波,102.0
20201111,10,O3_8h,宁波,11.0
20201111,10,O3_8h_24h,宁波,16.0
20201111,10,CO,宁波,0.81
20201111,10,CO_24h,宁波,0.65
20201111,11,AQI,宁波,50.0
20201111,11,PM2.5,宁波,24.0
20201111,11,PM2.5_24h,宁波,20.0
20201111,11,PM10,宁波,50.0
20201111,11,PM10_24h,宁波,46.0
20201111,11,SO2,宁波,14.0
20201111,11,SO2_24h,宁波,11.0
20201111,11,NO2,宁波,51.0
20201111,11,NO2_24h,宁波,53.0
20201111,11,O3,宁波,73.0
20201111,11,O3_24h,宁波,102.0
20201111,11,O3_8h,宁波,19.0
20201111,11,O3_8h_24h,宁波,22.0
20201111,11,CO,宁波,0.69
20201111,11,CO_24h,宁波,0.65
20201111,12,AQI,宁波,38.0
20201111,12,PM2.5,宁波,20.0
20201111,12,PM2.5_24h,宁波,20.0
20201111,12,PM10,宁波,38.0
20201111,12,PM10_24h,宁波,46.0
20201111,12,SO2,宁波,12.0
20201111,12,SO2_24h,宁波,11.0
20201111,12,NO2,宁波,31.0
20201111,12,NO2_24h,宁波,53.0
20201111,12,O3,宁波,98.0
20201111,12,O3_24h,宁波,103.0
20201111,12,O3_8h,宁波,31.0
20201111,12,O3_8h_24h,宁波,31.0
20201111,12,CO,宁波,0.61
20201111,12,CO_24h,宁波,0.65
20201111,13,AQI,宁波,36.0
20201111,13,PM2.5,宁波,18.0
20201111,13,PM2.5_24h,宁波,20.0
20201111,13,PM10,宁波,36.0
20201111,13,PM10_24h,宁波,46.0
20201111,13,SO2,宁波,10.0
20201111,13,SO2_24h,宁波,11.0
20201111,13,NO2,宁波,24.0
20201111,13,NO2_24h,宁波,53.0
20201111,13,O3,宁波,110.0
20201111,13,O3_24h,宁波,110.0
20201111,13,O3_8h,宁波,44.0
20201111,13,O3_8h_24h,宁波,44.0
20201111,13,CO,宁波,0.61
20201111,13,CO_24h,宁波,0.66
20201111,14,AQI,宁波,36.0
20201111,14,PM2.5,宁波,16.0
20201111,14,PM2.5_24h,宁波,20.0
20201111,14,PM10,宁波,34.0
20201111,14,PM10_24h,宁波,46.0
20201111,14,SO2,宁波,10.0
20201111,14,SO2_24h,宁波,11.0
20201111,14,NO2,宁波,24.0
20201111,14,NO2_24h,宁波,53.0
20201111,14,O3,宁波,115.0
20201111,14,O3_24h,宁波,115.0
20201111,14,O3_8h,宁波,57.0
20201111,14,O3_8h_24h,宁波,57.0
20201111,14,CO,宁波,0.57
20201111,14,CO_24h,宁波,0.67
20201111,15,AQI,宁波,35.0
20201111,15,PM2.5,宁波,13.0
20201111,15,PM2.5_24h,宁波,21.0
20201111,15,PM10,宁波,29.0
20201111,15,PM10_24h,宁波,47.0
20201111,15,SO2,宁波,9.0
20201111,15,SO2_24h,宁波,11.0
20201111,15,NO2,宁波,22.0
20201111,15,NO2_24h,宁波,52.0
20201111,15,O3,宁波,113.0
20201111,15,O3_24h,宁波,117.0
20201111,15,O3_8h,宁波,71.0
20201111,15,O3_8h_24h,宁波,71.0
20201111,15,CO,宁波,0.53
20201111,15,CO_24h,宁波,0.67
20201111,16,AQI,宁波,32.0
20201111,16,PM2.5,宁波,11.0
20201111,16,PM2.5_24h,宁波,21.0
20201111,16,PM10,宁波,24.0
20201111,16,PM10_24h,宁波,47.0
20201111,16,SO2,宁波,9.0
20201111,16,SO2_24h,宁波,11.0
20201111,16,NO2,宁波,23.0
20201111,16,NO2_24h,宁波,53.0
20201111,16,O3,宁波,101.0
20201111,16,O3_24h,宁波,117.0
20201111,16,O3_8h,宁波,83.0
20201111,16,O3_8h_24h,宁波,83.0
20201111,16,CO,宁波,0.46
20201111,16,CO_24h,宁波,0.67
20201111,17,AQI,宁波,28.0
20201111,17,PM2.5,宁波,12.0
20201111,17,PM2.5_24h,宁波,21.0
20201111,17,PM10,宁波,25.0
20201111,17,PM10_24h,宁波,47.0
20201111,17,SO2,宁波,9.0
20201111,17,SO2_24h,宁波,11.0
20201111,17,NO2,宁波,27.0
20201111,17,NO2_24h,宁波,52.0
20201111,17,O3,宁波,91.0
20201111,17,O3_24h,宁波,117.0
20201111,17,O3_8h,宁波,92.0
20201111,17,O3_8h_24h,宁波,92.0
20201111,17,CO,宁波,0.46
20201111,17,CO_24h,宁波,0.66
20201111,18,AQI,宁波,28.0
20201111,18,PM2.5,宁波,13.0
20201111,18,PM2.5_24h,宁波,20.0
20201111,18,PM10,宁波,28.0
20201111,18,PM10_24h,宁波,47.0
20201111,18,SO2,宁波,10.0
20201111,18,SO2_24h,宁波,11.0
20201111,18,NO2,宁波,33.0
20201111,18,NO2_24h,宁波,52.0
20201111,18,O3,宁波,78.0
20201111,18,O3_24h,宁波,117.0
20201111,18,O3_8h,宁波,98.0
20201111,18,O3_8h_24h,宁波,98.0
20201111,18,CO,宁波,0.46
20201111,18,CO_24h,宁波,0.66
20201111,19,AQI,宁波,35.0
20201111,19,PM2.5,宁波,16.0
20201111,19,PM2.5_24h,宁波,21.0
20201111,19,PM10,宁波,35.0
20201111,19,PM10_24h,宁波,47.0
20201111,19,SO2,宁波,11.0
20201111,19,SO2_24h,宁波,11.0
20201111,19,NO2,宁波,46.0
20201111,19,NO2_24h,宁波,53.0
20201111,19,O3,宁波,61.0
20201111,19,O3_24h,宁波,117.0
20201111,19,O3_8h,宁波,97.0
20201111,19,O3_8h_24h,宁波,99.0
20201111,19,CO,宁波,0.5
20201111,19,CO_24h,宁波,0.67
20201111,20,AQI,宁波,34.0
20201111,20,PM2.5,宁波,14.0
20201111,20,PM2.5_24h,宁波,21.0
20201111,20,PM10,宁波,34.0
20201111,20,PM10_24h,宁波,47.0
20201111,20,SO2,宁波,9.0
20201111,20,SO2_24h,宁波,12.0
20201111,20,NO2,宁波,54.0
20201111,20,NO2_24h,宁波,52.0
20201111,20,O3,宁波,47.0
20201111,20,O3_24h,宁波,117.0
20201111,20,O3_8h,宁波,91.0
20201111,20,O3_8h_24h,宁波,99.0
20201111,20,CO,宁波,0.5
20201111,20,CO_24h,宁波,0.67
20201111,21,AQI,宁波,33.0
20201111,21,PM2.5,宁波,13.0
20201111,21,PM2.5_24h,宁波,21.0
20201111,21,PM10,宁波,33.0
20201111,21,PM10_24h,宁波,46.0
20201111,21,SO2,宁波,10.0
20201111,21,SO2_24h,宁波,11.0
20201111,21,NO2,宁波,56.0
20201111,21,NO2_24h,宁波,52.0
20201111,21,O3,宁波,42.0
20201111,21,O3_24h,宁波,117.0
20201111,21,O3_8h,宁波,82.0
20201111,21,O3_8h_24h,宁波,99.0
20201111,21,CO,宁波,0.51
20201111,21,CO_24h,宁波,0.67
20201111,22,AQI,宁波,36.0
20201111,22,PM2.5,宁波,14.0
20201111,22,PM2.5_24h,宁波,21.0
20201111,22,PM10,宁波,36.0
20201111,22,PM10_24h,宁波,46.0
20201111,22,SO2,宁波,10.0
20201111,22,SO2_24h,宁波,11.0
20201111,22,NO2,宁波,63.0
20201111,22,NO2_24h,宁波,51.0
20201111,22,O3,宁波,31.0
20201111,22,O3_24h,宁波,117.0
20201111,22,O3_8h,宁波,71.0
20201111,22,O3_8h_24h,宁波,99.0
20201111,22,CO,宁波,0.56
20201111,22,CO_24h,宁波,0.67
20201111,23,AQI,宁波,39.0
20201111,23,PM2.5,宁波,16.0
20201111,23,PM2.5_24h,宁波,20.0
20201111,23,PM10,宁波,39.0
20201111,23,PM10_24h,宁波,46.0
20201111,23,SO2,宁波,10.0
20201111,23,SO2_24h,宁波,11.0
20201111,23,NO2,宁波,63.0
20201111,23,NO2_24h,宁波,51.0
20201111,23,O3,宁波,25.0
20201111,23,O3_24h,宁波,117.0
20201111,23,O3_8h,宁波,59.0
20201111,23,O3_8h_24h,宁波,99.0
20201111,23,CO,宁波,0.65
20201111,23,CO_24h,宁波,0.67
20201111,0,AQI,温州,54.0
20201111,0,PM2.5,温州,15.0
20201111,0,PM2.5_24h,温州,19.0
20201111,0,PM10,温州,57.0
20201111,0,PM10_24h,温州,58.0
20201111,0,SO2,温州,7.0
20201111,0,SO2_24h,温州,7.0
20201111,0,NO2,温州,58.0
20201111,0,NO2_24h,温州,34.0
20201111,0,O3,温州,30.0
20201111,0,O3_24h,温州,113.0
20201111,0,O3_8h,温州,70.0
20201111,0,O3_8h_24h,温州,97.0
20201111,0,CO,温州,0.43
20201111,0,CO_24h,温州,0.38
20201111,1,AQI,温州,56.0
20201111,1,PM2.5,温州,17.0
20201111,1,PM2.5_24h,温州,19.0
20201111,1,PM10,温州,62.0
20201111,1,PM10_24h,温州,58.0
20201111,1,SO2,温州,7.0
20201111,1,SO2_24h,温州,7.0
20201111,1,NO2,温州,59.0
20201111,1,NO2_24h,温州,34.0
20201111,1,O3,温州,23.0
20201111,1,O3_24h,温州,113.0
20201111,1,O3_8h,温州,23.0
20201111,1,O3_8h_24h,温州,23.0
20201111,1,CO,温州,0.4
20201111,1,CO_24h,温州,0.38
20201111,2,AQI,温州,68.0
20201111,2,PM2.5,温州,22.0
20201111,2,PM2.5_24h,温州,19.0
20201111,2,PM10,温州,85.0
20201111,2,PM10_24h,温州,59.0
20201111,2,SO2,温州,8.0
20201111,2,SO2_24h,温州,7.0
20201111,2,NO2,温州,57.0
20201111,2,NO2_24h,温州,35.0
20201111,2,O3,温州,24.0
20201111,2,O3_24h,温州,113.0
20201111,2,O3_8h,温州,24.0
20201111,2,O3_8h_24h,温州,25.0
20201111,2,CO,温州,0.42
20201111,2,CO_24h,温州,0.38
20201111,3,AQI,温州,58.0
20201111,3,PM2.5,温州,24.0
20201111,3,PM2.5_24h,温州,19.0
20201111,3,PM10,温州,65.0
20201111,3,PM10_24h,温州,59.0
20201111,3,SO2,温州,8.0
20201111,3,SO2_24h,温州,7.0
20201111,3,NO2,温州,55.0
20201111,3,NO2_24h,温州,36.0
20201111,3,O3,温州,23.0
20201111,3,O3_24h,温州,113.0
20201111,3,O3_8h,温州,24.0
20201111,3,O3_8h_24h,温州,25.0
20201111,3,CO,温州,0.38
20201111,3,CO_24h,温州,0.38
20201111,4,AQI,温州,54.0
20201111,4,PM2.5,温州,23.0
20201111,4,PM2.5_24h,温州,19.0
20201111,4,PM10,温州,58.0
20201111,4,PM10_24h,温州,58.0
20201111,4,SO2,温州,7.0
20201111,4,SO2_24h,温州,7.0
20201111,4,NO2,温州,48.0
20201111,4,NO2_24h,温州,36.0
20201111,4,O3,温州,30.0
20201111,4,O3_24h,温州,113.0
20201111,4,O3_8h,温州,25.0
20201111,4,O3_8h_24h,温州,27.0
20201111,4,CO,温州,0.38
20201111,4,CO_24h,温州,0.38
20201111,5,AQI,温州,56.0
20201111,5,PM2.5,温州,26.0
20201111,5,PM2.5_24h,温州,18.0
20201111,5,PM10,温州,61.0
20201111,5,PM10_24h,温州,57.0
20201111,5,SO2,温州,7.0
20201111,5,SO2_24h,温州,7.0
20201111,5,NO2,温州,48.0
20201111,5,NO2_24h,温州,36.0
20201111,5,O3,温州,26.0
20201111,5,O3_24h,温州,113.0
20201111,5,O3_8h,温州,25.0
20201111,5,O3_8h_24h,温州,28.0
20201111,5,CO,温州,0.38
20201111,5,CO_24h,温州,0.38
20201111,6,AQI,温州,61.0
20201111,6,PM2.5,温州,31.0
20201111,6,PM2.5_24h,温州,18.0
20201111,6,PM10,温州,72.0
20201111,6,PM10_24h,温州,56.0
20201111,6,SO2,温州,7.0
20201111,6,SO2_24h,温州,7.0
20201111,6,NO2,温州,54.0
20201111,6,NO2_24h,温州,36.0
20201111,6,O3,温州,19.0
20201111,6,O3_24h,温州,113.0
20201111,6,O3_8h,温州,24.0
20201111,6,O3_8h_24h,温州,28.0
20201111,6,CO,温州,0.38
20201111,6,CO_24h,温州,0.38
20201111,8,AQI,温州,58.0
20201111,8,PM2.5,温州,25.0
20201111,8,PM2.5_24h,温州,18.0
20201111,8,PM10,温州,66.0
20201111,8,PM10_24h,温州,55.0
20201111,8,SO2,温州,8.0
20201111,8,SO2_24h,温州,7.0
20201111,8,NO2,温州,46.0
20201111,8,NO2_24h,温州,36.0
20201111,8,O3,温州,27.0
20201111,8,O3_24h,温州,113.0
20201111,8,O3_8h,温州,24.0
20201111,8,O3_8h_24h,温州,29.0
20201111,8,CO,温州,0.45
20201111,8,CO_24h,温州,0.38
20201111,10,AQI,温州,52.0
20201111,10,PM2.5,温州,19.0
20201111,10,PM2.5_24h,温州,18.0
20201111,10,PM10,温州,53.0
20201111,10,PM10_24h,温州,53.0
20201111,10,SO2,温州,9.0
20201111,10,SO2_24h,温州,7.0
20201111,10,NO2,温州,38.0
20201111,10,NO2_24h,温州,36.0
20201111,10,O3,温州,55.0
20201111,10,O3_24h,温州,113.0
20201111,10,O3_8h,温州,29.0
20201111,10,O3_8h_24h,温州,35.0
20201111,10,CO,温州,0.4
20201111,10,CO_24h,温州,0.38
20201111,11,AQI,温州,34.0
20201111,11,PM2.5,温州,12.0
20201111,11,PM2.5_24h,温州,17.0
20201111,11,PM10,温州,34.0
20201111,11,PM10_24h,温州,51.0
20201111,11,SO2,温州,8.0
20201111,11,SO2_24h,温州,7.0
20201111,11,NO2,温州,22.0
20201111,11,NO2_24h,温州,36.0
20201111,11,O3,温州,80.0
20201111,11,O3_24h,温州,113.0
20201111,11,O3_8h,温州,36.0
20201111,11,O3_8h_24h,温州,41.0
20201111,11,CO,温州,0.28
20201111,11,CO_24h,温州,0.38
20201111,12,AQI,温州,32.0
20201111,12,PM2.5,温州,11.0
20201111,12,PM2.5_24h,温州,17.0
20201111,12,PM10,温州,32.0
20201111,12,PM10_24h,温州,51.0
20201111,12,SO2,温州,7.0
20201111,12,SO2_24h,温州,7.0
20201111,12,NO2,温州,14.0
20201111,12,NO2_24h,温州,35.0
20201111,12,O3,温州,98.0
20201111,12,O3_24h,温州,113.0
20201111,12,O3_8h,温州,45.0
20201111,12,O3_8h_24h,温州,48.0
20201111,12,CO,温州,0.28
20201111,12,CO_24h,温州,0.38
20201111,13,AQI,温州,33.0
20201111,13,PM2.5,温州,12.0
20201111,13,PM2.5_24h,温州,17.0
20201111,13,PM10,温州,33.0
20201111,13,PM10_24h,温州,50.0
20201111,13,SO2,温州,7.0
20201111,13,SO2_24h,温州,7.0
20201111,13,NO2,温州,15.0
20201111,13,NO2_24h,温州,36.0
20201111,13,O3,温州,107.0
20201111,13,O3_24h,温州,113.0
20201111,13,O3_8h,温州,55.0
20201111,13,O3_8h_24h,温州,56.0
20201111,13,CO,温州,0.28
20201111,13,CO_24h,温州,0.38
20201111,14,AQI,温州,39.0
20201111,14,PM2.5,温州,14.0
20201111,14,PM2.5_24h,温州,17.0
20201111,14,PM10,温州,39.0
20201111,14,PM10_24h,温州,50.0
20201111,14,SO2,温州,7.0
20201111,14,SO2_24h,温州,7.0
20201111,14,NO2,温州,17.0
20201111,14,NO2_24h,温州,36.0
20201111,14,O3,温州,117.0
20201111,14,O3_24h,温州,116.0
20201111,14,O3_8h,温州,65.0
20201111,14,O3_8h_24h,温州,65.0
20201111,14,CO,温州,0.3
20201111,14,CO_24h,温州,0.38
20201111,15,AQI,温州,44.0
20201111,15,PM2.5,温州,16.0
20201111,15,PM2.5_24h,温州,17.0
20201111,15,PM10,温州,44.0
20201111,15,PM10_24h,温州,50.0
20201111,15,SO2,温州,7.0
20201111,15,SO2_24h,温州,7.0
20201111,15,NO2,温州,19.0
20201111,15,NO2_24h,温州,36.0
20201111,15,O3,温州,124.0
20201111,15,O3_24h,温州,124.0
20201111,15,O3_8h,温州,79.0
20201111,15,O3_8h_24h,温州,79.0
20201111,15,CO,温州,0.28
20201111,15,CO_24h,温州,0.38
20201111,16,AQI,温州,49.0
20201111,16,PM2.5,温州,16.0
20201111,16,PM2.5_24h,温州,17.0
20201111,16,PM10,温州,49.0
20201111,16,PM10_24h,温州,50.0
20201111,16,SO2,温州,7.0
20201111,16,SO2_24h,温州,7.0
20201111,16,NO2,温州,23.0
20201111,16,NO2_24h,温州,36.0
20201111,16,O3,温州,118.0
20201111,16,O3_24h,温州,124.0
20201111,16,O3_8h,温州,91.0
20201111,16,O3_8h_24h,温州,91.0
20201111,16,CO,温州,0.3
20201111,16,CO_24h,温州,0.38
20201111,17,AQI,温州,51.0
20201111,17,PM2.5,温州,15.0
20201111,17,PM2.5_24h,温州,17.0
20201111,17,PM10,温州,52.0
20201111,17,PM10_24h,温州,51.0
20201111,17,SO2,温州,6.0
20201111,17,SO2_24h,温州,7.0
20201111,17,NO2,温州,26.0
20201111,17,NO2_24h,温州,36.0
20201111,17,O3,温州,107.0
20201111,17,O3_24h,温州,124.0
20201111,17,O3_8h,温州,100.0
20201111,17,O3_8h_24h,温州,100.0
20201111,17,CO,温州,0.38
20201111,17,CO_24h,温州,0.38
20201111,18,AQI,温州,52.0
20201111,18,PM2.5,温州,16.0
20201111,18,PM2.5_24h,温州,17.0
20201111,18,PM10,温州,53.0
20201111,18,PM10_24h,温州,51.0
20201111,18,SO2,温州,7.0
20201111,18,SO2_24h,温州,7.0
20201111,18,NO2,温州,28.0
20201111,18,NO2_24h,温州,36.0
20201111,18,O3,温州,95.0
20201111,18,O3_24h,温州,124.0
20201111,18,O3_8h,温州,105.0
20201111,18,O3_8h_24h,温州,105.0
20201111,18,CO,温州,0.4
20201111,18,CO_24h,温州,0.38
20201111,19,AQI,温州,51.0
20201111,19,PM2.5,温州,15.0
20201111,19,PM2.5_24h,温州,17.0
20201111,19,PM10,温州,52.0
20201111,19,PM10_24h,温州,52.0
20201111,19,SO2,温州,6.0
20201111,19,SO2_24h,温州,7.0
20201111,19,NO2,温州,28.0
20201111,19,NO2_24h,温州,36.0
20201111,19,O3,温州,89.0
20201111,19,O3_24h,温州,124.0
20201111,19,O3_8h,温州,107.0
20201111,19,O3_8h_24h,温州,107.0
20201111,19,CO,温州,0.43
20201111,19,CO_24h,温州,0.38
20201111,20,AQI,温州,48.0
20201111,20,PM2.5,温州,16.0
20201111,20,PM2.5_24h,温州,18.0
20201111,20,PM10,温州,48.0
20201111,20,PM10_24h,温州,52.0
20201111,20,SO2,温州,6.0
20201111,20,SO2_24h,温州,7.0
20201111,20,NO2,温州,23.0
20201111,20,NO2_24h,温州,36.0
20201111,20,O3,温州,93.0
20201111,20,O3_24h,温州,124.0
20201111,20,O3_8h,温州,106.0
20201111,20,O3_8h_24h,温州,107.0
20201111,20,CO,温州,0.43
20201111,20,CO_24h,温州,0.38
20201111,21,AQI,温州,40.0
20201111,21,PM2.5,温州,15.0
20201111,21,PM2.5_24h,温州,18.0
20201111,21,PM10,温州,40.0
20201111,21,PM10_24h,温州,52.0
20201111,21,SO2,温州,6.0
20201111,21,SO2_24h,温州,7.0
20201111,21,NO2,温州,19.0
20201111,21,NO2_24h,温州,36.0
20201111,21,O3,温州,96.0
20201111,21,O3_24h,温州,124.0
20201111,21,O3_8h,温州,104.0
20201111,21,O3_8h_24h,温州,107.0
20201111,21,CO,温州,0.4
20201111,21,CO_24h,温州,0.38
20201111,22,AQI,温州,34.0
20201111,22,PM2.5,温州,14.0
20201111,22,PM2.5_24h,温州,18.0
20201111,22,PM10,温州,34.0
20201111,22,PM10_24h,温州,52.0
20201111,22,SO2,温州,6.0
20201111,22,SO2_24h,温州,7.0
20201111,22,NO2,温州,16.0
20201111,22,NO2_24h,温州,36.0
20201111,22,O3,温州,96.0
20201111,22,O3_24h,温州,124.0
20201111,22,O3_8h,温州,102.0
20201111,22,O3_8h_24h,温州,107.0
20201111,22,CO,温州,0.38
20201111,22,CO_24h,温州,0.38
20201111,23,AQI,温州,34.0
20201111,23,PM2.5,温州,14.0
20201111,23,PM2.5_24h,温州,18.0
20201111,23,PM10,温州,34.0
20201111,23,PM10_24h,温州,52.0
20201111,23,SO2,温州,6.0
20201111,23,SO2_24h,温州,7.0
20201111,23,NO2,温州,17.0
20201111,23,NO2_24h,温州,35.0
20201111,23,O3,温州,91.0
20201111,23,O3_24h,温州,124.0
20201111,23,O3_8h,温州,98.0
20201111,23,O3_8h_24h,温州,107.0
20201111,23,CO,温州,0.35
20201111,23,CO_24h,温州,0.38
20201111,0,AQI,绍兴,67.0
20201111,0,PM2.5,绍兴,36.0
20201111,0,PM2.5_24h,绍兴,32.0
20201111,0,PM10,绍兴,83.0
20201111,0,PM10_24h,绍兴,80.0
20201111,0,SO2,绍兴,6.0
20201111,0,SO2_24h,绍兴,7.0
20201111,0,NO2,绍兴,55.0
20201111,0,NO2_24h,绍兴,43.0
20201111,0,O3,绍兴,11.0
20201111,0,O3_24h,绍兴,132.0
20201111,0,O3_8h,绍兴,38.0
20201111,0,O3_8h_24h,绍兴,110.0
20201111,0,CO,绍兴,0.7
20201111,0,CO_24h,绍兴,0.67
20201111,1,AQI,绍兴,59.0
20201111,1,PM2.5,绍兴,29.0
20201111,1,PM2.5_24h,绍兴,32.0
20201111,1,PM10,绍兴,67.0
20201111,1,PM10_24h,绍兴,79.0
20201111,1,SO2,绍兴,6.0
20201111,1,SO2_24h,绍兴,7.0
20201111,1,NO2,绍兴,52.0
20201111,1,NO2_24h,绍兴,43.0
20201111,1,O3,绍兴,10.0
20201111,1,O3_24h,绍兴,132.0
20201111,1,O3_8h,绍兴,10.0
20201111,1,O3_8h_24h,绍兴,10.0
20201111,1,CO,绍兴,0.63
20201111,1,CO_24h,绍兴,0.67
20201111,2,AQI,绍兴,54.0
20201111,2,PM2.5,绍兴,25.0
20201111,2,PM2.5_24h,绍兴,32.0
20201111,2,PM10,绍兴,57.0
20201111,2,PM10_24h,绍兴,78.0
20201111,2,SO2,绍兴,6.0
20201111,2,SO2_24h,绍兴,7.0
20201111,2,NO2,绍兴,49.0
20201111,2,NO2_24h,绍兴,43.0
20201111,2,O3,绍兴,10.0
20201111,2,O3_24h,绍兴,132.0
20201111,2,O3_8h,绍兴,10.0
20201111,2,O3_8h_24h,绍兴,10.0
20201111,2,CO,绍兴,0.63
20201111,2,CO_24h,绍兴,0.67
20201111,3,AQI,绍兴,48.0
20201111,3,PM2.5,绍兴,22.0
20201111,3,PM2.5_24h,绍兴,31.0
20201111,3,PM10,绍兴,48.0
20201111,3,PM10_24h,绍兴,77.0
20201111,3,SO2,绍兴,5.0
20201111,3,SO2_24h,绍兴,7.0
20201111,3,NO2,绍兴,42.0
20201111,3,NO2_24h,绍兴,43.0
20201111,3,O3,绍兴,15.0
20201111,3,O3_24h,绍兴,132.0
20201111,3,O3_8h,绍兴,12.0
20201111,3,O3_8h_24h,绍兴,12.0
20201111,3,CO,绍兴,0.57
20201111,3,CO_24h,绍兴,0.67
20201111,4,AQI,绍兴,51.0
20201111,4,PM2.5,绍兴,23.0
20201111,4,PM2.5_24h,绍兴,31.0
20201111,4,PM10,绍兴,51.0
20201111,4,PM10_24h,绍兴,75.0
20201111,4,SO2,绍兴,5.0
20201111,4,SO2_24h,绍兴,7.0
20201111,4,NO2,绍兴,44.0
20201111,4,NO2_24h,绍兴,43.0
20201111,4,O3,绍兴,5.0
20201111,4,O3_24h,绍兴,132.0
20201111,4,O3_8h,绍兴,10.0
20201111,4,O3_8h_24h,绍兴,12.0
20201111,4,CO,绍兴,0.6
20201111,4,CO_24h,绍兴,0.67
20201111,5,AQI,绍兴,49.0
20201111,5,PM2.5,绍兴,22.0
20201111,5,PM2.5_24h,绍兴,30.0
20201111,5,PM10,绍兴,49.0
20201111,5,PM10_24h,绍兴,74.0
20201111,5,SO2,绍兴,4.0
20201111,5,SO2_24h,绍兴,7.0
20201111,5,NO2,绍兴,45.0
20201111,5,NO2_24h,绍兴,43.0
20201111,5,O3,绍兴,3.0
20201111,5,O3_24h,绍兴,132.0
20201111,5,O3_8h,绍兴,9.0
20201111,5,O3_8h_24h,绍兴,12.0
20201111,5,CO,绍兴,0.63
20201111,5,CO_24h,绍兴,0.67
20201111,6,AQI,绍兴,51.0
20201111,6,PM2.5,绍兴,24.0
20201111,6,PM2.5_24h,绍兴,30.0
20201111,6,PM10,绍兴,52.0
20201111,6,PM10_24h,绍兴,72.0
20201111,6,SO2,绍兴,5.0
20201111,6,SO2_24h,绍兴,7.0
20201111,6,NO2,绍兴,38.0
20201111,6,NO2_24h,绍兴,42.0
20201111,6,O3,绍兴,5.0
20201111,6,O3_24h,绍兴,132.0
20201111,6,O3_8h,绍兴,8.0
20201111,6,O3_8h_24h,绍兴,12.0
20201111,6,CO,绍兴,0.67
20201111,6,CO_24h,绍兴,0.67
20201111,7,AQI,绍兴,58.0
20201111,7,PM2.5,绍兴,24.0
20201111,7,PM2.5_24h,绍兴,34.0
20201111,7,PM10,绍兴,66.0
20201111,7,PM10_24h,绍兴,82.0
20201111,7,SO2,绍兴,5.0
20201111,7,SO2_24h,绍兴,6.0
20201111,7,NO2,绍兴,45.0
20201111,7,NO2_24h,绍兴,44.0
20201111,7,O3,绍兴,3.0
20201111,7,O3_24h,绍兴,129.0
20201111,7,O3_8h,绍兴,2.0
20201111,7,O3_8h_24h,绍兴,3.0
20201111,7,CO,绍兴,0.8
20201111,7,CO_24h,绍兴,0.8
20201111,8,AQI,绍兴,56.0
20201111,8,PM2.5,绍兴,27.0
20201111,8,PM2.5_24h,绍兴,29.0
20201111,8,PM10,绍兴,62.0
20201111,8,PM10_24h,绍兴,69.0
20201111,8,SO2,绍兴,5.0
20201111,8,SO2_24h,绍兴,6.0
20201111,8,NO2,绍兴,44.0
20201111,8,NO2_24h,绍兴,42.0
20201111,8,O3,绍兴,8.0
20201111,8,O3_24h,绍兴,132.0
20201111,8,O3_8h,绍兴,8.0
20201111,8,O3_8h_24h,绍兴,12.0
20201111,8,CO,绍兴,0.97
20201111,8,CO_24h,绍兴,0.67
20201111,10,AQI,绍兴,51.0
20201111,10,PM2.5,绍兴,24.0
20201111,10,PM2.5_24h,绍兴,28.0
20201111,10,PM10,绍兴,52.0
20201111,10,PM10_24h,绍兴,66.0
20201111,10,SO2,绍兴,8.0
20201111,10,SO2_24h,绍兴,6.0
20201111,10,NO2,绍兴,37.0
20201111,10,NO2_24h,绍兴,42.0
20201111,10,O3,绍兴,52.0
20201111,10,O3_24h,绍兴,132.0
20201111,10,O3_8h,绍兴,14.0
20201111,10,O3_8h_24h,绍兴,16.0
20201111,10,CO,绍兴,0.7
20201111,10,CO_24h,绍兴,0.67
20201111,11,AQI,绍兴,32.0
20201111,11,PM2.5,绍兴,13.0
20201111,11,PM2.5_24h,绍兴,28.0
20201111,11,PM10,绍兴,32.0
20201111,11,PM10_24h,绍兴,65.0
20201111,11,SO2,绍兴,7.0
20201111,11,SO2_24h,绍兴,6.0
20201111,11,NO2,绍兴,20.0
20201111,11,NO2_24h,绍兴,42.0
20201111,11,O3,绍兴,85.0
20201111,11,O3_24h,绍兴,132.0
20201111,11,O3_8h,绍兴,23.0
20201111,11,O3_8h_24h,绍兴,23.0
20201111,11,CO,绍兴,0.53
20201111,11,CO_24h,绍兴,0.63
20201111,12,AQI,绍兴,30.0
20201111,12,PM2.5,绍兴,12.0
20201111,12,PM2.5_24h,绍兴,27.0
20201111,12,PM10,绍兴,30.0
20201111,12,PM10_24h,绍兴,63.0
20201111,12,SO2,绍兴,7.0
20201111,12,SO2_24h,绍兴,6.0
20201111,12,NO2,绍兴,15.0
20201111,12,NO2_24h,绍兴,42.0
20201111,12,O3,绍兴,97.0
20201111,12,O3_24h,绍兴,132.0
20201111,12,O3_8h,绍兴,34.0
20201111,12,O3_8h_24h,绍兴,34.0
20201111,12,CO,绍兴,0.5
20201111,12,CO_24h,绍兴,0.63
20201111,13,AQI,绍兴,41.0
20201111,13,PM2.5,绍兴,17.0
20201111,13,PM2.5_24h,绍兴,26.0
20201111,13,PM10,绍兴,41.0
20201111,13,PM10_24h,绍兴,62.0
20201111,13,SO2,绍兴,8.0
20201111,13,SO2_24h,绍兴,6.0
20201111,13,NO2,绍兴,17.0
20201111,13,NO2_24h,绍兴,41.0
20201111,13,O3,绍兴,102.0
20201111,13,O3_24h,绍兴,132.0
20201111,13,O3_8h,绍兴,46.0
20201111,13,O3_8h_24h,绍兴,46.0
20201111,13,CO,绍兴,0.5
20201111,13,CO_24h,绍兴,0.63
20201111,14,AQI,绍兴,54.0
20201111,14,PM2.5,绍兴,27.0
20201111,14,PM2.5_24h,绍兴,26.0
20201111,14,PM10,绍兴,57.0
20201111,14,PM10_24h,绍兴,60.0
20201111,14,SO2,绍兴,8.0
20201111,14,SO2_24h,绍兴,6.0
20201111,14,NO2,绍兴,19.0
20201111,14,NO2_24h,绍兴,41.0
20201111,14,O3,绍兴,116.0
20201111,14,O3_24h,绍兴,131.0
20201111,14,O3_8h,绍兴,60.0
20201111,14,O3_8h_24h,绍兴,60.0
20201111,14,CO,绍兴,0.57
20201111,14,CO_24h,绍兴,0.63
20201111,15,AQI,绍兴,56.0
20201111,15,PM2.5,绍兴,28.0
20201111,15,PM2.5_24h,绍兴,25.0
20201111,15,PM10,绍兴,62.0
20201111,15,PM10_24h,绍兴,59.0
20201111,15,SO2,绍兴,7.0
20201111,15,SO2_24h,绍兴,6.0
20201111,15,NO2,绍兴,19.0
20201111,15,NO2_24h,绍兴,41.0
20201111,15,O3,绍兴,119.0
20201111,15,O3_24h,绍兴,127.0
20201111,15,O3_8h,绍兴,75.0
20201111,15,O3_8h_24h,绍兴,75.0
20201111,15,CO,绍兴,0.6
20201111,15,CO_24h,绍兴,0.63
20201111,16,AQI,绍兴,59.0
20201111,16,PM2.5,绍兴,31.0
20201111,16,PM2.5_24h,绍兴,25.0
20201111,16,PM10,绍兴,68.0
20201111,16,PM10_24h,绍兴,59.0
20201111,16,SO2,绍兴,7.0
20201111,16,SO2_24h,绍兴,6.0
20201111,16,NO2,绍兴,23.0
20201111,16,NO2_24h,绍兴,41.0
20201111,16,O3,绍兴,119.0
20201111,16,O3_24h,绍兴,120.0
20201111,16,O3_8h,绍兴,87.0
20201111,16,O3_8h_24h,绍兴,87.0
20201111,16,CO,绍兴,0.67
20201111,16,CO_24h,绍兴,0.63
20201111,17,AQI,绍兴,57.0
20201111,17,PM2.5,绍兴,28.0
20201111,17,PM2.5_24h,绍兴,25.0
20201111,17,PM10,绍兴,63.0
20201111,17,PM10_24h,绍兴,59.0
20201111,17,SO2,绍兴,7.0
20201111,17,SO2_24h,绍兴,6.0
20201111,17,NO2,绍兴,28.0
20201111,17,NO2_24h,绍兴,41.0
20201111,17,O3,绍兴,98.0
20201111,17,O3_24h,绍兴,120.0
20201111,17,O3_8h,绍兴,97.0
20201111,17,O3_8h_24h,绍兴,97.0
20201111,17,CO,绍兴,0.63
20201111,17,CO_24h,绍兴,0.63
20201111,18,AQI,绍兴,55.0
20201111,18,PM2.5,绍兴,26.0
20201111,18,PM2.5_24h,绍兴,26.0
20201111,18,PM10,绍兴,59.0
20201111,18,PM10_24h,绍兴,60.0
20201111,18,SO2,绍兴,6.0
20201111,18,SO2_24h,绍兴,6.0
20201111,18,NO2,绍兴,27.0
20201111,18,NO2_24h,绍兴,41.0
20201111,18,O3,绍兴,90.0
20201111,18,O3_24h,绍兴,120.0
20201111,18,O3_8h,绍兴,103.0
20201111,18,O3_8h_24h,绍兴,103.0
20201111,18,CO,绍兴,0.6
20201111,18,CO_24h,绍兴,0.63
20201111,19,AQI,绍兴,59.0
20201111,19,PM2.5,绍兴,31.0
20201111,19,PM2.5_24h,绍兴,26.0
20201111,19,PM10,绍兴,67.0
20201111,19,PM10_24h,绍兴,60.0
20201111,19,SO2,绍兴,6.0
20201111,19,SO2_24h,绍兴,6.0
20201111,19,NO2,绍兴,37.0
20201111,19,NO2_24h,绍兴,41.0
20201111,19,O3,绍兴,71.0
20201111,19,O3_24h,绍兴,120.0
20201111,19,O3_8h,绍兴,101.0
20201111,19,O3_8h_24h,绍兴,103.0
20201111,19,CO,绍兴,0.6
20201111,19,CO_24h,绍兴,0.63
20201111,20,AQI,绍兴,63.0
20201111,20,PM2.5,绍兴,38.0
20201111,20,PM2.5_24h,绍兴,27.0
20201111,20,PM10,绍兴,75.0
20201111,20,PM10_24h,绍兴,61.0
20201111,20,SO2,绍兴,7.0
20201111,20,SO2_24h,绍兴,6.0
20201111,20,NO2,绍兴,40.0
20201111,20,NO2_24h,绍兴,40.0
20201111,20,O3,绍兴,60.0
20201111,20,O3_24h,绍兴,120.0
20201111,20,O3_8h,绍兴,95.0
20201111,20,O3_8h_24h,绍兴,103.0
20201111,20,CO,绍兴,0.63
20201111,20,CO_24h,绍兴,0.63
20201111,21,AQI,绍兴,60.0
20201111,21,PM2.5,绍兴,35.0
20201111,21,PM2.5_24h,绍兴,27.0
20201111,21,PM10,绍兴,69.0
20201111,21,PM10_24h,绍兴,60.0
20201111,21,SO2,绍兴,7.0
20201111,21,SO2_24h,绍兴,6.0
20201111,21,NO2,绍兴,44.0
20201111,21,NO2_24h,绍兴,38.0
20201111,21,O3,绍兴,47.0
20201111,21,O3_24h,绍兴,120.0
20201111,21,O3_8h,绍兴,88.0
20201111,21,O3_8h_24h,绍兴,103.0
20201111,21,CO,绍兴,0.63
20201111,21,CO_24h,绍兴,0.63
20201111,22,AQI,绍兴,59.0
20201111,22,PM2.5,绍兴,33.0
20201111,22,PM2.5_24h,绍兴,27.0
20201111,22,PM10,绍兴,67.0
20201111,22,PM10_24h,绍兴,60.0
20201111,22,SO2,绍兴,7.0
20201111,22,SO2_24h,绍兴,6.0
20201111,22,NO2,绍兴,54.0
20201111,22,NO2_24h,绍兴,38.0
20201111,22,O3,绍兴,32.0
20201111,22,O3_24h,绍兴,120.0
20201111,22,O3_8h,绍兴,77.0
20201111,22,O3_8h_24h,绍兴,103.0
20201111,22,CO,绍兴,0.67
20201111,22,CO_24h,绍兴,0.63
20201111,23,AQI,绍兴,55.0
20201111,23,PM2.5,绍兴,29.0
20201111,23,PM2.5_24h,绍兴,27.0
20201111,23,PM10,绍兴,59.0
20201111,23,PM10_24h,绍兴,58.0
20201111,23,SO2,绍兴,8.0
20201111,23,SO2_24h,绍兴,6.0
20201111,23,NO2,绍兴,54.0
20201111,23,NO2_24h,绍兴,37.0
20201111,23,O3,绍兴,28.0
20201111,23,O3_24h,绍兴,120.0
20201111,23,O3_8h,绍兴,65.0
20201111,23,O3_8h_24h,绍兴,103.0
20201111,23,CO,绍兴,0.63
20201111,23,CO_24h,绍兴,0.63
20201111,0,AQI,湖州,62.0
20201111,0,PM2.5,湖州,26.0
20201111,0,PM2.5_24h,湖州,29.0
20201111,0,PM10,湖州,73.0
20201111,0,PM10_24h,湖州,90.0
20201111,0,SO2,湖州,7.0
20201111,0,SO2_24h,湖州,8.0
20201111,0,NO2,湖州,75.0
20201111,0,NO2_24h,湖州,54.0
20201111,0,O3,湖州,17.0
20201111,0,O3_24h,湖州,142.0
20201111,0,O3_8h,湖州,61.0
20201111,0,O3_8h_24h,湖州,122.0
20201111,0,CO,湖州,0.63
20201111,0,CO_24h,湖州,0.6
20201111,1,AQI,湖州,64.0
20201111,1,PM2.5,湖州,27.0
20201111,1,PM2.5_24h,湖州,29.0
20201111,1,PM10,湖州,77.0
20201111,1,PM10_24h,湖州,89.0
20201111,1,SO2,湖州,6.0
20201111,1,SO2_24h,湖州,8.0
20201111,1,NO2,湖州,76.0
20201111,1,NO2_24h,湖州,54.0
20201111,1,O3,湖州,10.0
20201111,1,O3_24h,湖州,142.0
20201111,1,O3_8h,湖州,10.0
20201111,1,O3_8h_24h,湖州,10.0
20201111,1,CO,湖州,0.67
20201111,1,CO_24h,湖州,0.6
20201111,2,AQI,湖州,66.0
20201111,2,PM2.5,湖州,32.0
20201111,2,PM2.5_24h,湖州,29.0
20201111,2,PM10,湖州,82.0
20201111,2,PM10_24h,湖州,89.0
20201111,2,SO2,湖州,7.0
20201111,2,SO2_24h,湖州,8.0
20201111,2,NO2,湖州,67.0
20201111,2,NO2_24h,湖州,54.0
20201111,2,O3,湖州,19.0
20201111,2,O3_24h,湖州,142.0
20201111,2,O3_8h,湖州,14.0
20201111,2,O3_8h_24h,湖州,14.0
20201111,2,CO,湖州,0.57
20201111,2,CO_24h,湖州,0.6
20201111,3,AQI,湖州,52.0
20201111,3,PM2.5,湖州,20.0
20201111,3,PM2.5_24h,湖州,29.0
20201111,3,PM10,湖州,54.0
20201111,3,PM10_24h,湖州,87.0
20201111,3,SO2,湖州,7.0
20201111,3,SO2_24h,湖州,8.0
20201111,3,NO2,湖州,61.0
20201111,3,NO2_24h,湖州,55.0
20201111,3,O3,湖州,22.0
20201111,3,O3_24h,湖州,142.0
20201111,3,O3_8h,湖州,17.0
20201111,3,O3_8h_24h,湖州,17.0
20201111,3,CO,湖州,0.53
20201111,3,CO_24h,湖州,0.6
20201111,4,AQI,湖州,53.0
20201111,4,PM2.5,湖州,22.0
20201111,4,PM2.5_24h,湖州,28.0
20201111,4,PM10,湖州,55.0
20201111,4,PM10_24h,湖州,86.0
20201111,4,SO2,湖州,7.0
20201111,4,SO2_24h,湖州,8.0
20201111,4,NO2,湖州,62.0
20201111,4,NO2_24h,湖州,55.0
20201111,4,O3,湖州,17.0
20201111,4,O3_24h,湖州,142.0
20201111,4,O3_8h,湖州,17.0
20201111,4,O3_8h_24h,湖州,17.0
20201111,4,CO,湖州,0.57
20201111,4,CO_24h,湖州,0.6
20201111,5,AQI,湖州,58.0
20201111,5,PM2.5,湖州,30.0
20201111,5,PM2.5_24h,湖州,29.0
20201111,5,PM10,湖州,66.0
20201111,5,PM10_24h,湖州,86.0
20201111,5,SO2,湖州,7.0
20201111,5,SO2_24h,湖州,8.0
20201111,5,NO2,湖州,66.0
20201111,5,NO2_24h,湖州,55.0
20201111,5,O3,湖州,10.0
20201111,5,O3_24h,湖州,142.0
20201111,5,O3_8h,湖州,15.0
20201111,5,O3_8h_24h,湖州,17.0
20201111,5,CO,湖州,0.57
20201111,5,CO_24h,湖州,0.6
20201111,6,AQI,湖州,57.0
20201111,6,PM2.5,湖州,34.0
20201111,6,PM2.5_24h,湖州,29.0
20201111,6,PM10,湖州,64.0
20201111,6,PM10_24h,湖州,84.0
20201111,6,SO2,湖州,7.0
20201111,6,SO2_24h,湖州,8.0
20201111,6,NO2,湖州,61.0
20201111,6,NO2_24h,湖州,55.0
20201111,6,O3,湖州,11.0
20201111,6,O3_24h,湖州,142.0
20201111,6,O3_8h,湖州,15.0
20201111,6,O3_8h_24h,湖州,17.0
20201111,6,CO,湖州,0.53
20201111,6,CO_24h,湖州,0.6
20201111,7,AQI,湖州,75.0
20201111,7,PM2.5,湖州,33.0
20201111,7,PM2.5_24h,湖州,28.0
20201111,7,PM10,湖州,100.0
20201111,7,PM10_24h,湖州,94.0
20201111,7,SO2,湖州,5.0
20201111,7,SO2_24h,湖州,7.0
20201111,7,NO2,湖州,69.0
20201111,7,NO2_24h,湖州,69.0
20201111,7,O3,湖州,4.0
20201111,7,O3_24h,湖州,145.0
20201111,7,O3_8h,湖州,4.0
20201111,7,O3_8h_24h,湖州,4.0
20201111,7,CO,湖州,0.5
20201111,7,CO_24h,湖州,0.6
20201111,8,AQI,湖州,65.0
20201111,8,PM2.5,湖州,35.0
20201111,8,PM2.5_24h,湖州,29.0
20201111,8,PM10,湖州,79.0
20201111,8,PM10_24h,湖州,82.0
20201111,8,SO2,湖州,8.0
20201111,8,SO2_24h,湖州,8.0
20201111,8,NO2,湖州,69.0
20201111,8,NO2_24h,湖州,55.0
20201111,8,O3,湖州,7.0
20201111,8,O3_24h,湖州,142.0
20201111,8,O3_8h,湖州,13.0
20201111,8,O3_8h_24h,湖州,17.0
20201111,8,CO,湖州,0.8
20201111,8,CO_24h,湖州,0.6
20201111,10,AQI,湖州,53.0
20201111,10,PM2.5,湖州,18.0
20201111,10,PM2.5_24h,湖州,28.0
20201111,10,PM10,湖州,55.0
20201111,10,PM10_24h,湖州,79.0
20201111,10,SO2,湖州,10.0
20201111,10,SO2_24h,湖州,7.0
20201111,10,NO2,湖州,52.0
20201111,10,NO2_24h,湖州,55.0
20201111,10,O3,湖州,52.0
20201111,10,O3_24h,湖州,142.0
20201111,10,O3_8h,湖州,18.0
20201111,10,O3_8h_24h,湖州,21.0
20201111,10,CO,湖州,0.53
20201111,10,CO_24h,湖州,0.6
20201111,11,AQI,湖州,44.0
20201111,11,PM2.5,湖州,13.0
20201111,11,PM2.5_24h,湖州,28.0
20201111,11,PM10,湖州,44.0
20201111,11,PM10_24h,湖州,78.0
20201111,11,SO2,湖州,8.0
20201111,11,SO2_24h,湖州,7.0
20201111,11,NO2,湖州,28.0
20201111,11,NO2_24h,湖州,55.0
20201111,11,O3,湖州,91.0
20201111,11,O3_24h,湖州,142.0
20201111,11,O3_8h,湖州,27.0
20201111,11,O3_8h_24h,湖州,29.0
20201111,11,CO,湖州,0.4
20201111,11,CO_24h,湖州,0.6
20201111,12,AQI,湖州,34.0
20201111,12,PM2.5,湖州,11.0
20201111,12,PM2.5_24h,湖州,27.0
20201111,12,PM10,湖州,34.0
20201111,12,PM10_24h,湖州,75.0
20201111,12,SO2,湖州,7.0
20201111,12,SO2_24h,湖州,7.0
20201111,12,NO2,湖州,27.0
20201111,12,NO2_24h,湖州,55.0
20201111,12,O3,湖州,88.0
20201111,12,O3_24h,湖州,142.0
20201111,12,O3_8h,湖州,35.0
20201111,12,O3_8h_24h,湖州,35.0
20201111,12,CO,湖州,0.4
20201111,12,CO_24h,湖州,0.6
20201111,13,AQI,湖州,33.0
20201111,13,PM2.5,湖州,10.0
20201111,13,PM2.5_24h,湖州,26.0
20201111,13,PM10,湖州,33.0
20201111,13,PM10_24h,湖州,74.0
20201111,13,SO2,湖州,6.0
20201111,13,SO2_24h,湖州,7.0
20201111,13,NO2,湖州,20.0
20201111,13,NO2_24h,湖州,56.0
20201111,13,O3,湖州,95.0
20201111,13,O3_24h,湖州,142.0
20201111,13,O3_8h,湖州,46.0
20201111,13,O3_8h_24h,湖州,46.0
20201111,13,CO,湖州,0.43
20201111,13,CO_24h,湖州,0.6
20201111,14,AQI,湖州,44.0
20201111,14,PM2.5,湖州,12.0
20201111,14,PM2.5_24h,湖州,25.0
20201111,14,PM10,湖州,44.0
20201111,14,PM10_24h,湖州,72.0
20201111,14,SO2,湖州,6.0
20201111,14,SO2_24h,湖州,7.0
20201111,14,NO2,湖州,22.0
20201111,14,NO2_24h,湖州,55.0
20201111,14,O3,湖州,102.0
20201111,14,O3_24h,湖州,141.0
20201111,14,O3_8h,湖州,55.0
20201111,14,O3_8h_24h,湖州,55.0
20201111,14,CO,湖州,0.4
20201111,14,CO_24h,湖州,0.57
20201111,15,AQI,湖州,51.0
20201111,15,PM2.5,湖州,15.0
20201111,15,PM2.5_24h,湖州,24.0
20201111,15,PM10,湖州,52.0
20201111,15,PM10_24h,湖州,70.0
20201111,15,SO2,湖州,6.0
20201111,15,SO2_24h,湖州,7.0
20201111,15,NO2,湖州,23.0
20201111,15,NO2_24h,湖州,55.0
20201111,15,O3,湖州,110.0
20201111,15,O3_24h,湖州,141.0
20201111,15,O3_8h,湖州,69.0
20201111,15,O3_8h_24h,湖州,69.0
20201111,15,CO,湖州,0.47
20201111,15,CO_24h,湖州,0.57
20201111,16,AQI,湖州,55.0
20201111,16,PM2.5,湖州,17.0
20201111,16,PM2.5_24h,湖州,23.0
20201111,16,PM10,湖州,59.0
20201111,16,PM10_24h,湖州,68.0
20201111,16,SO2,湖州,6.0
20201111,16,SO2_24h,湖州,7.0
20201111,16,NO2,湖州,27.0
20201111,16,NO2_24h,湖州,55.0
20201111,16,O3,湖州,108.0
20201111,16,O3_24h,湖州,127.0
20201111,16,O3_8h,湖州,82.0
20201111,16,O3_8h_24h,湖州,82.0
20201111,16,CO,湖州,0.47
20201111,16,CO_24h,湖州,0.57
20201111,17,AQI,湖州,58.0
20201111,17,PM2.5,湖州,19.0
20201111,17,PM2.5_24h,湖州,23.0
20201111,17,PM10,湖州,65.0
20201111,17,PM10_24h,湖州,67.0
20201111,17,SO2,湖州,6.0
20201111,17,SO2_24h,湖州,7.0
20201111,17,NO2,湖州,37.0
20201111,17,NO2_24h,湖州,56.0
20201111,17,O3,湖州,91.0
20201111,17,O3_24h,湖州,113.0
20201111,17,O3_8h,湖州,92.0
20201111,17,O3_8h_24h,湖州,92.0
20201111,17,CO,湖州,0.53
20201111,17,CO_24h,湖州,0.57
20201111,18,AQI,湖州,65.0
20201111,18,PM2.5,湖州,23.0
20201111,18,PM2.5_24h,湖州,23.0
20201111,18,PM10,湖州,80.0
20201111,18,PM10_24h,湖州,67.0
20201111,18,SO2,湖州,6.0
20201111,18,SO2_24h,湖州,7.0
20201111,18,NO2,湖州,48.0
20201111,18,NO2_24h,湖州,56.0
20201111,18,O3,湖州,73.0
20201111,18,O3_24h,湖州,113.0
20201111,18,O3_8h,湖州,95.0
20201111,18,O3_8h_24h,湖州,95.0
20201111,18,CO,湖州,0.63
20201111,18,CO_24h,湖州,0.6
20201111,19,AQI,湖州,68.0
20201111,19,PM2.5,湖州,28.0
20201111,19,PM2.5_24h,湖州,23.0
20201111,19,PM10,湖州,86.0
20201111,19,PM10_24h,湖州,66.0
20201111,19,SO2,湖州,6.0
20201111,19,SO2_24h,湖州,7.0
20201111,19,NO2,湖州,58.0
20201111,19,NO2_24h,湖州,56.0
20201111,19,O3,湖州,56.0
20201111,19,O3_24h,湖州,113.0
20201111,19,O3_8h,湖州,90.0
20201111,19,O3_8h_24h,湖州,95.0
20201111,19,CO,湖州,0.63
20201111,19,CO_24h,湖州,0.57
20201111,20,AQI,湖州,61.0
20201111,20,PM2.5,湖州,26.0
20201111,20,PM2.5_24h,湖州,23.0
20201111,20,PM10,湖州,71.0
20201111,20,PM10_24h,湖州,66.0
20201111,20,SO2,湖州,5.0
20201111,20,SO2_24h,湖州,7.0
20201111,20,NO2,湖州,40.0
20201111,20,NO2_24h,湖州,55.0
20201111,20,O3,湖州,69.0
20201111,20,O3_24h,湖州,113.0
20201111,20,O3_8h,湖州,87.0
20201111,20,O3_8h_24h,湖州,95.0
20201111,20,CO,湖州,0.5
20201111,20,CO_24h,湖州,0.57
20201111,21,AQI,湖州,40.0
20201111,21,PM2.5,湖州,12.0
20201111,21,PM2.5_24h,湖州,23.0
20201111,21,PM10,湖州,40.0
20201111,21,PM10_24h,湖州,64.0
20201111,21,SO2,湖州,5.0
20201111,21,SO2_24h,湖州,7.0
20201111,21,NO2,湖州,39.0
20201111,21,NO2_24h,湖州,54.0
20201111,21,O3,湖州,61.0
20201111,21,O3_24h,湖州,113.0
20201111,21,O3_8h,湖州,83.0
20201111,21,O3_8h_24h,湖州,95.0
20201111,21,CO,湖州,0.43
20201111,21,CO_24h,湖州,0.57
20201111,22,AQI,湖州,42.0
20201111,22,PM2.5,湖州,16.0
20201111,22,PM2.5_24h,湖州,22.0
20201111,22,PM10,湖州,42.0
20201111,22,PM10_24h,湖州,63.0
20201111,22,SO2,湖州,6.0
20201111,22,SO2_24h,湖州,7.0
20201111,22,NO2,湖州,42.0
20201111,22,NO2_24h,湖州,51.0
20201111,22,O3,湖州,48.0
20201111,22,O3_24h,湖州,113.0
20201111,22,O3_8h,湖州,77.0
20201111,22,O3_8h_24h,湖州,95.0
20201111,22,CO,湖州,0.4
20201111,22,CO_24h,湖州,0.53
20201111,23,AQI,湖州,49.0
20201111,23,PM2.5,湖州,20.0
20201111,23,PM2.5_24h,湖州,22.0
20201111,23,PM10,湖州,49.0
20201111,23,PM10_24h,湖州,61.0
20201111,23,SO2,湖州,7.0
20201111,23,SO2_24h,湖州,7.0
20201111,23,NO2,湖州,39.0
20201111,23,NO2_24h,湖州,50.0
20201111,23,O3,湖州,47.0
20201111,23,O3_24h,湖州,113.0
20201111,23,O3_8h,湖州,69.0
20201111,23,O3_8h_24h,湖州,95.0
20201111,23,CO,湖州,0.4
20201111,23,CO_24h,湖州,0.53
20201111,0,AQI,嘉兴,53.0
20201111,0,PM2.5,嘉兴,19.0
20201111,0,PM2.5_24h,嘉兴,20.0
20201111,0,PM10,嘉兴,55.0
20201111,0,PM10_24h,嘉兴,59.0
20201111,0,SO2,嘉兴,5.0
20201111,0,SO2_24h,嘉兴,6.0
20201111,0,NO2,嘉兴,63.0
20201111,0,NO2_24h,嘉兴,49.0
20201111,0,O3,嘉兴,30.0
20201111,0,O3_24h,嘉兴,108.0
20201111,0,O3_8h,嘉兴,47.0
20201111,0,O3_8h_24h,嘉兴,103.0
20201111,0,CO,嘉兴,0.53
20201111,0,CO_24h,嘉兴,0.57
20201111,1,AQI,嘉兴,49.0
20201111,1,PM2.5,嘉兴,18.0
20201111,1,PM2.5_24h,嘉兴,20.0
20201111,1,PM10,嘉兴,49.0
20201111,1,PM10_24h,嘉兴,59.0
20201111,1,SO2,嘉兴,5.0
20201111,1,SO2_24h,嘉兴,6.0
20201111,1,NO2,嘉兴,58.0
20201111,1,NO2_24h,嘉兴,50.0
20201111,1,O3,嘉兴,33.0
20201111,1,O3_24h,嘉兴,108.0
20201111,1,O3_8h,嘉兴,33.0
20201111,1,O3_8h_24h,嘉兴,33.0
20201111,1,CO,嘉兴,0.53
20201111,1,CO_24h,嘉兴,0.57
20201111,2,AQI,嘉兴,49.0
20201111,2,PM2.5,嘉兴,17.0
20201111,2,PM2.5_24h,嘉兴,20.0
20201111,2,PM10,嘉兴,49.0
20201111,2,PM10_24h,嘉兴,58.0
20201111,2,SO2,嘉兴,5.0
20201111,2,SO2_24h,嘉兴,6.0
20201111,2,NO2,嘉兴,64.0
20201111,2,NO2_24h,嘉兴,50.0
20201111,2,O3,嘉兴,24.0
20201111,2,O3_24h,嘉兴,108.0
20201111,2,O3_8h,嘉兴,28.0
20201111,2,O3_8h_24h,嘉兴,33.0
20201111,2,CO,嘉兴,0.53
20201111,2,CO_24h,嘉兴,0.53
20201111,3,AQI,嘉兴,44.0
20201111,3,PM2.5,嘉兴,15.0
20201111,3,PM2.5_24h,嘉兴,20.0
20201111,3,PM10,嘉兴,44.0
20201111,3,PM10_24h,嘉兴,58.0
20201111,3,SO2,嘉兴,6.0
20201111,3,SO2_24h,嘉兴,6.0
20201111,3,NO2,嘉兴,64.0
20201111,3,NO2_24h,嘉兴,51.0
20201111,3,O3,嘉兴,23.0
20201111,3,O3_24h,嘉兴,108.0
20201111,3,O3_8h,嘉兴,26.0
20201111,3,O3_8h_24h,嘉兴,33.0
20201111,3,CO,嘉兴,0.53
20201111,3,CO_24h,嘉兴,0.53
20201111,4,AQI,嘉兴,41.0
20201111,4,PM2.5,嘉兴,13.0
20201111,4,PM2.5_24h,嘉兴,20.0
20201111,4,PM10,嘉兴,41.0
20201111,4,PM10_24h,嘉兴,57.0
20201111,4,SO2,嘉兴,6.0
20201111,4,SO2_24h,嘉兴,6.0
20201111,4,NO2,嘉兴,67.0
20201111,4,NO2_24h,嘉兴,52.0
20201111,4,O3,嘉兴,19.0
20201111,4,O3_24h,嘉兴,108.0
20201111,4,O3_8h,嘉兴,25.0
20201111,4,O3_8h_24h,嘉兴,33.0
20201111,4,CO,嘉兴,0.47
20201111,4,CO_24h,嘉兴,0.53
20201111,5,AQI,嘉兴,51.0
20201111,5,PM2.5,嘉兴,19.0
20201111,5,PM2.5_24h,嘉兴,20.0
20201111,5,PM10,嘉兴,52.0
20201111,5,PM10_24h,嘉兴,57.0
20201111,5,SO2,嘉兴,5.0
20201111,5,SO2_24h,嘉兴,6.0
20201111,5,NO2,嘉兴,75.0
20201111,5,NO2_24h,嘉兴,53.0
20201111,5,O3,嘉兴,12.0
20201111,5,O3_24h,嘉兴,108.0
20201111,5,O3_8h,嘉兴,22.0
20201111,5,O3_8h_24h,嘉兴,33.0
20201111,5,CO,嘉兴,0.5
20201111,5,CO_24h,嘉兴,0.53
20201111,6,AQI,嘉兴,60.0
20201111,6,PM2.5,嘉兴,29.0
20201111,6,PM2.5_24h,嘉兴,20.0
20201111,6,PM10,嘉兴,70.0
20201111,6,PM10_24h,嘉兴,57.0
20201111,6,SO2,嘉兴,6.0
20201111,6,SO2_24h,嘉兴,6.0
20201111,6,NO2,嘉兴,84.0
20201111,6,NO2_24h,嘉兴,54.0
20201111,6,O3,嘉兴,3.0
20201111,6,O3_24h,嘉兴,108.0
20201111,6,O3_8h,嘉兴,19.0
20201111,6,O3_8h_24h,嘉兴,33.0
20201111,6,CO,嘉兴,0.6
20201111,6,CO_24h,嘉兴,0.53
20201111,8,AQI,嘉兴,58.0
20201111,8,PM2.5,嘉兴,27.0
20201111,8,PM2.5_24h,嘉兴,20.0
20201111,8,PM10,嘉兴,66.0
20201111,8,PM10_24h,嘉兴,57.0
20201111,8,SO2,嘉兴,8.0
20201111,8,SO2_24h,嘉兴,6.0
20201111,8,NO2,嘉兴,83.0
20201111,8,NO2_24h,嘉兴,56.0
20201111,8,O3,嘉兴,10.0
20201111,8,O3_24h,嘉兴,108.0
20201111,8,O3_8h,嘉兴,16.0
20201111,8,O3_8h_24h,嘉兴,33.0
20201111,8,CO,嘉兴,0.8
20201111,8,CO_24h,嘉兴,0.57
20201111,10,AQI,嘉兴,39.0
20201111,10,PM2.5,嘉兴,14.0
20201111,10,PM2.5_24h,嘉兴,20.0
20201111,10,PM10,嘉兴,39.0
20201111,10,PM10_24h,嘉兴,55.0
20201111,10,SO2,嘉兴,6.0
20201111,10,SO2_24h,嘉兴,6.0
20201111,10,NO2,嘉兴,42.0
20201111,10,NO2_24h,嘉兴,56.0
20201111,10,O3,嘉兴,64.0
20201111,10,O3_24h,嘉兴,108.0
20201111,10,O3_8h,嘉兴,20.0
20201111,10,O3_8h_24h,嘉兴,33.0
20201111,10,CO,嘉兴,0.5
20201111,10,CO_24h,嘉兴,0.57
20201111,11,AQI,嘉兴,34.0
20201111,11,PM2.5,嘉兴,12.0
20201111,11,PM2.5_24h,嘉兴,19.0
20201111,11,PM10,嘉兴,34.0
20201111,11,PM10_24h,嘉兴,54.0
20201111,11,SO2,嘉兴,7.0
20201111,11,SO2_24h,嘉兴,6.0
20201111,11,NO2,嘉兴,27.0
20201111,11,NO2_24h,嘉兴,56.0
20201111,11,O3,嘉兴,87.0
20201111,11,O3_24h,嘉兴,108.0
20201111,11,O3_8h,嘉兴,29.0
20201111,11,O3_8h_24h,嘉兴,35.0
20201111,11,CO,嘉兴,0.5
20201111,11,CO_24h,嘉兴,0.57
20201111,12,AQI,嘉兴,44.0
20201111,12,PM2.5,嘉兴,18.0
20201111,12,PM2.5_24h,嘉兴,19.0
20201111,12,PM10,嘉兴,44.0
20201111,12,PM10_24h,嘉兴,52.0
20201111,12,SO2,嘉兴,6.0
20201111,12,SO2_24h,嘉兴,6.0
20201111,12,NO2,嘉兴,24.0
20201111,12,NO2_24h,嘉兴,56.0
20201111,12,O3,嘉兴,99.0
20201111,12,O3_24h,嘉兴,108.0
20201111,12,O3_8h,嘉兴,39.0
20201111,12,O3_8h_24h,嘉兴,40.0
20201111,12,CO,嘉兴,0.5
20201111,12,CO_24h,嘉兴,0.57
20201111,13,AQI,嘉兴,48.0
20201111,13,PM2.5,嘉兴,21.0
20201111,13,PM2.5_24h,嘉兴,19.0
20201111,13,PM10,嘉兴,48.0
20201111,13,PM10_24h,嘉兴,51.0
20201111,13,SO2,嘉兴,7.0
20201111,13,SO2_24h,嘉兴,6.0
20201111,13,NO2,嘉兴,25.0
20201111,13,NO2_24h,嘉兴,55.0
20201111,13,O3,嘉兴,102.0
20201111,13,O3_24h,嘉兴,108.0
20201111,13,O3_8h,嘉兴,50.0
20201111,13,O3_8h_24h,嘉兴,50.0
20201111,13,CO,嘉兴,0.6
20201111,13,CO_24h,嘉兴,0.57
20201111,14,AQI,嘉兴,51.0
20201111,14,PM2.5,嘉兴,22.0
20201111,14,PM2.5_24h,嘉兴,19.0
20201111,14,PM10,嘉兴,51.0
20201111,14,PM10_24h,嘉兴,51.0
20201111,14,SO2,嘉兴,6.0
20201111,14,SO2_24h,嘉兴,6.0
20201111,14,NO2,嘉兴,28.0
20201111,14,NO2_24h,嘉兴,55.0
20201111,14,O3,嘉兴,100.0
20201111,14,O3_24h,嘉兴,104.0
20201111,14,O3_8h,嘉兴,62.0
20201111,14,O3_8h_24h,嘉兴,62.0
20201111,14,CO,嘉兴,0.6
20201111,14,CO_24h,嘉兴,0.57
20201111,15,AQI,嘉兴,53.0
20201111,15,PM2.5,嘉兴,22.0
20201111,15,PM2.5_24h,嘉兴,19.0
20201111,15,PM10,嘉兴,55.0
20201111,15,PM10_24h,嘉兴,50.0
20201111,15,SO2,嘉兴,5.0
20201111,15,SO2_24h,嘉兴,6.0
20201111,15,NO2,嘉兴,28.0
20201111,15,NO2_24h,嘉兴,54.0
20201111,15,O3,嘉兴,105.0
20201111,15,O3_24h,嘉兴,105.0
20201111,15,O3_8h,嘉兴,75.0
20201111,15,O3_8h_24h,嘉兴,75.0
20201111,15,CO,嘉兴,0.6
20201111,15,CO_24h,嘉兴,0.57
20201111,16,AQI,嘉兴,54.0
20201111,16,PM2.5,嘉兴,23.0
20201111,16,PM2.5_24h,嘉兴,19.0
20201111,16,PM10,嘉兴,58.0
20201111,16,PM10_24h,嘉兴,50.0
20201111,16,SO2,嘉兴,6.0
20201111,16,SO2_24h,嘉兴,6.0
20201111,16,NO2,嘉兴,33.0
20201111,16,NO2_24h,嘉兴,54.0
20201111,16,O3,嘉兴,102.0
20201111,16,O3_24h,嘉兴,105.0
20201111,16,O3_8h,嘉兴,86.0
20201111,16,O3_8h_24h,嘉兴,86.0
20201111,16,CO,嘉兴,0.6
20201111,16,CO_24h,嘉兴,0.57
20201111,17,AQI,嘉兴,41.0
20201111,17,PM2.5,嘉兴,15.0
20201111,17,PM2.5_24h,嘉兴,19.0
20201111,17,PM10,嘉兴,41.0
20201111,17,PM10_24h,嘉兴,50.0
20201111,17,SO2,嘉兴,6.0
20201111,17,SO2_24h,嘉兴,6.0
20201111,17,NO2,嘉兴,31.0
20201111,17,NO2_24h,嘉兴,54.0
20201111,17,O3,嘉兴,97.0
20201111,17,O3_24h,嘉兴,105.0
20201111,17,O3_8h,嘉兴,94.0
20201111,17,O3_8h_24h,嘉兴,94.0
20201111,17,CO,嘉兴,0.57
20201111,17,CO_24h,嘉兴,0.57
20201111,18,AQI,嘉兴,31.0
20201111,18,PM2.5,嘉兴,11.0
20201111,18,PM2.5_24h,嘉兴,19.0
20201111,18,PM10,嘉兴,31.0
20201111,18,PM10_24h,嘉兴,50.0
20201111,18,SO2,嘉兴,5.0
20201111,18,SO2_24h,嘉兴,6.0
20201111,18,NO2,嘉兴,30.0
20201111,18,NO2_24h,嘉兴,54.0
20201111,18,O3,嘉兴,88.0
20201111,18,O3_24h,嘉兴,105.0
20201111,18,O3_8h,嘉兴,98.0
20201111,18,O3_8h_24h,嘉兴,98.0
20201111,18,CO,嘉兴,0.5
20201111,18,CO_24h,嘉兴,0.57
20201111,19,AQI,嘉兴,30.0
20201111,19,PM2.5,嘉兴,11.0
20201111,19,PM2.5_24h,嘉兴,19.0
20201111,19,PM10,嘉兴,30.0
20201111,19,PM10_24h,嘉兴,49.0
20201111,19,SO2,嘉兴,5.0
20201111,19,SO2_24h,嘉兴,6.0
20201111,19,NO2,嘉兴,36.0
20201111,19,NO2_24h,嘉兴,54.0
20201111,19,O3,嘉兴,72.0
20201111,19,O3_24h,嘉兴,105.0
20201111,19,O3_8h,嘉兴,95.0
20201111,19,O3_8h_24h,嘉兴,98.0
20201111,19,CO,嘉兴,0.5
20201111,19,CO_24h,嘉兴,0.57
20201111,20,AQI,嘉兴,37.0
20201111,20,PM2.5,嘉兴,14.0
20201111,20,PM2.5_24h,嘉兴,19.0
20201111,20,PM10,嘉兴,37.0
20201111,20,PM10_24h,嘉兴,49.0
20201111,20,SO2,嘉兴,5.0
20201111,20,SO2_24h,嘉兴,6.0
20201111,20,NO2,嘉兴,44.0
20201111,20,NO2_24h,嘉兴,54.0
20201111,20,O3,嘉兴,54.0
20201111,20,O3_24h,嘉兴,105.0
20201111,20,O3_8h,嘉兴,90.0
20201111,20,O3_8h_24h,嘉兴,98.0
20201111,20,CO,嘉兴,0.5
20201111,20,CO_24h,嘉兴,0.57
20201111,21,AQI,嘉兴,37.0
20201111,21,PM2.5,嘉兴,14.0
20201111,21,PM2.5_24h,嘉兴,18.0
20201111,21,PM10,嘉兴,37.0
20201111,21,PM10_24h,嘉兴,49.0
20201111,21,SO2,嘉兴,5.0
20201111,21,SO2_24h,嘉兴,6.0
20201111,21,NO2,嘉兴,45.0
20201111,21,NO2_24h,嘉兴,52.0
20201111,21,O3,嘉兴,49.0
20201111,21,O3_24h,嘉兴,105.0
20201111,21,O3_8h,嘉兴,83.0
20201111,21,O3_8h_24h,嘉兴,98.0
20201111,21,CO,嘉兴,0.47
20201111,21,CO_24h,嘉兴,0.57
20201111,22,AQI,嘉兴,46.0
20201111,22,PM2.5,嘉兴,19.0
20201111,22,PM2.5_24h,嘉兴,18.0
20201111,22,PM10,嘉兴,46.0
20201111,22,PM10_24h,嘉兴,48.0
20201111,22,SO2,嘉兴,5.0
20201111,22,SO2_24h,嘉兴,6.0
20201111,22,NO2,嘉兴,49.0
20201111,22,NO2_24h,嘉兴,51.0
20201111,22,O3,嘉兴,40.0
20201111,22,O3_24h,嘉兴,105.0
20201111,22,O3_8h,嘉兴,76.0
20201111,22,O3_8h_24h,嘉兴,98.0
20201111,22,CO,嘉兴,0.47
20201111,22,CO_24h,嘉兴,0.57
20201111,23,AQI,嘉兴,36.0
20201111,23,PM2.5,嘉兴,14.0
20201111,23,PM2.5_24h,嘉兴,18.0
20201111,23,PM10,嘉兴,36.0
20201111,23,PM10_24h,嘉兴,48.0
20201111,23,SO2,嘉兴,5.0
20201111,23,SO2_24h,嘉兴,6.0
20201111,23,NO2,嘉兴,45.0
20201111,23,NO2_24h,嘉兴,50.0
20201111,23,O3,嘉兴,41.0
20201111,23,O3_24h,嘉兴,105.0
20201111,23,O3_8h,嘉兴,68.0
20201111,23,O3_8h_24h,嘉兴,98.0
20201111,23,CO,嘉兴,0.43
20201111,23,CO_24h,嘉兴,0.57
20201111,0,AQI,台州,42.0
20201111,0,PM2.5,台州,15.0
20201111,0,PM2.5_24h,台州,16.0
20201111,0,PM10,台州,42.0
20201111,0,PM10_24h,台州,49.0
20201111,0,SO2,台州,4.0
20201111,0,SO2_24h,台州,5.0
20201111,0,NO2,台州,34.0
20201111,0,NO2_24h,台州,23.0
20201111,0,O3,台州,45.0
20201111,0,O3_24h,台州,100.0
20201111,0,O3_8h,台州,68.0
20201111,0,O3_8h_24h,台州,92.0
20201111,0,CO,台州,0.37
20201111,0,CO_24h,台州,0.37
20201111,1,AQI,台州,44.0
20201111,1,PM2.5,台州,15.0
20201111,1,PM2.5_24h,台州,16.0
20201111,1,PM10,台州,44.0
20201111,1,PM10_24h,台州,48.0
20201111,1,SO2,台州,4.0
20201111,1,SO2_24h,台州,5.0
20201111,1,NO2,台州,39.0
20201111,1,NO2_24h,台州,23.0
20201111,1,O3,台州,36.0
20201111,1,O3_24h,台州,100.0
20201111,1,O3_8h,台州,36.0
20201111,1,O3_8h_24h,台州,36.0
20201111,1,CO,台州,0.33
20201111,1,CO_24h,台州,0.37
20201111,2,AQI,台州,44.0
20201111,2,PM2.5,台州,16.0
20201111,2,PM2.5_24h,台州,16.0
20201111,2,PM10,台州,44.0
20201111,2,PM10_24h,台州,47.0
20201111,2,SO2,台州,4.0
20201111,2,SO2_24h,台州,5.0
20201111,2,NO2,台州,39.0
20201111,2,NO2_24h,台州,24.0
20201111,2,O3,台州,33.0
20201111,2,O3_24h,台州,100.0
20201111,2,O3_8h,台州,34.0
20201111,2,O3_8h_24h,台州,36.0
20201111,2,CO,台州,0.33
20201111,2,CO_24h,台州,0.37
20201111,3,AQI,台州,46.0
20201111,3,PM2.5,台州,17.0
20201111,3,PM2.5_24h,台州,16.0
20201111,3,PM10,台州,46.0
20201111,3,PM10_24h,台州,46.0
20201111,3,SO2,台州,4.0
20201111,3,SO2_24h,台州,5.0
20201111,3,NO2,台州,36.0
20201111,3,NO2_24h,台州,24.0
20201111,3,O3,台州,33.0
20201111,3,O3_24h,台州,100.0
20201111,3,O3_8h,台州,34.0
20201111,3,O3_8h_24h,台州,36.0
20201111,3,CO,台州,0.33
20201111,3,CO_24h,台州,0.37
20201111,4,AQI,台州,47.0
20201111,4,PM2.5,台州,17.0
20201111,4,PM2.5_24h,台州,16.0
20201111,4,PM10,台州,47.0
20201111,4,PM10_24h,台州,45.0
20201111,4,SO2,台州,4.0
20201111,4,SO2_24h,台州,4.0
20201111,4,NO2,台州,33.0
20201111,4,NO2_24h,台州,23.0
20201111,4,O3,台州,37.0
20201111,4,O3_24h,台州,100.0
20201111,4,O3_8h,台州,34.0
20201111,4,O3_8h_24h,台州,36.0
20201111,4,CO,台州,0.33
20201111,4,CO_24h,台州,0.37
20201111,5,AQI,台州,47.0
20201111,5,PM2.5,台州,16.0
20201111,5,PM2.5_24h,台州,15.0
20201111,5,PM10,台州,47.0
20201111,5,PM10_24h,台州,44.0
20201111,5,SO2,台州,4.0
20201111,5,SO2_24h,台州,4.0
20201111,5,NO2,台州,33.0
20201111,5,NO2_24h,台州,24.0
20201111,5,O3,台州,38.0
20201111,5,O3_24h,台州,100.0
20201111,5,O3_8h,台州,35.0
20201111,5,O3_8h_24h,台州,37.0
20201111,5,CO,台州,0.33
20201111,5,CO_24h,台州,0.37
20201111,6,AQI,台州,46.0
20201111,6,PM2.5,台州,15.0
20201111,6,PM2.5_24h,台州,15.0
20201111,6,PM10,台州,46.0
20201111,6,PM10_24h,台州,43.0
20201111,6,SO2,台州,5.0
20201111,6,SO2_24h,台州,4.0
20201111,6,NO2,台州,38.0
20201111,6,NO2_24h,台州,24.0
20201111,6,O3,台州,29.0
20201111,6,O3_24h,台州,100.0
20201111,6,O3_8h,台州,34.0
20201111,6,O3_8h_24h,台州,37.0
20201111,6,CO,台州,0.33
20201111,6,CO_24h,台州,0.37
20201111,8,AQI,台州,54.0
20201111,8,PM2.5,台州,18.0
20201111,8,PM2.5_24h,台州,15.0
20201111,8,PM10,台州,58.0
20201111,8,PM10_24h,台州,43.0
20201111,8,SO2,台州,6.0
20201111,8,SO2_24h,台州,4.0
20201111,8,NO2,台州,46.0
20201111,8,NO2_24h,台州,25.0
20201111,8,O3,台州,27.0
20201111,8,O3_24h,台州,100.0
20201111,8,O3_8h,台州,32.0
20201111,8,O3_8h_24h,台州,37.0
20201111,8,CO,台州,0.53
20201111,8,CO_24h,台州,0.37
20201111,10,AQI,台州,37.0
20201111,10,PM2.5,台州,13.0
20201111,10,PM2.5_24h,台州,15.0
20201111,10,PM10,台州,37.0
20201111,10,PM10_24h,台州,42.0
20201111,10,SO2,台州,5.0
20201111,10,SO2_24h,台州,4.0
20201111,10,NO2,台州,20.0
20201111,10,NO2_24h,台州,26.0
20201111,10,O3,台州,74.0
20201111,10,O3_24h,台州,100.0
20201111,10,O3_8h,台州,39.0
20201111,10,O3_8h_24h,台州,41.0
20201111,10,CO,台州,0.37
20201111,10,CO_24h,台州,0.37
20201111,11,AQI,台州,33.0
20201111,11,PM2.5,台州,13.0
20201111,11,PM2.5_24h,台州,15.0
20201111,11,PM10,台州,33.0
20201111,11,PM10_24h,台州,41.0
20201111,11,SO2,台州,5.0
20201111,11,SO2_24h,台州,4.0
20201111,11,NO2,台州,12.0
20201111,11,NO2_24h,台州,26.0
20201111,11,O3,台州,92.0
20201111,11,O3_24h,台州,101.0
20201111,11,O3_8h,台州,46.0
20201111,11,O3_8h_24h,台州,46.0
20201111,11,CO,台州,0.33
20201111,11,CO_24h,台州,0.33
20201111,12,AQI,台州,34.0
20201111,12,PM2.5,台州,13.0
20201111,12,PM2.5_24h,台州,15.0
20201111,12,PM10,台州,34.0
20201111,12,PM10_24h,台州,41.0
20201111,12,SO2,台州,4.0
20201111,12,SO2_24h,台州,4.0
20201111,12,NO2,台州,9.0
20201111,12,NO2_24h,台州,26.0
20201111,12,O3,台州,104.0
20201111,12,O3_24h,台州,104.0
20201111,12,O3_8h,台州,52.0
20201111,12,O3_8h_24h,台州,52.0
20201111,12,CO,台州,0.37
20201111,12,CO_24h,台州,0.33
20201111,13,AQI,台州,36.0
20201111,13,PM2.5,台州,14.0
20201111,13,PM2.5_24h,台州,15.0
20201111,13,PM10,台州,36.0
20201111,13,PM10_24h,台州,41.0
20201111,13,SO2,台州,4.0
20201111,13,SO2_24h,台州,4.0
20201111,13,NO2,台州,8.0
20201111,13,NO2_24h,台州,26.0
20201111,13,O3,台州,107.0
20201111,13,O3_24h,台州,107.0
20201111,13,O3_8h,台州,61.0
20201111,13,O3_8h_24h,台州,61.0
20201111,13,CO,台州,0.3
20201111,13,CO_24h,台州,0.33
20201111,14,AQI,台州,37.0
20201111,14,PM2.5,台州,15.0
20201111,14,PM2.5_24h,台州,15.0
20201111,14,PM10,台州,37.0
20201111,14,PM10_24h,台州,41.0
20201111,14,SO2,台州,4.0
20201111,14,SO2_24h,台州,4.0
20201111,14,NO2,台州,9.0
20201111,14,NO2_24h,台州,26.0
20201111,14,O3,台州,109.0
20201111,14,O3_24h,台州,109.0
20201111,14,O3_8h,台州,71.0
20201111,14,O3_8h_24h,台州,71.0
20201111,14,CO,台州,0.3
20201111,14,CO_24h,台州,0.33
20201111,15,AQI,台州,37.0
20201111,15,PM2.5,台州,14.0
20201111,15,PM2.5_24h,台州,15.0
20201111,15,PM10,台州,37.0
20201111,15,PM10_24h,台州,41.0
20201111,15,SO2,台州,4.0
20201111,15,SO2_24h,台州,4.0
20201111,15,NO2,台州,10.0
20201111,15,NO2_24h,台州,25.0
20201111,15,O3,台州,107.0
20201111,15,O3_24h,台州,109.0
20201111,15,O3_8h,台州,83.0
20201111,15,O3_8h_24h,台州,83.0
20201111,15,CO,台州,0.3
20201111,15,CO_24h,台州,0.33
20201111,16,AQI,台州,41.0
20201111,16,PM2.5,台州,16.0
20201111,16,PM2.5_24h,台州,15.0
20201111,16,PM10,台州,41.0
20201111,16,PM10_24h,台州,41.0
20201111,16,SO2,台州,4.0
20201111,16,SO2_24h,台州,4.0
20201111,16,NO2,台州,13.0
20201111,16,NO2_24h,台州,25.0
20201111,16,O3,台州,108.0
20201111,16,O3_24h,台州,109.0
20201111,16,O3_8h,台州,93.0
20201111,16,O3_8h_24h,台州,93.0
20201111,16,CO,台州,0.33
20201111,16,CO_24h,台州,0.33
20201111,17,AQI,台州,44.0
20201111,17,PM2.5,台州,17.0
20201111,17,PM2.5_24h,台州,15.0
20201111,17,PM10,台州,44.0
20201111,17,PM10_24h,台州,42.0
20201111,17,SO2,台州,4.0
20201111,17,SO2_24h,台州,4.0
20201111,17,NO2,台州,17.0
20201111,17,NO2_24h,台州,26.0
20201111,17,O3,台州,102.0
20201111,17,O3_24h,台州,109.0
20201111,17,O3_8h,台州,100.0
20201111,17,O3_8h_24h,台州,100.0
20201111,17,CO,台州,0.33
20201111,17,CO_24h,台州,0.37
20201111,18,AQI,台州,48.0
20201111,18,PM2.5,台州,20.0
20201111,18,PM2.5_24h,台州,15.0
20201111,18,PM10,台州,48.0
20201111,18,PM10_24h,台州,42.0
20201111,18,SO2,台州,4.0
20201111,18,SO2_24h,台州,4.0
20201111,18,NO2,台州,20.0
20201111,18,NO2_24h,台州,26.0
20201111,18,O3,台州,94.0
20201111,18,O3_24h,台州,109.0
20201111,18,O3_8h,台州,103.0
20201111,18,O3_8h_24h,台州,103.0
20201111,18,CO,台州,0.4
20201111,18,CO_24h,台州,0.37
20201111,19,AQI,台州,41.0
20201111,19,PM2.5,台州,17.0
20201111,19,PM2.5_24h,台州,16.0
20201111,19,PM10,台州,41.0
20201111,19,PM10_24h,台州,42.0
20201111,19,SO2,台州,4.0
20201111,19,SO2_24h,台州,4.0
20201111,19,NO2,台州,17.0
20201111,19,NO2_24h,台州,25.0
20201111,19,O3,台州,91.0
20201111,19,O3_24h,台州,109.0
20201111,19,O3_8h,台州,102.0
20201111,19,O3_8h_24h,台州,103.0
20201111,19,CO,台州,0.33
20201111,19,CO_24h,台州,0.37
20201111,20,AQI,台州,38.0
20201111,20,PM2.5,台州,17.0
20201111,20,PM2.5_24h,台州,16.0
20201111,20,PM10,台州,38.0
20201111,20,PM10_24h,台州,42.0
20201111,20,SO2,台州,4.0
20201111,20,SO2_24h,台州,4.0
20201111,20,NO2,台州,15.0
20201111,20,NO2_24h,台州,25.0
20201111,20,O3,台州,91.0
20201111,20,O3_24h,台州,109.0
20201111,20,O3_8h,台州,101.0
20201111,20,O3_8h_24h,台州,103.0
20201111,20,CO,台州,0.33
20201111,20,CO_24h,台州,0.37
20201111,21,AQI,台州,35.0
20201111,21,PM2.5,台州,17.0
20201111,21,PM2.5_24h,台州,16.0
20201111,21,PM10,台州,35.0
20201111,21,PM10_24h,台州,42.0
20201111,21,SO2,台州,4.0
20201111,21,SO2_24h,台州,4.0
20201111,21,NO2,台州,16.0
20201111,21,NO2_24h,台州,25.0
20201111,21,O3,台州,87.0
20201111,21,O3_24h,台州,109.0
20201111,21,O3_8h,台州,98.0
20201111,21,O3_8h_24h,台州,103.0
20201111,21,CO,台州,0.33
20201111,21,CO_24h,台州,0.37
20201111,22,AQI,台州,35.0
20201111,22,PM2.5,台州,18.0
20201111,22,PM2.5_24h,台州,16.0
20201111,22,PM10,台州,35.0
20201111,22,PM10_24h,台州,42.0
20201111,22,SO2,台州,4.0
20201111,22,SO2_24h,台州,4.0
20201111,22,NO2,台州,18.0
20201111,22,NO2_24h,台州,25.0
20201111,22,O3,台州,77.0
20201111,22,O3_24h,台州,109.0
20201111,22,O3_8h,台州,95.0
20201111,22,O3_8h_24h,台州,103.0
20201111,22,CO,台州,0.37
20201111,22,CO_24h,台州,0.37
20201111,23,AQI,台州,38.0
20201111,23,PM2.5,台州,18.0
20201111,23,PM2.5_24h,台州,16.0
20201111,23,PM10,台州,38.0
20201111,23,PM10_24h,台州,42.0
20201111,23,SO2,台州,4.0
20201111,23,SO2_24h,台州,4.0
20201111,23,NO2,台州,23.0
20201111,23,NO2_24h,台州,24.0
20201111,23,O3,台州,62.0
20201111,23,O3_24h,台州,109.0
20201111,23,O3_8h,台州,89.0
20201111,23,O3_8h_24h,台州,103.0
20201111,23,CO,台州,0.37
20201111,23,CO_24h,台州,0.37
20201111,0,AQI,舟山,21.0
20201111,0,PM2.5,舟山,7.0
20201111,0,PM2.5_24h,舟山,7.0
20201111,0,PM10,舟山,20.0
20201111,0,PM10_24h,舟山,25.0
20201111,0,SO2,舟山,6.0
20201111,0,SO2_24h,舟山,5.0
20201111,0,NO2,舟山,14.0
20201111,0,NO2_24h,舟山,15.0
20201111,0,O3,舟山,68.0
20201111,0,O3_24h,舟山,102.0
20201111,0,O3_8h,舟山,73.0
20201111,0,O3_8h_24h,舟山,95.0
20201111,0,CO,舟山,0.43
20201111,0,CO_24h,舟山,0.43
20201111,1,AQI,舟山,22.0
20201111,1,PM2.5,舟山,6.0
20201111,1,PM2.5_24h,舟山,7.0
20201111,1,PM10,舟山,17.0
20201111,1,PM10_24h,舟山,24.0
20201111,1,SO2,舟山,5.0
20201111,1,SO2_24h,舟山,5.0
20201111,1,NO2,舟山,11.0
20201111,1,NO2_24h,舟山,15.0
20201111,1,O3,舟山,70.0
20201111,1,O3_24h,舟山,102.0
20201111,1,O3_8h,舟山,70.0
20201111,1,O3_8h_24h,舟山,70.0
20201111,1,CO,舟山,0.43
20201111,1,CO_24h,舟山,0.43
20201111,2,AQI,舟山,22.0
20201111,2,PM2.5,舟山,6.0
20201111,2,PM2.5_24h,舟山,7.0
20201111,2,PM10,舟山,17.0
20201111,2,PM10_24h,舟山,24.0
20201111,2,SO2,舟山,6.0
20201111,2,SO2_24h,舟山,5.0
20201111,2,NO2,舟山,11.0
20201111,2,NO2_24h,舟山,15.0
20201111,2,O3,舟山,71.0
20201111,2,O3_24h,舟山,102.0
20201111,2,O3_8h,舟山,70.0
20201111,2,O3_8h_24h,舟山,70.0
20201111,2,CO,舟山,0.47
20201111,2,CO_24h,舟山,0.43
20201111,3,AQI,舟山,22.0
20201111,3,PM2.5,舟山,6.0
20201111,3,PM2.5_24h,舟山,7.0
20201111,3,PM10,舟山,17.0
20201111,3,PM10_24h,舟山,23.0
20201111,3,SO2,舟山,6.0
20201111,3,SO2_24h,舟山,5.0
20201111,3,NO2,舟山,10.0
20201111,3,NO2_24h,舟山,15.0
20201111,3,O3,舟山,70.0
20201111,3,O3_24h,舟山,102.0
20201111,3,O3_8h,舟山,70.0
20201111,3,O3_8h_24h,舟山,70.0
20201111,3,CO,舟山,0.47
20201111,3,CO_24h,舟山,0.43
20201111,4,AQI,舟山,22.0
20201111,4,PM2.5,舟山,6.0
20201111,4,PM2.5_24h,舟山,7.0
20201111,4,PM10,舟山,17.0
20201111,4,PM10_24h,舟山,23.0
20201111,4,SO2,舟山,6.0
20201111,4,SO2_24h,舟山,5.0
20201111,4,NO2,舟山,9.0
20201111,4,NO2_24h,舟山,15.0
20201111,4,O3,舟山,69.0
20201111,4,O3_24h,舟山,102.0
20201111,4,O3_8h,舟山,70.0
20201111,4,O3_8h_24h,舟山,70.0
20201111,4,CO,舟山,0.47
20201111,4,CO_24h,舟山,0.43
20201111,5,AQI,舟山,21.0
20201111,5,PM2.5,舟山,6.0
20201111,5,PM2.5_24h,舟山,7.0
20201111,5,PM10,舟山,16.0
20201111,5,PM10_24h,舟山,22.0
20201111,5,SO2,舟山,6.0
20201111,5,SO2_24h,舟山,5.0
20201111,5,NO2,舟山,10.0
20201111,5,NO2_24h,舟山,15.0
20201111,5,O3,舟山,67.0
20201111,5,O3_24h,舟山,102.0
20201111,5,O3_8h,舟山,69.0
20201111,5,O3_8h_24h,舟山,70.0
20201111,5,CO,舟山,0.47
20201111,5,CO_24h,舟山,0.43
20201111,6,AQI,舟山,19.0
20201111,6,PM2.5,舟山,8.0
20201111,6,PM2.5_24h,舟山,7.0
20201111,6,PM10,舟山,19.0
20201111,6,PM10_24h,舟山,22.0
20201111,6,SO2,舟山,5.0
20201111,6,SO2_24h,舟山,5.0
20201111,6,NO2,舟山,14.0
20201111,6,NO2_24h,舟山,15.0
20201111,6,O3,舟山,62.0
20201111,6,O3_24h,舟山,102.0
20201111,6,O3_8h,舟山,68.0
20201111,6,O3_8h_24h,舟山,70.0
20201111,6,CO,舟山,0.5
20201111,6,CO_24h,舟山,0.43
20201111,8,AQI,舟山,29.0
20201111,8,PM2.5,舟山,10.0
20201111,8,PM2.5_24h,舟山,8.0
20201111,8,PM10,舟山,29.0
20201111,8,PM10_24h,舟山,22.0
20201111,8,SO2,舟山,6.0
20201111,8,SO2_24h,舟山,5.0
20201111,8,NO2,舟山,34.0
20201111,8,NO2_24h,舟山,15.0
20201111,8,O3,舟山,49.0
20201111,8,O3_24h,舟山,102.0
20201111,8,O3_8h,舟山,64.0
20201111,8,O3_8h_24h,舟山,70.0
20201111,8,CO,舟山,0.67
20201111,8,CO_24h,舟山,0.43
20201111,10,AQI,舟山,35.0
20201111,10,PM2.5,舟山,13.0
20201111,10,PM2.5_24h,舟山,8.0
20201111,10,PM10,舟山,35.0
20201111,10,PM10_24h,舟山,23.0
20201111,10,SO2,舟山,6.0
20201111,10,SO2_24h,舟山,5.0
20201111,10,NO2,舟山,17.0
20201111,10,NO2_24h,舟山,15.0
20201111,10,O3,舟山,96.0
20201111,10,O3_24h,舟山,102.0
20201111,10,O3_8h,舟山,69.0
20201111,10,O3_8h_24h,舟山,70.0
20201111,10,CO,舟山,0.57
20201111,10,CO_24h,舟山,0.43
20201111,11,AQI,舟山,33.0
20201111,11,PM2.5,舟山,14.0
20201111,11,PM2.5_24h,舟山,8.0
20201111,11,PM10,舟山,33.0
20201111,11,PM10_24h,舟山,23.0
20201111,11,SO2,舟山,6.0
20201111,11,SO2_24h,舟山,5.0
20201111,11,NO2,舟山,12.0
20201111,11,NO2_24h,舟山,16.0
20201111,11,O3,舟山,104.0
20201111,11,O3_24h,舟山,106.0
20201111,11,O3_8h,舟山,73.0
20201111,11,O3_8h_24h,舟山,74.0
20201111,11,CO,舟山,0.53
20201111,11,CO_24h,舟山,0.43
20201111,12,AQI,舟山,33.0
20201111,12,PM2.5,舟山,14.0
20201111,12,PM2.5_24h,舟山,8.0
20201111,12,PM10,舟山,27.0
20201111,12,PM10_24h,舟山,24.0
20201111,12,SO2,舟山,5.0
20201111,12,SO2_24h,舟山,5.0
20201111,12,NO2,舟山,9.0
20201111,12,NO2_24h,舟山,16.0
20201111,12,O3,舟山,105.0
20201111,12,O3_24h,舟山,107.0
20201111,12,O3_8h,舟山,78.0
20201111,12,O3_8h_24h,舟山,78.0
20201111,12,CO,舟山,0.47
20201111,12,CO_24h,舟山,0.43
20201111,13,AQI,舟山,33.0
20201111,13,PM2.5,舟山,12.0
20201111,13,PM2.5_24h,舟山,9.0
20201111,13,PM10,舟山,23.0
20201111,13,PM10_24h,舟山,24.0
20201111,13,SO2,舟山,5.0
20201111,13,SO2_24h,舟山,5.0
20201111,13,NO2,舟山,8.0
20201111,13,NO2_24h,舟山,16.0
20201111,13,O3,舟山,104.0
20201111,13,O3_24h,舟山,107.0
20201111,13,O3_8h,舟山,82.0
20201111,13,O3_8h_24h,舟山,82.0
20201111,13,CO,舟山,0.4
20201111,13,CO_24h,舟山,0.43
20201111,14,AQI,舟山,33.0
20201111,14,PM2.5,舟山,12.0
20201111,14,PM2.5_24h,舟山,9.0
20201111,14,PM10,舟山,23.0
20201111,14,PM10_24h,舟山,24.0
20201111,14,SO2,舟山,5.0
20201111,14,SO2_24h,舟山,5.0
20201111,14,NO2,舟山,9.0
20201111,14,NO2_24h,舟山,16.0
20201111,14,O3,舟山,104.0
20201111,14,O3_24h,舟山,107.0
20201111,14,O3_8h,舟山,88.0
20201111,14,O3_8h_24h,舟山,88.0
20201111,14,CO,舟山,0.37
20201111,14,CO_24h,舟山,0.43
20201111,15,AQI,舟山,32.0
20201111,15,PM2.5,舟山,12.0
20201111,15,PM2.5_24h,舟山,9.0
20201111,15,PM10,舟山,23.0
20201111,15,PM10_24h,舟山,24.0
20201111,15,SO2,舟山,5.0
20201111,15,SO2_24h,舟山,5.0
20201111,15,NO2,舟山,9.0
20201111,15,NO2_24h,舟山,16.0
20201111,15,O3,舟山,102.0
20201111,15,O3_24h,舟山,107.0
20201111,15,O3_8h,舟山,93.0
20201111,15,O3_8h_24h,舟山,93.0
20201111,15,CO,舟山,0.37
20201111,15,CO_24h,舟山,0.43
20201111,16,AQI,舟山,31.0
20201111,16,PM2.5,舟山,12.0
20201111,16,PM2.5_24h,舟山,9.0
20201111,16,PM10,舟山,24.0
20201111,16,PM10_24h,舟山,24.0
20201111,16,SO2,舟山,5.0
20201111,16,SO2_24h,舟山,5.0
20201111,16,NO2,舟山,10.0
20201111,16,NO2_24h,舟山,16.0
20201111,16,O3,舟山,99.0
20201111,16,O3_24h,舟山,107.0
20201111,16,O3_8h,舟山,100.0
20201111,16,O3_8h_24h,舟山,100.0
20201111,16,CO,舟山,0.37
20201111,16,CO_24h,舟山,0.43
20201111,17,AQI,舟山,30.0
20201111,17,PM2.5,舟山,11.0
20201111,17,PM2.5_24h,舟山,9.0
20201111,17,PM10,舟山,22.0
20201111,17,PM10_24h,舟山,24.0
20201111,17,SO2,舟山,5.0
20201111,17,SO2_24h,舟山,5.0
20201111,17,NO2,舟山,12.0
20201111,17,NO2_24h,舟山,16.0
20201111,17,O3,舟山,96.0
20201111,17,O3_24h,舟山,107.0
20201111,17,O3_8h,舟山,101.0
20201111,17,O3_8h_24h,舟山,101.0
20201111,17,CO,舟山,0.37
20201111,17,CO_24h,舟山,0.43
20201111,18,AQI,舟山,28.0
20201111,18,PM2.5,舟山,13.0
20201111,18,PM2.5_24h,舟山,10.0
20201111,18,PM10,舟山,26.0
20201111,18,PM10_24h,舟山,24.0
20201111,18,SO2,舟山,5.0
20201111,18,SO2_24h,舟山,5.0
20201111,18,NO2,舟山,13.0
20201111,18,NO2_24h,舟山,16.0
20201111,18,O3,舟山,88.0
20201111,18,O3_24h,舟山,107.0
20201111,18,O3_8h,舟山,101.0
20201111,18,O3_8h_24h,舟山,101.0
20201111,18,CO,舟山,0.45
20201111,18,CO_24h,舟山,0.43
20201111,19,AQI,舟山,34.0
20201111,19,PM2.5,舟山,10.0
20201111,19,PM2.5_24h,舟山,10.0
20201111,19,PM10,舟山,22.0
20201111,19,PM10_24h,舟山,24.0
20201111,19,SO2,舟山,5.0
20201111,19,SO2_24h,舟山,5.0
20201111,19,NO2,舟山,11.0
20201111,19,NO2_24h,舟山,15.0
20201111,19,O3,舟山,108.0
20201111,19,O3_24h,舟山,124.0
20201111,19,O3_8h,舟山,101.0
20201111,19,O3_8h_24h,舟山,104.0
20201111,19,CO,舟山,0.43
20201111,19,CO_24h,舟山,0.43
20201111,20,AQI,舟山,25.0
20201111,20,PM2.5,舟山,10.0
20201111,20,PM2.5_24h,舟山,10.0
20201111,20,PM10,舟山,23.0
20201111,20,PM10_24h,舟山,23.0
20201111,20,SO2,舟山,5.0
20201111,20,SO2_24h,舟山,5.0
20201111,20,NO2,舟山,13.0
20201111,20,NO2_24h,舟山,14.0
20201111,20,O3,舟山,81.0
20201111,20,O3_24h,舟山,124.0
20201111,20,O3_8h,舟山,98.0
20201111,20,O3_8h_24h,舟山,104.0
20201111,20,CO,舟山,0.4
20201111,20,CO_24h,舟山,0.43
20201111,21,AQI,舟山,23.0
20201111,21,PM2.5,舟山,10.0
20201111,21,PM2.5_24h,舟山,10.0
20201111,21,PM10,舟山,23.0
20201111,21,PM10_24h,舟山,23.0
20201111,21,SO2,舟山,5.0
20201111,21,SO2_24h,舟山,5.0
20201111,21,NO2,舟山,15.0
20201111,21,NO2_24h,舟山,14.0
20201111,21,O3,舟山,72.0
20201111,21,O3_24h,舟山,124.0
20201111,21,O3_8h,舟山,94.0
20201111,21,O3_8h_24h,舟山,104.0
20201111,21,CO,舟山,0.43
20201111,21,CO_24h,舟山,0.43
20201111,22,AQI,舟山,23.0
20201111,22,PM2.5,舟山,9.0
20201111,22,PM2.5_24h,舟山,10.0
20201111,22,PM10,舟山,23.0
20201111,22,PM10_24h,舟山,23.0
20201111,22,SO2,舟山,5.0
20201111,22,SO2_24h,舟山,5.0
20201111,22,NO2,舟山,17.0
20201111,22,NO2_24h,舟山,14.0
20201111,22,O3,舟山,67.0
20201111,22,O3_24h,舟山,124.0
20201111,22,O3_8h,舟山,90.0
20201111,22,O3_8h_24h,舟山,104.0
20201111,22,CO,舟山,0.5
20201111,22,CO_24h,舟山,0.43
20201111,23,AQI,舟山,22.0
20201111,23,PM2.5,舟山,8.0
20201111,23,PM2.5_24h,舟山,10.0
20201111,23,PM10,舟山,22.0
20201111,23,PM10_24h,舟山,23.0
20201111,23,SO2,舟山,5.0
20201111,23,SO2_24h,舟山,5.0
20201111,23,NO2,舟山,20.0
20201111,23,NO2_24h,舟山,14.0
20201111,23,O3,舟山,61.0
20201111,23,O3_24h,舟山,124.0
20201111,23,O3_8h,舟山,85.0
20201111,23,O3_8h_24h,舟山,104.0
20201111,23,CO,舟山,0.47
20201111,23,CO_24h,舟山,0.43
20201111,0,AQI,金华,67.0
20201111,0,PM2.5,金华,45.0
20201111,0,PM2.5_24h,金华,35.0
20201111,0,PM10,金华,83.0
20201111,0,PM10_24h,金华,87.0
20201111,0,SO2,金华,8.0
20201111,0,SO2_24h,金华,8.0
20201111,0,NO2,金华,48.0
20201111,0,NO2_24h,金华,48.0
20201111,0,O3,金华,53.0
20201111,0,O3_24h,金华,132.0
20201111,0,O3_8h,金华,69.0
20201111,0,O3_8h_24h,金华,115.0
20201111,0,CO,金华,0.53
20201111,0,CO_24h,金华,0.57
20201111,1,AQI,金华,65.0
20201111,1,PM2.5,金华,43.0
20201111,1,PM2.5_24h,金华,36.0
20201111,1,PM10,金华,79.0
20201111,1,PM10_24h,金华,85.0
20201111,1,SO2,金华,8.0
20201111,1,SO2_24h,金华,8.0
20201111,1,NO2,金华,47.0
20201111,1,NO2_24h,金华,47.0
20201111,1,O3,金华,45.0
20201111,1,O3_24h,金华,132.0
20201111,1,O3_8h,金华,45.0
20201111,1,O3_8h_24h,金华,45.0
20201111,1,CO,金华,0.53
20201111,1,CO_24h,金华,0.57
20201111,2,AQI,金华,63.0
20201111,2,PM2.5,金华,45.0
20201111,2,PM2.5_24h,金华,36.0
20201111,2,PM10,金华,74.0
20201111,2,PM10_24h,金华,84.0
20201111,2,SO2,金华,8.0
20201111,2,SO2_24h,金华,8.0
20201111,2,NO2,金华,49.0
20201111,2,NO2_24h,金华,47.0
20201111,2,O3,金华,38.0
20201111,2,O3_24h,金华,132.0
20201111,2,O3_8h,金华,41.0
20201111,2,O3_8h_24h,金华,45.0
20201111,2,CO,金华,0.57
20201111,2,CO_24h,金华,0.57
20201111,3,AQI,金华,66.0
20201111,3,PM2.5,金华,48.0
20201111,3,PM2.5_24h,金华,36.0
20201111,3,PM10,金华,72.0
20201111,3,PM10_24h,金华,83.0
20201111,3,SO2,金华,8.0
20201111,3,SO2_24h,金华,8.0
20201111,3,NO2,金华,56.0
20201111,3,NO2_24h,金华,47.0
20201111,3,O3,金华,24.0
20201111,3,O3_24h,金华,132.0
20201111,3,O3_8h,金华,35.0
20201111,3,O3_8h_24h,金华,45.0
20201111,3,CO,金华,0.6
20201111,3,CO_24h,金华,0.57
20201111,4,AQI,金华,61.0
20201111,4,PM2.5,金华,42.0
20201111,4,PM2.5_24h,金华,36.0
20201111,4,PM10,金华,72.0
20201111,4,PM10_24h,金华,82.0
20201111,4,SO2,金华,7.0
20201111,4,SO2_24h,金华,8.0
20201111,4,NO2,金华,57.0
20201111,4,NO2_24h,金华,46.0
20201111,4,O3,金华,18.0
20201111,4,O3_24h,金华,132.0
20201111,4,O3_8h,金华,31.0
20201111,4,O3_8h_24h,金华,45.0
20201111,4,CO,金华,0.57
20201111,4,CO_24h,金华,0.57
20201111,5,AQI,金华,65.0
20201111,5,PM2.5,金华,41.0
20201111,5,PM2.5_24h,金华,36.0
20201111,5,PM10,金华,79.0
20201111,5,PM10_24h,金华,82.0
20201111,5,SO2,金华,6.0
20201111,5,SO2_24h,金华,8.0
20201111,5,NO2,金华,60.0
20201111,5,NO2_24h,金华,46.0
20201111,5,O3,金华,13.0
20201111,5,O3_24h,金华,132.0
20201111,5,O3_8h,金华,27.0
20201111,5,O3_8h_24h,金华,45.0
20201111,5,CO,金华,0.57
20201111,5,CO_24h,金华,0.57
20201111,6,AQI,金华,63.0
20201111,6,PM2.5,金华,43.0
20201111,6,PM2.5_24h,金华,37.0
20201111,6,PM10,金华,75.0
20201111,6,PM10_24h,金华,81.0
20201111,6,SO2,金华,7.0
20201111,6,SO2_24h,金华,8.0
20201111,6,NO2,金华,62.0
20201111,6,NO2_24h,金华,45.0
20201111,6,O3,金华,9.0
20201111,6,O3_24h,金华,132.0
20201111,6,O3_8h,金华,24.0
20201111,6,O3_8h_24h,金华,45.0
20201111,6,CO,金华,0.63
20201111,6,CO_24h,金华,0.57
20201111,7,AQI,金华,65.0
20201111,7,PM2.5,金华,47.0
20201111,7,PM2.5_24h,金华,39.0
20201111,7,PM10,金华,72.0
20201111,7,PM10_24h,金华,79.0
20201111,7,SO2,金华,8.0
20201111,7,SO2_24h,金华,8.0
20201111,7,NO2,金华,58.0
20201111,7,NO2_24h,金华,42.0
20201111,7,O3,金华,12.0
20201111,7,O3_24h,金华,144.0
20201111,7,O3_8h,金华,31.0
20201111,7,O3_8h_24h,金华,47.0
20201111,7,CO,金华,0.6
20201111,7,CO_24h,金华,0.5
20201111,8,AQI,金华,63.0
20201111,8,PM2.5,金华,45.0
20201111,8,PM2.5_24h,金华,36.0
20201111,8,PM10,金华,71.0
20201111,8,PM10_24h,金华,79.0
20201111,8,SO2,金华,10.0
20201111,8,SO2_24h,金华,8.0
20201111,8,NO2,金华,60.0
20201111,8,NO2_24h,金华,45.0
20201111,8,O3,金华,10.0
20201111,8,O3_24h,金华,132.0
20201111,8,O3_8h,金华,21.0
20201111,8,O3_8h_24h,金华,45.0
20201111,8,CO,金华,0.7
20201111,8,CO_24h,金华,0.53
20201111,10,AQI,金华,69.0
20201111,10,PM2.5,金华,43.0
20201111,10,PM2.5_24h,金华,37.0
20201111,10,PM10,金华,87.0
20201111,10,PM10_24h,金华,77.0
20201111,10,SO2,金华,10.0
20201111,10,SO2_24h,金华,8.0
20201111,10,NO2,金华,47.0
20201111,10,NO2_24h,金华,46.0
20201111,10,O3,金华,44.0
20201111,10,O3_24h,金华,132.0
20201111,10,O3_8h,金华,18.0
20201111,10,O3_8h_24h,金华,45.0
20201111,10,CO,金华,0.57
20201111,10,CO_24h,金华,0.53
20201111,11,AQI,金华,58.0
20201111,11,PM2.5,金华,30.0
20201111,11,PM2.5_24h,金华,37.0
20201111,11,PM10,金华,65.0
20201111,11,PM10_24h,金华,76.0
20201111,11,SO2,金华,8.0
20201111,11,SO2_24h,金华,8.0
20201111,11,NO2,金华,28.0
20201111,11,NO2_24h,金华,46.0
20201111,11,O3,金华,81.0
20201111,11,O3_24h,金华,132.0
20201111,11,O3_8h,金华,26.0
20201111,11,O3_8h_24h,金华,45.0
20201111,11,CO,金华,0.47
20201111,11,CO_24h,金华,0.53
20201111,12,AQI,金华,47.0
20201111,12,PM2.5,金华,28.0
20201111,12,PM2.5_24h,金华,37.0
20201111,12,PM10,金华,47.0
20201111,12,PM10_24h,金华,75.0
20201111,12,SO2,金华,7.0
20201111,12,SO2_24h,金华,8.0
20201111,12,NO2,金华,21.0
20201111,12,NO2_24h,金华,46.0
20201111,12,O3,金华,101.0
20201111,12,O3_24h,金华,132.0
20201111,12,O3_8h,金华,36.0
20201111,12,O3_8h_24h,金华,45.0
20201111,12,CO,金华,0.37
20201111,12,CO_24h,金华,0.53
20201111,13,AQI,金华,46.0
20201111,13,PM2.5,金华,29.0
20201111,13,PM2.5_24h,金华,37.0
20201111,13,PM10,金华,46.0
20201111,13,PM10_24h,金华,74.0
20201111,13,SO2,金华,7.0
20201111,13,SO2_24h,金华,8.0
20201111,13,NO2,金华,20.0
20201111,13,NO2_24h,金华,45.0
20201111,13,O3,金华,117.0
20201111,13,O3_24h,金华,132.0
20201111,13,O3_8h,金华,49.0
20201111,13,O3_8h_24h,金华,49.0
20201111,13,CO,金华,0.43
20201111,13,CO_24h,金华,0.53
20201111,14,AQI,金华,46.0
20201111,14,PM2.5,金华,25.0
20201111,14,PM2.5_24h,金华,37.0
20201111,14,PM10,金华,46.0
20201111,14,PM10_24h,金华,73.0
20201111,14,SO2,金华,7.0
20201111,14,SO2_24h,金华,8.0
20201111,14,NO2,金华,19.0
20201111,14,NO2_24h,金华,45.0
20201111,14,O3,金华,126.0
20201111,14,O3_24h,金华,131.0
20201111,14,O3_8h,金华,63.0
20201111,14,O3_8h_24h,金华,63.0
20201111,14,CO,金华,0.37
20201111,14,CO_24h,金华,0.53
20201111,15,AQI,金华,41.0
20201111,15,PM2.5,金华,21.0
20201111,15,PM2.5_24h,金华,37.0
20201111,15,PM10,金华,40.0
20201111,15,PM10_24h,金华,72.0
20201111,15,SO2,金华,6.0
20201111,15,SO2_24h,金华,8.0
20201111,15,NO2,金华,21.0
20201111,15,NO2_24h,金华,46.0
20201111,15,O3,金华,131.0
20201111,15,O3_24h,金华,131.0
20201111,15,O3_8h,金华,79.0
20201111,15,O3_8h_24h,金华,79.0
20201111,15,CO,金华,0.37
20201111,15,CO_24h,金华,0.53
20201111,16,AQI,金华,40.0
20201111,16,PM2.5,金华,18.0
20201111,16,PM2.5_24h,金华,37.0
20201111,16,PM10,金华,40.0
20201111,16,PM10_24h,金华,71.0
20201111,16,SO2,金华,45.0
20201111,16,SO2_24h,金华,9.0
20201111,16,NO2,金华,24.0
20201111,16,NO2_24h,金华,46.0
20201111,16,O3,金华,126.0
20201111,16,O3_24h,金华,131.0
20201111,16,O3_8h,金华,93.0
20201111,16,O3_8h_24h,金华,93.0
20201111,16,CO,金华,0.3
20201111,16,CO_24h,金华,0.53
20201111,17,AQI,金华,45.0
20201111,17,PM2.5,金华,17.0
20201111,17,PM2.5_24h,金华,36.0
20201111,17,PM10,金华,45.0
20201111,17,PM10_24h,金华,71.0
20201111,17,SO2,金华,7.0
20201111,17,SO2_24h,金华,9.0
20201111,17,NO2,金华,33.0
20201111,17,NO2_24h,金华,46.0
20201111,17,O3,金华,114.0
20201111,17,O3_24h,金华,131.0
20201111,17,O3_8h,金华,104.0
20201111,17,O3_8h_24h,金华,104.0
20201111,17,CO,金华,0.33
20201111,17,CO_24h,金华,0.53
20201111,18,AQI,金华,51.0
20201111,18,PM2.5,金华,20.0
20201111,18,PM2.5_24h,金华,36.0
20201111,18,PM10,金华,52.0
20201111,18,PM10_24h,金华,70.0
20201111,18,SO2,金华,7.0
20201111,18,SO2_24h,金华,9.0
20201111,18,NO2,金华,48.0
20201111,18,NO2_24h,金华,46.0
20201111,18,O3,金华,81.0
20201111,18,O3_24h,金华,131.0
20201111,18,O3_8h,金华,109.0
20201111,18,O3_8h_24h,金华,109.0
20201111,18,CO,金华,0.43
20201111,18,CO_24h,金华,0.53
20201111,19,AQI,金华,58.0
20201111,19,PM2.5,金华,24.0
20201111,19,PM2.5_24h,金华,36.0
20201111,19,PM10,金华,65.0
20201111,19,PM10_24h,金华,69.0
20201111,19,SO2,金华,8.0
20201111,19,SO2_24h,金华,9.0
20201111,19,NO2,金华,66.0
20201111,19,NO2_24h,金华,46.0
20201111,19,O3,金华,53.0
20201111,19,O3_24h,金华,131.0
20201111,19,O3_8h,金华,105.0
20201111,19,O3_8h_24h,金华,109.0
20201111,19,CO,金华,0.53
20201111,19,CO_24h,金华,0.53
20201111,20,AQI,金华,64.0
20201111,20,PM2.5,金华,23.0
20201111,20,PM2.5_24h,金华,36.0
20201111,20,PM10,金华,77.0
20201111,20,PM10_24h,金华,68.0
20201111,20,SO2,金华,7.0
20201111,20,SO2_24h,金华,9.0
20201111,20,NO2,金华,63.0
20201111,20,NO2_24h,金华,46.0
20201111,20,O3,金华,45.0
20201111,20,O3_24h,金华,131.0
20201111,20,O3_8h,金华,98.0
20201111,20,O3_8h_24h,金华,109.0
20201111,20,CO,金华,0.5
20201111,20,CO_24h,金华,0.53
20201111,21,AQI,金华,72.0
20201111,21,PM2.5,金华,27.0
20201111,21,PM2.5_24h,金华,35.0
20201111,21,PM10,金华,94.0
20201111,21,PM10_24h,金华,69.0
20201111,21,SO2,金华,7.0
20201111,21,SO2_24h,金华,9.0
20201111,21,NO2,金华,53.0
20201111,21,NO2_24h,金华,46.0
20201111,21,O3,金华,57.0
20201111,21,O3_24h,金华,131.0
20201111,21,O3_8h,金华,90.0
20201111,21,O3_8h_24h,金华,109.0
20201111,21,CO,金华,0.5
20201111,21,CO_24h,金华,0.53
20201111,22,AQI,金华,64.0
20201111,22,PM2.5,金华,35.0
20201111,22,PM2.5_24h,金华,34.0
20201111,22,PM10,金华,77.0
20201111,22,PM10_24h,金华,68.0
20201111,22,SO2,金华,8.0
20201111,22,SO2_24h,金华,9.0
20201111,22,NO2,金华,47.0
20201111,22,NO2_24h,金华,46.0
20201111,22,O3,金华,61.0
20201111,22,O3_24h,金华,131.0
20201111,22,O3_8h,金华,81.0
20201111,22,O3_8h_24h,金华,109.0
20201111,22,CO,金华,0.57
20201111,22,CO_24h,金华,0.53
20201111,23,AQI,金华,64.0
20201111,23,PM2.5,金华,38.0
20201111,23,PM2.5_24h,金华,34.0
20201111,23,PM10,金华,78.0
20201111,23,PM10_24h,金华,67.0
20201111,23,SO2,金华,7.0
20201111,23,SO2_24h,金华,9.0
20201111,23,NO2,金华,50.0
20201111,23,NO2_24h,金华,46.0
20201111,23,O3,金华,50.0
20201111,23,O3_24h,金华,131.0
20201111,23,O3_8h,金华,71.0
20201111,23,O3_8h_24h,金华,109.0
20201111,23,CO,金华,0.63
20201111,23,CO_24h,金华,0.53
20201111,0,AQI,衢州,59.0
20201111,0,PM2.5,衢州,29.0
20201111,0,PM2.5_24h,衢州,30.0
20201111,0,PM10,衢州,68.0
20201111,0,PM10_24h,衢州,81.0
20201111,0,SO2,衢州,5.0
20201111,0,SO2_24h,衢州,7.0
20201111,0,NO2,衢州,33.0
20201111,0,NO2_24h,衢州,36.0
20201111,0,O3,衢州,72.0
20201111,0,O3_24h,衢州,128.0
20201111,0,O3_8h,衢州,82.0
20201111,0,O3_8h_24h,衢州,116.0
20201111,0,CO,衢州,0.63
20201111,0,CO_24h,衢州,0.6
20201111,1,AQI,衢州,64.0
20201111,1,PM2.5,衢州,34.0
20201111,1,PM2.5_24h,衢州,30.0
20201111,1,PM10,衢州,77.0
20201111,1,PM10_24h,衢州,80.0
20201111,1,SO2,衢州,6.0
20201111,1,SO2_24h,衢州,7.0
20201111,1,NO2,衢州,33.0
20201111,1,NO2_24h,衢州,36.0
20201111,1,O3,衢州,71.0
20201111,1,O3_24h,衢州,128.0
20201111,1,O3_8h,衢州,71.0
20201111,1,O3_8h_24h,衢州,71.0
20201111,1,CO,衢州,0.67
20201111,1,CO_24h,衢州,0.6
20201111,2,AQI,衢州,61.0
20201111,2,PM2.5,衢州,35.0
20201111,2,PM2.5_24h,衢州,31.0
20201111,2,PM10,衢州,72.0
20201111,2,PM10_24h,衢州,80.0
20201111,2,SO2,衢州,5.0
20201111,2,SO2_24h,衢州,7.0
20201111,2,NO2,衢州,33.0
20201111,2,NO2_24h,衢州,36.0
20201111,2,O3,衢州,71.0
20201111,2,O3_24h,衢州,128.0
20201111,2,O3_8h,衢州,71.0
20201111,2,O3_8h_24h,衢州,71.0
20201111,2,CO,衢州,0.67
20201111,2,CO_24h,衢州,0.6
20201111,3,AQI,衢州,63.0
20201111,3,PM2.5,衢州,32.0
20201111,3,PM2.5_24h,衢州,31.0
20201111,3,PM10,衢州,75.0
20201111,3,PM10_24h,衢州,80.0
20201111,3,SO2,衢州,5.0
20201111,3,SO2_24h,衢州,7.0
20201111,3,NO2,衢州,29.0
20201111,3,NO2_24h,衢州,36.0
20201111,3,O3,衢州,71.0
20201111,3,O3_24h,衢州,128.0
20201111,3,O3_8h,衢州,70.0
20201111,3,O3_8h_24h,衢州,72.0
20201111,3,CO,衢州,0.67
20201111,3,CO_24h,衢州,0.6
20201111,4,AQI,衢州,61.0
20201111,4,PM2.5,衢州,33.0
20201111,4,PM2.5_24h,衢州,31.0
20201111,4,PM10,衢州,72.0
20201111,4,PM10_24h,衢州,79.0
20201111,4,SO2,衢州,4.0
20201111,4,SO2_24h,衢州,6.0
20201111,4,NO2,衢州,27.0
20201111,4,NO2_24h,衢州,35.0
20201111,4,O3,衢州,66.0
20201111,4,O3_24h,衢州,128.0
20201111,4,O3_8h,衢州,70.0
20201111,4,O3_8h_24h,衢州,72.0
20201111,4,CO,衢州,0.67
20201111,4,CO_24h,衢州,0.63
20201111,5,AQI,衢州,62.0
20201111,5,PM2.5,衢州,38.0
20201111,5,PM2.5_24h,衢州,31.0
20201111,5,PM10,衢州,73.0
20201111,5,PM10_24h,衢州,79.0
20201111,5,SO2,衢州,4.0
20201111,5,SO2_24h,衢州,6.0
20201111,5,NO2,衢州,34.0
20201111,5,NO2_24h,衢州,35.0
20201111,5,O3,衢州,55.0
20201111,5,O3_24h,衢州,128.0
20201111,5,O3_8h,衢州,67.0
20201111,5,O3_8h_24h,衢州,72.0
20201111,5,CO,衢州,0.73
20201111,5,CO_24h,衢州,0.63
20201111,6,AQI,衢州,65.0
20201111,6,PM2.5,衢州,43.0
20201111,6,PM2.5_24h,衢州,32.0
20201111,6,PM10,衢州,79.0
20201111,6,PM10_24h,衢州,78.0
20201111,6,SO2,衢州,9.0
20201111,6,SO2_24h,衢州,7.0
20201111,6,NO2,衢州,44.0
20201111,6,NO2_24h,衢州,34.0
20201111,6,O3,衢州,39.0
20201111,6,O3_24h,衢州,128.0
20201111,6,O3_8h,衢州,62.0
20201111,6,O3_8h_24h,衢州,72.0
20201111,6,CO,衢州,0.87
20201111,6,CO_24h,衢州,0.63
20201111,8,AQI,衢州,65.0
20201111,8,PM2.5,衢州,46.0
20201111,8,PM2.5_24h,衢州,34.0
20201111,8,PM10,衢州,80.0
20201111,8,PM10_24h,衢州,78.0
20201111,8,SO2,衢州,7.0
20201111,8,SO2_24h,衢州,7.0
20201111,8,NO2,衢州,48.0
20201111,8,NO2_24h,衢州,34.0
20201111,8,O3,衢州,38.0
20201111,8,O3_24h,衢州,128.0
20201111,8,O3_8h,衢州,55.0
20201111,8,O3_8h_24h,衢州,72.0
20201111,8,CO,衢州,0.93
20201111,8,CO_24h,衢州,0.67
20201111,10,AQI,衢州,59.0
20201111,10,PM2.5,衢州,33.0
20201111,10,PM2.5_24h,衢州,34.0
20201111,10,PM10,衢州,67.0
20201111,10,PM10_24h,衢州,77.0
20201111,10,SO2,衢州,11.0
20201111,10,SO2_24h,衢州,7.0
20201111,10,NO2,衢州,33.0
20201111,10,NO2_24h,衢州,34.0
20201111,10,O3,衢州,72.0
20201111,10,O3_24h,衢州,128.0
20201111,10,O3_8h,衢州,53.0
20201111,10,O3_8h_24h,衢州,72.0
20201111,10,CO,衢州,0.73
20201111,10,CO_24h,衢州,0.67
20201111,11,AQI,衢州,59.0
20201111,11,PM2.5,衢州,28.0
20201111,11,PM2.5_24h,衢州,33.0
20201111,11,PM10,衢州,67.0
20201111,11,PM10_24h,衢州,76.0
20201111,11,SO2,衢州,8.0
20201111,11,SO2_24h,衢州,7.0
20201111,11,NO2,衢州,32.0
20201111,11,NO2_24h,衢州,35.0
20201111,11,O3,衢州,79.0
20201111,11,O3_24h,衢州,128.0
20201111,11,O3_8h,衢州,54.0
20201111,11,O3_8h_24h,衢州,72.0
20201111,11,CO,衢州,0.63
20201111,11,CO_24h,衢州,0.67
20201111,12,AQI,衢州,55.0
20201111,12,PM2.5,衢州,22.0
20201111,12,PM2.5_24h,衢州,33.0
20201111,12,PM10,衢州,59.0
20201111,12,PM10_24h,衢州,73.0
20201111,12,SO2,衢州,33.0
20201111,12,SO2_24h,衢州,8.0
20201111,12,NO2,衢州,50.0
20201111,12,NO2_24h,衢州,36.0
20201111,12,O3,衢州,104.0
20201111,12,O3_24h,衢州,128.0
20201111,12,O3_8h,衢州,59.0
20201111,12,O3_8h_24h,衢州,72.0
20201111,12,CO,衢州,0.6
20201111,12,CO_24h,衢州,0.67
20201111,13,AQI,衢州,52.0
20201111,13,PM2.5,衢州,21.0
20201111,13,PM2.5_24h,衢州,33.0
20201111,13,PM10,衢州,54.0
20201111,13,PM10_24h,衢州,73.0
20201111,13,SO2,衢州,5.0
20201111,13,SO2_24h,衢州,8.0
20201111,13,NO2,衢州,19.0
20201111,13,NO2_24h,衢州,36.0
20201111,13,O3,衢州,115.0
20201111,13,O3_24h,衢州,125.0
20201111,13,O3_8h,衢州,66.0
20201111,13,O3_8h_24h,衢州,72.0
20201111,13,CO,衢州,0.57
20201111,13,CO_24h,衢州,0.67
20201111,14,AQI,衢州,47.0
20201111,14,PM2.5,衢州,18.0
20201111,14,PM2.5_24h,衢州,32.0
20201111,14,PM10,衢州,47.0
20201111,14,PM10_24h,衢州,71.0
20201111,14,SO2,衢州,5.0
20201111,14,SO2_24h,衢州,7.0
20201111,14,NO2,衢州,15.0
20201111,14,NO2_24h,衢州,36.0
20201111,14,O3,衢州,125.0
20201111,14,O3_24h,衢州,126.0
20201111,14,O3_8h,衢州,77.0
20201111,14,O3_8h_24h,衢州,78.0
20201111,14,CO,衢州,0.53
20201111,14,CO_24h,衢州,0.67
20201111,15,AQI,衢州,45.0
20201111,15,PM2.5,衢州,18.0
20201111,15,PM2.5_24h,衢州,32.0
20201111,15,PM10,衢州,45.0
20201111,15,PM10_24h,衢州,71.0
20201111,15,SO2,衢州,5.0
20201111,15,SO2_24h,衢州,7.0
20201111,15,NO2,衢州,16.0
20201111,15,NO2_24h,衢州,36.0
20201111,15,O3,衢州,125.0
20201111,15,O3_24h,衢州,126.0
20201111,15,O3_8h,衢州,89.0
20201111,15,O3_8h_24h,衢州,89.0
20201111,15,CO,衢州,0.4
20201111,15,CO_24h,衢州,0.67
20201111,16,AQI,衢州,48.0
20201111,16,PM2.5,衢州,20.0
20201111,16,PM2.5_24h,衢州,32.0
20201111,16,PM10,衢州,48.0
20201111,16,PM10_24h,衢州,70.0
20201111,16,SO2,衢州,5.0
20201111,16,SO2_24h,衢州,7.0
20201111,16,NO2,衢州,19.0
20201111,16,NO2_24h,衢州,36.0
20201111,16,O3,衢州,126.0
20201111,16,O3_24h,衢州,127.0
20201111,16,O3_8h,衢州,100.0
20201111,16,O3_8h_24h,衢州,100.0
20201111,16,CO,衢州,0.37
20201111,16,CO_24h,衢州,0.67
20201111,17,AQI,衢州,48.0
20201111,17,PM2.5,衢州,23.0
20201111,17,PM2.5_24h,衢州,32.0
20201111,17,PM10,衢州,48.0
20201111,17,PM10_24h,衢州,69.0
20201111,17,SO2,衢州,5.0
20201111,17,SO2_24h,衢州,7.0
20201111,17,NO2,衢州,23.0
20201111,17,NO2_24h,衢州,36.0
20201111,17,O3,衢州,124.0
20201111,17,O3_24h,衢州,127.0
20201111,17,O3_8h,衢州,109.0
20201111,17,O3_8h_24h,衢州,109.0
20201111,17,CO,衢州,0.4
20201111,17,CO_24h,衢州,0.67
20201111,18,AQI,衢州,53.0
20201111,18,PM2.5,衢州,30.0
20201111,18,PM2.5_24h,衢州,31.0
20201111,18,PM10,衢州,56.0
20201111,18,PM10_24h,衢州,68.0
20201111,18,SO2,衢州,6.0
20201111,18,SO2_24h,衢州,7.0
20201111,18,NO2,衢州,35.0
20201111,18,NO2_24h,衢州,35.0
20201111,18,O3,衢州,106.0
20201111,18,O3_24h,衢州,127.0
20201111,18,O3_8h,衢州,113.0
20201111,18,O3_8h_24h,衢州,113.0
20201111,18,CO,衢州,0.43
20201111,18,CO_24h,衢州,0.67
20201111,19,AQI,衢州,55.0
20201111,19,PM2.5,衢州,34.0
20201111,19,PM2.5_24h,衢州,31.0
20201111,19,PM10,衢州,59.0
20201111,19,PM10_24h,衢州,67.0
20201111,19,SO2,衢州,6.0
20201111,19,SO2_24h,衢州,7.0
20201111,19,NO2,衢州,50.0
20201111,19,NO2_24h,衢州,35.0
20201111,19,O3,衢州,82.0
20201111,19,O3_24h,衢州,127.0
20201111,19,O3_8h,衢州,114.0
20201111,19,O3_8h_24h,衢州,114.0
20201111,19,CO,衢州,0.5
20201111,19,CO_24h,衢州,0.67
20201111,20,AQI,衢州,58.0
20201111,20,PM2.5,衢州,31.0
20201111,20,PM2.5_24h,衢州,30.0
20201111,20,PM10,衢州,65.0
20201111,20,PM10_24h,衢州,66.0
20201111,20,SO2,衢州,5.0
20201111,20,SO2_24h,衢州,8.0
20201111,20,NO2,衢州,61.0
20201111,20,NO2_24h,衢州,35.0
20201111,20,O3,衢州,61.0
20201111,20,O3_24h,衢州,127.0
20201111,20,O3_8h,衢州,108.0
20201111,20,O3_8h_24h,衢州,114.0
20201111,20,CO,衢州,0.47
20201111,20,CO_24h,衢州,0.63
20201111,21,AQI,衢州,55.0
20201111,21,PM2.5,衢州,30.0
20201111,21,PM2.5_24h,衢州,31.0
20201111,21,PM10,衢州,60.0
20201111,21,PM10_24h,衢州,65.0
20201111,21,SO2,衢州,9.0
20201111,21,SO2_24h,衢州,7.0
20201111,21,NO2,衢州,52.0
20201111,21,NO2_24h,衢州,35.0
20201111,21,O3,衢州,61.0
20201111,21,O3_24h,衢州,127.0
20201111,21,O3_8h,衢州,101.0
20201111,21,O3_8h_24h,衢州,114.0
20201111,21,CO,衢州,0.43
20201111,21,CO_24h,衢州,0.63
20201111,22,AQI,衢州,53.0
20201111,22,PM2.5,衢州,29.0
20201111,22,PM2.5_24h,衢州,31.0
20201111,22,PM10,衢州,56.0
20201111,22,PM10_24h,衢州,65.0
20201111,22,SO2,衢州,8.0
20201111,22,SO2_24h,衢州,7.0
20201111,22,NO2,衢州,46.0
20201111,22,NO2_24h,衢州,36.0
20201111,22,O3,衢州,64.0
20201111,22,O3_24h,衢州,127.0
20201111,22,O3_8h,衢州,94.0
20201111,22,O3_8h_24h,衢州,114.0
20201111,22,CO,衢州,0.47
20201111,22,CO_24h,衢州,0.63
20201111,23,AQI,衢州,51.0
20201111,23,PM2.5,衢州,22.0
20201111,23,PM2.5_24h,衢州,30.0
20201111,23,PM10,衢州,52.0
20201111,23,PM10_24h,衢州,65.0
20201111,23,SO2,衢州,6.0
20201111,23,SO2_24h,衢州,7.0
20201111,23,NO2,衢州,42.0
20201111,23,NO2_24h,衢州,36.0
20201111,23,O3,衢州,65.0
20201111,23,O3_24h,衢州,127.0
20201111,23,O3_8h,衢州,86.0
20201111,23,O3_8h_24h,衢州,114.0
20201111,23,CO,衢州,0.47
20201111,23,CO_24h,衢州,0.63
20201111,0,AQI,丽水,51.0
20201111,0,PM2.5,丽水,29.0
20201111,0,PM2.5_24h,丽水,27.0
20201111,0,PM10,丽水,52.0
20201111,0,PM10_24h,丽水,69.0
20201111,0,SO2,丽水,6.0
20201111,0,SO2_24h,丽水,6.0
20201111,0,NO2,丽水,39.0
20201111,0,NO2_24h,丽水,34.0
20201111,0,O3,丽水,49.0
20201111,0,O3_24h,丽水,120.0
20201111,0,O3_8h,丽水,74.0
20201111,0,O3_8h_24h,丽水,104.0
20201111,0,CO,丽水,0.57
20201111,0,CO_24h,丽水,0.57
20201111,1,AQI,丽水,51.0
20201111,1,PM2.5,丽水,26.0
20201111,1,PM2.5_24h,丽水,27.0
20201111,1,PM10,丽水,52.0
20201111,1,PM10_24h,丽水,68.0
20201111,1,SO2,丽水,5.0
20201111,1,SO2_24h,丽水,6.0
20201111,1,NO2,丽水,46.0
20201111,1,NO2_24h,丽水,34.0
20201111,1,O3,丽水,38.0
20201111,1,O3_24h,丽水,120.0
20201111,1,O3_8h,丽水,38.0
20201111,1,O3_8h_24h,丽水,38.0
20201111,1,CO,丽水,0.57
20201111,1,CO_24h,丽水,0.57
20201111,2,AQI,丽水,49.0
20201111,2,PM2.5,丽水,25.0
20201111,2,PM2.5_24h,丽水,27.0
20201111,2,PM10,丽水,49.0
20201111,2,PM10_24h,丽水,68.0
20201111,2,SO2,丽水,5.0
20201111,2,SO2_24h,丽水,6.0
20201111,2,NO2,丽水,40.0
20201111,2,NO2_24h,丽水,34.0
20201111,2,O3,丽水,33.0
20201111,2,O3_24h,丽水,120.0
20201111,2,O3_8h,丽水,35.0
20201111,2,O3_8h_24h,丽水,38.0
20201111,2,CO,丽水,0.57
20201111,2,CO_24h,丽水,0.57
20201111,3,AQI,丽水,40.0
20201111,3,PM2.5,丽水,25.0
20201111,3,PM2.5_24h,丽水,27.0
20201111,3,PM10,丽水,40.0
20201111,3,PM10_24h,丽水,67.0
20201111,3,SO2,丽水,5.0
20201111,3,SO2_24h,丽水,6.0
20201111,3,NO2,丽水,40.0
20201111,3,NO2_24h,丽水,34.0
20201111,3,O3,丽水,28.0
20201111,3,O3_24h,丽水,120.0
20201111,3,O3_8h,丽水,33.0
20201111,3,O3_8h_24h,丽水,38.0
20201111,3,CO,丽水,0.57
20201111,3,CO_24h,丽水,0.57
20201111,4,AQI,丽水,44.0
20201111,4,PM2.5,丽水,25.0
20201111,4,PM2.5_24h,丽水,27.0
20201111,4,PM10,丽水,44.0
20201111,4,PM10_24h,丽水,66.0
20201111,4,SO2,丽水,5.0
20201111,4,SO2_24h,丽水,6.0
20201111,4,NO2,丽水,39.0
20201111,4,NO2_24h,丽水,34.0
20201111,4,O3,丽水,25.0
20201111,4,O3_24h,丽水,120.0
20201111,4,O3_8h,丽水,31.0
20201111,4,O3_8h_24h,丽水,38.0
20201111,4,CO,丽水,0.57
20201111,4,CO_24h,丽水,0.57
20201111,5,AQI,丽水,41.0
20201111,5,PM2.5,丽水,23.0
20201111,5,PM2.5_24h,丽水,27.0
20201111,5,PM10,丽水,41.0
20201111,5,PM10_24h,丽水,65.0
20201111,5,SO2,丽水,5.0
20201111,5,SO2_24h,丽水,6.0
20201111,5,NO2,丽水,35.0
20201111,5,NO2_24h,丽水,34.0
20201111,5,O3,丽水,25.0
20201111,5,O3_24h,丽水,120.0
20201111,5,O3_8h,丽水,30.0
20201111,5,O3_8h_24h,丽水,38.0
20201111,5,CO,丽水,0.6
20201111,5,CO_24h,丽水,0.57
20201111,6,AQI,丽水,39.0
20201111,6,PM2.5,丽水,23.0
20201111,6,PM2.5_24h,丽水,26.0
20201111,6,PM10,丽水,39.0
20201111,6,PM10_24h,丽水,64.0
20201111,6,SO2,丽水,5.0
20201111,6,SO2_24h,丽水,6.0
20201111,6,NO2,丽水,35.0
20201111,6,NO2_24h,丽水,34.0
20201111,6,O3,丽水,22.0
20201111,6,O3_24h,丽水,120.0
20201111,6,O3_8h,丽水,28.0
20201111,6,O3_8h_24h,丽水,38.0
20201111,6,CO,丽水,0.53
20201111,6,CO_24h,丽水,0.57
20201111,8,AQI,丽水,49.0
20201111,8,PM2.5,丽水,34.0
20201111,8,PM2.5_24h,丽水,26.0
20201111,8,PM10,丽水,42.0
20201111,8,PM10_24h,丽水,62.0
20201111,8,SO2,丽水,6.0
20201111,8,SO2_24h,丽水,6.0
20201111,8,NO2,丽水,34.0
20201111,8,NO2_24h,丽水,34.0
20201111,8,O3,丽水,19.0
20201111,8,O3_24h,丽水,120.0
20201111,8,O3_8h,丽水,26.0
20201111,8,O3_8h_24h,丽水,38.0
20201111,8,CO,丽水,0.67
20201111,8,CO_24h,丽水,0.57
20201111,10,AQI,丽水,55.0
20201111,10,PM2.5,丽水,30.0
20201111,10,PM2.5_24h,丽水,26.0
20201111,10,PM10,丽水,60.0
20201111,10,PM10_24h,丽水,60.0
20201111,10,SO2,丽水,7.0
20201111,10,SO2_24h,丽水,6.0
20201111,10,NO2,丽水,38.0
20201111,10,NO2_24h,丽水,34.0
20201111,10,O3,丽水,47.0
20201111,10,O3_24h,丽水,120.0
20201111,10,O3_8h,丽水,27.0
20201111,10,O3_8h_24h,丽水,38.0
20201111,10,CO,丽水,0.63
20201111,10,CO_24h,丽水,0.57
20201111,11,AQI,丽水,57.0
20201111,11,PM2.5,丽水,24.0
20201111,11,PM2.5_24h,丽水,25.0
20201111,11,PM10,丽水,64.0
20201111,11,PM10_24h,丽水,58.0
20201111,11,SO2,丽水,8.0
20201111,11,SO2_24h,丽水,6.0
20201111,11,NO2,丽水,31.0
20201111,11,NO2_24h,丽水,33.0
20201111,11,O3,丽水,70.0
20201111,11,O3_24h,丽水,120.0
20201111,11,O3_8h,丽水,32.0
20201111,11,O3_8h_24h,丽水,40.0
20201111,11,CO,丽水,0.57
20201111,11,CO_24h,丽水,0.57
20201111,12,AQI,丽水,46.0
20201111,12,PM2.5,丽水,16.0
20201111,12,PM2.5_24h,丽水,25.0
20201111,12,PM10,丽水,46.0
20201111,12,PM10_24h,丽水,55.0
20201111,12,SO2,丽水,7.0
20201111,12,SO2_24h,丽水,6.0
20201111,12,NO2,丽水,19.0
20201111,12,NO2_24h,丽水,33.0
20201111,12,O3,丽水,87.0
20201111,12,O3_24h,丽水,120.0
20201111,12,O3_8h,丽水,40.0
20201111,12,O3_8h_24h,丽水,43.0
20201111,12,CO,丽水,0.53
20201111,12,CO_24h,丽水,0.57
20201111,13,AQI,丽水,31.0
20201111,13,PM2.5,丽水,14.0
20201111,13,PM2.5_24h,丽水,24.0
20201111,13,PM10,丽水,31.0
20201111,13,PM10_24h,丽水,54.0
20201111,13,SO2,丽水,7.0
20201111,13,SO2_24h,丽水,6.0
20201111,13,NO2,丽水,16.0
20201111,13,NO2_24h,丽水,33.0
20201111,13,O3,丽水,96.0
20201111,13,O3_24h,丽水,120.0
20201111,13,O3_8h,丽水,49.0
20201111,13,O3_8h_24h,丽水,49.0
20201111,13,CO,丽水,0.47
20201111,13,CO_24h,丽水,0.57
20201111,14,AQI,丽水,31.0
20201111,14,PM2.5,丽水,13.0
20201111,14,PM2.5_24h,丽水,24.0
20201111,14,PM10,丽水,31.0
20201111,14,PM10_24h,丽水,52.0
20201111,14,SO2,丽水,6.0
20201111,14,SO2_24h,丽水,6.0
20201111,14,NO2,丽水,18.0
20201111,14,NO2_24h,丽水,33.0
20201111,14,O3,丽水,98.0
20201111,14,O3_24h,丽水,119.0
20201111,14,O3_8h,丽水,58.0
20201111,14,O3_8h_24h,丽水,58.0
20201111,14,CO,丽水,0.47
20201111,14,CO_24h,丽水,0.57
20201111,15,AQI,丽水,31.0
20201111,15,PM2.5,丽水,12.0
20201111,15,PM2.5_24h,丽水,24.0
20201111,15,PM10,丽水,31.0
20201111,15,PM10_24h,丽水,51.0
20201111,15,SO2,丽水,6.0
20201111,15,SO2_24h,丽水,6.0
20201111,15,NO2,丽水,16.0
20201111,15,NO2_24h,丽水,32.0
20201111,15,O3,丽水,98.0
20201111,15,O3_24h,丽水,116.0
20201111,15,O3_8h,丽水,68.0
20201111,15,O3_8h_24h,丽水,68.0
20201111,15,CO,丽水,0.47
20201111,15,CO_24h,丽水,0.57
20201111,16,AQI,丽水,32.0
20201111,16,PM2.5,丽水,13.0
20201111,16,PM2.5_24h,丽水,23.0
20201111,16,PM10,丽水,32.0
20201111,16,PM10_24h,丽水,49.0
20201111,16,SO2,丽水,6.0
20201111,16,SO2_24h,丽水,6.0
20201111,16,NO2,丽水,18.0
20201111,16,NO2_24h,丽水,33.0
20201111,16,O3,丽水,93.0
20201111,16,O3_24h,丽水,106.0
20201111,16,O3_8h,丽水,77.0
20201111,16,O3_8h_24h,丽水,77.0
20201111,16,CO,丽水,0.47
20201111,16,CO_24h,丽水,0.57
20201111,17,AQI,丽水,41.0
20201111,17,PM2.5,丽水,15.0
20201111,17,PM2.5_24h,丽水,23.0
20201111,17,PM10,丽水,41.0
20201111,17,PM10_24h,丽水,48.0
20201111,17,SO2,丽水,6.0
20201111,17,SO2_24h,丽水,6.0
20201111,17,NO2,丽水,26.0
20201111,17,NO2_24h,丽水,32.0
20201111,17,O3,丽水,91.0
20201111,17,O3_24h,丽水,105.0
20201111,17,O3_8h,丽水,85.0
20201111,17,O3_8h_24h,丽水,85.0
20201111,17,CO,丽水,0.6
20201111,17,CO_24h,丽水,0.57
20201111,18,AQI,丽水,55.0
20201111,18,PM2.5,丽水,23.0
20201111,18,PM2.5_24h,丽水,23.0
20201111,18,PM10,丽水,59.0
20201111,18,PM10_24h,丽水,48.0
20201111,18,SO2,丽水,6.0
20201111,18,SO2_24h,丽水,6.0
20201111,18,NO2,丽水,48.0
20201111,18,NO2_24h,丽水,34.0
20201111,18,O3,丽水,52.0
20201111,18,O3_24h,丽水,105.0
20201111,18,O3_8h,丽水,86.0
20201111,18,O3_8h_24h,丽水,86.0
20201111,18,CO,丽水,0.83
20201111,18,CO_24h,丽水,0.57
20201111,19,AQI,丽水,54.0
20201111,19,PM2.5,丽水,35.0
20201111,19,PM2.5_24h,丽水,24.0
20201111,19,PM10,丽水,58.0
20201111,19,PM10_24h,丽水,49.0
20201111,19,SO2,丽水,6.0
20201111,19,SO2_24h,丽水,6.0
20201111,19,NO2,丽水,41.0
20201111,19,NO2_24h,丽水,34.0
20201111,19,O3,丽水,56.0
20201111,19,O3_24h,丽水,101.0
20201111,19,O3_8h,丽水,84.0
20201111,19,O3_8h_24h,丽水,86.0
20201111,19,CO,丽水,0.67
20201111,19,CO_24h,丽水,0.6
20201111,20,AQI,丽水,54.0
20201111,20,PM2.5,丽水,29.0
20201111,20,PM2.5_24h,丽水,24.0
20201111,20,PM10,丽水,58.0
20201111,20,PM10_24h,丽水,48.0
20201111,20,SO2,丽水,5.0
20201111,20,SO2_24h,丽水,6.0
20201111,20,NO2,丽水,49.0
20201111,20,NO2_24h,丽水,35.0
20201111,20,O3,丽水,43.0
20201111,20,O3_24h,丽水,101.0
20201111,20,O3_8h,丽水,78.0
20201111,20,O3_8h_24h,丽水,86.0
20201111,20,CO,丽水,0.57
20201111,20,CO_24h,丽水,0.6
20201111,21,AQI,丽水,48.0
20201111,21,PM2.5,丽水,23.0
20201111,21,PM2.5_24h,丽水,24.0
20201111,21,PM10,丽水,48.0
20201111,21,PM10_24h,丽水,48.0
20201111,21,SO2,丽水,5.0
20201111,21,SO2_24h,丽水,6.0
20201111,21,NO2,丽水,41.0
20201111,21,NO2_24h,丽水,34.0
20201111,21,O3,丽水,47.0
20201111,21,O3_24h,丽水,101.0
20201111,21,O3_8h,丽水,72.0
20201111,21,O3_8h_24h,丽水,86.0
20201111,21,CO,丽水,0.53
20201111,21,CO_24h,丽水,0.6
20201111,22,AQI,丽水,35.0
20201111,22,PM2.5,丽水,20.0
20201111,22,PM2.5_24h,丽水,24.0
20201111,22,PM10,丽水,35.0
20201111,22,PM10_24h,丽水,46.0
20201111,22,SO2,丽水,5.0
20201111,22,SO2_24h,丽水,6.0
20201111,22,NO2,丽水,39.0
20201111,22,NO2_24h,丽水,34.0
20201111,22,O3,丽水,40.0
20201111,22,O3_24h,丽水,101.0
20201111,22,O3_8h,丽水,64.0
20201111,22,O3_8h_24h,丽水,86.0
20201111,22,CO,丽水,0.5
20201111,22,CO_24h,丽水,0.6
20201111,23,AQI,丽水,41.0
20201111,23,PM2.5,丽水,20.0
20201111,23,PM2.5_24h,丽水,23.0
20201111,23,PM10,丽水,41.0
20201111,23,PM10_24h,丽水,46.0
20201111,23,SO2,丽水,5.0
20201111,23,SO2_24h,丽水,6.0
20201111,23,NO2,丽水,43.0
20201111,23,NO2_24h,丽水,34.0
20201111,23,O3,丽水,31.0
20201111,23,O3_24h,丽水,101.0
20201111,23,O3_8h,丽水,55.0
20201111,23,O3_8h_24h,丽水,86.0
20201111,23,CO,丽水,0.5
20201111,23,CO_24h,丽水,0.6
20201111,0,AQI,合肥,81.0
20201111,0,PM2.5,合肥,47.0
20201111,0,PM2.5_24h,合肥,47.0
20201111,0,PM10,合肥,111.0
20201111,0,PM10_24h,合肥,128.0
20201111,0,SO2,合肥,13.0
20201111,0,SO2_24h,合肥,15.0
20201111,0,NO2,合肥,99.0
20201111,0,NO2_24h,合肥,81.0
20201111,0,O3,合肥,23.0
20201111,0,O3_24h,合肥,117.0
20201111,0,O3_8h,合肥,44.0
20201111,0,O3_8h_24h,合肥,94.0
20201111,0,CO,合肥,0.89
20201111,0,CO_24h,合肥,0.93
20201111,1,AQI,合肥,79.0
20201111,1,PM2.5,合肥,48.0
20201111,1,PM2.5_24h,合肥,46.0
20201111,1,PM10,合肥,108.0
20201111,1,PM10_24h,合肥,126.0
20201111,1,SO2,合肥,12.0
20201111,1,SO2_24h,合肥,15.0
20201111,1,NO2,合肥,97.0
20201111,1,NO2_24h,合肥,80.0
20201111,1,O3,合肥,19.0
20201111,1,O3_24h,合肥,117.0
20201111,1,O3_8h,合肥,19.0
20201111,1,O3_8h_24h,合肥,19.0
20201111,1,CO,合肥,0.82
20201111,1,CO_24h,合肥,0.92
20201111,2,AQI,合肥,76.0
20201111,2,PM2.5,合肥,48.0
20201111,2,PM2.5_24h,合肥,46.0
20201111,2,PM10,合肥,101.0
20201111,2,PM10_24h,合肥,124.0
20201111,2,SO2,合肥,11.0
20201111,2,SO2_24h,合肥,15.0
20201111,2,NO2,合肥,97.0
20201111,2,NO2_24h,合肥,80.0
20201111,2,O3,合肥,15.0
20201111,2,O3_24h,合肥,117.0
20201111,2,O3_8h,合肥,17.0
20201111,2,O3_8h_24h,合肥,22.0
20201111,2,CO,合肥,0.81
20201111,2,CO_24h,合肥,0.92
20201111,3,AQI,合肥,73.0
20201111,3,PM2.5,合肥,49.0
20201111,3,PM2.5_24h,合肥,46.0
20201111,3,PM10,合肥,95.0
20201111,3,PM10_24h,合肥,121.0
20201111,3,SO2,合肥,11.0
20201111,3,SO2_24h,合肥,15.0
20201111,3,NO2,合肥,93.0
20201111,3,NO2_24h,合肥,79.0
20201111,3,O3,合肥,15.0
20201111,3,O3_24h,合肥,117.0
20201111,3,O3_8h,合肥,17.0
20201111,3,O3_8h_24h,合肥,23.0
20201111,3,CO,合肥,0.84
20201111,3,CO_24h,合肥,0.91
20201111,4,AQI,合肥,73.0
20201111,4,PM2.5,合肥,47.0
20201111,4,PM2.5_24h,合肥,46.0
20201111,4,PM10,合肥,96.0
20201111,4,PM10_24h,合肥,119.0
20201111,4,SO2,合肥,11.0
20201111,4,SO2_24h,合肥,15.0
20201111,4,NO2,合肥,88.0
20201111,4,NO2_24h,合肥,79.0
20201111,4,O3,合肥,18.0
20201111,4,O3_24h,合肥,117.0
20201111,4,O3_8h,合肥,17.0
20201111,4,O3_8h_24h,合肥,23.0
20201111,4,CO,合肥,0.87
20201111,4,CO_24h,合肥,0.89
20201111,5,AQI,合肥,71.0
20201111,5,PM2.5,合肥,49.0
20201111,5,PM2.5_24h,合肥,45.0
20201111,5,PM10,合肥,91.0
20201111,5,PM10_24h,合肥,118.0
20201111,5,SO2,合肥,11.0
20201111,5,SO2_24h,合肥,15.0
20201111,5,NO2,合肥,82.0
20201111,5,NO2_24h,合肥,79.0
20201111,5,O3,合肥,22.0
20201111,5,O3_24h,合肥,117.0
20201111,5,O3_8h,合肥,17.0
20201111,5,O3_8h_24h,合肥,23.0
20201111,5,CO,合肥,0.84
20201111,5,CO_24h,合肥,0.89
20201111,6,AQI,合肥,71.0
20201111,6,PM2.5,合肥,51.0
20201111,6,PM2.5_24h,合肥,46.0
20201111,6,PM10,合肥,92.0
20201111,6,PM10_24h,合肥,116.0
20201111,6,SO2,合肥,12.0
20201111,6,SO2_24h,合肥,14.0
20201111,6,NO2,合肥,83.0
20201111,6,NO2_24h,合肥,78.0
20201111,6,O3,合肥,14.0
20201111,6,O3_24h,合肥,117.0
20201111,6,O3_8h,合肥,17.0
20201111,6,O3_8h_24h,合肥,23.0
20201111,6,CO,合肥,0.9
20201111,6,CO_24h,合肥,0.87
20201111,8,AQI,合肥,83.0
20201111,8,PM2.5,合肥,53.0
20201111,8,PM2.5_24h,合肥,46.0
20201111,8,PM10,合肥,115.0
20201111,8,PM10_24h,合肥,112.0
20201111,8,SO2,合肥,14.0
20201111,8,SO2_24h,合肥,14.0
20201111,8,NO2,合肥,83.0
20201111,8,NO2_24h,合肥,79.0
20201111,8,O3,合肥,9.0
20201111,8,O3_24h,合肥,117.0
20201111,8,O3_8h,合肥,14.0
20201111,8,O3_8h_24h,合肥,23.0
20201111,8,CO,合肥,1.08
20201111,8,CO_24h,合肥,0.86
20201111,10,AQI,合肥,69.0
20201111,10,PM2.5,合肥,49.0
20201111,10,PM2.5_24h,合肥,46.0
20201111,10,PM10,合肥,88.0
20201111,10,PM10_24h,合肥,108.0
20201111,10,SO2,合肥,16.0
20201111,10,SO2_24h,合肥,14.0
20201111,10,NO2,合肥,63.0
20201111,10,NO2_24h,合肥,77.0
20201111,10,O3,合肥,39.0
20201111,10,O3_24h,合肥,117.0
20201111,10,O3_8h,合肥,17.0
20201111,10,O3_8h_24h,合肥,24.0
20201111,10,CO,合肥,0.87
20201111,10,CO_24h,合肥,0.84
20201111,11,AQI,合肥,53.0
20201111,11,PM2.5,合肥,37.0
20201111,11,PM2.5_24h,合肥,45.0
20201111,11,PM10,合肥,53.0
20201111,11,PM10_24h,合肥,105.0
20201111,11,SO2,合肥,13.0
20201111,11,SO2_24h,合肥,14.0
20201111,11,NO2,合肥,48.0
20201111,11,NO2_24h,合肥,77.0
20201111,11,O3,合肥,58.0
20201111,11,O3_24h,合肥,117.0
20201111,11,O3_8h,合肥,22.0
20201111,11,O3_8h_24h,合肥,26.0
20201111,11,CO,合肥,0.7
20201111,11,CO_24h,合肥,0.84
20201111,12,AQI,合肥,40.0
20201111,12,PM2.5,合肥,26.0
20201111,12,PM2.5_24h,合肥,45.0
20201111,12,PM10,合肥,40.0
20201111,12,PM10_24h,合肥,103.0
20201111,12,SO2,合肥,11.0
20201111,12,SO2_24h,合肥,13.0
20201111,12,NO2,合肥,38.0
20201111,12,NO2_24h,合肥,77.0
20201111,12,O3,合肥,75.0
20201111,12,O3_24h,合肥,117.0
20201111,12,O3_8h,合肥,29.0
20201111,12,O3_8h_24h,合肥,32.0
20201111,12,CO,合肥,0.6
20201111,12,CO_24h,合肥,0.84
20201111,13,AQI,合肥,34.0
20201111,13,PM2.5,合肥,22.0
20201111,13,PM2.5_24h,合肥,44.0
20201111,13,PM10,合肥,34.0
20201111,13,PM10_24h,合肥,100.0
20201111,13,SO2,合肥,9.0
20201111,13,SO2_24h,合肥,13.0
20201111,13,NO2,合肥,34.0
20201111,13,NO2_24h,合肥,77.0
20201111,13,O3,合肥,86.0
20201111,13,O3_24h,合肥,117.0
20201111,13,O3_8h,合肥,38.0
20201111,13,O3_8h_24h,合肥,39.0
20201111,13,CO,合肥,0.54
20201111,13,CO_24h,合肥,0.84
20201111,14,AQI,合肥,43.0
20201111,14,PM2.5,合肥,19.0
20201111,14,PM2.5_24h,合肥,43.0
20201111,14,PM10,合肥,43.0
20201111,14,PM10_24h,合肥,98.0
20201111,14,SO2,合肥,9.0
20201111,14,SO2_24h,合肥,13.0
20201111,14,NO2,合肥,32.0
20201111,14,NO2_24h,合肥,76.0
20201111,14,O3,合肥,91.0
20201111,14,O3_24h,合肥,114.0
20201111,14,O3_8h,合肥,47.0
20201111,14,O3_8h_24h,合肥,47.0
20201111,14,CO,合肥,0.56
20201111,14,CO_24h,合肥,0.83
20201111,15,AQI,合肥,43.0
20201111,15,PM2.5,合肥,18.0
20201111,15,PM2.5_24h,合肥,43.0
20201111,15,PM10,合肥,43.0
20201111,15,PM10_24h,合肥,96.0
20201111,15,SO2,合肥,9.0
20201111,15,SO2_24h,合肥,13.0
20201111,15,NO2,合肥,32.0
20201111,15,NO2_24h,合肥,76.0
20201111,15,O3,合肥,96.0
20201111,15,O3_24h,合肥,110.0
20201111,15,O3_8h,合肥,59.0
20201111,15,O3_8h_24h,合肥,59.0
20201111,15,CO,合肥,0.53
20201111,15,CO_24h,合肥,0.82
20201111,16,AQI,合肥,33.0
20201111,16,PM2.5,合肥,18.0
20201111,16,PM2.5_24h,合肥,42.0
20201111,16,PM10,合肥,33.0
20201111,16,PM10_24h,合肥,93.0
20201111,16,SO2,合肥,9.0
20201111,16,SO2_24h,合肥,12.0
20201111,16,NO2,合肥,32.0
20201111,16,NO2_24h,合肥,75.0
20201111,16,O3,合肥,97.0
20201111,16,O3_24h,合肥,101.0
20201111,16,O3_8h,合肥,70.0
20201111,16,O3_8h_24h,合肥,70.0
20201111,16,CO,合肥,0.5
20201111,16,CO_24h,合肥,0.81
20201111,17,AQI,合肥,48.0
20201111,17,PM2.5,合肥,13.0
20201111,17,PM2.5_24h,合肥,41.0
20201111,17,PM10,合肥,48.0
20201111,17,PM10_24h,合肥,91.0
20201111,17,SO2,合肥,8.0
20201111,17,SO2_24h,合肥,12.0
20201111,17,NO2,合肥,43.0
20201111,17,NO2_24h,合肥,75.0
20201111,17,O3,合肥,81.0
20201111,17,O3_24h,合肥,97.0
20201111,17,O3_8h,合肥,78.0
20201111,17,O3_8h_24h,合肥,78.0
20201111,17,CO,合肥,0.54
20201111,17,CO_24h,合肥,0.81
20201111,18,AQI,合肥,61.0
20201111,18,PM2.5,合肥,20.0
20201111,18,PM2.5_24h,合肥,40.0
20201111,18,PM10,合肥,72.0
20201111,18,PM10_24h,合肥,89.0
20201111,18,SO2,合肥,9.0
20201111,18,SO2_24h,合肥,12.0
20201111,18,NO2,合肥,67.0
20201111,18,NO2_24h,合肥,74.0
20201111,18,O3,合肥,52.0
20201111,18,O3_24h,合肥,97.0
20201111,18,O3_8h,合肥,80.0
20201111,18,O3_8h_24h,合肥,80.0
20201111,18,CO,合肥,0.73
20201111,18,CO_24h,合肥,0.8
20201111,19,AQI,合肥,68.0
20201111,19,PM2.5,合肥,26.0
20201111,19,PM2.5_24h,合肥,39.0
20201111,19,PM10,合肥,85.0
20201111,19,PM10_24h,合肥,87.0
20201111,19,SO2,合肥,9.0
20201111,19,SO2_24h,合肥,12.0
20201111,19,NO2,合肥,87.0
20201111,19,NO2_24h,合肥,74.0
20201111,19,O3,合肥,30.0
20201111,19,O3_24h,合肥,97.0
20201111,19,O3_8h,合肥,76.0
20201111,19,O3_8h_24h,合肥,80.0
20201111,19,CO,合肥,0.83
20201111,19,CO_24h,合肥,0.8
20201111,20,AQI,合肥,65.0
20201111,20,PM2.5,合肥,29.0
20201111,20,PM2.5_24h,合肥,39.0
20201111,20,PM10,合肥,80.0
20201111,20,PM10_24h,合肥,85.0
20201111,20,SO2,合肥,9.0
20201111,20,SO2_24h,合肥,12.0
20201111,20,NO2,合肥,93.0
20201111,20,NO2_24h,合肥,74.0
20201111,20,O3,合肥,24.0
20201111,20,O3_24h,合肥,97.0
20201111,20,O3_8h,合肥,70.0
20201111,20,O3_8h_24h,合肥,80.0
20201111,20,CO,合肥,0.8
20201111,20,CO_24h,合肥,0.8
20201111,21,AQI,合肥,63.0
20201111,21,PM2.5,合肥,30.0
20201111,21,PM2.5_24h,合肥,38.0
20201111,21,PM10,合肥,75.0
20201111,21,PM10_24h,合肥,82.0
20201111,21,SO2,合肥,9.0
20201111,21,SO2_24h,合肥,12.0
20201111,21,NO2,合肥,88.0
20201111,21,NO2_24h,合肥,73.0
20201111,21,O3,合肥,25.0
20201111,21,O3_24h,合肥,97.0
20201111,21,O3_8h,合肥,62.0
20201111,21,O3_8h_24h,合肥,80.0
20201111,21,CO,合肥,0.73
20201111,21,CO_24h,合肥,0.8
20201111,22,AQI,合肥,63.0
20201111,22,PM2.5,合肥,24.0
20201111,22,PM2.5_24h,合肥,37.0
20201111,22,PM10,合肥,75.0
20201111,22,PM10_24h,合肥,80.0
20201111,22,SO2,合肥,10.0
20201111,22,SO2_24h,合肥,12.0
20201111,22,NO2,合肥,82.0
20201111,22,NO2_24h,合肥,72.0
20201111,22,O3,合肥,26.0
20201111,22,O3_24h,合肥,97.0
20201111,22,O3_8h,合肥,54.0
20201111,22,O3_8h_24h,合肥,80.0
20201111,22,CO,合肥,0.73
20201111,22,CO_24h,合肥,0.8
20201111,23,AQI,合肥,63.0
20201111,23,PM2.5,合肥,24.0
20201111,23,PM2.5_24h,合肥,36.0
20201111,23,PM10,合肥,75.0
20201111,23,PM10_24h,合肥,78.0
20201111,23,SO2,合肥,10.0
20201111,23,SO2_24h,合肥,11.0
20201111,23,NO2,合肥,82.0
20201111,23,NO2_24h,合肥,71.0
20201111,23,O3,合肥,25.0
20201111,23,O3_24h,合肥,97.0
20201111,23,O3_8h,合肥,45.0
20201111,23,O3_8h_24h,合肥,80.0
20201111,23,CO,合肥,0.76
20201111,23,CO_24h,合肥,0.79
20201111,0,AQI,福州,25.0
20201111,0,PM2.5,福州,9.0
20201111,0,PM2.5_24h,福州,14.0
20201111,0,PM10,福州,25.0
20201111,0,PM10_24h,福州,44.0
20201111,0,SO2,福州,5.0
20201111,0,SO2_24h,福州,6.0
20201111,0,NO2,福州,20.0
20201111,0,NO2_24h,福州,14.0
20201111,0,O3,福州,75.0
20201111,0,O3_24h,福州,98.0
20201111,0,O3_8h,福州,83.0
20201111,0,O3_8h_24h,福州,91.0
20201111,0,CO,福州,0.5
20201111,0,CO_24h,福州,0.54
20201111,1,AQI,福州,27.0
20201111,1,PM2.5,福州,11.0
20201111,1,PM2.5_24h,福州,13.0
20201111,1,PM10,福州,27.0
20201111,1,PM10_24h,福州,42.0
20201111,1,SO2,福州,5.0
20201111,1,SO2_24h,福州,5.0
20201111,1,NO2,福州,27.0
20201111,1,NO2_24h,福州,14.0
20201111,1,O3,福州,66.0
20201111,1,O3_24h,福州,98.0
20201111,1,O3_8h,福州,66.0
20201111,1,O3_8h_24h,福州,66.0
20201111,1,CO,福州,0.56
20201111,1,CO_24h,福州,0.5
20201111,2,AQI,福州,25.0
20201111,2,PM2.5,福州,11.0
20201111,2,PM2.5_24h,福州,13.0
20201111,2,PM10,福州,25.0
20201111,2,PM10_24h,福州,41.0
20201111,2,SO2,福州,5.0
20201111,2,SO2_24h,福州,5.0
20201111,2,NO2,福州,21.0
20201111,2,NO2_24h,福州,14.0
20201111,2,O3,福州,69.0
20201111,2,O3_24h,福州,98.0
20201111,2,O3_8h,福州,67.0
20201111,2,O3_8h_24h,福州,68.0
20201111,2,CO,福州,0.56
20201111,2,CO_24h,福州,0.5
20201111,3,AQI,福州,22.0
20201111,3,PM2.5,福州,10.0
20201111,3,PM2.5_24h,福州,13.0
20201111,3,PM10,福州,22.0
20201111,3,PM10_24h,福州,40.0
20201111,3,SO2,福州,5.0
20201111,3,SO2_24h,福州,5.0
20201111,3,NO2,福州,21.0
20201111,3,NO2_24h,福州,14.0
20201111,3,O3,福州,68.0
20201111,3,O3_24h,福州,98.0
20201111,3,O3_8h,福州,68.0
20201111,3,O3_8h_24h,福州,69.0
20201111,3,CO,福州,0.54
20201111,3,CO_24h,福州,0.5
20201111,4,AQI,福州,24.0
20201111,4,PM2.5,福州,11.0
20201111,4,PM2.5_24h,福州,13.0
20201111,4,PM10,福州,24.0
20201111,4,PM10_24h,福州,38.0
20201111,4,SO2,福州,6.0
20201111,4,SO2_24h,福州,5.0
20201111,4,NO2,福州,22.0
20201111,4,NO2_24h,福州,14.0
20201111,4,O3,福州,65.0
20201111,4,O3_24h,福州,98.0
20201111,4,O3_8h,福州,67.0
20201111,4,O3_8h_24h,福州,69.0
20201111,4,CO,福州,0.58
20201111,4,CO_24h,福州,0.5
20201111,5,AQI,福州,27.0
20201111,5,PM2.5,福州,12.0
20201111,5,PM2.5_24h,福州,12.0
20201111,5,PM10,福州,27.0
20201111,5,PM10_24h,福州,37.0
20201111,5,SO2,福州,7.0
20201111,5,SO2_24h,福州,5.0
20201111,5,NO2,福州,21.0
20201111,5,NO2_24h,福州,15.0
20201111,5,O3,福州,63.0
20201111,5,O3_24h,福州,98.0
20201111,5,O3_8h,福州,66.0
20201111,5,O3_8h_24h,福州,69.0
20201111,5,CO,福州,0.58
20201111,5,CO_24h,福州,0.5
20201111,6,AQI,福州,28.0
20201111,6,PM2.5,福州,12.0
20201111,6,PM2.5_24h,福州,12.0
20201111,6,PM10,福州,28.0
20201111,6,PM10_24h,福州,36.0
20201111,6,SO2,福州,6.0
20201111,6,SO2_24h,福州,5.0
20201111,6,NO2,福州,20.0
20201111,6,NO2_24h,福州,15.0
20201111,6,O3,福州,62.0
20201111,6,O3_24h,福州,98.0
20201111,6,O3_8h,福州,66.0
20201111,6,O3_8h_24h,福州,70.0
20201111,6,CO,福州,0.54
20201111,6,CO_24h,福州,0.5
20201111,8,AQI,福州,31.0
20201111,8,PM2.5,福州,12.0
20201111,8,PM2.5_24h,福州,12.0
20201111,8,PM10,福州,31.0
20201111,8,PM10_24h,福州,34.0
20201111,8,SO2,福州,6.0
20201111,8,SO2_24h,福州,5.0
20201111,8,NO2,福州,20.0
20201111,8,NO2_24h,福州,15.0
20201111,8,O3,福州,67.0
20201111,8,O3_24h,福州,98.0
20201111,8,O3_8h,福州,66.0
20201111,8,O3_8h_24h,福州,71.0
20201111,8,CO,福州,0.54
20201111,8,CO_24h,福州,0.48
20201111,10,AQI,福州,36.0
20201111,10,PM2.5,福州,10.0
20201111,10,PM2.5_24h,福州,11.0
20201111,10,PM10,福州,36.0
20201111,10,PM10_24h,福州,32.0
20201111,10,SO2,福州,6.0
20201111,10,SO2_24h,福州,5.0
20201111,10,NO2,福州,10.0
20201111,10,NO2_24h,福州,15.0
20201111,10,O3,福州,81.0
20201111,10,O3_24h,福州,98.0
20201111,10,O3_8h,福州,68.0
20201111,10,O3_8h_24h,福州,73.0
20201111,10,CO,福州,0.52
20201111,10,CO_24h,福州,0.48
20201111,11,AQI,福州,35.0
20201111,11,PM2.5,福州,11.0
20201111,11,PM2.5_24h,福州,11.0
20201111,11,PM10,福州,35.0
20201111,11,PM10_24h,福州,31.0
20201111,11,SO2,福州,6.0
20201111,11,SO2_24h,福州,5.0
20201111,11,NO2,福州,9.0
20201111,11,NO2_24h,福州,14.0
20201111,11,O3,福州,87.0
20201111,11,O3_24h,福州,98.0
20201111,11,O3_8h,福州,70.0
20201111,11,O3_8h_24h,福州,74.0
20201111,11,CO,福州,0.54
20201111,11,CO_24h,福州,0.5
20201111,12,AQI,福州,35.0
20201111,12,PM2.5,福州,11.0
20201111,12,PM2.5_24h,福州,11.0
20201111,12,PM10,福州,35.0
20201111,12,PM10_24h,福州,31.0
20201111,12,SO2,福州,5.0
20201111,12,SO2_24h,福州,5.0
20201111,12,NO2,福州,8.0
20201111,12,NO2_24h,福州,14.0
20201111,12,O3,福州,92.0
20201111,12,O3_24h,福州,98.0
20201111,12,O3_8h,福州,74.0
20201111,12,O3_8h_24h,福州,76.0
20201111,12,CO,福州,0.54
20201111,12,CO_24h,福州,0.5
20201111,13,AQI,福州,30.0
20201111,13,PM2.5,福州,11.0
20201111,13,PM2.5_24h,福州,11.0
20201111,13,PM10,福州,28.0
20201111,13,PM10_24h,福州,30.0
20201111,13,SO2,福州,5.0
20201111,13,SO2_24h,福州,5.0
20201111,13,NO2,福州,6.0
20201111,13,NO2_24h,福州,14.0
20201111,13,O3,福州,95.0
20201111,13,O3_24h,福州,98.0
20201111,13,O3_8h,福州,78.0
20201111,13,O3_8h_24h,福州,79.0
20201111,13,CO,福州,0.48
20201111,13,CO_24h,福州,0.5
20201111,14,AQI,福州,32.0
20201111,14,PM2.5,福州,11.0
20201111,14,PM2.5_24h,福州,11.0
20201111,14,PM10,福州,32.0
20201111,14,PM10_24h,福州,30.0
20201111,14,SO2,福州,4.0
20201111,14,SO2_24h,福州,5.0
20201111,14,NO2,福州,6.0
20201111,14,NO2_24h,福州,14.0
20201111,14,O3,福州,96.0
20201111,14,O3_24h,福州,98.0
20201111,14,O3_8h,福州,82.0
20201111,14,O3_8h_24h,福州,82.0
20201111,14,CO,福州,0.48
20201111,14,CO_24h,福州,0.5
20201111,15,AQI,福州,30.0
20201111,15,PM2.5,福州,10.0
20201111,15,PM2.5_24h,福州,11.0
20201111,15,PM10,福州,28.0
20201111,15,PM10_24h,福州,30.0
20201111,15,SO2,福州,4.0
20201111,15,SO2_24h,福州,5.0
20201111,15,NO2,福州,6.0
20201111,15,NO2_24h,福州,14.0
20201111,15,O3,福州,95.0
20201111,15,O3_24h,福州,98.0
20201111,15,O3_8h,福州,86.0
20201111,15,O3_8h_24h,福州,86.0
20201111,15,CO,福州,0.46
20201111,15,CO_24h,福州,0.48
20201111,16,AQI,福州,31.0
20201111,16,PM2.5,福州,11.0
20201111,16,PM2.5_24h,福州,11.0
20201111,16,PM10,福州,31.0
20201111,16,PM10_24h,福州,29.0
20201111,16,SO2,福州,4.0
20201111,16,SO2_24h,福州,5.0
20201111,16,NO2,福州,8.0
20201111,16,NO2_24h,福州,14.0
20201111,16,O3,福州,93.0
20201111,16,O3_24h,福州,98.0
20201111,16,O3_8h,福州,89.0
20201111,16,O3_8h_24h,福州,89.0
20201111,16,CO,福州,0.46
20201111,16,CO_24h,福州,0.48
20201111,17,AQI,福州,35.0
20201111,17,PM2.5,福州,12.0
20201111,17,PM2.5_24h,福州,11.0
20201111,17,PM10,福州,35.0
20201111,17,PM10_24h,福州,29.0
20201111,17,SO2,福州,4.0
20201111,17,SO2_24h,福州,5.0
20201111,17,NO2,福州,9.0
20201111,17,NO2_24h,福州,14.0
20201111,17,O3,福州,94.0
20201111,17,O3_24h,福州,98.0
20201111,17,O3_8h,福州,91.0
20201111,17,O3_8h_24h,福州,91.0
20201111,17,CO,福州,0.48
20201111,17,CO_24h,福州,0.5
20201111,18,AQI,福州,30.0
20201111,18,PM2.5,福州,12.0
20201111,18,PM2.5_24h,福州,11.0
20201111,18,PM10,福州,30.0
20201111,18,PM10_24h,福州,29.0
20201111,18,SO2,福州,4.0
20201111,18,SO2_24h,福州,5.0
20201111,18,NO2,福州,10.0
20201111,18,NO2_24h,福州,14.0
20201111,18,O3,福州,95.0
20201111,18,O3_24h,福州,98.0
20201111,18,O3_8h,福州,93.0
20201111,18,O3_8h_24h,福州,93.0
20201111,18,CO,福州,0.48
20201111,18,CO_24h,福州,0.5
20201111,19,AQI,福州,31.0
20201111,19,PM2.5,福州,12.0
20201111,19,PM2.5_24h,福州,11.0
20201111,19,PM10,福州,31.0
20201111,19,PM10_24h,福州,29.0
20201111,19,SO2,福州,5.0
20201111,19,SO2_24h,福州,5.0
20201111,19,NO2,福州,11.0
20201111,19,NO2_24h,福州,14.0
20201111,19,O3,福州,95.0
20201111,19,O3_24h,福州,99.0
20201111,19,O3_8h,福州,94.0
20201111,19,O3_8h_24h,福州,94.0
20201111,19,CO,福州,0.5
20201111,19,CO_24h,福州,0.5
20201111,20,AQI,福州,29.0
20201111,20,PM2.5,福州,13.0
20201111,20,PM2.5_24h,福州,11.0
20201111,20,PM10,福州,27.0
20201111,20,PM10_24h,福州,29.0
20201111,20,SO2,福州,4.0
20201111,20,SO2_24h,福州,5.0
20201111,20,NO2,福州,11.0
20201111,20,NO2_24h,福州,14.0
20201111,20,O3,福州,94.0
20201111,20,O3_24h,福州,99.0
20201111,20,O3_8h,福州,95.0
20201111,20,O3_8h_24h,福州,95.0
20201111,20,CO,福州,0.5
20201111,20,CO_24h,福州,0.5
20201111,21,AQI,福州,30.0
20201111,21,PM2.5,福州,12.0
20201111,21,PM2.5_24h,福州,11.0
20201111,21,PM10,福州,30.0
20201111,21,PM10_24h,福州,29.0
20201111,21,SO2,福州,4.0
20201111,21,SO2_24h,福州,5.0
20201111,21,NO2,福州,10.0
20201111,21,NO2_24h,福州,14.0
20201111,21,O3,福州,97.0
20201111,21,O3_24h,福州,100.0
20201111,21,O3_8h,福州,95.0
20201111,21,O3_8h_24h,福州,95.0
20201111,21,CO,福州,0.5
20201111,21,CO_24h,福州,0.5
20201111,22,AQI,福州,32.0
20201111,22,PM2.5,福州,12.0
20201111,22,PM2.5_24h,福州,11.0
20201111,22,PM10,福州,32.0
20201111,22,PM10_24h,福州,29.0
20201111,22,SO2,福州,4.0
20201111,22,SO2_24h,福州,5.0
20201111,22,NO2,福州,11.0
20201111,22,NO2_24h,福州,14.0
20201111,22,O3,福州,96.0
20201111,22,O3_24h,福州,100.0
20201111,22,O3_8h,福州,95.0
20201111,22,O3_8h_24h,福州,95.0
20201111,22,CO,福州,0.5
20201111,22,CO_24h,福州,0.5
20201111,23,AQI,福州,31.0
20201111,23,PM2.5,福州,13.0
20201111,23,PM2.5_24h,福州,11.0
20201111,23,PM10,福州,31.0
20201111,23,PM10_24h,福州,30.0
20201111,23,SO2,福州,5.0
20201111,23,SO2_24h,福州,5.0
20201111,23,NO2,福州,11.0
20201111,23,NO2_24h,福州,14.0
20201111,23,O3,福州,95.0
20201111,23,O3_24h,福州,100.0
20201111,23,O3_8h,福州,95.0
20201111,23,O3_8h_24h,福州,95.0
20201111,23,CO,福州,0.58
20201111,23,CO_24h,福州,0.52
20201111,0,AQI,厦门,28.0
20201111,0,PM2.5,厦门,9.0
20201111,0,PM2.5_24h,厦门,13.0
20201111,0,PM10,厦门,26.0
20201111,0,PM10_24h,厦门,51.0
20201111,0,SO2,厦门,3.0
20201111,0,SO2_24h,厦门,4.0
20201111,0,NO2,厦门,8.0
20201111,0,NO2_24h,厦门,10.0
20201111,0,O3,厦门,90.0
20201111,0,O3_24h,厦门,113.0
20201111,0,O3_8h,厦门,88.0
20201111,0,O3_8h_24h,厦门,102.0
20201111,0,CO,厦门,0.33
20201111,0,CO_24h,厦门,0.4
20201111,1,AQI,厦门,29.0
20201111,1,PM2.5,厦门,8.0
20201111,1,PM2.5_24h,厦门,13.0
20201111,1,PM10,厦门,25.0
20201111,1,PM10_24h,厦门,50.0
20201111,1,SO2,厦门,4.0
20201111,1,SO2_24h,厦门,4.0
20201111,1,NO2,厦门,6.0
20201111,1,NO2_24h,厦门,10.0
20201111,1,O3,厦门,92.0
20201111,1,O3_24h,厦门,113.0
20201111,1,O3_8h,厦门,92.0
20201111,1,O3_8h_24h,厦门,92.0
20201111,1,CO,厦门,0.33
20201111,1,CO_24h,厦门,0.4
20201111,2,AQI,厦门,30.0
20201111,2,PM2.5,厦门,8.0
20201111,2,PM2.5_24h,厦门,13.0
20201111,2,PM10,厦门,25.0
20201111,2,PM10_24h,厦门,48.0
20201111,2,SO2,厦门,3.0
20201111,2,SO2_24h,厦门,4.0
20201111,2,NO2,厦门,5.0
20201111,2,NO2_24h,厦门,10.0
20201111,2,O3,厦门,95.0
20201111,2,O3_24h,厦门,113.0
20201111,2,O3_8h,厦门,93.0
20201111,2,O3_8h_24h,厦门,93.0
20201111,2,CO,厦门,0.33
20201111,2,CO_24h,厦门,0.4
20201111,3,AQI,厦门,30.0
20201111,3,PM2.5,厦门,8.0
20201111,3,PM2.5_24h,厦门,13.0
20201111,3,PM10,厦门,24.0
20201111,3,PM10_24h,厦门,47.0
20201111,3,SO2,厦门,4.0
20201111,3,SO2_24h,厦门,4.0
20201111,3,NO2,厦门,5.0
20201111,3,NO2_24h,厦门,10.0
20201111,3,O3,厦门,95.0
20201111,3,O3_24h,厦门,113.0
20201111,3,O3_8h,厦门,94.0
20201111,3,O3_8h_24h,厦门,94.0
20201111,3,CO,厦门,0.33
20201111,3,CO_24h,厦门,0.4
20201111,4,AQI,厦门,29.0
20201111,4,PM2.5,厦门,8.0
20201111,4,PM2.5_24h,厦门,12.0
20201111,4,PM10,厦门,24.0
20201111,4,PM10_24h,厦门,45.0
20201111,4,SO2,厦门,3.0
20201111,4,SO2_24h,厦门,4.0
20201111,4,NO2,厦门,5.0
20201111,4,NO2_24h,厦门,11.0
20201111,4,O3,厦门,94.0
20201111,4,O3_24h,厦门,112.0
20201111,4,O3_8h,厦门,94.0
20201111,4,O3_8h_24h,厦门,94.0
20201111,4,CO,厦门,0.33
20201111,4,CO_24h,厦门,0.4
20201111,5,AQI,厦门,28.0
20201111,5,PM2.5,厦门,8.0
20201111,5,PM2.5_24h,厦门,12.0
20201111,5,PM10,厦门,22.0
20201111,5,PM10_24h,厦门,44.0
20201111,5,SO2,厦门,3.0
20201111,5,SO2_24h,厦门,4.0
20201111,5,NO2,厦门,4.0
20201111,5,NO2_24h,厦门,11.0
20201111,5,O3,厦门,90.0
20201111,5,O3_24h,厦门,112.0
20201111,5,O3_8h,厦门,93.0
20201111,5,O3_8h_24h,厦门,94.0
20201111,5,CO,厦门,0.33
20201111,5,CO_24h,厦门,0.4
20201111,6,AQI,厦门,28.0
20201111,6,PM2.5,厦门,8.0
20201111,6,PM2.5_24h,厦门,12.0
20201111,6,PM10,厦门,25.0
20201111,6,PM10_24h,厦门,43.0
20201111,6,SO2,厦门,3.0
20201111,6,SO2_24h,厦门,4.0
20201111,6,NO2,厦门,5.0
20201111,6,NO2_24h,厦门,10.0
20201111,6,O3,厦门,91.0
20201111,6,O3_24h,厦门,112.0
20201111,6,O3_8h,厦门,93.0
20201111,6,O3_8h_24h,厦门,94.0
20201111,6,CO,厦门,0.33
20201111,6,CO_24h,厦门,0.4
20201111,8,AQI,厦门,26.0
20201111,8,PM2.5,厦门,9.0
20201111,8,PM2.5_24h,厦门,12.0
20201111,8,PM10,厦门,26.0
20201111,8,PM10_24h,厦门,42.0
20201111,8,SO2,厦门,4.0
20201111,8,SO2_24h,厦门,4.0
20201111,8,NO2,厦门,12.0
20201111,8,NO2_24h,厦门,10.0
20201111,8,O3,厦门,83.0
20201111,8,O3_24h,厦门,112.0
20201111,8,O3_8h,厦门,91.0
20201111,8,O3_8h_24h,厦门,94.0
20201111,8,CO,厦门,0.4
20201111,8,CO_24h,厦门,0.4
20201111,10,AQI,厦门,39.0
20201111,10,PM2.5,厦门,11.0
20201111,10,PM2.5_24h,厦门,12.0
20201111,10,PM10,厦门,39.0
20201111,10,PM10_24h,厦门,41.0
20201111,10,SO2,厦门,4.0
20201111,10,SO2_24h,厦门,4.0
20201111,10,NO2,厦门,9.0
20201111,10,NO2_24h,厦门,10.0
20201111,10,O3,厦门,86.0
20201111,10,O3_24h,厦门,112.0
20201111,10,O3_8h,厦门,89.0
20201111,10,O3_8h_24h,厦门,94.0
20201111,10,CO,厦门,0.4
20201111,10,CO_24h,厦门,0.4
20201111,11,AQI,厦门,41.0
20201111,11,PM2.5,厦门,12.0
20201111,11,PM2.5_24h,厦门,12.0
20201111,11,PM10,厦门,41.0
20201111,11,PM10_24h,厦门,41.0
20201111,11,SO2,厦门,4.0
20201111,11,SO2_24h,厦门,4.0
20201111,11,NO2,厦门,8.0
20201111,11,NO2_24h,厦门,10.0
20201111,11,O3,厦门,89.0
20201111,11,O3_24h,厦门,112.0
20201111,11,O3_8h,厦门,88.0
20201111,11,O3_8h_24h,厦门,94.0
20201111,11,CO,厦门,0.4
20201111,11,CO_24h,厦门,0.4
20201111,12,AQI,厦门,53.0
20201111,12,PM2.5,厦门,13.0
20201111,12,PM2.5_24h,厦门,12.0
20201111,12,PM10,厦门,55.0
20201111,12,PM10_24h,厦门,41.0
20201111,12,SO2,厦门,4.0
20201111,12,SO2_24h,厦门,4.0
20201111,12,NO2,厦门,7.0
20201111,12,NO2_24h,厦门,10.0
20201111,12,O3,厦门,95.0
20201111,12,O3_24h,厦门,112.0
20201111,12,O3_8h,厦门,88.0
20201111,12,O3_8h_24h,厦门,94.0
20201111,12,CO,厦门,0.4
20201111,12,CO_24h,厦门,0.4
20201111,13,AQI,厦门,43.0
20201111,13,PM2.5,厦门,13.0
20201111,13,PM2.5_24h,厦门,11.0
20201111,13,PM10,厦门,43.0
20201111,13,PM10_24h,厦门,41.0
20201111,13,SO2,厦门,4.0
20201111,13,SO2_24h,厦门,4.0
20201111,13,NO2,厦门,5.0
20201111,13,NO2_24h,厦门,10.0
20201111,13,O3,厦门,100.0
20201111,13,O3_24h,厦门,112.0
20201111,13,O3_8h,厦门,90.0
20201111,13,O3_8h_24h,厦门,94.0
20201111,13,CO,厦门,0.4
20201111,13,CO_24h,厦门,0.4
20201111,14,AQI,厦门,39.0
20201111,14,PM2.5,厦门,12.0
20201111,14,PM2.5_24h,厦门,11.0
20201111,14,PM10,厦门,39.0
20201111,14,PM10_24h,厦门,41.0
20201111,14,SO2,厦门,5.0
20201111,14,SO2_24h,厦门,4.0
20201111,14,NO2,厦门,6.0
20201111,14,NO2_24h,厦门,10.0
20201111,14,O3,厦门,106.0
20201111,14,O3_24h,厦门,112.0
20201111,14,O3_8h,厦门,91.0
20201111,14,O3_8h_24h,厦门,94.0
20201111,14,CO,厦门,0.4
20201111,14,CO_24h,厦门,0.4
20201111,15,AQI,厦门,46.0
20201111,15,PM2.5,厦门,12.0
20201111,15,PM2.5_24h,厦门,11.0
20201111,15,PM10,厦门,46.0
20201111,15,PM10_24h,厦门,41.0
20201111,15,SO2,厦门,5.0
20201111,15,SO2_24h,厦门,4.0
20201111,15,NO2,厦门,7.0
20201111,15,NO2_24h,厦门,10.0
20201111,15,O3,厦门,105.0
20201111,15,O3_24h,厦门,112.0
20201111,15,O3_8h,厦门,93.0
20201111,15,O3_8h_24h,厦门,95.0
20201111,15,CO,厦门,0.37
20201111,15,CO_24h,厦门,0.4
20201111,16,AQI,厦门,51.0
20201111,16,PM2.5,厦门,13.0
20201111,16,PM2.5_24h,厦门,11.0
20201111,16,PM10,厦门,52.0
20201111,16,PM10_24h,厦门,40.0
20201111,16,SO2,厦门,5.0
20201111,16,SO2_24h,厦门,4.0
20201111,16,NO2,厦门,10.0
20201111,16,NO2_24h,厦门,10.0
20201111,16,O3,厦门,108.0
20201111,16,O3_24h,厦门,111.0
20201111,16,O3_8h,厦门,97.0
20201111,16,O3_8h_24h,厦门,97.0
20201111,16,CO,厦门,0.37
20201111,16,CO_24h,厦门,0.4
20201111,17,AQI,厦门,55.0
20201111,17,PM2.5,厦门,13.0
20201111,17,PM2.5_24h,厦门,11.0
20201111,17,PM10,厦门,60.0
20201111,17,PM10_24h,厦门,40.0
20201111,17,SO2,厦门,5.0
20201111,17,SO2_24h,厦门,4.0
20201111,17,NO2,厦门,18.0
20201111,17,NO2_24h,厦门,10.0
20201111,17,O3,厦门,95.0
20201111,17,O3_24h,厦门,108.0
20201111,17,O3_8h,厦门,98.0
20201111,17,O3_8h_24h,厦门,98.0
20201111,17,CO,厦门,0.4
20201111,17,CO_24h,厦门,0.37
20201111,18,AQI,厦门,60.0
20201111,18,PM2.5,厦门,17.0
20201111,18,PM2.5_24h,厦门,11.0
20201111,18,PM10,厦门,70.0
20201111,18,PM10_24h,厦门,39.0
20201111,18,SO2,厦门,5.0
20201111,18,SO2_24h,厦门,4.0
20201111,18,NO2,厦门,22.0
20201111,18,NO2_24h,厦门,10.0
20201111,18,O3,厦门,91.0
20201111,18,O3_24h,厦门,108.0
20201111,18,O3_8h,厦门,99.0
20201111,18,O3_8h_24h,厦门,99.0
20201111,18,CO,厦门,0.4
20201111,18,CO_24h,厦门,0.37
20201111,19,AQI,厦门,61.0
20201111,19,PM2.5,厦门,20.0
20201111,19,PM2.5_24h,厦门,11.0
20201111,19,PM10,厦门,72.0
20201111,19,PM10_24h,厦门,40.0
20201111,19,SO2,厦门,4.0
20201111,19,SO2_24h,厦门,4.0
20201111,19,NO2,厦门,21.0
20201111,19,NO2_24h,厦门,10.0
20201111,19,O3,厦门,86.0
20201111,19,O3_24h,厦门,108.0
20201111,19,O3_8h,厦门,98.0
20201111,19,O3_8h_24h,厦门,99.0
20201111,19,CO,厦门,0.47
20201111,19,CO_24h,厦门,0.4
20201111,20,AQI,厦门,55.0
20201111,20,PM2.5,厦门,14.0
20201111,20,PM2.5_24h,厦门,11.0
20201111,20,PM10,厦门,59.0
20201111,20,PM10_24h,厦门,40.0
20201111,20,SO2,厦门,5.0
20201111,20,SO2_24h,厦门,4.0
20201111,20,NO2,厦门,20.0
20201111,20,NO2_24h,厦门,11.0
20201111,20,O3,厦门,82.0
20201111,20,O3_24h,厦门,108.0
20201111,20,O3_8h,厦门,97.0
20201111,20,O3_8h_24h,厦门,99.0
20201111,20,CO,厦门,0.4
20201111,20,CO_24h,厦门,0.37
20201111,21,AQI,厦门,50.0
20201111,21,PM2.5,厦门,11.0
20201111,21,PM2.5_24h,厦门,11.0
20201111,21,PM10,厦门,50.0
20201111,21,PM10_24h,厦门,40.0
20201111,21,SO2,厦门,5.0
20201111,21,SO2_24h,厦门,4.0
20201111,21,NO2,厦门,14.0
20201111,21,NO2_24h,厦门,10.0
20201111,21,O3,厦门,91.0
20201111,21,O3_24h,厦门,108.0
20201111,21,O3_8h,厦门,95.0
20201111,21,O3_8h_24h,厦门,99.0
20201111,21,CO,厦门,0.4
20201111,21,CO_24h,厦门,0.4
20201111,22,AQI,厦门,40.0
20201111,22,PM2.5,厦门,11.0
20201111,22,PM2.5_24h,厦门,11.0
20201111,22,PM10,厦门,40.0
20201111,22,PM10_24h,厦门,40.0
20201111,22,SO2,厦门,4.0
20201111,22,SO2_24h,厦门,4.0
20201111,22,NO2,厦门,13.0
20201111,22,NO2_24h,厦门,10.0
20201111,22,O3,厦门,96.0
20201111,22,O3_24h,厦门,108.0
20201111,22,O3_8h,厦门,94.0
20201111,22,O3_8h_24h,厦门,99.0
20201111,22,CO,厦门,0.37
20201111,22,CO_24h,厦门,0.4
20201111,23,AQI,厦门,31.0
20201111,23,PM2.5,厦门,11.0
20201111,23,PM2.5_24h,厦门,11.0
20201111,23,PM10,厦门,31.0
20201111,23,PM10_24h,厦门,39.0
20201111,23,SO2,厦门,4.0
20201111,23,SO2_24h,厦门,4.0
20201111,23,NO2,厦门,11.0
20201111,23,NO2_24h,厦门,10.0
20201111,23,O3,厦门,97.0
20201111,23,O3_24h,厦门,108.0
20201111,23,O3_8h,厦门,93.0
20201111,23,O3_8h_24h,厦门,99.0
20201111,23,CO,厦门,0.4
20201111,23,CO_24h,厦门,0.4
20201111,0,AQI,南昌,86.0
20201111,0,PM2.5,南昌,44.0
20201111,0,PM2.5_24h,南昌,43.0
20201111,0,PM10,南昌,122.0
20201111,0,PM10_24h,南昌,134.0
20201111,0,SO2,南昌,10.0
20201111,0,SO2_24h,南昌,10.0
20201111,0,NO2,南昌,57.0
20201111,0,NO2_24h,南昌,39.0
20201111,0,O3,南昌,54.0
20201111,0,O3_24h,南昌,138.0
20201111,0,O3_8h,南昌,83.0
20201111,0,O3_8h_24h,南昌,124.0
20201111,0,CO,南昌,0.69
20201111,0,CO_24h,南昌,0.69
20201111,1,AQI,南昌,83.0
20201111,1,PM2.5,南昌,45.0
20201111,1,PM2.5_24h,南昌,43.0
20201111,1,PM10,南昌,116.0
20201111,1,PM10_24h,南昌,132.0
20201111,1,SO2,南昌,12.0
20201111,1,SO2_24h,南昌,10.0
20201111,1,NO2,南昌,52.0
20201111,1,NO2_24h,南昌,40.0
20201111,1,O3,南昌,58.0
20201111,1,O3_24h,南昌,138.0
20201111,1,O3_8h,南昌,58.0
20201111,1,O3_8h_24h,南昌,58.0
20201111,1,CO,南昌,0.75
20201111,1,CO_24h,南昌,0.69
20201111,2,AQI,南昌,78.0
20201111,2,PM2.5,南昌,44.0
20201111,2,PM2.5_24h,南昌,43.0
20201111,2,PM10,南昌,106.0
20201111,2,PM10_24h,南昌,130.0
20201111,2,SO2,南昌,12.0
20201111,2,SO2_24h,南昌,10.0
20201111,2,NO2,南昌,43.0
20201111,2,NO2_24h,南昌,40.0
20201111,2,O3,南昌,68.0
20201111,2,O3_24h,南昌,138.0
20201111,2,O3_8h,南昌,63.0
20201111,2,O3_8h_24h,南昌,63.0
20201111,2,CO,南昌,0.79
20201111,2,CO_24h,南昌,0.69
20201111,3,AQI,南昌,78.0
20201111,3,PM2.5,南昌,44.0
20201111,3,PM2.5_24h,南昌,42.0
20201111,3,PM10,南昌,105.0
20201111,3,PM10_24h,南昌,128.0
20201111,3,SO2,南昌,12.0
20201111,3,SO2_24h,南昌,10.0
20201111,3,NO2,南昌,40.0
20201111,3,NO2_24h,南昌,40.0
20201111,3,O3,南昌,68.0
20201111,3,O3_24h,南昌,138.0
20201111,3,O3_8h,南昌,65.0
20201111,3,O3_8h_24h,南昌,65.0
20201111,3,CO,南昌,0.79
20201111,3,CO_24h,南昌,0.69
20201111,4,AQI,南昌,78.0
20201111,4,PM2.5,南昌,43.0
20201111,4,PM2.5_24h,南昌,42.0
20201111,4,PM10,南昌,106.0
20201111,4,PM10_24h,南昌,126.0
20201111,4,SO2,南昌,12.0
20201111,4,SO2_24h,南昌,10.0
20201111,4,NO2,南昌,37.0
20201111,4,NO2_24h,南昌,40.0
20201111,4,O3,南昌,68.0
20201111,4,O3_24h,南昌,138.0
20201111,4,O3_8h,南昌,65.0
20201111,4,O3_8h_24h,南昌,65.0
20201111,4,CO,南昌,0.78
20201111,4,CO_24h,南昌,0.69
20201111,5,AQI,南昌,77.0
20201111,5,PM2.5,南昌,45.0
20201111,5,PM2.5_24h,南昌,42.0
20201111,5,PM10,南昌,103.0
20201111,5,PM10_24h,南昌,125.0
20201111,5,SO2,南昌,12.0
20201111,5,SO2_24h,南昌,10.0
20201111,5,NO2,南昌,37.0
20201111,5,NO2_24h,南昌,40.0
20201111,5,O3,南昌,64.0
20201111,5,O3_24h,南昌,138.0
20201111,5,O3_8h,南昌,65.0
20201111,5,O3_8h_24h,南昌,65.0
20201111,5,CO,南昌,0.74
20201111,5,CO_24h,南昌,0.69
20201111,6,AQI,南昌,78.0
20201111,6,PM2.5,南昌,48.0
20201111,6,PM2.5_24h,南昌,42.0
20201111,6,PM10,南昌,105.0
20201111,6,PM10_24h,南昌,123.0
20201111,6,SO2,南昌,11.0
20201111,6,SO2_24h,南昌,10.0
20201111,6,NO2,南昌,38.0
20201111,6,NO2_24h,南昌,40.0
20201111,6,O3,南昌,58.0
20201111,6,O3_24h,南昌,138.0
20201111,6,O3_8h,南昌,64.0
20201111,6,O3_8h_24h,南昌,65.0
20201111,6,CO,南昌,0.76
20201111,6,CO_24h,南昌,0.69
20201111,8,AQI,南昌,83.0
20201111,8,PM2.5,南昌,54.0
20201111,8,PM2.5_24h,南昌,42.0
20201111,8,PM10,南昌,115.0
20201111,8,PM10_24h,南昌,120.0
20201111,8,SO2,南昌,12.0
20201111,8,SO2_24h,南昌,10.0
20201111,8,NO2,南昌,49.0
20201111,8,NO2_24h,南昌,40.0
20201111,8,O3,南昌,45.0
20201111,8,O3_24h,南昌,138.0
20201111,8,O3_8h,南昌,59.0
20201111,8,O3_8h_24h,南昌,65.0
20201111,8,CO,南昌,0.86
20201111,8,CO_24h,南昌,0.69
20201111,10,AQI,南昌,75.0
20201111,10,PM2.5,南昌,42.0
20201111,10,PM2.5_24h,南昌,41.0
20201111,10,PM10,南昌,99.0
20201111,10,PM10_24h,南昌,116.0
20201111,10,SO2,南昌,11.0
20201111,10,SO2_24h,南昌,9.0
20201111,10,NO2,南昌,35.0
20201111,10,NO2_24h,南昌,40.0
20201111,10,O3,南昌,78.0
20201111,10,O3_24h,南昌,138.0
20201111,10,O3_8h,南昌,61.0
20201111,10,O3_8h_24h,南昌,65.0
20201111,10,CO,南昌,0.69
20201111,10,CO_24h,南昌,0.67
20201111,11,AQI,南昌,70.0
20201111,11,PM2.5,南昌,37.0
20201111,11,PM2.5_24h,南昌,41.0
20201111,11,PM10,南昌,90.0
20201111,11,PM10_24h,南昌,114.0
20201111,11,SO2,南昌,9.0
20201111,11,SO2_24h,南昌,9.0
20201111,11,NO2,南昌,28.0
20201111,11,NO2_24h,南昌,39.0
20201111,11,O3,南昌,99.0
20201111,11,O3_24h,南昌,138.0
20201111,11,O3_8h,南昌,65.0
20201111,11,O3_8h_24h,南昌,66.0
20201111,11,CO,南昌,0.59
20201111,11,CO_24h,南昌,0.66
20201111,12,AQI,南昌,67.0
20201111,12,PM2.5,南昌,35.0
20201111,12,PM2.5_24h,南昌,41.0
20201111,12,PM10,南昌,84.0
20201111,12,PM10_24h,南昌,112.0
20201111,12,SO2,南昌,7.0
20201111,12,SO2_24h,南昌,9.0
20201111,12,NO2,南昌,23.0
20201111,12,NO2_24h,南昌,39.0
20201111,12,O3,南昌,113.0
20201111,12,O3_24h,南昌,138.0
20201111,12,O3_8h,南昌,70.0
20201111,12,O3_8h_24h,南昌,71.0
20201111,12,CO,南昌,0.54
20201111,12,CO_24h,南昌,0.66
20201111,13,AQI,南昌,61.0
20201111,13,PM2.5,南昌,32.0
20201111,13,PM2.5_24h,南昌,40.0
20201111,13,PM10,南昌,72.0
20201111,13,PM10_24h,南昌,110.0
20201111,13,SO2,南昌,6.0
20201111,13,SO2_24h,南昌,9.0
20201111,13,NO2,南昌,19.0
20201111,13,NO2_24h,南昌,39.0
20201111,13,O3,南昌,127.0
20201111,13,O3_24h,南昌,138.0
20201111,13,O3_8h,南昌,78.0
20201111,13,O3_8h_24h,南昌,78.0
20201111,13,CO,南昌,0.45
20201111,13,CO_24h,南昌,0.65
20201111,14,AQI,南昌,59.0
20201111,14,PM2.5,南昌,28.0
20201111,14,PM2.5_24h,南昌,40.0
20201111,14,PM10,南昌,67.0
20201111,14,PM10_24h,南昌,108.0
20201111,14,SO2,南昌,5.0
20201111,14,SO2_24h,南昌,9.0
20201111,14,NO2,南昌,18.0
20201111,14,NO2_24h,南昌,39.0
20201111,14,O3,南昌,133.0
20201111,14,O3_24h,南昌,138.0
20201111,14,O3_8h,南昌,88.0
20201111,14,O3_8h_24h,南昌,88.0
20201111,14,CO,南昌,0.42
20201111,14,CO_24h,南昌,0.65
20201111,15,AQI,南昌,55.0
20201111,15,PM2.5,南昌,23.0
20201111,15,PM2.5_24h,南昌,40.0
20201111,15,PM10,南昌,59.0
20201111,15,PM10_24h,南昌,106.0
20201111,15,SO2,南昌,5.0
20201111,15,SO2_24h,南昌,9.0
20201111,15,NO2,南昌,18.0
20201111,15,NO2_24h,南昌,39.0
20201111,15,O3,南昌,133.0
20201111,15,O3_24h,南昌,135.0
20201111,15,O3_8h,南昌,98.0
20201111,15,O3_8h_24h,南昌,98.0
20201111,15,CO,南昌,0.4
20201111,15,CO_24h,南昌,0.65
20201111,16,AQI,南昌,53.0
20201111,16,PM2.5,南昌,21.0
20201111,16,PM2.5_24h,南昌,39.0
20201111,16,PM10,南昌,55.0
20201111,16,PM10_24h,南昌,104.0
20201111,16,SO2,南昌,4.0
20201111,16,SO2_24h,南昌,9.0
20201111,16,NO2,南昌,19.0
20201111,16,NO2_24h,南昌,39.0
20201111,16,O3,南昌,131.0
20201111,16,O3_24h,南昌,134.0
20201111,16,O3_8h,南昌,109.0
20201111,16,O3_8h_24h,南昌,109.0
20201111,16,CO,南昌,0.39
20201111,16,CO_24h,南昌,0.64
20201111,17,AQI,南昌,53.0
20201111,17,PM2.5,南昌,20.0
20201111,17,PM2.5_24h,南昌,39.0
20201111,17,PM10,南昌,56.0
20201111,17,PM10_24h,南昌,102.0
20201111,17,SO2,南昌,4.0
20201111,17,SO2_24h,南昌,9.0
20201111,17,NO2,南昌,22.0
20201111,17,NO2_24h,南昌,39.0
20201111,17,O3,南昌,125.0
20201111,17,O3_24h,南昌,134.0
20201111,17,O3_8h,南昌,117.0
20201111,17,O3_8h_24h,南昌,117.0
20201111,17,CO,南昌,0.4
20201111,17,CO_24h,南昌,0.65
20201111,18,AQI,南昌,58.0
20201111,18,PM2.5,南昌,24.0
20201111,18,PM2.5_24h,南昌,39.0
20201111,18,PM10,南昌,65.0
20201111,18,PM10_24h,南昌,100.0
20201111,18,SO2,南昌,4.0
20201111,18,SO2_24h,南昌,9.0
20201111,18,NO2,南昌,35.0
20201111,18,NO2_24h,南昌,39.0
20201111,18,O3,南昌,111.0
20201111,18,O3_24h,南昌,134.0
20201111,18,O3_8h,南昌,122.0
20201111,18,O3_8h_24h,南昌,122.0
20201111,18,CO,南昌,0.48
20201111,18,CO_24h,南昌,0.65
20201111,19,AQI,南昌,69.0
20201111,19,PM2.5,南昌,34.0
20201111,19,PM2.5_24h,南昌,39.0
20201111,19,PM10,南昌,87.0
20201111,19,PM10_24h,南昌,99.0
20201111,19,SO2,南昌,5.0
20201111,19,SO2_24h,南昌,9.0
20201111,19,NO2,南昌,48.0
20201111,19,NO2_24h,南昌,39.0
20201111,19,O3,南昌,91.0
20201111,19,O3_24h,南昌,134.0
20201111,19,O3_8h,南昌,121.0
20201111,19,O3_8h_24h,南昌,123.0
20201111,19,CO,南昌,0.54
20201111,19,CO_24h,南昌,0.65
20201111,20,AQI,南昌,81.0
20201111,20,PM2.5,南昌,36.0
20201111,20,PM2.5_24h,南昌,39.0
20201111,20,PM10,南昌,111.0
20201111,20,PM10_24h,南昌,98.0
20201111,20,SO2,南昌,8.0
20201111,20,SO2_24h,南昌,9.0
20201111,20,NO2,南昌,71.0
20201111,20,NO2_24h,南昌,39.0
20201111,20,O3,南昌,65.0
20201111,20,O3_24h,南昌,134.0
20201111,20,O3_8h,南昌,115.0
20201111,20,O3_8h_24h,南昌,123.0
20201111,20,CO,南昌,0.6
20201111,20,CO_24h,南昌,0.65
20201111,21,AQI,南昌,81.0
20201111,21,PM2.5,南昌,39.0
20201111,21,PM2.5_24h,南昌,39.0
20201111,21,PM10,南昌,111.0
20201111,21,PM10_24h,南昌,96.0
20201111,21,SO2,南昌,8.0
20201111,21,SO2_24h,南昌,9.0
20201111,21,NO2,南昌,72.0
20201111,21,NO2_24h,南昌,40.0
20201111,21,O3,南昌,70.0
20201111,21,O3_24h,南昌,134.0
20201111,21,O3_8h,南昌,107.0
20201111,21,O3_8h_24h,南昌,123.0
20201111,21,CO,南昌,0.66
20201111,21,CO_24h,南昌,0.65
20201111,22,AQI,南昌,81.0
20201111,22,PM2.5,南昌,43.0
20201111,22,PM2.5_24h,南昌,39.0
20201111,22,PM10,南昌,111.0
20201111,22,PM10_24h,南昌,96.0
20201111,22,SO2,南昌,11.0
20201111,22,SO2_24h,南昌,9.0
20201111,22,NO2,南昌,61.0
20201111,22,NO2_24h,南昌,40.0
20201111,22,O3,南昌,80.0
20201111,22,O3_24h,南昌,134.0
20201111,22,O3_8h,南昌,100.0
20201111,22,O3_8h_24h,南昌,123.0
20201111,22,CO,南昌,0.75
20201111,22,CO_24h,南昌,0.65
20201111,23,AQI,南昌,79.0
20201111,23,PM2.5,南昌,48.0
20201111,23,PM2.5_24h,南昌,39.0
20201111,23,PM10,南昌,108.0
20201111,23,PM10_24h,南昌,95.0
20201111,23,SO2,南昌,10.0
20201111,23,SO2_24h,南昌,9.0
20201111,23,NO2,南昌,52.0
20201111,23,NO2_24h,南昌,40.0
20201111,23,O3,南昌,83.0
20201111,23,O3_24h,南昌,134.0
20201111,23,O3_8h,南昌,93.0
20201111,23,O3_8h_24h,南昌,123.0
20201111,23,CO,南昌,0.69
20201111,23,CO_24h,南昌,0.65
20201111,0,AQI,济南,101.0
20201111,0,PM2.5,济南,76.0
20201111,0,PM2.5_24h,济南,61.0
20201111,0,PM10,济南,151.0
20201111,0,PM10_24h,济南,142.0
20201111,0,SO2,济南,18.0
20201111,0,SO2_24h,济南,18.0
20201111,0,NO2,济南,86.0
20201111,0,NO2_24h,济南,67.0
20201111,0,O3,济南,17.0
20201111,0,O3_24h,济南,100.0
20201111,0,O3_8h,济南,23.0
20201111,0,O3_8h_24h,济南,75.0
20201111,0,CO,济南,1.2
20201111,0,CO_24h,济南,1.16
20201111,1,AQI,济南,100.0
20201111,1,PM2.5,济南,75.0
20201111,1,PM2.5_24h,济南,62.0
20201111,1,PM10,济南,141.0
20201111,1,PM10_24h,济南,142.0
20201111,1,SO2,济南,18.0
20201111,1,SO2_24h,济南,18.0
20201111,1,NO2,济南,81.0
20201111,1,NO2_24h,济南,68.0
20201111,1,O3,济南,21.0
20201111,1,O3_24h,济南,100.0
20201111,1,O3_8h,济南,21.0
20201111,1,O3_8h_24h,济南,21.0
20201111,1,CO,济南,1.07
20201111,1,CO_24h,济南,1.17
20201111,2,AQI,济南,99.0
20201111,2,PM2.5,济南,74.0
20201111,2,PM2.5_24h,济南,63.0
20201111,2,PM10,济南,136.0
20201111,2,PM10_24h,济南,142.0
20201111,2,SO2,济南,18.0
20201111,2,SO2_24h,济南,19.0
20201111,2,NO2,济南,73.0
20201111,2,NO2_24h,济南,68.0
20201111,2,O3,济南,28.0
20201111,2,O3_24h,济南,100.0
20201111,2,O3_8h,济南,25.0
20201111,2,O3_8h_24h,济南,25.0
20201111,2,CO,济南,1.01
20201111,2,CO_24h,济南,1.18
20201111,3,AQI,济南,100.0
20201111,3,PM2.5,济南,75.0
20201111,3,PM2.5_24h,济南,64.0
20201111,3,PM10,济南,142.0
20201111,3,PM10_24h,济南,143.0
20201111,3,SO2,济南,18.0
20201111,3,SO2_24h,济南,19.0
20201111,3,NO2,济南,70.0
20201111,3,NO2_24h,济南,69.0
20201111,3,O3,济南,31.0
20201111,3,O3_24h,济南,100.0
20201111,3,O3_8h,济南,27.0
20201111,3,O3_8h_24h,济南,27.0
20201111,3,CO,济南,1.02
20201111,3,CO_24h,济南,1.18
20201111,4,AQI,济南,100.0
20201111,4,PM2.5,济南,75.0
20201111,4,PM2.5_24h,济南,64.0
20201111,4,PM10,济南,141.0
20201111,4,PM10_24h,济南,143.0
20201111,4,SO2,济南,17.0
20201111,4,SO2_24h,济南,19.0
20201111,4,NO2,济南,67.0
20201111,4,NO2_24h,济南,69.0
20201111,4,O3,济南,35.0
20201111,4,O3_24h,济南,100.0
20201111,4,O3_8h,济南,29.0
20201111,4,O3_8h_24h,济南,29.0
20201111,4,CO,济南,1.04
20201111,4,CO_24h,济南,1.19
20201111,5,AQI,济南,96.0
20201111,5,PM2.5,济南,72.0
20201111,5,PM2.5_24h,济南,65.0
20201111,5,PM10,济南,139.0
20201111,5,PM10_24h,济南,144.0
20201111,5,SO2,济南,17.0
20201111,5,SO2_24h,济南,19.0
20201111,5,NO2,济南,58.0
20201111,5,NO2_24h,济南,69.0
20201111,5,O3,济南,46.0
20201111,5,O3_24h,济南,100.0
20201111,5,O3_8h,济南,32.0
20201111,5,O3_8h_24h,济南,32.0
20201111,5,CO,济南,0.98
20201111,5,CO_24h,济南,1.18
20201111,6,AQI,济南,93.0
20201111,6,PM2.5,济南,69.0
20201111,6,PM2.5_24h,济南,66.0
20201111,6,PM10,济南,132.0
20201111,6,PM10_24h,济南,145.0
20201111,6,SO2,济南,16.0
20201111,6,SO2_24h,济南,19.0
20201111,6,NO2,济南,49.0
20201111,6,NO2_24h,济南,69.0
20201111,6,O3,济南,56.0
20201111,6,O3_24h,济南,101.0
20201111,6,O3_8h,济南,36.0
20201111,6,O3_8h_24h,济南,36.0
20201111,6,CO,济南,0.94
20201111,6,CO_24h,济南,1.18
20201111,7,AQI,济南,109.0
20201111,7,PM2.5,济南,82.0
20201111,7,PM2.5_24h,济南,68.0
20201111,7,PM10,济南,138.0
20201111,7,PM10_24h,济南,145.0
20201111,7,SO2,济南,16.0
20201111,7,SO2_24h,济南,21.0
20201111,7,NO2,济南,55.0
20201111,7,NO2_24h,济南,77.0
20201111,7,O3,济南,56.0
20201111,7,O3_24h,济南,104.0
20201111,7,O3_8h,济南,30.0
20201111,7,O3_8h_24h,济南,30.0
20201111,7,CO,济南,1.25
20201111,7,CO_24h,济南,1.4
20201111,8,AQI,济南,98.0
20201111,8,PM2.5,济南,73.0
20201111,8,PM2.5_24h,济南,67.0
20201111,8,PM10,济南,137.0
20201111,8,PM10_24h,济南,145.0
20201111,8,SO2,济南,16.0
20201111,8,SO2_24h,济南,20.0
20201111,8,NO2,济南,59.0
20201111,8,NO2_24h,济南,69.0
20201111,8,O3,济南,49.0
20201111,8,O3_24h,济南,101.0
20201111,8,O3_8h,济南,39.0
20201111,8,O3_8h_24h,济南,39.0
20201111,8,CO,济南,1.2
20201111,8,CO_24h,济南,1.2
20201111,10,AQI,济南,103.0
20201111,10,PM2.5,济南,69.0
20201111,10,PM2.5_24h,济南,67.0
20201111,10,PM10,济南,156.0
20201111,10,PM10_24h,济南,145.0
20201111,10,SO2,济南,18.0
20201111,10,SO2_24h,济南,20.0
20201111,10,NO2,济南,58.0
20201111,10,NO2_24h,济南,68.0
20201111,10,O3,济南,67.0
20201111,10,O3_24h,济南,102.0
20201111,10,O3_8h,济南,49.0
20201111,10,O3_8h_24h,济南,49.0
20201111,10,CO,济南,1.02
20201111,10,CO_24h,济南,1.15
20201111,11,AQI,济南,103.0
20201111,11,PM2.5,济南,64.0
20201111,11,PM2.5_24h,济南,69.0
20201111,11,PM10,济南,156.0
20201111,11,PM10_24h,济南,146.0
20201111,11,SO2,济南,17.0
20201111,11,SO2_24h,济南,20.0
20201111,11,NO2,济南,45.0
20201111,11,NO2_24h,济南,66.0
20201111,11,O3,济南,92.0
20201111,11,O3_24h,济南,104.0
20201111,11,O3_8h,济南,54.0
20201111,11,O3_8h_24h,济南,54.0
20201111,11,CO,济南,0.8
20201111,11,CO_24h,济南,1.14
20201111,12,AQI,济南,92.0
20201111,12,PM2.5,济南,54.0
20201111,12,PM2.5_24h,济南,69.0
20201111,12,PM10,济南,134.0
20201111,12,PM10_24h,济南,147.0
20201111,12,SO2,济南,15.0
20201111,12,SO2_24h,济南,20.0
20201111,12,NO2,济南,31.0
20201111,12,NO2_24h,济南,65.0
20201111,12,O3,济南,120.0
20201111,12,O3_24h,济南,120.0
20201111,12,O3_8h,济南,64.0
20201111,12,O3_8h_24h,济南,64.0
20201111,12,CO,济南,0.69
20201111,12,CO_24h,济南,1.13
20201111,13,AQI,济南,83.0
20201111,13,PM2.5,济南,47.0
20201111,13,PM2.5_24h,济南,69.0
20201111,13,PM10,济南,116.0
20201111,13,PM10_24h,济南,146.0
20201111,13,SO2,济南,15.0
20201111,13,SO2_24h,济南,19.0
20201111,13,NO2,济南,28.0
20201111,13,NO2_24h,济南,65.0
20201111,13,O3,济南,132.0
20201111,13,O3_24h,济南,132.0
20201111,13,O3_8h,济南,75.0
20201111,13,O3_8h_24h,济南,75.0
20201111,13,CO,济南,0.68
20201111,13,CO_24h,济南,1.12
20201111,14,AQI,济南,79.0
20201111,14,PM2.5,济南,47.0
20201111,14,PM2.5_24h,济南,68.0
20201111,14,PM10,济南,108.0
20201111,14,PM10_24h,济南,146.0
20201111,14,SO2,济南,15.0
20201111,14,SO2_24h,济南,19.0
20201111,14,NO2,济南,28.0
20201111,14,NO2_24h,济南,65.0
20201111,14,O3,济南,136.0
20201111,14,O3_24h,济南,136.0
20201111,14,O3_8h,济南,86.0
20201111,14,O3_8h_24h,济南,86.0
20201111,14,CO,济南,0.65
20201111,14,CO_24h,济南,1.12
20201111,15,AQI,济南,78.0
20201111,15,PM2.5,济南,50.0
20201111,15,PM2.5_24h,济南,68.0
20201111,15,PM10,济南,105.0
20201111,15,PM10_24h,济南,145.0
20201111,15,SO2,济南,15.0
20201111,15,SO2_24h,济南,18.0
20201111,15,NO2,济南,31.0
20201111,15,NO2_24h,济南,65.0
20201111,15,O3,济南,136.0
20201111,15,O3_24h,济南,138.0
20201111,15,O3_8h,济南,96.0
20201111,15,O3_8h_24h,济南,96.0
20201111,15,CO,济南,0.65
20201111,15,CO_24h,济南,1.1
20201111,16,AQI,济南,82.0
20201111,16,PM2.5,济南,50.0
20201111,16,PM2.5_24h,济南,69.0
20201111,16,PM10,济南,113.0
20201111,16,PM10_24h,济南,145.0
20201111,16,SO2,济南,15.0
20201111,16,SO2_24h,济南,18.0
20201111,16,NO2,济南,32.0
20201111,16,NO2_24h,济南,64.0
20201111,16,O3,济南,135.0
20201111,16,O3_24h,济南,139.0
20201111,16,O3_8h,济南,108.0
20201111,16,O3_8h_24h,济南,108.0
20201111,16,CO,济南,0.64
20201111,16,CO_24h,济南,1.09
20201111,17,AQI,济南,79.0
20201111,17,PM2.5,济南,49.0
20201111,17,PM2.5_24h,济南,69.0
20201111,17,PM10,济南,108.0
20201111,17,PM10_24h,济南,145.0
20201111,17,SO2,济南,14.0
20201111,17,SO2_24h,济南,18.0
20201111,17,NO2,济南,45.0
20201111,17,NO2_24h,济南,64.0
20201111,17,O3,济南,114.0
20201111,17,O3_24h,济南,139.0
20201111,17,O3_8h,济南,116.0
20201111,17,O3_8h_24h,济南,116.0
20201111,17,CO,济南,0.67
20201111,17,CO_24h,济南,1.08
20201111,18,AQI,济南,81.0
20201111,18,PM2.5,济南,52.0
20201111,18,PM2.5_24h,济南,69.0
20201111,18,PM10,济南,111.0
20201111,18,PM10_24h,济南,144.0
20201111,18,SO2,济南,14.0
20201111,18,SO2_24h,济南,17.0
20201111,18,NO2,济南,66.0
20201111,18,NO2_24h,济南,63.0
20201111,18,O3,济南,91.0
20201111,18,O3_24h,济南,139.0
20201111,18,O3_8h,济南,120.0
20201111,18,O3_8h_24h,济南,120.0
20201111,18,CO,济南,0.8
20201111,18,CO_24h,济南,1.07
20201111,19,AQI,济南,90.0
20201111,19,PM2.5,济南,60.0
20201111,19,PM2.5_24h,济南,68.0
20201111,19,PM10,济南,129.0
20201111,19,PM10_24h,济南,143.0
20201111,19,SO2,济南,16.0
20201111,19,SO2_24h,济南,17.0
20201111,19,NO2,济南,67.0
20201111,19,NO2_24h,济南,61.0
20201111,19,O3,济南,85.0
20201111,19,O3_24h,济南,139.0
20201111,19,O3_8h,济南,119.0
20201111,19,O3_8h_24h,济南,121.0
20201111,19,CO,济南,0.88
20201111,19,CO_24h,济南,1.04
20201111,20,AQI,济南,91.0
20201111,20,PM2.5,济南,61.0
20201111,20,PM2.5_24h,济南,67.0
20201111,20,PM10,济南,132.0
20201111,20,PM10_24h,济南,140.0
20201111,20,SO2,济南,15.0
20201111,20,SO2_24h,济南,17.0
20201111,20,NO2,济南,57.0
20201111,20,NO2_24h,济南,59.0
20201111,20,O3,济南,88.0
20201111,20,O3_24h,济南,139.0
20201111,20,O3_8h,济南,115.0
20201111,20,O3_8h_24h,济南,121.0
20201111,20,CO,济南,0.83
20201111,20,CO_24h,济南,1.01
20201111,21,AQI,济南,87.0
20201111,21,PM2.5,济南,61.0
20201111,21,PM2.5_24h,济南,66.0
20201111,21,PM10,济南,124.0
20201111,21,PM10_24h,济南,136.0
20201111,21,SO2,济南,17.0
20201111,21,SO2_24h,济南,17.0
20201111,21,NO2,济南,51.0
20201111,21,NO2_24h,济南,57.0
20201111,21,O3,济南,90.0
20201111,21,O3_24h,济南,139.0
20201111,21,O3_8h,济南,110.0
20201111,21,O3_8h_24h,济南,121.0
20201111,21,CO,济南,0.82
20201111,21,CO_24h,济南,0.95
20201111,22,AQI,济南,89.0
20201111,22,PM2.5,济南,61.0
20201111,22,PM2.5_24h,济南,65.0
20201111,22,PM10,济南,127.0
20201111,22,PM10_24h,济南,134.0
20201111,22,SO2,济南,16.0
20201111,22,SO2_24h,济南,16.0
20201111,22,NO2,济南,45.0
20201111,22,NO2_24h,济南,55.0
20201111,22,O3,济南,88.0
20201111,22,O3_24h,济南,139.0
20201111,22,O3_8h,济南,103.0
20201111,22,O3_8h_24h,济南,121.0
20201111,22,CO,济南,0.77
20201111,22,CO_24h,济南,0.92
20201111,23,AQI,济南,90.0
20201111,23,PM2.5,济南,59.0
20201111,23,PM2.5_24h,济南,63.0
20201111,23,PM10,济南,129.0
20201111,23,PM10_24h,济南,132.0
20201111,23,SO2,济南,14.0
20201111,23,SO2_24h,济南,16.0
20201111,23,NO2,济南,34.0
20201111,23,NO2_24h,济南,53.0
20201111,23,O3,济南,97.0
20201111,23,O3_24h,济南,139.0
20201111,23,O3_8h,济南,98.0
20201111,23,O3_8h_24h,济南,121.0
20201111,23,CO,济南,0.71
20201111,23,CO_24h,济南,0.88
20201111,0,AQI,青岛,18.0
20201111,0,PM2.5,青岛,8.0
20201111,0,PM2.5_24h,青岛,21.0
20201111,0,PM10,青岛,18.0
20201111,0,PM10_24h,青岛,55.0
20201111,0,SO2,青岛,5.0
20201111,0,SO2_24h,青岛,9.0
20201111,0,NO2,青岛,35.0
20201111,0,NO2_24h,青岛,50.0
20201111,0,O3,青岛,57.0
20201111,0,O3_24h,青岛,80.0
20201111,0,O3_8h,青岛,57.0
20201111,0,O3_8h_24h,青岛,69.0
20201111,0,CO,青岛,0.49
20201111,0,CO_24h,青岛,0.7
20201111,1,AQI,青岛,17.0
20201111,1,PM2.5,青岛,9.0
20201111,1,PM2.5_24h,青岛,20.0
20201111,1,PM10,青岛,13.0
20201111,1,PM10_24h,青岛,51.0
20201111,1,SO2,青岛,5.0
20201111,1,SO2_24h,青岛,8.0
20201111,1,NO2,青岛,33.0
20201111,1,NO2_24h,青岛,48.0
20201111,1,O3,青岛,55.0
20201111,1,O3_24h,青岛,81.0
20201111,1,O3_8h,青岛,55.0
20201111,1,O3_8h_24h,青岛,55.0
20201111,1,CO,青岛,0.49
20201111,1,CO_24h,青岛,0.69
20201111,2,AQI,青岛,18.0
20201111,2,PM2.5,青岛,9.0
20201111,2,PM2.5_24h,青岛,19.0
20201111,2,PM10,青岛,18.0
20201111,2,PM10_24h,青岛,48.0
20201111,2,SO2,青岛,5.0
20201111,2,SO2_24h,青岛,8.0
20201111,2,NO2,青岛,31.0
20201111,2,NO2_24h,青岛,46.0
20201111,2,O3,青岛,56.0
20201111,2,O3_24h,青岛,81.0
20201111,2,O3_8h,青岛,55.0
20201111,2,O3_8h_24h,青岛,56.0
20201111,2,CO,青岛,0.44
20201111,2,CO_24h,青岛,0.66
20201111,3,AQI,青岛,17.0
20201111,3,PM2.5,青岛,7.0
20201111,3,PM2.5_24h,青岛,18.0
20201111,3,PM10,青岛,17.0
20201111,3,PM10_24h,青岛,46.0
20201111,3,SO2,青岛,5.0
20201111,3,SO2_24h,青岛,8.0
20201111,3,NO2,青岛,33.0
20201111,3,NO2_24h,青岛,45.0
20201111,3,O3,青岛,51.0
20201111,3,O3_24h,青岛,81.0
20201111,3,O3_8h,青岛,54.0
20201111,3,O3_8h_24h,青岛,57.0
20201111,3,CO,青岛,0.44
20201111,3,CO_24h,青岛,0.64
20201111,4,AQI,青岛,18.0
20201111,4,PM2.5,青岛,9.0
20201111,4,PM2.5_24h,青岛,17.0
20201111,4,PM10,青岛,18.0
20201111,4,PM10_24h,青岛,44.0
20201111,4,SO2,青岛,5.0
20201111,4,SO2_24h,青岛,8.0
20201111,4,NO2,青岛,32.0
20201111,4,NO2_24h,青岛,44.0
20201111,4,O3,青岛,49.0
20201111,4,O3_24h,青岛,81.0
20201111,4,O3_8h,青岛,53.0
20201111,4,O3_8h_24h,青岛,57.0
20201111,4,CO,青岛,0.43
20201111,4,CO_24h,青岛,0.63
20201111,5,AQI,青岛,18.0
20201111,5,PM2.5,青岛,8.0
20201111,5,PM2.5_24h,青岛,16.0
20201111,5,PM10,青岛,17.0
20201111,5,PM10_24h,青岛,41.0
20201111,5,SO2,青岛,5.0
20201111,5,SO2_24h,青岛,8.0
20201111,5,NO2,青岛,36.0
20201111,5,NO2_24h,青岛,42.0
20201111,5,O3,青岛,46.0
20201111,5,O3_24h,青岛,81.0
20201111,5,O3_8h,青岛,51.0
20201111,5,O3_8h_24h,青岛,57.0
20201111,5,CO,青岛,0.46
20201111,5,CO_24h,青岛,0.63
20201111,6,AQI,青岛,23.0
20201111,6,PM2.5,青岛,9.0
20201111,6,PM2.5_24h,青岛,14.0
20201111,6,PM10,青岛,23.0
20201111,6,PM10_24h,青岛,39.0
20201111,6,SO2,青岛,5.0
20201111,6,SO2_24h,青岛,7.0
20201111,6,NO2,青岛,45.0
20201111,6,NO2_24h,青岛,41.0
20201111,6,O3,青岛,38.0
20201111,6,O3_24h,青岛,81.0
20201111,6,O3_8h,青岛,49.0
20201111,6,O3_8h_24h,青岛,57.0
20201111,6,CO,青岛,0.44
20201111,6,CO_24h,青岛,0.6
20201111,7,AQI,青岛,33.0
20201111,7,PM2.5,青岛,11.0
20201111,7,PM2.5_24h,青岛,12.0
20201111,7,PM10,青岛,23.0
20201111,7,PM10_24h,青岛,30.0
20201111,7,SO2,青岛,6.0
20201111,7,SO2_24h,青岛,7.0
20201111,7,NO2,青岛,65.0
20201111,7,NO2_24h,青岛,34.0
20201111,7,O3,青岛,18.0
20201111,7,O3_24h,青岛,86.0
20201111,7,O3_8h,青岛,47.0
20201111,7,O3_8h_24h,青岛,67.0
20201111,7,CO,青岛,0.47
20201111,7,CO_24h,青岛,0.5
20201111,8,AQI,青岛,28.0
20201111,8,PM2.5,青岛,9.0
20201111,8,PM2.5_24h,青岛,12.0
20201111,8,PM10,青岛,20.0
20201111,8,PM10_24h,青岛,34.0
20201111,8,SO2,青岛,7.0
20201111,8,SO2_24h,青岛,7.0
20201111,8,NO2,青岛,56.0
20201111,8,NO2_24h,青岛,40.0
20201111,8,O3,青岛,34.0
20201111,8,O3_24h,青岛,81.0
20201111,8,O3_8h,青岛,45.0
20201111,8,O3_8h_24h,青岛,57.0
20201111,8,CO,青岛,0.81
20201111,8,CO_24h,青岛,0.56
20201111,10,AQI,青岛,31.0
20201111,10,PM2.5,青岛,9.0
20201111,10,PM2.5_24h,青岛,10.0
20201111,10,PM10,青岛,31.0
20201111,10,PM10_24h,青岛,27.0
20201111,10,SO2,青岛,6.0
20201111,10,SO2_24h,青岛,6.0
20201111,10,NO2,青岛,32.0
20201111,10,NO2_24h,青岛,38.0
20201111,10,O3,青岛,72.0
20201111,10,O3_24h,青岛,81.0
20201111,10,O3_8h,青岛,46.0
20201111,10,O3_8h_24h,青岛,57.0
20201111,10,CO,青岛,0.41
20201111,10,CO_24h,青岛,0.53
20201111,11,AQI,青岛,26.0
20201111,11,PM2.5,青岛,5.0
20201111,11,PM2.5_24h,青岛,8.0
20201111,11,PM10,青岛,21.0
20201111,11,PM10_24h,青岛,24.0
20201111,11,SO2,青岛,5.0
20201111,11,SO2_24h,青岛,6.0
20201111,11,NO2,青岛,24.0
20201111,11,NO2_24h,青岛,37.0
20201111,11,O3,青岛,83.0
20201111,11,O3_24h,青岛,84.0
20201111,11,O3_8h,青岛,50.0
20201111,11,O3_8h_24h,青岛,58.0
20201111,11,CO,青岛,0.41
20201111,11,CO_24h,青岛,0.51
20201111,12,AQI,青岛,28.0
20201111,12,PM2.5,青岛,4.0
20201111,12,PM2.5_24h,青岛,7.0
20201111,12,PM10,青岛,22.0
20201111,12,PM10_24h,青岛,23.0
20201111,12,SO2,青岛,5.0
20201111,12,SO2_24h,青岛,6.0
20201111,12,NO2,青岛,20.0
20201111,12,NO2_24h,青岛,36.0
20201111,12,O3,青岛,89.0
20201111,12,O3_24h,青岛,89.0
20201111,12,O3_8h,青岛,55.0
20201111,12,O3_8h_24h,青岛,61.0
20201111,12,CO,青岛,0.45
20201111,12,CO_24h,青岛,0.49
20201111,13,AQI,青岛,30.0
20201111,13,PM2.5,青岛,6.0
20201111,13,PM2.5_24h,青岛,7.0
20201111,13,PM10,青岛,20.0
20201111,13,PM10_24h,青岛,22.0
20201111,13,SO2,青岛,5.0
20201111,13,SO2_24h,青岛,5.0
20201111,13,NO2,青岛,17.0
20201111,13,NO2_24h,青岛,36.0
20201111,13,O3,青岛,96.0
20201111,13,O3_24h,青岛,96.0
20201111,13,O3_8h,青岛,61.0
20201111,13,O3_8h_24h,青岛,66.0
20201111,13,CO,青岛,0.47
20201111,13,CO_24h,青岛,0.49
20201111,14,AQI,青岛,31.0
20201111,14,PM2.5,青岛,6.0
20201111,14,PM2.5_24h,青岛,7.0
20201111,14,PM10,青岛,24.0
20201111,14,PM10_24h,青岛,22.0
20201111,14,SO2,青岛,5.0
20201111,14,SO2_24h,青岛,5.0
20201111,14,NO2,青岛,18.0
20201111,14,NO2_24h,青岛,35.0
20201111,14,O3,青岛,98.0
20201111,14,O3_24h,青岛,99.0
20201111,14,O3_8h,青岛,68.0
20201111,14,O3_8h_24h,青岛,70.0
20201111,14,CO,青岛,0.43
20201111,14,CO_24h,青岛,0.49
20201111,15,AQI,青岛,32.0
20201111,15,PM2.5,青岛,7.0
20201111,15,PM2.5_24h,青岛,7.0
20201111,15,PM10,青岛,26.0
20201111,15,PM10_24h,青岛,22.0
20201111,15,SO2,青岛,5.0
20201111,15,SO2_24h,青岛,5.0
20201111,15,NO2,青岛,20.0
20201111,15,NO2_24h,青岛,36.0
20201111,15,O3,青岛,101.0
20201111,15,O3_24h,青岛,101.0
20201111,15,O3_8h,青岛,76.0
20201111,15,O3_8h_24h,青岛,76.0
20201111,15,CO,青岛,0.43
20201111,15,CO_24h,青岛,0.49
20201111,16,AQI,青岛,32.0
20201111,16,PM2.5,青岛,7.0
20201111,16,PM2.5_24h,青岛,7.0
20201111,16,PM10,青岛,30.0
20201111,16,PM10_24h,青岛,22.0
20201111,16,SO2,青岛,5.0
20201111,16,SO2_24h,青岛,5.0
20201111,16,NO2,青岛,22.0
20201111,16,NO2_24h,青岛,35.0
20201111,16,O3,青岛,102.0
20201111,16,O3_24h,青岛,104.0
20201111,16,O3_8h,青岛,85.0
20201111,16,O3_8h_24h,青岛,85.0
20201111,16,CO,青岛,0.43
20201111,16,CO_24h,青岛,0.49
20201111,17,AQI,青岛,31.0
20201111,17,PM2.5,青岛,7.0
20201111,17,PM2.5_24h,青岛,7.0
20201111,17,PM10,青岛,25.0
20201111,17,PM10_24h,青岛,22.0
20201111,17,SO2,青岛,5.0
20201111,17,SO2_24h,青岛,5.0
20201111,17,NO2,青岛,26.0
20201111,17,NO2_24h,青岛,35.0
20201111,17,O3,青岛,98.0
20201111,17,O3_24h,青岛,105.0
20201111,17,O3_8h,青岛,92.0
20201111,17,O3_8h_24h,青岛,92.0
20201111,17,CO,青岛,0.44
20201111,17,CO_24h,青岛,0.49
20201111,18,AQI,青岛,28.0
20201111,18,PM2.5,青岛,8.0
20201111,18,PM2.5_24h,青岛,7.0
20201111,18,PM10,青岛,24.0
20201111,18,PM10_24h,青岛,22.0
20201111,18,SO2,青岛,4.0
20201111,18,SO2_24h,青岛,5.0
20201111,18,NO2,青岛,29.0
20201111,18,NO2_24h,青岛,35.0
20201111,18,O3,青岛,90.0
20201111,18,O3_24h,青岛,105.0
20201111,18,O3_8h,青岛,95.0
20201111,18,O3_8h_24h,青岛,95.0
20201111,18,CO,青岛,0.44
20201111,18,CO_24h,青岛,0.47
20201111,19,AQI,青岛,27.0
20201111,19,PM2.5,青岛,7.0
20201111,19,PM2.5_24h,青岛,7.0
20201111,19,PM10,青岛,22.0
20201111,19,PM10_24h,青岛,22.0
20201111,19,SO2,青岛,4.0
20201111,19,SO2_24h,青岛,5.0
20201111,19,NO2,青岛,28.0
20201111,19,NO2_24h,青岛,34.0
20201111,19,O3,青岛,85.0
20201111,19,O3_24h,青岛,105.0
20201111,19,O3_8h,青岛,95.0
20201111,19,O3_8h_24h,青岛,96.0
20201111,19,CO,青岛,0.41
20201111,19,CO_24h,青岛,0.47
20201111,20,AQI,青岛,28.0
20201111,20,PM2.5,青岛,8.0
20201111,20,PM2.5_24h,青岛,7.0
20201111,20,PM10,青岛,24.0
20201111,20,PM10_24h,青岛,22.0
20201111,20,SO2,青岛,4.0
20201111,20,SO2_24h,青岛,5.0
20201111,20,NO2,青岛,24.0
20201111,20,NO2_24h,青岛,33.0
20201111,20,O3,青岛,88.0
20201111,20,O3_24h,青岛,105.0
20201111,20,O3_8h,青岛,95.0
20201111,20,O3_8h_24h,青岛,96.0
20201111,20,CO,青岛,0.39
20201111,20,CO_24h,青岛,0.47
20201111,21,AQI,青岛,28.0
20201111,21,PM2.5,青岛,7.0
20201111,21,PM2.5_24h,青岛,7.0
20201111,21,PM10,青岛,20.0
20201111,21,PM10_24h,青岛,22.0
20201111,21,SO2,青岛,4.0
20201111,21,SO2_24h,青岛,5.0
20201111,21,NO2,青岛,20.0
20201111,21,NO2_24h,青岛,32.0
20201111,21,O3,青岛,88.0
20201111,21,O3_24h,青岛,105.0
20201111,21,O3_8h,青岛,94.0
20201111,21,O3_8h_24h,青岛,96.0
20201111,21,CO,青岛,0.36
20201111,21,CO_24h,青岛,0.46
20201111,22,AQI,青岛,27.0
20201111,22,PM2.5,青岛,5.0
20201111,22,PM2.5_24h,青岛,7.0
20201111,22,PM10,青岛,17.0
20201111,22,PM10_24h,青岛,21.0
20201111,22,SO2,青岛,4.0
20201111,22,SO2_24h,青岛,5.0
20201111,22,NO2,青岛,20.0
20201111,22,NO2_24h,青岛,31.0
20201111,22,O3,青岛,87.0
20201111,22,O3_24h,青岛,105.0
20201111,22,O3_8h,青岛,92.0
20201111,22,O3_8h_24h,青岛,96.0
20201111,22,CO,青岛,0.34
20201111,22,CO_24h,青岛,0.46
20201111,23,AQI,青岛,29.0
20201111,23,PM2.5,青岛,6.0
20201111,23,PM2.5_24h,青岛,7.0
20201111,23,PM10,青岛,14.0
20201111,23,PM10_24h,青岛,21.0
20201111,23,SO2,青岛,4.0
20201111,23,SO2_24h,青岛,5.0
20201111,23,NO2,青岛,15.0
20201111,23,NO2_24h,青岛,30.0
20201111,23,O3,青岛,92.0
20201111,23,O3_24h,青岛,105.0
20201111,23,O3_8h,青岛,91.0
20201111,23,O3_8h_24h,青岛,96.0
20201111,23,CO,青岛,0.34
20201111,23,CO_24h,青岛,0.44
20201111,0,AQI,郑州,105.0
20201111,0,PM2.5,郑州,79.0
20201111,0,PM2.5_24h,郑州,97.0
20201111,0,PM10,郑州,147.0
20201111,0,PM10_24h,郑州,171.0
20201111,0,SO2,郑州,11.0
20201111,0,SO2_24h,郑州,15.0
20201111,0,NO2,郑州,88.0
20201111,0,NO2_24h,郑州,80.0
20201111,0,O3,郑州,35.0
20201111,0,O3_24h,郑州,134.0
20201111,0,O3_8h,郑州,66.0
20201111,0,O3_8h_24h,郑州,106.0
20201111,0,CO,郑州,0.83
20201111,0,CO_24h,郑州,0.95
20201111,1,AQI,郑州,103.0
20201111,1,PM2.5,郑州,77.0
20201111,1,PM2.5_24h,郑州,95.0
20201111,1,PM10,郑州,152.0
20201111,1,PM10_24h,郑州,169.0
20201111,1,SO2,郑州,13.0
20201111,1,SO2_24h,郑州,15.0
20201111,1,NO2,郑州,77.0
20201111,1,NO2_24h,郑州,78.0
20201111,1,O3,郑州,43.0
20201111,1,O3_24h,郑州,134.0
20201111,1,O3_8h,郑州,43.0
20201111,1,O3_8h_24h,郑州,43.0
20201111,1,CO,郑州,0.81
20201111,1,CO_24h,郑州,0.95
20201111,2,AQI,郑州,101.0
20201111,2,PM2.5,郑州,76.0
20201111,2,PM2.5_24h,郑州,93.0
20201111,2,PM10,郑州,145.0
20201111,2,PM10_24h,郑州,167.0
20201111,2,SO2,郑州,13.0
20201111,2,SO2_24h,郑州,15.0
20201111,2,NO2,郑州,61.0
20201111,2,NO2_24h,郑州,76.0
20201111,2,O3,郑州,53.0
20201111,2,O3_24h,郑州,134.0
20201111,2,O3_8h,郑州,48.0
20201111,2,O3_8h_24h,郑州,48.0
20201111,2,CO,郑州,0.81
20201111,2,CO_24h,郑州,0.93
20201111,3,AQI,郑州,103.0
20201111,3,PM2.5,郑州,77.0
20201111,3,PM2.5_24h,郑州,91.0
20201111,3,PM10,郑州,138.0
20201111,3,PM10_24h,郑州,164.0
20201111,3,SO2,郑州,14.0
20201111,3,SO2_24h,郑州,14.0
20201111,3,NO2,郑州,59.0
20201111,3,NO2_24h,郑州,73.0
20201111,3,O3,郑州,51.0
20201111,3,O3_24h,郑州,134.0
20201111,3,O3_8h,郑州,49.0
20201111,3,O3_8h_24h,郑州,49.0
20201111,3,CO,郑州,0.84
20201111,3,CO_24h,郑州,0.9
20201111,4,AQI,郑州,105.0
20201111,4,PM2.5,郑州,79.0
20201111,4,PM2.5_24h,郑州,89.0
20201111,4,PM10,郑州,133.0
20201111,4,PM10_24h,郑州,161.0
20201111,4,SO2,郑州,14.0
20201111,4,SO2_24h,郑州,14.0
20201111,4,NO2,郑州,59.0
20201111,4,NO2_24h,郑州,72.0
20201111,4,O3,郑州,48.0
20201111,4,O3_24h,郑州,134.0
20201111,4,O3_8h,郑州,48.0
20201111,4,O3_8h_24h,郑州,50.0
20201111,4,CO,郑州,0.89
20201111,4,CO_24h,郑州,0.9
20201111,5,AQI,郑州,109.0
20201111,5,PM2.5,郑州,82.0
20201111,5,PM2.5_24h,郑州,87.0
20201111,5,PM10,郑州,137.0
20201111,5,PM10_24h,郑州,158.0
20201111,5,SO2,郑州,15.0
20201111,5,SO2_24h,郑州,14.0
20201111,5,NO2,郑州,59.0
20201111,5,NO2_24h,郑州,70.0
20201111,5,O3,郑州,45.0
20201111,5,O3_24h,郑州,134.0
20201111,5,O3_8h,郑州,48.0
20201111,5,O3_8h_24h,郑州,51.0
20201111,5,CO,郑州,0.88
20201111,5,CO_24h,郑州,0.89
20201111,6,AQI,郑州,115.0
20201111,6,PM2.5,郑州,87.0
20201111,6,PM2.5_24h,郑州,86.0
20201111,6,PM10,郑州,148.0
20201111,6,PM10_24h,郑州,157.0
20201111,6,SO2,郑州,19.0
20201111,6,SO2_24h,郑州,14.0
20201111,6,NO2,郑州,61.0
20201111,6,NO2_24h,郑州,68.0
20201111,6,O3,郑州,41.0
20201111,6,O3_24h,郑州,134.0
20201111,6,O3_8h,郑州,46.0
20201111,6,O3_8h_24h,郑州,51.0
20201111,6,CO,郑州,0.86
20201111,6,CO_24h,郑州,0.89
20201111,7,AQI,郑州,118.0
20201111,7,PM2.5,郑州,89.0
20201111,7,PM2.5_24h,郑州,88.0
20201111,7,PM10,郑州,144.0
20201111,7,PM10_24h,郑州,150.0
20201111,7,SO2,郑州,16.0
20201111,7,SO2_24h,郑州,15.0
20201111,7,NO2,郑州,70.0
20201111,7,NO2_24h,郑州,72.0
20201111,7,O3,郑州,31.0
20201111,7,O3_24h,郑州,127.0
20201111,7,O3_8h,郑州,42.0
20201111,7,O3_8h_24h,郑州,44.0
20201111,7,CO,郑州,0.5
20201111,7,CO_24h,郑州,0.6
20201111,8,AQI,郑州,115.0
20201111,8,PM2.5,郑州,87.0
20201111,8,PM2.5_24h,郑州,83.0
20201111,8,PM10,郑州,148.0
20201111,8,PM10_24h,郑州,153.0
20201111,8,SO2,郑州,15.0
20201111,8,SO2_24h,郑州,14.0
20201111,8,NO2,郑州,80.0
20201111,8,NO2_24h,郑州,66.0
20201111,8,O3,郑州,25.0
20201111,8,O3_24h,郑州,134.0
20201111,8,O3_8h,郑州,42.0
20201111,8,O3_8h_24h,郑州,51.0
20201111,8,CO,郑州,0.9
20201111,8,CO_24h,郑州,0.85
20201111,10,AQI,郑州,111.0
20201111,10,PM2.5,郑州,84.0
20201111,10,PM2.5_24h,郑州,80.0
20201111,10,PM10,郑州,162.0
20201111,10,PM10_24h,郑州,149.0
20201111,10,SO2,郑州,16.0
20201111,10,SO2_24h,郑州,14.0
20201111,10,NO2,郑州,62.0
20201111,10,NO2_24h,郑州,65.0
20201111,10,O3,郑州,47.0
20201111,10,O3_24h,郑州,134.0
20201111,10,O3_8h,郑州,40.0
20201111,10,O3_8h_24h,郑州,51.0
20201111,10,CO,郑州,0.89
20201111,10,CO_24h,郑州,0.84
20201111,11,AQI,郑州,109.0
20201111,11,PM2.5,郑州,82.0
20201111,11,PM2.5_24h,郑州,78.0
20201111,11,PM10,郑州,149.0
20201111,11,PM10_24h,郑州,146.0
20201111,11,SO2,郑州,17.0
20201111,11,SO2_24h,郑州,14.0
20201111,11,NO2,郑州,51.0
20201111,11,NO2_24h,郑州,63.0
20201111,11,O3,郑州,64.0
20201111,11,O3_24h,郑州,134.0
20201111,11,O3_8h,郑州,42.0
20201111,11,O3_8h_24h,郑州,51.0
20201111,11,CO,郑州,0.89
20201111,11,CO_24h,郑州,0.81
20201111,12,AQI,郑州,101.0
20201111,12,PM2.5,郑州,76.0
20201111,12,PM2.5_24h,郑州,77.0
20201111,12,PM10,郑州,139.0
20201111,12,PM10_24h,郑州,143.0
20201111,12,SO2,郑州,16.0
20201111,12,SO2_24h,郑州,14.0
20201111,12,NO2,郑州,43.0
20201111,12,NO2_24h,郑州,62.0
20201111,12,O3,郑州,85.0
20201111,12,O3_24h,郑州,134.0
20201111,12,O3_8h,郑州,46.0
20201111,12,O3_8h_24h,郑州,52.0
20201111,12,CO,郑州,0.89
20201111,12,CO_24h,郑州,0.81
20201111,13,AQI,郑州,99.0
20201111,13,PM2.5,郑州,74.0
20201111,13,PM2.5_24h,郑州,77.0
20201111,13,PM10,郑州,134.0
20201111,13,PM10_24h,郑州,142.0
20201111,13,SO2,郑州,15.0
20201111,13,SO2_24h,郑州,14.0
20201111,13,NO2,郑州,38.0
20201111,13,NO2_24h,郑州,61.0
20201111,13,O3,郑州,103.0
20201111,13,O3_24h,郑州,134.0
20201111,13,O3_8h,郑州,54.0
20201111,13,O3_8h_24h,郑州,55.0
20201111,13,CO,郑州,0.86
20201111,13,CO_24h,郑州,0.83
20201111,14,AQI,郑州,98.0
20201111,14,PM2.5,郑州,73.0
20201111,14,PM2.5_24h,郑州,77.0
20201111,14,PM10,郑州,131.0
20201111,14,PM10_24h,郑州,142.0
20201111,14,SO2,郑州,13.0
20201111,14,SO2_24h,郑州,14.0
20201111,14,NO2,郑州,36.0
20201111,14,NO2_24h,郑州,62.0
20201111,14,O3,郑州,115.0
20201111,14,O3_24h,郑州,134.0
20201111,14,O3_8h,郑州,63.0
20201111,14,O3_8h_24h,郑州,63.0
20201111,14,CO,郑州,0.84
20201111,14,CO_24h,郑州,0.83
20201111,15,AQI,郑州,90.0
20201111,15,PM2.5,郑州,67.0
20201111,15,PM2.5_24h,郑州,77.0
20201111,15,PM10,郑州,125.0
20201111,15,PM10_24h,郑州,142.0
20201111,15,SO2,郑州,12.0
20201111,15,SO2_24h,郑州,14.0
20201111,15,NO2,郑州,33.0
20201111,15,NO2_24h,郑州,62.0
20201111,15,O3,郑州,126.0
20201111,15,O3_24h,郑州,128.0
20201111,15,O3_8h,郑州,75.0
20201111,15,O3_8h_24h,郑州,75.0
20201111,15,CO,郑州,0.78
20201111,15,CO_24h,郑州,0.83
20201111,16,AQI,郑州,86.0
20201111,16,PM2.5,郑州,61.0
20201111,16,PM2.5_24h,郑州,76.0
20201111,16,PM10,郑州,122.0
20201111,16,PM10_24h,郑州,141.0
20201111,16,SO2,郑州,12.0
20201111,16,SO2_24h,郑州,13.0
20201111,16,NO2,郑州,32.0
20201111,16,NO2_24h,郑州,62.0
20201111,16,O3,郑州,131.0
20201111,16,O3_24h,郑州,131.0
20201111,16,O3_8h,郑州,88.0
20201111,16,O3_8h_24h,郑州,88.0
20201111,16,CO,郑州,0.75
20201111,16,CO_24h,郑州,0.83
20201111,17,AQI,郑州,80.0
20201111,17,PM2.5,郑州,58.0
20201111,17,PM2.5_24h,郑州,76.0
20201111,17,PM10,郑州,110.0
20201111,17,PM10_24h,郑州,140.0
20201111,17,SO2,郑州,12.0
20201111,17,SO2_24h,郑州,13.0
20201111,17,NO2,郑州,37.0
20201111,17,NO2_24h,郑州,62.0
20201111,17,O3,郑州,123.0
20201111,17,O3_24h,郑州,131.0
20201111,17,O3_8h,郑州,99.0
20201111,17,O3_8h_24h,郑州,99.0
20201111,17,CO,郑州,0.79
20201111,17,CO_24h,郑州,0.83
20201111,18,AQI,郑州,83.0
20201111,18,PM2.5,郑州,61.0
20201111,18,PM2.5_24h,郑州,76.0
20201111,18,PM10,郑州,114.0
20201111,18,PM10_24h,郑州,138.0
20201111,18,SO2,郑州,11.0
20201111,18,SO2_24h,郑州,13.0
20201111,18,NO2,郑州,52.0
20201111,18,NO2_24h,郑州,61.0
20201111,18,O3,郑州,101.0
20201111,18,O3_24h,郑州,131.0
20201111,18,O3_8h,郑州,106.0
20201111,18,O3_8h_24h,郑州,106.0
20201111,18,CO,郑州,0.8
20201111,18,CO_24h,郑州,0.8
20201111,19,AQI,郑州,94.0
20201111,19,PM2.5,郑州,66.0
20201111,19,PM2.5_24h,郑州,76.0
20201111,19,PM10,郑州,138.0
20201111,19,PM10_24h,郑州,140.0
20201111,19,SO2,郑州,11.0
20201111,19,SO2_24h,郑州,13.0
20201111,19,NO2,郑州,80.0
20201111,19,NO2_24h,郑州,62.0
20201111,19,O3,郑州,65.0
20201111,19,O3_24h,郑州,131.0
20201111,19,O3_8h,郑州,107.0
20201111,19,O3_8h_24h,郑州,108.0
20201111,19,CO,郑州,0.93
20201111,19,CO_24h,郑州,0.84
20201111,20,AQI,郑州,96.0
20201111,20,PM2.5,郑州,70.0
20201111,20,PM2.5_24h,郑州,76.0
20201111,20,PM10,郑州,142.0
20201111,20,PM10_24h,郑州,141.0
20201111,20,SO2,郑州,10.0
20201111,20,SO2_24h,郑州,13.0
20201111,20,NO2,郑州,110.0
20201111,20,NO2_24h,郑州,64.0
20201111,20,O3,郑州,33.0
20201111,20,O3_24h,郑州,131.0
20201111,20,O3_8h,郑州,100.0
20201111,20,O3_8h_24h,郑州,108.0
20201111,20,CO,郑州,1.09
20201111,20,CO_24h,郑州,0.86
20201111,21,AQI,郑州,95.0
20201111,21,PM2.5,郑州,71.0
20201111,21,PM2.5_24h,郑州,76.0
20201111,21,PM10,郑州,133.0
20201111,21,PM10_24h,郑州,140.0
20201111,21,SO2,郑州,11.0
20201111,21,SO2_24h,郑州,13.0
20201111,21,NO2,郑州,94.0
20201111,21,NO2_24h,郑州,64.0
20201111,21,O3,郑州,47.0
20201111,21,O3_24h,郑州,131.0
20201111,21,O3_8h,郑州,93.0
20201111,21,O3_8h_24h,郑州,108.0
20201111,21,CO,郑州,0.91
20201111,21,CO_24h,郑州,0.88
20201111,22,AQI,郑州,94.0
20201111,22,PM2.5,郑州,70.0
20201111,22,PM2.5_24h,郑州,76.0
20201111,22,PM10,郑州,128.0
20201111,22,PM10_24h,郑州,139.0
20201111,22,SO2,郑州,12.0
20201111,22,SO2_24h,郑州,13.0
20201111,22,NO2,郑州,71.0
20201111,22,NO2_24h,郑州,63.0
20201111,22,O3,郑州,65.0
20201111,22,O3_24h,郑州,131.0
20201111,22,O3_8h,郑州,86.0
20201111,22,O3_8h_24h,郑州,108.0
20201111,22,CO,郑州,0.87
20201111,22,CO_24h,郑州,0.88
20201111,23,AQI,郑州,89.0
20201111,23,PM2.5,郑州,66.0
20201111,23,PM2.5_24h,郑州,75.0
20201111,23,PM10,郑州,115.0
20201111,23,PM10_24h,郑州,138.0
20201111,23,SO2,郑州,13.0
20201111,23,SO2_24h,郑州,13.0
20201111,23,NO2,郑州,54.0
20201111,23,NO2_24h,郑州,62.0
20201111,23,O3,郑州,74.0
20201111,23,O3_24h,郑州,131.0
20201111,23,O3_8h,郑州,80.0
20201111,23,O3_8h_24h,郑州,108.0
20201111,23,CO,郑州,0.8
20201111,23,CO_24h,郑州,0.86
20201111,0,AQI,武汉,75.0
20201111,0,PM2.5,武汉,37.0
20201111,0,PM2.5_24h,武汉,53.0
20201111,0,PM10,武汉,100.0
20201111,0,PM10_24h,武汉,129.0
20201111,0,SO2,武汉,24.0
20201111,0,SO2_24h,武汉,18.0
20201111,0,NO2,武汉,77.0
20201111,0,NO2_24h,武汉,84.0
20201111,0,O3,武汉,45.0
20201111,0,O3_24h,武汉,144.0
20201111,0,O3_8h,武汉,46.0
20201111,0,O3_8h_24h,武汉,114.0
20201111,0,CO,武汉,0.81
20201111,0,CO_24h,武汉,1.03
20201111,1,AQI,武汉,72.0
20201111,1,PM2.5,武汉,37.0
20201111,1,PM2.5_24h,武汉,52.0
20201111,1,PM10,武汉,93.0
20201111,1,PM10_24h,武汉,126.0
20201111,1,SO2,武汉,20.0
20201111,1,SO2_24h,武汉,19.0
20201111,1,NO2,武汉,73.0
20201111,1,NO2_24h,武汉,81.0
20201111,1,O3,武汉,50.0
20201111,1,O3_24h,武汉,144.0
20201111,1,O3_8h,武汉,50.0
20201111,1,O3_8h_24h,武汉,50.0
20201111,1,CO,武汉,0.78
20201111,1,CO_24h,武汉,1.01
20201111,2,AQI,武汉,68.0
20201111,2,PM2.5,武汉,35.0
20201111,2,PM2.5_24h,武汉,51.0
20201111,2,PM10,武汉,86.0
20201111,2,PM10_24h,武汉,123.0
20201111,2,SO2,武汉,17.0
20201111,2,SO2_24h,武汉,19.0
20201111,2,NO2,武汉,71.0
20201111,2,NO2_24h,武汉,79.0
20201111,2,O3,武汉,48.0
20201111,2,O3_24h,武汉,144.0
20201111,2,O3_8h,武汉,49.0
20201111,2,O3_8h_24h,武汉,52.0
20201111,2,CO,武汉,0.83
20201111,2,CO_24h,武汉,0.99
20201111,3,AQI,武汉,67.0
20201111,3,PM2.5,武汉,36.0
20201111,3,PM2.5_24h,武汉,49.0
20201111,3,PM10,武汉,83.0
20201111,3,PM10_24h,武汉,120.0
20201111,3,SO2,武汉,17.0
20201111,3,SO2_24h,武汉,19.0
20201111,3,NO2,武汉,67.0
20201111,3,NO2_24h,武汉,77.0
20201111,3,O3,武汉,44.0
20201111,3,O3_24h,武汉,144.0
20201111,3,O3_8h,武汉,48.0
20201111,3,O3_8h_24h,武汉,53.0
20201111,3,CO,武汉,0.84
20201111,3,CO_24h,武汉,0.99
20201111,4,AQI,武汉,67.0
20201111,4,PM2.5,武汉,37.0
20201111,4,PM2.5_24h,武汉,48.0
20201111,4,PM10,武汉,83.0
20201111,4,PM10_24h,武汉,117.0
20201111,4,SO2,武汉,17.0
20201111,4,SO2_24h,武汉,19.0
20201111,4,NO2,武汉,71.0
20201111,4,NO2_24h,武汉,76.0
20201111,4,O3,武汉,37.0
20201111,4,O3_24h,武汉,144.0
20201111,4,O3_8h,武汉,45.0
20201111,4,O3_8h_24h,武汉,53.0
20201111,4,CO,武汉,0.88
20201111,4,CO_24h,武汉,0.97
20201111,5,AQI,武汉,66.0
20201111,5,PM2.5,武汉,37.0
20201111,5,PM2.5_24h,武汉,47.0
20201111,5,PM10,武汉,82.0
20201111,5,PM10_24h,武汉,115.0
20201111,5,SO2,武汉,20.0
20201111,5,SO2_24h,武汉,19.0
20201111,5,NO2,武汉,76.0
20201111,5,NO2_24h,武汉,74.0
20201111,5,O3,武汉,31.0
20201111,5,O3_24h,武汉,144.0
20201111,5,O3_8h,武汉,42.0
20201111,5,O3_8h_24h,武汉,53.0
20201111,5,CO,武汉,0.92
20201111,5,CO_24h,武汉,0.97
20201111,6,AQI,武汉,68.0
20201111,6,PM2.5,武汉,39.0
20201111,6,PM2.5_24h,武汉,46.0
20201111,6,PM10,武汉,85.0
20201111,6,PM10_24h,武汉,112.0
20201111,6,SO2,武汉,24.0
20201111,6,SO2_24h,武汉,19.0
20201111,6,NO2,武汉,81.0
20201111,6,NO2_24h,武汉,73.0
20201111,6,O3,武汉,23.0
20201111,6,O3_24h,武汉,144.0
20201111,6,O3_8h,武汉,39.0
20201111,6,O3_8h_24h,武汉,53.0
20201111,6,CO,武汉,1.04
20201111,6,CO_24h,武汉,0.96
20201111,8,AQI,武汉,75.0
20201111,8,PM2.5,武汉,46.0
20201111,8,PM2.5_24h,武汉,45.0
20201111,8,PM10,武汉,100.0
20201111,8,PM10_24h,武汉,109.0
20201111,8,SO2,武汉,22.0
20201111,8,SO2_24h,武汉,18.0
20201111,8,NO2,武汉,84.0
20201111,8,NO2_24h,武汉,71.0
20201111,8,O3,武汉,15.0
20201111,8,O3_24h,武汉,144.0
20201111,8,O3_8h,武汉,36.0
20201111,8,O3_8h_24h,武汉,53.0
20201111,8,CO,武汉,1.2
20201111,8,CO_24h,武汉,0.94
20201111,10,AQI,武汉,79.0
20201111,10,PM2.5,武汉,46.0
20201111,10,PM2.5_24h,武汉,43.0
20201111,10,PM10,武汉,107.0
20201111,10,PM10_24h,武汉,105.0
20201111,10,SO2,武汉,19.0
20201111,10,SO2_24h,武汉,19.0
20201111,10,NO2,武汉,61.0
20201111,10,NO2_24h,武汉,71.0
20201111,10,O3,武汉,62.0
20201111,10,O3_24h,武汉,144.0
20201111,10,O3_8h,武汉,32.0
20201111,10,O3_8h_24h,武汉,53.0
20201111,10,CO,武汉,1.02
20201111,10,CO_24h,武汉,0.94
20201111,11,AQI,武汉,74.0
20201111,11,PM2.5,武汉,38.0
20201111,11,PM2.5_24h,武汉,42.0
20201111,11,PM10,武汉,98.0
20201111,11,PM10_24h,武汉,103.0
20201111,11,SO2,武汉,15.0
20201111,11,SO2_24h,武汉,18.0
20201111,11,NO2,武汉,42.0
20201111,11,NO2_24h,武汉,70.0
20201111,11,O3,武汉,92.0
20201111,11,O3_24h,武汉,144.0
20201111,11,O3_8h,武汉,38.0
20201111,11,O3_8h_24h,武汉,53.0
20201111,11,CO,武汉,0.84
20201111,11,CO_24h,武汉,0.94
20201111,12,AQI,武汉,67.0
20201111,12,PM2.5,武汉,32.0
20201111,12,PM2.5_24h,武汉,41.0
20201111,12,PM10,武汉,84.0
20201111,12,PM10_24h,武汉,101.0
20201111,12,SO2,武汉,16.0
20201111,12,SO2_24h,武汉,18.0
20201111,12,NO2,武汉,36.0
20201111,12,NO2_24h,武汉,70.0
20201111,12,O3,武汉,107.0
20201111,12,O3_24h,武汉,144.0
20201111,12,O3_8h,武汉,46.0
20201111,12,O3_8h_24h,武汉,57.0
20201111,12,CO,武汉,0.79
20201111,12,CO_24h,武汉,0.93
20201111,13,AQI,武汉,62.0
20201111,13,PM2.5,武汉,32.0
20201111,13,PM2.5_24h,武汉,41.0
20201111,13,PM10,武汉,73.0
20201111,13,PM10_24h,武汉,99.0
20201111,13,SO2,武汉,16.0
20201111,13,SO2_24h,武汉,18.0
20201111,13,NO2,武汉,30.0
20201111,13,NO2_24h,武汉,70.0
20201111,13,O3,武汉,122.0
20201111,13,O3_24h,武汉,143.0
20201111,13,O3_8h,武汉,58.0
20201111,13,O3_8h_24h,武汉,64.0
20201111,13,CO,武汉,0.72
20201111,13,CO_24h,武汉,0.92
20201111,14,AQI,武汉,59.0
20201111,14,PM2.5,武汉,30.0
20201111,14,PM2.5_24h,武汉,40.0
20201111,14,PM10,武汉,67.0
20201111,14,PM10_24h,武汉,98.0
20201111,14,SO2,武汉,14.0
20201111,14,SO2_24h,武汉,18.0
20201111,14,NO2,武汉,27.0
20201111,14,NO2_24h,武汉,70.0
20201111,14,O3,武汉,132.0
20201111,14,O3_24h,武汉,143.0
20201111,14,O3_8h,武汉,76.0
20201111,14,O3_8h_24h,武汉,79.0
20201111,14,CO,武汉,0.64
20201111,14,CO_24h,武汉,0.91
20201111,15,AQI,武汉,58.0
20201111,15,PM2.5,武汉,28.0
20201111,15,PM2.5_24h,武汉,39.0
20201111,15,PM10,武汉,66.0
20201111,15,PM10_24h,武汉,96.0
20201111,15,SO2,武汉,12.0
20201111,15,SO2_24h,武汉,18.0
20201111,15,NO2,武汉,27.0
20201111,15,NO2_24h,武汉,70.0
20201111,15,O3,武汉,133.0
20201111,15,O3_24h,武汉,139.0
20201111,15,O3_8h,武汉,90.0
20201111,15,O3_8h_24h,武汉,90.0
20201111,15,CO,武汉,0.56
20201111,15,CO_24h,武汉,0.91
20201111,16,AQI,武汉,56.0
20201111,16,PM2.5,武汉,28.0
20201111,16,PM2.5_24h,武汉,39.0
20201111,16,PM10,武汉,62.0
20201111,16,PM10_24h,武汉,94.0
20201111,16,SO2,武汉,12.0
20201111,16,SO2_24h,武汉,18.0
20201111,16,NO2,武汉,31.0
20201111,16,NO2_24h,武汉,70.0
20201111,16,O3,武汉,130.0
20201111,16,O3_24h,武汉,134.0
20201111,16,O3_8h,武汉,103.0
20201111,16,O3_8h_24h,武汉,103.0
20201111,16,CO,武汉,0.53
20201111,16,CO_24h,武汉,0.91
20201111,17,AQI,武汉,56.0
20201111,17,PM2.5,武汉,28.0
20201111,17,PM2.5_24h,武汉,38.0
20201111,17,PM10,武汉,62.0
20201111,17,PM10_24h,武汉,92.0
20201111,17,SO2,武汉,12.0
20201111,17,SO2_24h,武汉,17.0
20201111,17,NO2,武汉,39.0
20201111,17,NO2_24h,武汉,70.0
20201111,17,O3,武汉,121.0
20201111,17,O3_24h,武汉,134.0
20201111,17,O3_8h,武汉,113.0
20201111,17,O3_8h_24h,武汉,113.0
20201111,17,CO,武汉,0.6
20201111,17,CO_24h,武汉,0.9
20201111,18,AQI,武汉,57.0
20201111,18,PM2.5,武汉,27.0
20201111,18,PM2.5_24h,武汉,38.0
20201111,18,PM10,武汉,64.0
20201111,18,PM10_24h,武汉,89.0
20201111,18,SO2,武汉,11.0
20201111,18,SO2_24h,武汉,17.0
20201111,18,NO2,武汉,70.0
20201111,18,NO2_24h,武汉,70.0
20201111,18,O3,武汉,76.0
20201111,18,O3_24h,武汉,133.0
20201111,18,O3_8h,武汉,112.0
20201111,18,O3_8h_24h,武汉,114.0
20201111,18,CO,武汉,0.71
20201111,18,CO_24h,武汉,0.94
20201111,19,AQI,武汉,60.0
20201111,19,PM2.5,武汉,32.0
20201111,19,PM2.5_24h,武汉,38.0
20201111,19,PM10,武汉,69.0
20201111,19,PM10_24h,武汉,88.0
20201111,19,SO2,武汉,10.0
20201111,19,SO2_24h,武汉,17.0
20201111,19,NO2,武汉,105.0
20201111,19,NO2_24h,武汉,69.0
20201111,19,O3,武汉,35.0
20201111,19,O3_24h,武汉,133.0
20201111,19,O3_8h,武汉,105.0
20201111,19,O3_8h_24h,武汉,114.0
20201111,19,CO,武汉,0.92
20201111,19,CO_24h,武汉,0.93
20201111,20,AQI,武汉,70.0
20201111,20,PM2.5,武汉,42.0
20201111,20,PM2.5_24h,武汉,37.0
20201111,20,PM10,武汉,89.0
20201111,20,PM10_24h,武汉,89.0
20201111,20,SO2,武汉,10.0
20201111,20,SO2_24h,武汉,17.0
20201111,20,NO2,武汉,115.0
20201111,20,NO2_24h,武汉,69.0
20201111,20,O3,武汉,22.0
20201111,20,O3_24h,武汉,134.0
20201111,20,O3_8h,武汉,99.0
20201111,20,O3_8h_24h,武汉,117.0
20201111,20,CO,武汉,1.02
20201111,20,CO_24h,武汉,0.88
20201111,21,AQI,武汉,78.0
20201111,21,PM2.5,武汉,42.0
20201111,21,PM2.5_24h,武汉,37.0
20201111,21,PM10,武汉,105.0
20201111,21,PM10_24h,武汉,87.0
20201111,21,SO2,武汉,11.0
20201111,21,SO2_24h,武汉,17.0
20201111,21,NO2,武汉,114.0
20201111,21,NO2_24h,武汉,69.0
20201111,21,O3,武汉,20.0
20201111,21,O3_24h,武汉,134.0
20201111,21,O3_8h,武汉,86.0
20201111,21,O3_8h_24h,武汉,117.0
20201111,21,CO,武汉,0.91
20201111,21,CO_24h,武汉,0.88
20201111,22,AQI,武汉,74.0
20201111,22,PM2.5,武汉,39.0
20201111,22,PM2.5_24h,武汉,37.0
20201111,22,PM10,武汉,97.0
20201111,22,PM10_24h,武汉,86.0
20201111,22,SO2,武汉,11.0
20201111,22,SO2_24h,武汉,17.0
20201111,22,NO2,武汉,115.0
20201111,22,NO2_24h,武汉,70.0
20201111,22,O3,武汉,17.0
20201111,22,O3_24h,武汉,134.0
20201111,22,O3_8h,武汉,70.0
20201111,22,O3_8h_24h,武汉,117.0
20201111,22,CO,武汉,0.87
20201111,22,CO_24h,武汉,0.88
20201111,23,AQI,武汉,71.0
20201111,23,PM2.5,武汉,39.0
20201111,23,PM2.5_24h,武汉,37.0
20201111,23,PM10,武汉,92.0
20201111,23,PM10_24h,武汉,86.0
20201111,23,SO2,武汉,12.0
20201111,23,SO2_24h,武汉,16.0
20201111,23,NO2,武汉,95.0
20201111,23,NO2_24h,武汉,70.0
20201111,23,O3,武汉,34.0
20201111,23,O3_24h,武汉,134.0
20201111,23,O3_8h,武汉,58.0
20201111,23,O3_8h_24h,武汉,117.0
20201111,23,CO,武汉,0.81
20201111,23,CO_24h,武汉,0.87
20201111,0,AQI,长沙,102.0
20201111,0,PM2.5,长沙,70.0
20201111,0,PM2.5_24h,长沙,61.0
20201111,0,PM10,长沙,154.0
20201111,0,PM10_24h,长沙,117.0
20201111,0,SO2,长沙,11.0
20201111,0,SO2_24h,长沙,11.0
20201111,0,NO2,长沙,99.0
20201111,0,NO2_24h,长沙,64.0
20201111,0,O3,长沙,20.0
20201111,0,O3_24h,长沙,152.0
20201111,0,O3_8h,长沙,76.0
20201111,0,O3_8h_24h,长沙,133.0
20201111,0,CO,长沙,1.17
20201111,0,CO_24h,长沙,0.9
20201111,1,AQI,长沙,95.0
20201111,1,PM2.5,长沙,71.0
20201111,1,PM2.5_24h,长沙,61.0
20201111,1,PM10,长沙,140.0
20201111,1,PM10_24h,长沙,117.0
20201111,1,SO2,长沙,10.0
20201111,1,SO2_24h,长沙,11.0
20201111,1,NO2,长沙,89.0
20201111,1,NO2_24h,长沙,63.0
20201111,1,O3,长沙,21.0
20201111,1,O3_24h,长沙,152.0
20201111,1,O3_8h,长沙,21.0
20201111,1,O3_8h_24h,长沙,21.0
20201111,1,CO,长沙,1.12
20201111,1,CO_24h,长沙,0.91
20201111,2,AQI,长沙,92.0
20201111,2,PM2.5,长沙,68.0
20201111,2,PM2.5_24h,长沙,61.0
20201111,2,PM10,长沙,133.0
20201111,2,PM10_24h,长沙,117.0
20201111,2,SO2,长沙,9.0
20201111,2,SO2_24h,长沙,11.0
20201111,2,NO2,长沙,83.0
20201111,2,NO2_24h,长沙,63.0
20201111,2,O3,长沙,28.0
20201111,2,O3_24h,长沙,152.0
20201111,2,O3_8h,长沙,22.0
20201111,2,O3_8h_24h,长沙,23.0
20201111,2,CO,长沙,1.04
20201111,2,CO_24h,长沙,0.9
20201111,3,AQI,长沙,86.0
20201111,3,PM2.5,长沙,64.0
20201111,3,PM2.5_24h,长沙,60.0
20201111,3,PM10,长沙,122.0
20201111,3,PM10_24h,长沙,117.0
20201111,3,SO2,长沙,9.0
20201111,3,SO2_24h,长沙,10.0
20201111,3,NO2,长沙,89.0
20201111,3,NO2_24h,长沙,63.0
20201111,3,O3,长沙,9.0
20201111,3,O3_24h,长沙,152.0
20201111,3,O3_8h,长沙,18.0
20201111,3,O3_8h_24h,长沙,24.0
20201111,3,CO,长沙,1.01
20201111,3,CO_24h,长沙,0.9
20201111,4,AQI,长沙,88.0
20201111,4,PM2.5,长沙,65.0
20201111,4,PM2.5_24h,长沙,60.0
20201111,4,PM10,长沙,118.0
20201111,4,PM10_24h,长沙,116.0
20201111,4,SO2,长沙,9.0
20201111,4,SO2_24h,长沙,10.0
20201111,4,NO2,长沙,87.0
20201111,4,NO2_24h,长沙,63.0
20201111,4,O3,长沙,6.0
20201111,4,O3_24h,长沙,152.0
20201111,4,O3_8h,长沙,14.0
20201111,4,O3_8h_24h,长沙,24.0
20201111,4,CO,长沙,1.0
20201111,4,CO_24h,长沙,0.9
20201111,5,AQI,长沙,84.0
20201111,5,PM2.5,长沙,62.0
20201111,5,PM2.5_24h,长沙,60.0
20201111,5,PM10,长沙,105.0
20201111,5,PM10_24h,长沙,117.0
20201111,5,SO2,长沙,9.0
20201111,5,SO2_24h,长沙,10.0
20201111,5,NO2,长沙,76.0
20201111,5,NO2_24h,长沙,63.0
20201111,5,O3,长沙,9.0
20201111,5,O3_24h,长沙,152.0
20201111,5,O3_8h,长沙,13.0
20201111,5,O3_8h_24h,长沙,24.0
20201111,5,CO,长沙,0.94
20201111,5,CO_24h,长沙,0.9
20201111,6,AQI,长沙,83.0
20201111,6,PM2.5,长沙,61.0
20201111,6,PM2.5_24h,长沙,60.0
20201111,6,PM10,长沙,102.0
20201111,6,PM10_24h,长沙,116.0
20201111,6,SO2,长沙,9.0
20201111,6,SO2_24h,长沙,10.0
20201111,6,NO2,长沙,75.0
20201111,6,NO2_24h,长沙,64.0
20201111,6,O3,长沙,6.0
20201111,6,O3_24h,长沙,152.0
20201111,6,O3_8h,长沙,12.0
20201111,6,O3_8h_24h,长沙,24.0
20201111,6,CO,长沙,0.92
20201111,6,CO_24h,长沙,0.9
20201111,7,AQI,长沙,69.0
20201111,7,PM2.5,长沙,47.0
20201111,7,PM2.5_24h,长沙,53.0
20201111,7,PM10,长沙,87.0
20201111,7,PM10_24h,长沙,108.0
20201111,7,SO2,长沙,9.0
20201111,7,SO2_24h,长沙,9.0
20201111,7,NO2,长沙,69.0
20201111,7,NO2_24h,长沙,61.0
20201111,7,O3,长沙,7.0
20201111,7,O3_24h,长沙,142.0
20201111,7,O3_8h,长沙,15.0
20201111,7,O3_8h_24h,长沙,62.0
20201111,7,CO,长沙,0.8
20201111,7,CO_24h,长沙,0.8
20201111,8,AQI,长沙,80.0
20201111,8,PM2.5,长沙,59.0
20201111,8,PM2.5_24h,长沙,59.0
20201111,8,PM10,长沙,101.0
20201111,8,PM10_24h,长沙,117.0
20201111,8,SO2,长沙,9.0
20201111,8,SO2_24h,长沙,10.0
20201111,8,NO2,长沙,66.0
20201111,8,NO2_24h,长沙,64.0
20201111,8,O3,长沙,9.0
20201111,8,O3_24h,长沙,152.0
20201111,8,O3_8h,长沙,11.0
20201111,8,O3_8h_24h,长沙,24.0
20201111,8,CO,长沙,0.97
20201111,8,CO_24h,长沙,0.9
20201111,10,AQI,长沙,75.0
20201111,10,PM2.5,长沙,49.0
20201111,10,PM2.5_24h,长沙,59.0
20201111,10,PM10,长沙,100.0
20201111,10,PM10_24h,长沙,115.0
20201111,10,SO2,长沙,11.0
20201111,10,SO2_24h,长沙,10.0
20201111,10,NO2,长沙,61.0
20201111,10,NO2_24h,长沙,64.0
20201111,10,O3,长沙,38.0
20201111,10,O3_24h,长沙,152.0
20201111,10,O3_8h,长沙,12.0
20201111,10,O3_8h_24h,长沙,26.0
20201111,10,CO,长沙,0.86
20201111,10,CO_24h,长沙,0.91
20201111,11,AQI,长沙,72.0
20201111,11,PM2.5,长沙,46.0
20201111,11,PM2.5_24h,长沙,58.0
20201111,11,PM10,长沙,94.0
20201111,11,PM10_24h,长沙,114.0
20201111,11,SO2,长沙,11.0
20201111,11,SO2_24h,长沙,10.0
20201111,11,NO2,长沙,52.0
20201111,11,NO2_24h,长沙,64.0
20201111,11,O3,长沙,64.0
20201111,11,O3_24h,长沙,152.0
20201111,11,O3_8h,长沙,19.0
20201111,11,O3_8h_24h,长沙,31.0
20201111,11,CO,长沙,0.82
20201111,11,CO_24h,长沙,0.91
20201111,12,AQI,长沙,62.0
20201111,12,PM2.5,长沙,39.0
20201111,12,PM2.5_24h,长沙,57.0
20201111,12,PM10,长沙,74.0
20201111,12,PM10_24h,长沙,113.0
20201111,12,SO2,长沙,10.0
20201111,12,SO2_24h,长沙,10.0
20201111,12,NO2,长沙,42.0
20201111,12,NO2_24h,长沙,64.0
20201111,12,O3,长沙,87.0
20201111,12,O3_24h,长沙,152.0
20201111,12,O3_8h,长沙,30.0
20201111,12,O3_8h_24h,长沙,37.0
20201111,12,CO,长沙,0.71
20201111,12,CO_24h,长沙,0.9
20201111,13,AQI,长沙,57.0
20201111,13,PM2.5,长沙,30.0
20201111,13,PM2.5_24h,长沙,57.0
20201111,13,PM10,长沙,63.0
20201111,13,PM10_24h,长沙,111.0
20201111,13,SO2,长沙,8.0
20201111,13,SO2_24h,长沙,10.0
20201111,13,NO2,长沙,32.0
20201111,13,NO2_24h,长沙,64.0
20201111,13,O3,长沙,103.0
20201111,13,O3_24h,长沙,152.0
20201111,13,O3_8h,长沙,41.0
20201111,13,O3_8h_24h,长沙,45.0
20201111,13,CO,长沙,0.63
20201111,13,CO_24h,长沙,0.9
20201111,14,AQI,长沙,56.0
20201111,14,PM2.5,长沙,28.0
20201111,14,PM2.5_24h,长沙,56.0
20201111,14,PM10,长沙,62.0
20201111,14,PM10_24h,长沙,110.0
20201111,14,SO2,长沙,8.0
20201111,14,SO2_24h,长沙,10.0
20201111,14,NO2,长沙,25.0
20201111,14,NO2_24h,长沙,64.0
20201111,14,O3,长沙,114.0
20201111,14,O3_24h,长沙,152.0
20201111,14,O3_8h,长沙,55.0
20201111,14,O3_8h_24h,长沙,56.0
20201111,14,CO,长沙,0.59
20201111,14,CO_24h,长沙,0.89
20201111,15,AQI,长沙,56.0
20201111,15,PM2.5,长沙,28.0
20201111,15,PM2.5_24h,长沙,55.0
20201111,15,PM10,长沙,62.0
20201111,15,PM10_24h,长沙,108.0
20201111,15,SO2,长沙,8.0
20201111,15,SO2_24h,长沙,10.0
20201111,15,NO2,长沙,22.0
20201111,15,NO2_24h,长沙,63.0
20201111,15,O3,长沙,123.0
20201111,15,O3_24h,长沙,151.0
20201111,15,O3_8h,长沙,69.0
20201111,15,O3_8h_24h,长沙,69.0
20201111,15,CO,长沙,0.54
20201111,15,CO_24h,长沙,0.89
20201111,16,AQI,长沙,58.0
20201111,16,PM2.5,长沙,31.0
20201111,16,PM2.5_24h,长沙,54.0
20201111,16,PM10,长沙,66.0
20201111,16,PM10_24h,长沙,108.0
20201111,16,SO2,长沙,8.0
20201111,16,SO2_24h,长沙,10.0
20201111,16,NO2,长沙,22.0
20201111,16,NO2_24h,长沙,63.0
20201111,16,O3,长沙,128.0
20201111,16,O3_24h,长沙,148.0
20201111,16,O3_8h,长沙,84.0
20201111,16,O3_8h_24h,长沙,84.0
20201111,16,CO,长沙,0.57
20201111,16,CO_24h,长沙,0.87
20201111,17,AQI,长沙,65.0
20201111,17,PM2.5,长沙,39.0
20201111,17,PM2.5_24h,长沙,54.0
20201111,17,PM10,长沙,79.0
20201111,17,PM10_24h,长沙,107.0
20201111,17,SO2,长沙,8.0
20201111,17,SO2_24h,长沙,9.0
20201111,17,NO2,长沙,30.0
20201111,17,NO2_24h,长沙,63.0
20201111,17,O3,长沙,128.0
20201111,17,O3_24h,长沙,137.0
20201111,17,O3_8h,长沙,98.0
20201111,17,O3_8h_24h,长沙,98.0
20201111,17,CO,长沙,0.66
20201111,17,CO_24h,长沙,0.87
20201111,18,AQI,长沙,76.0
20201111,18,PM2.5,长沙,51.0
20201111,18,PM2.5_24h,长沙,54.0
20201111,18,PM10,长沙,102.0
20201111,18,PM10_24h,长沙,107.0
20201111,18,SO2,长沙,9.0
20201111,18,SO2_24h,长沙,9.0
20201111,18,NO2,长沙,45.0
20201111,18,NO2_24h,长沙,63.0
20201111,18,O3,长沙,114.0
20201111,18,O3_24h,长沙,133.0
20201111,18,O3_8h,长沙,107.0
20201111,18,O3_8h_24h,长沙,107.0
20201111,18,CO,长沙,0.77
20201111,18,CO_24h,长沙,0.88
20201111,19,AQI,长沙,79.0
20201111,19,PM2.5,长沙,57.0
20201111,19,PM2.5_24h,长沙,54.0
20201111,19,PM10,长沙,107.0
20201111,19,PM10_24h,长沙,106.0
20201111,19,SO2,长沙,10.0
20201111,19,SO2_24h,长沙,9.0
20201111,19,NO2,长沙,49.0
20201111,19,NO2_24h,长沙,63.0
20201111,19,O3,长沙,102.0
20201111,19,O3_24h,长沙,131.0
20201111,19,O3_8h,长沙,112.0
20201111,19,O3_8h_24h,长沙,112.0
20201111,19,CO,长沙,0.82
20201111,19,CO_24h,长沙,0.88
20201111,20,AQI,长沙,78.0
20201111,20,PM2.5,长沙,57.0
20201111,20,PM2.5_24h,长沙,54.0
20201111,20,PM10,长沙,106.0
20201111,20,PM10_24h,长沙,105.0
20201111,20,SO2,长沙,9.0
20201111,20,SO2_24h,长沙,9.0
20201111,20,NO2,长沙,53.0
20201111,20,NO2_24h,长沙,62.0
20201111,20,O3,长沙,89.0
20201111,20,O3_24h,长沙,131.0
20201111,20,O3_8h,长沙,113.0
20201111,20,O3_8h_24h,长沙,114.0
20201111,20,CO,长沙,0.83
20201111,20,CO_24h,长沙,0.88
20201111,21,AQI,长沙,83.0
20201111,21,PM2.5,长沙,61.0
20201111,21,PM2.5_24h,长沙,54.0
20201111,21,PM10,长沙,116.0
20201111,21,PM10_24h,长沙,105.0
20201111,21,SO2,长沙,10.0
20201111,21,SO2_24h,长沙,9.0
20201111,21,NO2,长沙,73.0
20201111,21,NO2_24h,长沙,63.0
20201111,21,O3,长沙,61.0
20201111,21,O3_24h,长沙,131.0
20201111,21,O3_8h,长沙,107.0
20201111,21,O3_8h_24h,长沙,114.0
20201111,21,CO,长沙,0.94
20201111,21,CO_24h,长沙,0.87
20201111,22,AQI,长沙,98.0
20201111,22,PM2.5,长沙,70.0
20201111,22,PM2.5_24h,长沙,54.0
20201111,22,PM10,长沙,145.0
20201111,22,PM10_24h,长沙,105.0
20201111,22,SO2,长沙,9.0
20201111,22,SO2_24h,长沙,9.0
20201111,22,NO2,长沙,104.0
20201111,22,NO2_24h,长沙,63.0
20201111,22,O3,长沙,25.0
20201111,22,O3_24h,长沙,131.0
20201111,22,O3_8h,长沙,96.0
20201111,22,O3_8h_24h,长沙,114.0
20201111,22,CO,长沙,1.08
20201111,22,CO_24h,长沙,0.87
20201111,23,AQI,长沙,103.0
20201111,23,PM2.5,长沙,77.0
20201111,23,PM2.5_24h,长沙,54.0
20201111,23,PM10,长沙,154.0
20201111,23,PM10_24h,长沙,105.0
20201111,23,SO2,长沙,10.0
20201111,23,SO2_24h,长沙,9.0
20201111,23,NO2,长沙,103.0
20201111,23,NO2_24h,长沙,63.0
20201111,23,O3,长沙,16.0
20201111,23,O3_24h,长沙,131.0
20201111,23,O3_8h,长沙,83.0
20201111,23,O3_8h_24h,长沙,114.0
20201111,23,CO,长沙,1.16
20201111,23,CO_24h,长沙,0.87
20201111,0,AQI,广州,69.0
20201111,0,PM2.5,广州,40.0
20201111,0,PM2.5_24h,广州,41.0
20201111,0,PM10,广州,88.0
20201111,0,PM10_24h,广州,88.0
20201111,0,SO2,广州,10.0
20201111,0,SO2_24h,广州,12.0
20201111,0,NO2,广州,63.0
20201111,0,NO2_24h,广州,39.0
20201111,0,O3,广州,63.0
20201111,0,O3_24h,广州,175.0
20201111,0,O3_8h,广州,89.0
20201111,0,O3_8h_24h,广州,159.0
20201111,0,CO,广州,0.7
20201111,0,CO_24h,广州,0.74
20201111,1,AQI,广州,68.0
20201111,1,PM2.5,广州,39.0
20201111,1,PM2.5_24h,广州,41.0
20201111,1,PM10,广州,86.0
20201111,1,PM10_24h,广州,88.0
20201111,1,SO2,广州,10.0
20201111,1,SO2_24h,广州,12.0
20201111,1,NO2,广州,58.0
20201111,1,NO2_24h,广州,40.0
20201111,1,O3,广州,68.0
20201111,1,O3_24h,广州,175.0
20201111,1,O3_8h,广州,68.0
20201111,1,O3_8h_24h,广州,68.0
20201111,1,CO,广州,0.69
20201111,1,CO_24h,广州,0.74
20201111,2,AQI,广州,67.0
20201111,2,PM2.5,广州,39.0
20201111,2,PM2.5_24h,广州,41.0
20201111,2,PM10,广州,84.0
20201111,2,PM10_24h,广州,88.0
20201111,2,SO2,广州,10.0
20201111,2,SO2_24h,广州,12.0
20201111,2,NO2,广州,55.0
20201111,2,NO2_24h,广州,41.0
20201111,2,O3,广州,74.0
20201111,2,O3_24h,广州,175.0
20201111,2,O3_8h,广州,71.0
20201111,2,O3_8h_24h,广州,71.0
20201111,2,CO,广州,0.69
20201111,2,CO_24h,广州,0.74
20201111,3,AQI,广州,67.0
20201111,3,PM2.5,广州,39.0
20201111,3,PM2.5_24h,广州,41.0
20201111,3,PM10,广州,84.0
20201111,3,PM10_24h,广州,88.0
20201111,3,SO2,广州,10.0
20201111,3,SO2_24h,广州,12.0
20201111,3,NO2,广州,50.0
20201111,3,NO2_24h,广州,42.0
20201111,3,O3,广州,79.0
20201111,3,O3_24h,广州,175.0
20201111,3,O3_8h,广州,73.0
20201111,3,O3_8h_24h,广州,74.0
20201111,3,CO,广州,0.64
20201111,3,CO_24h,广州,0.74
20201111,4,AQI,广州,67.0
20201111,4,PM2.5,广州,38.0
20201111,4,PM2.5_24h,广州,41.0
20201111,4,PM10,广州,83.0
20201111,4,PM10_24h,广州,87.0
20201111,4,SO2,广州,11.0
20201111,4,SO2_24h,广州,11.0
20201111,4,NO2,广州,43.0
20201111,4,NO2_24h,广州,43.0
20201111,4,O3,广州,86.0
20201111,4,O3_24h,广州,175.0
20201111,4,O3_8h,广州,76.0
20201111,4,O3_8h_24h,广州,77.0
20201111,4,CO,广州,0.64
20201111,4,CO_24h,广州,0.74
20201111,5,AQI,广州,67.0
20201111,5,PM2.5,广州,39.0
20201111,5,PM2.5_24h,广州,41.0
20201111,5,PM10,广州,83.0
20201111,5,PM10_24h,广州,87.0
20201111,5,SO2,广州,11.0
20201111,5,SO2_24h,广州,11.0
20201111,5,NO2,广州,42.0
20201111,5,NO2_24h,广州,43.0
20201111,5,O3,广州,86.0
20201111,5,O3_24h,广州,175.0
20201111,5,O3_8h,广州,78.0
20201111,5,O3_8h_24h,广州,79.0
20201111,5,CO,广州,0.64
20201111,5,CO_24h,广州,0.73
20201111,6,AQI,广州,66.0
20201111,6,PM2.5,广州,39.0
20201111,6,PM2.5_24h,广州,41.0
20201111,6,PM10,广州,82.0
20201111,6,PM10_24h,广州,87.0
20201111,6,SO2,广州,11.0
20201111,6,SO2_24h,广州,11.0
20201111,6,NO2,广州,41.0
20201111,6,NO2_24h,广州,44.0
20201111,6,O3,广州,82.0
20201111,6,O3_24h,广州,175.0
20201111,6,O3_8h,广州,79.0
20201111,6,O3_8h_24h,广州,80.0
20201111,6,CO,广州,0.65
20201111,6,CO_24h,广州,0.73
20201111,8,AQI,广州,66.0
20201111,8,PM2.5,广州,38.0
20201111,8,PM2.5_24h,广州,41.0
20201111,8,PM10,广州,81.0
20201111,8,PM10_24h,广州,86.0
20201111,8,SO2,广州,11.0
20201111,8,SO2_24h,广州,11.0
20201111,8,NO2,广州,44.0
20201111,8,NO2_24h,广州,45.0
20201111,8,O3,广州,79.0
20201111,8,O3_24h,广州,175.0
20201111,8,O3_8h,广州,79.0
20201111,8,O3_8h_24h,广州,81.0
20201111,8,CO,广州,0.69
20201111,8,CO_24h,广州,0.72
20201111,10,AQI,广州,65.0
20201111,10,PM2.5,广州,37.0
20201111,10,PM2.5_24h,广州,40.0
20201111,10,PM10,广州,79.0
20201111,10,PM10_24h,广州,86.0
20201111,10,SO2,广州,11.0
20201111,10,SO2_24h,广州,11.0
20201111,10,NO2,广州,33.0
20201111,10,NO2_24h,广州,45.0
20201111,10,O3,广州,101.0
20201111,10,O3_24h,广州,175.0
20201111,10,O3_8h,广州,85.0
20201111,10,O3_8h_24h,广州,88.0
20201111,10,CO,广州,0.69
20201111,10,CO_24h,广州,0.72
20201111,11,AQI,广州,64.0
20201111,11,PM2.5,广州,36.0
20201111,11,PM2.5_24h,广州,40.0
20201111,11,PM10,广州,77.0
20201111,11,PM10_24h,广州,85.0
20201111,11,SO2,广州,11.0
20201111,11,SO2_24h,广州,11.0
20201111,11,NO2,广州,31.0
20201111,11,NO2_24h,广州,45.0
20201111,11,O3,广州,113.0
20201111,11,O3_24h,广州,175.0
20201111,11,O3_8h,广州,89.0
20201111,11,O3_8h_24h,广州,91.0
20201111,11,CO,广州,0.64
20201111,11,CO_24h,广州,0.71
20201111,12,AQI,广州,60.0
20201111,12,PM2.5,广州,33.0
20201111,12,PM2.5_24h,广州,40.0
20201111,12,PM10,广州,69.0
20201111,12,PM10_24h,广州,84.0
20201111,12,SO2,广州,10.0
20201111,12,SO2_24h,广州,11.0
20201111,12,NO2,广州,26.0
20201111,12,NO2_24h,广州,45.0
20201111,12,O3,广州,124.0
20201111,12,O3_24h,广州,175.0
20201111,12,O3_8h,广州,94.0
20201111,12,O3_8h_24h,广州,95.0
20201111,12,CO,广州,0.63
20201111,12,CO_24h,广州,0.7
20201111,13,AQI,广州,56.0
20201111,13,PM2.5,广州,30.0
20201111,13,PM2.5_24h,广州,39.0
20201111,13,PM10,广州,62.0
20201111,13,PM10_24h,广州,83.0
20201111,13,SO2,广州,9.0
20201111,13,SO2_24h,广州,11.0
20201111,13,NO2,广州,21.0
20201111,13,NO2_24h,广州,45.0
20201111,13,O3,广州,137.0
20201111,13,O3_24h,广州,175.0
20201111,13,O3_8h,广州,101.0
20201111,13,O3_8h_24h,广州,101.0
20201111,13,CO,广州,0.58
20201111,13,CO_24h,广州,0.7
20201111,14,AQI,广州,53.0
20201111,14,PM2.5,广州,28.0
20201111,14,PM2.5_24h,广州,39.0
20201111,14,PM10,广州,56.0
20201111,14,PM10_24h,广州,82.0
20201111,14,SO2,广州,8.0
20201111,14,SO2_24h,广州,11.0
20201111,14,NO2,广州,19.0
20201111,14,NO2_24h,广州,45.0
20201111,14,O3,广州,146.0
20201111,14,O3_24h,广州,174.0
20201111,14,O3_8h,广州,109.0
20201111,14,O3_8h_24h,广州,109.0
20201111,14,CO,广州,0.56
20201111,14,CO_24h,广州,0.7
20201111,15,AQI,广州,52.0
20201111,15,PM2.5,广州,26.0
20201111,15,PM2.5_24h,广州,38.0
20201111,15,PM10,广州,53.0
20201111,15,PM10_24h,广州,81.0
20201111,15,SO2,广州,8.0
20201111,15,SO2_24h,广州,11.0
20201111,15,NO2,广州,19.0
20201111,15,NO2_24h,广州,45.0
20201111,15,O3,广州,147.0
20201111,15,O3_24h,广州,172.0
20201111,15,O3_8h,广州,117.0
20201111,15,O3_8h_24h,广州,117.0
20201111,15,CO,广州,0.54
20201111,15,CO_24h,广州,0.68
20201111,16,AQI,广州,53.0
20201111,16,PM2.5,广州,27.0
20201111,16,PM2.5_24h,广州,38.0
20201111,16,PM10,广州,55.0
20201111,16,PM10_24h,广州,80.0
20201111,16,SO2,广州,8.0
20201111,16,SO2_24h,广州,10.0
20201111,16,NO2,广州,22.0
20201111,16,NO2_24h,广州,45.0
20201111,16,O3,广州,149.0
20201111,16,O3_24h,广州,164.0
20201111,16,O3_8h,广州,126.0
20201111,16,O3_8h_24h,广州,126.0
20201111,16,CO,广州,0.54
20201111,16,CO_24h,广州,0.67
20201111,17,AQI,广州,55.0
20201111,17,PM2.5,广州,29.0
20201111,17,PM2.5_24h,广州,38.0
20201111,17,PM10,广州,59.0
20201111,17,PM10_24h,广州,80.0
20201111,17,SO2,广州,9.0
20201111,17,SO2_24h,广州,10.0
20201111,17,NO2,广州,27.0
20201111,17,NO2_24h,广州,45.0
20201111,17,O3,广州,145.0
20201111,17,O3_24h,广州,152.0
20201111,17,O3_8h,广州,133.0
20201111,17,O3_8h_24h,广州,133.0
20201111,17,CO,广州,0.57
20201111,17,CO_24h,广州,0.66
20201111,18,AQI,广州,58.0
20201111,18,PM2.5,广州,32.0
20201111,18,PM2.5_24h,广州,37.0
20201111,18,PM10,广州,66.0
20201111,18,PM10_24h,广州,79.0
20201111,18,SO2,广州,9.0
20201111,18,SO2_24h,广州,10.0
20201111,18,NO2,广州,39.0
20201111,18,NO2_24h,广州,45.0
20201111,18,O3,广州,123.0
20201111,18,O3_24h,广州,151.0
20201111,18,O3_8h,广州,136.0
20201111,18,O3_8h_24h,广州,136.0
20201111,18,CO,广州,0.65
20201111,18,CO_24h,广州,0.66
20201111,19,AQI,广州,69.0
20201111,19,PM2.5,广州,41.0
20201111,19,PM2.5_24h,广州,37.0
20201111,19,PM10,广州,87.0
20201111,19,PM10_24h,广州,79.0
20201111,19,SO2,广州,10.0
20201111,19,SO2_24h,广州,10.0
20201111,19,NO2,广州,67.0
20201111,19,NO2_24h,广州,45.0
20201111,19,O3,广州,81.0
20201111,19,O3_24h,广州,151.0
20201111,19,O3_8h,广州,131.0
20201111,19,O3_8h_24h,广州,136.0
20201111,19,CO,广州,0.77
20201111,19,CO_24h,广州,0.66
20201111,20,AQI,广州,74.0
20201111,20,PM2.5,广州,46.0
20201111,20,PM2.5_24h,广州,37.0
20201111,20,PM10,广州,97.0
20201111,20,PM10_24h,广州,79.0
20201111,20,SO2,广州,11.0
20201111,20,SO2_24h,广州,10.0
20201111,20,NO2,广州,77.0
20201111,20,NO2_24h,广州,46.0
20201111,20,O3,广州,63.0
20201111,20,O3_24h,广州,151.0
20201111,20,O3_8h,广州,124.0
20201111,20,O3_8h_24h,广州,136.0
20201111,20,CO,广州,0.83
20201111,20,CO_24h,广州,0.67
20201111,21,AQI,广州,77.0
20201111,21,PM2.5,广州,50.0
20201111,21,PM2.5_24h,广州,37.0
20201111,21,PM10,广州,104.0
20201111,21,PM10_24h,广州,79.0
20201111,21,SO2,广州,12.0
20201111,21,SO2_24h,广州,10.0
20201111,21,NO2,广州,90.0
20201111,21,NO2_24h,广州,46.0
20201111,21,O3,广州,45.0
20201111,21,O3_24h,广州,151.0
20201111,21,O3_8h,广州,112.0
20201111,21,O3_8h_24h,广州,136.0
20201111,21,CO,广州,0.87
20201111,21,CO_24h,广州,0.68
20201111,22,AQI,广州,78.0
20201111,22,PM2.5,广州,52.0
20201111,22,PM2.5_24h,广州,37.0
20201111,22,PM10,广州,106.0
20201111,22,PM10_24h,广州,79.0
20201111,22,SO2,广州,12.0
20201111,22,SO2_24h,广州,10.0
20201111,22,NO2,广州,95.0
20201111,22,NO2_24h,广州,47.0
20201111,22,O3,广州,34.0
20201111,22,O3_24h,广州,151.0
20201111,22,O3_8h,广州,98.0
20201111,22,O3_8h_24h,广州,136.0
20201111,22,CO,广州,0.87
20201111,22,CO_24h,广州,0.68
20201111,23,AQI,广州,75.0
20201111,23,PM2.5,广州,49.0
20201111,23,PM2.5_24h,广州,38.0
20201111,23,PM10,广州,99.0
20201111,23,PM10_24h,广州,79.0
20201111,23,SO2,广州,12.0
20201111,23,SO2_24h,广州,10.0
20201111,23,NO2,广州,88.0
20201111,23,NO2_24h,广州,47.0
20201111,23,O3,广州,34.0
20201111,23,O3_24h,广州,151.0
20201111,23,O3_8h,广州,84.0
20201111,23,O3_8h_24h,广州,136.0
20201111,23,CO,广州,0.82
20201111,23,CO_24h,广州,0.68
20201111,0,AQI,深圳,58.0
20201111,0,PM2.5,深圳,27.0
20201111,0,PM2.5_24h,深圳,37.0
20201111,0,PM10,深圳,66.0
20201111,0,PM10_24h,深圳,83.0
20201111,0,SO2,深圳,7.0
20201111,0,SO2_24h,深圳,11.0
20201111,0,NO2,深圳,23.0
20201111,0,NO2_24h,深圳,27.0
20201111,0,O3,深圳,74.0
20201111,0,O3_24h,深圳,146.0
20201111,0,O3_8h,深圳,98.0
20201111,0,O3_8h_24h,深圳,130.0
20201111,0,CO,深圳,0.55
20201111,0,CO_24h,深圳,0.62
20201111,1,AQI,深圳,59.0
20201111,1,PM2.5,深圳,27.0
20201111,1,PM2.5_24h,深圳,37.0
20201111,1,PM10,深圳,67.0
20201111,1,PM10_24h,深圳,83.0
20201111,1,SO2,深圳,7.0
20201111,1,SO2_24h,深圳,10.0
20201111,1,NO2,深圳,22.0
20201111,1,NO2_24h,深圳,26.0
20201111,1,O3,深圳,68.0
20201111,1,O3_24h,深圳,146.0
20201111,1,O3_8h,深圳,68.0
20201111,1,O3_8h_24h,深圳,68.0
20201111,1,CO,深圳,0.55
20201111,1,CO_24h,深圳,0.62
20201111,2,AQI,深圳,62.0
20201111,2,PM2.5,深圳,30.0
20201111,2,PM2.5_24h,深圳,37.0
20201111,2,PM10,深圳,73.0
20201111,2,PM10_24h,深圳,83.0
20201111,2,SO2,深圳,6.0
20201111,2,SO2_24h,深圳,10.0
20201111,2,NO2,深圳,26.0
20201111,2,NO2_24h,深圳,27.0
20201111,2,O3,深圳,60.0
20201111,2,O3_24h,深圳,146.0
20201111,2,O3_8h,深圳,64.0
20201111,2,O3_8h_24h,深圳,69.0
20201111,2,CO,深圳,0.54
20201111,2,CO_24h,深圳,0.63
20201111,3,AQI,深圳,64.0
20201111,3,PM2.5,深圳,33.0
20201111,3,PM2.5_24h,深圳,37.0
20201111,3,PM10,深圳,77.0
20201111,3,PM10_24h,深圳,83.0
20201111,3,SO2,深圳,7.0
20201111,3,SO2_24h,深圳,10.0
20201111,3,NO2,深圳,30.0
20201111,3,NO2_24h,深圳,27.0
20201111,3,O3,深圳,58.0
20201111,3,O3_24h,深圳,146.0
20201111,3,O3_8h,深圳,62.0
20201111,3,O3_8h_24h,深圳,70.0
20201111,3,CO,深圳,0.57
20201111,3,CO_24h,深圳,0.63
20201111,4,AQI,深圳,64.0
20201111,4,PM2.5,深圳,34.0
20201111,4,PM2.5_24h,深圳,37.0
20201111,4,PM10,深圳,78.0
20201111,4,PM10_24h,深圳,83.0
20201111,4,SO2,深圳,8.0
20201111,4,SO2_24h,深圳,10.0
20201111,4,NO2,深圳,29.0
20201111,4,NO2_24h,深圳,27.0
20201111,4,O3,深圳,55.0
20201111,4,O3_24h,深圳,146.0
20201111,4,O3_8h,深圳,60.0
20201111,4,O3_8h_24h,深圳,70.0
20201111,4,CO,深圳,0.58
20201111,4,CO_24h,深圳,0.63
20201111,5,AQI,深圳,67.0
20201111,5,PM2.5,深圳,38.0
20201111,5,PM2.5_24h,深圳,37.0
20201111,5,PM10,深圳,84.0
20201111,5,PM10_24h,深圳,83.0
20201111,5,SO2,深圳,8.0
20201111,5,SO2_24h,深圳,9.0
20201111,5,NO2,深圳,36.0
20201111,5,NO2_24h,深圳,28.0
20201111,5,O3,深圳,48.0
20201111,5,O3_24h,深圳,146.0
20201111,5,O3_8h,深圳,58.0
20201111,5,O3_8h_24h,深圳,70.0
20201111,5,CO,深圳,0.61
20201111,5,CO_24h,深圳,0.62
20201111,6,AQI,深圳,63.0
20201111,6,PM2.5,深圳,36.0
20201111,6,PM2.5_24h,深圳,37.0
20201111,6,PM10,深圳,76.0
20201111,6,PM10_24h,深圳,83.0
20201111,6,SO2,深圳,10.0
20201111,6,SO2_24h,深圳,9.0
20201111,6,NO2,深圳,29.0
20201111,6,NO2_24h,深圳,29.0
20201111,6,O3,深圳,60.0
20201111,6,O3_24h,深圳,146.0
20201111,6,O3_8h,深圳,58.0
20201111,6,O3_8h_24h,深圳,70.0
20201111,6,CO,深圳,0.56
20201111,6,CO_24h,深圳,0.62
20201111,8,AQI,深圳,59.0
20201111,8,PM2.5,深圳,31.0
20201111,8,PM2.5_24h,深圳,37.0
20201111,8,PM10,深圳,68.0
20201111,8,PM10_24h,深圳,83.0
20201111,8,SO2,深圳,10.0
20201111,8,SO2_24h,深圳,9.0
20201111,8,NO2,深圳,31.0
20201111,8,NO2_24h,深圳,29.0
20201111,8,O3,深圳,66.0
20201111,8,O3_24h,深圳,146.0
20201111,8,O3_8h,深圳,60.0
20201111,8,O3_8h_24h,深圳,70.0
20201111,8,CO,深圳,0.58
20201111,8,CO_24h,深圳,0.62
20201111,10,AQI,深圳,58.0
20201111,10,PM2.5,深圳,28.0
20201111,10,PM2.5_24h,深圳,36.0
20201111,10,PM10,深圳,65.0
20201111,10,PM10_24h,深圳,81.0
20201111,10,SO2,深圳,9.0
20201111,10,SO2_24h,深圳,9.0
20201111,10,NO2,深圳,26.0
20201111,10,NO2_24h,深圳,29.0
20201111,10,O3,深圳,80.0
20201111,10,O3_24h,深圳,146.0
20201111,10,O3_8h,深圳,63.0
20201111,10,O3_8h_24h,深圳,71.0
20201111,10,CO,深圳,0.55
20201111,10,CO_24h,深圳,0.61
20201111,11,AQI,深圳,56.0
20201111,11,PM2.5,深圳,26.0
20201111,11,PM2.5_24h,深圳,35.0
20201111,11,PM10,深圳,61.0
20201111,11,PM10_24h,深圳,80.0
20201111,11,SO2,深圳,9.0
20201111,11,SO2_24h,深圳,9.0
20201111,11,NO2,深圳,22.0
20201111,11,NO2_24h,深圳,29.0
20201111,11,O3,深圳,94.0
20201111,11,O3_24h,深圳,146.0
20201111,11,O3_8h,深圳,67.0
20201111,11,O3_8h_24h,深圳,73.0
20201111,11,CO,深圳,0.54
20201111,11,CO_24h,深圳,0.6
20201111,12,AQI,深圳,55.0
20201111,12,PM2.5,深圳,25.0
20201111,12,PM2.5_24h,深圳,35.0
20201111,12,PM10,深圳,59.0
20201111,12,PM10_24h,深圳,79.0
20201111,12,SO2,深圳,8.0
20201111,12,SO2_24h,深圳,9.0
20201111,12,NO2,深圳,20.0
20201111,12,NO2_24h,深圳,28.0
20201111,12,O3,深圳,107.0
20201111,12,O3_24h,深圳,146.0
20201111,12,O3_8h,深圳,74.0
20201111,12,O3_8h_24h,深圳,76.0
20201111,12,CO,深圳,0.51
20201111,12,CO_24h,深圳,0.6
20201111,13,AQI,深圳,55.0
20201111,13,PM2.5,深圳,26.0
20201111,13,PM2.5_24h,深圳,35.0
20201111,13,PM10,深圳,59.0
20201111,13,PM10_24h,深圳,77.0
20201111,13,SO2,深圳,8.0
20201111,13,SO2_24h,深圳,9.0
20201111,13,NO2,深圳,18.0
20201111,13,NO2_24h,深圳,28.0
20201111,13,O3,深圳,124.0
20201111,13,O3_24h,深圳,146.0
20201111,13,O3_8h,深圳,83.0
20201111,13,O3_8h_24h,深圳,83.0
20201111,13,CO,深圳,0.51
20201111,13,CO_24h,深圳,0.59
20201111,14,AQI,深圳,53.0
20201111,14,PM2.5,深圳,25.0
20201111,14,PM2.5_24h,深圳,34.0
20201111,14,PM10,深圳,56.0
20201111,14,PM10_24h,深圳,76.0
20201111,14,SO2,深圳,8.0
20201111,14,SO2_24h,深圳,9.0
20201111,14,NO2,深圳,16.0
20201111,14,NO2_24h,深圳,27.0
20201111,14,O3,深圳,138.0
20201111,14,O3_24h,深圳,147.0
20201111,14,O3_8h,深圳,93.0
20201111,14,O3_8h_24h,深圳,93.0
20201111,14,CO,深圳,0.5
20201111,14,CO_24h,深圳,0.58
20201111,15,AQI,深圳,54.0
20201111,15,PM2.5,深圳,26.0
20201111,15,PM2.5_24h,深圳,33.0
20201111,15,PM10,深圳,58.0
20201111,15,PM10_24h,深圳,74.0
20201111,15,SO2,深圳,8.0
20201111,15,SO2_24h,深圳,8.0
20201111,15,NO2,深圳,16.0
20201111,15,NO2_24h,深圳,27.0
20201111,15,O3,深圳,145.0
20201111,15,O3_24h,深圳,147.0
20201111,15,O3_8h,深圳,103.0
20201111,15,O3_8h_24h,深圳,103.0
20201111,15,CO,深圳,0.49
20201111,15,CO_24h,深圳,0.56
20201111,16,AQI,深圳,55.0
20201111,16,PM2.5,深圳,28.0
20201111,16,PM2.5_24h,深圳,33.0
20201111,16,PM10,深圳,60.0
20201111,16,PM10_24h,深圳,73.0
20201111,16,SO2,深圳,8.0
20201111,16,SO2_24h,深圳,8.0
20201111,16,NO2,深圳,18.0
20201111,16,NO2_24h,深圳,27.0
20201111,16,O3,深圳,146.0
20201111,16,O3_24h,深圳,147.0
20201111,16,O3_8h,深圳,113.0
20201111,16,O3_8h_24h,深圳,113.0
20201111,16,CO,深圳,0.5
20201111,16,CO_24h,深圳,0.56
20201111,17,AQI,深圳,56.0
20201111,17,PM2.5,深圳,27.0
20201111,17,PM2.5_24h,深圳,32.0
20201111,17,PM10,深圳,61.0
20201111,17,PM10_24h,深圳,72.0
20201111,17,SO2,深圳,7.0
20201111,17,SO2_24h,深圳,8.0
20201111,17,NO2,深圳,20.0
20201111,17,NO2_24h,深圳,26.0
20201111,17,O3,深圳,140.0
20201111,17,O3_24h,深圳,147.0
20201111,17,O3_8h,深圳,121.0
20201111,17,O3_8h_24h,深圳,121.0
20201111,17,CO,深圳,0.49
20201111,17,CO_24h,深圳,0.56
20201111,18,AQI,深圳,61.0
20201111,18,PM2.5,深圳,29.0
20201111,18,PM2.5_24h,深圳,31.0
20201111,18,PM10,深圳,72.0
20201111,18,PM10_24h,深圳,71.0
20201111,18,SO2,深圳,7.0
20201111,18,SO2_24h,深圳,8.0
20201111,18,NO2,深圳,28.0
20201111,18,NO2_24h,深圳,26.0
20201111,18,O3,深圳,122.0
20201111,18,O3_24h,深圳,147.0
20201111,18,O3_8h,深圳,126.0
20201111,18,O3_8h_24h,深圳,126.0
20201111,18,CO,深圳,0.49
20201111,18,CO_24h,深圳,0.55
20201111,19,AQI,深圳,57.0
20201111,19,PM2.5,深圳,28.0
20201111,19,PM2.5_24h,深圳,30.0
20201111,19,PM10,深圳,63.0
20201111,19,PM10_24h,深圳,69.0
20201111,19,SO2,深圳,6.0
20201111,19,SO2_24h,深圳,8.0
20201111,19,NO2,深圳,28.0
20201111,19,NO2_24h,深圳,26.0
20201111,19,O3,深圳,104.0
20201111,19,O3_24h,深圳,147.0
20201111,19,O3_8h,深圳,128.0
20201111,19,O3_8h_24h,深圳,128.0
20201111,19,CO,深圳,0.54
20201111,19,CO_24h,深圳,0.55
20201111,20,AQI,深圳,56.0
20201111,20,PM2.5,深圳,28.0
20201111,20,PM2.5_24h,深圳,30.0
20201111,20,PM10,深圳,62.0
20201111,20,PM10_24h,深圳,68.0
20201111,20,SO2,深圳,6.0
20201111,20,SO2_24h,深圳,8.0
20201111,20,NO2,深圳,28.0
20201111,20,NO2_24h,深圳,25.0
20201111,20,O3,深圳,91.0
20201111,20,O3_24h,深圳,147.0
20201111,20,O3_8h,深圳,126.0
20201111,20,O3_8h_24h,深圳,128.0
20201111,20,CO,深圳,0.55
20201111,20,CO_24h,深圳,0.54
20201111,21,AQI,深圳,56.0
20201111,21,PM2.5,深圳,26.0
20201111,21,PM2.5_24h,深圳,29.0
20201111,21,PM10,深圳,61.0
20201111,21,PM10_24h,深圳,67.0
20201111,21,SO2,深圳,6.0
20201111,21,SO2_24h,深圳,8.0
20201111,21,NO2,深圳,33.0
20201111,21,NO2_24h,深圳,25.0
20201111,21,O3,深圳,79.0
20201111,21,O3_24h,深圳,147.0
20201111,21,O3_8h,深圳,120.0
20201111,21,O3_8h_24h,深圳,128.0
20201111,21,CO,深圳,0.55
20201111,21,CO_24h,深圳,0.54
20201111,22,AQI,深圳,55.0
20201111,22,PM2.5,深圳,24.0
20201111,22,PM2.5_24h,深圳,29.0
20201111,22,PM10,深圳,59.0
20201111,22,PM10_24h,深圳,66.0
20201111,22,SO2,深圳,6.0
20201111,22,SO2_24h,深圳,8.0
20201111,22,NO2,深圳,38.0
20201111,22,NO2_24h,深圳,26.0
20201111,22,O3,深圳,71.0
20201111,22,O3_24h,深圳,147.0
20201111,22,O3_8h,深圳,111.0
20201111,22,O3_8h_24h,深圳,128.0
20201111,22,CO,深圳,0.56
20201111,22,CO_24h,深圳,0.55
20201111,23,AQI,深圳,52.0
20201111,23,PM2.5,深圳,22.0
20201111,23,PM2.5_24h,深圳,29.0
20201111,23,PM10,深圳,54.0
20201111,23,PM10_24h,深圳,66.0
20201111,23,SO2,深圳,6.0
20201111,23,SO2_24h,深圳,8.0
20201111,23,NO2,深圳,36.0
20201111,23,NO2_24h,深圳,26.0
20201111,23,O3,深圳,70.0
20201111,23,O3_24h,深圳,147.0
20201111,23,O3_8h,深圳,101.0
20201111,23,O3_8h_24h,深圳,128.0
20201111,23,CO,深圳,0.53
20201111,23,CO_24h,深圳,0.54
20201111,0,AQI,珠海,58.0
20201111,0,PM2.5,珠海,30.0
20201111,0,PM2.5_24h,珠海,39.0
20201111,0,PM10,珠海,65.0
20201111,0,PM10_24h,珠海,89.0
20201111,0,SO2,珠海,7.0
20201111,0,SO2_24h,珠海,12.0
20201111,0,NO2,珠海,32.0
20201111,0,NO2_24h,珠海,36.0
20201111,0,O3,珠海,85.0
20201111,0,O3_24h,珠海,206.0
20201111,0,O3_8h,珠海,115.0
20201111,0,O3_8h_24h,珠海,162.0
20201111,0,CO,珠海,0.63
20201111,0,CO_24h,珠海,0.65
20201111,1,AQI,珠海,55.0
20201111,1,PM2.5,珠海,28.0
20201111,1,PM2.5_24h,珠海,38.0
20201111,1,PM10,珠海,60.0
20201111,1,PM10_24h,珠海,88.0
20201111,1,SO2,珠海,6.0
20201111,1,SO2_24h,珠海,11.0
20201111,1,NO2,珠海,33.0
20201111,1,NO2_24h,珠海,35.0
20201111,1,O3,珠海,75.0
20201111,1,O3_24h,珠海,206.0
20201111,1,O3_8h,珠海,75.0
20201111,1,O3_8h_24h,珠海,75.0
20201111,1,CO,珠海,0.58
20201111,1,CO_24h,珠海,0.63
20201111,2,AQI,珠海,57.0
20201111,2,PM2.5,珠海,28.0
20201111,2,PM2.5_24h,珠海,38.0
20201111,2,PM10,珠海,63.0
20201111,2,PM10_24h,珠海,87.0
20201111,2,SO2,珠海,5.0
20201111,2,SO2_24h,珠海,11.0
20201111,2,NO2,珠海,40.0
20201111,2,NO2_24h,珠海,35.0
20201111,2,O3,珠海,67.0
20201111,2,O3_24h,珠海,206.0
20201111,2,O3_8h,珠海,71.0
20201111,2,O3_8h_24h,珠海,75.0
20201111,2,CO,珠海,0.55
20201111,2,CO_24h,珠海,0.63
20201111,3,AQI,珠海,56.0
20201111,3,PM2.5,珠海,26.0
20201111,3,PM2.5_24h,珠海,37.0
20201111,3,PM10,珠海,61.0
20201111,3,PM10_24h,珠海,86.0
20201111,3,SO2,珠海,5.0
20201111,3,SO2_24h,珠海,10.0
20201111,3,NO2,珠海,33.0
20201111,3,NO2_24h,珠海,35.0
20201111,3,O3,珠海,75.0
20201111,3,O3_24h,珠海,206.0
20201111,3,O3_8h,珠海,72.0
20201111,3,O3_8h_24h,珠海,76.0
20201111,3,CO,珠海,0.53
20201111,3,CO_24h,珠海,0.6
20201111,4,AQI,珠海,57.0
20201111,4,PM2.5,珠海,27.0
20201111,4,PM2.5_24h,珠海,37.0
20201111,4,PM10,珠海,63.0
20201111,4,PM10_24h,珠海,85.0
20201111,4,SO2,珠海,6.0
20201111,4,SO2_24h,珠海,10.0
20201111,4,NO2,珠海,32.0
20201111,4,NO2_24h,珠海,36.0
20201111,4,O3,珠海,71.0
20201111,4,O3_24h,珠海,206.0
20201111,4,O3_8h,珠海,72.0
20201111,4,O3_8h_24h,珠海,76.0
20201111,4,CO,珠海,0.53
20201111,4,CO_24h,珠海,0.6
20201111,5,AQI,珠海,59.0
20201111,5,PM2.5,珠海,31.0
20201111,5,PM2.5_24h,珠海,37.0
20201111,5,PM10,珠海,67.0
20201111,5,PM10_24h,珠海,85.0
20201111,5,SO2,珠海,6.0
20201111,5,SO2_24h,珠海,10.0
20201111,5,NO2,珠海,36.0
20201111,5,NO2_24h,珠海,36.0
20201111,5,O3,珠海,60.0
20201111,5,O3_24h,珠海,206.0
20201111,5,O3_8h,珠海,69.0
20201111,5,O3_8h_24h,珠海,76.0
20201111,5,CO,珠海,0.55
20201111,5,CO_24h,珠海,0.6
20201111,6,AQI,珠海,61.0
20201111,6,PM2.5,珠海,31.0
20201111,6,PM2.5_24h,珠海,37.0
20201111,6,PM10,珠海,71.0
20201111,6,PM10_24h,珠海,84.0
20201111,6,SO2,珠海,9.0
20201111,6,SO2_24h,珠海,9.0
20201111,6,NO2,珠海,43.0
20201111,6,NO2_24h,珠海,36.0
20201111,6,O3,珠海,56.0
20201111,6,O3_24h,珠海,206.0
20201111,6,O3_8h,珠海,67.0
20201111,6,O3_8h_24h,珠海,76.0
20201111,6,CO,珠海,0.57
20201111,6,CO_24h,珠海,0.6
20201111,8,AQI,珠海,61.0
20201111,8,PM2.5,珠海,33.0
20201111,8,PM2.5_24h,珠海,37.0
20201111,8,PM10,珠海,72.0
20201111,8,PM10_24h,珠海,84.0
20201111,8,SO2,珠海,9.0
20201111,8,SO2_24h,珠海,9.0
20201111,8,NO2,珠海,49.0
20201111,8,NO2_24h,珠海,37.0
20201111,8,O3,珠海,60.0
20201111,8,O3_24h,珠海,206.0
20201111,8,O3_8h,珠海,66.0
20201111,8,O3_8h_24h,珠海,76.0
20201111,8,CO,珠海,0.6
20201111,8,CO_24h,珠海,0.6
20201111,10,AQI,珠海,61.0
20201111,10,PM2.5,珠海,29.0
20201111,10,PM2.5_24h,珠海,36.0
20201111,10,PM10,珠海,71.0
20201111,10,PM10_24h,珠海,82.0
20201111,10,SO2,珠海,9.0
20201111,10,SO2_24h,珠海,8.0
20201111,10,NO2,珠海,42.0
20201111,10,NO2_24h,珠海,38.0
20201111,10,O3,珠海,78.0
20201111,10,O3_24h,珠海,206.0
20201111,10,O3_8h,珠海,66.0
20201111,10,O3_8h_24h,珠海,76.0
20201111,10,CO,珠海,0.53
20201111,10,CO_24h,珠海,0.6
20201111,11,AQI,珠海,61.0
20201111,11,PM2.5,珠海,30.0
20201111,11,PM2.5_24h,珠海,36.0
20201111,11,PM10,珠海,71.0
20201111,11,PM10_24h,珠海,81.0
20201111,11,SO2,珠海,10.0
20201111,11,SO2_24h,珠海,8.0
20201111,11,NO2,珠海,38.0
20201111,11,NO2_24h,珠海,38.0
20201111,11,O3,珠海,91.0
20201111,11,O3_24h,珠海,206.0
20201111,11,O3_8h,珠海,68.0
20201111,11,O3_8h_24h,珠海,77.0
20201111,11,CO,珠海,0.53
20201111,11,CO_24h,珠海,0.6
20201111,12,AQI,珠海,64.0
20201111,12,PM2.5,珠海,33.0
20201111,12,PM2.5_24h,珠海,36.0
20201111,12,PM10,珠海,78.0
20201111,12,PM10_24h,珠海,80.0
20201111,12,SO2,珠海,9.0
20201111,12,SO2_24h,珠海,8.0
20201111,12,NO2,珠海,32.0
20201111,12,NO2_24h,珠海,38.0
20201111,12,O3,珠海,114.0
20201111,12,O3_24h,珠海,206.0
20201111,12,O3_8h,珠海,73.0
20201111,12,O3_8h_24h,珠海,79.0
20201111,12,CO,珠海,0.55
20201111,12,CO_24h,珠海,0.6
20201111,13,AQI,珠海,66.0
20201111,13,PM2.5,珠海,33.0
20201111,13,PM2.5_24h,珠海,35.0
20201111,13,PM10,珠海,82.0
20201111,13,PM10_24h,珠海,80.0
20201111,13,SO2,珠海,9.0
20201111,13,SO2_24h,珠海,8.0
20201111,13,NO2,珠海,25.0
20201111,13,NO2_24h,珠海,38.0
20201111,13,O3,珠海,139.0
20201111,13,O3_24h,珠海,206.0
20201111,13,O3_8h,珠海,83.0
20201111,13,O3_8h_24h,珠海,84.0
20201111,13,CO,珠海,0.53
20201111,13,CO_24h,珠海,0.6
20201111,14,AQI,珠海,65.0
20201111,14,PM2.5,珠海,33.0
20201111,14,PM2.5_24h,珠海,34.0
20201111,14,PM10,珠海,80.0
20201111,14,PM10_24h,珠海,79.0
20201111,14,SO2,珠海,9.0
20201111,14,SO2_24h,珠海,8.0
20201111,14,NO2,珠海,19.0
20201111,14,NO2_24h,珠海,38.0
20201111,14,O3,珠海,168.0
20201111,14,O3_24h,珠海,203.0
20201111,14,O3_8h,珠海,97.0
20201111,14,O3_8h_24h,珠海,97.0
20201111,14,CO,珠海,0.47
20201111,14,CO_24h,珠海,0.6
20201111,15,AQI,珠海,83.0
20201111,15,PM2.5,珠海,34.0
20201111,15,PM2.5_24h,珠海,34.0
20201111,15,PM10,珠海,80.0
20201111,15,PM10_24h,珠海,78.0
20201111,15,SO2,珠海,8.0
20201111,15,SO2_24h,珠海,8.0
20201111,15,NO2,珠海,19.0
20201111,15,NO2_24h,珠海,37.0
20201111,15,O3,珠海,186.0
20201111,15,O3_24h,珠海,200.0
20201111,15,O3_8h,珠海,113.0
20201111,15,O3_8h_24h,珠海,113.0
20201111,15,CO,珠海,0.45
20201111,15,CO_24h,珠海,0.57
20201111,16,AQI,珠海,91.0
20201111,16,PM2.5,珠海,34.0
20201111,16,PM2.5_24h,珠海,34.0
20201111,16,PM10,珠海,81.0
20201111,16,PM10_24h,珠海,76.0
20201111,16,SO2,珠海,8.0
20201111,16,SO2_24h,珠海,8.0
20201111,16,NO2,珠海,21.0
20201111,16,NO2_24h,珠海,37.0
20201111,16,O3,珠海,193.0
20201111,16,O3_24h,珠海,197.0
20201111,16,O3_8h,珠海,130.0
20201111,16,O3_8h_24h,珠海,130.0
20201111,16,CO,珠海,0.45
20201111,16,CO_24h,珠海,0.57
20201111,17,AQI,珠海,85.0
20201111,17,PM2.5,珠海,33.0
20201111,17,PM2.5_24h,珠海,33.0
20201111,17,PM10,珠海,78.0
20201111,17,PM10_24h,珠海,76.0
20201111,17,SO2,珠海,7.0
20201111,17,SO2_24h,珠海,8.0
20201111,17,NO2,珠海,24.0
20201111,17,NO2_24h,珠海,36.0
20201111,17,O3,珠海,188.0
20201111,17,O3_24h,珠海,194.0
20201111,17,O3_8h,珠海,144.0
20201111,17,O3_8h_24h,珠海,144.0
20201111,17,CO,珠海,0.47
20201111,17,CO_24h,珠海,0.55
20201111,18,AQI,珠海,62.0
20201111,18,PM2.5,珠海,32.0
20201111,18,PM2.5_24h,珠海,32.0
20201111,18,PM10,珠海,74.0
20201111,18,PM10_24h,珠海,74.0
20201111,18,SO2,珠海,7.0
20201111,18,SO2_24h,珠海,8.0
20201111,18,NO2,珠海,32.0
20201111,18,NO2_24h,珠海,36.0
20201111,18,O3,珠海,162.0
20201111,18,O3_24h,珠海,193.0
20201111,18,O3_8h,珠海,155.0
20201111,18,O3_8h_24h,珠海,155.0
20201111,18,CO,珠海,0.47
20201111,18,CO_24h,珠海,0.55
20201111,19,AQI,珠海,60.0
20201111,19,PM2.5,珠海,30.0
20201111,19,PM2.5_24h,珠海,32.0
20201111,19,PM10,珠海,69.0
20201111,19,PM10_24h,珠海,74.0
20201111,19,SO2,珠海,6.0
20201111,19,SO2_24h,珠海,8.0
20201111,19,NO2,珠海,28.0
20201111,19,NO2_24h,珠海,35.0
20201111,19,O3,珠海,135.0
20201111,19,O3_24h,珠海,193.0
20201111,19,O3_8h,珠海,160.0
20201111,19,O3_8h_24h,珠海,160.0
20201111,19,CO,珠海,0.47
20201111,19,CO_24h,珠海,0.55
20201111,20,AQI,珠海,56.0
20201111,20,PM2.5,珠海,27.0
20201111,20,PM2.5_24h,珠海,32.0
20201111,20,PM10,珠海,61.0
20201111,20,PM10_24h,珠海,73.0
20201111,20,SO2,珠海,5.0
20201111,20,SO2_24h,珠海,8.0
20201111,20,NO2,珠海,27.0
20201111,20,NO2_24h,珠海,34.0
20201111,20,O3,珠海,123.0
20201111,20,O3_24h,珠海,193.0
20201111,20,O3_8h,珠海,162.0
20201111,20,O3_8h_24h,珠海,162.0
20201111,20,CO,珠海,0.47
20201111,20,CO_24h,珠海,0.53
20201111,21,AQI,珠海,54.0
20201111,21,PM2.5,珠海,26.0
20201111,21,PM2.5_24h,珠海,31.0
20201111,21,PM10,珠海,57.0
20201111,21,PM10_24h,珠海,72.0
20201111,21,SO2,珠海,5.0
20201111,21,SO2_24h,珠海,8.0
20201111,21,NO2,珠海,33.0
20201111,21,NO2_24h,珠海,34.0
20201111,21,O3,珠海,104.0
20201111,21,O3_24h,珠海,193.0
20201111,21,O3_8h,珠海,157.0
20201111,21,O3_8h_24h,珠海,162.0
20201111,21,CO,珠海,0.47
20201111,21,CO_24h,珠海,0.53
20201111,22,AQI,珠海,53.0
20201111,22,PM2.5,珠海,25.0
20201111,22,PM2.5_24h,珠海,31.0
20201111,22,PM10,珠海,56.0
20201111,22,PM10_24h,珠海,70.0
20201111,22,SO2,珠海,5.0
20201111,22,SO2_24h,珠海,8.0
20201111,22,NO2,珠海,42.0
20201111,22,NO2_24h,珠海,34.0
20201111,22,O3,珠海,87.0
20201111,22,O3_24h,珠海,193.0
20201111,22,O3_8h,珠海,147.0
20201111,22,O3_8h_24h,珠海,162.0
20201111,22,CO,珠海,0.5
20201111,22,CO_24h,珠海,0.53
20201111,23,AQI,珠海,52.0
20201111,23,PM2.5,珠海,26.0
20201111,23,PM2.5_24h,珠海,30.0
20201111,23,PM10,珠海,53.0
20201111,23,PM10_24h,珠海,69.0
20201111,23,SO2,珠海,5.0
20201111,23,SO2_24h,珠海,8.0
20201111,23,NO2,珠海,39.0
20201111,23,NO2_24h,珠海,34.0
20201111,23,O3,珠海,79.0
20201111,23,O3_24h,珠海,193.0
20201111,23,O3_8h,珠海,134.0
20201111,23,O3_8h_24h,珠海,162.0
20201111,23,CO,珠海,0.5
20201111,23,CO_24h,珠海,0.5
20201111,0,AQI,佛山,77.0
20201111,0,PM2.5,佛山,46.0
20201111,0,PM2.5_24h,佛山,38.0
20201111,0,PM10,佛山,103.0
20201111,0,PM10_24h,佛山,90.0
20201111,0,SO2,佛山,13.0
20201111,0,SO2_24h,佛山,13.0
20201111,0,NO2,佛山,72.0
20201111,0,NO2_24h,佛山,39.0
20201111,0,O3,佛山,42.0
20201111,0,O3_24h,佛山,176.0
20201111,0,O3_8h,佛山,89.0
20201111,0,O3_8h_24h,佛山,155.0
20201111,0,CO,佛山,0.78
20201111,0,CO_24h,佛山,0.71
20201111,1,AQI,佛山,73.0
20201111,1,PM2.5,佛山,47.0
20201111,1,PM2.5_24h,佛山,38.0
20201111,1,PM10,佛山,96.0
20201111,1,PM10_24h,佛山,91.0
20201111,1,SO2,佛山,14.0
20201111,1,SO2_24h,佛山,13.0
20201111,1,NO2,佛山,64.0
20201111,1,NO2_24h,佛山,41.0
20201111,1,O3,佛山,46.0
20201111,1,O3_24h,佛山,176.0
20201111,1,O3_8h,佛山,46.0
20201111,1,O3_8h_24h,佛山,46.0
20201111,1,CO,佛山,0.72
20201111,1,CO_24h,佛山,0.71
20201111,2,AQI,佛山,71.0
20201111,2,PM2.5,佛山,44.0
20201111,2,PM2.5_24h,佛山,39.0
20201111,2,PM10,佛山,92.0
20201111,2,PM10_24h,佛山,91.0
20201111,2,SO2,佛山,14.0
20201111,2,SO2_24h,佛山,13.0
20201111,2,NO2,佛山,54.0
20201111,2,NO2_24h,佛山,41.0
20201111,2,O3,佛山,55.0
20201111,2,O3_24h,佛山,176.0
20201111,2,O3_8h,佛山,50.0
20201111,2,O3_8h_24h,佛山,50.0
20201111,2,CO,佛山,0.66
20201111,2,CO_24h,佛山,0.71
20201111,3,AQI,佛山,69.0
20201111,3,PM2.5,佛山,42.0
20201111,3,PM2.5_24h,佛山,39.0
20201111,3,PM10,佛山,87.0
20201111,3,PM10_24h,佛山,91.0
20201111,3,SO2,佛山,14.0
20201111,3,SO2_24h,佛山,13.0
20201111,3,NO2,佛山,50.0
20201111,3,NO2_24h,佛山,42.0
20201111,3,O3,佛山,58.0
20201111,3,O3_24h,佛山,176.0
20201111,3,O3_8h,佛山,53.0
20201111,3,O3_8h_24h,佛山,54.0
20201111,3,CO,佛山,0.64
20201111,3,CO_24h,佛山,0.71
20201111,4,AQI,佛山,67.0
20201111,4,PM2.5,佛山,41.0
20201111,4,PM2.5_24h,佛山,39.0
20201111,4,PM10,佛山,84.0
20201111,4,PM10_24h,佛山,91.0
20201111,4,SO2,佛山,14.0
20201111,4,SO2_24h,佛山,13.0
20201111,4,NO2,佛山,46.0
20201111,4,NO2_24h,佛山,43.0
20201111,4,O3,佛山,62.0
20201111,4,O3_24h,佛山,176.0
20201111,4,O3_8h,佛山,55.0
20201111,4,O3_8h_24h,佛山,56.0
20201111,4,CO,佛山,0.63
20201111,4,CO_24h,佛山,0.71
20201111,5,AQI,佛山,68.0
20201111,5,PM2.5,佛山,40.0
20201111,5,PM2.5_24h,佛山,40.0
20201111,5,PM10,佛山,86.0
20201111,5,PM10_24h,佛山,91.0
20201111,5,SO2,佛山,14.0
20201111,5,SO2_24h,佛山,13.0
20201111,5,NO2,佛山,41.0
20201111,5,NO2_24h,佛山,44.0
20201111,5,O3,佛山,68.0
20201111,5,O3_24h,佛山,176.0
20201111,5,O3_8h,佛山,58.0
20201111,5,O3_8h_24h,佛山,58.0
20201111,5,CO,佛山,0.63
20201111,5,CO_24h,佛山,0.7
20201111,6,AQI,佛山,68.0
20201111,6,PM2.5,佛山,40.0
20201111,6,PM2.5_24h,佛山,40.0
20201111,6,PM10,佛山,86.0
20201111,6,PM10_24h,佛山,91.0
20201111,6,SO2,佛山,14.0
20201111,6,SO2_24h,佛山,13.0
20201111,6,NO2,佛山,50.0
20201111,6,NO2_24h,佛山,44.0
20201111,6,O3,佛山,57.0
20201111,6,O3_24h,佛山,176.0
20201111,6,O3_8h,佛山,58.0
20201111,6,O3_8h_24h,佛山,60.0
20201111,6,CO,佛山,0.66
20201111,6,CO_24h,佛山,0.7
20201111,7,AQI,佛山,62.0
20201111,7,PM2.5,佛山,31.0
20201111,7,PM2.5_24h,佛山,37.0
20201111,7,PM10,佛山,74.0
20201111,7,PM10_24h,佛山,90.0
20201111,7,SO2,佛山,11.0
20201111,7,SO2_24h,佛山,11.0
20201111,7,NO2,佛山,57.0
20201111,7,NO2_24h,佛山,58.0
20201111,7,O3,佛山,52.0
20201111,7,O3_24h,佛山,177.0
20201111,7,O3_8h,佛山,48.0
20201111,7,O3_8h_24h,佛山,48.0
20201111,7,CO,佛山,0.7
20201111,7,CO_24h,佛山,0.85
20201111,8,AQI,佛山,70.0
20201111,8,PM2.5,佛山,42.0
20201111,8,PM2.5_24h,佛山,40.0
20201111,8,PM10,佛山,90.0
20201111,8,PM10_24h,佛山,92.0
20201111,8,SO2,佛山,14.0
20201111,8,SO2_24h,佛山,13.0
20201111,8,NO2,佛山,53.0
20201111,8,NO2_24h,佛山,46.0
20201111,8,O3,佛山,56.0
20201111,8,O3_24h,佛山,176.0
20201111,8,O3_8h,佛山,58.0
20201111,8,O3_8h_24h,佛山,60.0
20201111,8,CO,佛山,0.71
20201111,8,CO_24h,佛山,0.7
20201111,10,AQI,佛山,75.0
20201111,10,PM2.5,佛山,41.0
20201111,10,PM2.5_24h,佛山,41.0
20201111,10,PM10,佛山,99.0
20201111,10,PM10_24h,佛山,93.0
20201111,10,SO2,佛山,14.0
20201111,10,SO2_24h,佛山,13.0
20201111,10,NO2,佛山,38.0
20201111,10,NO2_24h,佛山,47.0
20201111,10,O3,佛山,87.0
20201111,10,O3_24h,佛山,176.0
20201111,10,O3_8h,佛山,64.0
20201111,10,O3_8h_24h,佛山,66.0
20201111,10,CO,佛山,0.65
20201111,10,CO_24h,佛山,0.67
20201111,11,AQI,佛山,74.0
20201111,11,PM2.5,佛山,40.0
20201111,11,PM2.5_24h,佛山,41.0
20201111,11,PM10,佛山,98.0
20201111,11,PM10_24h,佛山,93.0
20201111,11,SO2,佛山,13.0
20201111,11,SO2_24h,佛山,13.0
20201111,11,NO2,佛山,32.0
20201111,11,NO2_24h,佛山,47.0
20201111,11,O3,佛山,101.0
20201111,11,O3_24h,佛山,176.0
20201111,11,O3_8h,佛山,69.0
20201111,11,O3_8h_24h,佛山,71.0
20201111,11,CO,佛山,0.62
20201111,11,CO_24h,佛山,0.67
20201111,12,AQI,佛山,71.0
20201111,12,PM2.5,佛山,36.0
20201111,12,PM2.5_24h,佛山,41.0
20201111,12,PM10,佛山,91.0
20201111,12,PM10_24h,佛山,93.0
20201111,12,SO2,佛山,12.0
20201111,12,SO2_24h,佛山,13.0
20201111,12,NO2,佛山,30.0
20201111,12,NO2_24h,佛山,47.0
20201111,12,O3,佛山,118.0
20201111,12,O3_24h,佛山,176.0
20201111,12,O3_8h,佛山,76.0
20201111,12,O3_8h_24h,佛山,76.0
20201111,12,CO,佛山,0.56
20201111,12,CO_24h,佛山,0.69
20201111,13,AQI,佛山,65.0
20201111,13,PM2.5,佛山,31.0
20201111,13,PM2.5_24h,佛山,41.0
20201111,13,PM10,佛山,80.0
20201111,13,PM10_24h,佛山,92.0
20201111,13,SO2,佛山,12.0
20201111,13,SO2_24h,佛山,13.0
20201111,13,NO2,佛山,24.0
20201111,13,NO2_24h,佛山,47.0
20201111,13,O3,佛山,140.0
20201111,13,O3_24h,佛山,176.0
20201111,13,O3_8h,佛山,84.0
20201111,13,O3_8h_24h,佛山,85.0
20201111,13,CO,佛山,0.5
20201111,13,CO_24h,佛山,0.67
20201111,14,AQI,佛山,62.0
20201111,14,PM2.5,佛山,30.0
20201111,14,PM2.5_24h,佛山,40.0
20201111,14,PM10,佛山,74.0
20201111,14,PM10_24h,佛山,91.0
20201111,14,SO2,佛山,11.0
20201111,14,SO2_24h,佛山,13.0
20201111,14,NO2,佛山,22.0
20201111,14,NO2_24h,佛山,47.0
20201111,14,O3,佛山,155.0
20201111,14,O3_24h,佛山,176.0
20201111,14,O3_8h,佛山,95.0
20201111,14,O3_8h_24h,佛山,95.0
20201111,14,CO,佛山,0.49
20201111,14,CO_24h,佛山,0.67
20201111,15,AQI,佛山,60.0
20201111,15,PM2.5,佛山,28.0
20201111,15,PM2.5_24h,佛山,40.0
20201111,15,PM10,佛山,69.0
20201111,15,PM10_24h,佛山,91.0
20201111,15,SO2,佛山,10.0
20201111,15,SO2_24h,佛山,13.0
20201111,15,NO2,佛山,21.0
20201111,15,NO2_24h,佛山,47.0
20201111,15,O3,佛山,158.0
20201111,15,O3_24h,佛山,176.0
20201111,15,O3_8h,佛山,108.0
20201111,15,O3_8h_24h,佛山,108.0
20201111,15,CO,佛山,0.45
20201111,15,CO_24h,佛山,0.66
20201111,16,AQI,佛山,58.0
20201111,16,PM2.5,佛山,28.0
20201111,16,PM2.5_24h,佛山,40.0
20201111,16,PM10,佛山,66.0
20201111,16,PM10_24h,佛山,90.0
20201111,16,SO2,佛山,9.0
20201111,16,SO2_24h,佛山,13.0
20201111,16,NO2,佛山,24.0
20201111,16,NO2_24h,佛山,47.0
20201111,16,O3,佛山,158.0
20201111,16,O3_24h,佛山,168.0
20201111,16,O3_8h,佛山,122.0
20201111,16,O3_8h_24h,佛山,122.0
20201111,16,CO,佛山,0.46
20201111,16,CO_24h,佛山,0.65
20201111,17,AQI,佛山,60.0
20201111,17,PM2.5,佛山,27.0
20201111,17,PM2.5_24h,佛山,39.0
20201111,17,PM10,佛山,70.0
20201111,17,PM10_24h,佛山,89.0
20201111,17,SO2,佛山,9.0
20201111,17,SO2_24h,佛山,13.0
20201111,17,NO2,佛山,30.0
20201111,17,NO2_24h,佛山,47.0
20201111,17,O3,佛山,144.0
20201111,17,O3_24h,佛山,161.0
20201111,17,O3_8h,佛山,132.0
20201111,17,O3_8h_24h,佛山,132.0
20201111,17,CO,佛山,0.47
20201111,17,CO_24h,佛山,0.65
20201111,18,AQI,佛山,61.0
20201111,18,PM2.5,佛山,29.0
20201111,18,PM2.5_24h,佛山,39.0
20201111,18,PM10,佛山,72.0
20201111,18,PM10_24h,佛山,89.0
20201111,18,SO2,佛山,10.0
20201111,18,SO2_24h,佛山,13.0
20201111,18,NO2,佛山,40.0
20201111,18,NO2_24h,佛山,47.0
20201111,18,O3,佛山,115.0
20201111,18,O3_24h,佛山,160.0
20201111,18,O3_8h,佛山,137.0
20201111,18,O3_8h_24h,佛山,137.0
20201111,18,CO,佛山,0.53
20201111,18,CO_24h,佛山,0.65
20201111,19,AQI,佛山,64.0
20201111,19,PM2.5,佛山,31.0
20201111,19,PM2.5_24h,佛山,39.0
20201111,19,PM10,佛山,77.0
20201111,19,PM10_24h,佛山,88.0
20201111,19,SO2,佛山,11.0
20201111,19,SO2_24h,佛山,13.0
20201111,19,NO2,佛山,59.0
20201111,19,NO2_24h,佛山,47.0
20201111,19,O3,佛山,82.0
20201111,19,O3_24h,佛山,160.0
20201111,19,O3_8h,佛山,134.0
20201111,19,O3_8h_24h,佛山,137.0
20201111,19,CO,佛山,0.63
20201111,19,CO_24h,佛山,0.65
20201111,20,AQI,佛山,66.0
20201111,20,PM2.5,佛山,37.0
20201111,20,PM2.5_24h,佛山,39.0
20201111,20,PM10,佛山,82.0
20201111,20,PM10_24h,佛山,88.0
20201111,20,SO2,佛山,13.0
20201111,20,SO2_24h,佛山,13.0
20201111,20,NO2,佛山,73.0
20201111,20,NO2_24h,佛山,48.0
20201111,20,O3,佛山,60.0
20201111,20,O3_24h,佛山,160.0
20201111,20,O3_8h,佛山,126.0
20201111,20,O3_8h_24h,佛山,137.0
20201111,20,CO,佛山,0.69
20201111,20,CO_24h,佛山,0.65
20201111,21,AQI,佛山,72.0
20201111,21,PM2.5,佛山,45.0
20201111,21,PM2.5_24h,佛山,39.0
20201111,21,PM10,佛山,93.0
20201111,21,PM10_24h,佛山,87.0
20201111,21,SO2,佛山,14.0
20201111,21,SO2_24h,佛山,13.0
20201111,21,NO2,佛山,76.0
20201111,21,NO2_24h,佛山,48.0
20201111,21,O3,佛山,49.0
20201111,21,O3_24h,佛山,160.0
20201111,21,O3_8h,佛山,115.0
20201111,21,O3_8h_24h,佛山,137.0
20201111,21,CO,佛山,0.74
20201111,21,CO_24h,佛山,0.65
20201111,22,AQI,佛山,74.0
20201111,22,PM2.5,佛山,45.0
20201111,22,PM2.5_24h,佛山,39.0
20201111,22,PM10,佛山,98.0
20201111,22,PM10_24h,佛山,87.0
20201111,22,SO2,佛山,13.0
20201111,22,SO2_24h,佛山,13.0
20201111,22,NO2,佛山,84.0
20201111,22,NO2_24h,佛山,49.0
20201111,22,O3,佛山,41.0
20201111,22,O3_24h,佛山,160.0
20201111,22,O3_8h,佛山,101.0
20201111,22,O3_8h_24h,佛山,137.0
20201111,22,CO,佛山,0.78
20201111,22,CO_24h,佛山,0.65
20201111,23,AQI,佛山,73.0
20201111,23,PM2.5,佛山,45.0
20201111,23,PM2.5_24h,佛山,38.0
20201111,23,PM10,佛山,96.0
20201111,23,PM10_24h,佛山,86.0
20201111,23,SO2,佛山,13.0
20201111,23,SO2_24h,佛山,13.0
20201111,23,NO2,佛山,90.0
20201111,23,NO2_24h,佛山,49.0
20201111,23,O3,佛山,33.0
20201111,23,O3_24h,佛山,160.0
20201111,23,O3_8h,佛山,84.0
20201111,23,O3_8h_24h,佛山,137.0
20201111,23,CO,佛山,0.76
20201111,23,CO_24h,佛山,0.64
20201111,0,AQI,中山,66.0
20201111,0,PM2.5,中山,45.0
20201111,0,PM2.5_24h,中山,42.0
20201111,0,PM10,中山,81.0
20201111,0,PM10_24h,中山,90.0
20201111,0,SO2,中山,8.0
20201111,0,SO2_24h,中山,16.0
20201111,0,NO2,中山,45.0
20201111,0,NO2_24h,中山,41.0
20201111,0,O3,中山,70.0
20201111,0,O3_24h,中山,213.0
20201111,0,O3_8h,中山,126.0
20201111,0,O3_8h_24h,中山,182.0
20201111,0,CO,中山,0.63
20201111,0,CO_24h,中山,0.6
20201111,1,AQI,中山,63.0
20201111,1,PM2.5,中山,42.0
20201111,1,PM2.5_24h,中山,42.0
20201111,1,PM10,中山,76.0
20201111,1,PM10_24h,中山,90.0
20201111,1,SO2,中山,8.0
20201111,1,SO2_24h,中山,15.0
20201111,1,NO2,中山,39.0
20201111,1,NO2_24h,中山,41.0
20201111,1,O3,中山,68.0
20201111,1,O3_24h,中山,213.0
20201111,1,O3_8h,中山,68.0
20201111,1,O3_8h_24h,中山,68.0
20201111,1,CO,中山,0.6
20201111,1,CO_24h,中山,0.6
20201111,2,AQI,中山,62.0
20201111,2,PM2.5,中山,37.0
20201111,2,PM2.5_24h,中山,42.0
20201111,2,PM10,中山,73.0
20201111,2,PM10_24h,中山,89.0
20201111,2,SO2,中山,7.0
20201111,2,SO2_24h,中山,15.0
20201111,2,NO2,中山,40.0
20201111,2,NO2_24h,中山,42.0
20201111,2,O3,中山,55.0
20201111,2,O3_24h,中山,213.0
20201111,2,O3_8h,中山,62.0
20201111,2,O3_8h_24h,中山,68.0
20201111,2,CO,中山,0.53
20201111,2,CO_24h,中山,0.6
20201111,3,AQI,中山,63.0
20201111,3,PM2.5,中山,37.0
20201111,3,PM2.5_24h,中山,42.0
20201111,3,PM10,中山,75.0
20201111,3,PM10_24h,中山,89.0
20201111,3,SO2,中山,6.0
20201111,3,SO2_24h,中山,14.0
20201111,3,NO2,中山,60.0
20201111,3,NO2_24h,中山,43.0
20201111,3,O3,中山,35.0
20201111,3,O3_24h,中山,213.0
20201111,3,O3_8h,中山,53.0
20201111,3,O3_8h_24h,中山,68.0
20201111,3,CO,中山,0.57
20201111,3,CO_24h,中山,0.63
20201111,4,AQI,中山,68.0
20201111,4,PM2.5,中山,45.0
20201111,4,PM2.5_24h,中山,43.0
20201111,4,PM10,中山,85.0
20201111,4,PM10_24h,中山,90.0
20201111,4,SO2,中山,14.0
20201111,4,SO2_24h,中山,14.0
20201111,4,NO2,中山,96.0
20201111,4,NO2_24h,中山,45.0
20201111,4,O3,中山,13.0
20201111,4,O3_24h,中山,213.0
20201111,4,O3_8h,中山,47.0
20201111,4,O3_8h_24h,中山,68.0
20201111,4,CO,中山,0.85
20201111,4,CO_24h,中山,0.63
20201111,5,AQI,中山,72.0
20201111,5,PM2.5,中山,52.0
20201111,5,PM2.5_24h,中山,43.0
20201111,5,PM10,中山,93.0
20201111,5,PM10_24h,中山,90.0
20201111,5,SO2,中山,16.0
20201111,5,SO2_24h,中山,14.0
20201111,5,NO2,中山,80.0
20201111,5,NO2_24h,中山,47.0
20201111,5,O3,中山,21.0
20201111,5,O3_24h,中山,213.0
20201111,5,O3_8h,中山,41.0
20201111,5,O3_8h_24h,中山,68.0
20201111,5,CO,中山,0.7
20201111,5,CO_24h,中山,0.63
20201111,6,AQI,中山,66.0
20201111,6,PM2.5,中山,47.0
20201111,6,PM2.5_24h,中山,44.0
20201111,6,PM10,中山,82.0
20201111,6,PM10_24h,中山,91.0
20201111,6,SO2,中山,17.0
20201111,6,SO2_24h,中山,14.0
20201111,6,NO2,中山,70.0
20201111,6,NO2_24h,中山,48.0
20201111,6,O3,中山,29.0
20201111,6,O3_24h,中山,213.0
20201111,6,O3_8h,中山,39.0
20201111,6,O3_8h_24h,中山,68.0
20201111,6,CO,中山,0.63
20201111,6,CO_24h,中山,0.63
20201111,8,AQI,中山,67.0
20201111,8,PM2.5,中山,46.0
20201111,8,PM2.5_24h,中山,45.0
20201111,8,PM10,中山,84.0
20201111,8,PM10_24h,中山,91.0
20201111,8,SO2,中山,19.0
20201111,8,SO2_24h,中山,13.0
20201111,8,NO2,中山,82.0
20201111,8,NO2_24h,中山,50.0
20201111,8,O3,中山,25.0
20201111,8,O3_24h,中山,213.0
20201111,8,O3_8h,中山,37.0
20201111,8,O3_8h_24h,中山,68.0
20201111,8,CO,中山,0.7
20201111,8,CO_24h,中山,0.63
20201111,10,AQI,中山,73.0
20201111,10,PM2.5,中山,41.0
20201111,10,PM2.5_24h,中山,46.0
20201111,10,PM10,中山,96.0
20201111,10,PM10_24h,中山,91.0
20201111,10,SO2,中山,18.0
20201111,10,SO2_24h,中山,13.0
20201111,10,NO2,中山,67.0
20201111,10,NO2_24h,中山,53.0
20201111,10,O3,中山,51.0
20201111,10,O3_24h,中山,213.0
20201111,10,O3_8h,中山,30.0
20201111,10,O3_8h_24h,中山,68.0
20201111,10,CO,中山,0.6
20201111,10,CO_24h,中山,0.63
20201111,11,AQI,中山,73.0
20201111,11,PM2.5,中山,40.0
20201111,11,PM2.5_24h,中山,45.0
20201111,11,PM10,中山,96.0
20201111,11,PM10_24h,中山,91.0
20201111,11,SO2,中山,16.0
20201111,11,SO2_24h,中山,13.0
20201111,11,NO2,中山,49.0
20201111,11,NO2_24h,中山,53.0
20201111,11,O3,中山,83.0
20201111,11,O3_24h,中山,213.0
20201111,11,O3_8h,中山,37.0
20201111,11,O3_8h_24h,中山,68.0
20201111,11,CO,中山,0.53
20201111,11,CO_24h,中山,0.63
20201111,12,AQI,中山,67.0
20201111,12,PM2.5,中山,33.0
20201111,12,PM2.5_24h,中山,45.0
20201111,12,PM10,中山,84.0
20201111,12,PM10_24h,中山,91.0
20201111,12,SO2,中山,12.0
20201111,12,SO2_24h,中山,13.0
20201111,12,NO2,中山,30.0
20201111,12,NO2_24h,中山,52.0
20201111,12,O3,中山,118.0
20201111,12,O3_24h,中山,213.0
20201111,12,O3_8h,中山,48.0
20201111,12,O3_8h_24h,中山,68.0
20201111,12,CO,中山,0.4
20201111,12,CO_24h,中山,0.63
20201111,13,AQI,中山,65.0
20201111,13,PM2.5,中山,29.0
20201111,13,PM2.5_24h,中山,44.0
20201111,13,PM10,中山,79.0
20201111,13,PM10_24h,中山,89.0
20201111,13,SO2,中山,11.0
20201111,13,SO2_24h,中山,13.0
20201111,13,NO2,中山,23.0
20201111,13,NO2_24h,中山,52.0
20201111,13,O3,中山,147.0
20201111,13,O3_24h,中山,213.0
20201111,13,O3_8h,中山,64.0
20201111,13,O3_8h_24h,中山,68.0
20201111,13,CO,中山,0.4
20201111,13,CO_24h,中山,0.6
20201111,14,AQI,中山,60.0
20201111,14,PM2.5,中山,28.0
20201111,14,PM2.5_24h,中山,43.0
20201111,14,PM10,中山,69.0
20201111,14,PM10_24h,中山,88.0
20201111,14,SO2,中山,10.0
20201111,14,SO2_24h,中山,13.0
20201111,14,NO2,中山,25.0
20201111,14,NO2_24h,中山,51.0
20201111,14,O3,中山,162.0
20201111,14,O3_24h,中山,213.0
20201111,14,O3_8h,中山,81.0
20201111,14,O3_8h_24h,中山,81.0
20201111,14,CO,中山,0.37
20201111,14,CO_24h,中山,0.6
20201111,15,AQI,中山,64.0
20201111,15,PM2.5,中山,28.0
20201111,15,PM2.5_24h,中山,42.0
20201111,15,PM10,中山,73.0
20201111,15,PM10_24h,中山,86.0
20201111,15,SO2,中山,10.0
20201111,15,SO2_24h,中山,12.0
20201111,15,NO2,中山,25.0
20201111,15,NO2_24h,中山,51.0
20201111,15,O3,中山,171.0
20201111,15,O3_24h,中山,211.0
20201111,15,O3_8h,中山,98.0
20201111,15,O3_8h_24h,中山,98.0
20201111,15,CO,中山,0.37
20201111,15,CO_24h,中山,0.6
20201111,16,AQI,中山,76.0
20201111,16,PM2.5,中山,28.0
20201111,16,PM2.5_24h,中山,42.0
20201111,16,PM10,中山,80.0
20201111,16,PM10_24h,中山,85.0
20201111,16,SO2,中山,11.0
20201111,16,SO2_24h,中山,12.0
20201111,16,NO2,中山,35.0
20201111,16,NO2_24h,中山,51.0
20201111,16,O3,中山,181.0
20201111,16,O3_24h,中山,199.0
20201111,16,O3_8h,中山,118.0
20201111,16,O3_8h_24h,中山,118.0
20201111,16,CO,中山,0.4
20201111,16,CO_24h,中山,0.6
20201111,17,AQI,中山,80.0
20201111,17,PM2.5,中山,31.0
20201111,17,PM2.5_24h,中山,41.0
20201111,17,PM10,中山,72.0
20201111,17,PM10_24h,中山,84.0
20201111,17,SO2,中山,13.0
20201111,17,SO2_24h,中山,12.0
20201111,17,NO2,中山,36.0
20201111,17,NO2_24h,中山,51.0
20201111,17,O3,中山,184.0
20201111,17,O3_24h,中山,184.0
20201111,17,O3_8h,中山,137.0
20201111,17,O3_8h_24h,中山,137.0
20201111,17,CO,中山,0.47
20201111,17,CO_24h,中山,0.57
20201111,18,AQI,中山,60.0
20201111,18,PM2.5,中山,31.0
20201111,18,PM2.5_24h,中山,40.0
20201111,18,PM10,中山,70.0
20201111,18,PM10_24h,中山,83.0
20201111,18,SO2,中山,13.0
20201111,18,SO2_24h,中山,12.0
20201111,18,NO2,中山,48.0
20201111,18,NO2_24h,中山,51.0
20201111,18,O3,中山,154.0
20201111,18,O3_24h,中山,184.0
20201111,18,O3_8h,中山,150.0
20201111,18,O3_8h_24h,中山,150.0
20201111,18,CO,中山,0.5
20201111,18,CO_24h,中山,0.57
20201111,19,AQI,中山,64.0
20201111,19,PM2.5,中山,33.0
20201111,19,PM2.5_24h,中山,39.0
20201111,19,PM10,中山,78.0
20201111,19,PM10_24h,中山,82.0
20201111,19,SO2,中山,12.0
20201111,19,SO2_24h,中山,12.0
20201111,19,NO2,中山,72.0
20201111,19,NO2_24h,中山,51.0
20201111,19,O3,中山,109.0
20201111,19,O3_24h,中山,184.0
20201111,19,O3_8h,中山,153.0
20201111,19,O3_8h_24h,中山,153.0
20201111,19,CO,中山,0.63
20201111,19,CO_24h,中山,0.57
20201111,20,AQI,中山,69.0
20201111,20,PM2.5,中山,37.0
20201111,20,PM2.5_24h,中山,39.0
20201111,20,PM10,中山,88.0
20201111,20,PM10_24h,中山,82.0
20201111,20,SO2,中山,10.0
20201111,20,SO2_24h,中山,12.0
20201111,20,NO2,中山,91.0
20201111,20,NO2_24h,中山,54.0
20201111,20,O3,中山,62.0
20201111,20,O3_24h,中山,184.0
20201111,20,O3_8h,中山,146.0
20201111,20,O3_8h_24h,中山,153.0
20201111,20,CO,中山,0.7
20201111,20,CO_24h,中山,0.53
20201111,21,AQI,中山,76.0
20201111,21,PM2.5,中山,44.0
20201111,21,PM2.5_24h,中山,39.0
20201111,21,PM10,中山,101.0
20201111,21,PM10_24h,中山,82.0
20201111,21,SO2,中山,9.0
20201111,21,SO2_24h,中山,12.0
20201111,21,NO2,中山,98.0
20201111,21,NO2_24h,中山,56.0
20201111,21,O3,中山,37.0
20201111,21,O3_24h,中山,184.0
20201111,21,O3_8h,中山,133.0
20201111,21,O3_8h_24h,中山,153.0
20201111,21,CO,中山,0.73
20201111,21,CO_24h,中山,0.57
20201111,22,AQI,中山,74.0
20201111,22,PM2.5,中山,42.0
20201111,22,PM2.5_24h,中山,39.0
20201111,22,PM10,中山,98.0
20201111,22,PM10_24h,中山,82.0
20201111,22,SO2,中山,7.0
20201111,22,SO2_24h,中山,12.0
20201111,22,NO2,中山,85.0
20201111,22,NO2_24h,中山,58.0
20201111,22,O3,中山,39.0
20201111,22,O3_24h,中山,184.0
20201111,22,O3_8h,中山,117.0
20201111,22,O3_8h_24h,中山,153.0
20201111,22,CO,中山,0.77
20201111,22,CO_24h,中山,0.57
20201111,23,AQI,中山,71.0
20201111,23,PM2.5,中山,42.0
20201111,23,PM2.5_24h,中山,38.0
20201111,23,PM10,中山,91.0
20201111,23,PM10_24h,中山,83.0
20201111,23,SO2,中山,7.0
20201111,23,SO2_24h,中山,12.0
20201111,23,NO2,中山,75.0
20201111,23,NO2_24h,中山,59.0
20201111,23,O3,中山,42.0
20201111,23,O3_24h,中山,184.0
20201111,23,O3_8h,中山,101.0
20201111,23,O3_8h_24h,中山,153.0
20201111,23,CO,中山,0.7
20201111,23,CO_24h,中山,0.57
20201111,0,AQI,江门,85.0
20201111,0,PM2.5,江门,63.0
20201111,0,PM2.5_24h,江门,44.0
20201111,0,PM10,江门,107.0
20201111,0,PM10_24h,江门,86.0
20201111,0,SO2,江门,15.0
20201111,0,SO2_24h,江门,13.0
20201111,0,NO2,江门,104.0
20201111,0,NO2_24h,江门,45.0
20201111,0,O3,江门,24.0
20201111,0,O3_24h,江门,213.0
20201111,0,O3_8h,江门,102.0
20201111,0,O3_8h_24h,江门,179.0
20201111,0,CO,江门,0.97
20201111,0,CO_24h,江门,0.77
20201111,1,AQI,江门,83.0
20201111,1,PM2.5,江门,61.0
20201111,1,PM2.5_24h,江门,44.0
20201111,1,PM10,江门,102.0
20201111,1,PM10_24h,江门,86.0
20201111,1,SO2,江门,16.0
20201111,1,SO2_24h,江门,13.0
20201111,1,NO2,江门,93.0
20201111,1,NO2_24h,江门,48.0
20201111,1,O3,江门,26.0
20201111,1,O3_24h,江门,213.0
20201111,1,O3_8h,江门,26.0
20201111,1,O3_8h_24h,江门,26.0
20201111,1,CO,江门,0.97
20201111,1,CO_24h,江门,0.77
20201111,2,AQI,江门,76.0
20201111,2,PM2.5,江门,54.0
20201111,2,PM2.5_24h,江门,46.0
20201111,2,PM10,江门,101.0
20201111,2,PM10_24h,江门,88.0
20201111,2,SO2,江门,15.0
20201111,2,SO2_24h,江门,13.0
20201111,2,NO2,江门,82.0
20201111,2,NO2_24h,江门,49.0
20201111,2,O3,江门,30.0
20201111,2,O3_24h,江门,213.0
20201111,2,O3_8h,江门,28.0
20201111,2,O3_8h_24h,江门,28.0
20201111,2,CO,江门,0.83
20201111,2,CO_24h,江门,0.83
20201111,3,AQI,江门,67.0
20201111,3,PM2.5,江门,44.0
20201111,3,PM2.5_24h,江门,46.0
20201111,3,PM10,江门,84.0
20201111,3,PM10_24h,江门,88.0
20201111,3,SO2,江门,13.0
20201111,3,SO2_24h,江门,13.0
20201111,3,NO2,江门,65.0
20201111,3,NO2_24h,江门,51.0
20201111,3,O3,江门,41.0
20201111,3,O3_24h,江门,213.0
20201111,3,O3_8h,江门,32.0
20201111,3,O3_8h_24h,江门,32.0
20201111,3,CO,江门,0.7
20201111,3,CO_24h,江门,0.83
20201111,4,AQI,江门,63.0
20201111,4,PM2.5,江门,42.0
20201111,4,PM2.5_24h,江门,46.0
20201111,4,PM10,江门,76.0
20201111,4,PM10_24h,江门,88.0
20201111,4,SO2,江门,13.0
20201111,4,SO2_24h,江门,13.0
20201111,4,NO2,江门,59.0
20201111,4,NO2_24h,江门,52.0
20201111,4,O3,江门,44.0
20201111,4,O3_24h,江门,213.0
20201111,4,O3_8h,江门,35.0
20201111,4,O3_8h_24h,江门,35.0
20201111,4,CO,江门,0.7
20201111,4,CO_24h,江门,0.83
20201111,5,AQI,江门,61.0
20201111,5,PM2.5,江门,36.0
20201111,5,PM2.5_24h,江门,46.0
20201111,5,PM10,江门,72.0
20201111,5,PM10_24h,江门,88.0
20201111,5,SO2,江门,12.0
20201111,5,SO2_24h,江门,13.0
20201111,5,NO2,江门,47.0
20201111,5,NO2_24h,江门,53.0
20201111,5,O3,江门,59.0
20201111,5,O3_24h,江门,213.0
20201111,5,O3_8h,江门,40.0
20201111,5,O3_8h_24h,江门,40.0
20201111,5,CO,江门,0.67
20201111,5,CO_24h,江门,0.83
20201111,6,AQI,江门,59.0
20201111,6,PM2.5,江门,33.0
20201111,6,PM2.5_24h,江门,46.0
20201111,6,PM10,江门,68.0
20201111,6,PM10_24h,江门,88.0
20201111,6,SO2,江门,13.0
20201111,6,SO2_24h,江门,13.0
20201111,6,NO2,江门,39.0
20201111,6,NO2_24h,江门,54.0
20201111,6,O3,江门,73.0
20201111,6,O3_24h,江门,213.0
20201111,6,O3_8h,江门,45.0
20201111,6,O3_8h_24h,江门,45.0
20201111,6,CO,江门,0.67
20201111,6,CO_24h,江门,0.83
20201111,8,AQI,江门,62.0
20201111,8,PM2.5,江门,34.0
20201111,8,PM2.5_24h,江门,46.0
20201111,8,PM10,江门,74.0
20201111,8,PM10_24h,江门,87.0
20201111,8,SO2,江门,13.0
20201111,8,SO2_24h,江门,13.0
20201111,8,NO2,江门,50.0
20201111,8,NO2_24h,江门,55.0
20201111,8,O3,江门,70.0
20201111,8,O3_24h,江门,213.0
20201111,8,O3_8h,江门,52.0
20201111,8,O3_8h_24h,江门,52.0
20201111,8,CO,江门,0.77
20201111,8,CO_24h,江门,0.83
20201111,10,AQI,江门,64.0
20201111,10,PM2.5,江门,31.0
20201111,10,PM2.5_24h,江门,46.0
20201111,10,PM10,江门,78.0
20201111,10,PM10_24h,江门,87.0
20201111,10,SO2,江门,14.0
20201111,10,SO2_24h,江门,13.0
20201111,10,NO2,江门,40.0
20201111,10,NO2_24h,江门,56.0
20201111,10,O3,江门,87.0
20201111,10,O3_24h,江门,213.0
20201111,10,O3_8h,江门,65.0
20201111,10,O3_8h_24h,江门,65.0
20201111,10,CO,江门,0.73
20201111,10,CO_24h,江门,0.83
20201111,11,AQI,江门,63.0
20201111,11,PM2.5,江门,30.0
20201111,11,PM2.5_24h,江门,46.0
20201111,11,PM10,江门,75.0
20201111,11,PM10_24h,江门,87.0
20201111,11,SO2,江门,14.0
20201111,11,SO2_24h,江门,13.0
20201111,11,NO2,江门,32.0
20201111,11,NO2_24h,江门,55.0
20201111,11,O3,江门,108.0
20201111,11,O3_24h,江门,213.0
20201111,11,O3_8h,江门,73.0
20201111,11,O3_8h_24h,江门,73.0
20201111,11,CO,江门,0.7
20201111,11,CO_24h,江门,0.83
20201111,12,AQI,江门,62.0
20201111,12,PM2.5,江门,27.0
20201111,12,PM2.5_24h,江门,45.0
20201111,12,PM10,江门,74.0
20201111,12,PM10_24h,江门,86.0
20201111,12,SO2,江门,13.0
20201111,12,SO2_24h,江门,13.0
20201111,12,NO2,江门,28.0
20201111,12,NO2_24h,江门,55.0
20201111,12,O3,江门,119.0
20201111,12,O3_24h,江门,213.0
20201111,12,O3_8h,江门,83.0
20201111,12,O3_8h_24h,江门,83.0
20201111,12,CO,江门,0.6
20201111,12,CO_24h,江门,0.8
20201111,13,AQI,江门,64.0
20201111,13,PM2.5,江门,30.0
20201111,13,PM2.5_24h,江门,45.0
20201111,13,PM10,江门,77.0
20201111,13,PM10_24h,江门,86.0
20201111,13,SO2,江门,13.0
20201111,13,SO2_24h,江门,13.0
20201111,13,NO2,江门,30.0
20201111,13,NO2_24h,江门,55.0
20201111,13,O3,江门,128.0
20201111,13,O3_24h,江门,213.0
20201111,13,O3_8h,江门,91.0
20201111,13,O3_8h_24h,江门,91.0
20201111,13,CO,江门,0.63
20201111,13,CO_24h,江门,0.8
20201111,14,AQI,江门,63.0
20201111,14,PM2.5,江门,27.0
20201111,14,PM2.5_24h,江门,44.0
20201111,14,PM10,江门,76.0
20201111,14,PM10_24h,江门,86.0
20201111,14,SO2,江门,12.0
20201111,14,SO2_24h,江门,13.0
20201111,14,NO2,江门,24.0
20201111,14,NO2_24h,江门,55.0
20201111,14,O3,江门,145.0
20201111,14,O3_24h,江门,213.0
20201111,14,O3_8h,江门,100.0
20201111,14,O3_8h_24h,江门,100.0
20201111,14,CO,江门,0.6
20201111,14,CO_24h,江门,0.77
20201111,15,AQI,江门,59.0
20201111,15,PM2.5,江门,29.0
20201111,15,PM2.5_24h,江门,43.0
20201111,15,PM10,江门,68.0
20201111,15,PM10_24h,江门,85.0
20201111,15,SO2,江门,12.0
20201111,15,SO2_24h,江门,13.0
20201111,15,NO2,江门,25.0
20201111,15,NO2_24h,江门,55.0
20201111,15,O3,江门,160.0
20201111,15,O3_24h,江门,213.0
20201111,15,O3_8h,江门,111.0
20201111,15,O3_8h_24h,江门,111.0
20201111,15,CO,江门,0.63
20201111,15,CO_24h,江门,0.77
20201111,16,AQI,江门,62.0
20201111,16,PM2.5,江门,28.0
20201111,16,PM2.5_24h,江门,43.0
20201111,16,PM10,江门,74.0
20201111,16,PM10_24h,江门,84.0
20201111,16,SO2,江门,11.0
20201111,16,SO2_24h,江门,13.0
20201111,16,NO2,江门,26.0
20201111,16,NO2_24h,江门,55.0
20201111,16,O3,江门,168.0
20201111,16,O3_24h,江门,212.0
20201111,16,O3_8h,江门,123.0
20201111,16,O3_8h_24h,江门,123.0
20201111,16,CO,江门,0.63
20201111,16,CO_24h,江门,0.77
20201111,17,AQI,江门,61.0
20201111,17,PM2.5,江门,26.0
20201111,17,PM2.5_24h,江门,42.0
20201111,17,PM10,江门,60.0
20201111,17,PM10_24h,江门,83.0
20201111,17,SO2,江门,11.0
20201111,17,SO2_24h,江门,13.0
20201111,17,NO2,江门,26.0
20201111,17,NO2_24h,江门,54.0
20201111,17,O3,江门,169.0
20201111,17,O3_24h,江门,187.0
20201111,17,O3_8h,江门,135.0
20201111,17,O3_8h_24h,江门,135.0
20201111,17,CO,江门,0.63
20201111,17,CO_24h,江门,0.77
20201111,18,AQI,江门,57.0
20201111,18,PM2.5,江门,28.0
20201111,18,PM2.5_24h,江门,41.0
20201111,18,PM10,江门,63.0
20201111,18,PM10_24h,江门,82.0
20201111,18,SO2,江门,11.0
20201111,18,SO2_24h,江门,13.0
20201111,18,NO2,江门,33.0
20201111,18,NO2_24h,江门,54.0
20201111,18,O3,江门,155.0
20201111,18,O3_24h,江门,169.0
20201111,18,O3_8h,江门,144.0
20201111,18,O3_8h_24h,江门,144.0
20201111,18,CO,江门,0.7
20201111,18,CO_24h,江门,0.77
20201111,19,AQI,江门,61.0
20201111,19,PM2.5,江门,34.0
20201111,19,PM2.5_24h,江门,40.0
20201111,19,PM10,江门,71.0
20201111,19,PM10_24h,江门,82.0
20201111,19,SO2,江门,11.0
20201111,19,SO2_24h,江门,13.0
20201111,19,NO2,江门,49.0
20201111,19,NO2_24h,江门,54.0
20201111,19,O3,江门,123.0
20201111,19,O3_24h,江门,169.0
20201111,19,O3_8h,江门,146.0
20201111,19,O3_8h_24h,江门,147.0
20201111,19,CO,江门,0.93
20201111,19,CO_24h,江门,0.77
20201111,20,AQI,江门,68.0
20201111,20,PM2.5,江门,45.0
20201111,20,PM2.5_24h,江门,40.0
20201111,20,PM10,江门,86.0
20201111,20,PM10_24h,江门,81.0
20201111,20,SO2,江门,12.0
20201111,20,SO2_24h,江门,13.0
20201111,20,NO2,江门,89.0
20201111,20,NO2_24h,江门,55.0
20201111,20,O3,江门,66.0
20201111,20,O3_24h,江门,169.0
20201111,20,O3_8h,江门,139.0
20201111,20,O3_8h_24h,江门,147.0
20201111,20,CO,江门,1.23
20201111,20,CO_24h,江门,0.8
20201111,21,AQI,江门,76.0
20201111,21,PM2.5,江门,49.0
20201111,21,PM2.5_24h,江门,39.0
20201111,21,PM10,江门,101.0
20201111,21,PM10_24h,江门,81.0
20201111,21,SO2,江门,12.0
20201111,21,SO2_24h,江门,13.0
20201111,21,NO2,江门,99.0
20201111,21,NO2_24h,江门,56.0
20201111,21,O3,江门,48.0
20201111,21,O3_24h,江门,169.0
20201111,21,O3_8h,江门,129.0
20201111,21,O3_8h_24h,江门,147.0
20201111,21,CO,江门,1.03
20201111,21,CO_24h,江门,0.8
20201111,22,AQI,江门,75.0
20201111,22,PM2.5,江门,51.0
20201111,22,PM2.5_24h,江门,39.0
20201111,22,PM10,江门,99.0
20201111,22,PM10_24h,江门,81.0
20201111,22,SO2,江门,14.0
20201111,22,SO2_24h,江门,13.0
20201111,22,NO2,江门,100.0
20201111,22,NO2_24h,江门,56.0
20201111,22,O3,江门,35.0
20201111,22,O3_24h,江门,169.0
20201111,22,O3_8h,江门,115.0
20201111,22,O3_8h_24h,江门,147.0
20201111,22,CO,江门,1.07
20201111,22,CO_24h,江门,0.8
20201111,23,AQI,江门,74.0
20201111,23,PM2.5,江门,54.0
20201111,23,PM2.5_24h,江门,39.0
20201111,23,PM10,江门,97.0
20201111,23,PM10_24h,江门,80.0
20201111,23,SO2,江门,16.0
20201111,23,SO2_24h,江门,13.0
20201111,23,NO2,江门,106.0
20201111,23,NO2_24h,江门,55.0
20201111,23,O3,江门,22.0
20201111,23,O3_24h,江门,169.0
20201111,23,O3_8h,江门,98.0
20201111,23,O3_8h_24h,江门,147.0
20201111,23,CO,江门,1.07
20201111,23,CO_24h,江门,0.8
20201111,0,AQI,东莞,67.0
20201111,0,PM2.5,东莞,45.0
20201111,0,PM2.5_24h,东莞,36.0
20201111,0,PM10,东莞,83.0
20201111,0,PM10_24h,东莞,71.0
20201111,0,SO2,东莞,15.0
20201111,0,SO2_24h,东莞,14.0
20201111,0,NO2,东莞,57.0
20201111,0,NO2_24h,东莞,32.0
20201111,0,O3,东莞,55.0
20201111,0,O3_24h,东莞,175.0
20201111,0,O3_8h,东莞,90.0
20201111,0,O3_8h_24h,东莞,150.0
20201111,0,CO,东莞,0.72
20201111,0,CO_24h,东莞,0.66
20201111,1,AQI,东莞,62.0
20201111,1,PM2.5,东莞,38.0
20201111,1,PM2.5_24h,东莞,36.0
20201111,1,PM10,东莞,74.0
20201111,1,PM10_24h,东莞,71.0
20201111,1,SO2,东莞,15.0
20201111,1,SO2_24h,东莞,14.0
20201111,1,NO2,东莞,41.0
20201111,1,NO2_24h,东莞,32.0
20201111,1,O3,东莞,73.0
20201111,1,O3_24h,东莞,175.0
20201111,1,O3_8h,东莞,73.0
20201111,1,O3_8h_24h,东莞,73.0
20201111,1,CO,东莞,0.7
20201111,1,CO_24h,东莞,0.66
20201111,2,AQI,东莞,60.0
20201111,2,PM2.5,东莞,34.0
20201111,2,PM2.5_24h,东莞,37.0
20201111,2,PM10,东莞,70.0
20201111,2,PM10_24h,东莞,71.0
20201111,2,SO2,东莞,15.0
20201111,2,SO2_24h,东莞,14.0
20201111,2,NO2,东莞,41.0
20201111,2,NO2_24h,东莞,33.0
20201111,2,O3,东莞,69.0
20201111,2,O3_24h,东莞,175.0
20201111,2,O3_8h,东莞,70.0
20201111,2,O3_8h_24h,东莞,73.0
20201111,2,CO,东莞,0.64
20201111,2,CO_24h,东莞,0.66
20201111,3,AQI,东莞,60.0
20201111,3,PM2.5,东莞,33.0
20201111,3,PM2.5_24h,东莞,37.0
20201111,3,PM10,东莞,69.0
20201111,3,PM10_24h,东莞,71.0
20201111,3,SO2,东莞,15.0
20201111,3,SO2_24h,东莞,14.0
20201111,3,NO2,东莞,47.0
20201111,3,NO2_24h,东莞,34.0
20201111,3,O3,东莞,58.0
20201111,3,O3_24h,东莞,175.0
20201111,3,O3_8h,东莞,67.0
20201111,3,O3_8h_24h,东莞,73.0
20201111,3,CO,东莞,0.64
20201111,3,CO_24h,东莞,0.66
20201111,4,AQI,东莞,59.0
20201111,4,PM2.5,东莞,31.0
20201111,4,PM2.5_24h,东莞,37.0
20201111,4,PM10,东莞,67.0
20201111,4,PM10_24h,东莞,72.0
20201111,4,SO2,东莞,15.0
20201111,4,SO2_24h,东莞,14.0
20201111,4,NO2,东莞,48.0
20201111,4,NO2_24h,东莞,35.0
20201111,4,O3,东莞,57.0
20201111,4,O3_24h,东莞,175.0
20201111,4,O3_8h,东莞,64.0
20201111,4,O3_8h_24h,东莞,73.0
20201111,4,CO,东莞,0.64
20201111,4,CO_24h,东莞,0.66
20201111,5,AQI,东莞,58.0
20201111,5,PM2.5,东莞,30.0
20201111,5,PM2.5_24h,东莞,37.0
20201111,5,PM10,东莞,65.0
20201111,5,PM10_24h,东莞,71.0
20201111,5,SO2,东莞,15.0
20201111,5,SO2_24h,东莞,14.0
20201111,5,NO2,东莞,45.0
20201111,5,NO2_24h,东莞,36.0
20201111,5,O3,东莞,60.0
20201111,5,O3_24h,东莞,175.0
20201111,5,O3_8h,东莞,63.0
20201111,5,O3_8h_24h,东莞,73.0
20201111,5,CO,东莞,0.62
20201111,5,CO_24h,东莞,0.66
20201111,6,AQI,东莞,57.0
20201111,6,PM2.5,东莞,30.0
20201111,6,PM2.5_24h,东莞,37.0
20201111,6,PM10,东莞,64.0
20201111,6,PM10_24h,东莞,71.0
20201111,6,SO2,东莞,15.0
20201111,6,SO2_24h,东莞,14.0
20201111,6,NO2,东莞,41.0
20201111,6,NO2_24h,东莞,36.0
20201111,6,O3,东莞,61.0
20201111,6,O3_24h,东莞,175.0
20201111,6,O3_8h,东莞,63.0
20201111,6,O3_8h_24h,东莞,73.0
20201111,6,CO,东莞,0.62
20201111,6,CO_24h,东莞,0.66
20201111,8,AQI,东莞,58.0
20201111,8,PM2.5,东莞,31.0
20201111,8,PM2.5_24h,东莞,37.0
20201111,8,PM10,东莞,66.0
20201111,8,PM10_24h,东莞,71.0
20201111,8,SO2,东莞,16.0
20201111,8,SO2_24h,东莞,14.0
20201111,8,NO2,东莞,48.0
20201111,8,NO2_24h,东莞,37.0
20201111,8,O3,东莞,60.0
20201111,8,O3_24h,东莞,175.0
20201111,8,O3_8h,东莞,61.0
20201111,8,O3_8h_24h,东莞,73.0
20201111,8,CO,东莞,0.66
20201111,8,CO_24h,东莞,0.66
20201111,10,AQI,东莞,57.0
20201111,10,PM2.5,东莞,31.0
20201111,10,PM2.5_24h,东莞,36.0
20201111,10,PM10,东莞,64.0
20201111,10,PM10_24h,东莞,70.0
20201111,10,SO2,东莞,15.0
20201111,10,SO2_24h,东莞,14.0
20201111,10,NO2,东莞,32.0
20201111,10,NO2_24h,东莞,38.0
20201111,10,O3,东莞,86.0
20201111,10,O3_24h,东莞,175.0
20201111,10,O3_8h,东莞,64.0
20201111,10,O3_8h_24h,东莞,73.0
20201111,10,CO,东莞,0.62
20201111,10,CO_24h,东莞,0.66
20201111,11,AQI,东莞,53.0
20201111,11,PM2.5,东莞,27.0
20201111,11,PM2.5_24h,东莞,36.0
20201111,11,PM10,东莞,56.0
20201111,11,PM10_24h,东莞,69.0
20201111,11,SO2,东莞,14.0
20201111,11,SO2_24h,东莞,14.0
20201111,11,NO2,东莞,22.0
20201111,11,NO2_24h,东莞,38.0
20201111,11,O3,东莞,107.0
20201111,11,O3_24h,东莞,175.0
20201111,11,O3_8h,东莞,70.0
20201111,11,O3_8h_24h,东莞,74.0
20201111,11,CO,东莞,0.58
20201111,11,CO_24h,东莞,0.66
20201111,12,AQI,东莞,52.0
20201111,12,PM2.5,东莞,27.0
20201111,12,PM2.5_24h,东莞,36.0
20201111,12,PM10,东莞,53.0
20201111,12,PM10_24h,东莞,68.0
20201111,12,SO2,东莞,14.0
20201111,12,SO2_24h,东莞,14.0
20201111,12,NO2,东莞,18.0
20201111,12,NO2_24h,东莞,38.0
20201111,12,O3,东莞,120.0
20201111,12,O3_24h,东莞,175.0
20201111,12,O3_8h,东莞,77.0
20201111,12,O3_8h_24h,东莞,78.0
20201111,12,CO,东莞,0.54
20201111,12,CO_24h,东莞,0.66
20201111,13,AQI,东莞,48.0
20201111,13,PM2.5,东莞,26.0
20201111,13,PM2.5_24h,东莞,35.0
20201111,13,PM10,东莞,48.0
20201111,13,PM10_24h,东莞,67.0
20201111,13,SO2,东莞,13.0
20201111,13,SO2_24h,东莞,14.0
20201111,13,NO2,东莞,16.0
20201111,13,NO2_24h,东莞,37.0
20201111,13,O3,东莞,129.0
20201111,13,O3_24h,东莞,175.0
20201111,13,O3_8h,东莞,86.0
20201111,13,O3_8h_24h,东莞,86.0
20201111,13,CO,东莞,0.54
20201111,13,CO_24h,东莞,0.64
20201111,14,AQI,东莞,47.0
20201111,14,PM2.5,东莞,26.0
20201111,14,PM2.5_24h,东莞,34.0
20201111,14,PM10,东莞,47.0
20201111,14,PM10_24h,东莞,66.0
20201111,14,SO2,东莞,13.0
20201111,14,SO2_24h,东莞,14.0
20201111,14,NO2,东莞,15.0
20201111,14,NO2_24h,东莞,37.0
20201111,14,O3,东莞,139.0
20201111,14,O3_24h,东莞,167.0
20201111,14,O3_8h,东莞,96.0
20201111,14,O3_8h_24h,东莞,96.0
20201111,14,CO,东莞,0.5
20201111,14,CO_24h,东莞,0.64
20201111,15,AQI,东莞,48.0
20201111,15,PM2.5,东莞,29.0
20201111,15,PM2.5_24h,东莞,34.0
20201111,15,PM10,东莞,48.0
20201111,15,PM10_24h,东莞,65.0
20201111,15,SO2,东莞,12.0
20201111,15,SO2_24h,东莞,14.0
20201111,15,NO2,东莞,17.0
20201111,15,NO2_24h,东莞,37.0
20201111,15,O3,东莞,147.0
20201111,15,O3_24h,东莞,157.0
20201111,15,O3_8h,东莞,107.0
20201111,15,O3_8h_24h,东莞,107.0
20201111,15,CO,东莞,0.54
20201111,15,CO_24h,东莞,0.64
20201111,16,AQI,东莞,47.0
20201111,16,PM2.5,东莞,29.0
20201111,16,PM2.5_24h,东莞,33.0
20201111,16,PM10,东莞,47.0
20201111,16,PM10_24h,东莞,65.0
20201111,16,SO2,东莞,12.0
20201111,16,SO2_24h,东莞,14.0
20201111,16,NO2,东莞,18.0
20201111,16,NO2_24h,东莞,37.0
20201111,16,O3,东莞,146.0
20201111,16,O3_24h,东莞,149.0
20201111,16,O3_8h,东莞,117.0
20201111,16,O3_8h_24h,东莞,117.0
20201111,16,CO,东莞,0.5
20201111,16,CO_24h,东莞,0.64
20201111,17,AQI,东莞,47.0
20201111,17,PM2.5,东莞,31.0
20201111,17,PM2.5_24h,东莞,33.0
20201111,17,PM10,东莞,47.0
20201111,17,PM10_24h,东莞,64.0
20201111,17,SO2,东莞,13.0
20201111,17,SO2_24h,东莞,14.0
20201111,17,NO2,东莞,20.0
20201111,17,NO2_24h,东莞,37.0
20201111,17,O3,东莞,139.0
20201111,17,O3_24h,东莞,148.0
20201111,17,O3_8h,东莞,126.0
20201111,17,O3_8h_24h,东莞,126.0
20201111,17,CO,东莞,0.54
20201111,17,CO_24h,东莞,0.64
20201111,18,AQI,东莞,50.0
20201111,18,PM2.5,东莞,32.0
20201111,18,PM2.5_24h,东莞,33.0
20201111,18,PM10,东莞,50.0
20201111,18,PM10_24h,东莞,64.0
20201111,18,SO2,东莞,13.0
20201111,18,SO2_24h,东莞,14.0
20201111,18,NO2,东莞,28.0
20201111,18,NO2_24h,东莞,37.0
20201111,18,O3,东莞,118.0
20201111,18,O3_24h,东莞,148.0
20201111,18,O3_8h,东莞,130.0
20201111,18,O3_8h_24h,东莞,130.0
20201111,18,CO,东莞,0.54
20201111,18,CO_24h,东莞,0.64
20201111,19,AQI,东莞,55.0
20201111,19,PM2.5,东莞,36.0
20201111,19,PM2.5_24h,东莞,33.0
20201111,19,PM10,东莞,60.0
20201111,19,PM10_24h,东莞,64.0
20201111,19,SO2,东莞,14.0
20201111,19,SO2_24h,东莞,15.0
20201111,19,NO2,东莞,44.0
20201111,19,NO2_24h,东莞,37.0
20201111,19,O3,东莞,87.0
20201111,19,O3_24h,东莞,148.0
20201111,19,O3_8h,东莞,128.0
20201111,19,O3_8h_24h,东莞,130.0
20201111,19,CO,东莞,0.64
20201111,19,CO_24h,东莞,0.64
20201111,20,AQI,东莞,63.0
20201111,20,PM2.5,东莞,42.0
20201111,20,PM2.5_24h,东莞,34.0
20201111,20,PM10,东莞,75.0
20201111,20,PM10_24h,东莞,64.0
20201111,20,SO2,东莞,13.0
20201111,20,SO2_24h,东莞,15.0
20201111,20,NO2,东莞,64.0
20201111,20,NO2_24h,东莞,38.0
20201111,20,O3,东莞,56.0
20201111,20,O3_24h,东莞,148.0
20201111,20,O3_8h,东莞,120.0
20201111,20,O3_8h_24h,东莞,130.0
20201111,20,CO,东莞,0.72
20201111,20,CO_24h,东莞,0.64
20201111,21,AQI,东莞,67.0
20201111,21,PM2.5,东莞,44.0
20201111,21,PM2.5_24h,东莞,33.0
20201111,21,PM10,东莞,83.0
20201111,21,PM10_24h,东莞,64.0
20201111,21,SO2,东莞,13.0
20201111,21,SO2_24h,东莞,14.0
20201111,21,NO2,东莞,81.0
20201111,21,NO2_24h,东莞,39.0
20201111,21,O3,东莞,33.0
20201111,21,O3_24h,东莞,148.0
20201111,21,O3_8h,东莞,107.0
20201111,21,O3_8h_24h,东莞,130.0
20201111,21,CO,东莞,0.74
20201111,21,CO_24h,东莞,0.64
20201111,22,AQI,东莞,67.0
20201111,22,PM2.5,东莞,43.0
20201111,22,PM2.5_24h,东莞,33.0
20201111,22,PM10,东莞,83.0
20201111,22,PM10_24h,东莞,64.0
20201111,22,SO2,东莞,14.0
20201111,22,SO2_24h,东莞,14.0
20201111,22,NO2,东莞,92.0
20201111,22,NO2_24h,东莞,41.0
20201111,22,O3,东莞,18.0
20201111,22,O3_24h,东莞,148.0
20201111,22,O3_8h,东莞,91.0
20201111,22,O3_8h_24h,东莞,130.0
20201111,22,CO,东莞,0.74
20201111,22,CO_24h,东莞,0.64
20201111,23,AQI,东莞,60.0
20201111,23,PM2.5,东莞,40.0
20201111,23,PM2.5_24h,东莞,33.0
20201111,23,PM10,东莞,69.0
20201111,23,PM10_24h,东莞,63.0
20201111,23,SO2,东莞,14.0
20201111,23,SO2_24h,东莞,14.0
20201111,23,NO2,东莞,79.0
20201111,23,NO2_24h,东莞,42.0
20201111,23,O3,东莞,25.0
20201111,23,O3_24h,东莞,148.0
20201111,23,O3_8h,东莞,78.0
20201111,23,O3_8h_24h,东莞,130.0
20201111,23,CO,东莞,0.72
20201111,23,CO_24h,东莞,0.64
20201111,0,AQI,惠州,66.0
20201111,0,PM2.5,惠州,34.0
20201111,0,PM2.5_24h,惠州,36.0
20201111,0,PM10,惠州,81.0
20201111,0,PM10_24h,惠州,85.0
20201111,0,SO2,惠州,15.0
20201111,0,SO2_24h,惠州,15.0
20201111,0,NO2,惠州,22.0
20201111,0,NO2_24h,惠州,22.0
20201111,0,O3,惠州,96.0
20201111,0,O3_24h,惠州,153.0
20201111,0,O3_8h,惠州,104.0
20201111,0,O3_8h_24h,惠州,140.0
20201111,0,CO,惠州,0.58
20201111,0,CO_24h,惠州,0.58
20201111,1,AQI,惠州,65.0
20201111,1,PM2.5,惠州,35.0
20201111,1,PM2.5_24h,惠州,35.0
20201111,1,PM10,惠州,79.0
20201111,1,PM10_24h,惠州,85.0
20201111,1,SO2,惠州,14.0
20201111,1,SO2_24h,惠州,15.0
20201111,1,NO2,惠州,30.0
20201111,1,NO2_24h,惠州,22.0
20201111,1,O3,惠州,83.0
20201111,1,O3_24h,惠州,153.0
20201111,1,O3_8h,惠州,83.0
20201111,1,O3_8h_24h,惠州,83.0
20201111,1,CO,惠州,0.58
20201111,1,CO_24h,惠州,0.58
20201111,2,AQI,惠州,66.0
20201111,2,PM2.5,惠州,36.0
20201111,2,PM2.5_24h,惠州,36.0
20201111,2,PM10,惠州,82.0
20201111,2,PM10_24h,惠州,85.0
20201111,2,SO2,惠州,14.0
20201111,2,SO2_24h,惠州,15.0
20201111,2,NO2,惠州,34.0
20201111,2,NO2_24h,惠州,23.0
20201111,2,O3,惠州,74.0
20201111,2,O3_24h,惠州,153.0
20201111,2,O3_8h,惠州,79.0
20201111,2,O3_8h_24h,惠州,84.0
20201111,2,CO,惠州,0.6
20201111,2,CO_24h,惠州,0.6
20201111,3,AQI,惠州,64.0
20201111,3,PM2.5,惠州,34.0
20201111,3,PM2.5_24h,惠州,36.0
20201111,3,PM10,惠州,78.0
20201111,3,PM10_24h,惠州,85.0
20201111,3,SO2,惠州,13.0
20201111,3,SO2_24h,惠州,15.0
20201111,3,NO2,惠州,35.0
20201111,3,NO2_24h,惠州,24.0
20201111,3,O3,惠州,69.0
20201111,3,O3_24h,惠州,153.0
20201111,3,O3_8h,惠州,75.0
20201111,3,O3_8h_24h,惠州,84.0
20201111,3,CO,惠州,0.56
20201111,3,CO_24h,惠州,0.6
20201111,4,AQI,惠州,65.0
20201111,4,PM2.5,惠州,36.0
20201111,4,PM2.5_24h,惠州,36.0
20201111,4,PM10,惠州,80.0
20201111,4,PM10_24h,惠州,85.0
20201111,4,SO2,惠州,14.0
20201111,4,SO2_24h,惠州,15.0
20201111,4,NO2,惠州,37.0
20201111,4,NO2_24h,惠州,25.0
20201111,4,O3,惠州,65.0
20201111,4,O3_24h,惠州,153.0
20201111,4,O3_8h,惠州,73.0
20201111,4,O3_8h_24h,惠州,84.0
20201111,4,CO,惠州,0.56
20201111,4,CO_24h,惠州,0.62
20201111,5,AQI,惠州,65.0
20201111,5,PM2.5,惠州,35.0
20201111,5,PM2.5_24h,惠州,36.0
20201111,5,PM10,惠州,80.0
20201111,5,PM10_24h,惠州,85.0
20201111,5,SO2,惠州,15.0
20201111,5,SO2_24h,惠州,15.0
20201111,5,NO2,惠州,31.0
20201111,5,NO2_24h,惠州,26.0
20201111,5,O3,惠州,72.0
20201111,5,O3_24h,惠州,153.0
20201111,5,O3_8h,惠州,72.0
20201111,5,O3_8h_24h,惠州,84.0
20201111,5,CO,惠州,0.58
20201111,5,CO_24h,惠州,0.62
20201111,6,AQI,惠州,62.0
20201111,6,PM2.5,惠州,34.0
20201111,6,PM2.5_24h,惠州,37.0
20201111,6,PM10,惠州,74.0
20201111,6,PM10_24h,惠州,85.0
20201111,6,SO2,惠州,15.0
20201111,6,SO2_24h,惠州,15.0
20201111,6,NO2,惠州,25.0
20201111,6,NO2_24h,惠州,26.0
20201111,6,O3,惠州,76.0
20201111,6,O3_24h,惠州,153.0
20201111,6,O3_8h,惠州,73.0
20201111,6,O3_8h_24h,惠州,84.0
20201111,6,CO,惠州,0.56
20201111,6,CO_24h,惠州,0.62
20201111,8,AQI,惠州,57.0
20201111,8,PM2.5,惠州,31.0
20201111,8,PM2.5_24h,惠州,36.0
20201111,8,PM10,惠州,64.0
20201111,8,PM10_24h,惠州,84.0
20201111,8,SO2,惠州,15.0
20201111,8,SO2_24h,惠州,15.0
20201111,8,NO2,惠州,28.0
20201111,8,NO2_24h,惠州,26.0
20201111,8,O3,惠州,74.0
20201111,8,O3_24h,惠州,153.0
20201111,8,O3_8h,惠州,73.0
20201111,8,O3_8h_24h,惠州,84.0
20201111,8,CO,惠州,0.54
20201111,8,CO_24h,惠州,0.62
20201111,10,AQI,惠州,62.0
20201111,10,PM2.5,惠州,27.0
20201111,10,PM2.5_24h,惠州,36.0
20201111,10,PM10,惠州,73.0
20201111,10,PM10_24h,惠州,83.0
20201111,10,SO2,惠州,14.0
20201111,10,SO2_24h,惠州,14.0
20201111,10,NO2,惠州,19.0
20201111,10,NO2_24h,惠州,26.0
20201111,10,O3,惠州,93.0
20201111,10,O3_24h,惠州,153.0
20201111,10,O3_8h,惠州,75.0
20201111,10,O3_8h_24h,惠州,85.0
20201111,10,CO,惠州,0.5
20201111,10,CO_24h,惠州,0.58
20201111,11,AQI,惠州,59.0
20201111,11,PM2.5,惠州,24.0
20201111,11,PM2.5_24h,惠州,35.0
20201111,11,PM10,惠州,68.0
20201111,11,PM10_24h,惠州,82.0
20201111,11,SO2,惠州,12.0
20201111,11,SO2_24h,惠州,14.0
20201111,11,NO2,惠州,16.0
20201111,11,NO2_24h,惠州,26.0
20201111,11,O3,惠州,107.0
20201111,11,O3_24h,惠州,153.0
20201111,11,O3_8h,惠州,80.0
20201111,11,O3_8h_24h,惠州,87.0
20201111,11,CO,惠州,0.48
20201111,11,CO_24h,惠州,0.56
20201111,12,AQI,惠州,56.0
20201111,12,PM2.5,惠州,25.0
20201111,12,PM2.5_24h,惠州,35.0
20201111,12,PM10,惠州,61.0
20201111,12,PM10_24h,惠州,81.0
20201111,12,SO2,惠州,12.0
20201111,12,SO2_24h,惠州,14.0
20201111,12,NO2,惠州,15.0
20201111,12,NO2_24h,惠州,26.0
20201111,12,O3,惠州,120.0
20201111,12,O3_24h,惠州,153.0
20201111,12,O3_8h,惠州,85.0
20201111,12,O3_8h_24h,惠州,89.0
20201111,12,CO,惠州,0.5
20201111,12,CO_24h,惠州,0.56
20201111,13,AQI,惠州,55.0
20201111,13,PM2.5,惠州,22.0
20201111,13,PM2.5_24h,惠州,34.0
20201111,13,PM10,惠州,59.0
20201111,13,PM10_24h,惠州,79.0
20201111,13,SO2,惠州,11.0
20201111,13,SO2_24h,惠州,14.0
20201111,13,NO2,惠州,11.0
20201111,13,NO2_24h,惠州,26.0
20201111,13,O3,惠州,123.0
20201111,13,O3_24h,惠州,153.0
20201111,13,O3_8h,惠州,92.0
20201111,13,O3_8h_24h,惠州,93.0
20201111,13,CO,惠州,0.46
20201111,13,CO_24h,惠州,0.56
20201111,14,AQI,惠州,52.0
20201111,14,PM2.5,惠州,20.0
20201111,14,PM2.5_24h,惠州,33.0
20201111,14,PM10,惠州,54.0
20201111,14,PM10_24h,惠州,78.0
20201111,14,SO2,惠州,10.0
20201111,14,SO2_24h,惠州,14.0
20201111,14,NO2,惠州,11.0
20201111,14,NO2_24h,惠州,26.0
20201111,14,O3,惠州,123.0
20201111,14,O3_24h,惠州,152.0
20201111,14,O3_8h,惠州,98.0
20201111,14,O3_8h_24h,惠州,98.0
20201111,14,CO,惠州,0.45
20201111,14,CO_24h,惠州,0.54
20201111,15,AQI,惠州,52.0
20201111,15,PM2.5,惠州,21.0
20201111,15,PM2.5_24h,惠州,33.0
20201111,15,PM10,惠州,53.0
20201111,15,PM10_24h,惠州,77.0
20201111,15,SO2,惠州,10.0
20201111,15,SO2_24h,惠州,14.0
20201111,15,NO2,惠州,14.0
20201111,15,NO2_24h,惠州,26.0
20201111,15,O3,惠州,128.0
20201111,15,O3_24h,惠州,147.0
20201111,15,O3_8h,惠州,105.0
20201111,15,O3_8h_24h,惠州,105.0
20201111,15,CO,惠州,0.48
20201111,15,CO_24h,惠州,0.54
20201111,16,AQI,惠州,57.0
20201111,16,PM2.5,惠州,22.0
20201111,16,PM2.5_24h,惠州,33.0
20201111,16,PM10,惠州,63.0
20201111,16,PM10_24h,惠州,77.0
20201111,16,SO2,惠州,10.0
20201111,16,SO2_24h,惠州,13.0
20201111,16,NO2,惠州,17.0
20201111,16,NO2_24h,惠州,26.0
20201111,16,O3,惠州,128.0
20201111,16,O3_24h,惠州,139.0
20201111,16,O3_8h,惠州,112.0
20201111,16,O3_8h_24h,惠州,112.0
20201111,16,CO,惠州,0.46
20201111,16,CO_24h,惠州,0.54
20201111,17,AQI,惠州,58.0
20201111,17,PM2.5,惠州,22.0
20201111,17,PM2.5_24h,惠州,32.0
20201111,17,PM10,惠州,66.0
20201111,17,PM10_24h,惠州,76.0
20201111,17,SO2,惠州,9.0
20201111,17,SO2_24h,惠州,13.0
20201111,17,NO2,惠州,21.0
20201111,17,NO2_24h,惠州,26.0
20201111,17,O3,惠州,122.0
20201111,17,O3_24h,惠州,133.0
20201111,17,O3_8h,惠州,117.0
20201111,17,O3_8h_24h,惠州,117.0
20201111,17,CO,惠州,0.46
20201111,17,CO_24h,惠州,0.54
20201111,18,AQI,惠州,61.0
20201111,18,PM2.5,惠州,26.0
20201111,18,PM2.5_24h,惠州,32.0
20201111,18,PM10,惠州,72.0
20201111,18,PM10_24h,惠州,76.0
20201111,18,SO2,惠州,10.0
20201111,18,SO2_24h,惠州,13.0
20201111,18,NO2,惠州,26.0
20201111,18,NO2_24h,惠州,26.0
20201111,18,O3,惠州,112.0
20201111,18,O3_24h,惠州,129.0
20201111,18,O3_8h,惠州,120.0
20201111,18,O3_8h_24h,惠州,120.0
20201111,18,CO,惠州,0.48
20201111,18,CO_24h,惠州,0.54
20201111,19,AQI,惠州,57.0
20201111,19,PM2.5,惠州,30.0
20201111,19,PM2.5_24h,惠州,31.0
20201111,19,PM10,惠州,64.0
20201111,19,PM10_24h,惠州,75.0
20201111,19,SO2,惠州,10.0
20201111,19,SO2_24h,惠州,13.0
20201111,19,NO2,惠州,28.0
20201111,19,NO2_24h,惠州,26.0
20201111,19,O3,惠州,101.0
20201111,19,O3_24h,惠州,129.0
20201111,19,O3_8h,惠州,119.0
20201111,19,O3_8h_24h,惠州,120.0
20201111,19,CO,惠州,0.52
20201111,19,CO_24h,惠州,0.54
20201111,20,AQI,惠州,62.0
20201111,20,PM2.5,惠州,36.0
20201111,20,PM2.5_24h,惠州,31.0
20201111,20,PM10,惠州,73.0
20201111,20,PM10_24h,惠州,74.0
20201111,20,SO2,惠州,11.0
20201111,20,SO2_24h,惠州,13.0
20201111,20,NO2,惠州,34.0
20201111,20,NO2_24h,惠州,26.0
20201111,20,O3,惠州,83.0
20201111,20,O3_24h,惠州,129.0
20201111,20,O3_8h,惠州,115.0
20201111,20,O3_8h_24h,惠州,120.0
20201111,20,CO,惠州,0.54
20201111,20,CO_24h,惠州,0.54
20201111,21,AQI,惠州,68.0
20201111,21,PM2.5,惠州,40.0
20201111,21,PM2.5_24h,惠州,31.0
20201111,21,PM10,惠州,86.0
20201111,21,PM10_24h,惠州,73.0
20201111,21,SO2,惠州,13.0
20201111,21,SO2_24h,惠州,13.0
20201111,21,NO2,惠州,41.0
20201111,21,NO2_24h,惠州,26.0
20201111,21,O3,惠州,67.0
20201111,21,O3_24h,惠州,129.0
20201111,21,O3_8h,惠州,108.0
20201111,21,O3_8h_24h,惠州,120.0
20201111,21,CO,惠州,0.58
20201111,21,CO_24h,惠州,0.54
20201111,22,AQI,惠州,71.0
20201111,22,PM2.5,惠州,43.0
20201111,22,PM2.5_24h,惠州,30.0
20201111,22,PM10,惠州,92.0
20201111,22,PM10_24h,惠州,73.0
20201111,22,SO2,惠州,13.0
20201111,22,SO2_24h,惠州,13.0
20201111,22,NO2,惠州,43.0
20201111,22,NO2_24h,惠州,26.0
20201111,22,O3,惠州,63.0
20201111,22,O3_24h,惠州,129.0
20201111,22,O3_8h,惠州,100.0
20201111,22,O3_8h_24h,惠州,120.0
20201111,22,CO,惠州,0.58
20201111,22,CO_24h,惠州,0.54
20201111,23,AQI,惠州,71.0
20201111,23,PM2.5,惠州,42.0
20201111,23,PM2.5_24h,惠州,31.0
20201111,23,PM10,惠州,91.0
20201111,23,PM10_24h,惠州,73.0
20201111,23,SO2,惠州,14.0
20201111,23,SO2_24h,惠州,13.0
20201111,23,NO2,惠州,49.0
20201111,23,NO2_24h,惠州,27.0
20201111,23,O3,惠州,53.0
20201111,23,O3_24h,惠州,129.0
20201111,23,O3_8h,惠州,91.0
20201111,23,O3_8h_24h,惠州,120.0
20201111,23,CO,惠州,0.58
20201111,23,CO_24h,惠州,0.54
20201111,0,AQI,肇庆,65.0
20201111,0,PM2.5,肇庆,40.0
20201111,0,PM2.5_24h,肇庆,28.0
20201111,0,PM10,肇庆,80.0
20201111,0,PM10_24h,肇庆,72.0
20201111,0,SO2,肇庆,12.0
20201111,0,SO2_24h,肇庆,12.0
20201111,0,NO2,肇庆,54.0
20201111,0,NO2_24h,肇庆,36.0
20201111,0,O3,肇庆,56.0
20201111,0,O3_24h,肇庆,147.0
20201111,0,O3_8h,肇庆,89.0
20201111,0,O3_8h_24h,肇庆,137.0
20201111,0,CO,肇庆,0.57
20201111,0,CO_24h,肇庆,0.53
20201111,1,AQI,肇庆,64.0
20201111,1,PM2.5,肇庆,39.0
20201111,1,PM2.5_24h,肇庆,29.0
20201111,1,PM10,肇庆,78.0
20201111,1,PM10_24h,肇庆,72.0
20201111,1,SO2,肇庆,12.0
20201111,1,SO2_24h,肇庆,12.0
20201111,1,NO2,肇庆,49.0
20201111,1,NO2_24h,肇庆,36.0
20201111,1,O3,肇庆,57.0
20201111,1,O3_24h,肇庆,147.0
20201111,1,O3_8h,肇庆,57.0
20201111,1,O3_8h_24h,肇庆,57.0
20201111,1,CO,肇庆,0.57
20201111,1,CO_24h,肇庆,0.53
20201111,2,AQI,肇庆,63.0
20201111,2,PM2.5,肇庆,38.0
20201111,2,PM2.5_24h,肇庆,30.0
20201111,2,PM10,肇庆,76.0
20201111,2,PM10_24h,肇庆,72.0
20201111,2,SO2,肇庆,12.0
20201111,2,SO2_24h,肇庆,12.0
20201111,2,NO2,肇庆,61.0
20201111,2,NO2_24h,肇庆,36.0
20201111,2,O3,肇庆,57.0
20201111,2,O3_24h,肇庆,147.0
20201111,2,O3_8h,肇庆,57.0
20201111,2,O3_8h_24h,肇庆,59.0
20201111,2,CO,肇庆,0.53
20201111,2,CO_24h,肇庆,0.53
20201111,3,AQI,肇庆,62.0
20201111,3,PM2.5,肇庆,34.0
20201111,3,PM2.5_24h,肇庆,30.0
20201111,3,PM10,肇庆,74.0
20201111,3,PM10_24h,肇庆,72.0
20201111,3,SO2,肇庆,12.0
20201111,3,SO2_24h,肇庆,12.0
20201111,3,NO2,肇庆,47.0
20201111,3,NO2_24h,肇庆,37.0
20201111,3,O3,肇庆,59.0
20201111,3,O3_24h,肇庆,147.0
20201111,3,O3_8h,肇庆,58.0
20201111,3,O3_8h_24h,肇庆,60.0
20201111,3,CO,肇庆,0.55
20201111,3,CO_24h,肇庆,0.53
20201111,4,AQI,肇庆,61.0
20201111,4,PM2.5,肇庆,33.0
20201111,4,PM2.5_24h,肇庆,31.0
20201111,4,PM10,肇庆,71.0
20201111,4,PM10_24h,肇庆,72.0
20201111,4,SO2,肇庆,12.0
20201111,4,SO2_24h,肇庆,12.0
20201111,4,NO2,肇庆,48.0
20201111,4,NO2_24h,肇庆,37.0
20201111,4,O3,肇庆,40.0
20201111,4,O3_24h,肇庆,147.0
20201111,4,O3_8h,肇庆,57.0
20201111,4,O3_8h_24h,肇庆,60.0
20201111,4,CO,肇庆,0.5
20201111,4,CO_24h,肇庆,0.53
20201111,5,AQI,肇庆,61.0
20201111,5,PM2.5,肇庆,32.0
20201111,5,PM2.5_24h,肇庆,31.0
20201111,5,PM10,肇庆,71.0
20201111,5,PM10_24h,肇庆,72.0
20201111,5,SO2,肇庆,12.0
20201111,5,SO2_24h,肇庆,11.0
20201111,5,NO2,肇庆,45.0
20201111,5,NO2_24h,肇庆,39.0
20201111,5,O3,肇庆,56.0
20201111,5,O3_24h,肇庆,147.0
20201111,5,O3_8h,肇庆,57.0
20201111,5,O3_8h_24h,肇庆,60.0
20201111,5,CO,肇庆,0.5
20201111,5,CO_24h,肇庆,0.53
20201111,6,AQI,肇庆,62.0
20201111,6,PM2.5,肇庆,36.0
20201111,6,PM2.5_24h,肇庆,32.0
20201111,6,PM10,肇庆,74.0
20201111,6,PM10_24h,肇庆,72.0
20201111,6,SO2,肇庆,13.0
20201111,6,SO2_24h,肇庆,12.0
20201111,6,NO2,肇庆,46.0
20201111,6,NO2_24h,肇庆,39.0
20201111,6,O3,肇庆,55.0
20201111,6,O3_24h,肇庆,147.0
20201111,6,O3_8h,肇庆,57.0
20201111,6,O3_8h_24h,肇庆,60.0
20201111,6,CO,肇庆,0.53
20201111,6,CO_24h,肇庆,0.53
20201111,8,AQI,肇庆,66.0
20201111,8,PM2.5,肇庆,39.0
20201111,8,PM2.5_24h,肇庆,33.0
20201111,8,PM10,肇庆,82.0
20201111,8,PM10_24h,肇庆,73.0
20201111,8,SO2,肇庆,15.0
20201111,8,SO2_24h,肇庆,11.0
20201111,8,NO2,肇庆,50.0
20201111,8,NO2_24h,肇庆,40.0
20201111,8,O3,肇庆,53.0
20201111,8,O3_24h,肇庆,147.0
20201111,8,O3_8h,肇庆,56.0
20201111,8,O3_8h_24h,肇庆,60.0
20201111,8,CO,肇庆,0.7
20201111,8,CO_24h,肇庆,0.53
20201111,10,AQI,肇庆,65.0
20201111,10,PM2.5,肇庆,35.0
20201111,10,PM2.5_24h,肇庆,34.0
20201111,10,PM10,肇庆,80.0
20201111,10,PM10_24h,肇庆,74.0
20201111,10,SO2,肇庆,16.0
20201111,10,SO2_24h,肇庆,12.0
20201111,10,NO2,肇庆,34.0
20201111,10,NO2_24h,肇庆,41.0
20201111,10,O3,肇庆,88.0
20201111,10,O3_24h,肇庆,147.0
20201111,10,O3_8h,肇庆,60.0
20201111,10,O3_8h_24h,肇庆,63.0
20201111,10,CO,肇庆,0.6
20201111,10,CO_24h,肇庆,0.57
20201111,11,AQI,肇庆,63.0
20201111,11,PM2.5,肇庆,33.0
20201111,11,PM2.5_24h,肇庆,34.0
20201111,11,PM10,肇庆,76.0
20201111,11,PM10_24h,肇庆,74.0
20201111,11,SO2,肇庆,12.0
20201111,11,SO2_24h,肇庆,12.0
20201111,11,NO2,肇庆,31.0
20201111,11,NO2_24h,肇庆,41.0
20201111,11,O3,肇庆,101.0
20201111,11,O3_24h,肇庆,147.0
20201111,11,O3_8h,肇庆,66.0
20201111,11,O3_8h_24h,肇庆,66.0
20201111,11,CO,肇庆,0.5
20201111,11,CO_24h,肇庆,0.57
20201111,12,AQI,肇庆,60.0
20201111,12,PM2.5,肇庆,29.0
20201111,12,PM2.5_24h,肇庆,34.0
20201111,12,PM10,肇庆,70.0
20201111,12,PM10_24h,肇庆,74.0
20201111,12,SO2,肇庆,11.0
20201111,12,SO2_24h,肇庆,11.0
20201111,12,NO2,肇庆,27.0
20201111,12,NO2_24h,肇庆,41.0
20201111,12,O3,肇庆,117.0
20201111,12,O3_24h,肇庆,147.0
20201111,12,O3_8h,肇庆,71.0
20201111,12,O3_8h_24h,肇庆,71.0
20201111,12,CO,肇庆,0.47
20201111,12,CO_24h,肇庆,0.57
20201111,13,AQI,肇庆,59.0
20201111,13,PM2.5,肇庆,29.0
20201111,13,PM2.5_24h,肇庆,34.0
20201111,13,PM10,肇庆,67.0
20201111,13,PM10_24h,肇庆,74.0
20201111,13,SO2,肇庆,10.0
20201111,13,SO2_24h,肇庆,11.0
20201111,13,NO2,肇庆,23.0
20201111,13,NO2_24h,肇庆,41.0
20201111,13,O3,肇庆,129.0
20201111,13,O3_24h,肇庆,147.0
20201111,13,O3_8h,肇庆,77.0
20201111,13,O3_8h_24h,肇庆,77.0
20201111,13,CO,肇庆,0.45
20201111,13,CO_24h,肇庆,0.57
20201111,14,AQI,肇庆,59.0
20201111,14,PM2.5,肇庆,29.0
20201111,14,PM2.5_24h,肇庆,34.0
20201111,14,PM10,肇庆,67.0
20201111,14,PM10_24h,肇庆,73.0
20201111,14,SO2,肇庆,10.0
20201111,14,SO2_24h,肇庆,11.0
20201111,14,NO2,肇庆,20.0
20201111,14,NO2_24h,肇庆,42.0
20201111,14,O3,肇庆,138.0
20201111,14,O3_24h,肇庆,147.0
20201111,14,O3_8h,肇庆,88.0
20201111,14,O3_8h_24h,肇庆,88.0
20201111,14,CO,肇庆,0.43
20201111,14,CO_24h,肇庆,0.57
20201111,15,AQI,肇庆,56.0
20201111,15,PM2.5,肇庆,25.0
20201111,15,PM2.5_24h,肇庆,34.0
20201111,15,PM10,肇庆,62.0
20201111,15,PM10_24h,肇庆,73.0
20201111,15,SO2,肇庆,10.0
20201111,15,SO2_24h,肇庆,11.0
20201111,15,NO2,肇庆,24.0
20201111,15,NO2_24h,肇庆,42.0
20201111,15,O3,肇庆,140.0
20201111,15,O3_24h,肇庆,146.0
20201111,15,O3_8h,肇庆,101.0
20201111,15,O3_8h_24h,肇庆,101.0
20201111,15,CO,肇庆,0.43
20201111,15,CO_24h,肇庆,0.57
20201111,16,AQI,肇庆,55.0
20201111,16,PM2.5,肇庆,28.0
20201111,16,PM2.5_24h,肇庆,33.0
20201111,16,PM10,肇庆,59.0
20201111,16,PM10_24h,肇庆,73.0
20201111,16,SO2,肇庆,10.0
20201111,16,SO2_24h,肇庆,11.0
20201111,16,NO2,肇庆,22.0
20201111,16,NO2_24h,肇庆,42.0
20201111,16,O3,肇庆,144.0
20201111,16,O3_24h,肇庆,144.0
20201111,16,O3_8h,肇庆,114.0
20201111,16,O3_8h_24h,肇庆,114.0
20201111,16,CO,肇庆,0.4
20201111,16,CO_24h,肇庆,0.57
20201111,17,AQI,肇庆,54.0
20201111,17,PM2.5,肇庆,29.0
20201111,17,PM2.5_24h,肇庆,33.0
20201111,17,PM10,肇庆,57.0
20201111,17,PM10_24h,肇庆,72.0
20201111,17,SO2,肇庆,9.0
20201111,17,SO2_24h,肇庆,11.0
20201111,17,NO2,肇庆,28.0
20201111,17,NO2_24h,肇庆,42.0
20201111,17,O3,肇庆,137.0
20201111,17,O3_24h,肇庆,144.0
20201111,17,O3_8h,肇庆,124.0
20201111,17,O3_8h_24h,肇庆,124.0
20201111,17,CO,肇庆,0.4
20201111,17,CO_24h,肇庆,0.57
20201111,18,AQI,肇庆,55.0
20201111,18,PM2.5,肇庆,29.0
20201111,18,PM2.5_24h,肇庆,33.0
20201111,18,PM10,肇庆,60.0
20201111,18,PM10_24h,肇庆,72.0
20201111,18,SO2,肇庆,9.0
20201111,18,SO2_24h,肇庆,11.0
20201111,18,NO2,肇庆,35.0
20201111,18,NO2_24h,肇庆,42.0
20201111,18,O3,肇庆,122.0
20201111,18,O3_24h,肇庆,144.0
20201111,18,O3_8h,肇庆,129.0
20201111,18,O3_8h_24h,肇庆,129.0
20201111,18,CO,肇庆,0.47
20201111,18,CO_24h,肇庆,0.57
20201111,19,AQI,肇庆,57.0
20201111,19,PM2.5,肇庆,29.0
20201111,19,PM2.5_24h,肇庆,33.0
20201111,19,PM10,肇庆,63.0
20201111,19,PM10_24h,肇庆,72.0
20201111,19,SO2,肇庆,8.0
20201111,19,SO2_24h,肇庆,11.0
20201111,19,NO2,肇庆,39.0
20201111,19,NO2_24h,肇庆,42.0
20201111,19,O3,肇庆,101.0
20201111,19,O3_24h,肇庆,144.0
20201111,19,O3_8h,肇庆,128.0
20201111,19,O3_8h_24h,肇庆,129.0
20201111,19,CO,肇庆,0.53
20201111,19,CO_24h,肇庆,0.57
20201111,20,AQI,肇庆,58.0
20201111,20,PM2.5,肇庆,30.0
20201111,20,PM2.5_24h,肇庆,33.0
20201111,20,PM10,肇庆,65.0
20201111,20,PM10_24h,肇庆,72.0
20201111,20,SO2,肇庆,7.0
20201111,20,SO2_24h,肇庆,11.0
20201111,20,NO2,肇庆,47.0
20201111,20,NO2_24h,肇庆,42.0
20201111,20,O3,肇庆,80.0
20201111,20,O3_24h,肇庆,144.0
20201111,20,O3_8h,肇庆,123.0
20201111,20,O3_8h_24h,肇庆,129.0
20201111,20,CO,肇庆,0.6
20201111,20,CO_24h,肇庆,0.57
20201111,21,AQI,肇庆,59.0
20201111,21,PM2.5,肇庆,31.0
20201111,21,PM2.5_24h,肇庆,33.0
20201111,21,PM10,肇庆,67.0
20201111,21,PM10_24h,肇庆,72.0
20201111,21,SO2,肇庆,7.0
20201111,21,SO2_24h,肇庆,11.0
20201111,21,NO2,肇庆,71.0
20201111,21,NO2_24h,肇庆,42.0
20201111,21,O3,肇庆,46.0
20201111,21,O3_24h,肇庆,144.0
20201111,21,O3_8h,肇庆,113.0
20201111,21,O3_8h_24h,肇庆,129.0
20201111,21,CO,肇庆,0.67
20201111,21,CO_24h,肇庆,0.57
20201111,22,AQI,肇庆,60.0
20201111,22,PM2.5,肇庆,32.0
20201111,22,PM2.5_24h,肇庆,33.0
20201111,22,PM10,肇庆,69.0
20201111,22,PM10_24h,肇庆,71.0
20201111,22,SO2,肇庆,7.0
20201111,22,SO2_24h,肇庆,11.0
20201111,22,NO2,肇庆,68.0
20201111,22,NO2_24h,肇庆,43.0
20201111,22,O3,肇庆,42.0
20201111,22,O3_24h,肇庆,144.0
20201111,22,O3_8h,肇庆,101.0
20201111,22,O3_8h_24h,肇庆,129.0
20201111,22,CO,肇庆,0.67
20201111,22,CO_24h,肇庆,0.53
20201111,23,AQI,肇庆,60.0
20201111,23,PM2.5,肇庆,34.0
20201111,23,PM2.5_24h,肇庆,33.0
20201111,23,PM10,肇庆,69.0
20201111,23,PM10_24h,肇庆,71.0
20201111,23,SO2,肇庆,7.0
20201111,23,SO2_24h,肇庆,11.0
20201111,23,NO2,肇庆,72.0
20201111,23,NO2_24h,肇庆,44.0
20201111,23,O3,肇庆,32.0
20201111,23,O3_24h,肇庆,144.0
20201111,23,O3_8h,肇庆,88.0
20201111,23,O3_8h_24h,肇庆,129.0
20201111,23,CO,肇庆,0.67
20201111,23,CO_24h,肇庆,0.53
20201111,0,AQI,南宁,91.0
20201111,0,PM2.5,南宁,68.0
20201111,0,PM2.5_24h,南宁,43.0
20201111,0,PM10,南宁,127.0
20201111,0,PM10_24h,南宁,95.0
20201111,0,SO2,南宁,16.0
20201111,0,SO2_24h,南宁,18.0
20201111,0,NO2,南宁,92.0
20201111,0,NO2_24h,南宁,54.0
20201111,0,O3,南宁,22.0
20201111,0,O3_24h,南宁,152.0
20201111,0,O3_8h,南宁,76.0
20201111,0,O3_8h_24h,南宁,137.0
20201111,0,CO,南宁,1.07
20201111,0,CO_24h,南宁,0.74
20201111,1,AQI,南宁,93.0
20201111,1,PM2.5,南宁,69.0
20201111,1,PM2.5_24h,南宁,44.0
20201111,1,PM10,南宁,135.0
20201111,1,PM10_24h,南宁,97.0
20201111,1,SO2,南宁,19.0
20201111,1,SO2_24h,南宁,18.0
20201111,1,NO2,南宁,85.0
20201111,1,NO2_24h,南宁,55.0
20201111,1,O3,南宁,19.0
20201111,1,O3_24h,南宁,152.0
20201111,1,O3_8h,南宁,19.0
20201111,1,O3_8h_24h,南宁,19.0
20201111,1,CO,南宁,1.03
20201111,1,CO_24h,南宁,0.74
20201111,2,AQI,南宁,101.0
20201111,2,PM2.5,南宁,64.0
20201111,2,PM2.5_24h,南宁,45.0
20201111,2,PM10,南宁,151.0
20201111,2,PM10_24h,南宁,99.0
20201111,2,SO2,南宁,21.0
20201111,2,SO2_24h,南宁,18.0
20201111,2,NO2,南宁,82.0
20201111,2,NO2_24h,南宁,55.0
20201111,2,O3,南宁,12.0
20201111,2,O3_24h,南宁,152.0
20201111,2,O3_8h,南宁,16.0
20201111,2,O3_8h_24h,南宁,20.0
20201111,2,CO,南宁,0.97
20201111,2,CO_24h,南宁,0.76
20201111,3,AQI,南宁,95.0
20201111,3,PM2.5,南宁,59.0
20201111,3,PM2.5_24h,南宁,46.0
20201111,3,PM10,南宁,139.0
20201111,3,PM10_24h,南宁,101.0
20201111,3,SO2,南宁,21.0
20201111,3,SO2_24h,南宁,18.0
20201111,3,NO2,南宁,78.0
20201111,3,NO2_24h,南宁,56.0
20201111,3,O3,南宁,10.0
20201111,3,O3_24h,南宁,152.0
20201111,3,O3_8h,南宁,13.0
20201111,3,O3_8h_24h,南宁,21.0
20201111,3,CO,南宁,0.93
20201111,3,CO_24h,南宁,0.79
20201111,4,AQI,南宁,85.0
20201111,4,PM2.5,南宁,56.0
20201111,4,PM2.5_24h,南宁,47.0
20201111,4,PM10,南宁,120.0
20201111,4,PM10_24h,南宁,102.0
20201111,4,SO2,南宁,19.0
20201111,4,SO2_24h,南宁,18.0
20201111,4,NO2,南宁,72.0
20201111,4,NO2_24h,南宁,56.0
20201111,4,O3,南宁,8.0
20201111,4,O3_24h,南宁,152.0
20201111,4,O3_8h,南宁,12.0
20201111,4,O3_8h_24h,南宁,21.0
20201111,4,CO,南宁,0.9
20201111,4,CO_24h,南宁,0.79
20201111,5,AQI,南宁,79.0
20201111,5,PM2.5,南宁,56.0
20201111,5,PM2.5_24h,南宁,47.0
20201111,5,PM10,南宁,107.0
20201111,5,PM10_24h,南宁,103.0
20201111,5,SO2,南宁,17.0
20201111,5,SO2_24h,南宁,18.0
20201111,5,NO2,南宁,67.0
20201111,5,NO2_24h,南宁,56.0
20201111,5,O3,南宁,8.0
20201111,5,O3_24h,南宁,152.0
20201111,5,O3_8h,南宁,11.0
20201111,5,O3_8h_24h,南宁,21.0
20201111,5,CO,南宁,0.91
20201111,5,CO_24h,南宁,0.8
20201111,6,AQI,南宁,81.0
20201111,6,PM2.5,南宁,54.0
20201111,6,PM2.5_24h,南宁,48.0
20201111,6,PM10,南宁,112.0
20201111,6,PM10_24h,南宁,104.0
20201111,6,SO2,南宁,20.0
20201111,6,SO2_24h,南宁,18.0
20201111,6,NO2,南宁,63.0
20201111,6,NO2_24h,南宁,55.0
20201111,6,O3,南宁,8.0
20201111,6,O3_24h,南宁,152.0
20201111,6,O3_8h,南宁,10.0
20201111,6,O3_8h_24h,南宁,21.0
20201111,6,CO,南宁,0.89
20201111,6,CO_24h,南宁,0.8
20201111,8,AQI,南宁,76.0
20201111,8,PM2.5,南宁,55.0
20201111,8,PM2.5_24h,南宁,49.0
20201111,8,PM10,南宁,101.0
20201111,8,PM10_24h,南宁,105.0
20201111,8,SO2,南宁,22.0
20201111,8,SO2_24h,南宁,18.0
20201111,8,NO2,南宁,57.0
20201111,8,NO2_24h,南宁,55.0
20201111,8,O3,南宁,9.0
20201111,8,O3_24h,南宁,152.0
20201111,8,O3_8h,南宁,10.0
20201111,8,O3_8h_24h,南宁,22.0
20201111,8,CO,南宁,0.96
20201111,8,CO_24h,南宁,0.81
20201111,10,AQI,南宁,85.0
20201111,10,PM2.5,南宁,57.0
20201111,10,PM2.5_24h,南宁,50.0
20201111,10,PM10,南宁,120.0
20201111,10,PM10_24h,南宁,106.0
20201111,10,SO2,南宁,27.0
20201111,10,SO2_24h,南宁,18.0
20201111,10,NO2,南宁,57.0
20201111,10,NO2_24h,南宁,55.0
20201111,10,O3,南宁,30.0
20201111,10,O3_24h,南宁,152.0
20201111,10,O3_8h,南宁,12.0
20201111,10,O3_8h_24h,南宁,24.0
20201111,10,CO,南宁,1.01
20201111,10,CO_24h,南宁,0.83
20201111,11,AQI,南宁,79.0
20201111,11,PM2.5,南宁,49.0
20201111,11,PM2.5_24h,南宁,50.0
20201111,11,PM10,南宁,108.0
20201111,11,PM10_24h,南宁,106.0
20201111,11,SO2,南宁,24.0
20201111,11,SO2_24h,南宁,19.0
20201111,11,NO2,南宁,50.0
20201111,11,NO2_24h,南宁,56.0
20201111,11,O3,南宁,64.0
20201111,11,O3_24h,南宁,152.0
20201111,11,O3_8h,南宁,19.0
20201111,11,O3_8h_24h,南宁,28.0
20201111,11,CO,南宁,0.82
20201111,11,CO_24h,南宁,0.84
20201111,12,AQI,南宁,74.0
20201111,12,PM2.5,南宁,43.0
20201111,12,PM2.5_24h,南宁,51.0
20201111,12,PM10,南宁,98.0
20201111,12,PM10_24h,南宁,107.0
20201111,12,SO2,南宁,19.0
20201111,12,SO2_24h,南宁,19.0
20201111,12,NO2,南宁,32.0
20201111,12,NO2_24h,南宁,56.0
20201111,12,O3,南宁,112.0
20201111,12,O3_24h,南宁,152.0
20201111,12,O3_8h,南宁,32.0
20201111,12,O3_8h_24h,南宁,36.0
20201111,12,CO,南宁,0.71
20201111,12,CO_24h,南宁,0.84
20201111,13,AQI,南宁,66.0
20201111,13,PM2.5,南宁,39.0
20201111,13,PM2.5_24h,南宁,51.0
20201111,13,PM10,南宁,82.0
20201111,13,PM10_24h,南宁,107.0
20201111,13,SO2,南宁,17.0
20201111,13,SO2_24h,南宁,19.0
20201111,13,NO2,南宁,20.0
20201111,13,NO2_24h,南宁,57.0
20201111,13,O3,南宁,143.0
20201111,13,O3_24h,南宁,152.0
20201111,13,O3_8h,南宁,47.0
20201111,13,O3_8h_24h,南宁,49.0
20201111,13,CO,南宁,0.64
20201111,13,CO_24h,南宁,0.86
20201111,14,AQI,南宁,62.0
20201111,14,PM2.5,南宁,37.0
20201111,14,PM2.5_24h,南宁,51.0
20201111,14,PM10,南宁,74.0
20201111,14,PM10_24h,南宁,108.0
20201111,14,SO2,南宁,17.0
20201111,14,SO2_24h,南宁,19.0
20201111,14,NO2,南宁,17.0
20201111,14,NO2_24h,南宁,57.0
20201111,14,O3,南宁,157.0
20201111,14,O3_24h,南宁,158.0
20201111,14,O3_8h,南宁,66.0
20201111,14,O3_8h_24h,南宁,66.0
20201111,14,CO,南宁,0.6
20201111,14,CO_24h,南宁,0.86
20201111,15,AQI,南宁,60.0
20201111,15,PM2.5,南宁,36.0
20201111,15,PM2.5_24h,南宁,52.0
20201111,15,PM10,南宁,69.0
20201111,15,PM10_24h,南宁,107.0
20201111,15,SO2,南宁,16.0
20201111,15,SO2_24h,南宁,19.0
20201111,15,NO2,南宁,17.0
20201111,15,NO2_24h,南宁,56.0
20201111,15,O3,南宁,163.0
20201111,15,O3_24h,南宁,163.0
20201111,15,O3_8h,南宁,86.0
20201111,15,O3_8h_24h,南宁,86.0
20201111,15,CO,南宁,0.59
20201111,15,CO_24h,南宁,0.86
20201111,16,AQI,南宁,61.0
20201111,16,PM2.5,南宁,36.0
20201111,16,PM2.5_24h,南宁,52.0
20201111,16,PM10,南宁,71.0
20201111,16,PM10_24h,南宁,107.0
20201111,16,SO2,南宁,14.0
20201111,16,SO2_24h,南宁,19.0
20201111,16,NO2,南宁,18.0
20201111,16,NO2_24h,南宁,56.0
20201111,16,O3,南宁,166.0
20201111,16,O3_24h,南宁,167.0
20201111,16,O3_8h,南宁,106.0
20201111,16,O3_8h_24h,南宁,106.0
20201111,16,CO,南宁,0.57
20201111,16,CO_24h,南宁,0.86
20201111,17,AQI,南宁,61.0
20201111,17,PM2.5,南宁,35.0
20201111,17,PM2.5_24h,南宁,52.0
20201111,17,PM10,南宁,72.0
20201111,17,PM10_24h,南宁,107.0
20201111,17,SO2,南宁,14.0
20201111,17,SO2_24h,南宁,19.0
20201111,17,NO2,南宁,22.0
20201111,17,NO2_24h,南宁,56.0
20201111,17,O3,南宁,161.0
20201111,17,O3_24h,南宁,167.0
20201111,17,O3_8h,南宁,124.0
20201111,17,O3_8h_24h,南宁,124.0
20201111,17,CO,南宁,0.56
20201111,17,CO_24h,南宁,0.86
20201111,18,AQI,南宁,62.0
20201111,18,PM2.5,南宁,37.0
20201111,18,PM2.5_24h,南宁,52.0
20201111,18,PM10,南宁,74.0
20201111,18,PM10_24h,南宁,107.0
20201111,18,SO2,南宁,15.0
20201111,18,SO2_24h,南宁,19.0
20201111,18,NO2,南宁,34.0
20201111,18,NO2_24h,南宁,56.0
20201111,18,O3,南宁,142.0
20201111,18,O3_24h,南宁,167.0
20201111,18,O3_8h,南宁,138.0
20201111,18,O3_8h_24h,南宁,138.0
20201111,18,CO,南宁,0.6
20201111,18,CO_24h,南宁,0.86
20201111,19,AQI,南宁,70.0
20201111,19,PM2.5,南宁,49.0
20201111,19,PM2.5_24h,南宁,52.0
20201111,19,PM10,南宁,90.0
20201111,19,PM10_24h,南宁,107.0
20201111,19,SO2,南宁,16.0
20201111,19,SO2_24h,南宁,19.0
20201111,19,NO2,南宁,53.0
20201111,19,NO2_24h,南宁,56.0
20201111,19,O3,南宁,112.0
20201111,19,O3_24h,南宁,167.0
20201111,19,O3_8h,南宁,145.0
20201111,19,O3_8h_24h,南宁,145.0
20201111,19,CO,南宁,0.74
20201111,19,CO_24h,南宁,0.84
20201111,20,AQI,南宁,81.0
20201111,20,PM2.5,南宁,60.0
20201111,20,PM2.5_24h,南宁,52.0
20201111,20,PM10,南宁,103.0
20201111,20,PM10_24h,南宁,107.0
20201111,20,SO2,南宁,17.0
20201111,20,SO2_24h,南宁,19.0
20201111,20,NO2,南宁,64.0
20201111,20,NO2_24h,南宁,56.0
20201111,20,O3,南宁,91.0
20201111,20,O3_24h,南宁,167.0
20201111,20,O3_8h,南宁,142.0
20201111,20,O3_8h_24h,南宁,145.0
20201111,20,CO,南宁,0.79
20201111,20,CO_24h,南宁,0.83
20201111,21,AQI,南宁,90.0
20201111,21,PM2.5,南宁,67.0
20201111,21,PM2.5_24h,南宁,53.0
20201111,21,PM10,南宁,114.0
20201111,21,PM10_24h,南宁,107.0
20201111,21,SO2,南宁,22.0
20201111,21,SO2_24h,南宁,19.0
20201111,21,NO2,南宁,83.0
20201111,21,NO2_24h,南宁,56.0
20201111,21,O3,南宁,56.0
20201111,21,O3_24h,南宁,167.0
20201111,21,O3_8h,南宁,131.0
20201111,21,O3_8h_24h,南宁,145.0
20201111,21,CO,南宁,0.9
20201111,21,CO_24h,南宁,0.83
20201111,22,AQI,南宁,95.0
20201111,22,PM2.5,南宁,68.0
20201111,22,PM2.5_24h,南宁,53.0
20201111,22,PM10,南宁,140.0
20201111,22,PM10_24h,南宁,106.0
20201111,22,SO2,南宁,23.0
20201111,22,SO2_24h,南宁,20.0
20201111,22,NO2,南宁,91.0
20201111,22,NO2_24h,南宁,57.0
20201111,22,O3,南宁,38.0
20201111,22,O3_24h,南宁,167.0
20201111,22,O3_8h,南宁,116.0
20201111,22,O3_8h_24h,南宁,145.0
20201111,22,CO,南宁,0.94
20201111,22,CO_24h,南宁,0.83
20201111,23,AQI,南宁,100.0
20201111,23,PM2.5,南宁,67.0
20201111,23,PM2.5_24h,南宁,53.0
20201111,23,PM10,南宁,150.0
20201111,23,PM10_24h,南宁,107.0
20201111,23,SO2,南宁,26.0
20201111,23,SO2_24h,南宁,20.0
20201111,23,NO2,南宁,93.0
20201111,23,NO2_24h,南宁,57.0
20201111,23,O3,南宁,33.0
20201111,23,O3_24h,南宁,167.0
20201111,23,O3_8h,南宁,100.0
20201111,23,O3_8h_24h,南宁,145.0
20201111,23,CO,南宁,0.97
20201111,23,CO_24h,南宁,0.83
20201111,0,AQI,海口,60.0
20201111,0,PM2.5,海口,30.0
20201111,0,PM2.5_24h,海口,34.0
20201111,0,PM10,海口,70.0
20201111,0,PM10_24h,海口,73.0
20201111,0,SO2,海口,8.0
20201111,0,SO2_24h,海口,10.0
20201111,0,NO2,海口,7.0
20201111,0,NO2_24h,海口,10.0
20201111,0,O3,海口,141.0
20201111,0,O3_24h,海口,186.0
20201111,0,O3_8h,海口,140.0
20201111,0,O3_8h_24h,海口,150.0
20201111,0,CO,海口,0.47
20201111,0,CO_24h,海口,0.53
20201111,1,AQI,海口,54.0
20201111,1,PM2.5,海口,20.0
20201111,1,PM2.5_24h,海口,33.0
20201111,1,PM10,海口,58.0
20201111,1,PM10_24h,海口,72.0
20201111,1,SO2,海口,6.0
20201111,1,SO2_24h,海口,10.0
20201111,1,NO2,海口,4.0
20201111,1,NO2_24h,海口,10.0
20201111,1,O3,海口,103.0
20201111,1,O3_24h,海口,181.0
20201111,1,O3_8h,海口,103.0
20201111,1,O3_8h_24h,海口,103.0
20201111,1,CO,海口,0.32
20201111,1,CO_24h,海口,0.53
20201111,2,AQI,海口,51.0
20201111,2,PM2.5,海口,21.0
20201111,2,PM2.5_24h,海口,33.0
20201111,2,PM10,海口,52.0
20201111,2,PM10_24h,海口,71.0
20201111,2,SO2,海口,6.0
20201111,2,SO2_24h,海口,10.0
20201111,2,NO2,海口,5.0
20201111,2,NO2_24h,海口,10.0
20201111,2,O3,海口,104.0
20201111,2,O3_24h,海口,172.0
20201111,2,O3_8h,海口,103.0
20201111,2,O3_8h_24h,海口,104.0
20201111,2,CO,海口,0.38
20201111,2,CO_24h,海口,0.53
20201111,3,AQI,海口,46.0
20201111,3,PM2.5,海口,19.0
20201111,3,PM2.5_24h,海口,32.0
20201111,3,PM10,海口,46.0
20201111,3,PM10_24h,海口,69.0
20201111,3,SO2,海口,6.0
20201111,3,SO2_24h,海口,10.0
20201111,3,NO2,海口,4.0
20201111,3,NO2_24h,海口,10.0
20201111,3,O3,海口,96.0
20201111,3,O3_24h,海口,166.0
20201111,3,O3_8h,海口,101.0
20201111,3,O3_8h_24h,海口,104.0
20201111,3,CO,海口,0.32
20201111,3,CO_24h,海口,0.53
20201111,4,AQI,海口,45.0
20201111,4,PM2.5,海口,18.0
20201111,4,PM2.5_24h,海口,31.0
20201111,4,PM10,海口,45.0
20201111,4,PM10_24h,海口,68.0
20201111,4,SO2,海口,5.0
20201111,4,SO2_24h,海口,9.0
20201111,4,NO2,海口,3.0
20201111,4,NO2_24h,海口,10.0
20201111,4,O3,海口,97.0
20201111,4,O3_24h,海口,155.0
20201111,4,O3_8h,海口,100.0
20201111,4,O3_8h_24h,海口,104.0
20201111,4,CO,海口,0.32
20201111,4,CO_24h,海口,0.53
20201111,5,AQI,海口,44.0
20201111,5,PM2.5,海口,20.0
20201111,5,PM2.5_24h,海口,30.0
20201111,5,PM10,海口,44.0
20201111,5,PM10_24h,海口,66.0
20201111,5,SO2,海口,5.0
20201111,5,SO2_24h,海口,9.0
20201111,5,NO2,海口,4.0
20201111,5,NO2_24h,海口,10.0
20201111,5,O3,海口,107.0
20201111,5,O3_24h,海口,153.0
20201111,5,O3_8h,海口,101.0
20201111,5,O3_8h_24h,海口,105.0
20201111,5,CO,海口,0.35
20201111,5,CO_24h,海口,0.53
20201111,6,AQI,海口,51.0
20201111,6,PM2.5,海口,21.0
20201111,6,PM2.5_24h,海口,30.0
20201111,6,PM10,海口,52.0
20201111,6,PM10_24h,海口,65.0
20201111,6,SO2,海口,5.0
20201111,6,SO2_24h,海口,9.0
20201111,6,NO2,海口,5.0
20201111,6,NO2_24h,海口,10.0
20201111,6,O3,海口,100.0
20201111,6,O3_24h,海口,153.0
20201111,6,O3_8h,海口,101.0
20201111,6,O3_8h_24h,海口,105.0
20201111,6,CO,海口,0.38
20201111,6,CO_24h,海口,0.47
20201111,8,AQI,海口,52.0
20201111,8,PM2.5,海口,23.0
20201111,8,PM2.5_24h,海口,29.0
20201111,8,PM10,海口,54.0
20201111,8,PM10_24h,海口,64.0
20201111,8,SO2,海口,7.0
20201111,8,SO2_24h,海口,9.0
20201111,8,NO2,海口,7.0
20201111,8,NO2_24h,海口,10.0
20201111,8,O3,海口,102.0
20201111,8,O3_24h,海口,153.0
20201111,8,O3_8h,海口,101.0
20201111,8,O3_8h_24h,海口,105.0
20201111,8,CO,海口,0.4
20201111,8,CO_24h,海口,0.45
20201111,10,AQI,海口,55.0
20201111,10,PM2.5,海口,23.0
20201111,10,PM2.5_24h,海口,28.0
20201111,10,PM10,海口,59.0
20201111,10,PM10_24h,海口,61.0
20201111,10,SO2,海口,5.0
20201111,10,SO2_24h,海口,8.0
20201111,10,NO2,海口,9.0
20201111,10,NO2_24h,海口,9.0
20201111,10,O3,海口,94.0
20201111,10,O3_24h,海口,153.0
20201111,10,O3_8h,海口,100.0
20201111,10,O3_8h_24h,海口,106.0
20201111,10,CO,海口,0.3
20201111,10,CO_24h,海口,0.43
20201111,11,AQI,海口,52.0
20201111,11,PM2.5,海口,21.0
20201111,11,PM2.5_24h,海口,27.0
20201111,11,PM10,海口,53.0
20201111,11,PM10_24h,海口,60.0
20201111,11,SO2,海口,5.0
20201111,11,SO2_24h,海口,8.0
20201111,11,NO2,海口,8.0
20201111,11,NO2_24h,海口,8.0
20201111,11,O3,海口,93.0
20201111,11,O3_24h,海口,153.0
20201111,11,O3_8h,海口,100.0
20201111,11,O3_8h_24h,海口,107.0
20201111,11,CO,海口,0.32
20201111,11,CO_24h,海口,0.43
20201111,12,AQI,海口,51.0
20201111,12,PM2.5,海口,20.0
20201111,12,PM2.5_24h,海口,27.0
20201111,12,PM10,海口,51.0
20201111,12,PM10_24h,海口,59.0
20201111,12,SO2,海口,5.0
20201111,12,SO2_24h,海口,7.0
20201111,12,NO2,海口,7.0
20201111,12,NO2_24h,海口,8.0
20201111,12,O3,海口,96.0
20201111,12,O3_24h,海口,153.0
20201111,12,O3_8h,海口,99.0
20201111,12,O3_8h_24h,海口,107.0
20201111,12,CO,海口,0.32
20201111,12,CO_24h,海口,0.43
20201111,13,AQI,海口,49.0
20201111,13,PM2.5,海口,21.0
20201111,13,PM2.5_24h,海口,26.0
20201111,13,PM10,海口,49.0
20201111,13,PM10_24h,海口,57.0
20201111,13,SO2,海口,6.0
20201111,13,SO2_24h,海口,7.0
20201111,13,NO2,海口,6.0
20201111,13,NO2_24h,海口,8.0
20201111,13,O3,海口,117.0
20201111,13,O3_24h,海口,153.0
20201111,13,O3_8h,海口,101.0
20201111,13,O3_8h_24h,海口,107.0
20201111,13,CO,海口,0.37
20201111,13,CO_24h,海口,0.43
20201111,14,AQI,海口,64.0
20201111,14,PM2.5,海口,38.0
20201111,14,PM2.5_24h,海口,26.0
20201111,14,PM10,海口,77.0
20201111,14,PM10_24h,海口,57.0
20201111,14,SO2,海口,10.0
20201111,14,SO2_24h,海口,7.0
20201111,14,NO2,海口,11.0
20201111,14,NO2_24h,海口,8.0
20201111,14,O3,海口,152.0
20201111,14,O3_24h,海口,154.0
20201111,14,O3_8h,海口,108.0
20201111,14,O3_8h_24h,海口,109.0
20201111,14,CO,海口,0.53
20201111,14,CO_24h,海口,0.43
20201111,15,AQI,海口,64.0
20201111,15,PM2.5,海口,36.0
20201111,15,PM2.5_24h,海口,27.0
20201111,15,PM10,海口,78.0
20201111,15,PM10_24h,海口,57.0
20201111,15,SO2,海口,9.0
20201111,15,SO2_24h,海口,7.0
20201111,15,NO2,海口,11.0
20201111,15,NO2_24h,海口,8.0
20201111,15,O3,海口,158.0
20201111,15,O3_24h,海口,158.0
20201111,15,O3_8h,海口,116.0
20201111,15,O3_8h_24h,海口,116.0
20201111,15,CO,海口,0.53
20201111,15,CO_24h,海口,0.43
20201111,16,AQI,海口,62.0
20201111,16,PM2.5,海口,37.0
20201111,16,PM2.5_24h,海口,27.0
20201111,16,PM10,海口,74.0
20201111,16,PM10_24h,海口,57.0
20201111,16,SO2,海口,8.0
20201111,16,SO2_24h,海口,7.0
20201111,16,NO2,海口,11.0
20201111,16,NO2_24h,海口,8.0
20201111,16,O3,海口,161.0
20201111,16,O3_24h,海口,162.0
20201111,16,O3_8h,海口,124.0
20201111,16,O3_8h_24h,海口,124.0
20201111,16,CO,海口,0.5
20201111,16,CO_24h,海口,0.43
20201111,17,AQI,海口,65.0
20201111,17,PM2.5,海口,41.0
20201111,17,PM2.5_24h,海口,27.0
20201111,17,PM10,海口,72.0
20201111,17,PM10_24h,海口,58.0
20201111,17,SO2,海口,8.0
20201111,17,SO2_24h,海口,7.0
20201111,17,NO2,海口,11.0
20201111,17,NO2_24h,海口,8.0
20201111,17,O3,海口,172.0
20201111,17,O3_24h,海口,172.0
20201111,17,O3_8h,海口,134.0
20201111,17,O3_8h_24h,海口,134.0
20201111,17,CO,海口,0.53
20201111,17,CO_24h,海口,0.43
20201111,18,AQI,海口,62.0
20201111,18,PM2.5,海口,38.0
20201111,18,PM2.5_24h,海口,27.0
20201111,18,PM10,海口,74.0
20201111,18,PM10_24h,海口,59.0
20201111,18,SO2,海口,7.0
20201111,18,SO2_24h,海口,7.0
20201111,18,NO2,海口,10.0
20201111,18,NO2_24h,海口,8.0
20201111,18,O3,海口,166.0
20201111,18,O3_24h,海口,172.0
20201111,18,O3_8h,海口,141.0
20201111,18,O3_8h_24h,海口,141.0
20201111,18,CO,海口,0.5
20201111,18,CO_24h,海口,0.43
20201111,19,AQI,海口,55.0
20201111,19,PM2.5,海口,28.0
20201111,19,PM2.5_24h,海口,27.0
20201111,19,PM10,海口,59.0
20201111,19,PM10_24h,海口,59.0
20201111,19,SO2,海口,6.0
20201111,19,SO2_24h,海口,7.0
20201111,19,NO2,海口,8.0
20201111,19,NO2_24h,海口,8.0
20201111,19,O3,海口,139.0
20201111,19,O3_24h,海口,172.0
20201111,19,O3_8h,海口,145.0
20201111,19,O3_8h_24h,海口,145.0
20201111,19,CO,海口,0.4
20201111,19,CO_24h,海口,0.43
20201111,20,AQI,海口,46.0
20201111,20,PM2.5,海口,23.0
20201111,20,PM2.5_24h,海口,27.0
20201111,20,PM10,海口,46.0
20201111,20,PM10_24h,海口,59.0
20201111,20,SO2,海口,5.0
20201111,20,SO2_24h,海口,7.0
20201111,20,NO2,海口,7.0
20201111,20,NO2_24h,海口,8.0
20201111,20,O3,海口,120.0
20201111,20,O3_24h,海口,172.0
20201111,20,O3_8h,海口,148.0
20201111,20,O3_8h_24h,海口,148.0
20201111,20,CO,海口,0.35
20201111,20,CO_24h,海口,0.43
20201111,21,AQI,海口,34.0
20201111,21,PM2.5,海口,18.0
20201111,21,PM2.5_24h,海口,26.0
20201111,21,PM10,海口,34.0
20201111,21,PM10_24h,海口,58.0
20201111,21,SO2,海口,5.0
20201111,21,SO2_24h,海口,7.0
20201111,21,NO2,海口,8.0
20201111,21,NO2_24h,海口,8.0
20201111,21,O3,海口,99.0
20201111,21,O3_24h,海口,172.0
20201111,21,O3_8h,海口,146.0
20201111,21,O3_8h_24h,海口,148.0
20201111,21,CO,海口,0.32
20201111,21,CO_24h,海口,0.43
20201111,22,AQI,海口,29.0
20201111,22,PM2.5,海口,17.0
20201111,22,PM2.5_24h,海口,25.0
20201111,22,PM10,海口,29.0
20201111,22,PM10_24h,海口,56.0
20201111,22,SO2,海口,5.0
20201111,22,SO2_24h,海口,6.0
20201111,22,NO2,海口,8.0
20201111,22,NO2_24h,海口,7.0
20201111,22,O3,海口,92.0
20201111,22,O3_24h,海口,172.0
20201111,22,O3_8h,海口,138.0
20201111,22,O3_8h_24h,海口,148.0
20201111,22,CO,海口,0.32
20201111,22,CO_24h,海口,0.4
20201111,23,AQI,海口,32.0
20201111,23,PM2.5,海口,16.0
20201111,23,PM2.5_24h,海口,24.0
20201111,23,PM10,海口,30.0
20201111,23,PM10_24h,海口,55.0
20201111,23,SO2,海口,5.0
20201111,23,SO2_24h,海口,6.0
20201111,23,NO2,海口,7.0
20201111,23,NO2_24h,海口,7.0
20201111,23,O3,海口,101.0
20201111,23,O3_24h,海口,172.0
20201111,23,O3_8h,海口,131.0
20201111,23,O3_8h_24h,海口,148.0
20201111,23,CO,海口,0.35
20201111,23,CO_24h,海口,0.4
20201111,0,AQI,重庆,69.0
20201111,0,PM2.5,重庆,44.0
20201111,0,PM2.5_24h,重庆,53.0
20201111,0,PM10,重庆,87.0
20201111,0,PM10_24h,重庆,93.0
20201111,0,SO2,重庆,10.0
20201111,0,SO2_24h,重庆,9.0
20201111,0,NO2,重庆,71.0
20201111,0,NO2_24h,重庆,60.0
20201111,0,O3,重庆,28.0
20201111,0,O3_24h,重庆,106.0
20201111,0,O3_8h,重庆,49.0
20201111,0,O3_8h_24h,重庆,81.0
20201111,0,CO,重庆,0.91
20201111,0,CO_24h,重庆,0.99
20201111,1,AQI,重庆,69.0
20201111,1,PM2.5,重庆,44.0
20201111,1,PM2.5_24h,重庆,52.0
20201111,1,PM10,重庆,87.0
20201111,1,PM10_24h,重庆,92.0
20201111,1,SO2,重庆,9.0
20201111,1,SO2_24h,重庆,9.0
20201111,1,NO2,重庆,71.0
20201111,1,NO2_24h,重庆,60.0
20201111,1,O3,重庆,22.0
20201111,1,O3_24h,重庆,106.0
20201111,1,O3_8h,重庆,22.0
20201111,1,O3_8h_24h,重庆,22.0
20201111,1,CO,重庆,0.94
20201111,1,CO_24h,重庆,0.97
20201111,2,AQI,重庆,68.0
20201111,2,PM2.5,重庆,44.0
20201111,2,PM2.5_24h,重庆,51.0
20201111,2,PM10,重庆,85.0
20201111,2,PM10_24h,重庆,90.0
20201111,2,SO2,重庆,9.0
20201111,2,SO2_24h,重庆,9.0
20201111,2,NO2,重庆,69.0
20201111,2,NO2_24h,重庆,60.0
20201111,2,O3,重庆,20.0
20201111,2,O3_24h,重庆,106.0
20201111,2,O3_8h,重庆,21.0
20201111,2,O3_8h_24h,重庆,23.0
20201111,2,CO,重庆,0.99
20201111,2,CO_24h,重庆,0.96
20201111,3,AQI,重庆,67.0
20201111,3,PM2.5,重庆,45.0
20201111,3,PM2.5_24h,重庆,50.0
20201111,3,PM10,重庆,83.0
20201111,3,PM10_24h,重庆,89.0
20201111,3,SO2,重庆,9.0
20201111,3,SO2_24h,重庆,9.0
20201111,3,NO2,重庆,65.0
20201111,3,NO2_24h,重庆,60.0
20201111,3,O3,重庆,19.0
20201111,3,O3_24h,重庆,106.0
20201111,3,O3_8h,重庆,20.0
20201111,3,O3_8h_24h,重庆,23.0
20201111,3,CO,重庆,0.94
20201111,3,CO_24h,重庆,0.96
20201111,4,AQI,重庆,68.0
20201111,4,PM2.5,重庆,46.0
20201111,4,PM2.5_24h,重庆,50.0
20201111,4,PM10,重庆,85.0
20201111,4,PM10_24h,重庆,88.0
20201111,4,SO2,重庆,9.0
20201111,4,SO2_24h,重庆,9.0
20201111,4,NO2,重庆,60.0
20201111,4,NO2_24h,重庆,60.0
20201111,4,O3,重庆,19.0
20201111,4,O3_24h,重庆,106.0
20201111,4,O3_8h,重庆,20.0
20201111,4,O3_8h_24h,重庆,23.0
20201111,4,CO,重庆,0.94
20201111,4,CO_24h,重庆,0.96
20201111,5,AQI,重庆,69.0
20201111,5,PM2.5,重庆,49.0
20201111,5,PM2.5_24h,重庆,49.0
20201111,5,PM10,重庆,87.0
20201111,5,PM10_24h,重庆,88.0
20201111,5,SO2,重庆,9.0
20201111,5,SO2_24h,重庆,9.0
20201111,5,NO2,重庆,59.0
20201111,5,NO2_24h,重庆,61.0
20201111,5,O3,重庆,14.0
20201111,5,O3_24h,重庆,106.0
20201111,5,O3_8h,重庆,19.0
20201111,5,O3_8h_24h,重庆,23.0
20201111,5,CO,重庆,0.96
20201111,5,CO_24h,重庆,0.96
20201111,6,AQI,重庆,68.0
20201111,6,PM2.5,重庆,49.0
20201111,6,PM2.5_24h,重庆,48.0
20201111,6,PM10,重庆,85.0
20201111,6,PM10_24h,重庆,87.0
20201111,6,SO2,重庆,9.0
20201111,6,SO2_24h,重庆,10.0
20201111,6,NO2,重庆,60.0
20201111,6,NO2_24h,重庆,61.0
20201111,6,O3,重庆,10.0
20201111,6,O3_24h,重庆,106.0
20201111,6,O3_8h,重庆,17.0
20201111,6,O3_8h_24h,重庆,23.0
20201111,6,CO,重庆,0.92
20201111,6,CO_24h,重庆,0.95
20201111,8,AQI,重庆,69.0
20201111,8,PM2.5,重庆,47.0
20201111,8,PM2.5_24h,重庆,47.0
20201111,8,PM10,重庆,88.0
20201111,8,PM10_24h,重庆,85.0
20201111,8,SO2,重庆,12.0
20201111,8,SO2_24h,重庆,10.0
20201111,8,NO2,重庆,61.0
20201111,8,NO2_24h,重庆,61.0
20201111,8,O3,重庆,9.0
20201111,8,O3_24h,重庆,106.0
20201111,8,O3_8h,重庆,16.0
20201111,8,O3_8h_24h,重庆,23.0
20201111,8,CO,重庆,1.1
20201111,8,CO_24h,重庆,0.94
20201111,10,AQI,重庆,65.0
20201111,10,PM2.5,重庆,47.0
20201111,10,PM2.5_24h,重庆,45.0
20201111,10,PM10,重庆,80.0
20201111,10,PM10_24h,重庆,83.0
20201111,10,SO2,重庆,15.0
20201111,10,SO2_24h,重庆,10.0
20201111,10,NO2,重庆,63.0
20201111,10,NO2_24h,重庆,61.0
20201111,10,O3,重庆,17.0
20201111,10,O3_24h,重庆,106.0
20201111,10,O3_8h,重庆,14.0
20201111,10,O3_8h_24h,重庆,23.0
20201111,10,CO,重庆,1.01
20201111,10,CO_24h,重庆,0.93
20201111,11,AQI,重庆,64.0
20201111,11,PM2.5,重庆,45.0
20201111,11,PM2.5_24h,重庆,45.0
20201111,11,PM10,重庆,78.0
20201111,11,PM10_24h,重庆,83.0
20201111,11,SO2,重庆,16.0
20201111,11,SO2_24h,重庆,10.0
20201111,11,NO2,重庆,61.0
20201111,11,NO2_24h,重庆,61.0
20201111,11,O3,重庆,31.0
20201111,11,O3_24h,重庆,106.0
20201111,11,O3_8h,重庆,15.0
20201111,11,O3_8h_24h,重庆,25.0
20201111,11,CO,重庆,0.9
20201111,11,CO_24h,重庆,0.89
20201111,12,AQI,重庆,60.0
20201111,12,PM2.5,重庆,40.0
20201111,12,PM2.5_24h,重庆,44.0
20201111,12,PM10,重庆,69.0
20201111,12,PM10_24h,重庆,82.0
20201111,12,SO2,重庆,15.0
20201111,12,SO2_24h,重庆,10.0
20201111,12,NO2,重庆,54.0
20201111,12,NO2_24h,重庆,61.0
20201111,12,O3,重庆,49.0
20201111,12,O3_24h,重庆,106.0
20201111,12,O3_8h,重庆,19.0
20201111,12,O3_8h_24h,重庆,28.0
20201111,12,CO,重庆,0.8
20201111,12,CO_24h,重庆,0.89
20201111,13,AQI,重庆,52.0
20201111,13,PM2.5,重庆,32.0
20201111,13,PM2.5_24h,重庆,43.0
20201111,13,PM10,重庆,54.0
20201111,13,PM10_24h,重庆,81.0
20201111,13,SO2,重庆,13.0
20201111,13,SO2_24h,重庆,10.0
20201111,13,NO2,重庆,45.0
20201111,13,NO2_24h,重庆,61.0
20201111,13,O3,重庆,66.0
20201111,13,O3_24h,重庆,106.0
20201111,13,O3_8h,重庆,25.0
20201111,13,O3_8h_24h,重庆,33.0
20201111,13,CO,重庆,0.66
20201111,13,CO_24h,重庆,0.88
20201111,14,AQI,重庆,48.0
20201111,14,PM2.5,重庆,27.0
20201111,14,PM2.5_24h,重庆,43.0
20201111,14,PM10,重庆,48.0
20201111,14,PM10_24h,重庆,80.0
20201111,14,SO2,重庆,11.0
20201111,14,SO2_24h,重庆,10.0
20201111,14,NO2,重庆,40.0
20201111,14,NO2_24h,重庆,61.0
20201111,14,O3,重庆,81.0
20201111,14,O3_24h,重庆,106.0
20201111,14,O3_8h,重庆,34.0
20201111,14,O3_8h_24h,重庆,40.0
20201111,14,CO,重庆,0.6
20201111,14,CO_24h,重庆,0.88
20201111,15,AQI,重庆,46.0
20201111,15,PM2.5,重庆,25.0
20201111,15,PM2.5_24h,重庆,42.0
20201111,15,PM10,重庆,46.0
20201111,15,PM10_24h,重庆,79.0
20201111,15,SO2,重庆,10.0
20201111,15,SO2_24h,重庆,11.0
20201111,15,NO2,重庆,40.0
20201111,15,NO2_24h,重庆,61.0
20201111,15,O3,重庆,87.0
20201111,15,O3_24h,重庆,106.0
20201111,15,O3_8h,重庆,43.0
20201111,15,O3_8h_24h,重庆,47.0
20201111,15,CO,重庆,0.58
20201111,15,CO_24h,重庆,0.87
20201111,16,AQI,重庆,49.0
20201111,16,PM2.5,重庆,25.0
20201111,16,PM2.5_24h,重庆,42.0
20201111,16,PM10,重庆,49.0
20201111,16,PM10_24h,重庆,78.0
20201111,16,SO2,重庆,9.0
20201111,16,SO2_24h,重庆,11.0
20201111,16,NO2,重庆,40.0
20201111,16,NO2_24h,重庆,61.0
20201111,16,O3,重庆,94.0
20201111,16,O3_24h,重庆,103.0
20201111,16,O3_8h,重庆,54.0
20201111,16,O3_8h_24h,重庆,56.0
20201111,16,CO,重庆,0.54
20201111,16,CO_24h,重庆,0.87
20201111,17,AQI,重庆,55.0
20201111,17,PM2.5,重庆,27.0
20201111,17,PM2.5_24h,重庆,41.0
20201111,17,PM10,重庆,59.0
20201111,17,PM10_24h,重庆,78.0
20201111,17,SO2,重庆,9.0
20201111,17,SO2_24h,重庆,11.0
20201111,17,NO2,重庆,48.0
20201111,17,NO2_24h,重庆,61.0
20201111,17,O3,重庆,91.0
20201111,17,O3_24h,重庆,99.0
20201111,17,O3_8h,重庆,64.0
20201111,17,O3_8h_24h,重庆,65.0
20201111,17,CO,重庆,0.6
20201111,17,CO_24h,重庆,0.87
20201111,18,AQI,重庆,62.0
20201111,18,PM2.5,重庆,31.0
20201111,18,PM2.5_24h,重庆,41.0
20201111,18,PM10,重庆,73.0
20201111,18,PM10_24h,重庆,78.0
20201111,18,SO2,重庆,10.0
20201111,18,SO2_24h,重庆,11.0
20201111,18,NO2,重庆,64.0
20201111,18,NO2_24h,重庆,62.0
20201111,18,O3,重庆,78.0
20201111,18,O3_24h,重庆,99.0
20201111,18,O3_8h,重庆,72.0
20201111,18,O3_8h_24h,重庆,72.0
20201111,18,CO,重庆,0.7
20201111,18,CO_24h,重庆,0.87
20201111,19,AQI,重庆,66.0
20201111,19,PM2.5,重庆,36.0
20201111,19,PM2.5_24h,重庆,41.0
20201111,19,PM10,重庆,81.0
20201111,19,PM10_24h,重庆,78.0
20201111,19,SO2,重庆,10.0
20201111,19,SO2_24h,重庆,11.0
20201111,19,NO2,重庆,81.0
20201111,19,NO2_24h,重庆,62.0
20201111,19,O3,重庆,49.0
20201111,19,O3_24h,重庆,99.0
20201111,19,O3_8h,重庆,74.0
20201111,19,O3_8h_24h,重庆,75.0
20201111,19,CO,重庆,0.97
20201111,19,CO_24h,重庆,0.88
20201111,20,AQI,重庆,66.0
20201111,20,PM2.5,重庆,39.0
20201111,20,PM2.5_24h,重庆,41.0
20201111,20,PM10,重庆,82.0
20201111,20,PM10_24h,重庆,77.0
20201111,20,SO2,重庆,9.0
20201111,20,SO2_24h,重庆,11.0
20201111,20,NO2,重庆,77.0
20201111,20,NO2_24h,重庆,62.0
20201111,20,O3,重庆,42.0
20201111,20,O3_24h,重庆,99.0
20201111,20,O3_8h,重庆,73.0
20201111,20,O3_8h_24h,重庆,76.0
20201111,20,CO,重庆,1.11
20201111,20,CO_24h,重庆,0.89
20201111,21,AQI,重庆,65.0
20201111,21,PM2.5,重庆,41.0
20201111,21,PM2.5_24h,重庆,40.0
20201111,21,PM10,重庆,80.0
20201111,21,PM10_24h,重庆,77.0
20201111,21,SO2,重庆,8.0
20201111,21,SO2_24h,重庆,11.0
20201111,21,NO2,重庆,73.0
20201111,21,NO2_24h,重庆,62.0
20201111,21,O3,重庆,39.0
20201111,21,O3_24h,重庆,99.0
20201111,21,O3_8h,重庆,70.0
20201111,21,O3_8h_24h,重庆,76.0
20201111,21,CO,重庆,1.11
20201111,21,CO_24h,重庆,0.88
20201111,22,AQI,重庆,65.0
20201111,22,PM2.5,重庆,38.0
20201111,22,PM2.5_24h,重庆,40.0
20201111,22,PM10,重庆,79.0
20201111,22,PM10_24h,重庆,76.0
20201111,22,SO2,重庆,9.0
20201111,22,SO2_24h,重庆,10.0
20201111,22,NO2,重庆,77.0
20201111,22,NO2_24h,重庆,61.0
20201111,22,O3,重庆,29.0
20201111,22,O3_24h,重庆,99.0
20201111,22,O3_8h,重庆,63.0
20201111,22,O3_8h_24h,重庆,76.0
20201111,22,CO,重庆,1.09
20201111,22,CO_24h,重庆,0.89
20201111,23,AQI,重庆,68.0
20201111,23,PM2.5,重庆,38.0
20201111,23,PM2.5_24h,重庆,40.0
20201111,23,PM10,重庆,85.0
20201111,23,PM10_24h,重庆,76.0
20201111,23,SO2,重庆,9.0
20201111,23,SO2_24h,重庆,10.0
20201111,23,NO2,重庆,75.0
20201111,23,NO2_24h,重庆,62.0
20201111,23,O3,重庆,25.0
20201111,23,O3_24h,重庆,99.0
20201111,23,O3_8h,重庆,55.0
20201111,23,O3_8h_24h,重庆,76.0
20201111,23,CO,重庆,1.1
20201111,23,CO_24h,重庆,0.91
20201111,0,AQI,成都,136.0
20201111,0,PM2.5,成都,104.0
20201111,0,PM2.5_24h,成都,103.0
20201111,0,PM10,成都,145.0
20201111,0,PM10_24h,成都,148.0
20201111,0,SO2,成都,10.0
20201111,0,SO2_24h,成都,8.0
20201111,0,NO2,成都,64.0
20201111,0,NO2_24h,成都,72.0
20201111,0,O3,成都,10.0
20201111,0,O3_24h,成都,73.0
20201111,0,O3_8h,成都,30.0
20201111,0,O3_8h_24h,成都,47.0
20201111,0,CO,成都,0.8
20201111,0,CO_24h,成都,1.1
20201111,1,AQI,成都,135.0
20201111,1,PM2.5,成都,103.0
20201111,1,PM2.5_24h,成都,103.0
20201111,1,PM10,成都,143.0
20201111,1,PM10_24h,成都,148.0
20201111,1,SO2,成都,11.0
20201111,1,SO2_24h,成都,8.0
20201111,1,NO2,成都,56.0
20201111,1,NO2_24h,成都,71.0
20201111,1,O3,成都,15.0
20201111,1,O3_24h,成都,73.0
20201111,1,O3_8h,成都,15.0
20201111,1,O3_8h_24h,成都,15.0
20201111,1,CO,成都,0.77
20201111,1,CO_24h,成都,1.1
20201111,2,AQI,成都,136.0
20201111,2,PM2.5,成都,104.0
20201111,2,PM2.5_24h,成都,103.0
20201111,2,PM10,成都,145.0
20201111,2,PM10_24h,成都,149.0
20201111,2,SO2,成都,13.0
20201111,2,SO2_24h,成都,8.0
20201111,2,NO2,成都,51.0
20201111,2,NO2_24h,成都,71.0
20201111,2,O3,成都,16.0
20201111,2,O3_24h,成都,73.0
20201111,2,O3_8h,成都,17.0
20201111,2,O3_8h_24h,成都,17.0
20201111,2,CO,成都,0.76
20201111,2,CO_24h,成都,1.06
20201111,3,AQI,成都,135.0
20201111,3,PM2.5,成都,103.0
20201111,3,PM2.5_24h,成都,104.0
20201111,3,PM10,成都,143.0
20201111,3,PM10_24h,成都,149.0
20201111,3,SO2,成都,13.0
20201111,3,SO2_24h,成都,8.0
20201111,3,NO2,成都,47.0
20201111,3,NO2_24h,成都,70.0
20201111,3,O3,成都,20.0
20201111,3,O3_24h,成都,73.0
20201111,3,O3_8h,成都,18.0
20201111,3,O3_8h_24h,成都,18.0
20201111,3,CO,成都,0.73
20201111,3,CO_24h,成都,1.04
20201111,4,AQI,成都,135.0
20201111,4,PM2.5,成都,103.0
20201111,4,PM2.5_24h,成都,104.0
20201111,4,PM10,成都,141.0
20201111,4,PM10_24h,成都,150.0
20201111,4,SO2,成都,13.0
20201111,4,SO2_24h,成都,9.0
20201111,4,NO2,成都,45.0
20201111,4,NO2_24h,成都,69.0
20201111,4,O3,成都,21.0
20201111,4,O3_24h,成都,73.0
20201111,4,O3_8h,成都,18.0
20201111,4,O3_8h_24h,成都,19.0
20201111,4,CO,成都,0.73
20201111,4,CO_24h,成都,1.01
20201111,5,AQI,成都,135.0
20201111,5,PM2.5,成都,103.0
20201111,5,PM2.5_24h,成都,104.0
20201111,5,PM10,成都,139.0
20201111,5,PM10_24h,成都,150.0
20201111,5,SO2,成都,12.0
20201111,5,SO2_24h,成都,9.0
20201111,5,NO2,成都,45.0
20201111,5,NO2_24h,成都,68.0
20201111,5,O3,成都,18.0
20201111,5,O3_24h,成都,73.0
20201111,5,O3_8h,成都,18.0
20201111,5,O3_8h_24h,成都,19.0
20201111,5,CO,成都,0.74
20201111,5,CO_24h,成都,1.01
20201111,6,AQI,成都,138.0
20201111,6,PM2.5,成都,105.0
20201111,6,PM2.5_24h,成都,105.0
20201111,6,PM10,成都,139.0
20201111,6,PM10_24h,成都,150.0
20201111,6,SO2,成都,12.0
20201111,6,SO2_24h,成都,9.0
20201111,6,NO2,成都,46.0
20201111,6,NO2_24h,成都,67.0
20201111,6,O3,成都,13.0
20201111,6,O3_24h,成都,73.0
20201111,6,O3_8h,成都,17.0
20201111,6,O3_8h_24h,成都,19.0
20201111,6,CO,成都,0.8
20201111,6,CO_24h,成都,0.99
20201111,8,AQI,成都,145.0
20201111,8,PM2.5,成都,111.0
20201111,8,PM2.5_24h,成都,105.0
20201111,8,PM10,成都,143.0
20201111,8,PM10_24h,成都,150.0
20201111,8,SO2,成都,12.0
20201111,8,SO2_24h,成都,10.0
20201111,8,NO2,成都,52.0
20201111,8,NO2_24h,成都,66.0
20201111,8,O3,成都,6.0
20201111,8,O3_24h,成都,73.0
20201111,8,O3_8h,成都,15.0
20201111,8,O3_8h_24h,成都,19.0
20201111,8,CO,成都,0.96
20201111,8,CO_24h,成都,0.96
20201111,10,AQI,成都,150.0
20201111,10,PM2.5,成都,115.0
20201111,10,PM2.5_24h,成都,107.0
20201111,10,PM10,成都,148.0
20201111,10,PM10_24h,成都,150.0
20201111,10,SO2,成都,16.0
20201111,10,SO2_24h,成都,11.0
20201111,10,NO2,成都,59.0
20201111,10,NO2_24h,成都,65.0
20201111,10,O3,成都,15.0
20201111,10,O3_24h,成都,73.0
20201111,10,O3_8h,成都,13.0
20201111,10,O3_8h_24h,成都,17.0
20201111,10,CO,成都,1.1
20201111,10,CO_24h,成都,0.91
20201111,11,AQI,成都,149.0
20201111,11,PM2.5,成都,114.0
20201111,11,PM2.5_24h,成都,108.0
20201111,11,PM10,成都,148.0
20201111,11,PM10_24h,成都,150.0
20201111,11,SO2,成都,15.0
20201111,11,SO2_24h,成都,11.0
20201111,11,NO2,成都,63.0
20201111,11,NO2_24h,成都,64.0
20201111,11,O3,成都,26.0
20201111,11,O3_24h,成都,73.0
20201111,11,O3_8h,成都,14.0
20201111,11,O3_8h_24h,成都,18.0
20201111,11,CO,成都,1.09
20201111,11,CO_24h,成都,0.91
20201111,12,AQI,成都,143.0
20201111,12,PM2.5,成都,109.0
20201111,12,PM2.5_24h,成都,108.0
20201111,12,PM10,成都,144.0
20201111,12,PM10_24h,成都,150.0
20201111,12,SO2,成都,14.0
20201111,12,SO2_24h,成都,11.0
20201111,12,NO2,成都,57.0
20201111,12,NO2_24h,成都,63.0
20201111,12,O3,成都,51.0
20201111,12,O3_24h,成都,73.0
20201111,12,O3_8h,成都,18.0
20201111,12,O3_8h_24h,成都,20.0
20201111,12,CO,成都,1.0
20201111,12,CO_24h,成都,0.9
20201111,13,AQI,成都,135.0
20201111,13,PM2.5,成都,103.0
20201111,13,PM2.5_24h,成都,108.0
20201111,13,PM10,成都,138.0
20201111,13,PM10_24h,成都,149.0
20201111,13,SO2,成都,12.0
20201111,13,SO2_24h,成都,11.0
20201111,13,NO2,成都,49.0
20201111,13,NO2_24h,成都,61.0
20201111,13,O3,成都,76.0
20201111,13,O3_24h,成都,82.0
20201111,13,O3_8h,成都,25.0
20201111,13,O3_8h_24h,成都,27.0
20201111,13,CO,成都,0.93
20201111,13,CO_24h,成都,0.89
20201111,14,AQI,成都,138.0
20201111,14,PM2.5,成都,105.0
20201111,14,PM2.5_24h,成都,108.0
20201111,14,PM10,成都,143.0
20201111,14,PM10_24h,成都,148.0
20201111,14,SO2,成都,12.0
20201111,14,SO2_24h,成都,11.0
20201111,14,NO2,成都,47.0
20201111,14,NO2_24h,成都,59.0
20201111,14,O3,成都,88.0
20201111,14,O3_24h,成都,94.0
20201111,14,O3_8h,成都,35.0
20201111,14,O3_8h_24h,成都,36.0
20201111,14,CO,成都,0.86
20201111,14,CO_24h,成都,0.87
20201111,15,AQI,成都,135.0
20201111,15,PM2.5,成都,103.0
20201111,15,PM2.5_24h,成都,108.0
20201111,15,PM10,成都,139.0
20201111,15,PM10_24h,成都,148.0
20201111,15,SO2,成都,12.0
20201111,15,SO2_24h,成都,11.0
20201111,15,NO2,成都,43.0
20201111,15,NO2_24h,成都,57.0
20201111,15,O3,成都,93.0
20201111,15,O3_24h,成都,101.0
20201111,15,O3_8h,成都,45.0
20201111,15,O3_8h_24h,成都,45.0
20201111,15,CO,成都,0.77
20201111,15,CO_24h,成都,0.86
20201111,16,AQI,成都,133.0
20201111,16,PM2.5,成都,101.0
20201111,16,PM2.5_24h,成都,108.0
20201111,16,PM10,成都,138.0
20201111,16,PM10_24h,成都,147.0
20201111,16,SO2,成都,10.0
20201111,16,SO2_24h,成都,12.0
20201111,16,NO2,成都,43.0
20201111,16,NO2_24h,成都,56.0
20201111,16,O3,成都,91.0
20201111,16,O3_24h,成都,100.0
20201111,16,O3_8h,成都,56.0
20201111,16,O3_8h_24h,成都,56.0
20201111,16,CO,成都,0.79
20201111,16,CO_24h,成都,0.87
20201111,17,AQI,成都,128.0
20201111,17,PM2.5,成都,97.0
20201111,17,PM2.5_24h,成都,107.0
20201111,17,PM10,成都,137.0
20201111,17,PM10_24h,成都,146.0
20201111,17,SO2,成都,10.0
20201111,17,SO2_24h,成都,12.0
20201111,17,NO2,成都,45.0
20201111,17,NO2_24h,成都,55.0
20201111,17,O3,成都,84.0
20201111,17,O3_24h,成都,99.0
20201111,17,O3_8h,成都,66.0
20201111,17,O3_8h_24h,成都,66.0
20201111,17,CO,成都,0.79
20201111,17,CO_24h,成都,0.86
20201111,18,AQI,成都,128.0
20201111,18,PM2.5,成都,97.0
20201111,18,PM2.5_24h,成都,106.0
20201111,18,PM10,成都,137.0
20201111,18,PM10_24h,成都,145.0
20201111,18,SO2,成都,10.0
20201111,18,SO2_24h,成都,11.0
20201111,18,NO2,成都,50.0
20201111,18,NO2_24h,成都,54.0
20201111,18,O3,成都,74.0
20201111,18,O3_24h,成都,98.0
20201111,18,O3_8h,成都,73.0
20201111,18,O3_8h_24h,成都,73.0
20201111,18,CO,成都,0.8
20201111,18,CO_24h,成都,0.86
20201111,19,AQI,成都,125.0
20201111,19,PM2.5,成都,95.0
20201111,19,PM2.5_24h,成都,105.0
20201111,19,PM10,成都,134.0
20201111,19,PM10_24h,成都,143.0
20201111,19,SO2,成都,9.0
20201111,19,SO2_24h,成都,11.0
20201111,19,NO2,成都,54.0
20201111,19,NO2_24h,成都,53.0
20201111,19,O3,成都,63.0
20201111,19,O3_24h,成都,98.0
20201111,19,O3_8h,成都,78.0
20201111,19,O3_8h_24h,成都,78.0
20201111,19,CO,成都,0.84
20201111,19,CO_24h,成都,0.86
20201111,20,AQI,成都,124.0
20201111,20,PM2.5,成都,94.0
20201111,20,PM2.5_24h,成都,105.0
20201111,20,PM10,成都,131.0
20201111,20,PM10_24h,成都,142.0
20201111,20,SO2,成都,8.0
20201111,20,SO2_24h,成都,11.0
20201111,20,NO2,成都,56.0
20201111,20,NO2_24h,成都,53.0
20201111,20,O3,成都,51.0
20201111,20,O3_24h,成都,98.0
20201111,20,O3_8h,成都,78.0
20201111,20,O3_8h_24h,成都,78.0
20201111,20,CO,成都,0.86
20201111,20,CO_24h,成都,0.86
20201111,21,AQI,成都,129.0
20201111,21,PM2.5,成都,98.0
20201111,21,PM2.5_24h,成都,104.0
20201111,21,PM10,成都,135.0
20201111,21,PM10_24h,成都,141.0
20201111,21,SO2,成都,10.0
20201111,21,SO2_24h,成都,12.0
20201111,21,NO2,成都,61.0
20201111,21,NO2_24h,成都,53.0
20201111,21,O3,成都,34.0
20201111,21,O3_24h,成都,98.0
20201111,21,O3_8h,成都,73.0
20201111,21,O3_8h_24h,成都,78.0
20201111,21,CO,成都,0.87
20201111,21,CO_24h,成都,0.86
20201111,22,AQI,成都,129.0
20201111,22,PM2.5,成都,98.0
20201111,22,PM2.5_24h,成都,104.0
20201111,22,PM10,成都,133.0
20201111,22,PM10_24h,成都,141.0
20201111,22,SO2,成都,10.0
20201111,22,SO2_24h,成都,12.0
20201111,22,NO2,成都,65.0
20201111,22,NO2_24h,成都,53.0
20201111,22,O3,成都,25.0
20201111,22,O3_24h,成都,98.0
20201111,22,O3_8h,成都,64.0
20201111,22,O3_8h_24h,成都,78.0
20201111,22,CO,成都,0.89
20201111,22,CO_24h,成都,0.86
20201111,23,AQI,成都,125.0
20201111,23,PM2.5,成都,95.0
20201111,23,PM2.5_24h,成都,103.0
20201111,23,PM10,成都,127.0
20201111,23,PM10_24h,成都,140.0
20201111,23,SO2,成都,9.0
20201111,23,SO2_24h,成都,12.0
20201111,23,NO2,成都,62.0
20201111,23,NO2_24h,成都,52.0
20201111,23,O3,成都,24.0
20201111,23,O3_24h,成都,98.0
20201111,23,O3_8h,成都,56.0
20201111,23,O3_8h_24h,成都,78.0
20201111,23,CO,成都,0.87
20201111,23,CO_24h,成都,0.87
20201111,0,AQI,贵阳,87.0
20201111,0,PM2.5,贵阳,56.0
20201111,0,PM2.5_24h,贵阳,34.0
20201111,0,PM10,贵阳,123.0
20201111,0,PM10_24h,贵阳,80.0
20201111,0,SO2,贵阳,20.0
20201111,0,SO2_24h,贵阳,16.0
20201111,0,NO2,贵阳,52.0
20201111,0,NO2_24h,贵阳,40.0
20201111,0,O3,贵阳,18.0
20201111,0,O3_24h,贵阳,106.0
20201111,0,O3_8h,贵阳,44.0
20201111,0,O3_8h_24h,贵阳,90.0
20201111,0,CO,贵阳,0.92
20201111,0,CO_24h,贵阳,0.7
20201111,1,AQI,贵阳,83.0
20201111,1,PM2.5,贵阳,53.0
20201111,1,PM2.5_24h,贵阳,35.0
20201111,1,PM10,贵阳,116.0
20201111,1,PM10_24h,贵阳,81.0
20201111,1,SO2,贵阳,19.0
20201111,1,SO2_24h,贵阳,16.0
20201111,1,NO2,贵阳,49.0
20201111,1,NO2_24h,贵阳,40.0
20201111,1,O3,贵阳,18.0
20201111,1,O3_24h,贵阳,106.0
20201111,1,O3_8h,贵阳,18.0
20201111,1,O3_8h_24h,贵阳,18.0
20201111,1,CO,贵阳,0.87
20201111,1,CO_24h,贵阳,0.7
20201111,2,AQI,贵阳,81.0
20201111,2,PM2.5,贵阳,50.0
20201111,2,PM2.5_24h,贵阳,35.0
20201111,2,PM10,贵阳,111.0
20201111,2,PM10_24h,贵阳,82.0
20201111,2,SO2,贵阳,17.0
20201111,2,SO2_24h,贵阳,16.0
20201111,2,NO2,贵阳,48.0
20201111,2,NO2_24h,贵阳,40.0
20201111,2,O3,贵阳,15.0
20201111,2,O3_24h,贵阳,106.0
20201111,2,O3_8h,贵阳,17.0
20201111,2,O3_8h_24h,贵阳,19.0
20201111,2,CO,贵阳,0.8
20201111,2,CO_24h,贵阳,0.7
20201111,3,AQI,贵阳,76.0
20201111,3,PM2.5,贵阳,44.0
20201111,3,PM2.5_24h,贵阳,35.0
20201111,3,PM10,贵阳,101.0
20201111,3,PM10_24h,贵阳,82.0
20201111,3,SO2,贵阳,16.0
20201111,3,SO2_24h,贵阳,16.0
20201111,3,NO2,贵阳,47.0
20201111,3,NO2_24h,贵阳,41.0
20201111,3,O3,贵阳,12.0
20201111,3,O3_24h,贵阳,106.0
20201111,3,O3_8h,贵阳,15.0
20201111,3,O3_8h_24h,贵阳,19.0
20201111,3,CO,贵阳,0.79
20201111,3,CO_24h,贵阳,0.71
20201111,4,AQI,贵阳,74.0
20201111,4,PM2.5,贵阳,42.0
20201111,4,PM2.5_24h,贵阳,35.0
20201111,4,PM10,贵阳,97.0
20201111,4,PM10_24h,贵阳,82.0
20201111,4,SO2,贵阳,14.0
20201111,4,SO2_24h,贵阳,16.0
20201111,4,NO2,贵阳,46.0
20201111,4,NO2_24h,贵阳,41.0
20201111,4,O3,贵阳,9.0
20201111,4,O3_24h,贵阳,106.0
20201111,4,O3_8h,贵阳,13.0
20201111,4,O3_8h_24h,贵阳,19.0
20201111,4,CO,贵阳,0.72
20201111,4,CO_24h,贵阳,0.71
20201111,5,AQI,贵阳,69.0
20201111,5,PM2.5,贵阳,37.0
20201111,5,PM2.5_24h,贵阳,35.0
20201111,5,PM10,贵阳,88.0
20201111,5,PM10_24h,贵阳,82.0
20201111,5,SO2,贵阳,14.0
20201111,5,SO2_24h,贵阳,16.0
20201111,5,NO2,贵阳,46.0
20201111,5,NO2_24h,贵阳,41.0
20201111,5,O3,贵阳,8.0
20201111,5,O3_24h,贵阳,106.0
20201111,5,O3_8h,贵阳,12.0
20201111,5,O3_8h_24h,贵阳,19.0
20201111,5,CO,贵阳,0.69
20201111,5,CO_24h,贵阳,0.73
20201111,6,AQI,贵阳,67.0
20201111,6,PM2.5,贵阳,38.0
20201111,6,PM2.5_24h,贵阳,35.0
20201111,6,PM10,贵阳,83.0
20201111,6,PM10_24h,贵阳,82.0
20201111,6,SO2,贵阳,14.0
20201111,6,SO2_24h,贵阳,16.0
20201111,6,NO2,贵阳,45.0
20201111,6,NO2_24h,贵阳,41.0
20201111,6,O3,贵阳,6.0
20201111,6,O3_24h,贵阳,106.0
20201111,6,O3_8h,贵阳,11.0
20201111,6,O3_8h_24h,贵阳,19.0
20201111,6,CO,贵阳,0.69
20201111,6,CO_24h,贵阳,0.74
20201111,8,AQI,贵阳,65.0
20201111,8,PM2.5,贵阳,36.0
20201111,8,PM2.5_24h,贵阳,35.0
20201111,8,PM10,贵阳,80.0
20201111,8,PM10_24h,贵阳,83.0
20201111,8,SO2,贵阳,15.0
20201111,8,SO2_24h,贵阳,16.0
20201111,8,NO2,贵阳,40.0
20201111,8,NO2_24h,贵阳,41.0
20201111,8,O3,贵阳,7.0
20201111,8,O3_24h,贵阳,106.0
20201111,8,O3_8h,贵阳,10.0
20201111,8,O3_8h_24h,贵阳,19.0
20201111,8,CO,贵阳,0.84
20201111,8,CO_24h,贵阳,0.74
20201111,10,AQI,贵阳,78.0
20201111,10,PM2.5,贵阳,50.0
20201111,10,PM2.5_24h,贵阳,36.0
20201111,10,PM10,贵阳,105.0
20201111,10,PM10_24h,贵阳,83.0
20201111,10,SO2,贵阳,22.0
20201111,10,SO2_24h,贵阳,16.0
20201111,10,NO2,贵阳,55.0
20201111,10,NO2_24h,贵阳,41.0
20201111,10,O3,贵阳,22.0
20201111,10,O3_24h,贵阳,106.0
20201111,10,O3_8h,贵阳,10.0
20201111,10,O3_8h_24h,贵阳,20.0
20201111,10,CO,贵阳,0.98
20201111,10,CO_24h,贵阳,0.74
20201111,11,AQI,贵阳,75.0
20201111,11,PM2.5,贵阳,43.0
20201111,11,PM2.5_24h,贵阳,36.0
20201111,11,PM10,贵阳,100.0
20201111,11,PM10_24h,贵阳,83.0
20201111,11,SO2,贵阳,23.0
20201111,11,SO2_24h,贵阳,16.0
20201111,11,NO2,贵阳,60.0
20201111,11,NO2_24h,贵阳,42.0
20201111,11,O3,贵阳,39.0
20201111,11,O3_24h,贵阳,106.0
20201111,11,O3_8h,贵阳,13.0
20201111,11,O3_8h_24h,贵阳,22.0
20201111,11,CO,贵阳,0.8
20201111,11,CO_24h,贵阳,0.74
20201111,12,AQI,贵阳,69.0
20201111,12,PM2.5,贵阳,38.0
20201111,12,PM2.5_24h,贵阳,36.0
20201111,12,PM10,贵阳,88.0
20201111,12,PM10_24h,贵阳,83.0
20201111,12,SO2,贵阳,19.0
20201111,12,SO2_24h,贵阳,16.0
20201111,12,NO2,贵阳,52.0
20201111,12,NO2_24h,贵阳,43.0
20201111,12,O3,贵阳,60.0
20201111,12,O3_24h,贵阳,106.0
20201111,12,O3_8h,贵阳,20.0
20201111,12,O3_8h_24h,贵阳,27.0
20201111,12,CO,贵阳,0.68
20201111,12,CO_24h,贵阳,0.74
20201111,13,AQI,贵阳,63.0
20201111,13,PM2.5,贵阳,36.0
20201111,13,PM2.5_24h,贵阳,36.0
20201111,13,PM10,贵阳,75.0
20201111,13,PM10_24h,贵阳,83.0
20201111,13,SO2,贵阳,16.0
20201111,13,SO2_24h,贵阳,16.0
20201111,13,NO2,贵阳,31.0
20201111,13,NO2_24h,贵阳,43.0
20201111,13,O3,贵阳,81.0
20201111,13,O3_24h,贵阳,106.0
20201111,13,O3_8h,贵阳,28.0
20201111,13,O3_8h_24h,贵阳,34.0
20201111,13,CO,贵阳,0.5
20201111,13,CO_24h,贵阳,0.74
20201111,14,AQI,贵阳,53.0
20201111,14,PM2.5,贵阳,22.0
20201111,14,PM2.5_24h,贵阳,36.0
20201111,14,PM10,贵阳,55.0
20201111,14,PM10_24h,贵阳,84.0
20201111,14,SO2,贵阳,12.0
20201111,14,SO2_24h,贵阳,16.0
20201111,14,NO2,贵阳,21.0
20201111,14,NO2_24h,贵阳,43.0
20201111,14,O3,贵阳,97.0
20201111,14,O3_24h,贵阳,106.0
20201111,14,O3_8h,贵阳,39.0
20201111,14,O3_8h_24h,贵阳,42.0
20201111,14,CO,贵阳,0.4
20201111,14,CO_24h,贵阳,0.74
20201111,15,AQI,贵阳,44.0
20201111,15,PM2.5,贵阳,17.0
20201111,15,PM2.5_24h,贵阳,36.0
20201111,15,PM10,贵阳,44.0
20201111,15,PM10_24h,贵阳,84.0
20201111,15,SO2,贵阳,11.0
20201111,15,SO2_24h,贵阳,16.0
20201111,15,NO2,贵阳,21.0
20201111,15,NO2_24h,贵阳,43.0
20201111,15,O3,贵阳,103.0
20201111,15,O3_24h,贵阳,107.0
20201111,15,O3_8h,贵阳,51.0
20201111,15,O3_8h_24h,贵阳,54.0
20201111,15,CO,贵阳,0.41
20201111,15,CO_24h,贵阳,0.76
20201111,16,AQI,贵阳,47.0
20201111,16,PM2.5,贵阳,16.0
20201111,16,PM2.5_24h,贵阳,37.0
20201111,16,PM10,贵阳,47.0
20201111,16,PM10_24h,贵阳,84.0
20201111,16,SO2,贵阳,11.0
20201111,16,SO2_24h,贵阳,16.0
20201111,16,NO2,贵阳,23.0
20201111,16,NO2_24h,贵阳,44.0
20201111,16,O3,贵阳,103.0
20201111,16,O3_24h,贵阳,106.0
20201111,16,O3_8h,贵阳,63.0
20201111,16,O3_8h_24h,贵阳,64.0
20201111,16,CO,贵阳,0.44
20201111,16,CO_24h,贵阳,0.77
20201111,17,AQI,贵阳,53.0
20201111,17,PM2.5,贵阳,21.0
20201111,17,PM2.5_24h,贵阳,37.0
20201111,17,PM10,贵阳,55.0
20201111,17,PM10_24h,贵阳,84.0
20201111,17,SO2,贵阳,11.0
20201111,17,SO2_24h,贵阳,17.0
20201111,17,NO2,贵阳,26.0
20201111,17,NO2_24h,贵阳,44.0
20201111,17,O3,贵阳,102.0
20201111,17,O3_24h,贵阳,106.0
20201111,17,O3_8h,贵阳,75.0
20201111,17,O3_8h_24h,贵阳,75.0
20201111,17,CO,贵阳,0.47
20201111,17,CO_24h,贵阳,0.77
20201111,18,AQI,贵阳,54.0
20201111,18,PM2.5,贵阳,22.0
20201111,18,PM2.5_24h,贵阳,37.0
20201111,18,PM10,贵阳,58.0
20201111,18,PM10_24h,贵阳,85.0
20201111,18,SO2,贵阳,15.0
20201111,18,SO2_24h,贵阳,17.0
20201111,18,NO2,贵阳,52.0
20201111,18,NO2_24h,贵阳,45.0
20201111,18,O3,贵阳,69.0
20201111,18,O3_24h,贵阳,106.0
20201111,18,O3_8h,贵阳,81.0
20201111,18,O3_8h_24h,贵阳,81.0
20201111,18,CO,贵阳,0.74
20201111,18,CO_24h,贵阳,0.79
20201111,19,AQI,贵阳,65.0
20201111,19,PM2.5,贵阳,31.0
20201111,19,PM2.5_24h,贵阳,37.0
20201111,19,PM10,贵阳,79.0
20201111,19,PM10_24h,贵阳,85.0
20201111,19,SO2,贵阳,26.0
20201111,19,SO2_24h,贵阳,17.0
20201111,19,NO2,贵阳,69.0
20201111,19,NO2_24h,贵阳,45.0
20201111,19,O3,贵阳,34.0
20201111,19,O3_24h,贵阳,106.0
20201111,19,O3_8h,贵阳,81.0
20201111,19,O3_8h_24h,贵阳,83.0
20201111,19,CO,贵阳,1.26
20201111,19,CO_24h,贵阳,0.81
20201111,20,AQI,贵阳,83.0
20201111,20,PM2.5,贵阳,49.0
20201111,20,PM2.5_24h,贵阳,38.0
20201111,20,PM10,贵阳,116.0
20201111,20,PM10_24h,贵阳,87.0
20201111,20,SO2,贵阳,27.0
20201111,20,SO2_24h,贵阳,17.0
20201111,20,NO2,贵阳,67.0
20201111,20,NO2_24h,贵阳,46.0
20201111,20,O3,贵阳,29.0
20201111,20,O3_24h,贵阳,106.0
20201111,20,O3_8h,贵阳,77.0
20201111,20,O3_8h_24h,贵阳,83.0
20201111,20,CO,贵阳,1.11
20201111,20,CO_24h,贵阳,0.8
20201111,21,AQI,贵阳,86.0
20201111,21,PM2.5,贵阳,57.0
20201111,21,PM2.5_24h,贵阳,39.0
20201111,21,PM10,贵阳,121.0
20201111,21,PM10_24h,贵阳,89.0
20201111,21,SO2,贵阳,22.0
20201111,21,SO2_24h,贵阳,17.0
20201111,21,NO2,贵阳,62.0
20201111,21,NO2_24h,贵阳,46.0
20201111,21,O3,贵阳,27.0
20201111,21,O3_24h,贵阳,106.0
20201111,21,O3_8h,贵阳,70.0
20201111,21,O3_8h_24h,贵阳,83.0
20201111,21,CO,贵阳,0.97
20201111,21,CO_24h,贵阳,0.8
20201111,22,AQI,贵阳,85.0
20201111,22,PM2.5,贵阳,52.0
20201111,22,PM2.5_24h,贵阳,39.0
20201111,22,PM10,贵阳,119.0
20201111,22,PM10_24h,贵阳,90.0
20201111,22,SO2,贵阳,31.0
20201111,22,SO2_24h,贵阳,18.0
20201111,22,NO2,贵阳,60.0
20201111,22,NO2_24h,贵阳,46.0
20201111,22,O3,贵阳,22.0
20201111,22,O3_24h,贵阳,106.0
20201111,22,O3_8h,贵阳,61.0
20201111,22,O3_8h_24h,贵阳,83.0
20201111,22,CO,贵阳,1.17
20201111,22,CO_24h,贵阳,0.8
20201111,23,AQI,贵阳,97.0
20201111,23,PM2.5,贵阳,66.0
20201111,23,PM2.5_24h,贵阳,40.0
20201111,23,PM10,贵阳,144.0
20201111,23,PM10_24h,贵阳,91.0
20201111,23,SO2,贵阳,28.0
20201111,23,SO2_24h,贵阳,18.0
20201111,23,NO2,贵阳,60.0
20201111,23,NO2_24h,贵阳,46.0
20201111,23,O3,贵阳,17.0
20201111,23,O3_24h,贵阳,106.0
20201111,23,O3_8h,贵阳,50.0
20201111,23,O3_8h_24h,贵阳,83.0
20201111,23,CO,贵阳,1.12
20201111,23,CO_24h,贵阳,0.81
20201111,0,AQI,昆明,67.0
20201111,0,PM2.5,昆明,31.0
20201111,0,PM2.5_24h,昆明,60.0
20201111,0,PM10,昆明,84.0
20201111,0,PM10_24h,昆明,100.0
20201111,0,SO2,昆明,10.0
20201111,0,SO2_24h,昆明,22.0
20201111,0,NO2,昆明,51.0
20201111,0,NO2_24h,昆明,44.0
20201111,0,O3,昆明,32.0
20201111,0,O3_24h,昆明,119.0
20201111,0,O3_8h,昆明,57.0
20201111,0,O3_8h_24h,昆明,96.0
20201111,0,CO,昆明,0.73
20201111,0,CO_24h,昆明,0.95
20201111,1,AQI,昆明,57.0
20201111,1,PM2.5,昆明,28.0
20201111,1,PM2.5_24h,昆明,59.0
20201111,1,PM10,昆明,63.0
20201111,1,PM10_24h,昆明,96.0
20201111,1,SO2,昆明,8.0
20201111,1,SO2_24h,昆明,21.0
20201111,1,NO2,昆明,49.0
20201111,1,NO2_24h,昆明,44.0
20201111,1,O3,昆明,31.0
20201111,1,O3_24h,昆明,119.0
20201111,1,O3_8h,昆明,31.0
20201111,1,O3_8h_24h,昆明,31.0
20201111,1,CO,昆明,0.65
20201111,1,CO_24h,昆明,0.95
20201111,2,AQI,昆明,50.0
20201111,2,PM2.5,昆明,27.0
20201111,2,PM2.5_24h,昆明,57.0
20201111,2,PM10,昆明,50.0
20201111,2,PM10_24h,昆明,93.0
20201111,2,SO2,昆明,8.0
20201111,2,SO2_24h,昆明,20.0
20201111,2,NO2,昆明,45.0
20201111,2,NO2_24h,昆明,44.0
20201111,2,O3,昆明,30.0
20201111,2,O3_24h,昆明,119.0
20201111,2,O3_8h,昆明,30.0
20201111,2,O3_8h_24h,昆明,34.0
20201111,2,CO,昆明,0.62
20201111,2,CO_24h,昆明,0.95
20201111,3,AQI,昆明,51.0
20201111,3,PM2.5,昆明,26.0
20201111,3,PM2.5_24h,昆明,55.0
20201111,3,PM10,昆明,51.0
20201111,3,PM10_24h,昆明,90.0
20201111,3,SO2,昆明,8.0
20201111,3,SO2_24h,昆明,20.0
20201111,3,NO2,昆明,44.0
20201111,3,NO2_24h,昆明,44.0
20201111,3,O3,昆明,28.0
20201111,3,O3_24h,昆明,119.0
20201111,3,O3_8h,昆明,30.0
20201111,3,O3_8h_24h,昆明,36.0
20201111,3,CO,昆明,0.65
20201111,3,CO_24h,昆明,0.92
20201111,4,AQI,昆明,50.0
20201111,4,PM2.5,昆明,29.0
20201111,4,PM2.5_24h,昆明,53.0
20201111,4,PM10,昆明,50.0
20201111,4,PM10_24h,昆明,87.0
20201111,4,SO2,昆明,12.0
20201111,4,SO2_24h,昆明,19.0
20201111,4,NO2,昆明,50.0
20201111,4,NO2_24h,昆明,44.0
20201111,4,O3,昆明,17.0
20201111,4,O3_24h,昆明,119.0
20201111,4,O3_8h,昆明,27.0
20201111,4,O3_8h_24h,昆明,36.0
20201111,4,CO,昆明,0.65
20201111,4,CO_24h,昆明,0.92
20201111,5,AQI,昆明,54.0
20201111,5,PM2.5,昆明,29.0
20201111,5,PM2.5_24h,昆明,52.0
20201111,5,PM10,昆明,58.0
20201111,5,PM10_24h,昆明,85.0
20201111,5,SO2,昆明,20.0
20201111,5,SO2_24h,昆明,18.0
20201111,5,NO2,昆明,52.0
20201111,5,NO2_24h,昆明,45.0
20201111,5,O3,昆明,12.0
20201111,5,O3_24h,昆明,119.0
20201111,5,O3_8h,昆明,23.0
20201111,5,O3_8h_24h,昆明,36.0
20201111,5,CO,昆明,0.67
20201111,5,CO_24h,昆明,0.88
20201111,6,AQI,昆明,56.0
20201111,6,PM2.5,昆明,28.0
20201111,6,PM2.5_24h,昆明,50.0
20201111,6,PM10,昆明,61.0
20201111,6,PM10_24h,昆明,84.0
20201111,6,SO2,昆明,32.0
20201111,6,SO2_24h,昆明,19.0
20201111,6,NO2,昆明,49.0
20201111,6,NO2_24h,昆明,46.0
20201111,6,O3,昆明,13.0
20201111,6,O3_24h,昆明,119.0
20201111,6,O3_8h,昆明,21.0
20201111,6,O3_8h_24h,昆明,36.0
20201111,6,CO,昆明,0.68
20201111,6,CO_24h,昆明,0.87
20201111,7,AQI,昆明,62.0
20201111,7,PM2.5,昆明,28.0
20201111,7,PM2.5_24h,昆明,51.0
20201111,7,PM10,昆明,74.0
20201111,7,PM10_24h,昆明,102.0
20201111,7,SO2,昆明,13.0
20201111,7,SO2_24h,昆明,16.0
20201111,7,NO2,昆明,50.0
20201111,7,NO2_24h,昆明,54.0
20201111,7,O3,昆明,9.0
20201111,7,O3_24h,昆明,118.0
20201111,7,O3_8h,昆明,15.0
20201111,7,O3_8h_24h,昆明,25.0
20201111,7,CO,昆明,0.9
20201111,7,CO_24h,昆明,0.9
20201111,8,AQI,昆明,60.0
20201111,8,PM2.5,昆明,26.0
20201111,8,PM2.5_24h,昆明,47.0
20201111,8,PM10,昆明,69.0
20201111,8,PM10_24h,昆明,81.0
20201111,8,SO2,昆明,39.0
20201111,8,SO2_24h,昆明,18.0
20201111,8,NO2,昆明,51.0
20201111,8,NO2_24h,昆明,47.0
20201111,8,O3,昆明,10.0
20201111,8,O3_24h,昆明,119.0
20201111,8,O3_8h,昆明,20.0
20201111,8,O3_8h_24h,昆明,36.0
20201111,8,CO,昆明,0.83
20201111,8,CO_24h,昆明,0.87
20201111,10,AQI,昆明,63.0
20201111,10,PM2.5,昆明,27.0
20201111,10,PM2.5_24h,昆明,42.0
20201111,10,PM10,昆明,76.0
20201111,10,PM10_24h,昆明,78.0
20201111,10,SO2,昆明,39.0
20201111,10,SO2_24h,昆明,20.0
20201111,10,NO2,昆明,45.0
20201111,10,NO2_24h,昆明,47.0
20201111,10,O3,昆明,35.0
20201111,10,O3_24h,昆明,119.0
20201111,10,O3_8h,昆明,19.0
20201111,10,O3_8h_24h,昆明,36.0
20201111,10,CO,昆明,0.88
20201111,10,CO_24h,昆明,0.82
20201111,11,AQI,昆明,57.0
20201111,11,PM2.5,昆明,22.0
20201111,11,PM2.5_24h,昆明,39.0
20201111,11,PM10,昆明,64.0
20201111,11,PM10_24h,昆明,76.0
20201111,11,SO2,昆明,19.0
20201111,11,SO2_24h,昆明,20.0
20201111,11,NO2,昆明,45.0
20201111,11,NO2_24h,昆明,47.0
20201111,11,O3,昆明,49.0
20201111,11,O3_24h,昆明,119.0
20201111,11,O3_8h,昆明,21.0
20201111,11,O3_8h_24h,昆明,37.0
20201111,11,CO,昆明,0.77
20201111,11,CO_24h,昆明,0.82
20201111,12,AQI,昆明,48.0
20201111,12,PM2.5,昆明,19.0
20201111,12,PM2.5_24h,昆明,37.0
20201111,12,PM10,昆明,48.0
20201111,12,PM10_24h,昆明,73.0
20201111,12,SO2,昆明,14.0
20201111,12,SO2_24h,昆明,19.0
20201111,12,NO2,昆明,42.0
20201111,12,NO2_24h,昆明,48.0
20201111,12,O3,昆明,58.0
20201111,12,O3_24h,昆明,119.0
20201111,12,O3_8h,昆明,26.0
20201111,12,O3_8h_24h,昆明,39.0
20201111,12,CO,昆明,0.73
20201111,12,CO_24h,昆明,0.78
20201111,13,AQI,昆明,51.0
20201111,13,PM2.5,昆明,19.0
20201111,13,PM2.5_24h,昆明,35.0
20201111,13,PM10,昆明,52.0
20201111,13,PM10_24h,昆明,71.0
20201111,13,SO2,昆明,12.0
20201111,13,SO2_24h,昆明,18.0
20201111,13,NO2,昆明,38.0
20201111,13,NO2_24h,昆明,48.0
20201111,13,O3,昆明,68.0
20201111,13,O3_24h,昆明,119.0
20201111,13,O3_8h,昆明,33.0
20201111,13,O3_8h_24h,昆明,42.0
20201111,13,CO,昆明,0.68
20201111,13,CO_24h,昆明,0.78
20201111,14,AQI,昆明,42.0
20201111,14,PM2.5,昆明,14.0
20201111,14,PM2.5_24h,昆明,33.0
20201111,14,PM10,昆明,42.0
20201111,14,PM10_24h,昆明,70.0
20201111,14,SO2,昆明,9.0
20201111,14,SO2_24h,昆明,18.0
20201111,14,NO2,昆明,23.0
20201111,14,NO2_24h,昆明,47.0
20201111,14,O3,昆明,83.0
20201111,14,O3_24h,昆明,119.0
20201111,14,O3_8h,昆明,42.0
20201111,14,O3_8h_24h,昆明,47.0
20201111,14,CO,昆明,0.53
20201111,14,CO_24h,昆明,0.78
20201111,15,AQI,昆明,29.0
20201111,15,PM2.5,昆明,14.0
20201111,15,PM2.5_24h,昆明,32.0
20201111,15,PM10,昆明,27.0
20201111,15,PM10_24h,昆明,68.0
20201111,15,SO2,昆明,9.0
20201111,15,SO2_24h,昆明,18.0
20201111,15,NO2,昆明,18.0
20201111,15,NO2_24h,昆明,47.0
20201111,15,O3,昆明,93.0
20201111,15,O3_24h,昆明,115.0
20201111,15,O3_8h,昆明,51.0
20201111,15,O3_8h_24h,昆明,54.0
20201111,15,CO,昆明,0.58
20201111,15,CO_24h,昆明,0.77
20201111,16,AQI,昆明,30.0
20201111,16,PM2.5,昆明,14.0
20201111,16,PM2.5_24h,昆明,30.0
20201111,16,PM10,昆明,28.0
20201111,16,PM10_24h,昆明,67.0
20201111,16,SO2,昆明,9.0
20201111,16,SO2_24h,昆明,18.0
20201111,16,NO2,昆明,20.0
20201111,16,NO2_24h,昆明,47.0
20201111,16,O3,昆明,96.0
20201111,16,O3_24h,昆明,112.0
20201111,16,O3_8h,昆明,62.0
20201111,16,O3_8h_24h,昆明,62.0
20201111,16,CO,昆明,0.6
20201111,16,CO_24h,昆明,0.77
20201111,17,AQI,昆明,32.0
20201111,17,PM2.5,昆明,16.0
20201111,17,PM2.5_24h,昆明,29.0
20201111,17,PM10,昆明,32.0
20201111,17,PM10_24h,昆明,65.0
20201111,17,SO2,昆明,10.0
20201111,17,SO2_24h,昆明,18.0
20201111,17,NO2,昆明,25.0
20201111,17,NO2_24h,昆明,46.0
20201111,17,O3,昆明,92.0
20201111,17,O3_24h,昆明,103.0
20201111,17,O3_8h,昆明,71.0
20201111,17,O3_8h_24h,昆明,71.0
20201111,17,CO,昆明,0.65
20201111,17,CO_24h,昆明,0.75
20201111,18,AQI,昆明,45.0
20201111,18,PM2.5,昆明,18.0
20201111,18,PM2.5_24h,昆明,28.0
20201111,18,PM10,昆明,45.0
20201111,18,PM10_24h,昆明,63.0
20201111,18,SO2,昆明,11.0
20201111,18,SO2_24h,昆明,18.0
20201111,18,NO2,昆明,33.0
20201111,18,NO2_24h,昆明,46.0
20201111,18,O3,昆明,82.0
20201111,18,O3_24h,昆明,96.0
20201111,18,O3_8h,昆明,78.0
20201111,18,O3_8h_24h,昆明,78.0
20201111,18,CO,昆明,0.73
20201111,18,CO_24h,昆明,0.73
20201111,19,AQI,昆明,59.0
20201111,19,PM2.5,昆明,26.0
20201111,19,PM2.5_24h,昆明,27.0
20201111,19,PM10,昆明,68.0
20201111,19,PM10_24h,昆明,63.0
20201111,19,SO2,昆明,9.0
20201111,19,SO2_24h,昆明,18.0
20201111,19,NO2,昆明,65.0
20201111,19,NO2_24h,昆明,47.0
20201111,19,O3,昆明,40.0
20201111,19,O3_24h,昆明,96.0
20201111,19,O3_8h,昆明,76.0
20201111,19,O3_8h_24h,昆明,78.0
20201111,19,CO,昆明,0.85
20201111,19,CO_24h,昆明,0.73
20201111,20,AQI,昆明,75.0
20201111,20,PM2.5,昆明,40.0
20201111,20,PM2.5_24h,昆明,27.0
20201111,20,PM10,昆明,100.0
20201111,20,PM10_24h,昆明,63.0
20201111,20,SO2,昆明,9.0
20201111,20,SO2_24h,昆明,18.0
20201111,20,NO2,昆明,84.0
20201111,20,NO2_24h,昆明,47.0
20201111,20,O3,昆明,15.0
20201111,20,O3_24h,昆明,96.0
20201111,20,O3_8h,昆明,70.0
20201111,20,O3_8h_24h,昆明,78.0
20201111,20,CO,昆明,1.08
20201111,20,CO_24h,昆明,0.73
20201111,21,AQI,昆明,88.0
20201111,21,PM2.5,昆明,60.0
20201111,21,PM2.5_24h,昆明,28.0
20201111,21,PM10,昆明,125.0
20201111,21,PM10_24h,昆明,64.0
20201111,21,SO2,昆明,13.0
20201111,21,SO2_24h,昆明,18.0
20201111,21,NO2,昆明,83.0
20201111,21,NO2_24h,昆明,48.0
20201111,21,O3,昆明,7.0
20201111,21,O3_24h,昆明,96.0
20201111,21,O3_8h,昆明,63.0
20201111,21,O3_8h_24h,昆明,78.0
20201111,21,CO,昆明,1.43
20201111,21,CO_24h,昆明,0.77
20201111,22,AQI,昆明,110.0
20201111,22,PM2.5,昆明,60.0
20201111,22,PM2.5_24h,昆明,28.0
20201111,22,PM10,昆明,169.0
20201111,22,PM10_24h,昆明,67.0
20201111,22,SO2,昆明,14.0
20201111,22,SO2_24h,昆明,18.0
20201111,22,NO2,昆明,78.0
20201111,22,NO2_24h,昆明,48.0
20201111,22,O3,昆明,6.0
20201111,22,O3_24h,昆明,96.0
20201111,22,O3_8h,昆明,53.0
20201111,22,O3_8h_24h,昆明,78.0
20201111,22,CO,昆明,1.42
20201111,22,CO_24h,昆明,0.78
20201111,23,AQI,昆明,101.0
20201111,23,PM2.5,昆明,50.0
20201111,23,PM2.5_24h,昆明,28.0
20201111,23,PM10,昆明,152.0
20201111,23,PM10_24h,昆明,69.0
20201111,23,SO2,昆明,12.0
20201111,23,SO2_24h,昆明,18.0
20201111,23,NO2,昆明,72.0
20201111,23,NO2_24h,昆明,48.0
20201111,23,O3,昆明,6.0
20201111,23,O3_24h,昆明,96.0
20201111,23,O3_8h,昆明,43.0
20201111,23,O3_8h_24h,昆明,78.0
20201111,23,CO,昆明,1.28
20201111,23,CO_24h,昆明,0.8
20201111,0,AQI,拉萨,58.0
20201111,0,PM2.5,拉萨,30.0
20201111,0,PM2.5_24h,拉萨,18.0
20201111,0,PM10,拉萨,65.0
20201111,0,PM10_24h,拉萨,39.0
20201111,0,SO2,拉萨,6.0
20201111,0,SO2_24h,拉萨,6.0
20201111,0,NO2,拉萨,65.0
20201111,0,NO2_24h,拉萨,33.0
20201111,0,O3,拉萨,11.0
20201111,0,O3_24h,拉萨,82.0
20201111,0,O3_8h,拉萨,42.0
20201111,0,O3_8h_24h,拉萨,71.0
20201111,0,CO,拉萨,1.1
20201111,0,CO_24h,拉萨,0.73
20201111,1,AQI,拉萨,59.0
20201111,1,PM2.5,拉萨,30.0
20201111,1,PM2.5_24h,拉萨,19.0
20201111,1,PM10,拉萨,67.0
20201111,1,PM10_24h,拉萨,40.0
20201111,1,SO2,拉萨,6.0
20201111,1,SO2_24h,拉萨,6.0
20201111,1,NO2,拉萨,61.0
20201111,1,NO2_24h,拉萨,34.0
20201111,1,O3,拉萨,11.0
20201111,1,O3_24h,拉萨,82.0
20201111,1,O3_8h,拉萨,11.0
20201111,1,O3_8h_24h,拉萨,11.0
20201111,1,CO,拉萨,1.03
20201111,1,CO_24h,拉萨,0.75
20201111,2,AQI,拉萨,55.0
20201111,2,PM2.5,拉萨,28.0
20201111,2,PM2.5_24h,拉萨,20.0
20201111,2,PM10,拉萨,60.0
20201111,2,PM10_24h,拉萨,41.0
20201111,2,SO2,拉萨,6.0
20201111,2,SO2_24h,拉萨,6.0
20201111,2,NO2,拉萨,54.0
20201111,2,NO2_24h,拉萨,34.0
20201111,2,O3,拉萨,13.0
20201111,2,O3_24h,拉萨,82.0
20201111,2,O3_8h,拉萨,13.0
20201111,2,O3_8h_24h,拉萨,13.0
20201111,2,CO,拉萨,0.98
20201111,2,CO_24h,拉萨,0.78
20201111,3,AQI,拉萨,49.0
20201111,3,PM2.5,拉萨,23.0
20201111,3,PM2.5_24h,拉萨,20.0
20201111,3,PM10,拉萨,49.0
20201111,3,PM10_24h,拉萨,41.0
20201111,3,SO2,拉萨,6.0
20201111,3,SO2_24h,拉萨,6.0
20201111,3,NO2,拉萨,48.0
20201111,3,NO2_24h,拉萨,35.0
20201111,3,O3,拉萨,16.0
20201111,3,O3_24h,拉萨,82.0
20201111,3,O3_8h,拉萨,14.0
20201111,3,O3_8h_24h,拉萨,14.0
20201111,3,CO,拉萨,0.8
20201111,3,CO_24h,拉萨,0.78
20201111,4,AQI,拉萨,39.0
20201111,4,PM2.5,拉萨,17.0
20201111,4,PM2.5_24h,拉萨,20.0
20201111,4,PM10,拉萨,39.0
20201111,4,PM10_24h,拉萨,41.0
20201111,4,SO2,拉萨,6.0
20201111,4,SO2_24h,拉萨,6.0
20201111,4,NO2,拉萨,36.0
20201111,4,NO2_24h,拉萨,35.0
20201111,4,O3,拉萨,24.0
20201111,4,O3_24h,拉萨,82.0
20201111,4,O3_8h,拉萨,16.0
20201111,4,O3_8h_24h,拉萨,16.0
20201111,4,CO,拉萨,0.7
20201111,4,CO_24h,拉萨,0.77
20201111,5,AQI,拉萨,29.0
20201111,5,PM2.5,拉萨,12.0
20201111,5,PM2.5_24h,拉萨,20.0
20201111,5,PM10,拉萨,29.0
20201111,5,PM10_24h,拉萨,42.0
20201111,5,SO2,拉萨,5.0
20201111,5,SO2_24h,拉萨,6.0
20201111,5,NO2,拉萨,31.0
20201111,5,NO2_24h,拉萨,36.0
20201111,5,O3,拉萨,29.0
20201111,5,O3_24h,拉萨,82.0
20201111,5,O3_8h,拉萨,19.0
20201111,5,O3_8h_24h,拉萨,19.0
20201111,5,CO,拉萨,0.67
20201111,5,CO_24h,拉萨,0.77
20201111,6,AQI,拉萨,26.0
20201111,6,PM2.5,拉萨,10.0
20201111,6,PM2.5_24h,拉萨,20.0
20201111,6,PM10,拉萨,26.0
20201111,6,PM10_24h,拉萨,42.0
20201111,6,SO2,拉萨,6.0
20201111,6,SO2_24h,拉萨,6.0
20201111,6,NO2,拉萨,29.0
20201111,6,NO2_24h,拉萨,36.0
20201111,6,O3,拉萨,31.0
20201111,6,O3_24h,拉萨,82.0
20201111,6,O3_8h,拉萨,21.0
20201111,6,O3_8h_24h,拉萨,21.0
20201111,6,CO,拉萨,0.63
20201111,6,CO_24h,拉萨,0.77
20201111,7,AQI,拉萨,27.0
20201111,7,PM2.5,拉萨,12.0
20201111,7,PM2.5_24h,拉萨,25.0
20201111,7,PM10,拉萨,27.0
20201111,7,PM10_24h,拉萨,57.0
20201111,7,SO2,拉萨,5.0
20201111,7,SO2_24h,拉萨,5.0
20201111,7,NO2,拉萨,21.0
20201111,7,NO2_24h,拉萨,37.0
20201111,7,O3,拉萨,30.0
20201111,7,O3_24h,拉萨,76.0
20201111,7,O3_8h,拉萨,19.0
20201111,7,O3_8h_24h,拉萨,19.0
20201111,7,CO,拉萨,0.6
20201111,7,CO_24h,拉萨,1.1
20201111,8,AQI,拉萨,33.0
20201111,8,PM2.5,拉萨,16.0
20201111,8,PM2.5_24h,拉萨,21.0
20201111,8,PM10,拉萨,33.0
20201111,8,PM10_24h,拉萨,43.0
20201111,8,SO2,拉萨,6.0
20201111,8,SO2_24h,拉萨,6.0
20201111,8,NO2,拉萨,35.0
20201111,8,NO2_24h,拉萨,37.0
20201111,8,O3,拉萨,25.0
20201111,8,O3_24h,拉萨,82.0
20201111,8,O3_8h,拉萨,22.0
20201111,8,O3_8h_24h,拉萨,22.0
20201111,8,CO,拉萨,0.7
20201111,8,CO_24h,拉萨,0.78
20201111,10,AQI,拉萨,60.0
20201111,10,PM2.5,拉萨,35.0
20201111,10,PM2.5_24h,拉萨,21.0
20201111,10,PM10,拉萨,69.0
20201111,10,PM10_24h,拉萨,44.0
20201111,10,SO2,拉萨,7.0
20201111,10,SO2_24h,拉萨,6.0
20201111,10,NO2,拉萨,39.0
20201111,10,NO2_24h,拉萨,37.0
20201111,10,O3,拉萨,27.0
20201111,10,O3_24h,拉萨,82.0
20201111,10,O3_8h,拉萨,26.0
20201111,10,O3_8h_24h,拉萨,26.0
20201111,10,CO,拉萨,0.87
20201111,10,CO_24h,拉萨,0.78
20201111,11,AQI,拉萨,62.0
20201111,11,PM2.5,拉萨,33.0
20201111,11,PM2.5_24h,拉萨,21.0
20201111,11,PM10,拉萨,73.0
20201111,11,PM10_24h,拉萨,45.0
20201111,11,SO2,拉萨,6.0
20201111,11,SO2_24h,拉萨,6.0
20201111,11,NO2,拉萨,33.0
20201111,11,NO2_24h,拉萨,37.0
20201111,11,O3,拉萨,38.0
20201111,11,O3_24h,拉萨,82.0
20201111,11,O3_8h,拉萨,28.0
20201111,11,O3_8h_24h,拉萨,28.0
20201111,11,CO,拉萨,0.75
20201111,11,CO_24h,拉萨,0.78
20201111,12,AQI,拉萨,56.0
20201111,12,PM2.5,拉萨,27.0
20201111,12,PM2.5_24h,拉萨,22.0
20201111,12,PM10,拉萨,61.0
20201111,12,PM10_24h,拉萨,45.0
20201111,12,SO2,拉萨,7.0
20201111,12,SO2_24h,拉萨,6.0
20201111,12,NO2,拉萨,32.0
20201111,12,NO2_24h,拉萨,37.0
20201111,12,O3,拉萨,49.0
20201111,12,O3_24h,拉萨,82.0
20201111,12,O3_8h,拉萨,31.0
20201111,12,O3_8h_24h,拉萨,31.0
20201111,12,CO,拉萨,0.72
20201111,12,CO_24h,拉萨,0.78
20201111,13,AQI,拉萨,48.0
20201111,13,PM2.5,拉萨,21.0
20201111,13,PM2.5_24h,拉萨,21.0
20201111,13,PM10,拉萨,48.0
20201111,13,PM10_24h,拉萨,45.0
20201111,13,SO2,拉萨,6.0
20201111,13,SO2_24h,拉萨,6.0
20201111,13,NO2,拉萨,23.0
20201111,13,NO2_24h,拉萨,37.0
20201111,13,O3,拉萨,65.0
20201111,13,O3_24h,拉萨,85.0
20201111,13,O3_8h,拉萨,36.0
20201111,13,O3_8h_24h,拉萨,36.0
20201111,13,CO,拉萨,0.62
20201111,13,CO_24h,拉萨,0.78
20201111,14,AQI,拉萨,36.0
20201111,14,PM2.5,拉萨,15.0
20201111,14,PM2.5_24h,拉萨,21.0
20201111,14,PM10,拉萨,36.0
20201111,14,PM10_24h,拉萨,45.0
20201111,14,SO2,拉萨,6.0
20201111,14,SO2_24h,拉萨,6.0
20201111,14,NO2,拉萨,17.0
20201111,14,NO2_24h,拉萨,37.0
20201111,14,O3,拉萨,69.0
20201111,14,O3_24h,拉萨,85.0
20201111,14,O3_8h,拉萨,40.0
20201111,14,O3_8h_24h,拉萨,40.0
20201111,14,CO,拉萨,1.32
20201111,14,CO_24h,拉萨,0.8
20201111,15,AQI,拉萨,27.0
20201111,15,PM2.5,拉萨,11.0
20201111,15,PM2.5_24h,拉萨,21.0
20201111,15,PM10,拉萨,27.0
20201111,15,PM10_24h,拉萨,45.0
20201111,15,SO2,拉萨,5.0
20201111,15,SO2_24h,拉萨,6.0
20201111,15,NO2,拉萨,14.0
20201111,15,NO2_24h,拉萨,37.0
20201111,15,O3,拉萨,77.0
20201111,15,O3_24h,拉萨,85.0
20201111,15,O3_8h,拉萨,45.0
20201111,15,O3_8h_24h,拉萨,45.0
20201111,15,CO,拉萨,0.52
20201111,15,CO_24h,拉萨,0.8
20201111,16,AQI,拉萨,25.0
20201111,16,PM2.5,拉萨,11.0
20201111,16,PM2.5_24h,拉萨,21.0
20201111,16,PM10,拉萨,24.0
20201111,16,PM10_24h,拉萨,45.0
20201111,16,SO2,拉萨,5.0
20201111,16,SO2_24h,拉萨,6.0
20201111,16,NO2,拉萨,12.0
20201111,16,NO2_24h,拉萨,37.0
20201111,16,O3,拉萨,79.0
20201111,16,O3_24h,拉萨,84.0
20201111,16,O3_8h,拉萨,52.0
20201111,16,O3_8h_24h,拉萨,52.0
20201111,16,CO,拉萨,0.52
20201111,16,CO_24h,拉萨,0.8
20201111,17,AQI,拉萨,25.0
20201111,17,PM2.5,拉萨,8.0
20201111,17,PM2.5_24h,拉萨,20.0
20201111,17,PM10,拉萨,22.0
20201111,17,PM10_24h,拉萨,45.0
20201111,17,SO2,拉萨,5.0
20201111,17,SO2_24h,拉萨,6.0
20201111,17,NO2,拉萨,14.0
20201111,17,NO2_24h,拉萨,37.0
20201111,17,O3,拉萨,79.0
20201111,17,O3_24h,拉萨,83.0
20201111,17,O3_8h,拉萨,60.0
20201111,17,O3_8h_24h,拉萨,60.0
20201111,17,CO,拉萨,0.52
20201111,17,CO_24h,拉萨,0.8
20201111,18,AQI,拉萨,25.0
20201111,18,PM2.5,拉萨,10.0
20201111,18,PM2.5_24h,拉萨,20.0
20201111,18,PM10,拉萨,19.0
20201111,18,PM10_24h,拉萨,44.0
20201111,18,SO2,拉萨,5.0
20201111,18,SO2_24h,拉萨,6.0
20201111,18,NO2,拉萨,15.0
20201111,18,NO2_24h,拉萨,37.0
20201111,18,O3,拉萨,79.0
20201111,18,O3_24h,拉萨,83.0
20201111,18,O3_8h,拉萨,67.0
20201111,18,O3_8h_24h,拉萨,67.0
20201111,18,CO,拉萨,0.52
20201111,18,CO_24h,拉萨,0.8
20201111,19,AQI,拉萨,23.0
20201111,19,PM2.5,拉萨,10.0
20201111,19,PM2.5_24h,拉萨,20.0
20201111,19,PM10,拉萨,23.0
20201111,19,PM10_24h,拉萨,44.0
20201111,19,SO2,拉萨,5.0
20201111,19,SO2_24h,拉萨,6.0
20201111,19,NO2,拉萨,32.0
20201111,19,NO2_24h,拉萨,37.0
20201111,19,O3,拉萨,63.0
20201111,19,O3_24h,拉萨,82.0
20201111,19,O3_8h,拉萨,70.0
20201111,19,O3_8h_24h,拉萨,70.0
20201111,19,CO,拉萨,0.62
20201111,19,CO_24h,拉萨,0.8
20201111,20,AQI,拉萨,52.0
20201111,20,PM2.5,拉萨,21.0
20201111,20,PM2.5_24h,拉萨,20.0
20201111,20,PM10,拉萨,53.0
20201111,20,PM10_24h,拉萨,45.0
20201111,20,SO2,拉萨,6.0
20201111,20,SO2_24h,拉萨,6.0
20201111,20,NO2,拉萨,58.0
20201111,20,NO2_24h,拉萨,37.0
20201111,20,O3,拉萨,32.0
20201111,20,O3_24h,拉萨,82.0
20201111,20,O3_8h,拉萨,68.0
20201111,20,O3_8h_24h,拉萨,70.0
20201111,20,CO,拉萨,0.87
20201111,20,CO_24h,拉萨,0.8
20201111,21,AQI,拉萨,60.0
20201111,21,PM2.5,拉萨,29.0
20201111,21,PM2.5_24h,拉萨,20.0
20201111,21,PM10,拉萨,69.0
20201111,21,PM10_24h,拉萨,46.0
20201111,21,SO2,拉萨,6.0
20201111,21,SO2_24h,拉萨,6.0
20201111,21,NO2,拉萨,54.0
20201111,21,NO2_24h,拉萨,37.0
20201111,21,O3,拉萨,31.0
20201111,21,O3_24h,拉萨,82.0
20201111,21,O3_8h,拉萨,63.0
20201111,21,O3_8h_24h,拉萨,70.0
20201111,21,CO,拉萨,0.95
20201111,21,CO_24h,拉萨,0.8
20201111,22,AQI,拉萨,55.0
20201111,22,PM2.5,拉萨,28.0
20201111,22,PM2.5_24h,拉萨,21.0
20201111,22,PM10,拉萨,60.0
20201111,22,PM10_24h,拉萨,46.0
20201111,22,SO2,拉萨,6.0
20201111,22,SO2_24h,拉萨,6.0
20201111,22,NO2,拉萨,66.0
20201111,22,NO2_24h,拉萨,38.0
20201111,22,O3,拉萨,18.0
20201111,22,O3_24h,拉萨,82.0
20201111,22,O3_8h,拉萨,57.0
20201111,22,O3_8h_24h,拉萨,70.0
20201111,22,CO,拉萨,1.13
20201111,22,CO_24h,拉萨,0.8
20201111,23,AQI,拉萨,60.0
20201111,23,PM2.5,拉萨,32.0
20201111,23,PM2.5_24h,拉萨,21.0
20201111,23,PM10,拉萨,69.0
20201111,23,PM10_24h,拉萨,46.0
20201111,23,SO2,拉萨,7.0
20201111,23,SO2_24h,拉萨,6.0
20201111,23,NO2,拉萨,68.0
20201111,23,NO2_24h,拉萨,38.0
20201111,23,O3,拉萨,12.0
20201111,23,O3_24h,拉萨,82.0
20201111,23,O3_8h,拉萨,49.0
20201111,23,O3_8h_24h,拉萨,70.0
20201111,23,CO,拉萨,1.28
20201111,23,CO_24h,拉萨,0.8
20201111,0,AQI,西安,160.0
20201111,0,PM2.5,西安,122.0
20201111,0,PM2.5_24h,西安,107.0
20201111,0,PM10,西安,222.0
20201111,0,PM10_24h,西安,191.0
20201111,0,SO2,西安,11.0
20201111,0,SO2_24h,西安,13.0
20201111,0,NO2,西安,96.0
20201111,0,NO2_24h,西安,83.0
20201111,0,O3,西安,5.0
20201111,0,O3_24h,西安,92.0
20201111,0,O3_8h,西安,27.0
20201111,0,O3_8h_24h,西安,59.0
20201111,0,CO,西安,1.46
20201111,0,CO_24h,西安,1.22
20201111,1,AQI,西安,161.0
20201111,1,PM2.5,西安,123.0
20201111,1,PM2.5_24h,西安,108.0
20201111,1,PM10,西安,220.0
20201111,1,PM10_24h,西安,191.0
20201111,1,SO2,西安,10.0
20201111,1,SO2_24h,西安,13.0
20201111,1,NO2,西安,92.0
20201111,1,NO2_24h,西安,83.0
20201111,1,O3,西安,4.0
20201111,1,O3_24h,西安,92.0
20201111,1,O3_8h,西安,4.0
20201111,1,O3_8h_24h,西安,4.0
20201111,1,CO,西安,1.42
20201111,1,CO_24h,西安,1.23
20201111,2,AQI,西安,157.0
20201111,2,PM2.5,西安,120.0
20201111,2,PM2.5_24h,西安,109.0
20201111,2,PM10,西安,211.0
20201111,2,PM10_24h,西安,192.0
20201111,2,SO2,西安,11.0
20201111,2,SO2_24h,西安,13.0
20201111,2,NO2,西安,84.0
20201111,2,NO2_24h,西安,83.0
20201111,2,O3,西安,6.0
20201111,2,O3_24h,西安,92.0
20201111,2,O3_8h,西安,5.0
20201111,2,O3_8h_24h,西安,5.0
20201111,2,CO,西安,1.35
20201111,2,CO_24h,西安,1.23
20201111,3,AQI,西安,157.0
20201111,3,PM2.5,西安,120.0
20201111,3,PM2.5_24h,西安,109.0
20201111,3,PM10,西安,202.0
20201111,3,PM10_24h,西安,192.0
20201111,3,SO2,西安,10.0
20201111,3,SO2_24h,西安,13.0
20201111,3,NO2,西安,76.0
20201111,3,NO2_24h,西安,82.0
20201111,3,O3,西安,8.0
20201111,3,O3_24h,西安,92.0
20201111,3,O3_8h,西安,6.0
20201111,3,O3_8h_24h,西安,6.0
20201111,3,CO,西安,1.26
20201111,3,CO_24h,西安,1.23
20201111,4,AQI,西安,157.0
20201111,4,PM2.5,西安,120.0
20201111,4,PM2.5_24h,西安,110.0
20201111,4,PM10,西安,194.0
20201111,4,PM10_24h,西安,193.0
20201111,4,SO2,西安,9.0
20201111,4,SO2_24h,西安,13.0
20201111,4,NO2,西安,70.0
20201111,4,NO2_24h,西安,82.0
20201111,4,O3,西安,9.0
20201111,4,O3_24h,西安,92.0
20201111,4,O3_8h,西安,7.0
20201111,4,O3_8h_24h,西安,7.0
20201111,4,CO,西安,1.19
20201111,4,CO_24h,西安,1.24
20201111,5,AQI,西安,156.0
20201111,5,PM2.5,西安,119.0
20201111,5,PM2.5_24h,西安,110.0
20201111,5,PM10,西安,192.0
20201111,5,PM10_24h,西安,193.0
20201111,5,SO2,西安,9.0
20201111,5,SO2_24h,西安,13.0
20201111,5,NO2,西安,67.0
20201111,5,NO2_24h,西安,82.0
20201111,5,O3,西安,8.0
20201111,5,O3_24h,西安,92.0
20201111,5,O3_8h,西安,7.0
20201111,5,O3_8h_24h,西安,7.0
20201111,5,CO,西安,1.19
20201111,5,CO_24h,西安,1.24
20201111,6,AQI,西安,151.0
20201111,6,PM2.5,西安,116.0
20201111,6,PM2.5_24h,西安,111.0
20201111,6,PM10,西安,187.0
20201111,6,PM10_24h,西安,194.0
20201111,6,SO2,西安,9.0
20201111,6,SO2_24h,西安,13.0
20201111,6,NO2,西安,65.0
20201111,6,NO2_24h,西安,82.0
20201111,6,O3,西安,8.0
20201111,6,O3_24h,西安,92.0
20201111,6,O3_8h,西安,7.0
20201111,6,O3_8h_24h,西安,8.0
20201111,6,CO,西安,1.14
20201111,6,CO_24h,西安,1.24
20201111,7,AQI,西安,173.0
20201111,7,PM2.5,西安,131.0
20201111,7,PM2.5_24h,西安,122.0
20201111,7,PM10,西安,189.0
20201111,7,PM10_24h,西安,205.0
20201111,7,SO2,西安,9.0
20201111,7,SO2_24h,西安,12.0
20201111,7,NO2,西安,65.0
20201111,7,NO2_24h,西安,86.0
20201111,7,O3,西安,7.0
20201111,7,O3_24h,西安,98.0
20201111,7,O3_8h,西安,5.0
20201111,7,O3_8h_24h,西安,5.0
20201111,7,CO,西安,1.27
20201111,7,CO_24h,西安,1.3
20201111,8,AQI,西安,164.0
20201111,8,PM2.5,西安,125.0
20201111,8,PM2.5_24h,西安,112.0
20201111,8,PM10,西安,199.0
20201111,8,PM10_24h,西安,195.0
20201111,8,SO2,西安,10.0
20201111,8,SO2_24h,西安,13.0
20201111,8,NO2,西安,65.0
20201111,8,NO2_24h,西安,82.0
20201111,8,O3,西安,4.0
20201111,8,O3_24h,西安,92.0
20201111,8,O3_8h,西安,7.0
20201111,8,O3_8h_24h,西安,8.0
20201111,8,CO,西安,1.38
20201111,8,CO_24h,西安,1.26
20201111,10,AQI,西安,166.0
20201111,10,PM2.5,西安,126.0
20201111,10,PM2.5_24h,西安,114.0
20201111,10,PM10,西安,232.0
20201111,10,PM10_24h,西安,198.0
20201111,10,SO2,西安,13.0
20201111,10,SO2_24h,西安,12.0
20201111,10,NO2,西安,76.0
20201111,10,NO2_24h,西安,82.0
20201111,10,O3,西安,10.0
20201111,10,O3_24h,西安,92.0
20201111,10,O3_8h,西安,7.0
20201111,10,O3_8h_24h,西安,8.0
20201111,10,CO,西安,1.4
20201111,10,CO_24h,西安,1.28
20201111,11,AQI,西安,173.0
20201111,11,PM2.5,西安,131.0
20201111,11,PM2.5_24h,西安,115.0
20201111,11,PM10,西安,235.0
20201111,11,PM10_24h,西安,200.0
20201111,11,SO2,西安,14.0
20201111,11,SO2_24h,西安,12.0
20201111,11,NO2,西安,83.0
20201111,11,NO2_24h,西安,82.0
20201111,11,O3,西安,20.0
20201111,11,O3_24h,西安,92.0
20201111,11,O3_8h,西安,9.0
20201111,11,O3_8h_24h,西安,9.0
20201111,11,CO,西安,1.42
20201111,11,CO_24h,西安,1.28
20201111,12,AQI,西安,180.0
20201111,12,PM2.5,西安,136.0
20201111,12,PM2.5_24h,西安,116.0
20201111,12,PM10,西安,236.0
20201111,12,PM10_24h,西安,202.0
20201111,12,SO2,西安,14.0
20201111,12,SO2_24h,西安,12.0
20201111,12,NO2,西安,88.0
20201111,12,NO2_24h,西安,83.0
20201111,12,O3,西安,32.0
20201111,12,O3_24h,西安,92.0
20201111,12,O3_8h,西安,12.0
20201111,12,O3_8h_24h,西安,12.0
20201111,12,CO,西安,1.34
20201111,12,CO_24h,西安,1.28
20201111,13,AQI,西安,176.0
20201111,13,PM2.5,西安,133.0
20201111,13,PM2.5_24h,西安,116.0
20201111,13,PM10,西安,236.0
20201111,13,PM10_24h,西安,203.0
20201111,13,SO2,西安,14.0
20201111,13,SO2_24h,西安,12.0
20201111,13,NO2,西安,85.0
20201111,13,NO2_24h,西安,83.0
20201111,13,O3,西安,47.0
20201111,13,O3_24h,西安,92.0
20201111,13,O3_8h,西安,17.0
20201111,13,O3_8h_24h,西安,17.0
20201111,13,CO,西安,1.28
20201111,13,CO_24h,西安,1.28
20201111,14,AQI,西安,167.0
20201111,14,PM2.5,西安,127.0
20201111,14,PM2.5_24h,西安,116.0
20201111,14,PM10,西安,220.0
20201111,14,PM10_24h,西安,204.0
20201111,14,SO2,西安,15.0
20201111,14,SO2_24h,西安,12.0
20201111,14,NO2,西安,76.0
20201111,14,NO2_24h,西安,82.0
20201111,14,O3,西安,69.0
20201111,14,O3_24h,西安,92.0
20201111,14,O3_8h,西安,24.0
20201111,14,O3_8h_24h,西安,24.0
20201111,14,CO,西安,1.2
20201111,14,CO_24h,西安,1.28
20201111,15,AQI,西安,163.0
20201111,15,PM2.5,西安,124.0
20201111,15,PM2.5_24h,西安,117.0
20201111,15,PM10,西安,204.0
20201111,15,PM10_24h,西安,204.0
20201111,15,SO2,西安,14.0
20201111,15,SO2_24h,西安,12.0
20201111,15,NO2,西安,70.0
20201111,15,NO2_24h,西安,82.0
20201111,15,O3,西安,85.0
20201111,15,O3_24h,西安,97.0
20201111,15,O3_8h,西安,34.0
20201111,15,O3_8h_24h,西安,34.0
20201111,15,CO,西安,1.16
20201111,15,CO_24h,西安,1.28
20201111,16,AQI,西安,164.0
20201111,16,PM2.5,西安,125.0
20201111,16,PM2.5_24h,西安,118.0
20201111,16,PM10,西安,198.0
20201111,16,PM10_24h,西安,205.0
20201111,16,SO2,西安,15.0
20201111,16,SO2_24h,西安,12.0
20201111,16,NO2,西安,65.0
20201111,16,NO2_24h,西安,82.0
20201111,16,O3,西安,92.0
20201111,16,O3_24h,西安,99.0
20201111,16,O3_8h,西安,45.0
20201111,16,O3_8h_24h,西安,45.0
20201111,16,CO,西安,1.12
20201111,16,CO_24h,西安,1.3
20201111,17,AQI,西安,164.0
20201111,17,PM2.5,西安,125.0
20201111,17,PM2.5_24h,西安,119.0
20201111,17,PM10,西安,194.0
20201111,17,PM10_24h,西安,206.0
20201111,17,SO2,西安,14.0
20201111,17,SO2_24h,西安,12.0
20201111,17,NO2,西安,68.0
20201111,17,NO2_24h,西安,82.0
20201111,17,O3,西安,89.0
20201111,17,O3_24h,西安,95.0
20201111,17,O3_8h,西安,56.0
20201111,17,O3_8h_24h,西安,56.0
20201111,17,CO,西安,1.13
20201111,17,CO_24h,西安,1.31
20201111,18,AQI,西安,171.0
20201111,18,PM2.5,西安,130.0
20201111,18,PM2.5_24h,西安,120.0
20201111,18,PM10,西安,209.0
20201111,18,PM10_24h,西安,208.0
20201111,18,SO2,西安,12.0
20201111,18,SO2_24h,西安,12.0
20201111,18,NO2,西安,89.0
20201111,18,NO2_24h,西安,82.0
20201111,18,O3,西安,60.0
20201111,18,O3_24h,西安,94.0
20201111,18,O3_8h,西安,62.0
20201111,18,O3_8h_24h,西安,62.0
20201111,18,CO,西安,1.28
20201111,18,CO_24h,西安,1.31
20201111,19,AQI,西安,190.0
20201111,19,PM2.5,西安,143.0
20201111,19,PM2.5_24h,西安,122.0
20201111,19,PM10,西安,233.0
20201111,19,PM10_24h,西安,211.0
20201111,19,SO2,西安,11.0
20201111,19,SO2_24h,西安,12.0
20201111,19,NO2,西安,120.0
20201111,19,NO2_24h,西安,83.0
20201111,19,O3,西安,22.0
20201111,19,O3_24h,西安,94.0
20201111,19,O3_8h,西安,62.0
20201111,19,O3_8h_24h,西安,63.0
20201111,19,CO,西安,1.48
20201111,19,CO_24h,西安,1.32
20201111,20,AQI,西安,203.0
20201111,20,PM2.5,西安,153.0
20201111,20,PM2.5_24h,西安,125.0
20201111,20,PM10,西安,254.0
20201111,20,PM10_24h,西安,213.0
20201111,20,SO2,西安,11.0
20201111,20,SO2_24h,西安,12.0
20201111,20,NO2,西安,122.0
20201111,20,NO2_24h,西安,84.0
20201111,20,O3,西安,17.0
20201111,20,O3_24h,西安,94.0
20201111,20,O3_8h,西安,60.0
20201111,20,O3_8h_24h,西安,63.0
20201111,20,CO,西安,1.55
20201111,20,CO_24h,西安,1.32
20201111,21,AQI,西安,209.0
20201111,21,PM2.5,西安,159.0
20201111,21,PM2.5_24h,西安,127.0
20201111,21,PM10,西安,264.0
20201111,21,PM10_24h,西安,216.0
20201111,21,SO2,西安,11.0
20201111,21,SO2_24h,西安,12.0
20201111,21,NO2,西安,123.0
20201111,21,NO2_24h,西安,84.0
20201111,21,O3,西安,11.0
20201111,21,O3_24h,西安,94.0
20201111,21,O3_8h,西安,56.0
20201111,21,O3_8h_24h,西安,63.0
20201111,21,CO,西安,1.58
20201111,21,CO_24h,西安,1.32
20201111,22,AQI,西安,211.0
20201111,22,PM2.5,西安,161.0
20201111,22,PM2.5_24h,西安,129.0
20201111,22,PM10,西安,275.0
20201111,22,PM10_24h,西安,219.0
20201111,22,SO2,西安,10.0
20201111,22,SO2_24h,西安,12.0
20201111,22,NO2,西安,115.0
20201111,22,NO2_24h,西安,85.0
20201111,22,O3,西安,8.0
20201111,22,O3_24h,西安,94.0
20201111,22,O3_8h,西安,48.0
20201111,22,O3_8h_24h,西安,63.0
20201111,22,CO,西安,1.58
20201111,22,CO_24h,西安,1.35
20201111,23,AQI,西安,209.0
20201111,23,PM2.5,西安,159.0
20201111,23,PM2.5_24h,西安,131.0
20201111,23,PM10,西安,269.0
20201111,23,PM10_24h,西安,220.0
20201111,23,SO2,西安,10.0
20201111,23,SO2_24h,西安,11.0
20201111,23,NO2,西安,109.0
20201111,23,NO2_24h,西安,85.0
20201111,23,O3,西安,7.0
20201111,23,O3_24h,西安,94.0
20201111,23,O3_8h,西安,38.0
20201111,23,O3_8h_24h,西安,63.0
20201111,23,CO,西安,1.61
20201111,23,CO_24h,西安,1.35
20201111,0,AQI,兰州,113.0
20201111,0,PM2.5,兰州,75.0
20201111,0,PM2.5_24h,兰州,70.0
20201111,0,PM10,兰州,175.0
20201111,0,PM10_24h,兰州,151.0
20201111,0,SO2,兰州,28.0
20201111,0,SO2_24h,兰州,27.0
20201111,0,NO2,兰州,90.0
20201111,0,NO2_24h,兰州,90.0
20201111,0,O3,兰州,7.0
20201111,0,O3_24h,兰州,91.0
20201111,0,O3_8h,兰州,13.0
20201111,0,O3_8h_24h,兰州,51.0
20201111,0,CO,兰州,1.98
20201111,0,CO_24h,兰州,2.2
20201111,1,AQI,兰州,101.0
20201111,1,PM2.5,兰州,67.0
20201111,1,PM2.5_24h,兰州,71.0
20201111,1,PM10,兰州,152.0
20201111,1,PM10_24h,兰州,152.0
20201111,1,SO2,兰州,22.0
20201111,1,SO2_24h,兰州,28.0
20201111,1,NO2,兰州,83.0
20201111,1,NO2_24h,兰州,90.0
20201111,1,O3,兰州,7.0
20201111,1,O3_24h,兰州,91.0
20201111,1,O3_8h,兰州,7.0
20201111,1,O3_8h_24h,兰州,7.0
20201111,1,CO,兰州,1.77
20201111,1,CO_24h,兰州,2.2
20201111,2,AQI,兰州,97.0
20201111,2,PM2.5,兰州,67.0
20201111,2,PM2.5_24h,兰州,71.0
20201111,2,PM10,兰州,143.0
20201111,2,PM10_24h,兰州,153.0
20201111,2,SO2,兰州,22.0
20201111,2,SO2_24h,兰州,28.0
20201111,2,NO2,兰州,81.0
20201111,2,NO2_24h,兰州,90.0
20201111,2,O3,兰州,7.0
20201111,2,O3_24h,兰州,91.0
20201111,2,O3_8h,兰州,7.0
20201111,2,O3_8h_24h,兰州,7.0
20201111,2,CO,兰州,1.7
20201111,2,CO_24h,兰州,2.17
20201111,3,AQI,兰州,96.0
20201111,3,PM2.5,兰州,65.0
20201111,3,PM2.5_24h,兰州,72.0
20201111,3,PM10,兰州,141.0
20201111,3,PM10_24h,兰州,154.0
20201111,3,SO2,兰州,23.0
20201111,3,SO2_24h,兰州,28.0
20201111,3,NO2,兰州,77.0
20201111,3,NO2_24h,兰州,91.0
20201111,3,O3,兰州,7.0
20201111,3,O3_24h,兰州,91.0
20201111,3,O3_8h,兰州,7.0
20201111,3,O3_8h_24h,兰州,7.0
20201111,3,CO,兰州,1.65
20201111,3,CO_24h,兰州,2.2
20201111,4,AQI,兰州,97.0
20201111,4,PM2.5,兰州,66.0
20201111,4,PM2.5_24h,兰州,71.0
20201111,4,PM10,兰州,143.0
20201111,4,PM10_24h,兰州,154.0
20201111,4,SO2,兰州,25.0
20201111,4,SO2_24h,兰州,28.0
20201111,4,NO2,兰州,75.0
20201111,4,NO2_24h,兰州,91.0
20201111,4,O3,兰州,7.0
20201111,4,O3_24h,兰州,91.0
20201111,4,O3_8h,兰州,7.0
20201111,4,O3_8h_24h,兰州,7.0
20201111,4,CO,兰州,1.52
20201111,4,CO_24h,兰州,2.17
20201111,5,AQI,兰州,95.0
20201111,5,PM2.5,兰州,69.0
20201111,5,PM2.5_24h,兰州,72.0
20201111,5,PM10,兰州,139.0
20201111,5,PM10_24h,兰州,154.0
20201111,5,SO2,兰州,26.0
20201111,5,SO2_24h,兰州,28.0
20201111,5,NO2,兰州,73.0
20201111,5,NO2_24h,兰州,92.0
20201111,5,O3,兰州,7.0
20201111,5,O3_24h,兰州,91.0
20201111,5,O3_8h,兰州,7.0
20201111,5,O3_8h_24h,兰州,7.0
20201111,5,CO,兰州,1.6
20201111,5,CO_24h,兰州,2.17
20201111,6,AQI,兰州,96.0
20201111,6,PM2.5,兰州,68.0
20201111,6,PM2.5_24h,兰州,72.0
20201111,6,PM10,兰州,142.0
20201111,6,PM10_24h,兰州,154.0
20201111,6,SO2,兰州,30.0
20201111,6,SO2_24h,兰州,28.0
20201111,6,NO2,兰州,70.0
20201111,6,NO2_24h,兰州,92.0
20201111,6,O3,兰州,7.0
20201111,6,O3_24h,兰州,91.0
20201111,6,O3_8h,兰州,7.0
20201111,6,O3_8h_24h,兰州,7.0
20201111,6,CO,兰州,1.68
20201111,6,CO_24h,兰州,2.15
20201111,7,AQI,兰州,99.0
20201111,7,PM2.5,兰州,69.0
20201111,7,PM2.5_24h,兰州,71.0
20201111,7,PM10,兰州,148.0
20201111,7,PM10_24h,兰州,153.0
20201111,7,SO2,兰州,22.0
20201111,7,SO2_24h,兰州,28.0
20201111,7,NO2,兰州,75.0
20201111,7,NO2_24h,兰州,97.0
20201111,7,O3,兰州,8.0
20201111,7,O3_24h,兰州,66.0
20201111,7,O3_8h,兰州,8.0
20201111,7,O3_8h_24h,兰州,8.0
20201111,7,CO,兰州,2.05
20201111,7,CO_24h,兰州,2.4
20201111,8,AQI,兰州,96.0
20201111,8,PM2.5,兰州,71.0
20201111,8,PM2.5_24h,兰州,73.0
20201111,8,PM10,兰州,142.0
20201111,8,PM10_24h,兰州,156.0
20201111,8,SO2,兰州,32.0
20201111,8,SO2_24h,兰州,28.0
20201111,8,NO2,兰州,71.0
20201111,8,NO2_24h,兰州,93.0
20201111,8,O3,兰州,7.0
20201111,8,O3_24h,兰州,91.0
20201111,8,O3_8h,兰州,7.0
20201111,8,O3_8h_24h,兰州,7.0
20201111,8,CO,兰州,1.98
20201111,8,CO_24h,兰州,2.13
20201111,10,AQI,兰州,110.0
20201111,10,PM2.5,兰州,77.0
20201111,10,PM2.5_24h,兰州,74.0
20201111,10,PM10,兰州,169.0
20201111,10,PM10_24h,兰州,156.0
20201111,10,SO2,兰州,36.0
20201111,10,SO2_24h,兰州,28.0
20201111,10,NO2,兰州,79.0
20201111,10,NO2_24h,兰州,93.0
20201111,10,O3,兰州,11.0
20201111,10,O3_24h,兰州,91.0
20201111,10,O3_8h,兰州,8.0
20201111,10,O3_8h_24h,兰州,8.0
20201111,10,CO,兰州,2.05
20201111,10,CO_24h,兰州,2.05
20201111,11,AQI,兰州,115.0
20201111,11,PM2.5,兰州,82.0
20201111,11,PM2.5_24h,兰州,75.0
20201111,11,PM10,兰州,180.0
20201111,11,PM10_24h,兰州,157.0
20201111,11,SO2,兰州,52.0
20201111,11,SO2_24h,兰州,28.0
20201111,11,NO2,兰州,107.0
20201111,11,NO2_24h,兰州,94.0
20201111,11,O3,兰州,20.0
20201111,11,O3_24h,兰州,91.0
20201111,11,O3_8h,兰州,9.0
20201111,11,O3_8h_24h,兰州,9.0
20201111,11,CO,兰州,2.4
20201111,11,CO_24h,兰州,2.05
20201111,12,AQI,兰州,118.0
20201111,12,PM2.5,兰州,89.0
20201111,12,PM2.5_24h,兰州,75.0
20201111,12,PM10,兰州,170.0
20201111,12,PM10_24h,兰州,158.0
20201111,12,SO2,兰州,56.0
20201111,12,SO2_24h,兰州,29.0
20201111,12,NO2,兰州,124.0
20201111,12,NO2_24h,兰州,95.0
20201111,12,O3,兰州,36.0
20201111,12,O3_24h,兰州,91.0
20201111,12,O3_8h,兰州,13.0
20201111,12,O3_8h_24h,兰州,13.0
20201111,12,CO,兰州,2.23
20201111,12,CO_24h,兰州,2.05
20201111,13,AQI,兰州,110.0
20201111,13,PM2.5,兰州,83.0
20201111,13,PM2.5_24h,兰州,75.0
20201111,13,PM10,兰州,168.0
20201111,13,PM10_24h,兰州,158.0
20201111,13,SO2,兰州,50.0
20201111,13,SO2_24h,兰州,30.0
20201111,13,NO2,兰州,114.0
20201111,13,NO2_24h,兰州,96.0
20201111,13,O3,兰州,50.0
20201111,13,O3_24h,兰州,78.0
20201111,13,O3_8h,兰州,18.0
20201111,13,O3_8h_24h,兰州,18.0
20201111,13,CO,兰州,1.97
20201111,13,CO_24h,兰州,2.02
20201111,14,AQI,兰州,110.0
20201111,14,PM2.5,兰州,83.0
20201111,14,PM2.5_24h,兰州,76.0
20201111,14,PM10,兰州,150.0
20201111,14,PM10_24h,兰州,160.0
20201111,14,SO2,兰州,43.0
20201111,14,SO2_24h,兰州,30.0
20201111,14,NO2,兰州,111.0
20201111,14,NO2_24h,兰州,96.0
20201111,14,O3,兰州,76.0
20201111,14,O3_24h,兰州,83.0
20201111,14,O3_8h,兰州,27.0
20201111,14,O3_8h_24h,兰州,27.0
20201111,14,CO,兰州,1.77
20201111,14,CO_24h,兰州,2.05
20201111,15,AQI,兰州,104.0
20201111,15,PM2.5,兰州,78.0
20201111,15,PM2.5_24h,兰州,77.0
20201111,15,PM10,兰州,139.0
20201111,15,PM10_24h,兰州,161.0
20201111,15,SO2,兰州,42.0
20201111,15,SO2_24h,兰州,31.0
20201111,15,NO2,兰州,108.0
20201111,15,NO2_24h,兰州,97.0
20201111,15,O3,兰州,98.0
20201111,15,O3_24h,兰州,98.0
20201111,15,O3_8h,兰州,39.0
20201111,15,O3_8h_24h,兰州,39.0
20201111,15,CO,兰州,1.6
20201111,15,CO_24h,兰州,2.05
20201111,16,AQI,兰州,109.0
20201111,16,PM2.5,兰州,82.0
20201111,16,PM2.5_24h,兰州,78.0
20201111,16,PM10,兰州,144.0
20201111,16,PM10_24h,兰州,162.0
20201111,16,SO2,兰州,34.0
20201111,16,SO2_24h,兰州,32.0
20201111,16,NO2,兰州,102.0
20201111,16,NO2_24h,兰州,98.0
20201111,16,O3,兰州,95.0
20201111,16,O3_24h,兰州,99.0
20201111,16,O3_8h,兰州,50.0
20201111,16,O3_8h_24h,兰州,50.0
20201111,16,CO,兰州,1.53
20201111,16,CO_24h,兰州,2.08
20201111,17,AQI,兰州,101.0
20201111,17,PM2.5,兰州,76.0
20201111,17,PM2.5_24h,兰州,79.0
20201111,17,PM10,兰州,127.0
20201111,17,PM10_24h,兰州,162.0
20201111,17,SO2,兰州,29.0
20201111,17,SO2_24h,兰州,32.0
20201111,17,NO2,兰州,111.0
20201111,17,NO2_24h,兰州,98.0
20201111,17,O3,兰州,66.0
20201111,17,O3_24h,兰州,99.0
20201111,17,O3_8h,兰州,58.0
20201111,17,O3_8h_24h,兰州,58.0
20201111,17,CO,兰州,1.43
20201111,17,CO_24h,兰州,2.05
20201111,18,AQI,兰州,106.0
20201111,18,PM2.5,兰州,80.0
20201111,18,PM2.5_24h,兰州,79.0
20201111,18,PM10,兰州,135.0
20201111,18,PM10_24h,兰州,163.0
20201111,18,SO2,兰州,29.0
20201111,18,SO2_24h,兰州,32.0
20201111,18,NO2,兰州,143.0
20201111,18,NO2_24h,兰州,98.0
20201111,18,O3,兰州,29.0
20201111,18,O3_24h,兰州,99.0
20201111,18,O3_8h,兰州,58.0
20201111,18,O3_8h_24h,兰州,59.0
20201111,18,CO,兰州,2.1
20201111,18,CO_24h,兰州,2.02
20201111,19,AQI,兰州,138.0
20201111,19,PM2.5,兰州,105.0
20201111,19,PM2.5_24h,兰州,79.0
20201111,19,PM10,兰州,154.0
20201111,19,PM10_24h,兰州,160.0
20201111,19,SO2,兰州,28.0
20201111,19,SO2_24h,兰州,32.0
20201111,19,NO2,兰州,150.0
20201111,19,NO2_24h,兰州,99.0
20201111,19,O3,兰州,9.0
20201111,19,O3_24h,兰州,99.0
20201111,19,O3_8h,兰州,57.0
20201111,19,O3_8h_24h,兰州,59.0
20201111,19,CO,兰州,2.83
20201111,19,CO_24h,兰州,2.05
20201111,20,AQI,兰州,133.0
20201111,20,PM2.5,兰州,101.0
20201111,20,PM2.5_24h,兰州,79.0
20201111,20,PM10,兰州,191.0
20201111,20,PM10_24h,兰州,160.0
20201111,20,SO2,兰州,27.0
20201111,20,SO2_24h,兰州,32.0
20201111,20,NO2,兰州,141.0
20201111,20,NO2_24h,兰州,99.0
20201111,20,O3,兰州,8.0
20201111,20,O3_24h,兰州,99.0
20201111,20,O3_8h,兰州,54.0
20201111,20,O3_8h_24h,兰州,59.0
20201111,20,CO,兰州,3.6
20201111,20,CO_24h,兰州,2.05
20201111,21,AQI,兰州,122.0
20201111,21,PM2.5,兰州,87.0
20201111,21,PM2.5_24h,兰州,79.0
20201111,21,PM10,兰州,193.0
20201111,21,PM10_24h,兰州,159.0
20201111,21,SO2,兰州,26.0
20201111,21,SO2_24h,兰州,32.0
20201111,21,NO2,兰州,126.0
20201111,21,NO2_24h,兰州,99.0
20201111,21,O3,兰州,7.0
20201111,21,O3_24h,兰州,99.0
20201111,21,O3_8h,兰州,49.0
20201111,21,O3_8h_24h,兰州,59.0
20201111,21,CO,兰州,2.77
20201111,21,CO_24h,兰州,2.05
20201111,22,AQI,兰州,107.0
20201111,22,PM2.5,兰州,77.0
20201111,22,PM2.5_24h,兰州,78.0
20201111,22,PM10,兰州,164.0
20201111,22,PM10_24h,兰州,156.0
20201111,22,SO2,兰州,23.0
20201111,22,SO2_24h,兰州,32.0
20201111,22,NO2,兰州,113.0
20201111,22,NO2_24h,兰州,100.0
20201111,22,O3,兰州,7.0
20201111,22,O3_24h,兰州,99.0
20201111,22,O3_8h,兰州,40.0
20201111,22,O3_8h_24h,兰州,59.0
20201111,22,CO,兰州,2.42
20201111,22,CO_24h,兰州,2.0
20201111,23,AQI,兰州,110.0
20201111,23,PM2.5,兰州,80.0
20201111,23,PM2.5_24h,兰州,78.0
20201111,23,PM10,兰州,170.0
20201111,23,PM10_24h,兰州,155.0
20201111,23,SO2,兰州,26.0
20201111,23,SO2_24h,兰州,32.0
20201111,23,NO2,兰州,104.0
20201111,23,NO2_24h,兰州,100.0
20201111,23,O3,兰州,7.0
20201111,23,O3_24h,兰州,99.0
20201111,23,O3_8h,兰州,29.0
20201111,23,O3_8h_24h,兰州,59.0
20201111,23,CO,兰州,2.27
20201111,23,CO_24h,兰州,2.0
20201111,0,AQI,西宁,100.0
20201111,0,PM2.5,西宁,75.0
20201111,0,PM2.5_24h,西宁,50.0
20201111,0,PM10,西宁,132.0
20201111,0,PM10_24h,西宁,89.0
20201111,0,SO2,西宁,18.0
20201111,0,SO2_24h,西宁,25.0
20201111,0,NO2,西宁,72.0
20201111,0,NO2_24h,西宁,68.0
20201111,0,O3,西宁,14.0
20201111,0,O3_24h,西宁,81.0
20201111,0,O3_8h,西宁,24.0
20201111,0,O3_8h_24h,西宁,56.0
20201111,0,CO,西宁,1.57
20201111,0,CO_24h,西宁,2.0
20201111,1,AQI,西宁,91.0
20201111,1,PM2.5,西宁,68.0
20201111,1,PM2.5_24h,西宁,51.0
20201111,1,PM10,西宁,124.0
20201111,1,PM10_24h,西宁,90.0
20201111,1,SO2,西宁,20.0
20201111,1,SO2_24h,西宁,25.0
20201111,1,NO2,西宁,73.0
20201111,1,NO2_24h,西宁,69.0
20201111,1,O3,西宁,12.0
20201111,1,O3_24h,西宁,81.0
20201111,1,O3_8h,西宁,12.0
20201111,1,O3_8h_24h,西宁,12.0
20201111,1,CO,西宁,1.6
20201111,1,CO_24h,西宁,2.0
20201111,2,AQI,西宁,98.0
20201111,2,PM2.5,西宁,73.0
20201111,2,PM2.5_24h,西宁,52.0
20201111,2,PM10,西宁,123.0
20201111,2,PM10_24h,西宁,90.0
20201111,2,SO2,西宁,19.0
20201111,2,SO2_24h,西宁,25.0
20201111,2,NO2,西宁,74.0
20201111,2,NO2_24h,西宁,69.0
20201111,2,O3,西宁,10.0
20201111,2,O3_24h,西宁,81.0
20201111,2,O3_8h,西宁,11.0
20201111,2,O3_8h_24h,西宁,12.0
20201111,2,CO,西宁,1.67
20201111,2,CO_24h,西宁,2.0
20201111,3,AQI,西宁,98.0
20201111,3,PM2.5,西宁,73.0
20201111,3,PM2.5_24h,西宁,53.0
20201111,3,PM10,西宁,117.0
20201111,3,PM10_24h,西宁,90.0
20201111,3,SO2,西宁,20.0
20201111,3,SO2_24h,西宁,25.0
20201111,3,NO2,西宁,71.0
20201111,3,NO2_24h,西宁,70.0
20201111,3,O3,西宁,9.0
20201111,3,O3_24h,西宁,81.0
20201111,3,O3_8h,西宁,10.0
20201111,3,O3_8h_24h,西宁,12.0
20201111,3,CO,西宁,2.13
20201111,3,CO_24h,西宁,2.07
20201111,4,AQI,西宁,96.0
20201111,4,PM2.5,西宁,72.0
20201111,4,PM2.5_24h,西宁,54.0
20201111,4,PM10,西宁,111.0
20201111,4,PM10_24h,西宁,91.0
20201111,4,SO2,西宁,22.0
20201111,4,SO2_24h,西宁,25.0
20201111,4,NO2,西宁,68.0
20201111,4,NO2_24h,西宁,70.0
20201111,4,O3,西宁,9.0
20201111,4,O3_24h,西宁,81.0
20201111,4,O3_8h,西宁,9.0
20201111,4,O3_8h_24h,西宁,12.0
20201111,4,CO,西宁,2.43
20201111,4,CO_24h,西宁,2.13
20201111,5,AQI,西宁,91.0
20201111,5,PM2.5,西宁,68.0
20201111,5,PM2.5_24h,西宁,54.0
20201111,5,PM10,西宁,101.0
20201111,5,PM10_24h,西宁,91.0
20201111,5,SO2,西宁,19.0
20201111,5,SO2_24h,西宁,25.0
20201111,5,NO2,西宁,64.0
20201111,5,NO2_24h,西宁,70.0
20201111,5,O3,西宁,10.0
20201111,5,O3_24h,西宁,81.0
20201111,5,O3_8h,西宁,10.0
20201111,5,O3_8h_24h,西宁,12.0
20201111,5,CO,西宁,2.13
20201111,5,CO_24h,西宁,2.13
20201111,6,AQI,西宁,94.0
20201111,6,PM2.5,西宁,70.0
20201111,6,PM2.5_24h,西宁,56.0
20201111,6,PM10,西宁,100.0
20201111,6,PM10_24h,西宁,92.0
20201111,6,SO2,西宁,21.0
20201111,6,SO2_24h,西宁,25.0
20201111,6,NO2,西宁,64.0
20201111,6,NO2_24h,西宁,71.0
20201111,6,O3,西宁,9.0
20201111,6,O3_24h,西宁,81.0
20201111,6,O3_8h,西宁,9.0
20201111,6,O3_8h_24h,西宁,12.0
20201111,6,CO,西宁,2.23
20201111,6,CO_24h,西宁,2.2
20201111,8,AQI,西宁,88.0
20201111,8,PM2.5,西宁,65.0
20201111,8,PM2.5_24h,西宁,57.0
20201111,8,PM10,西宁,101.0
20201111,8,PM10_24h,西宁,92.0
20201111,8,SO2,西宁,23.0
20201111,8,SO2_24h,西宁,25.0
20201111,8,NO2,西宁,67.0
20201111,8,NO2_24h,西宁,71.0
20201111,8,O3,西宁,7.0
20201111,8,O3_24h,西宁,81.0
20201111,8,O3_8h,西宁,9.0
20201111,8,O3_8h_24h,西宁,12.0
20201111,8,CO,西宁,4.0
20201111,8,CO_24h,西宁,2.23
20201111,10,AQI,西宁,106.0
20201111,10,PM2.5,西宁,80.0
20201111,10,PM2.5_24h,西宁,58.0
20201111,10,PM10,西宁,131.0
20201111,10,PM10_24h,西宁,94.0
20201111,10,SO2,西宁,40.0
20201111,10,SO2_24h,西宁,26.0
20201111,10,NO2,西宁,75.0
20201111,10,NO2_24h,西宁,72.0
20201111,10,O3,西宁,12.0
20201111,10,O3_24h,西宁,81.0
20201111,10,O3_8h,西宁,9.0
20201111,10,O3_8h_24h,西宁,12.0
20201111,10,CO,西宁,3.73
20201111,10,CO_24h,西宁,2.3
20201111,11,AQI,西宁,129.0
20201111,11,PM2.5,西宁,98.0
20201111,11,PM2.5_24h,西宁,59.0
20201111,11,PM10,西宁,146.0
20201111,11,PM10_24h,西宁,95.0
20201111,11,SO2,西宁,66.0
20201111,11,SO2_24h,西宁,26.0
20201111,11,NO2,西宁,87.0
20201111,11,NO2_24h,西宁,72.0
20201111,11,O3,西宁,22.0
20201111,11,O3_24h,西宁,81.0
20201111,11,O3_8h,西宁,10.0
20201111,11,O3_8h_24h,西宁,14.0
20201111,11,CO,西宁,3.73
20201111,11,CO_24h,西宁,2.3
20201111,12,AQI,西宁,136.0
20201111,12,PM2.5,西宁,104.0
20201111,12,PM2.5_24h,西宁,60.0
20201111,12,PM10,西宁,133.0
20201111,12,PM10_24h,西宁,96.0
20201111,12,SO2,西宁,81.0
20201111,12,SO2_24h,西宁,27.0
20201111,12,NO2,西宁,83.0
20201111,12,NO2_24h,西宁,72.0
20201111,12,O3,西宁,40.0
20201111,12,O3_24h,西宁,81.0
20201111,12,O3_8h,西宁,14.0
20201111,12,O3_8h_24h,西宁,17.0
20201111,12,CO,西宁,2.53
20201111,12,CO_24h,西宁,2.27
20201111,13,AQI,西宁,106.0
20201111,13,PM2.5,西宁,80.0
20201111,13,PM2.5_24h,西宁,61.0
20201111,13,PM10,西宁,96.0
20201111,13,PM10_24h,西宁,97.0
20201111,13,SO2,西宁,50.0
20201111,13,SO2_24h,西宁,27.0
20201111,13,NO2,西宁,69.0
20201111,13,NO2_24h,西宁,72.0
20201111,13,O3,西宁,57.0
20201111,13,O3_24h,西宁,81.0
20201111,13,O3_8h,西宁,20.0
20201111,13,O3_8h_24h,西宁,22.0
20201111,13,CO,西宁,1.97
20201111,13,CO_24h,西宁,2.2
20201111,14,AQI,西宁,65.0
20201111,14,PM2.5,西宁,47.0
20201111,14,PM2.5_24h,西宁,61.0
20201111,14,PM10,西宁,70.0
20201111,14,PM10_24h,西宁,97.0
20201111,14,SO2,西宁,36.0
20201111,14,SO2_24h,西宁,27.0
20201111,14,NO2,西宁,57.0
20201111,14,NO2_24h,西宁,72.0
20201111,14,O3,西宁,74.0
20201111,14,O3_24h,西宁,85.0
20201111,14,O3_8h,西宁,28.0
20201111,14,O3_8h_24h,西宁,28.0
20201111,14,CO,西宁,1.4
20201111,14,CO_24h,西宁,2.17
20201111,15,AQI,西宁,54.0
20201111,15,PM2.5,西宁,34.0
20201111,15,PM2.5_24h,西宁,62.0
20201111,15,PM10,西宁,58.0
20201111,15,PM10_24h,西宁,97.0
20201111,15,SO2,西宁,22.0
20201111,15,SO2_24h,西宁,27.0
20201111,15,NO2,西宁,47.0
20201111,15,NO2_24h,西宁,73.0
20201111,15,O3,西宁,87.0
20201111,15,O3_24h,西宁,88.0
20201111,15,O3_8h,西宁,38.0
20201111,15,O3_8h_24h,西宁,38.0
20201111,15,CO,西宁,0.87
20201111,15,CO_24h,西宁,2.13
20201111,16,AQI,西宁,33.0
20201111,16,PM2.5,西宁,20.0
20201111,16,PM2.5_24h,西宁,63.0
20201111,16,PM10,西宁,33.0
20201111,16,PM10_24h,西宁,98.0
20201111,16,SO2,西宁,12.0
20201111,16,SO2_24h,西宁,27.0
20201111,16,NO2,西宁,47.0
20201111,16,NO2_24h,西宁,73.0
20201111,16,O3,西宁,86.0
20201111,16,O3_24h,西宁,90.0
20201111,16,O3_8h,西宁,48.0
20201111,16,O3_8h_24h,西宁,48.0
20201111,16,CO,西宁,0.7
20201111,16,CO_24h,西宁,2.13
20201111,17,AQI,西宁,25.0
20201111,17,PM2.5,西宁,16.0
20201111,17,PM2.5_24h,西宁,64.0
20201111,17,PM10,西宁,25.0
20201111,17,PM10_24h,西宁,98.0
20201111,17,SO2,西宁,10.0
20201111,17,SO2_24h,西宁,27.0
20201111,17,NO2,西宁,50.0
20201111,17,NO2_24h,西宁,72.0
20201111,17,O3,西宁,73.0
20201111,17,O3_24h,西宁,90.0
20201111,17,O3_8h,西宁,56.0
20201111,17,O3_8h_24h,西宁,56.0
20201111,17,CO,西宁,0.53
20201111,17,CO_24h,西宁,2.13
20201111,18,AQI,西宁,47.0
20201111,18,PM2.5,西宁,33.0
20201111,18,PM2.5_24h,西宁,64.0
20201111,18,PM10,西宁,40.0
20201111,18,PM10_24h,西宁,98.0
20201111,18,SO2,西宁,15.0
20201111,18,SO2_24h,西宁,27.0
20201111,18,NO2,西宁,89.0
20201111,18,NO2_24h,西宁,72.0
20201111,18,O3,西宁,48.0
20201111,18,O3_24h,西宁,90.0
20201111,18,O3_8h,西宁,61.0
20201111,18,O3_8h_24h,西宁,61.0
20201111,18,CO,西宁,0.77
20201111,18,CO_24h,西宁,2.13
20201111,19,AQI,西宁,75.0
20201111,19,PM2.5,西宁,47.0
20201111,19,PM2.5_24h,西宁,63.0
20201111,19,PM10,西宁,99.0
20201111,19,PM10_24h,西宁,99.0
20201111,19,SO2,西宁,27.0
20201111,19,SO2_24h,西宁,28.0
20201111,19,NO2,西宁,102.0
20201111,19,NO2_24h,西宁,71.0
20201111,19,O3,西宁,42.0
20201111,19,O3_24h,西宁,90.0
20201111,19,O3_8h,西宁,63.0
20201111,19,O3_8h_24h,西宁,63.0
20201111,19,CO,西宁,1.3
20201111,19,CO_24h,西宁,2.13
20201111,20,AQI,西宁,86.0
20201111,20,PM2.5,西宁,59.0
20201111,20,PM2.5_24h,西宁,64.0
20201111,20,PM10,西宁,121.0
20201111,20,PM10_24h,西宁,100.0
20201111,20,SO2,西宁,25.0
20201111,20,SO2_24h,西宁,28.0
20201111,20,NO2,西宁,73.0
20201111,20,NO2_24h,西宁,71.0
20201111,20,O3,西宁,50.0
20201111,20,O3_24h,西宁,90.0
20201111,20,O3_8h,西宁,65.0
20201111,20,O3_8h_24h,西宁,65.0
20201111,20,CO,西宁,1.1
20201111,20,CO_24h,西宁,2.1
20201111,21,AQI,西宁,77.0
20201111,21,PM2.5,西宁,53.0
20201111,21,PM2.5_24h,西宁,64.0
20201111,21,PM10,西宁,104.0
20201111,21,PM10_24h,西宁,100.0
20201111,21,SO2,西宁,26.0
20201111,21,SO2_24h,西宁,28.0
20201111,21,NO2,西宁,67.0
20201111,21,NO2_24h,西宁,69.0
20201111,21,O3,西宁,57.0
20201111,21,O3_24h,西宁,90.0
20201111,21,O3_8h,西宁,66.0
20201111,21,O3_8h_24h,西宁,66.0
20201111,21,CO,西宁,1.0
20201111,21,CO_24h,西宁,2.07
20201111,22,AQI,西宁,73.0
20201111,22,PM2.5,西宁,50.0
20201111,22,PM2.5_24h,西宁,64.0
20201111,22,PM10,西宁,96.0
20201111,22,PM10_24h,西宁,99.0
20201111,22,SO2,西宁,26.0
20201111,22,SO2_24h,西宁,28.0
20201111,22,NO2,西宁,69.0
20201111,22,NO2_24h,西宁,69.0
20201111,22,O3,西宁,63.0
20201111,22,O3_24h,西宁,90.0
20201111,22,O3_8h,西宁,64.0
20201111,22,O3_8h_24h,西宁,67.0
20201111,22,CO,西宁,0.83
20201111,22,CO_24h,西宁,2.0
20201111,23,AQI,西宁,90.0
20201111,23,PM2.5,西宁,67.0
20201111,23,PM2.5_24h,西宁,63.0
20201111,23,PM10,西宁,94.0
20201111,23,PM10_24h,西宁,97.0
20201111,23,SO2,西宁,25.0
20201111,23,SO2_24h,西宁,28.0
20201111,23,NO2,西宁,70.0
20201111,23,NO2_24h,西宁,68.0
20201111,23,O3,西宁,59.0
20201111,23,O3_24h,西宁,90.0
20201111,23,O3_8h,西宁,61.0
20201111,23,O3_8h_24h,西宁,67.0
20201111,23,CO,西宁,0.83
20201111,23,CO_24h,西宁,1.97
20201111,0,AQI,银川,77.0
20201111,0,PM2.5,银川,46.0
20201111,0,PM2.5_24h,银川,47.0
20201111,0,PM10,银川,104.0
20201111,0,PM10_24h,银川,99.0
20201111,0,SO2,银川,22.0
20201111,0,SO2_24h,银川,36.0
20201111,0,NO2,银川,86.0
20201111,0,NO2_24h,银川,75.0
20201111,0,O3,银川,9.0
20201111,0,O3_24h,银川,72.0
20201111,0,O3_8h,银川,25.0
20201111,0,O3_8h_24h,银川,55.0
20201111,0,CO,银川,1.32
20201111,0,CO_24h,银川,1.64
20201111,1,AQI,银川,73.0
20201111,1,PM2.5,银川,46.0
20201111,1,PM2.5_24h,银川,47.0
20201111,1,PM10,银川,95.0
20201111,1,PM10_24h,银川,99.0
20201111,1,SO2,银川,21.0
20201111,1,SO2_24h,银川,36.0
20201111,1,NO2,银川,85.0
20201111,1,NO2_24h,银川,75.0
20201111,1,O3,银川,5.0
20201111,1,O3_24h,银川,72.0
20201111,1,O3_8h,银川,5.0
20201111,1,O3_8h_24h,银川,5.0
20201111,1,CO,银川,1.36
20201111,1,CO_24h,银川,1.64
20201111,2,AQI,银川,74.0
20201111,2,PM2.5,银川,48.0
20201111,2,PM2.5_24h,银川,47.0
20201111,2,PM10,银川,98.0
20201111,2,PM10_24h,银川,100.0
20201111,2,SO2,银川,21.0
20201111,2,SO2_24h,银川,36.0
20201111,2,NO2,银川,81.0
20201111,2,NO2_24h,银川,76.0
20201111,2,O3,银川,7.0
20201111,2,O3_24h,银川,72.0
20201111,2,O3_8h,银川,6.0
20201111,2,O3_8h_24h,银川,6.0
20201111,2,CO,银川,1.3
20201111,2,CO_24h,银川,1.64
20201111,3,AQI,银川,74.0
20201111,3,PM2.5,银川,47.0
20201111,3,PM2.5_24h,银川,47.0
20201111,3,PM10,银川,97.0
20201111,3,PM10_24h,银川,100.0
20201111,3,SO2,银川,26.0
20201111,3,SO2_24h,银川,36.0
20201111,3,NO2,银川,79.0
20201111,3,NO2_24h,银川,75.0
20201111,3,O3,银川,6.0
20201111,3,O3_24h,银川,72.0
20201111,3,O3_8h,银川,6.0
20201111,3,O3_8h_24h,银川,6.0
20201111,3,CO,银川,1.3
20201111,3,CO_24h,银川,1.6
20201111,4,AQI,银川,76.0
20201111,4,PM2.5,银川,50.0
20201111,4,PM2.5_24h,银川,47.0
20201111,4,PM10,银川,102.0
20201111,4,PM10_24h,银川,100.0
20201111,4,SO2,银川,26.0
20201111,4,SO2_24h,银川,36.0
20201111,4,NO2,银川,80.0
20201111,4,NO2_24h,银川,76.0
20201111,4,O3,银川,6.0
20201111,4,O3_24h,银川,72.0
20201111,4,O3_8h,银川,6.0
20201111,4,O3_8h_24h,银川,7.0
20201111,4,CO,银川,1.42
20201111,4,CO_24h,银川,1.58
20201111,5,AQI,银川,76.0
20201111,5,PM2.5,银川,51.0
20201111,5,PM2.5_24h,银川,47.0
20201111,5,PM10,银川,102.0
20201111,5,PM10_24h,银川,100.0
20201111,5,SO2,银川,24.0
20201111,5,SO2_24h,银川,37.0
20201111,5,NO2,银川,79.0
20201111,5,NO2_24h,银川,76.0
20201111,5,O3,银川,7.0
20201111,5,O3_24h,银川,72.0
20201111,5,O3_8h,银川,6.0
20201111,5,O3_8h_24h,银川,7.0
20201111,5,CO,银川,1.4
20201111,5,CO_24h,银川,1.58
20201111,6,AQI,银川,86.0
20201111,6,PM2.5,银川,58.0
20201111,6,PM2.5_24h,银川,47.0
20201111,6,PM10,银川,121.0
20201111,6,PM10_24h,银川,102.0
20201111,6,SO2,银川,22.0
20201111,6,SO2_24h,银川,37.0
20201111,6,NO2,银川,80.0
20201111,6,NO2_24h,银川,76.0
20201111,6,O3,银川,5.0
20201111,6,O3_24h,银川,72.0
20201111,6,O3_8h,银川,6.0
20201111,6,O3_8h_24h,银川,7.0
20201111,6,CO,银川,1.48
20201111,6,CO_24h,银川,1.58
20201111,7,AQI,银川,84.0
20201111,7,PM2.5,银川,56.0
20201111,7,PM2.5_24h,银川,47.0
20201111,7,PM10,银川,118.0
20201111,7,PM10_24h,银川,102.0
20201111,7,SO2,银川,24.0
20201111,7,SO2_24h,银川,45.0
20201111,7,NO2,银川,72.0
20201111,7,NO2_24h,银川,71.0
20201111,7,O3,银川,6.0
20201111,7,O3_24h,银川,72.0
20201111,7,O3_8h,银川,7.0
20201111,7,O3_8h_24h,银川,9.0
20201111,7,CO,银川,1.75
20201111,7,CO_24h,银川,1.75
20201111,8,AQI,银川,81.0
20201111,8,PM2.5,银川,57.0
20201111,8,PM2.5_24h,银川,48.0
20201111,8,PM10,银川,111.0
20201111,8,PM10_24h,银川,103.0
20201111,8,SO2,银川,22.0
20201111,8,SO2_24h,银川,37.0
20201111,8,NO2,银川,77.0
20201111,8,NO2_24h,银川,77.0
20201111,8,O3,银川,5.0
20201111,8,O3_24h,银川,72.0
20201111,8,O3_8h,银川,6.0
20201111,8,O3_8h_24h,银川,7.0
20201111,8,CO,银川,1.62
20201111,8,CO_24h,银川,1.58
20201111,10,AQI,银川,103.0
20201111,10,PM2.5,银川,55.0
20201111,10,PM2.5_24h,银川,50.0
20201111,10,PM10,银川,156.0
20201111,10,PM10_24h,银川,108.0
20201111,10,SO2,银川,40.0
20201111,10,SO2_24h,银川,36.0
20201111,10,NO2,银川,84.0
20201111,10,NO2_24h,银川,78.0
20201111,10,O3,银川,11.0
20201111,10,O3_24h,银川,72.0
20201111,10,O3_8h,银川,7.0
20201111,10,O3_8h_24h,银川,7.0
20201111,10,CO,银川,2.5
20201111,10,CO_24h,银川,1.58
20201111,11,AQI,银川,106.0
20201111,11,PM2.5,银川,74.0
20201111,11,PM2.5_24h,银川,51.0
20201111,11,PM10,银川,162.0
20201111,11,PM10_24h,银川,110.0
20201111,11,SO2,银川,58.0
20201111,11,SO2_24h,银川,36.0
20201111,11,NO2,银川,97.0
20201111,11,NO2_24h,银川,80.0
20201111,11,O3,银川,17.0
20201111,11,O3_24h,银川,72.0
20201111,11,O3_8h,银川,8.0
20201111,11,O3_8h_24h,银川,8.0
20201111,11,CO,银川,2.88
20201111,11,CO_24h,银川,1.6
20201111,12,AQI,银川,118.0
20201111,12,PM2.5,银川,89.0
20201111,12,PM2.5_24h,银川,52.0
20201111,12,PM10,银川,183.0
20201111,12,PM10_24h,银川,113.0
20201111,12,SO2,银川,65.0
20201111,12,SO2_24h,银川,35.0
20201111,12,NO2,银川,121.0
20201111,12,NO2_24h,银川,82.0
20201111,12,O3,银川,22.0
20201111,12,O3_24h,银川,72.0
20201111,12,O3_8h,银川,10.0
20201111,12,O3_8h_24h,银川,10.0
20201111,12,CO,银川,3.32
20201111,12,CO_24h,银川,1.62
20201111,13,AQI,银川,144.0
20201111,13,PM2.5,银川,110.0
20201111,13,PM2.5_24h,银川,54.0
20201111,13,PM10,银川,224.0
20201111,13,PM10_24h,银川,118.0
20201111,13,SO2,银川,61.0
20201111,13,SO2_24h,银川,34.0
20201111,13,NO2,银川,115.0
20201111,13,NO2_24h,银川,85.0
20201111,13,O3,银川,40.0
20201111,13,O3_24h,银川,72.0
20201111,13,O3_8h,银川,14.0
20201111,13,O3_8h_24h,银川,14.0
20201111,13,CO,银川,2.92
20201111,13,CO_24h,银川,1.66
20201111,14,AQI,银川,121.0
20201111,14,PM2.5,银川,91.0
20201111,14,PM2.5_24h,银川,57.0
20201111,14,PM10,银川,191.0
20201111,14,PM10_24h,银川,123.0
20201111,14,SO2,银川,56.0
20201111,14,SO2_24h,银川,33.0
20201111,14,NO2,银川,93.0
20201111,14,NO2_24h,银川,86.0
20201111,14,O3,银川,67.0
20201111,14,O3_24h,银川,79.0
20201111,14,O3_8h,银川,21.0
20201111,14,O3_8h_24h,银川,21.0
20201111,14,CO,银川,2.1
20201111,14,CO_24h,银川,1.68
20201111,15,AQI,银川,110.0
20201111,15,PM2.5,银川,83.0
20201111,15,PM2.5_24h,银川,58.0
20201111,15,PM10,银川,154.0
20201111,15,PM10_24h,银川,125.0
20201111,15,SO2,银川,47.0
20201111,15,SO2_24h,银川,32.0
20201111,15,NO2,银川,80.0
20201111,15,NO2_24h,银川,87.0
20201111,15,O3,银川,86.0
20201111,15,O3_24h,银川,90.0
20201111,15,O3_8h,银川,31.0
20201111,15,O3_8h_24h,银川,31.0
20201111,15,CO,银川,1.86
20201111,15,CO_24h,银川,1.68
20201111,16,AQI,银川,94.0
20201111,16,PM2.5,银川,70.0
20201111,16,PM2.5_24h,银川,59.0
20201111,16,PM10,银川,138.0
20201111,16,PM10_24h,银川,126.0
20201111,16,SO2,银川,44.0
20201111,16,SO2_24h,银川,32.0
20201111,16,NO2,银川,59.0
20201111,16,NO2_24h,银川,86.0
20201111,16,O3,银川,111.0
20201111,16,O3_24h,银川,114.0
20201111,16,O3_8h,银川,45.0
20201111,16,O3_8h_24h,银川,45.0
20201111,16,CO,银川,1.58
20201111,16,CO_24h,银川,1.7
20201111,17,AQI,银川,89.0
20201111,17,PM2.5,银川,66.0
20201111,17,PM2.5_24h,银川,60.0
20201111,17,PM10,银川,126.0
20201111,17,PM10_24h,银川,127.0
20201111,17,SO2,银川,44.0
20201111,17,SO2_24h,银川,33.0
20201111,17,NO2,银川,55.0
20201111,17,NO2_24h,银川,86.0
20201111,17,O3,银川,116.0
20201111,17,O3_24h,银川,119.0
20201111,17,O3_8h,银川,59.0
20201111,17,O3_8h_24h,银川,59.0
20201111,17,CO,银川,1.46
20201111,17,CO_24h,银川,1.7
20201111,18,AQI,银川,93.0
20201111,18,PM2.5,银川,69.0
20201111,18,PM2.5_24h,银川,61.0
20201111,18,PM10,银川,119.0
20201111,18,PM10_24h,银川,127.0
20201111,18,SO2,银川,39.0
20201111,18,SO2_24h,银川,33.0
20201111,18,NO2,银川,71.0
20201111,18,NO2_24h,银川,86.0
20201111,18,O3,银川,91.0
20201111,18,O3_24h,银川,119.0
20201111,18,O3_8h,银川,68.0
20201111,18,O3_8h_24h,银川,68.0
20201111,18,CO,银川,1.5
20201111,18,CO_24h,银川,1.7
20201111,19,AQI,银川,94.0
20201111,19,PM2.5,银川,70.0
20201111,19,PM2.5_24h,银川,61.0
20201111,19,PM10,银川,130.0
20201111,19,PM10_24h,银川,128.0
20201111,19,SO2,银川,36.0
20201111,19,SO2_24h,银川,34.0
20201111,19,NO2,银川,97.0
20201111,19,NO2_24h,银川,86.0
20201111,19,O3,银川,56.0
20201111,19,O3_24h,银川,119.0
20201111,19,O3_8h,银川,74.0
20201111,19,O3_8h_24h,银川,74.0
20201111,19,CO,银川,1.64
20201111,19,CO_24h,银川,1.72
20201111,20,AQI,银川,100.0
20201111,20,PM2.5,银川,75.0
20201111,20,PM2.5_24h,银川,62.0
20201111,20,PM10,银川,140.0
20201111,20,PM10_24h,银川,129.0
20201111,20,SO2,银川,38.0
20201111,20,SO2_24h,银川,34.0
20201111,20,NO2,银川,122.0
20201111,20,NO2_24h,银川,86.0
20201111,20,O3,银川,31.0
20201111,20,O3_24h,银川,119.0
20201111,20,O3_8h,银川,76.0
20201111,20,O3_8h_24h,银川,76.0
20201111,20,CO,银川,1.94
20201111,20,CO_24h,银川,1.78
20201111,21,AQI,银川,115.0
20201111,21,PM2.5,银川,87.0
20201111,21,PM2.5_24h,银川,64.0
20201111,21,PM10,银川,155.0
20201111,21,PM10_24h,银川,131.0
20201111,21,SO2,银川,34.0
20201111,21,SO2_24h,银川,35.0
20201111,21,NO2,银川,134.0
20201111,21,NO2_24h,银川,88.0
20201111,21,O3,银川,14.0
20201111,21,O3_24h,银川,119.0
20201111,21,O3_8h,银川,73.0
20201111,21,O3_8h_24h,银川,77.0
20201111,21,CO,银川,2.16
20201111,21,CO_24h,银川,1.8
20201111,22,AQI,银川,118.0
20201111,22,PM2.5,银川,89.0
20201111,22,PM2.5_24h,银川,66.0
20201111,22,PM10,银川,159.0
20201111,22,PM10_24h,银川,133.0
20201111,22,SO2,银川,32.0
20201111,22,SO2_24h,银川,35.0
20201111,22,NO2,银川,132.0
20201111,22,NO2_24h,银川,90.0
20201111,22,O3,银川,6.0
20201111,22,O3_24h,银川,119.0
20201111,22,O3_8h,银川,65.0
20201111,22,O3_8h_24h,银川,77.0
20201111,22,CO,银川,2.16
20201111,22,CO_24h,银川,1.82
20201111,23,AQI,银川,116.0
20201111,23,PM2.5,银川,88.0
20201111,23,PM2.5_24h,银川,68.0
20201111,23,PM10,银川,170.0
20201111,23,PM10_24h,银川,135.0
20201111,23,SO2,银川,32.0
20201111,23,SO2_24h,银川,35.0
20201111,23,NO2,银川,126.0
20201111,23,NO2_24h,银川,91.0
20201111,23,O3,银川,6.0
20201111,23,O3_24h,银川,119.0
20201111,23,O3_8h,银川,54.0
20201111,23,O3_8h_24h,银川,77.0
20201111,23,CO,银川,2.06
20201111,23,CO_24h,银川,1.88
20201111,0,AQI,乌鲁木齐,77.0
20201111,0,PM2.5,乌鲁木齐,32.0
20201111,0,PM2.5_24h,乌鲁木齐,45.0
20201111,0,PM10,乌鲁木齐,104.0
20201111,0,PM10_24h,乌鲁木齐,145.0
20201111,0,SO2,乌鲁木齐,12.0
20201111,0,SO2_24h,乌鲁木齐,14.0
20201111,0,NO2,乌鲁木齐,57.0
20201111,0,NO2_24h,乌鲁木齐,59.0
20201111,0,O3,乌鲁木齐,11.0
20201111,0,O3_24h,乌鲁木齐,47.0
20201111,0,O3_8h,乌鲁木齐,18.0
20201111,0,O3_8h_24h,乌鲁木齐,32.0
20201111,0,CO,乌鲁木齐,1.07
20201111,0,CO_24h,乌鲁木齐,1.2
20201111,1,AQI,乌鲁木齐,75.0
20201111,1,PM2.5,乌鲁木齐,37.0
20201111,1,PM2.5_24h,乌鲁木齐,45.0
20201111,1,PM10,乌鲁木齐,100.0
20201111,1,PM10_24h,乌鲁木齐,142.0
20201111,1,SO2,乌鲁木齐,12.0
20201111,1,SO2_24h,乌鲁木齐,14.0
20201111,1,NO2,乌鲁木齐,55.0
20201111,1,NO2_24h,乌鲁木齐,59.0
20201111,1,O3,乌鲁木齐,11.0
20201111,1,O3_24h,乌鲁木齐,47.0
20201111,1,O3_8h,乌鲁木齐,11.0
20201111,1,O3_8h_24h,乌鲁木齐,11.0
20201111,1,CO,乌鲁木齐,1.1
20201111,1,CO_24h,乌鲁木齐,1.18
20201111,2,AQI,乌鲁木齐,78.0
20201111,2,PM2.5,乌鲁木齐,35.0
20201111,2,PM2.5_24h,乌鲁木齐,45.0
20201111,2,PM10,乌鲁木齐,106.0
20201111,2,PM10_24h,乌鲁木齐,141.0
20201111,2,SO2,乌鲁木齐,11.0
20201111,2,SO2_24h,乌鲁木齐,14.0
20201111,2,NO2,乌鲁木齐,57.0
20201111,2,NO2_24h,乌鲁木齐,59.0
20201111,2,O3,乌鲁木齐,10.0
20201111,2,O3_24h,乌鲁木齐,47.0
20201111,2,O3_8h,乌鲁木齐,11.0
20201111,2,O3_8h_24h,乌鲁木齐,11.0
20201111,2,CO,乌鲁木齐,1.08
20201111,2,CO_24h,乌鲁木齐,1.17
20201111,3,AQI,乌鲁木齐,77.0
20201111,3,PM2.5,乌鲁木齐,36.0
20201111,3,PM2.5_24h,乌鲁木齐,44.0
20201111,3,PM10,乌鲁木齐,104.0
20201111,3,PM10_24h,乌鲁木齐,139.0
20201111,3,SO2,乌鲁木齐,10.0
20201111,3,SO2_24h,乌鲁木齐,14.0
20201111,3,NO2,乌鲁木齐,53.0
20201111,3,NO2_24h,乌鲁木齐,59.0
20201111,3,O3,乌鲁木齐,11.0
20201111,3,O3_24h,乌鲁木齐,47.0
20201111,3,O3_8h,乌鲁木齐,10.0
20201111,3,O3_8h_24h,乌鲁木齐,12.0
20201111,3,CO,乌鲁木齐,1.07
20201111,3,CO_24h,乌鲁木齐,1.17
20201111,4,AQI,乌鲁木齐,74.0
20201111,4,PM2.5,乌鲁木齐,30.0
20201111,4,PM2.5_24h,乌鲁木齐,44.0
20201111,4,PM10,乌鲁木齐,97.0
20201111,4,PM10_24h,乌鲁木齐,138.0
20201111,4,SO2,乌鲁木齐,11.0
20201111,4,SO2_24h,乌鲁木齐,14.0
20201111,4,NO2,乌鲁木齐,51.0
20201111,4,NO2_24h,乌鲁木齐,58.0
20201111,4,O3,乌鲁木齐,11.0
20201111,4,O3_24h,乌鲁木齐,45.0
20201111,4,O3_8h,乌鲁木齐,10.0
20201111,4,O3_8h_24h,乌鲁木齐,12.0
20201111,4,CO,乌鲁木齐,1.07
20201111,4,CO_24h,乌鲁木齐,1.17
20201111,5,AQI,乌鲁木齐,72.0
20201111,5,PM2.5,乌鲁木齐,31.0
20201111,5,PM2.5_24h,乌鲁木齐,43.0
20201111,5,PM10,乌鲁木齐,94.0
20201111,5,PM10_24h,乌鲁木齐,136.0
20201111,5,SO2,乌鲁木齐,10.0
20201111,5,SO2_24h,乌鲁木齐,14.0
20201111,5,NO2,乌鲁木齐,48.0
20201111,5,NO2_24h,乌鲁木齐,58.0
20201111,5,O3,乌鲁木齐,13.0
20201111,5,O3_24h,乌鲁木齐,45.0
20201111,5,O3_8h,乌鲁木齐,11.0
20201111,5,O3_8h_24h,乌鲁木齐,13.0
20201111,5,CO,乌鲁木齐,1.1
20201111,5,CO_24h,乌鲁木齐,1.15
20201111,6,AQI,乌鲁木齐,78.0
20201111,6,PM2.5,乌鲁木齐,33.0
20201111,6,PM2.5_24h,乌鲁木齐,43.0
20201111,6,PM10,乌鲁木齐,105.0
20201111,6,PM10_24h,乌鲁木齐,135.0
20201111,6,SO2,乌鲁木齐,10.0
20201111,6,SO2_24h,乌鲁木齐,13.0
20201111,6,NO2,乌鲁木齐,49.0
20201111,6,NO2_24h,乌鲁木齐,57.0
20201111,6,O3,乌鲁木齐,14.0
20201111,6,O3_24h,乌鲁木齐,45.0
20201111,6,O3_8h,乌鲁木齐,11.0
20201111,6,O3_8h_24h,乌鲁木齐,13.0
20201111,6,CO,乌鲁木齐,1.05
20201111,6,CO_24h,乌鲁木齐,1.15
20201111,7,AQI,乌鲁木齐,84.0
20201111,7,PM2.5,乌鲁木齐,42.0
20201111,7,PM2.5_24h,乌鲁木齐,42.0
20201111,7,PM10,乌鲁木齐,117.0
20201111,7,PM10_24h,乌鲁木齐,135.0
20201111,7,SO2,乌鲁木齐,11.0
20201111,7,SO2_24h,乌鲁木齐,15.0
20201111,7,NO2,乌鲁木齐,60.0
20201111,7,NO2_24h,乌鲁木齐,65.0
20201111,7,O3,乌鲁木齐,4.0
20201111,7,O3_24h,乌鲁木齐,31.0
20201111,7,O3_8h,乌鲁木齐,4.0
20201111,7,O3_8h_24h,乌鲁木齐,5.0
20201111,7,CO,乌鲁木齐,1.07
20201111,7,CO_24h,乌鲁木齐,1.17
20201111,8,AQI,乌鲁木齐,68.0
20201111,8,PM2.5,乌鲁木齐,37.0
20201111,8,PM2.5_24h,乌鲁木齐,42.0
20201111,8,PM10,乌鲁木齐,86.0
20201111,8,PM10_24h,乌鲁木齐,132.0
20201111,8,SO2,乌鲁木齐,10.0
20201111,8,SO2_24h,乌鲁木齐,13.0
20201111,8,NO2,乌鲁木齐,47.0
20201111,8,NO2_24h,乌鲁木齐,57.0
20201111,8,O3,乌鲁木齐,16.0
20201111,8,O3_24h,乌鲁木齐,45.0
20201111,8,O3_8h,乌鲁木齐,12.0
20201111,8,O3_8h_24h,乌鲁木齐,14.0
20201111,8,CO,乌鲁木齐,1.02
20201111,8,CO_24h,乌鲁木齐,1.15
20201111,10,AQI,乌鲁木齐,82.0
20201111,10,PM2.5,乌鲁木齐,37.0
20201111,10,PM2.5_24h,乌鲁木齐,41.0
20201111,10,PM10,乌鲁木齐,113.0
20201111,10,PM10_24h,乌鲁木齐,125.0
20201111,10,SO2,乌鲁木齐,10.0
20201111,10,SO2_24h,乌鲁木齐,13.0
20201111,10,NO2,乌鲁木齐,50.0
20201111,10,NO2_24h,乌鲁木齐,56.0
20201111,10,O3,乌鲁木齐,15.0
20201111,10,O3_24h,乌鲁木齐,45.0
20201111,10,O3_8h,乌鲁木齐,14.0
20201111,10,O3_8h_24h,乌鲁木齐,16.0
20201111,10,CO,乌鲁木齐,1.32
20201111,10,CO_24h,乌鲁木齐,1.13
20201111,11,AQI,乌鲁木齐,89.0
20201111,11,PM2.5,乌鲁木齐,40.0
20201111,11,PM2.5_24h,乌鲁木齐,41.0
20201111,11,PM10,乌鲁木齐,128.0
20201111,11,PM10_24h,乌鲁木齐,124.0
20201111,11,SO2,乌鲁木齐,11.0
20201111,11,SO2_24h,乌鲁木齐,13.0
20201111,11,NO2,乌鲁木齐,49.0
20201111,11,NO2_24h,乌鲁木齐,56.0
20201111,11,O3,乌鲁木齐,16.0
20201111,11,O3_24h,乌鲁木齐,45.0
20201111,11,O3_8h,乌鲁木齐,14.0
20201111,11,O3_8h_24h,乌鲁木齐,17.0
20201111,11,CO,乌鲁木齐,1.3
20201111,11,CO_24h,乌鲁木齐,1.13
20201111,12,AQI,乌鲁木齐,86.0
20201111,12,PM2.5,乌鲁木齐,43.0
20201111,12,PM2.5_24h,乌鲁木齐,40.0
20201111,12,PM10,乌鲁木齐,122.0
20201111,12,PM10_24h,乌鲁木齐,123.0
20201111,12,SO2,乌鲁木齐,13.0
20201111,12,SO2_24h,乌鲁木齐,13.0
20201111,12,NO2,乌鲁木齐,50.0
20201111,12,NO2_24h,乌鲁木齐,56.0
20201111,12,O3,乌鲁木齐,21.0
20201111,12,O3_24h,乌鲁木齐,45.0
20201111,12,O3_8h,乌鲁木齐,16.0
20201111,12,O3_8h_24h,乌鲁木齐,17.0
20201111,12,CO,乌鲁木齐,1.37
20201111,12,CO_24h,乌鲁木齐,1.13
20201111,13,AQI,乌鲁木齐,71.0
20201111,13,PM2.5,乌鲁木齐,41.0
20201111,13,PM2.5_24h,乌鲁木齐,41.0
20201111,13,PM10,乌鲁木齐,92.0
20201111,13,PM10_24h,乌鲁木齐,122.0
20201111,13,SO2,乌鲁木齐,16.0
20201111,13,SO2_24h,乌鲁木齐,13.0
20201111,13,NO2,乌鲁木齐,47.0
20201111,13,NO2_24h,乌鲁木齐,56.0
20201111,13,O3,乌鲁木齐,32.0
20201111,13,O3_24h,乌鲁木齐,45.0
20201111,13,O3_8h,乌鲁木齐,18.0
20201111,13,O3_8h_24h,乌鲁木齐,19.0
20201111,13,CO,乌鲁木齐,1.22
20201111,13,CO_24h,乌鲁木齐,1.13
20201111,14,AQI,乌鲁木齐,73.0
20201111,14,PM2.5,乌鲁木齐,46.0
20201111,14,PM2.5_24h,乌鲁木齐,41.0
20201111,14,PM10,乌鲁木齐,95.0
20201111,14,PM10_24h,乌鲁木齐,120.0
20201111,14,SO2,乌鲁木齐,17.0
20201111,14,SO2_24h,乌鲁木齐,13.0
20201111,14,NO2,乌鲁木齐,47.0
20201111,14,NO2_24h,乌鲁木齐,56.0
20201111,14,O3,乌鲁木齐,36.0
20201111,14,O3_24h,乌鲁木齐,43.0
20201111,14,O3_8h,乌鲁木齐,20.0
20201111,14,O3_8h_24h,乌鲁木齐,21.0
20201111,14,CO,乌鲁木齐,1.12
20201111,14,CO_24h,乌鲁木齐,1.13
20201111,15,AQI,乌鲁木齐,71.0
20201111,15,PM2.5,乌鲁木齐,49.0
20201111,15,PM2.5_24h,乌鲁木齐,41.0
20201111,15,PM10,乌鲁木齐,92.0
20201111,15,PM10_24h,乌鲁木齐,117.0
20201111,15,SO2,乌鲁木齐,19.0
20201111,15,SO2_24h,乌鲁木齐,13.0
20201111,15,NO2,乌鲁木齐,41.0
20201111,15,NO2_24h,乌鲁木齐,56.0
20201111,15,O3,乌鲁木齐,50.0
20201111,15,O3_24h,乌鲁木齐,46.0
20201111,15,O3_8h,乌鲁木齐,24.0
20201111,15,O3_8h_24h,乌鲁木齐,24.0
20201111,15,CO,乌鲁木齐,1.12
20201111,15,CO_24h,乌鲁木齐,1.13
20201111,16,AQI,乌鲁木齐,75.0
20201111,16,PM2.5,乌鲁木齐,50.0
20201111,16,PM2.5_24h,乌鲁木齐,41.0
20201111,16,PM10,乌鲁木齐,99.0
20201111,16,PM10_24h,乌鲁木齐,115.0
20201111,16,SO2,乌鲁木齐,18.0
20201111,16,SO2_24h,乌鲁木齐,13.0
20201111,16,NO2,乌鲁木齐,40.0
20201111,16,NO2_24h,乌鲁木齐,55.0
20201111,16,O3,乌鲁木齐,55.0
20201111,16,O3_24h,乌鲁木齐,55.0
20201111,16,O3_8h,乌鲁木齐,28.0
20201111,16,O3_8h_24h,乌鲁木齐,28.0
20201111,16,CO,乌鲁木齐,1.17
20201111,16,CO_24h,乌鲁木齐,1.15
20201111,17,AQI,乌鲁木齐,71.0
20201111,17,PM2.5,乌鲁木齐,48.0
20201111,17,PM2.5_24h,乌鲁木齐,41.0
20201111,17,PM10,乌鲁木齐,91.0
20201111,17,PM10_24h,乌鲁木齐,113.0
20201111,17,SO2,乌鲁木齐,22.0
20201111,17,SO2_24h,乌鲁木齐,13.0
20201111,17,NO2,乌鲁木齐,37.0
20201111,17,NO2_24h,乌鲁木齐,54.0
20201111,17,O3,乌鲁木齐,54.0
20201111,17,O3_24h,乌鲁木齐,56.0
20201111,17,O3_8h,乌鲁木齐,34.0
20201111,17,O3_8h_24h,乌鲁木齐,34.0
20201111,17,CO,乌鲁木齐,1.15
20201111,17,CO_24h,乌鲁木齐,1.17
20201111,18,AQI,乌鲁木齐,73.0
20201111,18,PM2.5,乌鲁木齐,40.0
20201111,18,PM2.5_24h,乌鲁木齐,40.0
20201111,18,PM10,乌鲁木齐,96.0
20201111,18,PM10_24h,乌鲁木齐,111.0
20201111,18,SO2,乌鲁木齐,21.0
20201111,18,SO2_24h,乌鲁木齐,14.0
20201111,18,NO2,乌鲁木齐,42.0
20201111,18,NO2_24h,乌鲁木齐,54.0
20201111,18,O3,乌鲁木齐,44.0
20201111,18,O3_24h,乌鲁木齐,56.0
20201111,18,O3_8h,乌鲁木齐,38.0
20201111,18,O3_8h_24h,乌鲁木齐,38.0
20201111,18,CO,乌鲁木齐,1.1
20201111,18,CO_24h,乌鲁木齐,1.17
20201111,19,AQI,乌鲁木齐,72.0
20201111,19,PM2.5,乌鲁木齐,40.0
20201111,19,PM2.5_24h,乌鲁木齐,40.0
20201111,19,PM10,乌鲁木齐,94.0
20201111,19,PM10_24h,乌鲁木齐,108.0
20201111,19,SO2,乌鲁木齐,19.0
20201111,19,SO2_24h,乌鲁木齐,14.0
20201111,19,NO2,乌鲁木齐,52.0
20201111,19,NO2_24h,乌鲁木齐,53.0
20201111,19,O3,乌鲁木齐,29.0
20201111,19,O3_24h,乌鲁木齐,56.0
20201111,19,O3_8h,乌鲁木齐,39.0
20201111,19,O3_8h_24h,乌鲁木齐,39.0
20201111,19,CO,乌鲁木齐,1.1
20201111,19,CO_24h,乌鲁木齐,1.17
20201111,20,AQI,乌鲁木齐,78.0
20201111,20,PM2.5,乌鲁木齐,39.0
20201111,20,PM2.5_24h,乌鲁木齐,39.0
20201111,20,PM10,乌鲁木齐,105.0
20201111,20,PM10_24h,乌鲁木齐,105.0
20201111,20,SO2,乌鲁木齐,17.0
20201111,20,SO2_24h,乌鲁木齐,14.0
20201111,20,NO2,乌鲁木齐,62.0
20201111,20,NO2_24h,乌鲁木齐,52.0
20201111,20,O3,乌鲁木齐,16.0
20201111,20,O3_24h,乌鲁木齐,56.0
20201111,20,O3_8h,乌鲁木齐,39.0
20201111,20,O3_8h_24h,乌鲁木齐,40.0
20201111,20,CO,乌鲁木齐,1.23
20201111,20,CO_24h,乌鲁木齐,1.17
20201111,21,AQI,乌鲁木齐,77.0
20201111,21,PM2.5,乌鲁木齐,41.0
20201111,21,PM2.5_24h,乌鲁木齐,39.0
20201111,21,PM10,乌鲁木齐,103.0
20201111,21,PM10_24h,乌鲁木齐,103.0
20201111,21,SO2,乌鲁木齐,16.0
20201111,21,SO2_24h,乌鲁木齐,14.0
20201111,21,NO2,乌鲁木齐,61.0
20201111,21,NO2_24h,乌鲁木齐,52.0
20201111,21,O3,乌鲁木齐,17.0
20201111,21,O3_24h,乌鲁木齐,56.0
20201111,21,O3_8h,乌鲁木齐,37.0
20201111,21,O3_8h_24h,乌鲁木齐,40.0
20201111,21,CO,乌鲁木齐,1.23
20201111,21,CO_24h,乌鲁木齐,1.17
20201111,22,AQI,乌鲁木齐,69.0
20201111,22,PM2.5,乌鲁木齐,38.0
20201111,22,PM2.5_24h,乌鲁木齐,39.0
20201111,22,PM10,乌鲁木齐,88.0
20201111,22,PM10_24h,乌鲁木齐,101.0
20201111,22,SO2,乌鲁木齐,15.0
20201111,22,SO2_24h,乌鲁木齐,14.0
20201111,22,NO2,乌鲁木齐,61.0
20201111,22,NO2_24h,乌鲁木齐,51.0
20201111,22,O3,乌鲁木齐,15.0
20201111,22,O3_24h,乌鲁木齐,56.0
20201111,22,O3_8h,乌鲁木齐,34.0
20201111,22,O3_8h_24h,乌鲁木齐,40.0
20201111,22,CO,乌鲁木齐,1.17
20201111,22,CO_24h,乌鲁木齐,1.17
20201111,23,AQI,乌鲁木齐,73.0
20201111,23,PM2.5,乌鲁木齐,35.0
20201111,23,PM2.5_24h,乌鲁木齐,38.0
20201111,23,PM10,乌鲁木齐,95.0
20201111,23,PM10_24h,乌鲁木齐,100.0
20201111,23,SO2,乌鲁木齐,13.0
20201111,23,SO2_24h,乌鲁木齐,14.0
20201111,23,NO2,乌鲁木齐,61.0
20201111,23,NO2_24h,乌鲁木齐,51.0
20201111,23,O3,乌鲁木齐,14.0
20201111,23,O3_24h,乌鲁木齐,56.0
20201111,23,O3_8h,乌鲁木齐,31.0
20201111,23,O3_8h_24h,乌鲁木齐,40.0
20201111,23,CO,乌鲁木齐,1.22
20201111,23,CO_24h,乌鲁木齐,1.17
20201111,0,AQI,湘潭,104.0
20201111,0,PM2.5,湘潭,69.0
20201111,0,PM2.5_24h,湘潭,52.0
20201111,0,PM10,湘潭,157.0
20201111,0,PM10_24h,湘潭,116.0
20201111,0,SO2,湘潭,9.0
20201111,0,SO2_24h,湘潭,8.0
20201111,0,NO2,湘潭,121.0
20201111,0,NO2_24h,湘潭,74.0
20201111,0,O3,湘潭,5.0
20201111,0,O3_24h,湘潭,151.0
20201111,0,O3_8h,湘潭,56.0
20201111,0,O3_8h_24h,湘潭,123.0
20201111,0,CO,湘潭,0.82
20201111,0,CO_24h,湘潭,0.75
20201111,1,AQI,湘潭,98.0
20201111,1,PM2.5,湘潭,70.0
20201111,1,PM2.5_24h,湘潭,52.0
20201111,1,PM10,湘潭,145.0
20201111,1,PM10_24h,湘潭,116.0
20201111,1,SO2,湘潭,9.0
20201111,1,SO2_24h,湘潭,8.0
20201111,1,NO2,湘潭,111.0
20201111,1,NO2_24h,湘潭,76.0
20201111,1,O3,湘潭,5.0
20201111,1,O3_24h,湘潭,151.0
20201111,1,O3_8h,湘潭,5.0
20201111,1,O3_8h_24h,湘潭,5.0
20201111,1,CO,湘潭,0.85
20201111,1,CO_24h,湘潭,0.73
20201111,2,AQI,湘潭,99.0
20201111,2,PM2.5,湘潭,74.0
20201111,2,PM2.5_24h,湘潭,51.0
20201111,2,PM10,湘潭,145.0
20201111,2,PM10_24h,湘潭,116.0
20201111,2,SO2,湘潭,8.0
20201111,2,SO2_24h,湘潭,8.0
20201111,2,NO2,湘潭,97.0
20201111,2,NO2_24h,湘潭,76.0
20201111,2,O3,湘潭,5.0
20201111,2,O3_24h,湘潭,151.0
20201111,2,O3_8h,湘潭,5.0
20201111,2,O3_8h_24h,湘潭,5.0
20201111,2,CO,湘潭,0.85
20201111,2,CO_24h,湘潭,0.73
20201111,3,AQI,湘潭,96.0
20201111,3,PM2.5,湘潭,72.0
20201111,3,PM2.5_24h,湘潭,52.0
20201111,3,PM10,湘潭,129.0
20201111,3,PM10_24h,湘潭,115.0
20201111,3,SO2,湘潭,8.0
20201111,3,SO2_24h,湘潭,8.0
20201111,3,NO2,湘潭,86.0
20201111,3,NO2_24h,湘潭,76.0
20201111,3,O3,湘潭,9.0
20201111,3,O3_24h,湘潭,151.0
20201111,3,O3_8h,湘潭,6.0
20201111,3,O3_8h_24h,湘潭,6.0
20201111,3,CO,湘潭,0.83
20201111,3,CO_24h,湘潭,0.75
20201111,4,AQI,湘潭,89.0
20201111,4,PM2.5,湘潭,66.0
20201111,4,PM2.5_24h,湘潭,52.0
20201111,4,PM10,湘潭,117.0
20201111,4,PM10_24h,湘潭,115.0
20201111,4,SO2,湘潭,8.0
20201111,4,SO2_24h,湘潭,8.0
20201111,4,NO2,湘潭,79.0
20201111,4,NO2_24h,湘潭,76.0
20201111,4,O3,湘潭,9.0
20201111,4,O3_24h,湘潭,151.0
20201111,4,O3_8h,湘潭,7.0
20201111,4,O3_8h_24h,湘潭,7.0
20201111,4,CO,湘潭,0.8
20201111,4,CO_24h,湘潭,0.73
20201111,5,AQI,湘潭,81.0
20201111,5,PM2.5,湘潭,60.0
20201111,5,PM2.5_24h,湘潭,52.0
20201111,5,PM10,湘潭,106.0
20201111,5,PM10_24h,湘潭,115.0
20201111,5,SO2,湘潭,7.0
20201111,5,SO2_24h,湘潭,8.0
20201111,5,NO2,湘潭,72.0
20201111,5,NO2_24h,湘潭,76.0
20201111,5,O3,湘潭,9.0
20201111,5,O3_24h,湘潭,151.0
20201111,5,O3_8h,湘潭,7.0
20201111,5,O3_8h_24h,湘潭,8.0
20201111,5,CO,湘潭,0.75
20201111,5,CO_24h,湘潭,0.73
20201111,6,AQI,湘潭,76.0
20201111,6,PM2.5,湘潭,55.0
20201111,6,PM2.5_24h,湘潭,51.0
20201111,6,PM10,湘潭,101.0
20201111,6,PM10_24h,湘潭,115.0
20201111,6,SO2,湘潭,7.0
20201111,6,SO2_24h,湘潭,8.0
20201111,6,NO2,湘潭,67.0
20201111,6,NO2_24h,湘潭,75.0
20201111,6,O3,湘潭,12.0
20201111,6,O3_24h,湘潭,151.0
20201111,6,O3_8h,湘潭,8.0
20201111,6,O3_8h_24h,湘潭,9.0
20201111,6,CO,湘潭,0.73
20201111,6,CO_24h,湘潭,0.75
20201111,8,AQI,湘潭,75.0
20201111,8,PM2.5,湘潭,49.0
20201111,8,PM2.5_24h,湘潭,51.0
20201111,8,PM10,湘潭,99.0
20201111,8,PM10_24h,湘潭,116.0
20201111,8,SO2,湘潭,9.0
20201111,8,SO2_24h,湘潭,8.0
20201111,8,NO2,湘潭,66.0
20201111,8,NO2_24h,湘潭,75.0
20201111,8,O3,湘潭,13.0
20201111,8,O3_24h,湘潭,151.0
20201111,8,O3_8h,湘潭,9.0
20201111,8,O3_8h_24h,湘潭,9.0
20201111,8,CO,湘潭,0.82
20201111,8,CO_24h,湘潭,0.73
20201111,10,AQI,湘潭,76.0
20201111,10,PM2.5,湘潭,41.0
20201111,10,PM2.5_24h,湘潭,50.0
20201111,10,PM10,湘潭,101.0
20201111,10,PM10_24h,湘潭,115.0
20201111,10,SO2,湘潭,10.0
20201111,10,SO2_24h,湘潭,8.0
20201111,10,NO2,湘潭,63.0
20201111,10,NO2_24h,湘潭,75.0
20201111,10,O3,湘潭,35.0
20201111,10,O3_24h,湘潭,151.0
20201111,10,O3_8h,湘潭,15.0
20201111,10,O3_8h_24h,湘潭,15.0
20201111,10,CO,湘潭,0.68
20201111,10,CO_24h,湘潭,0.73
20201111,11,AQI,湘潭,74.0
20201111,11,PM2.5,湘潭,34.0
20201111,11,PM2.5_24h,湘潭,50.0
20201111,11,PM10,湘潭,98.0
20201111,11,PM10_24h,湘潭,114.0
20201111,11,SO2,湘潭,16.0
20201111,11,SO2_24h,湘潭,8.0
20201111,11,NO2,湘潭,52.0
20201111,11,NO2_24h,湘潭,74.0
20201111,11,O3,湘潭,63.0
20201111,11,O3_24h,湘潭,151.0
20201111,11,O3_8h,湘潭,22.0
20201111,11,O3_8h_24h,湘潭,22.0
20201111,11,CO,湘潭,0.93
20201111,11,CO_24h,湘潭,0.75
20201111,12,AQI,湘潭,67.0
20201111,12,PM2.5,湘潭,27.0
20201111,12,PM2.5_24h,湘潭,50.0
20201111,12,PM10,湘潭,83.0
20201111,12,PM10_24h,湘潭,113.0
20201111,12,SO2,湘潭,16.0
20201111,12,SO2_24h,湘潭,8.0
20201111,12,NO2,湘潭,40.0
20201111,12,NO2_24h,湘潭,74.0
20201111,12,O3,湘潭,91.0
20201111,12,O3_24h,湘潭,151.0
20201111,12,O3_8h,湘潭,32.0
20201111,12,O3_8h_24h,湘潭,32.0
20201111,12,CO,湘潭,0.8
20201111,12,CO_24h,湘潭,0.77
20201111,13,AQI,湘潭,62.0
20201111,13,PM2.5,湘潭,24.0
20201111,13,PM2.5_24h,湘潭,50.0
20201111,13,PM10,湘潭,74.0
20201111,13,PM10_24h,湘潭,112.0
20201111,13,SO2,湘潭,8.0
20201111,13,SO2_24h,湘潭,8.0
20201111,13,NO2,湘潭,32.0
20201111,13,NO2_24h,湘潭,73.0
20201111,13,O3,湘潭,113.0
20201111,13,O3_24h,湘潭,151.0
20201111,13,O3_8h,湘潭,45.0
20201111,13,O3_8h_24h,湘潭,45.0
20201111,13,CO,湘潭,0.57
20201111,13,CO_24h,湘潭,0.77
20201111,14,AQI,湘潭,59.0
20201111,14,PM2.5,湘潭,22.0
20201111,14,PM2.5_24h,湘潭,49.0
20201111,14,PM10,湘潭,68.0
20201111,14,PM10_24h,湘潭,111.0
20201111,14,SO2,湘潭,11.0
20201111,14,SO2_24h,湘潭,8.0
20201111,14,NO2,湘潭,30.0
20201111,14,NO2_24h,湘潭,73.0
20201111,14,O3,湘潭,125.0
20201111,14,O3_24h,湘潭,146.0
20201111,14,O3_8h,湘潭,59.0
20201111,14,O3_8h_24h,湘潭,59.0
20201111,14,CO,湘潭,0.63
20201111,14,CO_24h,湘潭,0.77
20201111,15,AQI,湘潭,56.0
20201111,15,PM2.5,湘潭,19.0
20201111,15,PM2.5_24h,湘潭,49.0
20201111,15,PM10,湘潭,61.0
20201111,15,PM10_24h,湘潭,110.0
20201111,15,SO2,湘潭,6.0
20201111,15,SO2_24h,湘潭,8.0
20201111,15,NO2,湘潭,26.0
20201111,15,NO2_24h,湘潭,73.0
20201111,15,O3,湘潭,131.0
20201111,15,O3_24h,湘潭,137.0
20201111,15,O3_8h,湘潭,74.0
20201111,15,O3_8h_24h,湘潭,74.0
20201111,15,CO,湘潭,0.43
20201111,15,CO_24h,湘潭,0.73
20201111,16,AQI,湘潭,55.0
20201111,16,PM2.5,湘潭,20.0
20201111,16,PM2.5_24h,湘潭,49.0
20201111,16,PM10,湘潭,59.0
20201111,16,PM10_24h,湘潭,109.0
20201111,16,SO2,湘潭,5.0
20201111,16,SO2_24h,湘潭,8.0
20201111,16,NO2,湘潭,34.0
20201111,16,NO2_24h,湘潭,73.0
20201111,16,O3,湘潭,118.0
20201111,16,O3_24h,湘潭,135.0
20201111,16,O3_8h,湘潭,87.0
20201111,16,O3_8h_24h,湘潭,87.0
20201111,16,CO,湘潭,0.42
20201111,16,CO_24h,湘潭,0.72
20201111,17,AQI,湘潭,59.0
20201111,17,PM2.5,湘潭,23.0
20201111,17,PM2.5_24h,湘潭,48.0
20201111,17,PM10,湘潭,67.0
20201111,17,PM10_24h,湘潭,107.0
20201111,17,SO2,湘潭,5.0
20201111,17,SO2_24h,湘潭,8.0
20201111,17,NO2,湘潭,41.0
20201111,17,NO2_24h,湘潭,73.0
20201111,17,O3,湘潭,116.0
20201111,17,O3_24h,湘潭,133.0
20201111,17,O3_8h,湘潭,99.0
20201111,17,O3_8h_24h,湘潭,99.0
20201111,17,CO,湘潭,0.45
20201111,17,CO_24h,湘潭,0.72
20201111,18,AQI,湘潭,64.0
20201111,18,PM2.5,湘潭,26.0
20201111,18,PM2.5_24h,湘潭,47.0
20201111,18,PM10,湘潭,78.0
20201111,18,PM10_24h,湘潭,106.0
20201111,18,SO2,湘潭,5.0
20201111,18,SO2_24h,湘潭,8.0
20201111,18,NO2,湘潭,65.0
20201111,18,NO2_24h,湘潭,72.0
20201111,18,O3,湘潭,86.0
20201111,18,O3_24h,湘潭,133.0
20201111,18,O3_8h,湘潭,105.0
20201111,18,O3_8h_24h,湘潭,105.0
20201111,18,CO,湘潭,0.55
20201111,18,CO_24h,湘潭,0.72
20201111,19,AQI,湘潭,69.0
20201111,19,PM2.5,湘潭,40.0
20201111,19,PM2.5_24h,湘潭,47.0
20201111,19,PM10,湘潭,88.0
20201111,19,PM10_24h,湘潭,105.0
20201111,19,SO2,湘潭,6.0
20201111,19,SO2_24h,湘潭,8.0
20201111,19,NO2,湘潭,85.0
20201111,19,NO2_24h,湘潭,72.0
20201111,19,O3,湘潭,54.0
20201111,19,O3_24h,湘潭,133.0
20201111,19,O3_8h,湘潭,104.0
20201111,19,O3_8h_24h,湘潭,106.0
20201111,19,CO,湘潭,0.67
20201111,19,CO_24h,湘潭,0.72
20201111,20,AQI,湘潭,79.0
20201111,20,PM2.5,湘潭,48.0
20201111,20,PM2.5_24h,湘潭,47.0
20201111,20,PM10,湘潭,107.0
20201111,20,PM10_24h,湘潭,104.0
20201111,20,SO2,湘潭,7.0
20201111,20,SO2_24h,湘潭,8.0
20201111,20,NO2,湘潭,85.0
20201111,20,NO2_24h,湘潭,72.0
20201111,20,O3,湘潭,52.0
20201111,20,O3_24h,湘潭,133.0
20201111,20,O3_8h,湘潭,99.0
20201111,20,O3_8h_24h,湘潭,106.0
20201111,20,CO,湘潭,0.68
20201111,20,CO_24h,湘潭,0.72
20201111,21,AQI,湘潭,86.0
20201111,21,PM2.5,湘潭,55.0
20201111,21,PM2.5_24h,湘潭,46.0
20201111,21,PM10,湘潭,122.0
20201111,21,PM10_24h,湘潭,104.0
20201111,21,SO2,湘潭,8.0
20201111,21,SO2_24h,湘潭,8.0
20201111,21,NO2,湘潭,80.0
20201111,21,NO2_24h,湘潭,71.0
20201111,21,O3,湘潭,54.0
20201111,21,O3_24h,湘潭,133.0
20201111,21,O3_8h,湘潭,92.0
20201111,21,O3_8h_24h,湘潭,106.0
20201111,21,CO,湘潭,0.73
20201111,21,CO_24h,湘潭,0.72
20201111,22,AQI,湘潭,84.0
20201111,22,PM2.5,湘潭,58.0
20201111,22,PM2.5_24h,湘潭,46.0
20201111,22,PM10,湘潭,118.0
20201111,22,PM10_24h,湘潭,103.0
20201111,22,SO2,湘潭,8.0
20201111,22,SO2_24h,湘潭,8.0
20201111,22,NO2,湘潭,99.0
20201111,22,NO2_24h,湘潭,70.0
20201111,22,O3,湘潭,29.0
20201111,22,O3_24h,湘潭,133.0
20201111,22,O3_8h,湘潭,80.0
20201111,22,O3_8h_24h,湘潭,106.0
20201111,22,CO,湘潭,0.73
20201111,22,CO_24h,湘潭,0.72
20201111,23,AQI,湘潭,87.0
20201111,23,PM2.5,湘潭,59.0
20201111,23,PM2.5_24h,湘潭,46.0
20201111,23,PM10,湘潭,123.0
20201111,23,PM10_24h,湘潭,102.0
20201111,23,SO2,湘潭,8.0
20201111,23,SO2_24h,湘潭,8.0
20201111,23,NO2,湘潭,103.0
20201111,23,NO2_24h,湘潭,70.0
20201111,23,O3,湘潭,21.0
20201111,23,O3_24h,湘潭,133.0
20201111,23,O3_8h,湘潭,66.0
20201111,23,O3_8h_24h,湘潭,106.0
20201111,23,CO,湘潭,0.75
20201111,23,CO_24h,湘潭,0.72
20201111,0,AQI,株洲,79.0
20201111,0,PM2.5,株洲,52.0
20201111,0,PM2.5_24h,株洲,48.0
20201111,0,PM10,株洲,108.0
20201111,0,PM10_24h,株洲,101.0
20201111,0,SO2,株洲,12.0
20201111,0,SO2_24h,株洲,11.0
20201111,0,NO2,株洲,76.0
20201111,0,NO2_24h,株洲,54.0
20201111,0,O3,株洲,35.0
20201111,0,O3_24h,株洲,153.0
20201111,0,O3_8h,株洲,69.0
20201111,0,O3_8h_24h,株洲,137.0
20201111,0,CO,株洲,0.77
20201111,0,CO_24h,株洲,0.7
20201111,1,AQI,株洲,75.0
20201111,1,PM2.5,株洲,49.0
20201111,1,PM2.5_24h,株洲,47.0
20201111,1,PM10,株洲,100.0
20201111,1,PM10_24h,株洲,99.0
20201111,1,SO2,株洲,13.0
20201111,1,SO2_24h,株洲,11.0
20201111,1,NO2,株洲,65.0
20201111,1,NO2_24h,株洲,53.0
20201111,1,O3,株洲,43.0
20201111,1,O3_24h,株洲,153.0
20201111,1,O3_8h,株洲,43.0
20201111,1,O3_8h_24h,株洲,43.0
20201111,1,CO,株洲,0.7
20201111,1,CO_24h,株洲,0.68
20201111,2,AQI,株洲,72.0
20201111,2,PM2.5,株洲,48.0
20201111,2,PM2.5_24h,株洲,46.0
20201111,2,PM10,株洲,93.0
20201111,2,PM10_24h,株洲,97.0
20201111,2,SO2,株洲,15.0
20201111,2,SO2_24h,株洲,11.0
20201111,2,NO2,株洲,63.0
20201111,2,NO2_24h,株洲,52.0
20201111,2,O3,株洲,42.0
20201111,2,O3_24h,株洲,153.0
20201111,2,O3_8h,株洲,42.0
20201111,2,O3_8h_24h,株洲,45.0
20201111,2,CO,株洲,0.65
20201111,2,CO_24h,株洲,0.68
20201111,3,AQI,株洲,70.0
20201111,3,PM2.5,株洲,44.0
20201111,3,PM2.5_24h,株洲,46.0
20201111,3,PM10,株洲,90.0
20201111,3,PM10_24h,株洲,97.0
20201111,3,SO2,株洲,12.0
20201111,3,SO2_24h,株洲,11.0
20201111,3,NO2,株洲,51.0
20201111,3,NO2_24h,株洲,52.0
20201111,3,O3,株洲,52.0
20201111,3,O3_24h,株洲,153.0
20201111,3,O3_8h,株洲,46.0
20201111,3,O3_8h_24h,株洲,48.0
20201111,3,CO,株洲,0.63
20201111,3,CO_24h,株洲,0.68
20201111,4,AQI,株洲,65.0
20201111,4,PM2.5,株洲,42.0
20201111,4,PM2.5_24h,株洲,45.0
20201111,4,PM10,株洲,80.0
20201111,4,PM10_24h,株洲,96.0
20201111,4,SO2,株洲,15.0
20201111,4,SO2_24h,株洲,11.0
20201111,4,NO2,株洲,47.0
20201111,4,NO2_24h,株洲,52.0
20201111,4,O3,株洲,56.0
20201111,4,O3_24h,株洲,153.0
20201111,4,O3_8h,株洲,48.0
20201111,4,O3_8h_24h,株洲,51.0
20201111,4,CO,株洲,0.57
20201111,4,CO_24h,株洲,0.68
20201111,5,AQI,株洲,66.0
20201111,5,PM2.5,株洲,43.0
20201111,5,PM2.5_24h,株洲,45.0
20201111,5,PM10,株洲,81.0
20201111,5,PM10_24h,株洲,96.0
20201111,5,SO2,株洲,11.0
20201111,5,SO2_24h,株洲,11.0
20201111,5,NO2,株洲,43.0
20201111,5,NO2_24h,株洲,52.0
20201111,5,O3,株洲,53.0
20201111,5,O3_24h,株洲,153.0
20201111,5,O3_8h,株洲,49.0
20201111,5,O3_8h_24h,株洲,52.0
20201111,5,CO,株洲,0.58
20201111,5,CO_24h,株洲,0.68
20201111,6,AQI,株洲,63.0
20201111,6,PM2.5,株洲,41.0
20201111,6,PM2.5_24h,株洲,45.0
20201111,6,PM10,株洲,76.0
20201111,6,PM10_24h,株洲,96.0
20201111,6,SO2,株洲,11.0
20201111,6,SO2_24h,株洲,11.0
20201111,6,NO2,株洲,37.0
20201111,6,NO2_24h,株洲,52.0
20201111,6,O3,株洲,58.0
20201111,6,O3_24h,株洲,153.0
20201111,6,O3_8h,株洲,51.0
20201111,6,O3_8h_24h,株洲,53.0
20201111,6,CO,株洲,0.6
20201111,6,CO_24h,株洲,0.67
20201111,7,AQI,株洲,62.0
20201111,7,PM2.5,株洲,36.0
20201111,7,PM2.5_24h,株洲,44.0
20201111,7,PM10,株洲,74.0
20201111,7,PM10_24h,株洲,91.0
20201111,7,SO2,株洲,12.0
20201111,7,SO2_24h,株洲,15.0
20201111,7,NO2,株洲,49.0
20201111,7,NO2_24h,株洲,53.0
20201111,7,O3,株洲,42.0
20201111,7,O3_24h,株洲,152.0
20201111,7,O3_8h,株洲,47.0
20201111,7,O3_8h_24h,株洲,49.0
20201111,7,CO,株洲,0.6
20201111,7,CO_24h,株洲,0.7
20201111,8,AQI,株洲,61.0
20201111,8,PM2.5,株洲,44.0
20201111,8,PM2.5_24h,株洲,44.0
20201111,8,PM10,株洲,68.0
20201111,8,PM10_24h,株洲,95.0
20201111,8,SO2,株洲,10.0
20201111,8,SO2_24h,株洲,11.0
20201111,8,NO2,株洲,50.0
20201111,8,NO2_24h,株洲,52.0
20201111,8,O3,株洲,41.0
20201111,8,O3_24h,株洲,153.0
20201111,8,O3_8h,株洲,49.0
20201111,8,O3_8h_24h,株洲,53.0
20201111,8,CO,株洲,0.73
20201111,8,CO_24h,株洲,0.67
20201111,10,AQI,株洲,68.0
20201111,10,PM2.5,株洲,38.0
20201111,10,PM2.5_24h,株洲,43.0
20201111,10,PM10,株洲,86.0
20201111,10,PM10_24h,株洲,93.0
20201111,10,SO2,株洲,13.0
20201111,10,SO2_24h,株洲,11.0
20201111,10,NO2,株洲,42.0
20201111,10,NO2_24h,株洲,51.0
20201111,10,O3,株洲,71.0
20201111,10,O3_24h,株洲,153.0
20201111,10,O3_8h,株洲,54.0
20201111,10,O3_8h_24h,株洲,56.0
20201111,10,CO,株洲,0.65
20201111,10,CO_24h,株洲,0.65
20201111,11,AQI,株洲,67.0
20201111,11,PM2.5,株洲,36.0
20201111,11,PM2.5_24h,株洲,43.0
20201111,11,PM10,株洲,84.0
20201111,11,PM10_24h,株洲,92.0
20201111,11,SO2,株洲,11.0
20201111,11,SO2_24h,株洲,11.0
20201111,11,NO2,株洲,40.0
20201111,11,NO2_24h,株洲,50.0
20201111,11,O3,株洲,86.0
20201111,11,O3_24h,株洲,153.0
20201111,11,O3_8h,株洲,59.0
20201111,11,O3_8h_24h,株洲,59.0
20201111,11,CO,株洲,0.53
20201111,11,CO_24h,株洲,0.65
20201111,12,AQI,株洲,67.0
20201111,12,PM2.5,株洲,29.0
20201111,12,PM2.5_24h,株洲,43.0
20201111,12,PM10,株洲,83.0
20201111,12,PM10_24h,株洲,91.0
20201111,12,SO2,株洲,11.0
20201111,12,SO2_24h,株洲,11.0
20201111,12,NO2,株洲,33.0
20201111,12,NO2_24h,株洲,50.0
20201111,12,O3,株洲,103.0
20201111,12,O3_24h,株洲,153.0
20201111,12,O3_8h,株洲,65.0
20201111,12,O3_8h_24h,株洲,65.0
20201111,12,CO,株洲,0.45
20201111,12,CO_24h,株洲,0.65
20201111,13,AQI,株洲,62.0
20201111,13,PM2.5,株洲,25.0
20201111,13,PM2.5_24h,株洲,42.0
20201111,13,PM10,株洲,73.0
20201111,13,PM10_24h,株洲,90.0
20201111,13,SO2,株洲,9.0
20201111,13,SO2_24h,株洲,11.0
20201111,13,NO2,株洲,25.0
20201111,13,NO2_24h,株洲,50.0
20201111,13,O3,株洲,123.0
20201111,13,O3_24h,株洲,153.0
20201111,13,O3_8h,株洲,73.0
20201111,13,O3_8h_24h,株洲,73.0
20201111,13,CO,株洲,0.43
20201111,13,CO_24h,株洲,0.65
20201111,14,AQI,株洲,57.0
20201111,14,PM2.5,株洲,24.0
20201111,14,PM2.5_24h,株洲,42.0
20201111,14,PM10,株洲,64.0
20201111,14,PM10_24h,株洲,89.0
20201111,14,SO2,株洲,7.0
20201111,14,SO2_24h,株洲,11.0
20201111,14,NO2,株洲,19.0
20201111,14,NO2_24h,株洲,51.0
20201111,14,O3,株洲,139.0
20201111,14,O3_24h,株洲,151.0
20201111,14,O3_8h,株洲,83.0
20201111,14,O3_8h_24h,株洲,83.0
20201111,14,CO,株洲,0.4
20201111,14,CO_24h,株洲,0.65
20201111,15,AQI,株洲,53.0
20201111,15,PM2.5,株洲,21.0
20201111,15,PM2.5_24h,株洲,42.0
20201111,15,PM10,株洲,56.0
20201111,15,PM10_24h,株洲,88.0
20201111,15,SO2,株洲,6.0
20201111,15,SO2_24h,株洲,11.0
20201111,15,NO2,株洲,17.0
20201111,15,NO2_24h,株洲,51.0
20201111,15,O3,株洲,139.0
20201111,15,O3_24h,株洲,149.0
20201111,15,O3_8h,株洲,92.0
20201111,15,O3_8h_24h,株洲,92.0
20201111,15,CO,株洲,0.33
20201111,15,CO_24h,株洲,0.65
20201111,16,AQI,株洲,46.0
20201111,16,PM2.5,株洲,20.0
20201111,16,PM2.5_24h,株洲,41.0
20201111,16,PM10,株洲,46.0
20201111,16,PM10_24h,株洲,87.0
20201111,16,SO2,株洲,6.0
20201111,16,SO2_24h,株洲,11.0
20201111,16,NO2,株洲,19.0
20201111,16,NO2_24h,株洲,50.0
20201111,16,O3,株洲,137.0
20201111,16,O3_24h,株洲,148.0
20201111,16,O3_8h,株洲,105.0
20201111,16,O3_8h_24h,株洲,105.0
20201111,16,CO,株洲,0.25
20201111,16,CO_24h,株洲,0.63
20201111,17,AQI,株洲,43.0
20201111,17,PM2.5,株洲,22.0
20201111,17,PM2.5_24h,株洲,41.0
20201111,17,PM10,株洲,43.0
20201111,17,PM10_24h,株洲,86.0
20201111,17,SO2,株洲,6.0
20201111,17,SO2_24h,株洲,11.0
20201111,17,NO2,株洲,28.0
20201111,17,NO2_24h,株洲,51.0
20201111,17,O3,株洲,135.0
20201111,17,O3_24h,株洲,142.0
20201111,17,O3_8h,株洲,115.0
20201111,17,O3_8h_24h,株洲,115.0
20201111,17,CO,株洲,0.28
20201111,17,CO_24h,株洲,0.63
20201111,18,AQI,株洲,60.0
20201111,18,PM2.5,株洲,43.0
20201111,18,PM2.5_24h,株洲,42.0
20201111,18,PM10,株洲,53.0
20201111,18,PM10_24h,株洲,85.0
20201111,18,SO2,株洲,8.0
20201111,18,SO2_24h,株洲,11.0
20201111,18,NO2,株洲,46.0
20201111,18,NO2_24h,株洲,51.0
20201111,18,O3,株洲,107.0
20201111,18,O3_24h,株洲,142.0
20201111,18,O3_8h,株洲,120.0
20201111,18,O3_8h_24h,株洲,120.0
20201111,18,CO,株洲,0.54
20201111,18,CO_24h,株洲,0.63
20201111,19,AQI,株洲,85.0
20201111,19,PM2.5,株洲,63.0
20201111,19,PM2.5_24h,株洲,42.0
20201111,19,PM10,株洲,78.0
20201111,19,PM10_24h,株洲,84.0
20201111,19,SO2,株洲,12.0
20201111,19,SO2_24h,株洲,11.0
20201111,19,NO2,株洲,80.0
20201111,19,NO2_24h,株洲,51.0
20201111,19,O3,株洲,61.0
20201111,19,O3_24h,株洲,142.0
20201111,19,O3_8h,株洲,118.0
20201111,19,O3_8h_24h,株洲,122.0
20201111,19,CO,株洲,0.97
20201111,19,CO_24h,株洲,0.65
20201111,20,AQI,株洲,95.0
20201111,20,PM2.5,株洲,71.0
20201111,20,PM2.5_24h,株洲,42.0
20201111,20,PM10,株洲,114.0
20201111,20,PM10_24h,株洲,84.0
20201111,20,SO2,株洲,11.0
20201111,20,SO2_24h,株洲,11.0
20201111,20,NO2,株洲,96.0
20201111,20,NO2_24h,株洲,51.0
20201111,20,O3,株洲,36.0
20201111,20,O3_24h,株洲,142.0
20201111,20,O3_8h,株洲,109.0
20201111,20,O3_8h_24h,株洲,122.0
20201111,20,CO,株洲,1.18
20201111,20,CO_24h,株洲,0.65
20201111,21,AQI,株洲,88.0
20201111,21,PM2.5,株洲,64.0
20201111,21,PM2.5_24h,株洲,43.0
20201111,21,PM10,株洲,126.0
20201111,21,PM10_24h,株洲,84.0
20201111,21,SO2,株洲,12.0
20201111,21,SO2_24h,株洲,11.0
20201111,21,NO2,株洲,91.0
20201111,21,NO2_24h,株洲,52.0
20201111,21,O3,株洲,34.0
20201111,21,O3_24h,株洲,142.0
20201111,21,O3_8h,株洲,97.0
20201111,21,O3_8h_24h,株洲,122.0
20201111,21,CO,株洲,1.1
20201111,21,CO_24h,株洲,0.65
20201111,22,AQI,株洲,84.0
20201111,22,PM2.5,株洲,52.0
20201111,22,PM2.5_24h,株洲,43.0
20201111,22,PM10,株洲,118.0
20201111,22,PM10_24h,株洲,84.0
20201111,22,SO2,株洲,12.0
20201111,22,SO2_24h,株洲,11.0
20201111,22,NO2,株洲,94.0
20201111,22,NO2_24h,株洲,53.0
20201111,22,O3,株洲,29.0
20201111,22,O3_24h,株洲,142.0
20201111,22,O3_8h,株洲,81.0
20201111,22,O3_8h_24h,株洲,122.0
20201111,22,CO,株洲,0.85
20201111,22,CO_24h,株洲,0.65
20201111,23,AQI,株洲,71.0
20201111,23,PM2.5,株洲,48.0
20201111,23,PM2.5_24h,株洲,42.0
20201111,23,PM10,株洲,92.0
20201111,23,PM10_24h,株洲,83.0
20201111,23,SO2,株洲,12.0
20201111,23,SO2_24h,株洲,11.0
20201111,23,NO2,株洲,87.0
20201111,23,NO2_24h,株洲,52.0
20201111,23,O3,株洲,31.0
20201111,23,O3_24h,株洲,142.0
20201111,23,O3_8h,株洲,70.0
20201111,23,O3_8h_24h,株洲,122.0
20201111,23,CO,株洲,0.73
20201111,23,CO_24h,株洲,0.63
20201111,0,AQI,包头,133.0
20201111,0,PM2.5,包头,101.0
20201111,0,PM2.5_24h,包头,64.0
20201111,0,PM10,包头,191.0
20201111,0,PM10_24h,包头,119.0
20201111,0,SO2,包头,35.0
20201111,0,SO2_24h,包头,32.0
20201111,0,NO2,包头,84.0
20201111,0,NO2_24h,包头,69.0
20201111,0,O3,包头,4.0
20201111,0,O3_24h,包头,62.0
20201111,0,O3_8h,包头,12.0
20201111,0,O3_8h_24h,包头,38.0
20201111,0,CO,包头,2.27
20201111,0,CO_24h,包头,2.13
20201111,1,AQI,包头,119.0
20201111,1,PM2.5,包头,90.0
20201111,1,PM2.5_24h,包头,65.0
20201111,1,PM10,包头,169.0
20201111,1,PM10_24h,包头,120.0
20201111,1,SO2,包头,30.0
20201111,1,SO2_24h,包头,31.0
20201111,1,NO2,包头,80.0
20201111,1,NO2_24h,包头,69.0
20201111,1,O3,包头,5.0
20201111,1,O3_24h,包头,62.0
20201111,1,O3_8h,包头,5.0
20201111,1,O3_8h_24h,包头,5.0
20201111,1,CO,包头,2.1
20201111,1,CO_24h,包头,2.12
20201111,2,AQI,包头,110.0
20201111,2,PM2.5,包头,83.0
20201111,2,PM2.5_24h,包头,65.0
20201111,2,PM10,包头,158.0
20201111,2,PM10_24h,包头,120.0
20201111,2,SO2,包头,28.0
20201111,2,SO2_24h,包头,31.0
20201111,2,NO2,包头,77.0
20201111,2,NO2_24h,包头,69.0
20201111,2,O3,包头,4.0
20201111,2,O3_24h,包头,62.0
20201111,2,O3_8h,包头,5.0
20201111,2,O3_8h_24h,包头,5.0
20201111,2,CO,包头,1.67
20201111,2,CO_24h,包头,2.08
20201111,3,AQI,包头,104.0
20201111,3,PM2.5,包头,78.0
20201111,3,PM2.5_24h,包头,65.0
20201111,3,PM10,包头,138.0
20201111,3,PM10_24h,包头,121.0
20201111,3,SO2,包头,27.0
20201111,3,SO2_24h,包头,31.0
20201111,3,NO2,包头,73.0
20201111,3,NO2_24h,包头,69.0
20201111,3,O3,包头,4.0
20201111,3,O3_24h,包头,62.0
20201111,3,O3_8h,包头,4.0
20201111,3,O3_8h_24h,包头,5.0
20201111,3,CO,包头,1.67
20201111,3,CO_24h,包头,2.02
20201111,4,AQI,包头,91.0
20201111,4,PM2.5,包头,68.0
20201111,4,PM2.5_24h,包头,66.0
20201111,4,PM10,包头,130.0
20201111,4,PM10_24h,包头,121.0
20201111,4,SO2,包头,28.0
20201111,4,SO2_24h,包头,31.0
20201111,4,NO2,包头,72.0
20201111,4,NO2_24h,包头,69.0
20201111,4,O3,包头,4.0
20201111,4,O3_24h,包头,62.0
20201111,4,O3_8h,包头,4.0
20201111,4,O3_8h_24h,包头,5.0
20201111,4,CO,包头,1.88
20201111,4,CO_24h,包头,2.0
20201111,5,AQI,包头,86.0
20201111,5,PM2.5,包头,64.0
20201111,5,PM2.5_24h,包头,66.0
20201111,5,PM10,包头,117.0
20201111,5,PM10_24h,包头,121.0
20201111,5,SO2,包头,27.0
20201111,5,SO2_24h,包头,31.0
20201111,5,NO2,包头,69.0
20201111,5,NO2_24h,包头,70.0
20201111,5,O3,包头,4.0
20201111,5,O3_24h,包头,62.0
20201111,5,O3_8h,包头,4.0
20201111,5,O3_8h_24h,包头,5.0
20201111,5,CO,包头,1.97
20201111,5,CO_24h,包头,1.93
20201111,6,AQI,包头,84.0
20201111,6,PM2.5,包头,62.0
20201111,6,PM2.5_24h,包头,66.0
20201111,6,PM10,包头,115.0
20201111,6,PM10_24h,包头,122.0
20201111,6,SO2,包头,27.0
20201111,6,SO2_24h,包头,31.0
20201111,6,NO2,包头,68.0
20201111,6,NO2_24h,包头,70.0
20201111,6,O3,包头,4.0
20201111,6,O3_24h,包头,62.0
20201111,6,O3_8h,包头,4.0
20201111,6,O3_8h_24h,包头,5.0
20201111,6,CO,包头,1.73
20201111,6,CO_24h,包头,1.9
20201111,7,AQI,包头,70.0
20201111,7,PM2.5,包头,49.0
20201111,7,PM2.5_24h,包头,58.0
20201111,7,PM10,包头,90.0
20201111,7,PM10_24h,包头,118.0
20201111,7,SO2,包头,20.0
20201111,7,SO2_24h,包头,25.0
20201111,7,NO2,包头,62.0
20201111,7,NO2_24h,包头,72.0
20201111,7,O3_24h,包头,55.0
20201111,7,CO,包头,2.0
20201111,7,CO_24h,包头,2.1
20201111,8,AQI,包头,81.0
20201111,8,PM2.5,包头,60.0
20201111,8,PM2.5_24h,包头,67.0
20201111,8,PM10,包头,105.0
20201111,8,PM10_24h,包头,122.0
20201111,8,SO2,包头,33.0
20201111,8,SO2_24h,包头,31.0
20201111,8,NO2,包头,71.0
20201111,8,NO2_24h,包头,71.0
20201111,8,O3,包头,3.0
20201111,8,O3_24h,包头,62.0
20201111,8,O3_8h,包头,4.0
20201111,8,O3_8h_24h,包头,5.0
20201111,8,CO,包头,2.2
20201111,8,CO_24h,包头,1.88
20201111,10,AQI,包头,94.0
20201111,10,PM2.5,包头,70.0
20201111,10,PM2.5_24h,包头,68.0
20201111,10,PM10,包头,123.0
20201111,10,PM10_24h,包头,123.0
20201111,10,SO2,包头,48.0
20201111,10,SO2_24h,包头,31.0
20201111,10,NO2,包头,73.0
20201111,10,NO2_24h,包头,71.0
20201111,10,O3,包头,12.0
20201111,10,O3_24h,包头,62.0
20201111,10,O3_8h,包头,4.0
20201111,10,O3_8h_24h,包头,4.0
20201111,10,CO,包头,1.87
20201111,10,CO_24h,包头,1.8
20201111,11,AQI,包头,94.0
20201111,11,PM2.5,包头,70.0
20201111,11,PM2.5_24h,包头,68.0
20201111,11,PM10,包头,128.0
20201111,11,PM10_24h,包头,123.0
20201111,11,SO2,包头,57.0
20201111,11,SO2_24h,包头,32.0
20201111,11,NO2,包头,69.0
20201111,11,NO2_24h,包头,71.0
20201111,11,O3,包头,22.0
20201111,11,O3_24h,包头,62.0
20201111,11,O3_8h,包头,7.0
20201111,11,O3_8h_24h,包头,7.0
20201111,11,CO,包头,1.7
20201111,11,CO_24h,包头,1.75
20201111,12,AQI,包头,93.0
20201111,12,PM2.5,包头,69.0
20201111,12,PM2.5_24h,包头,68.0
20201111,12,PM10,包头,121.0
20201111,12,PM10_24h,包头,123.0
20201111,12,SO2,包头,42.0
20201111,12,SO2_24h,包头,31.0
20201111,12,NO2,包头,52.0
20201111,12,NO2_24h,包头,71.0
20201111,12,O3,包头,42.0
20201111,12,O3_24h,包头,62.0
20201111,12,O3_8h,包头,11.0
20201111,12,O3_8h_24h,包头,11.0
20201111,12,CO,包头,1.23
20201111,12,CO_24h,包头,1.75
20201111,13,AQI,包头,82.0
20201111,13,PM2.5,包头,60.0
20201111,13,PM2.5_24h,包头,68.0
20201111,13,PM10,包头,113.0
20201111,13,PM10_24h,包头,124.0
20201111,13,SO2,包头,30.0
20201111,13,SO2_24h,包头,31.0
20201111,13,NO2,包头,39.0
20201111,13,NO2_24h,包头,70.0
20201111,13,O3,包头,66.0
20201111,13,O3_24h,包头,66.0
20201111,13,O3_8h,包头,19.0
20201111,13,O3_8h_24h,包头,19.0
20201111,13,CO,包头,0.97
20201111,13,CO_24h,包头,1.68
20201111,14,AQI,包头,76.0
20201111,14,PM2.5,包头,55.0
20201111,14,PM2.5_24h,包头,68.0
20201111,14,PM10,包头,102.0
20201111,14,PM10_24h,包头,123.0
20201111,14,SO2,包头,30.0
20201111,14,SO2_24h,包头,31.0
20201111,14,NO2,包头,40.0
20201111,14,NO2_24h,包头,70.0
20201111,14,O3,包头,76.0
20201111,14,O3_24h,包头,76.0
20201111,14,O3_8h,包头,29.0
20201111,14,O3_8h_24h,包头,29.0
20201111,14,CO,包头,1.03
20201111,14,CO_24h,包头,1.67
20201111,15,AQI,包头,74.0
20201111,15,PM2.5,包头,54.0
20201111,15,PM2.5_24h,包头,68.0
20201111,15,PM10,包头,94.0
20201111,15,PM10_24h,包头,123.0
20201111,15,SO2,包头,33.0
20201111,15,SO2_24h,包头,31.0
20201111,15,NO2,包头,43.0
20201111,15,NO2_24h,包头,70.0
20201111,15,O3,包头,86.0
20201111,15,O3_24h,包头,85.0
20201111,15,O3_8h,包头,38.0
20201111,15,O3_8h_24h,包头,38.0
20201111,15,CO,包头,1.12
20201111,15,CO_24h,包头,1.67
20201111,16,AQI,包头,73.0
20201111,16,PM2.5,包头,53.0
20201111,16,PM2.5_24h,包头,68.0
20201111,16,PM10,包头,91.0
20201111,16,PM10_24h,包头,123.0
20201111,16,SO2,包头,45.0
20201111,16,SO2_24h,包头,32.0
20201111,16,NO2,包头,53.0
20201111,16,NO2_24h,包头,70.0
20201111,16,O3,包头,90.0
20201111,16,O3_24h,包头,91.0
20201111,16,O3_8h,包头,49.0
20201111,16,O3_8h_24h,包头,49.0
20201111,16,CO,包头,1.58
20201111,16,CO_24h,包头,1.7
20201111,17,AQI,包头,74.0
20201111,17,PM2.5,包头,51.0
20201111,17,PM2.5_24h,包头,68.0
20201111,17,PM10,包头,97.0
20201111,17,PM10_24h,包头,125.0
20201111,17,SO2,包头,73.0
20201111,17,SO2_24h,包头,34.0
20201111,17,NO2,包头,62.0
20201111,17,NO2_24h,包头,71.0
20201111,17,O3,包头,83.0
20201111,17,O3_24h,包头,92.0
20201111,17,O3_8h,包头,59.0
20201111,17,O3_8h_24h,包头,59.0
20201111,17,CO,包头,1.73
20201111,17,CO_24h,包头,1.75
20201111,18,AQI,包头,78.0
20201111,18,PM2.5,包头,56.0
20201111,18,PM2.5_24h,包头,69.0
20201111,18,PM10,包头,106.0
20201111,18,PM10_24h,包头,126.0
20201111,18,SO2,包头,77.0
20201111,18,SO2_24h,包头,37.0
20201111,18,NO2,包头,96.0
20201111,18,NO2_24h,包头,72.0
20201111,18,O3,包头,45.0
20201111,18,O3_24h,包头,92.0
20201111,18,O3_8h,包头,63.0
20201111,18,O3_8h_24h,包头,63.0
20201111,18,CO,包头,2.03
20201111,18,CO_24h,包头,1.8
20201111,19,AQI,包头,93.0
20201111,19,PM2.5,包头,69.0
20201111,19,PM2.5_24h,包头,70.0
20201111,19,PM10,包头,112.0
20201111,19,PM10_24h,包头,127.0
20201111,19,SO2,包头,41.0
20201111,19,SO2_24h,包头,38.0
20201111,19,NO2,包头,102.0
20201111,19,NO2_24h,包头,72.0
20201111,19,O3,包头,31.0
20201111,19,O3_24h,包头,92.0
20201111,19,O3_8h,包头,64.0
20201111,19,O3_8h_24h,包头,65.0
20201111,19,CO,包头,1.67
20201111,19,CO_24h,包头,1.82
20201111,20,AQI,包头,99.0
20201111,20,PM2.5,包头,74.0
20201111,20,PM2.5_24h,包头,70.0
20201111,20,PM10,包头,120.0
20201111,20,PM10_24h,包头,128.0
20201111,20,SO2,包头,28.0
20201111,20,SO2_24h,包头,38.0
20201111,20,NO2,包头,98.0
20201111,20,NO2_24h,包头,73.0
20201111,20,O3,包头,30.0
20201111,20,O3_24h,包头,92.0
20201111,20,O3_8h,包头,63.0
20201111,20,O3_8h_24h,包头,65.0
20201111,20,CO,包头,1.48
20201111,20,CO_24h,包头,1.78
20201111,21,AQI,包头,105.0
20201111,21,PM2.5,包头,79.0
20201111,21,PM2.5_24h,包头,71.0
20201111,21,PM10,包头,130.0
20201111,21,PM10_24h,包头,127.0
20201111,21,SO2,包头,26.0
20201111,21,SO2_24h,包头,37.0
20201111,21,NO2,包头,88.0
20201111,21,NO2_24h,包头,72.0
20201111,21,O3,包头,32.0
20201111,21,O3_24h,包头,92.0
20201111,21,O3_8h,包头,58.0
20201111,21,O3_8h_24h,包头,65.0
20201111,21,CO,包头,1.52
20201111,21,CO_24h,包头,1.75
20201111,22,AQI,包头,104.0
20201111,22,PM2.5,包头,78.0
20201111,22,PM2.5_24h,包头,70.0
20201111,22,PM10,包头,132.0
20201111,22,PM10_24h,包头,126.0
20201111,22,SO2,包头,23.0
20201111,22,SO2_24h,包头,37.0
20201111,22,NO2,包头,88.0
20201111,22,NO2_24h,包头,72.0
20201111,22,O3,包头,28.0
20201111,22,O3_24h,包头,92.0
20201111,22,O3_8h,包头,52.0
20201111,22,O3_8h_24h,包头,65.0
20201111,22,CO,包头,1.55
20201111,22,CO_24h,包头,1.72
20201111,23,AQI,包头,103.0
20201111,23,PM2.5,包头,77.0
20201111,23,PM2.5_24h,包头,69.0
20201111,23,PM10,包头,133.0
20201111,23,PM10_24h,包头,123.0
20201111,23,SO2,包头,20.0
20201111,23,SO2_24h,包头,36.0
20201111,23,NO2,包头,68.0
20201111,23,NO2_24h,包头,71.0
20201111,23,O3,包头,44.0
20201111,23,O3_24h,包头,92.0
20201111,23,O3_8h,包头,48.0
20201111,23,O3_8h_24h,包头,65.0
20201111,23,CO,包头,1.2
20201111,23,CO_24h,包头,1.68
20201111,0,AQI,鄂尔多斯,84.0
20201111,0,PM2.5,鄂尔多斯,48.0
20201111,0,PM2.5_24h,鄂尔多斯,39.0
20201111,0,PM10,鄂尔多斯,117.0
20201111,0,PM10_24h,鄂尔多斯,87.0
20201111,0,SO2,鄂尔多斯,27.0
20201111,0,SO2_24h,鄂尔多斯,25.0
20201111,0,NO2,鄂尔多斯,78.0
20201111,0,NO2_24h,鄂尔多斯,60.0
20201111,0,O3,鄂尔多斯,17.0
20201111,0,O3_24h,鄂尔多斯,110.0
20201111,0,O3_8h,鄂尔多斯,34.0
20201111,0,O3_8h_24h,鄂尔多斯,78.0
20201111,0,CO,鄂尔多斯,1.02
20201111,0,CO_24h,鄂尔多斯,1.04
20201111,1,AQI,鄂尔多斯,84.0
20201111,1,PM2.5,鄂尔多斯,48.0
20201111,1,PM2.5_24h,鄂尔多斯,40.0
20201111,1,PM10,鄂尔多斯,118.0
20201111,1,PM10_24h,鄂尔多斯,89.0
20201111,1,SO2,鄂尔多斯,26.0
20201111,1,SO2_24h,鄂尔多斯,25.0
20201111,1,NO2,鄂尔多斯,70.0
20201111,1,NO2_24h,鄂尔多斯,60.0
20201111,1,O3,鄂尔多斯,21.0
20201111,1,O3_24h,鄂尔多斯,110.0
20201111,1,O3_8h,鄂尔多斯,21.0
20201111,1,O3_8h_24h,鄂尔多斯,21.0
20201111,1,CO,鄂尔多斯,0.98
20201111,1,CO_24h,鄂尔多斯,1.04
20201111,2,AQI,鄂尔多斯,86.0
20201111,2,PM2.5,鄂尔多斯,49.0
20201111,2,PM2.5_24h,鄂尔多斯,40.0
20201111,2,PM10,鄂尔多斯,121.0
20201111,2,PM10_24h,鄂尔多斯,90.0
20201111,2,SO2,鄂尔多斯,25.0
20201111,2,SO2_24h,鄂尔多斯,25.0
20201111,2,NO2,鄂尔多斯,65.0
20201111,2,NO2_24h,鄂尔多斯,60.0
20201111,2,O3,鄂尔多斯,23.0
20201111,2,O3_24h,鄂尔多斯,110.0
20201111,2,O3_8h,鄂尔多斯,22.0
20201111,2,O3_8h_24h,鄂尔多斯,22.0
20201111,2,CO,鄂尔多斯,0.94
20201111,2,CO_24h,鄂尔多斯,1.04
20201111,3,AQI,鄂尔多斯,77.0
20201111,3,PM2.5,鄂尔多斯,46.0
20201111,3,PM2.5_24h,鄂尔多斯,40.0
20201111,3,PM10,鄂尔多斯,103.0
20201111,3,PM10_24h,鄂尔多斯,91.0
20201111,3,SO2,鄂尔多斯,26.0
20201111,3,SO2_24h,鄂尔多斯,25.0
20201111,3,NO2,鄂尔多斯,58.0
20201111,3,NO2_24h,鄂尔多斯,61.0
20201111,3,O3,鄂尔多斯,27.0
20201111,3,O3_24h,鄂尔多斯,110.0
20201111,3,O3_8h,鄂尔多斯,23.0
20201111,3,O3_8h_24h,鄂尔多斯,24.0
20201111,3,CO,鄂尔多斯,0.94
20201111,3,CO_24h,鄂尔多斯,1.04
20201111,4,AQI,鄂尔多斯,77.0
20201111,4,PM2.5,鄂尔多斯,47.0
20201111,4,PM2.5_24h,鄂尔多斯,41.0
20201111,4,PM10,鄂尔多斯,103.0
20201111,4,PM10_24h,鄂尔多斯,92.0
20201111,4,SO2,鄂尔多斯,29.0
20201111,4,SO2_24h,鄂尔多斯,25.0
20201111,4,NO2,鄂尔多斯,56.0
20201111,4,NO2_24h,鄂尔多斯,60.0
20201111,4,O3,鄂尔多斯,28.0
20201111,4,O3_24h,鄂尔多斯,110.0
20201111,4,O3_8h,鄂尔多斯,25.0
20201111,4,O3_8h_24h,鄂尔多斯,25.0
20201111,4,CO,鄂尔多斯,0.94
20201111,4,CO_24h,鄂尔多斯,1.04
20201111,5,AQI,鄂尔多斯,77.0
20201111,5,PM2.5,鄂尔多斯,49.0
20201111,5,PM2.5_24h,鄂尔多斯,41.0
20201111,5,PM10,鄂尔多斯,103.0
20201111,5,PM10_24h,鄂尔多斯,93.0
20201111,5,SO2,鄂尔多斯,33.0
20201111,5,SO2_24h,鄂尔多斯,25.0
20201111,5,NO2,鄂尔多斯,61.0
20201111,5,NO2_24h,鄂尔多斯,60.0
20201111,5,O3,鄂尔多斯,22.0
20201111,5,O3_24h,鄂尔多斯,110.0
20201111,5,O3_8h,鄂尔多斯,24.0
20201111,5,O3_8h_24h,鄂尔多斯,25.0
20201111,5,CO,鄂尔多斯,1.04
20201111,5,CO_24h,鄂尔多斯,1.02
20201111,6,AQI,鄂尔多斯,81.0
20201111,6,PM2.5,鄂尔多斯,55.0
20201111,6,PM2.5_24h,鄂尔多斯,42.0
20201111,6,PM10,鄂尔多斯,112.0
20201111,6,PM10_24h,鄂尔多斯,94.0
20201111,6,SO2,鄂尔多斯,33.0
20201111,6,SO2_24h,鄂尔多斯,25.0
20201111,6,NO2,鄂尔多斯,63.0
20201111,6,NO2_24h,鄂尔多斯,60.0
20201111,6,O3,鄂尔多斯,19.0
20201111,6,O3_24h,鄂尔多斯,110.0
20201111,6,O3_8h,鄂尔多斯,23.0
20201111,6,O3_8h_24h,鄂尔多斯,25.0
20201111,6,CO,鄂尔多斯,1.1
20201111,6,CO_24h,鄂尔多斯,1.02
20201111,8,AQI,鄂尔多斯,83.0
20201111,8,PM2.5,鄂尔多斯,57.0
20201111,8,PM2.5_24h,鄂尔多斯,43.0
20201111,8,PM10,鄂尔多斯,115.0
20201111,8,PM10_24h,鄂尔多斯,97.0
20201111,8,SO2,鄂尔多斯,24.0
20201111,8,SO2_24h,鄂尔多斯,25.0
20201111,8,NO2,鄂尔多斯,63.0
20201111,8,NO2_24h,鄂尔多斯,61.0
20201111,8,O3,鄂尔多斯,17.0
20201111,8,O3_24h,鄂尔多斯,110.0
20201111,8,O3_8h,鄂尔多斯,22.0
20201111,8,O3_8h_24h,鄂尔多斯,25.0
20201111,8,CO,鄂尔多斯,1.22
20201111,8,CO_24h,鄂尔多斯,1.02
20201111,10,AQI,鄂尔多斯,87.0
20201111,10,PM2.5,鄂尔多斯,60.0
20201111,10,PM2.5_24h,鄂尔多斯,46.0
20201111,10,PM10,鄂尔多斯,123.0
20201111,10,PM10_24h,鄂尔多斯,101.0
20201111,10,SO2,鄂尔多斯,36.0
20201111,10,SO2_24h,鄂尔多斯,26.0
20201111,10,NO2,鄂尔多斯,57.0
20201111,10,NO2_24h,鄂尔多斯,61.0
20201111,10,O3,鄂尔多斯,37.0
20201111,10,O3_24h,鄂尔多斯,110.0
20201111,10,O3_8h,鄂尔多斯,24.0
20201111,10,O3_8h_24h,鄂尔多斯,27.0
20201111,10,CO,鄂尔多斯,1.26
20201111,10,CO_24h,鄂尔多斯,1.06
20201111,11,AQI,鄂尔多斯,93.0
20201111,11,PM2.5,鄂尔多斯,69.0
20201111,11,PM2.5_24h,鄂尔多斯,47.0
20201111,11,PM10,鄂尔多斯,134.0
20201111,11,PM10_24h,鄂尔多斯,104.0
20201111,11,SO2,鄂尔多斯,34.0
20201111,11,SO2_24h,鄂尔多斯,27.0
20201111,11,NO2,鄂尔多斯,54.0
20201111,11,NO2_24h,鄂尔多斯,62.0
20201111,11,O3,鄂尔多斯,54.0
20201111,11,O3_24h,鄂尔多斯,110.0
20201111,11,O3_8h,鄂尔多斯,27.0
20201111,11,O3_8h_24h,鄂尔多斯,30.0
20201111,11,CO,鄂尔多斯,1.06
20201111,11,CO_24h,鄂尔多斯,1.04
20201111,12,AQI,鄂尔多斯,85.0
20201111,12,PM2.5,鄂尔多斯,63.0
20201111,12,PM2.5_24h,鄂尔多斯,48.0
20201111,12,PM10,鄂尔多斯,116.0
20201111,12,PM10_24h,鄂尔多斯,105.0
20201111,12,SO2,鄂尔多斯,31.0
20201111,12,SO2_24h,鄂尔多斯,26.0
20201111,12,NO2,鄂尔多斯,42.0
20201111,12,NO2_24h,鄂尔多斯,62.0
20201111,12,O3,鄂尔多斯,80.0
20201111,12,O3_24h,鄂尔多斯,110.0
20201111,12,O3_8h,鄂尔多斯,34.0
20201111,12,O3_8h_24h,鄂尔多斯,34.0
20201111,12,CO,鄂尔多斯,0.96
20201111,12,CO_24h,鄂尔多斯,1.02
20201111,13,AQI,鄂尔多斯,77.0
20201111,13,PM2.5,鄂尔多斯,52.0
20201111,13,PM2.5_24h,鄂尔多斯,49.0
20201111,13,PM10,鄂尔多斯,104.0
20201111,13,PM10_24h,鄂尔多斯,107.0
20201111,13,SO2,鄂尔多斯,25.0
20201111,13,SO2_24h,鄂尔多斯,27.0
20201111,13,NO2,鄂尔多斯,29.0
20201111,13,NO2_24h,鄂尔多斯,62.0
20201111,13,O3,鄂尔多斯,111.0
20201111,13,O3_24h,鄂尔多斯,112.0
20201111,13,O3_8h,鄂尔多斯,45.0
20201111,13,O3_8h_24h,鄂尔多斯,45.0
20201111,13,CO,鄂尔多斯,0.8
20201111,13,CO_24h,鄂尔多斯,1.02
20201111,14,AQI,鄂尔多斯,72.0
20201111,14,PM2.5,鄂尔多斯,50.0
20201111,14,PM2.5_24h,鄂尔多斯,50.0
20201111,14,PM10,鄂尔多斯,94.0
20201111,14,PM10_24h,鄂尔多斯,108.0
20201111,14,SO2,鄂尔多斯,18.0
20201111,14,SO2_24h,鄂尔多斯,27.0
20201111,14,NO2,鄂尔多斯,24.0
20201111,14,NO2_24h,鄂尔多斯,61.0
20201111,14,O3,鄂尔多斯,125.0
20201111,14,O3_24h,鄂尔多斯,125.0
20201111,14,O3_8h,鄂尔多斯,58.0
20201111,14,O3_8h_24h,鄂尔多斯,58.0
20201111,14,CO,鄂尔多斯,0.72
20201111,14,CO_24h,鄂尔多斯,1.02
20201111,15,AQI,鄂尔多斯,65.0
20201111,15,PM2.5,鄂尔多斯,43.0
20201111,15,PM2.5_24h,鄂尔多斯,50.0
20201111,15,PM10,鄂尔多斯,80.0
20201111,15,PM10_24h,鄂尔多斯,108.0
20201111,15,SO2,鄂尔多斯,13.0
20201111,15,SO2_24h,鄂尔多斯,26.0
20201111,15,NO2,鄂尔多斯,21.0
20201111,15,NO2_24h,鄂尔多斯,61.0
20201111,15,O3,鄂尔多斯,125.0
20201111,15,O3_24h,鄂尔多斯,126.0
20201111,15,O3_8h,鄂尔多斯,72.0
20201111,15,O3_8h_24h,鄂尔多斯,72.0
20201111,15,CO,鄂尔多斯,0.7
20201111,15,CO_24h,鄂尔多斯,1.02
20201111,16,AQI,鄂尔多斯,62.0
20201111,16,PM2.5,鄂尔多斯,40.0
20201111,16,PM2.5_24h,鄂尔多斯,50.0
20201111,16,PM10,鄂尔多斯,73.0
20201111,16,PM10_24h,鄂尔多斯,108.0
20201111,16,SO2,鄂尔多斯,11.0
20201111,16,SO2_24h,鄂尔多斯,26.0
20201111,16,NO2,鄂尔多斯,20.0
20201111,16,NO2_24h,鄂尔多斯,61.0
20201111,16,O3,鄂尔多斯,125.0
20201111,16,O3_24h,鄂尔多斯,127.0
20201111,16,O3_8h,鄂尔多斯,85.0
20201111,16,O3_8h_24h,鄂尔多斯,85.0
20201111,16,CO,鄂尔多斯,0.62
20201111,16,CO_24h,鄂尔多斯,1.0
20201111,17,AQI,鄂尔多斯,61.0
20201111,17,PM2.5,鄂尔多斯,36.0
20201111,17,PM2.5_24h,鄂尔多斯,51.0
20201111,17,PM10,鄂尔多斯,72.0
20201111,17,PM10_24h,鄂尔多斯,109.0
20201111,17,SO2,鄂尔多斯,11.0
20201111,17,SO2_24h,鄂尔多斯,26.0
20201111,17,NO2,鄂尔多斯,26.0
20201111,17,NO2_24h,鄂尔多斯,60.0
20201111,17,O3,鄂尔多斯,121.0
20201111,17,O3_24h,鄂尔多斯,127.0
20201111,17,O3_8h,鄂尔多斯,97.0
20201111,17,O3_8h_24h,鄂尔多斯,97.0
20201111,17,CO,鄂尔多斯,0.62
20201111,17,CO_24h,鄂尔多斯,0.98
20201111,18,AQI,鄂尔多斯,58.0
20201111,18,PM2.5,鄂尔多斯,37.0
20201111,18,PM2.5_24h,鄂尔多斯,51.0
20201111,18,PM10,鄂尔多斯,66.0
20201111,18,PM10_24h,鄂尔多斯,108.0
20201111,18,SO2,鄂尔多斯,12.0
20201111,18,SO2_24h,鄂尔多斯,25.0
20201111,18,NO2,鄂尔多斯,51.0
20201111,18,NO2_24h,鄂尔多斯,59.0
20201111,18,O3,鄂尔多斯,92.0
20201111,18,O3_24h,鄂尔多斯,127.0
20201111,18,O3_8h,鄂尔多斯,104.0
20201111,18,O3_8h_24h,鄂尔多斯,104.0
20201111,18,CO,鄂尔多斯,0.76
20201111,18,CO_24h,鄂尔多斯,0.98
20201111,19,AQI,鄂尔多斯,69.0
20201111,19,PM2.5,鄂尔多斯,38.0
20201111,19,PM2.5_24h,鄂尔多斯,50.0
20201111,19,PM10,鄂尔多斯,87.0
20201111,19,PM10_24h,鄂尔多斯,106.0
20201111,19,SO2,鄂尔多斯,20.0
20201111,19,SO2_24h,鄂尔多斯,25.0
20201111,19,NO2,鄂尔多斯,66.0
20201111,19,NO2_24h,鄂尔多斯,57.0
20201111,19,O3,鄂尔多斯,68.0
20201111,19,O3_24h,鄂尔多斯,127.0
20201111,19,O3_8h,鄂尔多斯,106.0
20201111,19,O3_8h_24h,鄂尔多斯,106.0
20201111,19,CO,鄂尔多斯,0.98
20201111,19,CO_24h,鄂尔多斯,0.98
20201111,20,AQI,鄂尔多斯,79.0
20201111,20,PM2.5,鄂尔多斯,51.0
20201111,20,PM2.5_24h,鄂尔多斯,50.0
20201111,20,PM10,鄂尔多斯,108.0
20201111,20,PM10_24h,鄂尔多斯,106.0
20201111,20,SO2,鄂尔多斯,30.0
20201111,20,SO2_24h,鄂尔多斯,25.0
20201111,20,NO2,鄂尔多斯,97.0
20201111,20,NO2_24h,鄂尔多斯,57.0
20201111,20,O3,鄂尔多斯,31.0
20201111,20,O3_24h,鄂尔多斯,127.0
20201111,20,O3_8h,鄂尔多斯,100.0
20201111,20,O3_8h_24h,鄂尔多斯,106.0
20201111,20,CO,鄂尔多斯,1.56
20201111,20,CO_24h,鄂尔多斯,0.98
20201111,21,AQI,鄂尔多斯,93.0
20201111,21,PM2.5,鄂尔多斯,68.0
20201111,21,PM2.5_24h,鄂尔多斯,51.0
20201111,21,PM10,鄂尔多斯,135.0
20201111,21,PM10_24h,鄂尔多斯,106.0
20201111,21,SO2,鄂尔多斯,24.0
20201111,21,SO2_24h,鄂尔多斯,25.0
20201111,21,NO2,鄂尔多斯,74.0
20201111,21,NO2_24h,鄂尔多斯,57.0
20201111,21,O3,鄂尔多斯,50.0
20201111,21,O3_24h,鄂尔多斯,127.0
20201111,21,O3_8h,鄂尔多斯,92.0
20201111,21,O3_8h_24h,鄂尔多斯,106.0
20201111,21,CO,鄂尔多斯,1.14
20201111,21,CO_24h,鄂尔多斯,1.0
20201111,22,AQI,鄂尔多斯,79.0
20201111,22,PM2.5,鄂尔多斯,54.0
20201111,22,PM2.5_24h,鄂尔多斯,51.0
20201111,22,PM10,鄂尔多斯,108.0
20201111,22,PM10_24h,鄂尔多斯,105.0
20201111,22,SO2,鄂尔多斯,19.0
20201111,22,SO2_24h,鄂尔多斯,25.0
20201111,22,NO2,鄂尔多斯,44.0
20201111,22,NO2_24h,鄂尔多斯,55.0
20201111,22,O3,鄂尔多斯,79.0
20201111,22,O3_24h,鄂尔多斯,127.0
20201111,22,O3_8h,鄂尔多斯,86.0
20201111,22,O3_8h_24h,鄂尔多斯,106.0
20201111,22,CO,鄂尔多斯,0.9
20201111,22,CO_24h,鄂尔多斯,1.0
20201111,23,AQI,鄂尔多斯,66.0
20201111,23,PM2.5,鄂尔多斯,48.0
20201111,23,PM2.5_24h,鄂尔多斯,51.0
20201111,23,PM10,鄂尔多斯,82.0
20201111,23,PM10_24h,鄂尔多斯,104.0
20201111,23,SO2,鄂尔多斯,18.0
20201111,23,SO2_24h,鄂尔多斯,24.0
20201111,23,NO2,鄂尔多斯,37.0
20201111,23,NO2_24h,鄂尔多斯,53.0
20201111,23,O3,鄂尔多斯,87.0
20201111,23,O3_24h,鄂尔多斯,127.0
20201111,23,O3_8h,鄂尔多斯,82.0
20201111,23,O3_8h_24h,鄂尔多斯,106.0
20201111,23,CO,鄂尔多斯,0.84
20201111,23,CO_24h,鄂尔多斯,0.98
20201111,0,AQI,营口,62.0
20201111,0,PM2.5,营口,39.0
20201111,0,PM2.5_24h,营口,50.0
20201111,0,PM10,营口,73.0
20201111,0,PM10_24h,营口,93.0
20201111,0,SO2,营口,10.0
20201111,0,SO2_24h,营口,25.0
20201111,0,NO2,营口,61.0
20201111,0,NO2_24h,营口,59.0
20201111,0,O3,营口,15.0
20201111,0,O3_24h,营口,45.0
20201111,0,O3_8h,营口,13.0
20201111,0,O3_8h_24h,营口,33.0
20201111,0,CO,营口,0.9
20201111,0,CO_24h,营口,1.9
20201111,1,AQI,营口,63.0
20201111,1,PM2.5,营口,43.0
20201111,1,PM2.5_24h,营口,50.0
20201111,1,PM10,营口,75.0
20201111,1,PM10_24h,营口,93.0
20201111,1,SO2,营口,10.0
20201111,1,SO2_24h,营口,24.0
20201111,1,NO2,营口,55.0
20201111,1,NO2_24h,营口,59.0
20201111,1,O3,营口,21.0
20201111,1,O3_24h,营口,45.0
20201111,1,O3_8h,营口,21.0
20201111,1,O3_8h_24h,营口,21.0
20201111,1,CO,营口,0.88
20201111,1,CO_24h,营口,1.85
20201111,2,AQI,营口,69.0
20201111,2,PM2.5,营口,50.0
20201111,2,PM2.5_24h,营口,50.0
20201111,2,PM10,营口,87.0
20201111,2,PM10_24h,营口,93.0
20201111,2,SO2,营口,9.0
20201111,2,SO2_24h,营口,23.0
20201111,2,NO2,营口,48.0
20201111,2,NO2_24h,营口,59.0
20201111,2,O3,营口,27.0
20201111,2,O3_24h,营口,45.0
20201111,2,O3_8h,营口,23.0
20201111,2,O3_8h_24h,营口,23.0
20201111,2,CO,营口,0.88
20201111,2,CO_24h,营口,1.8
20201111,3,AQI,营口,70.0
20201111,3,PM2.5,营口,51.0
20201111,3,PM2.5_24h,营口,50.0
20201111,3,PM10,营口,88.0
20201111,3,PM10_24h,营口,93.0
20201111,3,SO2,营口,9.0
20201111,3,SO2_24h,营口,22.0
20201111,3,NO2,营口,44.0
20201111,3,NO2_24h,营口,58.0
20201111,3,O3,营口,37.0
20201111,3,O3_24h,营口,45.0
20201111,3,O3_8h,营口,28.0
20201111,3,O3_8h_24h,营口,28.0
20201111,3,CO,营口,0.9
20201111,3,CO_24h,营口,1.78
20201111,4,AQI,营口,71.0
20201111,4,PM2.5,营口,52.0
20201111,4,PM2.5_24h,营口,49.0
20201111,4,PM10,营口,86.0
20201111,4,PM10_24h,营口,91.0
20201111,4,SO2,营口,10.0
20201111,4,SO2_24h,营口,20.0
20201111,4,NO2,营口,41.0
20201111,4,NO2_24h,营口,57.0
20201111,4,O3,营口,42.0
20201111,4,O3_24h,营口,49.0
20201111,4,O3_8h,营口,32.0
20201111,4,O3_8h_24h,营口,32.0
20201111,4,CO,营口,0.85
20201111,4,CO_24h,营口,1.68
20201111,5,AQI,营口,68.0
20201111,5,PM2.5,营口,49.0
20201111,5,PM2.5_24h,营口,48.0
20201111,5,PM10,营口,82.0
20201111,5,PM10_24h,营口,90.0
20201111,5,SO2,营口,9.0
20201111,5,SO2_24h,营口,20.0
20201111,5,NO2,营口,41.0
20201111,5,NO2_24h,营口,56.0
20201111,5,O3,营口,41.0
20201111,5,O3_24h,营口,49.0
20201111,5,O3_8h,营口,33.0
20201111,5,O3_8h_24h,营口,33.0
20201111,5,CO,营口,0.8
20201111,5,CO_24h,营口,1.65
20201111,6,AQI,营口,65.0
20201111,6,PM2.5,营口,47.0
20201111,6,PM2.5_24h,营口,47.0
20201111,6,PM10,营口,76.0
20201111,6,PM10_24h,营口,88.0
20201111,6,SO2,营口,9.0
20201111,6,SO2_24h,营口,19.0
20201111,6,NO2,营口,43.0
20201111,6,NO2_24h,营口,56.0
20201111,6,O3,营口,37.0
20201111,6,O3_24h,营口,49.0
20201111,6,O3_8h,营口,34.0
20201111,6,O3_8h_24h,营口,34.0
20201111,6,CO,营口,0.8
20201111,6,CO_24h,营口,1.55
20201111,7,AQI,营口,64.0
20201111,7,PM2.5,营口,46.0
20201111,7,PM2.5_24h,营口,50.0
20201111,7,PM10,营口,73.0
20201111,7,PM10_24h,营口,91.0
20201111,7,SO2,营口,8.0
20201111,7,SO2_24h,营口,21.0
20201111,7,NO2,营口,44.0
20201111,7,NO2_24h,营口,52.0
20201111,7,O3,营口,27.0
20201111,7,O3_24h,营口,53.0
20201111,7,O3_8h,营口,23.0
20201111,7,O3_8h_24h,营口,23.0
20201111,7,CO,营口,0.7
20201111,7,CO_24h,营口,1.5
20201111,8,AQI,营口,57.0
20201111,8,PM2.5,营口,36.0
20201111,8,PM2.5_24h,营口,43.0
20201111,8,PM10,营口,63.0
20201111,8,PM10_24h,营口,81.0
20201111,8,SO2,营口,10.0
20201111,8,SO2_24h,营口,18.0
20201111,8,NO2,营口,49.0
20201111,8,NO2_24h,营口,55.0
20201111,8,O3,营口,34.0
20201111,8,O3_24h,营口,49.0
20201111,8,O3_8h,营口,34.0
20201111,8,O3_8h_24h,营口,35.0
20201111,8,CO,营口,0.72
20201111,8,CO_24h,营口,1.35
20201111,10,AQI,营口,58.0
20201111,10,PM2.5,营口,36.0
20201111,10,PM2.5_24h,营口,39.0
20201111,10,PM10,营口,65.0
20201111,10,PM10_24h,营口,73.0
20201111,10,SO2,营口,11.0
20201111,10,SO2_24h,营口,15.0
20201111,10,NO2,营口,38.0
20201111,10,NO2_24h,营口,53.0
20201111,10,O3,营口,43.0
20201111,10,O3_24h,营口,50.0
20201111,10,O3_8h,营口,39.0
20201111,10,O3_8h_24h,营口,39.0
20201111,10,CO,营口,0.7
20201111,10,CO_24h,营口,0.9
20201111,11,AQI,营口,59.0
20201111,11,PM2.5,营口,37.0
20201111,11,PM2.5_24h,营口,38.0
20201111,11,PM10,营口,67.0
20201111,11,PM10_24h,营口,71.0
20201111,11,SO2,营口,12.0
20201111,11,SO2_24h,营口,13.0
20201111,11,NO2,营口,33.0
20201111,11,NO2_24h,营口,51.0
20201111,11,O3,营口,57.0
20201111,11,O3_24h,营口,57.0
20201111,11,O3_8h,营口,41.0
20201111,11,O3_8h_24h,营口,41.0
20201111,11,CO,营口,0.63
20201111,11,CO_24h,营口,0.83
20201111,12,AQI,营口,56.0
20201111,12,PM2.5,营口,33.0
20201111,12,PM2.5_24h,营口,38.0
20201111,12,PM10,营口,62.0
20201111,12,PM10_24h,营口,71.0
20201111,12,SO2,营口,12.0
20201111,12,SO2_24h,营口,12.0
20201111,12,NO2,营口,30.0
20201111,12,NO2_24h,营口,51.0
20201111,12,O3,营口,69.0
20201111,12,O3_24h,营口,69.0
20201111,12,O3_8h,营口,44.0
20201111,12,O3_8h_24h,营口,44.0
20201111,12,CO,营口,0.6
20201111,12,CO_24h,营口,0.8
20201111,13,AQI,营口,56.0
20201111,13,PM2.5,营口,33.0
20201111,13,PM2.5_24h,营口,38.0
20201111,13,PM10,营口,62.0
20201111,13,PM10_24h,营口,71.0
20201111,13,SO2,营口,13.0
20201111,13,SO2_24h,营口,11.0
20201111,13,NO2,营口,27.0
20201111,13,NO2_24h,营口,50.0
20201111,13,O3,营口,78.0
20201111,13,O3_24h,营口,78.0
20201111,13,O3_8h,营口,49.0
20201111,13,O3_8h_24h,营口,49.0
20201111,13,CO,营口,0.55
20201111,13,CO_24h,营口,0.75
20201111,14,AQI,营口,58.0
20201111,14,PM2.5,营口,36.0
20201111,14,PM2.5_24h,营口,39.0
20201111,14,PM10,营口,66.0
20201111,14,PM10_24h,营口,71.0
20201111,14,SO2,营口,11.0
20201111,14,SO2_24h,营口,10.0
20201111,14,NO2,营口,32.0
20201111,14,NO2_24h,营口,50.0
20201111,14,O3,营口,73.0
20201111,14,O3_24h,营口,78.0
20201111,14,O3_8h,营口,54.0
20201111,14,O3_8h_24h,营口,54.0
20201111,14,CO,营口,0.6
20201111,14,CO_24h,营口,0.75
20201111,15,AQI,营口,58.0
20201111,15,PM2.5,营口,36.0
20201111,15,PM2.5_24h,营口,39.0
20201111,15,PM10,营口,66.0
20201111,15,PM10_24h,营口,71.0
20201111,15,SO2,营口,9.0
20201111,15,SO2_24h,营口,10.0
20201111,15,NO2,营口,32.0
20201111,15,NO2_24h,营口,49.0
20201111,15,O3,营口,79.0
20201111,15,O3_24h,营口,80.0
20201111,15,O3_8h,营口,59.0
20201111,15,O3_8h_24h,营口,59.0
20201111,15,CO,营口,0.6
20201111,15,CO_24h,营口,0.75
20201111,16,AQI,营口,60.0
20201111,16,PM2.5,营口,39.0
20201111,16,PM2.5_24h,营口,40.0
20201111,16,PM10,营口,70.0
20201111,16,PM10_24h,营口,73.0
20201111,16,SO2,营口,9.0
20201111,16,SO2_24h,营口,9.0
20201111,16,NO2,营口,29.0
20201111,16,NO2_24h,营口,49.0
20201111,16,O3,营口,90.0
20201111,16,O3_24h,营口,90.0
20201111,16,O3_8h,营口,66.0
20201111,16,O3_8h_24h,营口,66.0
20201111,16,CO,营口,0.68
20201111,16,CO_24h,营口,0.75
20201111,17,AQI,营口,65.0
20201111,17,PM2.5,营口,47.0
20201111,17,PM2.5_24h,营口,41.0
20201111,17,PM10,营口,80.0
20201111,17,PM10_24h,营口,74.0
20201111,17,SO2,营口,9.0
20201111,17,SO2_24h,营口,9.0
20201111,17,NO2,营口,31.0
20201111,17,NO2_24h,营口,48.0
20201111,17,O3,营口,91.0
20201111,17,O3_24h,营口,91.0
20201111,17,O3_8h,营口,72.0
20201111,17,O3_8h_24h,营口,72.0
20201111,17,CO,营口,0.7
20201111,17,CO_24h,营口,0.75
20201111,18,AQI,营口,81.0
20201111,18,PM2.5,营口,60.0
20201111,18,PM2.5_24h,营口,42.0
20201111,18,PM10,营口,98.0
20201111,18,PM10_24h,营口,76.0
20201111,18,SO2,营口,11.0
20201111,18,SO2_24h,营口,9.0
20201111,18,NO2,营口,32.0
20201111,18,NO2_24h,营口,47.0
20201111,18,O3,营口,95.0
20201111,18,O3_24h,营口,95.0
20201111,18,O3_8h,营口,79.0
20201111,18,O3_8h_24h,营口,79.0
20201111,18,CO,营口,0.77
20201111,18,CO_24h,营口,0.75
20201111,19,AQI,营口,91.0
20201111,19,PM2.5,营口,68.0
20201111,19,PM2.5_24h,营口,43.0
20201111,19,PM10,营口,110.0
20201111,19,PM10_24h,营口,76.0
20201111,19,SO2,营口,14.0
20201111,19,SO2_24h,营口,10.0
20201111,19,NO2,营口,46.0
20201111,19,NO2_24h,营口,46.0
20201111,19,O3,营口,80.0
20201111,19,O3_24h,营口,95.0
20201111,19,O3_8h,营口,82.0
20201111,19,O3_8h_24h,营口,82.0
20201111,19,CO,营口,0.92
20201111,19,CO_24h,营口,0.75
20201111,20,AQI,营口,85.0
20201111,20,PM2.5,营口,63.0
20201111,20,PM2.5_24h,营口,44.0
20201111,20,PM10,营口,104.0
20201111,20,PM10_24h,营口,77.0
20201111,20,SO2,营口,13.0
20201111,20,SO2_24h,营口,10.0
20201111,20,NO2,营口,51.0
20201111,20,NO2_24h,营口,45.0
20201111,20,O3,营口,65.0
20201111,20,O3_24h,营口,95.0
20201111,20,O3_8h,营口,81.0
20201111,20,O3_8h_24h,营口,82.0
20201111,20,CO,营口,0.9
20201111,20,CO_24h,营口,0.77
20201111,21,AQI,营口,78.0
20201111,21,PM2.5,营口,57.0
20201111,21,PM2.5_24h,营口,45.0
20201111,21,PM10,营口,96.0
20201111,21,PM10_24h,营口,78.0
20201111,21,SO2,营口,11.0
20201111,21,SO2_24h,营口,10.0
20201111,21,NO2,营口,47.0
20201111,21,NO2_24h,营口,43.0
20201111,21,O3,营口,56.0
20201111,21,O3_24h,营口,95.0
20201111,21,O3_8h,营口,79.0
20201111,21,O3_8h_24h,营口,82.0
20201111,21,CO,营口,0.82
20201111,21,CO_24h,营口,0.8
20201111,22,AQI,营口,84.0
20201111,22,PM2.5,营口,62.0
20201111,22,PM2.5_24h,营口,46.0
20201111,22,PM10,营口,101.0
20201111,22,PM10_24h,营口,79.0
20201111,22,SO2,营口,11.0
20201111,22,SO2_24h,营口,10.0
20201111,22,NO2,营口,45.0
20201111,22,NO2_24h,营口,42.0
20201111,22,O3,营口,60.0
20201111,22,O3_24h,营口,95.0
20201111,22,O3_8h,营口,77.0
20201111,22,O3_8h_24h,营口,82.0
20201111,22,CO,营口,0.85
20201111,22,CO_24h,营口,0.8
20201111,23,AQI,营口,89.0
20201111,23,PM2.5,营口,66.0
20201111,23,PM2.5_24h,营口,46.0
20201111,23,PM10,营口,106.0
20201111,23,PM10_24h,营口,79.0
20201111,23,SO2,营口,13.0
20201111,23,SO2_24h,营口,11.0
20201111,23,NO2,营口,43.0
20201111,23,NO2_24h,营口,41.0
20201111,23,O3,营口,68.0
20201111,23,O3_24h,营口,95.0
20201111,23,O3_8h,营口,76.0
20201111,23,O3_8h_24h,营口,82.0
20201111,23,CO,营口,0.93
20201111,23,CO_24h,营口,0.8
20201111,0,AQI,丹东,56.0
20201111,0,PM2.5,丹东,35.0
20201111,0,PM2.5_24h,丹东,27.0
20201111,0,PM10,丹东,62.0
20201111,0,PM10_24h,丹东,52.0
20201111,0,SO2,丹东,16.0
20201111,0,SO2_24h,丹东,22.0
20201111,0,NO2,丹东,39.0
20201111,0,NO2_24h,丹东,33.0
20201111,0,O3,丹东,11.0
20201111,0,O3_24h,丹东,58.0
20201111,0,O3_8h,丹东,20.0
20201111,0,O3_8h_24h,丹东,51.0
20201111,0,CO,丹东,1.1
20201111,0,CO_24h,丹东,0.92
20201111,1,AQI,丹东,54.0
20201111,1,PM2.5,丹东,32.0
20201111,1,PM2.5_24h,丹东,28.0
20201111,1,PM10,丹东,57.0
20201111,1,PM10_24h,丹东,54.0
20201111,1,SO2,丹东,14.0
20201111,1,SO2_24h,丹东,22.0
20201111,1,NO2,丹东,35.0
20201111,1,NO2_24h,丹东,33.0
20201111,1,O3,丹东,12.0
20201111,1,O3_24h,丹东,58.0
20201111,1,O3_8h,丹东,12.0
20201111,1,O3_8h_24h,丹东,12.0
20201111,1,CO,丹东,1.05
20201111,1,CO_24h,丹东,0.95
20201111,2,AQI,丹东,53.0
20201111,2,PM2.5,丹东,31.0
20201111,2,PM2.5_24h,丹东,29.0
20201111,2,PM10,丹东,55.0
20201111,2,PM10_24h,丹东,55.0
20201111,2,SO2,丹东,15.0
20201111,2,SO2_24h,丹东,22.0
20201111,2,NO2,丹东,36.0
20201111,2,NO2_24h,丹东,34.0
20201111,2,O3,丹东,9.0
20201111,2,O3_24h,丹东,58.0
20201111,2,O3_8h,丹东,10.0
20201111,2,O3_8h_24h,丹东,12.0
20201111,2,CO,丹东,1.1
20201111,2,CO_24h,丹东,1.0
20201111,3,AQI,丹东,54.0
20201111,3,PM2.5,丹东,34.0
20201111,3,PM2.5_24h,丹东,30.0
20201111,3,PM10,丹东,58.0
20201111,3,PM10_24h,丹东,56.0
20201111,3,SO2,丹东,17.0
20201111,3,SO2_24h,丹东,22.0
20201111,3,NO2,丹东,40.0
20201111,3,NO2_24h,丹东,34.0
20201111,3,O3,丹东,6.0
20201111,3,O3_24h,丹东,58.0
20201111,3,O3_8h,丹东,9.0
20201111,3,O3_8h_24h,丹东,12.0
20201111,3,CO,丹东,1.15
20201111,3,CO_24h,丹东,1.0
20201111,4,AQI,丹东,55.0
20201111,4,PM2.5,丹东,35.0
20201111,4,PM2.5_24h,丹东,30.0
20201111,4,PM10,丹东,60.0
20201111,4,PM10_24h,丹东,57.0
20201111,4,SO2,丹东,18.0
20201111,4,SO2_24h,丹东,22.0
20201111,4,NO2,丹东,39.0
20201111,4,NO2_24h,丹东,35.0
20201111,4,O3,丹东,8.0
20201111,4,O3_24h,丹东,58.0
20201111,4,O3_8h,丹东,9.0
20201111,4,O3_8h_24h,丹东,12.0
20201111,4,CO,丹东,1.2
20201111,4,CO_24h,丹东,1.02
20201111,5,AQI,丹东,55.0
20201111,5,PM2.5,丹东,34.0
20201111,5,PM2.5_24h,丹东,31.0
20201111,5,PM10,丹东,59.0
20201111,5,PM10_24h,丹东,58.0
20201111,5,SO2,丹东,19.0
20201111,5,SO2_24h,丹东,23.0
20201111,5,NO2,丹东,41.0
20201111,5,NO2_24h,丹东,36.0
20201111,5,O3,丹东,5.0
20201111,5,O3_24h,丹东,58.0
20201111,5,O3_8h,丹东,8.0
20201111,5,O3_8h_24h,丹东,12.0
20201111,5,CO,丹东,1.13
20201111,5,CO_24h,丹东,1.05
20201111,6,AQI,丹东,53.0
20201111,6,PM2.5,丹东,32.0
20201111,6,PM2.5_24h,丹东,31.0
20201111,6,PM10,丹东,56.0
20201111,6,PM10_24h,丹东,58.0
20201111,6,SO2,丹东,21.0
20201111,6,SO2_24h,丹东,22.0
20201111,6,NO2,丹东,40.0
20201111,6,NO2_24h,丹东,36.0
20201111,6,O3,丹东,5.0
20201111,6,O3_24h,丹东,58.0
20201111,6,O3_8h,丹东,8.0
20201111,6,O3_8h_24h,丹东,12.0
20201111,6,CO,丹东,1.08
20201111,6,CO_24h,丹东,1.05
20201111,7,AQI,丹东,60.0
20201111,7,PM2.5,丹东,43.0
20201111,7,PM2.5_24h,丹东,32.0
20201111,7,PM10,丹东,69.0
20201111,7,PM10_24h,丹东,57.0
20201111,7,SO2,丹东,26.0
20201111,7,SO2_24h,丹东,17.0
20201111,7,NO2,丹东,38.0
20201111,7,NO2_24h,丹东,33.0
20201111,7,O3,丹东,6.0
20201111,7,O3_24h,丹东,55.0
20201111,7,O3_8h,丹东,8.0
20201111,7,O3_8h_24h,丹东,20.0
20201111,7,CO,丹东,1.3
20201111,7,CO_24h,丹东,1.0
20201111,8,AQI,丹东,65.0
20201111,8,PM2.5,丹东,47.0
20201111,8,PM2.5_24h,丹东,32.0
20201111,8,PM10,丹东,77.0
20201111,8,PM10_24h,丹东,59.0
20201111,8,SO2,丹东,44.0
20201111,8,SO2_24h,丹东,22.0
20201111,8,NO2,丹东,45.0
20201111,8,NO2_24h,丹东,37.0
20201111,8,O3,丹东,8.0
20201111,8,O3_24h,丹东,58.0
20201111,8,O3_8h,丹东,7.0
20201111,8,O3_8h_24h,丹东,12.0
20201111,8,CO,丹东,1.63
20201111,8,CO_24h,丹东,1.05
20201111,10,AQI,丹东,59.0
20201111,10,PM2.5,丹东,38.0
20201111,10,PM2.5_24h,丹东,33.0
20201111,10,PM10,丹东,68.0
20201111,10,PM10_24h,丹东,61.0
20201111,10,SO2,丹东,37.0
20201111,10,SO2_24h,丹东,24.0
20201111,10,NO2,丹东,42.0
20201111,10,NO2_24h,丹东,37.0
20201111,10,O3,丹东,16.0
20201111,10,O3_24h,丹东,58.0
20201111,10,O3_8h,丹东,8.0
20201111,10,O3_8h_24h,丹东,12.0
20201111,10,CO,丹东,1.05
20201111,10,CO_24h,丹东,1.1
20201111,11,AQI,丹东,53.0
20201111,11,PM2.5,丹东,31.0
20201111,11,PM2.5_24h,丹东,34.0
20201111,11,PM10,丹东,56.0
20201111,11,PM10_24h,丹东,61.0
20201111,11,SO2,丹东,34.0
20201111,11,SO2_24h,丹东,24.0
20201111,11,NO2,丹东,35.0
20201111,11,NO2_24h,丹东,38.0
20201111,11,O3,丹东,29.0
20201111,11,O3_24h,丹东,58.0
20201111,11,O3_8h,丹东,11.0
20201111,11,O3_8h_24h,丹东,14.0
20201111,11,CO,丹东,0.93
20201111,11,CO_24h,丹东,1.1
20201111,12,AQI,丹东,53.0
20201111,12,PM2.5,丹东,29.0
20201111,12,PM2.5_24h,丹东,34.0
20201111,12,PM10,丹东,55.0
20201111,12,PM10_24h,丹东,61.0
20201111,12,SO2,丹东,22.0
20201111,12,SO2_24h,丹东,24.0
20201111,12,NO2,丹东,19.0
20201111,12,NO2_24h,丹东,37.0
20201111,12,O3,丹东,53.0
20201111,12,O3_24h,丹东,58.0
20201111,12,O3_8h,丹东,16.0
20201111,12,O3_8h_24h,丹东,18.0
20201111,12,CO,丹东,0.77
20201111,12,CO_24h,丹东,1.13
20201111,13,AQI,丹东,54.0
20201111,13,PM2.5,丹东,28.0
20201111,13,PM2.5_24h,丹东,34.0
20201111,13,PM10,丹东,57.0
20201111,13,PM10_24h,丹东,63.0
20201111,13,SO2,丹东,18.0
20201111,13,SO2_24h,丹东,25.0
20201111,13,NO2,丹东,15.0
20201111,13,NO2_24h,丹东,37.0
20201111,13,O3,丹东,64.0
20201111,13,O3_24h,丹东,64.0
20201111,13,O3_8h,丹东,24.0
20201111,13,O3_8h_24h,丹东,24.0
20201111,13,CO,丹东,0.8
20201111,13,CO_24h,丹东,1.13
20201111,14,AQI,丹东,50.0
20201111,14,PM2.5,丹东,22.0
20201111,14,PM2.5_24h,丹东,35.0
20201111,14,PM10,丹东,50.0
20201111,14,PM10_24h,丹东,64.0
20201111,14,SO2,丹东,14.0
20201111,14,SO2_24h,丹东,25.0
20201111,14,NO2,丹东,11.0
20201111,14,NO2_24h,丹东,37.0
20201111,14,O3,丹东,73.0
20201111,14,O3_24h,丹东,72.0
20201111,14,O3_8h,丹东,31.0
20201111,14,O3_8h_24h,丹东,31.0
20201111,14,CO,丹东,0.6
20201111,14,CO_24h,丹东,1.13
20201111,15,AQI,丹东,49.0
20201111,15,PM2.5,丹东,23.0
20201111,15,PM2.5_24h,丹东,35.0
20201111,15,PM10,丹东,49.0
20201111,15,PM10_24h,丹东,64.0
20201111,15,SO2,丹东,15.0
20201111,15,SO2_24h,丹东,24.0
20201111,15,NO2,丹东,13.0
20201111,15,NO2_24h,丹东,37.0
20201111,15,O3,丹东,77.0
20201111,15,O3_24h,丹东,77.0
20201111,15,O3_8h,丹东,41.0
20201111,15,O3_8h_24h,丹东,41.0
20201111,15,CO,丹东,0.6
20201111,15,CO_24h,丹东,1.15
20201111,16,AQI,丹东,51.0
20201111,16,PM2.5,丹东,24.0
20201111,16,PM2.5_24h,丹东,35.0
20201111,16,PM10,丹东,51.0
20201111,16,PM10_24h,丹东,64.0
20201111,16,SO2,丹东,15.0
20201111,16,SO2_24h,丹东,24.0
20201111,16,NO2,丹东,15.0
20201111,16,NO2_24h,丹东,37.0
20201111,16,O3,丹东,74.0
20201111,16,O3_24h,丹东,77.0
20201111,16,O3_8h,丹东,50.0
20201111,16,O3_8h_24h,丹东,50.0
20201111,16,CO,丹东,0.63
20201111,16,CO_24h,丹东,1.15
20201111,17,AQI,丹东,54.0
20201111,17,PM2.5,丹东,27.0
20201111,17,PM2.5_24h,丹东,36.0
20201111,17,PM10,丹东,58.0
20201111,17,PM10_24h,丹东,64.0
20201111,17,SO2,丹东,18.0
20201111,17,SO2_24h,丹东,24.0
20201111,17,NO2,丹东,23.0
20201111,17,NO2_24h,丹东,37.0
20201111,17,O3,丹东,62.0
20201111,17,O3_24h,丹东,77.0
20201111,17,O3_8h,丹东,56.0
20201111,17,O3_8h_24h,丹东,56.0
20201111,17,CO,丹东,0.72
20201111,17,CO_24h,丹东,1.13
20201111,18,AQI,丹东,60.0
20201111,18,PM2.5,丹东,34.0
20201111,18,PM2.5_24h,丹东,36.0
20201111,18,PM10,丹东,69.0
20201111,18,PM10_24h,丹东,65.0
20201111,18,SO2,丹东,24.0
20201111,18,SO2_24h,丹东,24.0
20201111,18,NO2,丹东,29.0
20201111,18,NO2_24h,丹东,36.0
20201111,18,O3,丹东,54.0
20201111,18,O3_24h,丹东,77.0
20201111,18,O3_8h,丹东,61.0
20201111,18,O3_8h_24h,丹东,61.0
20201111,18,CO,丹东,0.93
20201111,18,CO_24h,丹东,1.13
20201111,19,AQI,丹东,65.0
20201111,19,PM2.5,丹东,41.0
20201111,19,PM2.5_24h,丹东,36.0
20201111,19,PM10,丹东,79.0
20201111,19,PM10_24h,丹东,65.0
20201111,19,SO2,丹东,27.0
20201111,19,SO2_24h,丹东,24.0
20201111,19,NO2,丹东,28.0
20201111,19,NO2_24h,丹东,35.0
20201111,19,O3,丹东,53.0
20201111,19,O3_24h,丹东,77.0
20201111,19,O3_8h,丹东,64.0
20201111,19,O3_8h_24h,丹东,64.0
20201111,19,CO,丹东,1.03
20201111,19,CO_24h,丹东,1.13
20201111,20,AQI,丹东,65.0
20201111,20,PM2.5,丹东,41.0
20201111,20,PM2.5_24h,丹东,35.0
20201111,20,PM10,丹东,79.0
20201111,20,PM10_24h,丹东,65.0
20201111,20,SO2,丹东,21.0
20201111,20,SO2_24h,丹东,24.0
20201111,20,NO2,丹东,33.0
20201111,20,NO2_24h,丹东,34.0
20201111,20,O3,丹东,46.0
20201111,20,O3_24h,丹东,77.0
20201111,20,O3_8h,丹东,63.0
20201111,20,O3_8h_24h,丹东,64.0
20201111,20,CO,丹东,1.05
20201111,20,CO_24h,丹东,1.08
20201111,21,AQI,丹东,70.0
20201111,21,PM2.5,丹东,46.0
20201111,21,PM2.5_24h,丹东,35.0
20201111,21,PM10,丹东,89.0
20201111,21,PM10_24h,丹东,65.0
20201111,21,SO2,丹东,18.0
20201111,21,SO2_24h,丹东,23.0
20201111,21,NO2,丹东,38.0
20201111,21,NO2_24h,丹东,33.0
20201111,21,O3,丹东,38.0
20201111,21,O3_24h,丹东,77.0
20201111,21,O3_8h,丹东,59.0
20201111,21,O3_8h_24h,丹东,64.0
20201111,21,CO,丹东,1.1
20201111,21,CO_24h,丹东,1.07
20201111,22,AQI,丹东,67.0
20201111,22,PM2.5,丹东,44.0
20201111,22,PM2.5_24h,丹东,35.0
20201111,22,PM10,丹东,84.0
20201111,22,PM10_24h,丹东,64.0
20201111,22,SO2,丹东,15.0
20201111,22,SO2_24h,丹东,22.0
20201111,22,NO2,丹东,35.0
20201111,22,NO2_24h,丹东,33.0
20201111,22,O3,丹东,39.0
20201111,22,O3_24h,丹东,77.0
20201111,22,O3_8h,丹东,55.0
20201111,22,O3_8h_24h,丹东,64.0
20201111,22,CO,丹东,1.07
20201111,22,CO_24h,丹东,1.02
20201111,23,AQI,丹东,64.0
20201111,23,PM2.5,丹东,40.0
20201111,23,PM2.5_24h,丹东,35.0
20201111,23,PM10,丹东,77.0
20201111,23,PM10_24h,丹东,64.0
20201111,23,SO2,丹东,13.0
20201111,23,SO2_24h,丹东,22.0
20201111,23,NO2,丹东,33.0
20201111,23,NO2_24h,丹东,32.0
20201111,23,O3,丹东,38.0
20201111,23,O3_24h,丹东,77.0
20201111,23,O3_8h,丹东,50.0
20201111,23,O3_8h_24h,丹东,64.0
20201111,23,CO,丹东,1.07
20201111,23,CO_24h,丹东,1.02
20201111,0,AQI,盘锦,55.0
20201111,0,PM2.5,盘锦,39.0
20201111,0,PM2.5_24h,盘锦,37.0
20201111,0,PM10,盘锦,30.0
20201111,0,PM10_24h,盘锦,55.0
20201111,0,SO2,盘锦,20.0
20201111,0,SO2_24h,盘锦,22.0
20201111,0,NO2,盘锦,48.0
20201111,0,NO2_24h,盘锦,50.0
20201111,0,O3,盘锦,18.0
20201111,0,O3_24h,盘锦,75.0
20201111,0,O3_8h,盘锦,21.0
20201111,0,O3_8h_24h,盘锦,52.0
20201111,0,CO,盘锦,0.97
20201111,0,CO_24h,盘锦,1.13
20201111,1,AQI,盘锦,63.0
20201111,1,PM2.5,盘锦,45.0
20201111,1,PM2.5_24h,盘锦,37.0
20201111,1,PM10,盘锦,41.0
20201111,1,PM10_24h,盘锦,54.0
20201111,1,SO2,盘锦,21.0
20201111,1,SO2_24h,盘锦,23.0
20201111,1,NO2,盘锦,47.0
20201111,1,NO2_24h,盘锦,50.0
20201111,1,O3,盘锦,17.0
20201111,1,O3_24h,盘锦,75.0
20201111,1,O3_8h,盘锦,17.0
20201111,1,O3_8h_24h,盘锦,17.0
20201111,1,CO,盘锦,1.07
20201111,1,CO_24h,盘锦,1.13
20201111,2,AQI,盘锦,65.0
20201111,2,PM2.5,盘锦,47.0
20201111,2,PM2.5_24h,盘锦,38.0
20201111,2,PM10,盘锦,50.0
20201111,2,PM10_24h,盘锦,54.0
20201111,2,SO2,盘锦,18.0
20201111,2,SO2_24h,盘锦,22.0
20201111,2,NO2,盘锦,46.0
20201111,2,NO2_24h,盘锦,51.0
20201111,2,O3,盘锦,18.0
20201111,2,O3_24h,盘锦,75.0
20201111,2,O3_8h,盘锦,17.0
20201111,2,O3_8h_24h,盘锦,18.0
20201111,2,CO,盘锦,1.07
20201111,2,CO_24h,盘锦,1.13
20201111,3,AQI,盘锦,73.0
20201111,3,PM2.5,盘锦,53.0
20201111,3,PM2.5_24h,盘锦,39.0
20201111,3,PM10,盘锦,45.0
20201111,3,PM10_24h,盘锦,54.0
20201111,3,SO2,盘锦,20.0
20201111,3,SO2_24h,盘锦,22.0
20201111,3,NO2,盘锦,43.0
20201111,3,NO2_24h,盘锦,50.0
20201111,3,O3,盘锦,21.0
20201111,3,O3_24h,盘锦,75.0
20201111,3,O3_8h,盘锦,19.0
20201111,3,O3_8h_24h,盘锦,19.0
20201111,3,CO,盘锦,1.1
20201111,3,CO_24h,盘锦,1.1
20201111,4,AQI,盘锦,83.0
20201111,4,PM2.5,盘锦,61.0
20201111,4,PM2.5_24h,盘锦,40.0
20201111,4,PM10,盘锦,44.0
20201111,4,PM10_24h,盘锦,53.0
20201111,4,SO2,盘锦,21.0
20201111,4,SO2_24h,盘锦,22.0
20201111,4,NO2,盘锦,41.0
20201111,4,NO2_24h,盘锦,50.0
20201111,4,O3,盘锦,26.0
20201111,4,O3_24h,盘锦,75.0
20201111,4,O3_8h,盘锦,21.0
20201111,4,O3_8h_24h,盘锦,21.0
20201111,4,CO,盘锦,1.23
20201111,4,CO_24h,盘锦,1.1
20201111,5,AQI,盘锦,95.0
20201111,5,PM2.5,盘锦,71.0
20201111,5,PM2.5_24h,盘锦,42.0
20201111,5,PM10,盘锦,52.0
20201111,5,PM10_24h,盘锦,53.0
20201111,5,SO2,盘锦,20.0
20201111,5,SO2_24h,盘锦,22.0
20201111,5,NO2,盘锦,48.0
20201111,5,NO2_24h,盘锦,50.0
20201111,5,O3,盘锦,24.0
20201111,5,O3_24h,盘锦,75.0
20201111,5,O3_8h,盘锦,21.0
20201111,5,O3_8h_24h,盘锦,22.0
20201111,5,CO,盘锦,1.47
20201111,5,CO_24h,盘锦,1.13
20201111,6,AQI,盘锦,98.0
20201111,6,PM2.5,盘锦,73.0
20201111,6,PM2.5_24h,盘锦,43.0
20201111,6,PM10,盘锦,54.0
20201111,6,PM10_24h,盘锦,53.0
20201111,6,SO2,盘锦,23.0
20201111,6,SO2_24h,盘锦,22.0
20201111,6,NO2,盘锦,48.0
20201111,6,NO2_24h,盘锦,50.0
20201111,6,O3,盘锦,24.0
20201111,6,O3_24h,盘锦,75.0
20201111,6,O3_8h,盘锦,22.0
20201111,6,O3_8h_24h,盘锦,23.0
20201111,6,CO,盘锦,1.43
20201111,6,CO_24h,盘锦,1.17
20201111,8,AQI,盘锦,103.0
20201111,8,PM2.5,盘锦,77.0
20201111,8,PM2.5_24h,盘锦,46.0
20201111,8,PM10,盘锦,56.0
20201111,8,PM10_24h,盘锦,51.0
20201111,8,SO2,盘锦,19.0
20201111,8,SO2_24h,盘锦,21.0
20201111,8,NO2,盘锦,53.0
20201111,8,NO2_24h,盘锦,50.0
20201111,8,O3,盘锦,21.0
20201111,8,O3_24h,盘锦,75.0
20201111,8,O3_8h,盘锦,21.0
20201111,8,O3_8h_24h,盘锦,23.0
20201111,8,CO,盘锦,1.53
20201111,8,CO_24h,盘锦,1.2
20201111,10,AQI,盘锦,75.0
20201111,10,PM2.5,盘锦,55.0
20201111,10,PM2.5_24h,盘锦,47.0
20201111,10,PM10,盘锦,37.0
20201111,10,PM10_24h,盘锦,48.0
20201111,10,SO2,盘锦,14.0
20201111,10,SO2_24h,盘锦,20.0
20201111,10,NO2,盘锦,35.0
20201111,10,NO2_24h,盘锦,48.0
20201111,10,O3,盘锦,45.0
20201111,10,O3_24h,盘锦,75.0
20201111,10,O3_8h,盘锦,27.0
20201111,10,O3_8h_24h,盘锦,27.0
20201111,10,CO,盘锦,1.07
20201111,10,CO_24h,盘锦,1.17
20201111,11,AQI,盘锦,64.0
20201111,11,PM2.5,盘锦,46.0
20201111,11,PM2.5_24h,盘锦,48.0
20201111,11,PM10,盘锦,43.0
20201111,11,PM10_24h,盘锦,48.0
20201111,11,SO2,盘锦,15.0
20201111,11,SO2_24h,盘锦,19.0
20201111,11,NO2,盘锦,34.0
20201111,11,NO2_24h,盘锦,48.0
20201111,11,O3,盘锦,54.0
20201111,11,O3_24h,盘锦,75.0
20201111,11,O3_8h,盘锦,31.0
20201111,11,O3_8h_24h,盘锦,31.0
20201111,11,CO,盘锦,0.97
20201111,11,CO_24h,盘锦,1.17
20201111,12,AQI,盘锦,63.0
20201111,12,PM2.5,盘锦,45.0
20201111,12,PM2.5_24h,盘锦,49.0
20201111,12,PM10,盘锦,44.0
20201111,12,PM10_24h,盘锦,47.0
20201111,12,SO2,盘锦,16.0
20201111,12,SO2_24h,盘锦,19.0
20201111,12,NO2,盘锦,37.0
20201111,12,NO2_24h,盘锦,48.0
20201111,12,O3,盘锦,58.0
20201111,12,O3_24h,盘锦,75.0
20201111,12,O3_8h,盘锦,34.0
20201111,12,O3_8h_24h,盘锦,34.0
20201111,12,CO,盘锦,0.9
20201111,12,CO_24h,盘锦,1.17
20201111,13,AQI,盘锦,84.0
20201111,13,PM2.5,盘锦,62.0
20201111,13,PM2.5_24h,盘锦,51.0
20201111,13,PM10,盘锦,43.0
20201111,13,PM10_24h,盘锦,48.0
20201111,13,SO2,盘锦,16.0
20201111,13,SO2_24h,盘锦,18.0
20201111,13,NO2,盘锦,36.0
20201111,13,NO2_24h,盘锦,49.0
20201111,13,O3,盘锦,71.0
20201111,13,O3_24h,盘锦,79.0
20201111,13,O3_8h,盘锦,40.0
20201111,13,O3_8h_24h,盘锦,40.0
20201111,13,CO,盘锦,1.0
20201111,13,CO_24h,盘锦,1.17
20201111,14,AQI,盘锦,71.0
20201111,14,PM2.5,盘锦,52.0
20201111,14,PM2.5_24h,盘锦,51.0
20201111,14,PM10,盘锦,49.0
20201111,14,PM10_24h,盘锦,48.0
20201111,14,SO2,盘锦,12.0
20201111,14,SO2_24h,盘锦,18.0
20201111,14,NO2,盘锦,31.0
20201111,14,NO2_24h,盘锦,49.0
20201111,14,O3,盘锦,74.0
20201111,14,O3_24h,盘锦,74.0
20201111,14,O3_8h,盘锦,47.0
20201111,14,O3_8h_24h,盘锦,47.0
20201111,14,CO,盘锦,1.0
20201111,14,CO_24h,盘锦,1.17
20201111,15,AQI,盘锦,91.0
20201111,15,PM2.5,盘锦,68.0
20201111,15,PM2.5_24h,盘锦,53.0
20201111,15,PM10,盘锦,50.0
20201111,15,PM10_24h,盘锦,48.0
20201111,15,SO2,盘锦,12.0
20201111,15,SO2_24h,盘锦,18.0
20201111,15,NO2,盘锦,31.0
20201111,15,NO2_24h,盘锦,49.0
20201111,15,O3,盘锦,82.0
20201111,15,O3_24h,盘锦,82.0
20201111,15,O3_8h,盘锦,55.0
20201111,15,O3_8h_24h,盘锦,55.0
20201111,15,CO,盘锦,1.03
20201111,15,CO_24h,盘锦,1.17
20201111,16,AQI,盘锦,114.0
20201111,16,PM2.5,盘锦,86.0
20201111,16,PM2.5_24h,盘锦,54.0
20201111,16,PM10,盘锦,56.0
20201111,16,PM10_24h,盘锦,49.0
20201111,16,SO2,盘锦,12.0
20201111,16,SO2_24h,盘锦,17.0
20201111,16,NO2,盘锦,36.0
20201111,16,NO2_24h,盘锦,48.0
20201111,16,O3,盘锦,80.0
20201111,16,O3_24h,盘锦,82.0
20201111,16,O3_8h,盘锦,63.0
20201111,16,O3_8h_24h,盘锦,63.0
20201111,16,CO,盘锦,1.17
20201111,16,CO_24h,盘锦,1.13
20201111,17,AQI,盘锦,116.0
20201111,17,PM2.5,盘锦,88.0
20201111,17,PM2.5_24h,盘锦,55.0
20201111,17,PM10,盘锦,58.0
20201111,17,PM10_24h,盘锦,48.0
20201111,17,SO2,盘锦,13.0
20201111,17,SO2_24h,盘锦,17.0
20201111,17,NO2,盘锦,43.0
20201111,17,NO2_24h,盘锦,47.0
20201111,17,O3,盘锦,78.0
20201111,17,O3_24h,盘锦,82.0
20201111,17,O3_8h,盘锦,69.0
20201111,17,O3_8h_24h,盘锦,69.0
20201111,17,CO,盘锦,1.23
20201111,17,CO_24h,盘锦,1.13
20201111,18,AQI,盘锦,135.0
20201111,18,PM2.5,盘锦,103.0
20201111,18,PM2.5_24h,盘锦,57.0
20201111,18,PM10,盘锦,66.0
20201111,18,PM10_24h,盘锦,47.0
20201111,18,SO2,盘锦,16.0
20201111,18,SO2_24h,盘锦,16.0
20201111,18,NO2,盘锦,43.0
20201111,18,NO2_24h,盘锦,45.0
20201111,18,O3,盘锦,85.0
20201111,18,O3_24h,盘锦,85.0
20201111,18,O3_8h,盘锦,74.0
20201111,18,O3_8h_24h,盘锦,74.0
20201111,18,CO,盘锦,1.27
20201111,18,CO_24h,盘锦,1.13
20201111,19,AQI,盘锦,99.0
20201111,19,PM2.5,盘锦,74.0
20201111,19,PM2.5_24h,盘锦,58.0
20201111,19,PM10,盘锦,72.0
20201111,19,PM10_24h,盘锦,47.0
20201111,19,SO2,盘锦,15.0
20201111,19,SO2_24h,盘锦,16.0
20201111,19,NO2,盘锦,39.0
20201111,19,NO2_24h,盘锦,44.0
20201111,19,O3,盘锦,89.0
20201111,19,O3_24h,盘锦,89.0
20201111,19,O3_8h,盘锦,78.0
20201111,19,O3_8h_24h,盘锦,78.0
20201111,19,CO,盘锦,1.3
20201111,19,CO_24h,盘锦,1.13
20201111,20,AQI,盘锦,123.0
20201111,20,PM2.5,盘锦,93.0
20201111,20,PM2.5_24h,盘锦,61.0
20201111,20,PM10,盘锦,66.0
20201111,20,PM10_24h,盘锦,48.0
20201111,20,SO2,盘锦,15.0
20201111,20,SO2_24h,盘锦,16.0
20201111,20,NO2,盘锦,35.0
20201111,20,NO2_24h,盘锦,42.0
20201111,20,O3,盘锦,87.0
20201111,20,O3_24h,盘锦,89.0
20201111,20,O3_8h,盘锦,81.0
20201111,20,O3_8h_24h,盘锦,81.0
20201111,20,CO,盘锦,1.2
20201111,20,CO_24h,盘锦,1.17
20201111,21,AQI,盘锦,95.0
20201111,21,PM2.5,盘锦,71.0
20201111,21,PM2.5_24h,盘锦,63.0
20201111,21,PM10,盘锦,60.0
20201111,21,PM10_24h,盘锦,49.0
20201111,21,SO2,盘锦,15.0
20201111,21,SO2_24h,盘锦,17.0
20201111,21,NO2,盘锦,34.0
20201111,21,NO2_24h,盘锦,42.0
20201111,21,O3,盘锦,90.0
20201111,21,O3_24h,盘锦,92.0
20201111,21,O3_8h,盘锦,83.0
20201111,21,O3_8h_24h,盘锦,83.0
20201111,21,CO,盘锦,1.1
20201111,21,CO_24h,盘锦,1.17
20201111,22,AQI,盘锦,93.0
20201111,22,PM2.5,盘锦,69.0
20201111,22,PM2.5_24h,盘锦,65.0
20201111,22,PM10,盘锦,63.0
20201111,22,PM10_24h,盘锦,51.0
20201111,22,SO2,盘锦,16.0
20201111,22,SO2_24h,盘锦,17.0
20201111,22,NO2,盘锦,36.0
20201111,22,NO2_24h,盘锦,41.0
20201111,22,O3,盘锦,76.0
20201111,22,O3_24h,盘锦,92.0
20201111,22,O3_8h,盘锦,83.0
20201111,22,O3_8h_24h,盘锦,84.0
20201111,22,CO,盘锦,1.1
20201111,22,CO_24h,盘锦,1.17
20201111,23,AQI,盘锦,100.0
20201111,23,PM2.5,盘锦,75.0
20201111,23,PM2.5_24h,盘锦,67.0
20201111,23,PM10,盘锦,61.0
20201111,23,PM10_24h,盘锦,52.0
20201111,23,SO2,盘锦,16.0
20201111,23,SO2_24h,盘锦,17.0
20201111,23,NO2,盘锦,41.0
20201111,23,NO2_24h,盘锦,41.0
20201111,23,O3,盘锦,62.0
20201111,23,O3_24h,盘锦,92.0
20201111,23,O3_8h,盘锦,81.0
20201111,23,O3_8h_24h,盘锦,84.0
20201111,23,CO,盘锦,1.17
20201111,23,CO_24h,盘锦,1.17
20201111,0,AQI,葫芦岛,100.0
20201111,0,PM2.5,葫芦岛,75.0
20201111,0,PM2.5_24h,葫芦岛,47.0
20201111,0,PM10,葫芦岛,115.0
20201111,0,PM10_24h,葫芦岛,80.0
20201111,0,SO2,葫芦岛,13.0
20201111,0,SO2_24h,葫芦岛,35.0
20201111,0,NO2,葫芦岛,62.0
20201111,0,NO2_24h,葫芦岛,53.0
20201111,0,O3,葫芦岛,8.0
20201111,0,O3_24h,葫芦岛,47.0
20201111,0,O3_8h,葫芦岛,18.0
20201111,0,O3_8h_24h,葫芦岛,41.0
20201111,0,CO,葫芦岛,1.7
20201111,0,CO_24h,葫芦岛,1.1
20201111,1,AQI,葫芦岛,94.0
20201111,1,PM2.5,葫芦岛,70.0
20201111,1,PM2.5_24h,葫芦岛,48.0
20201111,1,PM10,葫芦岛,106.0
20201111,1,PM10_24h,葫芦岛,81.0
20201111,1,SO2,葫芦岛,14.0
20201111,1,SO2_24h,葫芦岛,34.0
20201111,1,NO2,葫芦岛,60.0
20201111,1,NO2_24h,葫芦岛,54.0
20201111,1,O3,葫芦岛,7.0
20201111,1,O3_24h,葫芦岛,47.0
20201111,1,O3_8h,葫芦岛,7.0
20201111,1,O3_8h_24h,葫芦岛,7.0
20201111,1,CO,葫芦岛,1.68
20201111,1,CO_24h,葫芦岛,1.18
20201111,2,AQI,葫芦岛,91.0
20201111,2,PM2.5,葫芦岛,68.0
20201111,2,PM2.5_24h,葫芦岛,51.0
20201111,2,PM10,葫芦岛,112.0
20201111,2,PM10_24h,葫芦岛,83.0
20201111,2,SO2,葫芦岛,16.0
20201111,2,SO2_24h,葫芦岛,33.0
20201111,2,NO2,葫芦岛,59.0
20201111,2,NO2_24h,葫芦岛,54.0
20201111,2,O3,葫芦岛,7.0
20201111,2,O3_24h,葫芦岛,47.0
20201111,2,O3_8h,葫芦岛,7.0
20201111,2,O3_8h_24h,葫芦岛,8.0
20201111,2,CO,葫芦岛,1.67
20201111,2,CO_24h,葫芦岛,1.2
20201111,3,AQI,葫芦岛,91.0
20201111,3,PM2.5,葫芦岛,68.0
20201111,3,PM2.5_24h,葫芦岛,52.0
20201111,3,PM10,葫芦岛,108.0
20201111,3,PM10_24h,葫芦岛,85.0
20201111,3,SO2,葫芦岛,17.0
20201111,3,SO2_24h,葫芦岛,33.0
20201111,3,NO2,葫芦岛,58.0
20201111,3,NO2_24h,葫芦岛,55.0
20201111,3,O3,葫芦岛,7.0
20201111,3,O3_24h,葫芦岛,47.0
20201111,3,O3_8h,葫芦岛,7.0
20201111,3,O3_8h_24h,葫芦岛,8.0
20201111,3,CO,葫芦岛,1.65
20201111,3,CO_24h,葫芦岛,1.25
20201111,4,AQI,葫芦岛,88.0
20201111,4,PM2.5,葫芦岛,65.0
20201111,4,PM2.5_24h,葫芦岛,54.0
20201111,4,PM10,葫芦岛,101.0
20201111,4,PM10_24h,葫芦岛,87.0
20201111,4,SO2,葫芦岛,16.0
20201111,4,SO2_24h,葫芦岛,33.0
20201111,4,NO2,葫芦岛,58.0
20201111,4,NO2_24h,葫芦岛,55.0
20201111,4,O3,葫芦岛,6.0
20201111,4,O3_24h,葫芦岛,47.0
20201111,4,O3_8h,葫芦岛,7.0
20201111,4,O3_8h_24h,葫芦岛,8.0
20201111,4,CO,葫芦岛,1.52
20201111,4,CO_24h,葫芦岛,1.3
20201111,5,AQI,葫芦岛,84.0
20201111,5,PM2.5,葫芦岛,62.0
20201111,5,PM2.5_24h,葫芦岛,55.0
20201111,5,PM10,葫芦岛,97.0
20201111,5,PM10_24h,葫芦岛,89.0
20201111,5,SO2,葫芦岛,16.0
20201111,5,SO2_24h,葫芦岛,33.0
20201111,5,NO2,葫芦岛,57.0
20201111,5,NO2_24h,葫芦岛,55.0
20201111,5,O3,葫芦岛,8.0
20201111,5,O3_24h,葫芦岛,47.0
20201111,5,O3_8h,葫芦岛,7.0
20201111,5,O3_8h_24h,葫芦岛,8.0
20201111,5,CO,葫芦岛,1.43
20201111,5,CO_24h,葫芦岛,1.35
20201111,6,AQI,葫芦岛,85.0
20201111,6,PM2.5,葫芦岛,63.0
20201111,6,PM2.5_24h,葫芦岛,57.0
20201111,6,PM10,葫芦岛,96.0
20201111,6,PM10_24h,葫芦岛,90.0
20201111,6,SO2,葫芦岛,20.0
20201111,6,SO2_24h,葫芦岛,32.0
20201111,6,NO2,葫芦岛,56.0
20201111,6,NO2_24h,葫芦岛,56.0
20201111,6,O3,葫芦岛,12.0
20201111,6,O3_24h,葫芦岛,47.0
20201111,6,O3_8h,葫芦岛,8.0
20201111,6,O3_8h_24h,葫芦岛,9.0
20201111,6,CO,葫芦岛,1.55
20201111,6,CO_24h,葫芦岛,1.38
20201111,8,AQI,葫芦岛,120.0
20201111,8,PM2.5,葫芦岛,91.0
20201111,8,PM2.5_24h,葫芦岛,59.0
20201111,8,PM10,葫芦岛,134.0
20201111,8,PM10_24h,葫芦岛,93.0
20201111,8,SO2,葫芦岛,24.0
20201111,8,SO2_24h,葫芦岛,31.0
20201111,8,NO2,葫芦岛,74.0
20201111,8,NO2_24h,葫芦岛,56.0
20201111,8,O3,葫芦岛,18.0
20201111,8,O3_24h,葫芦岛,47.0
20201111,8,O3_8h,葫芦岛,10.0
20201111,8,O3_8h_24h,葫芦岛,11.0
20201111,8,CO,葫芦岛,2.02
20201111,8,CO_24h,葫芦岛,1.43
20201111,10,AQI,葫芦岛,130.0
20201111,10,PM2.5,葫芦岛,99.0
20201111,10,PM2.5_24h,葫芦岛,62.0
20201111,10,PM10,葫芦岛,167.0
20201111,10,PM10_24h,葫芦岛,95.0
20201111,10,SO2,葫芦岛,35.0
20201111,10,SO2_24h,葫芦岛,29.0
20201111,10,NO2,葫芦岛,80.0
20201111,10,NO2_24h,葫芦岛,58.0
20201111,10,O3,葫芦岛,34.0
20201111,10,O3_24h,葫芦岛,48.0
20201111,10,O3_8h,葫芦岛,16.0
20201111,10,O3_8h_24h,葫芦岛,16.0
20201111,10,CO,葫芦岛,1.7
20201111,10,CO_24h,葫芦岛,1.42
20201111,11,AQI,葫芦岛,141.0
20201111,11,PM2.5,葫芦岛,108.0
20201111,11,PM2.5_24h,葫芦岛,64.0
20201111,11,PM10,葫芦岛,159.0
20201111,11,PM10_24h,葫芦岛,97.0
20201111,11,SO2,葫芦岛,41.0
20201111,11,SO2_24h,葫芦岛,25.0
20201111,11,NO2,葫芦岛,84.0
20201111,11,NO2_24h,葫芦岛,59.0
20201111,11,O3,葫芦岛,43.0
20201111,11,O3_24h,葫芦岛,49.0
20201111,11,O3_8h,葫芦岛,20.0
20201111,11,O3_8h_24h,葫芦岛,20.0
20201111,11,CO,葫芦岛,2.42
20201111,11,CO_24h,葫芦岛,1.5
20201111,12,AQI,葫芦岛,136.0
20201111,12,PM2.5,葫芦岛,104.0
20201111,12,PM2.5_24h,葫芦岛,67.0
20201111,12,PM10,葫芦岛,165.0
20201111,12,PM10_24h,葫芦岛,100.0
20201111,12,SO2,葫芦岛,40.0
20201111,12,SO2_24h,葫芦岛,22.0
20201111,12,NO2,葫芦岛,69.0
20201111,12,NO2_24h,葫芦岛,60.0
20201111,12,O3,葫芦岛,60.0
20201111,12,O3_24h,葫芦岛,60.0
20201111,12,O3_8h,葫芦岛,27.0
20201111,12,O3_8h_24h,葫芦岛,27.0
20201111,12,CO,葫芦岛,2.45
20201111,12,CO_24h,葫芦岛,1.55
20201111,13,AQI,葫芦岛,130.0
20201111,13,PM2.5,葫芦岛,99.0
20201111,13,PM2.5_24h,葫芦岛,69.0
20201111,13,PM10,葫芦岛,144.0
20201111,13,PM10_24h,葫芦岛,103.0
20201111,13,SO2,葫芦岛,39.0
20201111,13,SO2_24h,葫芦岛,22.0
20201111,13,NO2,葫芦岛,56.0
20201111,13,NO2_24h,葫芦岛,61.0
20201111,13,O3,葫芦岛,73.0
20201111,13,O3_24h,葫芦岛,73.0
20201111,13,O3_8h,葫芦岛,36.0
20201111,13,O3_8h_24h,葫芦岛,36.0
20201111,13,CO,葫芦岛,2.15
20201111,13,CO_24h,葫芦岛,1.6
20201111,14,AQI,葫芦岛,123.0
20201111,14,PM2.5,葫芦岛,93.0
20201111,14,PM2.5_24h,葫芦岛,72.0
20201111,14,PM10,葫芦岛,143.0
20201111,14,PM10_24h,葫芦岛,106.0
20201111,14,SO2,葫芦岛,37.0
20201111,14,SO2_24h,葫芦岛,22.0
20201111,14,NO2,葫芦岛,61.0
20201111,14,NO2_24h,葫芦岛,62.0
20201111,14,O3,葫芦岛,69.0
20201111,14,O3_24h,葫芦岛,73.0
20201111,14,O3_8h,葫芦岛,43.0
20201111,14,O3_8h_24h,葫芦岛,43.0
20201111,14,CO,葫芦岛,2.03
20201111,14,CO_24h,葫芦岛,1.65
20201111,15,AQI,葫芦岛,115.0
20201111,15,PM2.5,葫芦岛,87.0
20201111,15,PM2.5_24h,葫芦岛,73.0
20201111,15,PM10,葫芦岛,139.0
20201111,15,PM10_24h,葫芦岛,109.0
20201111,15,SO2,葫芦岛,35.0
20201111,15,SO2_24h,葫芦岛,22.0
20201111,15,NO2,葫芦岛,66.0
20201111,15,NO2_24h,葫芦岛,63.0
20201111,15,O3,葫芦岛,67.0
20201111,15,O3_24h,葫芦岛,73.0
20201111,15,O3_8h,葫芦岛,50.0
20201111,15,O3_8h_24h,葫芦岛,50.0
20201111,15,CO,葫芦岛,1.8
20201111,15,CO_24h,葫芦岛,1.7
20201111,16,AQI,葫芦岛,126.0
20201111,16,PM2.5,葫芦岛,96.0
20201111,16,PM2.5_24h,葫芦岛,76.0
20201111,16,PM10,葫芦岛,134.0
20201111,16,PM10_24h,葫芦岛,112.0
20201111,16,SO2,葫芦岛,27.0
20201111,16,SO2_24h,葫芦岛,23.0
20201111,16,NO2,葫芦岛,69.0
20201111,16,NO2_24h,葫芦岛,64.0
20201111,16,O3,葫芦岛,62.0
20201111,16,O3_24h,葫芦岛,73.0
20201111,16,O3_8h,葫芦岛,55.0
20201111,16,O3_8h_24h,葫芦岛,55.0
20201111,16,CO,葫芦岛,1.55
20201111,16,CO_24h,葫芦岛,1.73
20201111,17,AQI,葫芦岛,129.0
20201111,17,PM2.5,葫芦岛,98.0
20201111,17,PM2.5_24h,葫芦岛,79.0
20201111,17,PM10,葫芦岛,128.0
20201111,17,PM10_24h,葫芦岛,115.0
20201111,17,SO2,葫芦岛,22.0
20201111,17,SO2_24h,葫芦岛,23.0
20201111,17,NO2,葫芦岛,75.0
20201111,17,NO2_24h,葫芦岛,65.0
20201111,17,O3,葫芦岛,60.0
20201111,17,O3_24h,葫芦岛,73.0
20201111,17,O3_8h,葫芦岛,59.0
20201111,17,O3_8h_24h,葫芦岛,59.0
20201111,17,CO,葫芦岛,1.5
20201111,17,CO_24h,葫芦岛,1.73
20201111,18,AQI,葫芦岛,120.0
20201111,18,PM2.5,葫芦岛,91.0
20201111,18,PM2.5_24h,葫芦岛,81.0
20201111,18,PM10,葫芦岛,123.0
20201111,18,PM10_24h,葫芦岛,119.0
20201111,18,SO2,葫芦岛,19.0
20201111,18,SO2_24h,葫芦岛,23.0
20201111,18,NO2,葫芦岛,61.0
20201111,18,NO2_24h,葫芦岛,65.0
20201111,18,O3,葫芦岛,75.0
20201111,18,O3_24h,葫芦岛,80.0
20201111,18,O3_8h,葫芦岛,64.0
20201111,18,O3_8h_24h,葫芦岛,64.0
20201111,18,CO,葫芦岛,1.32
20201111,18,CO_24h,葫芦岛,1.75
20201111,19,AQI,葫芦岛,120.0
20201111,19,PM2.5,葫芦岛,91.0
20201111,19,PM2.5_24h,葫芦岛,83.0
20201111,19,PM10,葫芦岛,132.0
20201111,19,PM10_24h,葫芦岛,122.0
20201111,19,SO2,葫芦岛,18.0
20201111,19,SO2_24h,葫芦岛,23.0
20201111,19,NO2,葫芦岛,46.0
20201111,19,NO2_24h,葫芦岛,65.0
20201111,19,O3,葫芦岛,93.0
20201111,19,O3_24h,葫芦岛,93.0
20201111,19,O3_8h,葫芦岛,70.0
20201111,19,O3_8h_24h,葫芦岛,70.0
20201111,19,CO,葫芦岛,1.27
20201111,19,CO_24h,葫芦岛,1.75
20201111,20,AQI,葫芦岛,129.0
20201111,20,PM2.5,葫芦岛,98.0
20201111,20,PM2.5_24h,葫芦岛,85.0
20201111,20,PM10,葫芦岛,124.0
20201111,20,PM10_24h,葫芦岛,124.0
20201111,20,SO2,葫芦岛,19.0
20201111,20,SO2_24h,葫芦岛,23.0
20201111,20,NO2,葫芦岛,43.0
20201111,20,NO2_24h,葫芦岛,64.0
20201111,20,O3,葫芦岛,93.0
20201111,20,O3_24h,葫芦岛,96.0
20201111,20,O3_8h,葫芦岛,74.0
20201111,20,O3_8h_24h,葫芦岛,74.0
20201111,20,CO,葫芦岛,1.32
20201111,20,CO_24h,葫芦岛,1.73
20201111,21,AQI,葫芦岛,141.0
20201111,21,PM2.5,葫芦岛,108.0
20201111,21,PM2.5_24h,葫芦岛,86.0
20201111,21,PM10,葫芦岛,132.0
20201111,21,PM10_24h,葫芦岛,127.0
20201111,21,SO2,葫芦岛,16.0
20201111,21,SO2_24h,葫芦岛,23.0
20201111,21,NO2,葫芦岛,41.0
20201111,21,NO2_24h,葫芦岛,63.0
20201111,21,O3,葫芦岛,83.0
20201111,21,O3_24h,葫芦岛,96.0
20201111,21,O3_8h,葫芦岛,75.0
20201111,21,O3_8h_24h,葫芦岛,75.0
20201111,21,CO,葫芦岛,1.42
20201111,21,CO_24h,葫芦岛,1.73
20201111,22,AQI,葫芦岛,136.0
20201111,22,PM2.5,葫芦岛,104.0
20201111,22,PM2.5_24h,葫芦岛,87.0
20201111,22,PM10,葫芦岛,134.0
20201111,22,PM10_24h,葫芦岛,127.0
20201111,22,SO2,葫芦岛,15.0
20201111,22,SO2_24h,葫芦岛,23.0
20201111,22,NO2,葫芦岛,33.0
20201111,22,NO2_24h,葫芦岛,62.0
20201111,22,O3,葫芦岛,87.0
20201111,22,O3_24h,葫芦岛,98.0
20201111,22,O3_8h,葫芦岛,78.0
20201111,22,O3_8h_24h,葫芦岛,78.0
20201111,22,CO,葫芦岛,1.4
20201111,22,CO_24h,葫芦岛,1.7
20201111,23,AQI,葫芦岛,130.0
20201111,23,PM2.5,葫芦岛,99.0
20201111,23,PM2.5_24h,葫芦岛,88.0
20201111,23,PM10,葫芦岛,122.0
20201111,23,PM10_24h,葫芦岛,128.0
20201111,23,SO2,葫芦岛,14.0
20201111,23,SO2_24h,葫芦岛,23.0
20201111,23,NO2,葫芦岛,30.0
20201111,23,NO2_24h,葫芦岛,60.0
20201111,23,O3,葫芦岛,92.0
20201111,23,O3_24h,葫芦岛,98.0
20201111,23,O3_8h,葫芦岛,81.0
20201111,23,O3_8h_24h,葫芦岛,81.0
20201111,23,CO,葫芦岛,1.25
20201111,23,CO_24h,葫芦岛,1.68
20201111,0,AQI,泉州,27.0
20201111,0,PM2.5,泉州,8.0
20201111,0,PM2.5_24h,泉州,12.0
20201111,0,PM10,泉州,20.0
20201111,0,PM10_24h,泉州,45.0
20201111,0,SO2,泉州,6.0
20201111,0,SO2_24h,泉州,7.0
20201111,0,NO2,泉州,8.0
20201111,0,NO2_24h,泉州,12.0
20201111,0,O3,泉州,87.0
20201111,0,O3_24h,泉州,107.0
20201111,0,O3_8h,泉州,84.0
20201111,0,O3_8h_24h,泉州,96.0
20201111,0,CO,泉州,0.37
20201111,0,CO_24h,泉州,0.43
20201111,1,AQI,泉州,28.0
20201111,1,PM2.5,泉州,8.0
20201111,1,PM2.5_24h,泉州,12.0
20201111,1,PM10,泉州,20.0
20201111,1,PM10_24h,泉州,43.0
20201111,1,SO2,泉州,6.0
20201111,1,SO2_24h,泉州,7.0
20201111,1,NO2,泉州,8.0
20201111,1,NO2_24h,泉州,12.0
20201111,1,O3,泉州,88.0
20201111,1,O3_24h,泉州,107.0
20201111,1,O3_8h,泉州,88.0
20201111,1,O3_8h_24h,泉州,88.0
20201111,1,CO,泉州,0.37
20201111,1,CO_24h,泉州,0.43
20201111,2,AQI,泉州,27.0
20201111,2,PM2.5,泉州,8.0
20201111,2,PM2.5_24h,泉州,12.0
20201111,2,PM10,泉州,22.0
20201111,2,PM10_24h,泉州,42.0
20201111,2,SO2,泉州,6.0
20201111,2,SO2_24h,泉州,7.0
20201111,2,NO2,泉州,8.0
20201111,2,NO2_24h,泉州,12.0
20201111,2,O3,泉州,87.0
20201111,2,O3_24h,泉州,107.0
20201111,2,O3_8h,泉州,87.0
20201111,2,O3_8h_24h,泉州,88.0
20201111,2,CO,泉州,0.37
20201111,2,CO_24h,泉州,0.43
20201111,3,AQI,泉州,27.0
20201111,3,PM2.5,泉州,8.0
20201111,3,PM2.5_24h,泉州,11.0
20201111,3,PM10,泉州,20.0
20201111,3,PM10_24h,泉州,41.0
20201111,3,SO2,泉州,6.0
20201111,3,SO2_24h,泉州,7.0
20201111,3,NO2,泉州,8.0
20201111,3,NO2_24h,泉州,12.0
20201111,3,O3,泉州,85.0
20201111,3,O3_24h,泉州,107.0
20201111,3,O3_8h,泉州,86.0
20201111,3,O3_8h_24h,泉州,88.0
20201111,3,CO,泉州,0.37
20201111,3,CO_24h,泉州,0.43
20201111,4,AQI,泉州,27.0
20201111,4,PM2.5,泉州,7.0
20201111,4,PM2.5_24h,泉州,11.0
20201111,4,PM10,泉州,19.0
20201111,4,PM10_24h,泉州,40.0
20201111,4,SO2,泉州,6.0
20201111,4,SO2_24h,泉州,7.0
20201111,4,NO2,泉州,7.0
20201111,4,NO2_24h,泉州,12.0
20201111,4,O3,泉州,85.0
20201111,4,O3_24h,泉州,107.0
20201111,4,O3_8h,泉州,86.0
20201111,4,O3_8h_24h,泉州,88.0
20201111,4,CO,泉州,0.37
20201111,4,CO_24h,泉州,0.43
20201111,5,AQI,泉州,26.0
20201111,5,PM2.5,泉州,8.0
20201111,5,PM2.5_24h,泉州,11.0
20201111,5,PM10,泉州,22.0
20201111,5,PM10_24h,泉州,39.0
20201111,5,SO2,泉州,6.0
20201111,5,SO2_24h,泉州,7.0
20201111,5,NO2,泉州,8.0
20201111,5,NO2_24h,泉州,12.0
20201111,5,O3,泉州,84.0
20201111,5,O3_24h,泉州,107.0
20201111,5,O3_8h,泉州,85.0
20201111,5,O3_8h_24h,泉州,88.0
20201111,5,CO,泉州,0.37
20201111,5,CO_24h,泉州,0.43
20201111,6,AQI,泉州,26.0
20201111,6,PM2.5,泉州,8.0
20201111,6,PM2.5_24h,泉州,11.0
20201111,6,PM10,泉州,23.0
20201111,6,PM10_24h,泉州,38.0
20201111,6,SO2,泉州,6.0
20201111,6,SO2_24h,泉州,6.0
20201111,6,NO2,泉州,8.0
20201111,6,NO2_24h,泉州,11.0
20201111,6,O3,泉州,82.0
20201111,6,O3_24h,泉州,107.0
20201111,6,O3_8h,泉州,85.0
20201111,6,O3_8h_24h,泉州,88.0
20201111,6,CO,泉州,0.43
20201111,6,CO_24h,泉州,0.43
20201111,8,AQI,泉州,29.0
20201111,8,PM2.5,泉州,10.0
20201111,8,PM2.5_24h,泉州,11.0
20201111,8,PM10,泉州,29.0
20201111,8,PM10_24h,泉州,37.0
20201111,8,SO2,泉州,7.0
20201111,8,SO2_24h,泉州,6.0
20201111,8,NO2,泉州,10.0
20201111,8,NO2_24h,泉州,11.0
20201111,8,O3,泉州,80.0
20201111,8,O3_24h,泉州,107.0
20201111,8,O3_8h,泉州,84.0
20201111,8,O3_8h_24h,泉州,88.0
20201111,8,CO,泉州,0.43
20201111,8,CO_24h,泉州,0.43
20201111,10,AQI,泉州,48.0
20201111,10,PM2.5,泉州,11.0
20201111,10,PM2.5_24h,泉州,11.0
20201111,10,PM10,泉州,48.0
20201111,10,PM10_24h,泉州,37.0
20201111,10,SO2,泉州,7.0
20201111,10,SO2_24h,泉州,6.0
20201111,10,NO2,泉州,9.0
20201111,10,NO2_24h,泉州,11.0
20201111,10,O3,泉州,87.0
20201111,10,O3_24h,泉州,107.0
20201111,10,O3_8h,泉州,83.0
20201111,10,O3_8h_24h,泉州,88.0
20201111,10,CO,泉州,0.43
20201111,10,CO_24h,泉州,0.43
20201111,11,AQI,泉州,51.0
20201111,11,PM2.5,泉州,13.0
20201111,11,PM2.5_24h,泉州,11.0
20201111,11,PM10,泉州,51.0
20201111,11,PM10_24h,泉州,36.0
20201111,11,SO2,泉州,6.0
20201111,11,SO2_24h,泉州,6.0
20201111,11,NO2,泉州,10.0
20201111,11,NO2_24h,泉州,10.0
20201111,11,O3,泉州,91.0
20201111,11,O3_24h,泉州,107.0
20201111,11,O3_8h,泉州,84.0
20201111,11,O3_8h_24h,泉州,88.0
20201111,11,CO,泉州,0.4
20201111,11,CO_24h,泉州,0.43
20201111,12,AQI,泉州,55.0
20201111,12,PM2.5,泉州,17.0
20201111,12,PM2.5_24h,泉州,11.0
20201111,12,PM10,泉州,60.0
20201111,12,PM10_24h,泉州,37.0
20201111,12,SO2,泉州,6.0
20201111,12,SO2_24h,泉州,6.0
20201111,12,NO2,泉州,10.0
20201111,12,NO2_24h,泉州,10.0
20201111,12,O3,泉州,97.0
20201111,12,O3_24h,泉州,107.0
20201111,12,O3_8h,泉州,85.0
20201111,12,O3_8h_24h,泉州,88.0
20201111,12,CO,泉州,0.47
20201111,12,CO_24h,泉州,0.43
20201111,13,AQI,泉州,54.0
20201111,13,PM2.5,泉州,15.0
20201111,13,PM2.5_24h,泉州,11.0
20201111,13,PM10,泉州,57.0
20201111,13,PM10_24h,泉州,38.0
20201111,13,SO2,泉州,7.0
20201111,13,SO2_24h,泉州,6.0
20201111,13,NO2,泉州,9.0
20201111,13,NO2_24h,泉州,10.0
20201111,13,O3,泉州,102.0
20201111,13,O3_24h,泉州,107.0
20201111,13,O3_8h,泉州,88.0
20201111,13,O3_8h_24h,泉州,88.0
20201111,13,CO,泉州,0.43
20201111,13,CO_24h,泉州,0.43
20201111,14,AQI,泉州,49.0
20201111,14,PM2.5,泉州,12.0
20201111,14,PM2.5_24h,泉州,11.0
20201111,14,PM10,泉州,49.0
20201111,14,PM10_24h,泉州,38.0
20201111,14,SO2,泉州,6.0
20201111,14,SO2_24h,泉州,6.0
20201111,14,NO2,泉州,8.0
20201111,14,NO2_24h,泉州,10.0
20201111,14,O3,泉州,104.0
20201111,14,O3_24h,泉州,107.0
20201111,14,O3_8h,泉州,91.0
20201111,14,O3_8h_24h,泉州,91.0
20201111,14,CO,泉州,0.4
20201111,14,CO_24h,泉州,0.4
20201111,15,AQI,泉州,55.0
20201111,15,PM2.5,泉州,11.0
20201111,15,PM2.5_24h,泉州,11.0
20201111,15,PM10,泉州,59.0
20201111,15,PM10_24h,泉州,37.0
20201111,15,SO2,泉州,6.0
20201111,15,SO2_24h,泉州,6.0
20201111,15,NO2,泉州,9.0
20201111,15,NO2_24h,泉州,10.0
20201111,15,O3,泉州,103.0
20201111,15,O3_24h,泉州,104.0
20201111,15,O3_8h,泉州,94.0
20201111,15,O3_8h_24h,泉州,94.0
20201111,15,CO,泉州,0.37
20201111,15,CO_24h,泉州,0.4
20201111,16,AQI,泉州,58.0
20201111,16,PM2.5,泉州,15.0
20201111,16,PM2.5_24h,泉州,11.0
20201111,16,PM10,泉州,65.0
20201111,16,PM10_24h,泉州,37.0
20201111,16,SO2,泉州,7.0
20201111,16,SO2_24h,泉州,6.0
20201111,16,NO2,泉州,11.0
20201111,16,NO2_24h,泉州,10.0
20201111,16,O3,泉州,103.0
20201111,16,O3_24h,泉州,104.0
20201111,16,O3_8h,泉州,96.0
20201111,16,O3_8h_24h,泉州,96.0
20201111,16,CO,泉州,0.37
20201111,16,CO_24h,泉州,0.4
20201111,17,AQI,泉州,58.0
20201111,17,PM2.5,泉州,15.0
20201111,17,PM2.5_24h,泉州,11.0
20201111,17,PM10,泉州,66.0
20201111,17,PM10_24h,泉州,37.0
20201111,17,SO2,泉州,7.0
20201111,17,SO2_24h,泉州,6.0
20201111,17,NO2,泉州,14.0
20201111,17,NO2_24h,泉州,10.0
20201111,17,O3,泉州,97.0
20201111,17,O3_24h,泉州,104.0
20201111,17,O3_8h,泉州,98.0
20201111,17,O3_8h_24h,泉州,98.0
20201111,17,CO,泉州,0.4
20201111,17,CO_24h,泉州,0.4
20201111,18,AQI,泉州,56.0
20201111,18,PM2.5,泉州,14.0
20201111,18,PM2.5_24h,泉州,11.0
20201111,18,PM10,泉州,61.0
20201111,18,PM10_24h,泉州,38.0
20201111,18,SO2,泉州,7.0
20201111,18,SO2_24h,泉州,6.0
20201111,18,NO2,泉州,16.0
20201111,18,NO2_24h,泉州,10.0
20201111,18,O3,泉州,89.0
20201111,18,O3_24h,泉州,104.0
20201111,18,O3_8h,泉州,98.0
20201111,18,O3_8h_24h,泉州,98.0
20201111,18,CO,泉州,0.4
20201111,18,CO_24h,泉州,0.4
20201111,19,AQI,泉州,39.0
20201111,19,PM2.5,泉州,10.0
20201111,19,PM2.5_24h,泉州,11.0
20201111,19,PM10,泉州,39.0
20201111,19,PM10_24h,泉州,37.0
20201111,19,SO2,泉州,6.0
20201111,19,SO2_24h,泉州,6.0
20201111,19,NO2,泉州,12.0
20201111,19,NO2_24h,泉州,10.0
20201111,19,O3,泉州,89.0
20201111,19,O3_24h,泉州,104.0
20201111,19,O3_8h,泉州,98.0
20201111,19,O3_8h_24h,泉州,98.0
20201111,19,CO,泉州,0.4
20201111,19,CO_24h,泉州,0.37
20201111,20,AQI,泉州,33.0
20201111,20,PM2.5,泉州,9.0
20201111,20,PM2.5_24h,泉州,11.0
20201111,20,PM10,泉州,33.0
20201111,20,PM10_24h,泉州,38.0
20201111,20,SO2,泉州,6.0
20201111,20,SO2_24h,泉州,6.0
20201111,20,NO2,泉州,12.0
20201111,20,NO2_24h,泉州,10.0
20201111,20,O3,泉州,90.0
20201111,20,O3_24h,泉州,104.0
20201111,20,O3_8h,泉州,97.0
20201111,20,O3_8h_24h,泉州,98.0
20201111,20,CO,泉州,0.37
20201111,20,CO_24h,泉州,0.37
20201111,21,AQI,泉州,35.0
20201111,21,PM2.5,泉州,10.0
20201111,21,PM2.5_24h,泉州,11.0
20201111,21,PM10,泉州,35.0
20201111,21,PM10_24h,泉州,38.0
20201111,21,SO2,泉州,6.0
20201111,21,SO2_24h,泉州,6.0
20201111,21,NO2,泉州,11.0
20201111,21,NO2_24h,泉州,10.0
20201111,21,O3,泉州,94.0
20201111,21,O3_24h,泉州,104.0
20201111,21,O3_8h,泉州,96.0
20201111,21,O3_8h_24h,泉州,98.0
20201111,21,CO,泉州,0.37
20201111,21,CO_24h,泉州,0.37
20201111,22,AQI,泉州,30.0
20201111,22,PM2.5,泉州,11.0
20201111,22,PM2.5_24h,泉州,11.0
20201111,22,PM10,泉州,28.0
20201111,22,PM10_24h,泉州,38.0
20201111,22,SO2,泉州,6.0
20201111,22,SO2_24h,泉州,6.0
20201111,22,NO2,泉州,10.0
20201111,22,NO2_24h,泉州,10.0
20201111,22,O3,泉州,97.0
20201111,22,O3_24h,泉州,104.0
20201111,22,O3_8h,泉州,95.0
20201111,22,O3_8h_24h,泉州,98.0
20201111,22,CO,泉州,0.43
20201111,22,CO_24h,泉州,0.37
20201111,23,AQI,泉州,31.0
20201111,23,PM2.5,泉州,12.0
20201111,23,PM2.5_24h,泉州,11.0
20201111,23,PM10,泉州,26.0
20201111,23,PM10_24h,泉州,38.0
20201111,23,SO2,泉州,6.0
20201111,23,SO2_24h,泉州,6.0
20201111,23,NO2,泉州,8.0
20201111,23,NO2_24h,泉州,10.0
20201111,23,O3,泉州,98.0
20201111,23,O3_24h,泉州,104.0
20201111,23,O3_8h,泉州,94.0
20201111,23,O3_8h_24h,泉州,98.0
20201111,23,CO,泉州,0.4
20201111,23,CO_24h,泉州,0.37
20201111,0,AQI,临沂,131.0
20201111,0,PM2.5,临沂,100.0
20201111,0,PM2.5_24h,临沂,78.0
20201111,0,PM10,临沂,153.0
20201111,0,PM10_24h,临沂,155.0
20201111,0,SO2,临沂,24.0
20201111,0,SO2_24h,临沂,21.0
20201111,0,NO2,临沂,84.0
20201111,0,NO2_24h,临沂,72.0
20201111,0,O3,临沂,25.0
20201111,0,O3_24h,临沂,118.0
20201111,0,O3_8h,临沂,46.0
20201111,0,O3_8h_24h,临沂,89.0
20201111,0,CO,临沂,1.05
20201111,0,CO_24h,临沂,1.2
20201111,1,AQI,临沂,126.0
20201111,1,PM2.5,临沂,96.0
20201111,1,PM2.5_24h,临沂,78.0
20201111,1,PM10,临沂,163.0
20201111,1,PM10_24h,临沂,154.0
20201111,1,SO2,临沂,26.0
20201111,1,SO2_24h,临沂,22.0
20201111,1,NO2,临沂,76.0
20201111,1,NO2_24h,临沂,71.0
20201111,1,O3,临沂,25.0
20201111,1,O3_24h,临沂,118.0
20201111,1,O3_8h,临沂,25.0
20201111,1,O3_8h_24h,临沂,25.0
20201111,1,CO,临沂,1.05
20201111,1,CO_24h,临沂,1.18
20201111,2,AQI,临沂,121.0
20201111,2,PM2.5,临沂,92.0
20201111,2,PM2.5_24h,临沂,78.0
20201111,2,PM10,临沂,156.0
20201111,2,PM10_24h,临沂,154.0
20201111,2,SO2,临沂,27.0
20201111,2,SO2_24h,临沂,22.0
20201111,2,NO2,临沂,71.0
20201111,2,NO2_24h,临沂,70.0
20201111,2,O3,临沂,23.0
20201111,2,O3_24h,临沂,118.0
20201111,2,O3_8h,临沂,24.0
20201111,2,O3_8h_24h,临沂,27.0
20201111,2,CO,临沂,1.0
20201111,2,CO_24h,临沂,1.13
20201111,3,AQI,临沂,116.0
20201111,3,PM2.5,临沂,88.0
20201111,3,PM2.5_24h,临沂,77.0
20201111,3,PM10,临沂,159.0
20201111,3,PM10_24h,临沂,152.0
20201111,3,SO2,临沂,20.0
20201111,3,SO2_24h,临沂,22.0
20201111,3,NO2,临沂,74.0
20201111,3,NO2_24h,临沂,69.0
20201111,3,O3,临沂,17.0
20201111,3,O3_24h,临沂,118.0
20201111,3,O3_8h,临沂,22.0
20201111,3,O3_8h_24h,临沂,27.0
20201111,3,CO,临沂,1.02
20201111,3,CO_24h,临沂,1.1
20201111,4,AQI,临沂,125.0
20201111,4,PM2.5,临沂,95.0
20201111,4,PM2.5_24h,临沂,78.0
20201111,4,PM10,临沂,154.0
20201111,4,PM10_24h,临沂,151.0
20201111,4,SO2,临沂,21.0
20201111,4,SO2_24h,临沂,23.0
20201111,4,NO2,临沂,77.0
20201111,4,NO2_24h,临沂,69.0
20201111,4,O3,临沂,13.0
20201111,4,O3_24h,临沂,118.0
20201111,4,O3_8h,临沂,19.0
20201111,4,O3_8h_24h,临沂,27.0
20201111,4,CO,临沂,1.13
20201111,4,CO_24h,临沂,1.07
20201111,5,AQI,临沂,133.0
20201111,5,PM2.5,临沂,101.0
20201111,5,PM2.5_24h,临沂,78.0
20201111,5,PM10,临沂,167.0
20201111,5,PM10_24h,临沂,151.0
20201111,5,SO2,临沂,16.0
20201111,5,SO2_24h,临沂,23.0
20201111,5,NO2,临沂,77.0
20201111,5,NO2_24h,临沂,68.0
20201111,5,O3,临沂,9.0
20201111,5,O3_24h,临沂,118.0
20201111,5,O3_8h,临沂,17.0
20201111,5,O3_8h_24h,临沂,27.0
20201111,5,CO,临沂,1.2
20201111,5,CO_24h,临沂,1.07
20201111,6,AQI,临沂,139.0
20201111,6,PM2.5,临沂,106.0
20201111,6,PM2.5_24h,临沂,80.0
20201111,6,PM10,临沂,167.0
20201111,6,PM10_24h,临沂,151.0
20201111,6,SO2,临沂,13.0
20201111,6,SO2_24h,临沂,23.0
20201111,6,NO2,临沂,77.0
20201111,6,NO2_24h,临沂,68.0
20201111,6,O3,临沂,6.0
20201111,6,O3_24h,临沂,118.0
20201111,6,O3_8h,临沂,15.0
20201111,6,O3_8h_24h,临沂,27.0
20201111,6,CO,临沂,1.32
20201111,6,CO_24h,临沂,1.07
20201111,8,AQI,临沂,140.0
20201111,8,PM2.5,临沂,107.0
20201111,8,PM2.5_24h,临沂,83.0
20201111,8,PM10,临沂,171.0
20201111,8,PM10_24h,临沂,152.0
20201111,8,SO2,临沂,16.0
20201111,8,SO2_24h,临沂,22.0
20201111,8,NO2,临沂,79.0
20201111,8,NO2_24h,临沂,68.0
20201111,8,O3,临沂,7.0
20201111,8,O3_24h,临沂,118.0
20201111,8,O3_8h,临沂,13.0
20201111,8,O3_8h_24h,临沂,27.0
20201111,8,CO,临沂,1.58
20201111,8,CO_24h,临沂,1.07
20201111,10,AQI,临沂,123.0
20201111,10,PM2.5,临沂,93.0
20201111,10,PM2.5_24h,临沂,85.0
20201111,10,PM10,临沂,195.0
20201111,10,PM10_24h,临沂,155.0
20201111,10,SO2,临沂,28.0
20201111,10,SO2_24h,临沂,22.0
20201111,10,NO2,临沂,72.0
20201111,10,NO2_24h,临沂,69.0
20201111,10,O3,临沂,39.0
20201111,10,O3_24h,临沂,118.0
20201111,10,O3_8h,临沂,15.0
20201111,10,O3_8h_24h,临沂,28.0
20201111,10,CO,临沂,1.53
20201111,10,CO_24h,临沂,1.07
20201111,11,AQI,临沂,118.0
20201111,11,PM2.5,临沂,71.0
20201111,11,PM2.5_24h,临沂,84.0
20201111,11,PM10,临沂,186.0
20201111,11,PM10_24h,临沂,155.0
20201111,11,SO2,临沂,25.0
20201111,11,SO2_24h,临沂,21.0
20201111,11,NO2,临沂,55.0
20201111,11,NO2_24h,临沂,68.0
20201111,11,O3,临沂,73.0
20201111,11,O3_24h,临沂,118.0
20201111,11,O3_8h,临沂,22.0
20201111,11,O3_8h_24h,临沂,31.0
20201111,11,CO,临沂,1.42
20201111,11,CO_24h,临沂,1.1
20201111,12,AQI,临沂,97.0
20201111,12,PM2.5,临沂,53.0
20201111,12,PM2.5_24h,临沂,83.0
20201111,12,PM10,临沂,144.0
20201111,12,PM10_24h,临沂,154.0
20201111,12,SO2,临沂,18.0
20201111,12,SO2_24h,临沂,20.0
20201111,12,NO2,临沂,32.0
20201111,12,NO2_24h,临沂,67.0
20201111,12,O3,临沂,107.0
20201111,12,O3_24h,临沂,118.0
20201111,12,O3_8h,临沂,33.0
20201111,12,O3_8h_24h,临沂,37.0
20201111,12,CO,临沂,0.95
20201111,12,CO_24h,临沂,1.1
20201111,13,AQI,临沂,82.0
20201111,13,PM2.5,临沂,55.0
20201111,13,PM2.5_24h,临沂,82.0
20201111,13,PM10,临沂,114.0
20201111,13,PM10_24h,临沂,151.0
20201111,13,SO2,临沂,14.0
20201111,13,SO2_24h,临沂,19.0
20201111,13,NO2,临沂,27.0
20201111,13,NO2_24h,临沂,66.0
20201111,13,O3,临沂,118.0
20201111,13,O3_24h,临沂,119.0
20201111,13,O3_8h,临沂,47.0
20201111,13,O3_8h_24h,临沂,47.0
20201111,13,CO,临沂,0.82
20201111,13,CO_24h,临沂,1.1
20201111,14,AQI,临沂,78.0
20201111,14,PM2.5,临沂,45.0
20201111,14,PM2.5_24h,临沂,81.0
20201111,14,PM10,临沂,106.0
20201111,14,PM10_24h,临沂,149.0
20201111,14,SO2,临沂,12.0
20201111,14,SO2_24h,临沂,19.0
20201111,14,NO2,临沂,22.0
20201111,14,NO2_24h,临沂,64.0
20201111,14,O3,临沂,128.0
20201111,14,O3_24h,临沂,128.0
20201111,14,O3_8h,临沂,62.0
20201111,14,O3_8h_24h,临沂,62.0
20201111,14,CO,临沂,0.68
20201111,14,CO_24h,临沂,1.05
20201111,15,AQI,临沂,71.0
20201111,15,PM2.5,临沂,42.0
20201111,15,PM2.5_24h,临沂,81.0
20201111,15,PM10,临沂,92.0
20201111,15,PM10_24h,临沂,147.0
20201111,15,SO2,临沂,11.0
20201111,15,SO2_24h,临沂,19.0
20201111,15,NO2,临沂,22.0
20201111,15,NO2_24h,临沂,64.0
20201111,15,O3,临沂,129.0
20201111,15,O3_24h,临沂,129.0
20201111,15,O3_8h,临沂,78.0
20201111,15,O3_8h_24h,临沂,78.0
20201111,15,CO,临沂,0.7
20201111,15,CO_24h,临沂,1.05
20201111,16,AQI,临沂,66.0
20201111,16,PM2.5,临沂,43.0
20201111,16,PM2.5_24h,临沂,80.0
20201111,16,PM10,临沂,82.0
20201111,16,PM10_24h,临沂,145.0
20201111,16,SO2,临沂,12.0
20201111,16,SO2_24h,临沂,19.0
20201111,16,NO2,临沂,24.0
20201111,16,NO2_24h,临沂,64.0
20201111,16,O3,临沂,129.0
20201111,16,O3_24h,临沂,131.0
20201111,16,O3_8h,临沂,93.0
20201111,16,O3_8h_24h,临沂,93.0
20201111,16,CO,临沂,0.63
20201111,16,CO_24h,临沂,1.05
20201111,17,AQI,临沂,69.0
20201111,17,PM2.5,临沂,50.0
20201111,17,PM2.5_24h,临沂,79.0
20201111,17,PM10,临沂,83.0
20201111,17,PM10_24h,临沂,144.0
20201111,17,SO2,临沂,12.0
20201111,17,SO2_24h,临沂,18.0
20201111,17,NO2,临沂,31.0
20201111,17,NO2_24h,临沂,63.0
20201111,17,O3,临沂,128.0
20201111,17,O3_24h,临沂,133.0
20201111,17,O3_8h,临沂,106.0
20201111,17,O3_8h_24h,临沂,106.0
20201111,17,CO,临沂,0.6
20201111,17,CO_24h,临沂,1.05
20201111,18,AQI,临沂,74.0
20201111,18,PM2.5,临沂,53.0
20201111,18,PM2.5_24h,临沂,79.0
20201111,18,PM10,临沂,98.0
20201111,18,PM10_24h,临沂,143.0
20201111,18,SO2,临沂,11.0
20201111,18,SO2_24h,临沂,18.0
20201111,18,NO2,临沂,52.0
20201111,18,NO2_24h,临沂,63.0
20201111,18,O3,临沂,96.0
20201111,18,O3_24h,临沂,133.0
20201111,18,O3_8h,临沂,113.0
20201111,18,O3_8h_24h,临沂,113.0
20201111,18,CO,临沂,0.7
20201111,18,CO_24h,临沂,1.05
20201111,19,AQI,临沂,84.0
20201111,19,PM2.5,临沂,62.0
20201111,19,PM2.5_24h,临沂,79.0
20201111,19,PM10,临沂,112.0
20201111,19,PM10_24h,临沂,143.0
20201111,19,SO2,临沂,13.0
20201111,19,SO2_24h,临沂,18.0
20201111,19,NO2,临沂,68.0
20201111,19,NO2_24h,临沂,63.0
20201111,19,O3,临沂,67.0
20201111,19,O3_24h,临沂,133.0
20201111,19,O3_8h,临沂,113.0
20201111,19,O3_8h_24h,临沂,114.0
20201111,19,CO,临沂,0.8
20201111,19,CO_24h,临沂,1.05
20201111,20,AQI,临沂,99.0
20201111,20,PM2.5,临沂,74.0
20201111,20,PM2.5_24h,临沂,79.0
20201111,20,PM10,临沂,132.0
20201111,20,PM10_24h,临沂,142.0
20201111,20,SO2,临沂,15.0
20201111,20,SO2_24h,临沂,18.0
20201111,20,NO2,临沂,66.0
20201111,20,NO2_24h,临沂,63.0
20201111,20,O3,临沂,62.0
20201111,20,O3_24h,临沂,133.0
20201111,20,O3_8h,临沂,107.0
20201111,20,O3_8h_24h,临沂,114.0
20201111,20,CO,临沂,0.85
20201111,20,CO_24h,临沂,1.02
20201111,21,AQI,临沂,100.0
20201111,21,PM2.5,临沂,75.0
20201111,21,PM2.5_24h,临沂,79.0
20201111,21,PM10,临沂,144.0
20201111,21,PM10_24h,临沂,142.0
20201111,21,SO2,临沂,12.0
20201111,21,SO2_24h,临沂,17.0
20201111,21,NO2,临沂,66.0
20201111,21,NO2_24h,临沂,62.0
20201111,21,O3,临沂,57.0
20201111,21,O3_24h,临沂,133.0
20201111,21,O3_8h,临沂,100.0
20201111,21,O3_8h_24h,临沂,114.0
20201111,21,CO,临沂,0.9
20201111,21,CO_24h,临沂,1.05
20201111,22,AQI,临沂,95.0
20201111,22,PM2.5,临沂,71.0
20201111,22,PM2.5_24h,临沂,78.0
20201111,22,PM10,临沂,134.0
20201111,22,PM10_24h,临沂,142.0
20201111,22,SO2,临沂,17.0
20201111,22,SO2_24h,临沂,17.0
20201111,22,NO2,临沂,61.0
20201111,22,NO2_24h,临沂,61.0
20201111,22,O3,临沂,51.0
20201111,22,O3_24h,临沂,133.0
20201111,22,O3_8h,临沂,90.0
20201111,22,O3_8h_24h,临沂,114.0
20201111,22,CO,临沂,0.82
20201111,22,CO_24h,临沂,1.02
20201111,23,AQI,临沂,88.0
20201111,23,PM2.5,临沂,63.0
20201111,23,PM2.5_24h,临沂,77.0
20201111,23,PM10,临沂,125.0
20201111,23,PM10_24h,临沂,141.0
20201111,23,SO2,临沂,16.0
20201111,23,SO2_24h,临沂,17.0
20201111,23,NO2,临沂,62.0
20201111,23,NO2_24h,临沂,60.0
20201111,23,O3,临沂,40.0
20201111,23,O3_24h,临沂,133.0
20201111,23,O3_8h,临沂,79.0
20201111,23,O3_8h_24h,临沂,114.0
20201111,23,CO,临沂,0.8
20201111,23,CO_24h,临沂,1.02
20201111,0,AQI,德州,126.0
20201111,0,PM2.5,德州,96.0
20201111,0,PM2.5_24h,德州,72.0
20201111,0,PM10,德州,180.0
20201111,0,PM10_24h,德州,163.0
20201111,0,SO2,德州,23.0
20201111,0,SO2_24h,德州,18.0
20201111,0,NO2,德州,58.0
20201111,0,NO2_24h,德州,59.0
20201111,0,O3,德州,48.0
20201111,0,O3_24h,德州,107.0
20201111,0,O3_8h,德州,52.0
20201111,0,O3_8h_24h,德州,86.0
20201111,0,CO,德州,1.13
20201111,0,CO_24h,德州,1.03
20201111,1,AQI,德州,126.0
20201111,1,PM2.5,德州,96.0
20201111,1,PM2.5_24h,德州,74.0
20201111,1,PM10,德州,180.0
20201111,1,PM10_24h,德州,165.0
20201111,1,SO2,德州,22.0
20201111,1,SO2_24h,德州,19.0
20201111,1,NO2,德州,58.0
20201111,1,NO2_24h,德州,59.0
20201111,1,O3,德州,46.0
20201111,1,O3_24h,德州,107.0
20201111,1,O3_8h,德州,46.0
20201111,1,O3_8h_24h,德州,46.0
20201111,1,CO,德州,1.0
20201111,1,CO_24h,德州,1.03
20201111,2,AQI,德州,129.0
20201111,2,PM2.5,德州,98.0
20201111,2,PM2.5_24h,德州,75.0
20201111,2,PM10,德州,182.0
20201111,2,PM10_24h,德州,167.0
20201111,2,SO2,德州,22.0
20201111,2,SO2_24h,德州,19.0
20201111,2,NO2,德州,71.0
20201111,2,NO2_24h,德州,60.0
20201111,2,O3,德州,34.0
20201111,2,O3_24h,德州,107.0
20201111,2,O3_8h,德州,40.0
20201111,2,O3_8h_24h,德州,46.0
20201111,2,CO,德州,1.03
20201111,2,CO_24h,德州,1.03
20201111,3,AQI,德州,133.0
20201111,3,PM2.5,德州,101.0
20201111,3,PM2.5_24h,德州,77.0
20201111,3,PM10,德州,189.0
20201111,3,PM10_24h,德州,169.0
20201111,3,SO2,德州,22.0
20201111,3,SO2_24h,德州,19.0
20201111,3,NO2,德州,79.0
20201111,3,NO2_24h,德州,61.0
20201111,3,O3,德州,27.0
20201111,3,O3_24h,德州,107.0
20201111,3,O3_8h,德州,36.0
20201111,3,O3_8h_24h,德州,46.0
20201111,3,CO,德州,1.1
20201111,3,CO_24h,德州,1.03
20201111,4,AQI,德州,136.0
20201111,4,PM2.5,德州,104.0
20201111,4,PM2.5_24h,德州,79.0
20201111,4,PM10,德州,194.0
20201111,4,PM10_24h,德州,171.0
20201111,4,SO2,德州,26.0
20201111,4,SO2_24h,德州,20.0
20201111,4,NO2,德州,82.0
20201111,4,NO2_24h,德州,61.0
20201111,4,O3,德州,23.0
20201111,4,O3_24h,德州,107.0
20201111,4,O3_8h,德州,33.0
20201111,4,O3_8h_24h,德州,46.0
20201111,4,CO,德州,1.23
20201111,4,CO_24h,德州,1.03
20201111,5,AQI,德州,131.0
20201111,5,PM2.5,德州,100.0
20201111,5,PM2.5_24h,德州,80.0
20201111,5,PM10,德州,192.0
20201111,5,PM10_24h,德州,173.0
20201111,5,SO2,德州,27.0
20201111,5,SO2_24h,德州,20.0
20201111,5,NO2,德州,76.0
20201111,5,NO2_24h,德州,62.0
20201111,5,O3,德州,25.0
20201111,5,O3_24h,德州,107.0
20201111,5,O3_8h,德州,31.0
20201111,5,O3_8h_24h,德州,46.0
20201111,5,CO,德州,1.2
20201111,5,CO_24h,德州,1.03
20201111,6,AQI,德州,126.0
20201111,6,PM2.5,德州,96.0
20201111,6,PM2.5_24h,德州,82.0
20201111,6,PM10,德州,183.0
20201111,6,PM10_24h,德州,175.0
20201111,6,SO2,德州,25.0
20201111,6,SO2_24h,德州,20.0
20201111,6,NO2,德州,66.0
20201111,6,NO2_24h,德州,62.0
20201111,6,O3,德州,31.0
20201111,6,O3_24h,德州,107.0
20201111,6,O3_8h,德州,31.0
20201111,6,O3_8h_24h,德州,46.0
20201111,6,CO,德州,1.23
20201111,6,CO_24h,德州,1.03
20201111,8,AQI,德州,124.0
20201111,8,PM2.5,德州,94.0
20201111,8,PM2.5_24h,德州,84.0
20201111,8,PM10,德州,184.0
20201111,8,PM10_24h,德州,177.0
20201111,8,SO2,德州,25.0
20201111,8,SO2_24h,德州,21.0
20201111,8,NO2,德州,65.0
20201111,8,NO2_24h,德州,61.0
20201111,8,O3,德州,30.0
20201111,8,O3_24h,德州,107.0
20201111,8,O3_8h,德州,31.0
20201111,8,O3_8h_24h,德州,46.0
20201111,8,CO,德州,1.43
20201111,8,CO_24h,德州,1.03
20201111,10,AQI,德州,118.0
20201111,10,PM2.5,德州,82.0
20201111,10,PM2.5_24h,德州,85.0
20201111,10,PM10,德州,186.0
20201111,10,PM10_24h,德州,178.0
20201111,10,SO2,德州,25.0
20201111,10,SO2_24h,德州,21.0
20201111,10,NO2,德州,48.0
20201111,10,NO2_24h,德州,60.0
20201111,10,O3,德州,62.0
20201111,10,O3_24h,德州,107.0
20201111,10,O3_8h,德州,34.0
20201111,10,O3_8h_24h,德州,46.0
20201111,10,CO,德州,1.23
20201111,10,CO_24h,德州,1.1
20201111,11,AQI,德州,117.0
20201111,11,PM2.5,德州,67.0
20201111,11,PM2.5_24h,德州,85.0
20201111,11,PM10,德州,184.0
20201111,11,PM10_24h,德州,179.0
20201111,11,SO2,德州,20.0
20201111,11,SO2_24h,德州,21.0
20201111,11,NO2,德州,38.0
20201111,11,NO2_24h,德州,59.0
20201111,11,O3,德州,92.0
20201111,11,O3_24h,德州,107.0
20201111,11,O3_8h,德州,42.0
20201111,11,O3_8h_24h,德州,47.0
20201111,11,CO,德州,1.0
20201111,11,CO_24h,德州,1.1
20201111,12,AQI,德州,116.0
20201111,12,PM2.5,德州,63.0
20201111,12,PM2.5_24h,德州,85.0
20201111,12,PM10,德州,182.0
20201111,12,PM10_24h,德州,179.0
20201111,12,SO2,德州,18.0
20201111,12,SO2_24h,德州,21.0
20201111,12,NO2,德州,29.0
20201111,12,NO2_24h,德州,58.0
20201111,12,O3,德州,127.0
20201111,12,O3_24h,德州,127.0
20201111,12,O3_8h,德州,55.0
20201111,12,O3_8h_24h,德州,55.0
20201111,12,CO,德州,0.93
20201111,12,CO_24h,德州,1.07
20201111,13,AQI,德州,115.0
20201111,13,PM2.5,德州,59.0
20201111,13,PM2.5_24h,德州,84.0
20201111,13,PM10,德州,180.0
20201111,13,PM10_24h,德州,180.0
20201111,13,SO2,德州,18.0
20201111,13,SO2_24h,德州,21.0
20201111,13,NO2,德州,26.0
20201111,13,NO2_24h,德州,58.0
20201111,13,O3,德州,149.0
20201111,13,O3_24h,德州,149.0
20201111,13,O3_8h,德州,71.0
20201111,13,O3_8h_24h,德州,71.0
20201111,13,CO,德州,0.9
20201111,13,CO_24h,德州,1.07
20201111,14,AQI,德州,111.0
20201111,14,PM2.5,德州,55.0
20201111,14,PM2.5_24h,德州,84.0
20201111,14,PM10,德州,171.0
20201111,14,PM10_24h,德州,180.0
20201111,14,SO2,德州,16.0
20201111,14,SO2_24h,德州,21.0
20201111,14,NO2,德州,24.0
20201111,14,NO2_24h,德州,57.0
20201111,14,O3,德州,160.0
20201111,14,O3_24h,德州,160.0
20201111,14,O3_8h,德州,87.0
20201111,14,O3_8h_24h,德州,87.0
20201111,14,CO,德州,0.83
20201111,14,CO_24h,德州,1.07
20201111,15,AQI,德州,108.0
20201111,15,PM2.5,德州,57.0
20201111,15,PM2.5_24h,德州,84.0
20201111,15,PM10,德州,165.0
20201111,15,PM10_24h,德州,180.0
20201111,15,SO2,德州,16.0
20201111,15,SO2_24h,德州,20.0
20201111,15,NO2,德州,27.0
20201111,15,NO2_24h,德州,57.0
20201111,15,O3,德州,161.0
20201111,15,O3_24h,德州,162.0
20201111,15,O3_8h,德州,103.0
20201111,15,O3_8h_24h,德州,103.0
20201111,15,CO,德州,0.87
20201111,15,CO_24h,德州,1.07
20201111,16,AQI,德州,105.0
20201111,16,PM2.5,德州,56.0
20201111,16,PM2.5_24h,德州,83.0
20201111,16,PM10,德州,159.0
20201111,16,PM10_24h,德州,181.0
20201111,16,SO2,德州,16.0
20201111,16,SO2_24h,德州,20.0
20201111,16,NO2,德州,29.0
20201111,16,NO2_24h,德州,57.0
20201111,16,O3,德州,163.0
20201111,16,O3_24h,德州,163.0
20201111,16,O3_8h,德州,119.0
20201111,16,O3_8h_24h,德州,119.0
20201111,16,CO,德州,0.83
20201111,16,CO_24h,德州,1.07
20201111,17,AQI,德州,99.0
20201111,17,PM2.5,德州,55.0
20201111,17,PM2.5_24h,德州,83.0
20201111,17,PM10,德州,147.0
20201111,17,PM10_24h,德州,180.0
20201111,17,SO2,德州,14.0
20201111,17,SO2_24h,德州,20.0
20201111,17,NO2,德州,35.0
20201111,17,NO2_24h,德州,56.0
20201111,17,O3,德州,146.0
20201111,17,O3_24h,德州,163.0
20201111,17,O3_8h,德州,133.0
20201111,17,O3_8h_24h,德州,133.0
20201111,17,CO,德州,0.8
20201111,17,CO_24h,德州,1.03
20201111,18,AQI,德州,103.0
20201111,18,PM2.5,德州,65.0
20201111,18,PM2.5_24h,德州,82.0
20201111,18,PM10,德州,156.0
20201111,18,PM10_24h,德州,180.0
20201111,18,SO2,德州,14.0
20201111,18,SO2_24h,德州,20.0
20201111,18,NO2,德州,50.0
20201111,18,NO2_24h,德州,56.0
20201111,18,O3,德州,110.0
20201111,18,O3_24h,德州,163.0
20201111,18,O3_8h,德州,139.0
20201111,18,O3_8h_24h,德州,139.0
20201111,18,CO,德州,0.87
20201111,18,CO_24h,德州,1.03
20201111,19,AQI,德州,116.0
20201111,19,PM2.5,德州,82.0
20201111,19,PM2.5_24h,德州,82.0
20201111,19,PM10,德州,182.0
20201111,19,PM10_24h,德州,180.0
20201111,19,SO2,德州,18.0
20201111,19,SO2_24h,德州,20.0
20201111,19,NO2,德州,51.0
20201111,19,NO2_24h,德州,55.0
20201111,19,O3,德州,98.0
20201111,19,O3_24h,德州,163.0
20201111,19,O3_8h,德州,139.0
20201111,19,O3_8h_24h,德州,139.0
20201111,19,CO,德州,1.0
20201111,19,CO_24h,德州,1.03
20201111,20,AQI,德州,112.0
20201111,20,PM2.5,德州,80.0
20201111,20,PM2.5_24h,德州,82.0
20201111,20,PM10,德州,174.0
20201111,20,PM10_24h,德州,179.0
20201111,20,SO2,德州,17.0
20201111,20,SO2_24h,德州,21.0
20201111,20,NO2,德州,43.0
20201111,20,NO2_24h,德州,54.0
20201111,20,O3,德州,101.0
20201111,20,O3_24h,德州,163.0
20201111,20,O3_8h,德州,136.0
20201111,20,O3_8h_24h,德州,139.0
20201111,20,CO,德州,0.97
20201111,20,CO_24h,德州,1.03
20201111,21,AQI,德州,100.0
20201111,21,PM2.5,德州,69.0
20201111,21,PM2.5_24h,德州,82.0
20201111,21,PM10,德州,150.0
20201111,21,PM10_24h,德州,178.0
20201111,21,SO2,德州,16.0
20201111,21,SO2_24h,德州,21.0
20201111,21,NO2,德州,37.0
20201111,21,NO2_24h,德州,52.0
20201111,21,O3,德州,97.0
20201111,21,O3_24h,德州,163.0
20201111,21,O3_8h,德州,130.0
20201111,21,O3_8h_24h,德州,139.0
20201111,21,CO,德州,0.83
20201111,21,CO_24h,德州,1.03
20201111,22,AQI,德州,95.0
20201111,22,PM2.5,德州,69.0
20201111,22,PM2.5_24h,德州,80.0
20201111,22,PM10,德州,139.0
20201111,22,PM10_24h,德州,176.0
20201111,22,SO2,德州,16.0
20201111,22,SO2_24h,德州,21.0
20201111,22,NO2,德州,41.0
20201111,22,NO2_24h,德州,51.0
20201111,22,O3,德州,85.0
20201111,22,O3_24h,德州,163.0
20201111,22,O3_8h,德州,120.0
20201111,22,O3_8h_24h,德州,139.0
20201111,22,CO,德州,0.83
20201111,22,CO_24h,德州,1.03
20201111,23,AQI,德州,98.0
20201111,23,PM2.5,德州,73.0
20201111,23,PM2.5_24h,德州,79.0
20201111,23,PM10,德州,146.0
20201111,23,PM10_24h,德州,174.0
20201111,23,SO2,德州,19.0
20201111,23,SO2_24h,德州,20.0
20201111,23,NO2,德州,46.0
20201111,23,NO2_24h,德州,50.0
20201111,23,O3,德州,73.0
20201111,23,O3_24h,德州,163.0
20201111,23,O3_8h,德州,109.0
20201111,23,O3_8h_24h,德州,139.0
20201111,23,CO,德州,0.83
20201111,23,CO_24h,德州,1.03
20201111,0,AQI,聊城,113.0
20201111,0,PM2.5,聊城,82.0
20201111,0,PM2.5_24h,聊城,81.0
20201111,0,PM10,聊城,175.0
20201111,0,PM10_24h,聊城,178.0
20201111,0,SO2,聊城,36.0
20201111,0,SO2_24h,聊城,32.0
20201111,0,NO2,聊城,49.0
20201111,0,NO2_24h,聊城,63.0
20201111,0,O3,聊城,84.0
20201111,0,O3_24h,聊城,136.0
20201111,0,O3_8h,聊城,73.0
20201111,0,O3_8h_24h,聊城,103.0
20201111,0,CO,聊城,0.67
20201111,0,CO_24h,聊城,0.9
20201111,1,AQI,聊城,113.0
20201111,1,PM2.5,聊城,85.0
20201111,1,PM2.5_24h,聊城,82.0
20201111,1,PM10,聊城,173.0
20201111,1,PM10_24h,聊城,179.0
20201111,1,SO2,聊城,60.0
20201111,1,SO2_24h,聊城,34.0
20201111,1,NO2,聊城,54.0
20201111,1,NO2_24h,聊城,62.0
20201111,1,O3,聊城,66.0
20201111,1,O3_24h,聊城,136.0
20201111,1,O3_8h,聊城,66.0
20201111,1,O3_8h_24h,聊城,66.0
20201111,1,CO,聊城,0.7
20201111,1,CO_24h,聊城,0.9
20201111,2,AQI,聊城,125.0
20201111,2,PM2.5,聊城,95.0
20201111,2,PM2.5_24h,聊城,83.0
20201111,2,PM10,聊城,184.0
20201111,2,PM10_24h,聊城,180.0
20201111,2,SO2,聊城,71.0
20201111,2,SO2_24h,聊城,36.0
20201111,2,NO2,聊城,54.0
20201111,2,NO2_24h,聊城,60.0
20201111,2,O3,聊城,62.0
20201111,2,O3_24h,聊城,136.0
20201111,2,O3_8h,聊城,64.0
20201111,2,O3_8h_24h,聊城,67.0
20201111,2,CO,聊城,0.67
20201111,2,CO_24h,聊城,0.9
20201111,3,AQI,聊城,106.0
20201111,3,PM2.5,聊城,80.0
20201111,3,PM2.5_24h,聊城,83.0
20201111,3,PM10,聊城,160.0
20201111,3,PM10_24h,聊城,180.0
20201111,3,SO2,聊城,69.0
20201111,3,SO2_24h,聊城,38.0
20201111,3,NO2,聊城,58.0
20201111,3,NO2_24h,聊城,60.0
20201111,3,O3,聊城,52.0
20201111,3,O3_24h,聊城,136.0
20201111,3,O3_8h,聊城,60.0
20201111,3,O3_8h_24h,聊城,67.0
20201111,3,CO,聊城,0.67
20201111,3,CO_24h,聊城,0.83
20201111,4,AQI,聊城,108.0
20201111,4,PM2.5,聊城,81.0
20201111,4,PM2.5_24h,聊城,83.0
20201111,4,PM10,聊城,159.0
20201111,4,PM10_24h,聊城,180.0
20201111,4,SO2,聊城,75.0
20201111,4,SO2_24h,聊城,39.0
20201111,4,NO2,聊城,60.0
20201111,4,NO2_24h,聊城,59.0
20201111,4,O3,聊城,45.0
20201111,4,O3_24h,聊城,136.0
20201111,4,O3_8h,聊城,56.0
20201111,4,O3_8h_24h,聊城,67.0
20201111,4,CO,聊城,0.77
20201111,4,CO_24h,聊城,0.83
20201111,5,AQI,聊城,110.0
20201111,5,PM2.5,聊城,83.0
20201111,5,PM2.5_24h,聊城,84.0
20201111,5,PM10,聊城,158.0
20201111,5,PM10_24h,聊城,180.0
20201111,5,SO2,聊城,76.0
20201111,5,SO2_24h,聊城,41.0
20201111,5,NO2,聊城,59.0
20201111,5,NO2_24h,聊城,58.0
20201111,5,O3,聊城,46.0
20201111,5,O3_24h,聊城,136.0
20201111,5,O3_8h,聊城,54.0
20201111,5,O3_8h_24h,聊城,67.0
20201111,5,CO,聊城,0.8
20201111,5,CO_24h,聊城,0.83
20201111,6,AQI,聊城,114.0
20201111,6,PM2.5,聊城,86.0
20201111,6,PM2.5_24h,聊城,84.0
20201111,6,PM10,聊城,156.0
20201111,6,PM10_24h,聊城,179.0
20201111,6,SO2,聊城,81.0
20201111,6,SO2_24h,聊城,44.0
20201111,6,NO2,聊城,53.0
20201111,6,NO2_24h,聊城,58.0
20201111,6,O3,聊城,49.0
20201111,6,O3_24h,聊城,136.0
20201111,6,O3_8h,聊城,53.0
20201111,6,O3_8h_24h,聊城,67.0
20201111,6,CO,聊城,0.9
20201111,6,CO_24h,聊城,0.87
20201111,7,AQI,聊城,118.0
20201111,7,PM2.5,聊城,89.0
20201111,7,PM2.5_24h,聊城,95.0
20201111,7,PM10,聊城,158.0
20201111,7,PM10_24h,聊城,185.0
20201111,7,SO2,聊城,37.0
20201111,7,SO2_24h,聊城,49.0
20201111,7,NO2,聊城,52.0
20201111,7,NO2_24h,聊城,62.0
20201111,7,O3,聊城,43.0
20201111,7,O3_24h,聊城,133.0
20201111,7,O3_8h,聊城,35.0
20201111,7,O3_8h_24h,聊城,41.0
20201111,7,CO,聊城,1.0
20201111,7,CO_24h,聊城,0.9
20201111,8,AQI,聊城,104.0
20201111,8,PM2.5,聊城,78.0
20201111,8,PM2.5_24h,聊城,83.0
20201111,8,PM10,聊城,148.0
20201111,8,PM10_24h,聊城,177.0
20201111,8,SO2,聊城,93.0
20201111,8,SO2_24h,聊城,47.0
20201111,8,NO2,聊城,51.0
20201111,8,NO2_24h,聊城,56.0
20201111,8,O3,聊城,53.0
20201111,8,O3_24h,聊城,136.0
20201111,8,O3_8h,聊城,54.0
20201111,8,O3_8h_24h,聊城,67.0
20201111,8,CO,聊城,0.97
20201111,8,CO_24h,聊城,0.83
20201111,10,AQI,聊城,110.0
20201111,10,PM2.5,聊城,79.0
20201111,10,PM2.5_24h,聊城,83.0
20201111,10,PM10,聊城,169.0
20201111,10,PM10_24h,聊城,174.0
20201111,10,SO2,聊城,41.0
20201111,10,SO2_24h,聊城,51.0
20201111,10,NO2,聊城,43.0
20201111,10,NO2_24h,聊城,54.0
20201111,10,O3,聊城,78.0
20201111,10,O3_24h,聊城,136.0
20201111,10,O3_8h,聊城,54.0
20201111,10,O3_8h_24h,聊城,67.0
20201111,10,CO,聊城,0.73
20201111,10,CO_24h,聊城,0.77
20201111,11,AQI,聊城,107.0
20201111,11,PM2.5,聊城,66.0
20201111,11,PM2.5_24h,聊城,83.0
20201111,11,PM10,聊城,164.0
20201111,11,PM10_24h,聊城,174.0
20201111,11,SO2,聊城,26.0
20201111,11,SO2_24h,聊城,51.0
20201111,11,NO2,聊城,38.0
20201111,11,NO2_24h,聊城,53.0
20201111,11,O3,聊城,94.0
20201111,11,O3_24h,聊城,136.0
20201111,11,O3_8h,聊城,59.0
20201111,11,O3_8h_24h,聊城,70.0
20201111,11,CO,聊城,0.75
20201111,11,CO_24h,聊城,0.73
20201111,12,AQI,聊城,109.0
20201111,12,PM2.5,聊城,71.0
20201111,12,PM2.5_24h,聊城,83.0
20201111,12,PM10,聊城,167.0
20201111,12,PM10_24h,聊城,173.0
20201111,12,SO2,聊城,26.0
20201111,12,SO2_24h,聊城,50.0
20201111,12,NO2,聊城,39.0
20201111,12,NO2_24h,聊城,53.0
20201111,12,O3,聊城,107.0
20201111,12,O3_24h,聊城,136.0
20201111,12,O3_8h,聊城,67.0
20201111,12,O3_8h_24h,聊城,73.0
20201111,12,CO,聊城,0.77
20201111,12,CO_24h,聊城,0.73
20201111,13,AQI,聊城,110.0
20201111,13,PM2.5,聊城,71.0
20201111,13,PM2.5_24h,聊城,83.0
20201111,13,PM10,聊城,170.0
20201111,13,PM10_24h,聊城,173.0
20201111,13,SO2,聊城,23.0
20201111,13,SO2_24h,聊城,50.0
20201111,13,NO2,聊城,39.0
20201111,13,NO2_24h,聊城,54.0
20201111,13,O3,聊城,125.0
20201111,13,O3_24h,聊城,136.0
20201111,13,O3_8h,聊城,77.0
20201111,13,O3_8h_24h,聊城,78.0
20201111,13,CO,聊城,0.73
20201111,13,CO_24h,聊城,0.73
20201111,14,AQI,聊城,112.0
20201111,14,PM2.5,聊城,70.0
20201111,14,PM2.5_24h,聊城,83.0
20201111,14,PM10,聊城,173.0
20201111,14,PM10_24h,聊城,173.0
20201111,14,SO2,聊城,22.0
20201111,14,SO2_24h,聊城,50.0
20201111,14,NO2,聊城,37.0
20201111,14,NO2_24h,聊城,54.0
20201111,14,O3,聊城,142.0
20201111,14,O3_24h,聊城,142.0
20201111,14,O3_8h,聊城,89.0
20201111,14,O3_8h_24h,聊城,89.0
20201111,14,CO,聊城,0.7
20201111,14,CO_24h,聊城,0.73
20201111,15,AQI,聊城,112.0
20201111,15,PM2.5,聊城,64.0
20201111,15,PM2.5_24h,聊城,83.0
20201111,15,PM10,聊城,174.0
20201111,15,PM10_24h,聊城,174.0
20201111,15,SO2,聊城,18.0
20201111,15,SO2_24h,聊城,50.0
20201111,15,NO2,聊城,31.0
20201111,15,NO2_24h,聊城,54.0
20201111,15,O3,聊城,152.0
20201111,15,O3_24h,聊城,152.0
20201111,15,O3_8h,聊城,102.0
20201111,15,O3_8h_24h,聊城,102.0
20201111,15,CO,聊城,0.6
20201111,15,CO_24h,聊城,0.77
20201111,16,AQI,聊城,107.0
20201111,16,PM2.5,聊城,65.0
20201111,16,PM2.5_24h,聊城,82.0
20201111,16,PM10,聊城,164.0
20201111,16,PM10_24h,聊城,173.0
20201111,16,SO2,聊城,19.0
20201111,16,SO2_24h,聊城,50.0
20201111,16,NO2,聊城,32.0
20201111,16,NO2_24h,聊城,54.0
20201111,16,O3,聊城,154.0
20201111,16,O3_24h,聊城,154.0
20201111,16,O3_8h,聊城,115.0
20201111,16,O3_8h_24h,聊城,115.0
20201111,16,CO,聊城,0.6
20201111,16,CO_24h,聊城,0.73
20201111,17,AQI,聊城,107.0
20201111,17,PM2.5,聊城,69.0
20201111,17,PM2.5_24h,聊城,82.0
20201111,17,PM10,聊城,164.0
20201111,17,PM10_24h,聊城,172.0
20201111,17,SO2,聊城,25.0
20201111,17,SO2_24h,聊城,50.0
20201111,17,NO2,聊城,41.0
20201111,17,NO2_24h,聊城,54.0
20201111,17,O3,聊城,138.0
20201111,17,O3_24h,聊城,154.0
20201111,17,O3_8h,聊城,125.0
20201111,17,O3_8h_24h,聊城,125.0
20201111,17,CO,聊城,0.63
20201111,17,CO_24h,聊城,0.73
20201111,18,AQI,聊城,107.0
20201111,18,PM2.5,聊城,71.0
20201111,18,PM2.5_24h,聊城,81.0
20201111,18,PM10,聊城,164.0
20201111,18,PM10_24h,聊城,171.0
20201111,18,SO2,聊城,38.0
20201111,18,SO2_24h,聊城,49.0
20201111,18,NO2,聊城,41.0
20201111,18,NO2_24h,聊城,53.0
20201111,18,O3,聊城,124.0
20201111,18,O3_24h,聊城,154.0
20201111,18,O3_8h,聊城,131.0
20201111,18,O3_8h_24h,聊城,131.0
20201111,18,CO,聊城,0.7
20201111,18,CO_24h,聊城,0.73
20201111,19,AQI,聊城,104.0
20201111,19,PM2.5,聊城,72.0
20201111,19,PM2.5_24h,聊城,80.0
20201111,19,PM10,聊城,157.0
20201111,19,PM10_24h,聊城,169.0
20201111,19,SO2,聊城,39.0
20201111,19,SO2_24h,聊城,48.0
20201111,19,NO2,聊城,41.0
20201111,19,NO2_24h,聊城,52.0
20201111,19,O3,聊城,114.0
20201111,19,O3_24h,聊城,154.0
20201111,19,O3_8h,聊城,132.0
20201111,19,O3_8h_24h,聊城,132.0
20201111,19,CO,聊城,0.73
20201111,19,CO_24h,聊城,0.73
20201111,20,AQI,聊城,108.0
20201111,20,PM2.5,聊城,79.0
20201111,20,PM2.5_24h,聊城,79.0
20201111,20,PM10,聊城,166.0
20201111,20,PM10_24h,聊城,166.0
20201111,20,SO2,聊城,38.0
20201111,20,SO2_24h,聊城,49.0
20201111,20,NO2,聊城,42.0
20201111,20,NO2_24h,聊城,49.0
20201111,20,O3,聊城,103.0
20201111,20,O3_24h,聊城,154.0
20201111,20,O3_8h,聊城,131.0
20201111,20,O3_8h_24h,聊城,132.0
20201111,20,CO,聊城,0.73
20201111,20,CO_24h,聊城,0.73
20201111,21,AQI,聊城,109.0
20201111,21,PM2.5,聊城,81.0
20201111,21,PM2.5_24h,聊城,78.0
20201111,21,PM10,聊城,167.0
20201111,21,PM10_24h,聊城,165.0
20201111,21,SO2,聊城,40.0
20201111,21,SO2_24h,聊城,49.0
20201111,21,NO2,聊城,40.0
20201111,21,NO2_24h,聊城,46.0
20201111,21,O3,聊城,100.0
20201111,21,O3_24h,聊城,154.0
20201111,21,O3_8h,聊城,128.0
20201111,21,O3_8h_24h,聊城,132.0
20201111,21,CO,聊城,0.73
20201111,21,CO_24h,聊城,0.73
20201111,22,AQI,聊城,106.0
20201111,22,PM2.5,聊城,77.0
20201111,22,PM2.5_24h,聊城,77.0
20201111,22,PM10,聊城,162.0
20201111,22,PM10_24h,聊城,164.0
20201111,22,SO2,聊城,26.0
20201111,22,SO2_24h,聊城,49.0
20201111,22,NO2,聊城,38.0
20201111,22,NO2_24h,聊城,45.0
20201111,22,O3,聊城,101.0
20201111,22,O3_24h,聊城,154.0
20201111,22,O3_8h,聊城,123.0
20201111,22,O3_8h_24h,聊城,132.0
20201111,22,CO,聊城,0.63
20201111,22,CO_24h,聊城,0.73
20201111,23,AQI,聊城,100.0
20201111,23,PM2.5,聊城,69.0
20201111,23,PM2.5_24h,聊城,76.0
20201111,23,PM10,聊城,149.0
20201111,23,PM10_24h,聊城,164.0
20201111,23,SO2,聊城,18.0
20201111,23,SO2_24h,聊城,48.0
20201111,23,NO2,聊城,36.0
20201111,23,NO2_24h,聊城,45.0
20201111,23,O3,聊城,96.0
20201111,23,O3_24h,聊城,154.0
20201111,23,O3_8h,聊城,116.0
20201111,23,O3_8h_24h,聊城,132.0
20201111,23,CO,聊城,0.57
20201111,23,CO_24h,聊城,0.73
20201111,0,AQI,滨州,92.0
20201111,0,PM2.5,滨州,67.0
20201111,0,PM2.5_24h,滨州,68.0
20201111,0,PM10,滨州,133.0
20201111,0,PM10_24h,滨州,121.0
20201111,0,SO2,滨州,28.0
20201111,0,SO2_24h,滨州,25.0
20201111,0,NO2,滨州,93.0
20201111,0,NO2_24h,滨州,78.0
20201111,0,O3,滨州,6.0
20201111,0,O3_24h,滨州,102.0
20201111,0,O3_8h,滨州,17.0
20201111,0,O3_8h_24h,滨州,69.0
20201111,0,CO,滨州,1.1
20201111,0,CO_24h,滨州,1.4
20201111,1,AQI,滨州,111.0
20201111,1,PM2.5,滨州,84.0
20201111,1,PM2.5_24h,滨州,70.0
20201111,1,PM10,滨州,149.0
20201111,1,PM10_24h,滨州,122.0
20201111,1,SO2,滨州,27.0
20201111,1,SO2_24h,滨州,26.0
20201111,1,NO2,滨州,93.0
20201111,1,NO2_24h,滨州,79.0
20201111,1,O3,滨州,5.0
20201111,1,O3_24h,滨州,102.0
20201111,1,O3_8h,滨州,5.0
20201111,1,O3_8h_24h,滨州,5.0
20201111,1,CO,滨州,1.17
20201111,1,CO_24h,滨州,1.4
20201111,2,AQI,滨州,115.0
20201111,2,PM2.5,滨州,87.0
20201111,2,PM2.5_24h,滨州,70.0
20201111,2,PM10,滨州,167.0
20201111,2,PM10_24h,滨州,123.0
20201111,2,SO2,滨州,29.0
20201111,2,SO2_24h,滨州,26.0
20201111,2,NO2,滨州,93.0
20201111,2,NO2_24h,滨州,80.0
20201111,2,O3,滨州,6.0
20201111,2,O3_24h,滨州,102.0
20201111,2,O3_8h,滨州,6.0
20201111,2,O3_8h_24h,滨州,6.0
20201111,2,CO,滨州,1.33
20201111,2,CO_24h,滨州,1.4
20201111,3,AQI,滨州,121.0
20201111,3,PM2.5,滨州,92.0
20201111,3,PM2.5_24h,滨州,71.0
20201111,3,PM10,滨州,164.0
20201111,3,PM10_24h,滨州,126.0
20201111,3,SO2,滨州,34.0
20201111,3,SO2_24h,滨州,27.0
20201111,3,NO2,滨州,95.0
20201111,3,NO2_24h,滨州,81.0
20201111,3,O3,滨州,6.0
20201111,3,O3_24h,滨州,102.0
20201111,3,O3_8h,滨州,6.0
20201111,3,O3_8h_24h,滨州,6.0
20201111,3,CO,滨州,1.33
20201111,3,CO_24h,滨州,1.4
20201111,4,AQI,滨州,115.0
20201111,4,PM2.5,滨州,87.0
20201111,4,PM2.5_24h,滨州,72.0
20201111,4,PM10,滨州,158.0
20201111,4,PM10_24h,滨州,128.0
20201111,4,SO2,滨州,32.0
20201111,4,SO2_24h,滨州,27.0
20201111,4,NO2,滨州,98.0
20201111,4,NO2_24h,滨州,82.0
20201111,4,O3,滨州,6.0
20201111,4,O3_24h,滨州,102.0
20201111,4,O3_8h,滨州,6.0
20201111,4,O3_8h_24h,滨州,6.0
20201111,4,CO,滨州,1.4
20201111,4,CO_24h,滨州,1.4
20201111,5,AQI,滨州,116.0
20201111,5,PM2.5,滨州,88.0
20201111,5,PM2.5_24h,滨州,73.0
20201111,5,PM10,滨州,151.0
20201111,5,PM10_24h,滨州,130.0
20201111,5,SO2,滨州,40.0
20201111,5,SO2_24h,滨州,28.0
20201111,5,NO2,滨州,102.0
20201111,5,NO2_24h,滨州,83.0
20201111,5,O3,滨州,5.0
20201111,5,O3_24h,滨州,102.0
20201111,5,O3_8h,滨州,5.0
20201111,5,O3_8h_24h,滨州,6.0
20201111,5,CO,滨州,1.43
20201111,5,CO_24h,滨州,1.4
20201111,6,AQI,滨州,129.0
20201111,6,PM2.5,滨州,98.0
20201111,6,PM2.5_24h,滨州,74.0
20201111,6,PM10,滨州,163.0
20201111,6,PM10_24h,滨州,132.0
20201111,6,SO2,滨州,53.0
20201111,6,SO2_24h,滨州,29.0
20201111,6,NO2,滨州,100.0
20201111,6,NO2_24h,滨州,84.0
20201111,6,O3,滨州,6.0
20201111,6,O3_24h,滨州,102.0
20201111,6,O3_8h,滨州,6.0
20201111,6,O3_8h_24h,滨州,6.0
20201111,6,CO,滨州,1.67
20201111,6,CO_24h,滨州,1.4
20201111,7,AQI,滨州,135.0
20201111,7,PM2.5,滨州,103.0
20201111,7,PM2.5_24h,滨州,67.0
20201111,7,PM10,滨州,151.0
20201111,7,PM10_24h,滨州,115.0
20201111,7,SO2,滨州,42.0
20201111,7,SO2_24h,滨州,25.0
20201111,7,NO2,滨州,102.0
20201111,7,NO2_24h,滨州,83.0
20201111,7,O3,滨州,5.0
20201111,7,O3_24h,滨州,95.0
20201111,7,O3_8h,滨州,5.0
20201111,7,O3_8h_24h,滨州,6.0
20201111,7,CO,滨州,1.5
20201111,7,CO_24h,滨州,1.3
20201111,8,AQI,滨州,128.0
20201111,8,PM2.5,滨州,97.0
20201111,8,PM2.5_24h,滨州,75.0
20201111,8,PM10,滨州,148.0
20201111,8,PM10_24h,滨州,133.0
20201111,8,SO2,滨州,32.0
20201111,8,SO2_24h,滨州,28.0
20201111,8,NO2,滨州,100.0
20201111,8,NO2_24h,滨州,85.0
20201111,8,O3,滨州,7.0
20201111,8,O3_24h,滨州,102.0
20201111,8,O3_8h,滨州,6.0
20201111,8,O3_8h_24h,滨州,6.0
20201111,8,CO,滨州,1.5
20201111,8,CO_24h,滨州,1.37
20201111,10,AQI,滨州,135.0
20201111,10,PM2.5,滨州,103.0
20201111,10,PM2.5_24h,滨州,73.0
20201111,10,PM10,滨州,166.0
20201111,10,PM10_24h,滨州,130.0
20201111,10,SO2,滨州,30.0
20201111,10,SO2_24h,滨州,27.0
20201111,10,NO2,滨州,89.0
20201111,10,NO2_24h,滨州,85.0
20201111,10,O3,滨州,29.0
20201111,10,O3_24h,滨州,102.0
20201111,10,O3_8h,滨州,9.0
20201111,10,O3_8h_24h,滨州,9.0
20201111,10,CO,滨州,1.37
20201111,10,CO_24h,滨州,1.3
20201111,11,AQI,滨州,121.0
20201111,11,PM2.5,滨州,92.0
20201111,11,PM2.5_24h,滨州,73.0
20201111,11,PM10,滨州,151.0
20201111,11,PM10_24h,滨州,131.0
20201111,11,SO2,滨州,27.0
20201111,11,SO2_24h,滨州,27.0
20201111,11,NO2,滨州,77.0
20201111,11,NO2_24h,滨州,84.0
20201111,11,O3,滨州,53.0
20201111,11,O3_24h,滨州,102.0
20201111,11,O3_8h,滨州,14.0
20201111,11,O3_8h_24h,滨州,14.0
20201111,11,CO,滨州,1.37
20201111,11,CO_24h,滨州,1.3
20201111,12,AQI,滨州,111.0
20201111,12,PM2.5,滨州,84.0
20201111,12,PM2.5_24h,滨州,74.0
20201111,12,PM10,滨州,144.0
20201111,12,PM10_24h,滨州,133.0
20201111,12,SO2,滨州,24.0
20201111,12,SO2_24h,滨州,27.0
20201111,12,NO2,滨州,63.0
20201111,12,NO2_24h,滨州,84.0
20201111,12,O3,滨州,91.0
20201111,12,O3_24h,滨州,98.0
20201111,12,O3_8h,滨州,26.0
20201111,12,O3_8h_24h,滨州,26.0
20201111,12,CO,滨州,1.25
20201111,12,CO_24h,滨州,1.27
20201111,13,AQI,滨州,99.0
20201111,13,PM2.5,滨州,74.0
20201111,13,PM2.5_24h,滨州,75.0
20201111,13,PM10,滨州,119.0
20201111,13,PM10_24h,滨州,135.0
20201111,13,SO2,滨州,20.0
20201111,13,SO2_24h,滨州,28.0
20201111,13,NO2,滨州,56.0
20201111,13,NO2_24h,滨州,83.0
20201111,13,O3,滨州,108.0
20201111,13,O3_24h,滨州,108.0
20201111,13,O3_8h,滨州,41.0
20201111,13,O3_8h_24h,滨州,41.0
20201111,13,CO,滨州,1.1
20201111,13,CO_24h,滨州,1.3
20201111,14,AQI,滨州,82.0
20201111,14,PM2.5,滨州,60.0
20201111,14,PM2.5_24h,滨州,77.0
20201111,14,PM10,滨州,113.0
20201111,14,PM10_24h,滨州,138.0
20201111,14,SO2,滨州,17.0
20201111,14,SO2_24h,滨州,28.0
20201111,14,NO2,滨州,54.0
20201111,14,NO2_24h,滨州,84.0
20201111,14,O3,滨州,108.0
20201111,14,O3_24h,滨州,109.0
20201111,14,O3_8h,滨州,55.0
20201111,14,O3_8h_24h,滨州,55.0
20201111,14,CO,滨州,1.0
20201111,14,CO_24h,滨州,1.27
20201111,15,AQI,滨州,73.0
20201111,15,PM2.5,滨州,47.0
20201111,15,PM2.5_24h,滨州,76.0
20201111,15,PM10,滨州,96.0
20201111,15,PM10_24h,滨州,137.0
20201111,15,SO2,滨州,18.0
20201111,15,SO2_24h,滨州,28.0
20201111,15,NO2,滨州,52.0
20201111,15,NO2_24h,滨州,83.0
20201111,15,O3,滨州,117.0
20201111,15,O3_24h,滨州,117.0
20201111,15,O3_8h,滨州,71.0
20201111,15,O3_8h_24h,滨州,71.0
20201111,15,CO,滨州,1.07
20201111,15,CO_24h,滨州,1.3
20201111,16,AQI,滨州,71.0
20201111,16,PM2.5,滨州,50.0
20201111,16,PM2.5_24h,滨州,76.0
20201111,16,PM10,滨州,92.0
20201111,16,PM10_24h,滨州,137.0
20201111,16,SO2,滨州,17.0
20201111,16,SO2_24h,滨州,27.0
20201111,16,NO2,滨州,57.0
20201111,16,NO2_24h,滨州,83.0
20201111,16,O3,滨州,109.0
20201111,16,O3_24h,滨州,117.0
20201111,16,O3_8h,滨州,86.0
20201111,16,O3_8h_24h,滨州,86.0
20201111,16,CO,滨州,0.93
20201111,16,CO_24h,滨州,1.33
20201111,17,AQI,滨州,75.0
20201111,17,PM2.5,滨州,51.0
20201111,17,PM2.5_24h,滨州,76.0
20201111,17,PM10,滨州,99.0
20201111,17,PM10_24h,滨州,137.0
20201111,17,SO2,滨州,14.0
20201111,17,SO2_24h,滨州,27.0
20201111,17,NO2,滨州,72.0
20201111,17,NO2_24h,滨州,84.0
20201111,17,O3,滨州,92.0
20201111,17,O3_24h,滨州,117.0
20201111,17,O3_8h,滨州,91.0
20201111,17,O3_8h_24h,滨州,91.0
20201111,17,CO,滨州,0.93
20201111,17,CO_24h,滨州,1.3
20201111,18,AQI,滨州,83.0
20201111,18,PM2.5,滨州,55.0
20201111,18,PM2.5_24h,滨州,76.0
20201111,18,PM10,滨州,115.0
20201111,18,PM10_24h,滨州,136.0
20201111,18,SO2,滨州,16.0
20201111,18,SO2_24h,滨州,27.0
20201111,18,NO2,滨州,103.0
20201111,18,NO2_24h,滨州,85.0
20201111,18,O3,滨州,60.0
20201111,18,O3_24h,滨州,117.0
20201111,18,O3_8h,滨州,95.0
20201111,18,O3_8h_24h,滨州,97.0
20201111,18,CO,滨州,1.2
20201111,18,CO_24h,滨州,1.3
20201111,19,AQI,滨州,100.0
20201111,19,PM2.5,滨州,75.0
20201111,19,PM2.5_24h,滨州,77.0
20201111,19,PM10,滨州,150.0
20201111,19,PM10_24h,滨州,138.0
20201111,19,SO2,滨州,16.0
20201111,19,SO2_24h,滨州,26.0
20201111,19,NO2,滨州,104.0
20201111,19,NO2_24h,滨州,85.0
20201111,19,O3,滨州,48.0
20201111,19,O3_24h,滨州,117.0
20201111,19,O3_8h,滨州,91.0
20201111,19,O3_8h_24h,滨州,97.0
20201111,19,CO,滨州,1.2
20201111,19,CO_24h,滨州,1.27
20201111,20,AQI,滨州,110.0
20201111,20,PM2.5,滨州,83.0
20201111,20,PM2.5_24h,滨州,78.0
20201111,20,PM10,滨州,149.0
20201111,20,PM10_24h,滨州,139.0
20201111,20,SO2,滨州,17.0
20201111,20,SO2_24h,滨州,26.0
20201111,20,NO2,滨州,99.0
20201111,20,NO2_24h,滨州,86.0
20201111,20,O3,滨州,37.0
20201111,20,O3_24h,滨州,117.0
20201111,20,O3_8h,滨州,85.0
20201111,20,O3_8h_24h,滨州,97.0
20201111,20,CO,滨州,1.07
20201111,20,CO_24h,滨州,1.27
20201111,21,AQI,滨州,109.0
20201111,21,PM2.5,滨州,82.0
20201111,21,PM2.5_24h,滨州,78.0
20201111,21,PM10,滨州,137.0
20201111,21,PM10_24h,滨州,139.0
20201111,21,SO2,滨州,15.0
20201111,21,SO2_24h,滨州,26.0
20201111,21,NO2,滨州,81.0
20201111,21,NO2_24h,滨州,86.0
20201111,21,O3,滨州,55.0
20201111,21,O3_24h,滨州,117.0
20201111,21,O3_8h,滨州,78.0
20201111,21,O3_8h_24h,滨州,97.0
20201111,21,CO,滨州,1.0
20201111,21,CO_24h,滨州,1.23
20201111,22,AQI,滨州,93.0
20201111,22,PM2.5,滨州,69.0
20201111,22,PM2.5_24h,滨州,79.0
20201111,22,PM10,滨州,133.0
20201111,22,PM10_24h,滨州,139.0
20201111,22,SO2,滨州,12.0
20201111,22,SO2_24h,滨州,25.0
20201111,22,NO2,滨州,56.0
20201111,22,NO2_24h,滨州,84.0
20201111,22,O3,滨州,89.0
20201111,22,O3_24h,滨州,117.0
20201111,22,O3_8h,滨州,76.0
20201111,22,O3_8h_24h,滨州,97.0
20201111,22,CO,滨州,0.87
20201111,22,CO_24h,滨州,1.23
20201111,23,AQI,滨州,99.0
20201111,23,PM2.5,滨州,74.0
20201111,23,PM2.5_24h,滨州,79.0
20201111,23,PM10,滨州,123.0
20201111,23,PM10_24h,滨州,139.0
20201111,23,SO2,滨州,14.0
20201111,23,SO2_24h,滨州,25.0
20201111,23,NO2,滨州,64.0
20201111,23,NO2_24h,滨州,83.0
20201111,23,O3,滨州,64.0
20201111,23,O3_24h,滨州,117.0
20201111,23,O3_8h,滨州,69.0
20201111,23,O3_8h_24h,滨州,97.0
20201111,23,CO,滨州,0.87
20201111,23,CO_24h,滨州,1.23
20201111,0,AQI,淄博,109.0
20201111,0,PM2.5,淄博,82.0
20201111,0,PM2.5_24h,淄博,65.0
20201111,0,PM10,淄博,159.0
20201111,0,PM10_24h,淄博,147.0
20201111,0,SO2,淄博,29.0
20201111,0,SO2_24h,淄博,25.0
20201111,0,NO2,淄博,68.0
20201111,0,NO2_24h,淄博,65.0
20201111,0,O3,淄博,32.0
20201111,0,O3_24h,淄博,93.0
20201111,0,O3_8h,淄博,23.0
20201111,0,O3_8h_24h,淄博,73.0
20201111,0,CO,淄博,1.98
20201111,0,CO_24h,淄博,1.82
20201111,1,AQI,淄博,109.0
20201111,1,PM2.5,淄博,82.0
20201111,1,PM2.5_24h,淄博,67.0
20201111,1,PM10,淄博,149.0
20201111,1,PM10_24h,淄博,146.0
20201111,1,SO2,淄博,27.0
20201111,1,SO2_24h,淄博,25.0
20201111,1,NO2,淄博,67.0
20201111,1,NO2_24h,淄博,64.0
20201111,1,O3,淄博,32.0
20201111,1,O3_24h,淄博,93.0
20201111,1,O3_8h,淄博,32.0
20201111,1,O3_8h_24h,淄博,32.0
20201111,1,CO,淄博,2.0
20201111,1,CO_24h,淄博,1.82
20201111,2,AQI,淄博,108.0
20201111,2,PM2.5,淄博,81.0
20201111,2,PM2.5_24h,淄博,67.0
20201111,2,PM10,淄博,149.0
20201111,2,PM10_24h,淄博,146.0
20201111,2,SO2,淄博,28.0
20201111,2,SO2_24h,淄博,26.0
20201111,2,NO2,淄博,62.0
20201111,2,NO2_24h,淄博,64.0
20201111,2,O3,淄博,41.0
20201111,2,O3_24h,淄博,93.0
20201111,2,O3_8h,淄博,36.0
20201111,2,O3_8h_24h,淄博,36.0
20201111,2,CO,淄博,1.7
20201111,2,CO_24h,淄博,1.78
20201111,3,AQI,淄博,111.0
20201111,3,PM2.5,淄博,84.0
20201111,3,PM2.5_24h,淄博,68.0
20201111,3,PM10,淄博,153.0
20201111,3,PM10_24h,淄博,146.0
20201111,3,SO2,淄博,33.0
20201111,3,SO2_24h,淄博,26.0
20201111,3,NO2,淄博,60.0
20201111,3,NO2_24h,淄博,64.0
20201111,3,O3,淄博,45.0
20201111,3,O3_24h,淄博,93.0
20201111,3,O3_8h,淄博,39.0
20201111,3,O3_8h_24h,淄博,40.0
20201111,3,CO,淄博,1.34
20201111,3,CO_24h,淄博,1.72
20201111,4,AQI,淄博,116.0
20201111,4,PM2.5,淄博,88.0
20201111,4,PM2.5_24h,淄博,69.0
20201111,4,PM10,淄博,146.0
20201111,4,PM10_24h,淄博,145.0
20201111,4,SO2,淄博,31.0
20201111,4,SO2_24h,淄博,26.0
20201111,4,NO2,淄博,56.0
20201111,4,NO2_24h,淄博,64.0
20201111,4,O3,淄博,47.0
20201111,4,O3_24h,淄博,93.0
20201111,4,O3_8h,淄博,41.0
20201111,4,O3_8h_24h,淄博,43.0
20201111,4,CO,淄博,1.46
20201111,4,CO_24h,淄博,1.7
20201111,5,AQI,淄博,116.0
20201111,5,PM2.5,淄博,88.0
20201111,5,PM2.5_24h,淄博,70.0
20201111,5,PM10,淄博,149.0
20201111,5,PM10_24h,淄博,145.0
20201111,5,SO2,淄博,28.0
20201111,5,SO2_24h,淄博,26.0
20201111,5,NO2,淄博,55.0
20201111,5,NO2_24h,淄博,64.0
20201111,5,O3,淄博,47.0
20201111,5,O3_24h,淄博,93.0
20201111,5,O3_8h,淄博,42.0
20201111,5,O3_8h_24h,淄博,44.0
20201111,5,CO,淄博,1.6
20201111,5,CO_24h,淄博,1.66
20201111,6,AQI,淄博,111.0
20201111,6,PM2.5,淄博,84.0
20201111,6,PM2.5_24h,淄博,70.0
20201111,6,PM10,淄博,153.0
20201111,6,PM10_24h,淄博,145.0
20201111,6,SO2,淄博,25.0
20201111,6,SO2_24h,淄博,26.0
20201111,6,NO2,淄博,54.0
20201111,6,NO2_24h,淄博,63.0
20201111,6,O3,淄博,46.0
20201111,6,O3_24h,淄博,93.0
20201111,6,O3_8h,淄博,43.0
20201111,6,O3_8h_24h,淄博,45.0
20201111,6,CO,淄博,1.76
20201111,6,CO_24h,淄博,1.64
20201111,8,AQI,淄博,114.0
20201111,8,PM2.5,淄博,86.0
20201111,8,PM2.5_24h,淄博,71.0
20201111,8,PM10,淄博,169.0
20201111,8,PM10_24h,淄博,145.0
20201111,8,SO2,淄博,25.0
20201111,8,SO2_24h,淄博,26.0
20201111,8,NO2,淄博,66.0
20201111,8,NO2_24h,淄博,64.0
20201111,8,O3,淄博,42.0
20201111,8,O3_24h,淄博,93.0
20201111,8,O3_8h,淄博,43.0
20201111,8,O3_8h_24h,淄博,46.0
20201111,8,CO,淄博,1.96
20201111,8,CO_24h,淄博,1.62
20201111,10,AQI,淄博,112.0
20201111,10,PM2.5,淄博,78.0
20201111,10,PM2.5_24h,淄博,71.0
20201111,10,PM10,淄博,174.0
20201111,10,PM10_24h,淄博,144.0
20201111,10,SO2,淄博,23.0
20201111,10,SO2_24h,淄博,25.0
20201111,10,NO2,淄博,53.0
20201111,10,NO2_24h,淄博,63.0
20201111,10,O3,淄博,76.0
20201111,10,O3_24h,淄博,97.0
20201111,10,O3_8h,淄博,50.0
20201111,10,O3_8h_24h,淄博,52.0
20201111,10,CO,淄博,1.5
20201111,10,CO_24h,淄博,1.6
20201111,11,AQI,淄博,90.0
20201111,11,PM2.5,淄博,60.0
20201111,11,PM2.5_24h,淄博,71.0
20201111,11,PM10,淄博,129.0
20201111,11,PM10_24h,淄博,143.0
20201111,11,SO2,淄博,14.0
20201111,11,SO2_24h,淄博,24.0
20201111,11,NO2,淄博,31.0
20201111,11,NO2_24h,淄博,62.0
20201111,11,O3,淄博,111.0
20201111,11,O3_24h,淄博,111.0
20201111,11,O3_8h,淄博,58.0
20201111,11,O3_8h_24h,淄博,58.0
20201111,11,CO,淄博,0.92
20201111,11,CO_24h,淄博,1.54
20201111,12,AQI,淄博,82.0
20201111,12,PM2.5,淄博,54.0
20201111,12,PM2.5_24h,淄博,70.0
20201111,12,PM10,淄博,114.0
20201111,12,PM10_24h,淄博,143.0
20201111,12,SO2,淄博,14.0
20201111,12,SO2_24h,淄博,24.0
20201111,12,NO2,淄博,28.0
20201111,12,NO2_24h,淄博,61.0
20201111,12,O3,淄博,119.0
20201111,12,O3_24h,淄博,120.0
20201111,12,O3_8h,淄博,67.0
20201111,12,O3_8h_24h,淄博,67.0
20201111,12,CO,淄博,0.88
20201111,12,CO_24h,淄博,1.54
20201111,13,AQI,淄博,79.0
20201111,13,PM2.5,淄博,47.0
20201111,13,PM2.5_24h,淄博,70.0
20201111,13,PM10,淄博,107.0
20201111,13,PM10_24h,淄博,143.0
20201111,13,SO2,淄博,13.0
20201111,13,SO2_24h,淄博,24.0
20201111,13,NO2,淄博,25.0
20201111,13,NO2_24h,淄博,61.0
20201111,13,O3,淄博,127.0
20201111,13,O3_24h,淄博,127.0
20201111,13,O3_8h,淄博,77.0
20201111,13,O3_8h_24h,淄博,77.0
20201111,13,CO,淄博,0.76
20201111,13,CO_24h,淄博,1.56
20201111,14,AQI,淄博,75.0
20201111,14,PM2.5,淄博,47.0
20201111,14,PM2.5_24h,淄博,71.0
20201111,14,PM10,淄博,100.0
20201111,14,PM10_24h,淄博,144.0
20201111,14,SO2,淄博,13.0
20201111,14,SO2_24h,淄博,24.0
20201111,14,NO2,淄博,27.0
20201111,14,NO2_24h,淄博,61.0
20201111,14,O3,淄博,132.0
20201111,14,O3_24h,淄博,132.0
20201111,14,O3_8h,淄博,88.0
20201111,14,O3_8h_24h,淄博,88.0
20201111,14,CO,淄博,0.7
20201111,14,CO_24h,淄博,1.54
20201111,15,AQI,淄博,80.0
20201111,15,PM2.5,淄博,52.0
20201111,15,PM2.5_24h,淄博,72.0
20201111,15,PM10,淄博,110.0
20201111,15,PM10_24h,淄博,146.0
20201111,15,SO2,淄博,11.0
20201111,15,SO2_24h,淄博,23.0
20201111,15,NO2,淄博,27.0
20201111,15,NO2_24h,淄博,61.0
20201111,15,O3,淄博,135.0
20201111,15,O3_24h,淄博,134.0
20201111,15,O3_8h,淄博,98.0
20201111,15,O3_8h_24h,淄博,98.0
20201111,15,CO,淄博,0.65
20201111,15,CO_24h,淄博,1.54
20201111,16,AQI,淄博,83.0
20201111,16,PM2.5,淄博,49.0
20201111,16,PM2.5_24h,淄博,73.0
20201111,16,PM10,淄博,115.0
20201111,16,PM10_24h,淄博,147.0
20201111,16,SO2,淄博,11.0
20201111,16,SO2_24h,淄博,23.0
20201111,16,NO2,淄博,29.0
20201111,16,NO2_24h,淄博,60.0
20201111,16,O3,淄博,129.0
20201111,16,O3_24h,淄博,134.0
20201111,16,O3_8h,淄博,108.0
20201111,16,O3_8h_24h,淄博,108.0
20201111,16,CO,淄博,0.65
20201111,16,CO_24h,淄博,1.54
20201111,17,AQI,淄博,79.0
20201111,17,PM2.5,淄博,51.0
20201111,17,PM2.5_24h,淄博,73.0
20201111,17,PM10,淄博,108.0
20201111,17,PM10_24h,淄博,148.0
20201111,17,SO2,淄博,12.0
20201111,17,SO2_24h,淄博,23.0
20201111,17,NO2,淄博,39.0
20201111,17,NO2_24h,淄博,60.0
20201111,17,O3,淄博,113.0
20201111,17,O3_24h,淄博,134.0
20201111,17,O3_8h,淄博,116.0
20201111,17,O3_8h_24h,淄博,116.0
20201111,17,CO,淄博,0.82
20201111,17,CO_24h,淄博,1.52
20201111,18,AQI,淄博,86.0
20201111,18,PM2.5,淄博,61.0
20201111,18,PM2.5_24h,淄博,73.0
20201111,18,PM10,淄博,122.0
20201111,18,PM10_24h,淄博,148.0
20201111,18,SO2,淄博,15.0
20201111,18,SO2_24h,淄博,23.0
20201111,18,NO2,淄博,59.0
20201111,18,NO2_24h,淄博,58.0
20201111,18,O3,淄博,86.0
20201111,18,O3_24h,淄博,134.0
20201111,18,O3_8h,淄博,118.0
20201111,18,O3_8h_24h,淄博,118.0
20201111,18,CO,淄博,1.1
20201111,18,CO_24h,淄博,1.52
20201111,19,AQI,淄博,87.0
20201111,19,PM2.5,淄博,63.0
20201111,19,PM2.5_24h,淄博,73.0
20201111,19,PM10,淄博,124.0
20201111,19,PM10_24h,淄博,147.0
20201111,19,SO2,淄博,13.0
20201111,19,SO2_24h,淄博,23.0
20201111,19,NO2,淄博,55.0
20201111,19,NO2_24h,淄博,56.0
20201111,19,O3,淄博,85.0
20201111,19,O3_24h,淄博,134.0
20201111,19,O3_8h,淄博,114.0
20201111,19,O3_8h_24h,淄博,118.0
20201111,19,CO,淄博,1.0
20201111,19,CO_24h,淄博,1.52
20201111,20,AQI,淄博,94.0
20201111,20,PM2.5,淄博,70.0
20201111,20,PM2.5_24h,淄博,73.0
20201111,20,PM10,淄博,131.0
20201111,20,PM10_24h,淄博,146.0
20201111,20,SO2,淄博,15.0
20201111,20,SO2_24h,淄博,22.0
20201111,20,NO2,淄博,49.0
20201111,20,NO2_24h,淄博,54.0
20201111,20,O3,淄博,95.0
20201111,20,O3_24h,淄博,134.0
20201111,20,O3_8h,淄博,110.0
20201111,20,O3_8h_24h,淄博,118.0
20201111,20,CO,淄博,0.94
20201111,20,CO_24h,淄博,1.46
20201111,21,AQI,淄博,94.0
20201111,21,PM2.5,淄博,70.0
20201111,21,PM2.5_24h,淄博,72.0
20201111,21,PM10,淄博,131.0
20201111,21,PM10_24h,淄博,142.0
20201111,21,SO2,淄博,14.0
20201111,21,SO2_24h,淄博,22.0
20201111,21,NO2,淄博,47.0
20201111,21,NO2_24h,淄博,52.0
20201111,21,O3,淄博,92.0
20201111,21,O3_24h,淄博,134.0
20201111,21,O3_8h,淄博,105.0
20201111,21,O3_8h_24h,淄博,118.0
20201111,21,CO,淄博,0.84
20201111,21,CO_24h,淄博,1.4
20201111,22,AQI,淄博,90.0
20201111,22,PM2.5,淄博,67.0
20201111,22,PM2.5_24h,淄博,71.0
20201111,22,PM10,淄博,123.0
20201111,22,PM10_24h,淄博,139.0
20201111,22,SO2,淄博,11.0
20201111,22,SO2_24h,淄博,20.0
20201111,22,NO2,淄博,40.0
20201111,22,NO2_24h,淄博,50.0
20201111,22,O3,淄博,87.0
20201111,22,O3_24h,淄博,134.0
20201111,22,O3_8h,淄博,99.0
20201111,22,O3_8h_24h,淄博,118.0
20201111,22,CO,淄博,0.78
20201111,22,CO_24h,淄博,1.34
20201111,23,AQI,淄博,91.0
20201111,23,PM2.5,淄博,62.0
20201111,23,PM2.5_24h,淄博,70.0
20201111,23,PM10,淄博,131.0
20201111,23,PM10_24h,淄博,137.0
20201111,23,SO2,淄博,13.0
20201111,23,SO2_24h,淄博,20.0
20201111,23,NO2,淄博,40.0
20201111,23,NO2_24h,淄博,49.0
20201111,23,O3,淄博,83.0
20201111,23,O3_24h,淄博,134.0
20201111,23,O3_8h,淄博,94.0
20201111,23,O3_8h_24h,淄博,118.0
20201111,23,CO,淄博,1.08
20201111,23,CO_24h,淄博,1.24
20201111,0,AQI,枣庄,119.0
20201111,0,PM2.5,枣庄,83.0
20201111,0,PM2.5_24h,枣庄,76.0
20201111,0,PM10,枣庄,187.0
20201111,0,PM10_24h,枣庄,165.0
20201111,0,SO2,枣庄,19.0
20201111,0,SO2_24h,枣庄,24.0
20201111,0,NO2,枣庄,67.0
20201111,0,NO2_24h,枣庄,65.0
20201111,0,O3,枣庄,47.0
20201111,0,O3_24h,枣庄,121.0
20201111,0,O3_8h,枣庄,63.0
20201111,0,O3_8h_24h,枣庄,102.0
20201111,0,CO,枣庄,0.68
20201111,0,CO_24h,枣庄,0.86
20201111,1,AQI,枣庄,116.0
20201111,1,PM2.5,枣庄,88.0
20201111,1,PM2.5_24h,枣庄,76.0
20201111,1,PM10,枣庄,173.0
20201111,1,PM10_24h,枣庄,165.0
20201111,1,SO2,枣庄,21.0
20201111,1,SO2_24h,枣庄,23.0
20201111,1,NO2,枣庄,76.0
20201111,1,NO2_24h,枣庄,66.0
20201111,1,O3,枣庄,34.0
20201111,1,O3_24h,枣庄,121.0
20201111,1,O3_8h,枣庄,34.0
20201111,1,O3_8h_24h,枣庄,34.0
20201111,1,CO,枣庄,0.78
20201111,1,CO_24h,枣庄,0.84
20201111,2,AQI,枣庄,126.0
20201111,2,PM2.5,枣庄,96.0
20201111,2,PM2.5_24h,枣庄,77.0
20201111,2,PM10,枣庄,198.0
20201111,2,PM10_24h,枣庄,168.0
20201111,2,SO2,枣庄,18.0
20201111,2,SO2_24h,枣庄,23.0
20201111,2,NO2,枣庄,73.0
20201111,2,NO2_24h,枣庄,67.0
20201111,2,O3,枣庄,32.0
20201111,2,O3_24h,枣庄,121.0
20201111,2,O3_8h,枣庄,33.0
20201111,2,O3_8h_24h,枣庄,34.0
20201111,2,CO,枣庄,0.76
20201111,2,CO_24h,枣庄,0.84
20201111,3,AQI,枣庄,125.0
20201111,3,PM2.5,枣庄,95.0
20201111,3,PM2.5_24h,枣庄,79.0
20201111,3,PM10,枣庄,188.0
20201111,3,PM10_24h,枣庄,170.0
20201111,3,SO2,枣庄,18.0
20201111,3,SO2_24h,枣庄,22.0
20201111,3,NO2,枣庄,74.0
20201111,3,NO2_24h,枣庄,67.0
20201111,3,O3,枣庄,26.0
20201111,3,O3_24h,枣庄,121.0
20201111,3,O3_8h,枣庄,31.0
20201111,3,O3_8h_24h,枣庄,34.0
20201111,3,CO,枣庄,0.8
20201111,3,CO_24h,枣庄,0.84
20201111,4,AQI,枣庄,119.0
20201111,4,PM2.5,枣庄,90.0
20201111,4,PM2.5_24h,枣庄,80.0
20201111,4,PM10,枣庄,185.0
20201111,4,PM10_24h,枣庄,171.0
20201111,4,SO2,枣庄,20.0
20201111,4,SO2_24h,枣庄,22.0
20201111,4,NO2,枣庄,76.0
20201111,4,NO2_24h,枣庄,67.0
20201111,4,O3,枣庄,21.0
20201111,4,O3_24h,枣庄,121.0
20201111,4,O3_8h,枣庄,28.0
20201111,4,O3_8h_24h,枣庄,34.0
20201111,4,CO,枣庄,0.86
20201111,4,CO_24h,枣庄,0.84
20201111,5,AQI,枣庄,121.0
20201111,5,PM2.5,枣庄,90.0
20201111,5,PM2.5_24h,枣庄,80.0
20201111,5,PM10,枣庄,192.0
20201111,5,PM10_24h,枣庄,172.0
20201111,5,SO2,枣庄,20.0
20201111,5,SO2_24h,枣庄,22.0
20201111,5,NO2,枣庄,75.0
20201111,5,NO2_24h,枣庄,68.0
20201111,5,O3,枣庄,23.0
20201111,5,O3_24h,枣庄,121.0
20201111,5,O3_8h,枣庄,27.0
20201111,5,O3_8h_24h,枣庄,34.0
20201111,5,CO,枣庄,0.9
20201111,5,CO_24h,枣庄,0.84
20201111,6,AQI,枣庄,126.0
20201111,6,PM2.5,枣庄,96.0
20201111,6,PM2.5_24h,枣庄,81.0
20201111,6,PM10,枣庄,199.0
20201111,6,PM10_24h,枣庄,173.0
20201111,6,SO2,枣庄,22.0
20201111,6,SO2_24h,枣庄,22.0
20201111,6,NO2,枣庄,85.0
20201111,6,NO2_24h,枣庄,69.0
20201111,6,O3,枣庄,24.0
20201111,6,O3_24h,枣庄,121.0
20201111,6,O3_8h,枣庄,27.0
20201111,6,O3_8h_24h,枣庄,34.0
20201111,6,CO,枣庄,1.1
20201111,6,CO_24h,枣庄,0.84
20201111,7,AQI,枣庄,139.0
20201111,7,PM2.5,枣庄,105.0
20201111,7,PM2.5_24h,枣庄,89.0
20201111,7,PM10,枣庄,227.0
20201111,7,PM10_24h,枣庄,213.0
20201111,7,SO2,枣庄,11.0
20201111,7,SO2_24h,枣庄,17.0
20201111,7,NO2,枣庄,81.0
20201111,7,NO2_24h,枣庄,85.0
20201111,7,O3,枣庄,11.0
20201111,7,O3_24h,枣庄,123.0
20201111,7,O3_8h,枣庄,11.0
20201111,7,O3_8h_24h,枣庄,12.0
20201111,7,CO,枣庄,1.2
20201111,7,CO_24h,枣庄,1.0
20201111,8,AQI,枣庄,131.0
20201111,8,PM2.5,枣庄,100.0
20201111,8,PM2.5_24h,枣庄,82.0
20201111,8,PM10,枣庄,188.0
20201111,8,PM10_24h,枣庄,175.0
20201111,8,SO2,枣庄,21.0
20201111,8,SO2_24h,枣庄,20.0
20201111,8,NO2,枣庄,68.0
20201111,8,NO2_24h,枣庄,68.0
20201111,8,O3,枣庄,28.0
20201111,8,O3_24h,枣庄,121.0
20201111,8,O3_8h,枣庄,27.0
20201111,8,O3_8h_24h,枣庄,34.0
20201111,8,CO,枣庄,1.12
20201111,8,CO_24h,枣庄,0.82
20201111,10,AQI,枣庄,124.0
20201111,10,PM2.5,枣庄,94.0
20201111,10,PM2.5_24h,枣庄,83.0
20201111,10,PM10,枣庄,190.0
20201111,10,PM10_24h,枣庄,174.0
20201111,10,SO2,枣庄,23.0
20201111,10,SO2_24h,枣庄,19.0
20201111,10,NO2,枣庄,51.0
20201111,10,NO2_24h,枣庄,67.0
20201111,10,O3,枣庄,66.0
20201111,10,O3_24h,枣庄,121.0
20201111,10,O3_8h,枣庄,32.0
20201111,10,O3_8h_24h,枣庄,38.0
20201111,10,CO,枣庄,0.82
20201111,10,CO_24h,枣庄,0.82
20201111,11,AQI,枣庄,113.0
20201111,11,PM2.5,枣庄,85.0
20201111,11,PM2.5_24h,枣庄,83.0
20201111,11,PM10,枣庄,158.0
20201111,11,PM10_24h,枣庄,172.0
20201111,11,SO2,枣庄,17.0
20201111,11,SO2_24h,枣庄,19.0
20201111,11,NO2,枣庄,42.0
20201111,11,NO2_24h,枣庄,66.0
20201111,11,O3,枣庄,91.0
20201111,11,O3_24h,枣庄,121.0
20201111,11,O3_8h,枣庄,41.0
20201111,11,O3_8h_24h,枣庄,45.0
20201111,11,CO,枣庄,0.7
20201111,11,CO_24h,枣庄,0.82
20201111,12,AQI,枣庄,93.0
20201111,12,PM2.5,枣庄,64.0
20201111,12,PM2.5_24h,枣庄,82.0
20201111,12,PM10,枣庄,136.0
20201111,12,PM10_24h,枣庄,170.0
20201111,12,SO2,枣庄,13.0
20201111,12,SO2_24h,枣庄,18.0
20201111,12,NO2,枣庄,37.0
20201111,12,NO2_24h,枣庄,65.0
20201111,12,O3,枣庄,106.0
20201111,12,O3_24h,枣庄,122.0
20201111,12,O3_8h,枣庄,51.0
20201111,12,O3_8h_24h,枣庄,53.0
20201111,12,CO,枣庄,0.64
20201111,12,CO_24h,枣庄,0.82
20201111,13,AQI,枣庄,87.0
20201111,13,PM2.5,枣庄,59.0
20201111,13,PM2.5_24h,枣庄,82.0
20201111,13,PM10,枣庄,123.0
20201111,13,PM10_24h,枣庄,168.0
20201111,13,SO2,枣庄,11.0
20201111,13,SO2_24h,枣庄,18.0
20201111,13,NO2,枣庄,34.0
20201111,13,NO2_24h,枣庄,65.0
20201111,13,O3,枣庄,126.0
20201111,13,O3_24h,枣庄,128.0
20201111,13,O3_8h,枣庄,64.0
20201111,13,O3_8h_24h,枣庄,64.0
20201111,13,CO,枣庄,0.54
20201111,13,CO_24h,枣庄,0.82
20201111,14,AQI,枣庄,78.0
20201111,14,PM2.5,枣庄,50.0
20201111,14,PM2.5_24h,枣庄,81.0
20201111,14,PM10,枣庄,106.0
20201111,14,PM10_24h,枣庄,167.0
20201111,14,SO2,枣庄,11.0
20201111,14,SO2_24h,枣庄,18.0
20201111,14,NO2,枣庄,33.0
20201111,14,NO2_24h,枣庄,64.0
20201111,14,O3,枣庄,133.0
20201111,14,O3_24h,枣庄,133.0
20201111,14,O3_8h,枣庄,78.0
20201111,14,O3_8h_24h,枣庄,78.0
20201111,14,CO,枣庄,0.48
20201111,14,CO_24h,枣庄,0.82
20201111,15,AQI,枣庄,75.0
20201111,15,PM2.5,枣庄,44.0
20201111,15,PM2.5_24h,枣庄,80.0
20201111,15,PM10,枣庄,99.0
20201111,15,PM10_24h,枣庄,166.0
20201111,15,SO2,枣庄,10.0
20201111,15,SO2_24h,枣庄,17.0
20201111,15,NO2,枣庄,35.0
20201111,15,NO2_24h,枣庄,63.0
20201111,15,O3,枣庄,133.0
20201111,15,O3_24h,枣庄,134.0
20201111,15,O3_8h,枣庄,91.0
20201111,15,O3_8h_24h,枣庄,91.0
20201111,15,CO,枣庄,0.46
20201111,15,CO_24h,枣庄,0.8
20201111,16,AQI,枣庄,71.0
20201111,16,PM2.5,枣庄,39.0
20201111,16,PM2.5_24h,枣庄,79.0
20201111,16,PM10,枣庄,92.0
20201111,16,PM10_24h,枣庄,164.0
20201111,16,SO2,枣庄,9.0
20201111,16,SO2_24h,枣庄,17.0
20201111,16,NO2,枣庄,37.0
20201111,16,NO2_24h,枣庄,63.0
20201111,16,O3,枣庄,134.0
20201111,16,O3_24h,枣庄,135.0
20201111,16,O3_8h,枣庄,105.0
20201111,16,O3_8h_24h,枣庄,105.0
20201111,16,CO,枣庄,0.46
20201111,16,CO_24h,枣庄,0.78
20201111,17,AQI,枣庄,73.0
20201111,17,PM2.5,枣庄,42.0
20201111,17,PM2.5_24h,枣庄,79.0
20201111,17,PM10,枣庄,95.0
20201111,17,PM10_24h,枣庄,163.0
20201111,17,SO2,枣庄,9.0
20201111,17,SO2_24h,枣庄,17.0
20201111,17,NO2,枣庄,46.0
20201111,17,NO2_24h,枣庄,62.0
20201111,17,O3,枣庄,118.0
20201111,17,O3_24h,枣庄,135.0
20201111,17,O3_8h,枣庄,113.0
20201111,17,O3_8h_24h,枣庄,113.0
20201111,17,CO,枣庄,0.52
20201111,17,CO_24h,枣庄,0.78
20201111,18,AQI,枣庄,82.0
20201111,18,PM2.5,枣庄,45.0
20201111,18,PM2.5_24h,枣庄,78.0
20201111,18,PM10,枣庄,114.0
20201111,18,PM10_24h,枣庄,161.0
20201111,18,SO2,枣庄,9.0
20201111,18,SO2_24h,枣庄,16.0
20201111,18,NO2,枣庄,70.0
20201111,18,NO2_24h,枣庄,62.0
20201111,18,O3,枣庄,83.0
20201111,18,O3_24h,枣庄,135.0
20201111,18,O3_8h,枣庄,116.0
20201111,18,O3_8h_24h,枣庄,116.0
20201111,18,CO,枣庄,0.65
20201111,18,CO_24h,枣庄,0.78
20201111,19,AQI,枣庄,93.0
20201111,19,PM2.5,枣庄,54.0
20201111,19,PM2.5_24h,枣庄,77.0
20201111,19,PM10,枣庄,135.0
20201111,19,PM10_24h,枣庄,159.0
20201111,19,SO2,枣庄,9.0
20201111,19,SO2_24h,枣庄,16.0
20201111,19,NO2,枣庄,69.0
20201111,19,NO2_24h,枣庄,61.0
20201111,19,O3,枣庄,75.0
20201111,19,O3_24h,枣庄,135.0
20201111,19,O3_8h,枣庄,114.0
20201111,19,O3_8h_24h,枣庄,116.0
20201111,19,CO,枣庄,0.65
20201111,19,CO_24h,枣庄,0.78
20201111,20,AQI,枣庄,92.0
20201111,20,PM2.5,枣庄,59.0
20201111,20,PM2.5_24h,枣庄,76.0
20201111,20,PM10,枣庄,133.0
20201111,20,PM10_24h,枣庄,158.0
20201111,20,SO2,枣庄,10.0
20201111,20,SO2_24h,枣庄,16.0
20201111,20,NO2,枣庄,63.0
20201111,20,NO2_24h,枣庄,61.0
20201111,20,O3,枣庄,72.0
20201111,20,O3_24h,枣庄,135.0
20201111,20,O3_8h,枣庄,109.0
20201111,20,O3_8h_24h,枣庄,116.0
20201111,20,CO,枣庄,0.58
20201111,20,CO_24h,枣庄,0.76
20201111,21,AQI,枣庄,94.0
20201111,21,PM2.5,枣庄,68.0
20201111,21,PM2.5_24h,枣庄,75.0
20201111,21,PM10,枣庄,138.0
20201111,21,PM10_24h,枣庄,156.0
20201111,21,SO2,枣庄,12.0
20201111,21,SO2_24h,枣庄,16.0
20201111,21,NO2,枣庄,63.0
20201111,21,NO2_24h,枣庄,60.0
20201111,21,O3,枣庄,64.0
20201111,21,O3_24h,枣庄,135.0
20201111,21,O3_8h,枣庄,102.0
20201111,21,O3_8h_24h,枣庄,116.0
20201111,21,CO,枣庄,0.6
20201111,21,CO_24h,枣庄,0.74
20201111,22,AQI,枣庄,93.0
20201111,22,PM2.5,枣庄,67.0
20201111,22,PM2.5_24h,枣庄,72.0
20201111,22,PM10,枣庄,136.0
20201111,22,PM10_24h,枣庄,146.0
20201111,22,SO2,枣庄,11.0
20201111,22,SO2_24h,枣庄,15.0
20201111,22,NO2,枣庄,53.0
20201111,22,NO2_24h,枣庄,58.0
20201111,22,O3,枣庄,74.0
20201111,22,O3_24h,枣庄,138.0
20201111,22,O3_8h,枣庄,99.0
20201111,22,O3_8h_24h,枣庄,120.0
20201111,22,CO,枣庄,0.57
20201111,22,CO_24h,枣庄,0.75
20201111,23,AQI,枣庄,84.0
20201111,23,PM2.5,枣庄,62.0
20201111,23,PM2.5_24h,枣庄,68.0
20201111,23,PM10,枣庄,115.0
20201111,23,PM10_24h,枣庄,130.0
20201111,23,SO2,枣庄,10.0
20201111,23,SO2_24h,枣庄,15.0
20201111,23,NO2,枣庄,44.0
20201111,23,NO2_24h,枣庄,51.0
20201111,23,O3,枣庄,78.0
20201111,23,O3_24h,枣庄,138.0
20201111,23,O3_8h,枣庄,96.0
20201111,23,O3_8h_24h,枣庄,123.0
20201111,23,CO,枣庄,0.5
20201111,23,CO_24h,枣庄,0.7
20201111,0,AQI,烟台,69.0
20201111,0,PM2.5,烟台,41.0
20201111,0,PM2.5_24h,烟台,29.0
20201111,0,PM10,烟台,87.0
20201111,0,PM10_24h,烟台,74.0
20201111,0,SO2,烟台,12.0
20201111,0,SO2_24h,烟台,12.0
20201111,0,NO2,烟台,48.0
20201111,0,NO2_24h,烟台,48.0
20201111,0,O3,烟台,37.0
20201111,0,O3_24h,烟台,75.0
20201111,0,O3_8h,烟台,25.0
20201111,0,O3_8h_24h,烟台,61.0
20201111,0,CO,烟台,0.67
20201111,0,CO_24h,烟台,0.82
20201111,1,AQI,烟台,58.0
20201111,1,PM2.5,烟台,37.0
20201111,1,PM2.5_24h,烟台,29.0
20201111,1,PM10,烟台,65.0
20201111,1,PM10_24h,烟台,74.0
20201111,1,SO2,烟台,10.0
20201111,1,SO2_24h,烟台,12.0
20201111,1,NO2,烟台,42.0
20201111,1,NO2_24h,烟台,48.0
20201111,1,O3,烟台,36.0
20201111,1,O3_24h,烟台,75.0
20201111,1,O3_8h,烟台,36.0
20201111,1,O3_8h_24h,烟台,36.0
20201111,1,CO,烟台,0.6
20201111,1,CO_24h,烟台,0.82
20201111,2,AQI,烟台,53.0
20201111,2,PM2.5,烟台,29.0
20201111,2,PM2.5_24h,烟台,29.0
20201111,2,PM10,烟台,55.0
20201111,2,PM10_24h,烟台,74.0
20201111,2,SO2,烟台,10.0
20201111,2,SO2_24h,烟台,12.0
20201111,2,NO2,烟台,39.0
20201111,2,NO2_24h,烟台,47.0
20201111,2,O3,烟台,38.0
20201111,2,O3_24h,烟台,75.0
20201111,2,O3_8h,烟台,37.0
20201111,2,O3_8h_24h,烟台,38.0
20201111,2,CO,烟台,0.55
20201111,2,CO_24h,烟台,0.78
20201111,3,AQI,烟台,52.0
20201111,3,PM2.5,烟台,25.0
20201111,3,PM2.5_24h,烟台,29.0
20201111,3,PM10,烟台,53.0
20201111,3,PM10_24h,烟台,73.0
20201111,3,SO2,烟台,10.0
20201111,3,SO2_24h,烟台,12.0
20201111,3,NO2,烟台,35.0
20201111,3,NO2_24h,烟台,47.0
20201111,3,O3,烟台,41.0
20201111,3,O3_24h,烟台,75.0
20201111,3,O3_8h,烟台,39.0
20201111,3,O3_8h_24h,烟台,40.0
20201111,3,CO,烟台,0.48
20201111,3,CO_24h,烟台,0.77
20201111,4,AQI,烟台,46.0
20201111,4,PM2.5,烟台,21.0
20201111,4,PM2.5_24h,烟台,29.0
20201111,4,PM10,烟台,46.0
20201111,4,PM10_24h,烟台,72.0
20201111,4,SO2,烟台,9.0
20201111,4,SO2_24h,烟台,12.0
20201111,4,NO2,烟台,35.0
20201111,4,NO2_24h,烟台,46.0
20201111,4,O3,烟台,42.0
20201111,4,O3_24h,烟台,75.0
20201111,4,O3_8h,烟台,39.0
20201111,4,O3_8h_24h,烟台,41.0
20201111,4,CO,烟台,0.45
20201111,4,CO_24h,烟台,0.75
20201111,5,AQI,烟台,40.0
20201111,5,PM2.5,烟台,22.0
20201111,5,PM2.5_24h,烟台,29.0
20201111,5,PM10,烟台,40.0
20201111,5,PM10_24h,烟台,71.0
20201111,5,SO2,烟台,8.0
20201111,5,SO2_24h,烟台,12.0
20201111,5,NO2,烟台,38.0
20201111,5,NO2_24h,烟台,46.0
20201111,5,O3,烟台,38.0
20201111,5,O3_24h,烟台,75.0
20201111,5,O3_8h,烟台,39.0
20201111,5,O3_8h_24h,烟台,41.0
20201111,5,CO,烟台,0.43
20201111,5,CO_24h,烟台,0.73
20201111,6,AQI,烟台,40.0
20201111,6,PM2.5,烟台,22.0
20201111,6,PM2.5_24h,烟台,29.0
20201111,6,PM10,烟台,40.0
20201111,6,PM10_24h,烟台,70.0
20201111,6,SO2,烟台,9.0
20201111,6,SO2_24h,烟台,12.0
20201111,6,NO2,烟台,43.0
20201111,6,NO2_24h,烟台,46.0
20201111,6,O3,烟台,32.0
20201111,6,O3_24h,烟台,75.0
20201111,6,O3_8h,烟台,38.0
20201111,6,O3_8h_24h,烟台,41.0
20201111,6,CO,烟台,0.47
20201111,6,CO_24h,烟台,0.73
20201111,7,AQI,烟台,30.0
20201111,7,PM2.5,烟台,20.0
20201111,7,PM2.5_24h,烟台,27.0
20201111,7,PM10,烟台,30.0
20201111,7,PM10_24h,烟台,57.0
20201111,7,SO2,烟台,12.0
20201111,7,SO2_24h,烟台,14.0
20201111,7,NO2,烟台,28.0
20201111,7,NO2_24h,烟台,42.0
20201111,7,O3,烟台,55.0
20201111,7,O3_24h,烟台,70.0
20201111,7,O3_8h,烟台,57.0
20201111,7,O3_8h_24h,烟台,59.0
20201111,7,CO,烟台,0.3
20201111,7,CO_24h,烟台,0.5
20201111,8,AQI,烟台,52.0
20201111,8,PM2.5,烟台,25.0
20201111,8,PM2.5_24h,烟台,29.0
20201111,8,PM10,烟台,53.0
20201111,8,PM10_24h,烟台,68.0
20201111,8,SO2,烟台,11.0
20201111,8,SO2_24h,烟台,12.0
20201111,8,NO2,烟台,54.0
20201111,8,NO2_24h,烟台,46.0
20201111,8,O3,烟台,26.0
20201111,8,O3_24h,烟台,75.0
20201111,8,O3_8h,烟台,37.0
20201111,8,O3_8h_24h,烟台,41.0
20201111,8,CO,烟台,0.63
20201111,8,CO_24h,烟台,0.67
20201111,10,AQI,烟台,65.0
20201111,10,PM2.5,烟台,30.0
20201111,10,PM2.5_24h,烟台,28.0
20201111,10,PM10,烟台,80.0
20201111,10,PM10_24h,烟台,65.0
20201111,10,SO2,烟台,11.0
20201111,10,SO2_24h,烟台,12.0
20201111,10,NO2,烟台,46.0
20201111,10,NO2_24h,烟台,47.0
20201111,10,O3,烟台,50.0
20201111,10,O3_24h,烟台,75.0
20201111,10,O3_8h,烟台,36.0
20201111,10,O3_8h_24h,烟台,42.0
20201111,10,CO,烟台,0.52
20201111,10,CO_24h,烟台,0.65
20201111,11,AQI,烟台,55.0
20201111,11,PM2.5,烟台,24.0
20201111,11,PM2.5_24h,烟台,28.0
20201111,11,PM10,烟台,59.0
20201111,11,PM10_24h,烟台,65.0
20201111,11,SO2,烟台,10.0
20201111,11,SO2_24h,烟台,12.0
20201111,11,NO2,烟台,32.0
20201111,11,NO2_24h,烟台,47.0
20201111,11,O3,烟台,69.0
20201111,11,O3_24h,烟台,78.0
20201111,11,O3_8h,烟台,40.0
20201111,11,O3_8h_24h,烟台,44.0
20201111,11,CO,烟台,0.38
20201111,11,CO_24h,烟台,0.65
20201111,12,AQI,烟台,51.0
20201111,12,PM2.5,烟台,20.0
20201111,12,PM2.5_24h,烟台,28.0
20201111,12,PM10,烟台,52.0
20201111,12,PM10_24h,烟台,65.0
20201111,12,SO2,烟台,11.0
20201111,12,SO2_24h,烟台,12.0
20201111,12,NO2,烟台,25.0
20201111,12,NO2_24h,烟台,46.0
20201111,12,O3,烟台,88.0
20201111,12,O3_24h,烟台,88.0
20201111,12,O3_8h,烟台,45.0
20201111,12,O3_8h_24h,烟台,48.0
20201111,12,CO,烟台,0.38
20201111,12,CO_24h,烟台,0.65
20201111,13,AQI,烟台,52.0
20201111,13,PM2.5,烟台,18.0
20201111,13,PM2.5_24h,烟台,28.0
20201111,13,PM10,烟台,54.0
20201111,13,PM10_24h,烟台,65.0
20201111,13,SO2,烟台,11.0
20201111,13,SO2_24h,烟台,12.0
20201111,13,NO2,烟台,20.0
20201111,13,NO2_24h,烟台,46.0
20201111,13,O3,烟台,103.0
20201111,13,O3_24h,烟台,103.0
20201111,13,O3_8h,烟台,54.0
20201111,13,O3_8h_24h,烟台,55.0
20201111,13,CO,烟台,0.35
20201111,13,CO_24h,烟台,0.65
20201111,14,AQI,烟台,52.0
20201111,14,PM2.5,烟台,19.0
20201111,14,PM2.5_24h,烟台,29.0
20201111,14,PM10,烟台,54.0
20201111,14,PM10_24h,烟台,66.0
20201111,14,SO2,烟台,11.0
20201111,14,SO2_24h,烟台,12.0
20201111,14,NO2,烟台,20.0
20201111,14,NO2_24h,烟台,46.0
20201111,14,O3,烟台,109.0
20201111,14,O3_24h,烟台,109.0
20201111,14,O3_8h,烟台,63.0
20201111,14,O3_8h_24h,烟台,63.0
20201111,14,CO,烟台,0.32
20201111,14,CO_24h,烟台,0.63
20201111,15,AQI,烟台,52.0
20201111,15,PM2.5,烟台,19.0
20201111,15,PM2.5_24h,烟台,29.0
20201111,15,PM10,烟台,53.0
20201111,15,PM10_24h,烟台,67.0
20201111,15,SO2,烟台,10.0
20201111,15,SO2_24h,烟台,12.0
20201111,15,NO2,烟台,20.0
20201111,15,NO2_24h,烟台,46.0
20201111,15,O3,烟台,113.0
20201111,15,O3_24h,烟台,113.0
20201111,15,O3_8h,烟台,74.0
20201111,15,O3_8h_24h,烟台,74.0
20201111,15,CO,烟台,0.37
20201111,15,CO_24h,烟台,0.63
20201111,16,AQI,烟台,55.0
20201111,16,PM2.5,烟台,21.0
20201111,16,PM2.5_24h,烟台,29.0
20201111,16,PM10,烟台,60.0
20201111,16,PM10_24h,烟台,67.0
20201111,16,SO2,烟台,11.0
20201111,16,SO2_24h,烟台,12.0
20201111,16,NO2,烟台,23.0
20201111,16,NO2_24h,烟台,46.0
20201111,16,O3,烟台,112.0
20201111,16,O3_24h,烟台,114.0
20201111,16,O3_8h,烟台,84.0
20201111,16,O3_8h_24h,烟台,84.0
20201111,16,CO,烟台,0.35
20201111,16,CO_24h,烟台,0.6
20201111,17,AQI,烟台,56.0
20201111,17,PM2.5,烟台,25.0
20201111,17,PM2.5_24h,烟台,29.0
20201111,17,PM10,烟台,61.0
20201111,17,PM10_24h,烟台,67.0
20201111,17,SO2,烟台,9.0
20201111,17,SO2_24h,烟台,11.0
20201111,17,NO2,烟台,26.0
20201111,17,NO2_24h,烟台,44.0
20201111,17,O3,烟台,100.0
20201111,17,O3_24h,烟台,114.0
20201111,17,O3_8h,烟台,93.0
20201111,17,O3_8h_24h,烟台,93.0
20201111,17,CO,烟台,0.33
20201111,17,CO_24h,烟台,0.58
20201111,18,AQI,烟台,53.0
20201111,18,PM2.5,烟台,18.0
20201111,18,PM2.5_24h,烟台,29.0
20201111,18,PM10,烟台,55.0
20201111,18,PM10_24h,烟台,66.0
20201111,18,SO2,烟台,9.0
20201111,18,SO2_24h,烟台,11.0
20201111,18,NO2,烟台,30.0
20201111,18,NO2_24h,烟台,43.0
20201111,18,O3,烟台,86.0
20201111,18,O3_24h,烟台,114.0
20201111,18,O3_8h,烟台,97.0
20201111,18,O3_8h_24h,烟台,97.0
20201111,18,CO,烟台,0.37
20201111,18,CO_24h,烟台,0.58
20201111,19,AQI,烟台,41.0
20201111,19,PM2.5,烟台,13.0
20201111,19,PM2.5_24h,烟台,28.0
20201111,19,PM10,烟台,41.0
20201111,19,PM10_24h,烟台,64.0
20201111,19,SO2,烟台,9.0
20201111,19,SO2_24h,烟台,11.0
20201111,19,NO2,烟台,30.0
20201111,19,NO2_24h,烟台,41.0
20201111,19,O3,烟台,81.0
20201111,19,O3_24h,烟台,114.0
20201111,19,O3_8h,烟台,99.0
20201111,19,O3_8h_24h,烟台,99.0
20201111,19,CO,烟台,0.35
20201111,19,CO_24h,烟台,0.55
20201111,20,AQI,烟台,37.0
20201111,20,PM2.5,烟台,14.0
20201111,20,PM2.5_24h,烟台,27.0
20201111,20,PM10,烟台,37.0
20201111,20,PM10_24h,烟台,61.0
20201111,20,SO2,烟台,8.0
20201111,20,SO2_24h,烟台,11.0
20201111,20,NO2,烟台,28.0
20201111,20,NO2_24h,烟台,39.0
20201111,20,O3,烟台,81.0
20201111,20,O3_24h,烟台,114.0
20201111,20,O3_8h,烟台,98.0
20201111,20,O3_8h_24h,烟台,99.0
20201111,20,CO,烟台,0.32
20201111,20,CO_24h,烟台,0.53
20201111,21,AQI,烟台,34.0
20201111,21,PM2.5,烟台,12.0
20201111,21,PM2.5_24h,烟台,25.0
20201111,21,PM10,烟台,34.0
20201111,21,PM10_24h,烟台,58.0
20201111,21,SO2,烟台,8.0
20201111,21,SO2_24h,烟台,10.0
20201111,21,NO2,烟台,22.0
20201111,21,NO2_24h,烟台,37.0
20201111,21,O3,烟台,85.0
20201111,21,O3_24h,烟台,114.0
20201111,21,O3_8h,烟台,96.0
20201111,21,O3_8h_24h,烟台,99.0
20201111,21,CO,烟台,0.3
20201111,21,CO_24h,烟台,0.5
20201111,22,AQI,烟台,29.0
20201111,22,PM2.5,烟台,9.0
20201111,22,PM2.5_24h,烟台,23.0
20201111,22,PM10,烟台,29.0
20201111,22,PM10_24h,烟台,55.0
20201111,22,SO2,烟台,9.0
20201111,22,SO2_24h,烟台,10.0
20201111,22,NO2,烟台,20.0
20201111,22,NO2_24h,烟台,35.0
20201111,22,O3,烟台,85.0
20201111,22,O3_24h,烟台,114.0
20201111,22,O3_8h,烟台,93.0
20201111,22,O3_8h_24h,烟台,99.0
20201111,22,CO,烟台,0.32
20201111,22,CO_24h,烟台,0.45
20201111,23,AQI,烟台,27.0
20201111,23,PM2.5,烟台,9.0
20201111,23,PM2.5_24h,烟台,22.0
20201111,23,PM10,烟台,24.0
20201111,23,PM10_24h,烟台,52.0
20201111,23,SO2,烟台,8.0
20201111,23,SO2_24h,烟台,10.0
20201111,23,NO2,烟台,17.0
20201111,23,NO2_24h,烟台,33.0
20201111,23,O3,烟台,87.0
20201111,23,O3_24h,烟台,114.0
20201111,23,O3_8h,烟台,90.0
20201111,23,O3_8h_24h,烟台,99.0
20201111,23,CO,烟台,0.3
20201111,23,CO_24h,烟台,0.42
20201111,0,AQI,潍坊,70.0
20201111,0,PM2.5,潍坊,37.0
20201111,0,PM2.5_24h,潍坊,54.0
20201111,0,PM10,潍坊,90.0
20201111,0,PM10_24h,潍坊,119.0
20201111,0,SO2,潍坊,10.0
20201111,0,SO2_24h,潍坊,12.0
20201111,0,NO2,潍坊,63.0
20201111,0,NO2_24h,潍坊,55.0
20201111,0,O3,潍坊,20.0
20201111,0,O3_24h,潍坊,78.0
20201111,0,O3_8h,潍坊,34.0
20201111,0,O3_8h_24h,潍坊,63.0
20201111,0,CO,潍坊,0.74
20201111,0,CO_24h,潍坊,1.02
20201111,1,AQI,潍坊,74.0
20201111,1,PM2.5,潍坊,45.0
20201111,1,PM2.5_24h,潍坊,53.0
20201111,1,PM10,潍坊,98.0
20201111,1,PM10_24h,潍坊,116.0
20201111,1,SO2,潍坊,11.0
20201111,1,SO2_24h,潍坊,12.0
20201111,1,NO2,潍坊,63.0
20201111,1,NO2_24h,潍坊,54.0
20201111,1,O3,潍坊,22.0
20201111,1,O3_24h,潍坊,78.0
20201111,1,O3_8h,潍坊,22.0
20201111,1,O3_8h_24h,潍坊,22.0
20201111,1,CO,潍坊,0.84
20201111,1,CO_24h,潍坊,1.02
20201111,2,AQI,潍坊,75.0
20201111,2,PM2.5,潍坊,45.0
20201111,2,PM2.5_24h,潍坊,51.0
20201111,2,PM10,潍坊,100.0
20201111,2,PM10_24h,潍坊,113.0
20201111,2,SO2,潍坊,11.0
20201111,2,SO2_24h,潍坊,12.0
20201111,2,NO2,潍坊,61.0
20201111,2,NO2_24h,潍坊,54.0
20201111,2,O3,潍坊,25.0
20201111,2,O3_24h,潍坊,78.0
20201111,2,O3_8h,潍坊,23.0
20201111,2,O3_8h_24h,潍坊,24.0
20201111,2,CO,潍坊,0.9
20201111,2,CO_24h,潍坊,0.96
20201111,3,AQI,潍坊,81.0
20201111,3,PM2.5,潍坊,46.0
20201111,3,PM2.5_24h,潍坊,49.0
20201111,3,PM10,潍坊,111.0
20201111,3,PM10_24h,潍坊,110.0
20201111,3,SO2,潍坊,12.0
20201111,3,SO2_24h,潍坊,12.0
20201111,3,NO2,潍坊,67.0
20201111,3,NO2_24h,潍坊,54.0
20201111,3,O3,潍坊,19.0
20201111,3,O3_24h,潍坊,78.0
20201111,3,O3_8h,潍坊,22.0
20201111,3,O3_8h_24h,潍坊,24.0
20201111,3,CO,潍坊,1.08
20201111,3,CO_24h,潍坊,0.96
20201111,4,AQI,潍坊,84.0
20201111,4,PM2.5,潍坊,52.0
20201111,4,PM2.5_24h,潍坊,48.0
20201111,4,PM10,潍坊,117.0
20201111,4,PM10_24h,潍坊,108.0
20201111,4,SO2,潍坊,11.0
20201111,4,SO2_24h,潍坊,12.0
20201111,4,NO2,潍坊,70.0
20201111,4,NO2_24h,潍坊,54.0
20201111,4,O3,潍坊,14.0
20201111,4,O3_24h,潍坊,78.0
20201111,4,O3_8h,潍坊,20.0
20201111,4,O3_8h_24h,潍坊,24.0
20201111,4,CO,潍坊,1.12
20201111,4,CO_24h,潍坊,0.96
20201111,5,AQI,潍坊,88.0
20201111,5,PM2.5,潍坊,53.0
20201111,5,PM2.5_24h,潍坊,46.0
20201111,5,PM10,潍坊,125.0
20201111,5,PM10_24h,潍坊,106.0
20201111,5,SO2,潍坊,10.0
20201111,5,SO2_24h,潍坊,12.0
20201111,5,NO2,潍坊,71.0
20201111,5,NO2_24h,潍坊,55.0
20201111,5,O3,潍坊,13.0
20201111,5,O3_24h,潍坊,78.0
20201111,5,O3_8h,潍坊,19.0
20201111,5,O3_8h_24h,潍坊,24.0
20201111,5,CO,潍坊,1.16
20201111,5,CO_24h,潍坊,0.96
20201111,6,AQI,潍坊,92.0
20201111,6,PM2.5,潍坊,62.0
20201111,6,PM2.5_24h,潍坊,46.0
20201111,6,PM10,潍坊,133.0
20201111,6,PM10_24h,潍坊,105.0
20201111,6,SO2,潍坊,10.0
20201111,6,SO2_24h,潍坊,12.0
20201111,6,NO2,潍坊,69.0
20201111,6,NO2_24h,潍坊,55.0
20201111,6,O3,潍坊,14.0
20201111,6,O3_24h,潍坊,78.0
20201111,6,O3_8h,潍坊,18.0
20201111,6,O3_8h_24h,潍坊,24.0
20201111,6,CO,潍坊,1.16
20201111,6,CO_24h,潍坊,0.94
20201111,8,AQI,潍坊,102.0
20201111,8,PM2.5,潍坊,74.0
20201111,8,PM2.5_24h,潍坊,43.0
20201111,8,PM10,潍坊,153.0
20201111,8,PM10_24h,潍坊,100.0
20201111,8,SO2,潍坊,11.0
20201111,8,SO2_24h,潍坊,11.0
20201111,8,NO2,潍坊,68.0
20201111,8,NO2_24h,潍坊,55.0
20201111,8,O3,潍坊,15.0
20201111,8,O3_24h,潍坊,78.0
20201111,8,O3_8h,潍坊,17.0
20201111,8,O3_8h_24h,潍坊,24.0
20201111,8,CO,潍坊,1.24
20201111,8,CO_24h,潍坊,0.88
20201111,10,AQI,潍坊,111.0
20201111,10,PM2.5,潍坊,78.0
20201111,10,PM2.5_24h,潍坊,46.0
20201111,10,PM10,潍坊,172.0
20201111,10,PM10_24h,潍坊,105.0
20201111,10,SO2,潍坊,15.0
20201111,10,SO2_24h,潍坊,11.0
20201111,10,NO2,潍坊,56.0
20201111,10,NO2_24h,潍坊,55.0
20201111,10,O3,潍坊,48.0
20201111,10,O3_24h,潍坊,78.0
20201111,10,O3_8h,潍坊,19.0
20201111,10,O3_8h_24h,潍坊,24.0
20201111,10,CO,潍坊,0.97
20201111,10,CO_24h,潍坊,0.85
20201111,11,AQI,潍坊,102.0
20201111,11,PM2.5,潍坊,64.0
20201111,11,PM2.5_24h,潍坊,47.0
20201111,11,PM10,潍坊,154.0
20201111,11,PM10_24h,潍坊,107.0
20201111,11,SO2,潍坊,15.0
20201111,11,SO2_24h,潍坊,11.0
20201111,11,NO2,潍坊,40.0
20201111,11,NO2_24h,潍坊,55.0
20201111,11,O3,潍坊,81.0
20201111,11,O3_24h,潍坊,81.0
20201111,11,O3_8h,潍坊,26.0
20201111,11,O3_8h_24h,潍坊,28.0
20201111,11,CO,潍坊,0.8
20201111,11,CO_24h,潍坊,0.85
20201111,12,AQI,潍坊,101.0
20201111,12,PM2.5,潍坊,64.0
20201111,12,PM2.5_24h,潍坊,46.0
20201111,12,PM10,潍坊,151.0
20201111,12,PM10_24h,潍坊,106.0
20201111,12,SO2,潍坊,17.0
20201111,12,SO2_24h,潍坊,11.0
20201111,12,NO2,潍坊,33.0
20201111,12,NO2_24h,潍坊,55.0
20201111,12,O3,潍坊,97.0
20201111,12,O3_24h,潍坊,97.0
20201111,12,O3_8h,潍坊,36.0
20201111,12,O3_8h_24h,潍坊,37.0
20201111,12,CO,潍坊,0.7
20201111,12,CO_24h,潍坊,0.88
20201111,13,AQI,潍坊,94.0
20201111,13,PM2.5,潍坊,53.0
20201111,13,PM2.5_24h,潍坊,47.0
20201111,13,PM10,潍坊,138.0
20201111,13,PM10_24h,潍坊,109.0
20201111,13,SO2,潍坊,13.0
20201111,13,SO2_24h,潍坊,11.0
20201111,13,NO2,潍坊,24.0
20201111,13,NO2_24h,潍坊,55.0
20201111,13,O3,潍坊,117.0
20201111,13,O3_24h,潍坊,117.0
20201111,13,O3_8h,潍坊,50.0
20201111,13,O3_8h_24h,潍坊,50.0
20201111,13,CO,潍坊,0.74
20201111,13,CO_24h,潍坊,0.86
20201111,14,AQI,潍坊,91.0
20201111,14,PM2.5,潍坊,49.0
20201111,14,PM2.5_24h,潍坊,48.0
20201111,14,PM10,潍坊,131.0
20201111,14,PM10_24h,潍坊,112.0
20201111,14,SO2,潍坊,12.0
20201111,14,SO2_24h,潍坊,11.0
20201111,14,NO2,潍坊,23.0
20201111,14,NO2_24h,潍坊,55.0
20201111,14,O3,潍坊,120.0
20201111,14,O3_24h,潍坊,120.0
20201111,14,O3_8h,潍坊,65.0
20201111,14,O3_8h_24h,潍坊,65.0
20201111,14,CO,潍坊,0.7
20201111,14,CO_24h,潍坊,0.86
20201111,15,AQI,潍坊,93.0
20201111,15,PM2.5,潍坊,48.0
20201111,15,PM2.5_24h,潍坊,49.0
20201111,15,PM10,潍坊,136.0
20201111,15,PM10_24h,潍坊,115.0
20201111,15,SO2,潍坊,11.0
20201111,15,SO2_24h,潍坊,11.0
20201111,15,NO2,潍坊,28.0
20201111,15,NO2_24h,潍坊,55.0
20201111,15,O3,潍坊,119.0
20201111,15,O3_24h,潍坊,123.0
20201111,15,O3_8h,潍坊,78.0
20201111,15,O3_8h_24h,潍坊,78.0
20201111,15,CO,潍坊,0.67
20201111,15,CO_24h,潍坊,0.84
20201111,16,AQI,潍坊,91.0
20201111,16,PM2.5,潍坊,47.0
20201111,16,PM2.5_24h,潍坊,50.0
20201111,16,PM10,潍坊,132.0
20201111,16,PM10_24h,潍坊,118.0
20201111,16,SO2,潍坊,10.0
20201111,16,SO2_24h,潍坊,11.0
20201111,16,NO2,潍坊,33.0
20201111,16,NO2_24h,潍坊,55.0
20201111,16,O3,潍坊,114.0
20201111,16,O3_24h,潍坊,123.0
20201111,16,O3_8h,潍坊,91.0
20201111,16,O3_8h_24h,潍坊,91.0
20201111,16,CO,潍坊,0.62
20201111,16,CO_24h,潍坊,0.86
20201111,17,AQI,潍坊,88.0
20201111,17,PM2.5,潍坊,48.0
20201111,17,PM2.5_24h,潍坊,51.0
20201111,17,PM10,潍坊,126.0
20201111,17,PM10_24h,潍坊,119.0
20201111,17,SO2,潍坊,9.0
20201111,17,SO2_24h,潍坊,11.0
20201111,17,NO2,潍坊,37.0
20201111,17,NO2_24h,潍坊,55.0
20201111,17,O3,潍坊,104.0
20201111,17,O3_24h,潍坊,123.0
20201111,17,O3_8h,潍坊,102.0
20201111,17,O3_8h_24h,潍坊,102.0
20201111,17,CO,潍坊,0.62
20201111,17,CO_24h,潍坊,0.86
20201111,18,AQI,潍坊,91.0
20201111,18,PM2.5,潍坊,52.0
20201111,18,PM2.5_24h,潍坊,52.0
20201111,18,PM10,潍坊,132.0
20201111,18,PM10_24h,潍坊,121.0
20201111,18,SO2,潍坊,10.0
20201111,18,SO2_24h,潍坊,11.0
20201111,18,NO2,潍坊,48.0
20201111,18,NO2_24h,潍坊,55.0
20201111,18,O3,潍坊,85.0
20201111,18,O3_24h,潍坊,123.0
20201111,18,O3_8h,潍坊,105.0
20201111,18,O3_8h_24h,潍坊,106.0
20201111,18,CO,潍坊,0.57
20201111,18,CO_24h,潍坊,0.86
20201111,19,AQI,潍坊,101.0
20201111,19,PM2.5,潍坊,65.0
20201111,19,PM2.5_24h,潍坊,53.0
20201111,19,PM10,潍坊,152.0
20201111,19,PM10_24h,潍坊,124.0
20201111,19,SO2,潍坊,11.0
20201111,19,SO2_24h,潍坊,11.0
20201111,19,NO2,潍坊,59.0
20201111,19,NO2_24h,潍坊,54.0
20201111,19,O3,潍坊,66.0
20201111,19,O3_24h,潍坊,123.0
20201111,19,O3_8h,潍坊,102.0
20201111,19,O3_8h_24h,潍坊,106.0
20201111,19,CO,潍坊,1.02
20201111,19,CO_24h,潍坊,0.88
20201111,20,AQI,潍坊,96.0
20201111,20,PM2.5,潍坊,66.0
20201111,20,PM2.5_24h,潍坊,55.0
20201111,20,PM10,潍坊,142.0
20201111,20,PM10_24h,潍坊,127.0
20201111,20,SO2,潍坊,10.0
20201111,20,SO2_24h,潍坊,11.0
20201111,20,NO2,潍坊,51.0
20201111,20,NO2_24h,潍坊,54.0
20201111,20,O3,潍坊,68.0
20201111,20,O3_24h,潍坊,123.0
20201111,20,O3_8h,潍坊,98.0
20201111,20,O3_8h_24h,潍坊,106.0
20201111,20,CO,潍坊,1.1
20201111,20,CO_24h,潍坊,0.88
20201111,21,AQI,潍坊,98.0
20201111,21,PM2.5,潍坊,63.0
20201111,21,PM2.5_24h,潍坊,55.0
20201111,21,PM10,潍坊,146.0
20201111,21,PM10_24h,潍坊,129.0
20201111,21,SO2,潍坊,9.0
20201111,21,SO2_24h,潍坊,11.0
20201111,21,NO2,潍坊,41.0
20201111,21,NO2_24h,潍坊,53.0
20201111,21,O3,潍坊,73.0
20201111,21,O3_24h,潍坊,123.0
20201111,21,O3_8h,潍坊,93.0
20201111,21,O3_8h_24h,潍坊,106.0
20201111,21,CO,潍坊,0.94
20201111,21,CO_24h,潍坊,0.92
20201111,22,AQI,潍坊,92.0
20201111,22,PM2.5,潍坊,62.0
20201111,22,PM2.5_24h,潍坊,56.0
20201111,22,PM10,潍坊,134.0
20201111,22,PM10_24h,潍坊,131.0
20201111,22,SO2,潍坊,8.0
20201111,22,SO2_24h,潍坊,11.0
20201111,22,NO2,潍坊,41.0
20201111,22,NO2_24h,潍坊,52.0
20201111,22,O3,潍坊,67.0
20201111,22,O3_24h,潍坊,123.0
20201111,22,O3_8h,潍坊,86.0
20201111,22,O3_8h_24h,潍坊,106.0
20201111,22,CO,潍坊,0.82
20201111,22,CO_24h,潍坊,0.92
20201111,23,AQI,潍坊,75.0
20201111,23,PM2.5,潍坊,47.0
20201111,23,PM2.5_24h,潍坊,56.0
20201111,23,PM10,潍坊,99.0
20201111,23,PM10_24h,潍坊,131.0
20201111,23,SO2,潍坊,7.0
20201111,23,SO2_24h,潍坊,11.0
20201111,23,NO2,潍坊,34.0
20201111,23,NO2_24h,潍坊,51.0
20201111,23,O3,潍坊,70.0
20201111,23,O3_24h,潍坊,123.0
20201111,23,O3_8h,潍坊,81.0
20201111,23,O3_8h_24h,潍坊,106.0
20201111,23,CO,潍坊,0.66
20201111,23,CO_24h,潍坊,0.9
20201111,0,AQI,济宁,110.0
20201111,0,PM2.5,济宁,83.0
20201111,0,PM2.5_24h,济宁,82.0
20201111,0,PM10,济宁,114.0
20201111,0,PM10_24h,济宁,115.0
20201111,0,SO2,济宁,25.0
20201111,0,SO2_24h,济宁,29.0
20201111,0,NO2,济宁,48.0
20201111,0,NO2_24h,济宁,51.0
20201111,0,O3,济宁,64.0
20201111,0,O3_24h,济宁,151.0
20201111,0,O3_8h,济宁,100.0
20201111,0,O3_8h_24h,济宁,127.0
20201111,0,CO,济宁,0.83
20201111,0,CO_24h,济宁,1.13
20201111,1,AQI,济宁,113.0
20201111,1,PM2.5,济宁,85.0
20201111,1,PM2.5_24h,济宁,83.0
20201111,1,PM10,济宁,113.0
20201111,1,PM10_24h,济宁,117.0
20201111,1,SO2,济宁,27.0
20201111,1,SO2_24h,济宁,29.0
20201111,1,NO2,济宁,58.0
20201111,1,NO2_24h,济宁,50.0
20201111,1,O3,济宁,49.0
20201111,1,O3_24h,济宁,151.0
20201111,1,O3_8h,济宁,49.0
20201111,1,O3_8h_24h,济宁,49.0
20201111,1,CO,济宁,0.93
20201111,1,CO_24h,济宁,1.13
20201111,2,AQI,济宁,118.0
20201111,2,PM2.5,济宁,89.0
20201111,2,PM2.5_24h,济宁,84.0
20201111,2,PM10,济宁,139.0
20201111,2,PM10_24h,济宁,118.0
20201111,2,SO2,济宁,33.0
20201111,2,SO2_24h,济宁,30.0
20201111,2,NO2,济宁,68.0
20201111,2,NO2_24h,济宁,50.0
20201111,2,O3,济宁,38.0
20201111,2,O3_24h,济宁,151.0
20201111,2,O3_8h,济宁,44.0
20201111,2,O3_8h_24h,济宁,49.0
20201111,2,CO,济宁,1.03
20201111,2,CO_24h,济宁,1.1
20201111,3,AQI,济宁,121.0
20201111,3,PM2.5,济宁,92.0
20201111,3,PM2.5_24h,济宁,84.0
20201111,3,PM10,济宁,129.0
20201111,3,PM10_24h,济宁,118.0
20201111,3,SO2,济宁,38.0
20201111,3,SO2_24h,济宁,30.0
20201111,3,NO2,济宁,70.0
20201111,3,NO2_24h,济宁,50.0
20201111,3,O3,济宁,34.0
20201111,3,O3_24h,济宁,151.0
20201111,3,O3_8h,济宁,40.0
20201111,3,O3_8h_24h,济宁,49.0
20201111,3,CO,济宁,1.17
20201111,3,CO_24h,济宁,1.1
20201111,4,AQI,济宁,119.0
20201111,4,PM2.5,济宁,90.0
20201111,4,PM2.5_24h,济宁,85.0
20201111,4,PM10,济宁,124.0
20201111,4,PM10_24h,济宁,119.0
20201111,4,SO2,济宁,40.0
20201111,4,SO2_24h,济宁,31.0
20201111,4,NO2,济宁,66.0
20201111,4,NO2_24h,济宁,50.0
20201111,4,O3,济宁,37.0
20201111,4,O3_24h,济宁,151.0
20201111,4,O3_8h,济宁,40.0
20201111,4,O3_8h_24h,济宁,49.0
20201111,4,CO,济宁,1.1
20201111,4,CO_24h,济宁,1.1
20201111,5,AQI,济宁,115.0
20201111,5,PM2.5,济宁,87.0
20201111,5,PM2.5_24h,济宁,85.0
20201111,5,PM10,济宁,115.0
20201111,5,PM10_24h,济宁,119.0
20201111,5,SO2,济宁,42.0
20201111,5,SO2_24h,济宁,32.0
20201111,5,NO2,济宁,61.0
20201111,5,NO2_24h,济宁,49.0
20201111,5,O3,济宁,39.0
20201111,5,O3_24h,济宁,151.0
20201111,5,O3_8h,济宁,40.0
20201111,5,O3_8h_24h,济宁,49.0
20201111,5,CO,济宁,1.03
20201111,5,CO_24h,济宁,1.1
20201111,6,AQI,济宁,119.0
20201111,6,PM2.5,济宁,90.0
20201111,6,PM2.5_24h,济宁,86.0
20201111,6,PM10,济宁,109.0
20201111,6,PM10_24h,济宁,120.0
20201111,6,SO2,济宁,44.0
20201111,6,SO2_24h,济宁,33.0
20201111,6,NO2,济宁,65.0
20201111,6,NO2_24h,济宁,49.0
20201111,6,O3,济宁,32.0
20201111,6,O3_24h,济宁,151.0
20201111,6,O3_8h,济宁,38.0
20201111,6,O3_8h_24h,济宁,49.0
20201111,6,CO,济宁,1.13
20201111,6,CO_24h,济宁,1.1
20201111,8,AQI,济宁,110.0
20201111,8,PM2.5,济宁,83.0
20201111,8,PM2.5_24h,济宁,86.0
20201111,8,PM10,济宁,112.0
20201111,8,PM10_24h,济宁,120.0
20201111,8,SO2,济宁,45.0
20201111,8,SO2_24h,济宁,34.0
20201111,8,NO2,济宁,66.0
20201111,8,NO2_24h,济宁,49.0
20201111,8,O3,济宁,34.0
20201111,8,O3_24h,济宁,151.0
20201111,8,O3_8h,济宁,38.0
20201111,8,O3_8h_24h,济宁,49.0
20201111,8,CO,济宁,1.1
20201111,8,CO_24h,济宁,1.0
20201111,10,AQI,济宁,101.0
20201111,10,PM2.5,济宁,76.0
20201111,10,PM2.5_24h,济宁,86.0
20201111,10,PM10,济宁,121.0
20201111,10,PM10_24h,济宁,118.0
20201111,10,SO2,济宁,45.0
20201111,10,SO2_24h,济宁,34.0
20201111,10,NO2,济宁,49.0
20201111,10,NO2_24h,济宁,48.0
20201111,10,O3,济宁,62.0
20201111,10,O3_24h,济宁,151.0
20201111,10,O3_8h,济宁,39.0
20201111,10,O3_8h_24h,济宁,49.0
20201111,10,CO,济宁,1.0
20201111,10,CO_24h,济宁,0.97
20201111,11,AQI,济宁,93.0
20201111,11,PM2.5,济宁,69.0
20201111,11,PM2.5_24h,济宁,86.0
20201111,11,PM10,济宁,106.0
20201111,11,PM10_24h,济宁,117.0
20201111,11,SO2,济宁,36.0
20201111,11,SO2_24h,济宁,32.0
20201111,11,NO2,济宁,34.0
20201111,11,NO2_24h,济宁,47.0
20201111,11,O3,济宁,96.0
20201111,11,O3_24h,济宁,151.0
20201111,11,O3_8h,济宁,47.0
20201111,11,O3_8h_24h,济宁,52.0
20201111,11,CO,济宁,0.87
20201111,11,CO_24h,济宁,0.93
20201111,12,AQI,济宁,99.0
20201111,12,PM2.5,济宁,74.0
20201111,12,PM2.5_24h,济宁,85.0
20201111,12,PM10,济宁,103.0
20201111,12,PM10_24h,济宁,116.0
20201111,12,SO2,济宁,28.0
20201111,12,SO2_24h,济宁,31.0
20201111,12,NO2,济宁,32.0
20201111,12,NO2_24h,济宁,47.0
20201111,12,O3,济宁,112.0
20201111,12,O3_24h,济宁,151.0
20201111,12,O3_8h,济宁,56.0
20201111,12,O3_8h_24h,济宁,59.0
20201111,12,CO,济宁,0.87
20201111,12,CO_24h,济宁,0.93
20201111,13,AQI,济宁,101.0
20201111,13,PM2.5,济宁,76.0
20201111,13,PM2.5_24h,济宁,86.0
20201111,13,PM10,济宁,107.0
20201111,13,PM10_24h,济宁,117.0
20201111,13,SO2,济宁,20.0
20201111,13,SO2_24h,济宁,30.0
20201111,13,NO2,济宁,31.0
20201111,13,NO2_24h,济宁,47.0
20201111,13,O3,济宁,126.0
20201111,13,O3_24h,济宁,151.0
20201111,13,O3_8h,济宁,67.0
20201111,13,O3_8h_24h,济宁,67.0
20201111,13,CO,济宁,0.83
20201111,13,CO_24h,济宁,0.93
20201111,14,AQI,济宁,90.0
20201111,14,PM2.5,济宁,67.0
20201111,14,PM2.5_24h,济宁,85.0
20201111,14,PM10,济宁,90.0
20201111,14,PM10_24h,济宁,116.0
20201111,14,SO2,济宁,18.0
20201111,14,SO2_24h,济宁,30.0
20201111,14,NO2,济宁,25.0
20201111,14,NO2_24h,济宁,47.0
20201111,14,O3,济宁,141.0
20201111,14,O3_24h,济宁,152.0
20201111,14,O3_8h,济宁,81.0
20201111,14,O3_8h_24h,济宁,81.0
20201111,14,CO,济宁,0.77
20201111,14,CO_24h,济宁,0.93
20201111,15,AQI,济宁,96.0
20201111,15,PM2.5,济宁,72.0
20201111,15,PM2.5_24h,济宁,84.0
20201111,15,PM10,济宁,81.0
20201111,15,PM10_24h,济宁,115.0
20201111,15,SO2,济宁,18.0
20201111,15,SO2_24h,济宁,30.0
20201111,15,NO2,济宁,28.0
20201111,15,NO2_24h,济宁,47.0
20201111,15,O3,济宁,141.0
20201111,15,O3_24h,济宁,150.0
20201111,15,O3_8h,济宁,95.0
20201111,15,O3_8h_24h,济宁,95.0
20201111,15,CO,济宁,0.77
20201111,15,CO_24h,济宁,0.93
20201111,16,AQI,济宁,120.0
20201111,16,PM2.5,济宁,91.0
20201111,16,PM2.5_24h,济宁,84.0
20201111,16,PM10,济宁,96.0
20201111,16,PM10_24h,济宁,115.0
20201111,16,SO2,济宁,19.0
20201111,16,SO2_24h,济宁,30.0
20201111,16,NO2,济宁,41.0
20201111,16,NO2_24h,济宁,48.0
20201111,16,O3,济宁,130.0
20201111,16,O3_24h,济宁,148.0
20201111,16,O3_8h,济宁,107.0
20201111,16,O3_8h_24h,济宁,107.0
20201111,16,CO,济宁,0.83
20201111,16,CO_24h,济宁,0.93
20201111,17,AQI,济宁,123.0
20201111,17,PM2.5,济宁,93.0
20201111,17,PM2.5_24h,济宁,84.0
20201111,17,PM10,济宁,109.0
20201111,17,PM10_24h,济宁,114.0
20201111,17,SO2,济宁,17.0
20201111,17,SO2_24h,济宁,30.0
20201111,17,NO2,济宁,46.0
20201111,17,NO2_24h,济宁,49.0
20201111,17,O3,济宁,121.0
20201111,17,O3_24h,济宁,142.0
20201111,17,O3_8h,济宁,116.0
20201111,17,O3_8h_24h,济宁,116.0
20201111,17,CO,济宁,0.93
20201111,17,CO_24h,济宁,0.93
20201111,18,AQI,济宁,117.0
20201111,18,PM2.5,济宁,76.0
20201111,18,PM2.5_24h,济宁,84.0
20201111,18,PM10,济宁,183.0
20201111,18,PM10_24h,济宁,116.0
20201111,18,SO2,济宁,15.0
20201111,18,SO2_24h,济宁,29.0
20201111,18,NO2,济宁,41.0
20201111,18,NO2_24h,济宁,49.0
20201111,18,O3,济宁,119.0
20201111,18,O3_24h,济宁,142.0
20201111,18,O3_8h,济宁,123.0
20201111,18,O3_8h_24h,济宁,123.0
20201111,18,CO,济宁,0.9
20201111,18,CO_24h,济宁,0.93
20201111,19,AQI,济宁,100.0
20201111,19,PM2.5,济宁,75.0
20201111,19,PM2.5_24h,济宁,83.0
20201111,19,PM10,济宁,103.0
20201111,19,PM10_24h,济宁,116.0
20201111,19,SO2,济宁,15.0
20201111,19,SO2_24h,济宁,29.0
20201111,19,NO2,济宁,35.0
20201111,19,NO2_24h,济宁,49.0
20201111,19,O3,济宁,118.0
20201111,19,O3_24h,济宁,142.0
20201111,19,O3_8h,济宁,126.0
20201111,19,O3_8h_24h,济宁,126.0
20201111,19,CO,济宁,0.9
20201111,19,CO_24h,济宁,0.93
20201111,20,AQI,济宁,91.0
20201111,20,PM2.5,济宁,68.0
20201111,20,PM2.5_24h,济宁,82.0
20201111,20,PM10,济宁,90.0
20201111,20,PM10_24h,济宁,115.0
20201111,20,SO2,济宁,15.0
20201111,20,SO2_24h,济宁,29.0
20201111,20,NO2,济宁,35.0
20201111,20,NO2_24h,济宁,49.0
20201111,20,O3,济宁,109.0
20201111,20,O3_24h,济宁,142.0
20201111,20,O3_8h,济宁,126.0
20201111,20,O3_8h_24h,济宁,127.0
20201111,20,CO,济宁,0.9
20201111,20,CO_24h,济宁,0.93
20201111,21,AQI,济宁,94.0
20201111,21,PM2.5,济宁,70.0
20201111,21,PM2.5_24h,济宁,81.0
20201111,21,PM10,济宁,85.0
20201111,21,PM10_24h,济宁,112.0
20201111,21,SO2,济宁,18.0
20201111,21,SO2_24h,济宁,29.0
20201111,21,NO2,济宁,37.0
20201111,21,NO2_24h,济宁,49.0
20201111,21,O3,济宁,92.0
20201111,21,O3_24h,济宁,142.0
20201111,21,O3_8h,济宁,121.0
20201111,21,O3_8h_24h,济宁,127.0
20201111,21,CO,济宁,0.83
20201111,21,CO_24h,济宁,0.93
20201111,22,AQI,济宁,89.0
20201111,22,PM2.5,济宁,66.0
20201111,22,PM2.5_24h,济宁,80.0
20201111,22,PM10,济宁,96.0
20201111,22,PM10_24h,济宁,111.0
20201111,22,SO2,济宁,20.0
20201111,22,SO2_24h,济宁,29.0
20201111,22,NO2,济宁,36.0
20201111,22,NO2_24h,济宁,48.0
20201111,22,O3,济宁,85.0
20201111,22,O3_24h,济宁,142.0
20201111,22,O3_8h,济宁,114.0
20201111,22,O3_8h_24h,济宁,127.0
20201111,22,CO,济宁,0.8
20201111,22,CO_24h,济宁,0.93
20201111,23,AQI,济宁,74.0
20201111,23,PM2.5,济宁,54.0
20201111,23,PM2.5_24h,济宁,79.0
20201111,23,PM10,济宁,74.0
20201111,23,PM10_24h,济宁,109.0
20201111,23,SO2,济宁,17.0
20201111,23,SO2_24h,济宁,29.0
20201111,23,NO2,济宁,31.0
20201111,23,NO2_24h,济宁,47.0
20201111,23,O3,济宁,87.0
20201111,23,O3_24h,济宁,142.0
20201111,23,O3_8h,济宁,107.0
20201111,23,O3_8h_24h,济宁,127.0
20201111,23,CO,济宁,0.73
20201111,23,CO_24h,济宁,0.9
20201111,0,AQI,泰安,120.0
20201111,0,PM2.5,泰安,91.0
20201111,0,PM2.5_24h,泰安,82.0
20201111,0,PM10,泰安,172.0
20201111,0,PM10_24h,泰安,159.0
20201111,0,SO2,泰安,27.0
20201111,0,SO2_24h,泰安,25.0
20201111,0,NO2,泰安,56.0
20201111,0,NO2_24h,泰安,59.0
20201111,0,O3,泰安,64.0
20201111,0,O3_24h,泰安,118.0
20201111,0,O3_8h,泰安,55.0
20201111,0,O3_8h_24h,泰安,94.0
20201111,0,CO,泰安,0.9
20201111,0,CO_24h,泰安,1.13
20201111,1,AQI,泰安,135.0
20201111,1,PM2.5,泰安,103.0
20201111,1,PM2.5_24h,泰安,84.0
20201111,1,PM10,泰安,161.0
20201111,1,PM10_24h,泰安,159.0
20201111,1,SO2,泰安,25.0
20201111,1,SO2_24h,泰安,25.0
20201111,1,NO2,泰安,62.0
20201111,1,NO2_24h,泰安,58.0
20201111,1,O3,泰安,43.0
20201111,1,O3_24h,泰安,118.0
20201111,1,O3_8h,泰安,43.0
20201111,1,O3_8h_24h,泰安,43.0
20201111,1,CO,泰安,1.03
20201111,1,CO_24h,泰安,1.13
20201111,2,AQI,泰安,151.0
20201111,2,PM2.5,泰安,116.0
20201111,2,PM2.5_24h,泰安,86.0
20201111,2,PM10,泰安,166.0
20201111,2,PM10_24h,泰安,160.0
20201111,2,SO2,泰安,29.0
20201111,2,SO2_24h,泰安,26.0
20201111,2,NO2,泰安,63.0
20201111,2,NO2_24h,泰安,58.0
20201111,2,O3,泰安,35.0
20201111,2,O3_24h,泰安,118.0
20201111,2,O3_8h,泰安,39.0
20201111,2,O3_8h_24h,泰安,43.0
20201111,2,CO,泰安,1.17
20201111,2,CO_24h,泰安,1.13
20201111,3,AQI,泰安,146.0
20201111,3,PM2.5,泰安,112.0
20201111,3,PM2.5_24h,泰安,88.0
20201111,3,PM10,泰安,190.0
20201111,3,PM10_24h,泰安,162.0
20201111,3,SO2,泰安,27.0
20201111,3,SO2_24h,泰安,26.0
20201111,3,NO2,泰安,58.0
20201111,3,NO2_24h,泰安,58.0
20201111,3,O3,泰安,37.0
20201111,3,O3_24h,泰安,118.0
20201111,3,O3_8h,泰安,38.0
20201111,3,O3_8h_24h,泰安,43.0
20201111,3,CO,泰安,1.0
20201111,3,CO_24h,泰安,1.13
20201111,4,AQI,泰安,146.0
20201111,4,PM2.5,泰安,112.0
20201111,4,PM2.5_24h,泰安,89.0
20201111,4,PM10,泰安,182.0
20201111,4,PM10_24h,泰安,164.0
20201111,4,SO2,泰安,34.0
20201111,4,SO2_24h,泰安,27.0
20201111,4,NO2,泰安,70.0
20201111,4,NO2_24h,泰安,58.0
20201111,4,O3,泰安,21.0
20201111,4,O3_24h,泰安,118.0
20201111,4,O3_8h,泰安,34.0
20201111,4,O3_8h_24h,泰安,43.0
20201111,4,CO,泰安,0.93
20201111,4,CO_24h,泰安,1.13
20201111,5,AQI,泰安,153.0
20201111,5,PM2.5,泰安,117.0
20201111,5,PM2.5_24h,泰安,92.0
20201111,5,PM10,泰安,171.0
20201111,5,PM10_24h,泰安,165.0
20201111,5,SO2,泰安,38.0
20201111,5,SO2_24h,泰安,27.0
20201111,5,NO2,泰安,70.0
20201111,5,NO2_24h,泰安,58.0
20201111,5,O3,泰安,19.0
20201111,5,O3_24h,泰安,118.0
20201111,5,O3_8h,泰安,31.0
20201111,5,O3_8h_24h,泰安,43.0
20201111,5,CO,泰安,0.93
20201111,5,CO_24h,泰安,1.1
20201111,6,AQI,泰安,150.0
20201111,6,PM2.5,泰安,115.0
20201111,6,PM2.5_24h,泰安,94.0
20201111,6,PM10,泰安,180.0
20201111,6,PM10_24h,泰安,167.0
20201111,6,SO2,泰安,39.0
20201111,6,SO2_24h,泰安,28.0
20201111,6,NO2,泰安,69.0
20201111,6,NO2_24h,泰安,59.0
20201111,6,O3,泰安,22.0
20201111,6,O3_24h,泰安,118.0
20201111,6,O3_8h,泰安,29.0
20201111,6,O3_8h_24h,泰安,43.0
20201111,6,CO,泰安,1.0
20201111,6,CO_24h,泰安,1.1
20201111,8,AQI,泰安,154.0
20201111,8,PM2.5,泰安,118.0
20201111,8,PM2.5_24h,泰安,96.0
20201111,8,PM10,泰安,181.0
20201111,8,PM10_24h,泰安,170.0
20201111,8,SO2,泰安,43.0
20201111,8,SO2_24h,泰安,30.0
20201111,8,NO2,泰安,76.0
20201111,8,NO2_24h,泰安,60.0
20201111,8,O3,泰安,17.0
20201111,8,O3_24h,泰安,118.0
20201111,8,O3_8h,泰安,27.0
20201111,8,O3_8h_24h,泰安,43.0
20201111,8,CO,泰安,1.33
20201111,8,CO_24h,泰安,1.13
20201111,10,AQI,泰安,144.0
20201111,10,PM2.5,泰安,107.0
20201111,10,PM2.5_24h,泰安,98.0
20201111,10,PM10,泰安,237.0
20201111,10,PM10_24h,泰安,173.0
20201111,10,SO2,泰安,40.0
20201111,10,SO2_24h,泰安,32.0
20201111,10,NO2,泰安,61.0
20201111,10,NO2_24h,泰安,61.0
20201111,10,O3,泰安,53.0
20201111,10,O3_24h,泰安,118.0
20201111,10,O3_8h,泰安,27.0
20201111,10,O3_8h_24h,泰安,45.0
20201111,10,CO,泰安,1.27
20201111,10,CO_24h,泰安,1.1
20201111,11,AQI,泰安,116.0
20201111,11,PM2.5,泰安,83.0
20201111,11,PM2.5_24h,泰安,99.0
20201111,11,PM10,泰安,181.0
20201111,11,PM10_24h,泰安,173.0
20201111,11,SO2,泰安,28.0
20201111,11,SO2_24h,泰安,31.0
20201111,11,NO2,泰安,45.0
20201111,11,NO2_24h,泰安,61.0
20201111,11,O3,泰安,90.0
20201111,11,O3_24h,泰安,118.0
20201111,11,O3_8h,泰安,34.0
20201111,11,O3_8h_24h,泰安,52.0
20201111,11,CO,泰安,0.9
20201111,11,CO_24h,泰安,1.07
20201111,12,AQI,泰安,118.0
20201111,12,PM2.5,泰安,89.0
20201111,12,PM2.5_24h,泰安,100.0
20201111,12,PM10,泰安,152.0
20201111,12,PM10_24h,泰安,173.0
20201111,12,SO2,泰安,25.0
20201111,12,SO2_24h,泰安,31.0
20201111,12,NO2,泰安,42.0
20201111,12,NO2_24h,泰安,61.0
20201111,12,O3,泰安,103.0
20201111,12,O3_24h,泰安,118.0
20201111,12,O3_8h,泰安,44.0
20201111,12,O3_8h_24h,泰安,59.0
20201111,12,CO,泰安,0.83
20201111,12,CO_24h,泰安,1.03
20201111,13,AQI,泰安,109.0
20201111,13,PM2.5,泰安,82.0
20201111,13,PM2.5_24h,泰安,99.0
20201111,13,PM10,泰安,151.0
20201111,13,PM10_24h,泰安,174.0
20201111,13,SO2,泰安,25.0
20201111,13,SO2_24h,泰安,31.0
20201111,13,NO2,泰安,34.0
20201111,13,NO2_24h,泰安,61.0
20201111,13,O3,泰安,126.0
20201111,13,O3_24h,泰安,126.0
20201111,13,O3_8h,泰安,57.0
20201111,13,O3_8h_24h,泰安,68.0
20201111,13,CO,泰安,0.7
20201111,13,CO_24h,泰安,1.03
20201111,14,AQI,泰安,104.0
20201111,14,PM2.5,泰安,78.0
20201111,14,PM2.5_24h,泰安,99.0
20201111,14,PM10,泰安,132.0
20201111,14,PM10_24h,泰安,173.0
20201111,14,SO2,泰安,23.0
20201111,14,SO2_24h,泰安,31.0
20201111,14,NO2,泰安,34.0
20201111,14,NO2_24h,泰安,61.0
20201111,14,O3,泰安,131.0
20201111,14,O3_24h,泰安,131.0
20201111,14,O3_8h,泰安,71.0
20201111,14,O3_8h_24h,泰安,78.0
20201111,14,CO,泰安,0.67
20201111,14,CO_24h,泰安,1.0
20201111,15,AQI,泰安,92.0
20201111,15,PM2.5,泰安,67.0
20201111,15,PM2.5_24h,泰安,98.0
20201111,15,PM10,泰安,134.0
20201111,15,PM10_24h,泰安,172.0
20201111,15,SO2,泰安,23.0
20201111,15,SO2_24h,泰安,30.0
20201111,15,NO2,泰安,33.0
20201111,15,NO2_24h,泰安,60.0
20201111,15,O3,泰安,137.0
20201111,15,O3_24h,泰安,137.0
20201111,15,O3_8h,泰安,85.0
20201111,15,O3_8h_24h,泰安,88.0
20201111,15,CO,泰安,0.67
20201111,15,CO_24h,泰安,1.0
20201111,16,AQI,泰安,86.0
20201111,16,PM2.5,泰安,57.0
20201111,16,PM2.5_24h,泰安,96.0
20201111,16,PM10,泰安,121.0
20201111,16,PM10_24h,泰安,171.0
20201111,16,SO2,泰安,22.0
20201111,16,SO2_24h,泰安,30.0
20201111,16,NO2,泰安,32.0
20201111,16,NO2_24h,泰安,60.0
20201111,16,O3,泰安,142.0
20201111,16,O3_24h,泰安,140.0
20201111,16,O3_8h,泰安,98.0
20201111,16,O3_8h_24h,泰安,98.0
20201111,16,CO,泰安,0.6
20201111,16,CO_24h,泰安,1.0
20201111,17,AQI,泰安,80.0
20201111,17,PM2.5,泰安,56.0
20201111,17,PM2.5_24h,泰安,95.0
20201111,17,PM10,泰安,109.0
20201111,17,PM10_24h,泰安,170.0
20201111,17,SO2,泰安,18.0
20201111,17,SO2_24h,泰安,29.0
20201111,17,NO2,泰安,47.0
20201111,17,NO2_24h,泰安,60.0
20201111,17,O3,泰安,122.0
20201111,17,O3_24h,泰安,140.0
20201111,17,O3_8h,泰安,110.0
20201111,17,O3_8h_24h,泰安,110.0
20201111,17,CO,泰安,0.67
20201111,17,CO_24h,泰安,1.0
20201111,18,AQI,泰安,85.0
20201111,18,PM2.5,泰安,63.0
20201111,18,PM2.5_24h,泰安,94.0
20201111,18,PM10,泰安,120.0
20201111,18,PM10_24h,泰安,169.0
20201111,18,SO2,泰安,20.0
20201111,18,SO2_24h,泰安,29.0
20201111,18,NO2,泰安,82.0
20201111,18,NO2_24h,泰安,60.0
20201111,18,O3,泰安,83.0
20201111,18,O3_24h,泰安,140.0
20201111,18,O3_8h,泰安,116.0
20201111,18,O3_8h_24h,泰安,116.0
20201111,18,CO,泰安,0.9
20201111,18,CO_24h,泰安,1.0
20201111,19,AQI,泰安,107.0
20201111,19,PM2.5,泰安,67.0
20201111,19,PM2.5_24h,泰安,94.0
20201111,19,PM10,泰安,164.0
20201111,19,PM10_24h,泰安,169.0
20201111,19,SO2,泰安,23.0
20201111,19,SO2_24h,泰安,29.0
20201111,19,NO2,泰安,76.0
20201111,19,NO2_24h,泰安,61.0
20201111,19,O3,泰安,69.0
20201111,19,O3_24h,泰安,140.0
20201111,19,O3_8h,泰安,113.0
20201111,19,O3_8h_24h,泰安,116.0
20201111,19,CO,泰安,0.83
20201111,19,CO_24h,泰安,1.0
20201111,20,AQI,泰安,104.0
20201111,20,PM2.5,泰安,73.0
20201111,20,PM2.5_24h,泰安,93.0
20201111,20,PM10,泰安,157.0
20201111,20,PM10_24h,泰安,169.0
20201111,20,SO2,泰安,18.0
20201111,20,SO2_24h,泰安,29.0
20201111,20,NO2,泰安,50.0
20201111,20,NO2_24h,泰安,59.0
20201111,20,O3,泰安,85.0
20201111,20,O3_24h,泰安,140.0
20201111,20,O3_8h,泰安,110.0
20201111,20,O3_8h_24h,泰安,116.0
20201111,20,CO,泰安,0.67
20201111,20,CO_24h,泰安,0.97
20201111,21,AQI,泰安,100.0
20201111,21,PM2.5,泰安,75.0
20201111,21,PM2.5_24h,泰安,92.0
20201111,21,PM10,泰安,147.0
20201111,21,PM10_24h,泰安,166.0
20201111,21,SO2,泰安,18.0
20201111,21,SO2_24h,泰安,28.0
20201111,21,NO2,泰安,47.0
20201111,21,NO2_24h,泰安,58.0
20201111,21,O3,泰安,82.0
20201111,21,O3_24h,泰安,140.0
20201111,21,O3_8h,泰安,103.0
20201111,21,O3_8h_24h,泰安,116.0
20201111,21,CO,泰安,0.67
20201111,21,CO_24h,泰安,0.93
20201111,22,AQI,泰安,94.0
20201111,22,PM2.5,泰安,66.0
20201111,22,PM2.5_24h,泰安,91.0
20201111,22,PM10,泰安,138.0
20201111,22,PM10_24h,泰安,163.0
20201111,22,SO2,泰安,17.0
20201111,22,SO2_24h,泰安,28.0
20201111,22,NO2,泰安,35.0
20201111,22,NO2_24h,泰安,56.0
20201111,22,O3,泰安,92.0
20201111,22,O3_24h,泰安,140.0
20201111,22,O3_8h,泰安,97.0
20201111,22,O3_8h_24h,泰安,116.0
20201111,22,CO,泰安,0.6
20201111,22,CO_24h,泰安,0.93
20201111,23,AQI,泰安,85.0
20201111,23,PM2.5,泰安,59.0
20201111,23,PM2.5_24h,泰安,89.0
20201111,23,PM10,泰安,119.0
20201111,23,PM10_24h,泰安,161.0
20201111,23,SO2,泰安,16.0
20201111,23,SO2_24h,泰安,28.0
20201111,23,NO2,泰安,29.0
20201111,23,NO2_24h,泰安,55.0
20201111,23,O3,泰安,97.0
20201111,23,O3_24h,泰安,140.0
20201111,23,O3_8h,泰安,91.0
20201111,23,O3_8h_24h,泰安,116.0
20201111,23,CO,泰安,0.6
20201111,23,CO_24h,泰安,0.93
20201111,0,AQI,日照,69.0
20201111,0,PM2.5,日照,46.0
20201111,0,PM2.5_24h,日照,36.0
20201111,0,PM10,日照,88.0
20201111,0,PM10_24h,日照,79.0
20201111,0,SO2,日照,6.0
20201111,0,SO2_24h,日照,9.0
20201111,0,NO2,日照,71.0
20201111,0,NO2_24h,日照,50.0
20201111,0,O3,日照,3.0
20201111,0,O3_24h,日照,82.0
20201111,0,O3_8h,日照,37.0
20201111,0,O3_8h_24h,日照,72.0
20201111,0,CO,日照,1.23
20201111,0,CO_24h,日照,0.9
20201111,1,AQI,日照,69.0
20201111,1,PM2.5,日照,45.0
20201111,1,PM2.5_24h,日照,35.0
20201111,1,PM10,日照,88.0
20201111,1,PM10_24h,日照,78.0
20201111,1,SO2,日照,8.0
20201111,1,SO2_24h,日照,9.0
20201111,1,NO2,日照,70.0
20201111,1,NO2_24h,日照,50.0
20201111,1,O3,日照,2.0
20201111,1,O3_24h,日照,82.0
20201111,1,O3_8h,日照,2.0
20201111,1,O3_8h_24h,日照,2.0
20201111,1,CO,日照,1.33
20201111,1,CO_24h,日照,0.9
20201111,2,AQI,日照,74.0
20201111,2,PM2.5,日照,54.0
20201111,2,PM2.5_24h,日照,35.0
20201111,2,PM10,日照,95.0
20201111,2,PM10_24h,日照,76.0
20201111,2,SO2,日照,7.0
20201111,2,SO2_24h,日照,8.0
20201111,2,NO2,日照,67.0
20201111,2,NO2_24h,日照,50.0
20201111,2,O3,日照,3.0
20201111,2,O3_24h,日照,82.0
20201111,2,O3_8h,日照,2.0
20201111,2,O3_8h_24h,日照,2.0
20201111,2,CO,日照,1.17
20201111,2,CO_24h,日照,0.9
20201111,3,AQI,日照,71.0
20201111,3,PM2.5,日照,49.0
20201111,3,PM2.5_24h,日照,35.0
20201111,3,PM10,日照,91.0
20201111,3,PM10_24h,日照,74.0
20201111,3,SO2,日照,7.0
20201111,3,SO2_24h,日照,8.0
20201111,3,NO2,日照,63.0
20201111,3,NO2_24h,日照,50.0
20201111,3,O3,日照,2.0
20201111,3,O3_24h,日照,82.0
20201111,3,O3_8h,日照,2.0
20201111,3,O3_8h_24h,日照,2.0
20201111,3,CO,日照,1.1
20201111,3,CO_24h,日照,0.87
20201111,4,AQI,日照,67.0
20201111,4,PM2.5,日照,47.0
20201111,4,PM2.5_24h,日照,34.0
20201111,4,PM10,日照,84.0
20201111,4,PM10_24h,日照,73.0
20201111,4,SO2,日照,7.0
20201111,4,SO2_24h,日照,8.0
20201111,4,NO2,日照,59.0
20201111,4,NO2_24h,日照,50.0
20201111,4,O3,日照,3.0
20201111,4,O3_24h,日照,82.0
20201111,4,O3_8h,日照,2.0
20201111,4,O3_8h_24h,日照,2.0
20201111,4,CO,日照,0.97
20201111,4,CO_24h,日照,0.87
20201111,5,AQI,日照,73.0
20201111,5,PM2.5,日照,50.0
20201111,5,PM2.5_24h,日照,34.0
20201111,5,PM10,日照,96.0
20201111,5,PM10_24h,日照,73.0
20201111,5,SO2,日照,7.0
20201111,5,SO2_24h,日照,8.0
20201111,5,NO2,日照,57.0
20201111,5,NO2_24h,日照,50.0
20201111,5,O3,日照,2.0
20201111,5,O3_24h,日照,82.0
20201111,5,O3_8h,日照,2.0
20201111,5,O3_8h_24h,日照,2.0
20201111,5,CO,日照,0.83
20201111,5,CO_24h,日照,0.83
20201111,6,AQI,日照,67.0
20201111,6,PM2.5,日照,40.0
20201111,6,PM2.5_24h,日照,34.0
20201111,6,PM10,日照,83.0
20201111,6,PM10_24h,日照,73.0
20201111,6,SO2,日照,6.0
20201111,6,SO2_24h,日照,8.0
20201111,6,NO2,日照,54.0
20201111,6,NO2_24h,日照,50.0
20201111,6,O3,日照,2.0
20201111,6,O3_24h,日照,82.0
20201111,6,O3_8h,日照,3.0
20201111,6,O3_8h_24h,日照,2.0
20201111,6,CO,日照,0.83
20201111,6,CO_24h,日照,0.83
20201111,8,AQI,日照,68.0
20201111,8,PM2.5,日照,46.0
20201111,8,PM2.5_24h,日照,34.0
20201111,8,PM10,日照,86.0
20201111,8,PM10_24h,日照,72.0
20201111,8,SO2,日照,9.0
20201111,8,SO2_24h,日照,8.0
20201111,8,NO2,日照,51.0
20201111,8,NO2_24h,日照,49.0
20201111,8,O3,日照,4.0
20201111,8,O3_24h,日照,82.0
20201111,8,O3_8h,日照,3.0
20201111,8,O3_8h_24h,日照,2.0
20201111,8,CO,日照,1.27
20201111,8,CO_24h,日照,0.83
20201111,10,AQI,日照,99.0
20201111,10,PM2.5,日照,63.0
20201111,10,PM2.5_24h,日照,36.0
20201111,10,PM10,日照,147.0
20201111,10,PM10_24h,日照,75.0
20201111,10,SO2,日照,12.0
20201111,10,SO2_24h,日照,8.0
20201111,10,NO2,日照,78.0
20201111,10,NO2_24h,日照,51.0
20201111,10,O3,日照,8.0
20201111,10,O3_24h,日照,82.0
20201111,10,O3_8h,日照,4.0
20201111,10,O3_8h_24h,日照,3.0
20201111,10,CO,日照,1.3
20201111,10,CO_24h,日照,0.9
20201111,11,AQI,日照,100.0
20201111,11,PM2.5,日照,66.0
20201111,11,PM2.5_24h,日照,37.0
20201111,11,PM10,日照,149.0
20201111,11,PM10_24h,日照,79.0
20201111,11,SO2,日照,12.0
20201111,11,SO2_24h,日照,8.0
20201111,11,NO2,日照,67.0
20201111,11,NO2_24h,日照,53.0
20201111,11,O3,日照,36.0
20201111,11,O3_24h,日照,82.0
20201111,11,O3_8h,日照,6.0
20201111,11,O3_8h_24h,日照,6.0
20201111,11,CO,日照,0.85
20201111,11,CO_24h,日照,0.93
20201111,12,AQI,日照,85.0
20201111,12,PM2.5,日照,57.0
20201111,12,PM2.5_24h,日照,39.0
20201111,12,PM10,日照,120.0
20201111,12,PM10_24h,日照,82.0
20201111,12,SO2,日照,11.0
20201111,12,SO2_24h,日照,8.0
20201111,12,NO2,日照,43.0
20201111,12,NO2_24h,日照,54.0
20201111,12,O3,日照,86.0
20201111,12,O3_24h,日照,90.0
20201111,12,O3_8h,日照,16.0
20201111,12,O3_8h_24h,日照,16.0
20201111,12,CO,日照,0.8
20201111,12,CO_24h,日照,0.93
20201111,13,AQI,日照,79.0
20201111,13,PM2.5,日照,47.0
20201111,13,PM2.5_24h,日照,38.0
20201111,13,PM10,日照,107.0
20201111,13,PM10_24h,日照,79.0
20201111,13,SO2,日照,10.0
20201111,13,SO2_24h,日照,7.0
20201111,13,NO2,日照,39.0
20201111,13,NO2_24h,日照,55.0
20201111,13,O3,日照,89.0
20201111,13,O3_24h,日照,92.0
20201111,13,O3_8h,日照,28.0
20201111,13,O3_8h_24h,日照,28.0
20201111,13,CO,日照,0.75
20201111,13,CO_24h,日照,0.95
20201111,14,AQI,日照,75.0
20201111,14,PM2.5,日照,40.0
20201111,14,PM2.5_24h,日照,39.0
20201111,14,PM10,日照,99.0
20201111,14,PM10_24h,日照,81.0
20201111,14,SO2,日照,10.0
20201111,14,SO2_24h,日照,7.0
20201111,14,NO2,日照,37.0
20201111,14,NO2_24h,日照,55.0
20201111,14,O3,日照,100.0
20201111,14,O3_24h,日照,100.0
20201111,14,O3_8h,日照,40.0
20201111,14,O3_8h_24h,日照,40.0
20201111,14,CO,日照,0.8
20201111,14,CO_24h,日照,0.9
20201111,15,AQI,日照,73.0
20201111,15,PM2.5,日照,47.0
20201111,15,PM2.5_24h,日照,40.0
20201111,15,PM10,日照,95.0
20201111,15,PM10_24h,日照,84.0
20201111,15,SO2,日照,7.0
20201111,15,SO2_24h,日照,7.0
20201111,15,NO2,日照,22.0
20201111,15,NO2_24h,日照,54.0
20201111,15,O3,日照,119.0
20201111,15,O3_24h,日照,119.0
20201111,15,O3_8h,日照,55.0
20201111,15,O3_8h_24h,日照,55.0
20201111,15,CO,日照,0.55
20201111,15,CO_24h,日照,0.9
20201111,16,AQI,日照,63.0
20201111,16,PM2.5,日照,30.0
20201111,16,PM2.5_24h,日照,40.0
20201111,16,PM10,日照,76.0
20201111,16,PM10_24h,日照,84.0
20201111,16,SO2,日照,6.0
20201111,16,SO2_24h,日照,7.0
20201111,16,NO2,日照,27.0
20201111,16,NO2_24h,日照,54.0
20201111,16,O3,日照,113.0
20201111,16,O3_24h,日照,119.0
20201111,16,O3_8h,日照,69.0
20201111,16,O3_8h_24h,日照,69.0
20201111,16,CO,日照,0.6
20201111,16,CO_24h,日照,0.9
20201111,17,AQI,日照,59.0
20201111,17,PM2.5,日照,29.0
20201111,17,PM2.5_24h,日照,40.0
20201111,17,PM10,日照,68.0
20201111,17,PM10_24h,日照,85.0
20201111,17,SO2,日照,5.0
20201111,17,SO2_24h,日照,7.0
20201111,17,NO2,日照,26.0
20201111,17,NO2_24h,日照,53.0
20201111,17,O3,日照,109.0
20201111,17,O3_24h,日照,119.0
20201111,17,O3_8h,日照,82.0
20201111,17,O3_8h_24h,日照,82.0
20201111,17,CO,日照,0.55
20201111,17,CO_24h,日照,0.9
20201111,18,AQI,日照,54.0
20201111,18,PM2.5,日照,28.0
20201111,18,PM2.5_24h,日照,45.0
20201111,18,PM10,日照,58.0
20201111,18,PM10_24h,日照,94.0
20201111,18,SO2,日照,5.0
20201111,18,SO2_24h,日照,8.0
20201111,18,NO2,日照,32.0
20201111,18,NO2_24h,日照,54.0
20201111,18,O3,日照,96.0
20201111,18,O3_24h,日照,110.0
20201111,18,O3_8h,日照,92.0
20201111,18,O3_8h_24h,日照,92.0
20201111,18,CO,日照,0.43
20201111,18,CO_24h,日照,1.0
20201111,19,AQI,日照,53.0
20201111,19,PM2.5,日照,21.0
20201111,19,PM2.5_24h,日照,45.0
20201111,19,PM10,日照,56.0
20201111,19,PM10_24h,日照,94.0
20201111,19,SO2,日照,4.0
20201111,19,SO2_24h,日照,8.0
20201111,19,NO2,日照,34.0
20201111,19,NO2_24h,日照,53.0
20201111,19,O3,日照,88.0
20201111,19,O3_24h,日照,111.0
20201111,19,O3_8h,日照,97.0
20201111,19,O3_8h_24h,日照,97.0
20201111,19,CO,日照,0.5
20201111,19,CO_24h,日照,0.97
20201111,20,AQI,日照,48.0
20201111,20,PM2.5,日照,19.0
20201111,20,PM2.5_24h,日照,45.0
20201111,20,PM10,日照,48.0
20201111,20,PM10_24h,日照,93.0
20201111,20,SO2,日照,4.0
20201111,20,SO2_24h,日照,8.0
20201111,20,NO2,日照,41.0
20201111,20,NO2_24h,日照,52.0
20201111,20,O3,日照,75.0
20201111,20,O3_24h,日照,111.0
20201111,20,O3_8h,日照,94.0
20201111,20,O3_8h_24h,日照,98.0
20201111,20,CO,日照,0.43
20201111,20,CO_24h,日照,0.93
20201111,21,AQI,日照,40.0
20201111,21,PM2.5,日照,17.0
20201111,21,PM2.5_24h,日照,44.0
20201111,21,PM10,日照,40.0
20201111,21,PM10_24h,日照,91.0
20201111,21,SO2,日照,4.0
20201111,21,SO2_24h,日照,7.0
20201111,21,NO2,日照,41.0
20201111,21,NO2_24h,日照,52.0
20201111,21,O3,日照,68.0
20201111,21,O3_24h,日照,111.0
20201111,21,O3_8h,日照,88.0
20201111,21,O3_8h_24h,日照,98.0
20201111,21,CO,日照,0.3
20201111,21,CO_24h,日照,0.9
20201111,22,AQI,日照,35.0
20201111,22,PM2.5,日照,12.0
20201111,22,PM2.5_24h,日照,42.0
20201111,22,PM10,日照,35.0
20201111,22,PM10_24h,日照,87.0
20201111,22,SO2,日照,3.0
20201111,22,SO2_24h,日照,7.0
20201111,22,NO2,日照,40.0
20201111,22,NO2_24h,日照,51.0
20201111,22,O3,日照,65.0
20201111,22,O3_24h,日照,111.0
20201111,22,O3_8h,日照,85.0
20201111,22,O3_8h_24h,日照,98.0
20201111,22,CO,日照,0.3
20201111,22,CO_24h,日照,0.87
20201111,23,AQI,日照,41.0
20201111,23,PM2.5,日照,14.0
20201111,23,PM2.5_24h,日照,41.0
20201111,23,PM10,日照,41.0
20201111,23,PM10_24h,日照,85.0
20201111,23,SO2,日照,3.0
20201111,23,SO2_24h,日照,7.0
20201111,23,NO2,日照,32.0
20201111,23,NO2_24h,日照,50.0
20201111,23,O3,日照,73.0
20201111,23,O3_24h,日照,111.0
20201111,23,O3_8h,日照,82.0
20201111,23,O3_8h_24h,日照,98.0
20201111,23,CO,日照,0.35
20201111,23,CO_24h,日照,0.83
20201111,0,AQI,威海,23.0
20201111,0,PM2.5,威海,15.0
20201111,0,PM2.5_24h,威海,15.0
20201111,0,PM10,威海,23.0
20201111,0,PM10_24h,威海,28.0
20201111,0,SO2,威海,3.0
20201111,0,SO2_24h,威海,5.0
20201111,0,NO2,威海,20.0
20201111,0,NO2_24h,威海,21.0
20201111,0,O3,威海,57.0
20201111,0,O3_24h,威海,81.0
20201111,0,O3_8h,威海,57.0
20201111,0,O3_8h_24h,威海,71.0
20201111,0,CO,威海,0.5
20201111,0,CO_24h,威海,0.57
20201111,1,AQI,威海,23.0
20201111,1,PM2.5,威海,16.0
20201111,1,PM2.5_24h,威海,16.0
20201111,1,PM10,威海,22.0
20201111,1,PM10_24h,威海,29.0
20201111,1,SO2,威海,3.0
20201111,1,SO2_24h,威海,4.0
20201111,1,NO2,威海,14.0
20201111,1,NO2_24h,威海,22.0
20201111,1,O3,威海,65.0
20201111,1,O3_24h,威海,81.0
20201111,1,O3_8h,威海,65.0
20201111,1,O3_8h_24h,威海,65.0
20201111,1,CO,威海,0.47
20201111,1,CO_24h,威海,0.57
20201111,2,AQI,威海,28.0
20201111,2,PM2.5,威海,11.0
20201111,2,PM2.5_24h,威海,16.0
20201111,2,PM10,威海,28.0
20201111,2,PM10_24h,威海,30.0
20201111,2,SO2,威海,3.0
20201111,2,SO2_24h,威海,4.0
20201111,2,NO2,威海,11.0
20201111,2,NO2_24h,威海,22.0
20201111,2,O3,威海,74.0
20201111,2,O3_24h,威海,80.0
20201111,2,O3_8h,威海,71.0
20201111,2,O3_8h_24h,威海,71.0
20201111,2,CO,威海,0.43
20201111,2,CO_24h,威海,0.57
20201111,3,AQI,威海,25.0
20201111,3,PM2.5,威海,13.0
20201111,3,PM2.5_24h,威海,16.0
20201111,3,PM10,威海,18.0
20201111,3,PM10_24h,威海,30.0
20201111,3,SO2,威海,3.0
20201111,3,SO2_24h,威海,4.0
20201111,3,NO2,威海,7.0
20201111,3,NO2_24h,威海,22.0
20201111,3,O3,威海,79.0
20201111,3,O3_24h,威海,81.0
20201111,3,O3_8h,威海,74.0
20201111,3,O3_8h_24h,威海,74.0
20201111,3,CO,威海,0.4
20201111,3,CO_24h,威海,0.57
20201111,4,AQI,威海,25.0
20201111,4,PM2.5,威海,9.0
20201111,4,PM2.5_24h,威海,16.0
20201111,4,PM10,威海,17.0
20201111,4,PM10_24h,威海,30.0
20201111,4,SO2,威海,3.0
20201111,4,SO2_24h,威海,4.0
20201111,4,NO2,威海,7.0
20201111,4,NO2_24h,威海,21.0
20201111,4,O3,威海,79.0
20201111,4,O3_24h,威海,81.0
20201111,4,O3_8h,威海,75.0
20201111,4,O3_8h_24h,威海,75.0
20201111,4,CO,威海,0.37
20201111,4,CO_24h,威海,0.57
20201111,5,AQI,威海,25.0
20201111,5,PM2.5,威海,8.0
20201111,5,PM2.5_24h,威海,16.0
20201111,5,PM10,威海,17.0
20201111,5,PM10_24h,威海,30.0
20201111,5,SO2,威海,4.0
20201111,5,SO2_24h,威海,4.0
20201111,5,NO2,威海,7.0
20201111,5,NO2_24h,威海,21.0
20201111,5,O3,威海,79.0
20201111,5,O3_24h,威海,81.0
20201111,5,O3_8h,威海,76.0
20201111,5,O3_8h_24h,威海,76.0
20201111,5,CO,威海,0.37
20201111,5,CO_24h,威海,0.53
20201111,6,AQI,威海,30.0
20201111,6,PM2.5,威海,10.0
20201111,6,PM2.5_24h,威海,16.0
20201111,6,PM10,威海,30.0
20201111,6,PM10_24h,威海,30.0
20201111,6,SO2,威海,4.0
20201111,6,SO2_24h,威海,4.0
20201111,6,NO2,威海,8.0
20201111,6,NO2_24h,威海,20.0
20201111,6,O3,威海,78.0
20201111,6,O3_24h,威海,81.0
20201111,6,O3_8h,威海,76.0
20201111,6,O3_8h_24h,威海,76.0
20201111,6,CO,威海,0.37
20201111,6,CO_24h,威海,0.53
20201111,8,AQI,威海,17.0
20201111,8,PM2.5,威海,9.0
20201111,8,PM2.5_24h,威海,15.0
20201111,8,PM10,威海,12.0
20201111,8,PM10_24h,威海,29.0
20201111,8,SO2,威海,3.0
20201111,8,SO2_24h,威海,4.0
20201111,8,NO2,威海,29.0
20201111,8,NO2_24h,威海,19.0
20201111,8,O3,威海,53.0
20201111,8,O3_24h,威海,81.0
20201111,8,O3_8h,威海,72.0
20201111,8,O3_8h_24h,威海,76.0
20201111,8,CO,威海,0.53
20201111,8,CO_24h,威海,0.5
20201111,10,AQI,威海,47.0
20201111,10,PM2.5,威海,18.0
20201111,10,PM2.5_24h,威海,15.0
20201111,10,PM10,威海,47.0
20201111,10,PM10_24h,威海,29.0
20201111,10,SO2,威海,3.0
20201111,10,SO2_24h,威海,4.0
20201111,10,NO2,威海,14.0
20201111,10,NO2_24h,威海,19.0
20201111,10,O3,威海,81.0
20201111,10,O3_24h,威海,84.0
20201111,10,O3_8h,威海,70.0
20201111,10,O3_8h_24h,威海,76.0
20201111,10,CO,威海,0.4
20201111,10,CO_24h,威海,0.5
20201111,11,AQI,威海,34.0
20201111,11,PM2.5,威海,13.0
20201111,11,PM2.5_24h,威海,15.0
20201111,11,PM10,威海,34.0
20201111,11,PM10_24h,威海,30.0
20201111,11,SO2,威海,3.0
20201111,11,SO2_24h,威海,4.0
20201111,11,NO2,威海,11.0
20201111,11,NO2_24h,威海,19.0
20201111,11,O3,威海,86.0
20201111,11,O3_24h,威海,86.0
20201111,11,O3_8h,威海,71.0
20201111,11,O3_8h_24h,威海,76.0
20201111,11,CO,威海,0.43
20201111,11,CO_24h,威海,0.5
20201111,12,AQI,威海,35.0
20201111,12,PM2.5,威海,15.0
20201111,12,PM2.5_24h,威海,15.0
20201111,12,PM10,威海,35.0
20201111,12,PM10_24h,威海,31.0
20201111,12,SO2,威海,3.0
20201111,12,SO2_24h,威海,4.0
20201111,12,NO2,威海,7.0
20201111,12,NO2_24h,威海,19.0
20201111,12,O3,威海,93.0
20201111,12,O3_24h,威海,93.0
20201111,12,O3_8h,威海,73.0
20201111,12,O3_8h_24h,威海,76.0
20201111,12,CO,威海,0.37
20201111,12,CO_24h,威海,0.5
20201111,13,AQI,威海,31.0
20201111,13,PM2.5,威海,13.0
20201111,13,PM2.5_24h,威海,15.0
20201111,13,PM10,威海,27.0
20201111,13,PM10_24h,威海,31.0
20201111,13,SO2,威海,2.0
20201111,13,SO2_24h,威海,4.0
20201111,13,NO2,威海,6.0
20201111,13,NO2_24h,威海,19.0
20201111,13,O3,威海,98.0
20201111,13,O3_24h,威海,98.0
20201111,13,O3_8h,威海,75.0
20201111,13,O3_8h_24h,威海,77.0
20201111,13,CO,威海,0.4
20201111,13,CO_24h,威海,0.5
20201111,14,AQI,威海,32.0
20201111,14,PM2.5,威海,20.0
20201111,14,PM2.5_24h,威海,15.0
20201111,14,PM10,威海,30.0
20201111,14,PM10_24h,威海,31.0
20201111,14,SO2,威海,2.0
20201111,14,SO2_24h,威海,4.0
20201111,14,NO2,威海,7.0
20201111,14,NO2_24h,威海,19.0
20201111,14,O3,威海,101.0
20201111,14,O3_24h,威海,101.0
20201111,14,O3_8h,威海,78.0
20201111,14,O3_8h_24h,威海,79.0
20201111,14,CO,威海,0.4
20201111,14,CO_24h,威海,0.5
20201111,15,AQI,威海,32.0
20201111,15,PM2.5,威海,14.0
20201111,15,PM2.5_24h,威海,15.0
20201111,15,PM10,威海,29.0
20201111,15,PM10_24h,威海,30.0
20201111,15,SO2,威海,3.0
20201111,15,SO2_24h,威海,4.0
20201111,15,NO2,威海,7.0
20201111,15,NO2_24h,威海,19.0
20201111,15,O3,威海,102.0
20201111,15,O3_24h,威海,103.0
20201111,15,O3_8h,威海,82.0
20201111,15,O3_8h_24h,威海,82.0
20201111,15,CO,威海,0.4
20201111,15,CO_24h,威海,0.5
20201111,16,AQI,威海,33.0
20201111,16,PM2.5,威海,13.0
20201111,16,PM2.5_24h,威海,15.0
20201111,16,PM10,威海,33.0
20201111,16,PM10_24h,威海,30.0
20201111,16,SO2,威海,3.0
20201111,16,SO2_24h,威海,4.0
20201111,16,NO2,威海,11.0
20201111,16,NO2_24h,威海,19.0
20201111,16,O3,威海,94.0
20201111,16,O3_24h,威海,103.0
20201111,16,O3_8h,威海,88.0
20201111,16,O3_8h_24h,威海,88.0
20201111,16,CO,威海,0.4
20201111,16,CO_24h,威海,0.5
20201111,17,AQI,威海,33.0
20201111,17,PM2.5,威海,12.0
20201111,17,PM2.5_24h,威海,15.0
20201111,17,PM10,威海,33.0
20201111,17,PM10_24h,威海,30.0
20201111,17,SO2,威海,2.0
20201111,17,SO2_24h,威海,3.0
20201111,17,NO2,威海,12.0
20201111,17,NO2_24h,威海,18.0
20201111,17,O3,威海,94.0
20201111,17,O3_24h,威海,103.0
20201111,17,O3_8h,威海,93.0
20201111,17,O3_8h_24h,威海,93.0
20201111,17,CO,威海,0.37
20201111,17,CO_24h,威海,0.5
20201111,18,AQI,威海,29.0
20201111,18,PM2.5,威海,9.0
20201111,18,PM2.5_24h,威海,15.0
20201111,18,PM10,威海,27.0
20201111,18,PM10_24h,威海,29.0
20201111,18,SO2,威海,2.0
20201111,18,SO2_24h,威海,3.0
20201111,18,NO2,威海,10.0
20201111,18,NO2_24h,威海,17.0
20201111,18,O3,威海,94.0
20201111,18,O3_24h,威海,103.0
20201111,18,O3_8h,威海,95.0
20201111,18,O3_8h_24h,威海,95.0
20201111,18,CO,威海,0.4
20201111,18,CO_24h,威海,0.47
20201111,19,AQI,威海,30.0
20201111,19,PM2.5,威海,8.0
20201111,19,PM2.5_24h,威海,14.0
20201111,19,PM10,威海,21.0
20201111,19,PM10_24h,威海,29.0
20201111,19,SO2,威海,2.0
20201111,19,SO2_24h,威海,3.0
20201111,19,NO2,威海,10.0
20201111,19,NO2_24h,威海,15.0
20201111,19,O3,威海,95.0
20201111,19,O3_24h,威海,103.0
20201111,19,O3_8h,威海,96.0
20201111,19,O3_8h_24h,威海,96.0
20201111,19,CO,威海,0.4
20201111,19,CO_24h,威海,0.43
20201111,20,AQI,威海,30.0
20201111,20,PM2.5,威海,11.0
20201111,20,PM2.5_24h,威海,13.0
20201111,20,PM10,威海,22.0
20201111,20,PM10_24h,威海,27.0
20201111,20,SO2,威海,2.0
20201111,20,SO2_24h,威海,3.0
20201111,20,NO2,威海,8.0
20201111,20,NO2_24h,威海,14.0
20201111,20,O3,威海,95.0
20201111,20,O3_24h,威海,103.0
20201111,20,O3_8h,威海,96.0
20201111,20,O3_8h_24h,威海,96.0
20201111,20,CO,威海,0.4
20201111,20,CO_24h,威海,0.43
20201111,21,AQI,威海,30.0
20201111,21,PM2.5,威海,10.0
20201111,21,PM2.5_24h,威海,13.0
20201111,21,PM10,威海,21.0
20201111,21,PM10_24h,威海,26.0
20201111,21,SO2,威海,2.0
20201111,21,SO2_24h,威海,3.0
20201111,21,NO2,威海,8.0
20201111,21,NO2_24h,威海,13.0
20201111,21,O3,威海,96.0
20201111,21,O3_24h,威海,104.0
20201111,21,O3_8h,威海,96.0
20201111,21,O3_8h_24h,威海,97.0
20201111,21,CO,威海,0.43
20201111,21,CO_24h,威海,0.43
20201111,22,AQI,威海,31.0
20201111,22,PM2.5,威海,10.0
20201111,22,PM2.5_24h,威海,12.0
20201111,22,PM10,威海,25.0
20201111,22,PM10_24h,威海,26.0
20201111,22,SO2,威海,2.0
20201111,22,SO2_24h,威海,3.0
20201111,22,NO2,威海,7.0
20201111,22,NO2_24h,威海,12.0
20201111,22,O3,威海,99.0
20201111,22,O3_24h,威海,104.0
20201111,22,O3_8h,威海,96.0
20201111,22,O3_8h_24h,威海,97.0
20201111,22,CO,威海,0.43
20201111,22,CO_24h,威海,0.43
20201111,23,AQI,威海,32.0
20201111,23,PM2.5,威海,13.0
20201111,23,PM2.5_24h,威海,12.0
20201111,23,PM10,威海,23.0
20201111,23,PM10_24h,威海,26.0
20201111,23,SO2,威海,2.0
20201111,23,SO2_24h,威海,3.0
20201111,23,NO2,威海,5.0
20201111,23,NO2_24h,威海,12.0
20201111,23,O3,威海,101.0
20201111,23,O3_24h,威海,105.0
20201111,23,O3_8h,威海,96.0
20201111,23,O3_8h_24h,威海,97.0
20201111,23,CO,威海,0.43
20201111,23,CO_24h,威海,0.43
20201111,0,AQI,东营,73.0
20201111,0,PM2.5,东营,45.0
20201111,0,PM2.5_24h,东营,49.0
20201111,0,PM10,东营,96.0
20201111,0,PM10_24h,东营,102.0
20201111,0,SO2,东营,32.0
20201111,0,SO2_24h,东营,27.0
20201111,0,NO2,东营,70.0
20201111,0,NO2_24h,东营,62.0
20201111,0,O3,东营,17.0
20201111,0,O3_24h,东营,83.0
20201111,0,O3_8h,东营,33.0
20201111,0,O3_8h_24h,东营,64.0
20201111,0,CO,东营,0.82
20201111,0,CO_24h,东营,0.9
20201111,1,AQI,东营,76.0
20201111,1,PM2.5,东营,48.0
20201111,1,PM2.5_24h,东营,50.0
20201111,1,PM10,东营,102.0
20201111,1,PM10_24h,东营,104.0
20201111,1,SO2,东营,32.0
20201111,1,SO2_24h,东营,27.0
20201111,1,NO2,东营,78.0
20201111,1,NO2_24h,东营,62.0
20201111,1,O3,东营,8.0
20201111,1,O3_24h,东营,83.0
20201111,1,O3_8h,东营,8.0
20201111,1,O3_8h_24h,东营,8.0
20201111,1,CO,东营,0.95
20201111,1,CO_24h,东营,0.9
20201111,2,AQI,东营,84.0
20201111,2,PM2.5,东营,58.0
20201111,2,PM2.5_24h,东营,51.0
20201111,2,PM10,东营,117.0
20201111,2,PM10_24h,东营,106.0
20201111,2,SO2,东营,25.0
20201111,2,SO2_24h,东营,27.0
20201111,2,NO2,东营,77.0
20201111,2,NO2_24h,东营,62.0
20201111,2,O3,东营,6.0
20201111,2,O3_24h,东营,83.0
20201111,2,O3_8h,东营,7.0
20201111,2,O3_8h_24h,东营,8.0
20201111,2,CO,东营,0.95
20201111,2,CO_24h,东营,0.92
20201111,3,AQI,东营,91.0
20201111,3,PM2.5,东营,63.0
20201111,3,PM2.5_24h,东营,52.0
20201111,3,PM10,东营,131.0
20201111,3,PM10_24h,东营,108.0
20201111,3,SO2,东营,22.0
20201111,3,SO2_24h,东营,27.0
20201111,3,NO2,东营,76.0
20201111,3,NO2_24h,东营,62.0
20201111,3,O3,东营,6.0
20201111,3,O3_24h,东营,83.0
20201111,3,O3_8h,东营,7.0
20201111,3,O3_8h_24h,东营,8.0
20201111,3,CO,东营,1.02
20201111,3,CO_24h,东营,0.92
20201111,4,AQI,东营,92.0
20201111,4,PM2.5,东营,67.0
20201111,4,PM2.5_24h,东营,53.0
20201111,4,PM10,东营,133.0
20201111,4,PM10_24h,东营,110.0
20201111,4,SO2,东营,20.0
20201111,4,SO2_24h,东营,27.0
20201111,4,NO2,东营,74.0
20201111,4,NO2_24h,东营,62.0
20201111,4,O3,东营,6.0
20201111,4,O3_24h,东营,83.0
20201111,4,O3_8h,东营,6.0
20201111,4,O3_8h_24h,东营,8.0
20201111,4,CO,东营,1.1
20201111,4,CO_24h,东营,0.92
20201111,5,AQI,东营,97.0
20201111,5,PM2.5,东营,70.0
20201111,5,PM2.5_24h,东营,54.0
20201111,5,PM10,东营,143.0
20201111,5,PM10_24h,东营,112.0
20201111,5,SO2,东营,18.0
20201111,5,SO2_24h,东营,25.0
20201111,5,NO2,东营,73.0
20201111,5,NO2_24h,东营,62.0
20201111,5,O3,东营,6.0
20201111,5,O3_24h,东营,83.0
20201111,5,O3_8h,东营,6.0
20201111,5,O3_8h_24h,东营,8.0
20201111,5,CO,东营,1.15
20201111,5,CO_24h,东营,0.95
20201111,6,AQI,东营,99.0
20201111,6,PM2.5,东营,74.0
20201111,6,PM2.5_24h,东营,53.0
20201111,6,PM10,东营,148.0
20201111,6,PM10_24h,东营,112.0
20201111,6,SO2,东营,20.0
20201111,6,SO2_24h,东营,25.0
20201111,6,NO2,东营,74.0
20201111,6,NO2_24h,东营,62.0
20201111,6,O3,东营,6.0
20201111,6,O3_24h,东营,83.0
20201111,6,O3_8h,东营,6.0
20201111,6,O3_8h_24h,东营,8.0
20201111,6,CO,东营,1.23
20201111,6,CO_24h,东营,0.95
20201111,8,AQI,东营,111.0
20201111,8,PM2.5,东营,84.0
20201111,8,PM2.5_24h,东营,53.0
20201111,8,PM10,东营,166.0
20201111,8,PM10_24h,东营,113.0
20201111,8,SO2,东营,22.0
20201111,8,SO2_24h,东营,23.0
20201111,8,NO2,东营,75.0
20201111,8,NO2_24h,东营,62.0
20201111,8,O3,东营,8.0
20201111,8,O3_24h,东营,83.0
20201111,8,O3_8h,东营,6.0
20201111,8,O3_8h_24h,东营,8.0
20201111,8,CO,东营,1.38
20201111,8,CO_24h,东营,0.9
20201111,10,AQI,东营,120.0
20201111,10,PM2.5,东营,91.0
20201111,10,PM2.5_24h,东营,53.0
20201111,10,PM10,东营,187.0
20201111,10,PM10_24h,东营,115.0
20201111,10,SO2,东营,30.0
20201111,10,SO2_24h,东营,22.0
20201111,10,NO2,东营,77.0
20201111,10,NO2_24h,东营,62.0
20201111,10,O3,东营,25.0
20201111,10,O3_24h,东营,83.0
20201111,10,O3_8h,东营,10.0
20201111,10,O3_8h_24h,东营,10.0
20201111,10,CO,东营,1.23
20201111,10,CO_24h,东营,0.9
20201111,11,AQI,东营,124.0
20201111,11,PM2.5,东营,94.0
20201111,11,PM2.5_24h,东营,55.0
20201111,11,PM10,东营,182.0
20201111,11,PM10_24h,东营,117.0
20201111,11,SO2,东营,24.0
20201111,11,SO2_24h,东营,23.0
20201111,11,NO2,东营,74.0
20201111,11,NO2_24h,东营,63.0
20201111,11,O3,东营,50.0
20201111,11,O3_24h,东营,83.0
20201111,11,O3_8h,东营,15.0
20201111,11,O3_8h_24h,东营,15.0
20201111,11,CO,东营,1.1
20201111,11,CO_24h,东营,0.9
20201111,12,AQI,东营,114.0
20201111,12,PM2.5,东营,86.0
20201111,12,PM2.5_24h,东营,56.0
20201111,12,PM10,东营,168.0
20201111,12,PM10_24h,东营,120.0
20201111,12,SO2,东营,24.0
20201111,12,SO2_24h,东营,23.0
20201111,12,NO2,东营,46.0
20201111,12,NO2_24h,东营,64.0
20201111,12,O3,东营,87.0
20201111,12,O3_24h,东营,87.0
20201111,12,O3_8h,东营,25.0
20201111,12,O3_8h_24h,东营,25.0
20201111,12,CO,东营,0.93
20201111,12,CO_24h,东营,0.9
20201111,13,AQI,东营,107.0
20201111,13,PM2.5,东营,79.0
20201111,13,PM2.5_24h,东营,59.0
20201111,13,PM10,东营,163.0
20201111,13,PM10_24h,东营,124.0
20201111,13,SO2,东营,32.0
20201111,13,SO2_24h,东营,23.0
20201111,13,NO2,东营,43.0
20201111,13,NO2_24h,东营,65.0
20201111,13,O3,东营,116.0
20201111,13,O3_24h,东营,116.0
20201111,13,O3_8h,东营,39.0
20201111,13,O3_8h_24h,东营,39.0
20201111,13,CO,东营,0.93
20201111,13,CO_24h,东营,0.92
20201111,14,AQI,东营,104.0
20201111,14,PM2.5,东营,77.0
20201111,14,PM2.5_24h,东营,61.0
20201111,14,PM10,东营,158.0
20201111,14,PM10_24h,东营,128.0
20201111,14,SO2,东营,25.0
20201111,14,SO2_24h,东营,24.0
20201111,14,NO2,东营,41.0
20201111,14,NO2_24h,东营,65.0
20201111,14,O3,东营,123.0
20201111,14,O3_24h,东营,122.0
20201111,14,O3_8h,东营,51.0
20201111,14,O3_8h_24h,东营,51.0
20201111,14,CO,东营,0.9
20201111,14,CO_24h,东营,0.92
20201111,15,AQI,东营,102.0
20201111,15,PM2.5,东营,70.0
20201111,15,PM2.5_24h,东营,62.0
20201111,15,PM10,东营,153.0
20201111,15,PM10_24h,东营,131.0
20201111,15,SO2,东营,22.0
20201111,15,SO2_24h,东营,24.0
20201111,15,NO2,东营,44.0
20201111,15,NO2_24h,东营,65.0
20201111,15,O3,东营,122.0
20201111,15,O3_24h,东营,125.0
20201111,15,O3_8h,东营,63.0
20201111,15,O3_8h_24h,东营,63.0
20201111,15,CO,东营,0.8
20201111,15,CO_24h,东营,0.92
20201111,16,AQI,东营,99.0
20201111,16,PM2.5,东营,66.0
20201111,16,PM2.5_24h,东营,64.0
20201111,16,PM10,东营,148.0
20201111,16,PM10_24h,东营,134.0
20201111,16,SO2,东营,17.0
20201111,16,SO2_24h,东营,24.0
20201111,16,NO2,东营,43.0
20201111,16,NO2_24h,东营,65.0
20201111,16,O3,东营,127.0
20201111,16,O3_24h,东营,128.0
20201111,16,O3_8h,东营,78.0
20201111,16,O3_8h_24h,东营,78.0
20201111,16,CO,东营,0.73
20201111,16,CO_24h,东营,0.95
20201111,17,AQI,东营,94.0
20201111,17,PM2.5,东营,65.0
20201111,17,PM2.5_24h,东营,65.0
20201111,17,PM10,东营,138.0
20201111,17,PM10_24h,东营,136.0
20201111,17,SO2,东营,16.0
20201111,17,SO2_24h,东营,24.0
20201111,17,NO2,东营,66.0
20201111,17,NO2_24h,东营,65.0
20201111,17,O3,东营,98.0
20201111,17,O3_24h,东营,128.0
20201111,17,O3_8h,东营,90.0
20201111,17,O3_8h_24h,东营,90.0
20201111,17,CO,东营,0.75
20201111,17,CO_24h,东营,0.95
20201111,18,AQI,东营,108.0
20201111,18,PM2.5,东营,63.0
20201111,18,PM2.5_24h,东营,66.0
20201111,18,PM10,东营,165.0
20201111,18,PM10_24h,东营,138.0
20201111,18,SO2,东营,17.0
20201111,18,SO2_24h,东营,24.0
20201111,18,NO2,东营,68.0
20201111,18,NO2_24h,东营,65.0
20201111,18,O3,东营,80.0
20201111,18,O3_24h,东营,128.0
20201111,18,O3_8h,东营,98.0
20201111,18,O3_8h_24h,东营,98.0
20201111,18,CO,东营,0.7
20201111,18,CO_24h,东营,0.95
20201111,19,AQI,东营,104.0
20201111,19,PM2.5,东营,66.0
20201111,19,PM2.5_24h,东营,67.0
20201111,19,PM10,东营,157.0
20201111,19,PM10_24h,东营,140.0
20201111,19,SO2,东营,22.0
20201111,19,SO2_24h,东营,24.0
20201111,19,NO2,东营,54.0
20201111,19,NO2_24h,东营,65.0
20201111,19,O3,东营,75.0
20201111,19,O3_24h,东营,128.0
20201111,19,O3_8h,东营,101.0
20201111,19,O3_8h_24h,东营,101.0
20201111,19,CO,东营,0.68
20201111,19,CO_24h,东营,0.95
20201111,20,AQI,东营,103.0
20201111,20,PM2.5,东营,60.0
20201111,20,PM2.5_24h,东营,68.0
20201111,20,PM10,东营,155.0
20201111,20,PM10_24h,东营,143.0
20201111,20,SO2,东营,23.0
20201111,20,SO2_24h,东营,25.0
20201111,20,NO2,东营,51.0
20201111,20,NO2_24h,东营,64.0
20201111,20,O3,东营,66.0
20201111,20,O3_24h,东营,128.0
20201111,20,O3_8h,东营,99.0
20201111,20,O3_8h_24h,东营,101.0
20201111,20,CO,东营,0.7
20201111,20,CO_24h,东营,0.92
20201111,21,AQI,东营,101.0
20201111,21,PM2.5,东营,66.0
20201111,21,PM2.5_24h,东营,69.0
20201111,21,PM10,东营,152.0
20201111,21,PM10_24h,东营,146.0
20201111,21,SO2,东营,17.0
20201111,21,SO2_24h,东营,24.0
20201111,21,NO2,东营,51.0
20201111,21,NO2_24h,东营,64.0
20201111,21,O3,东营,60.0
20201111,21,O3_24h,东营,128.0
20201111,21,O3_8h,东营,91.0
20201111,21,O3_8h_24h,东营,101.0
20201111,21,CO,东营,0.68
20201111,21,CO_24h,东营,0.92
20201111,22,AQI,东营,97.0
20201111,22,PM2.5,东营,66.0
20201111,22,PM2.5_24h,东营,70.0
20201111,22,PM10,东营,144.0
20201111,22,PM10_24h,东营,148.0
20201111,22,SO2,东营,21.0
20201111,22,SO2_24h,东营,24.0
20201111,22,NO2,东营,51.0
20201111,22,NO2_24h,东营,64.0
20201111,22,O3,东营,55.0
20201111,22,O3_24h,东营,128.0
20201111,22,O3_8h,东营,82.0
20201111,22,O3_8h_24h,东营,101.0
20201111,22,CO,东营,0.68
20201111,22,CO_24h,东营,0.92
20201111,23,AQI,东营,98.0
20201111,23,PM2.5,东营,73.0
20201111,23,PM2.5_24h,东营,71.0
20201111,23,PM10,东营,143.0
20201111,23,PM10_24h,东营,150.0
20201111,23,SO2,东营,20.0
20201111,23,SO2_24h,东营,23.0
20201111,23,NO2,东营,57.0
20201111,23,NO2_24h,东营,63.0
20201111,23,O3,东营,44.0
20201111,23,O3_24h,东营,128.0
20201111,23,O3_8h,东营,73.0
20201111,23,O3_8h_24h,东营,101.0
20201111,23,CO,东营,0.85
20201111,23,CO_24h,东营,0.92
20201111,0,AQI,韶关,72.0
20201111,0,PM2.5,韶关,52.0
20201111,0,PM2.5_24h,韶关,41.0
20201111,0,PM10,韶关,94.0
20201111,0,PM10_24h,韶关,78.0
20201111,0,SO2,韶关,12.0
20201111,0,SO2_24h,韶关,15.0
20201111,0,NO2,韶关,43.0
20201111,0,NO2_24h,韶关,30.0
20201111,0,O3,韶关,43.0
20201111,0,O3_24h,韶关,158.0
20201111,0,O3_8h,韶关,73.0
20201111,0,O3_8h_24h,韶关,142.0
20201111,0,CO,韶关,0.84
20201111,0,CO_24h,韶关,0.72
20201111,1,AQI,韶关,73.0
20201111,1,PM2.5,韶关,53.0
20201111,1,PM2.5_24h,韶关,41.0
20201111,1,PM10,韶关,86.0
20201111,1,PM10_24h,韶关,78.0
20201111,1,SO2,韶关,12.0
20201111,1,SO2_24h,韶关,14.0
20201111,1,NO2,韶关,37.0
20201111,1,NO2_24h,韶关,30.0
20201111,1,O3,韶关,40.0
20201111,1,O3_24h,韶关,158.0
20201111,1,O3_8h,韶关,40.0
20201111,1,O3_8h_24h,韶关,40.0
20201111,1,CO,韶关,0.84
20201111,1,CO_24h,韶关,0.72
20201111,2,AQI,韶关,66.0
20201111,2,PM2.5,韶关,48.0
20201111,2,PM2.5_24h,韶关,42.0
20201111,2,PM10,韶关,81.0
20201111,2,PM10_24h,韶关,78.0
20201111,2,SO2,韶关,13.0
20201111,2,SO2_24h,韶关,14.0
20201111,2,NO2,韶关,33.0
20201111,2,NO2_24h,韶关,31.0
20201111,2,O3,韶关,40.0
20201111,2,O3_24h,韶关,158.0
20201111,2,O3_8h,韶关,40.0
20201111,2,O3_8h_24h,韶关,41.0
20201111,2,CO,韶关,0.82
20201111,2,CO_24h,韶关,0.74
20201111,3,AQI,韶关,69.0
20201111,3,PM2.5,韶关,50.0
20201111,3,PM2.5_24h,韶关,42.0
20201111,3,PM10,韶关,76.0
20201111,3,PM10_24h,韶关,78.0
20201111,3,SO2,韶关,13.0
20201111,3,SO2_24h,韶关,14.0
20201111,3,NO2,韶关,30.0
20201111,3,NO2_24h,韶关,31.0
20201111,3,O3,韶关,39.0
20201111,3,O3_24h,韶关,158.0
20201111,3,O3_8h,韶关,40.0
20201111,3,O3_8h_24h,韶关,41.0
20201111,3,CO,韶关,0.82
20201111,3,CO_24h,韶关,0.74
20201111,4,AQI,韶关,66.0
20201111,4,PM2.5,韶关,48.0
20201111,4,PM2.5_24h,韶关,43.0
20201111,4,PM10,韶关,70.0
20201111,4,PM10_24h,韶关,78.0
20201111,4,SO2,韶关,16.0
20201111,4,SO2_24h,韶关,14.0
20201111,4,NO2,韶关,28.0
20201111,4,NO2_24h,韶关,30.0
20201111,4,O3,韶关,37.0
20201111,4,O3_24h,韶关,158.0
20201111,4,O3_8h,韶关,39.0
20201111,4,O3_8h_24h,韶关,41.0
20201111,4,CO,韶关,0.82
20201111,4,CO_24h,韶关,0.74
20201111,5,AQI,韶关,64.0
20201111,5,PM2.5,韶关,46.0
20201111,5,PM2.5_24h,韶关,44.0
20201111,5,PM10,韶关,73.0
20201111,5,PM10_24h,韶关,79.0
20201111,5,SO2,韶关,17.0
20201111,5,SO2_24h,韶关,14.0
20201111,5,NO2,韶关,28.0
20201111,5,NO2_24h,韶关,31.0
20201111,5,O3,韶关,32.0
20201111,5,O3_24h,韶关,158.0
20201111,5,O3_8h,韶关,38.0
20201111,5,O3_8h_24h,韶关,42.0
20201111,5,CO,韶关,0.8
20201111,5,CO_24h,韶关,0.74
20201111,6,AQI,韶关,66.0
20201111,6,PM2.5,韶关,48.0
20201111,6,PM2.5_24h,韶关,44.0
20201111,6,PM10,韶关,73.0
20201111,6,PM10_24h,韶关,79.0
20201111,6,SO2,韶关,13.0
20201111,6,SO2_24h,韶关,14.0
20201111,6,NO2,韶关,37.0
20201111,6,NO2_24h,韶关,31.0
20201111,6,O3,韶关,18.0
20201111,6,O3_24h,韶关,158.0
20201111,6,O3_8h,韶关,35.0
20201111,6,O3_8h_24h,韶关,42.0
20201111,6,CO,韶关,0.82
20201111,6,CO_24h,韶关,0.74
20201111,8,AQI,韶关,69.0
20201111,8,PM2.5,韶关,50.0
20201111,8,PM2.5_24h,韶关,46.0
20201111,8,PM10,韶关,81.0
20201111,8,PM10_24h,韶关,80.0
20201111,8,SO2,韶关,15.0
20201111,8,SO2_24h,韶关,14.0
20201111,8,NO2,韶关,40.0
20201111,8,NO2_24h,韶关,31.0
20201111,8,O3,韶关,16.0
20201111,8,O3_24h,韶关,158.0
20201111,8,O3_8h,韶关,29.0
20201111,8,O3_8h_24h,韶关,42.0
20201111,8,CO,韶关,0.9
20201111,8,CO_24h,韶关,0.76
20201111,10,AQI,韶关,65.0
20201111,10,PM2.5,韶关,46.0
20201111,10,PM2.5_24h,韶关,46.0
20201111,10,PM10,韶关,80.0
20201111,10,PM10_24h,韶关,80.0
20201111,10,SO2,韶关,22.0
20201111,10,SO2_24h,韶关,14.0
20201111,10,NO2,韶关,35.0
20201111,10,NO2_24h,韶关,31.0
20201111,10,O3,韶关,54.0
20201111,10,O3_24h,韶关,158.0
20201111,10,O3_8h,韶关,30.0
20201111,10,O3_8h_24h,韶关,43.0
20201111,10,CO,韶关,0.82
20201111,10,CO_24h,韶关,0.76
20201111,11,AQI,韶关,67.0
20201111,11,PM2.5,韶关,38.0
20201111,11,PM2.5_24h,韶关,46.0
20201111,11,PM10,韶关,83.0
20201111,11,PM10_24h,韶关,80.0
20201111,11,SO2,韶关,19.0
20201111,11,SO2_24h,韶关,14.0
20201111,11,NO2,韶关,26.0
20201111,11,NO2_24h,韶关,31.0
20201111,11,O3,韶关,96.0
20201111,11,O3_24h,韶关,158.0
20201111,11,O3_8h,韶关,37.0
20201111,11,O3_8h_24h,韶关,47.0
20201111,11,CO,韶关,0.7
20201111,11,CO_24h,韶关,0.76
20201111,12,AQI,韶关,63.0
20201111,12,PM2.5,韶关,32.0
20201111,12,PM2.5_24h,韶关,45.0
20201111,12,PM10,韶关,76.0
20201111,12,PM10_24h,韶关,80.0
20201111,12,SO2,韶关,11.0
20201111,12,SO2_24h,韶关,14.0
20201111,12,NO2,韶关,12.0
20201111,12,NO2_24h,韶关,31.0
20201111,12,O3,韶关,123.0
20201111,12,O3_24h,韶关,158.0
20201111,12,O3_8h,韶关,48.0
20201111,12,O3_8h_24h,韶关,55.0
20201111,12,CO,韶关,0.58
20201111,12,CO_24h,韶关,0.76
20201111,13,AQI,韶关,59.0
20201111,13,PM2.5,韶关,24.0
20201111,13,PM2.5_24h,韶关,44.0
20201111,13,PM10,韶关,68.0
20201111,13,PM10_24h,韶关,80.0
20201111,13,SO2,韶关,10.0
20201111,13,SO2_24h,韶关,13.0
20201111,13,NO2,韶关,10.0
20201111,13,NO2_24h,韶关,31.0
20201111,13,O3,韶关,136.0
20201111,13,O3_24h,韶关,158.0
20201111,13,O3_8h,韶关,59.0
20201111,13,O3_8h_24h,韶关,64.0
20201111,13,CO,韶关,0.55
20201111,13,CO_24h,韶关,0.78
20201111,14,AQI,韶关,51.0
20201111,14,PM2.5,韶关,23.0
20201111,14,PM2.5_24h,韶关,44.0
20201111,14,PM10,韶关,52.0
20201111,14,PM10_24h,韶关,79.0
20201111,14,SO2,韶关,8.0
20201111,14,SO2_24h,韶关,13.0
20201111,14,NO2,韶关,9.0
20201111,14,NO2_24h,韶关,31.0
20201111,14,O3,韶关,132.0
20201111,14,O3_24h,韶关,158.0
20201111,14,O3_8h,韶关,73.0
20201111,14,O3_8h_24h,韶关,74.0
20201111,14,CO,韶关,0.52
20201111,14,CO_24h,韶关,0.76
20201111,15,AQI,韶关,49.0
20201111,15,PM2.5,韶关,25.0
20201111,15,PM2.5_24h,韶关,43.0
20201111,15,PM10,韶关,49.0
20201111,15,PM10_24h,韶关,78.0
20201111,15,SO2,韶关,9.0
20201111,15,SO2_24h,韶关,13.0
20201111,15,NO2,韶关,10.0
20201111,15,NO2_24h,韶关,31.0
20201111,15,O3,韶关,140.0
20201111,15,O3_24h,韶关,156.0
20201111,15,O3_8h,韶关,89.0
20201111,15,O3_8h_24h,韶关,89.0
20201111,15,CO,韶关,0.58
20201111,15,CO_24h,韶关,0.76
20201111,16,AQI,韶关,52.0
20201111,16,PM2.5,韶关,27.0
20201111,16,PM2.5_24h,韶关,43.0
20201111,16,PM10,韶关,53.0
20201111,16,PM10_24h,韶关,77.0
20201111,16,SO2,韶关,9.0
20201111,16,SO2_24h,韶关,13.0
20201111,16,NO2,韶关,11.0
20201111,16,NO2_24h,韶关,31.0
20201111,16,O3,韶关,145.0
20201111,16,O3_24h,韶关,148.0
20201111,16,O3_8h,韶关,105.0
20201111,16,O3_8h_24h,韶关,105.0
20201111,16,CO,韶关,0.58
20201111,16,CO_24h,韶关,0.76
20201111,17,AQI,韶关,52.0
20201111,17,PM2.5,韶关,27.0
20201111,17,PM2.5_24h,韶关,42.0
20201111,17,PM10,韶关,53.0
20201111,17,PM10_24h,韶关,77.0
20201111,17,SO2,韶关,9.0
20201111,17,SO2_24h,韶关,13.0
20201111,17,NO2,韶关,13.0
20201111,17,NO2_24h,韶关,31.0
20201111,17,O3,韶关,139.0
20201111,17,O3_24h,韶关,146.0
20201111,17,O3_8h,韶关,119.0
20201111,17,O3_8h_24h,韶关,119.0
20201111,17,CO,韶关,0.54
20201111,17,CO_24h,韶关,0.76
20201111,18,AQI,韶关,53.0
20201111,18,PM2.5,韶关,30.0
20201111,18,PM2.5_24h,韶关,42.0
20201111,18,PM10,韶关,56.0
20201111,18,PM10_24h,韶关,76.0
20201111,18,SO2,韶关,8.0
20201111,18,SO2_24h,韶关,13.0
20201111,18,NO2,韶关,31.0
20201111,18,NO2_24h,韶关,31.0
20201111,18,O3,韶关,106.0
20201111,18,O3_24h,韶关,146.0
20201111,18,O3_8h,韶关,126.0
20201111,18,O3_8h_24h,韶关,126.0
20201111,18,CO,韶关,0.68
20201111,18,CO_24h,韶关,0.76
20201111,19,AQI,韶关,58.0
20201111,19,PM2.5,韶关,41.0
20201111,19,PM2.5_24h,韶关,42.0
20201111,19,PM10,韶关,65.0
20201111,19,PM10_24h,韶关,75.0
20201111,19,SO2,韶关,8.0
20201111,19,SO2_24h,韶关,13.0
20201111,19,NO2,韶关,49.0
20201111,19,NO2_24h,韶关,31.0
20201111,19,O3,韶关,66.0
20201111,19,O3_24h,韶关,146.0
20201111,19,O3_8h,韶关,122.0
20201111,19,O3_8h_24h,韶关,126.0
20201111,19,CO,韶关,0.96
20201111,19,CO_24h,韶关,0.76
20201111,20,AQI,韶关,69.0
20201111,20,PM2.5,韶关,50.0
20201111,20,PM2.5_24h,韶关,42.0
20201111,20,PM10,韶关,82.0
20201111,20,PM10_24h,韶关,74.0
20201111,20,SO2,韶关,9.0
20201111,20,SO2_24h,韶关,13.0
20201111,20,NO2,韶关,62.0
20201111,20,NO2_24h,韶关,32.0
20201111,20,O3,韶关,41.0
20201111,20,O3_24h,韶关,146.0
20201111,20,O3_8h,韶关,111.0
20201111,20,O3_8h_24h,韶关,126.0
20201111,20,CO,韶关,1.06
20201111,20,CO_24h,韶关,0.78
20201111,21,AQI,韶关,71.0
20201111,21,PM2.5,韶关,51.0
20201111,21,PM2.5_24h,韶关,42.0
20201111,21,PM10,韶关,92.0
20201111,21,PM10_24h,韶关,74.0
20201111,21,SO2,韶关,9.0
20201111,21,SO2_24h,韶关,12.0
20201111,21,NO2,韶关,51.0
20201111,21,NO2_24h,韶关,32.0
20201111,21,O3,韶关,40.0
20201111,21,O3_24h,韶关,146.0
20201111,21,O3_8h,韶关,101.0
20201111,21,O3_8h_24h,韶关,126.0
20201111,21,CO,韶关,0.94
20201111,21,CO_24h,韶关,0.78
20201111,22,AQI,韶关,71.0
20201111,22,PM2.5,韶关,50.0
20201111,22,PM2.5_24h,韶关,42.0
20201111,22,PM10,韶关,92.0
20201111,22,PM10_24h,韶关,74.0
20201111,22,SO2,韶关,9.0
20201111,22,SO2_24h,韶关,12.0
20201111,22,NO2,韶关,52.0
20201111,22,NO2_24h,韶关,32.0
20201111,22,O3,韶关,30.0
20201111,22,O3_24h,韶关,146.0
20201111,22,O3_8h,韶关,88.0
20201111,22,O3_8h_24h,韶关,126.0
20201111,22,CO,韶关,0.86
20201111,22,CO_24h,韶关,0.78
20201111,23,AQI,韶关,71.0
20201111,23,PM2.5,韶关,52.0
20201111,23,PM2.5_24h,韶关,42.0
20201111,23,PM10,韶关,89.0
20201111,23,PM10_24h,韶关,74.0
20201111,23,SO2,韶关,8.0
20201111,23,SO2_24h,韶关,12.0
20201111,23,NO2,韶关,47.0
20201111,23,NO2_24h,韶关,32.0
20201111,23,O3,韶关,29.0
20201111,23,O3_24h,韶关,146.0
20201111,23,O3_8h,韶关,73.0
20201111,23,O3_8h_24h,韶关,126.0
20201111,23,CO,韶关,0.82
20201111,23,CO_24h,韶关,0.78
20201111,0,AQI,汕头,48.0
20201111,0,PM2.5,汕头,17.0
20201111,0,PM2.5_24h,汕头,17.0
20201111,0,PM10,汕头,48.0
20201111,0,PM10_24h,汕头,54.0
20201111,0,SO2,汕头,9.0
20201111,0,SO2_24h,汕头,10.0
20201111,0,NO2,汕头,18.0
20201111,0,NO2_24h,汕头,17.0
20201111,0,O3,汕头,76.0
20201111,0,O3_24h,汕头,115.0
20201111,0,O3_8h,汕头,94.0
20201111,0,O3_8h_24h,汕头,105.0
20201111,0,CO,汕头,0.47
20201111,0,CO_24h,汕头,0.47
20201111,1,AQI,汕头,40.0
20201111,1,PM2.5,汕头,17.0
20201111,1,PM2.5_24h,汕头,16.0
20201111,1,PM10,汕头,40.0
20201111,1,PM10_24h,汕头,53.0
20201111,1,SO2,汕头,10.0
20201111,1,SO2_24h,汕头,10.0
20201111,1,NO2,汕头,19.0
20201111,1,NO2_24h,汕头,17.0
20201111,1,O3,汕头,71.0
20201111,1,O3_24h,汕头,115.0
20201111,1,O3_8h,汕头,71.0
20201111,1,O3_8h_24h,汕头,71.0
20201111,1,CO,汕头,0.45
20201111,1,CO_24h,汕头,0.47
20201111,2,AQI,汕头,41.0
20201111,2,PM2.5,汕头,16.0
20201111,2,PM2.5_24h,汕头,16.0
20201111,2,PM10,汕头,41.0
20201111,2,PM10_24h,汕头,53.0
20201111,2,SO2,汕头,11.0
20201111,2,SO2_24h,汕头,10.0
20201111,2,NO2,汕头,20.0
20201111,2,NO2_24h,汕头,17.0
20201111,2,O3,汕头,68.0
20201111,2,O3_24h,汕头,115.0
20201111,2,O3_8h,汕头,70.0
20201111,2,O3_8h_24h,汕头,71.0
20201111,2,CO,汕头,0.42
20201111,2,CO_24h,汕头,0.47
20201111,3,AQI,汕头,37.0
20201111,3,PM2.5,汕头,15.0
20201111,3,PM2.5_24h,汕头,17.0
20201111,3,PM10,汕头,37.0
20201111,3,PM10_24h,汕头,52.0
20201111,3,SO2,汕头,11.0
20201111,3,SO2_24h,汕头,10.0
20201111,3,NO2,汕头,19.0
20201111,3,NO2_24h,汕头,17.0
20201111,3,O3,汕头,67.0
20201111,3,O3_24h,汕头,115.0
20201111,3,O3_8h,汕头,69.0
20201111,3,O3_8h_24h,汕头,71.0
20201111,3,CO,汕头,0.42
20201111,3,CO_24h,汕头,0.47
20201111,4,AQI,汕头,36.0
20201111,4,PM2.5,汕头,14.0
20201111,4,PM2.5_24h,汕头,17.0
20201111,4,PM10,汕头,36.0
20201111,4,PM10_24h,汕头,51.0
20201111,4,SO2,汕头,11.0
20201111,4,SO2_24h,汕头,10.0
20201111,4,NO2,汕头,18.0
20201111,4,NO2_24h,汕头,18.0
20201111,4,O3,汕头,67.0
20201111,4,O3_24h,汕头,115.0
20201111,4,O3_8h,汕头,68.0
20201111,4,O3_8h_24h,汕头,72.0
20201111,4,CO,汕头,0.42
20201111,4,CO_24h,汕头,0.47
20201111,5,AQI,汕头,32.0
20201111,5,PM2.5,汕头,14.0
20201111,5,PM2.5_24h,汕头,17.0
20201111,5,PM10,汕头,32.0
20201111,5,PM10_24h,汕头,51.0
20201111,5,SO2,汕头,13.0
20201111,5,SO2_24h,汕头,11.0
20201111,5,NO2,汕头,20.0
20201111,5,NO2_24h,汕头,18.0
20201111,5,O3,汕头,65.0
20201111,5,O3_24h,汕头,115.0
20201111,5,O3_8h,汕头,67.0
20201111,5,O3_8h_24h,汕头,72.0
20201111,5,CO,汕头,0.42
20201111,5,CO_24h,汕头,0.48
20201111,6,AQI,汕头,33.0
20201111,6,PM2.5,汕头,14.0
20201111,6,PM2.5_24h,汕头,17.0
20201111,6,PM10,汕头,33.0
20201111,6,PM10_24h,汕头,50.0
20201111,6,SO2,汕头,12.0
20201111,6,SO2_24h,汕头,10.0
20201111,6,NO2,汕头,22.0
20201111,6,NO2_24h,汕头,18.0
20201111,6,O3,汕头,62.0
20201111,6,O3_24h,汕头,115.0
20201111,6,O3_8h,汕头,67.0
20201111,6,O3_8h_24h,汕头,72.0
20201111,6,CO,汕头,0.43
20201111,6,CO_24h,汕头,0.48
20201111,7,AQI,汕头,25.0
20201111,7,PM2.5,汕头,10.0
20201111,7,PM2.5_24h,汕头,13.0
20201111,7,PM10,汕头,25.0
20201111,7,PM10_24h,汕头,45.0
20201111,7,SO2,汕头,9.0
20201111,7,SO2_24h,汕头,9.0
20201111,7,NO2,汕头,18.0
20201111,7,NO2_24h,汕头,13.0
20201111,7,O3,汕头,67.0
20201111,7,O3_24h,汕头,121.0
20201111,7,O3_8h,汕头,74.0
20201111,7,O3_8h_24h,汕头,80.0
20201111,7,CO,汕头,0.4
20201111,7,CO_24h,汕头,0.5
20201111,8,AQI,汕头,34.0
20201111,8,PM2.5,汕头,13.0
20201111,8,PM2.5_24h,汕头,17.0
20201111,8,PM10,汕头,34.0
20201111,8,PM10_24h,汕头,50.0
20201111,8,SO2,汕头,14.0
20201111,8,SO2_24h,汕头,10.0
20201111,8,NO2,汕头,26.0
20201111,8,NO2_24h,汕头,18.0
20201111,8,O3,汕头,59.0
20201111,8,O3_24h,汕头,115.0
20201111,8,O3_8h,汕头,65.0
20201111,8,O3_8h_24h,汕头,72.0
20201111,8,CO,汕头,0.62
20201111,8,CO_24h,汕头,0.5
20201111,10,AQI,汕头,43.0
20201111,10,PM2.5,汕头,12.0
20201111,10,PM2.5_24h,汕头,16.0
20201111,10,PM10,汕头,43.0
20201111,10,PM10_24h,汕头,48.0
20201111,10,SO2,汕头,10.0
20201111,10,SO2_24h,汕头,10.0
20201111,10,NO2,汕头,14.0
20201111,10,NO2_24h,汕头,18.0
20201111,10,O3,汕头,82.0
20201111,10,O3_24h,汕头,115.0
20201111,10,O3_8h,汕头,66.0
20201111,10,O3_8h_24h,汕头,72.0
20201111,10,CO,汕头,0.43
20201111,10,CO_24h,汕头,0.5
20201111,11,AQI,汕头,37.0
20201111,11,PM2.5,汕头,13.0
20201111,11,PM2.5_24h,汕头,16.0
20201111,11,PM10,汕头,37.0
20201111,11,PM10_24h,汕头,47.0
20201111,11,SO2,汕头,9.0
20201111,11,SO2_24h,汕头,10.0
20201111,11,NO2,汕头,12.0
20201111,11,NO2_24h,汕头,18.0
20201111,11,O3,汕头,90.0
20201111,11,O3_24h,汕头,115.0
20201111,11,O3_8h,汕头,69.0
20201111,11,O3_8h_24h,汕头,72.0
20201111,11,CO,汕头,0.42
20201111,11,CO_24h,汕头,0.5
20201111,12,AQI,汕头,32.0
20201111,12,PM2.5,汕头,14.0
20201111,12,PM2.5_24h,汕头,16.0
20201111,12,PM10,汕头,32.0
20201111,12,PM10_24h,汕头,46.0
20201111,12,SO2,汕头,9.0
20201111,12,SO2_24h,汕头,10.0
20201111,12,NO2,汕头,12.0
20201111,12,NO2_24h,汕头,18.0
20201111,12,O3,汕头,98.0
20201111,12,O3_24h,汕头,116.0
20201111,12,O3_8h,汕头,73.0
20201111,12,O3_8h_24h,汕头,74.0
20201111,12,CO,汕头,0.43
20201111,12,CO_24h,汕头,0.5
20201111,13,AQI,汕头,38.0
20201111,13,PM2.5,汕头,15.0
20201111,13,PM2.5_24h,汕头,16.0
20201111,13,PM10,汕头,38.0
20201111,13,PM10_24h,汕头,46.0
20201111,13,SO2,汕头,9.0
20201111,13,SO2_24h,汕头,10.0
20201111,13,NO2,汕头,11.0
20201111,13,NO2_24h,汕头,18.0
20201111,13,O3,汕头,107.0
20201111,13,O3_24h,汕头,118.0
20201111,13,O3_8h,汕头,78.0
20201111,13,O3_8h_24h,汕头,78.0
20201111,13,CO,汕头,0.43
20201111,13,CO_24h,汕头,0.5
20201111,14,AQI,汕头,40.0
20201111,14,PM2.5,汕头,15.0
20201111,14,PM2.5_24h,汕头,16.0
20201111,14,PM10,汕头,40.0
20201111,14,PM10_24h,汕头,45.0
20201111,14,SO2,汕头,9.0
20201111,14,SO2_24h,汕头,10.0
20201111,14,NO2,汕头,11.0
20201111,14,NO2_24h,汕头,18.0
20201111,14,O3,汕头,114.0
20201111,14,O3_24h,汕头,118.0
20201111,14,O3_8h,汕头,84.0
20201111,14,O3_8h_24h,汕头,84.0
20201111,14,CO,汕头,0.43
20201111,14,CO_24h,汕头,0.48
20201111,15,AQI,汕头,40.0
20201111,15,PM2.5,汕头,16.0
20201111,15,PM2.5_24h,汕头,16.0
20201111,15,PM10,汕头,40.0
20201111,15,PM10_24h,汕头,45.0
20201111,15,SO2,汕头,9.0
20201111,15,SO2_24h,汕头,10.0
20201111,15,NO2,汕头,13.0
20201111,15,NO2_24h,汕头,18.0
20201111,15,O3,汕头,118.0
20201111,15,O3_24h,汕头,119.0
20201111,15,O3_8h,汕头,92.0
20201111,15,O3_8h_24h,汕头,92.0
20201111,15,CO,汕头,0.45
20201111,15,CO_24h,汕头,0.48
20201111,16,AQI,汕头,50.0
20201111,16,PM2.5,汕头,18.0
20201111,16,PM2.5_24h,汕头,16.0
20201111,16,PM10,汕头,50.0
20201111,16,PM10_24h,汕头,44.0
20201111,16,SO2,汕头,10.0
20201111,16,SO2_24h,汕头,10.0
20201111,16,NO2,汕头,16.0
20201111,16,NO2_24h,汕头,18.0
20201111,16,O3,汕头,124.0
20201111,16,O3_24h,汕头,124.0
20201111,16,O3_8h,汕头,100.0
20201111,16,O3_8h_24h,汕头,100.0
20201111,16,CO,汕头,0.52
20201111,16,CO_24h,汕头,0.47
20201111,17,AQI,汕头,57.0
20201111,17,PM2.5,汕头,20.0
20201111,17,PM2.5_24h,汕头,16.0
20201111,17,PM10,汕头,63.0
20201111,17,PM10_24h,汕头,44.0
20201111,17,SO2,汕头,10.0
20201111,17,SO2_24h,汕头,10.0
20201111,17,NO2,汕头,22.0
20201111,17,NO2_24h,汕头,18.0
20201111,17,O3,汕头,119.0
20201111,17,O3_24h,汕头,125.0
20201111,17,O3_8h,汕头,107.0
20201111,17,O3_8h_24h,汕头,107.0
20201111,17,CO,汕头,0.52
20201111,17,CO_24h,汕头,0.48
20201111,18,AQI,汕头,64.0
20201111,18,PM2.5,汕头,22.0
20201111,18,PM2.5_24h,汕头,16.0
20201111,18,PM10,汕头,78.0
20201111,18,PM10_24h,汕头,45.0
20201111,18,SO2,汕头,9.0
20201111,18,SO2_24h,汕头,10.0
20201111,18,NO2,汕头,25.0
20201111,18,NO2_24h,汕头,18.0
20201111,18,O3,汕头,111.0
20201111,18,O3_24h,汕头,125.0
20201111,18,O3_8h,汕头,110.0
20201111,18,O3_8h_24h,汕头,110.0
20201111,18,CO,汕头,0.6
20201111,18,CO_24h,汕头,0.48
20201111,19,AQI,汕头,61.0
20201111,19,PM2.5,汕头,21.0
20201111,19,PM2.5_24h,汕头,16.0
20201111,19,PM10,汕头,71.0
20201111,19,PM10_24h,汕头,46.0
20201111,19,SO2,汕头,10.0
20201111,19,SO2_24h,汕头,10.0
20201111,19,NO2,汕头,22.0
20201111,19,NO2_24h,汕头,18.0
20201111,19,O3,汕头,103.0
20201111,19,O3_24h,汕头,125.0
20201111,19,O3_8h,汕头,112.0
20201111,19,O3_8h_24h,汕头,112.0
20201111,19,CO,汕头,0.62
20201111,19,CO_24h,汕头,0.48
20201111,20,AQI,汕头,56.0
20201111,20,PM2.5,汕头,19.0
20201111,20,PM2.5_24h,汕头,16.0
20201111,20,PM10,汕头,62.0
20201111,20,PM10_24h,汕头,46.0
20201111,20,SO2,汕头,11.0
20201111,20,SO2_24h,汕头,10.0
20201111,20,NO2,汕头,20.0
20201111,20,NO2_24h,汕头,18.0
20201111,20,O3,汕头,92.0
20201111,20,O3_24h,汕头,125.0
20201111,20,O3_8h,汕头,111.0
20201111,20,O3_8h_24h,汕头,112.0
20201111,20,CO,汕头,0.57
20201111,20,CO_24h,汕头,0.48
20201111,21,AQI,汕头,57.0
20201111,21,PM2.5,汕头,17.0
20201111,21,PM2.5_24h,汕头,16.0
20201111,21,PM10,汕头,64.0
20201111,21,PM10_24h,汕头,46.0
20201111,21,SO2,汕头,11.0
20201111,21,SO2_24h,汕头,10.0
20201111,21,NO2,汕头,20.0
20201111,21,NO2_24h,汕头,18.0
20201111,21,O3,汕头,85.0
20201111,21,O3_24h,汕头,125.0
20201111,21,O3_8h,汕头,108.0
20201111,21,O3_8h_24h,汕头,112.0
20201111,21,CO,汕头,0.52
20201111,21,CO_24h,汕头,0.5
20201111,22,AQI,汕头,55.0
20201111,22,PM2.5,汕头,16.0
20201111,22,PM2.5_24h,汕头,16.0
20201111,22,PM10,汕头,59.0
20201111,22,PM10_24h,汕头,46.0
20201111,22,SO2,汕头,11.0
20201111,22,SO2_24h,汕头,10.0
20201111,22,NO2,汕头,19.0
20201111,22,NO2_24h,汕头,18.0
20201111,22,O3,汕头,83.0
20201111,22,O3_24h,汕头,125.0
20201111,22,O3_8h,汕头,105.0
20201111,22,O3_8h_24h,汕头,112.0
20201111,22,CO,汕头,0.5
20201111,22,CO_24h,汕头,0.5
20201111,23,AQI,汕头,51.0
20201111,23,PM2.5,汕头,15.0
20201111,23,PM2.5_24h,汕头,16.0
20201111,23,PM10,汕头,52.0
20201111,23,PM10_24h,汕头,46.0
20201111,23,SO2,汕头,10.0
20201111,23,SO2_24h,汕头,10.0
20201111,23,NO2,汕头,19.0
20201111,23,NO2_24h,汕头,19.0
20201111,23,O3,汕头,78.0
20201111,23,O3_24h,汕头,125.0
20201111,23,O3_8h,汕头,100.0
20201111,23,O3_8h_24h,汕头,112.0
20201111,23,CO,汕头,0.45
20201111,23,CO_24h,汕头,0.5
20201111,0,AQI,湛江,83.0
20201111,0,PM2.5,湛江,61.0
20201111,0,PM2.5_24h,湛江,44.0
20201111,0,PM10,湛江,100.0
20201111,0,PM10_24h,湛江,83.0
20201111,0,SO2,湛江,13.0
20201111,0,SO2_24h,湛江,22.0
20201111,0,NO2,湛江,24.0
20201111,0,NO2_24h,湛江,21.0
20201111,0,O3,湛江,132.0
20201111,0,O3_24h,湛江,172.0
20201111,0,O3_8h,湛江,147.0
20201111,0,O3_8h_24h,湛江,159.0
20201111,0,CO,湛江,0.75
20201111,0,CO_24h,湛江,0.67
20201111,1,AQI,湛江,81.0
20201111,1,PM2.5,湛江,60.0
20201111,1,PM2.5_24h,湛江,45.0
20201111,1,PM10,湛江,101.0
20201111,1,PM10_24h,湛江,83.0
20201111,1,SO2,湛江,15.0
20201111,1,SO2_24h,湛江,21.0
20201111,1,NO2,湛江,24.0
20201111,1,NO2_24h,湛江,21.0
20201111,1,O3,湛江,134.0
20201111,1,O3_24h,湛江,172.0
20201111,1,O3_8h,湛江,134.0
20201111,1,O3_8h_24h,湛江,134.0
20201111,1,CO,湛江,0.72
20201111,1,CO_24h,湛江,0.67
20201111,2,AQI,湛江,100.0
20201111,2,PM2.5,湛江,75.0
20201111,2,PM2.5_24h,湛江,46.0
20201111,2,PM10,湛江,112.0
20201111,2,PM10_24h,湛江,85.0
20201111,2,SO2,湛江,28.0
20201111,2,SO2_24h,湛江,20.0
20201111,2,NO2,湛江,27.0
20201111,2,NO2_24h,湛江,21.0
20201111,2,O3,湛江,103.0
20201111,2,O3_24h,湛江,172.0
20201111,2,O3_8h,湛江,119.0
20201111,2,O3_8h_24h,湛江,134.0
20201111,2,CO,湛江,0.78
20201111,2,CO_24h,湛江,0.67
20201111,3,AQI,湛江,113.0
20201111,3,PM2.5,湛江,85.0
20201111,3,PM2.5_24h,湛江,48.0
20201111,3,PM10,湛江,119.0
20201111,3,PM10_24h,湛江,87.0
20201111,3,SO2,湛江,41.0
20201111,3,SO2_24h,湛江,21.0
20201111,3,NO2,湛江,28.0
20201111,3,NO2_24h,湛江,22.0
20201111,3,O3,湛江,84.0
20201111,3,O3_24h,湛江,172.0
20201111,3,O3_8h,湛江,107.0
20201111,3,O3_8h_24h,湛江,134.0
20201111,3,CO,湛江,0.82
20201111,3,CO_24h,湛江,0.67
20201111,4,AQI,湛江,101.0
20201111,4,PM2.5,湛江,76.0
20201111,4,PM2.5_24h,湛江,50.0
20201111,4,PM10,湛江,111.0
20201111,4,PM10_24h,湛江,88.0
20201111,4,SO2,湛江,46.0
20201111,4,SO2_24h,湛江,21.0
20201111,4,NO2,湛江,25.0
20201111,4,NO2_24h,湛江,22.0
20201111,4,O3,湛江,83.0
20201111,4,O3_24h,湛江,172.0
20201111,4,O3_8h,湛江,101.0
20201111,4,O3_8h_24h,湛江,134.0
20201111,4,CO,湛江,0.82
20201111,4,CO_24h,湛江,0.67
20201111,5,AQI,湛江,83.0
20201111,5,PM2.5,湛江,61.0
20201111,5,PM2.5_24h,湛江,51.0
20201111,5,PM10,湛江,96.0
20201111,5,PM10_24h,湛江,89.0
20201111,5,SO2,湛江,46.0
20201111,5,SO2_24h,湛江,22.0
20201111,5,NO2,湛江,21.0
20201111,5,NO2_24h,湛江,22.0
20201111,5,O3,湛江,89.0
20201111,5,O3_24h,湛江,172.0
20201111,5,O3_8h,湛江,99.0
20201111,5,O3_8h_24h,湛江,134.0
20201111,5,CO,湛江,0.75
20201111,5,CO_24h,湛江,0.7
20201111,6,AQI,湛江,70.0
20201111,6,PM2.5,湛江,51.0
20201111,6,PM2.5_24h,湛江,52.0
20201111,6,PM10,湛江,80.0
20201111,6,PM10_24h,湛江,90.0
20201111,6,SO2,湛江,33.0
20201111,6,SO2_24h,湛江,22.0
20201111,6,NO2,湛江,19.0
20201111,6,NO2_24h,湛江,22.0
20201111,6,O3,湛江,96.0
20201111,6,O3_24h,湛江,172.0
20201111,6,O3_8h,湛江,98.0
20201111,6,O3_8h_24h,湛江,134.0
20201111,6,CO,湛江,0.68
20201111,6,CO_24h,湛江,0.7
20201111,8,AQI,湛江,65.0
20201111,8,PM2.5,湛江,46.0
20201111,8,PM2.5_24h,湛江,53.0
20201111,8,PM10,湛江,80.0
20201111,8,PM10_24h,湛江,92.0
20201111,8,SO2,湛江,43.0
20201111,8,SO2_24h,湛江,22.0
20201111,8,NO2,湛江,26.0
20201111,8,NO2_24h,湛江,23.0
20201111,8,O3,湛江,83.0
20201111,8,O3_24h,湛江,172.0
20201111,8,O3_8h,湛江,96.0
20201111,8,O3_8h_24h,湛江,134.0
20201111,8,CO,湛江,0.72
20201111,8,CO_24h,湛江,0.7
20201111,10,AQI,湛江,68.0
20201111,10,PM2.5,湛江,43.0
20201111,10,PM2.5_24h,湛江,54.0
20201111,10,PM10,湛江,86.0
20201111,10,PM10_24h,湛江,92.0
20201111,10,SO2,湛江,28.0
20201111,10,SO2_24h,湛江,24.0
20201111,10,NO2,湛江,29.0
20201111,10,NO2_24h,湛江,23.0
20201111,10,O3,湛江,95.0
20201111,10,O3_24h,湛江,172.0
20201111,10,O3_8h,湛江,88.0
20201111,10,O3_8h_24h,湛江,134.0
20201111,10,CO,湛江,0.72
20201111,10,CO_24h,湛江,0.7
20201111,11,AQI,湛江,72.0
20201111,11,PM2.5,湛江,43.0
20201111,11,PM2.5_24h,湛江,54.0
20201111,11,PM10,湛江,94.0
20201111,11,PM10_24h,湛江,93.0
20201111,11,SO2,湛江,19.0
20201111,11,SO2_24h,湛江,23.0
20201111,11,NO2,湛江,22.0
20201111,11,NO2_24h,湛江,23.0
20201111,11,O3,湛江,125.0
20201111,11,O3_24h,湛江,172.0
20201111,11,O3_8h,湛江,91.0
20201111,11,O3_8h_24h,湛江,134.0
20201111,11,CO,湛江,0.66
20201111,11,CO_24h,湛江,0.7
20201111,12,AQI,湛江,71.0
20201111,12,PM2.5,湛江,38.0
20201111,12,PM2.5_24h,湛江,54.0
20201111,12,PM10,湛江,92.0
20201111,12,PM10_24h,湛江,93.0
20201111,12,SO2,湛江,16.0
20201111,12,SO2_24h,湛江,23.0
20201111,12,NO2,湛江,16.0
20201111,12,NO2_24h,湛江,23.0
20201111,12,O3,湛江,150.0
20201111,12,O3_24h,湛江,172.0
20201111,12,O3_8h,湛江,100.0
20201111,12,O3_8h_24h,湛江,136.0
20201111,12,CO,湛江,0.62
20201111,12,CO_24h,湛江,0.7
20201111,13,AQI,湛江,68.0
20201111,13,PM2.5,湛江,40.0
20201111,13,PM2.5_24h,湛江,53.0
20201111,13,PM10,湛江,86.0
20201111,13,PM10_24h,湛江,92.0
20201111,13,SO2,湛江,14.0
20201111,13,SO2_24h,湛江,23.0
20201111,13,NO2,湛江,15.0
20201111,13,NO2_24h,湛江,22.0
20201111,13,O3,湛江,165.0
20201111,13,O3_24h,湛江,172.0
20201111,13,O3_8h,湛江,110.0
20201111,13,O3_8h_24h,湛江,138.0
20201111,13,CO,湛江,0.6
20201111,13,CO_24h,湛江,0.7
20201111,14,AQI,湛江,68.0
20201111,14,PM2.5,湛江,39.0
20201111,14,PM2.5_24h,湛江,53.0
20201111,14,PM10,湛江,85.0
20201111,14,PM10_24h,湛江,92.0
20201111,14,SO2,湛江,13.0
20201111,14,SO2_24h,湛江,22.0
20201111,14,NO2,湛江,13.0
20201111,14,NO2_24h,湛江,22.0
20201111,14,O3,湛江,170.0
20201111,14,O3_24h,湛江,173.0
20201111,14,O3_8h,湛江,120.0
20201111,14,O3_8h_24h,湛江,141.0
20201111,14,CO,湛江,0.62
20201111,14,CO_24h,湛江,0.7
20201111,15,AQI,湛江,74.0
20201111,15,PM2.5,湛江,38.0
20201111,15,PM2.5_24h,湛江,52.0
20201111,15,PM10,湛江,85.0
20201111,15,PM10_24h,湛江,92.0
20201111,15,SO2,湛江,14.0
20201111,15,SO2_24h,湛江,22.0
20201111,15,NO2,湛江,14.0
20201111,15,NO2_24h,湛江,22.0
20201111,15,O3,湛江,179.0
20201111,15,O3_24h,湛江,177.0
20201111,15,O3_8h,湛江,130.0
20201111,15,O3_8h_24h,湛江,146.0
20201111,15,CO,湛江,0.6
20201111,15,CO_24h,湛江,0.7
20201111,16,AQI,湛江,69.0
20201111,16,PM2.5,湛江,36.0
20201111,16,PM2.5_24h,湛江,52.0
20201111,16,PM10,湛江,87.0
20201111,16,PM10_24h,湛江,91.0
20201111,16,SO2,湛江,11.0
20201111,16,SO2_24h,湛江,22.0
20201111,16,NO2,湛江,14.0
20201111,16,NO2_24h,湛江,22.0
20201111,16,O3,湛江,175.0
20201111,16,O3_24h,湛江,178.0
20201111,16,O3_8h,湛江,141.0
20201111,16,O3_8h_24h,湛江,150.0
20201111,16,CO,湛江,0.58
20201111,16,CO_24h,湛江,0.7
20201111,17,AQI,湛江,67.0
20201111,17,PM2.5,湛江,36.0
20201111,17,PM2.5_24h,湛江,52.0
20201111,17,PM10,湛江,83.0
20201111,17,PM10_24h,湛江,91.0
20201111,17,SO2,湛江,10.0
20201111,17,SO2_24h,湛江,22.0
20201111,17,NO2,湛江,14.0
20201111,17,NO2_24h,湛江,22.0
20201111,17,O3,湛江,172.0
20201111,17,O3_24h,湛江,179.0
20201111,17,O3_8h,湛江,153.0
20201111,17,O3_8h_24h,湛江,156.0
20201111,17,CO,湛江,0.57
20201111,17,CO_24h,湛江,0.7
20201111,18,AQI,湛江,65.0
20201111,18,PM2.5,湛江,37.0
20201111,18,PM2.5_24h,湛江,52.0
20201111,18,PM10,湛江,80.0
20201111,18,PM10_24h,湛江,91.0
20201111,18,SO2,湛江,9.0
20201111,18,SO2_24h,湛江,22.0
20201111,18,NO2,湛江,16.0
20201111,18,NO2_24h,湛江,22.0
20201111,18,O3,湛江,172.0
20201111,18,O3_24h,湛江,181.0
20201111,18,O3_8h,湛江,164.0
20201111,18,O3_8h_24h,湛江,164.0
20201111,18,CO,湛江,0.58
20201111,18,CO_24h,湛江,0.7
20201111,19,AQI,湛江,74.0
20201111,19,PM2.5,湛江,44.0
20201111,19,PM2.5_24h,湛江,51.0
20201111,19,PM10,湛江,73.0
20201111,19,PM10_24h,湛江,90.0
20201111,19,SO2,湛江,9.0
20201111,19,SO2_24h,湛江,22.0
20201111,19,NO2,湛江,18.0
20201111,19,NO2_24h,湛江,21.0
20201111,19,O3,湛江,179.0
20201111,19,O3_24h,湛江,186.0
20201111,19,O3_8h,湛江,169.0
20201111,19,O3_8h_24h,湛江,169.0
20201111,19,CO,湛江,0.62
20201111,19,CO_24h,湛江,0.7
20201111,20,AQI,湛江,88.0
20201111,20,PM2.5,湛江,47.0
20201111,20,PM2.5_24h,湛江,51.0
20201111,20,PM10,湛江,77.0
20201111,20,PM10_24h,湛江,90.0
20201111,20,SO2,湛江,8.0
20201111,20,SO2_24h,湛江,22.0
20201111,20,NO2,湛江,19.0
20201111,20,NO2_24h,湛江,21.0
20201111,20,O3,湛江,190.0
20201111,20,O3_24h,湛江,192.0
20201111,20,O3_8h,湛江,175.0
20201111,20,O3_8h_24h,湛江,175.0
20201111,20,CO,湛江,0.63
20201111,20,CO_24h,湛江,0.7
20201111,21,AQI,湛江,101.0
20201111,21,PM2.5,湛江,53.0
20201111,21,PM2.5_24h,湛江,51.0
20201111,21,PM10,湛江,81.0
20201111,21,PM10_24h,湛江,90.0
20201111,21,SO2,湛江,8.0
20201111,21,SO2_24h,湛江,22.0
20201111,21,NO2,湛江,19.0
20201111,21,NO2_24h,湛江,21.0
20201111,21,O3,湛江,201.0
20201111,21,O3_24h,湛江,201.0
20201111,21,O3_8h,湛江,180.0
20201111,21,O3_8h_24h,湛江,180.0
20201111,21,CO,湛江,0.65
20201111,21,CO_24h,湛江,0.7
20201111,22,AQI,湛江,83.0
20201111,22,PM2.5,湛江,48.0
20201111,22,PM2.5_24h,湛江,50.0
20201111,22,PM10,湛江,82.0
20201111,22,PM10_24h,湛江,89.0
20201111,22,SO2,湛江,7.0
20201111,22,SO2_24h,湛江,21.0
20201111,22,NO2,湛江,18.0
20201111,22,NO2_24h,湛江,21.0
20201111,22,O3,湛江,186.0
20201111,22,O3_24h,湛江,201.0
20201111,22,O3_8h,湛江,182.0
20201111,22,O3_8h_24h,湛江,182.0
20201111,22,CO,湛江,0.6
20201111,22,CO_24h,湛江,0.68
20201111,23,AQI,湛江,63.0
20201111,23,PM2.5,湛江,40.0
20201111,23,PM2.5_24h,湛江,50.0
20201111,23,PM10,湛江,67.0
20201111,23,PM10_24h,湛江,88.0
20201111,23,SO2,湛江,7.0
20201111,23,SO2_24h,湛江,21.0
20201111,23,NO2,湛江,16.0
20201111,23,NO2_24h,湛江,20.0
20201111,23,O3,湛江,170.0
20201111,23,O3_24h,湛江,201.0
20201111,23,O3_8h,湛江,181.0
20201111,23,O3_8h_24h,湛江,182.0
20201111,23,CO,湛江,0.57
20201111,23,CO_24h,湛江,0.68
20201111,0,AQI,茂名,83.0
20201111,0,PM2.5,茂名,61.0
20201111,0,PM2.5_24h,茂名,43.0
20201111,0,PM10,茂名,101.0
20201111,0,PM10_24h,茂名,88.0
20201111,0,SO2,茂名,18.0
20201111,0,SO2_24h,茂名,25.0
20201111,0,NO2,茂名,24.0
20201111,0,NO2_24h,茂名,23.0
20201111,0,O3,茂名,123.0
20201111,0,O3_24h,茂名,133.0
20201111,0,O3_8h,茂名,120.0
20201111,0,O3_8h_24h,茂名,124.0
20201111,0,CO,茂名,0.73
20201111,0,CO_24h,茂名,0.8
20201111,1,AQI,茂名,71.0
20201111,1,PM2.5,茂名,48.0
20201111,1,PM2.5_24h,茂名,43.0
20201111,1,PM10,茂名,91.0
20201111,1,PM10_24h,茂名,88.0
20201111,1,SO2,茂名,26.0
20201111,1,SO2_24h,茂名,26.0
20201111,1,NO2,茂名,24.0
20201111,1,NO2_24h,茂名,23.0
20201111,1,O3,茂名,120.0
20201111,1,O3_24h,茂名,133.0
20201111,1,O3_8h,茂名,120.0
20201111,1,O3_8h_24h,茂名,120.0
20201111,1,CO,茂名,0.77
20201111,1,CO_24h,茂名,0.8
20201111,2,AQI,茂名,69.0
20201111,2,PM2.5,茂名,44.0
20201111,2,PM2.5_24h,茂名,43.0
20201111,2,PM10,茂名,88.0
20201111,2,PM10_24h,茂名,88.0
20201111,2,SO2,茂名,48.0
20201111,2,SO2_24h,茂名,26.0
20201111,2,NO2,茂名,34.0
20201111,2,NO2_24h,茂名,23.0
20201111,2,O3,茂名,91.0
20201111,2,O3_24h,茂名,133.0
20201111,2,O3_8h,茂名,105.0
20201111,2,O3_8h_24h,茂名,120.0
20201111,2,CO,茂名,0.8
20201111,2,CO_24h,茂名,0.77
20201111,3,AQI,茂名,78.0
20201111,3,PM2.5,茂名,56.0
20201111,3,PM2.5_24h,茂名,43.0
20201111,3,PM10,茂名,106.0
20201111,3,PM10_24h,茂名,89.0
20201111,3,SO2,茂名,49.0
20201111,3,SO2_24h,茂名,26.0
20201111,3,NO2,茂名,37.0
20201111,3,NO2_24h,茂名,23.0
20201111,3,O3,茂名,74.0
20201111,3,O3_24h,茂名,133.0
20201111,3,O3_8h,茂名,95.0
20201111,3,O3_8h_24h,茂名,120.0
20201111,3,CO,茂名,0.83
20201111,3,CO_24h,茂名,0.77
20201111,4,AQI,茂名,81.0
20201111,4,PM2.5,茂名,60.0
20201111,4,PM2.5_24h,茂名,44.0
20201111,4,PM10,茂名,110.0
20201111,4,PM10_24h,茂名,90.0
20201111,4,SO2,茂名,34.0
20201111,4,SO2_24h,茂名,27.0
20201111,4,NO2,茂名,29.0
20201111,4,NO2_24h,茂名,24.0
20201111,4,O3,茂名,71.0
20201111,4,O3_24h,茂名,133.0
20201111,4,O3_8h,茂名,89.0
20201111,4,O3_8h_24h,茂名,120.0
20201111,4,CO,茂名,0.77
20201111,4,CO_24h,茂名,0.8
20201111,5,AQI,茂名,73.0
20201111,5,PM2.5,茂名,53.0
20201111,5,PM2.5_24h,茂名,45.0
20201111,5,PM10,茂名,92.0
20201111,5,PM10_24h,茂名,91.0
20201111,5,SO2,茂名,34.0
20201111,5,SO2_24h,茂名,26.0
20201111,5,NO2,茂名,31.0
20201111,5,NO2_24h,茂名,24.0
20201111,5,O3,茂名,65.0
20201111,5,O3_24h,茂名,133.0
20201111,5,O3_8h,茂名,84.0
20201111,5,O3_8h_24h,茂名,120.0
20201111,5,CO,茂名,0.77
20201111,5,CO_24h,茂名,0.8
20201111,6,AQI,茂名,73.0
20201111,6,PM2.5,茂名,53.0
20201111,6,PM2.5_24h,茂名,45.0
20201111,6,PM10,茂名,92.0
20201111,6,PM10_24h,茂名,92.0
20201111,6,SO2,茂名,51.0
20201111,6,SO2_24h,茂名,26.0
20201111,6,NO2,茂名,32.0
20201111,6,NO2_24h,茂名,24.0
20201111,6,O3,茂名,59.0
20201111,6,O3_24h,茂名,133.0
20201111,6,O3_8h,茂名,83.0
20201111,6,O3_8h_24h,茂名,120.0
20201111,6,CO,茂名,0.75
20201111,6,CO_24h,茂名,0.8
20201111,8,AQI,茂名,67.0
20201111,8,PM2.5,茂名,45.0
20201111,8,PM2.5_24h,茂名,46.0
20201111,8,PM10,茂名,83.0
20201111,8,PM10_24h,茂名,93.0
20201111,8,SO2,茂名,33.0
20201111,8,SO2_24h,茂名,27.0
20201111,8,NO2,茂名,32.0
20201111,8,NO2_24h,茂名,25.0
20201111,8,O3,茂名,64.0
20201111,8,O3_24h,茂名,133.0
20201111,8,O3_8h,茂名,78.0
20201111,8,O3_8h_24h,茂名,120.0
20201111,8,CO,茂名,0.9
20201111,8,CO_24h,茂名,0.8
20201111,10,AQI,茂名,78.0
20201111,10,PM2.5,茂名,46.0
20201111,10,PM2.5_24h,茂名,48.0
20201111,10,PM10,茂名,105.0
20201111,10,PM10_24h,茂名,95.0
20201111,10,SO2,茂名,24.0
20201111,10,SO2_24h,茂名,27.0
20201111,10,NO2,茂名,25.0
20201111,10,NO2_24h,茂名,25.0
20201111,10,O3,茂名,97.0
20201111,10,O3_24h,茂名,133.0
20201111,10,O3_8h,茂名,73.0
20201111,10,O3_8h_24h,茂名,120.0
20201111,10,CO,茂名,0.73
20201111,10,CO_24h,茂名,0.77
20201111,11,AQI,茂名,76.0
20201111,11,PM2.5,茂名,39.0
20201111,11,PM2.5_24h,茂名,47.0
20201111,11,PM10,茂名,101.0
20201111,11,PM10_24h,茂名,94.0
20201111,11,SO2,茂名,17.0
20201111,11,SO2_24h,茂名,26.0
20201111,11,NO2,茂名,19.0
20201111,11,NO2_24h,茂名,24.0
20201111,11,O3,茂名,110.0
20201111,11,O3_24h,茂名,133.0
20201111,11,O3_8h,茂名,78.0
20201111,11,O3_8h_24h,茂名,120.0
20201111,11,CO,茂名,0.6
20201111,11,CO_24h,茂名,0.77
20201111,12,AQI,茂名,68.0
20201111,12,PM2.5,茂名,34.0
20201111,12,PM2.5_24h,茂名,46.0
20201111,12,PM10,茂名,86.0
20201111,12,PM10_24h,茂名,92.0
20201111,12,SO2,茂名,17.0
20201111,12,SO2_24h,茂名,26.0
20201111,12,NO2,茂名,17.0
20201111,12,NO2_24h,茂名,25.0
20201111,12,O3,茂名,120.0
20201111,12,O3_24h,茂名,133.0
20201111,12,O3_8h,茂名,84.0
20201111,12,O3_8h_24h,茂名,120.0
20201111,12,CO,茂名,0.63
20201111,12,CO_24h,茂名,0.77
20201111,13,AQI,茂名,64.0
20201111,13,PM2.5,茂名,33.0
20201111,13,PM2.5_24h,茂名,46.0
20201111,13,PM10,茂名,78.0
20201111,13,PM10_24h,茂名,92.0
20201111,13,SO2,茂名,16.0
20201111,13,SO2_24h,茂名,26.0
20201111,13,NO2,茂名,14.0
20201111,13,NO2_24h,茂名,25.0
20201111,13,O3,茂名,130.0
20201111,13,O3_24h,茂名,136.0
20201111,13,O3_8h,茂名,93.0
20201111,13,O3_8h_24h,茂名,120.0
20201111,13,CO,茂名,0.6
20201111,13,CO_24h,茂名,0.77
20201111,14,AQI,茂名,62.0
20201111,14,PM2.5,茂名,35.0
20201111,14,PM2.5_24h,茂名,46.0
20201111,14,PM10,茂名,73.0
20201111,14,PM10_24h,茂名,92.0
20201111,14,SO2,茂名,13.0
20201111,14,SO2_24h,茂名,25.0
20201111,14,NO2,茂名,13.0
20201111,14,NO2_24h,茂名,24.0
20201111,14,O3,茂名,133.0
20201111,14,O3_24h,茂名,135.0
20201111,14,O3_8h,茂名,100.0
20201111,14,O3_8h_24h,茂名,120.0
20201111,14,CO,茂名,0.6
20201111,14,CO_24h,茂名,0.77
20201111,15,AQI,茂名,59.0
20201111,15,PM2.5,茂名,33.0
20201111,15,PM2.5_24h,茂名,46.0
20201111,15,PM10,茂名,67.0
20201111,15,PM10_24h,茂名,92.0
20201111,15,SO2,茂名,12.0
20201111,15,SO2_24h,茂名,25.0
20201111,15,NO2,茂名,14.0
20201111,15,NO2_24h,茂名,24.0
20201111,15,O3,茂名,136.0
20201111,15,O3_24h,茂名,135.0
20201111,15,O3_8h,茂名,107.0
20201111,15,O3_8h_24h,茂名,121.0
20201111,15,CO,茂名,0.57
20201111,15,CO_24h,茂名,0.77
20201111,16,AQI,茂名,59.0
20201111,16,PM2.5,茂名,30.0
20201111,16,PM2.5_24h,茂名,46.0
20201111,16,PM10,茂名,67.0
20201111,16,PM10_24h,茂名,91.0
20201111,16,SO2,茂名,12.0
20201111,16,SO2_24h,茂名,25.0
20201111,16,NO2,茂名,17.0
20201111,16,NO2_24h,茂名,24.0
20201111,16,O3,茂名,128.0
20201111,16,O3_24h,茂名,135.0
20201111,16,O3_8h,茂名,115.0
20201111,16,O3_8h_24h,茂名,125.0
20201111,16,CO,茂名,0.53
20201111,16,CO_24h,茂名,0.77
20201111,17,AQI,茂名,55.0
20201111,17,PM2.5,茂名,29.0
20201111,17,PM2.5_24h,茂名,45.0
20201111,17,PM10,茂名,59.0
20201111,17,PM10_24h,茂名,90.0
20201111,17,SO2,茂名,11.0
20201111,17,SO2_24h,茂名,25.0
20201111,17,NO2,茂名,18.0
20201111,17,NO2_24h,茂名,24.0
20201111,17,O3,茂名,128.0
20201111,17,O3_24h,茂名,135.0
20201111,17,O3_8h,茂名,122.0
20201111,17,O3_8h_24h,茂名,128.0
20201111,17,CO,茂名,0.6
20201111,17,CO_24h,茂名,0.73
20201111,18,AQI,茂名,59.0
20201111,18,PM2.5,茂名,32.0
20201111,18,PM2.5_24h,茂名,44.0
20201111,18,PM10,茂名,68.0
20201111,18,PM10_24h,茂名,89.0
20201111,18,SO2,茂名,13.0
20201111,18,SO2_24h,茂名,25.0
20201111,18,NO2,茂名,29.0
20201111,18,NO2_24h,茂名,24.0
20201111,18,O3,茂名,142.0
20201111,18,O3_24h,茂名,142.0
20201111,18,O3_8h,茂名,127.0
20201111,18,O3_8h_24h,茂名,130.0
20201111,18,CO,茂名,0.8
20201111,18,CO_24h,茂名,0.73
20201111,19,AQI,茂名,81.0
20201111,19,PM2.5,茂名,49.0
20201111,19,PM2.5_24h,茂名,45.0
20201111,19,PM10,茂名,112.0
20201111,19,PM10_24h,茂名,90.0
20201111,19,SO2,茂名,13.0
20201111,19,SO2_24h,茂名,24.0
20201111,19,NO2,茂名,33.0
20201111,19,NO2_24h,茂名,25.0
20201111,19,O3,茂名,160.0
20201111,19,O3_24h,茂名,160.0
20201111,19,O3_8h,茂名,134.0
20201111,19,O3_8h_24h,茂名,134.0
20201111,19,CO,茂名,0.87
20201111,19,CO_24h,茂名,0.73
20201111,20,AQI,茂名,89.0
20201111,20,PM2.5,茂名,58.0
20201111,20,PM2.5_24h,茂名,45.0
20201111,20,PM10,茂名,127.0
20201111,20,PM10_24h,茂名,91.0
20201111,20,SO2,茂名,12.0
20201111,20,SO2_24h,茂名,24.0
20201111,20,NO2,茂名,32.0
20201111,20,NO2_24h,茂名,25.0
20201111,20,O3,茂名,167.0
20201111,20,O3_24h,茂名,169.0
20201111,20,O3_8h,茂名,140.0
20201111,20,O3_8h_24h,茂名,140.0
20201111,20,CO,茂名,0.8
20201111,20,CO_24h,茂名,0.73
20201111,21,AQI,茂名,88.0
20201111,21,PM2.5,茂名,54.0
20201111,21,PM2.5_24h,茂名,45.0
20201111,21,PM10,茂名,126.0
20201111,21,PM10_24h,茂名,93.0
20201111,21,SO2,茂名,11.0
20201111,21,SO2_24h,茂名,24.0
20201111,21,NO2,茂名,32.0
20201111,21,NO2_24h,茂名,25.0
20201111,21,O3,茂名,173.0
20201111,21,O3_24h,茂名,174.0
20201111,21,O3_8h,茂名,146.0
20201111,21,O3_8h_24h,茂名,146.0
20201111,21,CO,茂名,0.77
20201111,21,CO_24h,茂名,0.73
20201111,22,AQI,茂名,80.0
20201111,22,PM2.5,茂名,53.0
20201111,22,PM2.5_24h,茂名,45.0
20201111,22,PM10,茂名,110.0
20201111,22,PM10_24h,茂名,93.0
20201111,22,SO2,茂名,12.0
20201111,22,SO2_24h,茂名,23.0
20201111,22,NO2,茂名,29.0
20201111,22,NO2_24h,茂名,26.0
20201111,22,O3,茂名,166.0
20201111,22,O3_24h,茂名,175.0
20201111,22,O3_8h,茂名,150.0
20201111,22,O3_8h_24h,茂名,150.0
20201111,22,CO,茂名,0.77
20201111,22,CO_24h,茂名,0.73
20201111,23,AQI,茂名,75.0
20201111,23,PM2.5,茂名,50.0
20201111,23,PM2.5_24h,茂名,46.0
20201111,23,PM10,茂名,100.0
20201111,23,PM10_24h,茂名,93.0
20201111,23,SO2,茂名,14.0
20201111,23,SO2_24h,茂名,23.0
20201111,23,NO2,茂名,34.0
20201111,23,NO2_24h,茂名,26.0
20201111,23,O3,茂名,145.0
20201111,23,O3_24h,茂名,175.0
20201111,23,O3_8h,茂名,151.0
20201111,23,O3_8h_24h,茂名,151.0
20201111,23,CO,茂名,0.77
20201111,23,CO_24h,茂名,0.73
20201111,0,AQI,梅州,55.0
20201111,0,PM2.5,梅州,29.0
20201111,0,PM2.5_24h,梅州,32.0
20201111,0,PM10,梅州,59.0
20201111,0,PM10_24h,梅州,64.0
20201111,0,SO2,梅州,18.0
20201111,0,SO2_24h,梅州,14.0
20201111,0,NO2,梅州,43.0
20201111,0,NO2_24h,梅州,33.0
20201111,0,O3,梅州,47.0
20201111,0,O3_24h,梅州,128.0
20201111,0,O3_8h,梅州,61.0
20201111,0,O3_8h_24h,梅州,119.0
20201111,0,CO,梅州,0.6
20201111,0,CO_24h,梅州,0.65
20201111,1,AQI,梅州,49.0
20201111,1,PM2.5,梅州,27.0
20201111,1,PM2.5_24h,梅州,32.0
20201111,1,PM10,梅州,49.0
20201111,1,PM10_24h,梅州,63.0
20201111,1,SO2,梅州,14.0
20201111,1,SO2_24h,梅州,14.0
20201111,1,NO2,梅州,40.0
20201111,1,NO2_24h,梅州,32.0
20201111,1,O3,梅州,47.0
20201111,1,O3_24h,梅州,128.0
20201111,1,O3_8h,梅州,47.0
20201111,1,O3_8h_24h,梅州,47.0
20201111,1,CO,梅州,0.55
20201111,1,CO_24h,梅州,0.65
20201111,2,AQI,梅州,49.0
20201111,2,PM2.5,梅州,26.0
20201111,2,PM2.5_24h,梅州,32.0
20201111,2,PM10,梅州,49.0
20201111,2,PM10_24h,梅州,63.0
20201111,2,SO2,梅州,16.0
20201111,2,SO2_24h,梅州,14.0
20201111,2,NO2,梅州,43.0
20201111,2,NO2_24h,梅州,33.0
20201111,2,O3,梅州,40.0
20201111,2,O3_24h,梅州,128.0
20201111,2,O3_8h,梅州,44.0
20201111,2,O3_8h_24h,梅州,47.0
20201111,2,CO,梅州,0.55
20201111,2,CO_24h,梅州,0.65
20201111,3,AQI,梅州,47.0
20201111,3,PM2.5,梅州,26.0
20201111,3,PM2.5_24h,梅州,31.0
20201111,3,PM10,梅州,47.0
20201111,3,PM10_24h,梅州,62.0
20201111,3,SO2,梅州,17.0
20201111,3,SO2_24h,梅州,14.0
20201111,3,NO2,梅州,41.0
20201111,3,NO2_24h,梅州,33.0
20201111,3,O3,梅州,39.0
20201111,3,O3_24h,梅州,128.0
20201111,3,O3_8h,梅州,42.0
20201111,3,O3_8h_24h,梅州,47.0
20201111,3,CO,梅州,0.55
20201111,3,CO_24h,梅州,0.65
20201111,4,AQI,梅州,45.0
20201111,4,PM2.5,梅州,27.0
20201111,4,PM2.5_24h,梅州,31.0
20201111,4,PM10,梅州,45.0
20201111,4,PM10_24h,梅州,62.0
20201111,4,SO2,梅州,16.0
20201111,4,SO2_24h,梅州,14.0
20201111,4,NO2,梅州,42.0
20201111,4,NO2_24h,梅州,34.0
20201111,4,O3,梅州,35.0
20201111,4,O3_24h,梅州,128.0
20201111,4,O3_8h,梅州,40.0
20201111,4,O3_8h_24h,梅州,47.0
20201111,4,CO,梅州,0.55
20201111,4,CO_24h,梅州,0.65
20201111,5,AQI,梅州,51.0
20201111,5,PM2.5,梅州,26.0
20201111,5,PM2.5_24h,梅州,31.0
20201111,5,PM10,梅州,51.0
20201111,5,PM10_24h,梅州,61.0
20201111,5,SO2,梅州,18.0
20201111,5,SO2_24h,梅州,14.0
20201111,5,NO2,梅州,40.0
20201111,5,NO2_24h,梅州,35.0
20201111,5,O3,梅州,33.0
20201111,5,O3_24h,梅州,128.0
20201111,5,O3_8h,梅州,39.0
20201111,5,O3_8h_24h,梅州,47.0
20201111,5,CO,梅州,0.6
20201111,5,CO_24h,梅州,0.65
20201111,6,AQI,梅州,42.0
20201111,6,PM2.5,梅州,25.0
20201111,6,PM2.5_24h,梅州,30.0
20201111,6,PM10,梅州,42.0
20201111,6,PM10_24h,梅州,61.0
20201111,6,SO2,梅州,18.0
20201111,6,SO2_24h,梅州,14.0
20201111,6,NO2,梅州,35.0
20201111,6,NO2_24h,梅州,36.0
20201111,6,O3,梅州,36.0
20201111,6,O3_24h,梅州,128.0
20201111,6,O3_8h,梅州,39.0
20201111,6,O3_8h_24h,梅州,47.0
20201111,6,CO,梅州,0.55
20201111,6,CO_24h,梅州,0.65
20201111,8,AQI,梅州,41.0
20201111,8,PM2.5,梅州,25.0
20201111,8,PM2.5_24h,梅州,30.0
20201111,8,PM10,梅州,41.0
20201111,8,PM10_24h,梅州,59.0
20201111,8,SO2,梅州,15.0
20201111,8,SO2_24h,梅州,14.0
20201111,8,NO2,梅州,40.0
20201111,8,NO2_24h,梅州,36.0
20201111,8,O3,梅州,31.0
20201111,8,O3_24h,梅州,128.0
20201111,8,O3_8h,梅州,37.0
20201111,8,O3_8h_24h,梅州,47.0
20201111,8,CO,梅州,0.75
20201111,8,CO_24h,梅州,0.65
20201111,10,AQI,梅州,53.0
20201111,10,PM2.5,梅州,22.0
20201111,10,PM2.5_24h,梅州,29.0
20201111,10,PM10,梅州,56.0
20201111,10,PM10_24h,梅州,58.0
20201111,10,SO2,梅州,15.0
20201111,10,SO2_24h,梅州,15.0
20201111,10,NO2,梅州,22.0
20201111,10,NO2_24h,梅州,36.0
20201111,10,O3,梅州,71.0
20201111,10,O3_24h,梅州,128.0
20201111,10,O3_8h,梅州,40.0
20201111,10,O3_8h_24h,梅州,47.0
20201111,10,CO,梅州,0.55
20201111,10,CO_24h,梅州,0.65
20201111,11,AQI,梅州,42.0
20201111,11,PM2.5,梅州,18.0
20201111,11,PM2.5_24h,梅州,29.0
20201111,11,PM10,梅州,42.0
20201111,11,PM10_24h,梅州,57.0
20201111,11,SO2,梅州,12.0
20201111,11,SO2_24h,梅州,15.0
20201111,11,NO2,梅州,14.0
20201111,11,NO2_24h,梅州,35.0
20201111,11,O3,梅州,91.0
20201111,11,O3_24h,梅州,128.0
20201111,11,O3_8h,梅州,47.0
20201111,11,O3_8h_24h,梅州,51.0
20201111,11,CO,梅州,0.45
20201111,11,CO_24h,梅州,0.65
20201111,12,AQI,梅州,36.0
20201111,12,PM2.5,梅州,18.0
20201111,12,PM2.5_24h,梅州,28.0
20201111,12,PM10,梅州,36.0
20201111,12,PM10_24h,梅州,55.0
20201111,12,SO2,梅州,11.0
20201111,12,SO2_24h,梅州,15.0
20201111,12,NO2,梅州,14.0
20201111,12,NO2_24h,梅州,35.0
20201111,12,O3,梅州,96.0
20201111,12,O3_24h,梅州,128.0
20201111,12,O3_8h,梅州,54.0
20201111,12,O3_8h_24h,梅州,55.0
20201111,12,CO,梅州,0.45
20201111,12,CO_24h,梅州,0.65
20201111,13,AQI,梅州,40.0
20201111,13,PM2.5,梅州,18.0
20201111,13,PM2.5_24h,梅州,28.0
20201111,13,PM10,梅州,40.0
20201111,13,PM10_24h,梅州,55.0
20201111,13,SO2,梅州,11.0
20201111,13,SO2_24h,梅州,15.0
20201111,13,NO2,梅州,11.0
20201111,13,NO2_24h,梅州,35.0
20201111,13,O3,梅州,106.0
20201111,13,O3_24h,梅州,128.0
20201111,13,O3_8h,梅州,63.0
20201111,13,O3_8h_24h,梅州,63.0
20201111,13,CO,梅州,0.45
20201111,13,CO_24h,梅州,0.6
20201111,14,AQI,梅州,35.0
20201111,14,PM2.5,梅州,18.0
20201111,14,PM2.5_24h,梅州,28.0
20201111,14,PM10,梅州,35.0
20201111,14,PM10_24h,梅州,54.0
20201111,14,SO2,梅州,10.0
20201111,14,SO2_24h,梅州,15.0
20201111,14,NO2,梅州,11.0
20201111,14,NO2_24h,梅州,35.0
20201111,14,O3,梅州,111.0
20201111,14,O3_24h,梅州,128.0
20201111,14,O3_8h,梅州,73.0
20201111,14,O3_8h_24h,梅州,73.0
20201111,14,CO,梅州,0.4
20201111,14,CO_24h,梅州,0.6
20201111,15,AQI,梅州,33.0
20201111,15,PM2.5,梅州,16.0
20201111,15,PM2.5_24h,梅州,27.0
20201111,15,PM10,梅州,33.0
20201111,15,PM10_24h,梅州,53.0
20201111,15,SO2,梅州,9.0
20201111,15,SO2_24h,梅州,15.0
20201111,15,NO2,梅州,12.0
20201111,15,NO2_24h,梅州,35.0
20201111,15,O3,梅州,107.0
20201111,15,O3_24h,梅州,125.0
20201111,15,O3_8h,梅州,82.0
20201111,15,O3_8h_24h,梅州,82.0
20201111,15,CO,梅州,0.4
20201111,15,CO_24h,梅州,0.6
20201111,16,AQI,梅州,33.0
20201111,16,PM2.5,梅州,16.0
20201111,16,PM2.5_24h,梅州,27.0
20201111,16,PM10,梅州,28.0
20201111,16,PM10_24h,梅州,52.0
20201111,16,SO2,梅州,8.0
20201111,16,SO2_24h,梅州,15.0
20201111,16,NO2,梅州,13.0
20201111,16,NO2_24h,梅州,35.0
20201111,16,O3,梅州,106.0
20201111,16,O3_24h,梅州,115.0
20201111,16,O3_8h,梅州,92.0
20201111,16,O3_8h_24h,梅州,92.0
20201111,16,CO,梅州,0.4
20201111,16,CO_24h,梅州,0.6
20201111,17,AQI,梅州,33.0
20201111,17,PM2.5,梅州,16.0
20201111,17,PM2.5_24h,梅州,26.0
20201111,17,PM10,梅州,33.0
20201111,17,PM10_24h,梅州,51.0
20201111,17,SO2,梅州,9.0
20201111,17,SO2_24h,梅州,14.0
20201111,17,NO2,梅州,15.0
20201111,17,NO2_24h,梅州,35.0
20201111,17,O3,梅州,104.0
20201111,17,O3_24h,梅州,111.0
20201111,17,O3_8h,梅州,99.0
20201111,17,O3_8h_24h,梅州,99.0
20201111,17,CO,梅州,0.5
20201111,17,CO_24h,梅州,0.6
20201111,18,AQI,梅州,33.0
20201111,18,PM2.5,梅州,19.0
20201111,18,PM2.5_24h,梅州,26.0
20201111,18,PM10,梅州,33.0
20201111,18,PM10_24h,梅州,50.0
20201111,18,SO2,梅州,8.0
20201111,18,SO2_24h,梅州,14.0
20201111,18,NO2,梅州,27.0
20201111,18,NO2_24h,梅州,35.0
20201111,18,O3,梅州,86.0
20201111,18,O3_24h,梅州,111.0
20201111,18,O3_8h,梅州,101.0
20201111,18,O3_8h_24h,梅州,101.0
20201111,18,CO,梅州,0.65
20201111,18,CO_24h,梅州,0.6
20201111,19,AQI,梅州,47.0
20201111,19,PM2.5,梅州,27.0
20201111,19,PM2.5_24h,梅州,25.0
20201111,19,PM10,梅州,47.0
20201111,19,PM10_24h,梅州,49.0
20201111,19,SO2,梅州,9.0
20201111,19,SO2_24h,梅州,14.0
20201111,19,NO2,梅州,52.0
20201111,19,NO2_24h,梅州,35.0
20201111,19,O3,梅州,52.0
20201111,19,O3_24h,梅州,111.0
20201111,19,O3_8h,梅州,96.0
20201111,19,O3_8h_24h,梅州,101.0
20201111,19,CO,梅州,0.95
20201111,19,CO_24h,梅州,0.6
20201111,20,AQI,梅州,63.0
20201111,20,PM2.5,梅州,45.0
20201111,20,PM2.5_24h,梅州,25.0
20201111,20,PM10,梅州,63.0
20201111,20,PM10_24h,梅州,48.0
20201111,20,SO2,梅州,9.0
20201111,20,SO2_24h,梅州,14.0
20201111,20,NO2,梅州,71.0
20201111,20,NO2_24h,梅州,35.0
20201111,20,O3,梅州,19.0
20201111,20,O3_24h,梅州,111.0
20201111,20,O3_8h,梅州,87.0
20201111,20,O3_8h_24h,梅州,101.0
20201111,20,CO,梅州,0.9
20201111,20,CO_24h,梅州,0.6
20201111,21,AQI,梅州,64.0
20201111,21,PM2.5,梅州,38.0
20201111,21,PM2.5_24h,梅州,25.0
20201111,21,PM10,梅州,77.0
20201111,21,PM10_24h,梅州,48.0
20201111,21,SO2,梅州,15.0
20201111,21,SO2_24h,梅州,14.0
20201111,21,NO2,梅州,71.0
20201111,21,NO2_24h,梅州,36.0
20201111,21,O3,梅州,13.0
20201111,21,O3_24h,梅州,111.0
20201111,21,O3_8h,梅州,74.0
20201111,21,O3_8h_24h,梅州,101.0
20201111,21,CO,梅州,0.9
20201111,21,CO_24h,梅州,0.6
20201111,22,AQI,梅州,60.0
20201111,22,PM2.5,梅州,35.0
20201111,22,PM2.5_24h,梅州,25.0
20201111,22,PM10,梅州,69.0
20201111,22,PM10_24h,梅州,48.0
20201111,22,SO2,梅州,20.0
20201111,22,SO2_24h,梅州,14.0
20201111,22,NO2,梅州,67.0
20201111,22,NO2_24h,梅州,35.0
20201111,22,O3,梅州,9.0
20201111,22,O3_24h,梅州,111.0
20201111,22,O3_8h,梅州,62.0
20201111,22,O3_8h_24h,梅州,101.0
20201111,22,CO,梅州,0.8
20201111,22,CO_24h,梅州,0.6
20201111,23,AQI,梅州,63.0
20201111,23,PM2.5,梅州,29.0
20201111,23,PM2.5_24h,梅州,25.0
20201111,23,PM10,梅州,75.0
20201111,23,PM10_24h,梅州,48.0
20201111,23,SO2,梅州,19.0
20201111,23,SO2_24h,梅州,14.0
20201111,23,NO2,梅州,66.0
20201111,23,NO2_24h,梅州,36.0
20201111,23,O3,梅州,13.0
20201111,23,O3_24h,梅州,111.0
20201111,23,O3_8h,梅州,50.0
20201111,23,O3_8h_24h,梅州,101.0
20201111,23,CO,梅州,0.65
20201111,23,CO_24h,梅州,0.6
20201111,0,AQI,汕尾,58.0
20201111,0,PM2.5,汕尾,35.0
20201111,0,PM2.5_24h,汕尾,31.0
20201111,0,PM10,汕尾,66.0
20201111,0,PM10_24h,汕尾,79.0
20201111,0,SO2,汕尾,9.0
20201111,0,SO2_24h,汕尾,11.0
20201111,0,NO2,汕尾,20.0
20201111,0,NO2_24h,汕尾,21.0
20201111,0,O3,汕尾,83.0
20201111,0,O3_24h,汕尾,116.0
20201111,0,O3_8h,汕尾,97.0
20201111,0,O3_8h_24h,汕尾,109.0
20201111,0,CO,汕尾,0.55
20201111,0,CO_24h,汕尾,0.55
20201111,1,AQI,汕尾,55.0
20201111,1,PM2.5,汕尾,37.0
20201111,1,PM2.5_24h,汕尾,32.0
20201111,1,PM10,汕尾,60.0
20201111,1,PM10_24h,汕尾,78.0
20201111,1,SO2,汕尾,9.0
20201111,1,SO2_24h,汕尾,11.0
20201111,1,NO2,汕尾,21.0
20201111,1,NO2_24h,汕尾,21.0
20201111,1,O3,汕尾,74.0
20201111,1,O3_24h,汕尾,116.0
20201111,1,O3_8h,汕尾,74.0
20201111,1,O3_8h_24h,汕尾,74.0
20201111,1,CO,汕尾,0.55
20201111,1,CO_24h,汕尾,0.55
20201111,2,AQI,汕尾,60.0
20201111,2,PM2.5,汕尾,38.0
20201111,2,PM2.5_24h,汕尾,32.0
20201111,2,PM10,汕尾,70.0
20201111,2,PM10_24h,汕尾,77.0
20201111,2,SO2,汕尾,10.0
20201111,2,SO2_24h,汕尾,11.0
20201111,2,NO2,汕尾,20.0
20201111,2,NO2_24h,汕尾,21.0
20201111,2,O3,汕尾,74.0
20201111,2,O3_24h,汕尾,116.0
20201111,2,O3_8h,汕尾,74.0
20201111,2,O3_8h_24h,汕尾,75.0
20201111,2,CO,汕尾,0.55
20201111,2,CO_24h,汕尾,0.55
20201111,3,AQI,汕尾,58.0
20201111,3,PM2.5,汕尾,38.0
20201111,3,PM2.5_24h,汕尾,32.0
20201111,3,PM10,汕尾,66.0
20201111,3,PM10_24h,汕尾,76.0
20201111,3,SO2,汕尾,10.0
20201111,3,SO2_24h,汕尾,11.0
20201111,3,NO2,汕尾,24.0
20201111,3,NO2_24h,汕尾,21.0
20201111,3,O3,汕尾,66.0
20201111,3,O3_24h,汕尾,116.0
20201111,3,O3_8h,汕尾,71.0
20201111,3,O3_8h_24h,汕尾,75.0
20201111,3,CO,汕尾,0.55
20201111,3,CO_24h,汕尾,0.55
20201111,4,AQI,汕尾,62.0
20201111,4,PM2.5,汕尾,41.0
20201111,4,PM2.5_24h,汕尾,33.0
20201111,4,PM10,汕尾,73.0
20201111,4,PM10_24h,汕尾,75.0
20201111,4,SO2,汕尾,10.0
20201111,4,SO2_24h,汕尾,11.0
20201111,4,NO2,汕尾,25.0
20201111,4,NO2_24h,汕尾,21.0
20201111,4,O3,汕尾,59.0
20201111,4,O3_24h,汕尾,116.0
20201111,4,O3_8h,汕尾,68.0
20201111,4,O3_8h_24h,汕尾,75.0
20201111,4,CO,汕尾,0.55
20201111,4,CO_24h,汕尾,0.55
20201111,5,AQI,汕尾,63.0
20201111,5,PM2.5,汕尾,40.0
20201111,5,PM2.5_24h,汕尾,33.0
20201111,5,PM10,汕尾,76.0
20201111,5,PM10_24h,汕尾,73.0
20201111,5,SO2,汕尾,10.0
20201111,5,SO2_24h,汕尾,11.0
20201111,5,NO2,汕尾,26.0
20201111,5,NO2_24h,汕尾,21.0
20201111,5,O3,汕尾,52.0
20201111,5,O3_24h,汕尾,116.0
20201111,5,O3_8h,汕尾,65.0
20201111,5,O3_8h_24h,汕尾,75.0
20201111,5,CO,汕尾,0.55
20201111,5,CO_24h,汕尾,0.55
20201111,6,AQI,汕尾,63.0
20201111,6,PM2.5,汕尾,41.0
20201111,6,PM2.5_24h,汕尾,33.0
20201111,6,PM10,汕尾,76.0
20201111,6,PM10_24h,汕尾,72.0
20201111,6,SO2,汕尾,10.0
20201111,6,SO2_24h,汕尾,11.0
20201111,6,NO2,汕尾,28.0
20201111,6,NO2_24h,汕尾,22.0
20201111,6,O3,汕尾,46.0
20201111,6,O3_24h,汕尾,116.0
20201111,6,O3_8h,汕尾,62.0
20201111,6,O3_8h_24h,汕尾,75.0
20201111,6,CO,汕尾,0.55
20201111,6,CO_24h,汕尾,0.55
20201111,7,AQI,汕尾,55.0
20201111,7,PM2.5,汕尾,39.0
20201111,7,PM2.5_24h,汕尾,32.0
20201111,7,PM10,汕尾,60.0
20201111,7,PM10_24h,汕尾,65.0
20201111,7,SO2,汕尾,11.0
20201111,7,SO2_24h,汕尾,12.0
20201111,7,NO2,汕尾,28.0
20201111,7,NO2_24h,汕尾,20.0
20201111,7,O3,汕尾,53.0
20201111,7,O3_24h,汕尾,124.0
20201111,7,O3_8h,汕尾,70.0
20201111,7,O3_8h_24h,汕尾,87.0
20201111,7,CO,汕尾,0.6
20201111,7,CO_24h,汕尾,0.5
20201111,8,AQI,汕尾,54.0
20201111,8,PM2.5,汕尾,37.0
20201111,8,PM2.5_24h,汕尾,33.0
20201111,8,PM10,汕尾,58.0
20201111,8,PM10_24h,汕尾,71.0
20201111,8,SO2,汕尾,10.0
20201111,8,SO2_24h,汕尾,11.0
20201111,8,NO2,汕尾,29.0
20201111,8,NO2_24h,汕尾,22.0
20201111,8,O3,汕尾,46.0
20201111,8,O3_24h,汕尾,116.0
20201111,8,O3_8h,汕尾,59.0
20201111,8,O3_8h_24h,汕尾,75.0
20201111,8,CO,汕尾,0.65
20201111,8,CO_24h,汕尾,0.55
20201111,10,AQI,汕尾,60.0
20201111,10,PM2.5,汕尾,28.0
20201111,10,PM2.5_24h,汕尾,33.0
20201111,10,PM10,汕尾,69.0
20201111,10,PM10_24h,汕尾,70.0
20201111,10,SO2,汕尾,11.0
20201111,10,SO2_24h,汕尾,11.0
20201111,10,NO2,汕尾,20.0
20201111,10,NO2_24h,汕尾,22.0
20201111,10,O3,汕尾,81.0
20201111,10,O3_24h,汕尾,116.0
20201111,10,O3_8h,汕尾,57.0
20201111,10,O3_8h_24h,汕尾,75.0
20201111,10,CO,汕尾,0.6
20201111,10,CO_24h,汕尾,0.55
20201111,11,AQI,汕尾,53.0
20201111,11,PM2.5,汕尾,23.0
20201111,11,PM2.5_24h,汕尾,33.0
20201111,11,PM10,汕尾,56.0
20201111,11,PM10_24h,汕尾,69.0
20201111,11,SO2,汕尾,10.0
20201111,11,SO2_24h,汕尾,10.0
20201111,11,NO2,汕尾,15.0
20201111,11,NO2_24h,汕尾,22.0
20201111,11,O3,汕尾,100.0
20201111,11,O3_24h,汕尾,116.0
20201111,11,O3_8h,汕尾,61.0
20201111,11,O3_8h_24h,汕尾,75.0
20201111,11,CO,汕尾,0.5
20201111,11,CO_24h,汕尾,0.55
20201111,12,AQI,汕尾,52.0
20201111,12,PM2.5,汕尾,21.0
20201111,12,PM2.5_24h,汕尾,33.0
20201111,12,PM10,汕尾,53.0
20201111,12,PM10_24h,汕尾,68.0
20201111,12,SO2,汕尾,11.0
20201111,12,SO2_24h,汕尾,10.0
20201111,12,NO2,汕尾,12.0
20201111,12,NO2_24h,汕尾,22.0
20201111,12,O3,汕尾,114.0
20201111,12,O3_24h,汕尾,116.0
20201111,12,O3_8h,汕尾,68.0
20201111,12,O3_8h_24h,汕尾,75.0
20201111,12,CO,汕尾,0.5
20201111,12,CO_24h,汕尾,0.55
20201111,13,AQI,汕尾,48.0
20201111,13,PM2.5,汕尾,17.0
20201111,13,PM2.5_24h,汕尾,32.0
20201111,13,PM10,汕尾,48.0
20201111,13,PM10_24h,汕尾,67.0
20201111,13,SO2,汕尾,10.0
20201111,13,SO2_24h,汕尾,10.0
20201111,13,NO2,汕尾,10.0
20201111,13,NO2_24h,汕尾,21.0
20201111,13,O3,汕尾,120.0
20201111,13,O3_24h,汕尾,121.0
20201111,13,O3_8h,汕尾,76.0
20201111,13,O3_8h_24h,汕尾,78.0
20201111,13,CO,汕尾,0.45
20201111,13,CO_24h,汕尾,0.55
20201111,14,AQI,汕尾,40.0
20201111,14,PM2.5,汕尾,16.0
20201111,14,PM2.5_24h,汕尾,31.0
20201111,14,PM10,汕尾,40.0
20201111,14,PM10_24h,汕尾,66.0
20201111,14,SO2,汕尾,10.0
20201111,14,SO2_24h,汕尾,10.0
20201111,14,NO2,汕尾,10.0
20201111,14,NO2_24h,汕尾,21.0
20201111,14,O3,汕尾,125.0
20201111,14,O3_24h,汕尾,125.0
20201111,14,O3_8h,汕尾,86.0
20201111,14,O3_8h_24h,汕尾,86.0
20201111,14,CO,汕尾,0.45
20201111,14,CO_24h,汕尾,0.55
20201111,15,AQI,汕尾,52.0
20201111,15,PM2.5,汕尾,14.0
20201111,15,PM2.5_24h,汕尾,30.0
20201111,15,PM10,汕尾,53.0
20201111,15,PM10_24h,汕尾,65.0
20201111,15,SO2,汕尾,8.0
20201111,15,SO2_24h,汕尾,10.0
20201111,15,NO2,汕尾,10.0
20201111,15,NO2_24h,汕尾,21.0
20201111,15,O3,汕尾,128.0
20201111,15,O3_24h,汕尾,128.0
20201111,15,O3_8h,汕尾,97.0
20201111,15,O3_8h_24h,汕尾,97.0
20201111,15,CO,汕尾,0.45
20201111,15,CO_24h,汕尾,0.55
20201111,16,AQI,汕尾,46.0
20201111,16,PM2.5,汕尾,15.0
20201111,16,PM2.5_24h,汕尾,30.0
20201111,16,PM10,汕尾,46.0
20201111,16,PM10_24h,汕尾,63.0
20201111,16,SO2,汕尾,8.0
20201111,16,SO2_24h,汕尾,10.0
20201111,16,NO2,汕尾,11.0
20201111,16,NO2_24h,汕尾,20.0
20201111,16,O3,汕尾,131.0
20201111,16,O3_24h,汕尾,131.0
20201111,16,O3_8h,汕尾,108.0
20201111,16,O3_8h_24h,汕尾,108.0
20201111,16,CO,汕尾,0.45
20201111,16,CO_24h,汕尾,0.55
20201111,17,AQI,汕尾,45.0
20201111,17,PM2.5,汕尾,16.0
20201111,17,PM2.5_24h,汕尾,29.0
20201111,17,PM10,汕尾,45.0
20201111,17,PM10_24h,汕尾,62.0
20201111,17,SO2,汕尾,8.0
20201111,17,SO2_24h,汕尾,10.0
20201111,17,NO2,汕尾,13.0
20201111,17,NO2_24h,汕尾,20.0
20201111,17,O3,汕尾,131.0
20201111,17,O3_24h,汕尾,133.0
20201111,17,O3_8h,汕尾,116.0
20201111,17,O3_8h_24h,汕尾,116.0
20201111,17,CO,汕尾,0.45
20201111,17,CO_24h,汕尾,0.55
20201111,18,AQI,汕尾,46.0
20201111,18,PM2.5,汕尾,18.0
20201111,18,PM2.5_24h,汕尾,29.0
20201111,18,PM10,汕尾,46.0
20201111,18,PM10_24h,汕尾,61.0
20201111,18,SO2,汕尾,8.0
20201111,18,SO2_24h,汕尾,10.0
20201111,18,NO2,汕尾,16.0
20201111,18,NO2_24h,汕尾,20.0
20201111,18,O3,汕尾,128.0
20201111,18,O3_24h,汕尾,133.0
20201111,18,O3_8h,汕尾,122.0
20201111,18,O3_8h_24h,汕尾,122.0
20201111,18,CO,汕尾,0.5
20201111,18,CO_24h,汕尾,0.55
20201111,19,AQI,汕尾,40.0
20201111,19,PM2.5,汕尾,20.0
20201111,19,PM2.5_24h,汕尾,29.0
20201111,19,PM10,汕尾,40.0
20201111,19,PM10_24h,汕尾,60.0
20201111,19,SO2,汕尾,8.0
20201111,19,SO2_24h,汕尾,10.0
20201111,19,NO2,汕尾,16.0
20201111,19,NO2_24h,汕尾,20.0
20201111,19,O3,汕尾,124.0
20201111,19,O3_24h,汕尾,133.0
20201111,19,O3_8h,汕尾,125.0
20201111,19,O3_8h_24h,汕尾,125.0
20201111,19,CO,汕尾,0.55
20201111,19,CO_24h,汕尾,0.55
20201111,20,AQI,汕尾,40.0
20201111,20,PM2.5,汕尾,20.0
20201111,20,PM2.5_24h,汕尾,28.0
20201111,20,PM10,汕尾,40.0
20201111,20,PM10_24h,汕尾,59.0
20201111,20,SO2,汕尾,8.0
20201111,20,SO2_24h,汕尾,10.0
20201111,20,NO2,汕尾,15.0
20201111,20,NO2_24h,汕尾,19.0
20201111,20,O3,汕尾,125.0
20201111,20,O3_24h,汕尾,133.0
20201111,20,O3_8h,汕尾,127.0
20201111,20,O3_8h_24h,汕尾,127.0
20201111,20,CO,汕尾,0.45
20201111,20,CO_24h,汕尾,0.55
20201111,21,AQI,汕尾,52.0
20201111,21,PM2.5,汕尾,24.0
20201111,21,PM2.5_24h,汕尾,28.0
20201111,21,PM10,汕尾,54.0
20201111,21,PM10_24h,汕尾,59.0
20201111,21,SO2,汕尾,8.0
20201111,21,SO2_24h,汕尾,9.0
20201111,21,NO2,汕尾,32.0
20201111,21,NO2_24h,汕尾,19.0
20201111,21,O3,汕尾,90.0
20201111,21,O3_24h,汕尾,133.0
20201111,21,O3_8h,汕尾,123.0
20201111,21,O3_8h_24h,汕尾,127.0
20201111,21,CO,汕尾,0.55
20201111,21,CO_24h,汕尾,0.55
20201111,22,AQI,汕尾,55.0
20201111,22,PM2.5,汕尾,29.0
20201111,22,PM2.5_24h,汕尾,28.0
20201111,22,PM10,汕尾,60.0
20201111,22,PM10_24h,汕尾,58.0
20201111,22,SO2,汕尾,9.0
20201111,22,SO2_24h,汕尾,9.0
20201111,22,NO2,汕尾,28.0
20201111,22,NO2_24h,汕尾,20.0
20201111,22,O3,汕尾,93.0
20201111,22,O3_24h,汕尾,133.0
20201111,22,O3_8h,汕尾,119.0
20201111,22,O3_8h_24h,汕尾,127.0
20201111,22,CO,汕尾,0.55
20201111,22,CO_24h,汕尾,0.55
20201111,23,AQI,汕尾,55.0
20201111,23,PM2.5,汕尾,24.0
20201111,23,PM2.5_24h,汕尾,28.0
20201111,23,PM10,汕尾,60.0
20201111,23,PM10_24h,汕尾,58.0
20201111,23,SO2,汕尾,8.0
20201111,23,SO2_24h,汕尾,9.0
20201111,23,NO2,汕尾,19.0
20201111,23,NO2_24h,汕尾,20.0
20201111,23,O3,汕尾,92.0
20201111,23,O3_24h,汕尾,133.0
20201111,23,O3_8h,汕尾,115.0
20201111,23,O3_8h_24h,汕尾,127.0
20201111,23,CO,汕尾,0.45
20201111,23,CO_24h,汕尾,0.55
20201111,0,AQI,河源,56.0
20201111,0,PM2.5,河源,31.0
20201111,0,PM2.5_24h,河源,35.0
20201111,0,PM10,河源,62.0
20201111,0,PM10_24h,河源,68.0
20201111,0,SO2,河源,11.0
20201111,0,SO2_24h,河源,14.0
20201111,0,NO2,河源,21.0
20201111,0,NO2_24h,河源,17.0
20201111,0,O3,河源,102.0
20201111,0,O3_24h,河源,149.0
20201111,0,O3_8h,河源,117.0
20201111,0,O3_8h_24h,河源,142.0
20201111,0,CO,河源,0.5
20201111,0,CO_24h,河源,0.55
20201111,1,AQI,河源,55.0
20201111,1,PM2.5,河源,29.0
20201111,1,PM2.5_24h,河源,34.0
20201111,1,PM10,河源,60.0
20201111,1,PM10_24h,河源,68.0
20201111,1,SO2,河源,11.0
20201111,1,SO2_24h,河源,14.0
20201111,1,NO2,河源,23.0
20201111,1,NO2_24h,河源,17.0
20201111,1,O3,河源,97.0
20201111,1,O3_24h,河源,149.0
20201111,1,O3_8h,河源,97.0
20201111,1,O3_8h_24h,河源,97.0
20201111,1,CO,河源,0.5
20201111,1,CO_24h,河源,0.55
20201111,2,AQI,河源,56.0
20201111,2,PM2.5,河源,29.0
20201111,2,PM2.5_24h,河源,34.0
20201111,2,PM10,河源,62.0
20201111,2,PM10_24h,河源,67.0
20201111,2,SO2,河源,11.0
20201111,2,SO2_24h,河源,14.0
20201111,2,NO2,河源,21.0
20201111,2,NO2_24h,河源,18.0
20201111,2,O3,河源,95.0
20201111,2,O3_24h,河源,149.0
20201111,2,O3_8h,河源,96.0
20201111,2,O3_8h_24h,河源,97.0
20201111,2,CO,河源,0.5
20201111,2,CO_24h,河源,0.55
20201111,3,AQI,河源,57.0
20201111,3,PM2.5,河源,30.0
20201111,3,PM2.5_24h,河源,34.0
20201111,3,PM10,河源,63.0
20201111,3,PM10_24h,河源,67.0
20201111,3,SO2,河源,12.0
20201111,3,SO2_24h,河源,14.0
20201111,3,NO2,河源,19.0
20201111,3,NO2_24h,河源,18.0
20201111,3,O3,河源,95.0
20201111,3,O3_24h,河源,149.0
20201111,3,O3_8h,河源,96.0
20201111,3,O3_8h_24h,河源,97.0
20201111,3,CO,河源,0.5
20201111,3,CO_24h,河源,0.55
20201111,4,AQI,河源,56.0
20201111,4,PM2.5,河源,33.0
20201111,4,PM2.5_24h,河源,34.0
20201111,4,PM10,河源,62.0
20201111,4,PM10_24h,河源,66.0
20201111,4,SO2,河源,14.0
20201111,4,SO2_24h,河源,14.0
20201111,4,NO2,河源,16.0
20201111,4,NO2_24h,河源,18.0
20201111,4,O3,河源,100.0
20201111,4,O3_24h,河源,149.0
20201111,4,O3_8h,河源,97.0
20201111,4,O3_8h_24h,河源,98.0
20201111,4,CO,河源,0.5
20201111,4,CO_24h,河源,0.55
20201111,5,AQI,河源,57.0
20201111,5,PM2.5,河源,34.0
20201111,5,PM2.5_24h,河源,34.0
20201111,5,PM10,河源,64.0
20201111,5,PM10_24h,河源,66.0
20201111,5,SO2,河源,14.0
20201111,5,SO2_24h,河源,14.0
20201111,5,NO2,河源,17.0
20201111,5,NO2_24h,河源,18.0
20201111,5,O3,河源,95.0
20201111,5,O3_24h,河源,149.0
20201111,5,O3_8h,河源,96.0
20201111,5,O3_8h_24h,河源,98.0
20201111,5,CO,河源,0.5
20201111,5,CO_24h,河源,0.55
20201111,6,AQI,河源,57.0
20201111,6,PM2.5,河源,38.0
20201111,6,PM2.5_24h,河源,34.0
20201111,6,PM10,河源,64.0
20201111,6,PM10_24h,河源,66.0
20201111,6,SO2,河源,15.0
20201111,6,SO2_24h,河源,14.0
20201111,6,NO2,河源,19.0
20201111,6,NO2_24h,河源,18.0
20201111,6,O3,河源,88.0
20201111,6,O3_24h,河源,149.0
20201111,6,O3_8h,河源,95.0
20201111,6,O3_8h_24h,河源,98.0
20201111,6,CO,河源,0.5
20201111,6,CO_24h,河源,0.55
20201111,8,AQI,河源,55.0
20201111,8,PM2.5,河源,37.0
20201111,8,PM2.5_24h,河源,33.0
20201111,8,PM10,河源,60.0
20201111,8,PM10_24h,河源,65.0
20201111,8,SO2,河源,14.0
20201111,8,SO2_24h,河源,14.0
20201111,8,NO2,河源,34.0
20201111,8,NO2_24h,河源,19.0
20201111,8,O3,河源,57.0
20201111,8,O3_24h,河源,149.0
20201111,8,O3_8h,河源,86.0
20201111,8,O3_8h_24h,河源,98.0
20201111,8,CO,河源,0.75
20201111,8,CO_24h,河源,0.55
20201111,10,AQI,河源,62.0
20201111,10,PM2.5,河源,35.0
20201111,10,PM2.5_24h,河源,34.0
20201111,10,PM10,河源,73.0
20201111,10,PM10_24h,河源,65.0
20201111,10,SO2,河源,15.0
20201111,10,SO2_24h,河源,14.0
20201111,10,NO2,河源,25.0
20201111,10,NO2_24h,河源,21.0
20201111,10,O3,河源,86.0
20201111,10,O3_24h,河源,149.0
20201111,10,O3_8h,河源,82.0
20201111,10,O3_8h_24h,河源,98.0
20201111,10,CO,河源,0.6
20201111,10,CO_24h,河源,0.55
20201111,11,AQI,河源,66.0
20201111,11,PM2.5,河源,31.0
20201111,11,PM2.5_24h,河源,34.0
20201111,11,PM10,河源,81.0
20201111,11,PM10_24h,河源,65.0
20201111,11,SO2,河源,13.0
20201111,11,SO2_24h,河源,13.0
20201111,11,NO2,河源,21.0
20201111,11,NO2_24h,河源,21.0
20201111,11,O3,河源,101.0
20201111,11,O3_24h,河源,149.0
20201111,11,O3_8h,河源,82.0
20201111,11,O3_8h_24h,河源,98.0
20201111,11,CO,河源,0.5
20201111,11,CO_24h,河源,0.55
20201111,12,AQI,河源,57.0
20201111,12,PM2.5,河源,28.0
20201111,12,PM2.5_24h,河源,33.0
20201111,12,PM10,河源,64.0
20201111,12,PM10_24h,河源,65.0
20201111,12,SO2,河源,14.0
20201111,12,SO2_24h,河源,13.0
20201111,12,NO2,河源,16.0
20201111,12,NO2_24h,河源,21.0
20201111,12,O3,河源,114.0
20201111,12,O3_24h,河源,149.0
20201111,12,O3_8h,河源,84.0
20201111,12,O3_8h_24h,河源,98.0
20201111,12,CO,河源,0.5
20201111,12,CO_24h,河源,0.55
20201111,13,AQI,河源,56.0
20201111,13,PM2.5,河源,26.0
20201111,13,PM2.5_24h,河源,33.0
20201111,13,PM10,河源,61.0
20201111,13,PM10_24h,河源,64.0
20201111,13,SO2,河源,14.0
20201111,13,SO2_24h,河源,13.0
20201111,13,NO2,河源,15.0
20201111,13,NO2_24h,河源,21.0
20201111,13,O3,河源,127.0
20201111,13,O3_24h,河源,149.0
20201111,13,O3_8h,河源,85.0
20201111,13,O3_8h_24h,河源,98.0
20201111,13,CO,河源,0.45
20201111,13,CO_24h,河源,0.55
20201111,14,AQI,河源,53.0
20201111,14,PM2.5,河源,26.0
20201111,14,PM2.5_24h,河源,33.0
20201111,14,PM10,河源,55.0
20201111,14,PM10_24h,河源,64.0
20201111,14,SO2,河源,12.0
20201111,14,SO2_24h,河源,13.0
20201111,14,NO2,河源,13.0
20201111,14,NO2_24h,河源,21.0
20201111,14,O3,河源,134.0
20201111,14,O3_24h,河源,149.0
20201111,14,O3_8h,河源,91.0
20201111,14,O3_8h_24h,河源,98.0
20201111,14,CO,河源,0.4
20201111,14,CO_24h,河源,0.55
20201111,15,AQI,河源,52.0
20201111,15,PM2.5,河源,25.0
20201111,15,PM2.5_24h,河源,33.0
20201111,15,PM10,河源,53.0
20201111,15,PM10_24h,河源,64.0
20201111,15,SO2,河源,11.0
20201111,15,SO2_24h,河源,13.0
20201111,15,NO2,河源,13.0
20201111,15,NO2_24h,河源,21.0
20201111,15,O3,河源,137.0
20201111,15,O3_24h,河源,149.0
20201111,15,O3_8h,河源,101.0
20201111,15,O3_8h_24h,河源,101.0
20201111,15,CO,河源,0.4
20201111,15,CO_24h,河源,0.55
20201111,16,AQI,河源,49.0
20201111,16,PM2.5,河源,24.0
20201111,16,PM2.5_24h,河源,33.0
20201111,16,PM10,河源,49.0
20201111,16,PM10_24h,河源,63.0
20201111,16,SO2,河源,10.0
20201111,16,SO2_24h,河源,13.0
20201111,16,NO2,河源,13.0
20201111,16,NO2_24h,河源,21.0
20201111,16,O3,河源,130.0
20201111,16,O3_24h,河源,140.0
20201111,16,O3_8h,河源,111.0
20201111,16,O3_8h_24h,河源,111.0
20201111,16,CO,河源,0.4
20201111,16,CO_24h,河源,0.55
20201111,17,AQI,河源,42.0
20201111,17,PM2.5,河源,20.0
20201111,17,PM2.5_24h,河源,32.0
20201111,17,PM10,河源,42.0
20201111,17,PM10_24h,河源,62.0
20201111,17,SO2,河源,8.0
20201111,17,SO2_24h,河源,13.0
20201111,17,NO2,河源,14.0
20201111,17,NO2_24h,河源,21.0
20201111,17,O3,河源,118.0
20201111,17,O3_24h,河源,137.0
20201111,17,O3_8h,河源,118.0
20201111,17,O3_8h_24h,河源,118.0
20201111,17,CO,河源,0.4
20201111,17,CO_24h,河源,0.5
20201111,18,AQI,河源,45.0
20201111,18,PM2.5,河源,22.0
20201111,18,PM2.5_24h,河源,32.0
20201111,18,PM10,河源,45.0
20201111,18,PM10_24h,河源,61.0
20201111,18,SO2,河源,7.0
20201111,18,SO2_24h,河源,13.0
20201111,18,NO2,河源,20.0
20201111,18,NO2_24h,河源,21.0
20201111,18,O3,河源,102.0
20201111,18,O3_24h,河源,137.0
20201111,18,O3_8h,河源,120.0
20201111,18,O3_8h_24h,河源,120.0
20201111,18,CO,河源,0.55
20201111,18,CO_24h,河源,0.5
20201111,19,AQI,河源,53.0
20201111,19,PM2.5,河源,34.0
20201111,19,PM2.5_24h,河源,31.0
20201111,19,PM10,河源,56.0
20201111,19,PM10_24h,河源,61.0
20201111,19,SO2,河源,8.0
20201111,19,SO2_24h,河源,13.0
20201111,19,NO2,河源,38.0
20201111,19,NO2_24h,河源,22.0
20201111,19,O3,河源,72.0
20201111,19,O3_24h,河源,137.0
20201111,19,O3_8h,河源,116.0
20201111,19,O3_8h_24h,河源,120.0
20201111,19,CO,河源,0.75
20201111,19,CO_24h,河源,0.55
20201111,20,AQI,河源,56.0
20201111,20,PM2.5,河源,35.0
20201111,20,PM2.5_24h,河源,31.0
20201111,20,PM10,河源,61.0
20201111,20,PM10_24h,河源,61.0
20201111,20,SO2,河源,8.0
20201111,20,SO2_24h,河源,12.0
20201111,20,NO2,河源,38.0
20201111,20,NO2_24h,河源,22.0
20201111,20,O3,河源,61.0
20201111,20,O3_24h,河源,137.0
20201111,20,O3_8h,河源,109.0
20201111,20,O3_8h_24h,河源,120.0
20201111,20,CO,河源,0.7
20201111,20,CO_24h,河源,0.55
20201111,21,AQI,河源,57.0
20201111,21,PM2.5,河源,39.0
20201111,21,PM2.5_24h,河源,31.0
20201111,21,PM10,河源,64.0
20201111,21,PM10_24h,河源,61.0
20201111,21,SO2,河源,14.0
20201111,21,SO2_24h,河源,12.0
20201111,21,NO2,河源,46.0
20201111,21,NO2_24h,河源,24.0
20201111,21,O3,河源,58.0
20201111,21,O3_24h,河源,137.0
20201111,21,O3_8h,河源,101.0
20201111,21,O3_8h_24h,河源,120.0
20201111,21,CO,河源,0.7
20201111,21,CO_24h,河源,0.55
20201111,22,AQI,河源,57.0
20201111,22,PM2.5,河源,29.0
20201111,22,PM2.5_24h,河源,31.0
20201111,22,PM10,河源,63.0
20201111,22,PM10_24h,河源,61.0
20201111,22,SO2,河源,17.0
20201111,22,SO2_24h,河源,12.0
20201111,22,NO2,河源,29.0
20201111,22,NO2_24h,河源,24.0
20201111,22,O3,河源,79.0
20201111,22,O3_24h,河源,137.0
20201111,22,O3_8h,河源,94.0
20201111,22,O3_8h_24h,河源,120.0
20201111,22,CO,河源,0.6
20201111,22,CO_24h,河源,0.55
20201111,23,AQI,河源,53.0
20201111,23,PM2.5,河源,27.0
20201111,23,PM2.5_24h,河源,31.0
20201111,23,PM10,河源,55.0
20201111,23,PM10_24h,河源,60.0
20201111,23,SO2,河源,16.0
20201111,23,SO2_24h,河源,12.0
20201111,23,NO2,河源,24.0
20201111,23,NO2_24h,河源,24.0
20201111,23,O3,河源,91.0
20201111,23,O3_24h,河源,137.0
20201111,23,O3_8h,河源,89.0
20201111,23,O3_8h_24h,河源,120.0
20201111,23,CO,河源,0.5
20201111,23,CO_24h,河源,0.55
20201111,0,AQI,阳江,70.0
20201111,0,PM2.5,阳江,48.0
20201111,0,PM2.5_24h,阳江,41.0
20201111,0,PM10,阳江,89.0
20201111,0,PM10_24h,阳江,83.0
20201111,0,SO2,阳江,15.0
20201111,0,SO2_24h,阳江,14.0
20201111,0,NO2,阳江,37.0
20201111,0,NO2_24h,阳江,25.0
20201111,0,O3,阳江,119.0
20201111,0,O3_24h,阳江,186.0
20201111,0,O3_8h,阳江,164.0
20201111,0,O3_8h_24h,阳江,175.0
20201111,0,CO,阳江,0.7
20201111,0,CO_24h,阳江,0.6
20201111,1,AQI,阳江,75.0
20201111,1,PM2.5,阳江,52.0
20201111,1,PM2.5_24h,阳江,42.0
20201111,1,PM10,阳江,100.0
20201111,1,PM10_24h,阳江,85.0
20201111,1,SO2,阳江,18.0
20201111,1,SO2_24h,阳江,14.0
20201111,1,NO2,阳江,41.0
20201111,1,NO2_24h,阳江,26.0
20201111,1,O3,阳江,97.0
20201111,1,O3_24h,阳江,186.0
20201111,1,O3_8h,阳江,97.0
20201111,1,O3_8h_24h,阳江,97.0
20201111,1,CO,阳江,0.7
20201111,1,CO_24h,阳江,0.6
20201111,2,AQI,阳江,74.0
20201111,2,PM2.5,阳江,52.0
20201111,2,PM2.5_24h,阳江,43.0
20201111,2,PM10,阳江,98.0
20201111,2,PM10_24h,阳江,86.0
20201111,2,SO2,阳江,21.0
20201111,2,SO2_24h,阳江,14.0
20201111,2,NO2,阳江,45.0
20201111,2,NO2_24h,阳江,26.0
20201111,2,O3,阳江,81.0
20201111,2,O3_24h,阳江,186.0
20201111,2,O3_8h,阳江,89.0
20201111,2,O3_8h_24h,阳江,97.0
20201111,2,CO,阳江,0.6
20201111,2,CO_24h,阳江,0.6
20201111,3,AQI,阳江,75.0
20201111,3,PM2.5,阳江,52.0
20201111,3,PM2.5_24h,阳江,44.0
20201111,3,PM10,阳江,100.0
20201111,3,PM10_24h,阳江,87.0
20201111,3,SO2,阳江,25.0
20201111,3,SO2_24h,阳江,15.0
20201111,3,NO2,阳江,46.0
20201111,3,NO2_24h,阳江,27.0
20201111,3,O3,阳江,72.0
20201111,3,O3_24h,阳江,186.0
20201111,3,O3_8h,阳江,83.0
20201111,3,O3_8h_24h,阳江,97.0
20201111,3,CO,阳江,0.65
20201111,3,CO_24h,阳江,0.6
20201111,4,AQI,阳江,74.0
20201111,4,PM2.5,阳江,54.0
20201111,4,PM2.5_24h,阳江,45.0
20201111,4,PM10,阳江,96.0
20201111,4,PM10_24h,阳江,88.0
20201111,4,SO2,阳江,22.0
20201111,4,SO2_24h,阳江,15.0
20201111,4,NO2,阳江,44.0
20201111,4,NO2_24h,阳江,28.0
20201111,4,O3,阳江,64.0
20201111,4,O3_24h,阳江,186.0
20201111,4,O3_8h,阳江,78.0
20201111,4,O3_8h_24h,阳江,97.0
20201111,4,CO,阳江,0.6
20201111,4,CO_24h,阳江,0.65
20201111,5,AQI,阳江,68.0
20201111,5,PM2.5,阳江,46.0
20201111,5,PM2.5_24h,阳江,45.0
20201111,5,PM10,阳江,86.0
20201111,5,PM10_24h,阳江,89.0
20201111,5,SO2,阳江,19.0
20201111,5,SO2_24h,阳江,15.0
20201111,5,NO2,阳江,32.0
20201111,5,NO2_24h,阳江,29.0
20201111,5,O3,阳江,73.0
20201111,5,O3_24h,阳江,186.0
20201111,5,O3_8h,阳江,77.0
20201111,5,O3_8h_24h,阳江,97.0
20201111,5,CO,阳江,0.5
20201111,5,CO_24h,阳江,0.65
20201111,6,AQI,阳江,62.0
20201111,6,PM2.5,阳江,39.0
20201111,6,PM2.5_24h,阳江,46.0
20201111,6,PM10,阳江,74.0
20201111,6,PM10_24h,阳江,89.0
20201111,6,SO2,阳江,16.0
20201111,6,SO2_24h,阳江,16.0
20201111,6,NO2,阳江,29.0
20201111,6,NO2_24h,阳江,29.0
20201111,6,O3,阳江,78.0
20201111,6,O3_24h,阳江,186.0
20201111,6,O3_8h,阳江,77.0
20201111,6,O3_8h_24h,阳江,97.0
20201111,6,CO,阳江,0.5
20201111,6,CO_24h,阳江,0.65
20201111,8,AQI,阳江,66.0
20201111,8,PM2.5,阳江,41.0
20201111,8,PM2.5_24h,阳江,46.0
20201111,8,PM10,阳江,81.0
20201111,8,PM10_24h,阳江,90.0
20201111,8,SO2,阳江,16.0
20201111,8,SO2_24h,阳江,16.0
20201111,8,NO2,阳江,37.0
20201111,8,NO2_24h,阳江,30.0
20201111,8,O3,阳江,77.0
20201111,8,O3_24h,阳江,186.0
20201111,8,O3_8h,阳江,77.0
20201111,8,O3_8h_24h,阳江,97.0
20201111,8,CO,阳江,0.85
20201111,8,CO_24h,阳江,0.65
20201111,10,AQI,阳江,68.0
20201111,10,PM2.5,阳江,39.0
20201111,10,PM2.5_24h,阳江,47.0
20201111,10,PM10,阳江,85.0
20201111,10,PM10_24h,阳江,89.0
20201111,10,SO2,阳江,14.0
20201111,10,SO2_24h,阳江,16.0
20201111,10,NO2,阳江,26.0
20201111,10,NO2_24h,阳江,30.0
20201111,10,O3,阳江,99.0
20201111,10,O3_24h,阳江,186.0
20201111,10,O3_8h,阳江,77.0
20201111,10,O3_8h_24h,阳江,97.0
20201111,10,CO,阳江,0.55
20201111,10,CO_24h,阳江,0.65
20201111,11,AQI,阳江,66.0
20201111,11,PM2.5,阳江,37.0
20201111,11,PM2.5_24h,阳江,47.0
20201111,11,PM10,阳江,82.0
20201111,11,PM10_24h,阳江,89.0
20201111,11,SO2,阳江,12.0
20201111,11,SO2_24h,阳江,15.0
20201111,11,NO2,阳江,18.0
20201111,11,NO2_24h,阳江,30.0
20201111,11,O3,阳江,116.0
20201111,11,O3_24h,阳江,186.0
20201111,11,O3_8h,阳江,82.0
20201111,11,O3_8h_24h,阳江,97.0
20201111,11,CO,阳江,0.5
20201111,11,CO_24h,阳江,0.6
20201111,12,AQI,阳江,65.0
20201111,12,PM2.5,阳江,37.0
20201111,12,PM2.5_24h,阳江,46.0
20201111,12,PM10,阳江,80.0
20201111,12,PM10_24h,阳江,89.0
20201111,12,SO2,阳江,12.0
20201111,12,SO2_24h,阳江,15.0
20201111,12,NO2,阳江,19.0
20201111,12,NO2_24h,阳江,30.0
20201111,12,O3,阳江,130.0
20201111,12,O3_24h,阳江,186.0
20201111,12,O3_8h,阳江,91.0
20201111,12,O3_8h_24h,阳江,97.0
20201111,12,CO,阳江,0.55
20201111,12,CO_24h,阳江,0.6
20201111,13,AQI,阳江,65.0
20201111,13,PM2.5,阳江,36.0
20201111,13,PM2.5_24h,阳江,46.0
20201111,13,PM10,阳江,79.0
20201111,13,PM10_24h,阳江,88.0
20201111,13,SO2,阳江,12.0
20201111,13,SO2_24h,阳江,15.0
20201111,13,NO2,阳江,17.0
20201111,13,NO2_24h,阳江,30.0
20201111,13,O3,阳江,143.0
20201111,13,O3_24h,阳江,186.0
20201111,13,O3_8h,阳江,99.0
20201111,13,O3_8h_24h,阳江,99.0
20201111,13,CO,阳江,0.55
20201111,13,CO_24h,阳江,0.6
20201111,14,AQI,阳江,62.0
20201111,14,PM2.5,阳江,37.0
20201111,14,PM2.5_24h,阳江,46.0
20201111,14,PM10,阳江,74.0
20201111,14,PM10_24h,阳江,88.0
20201111,14,SO2,阳江,12.0
20201111,14,SO2_24h,阳江,15.0
20201111,14,NO2,阳江,17.0
20201111,14,NO2_24h,阳江,30.0
20201111,14,O3,阳江,158.0
20201111,14,O3_24h,阳江,186.0
20201111,14,O3_8h,阳江,106.0
20201111,14,O3_8h_24h,阳江,106.0
20201111,14,CO,阳江,0.5
20201111,14,CO_24h,阳江,0.6
20201111,15,AQI,阳江,69.0
20201111,15,PM2.5,阳江,37.0
20201111,15,PM2.5_24h,阳江,45.0
20201111,15,PM10,阳江,88.0
20201111,15,PM10_24h,阳江,88.0
20201111,15,SO2,阳江,12.0
20201111,15,SO2_24h,阳江,15.0
20201111,15,NO2,阳江,16.0
20201111,15,NO2_24h,阳江,30.0
20201111,15,O3,阳江,170.0
20201111,15,O3_24h,阳江,186.0
20201111,15,O3_8h,阳江,119.0
20201111,15,O3_8h_24h,阳江,119.0
20201111,15,CO,阳江,0.5
20201111,15,CO_24h,阳江,0.6
20201111,16,AQI,阳江,73.0
20201111,16,PM2.5,阳江,41.0
20201111,16,PM2.5_24h,阳江,45.0
20201111,16,PM10,阳江,79.0
20201111,16,PM10_24h,阳江,88.0
20201111,16,SO2,阳江,12.0
20201111,16,SO2_24h,阳江,15.0
20201111,16,NO2,阳江,18.0
20201111,16,NO2_24h,阳江,30.0
20201111,16,O3,阳江,178.0
20201111,16,O3_24h,阳江,186.0
20201111,16,O3_8h,阳江,133.0
20201111,16,O3_8h_24h,阳江,133.0
20201111,16,CO,阳江,0.5
20201111,16,CO_24h,阳江,0.6
20201111,17,AQI,阳江,80.0
20201111,17,PM2.5,阳江,42.0
20201111,17,PM2.5_24h,阳江,45.0
20201111,17,PM10,阳江,77.0
20201111,17,PM10_24h,阳江,87.0
20201111,17,SO2,阳江,12.0
20201111,17,SO2_24h,阳江,15.0
20201111,17,NO2,阳江,20.0
20201111,17,NO2_24h,阳江,30.0
20201111,17,O3,阳江,184.0
20201111,17,O3_24h,阳江,184.0
20201111,17,O3_8h,阳江,146.0
20201111,17,O3_8h_24h,阳江,146.0
20201111,17,CO,阳江,0.55
20201111,17,CO_24h,阳江,0.6
20201111,18,AQI,阳江,88.0
20201111,18,PM2.5,阳江,43.0
20201111,18,PM2.5_24h,阳江,45.0
20201111,18,PM10,阳江,87.0
20201111,18,PM10_24h,阳江,86.0
20201111,18,SO2,阳江,13.0
20201111,18,SO2_24h,阳江,15.0
20201111,18,NO2,阳江,27.0
20201111,18,NO2_24h,阳江,29.0
20201111,18,O3,阳江,190.0
20201111,18,O3_24h,阳江,190.0
20201111,18,O3_8h,阳江,159.0
20201111,18,O3_8h_24h,阳江,159.0
20201111,18,CO,阳江,0.7
20201111,18,CO_24h,阳江,0.6
20201111,19,AQI,阳江,78.0
20201111,19,PM2.5,阳江,49.0
20201111,19,PM2.5_24h,阳江,44.0
20201111,19,PM10,阳江,97.0
20201111,19,PM10_24h,阳江,86.0
20201111,19,SO2,阳江,12.0
20201111,19,SO2_24h,阳江,15.0
20201111,19,NO2,阳江,35.0
20201111,19,NO2_24h,阳江,29.0
20201111,19,O3,阳江,182.0
20201111,19,O3_24h,阳江,190.0
20201111,19,O3_8h,阳江,168.0
20201111,19,O3_8h_24h,阳江,168.0
20201111,19,CO,阳江,0.8
20201111,19,CO_24h,阳江,0.6
20201111,20,AQI,阳江,74.0
20201111,20,PM2.5,阳江,49.0
20201111,20,PM2.5_24h,阳江,44.0
20201111,20,PM10,阳江,97.0
20201111,20,PM10_24h,阳江,86.0
20201111,20,SO2,阳江,13.0
20201111,20,SO2_24h,阳江,15.0
20201111,20,NO2,阳江,27.0
20201111,20,NO2_24h,阳江,29.0
20201111,20,O3,阳江,168.0
20201111,20,O3_24h,阳江,190.0
20201111,20,O3_8h,阳江,172.0
20201111,20,O3_8h_24h,阳江,172.0
20201111,20,CO,阳江,0.6
20201111,20,CO_24h,阳江,0.6
20201111,21,AQI,阳江,61.0
20201111,21,PM2.5,阳江,43.0
20201111,21,PM2.5_24h,阳江,44.0
20201111,21,PM10,阳江,72.0
20201111,21,PM10_24h,阳江,85.0
20201111,21,SO2,阳江,12.0
20201111,21,SO2_24h,阳江,15.0
20201111,21,NO2,阳江,22.0
20201111,21,NO2_24h,阳江,29.0
20201111,21,O3,阳江,161.0
20201111,21,O3_24h,阳江,190.0
20201111,21,O3_8h,阳江,175.0
20201111,21,O3_8h_24h,阳江,175.0
20201111,21,CO,阳江,0.6
20201111,21,CO_24h,阳江,0.6
20201111,22,AQI,阳江,61.0
20201111,22,PM2.5,阳江,40.0
20201111,22,PM2.5_24h,阳江,44.0
20201111,22,PM10,阳江,71.0
20201111,22,PM10_24h,阳江,84.0
20201111,22,SO2,阳江,12.0
20201111,22,SO2_24h,阳江,15.0
20201111,22,NO2,阳江,26.0
20201111,22,NO2_24h,阳江,29.0
20201111,22,O3,阳江,154.0
20201111,22,O3_24h,阳江,190.0
20201111,22,O3_8h,阳江,174.0
20201111,22,O3_8h_24h,阳江,175.0
20201111,22,CO,阳江,0.7
20201111,22,CO_24h,阳江,0.6
20201111,23,AQI,阳江,60.0
20201111,23,PM2.5,阳江,37.0
20201111,23,PM2.5_24h,阳江,43.0
20201111,23,PM10,阳江,70.0
20201111,23,PM10_24h,阳江,84.0
20201111,23,SO2,阳江,11.0
20201111,23,SO2_24h,阳江,15.0
20201111,23,NO2,阳江,30.0
20201111,23,NO2_24h,阳江,29.0
20201111,23,O3,阳江,143.0
20201111,23,O3_24h,阳江,190.0
20201111,23,O3_8h,阳江,170.0
20201111,23,O3_8h_24h,阳江,175.0
20201111,23,CO,阳江,0.6
20201111,23,CO_24h,阳江,0.6
20201111,0,AQI,清远,64.0
20201111,0,PM2.5,清远,37.0
20201111,0,PM2.5_24h,清远,35.0
20201111,0,PM10,清远,78.0
20201111,0,PM10_24h,清远,78.0
20201111,0,SO2,清远,12.0
20201111,0,SO2_24h,清远,13.0
20201111,0,NO2,清远,29.0
20201111,0,NO2_24h,清远,26.0
20201111,0,O3,清远,95.0
20201111,0,O3_24h,清远,141.0
20201111,0,O3_8h,清远,111.0
20201111,0,O3_8h_24h,清远,135.0
20201111,0,CO,清远,0.7
20201111,0,CO_24h,清远,0.7
20201111,1,AQI,清远,63.0
20201111,1,PM2.5,清远,36.0
20201111,1,PM2.5_24h,清远,35.0
20201111,1,PM10,清远,76.0
20201111,1,PM10_24h,清远,78.0
20201111,1,SO2,清远,12.0
20201111,1,SO2_24h,清远,13.0
20201111,1,NO2,清远,25.0
20201111,1,NO2_24h,清远,26.0
20201111,1,O3,清远,96.0
20201111,1,O3_24h,清远,141.0
20201111,1,O3_8h,清远,96.0
20201111,1,O3_8h_24h,清远,96.0
20201111,1,CO,清远,0.7
20201111,1,CO_24h,清远,0.7
20201111,2,AQI,清远,67.0
20201111,2,PM2.5,清远,43.0
20201111,2,PM2.5_24h,清远,36.0
20201111,2,PM10,清远,84.0
20201111,2,PM10_24h,清远,79.0
20201111,2,SO2,清远,15.0
20201111,2,SO2_24h,清远,13.0
20201111,2,NO2,清远,30.0
20201111,2,NO2_24h,清远,26.0
20201111,2,O3,清远,87.0
20201111,2,O3_24h,清远,141.0
20201111,2,O3_8h,清远,92.0
20201111,2,O3_8h_24h,清远,96.0
20201111,2,CO,清远,0.8
20201111,2,CO_24h,清远,0.7
20201111,3,AQI,清远,72.0
20201111,3,PM2.5,清远,49.0
20201111,3,PM2.5_24h,清远,36.0
20201111,3,PM10,清远,93.0
20201111,3,PM10_24h,清远,80.0
20201111,3,SO2,清远,16.0
20201111,3,SO2_24h,清远,13.0
20201111,3,NO2,清远,29.0
20201111,3,NO2_24h,清远,26.0
20201111,3,O3,清远,89.0
20201111,3,O3_24h,清远,141.0
20201111,3,O3_8h,清远,91.0
20201111,3,O3_8h_24h,清远,96.0
20201111,3,CO,清远,0.85
20201111,3,CO_24h,清远,0.7
20201111,4,AQI,清远,72.0
20201111,4,PM2.5,清远,50.0
20201111,4,PM2.5_24h,清远,37.0
20201111,4,PM10,清远,94.0
20201111,4,PM10_24h,清远,81.0
20201111,4,SO2,清远,14.0
20201111,4,SO2_24h,清远,13.0
20201111,4,NO2,清远,27.0
20201111,4,NO2_24h,清远,26.0
20201111,4,O3,清远,90.0
20201111,4,O3_24h,清远,141.0
20201111,4,O3_8h,清远,91.0
20201111,4,O3_8h_24h,清远,96.0
20201111,4,CO,清远,0.8
20201111,4,CO_24h,清远,0.7
20201111,5,AQI,清远,70.0
20201111,5,PM2.5,清远,48.0
20201111,5,PM2.5_24h,清远,38.0
20201111,5,PM10,清远,90.0
20201111,5,PM10_24h,清远,81.0
20201111,5,SO2,清远,14.0
20201111,5,SO2_24h,清远,12.0
20201111,5,NO2,清远,24.0
20201111,5,NO2_24h,清远,27.0
20201111,5,O3,清远,92.0
20201111,5,O3_24h,清远,141.0
20201111,5,O3_8h,清远,91.0
20201111,5,O3_8h_24h,清远,96.0
20201111,5,CO,清远,0.75
20201111,5,CO_24h,清远,0.7
20201111,6,AQI,清远,68.0
20201111,6,PM2.5,清远,49.0
20201111,6,PM2.5_24h,清远,39.0
20201111,6,PM10,清远,86.0
20201111,6,PM10_24h,清远,83.0
20201111,6,SO2,清远,14.0
20201111,6,SO2_24h,清远,12.0
20201111,6,NO2,清远,27.0
20201111,6,NO2_24h,清远,27.0
20201111,6,O3,清远,87.0
20201111,6,O3_24h,清远,141.0
20201111,6,O3_8h,清远,90.0
20201111,6,O3_8h_24h,清远,96.0
20201111,6,CO,清远,0.75
20201111,6,CO_24h,清远,0.7
20201111,8,AQI,清远,74.0
20201111,8,PM2.5,清远,48.0
20201111,8,PM2.5_24h,清远,39.0
20201111,8,PM10,清远,98.0
20201111,8,PM10_24h,清远,83.0
20201111,8,SO2,清远,14.0
20201111,8,SO2_24h,清远,12.0
20201111,8,NO2,清远,52.0
20201111,8,NO2_24h,清远,27.0
20201111,8,O3,清远,60.0
20201111,8,O3_24h,清远,141.0
20201111,8,O3_8h,清远,86.0
20201111,8,O3_8h_24h,清远,96.0
20201111,8,CO,清远,0.8
20201111,8,CO_24h,清远,0.7
20201111,10,AQI,清远,68.0
20201111,10,PM2.5,清远,40.0
20201111,10,PM2.5_24h,清远,40.0
20201111,10,PM10,清远,86.0
20201111,10,PM10_24h,清远,84.0
20201111,10,SO2,清远,13.0
20201111,10,SO2_24h,清远,12.0
20201111,10,NO2,清远,29.0
20201111,10,NO2_24h,清远,28.0
20201111,10,O3,清远,97.0
20201111,10,O3_24h,清远,141.0
20201111,10,O3_8h,清远,83.0
20201111,10,O3_8h_24h,清远,96.0
20201111,10,CO,清远,0.7
20201111,10,CO_24h,清远,0.7
20201111,11,AQI,清远,61.0
20201111,11,PM2.5,清远,36.0
20201111,11,PM2.5_24h,清远,41.0
20201111,11,PM10,清远,71.0
20201111,11,PM10_24h,清远,84.0
20201111,11,SO2,清远,13.0
20201111,11,SO2_24h,清远,12.0
20201111,11,NO2,清远,22.0
20201111,11,NO2_24h,清远,28.0
20201111,11,O3,清远,108.0
20201111,11,O3_24h,清远,141.0
20201111,11,O3_8h,清远,86.0
20201111,11,O3_8h_24h,清远,96.0
20201111,11,CO,清远,0.65
20201111,11,CO_24h,清远,0.7
20201111,12,AQI,清远,59.0
20201111,12,PM2.5,清远,33.0
20201111,12,PM2.5_24h,清远,40.0
20201111,12,PM10,清远,67.0
20201111,12,PM10_24h,清远,84.0
20201111,12,SO2,清远,12.0
20201111,12,SO2_24h,清远,12.0
20201111,12,NO2,清远,19.0
20201111,12,NO2_24h,清远,27.0
20201111,12,O3,清远,116.0
20201111,12,O3_24h,清远,141.0
20201111,12,O3_8h,清远,89.0
20201111,12,O3_8h_24h,清远,96.0
20201111,12,CO,清远,0.6
20201111,12,CO_24h,清远,0.7
20201111,13,AQI,清远,58.0
20201111,13,PM2.5,清远,31.0
20201111,13,PM2.5_24h,清远,40.0
20201111,13,PM10,清远,65.0
20201111,13,PM10_24h,清远,83.0
20201111,13,SO2,清远,12.0
20201111,13,SO2_24h,清远,12.0
20201111,13,NO2,清远,17.0
20201111,13,NO2_24h,清远,27.0
20201111,13,O3,清远,124.0
20201111,13,O3_24h,清远,141.0
20201111,13,O3_8h,清远,93.0
20201111,13,O3_8h_24h,清远,98.0
20201111,13,CO,清远,0.6
20201111,13,CO_24h,清远,0.7
20201111,14,AQI,清远,53.0
20201111,14,PM2.5,清远,28.0
20201111,14,PM2.5_24h,清远,40.0
20201111,14,PM10,清远,56.0
20201111,14,PM10_24h,清远,82.0
20201111,14,SO2,清远,11.0
20201111,14,SO2_24h,清远,12.0
20201111,14,NO2,清远,14.0
20201111,14,NO2_24h,清远,27.0
20201111,14,O3,清远,129.0
20201111,14,O3_24h,清远,141.0
20201111,14,O3_8h,清远,98.0
20201111,14,O3_8h_24h,清远,101.0
20201111,14,CO,清远,0.5
20201111,14,CO_24h,清远,0.7
20201111,15,AQI,清远,51.0
20201111,15,PM2.5,清远,27.0
20201111,15,PM2.5_24h,清远,40.0
20201111,15,PM10,清远,52.0
20201111,15,PM10_24h,清远,81.0
20201111,15,SO2,清远,10.0
20201111,15,SO2_24h,清远,12.0
20201111,15,NO2,清远,16.0
20201111,15,NO2_24h,清远,27.0
20201111,15,O3,清远,130.0
20201111,15,O3_24h,清远,140.0
20201111,15,O3_8h,清远,105.0
20201111,15,O3_8h_24h,清远,105.0
20201111,15,CO,清远,0.5
20201111,15,CO_24h,清远,0.7
20201111,16,AQI,清远,52.0
20201111,16,PM2.5,清远,26.0
20201111,16,PM2.5_24h,清远,39.0
20201111,16,PM10,清远,54.0
20201111,16,PM10_24h,清远,80.0
20201111,16,SO2,清远,10.0
20201111,16,SO2_24h,清远,12.0
20201111,16,NO2,清远,17.0
20201111,16,NO2_24h,清远,27.0
20201111,16,O3,清远,129.0
20201111,16,O3_24h,清远,138.0
20201111,16,O3_8h,清远,114.0
20201111,16,O3_8h_24h,清远,114.0
20201111,16,CO,清远,0.5
20201111,16,CO_24h,清远,0.7
20201111,17,AQI,清远,53.0
20201111,17,PM2.5,清远,28.0
20201111,17,PM2.5_24h,清远,39.0
20201111,17,PM10,清远,56.0
20201111,17,PM10_24h,清远,79.0
20201111,17,SO2,清远,10.0
20201111,17,SO2_24h,清远,12.0
20201111,17,NO2,清远,19.0
20201111,17,NO2_24h,清远,27.0
20201111,17,O3,清远,127.0
20201111,17,O3_24h,清远,131.0
20201111,17,O3_8h,清远,120.0
20201111,17,O3_8h_24h,清远,120.0
20201111,17,CO,清远,0.6
20201111,17,CO_24h,清远,0.7
20201111,18,AQI,清远,57.0
20201111,18,PM2.5,清远,31.0
20201111,18,PM2.5_24h,清远,39.0
20201111,18,PM10,清远,64.0
20201111,18,PM10_24h,清远,79.0
20201111,18,SO2,清远,10.0
20201111,18,SO2_24h,清远,12.0
20201111,18,NO2,清远,29.0
20201111,18,NO2_24h,清远,27.0
20201111,18,O3,清远,112.0
20201111,18,O3_24h,清远,130.0
20201111,18,O3_8h,清远,122.0
20201111,18,O3_8h_24h,清远,122.0
20201111,18,CO,清远,0.65
20201111,18,CO_24h,清远,0.7
20201111,19,AQI,清远,61.0
20201111,19,PM2.5,清远,35.0
20201111,19,PM2.5_24h,清远,39.0
20201111,19,PM10,清远,72.0
20201111,19,PM10_24h,清远,78.0
20201111,19,SO2,清远,11.0
20201111,19,SO2_24h,清远,12.0
20201111,19,NO2,清远,31.0
20201111,19,NO2_24h,清远,27.0
20201111,19,O3,清远,109.0
20201111,19,O3_24h,清远,130.0
20201111,19,O3_8h,清远,122.0
20201111,19,O3_8h_24h,清远,123.0
20201111,19,CO,清远,0.8
20201111,19,CO_24h,清远,0.7
20201111,20,AQI,清远,59.0
20201111,20,PM2.5,清远,35.0
20201111,20,PM2.5_24h,清远,38.0
20201111,20,PM10,清远,67.0
20201111,20,PM10_24h,清远,77.0
20201111,20,SO2,清远,11.0
20201111,20,SO2_24h,清远,12.0
20201111,20,NO2,清远,27.0
20201111,20,NO2_24h,清远,27.0
20201111,20,O3,清远,110.0
20201111,20,O3_24h,清远,130.0
20201111,20,O3_8h,清远,121.0
20201111,20,O3_8h_24h,清远,123.0
20201111,20,CO,清远,0.75
20201111,20,CO_24h,清远,0.7
20201111,21,AQI,清远,62.0
20201111,21,PM2.5,清远,37.0
20201111,21,PM2.5_24h,清远,38.0
20201111,21,PM10,清远,74.0
20201111,21,PM10_24h,清远,76.0
20201111,21,SO2,清远,10.0
20201111,21,SO2_24h,清远,12.0
20201111,21,NO2,清远,37.0
20201111,21,NO2_24h,清远,27.0
20201111,21,O3,清远,89.0
20201111,21,O3_24h,清远,130.0
20201111,21,O3_8h,清远,117.0
20201111,21,O3_8h_24h,清远,123.0
20201111,21,CO,清远,0.8
20201111,21,CO_24h,清远,0.7
20201111,22,AQI,清远,63.0
20201111,22,PM2.5,清远,37.0
20201111,22,PM2.5_24h,清远,38.0
20201111,22,PM10,清远,76.0
20201111,22,PM10_24h,清远,76.0
20201111,22,SO2,清远,11.0
20201111,22,SO2_24h,清远,12.0
20201111,22,NO2,清远,43.0
20201111,22,NO2_24h,清远,28.0
20201111,22,O3,清远,74.0
20201111,22,O3_24h,清远,130.0
20201111,22,O3_8h,清远,110.0
20201111,22,O3_8h_24h,清远,123.0
20201111,22,CO,清远,0.9
20201111,22,CO_24h,清远,0.7
20201111,23,AQI,清远,58.0
20201111,23,PM2.5,清远,33.0
20201111,23,PM2.5_24h,清远,38.0
20201111,23,PM10,清远,65.0
20201111,23,PM10_24h,清远,75.0
20201111,23,SO2,清远,12.0
20201111,23,SO2_24h,清远,13.0
20201111,23,NO2,清远,37.0
20201111,23,NO2_24h,清远,28.0
20201111,23,O3,清远,81.0
20201111,23,O3_24h,清远,130.0
20201111,23,O3_8h,清远,104.0
20201111,23,O3_8h_24h,清远,123.0
20201111,23,CO,清远,0.7
20201111,23,CO_24h,清远,0.7
20201111,0,AQI,潮州,57.0
20201111,0,PM2.5,潮州,18.0
20201111,0,PM2.5_24h,潮州,20.0
20201111,0,PM10,潮州,63.0
20201111,0,PM10_24h,潮州,67.0
20201111,0,SO2,潮州,11.0
20201111,0,SO2_24h,潮州,10.0
20201111,0,NO2,潮州,26.0
20201111,0,NO2_24h,潮州,16.0
20201111,0,O3,潮州,74.0
20201111,0,O3_24h,潮州,129.0
20201111,0,O3_8h,潮州,96.0
20201111,0,O3_8h_24h,潮州,115.0
20201111,0,CO,潮州,0.5
20201111,0,CO_24h,潮州,0.55
20201111,1,AQI,潮州,60.0
20201111,1,PM2.5,潮州,27.0
20201111,1,PM2.5_24h,潮州,20.0
20201111,1,PM10,潮州,69.0
20201111,1,PM10_24h,潮州,67.0
20201111,1,SO2,潮州,15.0
20201111,1,SO2_24h,潮州,10.0
20201111,1,NO2,潮州,29.0
20201111,1,NO2_24h,潮州,16.0
20201111,1,O3,潮州,53.0
20201111,1,O3_24h,潮州,129.0
20201111,1,O3_8h,潮州,53.0
20201111,1,O3_8h_24h,潮州,53.0
20201111,1,CO,潮州,0.6
20201111,1,CO_24h,潮州,0.55
20201111,2,AQI,潮州,56.0
20201111,2,PM2.5,潮州,31.0
20201111,2,PM2.5_24h,潮州,21.0
20201111,2,PM10,潮州,61.0
20201111,2,PM10_24h,潮州,66.0
20201111,2,SO2,潮州,13.0
20201111,2,SO2_24h,潮州,10.0
20201111,2,NO2,潮州,25.0
20201111,2,NO2_24h,潮州,17.0
20201111,2,O3,潮州,49.0
20201111,2,O3_24h,潮州,129.0
20201111,2,O3_8h,潮州,51.0
20201111,2,O3_8h_24h,潮州,54.0
20201111,2,CO,潮州,0.6
20201111,2,CO_24h,潮州,0.55
20201111,3,AQI,潮州,54.0
20201111,3,PM2.5,潮州,36.0
20201111,3,PM2.5_24h,潮州,22.0
20201111,3,PM10,潮州,57.0
20201111,3,PM10_24h,潮州,65.0
20201111,3,SO2,潮州,14.0
20201111,3,SO2_24h,潮州,10.0
20201111,3,NO2,潮州,29.0
20201111,3,NO2_24h,潮州,17.0
20201111,3,O3,潮州,33.0
20201111,3,O3_24h,潮州,129.0
20201111,3,O3_8h,潮州,45.0
20201111,3,O3_8h_24h,潮州,54.0
20201111,3,CO,潮州,0.6
20201111,3,CO_24h,潮州,0.55
20201111,4,AQI,潮州,53.0
20201111,4,PM2.5,潮州,29.0
20201111,4,PM2.5_24h,潮州,22.0
20201111,4,PM10,潮州,56.0
20201111,4,PM10_24h,潮州,65.0
20201111,4,SO2,潮州,12.0
20201111,4,SO2_24h,潮州,10.0
20201111,4,NO2,潮州,19.0
20201111,4,NO2_24h,潮州,17.0
20201111,4,O3,潮州,45.0
20201111,4,O3_24h,潮州,129.0
20201111,4,O3_8h,潮州,45.0
20201111,4,O3_8h_24h,潮州,54.0
20201111,4,CO,潮州,0.55
20201111,4,CO_24h,潮州,0.55
20201111,5,AQI,潮州,42.0
20201111,5,PM2.5,潮州,21.0
20201111,5,PM2.5_24h,潮州,21.0
20201111,5,PM10,潮州,42.0
20201111,5,PM10_24h,潮州,63.0
20201111,5,SO2,潮州,8.0
20201111,5,SO2_24h,潮州,9.0
20201111,5,NO2,潮州,16.0
20201111,5,NO2_24h,潮州,17.0
20201111,5,O3,潮州,51.0
20201111,5,O3_24h,潮州,126.0
20201111,5,O3_8h,潮州,49.0
20201111,5,O3_8h_24h,潮州,64.0
20201111,5,CO,潮州,0.6
20201111,5,CO_24h,潮州,0.7
20201111,6,AQI,潮州,48.0
20201111,6,PM2.5,潮州,21.0
20201111,6,PM2.5_24h,潮州,21.0
20201111,6,PM10,潮州,48.0
20201111,6,PM10_24h,潮州,62.0
20201111,6,SO2,潮州,8.0
20201111,6,SO2_24h,潮州,9.0
20201111,6,NO2,潮州,19.0
20201111,6,NO2_24h,潮州,17.0
20201111,6,O3,潮州,44.0
20201111,6,O3_24h,潮州,126.0
20201111,6,O3_8h,潮州,48.0
20201111,6,O3_8h_24h,潮州,64.0
20201111,6,CO,潮州,0.6
20201111,6,CO_24h,潮州,0.7
20201111,8,AQI,潮州,44.0
20201111,8,PM2.5,潮州,16.0
20201111,8,PM2.5_24h,潮州,22.0
20201111,8,PM10,潮州,44.0
20201111,8,PM10_24h,潮州,61.0
20201111,8,SO2,潮州,8.0
20201111,8,SO2_24h,潮州,9.0
20201111,8,NO2,潮州,18.0
20201111,8,NO2_24h,潮州,17.0
20201111,8,O3,潮州,46.0
20201111,8,O3_24h,潮州,126.0
20201111,8,O3_8h,潮州,46.0
20201111,8,O3_8h_24h,潮州,64.0
20201111,8,CO,潮州,0.7
20201111,8,CO_24h,潮州,0.7
20201111,10,AQI,潮州,35.0
20201111,10,PM2.5,潮州,9.0
20201111,10,PM2.5_24h,潮州,21.0
20201111,10,PM10,潮州,35.0
20201111,10,PM10_24h,潮州,59.0
20201111,10,SO2,潮州,8.0
20201111,10,SO2_24h,潮州,9.0
20201111,10,NO2,潮州,14.0
20201111,10,NO2_24h,潮州,17.0
20201111,10,O3,潮州,73.0
20201111,10,O3_24h,潮州,126.0
20201111,10,O3_8h,潮州,48.0
20201111,10,O3_8h_24h,潮州,64.0
20201111,10,CO,潮州,0.6
20201111,10,CO_24h,潮州,0.7
20201111,11,AQI,潮州,41.0
20201111,11,PM2.5,潮州,8.0
20201111,11,PM2.5_24h,潮州,25.0
20201111,11,PM10,潮州,41.0
20201111,11,PM10_24h,潮州,62.0
20201111,11,SO2,潮州,8.0
20201111,11,SO2_24h,潮州,11.0
20201111,11,NO2,潮州,9.0
20201111,11,NO2_24h,潮州,19.0
20201111,11,O3,潮州,89.0
20201111,11,O3_24h,潮州,129.0
20201111,11,O3_8h,潮州,60.0
20201111,11,O3_8h_24h,潮州,65.0
20201111,11,CO,潮州,0.5
20201111,11,CO_24h,潮州,0.6
20201111,12,AQI,潮州,35.0
20201111,12,PM2.5,潮州,8.0
20201111,12,PM2.5_24h,潮州,24.0
20201111,12,PM10,潮州,35.0
20201111,12,PM10_24h,潮州,62.0
20201111,12,SO2,潮州,8.0
20201111,12,SO2_24h,潮州,11.0
20201111,12,NO2,潮州,7.0
20201111,12,NO2_24h,潮州,18.0
20201111,12,O3,潮州,99.0
20201111,12,O3_24h,潮州,129.0
20201111,12,O3_8h,潮州,78.0
20201111,12,O3_8h_24h,潮州,80.0
20201111,12,CO,潮州,0.45
20201111,12,CO_24h,潮州,0.6
20201111,13,AQI,潮州,35.0
20201111,13,PM2.5,潮州,7.0
20201111,13,PM2.5_24h,潮州,24.0
20201111,13,PM10,潮州,35.0
20201111,13,PM10_24h,潮州,61.0
20201111,13,SO2,潮州,7.0
20201111,13,SO2_24h,潮州,11.0
20201111,13,NO2,潮州,5.0
20201111,13,NO2_24h,潮州,18.0
20201111,13,O3,潮州,103.0
20201111,13,O3_24h,潮州,129.0
20201111,13,O3_8h,潮州,83.0
20201111,13,O3_8h_24h,潮州,83.0
20201111,13,CO,潮州,0.45
20201111,13,CO_24h,潮州,0.6
20201111,14,AQI,潮州,33.0
20201111,14,PM2.5,潮州,7.0
20201111,14,PM2.5_24h,潮州,24.0
20201111,14,PM10,潮州,27.0
20201111,14,PM10_24h,潮州,60.0
20201111,14,SO2,潮州,7.0
20201111,14,SO2_24h,潮州,11.0
20201111,14,NO2,潮州,5.0
20201111,14,NO2_24h,潮州,18.0
20201111,14,O3,潮州,106.0
20201111,14,O3_24h,潮州,129.0
20201111,14,O3_8h,潮州,88.0
20201111,14,O3_8h_24h,潮州,88.0
20201111,14,CO,潮州,0.4
20201111,14,CO_24h,潮州,0.55
20201111,15,AQI,潮州,34.0
20201111,15,PM2.5,潮州,7.0
20201111,15,PM2.5_24h,潮州,23.0
20201111,15,PM10,潮州,24.0
20201111,15,PM10_24h,潮州,58.0
20201111,15,SO2,潮州,7.0
20201111,15,SO2_24h,潮州,10.0
20201111,15,NO2,潮州,5.0
20201111,15,NO2_24h,潮州,18.0
20201111,15,O3,潮州,110.0
20201111,15,O3_24h,潮州,129.0
20201111,15,O3_8h,潮州,94.0
20201111,15,O3_8h_24h,潮州,94.0
20201111,15,CO,潮州,0.4
20201111,15,CO_24h,潮州,0.55
20201111,16,AQI,潮州,34.0
20201111,16,PM2.5,潮州,7.0
20201111,16,PM2.5_24h,潮州,22.0
20201111,16,PM10,潮州,31.0
20201111,16,PM10_24h,潮州,56.0
20201111,16,SO2,潮州,8.0
20201111,16,SO2_24h,潮州,10.0
20201111,16,NO2,潮州,7.0
20201111,16,NO2_24h,潮州,18.0
20201111,16,O3,潮州,110.0
20201111,16,O3_24h,潮州,123.0
20201111,16,O3_8h,潮州,98.0
20201111,16,O3_8h_24h,潮州,98.0
20201111,16,CO,潮州,0.45
20201111,16,CO_24h,潮州,0.55
20201111,17,AQI,潮州,43.0
20201111,17,PM2.5,潮州,12.0
20201111,17,PM2.5_24h,潮州,20.0
20201111,17,PM10,潮州,43.0
20201111,17,PM10_24h,潮州,54.0
20201111,17,SO2,潮州,8.0
20201111,17,SO2_24h,潮州,10.0
20201111,17,NO2,潮州,14.0
20201111,17,NO2_24h,潮州,18.0
20201111,17,O3,潮州,106.0
20201111,17,O3_24h,潮州,115.0
20201111,17,O3_8h,潮州,102.0
20201111,17,O3_8h_24h,潮州,102.0
20201111,17,CO,潮州,0.5
20201111,17,CO_24h,潮州,0.55
20201111,18,AQI,潮州,55.0
20201111,18,PM2.5,潮州,23.0
20201111,18,PM2.5_24h,潮州,19.0
20201111,18,PM10,潮州,59.0
20201111,18,PM10_24h,潮州,52.0
20201111,18,SO2,潮州,9.0
20201111,18,SO2_24h,潮州,10.0
20201111,18,NO2,潮州,22.0
20201111,18,NO2_24h,潮州,18.0
20201111,18,O3,潮州,96.0
20201111,18,O3_24h,潮州,110.0
20201111,18,O3_8h,潮州,102.0
20201111,18,O3_8h_24h,潮州,103.0
20201111,18,CO,潮州,0.7
20201111,18,CO_24h,潮州,0.55
20201111,19,AQI,潮州,56.0
20201111,19,PM2.5,潮州,34.0
20201111,19,PM2.5_24h,潮州,19.0
20201111,19,PM10,潮州,61.0
20201111,19,PM10_24h,潮州,51.0
20201111,19,SO2,潮州,8.0
20201111,19,SO2_24h,潮州,10.0
20201111,19,NO2,潮州,24.0
20201111,19,NO2_24h,潮州,18.0
20201111,19,O3,潮州,90.0
20201111,19,O3_24h,潮州,110.0
20201111,19,O3_8h,潮州,103.0
20201111,19,O3_8h_24h,潮州,103.0
20201111,19,CO,潮州,0.8
20201111,19,CO_24h,潮州,0.55
20201111,20,AQI,潮州,50.0
20201111,20,PM2.5,潮州,30.0
20201111,20,PM2.5_24h,潮州,19.0
20201111,20,PM10,潮州,50.0
20201111,20,PM10_24h,潮州,50.0
20201111,20,SO2,潮州,8.0
20201111,20,SO2_24h,潮州,9.0
20201111,20,NO2,潮州,25.0
20201111,20,NO2_24h,潮州,18.0
20201111,20,O3,潮州,80.0
20201111,20,O3_24h,潮州,110.0
20201111,20,O3_8h,潮州,100.0
20201111,20,O3_8h_24h,潮州,103.0
20201111,20,CO,潮州,0.75
20201111,20,CO_24h,潮州,0.55
20201111,21,AQI,潮州,55.0
20201111,21,PM2.5,潮州,31.0
20201111,21,PM2.5_24h,潮州,20.0
20201111,21,PM10,潮州,60.0
20201111,21,PM10_24h,潮州,50.0
20201111,21,SO2,潮州,9.0
20201111,21,SO2_24h,潮州,9.0
20201111,21,NO2,潮州,36.0
20201111,21,NO2_24h,潮州,19.0
20201111,21,O3,潮州,58.0
20201111,21,O3_24h,潮州,110.0
20201111,21,O3_8h,潮州,95.0
20201111,21,O3_8h_24h,潮州,103.0
20201111,21,CO,潮州,0.8
20201111,21,CO_24h,潮州,0.55
20201111,22,AQI,潮州,74.0
20201111,22,PM2.5,潮州,54.0
20201111,22,PM2.5_24h,潮州,21.0
20201111,22,PM10,潮州,97.0
20201111,22,PM10_24h,潮州,51.0
20201111,22,SO2,潮州,14.0
20201111,22,SO2_24h,潮州,10.0
20201111,22,NO2,潮州,49.0
20201111,22,NO2_24h,潮州,21.0
20201111,22,O3,潮州,36.0
20201111,22,O3_24h,潮州,110.0
20201111,22,O3_8h,潮州,86.0
20201111,22,O3_8h_24h,潮州,103.0
20201111,22,CO,潮州,0.85
20201111,22,CO_24h,潮州,0.6
20201111,23,AQI,潮州,66.0
20201111,23,PM2.5,潮州,25.0
20201111,23,PM2.5_24h,潮州,21.0
20201111,23,PM10,潮州,82.0
20201111,23,PM10_24h,潮州,52.0
20201111,23,SO2,潮州,18.0
20201111,23,SO2_24h,潮州,10.0
20201111,23,NO2,潮州,42.0
20201111,23,NO2_24h,潮州,21.0
20201111,23,O3,潮州,33.0
20201111,23,O3_24h,潮州,110.0
20201111,23,O3_8h,潮州,76.0
20201111,23,O3_8h_24h,潮州,103.0
20201111,23,CO,潮州,0.8
20201111,23,CO_24h,潮州,0.6
20201111,0,AQI,揭阳,59.0
20201111,0,PM2.5,揭阳,30.0
20201111,0,PM2.5_24h,揭阳,26.0
20201111,0,PM10,揭阳,67.0
20201111,0,PM10_24h,揭阳,77.0
20201111,0,SO2,揭阳,14.0
20201111,0,SO2_24h,揭阳,13.0
20201111,0,NO2,揭阳,24.0
20201111,0,NO2_24h,揭阳,18.0
20201111,0,O3,揭阳,65.0
20201111,0,O3_24h,揭阳,123.0
20201111,0,O3_8h,揭阳,90.0
20201111,0,O3_8h_24h,揭阳,111.0
20201111,0,CO,揭阳,0.63
20201111,0,CO_24h,揭阳,0.6
20201111,1,AQI,揭阳,60.0
20201111,1,PM2.5,揭阳,35.0
20201111,1,PM2.5_24h,揭阳,27.0
20201111,1,PM10,揭阳,70.0
20201111,1,PM10_24h,揭阳,76.0
20201111,1,SO2,揭阳,16.0
20201111,1,SO2_24h,揭阳,13.0
20201111,1,NO2,揭阳,27.0
20201111,1,NO2_24h,揭阳,19.0
20201111,1,O3,揭阳,56.0
20201111,1,O3_24h,揭阳,123.0
20201111,1,O3_8h,揭阳,56.0
20201111,1,O3_8h_24h,揭阳,56.0
20201111,1,CO,揭阳,0.67
20201111,1,CO_24h,揭阳,0.6
20201111,2,AQI,揭阳,59.0
20201111,2,PM2.5,揭阳,35.0
20201111,2,PM2.5_24h,揭阳,27.0
20201111,2,PM10,揭阳,68.0
20201111,2,PM10_24h,揭阳,75.0
20201111,2,SO2,揭阳,17.0
20201111,2,SO2_24h,揭阳,13.0
20201111,2,NO2,揭阳,27.0
20201111,2,NO2_24h,揭阳,19.0
20201111,2,O3,揭阳,53.0
20201111,2,O3_24h,揭阳,123.0
20201111,2,O3_8h,揭阳,54.0
20201111,2,O3_8h_24h,揭阳,56.0
20201111,2,CO,揭阳,0.67
20201111,2,CO_24h,揭阳,0.6
20201111,3,AQI,揭阳,63.0
20201111,3,PM2.5,揭阳,44.0
20201111,3,PM2.5_24h,揭阳,28.0
20201111,3,PM10,揭阳,75.0
20201111,3,PM10_24h,揭阳,74.0
20201111,3,SO2,揭阳,18.0
20201111,3,SO2_24h,揭阳,13.0
20201111,3,NO2,揭阳,38.0
20201111,3,NO2_24h,揭阳,19.0
20201111,3,O3,揭阳,32.0
20201111,3,O3_24h,揭阳,123.0
20201111,3,O3_8h,揭阳,47.0
20201111,3,O3_8h_24h,揭阳,56.0
20201111,3,CO,揭阳,0.7
20201111,3,CO_24h,揭阳,0.6
20201111,4,AQI,揭阳,69.0
20201111,4,PM2.5,揭阳,50.0
20201111,4,PM2.5_24h,揭阳,29.0
20201111,4,PM10,揭阳,82.0
20201111,4,PM10_24h,揭阳,74.0
20201111,4,SO2,揭阳,23.0
20201111,4,SO2_24h,揭阳,13.0
20201111,4,NO2,揭阳,45.0
20201111,4,NO2_24h,揭阳,21.0
20201111,4,O3,揭阳,21.0
20201111,4,O3_24h,揭阳,123.0
20201111,4,O3_8h,揭阳,40.0
20201111,4,O3_8h_24h,揭阳,56.0
20201111,4,CO,揭阳,0.7
20201111,4,CO_24h,揭阳,0.6
20201111,5,AQI,揭阳,71.0
20201111,5,PM2.5,揭阳,52.0
20201111,5,PM2.5_24h,揭阳,30.0
20201111,5,PM10,揭阳,81.0
20201111,5,PM10_24h,揭阳,74.0
20201111,5,SO2,揭阳,19.0
20201111,5,SO2_24h,揭阳,14.0
20201111,5,NO2,揭阳,42.0
20201111,5,NO2_24h,揭阳,22.0
20201111,5,O3,揭阳,23.0
20201111,5,O3_24h,揭阳,123.0
20201111,5,O3_8h,揭阳,37.0
20201111,5,O3_8h_24h,揭阳,56.0
20201111,5,CO,揭阳,0.73
20201111,5,CO_24h,揭阳,0.6
20201111,6,AQI,揭阳,76.0
20201111,6,PM2.5,揭阳,56.0
20201111,6,PM2.5_24h,揭阳,31.0
20201111,6,PM10,揭阳,81.0
20201111,6,PM10_24h,揭阳,75.0
20201111,6,SO2,揭阳,19.0
20201111,6,SO2_24h,揭阳,14.0
20201111,6,NO2,揭阳,45.0
20201111,6,NO2_24h,揭阳,23.0
20201111,6,O3,揭阳,17.0
20201111,6,O3_24h,揭阳,123.0
20201111,6,O3_8h,揭阳,33.0
20201111,6,O3_8h_24h,揭阳,56.0
20201111,6,CO,揭阳,0.75
20201111,6,CO_24h,揭阳,0.63
20201111,8,AQI,揭阳,62.0
20201111,8,PM2.5,揭阳,36.0
20201111,8,PM2.5_24h,揭阳,33.0
20201111,8,PM10,揭阳,74.0
20201111,8,PM10_24h,揭阳,76.0
20201111,8,SO2,揭阳,23.0
20201111,8,SO2_24h,揭阳,15.0
20201111,8,NO2,揭阳,39.0
20201111,8,NO2_24h,揭阳,24.0
20201111,8,O3,揭阳,31.0
20201111,8,O3_24h,揭阳,123.0
20201111,8,O3_8h,揭阳,30.0
20201111,8,O3_8h_24h,揭阳,56.0
20201111,8,CO,揭阳,0.82
20201111,8,CO_24h,揭阳,0.63
20201111,10,AQI,揭阳,58.0
20201111,10,PM2.5,揭阳,18.0
20201111,10,PM2.5_24h,揭阳,32.0
20201111,10,PM10,揭阳,65.0
20201111,10,PM10_24h,揭阳,75.0
20201111,10,SO2,揭阳,10.0
20201111,10,SO2_24h,揭阳,15.0
20201111,10,NO2,揭阳,19.0
20201111,10,NO2_24h,揭阳,25.0
20201111,10,O3,揭阳,73.0
20201111,10,O3_24h,揭阳,123.0
20201111,10,O3_8h,揭阳,33.0
20201111,10,O3_8h_24h,揭阳,56.0
20201111,10,CO,揭阳,0.57
20201111,10,CO_24h,揭阳,0.63
20201111,11,AQI,揭阳,52.0
20201111,11,PM2.5,揭阳,10.0
20201111,11,PM2.5_24h,揭阳,32.0
20201111,11,PM10,揭阳,53.0
20201111,11,PM10_24h,揭阳,74.0
20201111,11,SO2,揭阳,10.0
20201111,11,SO2_24h,揭阳,15.0
20201111,11,NO2,揭阳,11.0
20201111,11,NO2_24h,揭阳,25.0
20201111,11,O3,揭阳,87.0
20201111,11,O3_24h,揭阳,123.0
20201111,11,O3_8h,揭阳,40.0
20201111,11,O3_8h_24h,揭阳,56.0
20201111,11,CO,揭阳,0.43
20201111,11,CO_24h,揭阳,0.63
20201111,12,AQI,揭阳,44.0
20201111,12,PM2.5,揭阳,11.0
20201111,12,PM2.5_24h,揭阳,32.0
20201111,12,PM10,揭阳,44.0
20201111,12,PM10_24h,揭阳,74.0
20201111,12,SO2,揭阳,9.0
20201111,12,SO2_24h,揭阳,15.0
20201111,12,NO2,揭阳,10.0
20201111,12,NO2_24h,揭阳,25.0
20201111,12,O3,揭阳,96.0
20201111,12,O3_24h,揭阳,123.0
20201111,12,O3_8h,揭阳,48.0
20201111,12,O3_8h_24h,揭阳,58.0
20201111,12,CO,揭阳,0.47
20201111,12,CO_24h,揭阳,0.63
20201111,13,AQI,揭阳,45.0
20201111,13,PM2.5,揭阳,10.0
20201111,13,PM2.5_24h,揭阳,32.0
20201111,13,PM10,揭阳,45.0
20201111,13,PM10_24h,揭阳,72.0
20201111,13,SO2,揭阳,10.0
20201111,13,SO2_24h,揭阳,15.0
20201111,13,NO2,揭阳,8.0
20201111,13,NO2_24h,揭阳,25.0
20201111,13,O3,揭阳,100.0
20201111,13,O3_24h,揭阳,123.0
20201111,13,O3_8h,揭阳,58.0
20201111,13,O3_8h_24h,揭阳,62.0
20201111,13,CO,揭阳,0.47
20201111,13,CO_24h,揭阳,0.63
20201111,14,AQI,揭阳,37.0
20201111,14,PM2.5,揭阳,9.0
20201111,14,PM2.5_24h,揭阳,31.0
20201111,14,PM10,揭阳,37.0
20201111,14,PM10_24h,揭阳,71.0
20201111,14,SO2,揭阳,10.0
20201111,14,SO2_24h,揭阳,15.0
20201111,14,NO2,揭阳,8.0
20201111,14,NO2_24h,揭阳,25.0
20201111,14,O3,揭阳,106.0
20201111,14,O3_24h,揭阳,123.0
20201111,14,O3_8h,揭阳,69.0
20201111,14,O3_8h_24h,揭阳,69.0
20201111,14,CO,揭阳,0.47
20201111,14,CO_24h,揭阳,0.63
20201111,15,AQI,揭阳,39.0
20201111,15,PM2.5,揭阳,9.0
20201111,15,PM2.5_24h,揭阳,31.0
20201111,15,PM10,揭阳,39.0
20201111,15,PM10_24h,揭阳,70.0
20201111,15,SO2,揭阳,10.0
20201111,15,SO2_24h,揭阳,15.0
20201111,15,NO2,揭阳,10.0
20201111,15,NO2_24h,揭阳,25.0
20201111,15,O3,揭阳,110.0
20201111,15,O3_24h,揭阳,122.0
20201111,15,O3_8h,揭阳,82.0
20201111,15,O3_8h_24h,揭阳,82.0
20201111,15,CO,揭阳,0.53
20201111,15,CO_24h,揭阳,0.63
20201111,16,AQI,揭阳,44.0
20201111,16,PM2.5,揭阳,12.0
20201111,16,PM2.5_24h,揭阳,30.0
20201111,16,PM10,揭阳,44.0
20201111,16,PM10_24h,揭阳,69.0
20201111,16,SO2,揭阳,11.0
20201111,16,SO2_24h,揭阳,14.0
20201111,16,NO2,揭阳,12.0
20201111,16,NO2_24h,揭阳,24.0
20201111,16,O3,揭阳,113.0
20201111,16,O3_24h,揭阳,116.0
20201111,16,O3_8h,揭阳,93.0
20201111,16,O3_8h_24h,揭阳,93.0
20201111,16,CO,揭阳,0.53
20201111,16,CO_24h,揭阳,0.63
20201111,17,AQI,揭阳,56.0
20201111,17,PM2.5,揭阳,18.0
20201111,17,PM2.5_24h,揭阳,30.0
20201111,17,PM10,揭阳,61.0
20201111,17,PM10_24h,揭阳,68.0
20201111,17,SO2,揭阳,12.0
20201111,17,SO2_24h,揭阳,14.0
20201111,17,NO2,揭阳,17.0
20201111,17,NO2_24h,揭阳,24.0
20201111,17,O3,揭阳,117.0
20201111,17,O3_24h,揭阳,117.0
20201111,17,O3_8h,揭阳,100.0
20201111,17,O3_8h_24h,揭阳,100.0
20201111,17,CO,揭阳,0.63
20201111,17,CO_24h,揭阳,0.63
20201111,18,AQI,揭阳,60.0
20201111,18,PM2.5,揭阳,27.0
20201111,18,PM2.5_24h,揭阳,29.0
20201111,18,PM10,揭阳,70.0
20201111,18,PM10_24h,揭阳,66.0
20201111,18,SO2,揭阳,13.0
20201111,18,SO2_24h,揭阳,14.0
20201111,18,NO2,揭阳,29.0
20201111,18,NO2_24h,揭阳,25.0
20201111,18,O3,揭阳,101.0
20201111,18,O3_24h,揭阳,117.0
20201111,18,O3_8h,揭阳,104.0
20201111,18,O3_8h_24h,揭阳,104.0
20201111,18,CO,揭阳,0.85
20201111,18,CO_24h,揭阳,0.63
20201111,19,AQI,揭阳,66.0
20201111,19,PM2.5,揭阳,37.0
20201111,19,PM2.5_24h,揭阳,29.0
20201111,19,PM10,揭阳,82.0
20201111,19,PM10_24h,揭阳,66.0
20201111,19,SO2,揭阳,13.0
20201111,19,SO2_24h,揭阳,14.0
20201111,19,NO2,揭阳,38.0
20201111,19,NO2_24h,揭阳,25.0
20201111,19,O3,揭阳,82.0
20201111,19,O3_24h,揭阳,117.0
20201111,19,O3_8h,揭阳,103.0
20201111,19,O3_8h_24h,揭阳,104.0
20201111,19,CO,揭阳,0.9
20201111,19,CO_24h,揭阳,0.63
20201111,20,AQI,揭阳,68.0
20201111,20,PM2.5,揭阳,42.0
20201111,20,PM2.5_24h,揭阳,29.0
20201111,20,PM10,揭阳,86.0
20201111,20,PM10_24h,揭阳,67.0
20201111,20,SO2,揭阳,14.0
20201111,20,SO2_24h,揭阳,14.0
20201111,20,NO2,揭阳,40.0
20201111,20,NO2_24h,揭阳,26.0
20201111,20,O3,揭阳,73.0
20201111,20,O3_24h,揭阳,117.0
20201111,20,O3_8h,揭阳,100.0
20201111,20,O3_8h_24h,揭阳,104.0
20201111,20,CO,揭阳,0.92
20201111,20,CO_24h,揭阳,0.65
20201111,21,AQI,揭阳,74.0
20201111,21,PM2.5,揭阳,44.0
20201111,21,PM2.5_24h,揭阳,30.0
20201111,21,PM10,揭阳,98.0
20201111,21,PM10_24h,揭阳,67.0
20201111,21,SO2,揭阳,19.0
20201111,21,SO2_24h,揭阳,15.0
20201111,21,NO2,揭阳,43.0
20201111,21,NO2_24h,揭阳,27.0
20201111,21,O3,揭阳,61.0
20201111,21,O3_24h,揭阳,117.0
20201111,21,O3_8h,揭阳,96.0
20201111,21,O3_8h_24h,揭阳,104.0
20201111,21,CO,揭阳,0.93
20201111,21,CO_24h,揭阳,0.67
20201111,22,AQI,揭阳,73.0
20201111,22,PM2.5,揭阳,42.0
20201111,22,PM2.5_24h,揭阳,31.0
20201111,22,PM10,揭阳,95.0
20201111,22,PM10_24h,揭阳,69.0
20201111,22,SO2,揭阳,17.0
20201111,22,SO2_24h,揭阳,15.0
20201111,22,NO2,揭阳,43.0
20201111,22,NO2_24h,揭阳,29.0
20201111,22,O3,揭阳,48.0
20201111,22,O3_24h,揭阳,117.0
20201111,22,O3_8h,揭阳,88.0
20201111,22,O3_8h_24h,揭阳,104.0
20201111,22,CO,揭阳,1.0
20201111,22,CO_24h,揭阳,0.7
20201111,23,AQI,揭阳,70.0
20201111,23,PM2.5,揭阳,31.0
20201111,23,PM2.5_24h,揭阳,31.0
20201111,23,PM10,揭阳,89.0
20201111,23,PM10_24h,揭阳,69.0
20201111,23,SO2,揭阳,13.0
20201111,23,SO2_24h,揭阳,15.0
20201111,23,NO2,揭阳,30.0
20201111,23,NO2_24h,揭阳,29.0
20201111,23,O3,揭阳,61.0
20201111,23,O3_24h,揭阳,117.0
20201111,23,O3_8h,揭阳,82.0
20201111,23,O3_8h_24h,揭阳,104.0
20201111,23,CO,揭阳,0.75
20201111,23,CO_24h,揭阳,0.7
20201111,0,AQI,云浮,63.0
20201111,0,PM2.5,云浮,42.0
20201111,0,PM2.5_24h,云浮,34.0
20201111,0,PM10,云浮,75.0
20201111,0,PM10_24h,云浮,68.0
20201111,0,SO2,云浮,16.0
20201111,0,SO2_24h,云浮,20.0
20201111,0,NO2,云浮,80.0
20201111,0,NO2_24h,云浮,42.0
20201111,0,O3,云浮,13.0
20201111,0,O3_24h,云浮,154.0
20201111,0,O3_8h,云浮,82.0
20201111,0,O3_8h_24h,云浮,143.0
20201111,0,CO,云浮,0.9
20201111,0,CO_24h,云浮,0.7
20201111,1,AQI,云浮,73.0
20201111,1,PM2.5,云浮,44.0
20201111,1,PM2.5_24h,云浮,35.0
20201111,1,PM10,云浮,96.0
20201111,1,PM10_24h,云浮,69.0
20201111,1,SO2,云浮,21.0
20201111,1,SO2_24h,云浮,20.0
20201111,1,NO2,云浮,82.0
20201111,1,NO2_24h,云浮,43.0
20201111,1,O3,云浮,4.0
20201111,1,O3_24h,云浮,154.0
20201111,1,O3_8h,云浮,4.0
20201111,1,O3_8h_24h,云浮,4.0
20201111,1,CO,云浮,0.8
20201111,1,CO_24h,云浮,0.7
20201111,2,AQI,云浮,69.0
20201111,2,PM2.5,云浮,43.0
20201111,2,PM2.5_24h,云浮,35.0
20201111,2,PM10,云浮,87.0
20201111,2,PM10_24h,云浮,69.0
20201111,2,SO2,云浮,28.0
20201111,2,SO2_24h,云浮,20.0
20201111,2,NO2,云浮,78.0
20201111,2,NO2_24h,云浮,44.0
20201111,2,O3,云浮,4.0
20201111,2,O3_24h,云浮,154.0
20201111,2,O3_8h,云浮,4.0
20201111,2,O3_8h_24h,云浮,4.0
20201111,2,CO,云浮,0.75
20201111,2,CO_24h,云浮,0.7
20201111,3,AQI,云浮,68.0
20201111,3,PM2.5,云浮,42.0
20201111,3,PM2.5_24h,云浮,36.0
20201111,3,PM10,云浮,85.0
20201111,3,PM10_24h,云浮,71.0
20201111,3,SO2,云浮,38.0
20201111,3,SO2_24h,云浮,21.0
20201111,3,NO2,云浮,75.0
20201111,3,NO2_24h,云浮,46.0
20201111,3,O3,云浮,5.0
20201111,3,O3_24h,云浮,154.0
20201111,3,O3_8h,云浮,4.0
20201111,3,O3_8h_24h,云浮,4.0
20201111,3,CO,云浮,0.7
20201111,3,CO_24h,云浮,0.7
20201111,4,AQI,云浮,68.0
20201111,4,PM2.5,云浮,44.0
20201111,4,PM2.5_24h,云浮,37.0
20201111,4,PM10,云浮,85.0
20201111,4,PM10_24h,云浮,72.0
20201111,4,SO2,云浮,41.0
20201111,4,SO2_24h,云浮,22.0
20201111,4,NO2,云浮,68.0
20201111,4,NO2_24h,云浮,47.0
20201111,4,O3,云浮,5.0
20201111,4,O3_24h,云浮,154.0
20201111,4,O3_8h,云浮,5.0
20201111,4,O3_8h_24h,云浮,5.0
20201111,4,CO,云浮,0.7
20201111,4,CO_24h,云浮,0.7
20201111,5,AQI,云浮,66.0
20201111,5,PM2.5,云浮,43.0
20201111,5,PM2.5_24h,云浮,37.0
20201111,5,PM10,云浮,82.0
20201111,5,PM10_24h,云浮,73.0
20201111,5,SO2,云浮,52.0
20201111,5,SO2_24h,云浮,24.0
20201111,5,NO2,云浮,66.0
20201111,5,NO2_24h,云浮,48.0
20201111,5,O3,云浮,5.0
20201111,5,O3_24h,云浮,154.0
20201111,5,O3_8h,云浮,5.0
20201111,5,O3_8h_24h,云浮,5.0
20201111,5,CO,云浮,0.7
20201111,5,CO_24h,云浮,0.7
20201111,6,AQI,云浮,65.0
20201111,6,PM2.5,云浮,39.0
20201111,6,PM2.5_24h,云浮,38.0
20201111,6,PM10,云浮,80.0
20201111,6,PM10_24h,云浮,74.0
20201111,6,SO2,云浮,50.0
20201111,6,SO2_24h,云浮,25.0
20201111,6,NO2,云浮,65.0
20201111,6,NO2_24h,云浮,48.0
20201111,6,O3,云浮,6.0
20201111,6,O3_24h,云浮,154.0
20201111,6,O3_8h,云浮,5.0
20201111,6,O3_8h_24h,云浮,5.0
20201111,6,CO,云浮,0.7
20201111,6,CO_24h,云浮,0.7
20201111,8,AQI,云浮,66.0
20201111,8,PM2.5,云浮,47.0
20201111,8,PM2.5_24h,云浮,39.0
20201111,8,PM10,云浮,81.0
20201111,8,PM10_24h,云浮,75.0
20201111,8,SO2,云浮,35.0
20201111,8,SO2_24h,云浮,25.0
20201111,8,NO2,云浮,59.0
20201111,8,NO2_24h,云浮,46.0
20201111,8,O3,云浮,6.0
20201111,8,O3_24h,云浮,154.0
20201111,8,O3_8h,云浮,5.0
20201111,8,O3_8h_24h,云浮,5.0
20201111,8,CO,云浮,0.95
20201111,8,CO_24h,云浮,0.7
20201111,10,AQI,云浮,69.0
20201111,10,PM2.5,云浮,32.0
20201111,10,PM2.5_24h,云浮,40.0
20201111,10,PM10,云浮,87.0
20201111,10,PM10_24h,云浮,76.0
20201111,10,SO2,云浮,42.0
20201111,10,SO2_24h,云浮,25.0
20201111,10,NO2,云浮,41.0
20201111,10,NO2_24h,云浮,47.0
20201111,10,O3,云浮,76.0
20201111,10,O3_24h,云浮,154.0
20201111,10,O3_8h,云浮,15.0
20201111,10,O3_8h_24h,云浮,15.0
20201111,10,CO,云浮,0.6
20201111,10,CO_24h,云浮,0.75
20201111,11,AQI,云浮,62.0
20201111,11,PM2.5,云浮,31.0
20201111,11,PM2.5_24h,云浮,40.0
20201111,11,PM10,云浮,73.0
20201111,11,PM10_24h,云浮,77.0
20201111,11,SO2,云浮,56.0
20201111,11,SO2_24h,云浮,26.0
20201111,11,NO2,云浮,25.0
20201111,11,NO2_24h,云浮,48.0
20201111,11,O3,云浮,102.0
20201111,11,O3_24h,云浮,154.0
20201111,11,O3_8h,云浮,27.0
20201111,11,O3_8h_24h,云浮,27.0
20201111,11,CO,云浮,0.65
20201111,11,CO_24h,云浮,0.75
20201111,12,AQI,云浮,60.0
20201111,12,PM2.5,云浮,31.0
20201111,12,PM2.5_24h,云浮,40.0
20201111,12,PM10,云浮,69.0
20201111,12,PM10_24h,云浮,77.0
20201111,12,SO2,云浮,36.0
20201111,12,SO2_24h,云浮,26.0
20201111,12,NO2,云浮,20.0
20201111,12,NO2_24h,云浮,48.0
20201111,12,O3,云浮,109.0
20201111,12,O3_24h,云浮,154.0
20201111,12,O3_8h,云浮,41.0
20201111,12,O3_8h_24h,云浮,41.0
20201111,12,CO,云浮,0.55
20201111,12,CO_24h,云浮,0.75
20201111,13,AQI,云浮,56.0
20201111,13,PM2.5,云浮,29.0
20201111,13,PM2.5_24h,云浮,40.0
20201111,13,PM10,云浮,62.0
20201111,13,PM10_24h,云浮,77.0
20201111,13,SO2,云浮,24.0
20201111,13,SO2_24h,云浮,27.0
20201111,13,NO2,云浮,22.0
20201111,13,NO2_24h,云浮,47.0
20201111,13,O3,云浮,119.0
20201111,13,O3_24h,云浮,154.0
20201111,13,O3_8h,云浮,55.0
20201111,13,O3_8h_24h,云浮,55.0
20201111,13,CO,云浮,0.5
20201111,13,CO_24h,云浮,0.75
20201111,14,AQI,云浮,50.0
20201111,14,PM2.5,云浮,25.0
20201111,14,PM2.5_24h,云浮,40.0
20201111,14,PM10,云浮,50.0
20201111,14,PM10_24h,云浮,77.0
20201111,14,SO2,云浮,14.0
20201111,14,SO2_24h,云浮,22.0
20201111,14,NO2_24h,云浮,56.0
20201111,14,O3,云浮,115.0
20201111,14,O3_24h,云浮,168.0
20201111,14,O3_8h,云浮,70.0
20201111,14,O3_8h_24h,云浮,70.0
20201111,14,CO,云浮,0.5
20201111,14,CO_24h,云浮,0.8
20201111,15,AQI,云浮,51.0
20201111,15,PM2.5,云浮,23.0
20201111,15,PM2.5_24h,云浮,39.0
20201111,15,PM10,云浮,51.0
20201111,15,PM10_24h,云浮,77.0
20201111,15,SO2,云浮,12.0
20201111,15,SO2_24h,云浮,21.0
20201111,15,NO2_24h,云浮,58.0
20201111,15,O3,云浮,124.0
20201111,15,O3_24h,云浮,164.0
20201111,15,O3_8h,云浮,86.0
20201111,15,O3_8h_24h,云浮,86.0
20201111,15,CO,云浮,0.5
20201111,15,CO_24h,云浮,0.8
20201111,16,AQI,云浮,38.0
20201111,16,PM2.5_24h,云浮,39.0
20201111,16,PM10_24h,云浮,77.0
20201111,16,SO2,云浮,13.0
20201111,16,SO2_24h,云浮,21.0
20201111,16,NO2,云浮,14.0
20201111,16,NO2_24h,云浮,58.0
20201111,16,O3,云浮,122.0
20201111,16,O3_24h,云浮,164.0
20201111,16,O3_8h,云浮,100.0
20201111,16,O3_8h_24h,云浮,100.0
20201111,16,CO_24h,云浮,0.8
20201111,17,AQI,云浮,38.0
20201111,17,PM2.5_24h,云浮,40.0
20201111,17,PM10_24h,云浮,78.0
20201111,17,SO2,云浮,13.0
20201111,17,SO2_24h,云浮,21.0
20201111,17,NO2,云浮,17.0
20201111,17,NO2_24h,云浮,58.0
20201111,17,O3,云浮,120.0
20201111,17,O3_24h,云浮,140.0
20201111,17,O3_8h,云浮,112.0
20201111,17,O3_8h_24h,云浮,112.0
20201111,17,CO_24h,云浮,0.8
20201111,18,AQI,云浮,64.0
20201111,18,PM2.5,云浮,31.0
20201111,18,PM2.5_24h,云浮,40.0
20201111,18,PM10,云浮,77.0
20201111,18,PM10_24h,云浮,78.0
20201111,18,SO2,云浮,13.0
20201111,18,SO2_24h,云浮,21.0
20201111,18,NO2,云浮,22.0
20201111,18,NO2_24h,云浮,57.0
20201111,18,O3,云浮,128.0
20201111,18,O3_24h,云浮,128.0
20201111,18,O3_8h,云浮,118.0
20201111,18,O3_8h_24h,云浮,118.0
20201111,18,CO_24h,云浮,0.8
20201111,19,AQI,云浮,61.0
20201111,19,PM2.5,云浮,42.0
20201111,19,PM2.5_24h,云浮,39.0
20201111,19,PM10,云浮,71.0
20201111,19,PM10_24h,云浮,78.0
20201111,19,SO2,云浮,8.0
20201111,19,SO2_24h,云浮,21.0
20201111,19,NO2,云浮,23.0
20201111,19,NO2_24h,云浮,55.0
20201111,19,O3_24h,云浮,128.0
20201111,19,O3_8h,云浮,120.0
20201111,19,O3_8h_24h,云浮,120.0
20201111,19,CO,云浮,0.8
20201111,19,CO_24h,云浮,0.8
20201111,20,AQI,云浮,86.0
20201111,20,PM2.5,云浮,64.0
20201111,20,PM2.5_24h,云浮,40.0
20201111,20,PM10,云浮,91.0
20201111,20,PM10_24h,云浮,79.0
20201111,20,SO2,云浮,8.0
20201111,20,SO2_24h,云浮,20.0
20201111,20,NO2,云浮,27.0
20201111,20,NO2_24h,云浮,53.0
20201111,20,O3_24h,云浮,128.0
20201111,20,O3_8h,云浮,122.0
20201111,20,O3_8h_24h,云浮,122.0
20201111,20,CO,云浮,1.3
20201111,20,CO_24h,云浮,0.9
20201111,21,AQI,云浮,83.0
20201111,21,PM2.5,云浮,61.0
20201111,21,PM2.5_24h,云浮,41.0
20201111,21,PM10,云浮,94.0
20201111,21,PM10_24h,云浮,79.0
20201111,21,SO2,云浮,12.0
20201111,21,SO2_24h,云浮,20.0
20201111,21,NO2,云浮,72.0
20201111,21,NO2_24h,云浮,52.0
20201111,21,O3,云浮,28.0
20201111,21,O3_24h,云浮,128.0
20201111,21,O3_8h,云浮,106.0
20201111,21,O3_8h_24h,云浮,122.0
20201111,21,CO,云浮,1.2
20201111,21,CO_24h,云浮,0.8
20201111,22,AQI,云浮,69.0
20201111,22,PM2.5,云浮,50.0
20201111,22,PM2.5_24h,云浮,40.0
20201111,22,PM10,云浮,82.0
20201111,22,PM10_24h,云浮,77.0
20201111,22,SO2,云浮,12.0
20201111,22,SO2_24h,云浮,20.0
20201111,22,NO2,云浮,77.0
20201111,22,NO2_24h,云浮,52.0
20201111,22,O3,云浮,14.0
20201111,22,O3_24h,云浮,128.0
20201111,22,O3_8h,云浮,89.0
20201111,22,O3_8h_24h,云浮,122.0
20201111,22,CO,云浮,1.1
20201111,22,CO_24h,云浮,0.8
20201111,23,AQI,云浮,69.0
20201111,23,PM2.5,云浮,50.0
20201111,23,PM2.5_24h,云浮,41.0
20201111,23,PM10,云浮,81.0
20201111,23,PM10_24h,云浮,77.0
20201111,23,SO2,云浮,11.0
20201111,23,SO2_24h,云浮,20.0
20201111,23,NO2,云浮,66.0
20201111,23,NO2_24h,云浮,52.0
20201111,23,O3,云浮,16.0
20201111,23,O3_24h,云浮,128.0
20201111,23,O3_8h,云浮,71.0
20201111,23,O3_8h_24h,云浮,122.0
20201111,23,CO,云浮,1.1
20201111,23,CO_24h,云浮,0.8
20201111,0,AQI,玉溪,59.0
20201111,0,PM2.5,玉溪,39.0
20201111,0,PM2.5_24h,玉溪,39.0
20201111,0,PM10,玉溪,67.0
20201111,0,PM10_24h,玉溪,65.0
20201111,0,SO2,玉溪,11.0
20201111,0,SO2_24h,玉溪,10.0
20201111,0,NO2,玉溪,36.0
20201111,0,NO2_24h,玉溪,23.0
20201111,0,O3,玉溪,23.0
20201111,0,O3_24h,玉溪,121.0
20201111,0,O3_8h,玉溪,78.0
20201111,0,O3_8h_24h,玉溪,107.0
20201111,0,CO,玉溪,1.17
20201111,0,CO_24h,玉溪,1.07
20201111,1,AQI,玉溪,56.0
20201111,1,PM2.5,玉溪,35.0
20201111,1,PM2.5_24h,玉溪,39.0
20201111,1,PM10,玉溪,61.0
20201111,1,PM10_24h,玉溪,65.0
20201111,1,SO2,玉溪,9.0
20201111,1,SO2_24h,玉溪,10.0
20201111,1,NO2,玉溪,33.0
20201111,1,NO2_24h,玉溪,23.0
20201111,1,O3,玉溪,21.0
20201111,1,O3_24h,玉溪,121.0
20201111,1,O3_8h,玉溪,21.0
20201111,1,O3_8h_24h,玉溪,21.0
20201111,1,CO,玉溪,1.0
20201111,1,CO_24h,玉溪,1.07
20201111,2,AQI,玉溪,52.0
20201111,2,PM2.5,玉溪,31.0
20201111,2,PM2.5_24h,玉溪,39.0
20201111,2,PM10,玉溪,54.0
20201111,2,PM10_24h,玉溪,64.0
20201111,2,SO2,玉溪,9.0
20201111,2,SO2_24h,玉溪,10.0
20201111,2,NO2,玉溪,28.0
20201111,2,NO2_24h,玉溪,23.0
20201111,2,O3,玉溪,23.0
20201111,2,O3_24h,玉溪,121.0
20201111,2,O3_8h,玉溪,22.0
20201111,2,O3_8h_24h,玉溪,22.0
20201111,2,CO,玉溪,1.03
20201111,2,CO_24h,玉溪,1.07
20201111,3,AQI,玉溪,50.0
20201111,3,PM2.5,玉溪,28.0
20201111,3,PM2.5_24h,玉溪,38.0
20201111,3,PM10,玉溪,50.0
20201111,3,PM10_24h,玉溪,64.0
20201111,3,SO2,玉溪,9.0
20201111,3,SO2_24h,玉溪,10.0
20201111,3,NO2,玉溪,30.0
20201111,3,NO2_24h,玉溪,23.0
20201111,3,O3,玉溪,17.0
20201111,3,O3_24h,玉溪,121.0
20201111,3,O3_8h,玉溪,20.0
20201111,3,O3_8h_24h,玉溪,22.0
20201111,3,CO,玉溪,1.0
20201111,3,CO_24h,玉溪,1.07
20201111,4,AQI,玉溪,46.0
20201111,4,PM2.5,玉溪,25.0
20201111,4,PM2.5_24h,玉溪,38.0
20201111,4,PM10,玉溪,46.0
20201111,4,PM10_24h,玉溪,64.0
20201111,4,SO2,玉溪,10.0
20201111,4,SO2_24h,玉溪,10.0
20201111,4,NO2,玉溪,27.0
20201111,4,NO2_24h,玉溪,23.0
20201111,4,O3,玉溪,18.0
20201111,4,O3_24h,玉溪,121.0
20201111,4,O3_8h,玉溪,20.0
20201111,4,O3_8h_24h,玉溪,22.0
20201111,4,CO,玉溪,1.13
20201111,4,CO_24h,玉溪,1.07
20201111,5,AQI,玉溪,40.0
20201111,5,PM2.5,玉溪,22.0
20201111,5,PM2.5_24h,玉溪,37.0
20201111,5,PM10,玉溪,40.0
20201111,5,PM10_24h,玉溪,64.0
20201111,5,SO2,玉溪,12.0
20201111,5,SO2_24h,玉溪,11.0
20201111,5,NO2,玉溪,25.0
20201111,5,NO2_24h,玉溪,23.0
20201111,5,O3,玉溪,19.0
20201111,5,O3_24h,玉溪,121.0
20201111,5,O3_8h,玉溪,20.0
20201111,5,O3_8h_24h,玉溪,22.0
20201111,5,CO,玉溪,1.17
20201111,5,CO_24h,玉溪,1.1
20201111,6,AQI,玉溪,32.0
20201111,6,PM2.5,玉溪,19.0
20201111,6,PM2.5_24h,玉溪,36.0
20201111,6,PM10,玉溪,32.0
20201111,6,PM10_24h,玉溪,63.0
20201111,6,SO2,玉溪,9.0
20201111,6,SO2_24h,玉溪,11.0
20201111,6,NO2,玉溪,24.0
20201111,6,NO2_24h,玉溪,23.0
20201111,6,O3,玉溪,18.0
20201111,6,O3_24h,玉溪,121.0
20201111,6,O3_8h,玉溪,19.0
20201111,6,O3_8h_24h,玉溪,22.0
20201111,6,CO,玉溪,1.03
20201111,6,CO_24h,玉溪,1.07
20201111,7,AQI,玉溪,32.0
20201111,7,PM2.5,玉溪,18.0
20201111,7,PM2.5_24h,玉溪,36.0
20201111,7,PM10,玉溪,32.0
20201111,7,PM10_24h,玉溪,60.0
20201111,7,SO2,玉溪,9.0
20201111,7,SO2_24h,玉溪,11.0
20201111,7,NO2,玉溪,34.0
20201111,7,NO2_24h,玉溪,26.0
20201111,7,O3,玉溪,6.0
20201111,7,O3_24h,玉溪,115.0
20201111,7,O3_8h,玉溪,14.0
20201111,7,O3_8h_24h,玉溪,17.0
20201111,7,CO,玉溪,1.7
20201111,7,CO_24h,玉溪,1.3
20201111,8,AQI,玉溪,34.0
20201111,8,PM2.5,玉溪,18.0
20201111,8,PM2.5_24h,玉溪,35.0
20201111,8,PM10,玉溪,34.0
20201111,8,PM10_24h,玉溪,63.0
20201111,8,SO2,玉溪,9.0
20201111,8,SO2_24h,玉溪,11.0
20201111,8,NO2,玉溪,27.0
20201111,8,NO2_24h,玉溪,24.0
20201111,8,O3,玉溪,12.0
20201111,8,O3_24h,玉溪,121.0
20201111,8,O3_8h,玉溪,18.0
20201111,8,O3_8h_24h,玉溪,22.0
20201111,8,CO,玉溪,1.13
20201111,8,CO_24h,玉溪,1.07
20201111,10,AQI,玉溪,52.0
20201111,10,PM2.5,玉溪,23.0
20201111,10,PM2.5_24h,玉溪,33.0
20201111,10,PM10,玉溪,53.0
20201111,10,PM10_24h,玉溪,60.0
20201111,10,SO2,玉溪,12.0
20201111,10,SO2_24h,玉溪,11.0
20201111,10,NO2,玉溪,26.0
20201111,10,NO2_24h,玉溪,24.0
20201111,10,O3,玉溪,23.0
20201111,10,O3_24h,玉溪,121.0
20201111,10,O3_8h,玉溪,17.0
20201111,10,O3_8h_24h,玉溪,22.0
20201111,10,CO,玉溪,1.43
20201111,10,CO_24h,玉溪,1.03
20201111,11,AQI,玉溪,54.0
20201111,11,PM2.5,玉溪,23.0
20201111,11,PM2.5_24h,玉溪,32.0
20201111,11,PM10,玉溪,57.0
20201111,11,PM10_24h,玉溪,58.0
20201111,11,SO2,玉溪,13.0
20201111,11,SO2_24h,玉溪,10.0
20201111,11,NO2,玉溪,29.0
20201111,11,NO2_24h,玉溪,23.0
20201111,11,O3,玉溪,38.0
20201111,11,O3_24h,玉溪,121.0
20201111,11,O3_8h,玉溪,20.0
20201111,11,O3_8h_24h,玉溪,23.0
20201111,11,CO,玉溪,1.33
20201111,11,CO_24h,玉溪,1.0
20201111,12,AQI,玉溪,57.0
20201111,12,PM2.5,玉溪,19.0
20201111,12,PM2.5_24h,玉溪,30.0
20201111,12,PM10,玉溪,63.0
20201111,12,PM10_24h,玉溪,56.0
20201111,12,SO2,玉溪,10.0
20201111,12,SO2_24h,玉溪,10.0
20201111,12,NO2,玉溪,25.0
20201111,12,NO2_24h,玉溪,23.0
20201111,12,O3,玉溪,66.0
20201111,12,O3_24h,玉溪,121.0
20201111,12,O3_8h,玉溪,26.0
20201111,12,O3_8h_24h,玉溪,27.0
20201111,12,CO,玉溪,0.93
20201111,12,CO_24h,玉溪,0.93
20201111,13,AQI,玉溪,53.0
20201111,13,PM2.5,玉溪,15.0
20201111,13,PM2.5_24h,玉溪,28.0
20201111,13,PM10,玉溪,55.0
20201111,13,PM10_24h,玉溪,54.0
20201111,13,SO2,玉溪,9.0
20201111,13,SO2_24h,玉溪,10.0
20201111,13,NO2,玉溪,19.0
20201111,13,NO2_24h,玉溪,23.0
20201111,13,O3,玉溪,84.0
20201111,13,O3_24h,玉溪,121.0
20201111,13,O3_8h,玉溪,34.0
20201111,13,O3_8h_24h,玉溪,34.0
20201111,13,CO,玉溪,0.7
20201111,13,CO_24h,玉溪,0.9
20201111,14,AQI,玉溪,41.0
20201111,14,PM2.5,玉溪,13.0
20201111,14,PM2.5_24h,玉溪,27.0
20201111,14,PM10,玉溪,41.0
20201111,14,PM10_24h,玉溪,52.0
20201111,14,SO2,玉溪,10.0
20201111,14,SO2_24h,玉溪,10.0
20201111,14,NO2,玉溪,14.0
20201111,14,NO2_24h,玉溪,23.0
20201111,14,O3,玉溪,96.0
20201111,14,O3_24h,玉溪,121.0
20201111,14,O3_8h,玉溪,44.0
20201111,14,O3_8h_24h,玉溪,44.0
20201111,14,CO,玉溪,0.6
20201111,14,CO_24h,玉溪,0.9
20201111,15,AQI,玉溪,47.0
20201111,15,PM2.5,玉溪,14.0
20201111,15,PM2.5_24h,玉溪,27.0
20201111,15,PM10,玉溪,47.0
20201111,15,PM10_24h,玉溪,50.0
20201111,15,SO2,玉溪,10.0
20201111,15,SO2_24h,玉溪,10.0
20201111,15,NO2,玉溪,15.0
20201111,15,NO2_24h,玉溪,23.0
20201111,15,O3,玉溪,101.0
20201111,15,O3_24h,玉溪,120.0
20201111,15,O3_8h,玉溪,55.0
20201111,15,O3_8h_24h,玉溪,55.0
20201111,15,CO,玉溪,0.73
20201111,15,CO_24h,玉溪,0.9
20201111,16,AQI,玉溪,42.0
20201111,16,PM2.5,玉溪,14.0
20201111,16,PM2.5_24h,玉溪,26.0
20201111,16,PM10,玉溪,42.0
20201111,16,PM10_24h,玉溪,49.0
20201111,16,SO2,玉溪,12.0
20201111,16,SO2_24h,玉溪,10.0
20201111,16,NO2,玉溪,17.0
20201111,16,NO2_24h,玉溪,23.0
20201111,16,O3,玉溪,105.0
20201111,16,O3_24h,玉溪,120.0
20201111,16,O3_8h,玉溪,66.0
20201111,16,O3_8h_24h,玉溪,66.0
20201111,16,CO,玉溪,0.8
20201111,16,CO_24h,玉溪,0.9
20201111,17,AQI,玉溪,39.0
20201111,17,PM2.5,玉溪,14.0
20201111,17,PM2.5_24h,玉溪,25.0
20201111,17,PM10,玉溪,39.0
20201111,17,PM10_24h,玉溪,49.0
20201111,17,SO2,玉溪,12.0
20201111,17,SO2_24h,玉溪,10.0
20201111,17,NO2,玉溪,16.0
20201111,17,NO2_24h,玉溪,23.0
20201111,17,O3,玉溪,110.0
20201111,17,O3_24h,玉溪,117.0
20201111,17,O3_8h,玉溪,78.0
20201111,17,O3_8h_24h,玉溪,78.0
20201111,17,CO,玉溪,0.67
20201111,17,CO_24h,玉溪,0.93
20201111,18,AQI,玉溪,41.0
20201111,18,PM2.5,玉溪,13.0
20201111,18,PM2.5_24h,玉溪,25.0
20201111,18,PM10,玉溪,41.0
20201111,18,PM10_24h,玉溪,49.0
20201111,18,SO2,玉溪,11.0
20201111,18,SO2_24h,玉溪,10.0
20201111,18,NO2,玉溪,17.0
20201111,18,NO2_24h,玉溪,24.0
20201111,18,O3,玉溪,98.0
20201111,18,O3_24h,玉溪,110.0
20201111,18,O3_8h,玉溪,87.0
20201111,18,O3_8h_24h,玉溪,87.0
20201111,18,CO,玉溪,0.47
20201111,18,CO_24h,玉溪,0.9
20201111,19,AQI,玉溪,40.0
20201111,19,PM2.5,玉溪,17.0
20201111,19,PM2.5_24h,玉溪,24.0
20201111,19,PM10,玉溪,40.0
20201111,19,PM10_24h,玉溪,48.0
20201111,19,SO2,玉溪,10.0
20201111,19,SO2_24h,玉溪,10.0
20201111,19,NO2,玉溪,25.0
20201111,19,NO2_24h,玉溪,24.0
20201111,19,O3,玉溪,84.0
20201111,19,O3_24h,玉溪,110.0
20201111,19,O3_8h,玉溪,93.0
20201111,19,O3_8h_24h,玉溪,93.0
20201111,19,CO,玉溪,0.63
20201111,19,CO_24h,玉溪,0.9
20201111,20,AQI,玉溪,57.0
20201111,20,PM2.5,玉溪,30.0
20201111,20,PM2.5_24h,玉溪,24.0
20201111,20,PM10,玉溪,64.0
20201111,20,PM10_24h,玉溪,49.0
20201111,20,SO2,玉溪,30.0
20201111,20,SO2_24h,玉溪,11.0
20201111,20,NO2,玉溪,46.0
20201111,20,NO2_24h,玉溪,25.0
20201111,20,O3,玉溪,43.0
20201111,20,O3_24h,玉溪,110.0
20201111,20,O3_8h,玉溪,90.0
20201111,20,O3_8h_24h,玉溪,93.0
20201111,20,CO,玉溪,2.57
20201111,20,CO_24h,玉溪,1.03
20201111,21,AQI,玉溪,65.0
20201111,21,PM2.5,玉溪,35.0
20201111,21,PM2.5_24h,玉溪,24.0
20201111,21,PM10,玉溪,80.0
20201111,21,PM10_24h,玉溪,50.0
20201111,21,SO2,玉溪,42.0
20201111,21,SO2_24h,玉溪,12.0
20201111,21,NO2,玉溪,46.0
20201111,21,NO2_24h,玉溪,26.0
20201111,21,O3,玉溪,32.0
20201111,21,O3_24h,玉溪,110.0
20201111,21,O3_8h,玉溪,84.0
20201111,21,O3_8h_24h,玉溪,93.0
20201111,21,CO,玉溪,3.33
20201111,21,CO_24h,玉溪,1.13
20201111,22,AQI,玉溪,62.0
20201111,22,PM2.5,玉溪,29.0
20201111,22,PM2.5_24h,玉溪,23.0
20201111,22,PM10,玉溪,74.0
20201111,22,PM10_24h,玉溪,51.0
20201111,22,SO2,玉溪,20.0
20201111,22,SO2_24h,玉溪,13.0
20201111,22,NO2,玉溪,35.0
20201111,22,NO2_24h,玉溪,27.0
20201111,22,O3,玉溪,34.0
20201111,22,O3_24h,玉溪,110.0
20201111,22,O3_8h,玉溪,76.0
20201111,22,O3_8h_24h,玉溪,93.0
20201111,22,CO,玉溪,1.7
20201111,22,CO_24h,玉溪,1.17
20201111,23,AQI,玉溪,57.0
20201111,23,PM2.5,玉溪,27.0
20201111,23,PM2.5_24h,玉溪,23.0
20201111,23,PM10,玉溪,63.0
20201111,23,PM10_24h,玉溪,50.0
20201111,23,SO2,玉溪,19.0
20201111,23,SO2_24h,玉溪,13.0
20201111,23,NO2,玉溪,33.0
20201111,23,NO2_24h,玉溪,27.0
20201111,23,O3,玉溪,31.0
20201111,23,O3_24h,玉溪,110.0
20201111,23,O3_8h,玉溪,67.0
20201111,23,O3_8h_24h,玉溪,93.0
20201111,23,CO,玉溪,2.1
20201111,23,CO_24h,玉溪,1.2
20201111,0,AQI,菏泽,130.0
20201111,0,PM2.5,菏泽,99.0
20201111,0,PM2.5_24h,菏泽,79.0
20201111,0,PM10,菏泽,207.0
20201111,0,PM10_24h,菏泽,187.0
20201111,0,SO2,菏泽,26.0
20201111,0,SO2_24h,菏泽,28.0
20201111,0,NO2,菏泽,48.0
20201111,0,NO2_24h,菏泽,47.0
20201111,0,O3,菏泽,77.0
20201111,0,O3_24h,菏泽,141.0
20201111,0,O3_8h,菏泽,93.0
20201111,0,O3_8h_24h,菏泽,117.0
20201111,0,CO,菏泽,0.77
20201111,0,CO_24h,菏泽,0.83
20201111,1,AQI,菏泽,134.0
20201111,1,PM2.5,菏泽,102.0
20201111,1,PM2.5_24h,菏泽,79.0
20201111,1,PM10,菏泽,206.0
20201111,1,PM10_24h,菏泽,187.0
20201111,1,SO2,菏泽,27.0
20201111,1,SO2_24h,菏泽,27.0
20201111,1,NO2,菏泽,45.0
20201111,1,NO2_24h,菏泽,46.0
20201111,1,O3,菏泽,79.0
20201111,1,O3_24h,菏泽,141.0
20201111,1,O3_8h,菏泽,79.0
20201111,1,O3_8h_24h,菏泽,79.0
20201111,1,CO,菏泽,0.77
20201111,1,CO_24h,菏泽,0.83
20201111,2,AQI,菏泽,122.0
20201111,2,PM2.5,菏泽,91.0
20201111,2,PM2.5_24h,菏泽,79.0
20201111,2,PM10,菏泽,194.0
20201111,2,PM10_24h,菏泽,187.0
20201111,2,SO2,菏泽,27.0
20201111,2,SO2_24h,菏泽,27.0
20201111,2,NO2,菏泽,40.0
20201111,2,NO2_24h,菏泽,46.0
20201111,2,O3,菏泽,81.0
20201111,2,O3_24h,菏泽,141.0
20201111,2,O3_8h,菏泽,80.0
20201111,2,O3_8h_24h,菏泽,80.0
20201111,2,CO,菏泽,0.7
20201111,2,CO_24h,菏泽,0.83
20201111,3,AQI,菏泽,119.0
20201111,3,PM2.5,菏泽,86.0
20201111,3,PM2.5_24h,菏泽,80.0
20201111,3,PM10,菏泽,188.0
20201111,3,PM10_24h,菏泽,188.0
20201111,3,SO2,菏泽,20.0
20201111,3,SO2_24h,菏泽,25.0
20201111,3,NO2,菏泽,37.0
20201111,3,NO2_24h,菏泽,45.0
20201111,3,O3,菏泽,80.0
20201111,3,O3_24h,菏泽,141.0
20201111,3,O3_8h,菏泽,80.0
20201111,3,O3_8h_24h,菏泽,81.0
20201111,3,CO,菏泽,0.7
20201111,3,CO_24h,菏泽,0.8
20201111,4,AQI,菏泽,105.0
20201111,4,PM2.5,菏泽,72.0
20201111,4,PM2.5_24h,菏泽,79.0
20201111,4,PM10,菏泽,160.0
20201111,4,PM10_24h,菏泽,187.0
20201111,4,SO2,菏泽,16.0
20201111,4,SO2_24h,菏泽,25.0
20201111,4,NO2,菏泽,32.0
20201111,4,NO2_24h,菏泽,44.0
20201111,4,O3,菏泽,83.0
20201111,4,O3_24h,菏泽,141.0
20201111,4,O3_8h,菏泽,81.0
20201111,4,O3_8h_24h,菏泽,81.0
20201111,4,CO,菏泽,0.7
20201111,4,CO_24h,菏泽,0.8
20201111,5,AQI,菏泽,99.0
20201111,5,PM2.5,菏泽,63.0
20201111,5,PM2.5_24h,菏泽,79.0
20201111,5,PM10,菏泽,148.0
20201111,5,PM10_24h,菏泽,187.0
20201111,5,SO2,菏泽,16.0
20201111,5,SO2_24h,菏泽,23.0
20201111,5,NO2,菏泽,34.0
20201111,5,NO2_24h,菏泽,43.0
20201111,5,O3,菏泽,77.0
20201111,5,O3_24h,菏泽,141.0
20201111,5,O3_8h,菏泽,80.0
20201111,5,O3_8h_24h,菏泽,81.0
20201111,5,CO,菏泽,0.7
20201111,5,CO_24h,菏泽,0.8
20201111,6,AQI,菏泽,99.0
20201111,6,PM2.5,菏泽,66.0
20201111,6,PM2.5_24h,菏泽,79.0
20201111,6,PM10,菏泽,148.0
20201111,6,PM10_24h,菏泽,187.0
20201111,6,SO2,菏泽,19.0
20201111,6,SO2_24h,菏泽,22.0
20201111,6,NO2,菏泽,35.0
20201111,6,NO2_24h,菏泽,42.0
20201111,6,O3,菏泽,72.0
20201111,6,O3_24h,菏泽,141.0
20201111,6,O3_8h,菏泽,78.0
20201111,6,O3_8h_24h,菏泽,81.0
20201111,6,CO,菏泽,0.77
20201111,6,CO_24h,菏泽,0.8
20201111,7,AQI,菏泽,102.0
20201111,7,PM2.5,菏泽,68.0
20201111,7,PM2.5_24h,菏泽,78.0
20201111,7,PM10,菏泽,153.0
20201111,7,PM10_24h,菏泽,192.0
20201111,7,SO2,菏泽,20.0
20201111,7,SO2_24h,菏泽,21.0
20201111,7,NO2,菏泽,43.0
20201111,7,NO2_24h,菏泽,41.0
20201111,7,O3,菏泽,66.0
20201111,7,O3_24h,菏泽,158.0
20201111,7,O3_8h,菏泽,85.0
20201111,7,O3_8h_24h,菏泽,91.0
20201111,7,CO,菏泽,0.7
20201111,7,CO_24h,菏泽,0.7
20201111,8,AQI,菏泽,105.0
20201111,8,PM2.5,菏泽,73.0
20201111,8,PM2.5_24h,菏泽,78.0
20201111,8,PM10,菏泽,160.0
20201111,8,PM10_24h,菏泽,186.0
20201111,8,SO2,菏泽,21.0
20201111,8,SO2_24h,菏泽,21.0
20201111,8,NO2,菏泽,45.0
20201111,8,NO2_24h,菏泽,40.0
20201111,8,O3,菏泽,60.0
20201111,8,O3_24h,菏泽,141.0
20201111,8,O3_8h,菏泽,75.0
20201111,8,O3_8h_24h,菏泽,81.0
20201111,8,CO,菏泽,0.87
20201111,8,CO_24h,菏泽,0.77
20201111,10,AQI,菏泽,117.0
20201111,10,PM2.5,菏泽,72.0
20201111,10,PM2.5_24h,菏泽,76.0
20201111,10,PM10,菏泽,184.0
20201111,10,PM10_24h,菏泽,182.0
20201111,10,SO2,菏泽,20.0
20201111,10,SO2_24h,菏泽,19.0
20201111,10,NO2,菏泽,52.0
20201111,10,NO2_24h,菏泽,39.0
20201111,10,O3,菏泽,59.0
20201111,10,O3_24h,菏泽,141.0
20201111,10,O3_8h,菏泽,68.0
20201111,10,O3_8h_24h,菏泽,81.0
20201111,10,CO,菏泽,0.9
20201111,10,CO_24h,菏泽,0.73
20201111,11,AQI,菏泽,116.0
20201111,11,PM2.5,菏泽,68.0
20201111,11,PM2.5_24h,菏泽,76.0
20201111,11,PM10,菏泽,181.0
20201111,11,PM10_24h,菏泽,181.0
20201111,11,SO2,菏泽,16.0
20201111,11,SO2_24h,菏泽,19.0
20201111,11,NO2,菏泽,37.0
20201111,11,NO2_24h,菏泽,39.0
20201111,11,O3,菏泽,92.0
20201111,11,O3_24h,菏泽,141.0
20201111,11,O3_8h,菏泽,70.0
20201111,11,O3_8h_24h,菏泽,81.0
20201111,11,CO,菏泽,0.83
20201111,11,CO_24h,菏泽,0.73
20201111,12,AQI,菏泽,117.0
20201111,12,PM2.5,菏泽,62.0
20201111,12,PM2.5_24h,菏泽,75.0
20201111,12,PM10,菏泽,183.0
20201111,12,PM10_24h,菏泽,181.0
20201111,12,SO2,菏泽,14.0
20201111,12,SO2_24h,菏泽,19.0
20201111,12,NO2,菏泽,32.0
20201111,12,NO2_24h,菏泽,39.0
20201111,12,O3,菏泽,119.0
20201111,12,O3_24h,菏泽,141.0
20201111,12,O3_8h,菏泽,74.0
20201111,12,O3_8h_24h,菏泽,81.0
20201111,12,CO,菏泽,0.87
20201111,12,CO_24h,菏泽,0.77
20201111,13,AQI,菏泽,117.0
20201111,13,PM2.5,菏泽,62.0
20201111,13,PM2.5_24h,菏泽,75.0
20201111,13,PM10,菏泽,183.0
20201111,13,PM10_24h,菏泽,181.0
20201111,13,SO2,菏泽,12.0
20201111,13,SO2_24h,菏泽,19.0
20201111,13,NO2,菏泽,26.0
20201111,13,NO2_24h,菏泽,39.0
20201111,13,O3,菏泽,140.0
20201111,13,O3_24h,菏泽,143.0
20201111,13,O3_8h,菏泽,82.0
20201111,13,O3_8h_24h,菏泽,83.0
20201111,13,CO,菏泽,0.77
20201111,13,CO_24h,菏泽,0.77
20201111,14,AQI,菏泽,111.0
20201111,14,PM2.5,菏泽,53.0
20201111,14,PM2.5_24h,菏泽,75.0
20201111,14,PM10,菏泽,172.0
20201111,14,PM10_24h,菏泽,181.0
20201111,14,SO2,菏泽,11.0
20201111,14,SO2_24h,菏泽,18.0
20201111,14,NO2,菏泽,23.0
20201111,14,NO2_24h,菏泽,39.0
20201111,14,O3,菏泽,147.0
20201111,14,O3_24h,菏泽,147.0
20201111,14,O3_8h,菏泽,92.0
20201111,14,O3_8h_24h,菏泽,92.0
20201111,14,CO,菏泽,0.7
20201111,14,CO_24h,菏泽,0.77
20201111,15,AQI,菏泽,103.0
20201111,15,PM2.5,菏泽,49.0
20201111,15,PM2.5_24h,菏泽,74.0
20201111,15,PM10,菏泽,155.0
20201111,15,PM10_24h,菏泽,181.0
20201111,15,SO2,菏泽,11.0
20201111,15,SO2_24h,菏泽,18.0
20201111,15,NO2,菏泽,25.0
20201111,15,NO2_24h,菏泽,39.0
20201111,15,O3,菏泽,149.0
20201111,15,O3_24h,菏泽,150.0
20201111,15,O3_8h,菏泽,103.0
20201111,15,O3_8h_24h,菏泽,103.0
20201111,15,CO,菏泽,0.65
20201111,15,CO_24h,菏泽,0.77
20201111,16,AQI,菏泽,97.0
20201111,16,PM2.5,菏泽,47.0
20201111,16,PM2.5_24h,菏泽,74.0
20201111,16,PM10,菏泽,143.0
20201111,16,PM10_24h,菏泽,180.0
20201111,16,SO2,菏泽,10.0
20201111,16,SO2_24h,菏泽,18.0
20201111,16,NO2,菏泽,26.0
20201111,16,NO2_24h,菏泽,39.0
20201111,16,O3,菏泽,151.0
20201111,16,O3_24h,菏泽,150.0
20201111,16,O3_8h,菏泽,112.0
20201111,16,O3_8h_24h,菏泽,112.0
20201111,16,CO,菏泽,0.57
20201111,16,CO_24h,菏泽,0.77
20201111,17,AQI,菏泽,102.0
20201111,17,PM2.5,菏泽,49.0
20201111,17,PM2.5_24h,菏泽,74.0
20201111,17,PM10,菏泽,153.0
20201111,17,PM10_24h,菏泽,179.0
20201111,17,SO2,菏泽,11.0
20201111,17,SO2_24h,菏泽,18.0
20201111,17,NO2,菏泽,31.0
20201111,17,NO2_24h,菏泽,39.0
20201111,17,O3,菏泽,140.0
20201111,17,O3_24h,菏泽,150.0
20201111,17,O3_8h,菏泽,123.0
20201111,17,O3_8h_24h,菏泽,123.0
20201111,17,CO,菏泽,0.6
20201111,17,CO_24h,菏泽,0.77
20201111,18,AQI,菏泽,104.0
20201111,18,PM2.5,菏泽,53.0
20201111,18,PM2.5_24h,菏泽,73.0
20201111,18,PM10,菏泽,157.0
20201111,18,PM10_24h,菏泽,179.0
20201111,18,SO2,菏泽,10.0
20201111,18,SO2_24h,菏泽,18.0
20201111,18,NO2,菏泽,37.0
20201111,18,NO2_24h,菏泽,39.0
20201111,18,O3,菏泽,125.0
20201111,18,O3_24h,菏泽,150.0
20201111,18,O3_8h,菏泽,132.0
20201111,18,O3_8h_24h,菏泽,132.0
20201111,18,CO,菏泽,0.63
20201111,18,CO_24h,菏泽,0.77
20201111,19,AQI,菏泽,102.0
20201111,19,PM2.5,菏泽,58.0
20201111,19,PM2.5_24h,菏泽,73.0
20201111,19,PM10,菏泽,154.0
20201111,19,PM10_24h,菏泽,177.0
20201111,19,SO2,菏泽,12.0
20201111,19,SO2_24h,菏泽,18.0
20201111,19,NO2,菏泽,38.0
20201111,19,NO2_24h,菏泽,38.0
20201111,19,O3,菏泽,119.0
20201111,19,O3_24h,菏泽,150.0
20201111,19,O3_8h,菏泽,135.0
20201111,19,O3_8h_24h,菏泽,135.0
20201111,19,CO,菏泽,0.63
20201111,19,CO_24h,菏泽,0.77
20201111,20,AQI,菏泽,102.0
20201111,20,PM2.5,菏泽,58.0
20201111,20,PM2.5_24h,菏泽,72.0
20201111,20,PM10,菏泽,153.0
20201111,20,PM10_24h,菏泽,176.0
20201111,20,SO2,菏泽,13.0
20201111,20,SO2_24h,菏泽,18.0
20201111,20,NO2,菏泽,35.0
20201111,20,NO2_24h,菏泽,38.0
20201111,20,O3,菏泽,117.0
20201111,20,O3_24h,菏泽,150.0
20201111,20,O3_8h,菏泽,135.0
20201111,20,O3_8h_24h,菏泽,135.0
20201111,20,CO,菏泽,0.73
20201111,20,CO_24h,菏泽,0.77
20201111,21,AQI,菏泽,93.0
20201111,21,PM2.5,菏泽,58.0
20201111,21,PM2.5_24h,菏泽,70.0
20201111,21,PM10,菏泽,136.0
20201111,21,PM10_24h,菏泽,172.0
20201111,21,SO2,菏泽,11.0
20201111,21,SO2_24h,菏泽,17.0
20201111,21,NO2,菏泽,30.0
20201111,21,NO2_24h,菏泽,37.0
20201111,21,O3,菏泽,118.0
20201111,21,O3_24h,菏泽,150.0
20201111,21,O3_8h,菏泽,132.0
20201111,21,O3_8h_24h,菏泽,135.0
20201111,21,CO,菏泽,0.63
20201111,21,CO_24h,菏泽,0.77
20201111,22,AQI,菏泽,88.0
20201111,22,PM2.5,菏泽,53.0
20201111,22,PM2.5_24h,菏泽,68.0
20201111,22,PM10,菏泽,125.0
20201111,22,PM10_24h,菏泽,168.0
20201111,22,SO2,菏泽,11.0
20201111,22,SO2_24h,菏泽,17.0
20201111,22,NO2,菏泽,28.0
20201111,22,NO2_24h,菏泽,37.0
20201111,22,O3,菏泽,114.0
20201111,22,O3_24h,菏泽,150.0
20201111,22,O3_8h,菏泽,128.0
20201111,22,O3_8h_24h,菏泽,135.0
20201111,22,CO,菏泽,0.63
20201111,22,CO_24h,菏泽,0.77
20201111,23,AQI,菏泽,84.0
20201111,23,PM2.5,菏泽,49.0
20201111,23,PM2.5_24h,菏泽,67.0
20201111,23,PM10,菏泽,117.0
20201111,23,PM10_24h,菏泽,165.0
20201111,23,SO2,菏泽,10.0
20201111,23,SO2_24h,菏泽,16.0
20201111,23,NO2,菏泽,28.0
20201111,23,NO2_24h,菏泽,36.0
20201111,23,O3,菏泽,106.0
20201111,23,O3_24h,菏泽,150.0
20201111,23,O3_8h,菏泽,122.0
20201111,23,O3_8h_24h,菏泽,135.0
20201111,23,CO,菏泽,0.63
20201111,23,CO_24h,菏泽,0.77
20201111,0,AQI,大同,128.0
20201111,0,PM2.5,大同,85.0
20201111,0,PM2.5_24h,大同,57.0
20201111,0,PM10,大同,205.0
20201111,0,PM10_24h,大同,143.0
20201111,0,SO2,大同,63.0
20201111,0,SO2_24h,大同,60.0
20201111,0,NO2,大同,73.0
20201111,0,NO2_24h,大同,61.0
20201111,0,O3,大同,5.0
20201111,0,O3_24h,大同,55.0
20201111,0,O3_8h,大同,13.0
20201111,0,O3_8h_24h,大同,42.0
20201111,0,CO,大同,1.84
20201111,0,CO_24h,大同,1.8
20201111,1,AQI,大同,118.0
20201111,1,PM2.5,大同,72.0
20201111,1,PM2.5_24h,大同,58.0
20201111,1,PM10,大同,186.0
20201111,1,PM10_24h,大同,145.0
20201111,1,SO2,大同,65.0
20201111,1,SO2_24h,大同,60.0
20201111,1,NO2,大同,70.0
20201111,1,NO2_24h,大同,62.0
20201111,1,O3,大同,4.0
20201111,1,O3_24h,大同,55.0
20201111,1,O3_8h,大同,4.0
20201111,1,O3_8h_24h,大同,4.0
20201111,1,CO,大同,2.08
20201111,1,CO_24h,大同,1.82
20201111,2,AQI,大同,121.0
20201111,2,PM2.5,大同,69.0
20201111,2,PM2.5_24h,大同,59.0
20201111,2,PM10,大同,191.0
20201111,2,PM10_24h,大同,148.0
20201111,2,SO2,大同,60.0
20201111,2,SO2_24h,大同,59.0
20201111,2,NO2,大同,67.0
20201111,2,NO2_24h,大同,63.0
20201111,2,O3,大同,3.0
20201111,2,O3_24h,大同,55.0
20201111,2,O3_8h,大同,3.0
20201111,2,O3_8h_24h,大同,4.0
20201111,2,CO,大同,1.98
20201111,2,CO_24h,大同,1.84
20201111,3,AQI,大同,118.0
20201111,3,PM2.5,大同,70.0
20201111,3,PM2.5_24h,大同,60.0
20201111,3,PM10,大同,186.0
20201111,3,PM10_24h,大同,151.0
20201111,3,SO2,大同,66.0
20201111,3,SO2_24h,大同,60.0
20201111,3,NO2,大同,65.0
20201111,3,NO2_24h,大同,63.0
20201111,3,O3,大同,3.0
20201111,3,O3_24h,大同,55.0
20201111,3,O3_8h,大同,3.0
20201111,3,O3_8h_24h,大同,4.0
20201111,3,CO,大同,2.02
20201111,3,CO_24h,大同,1.86
20201111,4,AQI,大同,114.0
20201111,4,PM2.5,大同,64.0
20201111,4,PM2.5_24h,大同,61.0
20201111,4,PM10,大同,177.0
20201111,4,PM10_24h,大同,154.0
20201111,4,SO2,大同,72.0
20201111,4,SO2_24h,大同,60.0
20201111,4,NO2,大同,63.0
20201111,4,NO2_24h,大同,64.0
20201111,4,O3,大同,3.0
20201111,4,O3_24h,大同,55.0
20201111,4,O3_8h,大同,3.0
20201111,4,O3_8h_24h,大同,4.0
20201111,4,CO,大同,2.44
20201111,4,CO_24h,大同,1.9
20201111,5,AQI,大同,115.0
20201111,5,PM2.5,大同,67.0
20201111,5,PM2.5_24h,大同,63.0
20201111,5,PM10,大同,179.0
20201111,5,PM10_24h,大同,157.0
20201111,5,SO2,大同,80.0
20201111,5,SO2_24h,大同,61.0
20201111,5,NO2,大同,61.0
20201111,5,NO2_24h,大同,65.0
20201111,5,O3,大同,3.0
20201111,5,O3_24h,大同,55.0
20201111,5,O3_8h,大同,3.0
20201111,5,O3_8h_24h,大同,4.0
20201111,5,CO,大同,2.76
20201111,5,CO_24h,大同,1.92
20201111,6,AQI,大同,113.0
20201111,6,PM2.5,大同,69.0
20201111,6,PM2.5_24h,大同,64.0
20201111,6,PM10,大同,175.0
20201111,6,PM10_24h,大同,160.0
20201111,6,SO2,大同,76.0
20201111,6,SO2_24h,大同,61.0
20201111,6,NO2,大同,59.0
20201111,6,NO2_24h,大同,65.0
20201111,6,O3,大同,3.0
20201111,6,O3_24h,大同,55.0
20201111,6,O3_8h,大同,3.0
20201111,6,O3_8h_24h,大同,4.0
20201111,6,CO,大同,3.0
20201111,6,CO_24h,大同,2.0
20201111,8,AQI,大同,119.0
20201111,8,PM2.5,大同,73.0
20201111,8,PM2.5_24h,大同,67.0
20201111,8,PM10,大同,188.0
20201111,8,PM10_24h,大同,165.0
20201111,8,SO2,大同,74.0
20201111,8,SO2_24h,大同,62.0
20201111,8,NO2,大同,62.0
20201111,8,NO2_24h,大同,67.0
20201111,8,O3,大同,5.0
20201111,8,O3_24h,大同,55.0
20201111,8,O3_8h,大同,3.0
20201111,8,O3_8h_24h,大同,4.0
20201111,8,CO,大同,3.34
20201111,8,CO_24h,大同,2.08
20201111,10,AQI,大同,144.0
20201111,10,PM2.5,大同,82.0
20201111,10,PM2.5_24h,大同,69.0
20201111,10,PM10,大同,238.0
20201111,10,PM10_24h,大同,170.0
20201111,10,SO2,大同,81.0
20201111,10,SO2_24h,大同,58.0
20201111,10,NO2,大同,75.0
20201111,10,NO2_24h,大同,68.0
20201111,10,O3,大同,9.0
20201111,10,O3_24h,大同,55.0
20201111,10,O3_8h,大同,4.0
20201111,10,O3_8h_24h,大同,4.0
20201111,10,CO,大同,3.78
20201111,10,CO_24h,大同,2.12
20201111,11,AQI,大同,132.0
20201111,11,PM2.5,大同,86.0
20201111,11,PM2.5_24h,大同,70.0
20201111,11,PM10,大同,213.0
20201111,11,PM10_24h,大同,172.0
20201111,11,SO2,大同,51.0
20201111,11,SO2_24h,大同,57.0
20201111,11,NO2,大同,73.0
20201111,11,NO2_24h,大同,69.0
20201111,11,O3,大同,17.0
20201111,11,O3_24h,大同,55.0
20201111,11,O3_8h,大同,6.0
20201111,11,O3_8h_24h,大同,6.0
20201111,11,CO,大同,2.1
20201111,11,CO_24h,大同,2.1
20201111,12,AQI,大同,115.0
20201111,12,PM2.5,大同,84.0
20201111,12,PM2.5_24h,大同,71.0
20201111,12,PM10,大同,179.0
20201111,12,PM10_24h,大同,174.0
20201111,12,SO2,大同,86.0
20201111,12,SO2_24h,大同,58.0
20201111,12,NO2,大同,74.0
20201111,12,NO2_24h,大同,71.0
20201111,12,O3,大同,22.0
20201111,12,O3_24h,大同,55.0
20201111,12,O3_8h,大同,7.0
20201111,12,O3_8h_24h,大同,8.0
20201111,12,CO,大同,1.52
20201111,12,CO_24h,大同,2.1
20201111,13,AQI,大同,106.0
20201111,13,PM2.5,大同,73.0
20201111,13,PM2.5_24h,大同,72.0
20201111,13,PM10,大同,161.0
20201111,13,PM10_24h,大同,175.0
20201111,13,SO2,大同,131.0
20201111,13,SO2_24h,大同,62.0
20201111,13,NO2,大同,70.0
20201111,13,NO2_24h,大同,72.0
20201111,13,O3,大同,42.0
20201111,13,O3_24h,大同,56.0
20201111,13,O3_8h,大同,13.0
20201111,13,O3_8h_24h,大同,13.0
20201111,13,CO,大同,1.34
20201111,13,CO_24h,大同,2.12
20201111,14,AQI,大同,105.0
20201111,14,PM2.5,大同,78.0
20201111,14,PM2.5_24h,大同,74.0
20201111,14,PM10,大同,160.0
20201111,14,PM10_24h,大同,177.0
20201111,14,SO2,大同,107.0
20201111,14,SO2_24h,大同,64.0
20201111,14,NO2,大同,64.0
20201111,14,NO2_24h,大同,72.0
20201111,14,O3,大同,59.0
20201111,14,O3_24h,大同,62.0
20201111,14,O3_8h,大同,21.0
20201111,14,O3_8h_24h,大同,21.0
20201111,14,CO,大同,1.2
20201111,14,CO_24h,大同,2.12
20201111,15,AQI,大同,106.0
20201111,15,PM2.5,大同,80.0
20201111,15,PM2.5_24h,大同,75.0
20201111,15,PM10,大同,161.0
20201111,15,PM10_24h,大同,178.0
20201111,15,SO2,大同,115.0
20201111,15,SO2_24h,大同,66.0
20201111,15,NO2,大同,67.0
20201111,15,NO2_24h,大同,72.0
20201111,15,O3,大同,63.0
20201111,15,O3_24h,大同,63.0
20201111,15,O3_8h,大同,29.0
20201111,15,O3_8h_24h,大同,29.0
20201111,15,CO,大同,1.08
20201111,15,CO_24h,大同,2.12
20201111,16,AQI,大同,100.0
20201111,16,PM2.5,大同,74.0
20201111,16,PM2.5_24h,大同,76.0
20201111,16,PM10,大同,150.0
20201111,16,PM10_24h,大同,179.0
20201111,16,SO2,大同,116.0
20201111,16,SO2_24h,大同,70.0
20201111,16,NO2,大同,64.0
20201111,16,NO2_24h,大同,72.0
20201111,16,O3,大同,73.0
20201111,16,O3_24h,大同,73.0
20201111,16,O3_8h,大同,38.0
20201111,16,O3_8h_24h,大同,38.0
20201111,16,CO,大同,1.0
20201111,16,CO_24h,大同,2.1
20201111,17,AQI,大同,101.0
20201111,17,PM2.5,大同,76.0
20201111,17,PM2.5_24h,大同,76.0
20201111,17,PM10,大同,149.0
20201111,17,PM10_24h,大同,180.0
20201111,17,SO2,大同,68.0
20201111,17,SO2_24h,大同,71.0
20201111,17,NO2,大同,66.0
20201111,17,NO2_24h,大同,73.0
20201111,17,O3,大同,71.0
20201111,17,O3_24h,大同,76.0
20201111,17,O3_8h,大同,48.0
20201111,17,O3_8h_24h,大同,48.0
20201111,17,CO,大同,0.92
20201111,17,CO_24h,大同,2.1
20201111,18,AQI,大同,104.0
20201111,18,PM2.5,大同,67.0
20201111,18,PM2.5_24h,大同,76.0
20201111,18,PM10,大同,157.0
20201111,18,PM10_24h,大同,181.0
20201111,18,SO2,大同,48.0
20201111,18,SO2_24h,大同,72.0
20201111,18,NO2,大同,82.0
20201111,18,NO2_24h,大同,72.0
20201111,18,O3,大同,49.0
20201111,18,O3_24h,大同,76.0
20201111,18,O3_8h,大同,51.0
20201111,18,O3_8h_24h,大同,51.0
20201111,18,CO,大同,1.0
20201111,18,CO_24h,大同,2.12
20201111,19,AQI,大同,104.0
20201111,19,PM2.5,大同,61.0
20201111,19,PM2.5_24h,大同,76.0
20201111,19,PM10,大同,158.0
20201111,19,PM10_24h,大同,181.0
20201111,19,SO2,大同,49.0
20201111,19,SO2_24h,大同,73.0
20201111,19,NO2,大同,84.0
20201111,19,NO2_24h,大同,71.0
20201111,19,O3,大同,41.0
20201111,19,O3_24h,大同,76.0
20201111,19,O3_8h,大同,53.0
20201111,19,O3_8h_24h,大同,54.0
20201111,19,CO,大同,1.1
20201111,19,CO_24h,大同,2.1
20201111,20,AQI,大同,105.0
20201111,20,PM2.5,大同,70.0
20201111,20,PM2.5_24h,大同,75.0
20201111,20,PM10,大同,160.0
20201111,20,PM10_24h,大同,179.0
20201111,20,SO2,大同,46.0
20201111,20,SO2_24h,大同,73.0
20201111,20,NO2,大同,98.0
20201111,20,NO2_24h,大同,71.0
20201111,20,O3,大同,26.0
20201111,20,O3_24h,大同,76.0
20201111,20,O3_8h,大同,53.0
20201111,20,O3_8h_24h,大同,55.0
20201111,20,CO,大同,1.3
20201111,20,CO_24h,大同,2.06
20201111,21,AQI,大同,111.0
20201111,21,PM2.5,大同,76.0
20201111,21,PM2.5_24h,大同,75.0
20201111,21,PM10,大同,172.0
20201111,21,PM10_24h,大同,179.0
20201111,21,SO2,大同,50.0
20201111,21,SO2_24h,大同,74.0
20201111,21,NO2,大同,109.0
20201111,21,NO2_24h,大同,72.0
20201111,21,O3,大同,11.0
20201111,21,O3_24h,大同,76.0
20201111,21,O3_8h,大同,49.0
20201111,21,O3_8h_24h,大同,55.0
20201111,21,CO,大同,1.5
20201111,21,CO_24h,大同,2.0
20201111,22,AQI,大同,115.0
20201111,22,PM2.5,大同,82.0
20201111,22,PM2.5_24h,大同,75.0
20201111,22,PM10,大同,180.0
20201111,22,PM10_24h,大同,179.0
20201111,22,SO2,大同,49.0
20201111,22,SO2_24h,大同,73.0
20201111,22,NO2,大同,94.0
20201111,22,NO2_24h,大同,73.0
20201111,22,O3,大同,18.0
20201111,22,O3_24h,大同,76.0
20201111,22,O3_8h,大同,44.0
20201111,22,O3_8h_24h,大同,55.0
20201111,22,CO,大同,1.68
20201111,22,CO_24h,大同,1.98
20201111,23,AQI,大同,118.0
20201111,23,PM2.5,大同,89.0
20201111,23,PM2.5_24h,大同,74.0
20201111,23,PM10,大同,175.0
20201111,23,PM10_24h,大同,177.0
20201111,23,SO2,大同,59.0
20201111,23,SO2_24h,大同,73.0
20201111,23,NO2,大同,83.0
20201111,23,NO2_24h,大同,73.0
20201111,23,O3,大同,20.0
20201111,23,O3_24h,大同,77.0
20201111,23,O3_8h,大同,39.0
20201111,23,O3_8h_24h,大同,55.0
20201111,23,CO,大同,1.52
20201111,23,CO_24h,大同,2.0
20201111,0,AQI,长治,88.0
20201111,0,PM2.5,长治,65.0
20201111,0,PM2.5_24h,长治,57.0
20201111,0,PM10,长治,123.0
20201111,0,PM10_24h,长治,112.0
20201111,0,SO2,长治,15.0
20201111,0,SO2_24h,长治,21.0
20201111,0,NO2,长治,28.0
20201111,0,NO2_24h,长治,43.0
20201111,0,O3,长治,100.0
20201111,0,O3_24h,长治,127.0
20201111,0,O3_8h,长治,103.0
20201111,0,O3_8h_24h,长治,112.0
20201111,0,CO,长治,1.0
20201111,0,CO_24h,长治,1.28
20201111,1,AQI,长治,89.0
20201111,1,PM2.5,长治,66.0
20201111,1,PM2.5_24h,长治,58.0
20201111,1,PM10,长治,119.0
20201111,1,PM10_24h,长治,114.0
20201111,1,SO2,长治,13.0
20201111,1,SO2_24h,长治,20.0
20201111,1,NO2,长治,25.0
20201111,1,NO2_24h,长治,43.0
20201111,1,O3,长治,101.0
20201111,1,O3_24h,长治,127.0
20201111,1,O3_8h,长治,101.0
20201111,1,O3_8h_24h,长治,101.0
20201111,1,CO,长治,0.88
20201111,1,CO_24h,长治,1.28
20201111,2,AQI,长治,84.0
20201111,2,PM2.5,长治,62.0
20201111,2,PM2.5_24h,长治,58.0
20201111,2,PM10,长治,110.0
20201111,2,PM10_24h,长治,115.0
20201111,2,SO2,长治,12.0
20201111,2,SO2_24h,长治,20.0
20201111,2,NO2,长治,23.0
20201111,2,NO2_24h,长治,42.0
20201111,2,O3,长治,100.0
20201111,2,O3_24h,长治,127.0
20201111,2,O3_8h,长治,100.0
20201111,2,O3_8h_24h,长治,102.0
20201111,2,CO,长治,0.86
20201111,2,CO_24h,长治,1.24
20201111,3,AQI,长治,79.0
20201111,3,PM2.5,长治,54.0
20201111,3,PM2.5_24h,长治,58.0
20201111,3,PM10,长治,108.0
20201111,3,PM10_24h,长治,116.0
20201111,3,SO2,长治,12.0
20201111,3,SO2_24h,长治,20.0
20201111,3,NO2,长治,32.0
20201111,3,NO2_24h,长治,41.0
20201111,3,O3,长治,86.0
20201111,3,O3_24h,长治,127.0
20201111,3,O3_8h,长治,96.0
20201111,3,O3_8h_24h,长治,102.0
20201111,3,CO,长治,1.0
20201111,3,CO_24h,长治,1.22
20201111,4,AQI,长治,82.0
20201111,4,PM2.5,长治,57.0
20201111,4,PM2.5_24h,长治,59.0
20201111,4,PM10,长治,114.0
20201111,4,PM10_24h,长治,117.0
20201111,4,SO2,长治,12.0
20201111,4,SO2_24h,长治,20.0
20201111,4,NO2,长治,49.0
20201111,4,NO2_24h,长治,41.0
20201111,4,O3,长治,58.0
20201111,4,O3_24h,长治,127.0
20201111,4,O3_8h,长治,86.0
20201111,4,O3_8h_24h,长治,102.0
20201111,4,CO,长治,1.0
20201111,4,CO_24h,长治,1.22
20201111,5,AQI,长治,86.0
20201111,5,PM2.5,长治,61.0
20201111,5,PM2.5_24h,长治,59.0
20201111,5,PM10,长治,121.0
20201111,5,PM10_24h,长治,117.0
20201111,5,SO2,长治,10.0
20201111,5,SO2_24h,长治,19.0
20201111,5,NO2,长治,63.0
20201111,5,NO2_24h,长治,41.0
20201111,5,O3,长治,41.0
20201111,5,O3_24h,长治,127.0
20201111,5,O3_8h,长治,77.0
20201111,5,O3_8h_24h,长治,102.0
20201111,5,CO,长治,1.08
20201111,5,CO_24h,长治,1.18
20201111,6,AQI,长治,91.0
20201111,6,PM2.5,长治,60.0
20201111,6,PM2.5_24h,长治,59.0
20201111,6,PM10,长治,131.0
20201111,6,PM10_24h,长治,118.0
20201111,6,SO2,长治,13.0
20201111,6,SO2_24h,长治,18.0
20201111,6,NO2,长治,67.0
20201111,6,NO2_24h,长治,41.0
20201111,6,O3,长治,31.0
20201111,6,O3_24h,长治,127.0
20201111,6,O3_8h,长治,70.0
20201111,6,O3_8h_24h,长治,102.0
20201111,6,CO,长治,1.14
20201111,6,CO_24h,长治,1.18
20201111,8,AQI,长治,96.0
20201111,8,PM2.5,长治,72.0
20201111,8,PM2.5_24h,长治,59.0
20201111,8,PM10,长治,137.0
20201111,8,PM10_24h,长治,119.0
20201111,8,SO2,长治,17.0
20201111,8,SO2_24h,长治,18.0
20201111,8,NO2,长治,63.0
20201111,8,NO2_24h,长治,42.0
20201111,8,O3,长治,19.0
20201111,8,O3_24h,长治,127.0
20201111,8,O3_8h,长治,57.0
20201111,8,O3_8h_24h,长治,102.0
20201111,8,CO,长治,1.48
20201111,8,CO_24h,长治,1.18
20201111,10,AQI,长治,111.0
20201111,10,PM2.5,长治,83.0
20201111,10,PM2.5_24h,长治,60.0
20201111,10,PM10,长治,171.0
20201111,10,PM10_24h,长治,121.0
20201111,10,SO2,长治,18.0
20201111,10,SO2_24h,长治,17.0
20201111,10,NO2,长治,73.0
20201111,10,NO2_24h,长治,43.0
20201111,10,O3,长治,20.0
20201111,10,O3_24h,长治,127.0
20201111,10,O3_8h,长治,37.0
20201111,10,O3_8h_24h,长治,102.0
20201111,10,CO,长治,1.7
20201111,10,CO_24h,长治,1.14
20201111,11,AQI,长治,123.0
20201111,11,PM2.5,长治,93.0
20201111,11,PM2.5_24h,长治,61.0
20201111,11,PM10,长治,174.0
20201111,11,PM10_24h,长治,122.0
20201111,11,SO2,长治,25.0
20201111,11,SO2_24h,长治,17.0
20201111,11,NO2,长治,77.0
20201111,11,NO2_24h,长治,43.0
20201111,11,O3,长治,38.0
20201111,11,O3_24h,长治,127.0
20201111,11,O3_8h,长治,30.0
20201111,11,O3_8h_24h,长治,102.0
20201111,11,CO,长治,1.8
20201111,11,CO_24h,长治,1.14
20201111,12,AQI,长治,110.0
20201111,12,PM2.5,长治,83.0
20201111,12,PM2.5_24h,长治,61.0
20201111,12,PM10,长治,170.0
20201111,12,PM10_24h,长治,122.0
20201111,12,SO2,长治,31.0
20201111,12,SO2_24h,长治,17.0
20201111,12,NO2,长治,70.0
20201111,12,NO2_24h,长治,43.0
20201111,12,O3,长治,67.0
20201111,12,O3_24h,长治,127.0
20201111,12,O3_8h,长治,32.0
20201111,12,O3_8h_24h,长治,102.0
20201111,12,CO,长治,1.58
20201111,12,CO_24h,长治,1.14
20201111,13,AQI,长治,103.0
20201111,13,PM2.5,长治,76.0
20201111,13,PM2.5_24h,长治,61.0
20201111,13,PM10,长治,155.0
20201111,13,PM10_24h,长治,123.0
20201111,13,SO2,长治,24.0
20201111,13,SO2_24h,长治,17.0
20201111,13,NO2,长治,40.0
20201111,13,NO2_24h,长治,42.0
20201111,13,O3,长治,108.0
20201111,13,O3_24h,长治,127.0
20201111,13,O3_8h,长治,40.0
20201111,13,O3_8h_24h,长治,102.0
20201111,13,CO,长治,1.1
20201111,13,CO_24h,长治,1.08
20201111,14,AQI,长治,87.0
20201111,14,PM2.5,长治,57.0
20201111,14,PM2.5_24h,长治,61.0
20201111,14,PM10,长治,123.0
20201111,14,PM10_24h,长治,121.0
20201111,14,SO2,长治,12.0
20201111,14,SO2_24h,长治,16.0
20201111,14,NO2,长治,13.0
20201111,14,NO2_24h,长治,41.0
20201111,14,O3,长治,137.0
20201111,14,O3_24h,长治,137.0
20201111,14,O3_8h,长治,53.0
20201111,14,O3_8h_24h,长治,102.0
20201111,14,CO,长治,0.76
20201111,14,CO_24h,长治,1.08
20201111,15,AQI,长治,67.0
20201111,15,PM2.5,长治,35.0
20201111,15,PM2.5_24h,长治,60.0
20201111,15,PM10,长治,84.0
20201111,15,PM10_24h,长治,120.0
20201111,15,SO2,长治,12.0
20201111,15,SO2_24h,长治,16.0
20201111,15,NO2,长治,15.0
20201111,15,NO2_24h,长治,41.0
20201111,15,O3,长治,131.0
20201111,15,O3_24h,长治,137.0
20201111,15,O3_8h,长治,67.0
20201111,15,O3_8h_24h,长治,102.0
20201111,15,CO,长治,0.73
20201111,15,CO_24h,长治,1.1
20201111,16,AQI,长治,66.0
20201111,16,PM2.5,长治,35.0
20201111,16,PM2.5_24h,长治,61.0
20201111,16,PM10,长治,82.0
20201111,16,PM10_24h,长治,120.0
20201111,16,SO2,长治,10.0
20201111,16,SO2_24h,长治,16.0
20201111,16,NO2,长治,20.0
20201111,16,NO2_24h,长治,41.0
20201111,16,O3,长治,125.0
20201111,16,O3_24h,长治,137.0
20201111,16,O3_8h,长治,79.0
20201111,16,O3_8h_24h,长治,102.0
20201111,16,CO,长治,0.74
20201111,16,CO_24h,长治,1.1
20201111,17,AQI,长治,66.0
20201111,17,PM2.5,长治,35.0
20201111,17,PM2.5_24h,长治,60.0
20201111,17,PM10,长治,82.0
20201111,17,PM10_24h,长治,121.0
20201111,17,SO2,长治,12.0
20201111,17,SO2_24h,长治,16.0
20201111,17,NO2,长治,22.0
20201111,17,NO2_24h,长治,42.0
20201111,17,O3,长治,122.0
20201111,17,O3_24h,长治,137.0
20201111,17,O3_8h,长治,92.0
20201111,17,O3_8h_24h,长治,104.0
20201111,17,CO,长治,0.74
20201111,17,CO_24h,长治,1.1
20201111,18,AQI,长治,63.0
20201111,18,PM2.5,长治,31.0
20201111,18,PM2.5_24h,长治,60.0
20201111,18,PM10,长治,76.0
20201111,18,PM10_24h,长治,120.0
20201111,18,SO2,长治,14.0
20201111,18,SO2_24h,长治,16.0
20201111,18,NO2,长治,28.0
20201111,18,NO2_24h,长治,42.0
20201111,18,O3,长治,111.0
20201111,18,O3_24h,长治,137.0
20201111,18,O3_8h,长治,104.0
20201111,18,O3_8h_24h,长治,107.0
20201111,18,CO,长治,0.76
20201111,18,CO_24h,长治,1.1
20201111,19,AQI,长治,64.0
20201111,19,PM2.5,长治,35.0
20201111,19,PM2.5_24h,长治,61.0
20201111,19,PM10,长治,78.0
20201111,19,PM10_24h,长治,120.0
20201111,19,SO2,长治,14.0
20201111,19,SO2_24h,长治,16.0
20201111,19,NO2,长治,32.0
20201111,19,NO2_24h,长治,42.0
20201111,19,O3,长治,105.0
20201111,19,O3_24h,长治,137.0
20201111,19,O3_8h,长治,113.0
20201111,19,O3_8h_24h,长治,113.0
20201111,19,CO,长治,0.86
20201111,19,CO_24h,长治,1.1
20201111,20,AQI,长治,67.0
20201111,20,PM2.5,长治,42.0
20201111,20,PM2.5_24h,长治,60.0
20201111,20,PM10,长治,83.0
20201111,20,PM10_24h,长治,119.0
20201111,20,SO2,长治,13.0
20201111,20,SO2_24h,长治,16.0
20201111,20,NO2,长治,32.0
20201111,20,NO2_24h,长治,42.0
20201111,20,O3,长治,106.0
20201111,20,O3_24h,长治,137.0
20201111,20,O3_8h,长治,118.0
20201111,20,O3_8h_24h,长治,118.0
20201111,20,CO,长治,0.9
20201111,20,CO_24h,长治,1.1
20201111,21,AQI,长治,68.0
20201111,21,PM2.5,长治,44.0
20201111,21,PM2.5_24h,长治,59.0
20201111,21,PM10,长治,86.0
20201111,21,PM10_24h,长治,119.0
20201111,21,SO2,长治,16.0
20201111,21,SO2_24h,长治,16.0
20201111,21,NO2,长治,33.0
20201111,21,NO2_24h,长治,42.0
20201111,21,O3,长治,100.0
20201111,21,O3_24h,长治,137.0
20201111,21,O3_8h,长治,117.0
20201111,21,O3_8h_24h,长治,118.0
20201111,21,CO,长治,0.94
20201111,21,CO_24h,长治,1.1
20201111,22,AQI,长治,71.0
20201111,22,PM2.5,长治,50.0
20201111,22,PM2.5_24h,长治,59.0
20201111,22,PM10,长治,92.0
20201111,22,PM10_24h,长治,117.0
20201111,22,SO2,长治,16.0
20201111,22,SO2_24h,长治,15.0
20201111,22,NO2,长治,32.0
20201111,22,NO2_24h,长治,42.0
20201111,22,O3,长治,101.0
20201111,22,O3_24h,长治,137.0
20201111,22,O3_8h,长治,112.0
20201111,22,O3_8h_24h,长治,118.0
20201111,22,CO,长治,0.96
20201111,22,CO_24h,长治,1.1
20201111,23,AQI,长治,74.0
20201111,23,PM2.5,长治,54.0
20201111,23,PM2.5_24h,长治,58.0
20201111,23,PM10,长治,98.0
20201111,23,PM10_24h,长治,116.0
20201111,23,SO2,长治,15.0
20201111,23,SO2_24h,长治,15.0
20201111,23,NO2,长治,31.0
20201111,23,NO2_24h,长治,42.0
20201111,23,O3,长治,103.0
20201111,23,O3_24h,长治,137.0
20201111,23,O3_8h,长治,109.0
20201111,23,O3_8h_24h,长治,118.0
20201111,23,CO,长治,0.98
20201111,23,CO_24h,长治,1.1
20201111,0,AQI,临汾,113.0
20201111,0,PM2.5,临汾,85.0
20201111,0,PM2.5_24h,临汾,69.0
20201111,0,PM10,临汾,161.0
20201111,0,PM10_24h,临汾,139.0
20201111,0,SO2,临汾,15.0
20201111,0,SO2_24h,临汾,47.0
20201111,0,NO2,临汾,85.0
20201111,0,NO2_24h,临汾,74.0
20201111,0,O3,临汾,16.0
20201111,0,O3_24h,临汾,122.0
20201111,0,O3_8h,临汾,40.0
20201111,0,O3_8h_24h,临汾,86.0
20201111,0,CO,临汾,1.38
20201111,0,CO_24h,临汾,1.43
20201111,1,AQI,临汾,101.0
20201111,1,PM2.5,临汾,76.0
20201111,1,PM2.5_24h,临汾,69.0
20201111,1,PM10,临汾,143.0
20201111,1,PM10_24h,临汾,140.0
20201111,1,SO2,临汾,13.0
20201111,1,SO2_24h,临汾,47.0
20201111,1,NO2,临汾,73.0
20201111,1,NO2_24h,临汾,74.0
20201111,1,O3,临汾,26.0
20201111,1,O3_24h,临汾,122.0
20201111,1,O3_8h,临汾,26.0
20201111,1,O3_8h_24h,临汾,26.0
20201111,1,CO,临汾,1.18
20201111,1,CO_24h,临汾,1.43
20201111,2,AQI,临汾,100.0
20201111,2,PM2.5,临汾,75.0
20201111,2,PM2.5_24h,临汾,70.0
20201111,2,PM10,临汾,129.0
20201111,2,PM10_24h,临汾,141.0
20201111,2,SO2,临汾,11.0
20201111,2,SO2_24h,临汾,46.0
20201111,2,NO2,临汾,68.0
20201111,2,NO2_24h,临汾,73.0
20201111,2,O3,临汾,29.0
20201111,2,O3_24h,临汾,122.0
20201111,2,O3_8h,临汾,28.0
20201111,2,O3_8h_24h,临汾,29.0
20201111,2,CO,临汾,1.07
20201111,2,CO_24h,临汾,1.43
20201111,3,AQI,临汾,90.0
20201111,3,PM2.5,临汾,67.0
20201111,3,PM2.5_24h,临汾,71.0
20201111,3,PM10,临汾,122.0
20201111,3,PM10_24h,临汾,141.0
20201111,3,SO2,临汾,9.0
20201111,3,SO2_24h,临汾,46.0
20201111,3,NO2,临汾,50.0
20201111,3,NO2_24h,临汾,73.0
20201111,3,O3,临汾,45.0
20201111,3,O3_24h,临汾,122.0
20201111,3,O3_8h,临汾,34.0
20201111,3,O3_8h_24h,临汾,34.0
20201111,3,CO,临汾,0.93
20201111,3,CO_24h,临汾,1.43
20201111,4,AQI,临汾,89.0
20201111,4,PM2.5,临汾,66.0
20201111,4,PM2.5_24h,临汾,71.0
20201111,4,PM10,临汾,120.0
20201111,4,PM10_24h,临汾,141.0
20201111,4,SO2,临汾,11.0
20201111,4,SO2_24h,临汾,45.0
20201111,4,NO2,临汾,58.0
20201111,4,NO2_24h,临汾,72.0
20201111,4,O3,临汾,35.0
20201111,4,O3_24h,临汾,122.0
20201111,4,O3_8h,临汾,34.0
20201111,4,O3_8h_24h,临汾,34.0
20201111,4,CO,临汾,0.98
20201111,4,CO_24h,临汾,1.43
20201111,5,AQI,临汾,95.0
20201111,5,PM2.5,临汾,71.0
20201111,5,PM2.5_24h,临汾,72.0
20201111,5,PM10,临汾,138.0
20201111,5,PM10_24h,临汾,142.0
20201111,5,SO2,临汾,16.0
20201111,5,SO2_24h,临汾,45.0
20201111,5,NO2,临汾,80.0
20201111,5,NO2_24h,临汾,73.0
20201111,5,O3,临汾,12.0
20201111,5,O3_24h,临汾,122.0
20201111,5,O3_8h,临汾,29.0
20201111,5,O3_8h_24h,临汾,34.0
20201111,5,CO,临汾,0.98
20201111,5,CO_24h,临汾,1.43
20201111,6,AQI,临汾,98.0
20201111,6,PM2.5,临汾,73.0
20201111,6,PM2.5_24h,临汾,73.0
20201111,6,PM10,临汾,142.0
20201111,6,PM10_24h,临汾,144.0
20201111,6,SO2,临汾,15.0
20201111,6,SO2_24h,临汾,43.0
20201111,6,NO2,临汾,78.0
20201111,6,NO2_24h,临汾,73.0
20201111,6,O3,临汾,9.0
20201111,6,O3_24h,临汾,122.0
20201111,6,O3_8h,临汾,26.0
20201111,6,O3_8h_24h,临汾,34.0
20201111,6,CO,临汾,1.03
20201111,6,CO_24h,临汾,1.42
20201111,8,AQI,临汾,99.0
20201111,8,PM2.5,临汾,74.0
20201111,8,PM2.5_24h,临汾,74.0
20201111,8,PM10,临汾,140.0
20201111,8,PM10_24h,临汾,144.0
20201111,8,SO2,临汾,23.0
20201111,8,SO2_24h,临汾,39.0
20201111,8,NO2,临汾,68.0
20201111,8,NO2_24h,临汾,73.0
20201111,8,O3,临汾,11.0
20201111,8,O3_24h,临汾,122.0
20201111,8,O3_8h,临汾,22.0
20201111,8,O3_8h_24h,临汾,34.0
20201111,8,CO,临汾,1.43
20201111,8,CO_24h,临汾,1.38
20201111,10,AQI,临汾,99.0
20201111,10,PM2.5,临汾,74.0
20201111,10,PM2.5_24h,临汾,74.0
20201111,10,PM10,临汾,142.0
20201111,10,PM10_24h,临汾,144.0
20201111,10,SO2,临汾,25.0
20201111,10,SO2_24h,临汾,33.0
20201111,10,NO2,临汾,57.0
20201111,10,NO2_24h,临汾,73.0
20201111,10,O3,临汾,34.0
20201111,10,O3_24h,临汾,122.0
20201111,10,O3_8h,临汾,22.0
20201111,10,O3_8h_24h,临汾,35.0
20201111,10,CO,临汾,1.55
20201111,10,CO_24h,临汾,1.35
20201111,11,AQI,临汾,96.0
20201111,11,PM2.5,临汾,72.0
20201111,11,PM2.5_24h,临汾,74.0
20201111,11,PM10,临汾,134.0
20201111,11,PM10_24h,临汾,143.0
20201111,11,SO2,临汾,27.0
20201111,11,SO2_24h,临汾,28.0
20201111,11,NO2,临汾,50.0
20201111,11,NO2_24h,临汾,72.0
20201111,11,O3,临汾,59.0
20201111,11,O3_24h,临汾,122.0
20201111,11,O3_8h,临汾,24.0
20201111,11,O3_8h_24h,临汾,36.0
20201111,11,CO,临汾,1.3
20201111,11,CO_24h,临汾,1.33
20201111,12,AQI,临汾,87.0
20201111,12,PM2.5,临汾,64.0
20201111,12,PM2.5_24h,临汾,74.0
20201111,12,PM10,临汾,123.0
20201111,12,PM10_24h,临汾,142.0
20201111,12,SO2,临汾,24.0
20201111,12,SO2_24h,临汾,25.0
20201111,12,NO2,临汾,41.0
20201111,12,NO2_24h,临汾,71.0
20201111,12,O3,临汾,86.0
20201111,12,O3_24h,临汾,122.0
20201111,12,O3_8h,临汾,30.0
20201111,12,O3_8h_24h,临汾,37.0
20201111,12,CO,临汾,1.1
20201111,12,CO_24h,临汾,1.33
20201111,13,AQI,临汾,83.0
20201111,13,PM2.5,临汾,57.0
20201111,13,PM2.5_24h,临汾,73.0
20201111,13,PM10,临汾,115.0
20201111,13,PM10_24h,临汾,142.0
20201111,13,SO2,临汾,19.0
20201111,13,SO2_24h,临汾,23.0
20201111,13,NO2,临汾,36.0
20201111,13,NO2_24h,临汾,70.0
20201111,13,O3,临汾,108.0
20201111,13,O3_24h,临汾,122.0
20201111,13,O3_8h,临汾,42.0
20201111,13,O3_8h_24h,临汾,44.0
20201111,13,CO,临汾,0.97
20201111,13,CO_24h,临汾,1.32
20201111,14,AQI,临汾,76.0
20201111,14,PM2.5,临汾,50.0
20201111,14,PM2.5_24h,临汾,73.0
20201111,14,PM10,临汾,102.0
20201111,14,PM10_24h,临汾,141.0
20201111,14,SO2,临汾,15.0
20201111,14,SO2_24h,临汾,21.0
20201111,14,NO2,临汾,26.0
20201111,14,NO2_24h,临汾,69.0
20201111,14,O3,临汾,138.0
20201111,14,O3_24h,临汾,138.0
20201111,14,O3_8h,临汾,58.0
20201111,14,O3_8h_24h,临汾,58.0
20201111,14,CO,临汾,0.85
20201111,14,CO_24h,临汾,1.28
20201111,15,AQI,临汾,73.0
20201111,15,PM2.5,临汾,50.0
20201111,15,PM2.5_24h,临汾,73.0
20201111,15,PM10,临汾,95.0
20201111,15,PM10_24h,临汾,141.0
20201111,15,SO2,临汾,13.0
20201111,15,SO2_24h,临汾,20.0
20201111,15,NO2,临汾,25.0
20201111,15,NO2_24h,临汾,68.0
20201111,15,O3,临汾,149.0
20201111,15,O3_24h,临汾,149.0
20201111,15,O3_8h,临汾,76.0
20201111,15,O3_8h_24h,临汾,76.0
20201111,15,CO,临汾,0.83
20201111,15,CO_24h,临汾,1.27
20201111,16,AQI,临汾,73.0
20201111,16,PM2.5,临汾,49.0
20201111,16,PM2.5_24h,临汾,73.0
20201111,16,PM10,临汾,95.0
20201111,16,PM10_24h,临汾,141.0
20201111,16,SO2,临汾,13.0
20201111,16,SO2_24h,临汾,20.0
20201111,16,NO2,临汾,31.0
20201111,16,NO2_24h,临汾,67.0
20201111,16,O3,临汾,144.0
20201111,16,O3_24h,临汾,149.0
20201111,16,O3_8h,临汾,93.0
20201111,16,O3_8h_24h,临汾,93.0
20201111,16,CO,临汾,0.8
20201111,16,CO_24h,临汾,1.25
20201111,17,AQI,临汾,77.0
20201111,17,PM2.5,临汾,52.0
20201111,17,PM2.5_24h,临汾,73.0
20201111,17,PM10,临汾,103.0
20201111,17,PM10_24h,临汾,141.0
20201111,17,SO2,临汾,14.0
20201111,17,SO2_24h,临汾,19.0
20201111,17,NO2,临汾,41.0
20201111,17,NO2_24h,临汾,67.0
20201111,17,O3,临汾,131.0
20201111,17,O3_24h,临汾,149.0
20201111,17,O3_8h,临汾,106.0
20201111,17,O3_8h_24h,临汾,106.0
20201111,17,CO,临汾,0.95
20201111,17,CO_24h,临汾,1.25
20201111,18,AQI,临汾,92.0
20201111,18,PM2.5,临汾,65.0
20201111,18,PM2.5_24h,临汾,73.0
20201111,18,PM10,临汾,133.0
20201111,18,PM10_24h,临汾,141.0
20201111,18,SO2,临汾,14.0
20201111,18,SO2_24h,临汾,19.0
20201111,18,NO2,临汾,65.0
20201111,18,NO2_24h,临汾,67.0
20201111,18,O3,临汾,94.0
20201111,18,O3_24h,临汾,149.0
20201111,18,O3_8h,临汾,114.0
20201111,18,O3_8h_24h,临汾,114.0
20201111,18,CO,临汾,1.18
20201111,18,CO_24h,临汾,1.25
20201111,19,AQI,临汾,118.0
20201111,19,PM2.5,临汾,89.0
20201111,19,PM2.5_24h,临汾,73.0
20201111,19,PM10,临汾,174.0
20201111,19,PM10_24h,临汾,141.0
20201111,19,SO2,临汾,15.0
20201111,19,SO2_24h,临汾,18.0
20201111,19,NO2,临汾,92.0
20201111,19,NO2_24h,临汾,66.0
20201111,19,O3,临汾,57.0
20201111,19,O3_24h,临汾,149.0
20201111,19,O3_8h,临汾,114.0
20201111,19,O3_8h_24h,临汾,115.0
20201111,19,CO,临汾,1.73
20201111,19,CO_24h,临汾,1.25
20201111,20,AQI,临汾,141.0
20201111,20,PM2.5,临汾,108.0
20201111,20,PM2.5_24h,临汾,73.0
20201111,20,PM10,临汾,201.0
20201111,20,PM10_24h,临汾,141.0
20201111,20,SO2,临汾,14.0
20201111,20,SO2_24h,临汾,17.0
20201111,20,NO2,临汾,114.0
20201111,20,NO2_24h,临汾,66.0
20201111,20,O3,临汾,21.0
20201111,20,O3_24h,临汾,149.0
20201111,20,O3_8h,临汾,105.0
20201111,20,O3_8h_24h,临汾,115.0
20201111,20,CO,临汾,2.02
20201111,20,CO_24h,临汾,1.25
20201111,21,AQI,临汾,136.0
20201111,21,PM2.5,临汾,104.0
20201111,21,PM2.5_24h,临汾,73.0
20201111,21,PM10,临汾,198.0
20201111,21,PM10_24h,临汾,140.0
20201111,21,SO2,临汾,12.0
20201111,21,SO2_24h,临汾,17.0
20201111,21,NO2,临汾,109.0
20201111,21,NO2_24h,临汾,65.0
20201111,21,O3,临汾,12.0
20201111,21,O3_24h,临汾,149.0
20201111,21,O3_8h,临汾,95.0
20201111,21,O3_8h_24h,临汾,115.0
20201111,21,CO,临汾,1.82
20201111,21,CO_24h,临汾,1.27
20201111,22,AQI,临汾,121.0
20201111,22,PM2.5,临汾,92.0
20201111,22,PM2.5_24h,临汾,73.0
20201111,22,PM10,临汾,180.0
20201111,22,PM10_24h,临汾,139.0
20201111,22,SO2,临汾,10.0
20201111,22,SO2_24h,临汾,16.0
20201111,22,NO2,临汾,97.0
20201111,22,NO2_24h,临汾,65.0
20201111,22,O3,临汾,13.0
20201111,22,O3_24h,临汾,149.0
20201111,22,O3_8h,临汾,81.0
20201111,22,O3_8h_24h,临汾,115.0
20201111,22,CO,临汾,1.72
20201111,22,CO_24h,临汾,1.25
20201111,23,AQI,临汾,115.0
20201111,23,PM2.5,临汾,87.0
20201111,23,PM2.5_24h,临汾,73.0
20201111,23,PM10,临汾,151.0
20201111,23,PM10_24h,临汾,138.0
20201111,23,SO2,临汾,9.0
20201111,23,SO2_24h,临汾,16.0
20201111,23,NO2,临汾,82.0
20201111,23,NO2_24h,临汾,64.0
20201111,23,O3,临汾,18.0
20201111,23,O3_24h,临汾,149.0
20201111,23,O3_8h,临汾,66.0
20201111,23,O3_8h_24h,临汾,115.0
20201111,23,CO,临汾,1.48
20201111,23,CO_24h,临汾,1.25
20201111,0,AQI,阳泉,115.0
20201111,0,PM2.5,阳泉,73.0
20201111,0,PM2.5_24h,阳泉,51.0
20201111,0,PM10,阳泉,180.0
20201111,0,PM10_24h,阳泉,135.0
20201111,0,SO2,阳泉,38.0
20201111,0,SO2_24h,阳泉,39.0
20201111,0,NO2,阳泉,76.0
20201111,0,NO2_24h,阳泉,74.0
20201111,0,O3,阳泉,14.0
20201111,0,O3_24h,阳泉,45.0
20201111,0,O3_8h,阳泉,15.0
20201111,0,O3_8h_24h,阳泉,31.0
20201111,0,CO,阳泉,1.65
20201111,0,CO_24h,阳泉,1.43
20201111,1,AQI,阳泉,120.0
20201111,1,PM2.5,阳泉,73.0
20201111,1,PM2.5_24h,阳泉,53.0
20201111,1,PM10,阳泉,190.0
20201111,1,PM10_24h,阳泉,136.0
20201111,1,SO2,阳泉,34.0
20201111,1,SO2_24h,阳泉,39.0
20201111,1,NO2,阳泉,73.0
20201111,1,NO2_24h,阳泉,74.0
20201111,1,O3,阳泉,12.0
20201111,1,O3_24h,阳泉,45.0
20201111,1,O3_8h,阳泉,12.0
20201111,1,O3_8h_24h,阳泉,12.0
20201111,1,CO,阳泉,1.65
20201111,1,CO_24h,阳泉,1.47
20201111,2,AQI,阳泉,105.0
20201111,2,PM2.5,阳泉,68.0
20201111,2,PM2.5_24h,阳泉,53.0
20201111,2,PM10,阳泉,160.0
20201111,2,PM10_24h,阳泉,137.0
20201111,2,SO2,阳泉,30.0
20201111,2,SO2_24h,阳泉,39.0
20201111,2,NO2,阳泉,69.0
20201111,2,NO2_24h,阳泉,74.0
20201111,2,O3,阳泉,16.0
20201111,2,O3_24h,阳泉,46.0
20201111,2,O3_8h,阳泉,14.0
20201111,2,O3_8h_24h,阳泉,14.0
20201111,2,CO,阳泉,1.58
20201111,2,CO_24h,阳泉,1.48
20201111,3,AQI,阳泉,108.0
20201111,3,PM2.5,阳泉,71.0
20201111,3,PM2.5_24h,阳泉,54.0
20201111,3,PM10,阳泉,166.0
20201111,3,PM10_24h,阳泉,138.0
20201111,3,SO2,阳泉,29.0
20201111,3,SO2_24h,阳泉,39.0
20201111,3,NO2,阳泉,68.0
20201111,3,NO2_24h,阳泉,73.0
20201111,3,O3,阳泉,18.0
20201111,3,O3_24h,阳泉,48.0
20201111,3,O3_8h,阳泉,15.0
20201111,3,O3_8h_24h,阳泉,15.0
20201111,3,CO,阳泉,1.57
20201111,3,CO_24h,阳泉,1.5
20201111,4,AQI,阳泉,103.0
20201111,4,PM2.5,阳泉,69.0
20201111,4,PM2.5_24h,阳泉,55.0
20201111,4,PM10,阳泉,155.0
20201111,4,PM10_24h,阳泉,138.0
20201111,4,SO2,阳泉,29.0
20201111,4,SO2_24h,阳泉,39.0
20201111,4,NO2,阳泉,72.0
20201111,4,NO2_24h,阳泉,73.0
20201111,4,O3,阳泉,17.0
20201111,4,O3_24h,阳泉,48.0
20201111,4,O3_8h,阳泉,16.0
20201111,4,O3_8h_24h,阳泉,16.0
20201111,4,CO,阳泉,1.53
20201111,4,CO_24h,阳泉,1.5
20201111,5,AQI,阳泉,98.0
20201111,5,PM2.5,阳泉,68.0
20201111,5,PM2.5_24h,阳泉,56.0
20201111,5,PM10,阳泉,146.0
20201111,5,PM10_24h,阳泉,137.0
20201111,5,SO2,阳泉,35.0
20201111,5,SO2_24h,阳泉,39.0
20201111,5,NO2,阳泉,72.0
20201111,5,NO2_24h,阳泉,73.0
20201111,5,O3,阳泉,23.0
20201111,5,O3_24h,阳泉,49.0
20201111,5,O3_8h,阳泉,17.0
20201111,5,O3_8h_24h,阳泉,18.0
20201111,5,CO,阳泉,1.62
20201111,5,CO_24h,阳泉,1.5
20201111,6,AQI,阳泉,98.0
20201111,6,PM2.5,阳泉,68.0
20201111,6,PM2.5_24h,阳泉,57.0
20201111,6,PM10,阳泉,146.0
20201111,6,PM10_24h,阳泉,138.0
20201111,6,SO2,阳泉,43.0
20201111,6,SO2_24h,阳泉,40.0
20201111,6,NO2,阳泉,72.0
20201111,6,NO2_24h,阳泉,74.0
20201111,6,O3,阳泉,24.0
20201111,6,O3_24h,阳泉,49.0
20201111,6,O3_8h,阳泉,17.0
20201111,6,O3_8h_24h,阳泉,18.0
20201111,6,CO,阳泉,1.68
20201111,6,CO_24h,阳泉,1.53
20201111,8,AQI,阳泉,104.0
20201111,8,PM2.5,阳泉,74.0
20201111,8,PM2.5_24h,阳泉,59.0
20201111,8,PM10,阳泉,158.0
20201111,8,PM10_24h,阳泉,139.0
20201111,8,SO2,阳泉,45.0
20201111,8,SO2_24h,阳泉,41.0
20201111,8,NO2,阳泉,72.0
20201111,8,NO2_24h,阳泉,74.0
20201111,8,O3,阳泉,15.0
20201111,8,O3_24h,阳泉,49.0
20201111,8,O3_8h,阳泉,17.0
20201111,8,O3_8h_24h,阳泉,18.0
20201111,8,CO,阳泉,2.05
20201111,8,CO_24h,阳泉,1.58
20201111,10,AQI,阳泉,107.0
20201111,10,PM2.5,阳泉,69.0
20201111,10,PM2.5_24h,阳泉,62.0
20201111,10,PM10,阳泉,163.0
20201111,10,PM10_24h,阳泉,142.0
20201111,10,SO2,阳泉,53.0
20201111,10,SO2_24h,阳泉,42.0
20201111,10,NO2,阳泉,81.0
20201111,10,NO2_24h,阳泉,75.0
20201111,10,O3,阳泉,25.0
20201111,10,O3_24h,阳泉,49.0
20201111,10,O3_8h,阳泉,20.0
20201111,10,O3_8h_24h,阳泉,20.0
20201111,10,CO,阳泉,2.13
20201111,10,CO_24h,阳泉,1.63
20201111,11,AQI,阳泉,96.0
20201111,11,PM2.5,阳泉,63.0
20201111,11,PM2.5_24h,阳泉,63.0
20201111,11,PM10,阳泉,142.0
20201111,11,PM10_24h,阳泉,143.0
20201111,11,SO2,阳泉,46.0
20201111,11,SO2_24h,阳泉,40.0
20201111,11,NO2,阳泉,86.0
20201111,11,NO2_24h,阳泉,76.0
20201111,11,O3,阳泉,32.0
20201111,11,O3_24h,阳泉,49.0
20201111,11,O3_8h,阳泉,21.0
20201111,11,O3_8h_24h,阳泉,21.0
20201111,11,CO,阳泉,1.76
20201111,11,CO_24h,阳泉,1.65
20201111,12,AQI,阳泉,90.0
20201111,12,PM2.5,阳泉,60.0
20201111,12,PM2.5_24h,阳泉,63.0
20201111,12,PM10,阳泉,130.0
20201111,12,PM10_24h,阳泉,143.0
20201111,12,SO2,阳泉,36.0
20201111,12,SO2_24h,阳泉,39.0
20201111,12,NO2,阳泉,82.0
20201111,12,NO2_24h,阳泉,76.0
20201111,12,O3,阳泉,49.0
20201111,12,O3_24h,阳泉,54.0
20201111,12,O3_8h,阳泉,25.0
20201111,12,O3_8h_24h,阳泉,25.0
20201111,12,CO,阳泉,1.56
20201111,12,CO_24h,阳泉,1.67
20201111,13,AQI,阳泉,84.0
20201111,13,PM2.5,阳泉,55.0
20201111,13,PM2.5_24h,阳泉,64.0
20201111,13,PM10,阳泉,117.0
20201111,13,PM10_24h,阳泉,144.0
20201111,13,SO2,阳泉,27.0
20201111,13,SO2_24h,阳泉,39.0
20201111,13,NO2,阳泉,65.0
20201111,13,NO2_24h,阳泉,76.0
20201111,13,O3,阳泉,81.0
20201111,13,O3_24h,阳泉,81.0
20201111,13,O3_8h,阳泉,32.0
20201111,13,O3_8h_24h,阳泉,32.0
20201111,13,CO,阳泉,1.18
20201111,13,CO_24h,阳泉,1.65
20201111,14,AQI,阳泉,75.0
20201111,14,PM2.5,阳泉,55.0
20201111,14,PM2.5_24h,阳泉,65.0
20201111,14,PM10,阳泉,90.0
20201111,14,PM10_24h,阳泉,145.0
20201111,14,SO2,阳泉,17.0
20201111,14,SO2_24h,阳泉,37.0
20201111,14,NO2,阳泉,41.0
20201111,14,NO2_24h,阳泉,75.0
20201111,14,O3,阳泉,121.0
20201111,14,O3_24h,阳泉,121.0
20201111,14,O3_8h,阳泉,46.0
20201111,14,O3_8h_24h,阳泉,46.0
20201111,14,CO,阳泉,0.93
20201111,14,CO_24h,阳泉,1.62
20201111,15,AQI,阳泉,69.0
20201111,15,PM2.5,阳泉,49.0
20201111,15,PM2.5_24h,阳泉,65.0
20201111,15,PM10,阳泉,87.0
20201111,15,PM10_24h,阳泉,145.0
20201111,15,SO2,阳泉,11.0
20201111,15,SO2_24h,阳泉,36.0
20201111,15,NO2,阳泉,27.0
20201111,15,NO2_24h,阳泉,73.0
20201111,15,O3,阳泉,133.0
20201111,15,O3_24h,阳泉,133.0
20201111,15,O3_8h,阳泉,61.0
20201111,15,O3_8h_24h,阳泉,61.0
20201111,15,CO,阳泉,0.77
20201111,15,CO_24h,阳泉,1.58
20201111,16,AQI,阳泉,63.0
20201111,16,PM2.5,阳泉,45.0
20201111,16,PM2.5_24h,阳泉,65.0
20201111,16,PM10,阳泉,70.0
20201111,16,PM10_24h,阳泉,145.0
20201111,16,SO2,阳泉,9.0
20201111,16,SO2_24h,阳泉,34.0
20201111,16,NO2,阳泉,23.0
20201111,16,NO2_24h,阳泉,71.0
20201111,16,O3,阳泉,126.0
20201111,16,O3_24h,阳泉,133.0
20201111,16,O3_8h,阳泉,75.0
20201111,16,O3_8h_24h,阳泉,75.0
20201111,16,CO,阳泉,0.67
20201111,16,CO_24h,阳泉,1.57
20201111,17,AQI,阳泉,60.0
20201111,17,PM2.5,阳泉,41.0
20201111,17,PM2.5_24h,阳泉,65.0
20201111,17,PM10,阳泉,69.0
20201111,17,PM10_24h,阳泉,145.0
20201111,17,SO2,阳泉,10.0
20201111,17,SO2_24h,阳泉,33.0
20201111,17,NO2,阳泉,38.0
20201111,17,NO2_24h,阳泉,70.0
20201111,17,O3,阳泉,104.0
20201111,17,O3_24h,阳泉,133.0
20201111,17,O3_8h,阳泉,86.0
20201111,17,O3_8h_24h,阳泉,86.0
20201111,17,CO,阳泉,0.78
20201111,17,CO_24h,阳泉,1.55
20201111,18,AQI,阳泉,80.0
20201111,18,PM2.5,阳泉,46.0
20201111,18,PM2.5_24h,阳泉,64.0
20201111,18,PM10,阳泉,109.0
20201111,18,PM10_24h,阳泉,145.0
20201111,18,SO2,阳泉,19.0
20201111,18,SO2_24h,阳泉,33.0
20201111,18,NO2,阳泉,71.0
20201111,18,NO2_24h,阳泉,69.0
20201111,18,O3,阳泉,62.0
20201111,18,O3_24h,阳泉,133.0
20201111,18,O3_8h,阳泉,91.0
20201111,18,O3_8h_24h,阳泉,91.0
20201111,18,CO,阳泉,1.27
20201111,18,CO_24h,阳泉,1.53
20201111,19,AQI,阳泉,104.0
20201111,19,PM2.5,阳泉,74.0
20201111,19,PM2.5_24h,阳泉,65.0
20201111,19,PM10,阳泉,157.0
20201111,19,PM10_24h,阳泉,146.0
20201111,19,SO2,阳泉,23.0
20201111,19,SO2_24h,阳泉,32.0
20201111,19,NO2,阳泉,93.0
20201111,19,NO2_24h,阳泉,70.0
20201111,19,O3,阳泉,32.0
20201111,19,O3_24h,阳泉,133.0
20201111,19,O3_8h,阳泉,89.0
20201111,19,O3_8h_24h,阳泉,92.0
20201111,19,CO,阳泉,1.68
20201111,19,CO_24h,阳泉,1.55
20201111,20,AQI,阳泉,123.0
20201111,20,PM2.5,阳泉,93.0
20201111,20,PM2.5_24h,阳泉,66.0
20201111,20,PM10,阳泉,171.0
20201111,20,PM10_24h,阳泉,147.0
20201111,20,SO2,阳泉,31.0
20201111,20,SO2_24h,阳泉,32.0
20201111,20,NO2,阳泉,89.0
20201111,20,NO2_24h,阳泉,70.0
20201111,20,O3,阳泉,33.0
20201111,20,O3_24h,阳泉,133.0
20201111,20,O3_8h,阳泉,86.0
20201111,20,O3_8h_24h,阳泉,93.0
20201111,20,CO,阳泉,1.68
20201111,20,CO_24h,阳泉,1.53
20201111,21,AQI,阳泉,120.0
20201111,21,PM2.5,阳泉,91.0
20201111,21,PM2.5_24h,阳泉,66.0
20201111,21,PM10,阳泉,180.0
20201111,21,PM10_24h,阳泉,149.0
20201111,21,SO2,阳泉,33.0
20201111,21,SO2_24h,阳泉,32.0
20201111,21,NO2,阳泉,96.0
20201111,21,NO2_24h,阳泉,70.0
20201111,21,O3,阳泉,23.0
20201111,21,O3_24h,阳泉,133.0
20201111,21,O3_8h,阳泉,79.0
20201111,21,O3_8h_24h,阳泉,93.0
20201111,21,CO,阳泉,1.67
20201111,21,CO_24h,阳泉,1.53
20201111,22,AQI,阳泉,119.0
20201111,22,PM2.5,阳泉,90.0
20201111,22,PM2.5_24h,阳泉,67.0
20201111,22,PM10,阳泉,182.0
20201111,22,PM10_24h,阳泉,148.0
20201111,22,SO2,阳泉,28.0
20201111,22,SO2_24h,阳泉,31.0
20201111,22,NO2,阳泉,93.0
20201111,22,NO2_24h,阳泉,70.0
20201111,22,O3,阳泉,23.0
20201111,22,O3_24h,阳泉,133.0
20201111,22,O3_8h,阳泉,67.0
20201111,22,O3_8h_24h,阳泉,93.0
20201111,22,CO,阳泉,1.53
20201111,22,CO_24h,阳泉,1.52
20201111,23,AQI,阳泉,116.0
20201111,23,PM2.5,阳泉,88.0
20201111,23,PM2.5_24h,阳泉,68.0
20201111,23,PM10,阳泉,166.0
20201111,23,PM10_24h,阳泉,148.0
20201111,23,SO2,阳泉,24.0
20201111,23,SO2_24h,阳泉,31.0
20201111,23,NO2,阳泉,86.0
20201111,23,NO2_24h,阳泉,70.0
20201111,23,O3,阳泉,26.0
20201111,23,O3_24h,阳泉,133.0
20201111,23,O3_8h,阳泉,54.0
20201111,23,O3_8h_24h,阳泉,93.0
20201111,23,CO,阳泉,1.35
20201111,23,CO_24h,阳泉,1.5
20201111,0,AQI,赤峰,38.0
20201111,0,PM2.5,赤峰,16.0
20201111,0,PM2.5_24h,赤峰,26.0
20201111,0,PM10,赤峰,38.0
20201111,0,PM10_24h,赤峰,63.0
20201111,0,SO2,赤峰,21.0
20201111,0,SO2_24h,赤峰,18.0
20201111,0,NO2,赤峰,30.0
20201111,0,NO2_24h,赤峰,34.0
20201111,0,O3,赤峰,36.0
20201111,0,O3_24h,赤峰,73.0
20201111,0,O3_8h,赤峰,43.0
20201111,0,O3_8h_24h,赤峰,60.0
20201111,0,CO,赤峰,0.73
20201111,0,CO_24h,赤峰,0.78
20201111,1,AQI,赤峰,42.0
20201111,1,PM2.5,赤峰,16.0
20201111,1,PM2.5_24h,赤峰,25.0
20201111,1,PM10,赤峰,42.0
20201111,1,PM10_24h,赤峰,60.0
20201111,1,SO2,赤峰,19.0
20201111,1,SO2_24h,赤峰,18.0
20201111,1,NO2,赤峰,32.0
20201111,1,NO2_24h,赤峰,34.0
20201111,1,O3,赤峰,28.0
20201111,1,O3_24h,赤峰,73.0
20201111,1,O3_8h,赤峰,28.0
20201111,1,O3_8h_24h,赤峰,28.0
20201111,1,CO,赤峰,0.78
20201111,1,CO_24h,赤峰,0.75
20201111,2,AQI,赤峰,48.0
20201111,2,PM2.5,赤峰,20.0
20201111,2,PM2.5_24h,赤峰,24.0
20201111,2,PM10,赤峰,48.0
20201111,2,PM10_24h,赤峰,58.0
20201111,2,SO2,赤峰,15.0
20201111,2,SO2_24h,赤峰,18.0
20201111,2,NO2,赤峰,32.0
20201111,2,NO2_24h,赤峰,33.0
20201111,2,O3,赤峰,24.0
20201111,2,O3_24h,赤峰,73.0
20201111,2,O3_8h,赤峰,26.0
20201111,2,O3_8h_24h,赤峰,28.0
20201111,2,CO,赤峰,0.78
20201111,2,CO_24h,赤峰,0.75
20201111,3,AQI,赤峰,52.0
20201111,3,PM2.5,赤峰,23.0
20201111,3,PM2.5_24h,赤峰,24.0
20201111,3,PM10,赤峰,54.0
20201111,3,PM10_24h,赤峰,57.0
20201111,3,SO2,赤峰,16.0
20201111,3,SO2_24h,赤峰,18.0
20201111,3,NO2,赤峰,29.0
20201111,3,NO2_24h,赤峰,33.0
20201111,3,O3,赤峰,24.0
20201111,3,O3_24h,赤峰,73.0
20201111,3,O3_8h,赤峰,25.0
20201111,3,O3_8h_24h,赤峰,28.0
20201111,3,CO,赤峰,0.8
20201111,3,CO_24h,赤峰,0.72
20201111,4,AQI,赤峰,51.0
20201111,4,PM2.5,赤峰,21.0
20201111,4,PM2.5_24h,赤峰,24.0
20201111,4,PM10,赤峰,51.0
20201111,4,PM10_24h,赤峰,56.0
20201111,4,SO2,赤峰,15.0
20201111,4,SO2_24h,赤峰,18.0
20201111,4,NO2,赤峰,26.0
20201111,4,NO2_24h,赤峰,32.0
20201111,4,O3,赤峰,27.0
20201111,4,O3_24h,赤峰,73.0
20201111,4,O3_8h,赤峰,26.0
20201111,4,O3_8h_24h,赤峰,28.0
20201111,4,CO,赤峰,0.77
20201111,4,CO_24h,赤峰,0.72
20201111,5,AQI,赤峰,50.0
20201111,5,PM2.5,赤峰,20.0
20201111,5,PM2.5_24h,赤峰,24.0
20201111,5,PM10,赤峰,50.0
20201111,5,PM10_24h,赤峰,55.0
20201111,5,SO2,赤峰,15.0
20201111,5,SO2_24h,赤峰,18.0
20201111,5,NO2,赤峰,27.0
20201111,5,NO2_24h,赤峰,32.0
20201111,5,O3,赤峰,27.0
20201111,5,O3_24h,赤峰,73.0
20201111,5,O3_8h,赤峰,26.0
20201111,5,O3_8h_24h,赤峰,28.0
20201111,5,CO,赤峰,0.82
20201111,5,CO_24h,赤峰,0.72
20201111,6,AQI,赤峰,50.0
20201111,6,PM2.5,赤峰,19.0
20201111,6,PM2.5_24h,赤峰,24.0
20201111,6,PM10,赤峰,50.0
20201111,6,PM10_24h,赤峰,54.0
20201111,6,SO2,赤峰,16.0
20201111,6,SO2_24h,赤峰,18.0
20201111,6,NO2,赤峰,34.0
20201111,6,NO2_24h,赤峰,31.0
20201111,6,O3,赤峰,19.0
20201111,6,O3_24h,赤峰,73.0
20201111,6,O3_8h,赤峰,25.0
20201111,6,O3_8h_24h,赤峰,28.0
20201111,6,CO,赤峰,0.9
20201111,6,CO_24h,赤峰,0.72
20201111,8,AQI,赤峰,66.0
20201111,8,PM2.5,赤峰,35.0
20201111,8,PM2.5_24h,赤峰,24.0
20201111,8,PM10,赤峰,82.0
20201111,8,PM10_24h,赤峰,54.0
20201111,8,SO2,赤峰,23.0
20201111,8,SO2_24h,赤峰,17.0
20201111,8,NO2,赤峰,50.0
20201111,8,NO2_24h,赤峰,32.0
20201111,8,O3,赤峰,11.0
20201111,8,O3_24h,赤峰,73.0
20201111,8,O3_8h,赤峰,22.0
20201111,8,O3_8h_24h,赤峰,28.0
20201111,8,CO,赤峰,1.95
20201111,8,CO_24h,赤峰,0.78
20201111,10,AQI,赤峰,87.0
20201111,10,PM2.5,赤峰,56.0
20201111,10,PM2.5_24h,赤峰,24.0
20201111,10,PM10,赤峰,124.0
20201111,10,PM10_24h,赤峰,55.0
20201111,10,SO2,赤峰,32.0
20201111,10,SO2_24h,赤峰,18.0
20201111,10,NO2,赤峰,52.0
20201111,10,NO2_24h,赤峰,31.0
20201111,10,O3,赤峰,29.0
20201111,10,O3_24h,赤峰,73.0
20201111,10,O3_8h,赤峰,21.0
20201111,10,O3_8h_24h,赤峰,29.0
20201111,10,CO,赤峰,1.05
20201111,10,CO_24h,赤峰,0.78
20201111,11,AQI,赤峰,78.0
20201111,11,PM2.5,赤峰,53.0
20201111,11,PM2.5_24h,赤峰,25.0
20201111,11,PM10,赤峰,105.0
20201111,11,PM10_24h,赤峰,56.0
20201111,11,SO2,赤峰,25.0
20201111,11,SO2_24h,赤峰,18.0
20201111,11,NO2,赤峰,44.0
20201111,11,NO2_24h,赤峰,31.0
20201111,11,O3,赤峰,42.0
20201111,11,O3_24h,赤峰,73.0
20201111,11,O3_8h,赤峰,23.0
20201111,11,O3_8h_24h,赤峰,30.0
20201111,11,CO,赤峰,0.8
20201111,11,CO_24h,赤峰,0.78
20201111,12,AQI,赤峰,78.0
20201111,12,PM2.5,赤峰,46.0
20201111,12,PM2.5_24h,赤峰,25.0
20201111,12,PM10,赤峰,105.0
20201111,12,PM10_24h,赤峰,57.0
20201111,12,SO2,赤峰,20.0
20201111,12,SO2_24h,赤峰,18.0
20201111,12,NO2,赤峰,38.0
20201111,12,NO2_24h,赤峰,32.0
20201111,12,O3,赤峰,52.0
20201111,12,O3_24h,赤峰,73.0
20201111,12,O3_8h,赤峰,26.0
20201111,12,O3_8h_24h,赤峰,33.0
20201111,12,CO,赤峰,0.83
20201111,12,CO_24h,赤峰,0.82
20201111,13,AQI,赤峰,75.0
20201111,13,PM2.5,赤峰,48.0
20201111,13,PM2.5_24h,赤峰,25.0
20201111,13,PM10,赤峰,100.0
20201111,13,PM10_24h,赤峰,59.0
20201111,13,SO2,赤峰,17.0
20201111,13,SO2_24h,赤峰,18.0
20201111,13,NO2,赤峰,33.0
20201111,13,NO2_24h,赤峰,32.0
20201111,13,O3,赤峰,72.0
20201111,13,O3_24h,赤峰,75.0
20201111,13,O3_8h,赤峰,32.0
20201111,13,O3_8h_24h,赤峰,37.0
20201111,13,CO,赤峰,0.8
20201111,13,CO_24h,赤峰,0.82
20201111,14,AQI,赤峰,81.0
20201111,14,PM2.5,赤峰,54.0
20201111,14,PM2.5_24h,赤峰,27.0
20201111,14,PM10,赤峰,112.0
20201111,14,PM10_24h,赤峰,62.0
20201111,14,SO2,赤峰,16.0
20201111,14,SO2_24h,赤峰,18.0
20201111,14,NO2,赤峰,28.0
20201111,14,NO2_24h,赤峰,33.0
20201111,14,O3,赤峰,99.0
20201111,14,O3_24h,赤峰,99.0
20201111,14,O3_8h,赤峰,42.0
20201111,14,O3_8h_24h,赤峰,43.0
20201111,14,CO,赤峰,0.75
20201111,14,CO_24h,赤峰,0.82
20201111,15,AQI,赤峰,87.0
20201111,15,PM2.5,赤峰,62.0
20201111,15,PM2.5_24h,赤峰,29.0
20201111,15,PM10,赤峰,124.0
20201111,15,PM10_24h,赤峰,66.0
20201111,15,SO2,赤峰,18.0
20201111,15,SO2_24h,赤峰,18.0
20201111,15,NO2,赤峰,32.0
20201111,15,NO2_24h,赤峰,33.0
20201111,15,O3,赤峰,104.0
20201111,15,O3_24h,赤峰,104.0
20201111,15,O3_8h,赤峰,54.0
20201111,15,O3_8h_24h,赤峰,54.0
20201111,15,CO,赤峰,0.88
20201111,15,CO_24h,赤峰,0.88
20201111,16,AQI,赤峰,95.0
20201111,16,PM2.5,赤峰,69.0
20201111,16,PM2.5_24h,赤峰,31.0
20201111,16,PM10,赤峰,139.0
20201111,16,PM10_24h,赤峰,70.0
20201111,16,SO2,赤峰,19.0
20201111,16,SO2_24h,赤峰,19.0
20201111,16,NO2,赤峰,36.0
20201111,16,NO2_24h,赤峰,34.0
20201111,16,O3,赤峰,102.0
20201111,16,O3_24h,赤峰,106.0
20201111,16,O3_8h,赤峰,65.0
20201111,16,O3_8h_24h,赤峰,65.0
20201111,16,CO,赤峰,0.9
20201111,16,CO_24h,赤峰,0.88
20201111,17,AQI,赤峰,101.0
20201111,17,PM2.5,赤峰,76.0
20201111,17,PM2.5_24h,赤峰,34.0
20201111,17,PM10,赤峰,148.0
20201111,17,PM10_24h,赤峰,75.0
20201111,17,SO2,赤峰,20.0
20201111,17,SO2_24h,赤峰,19.0
20201111,17,NO2,赤峰,63.0
20201111,17,NO2_24h,赤峰,36.0
20201111,17,O3,赤峰,83.0
20201111,17,O3_24h,赤峰,106.0
20201111,17,O3_8h,赤峰,74.0
20201111,17,O3_8h_24h,赤峰,74.0
20201111,17,CO,赤峰,0.97
20201111,17,CO_24h,赤峰,0.9
20201111,18,AQI,赤峰,111.0
20201111,18,PM2.5,赤峰,84.0
20201111,18,PM2.5_24h,赤峰,36.0
20201111,18,PM10,赤峰,156.0
20201111,18,PM10_24h,赤峰,80.0
20201111,18,SO2,赤峰,20.0
20201111,18,SO2_24h,赤峰,20.0
20201111,18,NO2,赤峰,71.0
20201111,18,NO2_24h,赤峰,36.0
20201111,18,O3,赤峰,78.0
20201111,18,O3_24h,赤峰,106.0
20201111,18,O3_8h,赤峰,80.0
20201111,18,O3_8h_24h,赤峰,80.0
20201111,18,CO,赤峰,1.15
20201111,18,CO_24h,赤峰,0.9
20201111,19,AQI,赤峰,119.0
20201111,19,PM2.5,赤峰,90.0
20201111,19,PM2.5_24h,赤峰,40.0
20201111,19,PM10,赤峰,161.0
20201111,19,PM10_24h,赤峰,84.0
20201111,19,SO2,赤峰,22.0
20201111,19,SO2_24h,赤峰,20.0
20201111,19,NO2,赤峰,74.0
20201111,19,NO2_24h,赤峰,38.0
20201111,19,O3,赤峰,72.0
20201111,19,O3_24h,赤峰,106.0
20201111,19,O3_8h,赤峰,83.0
20201111,19,O3_8h_24h,赤峰,84.0
20201111,19,CO,赤峰,1.2
20201111,19,CO_24h,赤峰,0.9
20201111,20,AQI,赤峰,123.0
20201111,20,PM2.5,赤峰,93.0
20201111,20,PM2.5_24h,赤峰,43.0
20201111,20,PM10,赤峰,160.0
20201111,20,PM10_24h,赤峰,88.0
20201111,20,SO2,赤峰,20.0
20201111,20,SO2_24h,赤峰,20.0
20201111,20,NO2,赤峰,59.0
20201111,20,NO2_24h,赤峰,39.0
20201111,20,O3,赤峰,82.0
20201111,20,O3_24h,赤峰,106.0
20201111,20,O3_8h,赤峰,86.0
20201111,20,O3_8h_24h,赤峰,87.0
20201111,20,CO,赤峰,1.1
20201111,20,CO_24h,赤峰,0.95
20201111,21,AQI,赤峰,119.0
20201111,21,PM2.5,赤峰,90.0
20201111,21,PM2.5_24h,赤峰,45.0
20201111,21,PM10,赤峰,156.0
20201111,21,PM10_24h,赤峰,93.0
20201111,21,SO2,赤峰,18.0
20201111,21,SO2_24h,赤峰,20.0
20201111,21,NO2,赤峰,43.0
20201111,21,NO2_24h,赤峰,39.0
20201111,21,O3,赤峰,82.0
20201111,21,O3_24h,赤峰,106.0
20201111,21,O3_8h,赤峰,89.0
20201111,21,O3_8h_24h,赤峰,89.0
20201111,21,CO,赤峰,1.05
20201111,21,CO_24h,赤峰,0.98
20201111,22,AQI,赤峰,119.0
20201111,22,PM2.5,赤峰,90.0
20201111,22,PM2.5_24h,赤峰,49.0
20201111,22,PM10,赤峰,149.0
20201111,22,PM10_24h,赤峰,98.0
20201111,22,SO2,赤峰,20.0
20201111,22,SO2_24h,赤峰,20.0
20201111,22,NO2,赤峰,49.0
20201111,22,NO2_24h,赤峰,40.0
20201111,22,O3,赤峰,75.0
20201111,22,O3_24h,赤峰,106.0
20201111,22,O3_8h,赤峰,87.0
20201111,22,O3_8h_24h,赤峰,89.0
20201111,22,CO,赤峰,1.13
20201111,22,CO_24h,赤峰,0.98
20201111,23,AQI,赤峰,120.0
20201111,23,PM2.5,赤峰,91.0
20201111,23,PM2.5_24h,赤峰,51.0
20201111,23,PM10,赤峰,150.0
20201111,23,PM10_24h,赤峰,103.0
20201111,23,SO2,赤峰,27.0
20201111,23,SO2_24h,赤峰,20.0
20201111,23,NO2,赤峰,43.0
20201111,23,NO2_24h,赤峰,41.0
20201111,23,O3,赤峰,87.0
20201111,23,O3_24h,赤峰,106.0
20201111,23,O3_8h,赤峰,85.0
20201111,23,O3_8h_24h,赤峰,89.0
20201111,23,CO,赤峰,1.33
20201111,23,CO_24h,赤峰,0.98
20201111,0,AQI,鞍山,56.0
20201111,0,PM2.5,鞍山,26.0
20201111,0,PM2.5_24h,鞍山,29.0
20201111,0,PM10,鞍山,61.0
20201111,0,PM10_24h,鞍山,62.0
20201111,0,SO2,鞍山,16.0
20201111,0,SO2_24h,鞍山,19.0
20201111,0,NO2,鞍山,29.0
20201111,0,NO2_24h,鞍山,41.0
20201111,0,O3,鞍山,43.0
20201111,0,O3_24h,鞍山,62.0
20201111,0,O3_8h,鞍山,22.0
20201111,0,O3_8h_24h,鞍山,47.0
20201111,0,CO,鞍山,1.07
20201111,0,CO_24h,鞍山,1.22
20201111,1,AQI,鞍山,57.0
20201111,1,PM2.5,鞍山,28.0
20201111,1,PM2.5_24h,鞍山,30.0
20201111,1,PM10,鞍山,64.0
20201111,1,PM10_24h,鞍山,63.0
20201111,1,SO2,鞍山,15.0
20201111,1,SO2_24h,鞍山,20.0
20201111,1,NO2,鞍山,26.0
20201111,1,NO2_24h,鞍山,41.0
20201111,1,O3,鞍山,45.0
20201111,1,O3_24h,鞍山,62.0
20201111,1,O3_8h,鞍山,45.0
20201111,1,O3_8h_24h,鞍山,45.0
20201111,1,CO,鞍山,1.1
20201111,1,CO_24h,鞍山,1.27
20201111,2,AQI,鞍山,66.0
20201111,2,PM2.5,鞍山,44.0
20201111,2,PM2.5_24h,鞍山,31.0
20201111,2,PM10,鞍山,82.0
20201111,2,PM10_24h,鞍山,64.0
20201111,2,SO2,鞍山,17.0
20201111,2,SO2_24h,鞍山,20.0
20201111,2,NO2,鞍山,26.0
20201111,2,NO2_24h,鞍山,41.0
20201111,2,O3,鞍山,47.0
20201111,2,O3_24h,鞍山,62.0
20201111,2,O3_8h,鞍山,46.0
20201111,2,O3_8h_24h,鞍山,46.0
20201111,2,CO,鞍山,1.25
20201111,2,CO_24h,鞍山,1.28
20201111,3,AQI,鞍山,69.0
20201111,3,PM2.5,鞍山,49.0
20201111,3,PM2.5_24h,鞍山,32.0
20201111,3,PM10,鞍山,87.0
20201111,3,PM10_24h,鞍山,66.0
20201111,3,SO2,鞍山,17.0
20201111,3,SO2_24h,鞍山,20.0
20201111,3,NO2,鞍山,26.0
20201111,3,NO2_24h,鞍山,42.0
20201111,3,O3,鞍山,50.0
20201111,3,O3_24h,鞍山,62.0
20201111,3,O3_8h,鞍山,48.0
20201111,3,O3_8h_24h,鞍山,48.0
20201111,3,CO,鞍山,1.22
20201111,3,CO_24h,鞍山,1.3
20201111,4,AQI,鞍山,68.0
20201111,4,PM2.5,鞍山,48.0
20201111,4,PM2.5_24h,鞍山,34.0
20201111,4,PM10,鞍山,86.0
20201111,4,PM10_24h,鞍山,68.0
20201111,4,SO2,鞍山,16.0
20201111,4,SO2_24h,鞍山,20.0
20201111,4,NO2,鞍山,23.0
20201111,4,NO2_24h,鞍山,42.0
20201111,4,O3,鞍山,55.0
20201111,4,O3_24h,鞍山,62.0
20201111,4,O3_8h,鞍山,50.0
20201111,4,O3_8h_24h,鞍山,50.0
20201111,4,CO,鞍山,1.18
20201111,4,CO_24h,鞍山,1.32
20201111,5,AQI,鞍山,69.0
20201111,5,PM2.5,鞍山,50.0
20201111,5,PM2.5_24h,鞍山,35.0
20201111,5,PM10,鞍山,87.0
20201111,5,PM10_24h,鞍山,71.0
20201111,5,SO2,鞍山,17.0
20201111,5,SO2_24h,鞍山,21.0
20201111,5,NO2,鞍山,24.0
20201111,5,NO2_24h,鞍山,42.0
20201111,5,O3,鞍山,56.0
20201111,5,O3_24h,鞍山,64.0
20201111,5,O3_8h,鞍山,51.0
20201111,5,O3_8h_24h,鞍山,51.0
20201111,5,CO,鞍山,1.2
20201111,5,CO_24h,鞍山,1.35
20201111,6,AQI,鞍山,71.0
20201111,6,PM2.5,鞍山,52.0
20201111,6,PM2.5_24h,鞍山,37.0
20201111,6,PM10,鞍山,89.0
20201111,6,PM10_24h,鞍山,73.0
20201111,6,SO2,鞍山,17.0
20201111,6,SO2_24h,鞍山,21.0
20201111,6,NO2,鞍山,27.0
20201111,6,NO2_24h,鞍山,42.0
20201111,6,O3,鞍山,50.0
20201111,6,O3_24h,鞍山,64.0
20201111,6,O3_8h,鞍山,51.0
20201111,6,O3_8h_24h,鞍山,51.0
20201111,6,CO,鞍山,1.13
20201111,6,CO_24h,鞍山,1.35
20201111,8,AQI,鞍山,79.0
20201111,8,PM2.5,鞍山,58.0
20201111,8,PM2.5_24h,鞍山,39.0
20201111,8,PM10,鞍山,97.0
20201111,8,PM10_24h,鞍山,76.0
20201111,8,SO2,鞍山,20.0
20201111,8,SO2_24h,鞍山,21.0
20201111,8,NO2,鞍山,38.0
20201111,8,NO2_24h,鞍山,42.0
20201111,8,O3,鞍山,47.0
20201111,8,O3_24h,鞍山,64.0
20201111,8,O3_8h,鞍山,49.0
20201111,8,O3_8h_24h,鞍山,51.0
20201111,8,CO,鞍山,1.22
20201111,8,CO_24h,鞍山,1.37
20201111,10,AQI,鞍山,70.0
20201111,10,PM2.5,鞍山,46.0
20201111,10,PM2.5_24h,鞍山,42.0
20201111,10,PM10,鞍山,89.0
20201111,10,PM10_24h,鞍山,79.0
20201111,10,SO2,鞍山,18.0
20201111,10,SO2_24h,鞍山,22.0
20201111,10,NO2,鞍山,26.0
20201111,10,NO2_24h,鞍山,40.0
20201111,10,O3,鞍山,69.0
20201111,10,O3_24h,鞍山,69.0
20201111,10,O3_8h,鞍山,54.0
20201111,10,O3_8h_24h,鞍山,54.0
20201111,10,CO,鞍山,0.93
20201111,10,CO_24h,鞍山,1.33
20201111,11,AQI,鞍山,72.0
20201111,11,PM2.5,鞍山,47.0
20201111,11,PM2.5_24h,鞍山,43.0
20201111,11,PM10,鞍山,94.0
20201111,11,PM10_24h,鞍山,81.0
20201111,11,SO2,鞍山,19.0
20201111,11,SO2_24h,鞍山,22.0
20201111,11,NO2,鞍山,25.0
20201111,11,NO2_24h,鞍山,40.0
20201111,11,O3,鞍山,76.0
20201111,11,O3_24h,鞍山,76.0
20201111,11,O3_8h,鞍山,57.0
20201111,11,O3_8h_24h,鞍山,57.0
20201111,11,CO,鞍山,1.0
20201111,11,CO_24h,鞍山,1.32
20201111,12,AQI,鞍山,76.0
20201111,12,PM2.5,鞍山,51.0
20201111,12,PM2.5_24h,鞍山,44.0
20201111,12,PM10,鞍山,102.0
20201111,12,PM10_24h,鞍山,83.0
20201111,12,SO2,鞍山,21.0
20201111,12,SO2_24h,鞍山,22.0
20201111,12,NO2,鞍山,28.0
20201111,12,NO2_24h,鞍山,41.0
20201111,12,O3,鞍山,83.0
20201111,12,O3_24h,鞍山,83.0
20201111,12,O3_8h,鞍山,61.0
20201111,12,O3_8h_24h,鞍山,61.0
20201111,12,CO,鞍山,1.13
20201111,12,CO_24h,鞍山,1.32
20201111,13,AQI,鞍山,91.0
20201111,13,PM2.5,鞍山,68.0
20201111,13,PM2.5_24h,鞍山,46.0
20201111,13,PM10,鞍山,128.0
20201111,13,PM10_24h,鞍山,86.0
20201111,13,SO2,鞍山,26.0
20201111,13,SO2_24h,鞍山,22.0
20201111,13,NO2,鞍山,30.0
20201111,13,NO2_24h,鞍山,41.0
20201111,13,O3,鞍山,100.0
20201111,13,O3_24h,鞍山,100.0
20201111,13,O3_8h,鞍山,66.0
20201111,13,O3_8h_24h,鞍山,66.0
20201111,13,CO,鞍山,1.05
20201111,13,CO_24h,鞍山,1.33
20201111,14,AQI,鞍山,89.0
20201111,14,PM2.5,鞍山,65.0
20201111,14,PM2.5_24h,鞍山,48.0
20201111,14,PM10,鞍山,127.0
20201111,14,PM10_24h,鞍山,89.0
20201111,14,SO2,鞍山,25.0
20201111,14,SO2_24h,鞍山,22.0
20201111,14,NO2,鞍山,30.0
20201111,14,NO2_24h,鞍山,41.0
20201111,14,O3,鞍山,108.0
20201111,14,O3_24h,鞍山,108.0
20201111,14,O3_8h,鞍山,74.0
20201111,14,O3_8h_24h,鞍山,74.0
20201111,14,CO,鞍山,0.98
20201111,14,CO_24h,鞍山,1.33
20201111,15,AQI,鞍山,85.0
20201111,15,PM2.5,鞍山,59.0
20201111,15,PM2.5_24h,鞍山,50.0
20201111,15,PM10,鞍山,120.0
20201111,15,PM10_24h,鞍山,92.0
20201111,15,SO2,鞍山,22.0
20201111,15,SO2_24h,鞍山,22.0
20201111,15,NO2,鞍山,30.0
20201111,15,NO2_24h,鞍山,41.0
20201111,15,O3,鞍山,111.0
20201111,15,O3_24h,鞍山,111.0
20201111,15,O3_8h,鞍山,82.0
20201111,15,O3_8h_24h,鞍山,82.0
20201111,15,CO,鞍山,0.92
20201111,15,CO_24h,鞍山,1.32
20201111,16,AQI,鞍山,79.0
20201111,16,PM2.5,鞍山,52.0
20201111,16,PM2.5_24h,鞍山,50.0
20201111,16,PM10,鞍山,107.0
20201111,16,PM10_24h,鞍山,93.0
20201111,16,SO2,鞍山,18.0
20201111,16,SO2_24h,鞍山,22.0
20201111,16,NO2,鞍山,28.0
20201111,16,NO2_24h,鞍山,40.0
20201111,16,O3,鞍山,104.0
20201111,16,O3_24h,鞍山,111.0
20201111,16,O3_8h,鞍山,89.0
20201111,16,O3_8h_24h,鞍山,89.0
20201111,16,CO,鞍山,0.9
20201111,16,CO_24h,鞍山,1.32
20201111,17,AQI,鞍山,72.0
20201111,17,PM2.5,鞍山,45.0
20201111,17,PM2.5_24h,鞍山,50.0
20201111,17,PM10,鞍山,93.0
20201111,17,PM10_24h,鞍山,94.0
20201111,17,SO2,鞍山,18.0
20201111,17,SO2_24h,鞍山,21.0
20201111,17,NO2,鞍山,36.0
20201111,17,NO2_24h,鞍山,38.0
20201111,17,O3,鞍山,75.0
20201111,17,O3_24h,鞍山,111.0
20201111,17,O3_8h,鞍山,91.0
20201111,17,O3_8h_24h,鞍山,91.0
20201111,17,CO,鞍山,1.02
20201111,17,CO_24h,鞍山,1.28
20201111,18,AQI,鞍山,69.0
20201111,18,PM2.5,鞍山,42.0
20201111,18,PM2.5_24h,鞍山,49.0
20201111,18,PM10,鞍山,87.0
20201111,18,PM10_24h,鞍山,93.0
20201111,18,SO2,鞍山,17.0
20201111,18,SO2_24h,鞍山,21.0
20201111,18,NO2,鞍山,39.0
20201111,18,NO2_24h,鞍山,36.0
20201111,18,O3,鞍山,64.0
20201111,18,O3_24h,鞍山,111.0
20201111,18,O3_8h,鞍山,90.0
20201111,18,O3_8h_24h,鞍山,91.0
20201111,18,CO,鞍山,1.1
20201111,18,CO_24h,鞍山,1.23
20201111,19,AQI,鞍山,67.0
20201111,19,PM2.5,鞍山,40.0
20201111,19,PM2.5_24h,鞍山,48.0
20201111,19,PM10,鞍山,83.0
20201111,19,PM10_24h,鞍山,92.0
20201111,19,SO2,鞍山,16.0
20201111,19,SO2_24h,鞍山,20.0
20201111,19,NO2,鞍山,32.0
20201111,19,NO2_24h,鞍山,34.0
20201111,19,O3,鞍山,71.0
20201111,19,O3_24h,鞍山,111.0
20201111,19,O3_8h,鞍山,89.0
20201111,19,O3_8h_24h,鞍山,91.0
20201111,19,CO,鞍山,1.15
20201111,19,CO_24h,鞍山,1.2
20201111,20,AQI,鞍山,66.0
20201111,20,PM2.5,鞍山,40.0
20201111,20,PM2.5_24h,鞍山,47.0
20201111,20,PM10,鞍山,82.0
20201111,20,PM10_24h,鞍山,91.0
20201111,20,SO2,鞍山,16.0
20201111,20,SO2_24h,鞍山,19.0
20201111,20,NO2,鞍山,29.0
20201111,20,NO2_24h,鞍山,32.0
20201111,20,O3,鞍山,75.0
20201111,20,O3_24h,鞍山,111.0
20201111,20,O3_8h,鞍山,88.0
20201111,20,O3_8h_24h,鞍山,91.0
20201111,20,CO,鞍山,0.97
20201111,20,CO_24h,鞍山,1.13
20201111,21,AQI,鞍山,69.0
20201111,21,PM2.5,鞍山,44.0
20201111,21,PM2.5_24h,鞍山,47.0
20201111,21,PM10,鞍山,87.0
20201111,21,PM10_24h,鞍山,91.0
20201111,21,SO2,鞍山,15.0
20201111,21,SO2_24h,鞍山,18.0
20201111,21,NO2,鞍山,26.0
20201111,21,NO2_24h,鞍山,30.0
20201111,21,O3,鞍山,81.0
20201111,21,O3_24h,鞍山,111.0
20201111,21,O3_8h,鞍山,86.0
20201111,21,O3_8h_24h,鞍山,91.0
20201111,21,CO,鞍山,0.92
20201111,21,CO_24h,鞍山,1.1
20201111,22,AQI,鞍山,71.0
20201111,22,PM2.5,鞍山,49.0
20201111,22,PM2.5_24h,鞍山,48.0
20201111,22,PM10,鞍山,92.0
20201111,22,PM10_24h,鞍山,92.0
20201111,22,SO2,鞍山,15.0
20201111,22,SO2_24h,鞍山,18.0
20201111,22,NO2,鞍山,23.0
20201111,22,NO2_24h,鞍山,29.0
20201111,22,O3,鞍山,89.0
20201111,22,O3_24h,鞍山,111.0
20201111,22,O3_8h,鞍山,83.0
20201111,22,O3_8h_24h,鞍山,91.0
20201111,22,CO,鞍山,0.98
20201111,22,CO_24h,鞍山,1.07
20201111,23,AQI,鞍山,72.0
20201111,23,PM2.5,鞍山,52.0
20201111,23,PM2.5_24h,鞍山,49.0
20201111,23,PM10,鞍山,94.0
20201111,23,PM10_24h,鞍山,93.0
20201111,23,SO2,鞍山,17.0
20201111,23,SO2_24h,鞍山,18.0
20201111,23,NO2,鞍山,26.0
20201111,23,NO2_24h,鞍山,29.0
20201111,23,O3,鞍山,90.0
20201111,23,O3_24h,鞍山,111.0
20201111,23,O3_8h,鞍山,81.0
20201111,23,O3_8h_24h,鞍山,91.0
20201111,23,CO,鞍山,1.12
20201111,23,CO_24h,鞍山,1.08
20201111,0,AQI,抚顺,131.0
20201111,0,PM2.5,抚顺,100.0
20201111,0,PM2.5_24h,抚顺,60.0
20201111,0,PM10,抚顺,162.0
20201111,0,PM10_24h,抚顺,100.0
20201111,0,SO2,抚顺,21.0
20201111,0,SO2_24h,抚顺,26.0
20201111,0,NO2,抚顺,53.0
20201111,0,NO2_24h,抚顺,44.0
20201111,0,O3,抚顺,9.0
20201111,0,O3_24h,抚顺,61.0
20201111,0,O3_8h,抚顺,14.0
20201111,0,O3_8h_24h,抚顺,45.0
20201111,0,CO,抚顺,1.57
20201111,0,CO_24h,抚顺,1.17
20201111,1,AQI,抚顺,133.0
20201111,1,PM2.5,抚顺,101.0
20201111,1,PM2.5_24h,抚顺,61.0
20201111,1,PM10,抚顺,156.0
20201111,1,PM10_24h,抚顺,103.0
20201111,1,SO2,抚顺,20.0
20201111,1,SO2_24h,抚顺,26.0
20201111,1,NO2,抚顺,50.0
20201111,1,NO2_24h,抚顺,44.0
20201111,1,O3,抚顺,9.0
20201111,1,O3_24h,抚顺,61.0
20201111,1,O3_8h,抚顺,9.0
20201111,1,O3_8h_24h,抚顺,9.0
20201111,1,CO,抚顺,1.5
20201111,1,CO_24h,抚顺,1.18
20201111,2,AQI,抚顺,120.0
20201111,2,PM2.5,抚顺,91.0
20201111,2,PM2.5_24h,抚顺,63.0
20201111,2,PM10,抚顺,149.0
20201111,2,PM10_24h,抚顺,105.0
20201111,2,SO2,抚顺,19.0
20201111,2,SO2_24h,抚顺,26.0
20201111,2,NO2,抚顺,47.0
20201111,2,NO2_24h,抚顺,44.0
20201111,2,O3,抚顺,9.0
20201111,2,O3_24h,抚顺,61.0
20201111,2,O3_8h,抚顺,9.0
20201111,2,O3_8h_24h,抚顺,9.0
20201111,2,CO,抚顺,1.52
20201111,2,CO_24h,抚顺,1.2
20201111,3,AQI,抚顺,101.0
20201111,3,PM2.5,抚顺,76.0
20201111,3,PM2.5_24h,抚顺,64.0
20201111,3,PM10,抚顺,128.0
20201111,3,PM10_24h,抚顺,107.0
20201111,3,SO2,抚顺,21.0
20201111,3,SO2_24h,抚顺,26.0
20201111,3,NO2,抚顺,45.0
20201111,3,NO2_24h,抚顺,45.0
20201111,3,O3,抚顺,8.0
20201111,3,O3_24h,抚顺,61.0
20201111,3,O3_8h,抚顺,9.0
20201111,3,O3_8h_24h,抚顺,9.0
20201111,3,CO,抚顺,1.58
20201111,3,CO_24h,抚顺,1.22
20201111,4,AQI,抚顺,95.0
20201111,4,PM2.5,抚顺,71.0
20201111,4,PM2.5_24h,抚顺,65.0
20201111,4,PM10,抚顺,108.0
20201111,4,PM10_24h,抚顺,108.0
20201111,4,SO2,抚顺,20.0
20201111,4,SO2_24h,抚顺,27.0
20201111,4,NO2,抚顺,42.0
20201111,4,NO2_24h,抚顺,45.0
20201111,4,O3,抚顺,10.0
20201111,4,O3_24h,抚顺,61.0
20201111,4,O3_8h,抚顺,9.0
20201111,4,O3_8h_24h,抚顺,10.0
20201111,4,CO,抚顺,1.72
20201111,4,CO_24h,抚顺,1.27
20201111,5,AQI,抚顺,86.0
20201111,5,PM2.5,抚顺,64.0
20201111,5,PM2.5_24h,抚顺,65.0
20201111,5,PM10,抚顺,97.0
20201111,5,PM10_24h,抚顺,108.0
20201111,5,SO2,抚顺,22.0
20201111,5,SO2_24h,抚顺,27.0
20201111,5,NO2,抚顺,40.0
20201111,5,NO2_24h,抚顺,45.0
20201111,5,O3,抚顺,11.0
20201111,5,O3_24h,抚顺,61.0
20201111,5,O3_8h,抚顺,9.0
20201111,5,O3_8h_24h,抚顺,10.0
20201111,5,CO,抚顺,1.65
20201111,5,CO_24h,抚顺,1.32
20201111,6,AQI,抚顺,81.0
20201111,6,PM2.5,抚顺,60.0
20201111,6,PM2.5_24h,抚顺,65.0
20201111,6,PM10,抚顺,89.0
20201111,6,PM10_24h,抚顺,109.0
20201111,6,SO2,抚顺,21.0
20201111,6,SO2_24h,抚顺,27.0
20201111,6,NO2,抚顺,39.0
20201111,6,NO2_24h,抚顺,45.0
20201111,6,O3,抚顺,12.0
20201111,6,O3_24h,抚顺,61.0
20201111,6,O3_8h,抚顺,10.0
20201111,6,O3_8h_24h,抚顺,11.0
20201111,6,CO,抚顺,1.75
20201111,6,CO_24h,抚顺,1.37
20201111,7,AQI,抚顺,85.0
20201111,7,PM2.5,抚顺,63.0
20201111,7,PM2.5_24h,抚顺,73.0
20201111,7,PM10,抚顺,88.0
20201111,7,PM10_24h,抚顺,122.0
20201111,7,SO2,抚顺,15.0
20201111,7,SO2_24h,抚顺,23.0
20201111,7,NO2,抚顺,43.0
20201111,7,NO2_24h,抚顺,47.0
20201111,7,O3,抚顺,7.0
20201111,7,O3_24h,抚顺,55.0
20201111,7,O3_8h,抚顺,7.0
20201111,7,O3_8h_24h,抚顺,8.0
20201111,7,CO,抚顺,0.97
20201111,7,CO_24h,抚顺,1.27
20201111,8,AQI,抚顺,86.0
20201111,8,PM2.5,抚顺,64.0
20201111,8,PM2.5_24h,抚顺,66.0
20201111,8,PM10,抚顺,92.0
20201111,8,PM10_24h,抚顺,109.0
20201111,8,SO2,抚顺,23.0
20201111,8,SO2_24h,抚顺,27.0
20201111,8,NO2,抚顺,41.0
20201111,8,NO2_24h,抚顺,46.0
20201111,8,O3,抚顺,15.0
20201111,8,O3_24h,抚顺,61.0
20201111,8,O3_8h,抚顺,11.0
20201111,8,O3_8h_24h,抚顺,11.0
20201111,8,CO,抚顺,1.73
20201111,8,CO_24h,抚顺,1.4
20201111,10,AQI,抚顺,80.0
20201111,10,PM2.5,抚顺,59.0
20201111,10,PM2.5_24h,抚顺,67.0
20201111,10,PM10,抚顺,92.0
20201111,10,PM10_24h,抚顺,110.0
20201111,10,SO2,抚顺,22.0
20201111,10,SO2_24h,抚顺,27.0
20201111,10,NO2,抚顺,43.0
20201111,10,NO2_24h,抚顺,46.0
20201111,10,O3,抚顺,29.0
20201111,10,O3_24h,抚顺,61.0
20201111,10,O3_8h,抚顺,15.0
20201111,10,O3_8h_24h,抚顺,15.0
20201111,10,CO,抚顺,1.0
20201111,10,CO_24h,抚顺,1.38
20201111,11,AQI,抚顺,86.0
20201111,11,PM2.5,抚顺,64.0
20201111,11,PM2.5_24h,抚顺,68.0
20201111,11,PM10,抚顺,91.0
20201111,11,PM10_24h,抚顺,110.0
20201111,11,SO2,抚顺,30.0
20201111,11,SO2_24h,抚顺,27.0
20201111,11,NO2,抚顺,34.0
20201111,11,NO2_24h,抚顺,46.0
20201111,11,O3,抚顺,53.0
20201111,11,O3_24h,抚顺,62.0
20201111,11,O3_8h,抚顺,20.0
20201111,11,O3_8h_24h,抚顺,20.0
20201111,11,CO,抚顺,0.88
20201111,11,CO_24h,抚顺,1.37
20201111,12,AQI,抚顺,99.0
20201111,12,PM2.5,抚顺,74.0
20201111,12,PM2.5_24h,抚顺,70.0
20201111,12,PM10,抚顺,107.0
20201111,12,PM10_24h,抚顺,112.0
20201111,12,SO2,抚顺,29.0
20201111,12,SO2_24h,抚顺,28.0
20201111,12,NO2,抚顺,30.0
20201111,12,NO2_24h,抚顺,46.0
20201111,12,O3,抚顺,77.0
20201111,12,O3_24h,抚顺,73.0
20201111,12,O3_8h,抚顺,28.0
20201111,12,O3_8h_24h,抚顺,28.0
20201111,12,CO,抚顺,0.92
20201111,12,CO_24h,抚顺,1.38
20201111,13,AQI,抚顺,104.0
20201111,13,PM2.5,抚顺,78.0
20201111,13,PM2.5_24h,抚顺,72.0
20201111,13,PM10,抚顺,126.0
20201111,13,PM10_24h,抚顺,114.0
20201111,13,SO2,抚顺,28.0
20201111,13,SO2_24h,抚顺,27.0
20201111,13,NO2,抚顺,28.0
20201111,13,NO2_24h,抚顺,46.0
20201111,13,O3,抚顺,92.0
20201111,13,O3_24h,抚顺,92.0
20201111,13,O3_8h,抚顺,38.0
20201111,13,O3_8h_24h,抚顺,38.0
20201111,13,CO,抚顺,0.97
20201111,13,CO_24h,抚顺,1.38
20201111,14,AQI,抚顺,96.0
20201111,14,PM2.5,抚顺,72.0
20201111,14,PM2.5_24h,抚顺,73.0
20201111,14,PM10,抚顺,141.0
20201111,14,PM10_24h,抚顺,117.0
20201111,14,SO2,抚顺,27.0
20201111,14,SO2_24h,抚顺,27.0
20201111,14,NO2,抚顺,27.0
20201111,14,NO2_24h,抚顺,46.0
20201111,14,O3,抚顺,102.0
20201111,14,O3_24h,抚顺,102.0
20201111,14,O3_8h,抚顺,50.0
20201111,14,O3_8h_24h,抚顺,50.0
20201111,14,CO,抚顺,0.9
20201111,14,CO_24h,抚顺,1.38
20201111,15,AQI,抚顺,92.0
20201111,15,PM2.5,抚顺,63.0
20201111,15,PM2.5_24h,抚顺,75.0
20201111,15,PM10,抚顺,133.0
20201111,15,PM10_24h,抚顺,120.0
20201111,15,SO2,抚顺,28.0
20201111,15,SO2_24h,抚顺,27.0
20201111,15,NO2,抚顺,30.0
20201111,15,NO2_24h,抚顺,46.0
20201111,15,O3,抚顺,99.0
20201111,15,O3_24h,抚顺,102.0
20201111,15,O3_8h,抚顺,61.0
20201111,15,O3_8h_24h,抚顺,61.0
20201111,15,CO,抚顺,0.93
20201111,15,CO_24h,抚顺,1.38
20201111,16,AQI,抚顺,85.0
20201111,16,PM2.5,抚顺,56.0
20201111,16,PM2.5_24h,抚顺,76.0
20201111,16,PM10,抚顺,119.0
20201111,16,PM10_24h,抚顺,122.0
20201111,16,SO2,抚顺,27.0
20201111,16,SO2_24h,抚顺,27.0
20201111,16,NO2,抚顺,32.0
20201111,16,NO2_24h,抚顺,45.0
20201111,16,O3,抚顺,89.0
20201111,16,O3_24h,抚顺,102.0
20201111,16,O3_8h,抚顺,70.0
20201111,16,O3_8h_24h,抚顺,70.0
20201111,16,CO,抚顺,0.9
20201111,16,CO_24h,抚顺,1.38
20201111,17,AQI,抚顺,77.0
20201111,17,PM2.5,抚顺,53.0
20201111,17,PM2.5_24h,抚顺,77.0
20201111,17,PM10,抚顺,104.0
20201111,17,PM10_24h,抚顺,125.0
20201111,17,SO2,抚顺,26.0
20201111,17,SO2_24h,抚顺,26.0
20201111,17,NO2,抚顺,34.0
20201111,17,NO2_24h,抚顺,44.0
20201111,17,O3,抚顺,77.0
20201111,17,O3_24h,抚顺,102.0
20201111,17,O3_8h,抚顺,77.0
20201111,17,O3_8h_24h,抚顺,77.0
20201111,17,CO,抚顺,0.85
20201111,17,CO_24h,抚顺,1.38
20201111,18,AQI,抚顺,73.0
20201111,18,PM2.5,抚顺,48.0
20201111,18,PM2.5_24h,抚顺,77.0
20201111,18,PM10,抚顺,96.0
20201111,18,PM10_24h,抚顺,125.0
20201111,18,SO2,抚顺,25.0
20201111,18,SO2_24h,抚顺,26.0
20201111,18,NO2,抚顺,34.0
20201111,18,NO2_24h,抚顺,43.0
20201111,18,O3,抚顺,67.0
20201111,18,O3_24h,抚顺,102.0
20201111,18,O3_8h,抚顺,82.0
20201111,18,O3_8h_24h,抚顺,82.0
20201111,18,CO,抚顺,0.77
20201111,18,CO_24h,抚顺,1.38
20201111,19,AQI,抚顺,65.0
20201111,19,PM2.5,抚顺,44.0
20201111,19,PM2.5_24h,抚顺,75.0
20201111,19,PM10,抚顺,80.0
20201111,19,PM10_24h,抚顺,123.0
20201111,19,SO2,抚顺,23.0
20201111,19,SO2_24h,抚顺,26.0
20201111,19,NO2,抚顺,32.0
20201111,19,NO2_24h,抚顺,42.0
20201111,19,O3,抚顺,64.0
20201111,19,O3_24h,抚顺,102.0
20201111,19,O3_8h,抚顺,83.0
20201111,19,O3_8h_24h,抚顺,83.0
20201111,19,CO,抚顺,0.73
20201111,19,CO_24h,抚顺,1.33
20201111,20,AQI,抚顺,68.0
20201111,20,PM2.5,抚顺,49.0
20201111,20,PM2.5_24h,抚顺,73.0
20201111,20,PM10,抚顺,77.0
20201111,20,PM10_24h,抚顺,120.0
20201111,20,SO2,抚顺,21.0
20201111,20,SO2_24h,抚顺,25.0
20201111,20,NO2,抚顺,30.0
20201111,20,NO2_24h,抚顺,40.0
20201111,20,O3,抚顺,62.0
20201111,20,O3_24h,抚顺,102.0
20201111,20,O3_8h,抚顺,81.0
20201111,20,O3_8h_24h,抚顺,83.0
20201111,20,CO,抚顺,0.78
20201111,20,CO_24h,抚顺,1.3
20201111,21,AQI,抚顺,71.0
20201111,21,PM2.5,抚顺,52.0
20201111,21,PM2.5_24h,抚顺,70.0
20201111,21,PM10,抚顺,79.0
20201111,21,PM10_24h,抚顺,116.0
20201111,21,SO2,抚顺,23.0
20201111,21,SO2_24h,抚顺,24.0
20201111,21,NO2,抚顺,31.0
20201111,21,NO2_24h,抚顺,39.0
20201111,21,O3,抚顺,61.0
20201111,21,O3_24h,抚顺,102.0
20201111,21,O3_8h,抚顺,77.0
20201111,21,O3_8h_24h,抚顺,83.0
20201111,21,CO,抚顺,0.78
20201111,21,CO_24h,抚顺,1.25
20201111,22,AQI,抚顺,71.0
20201111,22,PM2.5,抚顺,52.0
20201111,22,PM2.5_24h,抚顺,67.0
20201111,22,PM10,抚顺,78.0
20201111,22,PM10_24h,抚顺,111.0
20201111,22,SO2,抚顺,24.0
20201111,22,SO2_24h,抚顺,24.0
20201111,22,NO2,抚顺,32.0
20201111,22,NO2_24h,抚顺,38.0
20201111,22,O3,抚顺,63.0
20201111,22,O3_24h,抚顺,102.0
20201111,22,O3_8h,抚顺,73.0
20201111,22,O3_8h_24h,抚顺,83.0
20201111,22,CO,抚顺,0.78
20201111,22,CO_24h,抚顺,1.2
20201111,23,AQI,抚顺,68.0
20201111,23,PM2.5,抚顺,49.0
20201111,23,PM2.5_24h,抚顺,65.0
20201111,23,PM10,抚顺,72.0
20201111,23,PM10_24h,抚顺,106.0
20201111,23,SO2,抚顺,22.0
20201111,23,SO2_24h,抚顺,24.0
20201111,23,NO2,抚顺,27.0
20201111,23,NO2_24h,抚顺,37.0
20201111,23,O3,抚顺,73.0
20201111,23,O3_24h,抚顺,102.0
20201111,23,O3_8h,抚顺,69.0
20201111,23,O3_8h_24h,抚顺,83.0
20201111,23,CO,抚顺,0.75
20201111,23,CO_24h,抚顺,1.18
20201111,0,AQI,本溪,71.0
20201111,0,PM2.5,本溪,45.0
20201111,0,PM2.5_24h,本溪,32.0
20201111,0,PM10,本溪,92.0
20201111,0,PM10_24h,本溪,77.0
20201111,0,SO2,本溪,25.0
20201111,0,SO2_24h,本溪,28.0
20201111,0,NO2,本溪,56.0
20201111,0,NO2_24h,本溪,46.0
20201111,0,O3,本溪,10.0
20201111,0,O3_24h,本溪,55.0
20201111,0,O3_8h,本溪,15.0
20201111,0,O3_8h_24h,本溪,38.0
20201111,0,CO,本溪,1.62
20201111,0,CO_24h,本溪,1.27
20201111,1,AQI,本溪,72.0
20201111,1,PM2.5,本溪,46.0
20201111,1,PM2.5_24h,本溪,33.0
20201111,1,PM10,本溪,93.0
20201111,1,PM10_24h,本溪,78.0
20201111,1,SO2,本溪,23.0
20201111,1,SO2_24h,本溪,28.0
20201111,1,NO2,本溪,53.0
20201111,1,NO2_24h,本溪,46.0
20201111,1,O3,本溪,9.0
20201111,1,O3_24h,本溪,55.0
20201111,1,O3_8h,本溪,9.0
20201111,1,O3_8h_24h,本溪,9.0
20201111,1,CO,本溪,1.7
20201111,1,CO_24h,本溪,1.32
20201111,2,AQI,本溪,76.0
20201111,2,PM2.5,本溪,51.0
20201111,2,PM2.5_24h,本溪,33.0
20201111,2,PM10,本溪,102.0
20201111,2,PM10_24h,本溪,80.0
20201111,2,SO2,本溪,21.0
20201111,2,SO2_24h,本溪,28.0
20201111,2,NO2,本溪,50.0
20201111,2,NO2_24h,本溪,47.0
20201111,2,O3,本溪,8.0
20201111,2,O3_24h,本溪,55.0
20201111,2,O3_8h,本溪,9.0
20201111,2,O3_8h_24h,本溪,9.0
20201111,2,CO,本溪,1.88
20201111,2,CO_24h,本溪,1.37
20201111,3,AQI,本溪,71.0
20201111,3,PM2.5,本溪,46.0
20201111,3,PM2.5_24h,本溪,34.0
20201111,3,PM10,本溪,91.0
20201111,3,PM10_24h,本溪,81.0
20201111,3,SO2,本溪,19.0
20201111,3,SO2_24h,本溪,29.0
20201111,3,NO2,本溪,48.0
20201111,3,NO2_24h,本溪,47.0
20201111,3,O3,本溪,8.0
20201111,3,O3_24h,本溪,55.0
20201111,3,O3_8h,本溪,8.0
20201111,3,O3_8h_24h,本溪,9.0
20201111,3,CO,本溪,1.7
20201111,3,CO_24h,本溪,1.4
20201111,4,AQI,本溪,67.0
20201111,4,PM2.5,本溪,42.0
20201111,4,PM2.5_24h,本溪,35.0
20201111,4,PM10,本溪,84.0
20201111,4,PM10_24h,本溪,82.0
20201111,4,SO2,本溪,20.0
20201111,4,SO2_24h,本溪,29.0
20201111,4,NO2,本溪,44.0
20201111,4,NO2_24h,本溪,47.0
20201111,4,O3,本溪,15.0
20201111,4,O3_24h,本溪,55.0
20201111,4,O3_8h,本溪,10.0
20201111,4,O3_8h_24h,本溪,10.0
20201111,4,CO,本溪,1.68
20201111,4,CO_24h,本溪,1.42
20201111,5,AQI,本溪,64.0
20201111,5,PM2.5,本溪,41.0
20201111,5,PM2.5_24h,本溪,36.0
20201111,5,PM10,本溪,78.0
20201111,5,PM10_24h,本溪,82.0
20201111,5,SO2,本溪,22.0
20201111,5,SO2_24h,本溪,30.0
20201111,5,NO2,本溪,44.0
20201111,5,NO2_24h,本溪,48.0
20201111,5,O3,本溪,15.0
20201111,5,O3_24h,本溪,56.0
20201111,5,O3_8h,本溪,11.0
20201111,5,O3_8h_24h,本溪,11.0
20201111,5,CO,本溪,1.63
20201111,5,CO_24h,本溪,1.47
20201111,6,AQI,本溪,65.0
20201111,6,PM2.5,本溪,45.0
20201111,6,PM2.5_24h,本溪,36.0
20201111,6,PM10,本溪,80.0
20201111,6,PM10_24h,本溪,83.0
20201111,6,SO2,本溪,21.0
20201111,6,SO2_24h,本溪,30.0
20201111,6,NO2,本溪,44.0
20201111,6,NO2_24h,本溪,48.0
20201111,6,O3,本溪,15.0
20201111,6,O3_24h,本溪,56.0
20201111,6,O3_8h,本溪,12.0
20201111,6,O3_8h_24h,本溪,12.0
20201111,6,CO,本溪,1.67
20201111,6,CO_24h,本溪,1.48
20201111,8,AQI,本溪,79.0
20201111,8,PM2.5,本溪,58.0
20201111,8,PM2.5_24h,本溪,37.0
20201111,8,PM10,本溪,95.0
20201111,8,PM10_24h,本溪,83.0
20201111,8,SO2,本溪,29.0
20201111,8,SO2_24h,本溪,31.0
20201111,8,NO2,本溪,45.0
20201111,8,NO2_24h,本溪,48.0
20201111,8,O3,本溪,18.0
20201111,8,O3_24h,本溪,56.0
20201111,8,O3_8h,本溪,13.0
20201111,8,O3_8h_24h,本溪,13.0
20201111,8,CO,本溪,1.92
20201111,8,CO_24h,本溪,1.53
20201111,10,AQI,本溪,69.0
20201111,10,PM2.5,本溪,47.0
20201111,10,PM2.5_24h,本溪,38.0
20201111,10,PM10,本溪,87.0
20201111,10,PM10_24h,本溪,81.0
20201111,10,SO2,本溪,37.0
20201111,10,SO2_24h,本溪,30.0
20201111,10,NO2,本溪,33.0
20201111,10,NO2_24h,本溪,48.0
20201111,10,O3,本溪,44.0
20201111,10,O3_24h,本溪,60.0
20201111,10,O3_8h,本溪,20.0
20201111,10,O3_8h_24h,本溪,20.0
20201111,10,CO,本溪,1.22
20201111,10,CO_24h,本溪,1.5
20201111,11,AQI,本溪,67.0
20201111,11,PM2.5,本溪,43.0
20201111,11,PM2.5_24h,本溪,38.0
20201111,11,PM10,本溪,83.0
20201111,11,PM10_24h,本溪,81.0
20201111,11,SO2,本溪,34.0
20201111,11,SO2_24h,本溪,29.0
20201111,11,NO2,本溪,30.0
20201111,11,NO2_24h,本溪,47.0
20201111,11,O3,本溪,61.0
20201111,11,O3_24h,本溪,67.0
20201111,11,O3_8h,本溪,26.0
20201111,11,O3_8h_24h,本溪,26.0
20201111,11,CO,本溪,1.22
20201111,11,CO_24h,本溪,1.48
20201111,12,AQI,本溪,69.0
20201111,12,PM2.5,本溪,40.0
20201111,12,PM2.5_24h,本溪,38.0
20201111,12,PM10,本溪,87.0
20201111,12,PM10_24h,本溪,81.0
20201111,12,SO2,本溪,41.0
20201111,12,SO2_24h,本溪,27.0
20201111,12,NO2,本溪,25.0
20201111,12,NO2_24h,本溪,46.0
20201111,12,O3,本溪,72.0
20201111,12,O3_24h,本溪,75.0
20201111,12,O3_8h,本溪,33.0
20201111,12,O3_8h_24h,本溪,33.0
20201111,12,CO,本溪,1.17
20201111,12,CO_24h,本溪,1.47
20201111,13,AQI,本溪,64.0
20201111,13,PM2.5,本溪,35.0
20201111,13,PM2.5_24h,本溪,39.0
20201111,13,PM10,本溪,77.0
20201111,13,PM10_24h,本溪,80.0
20201111,13,SO2,本溪,30.0
20201111,13,SO2_24h,本溪,26.0
20201111,13,NO2,本溪,23.0
20201111,13,NO2_24h,本溪,45.0
20201111,13,O3,本溪,78.0
20201111,13,O3_24h,本溪,79.0
20201111,13,O3_8h,本溪,41.0
20201111,13,O3_8h_24h,本溪,41.0
20201111,13,CO,本溪,1.03
20201111,13,CO_24h,本溪,1.38
20201111,14,AQI,本溪,62.0
20201111,14,PM2.5,本溪,37.0
20201111,14,PM2.5_24h,本溪,40.0
20201111,14,PM10,本溪,73.0
20201111,14,PM10_24h,本溪,81.0
20201111,14,SO2,本溪,28.0
20201111,14,SO2_24h,本溪,25.0
20201111,14,NO2,本溪,24.0
20201111,14,NO2_24h,本溪,45.0
20201111,14,O3,本溪,83.0
20201111,14,O3_24h,本溪,84.0
20201111,14,O3_8h,本溪,49.0
20201111,14,O3_8h_24h,本溪,49.0
20201111,14,CO,本溪,1.07
20201111,14,CO_24h,本溪,1.4
20201111,15,AQI,本溪,63.0
20201111,15,PM2.5,本溪,39.0
20201111,15,PM2.5_24h,本溪,41.0
20201111,15,PM10,本溪,76.0
20201111,15,PM10_24h,本溪,82.0
20201111,15,SO2,本溪,32.0
20201111,15,SO2_24h,本溪,25.0
20201111,15,NO2,本溪,28.0
20201111,15,NO2_24h,本溪,45.0
20201111,15,O3,本溪,79.0
20201111,15,O3_24h,本溪,84.0
20201111,15,O3_8h,本溪,58.0
20201111,15,O3_8h_24h,本溪,58.0
20201111,15,CO,本溪,1.07
20201111,15,CO_24h,本溪,1.4
20201111,16,AQI,本溪,63.0
20201111,16,PM2.5,本溪,38.0
20201111,16,PM2.5_24h,本溪,41.0
20201111,16,PM10,本溪,76.0
20201111,16,PM10_24h,本溪,83.0
20201111,16,SO2,本溪,36.0
20201111,16,SO2_24h,本溪,26.0
20201111,16,NO2,本溪,35.0
20201111,16,NO2_24h,本溪,45.0
20201111,16,O3,本溪,69.0
20201111,16,O3_24h,本溪,84.0
20201111,16,O3_8h,本溪,64.0
20201111,16,O3_8h_24h,本溪,64.0
20201111,16,CO,本溪,1.1
20201111,16,CO_24h,本溪,1.4
20201111,17,AQI,本溪,64.0
20201111,17,PM2.5,本溪,36.0
20201111,17,PM2.5_24h,本溪,42.0
20201111,17,PM10,本溪,78.0
20201111,17,PM10_24h,本溪,84.0
20201111,17,SO2,本溪,28.0
20201111,17,SO2_24h,本溪,25.0
20201111,17,NO2,本溪,34.0
20201111,17,NO2_24h,本溪,45.0
20201111,17,O3,本溪,61.0
20201111,17,O3_24h,本溪,84.0
20201111,17,O3_8h,本溪,68.0
20201111,17,O3_8h_24h,本溪,68.0
20201111,17,CO,本溪,1.1
20201111,17,CO_24h,本溪,1.38
20201111,18,AQI,本溪,59.0
20201111,18,PM2.5,本溪,37.0
20201111,18,PM2.5_24h,本溪,42.0
20201111,18,PM10,本溪,68.0
20201111,18,PM10_24h,本溪,83.0
20201111,18,SO2,本溪,26.0
20201111,18,SO2_24h,本溪,26.0
20201111,18,NO2,本溪,37.0
20201111,18,NO2_24h,本溪,44.0
20201111,18,O3,本溪,56.0
20201111,18,O3_24h,本溪,84.0
20201111,18,O3_8h,本溪,70.0
20201111,18,O3_8h_24h,本溪,71.0
20201111,18,CO,本溪,1.17
20201111,18,CO_24h,本溪,1.4
20201111,19,AQI,本溪,58.0
20201111,19,PM2.5,本溪,38.0
20201111,19,PM2.5_24h,本溪,42.0
20201111,19,PM10,本溪,66.0
20201111,19,PM10_24h,本溪,83.0
20201111,19,SO2,本溪,21.0
20201111,19,SO2_24h,本溪,26.0
20201111,19,NO2,本溪,32.0
20201111,19,NO2_24h,本溪,42.0
20201111,19,O3,本溪,63.0
20201111,19,O3_24h,本溪,84.0
20201111,19,O3_8h,本溪,70.0
20201111,19,O3_8h_24h,本溪,71.0
20201111,19,CO,本溪,1.1
20201111,19,CO_24h,本溪,1.4
20201111,20,AQI,本溪,55.0
20201111,20,PM2.5,本溪,36.0
20201111,20,PM2.5_24h,本溪,42.0
20201111,20,PM10,本溪,60.0
20201111,20,PM10_24h,本溪,82.0
20201111,20,SO2,本溪,20.0
20201111,20,SO2_24h,本溪,26.0
20201111,20,NO2,本溪,32.0
20201111,20,NO2_24h,本溪,41.0
20201111,20,O3,本溪,66.0
20201111,20,O3_24h,本溪,84.0
20201111,20,O3_8h,本溪,69.0
20201111,20,O3_8h_24h,本溪,72.0
20201111,20,CO,本溪,1.1
20201111,20,CO_24h,本溪,1.37
20201111,21,AQI,本溪,54.0
20201111,21,PM2.5,本溪,34.0
20201111,21,PM2.5_24h,本溪,42.0
20201111,21,PM10,本溪,58.0
20201111,21,PM10_24h,本溪,82.0
20201111,21,SO2,本溪,23.0
20201111,21,SO2_24h,本溪,26.0
20201111,21,NO2,本溪,32.0
20201111,21,NO2_24h,本溪,40.0
20201111,21,O3,本溪,68.0
20201111,21,O3_24h,本溪,84.0
20201111,21,O3_8h,本溪,68.0
20201111,21,O3_8h_24h,本溪,72.0
20201111,21,CO,本溪,1.07
20201111,21,CO_24h,本溪,1.38
20201111,22,AQI,本溪,53.0
20201111,22,PM2.5,本溪,34.0
20201111,22,PM2.5_24h,本溪,42.0
20201111,22,PM10,本溪,56.0
20201111,22,PM10_24h,本溪,80.0
20201111,22,SO2,本溪,24.0
20201111,22,SO2_24h,本溪,26.0
20201111,22,NO2,本溪,33.0
20201111,22,NO2_24h,本溪,39.0
20201111,22,O3,本溪,69.0
20201111,22,O3_24h,本溪,84.0
20201111,22,O3_8h,本溪,66.0
20201111,22,O3_8h_24h,本溪,72.0
20201111,22,CO,本溪,1.05
20201111,22,CO_24h,本溪,1.38
20201111,23,AQI,本溪,53.0
20201111,23,PM2.5,本溪,34.0
20201111,23,PM2.5_24h,本溪,42.0
20201111,23,PM10,本溪,55.0
20201111,23,PM10_24h,本溪,78.0
20201111,23,SO2,本溪,27.0
20201111,23,SO2_24h,本溪,27.0
20201111,23,NO2,本溪,34.0
20201111,23,NO2_24h,本溪,38.0
20201111,23,O3,本溪,70.0
20201111,23,O3_24h,本溪,86.0
20201111,23,O3_8h,本溪,65.0
20201111,23,O3_8h_24h,本溪,72.0
20201111,23,CO,本溪,1.07
20201111,23,CO_24h,本溪,1.37
20201111,0,AQI,锦州,143.0
20201111,0,PM2.5,锦州,109.0
20201111,0,PM2.5_24h,锦州,57.0
20201111,0,PM10,锦州,145.0
20201111,0,PM10_24h,锦州,96.0
20201111,0,SO2,锦州,26.0
20201111,0,SO2_24h,锦州,43.0
20201111,0,NO2,锦州,71.0
20201111,0,NO2_24h,锦州,55.0
20201111,0,O3,锦州,7.0
20201111,0,O3_24h,锦州,41.0
20201111,0,O3_8h,锦州,9.0
20201111,0,O3_8h_24h,锦州,31.0
20201111,0,CO,锦州,2.26
20201111,0,CO_24h,锦州,1.34
20201111,1,AQI,锦州,151.0
20201111,1,PM2.5,锦州,116.0
20201111,1,PM2.5_24h,锦州,61.0
20201111,1,PM10,锦州,152.0
20201111,1,PM10_24h,锦州,100.0
20201111,1,SO2,锦州,22.0
20201111,1,SO2_24h,锦州,43.0
20201111,1,NO2,锦州,64.0
20201111,1,NO2_24h,锦州,55.0
20201111,1,O3,锦州,7.0
20201111,1,O3_24h,锦州,41.0
20201111,1,O3_8h,锦州,7.0
20201111,1,O3_8h_24h,锦州,7.0
20201111,1,CO,锦州,2.36
20201111,1,CO_24h,锦州,1.38
20201111,2,AQI,锦州,151.0
20201111,2,PM2.5,锦州,116.0
20201111,2,PM2.5_24h,锦州,64.0
20201111,2,PM10,锦州,158.0
20201111,2,PM10_24h,锦州,104.0
20201111,2,SO2,锦州,21.0
20201111,2,SO2_24h,锦州,43.0
20201111,2,NO2,锦州,61.0
20201111,2,NO2_24h,锦州,56.0
20201111,2,O3,锦州,6.0
20201111,2,O3_24h,锦州,41.0
20201111,2,O3_8h,锦州,6.0
20201111,2,O3_8h_24h,锦州,7.0
20201111,2,CO,锦州,2.26
20201111,2,CO_24h,锦州,1.46
20201111,3,AQI,锦州,171.0
20201111,3,PM2.5,锦州,130.0
20201111,3,PM2.5_24h,锦州,68.0
20201111,3,PM10,锦州,168.0
20201111,3,PM10_24h,锦州,109.0
20201111,3,SO2,锦州,26.0
20201111,3,SO2_24h,锦州,43.0
20201111,3,NO2,锦州,57.0
20201111,3,NO2_24h,锦州,57.0
20201111,3,O3,锦州,6.0
20201111,3,O3_24h,锦州,41.0
20201111,3,O3_8h,锦州,6.0
20201111,3,O3_8h_24h,锦州,7.0
20201111,3,CO,锦州,2.4
20201111,3,CO_24h,锦州,1.5
20201111,4,AQI,锦州,160.0
20201111,4,PM2.5,锦州,122.0
20201111,4,PM2.5_24h,锦州,72.0
20201111,4,PM10,锦州,162.0
20201111,4,PM10_24h,锦州,113.0
20201111,4,SO2,锦州,23.0
20201111,4,SO2_24h,锦州,43.0
20201111,4,NO2,锦州,53.0
20201111,4,NO2_24h,锦州,57.0
20201111,4,O3,锦州,6.0
20201111,4,O3_24h,锦州,41.0
20201111,4,O3_8h,锦州,6.0
20201111,4,O3_8h_24h,锦州,7.0
20201111,4,CO,锦州,2.38
20201111,4,CO_24h,锦州,1.56
20201111,5,AQI,锦州,134.0
20201111,5,PM2.5,锦州,102.0
20201111,5,PM2.5_24h,锦州,75.0
20201111,5,PM10,锦州,135.0
20201111,5,PM10_24h,锦州,116.0
20201111,5,SO2,锦州,21.0
20201111,5,SO2_24h,锦州,42.0
20201111,5,NO2,锦州,52.0
20201111,5,NO2_24h,锦州,58.0
20201111,5,O3,锦州,6.0
20201111,5,O3_24h,锦州,41.0
20201111,5,O3_8h,锦州,6.0
20201111,5,O3_8h_24h,锦州,7.0
20201111,5,CO,锦州,2.1
20201111,5,CO_24h,锦州,1.6
20201111,6,AQI,锦州,126.0
20201111,6,PM2.5,锦州,96.0
20201111,6,PM2.5_24h,锦州,77.0
20201111,6,PM10,锦州,122.0
20201111,6,PM10_24h,锦州,117.0
20201111,6,SO2,锦州,21.0
20201111,6,SO2_24h,锦州,42.0
20201111,6,NO2,锦州,52.0
20201111,6,NO2_24h,锦州,59.0
20201111,6,O3,锦州,6.0
20201111,6,O3_24h,锦州,41.0
20201111,6,O3_8h,锦州,6.0
20201111,6,O3_8h_24h,锦州,7.0
20201111,6,CO,锦州,2.02
20201111,6,CO_24h,锦州,1.64
20201111,8,AQI,锦州,160.0
20201111,8,PM2.5,锦州,122.0
20201111,8,PM2.5_24h,锦州,82.0
20201111,8,PM10,锦州,148.0
20201111,8,PM10_24h,锦州,121.0
20201111,8,SO2,锦州,36.0
20201111,8,SO2_24h,锦州,40.0
20201111,8,NO2,锦州,61.0
20201111,8,NO2_24h,锦州,60.0
20201111,8,O3,锦州,8.0
20201111,8,O3_24h,锦州,41.0
20201111,8,O3_8h,锦州,6.0
20201111,8,O3_8h_24h,锦州,7.0
20201111,8,CO,锦州,2.42
20201111,8,CO_24h,锦州,1.7
20201111,10,AQI,锦州,187.0
20201111,10,PM2.5,锦州,141.0
20201111,10,PM2.5_24h,锦州,88.0
20201111,10,PM10,锦州,206.0
20201111,10,PM10_24h,锦州,126.0
20201111,10,SO2,锦州,58.0
20201111,10,SO2_24h,锦州,41.0
20201111,10,NO2,锦州,85.0
20201111,10,NO2_24h,锦州,62.0
20201111,10,O3,锦州,14.0
20201111,10,O3_24h,锦州,41.0
20201111,10,O3_8h,锦州,8.0
20201111,10,O3_8h_24h,锦州,8.0
20201111,10,CO,锦州,2.07
20201111,10,CO_24h,锦州,1.74
20201111,11,AQI,锦州,184.0
20201111,11,PM2.5,锦州,139.0
20201111,11,PM2.5_24h,锦州,91.0
20201111,11,PM10,锦州,232.0
20201111,11,PM10_24h,锦州,130.0
20201111,11,SO2,锦州,49.0
20201111,11,SO2_24h,锦州,41.0
20201111,11,NO2,锦州,83.0
20201111,11,NO2_24h,锦州,63.0
20201111,11,O3,锦州,38.0
20201111,11,O3_24h,锦州,43.0
20201111,11,O3_8h,锦州,12.0
20201111,11,O3_8h_24h,锦州,12.0
20201111,11,CO,锦州,1.76
20201111,11,CO_24h,锦州,1.74
20201111,12,AQI,锦州,163.0
20201111,12,PM2.5,锦州,124.0
20201111,12,PM2.5_24h,锦州,94.0
20201111,12,PM10,锦州,232.0
20201111,12,PM10_24h,锦州,134.0
20201111,12,SO2,锦州,37.0
20201111,12,SO2_24h,锦州,41.0
20201111,12,NO2,锦州,62.0
20201111,12,NO2_24h,锦州,64.0
20201111,12,O3,锦州,75.0
20201111,12,O3_24h,锦州,75.0
20201111,12,O3_8h,锦州,21.0
20201111,12,O3_8h_24h,锦州,21.0
20201111,12,CO,锦州,1.54
20201111,12,CO_24h,锦州,1.74
20201111,13,AQI,锦州,160.0
20201111,13,PM2.5,锦州,122.0
20201111,13,PM2.5_24h,锦州,97.0
20201111,13,PM10,锦州,208.0
20201111,13,PM10_24h,锦州,138.0
20201111,13,SO2,锦州,36.0
20201111,13,SO2_24h,锦州,40.0
20201111,13,NO2,锦州,57.0
20201111,13,NO2_24h,锦州,65.0
20201111,13,O3,锦州,89.0
20201111,13,O3_24h,锦州,89.0
20201111,13,O3_8h,锦州,31.0
20201111,13,O3_8h_24h,锦州,31.0
20201111,13,CO,锦州,1.78
20201111,13,CO_24h,锦州,1.78
20201111,14,AQI,锦州,156.0
20201111,14,PM2.5,锦州,119.0
20201111,14,PM2.5_24h,锦州,99.0
20201111,14,PM10,锦州,202.0
20201111,14,PM10_24h,锦州,141.0
20201111,14,SO2,锦州,52.0
20201111,14,SO2_24h,锦州,38.0
20201111,14,NO2,锦州,60.0
20201111,14,NO2_24h,锦州,65.0
20201111,14,O3,锦州,75.0
20201111,14,O3_24h,锦州,90.0
20201111,14,O3_8h,锦州,39.0
20201111,14,O3_8h_24h,锦州,39.0
20201111,14,CO,锦州,2.12
20201111,14,CO_24h,锦州,1.84
20201111,15,AQI,锦州,148.0
20201111,15,PM2.5,锦州,113.0
20201111,15,PM2.5_24h,锦州,101.0
20201111,15,PM10,锦州,188.0
20201111,15,PM10_24h,锦州,145.0
20201111,15,SO2,锦州,57.0
20201111,15,SO2_24h,锦州,38.0
20201111,15,NO2,锦州,65.0
20201111,15,NO2_24h,锦州,65.0
20201111,15,O3,锦州,66.0
20201111,15,O3_24h,锦州,90.0
20201111,15,O3_8h,锦州,47.0
20201111,15,O3_8h_24h,锦州,47.0
20201111,15,CO,锦州,2.04
20201111,15,CO_24h,锦州,1.88
20201111,16,AQI,锦州,143.0
20201111,16,PM2.5,锦州,109.0
20201111,16,PM2.5_24h,锦州,104.0
20201111,16,PM10,锦州,163.0
20201111,16,PM10_24h,锦州,148.0
20201111,16,SO2,锦州,54.0
20201111,16,SO2_24h,锦州,38.0
20201111,16,NO2,锦州,71.0
20201111,16,NO2_24h,锦州,66.0
20201111,16,O3,锦州,57.0
20201111,16,O3_24h,锦州,90.0
20201111,16,O3_8h,锦州,53.0
20201111,16,O3_8h_24h,锦州,53.0
20201111,16,CO,锦州,1.88
20201111,16,CO_24h,锦州,1.94
20201111,17,AQI,锦州,146.0
20201111,17,PM2.5,锦州,112.0
20201111,17,PM2.5_24h,锦州,106.0
20201111,17,PM10,锦州,149.0
20201111,17,PM10_24h,锦州,150.0
20201111,17,SO2,锦州,49.0
20201111,17,SO2_24h,锦州,39.0
20201111,17,NO2,锦州,77.0
20201111,17,NO2_24h,锦州,67.0
20201111,17,O3,锦州,52.0
20201111,17,O3_24h,锦州,90.0
20201111,17,O3_8h,锦州,58.0
20201111,17,O3_8h_24h,锦州,58.0
20201111,17,CO,锦州,1.78
20201111,17,CO_24h,锦州,1.94
20201111,18,AQI,锦州,154.0
20201111,18,PM2.5,锦州,118.0
20201111,18,PM2.5_24h,锦州,109.0
20201111,18,PM10,锦州,148.0
20201111,18,PM10_24h,锦州,153.0
20201111,18,SO2,锦州,42.0
20201111,18,SO2_24h,锦州,39.0
20201111,18,NO2,锦州,74.0
20201111,18,NO2_24h,锦州,67.0
20201111,18,O3,锦州,55.0
20201111,18,O3_24h,锦州,90.0
20201111,18,O3_8h,锦州,63.0
20201111,18,O3_8h_24h,锦州,63.0
20201111,18,CO,锦州,1.66
20201111,18,CO_24h,锦州,1.96
20201111,19,AQI,锦州,134.0
20201111,19,PM2.5,锦州,102.0
20201111,19,PM2.5_24h,锦州,110.0
20201111,19,PM10,锦州,141.0
20201111,19,PM10_24h,锦州,155.0
20201111,19,SO2,锦州,33.0
20201111,19,SO2_24h,锦州,37.0
20201111,19,NO2,锦州,58.0
20201111,19,NO2_24h,锦州,66.0
20201111,19,O3,锦州,72.0
20201111,19,O3_24h,锦州,94.0
20201111,19,O3_8h,锦州,67.0
20201111,19,O3_8h_24h,锦州,67.0
20201111,19,CO,锦州,1.38
20201111,19,CO_24h,锦州,1.96
20201111,20,AQI,锦州,121.0
20201111,20,PM2.5,锦州,92.0
20201111,20,PM2.5_24h,锦州,112.0
20201111,20,PM10,锦州,144.0
20201111,20,PM10_24h,锦州,158.0
20201111,20,SO2,锦州,29.0
20201111,20,SO2_24h,锦州,36.0
20201111,20,NO2,锦州,50.0
20201111,20,NO2_24h,锦州,65.0
20201111,20,O3,锦州,80.0
20201111,20,O3_24h,锦州,95.0
20201111,20,O3_8h,锦州,68.0
20201111,20,O3_8h_24h,锦州,69.0
20201111,20,CO,锦州,1.32
20201111,20,CO_24h,锦州,1.96
20201111,21,AQI,锦州,129.0
20201111,21,PM2.5,锦州,98.0
20201111,21,PM2.5_24h,锦州,113.0
20201111,21,PM10,锦州,143.0
20201111,21,PM10_24h,锦州,160.0
20201111,21,SO2,锦州,27.0
20201111,21,SO2_24h,锦州,36.0
20201111,21,NO2,锦州,47.0
20201111,21,NO2_24h,锦州,64.0
20201111,21,O3,锦州,78.0
20201111,21,O3_24h,锦州,95.0
20201111,21,O3_8h,锦州,67.0
20201111,21,O3_8h_24h,锦州,69.0
20201111,21,CO,锦州,1.44
20201111,21,CO_24h,锦州,1.96
20201111,22,AQI,锦州,145.0
20201111,22,PM2.5,锦州,111.0
20201111,22,PM2.5_24h,锦州,114.0
20201111,22,PM10,锦州,144.0
20201111,22,PM10_24h,锦州,162.0
20201111,22,SO2,锦州,38.0
20201111,22,SO2_24h,锦州,36.0
20201111,22,NO2,锦州,45.0
20201111,22,NO2_24h,锦州,63.0
20201111,22,O3,锦州,78.0
20201111,22,O3_24h,锦州,95.0
20201111,22,O3_8h,锦州,67.0
20201111,22,O3_8h_24h,锦州,69.0
20201111,22,CO,锦州,1.44
20201111,22,CO_24h,锦州,1.96
20201111,23,AQI,锦州,145.0
20201111,23,PM2.5,锦州,111.0
20201111,23,PM2.5_24h,锦州,115.0
20201111,23,PM10,锦州,141.0
20201111,23,PM10_24h,锦州,163.0
20201111,23,SO2,锦州,41.0
20201111,23,SO2_24h,锦州,36.0
20201111,23,NO2,锦州,42.0
20201111,23,NO2_24h,锦州,61.0
20201111,23,O3,锦州,81.0
20201111,23,O3_24h,锦州,95.0
20201111,23,O3_8h,锦州,69.0
20201111,23,O3_8h_24h,锦州,70.0
20201111,23,CO,锦州,1.42
20201111,23,CO_24h,锦州,1.96
20201111,0,AQI,吉林,60.0
20201111,0,PM2.5,吉林,43.0
20201111,0,PM2.5_24h,吉林,29.0
20201111,0,PM10,吉林,67.0
20201111,0,PM10_24h,吉林,52.0
20201111,0,SO2,吉林,13.0
20201111,0,SO2_24h,吉林,13.0
20201111,0,NO2,吉林,35.0
20201111,0,NO2_24h,吉林,32.0
20201111,0,O3,吉林,27.0
20201111,0,O3_24h,吉林,60.0
20201111,0,O3_8h,吉林,25.0
20201111,0,O3_8h_24h,吉林,51.0
20201111,0,CO,吉林,1.02
20201111,0,CO_24h,吉林,0.8
20201111,1,AQI,吉林,56.0
20201111,1,PM2.5,吉林,40.0
20201111,1,PM2.5_24h,吉林,29.0
20201111,1,PM10,吉林,62.0
20201111,1,PM10_24h,吉林,52.0
20201111,1,SO2,吉林,12.0
20201111,1,SO2_24h,吉林,13.0
20201111,1,NO2,吉林,31.0
20201111,1,NO2_24h,吉林,32.0
20201111,1,O3,吉林,28.0
20201111,1,O3_24h,吉林,60.0
20201111,1,O3_8h,吉林,28.0
20201111,1,O3_8h_24h,吉林,28.0
20201111,1,CO,吉林,0.97
20201111,1,CO_24h,吉林,0.8
20201111,2,AQI,吉林,51.0
20201111,2,PM2.5,吉林,33.0
20201111,2,PM2.5_24h,吉林,29.0
20201111,2,PM10,吉林,52.0
20201111,2,PM10_24h,吉林,53.0
20201111,2,SO2,吉林,11.0
20201111,2,SO2_24h,吉林,13.0
20201111,2,NO2,吉林,26.0
20201111,2,NO2_24h,吉林,32.0
20201111,2,O3,吉林,31.0
20201111,2,O3_24h,吉林,60.0
20201111,2,O3_8h,吉林,30.0
20201111,2,O3_8h_24h,吉林,30.0
20201111,2,CO,吉林,0.85
20201111,2,CO_24h,吉林,0.82
20201111,3,AQI,吉林,55.0
20201111,3,PM2.5,吉林,39.0
20201111,3,PM2.5_24h,吉林,30.0
20201111,3,PM10,吉林,59.0
20201111,3,PM10_24h,吉林,53.0
20201111,3,SO2,吉林,12.0
20201111,3,SO2_24h,吉林,13.0
20201111,3,NO2,吉林,28.0
20201111,3,NO2_24h,吉林,32.0
20201111,3,O3,吉林,30.0
20201111,3,O3_24h,吉林,60.0
20201111,3,O3_8h,吉林,30.0
20201111,3,O3_8h_24h,吉林,31.0
20201111,3,CO,吉林,0.83
20201111,3,CO_24h,吉林,0.83
20201111,4,AQI,吉林,51.0
20201111,4,PM2.5,吉林,33.0
20201111,4,PM2.5_24h,吉林,30.0
20201111,4,PM10,吉林,52.0
20201111,4,PM10_24h,吉林,53.0
20201111,4,SO2,吉林,12.0
20201111,4,SO2_24h,吉林,13.0
20201111,4,NO2,吉林,30.0
20201111,4,NO2_24h,吉林,32.0
20201111,4,O3,吉林,29.0
20201111,4,O3_24h,吉林,60.0
20201111,4,O3_8h,吉林,30.0
20201111,4,O3_8h_24h,吉林,31.0
20201111,4,CO,吉林,0.8
20201111,4,CO_24h,吉林,0.83
20201111,5,AQI,吉林,51.0
20201111,5,PM2.5,吉林,34.0
20201111,5,PM2.5_24h,吉林,31.0
20201111,5,PM10,吉林,51.0
20201111,5,PM10_24h,吉林,53.0
20201111,5,SO2,吉林,12.0
20201111,5,SO2_24h,吉林,13.0
20201111,5,NO2,吉林,27.0
20201111,5,NO2_24h,吉林,32.0
20201111,5,O3,吉林,32.0
20201111,5,O3_24h,吉林,60.0
20201111,5,O3_8h,吉林,30.0
20201111,5,O3_8h_24h,吉林,32.0
20201111,5,CO,吉林,0.77
20201111,5,CO_24h,吉林,0.83
20201111,6,AQI,吉林,51.0
20201111,6,PM2.5,吉林,35.0
20201111,6,PM2.5_24h,吉林,32.0
20201111,6,PM10,吉林,51.0
20201111,6,PM10_24h,吉林,54.0
20201111,6,SO2,吉林,13.0
20201111,6,SO2_24h,吉林,13.0
20201111,6,NO2,吉林,28.0
20201111,6,NO2_24h,吉林,32.0
20201111,6,O3,吉林,31.0
20201111,6,O3_24h,吉林,60.0
20201111,6,O3_8h,吉林,30.0
20201111,6,O3_8h_24h,吉林,32.0
20201111,6,CO,吉林,0.78
20201111,6,CO_24h,吉林,0.83
20201111,8,AQI,吉林,55.0
20201111,8,PM2.5,吉林,39.0
20201111,8,PM2.5_24h,吉林,32.0
20201111,8,PM10,吉林,56.0
20201111,8,PM10_24h,吉林,55.0
20201111,8,SO2,吉林,17.0
20201111,8,SO2_24h,吉林,13.0
20201111,8,NO2,吉林,41.0
20201111,8,NO2_24h,吉林,32.0
20201111,8,O3,吉林,26.0
20201111,8,O3_24h,吉林,60.0
20201111,8,O3_8h,吉林,29.0
20201111,8,O3_8h_24h,吉林,32.0
20201111,8,CO,吉林,1.15
20201111,8,CO_24h,吉林,0.83
20201111,10,AQI,吉林,45.0
20201111,10,PM2.5,吉林,27.0
20201111,10,PM2.5_24h,吉林,33.0
20201111,10,PM10,吉林,45.0
20201111,10,PM10_24h,吉林,55.0
20201111,10,SO2,吉林,15.0
20201111,10,SO2_24h,吉林,13.0
20201111,10,NO2,吉林,29.0
20201111,10,NO2_24h,吉林,32.0
20201111,10,O3,吉林,47.0
20201111,10,O3_24h,吉林,60.0
20201111,10,O3_8h,吉林,32.0
20201111,10,O3_8h_24h,吉林,33.0
20201111,10,CO,吉林,0.87
20201111,10,CO_24h,吉林,0.87
20201111,11,AQI,吉林,41.0
20201111,11,PM2.5,吉林,22.0
20201111,11,PM2.5_24h,吉林,34.0
20201111,11,PM10,吉林,41.0
20201111,11,PM10_24h,吉林,56.0
20201111,11,SO2,吉林,14.0
20201111,11,SO2_24h,吉林,14.0
20201111,11,NO2,吉林,21.0
20201111,11,NO2_24h,吉林,32.0
20201111,11,O3,吉林,60.0
20201111,11,O3_24h,吉林,61.0
20201111,11,O3_8h,吉林,35.0
20201111,11,O3_8h_24h,吉林,36.0
20201111,11,CO,吉林,0.82
20201111,11,CO_24h,吉林,0.92
20201111,12,AQI,吉林,52.0
20201111,12,PM2.5,吉林,32.0
20201111,12,PM2.5_24h,吉林,35.0
20201111,12,PM10,吉林,53.0
20201111,12,PM10_24h,吉林,57.0
20201111,12,SO2,吉林,15.0
20201111,12,SO2_24h,吉林,14.0
20201111,12,NO2,吉林,21.0
20201111,12,NO2_24h,吉林,33.0
20201111,12,O3,吉林,73.0
20201111,12,O3_24h,吉林,73.0
20201111,12,O3_8h,吉林,41.0
20201111,12,O3_8h_24h,吉林,41.0
20201111,12,CO,吉林,0.9
20201111,12,CO_24h,吉林,0.9
20201111,13,AQI,吉林,70.0
20201111,13,PM2.5,吉林,51.0
20201111,13,PM2.5_24h,吉林,36.0
20201111,13,PM10,吉林,70.0
20201111,13,PM10_24h,吉林,58.0
20201111,13,SO2,吉林,17.0
20201111,13,SO2_24h,吉林,14.0
20201111,13,NO2,吉林,26.0
20201111,13,NO2_24h,吉林,33.0
20201111,13,O3,吉林,91.0
20201111,13,O3_24h,吉林,87.0
20201111,13,O3_8h,吉林,47.0
20201111,13,O3_8h_24h,吉林,47.0
20201111,13,CO,吉林,1.02
20201111,13,CO_24h,吉林,0.95
20201111,14,AQI,吉林,115.0
20201111,14,PM2.5,吉林,87.0
20201111,14,PM2.5_24h,吉林,39.0
20201111,14,PM10,吉林,107.0
20201111,14,PM10_24h,吉林,61.0
20201111,14,SO2,吉林,19.0
20201111,14,SO2_24h,吉林,14.0
20201111,14,NO2,吉林,35.0
20201111,14,NO2_24h,吉林,34.0
20201111,14,O3,吉林,108.0
20201111,14,O3_24h,吉林,106.0
20201111,14,O3_8h,吉林,56.0
20201111,14,O3_8h_24h,吉林,56.0
20201111,14,CO,吉林,1.16
20201111,14,CO_24h,吉林,0.95
20201111,15,AQI,吉林,228.0
20201111,15,PM2.5,吉林,178.0
20201111,15,PM2.5_24h,吉林,46.0
20201111,15,PM10,吉林,213.0
20201111,15,PM10_24h,吉林,70.0
20201111,15,SO2,吉林,23.0
20201111,15,SO2_24h,吉林,15.0
20201111,15,NO2,吉林,50.0
20201111,15,NO2_24h,吉林,35.0
20201111,15,O3,吉林,125.0
20201111,15,O3_24h,吉林,125.0
20201111,15,O3_8h,吉林,69.0
20201111,15,O3_8h_24h,吉林,69.0
20201111,15,CO,吉林,1.38
20201111,15,CO_24h,吉林,0.98
20201111,16,AQI,吉林,358.0
20201111,16,PM2.5,吉林,308.0
20201111,16,PM2.5_24h,吉林,59.0
20201111,16,PM10,吉林,356.0
20201111,16,PM10_24h,吉林,84.0
20201111,16,SO2,吉林,28.0
20201111,16,SO2_24h,吉林,15.0
20201111,16,NO2,吉林,68.0
20201111,16,NO2_24h,吉林,38.0
20201111,16,O3,吉林,126.0
20201111,16,O3_24h,吉林,129.0
20201111,16,O3_8h,吉林,82.0
20201111,16,O3_8h_24h,吉林,82.0
20201111,16,CO,吉林,1.7
20201111,16,CO_24h,吉林,1.03
20201111,17,AQI,吉林,314.0
20201111,17,PM2.5,吉林,264.0
20201111,17,PM2.5_24h,吉林,70.0
20201111,17,PM10,吉林,308.0
20201111,17,PM10_24h,吉林,95.0
20201111,17,SO2,吉林,27.0
20201111,17,SO2_24h,吉林,16.0
20201111,17,NO2,吉林,65.0
20201111,17,NO2_24h,吉林,39.0
20201111,17,O3,吉林,101.0
20201111,17,O3_24h,吉林,129.0
20201111,17,O3_8h,吉林,91.0
20201111,17,O3_8h_24h,吉林,91.0
20201111,17,CO,吉林,1.67
20201111,17,CO_24h,吉林,1.08
20201111,18,AQI,吉林,237.0
20201111,18,PM2.5,吉林,187.0
20201111,18,PM2.5_24h,吉林,76.0
20201111,18,PM10,吉林,225.0
20201111,18,PM10_24h,吉林,102.0
20201111,18,SO2,吉林,24.0
20201111,18,SO2_24h,吉林,17.0
20201111,18,NO2,吉林,56.0
20201111,18,NO2_24h,吉林,39.0
20201111,18,O3,吉林,79.0
20201111,18,O3_24h,吉林,129.0
20201111,18,O3_8h,吉林,95.0
20201111,18,O3_8h_24h,吉林,95.0
20201111,18,CO,吉林,1.45
20201111,18,CO_24h,吉林,1.08
20201111,19,AQI,吉林,201.0
20201111,19,PM2.5,吉林,151.0
20201111,19,PM2.5_24h,吉林,81.0
20201111,19,PM10,吉林,187.0
20201111,19,PM10_24h,吉林,107.0
20201111,19,SO2,吉林,22.0
20201111,19,SO2_24h,吉林,17.0
20201111,19,NO2,吉林,47.0
20201111,19,NO2_24h,吉林,39.0
20201111,19,O3,吉林,72.0
20201111,19,O3_24h,吉林,129.0
20201111,19,O3_8h,吉林,97.0
20201111,19,O3_8h_24h,吉林,97.0
20201111,19,CO,吉林,1.27
20201111,19,CO_24h,吉林,1.08
20201111,20,AQI,吉林,166.0
20201111,20,PM2.5,吉林,126.0
20201111,20,PM2.5_24h,吉林,84.0
20201111,20,PM10,吉林,155.0
20201111,20,PM10_24h,吉林,110.0
20201111,20,SO2,吉林,19.0
20201111,20,SO2_24h,吉林,17.0
20201111,20,NO2,吉林,38.0
20201111,20,NO2_24h,吉林,38.0
20201111,20,O3,吉林,73.0
20201111,20,O3_24h,吉林,129.0
20201111,20,O3_8h,吉林,97.0
20201111,20,O3_8h_24h,吉林,98.0
20201111,20,CO,吉林,1.13
20201111,20,CO_24h,吉林,1.08
20201111,21,AQI,吉林,171.0
20201111,21,PM2.5,吉林,130.0
20201111,21,PM2.5_24h,吉林,87.0
20201111,21,PM10,吉林,161.0
20201111,21,PM10_24h,吉林,113.0
20201111,21,SO2,吉林,18.0
20201111,21,SO2_24h,吉林,17.0
20201111,21,NO2,吉林,39.0
20201111,21,NO2_24h,吉林,38.0
20201111,21,O3,吉林,69.0
20201111,21,O3_24h,吉林,129.0
20201111,21,O3_8h,吉林,94.0
20201111,21,O3_8h_24h,吉林,98.0
20201111,21,CO,吉林,1.17
20201111,21,CO_24h,吉林,1.1
20201111,22,AQI,吉林,200.0
20201111,22,PM2.5,吉林,150.0
20201111,22,PM2.5_24h,吉林,90.0
20201111,22,PM10,吉林,183.0
20201111,22,PM10_24h,吉林,117.0
20201111,22,SO2,吉林,19.0
20201111,22,SO2_24h,吉林,17.0
20201111,22,NO2,吉林,40.0
20201111,22,NO2_24h,吉林,37.0
20201111,22,O3,吉林,73.0
20201111,22,O3_24h,吉林,129.0
20201111,22,O3_8h,吉林,90.0
20201111,22,O3_8h_24h,吉林,98.0
20201111,22,CO,吉林,1.2
20201111,22,CO_24h,吉林,1.08
20201111,23,AQI,吉林,173.0
20201111,23,PM2.5,吉林,131.0
20201111,23,PM2.5_24h,吉林,93.0
20201111,23,PM10,吉林,162.0
20201111,23,PM10_24h,吉林,120.0
20201111,23,SO2,吉林,16.0
20201111,23,SO2_24h,吉林,17.0
20201111,23,NO2,吉林,33.0
20201111,23,NO2_24h,吉林,37.0
20201111,23,O3,吉林,80.0
20201111,23,O3_24h,吉林,129.0
20201111,23,O3_8h,吉林,84.0
20201111,23,O3_8h_24h,吉林,98.0
20201111,23,CO,吉林,1.12
20201111,23,CO_24h,吉林,1.08
20201111,0,AQI,齐齐哈尔,56.0
20201111,0,PM2.5,齐齐哈尔,23.0
20201111,0,PM2.5_24h,齐齐哈尔,27.0
20201111,0,PM10,齐齐哈尔,62.0
20201111,0,PM10_24h,齐齐哈尔,72.0
20201111,0,SO2,齐齐哈尔,90.0
20201111,0,SO2_24h,齐齐哈尔,34.0
20201111,0,NO2,齐齐哈尔,39.0
20201111,0,NO2_24h,齐齐哈尔,27.0
20201111,0,O3,齐齐哈尔,4.0
20201111,0,O3_24h,齐齐哈尔,59.0
20201111,0,O3_8h,齐齐哈尔,19.0
20201111,0,O3_8h_24h,齐齐哈尔,35.0
20201111,0,CO,齐齐哈尔,0.65
20201111,0,CO_24h,齐齐哈尔,0.74
20201111,1,AQI,齐齐哈尔,55.0
20201111,1,PM2.5,齐齐哈尔,26.0
20201111,1,PM2.5_24h,齐齐哈尔,27.0
20201111,1,PM10,齐齐哈尔,60.0
20201111,1,PM10_24h,齐齐哈尔,68.0
20201111,1,SO2,齐齐哈尔,108.0
20201111,1,SO2_24h,齐齐哈尔,43.0
20201111,1,NO2,齐齐哈尔,39.0
20201111,1,NO2_24h,齐齐哈尔,29.0
20201111,1,O3,齐齐哈尔,4.0
20201111,1,O3_24h,齐齐哈尔,47.0
20201111,1,O3_8h,齐齐哈尔,4.0
20201111,1,O3_8h_24h,齐齐哈尔,4.0
20201111,1,CO,齐齐哈尔,0.65
20201111,1,CO_24h,齐齐哈尔,0.63
20201111,2,AQI,齐齐哈尔,56.0
20201111,2,PM2.5,齐齐哈尔,29.0
20201111,2,PM2.5_24h,齐齐哈尔,26.0
20201111,2,PM10,齐齐哈尔,62.0
20201111,2,PM10_24h,齐齐哈尔,68.0
20201111,2,SO2,齐齐哈尔,100.0
20201111,2,SO2_24h,齐齐哈尔,46.0
20201111,2,NO2,齐齐哈尔,37.0
20201111,2,NO2_24h,齐齐哈尔,29.0
20201111,2,O3,齐齐哈尔,3.0
20201111,2,O3_24h,齐齐哈尔,47.0
20201111,2,O3_8h,齐齐哈尔,3.0
20201111,2,O3_8h_24h,齐齐哈尔,4.0
20201111,2,CO,齐齐哈尔,0.65
20201111,2,CO_24h,齐齐哈尔,0.63
20201111,3,AQI,齐齐哈尔,57.0
20201111,3,PM2.5,齐齐哈尔,31.0
20201111,3,PM2.5_24h,齐齐哈尔,27.0
20201111,3,PM10,齐齐哈尔,63.0
20201111,3,PM10_24h,齐齐哈尔,67.0
20201111,3,SO2,齐齐哈尔,88.0
20201111,3,SO2_24h,齐齐哈尔,49.0
20201111,3,NO2,齐齐哈尔,34.0
20201111,3,NO2_24h,齐齐哈尔,30.0
20201111,3,O3,齐齐哈尔,4.0
20201111,3,O3_24h,齐齐哈尔,47.0
20201111,3,O3_8h,齐齐哈尔,3.0
20201111,3,O3_8h_24h,齐齐哈尔,4.0
20201111,3,CO,齐齐哈尔,0.65
20201111,3,CO_24h,齐齐哈尔,0.63
20201111,4,AQI,齐齐哈尔,60.0
20201111,4,PM2.5,齐齐哈尔,32.0
20201111,4,PM2.5_24h,齐齐哈尔,26.0
20201111,4,PM10,齐齐哈尔,69.0
20201111,4,PM10_24h,齐齐哈尔,67.0
20201111,4,SO2,齐齐哈尔,69.0
20201111,4,SO2_24h,齐齐哈尔,51.0
20201111,4,NO2,齐齐哈尔,32.0
20201111,4,NO2_24h,齐齐哈尔,30.0
20201111,4,O3,齐齐哈尔,4.0
20201111,4,O3_24h,齐齐哈尔,47.0
20201111,4,O3_8h,齐齐哈尔,3.0
20201111,4,O3_8h_24h,齐齐哈尔,4.0
20201111,4,CO,齐齐哈尔,0.65
20201111,4,CO_24h,齐齐哈尔,0.63
20201111,5,AQI,齐齐哈尔,58.0
20201111,5,PM2.5,齐齐哈尔,31.0
20201111,5,PM2.5_24h,齐齐哈尔,26.0
20201111,5,PM10,齐齐哈尔,66.0
20201111,5,PM10_24h,齐齐哈尔,66.0
20201111,5,SO2,齐齐哈尔,66.0
20201111,5,SO2_24h,齐齐哈尔,52.0
20201111,5,NO2,齐齐哈尔,31.0
20201111,5,NO2_24h,齐齐哈尔,30.0
20201111,5,O3,齐齐哈尔,3.0
20201111,5,O3_24h,齐齐哈尔,47.0
20201111,5,O3_8h,齐齐哈尔,4.0
20201111,5,O3_8h_24h,齐齐哈尔,4.0
20201111,5,CO,齐齐哈尔,0.68
20201111,5,CO_24h,齐齐哈尔,0.63
20201111,6,AQI,齐齐哈尔,61.0
20201111,6,PM2.5,齐齐哈尔,31.0
20201111,6,PM2.5_24h,齐齐哈尔,26.0
20201111,6,PM10,齐齐哈尔,72.0
20201111,6,PM10_24h,齐齐哈尔,67.0
20201111,6,SO2,齐齐哈尔,33.0
20201111,6,SO2_24h,齐齐哈尔,51.0
20201111,6,NO2,齐齐哈尔,30.0
20201111,6,NO2_24h,齐齐哈尔,30.0
20201111,6,O3,齐齐哈尔,3.0
20201111,6,O3_24h,齐齐哈尔,47.0
20201111,6,O3_8h,齐齐哈尔,3.0
20201111,6,O3_8h_24h,齐齐哈尔,4.0
20201111,6,CO,齐齐哈尔,0.7
20201111,6,CO_24h,齐齐哈尔,0.63
20201111,8,AQI,齐齐哈尔,65.0
20201111,8,PM2.5,齐齐哈尔,33.0
20201111,8,PM2.5_24h,齐齐哈尔,26.0
20201111,8,PM10,齐齐哈尔,80.0
20201111,8,PM10_24h,齐齐哈尔,67.0
20201111,8,SO2,齐齐哈尔,13.0
20201111,8,SO2_24h,齐齐哈尔,50.0
20201111,8,NO2,齐齐哈尔,33.0
20201111,8,NO2_24h,齐齐哈尔,30.0
20201111,8,O3,齐齐哈尔,3.0
20201111,8,O3_24h,齐齐哈尔,47.0
20201111,8,O3_8h,齐齐哈尔,3.0
20201111,8,O3_8h_24h,齐齐哈尔,4.0
20201111,8,CO,齐齐哈尔,1.38
20201111,8,CO_24h,齐齐哈尔,0.63
20201111,10,AQI,齐齐哈尔,92.0
20201111,10,PM2.5,齐齐哈尔,42.0
20201111,10,PM2.5_24h,齐齐哈尔,27.0
20201111,10,PM10,齐齐哈尔,134.0
20201111,10,PM10_24h,齐齐哈尔,70.0
20201111,10,SO2,齐齐哈尔,61.0
20201111,10,SO2_24h,齐齐哈尔,52.0
20201111,10,NO2,齐齐哈尔,40.0
20201111,10,NO2_24h,齐齐哈尔,31.0
20201111,10,O3,齐齐哈尔,5.0
20201111,10,O3_24h,齐齐哈尔,47.0
20201111,10,O3_8h,齐齐哈尔,4.0
20201111,10,O3_8h_24h,齐齐哈尔,4.0
20201111,10,CO,齐齐哈尔,1.38
20201111,10,CO_24h,齐齐哈尔,0.72
20201111,11,AQI,齐齐哈尔,100.0
20201111,11,PM2.5,齐齐哈尔,52.0
20201111,11,PM2.5_24h,齐齐哈尔,27.0
20201111,11,PM10,齐齐哈尔,150.0
20201111,11,PM10_24h,齐齐哈尔,74.0
20201111,11,SO2,齐齐哈尔,60.0
20201111,11,SO2_24h,齐齐哈尔,44.0
20201111,11,NO2,齐齐哈尔,29.0
20201111,11,NO2_24h,齐齐哈尔,28.0
20201111,11,O3,齐齐哈尔,15.0
20201111,11,O3_24h,齐齐哈尔,48.0
20201111,11,O3_8h,齐齐哈尔,6.0
20201111,11,O3_8h_24h,齐齐哈尔,6.0
20201111,11,CO,齐齐哈尔,1.32
20201111,11,CO_24h,齐齐哈尔,0.76
20201111,12,AQI,齐齐哈尔,83.0
20201111,12,PM2.5,齐齐哈尔,50.0
20201111,12,PM2.5_24h,齐齐哈尔,28.0
20201111,12,PM10,齐齐哈尔,116.0
20201111,12,PM10_24h,齐齐哈尔,76.0
20201111,12,SO2,齐齐哈尔,39.0
20201111,12,SO2_24h,齐齐哈尔,46.0
20201111,12,NO2,齐齐哈尔,25.0
20201111,12,NO2_24h,齐齐哈尔,29.0
20201111,12,O3,齐齐哈尔,25.0
20201111,12,O3_24h,齐齐哈尔,48.0
20201111,12,O3_8h,齐齐哈尔,9.0
20201111,12,O3_8h_24h,齐齐哈尔,9.0
20201111,12,CO,齐齐哈尔,0.76
20201111,12,CO_24h,齐齐哈尔,0.76
20201111,13,AQI,齐齐哈尔,72.0
20201111,13,PM2.5,齐齐哈尔,41.0
20201111,13,PM2.5_24h,齐齐哈尔,30.0
20201111,13,PM10,齐齐哈尔,93.0
20201111,13,PM10_24h,齐齐哈尔,78.0
20201111,13,SO2,齐齐哈尔,19.0
20201111,13,SO2_24h,齐齐哈尔,47.0
20201111,13,NO2,齐齐哈尔,19.0
20201111,13,NO2_24h,齐齐哈尔,29.0
20201111,13,O3,齐齐哈尔,33.0
20201111,13,O3_24h,齐齐哈尔,48.0
20201111,13,O3_8h,齐齐哈尔,12.0
20201111,13,O3_8h_24h,齐齐哈尔,12.0
20201111,13,CO,齐齐哈尔,0.68
20201111,13,CO_24h,齐齐哈尔,0.76
20201111,14,AQI,齐齐哈尔,64.0
20201111,14,PM2.5,齐齐哈尔,31.0
20201111,14,PM2.5_24h,齐齐哈尔,30.0
20201111,14,PM10,齐齐哈尔,77.0
20201111,14,PM10_24h,齐齐哈尔,79.0
20201111,14,SO2,齐齐哈尔,18.0
20201111,14,SO2_24h,齐齐哈尔,48.0
20201111,14,NO2,齐齐哈尔,20.0
20201111,14,NO2_24h,齐齐哈尔,29.0
20201111,14,O3,齐齐哈尔,36.0
20201111,14,O3_24h,齐齐哈尔,45.0
20201111,14,O3_8h,齐齐哈尔,16.0
20201111,14,O3_8h_24h,齐齐哈尔,16.0
20201111,14,CO,齐齐哈尔,0.63
20201111,14,CO_24h,齐齐哈尔,0.78
20201111,15,AQI,齐齐哈尔,59.0
20201111,15,PM2.5,齐齐哈尔,24.0
20201111,15,PM2.5_24h,齐齐哈尔,30.0
20201111,15,PM10,齐齐哈尔,67.0
20201111,15,PM10_24h,齐齐哈尔,79.0
20201111,15,SO2,齐齐哈尔,21.0
20201111,15,SO2_24h,齐齐哈尔,48.0
20201111,15,NO2,齐齐哈尔,24.0
20201111,15,NO2_24h,齐齐哈尔,29.0
20201111,15,O3,齐齐哈尔,40.0
20201111,15,O3_24h,齐齐哈尔,40.0
20201111,15,O3_8h,齐齐哈尔,21.0
20201111,15,O3_8h_24h,齐齐哈尔,21.0
20201111,15,CO,齐齐哈尔,0.64
20201111,15,CO_24h,齐齐哈尔,0.78
20201111,16,AQI,齐齐哈尔,63.0
20201111,16,PM2.5,齐齐哈尔,25.0
20201111,16,PM2.5_24h,齐齐哈尔,31.0
20201111,16,PM10,齐齐哈尔,76.0
20201111,16,PM10_24h,齐齐哈尔,79.0
20201111,16,SO2,齐齐哈尔,23.0
20201111,16,SO2_24h,齐齐哈尔,48.0
20201111,16,NO2,齐齐哈尔,29.0
20201111,16,NO2_24h,齐齐哈尔,29.0
20201111,16,O3,齐齐哈尔,37.0
20201111,16,O3_24h,齐齐哈尔,37.0
20201111,16,O3_8h,齐齐哈尔,24.0
20201111,16,O3_8h_24h,齐齐哈尔,24.0
20201111,16,CO,齐齐哈尔,0.7
20201111,16,CO_24h,齐齐哈尔,0.78
20201111,17,AQI,齐齐哈尔,71.0
20201111,17,PM2.5,齐齐哈尔,23.0
20201111,17,PM2.5_24h,齐齐哈尔,31.0
20201111,17,PM10,齐齐哈尔,91.0
20201111,17,PM10_24h,齐齐哈尔,80.0
20201111,17,SO2,齐齐哈尔,22.0
20201111,17,SO2_24h,齐齐哈尔,47.0
20201111,17,NO2,齐齐哈尔,32.0
20201111,17,NO2_24h,齐齐哈尔,29.0
20201111,17,O3,齐齐哈尔,32.0
20201111,17,O3_24h,齐齐哈尔,37.0
20201111,17,O3_8h,齐齐哈尔,27.0
20201111,17,O3_8h_24h,齐齐哈尔,27.0
20201111,17,CO,齐齐哈尔,0.84
20201111,17,CO_24h,齐齐哈尔,0.78
20201111,18,AQI,齐齐哈尔,76.0
20201111,18,PM2.5,齐齐哈尔,27.0
20201111,18,PM2.5_24h,齐齐哈尔,31.0
20201111,18,PM10,齐齐哈尔,102.0
20201111,18,PM10_24h,齐齐哈尔,81.0
20201111,18,SO2,齐齐哈尔,66.0
20201111,18,SO2_24h,齐齐哈尔,47.0
20201111,18,NO2,齐齐哈尔,37.0
20201111,18,NO2_24h,齐齐哈尔,29.0
20201111,18,O3,齐齐哈尔,27.0
20201111,18,O3_24h,齐齐哈尔,37.0
20201111,18,O3_8h,齐齐哈尔,29.0
20201111,18,O3_8h_24h,齐齐哈尔,29.0
20201111,18,CO,齐齐哈尔,0.92
20201111,18,CO_24h,齐齐哈尔,0.8
20201111,19,AQI,齐齐哈尔,82.0
20201111,19,PM2.5,齐齐哈尔,32.0
20201111,19,PM2.5_24h,齐齐哈尔,31.0
20201111,19,PM10,齐齐哈尔,113.0
20201111,19,PM10_24h,齐齐哈尔,84.0
20201111,19,SO2,齐齐哈尔,49.0
20201111,19,SO2_24h,齐齐哈尔,47.0
20201111,19,NO2,齐齐哈尔,34.0
20201111,19,NO2_24h,齐齐哈尔,29.0
20201111,19,O3,齐齐哈尔,28.0
20201111,19,O3_24h,齐齐哈尔,37.0
20201111,19,O3_8h,齐齐哈尔,31.0
20201111,19,O3_8h_24h,齐齐哈尔,31.0
20201111,19,CO,齐齐哈尔,0.96
20201111,19,CO_24h,齐齐哈尔,0.84
20201111,20,AQI,齐齐哈尔,86.0
20201111,20,PM2.5,齐齐哈尔,38.0
20201111,20,PM2.5_24h,齐齐哈尔,31.0
20201111,20,PM10,齐齐哈尔,121.0
20201111,20,PM10_24h,齐齐哈尔,86.0
20201111,20,SO2,齐齐哈尔,22.0
20201111,20,SO2_24h,齐齐哈尔,46.0
20201111,20,NO2,齐齐哈尔,33.0
20201111,20,NO2_24h,齐齐哈尔,29.0
20201111,20,O3,齐齐哈尔,25.0
20201111,20,O3_24h,齐齐哈尔,37.0
20201111,20,O3_8h,齐齐哈尔,31.0
20201111,20,O3_8h_24h,齐齐哈尔,31.0
20201111,20,CO,齐齐哈尔,0.88
20201111,20,CO_24h,齐齐哈尔,0.84
20201111,21,AQI,齐齐哈尔,85.0
20201111,21,PM2.5,齐齐哈尔,41.0
20201111,21,PM2.5_24h,齐齐哈尔,32.0
20201111,21,PM10,齐齐哈尔,120.0
20201111,21,PM10_24h,齐齐哈尔,89.0
20201111,21,SO2,齐齐哈尔,21.0
20201111,21,SO2_24h,齐齐哈尔,44.0
20201111,21,NO2,齐齐哈尔,29.0
20201111,21,NO2_24h,齐齐哈尔,30.0
20201111,21,O3,齐齐哈尔,28.0
20201111,21,O3_24h,齐齐哈尔,37.0
20201111,21,O3_8h,齐齐哈尔,30.0
20201111,21,O3_8h_24h,齐齐哈尔,31.0
20201111,21,CO,齐齐哈尔,0.86
20201111,21,CO_24h,齐齐哈尔,0.84
20201111,22,AQI,齐齐哈尔,82.0
20201111,22,PM2.5,齐齐哈尔,42.0
20201111,22,PM2.5_24h,齐齐哈尔,33.0
20201111,22,PM10,齐齐哈尔,113.0
20201111,22,PM10_24h,齐齐哈尔,91.0
20201111,22,SO2,齐齐哈尔,18.0
20201111,22,SO2_24h,齐齐哈尔,42.0
20201111,22,NO2,齐齐哈尔,28.0
20201111,22,NO2_24h,齐齐哈尔,30.0
20201111,22,O3,齐齐哈尔,27.0
20201111,22,O3_24h,齐齐哈尔,37.0
20201111,22,O3_8h,齐齐哈尔,29.0
20201111,22,O3_8h_24h,齐齐哈尔,31.0
20201111,22,CO,齐齐哈尔,0.94
20201111,22,CO_24h,齐齐哈尔,0.84
20201111,23,AQI,齐齐哈尔,86.0
20201111,23,PM2.5,齐齐哈尔,44.0
20201111,23,PM2.5_24h,齐齐哈尔,34.0
20201111,23,PM10,齐齐哈尔,121.0
20201111,23,PM10_24h,齐齐哈尔,94.0
20201111,23,SO2,齐齐哈尔,16.0
20201111,23,SO2_24h,齐齐哈尔,40.0
20201111,23,NO2,齐齐哈尔,27.0
20201111,23,NO2_24h,齐齐哈尔,30.0
20201111,23,O3,齐齐哈尔,26.0
20201111,23,O3_24h,齐齐哈尔,39.0
20201111,23,O3_8h,齐齐哈尔,28.0
20201111,23,O3_8h_24h,齐齐哈尔,32.0
20201111,23,CO,齐齐哈尔,1.04
20201111,23,CO_24h,齐齐哈尔,0.88
20201111,0,AQI,牡丹江,69.0
20201111,0,PM2.5,牡丹江,50.0
20201111,0,PM2.5_24h,牡丹江,26.0
20201111,0,PM10,牡丹江,83.0
20201111,0,PM10_24h,牡丹江,51.0
20201111,0,SO2,牡丹江,11.0
20201111,0,SO2_24h,牡丹江,8.0
20201111,0,NO2,牡丹江,46.0
20201111,0,NO2_24h,牡丹江,28.0
20201111,0,O3,牡丹江,11.0
20201111,0,O3_24h,牡丹江,52.0
20201111,0,O3_8h,牡丹江,15.0
20201111,0,O3_8h_24h,牡丹江,42.0
20201111,0,CO,牡丹江,0.72
20201111,0,CO_24h,牡丹江,0.44
20201111,1,AQI,牡丹江,66.0
20201111,1,PM2.5,牡丹江,48.0
20201111,1,PM2.5_24h,牡丹江,28.0
20201111,1,PM10,牡丹江,78.0
20201111,1,PM10_24h,牡丹江,53.0
20201111,1,SO2,牡丹江,10.0
20201111,1,SO2_24h,牡丹江,8.0
20201111,1,NO2,牡丹江,39.0
20201111,1,NO2_24h,牡丹江,29.0
20201111,1,O3,牡丹江,14.0
20201111,1,O3_24h,牡丹江,52.0
20201111,1,O3_8h,牡丹江,14.0
20201111,1,O3_8h_24h,牡丹江,14.0
20201111,1,CO,牡丹江,0.62
20201111,1,CO_24h,牡丹江,0.46
20201111,2,AQI,牡丹江,65.0
20201111,2,PM2.5,牡丹江,47.0
20201111,2,PM2.5_24h,牡丹江,29.0
20201111,2,PM10,牡丹江,77.0
20201111,2,PM10_24h,牡丹江,56.0
20201111,2,SO2,牡丹江,10.0
20201111,2,SO2_24h,牡丹江,8.0
20201111,2,NO2,牡丹江,40.0
20201111,2,NO2_24h,牡丹江,30.0
20201111,2,O3,牡丹江,12.0
20201111,2,O3_24h,牡丹江,52.0
20201111,2,O3_8h,牡丹江,13.0
20201111,2,O3_8h_24h,牡丹江,14.0
20201111,2,CO,牡丹江,0.64
20201111,2,CO_24h,牡丹江,0.46
20201111,3,AQI,牡丹江,64.0
20201111,3,PM2.5,牡丹江,46.0
20201111,3,PM2.5_24h,牡丹江,30.0
20201111,3,PM10,牡丹江,72.0
20201111,3,PM10_24h,牡丹江,58.0
20201111,3,SO2,牡丹江,9.0
20201111,3,SO2_24h,牡丹江,8.0
20201111,3,NO2,牡丹江,36.0
20201111,3,NO2_24h,牡丹江,31.0
20201111,3,O3,牡丹江,13.0
20201111,3,O3_24h,牡丹江,52.0
20201111,3,O3_8h,牡丹江,13.0
20201111,3,O3_8h_24h,牡丹江,15.0
20201111,3,CO,牡丹江,0.64
20201111,3,CO_24h,牡丹江,0.5
20201111,4,AQI,牡丹江,65.0
20201111,4,PM2.5,牡丹江,47.0
20201111,4,PM2.5_24h,牡丹江,31.0
20201111,4,PM10,牡丹江,67.0
20201111,4,PM10_24h,牡丹江,60.0
20201111,4,SO2,牡丹江,9.0
20201111,4,SO2_24h,牡丹江,8.0
20201111,4,NO2,牡丹江,37.0
20201111,4,NO2_24h,牡丹江,32.0
20201111,4,O3,牡丹江,9.0
20201111,4,O3_24h,牡丹江,52.0
20201111,4,O3_8h,牡丹江,12.0
20201111,4,O3_8h_24h,牡丹江,15.0
20201111,4,CO,牡丹江,0.66
20201111,4,CO_24h,牡丹江,0.5
20201111,5,AQI,牡丹江,70.0
20201111,5,PM2.5,牡丹江,51.0
20201111,5,PM2.5_24h,牡丹江,33.0
20201111,5,PM10,牡丹江,78.0
20201111,5,PM10_24h,牡丹江,61.0
20201111,5,SO2,牡丹江,8.0
20201111,5,SO2_24h,牡丹江,8.0
20201111,5,NO2,牡丹江,35.0
20201111,5,NO2_24h,牡丹江,33.0
20201111,5,O3,牡丹江,7.0
20201111,5,O3_24h,牡丹江,52.0
20201111,5,O3_8h,牡丹江,11.0
20201111,5,O3_8h_24h,牡丹江,15.0
20201111,5,CO,牡丹江,0.68
20201111,5,CO_24h,牡丹江,0.52
20201111,6,AQI,牡丹江,63.0
20201111,6,PM2.5,牡丹江,45.0
20201111,6,PM2.5_24h,牡丹江,34.0
20201111,6,PM10,牡丹江,72.0
20201111,6,PM10_24h,牡丹江,63.0
20201111,6,SO2,牡丹江,8.0
20201111,6,SO2_24h,牡丹江,8.0
20201111,6,NO2,牡丹江,35.0
20201111,6,NO2_24h,牡丹江,33.0
20201111,6,O3,牡丹江,6.0
20201111,6,O3_24h,牡丹江,52.0
20201111,6,O3_8h,牡丹江,10.0
20201111,6,O3_8h_24h,牡丹江,15.0
20201111,6,CO,牡丹江,0.64
20201111,6,CO_24h,牡丹江,0.52
20201111,8,AQI,牡丹江,104.0
20201111,8,PM2.5,牡丹江,78.0
20201111,8,PM2.5_24h,牡丹江,38.0
20201111,8,PM10,牡丹江,157.0
20201111,8,PM10_24h,牡丹江,71.0
20201111,8,SO2,牡丹江,12.0
20201111,8,SO2_24h,牡丹江,9.0
20201111,8,NO2,牡丹江,48.0
20201111,8,NO2_24h,牡丹江,34.0
20201111,8,O3,牡丹江,7.0
20201111,8,O3_24h,牡丹江,52.0
20201111,8,O3_8h,牡丹江,9.0
20201111,8,O3_8h_24h,牡丹江,15.0
20201111,8,CO,牡丹江,1.3
20201111,8,CO_24h,牡丹江,0.58
20201111,10,AQI,牡丹江,67.0
20201111,10,PM2.5,牡丹江,42.0
20201111,10,PM2.5_24h,牡丹江,40.0
20201111,10,PM10,牡丹江,83.0
20201111,10,PM10_24h,牡丹江,76.0
20201111,10,SO2,牡丹江,19.0
20201111,10,SO2_24h,牡丹江,9.0
20201111,10,NO2,牡丹江,41.0
20201111,10,NO2_24h,牡丹江,37.0
20201111,10,O3,牡丹江,23.0
20201111,10,O3_24h,牡丹江,52.0
20201111,10,O3_8h,牡丹江,10.0
20201111,10,O3_8h_24h,牡丹江,15.0
20201111,10,CO,牡丹江,0.67
20201111,10,CO_24h,牡丹江,0.62
20201111,11,AQI,牡丹江,60.0
20201111,11,PM2.5,牡丹江,37.0
20201111,11,PM2.5_24h,牡丹江,41.0
20201111,11,PM10,牡丹江,69.0
20201111,11,PM10_24h,牡丹江,77.0
20201111,11,SO2,牡丹江,15.0
20201111,11,SO2_24h,牡丹江,9.0
20201111,11,NO2,牡丹江,33.0
20201111,11,NO2_24h,牡丹江,37.0
20201111,11,O3,牡丹江,37.0
20201111,11,O3_24h,牡丹江,52.0
20201111,11,O3_8h,牡丹江,13.0
20201111,11,O3_8h_24h,牡丹江,17.0
20201111,11,CO,牡丹江,0.53
20201111,11,CO_24h,牡丹江,0.64
20201111,12,AQI,牡丹江,60.0
20201111,12,PM2.5,牡丹江,30.0
20201111,12,PM2.5_24h,牡丹江,41.0
20201111,12,PM10,牡丹江,70.0
20201111,12,PM10_24h,牡丹江,77.0
20201111,12,SO2,牡丹江,12.0
20201111,12,SO2_24h,牡丹江,10.0
20201111,12,NO2,牡丹江,28.0
20201111,12,NO2_24h,牡丹江,37.0
20201111,12,O3,牡丹江,48.0
20201111,12,O3_24h,牡丹江,52.0
20201111,12,O3_8h,牡丹江,17.0
20201111,12,O3_8h_24h,牡丹江,19.0
20201111,12,CO,牡丹江,0.48
20201111,12,CO_24h,牡丹江,0.64
20201111,13,AQI,牡丹江,58.0
20201111,13,PM2.5,牡丹江,32.0
20201111,13,PM2.5_24h,牡丹江,41.0
20201111,13,PM10,牡丹江,65.0
20201111,13,PM10_24h,牡丹江,78.0
20201111,13,SO2,牡丹江,11.0
20201111,13,SO2_24h,牡丹江,10.0
20201111,13,NO2,牡丹江,25.0
20201111,13,NO2_24h,牡丹江,38.0
20201111,13,O3,牡丹江,54.0
20201111,13,O3_24h,牡丹江,55.0
20201111,13,O3_8h,牡丹江,24.0
20201111,13,O3_8h_24h,牡丹江,25.0
20201111,13,CO,牡丹江,0.52
20201111,13,CO_24h,牡丹江,0.66
20201111,14,AQI,牡丹江,58.0
20201111,14,PM2.5,牡丹江,26.0
20201111,14,PM2.5_24h,牡丹江,42.0
20201111,14,PM10,牡丹江,66.0
20201111,14,PM10_24h,牡丹江,79.0
20201111,14,SO2,牡丹江,9.0
20201111,14,SO2_24h,牡丹江,10.0
20201111,14,NO2,牡丹江,25.0
20201111,14,NO2_24h,牡丹江,39.0
20201111,14,O3,牡丹江,60.0
20201111,14,O3_24h,牡丹江,60.0
20201111,14,O3_8h,牡丹江,31.0
20201111,14,O3_8h_24h,牡丹江,31.0
20201111,14,CO,牡丹江,0.48
20201111,14,CO_24h,牡丹江,0.68
20201111,15,AQI,牡丹江,59.0
20201111,15,PM2.5,牡丹江,28.0
20201111,15,PM2.5_24h,牡丹江,42.0
20201111,15,PM10,牡丹江,68.0
20201111,15,PM10_24h,牡丹江,80.0
20201111,15,SO2,牡丹江,10.0
20201111,15,SO2_24h,牡丹江,11.0
20201111,15,NO2,牡丹江,36.0
20201111,15,NO2_24h,牡丹江,40.0
20201111,15,O3,牡丹江,52.0
20201111,15,O3_24h,牡丹江,60.0
20201111,15,O3_8h,牡丹江,37.0
20201111,15,O3_8h_24h,牡丹江,37.0
20201111,15,CO,牡丹江,0.56
20201111,15,CO_24h,牡丹江,0.7
20201111,16,AQI,牡丹江,69.0
20201111,16,PM2.5,牡丹江,32.0
20201111,16,PM2.5_24h,牡丹江,43.0
20201111,16,PM10,牡丹江,88.0
20201111,16,PM10_24h,牡丹江,82.0
20201111,16,SO2,牡丹江,10.0
20201111,16,SO2_24h,牡丹江,11.0
20201111,16,NO2,牡丹江,56.0
20201111,16,NO2_24h,牡丹江,41.0
20201111,16,O3,牡丹江,32.0
20201111,16,O3_24h,牡丹江,60.0
20201111,16,O3_8h,牡丹江,40.0
20201111,16,O3_8h_24h,牡丹江,40.0
20201111,16,CO,牡丹江,0.64
20201111,16,CO_24h,牡丹江,0.72
20201111,17,AQI,牡丹江,103.0
20201111,17,PM2.5,牡丹江,54.0
20201111,17,PM2.5_24h,牡丹江,44.0
20201111,17,PM10,牡丹江,155.0
20201111,17,PM10_24h,牡丹江,87.0
20201111,17,SO2,牡丹江,13.0
20201111,17,SO2_24h,牡丹江,11.0
20201111,17,NO2,牡丹江,83.0
20201111,17,NO2_24h,牡丹江,43.0
20201111,17,O3,牡丹江,12.0
20201111,17,O3_24h,牡丹江,60.0
20201111,17,O3_8h,牡丹江,39.0
20201111,17,O3_8h_24h,牡丹江,40.0
20201111,17,CO,牡丹江,1.02
20201111,17,CO_24h,牡丹江,0.72
20201111,18,AQI,牡丹江,126.0
20201111,18,PM2.5,牡丹江,85.0
20201111,18,PM2.5_24h,牡丹江,46.0
20201111,18,PM10,牡丹江,201.0
20201111,18,PM10_24h,牡丹江,92.0
20201111,18,SO2,牡丹江,14.0
20201111,18,SO2_24h,牡丹江,11.0
20201111,18,NO2,牡丹江,80.0
20201111,18,NO2_24h,牡丹江,44.0
20201111,18,O3,牡丹江,7.0
20201111,18,O3_24h,牡丹江,60.0
20201111,18,O3_8h,牡丹江,37.0
20201111,18,O3_8h_24h,牡丹江,40.0
20201111,18,CO,牡丹江,1.46
20201111,18,CO_24h,牡丹江,0.76
20201111,19,AQI,牡丹江,140.0
20201111,19,PM2.5,牡丹江,107.0
20201111,19,PM2.5_24h,牡丹江,49.0
20201111,19,PM10,牡丹江,183.0
20201111,19,PM10_24h,牡丹江,97.0
20201111,19,SO2,牡丹江,15.0
20201111,19,SO2_24h,牡丹江,12.0
20201111,19,NO2,牡丹江,74.0
20201111,19,NO2_24h,牡丹江,45.0
20201111,19,O3,牡丹江,8.0
20201111,19,O3_24h,牡丹江,60.0
20201111,19,O3_8h,牡丹江,33.0
20201111,19,O3_8h_24h,牡丹江,40.0
20201111,19,CO,牡丹江,1.66
20201111,19,CO_24h,牡丹江,0.78
20201111,20,AQI,牡丹江,115.0
20201111,20,PM2.5,牡丹江,87.0
20201111,20,PM2.5_24h,牡丹江,51.0
20201111,20,PM10,牡丹江,155.0
20201111,20,PM10_24h,牡丹江,100.0
20201111,20,SO2,牡丹江,15.0
20201111,20,SO2_24h,牡丹江,12.0
20201111,20,NO2,牡丹江,66.0
20201111,20,NO2_24h,牡丹江,46.0
20201111,20,O3,牡丹江,9.0
20201111,20,O3_24h,牡丹江,60.0
20201111,20,O3_8h,牡丹江,29.0
20201111,20,O3_8h_24h,牡丹江,40.0
20201111,20,CO,牡丹江,1.38
20201111,20,CO_24h,牡丹江,0.84
20201111,21,AQI,牡丹江,98.0
20201111,21,PM2.5,牡丹江,73.0
20201111,21,PM2.5_24h,牡丹江,53.0
20201111,21,PM10,牡丹江,138.0
20201111,21,PM10_24h,牡丹江,102.0
20201111,21,SO2,牡丹江,15.0
20201111,21,SO2_24h,牡丹江,12.0
20201111,21,NO2,牡丹江,63.0
20201111,21,NO2_24h,牡丹江,47.0
20201111,21,O3,牡丹江,8.0
20201111,21,O3_24h,牡丹江,60.0
20201111,21,O3_8h,牡丹江,23.0
20201111,21,O3_8h_24h,牡丹江,40.0
20201111,21,CO,牡丹江,1.52
20201111,21,CO_24h,牡丹江,0.86
20201111,22,AQI,牡丹江,105.0
20201111,22,PM2.5,牡丹江,79.0
20201111,22,PM2.5_24h,牡丹江,55.0
20201111,22,PM10,牡丹江,139.0
20201111,22,PM10_24h,牡丹江,105.0
20201111,22,SO2,牡丹江,14.0
20201111,22,SO2_24h,牡丹江,12.0
20201111,22,NO2,牡丹江,58.0
20201111,22,NO2_24h,牡丹江,47.0
20201111,22,O3,牡丹江,7.0
20201111,22,O3_24h,牡丹江,60.0
20201111,22,O3_8h,牡丹江,17.0
20201111,22,O3_8h_24h,牡丹江,40.0
20201111,22,CO,牡丹江,1.66
20201111,22,CO_24h,牡丹江,0.9
20201111,23,AQI,牡丹江,90.0
20201111,23,PM2.5,牡丹江,67.0
20201111,23,PM2.5_24h,牡丹江,55.0
20201111,23,PM10,牡丹江,104.0
20201111,23,PM10_24h,牡丹江,105.0
20201111,23,SO2,牡丹江,12.0
20201111,23,SO2_24h,牡丹江,12.0
20201111,23,NO2,牡丹江,55.0
20201111,23,NO2_24h,牡丹江,47.0
20201111,23,O3,牡丹江,7.0
20201111,23,O3_24h,牡丹江,60.0
20201111,23,O3_8h,牡丹江,11.0
20201111,23,O3_8h_24h,牡丹江,40.0
20201111,23,CO,牡丹江,1.38
20201111,23,CO_24h,牡丹江,0.9
20201111,0,AQI,大庆,61.0
20201111,0,PM2.5,大庆,31.0
20201111,0,PM2.5_24h,大庆,19.0
20201111,0,PM10,大庆,71.0
20201111,0,PM10_24h,大庆,43.0
20201111,0,SO2,大庆,12.0
20201111,0,SO2_24h,大庆,9.0
20201111,0,NO2,大庆,34.0
20201111,0,NO2_24h,大庆,28.0
20201111,0,O3,大庆,7.0
20201111,0,O3_24h,大庆,39.0
20201111,0,O3_8h,大庆,11.0
20201111,0,O3_8h_24h,大庆,30.0
20201111,0,CO,大庆,0.56
20201111,0,CO_24h,大庆,0.46
20201111,1,AQI,大庆,58.0
20201111,1,PM2.5,大庆,28.0
20201111,1,PM2.5_24h,大庆,19.0
20201111,1,PM10,大庆,65.0
20201111,1,PM10_24h,大庆,44.0
20201111,1,SO2,大庆,12.0
20201111,1,SO2_24h,大庆,9.0
20201111,1,NO2,大庆,32.0
20201111,1,NO2_24h,大庆,28.0
20201111,1,O3,大庆,8.0
20201111,1,O3_24h,大庆,39.0
20201111,1,O3_8h,大庆,8.0
20201111,1,O3_8h_24h,大庆,8.0
20201111,1,CO,大庆,0.56
20201111,1,CO_24h,大庆,0.46
20201111,2,AQI,大庆,60.0
20201111,2,PM2.5,大庆,29.0
20201111,2,PM2.5_24h,大庆,19.0
20201111,2,PM10,大庆,69.0
20201111,2,PM10_24h,大庆,45.0
20201111,2,SO2,大庆,11.0
20201111,2,SO2_24h,大庆,9.0
20201111,2,NO2,大庆,31.0
20201111,2,NO2_24h,大庆,28.0
20201111,2,O3,大庆,8.0
20201111,2,O3_24h,大庆,39.0
20201111,2,O3_8h,大庆,8.0
20201111,2,O3_8h_24h,大庆,8.0
20201111,2,CO,大庆,0.56
20201111,2,CO_24h,大庆,0.46
20201111,3,AQI,大庆,61.0
20201111,3,PM2.5,大庆,31.0
20201111,3,PM2.5_24h,大庆,20.0
20201111,3,PM10,大庆,72.0
20201111,3,PM10_24h,大庆,47.0
20201111,3,SO2,大庆,9.0
20201111,3,SO2_24h,大庆,9.0
20201111,3,NO2,大庆,30.0
20201111,3,NO2_24h,大庆,29.0
20201111,3,O3,大庆,9.0
20201111,3,O3_24h,大庆,39.0
20201111,3,O3_8h,大庆,8.0
20201111,3,O3_8h_24h,大庆,8.0
20201111,3,CO,大庆,0.5
20201111,3,CO_24h,大庆,0.46
20201111,4,AQI,大庆,60.0
20201111,4,PM2.5,大庆,30.0
20201111,4,PM2.5_24h,大庆,20.0
20201111,4,PM10,大庆,69.0
20201111,4,PM10_24h,大庆,49.0
20201111,4,SO2,大庆,9.0
20201111,4,SO2_24h,大庆,9.0
20201111,4,NO2,大庆,30.0
20201111,4,NO2_24h,大庆,29.0
20201111,4,O3,大庆,10.0
20201111,4,O3_24h,大庆,39.0
20201111,4,O3_8h,大庆,9.0
20201111,4,O3_8h_24h,大庆,9.0
20201111,4,CO,大庆,0.48
20201111,4,CO_24h,大庆,0.46
20201111,5,AQI,大庆,59.0
20201111,5,PM2.5,大庆,27.0
20201111,5,PM2.5_24h,大庆,21.0
20201111,5,PM10,大庆,67.0
20201111,5,PM10_24h,大庆,50.0
20201111,5,SO2,大庆,8.0
20201111,5,SO2_24h,大庆,10.0
20201111,5,NO2,大庆,28.0
20201111,5,NO2_24h,大庆,29.0
20201111,5,O3,大庆,11.0
20201111,5,O3_24h,大庆,39.0
20201111,5,O3_8h,大庆,9.0
20201111,5,O3_8h_24h,大庆,10.0
20201111,5,CO,大庆,0.52
20201111,5,CO_24h,大庆,0.48
20201111,6,AQI,大庆,56.0
20201111,6,PM2.5,大庆,24.0
20201111,6,PM2.5_24h,大庆,21.0
20201111,6,PM10,大庆,61.0
20201111,6,PM10_24h,大庆,52.0
20201111,6,SO2,大庆,13.0
20201111,6,SO2_24h,大庆,10.0
20201111,6,NO2,大庆,30.0
20201111,6,NO2_24h,大庆,30.0
20201111,6,O3,大庆,11.0
20201111,6,O3_24h,大庆,39.0
20201111,6,O3_8h,大庆,9.0
20201111,6,O3_8h_24h,大庆,10.0
20201111,6,CO,大庆,0.58
20201111,6,CO_24h,大庆,0.48
20201111,8,AQI,大庆,61.0
20201111,8,PM2.5,大庆,30.0
20201111,8,PM2.5_24h,大庆,22.0
20201111,8,PM10,大庆,72.0
20201111,8,PM10_24h,大庆,55.0
20201111,8,SO2,大庆,11.0
20201111,8,SO2_24h,大庆,10.0
20201111,8,NO2,大庆,32.0
20201111,8,NO2_24h,大庆,30.0
20201111,8,O3,大庆,10.0
20201111,8,O3_24h,大庆,39.0
20201111,8,O3_8h,大庆,9.0
20201111,8,O3_8h_24h,大庆,10.0
20201111,8,CO,大庆,0.82
20201111,8,CO_24h,大庆,0.52
20201111,10,AQI,大庆,66.0
20201111,10,PM2.5,大庆,36.0
20201111,10,PM2.5_24h,大庆,24.0
20201111,10,PM10,大庆,82.0
20201111,10,PM10_24h,大庆,59.0
20201111,10,SO2,大庆,16.0
20201111,10,SO2_24h,大庆,11.0
20201111,10,NO2,大庆,30.0
20201111,10,NO2_24h,大庆,30.0
20201111,10,O3,大庆,24.0
20201111,10,O3_24h,大庆,39.0
20201111,10,O3_8h,大庆,12.0
20201111,10,O3_8h_24h,大庆,12.0
20201111,10,CO,大庆,0.72
20201111,10,CO_24h,大庆,0.54
20201111,11,AQI,大庆,70.0
20201111,11,PM2.5,大庆,35.0
20201111,11,PM2.5_24h,大庆,25.0
20201111,11,PM10,大庆,90.0
20201111,11,PM10_24h,大庆,61.0
20201111,11,SO2,大庆,12.0
20201111,11,SO2_24h,大庆,11.0
20201111,11,NO2,大庆,31.0
20201111,11,NO2_24h,大庆,31.0
20201111,11,O3,大庆,31.0
20201111,11,O3_24h,大庆,39.0
20201111,11,O3_8h,大庆,15.0
20201111,11,O3_8h_24h,大庆,15.0
20201111,11,CO,大庆,0.72
20201111,11,CO_24h,大庆,0.56
20201111,12,AQI,大庆,70.0
20201111,12,PM2.5,大庆,38.0
20201111,12,PM2.5_24h,大庆,26.0
20201111,12,PM10,大庆,90.0
20201111,12,PM10_24h,大庆,64.0
20201111,12,SO2,大庆,12.0
20201111,12,SO2_24h,大庆,11.0
20201111,12,NO2,大庆,30.0
20201111,12,NO2_24h,大庆,31.0
20201111,12,O3,大庆,41.0
20201111,12,O3_24h,大庆,42.0
20201111,12,O3_8h,大庆,19.0
20201111,12,O3_8h_24h,大庆,19.0
20201111,12,CO,大庆,0.7
20201111,12,CO_24h,大庆,0.56
20201111,13,AQI,大庆,73.0
20201111,13,PM2.5,大庆,37.0
20201111,13,PM2.5_24h,大庆,27.0
20201111,13,PM10,大庆,96.0
20201111,13,PM10_24h,大庆,66.0
20201111,13,SO2,大庆,11.0
20201111,13,SO2_24h,大庆,11.0
20201111,13,NO2,大庆,31.0
20201111,13,NO2_24h,大庆,32.0
20201111,13,O3,大庆,48.0
20201111,13,O3_24h,大庆,48.0
20201111,13,O3_8h,大庆,23.0
20201111,13,O3_8h_24h,大庆,23.0
20201111,13,CO,大庆,0.74
20201111,13,CO_24h,大庆,0.56
20201111,14,AQI,大庆,73.0
20201111,14,PM2.5,大庆,37.0
20201111,14,PM2.5_24h,大庆,28.0
20201111,14,PM10,大庆,96.0
20201111,14,PM10_24h,大庆,68.0
20201111,14,SO2,大庆,11.0
20201111,14,SO2_24h,大庆,11.0
20201111,14,NO2,大庆,32.0
20201111,14,NO2_24h,大庆,32.0
20201111,14,O3,大庆,65.0
20201111,14,O3_24h,大庆,65.0
20201111,14,O3_8h,大庆,30.0
20201111,14,O3_8h_24h,大庆,30.0
20201111,14,CO,大庆,0.7
20201111,14,CO_24h,大庆,0.6
20201111,15,AQI,大庆,74.0
20201111,15,PM2.5,大庆,36.0
20201111,15,PM2.5_24h,大庆,29.0
20201111,15,PM10,大庆,98.0
20201111,15,PM10_24h,大庆,70.0
20201111,15,SO2,大庆,9.0
20201111,15,SO2_24h,大庆,11.0
20201111,15,NO2,大庆,34.0
20201111,15,NO2_24h,大庆,33.0
20201111,15,O3,大庆,49.0
20201111,15,O3_24h,大庆,66.0
20201111,15,O3_8h,大庆,35.0
20201111,15,O3_8h_24h,大庆,35.0
20201111,15,CO,大庆,0.7
20201111,15,CO_24h,大庆,0.6
20201111,16,AQI,大庆,70.0
20201111,16,PM2.5,大庆,37.0
20201111,16,PM2.5_24h,大庆,30.0
20201111,16,PM10,大庆,89.0
20201111,16,PM10_24h,大庆,73.0
20201111,16,SO2,大庆,9.0
20201111,16,SO2_24h,大庆,11.0
20201111,16,NO2,大庆,39.0
20201111,16,NO2_24h,大庆,33.0
20201111,16,O3,大庆,45.0
20201111,16,O3_24h,大庆,66.0
20201111,16,O3_8h,大庆,40.0
20201111,16,O3_8h_24h,大庆,40.0
20201111,16,CO,大庆,0.74
20201111,16,CO_24h,大庆,0.64
20201111,17,AQI,大庆,73.0
20201111,17,PM2.5,大庆,38.0
20201111,17,PM2.5_24h,大庆,31.0
20201111,17,PM10,大庆,95.0
20201111,17,PM10_24h,大庆,76.0
20201111,17,SO2,大庆,10.0
20201111,17,SO2_24h,大庆,11.0
20201111,17,NO2,大庆,44.0
20201111,17,NO2_24h,大庆,34.0
20201111,17,O3,大庆,38.0
20201111,17,O3_24h,大庆,66.0
20201111,17,O3_8h,大庆,43.0
20201111,17,O3_8h_24h,大庆,43.0
20201111,17,CO,大庆,0.88
20201111,17,CO_24h,大庆,0.64
20201111,18,AQI,大庆,80.0
20201111,18,PM2.5,大庆,38.0
20201111,18,PM2.5_24h,大庆,32.0
20201111,18,PM10,大庆,110.0
20201111,18,PM10_24h,大庆,78.0
20201111,18,SO2,大庆,11.0
20201111,18,SO2_24h,大庆,11.0
20201111,18,NO2,大庆,44.0
20201111,18,NO2_24h,大庆,34.0
20201111,18,O3,大庆,36.0
20201111,18,O3_24h,大庆,66.0
20201111,18,O3_8h,大庆,44.0
20201111,18,O3_8h_24h,大庆,44.0
20201111,18,CO,大庆,1.04
20201111,18,CO_24h,大庆,0.66
20201111,19,AQI,大庆,83.0
20201111,19,PM2.5,大庆,43.0
20201111,19,PM2.5_24h,大庆,33.0
20201111,19,PM10,大庆,116.0
20201111,19,PM10_24h,大庆,80.0
20201111,19,SO2,大庆,12.0
20201111,19,SO2_24h,大庆,11.0
20201111,19,NO2,大庆,40.0
20201111,19,NO2_24h,大庆,34.0
20201111,19,O3,大庆,39.0
20201111,19,O3_24h,大庆,66.0
20201111,19,O3_8h,大庆,45.0
20201111,19,O3_8h_24h,大庆,45.0
20201111,19,CO,大庆,1.06
20201111,19,CO_24h,大庆,0.7
20201111,20,AQI,大庆,88.0
20201111,20,PM2.5,大庆,43.0
20201111,20,PM2.5_24h,大庆,33.0
20201111,20,PM10,大庆,125.0
20201111,20,PM10_24h,大庆,83.0
20201111,20,SO2,大庆,12.0
20201111,20,SO2_24h,大庆,11.0
20201111,20,NO2,大庆,40.0
20201111,20,NO2_24h,大庆,34.0
20201111,20,O3,大庆,37.0
20201111,20,O3_24h,大庆,66.0
20201111,20,O3_8h,大庆,45.0
20201111,20,O3_8h_24h,大庆,45.0
20201111,20,CO,大庆,1.1
20201111,20,CO_24h,大庆,0.7
20201111,21,AQI,大庆,88.0
20201111,21,PM2.5,大庆,44.0
20201111,21,PM2.5_24h,大庆,34.0
20201111,21,PM10,大庆,126.0
20201111,21,PM10_24h,大庆,85.0
20201111,21,SO2,大庆,13.0
20201111,21,SO2_24h,大庆,12.0
20201111,21,NO2,大庆,39.0
20201111,21,NO2_24h,大庆,34.0
20201111,21,O3,大庆,40.0
20201111,21,O3_24h,大庆,66.0
20201111,21,O3_8h,大庆,44.0
20201111,21,O3_8h_24h,大庆,45.0
20201111,21,CO,大庆,1.12
20201111,21,CO_24h,大庆,0.74
20201111,22,AQI,大庆,97.0
20201111,22,PM2.5,大庆,46.0
20201111,22,PM2.5_24h,大庆,35.0
20201111,22,PM10,大庆,143.0
20201111,22,PM10_24h,大庆,89.0
20201111,22,SO2,大庆,14.0
20201111,22,SO2_24h,大庆,11.0
20201111,22,NO2,大庆,33.0
20201111,22,NO2_24h,大庆,34.0
20201111,22,O3,大庆,52.0
20201111,22,O3_24h,大庆,68.0
20201111,22,O3_8h,大庆,42.0
20201111,22,O3_8h_24h,大庆,45.0
20201111,22,CO,大庆,1.1
20201111,22,CO_24h,大庆,0.74
20201111,23,AQI,大庆,98.0
20201111,23,PM2.5,大庆,56.0
20201111,23,PM2.5_24h,大庆,36.0
20201111,23,PM10,大庆,145.0
20201111,23,PM10_24h,大庆,92.0
20201111,23,SO2,大庆,20.0
20201111,23,SO2_24h,大庆,12.0
20201111,23,NO2,大庆,30.0
20201111,23,NO2_24h,大庆,34.0
20201111,23,O3,大庆,61.0
20201111,23,O3_24h,大庆,74.0
20201111,23,O3_8h,大庆,43.0
20201111,23,O3_8h_24h,大庆,46.0
20201111,23,CO,大庆,1.04
20201111,23,CO_24h,大庆,0.76
20201111,0,AQI,芜湖,64.0
20201111,0,PM2.5,芜湖,45.0
20201111,0,PM2.5_24h,芜湖,39.0
20201111,0,PM10,芜湖,78.0
20201111,0,PM10_24h,芜湖,90.0
20201111,0,SO2,芜湖,11.0
20201111,0,SO2_24h,芜湖,14.0
20201111,0,NO2,芜湖,51.0
20201111,0,NO2_24h,芜湖,47.0
20201111,0,O3,芜湖,63.0
20201111,0,O3_24h,芜湖,125.0
20201111,0,O3_8h,芜湖,79.0
20201111,0,O3_8h_24h,芜湖,111.0
20201111,0,CO,芜湖,0.7
20201111,0,CO_24h,芜湖,0.8
20201111,1,AQI,芜湖,68.0
20201111,1,PM2.5,芜湖,49.0
20201111,1,PM2.5_24h,芜湖,40.0
20201111,1,PM10,芜湖,84.0
20201111,1,PM10_24h,芜湖,89.0
20201111,1,SO2,芜湖,12.0
20201111,1,SO2_24h,芜湖,14.0
20201111,1,NO2,芜湖,48.0
20201111,1,NO2_24h,芜湖,46.0
20201111,1,O3,芜湖,61.0
20201111,1,O3_24h,芜湖,125.0
20201111,1,O3_8h,芜湖,61.0
20201111,1,O3_8h_24h,芜湖,61.0
20201111,1,CO,芜湖,0.73
20201111,1,CO_24h,芜湖,0.8
20201111,2,AQI,芜湖,72.0
20201111,2,PM2.5,芜湖,50.0
20201111,2,PM2.5_24h,芜湖,40.0
20201111,2,PM10,芜湖,93.0
20201111,2,PM10_24h,芜湖,88.0
20201111,2,SO2,芜湖,12.0
20201111,2,SO2_24h,芜湖,14.0
20201111,2,NO2,芜湖,48.0
20201111,2,NO2_24h,芜湖,45.0
20201111,2,O3,芜湖,55.0
20201111,2,O3_24h,芜湖,125.0
20201111,2,O3_8h,芜湖,58.0
20201111,2,O3_8h_24h,芜湖,61.0
20201111,2,CO,芜湖,0.7
20201111,2,CO_24h,芜湖,0.8
20201111,3,AQI,芜湖,71.0
20201111,3,PM2.5,芜湖,52.0
20201111,3,PM2.5_24h,芜湖,40.0
20201111,3,PM10,芜湖,85.0
20201111,3,PM10_24h,芜湖,87.0
20201111,3,SO2,芜湖,12.0
20201111,3,SO2_24h,芜湖,14.0
20201111,3,NO2,芜湖,51.0
20201111,3,NO2_24h,芜湖,45.0
20201111,3,O3,芜湖,43.0
20201111,3,O3_24h,芜湖,125.0
20201111,3,O3_8h,芜湖,53.0
20201111,3,O3_8h_24h,芜湖,61.0
20201111,3,CO,芜湖,0.73
20201111,3,CO_24h,芜湖,0.8
20201111,4,AQI,芜湖,79.0
20201111,4,PM2.5,芜湖,58.0
20201111,4,PM2.5_24h,芜湖,41.0
20201111,4,PM10,芜湖,79.0
20201111,4,PM10_24h,芜湖,86.0
20201111,4,SO2,芜湖,12.0
20201111,4,SO2_24h,芜湖,13.0
20201111,4,NO2,芜湖,46.0
20201111,4,NO2_24h,芜湖,44.0
20201111,4,O3,芜湖,41.0
20201111,4,O3_24h,芜湖,125.0
20201111,4,O3_8h,芜湖,50.0
20201111,4,O3_8h_24h,芜湖,61.0
20201111,4,CO,芜湖,0.77
20201111,4,CO_24h,芜湖,0.77
20201111,5,AQI,芜湖,90.0
20201111,5,PM2.5,芜湖,67.0
20201111,5,PM2.5_24h,芜湖,42.0
20201111,5,PM10,芜湖,80.0
20201111,5,PM10_24h,芜湖,85.0
20201111,5,SO2,芜湖,13.0
20201111,5,SO2_24h,芜湖,13.0
20201111,5,NO2,芜湖,55.0
20201111,5,NO2_24h,芜湖,43.0
20201111,5,O3,芜湖,21.0
20201111,5,O3_24h,芜湖,125.0
20201111,5,O3_8h,芜湖,44.0
20201111,5,O3_8h_24h,芜湖,61.0
20201111,5,CO,芜湖,0.87
20201111,5,CO_24h,芜湖,0.77
20201111,6,AQI,芜湖,88.0
20201111,6,PM2.5,芜湖,65.0
20201111,6,PM2.5_24h,芜湖,43.0
20201111,6,PM10,芜湖,79.0
20201111,6,PM10_24h,芜湖,85.0
20201111,6,SO2,芜湖,13.0
20201111,6,SO2_24h,芜湖,13.0
20201111,6,NO2,芜湖,62.0
20201111,6,NO2_24h,芜湖,43.0
20201111,6,O3,芜湖,10.0
20201111,6,O3_24h,芜湖,125.0
20201111,6,O3_8h,芜湖,39.0
20201111,6,O3_8h_24h,芜湖,61.0
20201111,6,CO,芜湖,0.9
20201111,6,CO_24h,芜湖,0.77
20201111,8,AQI,芜湖,55.0
20201111,8,PM2.5,芜湖,39.0
20201111,8,PM2.5_24h,芜湖,43.0
20201111,8,PM10,芜湖,60.0
20201111,8,PM10_24h,芜湖,82.0
20201111,8,SO2,芜湖,13.0
20201111,8,SO2_24h,芜湖,13.0
20201111,8,NO2,芜湖,54.0
20201111,8,NO2_24h,芜湖,43.0
20201111,8,O3,芜湖,21.0
20201111,8,O3_24h,芜湖,125.0
20201111,8,O3_8h,芜湖,33.0
20201111,8,O3_8h_24h,芜湖,61.0
20201111,8,CO,芜湖,0.83
20201111,8,CO_24h,芜湖,0.77
20201111,10,AQI,芜湖,43.0
20201111,10,PM2.5,芜湖,20.0
20201111,10,PM2.5_24h,芜湖,42.0
20201111,10,PM10,芜湖,43.0
20201111,10,PM10_24h,芜湖,77.0
20201111,10,SO2,芜湖,13.0
20201111,10,SO2_24h,芜湖,13.0
20201111,10,NO2,芜湖,28.0
20201111,10,NO2_24h,芜湖,42.0
20201111,10,O3,芜湖,68.0
20201111,10,O3_24h,芜湖,125.0
20201111,10,O3_8h,芜湖,32.0
20201111,10,O3_8h_24h,芜湖,61.0
20201111,10,CO,芜湖,0.6
20201111,10,CO_24h,芜湖,0.73
20201111,11,AQI,芜湖,35.0
20201111,11,PM2.5,芜湖,17.0
20201111,11,PM2.5_24h,芜湖,41.0
20201111,11,PM10,芜湖,35.0
20201111,11,PM10_24h,芜湖,74.0
20201111,11,SO2,芜湖,12.0
20201111,11,SO2_24h,芜湖,13.0
20201111,11,NO2,芜湖,21.0
20201111,11,NO2_24h,芜湖,42.0
20201111,11,O3,芜湖,88.0
20201111,11,O3_24h,芜湖,125.0
20201111,11,O3_8h,芜湖,37.0
20201111,11,O3_8h_24h,芜湖,61.0
20201111,11,CO,芜湖,0.57
20201111,11,CO_24h,芜湖,0.7
20201111,12,AQI,芜湖,37.0
20201111,12,PM2.5,芜湖,16.0
20201111,12,PM2.5_24h,芜湖,40.0
20201111,12,PM10,芜湖,37.0
20201111,12,PM10_24h,芜湖,72.0
20201111,12,SO2,芜湖,11.0
20201111,12,SO2_24h,芜湖,13.0
20201111,12,NO2,芜湖,21.0
20201111,12,NO2_24h,芜湖,42.0
20201111,12,O3,芜湖,96.0
20201111,12,O3_24h,芜湖,125.0
20201111,12,O3_8h,芜湖,44.0
20201111,12,O3_8h_24h,芜湖,61.0
20201111,12,CO,芜湖,0.57
20201111,12,CO_24h,芜湖,0.7
20201111,13,AQI,芜湖,37.0
20201111,13,PM2.5,芜湖,15.0
20201111,13,PM2.5_24h,芜湖,39.0
20201111,13,PM10,芜湖,37.0
20201111,13,PM10_24h,芜湖,70.0
20201111,13,SO2,芜湖,11.0
20201111,13,SO2_24h,芜湖,12.0
20201111,13,NO2,芜湖,21.0
20201111,13,NO2_24h,芜湖,42.0
20201111,13,O3,芜湖,102.0
20201111,13,O3_24h,芜湖,125.0
20201111,13,O3_8h,芜湖,55.0
20201111,13,O3_8h_24h,芜湖,62.0
20201111,13,CO,芜湖,0.53
20201111,13,CO_24h,芜湖,0.7
20201111,14,AQI,芜湖,38.0
20201111,14,PM2.5,芜湖,15.0
20201111,14,PM2.5_24h,芜湖,38.0
20201111,14,PM10,芜湖,38.0
20201111,14,PM10_24h,芜湖,69.0
20201111,14,SO2,芜湖,11.0
20201111,14,SO2_24h,芜湖,12.0
20201111,14,NO2,芜湖,22.0
20201111,14,NO2_24h,芜湖,42.0
20201111,14,O3,芜湖,104.0
20201111,14,O3_24h,芜湖,125.0
20201111,14,O3_8h,芜湖,66.0
20201111,14,O3_8h_24h,芜湖,69.0
20201111,14,CO,芜湖,0.53
20201111,14,CO_24h,芜湖,0.7
20201111,15,AQI,芜湖,39.0
20201111,15,PM2.5,芜湖,20.0
20201111,15,PM2.5_24h,芜湖,38.0
20201111,15,PM10,芜湖,39.0
20201111,15,PM10_24h,芜湖,67.0
20201111,15,SO2,芜湖,12.0
20201111,15,SO2_24h,芜湖,12.0
20201111,15,NO2,芜湖,28.0
20201111,15,NO2_24h,芜湖,42.0
20201111,15,O3,芜湖,97.0
20201111,15,O3_24h,芜湖,122.0
20201111,15,O3_8h,芜湖,77.0
20201111,15,O3_8h_24h,芜湖,77.0
20201111,15,CO,芜湖,0.57
20201111,15,CO_24h,芜湖,0.7
20201111,16,AQI,芜湖,40.0
20201111,16,PM2.5,芜湖,19.0
20201111,16,PM2.5_24h,芜湖,38.0
20201111,16,PM10,芜湖,40.0
20201111,16,PM10_24h,芜湖,66.0
20201111,16,SO2,芜湖,12.0
20201111,16,SO2_24h,芜湖,12.0
20201111,16,NO2,芜湖,32.0
20201111,16,NO2_24h,芜湖,42.0
20201111,16,O3,芜湖,91.0
20201111,16,O3_24h,芜湖,117.0
20201111,16,O3_8h,芜湖,86.0
20201111,16,O3_8h_24h,芜湖,86.0
20201111,16,CO,芜湖,0.57
20201111,16,CO_24h,芜湖,0.7
20201111,17,AQI,芜湖,40.0
20201111,17,PM2.5,芜湖,14.0
20201111,17,PM2.5_24h,芜湖,37.0
20201111,17,PM10,芜湖,40.0
20201111,17,PM10_24h,芜湖,64.0
20201111,17,SO2,芜湖,12.0
20201111,17,SO2_24h,芜湖,12.0
20201111,17,NO2,芜湖,31.0
20201111,17,NO2_24h,芜湖,42.0
20201111,17,O3,芜湖,86.0
20201111,17,O3_24h,芜湖,106.0
20201111,17,O3_8h,芜湖,92.0
20201111,17,O3_8h_24h,芜湖,92.0
20201111,17,CO,芜湖,0.53
20201111,17,CO_24h,芜湖,0.67
20201111,18,AQI,芜湖,37.0
20201111,18,PM2.5,芜湖,16.0
20201111,18,PM2.5_24h,芜湖,36.0
20201111,18,PM10,芜湖,37.0
20201111,18,PM10_24h,芜湖,63.0
20201111,18,SO2,芜湖,10.0
20201111,18,SO2_24h,芜湖,12.0
20201111,18,NO2,芜湖,39.0
20201111,18,NO2_24h,芜湖,42.0
20201111,18,O3,芜湖,76.0
20201111,18,O3_24h,芜湖,106.0
20201111,18,O3_8h,芜湖,93.0
20201111,18,O3_8h_24h,芜湖,93.0
20201111,18,CO,芜湖,0.57
20201111,18,CO_24h,芜湖,0.67
20201111,19,AQI,芜湖,47.0
20201111,19,PM2.5,芜湖,23.0
20201111,19,PM2.5_24h,芜湖,35.0
20201111,19,PM10,芜湖,47.0
20201111,19,PM10_24h,芜湖,61.0
20201111,19,SO2,芜湖,10.0
20201111,19,SO2_24h,芜湖,12.0
20201111,19,NO2,芜湖,44.0
20201111,19,NO2_24h,芜湖,42.0
20201111,19,O3,芜湖,73.0
20201111,19,O3_24h,芜湖,106.0
20201111,19,O3_8h,芜湖,91.0
20201111,19,O3_8h_24h,芜湖,93.0
20201111,19,CO,芜湖,0.63
20201111,19,CO_24h,芜湖,0.67
20201111,20,AQI,芜湖,50.0
20201111,20,PM2.5,芜湖,25.0
20201111,20,PM2.5_24h,芜湖,34.0
20201111,20,PM10,芜湖,50.0
20201111,20,PM10_24h,芜湖,60.0
20201111,20,SO2,芜湖,10.0
20201111,20,SO2_24h,芜湖,12.0
20201111,20,NO2,芜湖,43.0
20201111,20,NO2_24h,芜湖,42.0
20201111,20,O3,芜湖,70.0
20201111,20,O3_24h,芜湖,106.0
20201111,20,O3_8h,芜湖,87.0
20201111,20,O3_8h_24h,芜湖,93.0
20201111,20,CO,芜湖,0.67
20201111,20,CO_24h,芜湖,0.67
20201111,21,AQI,芜湖,52.0
20201111,21,PM2.5,芜湖,27.0
20201111,21,PM2.5_24h,芜湖,34.0
20201111,21,PM10,芜湖,53.0
20201111,21,PM10_24h,芜湖,59.0
20201111,21,SO2,芜湖,10.0
20201111,21,SO2_24h,芜湖,12.0
20201111,21,NO2,芜湖,44.0
20201111,21,NO2_24h,芜湖,42.0
20201111,21,O3,芜湖,65.0
20201111,21,O3_24h,芜湖,106.0
20201111,21,O3_8h,芜湖,83.0
20201111,21,O3_8h_24h,芜湖,93.0
20201111,21,CO,芜湖,0.63
20201111,21,CO_24h,芜湖,0.67
20201111,22,AQI,芜湖,51.0
20201111,22,PM2.5,芜湖,30.0
20201111,22,PM2.5_24h,芜湖,34.0
20201111,22,PM10,芜湖,52.0
20201111,22,PM10_24h,芜湖,58.0
20201111,22,SO2,芜湖,10.0
20201111,22,SO2_24h,芜湖,12.0
20201111,22,NO2,芜湖,44.0
20201111,22,NO2_24h,芜湖,41.0
20201111,22,O3,芜湖,60.0
20201111,22,O3_24h,芜湖,106.0
20201111,22,O3_8h,芜湖,77.0
20201111,22,O3_8h_24h,芜湖,93.0
20201111,22,CO,芜湖,0.67
20201111,22,CO_24h,芜湖,0.67
20201111,23,AQI,芜湖,52.0
20201111,23,PM2.5,芜湖,33.0
20201111,23,PM2.5_24h,芜湖,34.0
20201111,23,PM10,芜湖,54.0
20201111,23,PM10_24h,芜湖,57.0
20201111,23,SO2,芜湖,10.0
20201111,23,SO2_24h,芜湖,12.0
20201111,23,NO2,芜湖,50.0
20201111,23,NO2_24h,芜湖,41.0
20201111,23,O3,芜湖,48.0
20201111,23,O3_24h,芜湖,106.0
20201111,23,O3_8h,芜湖,71.0
20201111,23,O3_8h_24h,芜湖,93.0
20201111,23,CO,芜湖,0.67
20201111,23,CO_24h,芜湖,0.67
20201111,0,AQI,马鞍山,71.0
20201111,0,PM2.5,马鞍山,52.0
20201111,0,PM2.5_24h,马鞍山,42.0
20201111,0,PM10,马鞍山,90.0
20201111,0,PM10_24h,马鞍山,98.0
20201111,0,SO2,马鞍山,16.0
20201111,0,SO2_24h,马鞍山,15.0
20201111,0,NO2,马鞍山,67.0
20201111,0,NO2_24h,马鞍山,50.0
20201111,0,O3,马鞍山,41.0
20201111,0,O3_24h,马鞍山,130.0
20201111,0,O3_8h,马鞍山,73.0
20201111,0,O3_8h_24h,马鞍山,108.0
20201111,0,CO,马鞍山,0.75
20201111,0,CO_24h,马鞍山,0.75
20201111,1,AQI,马鞍山,69.0
20201111,1,PM2.5,马鞍山,49.0
20201111,1,PM2.5_24h,马鞍山,43.0
20201111,1,PM10,马鞍山,87.0
20201111,1,PM10_24h,马鞍山,97.0
20201111,1,SO2,马鞍山,15.0
20201111,1,SO2_24h,马鞍山,15.0
20201111,1,NO2,马鞍山,61.0
20201111,1,NO2_24h,马鞍山,50.0
20201111,1,O3,马鞍山,41.0
20201111,1,O3_24h,马鞍山,130.0
20201111,1,O3_8h,马鞍山,41.0
20201111,1,O3_8h_24h,马鞍山,41.0
20201111,1,CO,马鞍山,0.7
20201111,1,CO_24h,马鞍山,0.75
20201111,2,AQI,马鞍山,69.0
20201111,2,PM2.5,马鞍山,50.0
20201111,2,PM2.5_24h,马鞍山,43.0
20201111,2,PM10,马鞍山,87.0
20201111,2,PM10_24h,马鞍山,96.0
20201111,2,SO2,马鞍山,15.0
20201111,2,SO2_24h,马鞍山,15.0
20201111,2,NO2,马鞍山,50.0
20201111,2,NO2_24h,马鞍山,49.0
20201111,2,O3,马鞍山,44.0
20201111,2,O3_24h,马鞍山,130.0
20201111,2,O3_8h,马鞍山,43.0
20201111,2,O3_8h_24h,马鞍山,44.0
20201111,2,CO,马鞍山,0.7
20201111,2,CO_24h,马鞍山,0.75
20201111,3,AQI,马鞍山,75.0
20201111,3,PM2.5,马鞍山,55.0
20201111,3,PM2.5_24h,马鞍山,43.0
20201111,3,PM10,马鞍山,91.0
20201111,3,PM10_24h,马鞍山,95.0
20201111,3,SO2,马鞍山,17.0
20201111,3,SO2_24h,马鞍山,15.0
20201111,3,NO2,马鞍山,50.0
20201111,3,NO2_24h,马鞍山,49.0
20201111,3,O3,马鞍山,37.0
20201111,3,O3_24h,马鞍山,130.0
20201111,3,O3_8h,马鞍山,41.0
20201111,3,O3_8h_24h,马鞍山,45.0
20201111,3,CO,马鞍山,0.7
20201111,3,CO_24h,马鞍山,0.75
20201111,4,AQI,马鞍山,86.0
20201111,4,PM2.5,马鞍山,64.0
20201111,4,PM2.5_24h,马鞍山,44.0
20201111,4,PM10,马鞍山,96.0
20201111,4,PM10_24h,马鞍山,94.0
20201111,4,SO2,马鞍山,16.0
20201111,4,SO2_24h,马鞍山,15.0
20201111,4,NO2,马鞍山,58.0
20201111,4,NO2_24h,马鞍山,49.0
20201111,4,O3,马鞍山,23.0
20201111,4,O3_24h,马鞍山,130.0
20201111,4,O3_8h,马鞍山,36.0
20201111,4,O3_8h_24h,马鞍山,45.0
20201111,4,CO,马鞍山,0.78
20201111,4,CO_24h,马鞍山,0.75
20201111,5,AQI,马鞍山,89.0
20201111,5,PM2.5,马鞍山,66.0
20201111,5,PM2.5_24h,马鞍山,46.0
20201111,5,PM10,马鞍山,98.0
20201111,5,PM10_24h,马鞍山,94.0
20201111,5,SO2,马鞍山,15.0
20201111,5,SO2_24h,马鞍山,15.0
20201111,5,NO2,马鞍山,64.0
20201111,5,NO2_24h,马鞍山,49.0
20201111,5,O3,马鞍山,13.0
20201111,5,O3_24h,马鞍山,130.0
20201111,5,O3_8h,马鞍山,32.0
20201111,5,O3_8h_24h,马鞍山,45.0
20201111,5,CO,马鞍山,0.8
20201111,5,CO_24h,马鞍山,0.75
20201111,6,AQI,马鞍山,83.0
20201111,6,PM2.5,马鞍山,61.0
20201111,6,PM2.5_24h,马鞍山,46.0
20201111,6,PM10,马鞍山,91.0
20201111,6,PM10_24h,马鞍山,94.0
20201111,6,SO2,马鞍山,12.0
20201111,6,SO2_24h,马鞍山,15.0
20201111,6,NO2,马鞍山,66.0
20201111,6,NO2_24h,马鞍山,49.0
20201111,6,O3,马鞍山,9.0
20201111,6,O3_24h,马鞍山,130.0
20201111,6,O3_8h,马鞍山,28.0
20201111,6,O3_8h_24h,马鞍山,45.0
20201111,6,CO,马鞍山,0.8
20201111,6,CO_24h,马鞍山,0.75
20201111,8,AQI,马鞍山,63.0
20201111,8,PM2.5,马鞍山,45.0
20201111,8,PM2.5_24h,马鞍山,47.0
20201111,8,PM10,马鞍山,76.0
20201111,8,PM10_24h,马鞍山,91.0
20201111,8,SO2,马鞍山,20.0
20201111,8,SO2_24h,马鞍山,15.0
20201111,8,NO2,马鞍山,60.0
20201111,8,NO2_24h,马鞍山,49.0
20201111,8,O3,马鞍山,17.0
20201111,8,O3_24h,马鞍山,130.0
20201111,8,O3_8h,马鞍山,24.0
20201111,8,O3_8h_24h,马鞍山,45.0
20201111,8,CO,马鞍山,0.82
20201111,8,CO_24h,马鞍山,0.73
20201111,10,AQI,马鞍山,45.0
20201111,10,PM2.5,马鞍山,19.0
20201111,10,PM2.5_24h,马鞍山,45.0
20201111,10,PM10,马鞍山,45.0
20201111,10,PM10_24h,马鞍山,86.0
20201111,10,SO2,马鞍山,12.0
20201111,10,SO2_24h,马鞍山,14.0
20201111,10,NO2,马鞍山,30.0
20201111,10,NO2_24h,马鞍山,48.0
20201111,10,O3,马鞍山,70.0
20201111,10,O3_24h,马鞍山,130.0
20201111,10,O3_8h,马鞍山,27.0
20201111,10,O3_8h_24h,马鞍山,45.0
20201111,10,CO,马鞍山,0.5
20201111,10,CO_24h,马鞍山,0.68
20201111,11,AQI,马鞍山,45.0
20201111,11,PM2.5,马鞍山,18.0
20201111,11,PM2.5_24h,马鞍山,44.0
20201111,11,PM10,马鞍山,45.0
20201111,11,PM10_24h,马鞍山,85.0
20201111,11,SO2,马鞍山,10.0
20201111,11,SO2_24h,马鞍山,14.0
20201111,11,NO2,马鞍山,25.0
20201111,11,NO2_24h,马鞍山,48.0
20201111,11,O3,马鞍山,85.0
20201111,11,O3_24h,马鞍山,130.0
20201111,11,O3_8h,马鞍山,33.0
20201111,11,O3_8h_24h,马鞍山,45.0
20201111,11,CO,马鞍山,0.5
20201111,11,CO_24h,马鞍山,0.68
20201111,12,AQI,马鞍山,42.0
20201111,12,PM2.5,马鞍山,18.0
20201111,12,PM2.5_24h,马鞍山,44.0
20201111,12,PM10,马鞍山,42.0
20201111,12,PM10_24h,马鞍山,83.0
20201111,12,SO2,马鞍山,12.0
20201111,12,SO2_24h,马鞍山,14.0
20201111,12,NO2,马鞍山,24.0
20201111,12,NO2_24h,马鞍山,48.0
20201111,12,O3,马鞍山,93.0
20201111,12,O3_24h,马鞍山,130.0
20201111,12,O3_8h,马鞍山,41.0
20201111,12,O3_8h_24h,马鞍山,47.0
20201111,12,CO,马鞍山,0.53
20201111,12,CO_24h,马鞍山,0.68
20201111,13,AQI,马鞍山,39.0
20201111,13,PM2.5,马鞍山,18.0
20201111,13,PM2.5_24h,马鞍山,43.0
20201111,13,PM10,马鞍山,39.0
20201111,13,PM10_24h,马鞍山,81.0
20201111,13,SO2,马鞍山,11.0
20201111,13,SO2_24h,马鞍山,14.0
20201111,13,NO2,马鞍山,21.0
20201111,13,NO2_24h,马鞍山,47.0
20201111,13,O3,马鞍山,103.0
20201111,13,O3_24h,马鞍山,130.0
20201111,13,O3_8h,马鞍山,53.0
20201111,13,O3_8h_24h,马鞍山,54.0
20201111,13,CO,马鞍山,0.47
20201111,13,CO_24h,马鞍山,0.68
20201111,14,AQI,马鞍山,41.0
20201111,14,PM2.5,马鞍山,18.0
20201111,14,PM2.5_24h,马鞍山,42.0
20201111,14,PM10,马鞍山,41.0
20201111,14,PM10_24h,马鞍山,79.0
20201111,14,SO2,马鞍山,10.0
20201111,14,SO2_24h,马鞍山,14.0
20201111,14,NO2,马鞍山,26.0
20201111,14,NO2_24h,马鞍山,47.0
20201111,14,O3,马鞍山,99.0
20201111,14,O3_24h,马鞍山,130.0
20201111,14,O3_8h,马鞍山,64.0
20201111,14,O3_8h_24h,马鞍山,64.0
20201111,14,CO,马鞍山,0.42
20201111,14,CO_24h,马鞍山,0.65
20201111,15,AQI,马鞍山,43.0
20201111,15,PM2.5,马鞍山,15.0
20201111,15,PM2.5_24h,马鞍山,41.0
20201111,15,PM10,马鞍山,43.0
20201111,15,PM10_24h,马鞍山,77.0
20201111,15,SO2,马鞍山,9.0
20201111,15,SO2_24h,马鞍山,14.0
20201111,15,NO2,马鞍山,23.0
20201111,15,NO2_24h,马鞍山,48.0
20201111,15,O3,马鞍山,102.0
20201111,15,O3_24h,马鞍山,130.0
20201111,15,O3_8h,马鞍山,76.0
20201111,15,O3_8h_24h,马鞍山,76.0
20201111,15,CO,马鞍山,0.4
20201111,15,CO_24h,马鞍山,0.65
20201111,16,AQI,马鞍山,45.0
20201111,16,PM2.5,马鞍山,15.0
20201111,16,PM2.5_24h,马鞍山,41.0
20201111,16,PM10,马鞍山,45.0
20201111,16,PM10_24h,马鞍山,75.0
20201111,16,SO2,马鞍山,9.0
20201111,16,SO2_24h,马鞍山,14.0
20201111,16,NO2,马鞍山,24.0
20201111,16,NO2_24h,马鞍山,48.0
20201111,16,O3,马鞍山,100.0
20201111,16,O3_24h,马鞍山,121.0
20201111,16,O3_8h,马鞍山,86.0
20201111,16,O3_8h_24h,马鞍山,86.0
20201111,16,CO,马鞍山,0.33
20201111,16,CO_24h,马鞍山,0.65
20201111,17,AQI,马鞍山,44.0
20201111,17,PM2.5,马鞍山,15.0
20201111,17,PM2.5_24h,马鞍山,40.0
20201111,17,PM10,马鞍山,44.0
20201111,17,PM10_24h,马鞍山,73.0
20201111,17,SO2,马鞍山,10.0
20201111,17,SO2_24h,马鞍山,14.0
20201111,17,NO2,马鞍山,29.0
20201111,17,NO2_24h,马鞍山,47.0
20201111,17,O3,马鞍山,90.0
20201111,17,O3_24h,马鞍山,105.0
20201111,17,O3_8h,马鞍山,93.0
20201111,17,O3_8h_24h,马鞍山,93.0
20201111,17,CO,马鞍山,0.37
20201111,17,CO_24h,马鞍山,0.65
20201111,18,AQI,马鞍山,52.0
20201111,18,PM2.5,马鞍山,21.0
20201111,18,PM2.5_24h,马鞍山,39.0
20201111,18,PM10,马鞍山,53.0
20201111,18,PM10_24h,马鞍山,72.0
20201111,18,SO2,马鞍山,11.0
20201111,18,SO2_24h,马鞍山,13.0
20201111,18,NO2,马鞍山,44.0
20201111,18,NO2_24h,马鞍山,47.0
20201111,18,O3,马鞍山,76.0
20201111,18,O3_24h,马鞍山,103.0
20201111,18,O3_8h,马鞍山,93.0
20201111,18,O3_8h_24h,马鞍山,94.0
20201111,18,CO,马鞍山,0.38
20201111,18,CO_24h,马鞍山,0.63
20201111,19,AQI,马鞍山,59.0
20201111,19,PM2.5,马鞍山,30.0
20201111,19,PM2.5_24h,马鞍山,39.0
20201111,19,PM10,马鞍山,67.0
20201111,19,PM10_24h,马鞍山,70.0
20201111,19,SO2,马鞍山,12.0
20201111,19,SO2_24h,马鞍山,13.0
20201111,19,NO2,马鞍山,48.0
20201111,19,NO2_24h,马鞍山,47.0
20201111,19,O3,马鞍山,72.0
20201111,19,O3_24h,马鞍山,103.0
20201111,19,O3_8h,马鞍山,93.0
20201111,19,O3_8h_24h,马鞍山,94.0
20201111,19,CO,马鞍山,0.55
20201111,19,CO_24h,马鞍山,0.63
20201111,20,AQI,马鞍山,58.0
20201111,20,PM2.5,马鞍山,33.0
20201111,20,PM2.5_24h,马鞍山,38.0
20201111,20,PM10,马鞍山,65.0
20201111,20,PM10_24h,马鞍山,69.0
20201111,20,SO2,马鞍山,12.0
20201111,20,SO2_24h,马鞍山,13.0
20201111,20,NO2,马鞍山,45.0
20201111,20,NO2_24h,马鞍山,46.0
20201111,20,O3,马鞍山,73.0
20201111,20,O3_24h,马鞍山,103.0
20201111,20,O3_8h,马鞍山,91.0
20201111,20,O3_8h_24h,马鞍山,94.0
20201111,20,CO,马鞍山,0.7
20201111,20,CO_24h,马鞍山,0.63
20201111,21,AQI,马鞍山,57.0
20201111,21,PM2.5,马鞍山,35.0
20201111,21,PM2.5_24h,马鞍山,37.0
20201111,21,PM10,马鞍山,63.0
20201111,21,PM10_24h,马鞍山,68.0
20201111,21,SO2,马鞍山,11.0
20201111,21,SO2_24h,马鞍山,13.0
20201111,21,NO2,马鞍山,43.0
20201111,21,NO2_24h,马鞍山,46.0
20201111,21,O3,马鞍山,66.0
20201111,21,O3_24h,马鞍山,103.0
20201111,21,O3_8h,马鞍山,86.0
20201111,21,O3_8h_24h,马鞍山,94.0
20201111,21,CO,马鞍山,0.65
20201111,21,CO_24h,马鞍山,0.63
20201111,22,AQI,马鞍山,58.0
20201111,22,PM2.5,马鞍山,38.0
20201111,22,PM2.5_24h,马鞍山,36.0
20201111,22,PM10,马鞍山,66.0
20201111,22,PM10_24h,马鞍山,67.0
20201111,22,SO2,马鞍山,14.0
20201111,22,SO2_24h,马鞍山,13.0
20201111,22,NO2,马鞍山,47.0
20201111,22,NO2_24h,马鞍山,45.0
20201111,22,O3,马鞍山,62.0
20201111,22,O3_24h,马鞍山,103.0
20201111,22,O3_8h,马鞍山,81.0
20201111,22,O3_8h_24h,马鞍山,94.0
20201111,22,CO,马鞍山,0.7
20201111,22,CO_24h,马鞍山,0.63
20201111,23,AQI,马鞍山,58.0
20201111,23,PM2.5,马鞍山,41.0
20201111,23,PM2.5_24h,马鞍山,36.0
20201111,23,PM10,马鞍山,64.0
20201111,23,PM10_24h,马鞍山,66.0
20201111,23,SO2,马鞍山,14.0
20201111,23,SO2_24h,马鞍山,13.0
20201111,23,NO2,马鞍山,45.0
20201111,23,NO2_24h,马鞍山,45.0
20201111,23,O3,马鞍山,60.0
20201111,23,O3_24h,马鞍山,103.0
20201111,23,O3_8h,马鞍山,75.0
20201111,23,O3_8h_24h,马鞍山,94.0
20201111,23,CO,马鞍山,0.8
20201111,23,CO_24h,马鞍山,0.65
20201111,0,AQI,九江,74.0
20201111,0,PM2.5,九江,42.0
20201111,0,PM2.5_24h,九江,41.0
20201111,0,PM10,九江,98.0
20201111,0,PM10_24h,九江,109.0
20201111,0,SO2,九江,11.0
20201111,0,SO2_24h,九江,12.0
20201111,0,NO2,九江,37.0
20201111,0,NO2_24h,九江,39.0
20201111,0,O3,九江,78.0
20201111,0,O3_24h,九江,124.0
20201111,0,O3_8h,九江,75.0
20201111,0,O3_8h_24h,九江,108.0
20201111,0,CO,九江,0.49
20201111,0,CO_24h,九江,0.51
20201111,1,AQI,九江,75.0
20201111,1,PM2.5,九江,42.0
20201111,1,PM2.5_24h,九江,41.0
20201111,1,PM10,九江,99.0
20201111,1,PM10_24h,九江,107.0
20201111,1,SO2,九江,11.0
20201111,1,SO2_24h,九江,12.0
20201111,1,NO2,九江,36.0
20201111,1,NO2_24h,九江,39.0
20201111,1,O3,九江,75.0
20201111,1,O3_24h,九江,124.0
20201111,1,O3_8h,九江,75.0
20201111,1,O3_8h_24h,九江,75.0
20201111,1,CO,九江,0.47
20201111,1,CO_24h,九江,0.5
20201111,2,AQI,九江,70.0
20201111,2,PM2.5,九江,42.0
20201111,2,PM2.5_24h,九江,41.0
20201111,2,PM10,九江,90.0
20201111,2,PM10_24h,九江,106.0
20201111,2,SO2,九江,11.0
20201111,2,SO2_24h,九江,12.0
20201111,2,NO2,九江,31.0
20201111,2,NO2_24h,九江,38.0
20201111,2,O3,九江,75.0
20201111,2,O3_24h,九江,124.0
20201111,2,O3_8h,九江,75.0
20201111,2,O3_8h_24h,九江,77.0
20201111,2,CO,九江,0.47
20201111,2,CO_24h,九江,0.5
20201111,3,AQI,九江,68.0
20201111,3,PM2.5,九江,40.0
20201111,3,PM2.5_24h,九江,41.0
20201111,3,PM10,九江,85.0
20201111,3,PM10_24h,九江,104.0
20201111,3,SO2,九江,11.0
20201111,3,SO2_24h,九江,12.0
20201111,3,NO2,九江,24.0
20201111,3,NO2_24h,九江,38.0
20201111,3,O3,九江,78.0
20201111,3,O3_24h,九江,124.0
20201111,3,O3_8h,九江,76.0
20201111,3,O3_8h_24h,九江,78.0
20201111,3,CO,九江,0.41
20201111,3,CO_24h,九江,0.5
20201111,4,AQI,九江,68.0
20201111,4,PM2.5,九江,42.0
20201111,4,PM2.5_24h,九江,40.0
20201111,4,PM10,九江,85.0
20201111,4,PM10_24h,九江,103.0
20201111,4,SO2,九江,11.0
20201111,4,SO2_24h,九江,13.0
20201111,4,NO2,九江,24.0
20201111,4,NO2_24h,九江,38.0
20201111,4,O3,九江,75.0
20201111,4,O3_24h,九江,124.0
20201111,4,O3_8h,九江,76.0
20201111,4,O3_8h_24h,九江,79.0
20201111,4,CO,九江,0.41
20201111,4,CO_24h,九江,0.49
20201111,5,AQI,九江,69.0
20201111,5,PM2.5,九江,47.0
20201111,5,PM2.5_24h,九江,41.0
20201111,5,PM10,九江,87.0
20201111,5,PM10_24h,九江,103.0
20201111,5,SO2,九江,12.0
20201111,5,SO2_24h,九江,13.0
20201111,5,NO2,九江,27.0
20201111,5,NO2_24h,九江,38.0
20201111,5,O3,九江,66.0
20201111,5,O3_24h,九江,124.0
20201111,5,O3_8h,九江,74.0
20201111,5,O3_8h_24h,九江,79.0
20201111,5,CO,九江,0.66
20201111,5,CO_24h,九江,0.47
20201111,6,AQI,九江,79.0
20201111,6,PM2.5,九江,58.0
20201111,6,PM2.5_24h,九江,42.0
20201111,6,PM10,九江,93.0
20201111,6,PM10_24h,九江,102.0
20201111,6,SO2,九江,14.0
20201111,6,SO2_24h,九江,13.0
20201111,6,NO2,九江,32.0
20201111,6,NO2_24h,九江,38.0
20201111,6,O3,九江,51.0
20201111,6,O3_24h,九江,124.0
20201111,6,O3_8h,九江,70.0
20201111,6,O3_8h_24h,九江,79.0
20201111,6,CO,九江,0.91
20201111,6,CO_24h,九江,0.51
20201111,8,AQI,九江,89.0
20201111,8,PM2.5,九江,66.0
20201111,8,PM2.5_24h,九江,43.0
20201111,8,PM10,九江,116.0
20201111,8,PM10_24h,九江,102.0
20201111,8,SO2,九江,14.0
20201111,8,SO2_24h,九江,13.0
20201111,8,NO2,九江,39.0
20201111,8,NO2_24h,九江,38.0
20201111,8,O3,九江,41.0
20201111,8,O3_24h,九江,124.0
20201111,8,O3_8h,九江,63.0
20201111,8,O3_8h_24h,九江,79.0
20201111,8,CO,九江,0.64
20201111,8,CO_24h,九江,0.53
20201111,10,AQI,九江,100.0
20201111,10,PM2.5,九江,75.0
20201111,10,PM2.5_24h,九江,46.0
20201111,10,PM10,九江,111.0
20201111,10,PM10_24h,九江,101.0
20201111,10,SO2,九江,19.0
20201111,10,SO2_24h,九江,13.0
20201111,10,NO2,九江,40.0
20201111,10,NO2_24h,九江,38.0
20201111,10,O3,九江,63.0
20201111,10,O3_24h,九江,124.0
20201111,10,O3_8h,九江,58.0
20201111,10,O3_8h_24h,九江,79.0
20201111,10,CO,九江,0.66
20201111,10,CO_24h,九江,0.51
20201111,11,AQI,九江,90.0
20201111,11,PM2.5,九江,67.0
20201111,11,PM2.5_24h,九江,47.0
20201111,11,PM10,九江,107.0
20201111,11,PM10_24h,九江,100.0
20201111,11,SO2,九江,17.0
20201111,11,SO2_24h,九江,13.0
20201111,11,NO2,九江,38.0
20201111,11,NO2_24h,九江,38.0
20201111,11,O3,九江,82.0
20201111,11,O3_24h,九江,124.0
20201111,11,O3_8h,九江,58.0
20201111,11,O3_8h_24h,九江,79.0
20201111,11,CO,九江,0.55
20201111,11,CO_24h,九江,0.51
20201111,12,AQI,九江,80.0
20201111,12,PM2.5,九江,59.0
20201111,12,PM2.5_24h,九江,48.0
20201111,12,PM10,九江,97.0
20201111,12,PM10_24h,九江,100.0
20201111,12,SO2,九江,15.0
20201111,12,SO2_24h,九江,13.0
20201111,12,NO2,九江,35.0
20201111,12,NO2_24h,九江,38.0
20201111,12,O3,九江,105.0
20201111,12,O3_24h,九江,124.0
20201111,12,O3_8h,九江,62.0
20201111,12,O3_8h_24h,九江,79.0
20201111,12,CO,九江,0.49
20201111,12,CO_24h,九江,0.54
20201111,13,AQI,九江,68.0
20201111,13,PM2.5,九江,49.0
20201111,13,PM2.5_24h,九江,48.0
20201111,13,PM10,九江,84.0
20201111,13,PM10_24h,九江,99.0
20201111,13,SO2,九江,13.0
20201111,13,SO2_24h,九江,13.0
20201111,13,NO2,九江,28.0
20201111,13,NO2_24h,九江,38.0
20201111,13,O3,九江,127.0
20201111,13,O3_24h,九江,128.0
20201111,13,O3_8h,九江,70.0
20201111,13,O3_8h_24h,九江,79.0
20201111,13,CO,九江,0.41
20201111,13,CO_24h,九江,0.53
20201111,14,AQI,九江,65.0
20201111,14,PM2.5,九江,41.0
20201111,14,PM2.5_24h,九江,48.0
20201111,14,PM10,九江,80.0
20201111,14,PM10_24h,九江,98.0
20201111,14,SO2,九江,11.0
20201111,14,SO2_24h,九江,13.0
20201111,14,NO2,九江,25.0
20201111,14,NO2_24h,九江,38.0
20201111,14,O3,九江,136.0
20201111,14,O3_24h,九江,136.0
20201111,14,O3_8h,九江,81.0
20201111,14,O3_8h_24h,九江,84.0
20201111,14,CO,九江,0.4
20201111,14,CO_24h,九江,0.53
20201111,15,AQI,九江,60.0
20201111,15,PM2.5,九江,37.0
20201111,15,PM2.5_24h,九江,48.0
20201111,15,PM10,九江,70.0
20201111,15,PM10_24h,九江,97.0
20201111,15,SO2,九江,10.0
20201111,15,SO2_24h,九江,13.0
20201111,15,NO2,九江,27.0
20201111,15,NO2_24h,九江,38.0
20201111,15,O3,九江,141.0
20201111,15,O3_24h,九江,141.0
20201111,15,O3_8h,九江,93.0
20201111,15,O3_8h_24h,九江,94.0
20201111,15,CO,九江,0.39
20201111,15,CO_24h,九江,0.53
20201111,16,AQI,九江,62.0
20201111,16,PM2.5,九江,29.0
20201111,16,PM2.5_24h,九江,48.0
20201111,16,PM10,九江,73.0
20201111,16,PM10_24h,九江,95.0
20201111,16,SO2,九江,10.0
20201111,16,SO2_24h,九江,12.0
20201111,16,NO2,九江,31.0
20201111,16,NO2_24h,九江,38.0
20201111,16,O3,九江,135.0
20201111,16,O3_24h,九江,142.0
20201111,16,O3_8h,九江,105.0
20201111,16,O3_8h_24h,九江,105.0
20201111,16,CO,九江,0.37
20201111,16,CO_24h,九江,0.51
20201111,17,AQI,九江,58.0
20201111,17,PM2.5,九江,27.0
20201111,17,PM2.5_24h,九江,48.0
20201111,17,PM10,九江,66.0
20201111,17,PM10_24h,九江,94.0
20201111,17,SO2,九江,10.0
20201111,17,SO2_24h,九江,12.0
20201111,17,NO2,九江,37.0
20201111,17,NO2_24h,九江,38.0
20201111,17,O3,九江,123.0
20201111,17,O3_24h,九江,142.0
20201111,17,O3_8h,九江,115.0
20201111,17,O3_8h_24h,九江,115.0
20201111,17,CO,九江,0.36
20201111,17,CO_24h,九江,0.51
20201111,18,AQI,九江,60.0
20201111,18,PM2.5,九江,34.0
20201111,18,PM2.5_24h,九江,48.0
20201111,18,PM10,九江,69.0
20201111,18,PM10_24h,九江,94.0
20201111,18,SO2,九江,9.0
20201111,18,SO2_24h,九江,12.0
20201111,18,NO2,九江,43.0
20201111,18,NO2_24h,九江,38.0
20201111,18,O3,九江,109.0
20201111,18,O3_24h,九江,142.0
20201111,18,O3_8h,九江,121.0
20201111,18,O3_8h_24h,九江,121.0
20201111,18,CO,九江,0.52
20201111,18,CO_24h,九江,0.51
20201111,19,AQI,九江,71.0
20201111,19,PM2.5,九江,52.0
20201111,19,PM2.5_24h,九江,49.0
20201111,19,PM10,九江,89.0
20201111,19,PM10_24h,九江,94.0
20201111,19,SO2,九江,11.0
20201111,19,SO2_24h,九江,12.0
20201111,19,NO2,九江,77.0
20201111,19,NO2_24h,九江,39.0
20201111,19,O3,九江,66.0
20201111,19,O3_24h,九江,142.0
20201111,19,O3_8h,九江,118.0
20201111,19,O3_8h_24h,九江,121.0
20201111,19,CO,九江,0.76
20201111,19,CO_24h,九江,0.51
20201111,20,AQI,九江,78.0
20201111,20,PM2.5,九江,57.0
20201111,20,PM2.5_24h,九江,49.0
20201111,20,PM10,九江,100.0
20201111,20,PM10_24h,九江,94.0
20201111,20,SO2,九江,14.0
20201111,20,SO2_24h,九江,13.0
20201111,20,NO2,九江,70.0
20201111,20,NO2_24h,九江,39.0
20201111,20,O3,九江,63.0
20201111,20,O3_24h,九江,142.0
20201111,20,O3_8h,九江,112.0
20201111,20,O3_8h_24h,九江,121.0
20201111,20,CO,九江,0.76
20201111,20,CO_24h,九江,0.53
20201111,21,AQI,九江,75.0
20201111,21,PM2.5,九江,55.0
20201111,21,PM2.5_24h,九江,50.0
20201111,21,PM10,九江,92.0
20201111,21,PM10_24h,九江,94.0
20201111,21,SO2,九江,15.0
20201111,21,SO2_24h,九江,13.0
20201111,21,NO2,九江,63.0
20201111,21,NO2_24h,九江,39.0
20201111,21,O3,九江,65.0
20201111,21,O3_24h,九江,142.0
20201111,21,O3_8h,九江,104.0
20201111,21,O3_8h_24h,九江,121.0
20201111,21,CO,九江,0.74
20201111,21,CO_24h,九江,0.54
20201111,22,AQI,九江,76.0
20201111,22,PM2.5,九江,56.0
20201111,22,PM2.5_24h,九江,50.0
20201111,22,PM10,九江,85.0
20201111,22,PM10_24h,九江,94.0
20201111,22,SO2,九江,14.0
20201111,22,SO2_24h,九江,13.0
20201111,22,NO2,九江,58.0
20201111,22,NO2_24h,九江,39.0
20201111,22,O3,九江,64.0
20201111,22,O3_24h,九江,142.0
20201111,22,O3_8h,九江,95.0
20201111,22,O3_8h_24h,九江,121.0
20201111,22,CO,九江,0.66
20201111,22,CO_24h,九江,0.56
20201111,23,AQI,九江,75.0
20201111,23,PM2.5,九江,55.0
20201111,23,PM2.5_24h,九江,51.0
20201111,23,PM10,九江,86.0
20201111,23,PM10_24h,九江,96.0
20201111,23,SO2,九江,12.0
20201111,23,SO2_24h,九江,12.0
20201111,23,NO2,九江,49.0
20201111,23,NO2_24h,九江,41.0
20201111,23,O3,九江,62.0
20201111,23,O3_24h,九江,143.0
20201111,23,O3_8h,九江,83.0
20201111,23,O3_8h_24h,九江,122.0
20201111,23,CO,九江,0.6
20201111,23,CO_24h,九江,0.53
20201111,0,AQI,洛阳,148.0
20201111,0,PM2.5,洛阳,113.0
20201111,0,PM2.5_24h,洛阳,103.0
20201111,0,PM10,洛阳,202.0
20201111,0,PM10_24h,洛阳,197.0
20201111,0,SO2,洛阳,10.0
20201111,0,SO2_24h,洛阳,13.0
20201111,0,NO2,洛阳,77.0
20201111,0,NO2_24h,洛阳,77.0
20201111,0,O3,洛阳,23.0
20201111,0,O3_24h,洛阳,78.0
20201111,0,O3_8h,洛阳,34.0
20201111,0,O3_8h_24h,洛阳,58.0
20201111,0,CO,洛阳,0.96
20201111,0,CO_24h,洛阳,1.04
20201111,1,AQI,洛阳,149.0
20201111,1,PM2.5,洛阳,114.0
20201111,1,PM2.5_24h,洛阳,104.0
20201111,1,PM10,洛阳,207.0
20201111,1,PM10_24h,洛阳,199.0
20201111,1,SO2,洛阳,9.0
20201111,1,SO2_24h,洛阳,13.0
20201111,1,NO2,洛阳,79.0
20201111,1,NO2_24h,洛阳,77.0
20201111,1,O3,洛阳,15.0
20201111,1,O3_24h,洛阳,78.0
20201111,1,O3_8h,洛阳,15.0
20201111,1,O3_8h_24h,洛阳,15.0
20201111,1,CO,洛阳,1.0
20201111,1,CO_24h,洛阳,1.06
20201111,2,AQI,洛阳,154.0
20201111,2,PM2.5,洛阳,118.0
20201111,2,PM2.5_24h,洛阳,106.0
20201111,2,PM10,洛阳,207.0
20201111,2,PM10_24h,洛阳,200.0
20201111,2,SO2,洛阳,7.0
20201111,2,SO2_24h,洛阳,12.0
20201111,2,NO2,洛阳,75.0
20201111,2,NO2_24h,洛阳,77.0
20201111,2,O3,洛阳,10.0
20201111,2,O3_24h,洛阳,78.0
20201111,2,O3_8h,洛阳,13.0
20201111,2,O3_8h_24h,洛阳,15.0
20201111,2,CO,洛阳,1.01
20201111,2,CO_24h,洛阳,1.09
20201111,3,AQI,洛阳,156.0
20201111,3,PM2.5,洛阳,119.0
20201111,3,PM2.5_24h,洛阳,108.0
20201111,3,PM10,洛阳,205.0
20201111,3,PM10_24h,洛阳,203.0
20201111,3,SO2,洛阳,8.0
20201111,3,SO2_24h,洛阳,12.0
20201111,3,NO2,洛阳,75.0
20201111,3,NO2_24h,洛阳,77.0
20201111,3,O3,洛阳,6.0
20201111,3,O3_24h,洛阳,78.0
20201111,3,O3_8h,洛阳,10.0
20201111,3,O3_8h_24h,洛阳,15.0
20201111,3,CO,洛阳,1.03
20201111,3,CO_24h,洛阳,1.09
20201111,4,AQI,洛阳,156.0
20201111,4,PM2.5,洛阳,119.0
20201111,4,PM2.5_24h,洛阳,109.0
20201111,4,PM10,洛阳,204.0
20201111,4,PM10_24h,洛阳,205.0
20201111,4,SO2,洛阳,7.0
20201111,4,SO2_24h,洛阳,12.0
20201111,4,NO2,洛阳,71.0
20201111,4,NO2_24h,洛阳,77.0
20201111,4,O3,洛阳,6.0
20201111,4,O3_24h,洛阳,78.0
20201111,4,O3_8h,洛阳,9.0
20201111,4,O3_8h_24h,洛阳,15.0
20201111,4,CO,洛阳,0.93
20201111,4,CO_24h,洛阳,1.1
20201111,5,AQI,洛阳,156.0
20201111,5,PM2.5,洛阳,119.0
20201111,5,PM2.5_24h,洛阳,111.0
20201111,5,PM10,洛阳,201.0
20201111,5,PM10_24h,洛阳,207.0
20201111,5,SO2,洛阳,8.0
20201111,5,SO2_24h,洛阳,12.0
20201111,5,NO2,洛阳,69.0
20201111,5,NO2_24h,洛阳,77.0
20201111,5,O3,洛阳,6.0
20201111,5,O3_24h,洛阳,78.0
20201111,5,O3_8h,洛阳,9.0
20201111,5,O3_8h_24h,洛阳,15.0
20201111,5,CO,洛阳,0.91
20201111,5,CO_24h,洛阳,1.07
20201111,6,AQI,洛阳,148.0
20201111,6,PM2.5,洛阳,113.0
20201111,6,PM2.5_24h,洛阳,112.0
20201111,6,PM10,洛阳,193.0
20201111,6,PM10_24h,洛阳,208.0
20201111,6,SO2,洛阳,8.0
20201111,6,SO2_24h,洛阳,12.0
20201111,6,NO2,洛阳,65.0
20201111,6,NO2_24h,洛阳,77.0
20201111,6,O3,洛阳,7.0
20201111,6,O3_24h,洛阳,78.0
20201111,6,O3_8h,洛阳,8.0
20201111,6,O3_8h_24h,洛阳,15.0
20201111,6,CO,洛阳,0.87
20201111,6,CO_24h,洛阳,1.07
20201111,8,AQI,洛阳,141.0
20201111,8,PM2.5,洛阳,108.0
20201111,8,PM2.5_24h,洛阳,113.0
20201111,8,PM10,洛阳,195.0
20201111,8,PM10_24h,洛阳,209.0
20201111,8,SO2,洛阳,9.0
20201111,8,SO2_24h,洛阳,12.0
20201111,8,NO2,洛阳,68.0
20201111,8,NO2_24h,洛阳,78.0
20201111,8,O3,洛阳,7.0
20201111,8,O3_24h,洛阳,78.0
20201111,8,O3_8h,洛阳,7.0
20201111,8,O3_8h_24h,洛阳,15.0
20201111,8,CO,洛阳,1.04
20201111,8,CO_24h,洛阳,1.06
20201111,10,AQI,洛阳,136.0
20201111,10,PM2.5,洛阳,104.0
20201111,10,PM2.5_24h,洛阳,112.0
20201111,10,PM10,洛阳,207.0
20201111,10,PM10_24h,洛阳,211.0
20201111,10,SO2,洛阳,14.0
20201111,10,SO2_24h,洛阳,12.0
20201111,10,NO2,洛阳,66.0
20201111,10,NO2_24h,洛阳,77.0
20201111,10,O3,洛阳,27.0
20201111,10,O3_24h,洛阳,77.0
20201111,10,O3_8h,洛阳,9.0
20201111,10,O3_8h_24h,洛阳,16.0
20201111,10,CO,洛阳,0.98
20201111,10,CO_24h,洛阳,1.07
20201111,11,AQI,洛阳,129.0
20201111,11,PM2.5,洛阳,98.0
20201111,11,PM2.5_24h,洛阳,113.0
20201111,11,PM10,洛阳,206.0
20201111,11,PM10_24h,洛阳,211.0
20201111,11,SO2,洛阳,15.0
20201111,11,SO2_24h,洛阳,12.0
20201111,11,NO2,洛阳,62.0
20201111,11,NO2_24h,洛阳,76.0
20201111,11,O3,洛阳,47.0
20201111,11,O3_24h,洛阳,79.0
20201111,11,O3_8h,洛阳,14.0
20201111,11,O3_8h_24h,洛阳,19.0
20201111,11,CO,洛阳,0.94
20201111,11,CO_24h,洛阳,1.07
20201111,12,AQI,洛阳,123.0
20201111,12,PM2.5,洛阳,89.0
20201111,12,PM2.5_24h,洛阳,113.0
20201111,12,PM10,洛阳,195.0
20201111,12,PM10_24h,洛阳,210.0
20201111,12,SO2,洛阳,16.0
20201111,12,SO2_24h,洛阳,12.0
20201111,12,NO2,洛阳,52.0
20201111,12,NO2_24h,洛阳,75.0
20201111,12,O3,洛阳,71.0
20201111,12,O3_24h,洛阳,83.0
20201111,12,O3_8h,洛阳,22.0
20201111,12,O3_8h_24h,洛阳,25.0
20201111,12,CO,洛阳,0.78
20201111,12,CO_24h,洛阳,1.03
20201111,13,AQI,洛阳,119.0
20201111,13,PM2.5,洛阳,90.0
20201111,13,PM2.5_24h,洛阳,112.0
20201111,13,PM10,洛阳,181.0
20201111,13,PM10_24h,洛阳,208.0
20201111,13,SO2,洛阳,16.0
20201111,13,SO2_24h,洛阳,12.0
20201111,13,NO2,洛阳,48.0
20201111,13,NO2_24h,洛阳,74.0
20201111,13,O3,洛阳,84.0
20201111,13,O3_24h,洛阳,87.0
20201111,13,O3_8h,洛阳,32.0
20201111,13,O3_8h_24h,洛阳,33.0
20201111,13,CO,洛阳,0.83
20201111,13,CO_24h,洛阳,0.97
20201111,14,AQI,洛阳,116.0
20201111,14,PM2.5,洛阳,88.0
20201111,14,PM2.5_24h,洛阳,111.0
20201111,14,PM10,洛阳,166.0
20201111,14,PM10_24h,洛阳,206.0
20201111,14,SO2,洛阳,17.0
20201111,14,SO2_24h,洛阳,12.0
20201111,14,NO2,洛阳,50.0
20201111,14,NO2_24h,洛阳,73.0
20201111,14,O3,洛阳,93.0
20201111,14,O3_24h,洛阳,93.0
20201111,14,O3_8h,洛阳,43.0
20201111,14,O3_8h_24h,洛阳,43.0
20201111,14,CO,洛阳,0.8
20201111,14,CO_24h,洛阳,0.97
20201111,15,AQI,洛阳,120.0
20201111,15,PM2.5,洛阳,91.0
20201111,15,PM2.5_24h,洛阳,109.0
20201111,15,PM10,洛阳,175.0
20201111,15,PM10_24h,洛阳,204.0
20201111,15,SO2,洛阳,16.0
20201111,15,SO2_24h,洛阳,12.0
20201111,15,NO2,洛阳,51.0
20201111,15,NO2_24h,洛阳,72.0
20201111,15,O3,洛阳,97.0
20201111,15,O3_24h,洛阳,98.0
20201111,15,O3_8h,洛阳,54.0
20201111,15,O3_8h_24h,洛阳,54.0
20201111,15,CO,洛阳,0.8
20201111,15,CO_24h,洛阳,0.95
20201111,16,AQI,洛阳,128.0
20201111,16,PM2.5,洛阳,97.0
20201111,16,PM2.5_24h,洛阳,108.0
20201111,16,PM10,洛阳,181.0
20201111,16,PM10_24h,洛阳,202.0
20201111,16,SO2,洛阳,14.0
20201111,16,SO2_24h,洛阳,12.0
20201111,16,NO2,洛阳,59.0
20201111,16,NO2_24h,洛阳,72.0
20201111,16,O3,洛阳,90.0
20201111,16,O3_24h,洛阳,99.0
20201111,16,O3_8h,洛阳,65.0
20201111,16,O3_8h_24h,洛阳,65.0
20201111,16,CO,洛阳,0.8
20201111,16,CO_24h,洛阳,0.95
20201111,17,AQI,洛阳,131.0
20201111,17,PM2.5,洛阳,100.0
20201111,17,PM2.5_24h,洛阳,111.0
20201111,17,PM10,洛阳,186.0
20201111,17,PM10_24h,洛阳,202.0
20201111,17,SO2,洛阳,14.0
20201111,17,SO2_24h,洛阳,11.0
20201111,17,NO2,洛阳,63.0
20201111,17,NO2_24h,洛阳,73.0
20201111,17,O3,洛阳,84.0
20201111,17,O3_24h,洛阳,95.0
20201111,17,O3_8h,洛阳,75.0
20201111,17,O3_8h_24h,洛阳,75.0
20201111,17,CO,洛阳,0.83
20201111,17,CO_24h,洛阳,0.96
20201111,18,AQI,洛阳,134.0
20201111,18,PM2.5,洛阳,102.0
20201111,18,PM2.5_24h,洛阳,110.0
20201111,18,PM10,洛阳,185.0
20201111,18,PM10_24h,洛阳,199.0
20201111,18,SO2,洛阳,13.0
20201111,18,SO2_24h,洛阳,11.0
20201111,18,NO2,洛阳,75.0
20201111,18,NO2_24h,洛阳,72.0
20201111,18,O3,洛阳,67.0
20201111,18,O3_24h,洛阳,95.0
20201111,18,O3_8h,洛阳,77.0
20201111,18,O3_8h_24h,洛阳,79.0
20201111,18,CO,洛阳,0.97
20201111,18,CO_24h,洛阳,0.96
20201111,19,AQI,洛阳,144.0
20201111,19,PM2.5,洛阳,110.0
20201111,19,PM2.5_24h,洛阳,110.0
20201111,19,PM10,洛阳,204.0
20201111,19,PM10_24h,洛阳,200.0
20201111,19,SO2,洛阳,12.0
20201111,19,SO2_24h,洛阳,11.0
20201111,19,NO2,洛阳,96.0
20201111,19,NO2_24h,洛阳,72.0
20201111,19,O3,洛阳,41.0
20201111,19,O3_24h,洛阳,95.0
20201111,19,O3_8h,洛阳,75.0
20201111,19,O3_8h_24h,洛阳,80.0
20201111,19,CO,洛阳,1.19
20201111,19,CO_24h,洛阳,0.97
20201111,20,AQI,洛阳,151.0
20201111,20,PM2.5,洛阳,116.0
20201111,20,PM2.5_24h,洛阳,110.0
20201111,20,PM10,洛阳,225.0
20201111,20,PM10_24h,洛阳,200.0
20201111,20,SO2,洛阳,11.0
20201111,20,SO2_24h,洛阳,11.0
20201111,20,NO2,洛阳,104.0
20201111,20,NO2_24h,洛阳,72.0
20201111,20,O3,洛阳,28.0
20201111,20,O3_24h,洛阳,95.0
20201111,20,O3_8h,洛阳,70.0
20201111,20,O3_8h_24h,洛阳,80.0
20201111,20,CO,洛阳,1.26
20201111,20,CO_24h,洛阳,0.97
20201111,21,AQI,洛阳,154.0
20201111,21,PM2.5,洛阳,118.0
20201111,21,PM2.5_24h,洛阳,109.0
20201111,21,PM10,洛阳,226.0
20201111,21,PM10_24h,洛阳,199.0
20201111,21,SO2,洛阳,10.0
20201111,21,SO2_24h,洛阳,11.0
20201111,21,NO2,洛阳,95.0
20201111,21,NO2_24h,洛阳,72.0
20201111,21,O3,洛阳,30.0
20201111,21,O3_24h,洛阳,95.0
20201111,21,O3_8h,洛阳,63.0
20201111,21,O3_8h_24h,洛阳,80.0
20201111,21,CO,洛阳,1.13
20201111,21,CO_24h,洛阳,0.97
20201111,22,AQI,洛阳,151.0
20201111,22,PM2.5,洛阳,116.0
20201111,22,PM2.5_24h,洛阳,109.0
20201111,22,PM10,洛阳,208.0
20201111,22,PM10_24h,洛阳,199.0
20201111,22,SO2,洛阳,9.0
20201111,22,SO2_24h,洛阳,11.0
20201111,22,NO2,洛阳,88.0
20201111,22,NO2_24h,洛阳,72.0
20201111,22,O3,洛阳,27.0
20201111,22,O3_24h,洛阳,95.0
20201111,22,O3_8h,洛阳,56.0
20201111,22,O3_8h_24h,洛阳,80.0
20201111,22,CO,洛阳,1.04
20201111,22,CO_24h,洛阳,0.97
20201111,23,AQI,洛阳,149.0
20201111,23,PM2.5,洛阳,114.0
20201111,23,PM2.5_24h,洛阳,109.0
20201111,23,PM10,洛阳,208.0
20201111,23,PM10_24h,洛阳,198.0
20201111,23,SO2,洛阳,8.0
20201111,23,SO2_24h,洛阳,11.0
20201111,23,NO2,洛阳,91.0
20201111,23,NO2_24h,洛阳,73.0
20201111,23,O3,洛阳,16.0
20201111,23,O3_24h,洛阳,95.0
20201111,23,O3_8h,洛阳,47.0
20201111,23,O3_8h_24h,洛阳,80.0
20201111,23,CO,洛阳,1.13
20201111,23,CO_24h,洛阳,0.97
20201111,0,AQI,安阳,173.0
20201111,0,PM2.5,安阳,131.0
20201111,0,PM2.5_24h,安阳,111.0
20201111,0,PM10,安阳,230.0
20201111,0,PM10_24h,安阳,198.0
20201111,0,SO2,安阳,10.0
20201111,0,SO2_24h,安阳,21.0
20201111,0,NO2,安阳,95.0
20201111,0,NO2_24h,安阳,66.0
20201111,0,O3,安阳,4.0
20201111,0,O3_24h,安阳,121.0
20201111,0,O3_8h,安阳,47.0
20201111,0,O3_8h_24h,安阳,89.0
20201111,0,CO,安阳,1.35
20201111,0,CO_24h,安阳,1.63
20201111,1,AQI,安阳,174.0
20201111,1,PM2.5,安阳,132.0
20201111,1,PM2.5_24h,安阳,113.0
20201111,1,PM10,安阳,228.0
20201111,1,PM10_24h,安阳,200.0
20201111,1,SO2,安阳,13.0
20201111,1,SO2_24h,安阳,21.0
20201111,1,NO2,安阳,92.0
20201111,1,NO2_24h,安阳,66.0
20201111,1,O3,安阳,4.0
20201111,1,O3_24h,安阳,121.0
20201111,1,O3_8h,安阳,4.0
20201111,1,O3_8h_24h,安阳,4.0
20201111,1,CO,安阳,1.25
20201111,1,CO_24h,安阳,1.63
20201111,2,AQI,安阳,169.0
20201111,2,PM2.5,安阳,128.0
20201111,2,PM2.5_24h,安阳,114.0
20201111,2,PM10,安阳,223.0
20201111,2,PM10_24h,安阳,202.0
20201111,2,SO2,安阳,16.0
20201111,2,SO2_24h,安阳,21.0
20201111,2,NO2,安阳,86.0
20201111,2,NO2_24h,安阳,67.0
20201111,2,O3,安阳,9.0
20201111,2,O3_24h,安阳,121.0
20201111,2,O3_8h,安阳,6.0
20201111,2,O3_8h_24h,安阳,6.0
20201111,2,CO,安阳,1.2
20201111,2,CO_24h,安阳,1.6
20201111,3,AQI,安阳,163.0
20201111,3,PM2.5,安阳,124.0
20201111,3,PM2.5_24h,安阳,115.0
20201111,3,PM10,安阳,224.0
20201111,3,PM10_24h,安阳,203.0
20201111,3,SO2,安阳,11.0
20201111,3,SO2_24h,安阳,21.0
20201111,3,NO2,安阳,76.0
20201111,3,NO2_24h,安阳,67.0
20201111,3,O3,安阳,15.0
20201111,3,O3_24h,安阳,121.0
20201111,3,O3_8h,安阳,9.0
20201111,3,O3_8h_24h,安阳,9.0
20201111,3,CO,安阳,1.2
20201111,3,CO_24h,安阳,1.57
20201111,4,AQI,安阳,164.0
20201111,4,PM2.5,安阳,125.0
20201111,4,PM2.5_24h,安阳,117.0
20201111,4,PM10,安阳,213.0
20201111,4,PM10_24h,安阳,204.0
20201111,4,SO2,安阳,11.0
20201111,4,SO2_24h,安阳,21.0
20201111,4,NO2,安阳,68.0
20201111,4,NO2_24h,安阳,67.0
20201111,4,O3,安阳,17.0
20201111,4,O3_24h,安阳,121.0
20201111,4,O3_8h,安阳,11.0
20201111,4,O3_8h_24h,安阳,11.0
20201111,4,CO,安阳,1.08
20201111,4,CO_24h,安阳,1.52
20201111,5,AQI,安阳,160.0
20201111,5,PM2.5,安阳,122.0
20201111,5,PM2.5_24h,安阳,118.0
20201111,5,PM10,安阳,206.0
20201111,5,PM10_24h,安阳,206.0
20201111,5,SO2,安阳,15.0
20201111,5,SO2_24h,安阳,21.0
20201111,5,NO2,安阳,66.0
20201111,5,NO2_24h,安阳,68.0
20201111,5,O3,安阳,17.0
20201111,5,O3_24h,安阳,121.0
20201111,5,O3_8h,安阳,12.0
20201111,5,O3_8h_24h,安阳,12.0
20201111,5,CO,安阳,1.05
20201111,5,CO_24h,安阳,1.5
20201111,6,AQI,安阳,151.0
20201111,6,PM2.5,安阳,116.0
20201111,6,PM2.5_24h,安阳,119.0
20201111,6,PM10,安阳,207.0
20201111,6,PM10_24h,安阳,207.0
20201111,6,SO2,安阳,12.0
20201111,6,SO2_24h,安阳,21.0
20201111,6,NO2,安阳,63.0
20201111,6,NO2_24h,安阳,68.0
20201111,6,O3,安阳,21.0
20201111,6,O3_24h,安阳,121.0
20201111,6,O3_8h,安阳,14.0
20201111,6,O3_8h_24h,安阳,14.0
20201111,6,CO,安阳,1.05
20201111,6,CO_24h,安阳,1.48
20201111,8,AQI,安阳,151.0
20201111,8,PM2.5,安阳,116.0
20201111,8,PM2.5_24h,安阳,120.0
20201111,8,PM10,安阳,206.0
20201111,8,PM10_24h,安阳,207.0
20201111,8,SO2,安阳,10.0
20201111,8,SO2_24h,安阳,20.0
20201111,8,NO2,安阳,65.0
20201111,8,NO2_24h,安阳,69.0
20201111,8,O3,安阳,20.0
20201111,8,O3_24h,安阳,121.0
20201111,8,O3_8h,安阳,15.0
20201111,8,O3_8h_24h,安阳,15.0
20201111,8,CO,安阳,1.25
20201111,8,CO_24h,安阳,1.4
20201111,10,AQI,安阳,149.0
20201111,10,PM2.5,安阳,114.0
20201111,10,PM2.5_24h,安阳,121.0
20201111,10,PM10,安阳,214.0
20201111,10,PM10_24h,安阳,208.0
20201111,10,SO2,安阳,14.0
20201111,10,SO2_24h,安阳,18.0
20201111,10,NO2,安阳,59.0
20201111,10,NO2_24h,安阳,69.0
20201111,10,O3,安阳,45.0
20201111,10,O3_24h,安阳,121.0
20201111,10,O3_8h,安阳,22.0
20201111,10,O3_8h_24h,安阳,22.0
20201111,10,CO,安阳,1.1
20201111,10,CO_24h,安阳,1.32
20201111,11,AQI,安阳,134.0
20201111,11,PM2.5,安阳,102.0
20201111,11,PM2.5_24h,安阳,120.0
20201111,11,PM10,安阳,208.0
20201111,11,PM10_24h,安阳,207.0
20201111,11,SO2,安阳,15.0
20201111,11,SO2_24h,安阳,16.0
20201111,11,NO2,安阳,46.0
20201111,11,NO2_24h,安阳,67.0
20201111,11,O3,安阳,71.0
20201111,11,O3_24h,安阳,121.0
20201111,11,O3_8h,安阳,29.0
20201111,11,O3_8h_24h,安阳,29.0
20201111,11,CO,安阳,1.2
20201111,11,CO_24h,安阳,1.25
20201111,12,AQI,安阳,115.0
20201111,12,PM2.5,安阳,76.0
20201111,12,PM2.5_24h,安阳,117.0
20201111,12,PM10,安阳,180.0
20201111,12,PM10_24h,安阳,204.0
20201111,12,SO2,安阳,15.0
20201111,12,SO2_24h,安阳,14.0
20201111,12,NO2,安阳,29.0
20201111,12,NO2_24h,安阳,65.0
20201111,12,O3,安阳,111.0
20201111,12,O3_24h,安阳,121.0
20201111,12,O3_8h,安阳,41.0
20201111,12,O3_8h_24h,安阳,41.0
20201111,12,CO,安阳,1.07
20201111,12,CO_24h,安阳,1.2
20201111,13,AQI,安阳,103.0
20201111,13,PM2.5,安阳,71.0
20201111,13,PM2.5_24h,安阳,114.0
20201111,13,PM10,安阳,156.0
20201111,13,PM10_24h,安阳,202.0
20201111,13,SO2,安阳,14.0
20201111,13,SO2_24h,安阳,13.0
20201111,13,NO2,安阳,25.0
20201111,13,NO2_24h,安阳,63.0
20201111,13,O3,安阳,127.0
20201111,13,O3_24h,安阳,127.0
20201111,13,O3_8h,安阳,54.0
20201111,13,O3_8h_24h,安阳,54.0
20201111,13,CO,安阳,0.9
20201111,13,CO_24h,安阳,1.13
20201111,14,AQI,安阳,106.0
20201111,14,PM2.5,安阳,71.0
20201111,14,PM2.5_24h,安阳,112.0
20201111,14,PM10,安阳,162.0
20201111,14,PM10_24h,安阳,200.0
20201111,14,SO2,安阳,11.0
20201111,14,SO2_24h,安阳,13.0
20201111,14,NO2,安阳,23.0
20201111,14,NO2_24h,安阳,61.0
20201111,14,O3,安阳,132.0
20201111,14,O3_24h,安阳,132.0
20201111,14,O3_8h,安阳,69.0
20201111,14,O3_8h_24h,安阳,69.0
20201111,14,CO,安阳,0.8
20201111,14,CO_24h,安阳,1.13
20201111,15,AQI,安阳,107.0
20201111,15,PM2.5,安阳,78.0
20201111,15,PM2.5_24h,安阳,111.0
20201111,15,PM10,安阳,164.0
20201111,15,PM10_24h,安阳,199.0
20201111,15,SO2,安阳,11.0
20201111,15,SO2_24h,安阳,12.0
20201111,15,NO2,安阳,24.0
20201111,15,NO2_24h,安阳,61.0
20201111,15,O3,安阳,131.0
20201111,15,O3_24h,安阳,132.0
20201111,15,O3_8h,安阳,83.0
20201111,15,O3_8h_24h,安阳,83.0
20201111,15,CO,安阳,0.85
20201111,15,CO_24h,安阳,1.13
20201111,16,AQI,安阳,101.0
20201111,16,PM2.5,安阳,75.0
20201111,16,PM2.5_24h,安阳,110.0
20201111,16,PM10,安阳,151.0
20201111,16,PM10_24h,安阳,199.0
20201111,16,SO2,安阳,11.0
20201111,16,SO2_24h,安阳,12.0
20201111,16,NO2,安阳,23.0
20201111,16,NO2_24h,安阳,61.0
20201111,16,O3,安阳,137.0
20201111,16,O3_24h,安阳,137.0
20201111,16,O3_8h,安阳,97.0
20201111,16,O3_8h_24h,安阳,97.0
20201111,16,CO,安阳,0.88
20201111,16,CO_24h,安阳,1.13
20201111,17,AQI,安阳,101.0
20201111,17,PM2.5,安阳,74.0
20201111,17,PM2.5_24h,安阳,109.0
20201111,17,PM10,安阳,151.0
20201111,17,PM10_24h,安阳,199.0
20201111,17,SO2,安阳,10.0
20201111,17,SO2_24h,安阳,12.0
20201111,17,NO2,安阳,25.0
20201111,17,NO2_24h,安阳,60.0
20201111,17,O3,安阳,134.0
20201111,17,O3_24h,安阳,137.0
20201111,17,O3_8h,安阳,111.0
20201111,17,O3_8h_24h,安阳,111.0
20201111,17,CO,安阳,0.82
20201111,17,CO_24h,安阳,1.13
20201111,18,AQI,安阳,99.0
20201111,18,PM2.5,安阳,74.0
20201111,18,PM2.5_24h,安阳,107.0
20201111,18,PM10,安阳,135.0
20201111,18,PM10_24h,安阳,197.0
20201111,18,SO2,安阳,9.0
20201111,18,SO2_24h,安阳,12.0
20201111,18,NO2,安阳,29.0
20201111,18,NO2_24h,安阳,60.0
20201111,18,O3,安阳,125.0
20201111,18,O3_24h,安阳,137.0
20201111,18,O3_8h,安阳,121.0
20201111,18,O3_8h_24h,安阳,121.0
20201111,18,CO,安阳,0.82
20201111,18,CO_24h,安阳,1.13
20201111,19,AQI,安阳,106.0
20201111,19,PM2.5,安阳,80.0
20201111,19,PM2.5_24h,安阳,106.0
20201111,19,PM10,安阳,142.0
20201111,19,PM10_24h,安阳,195.0
20201111,19,SO2,安阳,9.0
20201111,19,SO2_24h,安阳,12.0
20201111,19,NO2,安阳,32.0
20201111,19,NO2_24h,安阳,58.0
20201111,19,O3,安阳,114.0
20201111,19,O3_24h,安阳,137.0
20201111,19,O3_8h,安阳,126.0
20201111,19,O3_8h_24h,安阳,126.0
20201111,19,CO,安阳,0.88
20201111,19,CO_24h,安阳,1.1
20201111,20,AQI,安阳,110.0
20201111,20,PM2.5,安阳,83.0
20201111,20,PM2.5_24h,安阳,104.0
20201111,20,PM10,安阳,143.0
20201111,20,PM10_24h,安阳,194.0
20201111,20,SO2,安阳,11.0
20201111,20,SO2_24h,安阳,12.0
20201111,20,NO2,安阳,32.0
20201111,20,NO2_24h,安阳,57.0
20201111,20,O3,安阳,107.0
20201111,20,O3_24h,安阳,137.0
20201111,20,O3_8h,安阳,126.0
20201111,20,O3_8h_24h,安阳,126.0
20201111,20,CO,安阳,1.03
20201111,20,CO_24h,安阳,1.1
20201111,21,AQI,安阳,114.0
20201111,21,PM2.5,安阳,86.0
20201111,21,PM2.5_24h,安阳,103.0
20201111,21,PM10,安阳,142.0
20201111,21,PM10_24h,安阳,190.0
20201111,21,SO2,安阳,15.0
20201111,21,SO2_24h,安阳,12.0
20201111,21,NO2,安阳,37.0
20201111,21,NO2_24h,安阳,55.0
20201111,21,O3,安阳,98.0
20201111,21,O3_24h,安阳,137.0
20201111,21,O3_8h,安阳,122.0
20201111,21,O3_8h_24h,安阳,126.0
20201111,21,CO,安阳,1.1
20201111,21,CO_24h,安阳,1.13
20201111,22,AQI,安阳,116.0
20201111,22,PM2.5,安阳,88.0
20201111,22,PM2.5_24h,安阳,101.0
20201111,22,PM10,安阳,146.0
20201111,22,PM10_24h,安阳,187.0
20201111,22,SO2,安阳,16.0
20201111,22,SO2_24h,安阳,12.0
20201111,22,NO2,安阳,40.0
20201111,22,NO2_24h,安阳,53.0
20201111,22,O3,安阳,91.0
20201111,22,O3_24h,安阳,137.0
20201111,22,O3_8h,安阳,117.0
20201111,22,O3_8h_24h,安阳,126.0
20201111,22,CO,安阳,1.23
20201111,22,CO_24h,安阳,1.08
20201111,23,AQI,安阳,116.0
20201111,23,PM2.5,安阳,88.0
20201111,23,PM2.5_24h,安阳,100.0
20201111,23,PM10,安阳,145.0
20201111,23,PM10_24h,安阳,183.0
20201111,23,SO2,安阳,12.0
20201111,23,SO2_24h,安阳,12.0
20201111,23,NO2,安阳,44.0
20201111,23,NO2_24h,安阳,50.0
20201111,23,O3,安阳,82.0
20201111,23,O3_24h,安阳,137.0
20201111,23,O3_8h,安阳,111.0
20201111,23,O3_8h_24h,安阳,126.0
20201111,23,CO,安阳,1.25
20201111,23,CO_24h,安阳,1.08
20201111,0,AQI,开封,123.0
20201111,0,PM2.5,开封,93.0
20201111,0,PM2.5_24h,开封,97.0
20201111,0,PM10,开封,152.0
20201111,0,PM10_24h,开封,162.0
20201111,0,SO2,开封,18.0
20201111,0,SO2_24h,开封,21.0
20201111,0,NO2,开封,41.0
20201111,0,NO2_24h,开封,40.0
20201111,0,O3,开封,81.0
20201111,0,O3_24h,开封,147.0
20201111,0,O3_8h,开封,96.0
20201111,0,O3_8h_24h,开封,126.0
20201111,0,CO,开封,0.83
20201111,0,CO_24h,开封,0.9
20201111,1,AQI,开封,124.0
20201111,1,PM2.5,开封,94.0
20201111,1,PM2.5_24h,开封,96.0
20201111,1,PM10,开封,159.0
20201111,1,PM10_24h,开封,160.0
20201111,1,SO2,开封,19.0
20201111,1,SO2_24h,开封,21.0
20201111,1,NO2,开封,41.0
20201111,1,NO2_24h,开封,40.0
20201111,1,O3,开封,74.0
20201111,1,O3_24h,开封,147.0
20201111,1,O3_8h,开封,74.0
20201111,1,O3_8h_24h,开封,74.0
20201111,1,CO,开封,0.83
20201111,1,CO_24h,开封,0.9
20201111,2,AQI,开封,123.0
20201111,2,PM2.5,开封,93.0
20201111,2,PM2.5_24h,开封,94.0
20201111,2,PM10,开封,155.0
20201111,2,PM10_24h,开封,157.0
20201111,2,SO2,开封,18.0
20201111,2,SO2_24h,开封,21.0
20201111,2,NO2,开封,42.0
20201111,2,NO2_24h,开封,40.0
20201111,2,O3,开封,71.0
20201111,2,O3_24h,开封,147.0
20201111,2,O3_8h,开封,72.0
20201111,2,O3_8h_24h,开封,74.0
20201111,2,CO,开封,0.83
20201111,2,CO_24h,开封,0.9
20201111,3,AQI,开封,128.0
20201111,3,PM2.5,开封,97.0
20201111,3,PM2.5_24h,开封,94.0
20201111,3,PM10,开封,149.0
20201111,3,PM10_24h,开封,156.0
20201111,3,SO2,开封,17.0
20201111,3,SO2_24h,开封,20.0
20201111,3,NO2,开封,41.0
20201111,3,NO2_24h,开封,40.0
20201111,3,O3,开封,69.0
20201111,3,O3_24h,开封,147.0
20201111,3,O3_8h,开封,71.0
20201111,3,O3_8h_24h,开封,74.0
20201111,3,CO,开封,0.85
20201111,3,CO_24h,开封,0.9
20201111,4,AQI,开封,129.0
20201111,4,PM2.5,开封,98.0
20201111,4,PM2.5_24h,开封,93.0
20201111,4,PM10,开封,146.0
20201111,4,PM10_24h,开封,155.0
20201111,4,SO2,开封,16.0
20201111,4,SO2_24h,开封,20.0
20201111,4,NO2,开封,40.0
20201111,4,NO2_24h,开封,40.0
20201111,4,O3,开封,70.0
20201111,4,O3_24h,开封,147.0
20201111,4,O3_8h,开封,71.0
20201111,4,O3_8h_24h,开封,74.0
20201111,4,CO,开封,0.9
20201111,4,CO_24h,开封,0.9
20201111,5,AQI,开封,133.0
20201111,5,PM2.5,开封,101.0
20201111,5,PM2.5_24h,开封,92.0
20201111,5,PM10,开封,150.0
20201111,5,PM10_24h,开封,154.0
20201111,5,SO2,开封,18.0
20201111,5,SO2_24h,开封,20.0
20201111,5,NO2,开封,43.0
20201111,5,NO2_24h,开封,40.0
20201111,5,O3,开封,62.0
20201111,5,O3_24h,开封,147.0
20201111,5,O3_8h,开封,69.0
20201111,5,O3_8h_24h,开封,74.0
20201111,5,CO,开封,0.9
20201111,5,CO_24h,开封,0.9
20201111,6,AQI,开封,126.0
20201111,6,PM2.5,开封,96.0
20201111,6,PM2.5_24h,开封,92.0
20201111,6,PM10,开封,151.0
20201111,6,PM10_24h,开封,153.0
20201111,6,SO2,开封,18.0
20201111,6,SO2_24h,开封,20.0
20201111,6,NO2,开封,40.0
20201111,6,NO2_24h,开封,39.0
20201111,6,O3,开封,61.0
20201111,6,O3_24h,开封,147.0
20201111,6,O3_8h,开封,68.0
20201111,6,O3_8h_24h,开封,74.0
20201111,6,CO,开封,0.9
20201111,6,CO_24h,开封,0.9
20201111,7,AQI,开封,118.0
20201111,7,PM2.5,开封,89.0
20201111,7,PM2.5_24h,开封,89.0
20201111,7,PM10,开封,139.0
20201111,7,PM10_24h,开封,155.0
20201111,7,SO2,开封,13.0
20201111,7,SO2_24h,开封,18.0
20201111,7,NO2,开封,42.0
20201111,7,NO2_24h,开封,39.0
20201111,7,O3,开封,58.0
20201111,7,O3_24h,开封,149.0
20201111,7,O3_8h,开封,71.0
20201111,7,O3_8h_24h,开封,82.0
20201111,7,CO,开封,1.0
20201111,7,CO_24h,开封,1.0
20201111,8,AQI,开封,121.0
20201111,8,PM2.5,开封,92.0
20201111,8,PM2.5_24h,开封,90.0
20201111,8,PM10,开封,142.0
20201111,8,PM10_24h,开封,150.0
20201111,8,SO2,开封,17.0
20201111,8,SO2_24h,开封,19.0
20201111,8,NO2,开封,47.0
20201111,8,NO2_24h,开封,39.0
20201111,8,O3,开封,51.0
20201111,8,O3_24h,开封,147.0
20201111,8,O3_8h,开封,65.0
20201111,8,O3_8h_24h,开封,74.0
20201111,8,CO,开封,0.98
20201111,8,CO_24h,开封,0.88
20201111,10,AQI,开封,113.0
20201111,10,PM2.5,开封,85.0
20201111,10,PM2.5_24h,开封,88.0
20201111,10,PM10,开封,149.0
20201111,10,PM10_24h,开封,148.0
20201111,10,SO2,开封,18.0
20201111,10,SO2_24h,开封,18.0
20201111,10,NO2,开封,37.0
20201111,10,NO2_24h,开封,38.0
20201111,10,O3,开封,72.0
20201111,10,O3_24h,开封,147.0
20201111,10,O3_8h,开封,62.0
20201111,10,O3_8h_24h,开封,74.0
20201111,10,CO,开封,0.98
20201111,10,CO_24h,开封,0.88
20201111,11,AQI,开封,101.0
20201111,11,PM2.5,开封,76.0
20201111,11,PM2.5_24h,开封,87.0
20201111,11,PM10,开封,135.0
20201111,11,PM10_24h,开封,146.0
20201111,11,SO2,开封,16.0
20201111,11,SO2_24h,开封,18.0
20201111,11,NO2,开封,29.0
20201111,11,NO2_24h,开封,37.0
20201111,11,O3,开封,97.0
20201111,11,O3_24h,开封,147.0
20201111,11,O3_8h,开封,66.0
20201111,11,O3_8h_24h,开封,74.0
20201111,11,CO,开封,0.98
20201111,11,CO_24h,开封,0.88
20201111,12,AQI,开封,94.0
20201111,12,PM2.5,开封,70.0
20201111,12,PM2.5_24h,开封,87.0
20201111,12,PM10,开封,127.0
20201111,12,PM10_24h,开封,144.0
20201111,12,SO2,开封,15.0
20201111,12,SO2_24h,开封,18.0
20201111,12,NO2,开封,25.0
20201111,12,NO2_24h,开封,37.0
20201111,12,O3,开封,114.0
20201111,12,O3_24h,开封,147.0
20201111,12,O3_8h,开封,71.0
20201111,12,O3_8h_24h,开封,74.0
20201111,12,CO,开封,0.88
20201111,12,CO_24h,开封,0.88
20201111,13,AQI,开封,90.0
20201111,13,PM2.5,开封,67.0
20201111,13,PM2.5_24h,开封,86.0
20201111,13,PM10,开封,119.0
20201111,13,PM10_24h,开封,143.0
20201111,13,SO2,开封,14.0
20201111,13,SO2_24h,开封,17.0
20201111,13,NO2,开封,23.0
20201111,13,NO2_24h,开封,37.0
20201111,13,O3,开封,129.0
20201111,13,O3_24h,开封,147.0
20201111,13,O3_8h,开封,78.0
20201111,13,O3_8h_24h,开封,78.0
20201111,13,CO,开封,0.83
20201111,13,CO_24h,开封,0.88
20201111,14,AQI,开封,95.0
20201111,14,PM2.5,开封,71.0
20201111,14,PM2.5_24h,开封,87.0
20201111,14,PM10,开封,117.0
20201111,14,PM10_24h,开封,143.0
20201111,14,SO2,开封,14.0
20201111,14,SO2_24h,开封,17.0
20201111,14,NO2,开封,22.0
20201111,14,NO2_24h,开封,38.0
20201111,14,O3,开封,142.0
20201111,14,O3_24h,开封,147.0
20201111,14,O3_8h,开封,88.0
20201111,14,O3_8h_24h,开封,88.0
20201111,14,CO,开封,0.73
20201111,14,CO_24h,开封,0.88
20201111,15,AQI,开封,100.0
20201111,15,PM2.5,开封,75.0
20201111,15,PM2.5_24h,开封,87.0
20201111,15,PM10,开封,117.0
20201111,15,PM10_24h,开封,144.0
20201111,15,SO2,开封,15.0
20201111,15,SO2_24h,开封,17.0
20201111,15,NO2,开封,22.0
20201111,15,NO2_24h,开封,38.0
20201111,15,O3,开封,151.0
20201111,15,O3_24h,开封,151.0
20201111,15,O3_8h,开封,101.0
20201111,15,O3_8h_24h,开封,101.0
20201111,15,CO,开封,0.73
20201111,15,CO_24h,开封,0.88
20201111,16,AQI,开封,103.0
20201111,16,PM2.5,开封,77.0
20201111,16,PM2.5_24h,开封,87.0
20201111,16,PM10,开封,123.0
20201111,16,PM10_24h,开封,143.0
20201111,16,SO2,开封,15.0
20201111,16,SO2_24h,开封,17.0
20201111,16,NO2,开封,24.0
20201111,16,NO2_24h,开封,38.0
20201111,16,O3,开封,157.0
20201111,16,O3_24h,开封,157.0
20201111,16,O3_8h,开封,114.0
20201111,16,O3_8h_24h,开封,114.0
20201111,16,CO,开封,0.75
20201111,16,CO_24h,开封,0.88
20201111,17,AQI,开封,101.0
20201111,17,PM2.5,开封,76.0
20201111,17,PM2.5_24h,开封,88.0
20201111,17,PM10,开封,116.0
20201111,17,PM10_24h,开封,143.0
20201111,17,SO2,开封,15.0
20201111,17,SO2_24h,开封,17.0
20201111,17,NO2,开封,28.0
20201111,17,NO2_24h,开封,38.0
20201111,17,O3,开封,149.0
20201111,17,O3_24h,开封,157.0
20201111,17,O3_8h,开封,126.0
20201111,17,O3_8h_24h,开封,126.0
20201111,17,CO,开封,0.77
20201111,17,CO_24h,开封,0.88
20201111,18,AQI,开封,101.0
20201111,18,PM2.5,开封,76.0
20201111,18,PM2.5_24h,开封,88.0
20201111,18,PM10,开封,126.0
20201111,18,PM10_24h,开封,143.0
20201111,18,SO2,开封,21.0
20201111,18,SO2_24h,开封,17.0
20201111,18,NO2,开封,40.0
20201111,18,NO2_24h,开封,38.0
20201111,18,O3,开封,124.0
20201111,18,O3_24h,开封,157.0
20201111,18,O3_8h,开封,133.0
20201111,18,O3_8h_24h,开封,133.0
20201111,18,CO,开封,0.8
20201111,18,CO_24h,开封,0.88
20201111,19,AQI,开封,103.0
20201111,19,PM2.5,开封,77.0
20201111,19,PM2.5_24h,开封,87.0
20201111,19,PM10,开封,144.0
20201111,19,PM10_24h,开封,143.0
20201111,19,SO2,开封,16.0
20201111,19,SO2_24h,开封,17.0
20201111,19,NO2,开封,53.0
20201111,19,NO2_24h,开封,38.0
20201111,19,O3,开封,99.0
20201111,19,O3_24h,开封,157.0
20201111,19,O3_8h,开封,133.0
20201111,19,O3_8h_24h,开封,134.0
20201111,19,CO,开封,0.85
20201111,19,CO_24h,开封,0.88
20201111,20,AQI,开封,106.0
20201111,20,PM2.5,开封,80.0
20201111,20,PM2.5_24h,开封,86.0
20201111,20,PM10,开封,141.0
20201111,20,PM10_24h,开封,142.0
20201111,20,SO2,开封,18.0
20201111,20,SO2_24h,开封,17.0
20201111,20,NO2,开封,50.0
20201111,20,NO2_24h,开封,38.0
20201111,20,O3,开封,93.0
20201111,20,O3_24h,开封,157.0
20201111,20,O3_8h,开封,130.0
20201111,20,O3_8h_24h,开封,134.0
20201111,20,CO,开封,0.85
20201111,20,CO_24h,开封,0.88
20201111,21,AQI,开封,105.0
20201111,21,PM2.5,开封,79.0
20201111,21,PM2.5_24h,开封,86.0
20201111,21,PM10,开封,132.0
20201111,21,PM10_24h,开封,141.0
20201111,21,SO2,开封,17.0
20201111,21,SO2_24h,开封,17.0
20201111,21,NO2,开封,43.0
20201111,21,NO2_24h,开封,37.0
20201111,21,O3,开封,89.0
20201111,21,O3_24h,开封,157.0
20201111,21,O3_8h,开封,127.0
20201111,21,O3_8h_24h,开封,134.0
20201111,21,CO,开封,0.7
20201111,21,CO_24h,开封,0.85
20201111,22,AQI,开封,110.0
20201111,22,PM2.5,开封,83.0
20201111,22,PM2.5_24h,开封,85.0
20201111,22,PM10,开封,128.0
20201111,22,PM10_24h,开封,140.0
20201111,22,SO2,开封,23.0
20201111,22,SO2_24h,开封,17.0
20201111,22,NO2,开封,44.0
20201111,22,NO2_24h,开封,37.0
20201111,22,O3,开封,82.0
20201111,22,O3_24h,开封,157.0
20201111,22,O3_8h,开封,119.0
20201111,22,O3_8h_24h,开封,134.0
20201111,22,CO,开封,0.73
20201111,22,CO_24h,开封,0.85
20201111,23,AQI,开封,113.0
20201111,23,PM2.5,开封,85.0
20201111,23,PM2.5_24h,开封,84.0
20201111,23,PM10,开封,126.0
20201111,23,PM10_24h,开封,138.0
20201111,23,SO2,开封,16.0
20201111,23,SO2_24h,开封,17.0
20201111,23,NO2,开封,44.0
20201111,23,NO2_24h,开封,38.0
20201111,23,O3,开封,73.0
20201111,23,O3_24h,开封,157.0
20201111,23,O3_8h,开封,109.0
20201111,23,O3_8h_24h,开封,134.0
20201111,23,CO,开封,0.68
20201111,23,CO_24h,开封,0.85
20201111,0,AQI,焦作,104.0
20201111,0,PM2.5,焦作,69.0
20201111,0,PM2.5_24h,焦作,81.0
20201111,0,PM10,焦作,158.0
20201111,0,PM10_24h,焦作,173.0
20201111,0,SO2,焦作,13.0
20201111,0,SO2_24h,焦作,20.0
20201111,0,NO2,焦作,31.0
20201111,0,NO2_24h,焦作,50.0
20201111,0,O3,焦作,96.0
20201111,0,O3_24h,焦作,119.0
20201111,0,O3_8h,焦作,95.0
20201111,0,O3_8h_24h,焦作,106.0
20201111,0,CO,焦作,0.9
20201111,0,CO_24h,焦作,1.17
20201111,1,AQI,焦作,113.0
20201111,1,PM2.5,焦作,79.0
20201111,1,PM2.5_24h,焦作,82.0
20201111,1,PM10,焦作,175.0
20201111,1,PM10_24h,焦作,175.0
20201111,1,SO2,焦作,17.0
20201111,1,SO2_24h,焦作,20.0
20201111,1,NO2,焦作,35.0
20201111,1,NO2_24h,焦作,50.0
20201111,1,O3,焦作,87.0
20201111,1,O3_24h,焦作,119.0
20201111,1,O3_8h,焦作,87.0
20201111,1,O3_8h_24h,焦作,87.0
20201111,1,CO,焦作,0.9
20201111,1,CO_24h,焦作,1.1
20201111,2,AQI,焦作,111.0
20201111,2,PM2.5,焦作,80.0
20201111,2,PM2.5_24h,焦作,82.0
20201111,2,PM10,焦作,171.0
20201111,2,PM10_24h,焦作,176.0
20201111,2,SO2,焦作,17.0
20201111,2,SO2_24h,焦作,19.0
20201111,2,NO2,焦作,37.0
20201111,2,NO2_24h,焦作,49.0
20201111,2,O3,焦作,81.0
20201111,2,O3_24h,焦作,119.0
20201111,2,O3_8h,焦作,84.0
20201111,2,O3_8h_24h,焦作,87.0
20201111,2,CO,焦作,0.9
20201111,2,CO_24h,焦作,1.1
20201111,3,AQI,焦作,105.0
20201111,3,PM2.5,焦作,74.0
20201111,3,PM2.5_24h,焦作,83.0
20201111,3,PM10,焦作,159.0
20201111,3,PM10_24h,焦作,177.0
20201111,3,SO2,焦作,23.0
20201111,3,SO2_24h,焦作,19.0
20201111,3,NO2,焦作,41.0
20201111,3,NO2_24h,焦作,48.0
20201111,3,O3,焦作,75.0
20201111,3,O3_24h,焦作,119.0
20201111,3,O3_8h,焦作,81.0
20201111,3,O3_8h_24h,焦作,87.0
20201111,3,CO,焦作,0.97
20201111,3,CO_24h,焦作,1.1
20201111,4,AQI,焦作,108.0
20201111,4,PM2.5,焦作,73.0
20201111,4,PM2.5_24h,焦作,83.0
20201111,4,PM10,焦作,165.0
20201111,4,PM10_24h,焦作,178.0
20201111,4,SO2,焦作,22.0
20201111,4,SO2_24h,焦作,19.0
20201111,4,NO2,焦作,59.0
20201111,4,NO2_24h,焦作,48.0
20201111,4,O3,焦作,52.0
20201111,4,O3_24h,焦作,119.0
20201111,4,O3_8h,焦作,74.0
20201111,4,O3_8h_24h,焦作,87.0
20201111,4,CO,焦作,1.07
20201111,4,CO_24h,焦作,1.07
20201111,5,AQI,焦作,111.0
20201111,5,PM2.5,焦作,81.0
20201111,5,PM2.5_24h,焦作,84.0
20201111,5,PM10,焦作,172.0
20201111,5,PM10_24h,焦作,179.0
20201111,5,SO2,焦作,21.0
20201111,5,SO2_24h,焦作,19.0
20201111,5,NO2,焦作,51.0
20201111,5,NO2_24h,焦作,47.0
20201111,5,O3,焦作,54.0
20201111,5,O3_24h,焦作,119.0
20201111,5,O3_8h,焦作,69.0
20201111,5,O3_8h_24h,焦作,87.0
20201111,5,CO,焦作,1.03
20201111,5,CO_24h,焦作,1.03
20201111,6,AQI,焦作,105.0
20201111,6,PM2.5,焦作,71.0
20201111,6,PM2.5_24h,焦作,83.0
20201111,6,PM10,焦作,160.0
20201111,6,PM10_24h,焦作,177.0
20201111,6,SO2,焦作,19.0
20201111,6,SO2_24h,焦作,19.0
20201111,6,NO2,焦作,42.0
20201111,6,NO2_24h,焦作,46.0
20201111,6,O3,焦作,63.0
20201111,6,O3_24h,焦作,119.0
20201111,6,O3_8h,焦作,68.0
20201111,6,O3_8h_24h,焦作,87.0
20201111,6,CO,焦作,0.97
20201111,6,CO_24h,焦作,1.03
20201111,8,AQI,焦作,123.0
20201111,8,PM2.5,焦作,93.0
20201111,8,PM2.5_24h,焦作,82.0
20201111,8,PM10,焦作,192.0
20201111,8,PM10_24h,焦作,174.0
20201111,8,SO2,焦作,20.0
20201111,8,SO2_24h,焦作,18.0
20201111,8,NO2,焦作,55.0
20201111,8,NO2_24h,焦作,44.0
20201111,8,O3,焦作,47.0
20201111,8,O3_24h,焦作,119.0
20201111,8,O3_8h,焦作,65.0
20201111,8,O3_8h_24h,焦作,87.0
20201111,8,CO,焦作,1.37
20201111,8,CO_24h,焦作,1.03
20201111,10,AQI,焦作,123.0
20201111,10,PM2.5,焦作,90.0
20201111,10,PM2.5_24h,焦作,80.0
20201111,10,PM10,焦作,196.0
20201111,10,PM10_24h,焦作,172.0
20201111,10,SO2,焦作,23.0
20201111,10,SO2_24h,焦作,18.0
20201111,10,NO2,焦作,55.0
20201111,10,NO2_24h,焦作,44.0
20201111,10,O3,焦作,51.0
20201111,10,O3_24h,焦作,119.0
20201111,10,O3_8h,焦作,56.0
20201111,10,O3_8h_24h,焦作,87.0
20201111,10,CO,焦作,1.2
20201111,10,CO_24h,焦作,1.0
20201111,11,AQI,焦作,126.0
20201111,11,PM2.5,焦作,96.0
20201111,11,PM2.5_24h,焦作,81.0
20201111,11,PM10,焦作,187.0
20201111,11,PM10_24h,焦作,172.0
20201111,11,SO2,焦作,20.0
20201111,11,SO2_24h,焦作,18.0
20201111,11,NO2,焦作,52.0
20201111,11,NO2_24h,焦作,43.0
20201111,11,O3,焦作,61.0
20201111,11,O3_24h,焦作,119.0
20201111,11,O3_8h,焦作,54.0
20201111,11,O3_8h_24h,焦作,87.0
20201111,11,CO,焦作,1.17
20201111,11,CO_24h,焦作,1.0
20201111,12,AQI,焦作,116.0
20201111,12,PM2.5,焦作,88.0
20201111,12,PM2.5_24h,焦作,80.0
20201111,12,PM10,焦作,170.0
20201111,12,PM10_24h,焦作,171.0
20201111,12,SO2,焦作,17.0
20201111,12,SO2_24h,焦作,17.0
20201111,12,NO2,焦作,44.0
20201111,12,NO2_24h,焦作,43.0
20201111,12,O3,焦作,81.0
20201111,12,O3_24h,焦作,119.0
20201111,12,O3_8h,焦作,58.0
20201111,12,O3_8h_24h,焦作,87.0
20201111,12,CO,焦作,1.0
20201111,12,CO_24h,焦作,1.0
20201111,13,AQI,焦作,106.0
20201111,13,PM2.5,焦作,76.0
20201111,13,PM2.5_24h,焦作,81.0
20201111,13,PM10,焦作,161.0
20201111,13,PM10_24h,焦作,172.0
20201111,13,SO2,焦作,17.0
20201111,13,SO2_24h,焦作,17.0
20201111,13,NO2,焦作,37.0
20201111,13,NO2_24h,焦作,43.0
20201111,13,O3,焦作,101.0
20201111,13,O3_24h,焦作,119.0
20201111,13,O3_8h,焦作,64.0
20201111,13,O3_8h_24h,焦作,87.0
20201111,13,CO,焦作,1.0
20201111,13,CO_24h,焦作,1.0
20201111,14,AQI,焦作,98.0
20201111,14,PM2.5,焦作,73.0
20201111,14,PM2.5_24h,焦作,81.0
20201111,14,PM10,焦作,141.0
20201111,14,PM10_24h,焦作,171.0
20201111,14,SO2,焦作,16.0
20201111,14,SO2_24h,焦作,18.0
20201111,14,NO2,焦作,35.0
20201111,14,NO2_24h,焦作,43.0
20201111,14,O3,焦作,115.0
20201111,14,O3_24h,焦作,117.0
20201111,14,O3_8h,焦作,70.0
20201111,14,O3_8h_24h,焦作,87.0
20201111,14,CO,焦作,0.93
20201111,14,CO_24h,焦作,1.0
20201111,15,AQI,焦作,101.0
20201111,15,PM2.5,焦作,76.0
20201111,15,PM2.5_24h,焦作,81.0
20201111,15,PM10,焦作,141.0
20201111,15,PM10_24h,焦作,171.0
20201111,15,SO2,焦作,12.0
20201111,15,SO2_24h,焦作,17.0
20201111,15,NO2,焦作,32.0
20201111,15,NO2_24h,焦作,43.0
20201111,15,O3,焦作,124.0
20201111,15,O3_24h,焦作,124.0
20201111,15,O3_8h,焦作,78.0
20201111,15,O3_8h_24h,焦作,87.0
20201111,15,CO,焦作,0.93
20201111,15,CO_24h,焦作,1.0
20201111,16,AQI,焦作,94.0
20201111,16,PM2.5,焦作,66.0
20201111,16,PM2.5_24h,焦作,81.0
20201111,16,PM10,焦作,137.0
20201111,16,PM10_24h,焦作,170.0
20201111,16,SO2,焦作,9.0
20201111,16,SO2_24h,焦作,17.0
20201111,16,NO2,焦作,30.0
20201111,16,NO2_24h,焦作,43.0
20201111,16,O3,焦作,130.0
20201111,16,O3_24h,焦作,130.0
20201111,16,O3_8h,焦作,88.0
20201111,16,O3_8h_24h,焦作,90.0
20201111,16,CO,焦作,0.83
20201111,16,CO_24h,焦作,1.0
20201111,17,AQI,焦作,103.0
20201111,17,PM2.5,焦作,77.0
20201111,17,PM2.5_24h,焦作,80.0
20201111,17,PM10,焦作,148.0
20201111,17,PM10_24h,焦作,169.0
20201111,17,SO2,焦作,8.0
20201111,17,SO2_24h,焦作,17.0
20201111,17,NO2,焦作,37.0
20201111,17,NO2_24h,焦作,43.0
20201111,17,O3,焦作,118.0
20201111,17,O3_24h,焦作,130.0
20201111,17,O3_8h,焦作,97.0
20201111,17,O3_8h_24h,焦作,97.0
20201111,17,CO,焦作,0.8
20201111,17,CO_24h,焦作,1.0
20201111,18,AQI,焦作,118.0
20201111,18,PM2.5,焦作,89.0
20201111,18,PM2.5_24h,焦作,78.0
20201111,18,PM10,焦作,168.0
20201111,18,PM10_24h,焦作,160.0
20201111,18,SO2,焦作,11.0
20201111,18,SO2_24h,焦作,16.0
20201111,18,NO2,焦作,45.0
20201111,18,NO2_24h,焦作,41.0
20201111,18,O3,焦作,99.0
20201111,18,O3_24h,焦作,129.0
20201111,18,O3_8h,焦作,104.0
20201111,18,O3_8h_24h,焦作,104.0
20201111,18,CO,焦作,0.9
20201111,18,CO_24h,焦作,1.0
20201111,19,AQI,焦作,128.0
20201111,19,PM2.5,焦作,97.0
20201111,19,PM2.5_24h,焦作,79.0
20201111,19,PM10,焦作,189.0
20201111,19,PM10_24h,焦作,160.0
20201111,19,SO2,焦作,15.0
20201111,19,SO2_24h,焦作,16.0
20201111,19,NO2,焦作,47.0
20201111,19,NO2_24h,焦作,41.0
20201111,19,O3,焦作,89.0
20201111,19,O3_24h,焦作,129.0
20201111,19,O3_8h,焦作,107.0
20201111,19,O3_8h_24h,焦作,107.0
20201111,19,CO,焦作,0.95
20201111,19,CO_24h,焦作,1.0
20201111,20,AQI,焦作,130.0
20201111,20,PM2.5,焦作,99.0
20201111,20,PM2.5_24h,焦作,80.0
20201111,20,PM10,焦作,164.0
20201111,20,PM10_24h,焦作,160.0
20201111,20,SO2,焦作,9.0
20201111,20,SO2_24h,焦作,16.0
20201111,20,NO2,焦作,39.0
20201111,20,NO2_24h,焦作,41.0
20201111,20,O3,焦作,100.0
20201111,20,O3_24h,焦作,129.0
20201111,20,O3_8h,焦作,109.0
20201111,20,O3_8h_24h,焦作,109.0
20201111,20,CO,焦作,0.8
20201111,20,CO_24h,焦作,1.0
20201111,21,AQI,焦作,106.0
20201111,21,PM2.5,焦作,80.0
20201111,21,PM2.5_24h,焦作,80.0
20201111,21,PM10,焦作,147.0
20201111,21,PM10_24h,焦作,159.0
20201111,21,SO2,焦作,8.0
20201111,21,SO2_24h,焦作,15.0
20201111,21,NO2,焦作,37.0
20201111,21,NO2_24h,焦作,41.0
20201111,21,O3,焦作,95.0
20201111,21,O3_24h,焦作,129.0
20201111,21,O3_8h,焦作,109.0
20201111,21,O3_8h_24h,焦作,110.0
20201111,21,CO,焦作,0.9
20201111,21,CO_24h,焦作,1.0
20201111,22,AQI,焦作,100.0
20201111,22,PM2.5,焦作,75.0
20201111,22,PM2.5_24h,焦作,79.0
20201111,22,PM10,焦作,132.0
20201111,22,PM10_24h,焦作,158.0
20201111,22,SO2,焦作,7.0
20201111,22,SO2_24h,焦作,15.0
20201111,22,NO2,焦作,35.0
20201111,22,NO2_24h,焦作,41.0
20201111,22,O3,焦作,94.0
20201111,22,O3_24h,焦作,129.0
20201111,22,O3_8h,焦作,106.0
20201111,22,O3_8h_24h,焦作,110.0
20201111,22,CO,焦作,0.9
20201111,22,CO_24h,焦作,1.0
20201111,23,AQI,焦作,103.0
20201111,23,PM2.5,焦作,77.0
20201111,23,PM2.5_24h,焦作,79.0
20201111,23,PM10,焦作,141.0
20201111,23,PM10_24h,焦作,163.0
20201111,23,SO2,焦作,6.0
20201111,23,SO2_24h,焦作,16.0
20201111,23,NO2,焦作,40.0
20201111,23,NO2_24h,焦作,43.0
20201111,23,O3,焦作,82.0
20201111,23,O3_24h,焦作,130.0
20201111,23,O3_8h,焦作,108.0
20201111,23,O3_8h_24h,焦作,114.0
20201111,23,CO,焦作,0.75
20201111,23,CO_24h,焦作,1.0
20201111,0,AQI,平顶山,73.0
20201111,0,PM2.5,平顶山,49.0
20201111,0,PM2.5_24h,平顶山,75.0
20201111,0,PM10,平顶山,95.0
20201111,0,PM10_24h,平顶山,147.0
20201111,0,SO2,平顶山,13.0
20201111,0,SO2_24h,平顶山,15.0
20201111,0,NO2,平顶山,57.0
20201111,0,NO2_24h,平顶山,61.0
20201111,0,O3,平顶山,53.0
20201111,0,O3_24h,平顶山,139.0
20201111,0,O3_8h,平顶山,83.0
20201111,0,O3_8h_24h,平顶山,116.0
20201111,0,CO,平顶山,0.77
20201111,0,CO_24h,平顶山,0.9
20201111,1,AQI,平顶山,68.0
20201111,1,PM2.5,平顶山,47.0
20201111,1,PM2.5_24h,平顶山,73.0
20201111,1,PM10,平顶山,86.0
20201111,1,PM10_24h,平顶山,143.0
20201111,1,SO2,平顶山,14.0
20201111,1,SO2_24h,平顶山,15.0
20201111,1,NO2,平顶山,54.0
20201111,1,NO2_24h,平顶山,60.0
20201111,1,O3,平顶山,55.0
20201111,1,O3_24h,平顶山,139.0
20201111,1,O3_8h,平顶山,55.0
20201111,1,O3_8h_24h,平顶山,55.0
20201111,1,CO,平顶山,0.8
20201111,1,CO_24h,平顶山,0.88
20201111,2,AQI,平顶山,82.0
20201111,2,PM2.5,平顶山,57.0
20201111,2,PM2.5_24h,平顶山,71.0
20201111,2,PM10,平顶山,114.0
20201111,2,PM10_24h,平顶山,140.0
20201111,2,SO2,平顶山,13.0
20201111,2,SO2_24h,平顶山,15.0
20201111,2,NO2,平顶山,58.0
20201111,2,NO2_24h,平顶山,59.0
20201111,2,O3,平顶山,48.0
20201111,2,O3_24h,平顶山,139.0
20201111,2,O3_8h,平顶山,52.0
20201111,2,O3_8h_24h,平顶山,55.0
20201111,2,CO,平顶山,0.8
20201111,2,CO_24h,平顶山,0.88
20201111,3,AQI,平顶山,87.0
20201111,3,PM2.5,平顶山,59.0
20201111,3,PM2.5_24h,平顶山,70.0
20201111,3,PM10,平顶山,123.0
20201111,3,PM10_24h,平顶山,138.0
20201111,3,SO2,平顶山,12.0
20201111,3,SO2_24h,平顶山,15.0
20201111,3,NO2,平顶山,55.0
20201111,3,NO2_24h,平顶山,58.0
20201111,3,O3,平顶山,52.0
20201111,3,O3_24h,平顶山,139.0
20201111,3,O3_8h,平顶山,52.0
20201111,3,O3_8h_24h,平顶山,55.0
20201111,3,CO,平顶山,0.8
20201111,3,CO_24h,平顶山,0.88
20201111,4,AQI,平顶山,90.0
20201111,4,PM2.5,平顶山,63.0
20201111,4,PM2.5_24h,平顶山,69.0
20201111,4,PM10,平顶山,129.0
20201111,4,PM10_24h,平顶山,137.0
20201111,4,SO2,平顶山,13.0
20201111,4,SO2_24h,平顶山,15.0
20201111,4,NO2,平顶山,53.0
20201111,4,NO2_24h,平顶山,57.0
20201111,4,O3,平顶山,51.0
20201111,4,O3_24h,平顶山,139.0
20201111,4,O3_8h,平顶山,52.0
20201111,4,O3_8h_24h,平顶山,55.0
20201111,4,CO,平顶山,0.82
20201111,4,CO_24h,平顶山,0.88
20201111,5,AQI,平顶山,88.0
20201111,5,PM2.5,平顶山,57.0
20201111,5,PM2.5_24h,平顶山,68.0
20201111,5,PM10,平顶山,125.0
20201111,5,PM10_24h,平顶山,135.0
20201111,5,SO2,平顶山,14.0
20201111,5,SO2_24h,平顶山,15.0
20201111,5,NO2,平顶山,49.0
20201111,5,NO2_24h,平顶山,55.0
20201111,5,O3,平顶山,52.0
20201111,5,O3_24h,平顶山,139.0
20201111,5,O3_8h,平顶山,52.0
20201111,5,O3_8h_24h,平顶山,56.0
20201111,5,CO,平顶山,0.85
20201111,5,CO_24h,平顶山,0.85
20201111,6,AQI,平顶山,87.0
20201111,6,PM2.5,平顶山,55.0
20201111,6,PM2.5_24h,平顶山,66.0
20201111,6,PM10,平顶山,124.0
20201111,6,PM10_24h,平顶山,133.0
20201111,6,SO2,平顶山,14.0
20201111,6,SO2_24h,平顶山,15.0
20201111,6,NO2,平顶山,54.0
20201111,6,NO2_24h,平顶山,54.0
20201111,6,O3,平顶山,48.0
20201111,6,O3_24h,平顶山,139.0
20201111,6,O3_8h,平顶山,51.0
20201111,6,O3_8h_24h,平顶山,56.0
20201111,6,CO,平顶山,0.85
20201111,6,CO_24h,平顶山,0.82
20201111,8,AQI,平顶山,98.0
20201111,8,PM2.5,平顶山,73.0
20201111,8,PM2.5_24h,平顶山,63.0
20201111,8,PM10,平顶山,142.0
20201111,8,PM10_24h,平顶山,128.0
20201111,8,SO2,平顶山,15.0
20201111,8,SO2_24h,平顶山,15.0
20201111,8,NO2,平顶山,62.0
20201111,8,NO2_24h,平顶山,52.0
20201111,8,O3,平顶山,35.0
20201111,8,O3_24h,平顶山,139.0
20201111,8,O3_8h,平顶山,47.0
20201111,8,O3_8h_24h,平顶山,56.0
20201111,8,CO,平顶山,0.88
20201111,8,CO_24h,平顶山,0.82
20201111,10,AQI,平顶山,103.0
20201111,10,PM2.5,平顶山,74.0
20201111,10,PM2.5_24h,平顶山,61.0
20201111,10,PM10,平顶山,155.0
20201111,10,PM10_24h,平顶山,124.0
20201111,10,SO2,平顶山,16.0
20201111,10,SO2_24h,平顶山,15.0
20201111,10,NO2,平顶山,59.0
20201111,10,NO2_24h,平顶山,49.0
20201111,10,O3,平顶山,45.0
20201111,10,O3_24h,平顶山,139.0
20201111,10,O3_8h,平顶山,45.0
20201111,10,O3_8h_24h,平顶山,56.0
20201111,10,CO,平顶山,0.97
20201111,10,CO_24h,平顶山,0.82
20201111,11,AQI,平顶山,104.0
20201111,11,PM2.5,平顶山,78.0
20201111,11,PM2.5_24h,平顶山,60.0
20201111,11,PM10,平顶山,157.0
20201111,11,PM10_24h,平顶山,122.0
20201111,11,SO2,平顶山,16.0
20201111,11,SO2_24h,平顶山,15.0
20201111,11,NO2,平顶山,57.0
20201111,11,NO2_24h,平顶山,49.0
20201111,11,O3,平顶山,63.0
20201111,11,O3_24h,平顶山,139.0
20201111,11,O3_8h,平顶山,46.0
20201111,11,O3_8h_24h,平顶山,56.0
20201111,11,CO,平顶山,0.95
20201111,11,CO_24h,平顶山,0.8
20201111,12,AQI,平顶山,104.0
20201111,12,PM2.5,平顶山,78.0
20201111,12,PM2.5_24h,平顶山,59.0
20201111,12,PM10,平顶山,140.0
20201111,12,PM10_24h,平顶山,121.0
20201111,12,SO2,平顶山,18.0
20201111,12,SO2_24h,平顶山,15.0
20201111,12,NO2,平顶山,51.0
20201111,12,NO2_24h,平顶山,48.0
20201111,12,O3,平顶山,88.0
20201111,12,O3_24h,平顶山,139.0
20201111,12,O3_8h,平顶山,51.0
20201111,12,O3_8h_24h,平顶山,59.0
20201111,12,CO,平顶山,0.97
20201111,12,CO_24h,平顶山,0.8
20201111,13,AQI,平顶山,99.0
20201111,13,PM2.5,平顶山,74.0
20201111,13,PM2.5_24h,平顶山,59.0
20201111,13,PM10,平顶山,143.0
20201111,13,PM10_24h,平顶山,120.0
20201111,13,SO2,平顶山,26.0
20201111,13,SO2_24h,平顶山,15.0
20201111,13,NO2,平顶山,40.0
20201111,13,NO2_24h,平顶山,48.0
20201111,13,O3,平顶山,108.0
20201111,13,O3_24h,平顶山,139.0
20201111,13,O3_8h,平顶山,58.0
20201111,13,O3_8h_24h,平顶山,64.0
20201111,13,CO,平顶山,0.95
20201111,13,CO_24h,平顶山,0.77
20201111,14,AQI,平顶山,95.0
20201111,14,PM2.5,平顶山,71.0
20201111,14,PM2.5_24h,平顶山,59.0
20201111,14,PM10,平顶山,121.0
20201111,14,PM10_24h,平顶山,119.0
20201111,14,SO2,平顶山,21.0
20201111,14,SO2_24h,平顶山,15.0
20201111,14,NO2,平顶山,30.0
20201111,14,NO2_24h,平顶山,48.0
20201111,14,O3,平顶山,131.0
20201111,14,O3_24h,平顶山,137.0
20201111,14,O3_8h,平顶山,68.0
20201111,14,O3_8h_24h,平顶山,72.0
20201111,14,CO,平顶山,0.85
20201111,14,CO_24h,平顶山,0.77
20201111,15,AQI,平顶山,79.0
20201111,15,PM2.5,平顶山,58.0
20201111,15,PM2.5_24h,平顶山,59.0
20201111,15,PM10,平顶山,106.0
20201111,15,PM10_24h,平顶山,118.0
20201111,15,SO2,平顶山,15.0
20201111,15,SO2_24h,平顶山,15.0
20201111,15,NO2,平顶山,27.0
20201111,15,NO2_24h,平顶山,48.0
20201111,15,O3,平顶山,139.0
20201111,15,O3_24h,平顶山,139.0
20201111,15,O3_8h,平顶山,81.0
20201111,15,O3_8h_24h,平顶山,81.0
20201111,15,CO,平顶山,0.88
20201111,15,CO_24h,平顶山,0.82
20201111,16,AQI,平顶山,85.0
20201111,16,PM2.5,平顶山,57.0
20201111,16,PM2.5_24h,平顶山,58.0
20201111,16,PM10,平顶山,120.0
20201111,16,PM10_24h,平顶山,119.0
20201111,16,SO2,平顶山,17.0
20201111,16,SO2_24h,平顶山,15.0
20201111,16,NO2,平顶山,29.0
20201111,16,NO2_24h,平顶山,49.0
20201111,16,O3,平顶山,136.0
20201111,16,O3_24h,平顶山,139.0
20201111,16,O3_8h,平顶山,94.0
20201111,16,O3_8h_24h,平顶山,94.0
20201111,16,CO,平顶山,0.9
20201111,16,CO_24h,平顶山,0.82
20201111,17,AQI,平顶山,77.0
20201111,17,PM2.5,平顶山,52.0
20201111,17,PM2.5_24h,平顶山,59.0
20201111,17,PM10,平顶山,104.0
20201111,17,PM10_24h,平顶山,120.0
20201111,17,SO2,平顶山,14.0
20201111,17,SO2_24h,平顶山,15.0
20201111,17,NO2,平顶山,32.0
20201111,17,NO2_24h,平顶山,49.0
20201111,17,O3,平顶山,133.0
20201111,17,O3_24h,平顶山,140.0
20201111,17,O3_8h,平顶山,105.0
20201111,17,O3_8h_24h,平顶山,105.0
20201111,17,CO,平顶山,0.9
20201111,17,CO_24h,平顶山,0.85
20201111,18,AQI,平顶山,81.0
20201111,18,PM2.5,平顶山,57.0
20201111,18,PM2.5_24h,平顶山,60.0
20201111,18,PM10,平顶山,111.0
20201111,18,PM10_24h,平顶山,121.0
20201111,18,SO2,平顶山,15.0
20201111,18,SO2_24h,平顶山,15.0
20201111,18,NO2,平顶山,38.0
20201111,18,NO2_24h,平顶山,49.0
20201111,18,O3,平顶山,120.0
20201111,18,O3_24h,平顶山,140.0
20201111,18,O3_8h,平顶山,115.0
20201111,18,O3_8h_24h,平顶山,115.0
20201111,18,CO,平顶山,0.9
20201111,18,CO_24h,平顶山,0.85
20201111,19,AQI,平顶山,78.0
20201111,19,PM2.5,平顶山,51.0
20201111,19,PM2.5_24h,平顶山,60.0
20201111,19,PM10,平顶山,106.0
20201111,19,PM10_24h,平顶山,121.0
20201111,19,SO2,平顶山,14.0
20201111,19,SO2_24h,平顶山,15.0
20201111,19,NO2,平顶山,40.0
20201111,19,NO2_24h,平顶山,49.0
20201111,19,O3,平顶山,106.0
20201111,19,O3_24h,平顶山,140.0
20201111,19,O3_8h,平顶山,121.0
20201111,19,O3_8h_24h,平顶山,121.0
20201111,19,CO,平顶山,0.82
20201111,19,CO_24h,平顶山,0.88
20201111,20,AQI,平顶山,82.0
20201111,20,PM2.5,平顶山,53.0
20201111,20,PM2.5_24h,平顶山,60.0
20201111,20,PM10,平顶山,113.0
20201111,20,PM10_24h,平顶山,121.0
20201111,20,SO2,平顶山,14.0
20201111,20,SO2_24h,平顶山,15.0
20201111,20,NO2,平顶山,44.0
20201111,20,NO2_24h,平顶山,49.0
20201111,20,O3,平顶山,94.0
20201111,20,O3_24h,平顶山,140.0
20201111,20,O3_8h,平顶山,123.0
20201111,20,O3_8h_24h,平顶山,123.0
20201111,20,CO,平顶山,0.8
20201111,20,CO_24h,平顶山,0.88
20201111,21,AQI,平顶山,72.0
20201111,21,PM2.5,平顶山,47.0
20201111,21,PM2.5_24h,平顶山,61.0
20201111,21,PM10,平顶山,93.0
20201111,21,PM10_24h,平顶山,122.0
20201111,21,SO2,平顶山,13.0
20201111,21,SO2_24h,平顶山,15.0
20201111,21,NO2,平顶山,41.0
20201111,21,NO2_24h,平顶山,49.0
20201111,21,O3,平顶山,89.0
20201111,21,O3_24h,平顶山,140.0
20201111,21,O3_8h,平顶山,120.0
20201111,21,O3_8h_24h,平顶山,123.0
20201111,21,CO,平顶山,0.77
20201111,21,CO_24h,平顶山,0.88
20201111,22,AQI,平顶山,71.0
20201111,22,PM2.5,平顶山,52.0
20201111,22,PM2.5_24h,平顶山,61.0
20201111,22,PM10,平顶山,79.0
20201111,22,PM10_24h,平顶山,121.0
20201111,22,SO2,平顶山,13.0
20201111,22,SO2_24h,平顶山,15.0
20201111,22,NO2,平顶山,51.0
20201111,22,NO2_24h,平顶山,48.0
20201111,22,O3,平顶山,74.0
20201111,22,O3_24h,平顶山,140.0
20201111,22,O3_8h,平顶山,112.0
20201111,22,O3_8h_24h,平顶山,123.0
20201111,22,CO,平顶山,0.75
20201111,22,CO_24h,平顶山,0.88
20201111,23,AQI,平顶山,73.0
20201111,23,PM2.5,平顶山,52.0
20201111,23,PM2.5_24h,平顶山,60.0
20201111,23,PM10,平顶山,95.0
20201111,23,PM10_24h,平顶山,121.0
20201111,23,SO2,平顶山,14.0
20201111,23,SO2_24h,平顶山,15.0
20201111,23,NO2,平顶山,54.0
20201111,23,NO2_24h,平顶山,48.0
20201111,23,O3,平顶山,65.0
20201111,23,O3_24h,平顶山,140.0
20201111,23,O3_8h,平顶山,102.0
20201111,23,O3_8h_24h,平顶山,123.0
20201111,23,CO,平顶山,0.78
20201111,23,CO_24h,平顶山,0.85
20201111,0,AQI,三门峡,136.0
20201111,0,PM2.5,三门峡,104.0
20201111,0,PM2.5_24h,三门峡,97.0
20201111,0,PM10,三门峡,140.0
20201111,0,PM10_24h,三门峡,146.0
20201111,0,SO2,三门峡,15.0
20201111,0,SO2_24h,三门峡,17.0
20201111,0,NO2,三门峡,42.0
20201111,0,NO2_24h,三门峡,46.0
20201111,0,O3,三门峡,79.0
20201111,0,O3_24h,三门峡,127.0
20201111,0,O3_8h,三门峡,98.0
20201111,0,O3_8h_24h,三门峡,113.0
20201111,0,CO,三门峡,0.87
20201111,0,CO_24h,三门峡,0.93
20201111,1,AQI,三门峡,131.0
20201111,1,PM2.5,三门峡,100.0
20201111,1,PM2.5_24h,三门峡,98.0
20201111,1,PM10,三门峡,149.0
20201111,1,PM10_24h,三门峡,147.0
20201111,1,SO2,三门峡,15.0
20201111,1,SO2_24h,三门峡,17.0
20201111,1,NO2,三门峡,37.0
20201111,1,NO2_24h,三门峡,46.0
20201111,1,O3,三门峡,76.0
20201111,1,O3_24h,三门峡,127.0
20201111,1,O3_8h,三门峡,76.0
20201111,1,O3_8h_24h,三门峡,76.0
20201111,1,CO,三门峡,0.9
20201111,1,CO_24h,三门峡,0.93
20201111,2,AQI,三门峡,126.0
20201111,2,PM2.5,三门峡,96.0
20201111,2,PM2.5_24h,三门峡,99.0
20201111,2,PM10,三门峡,134.0
20201111,2,PM10_24h,三门峡,147.0
20201111,2,SO2,三门峡,17.0
20201111,2,SO2_24h,三门峡,17.0
20201111,2,NO2,三门峡,35.0
20201111,2,NO2_24h,三门峡,45.0
20201111,2,O3,三门峡,74.0
20201111,2,O3_24h,三门峡,127.0
20201111,2,O3_8h,三门峡,75.0
20201111,2,O3_8h_24h,三门峡,76.0
20201111,2,CO,三门峡,0.9
20201111,2,CO_24h,三门峡,0.93
20201111,3,AQI,三门峡,124.0
20201111,3,PM2.5,三门峡,94.0
20201111,3,PM2.5_24h,三门峡,100.0
20201111,3,PM10,三门峡,127.0
20201111,3,PM10_24h,三门峡,146.0
20201111,3,SO2,三门峡,15.0
20201111,3,SO2_24h,三门峡,17.0
20201111,3,NO2,三门峡,47.0
20201111,3,NO2_24h,三门峡,45.0
20201111,3,O3,三门峡,59.0
20201111,3,O3_24h,三门峡,127.0
20201111,3,O3_8h,三门峡,70.0
20201111,3,O3_8h_24h,三门峡,76.0
20201111,3,CO,三门峡,0.93
20201111,3,CO_24h,三门峡,0.93
20201111,4,AQI,三门峡,124.0
20201111,4,PM2.5,三门峡,94.0
20201111,4,PM2.5_24h,三门峡,100.0
20201111,4,PM10,三门峡,130.0
20201111,4,PM10_24h,三门峡,147.0
20201111,4,SO2,三门峡,13.0
20201111,4,SO2_24h,三门峡,17.0
20201111,4,NO2,三门峡,59.0
20201111,4,NO2_24h,三门峡,46.0
20201111,4,O3,三门峡,44.0
20201111,4,O3_24h,三门峡,127.0
20201111,4,O3_8h,三门峡,63.0
20201111,4,O3_8h_24h,三门峡,76.0
20201111,4,CO,三门峡,0.97
20201111,4,CO_24h,三门峡,0.93
20201111,5,AQI,三门峡,123.0
20201111,5,PM2.5,三门峡,93.0
20201111,5,PM2.5_24h,三门峡,101.0
20201111,5,PM10,三门峡,145.0
20201111,5,PM10_24h,三门峡,148.0
20201111,5,SO2,三门峡,12.0
20201111,5,SO2_24h,三门峡,16.0
20201111,5,NO2,三门峡,56.0
20201111,5,NO2_24h,三门峡,46.0
20201111,5,O3,三门峡,42.0
20201111,5,O3_24h,三门峡,127.0
20201111,5,O3_8h,三门峡,59.0
20201111,5,O3_8h_24h,三门峡,76.0
20201111,5,CO,三门峡,0.97
20201111,5,CO_24h,三门峡,0.97
20201111,6,AQI,三门峡,121.0
20201111,6,PM2.5,三门峡,92.0
20201111,6,PM2.5_24h,三门峡,102.0
20201111,6,PM10,三门峡,137.0
20201111,6,PM10_24h,三门峡,148.0
20201111,6,SO2,三门峡,13.0
20201111,6,SO2_24h,三门峡,16.0
20201111,6,NO2,三门峡,52.0
20201111,6,NO2_24h,三门峡,47.0
20201111,6,O3,三门峡,43.0
20201111,6,O3_24h,三门峡,127.0
20201111,6,O3_8h,三门峡,56.0
20201111,6,O3_8h_24h,三门峡,76.0
20201111,6,CO,三门峡,0.97
20201111,6,CO_24h,三门峡,0.97
20201111,8,AQI,三门峡,124.0
20201111,8,PM2.5,三门峡,94.0
20201111,8,PM2.5_24h,三门峡,103.0
20201111,8,PM10,三门峡,144.0
20201111,8,PM10_24h,三门峡,149.0
20201111,8,SO2,三门峡,14.0
20201111,8,SO2_24h,三门峡,16.0
20201111,8,NO2,三门峡,77.0
20201111,8,NO2_24h,三门峡,48.0
20201111,8,O3,三门峡,20.0
20201111,8,O3_24h,三门峡,127.0
20201111,8,O3_8h,三门峡,48.0
20201111,8,O3_8h_24h,三门峡,76.0
20201111,8,CO,三门峡,1.33
20201111,8,CO_24h,三门峡,0.97
20201111,10,AQI,三门峡,120.0
20201111,10,PM2.5,三门峡,91.0
20201111,10,PM2.5_24h,三门峡,103.0
20201111,10,PM10,三门峡,146.0
20201111,10,PM10_24h,三门峡,150.0
20201111,10,SO2,三门峡,17.0
20201111,10,SO2_24h,三门峡,16.0
20201111,10,NO2,三门峡,50.0
20201111,10,NO2_24h,三门峡,49.0
20201111,10,O3,三门峡,60.0
20201111,10,O3_24h,三门峡,127.0
20201111,10,O3_8h,三门峡,41.0
20201111,10,O3_8h_24h,三门峡,76.0
20201111,10,CO,三门峡,1.07
20201111,10,CO_24h,三门峡,0.97
20201111,11,AQI,三门峡,116.0
20201111,11,PM2.5,三门峡,88.0
20201111,11,PM2.5_24h,三门峡,102.0
20201111,11,PM10,三门峡,142.0
20201111,11,PM10_24h,三门峡,150.0
20201111,11,SO2,三门峡,17.0
20201111,11,SO2_24h,三门峡,16.0
20201111,11,NO2,三门峡,42.0
20201111,11,NO2_24h,三门峡,49.0
20201111,11,O3,三门峡,82.0
20201111,11,O3_24h,三门峡,127.0
20201111,11,O3_8h,三门峡,44.0
20201111,11,O3_8h_24h,三门峡,76.0
20201111,11,CO,三门峡,1.0
20201111,11,CO_24h,三门峡,0.97
20201111,12,AQI,三门峡,114.0
20201111,12,PM2.5,三门峡,86.0
20201111,12,PM2.5_24h,三门峡,101.0
20201111,12,PM10,三门峡,138.0
20201111,12,PM10_24h,三门峡,149.0
20201111,12,SO2,三门峡,16.0
20201111,12,SO2_24h,三门峡,16.0
20201111,12,NO2,三门峡,42.0
20201111,12,NO2_24h,三门峡,49.0
20201111,12,O3,三门峡,89.0
20201111,12,O3_24h,三门峡,127.0
20201111,12,O3_8h,三门峡,49.0
20201111,12,O3_8h_24h,三门峡,76.0
20201111,12,CO,三门峡,1.0
20201111,12,CO_24h,三门峡,0.97
20201111,13,AQI,三门峡,109.0
20201111,13,PM2.5,三门峡,82.0
20201111,13,PM2.5_24h,三门峡,99.0
20201111,13,PM10,三门峡,118.0
20201111,13,PM10_24h,三门峡,146.0
20201111,13,SO2,三门峡,16.0
20201111,13,SO2_24h,三门峡,15.0
20201111,13,NO2,三门峡,39.0
20201111,13,NO2_24h,三门峡,49.0
20201111,13,O3,三门峡,94.0
20201111,13,O3_24h,三门峡,127.0
20201111,13,O3_8h,三门峡,56.0
20201111,13,O3_8h_24h,三门峡,76.0
20201111,13,CO,三门峡,1.0
20201111,13,CO_24h,三门峡,0.97
20201111,14,AQI,三门峡,99.0
20201111,14,PM2.5,三门峡,74.0
20201111,14,PM2.5_24h,三门峡,97.0
20201111,14,PM10,三门峡,124.0
20201111,14,PM10_24h,三门峡,144.0
20201111,14,SO2,三门峡,16.0
20201111,14,SO2_24h,三门峡,15.0
20201111,14,NO2,三门峡,31.0
20201111,14,NO2_24h,三门峡,49.0
20201111,14,O3,三门峡,109.0
20201111,14,O3_24h,三门峡,127.0
20201111,14,O3_8h,三门峡,64.0
20201111,14,O3_8h_24h,三门峡,76.0
20201111,14,CO,三门峡,0.95
20201111,14,CO_24h,三门峡,0.97
20201111,15,AQI,三门峡,90.0
20201111,15,PM2.5,三门峡,67.0
20201111,15,PM2.5_24h,三门峡,96.0
20201111,15,PM10,三门峡,112.0
20201111,15,PM10_24h,三门峡,143.0
20201111,15,SO2,三门峡,13.0
20201111,15,SO2_24h,三门峡,15.0
20201111,15,NO2,三门峡,27.0
20201111,15,NO2_24h,三门峡,48.0
20201111,15,O3,三门峡,124.0
20201111,15,O3_24h,三门峡,127.0
20201111,15,O3_8h,三门峡,76.0
20201111,15,O3_8h_24h,三门峡,77.0
20201111,15,CO,三门峡,0.8
20201111,15,CO_24h,三门峡,0.97
20201111,16,AQI,三门峡,91.0
20201111,16,PM2.5,三门峡,68.0
20201111,16,PM2.5_24h,三门峡,94.0
20201111,16,PM10,三门峡,111.0
20201111,16,PM10_24h,三门峡,141.0
20201111,16,SO2,三门峡,14.0
20201111,16,SO2_24h,三门峡,15.0
20201111,16,NO2,三门峡,30.0
20201111,16,NO2_24h,三门峡,48.0
20201111,16,O3,三门峡,122.0
20201111,16,O3_24h,三门峡,127.0
20201111,16,O3_8h,三门峡,89.0
20201111,16,O3_8h_24h,三门峡,89.0
20201111,16,CO,三门峡,0.83
20201111,16,CO_24h,三门峡,0.97
20201111,17,AQI,三门峡,105.0
20201111,17,PM2.5,三门峡,79.0
20201111,17,PM2.5_24h,三门峡,93.0
20201111,17,PM10,三门峡,122.0
20201111,17,PM10_24h,三门峡,140.0
20201111,17,SO2,三门峡,15.0
20201111,17,SO2_24h,三门峡,15.0
20201111,17,NO2,三门峡,36.0
20201111,17,NO2_24h,三门峡,48.0
20201111,17,O3,三门峡,114.0
20201111,17,O3_24h,三门峡,125.0
20201111,17,O3_8h,三门峡,99.0
20201111,17,O3_8h_24h,三门峡,99.0
20201111,17,CO,三门峡,0.87
20201111,17,CO_24h,三门峡,0.97
20201111,18,AQI,三门峡,109.0
20201111,18,PM2.5,三门峡,82.0
20201111,18,PM2.5_24h,三门峡,92.0
20201111,18,PM10,三门峡,125.0
20201111,18,PM10_24h,三门峡,139.0
20201111,18,SO2,三门峡,13.0
20201111,18,SO2_24h,三门峡,15.0
20201111,18,NO2,三门峡,40.0
20201111,18,NO2_24h,三门峡,47.0
20201111,18,O3,三门峡,111.0
20201111,18,O3_24h,三门峡,125.0
20201111,18,O3_8h,三门峡,106.0
20201111,18,O3_8h_24h,三门峡,106.0
20201111,18,CO,三门峡,0.87
20201111,18,CO_24h,三门峡,0.97
20201111,19,AQI,三门峡,121.0
20201111,19,PM2.5,三门峡,92.0
20201111,19,PM2.5_24h,三门峡,92.0
20201111,19,PM10,三门峡,136.0
20201111,19,PM10_24h,三门峡,138.0
20201111,19,SO2,三门峡,13.0
20201111,19,SO2_24h,三门峡,15.0
20201111,19,NO2,三门峡,53.0
20201111,19,NO2_24h,三门峡,47.0
20201111,19,O3,三门峡,95.0
20201111,19,O3_24h,三门峡,125.0
20201111,19,O3_8h,三门峡,107.0
20201111,19,O3_8h_24h,三门峡,107.0
20201111,19,CO,三门峡,0.87
20201111,19,CO_24h,三门峡,0.97
20201111,20,AQI,三门峡,128.0
20201111,20,PM2.5,三门峡,97.0
20201111,20,PM2.5_24h,三门峡,91.0
20201111,20,PM10,三门峡,146.0
20201111,20,PM10_24h,三门峡,137.0
20201111,20,SO2,三门峡,15.0
20201111,20,SO2_24h,三门峡,15.0
20201111,20,NO2,三门峡,53.0
20201111,20,NO2_24h,三门峡,47.0
20201111,20,O3,三门峡,90.0
20201111,20,O3_24h,三门峡,125.0
20201111,20,O3_8h,三门峡,107.0
20201111,20,O3_8h_24h,三门峡,108.0
20201111,20,CO,三门峡,0.97
20201111,20,CO_24h,三门峡,1.0
20201111,21,AQI,三门峡,125.0
20201111,21,PM2.5,三门峡,95.0
20201111,21,PM2.5_24h,三门峡,90.0
20201111,21,PM10,三门峡,139.0
20201111,21,PM10_24h,三门峡,136.0
20201111,21,SO2,三门峡,16.0
20201111,21,SO2_24h,三门峡,15.0
20201111,21,NO2,三门峡,50.0
20201111,21,NO2_24h,三门峡,47.0
20201111,21,O3,三门峡,91.0
20201111,21,O3_24h,三门峡,125.0
20201111,21,O3_8h,三门峡,107.0
20201111,21,O3_8h_24h,三门峡,108.0
20201111,21,CO,三门峡,1.0
20201111,21,CO_24h,三门峡,1.0
20201111,22,AQI,三门峡,120.0
20201111,22,PM2.5,三门峡,91.0
20201111,22,PM2.5_24h,三门峡,89.0
20201111,22,PM10,三门峡,122.0
20201111,22,PM10_24h,三门峡,135.0
20201111,22,SO2,三门峡,15.0
20201111,22,SO2_24h,三门峡,14.0
20201111,22,NO2,三门峡,48.0
20201111,22,NO2_24h,三门峡,47.0
20201111,22,O3,三门峡,88.0
20201111,22,O3_24h,三门峡,125.0
20201111,22,O3_8h,三门峡,104.0
20201111,22,O3_8h_24h,三门峡,108.0
20201111,22,CO,三门峡,1.0
20201111,22,CO_24h,三门峡,1.0
20201111,23,AQI,三门峡,116.0
20201111,23,PM2.5,三门峡,88.0
20201111,23,PM2.5_24h,三门峡,89.0
20201111,23,PM10,三门峡,120.0
20201111,23,PM10_24h,三门峡,133.0
20201111,23,SO2,三门峡,14.0
20201111,23,SO2_24h,三门峡,14.0
20201111,23,NO2,三门峡,44.0
20201111,23,NO2_24h,三门峡,47.0
20201111,23,O3,三门峡,89.0
20201111,23,O3_24h,三门峡,125.0
20201111,23,O3_8h,三门峡,100.0
20201111,23,O3_8h_24h,三门峡,108.0
20201111,23,CO,三门峡,0.97
20201111,23,CO_24h,三门峡,1.0
20201111,0,AQI,宜昌,105.0
20201111,0,PM2.5,宜昌,79.0
20201111,0,PM2.5_24h,宜昌,55.0
20201111,0,PM10,宜昌,121.0
20201111,0,PM10_24h,宜昌,100.0
20201111,0,SO2,宜昌,8.0
20201111,0,SO2_24h,宜昌,10.0
20201111,0,NO2,宜昌,57.0
20201111,0,NO2_24h,宜昌,47.0
20201111,0,O3,宜昌,26.0
20201111,0,O3_24h,宜昌,159.0
20201111,0,O3_8h,宜昌,59.0
20201111,0,O3_8h_24h,宜昌,115.0
20201111,0,CO,宜昌,1.0
20201111,0,CO_24h,宜昌,0.84
20201111,1,AQI,宜昌,99.0
20201111,1,PM2.5,宜昌,74.0
20201111,1,PM2.5_24h,宜昌,56.0
20201111,1,PM10,宜昌,112.0
20201111,1,PM10_24h,宜昌,101.0
20201111,1,SO2,宜昌,7.0
20201111,1,SO2_24h,宜昌,10.0
20201111,1,NO2,宜昌,57.0
20201111,1,NO2_24h,宜昌,48.0
20201111,1,O3,宜昌,18.0
20201111,1,O3_24h,宜昌,159.0
20201111,1,O3_8h,宜昌,18.0
20201111,1,O3_8h_24h,宜昌,18.0
20201111,1,CO,宜昌,0.88
20201111,1,CO_24h,宜昌,0.86
20201111,2,AQI,宜昌,90.0
20201111,2,PM2.5,宜昌,67.0
20201111,2,PM2.5_24h,宜昌,57.0
20201111,2,PM10,宜昌,104.0
20201111,2,PM10_24h,宜昌,101.0
20201111,2,SO2,宜昌,7.0
20201111,2,SO2_24h,宜昌,10.0
20201111,2,NO2,宜昌,46.0
20201111,2,NO2_24h,宜昌,48.0
20201111,2,O3,宜昌,24.0
20201111,2,O3_24h,宜昌,159.0
20201111,2,O3_8h,宜昌,21.0
20201111,2,O3_8h_24h,宜昌,22.0
20201111,2,CO,宜昌,0.88
20201111,2,CO_24h,宜昌,0.86
20201111,3,AQI,宜昌,90.0
20201111,3,PM2.5,宜昌,67.0
20201111,3,PM2.5_24h,宜昌,58.0
20201111,3,PM10,宜昌,105.0
20201111,3,PM10_24h,宜昌,102.0
20201111,3,SO2,宜昌,6.0
20201111,3,SO2_24h,宜昌,10.0
20201111,3,NO2,宜昌,43.0
20201111,3,NO2_24h,宜昌,48.0
20201111,3,O3,宜昌,21.0
20201111,3,O3_24h,宜昌,159.0
20201111,3,O3_8h,宜昌,21.0
20201111,3,O3_8h_24h,宜昌,23.0
20201111,3,CO,宜昌,0.84
20201111,3,CO_24h,宜昌,0.86
20201111,4,AQI,宜昌,86.0
20201111,4,PM2.5,宜昌,64.0
20201111,4,PM2.5_24h,宜昌,58.0
20201111,4,PM10,宜昌,96.0
20201111,4,PM10_24h,宜昌,103.0
20201111,4,SO2,宜昌,6.0
20201111,4,SO2_24h,宜昌,10.0
20201111,4,NO2,宜昌,37.0
20201111,4,NO2_24h,宜昌,48.0
20201111,4,O3,宜昌,22.0
20201111,4,O3_24h,宜昌,159.0
20201111,4,O3_8h,宜昌,21.0
20201111,4,O3_8h_24h,宜昌,24.0
20201111,4,CO,宜昌,0.84
20201111,4,CO_24h,宜昌,0.86
20201111,5,AQI,宜昌,86.0
20201111,5,PM2.5,宜昌,64.0
20201111,5,PM2.5_24h,宜昌,59.0
20201111,5,PM10,宜昌,90.0
20201111,5,PM10_24h,宜昌,104.0
20201111,5,SO2,宜昌,6.0
20201111,5,SO2_24h,宜昌,10.0
20201111,5,NO2,宜昌,32.0
20201111,5,NO2_24h,宜昌,48.0
20201111,5,O3,宜昌,25.0
20201111,5,O3_24h,宜昌,159.0
20201111,5,O3_8h,宜昌,22.0
20201111,5,O3_8h_24h,宜昌,25.0
20201111,5,CO,宜昌,0.8
20201111,5,CO_24h,宜昌,0.88
20201111,6,AQI,宜昌,81.0
20201111,6,PM2.5,宜昌,60.0
20201111,6,PM2.5_24h,宜昌,60.0
20201111,6,PM10,宜昌,87.0
20201111,6,PM10_24h,宜昌,105.0
20201111,6,SO2,宜昌,7.0
20201111,6,SO2_24h,宜昌,10.0
20201111,6,NO2,宜昌,30.0
20201111,6,NO2_24h,宜昌,48.0
20201111,6,O3,宜昌,22.0
20201111,6,O3_24h,宜昌,159.0
20201111,6,O3_8h,宜昌,22.0
20201111,6,O3_8h_24h,宜昌,25.0
20201111,6,CO,宜昌,0.8
20201111,6,CO_24h,宜昌,0.88
20201111,8,AQI,宜昌,81.0
20201111,8,PM2.5,宜昌,60.0
20201111,8,PM2.5_24h,宜昌,61.0
20201111,8,PM10,宜昌,88.0
20201111,8,PM10_24h,宜昌,107.0
20201111,8,SO2,宜昌,7.0
20201111,8,SO2_24h,宜昌,10.0
20201111,8,NO2,宜昌,38.0
20201111,8,NO2_24h,宜昌,48.0
20201111,8,O3,宜昌,12.0
20201111,8,O3_24h,宜昌,159.0
20201111,8,O3_8h,宜昌,21.0
20201111,8,O3_8h_24h,宜昌,25.0
20201111,8,CO,宜昌,0.9
20201111,8,CO_24h,宜昌,0.86
20201111,10,AQI,宜昌,88.0
20201111,10,PM2.5,宜昌,65.0
20201111,10,PM2.5_24h,宜昌,63.0
20201111,10,PM10,宜昌,101.0
20201111,10,PM10_24h,宜昌,107.0
20201111,10,SO2,宜昌,8.0
20201111,10,SO2_24h,宜昌,10.0
20201111,10,NO2,宜昌,46.0
20201111,10,NO2_24h,宜昌,48.0
20201111,10,O3,宜昌,32.0
20201111,10,O3_24h,宜昌,159.0
20201111,10,O3_8h,宜昌,21.0
20201111,10,O3_8h_24h,宜昌,27.0
20201111,10,CO,宜昌,0.88
20201111,10,CO_24h,宜昌,0.86
20201111,11,AQI,宜昌,85.0
20201111,11,PM2.5,宜昌,63.0
20201111,11,PM2.5_24h,宜昌,64.0
20201111,11,PM10,宜昌,104.0
20201111,11,PM10_24h,宜昌,108.0
20201111,11,SO2,宜昌,10.0
20201111,11,SO2_24h,宜昌,10.0
20201111,11,NO2,宜昌,41.0
20201111,11,NO2_24h,宜昌,47.0
20201111,11,O3,宜昌,63.0
20201111,11,O3_24h,宜昌,159.0
20201111,11,O3_8h,宜昌,26.0
20201111,11,O3_8h_24h,宜昌,32.0
20201111,11,CO,宜昌,0.84
20201111,11,CO_24h,宜昌,0.86
20201111,12,AQI,宜昌,81.0
20201111,12,PM2.5,宜昌,60.0
20201111,12,PM2.5_24h,宜昌,65.0
20201111,12,PM10,宜昌,100.0
20201111,12,PM10_24h,宜昌,108.0
20201111,12,SO2,宜昌,11.0
20201111,12,SO2_24h,宜昌,10.0
20201111,12,NO2,宜昌,43.0
20201111,12,NO2_24h,宜昌,48.0
20201111,12,O3,宜昌,88.0
20201111,12,O3_24h,宜昌,159.0
20201111,12,O3_8h,宜昌,34.0
20201111,12,O3_8h_24h,宜昌,38.0
20201111,12,CO,宜昌,0.84
20201111,12,CO_24h,宜昌,0.86
20201111,13,AQI,宜昌,83.0
20201111,13,PM2.5,宜昌,61.0
20201111,13,PM2.5_24h,宜昌,65.0
20201111,13,PM10,宜昌,105.0
20201111,13,PM10_24h,宜昌,109.0
20201111,13,SO2,宜昌,13.0
20201111,13,SO2_24h,宜昌,10.0
20201111,13,NO2,宜昌,41.0
20201111,13,NO2_24h,宜昌,47.0
20201111,13,O3,宜昌,116.0
20201111,13,O3_24h,宜昌,159.0
20201111,13,O3_8h,宜昌,46.0
20201111,13,O3_8h_24h,宜昌,47.0
20201111,13,CO,宜昌,0.8
20201111,13,CO_24h,宜昌,0.86
20201111,14,AQI,宜昌,77.0
20201111,14,PM2.5,宜昌,56.0
20201111,14,PM2.5_24h,宜昌,65.0
20201111,14,PM10,宜昌,104.0
20201111,14,PM10_24h,宜昌,109.0
20201111,14,SO2,宜昌,12.0
20201111,14,SO2_24h,宜昌,10.0
20201111,14,NO2,宜昌,36.0
20201111,14,NO2_24h,宜昌,47.0
20201111,14,O3,宜昌,134.0
20201111,14,O3_24h,宜昌,159.0
20201111,14,O3_8h,宜昌,60.0
20201111,14,O3_8h_24h,宜昌,60.0
20201111,14,CO,宜昌,0.76
20201111,14,CO_24h,宜昌,0.86
20201111,15,AQI,宜昌,78.0
20201111,15,PM2.5,宜昌,54.0
20201111,15,PM2.5_24h,宜昌,65.0
20201111,15,PM10,宜昌,105.0
20201111,15,PM10_24h,宜昌,109.0
20201111,15,SO2,宜昌,12.0
20201111,15,SO2_24h,宜昌,10.0
20201111,15,NO2,宜昌,36.0
20201111,15,NO2_24h,宜昌,48.0
20201111,15,O3,宜昌,140.0
20201111,15,O3_24h,宜昌,159.0
20201111,15,O3_8h,宜昌,75.0
20201111,15,O3_8h_24h,宜昌,75.0
20201111,15,CO,宜昌,0.72
20201111,15,CO_24h,宜昌,0.86
20201111,16,AQI,宜昌,74.0
20201111,16,PM2.5,宜昌,50.0
20201111,16,PM2.5_24h,宜昌,65.0
20201111,16,PM10,宜昌,97.0
20201111,16,PM10_24h,宜昌,109.0
20201111,16,SO2,宜昌,13.0
20201111,16,SO2_24h,宜昌,10.0
20201111,16,NO2,宜昌,41.0
20201111,16,NO2_24h,宜昌,48.0
20201111,16,O3,宜昌,144.0
20201111,16,O3_24h,宜昌,150.0
20201111,16,O3_8h,宜昌,92.0
20201111,16,O3_8h_24h,宜昌,92.0
20201111,16,CO,宜昌,0.73
20201111,16,CO_24h,宜昌,0.86
20201111,17,AQI,宜昌,74.0
20201111,17,PM2.5,宜昌,50.0
20201111,17,PM2.5_24h,宜昌,65.0
20201111,17,PM10,宜昌,97.0
20201111,17,PM10_24h,宜昌,108.0
20201111,17,SO2,宜昌,13.0
20201111,17,SO2_24h,宜昌,9.0
20201111,17,NO2,宜昌,38.0
20201111,17,NO2_24h,宜昌,48.0
20201111,17,O3,宜昌,149.0
20201111,17,O3_24h,宜昌,149.0
20201111,17,O3_8h,宜昌,107.0
20201111,17,O3_8h_24h,宜昌,107.0
20201111,17,CO,宜昌,0.78
20201111,17,CO_24h,宜昌,0.86
20201111,18,AQI,宜昌,79.0
20201111,18,PM2.5,宜昌,58.0
20201111,18,PM2.5_24h,宜昌,65.0
20201111,18,PM10,宜昌,102.0
20201111,18,PM10_24h,宜昌,108.0
20201111,18,SO2,宜昌,12.0
20201111,18,SO2_24h,宜昌,9.0
20201111,18,NO2,宜昌,45.0
20201111,18,NO2_24h,宜昌,48.0
20201111,18,O3,宜昌,124.0
20201111,18,O3_24h,宜昌,149.0
20201111,18,O3_8h,宜昌,119.0
20201111,18,O3_8h_24h,宜昌,119.0
20201111,18,CO,宜昌,0.8
20201111,18,CO_24h,宜昌,0.86
20201111,19,AQI,宜昌,85.0
20201111,19,PM2.5,宜昌,63.0
20201111,19,PM2.5_24h,宜昌,65.0
20201111,19,PM10,宜昌,110.0
20201111,19,PM10_24h,宜昌,107.0
20201111,19,SO2,宜昌,10.0
20201111,19,SO2_24h,宜昌,9.0
20201111,19,NO2,宜昌,66.0
20201111,19,NO2_24h,宜昌,47.0
20201111,19,O3,宜昌,76.0
20201111,19,O3_24h,宜昌,149.0
20201111,19,O3_8h,宜昌,121.0
20201111,19,O3_8h_24h,宜昌,121.0
20201111,19,CO,宜昌,0.92
20201111,19,CO_24h,宜昌,0.86
20201111,20,AQI,宜昌,95.0
20201111,20,PM2.5,宜昌,71.0
20201111,20,PM2.5_24h,宜昌,65.0
20201111,20,PM10,宜昌,119.0
20201111,20,PM10_24h,宜昌,107.0
20201111,20,SO2,宜昌,9.0
20201111,20,SO2_24h,宜昌,9.0
20201111,20,NO2,宜昌,79.0
20201111,20,NO2_24h,宜昌,47.0
20201111,20,O3,宜昌,35.0
20201111,20,O3_24h,宜昌,149.0
20201111,20,O3_8h,宜昌,114.0
20201111,20,O3_8h_24h,宜昌,121.0
20201111,20,CO,宜昌,1.1
20201111,20,CO_24h,宜昌,0.86
20201111,21,AQI,宜昌,118.0
20201111,21,PM2.5,宜昌,89.0
20201111,21,PM2.5_24h,宜昌,65.0
20201111,21,PM10,宜昌,135.0
20201111,21,PM10_24h,宜昌,106.0
20201111,21,SO2,宜昌,9.0
20201111,21,SO2_24h,宜昌,9.0
20201111,21,NO2,宜昌,78.0
20201111,21,NO2_24h,宜昌,47.0
20201111,21,O3,宜昌,24.0
20201111,21,O3_24h,宜昌,149.0
20201111,21,O3_8h,宜昌,102.0
20201111,21,O3_8h_24h,宜昌,121.0
20201111,21,CO,宜昌,1.04
20201111,21,CO_24h,宜昌,0.86
20201111,22,AQI,宜昌,109.0
20201111,22,PM2.5,宜昌,82.0
20201111,22,PM2.5_24h,宜昌,65.0
20201111,22,PM10,宜昌,137.0
20201111,22,PM10_24h,宜昌,106.0
20201111,22,SO2,宜昌,8.0
20201111,22,SO2_24h,宜昌,9.0
20201111,22,NO2,宜昌,69.0
20201111,22,NO2_24h,宜昌,47.0
20201111,22,O3,宜昌,22.0
20201111,22,O3_24h,宜昌,149.0
20201111,22,O3_8h,宜昌,88.0
20201111,22,O3_8h_24h,宜昌,121.0
20201111,22,CO,宜昌,1.0
20201111,22,CO_24h,宜昌,0.86
20201111,23,AQI,宜昌,105.0
20201111,23,PM2.5,宜昌,79.0
20201111,23,PM2.5_24h,宜昌,65.0
20201111,23,PM10,宜昌,127.0
20201111,23,PM10_24h,宜昌,105.0
20201111,23,SO2,宜昌,7.0
20201111,23,SO2_24h,宜昌,9.0
20201111,23,NO2,宜昌,60.0
20201111,23,NO2_24h,宜昌,47.0
20201111,23,O3,宜昌,24.0
20201111,23,O3_24h,宜昌,149.0
20201111,23,O3_8h,宜昌,73.0
20201111,23,O3_8h_24h,宜昌,121.0
20201111,23,CO,宜昌,0.98
20201111,23,CO_24h,宜昌,0.84
20201111,0,AQI,荆州,95.0
20201111,0,PM2.5,荆州,42.0
20201111,0,PM2.5_24h,荆州,52.0
20201111,0,PM10,荆州,140.0
20201111,0,PM10_24h,荆州,140.0
20201111,0,SO2,荆州,11.0
20201111,0,SO2_24h,荆州,27.0
20201111,0,NO2,荆州,102.0
20201111,0,NO2_24h,荆州,66.0
20201111,0,O3,荆州,13.0
20201111,0,O3_24h,荆州,150.0
20201111,0,O3_8h,荆州,54.0
20201111,0,O3_8h_24h,荆州,121.0
20201111,0,CO,荆州,0.97
20201111,0,CO_24h,荆州,1.07
20201111,1,AQI,荆州,94.0
20201111,1,PM2.5,荆州,45.0
20201111,1,PM2.5_24h,荆州,51.0
20201111,1,PM10,荆州,137.0
20201111,1,PM10_24h,荆州,137.0
20201111,1,SO2,荆州,11.0
20201111,1,SO2_24h,荆州,27.0
20201111,1,NO2,荆州,87.0
20201111,1,NO2_24h,荆州,66.0
20201111,1,O3,荆州,22.0
20201111,1,O3_24h,荆州,150.0
20201111,1,O3_8h,荆州,22.0
20201111,1,O3_8h_24h,荆州,22.0
20201111,1,CO,荆州,0.93
20201111,1,CO_24h,荆州,1.03
20201111,2,AQI,荆州,92.0
20201111,2,PM2.5,荆州,46.0
20201111,2,PM2.5_24h,荆州,51.0
20201111,2,PM10,荆州,134.0
20201111,2,PM10_24h,荆州,135.0
20201111,2,SO2,荆州,9.0
20201111,2,SO2_24h,荆州,27.0
20201111,2,NO2,荆州,91.0
20201111,2,NO2_24h,荆州,66.0
20201111,2,O3,荆州,7.0
20201111,2,O3_24h,荆州,150.0
20201111,2,O3_8h,荆州,15.0
20201111,2,O3_8h_24h,荆州,22.0
20201111,2,CO,荆州,1.0
20201111,2,CO_24h,荆州,1.03
20201111,3,AQI,荆州,87.0
20201111,3,PM2.5,荆州,44.0
20201111,3,PM2.5_24h,荆州,50.0
20201111,3,PM10,荆州,124.0
20201111,3,PM10_24h,荆州,132.0
20201111,3,SO2,荆州,9.0
20201111,3,SO2_24h,荆州,27.0
20201111,3,NO2,荆州,81.0
20201111,3,NO2_24h,荆州,66.0
20201111,3,O3,荆州,5.0
20201111,3,O3_24h,荆州,150.0
20201111,3,O3_8h,荆州,12.0
20201111,3,O3_8h_24h,荆州,22.0
20201111,3,CO,荆州,0.97
20201111,3,CO_24h,荆州,1.03
20201111,4,AQI,荆州,89.0
20201111,4,PM2.5,荆州,45.0
20201111,4,PM2.5_24h,荆州,49.0
20201111,4,PM10,荆州,127.0
20201111,4,PM10_24h,荆州,130.0
20201111,4,SO2,荆州,9.0
20201111,4,SO2_24h,荆州,27.0
20201111,4,NO2,荆州,71.0
20201111,4,NO2_24h,荆州,66.0
20201111,4,O3,荆州,8.0
20201111,4,O3_24h,荆州,150.0
20201111,4,O3_8h,荆州,10.0
20201111,4,O3_8h_24h,荆州,23.0
20201111,4,CO,荆州,1.0
20201111,4,CO_24h,荆州,1.0
20201111,5,AQI,荆州,89.0
20201111,5,PM2.5,荆州,49.0
20201111,5,PM2.5_24h,荆州,49.0
20201111,5,PM10,荆州,128.0
20201111,5,PM10_24h,荆州,128.0
20201111,5,SO2,荆州,10.0
20201111,5,SO2_24h,荆州,28.0
20201111,5,NO2,荆州,62.0
20201111,5,NO2_24h,荆州,65.0
20201111,5,O3,荆州,10.0
20201111,5,O3_24h,荆州,150.0
20201111,5,O3_8h,荆州,11.0
20201111,5,O3_8h_24h,荆州,25.0
20201111,5,CO,荆州,0.97
20201111,5,CO_24h,荆州,1.0
20201111,6,AQI,荆州,85.0
20201111,6,PM2.5,荆州,49.0
20201111,6,PM2.5_24h,荆州,48.0
20201111,6,PM10,荆州,120.0
20201111,6,PM10_24h,荆州,127.0
20201111,6,SO2,荆州,11.0
20201111,6,SO2_24h,荆州,28.0
20201111,6,NO2,荆州,61.0
20201111,6,NO2_24h,荆州,66.0
20201111,6,O3,荆州,11.0
20201111,6,O3_24h,荆州,150.0
20201111,6,O3_8h,荆州,11.0
20201111,6,O3_8h_24h,荆州,26.0
20201111,6,CO,荆州,1.03
20201111,6,CO_24h,荆州,0.97
20201111,7,AQI,荆州,88.0
20201111,7,PM2.5,荆州,49.0
20201111,7,PM2.5_24h,荆州,51.0
20201111,7,PM10,荆州,125.0
20201111,7,PM10_24h,荆州,125.0
20201111,7,SO2,荆州,15.0
20201111,7,SO2_24h,荆州,37.0
20201111,7,NO2,荆州,68.0
20201111,7,NO2_24h,荆州,65.0
20201111,7,O3,荆州,2.0
20201111,7,O3_24h,荆州,160.0
20201111,7,O3_8h,荆州,11.0
20201111,7,O3_8h_24h,荆州,49.0
20201111,7,CO,荆州,1.2
20201111,7,CO_24h,荆州,0.8
20201111,8,AQI,荆州,90.0
20201111,8,PM2.5,荆州,51.0
20201111,8,PM2.5_24h,荆州,47.0
20201111,8,PM10,荆州,129.0
20201111,8,PM10_24h,荆州,126.0
20201111,8,SO2,荆州,13.0
20201111,8,SO2_24h,荆州,28.0
20201111,8,NO2,荆州,63.0
20201111,8,NO2_24h,荆州,66.0
20201111,8,O3,荆州,9.0
20201111,8,O3_24h,荆州,150.0
20201111,8,O3_8h,荆州,10.0
20201111,8,O3_8h_24h,荆州,26.0
20201111,8,CO,荆州,1.47
20201111,8,CO_24h,荆州,0.97
20201111,10,AQI,荆州,93.0
20201111,10,PM2.5,荆州,55.0
20201111,10,PM2.5_24h,荆州,47.0
20201111,10,PM10,荆州,135.0
20201111,10,PM10_24h,荆州,126.0
20201111,10,SO2,荆州,16.0
20201111,10,SO2_24h,荆州,28.0
20201111,10,NO2,荆州,56.0
20201111,10,NO2_24h,荆州,66.0
20201111,10,O3,荆州,26.0
20201111,10,O3_24h,荆州,150.0
20201111,10,O3_8h,荆州,11.0
20201111,10,O3_8h_24h,荆州,27.0
20201111,10,CO,荆州,1.03
20201111,10,CO_24h,荆州,0.97
20201111,11,AQI,荆州,91.0
20201111,11,PM2.5,荆州,56.0
20201111,11,PM2.5_24h,荆州,47.0
20201111,11,PM10,荆州,131.0
20201111,11,PM10_24h,荆州,125.0
20201111,11,SO2,荆州,17.0
20201111,11,SO2_24h,荆州,27.0
20201111,11,NO2,荆州,54.0
20201111,11,NO2_24h,荆州,65.0
20201111,11,O3,荆州,50.0
20201111,11,O3_24h,荆州,150.0
20201111,11,O3_8h,荆州,17.0
20201111,11,O3_8h_24h,荆州,29.0
20201111,11,CO,荆州,0.97
20201111,11,CO_24h,荆州,0.97
20201111,12,AQI,荆州,92.0
20201111,12,PM2.5,荆州,53.0
20201111,12,PM2.5_24h,荆州,47.0
20201111,12,PM10,荆州,133.0
20201111,12,PM10_24h,荆州,124.0
20201111,12,SO2,荆州,16.0
20201111,12,SO2_24h,荆州,27.0
20201111,12,NO2,荆州,59.0
20201111,12,NO2_24h,荆州,65.0
20201111,12,O3,荆州,65.0
20201111,12,O3_24h,荆州,150.0
20201111,12,O3_8h,荆州,24.0
20201111,12,O3_8h_24h,荆州,33.0
20201111,12,CO,荆州,1.03
20201111,12,CO_24h,荆州,0.97
20201111,13,AQI,荆州,90.0
20201111,13,PM2.5,荆州,50.0
20201111,13,PM2.5_24h,荆州,46.0
20201111,13,PM10,荆州,129.0
20201111,13,PM10_24h,荆州,123.0
20201111,13,SO2,荆州,14.0
20201111,13,SO2_24h,荆州,23.0
20201111,13,NO2,荆州,53.0
20201111,13,NO2_24h,荆州,65.0
20201111,13,O3,荆州,91.0
20201111,13,O3_24h,荆州,150.0
20201111,13,O3_8h,荆州,34.0
20201111,13,O3_8h_24h,荆州,39.0
20201111,13,CO,荆州,0.93
20201111,13,CO_24h,荆州,0.97
20201111,14,AQI,荆州,87.0
20201111,14,PM2.5,荆州,46.0
20201111,14,PM2.5_24h,荆州,46.0
20201111,14,PM10,荆州,123.0
20201111,14,PM10_24h,荆州,123.0
20201111,14,SO2,荆州,17.0
20201111,14,SO2_24h,荆州,19.0
20201111,14,NO2,荆州,47.0
20201111,14,NO2_24h,荆州,66.0
20201111,14,O3,荆州,123.0
20201111,14,O3_24h,荆州,150.0
20201111,14,O3_8h,荆州,45.0
20201111,14,O3_8h_24h,荆州,45.0
20201111,14,CO,荆州,0.87
20201111,14,CO_24h,荆州,0.97
20201111,15,AQI,荆州,83.0
20201111,15,PM2.5,荆州,45.0
20201111,15,PM2.5_24h,荆州,47.0
20201111,15,PM10,荆州,115.0
20201111,15,PM10_24h,荆州,123.0
20201111,15,SO2,荆州,19.0
20201111,15,SO2_24h,荆州,17.0
20201111,15,NO2,荆州,43.0
20201111,15,NO2_24h,荆州,67.0
20201111,15,O3,荆州,139.0
20201111,15,O3_24h,荆州,149.0
20201111,15,O3_8h,荆州,61.0
20201111,15,O3_8h_24h,荆州,61.0
20201111,15,CO,荆州,0.87
20201111,15,CO_24h,荆州,0.97
20201111,16,AQI,荆州,81.0
20201111,16,PM2.5,荆州,42.0
20201111,16,PM2.5_24h,荆州,47.0
20201111,16,PM10,荆州,111.0
20201111,16,PM10_24h,荆州,124.0
20201111,16,SO2,荆州,15.0
20201111,16,SO2_24h,荆州,15.0
20201111,16,NO2,荆州,31.0
20201111,16,NO2_24h,荆州,68.0
20201111,16,O3,荆州,150.0
20201111,16,O3_24h,荆州,151.0
20201111,16,O3_8h,荆州,80.0
20201111,16,O3_8h_24h,荆州,80.0
20201111,16,CO,荆州,0.8
20201111,16,CO_24h,荆州,0.97
20201111,17,AQI,荆州,76.0
20201111,17,PM2.5,荆州,38.0
20201111,17,PM2.5_24h,荆州,47.0
20201111,17,PM10,荆州,102.0
20201111,17,PM10_24h,荆州,124.0
20201111,17,SO2,荆州,18.0
20201111,17,SO2_24h,荆州,14.0
20201111,17,NO2,荆州,34.0
20201111,17,NO2_24h,荆州,68.0
20201111,17,O3,荆州,133.0
20201111,17,O3_24h,荆州,151.0
20201111,17,O3_8h,荆州,96.0
20201111,17,O3_8h_24h,荆州,96.0
20201111,17,CO,荆州,0.73
20201111,17,CO_24h,荆州,1.03
20201111,18,AQI,荆州,72.0
20201111,18,PM2.5,荆州,34.0
20201111,18,PM2.5_24h,荆州,46.0
20201111,18,PM10,荆州,93.0
20201111,18,PM10_24h,荆州,124.0
20201111,18,SO2,荆州,17.0
20201111,18,SO2_24h,荆州,14.0
20201111,18,NO2,荆州,61.0
20201111,18,NO2_24h,荆州,69.0
20201111,18,O3,荆州,90.0
20201111,18,O3_24h,荆州,151.0
20201111,18,O3_8h,荆州,104.0
20201111,18,O3_8h_24h,荆州,104.0
20201111,18,CO,荆州,1.0
20201111,18,CO_24h,荆州,1.03
20201111,19,AQI,荆州,104.0
20201111,19,PM2.5,荆州,36.0
20201111,19,PM2.5_24h,荆州,46.0
20201111,19,PM10,荆州,158.0
20201111,19,PM10_24h,荆州,127.0
20201111,19,SO2,荆州,14.0
20201111,19,SO2_24h,荆州,14.0
20201111,19,NO2,荆州,106.0
20201111,19,NO2_24h,荆州,70.0
20201111,19,O3,荆州,34.0
20201111,19,O3_24h,荆州,151.0
20201111,19,O3_8h,荆州,102.0
20201111,19,O3_8h_24h,荆州,104.0
20201111,19,CO,荆州,1.7
20201111,19,CO_24h,荆州,1.03
20201111,20,AQI,荆州,123.0
20201111,20,PM2.5,荆州,45.0
20201111,20,PM2.5_24h,荆州,47.0
20201111,20,PM10,荆州,196.0
20201111,20,PM10_24h,荆州,131.0
20201111,20,SO2,荆州,12.0
20201111,20,SO2_24h,荆州,14.0
20201111,20,NO2,荆州,112.0
20201111,20,NO2_24h,荆州,71.0
20201111,20,O3,荆州,22.0
20201111,20,O3_24h,荆州,151.0
20201111,20,O3_8h,荆州,96.0
20201111,20,O3_8h_24h,荆州,104.0
20201111,20,CO,荆州,1.43
20201111,20,CO_24h,荆州,1.07
20201111,21,AQI,荆州,100.0
20201111,21,PM2.5,荆州,54.0
20201111,21,PM2.5_24h,荆州,47.0
20201111,21,PM10,荆州,150.0
20201111,21,PM10_24h,荆州,131.0
20201111,21,SO2,荆州,12.0
20201111,21,SO2_24h,荆州,14.0
20201111,21,NO2,荆州,105.0
20201111,21,NO2_24h,荆州,71.0
20201111,21,O3,荆州,23.0
20201111,21,O3_24h,荆州,151.0
20201111,21,O3_8h,荆州,88.0
20201111,21,O3_8h_24h,荆州,104.0
20201111,21,CO,荆州,1.0
20201111,21,CO_24h,荆州,1.07
20201111,22,AQI,荆州,85.0
20201111,22,PM2.5,荆州,56.0
20201111,22,PM2.5_24h,荆州,47.0
20201111,22,PM10,荆州,120.0
20201111,22,PM10_24h,荆州,130.0
20201111,22,SO2,荆州,14.0
20201111,22,SO2_24h,荆州,14.0
20201111,22,NO2,荆州,96.0
20201111,22,NO2_24h,荆州,71.0
20201111,22,O3,荆州,27.0
20201111,22,O3_24h,荆州,151.0
20201111,22,O3_8h,荆州,77.0
20201111,22,O3_8h_24h,荆州,104.0
20201111,22,CO,荆州,0.93
20201111,22,CO_24h,荆州,1.07
20201111,23,AQI,荆州,79.0
20201111,23,PM2.5,荆州,47.0
20201111,23,PM2.5_24h,荆州,47.0
20201111,23,PM10,荆州,108.0
20201111,23,PM10_24h,荆州,129.0
20201111,23,SO2,荆州,12.0
20201111,23,SO2_24h,荆州,14.0
20201111,23,NO2,荆州,88.0
20201111,23,NO2_24h,荆州,70.0
20201111,23,O3,荆州,28.0
20201111,23,O3_24h,荆州,151.0
20201111,23,O3_8h,荆州,63.0
20201111,23,O3_8h_24h,荆州,104.0
20201111,23,CO,荆州,0.93
20201111,23,CO_24h,荆州,1.03
20201111,0,AQI,岳阳,100.0
20201111,0,PM2.5,岳阳,65.0
20201111,0,PM2.5_24h,岳阳,53.0
20201111,0,PM10,岳阳,149.0
20201111,0,PM10_24h,岳阳,116.0
20201111,0,SO2,岳阳,12.0
20201111,0,SO2_24h,岳阳,17.0
20201111,0,NO2,岳阳,64.0
20201111,0,NO2_24h,岳阳,56.0
20201111,0,O3,岳阳,29.0
20201111,0,O3_24h,岳阳,158.0
20201111,0,O3_8h,岳阳,68.0
20201111,0,O3_8h_24h,岳阳,130.0
20201111,0,CO,岳阳,1.14
20201111,0,CO_24h,岳阳,0.98
20201111,1,AQI,岳阳,96.0
20201111,1,PM2.5,岳阳,61.0
20201111,1,PM2.5_24h,岳阳,53.0
20201111,1,PM10,岳阳,142.0
20201111,1,PM10_24h,岳阳,117.0
20201111,1,SO2,岳阳,12.0
20201111,1,SO2_24h,岳阳,17.0
20201111,1,NO2,岳阳,63.0
20201111,1,NO2_24h,岳阳,56.0
20201111,1,O3,岳阳,32.0
20201111,1,O3_24h,岳阳,158.0
20201111,1,O3_8h,岳阳,32.0
20201111,1,O3_8h_24h,岳阳,32.0
20201111,1,CO,岳阳,0.92
20201111,1,CO_24h,岳阳,0.98
20201111,2,AQI,岳阳,92.0
20201111,2,PM2.5,岳阳,59.0
20201111,2,PM2.5_24h,岳阳,53.0
20201111,2,PM10,岳阳,133.0
20201111,2,PM10_24h,岳阳,117.0
20201111,2,SO2,岳阳,10.0
20201111,2,SO2_24h,岳阳,16.0
20201111,2,NO2,岳阳,66.0
20201111,2,NO2_24h,岳阳,56.0
20201111,2,O3,岳阳,23.0
20201111,2,O3_24h,岳阳,158.0
20201111,2,O3_8h,岳阳,28.0
20201111,2,O3_8h_24h,岳阳,35.0
20201111,2,CO,岳阳,0.82
20201111,2,CO_24h,岳阳,0.98
20201111,3,AQI,岳阳,83.0
20201111,3,PM2.5,岳阳,55.0
20201111,3,PM2.5_24h,岳阳,53.0
20201111,3,PM10,岳阳,116.0
20201111,3,PM10_24h,岳阳,116.0
20201111,3,SO2,岳阳,9.0
20201111,3,SO2_24h,岳阳,16.0
20201111,3,NO2,岳阳,60.0
20201111,3,NO2_24h,岳阳,56.0
20201111,3,O3,岳阳,23.0
20201111,3,O3_24h,岳阳,158.0
20201111,3,O3_8h,岳阳,26.0
20201111,3,O3_8h_24h,岳阳,36.0
20201111,3,CO,岳阳,0.82
20201111,3,CO_24h,岳阳,0.98
20201111,4,AQI,岳阳,75.0
20201111,4,PM2.5,岳阳,54.0
20201111,4,PM2.5_24h,岳阳,53.0
20201111,4,PM10,岳阳,100.0
20201111,4,PM10_24h,岳阳,115.0
20201111,4,SO2,岳阳,9.0
20201111,4,SO2_24h,岳阳,16.0
20201111,4,NO2,岳阳,65.0
20201111,4,NO2_24h,岳阳,55.0
20201111,4,O3,岳阳,8.0
20201111,4,O3_24h,岳阳,158.0
20201111,4,O3_8h,岳阳,22.0
20201111,4,O3_8h_24h,岳阳,36.0
20201111,4,CO,岳阳,0.84
20201111,4,CO_24h,岳阳,0.96
20201111,5,AQI,岳阳,71.0
20201111,5,PM2.5,岳阳,52.0
20201111,5,PM2.5_24h,岳阳,53.0
20201111,5,PM10,岳阳,91.0
20201111,5,PM10_24h,岳阳,113.0
20201111,5,SO2,岳阳,10.0
20201111,5,SO2_24h,岳阳,16.0
20201111,5,NO2,岳阳,57.0
20201111,5,NO2_24h,岳阳,55.0
20201111,5,O3,岳阳,11.0
20201111,5,O3_24h,岳阳,158.0
20201111,5,O3_8h,岳阳,19.0
20201111,5,O3_8h_24h,岳阳,36.0
20201111,5,CO,岳阳,0.78
20201111,5,CO_24h,岳阳,0.94
20201111,6,AQI,岳阳,67.0
20201111,6,PM2.5,岳阳,48.0
20201111,6,PM2.5_24h,岳阳,53.0
20201111,6,PM10,岳阳,84.0
20201111,6,PM10_24h,岳阳,112.0
20201111,6,SO2,岳阳,10.0
20201111,6,SO2_24h,岳阳,16.0
20201111,6,NO2,岳阳,47.0
20201111,6,NO2_24h,岳阳,55.0
20201111,6,O3,岳阳,17.0
20201111,6,O3_24h,岳阳,158.0
20201111,6,O3_8h,岳阳,19.0
20201111,6,O3_8h_24h,岳阳,37.0
20201111,6,CO,岳阳,0.8
20201111,6,CO_24h,岳阳,0.92
20201111,7,AQI,岳阳,60.0
20201111,7,PM2.5,岳阳,34.0
20201111,7,PM2.5_24h,岳阳,53.0
20201111,7,PM10,岳阳,69.0
20201111,7,PM10_24h,岳阳,118.0
20201111,7,SO2,岳阳,9.0
20201111,7,SO2_24h,岳阳,15.0
20201111,7,NO2,岳阳,35.0
20201111,7,NO2_24h,岳阳,42.0
20201111,7,O3,岳阳,2.0
20201111,7,O3_24h,岳阳,156.0
20201111,7,O3_8h,岳阳,23.0
20201111,7,O3_8h_24h,岳阳,37.0
20201111,7,CO,岳阳,1.0
20201111,7,CO_24h,岳阳,1.0
20201111,8,AQI,岳阳,67.0
20201111,8,PM2.5,岳阳,42.0
20201111,8,PM2.5_24h,岳阳,52.0
20201111,8,PM10,岳阳,83.0
20201111,8,PM10_24h,岳阳,111.0
20201111,8,SO2,岳阳,12.0
20201111,8,SO2_24h,岳阳,16.0
20201111,8,NO2,岳阳,50.0
20201111,8,NO2_24h,岳阳,55.0
20201111,8,O3,岳阳,16.0
20201111,8,O3_24h,岳阳,158.0
20201111,8,O3_8h,岳阳,18.0
20201111,8,O3_8h_24h,岳阳,37.0
20201111,8,CO,岳阳,1.0
20201111,8,CO_24h,岳阳,0.94
20201111,10,AQI,岳阳,74.0
20201111,10,PM2.5,岳阳,45.0
20201111,10,PM2.5_24h,岳阳,52.0
20201111,10,PM10,岳阳,97.0
20201111,10,PM10_24h,岳阳,109.0
20201111,10,SO2,岳阳,20.0
20201111,10,SO2_24h,岳阳,15.0
20201111,10,NO2,岳阳,56.0
20201111,10,NO2_24h,岳阳,54.0
20201111,10,O3,岳阳,36.0
20201111,10,O3_24h,岳阳,158.0
20201111,10,O3_8h,岳阳,19.0
20201111,10,O3_8h_24h,岳阳,38.0
20201111,10,CO,岳阳,0.88
20201111,10,CO_24h,岳阳,0.9
20201111,11,AQI,岳阳,75.0
20201111,11,PM2.5,岳阳,45.0
20201111,11,PM2.5_24h,岳阳,51.0
20201111,11,PM10,岳阳,99.0
20201111,11,PM10_24h,岳阳,109.0
20201111,11,SO2,岳阳,22.0
20201111,11,SO2_24h,岳阳,14.0
20201111,11,NO2,岳阳,48.0
20201111,11,NO2_24h,岳阳,55.0
20201111,11,O3,岳阳,68.0
20201111,11,O3_24h,岳阳,158.0
20201111,11,O3_8h,岳阳,24.0
20201111,11,O3_8h_24h,岳阳,41.0
20201111,11,CO,岳阳,0.78
20201111,11,CO_24h,岳阳,0.88
20201111,12,AQI,岳阳,76.0
20201111,12,PM2.5,岳阳,45.0
20201111,12,PM2.5_24h,岳阳,51.0
20201111,12,PM10,岳阳,102.0
20201111,12,PM10_24h,岳阳,108.0
20201111,12,SO2,岳阳,17.0
20201111,12,SO2_24h,岳阳,14.0
20201111,12,NO2,岳阳,39.0
20201111,12,NO2_24h,岳阳,54.0
20201111,12,O3,岳阳,89.0
20201111,12,O3_24h,岳阳,158.0
20201111,12,O3_8h,岳阳,33.0
20201111,12,O3_8h_24h,岳阳,45.0
20201111,12,CO,岳阳,0.7
20201111,12,CO_24h,岳阳,0.88
20201111,13,AQI,岳阳,74.0
20201111,13,PM2.5,岳阳,42.0
20201111,13,PM2.5_24h,岳阳,51.0
20201111,13,PM10,岳阳,98.0
20201111,13,PM10_24h,岳阳,108.0
20201111,13,SO2,岳阳,18.0
20201111,13,SO2_24h,岳阳,14.0
20201111,13,NO2,岳阳,29.0
20201111,13,NO2_24h,岳阳,55.0
20201111,13,O3,岳阳,121.0
20201111,13,O3_24h,岳阳,158.0
20201111,13,O3_8h,岳阳,45.0
20201111,13,O3_8h_24h,岳阳,51.0
20201111,13,CO,岳阳,0.7
20201111,13,CO_24h,岳阳,0.9
20201111,14,AQI,岳阳,70.0
20201111,14,PM2.5,岳阳,39.0
20201111,14,PM2.5_24h,岳阳,51.0
20201111,14,PM10,岳阳,89.0
20201111,14,PM10_24h,岳阳,108.0
20201111,14,SO2,岳阳,15.0
20201111,14,SO2_24h,岳阳,14.0
20201111,14,NO2,岳阳,32.0
20201111,14,NO2_24h,岳阳,55.0
20201111,14,O3,岳阳,125.0
20201111,14,O3_24h,岳阳,158.0
20201111,14,O3_8h,岳阳,59.0
20201111,14,O3_8h_24h,岳阳,62.0
20201111,14,CO,岳阳,0.64
20201111,14,CO_24h,岳阳,0.9
20201111,15,AQI,岳阳,66.0
20201111,15,PM2.5,岳阳,37.0
20201111,15,PM2.5_24h,岳阳,51.0
20201111,15,PM10,岳阳,82.0
20201111,15,PM10_24h,岳阳,107.0
20201111,15,SO2,岳阳,15.0
20201111,15,SO2_24h,岳阳,15.0
20201111,15,NO2,岳阳,32.0
20201111,15,NO2_24h,岳阳,56.0
20201111,15,O3,岳阳,131.0
20201111,15,O3_24h,岳阳,158.0
20201111,15,O3_8h,岳阳,75.0
20201111,15,O3_8h_24h,岳阳,75.0
20201111,15,CO,岳阳,0.64
20201111,15,CO_24h,岳阳,0.9
20201111,16,AQI,岳阳,66.0
20201111,16,PM2.5,岳阳,38.0
20201111,16,PM2.5_24h,岳阳,51.0
20201111,16,PM10,岳阳,81.0
20201111,16,PM10_24h,岳阳,107.0
20201111,16,SO2,岳阳,14.0
20201111,16,SO2_24h,岳阳,15.0
20201111,16,NO2,岳阳,31.0
20201111,16,NO2_24h,岳阳,56.0
20201111,16,O3,岳阳,133.0
20201111,16,O3_24h,岳阳,153.0
20201111,16,O3_8h,岳阳,89.0
20201111,16,O3_8h_24h,岳阳,89.0
20201111,16,CO,岳阳,0.67
20201111,16,CO_24h,岳阳,0.9
20201111,17,AQI,岳阳,66.0
20201111,17,PM2.5,岳阳,38.0
20201111,17,PM2.5_24h,岳阳,51.0
20201111,17,PM10,岳阳,81.0
20201111,17,PM10_24h,岳阳,107.0
20201111,17,SO2,岳阳,12.0
20201111,17,SO2_24h,岳阳,15.0
20201111,17,NO2,岳阳,32.0
20201111,17,NO2_24h,岳阳,56.0
20201111,17,O3,岳阳,128.0
20201111,17,O3_24h,岳阳,139.0
20201111,17,O3_8h,岳阳,103.0
20201111,17,O3_8h_24h,岳阳,103.0
20201111,17,CO,岳阳,0.66
20201111,17,CO_24h,岳阳,0.9
20201111,18,AQI,岳阳,67.0
20201111,18,PM2.5,岳阳,42.0
20201111,18,PM2.5_24h,岳阳,51.0
20201111,18,PM10,岳阳,84.0
20201111,18,PM10_24h,岳阳,107.0
20201111,18,SO2,岳阳,12.0
20201111,18,SO2_24h,岳阳,15.0
20201111,18,NO2,岳阳,45.0
20201111,18,NO2_24h,岳阳,56.0
20201111,18,O3,岳阳,110.0
20201111,18,O3_24h,岳阳,139.0
20201111,18,O3_8h,岳阳,113.0
20201111,18,O3_8h_24h,岳阳,113.0
20201111,18,CO,岳阳,0.78
20201111,18,CO_24h,岳阳,0.88
20201111,19,AQI,岳阳,69.0
20201111,19,PM2.5,岳阳,46.0
20201111,19,PM2.5_24h,岳阳,51.0
20201111,19,PM10,岳阳,88.0
20201111,19,PM10_24h,岳阳,106.0
20201111,19,SO2,岳阳,13.0
20201111,19,SO2_24h,岳阳,14.0
20201111,19,NO2,岳阳,58.0
20201111,19,NO2_24h,岳阳,55.0
20201111,19,O3,岳阳,94.0
20201111,19,O3_24h,岳阳,139.0
20201111,19,O3_8h,岳阳,116.0
20201111,19,O3_8h_24h,岳阳,116.0
20201111,19,CO,岳阳,0.86
20201111,19,CO_24h,岳阳,0.88
20201111,20,AQI,岳阳,79.0
20201111,20,PM2.5,岳阳,56.0
20201111,20,PM2.5_24h,岳阳,50.0
20201111,20,PM10,岳阳,107.0
20201111,20,PM10_24h,岳阳,105.0
20201111,20,SO2,岳阳,15.0
20201111,20,SO2_24h,岳阳,14.0
20201111,20,NO2,岳阳,61.0
20201111,20,NO2_24h,岳阳,54.0
20201111,20,O3,岳阳,86.0
20201111,20,O3_24h,岳阳,139.0
20201111,20,O3_8h,岳阳,115.0
20201111,20,O3_8h_24h,岳阳,117.0
20201111,20,CO,岳阳,0.92
20201111,20,CO_24h,岳阳,0.86
20201111,21,AQI,岳阳,83.0
20201111,21,PM2.5,岳阳,61.0
20201111,21,PM2.5_24h,岳阳,50.0
20201111,21,PM10,岳阳,115.0
20201111,21,PM10_24h,岳阳,104.0
20201111,21,SO2,岳阳,15.0
20201111,21,SO2_24h,岳阳,13.0
20201111,21,NO2,岳阳,86.0
20201111,21,NO2_24h,岳阳,54.0
20201111,21,O3,岳阳,42.0
20201111,21,O3_24h,岳阳,139.0
20201111,21,O3_8h,岳阳,105.0
20201111,21,O3_8h_24h,岳阳,117.0
20201111,21,CO,岳阳,1.18
20201111,21,CO_24h,岳阳,0.86
20201111,22,AQI,岳阳,91.0
20201111,22,PM2.5,岳阳,65.0
20201111,22,PM2.5_24h,岳阳,50.0
20201111,22,PM10,岳阳,132.0
20201111,22,PM10_24h,岳阳,104.0
20201111,22,SO2,岳阳,14.0
20201111,22,SO2_24h,岳阳,13.0
20201111,22,NO2,岳阳,78.0
20201111,22,NO2_24h,岳阳,53.0
20201111,22,O3,岳阳,32.0
20201111,22,O3_24h,岳阳,139.0
20201111,22,O3_8h,岳阳,92.0
20201111,22,O3_8h_24h,岳阳,117.0
20201111,22,CO,岳阳,1.24
20201111,22,CO_24h,岳阳,0.86
20201111,23,AQI,岳阳,96.0
20201111,23,PM2.5,岳阳,67.0
20201111,23,PM2.5_24h,岳阳,50.0
20201111,23,PM10,岳阳,142.0
20201111,23,PM10_24h,岳阳,103.0
20201111,23,SO2,岳阳,13.0
20201111,23,SO2_24h,岳阳,13.0
20201111,23,NO2,岳阳,69.0
20201111,23,NO2_24h,岳阳,53.0
20201111,23,O3,岳阳,24.0
20201111,23,O3_24h,岳阳,139.0
20201111,23,O3_8h,岳阳,79.0
20201111,23,O3_8h_24h,岳阳,117.0
20201111,23,CO,岳阳,1.28
20201111,23,CO_24h,岳阳,0.86
20201111,0,AQI,常德,114.0
20201111,0,PM2.5,常德,86.0
20201111,0,PM2.5_24h,常德,61.0
20201111,0,PM10,常德,148.0
20201111,0,PM10_24h,常德,106.0
20201111,0,SO2,常德,11.0
20201111,0,SO2_24h,常德,16.0
20201111,0,NO2,常德,77.0
20201111,0,NO2_24h,常德,49.0
20201111,0,O3,常德,10.0
20201111,0,O3_24h,常德,162.0
20201111,0,O3_8h,常德,70.0
20201111,0,O3_8h_24h,常德,132.0
20201111,0,CO,常德,1.3
20201111,0,CO_24h,常德,0.8
20201111,1,AQI,常德,116.0
20201111,1,PM2.5,常德,88.0
20201111,1,PM2.5_24h,常德,61.0
20201111,1,PM10,常德,150.0
20201111,1,PM10_24h,常德,106.0
20201111,1,SO2,常德,14.0
20201111,1,SO2_24h,常德,16.0
20201111,1,NO2,常德,75.0
20201111,1,NO2_24h,常德,49.0
20201111,1,O3,常德,7.0
20201111,1,O3_24h,常德,162.0
20201111,1,O3_8h,常德,7.0
20201111,1,O3_8h_24h,常德,7.0
20201111,1,CO,常德,1.1
20201111,1,CO_24h,常德,0.8
20201111,2,AQI,常德,111.0
20201111,2,PM2.5,常德,84.0
20201111,2,PM2.5_24h,常德,62.0
20201111,2,PM10,常德,143.0
20201111,2,PM10_24h,常德,106.0
20201111,2,SO2,常德,18.0
20201111,2,SO2_24h,常德,16.0
20201111,2,NO2,常德,64.0
20201111,2,NO2_24h,常德,50.0
20201111,2,O3,常德,12.0
20201111,2,O3_24h,常德,162.0
20201111,2,O3_8h,常德,9.0
20201111,2,O3_8h_24h,常德,9.0
20201111,2,CO,常德,1.0
20201111,2,CO_24h,常德,0.8
20201111,3,AQI,常德,114.0
20201111,3,PM2.5,常德,86.0
20201111,3,PM2.5_24h,常德,62.0
20201111,3,PM10,常德,128.0
20201111,3,PM10_24h,常德,107.0
20201111,3,SO2,常德,15.0
20201111,3,SO2_24h,常德,16.0
20201111,3,NO2,常德,57.0
20201111,3,NO2_24h,常德,50.0
20201111,3,O3,常德,11.0
20201111,3,O3_24h,常德,162.0
20201111,3,O3_8h,常德,10.0
20201111,3,O3_8h_24h,常德,10.0
20201111,3,CO,常德,1.0
20201111,3,CO_24h,常德,0.8
20201111,4,AQI,常德,96.0
20201111,4,PM2.5,常德,72.0
20201111,4,PM2.5_24h,常德,63.0
20201111,4,PM10,常德,113.0
20201111,4,PM10_24h,常德,107.0
20201111,4,SO2,常德,15.0
20201111,4,SO2_24h,常德,16.0
20201111,4,NO2,常德,37.0
20201111,4,NO2_24h,常德,51.0
20201111,4,O3,常德,28.0
20201111,4,O3_24h,常德,162.0
20201111,4,O3_8h,常德,14.0
20201111,4,O3_8h_24h,常德,14.0
20201111,4,CO,常德,0.82
20201111,4,CO_24h,常德,0.8
20201111,5,AQI,常德,88.0
20201111,5,PM2.5,常德,65.0
20201111,5,PM2.5_24h,常德,63.0
20201111,5,PM10,常德,101.0
20201111,5,PM10_24h,常德,108.0
20201111,5,SO2,常德,16.0
20201111,5,SO2_24h,常德,16.0
20201111,5,NO2,常德,33.0
20201111,5,NO2_24h,常德,51.0
20201111,5,O3,常德,22.0
20201111,5,O3_24h,常德,162.0
20201111,5,O3_8h,常德,16.0
20201111,5,O3_8h_24h,常德,17.0
20201111,5,CO,常德,0.78
20201111,5,CO_24h,常德,0.8
20201111,6,AQI,常德,86.0
20201111,6,PM2.5,常德,64.0
20201111,6,PM2.5_24h,常德,64.0
20201111,6,PM10,常德,95.0
20201111,6,PM10_24h,常德,108.0
20201111,6,SO2,常德,22.0
20201111,6,SO2_24h,常德,16.0
20201111,6,NO2,常德,31.0
20201111,6,NO2_24h,常德,50.0
20201111,6,O3,常德,19.0
20201111,6,O3_24h,常德,162.0
20201111,6,O3_8h,常德,16.0
20201111,6,O3_8h_24h,常德,17.0
20201111,6,CO,常德,0.82
20201111,6,CO_24h,常德,0.8
20201111,8,AQI,常德,76.0
20201111,8,PM2.5,常德,56.0
20201111,8,PM2.5_24h,常德,65.0
20201111,8,PM10,常德,79.0
20201111,8,PM10_24h,常德,108.0
20201111,8,SO2,常德,12.0
20201111,8,SO2_24h,常德,16.0
20201111,8,NO2,常德,35.0
20201111,8,NO2_24h,常德,50.0
20201111,8,O3,常德,11.0
20201111,8,O3_24h,常德,162.0
20201111,8,O3_8h,常德,15.0
20201111,8,O3_8h_24h,常德,18.0
20201111,8,CO,常德,0.9
20201111,8,CO_24h,常德,0.85
20201111,10,AQI,常德,75.0
20201111,10,PM2.5,常德,55.0
20201111,10,PM2.5_24h,常德,65.0
20201111,10,PM10,常德,94.0
20201111,10,PM10_24h,常德,109.0
20201111,10,SO2,常德,15.0
20201111,10,SO2_24h,常德,16.0
20201111,10,NO2,常德,40.0
20201111,10,NO2_24h,常德,51.0
20201111,10,O3,常德,35.0
20201111,10,O3_24h,常德,162.0
20201111,10,O3_8h,常德,20.0
20201111,10,O3_8h_24h,常德,21.0
20201111,10,CO,常德,0.8
20201111,10,CO_24h,常德,0.88
20201111,11,AQI,常德,86.0
20201111,11,PM2.5,常德,64.0
20201111,11,PM2.5_24h,常德,65.0
20201111,11,PM10,常德,95.0
20201111,11,PM10_24h,常德,108.0
20201111,11,SO2,常德,22.0
20201111,11,SO2_24h,常德,16.0
20201111,11,NO2,常德,38.0
20201111,11,NO2_24h,常德,50.0
20201111,11,O3,常德,67.0
20201111,11,O3_24h,常德,162.0
20201111,11,O3_8h,常德,27.0
20201111,11,O3_8h_24h,常德,27.0
20201111,11,CO,常德,0.77
20201111,11,CO_24h,常德,0.88
20201111,12,AQI,常德,95.0
20201111,12,PM2.5,常德,71.0
20201111,12,PM2.5_24h,常德,65.0
20201111,12,PM10,常德,102.0
20201111,12,PM10_24h,常德,108.0
20201111,12,SO2,常德,20.0
20201111,12,SO2_24h,常德,16.0
20201111,12,NO2,常德,42.0
20201111,12,NO2_24h,常德,51.0
20201111,12,O3,常德,88.0
20201111,12,O3_24h,常德,162.0
20201111,12,O3_8h,常德,34.0
20201111,12,O3_8h_24h,常德,34.0
20201111,12,CO,常德,0.8
20201111,12,CO_24h,常德,0.88
20201111,13,AQI,常德,98.0
20201111,13,PM2.5,常德,73.0
20201111,13,PM2.5_24h,常德,66.0
20201111,13,PM10,常德,111.0
20201111,13,PM10_24h,常德,108.0
20201111,13,SO2,常德,18.0
20201111,13,SO2_24h,常德,15.0
20201111,13,NO2,常德,35.0
20201111,13,NO2_24h,常德,51.0
20201111,13,O3,常德,126.0
20201111,13,O3_24h,常德,162.0
20201111,13,O3_8h,常德,47.0
20201111,13,O3_8h_24h,常德,47.0
20201111,13,CO,常德,0.77
20201111,13,CO_24h,常德,0.88
20201111,14,AQI,常德,85.0
20201111,14,PM2.5,常德,63.0
20201111,14,PM2.5_24h,常德,66.0
20201111,14,PM10,常德,108.0
20201111,14,PM10_24h,常德,108.0
20201111,14,SO2,常德,16.0
20201111,14,SO2_24h,常德,15.0
20201111,14,NO2,常德,26.0
20201111,14,NO2_24h,常德,51.0
20201111,14,O3,常德,155.0
20201111,14,O3_24h,常德,162.0
20201111,14,O3_8h,常德,64.0
20201111,14,O3_8h_24h,常德,64.0
20201111,14,CO,常德,0.75
20201111,14,CO_24h,常德,0.88
20201111,15,AQI,常德,86.0
20201111,15,PM2.5,常德,64.0
20201111,15,PM2.5_24h,常德,66.0
20201111,15,PM10,常德,91.0
20201111,15,PM10_24h,常德,108.0
20201111,15,SO2,常德,16.0
20201111,15,SO2_24h,常德,15.0
20201111,15,NO2,常德,30.0
20201111,15,NO2_24h,常德,51.0
20201111,15,O3,常德,155.0
20201111,15,O3_24h,常德,162.0
20201111,15,O3_8h,常德,82.0
20201111,15,O3_8h_24h,常德,82.0
20201111,15,CO,常德,0.7
20201111,15,CO_24h,常德,0.88
20201111,16,AQI,常德,75.0
20201111,16,PM2.5,常德,55.0
20201111,16,PM2.5_24h,常德,66.0
20201111,16,PM10,常德,90.0
20201111,16,PM10_24h,常德,109.0
20201111,16,SO2,常德,13.0
20201111,16,SO2_24h,常德,15.0
20201111,16,NO2,常德,24.0
20201111,16,NO2_24h,常德,50.0
20201111,16,O3,常德,161.0
20201111,16,O3_24h,常德,161.0
20201111,16,O3_8h,常德,98.0
20201111,16,O3_8h_24h,常德,98.0
20201111,16,CO,常德,0.63
20201111,16,CO_24h,常德,0.88
20201111,17,AQI,常德,71.0
20201111,17,PM2.5,常德,52.0
20201111,17,PM2.5_24h,常德,67.0
20201111,17,PM10,常德,87.0
20201111,17,PM10_24h,常德,109.0
20201111,17,SO2,常德,13.0
20201111,17,SO2_24h,常德,15.0
20201111,17,NO2,常德,23.0
20201111,17,NO2_24h,常德,50.0
20201111,17,O3,常德,165.0
20201111,17,O3_24h,常德,167.0
20201111,17,O3_8h,常德,118.0
20201111,17,O3_8h_24h,常德,118.0
20201111,17,CO,常德,0.6
20201111,17,CO_24h,常德,0.88
20201111,18,AQI,常德,80.0
20201111,18,PM2.5,常德,59.0
20201111,18,PM2.5_24h,常德,67.0
20201111,18,PM10,常德,91.0
20201111,18,PM10_24h,常德,109.0
20201111,18,SO2,常德,13.0
20201111,18,SO2_24h,常德,15.0
20201111,18,NO2,常德,38.0
20201111,18,NO2_24h,常德,49.0
20201111,18,O3,常德,141.0
20201111,18,O3_24h,常德,167.0
20201111,18,O3_8h,常德,131.0
20201111,18,O3_8h_24h,常德,131.0
20201111,18,CO,常德,0.7
20201111,18,CO_24h,常德,0.88
20201111,19,AQI,常德,93.0
20201111,19,PM2.5,常德,69.0
20201111,19,PM2.5_24h,常德,68.0
20201111,19,PM10,常德,108.0
20201111,19,PM10_24h,常德,109.0
20201111,19,SO2,常德,13.0
20201111,19,SO2_24h,常德,15.0
20201111,19,NO2,常德,60.0
20201111,19,NO2_24h,常德,49.0
20201111,19,O3,常德,105.0
20201111,19,O3_24h,常德,167.0
20201111,19,O3_8h,常德,136.0
20201111,19,O3_8h_24h,常德,136.0
20201111,19,CO,常德,0.8
20201111,19,CO_24h,常德,0.88
20201111,20,AQI,常德,99.0
20201111,20,PM2.5,常德,74.0
20201111,20,PM2.5_24h,常德,68.0
20201111,20,PM10,常德,119.0
20201111,20,PM10_24h,常德,110.0
20201111,20,SO2,常德,13.0
20201111,20,SO2_24h,常德,15.0
20201111,20,NO2,常德,63.0
20201111,20,NO2_24h,常德,48.0
20201111,20,O3,常德,94.0
20201111,20,O3_24h,常德,167.0
20201111,20,O3_8h,常德,137.0
20201111,20,O3_8h_24h,常德,138.0
20201111,20,CO,常德,0.85
20201111,20,CO_24h,常德,0.88
20201111,21,AQI,常德,106.0
20201111,21,PM2.5,常德,80.0
20201111,21,PM2.5_24h,常德,69.0
20201111,21,PM10,常德,124.0
20201111,21,PM10_24h,常德,110.0
20201111,21,SO2,常德,13.0
20201111,21,SO2_24h,常德,15.0
20201111,21,NO2,常德,71.0
20201111,21,NO2_24h,常德,48.0
20201111,21,O3,常德,80.0
20201111,21,O3_24h,常德,167.0
20201111,21,O3_8h,常德,131.0
20201111,21,O3_8h_24h,常德,138.0
20201111,21,CO,常德,0.88
20201111,21,CO_24h,常德,0.88
20201111,22,AQI,常德,110.0
20201111,22,PM2.5,常德,83.0
20201111,22,PM2.5_24h,常德,69.0
20201111,22,PM10,常德,135.0
20201111,22,PM10_24h,常德,110.0
20201111,22,SO2,常德,13.0
20201111,22,SO2_24h,常德,15.0
20201111,22,NO2,常德,104.0
20201111,22,NO2_24h,常德,48.0
20201111,22,O3,常德,33.0
20201111,22,O3_24h,常德,167.0
20201111,22,O3_8h,常德,115.0
20201111,22,O3_8h_24h,常德,138.0
20201111,22,CO,常德,1.03
20201111,22,CO_24h,常德,0.88
20201111,23,AQI,常德,111.0
20201111,23,PM2.5,常德,84.0
20201111,23,PM2.5_24h,常德,70.0
20201111,23,PM10,常德,140.0
20201111,23,PM10_24h,常德,110.0
20201111,23,SO2,常德,11.0
20201111,23,SO2_24h,常德,15.0
20201111,23,NO2,常德,85.0
20201111,23,NO2_24h,常德,49.0
20201111,23,O3,常德,25.0
20201111,23,O3_24h,常德,167.0
20201111,23,O3_8h,常德,99.0
20201111,23,O3_8h_24h,常德,138.0
20201111,23,CO,常德,1.18
20201111,23,CO_24h,常德,0.88
20201111,0,AQI,张家界,84.0
20201111,0,PM2.5,张家界,38.0
20201111,0,PM2.5_24h,张家界,28.0
20201111,0,PM10,张家界,117.0
20201111,0,PM10_24h,张家界,81.0
20201111,0,SO2,张家界,3.0
20201111,0,SO2_24h,张家界,3.0
20201111,0,NO2,张家界,30.0
20201111,0,NO2_24h,张家界,28.0
20201111,0,O3,张家界,30.0
20201111,0,O3_24h,张家界,110.0
20201111,0,O3_8h,张家界,48.0
20201111,0,O3_8h_24h,张家界,85.0
20201111,0,CO,张家界,0.5
20201111,0,CO_24h,张家界,0.47
20201111,1,AQI,张家界,85.0
20201111,1,PM2.5,张家界,37.0
20201111,1,PM2.5_24h,张家界,29.0
20201111,1,PM10,张家界,120.0
20201111,1,PM10_24h,张家界,83.0
20201111,1,SO2,张家界,2.0
20201111,1,SO2_24h,张家界,3.0
20201111,1,NO2,张家界,26.0
20201111,1,NO2_24h,张家界,28.0
20201111,1,O3,张家界,30.0
20201111,1,O3_24h,张家界,110.0
20201111,1,O3_8h,张家界,30.0
20201111,1,O3_8h_24h,张家界,30.0
20201111,1,CO,张家界,0.5
20201111,1,CO_24h,张家界,0.47
20201111,2,AQI,张家界,73.0
20201111,2,PM2.5,张家界,33.0
20201111,2,PM2.5_24h,张家界,29.0
20201111,2,PM10,张家界,95.0
20201111,2,PM10_24h,张家界,84.0
20201111,2,SO2,张家界,2.0
20201111,2,SO2_24h,张家界,3.0
20201111,2,NO2,张家界,21.0
20201111,2,NO2_24h,张家界,28.0
20201111,2,O3,张家界,30.0
20201111,2,O3_24h,张家界,110.0
20201111,2,O3_8h,张家界,30.0
20201111,2,O3_8h_24h,张家界,31.0
20201111,2,CO,张家界,0.47
20201111,2,CO_24h,张家界,0.5
20201111,3,AQI,张家界,62.0
20201111,3,PM2.5,张家界,28.0
20201111,3,PM2.5_24h,张家界,29.0
20201111,3,PM10,张家界,73.0
20201111,3,PM10_24h,张家界,83.0
20201111,3,SO2,张家界,2.0
20201111,3,SO2_24h,张家界,3.0
20201111,3,NO2,张家界,19.0
20201111,3,NO2_24h,张家界,28.0
20201111,3,O3,张家界,29.0
20201111,3,O3_24h,张家界,110.0
20201111,3,O3_8h,张家界,30.0
20201111,3,O3_8h_24h,张家界,31.0
20201111,3,CO,张家界,0.47
20201111,3,CO_24h,张家界,0.5
20201111,4,AQI,张家界,57.0
20201111,4,PM2.5,张家界,26.0
20201111,4,PM2.5_24h,张家界,29.0
20201111,4,PM10,张家界,63.0
20201111,4,PM10_24h,张家界,83.0
20201111,4,SO2,张家界,2.0
20201111,4,SO2_24h,张家界,3.0
20201111,4,NO2,张家界,17.0
20201111,4,NO2_24h,张家界,28.0
20201111,4,O3,张家界,29.0
20201111,4,O3_24h,张家界,110.0
20201111,4,O3_8h,张家界,30.0
20201111,4,O3_8h_24h,张家界,32.0
20201111,4,CO,张家界,0.43
20201111,4,CO_24h,张家界,0.5
20201111,5,AQI,张家界,53.0
20201111,5,PM2.5,张家界,26.0
20201111,5,PM2.5_24h,张家界,29.0
20201111,5,PM10,张家界,55.0
20201111,5,PM10_24h,张家界,83.0
20201111,5,SO2,张家界,2.0
20201111,5,SO2_24h,张家界,3.0
20201111,5,NO2,张家界,16.0
20201111,5,NO2_24h,张家界,28.0
20201111,5,O3,张家界,29.0
20201111,5,O3_24h,张家界,110.0
20201111,5,O3_8h,张家界,29.0
20201111,5,O3_8h_24h,张家界,32.0
20201111,5,CO,张家界,0.43
20201111,5,CO_24h,张家界,0.5
20201111,6,AQI,张家界,50.0
20201111,6,PM2.5,张家界,24.0
20201111,6,PM2.5_24h,张家界,29.0
20201111,6,PM10,张家界,50.0
20201111,6,PM10_24h,张家界,83.0
20201111,6,SO2,张家界,2.0
20201111,6,SO2_24h,张家界,3.0
20201111,6,NO2,张家界,15.0
20201111,6,NO2_24h,张家界,28.0
20201111,6,O3,张家界,26.0
20201111,6,O3_24h,张家界,110.0
20201111,6,O3_8h,张家界,29.0
20201111,6,O3_8h_24h,张家界,32.0
20201111,6,CO,张家界,0.4
20201111,6,CO_24h,张家界,0.5
20201111,8,AQI,张家界,51.0
20201111,8,PM2.5,张家界,20.0
20201111,8,PM2.5_24h,张家界,29.0
20201111,8,PM10,张家界,52.0
20201111,8,PM10_24h,张家界,84.0
20201111,8,SO2,张家界,2.0
20201111,8,SO2_24h,张家界,3.0
20201111,8,NO2,张家界,26.0
20201111,8,NO2_24h,张家界,28.0
20201111,8,O3,张家界,18.0
20201111,8,O3_24h,张家界,110.0
20201111,8,O3_8h,张家界,27.0
20201111,8,O3_8h_24h,张家界,32.0
20201111,8,CO,张家界,0.53
20201111,8,CO_24h,张家界,0.53
20201111,10,AQI,张家界,61.0
20201111,10,PM2.5,张家界,30.0
20201111,10,PM2.5_24h,张家界,29.0
20201111,10,PM10,张家界,72.0
20201111,10,PM10_24h,张家界,83.0
20201111,10,SO2,张家界,3.0
20201111,10,SO2_24h,张家界,3.0
20201111,10,NO2,张家界,34.0
20201111,10,NO2_24h,张家界,28.0
20201111,10,O3,张家界,32.0
20201111,10,O3_24h,张家界,110.0
20201111,10,O3_8h,张家界,26.0
20201111,10,O3_8h_24h,张家界,32.0
20201111,10,CO,张家界,0.67
20201111,10,CO_24h,张家界,0.53
20201111,11,AQI,张家界,62.0
20201111,11,PM2.5,张家界,27.0
20201111,11,PM2.5_24h,张家界,29.0
20201111,11,PM10,张家界,73.0
20201111,11,PM10_24h,张家界,83.0
20201111,11,SO2,张家界,1.0
20201111,11,SO2_24h,张家界,3.0
20201111,11,NO2,张家界,32.0
20201111,11,NO2_24h,张家界,28.0
20201111,11,O3,张家界,51.0
20201111,11,O3_24h,张家界,110.0
20201111,11,O3_8h,张家界,28.0
20201111,11,O3_8h_24h,张家界,33.0
20201111,11,CO,张家界,0.55
20201111,11,CO_24h,张家界,0.5
20201111,12,AQI,张家界,62.0
20201111,12,PM2.5,张家界,31.0
20201111,12,PM2.5_24h,张家界,29.0
20201111,12,PM10,张家界,74.0
20201111,12,PM10_24h,张家界,83.0
20201111,12,SO2,张家界,3.0
20201111,12,SO2_24h,张家界,3.0
20201111,12,NO2,张家界,32.0
20201111,12,NO2_24h,张家界,28.0
20201111,12,O3,张家界,67.0
20201111,12,O3_24h,张家界,110.0
20201111,12,O3_8h,张家界,31.0
20201111,12,O3_8h_24h,张家界,36.0
20201111,12,CO,张家界,0.47
20201111,12,CO_24h,张家界,0.5
20201111,13,AQI,张家界,63.0
20201111,13,PM2.5,张家界,29.0
20201111,13,PM2.5_24h,张家界,29.0
20201111,13,PM10,张家界,76.0
20201111,13,PM10_24h,张家界,84.0
20201111,13,SO2,张家界,4.0
20201111,13,SO2_24h,张家界,3.0
20201111,13,NO2,张家界,28.0
20201111,13,NO2_24h,张家界,28.0
20201111,13,O3,张家界,83.0
20201111,13,O3_24h,张家界,110.0
20201111,13,O3_8h,张家界,39.0
20201111,13,O3_8h_24h,张家界,41.0
20201111,13,CO,张家界,0.43
20201111,13,CO_24h,张家界,0.5
20201111,14,AQI,张家界,60.0
20201111,14,PM2.5,张家界,27.0
20201111,14,PM2.5_24h,张家界,29.0
20201111,14,PM10,张家界,70.0
20201111,14,PM10_24h,张家界,84.0
20201111,14,SO2,张家界,3.0
20201111,14,SO2_24h,张家界,3.0
20201111,14,NO2,张家界,24.0
20201111,14,NO2_24h,张家界,28.0
20201111,14,O3,张家界,91.0
20201111,14,O3_24h,张家界,110.0
20201111,14,O3_8h,张家界,47.0
20201111,14,O3_8h_24h,张家界,47.0
20201111,14,CO,张家界,0.37
20201111,14,CO_24h,张家界,0.53
20201111,15,AQI,张家界,58.0
20201111,15,PM2.5,张家界,24.0
20201111,15,PM2.5_24h,张家界,29.0
20201111,15,PM10,张家界,66.0
20201111,15,PM10_24h,张家界,83.0
20201111,15,SO2,张家界,3.0
20201111,15,SO2_24h,张家界,3.0
20201111,15,NO2,张家界,21.0
20201111,15,NO2_24h,张家界,29.0
20201111,15,O3,张家界,93.0
20201111,15,O3_24h,张家界,105.0
20201111,15,O3_8h,张家界,56.0
20201111,15,O3_8h_24h,张家界,56.0
20201111,15,CO,张家界,0.33
20201111,15,CO_24h,张家界,0.53
20201111,16,AQI,张家界,43.0
20201111,16,PM2.5,张家界,21.0
20201111,16,PM2.5_24h,张家界,30.0
20201111,16,PM10,张家界,43.0
20201111,16,PM10_24h,张家界,84.0
20201111,16,SO2,张家界,2.0
20201111,16,SO2_24h,张家界,3.0
20201111,16,NO2,张家界,24.0
20201111,16,NO2_24h,张家界,28.0
20201111,16,O3,张家界,95.0
20201111,16,O3_24h,张家界,101.0
20201111,16,O3_8h,张家界,66.0
20201111,16,O3_8h_24h,张家界,66.0
20201111,16,CO,张家界,0.33
20201111,16,CO_24h,张家界,0.5
20201111,17,AQI,张家界,43.0
20201111,17,PM2.5,张家界,18.0
20201111,17,PM2.5_24h,张家界,30.0
20201111,17,PM10,张家界,43.0
20201111,17,PM10_24h,张家界,83.0
20201111,17,SO2,张家界,2.0
20201111,17,SO2_24h,张家界,3.0
20201111,17,NO2,张家界,38.0
20201111,17,NO2_24h,张家界,29.0
20201111,17,O3,张家界,79.0
20201111,17,O3_24h,张家界,97.0
20201111,17,O3_8h,张家界,75.0
20201111,17,O3_8h_24h,张家界,75.0
20201111,17,CO,张家界,0.4
20201111,17,CO_24h,张家界,0.53
20201111,18,AQI,张家界,58.0
20201111,18,PM2.5,张家界,15.0
20201111,18,PM2.5_24h,张家界,29.0
20201111,18,PM10,张家界,65.0
20201111,18,PM10_24h,张家界,83.0
20201111,18,SO2,张家界,2.0
20201111,18,SO2_24h,张家界,3.0
20201111,18,NO2,张家界,43.0
20201111,18,NO2_24h,张家界,29.0
20201111,18,O3,张家界,53.0
20201111,18,O3_24h,张家界,97.0
20201111,18,O3_8h,张家界,77.0
20201111,18,O3_8h_24h,张家界,77.0
20201111,18,CO,张家界,0.53
20201111,18,CO_24h,张家界,0.5
20201111,19,AQI,张家界,63.0
20201111,19,PM2.5,张家界,33.0
20201111,19,PM2.5_24h,张家界,29.0
20201111,19,PM10,张家界,76.0
20201111,19,PM10_24h,张家界,83.0
20201111,19,SO2,张家界,2.0
20201111,19,SO2_24h,张家界,3.0
20201111,19,NO2,张家界,41.0
20201111,19,NO2_24h,张家界,29.0
20201111,19,O3,张家界,43.0
20201111,19,O3_24h,张家界,97.0
20201111,19,O3_8h,张家界,76.0
20201111,19,O3_8h_24h,张家界,77.0
20201111,19,CO,张家界,0.57
20201111,19,CO_24h,张家界,0.5
20201111,20,AQI,张家界,61.0
20201111,20,PM2.5,张家界,29.0
20201111,20,PM2.5_24h,张家界,29.0
20201111,20,PM10,张家界,71.0
20201111,20,PM10_24h,张家界,82.0
20201111,20,SO2,张家界,3.0
20201111,20,SO2_24h,张家界,3.0
20201111,20,NO2,张家界,49.0
20201111,20,NO2_24h,张家界,29.0
20201111,20,O3,张家界,24.0
20201111,20,O3_24h,张家界,97.0
20201111,20,O3_8h,张家界,73.0
20201111,20,O3_8h_24h,张家界,77.0
20201111,20,CO,张家界,0.63
20201111,20,CO_24h,张家界,0.5
20201111,21,AQI,张家界,64.0
20201111,21,PM2.5,张家界,34.0
20201111,21,PM2.5_24h,张家界,29.0
20201111,21,PM10,张家界,78.0
20201111,21,PM10_24h,张家界,79.0
20201111,21,SO2,张家界,3.0
20201111,21,SO2_24h,张家界,3.0
20201111,21,NO2,张家界,40.0
20201111,21,NO2_24h,张家界,29.0
20201111,21,O3,张家界,31.0
20201111,21,O3_24h,张家界,97.0
20201111,21,O3_8h,张家界,66.0
20201111,21,O3_8h_24h,张家界,77.0
20201111,21,CO,张家界,0.53
20201111,21,CO_24h,张家界,0.5
20201111,22,AQI,张家界,61.0
20201111,22,PM2.5,张家界,31.0
20201111,22,PM2.5_24h,张家界,28.0
20201111,22,PM10,张家界,71.0
20201111,22,PM10_24h,张家界,75.0
20201111,22,SO2,张家界,3.0
20201111,22,SO2_24h,张家界,3.0
20201111,22,NO2,张家界,42.0
20201111,22,NO2_24h,张家界,29.0
20201111,22,O3,张家界,26.0
20201111,22,O3_24h,张家界,97.0
20201111,22,O3_8h,张家界,57.0
20201111,22,O3_8h_24h,张家界,77.0
20201111,22,CO,张家界,0.53
20201111,22,CO_24h,张家界,0.5
20201111,23,AQI,张家界,57.0
20201111,23,PM2.5,张家界,27.0
20201111,23,PM2.5_24h,张家界,27.0
20201111,23,PM10,张家界,64.0
20201111,23,PM10_24h,张家界,72.0
20201111,23,SO2,张家界,3.0
20201111,23,SO2_24h,张家界,3.0
20201111,23,NO2,张家界,35.0
20201111,23,NO2_24h,张家界,29.0
20201111,23,O3,张家界,27.0
20201111,23,O3_24h,张家界,97.0
20201111,23,O3_8h,张家界,49.0
20201111,23,O3_8h_24h,张家界,77.0
20201111,23,CO,张家界,0.53
20201111,23,CO_24h,张家界,0.5
20201111,0,AQI,桂林,63.0
20201111,0,PM2.5,桂林,32.0
20201111,0,PM2.5_24h,桂林,36.0
20201111,0,PM10,桂林,75.0
20201111,0,PM10_24h,桂林,71.0
20201111,0,SO2,桂林,19.0
20201111,0,SO2_24h,桂林,17.0
20201111,0,NO2,桂林,22.0
20201111,0,NO2_24h,桂林,21.0
20201111,0,O3,桂林,129.0
20201111,0,O3_24h,桂林,147.0
20201111,0,O3_8h,桂林,112.0
20201111,0,O3_8h_24h,桂林,136.0
20201111,0,CO,桂林,0.8
20201111,0,CO_24h,桂林,0.83
20201111,1,AQI,桂林,61.0
20201111,1,PM2.5,桂林,33.0
20201111,1,PM2.5_24h,桂林,36.0
20201111,1,PM10,桂林,71.0
20201111,1,PM10_24h,桂林,71.0
20201111,1,SO2,桂林,20.0
20201111,1,SO2_24h,桂林,17.0
20201111,1,NO2,桂林,17.0
20201111,1,NO2_24h,桂林,21.0
20201111,1,O3,桂林,133.0
20201111,1,O3_24h,桂林,147.0
20201111,1,O3_8h,桂林,133.0
20201111,1,O3_8h_24h,桂林,133.0
20201111,1,CO,桂林,0.8
20201111,1,CO_24h,桂林,0.8
20201111,2,AQI,桂林,61.0
20201111,2,PM2.5,桂林,38.0
20201111,2,PM2.5_24h,桂林,36.0
20201111,2,PM10,桂林,71.0
20201111,2,PM10_24h,桂林,71.0
20201111,2,SO2,桂林,23.0
20201111,2,SO2_24h,桂林,17.0
20201111,2,NO2,桂林,17.0
20201111,2,NO2_24h,桂林,21.0
20201111,2,O3,桂林,128.0
20201111,2,O3_24h,桂林,147.0
20201111,2,O3_8h,桂林,131.0
20201111,2,O3_8h_24h,桂林,133.0
20201111,2,CO,桂林,0.8
20201111,2,CO_24h,桂林,0.8
20201111,3,AQI,桂林,61.0
20201111,3,PM2.5,桂林,41.0
20201111,3,PM2.5_24h,桂林,37.0
20201111,3,PM10,桂林,72.0
20201111,3,PM10_24h,桂林,71.0
20201111,3,SO2,桂林,22.0
20201111,3,SO2_24h,桂林,17.0
20201111,3,NO2,桂林,18.0
20201111,3,NO2_24h,桂林,21.0
20201111,3,O3,桂林,125.0
20201111,3,O3_24h,桂林,147.0
20201111,3,O3_8h,桂林,129.0
20201111,3,O3_8h_24h,桂林,133.0
20201111,3,CO,桂林,0.8
20201111,3,CO_24h,桂林,0.83
20201111,4,AQI,桂林,66.0
20201111,4,PM2.5,桂林,41.0
20201111,4,PM2.5_24h,桂林,37.0
20201111,4,PM10,桂林,81.0
20201111,4,PM10_24h,桂林,71.0
20201111,4,SO2,桂林,20.0
20201111,4,SO2_24h,桂林,17.0
20201111,4,NO2,桂林,18.0
20201111,4,NO2_24h,桂林,21.0
20201111,4,O3,桂林,122.0
20201111,4,O3_24h,桂林,147.0
20201111,4,O3_8h,桂林,127.0
20201111,4,O3_8h_24h,桂林,133.0
20201111,4,CO,桂林,0.83
20201111,4,CO_24h,桂林,0.83
20201111,5,AQI,桂林,65.0
20201111,5,PM2.5,桂林,40.0
20201111,5,PM2.5_24h,桂林,37.0
20201111,5,PM10,桂林,80.0
20201111,5,PM10_24h,桂林,71.0
20201111,5,SO2,桂林,19.0
20201111,5,SO2_24h,桂林,17.0
20201111,5,NO2,桂林,19.0
20201111,5,NO2_24h,桂林,21.0
20201111,5,O3,桂林,117.0
20201111,5,O3_24h,桂林,147.0
20201111,5,O3_8h,桂林,125.0
20201111,5,O3_8h_24h,桂林,133.0
20201111,5,CO,桂林,0.83
20201111,5,CO_24h,桂林,0.83
20201111,6,AQI,桂林,62.0
20201111,6,PM2.5,桂林,41.0
20201111,6,PM2.5_24h,桂林,36.0
20201111,6,PM10,桂林,74.0
20201111,6,PM10_24h,桂林,72.0
20201111,6,SO2,桂林,18.0
20201111,6,SO2_24h,桂林,17.0
20201111,6,NO2,桂林,22.0
20201111,6,NO2_24h,桂林,20.0
20201111,6,O3,桂林,110.0
20201111,6,O3_24h,桂林,147.0
20201111,6,O3_8h,桂林,122.0
20201111,6,O3_8h_24h,桂林,133.0
20201111,6,CO,桂林,0.8
20201111,6,CO_24h,桂林,0.8
20201111,8,AQI,桂林,63.0
20201111,8,PM2.5,桂林,45.0
20201111,8,PM2.5_24h,桂林,37.0
20201111,8,PM10,桂林,76.0
20201111,8,PM10_24h,桂林,73.0
20201111,8,SO2,桂林,17.0
20201111,8,SO2_24h,桂林,17.0
20201111,8,NO2,桂林,44.0
20201111,8,NO2_24h,桂林,22.0
20201111,8,O3,桂林,86.0
20201111,8,O3_24h,桂林,147.0
20201111,8,O3_8h,桂林,114.0
20201111,8,O3_8h_24h,桂林,133.0
20201111,8,CO,桂林,0.85
20201111,8,CO_24h,桂林,0.75
20201111,10,AQI,桂林,72.0
20201111,10,PM2.5,桂林,47.0
20201111,10,PM2.5_24h,桂林,37.0
20201111,10,PM10,桂林,94.0
20201111,10,PM10_24h,桂林,73.0
20201111,10,SO2,桂林,18.0
20201111,10,SO2_24h,桂林,17.0
20201111,10,NO2,桂林,27.0
20201111,10,NO2_24h,桂林,23.0
20201111,10,O3,桂林,116.0
20201111,10,O3_24h,桂林,147.0
20201111,10,O3_8h,桂林,109.0
20201111,10,O3_8h_24h,桂林,133.0
20201111,10,CO,桂林,0.8
20201111,10,CO_24h,桂林,0.75
20201111,11,AQI,桂林,74.0
20201111,11,PM2.5,桂林,46.0
20201111,11,PM2.5_24h,桂林,37.0
20201111,11,PM10,桂林,98.0
20201111,11,PM10_24h,桂林,71.0
20201111,11,SO2,桂林,18.0
20201111,11,SO2_24h,桂林,17.0
20201111,11,NO2,桂林,23.0
20201111,11,NO2_24h,桂林,23.0
20201111,11,O3,桂林,133.0
20201111,11,O3_24h,桂林,147.0
20201111,11,O3_8h,桂林,115.0
20201111,11,O3_8h_24h,桂林,133.0
20201111,11,CO,桂林,0.87
20201111,11,CO_24h,桂林,0.8
20201111,12,AQI,桂林,68.0
20201111,12,PM2.5,桂林,49.0
20201111,12,PM2.5_24h,桂林,37.0
20201111,12,PM10,桂林,82.0
20201111,12,PM10_24h,桂林,71.0
20201111,12,SO2,桂林,18.0
20201111,12,SO2_24h,桂林,17.0
20201111,12,NO2,桂林,20.0
20201111,12,NO2_24h,桂林,23.0
20201111,12,O3,桂林,145.0
20201111,12,O3_24h,桂林,149.0
20201111,12,O3_8h,桂林,114.0
20201111,12,O3_8h_24h,桂林,133.0
20201111,12,CO,桂林,0.87
20201111,12,CO_24h,桂林,0.83
20201111,13,AQI,桂林,64.0
20201111,13,PM2.5,桂林,46.0
20201111,13,PM2.5_24h,桂林,38.0
20201111,13,PM10,桂林,76.0
20201111,13,PM10_24h,桂林,71.0
20201111,13,SO2,桂林,18.0
20201111,13,SO2_24h,桂林,17.0
20201111,13,NO2,桂林,18.0
20201111,13,NO2_24h,桂林,23.0
20201111,13,O3,桂林,149.0
20201111,13,O3_24h,桂林,151.0
20201111,13,O3_8h,桂林,118.0
20201111,13,O3_8h_24h,桂林,133.0
20201111,13,CO,桂林,0.8
20201111,13,CO_24h,桂林,0.8
20201111,14,AQI,桂林,60.0
20201111,14,PM2.5,桂林,41.0
20201111,14,PM2.5_24h,桂林,38.0
20201111,14,PM10,桂林,69.0
20201111,14,PM10_24h,桂林,71.0
20201111,14,SO2,桂林,15.0
20201111,14,SO2_24h,桂林,17.0
20201111,14,NO2,桂林,16.0
20201111,14,NO2_24h,桂林,23.0
20201111,14,O3,桂林,150.0
20201111,14,O3_24h,桂林,152.0
20201111,14,O3_8h,桂林,121.0
20201111,14,O3_8h_24h,桂林,133.0
20201111,14,CO,桂林,0.73
20201111,14,CO_24h,桂林,0.8
20201111,15,AQI,桂林,55.0
20201111,15,PM2.5,桂林,37.0
20201111,15,PM2.5_24h,桂林,38.0
20201111,15,PM10,桂林,59.0
20201111,15,PM10_24h,桂林,70.0
20201111,15,SO2,桂林,14.0
20201111,15,SO2_24h,桂林,17.0
20201111,15,NO2,桂林,16.0
20201111,15,NO2_24h,桂林,23.0
20201111,15,O3,桂林,144.0
20201111,15,O3_24h,桂林,150.0
20201111,15,O3_8h,桂林,128.0
20201111,15,O3_8h_24h,桂林,133.0
20201111,15,CO,桂林,0.65
20201111,15,CO_24h,桂林,0.8
20201111,16,AQI,桂林,55.0
20201111,16,PM2.5,桂林,36.0
20201111,16,PM2.5_24h,桂林,38.0
20201111,16,PM10,桂林,59.0
20201111,16,PM10_24h,桂林,70.0
20201111,16,SO2,桂林,15.0
20201111,16,SO2_24h,桂林,17.0
20201111,16,NO2,桂林,16.0
20201111,16,NO2_24h,桂林,23.0
20201111,16,O3,桂林,139.0
20201111,16,O3_24h,桂林,150.0
20201111,16,O3_8h,桂林,134.0
20201111,16,O3_8h_24h,桂林,135.0
20201111,16,CO,桂林,0.63
20201111,16,CO_24h,桂林,0.8
20201111,17,AQI,桂林,52.0
20201111,17,PM2.5,桂林,33.0
20201111,17,PM2.5_24h,桂林,38.0
20201111,17,PM10,桂林,54.0
20201111,17,PM10_24h,桂林,70.0
20201111,17,SO2,桂林,13.0
20201111,17,SO2_24h,桂林,17.0
20201111,17,NO2,桂林,17.0
20201111,17,NO2_24h,桂林,23.0
20201111,17,O3,桂林,128.0
20201111,17,O3_24h,桂林,150.0
20201111,17,O3_8h,桂林,138.0
20201111,17,O3_8h_24h,桂林,138.0
20201111,17,CO,桂林,0.6
20201111,17,CO_24h,桂林,0.77
20201111,18,AQI,桂林,52.0
20201111,18,PM2.5,桂林,32.0
20201111,18,PM2.5_24h,桂林,38.0
20201111,18,PM10,桂林,53.0
20201111,18,PM10_24h,桂林,70.0
20201111,18,SO2,桂林,11.0
20201111,18,SO2_24h,桂林,17.0
20201111,18,NO2,桂林,22.0
20201111,18,NO2_24h,桂林,23.0
20201111,18,O3,桂林,111.0
20201111,18,O3_24h,桂林,150.0
20201111,18,O3_8h,桂林,136.0
20201111,18,O3_8h_24h,桂林,138.0
20201111,18,CO,桂林,0.63
20201111,18,CO_24h,桂林,0.77
20201111,19,AQI,桂林,53.0
20201111,19,PM2.5,桂林,34.0
20201111,19,PM2.5_24h,桂林,38.0
20201111,19,PM10,桂林,56.0
20201111,19,PM10_24h,桂林,70.0
20201111,19,SO2,桂林,12.0
20201111,19,SO2_24h,桂林,17.0
20201111,19,NO2,桂林,31.0
20201111,19,NO2_24h,桂林,23.0
20201111,19,O3,桂林,100.0
20201111,19,O3_24h,桂林,150.0
20201111,19,O3_8h,桂林,132.0
20201111,19,O3_8h_24h,桂林,138.0
20201111,19,CO,桂林,0.77
20201111,19,CO_24h,桂林,0.77
20201111,20,AQI,桂林,53.0
20201111,20,PM2.5,桂林,33.0
20201111,20,PM2.5_24h,桂林,38.0
20201111,20,PM10,桂林,56.0
20201111,20,PM10_24h,桂林,71.0
20201111,20,SO2,桂林,16.0
20201111,20,SO2_24h,桂林,17.0
20201111,20,NO2,桂林,45.0
20201111,20,NO2_24h,桂林,23.0
20201111,20,O3,桂林,81.0
20201111,20,O3_24h,桂林,150.0
20201111,20,O3_8h,桂林,123.0
20201111,20,O3_8h_24h,桂林,138.0
20201111,20,CO,桂林,0.73
20201111,20,CO_24h,桂林,0.77
20201111,21,AQI,桂林,53.0
20201111,21,PM2.5,桂林,30.0
20201111,21,PM2.5_24h,桂林,38.0
20201111,21,PM10,桂林,56.0
20201111,21,PM10_24h,桂林,70.0
20201111,21,SO2,桂林,30.0
20201111,21,SO2_24h,桂林,18.0
20201111,21,NO2,桂林,34.0
20201111,21,NO2_24h,桂林,24.0
20201111,21,O3,桂林,88.0
20201111,21,O3_24h,桂林,150.0
20201111,21,O3_8h,桂林,117.0
20201111,21,O3_8h_24h,桂林,138.0
20201111,21,CO,桂林,0.7
20201111,21,CO_24h,桂林,0.77
20201111,22,AQI,桂林,52.0
20201111,22,PM2.5,桂林,28.0
20201111,22,PM2.5_24h,桂林,38.0
20201111,22,PM10,桂林,54.0
20201111,22,PM10_24h,桂林,70.0
20201111,22,SO2,桂林,28.0
20201111,22,SO2_24h,桂林,18.0
20201111,22,NO2,桂林,27.0
20201111,22,NO2_24h,桂林,24.0
20201111,22,O3,桂林,98.0
20201111,22,O3_24h,桂林,150.0
20201111,22,O3_8h,桂林,111.0
20201111,22,O3_8h_24h,桂林,138.0
20201111,22,CO,桂林,0.63
20201111,22,CO_24h,桂林,0.77
20201111,23,AQI,桂林,51.0
20201111,23,PM2.5,桂林,29.0
20201111,23,PM2.5_24h,桂林,38.0
20201111,23,PM10,桂林,52.0
20201111,23,PM10_24h,桂林,69.0
20201111,23,SO2,桂林,30.0
20201111,23,SO2_24h,桂林,19.0
20201111,23,NO2,桂林,25.0
20201111,23,NO2_24h,桂林,24.0
20201111,23,O3,桂林,103.0
20201111,23,O3_24h,桂林,150.0
20201111,23,O3_8h,桂林,106.0
20201111,23,O3_8h_24h,桂林,138.0
20201111,23,CO,桂林,0.7
20201111,23,CO_24h,桂林,0.77
20201111,0,AQI,北海,73.0
20201111,0,PM2.5,北海,53.0
20201111,0,PM2.5_24h,北海,44.0
20201111,0,PM10,北海,92.0
20201111,0,PM10_24h,北海,85.0
20201111,0,SO2,北海,25.0
20201111,0,SO2_24h,北海,15.0
20201111,0,NO2,北海,21.0
20201111,0,NO2_24h,北海,20.0
20201111,0,O3,北海,116.0
20201111,0,O3_24h,北海,157.0
20201111,0,O3_8h,北海,131.0
20201111,0,O3_8h_24h,北海,144.0
20201111,0,CO,北海,0.8
20201111,0,CO_24h,北海,0.8
20201111,1,AQI,北海,79.0
20201111,1,PM2.5,北海,58.0
20201111,1,PM2.5_24h,北海,44.0
20201111,1,PM10,北海,88.0
20201111,1,PM10_24h,北海,85.0
20201111,1,SO2,北海,28.0
20201111,1,SO2_24h,北海,15.0
20201111,1,NO2,北海,19.0
20201111,1,NO2_24h,北海,20.0
20201111,1,O3,北海,112.0
20201111,1,O3_24h,北海,157.0
20201111,1,O3_8h,北海,112.0
20201111,1,O3_8h_24h,北海,112.0
20201111,1,CO,北海,0.87
20201111,1,CO_24h,北海,0.8
20201111,2,AQI,北海,76.0
20201111,2,PM2.5,北海,56.0
20201111,2,PM2.5_24h,北海,45.0
20201111,2,PM10,北海,88.0
20201111,2,PM10_24h,北海,85.0
20201111,2,SO2,北海,21.0
20201111,2,SO2_24h,北海,15.0
20201111,2,NO2,北海,19.0
20201111,2,NO2_24h,北海,20.0
20201111,2,O3,北海,108.0
20201111,2,O3_24h,北海,157.0
20201111,2,O3_8h,北海,110.0
20201111,2,O3_8h_24h,北海,112.0
20201111,2,CO,北海,0.83
20201111,2,CO_24h,北海,0.8
20201111,3,AQI,北海,74.0
20201111,3,PM2.5,北海,54.0
20201111,3,PM2.5_24h,北海,45.0
20201111,3,PM10,北海,81.0
20201111,3,PM10_24h,北海,85.0
20201111,3,SO2,北海,19.0
20201111,3,SO2_24h,北海,16.0
20201111,3,NO2,北海,17.0
20201111,3,NO2_24h,北海,20.0
20201111,3,O3,北海,108.0
20201111,3,O3_24h,北海,157.0
20201111,3,O3_8h,北海,110.0
20201111,3,O3_8h_24h,北海,112.0
20201111,3,CO,北海,0.8
20201111,3,CO_24h,北海,0.8
20201111,4,AQI,北海,63.0
20201111,4,PM2.5,北海,45.0
20201111,4,PM2.5_24h,北海,46.0
20201111,4,PM10,北海,74.0
20201111,4,PM10_24h,北海,86.0
20201111,4,SO2,北海,16.0
20201111,4,SO2_24h,北海,16.0
20201111,4,NO2,北海,16.0
20201111,4,NO2_24h,北海,20.0
20201111,4,O3,北海,108.0
20201111,4,O3_24h,北海,157.0
20201111,4,O3_8h,北海,109.0
20201111,4,O3_8h_24h,北海,112.0
20201111,4,CO,北海,0.8
20201111,4,CO_24h,北海,0.8
20201111,5,AQI,北海,61.0
20201111,5,PM2.5,北海,44.0
20201111,5,PM2.5_24h,北海,46.0
20201111,5,PM10,北海,68.0
20201111,5,PM10_24h,北海,85.0
20201111,5,SO2,北海,16.0
20201111,5,SO2_24h,北海,16.0
20201111,5,NO2,北海,16.0
20201111,5,NO2_24h,北海,20.0
20201111,5,O3,北海,104.0
20201111,5,O3_24h,北海,157.0
20201111,5,O3_8h,北海,108.0
20201111,5,O3_8h_24h,北海,112.0
20201111,5,CO,北海,0.77
20201111,5,CO_24h,北海,0.8
20201111,6,AQI,北海,63.0
20201111,6,PM2.5,北海,45.0
20201111,6,PM2.5_24h,北海,46.0
20201111,6,PM10,北海,72.0
20201111,6,PM10_24h,北海,86.0
20201111,6,SO2,北海,15.0
20201111,6,SO2_24h,北海,16.0
20201111,6,NO2,北海,15.0
20201111,6,NO2_24h,北海,20.0
20201111,6,O3,北海,102.0
20201111,6,O3_24h,北海,157.0
20201111,6,O3_8h,北海,107.0
20201111,6,O3_8h_24h,北海,112.0
20201111,6,CO,北海,0.77
20201111,6,CO_24h,北海,0.8
20201111,8,AQI,北海,62.0
20201111,8,PM2.5,北海,42.0
20201111,8,PM2.5_24h,北海,47.0
20201111,8,PM10,北海,74.0
20201111,8,PM10_24h,北海,86.0
20201111,8,SO2,北海,17.0
20201111,8,SO2_24h,北海,16.0
20201111,8,NO2,北海,19.0
20201111,8,NO2_24h,北海,20.0
20201111,8,O3,北海,89.0
20201111,8,O3_24h,北海,157.0
20201111,8,O3_8h,北海,103.0
20201111,8,O3_8h_24h,北海,112.0
20201111,8,CO,北海,0.83
20201111,8,CO_24h,北海,0.8
20201111,10,AQI,北海,69.0
20201111,10,PM2.5,北海,44.0
20201111,10,PM2.5_24h,北海,47.0
20201111,10,PM10,北海,88.0
20201111,10,PM10_24h,北海,85.0
20201111,10,SO2,北海,22.0
20201111,10,SO2_24h,北海,17.0
20201111,10,NO2,北海,20.0
20201111,10,NO2_24h,北海,20.0
20201111,10,O3,北海,100.0
20201111,10,O3_24h,北海,157.0
20201111,10,O3_8h,北海,100.0
20201111,10,O3_8h_24h,北海,112.0
20201111,10,CO,北海,0.8
20201111,10,CO_24h,北海,0.8
20201111,11,AQI,北海,71.0
20201111,11,PM2.5,北海,46.0
20201111,11,PM2.5_24h,北海,48.0
20201111,11,PM10,北海,92.0
20201111,11,PM10_24h,北海,86.0
20201111,11,SO2,北海,17.0
20201111,11,SO2_24h,北海,17.0
20201111,11,NO2,北海,18.0
20201111,11,NO2_24h,北海,20.0
20201111,11,O3,北海,122.0
20201111,11,O3_24h,北海,157.0
20201111,11,O3_8h,北海,101.0
20201111,11,O3_8h_24h,北海,112.0
20201111,11,CO,北海,0.8
20201111,11,CO_24h,北海,0.8
20201111,12,AQI,北海,68.0
20201111,12,PM2.5,北海,49.0
20201111,12,PM2.5_24h,北海,48.0
20201111,12,PM10,北海,82.0
20201111,12,PM10_24h,北海,85.0
20201111,12,SO2,北海,15.0
20201111,12,SO2_24h,北海,17.0
20201111,12,NO2,北海,17.0
20201111,12,NO2_24h,北海,20.0
20201111,12,O3,北海,141.0
20201111,12,O3_24h,北海,157.0
20201111,12,O3_8h,北海,105.0
20201111,12,O3_8h_24h,北海,112.0
20201111,12,CO,北海,0.73
20201111,12,CO_24h,北海,0.8
20201111,13,AQI,北海,66.0
20201111,13,PM2.5,北海,48.0
20201111,13,PM2.5_24h,北海,50.0
20201111,13,PM10,北海,77.0
20201111,13,PM10_24h,北海,86.0
20201111,13,SO2,北海,14.0
20201111,13,SO2_24h,北海,15.0
20201111,13,NO2,北海,15.0
20201111,13,NO2_24h,北海,19.0
20201111,13,O3,北海,157.0
20201111,13,O3_24h,北海,159.0
20201111,13,O3_8h,北海,110.0
20201111,13,O3_8h_24h,北海,112.0
20201111,13,CO,北海,0.65
20201111,13,CO_24h,北海,0.75
20201111,14,AQI,北海,64.0
20201111,14,PM2.5,北海,41.0
20201111,14,PM2.5_24h,北海,51.0
20201111,14,PM10,北海,78.0
20201111,14,PM10_24h,北海,86.0
20201111,14,SO2,北海,13.0
20201111,14,SO2_24h,北海,15.0
20201111,14,NO2,北海,14.0
20201111,14,NO2_24h,北海,19.0
20201111,14,O3,北海,163.0
20201111,14,O3_24h,北海,163.0
20201111,14,O3_8h,北海,118.0
20201111,14,O3_8h_24h,北海,118.0
20201111,14,CO,北海,0.65
20201111,14,CO_24h,北海,0.75
20201111,15,AQI,北海,71.0
20201111,15,PM2.5,北海,39.0
20201111,15,PM2.5_24h,北海,48.0
20201111,15,PM10,北海,80.0
20201111,15,PM10_24h,北海,86.0
20201111,15,SO2,北海,13.0
20201111,15,SO2_24h,北海,17.0
20201111,15,NO2,北海,15.0
20201111,15,NO2_24h,北海,20.0
20201111,15,O3,北海,177.0
20201111,15,O3_24h,北海,177.0
20201111,15,O3_8h,北海,127.0
20201111,15,O3_8h_24h,北海,127.0
20201111,15,CO,北海,0.77
20201111,15,CO_24h,北海,0.8
20201111,16,AQI,北海,69.0
20201111,16,PM2.5,北海,42.0
20201111,16,PM2.5_24h,北海,48.0
20201111,16,PM10,北海,81.0
20201111,16,PM10_24h,北海,86.0
20201111,16,SO2,北海,13.0
20201111,16,SO2_24h,北海,17.0
20201111,16,NO2,北海,20.0
20201111,16,NO2_24h,北海,20.0
20201111,16,O3,北海,175.0
20201111,16,O3_24h,北海,183.0
20201111,16,O3_8h,北海,140.0
20201111,16,O3_8h_24h,北海,140.0
20201111,16,CO,北海,0.83
20201111,16,CO_24h,北海,0.8
20201111,17,AQI,北海,76.0
20201111,17,PM2.5,北海,42.0
20201111,17,PM2.5_24h,北海,48.0
20201111,17,PM10,北海,86.0
20201111,17,PM10_24h,北海,85.0
20201111,17,SO2,北海,14.0
20201111,17,SO2_24h,北海,17.0
20201111,17,NO2,北海,24.0
20201111,17,NO2_24h,北海,20.0
20201111,17,O3,北海,181.0
20201111,17,O3_24h,北海,188.0
20201111,17,O3_8h,北海,152.0
20201111,17,O3_8h_24h,北海,152.0
20201111,17,CO,北海,0.9
20201111,17,CO_24h,北海,0.8
20201111,18,AQI,北海,75.0
20201111,18,PM2.5,北海,47.0
20201111,18,PM2.5_24h,北海,49.0
20201111,18,PM10,北海,100.0
20201111,18,PM10_24h,北海,86.0
20201111,18,SO2,北海,15.0
20201111,18,SO2_24h,北海,17.0
20201111,18,NO2,北海,35.0
20201111,18,NO2_24h,北海,21.0
20201111,18,O3,北海,174.0
20201111,18,O3_24h,北海,188.0
20201111,18,O3_8h,北海,161.0
20201111,18,O3_8h_24h,北海,161.0
20201111,18,CO,北海,1.0
20201111,18,CO_24h,北海,0.83
20201111,19,AQI,北海,75.0
20201111,19,PM2.5,北海,48.0
20201111,19,PM2.5_24h,北海,49.0
20201111,19,PM10,北海,100.0
20201111,19,PM10_24h,北海,86.0
20201111,19,SO2,北海,14.0
20201111,19,SO2_24h,北海,17.0
20201111,19,NO2,北海,45.0
20201111,19,NO2_24h,北海,22.0
20201111,19,O3,北海,156.0
20201111,19,O3_24h,北海,188.0
20201111,19,O3_8h,北海,166.0
20201111,19,O3_8h_24h,北海,166.0
20201111,19,CO,北海,1.07
20201111,19,CO_24h,北海,0.83
20201111,20,AQI,北海,78.0
20201111,20,PM2.5,北海,54.0
20201111,20,PM2.5_24h,北海,49.0
20201111,20,PM10,北海,105.0
20201111,20,PM10_24h,北海,87.0
20201111,20,SO2,北海,14.0
20201111,20,SO2_24h,北海,17.0
20201111,20,NO2,北海,49.0
20201111,20,NO2_24h,北海,23.0
20201111,20,O3,北海,130.0
20201111,20,O3_24h,北海,188.0
20201111,20,O3_8h,北海,164.0
20201111,20,O3_8h_24h,北海,166.0
20201111,20,CO,北海,1.1
20201111,20,CO_24h,北海,0.83
20201111,21,AQI,北海,82.0
20201111,21,PM2.5,北海,58.0
20201111,21,PM2.5_24h,北海,48.0
20201111,21,PM10,北海,113.0
20201111,21,PM10_24h,北海,86.0
20201111,21,SO2,北海,15.0
20201111,21,SO2_24h,北海,17.0
20201111,21,NO2,北海,50.0
20201111,21,NO2_24h,北海,23.0
20201111,21,O3,北海,107.0
20201111,21,O3_24h,北海,188.0
20201111,21,O3_8h,北海,158.0
20201111,21,O3_8h_24h,北海,166.0
20201111,21,CO,北海,1.03
20201111,21,CO_24h,北海,0.87
20201111,22,AQI,北海,86.0
20201111,22,PM2.5,北海,64.0
20201111,22,PM2.5_24h,北海,49.0
20201111,22,PM10,北海,114.0
20201111,22,PM10_24h,北海,87.0
20201111,22,SO2,北海,18.0
20201111,22,SO2_24h,北海,17.0
20201111,22,NO2,北海,32.0
20201111,22,NO2_24h,北海,23.0
20201111,22,O3,北海,111.0
20201111,22,O3_24h,北海,188.0
20201111,22,O3_8h,北海,152.0
20201111,22,O3_8h_24h,北海,166.0
20201111,22,CO,北海,1.0
20201111,22,CO_24h,北海,0.87
20201111,23,AQI,北海,86.0
20201111,23,PM2.5,北海,64.0
20201111,23,PM2.5_24h,北海,49.0
20201111,23,PM10,北海,114.0
20201111,23,PM10_24h,北海,87.0
20201111,23,SO2,北海,16.0
20201111,23,SO2_24h,北海,17.0
20201111,23,NO2,北海,24.0
20201111,23,NO2_24h,北海,23.0
20201111,23,O3,北海,129.0
20201111,23,O3_24h,北海,188.0
20201111,23,O3_8h,北海,145.0
20201111,23,O3_8h_24h,北海,166.0
20201111,23,CO,北海,0.9
20201111,23,CO_24h,北海,0.87
20201111,0,AQI,柳州,82.0
20201111,0,PM2.5,柳州,46.0
20201111,0,PM2.5_24h,柳州,38.0
20201111,0,PM10,柳州,114.0
20201111,0,PM10_24h,柳州,87.0
20201111,0,SO2,柳州,22.0
20201111,0,SO2_24h,柳州,22.0
20201111,0,NO2,柳州,55.0
20201111,0,NO2_24h,柳州,33.0
20201111,0,O3,柳州,45.0
20201111,0,O3_24h,柳州,139.0
20201111,0,O3_8h,柳州,68.0
20201111,0,O3_8h_24h,柳州,128.0
20201111,0,CO,柳州,0.88
20201111,0,CO_24h,柳州,0.85
20201111,1,AQI,柳州,76.0
20201111,1,PM2.5,柳州,43.0
20201111,1,PM2.5_24h,柳州,39.0
20201111,1,PM10,柳州,102.0
20201111,1,PM10_24h,柳州,85.0
20201111,1,SO2,柳州,18.0
20201111,1,SO2_24h,柳州,21.0
20201111,1,NO2,柳州,50.0
20201111,1,NO2_24h,柳州,33.0
20201111,1,O3,柳州,48.0
20201111,1,O3_24h,柳州,139.0
20201111,1,O3_8h,柳州,48.0
20201111,1,O3_8h_24h,柳州,48.0
20201111,1,CO,柳州,0.78
20201111,1,CO_24h,柳州,0.8
20201111,2,AQI,柳州,70.0
20201111,2,PM2.5,柳州,39.0
20201111,2,PM2.5_24h,柳州,39.0
20201111,2,PM10,柳州,89.0
20201111,2,PM10_24h,柳州,85.0
20201111,2,SO2,柳州,19.0
20201111,2,SO2_24h,柳州,21.0
20201111,2,NO2,柳州,38.0
20201111,2,NO2_24h,柳州,33.0
20201111,2,O3,柳州,57.0
20201111,2,O3_24h,柳州,139.0
20201111,2,O3_8h,柳州,52.0
20201111,2,O3_8h_24h,柳州,52.0
20201111,2,CO,柳州,0.68
20201111,2,CO_24h,柳州,0.78
20201111,3,AQI,柳州,66.0
20201111,3,PM2.5,柳州,36.0
20201111,3,PM2.5_24h,柳州,38.0
20201111,3,PM10,柳州,82.0
20201111,3,PM10_24h,柳州,86.0
20201111,3,SO2,柳州,19.0
20201111,3,SO2_24h,柳州,21.0
20201111,3,NO2,柳州,38.0
20201111,3,NO2_24h,柳州,34.0
20201111,3,O3,柳州,57.0
20201111,3,O3_24h,柳州,139.0
20201111,3,O3_8h,柳州,54.0
20201111,3,O3_8h_24h,柳州,54.0
20201111,3,CO,柳州,0.68
20201111,3,CO_24h,柳州,0.76
20201111,4,AQI,柳州,66.0
20201111,4,PM2.5,柳州,38.0
20201111,4,PM2.5_24h,柳州,38.0
20201111,4,PM10,柳州,81.0
20201111,4,PM10_24h,柳州,85.0
20201111,4,SO2,柳州,22.0
20201111,4,SO2_24h,柳州,21.0
20201111,4,NO2,柳州,36.0
20201111,4,NO2_24h,柳州,34.0
20201111,4,O3,柳州,57.0
20201111,4,O3_24h,柳州,139.0
20201111,4,O3_8h,柳州,55.0
20201111,4,O3_8h_24h,柳州,56.0
20201111,4,CO,柳州,0.66
20201111,4,CO_24h,柳州,0.74
20201111,5,AQI,柳州,69.0
20201111,5,PM2.5,柳州,44.0
20201111,5,PM2.5_24h,柳州,38.0
20201111,5,PM10,柳州,88.0
20201111,5,PM10_24h,柳州,85.0
20201111,5,SO2,柳州,30.0
20201111,5,SO2_24h,柳州,21.0
20201111,5,NO2,柳州,33.0
20201111,5,NO2_24h,柳州,33.0
20201111,5,O3,柳州,62.0
20201111,5,O3_24h,柳州,139.0
20201111,5,O3_8h,柳州,56.0
20201111,5,O3_8h_24h,柳州,58.0
20201111,5,CO,柳州,0.7
20201111,5,CO_24h,柳州,0.74
20201111,6,AQI,柳州,67.0
20201111,6,PM2.5,柳州,44.0
20201111,6,PM2.5_24h,柳州,38.0
20201111,6,PM10,柳州,84.0
20201111,6,PM10_24h,柳州,86.0
20201111,6,SO2,柳州,24.0
20201111,6,SO2_24h,柳州,20.0
20201111,6,NO2,柳州,33.0
20201111,6,NO2_24h,柳州,34.0
20201111,6,O3,柳州,57.0
20201111,6,O3_24h,柳州,139.0
20201111,6,O3_8h,柳州,56.0
20201111,6,O3_8h_24h,柳州,58.0
20201111,6,CO,柳州,0.72
20201111,6,CO_24h,柳州,0.76
20201111,7,AQI,柳州,59.0
20201111,7,PM2.5,柳州,35.0
20201111,7,PM2.5_24h,柳州,31.0
20201111,7,PM10,柳州,67.0
20201111,7,PM10_24h,柳州,62.0
20201111,7,SO2,柳州,29.0
20201111,7,SO2_24h,柳州,21.0
20201111,7,NO2,柳州,12.0
20201111,7,NO2_24h,柳州,13.0
20201111,7,O3,柳州,115.0
20201111,7,O3_24h,柳州,138.0
20201111,7,O3_8h,柳州,105.0
20201111,7,O3_8h_24h,柳州,105.0
20201111,7,CO,柳州,0.6
20201111,7,CO_24h,柳州,0.7
20201111,8,AQI,柳州,68.0
20201111,8,PM2.5,柳州,45.0
20201111,8,PM2.5_24h,柳州,39.0
20201111,8,PM10,柳州,86.0
20201111,8,PM10_24h,柳州,87.0
20201111,8,SO2,柳州,32.0
20201111,8,SO2_24h,柳州,20.0
20201111,8,NO2,柳州,33.0
20201111,8,NO2_24h,柳州,34.0
20201111,8,O3,柳州,51.0
20201111,8,O3_24h,柳州,139.0
20201111,8,O3_8h,柳州,56.0
20201111,8,O3_8h_24h,柳州,59.0
20201111,8,CO,柳州,0.8
20201111,8,CO_24h,柳州,0.78
20201111,10,AQI,柳州,72.0
20201111,10,PM2.5,柳州,48.0
20201111,10,PM2.5_24h,柳州,39.0
20201111,10,PM10,柳州,93.0
20201111,10,PM10_24h,柳州,87.0
20201111,10,SO2,柳州,31.0
20201111,10,SO2_24h,柳州,21.0
20201111,10,NO2,柳州,28.0
20201111,10,NO2_24h,柳州,35.0
20201111,10,O3,柳州,77.0
20201111,10,O3_24h,柳州,139.0
20201111,10,O3_8h,柳州,59.0
20201111,10,O3_8h_24h,柳州,62.0
20201111,10,CO,柳州,0.86
20201111,10,CO_24h,柳州,0.76
20201111,11,AQI,柳州,71.0
20201111,11,PM2.5,柳州,45.0
20201111,11,PM2.5_24h,柳州,40.0
20201111,11,PM10,柳州,91.0
20201111,11,PM10_24h,柳州,88.0
20201111,11,SO2,柳州,26.0
20201111,11,SO2_24h,柳州,21.0
20201111,11,NO2,柳州,26.0
20201111,11,NO2_24h,柳州,35.0
20201111,11,O3,柳州,99.0
20201111,11,O3_24h,柳州,139.0
20201111,11,O3_8h,柳州,65.0
20201111,11,O3_8h_24h,柳州,67.0
20201111,11,CO,柳州,0.98
20201111,11,CO_24h,柳州,0.78
20201111,12,AQI,柳州,69.0
20201111,12,PM2.5,柳州,43.0
20201111,12,PM2.5_24h,柳州,40.0
20201111,12,PM10,柳州,87.0
20201111,12,PM10_24h,柳州,88.0
20201111,12,SO2,柳州,22.0
20201111,12,SO2_24h,柳州,22.0
20201111,12,NO2,柳州,18.0
20201111,12,NO2_24h,柳州,35.0
20201111,12,O3,柳州,121.0
20201111,12,O3_24h,柳州,139.0
20201111,12,O3_8h,柳州,73.0
20201111,12,O3_8h_24h,柳州,74.0
20201111,12,CO,柳州,0.76
20201111,12,CO_24h,柳州,0.78
20201111,13,AQI,柳州,65.0
20201111,13,PM2.5,柳州,39.0
20201111,13,PM2.5_24h,柳州,40.0
20201111,13,PM10,柳州,80.0
20201111,13,PM10_24h,柳州,88.0
20201111,13,SO2,柳州,15.0
20201111,13,SO2_24h,柳州,22.0
20201111,13,NO2,柳州,13.0
20201111,13,NO2_24h,柳州,36.0
20201111,13,O3,柳州,134.0
20201111,13,O3_24h,柳州,140.0
20201111,13,O3_8h,柳州,80.0
20201111,13,O3_8h_24h,柳州,81.0
20201111,13,CO,柳州,0.68
20201111,13,CO_24h,柳州,0.8
20201111,14,AQI,柳州,60.0
20201111,14,PM2.5,柳州,36.0
20201111,14,PM2.5_24h,柳州,41.0
20201111,14,PM10,柳州,70.0
20201111,14,PM10_24h,柳州,89.0
20201111,14,SO2,柳州,14.0
20201111,14,SO2_24h,柳州,22.0
20201111,14,NO2,柳州,12.0
20201111,14,NO2_24h,柳州,36.0
20201111,14,O3,柳州,141.0
20201111,14,O3_24h,柳州,142.0
20201111,14,O3_8h,柳州,89.0
20201111,14,O3_8h_24h,柳州,89.0
20201111,14,CO,柳州,0.65
20201111,14,CO_24h,柳州,0.8
20201111,15,AQI,柳州,57.0
20201111,15,PM2.5,柳州,32.0
20201111,15,PM2.5_24h,柳州,41.0
20201111,15,PM10,柳州,64.0
20201111,15,PM10_24h,柳州,88.0
20201111,15,SO2,柳州,13.0
20201111,15,SO2_24h,柳州,22.0
20201111,15,NO2,柳州,11.0
20201111,15,NO2_24h,柳州,36.0
20201111,15,O3,柳州,143.0
20201111,15,O3_24h,柳州,144.0
20201111,15,O3_8h,柳州,100.0
20201111,15,O3_8h_24h,柳州,100.0
20201111,15,CO,柳州,0.62
20201111,15,CO_24h,柳州,0.78
20201111,16,AQI,柳州,55.0
20201111,16,PM2.5,柳州,30.0
20201111,16,PM2.5_24h,柳州,40.0
20201111,16,PM10,柳州,59.0
20201111,16,PM10_24h,柳州,88.0
20201111,16,SO2,柳州,13.0
20201111,16,SO2_24h,柳州,22.0
20201111,16,NO2,柳州,14.0
20201111,16,NO2_24h,柳州,36.0
20201111,16,O3,柳州,139.0
20201111,16,O3_24h,柳州,144.0
20201111,16,O3_8h,柳州,112.0
20201111,16,O3_8h_24h,柳州,112.0
20201111,16,CO,柳州,0.62
20201111,16,CO_24h,柳州,0.78
20201111,17,AQI,柳州,57.0
20201111,17,PM2.5,柳州,30.0
20201111,17,PM2.5_24h,柳州,41.0
20201111,17,PM10,柳州,64.0
20201111,17,PM10_24h,柳州,89.0
20201111,17,SO2,柳州,16.0
20201111,17,SO2_24h,柳州,22.0
20201111,17,NO2,柳州,17.0
20201111,17,NO2_24h,柳州,36.0
20201111,17,O3,柳州,136.0
20201111,17,O3_24h,柳州,144.0
20201111,17,O3_8h,柳州,123.0
20201111,17,O3_8h_24h,柳州,123.0
20201111,17,CO,柳州,0.64
20201111,17,CO_24h,柳州,0.78
20201111,18,AQI,柳州,67.0
20201111,18,PM2.5,柳州,38.0
20201111,18,PM2.5_24h,柳州,41.0
20201111,18,PM10,柳州,84.0
20201111,18,PM10_24h,柳州,89.0
20201111,18,SO2,柳州,19.0
20201111,18,SO2_24h,柳州,22.0
20201111,18,NO2,柳州,25.0
20201111,18,NO2_24h,柳州,36.0
20201111,18,O3,柳州,124.0
20201111,18,O3_24h,柳州,144.0
20201111,18,O3_8h,柳州,129.0
20201111,18,O3_8h_24h,柳州,129.0
20201111,18,CO,柳州,0.72
20201111,18,CO_24h,柳州,0.78
20201111,19,AQI,柳州,75.0
20201111,19,PM2.5,柳州,52.0
20201111,19,PM2.5_24h,柳州,42.0
20201111,19,PM10,柳州,99.0
20201111,19,PM10_24h,柳州,90.0
20201111,19,SO2,柳州,23.0
20201111,19,SO2_24h,柳州,22.0
20201111,19,NO2,柳州,39.0
20201111,19,NO2_24h,柳州,36.0
20201111,19,O3,柳州,96.0
20201111,19,O3_24h,柳州,144.0
20201111,19,O3_8h,柳州,129.0
20201111,19,O3_8h_24h,柳州,130.0
20201111,19,CO,柳州,0.84
20201111,19,CO_24h,柳州,0.82
20201111,20,AQI,柳州,81.0
20201111,20,PM2.5,柳州,59.0
20201111,20,PM2.5_24h,柳州,43.0
20201111,20,PM10,柳州,112.0
20201111,20,PM10_24h,柳州,90.0
20201111,20,SO2,柳州,27.0
20201111,20,SO2_24h,柳州,22.0
20201111,20,NO2,柳州,63.0
20201111,20,NO2_24h,柳州,36.0
20201111,20,O3,柳州,56.0
20201111,20,O3_24h,柳州,144.0
20201111,20,O3_8h,柳州,120.0
20201111,20,O3_8h_24h,柳州,130.0
20201111,20,CO,柳州,1.02
20201111,20,CO_24h,柳州,0.8
20201111,21,AQI,柳州,82.0
20201111,21,PM2.5,柳州,56.0
20201111,21,PM2.5_24h,柳州,42.0
20201111,21,PM10,柳州,114.0
20201111,21,PM10_24h,柳州,89.0
20201111,21,SO2,柳州,19.0
20201111,21,SO2_24h,柳州,23.0
20201111,21,NO2,柳州,69.0
20201111,21,NO2_24h,柳州,35.0
20201111,21,O3,柳州,43.0
20201111,21,O3_24h,柳州,144.0
20201111,21,O3_8h,柳州,109.0
20201111,21,O3_8h_24h,柳州,130.0
20201111,21,CO,柳州,1.18
20201111,21,CO_24h,柳州,0.82
20201111,22,AQI,柳州,83.0
20201111,22,PM2.5,柳州,59.0
20201111,22,PM2.5_24h,柳州,43.0
20201111,22,PM10,柳州,116.0
20201111,22,PM10_24h,柳州,90.0
20201111,22,SO2,柳州,17.0
20201111,22,SO2_24h,柳州,22.0
20201111,22,NO2,柳州,71.0
20201111,22,NO2_24h,柳州,36.0
20201111,22,O3,柳州,37.0
20201111,22,O3_24h,柳州,144.0
20201111,22,O3_8h,柳州,97.0
20201111,22,O3_8h_24h,柳州,130.0
20201111,22,CO,柳州,1.12
20201111,22,CO_24h,柳州,0.82
20201111,23,AQI,柳州,87.0
20201111,23,PM2.5,柳州,60.0
20201111,23,PM2.5_24h,柳州,43.0
20201111,23,PM10,柳州,123.0
20201111,23,PM10_24h,柳州,90.0
20201111,23,SO2,柳州,15.0
20201111,23,SO2_24h,柳州,22.0
20201111,23,NO2,柳州,72.0
20201111,23,NO2_24h,柳州,36.0
20201111,23,O3,柳州,31.0
20201111,23,O3_24h,柳州,144.0
20201111,23,O3_8h,柳州,83.0
20201111,23,O3_8h_24h,柳州,130.0
20201111,23,CO,柳州,1.02
20201111,23,CO_24h,柳州,0.82
20201111,0,AQI,三亚,51.0
20201111,0,PM2.5,三亚,23.0
20201111,0,PM2.5_24h,三亚,22.0
20201111,0,PM10,三亚,51.0
20201111,0,PM10_24h,三亚,44.0
20201111,0,SO2,三亚,4.0
20201111,0,SO2_24h,三亚,5.0
20201111,0,NO2,三亚,9.0
20201111,0,NO2_24h,三亚,13.0
20201111,0,O3,三亚,108.0
20201111,0,O3_24h,三亚,141.0
20201111,0,O3_8h,三亚,102.0
20201111,0,O3_8h_24h,三亚,128.0
20201111,0,CO,三亚,0.45
20201111,0,CO_24h,三亚,0.5
20201111,1,AQI,三亚,40.0
20201111,1,PM2.5,三亚,18.0
20201111,1,PM2.5_24h,三亚,21.0
20201111,1,PM10,三亚,40.0
20201111,1,PM10_24h,三亚,43.0
20201111,1,SO2,三亚,4.0
20201111,1,SO2_24h,三亚,5.0
20201111,1,NO2,三亚,8.0
20201111,1,NO2_24h,三亚,12.0
20201111,1,O3,三亚,106.0
20201111,1,O3_24h,三亚,141.0
20201111,1,O3_8h,三亚,106.0
20201111,1,O3_8h_24h,三亚,106.0
20201111,1,CO,三亚,0.45
20201111,1,CO_24h,三亚,0.45
20201111,2,AQI,三亚,33.0
20201111,2,PM2.5,三亚,14.0
20201111,2,PM2.5_24h,三亚,20.0
20201111,2,PM10,三亚,27.0
20201111,2,PM10_24h,三亚,41.0
20201111,2,SO2,三亚,4.0
20201111,2,SO2_24h,三亚,4.0
20201111,2,NO2,三亚,8.0
20201111,2,NO2_24h,三亚,12.0
20201111,2,O3,三亚,104.0
20201111,2,O3_24h,三亚,141.0
20201111,2,O3_8h,三亚,105.0
20201111,2,O3_8h_24h,三亚,106.0
20201111,2,CO,三亚,0.45
20201111,2,CO_24h,三亚,0.45
20201111,3,AQI,三亚,32.0
20201111,3,PM2.5,三亚,12.0
20201111,3,PM2.5_24h,三亚,20.0
20201111,3,PM10,三亚,22.0
20201111,3,PM10_24h,三亚,40.0
20201111,3,SO2,三亚,4.0
20201111,3,SO2_24h,三亚,4.0
20201111,3,NO2,三亚,7.0
20201111,3,NO2_24h,三亚,12.0
20201111,3,O3,三亚,101.0
20201111,3,O3_24h,三亚,138.0
20201111,3,O3_8h,三亚,103.0
20201111,3,O3_8h_24h,三亚,106.0
20201111,3,CO,三亚,0.45
20201111,3,CO_24h,三亚,0.45
20201111,4,AQI,三亚,30.0
20201111,4,PM2.5,三亚,10.0
20201111,4,PM2.5_24h,三亚,19.0
20201111,4,PM10,三亚,18.0
20201111,4,PM10_24h,三亚,38.0
20201111,4,SO2,三亚,4.0
20201111,4,SO2_24h,三亚,4.0
20201111,4,NO2,三亚,7.0
20201111,4,NO2_24h,三亚,12.0
20201111,4,O3,三亚,96.0
20201111,4,O3_24h,三亚,131.0
20201111,4,O3_8h,三亚,101.0
20201111,4,O3_8h_24h,三亚,106.0
20201111,4,CO,三亚,0.45
20201111,4,CO_24h,三亚,0.45
20201111,5,AQI,三亚,28.0
20201111,5,PM2.5,三亚,5.0
20201111,5,PM2.5_24h,三亚,18.0
20201111,5,PM10,三亚,13.0
20201111,5,PM10_24h,三亚,37.0
20201111,5,SO2,三亚,4.0
20201111,5,SO2_24h,三亚,4.0
20201111,5,NO2,三亚,6.0
20201111,5,NO2_24h,三亚,12.0
20201111,5,O3,三亚,90.0
20201111,5,O3_24h,三亚,123.0
20201111,5,O3_8h,三亚,99.0
20201111,5,O3_8h_24h,三亚,106.0
20201111,5,CO,三亚,0.35
20201111,5,CO_24h,三亚,0.45
20201111,6,AQI,三亚,27.0
20201111,6,PM2.5,三亚,3.0
20201111,6,PM2.5_24h,三亚,17.0
20201111,6,PM10,三亚,7.0
20201111,6,PM10_24h,三亚,35.0
20201111,6,SO2,三亚,4.0
20201111,6,SO2_24h,三亚,4.0
20201111,6,NO2,三亚,5.0
20201111,6,NO2_24h,三亚,12.0
20201111,6,O3,三亚,85.0
20201111,6,O3_24h,三亚,121.0
20201111,6,O3_8h,三亚,97.0
20201111,6,O3_8h_24h,三亚,106.0
20201111,6,CO,三亚,0.35
20201111,6,CO_24h,三亚,0.45
20201111,7,AQI,三亚,25.0
20201111,7,PM2.5,三亚,3.0
20201111,7,PM2.5_24h,三亚,18.0
20201111,7,PM10,三亚,2.0
20201111,7,PM10_24h,三亚,30.0
20201111,7,SO2,三亚,4.0
20201111,7,SO2_24h,三亚,4.0
20201111,7,NO2,三亚,6.0
20201111,7,NO2_24h,三亚,16.0
20201111,7,O3,三亚,80.0
20201111,7,O3_24h,三亚,107.0
20201111,7,O3_8h,三亚,94.0
20201111,7,O3_8h_24h,三亚,105.0
20201111,7,CO,三亚,0.3
20201111,7,CO_24h,三亚,0.4
20201111,8,AQI,三亚,23.0
20201111,8,PM2.5,三亚,3.0
20201111,8,PM2.5_24h,三亚,16.0
20201111,8,PM10,三亚,4.0
20201111,8,PM10_24h,三亚,34.0
20201111,8,SO2,三亚,4.0
20201111,8,SO2_24h,三亚,4.0
20201111,8,NO2,三亚,9.0
20201111,8,NO2_24h,三亚,11.0
20201111,8,O3,三亚,72.0
20201111,8,O3_24h,三亚,111.0
20201111,8,O3_8h,三亚,93.0
20201111,8,O3_8h_24h,三亚,106.0
20201111,8,CO,三亚,0.35
20201111,8,CO_24h,三亚,0.45
20201111,10,AQI,三亚,18.0
20201111,10,PM2.5,三亚,7.0
20201111,10,PM2.5_24h,三亚,15.0
20201111,10,PM10,三亚,17.0
20201111,10,PM10_24h,三亚,31.0
20201111,10,SO2,三亚,4.0
20201111,10,SO2_24h,三亚,4.0
20201111,10,NO2,三亚,20.0
20201111,10,NO2_24h,三亚,11.0
20201111,10,O3,三亚,57.0
20201111,10,O3_24h,三亚,111.0
20201111,10,O3_8h,三亚,80.0
20201111,10,O3_8h_24h,三亚,106.0
20201111,10,CO,三亚,0.4
20201111,10,CO_24h,三亚,0.45
20201111,11,AQI,三亚,20.0
20201111,11,PM2.5,三亚,5.0
20201111,11,PM2.5_24h,三亚,14.0
20201111,11,PM10,三亚,17.0
20201111,11,PM10_24h,三亚,30.0
20201111,11,SO2,三亚,4.0
20201111,11,SO2_24h,三亚,4.0
20201111,11,NO2,三亚,13.0
20201111,11,NO2_24h,三亚,11.0
20201111,11,O3,三亚,63.0
20201111,11,O3_24h,三亚,111.0
20201111,11,O3_8h,三亚,76.0
20201111,11,O3_8h_24h,三亚,106.0
20201111,11,CO,三亚,0.35
20201111,11,CO_24h,三亚,0.45
20201111,12,AQI,三亚,20.0
20201111,12,PM2.5,三亚,11.0
20201111,12,PM2.5_24h,三亚,13.0
20201111,12,PM10,三亚,20.0
20201111,12,PM10_24h,三亚,28.0
20201111,12,SO2,三亚,4.0
20201111,12,SO2_24h,三亚,4.0
20201111,12,NO2,三亚,22.0
20201111,12,NO2_24h,三亚,11.0
20201111,12,O3,三亚,63.0
20201111,12,O3_24h,三亚,111.0
20201111,12,O3_8h,三亚,71.0
20201111,12,O3_8h_24h,三亚,106.0
20201111,12,CO,三亚,0.4
20201111,12,CO_24h,三亚,0.45
20201111,13,AQI,三亚,32.0
20201111,13,PM2.5,三亚,7.0
20201111,13,PM2.5_24h,三亚,13.0
20201111,13,PM10,三亚,32.0
20201111,13,PM10_24h,三亚,28.0
20201111,13,SO2,三亚,4.0
20201111,13,SO2_24h,三亚,4.0
20201111,13,NO2,三亚,10.0
20201111,13,NO2_24h,三亚,11.0
20201111,13,O3,三亚,72.0
20201111,13,O3_24h,三亚,111.0
20201111,13,O3_8h,三亚,69.0
20201111,13,O3_8h_24h,三亚,106.0
20201111,13,CO,三亚,0.35
20201111,13,CO_24h,三亚,0.45
20201111,14,AQI,三亚,22.0
20201111,14,PM2.5,三亚,5.0
20201111,14,PM2.5_24h,三亚,13.0
20201111,14,PM10,三亚,19.0
20201111,14,PM10_24h,三亚,27.0
20201111,14,SO2,三亚,4.0
20201111,14,SO2_24h,三亚,4.0
20201111,14,NO2,三亚,6.0
20201111,14,NO2_24h,三亚,11.0
20201111,14,O3,三亚,71.0
20201111,14,O3_24h,三亚,111.0
20201111,14,O3_8h,三亚,68.0
20201111,14,O3_8h_24h,三亚,106.0
20201111,14,CO,三亚,0.35
20201111,14,CO_24h,三亚,0.45
20201111,15,AQI,三亚,21.0
20201111,15,PM2.5,三亚,5.0
20201111,15,PM2.5_24h,三亚,12.0
20201111,15,PM10,三亚,16.0
20201111,15,PM10_24h,三亚,27.0
20201111,15,SO2,三亚,4.0
20201111,15,SO2_24h,三亚,4.0
20201111,15,NO2,三亚,12.0
20201111,15,NO2_24h,三亚,10.0
20201111,15,O3,三亚,66.0
20201111,15,O3_24h,三亚,111.0
20201111,15,O3_8h,三亚,66.0
20201111,15,O3_8h_24h,三亚,106.0
20201111,15,CO,三亚,0.35
20201111,15,CO_24h,三亚,0.45
20201111,16,AQI,三亚,29.0
20201111,16,PM2.5,三亚,10.0
20201111,16,PM2.5_24h,三亚,12.0
20201111,16,PM10,三亚,29.0
20201111,16,PM10_24h,三亚,26.0
20201111,16,SO2,三亚,4.0
20201111,16,SO2_24h,三亚,4.0
20201111,16,NO2,三亚,25.0
20201111,16,NO2_24h,三亚,11.0
20201111,16,O3,三亚,61.0
20201111,16,O3_24h,三亚,111.0
20201111,16,O3_8h,三亚,64.0
20201111,16,O3_8h_24h,三亚,106.0
20201111,16,CO,三亚,0.35
20201111,16,CO_24h,三亚,0.45
20201111,17,AQI,三亚,28.0
20201111,17,PM2.5,三亚,8.0
20201111,17,PM2.5_24h,三亚,12.0
20201111,17,PM10,三亚,28.0
20201111,17,PM10_24h,三亚,26.0
20201111,17,SO2,三亚,4.0
20201111,17,SO2_24h,三亚,4.0
20201111,17,NO2,三亚,18.0
20201111,17,NO2_24h,三亚,11.0
20201111,17,O3,三亚,60.0
20201111,17,O3_24h,三亚,111.0
20201111,17,O3_8h,三亚,64.0
20201111,17,O3_8h_24h,三亚,106.0
20201111,17,CO,三亚,0.4
20201111,17,CO_24h,三亚,0.45
20201111,18,AQI,三亚,35.0
20201111,18,PM2.5,三亚,9.0
20201111,18,PM2.5_24h,三亚,11.0
20201111,18,PM10,三亚,35.0
20201111,18,PM10_24h,三亚,26.0
20201111,18,SO2,三亚,4.0
20201111,18,SO2_24h,三亚,4.0
20201111,18,NO2,三亚,21.0
20201111,18,NO2_24h,三亚,11.0
20201111,18,O3,三亚,57.0
20201111,18,O3_24h,三亚,111.0
20201111,18,O3_8h,三亚,64.0
20201111,18,O3_8h_24h,三亚,106.0
20201111,18,CO,三亚,0.4
20201111,18,CO_24h,三亚,0.45
20201111,19,AQI,三亚,29.0
20201111,19,PM2.5,三亚,6.0
20201111,19,PM2.5_24h,三亚,11.0
20201111,19,PM10,三亚,29.0
20201111,19,PM10_24h,三亚,26.0
20201111,19,SO2,三亚,4.0
20201111,19,SO2_24h,三亚,4.0
20201111,19,NO2,三亚,9.0
20201111,19,NO2_24h,三亚,11.0
20201111,19,O3,三亚,70.0
20201111,19,O3_24h,三亚,111.0
20201111,19,O3_8h,三亚,65.0
20201111,19,O3_8h_24h,三亚,106.0
20201111,19,CO,三亚,0.35
20201111,19,CO_24h,三亚,0.4
20201111,20,AQI,三亚,23.0
20201111,20,PM2.5,三亚,6.0
20201111,20,PM2.5_24h,三亚,10.0
20201111,20,PM10,三亚,18.0
20201111,20,PM10_24h,三亚,25.0
20201111,20,SO2,三亚,4.0
20201111,20,SO2_24h,三亚,4.0
20201111,20,NO2,三亚,7.0
20201111,20,NO2_24h,三亚,11.0
20201111,20,O3,三亚,73.0
20201111,20,O3_24h,三亚,111.0
20201111,20,O3_8h,三亚,66.0
20201111,20,O3_8h_24h,三亚,106.0
20201111,20,CO,三亚,0.35
20201111,20,CO_24h,三亚,0.4
20201111,21,AQI,三亚,23.0
20201111,21,PM2.5,三亚,5.0
20201111,21,PM2.5_24h,三亚,9.0
20201111,21,PM10,三亚,15.0
20201111,21,PM10_24h,三亚,24.0
20201111,21,SO2,三亚,4.0
20201111,21,SO2_24h,三亚,4.0
20201111,21,NO2,三亚,8.0
20201111,21,NO2_24h,三亚,11.0
20201111,21,O3,三亚,75.0
20201111,21,O3_24h,三亚,111.0
20201111,21,O3_8h,三亚,67.0
20201111,21,O3_8h_24h,三亚,106.0
20201111,21,CO,三亚,0.35
20201111,21,CO_24h,三亚,0.4
20201111,22,AQI,三亚,23.0
20201111,22,PM2.5,三亚,5.0
20201111,22,PM2.5_24h,三亚,9.0
20201111,22,PM10,三亚,12.0
20201111,22,PM10_24h,三亚,23.0
20201111,22,SO2,三亚,4.0
20201111,22,SO2_24h,三亚,4.0
20201111,22,NO2,三亚,9.0
20201111,22,NO2_24h,三亚,11.0
20201111,22,O3,三亚,74.0
20201111,22,O3_24h,三亚,110.0
20201111,22,O3_8h,三亚,67.0
20201111,22,O3_8h_24h,三亚,106.0
20201111,22,CO,三亚,0.35
20201111,22,CO_24h,三亚,0.35
20201111,23,AQI,三亚,23.0
20201111,23,PM2.5,三亚,7.0
20201111,23,PM2.5_24h,三亚,8.0
20201111,23,PM10,三亚,10.0
20201111,23,PM10_24h,三亚,20.0
20201111,23,SO2,三亚,4.0
20201111,23,SO2_24h,三亚,4.0
20201111,23,NO2,三亚,7.0
20201111,23,NO2_24h,三亚,10.0
20201111,23,O3,三亚,74.0
20201111,23,O3_24h,三亚,108.0
20201111,23,O3_8h,三亚,68.0
20201111,23,O3_8h_24h,三亚,106.0
20201111,23,CO,三亚,0.35
20201111,23,CO_24h,三亚,0.35
20201111,0,AQI,绵阳,73.0
20201111,0,PM2.5,绵阳,53.0
20201111,0,PM2.5_24h,绵阳,66.0
20201111,0,PM10,绵阳,84.0
20201111,0,PM10_24h,绵阳,99.0
20201111,0,SO2,绵阳,5.0
20201111,0,SO2_24h,绵阳,5.0
20201111,0,NO2,绵阳,56.0
20201111,0,NO2_24h,绵阳,41.0
20201111,0,O3,绵阳,8.0
20201111,0,O3_24h,绵阳,71.0
20201111,0,O3_8h,绵阳,29.0
20201111,0,O3_8h_24h,绵阳,50.0
20201111,0,CO,绵阳,0.68
20201111,0,CO_24h,绵阳,0.7
20201111,1,AQI,绵阳,79.0
20201111,1,PM2.5,绵阳,58.0
20201111,1,PM2.5_24h,绵阳,65.0
20201111,1,PM10,绵阳,88.0
20201111,1,PM10_24h,绵阳,97.0
20201111,1,SO2,绵阳,5.0
20201111,1,SO2_24h,绵阳,5.0
20201111,1,NO2,绵阳,56.0
20201111,1,NO2_24h,绵阳,41.0
20201111,1,O3,绵阳,6.0
20201111,1,O3_24h,绵阳,71.0
20201111,1,O3_8h,绵阳,6.0
20201111,1,O3_8h_24h,绵阳,6.0
20201111,1,CO,绵阳,0.65
20201111,1,CO_24h,绵阳,0.7
20201111,2,AQI,绵阳,86.0
20201111,2,PM2.5,绵阳,64.0
20201111,2,PM2.5_24h,绵阳,65.0
20201111,2,PM10,绵阳,99.0
20201111,2,PM10_24h,绵阳,95.0
20201111,2,SO2,绵阳,5.0
20201111,2,SO2_24h,绵阳,5.0
20201111,2,NO2,绵阳,52.0
20201111,2,NO2_24h,绵阳,42.0
20201111,2,O3,绵阳,5.0
20201111,2,O3_24h,绵阳,71.0
20201111,2,O3_8h,绵阳,6.0
20201111,2,O3_8h_24h,绵阳,6.0
20201111,2,CO,绵阳,0.68
20201111,2,CO_24h,绵阳,0.7
20201111,3,AQI,绵阳,91.0
20201111,3,PM2.5,绵阳,68.0
20201111,3,PM2.5_24h,绵阳,64.0
20201111,3,PM10,绵阳,103.0
20201111,3,PM10_24h,绵阳,95.0
20201111,3,SO2,绵阳,5.0
20201111,3,SO2_24h,绵阳,5.0
20201111,3,NO2,绵阳,48.0
20201111,3,NO2_24h,绵阳,42.0
20201111,3,O3,绵阳,5.0
20201111,3,O3_24h,绵阳,71.0
20201111,3,O3_8h,绵阳,6.0
20201111,3,O3_8h_24h,绵阳,6.0
20201111,3,CO,绵阳,0.68
20201111,3,CO_24h,绵阳,0.7
20201111,4,AQI,绵阳,95.0
20201111,4,PM2.5,绵阳,71.0
20201111,4,PM2.5_24h,绵阳,64.0
20201111,4,PM10,绵阳,105.0
20201111,4,PM10_24h,绵阳,94.0
20201111,4,SO2,绵阳,5.0
20201111,4,SO2_24h,绵阳,5.0
20201111,4,NO2,绵阳,45.0
20201111,4,NO2_24h,绵阳,42.0
20201111,4,O3,绵阳,4.0
20201111,4,O3_24h,绵阳,71.0
20201111,4,O3_8h,绵阳,5.0
20201111,4,O3_8h_24h,绵阳,6.0
20201111,4,CO,绵阳,0.7
20201111,4,CO_24h,绵阳,0.7
20201111,5,AQI,绵阳,95.0
20201111,5,PM2.5,绵阳,71.0
20201111,5,PM2.5_24h,绵阳,64.0
20201111,5,PM10,绵阳,106.0
20201111,5,PM10_24h,绵阳,94.0
20201111,5,SO2,绵阳,5.0
20201111,5,SO2_24h,绵阳,5.0
20201111,5,NO2,绵阳,41.0
20201111,5,NO2_24h,绵阳,43.0
20201111,5,O3,绵阳,3.0
20201111,5,O3_24h,绵阳,71.0
20201111,5,O3_8h,绵阳,5.0
20201111,5,O3_8h_24h,绵阳,6.0
20201111,5,CO,绵阳,0.7
20201111,5,CO_24h,绵阳,0.7
20201111,6,AQI,绵阳,95.0
20201111,6,PM2.5,绵阳,71.0
20201111,6,PM2.5_24h,绵阳,64.0
20201111,6,PM10,绵阳,106.0
20201111,6,PM10_24h,绵阳,93.0
20201111,6,SO2,绵阳,5.0
20201111,6,SO2_24h,绵阳,5.0
20201111,6,NO2,绵阳,41.0
20201111,6,NO2_24h,绵阳,43.0
20201111,6,O3,绵阳,4.0
20201111,6,O3_24h,绵阳,71.0
20201111,6,O3_8h,绵阳,5.0
20201111,6,O3_8h_24h,绵阳,6.0
20201111,6,CO,绵阳,0.75
20201111,6,CO_24h,绵阳,0.7
20201111,8,AQI,绵阳,94.0
20201111,8,PM2.5,绵阳,70.0
20201111,8,PM2.5_24h,绵阳,65.0
20201111,8,PM10,绵阳,111.0
20201111,8,PM10_24h,绵阳,95.0
20201111,8,SO2,绵阳,6.0
20201111,8,SO2_24h,绵阳,5.0
20201111,8,NO2,绵阳,36.0
20201111,8,NO2_24h,绵阳,44.0
20201111,8,O3,绵阳,4.0
20201111,8,O3_24h,绵阳,71.0
20201111,8,O3_8h,绵阳,4.0
20201111,8,O3_8h_24h,绵阳,6.0
20201111,8,CO,绵阳,0.92
20201111,8,CO_24h,绵阳,0.73
20201111,10,AQI,绵阳,104.0
20201111,10,PM2.5,绵阳,78.0
20201111,10,PM2.5_24h,绵阳,66.0
20201111,10,PM10,绵阳,114.0
20201111,10,PM10_24h,绵阳,97.0
20201111,10,SO2,绵阳,7.0
20201111,10,SO2_24h,绵阳,5.0
20201111,10,NO2,绵阳,41.0
20201111,10,NO2_24h,绵阳,44.0
20201111,10,O3,绵阳,12.0
20201111,10,O3_24h,绵阳,71.0
20201111,10,O3_8h,绵阳,5.0
20201111,10,O3_8h_24h,绵阳,7.0
20201111,10,CO,绵阳,0.82
20201111,10,CO_24h,绵阳,0.73
20201111,11,AQI,绵阳,101.0
20201111,11,PM2.5,绵阳,76.0
20201111,11,PM2.5_24h,绵阳,66.0
20201111,11,PM10,绵阳,109.0
20201111,11,PM10_24h,绵阳,98.0
20201111,11,SO2,绵阳,5.0
20201111,11,SO2_24h,绵阳,5.0
20201111,11,NO2,绵阳,41.0
20201111,11,NO2_24h,绵阳,44.0
20201111,11,O3,绵阳,24.0
20201111,11,O3_24h,绵阳,71.0
20201111,11,O3_8h,绵阳,7.0
20201111,11,O3_8h_24h,绵阳,8.0
20201111,11,CO,绵阳,0.68
20201111,11,CO_24h,绵阳,0.7
20201111,12,AQI,绵阳,95.0
20201111,12,PM2.5,绵阳,71.0
20201111,12,PM2.5_24h,绵阳,66.0
20201111,12,PM10,绵阳,106.0
20201111,12,PM10_24h,绵阳,98.0
20201111,12,SO2,绵阳,6.0
20201111,12,SO2_24h,绵阳,5.0
20201111,12,NO2,绵阳,41.0
20201111,12,NO2_24h,绵阳,44.0
20201111,12,O3,绵阳,36.0
20201111,12,O3_24h,绵阳,71.0
20201111,12,O3_8h,绵阳,11.0
20201111,12,O3_8h_24h,绵阳,12.0
20201111,12,CO,绵阳,0.63
20201111,12,CO_24h,绵阳,0.73
20201111,13,AQI,绵阳,91.0
20201111,13,PM2.5,绵阳,68.0
20201111,13,PM2.5_24h,绵阳,66.0
20201111,13,PM10,绵阳,94.0
20201111,13,PM10_24h,绵阳,98.0
20201111,13,SO2,绵阳,5.0
20201111,13,SO2_24h,绵阳,5.0
20201111,13,NO2,绵阳,29.0
20201111,13,NO2_24h,绵阳,44.0
20201111,13,O3,绵阳,61.0
20201111,13,O3_24h,绵阳,71.0
20201111,13,O3_8h,绵阳,18.0
20201111,13,O3_8h_24h,绵阳,18.0
20201111,13,CO,绵阳,0.55
20201111,13,CO_24h,绵阳,0.73
20201111,14,AQI,绵阳,86.0
20201111,14,PM2.5,绵阳,64.0
20201111,14,PM2.5_24h,绵阳,66.0
20201111,14,PM10,绵阳,82.0
20201111,14,PM10_24h,绵阳,98.0
20201111,14,SO2,绵阳,5.0
20201111,14,SO2_24h,绵阳,5.0
20201111,14,NO2,绵阳,24.0
20201111,14,NO2_24h,绵阳,43.0
20201111,14,O3,绵阳,72.0
20201111,14,O3_24h,绵阳,79.0
20201111,14,O3_8h,绵阳,27.0
20201111,14,O3_8h_24h,绵阳,27.0
20201111,14,CO,绵阳,0.5
20201111,14,CO_24h,绵阳,0.73
20201111,15,AQI,绵阳,80.0
20201111,15,PM2.5,绵阳,59.0
20201111,15,PM2.5_24h,绵阳,66.0
20201111,15,PM10,绵阳,78.0
20201111,15,PM10_24h,绵阳,97.0
20201111,15,SO2,绵阳,5.0
20201111,15,SO2_24h,绵阳,5.0
20201111,15,NO2,绵阳,28.0
20201111,15,NO2_24h,绵阳,43.0
20201111,15,O3,绵阳,75.0
20201111,15,O3_24h,绵阳,81.0
20201111,15,O3_8h,绵阳,36.0
20201111,15,O3_8h_24h,绵阳,36.0
20201111,15,CO,绵阳,0.5
20201111,15,CO_24h,绵阳,0.7
20201111,16,AQI,绵阳,79.0
20201111,16,PM2.5,绵阳,58.0
20201111,16,PM2.5_24h,绵阳,66.0
20201111,16,PM10,绵阳,82.0
20201111,16,PM10_24h,绵阳,96.0
20201111,16,SO2,绵阳,5.0
20201111,16,SO2_24h,绵阳,5.0
20201111,16,NO2,绵阳,35.0
20201111,16,NO2_24h,绵阳,43.0
20201111,16,O3,绵阳,69.0
20201111,16,O3_24h,绵阳,80.0
20201111,16,O3_8h,绵阳,44.0
20201111,16,O3_8h_24h,绵阳,44.0
20201111,16,CO,绵阳,0.43
20201111,16,CO_24h,绵阳,0.68
20201111,17,AQI,绵阳,80.0
20201111,17,PM2.5,绵阳,59.0
20201111,17,PM2.5_24h,绵阳,65.0
20201111,17,PM10,绵阳,91.0
20201111,17,PM10_24h,绵阳,97.0
20201111,17,SO2,绵阳,5.0
20201111,17,SO2_24h,绵阳,5.0
20201111,17,NO2,绵阳,40.0
20201111,17,NO2_24h,绵阳,44.0
20201111,17,O3,绵阳,63.0
20201111,17,O3_24h,绵阳,79.0
20201111,17,O3_8h,绵阳,51.0
20201111,17,O3_8h_24h,绵阳,51.0
20201111,17,CO,绵阳,0.47
20201111,17,CO_24h,绵阳,0.68
20201111,18,AQI,绵阳,84.0
20201111,18,PM2.5,绵阳,62.0
20201111,18,PM2.5_24h,绵阳,65.0
20201111,18,PM10,绵阳,94.0
20201111,18,PM10_24h,绵阳,97.0
20201111,18,SO2,绵阳,5.0
20201111,18,SO2_24h,绵阳,5.0
20201111,18,NO2,绵阳,45.0
20201111,18,NO2_24h,绵阳,44.0
20201111,18,O3,绵阳,55.0
20201111,18,O3_24h,绵阳,77.0
20201111,18,O3_8h,绵阳,57.0
20201111,18,O3_8h_24h,绵阳,57.0
20201111,18,CO,绵阳,0.5
20201111,18,CO_24h,绵阳,0.68
20201111,19,AQI,绵阳,86.0
20201111,19,PM2.5,绵阳,64.0
20201111,19,PM2.5_24h,绵阳,65.0
20201111,19,PM10,绵阳,100.0
20201111,19,PM10_24h,绵阳,98.0
20201111,19,SO2,绵阳,5.0
20201111,19,SO2_24h,绵阳,5.0
20201111,19,NO2,绵阳,75.0
20201111,19,NO2_24h,绵阳,44.0
20201111,19,O3,绵阳,25.0
20201111,19,O3_24h,绵阳,77.0
20201111,19,O3_8h,绵阳,57.0
20201111,19,O3_8h_24h,绵阳,57.0
20201111,19,CO,绵阳,0.67
20201111,19,CO_24h,绵阳,0.68
20201111,20,AQI,绵阳,86.0
20201111,20,PM2.5,绵阳,64.0
20201111,20,PM2.5_24h,绵阳,65.0
20201111,20,PM10,绵阳,107.0
20201111,20,PM10_24h,绵阳,98.0
20201111,20,SO2,绵阳,5.0
20201111,20,SO2_24h,绵阳,5.0
20201111,20,NO2,绵阳,79.0
20201111,20,NO2_24h,绵阳,45.0
20201111,20,O3,绵阳,16.0
20201111,20,O3_24h,绵阳,77.0
20201111,20,O3_8h,绵阳,55.0
20201111,20,O3_8h_24h,绵阳,57.0
20201111,20,CO,绵阳,0.7
20201111,20,CO_24h,绵阳,0.68
20201111,21,AQI,绵阳,88.0
20201111,21,PM2.5,绵阳,65.0
20201111,21,PM2.5_24h,绵阳,65.0
20201111,21,PM10,绵阳,112.0
20201111,21,PM10_24h,绵阳,99.0
20201111,21,SO2,绵阳,6.0
20201111,21,SO2_24h,绵阳,5.0
20201111,21,NO2,绵阳,76.0
20201111,21,NO2_24h,绵阳,45.0
20201111,21,O3,绵阳,10.0
20201111,21,O3_24h,绵阳,77.0
20201111,21,O3_8h,绵阳,48.0
20201111,21,O3_8h_24h,绵阳,57.0
20201111,21,CO,绵阳,0.7
20201111,21,CO_24h,绵阳,0.68
20201111,22,AQI,绵阳,91.0
20201111,22,PM2.5,绵阳,68.0
20201111,22,PM2.5_24h,绵阳,66.0
20201111,22,PM10,绵阳,114.0
20201111,22,PM10_24h,绵阳,99.0
20201111,22,SO2,绵阳,6.0
20201111,22,SO2_24h,绵阳,5.0
20201111,22,NO2,绵阳,69.0
20201111,22,NO2_24h,绵阳,46.0
20201111,22,O3,绵阳,6.0
20201111,22,O3_24h,绵阳,77.0
20201111,22,O3_8h,绵阳,40.0
20201111,22,O3_8h_24h,绵阳,57.0
20201111,22,CO,绵阳,0.75
20201111,22,CO_24h,绵阳,0.65
20201111,23,AQI,绵阳,89.0
20201111,23,PM2.5,绵阳,66.0
20201111,23,PM2.5_24h,绵阳,66.0
20201111,23,PM10,绵阳,106.0
20201111,23,PM10_24h,绵阳,101.0
20201111,23,SO2,绵阳,6.0
20201111,23,SO2_24h,绵阳,5.0
20201111,23,NO2,绵阳,65.0
20201111,23,NO2_24h,绵阳,46.0
20201111,23,O3,绵阳,4.0
20201111,23,O3_24h,绵阳,77.0
20201111,23,O3_8h,绵阳,31.0
20201111,23,O3_8h_24h,绵阳,57.0
20201111,23,CO,绵阳,0.72
20201111,23,CO_24h,绵阳,0.68
20201111,0,AQI,宜宾,145.0
20201111,0,PM2.5,宜宾,111.0
20201111,0,PM2.5_24h,宜宾,88.0
20201111,0,PM10,宜宾,165.0
20201111,0,PM10_24h,宜宾,135.0
20201111,0,SO2,宜宾,11.0
20201111,0,SO2_24h,宜宾,17.0
20201111,0,NO2,宜宾,72.0
20201111,0,NO2_24h,宜宾,55.0
20201111,0,O3,宜宾,2.0
20201111,0,O3_24h,宜宾,144.0
20201111,0,O3_8h,宜宾,49.0
20201111,0,O3_8h_24h,宜宾,106.0
20201111,0,CO,宜宾,1.18
20201111,0,CO_24h,宜宾,1.0
20201111,1,AQI,宜宾,144.0
20201111,1,PM2.5,宜宾,110.0
20201111,1,PM2.5_24h,宜宾,90.0
20201111,1,PM10,宜宾,159.0
20201111,1,PM10_24h,宜宾,136.0
20201111,1,SO2,宜宾,10.0
20201111,1,SO2_24h,宜宾,17.0
20201111,1,NO2,宜宾,64.0
20201111,1,NO2_24h,宜宾,55.0
20201111,1,O3,宜宾,2.0
20201111,1,O3_24h,宜宾,144.0
20201111,1,O3_8h,宜宾,2.0
20201111,1,O3_8h_24h,宜宾,2.0
20201111,1,CO,宜宾,1.13
20201111,1,CO_24h,宜宾,1.0
20201111,2,AQI,宜宾,145.0
20201111,2,PM2.5,宜宾,111.0
20201111,2,PM2.5_24h,宜宾,91.0
20201111,2,PM10,宜宾,155.0
20201111,2,PM10_24h,宜宾,138.0
20201111,2,SO2,宜宾,10.0
20201111,2,SO2_24h,宜宾,17.0
20201111,2,NO2,宜宾,56.0
20201111,2,NO2_24h,宜宾,55.0
20201111,2,O3,宜宾,3.0
20201111,2,O3_24h,宜宾,144.0
20201111,2,O3_8h,宜宾,2.0
20201111,2,O3_8h_24h,宜宾,2.0
20201111,2,CO,宜宾,1.15
20201111,2,CO_24h,宜宾,1.0
20201111,3,AQI,宜宾,144.0
20201111,3,PM2.5,宜宾,110.0
20201111,3,PM2.5_24h,宜宾,93.0
20201111,3,PM10,宜宾,151.0
20201111,3,PM10_24h,宜宾,139.0
20201111,3,SO2,宜宾,10.0
20201111,3,SO2_24h,宜宾,17.0
20201111,3,NO2,宜宾,48.0
20201111,3,NO2_24h,宜宾,55.0
20201111,3,O3,宜宾,5.0
20201111,3,O3_24h,宜宾,144.0
20201111,3,O3_8h,宜宾,3.0
20201111,3,O3_8h_24h,宜宾,3.0
20201111,3,CO,宜宾,1.0
20201111,3,CO_24h,宜宾,1.02
20201111,4,AQI,宜宾,141.0
20201111,4,PM2.5,宜宾,108.0
20201111,4,PM2.5_24h,宜宾,95.0
20201111,4,PM10,宜宾,148.0
20201111,4,PM10_24h,宜宾,141.0
20201111,4,SO2,宜宾,12.0
20201111,4,SO2_24h,宜宾,18.0
20201111,4,NO2,宜宾,44.0
20201111,4,NO2_24h,宜宾,54.0
20201111,4,O3,宜宾,4.0
20201111,4,O3_24h,宜宾,144.0
20201111,4,O3_8h,宜宾,3.0
20201111,4,O3_8h_24h,宜宾,3.0
20201111,4,CO,宜宾,0.95
20201111,4,CO_24h,宜宾,1.02
20201111,5,AQI,宜宾,138.0
20201111,5,PM2.5,宜宾,105.0
20201111,5,PM2.5_24h,宜宾,96.0
20201111,5,PM10,宜宾,142.0
20201111,5,PM10_24h,宜宾,142.0
20201111,5,SO2,宜宾,10.0
20201111,5,SO2_24h,宜宾,18.0
20201111,5,NO2,宜宾,39.0
20201111,5,NO2_24h,宜宾,54.0
20201111,5,O3,宜宾,3.0
20201111,5,O3_24h,宜宾,144.0
20201111,5,O3_8h,宜宾,3.0
20201111,5,O3_8h_24h,宜宾,3.0
20201111,5,CO,宜宾,0.92
20201111,5,CO_24h,宜宾,1.02
20201111,6,AQI,宜宾,140.0
20201111,6,PM2.5,宜宾,107.0
20201111,6,PM2.5_24h,宜宾,98.0
20201111,6,PM10,宜宾,143.0
20201111,6,PM10_24h,宜宾,144.0
20201111,6,SO2,宜宾,11.0
20201111,6,SO2_24h,宜宾,18.0
20201111,6,NO2,宜宾,39.0
20201111,6,NO2_24h,宜宾,53.0
20201111,6,O3,宜宾,4.0
20201111,6,O3_24h,宜宾,144.0
20201111,6,O3_8h,宜宾,3.0
20201111,6,O3_8h_24h,宜宾,3.0
20201111,6,CO,宜宾,0.93
20201111,6,CO_24h,宜宾,1.02
20201111,8,AQI,宜宾,141.0
20201111,8,PM2.5,宜宾,108.0
20201111,8,PM2.5_24h,宜宾,100.0
20201111,8,PM10,宜宾,139.0
20201111,8,PM10_24h,宜宾,146.0
20201111,8,SO2,宜宾,12.0
20201111,8,SO2_24h,宜宾,18.0
20201111,8,NO2,宜宾,39.0
20201111,8,NO2_24h,宜宾,53.0
20201111,8,O3,宜宾,3.0
20201111,8,O3_24h,宜宾,144.0
20201111,8,O3_8h,宜宾,3.0
20201111,8,O3_8h_24h,宜宾,3.0
20201111,8,CO,宜宾,1.2
20201111,8,CO_24h,宜宾,1.02
20201111,10,AQI,宜宾,153.0
20201111,10,PM2.5,宜宾,117.0
20201111,10,PM2.5_24h,宜宾,103.0
20201111,10,PM10,宜宾,159.0
20201111,10,PM10_24h,宜宾,148.0
20201111,10,SO2,宜宾,21.0
20201111,10,SO2_24h,宜宾,16.0
20201111,10,NO2,宜宾,47.0
20201111,10,NO2_24h,宜宾,51.0
20201111,10,O3,宜宾,8.0
20201111,10,O3_24h,宜宾,144.0
20201111,10,O3_8h,宜宾,4.0
20201111,10,O3_8h_24h,宜宾,4.0
20201111,10,CO,宜宾,1.23
20201111,10,CO_24h,宜宾,1.05
20201111,11,AQI,宜宾,154.0
20201111,11,PM2.5,宜宾,118.0
20201111,11,PM2.5_24h,宜宾,104.0
20201111,11,PM10,宜宾,162.0
20201111,11,PM10_24h,宜宾,148.0
20201111,11,SO2,宜宾,22.0
20201111,11,SO2_24h,宜宾,15.0
20201111,11,NO2,宜宾,53.0
20201111,11,NO2_24h,宜宾,51.0
20201111,11,O3,宜宾,27.0
20201111,11,O3_24h,宜宾,144.0
20201111,11,O3_8h,宜宾,6.0
20201111,11,O3_8h_24h,宜宾,6.0
20201111,11,CO,宜宾,1.1
20201111,11,CO_24h,宜宾,1.05
20201111,12,AQI,宜宾,150.0
20201111,12,PM2.5,宜宾,115.0
20201111,12,PM2.5_24h,宜宾,106.0
20201111,12,PM10,宜宾,152.0
20201111,12,PM10_24h,宜宾,149.0
20201111,12,SO2,宜宾,17.0
20201111,12,SO2_24h,宜宾,14.0
20201111,12,NO2,宜宾,49.0
20201111,12,NO2_24h,宜宾,51.0
20201111,12,O3,宜宾,53.0
20201111,12,O3_24h,宜宾,144.0
20201111,12,O3_8h,宜宾,13.0
20201111,12,O3_8h_24h,宜宾,13.0
20201111,12,CO,宜宾,1.07
20201111,12,CO_24h,宜宾,1.05
20201111,13,AQI,宜宾,149.0
20201111,13,PM2.5,宜宾,114.0
20201111,13,PM2.5_24h,宜宾,106.0
20201111,13,PM10,宜宾,150.0
20201111,13,PM10_24h,宜宾,149.0
20201111,13,SO2,宜宾,15.0
20201111,13,SO2_24h,宜宾,13.0
20201111,13,NO2,宜宾,46.0
20201111,13,NO2_24h,宜宾,50.0
20201111,13,O3,宜宾,82.0
20201111,13,O3_24h,宜宾,144.0
20201111,13,O3_8h,宜宾,22.0
20201111,13,O3_8h_24h,宜宾,22.0
20201111,13,CO,宜宾,1.02
20201111,13,CO_24h,宜宾,1.07
20201111,14,AQI,宜宾,130.0
20201111,14,PM2.5,宜宾,99.0
20201111,14,PM2.5_24h,宜宾,106.0
20201111,14,PM10,宜宾,139.0
20201111,14,PM10_24h,宜宾,149.0
20201111,14,SO2,宜宾,17.0
20201111,14,SO2_24h,宜宾,13.0
20201111,14,NO2,宜宾,43.0
20201111,14,NO2_24h,宜宾,50.0
20201111,14,O3,宜宾,103.0
20201111,14,O3_24h,宜宾,144.0
20201111,14,O3_8h,宜宾,35.0
20201111,14,O3_8h_24h,宜宾,35.0
20201111,14,CO,宜宾,0.9
20201111,14,CO_24h,宜宾,1.07
20201111,15,AQI,宜宾,115.0
20201111,15,PM2.5,宜宾,87.0
20201111,15,PM2.5_24h,宜宾,106.0
20201111,15,PM10,宜宾,129.0
20201111,15,PM10_24h,宜宾,149.0
20201111,15,SO2,宜宾,19.0
20201111,15,SO2_24h,宜宾,14.0
20201111,15,NO2,宜宾,39.0
20201111,15,NO2_24h,宜宾,51.0
20201111,15,O3,宜宾,114.0
20201111,15,O3_24h,宜宾,144.0
20201111,15,O3_8h,宜宾,49.0
20201111,15,O3_8h_24h,宜宾,49.0
20201111,15,CO,宜宾,0.83
20201111,15,CO_24h,宜宾,1.07
20201111,16,AQI,宜宾,110.0
20201111,16,PM2.5,宜宾,83.0
20201111,16,PM2.5_24h,宜宾,105.0
20201111,16,PM10,宜宾,121.0
20201111,16,PM10_24h,宜宾,148.0
20201111,16,SO2,宜宾,19.0
20201111,16,SO2_24h,宜宾,14.0
20201111,16,NO2,宜宾,37.0
20201111,16,NO2_24h,宜宾,51.0
20201111,16,O3,宜宾,118.0
20201111,16,O3_24h,宜宾,135.0
20201111,16,O3_8h,宜宾,63.0
20201111,16,O3_8h_24h,宜宾,63.0
20201111,16,CO,宜宾,0.8
20201111,16,CO_24h,宜宾,1.07
20201111,17,AQI,宜宾,96.0
20201111,17,PM2.5,宜宾,72.0
20201111,17,PM2.5_24h,宜宾,105.0
20201111,17,PM10,宜宾,116.0
20201111,17,PM10_24h,宜宾,148.0
20201111,17,SO2,宜宾,17.0
20201111,17,SO2_24h,宜宾,14.0
20201111,17,NO2,宜宾,33.0
20201111,17,NO2_24h,宜宾,52.0
20201111,17,O3,宜宾,128.0
20201111,17,O3_24h,宜宾,135.0
20201111,17,O3_8h,宜宾,79.0
20201111,17,O3_8h_24h,宜宾,79.0
20201111,17,CO,宜宾,0.75
20201111,17,CO_24h,宜宾,1.07
20201111,18,AQI,宜宾,95.0
20201111,18,PM2.5,宜宾,71.0
20201111,18,PM2.5_24h,宜宾,104.0
20201111,18,PM10,宜宾,117.0
20201111,18,PM10_24h,宜宾,148.0
20201111,18,SO2,宜宾,14.0
20201111,18,SO2_24h,宜宾,14.0
20201111,18,NO2,宜宾,42.0
20201111,18,NO2_24h,宜宾,52.0
20201111,18,O3,宜宾,112.0
20201111,18,O3_24h,宜宾,135.0
20201111,18,O3_8h,宜宾,92.0
20201111,18,O3_8h_24h,宜宾,92.0
20201111,18,CO,宜宾,0.85
20201111,18,CO_24h,宜宾,1.07
20201111,19,AQI,宜宾,103.0
20201111,19,PM2.5,宜宾,77.0
20201111,19,PM2.5_24h,宜宾,103.0
20201111,19,PM10,宜宾,128.0
20201111,19,PM10_24h,宜宾,147.0
20201111,19,SO2,宜宾,35.0
20201111,19,SO2_24h,宜宾,15.0
20201111,19,NO2,宜宾,50.0
20201111,19,NO2_24h,宜宾,52.0
20201111,19,O3,宜宾,83.0
20201111,19,O3_24h,宜宾,135.0
20201111,19,O3_8h,宜宾,99.0
20201111,19,O3_8h_24h,宜宾,99.0
20201111,19,CO,宜宾,0.98
20201111,19,CO_24h,宜宾,1.05
20201111,20,AQI,宜宾,114.0
20201111,20,PM2.5,宜宾,86.0
20201111,20,PM2.5_24h,宜宾,103.0
20201111,20,PM10,宜宾,133.0
20201111,20,PM10_24h,宜宾,146.0
20201111,20,SO2,宜宾,11.0
20201111,20,SO2_24h,宜宾,15.0
20201111,20,NO2,宜宾,75.0
20201111,20,NO2_24h,宜宾,52.0
20201111,20,O3,宜宾,55.0
20201111,20,O3_24h,宜宾,135.0
20201111,20,O3_8h,宜宾,101.0
20201111,20,O3_8h_24h,宜宾,101.0
20201111,20,CO,宜宾,2.03
20201111,20,CO_24h,宜宾,1.1
20201111,21,AQI,宜宾,133.0
20201111,21,PM2.5,宜宾,101.0
20201111,21,PM2.5_24h,宜宾,103.0
20201111,21,PM10,宜宾,156.0
20201111,21,PM10_24h,宜宾,146.0
20201111,21,SO2,宜宾,11.0
20201111,21,SO2_24h,宜宾,15.0
20201111,21,NO2,宜宾,105.0
20201111,21,NO2_24h,宜宾,53.0
20201111,21,O3,宜宾,7.0
20201111,21,O3_24h,宜宾,135.0
20201111,21,O3_8h,宜宾,91.0
20201111,21,O3_8h_24h,宜宾,101.0
20201111,21,CO,宜宾,1.35
20201111,21,CO_24h,宜宾,1.1
20201111,22,AQI,宜宾,134.0
20201111,22,PM2.5,宜宾,102.0
20201111,22,PM2.5_24h,宜宾,102.0
20201111,22,PM10,宜宾,168.0
20201111,22,PM10_24h,宜宾,146.0
20201111,22,SO2,宜宾,11.0
20201111,22,SO2_24h,宜宾,15.0
20201111,22,NO2,宜宾,100.0
20201111,22,NO2_24h,宜宾,53.0
20201111,22,O3,宜宾,2.0
20201111,22,O3_24h,宜宾,135.0
20201111,22,O3_8h,宜宾,78.0
20201111,22,O3_8h_24h,宜宾,101.0
20201111,22,CO,宜宾,1.28
20201111,22,CO_24h,宜宾,1.1
20201111,23,AQI,宜宾,140.0
20201111,23,PM2.5,宜宾,107.0
20201111,23,PM2.5_24h,宜宾,100.0
20201111,23,PM10,宜宾,160.0
20201111,23,PM10_24h,宜宾,139.0
20201111,23,SO2,宜宾,16.0
20201111,23,SO2_24h,宜宾,15.0
20201111,23,NO2,宜宾,79.0
20201111,23,NO2_24h,宜宾,52.0
20201111,23,O3,宜宾,6.0
20201111,23,O3_24h,宜宾,136.0
20201111,23,O3_8h,宜宾,62.0
20201111,23,O3_8h_24h,宜宾,102.0
20201111,23,CO,宜宾,1.03
20201111,23,CO_24h,宜宾,1.1
20201111,0,AQI,攀枝花,69.0
20201111,0,PM2.5,攀枝花,50.0
20201111,0,PM2.5_24h,攀枝花,50.0
20201111,0,PM10,攀枝花,69.0
20201111,0,PM10_24h,攀枝花,67.0
20201111,0,SO2,攀枝花,13.0
20201111,0,SO2_24h,攀枝花,19.0
20201111,0,NO2,攀枝花,42.0
20201111,0,NO2_24h,攀枝花,36.0
20201111,0,O3,攀枝花,6.0
20201111,0,O3_24h,攀枝花,70.0
20201111,0,O3_8h,攀枝花,25.0
20201111,0,O3_8h_24h,攀枝花,43.0
20201111,0,CO,攀枝花,1.44
20201111,0,CO_24h,攀枝花,1.74
20201111,1,AQI,攀枝花,68.0
20201111,1,PM2.5,攀枝花,49.0
20201111,1,PM2.5_24h,攀枝花,51.0
20201111,1,PM10,攀枝花,68.0
20201111,1,PM10_24h,攀枝花,68.0
20201111,1,SO2,攀枝花,11.0
20201111,1,SO2_24h,攀枝花,19.0
20201111,1,NO2,攀枝花,37.0
20201111,1,NO2_24h,攀枝花,37.0
20201111,1,O3,攀枝花,7.0
20201111,1,O3_24h,攀枝花,70.0
20201111,1,O3_8h,攀枝花,7.0
20201111,1,O3_8h_24h,攀枝花,7.0
20201111,1,CO,攀枝花,1.38
20201111,1,CO_24h,攀枝花,1.74
20201111,2,AQI,攀枝花,68.0
20201111,2,PM2.5,攀枝花,49.0
20201111,2,PM2.5_24h,攀枝花,52.0
20201111,2,PM10,攀枝花,67.0
20201111,2,PM10_24h,攀枝花,70.0
20201111,2,SO2,攀枝花,10.0
20201111,2,SO2_24h,攀枝花,19.0
20201111,2,NO2,攀枝花,34.0
20201111,2,NO2_24h,攀枝花,37.0
20201111,2,O3,攀枝花,5.0
20201111,2,O3_24h,攀枝花,70.0
20201111,2,O3_8h,攀枝花,6.0
20201111,2,O3_8h_24h,攀枝花,7.0
20201111,2,CO,攀枝花,1.32
20201111,2,CO_24h,攀枝花,1.78
20201111,3,AQI,攀枝花,65.0
20201111,3,PM2.5,攀枝花,47.0
20201111,3,PM2.5_24h,攀枝花,52.0
20201111,3,PM10,攀枝花,61.0
20201111,3,PM10_24h,攀枝花,70.0
20201111,3,SO2,攀枝花,10.0
20201111,3,SO2_24h,攀枝花,19.0
20201111,3,NO2,攀枝花,31.0
20201111,3,NO2_24h,攀枝花,37.0
20201111,3,O3,攀枝花,5.0
20201111,3,O3_24h,攀枝花,70.0
20201111,3,O3_8h,攀枝花,6.0
20201111,3,O3_8h_24h,攀枝花,7.0
20201111,3,CO,攀枝花,1.24
20201111,3,CO_24h,攀枝花,1.76
20201111,4,AQI,攀枝花,71.0
20201111,4,PM2.5,攀枝花,46.0
20201111,4,PM2.5_24h,攀枝花,53.0
20201111,4,PM10,攀枝花,92.0
20201111,4,PM10_24h,攀枝花,73.0
20201111,4,SO2,攀枝花,11.0
20201111,4,SO2_24h,攀枝花,19.0
20201111,4,NO2,攀枝花,30.0
20201111,4,NO2_24h,攀枝花,37.0
20201111,4,O3,攀枝花,5.0
20201111,4,O3_24h,攀枝花,70.0
20201111,4,O3_8h,攀枝花,5.0
20201111,4,O3_8h_24h,攀枝花,7.0
20201111,4,CO,攀枝花,1.28
20201111,4,CO_24h,攀枝花,1.78
20201111,5,AQI,攀枝花,65.0
20201111,5,PM2.5,攀枝花,47.0
20201111,5,PM2.5_24h,攀枝花,53.0
20201111,5,PM10,攀枝花,66.0
20201111,5,PM10_24h,攀枝花,73.0
20201111,5,SO2,攀枝花,12.0
20201111,5,SO2_24h,攀枝花,20.0
20201111,5,NO2,攀枝花,29.0
20201111,5,NO2_24h,攀枝花,38.0
20201111,5,O3,攀枝花,4.0
20201111,5,O3_24h,攀枝花,70.0
20201111,5,O3_8h,攀枝花,5.0
20201111,5,O3_8h_24h,攀枝花,7.0
20201111,5,CO,攀枝花,1.24
20201111,5,CO_24h,攀枝花,1.8
20201111,6,AQI,攀枝花,68.0
20201111,6,PM2.5,攀枝花,49.0
20201111,6,PM2.5_24h,攀枝花,54.0
20201111,6,PM10,攀枝花,77.0
20201111,6,PM10_24h,攀枝花,75.0
20201111,6,SO2,攀枝花,14.0
20201111,6,SO2_24h,攀枝花,20.0
20201111,6,NO2,攀枝花,31.0
20201111,6,NO2_24h,攀枝花,38.0
20201111,6,O3,攀枝花,4.0
20201111,6,O3_24h,攀枝花,70.0
20201111,6,O3_8h,攀枝花,5.0
20201111,6,O3_8h_24h,攀枝花,7.0
20201111,6,CO,攀枝花,1.44
20201111,6,CO_24h,攀枝花,1.82
20201111,8,AQI,攀枝花,76.0
20201111,8,PM2.5,攀枝花,56.0
20201111,8,PM2.5_24h,攀枝花,55.0
20201111,8,PM10,攀枝花,83.0
20201111,8,PM10_24h,攀枝花,77.0
20201111,8,SO2,攀枝花,14.0
20201111,8,SO2_24h,攀枝花,20.0
20201111,8,NO2,攀枝花,31.0
20201111,8,NO2_24h,攀枝花,39.0
20201111,8,O3,攀枝花,4.0
20201111,8,O3_24h,攀枝花,70.0
20201111,8,O3_8h,攀枝花,5.0
20201111,8,O3_8h_24h,攀枝花,7.0
20201111,8,CO,攀枝花,1.8
20201111,8,CO_24h,攀枝花,1.82
20201111,10,AQI,攀枝花,96.0
20201111,10,PM2.5,攀枝花,72.0
20201111,10,PM2.5_24h,攀枝花,57.0
20201111,10,PM10,攀枝花,107.0
20201111,10,PM10_24h,攀枝花,80.0
20201111,10,SO2,攀枝花,19.0
20201111,10,SO2_24h,攀枝花,20.0
20201111,10,NO2,攀枝花,34.0
20201111,10,NO2_24h,攀枝花,39.0
20201111,10,O3,攀枝花,6.0
20201111,10,O3_24h,攀枝花,70.0
20201111,10,O3_8h,攀枝花,4.0
20201111,10,O3_8h_24h,攀枝花,7.0
20201111,10,CO,攀枝花,1.94
20201111,10,CO_24h,攀枝花,1.78
20201111,11,AQI,攀枝花,164.0
20201111,11,PM2.5,攀枝花,125.0
20201111,11,PM2.5_24h,攀枝花,60.0
20201111,11,PM10,攀枝花,164.0
20201111,11,PM10_24h,攀枝花,84.0
20201111,11,SO2,攀枝花,25.0
20201111,11,SO2_24h,攀枝花,20.0
20201111,11,NO2,攀枝花,42.0
20201111,11,NO2_24h,攀枝花,39.0
20201111,11,O3,攀枝花,9.0
20201111,11,O3_24h,攀枝花,70.0
20201111,11,O3_8h,攀枝花,5.0
20201111,11,O3_8h_24h,攀枝花,7.0
20201111,11,CO,攀枝花,3.86
20201111,11,CO_24h,攀枝花,1.82
20201111,12,AQI,攀枝花,213.0
20201111,12,PM2.5,攀枝花,163.0
20201111,12,PM2.5_24h,攀枝花,64.0
20201111,12,PM10,攀枝花,225.0
20201111,12,PM10_24h,攀枝花,90.0
20201111,12,SO2,攀枝花,36.0
20201111,12,SO2_24h,攀枝花,21.0
20201111,12,NO2,攀枝花,52.0
20201111,12,NO2_24h,攀枝花,40.0
20201111,12,O3,攀枝花,16.0
20201111,12,O3_24h,攀枝花,70.0
20201111,12,O3_8h,攀枝花,6.0
20201111,12,O3_8h_24h,攀枝花,8.0
20201111,12,CO,攀枝花,4.8
20201111,12,CO_24h,攀枝花,1.92
20201111,13,AQI,攀枝花,202.0
20201111,13,PM2.5,攀枝花,152.0
20201111,13,PM2.5_24h,攀枝花,66.0
20201111,13,PM10,攀枝花,184.0
20201111,13,PM10_24h,攀枝花,93.0
20201111,13,SO2,攀枝花,42.0
20201111,13,SO2_24h,攀枝花,21.0
20201111,13,NO2,攀枝花,57.0
20201111,13,NO2_24h,攀枝花,41.0
20201111,13,O3,攀枝花,34.0
20201111,13,O3_24h,攀枝花,70.0
20201111,13,O3_8h,攀枝花,10.0
20201111,13,O3_8h_24h,攀枝花,10.0
20201111,13,CO,攀枝花,3.62
20201111,13,CO_24h,攀枝花,1.92
20201111,14,AQI,攀枝花,136.0
20201111,14,PM2.5,攀枝花,104.0
20201111,14,PM2.5_24h,攀枝花,67.0
20201111,14,PM10,攀枝花,148.0
20201111,14,PM10_24h,攀枝花,95.0
20201111,14,SO2,攀枝花,40.0
20201111,14,SO2_24h,攀枝花,22.0
20201111,14,NO2,攀枝花,46.0
20201111,14,NO2_24h,攀枝花,41.0
20201111,14,O3,攀枝花,55.0
20201111,14,O3_24h,攀枝花,70.0
20201111,14,O3_8h,攀枝花,16.0
20201111,14,O3_8h_24h,攀枝花,16.0
20201111,14,CO,攀枝花,2.78
20201111,14,CO_24h,攀枝花,1.98
20201111,15,AQI,攀枝花,103.0
20201111,15,PM2.5,攀枝花,77.0
20201111,15,PM2.5_24h,攀枝花,67.0
20201111,15,PM10,攀枝花,103.0
20201111,15,PM10_24h,攀枝花,96.0
20201111,15,SO2,攀枝花,38.0
20201111,15,SO2_24h,攀枝花,22.0
20201111,15,NO2,攀枝花,45.0
20201111,15,NO2_24h,攀枝花,41.0
20201111,15,O3,攀枝花,72.0
20201111,15,O3_24h,攀枝花,77.0
20201111,15,O3_8h,攀枝花,24.0
20201111,15,O3_8h_24h,攀枝花,24.0
20201111,15,CO,攀枝花,2.22
20201111,15,CO_24h,攀枝花,1.94
20201111,16,AQI,攀枝花,85.0
20201111,16,PM2.5,攀枝花,63.0
20201111,16,PM2.5_24h,攀枝花,67.0
20201111,16,PM10,攀枝花,87.0
20201111,16,PM10_24h,攀枝花,96.0
20201111,16,SO2,攀枝花,38.0
20201111,16,SO2_24h,攀枝花,22.0
20201111,16,NO2,攀枝花,36.0
20201111,16,NO2_24h,攀枝花,41.0
20201111,16,O3,攀枝花,86.0
20201111,16,O3_24h,攀枝花,86.0
20201111,16,O3_8h,攀枝花,34.0
20201111,16,O3_8h_24h,攀枝花,34.0
20201111,16,CO,攀枝花,1.6
20201111,16,CO_24h,攀枝花,1.94
20201111,17,AQI,攀枝花,94.0
20201111,17,PM2.5,攀枝花,70.0
20201111,17,PM2.5_24h,攀枝花,68.0
20201111,17,PM10,攀枝花,100.0
20201111,17,PM10_24h,攀枝花,98.0
20201111,17,SO2,攀枝花,56.0
20201111,17,SO2_24h,攀枝花,23.0
20201111,17,NO2,攀枝花,44.0
20201111,17,NO2_24h,攀枝花,41.0
20201111,17,O3,攀枝花,87.0
20201111,17,O3_24h,攀枝花,90.0
20201111,17,O3_8h,攀枝花,44.0
20201111,17,O3_8h_24h,攀枝花,44.0
20201111,17,CO,攀枝花,1.55
20201111,17,CO_24h,攀枝花,1.96
20201111,18,AQI,攀枝花,101.0
20201111,18,PM2.5,攀枝花,76.0
20201111,18,PM2.5_24h,攀枝花,69.0
20201111,18,PM10,攀枝花,112.0
20201111,18,PM10_24h,攀枝花,99.0
20201111,18,SO2,攀枝花,62.0
20201111,18,SO2_24h,攀枝花,25.0
20201111,18,NO2,攀枝花,64.0
20201111,18,NO2_24h,攀枝花,43.0
20201111,18,O3,攀枝花,64.0
20201111,18,O3_24h,攀枝花,90.0
20201111,18,O3_8h,攀枝花,51.0
20201111,18,O3_8h_24h,攀枝花,51.0
20201111,18,CO,攀枝花,1.58
20201111,18,CO_24h,攀枝花,1.96
20201111,19,AQI,攀枝花,100.0
20201111,19,PM2.5,攀枝花,75.0
20201111,19,PM2.5_24h,攀枝花,70.0
20201111,19,PM10,攀枝花,113.0
20201111,19,PM10_24h,攀枝花,100.0
20201111,19,SO2,攀枝花,46.0
20201111,19,SO2_24h,攀枝花,25.0
20201111,19,NO2,攀枝花,71.0
20201111,19,NO2_24h,攀枝花,43.0
20201111,19,O3,攀枝花,45.0
20201111,19,O3_24h,攀枝花,90.0
20201111,19,O3_8h,攀枝花,56.0
20201111,19,O3_8h_24h,攀枝花,56.0
20201111,19,CO,攀枝花,1.68
20201111,19,CO_24h,攀枝花,1.96
20201111,20,AQI,攀枝花,98.0
20201111,20,PM2.5,攀枝花,73.0
20201111,20,PM2.5_24h,攀枝花,71.0
20201111,20,PM10,攀枝花,111.0
20201111,20,PM10_24h,攀枝花,101.0
20201111,20,SO2,攀枝花,34.0
20201111,20,SO2_24h,攀枝花,25.0
20201111,20,NO2,攀枝花,67.0
20201111,20,NO2_24h,攀枝花,43.0
20201111,20,O3,攀枝花,35.0
20201111,20,O3_24h,攀枝花,90.0
20201111,20,O3_8h,攀枝花,59.0
20201111,20,O3_8h_24h,攀枝花,59.0
20201111,20,CO,攀枝花,1.72
20201111,20,CO_24h,攀枝花,1.94
20201111,21,AQI,攀枝花,96.0
20201111,21,PM2.5,攀枝花,72.0
20201111,21,PM2.5_24h,攀枝花,72.0
20201111,21,PM10,攀枝花,104.0
20201111,21,PM10_24h,攀枝花,102.0
20201111,21,SO2,攀枝花,25.0
20201111,21,SO2_24h,攀枝花,25.0
20201111,21,NO2,攀枝花,65.0
20201111,21,NO2_24h,攀枝花,44.0
20201111,21,O3,攀枝花,26.0
20201111,21,O3_24h,攀枝花,90.0
20201111,21,O3_8h,攀枝花,57.0
20201111,21,O3_8h_24h,攀枝花,59.0
20201111,21,CO,攀枝花,1.52
20201111,21,CO_24h,攀枝花,1.92
20201111,22,AQI,攀枝花,90.0
20201111,22,PM2.5,攀枝花,67.0
20201111,22,PM2.5_24h,攀枝花,73.0
20201111,22,PM10,攀枝花,100.0
20201111,22,PM10_24h,攀枝花,102.0
20201111,22,SO2,攀枝花,22.0
20201111,22,SO2_24h,攀枝花,26.0
20201111,22,NO2,攀枝花,60.0
20201111,22,NO2_24h,攀枝花,44.0
20201111,22,O3,攀枝花,23.0
20201111,22,O3_24h,攀枝花,90.0
20201111,22,O3_8h,攀枝花,53.0
20201111,22,O3_8h_24h,攀枝花,59.0
20201111,22,CO,攀枝花,1.5
20201111,22,CO_24h,攀枝花,1.92
20201111,23,AQI,攀枝花,84.0
20201111,23,PM2.5,攀枝花,62.0
20201111,23,PM2.5_24h,攀枝花,73.0
20201111,23,PM10,攀枝花,91.0
20201111,23,PM10_24h,攀枝花,103.0
20201111,23,SO2,攀枝花,16.0
20201111,23,SO2_24h,攀枝花,26.0
20201111,23,NO2,攀枝花,52.0
20201111,23,NO2_24h,攀枝花,44.0
20201111,23,O3,攀枝花,21.0
20201111,23,O3_24h,攀枝花,90.0
20201111,23,O3_8h,攀枝花,47.0
20201111,23,O3_8h_24h,攀枝花,59.0
20201111,23,CO,攀枝花,1.38
20201111,23,CO_24h,攀枝花,1.94
20201111,0,AQI,泸州,81.0
20201111,0,PM2.5,泸州,60.0
20201111,0,PM2.5_24h,泸州,54.0
20201111,0,PM10,泸州,95.0
20201111,0,PM10_24h,泸州,76.0
20201111,0,SO2,泸州,15.0
20201111,0,SO2_24h,泸州,16.0
20201111,0,NO2,泸州,69.0
20201111,0,NO2_24h,泸州,50.0
20201111,0,O3,泸州,9.0
20201111,0,O3_24h,泸州,111.0
20201111,0,O3_8h,泸州,43.0
20201111,0,O3_8h_24h,泸州,82.0
20201111,0,CO,泸州,1.2
20201111,0,CO_24h,泸州,0.8
20201111,1,AQI,泸州,90.0
20201111,1,PM2.5,泸州,67.0
20201111,1,PM2.5_24h,泸州,53.0
20201111,1,PM10,泸州,85.0
20201111,1,PM10_24h,泸州,75.0
20201111,1,SO2,泸州,19.0
20201111,1,SO2_24h,泸州,16.0
20201111,1,NO2,泸州,52.0
20201111,1,NO2_24h,泸州,50.0
20201111,1,O3,泸州,21.0
20201111,1,O3_24h,泸州,111.0
20201111,1,O3_8h,泸州,21.0
20201111,1,O3_8h_24h,泸州,21.0
20201111,1,CO,泸州,0.8
20201111,1,CO_24h,泸州,0.8
20201111,2,AQI,泸州,73.0
20201111,2,PM2.5,泸州,53.0
20201111,2,PM2.5_24h,泸州,52.0
20201111,2,PM10,泸州,77.0
20201111,2,PM10_24h,泸州,74.0
20201111,2,SO2,泸州,16.0
20201111,2,SO2_24h,泸州,16.0
20201111,2,NO2,泸州,41.0
20201111,2,NO2_24h,泸州,49.0
20201111,2,O3,泸州,29.0
20201111,2,O3_24h,泸州,111.0
20201111,2,O3_8h,泸州,25.0
20201111,2,O3_8h_24h,泸州,25.0
20201111,2,CO,泸州,0.73
20201111,2,CO_24h,泸州,0.8
20201111,3,AQI,泸州,75.0
20201111,3,PM2.5,泸州,55.0
20201111,3,PM2.5_24h,泸州,52.0
20201111,3,PM10,泸州,83.0
20201111,3,PM10_24h,泸州,74.0
20201111,3,SO2,泸州,14.0
20201111,3,SO2_24h,泸州,16.0
20201111,3,NO2,泸州,45.0
20201111,3,NO2_24h,泸州,49.0
20201111,3,O3,泸州,13.0
20201111,3,O3_24h,泸州,111.0
20201111,3,O3_8h,泸州,21.0
20201111,3,O3_8h_24h,泸州,25.0
20201111,3,CO,泸州,0.8
20201111,3,CO_24h,泸州,0.8
20201111,4,AQI,泸州,75.0
20201111,4,PM2.5,泸州,55.0
20201111,4,PM2.5_24h,泸州,51.0
20201111,4,PM10,泸州,85.0
20201111,4,PM10_24h,泸州,73.0
20201111,4,SO2,泸州,16.0
20201111,4,SO2_24h,泸州,16.0
20201111,4,NO2,泸州,43.0
20201111,4,NO2_24h,泸州,49.0
20201111,4,O3,泸州,8.0
20201111,4,O3_24h,泸州,111.0
20201111,4,O3_8h,泸州,18.0
20201111,4,O3_8h_24h,泸州,25.0
20201111,4,CO,泸州,0.8
20201111,4,CO_24h,泸州,0.8
20201111,5,AQI,泸州,75.0
20201111,5,PM2.5,泸州,55.0
20201111,5,PM2.5_24h,泸州,50.0
20201111,5,PM10,泸州,72.0
20201111,5,PM10_24h,泸州,72.0
20201111,5,SO2,泸州,14.0
20201111,5,SO2_24h,泸州,16.0
20201111,5,NO2,泸州,41.0
20201111,5,NO2_24h,泸州,49.0
20201111,5,O3,泸州,5.0
20201111,5,O3_24h,泸州,111.0
20201111,5,O3_8h,泸州,15.0
20201111,5,O3_8h_24h,泸州,25.0
20201111,5,CO,泸州,0.77
20201111,5,CO_24h,泸州,0.8
20201111,6,AQI,泸州,74.0
20201111,6,PM2.5,泸州,54.0
20201111,6,PM2.5_24h,泸州,50.0
20201111,6,PM10,泸州,77.0
20201111,6,PM10_24h,泸州,72.0
20201111,6,SO2,泸州,15.0
20201111,6,SO2_24h,泸州,16.0
20201111,6,NO2,泸州,40.0
20201111,6,NO2_24h,泸州,49.0
20201111,6,O3,泸州,6.0
20201111,6,O3_24h,泸州,111.0
20201111,6,O3_8h,泸州,14.0
20201111,6,O3_8h_24h,泸州,25.0
20201111,6,CO,泸州,0.73
20201111,6,CO_24h,泸州,0.8
20201111,8,AQI,泸州,70.0
20201111,8,PM2.5,泸州,51.0
20201111,8,PM2.5_24h,泸州,50.0
20201111,8,PM10,泸州,67.0
20201111,8,PM10_24h,泸州,73.0
20201111,8,SO2,泸州,20.0
20201111,8,SO2_24h,泸州,17.0
20201111,8,NO2,泸州,38.0
20201111,8,NO2_24h,泸州,49.0
20201111,8,O3,泸州,8.0
20201111,8,O3_24h,泸州,111.0
20201111,8,O3_8h,泸州,12.0
20201111,8,O3_8h_24h,泸州,26.0
20201111,8,CO,泸州,0.7
20201111,8,CO_24h,泸州,0.8
20201111,10,AQI,泸州,60.0
20201111,10,PM2.5,泸州,43.0
20201111,10,PM2.5_24h,泸州,50.0
20201111,10,PM10,泸州,69.0
20201111,10,PM10_24h,泸州,73.0
20201111,10,SO2,泸州,15.0
20201111,10,SO2_24h,泸州,17.0
20201111,10,NO2,泸州,52.0
20201111,10,NO2_24h,泸州,50.0
20201111,10,O3,泸州,10.0
20201111,10,O3_24h,泸州,111.0
20201111,10,O3_8h,泸州,8.0
20201111,10,O3_8h_24h,泸州,26.0
20201111,10,CO,泸州,0.6
20201111,10,CO_24h,泸州,0.8
20201111,11,AQI,泸州,56.0
20201111,11,PM2.5,泸州,39.0
20201111,11,PM2.5_24h,泸州,50.0
20201111,11,PM10,泸州,61.0
20201111,11,PM10_24h,泸州,73.0
20201111,11,SO2,泸州,15.0
20201111,11,SO2_24h,泸州,16.0
20201111,11,NO2,泸州,52.0
20201111,11,NO2_24h,泸州,51.0
20201111,11,O3,泸州,21.0
20201111,11,O3_24h,泸州,111.0
20201111,11,O3_8h,泸州,9.0
20201111,11,O3_8h_24h,泸州,27.0
20201111,11,CO,泸州,0.67
20201111,11,CO_24h,泸州,0.8
20201111,12,AQI,泸州,54.0
20201111,12,PM2.5,泸州,38.0
20201111,12,PM2.5_24h,泸州,50.0
20201111,12,PM10,泸州,52.0
20201111,12,PM10_24h,泸州,72.0
20201111,12,SO2,泸州,15.0
20201111,12,SO2_24h,泸州,16.0
20201111,12,NO2,泸州,54.0
20201111,12,NO2_24h,泸州,51.0
20201111,12,O3,泸州,33.0
20201111,12,O3_24h,泸州,111.0
20201111,12,O3_8h,泸州,12.0
20201111,12,O3_8h_24h,泸州,28.0
20201111,12,CO,泸州,0.67
20201111,12,CO_24h,泸州,0.8
20201111,13,AQI,泸州,50.0
20201111,13,PM2.5,泸州,33.0
20201111,13,PM2.5_24h,泸州,50.0
20201111,13,PM10,泸州,50.0
20201111,13,PM10_24h,泸州,72.0
20201111,13,SO2,泸州,14.0
20201111,13,SO2_24h,泸州,16.0
20201111,13,NO2,泸州,50.0
20201111,13,NO2_24h,泸州,52.0
20201111,13,O3,泸州,54.0
20201111,13,O3_24h,泸州,111.0
20201111,13,O3_8h,泸州,18.0
20201111,13,O3_8h_24h,泸州,30.0
20201111,13,CO,泸州,0.6
20201111,13,CO_24h,泸州,0.8
20201111,14,AQI,泸州,51.0
20201111,14,PM2.5,泸州,36.0
20201111,14,PM2.5_24h,泸州,50.0
20201111,14,PM10,泸州,51.0
20201111,14,PM10_24h,泸州,71.0
20201111,14,SO2,泸州,13.0
20201111,14,SO2_24h,泸州,16.0
20201111,14,NO2,泸州,40.0
20201111,14,NO2_24h,泸州,52.0
20201111,14,O3,泸州,78.0
20201111,14,O3_24h,泸州,111.0
20201111,14,O3_8h,泸州,27.0
20201111,14,O3_8h_24h,泸州,33.0
20201111,14,CO,泸州,0.43
20201111,14,CO_24h,泸州,0.8
20201111,15,AQI,泸州,58.0
20201111,15,PM2.5,泸州,41.0
20201111,15,PM2.5_24h,泸州,49.0
20201111,15,PM10,泸州,58.0
20201111,15,PM10_24h,泸州,71.0
20201111,15,SO2,泸州,13.0
20201111,15,SO2_24h,泸州,16.0
20201111,15,NO2,泸州,46.0
20201111,15,NO2_24h,泸州,52.0
20201111,15,O3,泸州,85.0
20201111,15,O3_24h,泸州,111.0
20201111,15,O3_8h,泸州,37.0
20201111,15,O3_8h_24h,泸州,39.0
20201111,15,CO,泸州,0.67
20201111,15,CO_24h,泸州,0.83
20201111,16,AQI,泸州,56.0
20201111,16,PM2.5,泸州,40.0
20201111,16,PM2.5_24h,泸州,49.0
20201111,16,PM10,泸州,52.0
20201111,16,PM10_24h,泸州,71.0
20201111,16,SO2,泸州,13.0
20201111,16,SO2_24h,泸州,16.0
20201111,16,NO2,泸州,33.0
20201111,16,NO2_24h,泸州,52.0
20201111,16,O3,泸州,115.0
20201111,16,O3_24h,泸州,116.0
20201111,16,O3_8h,泸州,50.0
20201111,16,O3_8h_24h,泸州,50.0
20201111,16,CO,泸州,0.67
20201111,16,CO_24h,泸州,0.83
20201111,17,AQI,泸州,56.0
20201111,17,PM2.5,泸州,39.0
20201111,17,PM2.5_24h,泸州,49.0
20201111,17,PM10,泸州,61.0
20201111,17,PM10_24h,泸州,72.0
20201111,17,SO2,泸州,11.0
20201111,17,SO2_24h,泸州,16.0
20201111,17,NO2,泸州,29.0
20201111,17,NO2_24h,泸州,52.0
20201111,17,O3,泸州,119.0
20201111,17,O3_24h,泸州,117.0
20201111,17,O3_8h,泸州,62.0
20201111,17,O3_8h_24h,泸州,62.0
20201111,17,CO,泸州,0.53
20201111,17,CO_24h,泸州,0.83
20201111,18,AQI,泸州,60.0
20201111,18,PM2.5,泸州,43.0
20201111,18,PM2.5_24h,泸州,50.0
20201111,18,PM10,泸州,55.0
20201111,18,PM10_24h,泸州,72.0
20201111,18,SO2,泸州,11.0
20201111,18,SO2_24h,泸州,16.0
20201111,18,NO2,泸州,40.0
20201111,18,NO2_24h,泸州,52.0
20201111,18,O3,泸州,109.0
20201111,18,O3_24h,泸州,119.0
20201111,18,O3_8h,泸州,75.0
20201111,18,O3_8h_24h,泸州,75.0
20201111,18,CO,泸州,0.57
20201111,18,CO_24h,泸州,0.83
20201111,19,AQI,泸州,66.0
20201111,19,PM2.5,泸州,48.0
20201111,19,PM2.5_24h,泸州,50.0
20201111,19,PM10,泸州,64.0
20201111,19,PM10_24h,泸州,72.0
20201111,19,SO2,泸州,12.0
20201111,19,SO2_24h,泸州,16.0
20201111,19,NO2,泸州,45.0
20201111,19,NO2_24h,泸州,53.0
20201111,19,O3,泸州,96.0
20201111,19,O3_24h,泸州,119.0
20201111,19,O3_8h,泸州,85.0
20201111,19,O3_8h_24h,泸州,85.0
20201111,19,CO,泸州,0.6
20201111,19,CO_24h,泸州,0.8
20201111,20,AQI,泸州,73.0
20201111,20,PM2.5,泸州,53.0
20201111,20,PM2.5_24h,泸州,50.0
20201111,20,PM10,泸州,74.0
20201111,20,PM10_24h,泸州,72.0
20201111,20,SO2,泸州,18.0
20201111,20,SO2_24h,泸州,16.0
20201111,20,NO2,泸州,53.0
20201111,20,NO2_24h,泸州,51.0
20201111,20,O3,泸州,79.0
20201111,20,O3_24h,泸州,119.0
20201111,20,O3_8h,泸州,91.0
20201111,20,O3_8h_24h,泸州,91.0
20201111,20,CO,泸州,0.73
20201111,20,CO_24h,泸州,0.77
20201111,21,AQI,泸州,98.0
20201111,21,PM2.5,泸州,73.0
20201111,21,PM2.5_24h,泸州,51.0
20201111,21,PM10,泸州,109.0
20201111,21,PM10_24h,泸州,72.0
20201111,21,SO2,泸州,18.0
20201111,21,SO2_24h,泸州,15.0
20201111,21,NO2,泸州,85.0
20201111,21,NO2_24h,泸州,50.0
20201111,21,O3,泸州,34.0
20201111,21,O3_24h,泸州,119.0
20201111,21,O3_8h,泸州,88.0
20201111,21,O3_8h_24h,泸州,91.0
20201111,21,CO,泸州,1.0
20201111,21,CO_24h,泸州,0.77
20201111,22,AQI,泸州,116.0
20201111,22,PM2.5,泸州,88.0
20201111,22,PM2.5_24h,泸州,52.0
20201111,22,PM10,泸州,116.0
20201111,22,PM10_24h,泸州,72.0
20201111,22,SO2,泸州,23.0
20201111,22,SO2_24h,泸州,16.0
20201111,22,NO2,泸州,93.0
20201111,22,NO2_24h,泸州,50.0
20201111,22,O3,泸州,15.0
20201111,22,O3_24h,泸州,119.0
20201111,22,O3_8h,泸州,79.0
20201111,22,O3_8h_24h,泸州,91.0
20201111,22,CO,泸州,1.23
20201111,22,CO_24h,泸州,0.77
20201111,23,AQI,泸州,100.0
20201111,23,PM2.5,泸州,75.0
20201111,23,PM2.5_24h,泸州,52.0
20201111,23,PM10,泸州,114.0
20201111,23,PM10_24h,泸州,73.0
20201111,23,SO2,泸州,17.0
20201111,23,SO2_24h,泸州,16.0
20201111,23,NO2,泸州,87.0
20201111,23,NO2_24h,泸州,50.0
20201111,23,O3,泸州,11.0
20201111,23,O3_24h,泸州,119.0
20201111,23,O3_8h,泸州,70.0
20201111,23,O3_8h_24h,泸州,91.0
20201111,23,CO,泸州,1.27
20201111,23,CO_24h,泸州,0.77
20201111,0,AQI,自贡,136.0
20201111,0,PM2.5,自贡,104.0
20201111,0,PM2.5_24h,自贡,106.0
20201111,0,PM10,自贡,129.0
20201111,0,PM10_24h,自贡,138.0
20201111,0,SO2,自贡,10.0
20201111,0,SO2_24h,自贡,10.0
20201111,0,NO2,自贡,45.0
20201111,0,NO2_24h,自贡,41.0
20201111,0,O3,自贡,39.0
20201111,0,O3_24h,自贡,145.0
20201111,0,O3_8h,自贡,64.0
20201111,0,O3_8h_24h,自贡,117.0
20201111,0,CO,自贡,0.9
20201111,0,CO_24h,自贡,0.93
20201111,1,AQI,自贡,135.0
20201111,1,PM2.5,自贡,103.0
20201111,1,PM2.5_24h,自贡,105.0
20201111,1,PM10,自贡,127.0
20201111,1,PM10_24h,自贡,137.0
20201111,1,SO2,自贡,11.0
20201111,1,SO2_24h,自贡,10.0
20201111,1,NO2,自贡,39.0
20201111,1,NO2_24h,自贡,41.0
20201111,1,O3,自贡,39.0
20201111,1,O3_24h,自贡,145.0
20201111,1,O3_8h,自贡,39.0
20201111,1,O3_8h_24h,自贡,39.0
20201111,1,CO,自贡,0.87
20201111,1,CO_24h,自贡,0.93
20201111,2,AQI,自贡,131.0
20201111,2,PM2.5,自贡,100.0
20201111,2,PM2.5_24h,自贡,104.0
20201111,2,PM10,自贡,121.0
20201111,2,PM10_24h,自贡,136.0
20201111,2,SO2,自贡,8.0
20201111,2,SO2_24h,自贡,11.0
20201111,2,NO2,自贡,35.0
20201111,2,NO2_24h,自贡,41.0
20201111,2,O3,自贡,45.0
20201111,2,O3_24h,自贡,145.0
20201111,2,O3_8h,自贡,42.0
20201111,2,O3_8h_24h,自贡,42.0
20201111,2,CO,自贡,0.83
20201111,2,CO_24h,自贡,0.93
20201111,3,AQI,自贡,129.0
20201111,3,PM2.5,自贡,98.0
20201111,3,PM2.5_24h,自贡,104.0
20201111,3,PM10,自贡,116.0
20201111,3,PM10_24h,自贡,135.0
20201111,3,SO2,自贡,7.0
20201111,3,SO2_24h,自贡,11.0
20201111,3,NO2,自贡,35.0
20201111,3,NO2_24h,自贡,40.0
20201111,3,O3,自贡,29.0
20201111,3,O3_24h,自贡,145.0
20201111,3,O3_8h,自贡,38.0
20201111,3,O3_8h_24h,自贡,42.0
20201111,3,CO,自贡,0.93
20201111,3,CO_24h,自贡,0.93
20201111,4,AQI,自贡,130.0
20201111,4,PM2.5,自贡,99.0
20201111,4,PM2.5_24h,自贡,103.0
20201111,4,PM10,自贡,117.0
20201111,4,PM10_24h,自贡,135.0
20201111,4,SO2,自贡,7.0
20201111,4,SO2_24h,自贡,11.0
20201111,4,NO2,自贡,31.0
20201111,4,NO2_24h,自贡,40.0
20201111,4,O3,自贡,20.0
20201111,4,O3_24h,自贡,145.0
20201111,4,O3_8h,自贡,33.0
20201111,4,O3_8h_24h,自贡,42.0
20201111,4,CO,自贡,0.83
20201111,4,CO_24h,自贡,0.93
20201111,5,AQI,自贡,138.0
20201111,5,PM2.5,自贡,105.0
20201111,5,PM2.5_24h,自贡,103.0
20201111,5,PM10,自贡,124.0
20201111,5,PM10_24h,自贡,134.0
20201111,5,SO2,自贡,7.0
20201111,5,SO2_24h,自贡,10.0
20201111,5,NO2,自贡,26.0
20201111,5,NO2_24h,自贡,40.0
20201111,5,O3,自贡,26.0
20201111,5,O3_24h,自贡,145.0
20201111,5,O3_8h,自贡,32.0
20201111,5,O3_8h_24h,自贡,43.0
20201111,5,CO,自贡,0.83
20201111,5,CO_24h,自贡,0.93
20201111,6,AQI,自贡,146.0
20201111,6,PM2.5,自贡,112.0
20201111,6,PM2.5_24h,自贡,103.0
20201111,6,PM10,自贡,123.0
20201111,6,PM10_24h,自贡,133.0
20201111,6,SO2,自贡,6.0
20201111,6,SO2_24h,自贡,10.0
20201111,6,NO2,自贡,25.0
20201111,6,NO2_24h,自贡,40.0
20201111,6,O3,自贡,22.0
20201111,6,O3_24h,自贡,145.0
20201111,6,O3_8h,自贡,30.0
20201111,6,O3_8h_24h,自贡,43.0
20201111,6,CO,自贡,0.8
20201111,6,CO_24h,自贡,0.93
20201111,8,AQI,自贡,156.0
20201111,8,PM2.5,自贡,119.0
20201111,8,PM2.5_24h,自贡,102.0
20201111,8,PM10,自贡,137.0
20201111,8,PM10_24h,自贡,133.0
20201111,8,SO2,自贡,7.0
20201111,8,SO2_24h,自贡,11.0
20201111,8,NO2,自贡,34.0
20201111,8,NO2_24h,自贡,39.0
20201111,8,O3,自贡,9.0
20201111,8,O3_24h,自贡,145.0
20201111,8,O3_8h,自贡,27.0
20201111,8,O3_8h_24h,自贡,43.0
20201111,8,CO,自贡,1.13
20201111,8,CO_24h,自贡,0.93
20201111,10,AQI,自贡,157.0
20201111,10,PM2.5,自贡,120.0
20201111,10,PM2.5_24h,自贡,103.0
20201111,10,PM10,自贡,143.0
20201111,10,PM10_24h,自贡,132.0
20201111,10,SO2,自贡,13.0
20201111,10,SO2_24h,自贡,10.0
20201111,10,NO2,自贡,43.0
20201111,10,NO2_24h,自贡,38.0
20201111,10,O3,自贡,16.0
20201111,10,O3_24h,自贡,145.0
20201111,10,O3_8h,自贡,18.0
20201111,10,O3_8h_24h,自贡,43.0
20201111,10,CO,自贡,1.1
20201111,10,CO_24h,自贡,0.93
20201111,11,AQI,自贡,148.0
20201111,11,PM2.5,自贡,113.0
20201111,11,PM2.5_24h,自贡,102.0
20201111,11,PM10,自贡,138.0
20201111,11,PM10_24h,自贡,131.0
20201111,11,SO2,自贡,13.0
20201111,11,SO2_24h,自贡,10.0
20201111,11,NO2,自贡,40.0
20201111,11,NO2_24h,自贡,38.0
20201111,11,O3,自贡,35.0
20201111,11,O3_24h,自贡,145.0
20201111,11,O3_8h,自贡,18.0
20201111,11,O3_8h_24h,自贡,44.0
20201111,11,CO,自贡,0.87
20201111,11,CO_24h,自贡,0.93
20201111,12,AQI,自贡,138.0
20201111,12,PM2.5,自贡,105.0
20201111,12,PM2.5_24h,自贡,101.0
20201111,12,PM10,自贡,132.0
20201111,12,PM10_24h,自贡,129.0
20201111,12,SO2,自贡,22.0
20201111,12,SO2_24h,自贡,10.0
20201111,12,NO2,自贡,43.0
20201111,12,NO2_24h,自贡,39.0
20201111,12,O3,自贡,49.0
20201111,12,O3_24h,自贡,145.0
20201111,12,O3_8h,自贡,22.0
20201111,12,O3_8h_24h,自贡,46.0
20201111,12,CO,自贡,0.83
20201111,12,CO_24h,自贡,0.93
20201111,13,AQI,自贡,149.0
20201111,13,PM2.5,自贡,114.0
20201111,13,PM2.5_24h,自贡,101.0
20201111,13,PM10,自贡,144.0
20201111,13,PM10_24h,自贡,129.0
20201111,13,SO2,自贡,25.0
20201111,13,SO2_24h,自贡,11.0
20201111,13,NO2,自贡,37.0
20201111,13,NO2_24h,自贡,40.0
20201111,13,O3,自贡,83.0
20201111,13,O3_24h,自贡,145.0
20201111,13,O3_8h,自贡,29.0
20201111,13,O3_8h_24h,自贡,50.0
20201111,13,CO,自贡,0.83
20201111,13,CO_24h,自贡,0.93
20201111,14,AQI,自贡,153.0
20201111,14,PM2.5,自贡,117.0
20201111,14,PM2.5_24h,自贡,101.0
20201111,14,PM10,自贡,153.0
20201111,14,PM10_24h,自贡,130.0
20201111,14,SO2,自贡,21.0
20201111,14,SO2_24h,自贡,11.0
20201111,14,NO2,自贡,25.0
20201111,14,NO2_24h,自贡,41.0
20201111,14,O3,自贡,129.0
20201111,14,O3_24h,自贡,145.0
20201111,14,O3_8h,自贡,42.0
20201111,14,O3_8h_24h,自贡,58.0
20201111,14,CO,自贡,0.83
20201111,14,CO_24h,自贡,0.93
20201111,15,AQI,自贡,159.0
20201111,15,PM2.5,自贡,121.0
20201111,15,PM2.5_24h,自贡,103.0
20201111,15,PM10,自贡,160.0
20201111,15,PM10_24h,自贡,131.0
20201111,15,SO2,自贡,17.0
20201111,15,SO2_24h,自贡,11.0
20201111,15,NO2,自贡,16.0
20201111,15,NO2_24h,自贡,41.0
20201111,15,O3,自贡,162.0
20201111,15,O3_24h,自贡,162.0
20201111,15,O3_8h,自贡,61.0
20201111,15,O3_8h_24h,自贡,71.0
20201111,15,CO,自贡,0.77
20201111,15,CO_24h,自贡,0.93
20201111,16,AQI,自贡,150.0
20201111,16,PM2.5,自贡,115.0
20201111,16,PM2.5_24h,自贡,104.0
20201111,16,PM10,自贡,148.0
20201111,16,PM10_24h,自贡,133.0
20201111,16,SO2,自贡,14.0
20201111,16,SO2_24h,自贡,12.0
20201111,16,NO2,自贡,13.0
20201111,16,NO2_24h,自贡,41.0
20201111,16,O3,自贡,176.0
20201111,16,O3_24h,自贡,176.0
20201111,16,O3_8h,自贡,82.0
20201111,16,O3_8h_24h,自贡,85.0
20201111,16,CO,自贡,0.67
20201111,16,CO_24h,自贡,0.97
20201111,17,AQI,自贡,129.0
20201111,17,PM2.5,自贡,98.0
20201111,17,PM2.5_24h,自贡,105.0
20201111,17,PM10,自贡,131.0
20201111,17,PM10_24h,自贡,135.0
20201111,17,SO2,自贡,13.0
20201111,17,SO2_24h,自贡,12.0
20201111,17,NO2,自贡,22.0
20201111,17,NO2_24h,自贡,42.0
20201111,17,O3,自贡,163.0
20201111,17,O3_24h,自贡,176.0
20201111,17,O3_8h,自贡,102.0
20201111,17,O3_8h_24h,自贡,102.0
20201111,17,CO,自贡,0.67
20201111,17,CO_24h,自贡,0.97
20201111,18,AQI,自贡,119.0
20201111,18,PM2.5,自贡,90.0
20201111,18,PM2.5_24h,自贡,106.0
20201111,18,PM10,自贡,127.0
20201111,18,PM10_24h,自贡,136.0
20201111,18,SO2,自贡,12.0
20201111,18,SO2_24h,自贡,12.0
20201111,18,NO2,自贡,59.0
20201111,18,NO2_24h,自贡,42.0
20201111,18,O3,自贡,117.0
20201111,18,O3_24h,自贡,176.0
20201111,18,O3_8h,自贡,114.0
20201111,18,O3_8h_24h,自贡,114.0
20201111,18,CO,自贡,0.87
20201111,18,CO_24h,自贡,0.97
20201111,19,AQI,自贡,123.0
20201111,19,PM2.5,自贡,93.0
20201111,19,PM2.5_24h,自贡,107.0
20201111,19,PM10,自贡,142.0
20201111,19,PM10_24h,自贡,137.0
20201111,19,SO2,自贡,11.0
20201111,19,SO2_24h,自贡,12.0
20201111,19,NO2,自贡,86.0
20201111,19,NO2_24h,自贡,42.0
20201111,19,O3,自贡,76.0
20201111,19,O3_24h,自贡,176.0
20201111,19,O3_8h,自贡,119.0
20201111,19,O3_8h_24h,自贡,120.0
20201111,19,CO,自贡,1.4
20201111,19,CO_24h,自贡,0.97
20201111,20,AQI,自贡,140.0
20201111,20,PM2.5,自贡,107.0
20201111,20,PM2.5_24h,自贡,107.0
20201111,20,PM10,自贡,171.0
20201111,20,PM10_24h,自贡,138.0
20201111,20,SO2,自贡,12.0
20201111,20,SO2_24h,自贡,12.0
20201111,20,NO2,自贡,85.0
20201111,20,NO2_24h,自贡,42.0
20201111,20,O3,自贡,72.0
20201111,20,O3_24h,自贡,176.0
20201111,20,O3_8h,自贡,122.0
20201111,20,O3_8h_24h,自贡,125.0
20201111,20,CO,自贡,1.53
20201111,20,CO_24h,自贡,0.93
20201111,21,AQI,自贡,159.0
20201111,21,PM2.5,自贡,121.0
20201111,21,PM2.5_24h,自贡,108.0
20201111,21,PM10,自贡,173.0
20201111,21,PM10_24h,自贡,138.0
20201111,21,SO2,自贡,9.0
20201111,21,SO2_24h,自贡,12.0
20201111,21,NO2,自贡,110.0
20201111,21,NO2_24h,自贡,42.0
20201111,21,O3,自贡,40.0
20201111,21,O3_24h,自贡,176.0
20201111,21,O3_8h,自贡,117.0
20201111,21,O3_8h_24h,自贡,126.0
20201111,21,CO,自贡,1.57
20201111,21,CO_24h,自贡,0.93
20201111,22,AQI,自贡,153.0
20201111,22,PM2.5,自贡,117.0
20201111,22,PM2.5_24h,自贡,109.0
20201111,22,PM10,自贡,164.0
20201111,22,PM10_24h,自贡,139.0
20201111,22,SO2,自贡,8.0
20201111,22,SO2_24h,自贡,12.0
20201111,22,NO2,自贡,105.0
20201111,22,NO2_24h,自贡,45.0
20201111,22,O3,自贡,22.0
20201111,22,O3_24h,自贡,176.0
20201111,22,O3_8h,自贡,104.0
20201111,22,O3_8h_24h,自贡,126.0
20201111,22,CO,自贡,1.2
20201111,22,CO_24h,自贡,0.97
20201111,23,AQI,自贡,179.0
20201111,23,PM2.5,自贡,135.0
20201111,23,PM2.5_24h,自贡,110.0
20201111,23,PM10,自贡,176.0
20201111,23,PM10_24h,自贡,140.0
20201111,23,SO2,自贡,9.0
20201111,23,SO2_24h,自贡,12.0
20201111,23,NO2,自贡,94.0
20201111,23,NO2_24h,自贡,46.0
20201111,23,O3,自贡,20.0
20201111,23,O3_24h,自贡,176.0
20201111,23,O3_8h,自贡,86.0
20201111,23,O3_8h_24h,自贡,126.0
20201111,23,CO,自贡,1.17
20201111,23,CO_24h,自贡,1.03
20201111,0,AQI,德阳,106.0
20201111,0,PM2.5,德阳,80.0
20201111,0,PM2.5_24h,德阳,81.0
20201111,0,PM10,德阳,109.0
20201111,0,PM10_24h,德阳,119.0
20201111,0,SO2,德阳,5.0
20201111,0,SO2_24h,德阳,8.0
20201111,0,NO2,德阳,45.0
20201111,0,NO2_24h,德阳,47.0
20201111,0,O3,德阳,20.0
20201111,0,O3_24h,德阳,85.0
20201111,0,O3_8h,德阳,28.0
20201111,0,O3_8h_24h,德阳,54.0
20201111,0,CO,德阳,0.75
20201111,0,CO_24h,德阳,0.9
20201111,1,AQI,德阳,103.0
20201111,1,PM2.5,德阳,77.0
20201111,1,PM2.5_24h,德阳,81.0
20201111,1,PM10,德阳,105.0
20201111,1,PM10_24h,德阳,119.0
20201111,1,SO2,德阳,5.0
20201111,1,SO2_24h,德阳,8.0
20201111,1,NO2,德阳,45.0
20201111,1,NO2_24h,德阳,46.0
20201111,1,O3,德阳,20.0
20201111,1,O3_24h,德阳,85.0
20201111,1,O3_8h,德阳,20.0
20201111,1,O3_8h_24h,德阳,20.0
20201111,1,CO,德阳,0.72
20201111,1,CO_24h,德阳,0.9
20201111,2,AQI,德阳,103.0
20201111,2,PM2.5,德阳,77.0
20201111,2,PM2.5_24h,德阳,81.0
20201111,2,PM10,德阳,101.0
20201111,2,PM10_24h,德阳,119.0
20201111,2,SO2,德阳,5.0
20201111,2,SO2_24h,德阳,8.0
20201111,2,NO2,德阳,40.0
20201111,2,NO2_24h,德阳,46.0
20201111,2,O3,德阳,26.0
20201111,2,O3_24h,德阳,85.0
20201111,2,O3_8h,德阳,23.0
20201111,2,O3_8h_24h,德阳,23.0
20201111,2,CO,德阳,0.68
20201111,2,CO_24h,德阳,0.9
20201111,3,AQI,德阳,101.0
20201111,3,PM2.5,德阳,76.0
20201111,3,PM2.5_24h,德阳,81.0
20201111,3,PM10,德阳,97.0
20201111,3,PM10_24h,德阳,118.0
20201111,3,SO2,德阳,5.0
20201111,3,SO2_24h,德阳,8.0
20201111,3,NO2,德阳,38.0
20201111,3,NO2_24h,德阳,46.0
20201111,3,O3,德阳,30.0
20201111,3,O3_24h,德阳,84.0
20201111,3,O3_8h,德阳,25.0
20201111,3,O3_8h_24h,德阳,25.0
20201111,3,CO,德阳,0.7
20201111,3,CO_24h,德阳,0.9
20201111,4,AQI,德阳,101.0
20201111,4,PM2.5,德阳,76.0
20201111,4,PM2.5_24h,德阳,81.0
20201111,4,PM10,德阳,101.0
20201111,4,PM10_24h,德阳,119.0
20201111,4,SO2,德阳,5.0
20201111,4,SO2_24h,德阳,8.0
20201111,4,NO2,德阳,38.0
20201111,4,NO2_24h,德阳,45.0
20201111,4,O3,德阳,25.0
20201111,4,O3_24h,德阳,84.0
20201111,4,O3_8h,德阳,25.0
20201111,4,O3_8h_24h,德阳,26.0
20201111,4,CO,德阳,0.7
20201111,4,CO_24h,德阳,0.9
20201111,5,AQI,德阳,104.0
20201111,5,PM2.5,德阳,78.0
20201111,5,PM2.5_24h,德阳,81.0
20201111,5,PM10,德阳,105.0
20201111,5,PM10_24h,德阳,119.0
20201111,5,SO2,德阳,6.0
20201111,5,SO2_24h,德阳,7.0
20201111,5,NO2,德阳,41.0
20201111,5,NO2_24h,德阳,45.0
20201111,5,O3,德阳,20.0
20201111,5,O3_24h,德阳,84.0
20201111,5,O3_8h,德阳,24.0
20201111,5,O3_8h_24h,德阳,26.0
20201111,5,CO,德阳,0.73
20201111,5,CO_24h,德阳,0.9
20201111,6,AQI,德阳,110.0
20201111,6,PM2.5,德阳,83.0
20201111,6,PM2.5_24h,德阳,81.0
20201111,6,PM10,德阳,113.0
20201111,6,PM10_24h,德阳,120.0
20201111,6,SO2,德阳,6.0
20201111,6,SO2_24h,德阳,7.0
20201111,6,NO2,德阳,44.0
20201111,6,NO2_24h,德阳,45.0
20201111,6,O3,德阳,11.0
20201111,6,O3_24h,德阳,84.0
20201111,6,O3_8h,德阳,22.0
20201111,6,O3_8h_24h,德阳,26.0
20201111,6,CO,德阳,0.75
20201111,6,CO_24h,德阳,0.88
20201111,8,AQI,德阳,123.0
20201111,8,PM2.5,德阳,93.0
20201111,8,PM2.5_24h,德阳,83.0
20201111,8,PM10,德阳,132.0
20201111,8,PM10_24h,德阳,120.0
20201111,8,SO2,德阳,13.0
20201111,8,SO2_24h,德阳,7.0
20201111,8,NO2,德阳,49.0
20201111,8,NO2_24h,德阳,45.0
20201111,8,O3,德阳,3.0
20201111,8,O3_24h,德阳,84.0
20201111,8,O3_8h,德阳,17.0
20201111,8,O3_8h_24h,德阳,26.0
20201111,8,CO,德阳,1.05
20201111,8,CO_24h,德阳,0.88
20201111,10,AQI,德阳,130.0
20201111,10,PM2.5,德阳,99.0
20201111,10,PM2.5_24h,德阳,84.0
20201111,10,PM10,德阳,138.0
20201111,10,PM10_24h,德阳,120.0
20201111,10,SO2,德阳,13.0
20201111,10,SO2_24h,德阳,7.0
20201111,10,NO2,德阳,45.0
20201111,10,NO2_24h,德阳,45.0
20201111,10,O3,德阳,19.0
20201111,10,O3_24h,德阳,84.0
20201111,10,O3_8h,德阳,16.0
20201111,10,O3_8h_24h,德阳,26.0
20201111,10,CO,德阳,1.02
20201111,10,CO_24h,德阳,0.88
20201111,11,AQI,德阳,128.0
20201111,11,PM2.5,德阳,97.0
20201111,11,PM2.5_24h,德阳,85.0
20201111,11,PM10,德阳,148.0
20201111,11,PM10_24h,德阳,120.0
20201111,11,SO2,德阳,20.0
20201111,11,SO2_24h,德阳,8.0
20201111,11,NO2,德阳,48.0
20201111,11,NO2_24h,德阳,45.0
20201111,11,O3,德阳,35.0
20201111,11,O3_24h,德阳,84.0
20201111,11,O3_8h,德阳,16.0
20201111,11,O3_8h_24h,德阳,26.0
20201111,11,CO,德阳,0.95
20201111,11,CO_24h,德阳,0.88
20201111,12,AQI,德阳,126.0
20201111,12,PM2.5,德阳,96.0
20201111,12,PM2.5_24h,德阳,84.0
20201111,12,PM10,德阳,137.0
20201111,12,PM10_24h,德阳,120.0
20201111,12,SO2,德阳,19.0
20201111,12,SO2_24h,德阳,8.0
20201111,12,NO2,德阳,36.0
20201111,12,NO2_24h,德阳,44.0
20201111,12,O3,德阳,63.0
20201111,12,O3_24h,德阳,84.0
20201111,12,O3_8h,德阳,21.0
20201111,12,O3_8h_24h,德阳,27.0
20201111,12,CO,德阳,0.78
20201111,12,CO_24h,德阳,0.85
20201111,13,AQI,德阳,119.0
20201111,13,PM2.5,德阳,90.0
20201111,13,PM2.5_24h,德阳,84.0
20201111,13,PM10,德阳,108.0
20201111,13,PM10_24h,德阳,118.0
20201111,13,SO2,德阳,9.0
20201111,13,SO2_24h,德阳,8.0
20201111,13,NO2,德阳,24.0
20201111,13,NO2_24h,德阳,43.0
20201111,13,O3,德阳,89.0
20201111,13,O3_24h,德阳,89.0
20201111,13,O3_8h,德阳,30.0
20201111,13,O3_8h_24h,德阳,32.0
20201111,13,CO,德阳,0.68
20201111,13,CO_24h,德阳,0.85
20201111,14,AQI,德阳,108.0
20201111,14,PM2.5,德阳,81.0
20201111,14,PM2.5_24h,德阳,84.0
20201111,14,PM10,德阳,94.0
20201111,14,PM10_24h,德阳,117.0
20201111,14,SO2,德阳,6.0
20201111,14,SO2_24h,德阳,8.0
20201111,14,NO2,德阳,19.0
20201111,14,NO2_24h,德阳,42.0
20201111,14,O3,德阳,102.0
20201111,14,O3_24h,德阳,102.0
20201111,14,O3_8h,德阳,41.0
20201111,14,O3_8h_24h,德阳,41.0
20201111,14,CO,德阳,0.63
20201111,14,CO_24h,德阳,0.83
20201111,15,AQI,德阳,98.0
20201111,15,PM2.5,德阳,73.0
20201111,15,PM2.5_24h,德阳,83.0
20201111,15,PM10,德阳,98.0
20201111,15,PM10_24h,德阳,117.0
20201111,15,SO2,德阳,9.0
20201111,15,SO2_24h,德阳,8.0
20201111,15,NO2,德阳,20.0
20201111,15,NO2_24h,德阳,42.0
20201111,15,O3,德阳,104.0
20201111,15,O3_24h,德阳,105.0
20201111,15,O3_8h,德阳,54.0
20201111,15,O3_8h_24h,德阳,54.0
20201111,15,CO,德阳,0.67
20201111,15,CO_24h,德阳,0.8
20201111,16,AQI,德阳,94.0
20201111,16,PM2.5,德阳,70.0
20201111,16,PM2.5_24h,德阳,83.0
20201111,16,PM10,德阳,97.0
20201111,16,PM10_24h,德阳,116.0
20201111,16,SO2,德阳,6.0
20201111,16,SO2_24h,德阳,8.0
20201111,16,NO2,德阳,21.0
20201111,16,NO2_24h,德阳,42.0
20201111,16,O3,德阳,108.0
20201111,16,O3_24h,德阳,109.0
20201111,16,O3_8h,德阳,67.0
20201111,16,O3_8h_24h,德阳,67.0
20201111,16,CO,德阳,0.67
20201111,16,CO_24h,德阳,0.8
20201111,17,AQI,德阳,94.0
20201111,17,PM2.5,德阳,70.0
20201111,17,PM2.5_24h,德阳,83.0
20201111,17,PM10,德阳,95.0
20201111,17,PM10_24h,德阳,115.0
20201111,17,SO2,德阳,5.0
20201111,17,SO2_24h,德阳,8.0
20201111,17,NO2,德阳,23.0
20201111,17,NO2_24h,德阳,42.0
20201111,17,O3,德阳,102.0
20201111,17,O3_24h,德阳,109.0
20201111,17,O3_8h,德阳,78.0
20201111,17,O3_8h_24h,德阳,78.0
20201111,17,CO,德阳,0.67
20201111,17,CO_24h,德阳,0.77
20201111,18,AQI,德阳,93.0
20201111,18,PM2.5,德阳,69.0
20201111,18,PM2.5_24h,德阳,82.0
20201111,18,PM10,德阳,94.0
20201111,18,PM10_24h,德阳,114.0
20201111,18,SO2,德阳,4.0
20201111,18,SO2_24h,德阳,8.0
20201111,18,NO2,德阳,31.0
20201111,18,NO2_24h,德阳,42.0
20201111,18,O3,德阳,81.0
20201111,18,O3_24h,德阳,109.0
20201111,18,O3_8h,德阳,85.0
20201111,18,O3_8h_24h,德阳,85.0
20201111,18,CO,德阳,0.75
20201111,18,CO_24h,德阳,0.77
20201111,19,AQI,德阳,90.0
20201111,19,PM2.5,德阳,67.0
20201111,19,PM2.5_24h,德阳,82.0
20201111,19,PM10,德阳,104.0
20201111,19,PM10_24h,德阳,114.0
20201111,19,SO2,德阳,11.0
20201111,19,SO2_24h,德阳,8.0
20201111,19,NO2,德阳,40.0
20201111,19,NO2_24h,德阳,41.0
20201111,19,O3,德阳,51.0
20201111,19,O3_24h,德阳,109.0
20201111,19,O3_8h,德阳,87.0
20201111,19,O3_8h_24h,德阳,88.0
20201111,19,CO,德阳,0.8
20201111,19,CO_24h,德阳,0.77
20201111,20,AQI,德阳,98.0
20201111,20,PM2.5,德阳,73.0
20201111,20,PM2.5_24h,德阳,82.0
20201111,20,PM10,德阳,123.0
20201111,20,PM10_24h,德阳,113.0
20201111,20,SO2,德阳,22.0
20201111,20,SO2_24h,德阳,9.0
20201111,20,NO2,德阳,45.0
20201111,20,NO2_24h,德阳,40.0
20201111,20,O3,德阳,43.0
20201111,20,O3_24h,德阳,109.0
20201111,20,O3_8h,德阳,85.0
20201111,20,O3_8h_24h,德阳,88.0
20201111,20,CO,德阳,0.8
20201111,20,CO_24h,德阳,0.77
20201111,21,AQI,德阳,108.0
20201111,21,PM2.5,德阳,81.0
20201111,21,PM2.5_24h,德阳,82.0
20201111,21,PM10,德阳,130.0
20201111,21,PM10_24h,德阳,114.0
20201111,21,SO2,德阳,17.0
20201111,21,SO2_24h,德阳,9.0
20201111,21,NO2,德阳,51.0
20201111,21,NO2_24h,德阳,39.0
20201111,21,O3,德阳,34.0
20201111,21,O3_24h,德阳,109.0
20201111,21,O3_8h,德阳,78.0
20201111,21,O3_8h_24h,德阳,88.0
20201111,21,CO,德阳,0.85
20201111,21,CO_24h,德阳,0.77
20201111,22,AQI,德阳,118.0
20201111,22,PM2.5,德阳,89.0
20201111,22,PM2.5_24h,德阳,82.0
20201111,22,PM10,德阳,123.0
20201111,22,PM10_24h,德阳,114.0
20201111,22,SO2,德阳,19.0
20201111,22,SO2_24h,德阳,10.0
20201111,22,NO2,德阳,55.0
20201111,22,NO2_24h,德阳,39.0
20201111,22,O3,德阳,26.0
20201111,22,O3_24h,德阳,109.0
20201111,22,O3_8h,德阳,69.0
20201111,22,O3_8h_24h,德阳,88.0
20201111,22,CO,德阳,0.88
20201111,22,CO_24h,德阳,0.77
20201111,23,AQI,德阳,120.0
20201111,23,PM2.5,德阳,91.0
20201111,23,PM2.5_24h,德阳,82.0
20201111,23,PM10,德阳,125.0
20201111,23,PM10_24h,德阳,114.0
20201111,23,SO2,德阳,26.0
20201111,23,SO2_24h,德阳,11.0
20201111,23,NO2,德阳,58.0
20201111,23,NO2_24h,德阳,40.0
20201111,23,O3,德阳,19.0
20201111,23,O3_24h,德阳,109.0
20201111,23,O3_8h,德阳,58.0
20201111,23,O3_8h_24h,德阳,88.0
20201111,23,CO,德阳,0.95
20201111,23,CO_24h,德阳,0.77
20201111,0,AQI,南充,101.0
20201111,0,PM2.5,南充,76.0
20201111,0,PM2.5_24h,南充,68.0
20201111,0,PM10,南充,116.0
20201111,0,PM10_24h,南充,106.0
20201111,0,SO2,南充,2.0
20201111,0,SO2_24h,南充,3.0
20201111,0,NO2,南充,62.0
20201111,0,NO2_24h,南充,47.0
20201111,0,O3,南充,30.0
20201111,0,O3_24h,南充,112.0
20201111,0,O3_8h,南充,50.0
20201111,0,O3_8h_24h,南充,81.0
20201111,0,CO,南充,1.16
20201111,0,CO_24h,南充,0.96
20201111,1,AQI,南充,98.0
20201111,1,PM2.5,南充,73.0
20201111,1,PM2.5_24h,南充,68.0
20201111,1,PM10,南充,109.0
20201111,1,PM10_24h,南充,106.0
20201111,1,SO2,南充,3.0
20201111,1,SO2_24h,南充,3.0
20201111,1,NO2,南充,53.0
20201111,1,NO2_24h,南充,48.0
20201111,1,O3,南充,31.0
20201111,1,O3_24h,南充,112.0
20201111,1,O3_8h,南充,31.0
20201111,1,O3_8h_24h,南充,31.0
20201111,1,CO,南充,0.94
20201111,1,CO_24h,南充,0.96
20201111,2,AQI,南充,96.0
20201111,2,PM2.5,南充,72.0
20201111,2,PM2.5_24h,南充,69.0
20201111,2,PM10,南充,101.0
20201111,2,PM10_24h,南充,106.0
20201111,2,SO2,南充,2.0
20201111,2,SO2_24h,南充,3.0
20201111,2,NO2,南充,43.0
20201111,2,NO2_24h,南充,47.0
20201111,2,O3,南充,32.0
20201111,2,O3_24h,南充,112.0
20201111,2,O3_8h,南充,32.0
20201111,2,O3_8h_24h,南充,33.0
20201111,2,CO,南充,0.86
20201111,2,CO_24h,南充,0.96
20201111,3,AQI,南充,94.0
20201111,3,PM2.5,南充,70.0
20201111,3,PM2.5_24h,南充,69.0
20201111,3,PM10,南充,99.0
20201111,3,PM10_24h,南充,106.0
20201111,3,SO2,南充,3.0
20201111,3,SO2_24h,南充,3.0
20201111,3,NO2,南充,42.0
20201111,3,NO2_24h,南充,47.0
20201111,3,O3,南充,30.0
20201111,3,O3_24h,南充,112.0
20201111,3,O3_8h,南充,31.0
20201111,3,O3_8h_24h,南充,33.0
20201111,3,CO,南充,0.82
20201111,3,CO_24h,南充,0.96
20201111,4,AQI,南充,90.0
20201111,4,PM2.5,南充,67.0
20201111,4,PM2.5_24h,南充,69.0
20201111,4,PM10,南充,93.0
20201111,4,PM10_24h,南充,106.0
20201111,4,SO2,南充,2.0
20201111,4,SO2_24h,南充,3.0
20201111,4,NO2,南充,36.0
20201111,4,NO2_24h,南充,47.0
20201111,4,O3,南充,32.0
20201111,4,O3_24h,南充,112.0
20201111,4,O3_8h,南充,31.0
20201111,4,O3_8h_24h,南充,33.0
20201111,4,CO,南充,0.8
20201111,4,CO_24h,南充,0.96
20201111,5,AQI,南充,89.0
20201111,5,PM2.5,南充,66.0
20201111,5,PM2.5_24h,南充,69.0
20201111,5,PM10,南充,84.0
20201111,5,PM10_24h,南充,106.0
20201111,5,SO2,南充,2.0
20201111,5,SO2_24h,南充,3.0
20201111,5,NO2,南充,33.0
20201111,5,NO2_24h,南充,47.0
20201111,5,O3,南充,28.0
20201111,5,O3_24h,南充,112.0
20201111,5,O3_8h,南充,31.0
20201111,5,O3_8h_24h,南充,33.0
20201111,5,CO,南充,0.8
20201111,5,CO_24h,南充,0.96
20201111,6,AQI,南充,89.0
20201111,6,PM2.5,南充,66.0
20201111,6,PM2.5_24h,南充,69.0
20201111,6,PM10,南充,92.0
20201111,6,PM10_24h,南充,106.0
20201111,6,SO2,南充,3.0
20201111,6,SO2_24h,南充,3.0
20201111,6,NO2,南充,33.0
20201111,6,NO2_24h,南充,47.0
20201111,6,O3,南充,28.0
20201111,6,O3_24h,南充,112.0
20201111,6,O3_8h,南充,30.0
20201111,6,O3_8h_24h,南充,33.0
20201111,6,CO,南充,0.82
20201111,6,CO_24h,南充,0.96
20201111,8,AQI,南充,89.0
20201111,8,PM2.5,南充,66.0
20201111,8,PM2.5_24h,南充,70.0
20201111,8,PM10,南充,86.0
20201111,8,PM10_24h,南充,107.0
20201111,8,SO2,南充,2.0
20201111,8,SO2_24h,南充,3.0
20201111,8,NO2,南充,34.0
20201111,8,NO2_24h,南充,47.0
20201111,8,O3,南充,29.0
20201111,8,O3_24h,南充,112.0
20201111,8,O3_8h,南充,30.0
20201111,8,O3_8h_24h,南充,33.0
20201111,8,CO,南充,0.96
20201111,8,CO_24h,南充,0.96
20201111,10,AQI,南充,91.0
20201111,10,PM2.5,南充,68.0
20201111,10,PM2.5_24h,南充,70.0
20201111,10,PM10,南充,99.0
20201111,10,PM10_24h,南充,107.0
20201111,10,SO2,南充,2.0
20201111,10,SO2_24h,南充,3.0
20201111,10,NO2,南充,35.0
20201111,10,NO2_24h,南充,47.0
20201111,10,O3,南充,29.0
20201111,10,O3_24h,南充,112.0
20201111,10,O3_8h,南充,29.0
20201111,10,O3_8h_24h,南充,34.0
20201111,10,CO,南充,1.2
20201111,10,CO_24h,南充,0.96
20201111,11,AQI,南充,101.0
20201111,11,PM2.5,南充,76.0
20201111,11,PM2.5_24h,南充,70.0
20201111,11,PM10,南充,109.0
20201111,11,PM10_24h,南充,108.0
20201111,11,SO2,南充,2.0
20201111,11,SO2_24h,南充,3.0
20201111,11,NO2,南充,39.0
20201111,11,NO2_24h,南充,48.0
20201111,11,O3,南充,34.0
20201111,11,O3_24h,南充,112.0
20201111,11,O3_8h,南充,30.0
20201111,11,O3_8h_24h,南充,34.0
20201111,11,CO,南充,1.1
20201111,11,CO_24h,南充,1.0
20201111,12,AQI,南充,108.0
20201111,12,PM2.5,南充,81.0
20201111,12,PM2.5_24h,南充,70.0
20201111,12,PM10,南充,115.0
20201111,12,PM10_24h,南充,108.0
20201111,12,SO2,南充,3.0
20201111,12,SO2_24h,南充,3.0
20201111,12,NO2,南充,40.0
20201111,12,NO2_24h,南充,48.0
20201111,12,O3,南充,43.0
20201111,12,O3_24h,南充,112.0
20201111,12,O3_8h,南充,31.0
20201111,12,O3_8h_24h,南充,35.0
20201111,12,CO,南充,0.94
20201111,12,CO_24h,南充,0.98
20201111,13,AQI,南充,94.0
20201111,13,PM2.5,南充,70.0
20201111,13,PM2.5_24h,南充,70.0
20201111,13,PM10,南充,109.0
20201111,13,PM10_24h,南充,108.0
20201111,13,SO2,南充,3.0
20201111,13,SO2_24h,南充,2.0
20201111,13,NO2,南充,34.0
20201111,13,NO2_24h,南充,48.0
20201111,13,O3,南充,66.0
20201111,13,O3_24h,南充,112.0
20201111,13,O3_8h,南充,36.0
20201111,13,O3_8h_24h,南充,38.0
20201111,13,CO,南充,0.8
20201111,13,CO_24h,南充,0.98
20201111,14,AQI,南充,80.0
20201111,14,PM2.5,南充,59.0
20201111,14,PM2.5_24h,南充,70.0
20201111,14,PM10,南充,92.0
20201111,14,PM10_24h,南充,108.0
20201111,14,SO2,南充,3.0
20201111,14,SO2_24h,南充,2.0
20201111,14,NO2,南充,18.0
20201111,14,NO2_24h,南充,47.0
20201111,14,O3,南充,96.0
20201111,14,O3_24h,南充,112.0
20201111,14,O3_8h,南充,44.0
20201111,14,O3_8h_24h,南充,45.0
20201111,14,CO,南充,0.5
20201111,14,CO_24h,南充,0.98
20201111,15,AQI,南充,55.0
20201111,15,PM2.5,南充,36.0
20201111,15,PM2.5_24h,南充,69.0
20201111,15,PM10,南充,60.0
20201111,15,PM10_24h,南充,106.0
20201111,15,SO2,南充,3.0
20201111,15,SO2_24h,南充,2.0
20201111,15,NO2,南充,16.0
20201111,15,NO2_24h,南充,47.0
20201111,15,O3,南充,102.0
20201111,15,O3_24h,南充,113.0
20201111,15,O3_8h,南充,55.0
20201111,15,O3_8h_24h,南充,55.0
20201111,15,CO,南充,0.4
20201111,15,CO_24h,南充,0.95
20201111,16,AQI,南充,53.0
20201111,16,PM2.5,南充,31.0
20201111,16,PM2.5_24h,南充,68.0
20201111,16,PM10,南充,55.0
20201111,16,PM10_24h,南充,104.0
20201111,16,SO2,南充,2.0
20201111,16,SO2_24h,南充,2.0
20201111,16,NO2,南充,16.0
20201111,16,NO2_24h,南充,47.0
20201111,16,O3,南充,107.0
20201111,16,O3_24h,南充,113.0
20201111,16,O3_8h,南充,64.0
20201111,16,O3_8h_24h,南充,64.0
20201111,16,CO,南充,0.4
20201111,16,CO_24h,南充,0.95
20201111,17,AQI,南充,52.0
20201111,17,PM2.5,南充,23.0
20201111,17,PM2.5_24h,南充,66.0
20201111,17,PM10,南充,53.0
20201111,17,PM10_24h,南充,103.0
20201111,17,SO2,南充,3.0
20201111,17,SO2_24h,南充,2.0
20201111,17,NO2,南充,20.0
20201111,17,NO2_24h,南充,47.0
20201111,17,O3,南充,104.0
20201111,17,O3_24h,南充,106.0
20201111,17,O3_8h,南充,71.0
20201111,17,O3_8h_24h,南充,71.0
20201111,17,CO,南充,0.46
20201111,17,CO_24h,南充,0.96
20201111,18,AQI,南充,55.0
20201111,18,PM2.5,南充,32.0
20201111,18,PM2.5_24h,南充,64.0
20201111,18,PM10,南充,59.0
20201111,18,PM10_24h,南充,101.0
20201111,18,SO2,南充,2.0
20201111,18,SO2_24h,南充,2.0
20201111,18,NO2,南充,43.0
20201111,18,NO2_24h,南充,47.0
20201111,18,O3,南充,83.0
20201111,18,O3_24h,南充,105.0
20201111,18,O3_8h,南充,78.0
20201111,18,O3_8h_24h,南充,78.0
20201111,18,CO,南充,0.68
20201111,18,CO_24h,南充,0.94
20201111,19,AQI,南充,61.0
20201111,19,PM2.5,南充,40.0
20201111,19,PM2.5_24h,南充,63.0
20201111,19,PM10,南充,72.0
20201111,19,PM10_24h,南充,99.0
20201111,19,SO2,南充,2.0
20201111,19,SO2_24h,南充,2.0
20201111,19,NO2,南充,95.0
20201111,19,NO2_24h,南充,46.0
20201111,19,O3,南充,40.0
20201111,19,O3_24h,南充,105.0
20201111,19,O3_8h,南充,78.0
20201111,19,O3_8h_24h,南充,79.0
20201111,19,CO,南充,1.1
20201111,19,CO_24h,南充,0.92
20201111,20,AQI,南充,83.0
20201111,20,PM2.5,南充,51.0
20201111,20,PM2.5_24h,南充,62.0
20201111,20,PM10,南充,116.0
20201111,20,PM10_24h,南充,98.0
20201111,20,SO2,南充,2.0
20201111,20,SO2_24h,南充,2.0
20201111,20,NO2,南充,99.0
20201111,20,NO2_24h,南充,46.0
20201111,20,O3,南充,29.0
20201111,20,O3_24h,南充,105.0
20201111,20,O3_8h,南充,76.0
20201111,20,O3_8h_24h,南充,79.0
20201111,20,CO,南充,1.28
20201111,20,CO_24h,南充,0.9
20201111,21,AQI,南充,92.0
20201111,21,PM2.5,南充,57.0
20201111,21,PM2.5_24h,南充,61.0
20201111,21,PM10,南充,134.0
20201111,21,PM10_24h,南充,97.0
20201111,21,SO2,南充,2.0
20201111,21,SO2_24h,南充,2.0
20201111,21,NO2,南充,96.0
20201111,21,NO2_24h,南充,46.0
20201111,21,O3,南充,26.0
20201111,21,O3_24h,南充,105.0
20201111,21,O3_8h,南充,71.0
20201111,21,O3_8h_24h,南充,79.0
20201111,21,CO,南充,1.2
20201111,21,CO_24h,南充,0.9
20201111,22,AQI,南充,87.0
20201111,22,PM2.5,南充,58.0
20201111,22,PM2.5_24h,南充,60.0
20201111,22,PM10,南充,124.0
20201111,22,PM10_24h,南充,96.0
20201111,22,SO2,南充,2.0
20201111,22,SO2_24h,南充,2.0
20201111,22,NO2,南充,83.0
20201111,22,NO2_24h,南充,47.0
20201111,22,O3,南充,29.0
20201111,22,O3_24h,南充,105.0
20201111,22,O3_8h,南充,62.0
20201111,22,O3_8h_24h,南充,79.0
20201111,22,CO,南充,1.1
20201111,22,CO_24h,南充,0.9
20201111,23,AQI,南充,81.0
20201111,23,PM2.5,南充,58.0
20201111,23,PM2.5_24h,南充,60.0
20201111,23,PM10,南充,111.0
20201111,23,PM10_24h,南充,96.0
20201111,23,SO2,南充,3.0
20201111,23,SO2_24h,南充,2.0
20201111,23,NO2,南充,77.0
20201111,23,NO2_24h,南充,47.0
20201111,23,O3,南充,30.0
20201111,23,O3_24h,南充,105.0
20201111,23,O3_8h,南充,54.0
20201111,23,O3_8h_24h,南充,79.0
20201111,23,CO,南充,0.98
20201111,23,CO_24h,南充,0.88
20201111,0,AQI,遵义,69.0
20201111,0,PM2.5,遵义,43.0
20201111,0,PM2.5_24h,遵义,27.0
20201111,0,PM10,遵义,87.0
20201111,0,PM10_24h,遵义,60.0
20201111,0,SO2,遵义,21.0
20201111,0,SO2_24h,遵义,16.0
20201111,0,NO2,遵义,52.0
20201111,0,NO2_24h,遵义,34.0
20201111,0,O3,遵义,18.0
20201111,0,O3_24h,遵义,114.0
20201111,0,O3_8h,遵义,45.0
20201111,0,O3_8h_24h,遵义,94.0
20201111,0,CO,遵义,0.72
20201111,0,CO_24h,遵义,0.58
20201111,1,AQI,遵义,60.0
20201111,1,PM2.5,遵义,37.0
20201111,1,PM2.5_24h,遵义,27.0
20201111,1,PM10,遵义,69.0
20201111,1,PM10_24h,遵义,60.0
20201111,1,SO2,遵义,20.0
20201111,1,SO2_24h,遵义,16.0
20201111,1,NO2,遵义,47.0
20201111,1,NO2_24h,遵义,34.0
20201111,1,O3,遵义,18.0
20201111,1,O3_24h,遵义,114.0
20201111,1,O3_8h,遵义,18.0
20201111,1,O3_8h_24h,遵义,18.0
20201111,1,CO,遵义,0.76
20201111,1,CO_24h,遵义,0.58
20201111,2,AQI,遵义,59.0
20201111,2,PM2.5,遵义,36.0
20201111,2,PM2.5_24h,遵义,27.0
20201111,2,PM10,遵义,67.0
20201111,2,PM10_24h,遵义,59.0
20201111,2,SO2,遵义,19.0
20201111,2,SO2_24h,遵义,16.0
20201111,2,NO2,遵义,41.0
20201111,2,NO2_24h,遵义,34.0
20201111,2,O3,遵义,18.0
20201111,2,O3_24h,遵义,114.0
20201111,2,O3_8h,遵义,18.0
20201111,2,O3_8h_24h,遵义,19.0
20201111,2,CO,遵义,0.72
20201111,2,CO_24h,遵义,0.58
20201111,3,AQI,遵义,57.0
20201111,3,PM2.5,遵义,30.0
20201111,3,PM2.5_24h,遵义,27.0
20201111,3,PM10,遵义,64.0
20201111,3,PM10_24h,遵义,59.0
20201111,3,SO2,遵义,15.0
20201111,3,SO2_24h,遵义,16.0
20201111,3,NO2,遵义,34.0
20201111,3,NO2_24h,遵义,34.0
20201111,3,O3,遵义,23.0
20201111,3,O3_24h,遵义,114.0
20201111,3,O3_8h,遵义,20.0
20201111,3,O3_8h_24h,遵义,20.0
20201111,3,CO,遵义,0.6
20201111,3,CO_24h,遵义,0.58
20201111,4,AQI,遵义,55.0
20201111,4,PM2.5,遵义,24.0
20201111,4,PM2.5_24h,遵义,26.0
20201111,4,PM10,遵义,59.0
20201111,4,PM10_24h,遵义,59.0
20201111,4,SO2,遵义,16.0
20201111,4,SO2_24h,遵义,16.0
20201111,4,NO2,遵义,31.0
20201111,4,NO2_24h,遵义,34.0
20201111,4,O3,遵义,24.0
20201111,4,O3_24h,遵义,114.0
20201111,4,O3_8h,遵义,21.0
20201111,4,O3_8h_24h,遵义,21.0
20201111,4,CO,遵义,0.58
20201111,4,CO_24h,遵义,0.58
20201111,5,AQI,遵义,52.0
20201111,5,PM2.5,遵义,25.0
20201111,5,PM2.5_24h,遵义,26.0
20201111,5,PM10,遵义,54.0
20201111,5,PM10_24h,遵义,59.0
20201111,5,SO2,遵义,13.0
20201111,5,SO2_24h,遵义,16.0
20201111,5,NO2,遵义,27.0
20201111,5,NO2_24h,遵义,34.0
20201111,5,O3,遵义,24.0
20201111,5,O3_24h,遵义,114.0
20201111,5,O3_8h,遵义,21.0
20201111,5,O3_8h_24h,遵义,21.0
20201111,5,CO,遵义,0.54
20201111,5,CO_24h,遵义,0.58
20201111,6,AQI,遵义,52.0
20201111,6,PM2.5,遵义,23.0
20201111,6,PM2.5_24h,遵义,26.0
20201111,6,PM10,遵义,53.0
20201111,6,PM10_24h,遵义,59.0
20201111,6,SO2,遵义,13.0
20201111,6,SO2_24h,遵义,16.0
20201111,6,NO2,遵义,24.0
20201111,6,NO2_24h,遵义,34.0
20201111,6,O3,遵义,24.0
20201111,6,O3_24h,遵义,114.0
20201111,6,O3_8h,遵义,22.0
20201111,6,O3_8h_24h,遵义,22.0
20201111,6,CO,遵义,0.54
20201111,6,CO_24h,遵义,0.58
20201111,8,AQI,遵义,47.0
20201111,8,PM2.5,遵义,23.0
20201111,8,PM2.5_24h,遵义,26.0
20201111,8,PM10,遵义,47.0
20201111,8,PM10_24h,遵义,58.0
20201111,8,SO2,遵义,14.0
20201111,8,SO2_24h,遵义,16.0
20201111,8,NO2,遵义,26.0
20201111,8,NO2_24h,遵义,35.0
20201111,8,O3,遵义,18.0
20201111,8,O3_24h,遵义,114.0
20201111,8,O3_8h,遵义,21.0
20201111,8,O3_8h_24h,遵义,22.0
20201111,8,CO,遵义,0.64
20201111,8,CO_24h,遵义,0.58
20201111,10,AQI,遵义,51.0
20201111,10,PM2.5,遵义,22.0
20201111,10,PM2.5_24h,遵义,26.0
20201111,10,PM10,遵义,52.0
20201111,10,PM10_24h,遵义,58.0
20201111,10,SO2,遵义,22.0
20201111,10,SO2_24h,遵义,16.0
20201111,10,NO2,遵义,38.0
20201111,10,NO2_24h,遵义,34.0
20201111,10,O3,遵义,20.0
20201111,10,O3_24h,遵义,114.0
20201111,10,O3_8h,遵义,21.0
20201111,10,O3_8h_24h,遵义,23.0
20201111,10,CO,遵义,0.82
20201111,10,CO_24h,遵义,0.58
20201111,11,AQI,遵义,52.0
20201111,11,PM2.5,遵义,20.0
20201111,11,PM2.5_24h,遵义,26.0
20201111,11,PM10,遵义,54.0
20201111,11,PM10_24h,遵义,57.0
20201111,11,SO2,遵义,22.0
20201111,11,SO2_24h,遵义,16.0
20201111,11,NO2,遵义,41.0
20201111,11,NO2_24h,遵义,34.0
20201111,11,O3,遵义,37.0
20201111,11,O3_24h,遵义,114.0
20201111,11,O3_8h,遵义,23.0
20201111,11,O3_8h_24h,遵义,26.0
20201111,11,CO,遵义,0.8
20201111,11,CO_24h,遵义,0.58
20201111,12,AQI,遵义,56.0
20201111,12,PM2.5,遵义,23.0
20201111,12,PM2.5_24h,遵义,25.0
20201111,12,PM10,遵义,62.0
20201111,12,PM10_24h,遵义,57.0
20201111,12,SO2,遵义,14.0
20201111,12,SO2_24h,遵义,16.0
20201111,12,NO2,遵义,26.0
20201111,12,NO2_24h,遵义,34.0
20201111,12,O3,遵义,80.0
20201111,12,O3_24h,遵义,114.0
20201111,12,O3_8h,遵义,30.0
20201111,12,O3_8h_24h,遵义,34.0
20201111,12,CO,遵义,0.52
20201111,12,CO_24h,遵义,0.58
20201111,13,AQI,遵义,39.0
20201111,13,PM2.5,遵义,20.0
20201111,13,PM2.5_24h,遵义,25.0
20201111,13,PM10,遵义,39.0
20201111,13,PM10_24h,遵义,57.0
20201111,13,SO2,遵义,9.0
20201111,13,SO2_24h,遵义,16.0
20201111,13,NO2,遵义,15.0
20201111,13,NO2_24h,遵义,34.0
20201111,13,O3,遵义,103.0
20201111,13,O3_24h,遵义,114.0
20201111,13,O3_8h,遵义,40.0
20201111,13,O3_8h_24h,遵义,42.0
20201111,13,CO,遵义,0.42
20201111,13,CO_24h,遵义,0.58
20201111,14,AQI,遵义,35.0
20201111,14,PM2.5,遵义,16.0
20201111,14,PM2.5_24h,遵义,25.0
20201111,14,PM10,遵义,35.0
20201111,14,PM10_24h,遵义,56.0
20201111,14,SO2,遵义,8.0
20201111,14,SO2_24h,遵义,16.0
20201111,14,NO2,遵义,14.0
20201111,14,NO2_24h,遵义,34.0
20201111,14,O3,遵义,109.0
20201111,14,O3_24h,遵义,114.0
20201111,14,O3_8h,遵义,50.0
20201111,14,O3_8h_24h,遵义,52.0
20201111,14,CO,遵义,0.4
20201111,14,CO_24h,遵义,0.58
20201111,15,AQI,遵义,36.0
20201111,15,PM2.5,遵义,15.0
20201111,15,PM2.5_24h,遵义,25.0
20201111,15,PM10,遵义,32.0
20201111,15,PM10_24h,遵义,55.0
20201111,15,SO2,遵义,7.0
20201111,15,SO2_24h,遵义,16.0
20201111,15,NO2,遵义,13.0
20201111,15,NO2_24h,遵义,34.0
20201111,15,O3,遵义,114.0
20201111,15,O3_24h,遵义,115.0
20201111,15,O3_8h,遵义,62.0
20201111,15,O3_8h_24h,遵义,63.0
20201111,15,CO,遵义,0.38
20201111,15,CO_24h,遵义,0.58
20201111,16,AQI,遵义,35.0
20201111,16,PM2.5,遵义,16.0
20201111,16,PM2.5_24h,遵义,25.0
20201111,16,PM10,遵义,31.0
20201111,16,PM10_24h,遵义,55.0
20201111,16,SO2,遵义,7.0
20201111,16,SO2_24h,遵义,16.0
20201111,16,NO2,遵义,13.0
20201111,16,NO2_24h,遵义,34.0
20201111,16,O3,遵义,113.0
20201111,16,O3_24h,遵义,114.0
20201111,16,O3_8h,遵义,74.0
20201111,16,O3_8h_24h,遵义,74.0
20201111,16,CO,遵义,0.38
20201111,16,CO_24h,遵义,0.58
20201111,17,AQI,遵义,33.0
20201111,17,PM2.5,遵义,12.0
20201111,17,PM2.5_24h,遵义,25.0
20201111,17,PM10,遵义,29.0
20201111,17,PM10_24h,遵义,55.0
20201111,17,SO2,遵义,8.0
20201111,17,SO2_24h,遵义,16.0
20201111,17,NO2,遵义,16.0
20201111,17,NO2_24h,遵义,34.0
20201111,17,O3,遵义,106.0
20201111,17,O3_24h,遵义,114.0
20201111,17,O3_8h,遵义,85.0
20201111,17,O3_8h_24h,遵义,85.0
20201111,17,CO,遵义,0.36
20201111,17,CO_24h,遵义,0.58
20201111,18,AQI,遵义,31.0
20201111,18,PM2.5,遵义,14.0
20201111,18,PM2.5_24h,遵义,25.0
20201111,18,PM10,遵义,31.0
20201111,18,PM10_24h,遵义,55.0
20201111,18,SO2,遵义,15.0
20201111,18,SO2_24h,遵义,16.0
20201111,18,NO2,遵义,32.0
20201111,18,NO2_24h,遵义,34.0
20201111,18,O3,遵义,89.0
20201111,18,O3_24h,遵义,114.0
20201111,18,O3_8h,遵义,94.0
20201111,18,O3_8h_24h,遵义,94.0
20201111,18,CO,遵义,0.52
20201111,18,CO_24h,遵义,0.58
20201111,19,AQI,遵义,39.0
20201111,19,PM2.5,遵义,18.0
20201111,19,PM2.5_24h,遵义,25.0
20201111,19,PM10,遵义,39.0
20201111,19,PM10_24h,遵义,55.0
20201111,19,SO2,遵义,26.0
20201111,19,SO2_24h,遵义,16.0
20201111,19,NO2,遵义,55.0
20201111,19,NO2_24h,遵义,35.0
20201111,19,O3,遵义,56.0
20201111,19,O3_24h,遵义,114.0
20201111,19,O3_8h,遵义,96.0
20201111,19,O3_8h_24h,遵义,97.0
20201111,19,CO,遵义,0.76
20201111,19,CO_24h,遵义,0.6
20201111,20,AQI,遵义,62.0
20201111,20,PM2.5,遵义,26.0
20201111,20,PM2.5_24h,遵义,25.0
20201111,20,PM10,遵义,73.0
20201111,20,PM10_24h,遵义,55.0
20201111,20,SO2,遵义,24.0
20201111,20,SO2_24h,遵义,16.0
20201111,20,NO2,遵义,59.0
20201111,20,NO2_24h,遵义,35.0
20201111,20,O3,遵义,42.0
20201111,20,O3_24h,遵义,114.0
20201111,20,O3_8h,遵义,91.0
20201111,20,O3_8h_24h,遵义,97.0
20201111,20,CO,遵义,0.8
20201111,20,CO_24h,遵义,0.6
20201111,21,AQI,遵义,63.0
20201111,21,PM2.5,遵义,35.0
20201111,21,PM2.5_24h,遵义,25.0
20201111,21,PM10,遵义,76.0
20201111,21,PM10_24h,遵义,55.0
20201111,21,SO2,遵义,22.0
20201111,21,SO2_24h,遵义,16.0
20201111,21,NO2,遵义,57.0
20201111,21,NO2_24h,遵义,35.0
20201111,21,O3,遵义,35.0
20201111,21,O3_24h,遵义,114.0
20201111,21,O3_8h,遵义,83.0
20201111,21,O3_8h_24h,遵义,97.0
20201111,21,CO,遵义,0.74
20201111,21,CO_24h,遵义,0.6
20201111,22,AQI,遵义,68.0
20201111,22,PM2.5,遵义,38.0
20201111,22,PM2.5_24h,遵义,25.0
20201111,22,PM10,遵义,86.0
20201111,22,PM10_24h,遵义,55.0
20201111,22,SO2,遵义,22.0
20201111,22,SO2_24h,遵义,16.0
20201111,22,NO2,遵义,56.0
20201111,22,NO2_24h,遵义,35.0
20201111,22,O3,遵义,30.0
20201111,22,O3_24h,遵义,114.0
20201111,22,O3_8h,遵义,73.0
20201111,22,O3_8h_24h,遵义,97.0
20201111,22,CO,遵义,0.78
20201111,22,CO_24h,遵义,0.6
20201111,23,AQI,遵义,69.0
20201111,23,PM2.5,遵义,38.0
20201111,23,PM2.5_24h,遵义,25.0
20201111,23,PM10,遵义,87.0
20201111,23,PM10_24h,遵义,55.0
20201111,23,SO2,遵义,24.0
20201111,23,SO2_24h,遵义,16.0
20201111,23,NO2,遵义,57.0
20201111,23,NO2_24h,遵义,34.0
20201111,23,O3,遵义,24.0
20201111,23,O3_24h,遵义,114.0
20201111,23,O3_8h,遵义,62.0
20201111,23,O3_8h_24h,遵义,97.0
20201111,23,CO,遵义,0.8
20201111,23,CO_24h,遵义,0.6
20201111,0,AQI,曲靖,57.0
20201111,0,PM2.5,曲靖,27.0
20201111,0,PM2.5_24h,曲靖,42.0
20201111,0,PM10,曲靖,63.0
20201111,0,PM10_24h,曲靖,71.0
20201111,0,SO2,曲靖,12.0
20201111,0,SO2_24h,曲靖,20.0
20201111,0,NO2,曲靖,28.0
20201111,0,NO2_24h,曲靖,28.0
20201111,0,O3,曲靖,70.0
20201111,0,O3_24h,曲靖,141.0
20201111,0,O3_8h,曲靖,88.0
20201111,0,O3_8h_24h,曲靖,110.0
20201111,0,CO,曲靖,0.95
20201111,0,CO_24h,曲靖,1.1
20201111,1,AQI,曲靖,55.0
20201111,1,PM2.5,曲靖,22.0
20201111,1,PM2.5_24h,曲靖,41.0
20201111,1,PM10,曲靖,59.0
20201111,1,PM10_24h,曲靖,69.0
20201111,1,SO2,曲靖,14.0
20201111,1,SO2_24h,曲靖,20.0
20201111,1,NO2,曲靖,24.0
20201111,1,NO2_24h,曲靖,27.0
20201111,1,O3,曲靖,71.0
20201111,1,O3_24h,曲靖,141.0
20201111,1,O3_8h,曲靖,71.0
20201111,1,O3_8h_24h,曲靖,71.0
20201111,1,CO,曲靖,1.05
20201111,1,CO_24h,曲靖,1.1
20201111,2,AQI,曲靖,44.0
20201111,2,PM2.5,曲靖,21.0
20201111,2,PM2.5_24h,曲靖,40.0
20201111,2,PM10,曲靖,44.0
20201111,2,PM10_24h,曲靖,68.0
20201111,2,SO2,曲靖,16.0
20201111,2,SO2_24h,曲靖,20.0
20201111,2,NO2,曲靖,28.0
20201111,2,NO2_24h,曲靖,27.0
20201111,2,O3,曲靖,60.0
20201111,2,O3_24h,曲靖,141.0
20201111,2,O3_8h,曲靖,65.0
20201111,2,O3_8h_24h,曲靖,71.0
20201111,2,CO,曲靖,0.95
20201111,2,CO_24h,曲靖,1.1
20201111,3,AQI,曲靖,60.0
20201111,3,PM2.5,曲靖,25.0
20201111,3,PM2.5_24h,曲靖,39.0
20201111,3,PM10,曲靖,70.0
20201111,3,PM10_24h,曲靖,67.0
20201111,3,SO2,曲靖,16.0
20201111,3,SO2_24h,曲靖,20.0
20201111,3,NO2,曲靖,56.0
20201111,3,NO2_24h,曲靖,28.0
20201111,3,O3,曲靖,15.0
20201111,3,O3_24h,曲靖,141.0
20201111,3,O3_8h,曲靖,48.0
20201111,3,O3_8h_24h,曲靖,71.0
20201111,3,CO,曲靖,0.9
20201111,3,CO_24h,曲靖,1.1
20201111,4,AQI,曲靖,57.0
20201111,4,PM2.5,曲靖,25.0
20201111,4,PM2.5_24h,曲靖,39.0
20201111,4,PM10,曲靖,64.0
20201111,4,PM10_24h,曲靖,66.0
20201111,4,SO2,曲靖,14.0
20201111,4,SO2_24h,曲靖,20.0
20201111,4,NO2,曲靖,47.0
20201111,4,NO2_24h,曲靖,28.0
20201111,4,O3,曲靖,17.0
20201111,4,O3_24h,曲靖,141.0
20201111,4,O3_8h,曲靖,41.0
20201111,4,O3_8h_24h,曲靖,71.0
20201111,4,CO,曲靖,0.9
20201111,4,CO_24h,曲靖,1.1
20201111,5,AQI,曲靖,53.0
20201111,5,PM2.5,曲靖,25.0
20201111,5,PM2.5_24h,曲靖,38.0
20201111,5,PM10,曲靖,56.0
20201111,5,PM10_24h,曲靖,65.0
20201111,5,SO2,曲靖,44.0
20201111,5,SO2_24h,曲靖,20.0
20201111,5,NO2,曲靖,44.0
20201111,5,NO2_24h,曲靖,28.0
20201111,5,O3,曲靖,17.0
20201111,5,O3_24h,曲靖,141.0
20201111,5,O3_8h,曲靖,36.0
20201111,5,O3_8h_24h,曲靖,71.0
20201111,5,CO,曲靖,0.85
20201111,5,CO_24h,曲靖,1.05
20201111,6,AQI,曲靖,57.0
20201111,6,PM2.5,曲靖,26.0
20201111,6,PM2.5_24h,曲靖,36.0
20201111,6,PM10,曲靖,64.0
20201111,6,PM10_24h,曲靖,65.0
20201111,6,SO2,曲靖,20.0
20201111,6,SO2_24h,曲靖,20.0
20201111,6,NO2,曲靖,33.0
20201111,6,NO2_24h,曲靖,28.0
20201111,6,O3,曲靖,21.0
20201111,6,O3_24h,曲靖,141.0
20201111,6,O3_8h,曲靖,33.0
20201111,6,O3_8h_24h,曲靖,71.0
20201111,6,CO,曲靖,0.8
20201111,6,CO_24h,曲靖,1.05
20201111,8,AQI,曲靖,43.0
20201111,8,PM2.5,曲靖,28.0
20201111,8,PM2.5_24h,曲靖,35.0
20201111,8,PM10,曲靖,43.0
20201111,8,PM10_24h,曲靖,63.0
20201111,8,SO2,曲靖,21.0
20201111,8,SO2_24h,曲靖,19.0
20201111,8,NO2,曲靖,37.0
20201111,8,NO2_24h,曲靖,29.0
20201111,8,O3,曲靖,13.0
20201111,8,O3_24h,曲靖,141.0
20201111,8,O3_8h,曲靖,29.0
20201111,8,O3_8h_24h,曲靖,71.0
20201111,8,CO,曲靖,1.0
20201111,8,CO_24h,曲靖,1.0
20201111,10,AQI,曲靖,53.0
20201111,10,PM2.5,曲靖,37.0
20201111,10,PM2.5_24h,曲靖,33.0
20201111,10,PM10,曲靖,55.0
20201111,10,PM10_24h,曲靖,60.0
20201111,10,SO2,曲靖,19.0
20201111,10,SO2_24h,曲靖,18.0
20201111,10,NO2,曲靖,28.0
20201111,10,NO2_24h,曲靖,28.0
20201111,10,O3,曲靖,34.0
20201111,10,O3_24h,曲靖,141.0
20201111,10,O3_8h,曲靖,20.0
20201111,10,O3_8h_24h,曲靖,71.0
20201111,10,CO,曲靖,1.15
20201111,10,CO_24h,曲靖,0.95
20201111,11,AQI,曲靖,57.0
20201111,11,PM2.5,曲靖,33.0
20201111,11,PM2.5_24h,曲靖,31.0
20201111,11,PM10,曲靖,64.0
20201111,11,PM10_24h,曲靖,59.0
20201111,11,SO2,曲靖,18.0
20201111,11,SO2_24h,曲靖,17.0
20201111,11,NO2,曲靖,36.0
20201111,11,NO2_24h,曲靖,29.0
20201111,11,O3,曲靖,54.0
20201111,11,O3_24h,曲靖,141.0
20201111,11,O3_8h,曲靖,25.0
20201111,11,O3_8h_24h,曲靖,71.0
20201111,11,CO,曲靖,1.0
20201111,11,CO_24h,曲靖,0.95
20201111,12,AQI,曲靖,57.0
20201111,12,PM2.5,曲靖,33.0
20201111,12,PM2.5_24h,曲靖,29.0
20201111,12,PM10,曲靖,63.0
20201111,12,PM10_24h,曲靖,58.0
20201111,12,SO2,曲靖,14.0
20201111,12,SO2_24h,曲靖,17.0
20201111,12,NO2,曲靖,28.0
20201111,12,NO2_24h,曲靖,29.0
20201111,12,O3,曲靖,74.0
20201111,12,O3_24h,曲靖,141.0
20201111,12,O3_8h,曲靖,32.0
20201111,12,O3_8h_24h,曲靖,71.0
20201111,12,CO,曲靖,0.7
20201111,12,CO_24h,曲靖,0.9
20201111,13,AQI,曲靖,51.0
20201111,13,PM2.5,曲靖,27.0
20201111,13,PM2.5_24h,曲靖,28.0
20201111,13,PM10,曲靖,52.0
20201111,13,PM10_24h,曲靖,56.0
20201111,13,SO2,曲靖,14.0
20201111,13,SO2_24h,曲靖,17.0
20201111,13,NO2,曲靖,22.0
20201111,13,NO2_24h,曲靖,29.0
20201111,13,O3,曲靖,82.0
20201111,13,O3_24h,曲靖,141.0
20201111,13,O3_8h,曲靖,40.0
20201111,13,O3_8h_24h,曲靖,71.0
20201111,13,CO,曲靖,0.65
20201111,13,CO_24h,曲靖,0.9
20201111,14,AQI,曲靖,38.0
20201111,14,PM2.5,曲靖,18.0
20201111,14,PM2.5_24h,曲靖,27.0
20201111,14,PM10,曲靖,38.0
20201111,14,PM10_24h,曲靖,56.0
20201111,14,SO2,曲靖,14.0
20201111,14,SO2_24h,曲靖,17.0
20201111,14,NO2,曲靖,18.0
20201111,14,NO2_24h,曲靖,29.0
20201111,14,O3,曲靖,96.0
20201111,14,O3_24h,曲靖,141.0
20201111,14,O3_8h,曲靖,49.0
20201111,14,O3_8h_24h,曲靖,71.0
20201111,14,CO,曲靖,0.65
20201111,14,CO_24h,曲靖,0.9
20201111,15,AQI,曲靖,34.0
20201111,15,PM2.5,曲靖,19.0
20201111,15,PM2.5_24h,曲靖,26.0
20201111,15,PM10,曲靖,28.0
20201111,15,PM10_24h,曲靖,55.0
20201111,15,SO2,曲靖,17.0
20201111,15,SO2_24h,曲靖,17.0
20201111,15,NO2,曲靖,17.0
20201111,15,NO2_24h,曲靖,29.0
20201111,15,O3,曲靖,110.0
20201111,15,O3_24h,曲靖,141.0
20201111,15,O3_8h,曲靖,61.0
20201111,15,O3_8h_24h,曲靖,71.0
20201111,15,CO,曲靖,0.7
20201111,15,CO_24h,曲靖,0.9
20201111,16,AQI,曲靖,38.0
20201111,16,PM2.5,曲靖,17.0
20201111,16,PM2.5_24h,曲靖,26.0
20201111,16,PM10,曲靖,27.0
20201111,16,PM10_24h,曲靖,55.0
20201111,16,SO2,曲靖,13.0
20201111,16,SO2_24h,曲靖,17.0
20201111,16,NO2,曲靖,16.0
20201111,16,NO2_24h,曲靖,29.0
20201111,16,O3,曲靖,121.0
20201111,16,O3_24h,曲靖,127.0
20201111,16,O3_8h,曲靖,75.0
20201111,16,O3_8h_24h,曲靖,78.0
20201111,16,CO,曲靖,0.7
20201111,16,CO_24h,曲靖,0.9
20201111,17,AQI,曲靖,33.0
20201111,17,PM2.5,曲靖,14.0
20201111,17,PM2.5_24h,曲靖,25.0
20201111,17,PM10,曲靖,30.0
20201111,17,PM10_24h,曲靖,55.0
20201111,17,SO2,曲靖,8.0
20201111,17,SO2_24h,曲靖,17.0
20201111,17,NO2,曲靖,16.0
20201111,17,NO2_24h,曲靖,29.0
20201111,17,O3,曲靖,105.0
20201111,17,O3_24h,曲靖,121.0
20201111,17,O3_8h,曲靖,84.0
20201111,17,O3_8h_24h,曲靖,84.0
20201111,17,CO,曲靖,0.5
20201111,17,CO_24h,曲靖,0.85
20201111,18,AQI,曲靖,29.0
20201111,18,PM2.5,曲靖,16.0
20201111,18,PM2.5_24h,曲靖,24.0
20201111,18,PM10,曲靖,29.0
20201111,18,PM10_24h,曲靖,54.0
20201111,18,SO2,曲靖,6.0
20201111,18,SO2_24h,曲靖,16.0
20201111,18,NO2,曲靖,13.0
20201111,18,NO2_24h,曲靖,29.0
20201111,18,O3,曲靖,89.0
20201111,18,O3_24h,曲靖,121.0
20201111,18,O3_8h,曲靖,91.0
20201111,18,O3_8h_24h,曲靖,91.0
20201111,18,CO,曲靖,0.45
20201111,18,CO_24h,曲靖,0.85
20201111,19,AQI,曲靖,35.0
20201111,19,PM2.5,曲靖,12.0
20201111,19,PM2.5_24h,曲靖,24.0
20201111,19,PM10,曲靖,35.0
20201111,19,PM10_24h,曲靖,53.0
20201111,19,SO2,曲靖,8.0
20201111,19,SO2_24h,曲靖,16.0
20201111,19,NO2,曲靖,36.0
20201111,19,NO2_24h,曲靖,29.0
20201111,19,O3,曲靖,64.0
20201111,19,O3_24h,曲靖,121.0
20201111,19,O3_8h,曲靖,93.0
20201111,19,O3_8h_24h,曲靖,93.0
20201111,19,CO,曲靖,0.7
20201111,19,CO_24h,曲靖,0.85
20201111,20,AQI,曲靖,32.0
20201111,20,PM2.5,曲靖,8.0
20201111,20,PM2.5_24h,曲靖,23.0
20201111,20,PM10,曲靖,32.0
20201111,20,PM10_24h,曲靖,52.0
20201111,20,SO2,曲靖,8.0
20201111,20,SO2_24h,曲靖,16.0
20201111,20,NO2,曲靖,40.0
20201111,20,NO2_24h,曲靖,29.0
20201111,20,O3,曲靖,65.0
20201111,20,O3_24h,曲靖,121.0
20201111,20,O3_8h,曲靖,91.0
20201111,20,O3_8h_24h,曲靖,93.0
20201111,20,CO,曲靖,0.65
20201111,20,CO_24h,曲靖,0.85
20201111,21,AQI,曲靖,54.0
20201111,21,PM2.5,曲靖,11.0
20201111,21,PM2.5_24h,曲靖,23.0
20201111,21,PM10,曲靖,58.0
20201111,21,PM10_24h,曲靖,51.0
20201111,21,SO2,曲靖,19.0
20201111,21,SO2_24h,曲靖,16.0
20201111,21,NO2,曲靖,53.0
20201111,21,NO2_24h,曲靖,30.0
20201111,21,O3,曲靖,47.0
20201111,21,O3_24h,曲靖,121.0
20201111,21,O3_8h,曲靖,87.0
20201111,21,O3_8h_24h,曲靖,93.0
20201111,21,CO,曲靖,1.2
20201111,21,CO_24h,曲靖,0.85
20201111,22,AQI,曲靖,69.0
20201111,22,PM2.5,曲靖,20.0
20201111,22,PM2.5_24h,曲靖,23.0
20201111,22,PM10,曲靖,88.0
20201111,22,PM10_24h,曲靖,51.0
20201111,22,SO2,曲靖,24.0
20201111,22,SO2_24h,曲靖,17.0
20201111,22,NO2,曲靖,49.0
20201111,22,NO2_24h,曲靖,31.0
20201111,22,O3,曲靖,46.0
20201111,22,O3_24h,曲靖,121.0
20201111,22,O3_8h,曲靖,81.0
20201111,22,O3_8h_24h,曲靖,93.0
20201111,22,CO,曲靖,1.4
20201111,22,CO_24h,曲靖,0.85
20201111,23,AQI,曲靖,70.0
20201111,23,PM2.5,曲靖,29.0
20201111,23,PM2.5_24h,曲靖,23.0
20201111,23,PM10,曲靖,90.0
20201111,23,PM10_24h,曲靖,53.0
20201111,23,SO2,曲靖,14.0
20201111,23,SO2_24h,曲靖,17.0
20201111,23,NO2,曲靖,44.0
20201111,23,NO2_24h,曲靖,32.0
20201111,23,O3,曲靖,44.0
20201111,23,O3_24h,曲靖,121.0
20201111,23,O3_8h,曲靖,73.0
20201111,23,O3_8h_24h,曲靖,93.0
20201111,23,CO,曲靖,1.05
20201111,23,CO_24h,曲靖,0.85
20201111,0,AQI,咸阳,145.0
20201111,0,PM2.5,咸阳,111.0
20201111,0,PM2.5_24h,咸阳,107.0
20201111,0,PM10,咸阳,231.0
20201111,0,PM10_24h,咸阳,192.0
20201111,0,SO2,咸阳,11.0
20201111,0,SO2_24h,咸阳,13.0
20201111,0,NO2,咸阳,110.0
20201111,0,NO2_24h,咸阳,85.0
20201111,0,O3,咸阳,5.0
20201111,0,O3_24h,咸阳,94.0
20201111,0,O3_8h,咸阳,32.0
20201111,0,O3_8h_24h,咸阳,68.0
20201111,0,CO,咸阳,1.43
20201111,0,CO_24h,咸阳,1.2
20201111,1,AQI,咸阳,149.0
20201111,1,PM2.5,咸阳,114.0
20201111,1,PM2.5_24h,咸阳,107.0
20201111,1,PM10,咸阳,213.0
20201111,1,PM10_24h,咸阳,192.0
20201111,1,SO2,咸阳,11.0
20201111,1,SO2_24h,咸阳,13.0
20201111,1,NO2,咸阳,99.0
20201111,1,NO2_24h,咸阳,85.0
20201111,1,O3,咸阳,10.0
20201111,1,O3_24h,咸阳,94.0
20201111,1,O3_8h,咸阳,10.0
20201111,1,O3_8h_24h,咸阳,10.0
20201111,1,CO,咸阳,1.3
20201111,1,CO_24h,咸阳,1.2
20201111,2,AQI,咸阳,148.0
20201111,2,PM2.5,咸阳,113.0
20201111,2,PM2.5_24h,咸阳,107.0
20201111,2,PM10,咸阳,201.0
20201111,2,PM10_24h,咸阳,193.0
20201111,2,SO2,咸阳,12.0
20201111,2,SO2_24h,咸阳,14.0
20201111,2,NO2,咸阳,82.0
20201111,2,NO2_24h,咸阳,84.0
20201111,2,O3,咸阳,21.0
20201111,2,O3_24h,咸阳,94.0
20201111,2,O3_8h,咸阳,16.0
20201111,2,O3_8h_24h,咸阳,16.0
20201111,2,CO,咸阳,1.13
20201111,2,CO_24h,咸阳,1.2
20201111,3,AQI,咸阳,153.0
20201111,3,PM2.5,咸阳,117.0
20201111,3,PM2.5_24h,咸阳,107.0
20201111,3,PM10,咸阳,192.0
20201111,3,PM10_24h,咸阳,194.0
20201111,3,SO2,咸阳,11.0
20201111,3,SO2_24h,咸阳,14.0
20201111,3,NO2,咸阳,73.0
20201111,3,NO2_24h,咸阳,84.0
20201111,3,O3,咸阳,20.0
20201111,3,O3_24h,咸阳,94.0
20201111,3,O3_8h,咸阳,17.0
20201111,3,O3_8h_24h,咸阳,17.0
20201111,3,CO,咸阳,1.0
20201111,3,CO_24h,咸阳,1.2
20201111,4,AQI,咸阳,148.0
20201111,4,PM2.5,咸阳,113.0
20201111,4,PM2.5_24h,咸阳,108.0
20201111,4,PM10,咸阳,185.0
20201111,4,PM10_24h,咸阳,194.0
20201111,4,SO2,咸阳,10.0
20201111,4,SO2_24h,咸阳,14.0
20201111,4,NO2,咸阳,77.0
20201111,4,NO2_24h,咸阳,83.0
20201111,4,O3,咸阳,15.0
20201111,4,O3_24h,咸阳,94.0
20201111,4,O3_8h,咸阳,17.0
20201111,4,O3_8h_24h,咸阳,17.0
20201111,4,CO,咸阳,0.97
20201111,4,CO_24h,咸阳,1.2
20201111,5,AQI,咸阳,146.0
20201111,5,PM2.5,咸阳,112.0
20201111,5,PM2.5_24h,咸阳,108.0
20201111,5,PM10,咸阳,169.0
20201111,5,PM10_24h,咸阳,194.0
20201111,5,SO2,咸阳,10.0
20201111,5,SO2_24h,咸阳,14.0
20201111,5,NO2,咸阳,78.0
20201111,5,NO2_24h,咸阳,84.0
20201111,5,O3,咸阳,10.0
20201111,5,O3_24h,咸阳,94.0
20201111,5,O3_8h,咸阳,15.0
20201111,5,O3_8h_24h,咸阳,17.0
20201111,5,CO,咸阳,1.0
20201111,5,CO_24h,咸阳,1.2
20201111,6,AQI,咸阳,163.0
20201111,6,PM2.5,咸阳,124.0
20201111,6,PM2.5_24h,咸阳,109.0
20201111,6,PM10,咸阳,172.0
20201111,6,PM10_24h,咸阳,193.0
20201111,6,SO2,咸阳,10.0
20201111,6,SO2_24h,咸阳,14.0
20201111,6,NO2,咸阳,70.0
20201111,6,NO2_24h,咸阳,83.0
20201111,6,O3,咸阳,10.0
20201111,6,O3_24h,咸阳,94.0
20201111,6,O3_8h,咸阳,14.0
20201111,6,O3_8h_24h,咸阳,17.0
20201111,6,CO,咸阳,1.07
20201111,6,CO_24h,咸阳,1.17
20201111,7,AQI,咸阳,225.0
20201111,7,PM2.5,咸阳,175.0
20201111,7,PM2.5_24h,咸阳,120.0
20201111,7,PM10,咸阳,250.0
20201111,7,PM10_24h,咸阳,210.0
20201111,7,SO2,咸阳,9.0
20201111,7,SO2_24h,咸阳,13.0
20201111,7,NO2,咸阳,66.0
20201111,7,NO2_24h,咸阳,87.0
20201111,7,O3,咸阳,5.0
20201111,7,O3_24h,咸阳,98.0
20201111,7,O3_8h,咸阳,14.0
20201111,7,O3_8h_24h,咸阳,15.0
20201111,7,CO,咸阳,1.4
20201111,7,CO_24h,咸阳,1.2
20201111,8,AQI,咸阳,160.0
20201111,8,PM2.5,咸阳,122.0
20201111,8,PM2.5_24h,咸阳,111.0
20201111,8,PM10,咸阳,226.0
20201111,8,PM10_24h,咸阳,198.0
20201111,8,SO2,咸阳,10.0
20201111,8,SO2_24h,咸阳,14.0
20201111,8,NO2,咸阳,72.0
20201111,8,NO2_24h,咸阳,84.0
20201111,8,O3,咸阳,6.0
20201111,8,O3_24h,咸阳,94.0
20201111,8,O3_8h,咸阳,13.0
20201111,8,O3_8h_24h,咸阳,17.0
20201111,8,CO,咸阳,1.27
20201111,8,CO_24h,咸阳,1.2
20201111,10,AQI,咸阳,161.0
20201111,10,PM2.5,咸阳,123.0
20201111,10,PM2.5_24h,咸阳,113.0
20201111,10,PM10,咸阳,199.0
20201111,10,PM10_24h,咸阳,200.0
20201111,10,SO2,咸阳,12.0
20201111,10,SO2_24h,咸阳,13.0
20201111,10,NO2,咸阳,66.0
20201111,10,NO2_24h,咸阳,84.0
20201111,10,O3,咸阳,18.0
20201111,10,O3_24h,咸阳,94.0
20201111,10,O3_8h,咸阳,12.0
20201111,10,O3_8h_24h,咸阳,18.0
20201111,10,CO,咸阳,1.23
20201111,10,CO_24h,咸阳,1.2
20201111,11,AQI,咸阳,145.0
20201111,11,PM2.5,咸阳,111.0
20201111,11,PM2.5_24h,咸阳,112.0
20201111,11,PM10,咸阳,200.0
20201111,11,PM10_24h,咸阳,200.0
20201111,11,SO2,咸阳,15.0
20201111,11,SO2_24h,咸阳,13.0
20201111,11,NO2,咸阳,64.0
20201111,11,NO2_24h,咸阳,83.0
20201111,11,O3,咸阳,36.0
20201111,11,O3_24h,咸阳,94.0
20201111,11,O3_8h,咸阳,14.0
20201111,11,O3_8h_24h,咸阳,18.0
20201111,11,CO,咸阳,1.13
20201111,11,CO_24h,咸阳,1.2
20201111,12,AQI,咸阳,135.0
20201111,12,PM2.5,咸阳,103.0
20201111,12,PM2.5_24h,咸阳,112.0
20201111,12,PM10,咸阳,192.0
20201111,12,PM10_24h,咸阳,199.0
20201111,12,SO2,咸阳,17.0
20201111,12,SO2_24h,咸阳,13.0
20201111,12,NO2,咸阳,61.0
20201111,12,NO2_24h,咸阳,82.0
20201111,12,O3,咸阳,53.0
20201111,12,O3_24h,咸阳,94.0
20201111,12,O3_8h,咸阳,19.0
20201111,12,O3_8h_24h,咸阳,20.0
20201111,12,CO,咸阳,1.1
20201111,12,CO_24h,咸阳,1.2
20201111,13,AQI,咸阳,130.0
20201111,13,PM2.5,咸阳,99.0
20201111,13,PM2.5_24h,咸阳,111.0
20201111,13,PM10,咸阳,183.0
20201111,13,PM10_24h,咸阳,198.0
20201111,13,SO2,咸阳,22.0
20201111,13,SO2_24h,咸阳,13.0
20201111,13,NO2,咸阳,50.0
20201111,13,NO2_24h,咸阳,80.0
20201111,13,O3,咸阳,80.0
20201111,13,O3_24h,咸阳,94.0
20201111,13,O3_8h,咸阳,27.0
20201111,13,O3_8h_24h,咸阳,27.0
20201111,13,CO,咸阳,1.1
20201111,13,CO_24h,咸阳,1.2
20201111,14,AQI,咸阳,129.0
20201111,14,PM2.5,咸阳,98.0
20201111,14,PM2.5_24h,咸阳,111.0
20201111,14,PM10,咸阳,161.0
20201111,14,PM10_24h,咸阳,196.0
20201111,14,SO2,咸阳,22.0
20201111,14,SO2_24h,咸阳,13.0
20201111,14,NO2,咸阳,43.0
20201111,14,NO2_24h,咸阳,78.0
20201111,14,O3,咸阳,100.0
20201111,14,O3_24h,咸阳,101.0
20201111,14,O3_8h,咸阳,39.0
20201111,14,O3_8h_24h,咸阳,39.0
20201111,14,CO,咸阳,1.1
20201111,14,CO_24h,咸阳,1.2
20201111,15,AQI,咸阳,131.0
20201111,15,PM2.5,咸阳,100.0
20201111,15,PM2.5_24h,咸阳,110.0
20201111,15,PM10,咸阳,146.0
20201111,15,PM10_24h,咸阳,195.0
20201111,15,SO2,咸阳,21.0
20201111,15,SO2_24h,咸阳,13.0
20201111,15,NO2,咸阳,45.0
20201111,15,NO2_24h,咸阳,77.0
20201111,15,O3,咸阳,110.0
20201111,15,O3_24h,咸阳,110.0
20201111,15,O3_8h,咸阳,52.0
20201111,15,O3_8h_24h,咸阳,52.0
20201111,15,CO,咸阳,1.13
20201111,15,CO_24h,咸阳,1.2
20201111,16,AQI,咸阳,133.0
20201111,16,PM2.5,咸阳,101.0
20201111,16,PM2.5_24h,咸阳,110.0
20201111,16,PM10,咸阳,144.0
20201111,16,PM10_24h,咸阳,195.0
20201111,16,SO2,咸阳,21.0
20201111,16,SO2_24h,咸阳,14.0
20201111,16,NO2,咸阳,46.0
20201111,16,NO2_24h,咸阳,77.0
20201111,16,O3,咸阳,117.0
20201111,16,O3_24h,咸阳,117.0
20201111,16,O3_8h,咸阳,66.0
20201111,16,O3_8h_24h,咸阳,66.0
20201111,16,CO,咸阳,1.07
20201111,16,CO_24h,咸阳,1.2
20201111,17,AQI,咸阳,139.0
20201111,17,PM2.5,咸阳,106.0
20201111,17,PM2.5_24h,咸阳,110.0
20201111,17,PM10,咸阳,147.0
20201111,17,PM10_24h,咸阳,195.0
20201111,17,SO2,咸阳,18.0
20201111,17,SO2_24h,咸阳,14.0
20201111,17,NO2,咸阳,62.0
20201111,17,NO2_24h,咸阳,77.0
20201111,17,O3,咸阳,100.0
20201111,17,O3_24h,咸阳,117.0
20201111,17,O3_8h,咸阳,77.0
20201111,17,O3_8h_24h,咸阳,77.0
20201111,17,CO,咸阳,1.1
20201111,17,CO_24h,咸阳,1.2
20201111,18,AQI,咸阳,160.0
20201111,18,PM2.5,咸阳,122.0
20201111,18,PM2.5_24h,咸阳,112.0
20201111,18,PM10,咸阳,187.0
20201111,18,PM10_24h,咸阳,214.0
20201111,18,SO2,咸阳,13.0
20201111,18,SO2_24h,咸阳,13.0
20201111,18,NO2,咸阳,118.0
20201111,18,NO2_24h,咸阳,80.0
20201111,18,O3,咸阳,29.0
20201111,18,O3_24h,咸阳,113.0
20201111,18,O3_8h,咸阳,72.0
20201111,18,O3_8h_24h,咸阳,72.0
20201111,18,CO,咸阳,1.05
20201111,18,CO_24h,咸阳,1.25
20201111,19,AQI,咸阳,156.0
20201111,19,PM2.5,咸阳,119.0
20201111,19,PM2.5_24h,咸阳,112.0
20201111,19,PM10,咸阳,225.0
20201111,19,PM10_24h,咸阳,198.0
20201111,19,SO2,咸阳,12.0
20201111,19,SO2_24h,咸阳,13.0
20201111,19,NO2,咸阳,120.0
20201111,19,NO2_24h,咸阳,79.0
20201111,19,O3,咸阳,21.0
20201111,19,O3_24h,咸阳,117.0
20201111,19,O3_8h,咸阳,83.0
20201111,19,O3_8h_24h,咸阳,84.0
20201111,19,CO,咸阳,1.1
20201111,19,CO_24h,咸阳,1.23
20201111,20,AQI,咸阳,170.0
20201111,20,PM2.5,咸阳,129.0
20201111,20,PM2.5_24h,咸阳,113.0
20201111,20,PM10,咸阳,256.0
20201111,20,PM10_24h,咸阳,200.0
20201111,20,SO2,咸阳,12.0
20201111,20,SO2_24h,咸阳,13.0
20201111,20,NO2,咸阳,124.0
20201111,20,NO2_24h,咸阳,80.0
20201111,20,O3,咸阳,12.0
20201111,20,O3_24h,咸阳,117.0
20201111,20,O3_8h,咸阳,77.0
20201111,20,O3_8h_24h,咸阳,84.0
20201111,20,CO,咸阳,1.4
20201111,20,CO_24h,咸阳,1.23
20201111,21,AQI,咸阳,167.0
20201111,21,PM2.5,咸阳,127.0
20201111,21,PM2.5_24h,咸阳,114.0
20201111,21,PM10,咸阳,250.0
20201111,21,PM10_24h,咸阳,200.0
20201111,21,SO2,咸阳,11.0
20201111,21,SO2_24h,咸阳,13.0
20201111,21,NO2,咸阳,119.0
20201111,21,NO2_24h,咸阳,80.0
20201111,21,O3,咸阳,11.0
20201111,21,O3_24h,咸阳,117.0
20201111,21,O3_8h,咸阳,67.0
20201111,21,O3_8h_24h,咸阳,84.0
20201111,21,CO,咸阳,1.47
20201111,21,CO_24h,咸阳,1.2
20201111,22,AQI,咸阳,157.0
20201111,22,PM2.5,咸阳,120.0
20201111,22,PM2.5_24h,咸阳,114.0
20201111,22,PM10,咸阳,235.0
20201111,22,PM10_24h,咸阳,199.0
20201111,22,SO2,咸阳,10.0
20201111,22,SO2_24h,咸阳,13.0
20201111,22,NO2,咸阳,115.0
20201111,22,NO2_24h,咸阳,80.0
20201111,22,O3,咸阳,7.0
20201111,22,O3_24h,咸阳,117.0
20201111,22,O3_8h,咸阳,54.0
20201111,22,O3_8h_24h,咸阳,84.0
20201111,22,CO,咸阳,1.4
20201111,22,CO_24h,咸阳,1.2
20201111,23,AQI,咸阳,170.0
20201111,23,PM2.5,咸阳,129.0
20201111,23,PM2.5_24h,咸阳,115.0
20201111,23,PM10,咸阳,232.0
20201111,23,PM10_24h,咸阳,198.0
20201111,23,SO2,咸阳,10.0
20201111,23,SO2_24h,咸阳,13.0
20201111,23,NO2,咸阳,110.0
20201111,23,NO2_24h,咸阳,80.0
20201111,23,O3,咸阳,7.0
20201111,23,O3_24h,咸阳,117.0
20201111,23,O3_8h,咸阳,40.0
20201111,23,O3_8h_24h,咸阳,84.0
20201111,23,CO,咸阳,1.4
20201111,23,CO_24h,咸阳,1.2
20201111,0,AQI,铜川,110.0
20201111,0,PM2.5,铜川,83.0
20201111,0,PM2.5_24h,铜川,72.0
20201111,0,PM10,铜川,110.0
20201111,0,PM10_24h,铜川,116.0
20201111,0,SO2,铜川,18.0
20201111,0,SO2_24h,铜川,22.0
20201111,0,NO2,铜川,48.0
20201111,0,NO2_24h,铜川,54.0
20201111,0,O3,铜川,40.0
20201111,0,O3_24h,铜川,137.0
20201111,0,O3_8h,铜川,51.0
20201111,0,O3_8h_24h,铜川,109.0
20201111,0,CO,铜川,1.07
20201111,0,CO_24h,铜川,1.03
20201111,1,AQI,铜川,109.0
20201111,1,PM2.5,铜川,82.0
20201111,1,PM2.5_24h,铜川,73.0
20201111,1,PM10,铜川,104.0
20201111,1,PM10_24h,铜川,117.0
20201111,1,SO2,铜川,22.0
20201111,1,SO2_24h,铜川,22.0
20201111,1,NO2,铜川,42.0
20201111,1,NO2_24h,铜川,53.0
20201111,1,O3,铜川,44.0
20201111,1,O3_24h,铜川,137.0
20201111,1,O3_8h,铜川,44.0
20201111,1,O3_8h_24h,铜川,44.0
20201111,1,CO,铜川,1.03
20201111,1,CO_24h,铜川,1.07
20201111,2,AQI,铜川,108.0
20201111,2,PM2.5,铜川,81.0
20201111,2,PM2.5_24h,铜川,74.0
20201111,2,PM10,铜川,111.0
20201111,2,PM10_24h,铜川,117.0
20201111,2,SO2,铜川,21.0
20201111,2,SO2_24h,铜川,22.0
20201111,2,NO2,铜川,45.0
20201111,2,NO2_24h,铜川,53.0
20201111,2,O3,铜川,37.0
20201111,2,O3_24h,铜川,137.0
20201111,2,O3_8h,铜川,41.0
20201111,2,O3_8h_24h,铜川,44.0
20201111,2,CO,铜川,1.0
20201111,2,CO_24h,铜川,1.07
20201111,3,AQI,铜川,108.0
20201111,3,PM2.5,铜川,81.0
20201111,3,PM2.5_24h,铜川,76.0
20201111,3,PM10,铜川,109.0
20201111,3,PM10_24h,铜川,118.0
20201111,3,SO2,铜川,21.0
20201111,3,SO2_24h,铜川,22.0
20201111,3,NO2,铜川,44.0
20201111,3,NO2_24h,铜川,53.0
20201111,3,O3,铜川,37.0
20201111,3,O3_24h,铜川,137.0
20201111,3,O3_8h,铜川,39.0
20201111,3,O3_8h_24h,铜川,44.0
20201111,3,CO,铜川,1.0
20201111,3,CO_24h,铜川,1.07
20201111,4,AQI,铜川,111.0
20201111,4,PM2.5,铜川,84.0
20201111,4,PM2.5_24h,铜川,77.0
20201111,4,PM10,铜川,107.0
20201111,4,PM10_24h,铜川,119.0
20201111,4,SO2,铜川,17.0
20201111,4,SO2_24h,铜川,22.0
20201111,4,NO2,铜川,39.0
20201111,4,NO2_24h,铜川,53.0
20201111,4,O3,铜川,42.0
20201111,4,O3_24h,铜川,137.0
20201111,4,O3_8h,铜川,40.0
20201111,4,O3_8h_24h,铜川,44.0
20201111,4,CO,铜川,1.0
20201111,4,CO_24h,铜川,1.1
20201111,5,AQI,铜川,110.0
20201111,5,PM2.5,铜川,83.0
20201111,5,PM2.5_24h,铜川,79.0
20201111,5,PM10,铜川,101.0
20201111,5,PM10_24h,铜川,120.0
20201111,5,SO2,铜川,19.0
20201111,5,SO2_24h,铜川,22.0
20201111,5,NO2,铜川,36.0
20201111,5,NO2_24h,铜川,53.0
20201111,5,O3,铜川,41.0
20201111,5,O3_24h,铜川,137.0
20201111,5,O3_8h,铜川,40.0
20201111,5,O3_8h_24h,铜川,44.0
20201111,5,CO,铜川,0.93
20201111,5,CO_24h,铜川,1.1
20201111,6,AQI,铜川,110.0
20201111,6,PM2.5,铜川,83.0
20201111,6,PM2.5_24h,铜川,80.0
20201111,6,PM10,铜川,102.0
20201111,6,PM10_24h,铜川,122.0
20201111,6,SO2,铜川,19.0
20201111,6,SO2_24h,铜川,22.0
20201111,6,NO2,铜川,34.0
20201111,6,NO2_24h,铜川,53.0
20201111,6,O3,铜川,43.0
20201111,6,O3_24h,铜川,137.0
20201111,6,O3_8h,铜川,41.0
20201111,6,O3_8h_24h,铜川,44.0
20201111,6,CO,铜川,0.93
20201111,6,CO_24h,铜川,1.1
20201111,8,AQI,铜川,114.0
20201111,8,PM2.5,铜川,86.0
20201111,8,PM2.5_24h,铜川,83.0
20201111,8,PM10,铜川,110.0
20201111,8,PM10_24h,铜川,125.0
20201111,8,SO2,铜川,18.0
20201111,8,SO2_24h,铜川,22.0
20201111,8,NO2,铜川,46.0
20201111,8,NO2_24h,铜川,54.0
20201111,8,O3,铜川,29.0
20201111,8,O3_24h,铜川,137.0
20201111,8,O3_8h,铜川,39.0
20201111,8,O3_8h_24h,铜川,44.0
20201111,8,CO,铜川,1.17
20201111,8,CO_24h,铜川,1.13
20201111,10,AQI,铜川,118.0
20201111,10,PM2.5,铜川,89.0
20201111,10,PM2.5_24h,铜川,86.0
20201111,10,PM10,铜川,121.0
20201111,10,PM10_24h,铜川,126.0
20201111,10,SO2,铜川,35.0
20201111,10,SO2_24h,铜川,22.0
20201111,10,NO2,铜川,51.0
20201111,10,NO2_24h,铜川,54.0
20201111,10,O3,铜川,39.0
20201111,10,O3_24h,铜川,137.0
20201111,10,O3_8h,铜川,37.0
20201111,10,O3_8h_24h,铜川,44.0
20201111,10,CO,铜川,1.1
20201111,10,CO_24h,铜川,1.13
20201111,11,AQI,铜川,121.0
20201111,11,PM2.5,铜川,92.0
20201111,11,PM2.5_24h,铜川,87.0
20201111,11,PM10,铜川,125.0
20201111,11,PM10_24h,铜川,128.0
20201111,11,SO2,铜川,30.0
20201111,11,SO2_24h,铜川,22.0
20201111,11,NO2,铜川,53.0
20201111,11,NO2_24h,铜川,53.0
20201111,11,O3,铜川,61.0
20201111,11,O3_24h,铜川,137.0
20201111,11,O3_8h,铜川,40.0
20201111,11,O3_8h_24h,铜川,45.0
20201111,11,CO,铜川,1.13
20201111,11,CO_24h,铜川,1.13
20201111,12,AQI,铜川,118.0
20201111,12,PM2.5,铜川,89.0
20201111,12,PM2.5_24h,铜川,88.0
20201111,12,PM10,铜川,123.0
20201111,12,PM10_24h,铜川,128.0
20201111,12,SO2,铜川,22.0
20201111,12,SO2_24h,铜川,22.0
20201111,12,NO2,铜川,36.0
20201111,12,NO2_24h,铜川,53.0
20201111,12,O3,铜川,106.0
20201111,12,O3_24h,铜川,137.0
20201111,12,O3_8h,铜川,48.0
20201111,12,O3_8h_24h,铜川,49.0
20201111,12,CO,铜川,0.97
20201111,12,CO_24h,铜川,1.13
20201111,13,AQI,铜川,110.0
20201111,13,PM2.5,铜川,83.0
20201111,13,PM2.5_24h,铜川,88.0
20201111,13,PM10,铜川,111.0
20201111,13,PM10_24h,铜川,128.0
20201111,13,SO2,铜川,19.0
20201111,13,SO2_24h,铜川,22.0
20201111,13,NO2,铜川,25.0
20201111,13,NO2_24h,铜川,52.0
20201111,13,O3,铜川,132.0
20201111,13,O3_24h,铜川,139.0
20201111,13,O3_8h,铜川,60.0
20201111,13,O3_8h_24h,铜川,60.0
20201111,13,CO,铜川,0.93
20201111,13,CO_24h,铜川,1.13
20201111,14,AQI,铜川,106.0
20201111,14,PM2.5,铜川,80.0
20201111,14,PM2.5_24h,铜川,89.0
20201111,14,PM10,铜川,105.0
20201111,14,PM10_24h,铜川,128.0
20201111,14,SO2,铜川,16.0
20201111,14,SO2_24h,铜川,22.0
20201111,14,NO2,铜川,23.0
20201111,14,NO2_24h,铜川,52.0
20201111,14,O3,铜川,144.0
20201111,14,O3_24h,铜川,144.0
20201111,14,O3_8h,铜川,72.0
20201111,14,O3_8h_24h,铜川,72.0
20201111,14,CO,铜川,0.83
20201111,14,CO_24h,铜川,1.13
20201111,15,AQI,铜川,109.0
20201111,15,PM2.5,铜川,82.0
20201111,15,PM2.5_24h,铜川,89.0
20201111,15,PM10,铜川,119.0
20201111,15,PM10_24h,铜川,128.0
20201111,15,SO2,铜川,16.0
20201111,15,SO2_24h,铜川,21.0
20201111,15,NO2,铜川,25.0
20201111,15,NO2_24h,铜川,52.0
20201111,15,O3,铜川,147.0
20201111,15,O3_24h,铜川,147.0
20201111,15,O3_8h,铜川,86.0
20201111,15,O3_8h_24h,铜川,86.0
20201111,15,CO,铜川,0.87
20201111,15,CO_24h,铜川,1.13
20201111,16,AQI,铜川,116.0
20201111,16,PM2.5,铜川,88.0
20201111,16,PM2.5_24h,铜川,89.0
20201111,16,PM10,铜川,130.0
20201111,16,PM10_24h,铜川,129.0
20201111,16,SO2,铜川,18.0
20201111,16,SO2_24h,铜川,21.0
20201111,16,NO2,铜川,31.0
20201111,16,NO2_24h,铜川,52.0
20201111,16,O3,铜川,144.0
20201111,16,O3_24h,铜川,147.0
20201111,16,O3_8h,铜川,100.0
20201111,16,O3_8h_24h,铜川,100.0
20201111,16,CO,铜川,0.93
20201111,16,CO_24h,铜川,1.13
20201111,17,AQI,铜川,121.0
20201111,17,PM2.5,铜川,92.0
20201111,17,PM2.5_24h,铜川,89.0
20201111,17,PM10,铜川,136.0
20201111,17,PM10_24h,铜川,129.0
20201111,17,SO2,铜川,21.0
20201111,17,SO2_24h,铜川,21.0
20201111,17,NO2,铜川,47.0
20201111,17,NO2_24h,铜川,52.0
20201111,17,O3,铜川,130.0
20201111,17,O3_24h,铜川,147.0
20201111,17,O3_8h,铜川,113.0
20201111,17,O3_8h_24h,铜川,113.0
20201111,17,CO,铜川,1.17
20201111,17,CO_24h,铜川,1.13
20201111,18,AQI,铜川,134.0
20201111,18,PM2.5,铜川,102.0
20201111,18,PM2.5_24h,铜川,90.0
20201111,18,PM10,铜川,162.0
20201111,18,PM10_24h,铜川,130.0
20201111,18,SO2,铜川,22.0
20201111,18,SO2_24h,铜川,21.0
20201111,18,NO2,铜川,66.0
20201111,18,NO2_24h,铜川,51.0
20201111,18,O3,铜川,104.0
20201111,18,O3_24h,铜川,147.0
20201111,18,O3_8h,铜川,121.0
20201111,18,O3_8h_24h,铜川,121.0
20201111,18,CO,铜川,1.23
20201111,18,CO_24h,铜川,1.1
20201111,19,AQI,铜川,167.0
20201111,19,PM2.5,铜川,127.0
20201111,19,PM2.5_24h,铜川,91.0
20201111,19,PM10,铜川,179.0
20201111,19,PM10_24h,铜川,129.0
20201111,19,SO2,铜川,20.0
20201111,19,SO2_24h,铜川,21.0
20201111,19,NO2,铜川,69.0
20201111,19,NO2_24h,铜川,50.0
20201111,19,O3,铜川,92.0
20201111,19,O3_24h,铜川,147.0
20201111,19,O3_8h,铜川,125.0
20201111,19,O3_8h_24h,铜川,125.0
20201111,19,CO,铜川,1.4
20201111,19,CO_24h,铜川,1.1
20201111,20,AQI,铜川,174.0
20201111,20,PM2.5,铜川,132.0
20201111,20,PM2.5_24h,铜川,91.0
20201111,20,PM10,铜川,186.0
20201111,20,PM10_24h,铜川,129.0
20201111,20,SO2,铜川,20.0
20201111,20,SO2_24h,铜川,21.0
20201111,20,NO2,铜川,85.0
20201111,20,NO2_24h,铜川,49.0
20201111,20,O3,铜川,56.0
20201111,20,O3_24h,铜川,147.0
20201111,20,O3_8h,铜川,119.0
20201111,20,O3_8h_24h,铜川,125.0
20201111,20,CO,铜川,1.47
20201111,20,CO_24h,铜川,1.1
20201111,21,AQI,铜川,173.0
20201111,21,PM2.5,铜川,131.0
20201111,21,PM2.5_24h,铜川,92.0
20201111,21,PM10,铜川,217.0
20201111,21,PM10_24h,铜川,129.0
20201111,21,SO2,铜川,24.0
20201111,21,SO2_24h,铜川,21.0
20201111,21,NO2,铜川,111.0
20201111,21,NO2_24h,铜川,49.0
20201111,21,O3,铜川,17.0
20201111,21,O3_24h,铜川,147.0
20201111,21,O3_8h,铜川,104.0
20201111,21,O3_8h_24h,铜川,125.0
20201111,21,CO,铜川,1.57
20201111,21,CO_24h,铜川,1.1
20201111,22,AQI,铜川,154.0
20201111,22,PM2.5,铜川,118.0
20201111,22,PM2.5_24h,铜川,93.0
20201111,22,PM10,铜川,210.0
20201111,22,PM10_24h,铜川,130.0
20201111,22,SO2,铜川,39.0
20201111,22,SO2_24h,铜川,22.0
20201111,22,NO2,铜川,93.0
20201111,22,NO2_24h,铜川,50.0
20201111,22,O3,铜川,24.0
20201111,22,O3_24h,铜川,147.0
20201111,22,O3_8h,铜川,89.0
20201111,22,O3_8h_24h,铜川,125.0
20201111,22,CO,铜川,1.33
20201111,22,CO_24h,铜川,1.1
20201111,23,AQI,铜川,148.0
20201111,23,PM2.5,铜川,113.0
20201111,23,PM2.5_24h,铜川,94.0
20201111,23,PM10,铜川,186.0
20201111,23,PM10_24h,铜川,133.0
20201111,23,SO2,铜川,36.0
20201111,23,SO2_24h,铜川,23.0
20201111,23,NO2,铜川,78.0
20201111,23,NO2_24h,铜川,50.0
20201111,23,O3,铜川,32.0
20201111,23,O3_24h,铜川,147.0
20201111,23,O3_8h,铜川,75.0
20201111,23,O3_8h_24h,铜川,125.0
20201111,23,CO,铜川,1.33
20201111,23,CO_24h,铜川,1.13
20201111,0,AQI,延安,90.0
20201111,0,PM2.5,延安,67.0
20201111,0,PM2.5_24h,延安,44.0
20201111,0,PM10,延安,102.0
20201111,0,PM10_24h,延安,79.0
20201111,0,SO2,延安,17.0
20201111,0,SO2_24h,延安,10.0
20201111,0,NO2,延安,81.0
20201111,0,NO2_24h,延安,60.0
20201111,0,O3,延安,4.0
20201111,0,O3_24h,延安,103.0
20201111,0,O3_8h,延安,17.0
20201111,0,O3_8h_24h,延安,62.0
20201111,0,CO,延安,2.53
20201111,0,CO_24h,延安,1.53
20201111,1,AQI,延安,93.0
20201111,1,PM2.5,延安,69.0
20201111,1,PM2.5_24h,延安,45.0
20201111,1,PM10,延安,100.0
20201111,1,PM10_24h,延安,80.0
20201111,1,SO2,延安,15.0
20201111,1,SO2_24h,延安,10.0
20201111,1,NO2,延安,77.0
20201111,1,NO2_24h,延安,60.0
20201111,1,O3,延安,4.0
20201111,1,O3_24h,延安,103.0
20201111,1,O3_8h,延安,4.0
20201111,1,O3_8h_24h,延安,4.0
20201111,1,CO,延安,2.4
20201111,1,CO_24h,延安,1.6
20201111,2,AQI,延安,91.0
20201111,2,PM2.5,延安,68.0
20201111,2,PM2.5_24h,延安,47.0
20201111,2,PM10,延安,103.0
20201111,2,PM10_24h,延安,82.0
20201111,2,SO2,延安,16.0
20201111,2,SO2_24h,延安,10.0
20201111,2,NO2,延安,73.0
20201111,2,NO2_24h,延安,61.0
20201111,2,O3,延安,4.0
20201111,2,O3_24h,延安,103.0
20201111,2,O3_8h,延安,4.0
20201111,2,O3_8h_24h,延安,4.0
20201111,2,CO,延安,2.33
20201111,2,CO_24h,延安,1.63
20201111,3,AQI,延安,94.0
20201111,3,PM2.5,延安,70.0
20201111,3,PM2.5_24h,延安,48.0
20201111,3,PM10,延安,97.0
20201111,3,PM10_24h,延安,84.0
20201111,3,SO2,延安,13.0
20201111,3,SO2_24h,延安,11.0
20201111,3,NO2,延安,68.0
20201111,3,NO2_24h,延安,61.0
20201111,3,O3,延安,4.0
20201111,3,O3_24h,延安,103.0
20201111,3,O3_8h,延安,4.0
20201111,3,O3_8h_24h,延安,4.0
20201111,3,CO,延安,2.17
20201111,3,CO_24h,延安,1.67
20201111,4,AQI,延安,104.0
20201111,4,PM2.5,延安,78.0
20201111,4,PM2.5_24h,延安,50.0
20201111,4,PM10,延安,101.0
20201111,4,PM10_24h,延安,86.0
20201111,4,SO2,延安,17.0
20201111,4,SO2_24h,延安,11.0
20201111,4,NO2,延安,67.0
20201111,4,NO2_24h,延安,62.0
20201111,4,O3,延安,4.0
20201111,4,O3_24h,延安,103.0
20201111,4,O3_8h,延安,4.0
20201111,4,O3_8h_24h,延安,4.0
20201111,4,CO,延安,1.77
20201111,4,CO_24h,延安,1.7
20201111,5,AQI,延安,95.0
20201111,5,PM2.5,延安,71.0
20201111,5,PM2.5_24h,延安,52.0
20201111,5,PM10,延安,95.0
20201111,5,PM10_24h,延安,88.0
20201111,5,SO2,延安,18.0
20201111,5,SO2_24h,延安,12.0
20201111,5,NO2,延安,65.0
20201111,5,NO2_24h,延安,63.0
20201111,5,O3,延安,4.0
20201111,5,O3_24h,延安,103.0
20201111,5,O3_8h,延安,4.0
20201111,5,O3_8h_24h,延安,4.0
20201111,5,CO,延安,1.6
20201111,5,CO_24h,延安,1.73
20201111,6,AQI,延安,91.0
20201111,6,PM2.5,延安,68.0
20201111,6,PM2.5_24h,延安,54.0
20201111,6,PM10,延安,90.0
20201111,6,PM10_24h,延安,90.0
20201111,6,SO2,延安,14.0
20201111,6,SO2_24h,延安,12.0
20201111,6,NO2,延安,62.0
20201111,6,NO2_24h,延安,63.0
20201111,6,O3,延安,3.0
20201111,6,O3_24h,延安,103.0
20201111,6,O3_8h,延安,4.0
20201111,6,O3_8h_24h,延安,4.0
20201111,6,CO,延安,1.6
20201111,6,CO_24h,延安,1.8
20201111,8,AQI,延安,111.0
20201111,8,PM2.5,延安,84.0
20201111,8,PM2.5_24h,延安,57.0
20201111,8,PM10,延安,118.0
20201111,8,PM10_24h,延安,94.0
20201111,8,SO2,延安,11.0
20201111,8,SO2_24h,延安,13.0
20201111,8,NO2,延安,60.0
20201111,8,NO2_24h,延安,65.0
20201111,8,O3,延安,5.0
20201111,8,O3_24h,延安,103.0
20201111,8,O3_8h,延安,4.0
20201111,8,O3_8h_24h,延安,4.0
20201111,8,CO,延安,3.03
20201111,8,CO_24h,延安,1.87
20201111,10,AQI,延安,105.0
20201111,10,PM2.5,延安,79.0
20201111,10,PM2.5_24h,延安,61.0
20201111,10,PM10,延安,123.0
20201111,10,PM10_24h,延安,99.0
20201111,10,SO2,延安,25.0
20201111,10,SO2_24h,延安,13.0
20201111,10,NO2,延安,74.0
20201111,10,NO2_24h,延安,66.0
20201111,10,O3,延安,10.0
20201111,10,O3_24h,延安,103.0
20201111,10,O3_8h,延安,5.0
20201111,10,O3_8h_24h,延安,5.0
20201111,10,CO,延安,1.9
20201111,10,CO_24h,延安,1.93
20201111,11,AQI,延安,110.0
20201111,11,PM2.5,延安,83.0
20201111,11,PM2.5_24h,延安,63.0
20201111,11,PM10,延安,125.0
20201111,11,PM10_24h,延安,100.0
20201111,11,SO2,延安,21.0
20201111,11,SO2_24h,延安,14.0
20201111,11,NO2,延安,89.0
20201111,11,NO2_24h,延安,67.0
20201111,11,O3,延安,21.0
20201111,11,O3_24h,延安,103.0
20201111,11,O3_8h,延安,7.0
20201111,11,O3_8h_24h,延安,7.0
20201111,11,CO,延安,1.7
20201111,11,CO_24h,延安,1.97
20201111,12,AQI,延安,113.0
20201111,12,PM2.5,延安,85.0
20201111,12,PM2.5_24h,延安,64.0
20201111,12,PM10,延安,128.0
20201111,12,PM10_24h,延安,102.0
20201111,12,SO2,延安,17.0
20201111,12,SO2_24h,延安,14.0
20201111,12,NO2,延安,76.0
20201111,12,NO2_24h,延安,68.0
20201111,12,O3,延安,64.0
20201111,12,O3_24h,延安,103.0
20201111,12,O3_8h,延安,12.0
20201111,12,O3_8h_24h,延安,12.0
20201111,12,CO,延安,1.05
20201111,12,CO_24h,延安,1.93
20201111,13,AQI,延安,84.0
20201111,13,PM2.5,延安,62.0
20201111,13,PM2.5_24h,延安,65.0
20201111,13,PM10,延安,106.0
20201111,13,PM10_24h,延安,103.0
20201111,13,SO2,延安,10.0
20201111,13,SO2_24h,延安,14.0
20201111,13,NO2,延安,32.0
20201111,13,NO2_24h,延安,67.0
20201111,13,O3,延安,102.0
20201111,13,O3_24h,延安,109.0
20201111,13,O3_8h,延安,25.0
20201111,13,O3_8h_24h,延安,25.0
20201111,13,CO,延安,0.67
20201111,13,CO_24h,延安,1.93
20201111,14,AQI,延安,66.0
20201111,14,PM2.5,延安,48.0
20201111,14,PM2.5_24h,延安,66.0
20201111,14,PM10,延安,77.0
20201111,14,PM10_24h,延安,102.0
20201111,14,SO2,延安,8.0
20201111,14,SO2_24h,延安,14.0
20201111,14,NO2,延安,22.0
20201111,14,NO2_24h,延安,66.0
20201111,14,O3,延安,111.0
20201111,14,O3_24h,延安,111.0
20201111,14,O3_8h,延安,39.0
20201111,14,O3_8h_24h,延安,39.0
20201111,14,CO,延安,0.53
20201111,14,CO_24h,延安,1.93
20201111,15,AQI,延安,55.0
20201111,15,PM2.5,延安,36.0
20201111,15,PM2.5_24h,延安,66.0
20201111,15,PM10,延安,60.0
20201111,15,PM10_24h,延安,102.0
20201111,15,SO2,延安,7.0
20201111,15,SO2_24h,延安,14.0
20201111,15,NO2,延安,22.0
20201111,15,NO2_24h,延安,66.0
20201111,15,O3,延安,108.0
20201111,15,O3_24h,延安,112.0
20201111,15,O3_8h,延安,53.0
20201111,15,O3_8h_24h,延安,53.0
20201111,15,CO,延安,0.47
20201111,15,CO_24h,延安,1.9
20201111,16,AQI,延安,54.0
20201111,16,PM2.5,延安,35.0
20201111,16,PM2.5_24h,延安,66.0
20201111,16,PM10,延安,58.0
20201111,16,PM10_24h,延安,102.0
20201111,16,SO2,延安,6.0
20201111,16,SO2_24h,延安,14.0
20201111,16,NO2,延安,23.0
20201111,16,NO2_24h,延安,66.0
20201111,16,O3,延安,112.0
20201111,16,O3_24h,延安,113.0
20201111,16,O3_8h,延安,67.0
20201111,16,O3_8h_24h,延安,67.0
20201111,16,CO,延安,0.53
20201111,16,CO_24h,延安,1.9
20201111,17,AQI,延安,59.0
20201111,17,PM2.5,延安,39.0
20201111,17,PM2.5_24h,延安,67.0
20201111,17,PM10,延安,68.0
20201111,17,PM10_24h,延安,103.0
20201111,17,SO2,延安,9.0
20201111,17,SO2_24h,延安,14.0
20201111,17,NO2,延安,45.0
20201111,17,NO2_24h,延安,66.0
20201111,17,O3,延安,94.0
20201111,17,O3_24h,延安,113.0
20201111,17,O3_8h,延安,79.0
20201111,17,O3_8h_24h,延安,79.0
20201111,17,CO,延安,0.73
20201111,17,CO_24h,延安,1.93
20201111,18,AQI,延安,88.0
20201111,18,PM2.5,延安,65.0
20201111,18,PM2.5_24h,延安,68.0
20201111,18,PM10,延安,101.0
20201111,18,PM10_24h,延安,104.0
20201111,18,SO2,延安,18.0
20201111,18,SO2_24h,延安,14.0
20201111,18,NO2,延安,102.0
20201111,18,NO2_24h,延安,67.0
20201111,18,O3,延安,28.0
20201111,18,O3_24h,延安,113.0
20201111,18,O3_8h,延安,81.0
20201111,18,O3_8h_24h,延安,81.0
20201111,18,CO,延安,2.47
20201111,18,CO_24h,延安,1.9
20201111,19,AQI,延安,121.0
20201111,19,PM2.5,延安,92.0
20201111,19,PM2.5_24h,延安,69.0
20201111,19,PM10,延安,150.0
20201111,19,PM10_24h,延安,105.0
20201111,19,SO2,延安,15.0
20201111,19,SO2_24h,延安,14.0
20201111,19,NO2,延安,111.0
20201111,19,NO2_24h,延安,67.0
20201111,19,O3,延安,12.0
20201111,19,O3_24h,延安,113.0
20201111,19,O3_8h,延安,80.0
20201111,19,O3_8h_24h,延安,81.0
20201111,19,CO,延安,3.2
20201111,19,CO_24h,延安,1.97
20201111,20,AQI,延安,151.0
20201111,20,PM2.5,延安,116.0
20201111,20,PM2.5_24h,延安,71.0
20201111,20,PM10,延安,165.0
20201111,20,PM10_24h,延安,106.0
20201111,20,SO2,延安,18.0
20201111,20,SO2_24h,延安,14.0
20201111,20,NO2,延安,114.0
20201111,20,NO2_24h,延安,68.0
20201111,20,O3,延安,9.0
20201111,20,O3_24h,延安,113.0
20201111,20,O3_8h,延安,72.0
20201111,20,O3_8h_24h,延安,81.0
20201111,20,CO,延安,3.47
20201111,20,CO_24h,延安,1.97
20201111,21,AQI,延安,116.0
20201111,21,PM2.5,延安,88.0
20201111,21,PM2.5_24h,延安,71.0
20201111,21,PM10,延安,168.0
20201111,21,PM10_24h,延安,108.0
20201111,21,SO2,延安,19.0
20201111,21,SO2_24h,延安,15.0
20201111,21,NO2,延安,107.0
20201111,21,NO2_24h,延安,69.0
20201111,21,O3,延安,6.0
20201111,21,O3_24h,延安,113.0
20201111,21,O3_8h,延安,60.0
20201111,21,O3_8h_24h,延安,81.0
20201111,21,CO,延安,2.97
20201111,21,CO_24h,延安,1.97
20201111,22,AQI,延安,97.0
20201111,22,PM2.5,延安,71.0
20201111,22,PM2.5_24h,延安,71.0
20201111,22,PM10,延安,144.0
20201111,22,PM10_24h,延安,109.0
20201111,22,SO2,延安,20.0
20201111,22,SO2_24h,延安,15.0
20201111,22,NO2,延安,99.0
20201111,22,NO2_24h,延安,69.0
20201111,22,O3,延安,4.0
20201111,22,O3_24h,延安,113.0
20201111,22,O3_8h,延安,46.0
20201111,22,O3_8h_24h,延安,81.0
20201111,22,CO,延安,2.17
20201111,22,CO_24h,延安,1.93
20201111,23,AQI,延安,91.0
20201111,23,PM2.5,延安,67.0
20201111,23,PM2.5_24h,延安,71.0
20201111,23,PM10,延安,132.0
20201111,23,PM10_24h,延安,110.0
20201111,23,SO2,延安,19.0
20201111,23,SO2_24h,延安,15.0
20201111,23,NO2,延安,92.0
20201111,23,NO2_24h,延安,70.0
20201111,23,O3,延安,4.0
20201111,23,O3_24h,延安,113.0
20201111,23,O3_8h,延安,33.0
20201111,23,O3_8h_24h,延安,81.0
20201111,23,CO,延安,1.67
20201111,23,CO_24h,延安,1.9
20201111,0,AQI,宝鸡,156.0
20201111,0,PM2.5,宝鸡,119.0
20201111,0,PM2.5_24h,宝鸡,104.0
20201111,0,PM10,宝鸡,165.0
20201111,0,PM10_24h,宝鸡,145.0
20201111,0,SO2,宝鸡,10.0
20201111,0,SO2_24h,宝鸡,17.0
20201111,0,NO2,宝鸡,53.0
20201111,0,NO2_24h,宝鸡,49.0
20201111,0,O3,宝鸡,24.0
20201111,0,O3_24h,宝鸡,125.0
20201111,0,O3_8h,宝鸡,46.0
20201111,0,O3_8h_24h,宝鸡,91.0
20201111,0,CO,宝鸡,1.01
20201111,0,CO_24h,宝鸡,0.97
20201111,1,AQI,宝鸡,151.0
20201111,1,PM2.5,宝鸡,116.0
20201111,1,PM2.5_24h,宝鸡,105.0
20201111,1,PM10,宝鸡,161.0
20201111,1,PM10_24h,宝鸡,147.0
20201111,1,SO2,宝鸡,10.0
20201111,1,SO2_24h,宝鸡,17.0
20201111,1,NO2,宝鸡,48.0
20201111,1,NO2_24h,宝鸡,49.0
20201111,1,O3,宝鸡,24.0
20201111,1,O3_24h,宝鸡,125.0
20201111,1,O3_8h,宝鸡,24.0
20201111,1,O3_8h_24h,宝鸡,24.0
20201111,1,CO,宝鸡,0.99
20201111,1,CO_24h,宝鸡,0.97
20201111,2,AQI,宝鸡,148.0
20201111,2,PM2.5,宝鸡,113.0
20201111,2,PM2.5_24h,宝鸡,106.0
20201111,2,PM10,宝鸡,157.0
20201111,2,PM10_24h,宝鸡,148.0
20201111,2,SO2,宝鸡,10.0
20201111,2,SO2_24h,宝鸡,17.0
20201111,2,NO2,宝鸡,43.0
20201111,2,NO2_24h,宝鸡,49.0
20201111,2,O3,宝鸡,22.0
20201111,2,O3_24h,宝鸡,125.0
20201111,2,O3_8h,宝鸡,23.0
20201111,2,O3_8h_24h,宝鸡,24.0
20201111,2,CO,宝鸡,0.94
20201111,2,CO_24h,宝鸡,1.01
20201111,3,AQI,宝鸡,146.0
20201111,3,PM2.5,宝鸡,112.0
20201111,3,PM2.5_24h,宝鸡,107.0
20201111,3,PM10,宝鸡,144.0
20201111,3,PM10_24h,宝鸡,149.0
20201111,3,SO2,宝鸡,10.0
20201111,3,SO2_24h,宝鸡,17.0
20201111,3,NO2,宝鸡,39.0
20201111,3,NO2_24h,宝鸡,49.0
20201111,3,O3,宝鸡,21.0
20201111,3,O3_24h,宝鸡,125.0
20201111,3,O3_8h,宝鸡,22.0
20201111,3,O3_8h_24h,宝鸡,24.0
20201111,3,CO,宝鸡,0.9
20201111,3,CO_24h,宝鸡,1.03
20201111,4,AQI,宝鸡,146.0
20201111,4,PM2.5,宝鸡,112.0
20201111,4,PM2.5_24h,宝鸡,108.0
20201111,4,PM10,宝鸡,140.0
20201111,4,PM10_24h,宝鸡,150.0
20201111,4,SO2,宝鸡,10.0
20201111,4,SO2_24h,宝鸡,17.0
20201111,4,NO2,宝鸡,38.0
20201111,4,NO2_24h,宝鸡,49.0
20201111,4,O3,宝鸡,21.0
20201111,4,O3_24h,宝鸡,125.0
20201111,4,O3_8h,宝鸡,22.0
20201111,4,O3_8h_24h,宝鸡,24.0
20201111,4,CO,宝鸡,0.89
20201111,4,CO_24h,宝鸡,1.03
20201111,5,AQI,宝鸡,149.0
20201111,5,PM2.5,宝鸡,114.0
20201111,5,PM2.5_24h,宝鸡,108.0
20201111,5,PM10,宝鸡,142.0
20201111,5,PM10_24h,宝鸡,150.0
20201111,5,SO2,宝鸡,10.0
20201111,5,SO2_24h,宝鸡,16.0
20201111,5,NO2,宝鸡,38.0
20201111,5,NO2_24h,宝鸡,49.0
20201111,5,O3,宝鸡,17.0
20201111,5,O3_24h,宝鸡,125.0
20201111,5,O3_8h,宝鸡,21.0
20201111,5,O3_8h_24h,宝鸡,25.0
20201111,5,CO,宝鸡,0.91
20201111,5,CO_24h,宝鸡,1.04
20201111,6,AQI,宝鸡,146.0
20201111,6,PM2.5,宝鸡,112.0
20201111,6,PM2.5_24h,宝鸡,109.0
20201111,6,PM10,宝鸡,141.0
20201111,6,PM10_24h,宝鸡,151.0
20201111,6,SO2,宝鸡,11.0
20201111,6,SO2_24h,宝鸡,15.0
20201111,6,NO2,宝鸡,38.0
20201111,6,NO2_24h,宝鸡,49.0
20201111,6,O3,宝鸡,15.0
20201111,6,O3_24h,宝鸡,125.0
20201111,6,O3_8h,宝鸡,20.0
20201111,6,O3_8h_24h,宝鸡,25.0
20201111,6,CO,宝鸡,0.91
20201111,6,CO_24h,宝鸡,1.03
20201111,7,AQI,宝鸡,143.0
20201111,7,PM2.5,宝鸡,109.0
20201111,7,PM2.5_24h,宝鸡,105.0
20201111,7,PM10,宝鸡,138.0
20201111,7,PM10_24h,宝鸡,149.0
20201111,7,SO2,宝鸡,6.0
20201111,7,SO2_24h,宝鸡,10.0
20201111,7,NO2,宝鸡,50.0
20201111,7,NO2_24h,宝鸡,50.0
20201111,7,O3,宝鸡,6.0
20201111,7,O3_24h,宝鸡,130.0
20201111,7,O3_8h,宝鸡,24.0
20201111,7,O3_8h_24h,宝鸡,38.0
20201111,7,CO,宝鸡,1.0
20201111,7,CO_24h,宝鸡,1.0
20201111,8,AQI,宝鸡,154.0
20201111,8,PM2.5,宝鸡,118.0
20201111,8,PM2.5_24h,宝鸡,110.0
20201111,8,PM10,宝鸡,146.0
20201111,8,PM10_24h,宝鸡,153.0
20201111,8,SO2,宝鸡,17.0
20201111,8,SO2_24h,宝鸡,14.0
20201111,8,NO2,宝鸡,47.0
20201111,8,NO2_24h,宝鸡,50.0
20201111,8,O3,宝鸡,6.0
20201111,8,O3_24h,宝鸡,125.0
20201111,8,O3_8h,宝鸡,18.0
20201111,8,O3_8h_24h,宝鸡,25.0
20201111,8,CO,宝鸡,1.23
20201111,8,CO_24h,宝鸡,1.03
20201111,10,AQI,宝鸡,153.0
20201111,10,PM2.5,宝鸡,117.0
20201111,10,PM2.5_24h,宝鸡,111.0
20201111,10,PM10,宝鸡,170.0
20201111,10,PM10_24h,宝鸡,155.0
20201111,10,SO2,宝鸡,14.0
20201111,10,SO2_24h,宝鸡,14.0
20201111,10,NO2,宝鸡,52.0
20201111,10,NO2_24h,宝鸡,51.0
20201111,10,O3,宝鸡,9.0
20201111,10,O3_24h,宝鸡,125.0
20201111,10,O3_8h,宝鸡,13.0
20201111,10,O3_8h_24h,宝鸡,25.0
20201111,10,CO,宝鸡,1.3
20201111,10,CO_24h,宝鸡,1.04
20201111,11,AQI,宝鸡,161.0
20201111,11,PM2.5,宝鸡,123.0
20201111,11,PM2.5_24h,宝鸡,112.0
20201111,11,PM10,宝鸡,173.0
20201111,11,PM10_24h,宝鸡,156.0
20201111,11,SO2,宝鸡,21.0
20201111,11,SO2_24h,宝鸡,14.0
20201111,11,NO2,宝鸡,56.0
20201111,11,NO2_24h,宝鸡,51.0
20201111,11,O3,宝鸡,12.0
20201111,11,O3_24h,宝鸡,125.0
20201111,11,O3_8h,宝鸡,12.0
20201111,11,O3_8h_24h,宝鸡,25.0
20201111,11,CO,宝鸡,1.34
20201111,11,CO_24h,宝鸡,1.06
20201111,12,AQI,宝鸡,174.0
20201111,12,PM2.5,宝鸡,132.0
20201111,12,PM2.5_24h,宝鸡,113.0
20201111,12,PM10,宝鸡,176.0
20201111,12,PM10_24h,宝鸡,157.0
20201111,12,SO2,宝鸡,25.0
20201111,12,SO2_24h,宝鸡,14.0
20201111,12,NO2,宝鸡,61.0
20201111,12,NO2_24h,宝鸡,52.0
20201111,12,O3,宝鸡,22.0
20201111,12,O3_24h,宝鸡,125.0
20201111,12,O3_8h,宝鸡,12.0
20201111,12,O3_8h_24h,宝鸡,25.0
20201111,12,CO,宝鸡,1.34
20201111,12,CO_24h,宝鸡,1.07
20201111,13,AQI,宝鸡,174.0
20201111,13,PM2.5,宝鸡,132.0
20201111,13,PM2.5_24h,宝鸡,114.0
20201111,13,PM10,宝鸡,185.0
20201111,13,PM10_24h,宝鸡,159.0
20201111,13,SO2,宝鸡,26.0
20201111,13,SO2_24h,宝鸡,14.0
20201111,13,NO2,宝鸡,60.0
20201111,13,NO2_24h,宝鸡,53.0
20201111,13,O3,宝鸡,44.0
20201111,13,O3_24h,宝鸡,125.0
20201111,13,O3_8h,宝鸡,16.0
20201111,13,O3_8h_24h,宝鸡,27.0
20201111,13,CO,宝鸡,1.26
20201111,13,CO_24h,宝鸡,1.1
20201111,14,AQI,宝鸡,169.0
20201111,14,PM2.5,宝鸡,128.0
20201111,14,PM2.5_24h,宝鸡,116.0
20201111,14,PM10,宝鸡,181.0
20201111,14,PM10_24h,宝鸡,160.0
20201111,14,SO2,宝鸡,23.0
20201111,14,SO2_24h,宝鸡,14.0
20201111,14,NO2,宝鸡,50.0
20201111,14,NO2_24h,宝鸡,53.0
20201111,14,O3,宝鸡,79.0
20201111,14,O3_24h,宝鸡,126.0
20201111,14,O3_8h,宝鸡,24.0
20201111,14,O3_8h_24h,宝鸡,30.0
20201111,14,CO,宝鸡,1.14
20201111,14,CO_24h,宝鸡,1.1
20201111,15,AQI,宝鸡,181.0
20201111,15,PM2.5,宝鸡,137.0
20201111,15,PM2.5_24h,宝鸡,117.0
20201111,15,PM10,宝鸡,179.0
20201111,15,PM10_24h,宝鸡,161.0
20201111,15,SO2,宝鸡,21.0
20201111,15,SO2_24h,宝鸡,14.0
20201111,15,NO2,宝鸡,47.0
20201111,15,NO2_24h,宝鸡,53.0
20201111,15,O3,宝鸡,91.0
20201111,15,O3_24h,宝鸡,128.0
20201111,15,O3_8h,宝鸡,33.0
20201111,15,O3_8h_24h,宝鸡,35.0
20201111,15,CO,宝鸡,1.13
20201111,15,CO_24h,宝鸡,1.1
20201111,16,AQI,宝鸡,186.0
20201111,16,PM2.5,宝鸡,140.0
20201111,16,PM2.5_24h,宝鸡,119.0
20201111,16,PM10,宝鸡,183.0
20201111,16,PM10_24h,宝鸡,163.0
20201111,16,SO2,宝鸡,19.0
20201111,16,SO2_24h,宝鸡,15.0
20201111,16,NO2,宝鸡,49.0
20201111,16,NO2_24h,宝鸡,54.0
20201111,16,O3,宝鸡,98.0
20201111,16,O3_24h,宝鸡,121.0
20201111,16,O3_8h,宝鸡,44.0
20201111,16,O3_8h_24h,宝鸡,44.0
20201111,16,CO,宝鸡,1.1
20201111,16,CO_24h,宝鸡,1.11
20201111,17,AQI,宝鸡,179.0
20201111,17,PM2.5,宝鸡,135.0
20201111,17,PM2.5_24h,宝鸡,121.0
20201111,17,PM10,宝鸡,189.0
20201111,17,PM10_24h,宝鸡,165.0
20201111,17,SO2,宝鸡,18.0
20201111,17,SO2_24h,宝鸡,15.0
20201111,17,NO2,宝鸡,60.0
20201111,17,NO2_24h,宝鸡,54.0
20201111,17,O3,宝鸡,86.0
20201111,17,O3_24h,宝鸡,101.0
20201111,17,O3_8h,宝鸡,52.0
20201111,17,O3_8h_24h,宝鸡,52.0
20201111,17,CO,宝鸡,1.13
20201111,17,CO_24h,宝鸡,1.1
20201111,18,AQI,宝鸡,176.0
20201111,18,PM2.5,宝鸡,133.0
20201111,18,PM2.5_24h,宝鸡,122.0
20201111,18,PM10,宝鸡,194.0
20201111,18,PM10_24h,宝鸡,167.0
20201111,18,SO2,宝鸡,18.0
20201111,18,SO2_24h,宝鸡,15.0
20201111,18,NO2,宝鸡,68.0
20201111,18,NO2_24h,宝鸡,54.0
20201111,18,O3,宝鸡,67.0
20201111,18,O3_24h,宝鸡,98.0
20201111,18,O3_8h,宝鸡,60.0
20201111,18,O3_8h_24h,宝鸡,60.0
20201111,18,CO,宝鸡,1.2
20201111,18,CO_24h,宝鸡,1.11
20201111,19,AQI,宝鸡,196.0
20201111,19,PM2.5,宝鸡,147.0
20201111,19,PM2.5_24h,宝鸡,123.0
20201111,19,PM10,宝鸡,201.0
20201111,19,PM10_24h,宝鸡,168.0
20201111,19,SO2,宝鸡,20.0
20201111,19,SO2_24h,宝鸡,15.0
20201111,19,NO2,宝鸡,78.0
20201111,19,NO2_24h,宝鸡,55.0
20201111,19,O3,宝鸡,43.0
20201111,19,O3_24h,宝鸡,98.0
20201111,19,O3_8h,宝鸡,64.0
20201111,19,O3_8h_24h,宝鸡,64.0
20201111,19,CO,宝鸡,1.34
20201111,19,CO_24h,宝鸡,1.14
20201111,20,AQI,宝鸡,204.0
20201111,20,PM2.5,宝鸡,154.0
20201111,20,PM2.5_24h,宝鸡,125.0
20201111,20,PM10,宝鸡,211.0
20201111,20,PM10_24h,宝鸡,169.0
20201111,20,SO2,宝鸡,17.0
20201111,20,SO2_24h,宝鸡,15.0
20201111,20,NO2,宝鸡,85.0
20201111,20,NO2_24h,宝鸡,54.0
20201111,20,O3,宝鸡,23.0
20201111,20,O3_24h,宝鸡,98.0
20201111,20,O3_8h,宝鸡,65.0
20201111,20,O3_8h_24h,宝鸡,65.0
20201111,20,CO,宝鸡,1.42
20201111,20,CO_24h,宝鸡,1.14
20201111,21,AQI,宝鸡,205.0
20201111,21,PM2.5,宝鸡,155.0
20201111,21,PM2.5_24h,宝鸡,126.0
20201111,21,PM10,宝鸡,222.0
20201111,21,PM10_24h,宝鸡,171.0
20201111,21,SO2,宝鸡,12.0
20201111,21,SO2_24h,宝鸡,16.0
20201111,21,NO2,宝鸡,81.0
20201111,21,NO2_24h,宝鸡,55.0
20201111,21,O3,宝鸡,20.0
20201111,21,O3_24h,宝鸡,98.0
20201111,21,O3_8h,宝鸡,61.0
20201111,21,O3_8h_24h,宝鸡,65.0
20201111,21,CO,宝鸡,1.36
20201111,21,CO_24h,宝鸡,1.14
20201111,22,AQI,宝鸡,197.0
20201111,22,PM2.5,宝鸡,148.0
20201111,22,PM2.5_24h,宝鸡,127.0
20201111,22,PM10,宝鸡,216.0
20201111,22,PM10_24h,宝鸡,172.0
20201111,22,SO2,宝鸡,11.0
20201111,22,SO2_24h,宝鸡,16.0
20201111,22,NO2,宝鸡,72.0
20201111,22,NO2_24h,宝鸡,55.0
20201111,22,O3,宝鸡,21.0
20201111,22,O3_24h,宝鸡,98.0
20201111,22,O3_8h,宝鸡,53.0
20201111,22,O3_8h_24h,宝鸡,65.0
20201111,22,CO,宝鸡,1.29
20201111,22,CO_24h,宝鸡,1.16
20201111,23,AQI,宝鸡,191.0
20201111,23,PM2.5,宝鸡,144.0
20201111,23,PM2.5_24h,宝鸡,128.0
20201111,23,PM10,宝鸡,200.0
20201111,23,PM10_24h,宝鸡,173.0
20201111,23,SO2,宝鸡,11.0
20201111,23,SO2_24h,宝鸡,16.0
20201111,23,NO2,宝鸡,66.0
20201111,23,NO2_24h,宝鸡,55.0
20201111,23,O3,宝鸡,19.0
20201111,23,O3_24h,宝鸡,98.0
20201111,23,O3_8h,宝鸡,45.0
20201111,23,O3_8h_24h,宝鸡,65.0
20201111,23,CO,宝鸡,1.24
20201111,23,CO_24h,宝鸡,1.16
20201111,0,AQI,渭南,150.0
20201111,0,PM2.5,渭南,115.0
20201111,0,PM2.5_24h,渭南,102.0
20201111,0,PM10,渭南,203.0
20201111,0,PM10_24h,渭南,188.0
20201111,0,SO2,渭南,10.0
20201111,0,SO2_24h,渭南,14.0
20201111,0,NO2,渭南,89.0
20201111,0,NO2_24h,渭南,66.0
20201111,0,O3,渭南,6.0
20201111,0,O3_24h,渭南,136.0
20201111,0,O3_8h,渭南,36.0
20201111,0,O3_8h_24h,渭南,104.0
20201111,0,CO,渭南,1.0
20201111,0,CO_24h,渭南,1.07
20201111,1,AQI,渭南,160.0
20201111,1,PM2.5,渭南,122.0
20201111,1,PM2.5_24h,渭南,103.0
20201111,1,PM10,渭南,213.0
20201111,1,PM10_24h,渭南,188.0
20201111,1,SO2,渭南,10.0
20201111,1,SO2_24h,渭南,13.0
20201111,1,NO2,渭南,81.0
20201111,1,NO2_24h,渭南,66.0
20201111,1,O3,渭南,7.0
20201111,1,O3_24h,渭南,136.0
20201111,1,O3_8h,渭南,7.0
20201111,1,O3_8h_24h,渭南,7.0
20201111,1,CO,渭南,0.9
20201111,1,CO_24h,渭南,1.07
20201111,2,AQI,渭南,149.0
20201111,2,PM2.5,渭南,114.0
20201111,2,PM2.5_24h,渭南,103.0
20201111,2,PM10,渭南,186.0
20201111,2,PM10_24h,渭南,188.0
20201111,2,SO2,渭南,10.0
20201111,2,SO2_24h,渭南,13.0
20201111,2,NO2,渭南,78.0
20201111,2,NO2_24h,渭南,67.0
20201111,2,O3,渭南,5.0
20201111,2,O3_24h,渭南,136.0
20201111,2,O3_8h,渭南,6.0
20201111,2,O3_8h_24h,渭南,7.0
20201111,2,CO,渭南,0.87
20201111,2,CO_24h,渭南,1.07
20201111,3,AQI,渭南,145.0
20201111,3,PM2.5,渭南,111.0
20201111,3,PM2.5_24h,渭南,104.0
20201111,3,PM10,渭南,185.0
20201111,3,PM10_24h,渭南,189.0
20201111,3,SO2,渭南,10.0
20201111,3,SO2_24h,渭南,13.0
20201111,3,NO2,渭南,68.0
20201111,3,NO2_24h,渭南,67.0
20201111,3,O3,渭南,11.0
20201111,3,O3_24h,渭南,136.0
20201111,3,O3_8h,渭南,8.0
20201111,3,O3_8h_24h,渭南,8.0
20201111,3,CO,渭南,0.9
20201111,3,CO_24h,渭南,1.03
20201111,4,AQI,渭南,151.0
20201111,4,PM2.5,渭南,116.0
20201111,4,PM2.5_24h,渭南,105.0
20201111,4,PM10,渭南,189.0
20201111,4,PM10_24h,渭南,190.0
20201111,4,SO2,渭南,11.0
20201111,4,SO2_24h,渭南,13.0
20201111,4,NO2,渭南,66.0
20201111,4,NO2_24h,渭南,67.0
20201111,4,O3,渭南,12.0
20201111,4,O3_24h,渭南,136.0
20201111,4,O3_8h,渭南,8.0
20201111,4,O3_8h_24h,渭南,9.0
20201111,4,CO,渭南,0.93
20201111,4,CO_24h,渭南,1.03
20201111,5,AQI,渭南,154.0
20201111,5,PM2.5,渭南,118.0
20201111,5,PM2.5_24h,渭南,106.0
20201111,5,PM10,渭南,201.0
20201111,5,PM10_24h,渭南,191.0
20201111,5,SO2,渭南,10.0
20201111,5,SO2_24h,渭南,13.0
20201111,5,NO2,渭南,62.0
20201111,5,NO2_24h,渭南,67.0
20201111,5,O3,渭南,11.0
20201111,5,O3_24h,渭南,136.0
20201111,5,O3_8h,渭南,9.0
20201111,5,O3_8h_24h,渭南,9.0
20201111,5,CO,渭南,0.9
20201111,5,CO_24h,渭南,1.03
20201111,6,AQI,渭南,150.0
20201111,6,PM2.5,渭南,115.0
20201111,6,PM2.5_24h,渭南,106.0
20201111,6,PM10,渭南,202.0
20201111,6,PM10_24h,渭南,193.0
20201111,6,SO2,渭南,9.0
20201111,6,SO2_24h,渭南,13.0
20201111,6,NO2,渭南,64.0
20201111,6,NO2_24h,渭南,67.0
20201111,6,O3,渭南,4.0
20201111,6,O3_24h,渭南,136.0
20201111,6,O3_8h,渭南,8.0
20201111,6,O3_8h_24h,渭南,9.0
20201111,6,CO,渭南,1.0
20201111,6,CO_24h,渭南,1.03
20201111,8,AQI,渭南,151.0
20201111,8,PM2.5,渭南,116.0
20201111,8,PM2.5_24h,渭南,108.0
20201111,8,PM10,渭南,190.0
20201111,8,PM10_24h,渭南,195.0
20201111,8,SO2,渭南,11.0
20201111,8,SO2_24h,渭南,13.0
20201111,8,NO2,渭南,59.0
20201111,8,NO2_24h,渭南,68.0
20201111,8,O3,渭南,5.0
20201111,8,O3_24h,渭南,136.0
20201111,8,O3_8h,渭南,8.0
20201111,8,O3_8h_24h,渭南,10.0
20201111,8,CO,渭南,1.23
20201111,8,CO_24h,渭南,1.03
20201111,10,AQI,渭南,164.0
20201111,10,PM2.5,渭南,125.0
20201111,10,PM2.5_24h,渭南,110.0
20201111,10,PM10,渭南,222.0
20201111,10,PM10_24h,渭南,195.0
20201111,10,SO2,渭南,12.0
20201111,10,SO2_24h,渭南,12.0
20201111,10,NO2,渭南,62.0
20201111,10,NO2_24h,渭南,68.0
20201111,10,O3,渭南,21.0
20201111,10,O3_24h,渭南,136.0
20201111,10,O3_8h,渭南,9.0
20201111,10,O3_8h_24h,渭南,11.0
20201111,10,CO,渭南,1.13
20201111,10,CO_24h,渭南,1.03
20201111,11,AQI,渭南,149.0
20201111,11,PM2.5,渭南,114.0
20201111,11,PM2.5_24h,渭南,109.0
20201111,11,PM10,渭南,216.0
20201111,11,PM10_24h,渭南,196.0
20201111,11,SO2,渭南,17.0
20201111,11,SO2_24h,渭南,12.0
20201111,11,NO2,渭南,46.0
20201111,11,NO2_24h,渭南,66.0
20201111,11,O3,渭南,65.0
20201111,11,O3_24h,渭南,136.0
20201111,11,O3_8h,渭南,16.0
20201111,11,O3_8h_24h,渭南,16.0
20201111,11,CO,渭南,0.97
20201111,11,CO_24h,渭南,1.03
20201111,12,AQI,渭南,140.0
20201111,12,PM2.5,渭南,107.0
20201111,12,PM2.5_24h,渭南,109.0
20201111,12,PM10,渭南,190.0
20201111,12,PM10_24h,渭南,195.0
20201111,12,SO2,渭南,17.0
20201111,12,SO2_24h,渭南,12.0
20201111,12,NO2,渭南,41.0
20201111,12,NO2_24h,渭南,66.0
20201111,12,O3,渭南,85.0
20201111,12,O3_24h,渭南,136.0
20201111,12,O3_8h,渭南,25.0
20201111,12,O3_8h_24h,渭南,25.0
20201111,12,CO,渭南,1.0
20201111,12,CO_24h,渭南,1.03
20201111,13,AQI,渭南,143.0
20201111,13,PM2.5,渭南,109.0
20201111,13,PM2.5_24h,渭南,109.0
20201111,13,PM10,渭南,187.0
20201111,13,PM10_24h,渭南,194.0
20201111,13,SO2,渭南,16.0
20201111,13,SO2_24h,渭南,12.0
20201111,13,NO2,渭南,33.0
20201111,13,NO2_24h,渭南,65.0
20201111,13,O3,渭南,106.0
20201111,13,O3_24h,渭南,136.0
20201111,13,O3_8h,渭南,34.0
20201111,13,O3_8h_24h,渭南,34.0
20201111,13,CO,渭南,0.97
20201111,13,CO_24h,渭南,1.03
20201111,14,AQI,渭南,139.0
20201111,14,PM2.5,渭南,106.0
20201111,14,PM2.5_24h,渭南,110.0
20201111,14,PM10,渭南,176.0
20201111,14,PM10_24h,渭南,195.0
20201111,14,SO2,渭南,16.0
20201111,14,SO2_24h,渭南,12.0
20201111,14,NO2,渭南,32.0
20201111,14,NO2_24h,渭南,65.0
20201111,14,O3,渭南,122.0
20201111,14,O3_24h,渭南,136.0
20201111,14,O3_8h,渭南,49.0
20201111,14,O3_8h_24h,渭南,49.0
20201111,14,CO,渭南,0.9
20201111,14,CO_24h,渭南,1.03
20201111,15,AQI,渭南,130.0
20201111,15,PM2.5,渭南,99.0
20201111,15,PM2.5_24h,渭南,110.0
20201111,15,PM10,渭南,170.0
20201111,15,PM10_24h,渭南,195.0
20201111,15,SO2,渭南,19.0
20201111,15,SO2_24h,渭南,13.0
20201111,15,NO2,渭南,34.0
20201111,15,NO2_24h,渭南,65.0
20201111,15,O3,渭南,129.0
20201111,15,O3_24h,渭南,136.0
20201111,15,O3_8h,渭南,65.0
20201111,15,O3_8h_24h,渭南,65.0
20201111,15,CO,渭南,0.87
20201111,15,CO_24h,渭南,1.03
20201111,16,AQI,渭南,134.0
20201111,16,PM2.5,渭南,102.0
20201111,16,PM2.5_24h,渭南,111.0
20201111,16,PM10,渭南,172.0
20201111,16,PM10_24h,渭南,196.0
20201111,16,SO2,渭南,22.0
20201111,16,SO2_24h,渭南,13.0
20201111,16,NO2,渭南,39.0
20201111,16,NO2_24h,渭南,65.0
20201111,16,O3,渭南,128.0
20201111,16,O3_24h,渭南,131.0
20201111,16,O3_8h,渭南,82.0
20201111,16,O3_8h_24h,渭南,82.0
20201111,16,CO,渭南,0.83
20201111,16,CO_24h,渭南,1.03
20201111,17,AQI,渭南,139.0
20201111,17,PM2.5,渭南,106.0
20201111,17,PM2.5_24h,渭南,112.0
20201111,17,PM10,渭南,178.0
20201111,17,PM10_24h,渭南,197.0
20201111,17,SO2,渭南,19.0
20201111,17,SO2_24h,渭南,13.0
20201111,17,NO2,渭南,49.0
20201111,17,NO2_24h,渭南,66.0
20201111,17,O3,渭南,116.0
20201111,17,O3_24h,渭南,130.0
20201111,17,O3_8h,渭南,96.0
20201111,17,O3_8h_24h,渭南,96.0
20201111,17,CO,渭南,0.93
20201111,17,CO_24h,渭南,1.03
20201111,18,AQI,渭南,151.0
20201111,18,PM2.5,渭南,116.0
20201111,18,PM2.5_24h,渭南,114.0
20201111,18,PM10,渭南,210.0
20201111,18,PM10_24h,渭南,198.0
20201111,18,SO2,渭南,16.0
20201111,18,SO2_24h,渭南,13.0
20201111,18,NO2,渭南,92.0
20201111,18,NO2_24h,渭南,67.0
20201111,18,O3,渭南,65.0
20201111,18,O3_24h,渭南,130.0
20201111,18,O3_8h,渭南,102.0
20201111,18,O3_8h_24h,渭南,102.0
20201111,18,CO,渭南,1.1
20201111,18,CO_24h,渭南,1.03
20201111,19,AQI,渭南,157.0
20201111,19,PM2.5,渭南,120.0
20201111,19,PM2.5_24h,渭南,115.0
20201111,19,PM10,渭南,212.0
20201111,19,PM10_24h,渭南,199.0
20201111,19,SO2,渭南,14.0
20201111,19,SO2_24h,渭南,13.0
20201111,19,NO2,渭南,139.0
20201111,19,NO2_24h,渭南,69.0
20201111,19,O3,渭南,10.0
20201111,19,O3_24h,渭南,130.0
20201111,19,O3_8h,渭南,95.0
20201111,19,O3_8h_24h,渭南,102.0
20201111,19,CO,渭南,1.5
20201111,19,CO_24h,渭南,1.03
20201111,20,AQI,渭南,189.0
20201111,20,PM2.5,渭南,142.0
20201111,20,PM2.5_24h,渭南,116.0
20201111,20,PM10,渭南,236.0
20201111,20,PM10_24h,渭南,200.0
20201111,20,SO2,渭南,13.0
20201111,20,SO2_24h,渭南,13.0
20201111,20,NO2,渭南,119.0
20201111,20,NO2_24h,渭南,69.0
20201111,20,O3,渭南,15.0
20201111,20,O3_24h,渭南,130.0
20201111,20,O3_8h,渭南,86.0
20201111,20,O3_8h_24h,渭南,102.0
20201111,20,CO,渭南,1.3
20201111,20,CO_24h,渭南,1.03
20201111,21,AQI,渭南,200.0
20201111,21,PM2.5,渭南,150.0
20201111,21,PM2.5_24h,渭南,117.0
20201111,21,PM10,渭南,255.0
20201111,21,PM10_24h,渭南,201.0
20201111,21,SO2,渭南,12.0
20201111,21,SO2_24h,渭南,13.0
20201111,21,NO2,渭南,111.0
20201111,21,NO2_24h,渭南,70.0
20201111,21,O3,渭南,15.0
20201111,21,O3_24h,渭南,130.0
20201111,21,O3_8h,渭南,75.0
20201111,21,O3_8h_24h,渭南,102.0
20201111,21,CO,渭南,1.13
20201111,21,CO_24h,渭南,1.03
20201111,22,AQI,渭南,200.0
20201111,22,PM2.5,渭南,150.0
20201111,22,PM2.5_24h,渭南,118.0
20201111,22,PM10,渭南,234.0
20201111,22,PM10_24h,渭南,202.0
20201111,22,SO2,渭南,12.0
20201111,22,SO2_24h,渭南,13.0
20201111,22,NO2,渭南,106.0
20201111,22,NO2_24h,渭南,70.0
20201111,22,O3,渭南,14.0
20201111,22,O3_24h,渭南,130.0
20201111,22,O3_8h,渭南,61.0
20201111,22,O3_8h_24h,渭南,102.0
20201111,22,CO,渭南,1.23
20201111,22,CO_24h,渭南,1.03
20201111,23,AQI,渭南,203.0
20201111,23,PM2.5,渭南,153.0
20201111,23,PM2.5_24h,渭南,120.0
20201111,23,PM10,渭南,233.0
20201111,23,PM10_24h,渭南,203.0
20201111,23,SO2,渭南,10.0
20201111,23,SO2_24h,渭南,13.0
20201111,23,NO2,渭南,103.0
20201111,23,NO2_24h,渭南,71.0
20201111,23,O3,渭南,7.0
20201111,23,O3_24h,渭南,130.0
20201111,23,O3_8h,渭南,46.0
20201111,23,O3_8h_24h,渭南,102.0
20201111,23,CO,渭南,1.13
20201111,23,CO_24h,渭南,1.03
20201111,0,AQI,金昌,101.0
20201111,0,PM2.5,金昌,76.0
20201111,0,PM2.5_24h,金昌,55.0
20201111,0,PM10,金昌,147.0
20201111,0,PM10_24h,金昌,106.0
20201111,0,SO2,金昌,15.0
20201111,0,SO2_24h,金昌,28.0
20201111,0,NO2,金昌,37.0
20201111,0,NO2_24h,金昌,39.0
20201111,0,O3,金昌,46.0
20201111,0,O3_24h,金昌,131.0
20201111,0,O3_8h,金昌,62.0
20201111,0,O3_8h_24h,金昌,96.0
20201111,0,CO,金昌,1.15
20201111,0,CO_24h,金昌,0.95
20201111,1,AQI,金昌,100.0
20201111,1,PM2.5,金昌,75.0
20201111,1,PM2.5_24h,金昌,56.0
20201111,1,PM10,金昌,141.0
20201111,1,PM10_24h,金昌,109.0
20201111,1,SO2,金昌,23.0
20201111,1,SO2_24h,金昌,28.0
20201111,1,NO2,金昌,28.0
20201111,1,NO2_24h,金昌,39.0
20201111,1,O3,金昌,57.0
20201111,1,O3_24h,金昌,131.0
20201111,1,O3_8h,金昌,57.0
20201111,1,O3_8h_24h,金昌,57.0
20201111,1,CO,金昌,0.9
20201111,1,CO_24h,金昌,1.05
20201111,2,AQI,金昌,96.0
20201111,2,PM2.5,金昌,72.0
20201111,2,PM2.5_24h,金昌,57.0
20201111,2,PM10,金昌,126.0
20201111,2,PM10_24h,金昌,111.0
20201111,2,SO2,金昌,35.0
20201111,2,SO2_24h,金昌,30.0
20201111,2,NO2,金昌,26.0
20201111,2,NO2_24h,金昌,40.0
20201111,2,O3,金昌,52.0
20201111,2,O3_24h,金昌,131.0
20201111,2,O3_8h,金昌,54.0
20201111,2,O3_8h_24h,金昌,57.0
20201111,2,CO,金昌,0.85
20201111,2,CO_24h,金昌,1.05
20201111,3,AQI,金昌,84.0
20201111,3,PM2.5,金昌,62.0
20201111,3,PM2.5_24h,金昌,59.0
20201111,3,PM10,金昌,110.0
20201111,3,PM10_24h,金昌,114.0
20201111,3,SO2,金昌,31.0
20201111,3,SO2_24h,金昌,31.0
20201111,3,NO2,金昌,24.0
20201111,3,NO2_24h,金昌,40.0
20201111,3,O3,金昌,48.0
20201111,3,O3_24h,金昌,131.0
20201111,3,O3_8h,金昌,52.0
20201111,3,O3_8h_24h,金昌,57.0
20201111,3,CO,金昌,0.8
20201111,3,CO_24h,金昌,1.05
20201111,4,AQI,金昌,73.0
20201111,4,PM2.5,金昌,53.0
20201111,4,PM2.5_24h,金昌,60.0
20201111,4,PM10,金昌,96.0
20201111,4,PM10_24h,金昌,117.0
20201111,4,SO2,金昌,20.0
20201111,4,SO2_24h,金昌,31.0
20201111,4,NO2,金昌,22.0
20201111,4,NO2_24h,金昌,40.0
20201111,4,O3,金昌,48.0
20201111,4,O3_24h,金昌,131.0
20201111,4,O3_8h,金昌,52.0
20201111,4,O3_8h_24h,金昌,57.0
20201111,4,CO,金昌,0.8
20201111,4,CO_24h,金昌,1.05
20201111,5,AQI,金昌,67.0
20201111,5,PM2.5,金昌,48.0
20201111,5,PM2.5_24h,金昌,61.0
20201111,5,PM10,金昌,84.0
20201111,5,PM10_24h,金昌,119.0
20201111,5,SO2,金昌,14.0
20201111,5,SO2_24h,金昌,31.0
20201111,5,NO2,金昌,22.0
20201111,5,NO2_24h,金昌,40.0
20201111,5,O3,金昌,47.0
20201111,5,O3_24h,金昌,131.0
20201111,5,O3_8h,金昌,50.0
20201111,5,O3_8h_24h,金昌,57.0
20201111,5,CO,金昌,0.8
20201111,5,CO_24h,金昌,1.05
20201111,6,AQI,金昌,66.0
20201111,6,PM2.5,金昌,47.0
20201111,6,PM2.5_24h,金昌,62.0
20201111,6,PM10,金昌,81.0
20201111,6,PM10_24h,金昌,120.0
20201111,6,SO2,金昌,11.0
20201111,6,SO2_24h,金昌,32.0
20201111,6,NO2,金昌,19.0
20201111,6,NO2_24h,金昌,41.0
20201111,6,O3,金昌,56.0
20201111,6,O3_24h,金昌,131.0
20201111,6,O3_8h,金昌,52.0
20201111,6,O3_8h_24h,金昌,57.0
20201111,6,CO,金昌,0.8
20201111,6,CO_24h,金昌,1.05
20201111,8,AQI,金昌,69.0
20201111,8,PM2.5,金昌,50.0
20201111,8,PM2.5_24h,金昌,64.0
20201111,8,PM10,金昌,76.0
20201111,8,PM10_24h,金昌,122.0
20201111,8,SO2,金昌,13.0
20201111,8,SO2_24h,金昌,31.0
20201111,8,NO2,金昌,49.0
20201111,8,NO2_24h,金昌,41.0
20201111,8,O3,金昌,25.0
20201111,8,O3_24h,金昌,131.0
20201111,8,O3_8h,金昌,47.0
20201111,8,O3_8h_24h,金昌,57.0
20201111,8,CO,金昌,1.25
20201111,8,CO_24h,金昌,1.05
20201111,10,AQI,金昌,79.0
20201111,10,PM2.5,金昌,55.0
20201111,10,PM2.5_24h,金昌,64.0
20201111,10,PM10,金昌,107.0
20201111,10,PM10_24h,金昌,121.0
20201111,10,SO2,金昌,25.0
20201111,10,SO2_24h,金昌,31.0
20201111,10,NO2,金昌,53.0
20201111,10,NO2_24h,金昌,40.0
20201111,10,O3,金昌,48.0
20201111,10,O3_24h,金昌,131.0
20201111,10,O3_8h,金昌,45.0
20201111,10,O3_8h_24h,金昌,57.0
20201111,10,CO,金昌,1.4
20201111,10,CO_24h,金昌,1.05
20201111,11,AQI,金昌,84.0
20201111,11,PM2.5,金昌,62.0
20201111,11,PM2.5_24h,金昌,64.0
20201111,11,PM10,金昌,112.0
20201111,11,PM10_24h,金昌,119.0
20201111,11,SO2,金昌,8.0
20201111,11,SO2_24h,金昌,29.0
20201111,11,NO2,金昌,17.0
20201111,11,NO2_24h,金昌,39.0
20201111,11,O3,金昌,81.0
20201111,11,O3_24h,金昌,131.0
20201111,11,O3_8h,金昌,50.0
20201111,11,O3_8h_24h,金昌,57.0
20201111,11,CO,金昌,0.5
20201111,11,CO_24h,金昌,1.0
20201111,12,AQI,金昌,65.0
20201111,12,PM2.5,金昌,43.0
20201111,12,PM2.5_24h,金昌,63.0
20201111,12,PM10,金昌,79.0
20201111,12,PM10_24h,金昌,117.0
20201111,12,SO2,金昌,7.0
20201111,12,SO2_24h,金昌,25.0
20201111,12,NO2,金昌,13.0
20201111,12,NO2_24h,金昌,38.0
20201111,12,O3,金昌,94.0
20201111,12,O3_24h,金昌,131.0
20201111,12,O3_8h,金昌,55.0
20201111,12,O3_8h_24h,金昌,59.0
20201111,12,CO,金昌,0.45
20201111,12,CO_24h,金昌,1.0
20201111,13,AQI,金昌,52.0
20201111,13,PM2.5,金昌,24.0
20201111,13,PM2.5_24h,金昌,62.0
20201111,13,PM10,金昌,53.0
20201111,13,PM10_24h,金昌,114.0
20201111,13,SO2,金昌,6.0
20201111,13,SO2_24h,金昌,22.0
20201111,13,NO2,金昌,11.0
20201111,13,NO2_24h,金昌,37.0
20201111,13,O3,金昌,97.0
20201111,13,O3_24h,金昌,131.0
20201111,13,O3_8h,金昌,61.0
20201111,13,O3_8h_24h,金昌,62.0
20201111,13,CO,金昌,0.45
20201111,13,CO_24h,金昌,1.0
20201111,14,AQI,金昌,34.0
20201111,14,PM2.5,金昌,17.0
20201111,14,PM2.5_24h,金昌,61.0
20201111,14,PM10,金昌,34.0
20201111,14,PM10_24h,金昌,111.0
20201111,14,SO2,金昌,6.0
20201111,14,SO2_24h,金昌,20.0
20201111,14,NO2,金昌,10.0
20201111,14,NO2_24h,金昌,36.0
20201111,14,O3,金昌,101.0
20201111,14,O3_24h,金昌,131.0
20201111,14,O3_8h,金昌,67.0
20201111,14,O3_8h_24h,金昌,67.0
20201111,14,CO,金昌,0.45
20201111,14,CO_24h,金昌,0.95
20201111,15,AQI,金昌,43.0
20201111,15,PM2.5,金昌,30.0
20201111,15,PM2.5_24h,金昌,61.0
20201111,15,PM10,金昌,32.0
20201111,15,PM10_24h,金昌,110.0
20201111,15,SO2,金昌,7.0
20201111,15,SO2_24h,金昌,20.0
20201111,15,NO2,金昌,12.0
20201111,15,NO2_24h,金昌,35.0
20201111,15,O3,金昌,104.0
20201111,15,O3_24h,金昌,131.0
20201111,15,O3_8h,金昌,74.0
20201111,15,O3_8h_24h,金昌,74.0
20201111,15,CO,金昌,0.45
20201111,15,CO_24h,金昌,0.95
20201111,16,AQI,金昌,37.0
20201111,16,PM2.5,金昌,22.0
20201111,16,PM2.5_24h,金昌,59.0
20201111,16,PM10,金昌,37.0
20201111,16,PM10_24h,金昌,107.0
20201111,16,SO2,金昌,7.0
20201111,16,SO2_24h,金昌,18.0
20201111,16,NO2,金昌,11.0
20201111,16,NO2_24h,金昌,34.0
20201111,16,O3,金昌,104.0
20201111,16,O3_24h,金昌,131.0
20201111,16,O3_8h,金昌,83.0
20201111,16,O3_8h_24h,金昌,83.0
20201111,16,CO,金昌,0.45
20201111,16,CO_24h,金昌,0.9
20201111,17,AQI,金昌,31.0
20201111,17,PM2.5,金昌,20.0
20201111,17,PM2.5_24h,金昌,57.0
20201111,17,PM10,金昌,30.0
20201111,17,PM10_24h,金昌,102.0
20201111,17,SO2,金昌,6.0
20201111,17,SO2_24h,金昌,17.0
20201111,17,NO2,金昌,12.0
20201111,17,NO2_24h,金昌,33.0
20201111,17,O3,金昌,99.0
20201111,17,O3_24h,金昌,108.0
20201111,17,O3_8h,金昌,90.0
20201111,17,O3_8h_24h,金昌,90.0
20201111,17,CO,金昌,0.45
20201111,17,CO_24h,金昌,0.9
20201111,18,AQI,金昌,28.0
20201111,18,PM2.5,金昌,17.0
20201111,18,PM2.5_24h,金昌,54.0
20201111,18,PM10,金昌,28.0
20201111,18,PM10_24h,金昌,98.0
20201111,18,SO2,金昌,7.0
20201111,18,SO2_24h,金昌,16.0
20201111,18,NO2,金昌,21.0
20201111,18,NO2_24h,金昌,33.0
20201111,18,O3,金昌,86.0
20201111,18,O3_24h,金昌,105.0
20201111,18,O3_8h,金昌,96.0
20201111,18,O3_8h_24h,金昌,96.0
20201111,18,CO,金昌,0.55
20201111,18,CO_24h,金昌,0.9
20201111,19,AQI,金昌,36.0
20201111,19,PM2.5,金昌,16.0
20201111,19,PM2.5_24h,金昌,52.0
20201111,19,PM10,金昌,36.0
20201111,19,PM10_24h,金昌,93.0
20201111,19,SO2,金昌,7.0
20201111,19,SO2_24h,金昌,16.0
20201111,19,NO2,金昌,42.0
20201111,19,NO2_24h,金昌,31.0
20201111,19,O3,金昌,58.0
20201111,19,O3_24h,金昌,105.0
20201111,19,O3_8h,金昌,92.0
20201111,19,O3_8h_24h,金昌,96.0
20201111,19,CO,金昌,0.85
20201111,19,CO_24h,金昌,0.9
20201111,20,AQI,金昌,57.0
20201111,20,PM2.5,金昌,24.0
20201111,20,PM2.5_24h,金昌,49.0
20201111,20,PM10,金昌,64.0
20201111,20,PM10_24h,金昌,90.0
20201111,20,SO2,金昌,8.0
20201111,20,SO2_24h,金昌,15.0
20201111,20,NO2,金昌,51.0
20201111,20,NO2_24h,金昌,30.0
20201111,20,O3,金昌,39.0
20201111,20,O3_24h,金昌,105.0
20201111,20,O3_8h,金昌,85.0
20201111,20,O3_8h_24h,金昌,96.0
20201111,20,CO,金昌,1.05
20201111,20,CO_24h,金昌,0.85
20201111,21,AQI,金昌,75.0
20201111,21,PM2.5,金昌,42.0
20201111,21,PM2.5_24h,金昌,47.0
20201111,21,PM10,金昌,99.0
20201111,21,PM10_24h,金昌,87.0
20201111,21,SO2,金昌,8.0
20201111,21,SO2_24h,金昌,13.0
20201111,21,NO2,金昌,44.0
20201111,21,NO2_24h,金昌,29.0
20201111,21,O3,金昌,39.0
20201111,21,O3_24h,金昌,105.0
20201111,21,O3_8h,金昌,76.0
20201111,21,O3_8h_24h,金昌,96.0
20201111,21,CO,金昌,1.0
20201111,21,CO_24h,金昌,0.85
20201111,22,AQI,金昌,74.0
20201111,22,PM2.5,金昌,42.0
20201111,22,PM2.5_24h,金昌,45.0
20201111,22,PM10,金昌,98.0
20201111,22,PM10_24h,金昌,84.0
20201111,22,SO2,金昌,11.0
20201111,22,SO2_24h,金昌,13.0
20201111,22,NO2,金昌,46.0
20201111,22,NO2_24h,金昌,30.0
20201111,22,O3,金昌,35.0
20201111,22,O3_24h,金昌,105.0
20201111,22,O3_8h,金昌,68.0
20201111,22,O3_8h_24h,金昌,96.0
20201111,22,CO,金昌,1.15
20201111,22,CO_24h,金昌,0.85
20201111,23,AQI,金昌,73.0
20201111,23,PM2.5,金昌,41.0
20201111,23,PM2.5_24h,金昌,43.0
20201111,23,PM10,金昌,96.0
20201111,23,PM10_24h,金昌,82.0
20201111,23,SO2,金昌,18.0
20201111,23,SO2_24h,金昌,14.0
20201111,23,NO2,金昌,61.0
20201111,23,NO2_24h,金昌,30.0
20201111,23,O3,金昌,22.0
20201111,23,O3_24h,金昌,105.0
20201111,23,O3_8h,金昌,57.0
20201111,23,O3_8h_24h,金昌,96.0
20201111,23,CO,金昌,1.65
20201111,23,CO_24h,金昌,0.85
20201111,0,AQI,嘉峪关,62.0
20201111,0,PM2.5,嘉峪关,34.0
20201111,0,PM2.5_24h,嘉峪关,26.0
20201111,0,PM10,嘉峪关,74.0
20201111,0,PM10_24h,嘉峪关,66.0
20201111,0,SO2,嘉峪关,44.0
20201111,0,SO2_24h,嘉峪关,16.0
20201111,0,NO2,嘉峪关,51.0
20201111,0,NO2_24h,嘉峪关,36.0
20201111,0,O3,嘉峪关,23.0
20201111,0,O3_24h,嘉峪关,91.0
20201111,0,O3_8h,嘉峪关,49.0
20201111,0,O3_8h_24h,嘉峪关,74.0
20201111,0,CO,嘉峪关,0.35
20201111,0,CO_24h,嘉峪关,0.4
20201111,1,AQI,嘉峪关,63.0
20201111,1,PM2.5,嘉峪关,31.0
20201111,1,PM2.5_24h,嘉峪关,26.0
20201111,1,PM10,嘉峪关,75.0
20201111,1,PM10_24h,嘉峪关,67.0
20201111,1,SO2,嘉峪关,29.0
20201111,1,SO2_24h,嘉峪关,17.0
20201111,1,NO2,嘉峪关,42.0
20201111,1,NO2_24h,嘉峪关,36.0
20201111,1,O3,嘉峪关,28.0
20201111,1,O3_24h,嘉峪关,91.0
20201111,1,O3_8h,嘉峪关,28.0
20201111,1,O3_8h_24h,嘉峪关,28.0
20201111,1,CO,嘉峪关,0.35
20201111,1,CO_24h,嘉峪关,0.4
20201111,2,AQI,嘉峪关,55.0
20201111,2,PM2.5,嘉峪关,28.0
20201111,2,PM2.5_24h,嘉峪关,27.0
20201111,2,PM10,嘉峪关,60.0
20201111,2,PM10_24h,嘉峪关,68.0
20201111,2,SO2,嘉峪关,29.0
20201111,2,SO2_24h,嘉峪关,18.0
20201111,2,NO2,嘉峪关,31.0
20201111,2,NO2_24h,嘉峪关,37.0
20201111,2,O3,嘉峪关,42.0
20201111,2,O3_24h,嘉峪关,91.0
20201111,2,O3_8h,嘉峪关,35.0
20201111,2,O3_8h_24h,嘉峪关,35.0
20201111,2,CO,嘉峪关,0.3
20201111,2,CO_24h,嘉峪关,0.4
20201111,3,AQI,嘉峪关,50.0
20201111,3,PM2.5,嘉峪关,23.0
20201111,3,PM2.5_24h,嘉峪关,27.0
20201111,3,PM10,嘉峪关,50.0
20201111,3,PM10_24h,嘉峪关,69.0
20201111,3,SO2,嘉峪关,35.0
20201111,3,SO2_24h,嘉峪关,19.0
20201111,3,NO2,嘉峪关,28.0
20201111,3,NO2_24h,嘉峪关,37.0
20201111,3,O3,嘉峪关,49.0
20201111,3,O3_24h,嘉峪关,91.0
20201111,3,O3_8h,嘉峪关,40.0
20201111,3,O3_8h_24h,嘉峪关,40.0
20201111,3,CO,嘉峪关,0.25
20201111,3,CO_24h,嘉峪关,0.4
20201111,4,AQI,嘉峪关,51.0
20201111,4,PM2.5,嘉峪关,21.0
20201111,4,PM2.5_24h,嘉峪关,27.0
20201111,4,PM10,嘉峪关,52.0
20201111,4,PM10_24h,嘉峪关,70.0
20201111,4,SO2,嘉峪关,20.0
20201111,4,SO2_24h,嘉峪关,20.0
20201111,4,NO2,嘉峪关,27.0
20201111,4,NO2_24h,嘉峪关,37.0
20201111,4,O3,嘉峪关,47.0
20201111,4,O3_24h,嘉峪关,91.0
20201111,4,O3_8h,嘉峪关,42.0
20201111,4,O3_8h_24h,嘉峪关,42.0
20201111,4,CO,嘉峪关,0.25
20201111,4,CO_24h,嘉峪关,0.45
20201111,5,AQI,嘉峪关,47.0
20201111,5,PM2.5,嘉峪关,19.0
20201111,5,PM2.5_24h,嘉峪关,28.0
20201111,5,PM10,嘉峪关,47.0
20201111,5,PM10_24h,嘉峪关,71.0
20201111,5,SO2,嘉峪关,29.0
20201111,5,SO2_24h,嘉峪关,21.0
20201111,5,NO2,嘉峪关,19.0
20201111,5,NO2_24h,嘉峪关,37.0
20201111,5,O3,嘉峪关,57.0
20201111,5,O3_24h,嘉峪关,91.0
20201111,5,O3_8h,嘉峪关,45.0
20201111,5,O3_8h_24h,嘉峪关,45.0
20201111,5,CO,嘉峪关,0.3
20201111,5,CO_24h,嘉峪关,0.45
20201111,6,AQI,嘉峪关,35.0
20201111,6,PM2.5,嘉峪关,16.0
20201111,6,PM2.5_24h,嘉峪关,28.0
20201111,6,PM10,嘉峪关,35.0
20201111,6,PM10_24h,嘉峪关,71.0
20201111,6,SO2,嘉峪关,20.0
20201111,6,SO2_24h,嘉峪关,21.0
20201111,6,NO2,嘉峪关,18.0
20201111,6,NO2_24h,嘉峪关,36.0
20201111,6,O3,嘉峪关,63.0
20201111,6,O3_24h,嘉峪关,91.0
20201111,6,O3_8h,嘉峪关,48.0
20201111,6,O3_8h_24h,嘉峪关,48.0
20201111,6,CO,嘉峪关,0.3
20201111,6,CO_24h,嘉峪关,0.45
20201111,8,AQI,嘉峪关,30.0
20201111,8,PM2.5,嘉峪关,12.0
20201111,8,PM2.5_24h,嘉峪关,28.0
20201111,8,PM10,嘉峪关,30.0
20201111,8,PM10_24h,嘉峪关,71.0
20201111,8,SO2,嘉峪关,29.0
20201111,8,SO2_24h,嘉峪关,24.0
20201111,8,NO2,嘉峪关,30.0
20201111,8,NO2_24h,嘉峪关,36.0
20201111,8,O3,嘉峪关,50.0
20201111,8,O3_24h,嘉峪关,91.0
20201111,8,O3_8h,嘉峪关,50.0
20201111,8,O3_8h_24h,嘉峪关,50.0
20201111,8,CO,嘉峪关,0.3
20201111,8,CO_24h,嘉峪关,0.45
20201111,10,AQI,嘉峪关,36.0
20201111,10,PM2.5,嘉峪关,13.0
20201111,10,PM2.5_24h,嘉峪关,28.0
20201111,10,PM10,嘉峪关,36.0
20201111,10,PM10_24h,嘉峪关,70.0
20201111,10,SO2,嘉峪关,34.0
20201111,10,SO2_24h,嘉峪关,26.0
20201111,10,NO2,嘉峪关,21.0
20201111,10,NO2_24h,嘉峪关,35.0
20201111,10,O3,嘉峪关,66.0
20201111,10,O3_24h,嘉峪关,91.0
20201111,10,O3_8h,嘉峪关,56.0
20201111,10,O3_8h_24h,嘉峪关,56.0
20201111,10,CO,嘉峪关,0.3
20201111,10,CO_24h,嘉峪关,0.4
20201111,11,AQI,嘉峪关,37.0
20201111,11,PM2.5,嘉峪关,15.0
20201111,11,PM2.5_24h,嘉峪关,28.0
20201111,11,PM10,嘉峪关,37.0
20201111,11,PM10_24h,嘉峪关,69.0
20201111,11,SO2,嘉峪关,33.0
20201111,11,SO2_24h,嘉峪关,27.0
20201111,11,NO2,嘉峪关,24.0
20201111,11,NO2_24h,嘉峪关,34.0
20201111,11,O3,嘉峪关,67.0
20201111,11,O3_24h,嘉峪关,91.0
20201111,11,O3_8h,嘉峪关,58.0
20201111,11,O3_8h_24h,嘉峪关,58.0
20201111,11,CO,嘉峪关,0.4
20201111,11,CO_24h,嘉峪关,0.4
20201111,12,AQI,嘉峪关,37.0
20201111,12,PM2.5,嘉峪关,20.0
20201111,12,PM2.5_24h,嘉峪关,28.0
20201111,12,PM10,嘉峪关,37.0
20201111,12,PM10_24h,嘉峪关,68.0
20201111,12,SO2,嘉峪关,71.0
20201111,12,SO2_24h,嘉峪关,27.0
20201111,12,NO2,嘉峪关,37.0
20201111,12,NO2_24h,嘉峪关,34.0
20201111,12,O3,嘉峪关,61.0
20201111,12,O3_24h,嘉峪关,91.0
20201111,12,O3_8h,嘉峪关,60.0
20201111,12,O3_8h_24h,嘉峪关,60.0
20201111,12,CO,嘉峪关,1.95
20201111,12,CO_24h,嘉峪关,0.45
20201111,13,AQI,嘉峪关,86.0
20201111,13,PM2.5,嘉峪关,34.0
20201111,13,PM2.5_24h,嘉峪关,28.0
20201111,13,PM10,嘉峪关,121.0
20201111,13,PM10_24h,嘉峪关,68.0
20201111,13,SO2,嘉峪关,50.0
20201111,13,SO2_24h,嘉峪关,27.0
20201111,13,NO2,嘉峪关,30.0
20201111,13,NO2_24h,嘉峪关,33.0
20201111,13,O3,嘉峪关,69.0
20201111,13,O3_24h,嘉峪关,91.0
20201111,13,O3_8h,嘉峪关,61.0
20201111,13,O3_8h_24h,嘉峪关,61.0
20201111,13,CO,嘉峪关,0.95
20201111,13,CO_24h,嘉峪关,0.35
20201111,14,AQI,嘉峪关,60.0
20201111,14,PM2.5,嘉峪关,20.0
20201111,14,PM2.5_24h,嘉峪关,27.0
20201111,14,PM10,嘉峪关,69.0
20201111,14,PM10_24h,嘉峪关,66.0
20201111,14,SO2,嘉峪关,33.0
20201111,14,SO2_24h,嘉峪关,27.0
20201111,14,NO2,嘉峪关,28.0
20201111,14,NO2_24h,嘉峪关,34.0
20201111,14,O3,嘉峪关,73.0
20201111,14,O3_24h,嘉峪关,91.0
20201111,14,O3_8h,嘉峪关,62.0
20201111,14,O3_8h_24h,嘉峪关,62.0
20201111,14,CO,嘉峪关,0.7
20201111,14,CO_24h,嘉峪关,0.4
20201111,15,AQI,嘉峪关,55.0
20201111,15,PM2.5,嘉峪关,14.0
20201111,15,PM2.5_24h,嘉峪关,26.0
20201111,15,PM10,嘉峪关,60.0
20201111,15,PM10_24h,嘉峪关,66.0
20201111,15,SO2,嘉峪关,21.0
20201111,15,SO2_24h,嘉峪关,28.0
20201111,15,NO2,嘉峪关,21.0
20201111,15,NO2_24h,嘉峪关,34.0
20201111,15,O3,嘉峪关,82.0
20201111,15,O3_24h,嘉峪关,91.0
20201111,15,O3_8h,嘉峪关,65.0
20201111,15,O3_8h_24h,嘉峪关,65.0
20201111,15,CO,嘉峪关,0.45
20201111,15,CO_24h,嘉峪关,0.4
20201111,16,AQI,嘉峪关,51.0
20201111,16,PM2.5,嘉峪关,18.0
20201111,16,PM2.5_24h,嘉峪关,26.0
20201111,16,PM10,嘉峪关,52.0
20201111,16,PM10_24h,嘉峪关,65.0
20201111,16,SO2,嘉峪关,15.0
20201111,16,SO2_24h,嘉峪关,28.0
20201111,16,NO2,嘉峪关,18.0
20201111,16,NO2_24h,嘉峪关,34.0
20201111,16,O3,嘉峪关,86.0
20201111,16,O3_24h,嘉峪关,86.0
20201111,16,O3_8h,嘉峪关,69.0
20201111,16,O3_8h_24h,嘉峪关,69.0
20201111,16,CO,嘉峪关,0.6
20201111,16,CO_24h,嘉峪关,0.4
20201111,17,AQI,嘉峪关,64.0
20201111,17,PM2.5,嘉峪关,18.0
20201111,17,PM2.5_24h,嘉峪关,26.0
20201111,17,PM10,嘉峪关,78.0
20201111,17,PM10_24h,嘉峪关,66.0
20201111,17,SO2,嘉峪关,13.0
20201111,17,SO2_24h,嘉峪关,28.0
20201111,17,NO2,嘉峪关,26.0
20201111,17,NO2_24h,嘉峪关,34.0
20201111,17,O3,嘉峪关,83.0
20201111,17,O3_24h,嘉峪关,86.0
20201111,17,O3_8h,嘉峪关,73.0
20201111,17,O3_8h_24h,嘉峪关,73.0
20201111,17,CO,嘉峪关,0.4
20201111,17,CO_24h,嘉峪关,0.4
20201111,18,AQI,嘉峪关,66.0
20201111,18,PM2.5,嘉峪关,21.0
20201111,18,PM2.5_24h,嘉峪关,25.0
20201111,18,PM10,嘉峪关,82.0
20201111,18,PM10_24h,嘉峪关,66.0
20201111,18,SO2,嘉峪关,10.0
20201111,18,SO2_24h,嘉峪关,28.0
20201111,18,NO2,嘉峪关,30.0
20201111,18,NO2_24h,嘉峪关,33.0
20201111,18,O3,嘉峪关,79.0
20201111,18,O3_24h,嘉峪关,86.0
20201111,18,O3_8h,嘉峪关,75.0
20201111,18,O3_8h_24h,嘉峪关,75.0
20201111,18,CO,嘉峪关,0.35
20201111,18,CO_24h,嘉峪关,0.4
20201111,19,AQI,嘉峪关,49.0
20201111,19,PM2.5,嘉峪关,23.0
20201111,19,PM2.5_24h,嘉峪关,25.0
20201111,19,PM10,嘉峪关,49.0
20201111,19,PM10_24h,嘉峪关,64.0
20201111,19,SO2,嘉峪关,8.0
20201111,19,SO2_24h,嘉峪关,28.0
20201111,19,NO2,嘉峪关,40.0
20201111,19,NO2_24h,嘉峪关,33.0
20201111,19,O3,嘉峪关,70.0
20201111,19,O3_24h,嘉峪关,86.0
20201111,19,O3_8h,嘉峪关,75.0
20201111,19,O3_8h_24h,嘉峪关,76.0
20201111,19,CO,嘉峪关,0.35
20201111,19,CO_24h,嘉峪关,0.4
20201111,20,AQI,嘉峪关,79.0
20201111,20,PM2.5,嘉峪关,41.0
20201111,20,PM2.5_24h,嘉峪关,25.0
20201111,20,PM10,嘉峪关,107.0
20201111,20,PM10_24h,嘉峪关,64.0
20201111,20,SO2,嘉峪关,10.0
20201111,20,SO2_24h,嘉峪关,28.0
20201111,20,NO2,嘉峪关,64.0
20201111,20,NO2_24h,嘉峪关,34.0
20201111,20,O3,嘉峪关,44.0
20201111,20,O3_24h,嘉峪关,86.0
20201111,20,O3_8h,嘉峪关,73.0
20201111,20,O3_8h_24h,嘉峪关,76.0
20201111,20,CO,嘉峪关,0.45
20201111,20,CO_24h,嘉峪关,0.4
20201111,21,AQI,嘉峪关,80.0
20201111,21,PM2.5,嘉峪关,44.0
20201111,21,PM2.5_24h,嘉峪关,24.0
20201111,21,PM10,嘉峪关,110.0
20201111,21,PM10_24h,嘉峪关,65.0
20201111,21,SO2,嘉峪关,7.0
20201111,21,SO2_24h,嘉峪关,28.0
20201111,21,NO2,嘉峪关,42.0
20201111,21,NO2_24h,嘉峪关,34.0
20201111,21,O3,嘉峪关,62.0
20201111,21,O3_24h,嘉峪关,86.0
20201111,21,O3_8h,嘉峪关,72.0
20201111,21,O3_8h_24h,嘉峪关,76.0
20201111,21,CO,嘉峪关,0.35
20201111,21,CO_24h,嘉峪关,0.4
20201111,22,AQI,嘉峪关,72.0
20201111,22,PM2.5,嘉峪关,37.0
20201111,22,PM2.5_24h,嘉峪关,24.0
20201111,22,PM10,嘉峪关,94.0
20201111,22,PM10_24h,嘉峪关,64.0
20201111,22,SO2,嘉峪关,6.0
20201111,22,SO2_24h,嘉峪关,28.0
20201111,22,NO2,嘉峪关,42.0
20201111,22,NO2_24h,嘉峪关,32.0
20201111,22,O3,嘉峪关,59.0
20201111,22,O3_24h,嘉峪关,86.0
20201111,22,O3_8h,嘉峪关,70.0
20201111,22,O3_8h_24h,嘉峪关,76.0
20201111,22,CO,嘉峪关,0.4
20201111,22,CO_24h,嘉峪关,0.4
20201111,23,AQI,嘉峪关,67.0
20201111,23,PM2.5,嘉峪关,32.0
20201111,23,PM2.5_24h,嘉峪关,23.0
20201111,23,PM10,嘉峪关,84.0
20201111,23,PM10_24h,嘉峪关,63.0
20201111,23,SO2,嘉峪关,7.0
20201111,23,SO2_24h,嘉峪关,27.0
20201111,23,NO2,嘉峪关,62.0
20201111,23,NO2_24h,嘉峪关,33.0
20201111,23,O3,嘉峪关,23.0
20201111,23,O3_24h,嘉峪关,86.0
20201111,23,O3_8h,嘉峪关,63.0
20201111,23,O3_8h_24h,嘉峪关,76.0
20201111,23,CO,嘉峪关,0.45
20201111,23,CO_24h,嘉峪关,0.4
20201111,0,AQI,石嘴山,110.0
20201111,0,PM2.5,石嘴山,69.0
20201111,0,PM2.5_24h,石嘴山,50.0
20201111,0,PM10,石嘴山,170.0
20201111,0,PM10_24h,石嘴山,104.0
20201111,0,SO2,石嘴山,59.0
20201111,0,SO2_24h,石嘴山,76.0
20201111,0,NO2,石嘴山,73.0
20201111,0,NO2_24h,石嘴山,63.0
20201111,0,O3,石嘴山,16.0
20201111,0,O3_24h,石嘴山,94.0
20201111,0,O3_8h,石嘴山,24.0
20201111,0,O3_8h_24h,石嘴山,69.0
20201111,0,CO,石嘴山,1.7
20201111,0,CO_24h,石嘴山,1.33
20201111,1,AQI,石嘴山,83.0
20201111,1,PM2.5,石嘴山,61.0
20201111,1,PM2.5_24h,石嘴山,51.0
20201111,1,PM10,石嘴山,96.0
20201111,1,PM10_24h,石嘴山,106.0
20201111,1,SO2,石嘴山,37.0
20201111,1,SO2_24h,石嘴山,76.0
20201111,1,NO2,石嘴山,70.0
20201111,1,NO2_24h,石嘴山,64.0
20201111,1,O3,石嘴山,13.0
20201111,1,O3_24h,石嘴山,94.0
20201111,1,O3_8h,石嘴山,13.0
20201111,1,O3_8h_24h,石嘴山,13.0
20201111,1,CO,石嘴山,1.4
20201111,1,CO_24h,石嘴山,1.37
20201111,2,AQI,石嘴山,88.0
20201111,2,PM2.5,石嘴山,65.0
20201111,2,PM2.5_24h,石嘴山,52.0
20201111,2,PM10,石嘴山,109.0
20201111,2,PM10_24h,石嘴山,108.0
20201111,2,SO2,石嘴山,33.0
20201111,2,SO2_24h,石嘴山,77.0
20201111,2,NO2,石嘴山,72.0
20201111,2,NO2_24h,石嘴山,65.0
20201111,2,O3,石嘴山,8.0
20201111,2,O3_24h,石嘴山,94.0
20201111,2,O3_8h,石嘴山,11.0
20201111,2,O3_8h_24h,石嘴山,13.0
20201111,2,CO,石嘴山,1.27
20201111,2,CO_24h,石嘴山,1.37
20201111,3,AQI,石嘴山,101.0
20201111,3,PM2.5,石嘴山,76.0
20201111,3,PM2.5_24h,石嘴山,54.0
20201111,3,PM10,石嘴山,104.0
20201111,3,PM10_24h,石嘴山,110.0
20201111,3,SO2,石嘴山,40.0
20201111,3,SO2_24h,石嘴山,72.0
20201111,3,NO2,石嘴山,68.0
20201111,3,NO2_24h,石嘴山,65.0
20201111,3,O3,石嘴山,13.0
20201111,3,O3_24h,石嘴山,94.0
20201111,3,O3_8h,石嘴山,12.0
20201111,3,O3_8h_24h,石嘴山,15.0
20201111,3,CO,石嘴山,1.33
20201111,3,CO_24h,石嘴山,1.37
20201111,4,AQI,石嘴山,85.0
20201111,4,PM2.5,石嘴山,63.0
20201111,4,PM2.5_24h,石嘴山,55.0
20201111,4,PM10,石嘴山,104.0
20201111,4,PM10_24h,石嘴山,110.0
20201111,4,SO2,石嘴山,45.0
20201111,4,SO2_24h,石嘴山,68.0
20201111,4,NO2,石嘴山,67.0
20201111,4,NO2_24h,石嘴山,65.0
20201111,4,O3,石嘴山,9.0
20201111,4,O3_24h,石嘴山,94.0
20201111,4,O3_8h,石嘴山,11.0
20201111,4,O3_8h_24h,石嘴山,15.0
20201111,4,CO,石嘴山,1.3
20201111,4,CO_24h,石嘴山,1.37
20201111,5,AQI,石嘴山,79.0
20201111,5,PM2.5,石嘴山,58.0
20201111,5,PM2.5_24h,石嘴山,56.0
20201111,5,PM10,石嘴山,97.0
20201111,5,PM10_24h,石嘴山,111.0
20201111,5,SO2,石嘴山,35.0
20201111,5,SO2_24h,石嘴山,65.0
20201111,5,NO2,石嘴山,64.0
20201111,5,NO2_24h,石嘴山,66.0
20201111,5,O3,石嘴山,6.0
20201111,5,O3_24h,石嘴山,94.0
20201111,5,O3_8h,石嘴山,10.0
20201111,5,O3_8h_24h,石嘴山,15.0
20201111,5,CO,石嘴山,1.43
20201111,5,CO_24h,石嘴山,1.4
20201111,6,AQI,石嘴山,67.0
20201111,6,PM2.5,石嘴山,46.0
20201111,6,PM2.5_24h,石嘴山,57.0
20201111,6,PM10,石嘴山,84.0
20201111,6,PM10_24h,石嘴山,112.0
20201111,6,SO2,石嘴山,19.0
20201111,6,SO2_24h,石嘴山,62.0
20201111,6,NO2,石嘴山,50.0
20201111,6,NO2_24h,石嘴山,66.0
20201111,6,O3,石嘴山,14.0
20201111,6,O3_24h,石嘴山,94.0
20201111,6,O3_8h,石嘴山,11.0
20201111,6,O3_8h_24h,石嘴山,15.0
20201111,6,CO,石嘴山,0.83
20201111,6,CO_24h,石嘴山,1.37
20201111,8,AQI,石嘴山,74.0
20201111,8,PM2.5,石嘴山,54.0
20201111,8,PM2.5_24h,石嘴山,57.0
20201111,8,PM10,石嘴山,89.0
20201111,8,PM10_24h,石嘴山,113.0
20201111,8,SO2,石嘴山,19.0
20201111,8,SO2_24h,石嘴山,58.0
20201111,8,NO2,石嘴山,54.0
20201111,8,NO2_24h,石嘴山,65.0
20201111,8,O3,石嘴山,8.0
20201111,8,O3_24h,石嘴山,94.0
20201111,8,O3_8h,石嘴山,10.0
20201111,8,O3_8h_24h,石嘴山,15.0
20201111,8,CO,石嘴山,1.03
20201111,8,CO_24h,石嘴山,1.33
20201111,10,AQI,石嘴山,78.0
20201111,10,PM2.5,石嘴山,57.0
20201111,10,PM2.5_24h,石嘴山,58.0
20201111,10,PM10,石嘴山,103.0
20201111,10,PM10_24h,石嘴山,114.0
20201111,10,SO2,石嘴山,44.0
20201111,10,SO2_24h,石嘴山,59.0
20201111,10,NO2,石嘴山,55.0
20201111,10,NO2_24h,石嘴山,66.0
20201111,10,O3,石嘴山,17.0
20201111,10,O3_24h,石嘴山,94.0
20201111,10,O3_8h,石嘴山,12.0
20201111,10,O3_8h_24h,石嘴山,15.0
20201111,10,CO,石嘴山,1.3
20201111,10,CO_24h,石嘴山,1.33
20201111,11,AQI,石嘴山,74.0
20201111,11,PM2.5,石嘴山,54.0
20201111,11,PM2.5_24h,石嘴山,59.0
20201111,11,PM10,石嘴山,95.0
20201111,11,PM10_24h,石嘴山,114.0
20201111,11,SO2,石嘴山,38.0
20201111,11,SO2_24h,石嘴山,60.0
20201111,11,NO2,石嘴山,53.0
20201111,11,NO2_24h,石嘴山,66.0
20201111,11,O3,石嘴山,29.0
20201111,11,O3_24h,石嘴山,94.0
20201111,11,O3_8h,石嘴山,14.0
20201111,11,O3_8h_24h,石嘴山,15.0
20201111,11,CO,石嘴山,1.13
20201111,11,CO_24h,石嘴山,1.37
20201111,12,AQI,石嘴山,94.0
20201111,12,PM2.5,石嘴山,70.0
20201111,12,PM2.5_24h,石嘴山,60.0
20201111,12,PM10,石嘴山,115.0
20201111,12,PM10_24h,石嘴山,116.0
20201111,12,SO2,石嘴山,69.0
20201111,12,SO2_24h,石嘴山,61.0
20201111,12,NO2,石嘴山,62.0
20201111,12,NO2_24h,石嘴山,67.0
20201111,12,O3,石嘴山,34.0
20201111,12,O3_24h,石嘴山,94.0
20201111,12,O3_8h,石嘴山,17.0
20201111,12,O3_8h_24h,石嘴山,17.0
20201111,12,CO,石嘴山,1.83
20201111,12,CO_24h,石嘴山,1.43
20201111,13,AQI,石嘴山,118.0
20201111,13,PM2.5,石嘴山,89.0
20201111,13,PM2.5_24h,石嘴山,63.0
20201111,13,PM10,石嘴山,147.0
20201111,13,PM10_24h,石嘴山,119.0
20201111,13,SO2,石嘴山,88.0
20201111,13,SO2_24h,石嘴山,64.0
20201111,13,NO2,石嘴山,62.0
20201111,13,NO2_24h,石嘴山,68.0
20201111,13,O3,石嘴山,53.0
20201111,13,O3_24h,石嘴山,94.0
20201111,13,O3_8h,石嘴山,23.0
20201111,13,O3_8h_24h,石嘴山,23.0
20201111,13,CO,石嘴山,2.5
20201111,13,CO_24h,石嘴山,1.5
20201111,14,AQI,石嘴山,133.0
20201111,14,PM2.5,石嘴山,101.0
20201111,14,PM2.5_24h,石嘴山,65.0
20201111,14,PM10,石嘴山,163.0
20201111,14,PM10_24h,石嘴山,124.0
20201111,14,SO2,石嘴山,89.0
20201111,14,SO2_24h,石嘴山,67.0
20201111,14,NO2,石嘴山,71.0
20201111,14,NO2_24h,石嘴山,69.0
20201111,14,O3,石嘴山,47.0
20201111,14,O3_24h,石嘴山,94.0
20201111,14,O3_8h,石嘴山,27.0
20201111,14,O3_8h_24h,石嘴山,27.0
20201111,14,CO,石嘴山,2.37
20201111,14,CO_24h,石嘴山,1.57
20201111,15,AQI,石嘴山,143.0
20201111,15,PM2.5,石嘴山,109.0
20201111,15,PM2.5_24h,石嘴山,68.0
20201111,15,PM10,石嘴山,185.0
20201111,15,PM10_24h,石嘴山,128.0
20201111,15,SO2,石嘴山,86.0
20201111,15,SO2_24h,石嘴山,69.0
20201111,15,NO2,石嘴山,75.0
20201111,15,NO2_24h,石嘴山,71.0
20201111,15,O3,石嘴山,60.0
20201111,15,O3_24h,石嘴山,94.0
20201111,15,O3_8h,石嘴山,33.0
20201111,15,O3_8h_24h,石嘴山,33.0
20201111,15,CO,石嘴山,2.6
20201111,15,CO_24h,石嘴山,1.67
20201111,16,AQI,石嘴山,148.0
20201111,16,PM2.5,石嘴山,113.0
20201111,16,PM2.5_24h,石嘴山,71.0
20201111,16,PM10,石嘴山,158.0
20201111,16,PM10_24h,石嘴山,131.0
20201111,16,SO2,石嘴山,88.0
20201111,16,SO2_24h,石嘴山,72.0
20201111,16,NO2,石嘴山,71.0
20201111,16,NO2_24h,石嘴山,73.0
20201111,16,O3,石嘴山,71.0
20201111,16,O3_24h,石嘴山,80.0
20201111,16,O3_8h,石嘴山,41.0
20201111,16,O3_8h_24h,石嘴山,41.0
20201111,16,CO,石嘴山,2.65
20201111,16,CO_24h,石嘴山,1.7
20201111,17,AQI,石嘴山,126.0
20201111,17,PM2.5,石嘴山,96.0
20201111,17,PM2.5_24h,石嘴山,73.0
20201111,17,PM10,石嘴山,154.0
20201111,17,PM10_24h,石嘴山,134.0
20201111,17,SO2,石嘴山,91.0
20201111,17,SO2_24h,石嘴山,71.0
20201111,17,NO2,石嘴山,76.0
20201111,17,NO2_24h,石嘴山,73.0
20201111,17,O3,石嘴山,67.0
20201111,17,O3_24h,石嘴山,74.0
20201111,17,O3_8h,石嘴山,46.0
20201111,17,O3_8h_24h,石嘴山,46.0
20201111,17,CO,石嘴山,2.0
20201111,17,CO_24h,石嘴山,1.77
20201111,18,AQI,石嘴山,106.0
20201111,18,PM2.5,石嘴山,80.0
20201111,18,PM2.5_24h,石嘴山,75.0
20201111,18,PM10,石嘴山,129.0
20201111,18,PM10_24h,石嘴山,135.0
20201111,18,SO2,石嘴山,43.0
20201111,18,SO2_24h,石嘴山,67.0
20201111,18,NO2,石嘴山,80.0
20201111,18,NO2_24h,石嘴山,74.0
20201111,18,O3,石嘴山,57.0
20201111,18,O3_24h,石嘴山,74.0
20201111,18,O3_8h,石嘴山,52.0
20201111,18,O3_8h_24h,石嘴山,52.0
20201111,18,CO,石嘴山,1.23
20201111,18,CO_24h,石嘴山,1.73
20201111,19,AQI,石嘴山,111.0
20201111,19,PM2.5,石嘴山,84.0
20201111,19,PM2.5_24h,石嘴山,75.0
20201111,19,PM10,石嘴山,141.0
20201111,19,PM10_24h,石嘴山,136.0
20201111,19,SO2,石嘴山,44.0
20201111,19,SO2_24h,石嘴山,61.0
20201111,19,NO2,石嘴山,96.0
20201111,19,NO2_24h,石嘴山,73.0
20201111,19,O3,石嘴山,36.0
20201111,19,O3_24h,石嘴山,74.0
20201111,19,O3_8h,石嘴山,53.0
20201111,19,O3_8h_24h,石嘴山,53.0
20201111,19,CO,石嘴山,1.23
20201111,19,CO_24h,石嘴山,1.73
20201111,20,AQI,石嘴山,110.0
20201111,20,PM2.5,石嘴山,83.0
20201111,20,PM2.5_24h,石嘴山,75.0
20201111,20,PM10,石嘴山,131.0
20201111,20,PM10_24h,石嘴山,133.0
20201111,20,SO2,石嘴山,43.0
20201111,20,SO2_24h,石嘴山,58.0
20201111,20,NO2,石嘴山,97.0
20201111,20,NO2_24h,石嘴山,72.0
20201111,20,O3,石嘴山,32.0
20201111,20,O3_24h,石嘴山,81.0
20201111,20,O3_8h,石嘴山,53.0
20201111,20,O3_8h_24h,石嘴山,55.0
20201111,20,CO,石嘴山,1.47
20201111,20,CO_24h,石嘴山,1.7
20201111,21,AQI,石嘴山,115.0
20201111,21,PM2.5,石嘴山,87.0
20201111,21,PM2.5_24h,石嘴山,75.0
20201111,21,PM10,石嘴山,144.0
20201111,21,PM10_24h,石嘴山,130.0
20201111,21,SO2,石嘴山,53.0
20201111,21,SO2_24h,石嘴山,54.0
20201111,21,NO2,石嘴山,103.0
20201111,21,NO2_24h,石嘴山,72.0
20201111,21,O3,石嘴山,21.0
20201111,21,O3_24h,石嘴山,81.0
20201111,21,O3_8h,石嘴山,49.0
20201111,21,O3_8h_24h,石嘴山,55.0
20201111,21,CO,石嘴山,1.63
20201111,21,CO_24h,石嘴山,1.67
20201111,22,AQI,石嘴山,108.0
20201111,22,PM2.5,石嘴山,81.0
20201111,22,PM2.5_24h,石嘴山,74.0
20201111,22,PM10,石嘴山,142.0
20201111,22,PM10_24h,石嘴山,126.0
20201111,22,SO2,石嘴山,52.0
20201111,22,SO2_24h,石嘴山,52.0
20201111,22,NO2,石嘴山,76.0
20201111,22,NO2_24h,石嘴山,71.0
20201111,22,O3,石嘴山,49.0
20201111,22,O3_24h,石嘴山,81.0
20201111,22,O3_8h,石嘴山,49.0
20201111,22,O3_8h_24h,石嘴山,56.0
20201111,22,CO,石嘴山,1.5
20201111,22,CO_24h,石嘴山,1.57
20201111,23,AQI,石嘴山,104.0
20201111,23,PM2.5,石嘴山,78.0
20201111,23,PM2.5_24h,石嘴山,73.0
20201111,23,PM10,石嘴山,121.0
20201111,23,PM10_24h,石嘴山,121.0
20201111,23,SO2,石嘴山,50.0
20201111,23,SO2_24h,石嘴山,50.0
20201111,23,NO2,石嘴山,63.0
20201111,23,NO2_24h,石嘴山,69.0
20201111,23,O3,石嘴山,56.0
20201111,23,O3_24h,石嘴山,84.0
20201111,23,O3_8h,石嘴山,49.0
20201111,23,O3_8h_24h,石嘴山,59.0
20201111,23,CO,石嘴山,1.6
20201111,23,CO_24h,石嘴山,1.53
20201111,0,AQI,克拉玛依,60.0
20201111,0,PM2.5,克拉玛依,15.0
20201111,0,PM2.5_24h,克拉玛依,13.0
20201111,0,PM10,克拉玛依,69.0
20201111,0,PM10_24h,克拉玛依,50.0
20201111,0,SO2,克拉玛依,6.0
20201111,0,SO2_24h,克拉玛依,7.0
20201111,0,NO2,克拉玛依,39.0
20201111,0,NO2_24h,克拉玛依,31.0
20201111,0,O3,克拉玛依,17.0
20201111,0,O3_24h,克拉玛依,58.0
20201111,0,O3_8h,克拉玛依,20.0
20201111,0,O3_8h_24h,克拉玛依,44.0
20201111,0,CO,克拉玛依,0.82
20201111,0,CO_24h,克拉玛依,0.68
20201111,1,AQI,克拉玛依,61.0
20201111,1,PM2.5,克拉玛依,16.0
20201111,1,PM2.5_24h,克拉玛依,13.0
20201111,1,PM10,克拉玛依,72.0
20201111,1,PM10_24h,克拉玛依,52.0
20201111,1,SO2,克拉玛依,6.0
20201111,1,SO2_24h,克拉玛依,7.0
20201111,1,NO2,克拉玛依,33.0
20201111,1,NO2_24h,克拉玛依,32.0
20201111,1,O3,克拉玛依,24.0
20201111,1,O3_24h,克拉玛依,55.0
20201111,1,O3_8h,克拉玛依,24.0
20201111,1,O3_8h_24h,克拉玛依,24.0
20201111,1,CO,克拉玛依,0.7
20201111,1,CO_24h,克拉玛依,0.68
20201111,2,AQI,克拉玛依,52.0
20201111,2,PM2.5,克拉玛依,12.0
20201111,2,PM2.5_24h,克拉玛依,13.0
20201111,2,PM10,克拉玛依,54.0
20201111,2,PM10_24h,克拉玛依,53.0
20201111,2,SO2,克拉玛依,6.0
20201111,2,SO2_24h,克拉玛依,7.0
20201111,2,NO2,克拉玛依,31.0
20201111,2,NO2_24h,克拉玛依,32.0
20201111,2,O3,克拉玛依,23.0
20201111,2,O3_24h,克拉玛依,55.0
20201111,2,O3_8h,克拉玛依,23.0
20201111,2,O3_8h_24h,克拉玛依,25.0
20201111,2,CO,克拉玛依,0.7
20201111,2,CO_24h,克拉玛依,0.68
20201111,3,AQI,克拉玛依,42.0
20201111,3,PM2.5,克拉玛依,13.0
20201111,3,PM2.5_24h,克拉玛依,14.0
20201111,3,PM10,克拉玛依,42.0
20201111,3,PM10_24h,克拉玛依,54.0
20201111,3,SO2,克拉玛依,6.0
20201111,3,SO2_24h,克拉玛依,7.0
20201111,3,NO2,克拉玛依,32.0
20201111,3,NO2_24h,克拉玛依,34.0
20201111,3,O3,克拉玛依,19.0
20201111,3,O3_24h,克拉玛依,49.0
20201111,3,O3_8h,克拉玛依,22.0
20201111,3,O3_8h_24h,克拉玛依,26.0
20201111,3,CO,克拉玛依,0.66
20201111,3,CO_24h,克拉玛依,0.7
20201111,4,AQI,克拉玛依,37.0
20201111,4,PM2.5,克拉玛依,16.0
20201111,4,PM2.5_24h,克拉玛依,14.0
20201111,4,PM10,克拉玛依,37.0
20201111,4,PM10_24h,克拉玛依,55.0
20201111,4,SO2,克拉玛依,5.0
20201111,4,SO2_24h,克拉玛依,7.0
20201111,4,NO2,克拉玛依,26.0
20201111,4,NO2_24h,克拉玛依,34.0
20201111,4,O3,克拉玛依,26.0
20201111,4,O3_24h,克拉玛依,48.0
20201111,4,O3_8h,克拉玛依,23.0
20201111,4,O3_8h_24h,克拉玛依,27.0
20201111,4,CO,克拉玛依,0.58
20201111,4,CO_24h,克拉玛依,0.7
20201111,5,AQI,克拉玛依,37.0
20201111,5,PM2.5,克拉玛依,13.0
20201111,5,PM2.5_24h,克拉玛依,14.0
20201111,5,PM10,克拉玛依,37.0
20201111,5,PM10_24h,克拉玛依,56.0
20201111,5,SO2,克拉玛依,6.0
20201111,5,SO2_24h,克拉玛依,7.0
20201111,5,NO2,克拉玛依,27.0
20201111,5,NO2_24h,克拉玛依,35.0
20201111,5,O3,克拉玛依,21.0
20201111,5,O3_24h,克拉玛依,44.0
20201111,5,O3_8h,克拉玛依,23.0
20201111,5,O3_8h_24h,克拉玛依,27.0
20201111,5,CO,克拉玛依,0.6
20201111,5,CO_24h,克拉玛依,0.72
20201111,6,AQI,克拉玛依,39.0
20201111,6,PM2.5,克拉玛依,18.0
20201111,6,PM2.5_24h,克拉玛依,14.0
20201111,6,PM10,克拉玛依,39.0
20201111,6,PM10_24h,克拉玛依,56.0
20201111,6,SO2,克拉玛依,6.0
20201111,6,SO2_24h,克拉玛依,7.0
20201111,6,NO2,克拉玛依,32.0
20201111,6,NO2_24h,克拉玛依,35.0
20201111,6,O3,克拉玛依,13.0
20201111,6,O3_24h,克拉玛依,44.0
20201111,6,O3_8h,克拉玛依,21.0
20201111,6,O3_8h_24h,克拉玛依,27.0
20201111,6,CO,克拉玛依,0.64
20201111,6,CO_24h,克拉玛依,0.72
20201111,8,AQI,克拉玛依,37.0
20201111,8,PM2.5,克拉玛依,14.0
20201111,8,PM2.5_24h,克拉玛依,15.0
20201111,8,PM10,克拉玛依,37.0
20201111,8,PM10_24h,克拉玛依,57.0
20201111,8,SO2,克拉玛依,5.0
20201111,8,SO2_24h,克拉玛依,7.0
20201111,8,NO2,克拉玛依,31.0
20201111,8,NO2_24h,克拉玛依,36.0
20201111,8,O3,克拉玛依,14.0
20201111,8,O3_24h,克拉玛依,44.0
20201111,8,O3_8h,克拉玛依,19.0
20201111,8,O3_8h_24h,克拉玛依,28.0
20201111,8,CO,克拉玛依,0.68
20201111,8,CO_24h,克拉玛依,0.74
20201111,10,AQI,克拉玛依,44.0
20201111,10,PM2.5,克拉玛依,5.0
20201111,10,PM2.5_24h,克拉玛依,15.0
20201111,10,PM10,克拉玛依,44.0
20201111,10,PM10_24h,克拉玛依,57.0
20201111,10,SO2,克拉玛依,8.0
20201111,10,SO2_24h,克拉玛依,7.0
20201111,10,NO2,克拉玛依,48.0
20201111,10,NO2_24h,克拉玛依,36.0
20201111,10,O3,克拉玛依,6.0
20201111,10,O3_24h,克拉玛依,44.0
20201111,10,O3_8h,克拉玛依,16.0
20201111,10,O3_8h_24h,克拉玛依,28.0
20201111,10,CO,克拉玛依,1.58
20201111,10,CO_24h,克拉玛依,0.76
20201111,11,AQI,克拉玛依,54.0
20201111,11,PM2.5,克拉玛依,16.0
20201111,11,PM2.5_24h,克拉玛依,15.0
20201111,11,PM10,克拉玛依,57.0
20201111,11,PM10_24h,克拉玛依,57.0
20201111,11,SO2,克拉玛依,8.0
20201111,11,SO2_24h,克拉玛依,7.0
20201111,11,NO2,克拉玛依,47.0
20201111,11,NO2_24h,克拉玛依,36.0
20201111,11,O3,克拉玛依,6.0
20201111,11,O3_24h,克拉玛依,44.0
20201111,11,O3_8h,克拉玛依,14.0
20201111,11,O3_8h_24h,克拉玛依,28.0
20201111,11,CO,克拉玛依,1.5
20201111,11,CO_24h,克拉玛依,0.76
20201111,12,AQI,克拉玛依,63.0
20201111,12,PM2.5,克拉玛依,21.0
20201111,12,PM2.5_24h,克拉玛依,15.0
20201111,12,PM10,克拉玛依,75.0
20201111,12,PM10_24h,克拉玛依,57.0
20201111,12,SO2,克拉玛依,9.0
20201111,12,SO2_24h,克拉玛依,7.0
20201111,12,NO2,克拉玛依,36.0
20201111,12,NO2_24h,克拉玛依,37.0
20201111,12,O3,克拉玛依,19.0
20201111,12,O3_24h,克拉玛依,44.0
20201111,12,O3_8h,克拉玛依,13.0
20201111,12,O3_8h_24h,克拉玛依,28.0
20201111,12,CO,克拉玛依,0.83
20201111,12,CO_24h,克拉玛依,0.78
20201111,13,AQI,克拉玛依,63.0
20201111,13,PM2.5,克拉玛依,19.0
20201111,13,PM2.5_24h,克拉玛依,15.0
20201111,13,PM10,克拉玛依,75.0
20201111,13,PM10_24h,克拉玛依,57.0
20201111,13,SO2,克拉玛依,7.0
20201111,13,SO2_24h,克拉玛依,7.0
20201111,13,NO2,克拉玛依,38.0
20201111,13,NO2_24h,克拉玛依,36.0
20201111,13,O3,克拉玛依,32.0
20201111,13,O3_24h,克拉玛依,44.0
20201111,13,O3_8h,克拉玛依,14.0
20201111,13,O3_8h_24h,克拉玛依,29.0
20201111,13,CO,克拉玛依,0.7
20201111,13,CO_24h,克拉玛依,0.8
20201111,14,AQI,克拉玛依,60.0
20201111,14,PM2.5,克拉玛依,13.0
20201111,14,PM2.5_24h,克拉玛依,15.0
20201111,14,PM10,克拉玛依,70.0
20201111,14,PM10_24h,克拉玛依,58.0
20201111,14,SO2,克拉玛依,10.0
20201111,14,SO2_24h,克拉玛依,7.0
20201111,14,NO2,克拉玛依,29.0
20201111,14,NO2_24h,克拉玛依,36.0
20201111,14,O3,克拉玛依,33.0
20201111,14,O3_24h,克拉玛依,44.0
20201111,14,O3_8h,克拉玛依,17.0
20201111,14,O3_8h_24h,克拉玛依,29.0
20201111,14,CO,克拉玛依,0.7
20201111,14,CO_24h,克拉玛依,0.8
20201111,15,AQI,克拉玛依,56.0
20201111,15,PM2.5,克拉玛依,10.0
20201111,15,PM2.5_24h,克拉玛依,15.0
20201111,15,PM10,克拉玛依,62.0
20201111,15,PM10_24h,克拉玛依,58.0
20201111,15,SO2,克拉玛依,10.0
20201111,15,SO2_24h,克拉玛依,7.0
20201111,15,NO2,克拉玛依,28.0
20201111,15,NO2_24h,克拉玛依,36.0
20201111,15,O3,克拉玛依,42.0
20201111,15,O3_24h,克拉玛依,46.0
20201111,15,O3_8h,克拉玛依,21.0
20201111,15,O3_8h_24h,克拉玛依,30.0
20201111,15,CO,克拉玛依,0.66
20201111,15,CO_24h,克拉玛依,0.8
20201111,16,AQI,克拉玛依,55.0
20201111,16,PM2.5,克拉玛依,26.0
20201111,16,PM2.5_24h,克拉玛依,16.0
20201111,16,PM10,克拉玛依,59.0
20201111,16,PM10_24h,克拉玛依,58.0
20201111,16,SO2,克拉玛依,9.0
20201111,16,SO2_24h,克拉玛依,7.0
20201111,16,NO2,克拉玛依,24.0
20201111,16,NO2_24h,克拉玛依,36.0
20201111,16,O3,克拉玛依,48.0
20201111,16,O3_24h,克拉玛依,49.0
20201111,16,O3_8h,克拉玛依,25.0
20201111,16,O3_8h_24h,克拉玛依,32.0
20201111,16,CO,克拉玛依,0.62
20201111,16,CO_24h,克拉玛依,0.78
20201111,17,AQI,克拉玛依,52.0
20201111,17,PM2.5,克拉玛依,22.0
20201111,17,PM2.5_24h,克拉玛依,16.0
20201111,17,PM10,克拉玛依,53.0
20201111,17,PM10_24h,克拉玛依,58.0
20201111,17,SO2,克拉玛依,8.0
20201111,17,SO2_24h,克拉玛依,7.0
20201111,17,NO2,克拉玛依,22.0
20201111,17,NO2_24h,克拉玛依,36.0
20201111,17,O3,克拉玛依,50.0
20201111,17,O3_24h,克拉玛依,52.0
20201111,17,O3_8h,克拉玛依,30.0
20201111,17,O3_8h_24h,克拉玛依,35.0
20201111,17,CO,克拉玛依,0.5
20201111,17,CO_24h,克拉玛依,0.78
20201111,18,AQI,克拉玛依,55.0
20201111,18,PM2.5,克拉玛依,11.0
20201111,18,PM2.5_24h,克拉玛依,16.0
20201111,18,PM10,克拉玛依,60.0
20201111,18,PM10_24h,克拉玛依,58.0
20201111,18,SO2,克拉玛依,8.0
20201111,18,SO2_24h,克拉玛依,7.0
20201111,18,NO2,克拉玛依,25.0
20201111,18,NO2_24h,克拉玛依,35.0
20201111,18,O3,克拉玛依,50.0
20201111,18,O3_24h,克拉玛依,54.0
20201111,18,O3_8h,克拉玛依,36.0
20201111,18,O3_8h_24h,克拉玛依,39.0
20201111,18,CO,克拉玛依,0.46
20201111,18,CO_24h,克拉玛依,0.76
20201111,19,AQI,克拉玛依,56.0
20201111,19,PM2.5,克拉玛依,12.0
20201111,19,PM2.5_24h,克拉玛依,15.0
20201111,19,PM10,克拉玛依,61.0
20201111,19,PM10_24h,克拉玛依,58.0
20201111,19,SO2,克拉玛依,8.0
20201111,19,SO2_24h,克拉玛依,7.0
20201111,19,NO2,克拉玛依,38.0
20201111,19,NO2_24h,克拉玛依,35.0
20201111,19,O3,克拉玛依,36.0
20201111,19,O3_24h,克拉玛依,54.0
20201111,19,O3_8h,克拉玛依,39.0
20201111,19,O3_8h_24h,克拉玛依,41.0
20201111,19,CO,克拉玛依,0.5
20201111,19,CO_24h,克拉玛依,0.76
20201111,20,AQI,克拉玛依,65.0
20201111,20,PM2.5,克拉玛依,14.0
20201111,20,PM2.5_24h,克拉玛依,15.0
20201111,20,PM10,克拉玛依,79.0
20201111,20,PM10_24h,克拉玛依,57.0
20201111,20,SO2,克拉玛依,7.0
20201111,20,SO2_24h,克拉玛依,7.0
20201111,20,NO2,克拉玛依,57.0
20201111,20,NO2_24h,克拉玛依,36.0
20201111,20,O3,克拉玛依,16.0
20201111,20,O3_24h,克拉玛依,54.0
20201111,20,O3_8h,克拉玛依,39.0
20201111,20,O3_8h_24h,克拉玛依,42.0
20201111,20,CO,克拉玛依,0.74
20201111,20,CO_24h,克拉玛依,0.76
20201111,21,AQI,克拉玛依,76.0
20201111,21,PM2.5,克拉玛依,18.0
20201111,21,PM2.5_24h,克拉玛依,14.0
20201111,21,PM10,克拉玛依,102.0
20201111,21,PM10_24h,克拉玛依,59.0
20201111,21,SO2,克拉玛依,7.0
20201111,21,SO2_24h,克拉玛依,7.0
20201111,21,NO2,克拉玛依,57.0
20201111,21,NO2_24h,克拉玛依,36.0
20201111,21,O3,克拉玛依,14.0
20201111,21,O3_24h,克拉玛依,54.0
20201111,21,O3_8h,克拉玛依,36.0
20201111,21,O3_8h_24h,克拉玛依,42.0
20201111,21,CO,克拉玛依,0.72
20201111,21,CO_24h,克拉玛依,0.76
20201111,22,AQI,克拉玛依,63.0
20201111,22,PM2.5,克拉玛依,15.0
20201111,22,PM2.5_24h,克拉玛依,14.0
20201111,22,PM10,克拉玛依,76.0
20201111,22,PM10_24h,克拉玛依,58.0
20201111,22,SO2,克拉玛依,6.0
20201111,22,SO2_24h,克拉玛依,7.0
20201111,22,NO2,克拉玛依,52.0
20201111,22,NO2_24h,克拉玛依,36.0
20201111,22,O3,克拉玛依,16.0
20201111,22,O3_24h,克拉玛依,54.0
20201111,22,O3_8h,克拉玛依,34.0
20201111,22,O3_8h_24h,克拉玛依,42.0
20201111,22,CO,克拉玛依,0.66
20201111,22,CO_24h,克拉玛依,0.76
20201111,23,AQI,克拉玛依,61.0
20201111,23,PM2.5,克拉玛依,18.0
20201111,23,PM2.5_24h,克拉玛依,14.0
20201111,23,PM10,克拉玛依,71.0
20201111,23,PM10_24h,克拉玛依,58.0
20201111,23,SO2,克拉玛依,6.0
20201111,23,SO2_24h,克拉玛依,7.0
20201111,23,NO2,克拉玛依,47.0
20201111,23,NO2_24h,克拉玛依,36.0
20201111,23,O3,克拉玛依,15.0
20201111,23,O3_24h,克拉玛依,54.0
20201111,23,O3_8h,克拉玛依,31.0
20201111,23,O3_8h_24h,克拉玛依,42.0
20201111,23,CO,克拉玛依,0.68
20201111,23,CO_24h,克拉玛依,0.74
20201111,0,AQI,库尔勒,109.0
20201111,0,PM2.5,库尔勒,36.0
20201111,0,PM2.5_24h,库尔勒,36.0
20201111,0,PM10,库尔勒,168.0
20201111,0,PM10_24h,库尔勒,111.0
20201111,0,SO2,库尔勒,7.0
20201111,0,SO2_24h,库尔勒,7.0
20201111,0,NO2,库尔勒,77.0
20201111,0,NO2_24h,库尔勒,32.0
20201111,0,O3,库尔勒,6.0
20201111,0,O3_24h,库尔勒,92.0
20201111,0,O3_8h,库尔勒,45.0
20201111,0,O3_8h_24h,库尔勒,82.0
20201111,0,CO,库尔勒,0.7
20201111,0,CO_24h,库尔勒,0.47
20201111,1,AQI,库尔勒,108.0
20201111,1,PM2.5,库尔勒,40.0
20201111,1,PM2.5_24h,库尔勒,35.0
20201111,1,PM10,库尔勒,165.0
20201111,1,PM10_24h,库尔勒,112.0
20201111,1,SO2,库尔勒,7.0
20201111,1,SO2_24h,库尔勒,6.0
20201111,1,NO2,库尔勒,70.0
20201111,1,NO2_24h,库尔勒,34.0
20201111,1,O3,库尔勒,16.0
20201111,1,O3_24h,库尔勒,92.0
20201111,1,O3_8h,库尔勒,16.0
20201111,1,O3_8h_24h,库尔勒,16.0
20201111,1,CO,库尔勒,0.53
20201111,1,CO_24h,库尔勒,0.47
20201111,2,AQI,库尔勒,111.0
20201111,2,PM2.5,库尔勒,38.0
20201111,2,PM2.5_24h,库尔勒,35.0
20201111,2,PM10,库尔勒,172.0
20201111,2,PM10_24h,库尔勒,114.0
20201111,2,SO2,库尔勒,6.0
20201111,2,SO2_24h,库尔勒,6.0
20201111,2,NO2,库尔勒,59.0
20201111,2,NO2_24h,库尔勒,35.0
20201111,2,O3,库尔勒,31.0
20201111,2,O3_24h,库尔勒,92.0
20201111,2,O3_8h,库尔勒,24.0
20201111,2,O3_8h_24h,库尔勒,24.0
20201111,2,CO,库尔勒,0.5
20201111,2,CO_24h,库尔勒,0.47
20201111,3,AQI,库尔勒,132.0
20201111,3,PM2.5,库尔勒,38.0
20201111,3,PM2.5_24h,库尔勒,34.0
20201111,3,PM10,库尔勒,214.0
20201111,3,PM10_24h,库尔勒,119.0
20201111,3,SO2,库尔勒,6.0
20201111,3,SO2_24h,库尔勒,6.0
20201111,3,NO2,库尔勒,47.0
20201111,3,NO2_24h,库尔勒,36.0
20201111,3,O3,库尔勒,34.0
20201111,3,O3_24h,库尔勒,92.0
20201111,3,O3_8h,库尔勒,22.0
20201111,3,O3_8h_24h,库尔勒,22.0
20201111,3,CO,库尔勒,0.4
20201111,3,CO_24h,库尔勒,0.47
20201111,4,AQI,库尔勒,98.0
20201111,4,PM2.5,库尔勒,31.0
20201111,4,PM2.5_24h,库尔勒,34.0
20201111,4,PM10,库尔勒,145.0
20201111,4,PM10_24h,库尔勒,121.0
20201111,4,SO2,库尔勒,5.0
20201111,4,SO2_24h,库尔勒,6.0
20201111,4,NO2,库尔勒,30.0
20201111,4,NO2_24h,库尔勒,36.0
20201111,4,O3,库尔勒,49.0
20201111,4,O3_24h,库尔勒,92.0
20201111,4,O3_8h,库尔勒,29.0
20201111,4,O3_8h_24h,库尔勒,29.0
20201111,4,CO,库尔勒,0.5
20201111,4,CO_24h,库尔勒,0.47
20201111,5,AQI,库尔勒,82.0
20201111,5,PM2.5,库尔勒,30.0
20201111,5,PM2.5_24h,库尔勒,33.0
20201111,5,PM10,库尔勒,113.0
20201111,5,PM10_24h,库尔勒,122.0
20201111,5,SO2,库尔勒,6.0
20201111,5,SO2_24h,库尔勒,6.0
20201111,5,NO2,库尔勒,23.0
20201111,5,NO2_24h,库尔勒,37.0
20201111,5,O3,库尔勒,56.0
20201111,5,O3_24h,库尔勒,92.0
20201111,5,O3_8h,库尔勒,34.0
20201111,5,O3_8h_24h,库尔勒,34.0
20201111,5,CO,库尔勒,0.53
20201111,5,CO_24h,库尔勒,0.43
20201111,6,AQI,库尔勒,87.0
20201111,6,PM2.5,库尔勒,51.0
20201111,6,PM2.5_24h,库尔勒,33.0
20201111,6,PM10,库尔勒,123.0
20201111,6,PM10_24h,库尔勒,122.0
20201111,6,SO2,库尔勒,7.0
20201111,6,SO2_24h,库尔勒,6.0
20201111,6,NO2,库尔勒,22.0
20201111,6,NO2_24h,库尔勒,37.0
20201111,6,O3,库尔勒,59.0
20201111,6,O3_24h,库尔勒,92.0
20201111,6,O3_8h,库尔勒,38.0
20201111,6,O3_8h_24h,库尔勒,38.0
20201111,6,CO,库尔勒,0.57
20201111,6,CO_24h,库尔勒,0.5
20201111,8,AQI,库尔勒,84.0
20201111,8,PM2.5,库尔勒,29.0
20201111,8,PM2.5_24h,库尔勒,33.0
20201111,8,PM10,库尔勒,117.0
20201111,8,PM10_24h,库尔勒,125.0
20201111,8,SO2,库尔勒,8.0
20201111,8,SO2_24h,库尔勒,7.0
20201111,8,NO2,库尔勒,29.0
20201111,8,NO2_24h,库尔勒,37.0
20201111,8,O3,库尔勒,54.0
20201111,8,O3_24h,库尔勒,92.0
20201111,8,O3_8h,库尔勒,43.0
20201111,8,O3_8h_24h,库尔勒,43.0
20201111,8,CO,库尔勒,0.7
20201111,8,CO_24h,库尔勒,0.5
20201111,10,AQI,库尔勒,76.0
20201111,10,PM2.5,库尔勒,39.0
20201111,10,PM2.5_24h,库尔勒,33.0
20201111,10,PM10,库尔勒,102.0
20201111,10,PM10_24h,库尔勒,127.0
20201111,10,SO2,库尔勒,8.0
20201111,10,SO2_24h,库尔勒,7.0
20201111,10,NO2,库尔勒,47.0
20201111,10,NO2_24h,库尔勒,38.0
20201111,10,O3,库尔勒,40.0
20201111,10,O3_24h,库尔勒,92.0
20201111,10,O3_8h,库尔勒,50.0
20201111,10,O3_8h_24h,库尔勒,50.0
20201111,10,CO,库尔勒,0.93
20201111,10,CO_24h,库尔勒,0.5
20201111,11,AQI,库尔勒,92.0
20201111,11,PM2.5,库尔勒,41.0
20201111,11,PM2.5_24h,库尔勒,33.0
20201111,11,PM10,库尔勒,133.0
20201111,11,PM10_24h,库尔勒,128.0
20201111,11,SO2,库尔勒,10.0
20201111,11,SO2_24h,库尔勒,7.0
20201111,11,NO2,库尔勒,55.0
20201111,11,NO2_24h,库尔勒,37.0
20201111,11,O3,库尔勒,41.0
20201111,11,O3_24h,库尔勒,92.0
20201111,11,O3_8h,库尔勒,51.0
20201111,11,O3_8h_24h,库尔勒,52.0
20201111,11,CO,库尔勒,1.0
20201111,11,CO_24h,库尔勒,0.5
20201111,12,AQI,库尔勒,105.0
20201111,12,PM2.5,库尔勒,37.0
20201111,12,PM2.5_24h,库尔勒,33.0
20201111,12,PM10,库尔勒,159.0
20201111,12,PM10_24h,库尔勒,129.0
20201111,12,SO2,库尔勒,12.0
20201111,12,SO2_24h,库尔勒,7.0
20201111,12,NO2,库尔勒,32.0
20201111,12,NO2_24h,库尔勒,37.0
20201111,12,O3,库尔勒,64.0
20201111,12,O3_24h,库尔勒,92.0
20201111,12,O3_8h,库尔勒,53.0
20201111,12,O3_8h_24h,库尔勒,53.0
20201111,12,CO,库尔勒,0.83
20201111,12,CO_24h,库尔勒,0.53
20201111,13,AQI,库尔勒,78.0
20201111,13,PM2.5,库尔勒,33.0
20201111,13,PM2.5_24h,库尔勒,33.0
20201111,13,PM10,库尔勒,106.0
20201111,13,PM10_24h,库尔勒,128.0
20201111,13,SO2,库尔勒,11.0
20201111,13,SO2_24h,库尔勒,8.0
20201111,13,NO2,库尔勒,20.0
20201111,13,NO2_24h,库尔勒,38.0
20201111,13,O3,库尔勒,74.0
20201111,13,O3_24h,库尔勒,92.0
20201111,13,O3_8h,库尔勒,55.0
20201111,13,O3_8h_24h,库尔勒,55.0
20201111,13,CO,库尔勒,0.73
20201111,13,CO_24h,库尔勒,0.57
20201111,14,AQI,库尔勒,73.0
20201111,14,PM2.5,库尔勒,37.0
20201111,14,PM2.5_24h,库尔勒,34.0
20201111,14,PM10,库尔勒,95.0
20201111,14,PM10_24h,库尔勒,128.0
20201111,14,SO2,库尔勒,10.0
20201111,14,SO2_24h,库尔勒,8.0
20201111,14,NO2,库尔勒,24.0
20201111,14,NO2_24h,库尔勒,38.0
20201111,14,O3,库尔勒,82.0
20201111,14,O3_24h,库尔勒,93.0
20201111,14,O3_8h,库尔勒,58.0
20201111,14,O3_8h_24h,库尔勒,58.0
20201111,14,CO,库尔勒,0.55
20201111,14,CO_24h,库尔勒,0.57
20201111,15,AQI,库尔勒,86.0
20201111,15,PM2.5,库尔勒,30.0
20201111,15,PM2.5_24h,库尔勒,34.0
20201111,15,PM10,库尔勒,121.0
20201111,15,PM10_24h,库尔勒,129.0
20201111,15,SO2,库尔勒,8.0
20201111,15,SO2_24h,库尔勒,8.0
20201111,15,NO2,库尔勒,20.0
20201111,15,NO2_24h,库尔勒,39.0
20201111,15,O3,库尔勒,97.0
20201111,15,O3_24h,库尔勒,94.0
20201111,15,O3_8h,库尔勒,60.0
20201111,15,O3_8h_24h,库尔勒,60.0
20201111,15,CO,库尔勒,0.53
20201111,15,CO_24h,库尔勒,0.57
20201111,16,AQI,库尔勒,71.0
20201111,16,PM2.5,库尔勒,41.0
20201111,16,PM2.5_24h,库尔勒,35.0
20201111,16,PM10,库尔勒,92.0
20201111,16,PM10_24h,库尔勒,129.0
20201111,16,SO2,库尔勒,10.0
20201111,16,SO2_24h,库尔勒,8.0
20201111,16,NO2,库尔勒,16.0
20201111,16,NO2_24h,库尔勒,39.0
20201111,16,O3,库尔勒,98.0
20201111,16,O3_24h,库尔勒,98.0
20201111,16,O3_8h,库尔勒,66.0
20201111,16,O3_8h_24h,库尔勒,66.0
20201111,16,CO,库尔勒,0.43
20201111,16,CO_24h,库尔勒,0.57
20201111,17,AQI,库尔勒,62.0
20201111,17,PM2.5,库尔勒,36.0
20201111,17,PM2.5_24h,库尔勒,35.0
20201111,17,PM10,库尔勒,73.0
20201111,17,PM10_24h,库尔勒,129.0
20201111,17,SO2,库尔勒,9.0
20201111,17,SO2_24h,库尔勒,8.0
20201111,17,NO2,库尔勒,16.0
20201111,17,NO2_24h,库尔勒,39.0
20201111,17,O3,库尔勒,102.0
20201111,17,O3_24h,库尔勒,102.0
20201111,17,O3_8h,库尔勒,73.0
20201111,17,O3_8h_24h,库尔勒,73.0
20201111,17,CO,库尔勒,0.43
20201111,17,CO_24h,库尔勒,0.6
20201111,18,AQI,库尔勒,79.0
20201111,18,PM2.5,库尔勒,31.0
20201111,18,PM2.5_24h,库尔勒,36.0
20201111,18,PM10,库尔勒,107.0
20201111,18,PM10_24h,库尔勒,129.0
20201111,18,SO2,库尔勒,8.0
20201111,18,SO2_24h,库尔勒,8.0
20201111,18,NO2,库尔勒,20.0
20201111,18,NO2_24h,库尔勒,39.0
20201111,18,O3,库尔勒,100.0
20201111,18,O3_24h,库尔勒,104.0
20201111,18,O3_8h,库尔勒,81.0
20201111,18,O3_8h_24h,库尔勒,81.0
20201111,18,CO,库尔勒,0.5
20201111,18,CO_24h,库尔勒,0.6
20201111,19,AQI,库尔勒,80.0
20201111,19,PM2.5,库尔勒,43.0
20201111,19,PM2.5_24h,库尔勒,37.0
20201111,19,PM10,库尔勒,109.0
20201111,19,PM10_24h,库尔勒,129.0
20201111,19,SO2,库尔勒,9.0
20201111,19,SO2_24h,库尔勒,8.0
20201111,19,NO2,库尔勒,39.0
20201111,19,NO2_24h,库尔勒,41.0
20201111,19,O3,库尔勒,89.0
20201111,19,O3_24h,库尔勒,104.0
20201111,19,O3_8h,库尔勒,88.0
20201111,19,O3_8h_24h,库尔勒,88.0
20201111,19,CO,库尔勒,0.67
20201111,19,CO_24h,库尔勒,0.6
20201111,20,AQI,库尔勒,95.0
20201111,20,PM2.5,库尔勒,40.0
20201111,20,PM2.5_24h,库尔勒,37.0
20201111,20,PM10,库尔勒,139.0
20201111,20,PM10_24h,库尔勒,131.0
20201111,20,SO2,库尔勒,8.0
20201111,20,SO2_24h,库尔勒,8.0
20201111,20,NO2,库尔勒,64.0
20201111,20,NO2_24h,库尔勒,41.0
20201111,20,O3,库尔勒,59.0
20201111,20,O3_24h,库尔勒,104.0
20201111,20,O3_8h,库尔勒,87.0
20201111,20,O3_8h_24h,库尔勒,89.0
20201111,20,CO,库尔勒,0.87
20201111,20,CO_24h,库尔勒,0.67
20201111,21,AQI,库尔勒,102.0
20201111,21,PM2.5,库尔勒,47.0
20201111,21,PM2.5_24h,库尔勒,38.0
20201111,21,PM10,库尔勒,154.0
20201111,21,PM10_24h,库尔勒,132.0
20201111,21,SO2,库尔勒,6.0
20201111,21,SO2_24h,库尔勒,8.0
20201111,21,NO2,库尔勒,88.0
20201111,21,NO2_24h,库尔勒,42.0
20201111,21,O3,库尔勒,27.0
20201111,21,O3_24h,库尔勒,104.0
20201111,21,O3_8h,库尔勒,81.0
20201111,21,O3_8h_24h,库尔勒,89.0
20201111,21,CO,库尔勒,0.9
20201111,21,CO_24h,库尔勒,0.67
20201111,22,AQI,库尔勒,120.0
20201111,22,PM2.5,库尔勒,76.0
20201111,22,PM2.5_24h,库尔勒,39.0
20201111,22,PM10,库尔勒,189.0
20201111,22,PM10_24h,库尔勒,134.0
20201111,22,SO2,库尔勒,9.0
20201111,22,SO2_24h,库尔勒,8.0
20201111,22,NO2,库尔勒,99.0
20201111,22,NO2_24h,库尔勒,44.0
20201111,22,O3,库尔勒,12.0
20201111,22,O3_24h,库尔勒,104.0
20201111,22,O3_8h,库尔勒,72.0
20201111,22,O3_8h_24h,库尔勒,89.0
20201111,22,CO,库尔勒,1.5
20201111,22,CO_24h,库尔勒,0.67
20201111,23,AQI,库尔勒,130.0
20201111,23,PM2.5,库尔勒,67.0
20201111,23,PM2.5_24h,库尔勒,41.0
20201111,23,PM10,库尔勒,210.0
20201111,23,PM10_24h,库尔勒,134.0
20201111,23,SO2,库尔勒,10.0
20201111,23,SO2_24h,库尔勒,8.0
20201111,23,NO2,库尔勒,89.0
20201111,23,NO2_24h,库尔勒,44.0
20201111,23,O3,库尔勒,16.0
20201111,23,O3_24h,库尔勒,104.0
20201111,23,O3_8h,库尔勒,63.0
20201111,23,O3_8h_24h,库尔勒,89.0
20201111,23,CO,库尔勒,1.63
20201111,23,CO_24h,库尔勒,0.73
20201111,0,AQI,寿光,84.0
20201111,0,PM2.5,寿光,55.0
20201111,0,PM2.5_24h,寿光,52.0
20201111,0,PM10,寿光,118.0
20201111,0,PM10_24h,寿光,113.0
20201111,0,SO2,寿光,17.0
20201111,0,SO2_24h,寿光,20.0
20201111,0,NO2,寿光,69.0
20201111,0,NO2_24h,寿光,52.0
20201111,0,O3,寿光,4.0
20201111,0,O3_24h,寿光,81.0
20201111,0,O3_8h,寿光,23.0
20201111,0,O3_8h_24h,寿光,59.0
20201111,0,CO,寿光,0.95
20201111,0,CO_24h,寿光,1.35
20201111,1,AQI,寿光,85.0
20201111,1,PM2.5,寿光,59.0
20201111,1,PM2.5_24h,寿光,51.0
20201111,1,PM10,寿光,120.0
20201111,1,PM10_24h,寿光,111.0
20201111,1,SO2,寿光,15.0
20201111,1,SO2_24h,寿光,19.0
20201111,1,NO2,寿光,68.0
20201111,1,NO2_24h,寿光,52.0
20201111,1,O3,寿光,5.0
20201111,1,O3_24h,寿光,81.0
20201111,1,O3_8h,寿光,5.0
20201111,1,O3_8h_24h,寿光,5.0
20201111,1,CO,寿光,1.0
20201111,1,CO_24h,寿光,1.25
20201111,2,AQI,寿光,85.0
20201111,2,PM2.5,寿光,62.0
20201111,2,PM2.5_24h,寿光,50.0
20201111,2,PM10,寿光,120.0
20201111,2,PM10_24h,寿光,110.0
20201111,2,SO2,寿光,17.0
20201111,2,SO2_24h,寿光,19.0
20201111,2,NO2,寿光,69.0
20201111,2,NO2_24h,寿光,52.0
20201111,2,O3,寿光,6.0
20201111,2,O3_24h,寿光,81.0
20201111,2,O3_8h,寿光,5.0
20201111,2,O3_8h_24h,寿光,5.0
20201111,2,CO,寿光,1.15
20201111,2,CO_24h,寿光,1.25
20201111,3,AQI,寿光,95.0
20201111,3,PM2.5,寿光,71.0
20201111,3,PM2.5_24h,寿光,51.0
20201111,3,PM10,寿光,136.0
20201111,3,PM10_24h,寿光,109.0
20201111,3,SO2,寿光,20.0
20201111,3,SO2_24h,寿光,19.0
20201111,3,NO2,寿光,69.0
20201111,3,NO2_24h,寿光,53.0
20201111,3,O3,寿光,4.0
20201111,3,O3_24h,寿光,81.0
20201111,3,O3_8h,寿光,5.0
20201111,3,O3_8h_24h,寿光,5.0
20201111,3,CO,寿光,1.4
20201111,3,CO_24h,寿光,1.2
20201111,4,AQI,寿光,94.0
20201111,4,PM2.5,寿光,70.0
20201111,4,PM2.5_24h,寿光,51.0
20201111,4,PM10,寿光,134.0
20201111,4,PM10_24h,寿光,110.0
20201111,4,SO2,寿光,20.0
20201111,4,SO2_24h,寿光,19.0
20201111,4,NO2,寿光,70.0
20201111,4,NO2_24h,寿光,53.0
20201111,4,O3,寿光,4.0
20201111,4,O3_24h,寿光,81.0
20201111,4,O3_8h,寿光,5.0
20201111,4,O3_8h_24h,寿光,5.0
20201111,4,CO,寿光,1.45
20201111,4,CO_24h,寿光,1.2
20201111,5,AQI,寿光,91.0
20201111,5,PM2.5,寿光,67.0
20201111,5,PM2.5_24h,寿光,51.0
20201111,5,PM10,寿光,131.0
20201111,5,PM10_24h,寿光,109.0
20201111,5,SO2,寿光,19.0
20201111,5,SO2_24h,寿光,18.0
20201111,5,NO2,寿光,70.0
20201111,5,NO2_24h,寿光,54.0
20201111,5,O3,寿光,4.0
20201111,5,O3_24h,寿光,81.0
20201111,5,O3_8h,寿光,5.0
20201111,5,O3_8h_24h,寿光,5.0
20201111,5,CO,寿光,1.65
20201111,5,CO_24h,寿光,1.2
20201111,6,AQI,寿光,96.0
20201111,6,PM2.5,寿光,72.0
20201111,6,PM2.5_24h,寿光,51.0
20201111,6,PM10,寿光,124.0
20201111,6,PM10_24h,寿光,109.0
20201111,6,SO2,寿光,18.0
20201111,6,SO2_24h,寿光,18.0
20201111,6,NO2,寿光,68.0
20201111,6,NO2_24h,寿光,54.0
20201111,6,O3,寿光,5.0
20201111,6,O3_24h,寿光,81.0
20201111,6,O3_8h,寿光,5.0
20201111,6,O3_8h_24h,寿光,5.0
20201111,6,CO,寿光,1.4
20201111,6,CO_24h,寿光,1.2
20201111,8,AQI,寿光,95.0
20201111,8,PM2.5,寿光,71.0
20201111,8,PM2.5_24h,寿光,51.0
20201111,8,PM10,寿光,137.0
20201111,8,PM10_24h,寿光,108.0
20201111,8,SO2,寿光,17.0
20201111,8,SO2_24h,寿光,17.0
20201111,8,NO2,寿光,62.0
20201111,8,NO2_24h,寿光,54.0
20201111,8,O3,寿光,12.0
20201111,8,O3_24h,寿光,81.0
20201111,8,O3_8h,寿光,6.0
20201111,8,O3_8h_24h,寿光,6.0
20201111,8,CO,寿光,1.45
20201111,8,CO_24h,寿光,1.15
20201111,10,AQI,寿光,124.0
20201111,10,PM2.5,寿光,88.0
20201111,10,PM2.5_24h,寿光,53.0
20201111,10,PM10,寿光,198.0
20201111,10,PM10_24h,寿光,112.0
20201111,10,SO2,寿光,17.0
20201111,10,SO2_24h,寿光,16.0
20201111,10,NO2,寿光,67.0
20201111,10,NO2_24h,寿光,56.0
20201111,10,O3,寿光,19.0
20201111,10,O3_24h,寿光,81.0
20201111,10,O3_8h,寿光,10.0
20201111,10,O3_8h_24h,寿光,10.0
20201111,10,CO,寿光,1.3
20201111,10,CO_24h,寿光,1.1
20201111,11,AQI,寿光,116.0
20201111,11,PM2.5,寿光,88.0
20201111,11,PM2.5_24h,寿光,55.0
20201111,11,PM10,寿光,181.0
20201111,11,PM10_24h,寿光,115.0
20201111,11,SO2,寿光,16.0
20201111,11,SO2_24h,寿光,16.0
20201111,11,NO2,寿光,61.0
20201111,11,NO2_24h,寿光,57.0
20201111,11,O3,寿光,41.0
20201111,11,O3_24h,寿光,81.0
20201111,11,O3_8h,寿光,14.0
20201111,11,O3_8h_24h,寿光,14.0
20201111,11,CO,寿光,1.2
20201111,11,CO_24h,寿光,1.05
20201111,12,AQI,寿光,96.0
20201111,12,PM2.5,寿光,59.0
20201111,12,PM2.5_24h,寿光,55.0
20201111,12,PM10,寿光,141.0
20201111,12,PM10_24h,寿光,117.0
20201111,12,SO2,寿光,14.0
20201111,12,SO2_24h,寿光,16.0
20201111,12,NO2,寿光,33.0
20201111,12,NO2_24h,寿光,56.0
20201111,12,O3,寿光,88.0
20201111,12,O3_24h,寿光,91.0
20201111,12,O3_8h,寿光,24.0
20201111,12,O3_8h_24h,寿光,24.0
20201111,12,CO,寿光,0.95
20201111,12,CO_24h,寿光,1.05
20201111,13,AQI,寿光,69.0
20201111,13,PM2.5,寿光,45.0
20201111,13,PM2.5_24h,寿光,56.0
20201111,13,PM10,寿光,88.0
20201111,13,PM10_24h,寿光,118.0
20201111,13,SO2,寿光,12.0
20201111,13,SO2_24h,寿光,16.0
20201111,13,NO2,寿光,15.0
20201111,13,NO2_24h,寿光,56.0
20201111,13,O3,寿光,110.0
20201111,13,O3_24h,寿光,110.0
20201111,13,O3_8h,寿光,38.0
20201111,13,O3_8h_24h,寿光,38.0
20201111,13,CO,寿光,0.8
20201111,13,CO_24h,寿光,1.05
20201111,14,AQI,寿光,72.0
20201111,14,PM2.5,寿光,48.0
20201111,14,PM2.5_24h,寿光,57.0
20201111,14,PM10,寿光,94.0
20201111,14,PM10_24h,寿光,119.0
20201111,14,SO2,寿光,11.0
20201111,14,SO2_24h,寿光,16.0
20201111,14,NO2,寿光,16.0
20201111,14,NO2_24h,寿光,55.0
20201111,14,O3,寿光,112.0
20201111,14,O3_24h,寿光,112.0
20201111,14,O3_8h,寿光,51.0
20201111,14,O3_8h_24h,寿光,51.0
20201111,14,CO,寿光,0.8
20201111,14,CO_24h,寿光,1.05
20201111,15,AQI,寿光,66.0
20201111,15,PM2.5,寿光,39.0
20201111,15,PM2.5_24h,寿光,58.0
20201111,15,PM10,寿光,81.0
20201111,15,PM10_24h,寿光,121.0
20201111,15,SO2,寿光,11.0
20201111,15,SO2_24h,寿光,16.0
20201111,15,NO2,寿光,14.0
20201111,15,NO2_24h,寿光,55.0
20201111,15,O3,寿光,116.0
20201111,15,O3_24h,寿光,116.0
20201111,15,O3_8h,寿光,65.0
20201111,15,O3_8h_24h,寿光,65.0
20201111,15,CO,寿光,0.7
20201111,15,CO_24h,寿光,1.1
20201111,16,AQI,寿光,79.0
20201111,16,PM2.5,寿光,45.0
20201111,16,PM2.5_24h,寿光,59.0
20201111,16,PM10,寿光,108.0
20201111,16,PM10_24h,寿光,123.0
20201111,16,SO2,寿光,12.0
20201111,16,SO2_24h,寿光,16.0
20201111,16,NO2,寿光,17.0
20201111,16,NO2_24h,寿光,55.0
20201111,16,O3,寿光,114.0
20201111,16,O3_24h,寿光,116.0
20201111,16,O3_8h,寿光,78.0
20201111,16,O3_8h_24h,寿光,78.0
20201111,16,CO,寿光,0.7
20201111,16,CO_24h,寿光,1.1
20201111,17,AQI,寿光,88.0
20201111,17,PM2.5,寿光,49.0
20201111,17,PM2.5_24h,寿光,60.0
20201111,17,PM10,寿光,126.0
20201111,17,PM10_24h,寿光,125.0
20201111,17,SO2,寿光,13.0
20201111,17,SO2_24h,寿光,16.0
20201111,17,NO2,寿光,26.0
20201111,17,NO2_24h,寿光,55.0
20201111,17,O3,寿光,99.0
20201111,17,O3_24h,寿光,116.0
20201111,17,O3_8h,寿光,87.0
20201111,17,O3_8h_24h,寿光,87.0
20201111,17,CO,寿光,0.75
20201111,17,CO_24h,寿光,1.1
20201111,18,AQI,寿光,87.0
20201111,18,PM2.5,寿光,47.0
20201111,18,PM2.5_24h,寿光,60.0
20201111,18,PM10,寿光,123.0
20201111,18,PM10_24h,寿光,126.0
20201111,18,SO2,寿光,13.0
20201111,18,SO2_24h,寿光,16.0
20201111,18,NO2,寿光,36.0
20201111,18,NO2_24h,寿光,54.0
20201111,18,O3,寿光,76.0
20201111,18,O3_24h,寿光,116.0
20201111,18,O3_8h,寿光,95.0
20201111,18,O3_8h_24h,寿光,95.0
20201111,18,CO,寿光,0.75
20201111,18,CO_24h,寿光,1.1
20201111,19,AQI,寿光,84.0
20201111,19,PM2.5,寿光,58.0
20201111,19,PM2.5_24h,寿光,60.0
20201111,19,PM10,寿光,118.0
20201111,19,PM10_24h,寿光,126.0
20201111,19,SO2,寿光,12.0
20201111,19,SO2_24h,寿光,16.0
20201111,19,NO2,寿光,40.0
20201111,19,NO2_24h,寿光,52.0
20201111,19,O3,寿光,66.0
20201111,19,O3_24h,寿光,116.0
20201111,19,O3_8h,寿光,98.0
20201111,19,O3_8h_24h,寿光,98.0
20201111,19,CO,寿光,0.75
20201111,19,CO_24h,寿光,1.05
20201111,20,AQI,寿光,82.0
20201111,20,PM2.5,寿光,52.0
20201111,20,PM2.5_24h,寿光,60.0
20201111,20,PM10,寿光,114.0
20201111,20,PM10_24h,寿光,126.0
20201111,20,SO2,寿光,11.0
20201111,20,SO2_24h,寿光,16.0
20201111,20,NO2,寿光,41.0
20201111,20,NO2_24h,寿光,52.0
20201111,20,O3,寿光,60.0
20201111,20,O3_24h,寿光,116.0
20201111,20,O3_8h,寿光,94.0
20201111,20,O3_8h_24h,寿光,98.0
20201111,20,CO,寿光,0.8
20201111,20,CO_24h,寿光,1.05
20201111,21,AQI,寿光,88.0
20201111,21,PM2.5,寿光,65.0
20201111,21,PM2.5_24h,寿光,61.0
20201111,21,PM10,寿光,126.0
20201111,21,PM10_24h,寿光,126.0
20201111,21,SO2,寿光,13.0
20201111,21,SO2_24h,寿光,16.0
20201111,21,NO2,寿光,42.0
20201111,21,NO2_24h,寿光,51.0
20201111,21,O3,寿光,56.0
20201111,21,O3_24h,寿光,116.0
20201111,21,O3_8h,寿光,87.0
20201111,21,O3_8h_24h,寿光,98.0
20201111,21,CO,寿光,0.8
20201111,21,CO_24h,寿光,1.05
20201111,22,AQI,寿光,96.0
20201111,22,PM2.5,寿光,72.0
20201111,22,PM2.5_24h,寿光,62.0
20201111,22,PM10,寿光,140.0
20201111,22,PM10_24h,寿光,127.0
20201111,22,SO2,寿光,16.0
20201111,22,SO2_24h,寿光,15.0
20201111,22,NO2,寿光,48.0
20201111,22,NO2_24h,寿光,50.0
20201111,22,O3,寿光,45.0
20201111,22,O3_24h,寿光,116.0
20201111,22,O3_8h,寿光,79.0
20201111,22,O3_8h_24h,寿光,98.0
20201111,22,CO,寿光,1.0
20201111,22,CO_24h,寿光,1.05
20201111,23,AQI,寿光,86.0
20201111,23,PM2.5,寿光,57.0
20201111,23,PM2.5_24h,寿光,62.0
20201111,23,PM10,寿光,121.0
20201111,23,PM10_24h,寿光,128.0
20201111,23,SO2,寿光,14.0
20201111,23,SO2_24h,寿光,15.0
20201111,23,NO2,寿光,42.0
20201111,23,NO2_24h,寿光,49.0
20201111,23,O3,寿光,50.0
20201111,23,O3_24h,寿光,116.0
20201111,23,O3_8h,寿光,71.0
20201111,23,O3_8h_24h,寿光,98.0
20201111,23,CO,寿光,1.15
20201111,23,CO_24h,寿光,1.05
20201111,0,AQI,章丘,109.0
20201111,0,PM2.5,章丘,82.0
20201111,0,PM2.5_24h,章丘,48.0
20201111,0,PM10,章丘,148.0
20201111,0,PM10_24h,章丘,125.0
20201111,0,SO2,章丘,24.0
20201111,0,SO2_24h,章丘,14.0
20201111,0,NO2,章丘,51.0
20201111,0,NO2_24h,章丘,68.0
20201111,0,O3,章丘,74.0
20201111,0,O3_24h,章丘,108.0
20201111,0,O3_8h,章丘,33.0
20201111,0,O3_8h_24h,章丘,87.0
20201111,0,CO,章丘,1.3
20201111,0,CO_24h,章丘,1.2
20201111,1,AQI,章丘,109.0
20201111,1,PM2.5,章丘,82.0
20201111,1,PM2.5_24h,章丘,50.0
20201111,1,PM10,章丘,156.0
20201111,1,PM10_24h,章丘,125.0
20201111,1,SO2,章丘,26.0
20201111,1,SO2_24h,章丘,15.0
20201111,1,NO2,章丘,51.0
20201111,1,NO2_24h,章丘,67.0
20201111,1,O3,章丘,75.0
20201111,1,O3_24h,章丘,108.0
20201111,1,O3_8h,章丘,75.0
20201111,1,O3_8h_24h,章丘,75.0
20201111,1,CO,章丘,1.2
20201111,1,CO_24h,章丘,1.2
20201111,2,AQI,章丘,103.0
20201111,2,PM2.5,章丘,77.0
20201111,2,PM2.5_24h,章丘,51.0
20201111,2,PM10,章丘,153.0
20201111,2,PM10_24h,章丘,124.0
20201111,2,SO2,章丘,23.0
20201111,2,SO2_24h,章丘,15.0
20201111,2,NO2,章丘,45.0
20201111,2,NO2_24h,章丘,65.0
20201111,2,O3,章丘,84.0
20201111,2,O3_24h,章丘,108.0
20201111,2,O3_8h,章丘,80.0
20201111,2,O3_8h_24h,章丘,80.0
20201111,2,CO,章丘,1.1
20201111,2,CO_24h,章丘,1.2
20201111,3,AQI,章丘,98.0
20201111,3,PM2.5,章丘,73.0
20201111,3,PM2.5_24h,章丘,52.0
20201111,3,PM10,章丘,143.0
20201111,3,PM10_24h,章丘,125.0
20201111,3,SO2,章丘,20.0
20201111,3,SO2_24h,章丘,16.0
20201111,3,NO2,章丘,48.0
20201111,3,NO2_24h,章丘,64.0
20201111,3,O3,章丘,74.0
20201111,3,O3_24h,章丘,108.0
20201111,3,O3_8h,章丘,78.0
20201111,3,O3_8h_24h,章丘,80.0
20201111,3,CO,章丘,1.2
20201111,3,CO_24h,章丘,1.2
20201111,4,AQI,章丘,99.0
20201111,4,PM2.5,章丘,74.0
20201111,4,PM2.5_24h,章丘,53.0
20201111,4,PM10,章丘,139.0
20201111,4,PM10_24h,章丘,126.0
20201111,4,SO2,章丘,20.0
20201111,4,SO2_24h,章丘,16.0
20201111,4,NO2,章丘,43.0
20201111,4,NO2_24h,章丘,63.0
20201111,4,O3,章丘,83.0
20201111,4,O3_24h,章丘,108.0
20201111,4,O3_8h,章丘,79.0
20201111,4,O3_8h_24h,章丘,80.0
20201111,4,CO,章丘,1.4
20201111,4,CO_24h,章丘,1.2
20201111,5,AQI,章丘,98.0
20201111,5,PM2.5,章丘,73.0
20201111,5,PM2.5_24h,章丘,55.0
20201111,5,PM10,章丘,136.0
20201111,5,PM10_24h,章丘,126.0
20201111,5,SO2,章丘,28.0
20201111,5,SO2_24h,章丘,17.0
20201111,5,NO2,章丘,42.0
20201111,5,NO2_24h,章丘,62.0
20201111,5,O3,章丘,88.0
20201111,5,O3_24h,章丘,108.0
20201111,5,O3_8h,章丘,81.0
20201111,5,O3_8h_24h,章丘,81.0
20201111,5,CO,章丘,1.7
20201111,5,CO_24h,章丘,1.3
20201111,6,AQI,章丘,91.0
20201111,6,PM2.5,章丘,64.0
20201111,6,PM2.5_24h,章丘,55.0
20201111,6,PM10,章丘,132.0
20201111,6,PM10_24h,章丘,125.0
20201111,6,SO2,章丘,29.0
20201111,6,SO2_24h,章丘,18.0
20201111,6,NO2,章丘,46.0
20201111,6,NO2_24h,章丘,61.0
20201111,6,O3,章丘,82.0
20201111,6,O3_24h,章丘,108.0
20201111,6,O3_8h,章丘,81.0
20201111,6,O3_8h_24h,章丘,81.0
20201111,6,CO,章丘,1.6
20201111,6,CO_24h,章丘,1.3
20201111,8,AQI,章丘,87.0
20201111,8,PM2.5,章丘,56.0
20201111,8,PM2.5_24h,章丘,56.0
20201111,8,PM10,章丘,123.0
20201111,8,PM10_24h,章丘,124.0
20201111,8,SO2,章丘,18.0
20201111,8,SO2_24h,章丘,19.0
20201111,8,NO2,章丘,44.0
20201111,8,NO2_24h,章丘,60.0
20201111,8,O3,章丘,95.0
20201111,8,O3_24h,章丘,108.0
20201111,8,O3_8h,章丘,83.0
20201111,8,O3_8h_24h,章丘,83.0
20201111,8,CO,章丘,1.2
20201111,8,CO_24h,章丘,1.3
20201111,10,AQI,章丘,91.0
20201111,10,PM2.5,章丘,54.0
20201111,10,PM2.5_24h,章丘,57.0
20201111,10,PM10,章丘,132.0
20201111,10,PM10_24h,章丘,125.0
20201111,10,SO2,章丘,21.0
20201111,10,SO2_24h,章丘,20.0
20201111,10,NO2,章丘,34.0
20201111,10,NO2_24h,章丘,57.0
20201111,10,O3,章丘,114.0
20201111,10,O3_24h,章丘,114.0
20201111,10,O3_8h,章丘,91.0
20201111,10,O3_8h_24h,章丘,91.0
20201111,10,CO,章丘,1.3
20201111,10,CO_24h,章丘,1.3
20201111,11,AQI,章丘,82.0
20201111,11,PM2.5,章丘,47.0
20201111,11,PM2.5_24h,章丘,58.0
20201111,11,PM10,章丘,113.0
20201111,11,PM10_24h,章丘,125.0
20201111,11,SO2,章丘,15.0
20201111,11,SO2_24h,章丘,19.0
20201111,11,NO2,章丘,29.0
20201111,11,NO2_24h,章丘,56.0
20201111,11,O3,章丘,130.0
20201111,11,O3_24h,章丘,130.0
20201111,11,O3_8h,章丘,98.0
20201111,11,O3_8h_24h,章丘,98.0
20201111,11,CO,章丘,1.0
20201111,11,CO_24h,章丘,1.3
20201111,12,AQI,章丘,79.0
20201111,12,PM2.5,章丘,44.0
20201111,12,PM2.5_24h,章丘,58.0
20201111,12,PM10,章丘,107.0
20201111,12,PM10_24h,章丘,126.0
20201111,12,SO2,章丘,15.0
20201111,12,SO2_24h,章丘,19.0
20201111,12,NO2,章丘,28.0
20201111,12,NO2_24h,章丘,57.0
20201111,12,O3,章丘,136.0
20201111,12,O3_24h,章丘,136.0
20201111,12,O3_8h,章丘,104.0
20201111,12,O3_8h_24h,章丘,104.0
20201111,12,CO,章丘,1.1
20201111,12,CO_24h,章丘,1.3
20201111,13,AQI,章丘,85.0
20201111,13,PM2.5,章丘,42.0
20201111,13,PM2.5_24h,章丘,59.0
20201111,13,PM10,章丘,120.0
20201111,13,PM10_24h,章丘,128.0
20201111,13,SO2,章丘,15.0
20201111,13,SO2_24h,章丘,19.0
20201111,13,NO2,章丘,27.0
20201111,13,NO2_24h,章丘,57.0
20201111,13,O3,章丘,140.0
20201111,13,O3_24h,章丘,140.0
20201111,13,O3_8h,章丘,111.0
20201111,13,O3_8h_24h,章丘,111.0
20201111,13,CO,章丘,1.1
20201111,13,CO_24h,章丘,1.3
20201111,14,AQI,章丘,86.0
20201111,14,PM2.5,章丘,51.0
20201111,14,PM2.5_24h,章丘,60.0
20201111,14,PM10,章丘,121.0
20201111,14,PM10_24h,章丘,130.0
20201111,14,SO2,章丘,16.0
20201111,14,SO2_24h,章丘,19.0
20201111,14,NO2,章丘,31.0
20201111,14,NO2_24h,章丘,57.0
20201111,14,O3,章丘,144.0
20201111,14,O3_24h,章丘,144.0
20201111,14,O3_8h,章丘,119.0
20201111,14,O3_8h_24h,章丘,119.0
20201111,14,CO,章丘,1.2
20201111,14,CO_24h,章丘,1.3
20201111,15,AQI,章丘,81.0
20201111,15,PM2.5,章丘,50.0
20201111,15,PM2.5_24h,章丘,60.0
20201111,15,PM10,章丘,112.0
20201111,15,PM10_24h,章丘,130.0
20201111,15,SO2,章丘,14.0
20201111,15,SO2_24h,章丘,19.0
20201111,15,NO2,章丘,32.0
20201111,15,NO2_24h,章丘,56.0
20201111,15,O3,章丘,143.0
20201111,15,O3_24h,章丘,144.0
20201111,15,O3_8h,章丘,126.0
20201111,15,O3_8h_24h,章丘,126.0
20201111,15,CO,章丘,0.9
20201111,15,CO_24h,章丘,1.3
20201111,16,AQI,章丘,45.0
20201111,16,PM2.5_24h,章丘,58.0
20201111,16,PM10_24h,章丘,126.0
20201111,16,SO2_24h,章丘,19.0
20201111,16,NO2,章丘,34.0
20201111,16,NO2_24h,章丘,56.0
20201111,16,O3,章丘,144.0
20201111,16,O3_24h,章丘,144.0
20201111,16,O3_8h,章丘,132.0
20201111,16,O3_8h_24h,章丘,132.0
20201111,16,CO,章丘,0.9
20201111,16,CO_24h,章丘,1.2
20201111,17,AQI,章丘,11.0
20201111,17,PM2.5_24h,章丘,59.0
20201111,17,PM10_24h,章丘,126.0
20201111,17,SO2,章丘,12.0
20201111,17,SO2_24h,章丘,19.0
20201111,17,NO2_24h,章丘,55.0
20201111,17,O3_24h,章丘,144.0
20201111,17,O3_8h,章丘,136.0
20201111,17,O3_8h_24h,章丘,136.0
20201111,17,CO,章丘,1.1
20201111,17,CO_24h,章丘,1.2
20201111,20,PM2.5_24h,章丘,59.0
20201111,20,PM10_24h,章丘,123.0
20201111,20,SO2_24h,章丘,20.0
20201111,20,NO2_24h,章丘,47.0
20201111,20,O3_24h,章丘,144.0
20201111,20,O3_8h,章丘,143.0
20201111,20,O3_8h_24h,章丘,143.0
20201111,20,CO_24h,章丘,1.2
20201111,21,AQI,章丘,99.0
20201111,21,PM2.5,章丘,66.0
20201111,21,PM2.5_24h,章丘,59.0
20201111,21,PM10,章丘,147.0
20201111,21,PM10_24h,章丘,124.0
20201111,21,SO2,章丘,19.0
20201111,21,SO2_24h,章丘,20.0
20201111,21,NO2,章丘,41.0
20201111,21,NO2_24h,章丘,44.0
20201111,21,O3,章丘,108.0
20201111,21,O3_24h,章丘,144.0
20201111,21,O3_8h,章丘,135.0
20201111,21,O3_8h_24h,章丘,143.0
20201111,21,CO,章丘,1.5
20201111,21,CO_24h,章丘,1.2
20201111,22,AQI,章丘,129.0
20201111,22,PM2.5,章丘,61.0
20201111,22,PM2.5_24h,章丘,59.0
20201111,22,PM10,章丘,207.0
20201111,22,PM10_24h,章丘,129.0
20201111,22,SO2,章丘,17.0
20201111,22,SO2_24h,章丘,20.0
20201111,22,NO2,章丘,35.0
20201111,22,NO2_24h,章丘,40.0
20201111,22,O3,章丘,111.0
20201111,22,O3_24h,章丘,144.0
20201111,22,O3_8h,章丘,126.0
20201111,22,O3_8h_24h,章丘,143.0
20201111,22,CO,章丘,1.4
20201111,22,CO_24h,章丘,1.2
20201111,23,AQI,章丘,113.0
20201111,23,PM2.5,章丘,52.0
20201111,23,PM2.5_24h,章丘,58.0
20201111,23,PM10,章丘,176.0
20201111,23,PM10_24h,章丘,132.0
20201111,23,SO2,章丘,15.0
20201111,23,SO2_24h,章丘,20.0
20201111,23,NO2,章丘,27.0
20201111,23,NO2_24h,章丘,39.0
20201111,23,O3,章丘,115.0
20201111,23,O3_24h,章丘,144.0
20201111,23,O3_8h,章丘,120.0
20201111,23,O3_8h_24h,章丘,143.0
20201111,23,CO,章丘,1.0
20201111,23,CO_24h,章丘,1.2
20201111,0,AQI,即墨,69.0
20201111,0,PM2.5,即墨,38.0
20201111,0,PM2.5_24h,即墨,49.0
20201111,0,PM10,即墨,87.0
20201111,0,PM10_24h,即墨,99.0
20201111,0,SO2,即墨,8.0
20201111,0,SO2_24h,即墨,10.0
20201111,0,NO2,即墨,65.0
20201111,0,NO2_24h,即墨,53.0
20201111,0,O3,即墨,10.0
20201111,0,O3_24h,即墨,56.0
20201111,0,O3_8h,即墨,18.0
20201111,0,O3_8h_24h,即墨,48.0
20201111,0,CO,即墨,0.8
20201111,0,CO_24h,即墨,1.0
20201111,1,AQI,即墨,99.0
20201111,1,PM2.5,即墨,56.0
20201111,1,PM2.5_24h,即墨,47.0
20201111,1,PM10,即墨,147.0
20201111,1,PM10_24h,即墨,96.0
20201111,1,SO2,即墨,8.0
20201111,1,SO2_24h,即墨,10.0
20201111,1,NO2,即墨,64.0
20201111,1,NO2_24h,即墨,53.0
20201111,1,O3,即墨,13.0
20201111,1,O3_24h,即墨,56.0
20201111,1,O3_8h,即墨,13.0
20201111,1,O3_8h_24h,即墨,13.0
20201111,1,CO,即墨,1.1
20201111,1,CO_24h,即墨,1.0
20201111,2,AQI,即墨,75.0
20201111,2,PM2.5,即墨,40.0
20201111,2,PM2.5_24h,即墨,45.0
20201111,2,PM10,即墨,99.0
20201111,2,PM10_24h,即墨,93.0
20201111,2,SO2,即墨,8.0
20201111,2,SO2_24h,即墨,10.0
20201111,2,NO2,即墨,60.0
20201111,2,NO2_24h,即墨,53.0
20201111,2,O3,即墨,11.0
20201111,2,O3_24h,即墨,56.0
20201111,2,O3_8h,即墨,12.0
20201111,2,O3_8h_24h,即墨,13.0
20201111,2,CO,即墨,0.9
20201111,2,CO_24h,即墨,0.9
20201111,3,AQI,即墨,84.0
20201111,3,PM2.5,即墨,45.0
20201111,3,PM2.5_24h,即墨,44.0
20201111,3,PM10,即墨,118.0
20201111,3,PM10_24h,即墨,91.0
20201111,3,SO2,即墨,7.0
20201111,3,SO2_24h,即墨,10.0
20201111,3,NO2,即墨,55.0
20201111,3,NO2_24h,即墨,53.0
20201111,3,O3,即墨,12.0
20201111,3,O3_24h,即墨,56.0
20201111,3,O3_8h,即墨,12.0
20201111,3,O3_8h_24h,即墨,13.0
20201111,3,CO,即墨,1.2
20201111,3,CO_24h,即墨,0.9
20201111,4,AQI,即墨,93.0
20201111,4,PM2.5,即墨,60.0
20201111,4,PM2.5_24h,即墨,42.0
20201111,4,PM10,即墨,135.0
20201111,4,PM10_24h,即墨,88.0
20201111,4,SO2,即墨,8.0
20201111,4,SO2_24h,即墨,10.0
20201111,4,NO2,即墨,40.0
20201111,4,NO2_24h,即墨,53.0
20201111,4,O3,即墨,7.0
20201111,4,O3_24h,即墨,56.0
20201111,4,O3_8h,即墨,11.0
20201111,4,O3_8h_24h,即墨,13.0
20201111,4,CO,即墨,1.8
20201111,4,CO_24h,即墨,0.9
20201111,5,AQI,即墨,81.0
20201111,5,PM2.5,即墨,50.0
20201111,5,PM2.5_24h,即墨,40.0
20201111,5,PM10,即墨,111.0
20201111,5,PM10_24h,即墨,86.0
20201111,5,SO2,即墨,7.0
20201111,5,SO2_24h,即墨,9.0
20201111,5,NO2,即墨,44.0
20201111,5,NO2_24h,即墨,52.0
20201111,5,O3,即墨,7.0
20201111,5,O3_24h,即墨,56.0
20201111,5,O3_8h,即墨,10.0
20201111,5,O3_8h_24h,即墨,13.0
20201111,5,CO,即墨,1.3
20201111,5,CO_24h,即墨,0.9
20201111,6,AQI,即墨,75.0
20201111,6,PM2.5,即墨,48.0
20201111,6,PM2.5_24h,即墨,39.0
20201111,6,PM10,即墨,99.0
20201111,6,PM10_24h,即墨,84.0
20201111,6,SO2,即墨,7.0
20201111,6,SO2_24h,即墨,9.0
20201111,6,NO2,即墨,43.0
20201111,6,NO2_24h,即墨,52.0
20201111,6,O3,即墨,8.0
20201111,6,O3_24h,即墨,56.0
20201111,6,O3_8h,即墨,10.0
20201111,6,O3_8h_24h,即墨,13.0
20201111,6,CO,即墨,1.3
20201111,6,CO_24h,即墨,0.9
20201111,8,AQI,即墨,84.0
20201111,8,PM2.5,即墨,62.0
20201111,8,PM2.5_24h,即墨,36.0
20201111,8,PM10,即墨,115.0
20201111,8,PM10_24h,即墨,80.0
20201111,8,SO2,即墨,8.0
20201111,8,SO2_24h,即墨,8.0
20201111,8,NO2,即墨,49.0
20201111,8,NO2_24h,即墨,52.0
20201111,8,O3,即墨,13.0
20201111,8,O3_24h,即墨,56.0
20201111,8,O3_8h,即墨,10.0
20201111,8,O3_8h_24h,即墨,13.0
20201111,8,CO,即墨,2.3
20201111,8,CO_24h,即墨,1.0
20201111,10,AQI,即墨,60.0
20201111,10,PM2.5,即墨,32.0
20201111,10,PM2.5_24h,即墨,36.0
20201111,10,PM10,即墨,70.0
20201111,10,PM10_24h,即墨,81.0
20201111,10,SO2,即墨,12.0
20201111,10,SO2_24h,即墨,8.0
20201111,10,NO2,即墨,61.0
20201111,10,NO2_24h,即墨,52.0
20201111,10,O3,即墨,24.0
20201111,10,O3_24h,即墨,56.0
20201111,10,O3_8h,即墨,12.0
20201111,10,O3_8h_24h,即墨,13.0
20201111,10,CO,即墨,0.9
20201111,10,CO_24h,即墨,1.0
20201111,11,AQI,即墨,46.0
20201111,11,PM2.5,即墨,21.0
20201111,11,PM2.5_24h,即墨,36.0
20201111,11,PM10,即墨,46.0
20201111,11,PM10_24h,即墨,80.0
20201111,11,SO2,即墨,8.0
20201111,11,SO2_24h,即墨,8.0
20201111,11,NO2,即墨,24.0
20201111,11,NO2_24h,即墨,51.0
20201111,11,O3,即墨,76.0
20201111,11,O3_24h,即墨,76.0
20201111,11,O3_8h,即墨,20.0
20201111,11,O3_8h_24h,即墨,20.0
20201111,11,CO,即墨,0.6
20201111,11,CO_24h,即墨,1.0
20201111,12,AQI,即墨,52.0
20201111,12,PM2.5,即墨,27.0
20201111,12,PM2.5_24h,即墨,36.0
20201111,12,PM10,即墨,54.0
20201111,12,PM10_24h,即墨,80.0
20201111,12,SO2,即墨,8.0
20201111,12,SO2_24h,即墨,8.0
20201111,12,NO2,即墨,22.0
20201111,12,NO2_24h,即墨,50.0
20201111,12,O3,即墨,84.0
20201111,12,O3_24h,即墨,84.0
20201111,12,O3_8h,即墨,30.0
20201111,12,O3_8h_24h,即墨,30.0
20201111,12,CO,即墨,0.6
20201111,12,CO_24h,即墨,1.0
20201111,13,AQI,即墨,38.0
20201111,13,PM2.5,即墨,18.0
20201111,13,PM2.5_24h,即墨,36.0
20201111,13,PM10,即墨,38.0
20201111,13,PM10_24h,即墨,80.0
20201111,13,SO2,即墨,7.0
20201111,13,SO2_24h,即墨,8.0
20201111,13,NO2,即墨,18.0
20201111,13,NO2_24h,即墨,49.0
20201111,13,O3,即墨,90.0
20201111,13,O3_24h,即墨,90.0
20201111,13,O3_8h,即墨,40.0
20201111,13,O3_8h_24h,即墨,40.0
20201111,13,CO,即墨,0.5
20201111,13,CO_24h,即墨,1.0
20201111,14,AQI,即墨,32.0
20201111,14,PM2.5,即墨,13.0
20201111,14,PM2.5_24h,即墨,35.0
20201111,14,PM10,即墨,32.0
20201111,14,PM10_24h,即墨,79.0
20201111,14,SO2,即墨,7.0
20201111,14,SO2_24h,即墨,8.0
20201111,14,NO2,即墨,15.0
20201111,14,NO2_24h,即墨,48.0
20201111,14,O3,即墨,95.0
20201111,14,O3_24h,即墨,95.0
20201111,14,O3_8h,即墨,51.0
20201111,14,O3_8h_24h,即墨,51.0
20201111,14,CO,即墨,0.5
20201111,14,CO_24h,即墨,1.0
20201111,15,AQI,即墨,31.0
20201111,15,PM2.5,即墨,12.0
20201111,15,PM2.5_24h,即墨,35.0
20201111,15,PM10,即墨,31.0
20201111,15,PM10_24h,即墨,79.0
20201111,15,SO2,即墨,6.0
20201111,15,SO2_24h,即墨,8.0
20201111,15,NO2,即墨,15.0
20201111,15,NO2_24h,即墨,47.0
20201111,15,O3,即墨,94.0
20201111,15,O3_24h,即墨,95.0
20201111,15,O3_8h,即墨,61.0
20201111,15,O3_8h_24h,即墨,61.0
20201111,15,CO,即墨,0.5
20201111,15,CO_24h,即墨,1.0
20201111,16,AQI,即墨,32.0
20201111,16,PM2.5,即墨,13.0
20201111,16,PM2.5_24h,即墨,34.0
20201111,16,PM10,即墨,32.0
20201111,16,PM10_24h,即墨,78.0
20201111,16,SO2,即墨,6.0
20201111,16,SO2_24h,即墨,8.0
20201111,16,NO2,即墨,16.0
20201111,16,NO2_24h,即墨,46.0
20201111,16,O3,即墨,95.0
20201111,16,O3_24h,即墨,95.0
20201111,16,O3_8h,即墨,72.0
20201111,16,O3_8h_24h,即墨,72.0
20201111,16,CO,即墨,0.5
20201111,16,CO_24h,即墨,1.0
20201111,17,AQI,即墨,34.0
20201111,17,PM2.5,即墨,15.0
20201111,17,PM2.5_24h,即墨,34.0
20201111,17,PM10,即墨,34.0
20201111,17,PM10_24h,即墨,78.0
20201111,17,SO2,即墨,7.0
20201111,17,SO2_24h,即墨,8.0
20201111,17,NO2,即墨,18.0
20201111,17,NO2_24h,即墨,45.0
20201111,17,O3,即墨,91.0
20201111,17,O3_24h,即墨,95.0
20201111,17,O3_8h,即墨,81.0
20201111,17,O3_8h_24h,即墨,81.0
20201111,17,CO,即墨,0.5
20201111,17,CO_24h,即墨,1.0
20201111,18,AQI,即墨,38.0
20201111,18,PM2.5,即墨,17.0
20201111,18,PM2.5_24h,即墨,34.0
20201111,18,PM10,即墨,38.0
20201111,18,PM10_24h,即墨,77.0
20201111,18,SO2,即墨,7.0
20201111,18,SO2_24h,即墨,8.0
20201111,18,NO2,即墨,28.0
20201111,18,NO2_24h,即墨,44.0
20201111,18,O3,即墨,74.0
20201111,18,O3_24h,即墨,95.0
20201111,18,O3_8h,即墨,87.0
20201111,18,O3_8h_24h,即墨,87.0
20201111,18,CO,即墨,0.6
20201111,18,CO_24h,即墨,1.0
20201111,19,AQI,即墨,55.0
20201111,19,PM2.5,即墨,29.0
20201111,19,PM2.5_24h,即墨,34.0
20201111,19,PM10,即墨,60.0
20201111,19,PM10_24h,即墨,77.0
20201111,19,SO2,即墨,7.0
20201111,19,SO2_24h,即墨,8.0
20201111,19,NO2,即墨,52.0
20201111,19,NO2_24h,即墨,44.0
20201111,19,O3,即墨,41.0
20201111,19,O3_24h,即墨,95.0
20201111,19,O3_8h,即墨,83.0
20201111,19,O3_8h_24h,即墨,87.0
20201111,19,CO,即墨,0.8
20201111,19,CO_24h,即墨,1.0
20201111,20,AQI,即墨,55.0
20201111,20,PM2.5,即墨,28.0
20201111,20,PM2.5_24h,即墨,34.0
20201111,20,PM10,即墨,59.0
20201111,20,PM10_24h,即墨,77.0
20201111,20,SO2,即墨,7.0
20201111,20,SO2_24h,即墨,8.0
20201111,20,NO2,即墨,56.0
20201111,20,NO2_24h,即墨,44.0
20201111,20,O3,即墨,33.0
20201111,20,O3_24h,即墨,95.0
20201111,20,O3_8h,即墨,77.0
20201111,20,O3_8h_24h,即墨,87.0
20201111,20,CO,即墨,0.8
20201111,20,CO_24h,即墨,1.0
20201111,21,AQI,即墨,48.0
20201111,21,PM2.5,即墨,21.0
20201111,21,PM2.5_24h,即墨,34.0
20201111,21,PM10,即墨,48.0
20201111,21,PM10_24h,即墨,76.0
20201111,21,SO2,即墨,7.0
20201111,21,SO2_24h,即墨,8.0
20201111,21,NO2,即墨,39.0
20201111,21,NO2_24h,即墨,42.0
20201111,21,O3,即墨,48.0
20201111,21,O3_24h,即墨,95.0
20201111,21,O3_8h,即墨,71.0
20201111,21,O3_8h_24h,即墨,87.0
20201111,21,CO,即墨,0.7
20201111,21,CO_24h,即墨,1.0
20201111,22,AQI,即墨,39.0
20201111,22,PM2.5,即墨,17.0
20201111,22,PM2.5_24h,即墨,33.0
20201111,22,PM10,即墨,39.0
20201111,22,PM10_24h,即墨,75.0
20201111,22,SO2,即墨,6.0
20201111,22,SO2_24h,即墨,8.0
20201111,22,NO2,即墨,28.0
20201111,22,NO2_24h,即墨,41.0
20201111,22,O3,即墨,59.0
20201111,22,O3_24h,即墨,95.0
20201111,22,O3_8h,即墨,67.0
20201111,22,O3_8h_24h,即墨,87.0
20201111,22,CO,即墨,0.6
20201111,22,CO_24h,即墨,1.0
20201111,23,AQI,即墨,29.0
20201111,23,PM2.5,即墨,12.0
20201111,23,PM2.5_24h,即墨,33.0
20201111,23,PM10,即墨,29.0
20201111,23,PM10_24h,即墨,73.0
20201111,23,SO2,即墨,5.0
20201111,23,SO2_24h,即墨,7.0
20201111,23,NO2,即墨,23.0
20201111,23,NO2_24h,即墨,39.0
20201111,23,O3,即墨,64.0
20201111,23,O3_24h,即墨,95.0
20201111,23,O3_8h,即墨,63.0
20201111,23,O3_8h_24h,即墨,87.0
20201111,23,CO,即墨,0.5
20201111,23,CO_24h,即墨,1.0
20201111,0,AQI,胶南,45.0
20201111,0,PM2.5,胶南,17.0
20201111,0,PM2.5_24h,胶南,18.0
20201111,0,PM10,胶南,45.0
20201111,0,PM10_24h,胶南,50.0
20201111,0,SO2,胶南,8.0
20201111,0,SO2_24h,胶南,12.0
20201111,0,NO2,胶南,57.0
20201111,0,NO2_24h,胶南,42.0
20201111,0,O3,胶南,38.0
20201111,0,O3_24h,胶南,88.0
20201111,0,O3_8h,胶南,56.0
20201111,0,O3_8h_24h,胶南,78.0
20201111,0,CO,胶南,0.4
20201111,0,CO_24h,胶南,0.5
20201111,1,AQI,胶南,42.0
20201111,1,PM2.5,胶南,11.0
20201111,1,PM2.5_24h,胶南,17.0
20201111,1,PM10,胶南,42.0
20201111,1,PM10_24h,胶南,48.0
20201111,1,SO2,胶南,8.0
20201111,1,SO2_24h,胶南,11.0
20201111,1,NO2,胶南,48.0
20201111,1,NO2_24h,胶南,42.0
20201111,1,O3,胶南,44.0
20201111,1,O3_24h,胶南,88.0
20201111,1,O3_8h,胶南,44.0
20201111,1,O3_8h_24h,胶南,44.0
20201111,1,CO,胶南,0.35
20201111,1,CO_24h,胶南,0.45
20201111,2,AQI,胶南,32.0
20201111,2,PM2.5,胶南,7.0
20201111,2,PM2.5_24h,胶南,16.0
20201111,2,PM10,胶南,32.0
20201111,2,PM10_24h,胶南,46.0
20201111,2,SO2,胶南,7.0
20201111,2,SO2_24h,胶南,11.0
20201111,2,NO2,胶南,42.0
20201111,2,NO2_24h,胶南,41.0
20201111,2,O3,胶南,43.0
20201111,2,O3_24h,胶南,88.0
20201111,2,O3_8h,胶南,44.0
20201111,2,O3_8h_24h,胶南,46.0
20201111,2,CO,胶南,0.35
20201111,2,CO_24h,胶南,0.45
20201111,3,AQI,胶南,33.0
20201111,3,PM2.5,胶南,10.0
20201111,3,PM2.5_24h,胶南,15.0
20201111,3,PM10,胶南,33.0
20201111,3,PM10_24h,胶南,43.0
20201111,3,SO2,胶南,8.0
20201111,3,SO2_24h,胶南,10.0
20201111,3,NO2,胶南,44.0
20201111,3,NO2_24h,胶南,41.0
20201111,3,O3,胶南,43.0
20201111,3,O3_24h,胶南,88.0
20201111,3,O3_8h,胶南,43.0
20201111,3,O3_8h_24h,胶南,46.0
20201111,3,CO,胶南,0.35
20201111,3,CO_24h,胶南,0.45
20201111,4,AQI,胶南,40.0
20201111,4,PM2.5,胶南,9.0
20201111,4,PM2.5_24h,胶南,14.0
20201111,4,PM10,胶南,40.0
20201111,4,PM10_24h,胶南,41.0
20201111,4,SO2,胶南,8.0
20201111,4,SO2_24h,胶南,10.0
20201111,4,NO2,胶南,41.0
20201111,4,NO2_24h,胶南,41.0
20201111,4,O3,胶南,48.0
20201111,4,O3_24h,胶南,88.0
20201111,4,O3_8h,胶南,45.0
20201111,4,O3_8h_24h,胶南,48.0
20201111,4,CO,胶南,0.35
20201111,4,CO_24h,胶南,0.45
20201111,5,AQI,胶南,31.0
20201111,5,PM2.5,胶南,14.0
20201111,5,PM2.5_24h,胶南,13.0
20201111,5,PM10,胶南,31.0
20201111,5,PM10_24h,胶南,40.0
20201111,5,SO2,胶南,8.0
20201111,5,SO2_24h,胶南,10.0
20201111,5,NO2,胶南,37.0
20201111,5,NO2_24h,胶南,40.0
20201111,5,O3,胶南,54.0
20201111,5,O3_24h,胶南,88.0
20201111,5,O3_8h,胶南,46.0
20201111,5,O3_8h_24h,胶南,49.0
20201111,5,CO,胶南,0.35
20201111,5,CO_24h,胶南,0.45
20201111,6,AQI,胶南,26.0
20201111,6,PM2.5,胶南,13.0
20201111,6,PM2.5_24h,胶南,12.0
20201111,6,PM10,胶南,26.0
20201111,6,PM10_24h,胶南,39.0
20201111,6,SO2,胶南,8.0
20201111,6,SO2_24h,胶南,10.0
20201111,6,NO2,胶南,34.0
20201111,6,NO2_24h,胶南,39.0
20201111,6,O3,胶南,55.0
20201111,6,O3_24h,胶南,88.0
20201111,6,O3_8h,胶南,48.0
20201111,6,O3_8h_24h,胶南,49.0
20201111,6,CO,胶南,0.35
20201111,6,CO_24h,胶南,0.45
20201111,8,AQI,胶南,34.0
20201111,8,PM2.5,胶南,12.0
20201111,8,PM2.5_24h,胶南,11.0
20201111,8,PM10,胶南,34.0
20201111,8,PM10_24h,胶南,36.0
20201111,8,SO2,胶南,9.0
20201111,8,SO2_24h,胶南,9.0
20201111,8,NO2,胶南,37.0
20201111,8,NO2_24h,胶南,38.0
20201111,8,O3,胶南,53.0
20201111,8,O3_24h,胶南,88.0
20201111,8,O3_8h,胶南,48.0
20201111,8,O3_8h_24h,胶南,49.0
20201111,8,CO,胶南,0.4
20201111,8,CO_24h,胶南,0.45
20201111,10,AQI,胶南,82.0
20201111,10,PM2.5,胶南,29.0
20201111,10,PM2.5_24h,胶南,11.0
20201111,10,PM10,胶南,114.0
20201111,10,PM10_24h,胶南,37.0
20201111,10,SO2,胶南,10.0
20201111,10,SO2_24h,胶南,9.0
20201111,10,NO2,胶南,80.0
20201111,10,NO2_24h,胶南,38.0
20201111,10,O3,胶南,25.0
20201111,10,O3_24h,胶南,88.0
20201111,10,O3_8h,胶南,45.0
20201111,10,O3_8h_24h,胶南,50.0
20201111,10,CO,胶南,0.85
20201111,10,CO_24h,胶南,0.45
20201111,11,AQI,胶南,26.0
20201111,11,PM2.5,胶南,11.0
20201111,11,PM2.5_24h,胶南,11.0
20201111,11,PM10,胶南,26.0
20201111,11,PM10_24h,胶南,36.0
20201111,11,SO2,胶南,10.0
20201111,11,SO2_24h,胶南,9.0
20201111,11,NO2,胶南,26.0
20201111,11,NO2_24h,胶南,38.0
20201111,11,O3,胶南,83.0
20201111,11,O3_24h,胶南,88.0
20201111,11,O3_8h,胶南,49.0
20201111,11,O3_8h_24h,胶南,54.0
20201111,11,CO,胶南,0.4
20201111,11,CO_24h,胶南,0.45
20201111,12,AQI,胶南,30.0
20201111,12,PM2.5,胶南,9.0
20201111,12,PM2.5_24h,胶南,11.0
20201111,12,PM10,胶南,30.0
20201111,12,PM10_24h,胶南,36.0
20201111,12,SO2,胶南,10.0
20201111,12,SO2_24h,胶南,9.0
20201111,12,NO2,胶南,21.0
20201111,12,NO2_24h,胶南,38.0
20201111,12,O3,胶南,94.0
20201111,12,O3_24h,胶南,94.0
20201111,12,O3_8h,胶南,55.0
20201111,12,O3_8h_24h,胶南,60.0
20201111,12,CO,胶南,0.4
20201111,12,CO_24h,胶南,0.45
20201111,13,AQI,胶南,34.0
20201111,13,PM2.5,胶南,13.0
20201111,13,PM2.5_24h,胶南,11.0
20201111,13,PM10,胶南,34.0
20201111,13,PM10_24h,胶南,37.0
20201111,13,SO2,胶南,10.0
20201111,13,SO2_24h,胶南,9.0
20201111,13,NO2,胶南,20.0
20201111,13,NO2_24h,胶南,38.0
20201111,13,O3,胶南,99.0
20201111,13,O3_24h,胶南,99.0
20201111,13,O3_8h,胶南,61.0
20201111,13,O3_8h_24h,胶南,65.0
20201111,13,CO,胶南,0.45
20201111,13,CO_24h,胶南,0.45
20201111,14,AQI,胶南,40.0
20201111,14,PM2.5,胶南,14.0
20201111,14,PM2.5_24h,胶南,11.0
20201111,14,PM10,胶南,40.0
20201111,14,PM10_24h,胶南,37.0
20201111,14,SO2,胶南,10.0
20201111,14,SO2_24h,胶南,9.0
20201111,14,NO2,胶南,21.0
20201111,14,NO2_24h,胶南,38.0
20201111,14,O3,胶南,107.0
20201111,14,O3_24h,胶南,107.0
20201111,14,O3_8h,胶南,68.0
20201111,14,O3_8h_24h,胶南,70.0
20201111,14,CO,胶南,0.45
20201111,14,CO_24h,胶南,0.45
20201111,15,AQI,胶南,44.0
20201111,15,PM2.5,胶南,13.0
20201111,15,PM2.5_24h,胶南,12.0
20201111,15,PM10,胶南,44.0
20201111,15,PM10_24h,胶南,38.0
20201111,15,SO2,胶南,10.0
20201111,15,SO2_24h,胶南,9.0
20201111,15,NO2,胶南,18.0
20201111,15,NO2_24h,胶南,38.0
20201111,15,O3,胶南,121.0
20201111,15,O3_24h,胶南,121.0
20201111,15,O3_8h,胶南,77.0
20201111,15,O3_8h_24h,胶南,77.0
20201111,15,CO,胶南,0.45
20201111,15,CO_24h,胶南,0.45
20201111,16,AQI,胶南,53.0
20201111,16,PM2.5,胶南,26.0
20201111,16,PM2.5_24h,胶南,13.0
20201111,16,PM10,胶南,56.0
20201111,16,PM10_24h,胶南,40.0
20201111,16,SO2,胶南,10.0
20201111,16,SO2_24h,胶南,9.0
20201111,16,NO2,胶南,24.0
20201111,16,NO2_24h,胶南,38.0
20201111,16,O3,胶南,125.0
20201111,16,O3_24h,胶南,125.0
20201111,16,O3_8h,胶南,86.0
20201111,16,O3_8h_24h,胶南,86.0
20201111,16,CO,胶南,0.5
20201111,16,CO_24h,胶南,0.45
20201111,17,AQI,胶南,52.0
20201111,17,PM2.5,胶南,25.0
20201111,17,PM2.5_24h,胶南,14.0
20201111,17,PM10,胶南,54.0
20201111,17,PM10_24h,胶南,40.0
20201111,17,SO2,胶南,10.0
20201111,17,SO2_24h,胶南,9.0
20201111,17,NO2,胶南,25.0
20201111,17,NO2_24h,胶南,38.0
20201111,17,O3,胶南,126.0
20201111,17,O3_24h,胶南,126.0
20201111,17,O3_8h,胶南,98.0
20201111,17,O3_8h_24h,胶南,98.0
20201111,17,CO,胶南,0.5
20201111,17,CO_24h,胶南,0.45
20201111,18,AQI,胶南,35.0
20201111,18,PM2.5,胶南,13.0
20201111,18,PM2.5_24h,胶南,14.0
20201111,18,PM10,胶南,35.0
20201111,18,PM10_24h,胶南,40.0
20201111,18,SO2,胶南,8.0
20201111,18,SO2_24h,胶南,9.0
20201111,18,NO2,胶南,25.0
20201111,18,NO2_24h,胶南,37.0
20201111,18,O3,胶南,113.0
20201111,18,O3_24h,胶南,126.0
20201111,18,O3_8h,胶南,108.0
20201111,18,O3_8h_24h,胶南,108.0
20201111,18,CO,胶南,0.4
20201111,18,CO_24h,胶南,0.45
20201111,19,AQI,胶南,33.0
20201111,19,PM2.5,胶南,7.0
20201111,19,PM2.5_24h,胶南,13.0
20201111,19,PM10,胶南,21.0
20201111,19,PM10_24h,胶南,40.0
20201111,19,SO2,胶南,7.0
20201111,19,SO2_24h,胶南,9.0
20201111,19,NO2,胶南,18.0
20201111,19,NO2_24h,胶南,37.0
20201111,19,O3,胶南,105.0
20201111,19,O3_24h,胶南,126.0
20201111,19,O3_8h,胶南,111.0
20201111,19,O3_8h_24h,胶南,111.0
20201111,19,CO,胶南,0.3
20201111,19,CO_24h,胶南,0.45
20201111,20,AQI,胶南,33.0
20201111,20,PM2.5,胶南,4.0
20201111,20,PM2.5_24h,胶南,13.0
20201111,20,PM10,胶南,13.0
20201111,20,PM10_24h,胶南,40.0
20201111,20,SO2,胶南,7.0
20201111,20,SO2_24h,胶南,9.0
20201111,20,NO2,胶南,14.0
20201111,20,NO2_24h,胶南,36.0
20201111,20,O3,胶南,105.0
20201111,20,O3_24h,胶南,126.0
20201111,20,O3_8h,胶南,113.0
20201111,20,O3_8h_24h,胶南,113.0
20201111,20,CO,胶南,0.25
20201111,20,CO_24h,胶南,0.45
20201111,21,AQI,胶南,32.0
20201111,21,PM2.5,胶南,8.0
20201111,21,PM2.5_24h,胶南,13.0
20201111,21,PM10,胶南,16.0
20201111,21,PM10_24h,胶南,39.0
20201111,21,SO2,胶南,7.0
20201111,21,SO2_24h,胶南,9.0
20201111,21,NO2,胶南,15.0
20201111,21,NO2_24h,胶南,35.0
20201111,21,O3,胶南,101.0
20201111,21,O3_24h,胶南,126.0
20201111,21,O3_8h,胶南,113.0
20201111,21,O3_8h_24h,胶南,113.0
20201111,21,CO,胶南,0.3
20201111,21,CO_24h,胶南,0.45
20201111,22,AQI,胶南,32.0
20201111,22,PM2.5,胶南,8.0
20201111,22,PM2.5_24h,胶南,13.0
20201111,22,PM10,胶南,13.0
20201111,22,PM10_24h,胶南,39.0
20201111,22,SO2,胶南,7.0
20201111,22,SO2_24h,胶南,9.0
20201111,22,NO2,胶南,13.0
20201111,22,NO2_24h,胶南,33.0
20201111,22,O3,胶南,102.0
20201111,22,O3_24h,胶南,126.0
20201111,22,O3_8h,胶南,112.0
20201111,22,O3_8h_24h,胶南,113.0
20201111,22,CO,胶南,0.25
20201111,22,CO_24h,胶南,0.45
20201111,23,AQI,胶南,33.0
20201111,23,PM2.5,胶南,5.0
20201111,23,PM2.5_24h,胶南,13.0
20201111,23,PM10,胶南,16.0
20201111,23,PM10_24h,胶南,37.0
20201111,23,SO2,胶南,7.0
20201111,23,SO2_24h,胶南,9.0
20201111,23,NO2,胶南,11.0
20201111,23,NO2_24h,胶南,31.0
20201111,23,O3,胶南,104.0
20201111,23,O3_24h,胶南,126.0
20201111,23,O3_8h,胶南,110.0
20201111,23,O3_8h_24h,胶南,113.0
20201111,23,CO,胶南,0.25
20201111,23,CO_24h,胶南,0.45
20201111,0,AQI,胶州,44.0
20201111,0,PM2.5,胶州,15.0
20201111,0,PM2.5_24h,胶州,34.0
20201111,0,PM10,胶州,44.0
20201111,0,PM10_24h,胶州,75.0
20201111,0,SO2,胶州,8.0
20201111,0,SO2_24h,胶州,12.0
20201111,0,NO2,胶州,62.0
20201111,0,NO2_24h,胶州,54.0
20201111,0,O3,胶州,21.0
20201111,0,O3_24h,胶州,77.0
20201111,0,O3_8h,胶州,24.0
20201111,0,O3_8h_24h,胶州,63.0
20201111,0,CO,胶州,0.6
20201111,0,CO_24h,胶州,0.85
20201111,1,AQI,胶州,48.0
20201111,1,PM2.5,胶州,21.0
20201111,1,PM2.5_24h,胶州,33.0
20201111,1,PM10,胶州,48.0
20201111,1,PM10_24h,胶州,72.0
20201111,1,SO2,胶州,7.0
20201111,1,SO2_24h,胶州,12.0
20201111,1,NO2,胶州,64.0
20201111,1,NO2_24h,胶州,54.0
20201111,1,O3,胶州,19.0
20201111,1,O3_24h,胶州,77.0
20201111,1,O3_8h,胶州,19.0
20201111,1,O3_8h_24h,胶州,19.0
20201111,1,CO,胶州,0.55
20201111,1,CO_24h,胶州,0.8
20201111,2,AQI,胶州,46.0
20201111,2,PM2.5,胶州,29.0
20201111,2,PM2.5_24h,胶州,32.0
20201111,2,PM10,胶州,46.0
20201111,2,PM10_24h,胶州,69.0
20201111,2,SO2,胶州,8.0
20201111,2,SO2_24h,胶州,11.0
20201111,2,NO2,胶州,62.0
20201111,2,NO2_24h,胶州,53.0
20201111,2,O3,胶州,20.0
20201111,2,O3_24h,胶州,77.0
20201111,2,O3_8h,胶州,19.0
20201111,2,O3_8h_24h,胶州,20.0
20201111,2,CO,胶州,0.55
20201111,2,CO_24h,胶州,0.75
20201111,3,AQI,胶州,38.0
20201111,3,PM2.5,胶州,21.0
20201111,3,PM2.5_24h,胶州,30.0
20201111,3,PM10,胶州,38.0
20201111,3,PM10_24h,胶州,66.0
20201111,3,SO2,胶州,8.0
20201111,3,SO2_24h,胶州,11.0
20201111,3,NO2,胶州,64.0
20201111,3,NO2_24h,胶州,54.0
20201111,3,O3,胶州,15.0
20201111,3,O3_24h,胶州,77.0
20201111,3,O3_8h,胶州,18.0
20201111,3,O3_8h_24h,胶州,20.0
20201111,3,CO,胶州,0.5
20201111,3,CO_24h,胶州,0.75
20201111,4,AQI,胶州,39.0
20201111,4,PM2.5,胶州,17.0
20201111,4,PM2.5_24h,胶州,29.0
20201111,4,PM10,胶州,39.0
20201111,4,PM10_24h,胶州,63.0
20201111,4,SO2,胶州,9.0
20201111,4,SO2_24h,胶州,11.0
20201111,4,NO2,胶州,64.0
20201111,4,NO2_24h,胶州,53.0
20201111,4,O3,胶州,16.0
20201111,4,O3_24h,胶州,77.0
20201111,4,O3_8h,胶州,17.0
20201111,4,O3_8h_24h,胶州,20.0
20201111,4,CO,胶州,0.55
20201111,4,CO_24h,胶州,0.75
20201111,5,AQI,胶州,42.0
20201111,5,PM2.5,胶州,16.0
20201111,5,PM2.5_24h,胶州,27.0
20201111,5,PM10,胶州,42.0
20201111,5,PM10_24h,胶州,60.0
20201111,5,SO2,胶州,8.0
20201111,5,SO2_24h,胶州,10.0
20201111,5,NO2,胶州,53.0
20201111,5,NO2_24h,胶州,53.0
20201111,5,O3,胶州,26.0
20201111,5,O3_24h,胶州,77.0
20201111,5,O3_8h,胶州,19.0
20201111,5,O3_8h_24h,胶州,21.0
20201111,5,CO,胶州,0.55
20201111,5,CO_24h,胶州,0.75
20201111,6,AQI,胶州,41.0
20201111,6,PM2.5,胶州,27.0
20201111,6,PM2.5_24h,胶州,25.0
20201111,6,PM10,胶州,41.0
20201111,6,PM10_24h,胶州,56.0
20201111,6,SO2,胶州,9.0
20201111,6,SO2_24h,胶州,10.0
20201111,6,NO2,胶州,63.0
20201111,6,NO2_24h,胶州,53.0
20201111,6,O3,胶州,17.0
20201111,6,O3_24h,胶州,77.0
20201111,6,O3_8h,胶州,19.0
20201111,6,O3_8h_24h,胶州,21.0
20201111,6,CO,胶州,0.55
20201111,6,CO_24h,胶州,0.7
20201111,8,AQI,胶州,42.0
20201111,8,PM2.5,胶州,19.0
20201111,8,PM2.5_24h,胶州,20.0
20201111,8,PM10,胶州,42.0
20201111,8,PM10_24h,胶州,47.0
20201111,8,SO2,胶州,9.0
20201111,8,SO2_24h,胶州,9.0
20201111,8,NO2,胶州,56.0
20201111,8,NO2_24h,胶州,53.0
20201111,8,O3,胶州,23.0
20201111,8,O3_24h,胶州,77.0
20201111,8,O3_8h,胶州,19.0
20201111,8,O3_8h_24h,胶州,21.0
20201111,8,CO,胶州,0.7
20201111,8,CO_24h,胶州,0.65
20201111,10,AQI,胶州,54.0
20201111,10,PM2.5,胶州,21.0
20201111,10,PM2.5_24h,胶州,19.0
20201111,10,PM10,胶州,58.0
20201111,10,PM10_24h,胶州,43.0
20201111,10,SO2,胶州,10.0
20201111,10,SO2_24h,胶州,8.0
20201111,10,NO2,胶州,45.0
20201111,10,NO2_24h,胶州,52.0
20201111,10,O3,胶州,45.0
20201111,10,O3_24h,胶州,77.0
20201111,10,O3_8h,胶州,23.0
20201111,10,O3_8h_24h,胶州,23.0
20201111,10,CO,胶州,0.7
20201111,10,CO_24h,胶州,0.6
20201111,11,AQI,胶州,38.0
20201111,11,PM2.5,胶州,15.0
20201111,11,PM2.5_24h,胶州,18.0
20201111,11,PM10,胶州,38.0
20201111,11,PM10_24h,胶州,42.0
20201111,11,SO2,胶州,8.0
20201111,11,SO2_24h,胶州,8.0
20201111,11,NO2,胶州,19.0
20201111,11,NO2_24h,胶州,51.0
20201111,11,O3,胶州,85.0
20201111,11,O3_24h,胶州,85.0
20201111,11,O3_8h,胶州,32.0
20201111,11,O3_8h_24h,胶州,32.0
20201111,11,CO,胶州,0.5
20201111,11,CO_24h,胶州,0.6
20201111,12,AQI,胶州,30.0
20201111,12,PM2.5,胶州,14.0
20201111,12,PM2.5_24h,胶州,18.0
20201111,12,PM10,胶州,30.0
20201111,12,PM10_24h,胶州,42.0
20201111,12,SO2,胶州,9.0
20201111,12,SO2_24h,胶州,8.0
20201111,12,NO2,胶州,28.0
20201111,12,NO2_24h,胶州,52.0
20201111,12,O3,胶州,88.0
20201111,12,O3_24h,胶州,89.0
20201111,12,O3_8h,胶州,41.0
20201111,12,O3_8h_24h,胶州,41.0
20201111,12,CO,胶州,0.6
20201111,12,CO_24h,胶州,0.6
20201111,13,AQI,胶州,29.0
20201111,13,PM2.5,胶州,16.0
20201111,13,PM2.5_24h,胶州,18.0
20201111,13,PM10,胶州,29.0
20201111,13,PM10_24h,胶州,42.0
20201111,13,SO2,胶州,9.0
20201111,13,SO2_24h,胶州,8.0
20201111,13,NO2,胶州,31.0
20201111,13,NO2_24h,胶州,52.0
20201111,13,O3,胶州,86.0
20201111,13,O3_24h,胶州,91.0
20201111,13,O3_8h,胶州,49.0
20201111,13,O3_8h_24h,胶州,49.0
20201111,13,CO,胶州,0.55
20201111,13,CO_24h,胶州,0.6
20201111,14,AQI,胶州,53.0
20201111,14,PM2.5,胶州,17.0
20201111,14,PM2.5_24h,胶州,19.0
20201111,14,PM10,胶州,55.0
20201111,14,PM10_24h,胶州,43.0
20201111,14,SO2,胶州,8.0
20201111,14,SO2_24h,胶州,8.0
20201111,14,NO2,胶州,20.0
20201111,14,NO2_24h,胶州,52.0
20201111,14,O3,胶州,100.0
20201111,14,O3_24h,胶州,100.0
20201111,14,O3_8h,胶州,59.0
20201111,14,O3_8h_24h,胶州,59.0
20201111,14,CO,胶州,0.5
20201111,14,CO_24h,胶州,0.6
20201111,15,AQI,胶州,58.0
20201111,15,PM2.5,胶州,19.0
20201111,15,PM2.5_24h,胶州,19.0
20201111,15,PM10,胶州,65.0
20201111,15,PM10_24h,胶州,45.0
20201111,15,SO2,胶州,7.0
20201111,15,SO2_24h,胶州,9.0
20201111,15,NO2,胶州,17.0
20201111,15,NO2_24h,胶州,51.0
20201111,15,O3,胶州,104.0
20201111,15,O3_24h,胶州,104.0
20201111,15,O3_8h,胶州,68.0
20201111,15,O3_8h_24h,胶州,68.0
20201111,15,CO,胶州,0.5
20201111,15,CO_24h,胶州,0.6
20201111,16,AQI,胶州,45.0
20201111,16,PM2.5,胶州,22.0
20201111,16,PM2.5_24h,胶州,20.0
20201111,16,PM10,胶州,45.0
20201111,16,PM10_24h,胶州,46.0
20201111,16,SO2,胶州,8.0
20201111,16,SO2_24h,胶州,9.0
20201111,16,NO2,胶州,17.0
20201111,16,NO2_24h,胶州,51.0
20201111,16,O3,胶州,110.0
20201111,16,O3_24h,胶州,110.0
20201111,16,O3_8h,胶州,80.0
20201111,16,O3_8h_24h,胶州,80.0
20201111,16,CO,胶州,0.6
20201111,16,CO_24h,胶州,0.6
20201111,17,AQI,胶州,48.0
20201111,17,PM2.5,胶州,18.0
20201111,17,PM2.5_24h,胶州,20.0
20201111,17,PM10,胶州,48.0
20201111,17,PM10_24h,胶州,46.0
20201111,17,SO2,胶州,7.0
20201111,17,SO2_24h,胶州,9.0
20201111,17,NO2,胶州,19.0
20201111,17,NO2_24h,胶州,50.0
20201111,17,O3,胶州,112.0
20201111,17,O3_24h,胶州,112.0
20201111,17,O3_8h,胶州,91.0
20201111,17,O3_8h_24h,胶州,91.0
20201111,17,CO,胶州,0.6
20201111,17,CO_24h,胶州,0.6
20201111,18,AQI,胶州,52.0
20201111,18,PM2.5,胶州,17.0
20201111,18,PM2.5_24h,胶州,20.0
20201111,18,PM10,胶州,54.0
20201111,18,PM10_24h,胶州,47.0
20201111,18,SO2,胶州,7.0
20201111,18,SO2_24h,胶州,9.0
20201111,18,NO2,胶州,22.0
20201111,18,NO2_24h,胶州,49.0
20201111,18,O3,胶州,108.0
20201111,18,O3_24h,胶州,112.0
20201111,18,O3_8h,胶州,99.0
20201111,18,O3_8h_24h,胶州,99.0
20201111,18,CO,胶州,0.6
20201111,18,CO_24h,胶州,0.6
20201111,19,AQI,胶州,59.0
20201111,19,PM2.5,胶州,29.0
20201111,19,PM2.5_24h,胶州,21.0
20201111,19,PM10,胶州,67.0
20201111,19,PM10_24h,胶州,48.0
20201111,19,SO2,胶州,6.0
20201111,19,SO2_24h,胶州,9.0
20201111,19,NO2,胶州,30.0
20201111,19,NO2_24h,胶州,46.0
20201111,19,O3,胶州,91.0
20201111,19,O3_24h,胶州,112.0
20201111,19,O3_8h,胶州,100.0
20201111,19,O3_8h_24h,胶州,100.0
20201111,19,CO,胶州,0.7
20201111,19,CO_24h,胶州,0.6
20201111,20,AQI,胶州,58.0
20201111,20,PM2.5,胶州,29.0
20201111,20,PM2.5_24h,胶州,21.0
20201111,20,PM10,胶州,65.0
20201111,20,PM10_24h,胶州,48.0
20201111,20,SO2,胶州,11.0
20201111,20,SO2_24h,胶州,8.0
20201111,20,NO2,胶州,58.0
20201111,20,NO2_24h,胶州,45.0
20201111,20,O3,胶州,53.0
20201111,20,O3_24h,胶州,112.0
20201111,20,O3_8h,胶州,96.0
20201111,20,O3_8h_24h,胶州,100.0
20201111,20,CO,胶州,0.65
20201111,20,CO_24h,胶州,0.6
20201111,21,AQI,胶州,52.0
20201111,21,PM2.5,胶州,17.0
20201111,21,PM2.5_24h,胶州,21.0
20201111,21,PM10,胶州,54.0
20201111,21,PM10_24h,胶州,48.0
20201111,21,SO2,胶州,10.0
20201111,21,SO2_24h,胶州,8.0
20201111,21,NO2,胶州,64.0
20201111,21,NO2_24h,胶州,45.0
20201111,21,O3,胶州,37.0
20201111,21,O3_24h,胶州,112.0
20201111,21,O3_8h,胶州,90.0
20201111,21,O3_8h_24h,胶州,100.0
20201111,21,CO,胶州,0.55
20201111,21,CO_24h,胶州,0.6
20201111,22,AQI,胶州,47.0
20201111,22,PM2.5,胶州,15.0
20201111,22,PM2.5_24h,胶州,20.0
20201111,22,PM10,胶州,47.0
20201111,22,PM10_24h,胶州,47.0
20201111,22,SO2,胶州,9.0
20201111,22,SO2_24h,胶州,8.0
20201111,22,NO2,胶州,67.0
20201111,22,NO2_24h,胶州,46.0
20201111,22,O3,胶州,29.0
20201111,22,O3_24h,胶州,112.0
20201111,22,O3_8h,胶州,81.0
20201111,22,O3_8h_24h,胶州,100.0
20201111,22,CO,胶州,0.55
20201111,22,CO_24h,胶州,0.6
20201111,23,AQI,胶州,37.0
20201111,23,PM2.5,胶州,14.0
20201111,23,PM2.5_24h,胶州,20.0
20201111,23,PM10,胶州,37.0
20201111,23,PM10_24h,胶州,47.0
20201111,23,SO2,胶州,6.0
20201111,23,SO2_24h,胶州,8.0
20201111,23,NO2,胶州,63.0
20201111,23,NO2_24h,胶州,46.0
20201111,23,O3,胶州,32.0
20201111,23,O3_24h,胶州,112.0
20201111,23,O3_8h,胶州,72.0
20201111,23,O3_8h_24h,胶州,100.0
20201111,23,CO,胶州,0.5
20201111,23,CO_24h,胶州,0.6
20201111,0,AQI,莱西,57.0
20201111,0,PM2.5,莱西,33.0
20201111,0,PM2.5_24h,莱西,46.0
20201111,0,PM10,莱西,63.0
20201111,0,PM10_24h,莱西,86.0
20201111,0,SO2,莱西,7.0
20201111,0,SO2_24h,莱西,10.0
20201111,0,NO2,莱西,47.0
20201111,0,NO2_24h,莱西,35.0
20201111,0,O3,莱西,16.0
20201111,0,O3_24h,莱西,80.0
20201111,0,O3_8h,莱西,42.0
20201111,0,O3_8h_24h,莱西,65.0
20201111,0,CO,莱西,0.6
20201111,0,CO_24h,莱西,0.85
20201111,1,AQI,莱西,59.0
20201111,1,PM2.5,莱西,38.0
20201111,1,PM2.5_24h,莱西,45.0
20201111,1,PM10,莱西,67.0
20201111,1,PM10_24h,莱西,84.0
20201111,1,SO2,莱西,7.0
20201111,1,SO2_24h,莱西,10.0
20201111,1,NO2,莱西,53.0
20201111,1,NO2_24h,莱西,35.0
20201111,1,O3,莱西,4.0
20201111,1,O3_24h,莱西,80.0
20201111,1,O3_8h,莱西,4.0
20201111,1,O3_8h_24h,莱西,4.0
20201111,1,CO,莱西,0.7
20201111,1,CO_24h,莱西,0.8
20201111,2,AQI,莱西,70.0
20201111,2,PM2.5,莱西,51.0
20201111,2,PM2.5_24h,莱西,44.0
20201111,2,PM10,莱西,82.0
20201111,2,PM10_24h,莱西,82.0
20201111,2,SO2,莱西,9.0
20201111,2,SO2_24h,莱西,10.0
20201111,2,NO2,莱西,52.0
20201111,2,NO2_24h,莱西,35.0
20201111,2,O3,莱西,3.0
20201111,2,O3_24h,莱西,80.0
20201111,2,O3_8h,莱西,4.0
20201111,2,O3_8h_24h,莱西,4.0
20201111,2,CO,莱西,0.75
20201111,2,CO_24h,莱西,0.8
20201111,3,AQI,莱西,81.0
20201111,3,PM2.5,莱西,60.0
20201111,3,PM2.5_24h,莱西,44.0
20201111,3,PM10,莱西,99.0
20201111,3,PM10_24h,莱西,82.0
20201111,3,SO2,莱西,10.0
20201111,3,SO2_24h,莱西,10.0
20201111,3,NO2,莱西,49.0
20201111,3,NO2_24h,莱西,35.0
20201111,3,O3,莱西,5.0
20201111,3,O3_24h,莱西,80.0
20201111,3,O3_8h,莱西,4.0
20201111,3,O3_8h_24h,莱西,4.0
20201111,3,CO,莱西,0.85
20201111,3,CO_24h,莱西,0.8
20201111,4,AQI,莱西,73.0
20201111,4,PM2.5,莱西,53.0
20201111,4,PM2.5_24h,莱西,43.0
20201111,4,PM10,莱西,94.0
20201111,4,PM10_24h,莱西,81.0
20201111,4,SO2,莱西,9.0
20201111,4,SO2_24h,莱西,10.0
20201111,4,NO2,莱西,43.0
20201111,4,NO2_24h,莱西,35.0
20201111,4,O3,莱西,4.0
20201111,4,O3_24h,莱西,80.0
20201111,4,O3_8h,莱西,4.0
20201111,4,O3_8h_24h,莱西,4.0
20201111,4,CO,莱西,0.75
20201111,4,CO_24h,莱西,0.75
20201111,5,AQI,莱西,76.0
20201111,5,PM2.5,莱西,56.0
20201111,5,PM2.5_24h,莱西,42.0
20201111,5,PM10,莱西,84.0
20201111,5,PM10_24h,莱西,79.0
20201111,5,SO2,莱西,9.0
20201111,5,SO2_24h,莱西,9.0
20201111,5,NO2,莱西,43.0
20201111,5,NO2_24h,莱西,34.0
20201111,5,O3,莱西,5.0
20201111,5,O3_24h,莱西,80.0
20201111,5,O3_8h,莱西,4.0
20201111,5,O3_8h_24h,莱西,4.0
20201111,5,CO,莱西,0.8
20201111,5,CO_24h,莱西,0.75
20201111,6,AQI,莱西,74.0
20201111,6,PM2.5,莱西,54.0
20201111,6,PM2.5_24h,莱西,42.0
20201111,6,PM10,莱西,81.0
20201111,6,PM10_24h,莱西,78.0
20201111,6,SO2,莱西,9.0
20201111,6,SO2_24h,莱西,9.0
20201111,6,NO2,莱西,44.0
20201111,6,NO2_24h,莱西,34.0
20201111,6,O3,莱西,5.0
20201111,6,O3_24h,莱西,80.0
20201111,6,O3_8h,莱西,4.0
20201111,6,O3_8h_24h,莱西,4.0
20201111,6,CO,莱西,0.7
20201111,6,CO_24h,莱西,0.75
20201111,8,AQI,莱西,91.0
20201111,8,PM2.5,莱西,68.0
20201111,8,PM2.5_24h,莱西,39.0
20201111,8,PM10,莱西,105.0
20201111,8,PM10_24h,莱西,72.0
20201111,8,SO2,莱西,12.0
20201111,8,SO2_24h,莱西,9.0
20201111,8,NO2,莱西,40.0
20201111,8,NO2_24h,莱西,34.0
20201111,8,O3,莱西,7.0
20201111,8,O3_24h,莱西,80.0
20201111,8,O3_8h,莱西,5.0
20201111,8,O3_8h_24h,莱西,5.0
20201111,8,CO,莱西,1.0
20201111,8,CO_24h,莱西,0.65
20201111,10,AQI,莱西,86.0
20201111,10,PM2.5,莱西,64.0
20201111,10,PM2.5_24h,莱西,37.0
20201111,10,PM10,莱西,121.0
20201111,10,PM10_24h,莱西,70.0
20201111,10,SO2,莱西,14.0
20201111,10,SO2_24h,莱西,8.0
20201111,10,NO2,莱西,54.0
20201111,10,NO2_24h,莱西,35.0
20201111,10,O3,莱西,19.0
20201111,10,O3_24h,莱西,80.0
20201111,10,O3_8h,莱西,7.0
20201111,10,O3_8h_24h,莱西,7.0
20201111,10,CO,莱西,0.85
20201111,10,CO_24h,莱西,0.6
20201111,11,AQI,莱西,68.0
20201111,11,PM2.5,莱西,36.0
20201111,11,PM2.5_24h,莱西,37.0
20201111,11,PM10,莱西,86.0
20201111,11,PM10_24h,莱西,70.0
20201111,11,SO2,莱西,12.0
20201111,11,SO2_24h,莱西,8.0
20201111,11,NO2,莱西,33.0
20201111,11,NO2_24h,莱西,35.0
20201111,11,O3,莱西,55.0
20201111,11,O3_24h,莱西,80.0
20201111,11,O3_8h,莱西,13.0
20201111,11,O3_8h_24h,莱西,13.0
20201111,11,CO,莱西,0.35
20201111,11,CO_24h,莱西,0.6
20201111,12,AQI,莱西,56.0
20201111,12,PM2.5,莱西,18.0
20201111,12,PM2.5_24h,莱西,37.0
20201111,12,PM10,莱西,61.0
20201111,12,PM10_24h,莱西,70.0
20201111,12,SO2,莱西,12.0
20201111,12,SO2_24h,莱西,8.0
20201111,12,NO2,莱西,22.0
20201111,12,NO2_24h,莱西,35.0
20201111,12,O3,莱西,78.0
20201111,12,O3_24h,莱西,80.0
20201111,12,O3_8h,莱西,23.0
20201111,12,O3_8h_24h,莱西,23.0
20201111,12,CO,莱西,0.35
20201111,12,CO_24h,莱西,0.6
20201111,13,AQI,莱西,60.0
20201111,13,PM2.5,莱西,35.0
20201111,13,PM2.5_24h,莱西,39.0
20201111,13,PM10,莱西,70.0
20201111,13,PM10_24h,莱西,72.0
20201111,13,SO2,莱西,12.0
20201111,13,SO2_24h,莱西,9.0
20201111,13,NO2,莱西,26.0
20201111,13,NO2_24h,莱西,36.0
20201111,13,O3,莱西,96.0
20201111,13,O3_24h,莱西,96.0
20201111,13,O3_8h,莱西,34.0
20201111,13,O3_8h_24h,莱西,34.0
20201111,13,CO,莱西,0.45
20201111,13,CO_24h,莱西,0.6
20201111,14,AQI,莱西,64.0
20201111,14,PM2.5,莱西,40.0
20201111,14,PM2.5_24h,莱西,40.0
20201111,14,PM10,莱西,78.0
20201111,14,PM10_24h,莱西,74.0
20201111,14,SO2,莱西,11.0
20201111,14,SO2_24h,莱西,9.0
20201111,14,NO2,莱西,33.0
20201111,14,NO2_24h,莱西,37.0
20201111,14,O3,莱西,91.0
20201111,14,O3_24h,莱西,96.0
20201111,14,O3_8h,莱西,45.0
20201111,14,O3_8h_24h,莱西,45.0
20201111,14,CO,莱西,0.4
20201111,14,CO_24h,莱西,0.6
20201111,15,AQI,莱西,62.0
20201111,15,PM2.5,莱西,35.0
20201111,15,PM2.5_24h,莱西,41.0
20201111,15,PM10,莱西,73.0
20201111,15,PM10_24h,莱西,76.0
20201111,15,SO2,莱西,10.0
20201111,15,SO2_24h,莱西,9.0
20201111,15,NO2,莱西,26.0
20201111,15,NO2_24h,莱西,36.0
20201111,15,O3,莱西,95.0
20201111,15,O3_24h,莱西,96.0
20201111,15,O3_8h,莱西,56.0
20201111,15,O3_8h_24h,莱西,56.0
20201111,15,CO,莱西,0.35
20201111,15,CO_24h,莱西,0.6
20201111,16,AQI,莱西,58.0
20201111,16,PM2.5,莱西,25.0
20201111,16,PM2.5_24h,莱西,42.0
20201111,16,PM10,莱西,66.0
20201111,16,PM10_24h,莱西,78.0
20201111,16,SO2,莱西,8.0
20201111,16,SO2_24h,莱西,9.0
20201111,16,NO2,莱西,15.0
20201111,16,NO2_24h,莱西,37.0
20201111,16,O3,莱西,95.0
20201111,16,O3_24h,莱西,96.0
20201111,16,O3_8h,莱西,67.0
20201111,16,O3_8h_24h,莱西,67.0
20201111,16,CO,莱西,0.25
20201111,16,CO_24h,莱西,0.6
20201111,17,AQI,莱西,53.0
20201111,17,PM2.5,莱西,16.0
20201111,17,PM2.5_24h,莱西,42.0
20201111,17,PM10,莱西,55.0
20201111,17,PM10_24h,莱西,79.0
20201111,17,SO2,莱西,7.0
20201111,17,SO2_24h,莱西,9.0
20201111,17,NO2,莱西,19.0
20201111,17,NO2_24h,莱西,37.0
20201111,17,O3,莱西,83.0
20201111,17,O3_24h,莱西,96.0
20201111,17,O3_8h,莱西,77.0
20201111,17,O3_8h_24h,莱西,77.0
20201111,17,CO,莱西,0.25
20201111,17,CO_24h,莱西,0.6
20201111,18,AQI,莱西,59.0
20201111,18,PM2.5,莱西,24.0
20201111,18,PM2.5_24h,莱西,42.0
20201111,18,PM10,莱西,67.0
20201111,18,PM10_24h,莱西,79.0
20201111,18,SO2,莱西,7.0
20201111,18,SO2_24h,莱西,9.0
20201111,18,NO2,莱西,28.0
20201111,18,NO2_24h,莱西,37.0
20201111,18,O3,莱西,66.0
20201111,18,O3_24h,莱西,96.0
20201111,18,O3_8h,莱西,82.0
20201111,18,O3_8h_24h,莱西,82.0
20201111,18,CO,莱西,0.4
20201111,18,CO_24h,莱西,0.6
20201111,19,AQI,莱西,67.0
20201111,19,PM2.5,莱西,33.0
20201111,19,PM2.5_24h,莱西,42.0
20201111,19,PM10,莱西,84.0
20201111,19,PM10_24h,莱西,80.0
20201111,19,SO2,莱西,7.0
20201111,19,SO2_24h,莱西,9.0
20201111,19,NO2,莱西,38.0
20201111,19,NO2_24h,莱西,37.0
20201111,19,O3,莱西,50.0
20201111,19,O3_24h,莱西,96.0
20201111,19,O3_8h,莱西,82.0
20201111,19,O3_8h_24h,莱西,82.0
20201111,19,CO,莱西,0.55
20201111,19,CO_24h,莱西,0.6
20201111,20,AQI,莱西,66.0
20201111,20,PM2.5,莱西,44.0
20201111,20,PM2.5_24h,莱西,42.0
20201111,20,PM10,莱西,82.0
20201111,20,PM10_24h,莱西,80.0
20201111,20,SO2,莱西,7.0
20201111,20,SO2_24h,莱西,9.0
20201111,20,NO2,莱西,33.0
20201111,20,NO2_24h,莱西,37.0
20201111,20,O3,莱西,50.0
20201111,20,O3_24h,莱西,96.0
20201111,20,O3_8h,莱西,78.0
20201111,20,O3_8h_24h,莱西,82.0
20201111,20,CO,莱西,0.5
20201111,20,CO_24h,莱西,0.6
20201111,21,AQI,莱西,62.0
20201111,21,PM2.5,莱西,37.0
20201111,21,PM2.5_24h,莱西,43.0
20201111,21,PM10,莱西,74.0
20201111,21,PM10_24h,莱西,81.0
20201111,21,SO2,莱西,6.0
20201111,21,SO2_24h,莱西,9.0
20201111,21,NO2,莱西,35.0
20201111,21,NO2_24h,莱西,38.0
20201111,21,O3,莱西,50.0
20201111,21,O3_24h,莱西,96.0
20201111,21,O3_8h,莱西,72.0
20201111,21,O3_8h_24h,莱西,82.0
20201111,21,CO,莱西,0.45
20201111,21,CO_24h,莱西,0.6
20201111,22,AQI,莱西,58.0
20201111,22,PM2.5,莱西,31.0
20201111,22,PM2.5_24h,莱西,43.0
20201111,22,PM10,莱西,65.0
20201111,22,PM10_24h,莱西,81.0
20201111,22,SO2,莱西,6.0
20201111,22,SO2_24h,莱西,9.0
20201111,22,NO2,莱西,34.0
20201111,22,NO2_24h,莱西,38.0
20201111,22,O3,莱西,50.0
20201111,22,O3_24h,莱西,96.0
20201111,22,O3_8h,莱西,67.0
20201111,22,O3_8h_24h,莱西,82.0
20201111,22,CO,莱西,0.35
20201111,22,CO_24h,莱西,0.6
20201111,23,AQI,莱西,54.0
20201111,23,PM2.5,莱西,29.0
20201111,23,PM2.5_24h,莱西,42.0
20201111,23,PM10,莱西,57.0
20201111,23,PM10_24h,莱西,81.0
20201111,23,SO2,莱西,6.0
20201111,23,SO2_24h,莱西,9.0
20201111,23,NO2,莱西,29.0
20201111,23,NO2_24h,莱西,37.0
20201111,23,O3,莱西,54.0
20201111,23,O3_24h,莱西,96.0
20201111,23,O3_8h,莱西,62.0
20201111,23,O3_8h_24h,莱西,82.0
20201111,23,CO,莱西,0.35
20201111,23,CO_24h,莱西,0.6
20201111,0,AQI,平度,59.0
20201111,0,PM2.5,平度,34.0
20201111,0,PM2.5_24h,平度,27.0
20201111,0,PM10,平度,67.0
20201111,0,PM10_24h,平度,59.0
20201111,0,SO2,平度,8.0
20201111,0,SO2_24h,平度,9.0
20201111,0,NO2,平度,58.0
20201111,0,NO2_24h,平度,37.0
20201111,0,O3,平度,6.0
20201111,0,O3_24h,平度,79.0
20201111,0,O3_8h,平度,28.0
20201111,0,O3_8h_24h,平度,65.0
20201111,0,CO,平度,0.7
20201111,0,CO_24h,平度,0.6
20201111,1,AQI,平度,57.0
20201111,1,PM2.5,平度,32.0
20201111,1,PM2.5_24h,平度,26.0
20201111,1,PM10,平度,63.0
20201111,1,PM10_24h,平度,58.0
20201111,1,SO2,平度,8.0
20201111,1,SO2_24h,平度,9.0
20201111,1,NO2,平度,53.0
20201111,1,NO2_24h,平度,38.0
20201111,1,O3,平度,7.0
20201111,1,O3_24h,平度,79.0
20201111,1,O3_8h,平度,7.0
20201111,1,O3_8h_24h,平度,7.0
20201111,1,CO,平度,0.6
20201111,1,CO_24h,平度,0.6
20201111,2,AQI,平度,55.0
20201111,2,PM2.5,平度,31.0
20201111,2,PM2.5_24h,平度,26.0
20201111,2,PM10,平度,60.0
20201111,2,PM10_24h,平度,58.0
20201111,2,SO2,平度,8.0
20201111,2,SO2_24h,平度,9.0
20201111,2,NO2,平度,48.0
20201111,2,NO2_24h,平度,39.0
20201111,2,O3,平度,9.0
20201111,2,O3_24h,平度,79.0
20201111,2,O3_8h,平度,8.0
20201111,2,O3_8h_24h,平度,8.0
20201111,2,CO,平度,0.6
20201111,2,CO_24h,平度,0.6
20201111,3,AQI,平度,54.0
20201111,3,PM2.5,平度,31.0
20201111,3,PM2.5_24h,平度,26.0
20201111,3,PM10,平度,57.0
20201111,3,PM10_24h,平度,58.0
20201111,3,SO2,平度,8.0
20201111,3,SO2_24h,平度,9.0
20201111,3,NO2,平度,44.0
20201111,3,NO2_24h,平度,39.0
20201111,3,O3,平度,9.0
20201111,3,O3_24h,平度,79.0
20201111,3,O3_8h,平度,9.0
20201111,3,O3_8h_24h,平度,9.0
20201111,3,CO,平度,0.65
20201111,3,CO_24h,平度,0.6
20201111,4,AQI,平度,53.0
20201111,4,PM2.5,平度,31.0
20201111,4,PM2.5_24h,平度,26.0
20201111,4,PM10,平度,55.0
20201111,4,PM10_24h,平度,58.0
20201111,4,SO2,平度,8.0
20201111,4,SO2_24h,平度,9.0
20201111,4,NO2,平度,47.0
20201111,4,NO2_24h,平度,39.0
20201111,4,O3,平度,10.0
20201111,4,O3_24h,平度,79.0
20201111,4,O3_8h,平度,9.0
20201111,4,O3_8h_24h,平度,9.0
20201111,4,CO,平度,0.6
20201111,4,CO_24h,平度,0.6
20201111,5,AQI,平度,48.0
20201111,5,PM2.5,平度,29.0
20201111,5,PM2.5_24h,平度,26.0
20201111,5,PM10,平度,48.0
20201111,5,PM10_24h,平度,58.0
20201111,5,SO2,平度,10.0
20201111,5,SO2_24h,平度,9.0
20201111,5,NO2,平度,49.0
20201111,5,NO2_24h,平度,40.0
20201111,5,O3,平度,9.0
20201111,5,O3_24h,平度,79.0
20201111,5,O3_8h,平度,9.0
20201111,5,O3_8h_24h,平度,9.0
20201111,5,CO,平度,0.55
20201111,5,CO_24h,平度,0.6
20201111,6,AQI,平度,43.0
20201111,6,PM2.5,平度,28.0
20201111,6,PM2.5_24h,平度,26.0
20201111,6,PM10,平度,43.0
20201111,6,PM10_24h,平度,58.0
20201111,6,SO2,平度,9.0
20201111,6,SO2_24h,平度,9.0
20201111,6,NO2,平度,50.0
20201111,6,NO2_24h,平度,41.0
20201111,6,O3,平度,6.0
20201111,6,O3_24h,平度,79.0
20201111,6,O3_8h,平度,8.0
20201111,6,O3_8h_24h,平度,9.0
20201111,6,CO,平度,0.6
20201111,6,CO_24h,平度,0.6
20201111,8,AQI,平度,52.0
20201111,8,PM2.5,平度,33.0
20201111,8,PM2.5_24h,平度,26.0
20201111,8,PM10,平度,53.0
20201111,8,PM10_24h,平度,59.0
20201111,8,SO2,平度,13.0
20201111,8,SO2_24h,平度,9.0
20201111,8,NO2,平度,56.0
20201111,8,NO2_24h,平度,41.0
20201111,8,O3,平度,7.0
20201111,8,O3_24h,平度,79.0
20201111,8,O3_8h,平度,8.0
20201111,8,O3_8h_24h,平度,9.0
20201111,8,CO,平度,1.05
20201111,8,CO_24h,平度,0.6
20201111,10,AQI,平度,67.0
20201111,10,PM2.5,平度,44.0
20201111,10,PM2.5_24h,平度,27.0
20201111,10,PM10,平度,84.0
20201111,10,PM10_24h,平度,56.0
20201111,10,SO2,平度,16.0
20201111,10,SO2_24h,平度,10.0
20201111,10,NO2,平度,50.0
20201111,10,NO2_24h,平度,42.0
20201111,10,O3,平度,37.0
20201111,10,O3_24h,平度,79.0
20201111,10,O3_8h,平度,12.0
20201111,10,O3_8h_24h,平度,12.0
20201111,10,CO,平度,0.85
20201111,10,CO_24h,平度,0.6
20201111,11,AQI,平度,68.0
20201111,11,PM2.5,平度,45.0
20201111,11,PM2.5_24h,平度,27.0
20201111,11,PM10,平度,85.0
20201111,11,PM10_24h,平度,56.0
20201111,11,SO2,平度,14.0
20201111,11,SO2_24h,平度,9.0
20201111,11,NO2,平度,28.0
20201111,11,NO2_24h,平度,42.0
20201111,11,O3,平度,62.0
20201111,11,O3_24h,平度,79.0
20201111,11,O3_8h,平度,19.0
20201111,11,O3_8h_24h,平度,19.0
20201111,11,CO,平度,0.65
20201111,11,CO_24h,平度,0.6
20201111,12,AQI,平度,62.0
20201111,12,PM2.5,平度,39.0
20201111,12,PM2.5_24h,平度,27.0
20201111,12,PM10,平度,73.0
20201111,12,PM10_24h,平度,56.0
20201111,12,SO2,平度,14.0
20201111,12,SO2_24h,平度,9.0
20201111,12,NO2,平度,19.0
20201111,12,NO2_24h,平度,42.0
20201111,12,O3,平度,94.0
20201111,12,O3_24h,平度,94.0
20201111,12,O3_8h,平度,29.0
20201111,12,O3_8h_24h,平度,29.0
20201111,12,CO,平度,0.65
20201111,12,CO_24h,平度,0.6
20201111,13,AQI,平度,61.0
20201111,13,PM2.5,平度,38.0
20201111,13,PM2.5_24h,平度,28.0
20201111,13,PM10,平度,71.0
20201111,13,PM10_24h,平度,56.0
20201111,13,SO2,平度,14.0
20201111,13,SO2_24h,平度,9.0
20201111,13,NO2,平度,16.0
20201111,13,NO2_24h,平度,42.0
20201111,13,O3,平度,150.0
20201111,13,O3_24h,平度,150.0
20201111,13,O3_8h,平度,47.0
20201111,13,O3_8h_24h,平度,47.0
20201111,13,CO,平度,0.65
20201111,13,CO_24h,平度,0.6
20201111,14,AQI,平度,64.0
20201111,14,PM2.5,平度,42.0
20201111,14,PM2.5_24h,平度,29.0
20201111,14,PM10,平度,78.0
20201111,14,PM10_24h,平度,58.0
20201111,14,SO2,平度,12.0
20201111,14,SO2_24h,平度,10.0
20201111,14,NO2,平度,14.0
20201111,14,NO2_24h,平度,42.0
20201111,14,O3,平度,132.0
20201111,14,O3_24h,平度,150.0
20201111,14,O3_8h,平度,63.0
20201111,14,O3_8h_24h,平度,63.0
20201111,14,CO,平度,0.55
20201111,14,CO_24h,平度,0.6
20201111,15,AQI,平度,66.0
20201111,15,PM2.5,平度,41.0
20201111,15,PM2.5_24h,平度,30.0
20201111,15,PM10,平度,81.0
20201111,15,PM10_24h,平度,60.0
20201111,15,SO2,平度,10.0
20201111,15,SO2_24h,平度,10.0
20201111,15,NO2,平度,18.0
20201111,15,NO2_24h,平度,42.0
20201111,15,O3,平度,114.0
20201111,15,O3_24h,平度,150.0
20201111,15,O3_8h,平度,76.0
20201111,15,O3_8h_24h,平度,76.0
20201111,15,CO,平度,0.55
20201111,15,CO_24h,平度,0.65
20201111,16,AQI,平度,67.0
20201111,16,PM2.5,平度,39.0
20201111,16,PM2.5_24h,平度,32.0
20201111,16,PM10,平度,83.0
20201111,16,PM10_24h,平度,62.0
20201111,16,SO2,平度,10.0
20201111,16,SO2_24h,平度,10.0
20201111,16,NO2,平度,25.0
20201111,16,NO2_24h,平度,43.0
20201111,16,O3,平度,92.0
20201111,16,O3_24h,平度,150.0
20201111,16,O3_8h,平度,87.0
20201111,16,O3_8h_24h,平度,87.0
20201111,16,CO,平度,0.55
20201111,16,CO_24h,平度,0.7
20201111,17,AQI,平度,67.0
20201111,17,PM2.5,平度,35.0
20201111,17,PM2.5_24h,平度,33.0
20201111,17,PM10,平度,83.0
20201111,17,PM10_24h,平度,64.0
20201111,17,SO2,平度,10.0
20201111,17,SO2_24h,平度,10.0
20201111,17,NO2,平度,24.0
20201111,17,NO2_24h,平度,43.0
20201111,17,O3,平度,86.0
20201111,17,O3_24h,平度,150.0
20201111,17,O3_8h,平度,96.0
20201111,17,O3_8h_24h,平度,96.0
20201111,17,CO,平度,0.45
20201111,17,CO_24h,平度,0.7
20201111,18,AQI,平度,62.0
20201111,18,PM2.5,平度,31.0
20201111,18,PM2.5_24h,平度,34.0
20201111,18,PM10,平度,73.0
20201111,18,PM10_24h,平度,66.0
20201111,18,SO2,平度,10.0
20201111,18,SO2_24h,平度,10.0
20201111,18,NO2,平度,31.0
20201111,18,NO2_24h,平度,42.0
20201111,18,O3,平度,74.0
20201111,18,O3_24h,平度,150.0
20201111,18,O3_8h,平度,101.0
20201111,18,O3_8h_24h,平度,101.0
20201111,18,CO,平度,0.55
20201111,18,CO_24h,平度,0.7
20201111,19,AQI,平度,61.0
20201111,19,PM2.5,平度,29.0
20201111,19,PM2.5_24h,平度,34.0
20201111,19,PM10,平度,71.0
20201111,19,PM10_24h,平度,67.0
20201111,19,SO2,平度,10.0
20201111,19,SO2_24h,平度,10.0
20201111,19,NO2,平度,30.0
20201111,19,NO2_24h,平度,41.0
20201111,19,O3,平度,72.0
20201111,19,O3_24h,平度,150.0
20201111,19,O3_8h,平度,102.0
20201111,19,O3_8h_24h,平度,102.0
20201111,19,CO,平度,0.55
20201111,19,CO_24h,平度,0.65
20201111,20,AQI,平度,59.0
20201111,20,PM2.5,平度,29.0
20201111,20,PM2.5_24h,平度,34.0
20201111,20,PM10,平度,68.0
20201111,20,PM10_24h,平度,67.0
20201111,20,SO2,平度,9.0
20201111,20,SO2_24h,平度,10.0
20201111,20,NO2,平度,26.0
20201111,20,NO2_24h,平度,40.0
20201111,20,O3,平度,79.0
20201111,20,O3_24h,平度,150.0
20201111,20,O3_8h,平度,100.0
20201111,20,O3_8h_24h,平度,102.0
20201111,20,CO,平度,0.6
20201111,20,CO_24h,平度,0.65
20201111,21,AQI,平度,57.0
20201111,21,PM2.5,平度,29.0
20201111,21,PM2.5_24h,平度,34.0
20201111,21,PM10,平度,63.0
20201111,21,PM10_24h,平度,67.0
20201111,21,SO2,平度,9.0
20201111,21,SO2_24h,平度,11.0
20201111,21,NO2,平度,34.0
20201111,21,NO2_24h,平度,39.0
20201111,21,O3,平度,62.0
20201111,21,O3_24h,平度,150.0
20201111,21,O3_8h,平度,89.0
20201111,21,O3_8h_24h,平度,102.0
20201111,21,CO,平度,0.6
20201111,21,CO_24h,平度,0.65
20201111,22,AQI,平度,54.0
20201111,22,PM2.5,平度,30.0
20201111,22,PM2.5_24h,平度,34.0
20201111,22,PM10,平度,58.0
20201111,22,PM10_24h,平度,67.0
20201111,22,SO2,平度,9.0
20201111,22,SO2_24h,平度,11.0
20201111,22,NO2,平度,38.0
20201111,22,NO2_24h,平度,39.0
20201111,22,O3,平度,53.0
20201111,22,O3_24h,平度,150.0
20201111,22,O3_8h,平度,79.0
20201111,22,O3_8h_24h,平度,102.0
20201111,22,CO,平度,0.55
20201111,22,CO_24h,平度,0.65
20201111,23,AQI,平度,52.0
20201111,23,PM2.5,平度,31.0
20201111,23,PM2.5_24h,平度,34.0
20201111,23,PM10,平度,53.0
20201111,23,PM10_24h,平度,66.0
20201111,23,SO2,平度,8.0
20201111,23,SO2_24h,平度,11.0
20201111,23,NO2,平度,41.0
20201111,23,NO2_24h,平度,38.0
20201111,23,O3,平度,44.0
20201111,23,O3_24h,平度,150.0
20201111,23,O3_8h,平度,70.0
20201111,23,O3_8h_24h,平度,102.0
20201111,23,CO,平度,0.55
20201111,23,CO_24h,平度,0.65
20201111,0,AQI,招远,69.0
20201111,0,PM2.5,招远,46.0
20201111,0,PM2.5_24h,招远,41.0
20201111,0,PM10,招远,87.0
20201111,0,PM10_24h,招远,72.0
20201111,0,SO2,招远,6.0
20201111,0,SO2_24h,招远,8.0
20201111,0,NO2,招远,49.0
20201111,0,NO2_24h,招远,36.0
20201111,0,O3,招远,8.0
20201111,0,O3_24h,招远,81.0
20201111,0,O3_8h,招远,15.0
20201111,0,O3_8h_24h,招远,62.0
20201111,0,CO,招远,0.9
20201111,0,CO_24h,招远,0.95
20201111,1,AQI,招远,68.0
20201111,1,PM2.5,招远,40.0
20201111,1,PM2.5_24h,招远,40.0
20201111,1,PM10,招远,85.0
20201111,1,PM10_24h,招远,72.0
20201111,1,SO2,招远,6.0
20201111,1,SO2_24h,招远,8.0
20201111,1,NO2,招远,42.0
20201111,1,NO2_24h,招远,37.0
20201111,1,O3,招远,9.0
20201111,1,O3_24h,招远,81.0
20201111,1,O3_8h,招远,9.0
20201111,1,O3_8h_24h,招远,9.0
20201111,1,CO,招远,0.9
20201111,1,CO_24h,招远,0.9
20201111,2,AQI,招远,69.0
20201111,2,PM2.5,招远,50.0
20201111,2,PM2.5_24h,招远,40.0
20201111,2,PM10,招远,85.0
20201111,2,PM10_24h,招远,72.0
20201111,2,SO2,招远,6.0
20201111,2,SO2_24h,招远,8.0
20201111,2,NO2,招远,40.0
20201111,2,NO2_24h,招远,37.0
20201111,2,O3,招远,6.0
20201111,2,O3_24h,招远,81.0
20201111,2,O3_8h,招远,8.0
20201111,2,O3_8h_24h,招远,9.0
20201111,2,CO,招远,1.0
20201111,2,CO_24h,招远,0.9
20201111,3,AQI,招远,79.0
20201111,3,PM2.5,招远,58.0
20201111,3,PM2.5_24h,招远,41.0
20201111,3,PM10,招远,85.0
20201111,3,PM10_24h,招远,73.0
20201111,3,SO2,招远,6.0
20201111,3,SO2_24h,招远,8.0
20201111,3,NO2,招远,38.0
20201111,3,NO2_24h,招远,37.0
20201111,3,O3,招远,5.0
20201111,3,O3_24h,招远,81.0
20201111,3,O3_8h,招远,7.0
20201111,3,O3_8h_24h,招远,9.0
20201111,3,CO,招远,0.9
20201111,3,CO_24h,招远,0.9
20201111,4,AQI,招远,76.0
20201111,4,PM2.5,招远,56.0
20201111,4,PM2.5_24h,招远,42.0
20201111,4,PM10,招远,75.0
20201111,4,PM10_24h,招远,74.0
20201111,4,SO2,招远,6.0
20201111,4,SO2_24h,招远,8.0
20201111,4,NO2,招远,34.0
20201111,4,NO2_24h,招远,37.0
20201111,4,O3,招远,5.0
20201111,4,O3_24h,招远,81.0
20201111,4,O3_8h,招远,6.0
20201111,4,O3_8h_24h,招远,9.0
20201111,4,CO,招远,0.85
20201111,4,CO_24h,招远,0.9
20201111,5,AQI,招远,64.0
20201111,5,PM2.5,招远,46.0
20201111,5,PM2.5_24h,招远,42.0
20201111,5,PM10,招远,71.0
20201111,5,PM10_24h,招远,74.0
20201111,5,SO2,招远,6.0
20201111,5,SO2_24h,招远,8.0
20201111,5,NO2,招远,33.0
20201111,5,NO2_24h,招远,38.0
20201111,5,O3,招远,5.0
20201111,5,O3_24h,招远,81.0
20201111,5,O3_8h,招远,6.0
20201111,5,O3_8h_24h,招远,9.0
20201111,5,CO,招远,0.8
20201111,5,CO_24h,招远,0.9
20201111,6,AQI,招远,61.0
20201111,6,PM2.5,招远,44.0
20201111,6,PM2.5_24h,招远,42.0
20201111,6,PM10,招远,70.0
20201111,6,PM10_24h,招远,75.0
20201111,6,SO2,招远,6.0
20201111,6,SO2_24h,招远,8.0
20201111,6,NO2,招远,31.0
20201111,6,NO2_24h,招远,38.0
20201111,6,O3,招远,5.0
20201111,6,O3_24h,招远,81.0
20201111,6,O3_8h,招远,6.0
20201111,6,O3_8h_24h,招远,9.0
20201111,6,CO,招远,0.75
20201111,6,CO_24h,招远,0.9
20201111,8,AQI,招远,81.0
20201111,8,PM2.5,招远,60.0
20201111,8,PM2.5_24h,招远,43.0
20201111,8,PM10,招远,98.0
20201111,8,PM10_24h,招远,76.0
20201111,8,SO2,招远,7.0
20201111,8,SO2_24h,招远,8.0
20201111,8,NO2,招远,39.0
20201111,8,NO2_24h,招远,38.0
20201111,8,O3,招远,6.0
20201111,8,O3_24h,招远,81.0
20201111,8,O3_8h,招远,6.0
20201111,8,O3_8h_24h,招远,9.0
20201111,8,CO,招远,1.15
20201111,8,CO_24h,招远,0.9
20201111,10,AQI,招远,75.0
20201111,10,PM2.5,招远,55.0
20201111,10,PM2.5_24h,招远,42.0
20201111,10,PM10,招远,87.0
20201111,10,PM10_24h,招远,74.0
20201111,10,SO2,招远,10.0
20201111,10,SO2_24h,招远,8.0
20201111,10,NO2,招远,48.0
20201111,10,NO2_24h,招远,38.0
20201111,10,O3,招远,21.0
20201111,10,O3_24h,招远,81.0
20201111,10,O3_8h,招远,8.0
20201111,10,O3_8h_24h,招远,10.0
20201111,10,CO,招远,0.9
20201111,10,CO_24h,招远,0.9
20201111,11,AQI,招远,65.0
20201111,11,PM2.5,招远,46.0
20201111,11,PM2.5_24h,招远,43.0
20201111,11,PM10,招远,79.0
20201111,11,PM10_24h,招远,75.0
20201111,11,SO2,招远,11.0
20201111,11,SO2_24h,招远,8.0
20201111,11,NO2,招远,28.0
20201111,11,NO2_24h,招远,38.0
20201111,11,O3,招远,61.0
20201111,11,O3_24h,招远,81.0
20201111,11,O3_8h,招远,15.0
20201111,11,O3_8h_24h,招远,15.0
20201111,11,CO,招远,0.65
20201111,11,CO_24h,招远,0.9
20201111,12,AQI,招远,62.0
20201111,12,PM2.5,招远,34.0
20201111,12,PM2.5_24h,招远,44.0
20201111,12,PM10,招远,73.0
20201111,12,PM10_24h,招远,77.0
20201111,12,SO2,招远,11.0
20201111,12,SO2_24h,招远,8.0
20201111,12,NO2,招远,22.0
20201111,12,NO2_24h,招远,38.0
20201111,12,O3,招远,83.0
20201111,12,O3_24h,招远,83.0
20201111,12,O3_8h,招远,25.0
20201111,12,O3_8h_24h,招远,25.0
20201111,12,CO,招远,0.65
20201111,12,CO_24h,招远,0.9
20201111,13,AQI,招远,60.0
20201111,13,PM2.5,招远,28.0
20201111,13,PM2.5_24h,招远,45.0
20201111,13,PM10,招远,70.0
20201111,13,PM10_24h,招远,79.0
20201111,13,SO2,招远,12.0
20201111,13,SO2_24h,招远,8.0
20201111,13,NO2,招远,19.0
20201111,13,NO2_24h,招远,39.0
20201111,13,O3,招远,97.0
20201111,13,O3_24h,招远,97.0
20201111,13,O3_8h,招远,37.0
20201111,13,O3_8h_24h,招远,37.0
20201111,13,CO,招远,0.6
20201111,13,CO_24h,招远,0.9
20201111,14,AQI,招远,65.0
20201111,14,PM2.5,招远,37.0
20201111,14,PM2.5_24h,招远,46.0
20201111,14,PM10,招远,79.0
20201111,14,PM10_24h,招远,82.0
20201111,14,SO2,招远,11.0
20201111,14,SO2_24h,招远,8.0
20201111,14,NO2,招远,21.0
20201111,14,NO2_24h,招远,39.0
20201111,14,O3,招远,98.0
20201111,14,O3_24h,招远,99.0
20201111,14,O3_8h,招远,48.0
20201111,14,O3_8h_24h,招远,48.0
20201111,14,CO,招远,0.6
20201111,14,CO_24h,招远,0.9
20201111,15,AQI,招远,64.0
20201111,15,PM2.5,招远,40.0
20201111,15,PM2.5_24h,招远,48.0
20201111,15,PM10,招远,78.0
20201111,15,PM10_24h,招远,85.0
20201111,15,SO2,招远,10.0
20201111,15,SO2_24h,招远,9.0
20201111,15,NO2,招远,23.0
20201111,15,NO2_24h,招远,40.0
20201111,15,O3,招远,106.0
20201111,15,O3_24h,招远,106.0
20201111,15,O3_8h,招远,61.0
20201111,15,O3_8h_24h,招远,61.0
20201111,15,CO,招远,0.55
20201111,15,CO_24h,招远,0.9
20201111,16,AQI,招远,69.0
20201111,16,PM2.5,招远,45.0
20201111,16,PM2.5_24h,招远,49.0
20201111,16,PM10,招远,88.0
20201111,16,PM10_24h,招远,87.0
20201111,16,SO2,招远,10.0
20201111,16,SO2_24h,招远,8.0
20201111,16,NO2,招远,33.0
20201111,16,NO2_24h,招远,40.0
20201111,16,O3,招远,99.0
20201111,16,O3_24h,招远,106.0
20201111,16,O3_8h,招远,73.0
20201111,16,O3_8h_24h,招远,73.0
20201111,16,CO,招远,0.6
20201111,16,CO_24h,招远,0.9
20201111,17,AQI,招远,70.0
20201111,17,PM2.5,招远,51.0
20201111,17,PM2.5_24h,招远,50.0
20201111,17,PM10,招远,90.0
20201111,17,PM10_24h,招远,89.0
20201111,17,SO2,招远,9.0
20201111,17,SO2_24h,招远,8.0
20201111,17,NO2,招远,35.0
20201111,17,NO2_24h,招远,40.0
20201111,17,O3,招远,85.0
20201111,17,O3_24h,招远,106.0
20201111,17,O3_8h,招远,81.0
20201111,17,O3_8h_24h,招远,81.0
20201111,17,CO,招远,0.6
20201111,17,CO_24h,招远,0.9
20201111,18,AQI,招远,70.0
20201111,18,PM2.5,招远,46.0
20201111,18,PM2.5_24h,招远,51.0
20201111,18,PM10,招远,89.0
20201111,18,PM10_24h,招远,89.0
20201111,18,SO2,招远,8.0
20201111,18,SO2_24h,招远,8.0
20201111,18,NO2,招远,28.0
20201111,18,NO2_24h,招远,38.0
20201111,18,O3,招远,79.0
20201111,18,O3_24h,招远,106.0
20201111,18,O3_8h,招远,88.0
20201111,18,O3_8h_24h,招远,88.0
20201111,18,CO,招远,0.55
20201111,18,CO_24h,招远,0.9
20201111,19,AQI,招远,60.0
20201111,19,PM2.5,招远,33.0
20201111,19,PM2.5_24h,招远,48.0
20201111,19,PM10,招远,70.0
20201111,19,PM10_24h,招远,85.0
20201111,19,SO2,招远,6.0
20201111,19,SO2_24h,招远,8.0
20201111,19,NO2,招远,25.0
20201111,19,NO2_24h,招远,36.0
20201111,19,O3,招远,71.0
20201111,19,O3_24h,招远,106.0
20201111,19,O3_8h,招远,90.0
20201111,19,O3_8h_24h,招远,90.0
20201111,19,CO,招远,0.5
20201111,19,CO_24h,招远,0.8
20201111,20,AQI,招远,56.0
20201111,20,PM2.5,招远,31.0
20201111,20,PM2.5_24h,招远,47.0
20201111,20,PM10,招远,61.0
20201111,20,PM10_24h,招远,82.0
20201111,20,SO2,招远,6.0
20201111,20,SO2_24h,招远,8.0
20201111,20,NO2,招远,30.0
20201111,20,NO2_24h,招远,35.0
20201111,20,O3,招远,55.0
20201111,20,O3_24h,招远,106.0
20201111,20,O3_8h,招远,86.0
20201111,20,O3_8h_24h,招远,90.0
20201111,20,CO,招远,0.6
20201111,20,CO_24h,招远,0.75
20201111,21,AQI,招远,57.0
20201111,21,PM2.5,招远,32.0
20201111,21,PM2.5_24h,招远,46.0
20201111,21,PM10,招远,63.0
20201111,21,PM10_24h,招远,82.0
20201111,21,SO2,招远,6.0
20201111,21,SO2_24h,招远,8.0
20201111,21,NO2,招远,34.0
20201111,21,NO2_24h,招远,35.0
20201111,21,O3,招远,46.0
20201111,21,O3_24h,招远,106.0
20201111,21,O3_8h,招远,80.0
20201111,21,O3_8h_24h,招远,90.0
20201111,21,CO,招远,0.6
20201111,21,CO_24h,招远,0.75
20201111,22,AQI,招远,56.0
20201111,22,PM2.5,招远,30.0
20201111,22,PM2.5_24h,招远,45.0
20201111,22,PM10,招远,61.0
20201111,22,PM10_24h,招远,79.0
20201111,22,SO2,招远,6.0
20201111,22,SO2_24h,招远,8.0
20201111,22,NO2,招远,29.0
20201111,22,NO2_24h,招远,34.0
20201111,22,O3,招远,49.0
20201111,22,O3_24h,招远,106.0
20201111,22,O3_8h,招远,74.0
20201111,22,O3_8h_24h,招远,90.0
20201111,22,CO,招远,0.5
20201111,22,CO_24h,招远,0.75
20201111,23,AQI,招远,53.0
20201111,23,PM2.5,招远,28.0
20201111,23,PM2.5_24h,招远,44.0
20201111,23,PM10,招远,56.0
20201111,23,PM10_24h,招远,77.0
20201111,23,SO2,招远,6.0
20201111,23,SO2_24h,招远,8.0
20201111,23,NO2,招远,31.0
20201111,23,NO2_24h,招远,33.0
20201111,23,O3,招远,44.0
20201111,23,O3_24h,招远,106.0
20201111,23,O3_8h,招远,66.0
20201111,23,O3_8h_24h,招远,90.0
20201111,23,CO,招远,0.55
20201111,23,CO_24h,招远,0.75
20201111,0,AQI,莱州,51.0
20201111,0,PM2.5,莱州,24.0
20201111,0,PM2.5_24h,莱州,29.0
20201111,0,PM10,莱州,51.0
20201111,0,PM10_24h,莱州,60.0
20201111,0,SO2,莱州,12.0
20201111,0,SO2_24h,莱州,12.0
20201111,0,NO2,莱州,61.0
20201111,0,NO2_24h,莱州,48.0
20201111,0,O3,莱州,18.0
20201111,0,O3_24h,莱州,79.0
20201111,0,O3_8h,莱州,12.0
20201111,0,O3_8h_24h,莱州,63.0
20201111,0,CO,莱州,0.6
20201111,0,CO_24h,莱州,0.9
20201111,1,AQI,莱州,39.0
20201111,1,PM2.5,莱州,18.0
20201111,1,PM2.5_24h,莱州,29.0
20201111,1,PM10,莱州,39.0
20201111,1,PM10_24h,莱州,59.0
20201111,1,SO2,莱州,10.0
20201111,1,SO2_24h,莱州,12.0
20201111,1,NO2,莱州,36.0
20201111,1,NO2_24h,莱州,48.0
20201111,1,O3,莱州,45.0
20201111,1,O3_24h,莱州,79.0
20201111,1,O3_8h,莱州,45.0
20201111,1,O3_8h_24h,莱州,45.0
20201111,1,CO,莱州,0.5
20201111,1,CO_24h,莱州,0.85
20201111,2,AQI,莱州,30.0
20201111,2,PM2.5,莱州,17.0
20201111,2,PM2.5_24h,莱州,29.0
20201111,2,PM10,莱州,30.0
20201111,2,PM10_24h,莱州,58.0
20201111,2,SO2,莱州,10.0
20201111,2,SO2_24h,莱州,12.0
20201111,2,NO2,莱州,26.0
20201111,2,NO2_24h,莱州,47.0
20201111,2,O3,莱州,55.0
20201111,2,O3_24h,莱州,79.0
20201111,2,O3_8h,莱州,50.0
20201111,2,O3_8h_24h,莱州,50.0
20201111,2,CO,莱州,0.5
20201111,2,CO_24h,莱州,0.85
20201111,3,AQI,莱州,29.0
20201111,3,PM2.5,莱州,15.0
20201111,3,PM2.5_24h,莱州,28.0
20201111,3,PM10,莱州,29.0
20201111,3,PM10_24h,莱州,58.0
20201111,3,SO2,莱州,9.0
20201111,3,SO2_24h,莱州,12.0
20201111,3,NO2,莱州,19.0
20201111,3,NO2_24h,莱州,46.0
20201111,3,O3,莱州,66.0
20201111,3,O3_24h,莱州,79.0
20201111,3,O3_8h,莱州,56.0
20201111,3,O3_8h_24h,莱州,56.0
20201111,3,CO,莱州,0.45
20201111,3,CO_24h,莱州,0.8
20201111,4,AQI,莱州,24.0
20201111,4,PM2.5,莱州,12.0
20201111,4,PM2.5_24h,莱州,27.0
20201111,4,PM10,莱州,24.0
20201111,4,PM10_24h,莱州,58.0
20201111,4,SO2,莱州,8.0
20201111,4,SO2_24h,莱州,12.0
20201111,4,NO2,莱州,17.0
20201111,4,NO2_24h,莱州,45.0
20201111,4,O3,莱州,71.0
20201111,4,O3_24h,莱州,79.0
20201111,4,O3_8h,莱州,59.0
20201111,4,O3_8h_24h,莱州,59.0
20201111,4,CO,莱州,0.4
20201111,4,CO_24h,莱州,0.8
20201111,5,AQI,莱州,24.0
20201111,5,PM2.5,莱州,13.0
20201111,5,PM2.5_24h,莱州,27.0
20201111,5,PM10,莱州,24.0
20201111,5,PM10_24h,莱州,57.0
20201111,5,SO2,莱州,11.0
20201111,5,SO2_24h,莱州,12.0
20201111,5,NO2,莱州,20.0
20201111,5,NO2_24h,莱州,44.0
20201111,5,O3,莱州,67.0
20201111,5,O3_24h,莱州,79.0
20201111,5,O3_8h,莱州,61.0
20201111,5,O3_8h_24h,莱州,61.0
20201111,5,CO,莱州,0.45
20201111,5,CO_24h,莱州,0.8
20201111,6,AQI,莱州,31.0
20201111,6,PM2.5,莱州,14.0
20201111,6,PM2.5_24h,莱州,27.0
20201111,6,PM10,莱州,31.0
20201111,6,PM10_24h,莱州,57.0
20201111,6,SO2,莱州,14.0
20201111,6,SO2_24h,莱州,12.0
20201111,6,NO2,莱州,25.0
20201111,6,NO2_24h,莱州,43.0
20201111,6,O3,莱州,60.0
20201111,6,O3_24h,莱州,79.0
20201111,6,O3_8h,莱州,61.0
20201111,6,O3_8h_24h,莱州,61.0
20201111,6,CO,莱州,0.6
20201111,6,CO_24h,莱州,0.8
20201111,8,AQI,莱州,39.0
20201111,8,PM2.5,莱州,17.0
20201111,8,PM2.5_24h,莱州,26.0
20201111,8,PM10,莱州,39.0
20201111,8,PM10_24h,莱州,57.0
20201111,8,SO2,莱州,14.0
20201111,8,SO2_24h,莱州,12.0
20201111,8,NO2,莱州,34.0
20201111,8,NO2_24h,莱州,42.0
20201111,8,O3,莱州,55.0
20201111,8,O3_24h,莱州,79.0
20201111,8,O3_8h,莱州,60.0
20201111,8,O3_8h_24h,莱州,61.0
20201111,8,CO,莱州,0.7
20201111,8,CO_24h,莱州,0.75
20201111,10,AQI,莱州,55.0
20201111,10,PM2.5,莱州,19.0
20201111,10,PM2.5_24h,莱州,25.0
20201111,10,PM10,莱州,59.0
20201111,10,PM10_24h,莱州,53.0
20201111,10,SO2,莱州,13.0
20201111,10,SO2_24h,莱州,12.0
20201111,10,NO2,莱州,30.0
20201111,10,NO2_24h,莱州,40.0
20201111,10,O3,莱州,66.0
20201111,10,O3_24h,莱州,79.0
20201111,10,O3_8h,莱州,62.0
20201111,10,O3_8h_24h,莱州,63.0
20201111,10,CO,莱州,0.65
20201111,10,CO_24h,莱州,0.75
20201111,11,AQI,莱州,58.0
20201111,11,PM2.5,莱州,23.0
20201111,11,PM2.5_24h,莱州,25.0
20201111,11,PM10,莱州,66.0
20201111,11,PM10_24h,莱州,54.0
20201111,11,SO2,莱州,14.0
20201111,11,SO2_24h,莱州,12.0
20201111,11,NO2,莱州,22.0
20201111,11,NO2_24h,莱州,40.0
20201111,11,O3,莱州,87.0
20201111,11,O3_24h,莱州,87.0
20201111,11,O3_8h,莱州,64.0
20201111,11,O3_8h_24h,莱州,64.0
20201111,11,CO,莱州,0.8
20201111,11,CO_24h,莱州,0.75
20201111,12,AQI,莱州,63.0
20201111,12,PM2.5,莱州,31.0
20201111,12,PM2.5_24h,莱州,26.0
20201111,12,PM10,莱州,76.0
20201111,12,PM10_24h,莱州,56.0
20201111,12,SO2,莱州,14.0
20201111,12,SO2_24h,莱州,13.0
20201111,12,NO2,莱州,24.0
20201111,12,NO2_24h,莱州,40.0
20201111,12,O3,莱州,97.0
20201111,12,O3_24h,莱州,97.0
20201111,12,O3_8h,莱州,68.0
20201111,12,O3_8h_24h,莱州,68.0
20201111,12,CO,莱州,0.85
20201111,12,CO_24h,莱州,0.75
20201111,13,AQI,莱州,68.0
20201111,13,PM2.5,莱州,32.0
20201111,13,PM2.5_24h,莱州,26.0
20201111,13,PM10,莱州,85.0
20201111,13,PM10_24h,莱州,58.0
20201111,13,SO2,莱州,14.0
20201111,13,SO2_24h,莱州,13.0
20201111,13,NO2,莱州,22.0
20201111,13,NO2_24h,莱州,41.0
20201111,13,O3,莱州,112.0
20201111,13,O3_24h,莱州,112.0
20201111,13,O3_8h,莱州,74.0
20201111,13,O3_8h_24h,莱州,74.0
20201111,13,CO,莱州,0.75
20201111,13,CO_24h,莱州,0.75
20201111,14,AQI,莱州,74.0
20201111,14,PM2.5,莱州,47.0
20201111,14,PM2.5_24h,莱州,28.0
20201111,14,PM10,莱州,98.0
20201111,14,PM10_24h,莱州,61.0
20201111,14,SO2,莱州,14.0
20201111,14,SO2_24h,莱州,13.0
20201111,14,NO2,莱州,22.0
20201111,14,NO2_24h,莱州,41.0
20201111,14,O3,莱州,149.0
20201111,14,O3_24h,莱州,149.0
20201111,14,O3_8h,莱州,85.0
20201111,14,O3_8h_24h,莱州,85.0
20201111,14,CO,莱州,0.65
20201111,14,CO_24h,莱州,0.75
20201111,15,AQI,莱州,76.0
20201111,15,PM2.5,莱州,54.0
20201111,15,PM2.5_24h,莱州,29.0
20201111,15,PM10,莱州,102.0
20201111,15,PM10_24h,莱州,64.0
20201111,15,SO2,莱州,14.0
20201111,15,SO2_24h,莱州,13.0
20201111,15,NO2,莱州,25.0
20201111,15,NO2_24h,莱州,41.0
20201111,15,O3,莱州,154.0
20201111,15,O3_24h,莱州,156.0
20201111,15,O3_8h,莱州,96.0
20201111,15,O3_8h_24h,莱州,96.0
20201111,15,CO,莱州,0.65
20201111,15,CO_24h,莱州,0.8
20201111,16,AQI,莱州,76.0
20201111,16,PM2.5,莱州,45.0
20201111,16,PM2.5_24h,莱州,30.0
20201111,16,PM10,莱州,101.0
20201111,16,PM10_24h,莱州,66.0
20201111,16,SO2,莱州,12.0
20201111,16,SO2_24h,莱州,13.0
20201111,16,NO2,莱州,27.0
20201111,16,NO2_24h,莱州,41.0
20201111,16,O3,莱州,127.0
20201111,16,O3_24h,莱州,156.0
20201111,16,O3_8h,莱州,105.0
20201111,16,O3_8h_24h,莱州,105.0
20201111,16,CO,莱州,0.65
20201111,16,CO_24h,莱州,0.75
20201111,17,AQI,莱州,71.0
20201111,17,PM2.5,莱州,39.0
20201111,17,PM2.5_24h,莱州,30.0
20201111,17,PM10,莱州,91.0
20201111,17,PM10_24h,莱州,67.0
20201111,17,SO2,莱州,12.0
20201111,17,SO2_24h,莱州,13.0
20201111,17,NO2,莱州,39.0
20201111,17,NO2_24h,莱州,40.0
20201111,17,O3,莱州,95.0
20201111,17,O3_24h,莱州,156.0
20201111,17,O3_8h,莱州,111.0
20201111,17,O3_8h_24h,莱州,111.0
20201111,17,CO,莱州,0.65
20201111,17,CO_24h,莱州,0.75
20201111,18,AQI,莱州,69.0
20201111,18,PM2.5,莱州,37.0
20201111,18,PM2.5_24h,莱州,30.0
20201111,18,PM10,莱州,87.0
20201111,18,PM10_24h,莱州,67.0
20201111,18,SO2,莱州,12.0
20201111,18,SO2_24h,莱州,13.0
20201111,18,NO2,莱州,39.0
20201111,18,NO2_24h,莱州,38.0
20201111,18,O3,莱州,80.0
20201111,18,O3_24h,莱州,156.0
20201111,18,O3_8h,莱州,113.0
20201111,18,O3_8h_24h,莱州,113.0
20201111,18,CO,莱州,0.65
20201111,18,CO_24h,莱州,0.75
20201111,19,AQI,莱州,60.0
20201111,19,PM2.5,莱州,31.0
20201111,19,PM2.5_24h,莱州,28.0
20201111,19,PM10,莱州,69.0
20201111,19,PM10_24h,莱州,64.0
20201111,19,SO2,莱州,13.0
20201111,19,SO2_24h,莱州,13.0
20201111,19,NO2,莱州,30.0
20201111,19,NO2_24h,莱州,36.0
20201111,19,O3,莱州,83.0
20201111,19,O3_24h,莱州,156.0
20201111,19,O3_8h,莱州,112.0
20201111,19,O3_8h_24h,莱州,113.0
20201111,19,CO,莱州,0.55
20201111,19,CO_24h,莱州,0.7
20201111,20,AQI,莱州,56.0
20201111,20,PM2.5,莱州,27.0
20201111,20,PM2.5_24h,莱州,27.0
20201111,20,PM10,莱州,62.0
20201111,20,PM10_24h,莱州,62.0
20201111,20,SO2,莱州,13.0
20201111,20,SO2_24h,莱州,13.0
20201111,20,NO2,莱州,27.0
20201111,20,NO2_24h,莱州,34.0
20201111,20,O3,莱州,86.0
20201111,20,O3_24h,莱州,156.0
20201111,20,O3_8h,莱州,111.0
20201111,20,O3_8h_24h,莱州,113.0
20201111,20,CO,莱州,0.55
20201111,20,CO_24h,莱州,0.65
20201111,21,AQI,莱州,54.0
20201111,21,PM2.5,莱州,23.0
20201111,21,PM2.5_24h,莱州,27.0
20201111,21,PM10,莱州,58.0
20201111,21,PM10_24h,莱州,61.0
20201111,21,SO2,莱州,11.0
20201111,21,SO2_24h,莱州,13.0
20201111,21,NO2,莱州,29.0
20201111,21,NO2_24h,莱州,33.0
20201111,21,O3,莱州,86.0
20201111,21,O3_24h,莱州,156.0
20201111,21,O3_8h,莱州,108.0
20201111,21,O3_8h_24h,莱州,113.0
20201111,21,CO,莱州,0.6
20201111,21,CO_24h,莱州,0.65
20201111,22,AQI,莱州,49.0
20201111,22,PM2.5,莱州,24.0
20201111,22,PM2.5_24h,莱州,26.0
20201111,22,PM10,莱州,49.0
20201111,22,PM10_24h,莱州,59.0
20201111,22,SO2,莱州,10.0
20201111,22,SO2_24h,莱州,12.0
20201111,22,NO2,莱州,20.0
20201111,22,NO2_24h,莱州,31.0
20201111,22,O3,莱州,95.0
20201111,22,O3_24h,莱州,156.0
20201111,22,O3_8h,莱州,101.0
20201111,22,O3_8h_24h,莱州,113.0
20201111,22,CO,莱州,0.5
20201111,22,CO_24h,莱州,0.65
20201111,23,AQI,莱州,37.0
20201111,23,PM2.5,莱州,14.0
20201111,23,PM2.5_24h,莱州,26.0
20201111,23,PM10,莱州,37.0
20201111,23,PM10_24h,莱州,58.0
20201111,23,SO2,莱州,8.0
20201111,23,SO2_24h,莱州,12.0
20201111,23,NO2,莱州,15.0
20201111,23,NO2_24h,莱州,28.0
20201111,23,O3,莱州,91.0
20201111,23,O3_24h,莱州,156.0
20201111,23,O3_8h,莱州,93.0
20201111,23,O3_8h_24h,莱州,113.0
20201111,23,CO,莱州,0.4
20201111,23,CO_24h,莱州,0.6
20201111,0,AQI,荣成,21.0
20201111,0,PM2.5,荣成,10.0
20201111,0,PM2.5_24h,荣成,10.0
20201111,0,PM10,荣成,18.0
20201111,0,PM10_24h,荣成,24.0
20201111,0,SO2,荣成,4.0
20201111,0,SO2_24h,荣成,5.0
20201111,0,NO2,荣成,18.0
20201111,0,NO2_24h,荣成,23.0
20201111,0,O3,荣成,66.0
20201111,0,O3_24h,荣成,73.0
20201111,0,O3_8h,荣成,60.0
20201111,0,O3_8h_24h,荣成,66.0
20201111,0,CO,荣成,0.5
20201111,0,CO_24h,荣成,0.55
20201111,1,AQI,荣成,22.0
20201111,1,PM2.5,荣成,15.0
20201111,1,PM2.5_24h,荣成,10.0
20201111,1,PM10,荣成,18.0
20201111,1,PM10_24h,荣成,24.0
20201111,1,SO2,荣成,4.0
20201111,1,SO2_24h,荣成,5.0
20201111,1,NO2,荣成,17.0
20201111,1,NO2_24h,荣成,23.0
20201111,1,O3,荣成,70.0
20201111,1,O3_24h,荣成,73.0
20201111,1,O3_8h,荣成,70.0
20201111,1,O3_8h_24h,荣成,70.0
20201111,1,CO,荣成,0.5
20201111,1,CO_24h,荣成,0.6
20201111,2,AQI,荣成,23.0
20201111,2,PM2.5,荣成,10.0
20201111,2,PM2.5_24h,荣成,10.0
20201111,2,PM10,荣成,17.0
20201111,2,PM10_24h,荣成,24.0
20201111,2,SO2,荣成,4.0
20201111,2,SO2_24h,荣成,5.0
20201111,2,NO2,荣成,16.0
20201111,2,NO2_24h,荣成,23.0
20201111,2,O3,荣成,72.0
20201111,2,O3_24h,荣成,73.0
20201111,2,O3_8h,荣成,71.0
20201111,2,O3_8h_24h,荣成,71.0
20201111,2,CO,荣成,0.4
20201111,2,CO_24h,荣成,0.6
20201111,3,AQI,荣成,23.0
20201111,3,PM2.5,荣成,6.0
20201111,3,PM2.5_24h,荣成,10.0
20201111,3,PM10,荣成,16.0
20201111,3,PM10_24h,荣成,24.0
20201111,3,SO2,荣成,3.0
20201111,3,SO2_24h,荣成,5.0
20201111,3,NO2,荣成,15.0
20201111,3,NO2_24h,荣成,23.0
20201111,3,O3,荣成,74.0
20201111,3,O3_24h,荣成,74.0
20201111,3,O3_8h,荣成,72.0
20201111,3,O3_8h_24h,荣成,72.0
20201111,3,CO,荣成,0.4
20201111,3,CO_24h,荣成,0.6
20201111,4,AQI,荣成,23.0
20201111,4,PM2.5,荣成,9.0
20201111,4,PM2.5_24h,荣成,10.0
20201111,4,PM10,荣成,23.0
20201111,4,PM10_24h,荣成,24.0
20201111,4,SO2,荣成,4.0
20201111,4,SO2_24h,荣成,5.0
20201111,4,NO2,荣成,15.0
20201111,4,NO2_24h,荣成,23.0
20201111,4,O3,荣成,74.0
20201111,4,O3_24h,荣成,74.0
20201111,4,O3_8h,荣成,72.0
20201111,4,O3_8h_24h,荣成,72.0
20201111,4,CO,荣成,0.4
20201111,4,CO_24h,荣成,0.55
20201111,5,AQI,荣成,23.0
20201111,5,PM2.5,荣成,6.0
20201111,5,PM2.5_24h,荣成,10.0
20201111,5,PM10,荣成,13.0
20201111,5,PM10_24h,荣成,24.0
20201111,5,SO2,荣成,3.0
20201111,5,SO2_24h,荣成,5.0
20201111,5,NO2,荣成,15.0
20201111,5,NO2_24h,荣成,22.0
20201111,5,O3,荣成,75.0
20201111,5,O3_24h,荣成,75.0
20201111,5,O3_8h,荣成,73.0
20201111,5,O3_8h_24h,荣成,73.0
20201111,5,CO,荣成,0.4
20201111,5,CO_24h,荣成,0.55
20201111,6,AQI,荣成,24.0
20201111,6,PM2.5,荣成,6.0
20201111,6,PM2.5_24h,荣成,10.0
20201111,6,PM10,荣成,15.0
20201111,6,PM10_24h,荣成,24.0
20201111,6,SO2,荣成,4.0
20201111,6,SO2_24h,荣成,5.0
20201111,6,NO2,荣成,15.0
20201111,6,NO2_24h,荣成,22.0
20201111,6,O3,荣成,76.0
20201111,6,O3_24h,荣成,76.0
20201111,6,O3_8h,荣成,73.0
20201111,6,O3_8h_24h,荣成,73.0
20201111,6,CO,荣成,0.4
20201111,6,CO_24h,荣成,0.55
20201111,8,AQI,荣成,22.0
20201111,8,PM2.5,荣成,8.0
20201111,8,PM2.5_24h,荣成,10.0
20201111,8,PM10,荣成,12.0
20201111,8,PM10_24h,荣成,24.0
20201111,8,SO2,荣成,4.0
20201111,8,SO2_24h,荣成,4.0
20201111,8,NO2,荣成,23.0
20201111,8,NO2_24h,荣成,22.0
20201111,8,O3,荣成,69.0
20201111,8,O3_24h,荣成,76.0
20201111,8,O3_8h,荣成,73.0
20201111,8,O3_8h_24h,荣成,73.0
20201111,8,CO,荣成,0.5
20201111,8,CO_24h,荣成,0.55
20201111,10,AQI,荣成,27.0
20201111,10,PM2.5,荣成,15.0
20201111,10,PM2.5_24h,荣成,11.0
20201111,10,PM10,荣成,27.0
20201111,10,PM10_24h,荣成,24.0
20201111,10,SO2,荣成,4.0
20201111,10,SO2_24h,荣成,4.0
20201111,10,NO2,荣成,44.0
20201111,10,NO2_24h,荣成,22.0
20201111,10,O3,荣成,50.0
20201111,10,O3_24h,荣成,76.0
20201111,10,O3_8h,荣成,68.0
20201111,10,O3_8h_24h,荣成,74.0
20201111,10,CO,荣成,0.65
20201111,10,CO_24h,荣成,0.55
20201111,11,AQI,荣成,36.0
20201111,11,PM2.5,荣成,17.0
20201111,11,PM2.5_24h,荣成,11.0
20201111,11,PM10,荣成,36.0
20201111,11,PM10_24h,荣成,25.0
20201111,11,SO2,荣成,4.0
20201111,11,SO2_24h,荣成,4.0
20201111,11,NO2,荣成,28.0
20201111,11,NO2_24h,荣成,22.0
20201111,11,O3,荣成,71.0
20201111,11,O3_24h,荣成,81.0
20201111,11,O3_8h,荣成,68.0
20201111,11,O3_8h_24h,荣成,74.0
20201111,11,CO,荣成,0.5
20201111,11,CO_24h,荣成,0.5
20201111,12,AQI,荣成,27.0
20201111,12,PM2.5,荣成,14.0
20201111,12,PM2.5_24h,荣成,11.0
20201111,12,PM10,荣成,23.0
20201111,12,PM10_24h,荣成,25.0
20201111,12,SO2,荣成,5.0
20201111,12,SO2_24h,荣成,4.0
20201111,12,NO2,荣成,13.0
20201111,12,NO2_24h,荣成,22.0
20201111,12,O3,荣成,85.0
20201111,12,O3_24h,荣成,85.0
20201111,12,O3_8h,荣成,69.0
20201111,12,O3_8h_24h,荣成,74.0
20201111,12,CO,荣成,0.5
20201111,12,CO_24h,荣成,0.5
20201111,13,AQI,荣成,36.0
20201111,13,PM2.5,荣成,25.0
20201111,13,PM2.5_24h,荣成,12.0
20201111,13,PM10,荣成,18.0
20201111,13,PM10_24h,荣成,24.0
20201111,13,SO2,荣成,4.0
20201111,13,SO2_24h,荣成,4.0
20201111,13,NO2,荣成,15.0
20201111,13,NO2_24h,荣成,22.0
20201111,13,O3,荣成,99.0
20201111,13,O3_24h,荣成,87.0
20201111,13,O3_8h,荣成,70.0
20201111,13,O3_8h_24h,荣成,76.0
20201111,13,CO,荣成,0.3
20201111,13,CO_24h,荣成,0.5
20201111,14,AQI,荣成,32.0
20201111,14,PM2.5,荣成,12.0
20201111,14,PM2.5_24h,荣成,12.0
20201111,14,PM10,荣成,11.0
20201111,14,PM10_24h,荣成,24.0
20201111,14,SO2,荣成,4.0
20201111,14,SO2_24h,荣成,4.0
20201111,14,NO2,荣成,13.0
20201111,14,NO2_24h,荣成,22.0
20201111,14,O3,荣成,101.0
20201111,14,O3_24h,荣成,88.0
20201111,14,O3_8h,荣成,71.0
20201111,14,O3_8h_24h,荣成,77.0
20201111,14,CO,荣成,0.25
20201111,14,CO_24h,荣成,0.5
20201111,15,AQI,荣成,31.0
20201111,15,PM2.5,荣成,6.0
20201111,15,PM2.5_24h,荣成,12.0
20201111,15,PM10,荣成,14.0
20201111,15,PM10_24h,荣成,24.0
20201111,15,SO2,荣成,4.0
20201111,15,SO2_24h,荣成,4.0
20201111,15,NO2,荣成,14.0
20201111,15,NO2_24h,荣成,22.0
20201111,15,O3,荣成,99.0
20201111,15,O3_24h,荣成,88.0
20201111,15,O3_8h,荣成,71.0
20201111,15,O3_8h_24h,荣成,79.0
20201111,15,CO,荣成,0.25
20201111,15,CO_24h,荣成,0.5
20201111,16,AQI,荣成,31.0
20201111,16,PM2.5,荣成,6.0
20201111,16,PM2.5_24h,荣成,12.0
20201111,16,PM10,荣成,15.0
20201111,16,PM10_24h,荣成,23.0
20201111,16,SO2,荣成,5.0
20201111,16,SO2_24h,荣成,4.0
20201111,16,NO2,荣成,14.0
20201111,16,NO2_24h,荣成,21.0
20201111,16,O3,荣成,99.0
20201111,16,O3_24h,荣成,88.0
20201111,16,O3_8h,荣成,70.0
20201111,16,O3_8h_24h,荣成,80.0
20201111,16,CO,荣成,0.25
20201111,16,CO_24h,荣成,0.5
20201111,17,AQI,荣成,27.0
20201111,17,PM2.5,荣成,5.0
20201111,17,PM2.5_24h,荣成,12.0
20201111,17,PM10,荣成,20.0
20201111,17,PM10_24h,荣成,23.0
20201111,17,SO2,荣成,4.0
20201111,17,SO2_24h,荣成,4.0
20201111,17,NO2,荣成,17.0
20201111,17,NO2_24h,荣成,21.0
20201111,17,O3,荣成,87.0
20201111,17,O3_24h,荣成,91.0
20201111,17,O3_8h,荣成,77.0
20201111,17,O3_8h_24h,荣成,82.0
20201111,17,CO,荣成,0.25
20201111,17,CO_24h,荣成,0.45
20201111,18,AQI,荣成,24.0
20201111,18,PM2.5,荣成,12.0
20201111,18,PM2.5_24h,荣成,12.0
20201111,18,PM10,荣成,24.0
20201111,18,PM10_24h,荣成,23.0
20201111,18,SO2,荣成,4.0
20201111,18,SO2_24h,荣成,4.0
20201111,18,NO2,荣成,25.0
20201111,18,NO2_24h,荣成,21.0
20201111,18,O3,荣成,78.0
20201111,18,O3_24h,荣成,91.0
20201111,18,O3_8h,荣成,83.0
20201111,18,O3_8h_24h,荣成,83.0
20201111,18,CO,荣成,0.35
20201111,18,CO_24h,荣成,0.45
20201111,19,AQI,荣成,31.0
20201111,19,PM2.5,荣成,12.0
20201111,19,PM2.5_24h,荣成,12.0
20201111,19,PM10,荣成,31.0
20201111,19,PM10_24h,荣成,22.0
20201111,19,SO2,荣成,5.0
20201111,19,SO2_24h,荣成,4.0
20201111,19,NO2,荣成,26.0
20201111,19,NO2_24h,荣成,21.0
20201111,19,O3,荣成,75.0
20201111,19,O3_24h,荣成,91.0
20201111,19,O3_8h,荣成,85.0
20201111,19,O3_8h_24h,荣成,85.0
20201111,19,CO,荣成,0.4
20201111,19,CO_24h,荣成,0.45
20201111,20,AQI,荣成,31.0
20201111,20,PM2.5,荣成,13.0
20201111,20,PM2.5_24h,荣成,12.0
20201111,20,PM10,荣成,31.0
20201111,20,PM10_24h,荣成,22.0
20201111,20,SO2,荣成,6.0
20201111,20,SO2_24h,荣成,4.0
20201111,20,NO2,荣成,23.0
20201111,20,NO2_24h,荣成,20.0
20201111,20,O3,荣成,76.0
20201111,20,O3_24h,荣成,91.0
20201111,20,O3_8h,荣成,84.0
20201111,20,O3_8h_24h,荣成,85.0
20201111,20,CO,荣成,0.4
20201111,20,CO_24h,荣成,0.45
20201111,21,AQI,荣成,35.0
20201111,21,PM2.5,荣成,17.0
20201111,21,PM2.5_24h,荣成,11.0
20201111,21,PM10,荣成,35.0
20201111,21,PM10_24h,荣成,22.0
20201111,21,SO2,荣成,6.0
20201111,21,SO2_24h,荣成,4.0
20201111,21,NO2,荣成,22.0
20201111,21,NO2_24h,荣成,20.0
20201111,21,O3,荣成,76.0
20201111,21,O3_24h,荣成,91.0
20201111,21,O3_8h,荣成,82.0
20201111,21,O3_8h_24h,荣成,85.0
20201111,21,CO,荣成,0.4
20201111,21,CO_24h,荣成,0.45
20201111,22,AQI,荣成,24.0
20201111,22,PM2.5,荣成,13.0
20201111,22,PM2.5_24h,荣成,11.0
20201111,22,PM10,荣成,23.0
20201111,22,PM10_24h,荣成,21.0
20201111,22,SO2,荣成,5.0
20201111,22,SO2_24h,荣成,4.0
20201111,22,NO2,荣成,22.0
20201111,22,NO2_24h,荣成,20.0
20201111,22,O3,荣成,77.0
20201111,22,O3_24h,荣成,91.0
20201111,22,O3_8h,荣成,80.0
20201111,22,O3_8h_24h,荣成,85.0
20201111,22,CO,荣成,0.35
20201111,22,CO_24h,荣成,0.45
20201111,23,AQI,荣成,31.0
20201111,23,PM2.5,荣成,15.0
20201111,23,PM2.5_24h,荣成,11.0
20201111,23,PM10,荣成,31.0
20201111,23,PM10_24h,荣成,21.0
20201111,23,SO2,荣成,6.0
20201111,23,SO2_24h,荣成,4.0
20201111,23,NO2,荣成,21.0
20201111,23,NO2_24h,荣成,20.0
20201111,23,O3,荣成,75.0
20201111,23,O3_24h,荣成,91.0
20201111,23,O3_8h,荣成,79.0
20201111,23,O3_8h_24h,荣成,85.0
20201111,23,CO,荣成,0.35
20201111,23,CO_24h,荣成,0.45
20201111,0,AQI,文登,39.0
20201111,0,PM2.5,文登,22.0
20201111,0,PM2.5_24h,文登,16.0
20201111,0,PM10,文登,39.0
20201111,0,PM10_24h,文登,39.0
20201111,0,SO2,文登,4.0
20201111,0,SO2_24h,文登,5.0
20201111,0,NO2,文登,31.0
20201111,0,NO2_24h,文登,30.0
20201111,0,O3,文登,30.0
20201111,0,O3_24h,文登,79.0
20201111,0,O3_8h,文登,52.0
20201111,0,O3_8h_24h,文登,71.0
20201111,0,CO,文登,0.75
20201111,0,CO_24h,文登,0.75
20201111,1,AQI,文登,40.0
20201111,1,PM2.5,文登,20.0
20201111,1,PM2.5_24h,文登,16.0
20201111,1,PM10,文登,40.0
20201111,1,PM10_24h,文登,39.0
20201111,1,SO2,文登,6.0
20201111,1,SO2_24h,文登,5.0
20201111,1,NO2,文登,31.0
20201111,1,NO2_24h,文登,30.0
20201111,1,O3,文登,22.0
20201111,1,O3_24h,文登,79.0
20201111,1,O3_8h,文登,22.0
20201111,1,O3_8h_24h,文登,22.0
20201111,1,CO,文登,0.8
20201111,1,CO_24h,文登,0.75
20201111,2,AQI,文登,27.0
20201111,2,PM2.5,文登,19.0
20201111,2,PM2.5_24h,文登,16.0
20201111,2,PM10,文登,26.0
20201111,2,PM10_24h,文登,38.0
20201111,2,SO2,文登,6.0
20201111,2,SO2_24h,文登,5.0
20201111,2,NO2,文登,23.0
20201111,2,NO2_24h,文登,29.0
20201111,2,O3,文登,38.0
20201111,2,O3_24h,文登,79.0
20201111,2,O3_8h,文登,30.0
20201111,2,O3_8h_24h,文登,30.0
20201111,2,CO,文登,0.65
20201111,2,CO_24h,文登,0.75
20201111,3,AQI,文登,24.0
20201111,3,PM2.5,文登,17.0
20201111,3,PM2.5_24h,文登,16.0
20201111,3,PM10,文登,24.0
20201111,3,PM10_24h,文登,37.0
20201111,3,SO2,文登,6.0
20201111,3,SO2_24h,文登,5.0
20201111,3,NO2,文登,22.0
20201111,3,NO2_24h,文登,28.0
20201111,3,O3,文登,36.0
20201111,3,O3_24h,文登,79.0
20201111,3,O3_8h,文登,32.0
20201111,3,O3_8h_24h,文登,33.0
20201111,3,CO,文登,0.65
20201111,3,CO_24h,文登,0.75
20201111,4,AQI,文登,29.0
20201111,4,PM2.5,文登,20.0
20201111,4,PM2.5_24h,文登,16.0
20201111,4,PM10,文登,25.0
20201111,4,PM10_24h,文登,37.0
20201111,4,SO2,文登,6.0
20201111,4,SO2_24h,文登,5.0
20201111,4,NO2,文登,19.0
20201111,4,NO2_24h,文登,28.0
20201111,4,O3,文登,40.0
20201111,4,O3_24h,文登,79.0
20201111,4,O3_8h,文登,34.0
20201111,4,O3_8h_24h,文登,35.0
20201111,4,CO,文登,0.55
20201111,4,CO_24h,文登,0.7
20201111,5,AQI,文登,23.0
20201111,5,PM2.5,文登,16.0
20201111,5,PM2.5_24h,文登,16.0
20201111,5,PM10,文登,16.0
20201111,5,PM10_24h,文登,36.0
20201111,5,SO2,文登,5.0
20201111,5,SO2_24h,文登,6.0
20201111,5,NO2,文登,17.0
20201111,5,NO2_24h,文登,27.0
20201111,5,O3,文登,50.0
20201111,5,O3_24h,文登,79.0
20201111,5,O3_8h,文登,37.0
20201111,5,O3_8h_24h,文登,38.0
20201111,5,CO,文登,0.55
20201111,5,CO_24h,文登,0.7
20201111,6,AQI,文登,23.0
20201111,6,PM2.5,文登,11.0
20201111,6,PM2.5_24h,文登,16.0
20201111,6,PM10,文登,23.0
20201111,6,PM10_24h,文登,36.0
20201111,6,SO2,文登,4.0
20201111,6,SO2_24h,文登,5.0
20201111,6,NO2,文登,23.0
20201111,6,NO2_24h,文登,26.0
20201111,6,O3,文登,38.0
20201111,6,O3_24h,文登,79.0
20201111,6,O3_8h,文登,38.0
20201111,6,O3_8h_24h,文登,39.0
20201111,6,CO,文登,0.55
20201111,6,CO_24h,文登,0.7
20201111,8,AQI,文登,49.0
20201111,8,PM2.5,文登,21.0
20201111,8,PM2.5_24h,文登,15.0
20201111,8,PM10,文登,49.0
20201111,8,PM10_24h,文登,34.0
20201111,8,SO2,文登,6.0
20201111,8,SO2_24h,文登,5.0
20201111,8,NO2,文登,54.0
20201111,8,NO2_24h,文登,26.0
20201111,8,O3,文登,15.0
20201111,8,O3_24h,文登,79.0
20201111,8,O3_8h,文登,34.0
20201111,8,O3_8h_24h,文登,39.0
20201111,8,CO,文登,1.1
20201111,8,CO_24h,文登,0.6
20201111,10,AQI,文登,30.0
20201111,10,PM2.5,文登,16.0
20201111,10,PM2.5_24h,文登,14.0
20201111,10,PM10,文登,30.0
20201111,10,PM10_24h,文登,30.0
20201111,10,SO2,文登,5.0
20201111,10,SO2_24h,文登,5.0
20201111,10,NO2,文登,31.0
20201111,10,NO2_24h,文登,26.0
20201111,10,O3,文登,63.0
20201111,10,O3_24h,文登,80.0
20201111,10,O3_8h,文登,36.0
20201111,10,O3_8h_24h,文登,41.0
20201111,10,CO,文登,0.65
20201111,10,CO_24h,文登,0.6
20201111,11,AQI,文登,27.0
20201111,11,PM2.5,文登,9.0
20201111,11,PM2.5_24h,文登,15.0
20201111,11,PM10,文登,27.0
20201111,11,PM10_24h,文登,30.0
20201111,11,SO2,文登,4.0
20201111,11,SO2_24h,文登,5.0
20201111,11,NO2,文登,16.0
20201111,11,NO2_24h,文登,26.0
20201111,11,O3,文登,84.0
20201111,11,O3_24h,文登,84.0
20201111,11,O3_8h,文登,42.0
20201111,11,O3_8h_24h,文登,44.0
20201111,11,CO,文登,0.55
20201111,11,CO_24h,文登,0.6
20201111,12,AQI,文登,27.0
20201111,12,PM2.5,文登,8.0
20201111,12,PM2.5_24h,文登,15.0
20201111,12,PM10,文登,27.0
20201111,12,PM10_24h,文登,31.0
20201111,12,SO2,文登,4.0
20201111,12,SO2_24h,文登,5.0
20201111,12,NO2,文登,17.0
20201111,12,NO2_24h,文登,26.0
20201111,12,O3,文登,83.0
20201111,12,O3_24h,文登,84.0
20201111,12,O3_8h,文登,48.0
20201111,12,O3_8h_24h,文登,48.0
20201111,12,CO,文登,0.5
20201111,12,CO_24h,文登,0.6
20201111,13,AQI,文登,28.0
20201111,13,PM2.5,文登,9.0
20201111,13,PM2.5_24h,文登,15.0
20201111,13,PM10,文登,23.0
20201111,13,PM10_24h,文登,31.0
20201111,13,SO2,文登,4.0
20201111,13,SO2_24h,文登,5.0
20201111,13,NO2,文登,13.0
20201111,13,NO2_24h,文登,26.0
20201111,13,O3,文登,91.0
20201111,13,O3_24h,文登,91.0
20201111,13,O3_8h,文登,53.0
20201111,13,O3_8h_24h,文登,53.0
20201111,13,CO,文登,0.45
20201111,13,CO_24h,文登,0.6
20201111,14,AQI,文登,29.0
20201111,14,PM2.5,文登,9.0
20201111,14,PM2.5_24h,文登,15.0
20201111,14,PM10,文登,19.0
20201111,14,PM10_24h,文登,31.0
20201111,14,SO2,文登,4.0
20201111,14,SO2_24h,文登,5.0
20201111,14,NO2,文登,8.0
20201111,14,NO2_24h,文登,26.0
20201111,14,O3,文登,94.0
20201111,14,O3_24h,文登,92.0
20201111,14,O3_8h,文登,57.0
20201111,14,O3_8h_24h,文登,57.0
20201111,14,CO,文登,0.4
20201111,14,CO_24h,文登,0.6
20201111,15,AQI,文登,27.0
20201111,15,PM2.5,文登,8.0
20201111,15,PM2.5_24h,文登,15.0
20201111,15,PM10,文登,27.0
20201111,15,PM10_24h,文登,31.0
20201111,15,SO2,文登,4.0
20201111,15,SO2_24h,文登,5.0
20201111,15,NO2,文登,14.0
20201111,15,NO2_24h,文登,26.0
20201111,15,O3,文登,86.0
20201111,15,O3_24h,文登,94.0
20201111,15,O3_8h,文登,65.0
20201111,15,O3_8h_24h,文登,65.0
20201111,15,CO,文登,0.5
20201111,15,CO_24h,文登,0.6
20201111,16,AQI,文登,29.0
20201111,16,PM2.5,文登,7.0
20201111,16,PM2.5_24h,文登,15.0
20201111,16,PM10,文登,21.0
20201111,16,PM10_24h,文登,31.0
20201111,16,SO2,文登,5.0
20201111,16,SO2_24h,文登,5.0
20201111,16,NO2,文登,12.0
20201111,16,NO2_24h,文登,26.0
20201111,16,O3,文登,94.0
20201111,16,O3_24h,文登,94.0
20201111,16,O3_8h,文登,75.0
20201111,16,O3_8h_24h,文登,75.0
20201111,16,CO,文登,0.4
20201111,16,CO_24h,文登,0.6
20201111,17,AQI,文登,29.0
20201111,17,PM2.5,文登,6.0
20201111,17,PM2.5_24h,文登,14.0
20201111,17,PM10,文登,22.0
20201111,17,PM10_24h,文登,30.0
20201111,17,SO2,文登,4.0
20201111,17,SO2_24h,文登,5.0
20201111,17,NO2,文登,14.0
20201111,17,NO2_24h,文登,26.0
20201111,17,O3,文登,92.0
20201111,17,O3_24h,文登,94.0
20201111,17,O3_8h,文登,85.0
20201111,17,O3_8h_24h,文登,85.0
20201111,17,CO,文登,0.4
20201111,17,CO_24h,文登,0.6
20201111,18,AQI,文登,27.0
20201111,18,PM2.5,文登,6.0
20201111,18,PM2.5_24h,文登,14.0
20201111,18,PM10,文登,16.0
20201111,18,PM10_24h,文登,30.0
20201111,18,SO2,文登,3.0
20201111,18,SO2_24h,文登,5.0
20201111,18,NO2,文登,19.0
20201111,18,NO2_24h,文登,26.0
20201111,18,O3,文登,86.0
20201111,18,O3_24h,文登,94.0
20201111,18,O3_8h,文登,88.0
20201111,18,O3_8h_24h,文登,88.0
20201111,18,CO,文登,0.45
20201111,18,CO_24h,文登,0.6
20201111,19,AQI,文登,26.0
20201111,19,PM2.5,文登,7.0
20201111,19,PM2.5_24h,文登,14.0
20201111,19,PM10,文登,14.0
20201111,19,PM10_24h,文登,30.0
20201111,19,SO2,文登,3.0
20201111,19,SO2_24h,文登,5.0
20201111,19,NO2,文登,21.0
20201111,19,NO2_24h,文登,25.0
20201111,19,O3,文登,82.0
20201111,19,O3_24h,文登,94.0
20201111,19,O3_8h,文登,87.0
20201111,19,O3_8h_24h,文登,89.0
20201111,19,CO,文登,0.45
20201111,19,CO_24h,文登,0.65
20201111,20,AQI,文登,27.0
20201111,20,PM2.5,文登,6.0
20201111,20,PM2.5_24h,文登,14.0
20201111,20,PM10,文登,17.0
20201111,20,PM10_24h,文登,29.0
20201111,20,SO2,文登,3.0
20201111,20,SO2_24h,文登,5.0
20201111,20,NO2,文登,15.0
20201111,20,NO2_24h,文登,25.0
20201111,20,O3,文登,86.0
20201111,20,O3_24h,文登,94.0
20201111,20,O3_8h,文登,88.0
20201111,20,O3_8h_24h,文登,90.0
20201111,20,CO,文登,0.5
20201111,20,CO_24h,文登,0.65
20201111,21,AQI,文登,28.0
20201111,21,PM2.5,文登,9.0
20201111,21,PM2.5_24h,文登,14.0
20201111,21,PM10,文登,17.0
20201111,21,PM10_24h,文登,29.0
20201111,21,SO2,文登,3.0
20201111,21,SO2_24h,文登,5.0
20201111,21,NO2,文登,13.0
20201111,21,NO2_24h,文登,24.0
20201111,21,O3,文登,90.0
20201111,21,O3_24h,文登,94.0
20201111,21,O3_8h,文登,88.0
20201111,21,O3_8h_24h,文登,90.0
20201111,21,CO,文登,0.5
20201111,21,CO_24h,文登,0.6
20201111,22,AQI,文登,29.0
20201111,22,PM2.5,文登,8.0
20201111,22,PM2.5_24h,文登,13.0
20201111,22,PM10,文登,13.0
20201111,22,PM10_24h,文登,28.0
20201111,22,SO2,文登,3.0
20201111,22,SO2_24h,文登,5.0
20201111,22,NO2,文登,10.0
20201111,22,NO2_24h,文登,23.0
20201111,22,O3,文登,94.0
20201111,22,O3_24h,文登,95.0
20201111,22,O3_8h,文登,89.0
20201111,22,O3_8h_24h,文登,90.0
20201111,22,CO,文登,0.5
20201111,22,CO_24h,文登,0.6
20201111,23,AQI,文登,30.0
20201111,23,PM2.5,文登,7.0
20201111,23,PM2.5_24h,文登,13.0
20201111,23,PM10,文登,14.0
20201111,23,PM10_24h,文登,27.0
20201111,23,SO2,文登,3.0
20201111,23,SO2_24h,文登,5.0
20201111,23,NO2,文登,9.0
20201111,23,NO2_24h,文登,23.0
20201111,23,O3,文登,95.0
20201111,23,O3_24h,文登,96.0
20201111,23,O3_8h,文登,90.0
20201111,23,O3_8h_24h,文登,90.0
20201111,23,CO,文登,0.5
20201111,23,CO_24h,文登,0.6
20201111,0,AQI,乳山,37.0
20201111,0,PM2.5,乳山,24.0
20201111,0,PM2.5_24h,乳山,20.0
20201111,0,PM10,乳山,37.0
20201111,0,PM10_24h,乳山,45.0
20201111,0,SO2,乳山,6.0
20201111,0,SO2_24h,乳山,7.0
20201111,0,NO2,乳山,32.0
20201111,0,NO2_24h,乳山,35.0
20201111,0,O3,乳山,25.0
20201111,0,O3_24h,乳山,78.0
20201111,0,O3_8h,乳山,32.0
20201111,0,O3_8h_24h,乳山,68.0
20201111,0,CO,乳山,1.1
20201111,0,CO_24h,乳山,1.05
20201111,1,AQI,乳山,40.0
20201111,1,PM2.5,乳山,18.0
20201111,1,PM2.5_24h,乳山,20.0
20201111,1,PM10,乳山,40.0
20201111,1,PM10_24h,乳山,44.0
20201111,1,SO2,乳山,6.0
20201111,1,SO2_24h,乳山,7.0
20201111,1,NO2,乳山,36.0
20201111,1,NO2_24h,乳山,35.0
20201111,1,O3,乳山,19.0
20201111,1,O3_24h,乳山,78.0
20201111,1,O3_8h,乳山,19.0
20201111,1,O3_8h_24h,乳山,19.0
20201111,1,CO,乳山,1.05
20201111,1,CO_24h,乳山,1.05
20201111,2,AQI,乳山,41.0
20201111,2,PM2.5,乳山,24.0
20201111,2,PM2.5_24h,乳山,20.0
20201111,2,PM10,乳山,41.0
20201111,2,PM10_24h,乳山,43.0
20201111,2,SO2,乳山,6.0
20201111,2,SO2_24h,乳山,7.0
20201111,2,NO2,乳山,35.0
20201111,2,NO2_24h,乳山,35.0
20201111,2,O3,乳山,15.0
20201111,2,O3_24h,乳山,78.0
20201111,2,O3_8h,乳山,16.0
20201111,2,O3_8h_24h,乳山,19.0
20201111,2,CO,乳山,1.15
20201111,2,CO_24h,乳山,1.05
20201111,3,AQI,乳山,43.0
20201111,3,PM2.5,乳山,25.0
20201111,3,PM2.5_24h,乳山,20.0
20201111,3,PM10,乳山,43.0
20201111,3,PM10_24h,乳山,43.0
20201111,3,SO2,乳山,5.0
20201111,3,SO2_24h,乳山,7.0
20201111,3,NO2,乳山,37.0
20201111,3,NO2_24h,乳山,35.0
20201111,3,O3,乳山,10.0
20201111,3,O3_24h,乳山,78.0
20201111,3,O3_8h,乳山,14.0
20201111,3,O3_8h_24h,乳山,19.0
20201111,3,CO,乳山,1.1
20201111,3,CO_24h,乳山,1.05
20201111,4,AQI,乳山,36.0
20201111,4,PM2.5,乳山,25.0
20201111,4,PM2.5_24h,乳山,20.0
20201111,4,PM10,乳山,35.0
20201111,4,PM10_24h,乳山,43.0
20201111,4,SO2,乳山,5.0
20201111,4,SO2_24h,乳山,7.0
20201111,4,NO2,乳山,35.0
20201111,4,NO2_24h,乳山,35.0
20201111,4,O3,乳山,13.0
20201111,4,O3_24h,乳山,78.0
20201111,4,O3_8h,乳山,14.0
20201111,4,O3_8h_24h,乳山,19.0
20201111,4,CO,乳山,1.1
20201111,4,CO_24h,乳山,1.05
20201111,5,AQI,乳山,35.0
20201111,5,PM2.5,乳山,18.0
20201111,5,PM2.5_24h,乳山,20.0
20201111,5,PM10,乳山,35.0
20201111,5,PM10_24h,乳山,42.0
20201111,5,SO2,乳山,5.0
20201111,5,SO2_24h,乳山,7.0
20201111,5,NO2,乳山,26.0
20201111,5,NO2_24h,乳山,34.0
20201111,5,O3,乳山,25.0
20201111,5,O3_24h,乳山,78.0
20201111,5,O3_8h,乳山,16.0
20201111,5,O3_8h_24h,乳山,19.0
20201111,5,CO,乳山,1.05
20201111,5,CO_24h,乳山,1.05
20201111,6,AQI,乳山,51.0
20201111,6,PM2.5,乳山,36.0
20201111,6,PM2.5_24h,乳山,20.0
20201111,6,PM10,乳山,30.0
20201111,6,PM10_24h,乳山,42.0
20201111,6,SO2,乳山,6.0
20201111,6,SO2_24h,乳山,7.0
20201111,6,NO2,乳山,29.0
20201111,6,NO2_24h,乳山,33.0
20201111,6,O3,乳山,26.0
20201111,6,O3_24h,乳山,78.0
20201111,6,O3_8h,乳山,18.0
20201111,6,O3_8h_24h,乳山,19.0
20201111,6,CO,乳山,1.1
20201111,6,CO_24h,乳山,1.05
20201111,8,AQI,乳山,60.0
20201111,8,PM2.5,乳山,43.0
20201111,8,PM2.5_24h,乳山,20.0
20201111,8,PM10,乳山,61.0
20201111,8,PM10_24h,乳山,42.0
20201111,8,SO2,乳山,7.0
20201111,8,SO2_24h,乳山,7.0
20201111,8,NO2,乳山,46.0
20201111,8,NO2_24h,乳山,33.0
20201111,8,O3,乳山,8.0
20201111,8,O3_24h,乳山,78.0
20201111,8,O3_8h,乳山,16.0
20201111,8,O3_8h_24h,乳山,19.0
20201111,8,CO,乳山,2.1
20201111,8,CO_24h,乳山,1.05
20201111,10,AQI,乳山,74.0
20201111,10,PM2.5,乳山,37.0
20201111,10,PM2.5_24h,乳山,22.0
20201111,10,PM10,乳山,98.0
20201111,10,PM10_24h,乳山,44.0
20201111,10,SO2,乳山,9.0
20201111,10,SO2_24h,乳山,7.0
20201111,10,NO2,乳山,59.0
20201111,10,NO2_24h,乳山,34.0
20201111,10,O3,乳山,27.0
20201111,10,O3_24h,乳山,78.0
20201111,10,O3_8h,乳山,17.0
20201111,10,O3_8h_24h,乳山,21.0
20201111,10,CO,乳山,1.65
20201111,10,CO_24h,乳山,1.15
20201111,11,AQI,乳山,52.0
20201111,11,PM2.5,乳山,17.0
20201111,11,PM2.5_24h,乳山,23.0
20201111,11,PM10,乳山,53.0
20201111,11,PM10_24h,乳山,44.0
20201111,11,SO2,乳山,8.0
20201111,11,SO2_24h,乳山,7.0
20201111,11,NO2,乳山,30.0
20201111,11,NO2_24h,乳山,34.0
20201111,11,O3,乳山,63.0
20201111,11,O3_24h,乳山,78.0
20201111,11,O3_8h,乳山,23.0
20201111,11,O3_8h_24h,乳山,24.0
20201111,11,CO,乳山,0.95
20201111,11,CO_24h,乳山,1.15
20201111,12,AQI,乳山,34.0
20201111,12,PM2.5,乳山,5.0
20201111,12,PM2.5_24h,乳山,23.0
20201111,12,PM10,乳山,34.0
20201111,12,PM10_24h,乳山,44.0
20201111,12,SO2,乳山,7.0
20201111,12,SO2_24h,乳山,7.0
20201111,12,NO2,乳山,14.0
20201111,12,NO2_24h,乳山,34.0
20201111,12,O3,乳山,87.0
20201111,12,O3_24h,乳山,87.0
20201111,12,O3_8h,乳山,32.0
20201111,12,O3_8h_24h,乳山,32.0
20201111,12,CO,乳山,0.7
20201111,12,CO_24h,乳山,1.15
20201111,13,AQI,乳山,29.0
20201111,13,PM2.5,乳山,6.0
20201111,13,PM2.5_24h,乳山,23.0
20201111,13,PM10,乳山,18.0
20201111,13,PM10_24h,乳山,44.0
20201111,13,SO2,乳山,6.0
20201111,13,SO2_24h,乳山,7.0
20201111,13,NO2,乳山,13.0
20201111,13,NO2_24h,乳山,34.0
20201111,13,O3,乳山,93.0
20201111,13,O3_24h,乳山,93.0
20201111,13,O3_8h,乳山,41.0
20201111,13,O3_8h_24h,乳山,41.0
20201111,13,CO,乳山,0.65
20201111,13,CO_24h,乳山,1.15
20201111,14,AQI,乳山,30.0
20201111,14,PM2.5,乳山,5.0
20201111,14,PM2.5_24h,乳山,23.0
20201111,14,PM10,乳山,14.0
20201111,14,PM10_24h,乳山,44.0
20201111,14,SO2,乳山,6.0
20201111,14,SO2_24h,乳山,6.0
20201111,14,NO2,乳山,11.0
20201111,14,NO2_24h,乳山,34.0
20201111,14,O3,乳山,96.0
20201111,14,O3_24h,乳山,96.0
20201111,14,O3_8h,乳山,50.0
20201111,14,O3_8h_24h,乳山,50.0
20201111,14,CO,乳山,0.65
20201111,14,CO_24h,乳山,1.15
20201111,15,AQI,乳山,30.0
20201111,15,PM2.5,乳山,4.0
20201111,15,PM2.5_24h,乳山,23.0
20201111,15,PM10,乳山,11.0
20201111,15,PM10_24h,乳山,43.0
20201111,15,SO2,乳山,5.0
20201111,15,SO2_24h,乳山,6.0
20201111,15,NO2,乳山,10.0
20201111,15,NO2_24h,乳山,33.0
20201111,15,O3,乳山,97.0
20201111,15,O3_24h,乳山,97.0
20201111,15,O3_8h,乳山,60.0
20201111,15,O3_8h_24h,乳山,60.0
20201111,15,CO,乳山,0.65
20201111,15,CO_24h,乳山,1.15
20201111,16,AQI,乳山,30.0
20201111,16,PM2.5,乳山,6.0
20201111,16,PM2.5_24h,乳山,22.0
20201111,16,PM10,乳山,16.0
20201111,16,PM10_24h,乳山,43.0
20201111,16,SO2,乳山,5.0
20201111,16,SO2_24h,乳山,6.0
20201111,16,NO2,乳山,12.0
20201111,16,NO2_24h,乳山,33.0
20201111,16,O3,乳山,95.0
20201111,16,O3_24h,乳山,97.0
20201111,16,O3_8h,乳山,71.0
20201111,16,O3_8h_24h,乳山,71.0
20201111,16,CO,乳山,0.65
20201111,16,CO_24h,乳山,1.15
20201111,17,AQI,乳山,27.0
20201111,17,PM2.5,乳山,8.0
20201111,17,PM2.5_24h,乳山,22.0
20201111,17,PM10,乳山,19.0
20201111,17,PM10_24h,乳山,43.0
20201111,17,SO2,乳山,6.0
20201111,17,SO2_24h,乳山,6.0
20201111,17,NO2,乳山,18.0
20201111,17,NO2_24h,乳山,33.0
20201111,17,O3,乳山,86.0
20201111,17,O3_24h,乳山,97.0
20201111,17,O3_8h,乳山,81.0
20201111,17,O3_8h_24h,乳山,81.0
20201111,17,CO,乳山,0.7
20201111,17,CO_24h,乳山,1.15
20201111,18,AQI,乳山,57.0
20201111,18,PM2.5,乳山,10.0
20201111,18,PM2.5_24h,乳山,22.0
20201111,18,PM10,乳山,63.0
20201111,18,PM10_24h,乳山,44.0
20201111,18,SO2,乳山,7.0
20201111,18,SO2_24h,乳山,6.0
20201111,18,NO2,乳山,29.0
20201111,18,NO2_24h,乳山,33.0
20201111,18,O3,乳山,68.0
20201111,18,O3_24h,乳山,97.0
20201111,18,O3_8h,乳山,85.0
20201111,18,O3_8h_24h,乳山,85.0
20201111,18,CO,乳山,0.85
20201111,18,CO_24h,乳山,1.15
20201111,19,AQI,乳山,22.0
20201111,19,PM2.5,乳山,15.0
20201111,19,PM2.5_24h,乳山,22.0
20201111,19,PM10,乳山,22.0
20201111,19,PM10_24h,乳山,43.0
20201111,19,SO2,乳山,6.0
20201111,19,SO2_24h,乳山,6.0
20201111,19,NO2,乳山,28.0
20201111,19,NO2_24h,乳山,32.0
20201111,19,O3,乳山,65.0
20201111,19,O3_24h,乳山,97.0
20201111,19,O3_8h,乳山,86.0
20201111,19,O3_8h_24h,乳山,86.0
20201111,19,CO,乳山,0.95
20201111,19,CO_24h,乳山,1.15
20201111,20,AQI,乳山,28.0
20201111,20,PM2.5,乳山,13.0
20201111,20,PM2.5_24h,乳山,21.0
20201111,20,PM10,乳山,28.0
20201111,20,PM10_24h,乳山,42.0
20201111,20,SO2,乳山,5.0
20201111,20,SO2_24h,乳山,6.0
20201111,20,NO2,乳山,29.0
20201111,20,NO2_24h,乳山,31.0
20201111,20,O3,乳山,62.0
20201111,20,O3_24h,乳山,97.0
20201111,20,O3_8h,乳山,83.0
20201111,20,O3_8h_24h,乳山,86.0
20201111,20,CO,乳山,0.95
20201111,20,CO_24h,乳山,1.1
20201111,21,AQI,乳山,22.0
20201111,21,PM2.5,乳山,11.0
20201111,21,PM2.5_24h,乳山,20.0
20201111,21,PM10,乳山,22.0
20201111,21,PM10_24h,乳山,40.0
20201111,21,SO2,乳山,5.0
20201111,21,SO2_24h,乳山,6.0
20201111,21,NO2,乳山,25.0
20201111,21,NO2_24h,乳山,30.0
20201111,21,O3,乳山,63.0
20201111,21,O3_24h,乳山,97.0
20201111,21,O3_8h,乳山,79.0
20201111,21,O3_8h_24h,乳山,86.0
20201111,21,CO,乳山,0.9
20201111,21,CO_24h,乳山,1.1
20201111,22,AQI,乳山,21.0
20201111,22,PM2.5,乳山,13.0
20201111,22,PM2.5_24h,乳山,20.0
20201111,22,PM10,乳山,18.0
20201111,22,PM10_24h,乳山,39.0
20201111,22,SO2,乳山,5.0
20201111,22,SO2_24h,乳山,6.0
20201111,22,NO2,乳山,21.0
20201111,22,NO2_24h,乳山,30.0
20201111,22,O3,乳山,66.0
20201111,22,O3_24h,乳山,97.0
20201111,22,O3_8h,乳山,75.0
20201111,22,O3_8h_24h,乳山,86.0
20201111,22,CO,乳山,0.85
20201111,22,CO_24h,乳山,1.1
20201111,23,AQI,乳山,22.0
20201111,23,PM2.5,乳山,8.0
20201111,23,PM2.5_24h,乳山,19.0
20201111,23,PM10,乳山,15.0
20201111,23,PM10_24h,乳山,37.0
20201111,23,SO2,乳山,5.0
20201111,23,SO2_24h,乳山,6.0
20201111,23,NO2,乳山,18.0
20201111,23,NO2_24h,乳山,29.0
20201111,23,O3,乳山,70.0
20201111,23,O3_24h,乳山,97.0
20201111,23,O3_8h,乳山,72.0
20201111,23,O3_8h_24h,乳山,86.0
20201111,23,CO,乳山,0.8
20201111,23,CO_24h,乳山,1.1
20201111,0,AQI,吴江,56.0
20201111,0,PM2.5,吴江,24.0
20201111,0,PM2.5_24h,吴江,27.0
20201111,0,PM10,吴江,62.0
20201111,0,PM10_24h,吴江,79.0
20201111,0,SO2,吴江,11.0
20201111,0,SO2_24h,吴江,12.0
20201111,0,NO2,吴江,82.0
20201111,0,NO2_24h,吴江,66.0
20201111,0,O3,吴江,8.0
20201111,0,O3_24h,吴江,116.0
20201111,0,O3_8h,吴江,30.0
20201111,0,O3_8h_24h,吴江,102.0
20201111,0,CO,吴江,0.5
20201111,0,CO_24h,吴江,0.6
20201111,1,AQI,吴江,57.0
20201111,1,PM2.5,吴江,21.0
20201111,1,PM2.5_24h,吴江,27.0
20201111,1,PM10,吴江,64.0
20201111,1,PM10_24h,吴江,78.0
20201111,1,SO2,吴江,11.0
20201111,1,SO2_24h,吴江,12.0
20201111,1,NO2,吴江,83.0
20201111,1,NO2_24h,吴江,66.0
20201111,1,O3,吴江,9.0
20201111,1,O3_24h,吴江,116.0
20201111,1,O3_8h,吴江,9.0
20201111,1,O3_8h_24h,吴江,9.0
20201111,1,CO,吴江,0.55
20201111,1,CO_24h,吴江,0.6
20201111,2,AQI,吴江,56.0
20201111,2,PM2.5,吴江,21.0
20201111,2,PM2.5_24h,吴江,27.0
20201111,2,PM10,吴江,61.0
20201111,2,PM10_24h,吴江,77.0
20201111,2,SO2,吴江,11.0
20201111,2,SO2_24h,吴江,12.0
20201111,2,NO2,吴江,89.0
20201111,2,NO2_24h,吴江,66.0
20201111,2,O3,吴江,3.0
20201111,2,O3_24h,吴江,116.0
20201111,2,O3_8h,吴江,6.0
20201111,2,O3_8h_24h,吴江,9.0
20201111,2,CO,吴江,0.55
20201111,2,CO_24h,吴江,0.6
20201111,3,AQI,吴江,55.0
20201111,3,PM2.5,吴江,20.0
20201111,3,PM2.5_24h,吴江,26.0
20201111,3,PM10,吴江,60.0
20201111,3,PM10_24h,吴江,76.0
20201111,3,SO2,吴江,11.0
20201111,3,SO2_24h,吴江,12.0
20201111,3,NO2,吴江,87.0
20201111,3,NO2_24h,吴江,66.0
20201111,3,O3,吴江,2.0
20201111,3,O3_24h,吴江,116.0
20201111,3,O3_8h,吴江,5.0
20201111,3,O3_8h_24h,吴江,9.0
20201111,3,CO,吴江,0.55
20201111,3,CO_24h,吴江,0.6
20201111,4,AQI,吴江,52.0
20201111,4,PM2.5,吴江,20.0
20201111,4,PM2.5_24h,吴江,26.0
20201111,4,PM10,吴江,54.0
20201111,4,PM10_24h,吴江,76.0
20201111,4,SO2,吴江,12.0
20201111,4,SO2_24h,吴江,12.0
20201111,4,NO2,吴江,90.0
20201111,4,NO2_24h,吴江,67.0
20201111,4,O3,吴江,1.0
20201111,4,O3_24h,吴江,116.0
20201111,4,O3_8h,吴江,4.0
20201111,4,O3_8h_24h,吴江,9.0
20201111,4,CO,吴江,0.6
20201111,4,CO_24h,吴江,0.6
20201111,5,AQI,吴江,52.0
20201111,5,PM2.5,吴江,20.0
20201111,5,PM2.5_24h,吴江,26.0
20201111,5,PM10,吴江,53.0
20201111,5,PM10_24h,吴江,74.0
20201111,5,SO2,吴江,13.0
20201111,5,SO2_24h,吴江,12.0
20201111,5,NO2,吴江,87.0
20201111,5,NO2_24h,吴江,67.0
20201111,5,O3,吴江,1.0
20201111,5,O3_24h,吴江,116.0
20201111,5,O3_8h,吴江,3.0
20201111,5,O3_8h_24h,吴江,9.0
20201111,5,CO,吴江,0.6
20201111,5,CO_24h,吴江,0.6
20201111,6,AQI,吴江,47.0
20201111,6,PM2.5,吴江,25.0
20201111,6,PM2.5_24h,吴江,25.0
20201111,6,PM10,吴江,47.0
20201111,6,PM10_24h,吴江,73.0
20201111,6,SO2,吴江,14.0
20201111,6,SO2_24h,吴江,12.0
20201111,6,NO2,吴江,89.0
20201111,6,NO2_24h,吴江,67.0
20201111,6,O3,吴江,2.0
20201111,6,O3_24h,吴江,116.0
20201111,6,O3_8h,吴江,3.0
20201111,6,O3_8h_24h,吴江,9.0
20201111,6,CO,吴江,0.65
20201111,6,CO_24h,吴江,0.6
20201111,8,AQI,吴江,54.0
20201111,8,PM2.5,吴江,37.0
20201111,8,PM2.5_24h,吴江,26.0
20201111,8,PM10,吴江,58.0
20201111,8,PM10_24h,吴江,71.0
20201111,8,SO2,吴江,15.0
20201111,8,SO2_24h,吴江,12.0
20201111,8,NO2,吴江,89.0
20201111,8,NO2_24h,吴江,67.0
20201111,8,O3,吴江,4.0
20201111,8,O3_24h,吴江,116.0
20201111,8,O3_8h,吴江,3.0
20201111,8,O3_8h_24h,吴江,9.0
20201111,8,CO,吴江,0.8
20201111,8,CO_24h,吴江,0.6
20201111,10,AQI,吴江,55.0
20201111,10,PM2.5,吴江,21.0
20201111,10,PM2.5_24h,吴江,26.0
20201111,10,PM10,吴江,60.0
20201111,10,PM10_24h,吴江,68.0
20201111,10,SO2,吴江,13.0
20201111,10,SO2_24h,吴江,12.0
20201111,10,NO2,吴江,34.0
20201111,10,NO2_24h,吴江,68.0
20201111,10,O3,吴江,76.0
20201111,10,O3_24h,吴江,116.0
20201111,10,O3_8h,吴江,14.0
20201111,10,O3_8h_24h,吴江,15.0
20201111,10,CO,吴江,0.5
20201111,10,CO_24h,吴江,0.6
20201111,11,AQI,吴江,44.0
20201111,11,PM2.5,吴江,23.0
20201111,11,PM2.5_24h,吴江,25.0
20201111,11,PM10,吴江,44.0
20201111,11,PM10_24h,吴江,66.0
20201111,11,SO2,吴江,13.0
20201111,11,SO2_24h,吴江,12.0
20201111,11,NO2,吴江,26.0
20201111,11,NO2_24h,吴江,68.0
20201111,11,O3,吴江,95.0
20201111,11,O3_24h,吴江,116.0
20201111,11,O3_8h,吴江,25.0
20201111,11,O3_8h_24h,吴江,25.0
20201111,11,CO,吴江,0.55
20201111,11,CO_24h,吴江,0.6
20201111,12,AQI,吴江,51.0
20201111,12,PM2.5,吴江,24.0
20201111,12,PM2.5_24h,吴江,25.0
20201111,12,PM10,吴江,51.0
20201111,12,PM10_24h,吴江,65.0
20201111,12,SO2,吴江,13.0
20201111,12,SO2_24h,吴江,12.0
20201111,12,NO2,吴江,23.0
20201111,12,NO2_24h,吴江,68.0
20201111,12,O3,吴江,105.0
20201111,12,O3_24h,吴江,116.0
20201111,12,O3_8h,吴江,38.0
20201111,12,O3_8h_24h,吴江,38.0
20201111,12,CO,吴江,0.6
20201111,12,CO_24h,吴江,0.6
20201111,13,AQI,吴江,52.0
20201111,13,PM2.5,吴江,24.0
20201111,13,PM2.5_24h,吴江,25.0
20201111,13,PM10,吴江,53.0
20201111,13,PM10_24h,吴江,64.0
20201111,13,SO2,吴江,12.0
20201111,13,SO2_24h,吴江,12.0
20201111,13,NO2,吴江,28.0
20201111,13,NO2_24h,吴江,68.0
20201111,13,O3,吴江,102.0
20201111,13,O3_24h,吴江,110.0
20201111,13,O3_8h,吴江,51.0
20201111,13,O3_8h_24h,吴江,51.0
20201111,13,CO,吴江,0.6
20201111,13,CO_24h,吴江,0.6
20201111,14,AQI,吴江,55.0
20201111,14,PM2.5,吴江,25.0
20201111,14,PM2.5_24h,吴江,25.0
20201111,14,PM10,吴江,59.0
20201111,14,PM10_24h,吴江,64.0
20201111,14,SO2,吴江,11.0
20201111,14,SO2_24h,吴江,12.0
20201111,14,NO2,吴江,28.0
20201111,14,NO2_24h,吴江,68.0
20201111,14,O3,吴江,109.0
20201111,14,O3_24h,吴江,110.0
20201111,14,O3_8h,吴江,64.0
20201111,14,O3_8h_24h,吴江,64.0
20201111,14,CO,吴江,0.65
20201111,14,CO_24h,吴江,0.6
20201111,15,AQI,吴江,60.0
20201111,15,PM2.5,吴江,26.0
20201111,15,PM2.5_24h,吴江,25.0
20201111,15,PM10,吴江,70.0
20201111,15,PM10_24h,吴江,64.0
20201111,15,SO2,吴江,11.0
20201111,15,SO2_24h,吴江,12.0
20201111,15,NO2,吴江,31.0
20201111,15,NO2_24h,吴江,68.0
20201111,15,O3,吴江,109.0
20201111,15,O3_24h,吴江,110.0
20201111,15,O3_8h,吴江,78.0
20201111,15,O3_8h_24h,吴江,78.0
20201111,15,CO,吴江,0.7
20201111,15,CO_24h,吴江,0.6
20201111,16,AQI,吴江,63.0
20201111,16,PM2.5,吴江,24.0
20201111,16,PM2.5_24h,吴江,25.0
20201111,16,PM10,吴江,76.0
20201111,16,PM10_24h,吴江,64.0
20201111,16,SO2,吴江,11.0
20201111,16,SO2_24h,吴江,12.0
20201111,16,NO2,吴江,32.0
20201111,16,NO2_24h,吴江,68.0
20201111,16,O3,吴江,104.0
20201111,16,O3_24h,吴江,110.0
20201111,16,O3_8h,吴江,90.0
20201111,16,O3_8h_24h,吴江,90.0
20201111,16,CO,吴江,0.65
20201111,16,CO_24h,吴江,0.6
20201111,17,AQI,吴江,59.0
20201111,17,PM2.5,吴江,22.0
20201111,17,PM2.5_24h,吴江,25.0
20201111,17,PM10,吴江,68.0
20201111,17,PM10_24h,吴江,64.0
20201111,17,SO2,吴江,11.0
20201111,17,SO2_24h,吴江,12.0
20201111,17,NO2,吴江,40.0
20201111,17,NO2_24h,吴江,68.0
20201111,17,O3,吴江,92.0
20201111,17,O3_24h,吴江,110.0
20201111,17,O3_8h,吴江,99.0
20201111,17,O3_8h_24h,吴江,99.0
20201111,17,CO,吴江,0.55
20201111,17,CO_24h,吴江,0.6
20201111,18,AQI,吴江,59.0
20201111,18,PM2.5,吴江,17.0
20201111,18,PM2.5_24h,吴江,24.0
20201111,18,PM10,吴江,68.0
20201111,18,PM10_24h,吴江,63.0
20201111,18,SO2,吴江,10.0
20201111,18,SO2_24h,吴江,12.0
20201111,18,NO2,吴江,54.0
20201111,18,NO2_24h,吴江,67.0
20201111,18,O3,吴江,60.0
20201111,18,O3_24h,吴江,110.0
20201111,18,O3_8h,吴江,97.0
20201111,18,O3_8h_24h,吴江,99.0
20201111,18,CO,吴江,0.55
20201111,18,CO_24h,吴江,0.6
20201111,19,AQI,吴江,60.0
20201111,19,PM2.5,吴江,14.0
20201111,19,PM2.5_24h,吴江,24.0
20201111,19,PM10,吴江,70.0
20201111,19,PM10_24h,吴江,63.0
20201111,19,SO2,吴江,10.0
20201111,19,SO2_24h,吴江,12.0
20201111,19,NO2,吴江,59.0
20201111,19,NO2_24h,吴江,66.0
20201111,19,O3,吴江,42.0
20201111,19,O3_24h,吴江,110.0
20201111,19,O3_8h,吴江,90.0
20201111,19,O3_8h_24h,吴江,99.0
20201111,19,CO,吴江,0.45
20201111,19,CO_24h,吴江,0.6
20201111,20,AQI,吴江,53.0
20201111,20,PM2.5,吴江,11.0
20201111,20,PM2.5_24h,吴江,23.0
20201111,20,PM10,吴江,55.0
20201111,20,PM10_24h,吴江,62.0
20201111,20,SO2,吴江,10.0
20201111,20,SO2_24h,吴江,12.0
20201111,20,NO2,吴江,59.0
20201111,20,NO2_24h,吴江,64.0
20201111,20,O3,吴江,36.0
20201111,20,O3_24h,吴江,110.0
20201111,20,O3_8h,吴江,82.0
20201111,20,O3_8h_24h,吴江,99.0
20201111,20,CO,吴江,0.45
20201111,20,CO_24h,吴江,0.6
20201111,21,AQI,吴江,40.0
20201111,21,PM2.5,吴江,13.0
20201111,21,PM2.5_24h,吴江,22.0
20201111,21,PM10,吴江,40.0
20201111,21,PM10_24h,吴江,59.0
20201111,21,SO2,吴江,10.0
20201111,21,SO2_24h,吴江,12.0
20201111,21,NO2,吴江,75.0
20201111,21,NO2_24h,吴江,63.0
20201111,21,O3,吴江,16.0
20201111,21,O3_24h,吴江,110.0
20201111,21,O3_8h,吴江,71.0
20201111,21,O3_8h_24h,吴江,99.0
20201111,21,CO,吴江,0.45
20201111,21,CO_24h,吴江,0.6
20201111,22,AQI,吴江,41.0
20201111,22,PM2.5,吴江,13.0
20201111,22,PM2.5_24h,吴江,22.0
20201111,22,PM10,吴江,41.0
20201111,22,PM10_24h,吴江,58.0
20201111,22,SO2,吴江,10.0
20201111,22,SO2_24h,吴江,12.0
20201111,22,NO2,吴江,70.0
20201111,22,NO2_24h,吴江,63.0
20201111,22,O3,吴江,19.0
20201111,22,O3_24h,吴江,110.0
20201111,22,O3_8h,吴江,60.0
20201111,22,O3_8h_24h,吴江,99.0
20201111,22,CO,吴江,0.45
20201111,22,CO_24h,吴江,0.55
20201111,23,AQI,吴江,44.0
20201111,23,PM2.5,吴江,13.0
20201111,23,PM2.5_24h,吴江,22.0
20201111,23,PM10,吴江,44.0
20201111,23,PM10_24h,吴江,57.0
20201111,23,SO2,吴江,10.0
20201111,23,SO2_24h,吴江,12.0
20201111,23,NO2,吴江,72.0
20201111,23,NO2_24h,吴江,62.0
20201111,23,O3,吴江,16.0
20201111,23,O3_24h,吴江,110.0
20201111,23,O3_8h,吴江,48.0
20201111,23,O3_8h_24h,吴江,99.0
20201111,23,CO,吴江,0.45
20201111,23,CO_24h,吴江,0.55
20201111,0,AQI,昆山,48.0
20201111,0,PM2.5,昆山,25.0
20201111,0,PM2.5_24h,昆山,28.0
20201111,0,PM10,昆山,48.0
20201111,0,PM10_24h,昆山,65.0
20201111,0,SO2,昆山,6.0
20201111,0,SO2_24h,昆山,7.0
20201111,0,NO2,昆山,82.0
20201111,0,NO2_24h,昆山,57.0
20201111,0,O3,昆山,10.0
20201111,0,O3_24h,昆山,111.0
20201111,0,O3_8h,昆山,43.0
20201111,0,O3_8h_24h,昆山,103.0
20201111,0,CO,昆山,0.65
20201111,0,CO_24h,昆山,0.65
20201111,1,AQI,昆山,43.0
20201111,1,PM2.5,昆山,23.0
20201111,1,PM2.5_24h,昆山,28.0
20201111,1,PM10,昆山,42.0
20201111,1,PM10_24h,昆山,64.0
20201111,1,SO2,昆山,6.0
20201111,1,SO2_24h,昆山,7.0
20201111,1,NO2,昆山,85.0
20201111,1,NO2_24h,昆山,58.0
20201111,1,O3,昆山,6.0
20201111,1,O3_24h,昆山,111.0
20201111,1,O3_8h,昆山,6.0
20201111,1,O3_8h_24h,昆山,6.0
20201111,1,CO,昆山,0.7
20201111,1,CO_24h,昆山,0.65
20201111,2,AQI,昆山,45.0
20201111,2,PM2.5,昆山,24.0
20201111,2,PM2.5_24h,昆山,28.0
20201111,2,PM10,昆山,45.0
20201111,2,PM10_24h,昆山,63.0
20201111,2,SO2,昆山,6.0
20201111,2,SO2_24h,昆山,7.0
20201111,2,NO2,昆山,78.0
20201111,2,NO2_24h,昆山,57.0
20201111,2,O3,昆山,3.0
20201111,2,O3_24h,昆山,111.0
20201111,2,O3_8h,昆山,4.0
20201111,2,O3_8h_24h,昆山,6.0
20201111,2,CO,昆山,0.85
20201111,2,CO_24h,昆山,0.65
20201111,3,AQI,昆山,42.0
20201111,3,PM2.5,昆山,25.0
20201111,3,PM2.5_24h,昆山,28.0
20201111,3,PM10,昆山,42.0
20201111,3,PM10_24h,昆山,62.0
20201111,3,SO2,昆山,6.0
20201111,3,SO2_24h,昆山,7.0
20201111,3,NO2,昆山,73.0
20201111,3,NO2_24h,昆山,56.0
20201111,3,O3,昆山,3.0
20201111,3,O3_24h,昆山,111.0
20201111,3,O3_8h,昆山,4.0
20201111,3,O3_8h_24h,昆山,6.0
20201111,3,CO,昆山,0.85
20201111,3,CO_24h,昆山,0.65
20201111,4,AQI,昆山,43.0
20201111,4,PM2.5,昆山,24.0
20201111,4,PM2.5_24h,昆山,27.0
20201111,4,PM10,昆山,43.0
20201111,4,PM10_24h,昆山,61.0
20201111,4,SO2,昆山,7.0
20201111,4,SO2_24h,昆山,7.0
20201111,4,NO2,昆山,80.0
20201111,4,NO2_24h,昆山,57.0
20201111,4,O3,昆山,2.0
20201111,4,O3_24h,昆山,111.0
20201111,4,O3_8h,昆山,4.0
20201111,4,O3_8h_24h,昆山,6.0
20201111,4,CO,昆山,0.8
20201111,4,CO_24h,昆山,0.65
20201111,5,AQI,昆山,51.0
20201111,5,PM2.5,昆山,27.0
20201111,5,PM2.5_24h,昆山,27.0
20201111,5,PM10,昆山,51.0
20201111,5,PM10_24h,昆山,60.0
20201111,5,SO2,昆山,7.0
20201111,5,SO2_24h,昆山,7.0
20201111,5,NO2,昆山,78.0
20201111,5,NO2_24h,昆山,56.0
20201111,5,O3,昆山,2.0
20201111,5,O3_24h,昆山,111.0
20201111,5,O3_8h,昆山,3.0
20201111,5,O3_8h_24h,昆山,6.0
20201111,5,CO,昆山,0.75
20201111,5,CO_24h,昆山,0.65
20201111,6,AQI,昆山,52.0
20201111,6,PM2.5,昆山,32.0
20201111,6,PM2.5_24h,昆山,26.0
20201111,6,PM10,昆山,54.0
20201111,6,PM10_24h,昆山,59.0
20201111,6,SO2,昆山,7.0
20201111,6,SO2_24h,昆山,7.0
20201111,6,NO2,昆山,78.0
20201111,6,NO2_24h,昆山,56.0
20201111,6,O3,昆山,3.0
20201111,6,O3_24h,昆山,111.0
20201111,6,O3_8h,昆山,2.0
20201111,6,O3_8h_24h,昆山,4.0
20201111,6,CO,昆山,0.75
20201111,6,CO_24h,昆山,0.65
20201111,8,AQI,昆山,56.0
20201111,8,PM2.5,昆山,37.0
20201111,8,PM2.5_24h,昆山,25.0
20201111,8,PM10,昆山,62.0
20201111,8,PM10_24h,昆山,57.0
20201111,8,SO2,昆山,9.0
20201111,8,SO2_24h,昆山,7.0
20201111,8,NO2,昆山,83.0
20201111,8,NO2_24h,昆山,57.0
20201111,8,O3,昆山,15.0
20201111,8,O3_24h,昆山,111.0
20201111,8,O3_8h,昆山,4.0
20201111,8,O3_8h_24h,昆山,5.0
20201111,8,CO,昆山,0.8
20201111,8,CO_24h,昆山,0.65
20201111,10,AQI,昆山,57.0
20201111,10,PM2.5,昆山,31.0
20201111,10,PM2.5_24h,昆山,25.0
20201111,10,PM10,昆山,64.0
20201111,10,PM10_24h,昆山,56.0
20201111,10,SO2,昆山,8.0
20201111,10,SO2_24h,昆山,7.0
20201111,10,NO2,昆山,40.0
20201111,10,NO2_24h,昆山,57.0
20201111,10,O3,昆山,76.0
20201111,10,O3_24h,昆山,111.0
20201111,10,O3_8h,昆山,19.0
20201111,10,O3_8h_24h,昆山,19.0
20201111,10,CO,昆山,0.75
20201111,10,CO_24h,昆山,0.65
20201111,11,AQI,昆山,56.0
20201111,11,PM2.5,昆山,25.0
20201111,11,PM2.5_24h,昆山,26.0
20201111,11,PM10,昆山,62.0
20201111,11,PM10_24h,昆山,55.0
20201111,11,SO2,昆山,7.0
20201111,11,SO2_24h,昆山,7.0
20201111,11,NO2,昆山,20.0
20201111,11,NO2_24h,昆山,57.0
20201111,11,O3,昆山,100.0
20201111,11,O3_24h,昆山,111.0
20201111,11,O3_8h,昆山,31.0
20201111,11,O3_8h_24h,昆山,31.0
20201111,11,CO,昆山,0.65
20201111,11,CO_24h,昆山,0.65
20201111,12,AQI,昆山,55.0
20201111,12,PM2.5,昆山,26.0
20201111,12,PM2.5_24h,昆山,26.0
20201111,12,PM10,昆山,59.0
20201111,12,PM10_24h,昆山,54.0
20201111,12,SO2,昆山,7.0
20201111,12,SO2_24h,昆山,7.0
20201111,12,NO2,昆山,16.0
20201111,12,NO2_24h,昆山,57.0
20201111,12,O3,昆山,107.0
20201111,12,O3_24h,昆山,111.0
20201111,12,O3_8h,昆山,44.0
20201111,12,O3_8h_24h,昆山,44.0
20201111,12,CO,昆山,0.65
20201111,12,CO_24h,昆山,0.65
20201111,13,AQI,昆山,57.0
20201111,13,PM2.5,昆山,24.0
20201111,13,PM2.5_24h,昆山,26.0
20201111,13,PM10,昆山,64.0
20201111,13,PM10_24h,昆山,55.0
20201111,13,SO2,昆山,7.0
20201111,13,SO2_24h,昆山,7.0
20201111,13,NO2,昆山,16.0
20201111,13,NO2_24h,昆山,57.0
20201111,13,O3,昆山,113.0
20201111,13,O3_24h,昆山,113.0
20201111,13,O3_8h,昆山,58.0
20201111,13,O3_8h_24h,昆山,58.0
20201111,13,CO,昆山,0.7
20201111,13,CO_24h,昆山,0.65
20201111,14,AQI,昆山,53.0
20201111,14,PM2.5,昆山,26.0
20201111,14,PM2.5_24h,昆山,26.0
20201111,14,PM10,昆山,56.0
20201111,14,PM10_24h,昆山,55.0
20201111,14,SO2,昆山,7.0
20201111,14,SO2_24h,昆山,7.0
20201111,14,NO2,昆山,15.0
20201111,14,NO2_24h,昆山,57.0
20201111,14,O3,昆山,112.0
20201111,14,O3_24h,昆山,113.0
20201111,14,O3_8h,昆山,72.0
20201111,14,O3_8h_24h,昆山,72.0
20201111,14,CO,昆山,0.7
20201111,14,CO_24h,昆山,0.65
20201111,15,AQI,昆山,51.0
20201111,15,PM2.5,昆山,22.0
20201111,15,PM2.5_24h,昆山,26.0
20201111,15,PM10,昆山,51.0
20201111,15,PM10_24h,昆山,54.0
20201111,15,SO2,昆山,7.0
20201111,15,SO2_24h,昆山,7.0
20201111,15,NO2,昆山,19.0
20201111,15,NO2_24h,昆山,57.0
20201111,15,O3,昆山,103.0
20201111,15,O3_24h,昆山,113.0
20201111,15,O3_8h,昆山,85.0
20201111,15,O3_8h_24h,昆山,85.0
20201111,15,CO,昆山,0.7
20201111,15,CO_24h,昆山,0.65
20201111,16,AQI,昆山,42.0
20201111,16,PM2.5,昆山,18.0
20201111,16,PM2.5_24h,昆山,26.0
20201111,16,PM10,昆山,42.0
20201111,16,PM10_24h,昆山,54.0
20201111,16,SO2,昆山,7.0
20201111,16,SO2_24h,昆山,7.0
20201111,16,NO2,昆山,20.0
20201111,16,NO2_24h,昆山,56.0
20201111,16,O3,昆山,96.0
20201111,16,O3_24h,昆山,113.0
20201111,16,O3_8h,昆山,95.0
20201111,16,O3_8h_24h,昆山,95.0
20201111,16,CO,昆山,0.7
20201111,16,CO_24h,昆山,0.65
20201111,17,AQI,昆山,35.0
20201111,17,PM2.5,昆山,17.0
20201111,17,PM2.5_24h,昆山,25.0
20201111,17,PM10,昆山,35.0
20201111,17,PM10_24h,昆山,53.0
20201111,17,SO2,昆山,8.0
20201111,17,SO2_24h,昆山,7.0
20201111,17,NO2,昆山,27.0
20201111,17,NO2_24h,昆山,56.0
20201111,17,O3,昆山,85.0
20201111,17,O3_24h,昆山,113.0
20201111,17,O3_8h,昆山,99.0
20201111,17,O3_8h_24h,昆山,99.0
20201111,17,CO,昆山,0.7
20201111,17,CO_24h,昆山,0.7
20201111,18,AQI,昆山,35.0
20201111,18,PM2.5,昆山,16.0
20201111,18,PM2.5_24h,昆山,25.0
20201111,18,PM10,昆山,35.0
20201111,18,PM10_24h,昆山,52.0
20201111,18,SO2,昆山,8.0
20201111,18,SO2_24h,昆山,7.0
20201111,18,NO2,昆山,48.0
20201111,18,NO2_24h,昆山,57.0
20201111,18,O3,昆山,53.0
20201111,18,O3_24h,昆山,113.0
20201111,18,O3_8h,昆山,96.0
20201111,18,O3_8h_24h,昆山,99.0
20201111,18,CO,昆山,0.8
20201111,18,CO_24h,昆山,0.75
20201111,19,AQI,昆山,43.0
20201111,19,PM2.5,昆山,17.0
20201111,19,PM2.5_24h,昆山,25.0
20201111,19,PM10,昆山,43.0
20201111,19,PM10_24h,昆山,52.0
20201111,19,SO2,昆山,7.0
20201111,19,SO2_24h,昆山,7.0
20201111,19,NO2,昆山,56.0
20201111,19,NO2_24h,昆山,57.0
20201111,19,O3,昆山,40.0
20201111,19,O3_24h,昆山,113.0
20201111,19,O3_8h,昆山,89.0
20201111,19,O3_8h_24h,昆山,99.0
20201111,19,CO,昆山,0.6
20201111,19,CO_24h,昆山,0.75
20201111,20,AQI,昆山,45.0
20201111,20,PM2.5,昆山,14.0
20201111,20,PM2.5_24h,昆山,25.0
20201111,20,PM10,昆山,45.0
20201111,20,PM10_24h,昆山,51.0
20201111,20,SO2,昆山,6.0
20201111,20,SO2_24h,昆山,7.0
20201111,20,NO2,昆山,61.0
20201111,20,NO2_24h,昆山,56.0
20201111,20,O3,昆山,30.0
20201111,20,O3_24h,昆山,113.0
20201111,20,O3_8h,昆山,79.0
20201111,20,O3_8h_24h,昆山,99.0
20201111,20,CO,昆山,0.5
20201111,20,CO_24h,昆山,0.7
20201111,21,AQI,昆山,36.0
20201111,21,PM2.5,昆山,16.0
20201111,21,PM2.5_24h,昆山,24.0
20201111,21,PM10,昆山,36.0
20201111,21,PM10_24h,昆山,50.0
20201111,21,SO2,昆山,6.0
20201111,21,SO2_24h,昆山,7.0
20201111,21,NO2,昆山,69.0
20201111,21,NO2_24h,昆山,55.0
20201111,21,O3,昆山,22.0
20201111,21,O3_24h,昆山,113.0
20201111,21,O3_8h,昆山,68.0
20201111,21,O3_8h_24h,昆山,99.0
20201111,21,CO,昆山,0.5
20201111,21,CO_24h,昆山,0.75
20201111,22,AQI,昆山,39.0
20201111,22,PM2.5,昆山,16.0
20201111,22,PM2.5_24h,昆山,24.0
20201111,22,PM10,昆山,39.0
20201111,22,PM10_24h,昆山,49.0
20201111,22,SO2,昆山,6.0
20201111,22,SO2_24h,昆山,7.0
20201111,22,NO2,昆山,73.0
20201111,22,NO2_24h,昆山,56.0
20201111,22,O3,昆山,17.0
20201111,22,O3_24h,昆山,113.0
20201111,22,O3_8h,昆山,56.0
20201111,22,O3_8h_24h,昆山,99.0
20201111,22,CO,昆山,0.55
20201111,22,CO_24h,昆山,0.7
20201111,23,AQI,昆山,42.0
20201111,23,PM2.5,昆山,17.0
20201111,23,PM2.5_24h,昆山,24.0
20201111,23,PM10,昆山,34.0
20201111,23,PM10_24h,昆山,48.0
20201111,23,SO2,昆山,6.0
20201111,23,SO2_24h,昆山,7.0
20201111,23,NO2,昆山,83.0
20201111,23,NO2_24h,昆山,56.0
20201111,23,O3,昆山,8.0
20201111,23,O3_24h,昆山,113.0
20201111,23,O3_8h,昆山,44.0
20201111,23,O3_8h_24h,昆山,99.0
20201111,23,CO,昆山,0.6
20201111,23,CO_24h,昆山,0.7
20201111,0,AQI,常熟,47.0
20201111,0,PM2.5,常熟,21.0
20201111,0,PM2.5_24h,常熟,28.0
20201111,0,PM10,常熟,47.0
20201111,0,PM10_24h,常熟,68.0
20201111,0,SO2,常熟,6.0
20201111,0,SO2_24h,常熟,7.0
20201111,0,NO2,常熟,42.0
20201111,0,NO2_24h,常熟,40.0
20201111,0,O3,常熟,38.0
20201111,0,O3_24h,常熟,118.0
20201111,0,O3_8h,常熟,46.0
20201111,0,O3_8h_24h,常熟,105.0
20201111,0,CO,常熟,0.63
20201111,0,CO_24h,常熟,0.67
20201111,1,AQI,常熟,48.0
20201111,1,PM2.5,常熟,23.0
20201111,1,PM2.5_24h,常熟,27.0
20201111,1,PM10,常熟,48.0
20201111,1,PM10_24h,常熟,67.0
20201111,1,SO2,常熟,6.0
20201111,1,SO2_24h,常熟,7.0
20201111,1,NO2,常熟,39.0
20201111,1,NO2_24h,常熟,40.0
20201111,1,O3,常熟,36.0
20201111,1,O3_24h,常熟,118.0
20201111,1,O3_8h,常熟,36.0
20201111,1,O3_8h_24h,常熟,36.0
20201111,1,CO,常熟,0.67
20201111,1,CO_24h,常熟,0.67
20201111,2,AQI,常熟,45.0
20201111,2,PM2.5,常熟,23.0
20201111,2,PM2.5_24h,常熟,27.0
20201111,2,PM10,常熟,45.0
20201111,2,PM10_24h,常熟,66.0
20201111,2,SO2,常熟,5.0
20201111,2,SO2_24h,常熟,7.0
20201111,2,NO2,常熟,32.0
20201111,2,NO2_24h,常熟,40.0
20201111,2,O3,常熟,38.0
20201111,2,O3_24h,常熟,118.0
20201111,2,O3_8h,常熟,37.0
20201111,2,O3_8h_24h,常熟,39.0
20201111,2,CO,常熟,0.67
20201111,2,CO_24h,常熟,0.67
20201111,3,AQI,常熟,50.0
20201111,3,PM2.5,常熟,27.0
20201111,3,PM2.5_24h,常熟,27.0
20201111,3,PM10,常熟,50.0
20201111,3,PM10_24h,常熟,65.0
20201111,3,SO2,常熟,5.0
20201111,3,SO2_24h,常熟,7.0
20201111,3,NO2,常熟,29.0
20201111,3,NO2_24h,常熟,40.0
20201111,3,O3,常熟,38.0
20201111,3,O3_24h,常熟,118.0
20201111,3,O3_8h,常熟,38.0
20201111,3,O3_8h_24h,常熟,40.0
20201111,3,CO,常熟,0.63
20201111,3,CO_24h,常熟,0.7
20201111,4,AQI,常熟,46.0
20201111,4,PM2.5,常熟,25.0
20201111,4,PM2.5_24h,常熟,26.0
20201111,4,PM10,常熟,46.0
20201111,4,PM10_24h,常熟,64.0
20201111,4,SO2,常熟,5.0
20201111,4,SO2_24h,常熟,7.0
20201111,4,NO2,常熟,25.0
20201111,4,NO2_24h,常熟,40.0
20201111,4,O3,常熟,40.0
20201111,4,O3_24h,常熟,118.0
20201111,4,O3_8h,常熟,38.0
20201111,4,O3_8h_24h,常熟,40.0
20201111,4,CO,常熟,0.67
20201111,4,CO_24h,常熟,0.67
20201111,5,AQI,常熟,38.0
20201111,5,PM2.5,常熟,20.0
20201111,5,PM2.5_24h,常熟,26.0
20201111,5,PM10,常熟,38.0
20201111,5,PM10_24h,常熟,62.0
20201111,5,SO2,常熟,5.0
20201111,5,SO2_24h,常熟,7.0
20201111,5,NO2,常熟,23.0
20201111,5,NO2_24h,常熟,39.0
20201111,5,O3,常熟,39.0
20201111,5,O3_24h,常熟,118.0
20201111,5,O3_8h,常熟,38.0
20201111,5,O3_8h_24h,常熟,40.0
20201111,5,CO,常熟,0.67
20201111,5,CO_24h,常熟,0.67
20201111,6,AQI,常熟,50.0
20201111,6,PM2.5,常熟,26.0
20201111,6,PM2.5_24h,常熟,26.0
20201111,6,PM10,常熟,50.0
20201111,6,PM10_24h,常熟,62.0
20201111,6,SO2,常熟,5.0
20201111,6,SO2_24h,常熟,7.0
20201111,6,NO2,常熟,28.0
20201111,6,NO2_24h,常熟,39.0
20201111,6,O3,常熟,28.0
20201111,6,O3_24h,常熟,118.0
20201111,6,O3_8h,常熟,37.0
20201111,6,O3_8h_24h,常熟,40.0
20201111,6,CO,常熟,0.73
20201111,6,CO_24h,常熟,0.67
20201111,8,AQI,常熟,65.0
20201111,8,PM2.5,常熟,44.0
20201111,8,PM2.5_24h,常熟,27.0
20201111,8,PM10,常熟,80.0
20201111,8,PM10_24h,常熟,62.0
20201111,8,SO2,常熟,8.0
20201111,8,SO2_24h,常熟,7.0
20201111,8,NO2,常熟,71.0
20201111,8,NO2_24h,常熟,40.0
20201111,8,O3,常熟,12.0
20201111,8,O3_24h,常熟,118.0
20201111,8,O3_8h,常熟,31.0
20201111,8,O3_8h_24h,常熟,40.0
20201111,8,CO,常熟,1.23
20201111,8,CO_24h,常熟,0.7
20201111,10,AQI,常熟,54.0
20201111,10,PM2.5,常熟,28.0
20201111,10,PM2.5_24h,常熟,27.0
20201111,10,PM10,常熟,57.0
20201111,10,PM10_24h,常熟,62.0
20201111,10,SO2,常熟,10.0
20201111,10,SO2_24h,常熟,7.0
20201111,10,NO2,常熟,46.0
20201111,10,NO2_24h,常熟,43.0
20201111,10,O3,常熟,74.0
20201111,10,O3_24h,常熟,118.0
20201111,10,O3_8h,常熟,35.0
20201111,10,O3_8h_24h,常熟,40.0
20201111,10,CO,常熟,0.8
20201111,10,CO_24h,常熟,0.7
20201111,11,AQI,常熟,51.0
20201111,11,PM2.5,常熟,26.0
20201111,11,PM2.5_24h,常熟,27.0
20201111,11,PM10,常熟,51.0
20201111,11,PM10_24h,常熟,60.0
20201111,11,SO2,常熟,9.0
20201111,11,SO2_24h,常熟,7.0
20201111,11,NO2,常熟,22.0
20201111,11,NO2_24h,常熟,42.0
20201111,11,O3,常熟,102.0
20201111,11,O3_24h,常熟,118.0
20201111,11,O3_8h,常熟,43.0
20201111,11,O3_8h_24h,常熟,43.0
20201111,11,CO,常熟,0.73
20201111,11,CO_24h,常熟,0.7
20201111,12,AQI,常熟,54.0
20201111,12,PM2.5,常熟,30.0
20201111,12,PM2.5_24h,常熟,27.0
20201111,12,PM10,常熟,58.0
20201111,12,PM10_24h,常熟,60.0
20201111,12,SO2,常熟,10.0
20201111,12,SO2_24h,常熟,7.0
20201111,12,NO2,常熟,27.0
20201111,12,NO2_24h,常熟,42.0
20201111,12,O3,常熟,101.0
20201111,12,O3_24h,常熟,118.0
20201111,12,O3_8h,常熟,51.0
20201111,12,O3_8h_24h,常熟,51.0
20201111,12,CO,常熟,1.0
20201111,12,CO_24h,常熟,0.73
20201111,13,AQI,常熟,52.0
20201111,13,PM2.5,常熟,29.0
20201111,13,PM2.5_24h,常熟,27.0
20201111,13,PM10,常熟,54.0
20201111,13,PM10_24h,常熟,59.0
20201111,13,SO2,常熟,7.0
20201111,13,SO2_24h,常熟,7.0
20201111,13,NO2,常熟,19.0
20201111,13,NO2_24h,常熟,42.0
20201111,13,O3,常熟,112.0
20201111,13,O3_24h,常熟,118.0
20201111,13,O3_8h,常熟,60.0
20201111,13,O3_8h_24h,常熟,60.0
20201111,13,CO,常熟,0.55
20201111,13,CO_24h,常熟,0.73
20201111,14,AQI,常熟,48.0
20201111,14,PM2.5,常熟,25.0
20201111,14,PM2.5_24h,常熟,28.0
20201111,14,PM10,常熟,48.0
20201111,14,PM10_24h,常熟,59.0
20201111,14,SO2,常熟,6.0
20201111,14,SO2_24h,常熟,7.0
20201111,14,NO2,常熟,17.0
20201111,14,NO2_24h,常熟,42.0
20201111,14,O3,常熟,113.0
20201111,14,O3_24h,常熟,118.0
20201111,14,O3_8h,常熟,68.0
20201111,14,O3_8h_24h,常熟,68.0
20201111,14,CO,常熟,0.5
20201111,14,CO_24h,常熟,0.73
20201111,15,AQI,常熟,44.0
20201111,15,PM2.5,常熟,23.0
20201111,15,PM2.5_24h,常熟,28.0
20201111,15,PM10,常熟,44.0
20201111,15,PM10_24h,常熟,59.0
20201111,15,SO2,常熟,5.0
20201111,15,SO2_24h,常熟,6.0
20201111,15,NO2,常熟,18.0
20201111,15,NO2_24h,常熟,42.0
20201111,15,O3,常熟,110.0
20201111,15,O3_24h,常熟,116.0
20201111,15,O3_8h,常熟,81.0
20201111,15,O3_8h_24h,常熟,81.0
20201111,15,CO,常熟,0.47
20201111,15,CO_24h,常熟,0.7
20201111,16,AQI,常熟,42.0
20201111,16,PM2.5,常熟,21.0
20201111,16,PM2.5_24h,常熟,28.0
20201111,16,PM10,常熟,42.0
20201111,16,PM10_24h,常熟,58.0
20201111,16,SO2,常熟,6.0
20201111,16,SO2_24h,常熟,6.0
20201111,16,NO2,常熟,23.0
20201111,16,NO2_24h,常熟,42.0
20201111,16,O3,常熟,103.0
20201111,16,O3_24h,常熟,114.0
20201111,16,O3_8h,常熟,93.0
20201111,16,O3_8h_24h,常熟,93.0
20201111,16,CO,常熟,0.47
20201111,16,CO_24h,常熟,0.7
20201111,17,AQI,常熟,40.0
20201111,17,PM2.5,常熟,20.0
20201111,17,PM2.5_24h,常熟,28.0
20201111,17,PM10,常熟,40.0
20201111,17,PM10_24h,常熟,57.0
20201111,17,SO2,常熟,6.0
20201111,17,SO2_24h,常熟,6.0
20201111,17,NO2,常熟,32.0
20201111,17,NO2_24h,常熟,42.0
20201111,17,O3,常熟,87.0
20201111,17,O3_24h,常熟,113.0
20201111,17,O3_8h,常熟,100.0
20201111,17,O3_8h_24h,常熟,100.0
20201111,17,CO,常熟,0.5
20201111,17,CO_24h,常熟,0.7
20201111,18,AQI,常熟,37.0
20201111,18,PM2.5,常熟,18.0
20201111,18,PM2.5_24h,常熟,26.0
20201111,18,PM10,常熟,37.0
20201111,18,PM10_24h,常熟,55.0
20201111,18,SO2,常熟,5.0
20201111,18,SO2_24h,常熟,6.0
20201111,18,NO2,常熟,41.0
20201111,18,NO2_24h,常熟,41.0
20201111,18,O3,常熟,68.0
20201111,18,O3_24h,常熟,113.0
20201111,18,O3_8h,常熟,99.0
20201111,18,O3_8h_24h,常熟,100.0
20201111,18,CO,常熟,0.5
20201111,18,CO_24h,常熟,0.7
20201111,19,AQI,常熟,30.0
20201111,19,PM2.5,常熟,18.0
20201111,19,PM2.5_24h,常熟,26.0
20201111,19,PM10,常熟,30.0
20201111,19,PM10_24h,常熟,52.0
20201111,19,SO2,常熟,5.0
20201111,19,SO2_24h,常熟,6.0
20201111,19,NO2,常熟,47.0
20201111,19,NO2_24h,常熟,40.0
20201111,19,O3,常熟,52.0
20201111,19,O3_24h,常熟,113.0
20201111,19,O3_8h,常熟,93.0
20201111,19,O3_8h_24h,常熟,100.0
20201111,19,CO,常熟,0.4
20201111,19,CO_24h,常熟,0.7
20201111,20,AQI,常熟,27.0
20201111,20,PM2.5,常熟,18.0
20201111,20,PM2.5_24h,常熟,25.0
20201111,20,PM10,常熟,27.0
20201111,20,PM10_24h,常熟,50.0
20201111,20,SO2,常熟,5.0
20201111,20,SO2_24h,常熟,6.0
20201111,20,NO2,常熟,52.0
20201111,20,NO2_24h,常熟,39.0
20201111,20,O3,常熟,42.0
20201111,20,O3_24h,常熟,113.0
20201111,20,O3_8h,常熟,84.0
20201111,20,O3_8h_24h,常熟,100.0
20201111,20,CO,常熟,0.4
20201111,20,CO_24h,常熟,0.67
20201111,21,AQI,常熟,27.0
20201111,21,PM2.5,常熟,16.0
20201111,21,PM2.5_24h,常熟,25.0
20201111,21,PM10,常熟,27.0
20201111,21,PM10_24h,常熟,49.0
20201111,21,SO2,常熟,4.0
20201111,21,SO2_24h,常熟,6.0
20201111,21,NO2,常熟,47.0
20201111,21,NO2_24h,常熟,38.0
20201111,21,O3,常熟,40.0
20201111,21,O3_24h,常熟,113.0
20201111,21,O3_8h,常熟,75.0
20201111,21,O3_8h_24h,常熟,100.0
20201111,21,CO,常熟,0.4
20201111,21,CO_24h,常熟,0.67
20201111,22,AQI,常熟,25.0
20201111,22,PM2.5,常熟,15.0
20201111,22,PM2.5_24h,常熟,25.0
20201111,22,PM10,常熟,25.0
20201111,22,PM10_24h,常熟,47.0
20201111,22,SO2,常熟,5.0
20201111,22,SO2_24h,常熟,6.0
20201111,22,NO2,常熟,48.0
20201111,22,NO2_24h,常熟,38.0
20201111,22,O3,常熟,34.0
20201111,22,O3_24h,常熟,113.0
20201111,22,O3_8h,常熟,67.0
20201111,22,O3_8h_24h,常熟,100.0
20201111,22,CO,常熟,0.43
20201111,22,CO_24h,常熟,0.63
20201111,23,AQI,常熟,22.0
20201111,23,PM2.5,常熟,15.0
20201111,23,PM2.5_24h,常熟,24.0
20201111,23,PM10,常熟,22.0
20201111,23,PM10_24h,常熟,46.0
20201111,23,SO2,常熟,4.0
20201111,23,SO2_24h,常熟,6.0
20201111,23,NO2,常熟,40.0
20201111,23,NO2_24h,常熟,38.0
20201111,23,O3,常熟,38.0
20201111,23,O3_24h,常熟,113.0
20201111,23,O3_8h,常熟,58.0
20201111,23,O3_8h_24h,常熟,100.0
20201111,23,CO,常熟,0.43
20201111,23,CO_24h,常熟,0.63
20201111,0,AQI,张家港,48.0
20201111,0,PM2.5,张家港,32.0
20201111,0,PM2.5_24h,张家港,33.0
20201111,0,PM10,张家港,48.0
20201111,0,PM10_24h,张家港,82.0
20201111,0,SO2,张家港,8.0
20201111,0,SO2_24h,张家港,8.0
20201111,0,NO2,张家港,40.0
20201111,0,NO2_24h,张家港,50.0
20201111,0,O3,张家港,47.0
20201111,0,O3_24h,张家港,112.0
20201111,0,O3_8h,张家港,48.0
20201111,0,O3_8h_24h,张家港,100.0
20201111,0,CO,张家港,0.4
20201111,0,CO_24h,张家港,0.55
20201111,1,AQI,张家港,57.0
20201111,1,PM2.5,张家港,34.0
20201111,1,PM2.5_24h,张家港,34.0
20201111,1,PM10,张家港,63.0
20201111,1,PM10_24h,张家港,80.0
20201111,1,SO2,张家港,7.0
20201111,1,SO2_24h,张家港,8.0
20201111,1,NO2,张家港,38.0
20201111,1,NO2_24h,张家港,50.0
20201111,1,O3,张家港,44.0
20201111,1,O3_24h,张家港,112.0
20201111,1,O3_8h,张家港,44.0
20201111,1,O3_8h_24h,张家港,44.0
20201111,1,CO,张家港,0.5
20201111,1,CO_24h,张家港,0.55
20201111,2,AQI,张家港,52.0
20201111,2,PM2.5,张家港,30.0
20201111,2,PM2.5_24h,张家港,34.0
20201111,2,PM10,张家港,53.0
20201111,2,PM10_24h,张家港,78.0
20201111,2,SO2,张家港,8.0
20201111,2,SO2_24h,张家港,8.0
20201111,2,NO2,张家港,57.0
20201111,2,NO2_24h,张家港,51.0
20201111,2,O3,张家港,23.0
20201111,2,O3_24h,张家港,112.0
20201111,2,O3_8h,张家港,34.0
20201111,2,O3_8h_24h,张家港,45.0
20201111,2,CO,张家港,0.5
20201111,2,CO_24h,张家港,0.55
20201111,3,AQI,张家港,50.0
20201111,3,PM2.5,张家港,33.0
20201111,3,PM2.5_24h,张家港,34.0
20201111,3,PM10,张家港,50.0
20201111,3,PM10_24h,张家港,76.0
20201111,3,SO2,张家港,7.0
20201111,3,SO2_24h,张家港,8.0
20201111,3,NO2,张家港,59.0
20201111,3,NO2_24h,张家港,51.0
20201111,3,O3,张家港,15.0
20201111,3,O3_24h,张家港,112.0
20201111,3,O3_8h,张家港,27.0
20201111,3,O3_8h_24h,张家港,45.0
20201111,3,CO,张家港,0.5
20201111,3,CO_24h,张家港,0.55
20201111,4,AQI,张家港,49.0
20201111,4,PM2.5,张家港,34.0
20201111,4,PM2.5_24h,张家港,34.0
20201111,4,PM10,张家港,48.0
20201111,4,PM10_24h,张家港,75.0
20201111,4,SO2,张家港,7.0
20201111,4,SO2_24h,张家港,8.0
20201111,4,NO2,张家港,54.0
20201111,4,NO2_24h,张家港,50.0
20201111,4,O3,张家港,11.0
20201111,4,O3_24h,张家港,112.0
20201111,4,O3_8h,张家港,24.0
20201111,4,O3_8h_24h,张家港,45.0
20201111,4,CO,张家港,0.55
20201111,4,CO_24h,张家港,0.55
20201111,5,AQI,张家港,51.0
20201111,5,PM2.5,张家港,36.0
20201111,5,PM2.5_24h,张家港,34.0
20201111,5,PM10,张家港,51.0
20201111,5,PM10_24h,张家港,73.0
20201111,5,SO2,张家港,8.0
20201111,5,SO2_24h,张家港,8.0
20201111,5,NO2,张家港,49.0
20201111,5,NO2_24h,张家港,49.0
20201111,5,O3,张家港,11.0
20201111,5,O3_24h,张家港,112.0
20201111,5,O3_8h,张家港,21.0
20201111,5,O3_8h_24h,张家港,45.0
20201111,5,CO,张家港,0.65
20201111,5,CO_24h,张家港,0.55
20201111,6,AQI,张家港,55.0
20201111,6,PM2.5,张家港,39.0
20201111,6,PM2.5_24h,张家港,33.0
20201111,6,PM10,张家港,53.0
20201111,6,PM10_24h,张家港,72.0
20201111,6,SO2,张家港,9.0
20201111,6,SO2_24h,张家港,8.0
20201111,6,NO2,张家港,54.0
20201111,6,NO2_24h,张家港,48.0
20201111,6,O3,张家港,10.0
20201111,6,O3_24h,张家港,112.0
20201111,6,O3_8h,张家港,19.0
20201111,6,O3_8h_24h,张家港,45.0
20201111,6,CO,张家港,0.6
20201111,6,CO_24h,张家港,0.55
20201111,8,AQI,张家港,70.0
20201111,8,PM2.5,张家港,43.0
20201111,8,PM2.5_24h,张家港,32.0
20201111,8,PM10,张家港,90.0
20201111,8,PM10_24h,张家港,70.0
20201111,8,SO2,张家港,8.0
20201111,8,SO2_24h,张家港,8.0
20201111,8,NO2,张家港,75.0
20201111,8,NO2_24h,张家港,48.0
20201111,8,O3,张家港,12.0
20201111,8,O3_24h,张家港,112.0
20201111,8,O3_8h,张家港,17.0
20201111,8,O3_8h_24h,张家港,45.0
20201111,8,CO,张家港,0.7
20201111,8,CO_24h,张家港,0.55
20201111,10,AQI,张家港,62.0
20201111,10,PM2.5,张家港,26.0
20201111,10,PM2.5_24h,张家港,32.0
20201111,10,PM10,张家港,74.0
20201111,10,PM10_24h,张家港,70.0
20201111,10,SO2,张家港,8.0
20201111,10,SO2_24h,张家港,8.0
20201111,10,NO2,张家港,30.0
20201111,10,NO2_24h,张家港,48.0
20201111,10,O3,张家港,82.0
20201111,10,O3_24h,张家港,112.0
20201111,10,O3_8h,张家港,24.0
20201111,10,O3_8h_24h,张家港,45.0
20201111,10,CO,张家港,0.6
20201111,10,CO_24h,张家港,0.55
20201111,11,AQI,张家港,58.0
20201111,11,PM2.5,张家港,26.0
20201111,11,PM2.5_24h,张家港,32.0
20201111,11,PM10,张家港,65.0
20201111,11,PM10_24h,张家港,69.0
20201111,11,SO2,张家港,8.0
20201111,11,SO2_24h,张家港,8.0
20201111,11,NO2,张家港,17.0
20201111,11,NO2_24h,张家港,48.0
20201111,11,O3,张家港,98.0
20201111,11,O3_24h,张家港,112.0
20201111,11,O3_8h,张家港,35.0
20201111,11,O3_8h_24h,张家港,45.0
20201111,11,CO,张家港,0.6
20201111,11,CO_24h,张家港,0.55
20201111,12,AQI,张家港,58.0
20201111,12,PM2.5,张家港,29.0
20201111,12,PM2.5_24h,张家港,32.0
20201111,12,PM10,张家港,65.0
20201111,12,PM10_24h,张家港,68.0
20201111,12,SO2,张家港,7.0
20201111,12,SO2_24h,张家港,8.0
20201111,12,NO2,张家港,16.0
20201111,12,NO2_24h,张家港,47.0
20201111,12,O3,张家港,102.0
20201111,12,O3_24h,张家港,112.0
20201111,12,O3_8h,张家港,46.0
20201111,12,O3_8h_24h,张家港,50.0
20201111,12,CO,张家港,0.6
20201111,12,CO_24h,张家港,0.55
20201111,13,AQI,张家港,58.0
20201111,13,PM2.5,张家港,30.0
20201111,13,PM2.5_24h,张家港,32.0
20201111,13,PM10,张家港,65.0
20201111,13,PM10_24h,张家港,68.0
20201111,13,SO2,张家港,7.0
20201111,13,SO2_24h,张家港,8.0
20201111,13,NO2,张家港,18.0
20201111,13,NO2_24h,张家港,47.0
20201111,13,O3,张家港,105.0
20201111,13,O3_24h,张家港,112.0
20201111,13,O3_8h,张家港,58.0
20201111,13,O3_8h_24h,张家港,58.0
20201111,13,CO,张家港,0.55
20201111,13,CO_24h,张家港,0.55
20201111,14,AQI,张家港,57.0
20201111,14,PM2.5,张家港,30.0
20201111,14,PM2.5_24h,张家港,32.0
20201111,14,PM10,张家港,63.0
20201111,14,PM10_24h,张家港,67.0
20201111,14,SO2,张家港,7.0
20201111,14,SO2_24h,张家港,8.0
20201111,14,NO2,张家港,22.0
20201111,14,NO2_24h,张家港,47.0
20201111,14,O3,张家港,102.0
20201111,14,O3_24h,张家港,108.0
20201111,14,O3_8h,张家港,69.0
20201111,14,O3_8h_24h,张家港,69.0
20201111,14,CO,张家港,0.55
20201111,14,CO_24h,张家港,0.55
20201111,15,AQI,张家港,58.0
20201111,15,PM2.5,张家港,31.0
20201111,15,PM2.5_24h,张家港,33.0
20201111,15,PM10,张家港,65.0
20201111,15,PM10_24h,张家港,68.0
20201111,15,SO2,张家港,7.0
20201111,15,SO2_24h,张家港,8.0
20201111,15,NO2,张家港,22.0
20201111,15,NO2_24h,张家港,47.0
20201111,15,O3,张家港,101.0
20201111,15,O3_24h,张家港,106.0
20201111,15,O3_8h,张家港,81.0
20201111,15,O3_8h_24h,张家港,81.0
20201111,15,CO,张家港,0.7
20201111,15,CO_24h,张家港,0.55
20201111,16,AQI,张家港,56.0
20201111,16,PM2.5,张家港,27.0
20201111,16,PM2.5_24h,张家港,33.0
20201111,16,PM10,张家港,61.0
20201111,16,PM10_24h,张家港,68.0
20201111,16,SO2,张家港,6.0
20201111,16,SO2_24h,张家港,8.0
20201111,16,NO2,张家港,25.0
20201111,16,NO2_24h,张家港,47.0
20201111,16,O3,张家港,94.0
20201111,16,O3_24h,张家港,105.0
20201111,16,O3_8h,张家港,91.0
20201111,16,O3_8h_24h,张家港,91.0
20201111,16,CO,张家港,0.55
20201111,16,CO_24h,张家港,0.55
20201111,17,AQI,张家港,56.0
20201111,17,PM2.5,张家港,23.0
20201111,17,PM2.5_24h,张家港,32.0
20201111,17,PM10,张家港,61.0
20201111,17,PM10_24h,张家港,67.0
20201111,17,SO2,张家港,6.0
20201111,17,SO2_24h,张家港,8.0
20201111,17,NO2,张家港,36.0
20201111,17,NO2_24h,张家港,47.0
20201111,17,O3,张家港,77.0
20201111,17,O3_24h,张家港,105.0
20201111,17,O3_8h,张家港,95.0
20201111,17,O3_8h_24h,张家港,95.0
20201111,17,CO,张家港,0.4
20201111,17,CO_24h,张家港,0.55
20201111,18,AQI,张家港,54.0
20201111,18,PM2.5,张家港,20.0
20201111,18,PM2.5_24h,张家港,32.0
20201111,18,PM10,张家港,58.0
20201111,18,PM10_24h,张家港,66.0
20201111,18,SO2,张家港,6.0
20201111,18,SO2_24h,张家港,8.0
20201111,18,NO2,张家港,51.0
20201111,18,NO2_24h,张家港,46.0
20201111,18,O3,张家港,54.0
20201111,18,O3_24h,张家港,105.0
20201111,18,O3_8h,张家港,92.0
20201111,18,O3_8h_24h,张家港,95.0
20201111,18,CO,张家港,0.4
20201111,18,CO_24h,张家港,0.55
20201111,19,AQI,张家港,54.0
20201111,19,PM2.5,张家港,22.0
20201111,19,PM2.5_24h,张家港,31.0
20201111,19,PM10,张家港,58.0
20201111,19,PM10_24h,张家港,64.0
20201111,19,SO2,张家港,6.0
20201111,19,SO2_24h,张家港,7.0
20201111,19,NO2,张家港,56.0
20201111,19,NO2_24h,张家港,45.0
20201111,19,O3,张家港,38.0
20201111,19,O3_24h,张家港,105.0
20201111,19,O3_8h,张家港,84.0
20201111,19,O3_8h_24h,张家港,95.0
20201111,19,CO,张家港,0.4
20201111,19,CO_24h,张家港,0.55
20201111,20,AQI,张家港,51.0
20201111,20,PM2.5,张家港,19.0
20201111,20,PM2.5_24h,张家港,31.0
20201111,20,PM10,张家港,51.0
20201111,20,PM10_24h,张家港,63.0
20201111,20,SO2,张家港,6.0
20201111,20,SO2_24h,张家港,7.0
20201111,20,NO2,张家港,46.0
20201111,20,NO2_24h,张家港,44.0
20201111,20,O3,张家港,39.0
20201111,20,O3_24h,张家港,105.0
20201111,20,O3_8h,张家港,76.0
20201111,20,O3_8h_24h,张家港,95.0
20201111,20,CO,张家港,0.45
20201111,20,CO_24h,张家港,0.55
20201111,21,AQI,张家港,64.0
20201111,21,PM2.5,张家港,28.0
20201111,21,PM2.5_24h,张家港,30.0
20201111,21,PM10,张家港,78.0
20201111,21,PM10_24h,张家港,63.0
20201111,21,SO2,张家港,6.0
20201111,21,SO2_24h,张家港,8.0
20201111,21,NO2,张家港,43.0
20201111,21,NO2_24h,张家港,44.0
20201111,21,O3,张家港,38.0
20201111,21,O3_24h,张家港,105.0
20201111,21,O3_8h,张家港,68.0
20201111,21,O3_8h_24h,张家港,95.0
20201111,21,CO,张家港,0.85
20201111,21,CO_24h,张家港,0.55
20201111,22,AQI,张家港,55.0
20201111,22,PM2.5,张家港,25.0
20201111,22,PM2.5_24h,张家港,30.0
20201111,22,PM10,张家港,60.0
20201111,22,PM10_24h,张家港,63.0
20201111,22,SO2,张家港,8.0
20201111,22,SO2_24h,张家港,7.0
20201111,22,NO2,张家港,44.0
20201111,22,NO2_24h,张家港,43.0
20201111,22,O3,张家港,37.0
20201111,22,O3_24h,张家港,105.0
20201111,22,O3_8h,张家港,60.0
20201111,22,O3_8h_24h,张家港,95.0
20201111,22,CO,张家港,0.8
20201111,22,CO_24h,张家港,0.55
20201111,23,AQI,张家港,37.0
20201111,23,PM2.5,张家港,18.0
20201111,23,PM2.5_24h,张家港,30.0
20201111,23,PM10,张家港,37.0
20201111,23,PM10_24h,张家港,63.0
20201111,23,SO2,张家港,8.0
20201111,23,SO2_24h,张家港,7.0
20201111,23,NO2,张家港,42.0
20201111,23,NO2_24h,张家港,43.0
20201111,23,O3,张家港,37.0
20201111,23,O3_24h,张家港,105.0
20201111,23,O3_8h,张家港,52.0
20201111,23,O3_8h_24h,张家港,95.0
20201111,23,CO,张家港,0.6
20201111,23,CO_24h,张家港,0.55
20201111,0,AQI,太仓,34.0
20201111,0,PM2.5,太仓,13.0
20201111,0,PM2.5_24h,太仓,22.0
20201111,0,PM10,太仓,34.0
20201111,0,PM10_24h,太仓,55.0
20201111,0,SO2,太仓,6.0
20201111,0,SO2_24h,太仓,8.0
20201111,0,NO2,太仓,42.0
20201111,0,NO2_24h,太仓,47.0
20201111,0,O3,太仓,51.0
20201111,0,O3_24h,太仓,125.0
20201111,0,O3_8h,太仓,53.0
20201111,0,O3_8h_24h,太仓,112.0
20201111,0,CO,太仓,0.5
20201111,0,CO_24h,太仓,0.7
20201111,1,AQI,太仓,33.0
20201111,1,PM2.5,太仓,13.0
20201111,1,PM2.5_24h,太仓,22.0
20201111,1,PM10,太仓,33.0
20201111,1,PM10_24h,太仓,53.0
20201111,1,SO2,太仓,6.0
20201111,1,SO2_24h,太仓,8.0
20201111,1,NO2,太仓,40.0
20201111,1,NO2_24h,太仓,46.0
20201111,1,O3,太仓,42.0
20201111,1,O3_24h,太仓,125.0
20201111,1,O3_8h,太仓,42.0
20201111,1,O3_8h_24h,太仓,42.0
20201111,1,CO,太仓,0.5
20201111,1,CO_24h,太仓,0.7
20201111,2,AQI,太仓,39.0
20201111,2,PM2.5,太仓,17.0
20201111,2,PM2.5_24h,太仓,21.0
20201111,2,PM10,太仓,39.0
20201111,2,PM10_24h,太仓,52.0
20201111,2,SO2,太仓,6.0
20201111,2,SO2_24h,太仓,8.0
20201111,2,NO2,太仓,43.0
20201111,2,NO2_24h,太仓,46.0
20201111,2,O3,太仓,27.0
20201111,2,O3_24h,太仓,125.0
20201111,2,O3_8h,太仓,34.0
20201111,2,O3_8h_24h,太仓,42.0
20201111,2,CO,太仓,0.6
20201111,2,CO_24h,太仓,0.7
20201111,3,AQI,太仓,44.0
20201111,3,PM2.5,太仓,20.0
20201111,3,PM2.5_24h,太仓,21.0
20201111,3,PM10,太仓,44.0
20201111,3,PM10_24h,太仓,51.0
20201111,3,SO2,太仓,7.0
20201111,3,SO2_24h,太仓,8.0
20201111,3,NO2,太仓,62.0
20201111,3,NO2_24h,太仓,46.0
20201111,3,O3,太仓,5.0
20201111,3,O3_24h,太仓,125.0
20201111,3,O3_8h,太仓,25.0
20201111,3,O3_8h_24h,太仓,42.0
20201111,3,CO,太仓,0.7
20201111,3,CO_24h,太仓,0.7
20201111,4,AQI,太仓,69.0
20201111,4,PM2.5,太仓,45.0
20201111,4,PM2.5_24h,太仓,21.0
20201111,4,PM10,太仓,88.0
20201111,4,PM10_24h,太仓,51.0
20201111,4,SO2,太仓,9.0
20201111,4,SO2_24h,太仓,8.0
20201111,4,NO2,太仓,75.0
20201111,4,NO2_24h,太仓,47.0
20201111,4,O3,太仓,5.0
20201111,4,O3_24h,太仓,125.0
20201111,4,O3_8h,太仓,20.0
20201111,4,O3_8h_24h,太仓,42.0
20201111,4,CO,太仓,0.8
20201111,4,CO_24h,太仓,0.7
20201111,5,AQI,太仓,64.0
20201111,5,PM2.5,太仓,42.0
20201111,5,PM2.5_24h,太仓,22.0
20201111,5,PM10,太仓,78.0
20201111,5,PM10_24h,太仓,51.0
20201111,5,SO2,太仓,9.0
20201111,5,SO2_24h,太仓,8.0
20201111,5,NO2,太仓,72.0
20201111,5,NO2_24h,太仓,47.0
20201111,5,O3,太仓,6.0
20201111,5,O3_24h,太仓,125.0
20201111,5,O3_8h,太仓,17.0
20201111,5,O3_8h_24h,太仓,42.0
20201111,5,CO,太仓,0.8
20201111,5,CO_24h,太仓,0.6
20201111,6,AQI,太仓,65.0
20201111,6,PM2.5,太仓,44.0
20201111,6,PM2.5_24h,太仓,22.0
20201111,6,PM10,太仓,79.0
20201111,6,PM10_24h,太仓,51.0
20201111,6,SO2,太仓,11.0
20201111,6,SO2_24h,太仓,8.0
20201111,6,NO2,太仓,75.0
20201111,6,NO2_24h,太仓,46.0
20201111,6,O3,太仓,7.0
20201111,6,O3_24h,太仓,125.0
20201111,6,O3_8h,太仓,15.0
20201111,6,O3_8h_24h,太仓,42.0
20201111,6,CO,太仓,0.8
20201111,6,CO_24h,太仓,0.6
20201111,8,AQI,太仓,53.0
20201111,8,PM2.5,太仓,28.0
20201111,8,PM2.5_24h,太仓,22.0
20201111,8,PM10,太仓,55.0
20201111,8,PM10_24h,太仓,50.0
20201111,8,SO2,太仓,10.0
20201111,8,SO2_24h,太仓,8.0
20201111,8,NO2,太仓,78.0
20201111,8,NO2_24h,太仓,46.0
20201111,8,O3,太仓,24.0
20201111,8,O3_24h,太仓,125.0
20201111,8,O3_8h,太仓,16.0
20201111,8,O3_8h_24h,太仓,42.0
20201111,8,CO,太仓,0.6
20201111,8,CO_24h,太仓,0.6
20201111,10,AQI,太仓,51.0
20201111,10,PM2.5,太仓,23.0
20201111,10,PM2.5_24h,太仓,22.0
20201111,10,PM10,太仓,52.0
20201111,10,PM10_24h,太仓,50.0
20201111,10,SO2,太仓,9.0
20201111,10,SO2_24h,太仓,8.0
20201111,10,NO2,太仓,32.0
20201111,10,NO2_24h,太仓,47.0
20201111,10,O3,太仓,91.0
20201111,10,O3_24h,太仓,125.0
20201111,10,O3_8h,太仓,25.0
20201111,10,O3_8h_24h,太仓,42.0
20201111,10,CO,太仓,0.6
20201111,10,CO_24h,太仓,0.6
20201111,11,AQI,太仓,47.0
20201111,11,PM2.5,太仓,20.0
20201111,11,PM2.5_24h,太仓,22.0
20201111,11,PM10,太仓,47.0
20201111,11,PM10_24h,太仓,50.0
20201111,11,SO2,太仓,8.0
20201111,11,SO2_24h,太仓,8.0
20201111,11,NO2,太仓,13.0
20201111,11,NO2_24h,太仓,47.0
20201111,11,O3,太仓,115.0
20201111,11,O3_24h,太仓,125.0
20201111,11,O3_8h,太仓,39.0
20201111,11,O3_8h_24h,太仓,42.0
20201111,11,CO,太仓,0.6
20201111,11,CO_24h,太仓,0.6
20201111,12,AQI,太仓,44.0
20201111,12,PM2.5,太仓,20.0
20201111,12,PM2.5_24h,太仓,22.0
20201111,12,PM10,太仓,44.0
20201111,12,PM10_24h,太仓,50.0
20201111,12,SO2,太仓,8.0
20201111,12,SO2_24h,太仓,8.0
20201111,12,NO2,太仓,13.0
20201111,12,NO2_24h,太仓,47.0
20201111,12,O3,太仓,118.0
20201111,12,O3_24h,太仓,125.0
20201111,12,O3_8h,太仓,53.0
20201111,12,O3_8h_24h,太仓,53.0
20201111,12,CO,太仓,0.6
20201111,12,CO_24h,太仓,0.6
20201111,13,AQI,太仓,40.0
20201111,13,PM2.5,太仓,18.0
20201111,13,PM2.5_24h,太仓,22.0
20201111,13,PM10,太仓,40.0
20201111,13,PM10_24h,太仓,49.0
20201111,13,SO2,太仓,7.0
20201111,13,SO2_24h,太仓,8.0
20201111,13,NO2,太仓,12.0
20201111,13,NO2_24h,太仓,47.0
20201111,13,O3,太仓,121.0
20201111,13,O3_24h,太仓,125.0
20201111,13,O3_8h,太仓,68.0
20201111,13,O3_8h_24h,太仓,68.0
20201111,13,CO,太仓,0.5
20201111,13,CO_24h,太仓,0.6
20201111,14,AQI,太仓,37.0
20201111,14,PM2.5,太仓,14.0
20201111,14,PM2.5_24h,太仓,22.0
20201111,14,PM10,太仓,32.0
20201111,14,PM10_24h,太仓,49.0
20201111,14,SO2,太仓,6.0
20201111,14,SO2_24h,太仓,8.0
20201111,14,NO2,太仓,11.0
20201111,14,NO2_24h,太仓,47.0
20201111,14,O3,太仓,118.0
20201111,14,O3_24h,太仓,125.0
20201111,14,O3_8h,太仓,81.0
20201111,14,O3_8h_24h,太仓,81.0
20201111,14,CO,太仓,0.5
20201111,14,CO_24h,太仓,0.6
20201111,15,AQI,太仓,35.0
20201111,15,PM2.5,太仓,10.0
20201111,15,PM2.5_24h,太仓,21.0
20201111,15,PM10,太仓,24.0
20201111,15,PM10_24h,太仓,48.0
20201111,15,SO2,太仓,6.0
20201111,15,SO2_24h,太仓,8.0
20201111,15,NO2,太仓,12.0
20201111,15,NO2_24h,太仓,47.0
20201111,15,O3,太仓,111.0
20201111,15,O3_24h,太仓,121.0
20201111,15,O3_8h,太仓,94.0
20201111,15,O3_8h_24h,太仓,94.0
20201111,15,CO,太仓,0.4
20201111,15,CO_24h,太仓,0.6
20201111,16,AQI,太仓,33.0
20201111,16,PM2.5,太仓,10.0
20201111,16,PM2.5_24h,太仓,21.0
20201111,16,PM10,太仓,22.0
20201111,16,PM10_24h,太仓,47.0
20201111,16,SO2,太仓,6.0
20201111,16,SO2_24h,太仓,8.0
20201111,16,NO2,太仓,14.0
20201111,16,NO2_24h,太仓,47.0
20201111,16,O3,太仓,104.0
20201111,16,O3_24h,太仓,121.0
20201111,16,O3_8h,太仓,104.0
20201111,16,O3_8h_24h,太仓,104.0
20201111,16,CO,太仓,0.4
20201111,16,CO_24h,太仓,0.6
20201111,17,AQI,太仓,29.0
20201111,17,PM2.5,太仓,8.0
20201111,17,PM2.5_24h,太仓,21.0
20201111,17,PM10,太仓,20.0
20201111,17,PM10_24h,太仓,46.0
20201111,17,SO2,太仓,5.0
20201111,17,SO2_24h,太仓,7.0
20201111,17,NO2,太仓,16.0
20201111,17,NO2_24h,太仓,47.0
20201111,17,O3,太仓,94.0
20201111,17,O3_24h,太仓,121.0
20201111,17,O3_8h,太仓,109.0
20201111,17,O3_8h_24h,太仓,109.0
20201111,17,CO,太仓,0.4
20201111,17,CO_24h,太仓,0.6
20201111,18,AQI,太仓,24.0
20201111,18,PM2.5,太仓,10.0
20201111,18,PM2.5_24h,太仓,21.0
20201111,18,PM10,太仓,24.0
20201111,18,PM10_24h,太仓,45.0
20201111,18,SO2,太仓,6.0
20201111,18,SO2_24h,太仓,7.0
20201111,18,NO2,太仓,26.0
20201111,18,NO2_24h,太仓,46.0
20201111,18,O3,太仓,76.0
20201111,18,O3_24h,太仓,121.0
20201111,18,O3_8h,太仓,107.0
20201111,18,O3_8h_24h,太仓,109.0
20201111,18,CO,太仓,0.4
20201111,18,CO_24h,太仓,0.6
20201111,19,AQI,太仓,27.0
20201111,19,PM2.5,太仓,10.0
20201111,19,PM2.5_24h,太仓,20.0
20201111,19,PM10,太仓,27.0
20201111,19,PM10_24h,太仓,44.0
20201111,19,SO2,太仓,5.0
20201111,19,SO2_24h,太仓,7.0
20201111,19,NO2,太仓,29.0
20201111,19,NO2_24h,太仓,44.0
20201111,19,O3,太仓,68.0
20201111,19,O3_24h,太仓,121.0
20201111,19,O3_8h,太仓,101.0
20201111,19,O3_8h_24h,太仓,109.0
20201111,19,CO,太仓,0.4
20201111,19,CO_24h,太仓,0.6
20201111,20,AQI,太仓,21.0
20201111,20,PM2.5,太仓,8.0
20201111,20,PM2.5_24h,太仓,20.0
20201111,20,PM10,太仓,21.0
20201111,20,PM10_24h,太仓,43.0
20201111,20,SO2,太仓,5.0
20201111,20,SO2_24h,太仓,7.0
20201111,20,NO2,太仓,26.0
20201111,20,NO2_24h,太仓,42.0
20201111,20,O3,太仓,68.0
20201111,20,O3_24h,太仓,121.0
20201111,20,O3_8h,太仓,95.0
20201111,20,O3_8h_24h,太仓,109.0
20201111,20,CO,太仓,0.5
20201111,20,CO_24h,太仓,0.6
20201111,21,AQI,太仓,24.0
20201111,21,PM2.5,太仓,9.0
20201111,21,PM2.5_24h,太仓,20.0
20201111,21,PM10,太仓,24.0
20201111,21,PM10_24h,太仓,42.0
20201111,21,SO2,太仓,5.0
20201111,21,SO2_24h,太仓,7.0
20201111,21,NO2,太仓,34.0
20201111,21,NO2_24h,太仓,41.0
20201111,21,O3,太仓,58.0
20201111,21,O3_24h,太仓,121.0
20201111,21,O3_8h,太仓,87.0
20201111,21,O3_8h_24h,太仓,109.0
20201111,21,CO,太仓,0.5
20201111,21,CO_24h,太仓,0.6
20201111,22,AQI,太仓,29.0
20201111,22,PM2.5,太仓,11.0
20201111,22,PM2.5_24h,太仓,20.0
20201111,22,PM10,太仓,29.0
20201111,22,PM10_24h,太仓,42.0
20201111,22,SO2,太仓,6.0
20201111,22,SO2_24h,太仓,7.0
20201111,22,NO2,太仓,48.0
20201111,22,NO2_24h,太仓,40.0
20201111,22,O3,太仓,42.0
20201111,22,O3_24h,太仓,121.0
20201111,22,O3_8h,太仓,78.0
20201111,22,O3_8h_24h,太仓,109.0
20201111,22,CO,太仓,0.6
20201111,22,CO_24h,太仓,0.6
20201111,23,AQI,太仓,29.0
20201111,23,PM2.5,太仓,12.0
20201111,23,PM2.5_24h,太仓,20.0
20201111,23,PM10,太仓,29.0
20201111,23,PM10_24h,太仓,42.0
20201111,23,SO2,太仓,7.0
20201111,23,SO2_24h,太仓,7.0
20201111,23,NO2,太仓,47.0
20201111,23,NO2_24h,太仓,40.0
20201111,23,O3,太仓,38.0
20201111,23,O3_24h,太仓,121.0
20201111,23,O3_8h,太仓,68.0
20201111,23,O3_8h_24h,太仓,109.0
20201111,23,CO,太仓,0.6
20201111,23,CO_24h,太仓,0.6
20201111,0,AQI,句容,92.0
20201111,0,PM2.5,句容,62.0
20201111,0,PM2.5_24h,句容,54.0
20201111,0,PM10,句容,134.0
20201111,0,PM10_24h,句容,127.0
20201111,0,SO2,句容,12.0
20201111,0,SO2_24h,句容,14.0
20201111,0,NO2,句容,79.0
20201111,0,NO2_24h,句容,61.0
20201111,0,O3,句容,8.0
20201111,0,O3_24h,句容,138.0
20201111,0,O3_8h,句容,47.0
20201111,0,O3_8h_24h,句容,116.0
20201111,0,CO,句容,0.95
20201111,0,CO_24h,句容,0.8
20201111,1,AQI,句容,93.0
20201111,1,PM2.5,句容,66.0
20201111,1,PM2.5_24h,句容,56.0
20201111,1,PM10,句容,136.0
20201111,1,PM10_24h,句容,128.0
20201111,1,SO2,句容,14.0
20201111,1,SO2_24h,句容,14.0
20201111,1,NO2,句容,87.0
20201111,1,NO2_24h,句容,62.0
20201111,1,O3,句容,8.0
20201111,1,O3_24h,句容,138.0
20201111,1,O3_8h,句容,8.0
20201111,1,O3_8h_24h,句容,8.0
20201111,1,CO,句容,1.1
20201111,1,CO_24h,句容,0.8
20201111,2,AQI,句容,88.0
20201111,2,PM2.5,句容,63.0
20201111,2,PM2.5_24h,句容,56.0
20201111,2,PM10,句容,126.0
20201111,2,PM10_24h,句容,128.0
20201111,2,SO2,句容,14.0
20201111,2,SO2_24h,句容,14.0
20201111,2,NO2,句容,86.0
20201111,2,NO2_24h,句容,64.0
20201111,2,O3,句容,7.0
20201111,2,O3_24h,句容,138.0
20201111,2,O3_8h,句容,8.0
20201111,2,O3_8h_24h,句容,8.0
20201111,2,CO,句容,1.1
20201111,2,CO_24h,句容,0.85
20201111,3,AQI,句容,86.0
20201111,3,PM2.5,句容,61.0
20201111,3,PM2.5_24h,句容,56.0
20201111,3,PM10,句容,122.0
20201111,3,PM10_24h,句容,126.0
20201111,3,SO2,句容,14.0
20201111,3,SO2_24h,句容,14.0
20201111,3,NO2,句容,81.0
20201111,3,NO2_24h,句容,64.0
20201111,3,O3,句容,7.0
20201111,3,O3_24h,句容,138.0
20201111,3,O3_8h,句容,7.0
20201111,3,O3_8h_24h,句容,8.0
20201111,3,CO,句容,1.1
20201111,3,CO_24h,句容,0.9
20201111,4,AQI,句容,83.0
20201111,4,PM2.5,句容,59.0
20201111,4,PM2.5_24h,句容,56.0
20201111,4,PM10,句容,116.0
20201111,4,PM10_24h,句容,124.0
20201111,4,SO2,句容,14.0
20201111,4,SO2_24h,句容,14.0
20201111,4,NO2,句容,76.0
20201111,4,NO2_24h,句容,64.0
20201111,4,O3,句容,7.0
20201111,4,O3_24h,句容,138.0
20201111,4,O3_8h,句容,7.0
20201111,4,O3_8h_24h,句容,8.0
20201111,4,CO,句容,1.0
20201111,4,CO_24h,句容,0.9
20201111,5,AQI,句容,80.0
20201111,5,PM2.5,句容,56.0
20201111,5,PM2.5_24h,句容,56.0
20201111,5,PM10,句容,109.0
20201111,5,PM10_24h,句容,122.0
20201111,5,SO2,句容,14.0
20201111,5,SO2_24h,句容,14.0
20201111,5,NO2,句容,74.0
20201111,5,NO2_24h,句容,64.0
20201111,5,O3,句容,6.0
20201111,5,O3_24h,句容,138.0
20201111,5,O3_8h,句容,7.0
20201111,5,O3_8h_24h,句容,8.0
20201111,5,CO,句容,1.05
20201111,5,CO_24h,句容,0.9
20201111,6,AQI,句容,80.0
20201111,6,PM2.5,句容,57.0
20201111,6,PM2.5_24h,句容,56.0
20201111,6,PM10,句容,109.0
20201111,6,PM10_24h,句容,120.0
20201111,6,SO2,句容,13.0
20201111,6,SO2_24h,句容,14.0
20201111,6,NO2,句容,70.0
20201111,6,NO2_24h,句容,64.0
20201111,6,O3,句容,7.0
20201111,6,O3_24h,句容,138.0
20201111,6,O3_8h,句容,7.0
20201111,6,O3_8h_24h,句容,8.0
20201111,6,CO,句容,1.0
20201111,6,CO_24h,句容,0.9
20201111,8,AQI,句容,79.0
20201111,8,PM2.5,句容,57.0
20201111,8,PM2.5_24h,句容,55.0
20201111,8,PM10,句容,108.0
20201111,8,PM10_24h,句容,117.0
20201111,8,SO2,句容,15.0
20201111,8,SO2_24h,句容,14.0
20201111,8,NO2,句容,62.0
20201111,8,NO2_24h,句容,64.0
20201111,8,O3,句容,15.0
20201111,8,O3_24h,句容,138.0
20201111,8,O3_8h,句容,8.0
20201111,8,O3_8h_24h,句容,8.0
20201111,8,CO,句容,1.1
20201111,8,CO_24h,句容,0.9
20201111,10,AQI,句容,57.0
20201111,10,PM2.5,句容,39.0
20201111,10,PM2.5_24h,句容,54.0
20201111,10,PM10,句容,64.0
20201111,10,PM10_24h,句容,112.0
20201111,10,SO2,句容,16.0
20201111,10,SO2_24h,句容,14.0
20201111,10,NO2,句容,41.0
20201111,10,NO2_24h,句容,63.0
20201111,10,O3,句容,62.0
20201111,10,O3_24h,句容,138.0
20201111,10,O3_8h,句容,18.0
20201111,10,O3_8h_24h,句容,18.0
20201111,10,CO,句容,0.75
20201111,10,CO_24h,句容,0.9
20201111,11,AQI,句容,40.0
20201111,11,PM2.5,句容,23.0
20201111,11,PM2.5_24h,句容,52.0
20201111,11,PM10,句容,40.0
20201111,11,PM10_24h,句容,110.0
20201111,11,SO2,句容,14.0
20201111,11,SO2_24h,句容,14.0
20201111,11,NO2,句容,22.0
20201111,11,NO2_24h,句容,62.0
20201111,11,O3,句容,96.0
20201111,11,O3_24h,句容,138.0
20201111,11,O3_8h,句容,29.0
20201111,11,O3_8h_24h,句容,29.0
20201111,11,CO,句容,0.8
20201111,11,CO_24h,句容,0.9
20201111,12,AQI,句容,46.0
20201111,12,PM2.5,句容,27.0
20201111,12,PM2.5_24h,句容,52.0
20201111,12,PM10,句容,46.0
20201111,12,PM10_24h,句容,108.0
20201111,12,SO2,句容,13.0
20201111,12,SO2_24h,句容,13.0
20201111,12,NO2,句容,25.0
20201111,12,NO2_24h,句容,62.0
20201111,12,O3,句容,103.0
20201111,12,O3_24h,句容,138.0
20201111,12,O3_8h,句容,41.0
20201111,12,O3_8h_24h,句容,41.0
20201111,12,CO,句容,0.8
20201111,12,CO_24h,句容,0.9
20201111,13,AQI,句容,53.0
20201111,13,PM2.5,句容,34.0
20201111,13,PM2.5_24h,句容,51.0
20201111,13,PM10,句容,56.0
20201111,13,PM10_24h,句容,106.0
20201111,13,SO2,句容,14.0
20201111,13,SO2_24h,句容,13.0
20201111,13,NO2,句容,27.0
20201111,13,NO2_24h,句容,62.0
20201111,13,O3,句容,113.0
20201111,13,O3_24h,句容,138.0
20201111,13,O3_8h,句容,54.0
20201111,13,O3_8h_24h,句容,54.0
20201111,13,CO,句容,0.85
20201111,13,CO_24h,句容,0.9
20201111,14,AQI,句容,58.0
20201111,14,PM2.5,句容,39.0
20201111,14,PM2.5_24h,句容,51.0
20201111,14,PM10,句容,65.0
20201111,14,PM10_24h,句容,104.0
20201111,14,SO2,句容,13.0
20201111,14,SO2_24h,句容,13.0
20201111,14,NO2,句容,28.0
20201111,14,NO2_24h,句容,62.0
20201111,14,O3,句容,121.0
20201111,14,O3_24h,句容,138.0
20201111,14,O3_8h,句容,68.0
20201111,14,O3_8h_24h,句容,68.0
20201111,14,CO,句容,0.8
20201111,14,CO_24h,句容,0.9
20201111,15,AQI,句容,61.0
20201111,15,PM2.5,句容,40.0
20201111,15,PM2.5_24h,句容,51.0
20201111,15,PM10,句容,72.0
20201111,15,PM10_24h,句容,104.0
20201111,15,SO2,句容,12.0
20201111,15,SO2_24h,句容,13.0
20201111,15,NO2,句容,33.0
20201111,15,NO2_24h,句容,63.0
20201111,15,O3,句容,120.0
20201111,15,O3_24h,句容,138.0
20201111,15,O3_8h,句容,82.0
20201111,15,O3_8h_24h,句容,82.0
20201111,15,CO,句容,0.75
20201111,15,CO_24h,句容,0.9
20201111,16,AQI,句容,61.0
20201111,16,PM2.5,句容,37.0
20201111,16,PM2.5_24h,句容,51.0
20201111,16,PM10,句容,71.0
20201111,16,PM10_24h,句容,103.0
20201111,16,SO2,句容,12.0
20201111,16,SO2_24h,句容,13.0
20201111,16,NO2,句容,30.0
20201111,16,NO2_24h,句容,62.0
20201111,16,O3,句容,124.0
20201111,16,O3_24h,句容,130.0
20201111,16,O3_8h,句容,94.0
20201111,16,O3_8h_24h,句容,94.0
20201111,16,CO,句容,0.7
20201111,16,CO_24h,句容,0.9
20201111,17,AQI,句容,55.0
20201111,17,PM2.5,句容,27.0
20201111,17,PM2.5_24h,句容,50.0
20201111,17,PM10,句容,59.0
20201111,17,PM10_24h,句容,101.0
20201111,17,SO2,句容,10.0
20201111,17,SO2_24h,句容,13.0
20201111,17,NO2,句容,29.0
20201111,17,NO2_24h,句容,62.0
20201111,17,O3,句容,111.0
20201111,17,O3_24h,句容,123.0
20201111,17,O3_8h,句容,105.0
20201111,17,O3_8h_24h,句容,105.0
20201111,17,CO,句容,0.6
20201111,17,CO_24h,句容,0.9
20201111,18,AQI,句容,59.0
20201111,18,PM2.5,句容,32.0
20201111,18,PM2.5_24h,句容,49.0
20201111,18,PM10,句容,68.0
20201111,18,PM10_24h,句容,99.0
20201111,18,SO2,句容,11.0
20201111,18,SO2_24h,句容,13.0
20201111,18,NO2,句容,32.0
20201111,18,NO2_24h,句容,60.0
20201111,18,O3,句容,96.0
20201111,18,O3_24h,句容,123.0
20201111,18,O3_8h,句容,110.0
20201111,18,O3_8h_24h,句容,110.0
20201111,18,CO,句容,0.6
20201111,18,CO_24h,句容,0.9
20201111,19,AQI,句容,65.0
20201111,19,PM2.5,句容,39.0
20201111,19,PM2.5_24h,句容,48.0
20201111,19,PM10,句容,79.0
20201111,19,PM10_24h,句容,97.0
20201111,19,SO2,句容,10.0
20201111,19,SO2_24h,句容,13.0
20201111,19,NO2,句容,38.0
20201111,19,NO2_24h,句容,58.0
20201111,19,O3,句容,89.0
20201111,19,O3_24h,句容,123.0
20201111,19,O3_8h,句容,109.0
20201111,19,O3_8h_24h,句容,110.0
20201111,19,CO,句容,0.6
20201111,19,CO_24h,句容,0.9
20201111,20,AQI,句容,76.0
20201111,20,PM2.5,句容,50.0
20201111,20,PM2.5_24h,句容,49.0
20201111,20,PM10,句容,101.0
20201111,20,PM10_24h,句容,96.0
20201111,20,SO2,句容,12.0
20201111,20,SO2_24h,句容,13.0
20201111,20,NO2,句容,75.0
20201111,20,NO2_24h,句容,57.0
20201111,20,O3,句容,37.0
20201111,20,O3_24h,句容,123.0
20201111,20,O3_8h,句容,100.0
20201111,20,O3_8h_24h,句容,110.0
20201111,20,CO,句容,0.75
20201111,20,CO_24h,句容,0.9
20201111,21,AQI,句容,83.0
20201111,21,PM2.5,句容,56.0
20201111,21,PM2.5_24h,句容,48.0
20201111,21,PM10,句容,115.0
20201111,21,PM10_24h,句容,95.0
20201111,21,SO2,句容,13.0
20201111,21,SO2_24h,句容,13.0
20201111,21,NO2,句容,83.0
20201111,21,NO2_24h,句容,57.0
20201111,21,O3,句容,15.0
20201111,21,O3_24h,句容,123.0
20201111,21,O3_8h,句容,87.0
20201111,21,O3_8h_24h,句容,110.0
20201111,21,CO,句容,0.7
20201111,21,CO_24h,句容,0.9
20201111,22,AQI,句容,88.0
20201111,22,PM2.5,句容,64.0
20201111,22,PM2.5_24h,句容,48.0
20201111,22,PM10,句容,125.0
20201111,22,PM10_24h,句容,94.0
20201111,22,SO2,句容,15.0
20201111,22,SO2_24h,句容,13.0
20201111,22,NO2,句容,83.0
20201111,22,NO2_24h,句容,57.0
20201111,22,O3,句容,14.0
20201111,22,O3_24h,句容,123.0
20201111,22,O3_8h,句容,73.0
20201111,22,O3_8h_24h,句容,110.0
20201111,22,CO,句容,0.8
20201111,22,CO_24h,句容,0.9
20201111,23,AQI,句容,91.0
20201111,23,PM2.5,句容,68.0
20201111,23,PM2.5_24h,句容,49.0
20201111,23,PM10,句容,126.0
20201111,23,PM10_24h,句容,94.0
20201111,23,SO2,句容,15.0
20201111,23,SO2_24h,句容,13.0
20201111,23,NO2,句容,80.0
20201111,23,NO2_24h,句容,57.0
20201111,23,O3,句容,14.0
20201111,23,O3_24h,句容,123.0
20201111,23,O3_8h,句容,58.0
20201111,23,O3_8h_24h,句容,110.0
20201111,23,CO,句容,0.9
20201111,23,CO_24h,句容,0.9
20201111,0,AQI,江阴,69.0
20201111,0,PM2.5,江阴,42.0
20201111,0,PM2.5_24h,江阴,41.0
20201111,0,PM10,江阴,87.0
20201111,0,PM10_24h,江阴,97.0
20201111,0,SO2,江阴,8.0
20201111,0,SO2_24h,江阴,13.0
20201111,0,NO2,江阴,59.0
20201111,0,NO2_24h,江阴,65.0
20201111,0,O3,江阴,40.0
20201111,0,O3_24h,江阴,100.0
20201111,0,O3_8h,江阴,47.0
20201111,0,O3_8h_24h,江阴,88.0
20201111,0,CO,江阴,0.63
20201111,0,CO_24h,江阴,0.9
20201111,1,AQI,江阴,69.0
20201111,1,PM2.5,江阴,42.0
20201111,1,PM2.5_24h,江阴,42.0
20201111,1,PM10,江阴,88.0
20201111,1,PM10_24h,江阴,96.0
20201111,1,SO2,江阴,9.0
20201111,1,SO2_24h,江阴,13.0
20201111,1,NO2,江阴,64.0
20201111,1,NO2_24h,江阴,65.0
20201111,1,O3,江阴,33.0
20201111,1,O3_24h,江阴,100.0
20201111,1,O3_8h,江阴,33.0
20201111,1,O3_8h_24h,江阴,33.0
20201111,1,CO,江阴,0.83
20201111,1,CO_24h,江阴,0.9
20201111,2,AQI,江阴,69.0
20201111,2,PM2.5,江阴,45.0
20201111,2,PM2.5_24h,江阴,42.0
20201111,2,PM10,江阴,88.0
20201111,2,PM10_24h,江阴,96.0
20201111,2,SO2,江阴,9.0
20201111,2,SO2_24h,江阴,12.0
20201111,2,NO2,江阴,67.0
20201111,2,NO2_24h,江阴,66.0
20201111,2,O3,江阴,27.0
20201111,2,O3_24h,江阴,100.0
20201111,2,O3_8h,江阴,30.0
20201111,2,O3_8h_24h,江阴,33.0
20201111,2,CO,江阴,0.87
20201111,2,CO_24h,江阴,0.9
20201111,3,AQI,江阴,68.0
20201111,3,PM2.5,江阴,45.0
20201111,3,PM2.5_24h,江阴,41.0
20201111,3,PM10,江阴,85.0
20201111,3,PM10_24h,江阴,94.0
20201111,3,SO2,江阴,9.0
20201111,3,SO2_24h,江阴,12.0
20201111,3,NO2,江阴,70.0
20201111,3,NO2_24h,江阴,66.0
20201111,3,O3,江阴,24.0
20201111,3,O3_24h,江阴,100.0
20201111,3,O3_8h,江阴,28.0
20201111,3,O3_8h_24h,江阴,33.0
20201111,3,CO,江阴,0.77
20201111,3,CO_24h,江阴,0.9
20201111,4,AQI,江阴,77.0
20201111,4,PM2.5,江阴,56.0
20201111,4,PM2.5_24h,江阴,42.0
20201111,4,PM10,江阴,103.0
20201111,4,PM10_24h,江阴,94.0
20201111,4,SO2,江阴,9.0
20201111,4,SO2_24h,江阴,12.0
20201111,4,NO2,江阴,70.0
20201111,4,NO2_24h,江阴,66.0
20201111,4,O3,江阴,20.0
20201111,4,O3_24h,江阴,100.0
20201111,4,O3_8h,江阴,26.0
20201111,4,O3_8h_24h,江阴,33.0
20201111,4,CO,江阴,0.8
20201111,4,CO_24h,江阴,0.9
20201111,5,AQI,江阴,74.0
20201111,5,PM2.5,江阴,54.0
20201111,5,PM2.5_24h,江阴,42.0
20201111,5,PM10,江阴,97.0
20201111,5,PM10_24h,江阴,93.0
20201111,5,SO2,江阴,8.0
20201111,5,SO2_24h,江阴,12.0
20201111,5,NO2,江阴,73.0
20201111,5,NO2_24h,江阴,67.0
20201111,5,O3,江阴,15.0
20201111,5,O3_24h,江阴,100.0
20201111,5,O3_8h,江阴,24.0
20201111,5,O3_8h_24h,江阴,33.0
20201111,5,CO,江阴,0.8
20201111,5,CO_24h,江阴,0.9
20201111,6,AQI,江阴,70.0
20201111,6,PM2.5,江阴,51.0
20201111,6,PM2.5_24h,江阴,41.0
20201111,6,PM10,江阴,90.0
20201111,6,PM10_24h,江阴,92.0
20201111,6,SO2,江阴,8.0
20201111,6,SO2_24h,江阴,12.0
20201111,6,NO2,江阴,78.0
20201111,6,NO2_24h,江阴,67.0
20201111,6,O3,江阴,7.0
20201111,6,O3_24h,江阴,100.0
20201111,6,O3_8h,江阴,21.0
20201111,6,O3_8h_24h,江阴,33.0
20201111,6,CO,江阴,0.87
20201111,6,CO_24h,江阴,0.9
20201111,8,AQI,江阴,63.0
20201111,8,PM2.5,江阴,42.0
20201111,8,PM2.5_24h,江阴,41.0
20201111,8,PM10,江阴,76.0
20201111,8,PM10_24h,江阴,89.0
20201111,8,SO2,江阴,11.0
20201111,8,SO2_24h,江阴,12.0
20201111,8,NO2,江阴,79.0
20201111,8,NO2_24h,江阴,67.0
20201111,8,O3,江阴,14.0
20201111,8,O3_24h,江阴,100.0
20201111,8,O3_8h,江阴,18.0
20201111,8,O3_8h_24h,江阴,33.0
20201111,8,CO,江阴,0.93
20201111,8,CO_24h,江阴,0.9
20201111,10,AQI,江阴,57.0
20201111,10,PM2.5,江阴,31.0
20201111,10,PM2.5_24h,江阴,41.0
20201111,10,PM10,江阴,64.0
20201111,10,PM10_24h,江阴,87.0
20201111,10,SO2,江阴,14.0
20201111,10,SO2_24h,江阴,11.0
20201111,10,NO2,江阴,45.0
20201111,10,NO2_24h,江阴,66.0
20201111,10,O3,江阴,77.0
20201111,10,O3_24h,江阴,100.0
20201111,10,O3_8h,江阴,26.0
20201111,10,O3_8h_24h,江阴,33.0
20201111,10,CO,江阴,0.87
20201111,10,CO_24h,江阴,0.9
20201111,11,AQI,江阴,55.0
20201111,11,PM2.5,江阴,29.0
20201111,11,PM2.5_24h,江阴,40.0
20201111,11,PM10,江阴,60.0
20201111,11,PM10_24h,江阴,86.0
20201111,11,SO2,江阴,12.0
20201111,11,SO2_24h,江阴,11.0
20201111,11,NO2,江阴,33.0
20201111,11,NO2_24h,江阴,67.0
20201111,11,O3,江阴,94.0
20201111,11,O3_24h,江阴,100.0
20201111,11,O3_8h,江阴,35.0
20201111,11,O3_8h_24h,江阴,35.0
20201111,11,CO,江阴,0.73
20201111,11,CO_24h,江阴,0.87
20201111,12,AQI,江阴,54.0
20201111,12,PM2.5,江阴,28.0
20201111,12,PM2.5_24h,江阴,40.0
20201111,12,PM10,江阴,58.0
20201111,12,PM10_24h,江阴,85.0
20201111,12,SO2,江阴,11.0
20201111,12,SO2_24h,江阴,11.0
20201111,12,NO2,江阴,23.0
20201111,12,NO2_24h,江阴,66.0
20201111,12,O3,江阴,110.0
20201111,12,O3_24h,江阴,109.0
20201111,12,O3_8h,江阴,43.0
20201111,12,O3_8h_24h,江阴,43.0
20201111,12,CO,江阴,0.8
20201111,12,CO_24h,江阴,0.87
20201111,13,AQI,江阴,57.0
20201111,13,PM2.5,江阴,31.0
20201111,13,PM2.5_24h,江阴,39.0
20201111,13,PM10,江阴,64.0
20201111,13,PM10_24h,江阴,83.0
20201111,13,SO2,江阴,10.0
20201111,13,SO2_24h,江阴,10.0
20201111,13,NO2,江阴,22.0
20201111,13,NO2_24h,江阴,64.0
20201111,13,O3,江阴,111.0
20201111,13,O3_24h,江阴,115.0
20201111,13,O3_8h,江阴,56.0
20201111,13,O3_8h_24h,江阴,56.0
20201111,13,CO,江阴,0.75
20201111,13,CO_24h,江阴,0.87
20201111,14,AQI,江阴,57.0
20201111,14,PM2.5,江阴,31.0
20201111,14,PM2.5_24h,江阴,39.0
20201111,14,PM10,江阴,63.0
20201111,14,PM10_24h,江阴,82.0
20201111,14,SO2,江阴,9.0
20201111,14,SO2_24h,江阴,10.0
20201111,14,NO2,江阴,23.0
20201111,14,NO2_24h,江阴,63.0
20201111,14,O3,江阴,118.0
20201111,14,O3_24h,江阴,118.0
20201111,14,O3_8h,江阴,70.0
20201111,14,O3_8h_24h,江阴,70.0
20201111,14,CO,江阴,0.7
20201111,14,CO_24h,江阴,0.83
20201111,15,AQI,江阴,60.0
20201111,15,PM2.5,江阴,34.0
20201111,15,PM2.5_24h,江阴,40.0
20201111,15,PM10,江阴,70.0
20201111,15,PM10_24h,江阴,82.0
20201111,15,SO2,江阴,9.0
20201111,15,SO2_24h,江阴,10.0
20201111,15,NO2,江阴,27.0
20201111,15,NO2_24h,江阴,62.0
20201111,15,O3,江阴,119.0
20201111,15,O3_24h,江阴,120.0
20201111,15,O3_8h,江阴,85.0
20201111,15,O3_8h_24h,江阴,85.0
20201111,15,CO,江阴,0.77
20201111,15,CO_24h,江阴,0.8
20201111,16,AQI,江阴,58.0
20201111,16,PM2.5,江阴,32.0
20201111,16,PM2.5_24h,江阴,40.0
20201111,16,PM10,江阴,65.0
20201111,16,PM10_24h,江阴,82.0
20201111,16,SO2,江阴,8.0
20201111,16,SO2_24h,江阴,10.0
20201111,16,NO2,江阴,30.0
20201111,16,NO2_24h,江阴,61.0
20201111,16,O3,江阴,111.0
20201111,16,O3_24h,江阴,120.0
20201111,16,O3_8h,江阴,98.0
20201111,16,O3_8h_24h,江阴,98.0
20201111,16,CO,江阴,0.67
20201111,16,CO_24h,江阴,0.8
20201111,17,AQI,江阴,60.0
20201111,17,PM2.5,江阴,34.0
20201111,17,PM2.5_24h,江阴,40.0
20201111,17,PM10,江阴,69.0
20201111,17,PM10_24h,江阴,82.0
20201111,17,SO2,江阴,8.0
20201111,17,SO2_24h,江阴,9.0
20201111,17,NO2,江阴,38.0
20201111,17,NO2_24h,江阴,61.0
20201111,17,O3,江阴,99.0
20201111,17,O3_24h,江阴,120.0
20201111,17,O3_8h,江阴,104.0
20201111,17,O3_8h_24h,江阴,104.0
20201111,17,CO,江阴,0.8
20201111,17,CO_24h,江阴,0.8
20201111,18,AQI,江阴,65.0
20201111,18,PM2.5,江阴,38.0
20201111,18,PM2.5_24h,江阴,40.0
20201111,18,PM10,江阴,79.0
20201111,18,PM10_24h,江阴,82.0
20201111,18,SO2,江阴,8.0
20201111,18,SO2_24h,江阴,9.0
20201111,18,NO2,江阴,58.0
20201111,18,NO2_24h,江阴,60.0
20201111,18,O3,江阴,72.0
20201111,18,O3_24h,江阴,120.0
20201111,18,O3_8h,江阴,104.0
20201111,18,O3_8h_24h,江阴,104.0
20201111,18,CO,江阴,0.83
20201111,18,CO_24h,江阴,0.8
20201111,19,AQI,江阴,59.0
20201111,19,PM2.5,江阴,31.0
20201111,19,PM2.5_24h,江阴,39.0
20201111,19,PM10,江阴,68.0
20201111,19,PM10_24h,江阴,80.0
20201111,19,SO2,江阴,8.0
20201111,19,SO2_24h,江阴,9.0
20201111,19,NO2,江阴,71.0
20201111,19,NO2_24h,江阴,59.0
20201111,19,O3,江阴,46.0
20201111,19,O3_24h,江阴,120.0
20201111,19,O3_8h,江阴,98.0
20201111,19,O3_8h_24h,江阴,104.0
20201111,19,CO,江阴,0.67
20201111,19,CO_24h,江阴,0.77
20201111,20,AQI,江阴,56.0
20201111,20,PM2.5,江阴,26.0
20201111,20,PM2.5_24h,江阴,38.0
20201111,20,PM10,江阴,61.0
20201111,20,PM10_24h,江阴,77.0
20201111,20,SO2,江阴,7.0
20201111,20,SO2_24h,江阴,9.0
20201111,20,NO2,江阴,54.0
20201111,20,NO2_24h,江阴,56.0
20201111,20,O3,江阴,49.0
20201111,20,O3_24h,江阴,120.0
20201111,20,O3_8h,江阴,91.0
20201111,20,O3_8h_24h,江阴,104.0
20201111,20,CO,江阴,0.53
20201111,20,CO_24h,江阴,0.77
20201111,21,AQI,江阴,60.0
20201111,21,PM2.5,江阴,30.0
20201111,21,PM2.5_24h,江阴,38.0
20201111,21,PM10,江阴,69.0
20201111,21,PM10_24h,江阴,76.0
20201111,21,SO2,江阴,7.0
20201111,21,SO2_24h,江阴,9.0
20201111,21,NO2,江阴,56.0
20201111,21,NO2_24h,江阴,55.0
20201111,21,O3,江阴,41.0
20201111,21,O3_24h,江阴,120.0
20201111,21,O3_8h,江阴,82.0
20201111,21,O3_8h_24h,江阴,104.0
20201111,21,CO,江阴,0.63
20201111,21,CO_24h,江阴,0.77
20201111,22,AQI,江阴,52.0
20201111,22,PM2.5,江阴,24.0
20201111,22,PM2.5_24h,江阴,38.0
20201111,22,PM10,江阴,53.0
20201111,22,PM10_24h,江阴,75.0
20201111,22,SO2,江阴,8.0
20201111,22,SO2_24h,江阴,9.0
20201111,22,NO2,江阴,51.0
20201111,22,NO2_24h,江阴,54.0
20201111,22,O3,江阴,42.0
20201111,22,O3_24h,江阴,120.0
20201111,22,O3_8h,江阴,72.0
20201111,22,O3_8h_24h,江阴,104.0
20201111,22,CO,江阴,0.7
20201111,22,CO_24h,江阴,0.77
20201111,23,AQI,江阴,49.0
20201111,23,PM2.5,江阴,22.0
20201111,23,PM2.5_24h,江阴,37.0
20201111,23,PM10,江阴,49.0
20201111,23,PM10_24h,江阴,74.0
20201111,23,SO2,江阴,8.0
20201111,23,SO2_24h,江阴,9.0
20201111,23,NO2,江阴,44.0
20201111,23,NO2_24h,江阴,54.0
20201111,23,O3,江阴,50.0
20201111,23,O3_24h,江阴,120.0
20201111,23,O3_8h,江阴,64.0
20201111,23,O3_8h_24h,江阴,104.0
20201111,23,CO,江阴,0.53
20201111,23,CO_24h,江阴,0.77
20201111,0,AQI,宜兴,67.0
20201111,0,PM2.5,宜兴,35.0
20201111,0,PM2.5_24h,宜兴,33.0
20201111,0,PM10,宜兴,84.0
20201111,0,PM10_24h,宜兴,81.0
20201111,0,SO2,宜兴,17.0
20201111,0,SO2_24h,宜兴,17.0
20201111,0,NO2,宜兴,88.0
20201111,0,NO2_24h,宜兴,53.0
20201111,0,O3,宜兴,10.0
20201111,0,O3_24h,宜兴,116.0
20201111,0,O3_8h,宜兴,48.0
20201111,0,O3_8h_24h,宜兴,107.0
20201111,0,CO,宜兴,0.9
20201111,0,CO_24h,宜兴,0.75
20201111,1,AQI,宜兴,69.0
20201111,1,PM2.5,宜兴,37.0
20201111,1,PM2.5_24h,宜兴,33.0
20201111,1,PM10,宜兴,87.0
20201111,1,PM10_24h,宜兴,81.0
20201111,1,SO2,宜兴,28.0
20201111,1,SO2_24h,宜兴,17.0
20201111,1,NO2,宜兴,85.0
20201111,1,NO2_24h,宜兴,54.0
20201111,1,O3,宜兴,11.0
20201111,1,O3_24h,宜兴,116.0
20201111,1,O3_8h,宜兴,11.0
20201111,1,O3_8h_24h,宜兴,11.0
20201111,1,CO,宜兴,0.85
20201111,1,CO_24h,宜兴,0.75
20201111,2,AQI,宜兴,61.0
20201111,2,PM2.5,宜兴,33.0
20201111,2,PM2.5_24h,宜兴,33.0
20201111,2,PM10,宜兴,72.0
20201111,2,PM10_24h,宜兴,81.0
20201111,2,SO2,宜兴,31.0
20201111,2,SO2_24h,宜兴,18.0
20201111,2,NO2,宜兴,76.0
20201111,2,NO2_24h,宜兴,54.0
20201111,2,O3,宜兴,17.0
20201111,2,O3_24h,宜兴,116.0
20201111,2,O3_8h,宜兴,14.0
20201111,2,O3_8h_24h,宜兴,14.0
20201111,2,CO,宜兴,0.8
20201111,2,CO_24h,宜兴,0.75
20201111,3,AQI,宜兴,52.0
20201111,3,PM2.5,宜兴,24.0
20201111,3,PM2.5_24h,宜兴,32.0
20201111,3,PM10,宜兴,53.0
20201111,3,PM10_24h,宜兴,79.0
20201111,3,SO2,宜兴,21.0
20201111,3,SO2_24h,宜兴,18.0
20201111,3,NO2,宜兴,70.0
20201111,3,NO2_24h,宜兴,54.0
20201111,3,O3,宜兴,16.0
20201111,3,O3_24h,宜兴,116.0
20201111,3,O3_8h,宜兴,15.0
20201111,3,O3_8h_24h,宜兴,15.0
20201111,3,CO,宜兴,0.7
20201111,3,CO_24h,宜兴,0.75
20201111,4,AQI,宜兴,46.0
20201111,4,PM2.5,宜兴,20.0
20201111,4,PM2.5_24h,宜兴,32.0
20201111,4,PM10,宜兴,46.0
20201111,4,PM10_24h,宜兴,78.0
20201111,4,SO2,宜兴,17.0
20201111,4,SO2_24h,宜兴,18.0
20201111,4,NO2,宜兴,58.0
20201111,4,NO2_24h,宜兴,54.0
20201111,4,O3,宜兴,24.0
20201111,4,O3_24h,宜兴,116.0
20201111,4,O3_8h,宜兴,17.0
20201111,4,O3_8h_24h,宜兴,17.0
20201111,4,CO,宜兴,0.65
20201111,4,CO_24h,宜兴,0.75
20201111,5,AQI,宜兴,38.0
20201111,5,PM2.5,宜兴,17.0
20201111,5,PM2.5_24h,宜兴,32.0
20201111,5,PM10,宜兴,38.0
20201111,5,PM10_24h,宜兴,75.0
20201111,5,SO2,宜兴,10.0
20201111,5,SO2_24h,宜兴,16.0
20201111,5,NO2,宜兴,40.0
20201111,5,NO2_24h,宜兴,53.0
20201111,5,O3,宜兴,35.0
20201111,5,O3_24h,宜兴,116.0
20201111,5,O3_8h,宜兴,21.0
20201111,5,O3_8h_24h,宜兴,21.0
20201111,5,CO,宜兴,0.65
20201111,5,CO_24h,宜兴,0.75
20201111,6,AQI,宜兴,42.0
20201111,6,PM2.5,宜兴,20.0
20201111,6,PM2.5_24h,宜兴,31.0
20201111,6,PM10,宜兴,42.0
20201111,6,PM10_24h,宜兴,74.0
20201111,6,SO2,宜兴,11.0
20201111,6,SO2_24h,宜兴,16.0
20201111,6,NO2,宜兴,44.0
20201111,6,NO2_24h,宜兴,53.0
20201111,6,O3,宜兴,28.0
20201111,6,O3_24h,宜兴,116.0
20201111,6,O3_8h,宜兴,22.0
20201111,6,O3_8h_24h,宜兴,22.0
20201111,6,CO,宜兴,0.65
20201111,6,CO_24h,宜兴,0.75
20201111,8,AQI,宜兴,62.0
20201111,8,PM2.5,宜兴,39.0
20201111,8,PM2.5_24h,宜兴,31.0
20201111,8,PM10,宜兴,74.0
20201111,8,PM10_24h,宜兴,72.0
20201111,8,SO2,宜兴,21.0
20201111,8,SO2_24h,宜兴,15.0
20201111,8,NO2,宜兴,65.0
20201111,8,NO2_24h,宜兴,54.0
20201111,8,O3,宜兴,17.0
20201111,8,O3_24h,宜兴,116.0
20201111,8,O3_8h,宜兴,20.0
20201111,8,O3_8h_24h,宜兴,22.0
20201111,8,CO,宜兴,1.0
20201111,8,CO_24h,宜兴,0.75
20201111,10,AQI,宜兴,25.0
20201111,10,PM2.5,宜兴,13.0
20201111,10,PM2.5_24h,宜兴,30.0
20201111,10,PM10,宜兴,25.0
20201111,10,PM10_24h,宜兴,69.0
20201111,10,SO2,宜兴,8.0
20201111,10,SO2_24h,宜兴,14.0
20201111,10,NO2,宜兴,26.0
20201111,10,NO2_24h,宜兴,54.0
20201111,10,O3,宜兴,72.0
20201111,10,O3_24h,宜兴,116.0
20201111,10,O3_8h,宜兴,30.0
20201111,10,O3_8h_24h,宜兴,30.0
20201111,10,CO,宜兴,0.55
20201111,10,CO_24h,宜兴,0.75
20201111,11,AQI,宜兴,26.0
20201111,11,PM2.5,宜兴,11.0
20201111,11,PM2.5_24h,宜兴,30.0
20201111,11,PM10,宜兴,22.0
20201111,11,PM10_24h,宜兴,68.0
20201111,11,SO2,宜兴,8.0
20201111,11,SO2_24h,宜兴,14.0
20201111,11,NO2,宜兴,20.0
20201111,11,NO2_24h,宜兴,54.0
20201111,11,O3,宜兴,82.0
20201111,11,O3_24h,宜兴,116.0
20201111,11,O3_8h,宜兴,38.0
20201111,11,O3_8h_24h,宜兴,38.0
20201111,11,CO,宜兴,0.55
20201111,11,CO_24h,宜兴,0.75
20201111,12,AQI,宜兴,28.0
20201111,12,PM2.5,宜兴,12.0
20201111,12,PM2.5_24h,宜兴,29.0
20201111,12,PM10,宜兴,25.0
20201111,12,PM10_24h,宜兴,67.0
20201111,12,SO2,宜兴,8.0
20201111,12,SO2_24h,宜兴,14.0
20201111,12,NO2,宜兴,22.0
20201111,12,NO2_24h,宜兴,54.0
20201111,12,O3,宜兴,88.0
20201111,12,O3_24h,宜兴,116.0
20201111,12,O3_8h,宜兴,47.0
20201111,12,O3_8h_24h,宜兴,47.0
20201111,12,CO,宜兴,0.55
20201111,12,CO_24h,宜兴,0.75
20201111,13,AQI,宜兴,30.0
20201111,13,PM2.5,宜兴,12.0
20201111,13,PM2.5_24h,宜兴,29.0
20201111,13,PM10,宜兴,26.0
20201111,13,PM10_24h,宜兴,65.0
20201111,13,SO2,宜兴,7.0
20201111,13,SO2_24h,宜兴,14.0
20201111,13,NO2,宜兴,21.0
20201111,13,NO2_24h,宜兴,54.0
20201111,13,O3,宜兴,95.0
20201111,13,O3_24h,宜兴,116.0
20201111,13,O3_8h,宜兴,54.0
20201111,13,O3_8h_24h,宜兴,54.0
20201111,13,CO,宜兴,0.55
20201111,13,CO_24h,宜兴,0.75
20201111,14,AQI,宜兴,32.0
20201111,14,PM2.5,宜兴,15.0
20201111,14,PM2.5_24h,宜兴,28.0
20201111,14,PM10,宜兴,29.0
20201111,14,PM10_24h,宜兴,63.0
20201111,14,SO2,宜兴,7.0
20201111,14,SO2_24h,宜兴,14.0
20201111,14,NO2,宜兴,19.0
20201111,14,NO2_24h,宜兴,54.0
20201111,14,O3,宜兴,101.0
20201111,14,O3_24h,宜兴,116.0
20201111,14,O3_8h,宜兴,63.0
20201111,14,O3_8h_24h,宜兴,63.0
20201111,14,CO,宜兴,0.55
20201111,14,CO_24h,宜兴,0.75
20201111,15,AQI,宜兴,34.0
20201111,15,PM2.5,宜兴,16.0
20201111,15,PM2.5_24h,宜兴,27.0
20201111,15,PM10,宜兴,31.0
20201111,15,PM10_24h,宜兴,61.0
20201111,15,SO2,宜兴,7.0
20201111,15,SO2_24h,宜兴,14.0
20201111,15,NO2,宜兴,20.0
20201111,15,NO2_24h,宜兴,54.0
20201111,15,O3,宜兴,108.0
20201111,15,O3_24h,宜兴,116.0
20201111,15,O3_8h,宜兴,75.0
20201111,15,O3_8h_24h,宜兴,75.0
20201111,15,CO,宜兴,0.55
20201111,15,CO_24h,宜兴,0.75
20201111,16,AQI,宜兴,36.0
20201111,16,PM2.5,宜兴,17.0
20201111,16,PM2.5_24h,宜兴,26.0
20201111,16,PM10,宜兴,33.0
20201111,16,PM10_24h,宜兴,60.0
20201111,16,SO2,宜兴,7.0
20201111,16,SO2_24h,宜兴,14.0
20201111,16,NO2,宜兴,20.0
20201111,16,NO2_24h,宜兴,53.0
20201111,16,O3,宜兴,114.0
20201111,16,O3_24h,宜兴,114.0
20201111,16,O3_8h,宜兴,87.0
20201111,16,O3_8h_24h,宜兴,87.0
20201111,16,CO,宜兴,0.6
20201111,16,CO_24h,宜兴,0.75
20201111,17,AQI,宜兴,38.0
20201111,17,PM2.5,宜兴,19.0
20201111,17,PM2.5_24h,宜兴,25.0
20201111,17,PM10,宜兴,38.0
20201111,17,PM10_24h,宜兴,58.0
20201111,17,SO2,宜兴,7.0
20201111,17,SO2_24h,宜兴,14.0
20201111,17,NO2,宜兴,26.0
20201111,17,NO2_24h,宜兴,53.0
20201111,17,O3,宜兴,110.0
20201111,17,O3_24h,宜兴,114.0
20201111,17,O3_8h,宜兴,96.0
20201111,17,O3_8h_24h,宜兴,96.0
20201111,17,CO,宜兴,0.6
20201111,17,CO_24h,宜兴,0.75
20201111,18,AQI,宜兴,44.0
20201111,18,PM2.5,宜兴,23.0
20201111,18,PM2.5_24h,宜兴,25.0
20201111,18,PM10,宜兴,44.0
20201111,18,PM10_24h,宜兴,55.0
20201111,18,SO2,宜兴,6.0
20201111,18,SO2_24h,宜兴,14.0
20201111,18,NO2,宜兴,32.0
20201111,18,NO2_24h,宜兴,52.0
20201111,18,O3,宜兴,97.0
20201111,18,O3_24h,宜兴,114.0
20201111,18,O3_8h,宜兴,99.0
20201111,18,O3_8h_24h,宜兴,99.0
20201111,18,CO,宜兴,0.7
20201111,18,CO_24h,宜兴,0.75
20201111,19,AQI,宜兴,55.0
20201111,19,PM2.5,宜兴,29.0
20201111,19,PM2.5_24h,宜兴,25.0
20201111,19,PM10,宜兴,60.0
20201111,19,PM10_24h,宜兴,54.0
20201111,19,SO2,宜兴,7.0
20201111,19,SO2_24h,宜兴,14.0
20201111,19,NO2,宜兴,44.0
20201111,19,NO2_24h,宜兴,52.0
20201111,19,O3,宜兴,77.0
20201111,19,O3_24h,宜兴,114.0
20201111,19,O3_8h,宜兴,99.0
20201111,19,O3_8h_24h,宜兴,99.0
20201111,19,CO,宜兴,0.8
20201111,19,CO_24h,宜兴,0.75
20201111,20,AQI,宜兴,59.0
20201111,20,PM2.5,宜兴,34.0
20201111,20,PM2.5_24h,宜兴,25.0
20201111,20,PM10,宜兴,67.0
20201111,20,PM10_24h,宜兴,53.0
20201111,20,SO2,宜兴,8.0
20201111,20,SO2_24h,宜兴,14.0
20201111,20,NO2,宜兴,41.0
20201111,20,NO2_24h,宜兴,50.0
20201111,20,O3,宜兴,75.0
20201111,20,O3_24h,宜兴,114.0
20201111,20,O3_8h,宜兴,97.0
20201111,20,O3_8h_24h,宜兴,99.0
20201111,20,CO,宜兴,0.8
20201111,20,CO_24h,宜兴,0.75
20201111,21,AQI,宜兴,41.0
20201111,21,PM2.5,宜兴,19.0
20201111,21,PM2.5_24h,宜兴,24.0
20201111,21,PM10,宜兴,41.0
20201111,21,PM10_24h,宜兴,51.0
20201111,21,SO2,宜兴,6.0
20201111,21,SO2_24h,宜兴,13.0
20201111,21,NO2,宜兴,39.0
20201111,21,NO2_24h,宜兴,49.0
20201111,21,O3,宜兴,54.0
20201111,21,O3_24h,宜兴,114.0
20201111,21,O3_8h,宜兴,92.0
20201111,21,O3_8h_24h,宜兴,99.0
20201111,21,CO,宜兴,0.65
20201111,21,CO_24h,宜兴,0.75
20201111,22,AQI,宜兴,27.0
20201111,22,PM2.5,宜兴,12.0
20201111,22,PM2.5_24h,宜兴,23.0
20201111,22,PM10,宜兴,27.0
20201111,22,PM10_24h,宜兴,48.0
20201111,22,SO2,宜兴,7.0
20201111,22,SO2_24h,宜兴,13.0
20201111,22,NO2,宜兴,39.0
20201111,22,NO2_24h,宜兴,46.0
20201111,22,O3,宜兴,46.0
20201111,22,O3_24h,宜兴,114.0
20201111,22,O3_8h,宜兴,85.0
20201111,22,O3_8h_24h,宜兴,99.0
20201111,22,CO,宜兴,0.55
20201111,22,CO_24h,宜兴,0.7
20201111,23,AQI,宜兴,28.0
20201111,23,PM2.5,宜兴,13.0
20201111,23,PM2.5_24h,宜兴,22.0
20201111,23,PM10,宜兴,28.0
20201111,23,PM10_24h,宜兴,45.0
20201111,23,SO2,宜兴,7.0
20201111,23,SO2_24h,宜兴,12.0
20201111,23,NO2,宜兴,34.0
20201111,23,NO2_24h,宜兴,44.0
20201111,23,O3,宜兴,46.0
20201111,23,O3_24h,宜兴,114.0
20201111,23,O3_8h,宜兴,77.0
20201111,23,O3_8h_24h,宜兴,99.0
20201111,23,CO,宜兴,0.55
20201111,23,CO_24h,宜兴,0.65
20201111,0,AQI,金坛,86.0
20201111,0,PM2.5,金坛,62.0
20201111,0,PM2.5_24h,金坛,50.0
20201111,0,PM10,金坛,122.0
20201111,0,PM10_24h,金坛,111.0
20201111,0,SO2,金坛,15.0
20201111,0,SO2_24h,金坛,14.0
20201111,0,NO2,金坛,110.0
20201111,0,NO2_24h,金坛,67.0
20201111,0,O3,金坛,6.0
20201111,0,O3_24h,金坛,127.0
20201111,0,O3_8h,金坛,56.0
20201111,0,O3_8h_24h,金坛,112.0
20201111,0,CO,金坛,0.95
20201111,0,CO_24h,金坛,0.85
20201111,1,AQI,金坛,68.0
20201111,1,PM2.5,金坛,43.0
20201111,1,PM2.5_24h,金坛,49.0
20201111,1,PM10,金坛,85.0
20201111,1,PM10_24h,金坛,108.0
20201111,1,SO2,金坛,14.0
20201111,1,SO2_24h,金坛,14.0
20201111,1,NO2,金坛,94.0
20201111,1,NO2_24h,金坛,67.0
20201111,1,O3,金坛,10.0
20201111,1,O3_24h,金坛,127.0
20201111,1,O3_8h,金坛,10.0
20201111,1,O3_8h_24h,金坛,10.0
20201111,1,CO,金坛,0.85
20201111,1,CO_24h,金坛,0.85
20201111,2,AQI,金坛,65.0
20201111,2,PM2.5,金坛,40.0
20201111,2,PM2.5_24h,金坛,48.0
20201111,2,PM10,金坛,79.0
20201111,2,PM10_24h,金坛,105.0
20201111,2,SO2,金坛,12.0
20201111,2,SO2_24h,金坛,14.0
20201111,2,NO2,金坛,80.0
20201111,2,NO2_24h,金坛,67.0
20201111,2,O3,金坛,15.0
20201111,2,O3_24h,金坛,127.0
20201111,2,O3_8h,金坛,13.0
20201111,2,O3_8h_24h,金坛,13.0
20201111,2,CO,金坛,0.85
20201111,2,CO_24h,金坛,0.85
20201111,3,AQI,金坛,61.0
20201111,3,PM2.5,金坛,37.0
20201111,3,PM2.5_24h,金坛,47.0
20201111,3,PM10,金坛,72.0
20201111,3,PM10_24h,金坛,103.0
20201111,3,SO2,金坛,12.0
20201111,3,SO2_24h,金坛,14.0
20201111,3,NO2,金坛,74.0
20201111,3,NO2_24h,金坛,67.0
20201111,3,O3,金坛,16.0
20201111,3,O3_24h,金坛,127.0
20201111,3,O3_8h,金坛,14.0
20201111,3,O3_8h_24h,金坛,14.0
20201111,3,CO,金坛,0.85
20201111,3,CO_24h,金坛,0.85
20201111,4,AQI,金坛,57.0
20201111,4,PM2.5,金坛,34.0
20201111,4,PM2.5_24h,金坛,46.0
20201111,4,PM10,金坛,64.0
20201111,4,PM10_24h,金坛,101.0
20201111,4,SO2,金坛,12.0
20201111,4,SO2_24h,金坛,15.0
20201111,4,NO2,金坛,70.0
20201111,4,NO2_24h,金坛,66.0
20201111,4,O3,金坛,17.0
20201111,4,O3_24h,金坛,127.0
20201111,4,O3_8h,金坛,14.0
20201111,4,O3_8h_24h,金坛,15.0
20201111,4,CO,金坛,0.85
20201111,4,CO_24h,金坛,0.85
20201111,5,AQI,金坛,60.0
20201111,5,PM2.5,金坛,38.0
20201111,5,PM2.5_24h,金坛,46.0
20201111,5,PM10,金坛,70.0
20201111,5,PM10_24h,金坛,100.0
20201111,5,SO2,金坛,12.0
20201111,5,SO2_24h,金坛,15.0
20201111,5,NO2,金坛,68.0
20201111,5,NO2_24h,金坛,65.0
20201111,5,O3,金坛,16.0
20201111,5,O3_24h,金坛,127.0
20201111,5,O3_8h,金坛,15.0
20201111,5,O3_8h_24h,金坛,15.0
20201111,5,CO,金坛,1.0
20201111,5,CO_24h,金坛,0.85
20201111,6,AQI,金坛,67.0
20201111,6,PM2.5,金坛,47.0
20201111,6,PM2.5_24h,金坛,46.0
20201111,6,PM10,金坛,83.0
20201111,6,PM10_24h,金坛,99.0
20201111,6,SO2,金坛,13.0
20201111,6,SO2_24h,金坛,15.0
20201111,6,NO2,金坛,77.0
20201111,6,NO2_24h,金坛,64.0
20201111,6,O3,金坛,10.0
20201111,6,O3_24h,金坛,127.0
20201111,6,O3_8h,金坛,14.0
20201111,6,O3_8h_24h,金坛,15.0
20201111,6,CO,金坛,1.25
20201111,6,CO_24h,金坛,0.9
20201111,8,AQI,金坛,71.0
20201111,8,PM2.5,金坛,52.0
20201111,8,PM2.5_24h,金坛,46.0
20201111,8,PM10,金坛,91.0
20201111,8,PM10_24h,金坛,98.0
20201111,8,SO2,金坛,16.0
20201111,8,SO2_24h,金坛,15.0
20201111,8,NO2,金坛,78.0
20201111,8,NO2_24h,金坛,65.0
20201111,8,O3,金坛,11.0
20201111,8,O3_24h,金坛,127.0
20201111,8,O3_8h,金坛,13.0
20201111,8,O3_8h_24h,金坛,15.0
20201111,8,CO,金坛,1.4
20201111,8,CO_24h,金坛,0.9
20201111,10,AQI,金坛,46.0
20201111,10,PM2.5,金坛,25.0
20201111,10,PM2.5_24h,金坛,45.0
20201111,10,PM10,金坛,46.0
20201111,10,PM10_24h,金坛,95.0
20201111,10,SO2,金坛,17.0
20201111,10,SO2_24h,金坛,15.0
20201111,10,NO2,金坛,41.0
20201111,10,NO2_24h,金坛,64.0
20201111,10,O3,金坛,66.0
20201111,10,O3_24h,金坛,127.0
20201111,10,O3_8h,金坛,22.0
20201111,10,O3_8h_24h,金坛,22.0
20201111,10,CO,金坛,0.8
20201111,10,CO_24h,金坛,0.9
20201111,11,AQI,金坛,37.0
20201111,11,PM2.5,金坛,18.0
20201111,11,PM2.5_24h,金坛,45.0
20201111,11,PM10,金坛,37.0
20201111,11,PM10_24h,金坛,93.0
20201111,11,SO2,金坛,15.0
20201111,11,SO2_24h,金坛,15.0
20201111,11,NO2,金坛,25.0
20201111,11,NO2_24h,金坛,64.0
20201111,11,O3,金坛,90.0
20201111,11,O3_24h,金坛,127.0
20201111,11,O3_8h,金坛,31.0
20201111,11,O3_8h_24h,金坛,31.0
20201111,11,CO,金坛,0.65
20201111,11,CO_24h,金坛,0.9
20201111,12,AQI,金坛,41.0
20201111,12,PM2.5,金坛,21.0
20201111,12,PM2.5_24h,金坛,44.0
20201111,12,PM10,金坛,41.0
20201111,12,PM10_24h,金坛,92.0
20201111,12,SO2,金坛,13.0
20201111,12,SO2_24h,金坛,13.0
20201111,12,NO2,金坛,27.0
20201111,12,NO2_24h,金坛,65.0
20201111,12,O3,金坛,86.0
20201111,12,O3_24h,金坛,127.0
20201111,12,O3_8h,金坛,40.0
20201111,12,O3_8h_24h,金坛,40.0
20201111,12,CO,金坛,0.55
20201111,12,CO_24h,金坛,0.9
20201111,13,AQI,金坛,43.0
20201111,13,PM2.5,金坛,22.0
20201111,13,PM2.5_24h,金坛,43.0
20201111,13,PM10,金坛,43.0
20201111,13,PM10_24h,金坛,90.0
20201111,13,SO2,金坛,13.0
20201111,13,SO2_24h,金坛,13.0
20201111,13,NO2,金坛,26.0
20201111,13,NO2_24h,金坛,65.0
20201111,13,O3,金坛,101.0
20201111,13,O3_24h,金坛,127.0
20201111,13,O3_8h,金坛,51.0
20201111,13,O3_8h_24h,金坛,51.0
20201111,13,CO,金坛,0.55
20201111,13,CO_24h,金坛,0.9
20201111,14,AQI,金坛,46.0
20201111,14,PM2.5,金坛,24.0
20201111,14,PM2.5_24h,金坛,43.0
20201111,14,PM10,金坛,46.0
20201111,14,PM10_24h,金坛,88.0
20201111,14,SO2,金坛,12.0
20201111,14,SO2_24h,金坛,13.0
20201111,14,NO2,金坛,26.0
20201111,14,NO2_24h,金坛,65.0
20201111,14,O3,金坛,111.0
20201111,14,O3_24h,金坛,127.0
20201111,14,O3_8h,金坛,63.0
20201111,14,O3_8h_24h,金坛,63.0
20201111,14,CO,金坛,0.55
20201111,14,CO_24h,金坛,0.9
20201111,15,AQI,金坛,52.0
20201111,15,PM2.5,金坛,28.0
20201111,15,PM2.5_24h,金坛,42.0
20201111,15,PM10,金坛,53.0
20201111,15,PM10_24h,金坛,86.0
20201111,15,SO2,金坛,12.0
20201111,15,SO2_24h,金坛,13.0
20201111,15,NO2,金坛,30.0
20201111,15,NO2_24h,金坛,65.0
20201111,15,O3,金坛,111.0
20201111,15,O3_24h,金坛,127.0
20201111,15,O3_8h,金坛,74.0
20201111,15,O3_8h_24h,金坛,74.0
20201111,15,CO,金坛,0.6
20201111,15,CO_24h,金坛,0.9
20201111,16,AQI,金坛,52.0
20201111,16,PM2.5,金坛,28.0
20201111,16,PM2.5_24h,金坛,41.0
20201111,16,PM10,金坛,54.0
20201111,16,PM10_24h,金坛,84.0
20201111,16,SO2,金坛,11.0
20201111,16,SO2_24h,金坛,13.0
20201111,16,NO2,金坛,31.0
20201111,16,NO2_24h,金坛,65.0
20201111,16,O3,金坛,105.0
20201111,16,O3_24h,金坛,121.0
20201111,16,O3_8h,金坛,86.0
20201111,16,O3_8h_24h,金坛,86.0
20201111,16,CO,金坛,0.6
20201111,16,CO_24h,金坛,0.9
20201111,17,AQI,金坛,55.0
20201111,17,PM2.5,金坛,30.0
20201111,17,PM2.5_24h,金坛,41.0
20201111,17,PM10,金坛,60.0
20201111,17,PM10_24h,金坛,82.0
20201111,17,SO2,金坛,12.0
20201111,17,SO2_24h,金坛,13.0
20201111,17,NO2,金坛,36.0
20201111,17,NO2_24h,金坛,64.0
20201111,17,O3,金坛,101.0
20201111,17,O3_24h,金坛,111.0
20201111,17,O3_8h,金坛,95.0
20201111,17,O3_8h_24h,金坛,95.0
20201111,17,CO,金坛,0.7
20201111,17,CO_24h,金坛,0.85
20201111,18,AQI,金坛,61.0
20201111,18,PM2.5,金坛,37.0
20201111,18,PM2.5_24h,金坛,41.0
20201111,18,PM10,金坛,71.0
20201111,18,PM10_24h,金坛,81.0
20201111,18,SO2,金坛,10.0
20201111,18,SO2_24h,金坛,13.0
20201111,18,NO2,金坛,42.0
20201111,18,NO2_24h,金坛,64.0
20201111,18,O3,金坛,88.0
20201111,18,O3_24h,金坛,111.0
20201111,18,O3_8h,金坛,98.0
20201111,18,O3_8h_24h,金坛,98.0
20201111,18,CO,金坛,0.75
20201111,18,CO_24h,金坛,0.85
20201111,19,AQI,金坛,64.0
20201111,19,PM2.5,金坛,41.0
20201111,19,PM2.5_24h,金坛,40.0
20201111,19,PM10,金坛,78.0
20201111,19,PM10_24h,金坛,79.0
20201111,19,SO2,金坛,11.0
20201111,19,SO2_24h,金坛,13.0
20201111,19,NO2,金坛,42.0
20201111,19,NO2_24h,金坛,63.0
20201111,19,O3,金坛,82.0
20201111,19,O3_24h,金坛,111.0
20201111,19,O3_8h,金坛,97.0
20201111,19,O3_8h_24h,金坛,98.0
20201111,19,CO,金坛,0.85
20201111,19,CO_24h,金坛,0.85
20201111,20,AQI,金坛,69.0
20201111,20,PM2.5,金坛,48.0
20201111,20,PM2.5_24h,金坛,40.0
20201111,20,PM10,金坛,87.0
20201111,20,PM10_24h,金坛,78.0
20201111,20,SO2,金坛,11.0
20201111,20,SO2_24h,金坛,13.0
20201111,20,NO2,金坛,56.0
20201111,20,NO2_24h,金坛,63.0
20201111,20,O3,金坛,64.0
20201111,20,O3_24h,金坛,111.0
20201111,20,O3_8h,金坛,94.0
20201111,20,O3_8h_24h,金坛,98.0
20201111,20,CO,金坛,0.8
20201111,20,CO_24h,金坛,0.85
20201111,21,AQI,金坛,74.0
20201111,21,PM2.5,金坛,54.0
20201111,21,PM2.5_24h,金坛,40.0
20201111,21,PM10,金坛,98.0
20201111,21,PM10_24h,金坛,77.0
20201111,21,SO2,金坛,11.0
20201111,21,SO2_24h,金坛,12.0
20201111,21,NO2,金坛,78.0
20201111,21,NO2_24h,金坛,62.0
20201111,21,O3,金坛,33.0
20201111,21,O3_24h,金坛,111.0
20201111,21,O3_8h,金坛,85.0
20201111,21,O3_8h_24h,金坛,98.0
20201111,21,CO,金坛,0.9
20201111,21,CO_24h,金坛,0.85
20201111,22,AQI,金坛,62.0
20201111,22,PM2.5,金坛,39.0
20201111,22,PM2.5_24h,金坛,39.0
20201111,22,PM10,金坛,74.0
20201111,22,PM10_24h,金坛,74.0
20201111,22,SO2,金坛,11.0
20201111,22,SO2_24h,金坛,12.0
20201111,22,NO2,金坛,81.0
20201111,22,NO2_24h,金坛,61.0
20201111,22,O3,金坛,22.0
20201111,22,O3_24h,金坛,111.0
20201111,22,O3_8h,金坛,73.0
20201111,22,O3_8h_24h,金坛,98.0
20201111,22,CO,金坛,0.75
20201111,22,CO_24h,金坛,0.85
20201111,23,AQI,金坛,51.0
20201111,23,PM2.5,金坛,27.0
20201111,23,PM2.5_24h,金坛,37.0
20201111,23,PM10,金坛,51.0
20201111,23,PM10_24h,金坛,70.0
20201111,23,SO2,金坛,11.0
20201111,23,SO2_24h,金坛,12.0
20201111,23,NO2,金坛,63.0
20201111,23,NO2_24h,金坛,60.0
20201111,23,O3,金坛,27.0
20201111,23,O3_24h,金坛,111.0
20201111,23,O3_8h,金坛,65.0
20201111,23,O3_8h_24h,金坛,98.0
20201111,23,CO,金坛,0.65
20201111,23,CO_24h,金坛,0.8
20201111,0,AQI,溧阳,90.0
20201111,0,PM2.5,溧阳,67.0
20201111,0,PM2.5_24h,溧阳,46.0
20201111,0,PM10,溧阳,122.0
20201111,0,PM10_24h,溧阳,94.0
20201111,0,SO2,溧阳,18.0
20201111,0,SO2_24h,溧阳,14.0
20201111,0,NO2,溧阳,77.0
20201111,0,NO2_24h,溧阳,50.0
20201111,0,O3,溧阳,33.0
20201111,0,O3_24h,溧阳,132.0
20201111,0,O3_8h,溧阳,70.0
20201111,0,O3_8h_24h,溧阳,115.0
20201111,0,CO,溧阳,1.0
20201111,0,CO_24h,溧阳,0.85
20201111,1,AQI,溧阳,89.0
20201111,1,PM2.5,溧阳,66.0
20201111,1,PM2.5_24h,溧阳,46.0
20201111,1,PM10,溧阳,119.0
20201111,1,PM10_24h,溧阳,94.0
20201111,1,SO2,溧阳,13.0
20201111,1,SO2_24h,溧阳,14.0
20201111,1,NO2,溧阳,98.0
20201111,1,NO2_24h,溧阳,51.0
20201111,1,O3,溧阳,9.0
20201111,1,O3_24h,溧阳,132.0
20201111,1,O3_8h,溧阳,9.0
20201111,1,O3_8h_24h,溧阳,9.0
20201111,1,CO,溧阳,0.85
20201111,1,CO_24h,溧阳,0.85
20201111,2,AQI,溧阳,89.0
20201111,2,PM2.5,溧阳,66.0
20201111,2,PM2.5_24h,溧阳,46.0
20201111,2,PM10,溧阳,114.0
20201111,2,PM10_24h,溧阳,93.0
20201111,2,SO2,溧阳,11.0
20201111,2,SO2_24h,溧阳,14.0
20201111,2,NO2,溧阳,92.0
20201111,2,NO2_24h,溧阳,51.0
20201111,2,O3,溧阳,5.0
20201111,2,O3_24h,溧阳,132.0
20201111,2,O3_8h,溧阳,7.0
20201111,2,O3_8h_24h,溧阳,9.0
20201111,2,CO,溧阳,0.8
20201111,2,CO_24h,溧阳,0.85
20201111,3,AQI,溧阳,83.0
20201111,3,PM2.5,溧阳,61.0
20201111,3,PM2.5_24h,溧阳,46.0
20201111,3,PM10,溧阳,102.0
20201111,3,PM10_24h,溧阳,93.0
20201111,3,SO2,溧阳,9.0
20201111,3,SO2_24h,溧阳,14.0
20201111,3,NO2,溧阳,83.0
20201111,3,NO2_24h,溧阳,51.0
20201111,3,O3,溧阳,5.0
20201111,3,O3_24h,溧阳,132.0
20201111,3,O3_8h,溧阳,6.0
20201111,3,O3_8h_24h,溧阳,9.0
20201111,3,CO,溧阳,0.85
20201111,3,CO_24h,溧阳,0.85
20201111,4,AQI,溧阳,71.0
20201111,4,PM2.5,溧阳,51.0
20201111,4,PM2.5_24h,溧阳,46.0
20201111,4,PM10,溧阳,91.0
20201111,4,PM10_24h,溧阳,91.0
20201111,4,SO2,溧阳,9.0
20201111,4,SO2_24h,溧阳,14.0
20201111,4,NO2,溧阳,81.0
20201111,4,NO2_24h,溧阳,51.0
20201111,4,O3,溧阳,5.0
20201111,4,O3_24h,溧阳,132.0
20201111,4,O3_8h,溧阳,6.0
20201111,4,O3_8h_24h,溧阳,9.0
20201111,4,CO,溧阳,0.75
20201111,4,CO_24h,溧阳,0.85
20201111,5,AQI,溧阳,61.0
20201111,5,PM2.5,溧阳,41.0
20201111,5,PM2.5_24h,溧阳,45.0
20201111,5,PM10,溧阳,72.0
20201111,5,PM10_24h,溧阳,90.0
20201111,5,SO2,溧阳,9.0
20201111,5,SO2_24h,溧阳,14.0
20201111,5,NO2,溧阳,73.0
20201111,5,NO2_24h,溧阳,52.0
20201111,5,O3,溧阳,8.0
20201111,5,O3_24h,溧阳,132.0
20201111,5,O3_8h,溧阳,7.0
20201111,5,O3_8h_24h,溧阳,9.0
20201111,5,CO,溧阳,0.75
20201111,5,CO_24h,溧阳,0.85
20201111,6,AQI,溧阳,57.0
20201111,6,PM2.5,溧阳,36.0
20201111,6,PM2.5_24h,溧阳,45.0
20201111,6,PM10,溧阳,63.0
20201111,6,PM10_24h,溧阳,89.0
20201111,6,SO2,溧阳,9.0
20201111,6,SO2_24h,溧阳,14.0
20201111,6,NO2,溧阳,72.0
20201111,6,NO2_24h,溧阳,53.0
20201111,6,O3,溧阳,7.0
20201111,6,O3_24h,溧阳,132.0
20201111,6,O3_8h,溧阳,7.0
20201111,6,O3_8h_24h,溧阳,9.0
20201111,6,CO,溧阳,0.65
20201111,6,CO_24h,溧阳,0.85
20201111,8,AQI,溧阳,63.0
20201111,8,PM2.5,溧阳,42.0
20201111,8,PM2.5_24h,溧阳,44.0
20201111,8,PM10,溧阳,76.0
20201111,8,PM10_24h,溧阳,88.0
20201111,8,SO2,溧阳,10.0
20201111,8,SO2_24h,溧阳,14.0
20201111,8,NO2,溧阳,68.0
20201111,8,NO2_24h,溧阳,55.0
20201111,8,O3,溧阳,8.0
20201111,8,O3_24h,溧阳,132.0
20201111,8,O3_8h,溧阳,7.0
20201111,8,O3_8h_24h,溧阳,9.0
20201111,8,CO,溧阳,0.9
20201111,8,CO_24h,溧阳,0.75
20201111,10,AQI,溧阳,52.0
20201111,10,PM2.5,溧阳,31.0
20201111,10,PM2.5_24h,溧阳,44.0
20201111,10,PM10,溧阳,53.0
20201111,10,PM10_24h,溧阳,87.0
20201111,10,SO2,溧阳,14.0
20201111,10,SO2_24h,溧阳,13.0
20201111,10,NO2,溧阳,68.0
20201111,10,NO2_24h,溧阳,57.0
20201111,10,O3,溧阳,31.0
20201111,10,O3_24h,溧阳,132.0
20201111,10,O3_8h,溧阳,11.0
20201111,10,O3_8h_24h,溧阳,12.0
20201111,10,CO,溧阳,0.7
20201111,10,CO_24h,溧阳,0.75
20201111,11,AQI,溧阳,28.0
20201111,11,PM2.5,溧阳,15.0
20201111,11,PM2.5_24h,溧阳,43.0
20201111,11,PM10,溧阳,28.0
20201111,11,PM10_24h,溧阳,85.0
20201111,11,SO2,溧阳,12.0
20201111,11,SO2_24h,溧阳,13.0
20201111,11,NO2,溧阳,31.0
20201111,11,NO2_24h,溧阳,57.0
20201111,11,O3,溧阳,75.0
20201111,11,O3_24h,溧阳,132.0
20201111,11,O3_8h,溧阳,19.0
20201111,11,O3_8h_24h,溧阳,19.0
20201111,11,CO,溧阳,0.55
20201111,11,CO_24h,溧阳,0.75
20201111,12,AQI,溧阳,29.0
20201111,12,PM2.5,溧阳,10.0
20201111,12,PM2.5_24h,溧阳,42.0
20201111,12,PM10,溧阳,21.0
20201111,12,PM10_24h,溧阳,83.0
20201111,12,SO2,溧阳,10.0
20201111,12,SO2_24h,溧阳,13.0
20201111,12,NO2,溧阳,18.0
20201111,12,NO2_24h,溧阳,57.0
20201111,12,O3,溧阳,92.0
20201111,12,O3_24h,溧阳,132.0
20201111,12,O3_8h,溧阳,30.0
20201111,12,O3_8h_24h,溧阳,30.0
20201111,12,CO,溧阳,0.45
20201111,12,CO_24h,溧阳,0.75
20201111,13,AQI,溧阳,30.0
20201111,13,PM2.5,溧阳,11.0
20201111,13,PM2.5_24h,溧阳,41.0
20201111,13,PM10,溧阳,23.0
20201111,13,PM10_24h,溧阳,81.0
20201111,13,SO2,溧阳,10.0
20201111,13,SO2_24h,溧阳,13.0
20201111,13,NO2,溧阳,19.0
20201111,13,NO2_24h,溧阳,57.0
20201111,13,O3,溧阳,95.0
20201111,13,O3_24h,溧阳,132.0
20201111,13,O3_8h,溧阳,41.0
20201111,13,O3_8h_24h,溧阳,41.0
20201111,13,CO,溧阳,0.45
20201111,13,CO_24h,溧阳,0.75
20201111,14,AQI,溧阳,33.0
20201111,14,PM2.5,溧阳,13.0
20201111,14,PM2.5_24h,溧阳,41.0
20201111,14,PM10,溧阳,29.0
20201111,14,PM10_24h,溧阳,79.0
20201111,14,SO2,溧阳,9.0
20201111,14,SO2_24h,溧阳,13.0
20201111,14,NO2,溧阳,20.0
20201111,14,NO2_24h,溧阳,57.0
20201111,14,O3,溧阳,107.0
20201111,14,O3_24h,溧阳,132.0
20201111,14,O3_8h,溧阳,54.0
20201111,14,O3_8h_24h,溧阳,54.0
20201111,14,CO,溧阳,0.45
20201111,14,CO_24h,溧阳,0.75
20201111,15,AQI,溧阳,36.0
20201111,15,PM2.5,溧阳,15.0
20201111,15,PM2.5_24h,溧阳,40.0
20201111,15,PM10,溧阳,32.0
20201111,15,PM10_24h,溧阳,77.0
20201111,15,SO2,溧阳,8.0
20201111,15,SO2_24h,溧阳,13.0
20201111,15,NO2,溧阳,18.0
20201111,15,NO2_24h,溧阳,57.0
20201111,15,O3,溧阳,116.0
20201111,15,O3_24h,溧阳,123.0
20201111,15,O3_8h,溧阳,67.0
20201111,15,O3_8h_24h,溧阳,67.0
20201111,15,CO,溧阳,0.45
20201111,15,CO_24h,溧阳,0.75
20201111,16,AQI,溧阳,41.0
20201111,16,PM2.5,溧阳,20.0
20201111,16,PM2.5_24h,溧阳,40.0
20201111,16,PM10,溧阳,41.0
20201111,16,PM10_24h,溧阳,76.0
20201111,16,SO2,溧阳,9.0
20201111,16,SO2_24h,溧阳,13.0
20201111,16,NO2,溧阳,20.0
20201111,16,NO2_24h,溧阳,57.0
20201111,16,O3,溧阳,117.0
20201111,16,O3_24h,溧阳,117.0
20201111,16,O3_8h,溧阳,81.0
20201111,16,O3_8h_24h,溧阳,81.0
20201111,16,CO,溧阳,0.55
20201111,16,CO_24h,溧阳,0.75
20201111,17,AQI,溧阳,49.0
20201111,17,PM2.5,溧阳,24.0
20201111,17,PM2.5_24h,溧阳,39.0
20201111,17,PM10,溧阳,49.0
20201111,17,PM10_24h,溧阳,74.0
20201111,17,SO2,溧阳,8.0
20201111,17,SO2_24h,溧阳,13.0
20201111,17,NO2,溧阳,27.0
20201111,17,NO2_24h,溧阳,57.0
20201111,17,O3,溧阳,109.0
20201111,17,O3_24h,溧阳,117.0
20201111,17,O3_8h,溧阳,93.0
20201111,17,O3_8h_24h,溧阳,93.0
20201111,17,CO,溧阳,0.65
20201111,17,CO_24h,溧阳,0.75
20201111,18,AQI,溧阳,52.0
20201111,18,PM2.5,溧阳,27.0
20201111,18,PM2.5_24h,溧阳,39.0
20201111,18,PM10,溧阳,54.0
20201111,18,PM10_24h,溧阳,73.0
20201111,18,SO2,溧阳,8.0
20201111,18,SO2_24h,溧阳,13.0
20201111,18,NO2,溧阳,36.0
20201111,18,NO2_24h,溧阳,56.0
20201111,18,O3,溧阳,95.0
20201111,18,O3_24h,溧阳,117.0
20201111,18,O3_8h,溧阳,101.0
20201111,18,O3_8h_24h,溧阳,101.0
20201111,18,CO,溧阳,0.7
20201111,18,CO_24h,溧阳,0.75
20201111,19,AQI,溧阳,59.0
20201111,19,PM2.5,溧阳,36.0
20201111,19,PM2.5_24h,溧阳,39.0
20201111,19,PM10,溧阳,67.0
20201111,19,PM10_24h,溧阳,73.0
20201111,19,SO2,溧阳,7.0
20201111,19,SO2_24h,溧阳,12.0
20201111,19,NO2,溧阳,45.0
20201111,19,NO2_24h,溧阳,56.0
20201111,19,O3,溧阳,76.0
20201111,19,O3_24h,溧阳,117.0
20201111,19,O3_8h,溧阳,101.0
20201111,19,O3_8h_24h,溧阳,101.0
20201111,19,CO,溧阳,0.7
20201111,19,CO_24h,溧阳,0.75
20201111,20,AQI,溧阳,64.0
20201111,20,PM2.5,溧阳,43.0
20201111,20,PM2.5_24h,溧阳,38.0
20201111,20,PM10,溧阳,77.0
20201111,20,PM10_24h,溧阳,71.0
20201111,20,SO2,溧阳,8.0
20201111,20,SO2_24h,溧阳,12.0
20201111,20,NO2,溧阳,70.0
20201111,20,NO2_24h,溧阳,57.0
20201111,20,O3,溧阳,46.0
20201111,20,O3_24h,溧阳,117.0
20201111,20,O3_8h,溧阳,95.0
20201111,20,O3_8h_24h,溧阳,101.0
20201111,20,CO,溧阳,0.8
20201111,20,CO_24h,溧阳,0.75
20201111,21,AQI,溧阳,69.0
20201111,21,PM2.5,溧阳,50.0
20201111,21,PM2.5_24h,溧阳,38.0
20201111,21,PM10,溧阳,83.0
20201111,21,PM10_24h,溧阳,70.0
20201111,21,SO2,溧阳,8.0
20201111,21,SO2_24h,溧阳,11.0
20201111,21,NO2,溧阳,84.0
20201111,21,NO2_24h,溧阳,58.0
20201111,21,O3,溧阳,28.0
20201111,21,O3_24h,溧阳,117.0
20201111,21,O3_8h,溧阳,87.0
20201111,21,O3_8h_24h,溧阳,101.0
20201111,21,CO,溧阳,0.85
20201111,21,CO_24h,溧阳,0.75
20201111,22,AQI,溧阳,64.0
20201111,22,PM2.5,溧阳,44.0
20201111,22,PM2.5_24h,溧阳,37.0
20201111,22,PM10,溧阳,78.0
20201111,22,PM10_24h,溧阳,68.0
20201111,22,SO2,溧阳,8.0
20201111,22,SO2_24h,溧阳,10.0
20201111,22,NO2,溧阳,90.0
20201111,22,NO2_24h,溧阳,58.0
20201111,22,O3,溧阳,18.0
20201111,22,O3_24h,溧阳,117.0
20201111,22,O3_8h,溧阳,76.0
20201111,22,O3_8h_24h,溧阳,101.0
20201111,22,CO,溧阳,0.75
20201111,22,CO_24h,溧阳,0.75
20201111,23,AQI,溧阳,52.0
20201111,23,PM2.5,溧阳,30.0
20201111,23,PM2.5_24h,溧阳,36.0
20201111,23,PM10,溧阳,53.0
20201111,23,PM10_24h,溧阳,66.0
20201111,23,SO2,溧阳,9.0
20201111,23,SO2_24h,溧阳,10.0
20201111,23,NO2,溧阳,56.0
20201111,23,NO2_24h,溧阳,58.0
20201111,23,O3,溧阳,40.0
20201111,23,O3_24h,溧阳,117.0
20201111,23,O3_8h,溧阳,66.0
20201111,23,O3_8h_24h,溧阳,101.0
20201111,23,CO,溧阳,0.7
20201111,23,CO_24h,溧阳,0.7
20201111,0,AQI,海门,58.0
20201111,0,PM2.5,海门,40.0
20201111,0,PM2.5_24h,海门,30.0
20201111,0,PM10,海门,66.0
20201111,0,PM10_24h,海门,64.0
20201111,0,SO2,海门,10.0
20201111,0,SO2_24h,海门,7.0
20201111,0,NO2,海门,39.0
20201111,0,NO2_24h,海门,30.0
20201111,0,O3,海门,52.0
20201111,0,O3_24h,海门,112.0
20201111,0,O3_8h,海门,78.0
20201111,0,O3_8h_24h,海门,108.0
20201111,0,CO,海门,0.9
20201111,0,CO_24h,海门,0.75
20201111,1,AQI,海门,61.0
20201111,1,PM2.5,海门,38.0
20201111,1,PM2.5_24h,海门,30.0
20201111,1,PM10,海门,72.0
20201111,1,PM10_24h,海门,64.0
20201111,1,SO2,海门,10.0
20201111,1,SO2_24h,海门,8.0
20201111,1,NO2,海门,43.0
20201111,1,NO2_24h,海门,31.0
20201111,1,O3,海门,45.0
20201111,1,O3_24h,海门,112.0
20201111,1,O3_8h,海门,45.0
20201111,1,O3_8h_24h,海门,45.0
20201111,1,CO,海门,0.85
20201111,1,CO_24h,海门,0.8
20201111,2,AQI,海门,59.0
20201111,2,PM2.5,海门,42.0
20201111,2,PM2.5_24h,海门,30.0
20201111,2,PM10,海门,63.0
20201111,2,PM10_24h,海门,64.0
20201111,2,SO2,海门,7.0
20201111,2,SO2_24h,海门,8.0
20201111,2,NO2,海门,34.0
20201111,2,NO2_24h,海门,31.0
20201111,2,O3,海门,43.0
20201111,2,O3_24h,海门,112.0
20201111,2,O3_8h,海门,44.0
20201111,2,O3_8h_24h,海门,46.0
20201111,2,CO,海门,0.85
20201111,2,CO_24h,海门,0.8
20201111,3,AQI,海门,64.0
20201111,3,PM2.5,海门,46.0
20201111,3,PM2.5_24h,海门,31.0
20201111,3,PM10,海门,61.0
20201111,3,PM10_24h,海门,63.0
20201111,3,SO2,海门,7.0
20201111,3,SO2_24h,海门,8.0
20201111,3,NO2,海门,42.0
20201111,3,NO2_24h,海门,31.0
20201111,3,O3,海门,32.0
20201111,3,O3_24h,海门,112.0
20201111,3,O3_8h,海门,40.0
20201111,3,O3_8h_24h,海门,47.0
20201111,3,CO,海门,0.8
20201111,3,CO_24h,海门,0.8
20201111,4,AQI,海门,56.0
20201111,4,PM2.5,海门,40.0
20201111,4,PM2.5_24h,海门,31.0
20201111,4,PM10,海门,57.0
20201111,4,PM10_24h,海门,62.0
20201111,4,SO2,海门,8.0
20201111,4,SO2_24h,海门,8.0
20201111,4,NO2,海门,36.0
20201111,4,NO2_24h,海门,31.0
20201111,4,O3,海门,43.0
20201111,4,O3_24h,海门,112.0
20201111,4,O3_8h,海门,41.0
20201111,4,O3_8h_24h,海门,49.0
20201111,4,CO,海门,0.7
20201111,4,CO_24h,海门,0.8
20201111,5,AQI,海门,51.0
20201111,5,PM2.5,海门,36.0
20201111,5,PM2.5_24h,海门,30.0
20201111,5,PM10,海门,52.0
20201111,5,PM10_24h,海门,61.0
20201111,5,SO2,海门,8.0
20201111,5,SO2_24h,海门,8.0
20201111,5,NO2,海门,34.0
20201111,5,NO2_24h,海门,30.0
20201111,5,O3,海门,63.0
20201111,5,O3_24h,海门,112.0
20201111,5,O3_8h,海门,45.0
20201111,5,O3_8h_24h,海门,52.0
20201111,5,CO,海门,0.75
20201111,5,CO_24h,海门,0.8
20201111,6,AQI,海门,54.0
20201111,6,PM2.5,海门,32.0
20201111,6,PM2.5_24h,海门,30.0
20201111,6,PM10,海门,57.0
20201111,6,PM10_24h,海门,60.0
20201111,6,SO2,海门,7.0
20201111,6,SO2_24h,海门,8.0
20201111,6,NO2,海门,31.0
20201111,6,NO2_24h,海门,29.0
20201111,6,O3,海门,71.0
20201111,6,O3_24h,海门,112.0
20201111,6,O3_8h,海门,49.0
20201111,6,O3_8h_24h,海门,54.0
20201111,6,CO,海门,0.75
20201111,6,CO_24h,海门,0.8
20201111,8,AQI,海门,60.0
20201111,8,PM2.5,海门,26.0
20201111,8,PM2.5_24h,海门,28.0
20201111,8,PM10,海门,69.0
20201111,8,PM10_24h,海门,58.0
20201111,8,SO2,海门,9.0
20201111,8,SO2_24h,海门,8.0
20201111,8,NO2,海门,39.0
20201111,8,NO2_24h,海门,27.0
20201111,8,O3,海门,68.0
20201111,8,O3_24h,海门,112.0
20201111,8,O3_8h,海门,56.0
20201111,8,O3_8h_24h,海门,57.0
20201111,8,CO,海门,0.9
20201111,8,CO_24h,海门,0.75
20201111,10,AQI,海门,61.0
20201111,10,PM2.5,海门,28.0
20201111,10,PM2.5_24h,海门,28.0
20201111,10,PM10,海门,72.0
20201111,10,PM10_24h,海门,57.0
20201111,10,SO2,海门,8.0
20201111,10,SO2_24h,海门,8.0
20201111,10,NO2,海门,26.0
20201111,10,NO2_24h,海门,27.0
20201111,10,O3,海门,86.0
20201111,10,O3_24h,海门,112.0
20201111,10,O3_8h,海门,65.0
20201111,10,O3_8h_24h,海门,65.0
20201111,10,CO,海门,0.85
20201111,10,CO_24h,海门,0.75
20201111,11,AQI,海门,55.0
20201111,11,PM2.5,海门,23.0
20201111,11,PM2.5_24h,海门,28.0
20201111,11,PM10,海门,60.0
20201111,11,PM10_24h,海门,57.0
20201111,11,SO2,海门,8.0
20201111,11,SO2_24h,海门,8.0
20201111,11,NO2,海门,13.0
20201111,11,NO2_24h,海门,27.0
20201111,11,O3,海门,104.0
20201111,11,O3_24h,海门,112.0
20201111,11,O3_8h,海门,74.0
20201111,11,O3_8h_24h,海门,74.0
20201111,11,CO,海门,0.8
20201111,11,CO_24h,海门,0.75
20201111,12,AQI,海门,45.0
20201111,12,PM2.5,海门,19.0
20201111,12,PM2.5_24h,海门,28.0
20201111,12,PM10,海门,45.0
20201111,12,PM10_24h,海门,57.0
20201111,12,SO2,海门,7.0
20201111,12,SO2_24h,海门,8.0
20201111,12,NO2,海门,11.0
20201111,12,NO2_24h,海门,27.0
20201111,12,O3,海门,100.0
20201111,12,O3_24h,海门,112.0
20201111,12,O3_8h,海门,81.0
20201111,12,O3_8h_24h,海门,81.0
20201111,12,CO,海门,0.75
20201111,12,CO_24h,海门,0.75
20201111,13,AQI,海门,33.0
20201111,13,PM2.5,海门,15.0
20201111,13,PM2.5_24h,海门,28.0
20201111,13,PM10,海门,33.0
20201111,13,PM10_24h,海门,56.0
20201111,13,SO2,海门,6.0
20201111,13,SO2_24h,海门,8.0
20201111,13,NO2,海门,11.0
20201111,13,NO2_24h,海门,27.0
20201111,13,O3,海门,104.0
20201111,13,O3_24h,海门,111.0
20201111,13,O3_8h,海门,86.0
20201111,13,O3_8h_24h,海门,86.0
20201111,13,CO,海门,0.7
20201111,13,CO_24h,海门,0.8
20201111,14,AQI,海门,33.0
20201111,14,PM2.5,海门,8.0
20201111,14,PM2.5_24h,海门,28.0
20201111,14,PM10,海门,20.0
20201111,14,PM10_24h,海门,55.0
20201111,14,SO2,海门,6.0
20201111,14,SO2_24h,海门,8.0
20201111,14,NO2,海门,8.0
20201111,14,NO2_24h,海门,27.0
20201111,14,O3,海门,106.0
20201111,14,O3_24h,海门,110.0
20201111,14,O3_8h,海门,90.0
20201111,14,O3_8h_24h,海门,90.0
20201111,14,CO,海门,0.6
20201111,14,CO_24h,海门,0.8
20201111,15,AQI,海门,31.0
20201111,15,PM2.5,海门,8.0
20201111,15,PM2.5_24h,海门,28.0
20201111,15,PM10,海门,14.0
20201111,15,PM10_24h,海门,54.0
20201111,15,SO2,海门,6.0
20201111,15,SO2_24h,海门,8.0
20201111,15,NO2,海门,7.0
20201111,15,NO2_24h,海门,27.0
20201111,15,O3,海门,99.0
20201111,15,O3_24h,海门,109.0
20201111,15,O3_8h,海门,92.0
20201111,15,O3_8h_24h,海门,92.0
20201111,15,CO,海门,0.6
20201111,15,CO_24h,海门,0.8
20201111,16,AQI,海门,30.0
20201111,16,PM2.5,海门,7.0
20201111,16,PM2.5_24h,海门,27.0
20201111,16,PM10,海门,13.0
20201111,16,PM10_24h,海门,53.0
20201111,16,SO2,海门,6.0
20201111,16,SO2_24h,海门,8.0
20201111,16,NO2,海门,9.0
20201111,16,NO2_24h,海门,26.0
20201111,16,O3,海门,97.0
20201111,16,O3_24h,海门,107.0
20201111,16,O3_8h,海门,96.0
20201111,16,O3_8h_24h,海门,96.0
20201111,16,CO,海门,0.55
20201111,16,CO_24h,海门,0.8
20201111,17,AQI,海门,27.0
20201111,17,PM2.5,海门,4.0
20201111,17,PM2.5_24h,海门,26.0
20201111,17,PM10,海门,12.0
20201111,17,PM10_24h,海门,51.0
20201111,17,SO2,海门,6.0
20201111,17,SO2_24h,海门,8.0
20201111,17,NO2,海门,11.0
20201111,17,NO2_24h,海门,25.0
20201111,17,O3,海门,87.0
20201111,17,O3_24h,海门,106.0
20201111,17,O3_8h,海门,97.0
20201111,17,O3_8h_24h,海门,98.0
20201111,17,CO,海门,0.55
20201111,17,CO_24h,海门,0.75
20201111,18,AQI,海门,23.0
20201111,18,PM2.5,海门,12.0
20201111,18,PM2.5_24h,海门,26.0
20201111,18,PM10,海门,22.0
20201111,18,PM10_24h,海门,49.0
20201111,18,SO2,海门,5.0
20201111,18,SO2_24h,海门,8.0
20201111,18,NO2,海门,20.0
20201111,18,NO2_24h,海门,25.0
20201111,18,O3,海门,72.0
20201111,18,O3_24h,海门,106.0
20201111,18,O3_8h,海门,96.0
20201111,18,O3_8h_24h,海门,98.0
20201111,18,CO,海门,0.65
20201111,18,CO_24h,海门,0.75
20201111,19,AQI,海门,26.0
20201111,19,PM2.5,海门,12.0
20201111,19,PM2.5_24h,海门,26.0
20201111,19,PM10,海门,26.0
20201111,19,PM10_24h,海门,49.0
20201111,19,SO2,海门,5.0
20201111,19,SO2_24h,海门,7.0
20201111,19,NO2,海门,22.0
20201111,19,NO2_24h,海门,26.0
20201111,19,O3,海门,69.0
20201111,19,O3_24h,海门,106.0
20201111,19,O3_8h,海门,91.0
20201111,19,O3_8h_24h,海门,98.0
20201111,19,CO,海门,0.65
20201111,19,CO_24h,海门,0.75
20201111,20,AQI,海门,33.0
20201111,20,PM2.5,海门,14.0
20201111,20,PM2.5_24h,海门,25.0
20201111,20,PM10,海门,33.0
20201111,20,PM10_24h,海门,48.0
20201111,20,SO2,海门,6.0
20201111,20,SO2_24h,海门,7.0
20201111,20,NO2,海门,25.0
20201111,20,NO2_24h,海门,26.0
20201111,20,O3,海门,64.0
20201111,20,O3_24h,海门,106.0
20201111,20,O3_8h,海门,86.0
20201111,20,O3_8h_24h,海门,98.0
20201111,20,CO,海门,0.65
20201111,20,CO_24h,海门,0.75
20201111,21,AQI,海门,34.0
20201111,21,PM2.5,海门,17.0
20201111,21,PM2.5_24h,海门,25.0
20201111,21,PM10,海门,34.0
20201111,21,PM10_24h,海门,47.0
20201111,21,SO2,海门,8.0
20201111,21,SO2_24h,海门,7.0
20201111,21,NO2,海门,23.0
20201111,21,NO2_24h,海门,26.0
20201111,21,O3,海门,64.0
20201111,21,O3_24h,海门,106.0
20201111,21,O3_8h,海门,81.0
20201111,21,O3_8h_24h,海门,98.0
20201111,21,CO,海门,0.65
20201111,21,CO_24h,海门,0.75
20201111,22,AQI,海门,34.0
20201111,22,PM2.5,海门,17.0
20201111,22,PM2.5_24h,海门,24.0
20201111,22,PM10,海门,34.0
20201111,22,PM10_24h,海门,46.0
20201111,22,SO2,海门,7.0
20201111,22,SO2_24h,海门,7.0
20201111,22,NO2,海门,24.0
20201111,22,NO2_24h,海门,25.0
20201111,22,O3,海门,60.0
20201111,22,O3_24h,海门,106.0
20201111,22,O3_8h,海门,76.0
20201111,22,O3_8h_24h,海门,98.0
20201111,22,CO,海门,0.65
20201111,22,CO_24h,海门,0.75
20201111,23,AQI,海门,37.0
20201111,23,PM2.5,海门,21.0
20201111,23,PM2.5_24h,海门,23.0
20201111,23,PM10,海门,37.0
20201111,23,PM10_24h,海门,45.0
20201111,23,SO2,海门,7.0
20201111,23,SO2_24h,海门,7.0
20201111,23,NO2,海门,30.0
20201111,23,NO2_24h,海门,25.0
20201111,23,O3,海门,49.0
20201111,23,O3_24h,海门,106.0
20201111,23,O3_8h,海门,70.0
20201111,23,O3_8h_24h,海门,98.0
20201111,23,CO,海门,0.75
20201111,23,CO_24h,海门,0.75
20201111,0,AQI,临安,85.0
20201111,0,PM2.5,临安,62.0
20201111,0,PM2.5_24h,临安,47.0
20201111,0,PM10,临安,119.0
20201111,0,PM10_24h,临安,117.0
20201111,0,SO2,临安,1.0
20201111,0,SO2_24h,临安,2.0
20201111,0,NO2,临安,45.0
20201111,0,NO2_24h,临安,44.0
20201111,0,O3,临安,25.0
20201111,0,O3_24h,临安,82.0
20201111,0,O3_8h,临安,34.0
20201111,0,O3_8h_24h,临安,67.0
20201111,0,CO,临安,0.8
20201111,0,CO_24h,临安,0.8
20201111,1,AQI,临安,81.0
20201111,1,PM2.5,临安,58.0
20201111,1,PM2.5_24h,临安,48.0
20201111,1,PM10,临安,111.0
20201111,1,PM10_24h,临安,117.0
20201111,1,SO2,临安,1.0
20201111,1,SO2_24h,临安,2.0
20201111,1,NO2,临安,40.0
20201111,1,NO2_24h,临安,45.0
20201111,1,O3,临安,27.0
20201111,1,O3_24h,临安,82.0
20201111,1,O3_8h,临安,27.0
20201111,1,O3_8h_24h,临安,27.0
20201111,1,CO,临安,0.8
20201111,1,CO_24h,临安,0.8
20201111,2,AQI,临安,76.0
20201111,2,PM2.5,临安,50.0
20201111,2,PM2.5_24h,临安,48.0
20201111,2,PM10,临安,101.0
20201111,2,PM10_24h,临安,117.0
20201111,2,SO2,临安,1.0
20201111,2,SO2_24h,临安,2.0
20201111,2,NO2,临安,34.0
20201111,2,NO2_24h,临安,45.0
20201111,2,O3,临安,27.0
20201111,2,O3_24h,临安,82.0
20201111,2,O3_8h,临安,27.0
20201111,2,O3_8h_24h,临安,27.0
20201111,2,CO,临安,0.8
20201111,2,CO_24h,临安,0.8
20201111,3,AQI,临安,71.0
20201111,3,PM2.5,临安,41.0
20201111,3,PM2.5_24h,临安,49.0
20201111,3,PM10,临安,91.0
20201111,3,PM10_24h,临安,117.0
20201111,3,SO2,临安,1.0
20201111,3,SO2_24h,临安,2.0
20201111,3,NO2,临安,27.0
20201111,3,NO2_24h,临安,45.0
20201111,3,O3,临安,32.0
20201111,3,O3_24h,临安,82.0
20201111,3,O3_8h,临安,29.0
20201111,3,O3_8h_24h,临安,29.0
20201111,3,CO,临安,0.8
20201111,3,CO_24h,临安,0.8
20201111,4,AQI,临安,68.0
20201111,4,PM2.5,临安,39.0
20201111,4,PM2.5_24h,临安,49.0
20201111,4,PM10,临安,86.0
20201111,4,PM10_24h,临安,117.0
20201111,4,SO2,临安,1.0
20201111,4,SO2_24h,临安,2.0
20201111,4,NO2,临安,26.0
20201111,4,NO2_24h,临安,45.0
20201111,4,O3,临安,28.0
20201111,4,O3_24h,临安,82.0
20201111,4,O3_8h,临安,28.0
20201111,4,O3_8h_24h,临安,29.0
20201111,4,CO,临安,0.7
20201111,4,CO_24h,临安,0.8
20201111,5,AQI,临安,68.0
20201111,5,PM2.5,临安,39.0
20201111,5,PM2.5_24h,临安,50.0
20201111,5,PM10,临安,86.0
20201111,5,PM10_24h,临安,117.0
20201111,5,SO2,临安,2.0
20201111,5,SO2_24h,临安,2.0
20201111,5,NO2,临安,27.0
20201111,5,NO2_24h,临安,45.0
20201111,5,O3,临安,27.0
20201111,5,O3_24h,临安,82.0
20201111,5,O3_8h,临安,28.0
20201111,5,O3_8h_24h,临安,29.0
20201111,5,CO,临安,0.7
20201111,5,CO_24h,临安,0.8
20201111,6,AQI,临安,68.0
20201111,6,PM2.5,临安,37.0
20201111,6,PM2.5_24h,临安,50.0
20201111,6,PM10,临安,86.0
20201111,6,PM10_24h,临安,117.0
20201111,6,SO2,临安,1.0
20201111,6,SO2_24h,临安,2.0
20201111,6,NO2,临安,31.0
20201111,6,NO2_24h,临安,44.0
20201111,6,O3,临安,16.0
20201111,6,O3_24h,临安,82.0
20201111,6,O3_8h,临安,26.0
20201111,6,O3_8h_24h,临安,29.0
20201111,6,CO,临安,0.7
20201111,6,CO_24h,临安,0.8
20201111,8,AQI,临安,75.0
20201111,8,PM2.5,临安,46.0
20201111,8,PM2.5_24h,临安,50.0
20201111,8,PM10,临安,99.0
20201111,8,PM10_24h,临安,117.0
20201111,8,SO2,临安,3.0
20201111,8,SO2_24h,临安,2.0
20201111,8,NO2,临安,35.0
20201111,8,NO2_24h,临安,44.0
20201111,8,O3,临安,16.0
20201111,8,O3_24h,临安,82.0
20201111,8,O3_8h,临安,23.0
20201111,8,O3_8h_24h,临安,29.0
20201111,8,CO,临安,0.8
20201111,8,CO_24h,临安,0.8
20201111,10,AQI,临安,69.0
20201111,10,PM2.5,临安,39.0
20201111,10,PM2.5_24h,临安,51.0
20201111,10,PM10,临安,88.0
20201111,10,PM10_24h,临安,117.0
20201111,10,SO2,临安,3.0
20201111,10,SO2_24h,临安,2.0
20201111,10,NO2,临安,33.0
20201111,10,NO2_24h,临安,44.0
20201111,10,O3,临安,40.0
20201111,10,O3_24h,临安,82.0
20201111,10,O3_8h,临安,25.0
20201111,10,O3_8h_24h,临安,29.0
20201111,10,CO,临安,0.8
20201111,10,CO_24h,临安,0.8
20201111,11,AQI,临安,61.0
20201111,11,PM2.5,临安,31.0
20201111,11,PM2.5_24h,临安,51.0
20201111,11,PM10,临安,72.0
20201111,11,PM10_24h,临安,116.0
20201111,11,SO2,临安,5.0
20201111,11,SO2_24h,临安,2.0
20201111,11,NO2,临安,31.0
20201111,11,NO2_24h,临安,44.0
20201111,11,O3,临安,56.0
20201111,11,O3_24h,临安,82.0
20201111,11,O3_8h,临安,28.0
20201111,11,O3_8h_24h,临安,29.0
20201111,11,CO,临安,0.7
20201111,11,CO_24h,临安,0.8
20201111,12,AQI,临安,57.0
20201111,12,PM2.5,临安,30.0
20201111,12,PM2.5_24h,临安,50.0
20201111,12,PM10,临安,64.0
20201111,12,PM10_24h,临安,115.0
20201111,12,SO2,临安,3.0
20201111,12,SO2_24h,临安,2.0
20201111,12,NO2,临安,29.0
20201111,12,NO2_24h,临安,45.0
20201111,12,O3,临安,62.0
20201111,12,O3_24h,临安,82.0
20201111,12,O3_8h,临安,32.0
20201111,12,O3_8h_24h,临安,32.0
20201111,12,CO,临安,0.7
20201111,12,CO_24h,临安,0.8
20201111,13,AQI,临安,50.0
20201111,13,PM2.5,临安,25.0
20201111,13,PM2.5_24h,临安,50.0
20201111,13,PM10,临安,50.0
20201111,13,PM10_24h,临安,113.0
20201111,13,SO2,临安,2.0
20201111,13,SO2_24h,临安,2.0
20201111,13,NO2,临安,26.0
20201111,13,NO2_24h,临安,45.0
20201111,13,O3,临安,66.0
20201111,13,O3_24h,临安,73.0
20201111,13,O3_8h,临安,37.0
20201111,13,O3_8h_24h,临安,37.0
20201111,13,CO,临安,0.6
20201111,13,CO_24h,临安,0.8
20201111,14,AQI,临安,51.0
20201111,14,PM2.5,临安,26.0
20201111,14,PM2.5_24h,临安,49.0
20201111,14,PM10,临安,51.0
20201111,14,PM10_24h,临安,110.0
20201111,14,SO2,临安,3.0
20201111,14,SO2_24h,临安,2.0
20201111,14,NO2,临安,31.0
20201111,14,NO2_24h,临安,45.0
20201111,14,O3,临安,67.0
20201111,14,O3_24h,临安,71.0
20201111,14,O3_8h,临安,43.0
20201111,14,O3_8h_24h,临安,43.0
20201111,14,CO,临安,0.6
20201111,14,CO_24h,临安,0.8
20201111,15,AQI,临安,59.0
20201111,15,PM2.5,临安,34.0
20201111,15,PM2.5_24h,临安,48.0
20201111,15,PM10,临安,68.0
20201111,15,PM10_24h,临安,108.0
20201111,15,SO2,临安,4.0
20201111,15,SO2_24h,临安,2.0
20201111,15,NO2,临安,45.0
20201111,15,NO2_24h,临安,45.0
20201111,15,O3,临安,62.0
20201111,15,O3_24h,临安,70.0
20201111,15,O3_8h,临安,49.0
20201111,15,O3_8h_24h,临安,49.0
20201111,15,CO,临安,0.6
20201111,15,CO_24h,临安,0.8
20201111,16,AQI,临安,68.0
20201111,16,PM2.5,临安,40.0
20201111,16,PM2.5_24h,临安,47.0
20201111,16,PM10,临安,85.0
20201111,16,PM10_24h,临安,105.0
20201111,16,SO2,临安,5.0
20201111,16,SO2_24h,临安,2.0
20201111,16,NO2,临安,51.0
20201111,16,NO2_24h,临安,45.0
20201111,16,O3,临安,68.0
20201111,16,O3_24h,临安,70.0
20201111,16,O3_8h,临安,56.0
20201111,16,O3_8h_24h,临安,56.0
20201111,16,CO,临安,0.6
20201111,16,CO_24h,临安,0.8
20201111,17,AQI,临安,57.0
20201111,17,PM2.5,临安,28.0
20201111,17,PM2.5_24h,临安,46.0
20201111,17,PM10,临安,64.0
20201111,17,PM10_24h,临安,102.0
20201111,17,SO2,临安,4.0
20201111,17,SO2_24h,临安,2.0
20201111,17,NO2,临安,34.0
20201111,17,NO2_24h,临安,44.0
20201111,17,O3,临安,79.0
20201111,17,O3_24h,临安,79.0
20201111,17,O3_8h,临安,62.0
20201111,17,O3_8h_24h,临安,62.0
20201111,17,CO,临安,0.6
20201111,17,CO_24h,临安,0.8
20201111,18,AQI,临安,61.0
20201111,18,PM2.5,临安,27.0
20201111,18,PM2.5_24h,临安,44.0
20201111,18,PM10,临安,72.0
20201111,18,PM10_24h,临安,99.0
20201111,18,SO2,临安,4.0
20201111,18,SO2_24h,临安,2.0
20201111,18,NO2,临安,46.0
20201111,18,NO2_24h,临安,42.0
20201111,18,O3,临安,66.0
20201111,18,O3_24h,临安,79.0
20201111,18,O3_8h,临安,66.0
20201111,18,O3_8h_24h,临安,66.0
20201111,18,CO,临安,0.6
20201111,18,CO_24h,临安,0.8
20201111,19,AQI,临安,68.0
20201111,19,PM2.5,临安,28.0
20201111,19,PM2.5_24h,临安,42.0
20201111,19,PM10,临安,86.0
20201111,19,PM10_24h,临安,94.0
20201111,19,SO2,临安,3.0
20201111,19,SO2_24h,临安,2.0
20201111,19,NO2,临安,88.0
20201111,19,NO2_24h,临安,42.0
20201111,19,O3,临安,24.0
20201111,19,O3_24h,临安,79.0
20201111,19,O3_8h,临安,62.0
20201111,19,O3_8h_24h,临安,66.0
20201111,19,CO,临安,0.8
20201111,19,CO_24h,临安,0.7
20201111,20,AQI,临安,75.0
20201111,20,PM2.5,临安,32.0
20201111,20,PM2.5_24h,临安,41.0
20201111,20,PM10,临安,100.0
20201111,20,PM10_24h,临安,92.0
20201111,20,SO2,临安,2.0
20201111,20,SO2_24h,临安,2.0
20201111,20,NO2,临安,83.0
20201111,20,NO2_24h,临安,42.0
20201111,20,O3,临安,13.0
20201111,20,O3_24h,临安,79.0
20201111,20,O3_8h,临安,56.0
20201111,20,O3_8h_24h,临安,66.0
20201111,20,CO,临安,0.8
20201111,20,CO_24h,临安,0.7
20201111,21,AQI,临安,84.0
20201111,21,PM2.5,临安,37.0
20201111,21,PM2.5_24h,临安,40.0
20201111,21,PM10,临安,117.0
20201111,21,PM10_24h,临安,90.0
20201111,21,SO2,临安,2.0
20201111,21,SO2_24h,临安,2.0
20201111,21,NO2,临安,80.0
20201111,21,NO2_24h,临安,43.0
20201111,21,O3,临安,20.0
20201111,21,O3_24h,临安,79.0
20201111,21,O3_8h,临安,50.0
20201111,21,O3_8h_24h,临安,66.0
20201111,21,CO,临安,0.8
20201111,21,CO_24h,临安,0.7
20201111,22,AQI,临安,77.0
20201111,22,PM2.5,临安,35.0
20201111,22,PM2.5_24h,临安,39.0
20201111,22,PM10,临安,103.0
20201111,22,PM10_24h,临安,89.0
20201111,22,SO2,临安,1.0
20201111,22,SO2_24h,临安,2.0
20201111,22,NO2,临安,73.0
20201111,22,NO2_24h,临安,43.0
20201111,22,O3,临安,17.0
20201111,22,O3_24h,临安,79.0
20201111,22,O3_8h,临安,44.0
20201111,22,O3_8h_24h,临安,66.0
20201111,22,CO,临安,0.8
20201111,22,CO_24h,临安,0.7
20201111,23,AQI,临安,73.0
20201111,23,PM2.5,临安,39.0
20201111,23,PM2.5_24h,临安,38.0
20201111,23,PM10,临安,96.0
20201111,23,PM10_24h,临安,87.0
20201111,23,SO2,临安,1.0
20201111,23,SO2_24h,临安,2.0
20201111,23,NO2,临安,62.0
20201111,23,NO2_24h,临安,44.0
20201111,23,O3,临安,19.0
20201111,23,O3_24h,临安,79.0
20201111,23,O3_8h,临安,38.0
20201111,23,O3_8h_24h,临安,66.0
20201111,23,CO,临安,0.8
20201111,23,CO_24h,临安,0.7
20201111,0,AQI,富阳,76.0
20201111,0,PM2.5,富阳,41.0
20201111,0,PM2.5_24h,富阳,48.0
20201111,0,PM10,富阳,102.0
20201111,0,PM10_24h,富阳,120.0
20201111,0,SO2,富阳,5.0
20201111,0,SO2_24h,富阳,5.0
20201111,0,NO2,富阳,66.0
20201111,0,NO2_24h,富阳,47.0
20201111,0,O3,富阳,7.0
20201111,0,O3_24h,富阳,99.0
20201111,0,O3_8h,富阳,46.0
20201111,0,O3_8h_24h,富阳,88.0
20201111,0,CO,富阳,0.7
20201111,0,CO_24h,富阳,0.7
20201111,1,AQI,富阳,73.0
20201111,1,PM2.5,富阳,38.0
20201111,1,PM2.5_24h,富阳,48.0
20201111,1,PM10,富阳,96.0
20201111,1,PM10_24h,富阳,119.0
20201111,1,SO2,富阳,5.0
20201111,1,SO2_24h,富阳,5.0
20201111,1,NO2,富阳,59.0
20201111,1,NO2_24h,富阳,47.0
20201111,1,O3,富阳,6.0
20201111,1,O3_24h,富阳,99.0
20201111,1,O3_8h,富阳,6.0
20201111,1,O3_8h_24h,富阳,6.0
20201111,1,CO,富阳,0.7
20201111,1,CO_24h,富阳,0.7
20201111,2,AQI,富阳,84.0
20201111,2,PM2.5,富阳,52.0
20201111,2,PM2.5_24h,富阳,48.0
20201111,2,PM10,富阳,118.0
20201111,2,PM10_24h,富阳,119.0
20201111,2,SO2,富阳,5.0
20201111,2,SO2_24h,富阳,5.0
20201111,2,NO2,富阳,56.0
20201111,2,NO2_24h,富阳,46.0
20201111,2,O3,富阳,4.0
20201111,2,O3_24h,富阳,99.0
20201111,2,O3_8h,富阳,5.0
20201111,2,O3_8h_24h,富阳,6.0
20201111,2,CO,富阳,0.7
20201111,2,CO_24h,富阳,0.7
20201111,3,AQI,富阳,84.0
20201111,3,PM2.5,富阳,52.0
20201111,3,PM2.5_24h,富阳,49.0
20201111,3,PM10,富阳,118.0
20201111,3,PM10_24h,富阳,119.0
20201111,3,SO2,富阳,5.0
20201111,3,SO2_24h,富阳,5.0
20201111,3,NO2,富阳,53.0
20201111,3,NO2_24h,富阳,46.0
20201111,3,O3,富阳,6.0
20201111,3,O3_24h,富阳,99.0
20201111,3,O3_8h,富阳,5.0
20201111,3,O3_8h_24h,富阳,6.0
20201111,3,CO,富阳,0.7
20201111,3,CO_24h,富阳,0.7
20201111,4,AQI,富阳,70.0
20201111,4,PM2.5,富阳,38.0
20201111,4,PM2.5_24h,富阳,49.0
20201111,4,PM10,富阳,89.0
20201111,4,PM10_24h,富阳,118.0
20201111,4,SO2,富阳,5.0
20201111,4,SO2_24h,富阳,5.0
20201111,4,NO2,富阳,48.0
20201111,4,NO2_24h,富阳,46.0
20201111,4,O3,富阳,8.0
20201111,4,O3_24h,富阳,99.0
20201111,4,O3_8h,富阳,6.0
20201111,4,O3_8h_24h,富阳,6.0
20201111,4,CO,富阳,0.7
20201111,4,CO_24h,富阳,0.7
20201111,5,AQI,富阳,69.0
20201111,5,PM2.5,富阳,36.0
20201111,5,PM2.5_24h,富阳,48.0
20201111,5,PM10,富阳,87.0
20201111,5,PM10_24h,富阳,117.0
20201111,5,SO2,富阳,5.0
20201111,5,SO2_24h,富阳,5.0
20201111,5,NO2,富阳,44.0
20201111,5,NO2_24h,富阳,46.0
20201111,5,O3,富阳,12.0
20201111,5,O3_24h,富阳,99.0
20201111,5,O3_8h,富阳,7.0
20201111,5,O3_8h_24h,富阳,7.0
20201111,5,CO,富阳,0.7
20201111,5,CO_24h,富阳,0.7
20201111,6,AQI,富阳,64.0
20201111,6,PM2.5,富阳,32.0
20201111,6,PM2.5_24h,富阳,48.0
20201111,6,PM10,富阳,77.0
20201111,6,PM10_24h,富阳,115.0
20201111,6,SO2,富阳,5.0
20201111,6,SO2_24h,富阳,5.0
20201111,6,NO2,富阳,39.0
20201111,6,NO2_24h,富阳,46.0
20201111,6,O3,富阳,13.0
20201111,6,O3_24h,富阳,99.0
20201111,6,O3_8h,富阳,8.0
20201111,6,O3_8h_24h,富阳,8.0
20201111,6,CO,富阳,0.7
20201111,6,CO_24h,富阳,0.7
20201111,8,AQI,富阳,76.0
20201111,8,PM2.5,富阳,43.0
20201111,8,PM2.5_24h,富阳,48.0
20201111,8,PM10,富阳,101.0
20201111,8,PM10_24h,富阳,113.0
20201111,8,SO2,富阳,5.0
20201111,8,SO2_24h,富阳,5.0
20201111,8,NO2,富阳,38.0
20201111,8,NO2_24h,富阳,45.0
20201111,8,O3,富阳,18.0
20201111,8,O3_24h,富阳,99.0
20201111,8,O3_8h,富阳,10.0
20201111,8,O3_8h_24h,富阳,10.0
20201111,8,CO,富阳,0.9
20201111,8,CO_24h,富阳,0.7
20201111,10,AQI,富阳,81.0
20201111,10,PM2.5,富阳,56.0
20201111,10,PM2.5_24h,富阳,47.0
20201111,10,PM10,富阳,111.0
20201111,10,PM10_24h,富阳,111.0
20201111,10,SO2,富阳,6.0
20201111,10,SO2_24h,富阳,5.0
20201111,10,NO2,富阳,53.0
20201111,10,NO2_24h,富阳,45.0
20201111,10,O3,富阳,26.0
20201111,10,O3_24h,富阳,99.0
20201111,10,O3_8h,富阳,14.0
20201111,10,O3_8h_24h,富阳,14.0
20201111,10,CO,富阳,0.9
20201111,10,CO_24h,富阳,0.7
20201111,11,AQI,富阳,69.0
20201111,11,PM2.5,富阳,44.0
20201111,11,PM2.5_24h,富阳,47.0
20201111,11,PM10,富阳,88.0
20201111,11,PM10_24h,富阳,110.0
20201111,11,SO2,富阳,6.0
20201111,11,SO2_24h,富阳,5.0
20201111,11,NO2,富阳,44.0
20201111,11,NO2_24h,富阳,45.0
20201111,11,O3,富阳,47.0
20201111,11,O3_24h,富阳,99.0
20201111,11,O3_8h,富阳,19.0
20201111,11,O3_8h_24h,富阳,19.0
20201111,11,CO,富阳,0.7
20201111,11,CO_24h,富阳,0.7
20201111,12,AQI,富阳,46.0
20201111,12,PM2.5,富阳,21.0
20201111,12,PM2.5_24h,富阳,47.0
20201111,12,PM10,富阳,46.0
20201111,12,PM10_24h,富阳,109.0
20201111,12,SO2,富阳,5.0
20201111,12,SO2_24h,富阳,5.0
20201111,12,NO2,富阳,16.0
20201111,12,NO2_24h,富阳,45.0
20201111,12,O3,富阳,74.0
20201111,12,O3_24h,富阳,99.0
20201111,12,O3_8h,富阳,27.0
20201111,12,O3_8h_24h,富阳,27.0
20201111,12,CO,富阳,0.5
20201111,12,CO_24h,富阳,0.7
20201111,13,AQI,富阳,48.0
20201111,13,PM2.5,富阳,22.0
20201111,13,PM2.5_24h,富阳,46.0
20201111,13,PM10,富阳,48.0
20201111,13,PM10_24h,富阳,107.0
20201111,13,SO2,富阳,4.0
20201111,13,SO2_24h,富阳,5.0
20201111,13,NO2,富阳,16.0
20201111,13,NO2_24h,富阳,45.0
20201111,13,O3,富阳,80.0
20201111,13,O3_24h,富阳,99.0
20201111,13,O3_8h,富阳,36.0
20201111,13,O3_8h_24h,富阳,36.0
20201111,13,CO,富阳,0.5
20201111,13,CO_24h,富阳,0.7
20201111,14,AQI,富阳,49.0
20201111,14,PM2.5,富阳,20.0
20201111,14,PM2.5_24h,富阳,44.0
20201111,14,PM10,富阳,49.0
20201111,14,PM10_24h,富阳,105.0
20201111,14,SO2,富阳,4.0
20201111,14,SO2_24h,富阳,5.0
20201111,14,NO2,富阳,16.0
20201111,14,NO2_24h,富阳,45.0
20201111,14,O3,富阳,81.0
20201111,14,O3_24h,富阳,99.0
20201111,14,O3_8h,富阳,44.0
20201111,14,O3_8h_24h,富阳,44.0
20201111,14,CO,富阳,0.5
20201111,14,CO_24h,富阳,0.7
20201111,15,AQI,富阳,48.0
20201111,15,PM2.5,富阳,19.0
20201111,15,PM2.5_24h,富阳,42.0
20201111,15,PM10,富阳,48.0
20201111,15,PM10_24h,富阳,100.0
20201111,15,SO2,富阳,4.0
20201111,15,SO2_24h,富阳,5.0
20201111,15,NO2,富阳,14.0
20201111,15,NO2_24h,富阳,44.0
20201111,15,O3,富阳,84.0
20201111,15,O3_24h,富阳,99.0
20201111,15,O3_8h,富阳,53.0
20201111,15,O3_8h_24h,富阳,53.0
20201111,15,CO,富阳,0.5
20201111,15,CO_24h,富阳,0.7
20201111,16,AQI,富阳,46.0
20201111,16,PM2.5,富阳,17.0
20201111,16,PM2.5_24h,富阳,40.0
20201111,16,PM10,富阳,46.0
20201111,16,PM10_24h,富阳,95.0
20201111,16,SO2,富阳,4.0
20201111,16,SO2_24h,富阳,5.0
20201111,16,NO2,富阳,13.0
20201111,16,NO2_24h,富阳,43.0
20201111,16,O3,富阳,87.0
20201111,16,O3_24h,富阳,99.0
20201111,16,O3_8h,富阳,62.0
20201111,16,O3_8h_24h,富阳,62.0
20201111,16,CO,富阳,0.5
20201111,16,CO_24h,富阳,0.7
20201111,17,AQI,富阳,61.0
20201111,17,PM2.5,富阳,30.0
20201111,17,PM2.5_24h,富阳,39.0
20201111,17,PM10,富阳,71.0
20201111,17,PM10_24h,富阳,92.0
20201111,17,SO2,富阳,5.0
20201111,17,SO2_24h,富阳,5.0
20201111,17,NO2,富阳,25.0
20201111,17,NO2_24h,富阳,43.0
20201111,17,O3,富阳,86.0
20201111,17,O3_24h,富阳,92.0
20201111,17,O3_8h,富阳,71.0
20201111,17,O3_8h_24h,富阳,71.0
20201111,17,CO,富阳,0.5
20201111,17,CO_24h,富阳,0.7
20201111,18,AQI,富阳,71.0
20201111,18,PM2.5,富阳,40.0
20201111,18,PM2.5_24h,富阳,39.0
20201111,18,PM10,富阳,92.0
20201111,18,PM10_24h,富阳,92.0
20201111,18,SO2,富阳,5.0
20201111,18,SO2_24h,富阳,5.0
20201111,18,NO2,富阳,32.0
20201111,18,NO2_24h,富阳,43.0
20201111,18,O3,富阳,92.0
20201111,18,O3_24h,富阳,92.0
20201111,18,O3_8h,富阳,79.0
20201111,18,O3_8h_24h,富阳,79.0
20201111,18,CO,富阳,0.6
20201111,18,CO_24h,富阳,0.7
20201111,19,AQI,富阳,70.0
20201111,19,PM2.5,富阳,36.0
20201111,19,PM2.5_24h,富阳,39.0
20201111,19,PM10,富阳,89.0
20201111,19,PM10_24h,富阳,91.0
20201111,19,SO2,富阳,5.0
20201111,19,SO2_24h,富阳,5.0
20201111,19,NO2,富阳,23.0
20201111,19,NO2_24h,富阳,42.0
20201111,19,O3,富阳,91.0
20201111,19,O3_24h,富阳,92.0
20201111,19,O3_8h,富阳,84.0
20201111,19,O3_8h_24h,富阳,84.0
20201111,19,CO,富阳,0.6
20201111,19,CO_24h,富阳,0.7
20201111,20,AQI,富阳,65.0
20201111,20,PM2.5,富阳,34.0
20201111,20,PM2.5_24h,富阳,38.0
20201111,20,PM10,富阳,80.0
20201111,20,PM10_24h,富阳,89.0
20201111,20,SO2,富阳,5.0
20201111,20,SO2_24h,富阳,5.0
20201111,20,NO2,富阳,32.0
20201111,20,NO2_24h,富阳,42.0
20201111,20,O3,富阳,69.0
20201111,20,O3_24h,富阳,92.0
20201111,20,O3_8h,富阳,84.0
20201111,20,O3_8h_24h,富阳,84.0
20201111,20,CO,富阳,0.6
20201111,20,CO_24h,富阳,0.7
20201111,21,AQI,富阳,57.0
20201111,21,PM2.5,富阳,25.0
20201111,21,PM2.5_24h,富阳,36.0
20201111,21,PM10,富阳,64.0
20201111,21,PM10_24h,富阳,86.0
20201111,21,SO2,富阳,5.0
20201111,21,SO2_24h,富阳,5.0
20201111,21,NO2,富阳,29.0
20201111,21,NO2_24h,富阳,40.0
20201111,21,O3,富阳,60.0
20201111,21,O3_24h,富阳,92.0
20201111,21,O3_8h,富阳,81.0
20201111,21,O3_8h_24h,富阳,84.0
20201111,21,CO,富阳,0.6
20201111,21,CO_24h,富阳,0.7
20201111,22,AQI,富阳,52.0
20201111,22,PM2.5,富阳,22.0
20201111,22,PM2.5_24h,富阳,35.0
20201111,22,PM10,富阳,54.0
20201111,22,PM10_24h,富阳,83.0
20201111,22,SO2,富阳,5.0
20201111,22,SO2_24h,富阳,5.0
20201111,22,NO2,富阳,25.0
20201111,22,NO2_24h,富阳,38.0
20201111,22,O3,富阳,60.0
20201111,22,O3_24h,富阳,92.0
20201111,22,O3_8h,富阳,79.0
20201111,22,O3_8h_24h,富阳,84.0
20201111,22,CO,富阳,0.6
20201111,22,CO_24h,富阳,0.7
20201111,23,AQI,富阳,51.0
20201111,23,PM2.5,富阳,21.0
20201111,23,PM2.5_24h,富阳,34.0
20201111,23,PM10,富阳,51.0
20201111,23,PM10_24h,富阳,80.0
20201111,23,SO2,富阳,5.0
20201111,23,SO2_24h,富阳,5.0
20201111,23,NO2,富阳,28.0
20201111,23,NO2_24h,富阳,36.0
20201111,23,O3,富阳,53.0
20201111,23,O3_24h,富阳,92.0
20201111,23,O3_8h,富阳,75.0
20201111,23,O3_8h_24h,富阳,84.0
20201111,23,CO,富阳,0.6
20201111,23,CO_24h,富阳,0.7
20201111,0,AQI,义乌,75.0
20201111,0,PM2.5,义乌,38.0
20201111,0,PM2.5_24h,义乌,36.0
20201111,0,PM10,义乌,100.0
20201111,0,PM10_24h,义乌,92.0
20201111,0,SO2,义乌,8.0
20201111,0,SO2_24h,义乌,13.0
20201111,0,NO2,义乌,60.0
20201111,0,NO2_24h,义乌,48.0
20201111,0,O3,义乌,30.0
20201111,0,O3_24h,义乌,130.0
20201111,0,O3_8h,义乌,64.0
20201111,0,O3_8h_24h,义乌,102.0
20201111,0,CO,义乌,0.6
20201111,0,CO_24h,义乌,0.6
20201111,1,AQI,义乌,75.0
20201111,1,PM2.5,义乌,37.0
20201111,1,PM2.5_24h,义乌,35.0
20201111,1,PM10,义乌,99.0
20201111,1,PM10_24h,义乌,90.0
20201111,1,SO2,义乌,8.0
20201111,1,SO2_24h,义乌,13.0
20201111,1,NO2,义乌,65.0
20201111,1,NO2_24h,义乌,48.0
20201111,1,O3,义乌,18.0
20201111,1,O3_24h,义乌,130.0
20201111,1,O3_8h,义乌,18.0
20201111,1,O3_8h_24h,义乌,18.0
20201111,1,CO,义乌,0.6
20201111,1,CO_24h,义乌,0.6
20201111,2,AQI,义乌,73.0
20201111,2,PM2.5,义乌,36.0
20201111,2,PM2.5_24h,义乌,35.0
20201111,2,PM10,义乌,95.0
20201111,2,PM10_24h,义乌,90.0
20201111,2,SO2,义乌,7.0
20201111,2,SO2_24h,义乌,13.0
20201111,2,NO2,义乌,57.0
20201111,2,NO2_24h,义乌,48.0
20201111,2,O3,义乌,18.0
20201111,2,O3_24h,义乌,130.0
20201111,2,O3_8h,义乌,17.0
20201111,2,O3_8h_24h,义乌,18.0
20201111,2,CO,义乌,0.55
20201111,2,CO_24h,义乌,0.55
20201111,3,AQI,义乌,73.0
20201111,3,PM2.5,义乌,38.0
20201111,3,PM2.5_24h,义乌,35.0
20201111,3,PM10,义乌,95.0
20201111,3,PM10_24h,义乌,89.0
20201111,3,SO2,义乌,7.0
20201111,3,SO2_24h,义乌,13.0
20201111,3,NO2,义乌,54.0
20201111,3,NO2_24h,义乌,48.0
20201111,3,O3,义乌,19.0
20201111,3,O3_24h,义乌,130.0
20201111,3,O3_8h,义乌,18.0
20201111,3,O3_8h_24h,义乌,19.0
20201111,3,CO,义乌,0.55
20201111,3,CO_24h,义乌,0.55
20201111,4,AQI,义乌,72.0
20201111,4,PM2.5,义乌,36.0
20201111,4,PM2.5_24h,义乌,35.0
20201111,4,PM10,义乌,93.0
20201111,4,PM10_24h,义乌,89.0
20201111,4,SO2,义乌,7.0
20201111,4,SO2_24h,义乌,13.0
20201111,4,NO2,义乌,53.0
20201111,4,NO2_24h,义乌,48.0
20201111,4,O3,义乌,18.0
20201111,4,O3_24h,义乌,130.0
20201111,4,O3_8h,义乌,18.0
20201111,4,O3_8h_24h,义乌,21.0
20201111,4,CO,义乌,0.55
20201111,4,CO_24h,义乌,0.55
20201111,5,AQI,义乌,64.0
20201111,5,PM2.5,义乌,31.0
20201111,5,PM2.5_24h,义乌,35.0
20201111,5,PM10,义乌,78.0
20201111,5,PM10_24h,义乌,88.0
20201111,5,SO2,义乌,7.0
20201111,5,SO2_24h,义乌,13.0
20201111,5,NO2,义乌,52.0
20201111,5,NO2_24h,义乌,47.0
20201111,5,O3,义乌,11.0
20201111,5,O3_24h,义乌,130.0
20201111,5,O3_8h,义乌,17.0
20201111,5,O3_8h_24h,义乌,21.0
20201111,5,CO,义乌,0.55
20201111,5,CO_24h,义乌,0.55
20201111,6,AQI,义乌,68.0
20201111,6,PM2.5,义乌,35.0
20201111,6,PM2.5_24h,义乌,35.0
20201111,6,PM10,义乌,85.0
20201111,6,PM10_24h,义乌,87.0
20201111,6,SO2,义乌,8.0
20201111,6,SO2_24h,义乌,13.0
20201111,6,NO2,义乌,55.0
20201111,6,NO2_24h,义乌,47.0
20201111,6,O3,义乌,8.0
20201111,6,O3_24h,义乌,130.0
20201111,6,O3_8h,义乌,15.0
20201111,6,O3_8h_24h,义乌,21.0
20201111,6,CO,义乌,0.55
20201111,6,CO_24h,义乌,0.55
20201111,8,AQI,义乌,76.0
20201111,8,PM2.5,义乌,44.0
20201111,8,PM2.5_24h,义乌,34.0
20201111,8,PM10,义乌,102.0
20201111,8,PM10_24h,义乌,86.0
20201111,8,SO2,义乌,10.0
20201111,8,SO2_24h,义乌,13.0
20201111,8,NO2,义乌,56.0
20201111,8,NO2_24h,义乌,47.0
20201111,8,O3,义乌,10.0
20201111,8,O3_24h,义乌,130.0
20201111,8,O3_8h,义乌,14.0
20201111,8,O3_8h_24h,义乌,21.0
20201111,8,CO,义乌,0.65
20201111,8,CO_24h,义乌,0.55
20201111,10,AQI,义乌,67.0
20201111,10,PM2.5,义乌,36.0
20201111,10,PM2.5_24h,义乌,34.0
20201111,10,PM10,义乌,83.0
20201111,10,PM10_24h,义乌,85.0
20201111,10,SO2,义乌,80.0
20201111,10,SO2_24h,义乌,12.0
20201111,10,NO2,义乌,44.0
20201111,10,NO2_24h,义乌,47.0
20201111,10,O3,义乌,71.0
20201111,10,O3_24h,义乌,119.0
20201111,10,O3_8h,义乌,23.0
20201111,10,O3_8h_24h,义乌,24.0
20201111,10,CO,义乌,0.65
20201111,10,CO_24h,义乌,0.55
20201111,11,AQI,义乌,55.0
20201111,11,PM2.5,义乌,24.0
20201111,11,PM2.5_24h,义乌,34.0
20201111,11,PM10,义乌,60.0
20201111,11,PM10_24h,义乌,85.0
20201111,11,SO2,义乌,12.0
20201111,11,SO2_24h,义乌,12.0
20201111,11,NO2,义乌,36.0
20201111,11,NO2_24h,义乌,47.0
20201111,11,O3,义乌,72.0
20201111,11,O3_24h,义乌,119.0
20201111,11,O3_8h,义乌,30.0
20201111,11,O3_8h_24h,义乌,30.0
20201111,11,CO,义乌,0.65
20201111,11,CO_24h,义乌,0.55
20201111,12,AQI,义乌,38.0
20201111,12,PM2.5,义乌,15.0
20201111,12,PM2.5_24h,义乌,34.0
20201111,12,PM10,义乌,38.0
20201111,12,PM10_24h,义乌,83.0
20201111,12,SO2,义乌,9.0
20201111,12,SO2_24h,义乌,12.0
20201111,12,NO2,义乌,21.0
20201111,12,NO2_24h,义乌,47.0
20201111,12,O3,义乌,93.0
20201111,12,O3_24h,义乌,119.0
20201111,12,O3_8h,义乌,39.0
20201111,12,O3_8h_24h,义乌,39.0
20201111,12,CO,义乌,0.35
20201111,12,CO_24h,义乌,0.55
20201111,13,AQI,义乌,33.0
20201111,13,PM2.5,义乌,14.0
20201111,13,PM2.5_24h,义乌,33.0
20201111,13,PM10,义乌,33.0
20201111,13,PM10_24h,义乌,81.0
20201111,13,SO2,义乌,8.0
20201111,13,SO2_24h,义乌,12.0
20201111,13,NO2,义乌,17.0
20201111,13,NO2_24h,义乌,46.0
20201111,13,O3,义乌,101.0
20201111,13,O3_24h,义乌,119.0
20201111,13,O3_8h,义乌,51.0
20201111,13,O3_8h_24h,义乌,51.0
20201111,13,CO,义乌,0.3
20201111,13,CO_24h,义乌,0.55
20201111,14,AQI,义乌,32.0
20201111,14,PM2.5,义乌,14.0
20201111,14,PM2.5_24h,义乌,32.0
20201111,14,PM10,义乌,32.0
20201111,14,PM10_24h,义乌,80.0
20201111,14,SO2,义乌,8.0
20201111,14,SO2_24h,义乌,12.0
20201111,14,NO2,义乌,21.0
20201111,14,NO2_24h,义乌,46.0
20201111,14,O3,义乌,103.0
20201111,14,O3_24h,义乌,118.0
20201111,14,O3_8h,义乌,63.0
20201111,14,O3_8h_24h,义乌,63.0
20201111,14,CO,义乌,0.3
20201111,14,CO_24h,义乌,0.55
20201111,15,AQI,义乌,33.0
20201111,15,PM2.5,义乌,16.0
20201111,15,PM2.5_24h,义乌,32.0
20201111,15,PM10,义乌,33.0
20201111,15,PM10_24h,义乌,79.0
20201111,15,SO2,义乌,8.0
20201111,15,SO2_24h,义乌,12.0
20201111,15,NO2,义乌,23.0
20201111,15,NO2_24h,义乌,46.0
20201111,15,O3,义乌,106.0
20201111,15,O3_24h,义乌,111.0
20201111,15,O3_8h,义乌,76.0
20201111,15,O3_8h_24h,义乌,76.0
20201111,15,CO,义乌,0.35
20201111,15,CO_24h,义乌,0.55
20201111,16,AQI,义乌,32.0
20201111,16,PM2.5,义乌,16.0
20201111,16,PM2.5_24h,义乌,31.0
20201111,16,PM10,义乌,30.0
20201111,16,PM10_24h,义乌,78.0
20201111,16,SO2,义乌,7.0
20201111,16,SO2_24h,义乌,12.0
20201111,16,NO2,义乌,23.0
20201111,16,NO2_24h,义乌,46.0
20201111,16,O3,义乌,101.0
20201111,16,O3_24h,义乌,106.0
20201111,16,O3_8h,义乌,87.0
20201111,16,O3_8h_24h,义乌,87.0
20201111,16,CO,义乌,0.35
20201111,16,CO_24h,义乌,0.55
20201111,17,AQI,义乌,33.0
20201111,17,PM2.5,义乌,18.0
20201111,17,PM2.5_24h,义乌,31.0
20201111,17,PM10,义乌,33.0
20201111,17,PM10_24h,义乌,77.0
20201111,17,SO2,义乌,7.0
20201111,17,SO2_24h,义乌,12.0
20201111,17,NO2,义乌,27.0
20201111,17,NO2_24h,义乌,46.0
20201111,17,O3,义乌,96.0
20201111,17,O3_24h,义乌,106.0
20201111,17,O3_8h,义乌,93.0
20201111,17,O3_8h_24h,义乌,93.0
20201111,17,CO,义乌,0.4
20201111,17,CO_24h,义乌,0.55
20201111,18,AQI,义乌,47.0
20201111,18,PM2.5,义乌,25.0
20201111,18,PM2.5_24h,义乌,31.0
20201111,18,PM10,义乌,47.0
20201111,18,PM10_24h,义乌,75.0
20201111,18,SO2,义乌,8.0
20201111,18,SO2_24h,义乌,12.0
20201111,18,NO2,义乌,36.0
20201111,18,NO2_24h,义乌,46.0
20201111,18,O3,义乌,85.0
20201111,18,O3_24h,义乌,106.0
20201111,18,O3_8h,义乌,95.0
20201111,18,O3_8h_24h,义乌,95.0
20201111,18,CO,义乌,0.45
20201111,18,CO_24h,义乌,0.55
20201111,19,AQI,义乌,51.0
20201111,19,PM2.5,义乌,27.0
20201111,19,PM2.5_24h,义乌,31.0
20201111,19,PM10,义乌,51.0
20201111,19,PM10_24h,义乌,74.0
20201111,19,SO2,义乌,8.0
20201111,19,SO2_24h,义乌,12.0
20201111,19,NO2,义乌,35.0
20201111,19,NO2_24h,义乌,45.0
20201111,19,O3,义乌,89.0
20201111,19,O3_24h,义乌,106.0
20201111,19,O3_8h,义乌,97.0
20201111,19,O3_8h_24h,义乌,97.0
20201111,19,CO,义乌,0.5
20201111,19,CO_24h,义乌,0.55
20201111,20,AQI,义乌,56.0
20201111,20,PM2.5,义乌,33.0
20201111,20,PM2.5_24h,义乌,31.0
20201111,20,PM10,义乌,62.0
20201111,20,PM10_24h,义乌,73.0
20201111,20,SO2,义乌,7.0
20201111,20,SO2_24h,义乌,11.0
20201111,20,NO2,义乌,38.0
20201111,20,NO2_24h,义乌,44.0
20201111,20,O3,义乌,80.0
20201111,20,O3_24h,义乌,106.0
20201111,20,O3_8h,义乌,95.0
20201111,20,O3_8h_24h,义乌,97.0
20201111,20,CO,义乌,0.6
20201111,20,CO_24h,义乌,0.55
20201111,21,AQI,义乌,62.0
20201111,21,PM2.5,义乌,35.0
20201111,21,PM2.5_24h,义乌,31.0
20201111,21,PM10,义乌,73.0
20201111,21,PM10_24h,义乌,72.0
20201111,21,SO2,义乌,7.0
20201111,21,SO2_24h,义乌,11.0
20201111,21,NO2,义乌,42.0
20201111,21,NO2_24h,义乌,43.0
20201111,21,O3,义乌,67.0
20201111,21,O3_24h,义乌,106.0
20201111,21,O3_8h,义乌,91.0
20201111,21,O3_8h_24h,义乌,97.0
20201111,21,CO,义乌,0.6
20201111,21,CO_24h,义乌,0.55
20201111,22,AQI,义乌,63.0
20201111,22,PM2.5,义乌,36.0
20201111,22,PM2.5_24h,义乌,30.0
20201111,22,PM10,义乌,75.0
20201111,22,PM10_24h,义乌,71.0
20201111,22,SO2,义乌,7.0
20201111,22,SO2_24h,义乌,11.0
20201111,22,NO2,义乌,47.0
20201111,22,NO2_24h,义乌,43.0
20201111,22,O3,义乌,53.0
20201111,22,O3_24h,义乌,106.0
20201111,22,O3_8h,义乌,85.0
20201111,22,O3_8h_24h,义乌,97.0
20201111,22,CO,义乌,0.6
20201111,22,CO_24h,义乌,0.55
20201111,23,AQI,义乌,62.0
20201111,23,PM2.5,义乌,37.0
20201111,23,PM2.5_24h,义乌,30.0
20201111,23,PM10,义乌,74.0
20201111,23,PM10_24h,义乌,69.0
20201111,23,SO2,义乌,7.0
20201111,23,SO2_24h,义乌,11.0
20201111,23,NO2,义乌,47.0
20201111,23,NO2_24h,义乌,42.0
20201111,23,O3,义乌,44.0
20201111,23,O3_24h,义乌,106.0
20201111,23,O3_8h,义乌,77.0
20201111,23,O3_8h_24h,义乌,97.0
20201111,23,CO,义乌,0.55
20201111,23,CO_24h,义乌,0.55
20201111,0,AQI,诸暨,53.0
20201111,0,PM2.5,诸暨,30.0
20201111,0,PM2.5_24h,诸暨,30.0
20201111,0,PM10,诸暨,56.0
20201111,0,PM10_24h,诸暨,62.0
20201111,0,SO2,诸暨,6.0
20201111,0,SO2_24h,诸暨,7.0
20201111,0,NO2,诸暨,43.0
20201111,0,NO2_24h,诸暨,26.0
20201111,0,O3,诸暨,11.0
20201111,0,O3_24h,诸暨,130.0
20201111,0,O3_8h,诸暨,72.0
20201111,0,O3_8h_24h,诸暨,116.0
20201111,0,CO,诸暨,1.0
20201111,0,CO_24h,诸暨,0.9
20201111,1,AQI,诸暨,54.0
20201111,1,PM2.5,诸暨,32.0
20201111,1,PM2.5_24h,诸暨,30.0
20201111,1,PM10,诸暨,58.0
20201111,1,PM10_24h,诸暨,61.0
20201111,1,SO2,诸暨,6.0
20201111,1,SO2_24h,诸暨,7.0
20201111,1,NO2,诸暨,40.0
20201111,1,NO2_24h,诸暨,26.0
20201111,1,O3,诸暨,9.0
20201111,1,O3_24h,诸暨,130.0
20201111,1,O3_8h,诸暨,9.0
20201111,1,O3_8h_24h,诸暨,9.0
20201111,1,CO,诸暨,1.0
20201111,1,CO_24h,诸暨,0.9
20201111,2,AQI,诸暨,55.0
20201111,2,PM2.5,诸暨,35.0
20201111,2,PM2.5_24h,诸暨,30.0
20201111,2,PM10,诸暨,59.0
20201111,2,PM10_24h,诸暨,60.0
20201111,2,SO2,诸暨,6.0
20201111,2,SO2_24h,诸暨,7.0
20201111,2,NO2,诸暨,38.0
20201111,2,NO2_24h,诸暨,26.0
20201111,2,O3,诸暨,6.0
20201111,2,O3_24h,诸暨,130.0
20201111,2,O3_8h,诸暨,8.0
20201111,2,O3_8h_24h,诸暨,9.0
20201111,2,CO,诸暨,1.0
20201111,2,CO_24h,诸暨,0.9
20201111,3,AQI,诸暨,53.0
20201111,3,PM2.5,诸暨,34.0
20201111,3,PM2.5_24h,诸暨,30.0
20201111,3,PM10,诸暨,56.0
20201111,3,PM10_24h,诸暨,60.0
20201111,3,SO2,诸暨,6.0
20201111,3,SO2_24h,诸暨,7.0
20201111,3,NO2,诸暨,35.0
20201111,3,NO2_24h,诸暨,27.0
20201111,3,O3,诸暨,5.0
20201111,3,O3_24h,诸暨,130.0
20201111,3,O3_8h,诸暨,7.0
20201111,3,O3_8h_24h,诸暨,9.0
20201111,3,CO,诸暨,0.9
20201111,3,CO_24h,诸暨,0.9
20201111,4,AQI,诸暨,51.0
20201111,4,PM2.5,诸暨,32.0
20201111,4,PM2.5_24h,诸暨,30.0
20201111,4,PM10,诸暨,52.0
20201111,4,PM10_24h,诸暨,59.0
20201111,4,SO2,诸暨,6.0
20201111,4,SO2_24h,诸暨,7.0
20201111,4,NO2,诸暨,32.0
20201111,4,NO2_24h,诸暨,27.0
20201111,4,O3,诸暨,4.0
20201111,4,O3_24h,诸暨,130.0
20201111,4,O3_8h,诸暨,6.0
20201111,4,O3_8h_24h,诸暨,9.0
20201111,4,CO,诸暨,0.9
20201111,4,CO_24h,诸暨,0.9
20201111,5,AQI,诸暨,50.0
20201111,5,PM2.5,诸暨,31.0
20201111,5,PM2.5_24h,诸暨,31.0
20201111,5,PM10,诸暨,50.0
20201111,5,PM10_24h,诸暨,59.0
20201111,5,SO2,诸暨,6.0
20201111,5,SO2_24h,诸暨,7.0
20201111,5,NO2,诸暨,27.0
20201111,5,NO2_24h,诸暨,27.0
20201111,5,O3,诸暨,5.0
20201111,5,O3_24h,诸暨,130.0
20201111,5,O3_8h,诸暨,6.0
20201111,5,O3_8h_24h,诸暨,9.0
20201111,5,CO,诸暨,0.9
20201111,5,CO_24h,诸暨,0.9
20201111,6,AQI,诸暨,50.0
20201111,6,PM2.5,诸暨,31.0
20201111,6,PM2.5_24h,诸暨,31.0
20201111,6,PM10,诸暨,50.0
20201111,6,PM10_24h,诸暨,59.0
20201111,6,SO2,诸暨,6.0
20201111,6,SO2_24h,诸暨,7.0
20201111,6,NO2,诸暨,24.0
20201111,6,NO2_24h,诸暨,27.0
20201111,6,O3,诸暨,4.0
20201111,6,O3_24h,诸暨,130.0
20201111,6,O3_8h,诸暨,6.0
20201111,6,O3_8h_24h,诸暨,9.0
20201111,6,CO,诸暨,0.9
20201111,6,CO_24h,诸暨,0.9
20201111,8,AQI,诸暨,50.0
20201111,8,PM2.5,诸暨,34.0
20201111,8,PM2.5_24h,诸暨,31.0
20201111,8,PM10,诸暨,50.0
20201111,8,PM10_24h,诸暨,58.0
20201111,8,SO2,诸暨,6.0
20201111,8,SO2_24h,诸暨,7.0
20201111,8,NO2,诸暨,22.0
20201111,8,NO2_24h,诸暨,26.0
20201111,8,O3,诸暨,10.0
20201111,8,O3_24h,诸暨,130.0
20201111,8,O3_8h,诸暨,6.0
20201111,8,O3_8h_24h,诸暨,9.0
20201111,8,CO,诸暨,1.0
20201111,8,CO_24h,诸暨,0.9
20201111,10,AQI,诸暨,57.0
20201111,10,PM2.5,诸暨,35.0
20201111,10,PM2.5_24h,诸暨,31.0
20201111,10,PM10,诸暨,63.0
20201111,10,PM10_24h,诸暨,58.0
20201111,10,SO2,诸暨,7.0
20201111,10,SO2_24h,诸暨,7.0
20201111,10,NO2,诸暨,32.0
20201111,10,NO2_24h,诸暨,26.0
20201111,10,O3,诸暨,32.0
20201111,10,O3_24h,诸暨,130.0
20201111,10,O3_8h,诸暨,11.0
20201111,10,O3_8h_24h,诸暨,11.0
20201111,10,CO,诸暨,1.0
20201111,10,CO_24h,诸暨,0.9
20201111,11,AQI,诸暨,51.0
20201111,11,PM2.5,诸暨,28.0
20201111,11,PM2.5_24h,诸暨,31.0
20201111,11,PM10,诸暨,52.0
20201111,11,PM10_24h,诸暨,58.0
20201111,11,SO2,诸暨,8.0
20201111,11,SO2_24h,诸暨,7.0
20201111,11,NO2,诸暨,26.0
20201111,11,NO2_24h,诸暨,26.0
20201111,11,O3,诸暨,68.0
20201111,11,O3_24h,诸暨,130.0
20201111,11,O3_8h,诸暨,19.0
20201111,11,O3_8h_24h,诸暨,19.0
20201111,11,CO,诸暨,0.9
20201111,11,CO_24h,诸暨,0.9
20201111,12,AQI,诸暨,44.0
20201111,12,PM2.5,诸暨,21.0
20201111,12,PM2.5_24h,诸暨,31.0
20201111,12,PM10,诸暨,44.0
20201111,12,PM10_24h,诸暨,57.0
20201111,12,SO2,诸暨,8.0
20201111,12,SO2_24h,诸暨,7.0
20201111,12,NO2,诸暨,16.0
20201111,12,NO2_24h,诸暨,26.0
20201111,12,O3,诸暨,91.0
20201111,12,O3_24h,诸暨,130.0
20201111,12,O3_8h,诸暨,30.0
20201111,12,O3_8h_24h,诸暨,30.0
20201111,12,CO,诸暨,0.8
20201111,12,CO_24h,诸暨,0.9
20201111,13,AQI,诸暨,41.0
20201111,13,PM2.5,诸暨,20.0
20201111,13,PM2.5_24h,诸暨,30.0
20201111,13,PM10,诸暨,41.0
20201111,13,PM10_24h,诸暨,57.0
20201111,13,SO2,诸暨,7.0
20201111,13,SO2_24h,诸暨,7.0
20201111,13,NO2,诸暨,14.0
20201111,13,NO2_24h,诸暨,26.0
20201111,13,O3,诸暨,98.0
20201111,13,O3_24h,诸暨,130.0
20201111,13,O3_8h,诸暨,41.0
20201111,13,O3_8h_24h,诸暨,41.0
20201111,13,CO,诸暨,0.8
20201111,13,CO_24h,诸暨,0.9
20201111,14,AQI,诸暨,38.0
20201111,14,PM2.5,诸暨,17.0
20201111,14,PM2.5_24h,诸暨,30.0
20201111,14,PM10,诸暨,38.0
20201111,14,PM10_24h,诸暨,56.0
20201111,14,SO2,诸暨,8.0
20201111,14,SO2_24h,诸暨,7.0
20201111,14,NO2,诸暨,10.0
20201111,14,NO2_24h,诸暨,26.0
20201111,14,O3,诸暨,111.0
20201111,14,O3_24h,诸暨,130.0
20201111,14,O3_8h,诸暨,55.0
20201111,14,O3_8h_24h,诸暨,55.0
20201111,14,CO,诸暨,0.8
20201111,14,CO_24h,诸暨,0.9
20201111,15,AQI,诸暨,37.0
20201111,15,PM2.5,诸暨,16.0
20201111,15,PM2.5_24h,诸暨,30.0
20201111,15,PM10,诸暨,37.0
20201111,15,PM10_24h,诸暨,55.0
20201111,15,SO2,诸暨,7.0
20201111,15,SO2_24h,诸暨,7.0
20201111,15,NO2,诸暨,9.0
20201111,15,NO2_24h,诸暨,26.0
20201111,15,O3,诸暨,118.0
20201111,15,O3_24h,诸暨,130.0
20201111,15,O3_8h,诸暨,69.0
20201111,15,O3_8h_24h,诸暨,69.0
20201111,15,CO,诸暨,0.8
20201111,15,CO_24h,诸暨,0.9
20201111,16,AQI,诸暨,37.0
20201111,16,PM2.5,诸暨,16.0
20201111,16,PM2.5_24h,诸暨,30.0
20201111,16,PM10,诸暨,36.0
20201111,16,PM10_24h,诸暨,55.0
20201111,16,SO2,诸暨,7.0
20201111,16,SO2_24h,诸暨,7.0
20201111,16,NO2,诸暨,11.0
20201111,16,NO2_24h,诸暨,26.0
20201111,16,O3,诸暨,119.0
20201111,16,O3_24h,诸暨,126.0
20201111,16,O3_8h,诸暨,82.0
20201111,16,O3_8h_24h,诸暨,82.0
20201111,16,CO,诸暨,0.8
20201111,16,CO_24h,诸暨,0.9
20201111,17,AQI,诸暨,46.0
20201111,17,PM2.5,诸暨,32.0
20201111,17,PM2.5_24h,诸暨,29.0
20201111,17,PM10,诸暨,45.0
20201111,17,PM10_24h,诸暨,53.0
20201111,17,SO2,诸暨,8.0
20201111,17,SO2_24h,诸暨,7.0
20201111,17,NO2,诸暨,22.0
20201111,17,NO2_24h,诸暨,26.0
20201111,17,O3,诸暨,115.0
20201111,17,O3_24h,诸暨,119.0
20201111,17,O3_8h,诸暨,94.0
20201111,17,O3_8h_24h,诸暨,94.0
20201111,17,CO,诸暨,0.9
20201111,17,CO_24h,诸暨,0.9
20201111,18,AQI,诸暨,50.0
20201111,18,PM2.5,诸暨,35.0
20201111,18,PM2.5_24h,诸暨,29.0
20201111,18,PM10,诸暨,47.0
20201111,18,PM10_24h,诸暨,51.0
20201111,18,SO2,诸暨,8.0
20201111,18,SO2_24h,诸暨,7.0
20201111,18,NO2,诸暨,24.0
20201111,18,NO2_24h,诸暨,26.0
20201111,18,O3,诸暨,108.0
20201111,18,O3_24h,诸暨,119.0
20201111,18,O3_8h,诸暨,104.0
20201111,18,O3_8h_24h,诸暨,104.0
20201111,18,CO,诸暨,1.0
20201111,18,CO_24h,诸暨,0.9
20201111,19,AQI,诸暨,53.0
20201111,19,PM2.5,诸暨,37.0
20201111,19,PM2.5_24h,诸暨,29.0
20201111,19,PM10,诸暨,49.0
20201111,19,PM10_24h,诸暨,50.0
20201111,19,SO2,诸暨,8.0
20201111,19,SO2_24h,诸暨,7.0
20201111,19,NO2,诸暨,26.0
20201111,19,NO2_24h,诸暨,26.0
20201111,19,O3,诸暨,90.0
20201111,19,O3_24h,诸暨,119.0
20201111,19,O3_8h,诸暨,106.0
20201111,19,O3_8h_24h,诸暨,106.0
20201111,19,CO,诸暨,1.0
20201111,19,CO_24h,诸暨,0.9
20201111,20,AQI,诸暨,44.0
20201111,20,PM2.5,诸暨,29.0
20201111,20,PM2.5_24h,诸暨,29.0
20201111,20,PM10,诸暨,44.0
20201111,20,PM10_24h,诸暨,50.0
20201111,20,SO2,诸暨,7.0
20201111,20,SO2_24h,诸暨,7.0
20201111,20,NO2,诸暨,22.0
20201111,20,NO2_24h,诸暨,26.0
20201111,20,O3,诸暨,80.0
20201111,20,O3_24h,诸暨,119.0
20201111,20,O3_8h,诸暨,105.0
20201111,20,O3_8h_24h,诸暨,106.0
20201111,20,CO,诸暨,1.0
20201111,20,CO_24h,诸暨,0.9
20201111,21,AQI,诸暨,42.0
20201111,21,PM2.5,诸暨,27.0
20201111,21,PM2.5_24h,诸暨,29.0
20201111,21,PM10,诸暨,42.0
20201111,21,PM10_24h,诸暨,49.0
20201111,21,SO2,诸暨,7.0
20201111,21,SO2_24h,诸暨,7.0
20201111,21,NO2,诸暨,18.0
20201111,21,NO2_24h,诸暨,26.0
20201111,21,O3,诸暨,75.0
20201111,21,O3_24h,诸暨,119.0
20201111,21,O3_8h,诸暨,102.0
20201111,21,O3_8h_24h,诸暨,106.0
20201111,21,CO,诸暨,0.9
20201111,21,CO_24h,诸暨,0.9
20201111,22,AQI,诸暨,44.0
20201111,22,PM2.5,诸暨,28.0
20201111,22,PM2.5_24h,诸暨,29.0
20201111,22,PM10,诸暨,44.0
20201111,22,PM10_24h,诸暨,49.0
20201111,22,SO2,诸暨,7.0
20201111,22,SO2_24h,诸暨,7.0
20201111,22,NO2,诸暨,19.0
20201111,22,NO2_24h,诸暨,26.0
20201111,22,O3,诸暨,74.0
20201111,22,O3_24h,诸暨,119.0
20201111,22,O3_8h,诸暨,97.0
20201111,22,O3_8h_24h,诸暨,106.0
20201111,22,CO,诸暨,0.9
20201111,22,CO_24h,诸暨,0.9
20201111,23,AQI,诸暨,46.0
20201111,23,PM2.5,诸暨,32.0
20201111,23,PM2.5_24h,诸暨,29.0
20201111,23,PM10,诸暨,46.0
20201111,23,PM10_24h,诸暨,48.0
20201111,23,SO2,诸暨,6.0
20201111,23,SO2_24h,诸暨,7.0
20201111,23,NO2,诸暨,22.0
20201111,23,NO2_24h,诸暨,24.0
20201111,23,O3,诸暨,57.0
20201111,23,O3_24h,诸暨,119.0
20201111,23,O3_8h,诸暨,90.0
20201111,23,O3_8h_24h,诸暨,106.0
20201111,23,CO,诸暨,1.0
20201111,23,CO_24h,诸暨,0.9
20201111,0,PM2.5_24h,瓦房店,34.0
20201111,0,PM10_24h,瓦房店,61.0
20201111,0,SO2_24h,瓦房店,9.0
20201111,0,NO2_24h,瓦房店,27.0
20201111,0,O3_24h,瓦房店,45.0
20201111,0,O3_8h,瓦房店,6.0
20201111,0,O3_8h_24h,瓦房店,6.0
20201111,0,CO_24h,瓦房店,1.05
20201111,0,AQI,信阳,58.0
20201111,0,PM2.5,信阳,38.0
20201111,0,PM2.5_24h,信阳,31.0
20201111,0,PM10,信阳,66.0
20201111,0,PM10_24h,信阳,64.0
20201111,0,SO2,信阳,6.0
20201111,0,SO2_24h,信阳,7.0
20201111,0,NO2,信阳,46.0
20201111,0,NO2_24h,信阳,31.0
20201111,0,O3,信阳,49.0
20201111,0,O3_24h,信阳,139.0
20201111,0,O3_8h,信阳,91.0
20201111,0,O3_8h_24h,信阳,121.0
20201111,0,CO,信阳,0.7
20201111,0,CO_24h,信阳,0.6
20201111,1,AQI,信阳,61.0
20201111,1,PM2.5,信阳,34.0
20201111,1,PM2.5_24h,信阳,31.0
20201111,1,PM10,信阳,72.0
20201111,1,PM10_24h,信阳,64.0
20201111,1,SO2,信阳,6.0
20201111,1,SO2_24h,信阳,7.0
20201111,1,NO2,信阳,47.0
20201111,1,NO2_24h,信阳,31.0
20201111,1,O3,信阳,42.0
20201111,1,O3_24h,信阳,139.0
20201111,1,O3_8h,信阳,42.0
20201111,1,O3_8h_24h,信阳,42.0
20201111,1,CO,信阳,0.72
20201111,1,CO_24h,信阳,0.6
20201111,2,AQI,信阳,57.0
20201111,2,PM2.5,信阳,31.0
20201111,2,PM2.5_24h,信阳,31.0
20201111,2,PM10,信阳,63.0
20201111,2,PM10_24h,信阳,64.0
20201111,2,SO2,信阳,6.0
20201111,2,SO2_24h,信阳,7.0
20201111,2,NO2,信阳,40.0
20201111,2,NO2_24h,信阳,31.0
20201111,2,O3,信阳,39.0
20201111,2,O3_24h,信阳,139.0
20201111,2,O3_8h,信阳,40.0
20201111,2,O3_8h_24h,信阳,45.0
20201111,2,CO,信阳,0.65
20201111,2,CO_24h,信阳,0.6
20201111,3,AQI,信阳,55.0
20201111,3,PM2.5,信阳,32.0
20201111,3,PM2.5_24h,信阳,31.0
20201111,3,PM10,信阳,59.0
20201111,3,PM10_24h,信阳,64.0
20201111,3,SO2,信阳,5.0
20201111,3,SO2_24h,信阳,7.0
20201111,3,NO2,信阳,34.0
20201111,3,NO2_24h,信阳,32.0
20201111,3,O3,信阳,37.0
20201111,3,O3_24h,信阳,139.0
20201111,3,O3_8h,信阳,39.0
20201111,3,O3_8h_24h,信阳,46.0
20201111,3,CO,信阳,0.6
20201111,3,CO_24h,信阳,0.6
20201111,4,AQI,信阳,52.0
20201111,4,PM2.5,信阳,33.0
20201111,4,PM2.5_24h,信阳,31.0
20201111,4,PM10,信阳,53.0
20201111,4,PM10_24h,信阳,64.0
20201111,4,SO2,信阳,5.0
20201111,4,SO2_24h,信阳,7.0
20201111,4,NO2,信阳,31.0
20201111,4,NO2_24h,信阳,31.0
20201111,4,O3,信阳,41.0
20201111,4,O3_24h,信阳,139.0
20201111,4,O3_8h,信阳,40.0
20201111,4,O3_8h_24h,信阳,47.0
20201111,4,CO,信阳,0.63
20201111,4,CO_24h,信阳,0.6
20201111,5,AQI,信阳,52.0
20201111,5,PM2.5,信阳,30.0
20201111,5,PM2.5_24h,信阳,31.0
20201111,5,PM10,信阳,54.0
20201111,5,PM10_24h,信阳,64.0
20201111,5,SO2,信阳,5.0
20201111,5,SO2_24h,信阳,7.0
20201111,5,NO2,信阳,28.0
20201111,5,NO2_24h,信阳,32.0
20201111,5,O3,信阳,42.0
20201111,5,O3_24h,信阳,139.0
20201111,5,O3_8h,信阳,40.0
20201111,5,O3_8h_24h,信阳,48.0
20201111,5,CO,信阳,0.6
20201111,5,CO_24h,信阳,0.6
20201111,6,AQI,信阳,50.0
20201111,6,PM2.5,信阳,26.0
20201111,6,PM2.5_24h,信阳,31.0
20201111,6,PM10,信阳,50.0
20201111,6,PM10_24h,信阳,64.0
20201111,6,SO2,信阳,5.0
20201111,6,SO2_24h,信阳,7.0
20201111,6,NO2,信阳,28.0
20201111,6,NO2_24h,信阳,31.0
20201111,6,O3,信阳,31.0
20201111,6,O3_24h,信阳,139.0
20201111,6,O3_8h,信阳,39.0
20201111,6,O3_8h_24h,信阳,48.0
20201111,6,CO,信阳,0.6
20201111,6,CO_24h,信阳,0.6
20201111,8,AQI,信阳,53.0
20201111,8,PM2.5,信阳,26.0
20201111,8,PM2.5_24h,信阳,31.0
20201111,8,PM10,信阳,56.0
20201111,8,PM10_24h,信阳,65.0
20201111,8,SO2,信阳,5.0
20201111,8,SO2_24h,信阳,7.0
20201111,8,NO2,信阳,29.0
20201111,8,NO2_24h,信阳,31.0
20201111,8,O3,信阳,27.0
20201111,8,O3_24h,信阳,139.0
20201111,8,O3_8h,信阳,37.0
20201111,8,O3_8h_24h,信阳,48.0
20201111,8,CO,信阳,0.75
20201111,8,CO_24h,信阳,0.63
20201111,10,AQI,信阳,53.0
20201111,10,PM2.5,信阳,29.0
20201111,10,PM2.5_24h,信阳,31.0
20201111,10,PM10,信阳,56.0
20201111,10,PM10_24h,信阳,65.0
20201111,10,SO2,信阳,7.0
20201111,10,SO2_24h,信阳,7.0
20201111,10,NO2,信阳,30.0
20201111,10,NO2_24h,信阳,31.0
20201111,10,O3,信阳,48.0
20201111,10,O3_24h,信阳,139.0
20201111,10,O3_8h,信阳,36.0
20201111,10,O3_8h_24h,信阳,51.0
20201111,10,CO,信阳,0.83
20201111,10,CO_24h,信阳,0.65
20201111,11,AQI,信阳,54.0
20201111,11,PM2.5,信阳,26.0
20201111,11,PM2.5_24h,信阳,31.0
20201111,11,PM10,信阳,58.0
20201111,11,PM10_24h,信阳,65.0
20201111,11,SO2,信阳,13.0
20201111,11,SO2_24h,信阳,8.0
20201111,11,NO2,信阳,31.0
20201111,11,NO2_24h,信阳,31.0
20201111,11,O3,信阳,80.0
20201111,11,O3_24h,信阳,139.0
20201111,11,O3_8h,信阳,42.0
20201111,11,O3_8h_24h,信阳,54.0
20201111,11,CO,信阳,0.75
20201111,11,CO_24h,信阳,0.65
20201111,12,AQI,信阳,61.0
20201111,12,PM2.5,信阳,27.0
20201111,12,PM2.5_24h,信阳,31.0
20201111,12,PM10,信阳,72.0
20201111,12,PM10_24h,信阳,66.0
20201111,12,SO2,信阳,11.0
20201111,12,SO2_24h,信阳,8.0
20201111,12,NO2,信阳,23.0
20201111,12,NO2_24h,信阳,31.0
20201111,12,O3,信阳,111.0
20201111,12,O3_24h,信阳,139.0
20201111,12,O3_8h,信阳,48.0
20201111,12,O3_8h_24h,信阳,58.0
20201111,12,CO,信阳,0.67
20201111,12,CO_24h,信阳,0.65
20201111,13,AQI,信阳,56.0
20201111,13,PM2.5,信阳,26.0
20201111,13,PM2.5_24h,信阳,30.0
20201111,13,PM10,信阳,61.0
20201111,13,PM10_24h,信阳,65.0
20201111,13,SO2,信阳,12.0
20201111,13,SO2_24h,信阳,8.0
20201111,13,NO2,信阳,19.0
20201111,13,NO2_24h,信阳,30.0
20201111,13,O3,信阳,139.0
20201111,13,O3_24h,信阳,140.0
20201111,13,O3_8h,信阳,58.0
20201111,13,O3_8h_24h,信阳,65.0
20201111,13,CO,信阳,0.57
20201111,13,CO_24h,信阳,0.65
20201111,14,AQI,信阳,54.0
20201111,14,PM2.5,信阳,25.0
20201111,14,PM2.5_24h,信阳,30.0
20201111,14,PM10,信阳,58.0
20201111,14,PM10_24h,信阳,65.0
20201111,14,SO2,信阳,11.0
20201111,14,SO2_24h,信阳,8.0
20201111,14,NO2,信阳,13.0
20201111,14,NO2_24h,信阳,30.0
20201111,14,O3,信阳,147.0
20201111,14,O3_24h,信阳,150.0
20201111,14,O3_8h,信阳,73.0
20201111,14,O3_8h_24h,信阳,78.0
20201111,14,CO,信阳,0.47
20201111,14,CO_24h,信阳,0.65
20201111,15,AQI,信阳,51.0
20201111,15,PM2.5,信阳,24.0
20201111,15,PM2.5_24h,信阳,31.0
20201111,15,PM10,信阳,52.0
20201111,15,PM10_24h,信阳,65.0
20201111,15,SO2,信阳,11.0
20201111,15,SO2_24h,信阳,8.0
20201111,15,NO2,信阳,10.0
20201111,15,NO2_24h,信阳,30.0
20201111,15,O3,信阳,143.0
20201111,15,O3_24h,信阳,151.0
20201111,15,O3_8h,信阳,89.0
20201111,15,O3_8h_24h,信阳,90.0
20201111,15,CO,信阳,0.45
20201111,15,CO_24h,信阳,0.63
20201111,16,AQI,信阳,45.0
20201111,16,PM2.5,信阳,18.0
20201111,16,PM2.5_24h,信阳,30.0
20201111,16,PM10,信阳,45.0
20201111,16,PM10_24h,信阳,64.0
20201111,16,SO2,信阳,8.0
20201111,16,SO2_24h,信阳,8.0
20201111,16,NO2,信阳,10.0
20201111,16,NO2_24h,信阳,29.0
20201111,16,O3,信阳,130.0
20201111,16,O3_24h,信阳,149.0
20201111,16,O3_8h,信阳,103.0
20201111,16,O3_8h_24h,信阳,103.0
20201111,16,CO,信阳,0.42
20201111,16,CO_24h,信阳,0.63
20201111,17,AQI,信阳,42.0
20201111,17,PM2.5,信阳,19.0
20201111,17,PM2.5_24h,信阳,30.0
20201111,17,PM10,信阳,42.0
20201111,17,PM10_24h,信阳,63.0
20201111,17,SO2,信阳,7.0
20201111,17,SO2_24h,信阳,8.0
20201111,17,NO2,信阳,10.0
20201111,17,NO2_24h,信阳,29.0
20201111,17,O3,信阳,120.0
20201111,17,O3_24h,信阳,149.0
20201111,17,O3_8h,信阳,114.0
20201111,17,O3_8h_24h,信阳,114.0
20201111,17,CO,信阳,0.38
20201111,17,CO_24h,信阳,0.63
20201111,18,AQI,信阳,44.0
20201111,18,PM2.5,信阳,20.0
20201111,18,PM2.5_24h,信阳,30.0
20201111,18,PM10,信阳,44.0
20201111,18,PM10_24h,信阳,62.0
20201111,18,SO2,信阳,7.0
20201111,18,SO2_24h,信阳,8.0
20201111,18,NO2,信阳,17.0
20201111,18,NO2_24h,信阳,29.0
20201111,18,O3,信阳,101.0
20201111,18,O3_24h,信阳,149.0
20201111,18,O3_8h,信阳,121.0
20201111,18,O3_8h_24h,信阳,121.0
20201111,18,CO,信阳,0.47
20201111,18,CO_24h,信阳,0.63
20201111,19,AQI,信阳,53.0
20201111,19,PM2.5,信阳,24.0
20201111,19,PM2.5_24h,信阳,29.0
20201111,19,PM10,信阳,56.0
20201111,19,PM10_24h,信阳,62.0
20201111,19,SO2,信阳,8.0
20201111,19,SO2_24h,信阳,8.0
20201111,19,NO2,信阳,25.0
20201111,19,NO2_24h,信阳,29.0
20201111,19,O3,信阳,102.0
20201111,19,O3_24h,信阳,149.0
20201111,19,O3_8h,信阳,124.0
20201111,19,O3_8h_24h,信阳,124.0
20201111,19,CO,信阳,0.55
20201111,19,CO_24h,信阳,0.63
20201111,20,AQI,信阳,59.0
20201111,20,PM2.5,信阳,28.0
20201111,20,PM2.5_24h,信阳,29.0
20201111,20,PM10,信阳,68.0
20201111,20,PM10_24h,信阳,61.0
20201111,20,SO2,信阳,9.0
20201111,20,SO2_24h,信阳,8.0
20201111,20,NO2,信阳,29.0
20201111,20,NO2_24h,信阳,29.0
20201111,20,O3,信阳,102.0
20201111,20,O3_24h,信阳,149.0
20201111,20,O3_8h,信阳,122.0
20201111,20,O3_8h_24h,信阳,124.0
20201111,20,CO,信阳,0.53
20201111,20,CO_24h,信阳,0.63
20201111,21,AQI,信阳,60.0
20201111,21,PM2.5,信阳,33.0
20201111,21,PM2.5_24h,信阳,29.0
20201111,21,PM10,信阳,69.0
20201111,21,PM10_24h,信阳,61.0
20201111,21,SO2,信阳,8.0
20201111,21,SO2_24h,信阳,7.0
20201111,21,NO2,信阳,24.0
20201111,21,NO2_24h,信阳,28.0
20201111,21,O3,信阳,99.0
20201111,21,O3_24h,信阳,149.0
20201111,21,O3_8h,信阳,118.0
20201111,21,O3_8h_24h,信阳,124.0
20201111,21,CO,信阳,0.53
20201111,21,CO_24h,信阳,0.63
20201111,22,AQI,信阳,56.0
20201111,22,PM2.5,信阳,31.0
20201111,22,PM2.5_24h,信阳,28.0
20201111,22,PM10,信阳,61.0
20201111,22,PM10_24h,信阳,60.0
20201111,22,SO2,信阳,8.0
20201111,22,SO2_24h,信阳,7.0
20201111,22,NO2,信阳,30.0
20201111,22,NO2_24h,信阳,27.0
20201111,22,O3,信阳,83.0
20201111,22,O3_24h,信阳,149.0
20201111,22,O3_8h,信阳,110.0
20201111,22,O3_8h_24h,信阳,124.0
20201111,22,CO,信阳,0.57
20201111,22,CO_24h,信阳,0.6
20201111,23,AQI,信阳,54.0
20201111,23,PM2.5,信阳,30.0
20201111,23,PM2.5_24h,信阳,28.0
20201111,23,PM10,信阳,57.0
20201111,23,PM10_24h,信阳,58.0
20201111,23,SO2,信阳,6.0
20201111,23,SO2_24h,信阳,7.0
20201111,23,NO2,信阳,52.0
20201111,23,NO2_24h,信阳,28.0
20201111,23,O3,信阳,41.0
20201111,23,O3_24h,信阳,149.0
20201111,23,O3_8h,信阳,97.0
20201111,23,O3_8h_24h,信阳,124.0
20201111,23,CO,信阳,0.72
20201111,23,CO_24h,信阳,0.6
20201111,0,AQI,周口,101.0
20201111,0,PM2.5,周口,76.0
20201111,0,PM2.5_24h,周口,81.0
20201111,0,PM10,周口,146.0
20201111,0,PM10_24h,周口,144.0
20201111,0,SO2,周口,22.0
20201111,0,SO2_24h,周口,21.0
20201111,0,NO2,周口,41.0
20201111,0,NO2_24h,周口,42.0
20201111,0,O3,周口,69.0
20201111,0,O3_24h,周口,134.0
20201111,0,O3_8h,周口,81.0
20201111,0,O3_8h_24h,周口,115.0
20201111,0,CO,周口,0.95
20201111,0,CO_24h,周口,0.95
20201111,1,AQI,周口,102.0
20201111,1,PM2.5,周口,70.0
20201111,1,PM2.5_24h,周口,80.0
20201111,1,PM10,周口,154.0
20201111,1,PM10_24h,周口,143.0
20201111,1,SO2,周口,26.0
20201111,1,SO2_24h,周口,21.0
20201111,1,NO2,周口,39.0
20201111,1,NO2_24h,周口,42.0
20201111,1,O3,周口,66.0
20201111,1,O3_24h,周口,134.0
20201111,1,O3_8h,周口,66.0
20201111,1,O3_8h_24h,周口,66.0
20201111,1,CO,周口,0.97
20201111,1,CO_24h,周口,0.95
20201111,2,AQI,周口,106.0
20201111,2,PM2.5,周口,80.0
20201111,2,PM2.5_24h,周口,80.0
20201111,2,PM10,周口,156.0
20201111,2,PM10_24h,周口,143.0
20201111,2,SO2,周口,27.0
20201111,2,SO2_24h,周口,21.0
20201111,2,NO2,周口,40.0
20201111,2,NO2_24h,周口,42.0
20201111,2,O3,周口,60.0
20201111,2,O3_24h,周口,134.0
20201111,2,O3_8h,周口,63.0
20201111,2,O3_8h_24h,周口,66.0
20201111,2,CO,周口,0.97
20201111,2,CO_24h,周口,0.93
20201111,3,AQI,周口,115.0
20201111,3,PM2.5,周口,87.0
20201111,3,PM2.5_24h,周口,80.0
20201111,3,PM10,周口,153.0
20201111,3,PM10_24h,周口,144.0
20201111,3,SO2,周口,28.0
20201111,3,SO2_24h,周口,21.0
20201111,3,NO2,周口,40.0
20201111,3,NO2_24h,周口,42.0
20201111,3,O3,周口,56.0
20201111,3,O3_24h,周口,134.0
20201111,3,O3_8h,周口,61.0
20201111,3,O3_8h_24h,周口,66.0
20201111,3,CO,周口,1.02
20201111,3,CO_24h,周口,0.93
20201111,4,AQI,周口,124.0
20201111,4,PM2.5,周口,94.0
20201111,4,PM2.5_24h,周口,81.0
20201111,4,PM10,周口,150.0
20201111,4,PM10_24h,周口,144.0
20201111,4,SO2,周口,33.0
20201111,4,SO2_24h,周口,21.0
20201111,4,NO2,周口,40.0
20201111,4,NO2_24h,周口,43.0
20201111,4,O3,周口,51.0
20201111,4,O3_24h,周口,134.0
20201111,4,O3_8h,周口,58.0
20201111,4,O3_8h_24h,周口,66.0
20201111,4,CO,周口,1.02
20201111,4,CO_24h,周口,0.95
20201111,5,AQI,周口,129.0
20201111,5,PM2.5,周口,98.0
20201111,5,PM2.5_24h,周口,81.0
20201111,5,PM10,周口,150.0
20201111,5,PM10_24h,周口,145.0
20201111,5,SO2,周口,31.0
20201111,5,SO2_24h,周口,21.0
20201111,5,NO2,周口,39.0
20201111,5,NO2_24h,周口,42.0
20201111,5,O3,周口,48.0
20201111,5,O3_24h,周口,134.0
20201111,5,O3_8h,周口,57.0
20201111,5,O3_8h_24h,周口,66.0
20201111,5,CO,周口,1.05
20201111,5,CO_24h,周口,0.95
20201111,6,AQI,周口,133.0
20201111,6,PM2.5,周口,101.0
20201111,6,PM2.5_24h,周口,82.0
20201111,6,PM10,周口,145.0
20201111,6,PM10_24h,周口,145.0
20201111,6,SO2,周口,24.0
20201111,6,SO2_24h,周口,21.0
20201111,6,NO2,周口,37.0
20201111,6,NO2_24h,周口,42.0
20201111,6,O3,周口,45.0
20201111,6,O3_24h,周口,134.0
20201111,6,O3_8h,周口,55.0
20201111,6,O3_8h_24h,周口,66.0
20201111,6,CO,周口,1.02
20201111,6,CO_24h,周口,0.95
20201111,8,AQI,周口,119.0
20201111,8,PM2.5,周口,90.0
20201111,8,PM2.5_24h,周口,80.0
20201111,8,PM10,周口,134.0
20201111,8,PM10_24h,周口,142.0
20201111,8,SO2,周口,19.0
20201111,8,SO2_24h,周口,20.0
20201111,8,NO2,周口,46.0
20201111,8,NO2_24h,周口,40.0
20201111,8,O3,周口,38.0
20201111,8,O3_24h,周口,134.0
20201111,8,O3_8h,周口,52.0
20201111,8,O3_8h_24h,周口,66.0
20201111,8,CO,周口,1.05
20201111,8,CO_24h,周口,0.95
20201111,10,AQI,周口,106.0
20201111,10,PM2.5,周口,80.0
20201111,10,PM2.5_24h,周口,78.0
20201111,10,PM10,周口,120.0
20201111,10,PM10_24h,周口,138.0
20201111,10,SO2,周口,18.0
20201111,10,SO2_24h,周口,20.0
20201111,10,NO2,周口,37.0
20201111,10,NO2_24h,周口,39.0
20201111,10,O3,周口,66.0
20201111,10,O3_24h,周口,134.0
20201111,10,O3_8h,周口,49.0
20201111,10,O3_8h_24h,周口,66.0
20201111,10,CO,周口,1.05
20201111,10,CO_24h,周口,0.93
20201111,11,AQI,周口,98.0
20201111,11,PM2.5,周口,73.0
20201111,11,PM2.5_24h,周口,78.0
20201111,11,PM10,周口,120.0
20201111,11,PM10_24h,周口,136.0
20201111,11,SO2,周口,17.0
20201111,11,SO2_24h,周口,20.0
20201111,11,NO2,周口,29.0
20201111,11,NO2_24h,周口,38.0
20201111,11,O3,周口,94.0
20201111,11,O3_24h,周口,134.0
20201111,11,O3_8h,周口,54.0
20201111,11,O3_8h_24h,周口,66.0
20201111,11,CO,周口,0.98
20201111,11,CO_24h,周口,0.93
20201111,12,AQI,周口,93.0
20201111,12,PM2.5,周口,69.0
20201111,12,PM2.5_24h,周口,77.0
20201111,12,PM10,周口,123.0
20201111,12,PM10_24h,周口,134.0
20201111,12,SO2,周口,15.0
20201111,12,SO2_24h,周口,19.0
20201111,12,NO2,周口,26.0
20201111,12,NO2_24h,周口,37.0
20201111,12,O3,周口,112.0
20201111,12,O3_24h,周口,134.0
20201111,12,O3_8h,周口,61.0
20201111,12,O3_8h_24h,周口,68.0
20201111,12,CO,周口,0.93
20201111,12,CO_24h,周口,0.93
20201111,13,AQI,周口,89.0
20201111,13,PM2.5,周口,66.0
20201111,13,PM2.5_24h,周口,76.0
20201111,13,PM10,周口,112.0
20201111,13,PM10_24h,周口,133.0
20201111,13,SO2,周口,14.0
20201111,13,SO2_24h,周口,19.0
20201111,13,NO2,周口,23.0
20201111,13,NO2_24h,周口,37.0
20201111,13,O3,周口,127.0
20201111,13,O3_24h,周口,134.0
20201111,13,O3_8h,周口,71.0
20201111,13,O3_8h_24h,周口,72.0
20201111,13,CO,周口,0.93
20201111,13,CO_24h,周口,0.93
20201111,14,AQI,周口,84.0
20201111,14,PM2.5,周口,62.0
20201111,14,PM2.5_24h,周口,77.0
20201111,14,PM10,周口,95.0
20201111,14,PM10_24h,周口,132.0
20201111,14,SO2,周口,14.0
20201111,14,SO2_24h,周口,19.0
20201111,14,NO2,周口,20.0
20201111,14,NO2_24h,周口,37.0
20201111,14,O3,周口,140.0
20201111,14,O3_24h,周口,140.0
20201111,14,O3_8h,周口,83.0
20201111,14,O3_8h_24h,周口,83.0
20201111,14,CO,周口,0.82
20201111,14,CO_24h,周口,0.93
20201111,15,AQI,周口,83.0
20201111,15,PM2.5,周口,61.0
20201111,15,PM2.5_24h,周口,76.0
20201111,15,PM10,周口,87.0
20201111,15,PM10_24h,周口,131.0
20201111,15,SO2,周口,14.0
20201111,15,SO2_24h,周口,19.0
20201111,15,NO2,周口,20.0
20201111,15,NO2_24h,周口,38.0
20201111,15,O3,周口,143.0
20201111,15,O3_24h,周口,143.0
20201111,15,O3_8h,周口,95.0
20201111,15,O3_8h_24h,周口,95.0
20201111,15,CO,周口,0.8
20201111,15,CO_24h,周口,0.93
20201111,16,AQI,周口,79.0
20201111,16,PM2.5,周口,58.0
20201111,16,PM2.5_24h,周口,76.0
20201111,16,PM10,周口,89.0
20201111,16,PM10_24h,周口,131.0
20201111,16,SO2,周口,13.0
20201111,16,SO2_24h,周口,19.0
20201111,16,NO2,周口,21.0
20201111,16,NO2_24h,周口,38.0
20201111,16,O3,周口,141.0
20201111,16,O3_24h,周口,143.0
20201111,16,O3_8h,周口,109.0
20201111,16,O3_8h_24h,周口,109.0
20201111,16,CO,周口,0.75
20201111,16,CO_24h,周口,0.93
20201111,17,AQI,周口,74.0
20201111,17,PM2.5,周口,54.0
20201111,17,PM2.5_24h,周口,76.0
20201111,17,PM10,周口,80.0
20201111,17,PM10_24h,周口,130.0
20201111,17,SO2,周口,12.0
20201111,17,SO2_24h,周口,19.0
20201111,17,NO2,周口,25.0
20201111,17,NO2_24h,周口,38.0
20201111,17,O3,周口,131.0
20201111,17,O3_24h,周口,143.0
20201111,17,O3_8h,周口,119.0
20201111,17,O3_8h_24h,周口,119.0
20201111,17,CO,周口,0.75
20201111,17,CO_24h,周口,0.95
20201111,18,AQI,周口,79.0
20201111,18,PM2.5,周口,58.0
20201111,18,PM2.5_24h,周口,76.0
20201111,18,PM10,周口,77.0
20201111,18,PM10_24h,周口,129.0
20201111,18,SO2,周口,11.0
20201111,18,SO2_24h,周口,19.0
20201111,18,NO2,周口,34.0
20201111,18,NO2_24h,周口,37.0
20201111,18,O3,周口,104.0
20201111,18,O3_24h,周口,143.0
20201111,18,O3_8h,周口,125.0
20201111,18,O3_8h_24h,周口,125.0
20201111,18,CO,周口,0.77
20201111,18,CO_24h,周口,0.95
20201111,19,AQI,周口,73.0
20201111,19,PM2.5,周口,53.0
20201111,19,PM2.5_24h,周口,76.0
20201111,19,PM10,周口,77.0
20201111,19,PM10_24h,周口,127.0
20201111,19,SO2,周口,12.0
20201111,19,SO2_24h,周口,19.0
20201111,19,NO2,周口,42.0
20201111,19,NO2_24h,周口,37.0
20201111,19,O3,周口,87.0
20201111,19,O3_24h,周口,143.0
20201111,19,O3_8h,周口,124.0
20201111,19,O3_8h_24h,周口,125.0
20201111,19,CO,周口,0.85
20201111,19,CO_24h,周口,0.95
20201111,20,AQI,周口,73.0
20201111,20,PM2.5,周口,53.0
20201111,20,PM2.5_24h,周口,75.0
20201111,20,PM10,周口,87.0
20201111,20,PM10_24h,周口,126.0
20201111,20,SO2,周口,12.0
20201111,20,SO2_24h,周口,19.0
20201111,20,NO2,周口,44.0
20201111,20,NO2_24h,周口,36.0
20201111,20,O3,周口,78.0
20201111,20,O3_24h,周口,143.0
20201111,20,O3_8h,周口,119.0
20201111,20,O3_8h_24h,周口,125.0
20201111,20,CO,周口,0.85
20201111,20,CO_24h,周口,0.95
20201111,21,AQI,周口,80.0
20201111,21,PM2.5,周口,59.0
20201111,21,PM2.5_24h,周口,74.0
20201111,21,PM10,周口,97.0
20201111,21,PM10_24h,周口,123.0
20201111,21,SO2,周口,14.0
20201111,21,SO2_24h,周口,19.0
20201111,21,NO2,周口,47.0
20201111,21,NO2_24h,周口,36.0
20201111,21,O3,周口,62.0
20201111,21,O3_24h,周口,143.0
20201111,21,O3_8h,周口,111.0
20201111,21,O3_8h_24h,周口,125.0
20201111,21,CO,周口,0.82
20201111,21,CO_24h,周口,0.95
20201111,22,AQI,周口,80.0
20201111,22,PM2.5,周口,59.0
20201111,22,PM2.5_24h,周口,74.0
20201111,22,PM10,周口,103.0
20201111,22,PM10_24h,周口,121.0
20201111,22,SO2,周口,16.0
20201111,22,SO2_24h,周口,19.0
20201111,22,NO2,周口,47.0
20201111,22,NO2_24h,周口,36.0
20201111,22,O3,周口,54.0
20201111,22,O3_24h,周口,143.0
20201111,22,O3_8h,周口,100.0
20201111,22,O3_8h_24h,周口,125.0
20201111,22,CO,周口,0.82
20201111,22,CO_24h,周口,0.95
20201111,23,AQI,周口,78.0
20201111,23,PM2.5,周口,57.0
20201111,23,PM2.5_24h,周口,73.0
20201111,23,PM10,周口,98.0
20201111,23,PM10_24h,周口,118.0
20201111,23,SO2,周口,15.0
20201111,23,SO2_24h,周口,19.0
20201111,23,NO2,周口,44.0
20201111,23,NO2_24h,周口,36.0
20201111,23,O3,周口,54.0
20201111,23,O3_24h,周口,143.0
20201111,23,O3_8h,周口,89.0
20201111,23,O3_8h_24h,周口,125.0
20201111,23,CO,周口,0.8
20201111,23,CO_24h,周口,0.93
20201111,0,AQI,漳州,45.0
20201111,0,PM2.5,漳州,20.0
20201111,0,PM2.5_24h,漳州,19.0
20201111,0,PM10,漳州,45.0
20201111,0,PM10_24h,漳州,61.0
20201111,0,SO2,漳州,6.0
20201111,0,SO2_24h,漳州,8.0
20201111,0,NO2,漳州,19.0
20201111,0,NO2_24h,漳州,23.0
20201111,0,O3,漳州,71.0
20201111,0,O3_24h,漳州,105.0
20201111,0,O3_8h,漳州,74.0
20201111,0,O3_8h_24h,漳州,97.0
20201111,0,CO,漳州,0.3
20201111,0,CO_24h,漳州,0.4
20201111,1,AQI,漳州,44.0
20201111,1,PM2.5,漳州,20.0
20201111,1,PM2.5_24h,漳州,19.0
20201111,1,PM10,漳州,44.0
20201111,1,PM10_24h,漳州,61.0
20201111,1,SO2,漳州,14.0
20201111,1,SO2_24h,漳州,8.0
20201111,1,NO2,漳州,33.0
20201111,1,NO2_24h,漳州,24.0
20201111,1,O3,漳州,52.0
20201111,1,O3_24h,漳州,105.0
20201111,1,O3_8h,漳州,52.0
20201111,1,O3_8h_24h,漳州,52.0
20201111,1,CO,漳州,0.35
20201111,1,CO_24h,漳州,0.4
20201111,2,AQI,漳州,41.0
20201111,2,PM2.5,漳州,19.0
20201111,2,PM2.5_24h,漳州,19.0
20201111,2,PM10,漳州,41.0
20201111,2,PM10_24h,漳州,60.0
20201111,2,SO2,漳州,15.0
20201111,2,SO2_24h,漳州,9.0
20201111,2,NO2,漳州,45.0
20201111,2,NO2_24h,漳州,24.0
20201111,2,O3,漳州,39.0
20201111,2,O3_24h,漳州,105.0
20201111,2,O3_8h,漳州,45.0
20201111,2,O3_8h_24h,漳州,52.0
20201111,2,CO,漳州,0.4
20201111,2,CO_24h,漳州,0.4
20201111,3,AQI,漳州,50.0
20201111,3,PM2.5,漳州,20.0
20201111,3,PM2.5_24h,漳州,19.0
20201111,3,PM10,漳州,50.0
20201111,3,PM10_24h,漳州,59.0
20201111,3,SO2,漳州,12.0
20201111,3,SO2_24h,漳州,8.0
20201111,3,NO2,漳州,38.0
20201111,3,NO2_24h,漳州,25.0
20201111,3,O3,漳州,43.0
20201111,3,O3_24h,漳州,105.0
20201111,3,O3_8h,漳州,45.0
20201111,3,O3_8h_24h,漳州,55.0
20201111,3,CO,漳州,0.35
20201111,3,CO_24h,漳州,0.45
20201111,4,AQI,漳州,44.0
20201111,4,PM2.5,漳州,21.0
20201111,4,PM2.5_24h,漳州,19.0
20201111,4,PM10,漳州,44.0
20201111,4,PM10_24h,漳州,58.0
20201111,4,SO2,漳州,8.0
20201111,4,SO2_24h,漳州,8.0
20201111,4,NO2,漳州,39.0
20201111,4,NO2_24h,漳州,26.0
20201111,4,O3,漳州,42.0
20201111,4,O3_24h,漳州,105.0
20201111,4,O3_8h,漳州,44.0
20201111,4,O3_8h_24h,漳州,56.0
20201111,4,CO,漳州,0.35
20201111,4,CO_24h,漳州,0.45
20201111,5,AQI,漳州,43.0
20201111,5,PM2.5,漳州,23.0
20201111,5,PM2.5_24h,漳州,19.0
20201111,5,PM10,漳州,43.0
20201111,5,PM10_24h,漳州,57.0
20201111,5,SO2,漳州,8.0
20201111,5,SO2_24h,漳州,8.0
20201111,5,NO2,漳州,51.0
20201111,5,NO2_24h,漳州,26.0
20201111,5,O3,漳州,24.0
20201111,5,O3_24h,漳州,105.0
20201111,5,O3_8h,漳州,40.0
20201111,5,O3_8h_24h,漳州,56.0
20201111,5,CO,漳州,0.4
20201111,5,CO_24h,漳州,0.45
20201111,6,AQI,漳州,48.0
20201111,6,PM2.5,漳州,22.0
20201111,6,PM2.5_24h,漳州,19.0
20201111,6,PM10,漳州,48.0
20201111,6,PM10_24h,漳州,56.0
20201111,6,SO2,漳州,8.0
20201111,6,SO2_24h,漳州,8.0
20201111,6,NO2,漳州,50.0
20201111,6,NO2_24h,漳州,28.0
20201111,6,O3,漳州,23.0
20201111,6,O3_24h,漳州,105.0
20201111,6,O3_8h,漳州,37.0
20201111,6,O3_8h_24h,漳州,56.0
20201111,6,CO,漳州,0.45
20201111,6,CO_24h,漳州,0.45
20201111,8,AQI,漳州,44.0
20201111,8,PM2.5,漳州,22.0
20201111,8,PM2.5_24h,漳州,19.0
20201111,8,PM10,漳州,44.0
20201111,8,PM10_24h,漳州,54.0
20201111,8,SO2,漳州,10.0
20201111,8,SO2_24h,漳州,8.0
20201111,8,NO2,漳州,38.0
20201111,8,NO2_24h,漳州,28.0
20201111,8,O3,漳州,42.0
20201111,8,O3_24h,漳州,105.0
20201111,8,O3_8h,漳州,38.0
20201111,8,O3_8h_24h,漳州,56.0
20201111,8,CO,漳州,0.4
20201111,8,CO_24h,漳州,0.45
20201111,10,AQI,漳州,49.0
20201111,10,PM2.5,漳州,16.0
20201111,10,PM2.5_24h,漳州,18.0
20201111,10,PM10,漳州,49.0
20201111,10,PM10_24h,漳州,53.0
20201111,10,SO2,漳州,8.0
20201111,10,SO2_24h,漳州,8.0
20201111,10,NO2,漳州,19.0
20201111,10,NO2_24h,漳州,29.0
20201111,10,O3,漳州,75.0
20201111,10,O3_24h,漳州,105.0
20201111,10,O3_8h,漳州,43.0
20201111,10,O3_8h_24h,漳州,58.0
20201111,10,CO,漳州,0.3
20201111,10,CO_24h,漳州,0.45
20201111,11,AQI,漳州,40.0
20201111,11,PM2.5,漳州,15.0
20201111,11,PM2.5_24h,漳州,18.0
20201111,11,PM10,漳州,40.0
20201111,11,PM10_24h,漳州,52.0
20201111,11,SO2,漳州,7.0
20201111,11,SO2_24h,漳州,8.0
20201111,11,NO2,漳州,13.0
20201111,11,NO2_24h,漳州,29.0
20201111,11,O3,漳州,88.0
20201111,11,O3_24h,漳州,105.0
20201111,11,O3_8h,漳州,48.0
20201111,11,O3_8h_24h,漳州,60.0
20201111,11,CO,漳州,0.25
20201111,11,CO_24h,漳州,0.35
20201111,12,AQI,漳州,36.0
20201111,12,PM2.5,漳州,13.0
20201111,12,PM2.5_24h,漳州,18.0
20201111,12,PM10,漳州,36.0
20201111,12,PM10_24h,漳州,51.0
20201111,12,SO2,漳州,5.0
20201111,12,SO2_24h,漳州,8.0
20201111,12,NO2,漳州,10.0
20201111,12,NO2_24h,漳州,28.0
20201111,12,O3,漳州,94.0
20201111,12,O3_24h,漳州,105.0
20201111,12,O3_8h,漳州,55.0
20201111,12,O3_8h_24h,漳州,62.0
20201111,12,CO,漳州,0.25
20201111,12,CO_24h,漳州,0.35
20201111,13,AQI,漳州,34.0
20201111,13,PM2.5,漳州,10.0
20201111,13,PM2.5_24h,漳州,18.0
20201111,13,PM10,漳州,34.0
20201111,13,PM10_24h,漳州,51.0
20201111,13,SO2,漳州,5.0
20201111,13,SO2_24h,漳州,8.0
20201111,13,NO2,漳州,9.0
20201111,13,NO2_24h,漳州,28.0
20201111,13,O3,漳州,100.0
20201111,13,O3_24h,漳州,104.0
20201111,13,O3_8h,漳州,64.0
20201111,13,O3_8h_24h,漳州,66.0
20201111,13,CO,漳州,0.25
20201111,13,CO_24h,漳州,0.35
20201111,14,AQI,漳州,40.0
20201111,14,PM2.5,漳州,6.0
20201111,14,PM2.5_24h,漳州,18.0
20201111,14,PM10,漳州,40.0
20201111,14,PM10_24h,漳州,51.0
20201111,14,SO2,漳州,6.0
20201111,14,SO2_24h,漳州,8.0
20201111,14,NO2,漳州,8.0
20201111,14,NO2_24h,漳州,29.0
20201111,14,O3,漳州,100.0
20201111,14,O3_24h,漳州,104.0
20201111,14,O3_8h,漳州,72.0
20201111,14,O3_8h_24h,漳州,72.0
20201111,14,CO,漳州,0.3
20201111,14,CO_24h,漳州,0.35
20201111,15,AQI,漳州,46.0
20201111,15,PM2.5,漳州,9.0
20201111,15,PM2.5_24h,漳州,18.0
20201111,15,PM10,漳州,46.0
20201111,15,PM10_24h,漳州,51.0
20201111,15,SO2,漳州,4.0
20201111,15,SO2_24h,漳州,9.0
20201111,15,NO2,漳州,11.0
20201111,15,NO2_24h,漳州,29.0
20201111,15,O3,漳州,99.0
20201111,15,O3_24h,漳州,102.0
20201111,15,O3_8h,漳州,79.0
20201111,15,O3_8h_24h,漳州,79.0
20201111,15,CO,漳州,0.3
20201111,15,CO_24h,漳州,0.35
20201111,16,AQI,漳州,46.0
20201111,16,PM2.5,漳州,13.0
20201111,16,PM2.5_24h,漳州,18.0
20201111,16,PM10,漳州,46.0
20201111,16,PM10_24h,漳州,51.0
20201111,16,SO2,漳州,6.0
20201111,16,SO2_24h,漳州,9.0
20201111,16,NO2,漳州,12.0
20201111,16,NO2_24h,漳州,29.0
20201111,16,O3,漳州,92.0
20201111,16,O3_24h,漳州,100.0
20201111,16,O3_8h,漳州,87.0
20201111,16,O3_8h_24h,漳州,87.0
20201111,16,CO,漳州,0.25
20201111,16,CO_24h,漳州,0.35
20201111,17,AQI,漳州,41.0
20201111,17,PM2.5,漳州,14.0
20201111,17,PM2.5_24h,漳州,18.0
20201111,17,PM10,漳州,41.0
20201111,17,PM10_24h,漳州,51.0
20201111,17,SO2,漳州,5.0
20201111,17,SO2_24h,漳州,8.0
20201111,17,NO2,漳州,21.0
20201111,17,NO2_24h,漳州,29.0
20201111,17,O3,漳州,86.0
20201111,17,O3_24h,漳州,100.0
20201111,17,O3_8h,漳州,90.0
20201111,17,O3_8h_24h,漳州,90.0
20201111,17,CO,漳州,0.25
20201111,17,CO_24h,漳州,0.35
20201111,18,AQI,漳州,39.0
20201111,18,PM2.5,漳州,16.0
20201111,18,PM2.5_24h,漳州,18.0
20201111,18,PM10,漳州,39.0
20201111,18,PM10_24h,漳州,51.0
20201111,18,SO2,漳州,10.0
20201111,18,SO2_24h,漳州,8.0
20201111,18,NO2,漳州,33.0
20201111,18,NO2_24h,漳州,29.0
20201111,18,O3,漳州,77.0
20201111,18,O3_24h,漳州,100.0
20201111,18,O3_8h,漳州,90.0
20201111,18,O3_8h_24h,漳州,91.0
20201111,18,CO,漳州,0.35
20201111,18,CO_24h,漳州,0.35
20201111,19,AQI,漳州,53.0
20201111,19,PM2.5,漳州,14.0
20201111,19,PM2.5_24h,漳州,18.0
20201111,19,PM10,漳州,55.0
20201111,19,PM10_24h,漳州,49.0
20201111,19,SO2,漳州,8.0
20201111,19,SO2_24h,漳州,8.0
20201111,19,NO2,漳州,34.0
20201111,19,NO2_24h,漳州,29.0
20201111,19,O3,漳州,74.0
20201111,19,O3_24h,漳州,100.0
20201111,19,O3_8h,漳州,88.0
20201111,19,O3_8h_24h,漳州,91.0
20201111,19,CO,漳州,0.2
20201111,19,CO_24h,漳州,0.3
20201111,20,AQI,漳州,47.0
20201111,20,PM2.5,漳州,20.0
20201111,20,PM2.5_24h,漳州,17.0
20201111,20,PM10,漳州,47.0
20201111,20,PM10_24h,漳州,46.0
20201111,20,SO2,漳州,9.0
20201111,20,SO2_24h,漳州,8.0
20201111,20,NO2,漳州,34.0
20201111,20,NO2_24h,漳州,29.0
20201111,20,O3,漳州,69.0
20201111,20,O3_24h,漳州,100.0
20201111,20,O3_8h,漳州,85.0
20201111,20,O3_8h_24h,漳州,91.0
20201111,20,CO,漳州,0.25
20201111,20,CO_24h,漳州,0.3
20201111,21,AQI,漳州,60.0
20201111,21,PM2.5,漳州,21.0
20201111,21,PM2.5_24h,漳州,17.0
20201111,21,PM10,漳州,69.0
20201111,21,PM10_24h,漳州,45.0
20201111,21,SO2,漳州,8.0
20201111,21,SO2_24h,漳州,8.0
20201111,21,NO2,漳州,30.0
20201111,21,NO2_24h,漳州,29.0
20201111,21,O3,漳州,68.0
20201111,21,O3_24h,漳州,100.0
20201111,21,O3_8h,漳州,80.0
20201111,21,O3_8h_24h,漳州,91.0
20201111,21,CO,漳州,0.25
20201111,21,CO_24h,漳州,0.3
20201111,22,AQI,漳州,61.0
20201111,22,PM2.5,漳州,16.0
20201111,22,PM2.5_24h,漳州,17.0
20201111,22,PM10,漳州,72.0
20201111,22,PM10_24h,漳州,45.0
20201111,22,SO2,漳州,8.0
20201111,22,SO2_24h,漳州,8.0
20201111,22,NO2,漳州,31.0
20201111,22,NO2_24h,漳州,29.0
20201111,22,O3,漳州,62.0
20201111,22,O3_24h,漳州,100.0
20201111,22,O3_8h,漳州,77.0
20201111,22,O3_8h_24h,漳州,91.0
20201111,22,CO,漳州,0.3
20201111,22,CO_24h,漳州,0.3
20201111,23,AQI,漳州,55.0
20201111,23,PM2.5,漳州,18.0
20201111,23,PM2.5_24h,漳州,17.0
20201111,23,PM10,漳州,59.0
20201111,23,PM10_24h,漳州,45.0
20201111,23,SO2,漳州,8.0
20201111,23,SO2_24h,漳州,8.0
20201111,23,NO2,漳州,26.0
20201111,23,NO2_24h,漳州,28.0
20201111,23,O3,漳州,66.0
20201111,23,O3_24h,漳州,100.0
20201111,23,O3_8h,漳州,74.0
20201111,23,O3_8h_24h,漳州,91.0
20201111,23,CO,漳州,0.25
20201111,23,CO_24h,漳州,0.3
20201111,0,AQI,晋城,107.0
20201111,0,PM2.5,晋城,76.0
20201111,0,PM2.5_24h,晋城,66.0
20201111,0,PM10,晋城,163.0
20201111,0,PM10_24h,晋城,150.0
20201111,0,SO2,晋城,12.0
20201111,0,SO2_24h,晋城,20.0
20201111,0,NO2,晋城,71.0
20201111,0,NO2_24h,晋城,54.0
20201111,0,O3,晋城,32.0
20201111,0,O3_24h,晋城,152.0
20201111,0,O3_8h,晋城,73.0
20201111,0,O3_8h_24h,晋城,128.0
20201111,0,CO,晋城,1.08
20201111,0,CO_24h,晋城,1.42
20201111,1,AQI,晋城,103.0
20201111,1,PM2.5,晋城,71.0
20201111,1,PM2.5_24h,晋城,67.0
20201111,1,PM10,晋城,155.0
20201111,1,PM10_24h,晋城,151.0
20201111,1,SO2,晋城,11.0
20201111,1,SO2_24h,晋城,20.0
20201111,1,NO2,晋城,64.0
20201111,1,NO2_24h,晋城,53.0
20201111,1,O3,晋城,32.0
20201111,1,O3_24h,晋城,152.0
20201111,1,O3_8h,晋城,32.0
20201111,1,O3_8h_24h,晋城,32.0
20201111,1,CO,晋城,1.02
20201111,1,CO_24h,晋城,1.42
20201111,2,AQI,晋城,99.0
20201111,2,PM2.5,晋城,67.0
20201111,2,PM2.5_24h,晋城,66.0
20201111,2,PM10,晋城,147.0
20201111,2,PM10_24h,晋城,156.0
20201111,2,SO2,晋城,12.0
20201111,2,SO2_24h,晋城,18.0
20201111,2,NO2,晋城,66.0
20201111,2,NO2_24h,晋城,54.0
20201111,2,O3,晋城,33.0
20201111,2,O3_24h,晋城,153.0
20201111,2,O3_8h,晋城,34.0
20201111,2,O3_8h_24h,晋城,36.0
20201111,2,CO,晋城,1.0
20201111,2,CO_24h,晋城,1.43
20201111,3,AQI,晋城,103.0
20201111,3,PM2.5,晋城,68.0
20201111,3,PM2.5_24h,晋城,67.0
20201111,3,PM10,晋城,156.0
20201111,3,PM10_24h,晋城,157.0
20201111,3,SO2,晋城,14.0
20201111,3,SO2_24h,晋城,18.0
20201111,3,NO2,晋城,67.0
20201111,3,NO2_24h,晋城,54.0
20201111,3,O3,晋城,28.0
20201111,3,O3_24h,晋城,153.0
20201111,3,O3_8h,晋城,32.0
20201111,3,O3_8h_24h,晋城,37.0
20201111,3,CO,晋城,1.02
20201111,3,CO_24h,晋城,1.43
20201111,4,AQI,晋城,104.0
20201111,4,PM2.5,晋城,70.0
20201111,4,PM2.5_24h,晋城,67.0
20201111,4,PM10,晋城,157.0
20201111,4,PM10_24h,晋城,158.0
20201111,4,SO2,晋城,15.0
20201111,4,SO2_24h,晋城,18.0
20201111,4,NO2,晋城,64.0
20201111,4,NO2_24h,晋城,55.0
20201111,4,O3,晋城,27.0
20201111,4,O3_24h,晋城,153.0
20201111,4,O3_8h,晋城,31.0
20201111,4,O3_8h_24h,晋城,37.0
20201111,4,CO,晋城,1.02
20201111,4,CO_24h,晋城,1.43
20201111,5,AQI,晋城,106.0
20201111,5,PM2.5,晋城,75.0
20201111,5,PM2.5_24h,晋城,68.0
20201111,5,PM10,晋城,162.0
20201111,5,PM10_24h,晋城,159.0
20201111,5,SO2,晋城,15.0
20201111,5,SO2_24h,晋城,17.0
20201111,5,NO2,晋城,62.0
20201111,5,NO2_24h,晋城,55.0
20201111,5,O3,晋城,25.0
20201111,5,O3_24h,晋城,153.0
20201111,5,O3_8h,晋城,30.0
20201111,5,O3_8h_24h,晋城,37.0
20201111,5,CO,晋城,1.07
20201111,5,CO_24h,晋城,1.4
20201111,6,AQI,晋城,110.0
20201111,6,PM2.5,晋城,70.0
20201111,6,PM2.5_24h,晋城,68.0
20201111,6,PM10,晋城,169.0
20201111,6,PM10_24h,晋城,159.0
20201111,6,SO2,晋城,16.0
20201111,6,SO2_24h,晋城,17.0
20201111,6,NO2,晋城,70.0
20201111,6,NO2_24h,晋城,55.0
20201111,6,O3,晋城,12.0
20201111,6,O3_24h,晋城,153.0
20201111,6,O3_8h,晋城,27.0
20201111,6,O3_8h_24h,晋城,37.0
20201111,6,CO,晋城,1.35
20201111,6,CO_24h,晋城,1.38
20201111,8,AQI,晋城,124.0
20201111,8,PM2.5,晋城,86.0
20201111,8,PM2.5_24h,晋城,69.0
20201111,8,PM10,晋城,197.0
20201111,8,PM10_24h,晋城,161.0
20201111,8,SO2,晋城,17.0
20201111,8,SO2_24h,晋城,16.0
20201111,8,NO2,晋城,66.0
20201111,8,NO2_24h,晋城,56.0
20201111,8,O3,晋城,11.0
20201111,8,O3_24h,晋城,153.0
20201111,8,O3_8h,晋城,23.0
20201111,8,O3_8h_24h,晋城,37.0
20201111,8,CO,晋城,2.38
20201111,8,CO_24h,晋城,1.35
20201111,10,AQI,晋城,124.0
20201111,10,PM2.5,晋城,93.0
20201111,10,PM2.5_24h,晋城,71.0
20201111,10,PM10,晋城,198.0
20201111,10,PM10_24h,晋城,163.0
20201111,10,SO2,晋城,24.0
20201111,10,SO2_24h,晋城,16.0
20201111,10,NO2,晋城,74.0
20201111,10,NO2_24h,晋城,58.0
20201111,10,O3,晋城,16.0
20201111,10,O3_24h,晋城,153.0
20201111,10,O3_8h,晋城,18.0
20201111,10,O3_8h_24h,晋城,37.0
20201111,10,CO,晋城,2.63
20201111,10,CO_24h,晋城,1.35
20201111,11,AQI,晋城,126.0
20201111,11,PM2.5,晋城,96.0
20201111,11,PM2.5_24h,晋城,71.0
20201111,11,PM10,晋城,182.0
20201111,11,PM10_24h,晋城,164.0
20201111,11,SO2,晋城,22.0
20201111,11,SO2_24h,晋城,16.0
20201111,11,NO2,晋城,75.0
20201111,11,NO2_24h,晋城,58.0
20201111,11,O3,晋城,29.0
20201111,11,O3_24h,晋城,153.0
20201111,11,O3_8h,晋城,18.0
20201111,11,O3_8h_24h,晋城,37.0
20201111,11,CO,晋城,2.57
20201111,11,CO_24h,晋城,1.35
20201111,12,AQI,晋城,119.0
20201111,12,PM2.5,晋城,90.0
20201111,12,PM2.5_24h,晋城,72.0
20201111,12,PM10,晋城,152.0
20201111,12,PM10_24h,晋城,163.0
20201111,12,SO2,晋城,19.0
20201111,12,SO2_24h,晋城,16.0
20201111,12,NO2,晋城,51.0
20201111,12,NO2_24h,晋城,58.0
20201111,12,O3,晋城,71.0
20201111,12,O3_24h,晋城,153.0
20201111,12,O3_8h,晋城,23.0
20201111,12,O3_8h_24h,晋城,38.0
20201111,12,CO,晋城,1.78
20201111,12,CO_24h,晋城,1.35
20201111,13,AQI,晋城,85.0
20201111,13,PM2.5,晋城,63.0
20201111,13,PM2.5_24h,晋城,72.0
20201111,13,PM10,晋城,115.0
20201111,13,PM10_24h,晋城,163.0
20201111,13,SO2,晋城,13.0
20201111,13,SO2_24h,晋城,16.0
20201111,13,NO2,晋城,24.0
20201111,13,NO2_24h,晋城,58.0
20201111,13,O3,晋城,121.0
20201111,13,O3_24h,晋城,153.0
20201111,13,O3_8h,晋城,32.0
20201111,13,O3_8h_24h,晋城,42.0
20201111,13,CO,晋城,1.1
20201111,13,CO_24h,晋城,1.35
20201111,14,AQI,晋城,71.0
20201111,14,PM2.5,晋城,43.0
20201111,14,PM2.5_24h,晋城,72.0
20201111,14,PM10,晋城,91.0
20201111,14,PM10_24h,晋城,161.0
20201111,14,SO2,晋城,11.0
20201111,14,SO2_24h,晋城,15.0
20201111,14,NO2,晋城,12.0
20201111,14,NO2_24h,晋城,58.0
20201111,14,O3,晋城,146.0
20201111,14,O3_24h,晋城,153.0
20201111,14,O3_8h,晋城,49.0
20201111,14,O3_8h_24h,晋城,50.0
20201111,14,CO,晋城,0.82
20201111,14,CO_24h,晋城,1.35
20201111,15,AQI,晋城,76.0
20201111,15,PM2.5,晋城,35.0
20201111,15,PM2.5_24h,晋城,71.0
20201111,15,PM10,晋城,102.0
20201111,15,PM10_24h,晋城,160.0
20201111,15,SO2,晋城,11.0
20201111,15,SO2_24h,晋城,15.0
20201111,15,NO2,晋城,14.0
20201111,15,NO2_24h,晋城,57.0
20201111,15,O3,晋城,153.0
20201111,15,O3_24h,晋城,154.0
20201111,15,O3_8h,晋城,68.0
20201111,15,O3_8h_24h,晋城,68.0
20201111,15,CO,晋城,0.82
20201111,15,CO_24h,晋城,1.35
20201111,16,AQI,晋城,79.0
20201111,16,PM2.5,晋城,38.0
20201111,16,PM2.5_24h,晋城,71.0
20201111,16,PM10,晋城,107.0
20201111,16,PM10_24h,晋城,159.0
20201111,16,SO2,晋城,11.0
20201111,16,SO2_24h,晋城,15.0
20201111,16,NO2,晋城,16.0
20201111,16,NO2_24h,晋城,57.0
20201111,16,O3,晋城,154.0
20201111,16,O3_24h,晋城,154.0
20201111,16,O3_8h,晋城,86.0
20201111,16,O3_8h_24h,晋城,86.0
20201111,16,CO,晋城,0.75
20201111,16,CO_24h,晋城,1.38
20201111,17,AQI,晋城,86.0
20201111,17,PM2.5,晋城,40.0
20201111,17,PM2.5_24h,晋城,71.0
20201111,17,PM10,晋城,122.0
20201111,17,PM10_24h,晋城,158.0
20201111,17,SO2,晋城,13.0
20201111,17,SO2_24h,晋城,15.0
20201111,17,NO2,晋城,20.0
20201111,17,NO2_24h,晋城,57.0
20201111,17,O3,晋城,155.0
20201111,17,O3_24h,晋城,155.0
20201111,17,O3_8h,晋城,105.0
20201111,17,O3_8h_24h,晋城,105.0
20201111,17,CO,晋城,0.9
20201111,17,CO_24h,晋城,1.38
20201111,18,AQI,晋城,92.0
20201111,18,PM2.5,晋城,49.0
20201111,18,PM2.5_24h,晋城,70.0
20201111,18,PM10,晋城,134.0
20201111,18,PM10_24h,晋城,155.0
20201111,18,SO2,晋城,14.0
20201111,18,SO2_24h,晋城,15.0
20201111,18,NO2,晋城,26.0
20201111,18,NO2_24h,晋城,58.0
20201111,18,O3,晋城,148.0
20201111,18,O3_24h,晋城,154.0
20201111,18,O3_8h,晋城,127.0
20201111,18,O3_8h_24h,晋城,127.0
20201111,18,CO,晋城,0.98
20201111,18,CO_24h,晋城,1.32
20201111,19,AQI,晋城,98.0
20201111,19,PM2.5,晋城,55.0
20201111,19,PM2.5_24h,晋城,69.0
20201111,19,PM10,晋城,146.0
20201111,19,PM10_24h,晋城,153.0
20201111,19,SO2,晋城,15.0
20201111,19,SO2_24h,晋城,16.0
20201111,19,NO2,晋城,33.0
20201111,19,NO2_24h,晋城,56.0
20201111,19,O3,晋城,132.0
20201111,19,O3_24h,晋城,154.0
20201111,19,O3_8h,晋城,132.0
20201111,19,O3_8h_24h,晋城,138.0
20201111,19,CO,晋城,1.12
20201111,19,CO_24h,晋城,1.4
20201111,20,AQI,晋城,103.0
20201111,20,PM2.5,晋城,68.0
20201111,20,PM2.5_24h,晋城,70.0
20201111,20,PM10,晋城,156.0
20201111,20,PM10_24h,晋城,153.0
20201111,20,SO2,晋城,16.0
20201111,20,SO2_24h,晋城,16.0
20201111,20,NO2,晋城,45.0
20201111,20,NO2_24h,晋城,56.0
20201111,20,O3,晋城,107.0
20201111,20,O3_24h,晋城,154.0
20201111,20,O3_8h,晋城,138.0
20201111,20,O3_8h_24h,晋城,142.0
20201111,20,CO,晋城,1.24
20201111,20,CO_24h,晋城,1.4
20201111,21,AQI,晋城,104.0
20201111,21,PM2.5,晋城,74.0
20201111,21,PM2.5_24h,晋城,69.0
20201111,21,PM10,晋城,157.0
20201111,21,PM10_24h,晋城,152.0
20201111,21,SO2,晋城,16.0
20201111,21,SO2_24h,晋城,16.0
20201111,21,NO2,晋城,50.0
20201111,21,NO2_24h,晋城,53.0
20201111,21,O3,晋城,91.0
20201111,21,O3_24h,晋城,154.0
20201111,21,O3_8h,晋城,133.0
20201111,21,O3_8h_24h,晋城,142.0
20201111,21,CO,晋城,1.22
20201111,21,CO_24h,晋城,1.4
20201111,22,AQI,晋城,102.0
20201111,22,PM2.5,晋城,74.0
20201111,22,PM2.5_24h,晋城,69.0
20201111,22,PM10,晋城,154.0
20201111,22,PM10_24h,晋城,151.0
20201111,22,SO2,晋城,15.0
20201111,22,SO2_24h,晋城,16.0
20201111,22,NO2,晋城,62.0
20201111,22,NO2_24h,晋城,52.0
20201111,22,O3,晋城,68.0
20201111,22,O3_24h,晋城,154.0
20201111,22,O3_8h,晋城,123.0
20201111,22,O3_8h_24h,晋城,142.0
20201111,22,CO,晋城,1.4
20201111,22,CO_24h,晋城,1.4
20201111,23,AQI,晋城,106.0
20201111,23,PM2.5,晋城,76.0
20201111,23,PM2.5_24h,晋城,68.0
20201111,23,PM10,晋城,162.0
20201111,23,PM10_24h,晋城,150.0
20201111,23,SO2,晋城,14.0
20201111,23,SO2_24h,晋城,16.0
20201111,23,NO2,晋城,75.0
20201111,23,NO2_24h,晋城,52.0
20201111,23,O3,晋城,41.0
20201111,23,O3_24h,晋城,154.0
20201111,23,O3_8h,晋城,110.0
20201111,23,O3_8h_24h,晋城,142.0
20201111,23,CO,晋城,1.46
20201111,23,CO_24h,晋城,1.42
20201111,0,AQI,朔州,155.0
20201111,0,PM2.5,朔州,103.0
20201111,0,PM2.5_24h,朔州,80.0
20201111,0,PM10,朔州,260.0
20201111,0,PM10_24h,朔州,197.0
20201111,0,SO2,朔州,53.0
20201111,0,SO2_24h,朔州,60.0
20201111,0,NO2,朔州,78.0
20201111,0,NO2_24h,朔州,68.0
20201111,0,O3,朔州,4.0
20201111,0,O3_24h,朔州,71.0
20201111,0,O3_8h,朔州,16.0
20201111,0,O3_8h_24h,朔州,51.0
20201111,0,CO,朔州,1.36
20201111,0,CO_24h,朔州,1.24
20201111,1,AQI,朔州,154.0
20201111,1,PM2.5,朔州,103.0
20201111,1,PM2.5_24h,朔州,83.0
20201111,1,PM10,朔州,257.0
20201111,1,PM10_24h,朔州,200.0
20201111,1,SO2,朔州,53.0
20201111,1,SO2_24h,朔州,60.0
20201111,1,NO2,朔州,79.0
20201111,1,NO2_24h,朔州,68.0
20201111,1,O3,朔州,4.0
20201111,1,O3_24h,朔州,71.0
20201111,1,O3_8h,朔州,4.0
20201111,1,O3_8h_24h,朔州,4.0
20201111,1,CO,朔州,1.34
20201111,1,CO_24h,朔州,1.24
20201111,2,AQI,朔州,160.0
20201111,2,PM2.5,朔州,107.0
20201111,2,PM2.5_24h,朔州,85.0
20201111,2,PM10,朔州,270.0
20201111,2,PM10_24h,朔州,204.0
20201111,2,SO2,朔州,63.0
20201111,2,SO2_24h,朔州,61.0
20201111,2,NO2,朔州,86.0
20201111,2,NO2_24h,朔州,69.0
20201111,2,O3,朔州,4.0
20201111,2,O3_24h,朔州,71.0
20201111,2,O3_8h,朔州,4.0
20201111,2,O3_8h_24h,朔州,4.0
20201111,2,CO,朔州,1.5
20201111,2,CO_24h,朔州,1.26
20201111,3,AQI,朔州,167.0
20201111,3,PM2.5,朔州,115.0
20201111,3,PM2.5_24h,朔州,88.0
20201111,3,PM10,朔州,284.0
20201111,3,PM10_24h,朔州,209.0
20201111,3,SO2,朔州,66.0
20201111,3,SO2_24h,朔州,62.0
20201111,3,NO2,朔州,84.0
20201111,3,NO2_24h,朔州,69.0
20201111,3,O3,朔州,4.0
20201111,3,O3_24h,朔州,71.0
20201111,3,O3_8h,朔州,4.0
20201111,3,O3_8h_24h,朔州,4.0
20201111,3,CO,朔州,1.5
20201111,3,CO_24h,朔州,1.3
20201111,4,AQI,朔州,156.0
20201111,4,PM2.5,朔州,106.0
20201111,4,PM2.5_24h,朔州,90.0
20201111,4,PM10,朔州,262.0
20201111,4,PM10_24h,朔州,213.0
20201111,4,SO2,朔州,61.0
20201111,4,SO2_24h,朔州,62.0
20201111,4,NO2,朔州,83.0
20201111,4,NO2_24h,朔州,70.0
20201111,4,O3,朔州,4.0
20201111,4,O3_24h,朔州,71.0
20201111,4,O3_8h,朔州,4.0
20201111,4,O3_8h_24h,朔州,4.0
20201111,4,CO,朔州,1.4
20201111,4,CO_24h,朔州,1.32
20201111,5,AQI,朔州,142.0
20201111,5,PM2.5,朔州,96.0
20201111,5,PM2.5_24h,朔州,92.0
20201111,5,PM10,朔州,233.0
20201111,5,PM10_24h,朔州,217.0
20201111,5,SO2,朔州,46.0
20201111,5,SO2_24h,朔州,61.0
20201111,5,NO2,朔州,74.0
20201111,5,NO2_24h,朔州,71.0
20201111,5,O3,朔州,4.0
20201111,5,O3_24h,朔州,71.0
20201111,5,O3_8h,朔州,4.0
20201111,5,O3_8h_24h,朔州,4.0
20201111,5,CO,朔州,1.26
20201111,5,CO_24h,朔州,1.32
20201111,6,AQI,朔州,116.0
20201111,6,PM2.5,朔州,79.0
20201111,6,PM2.5_24h,朔州,94.0
20201111,6,PM10,朔州,181.0
20201111,6,PM10_24h,朔州,217.0
20201111,6,SO2,朔州,44.0
20201111,6,SO2_24h,朔州,59.0
20201111,6,NO2,朔州,72.0
20201111,6,NO2_24h,朔州,71.0
20201111,6,O3,朔州,4.0
20201111,6,O3_24h,朔州,71.0
20201111,6,O3_8h,朔州,4.0
20201111,6,O3_8h_24h,朔州,4.0
20201111,6,CO,朔州,1.18
20201111,6,CO_24h,朔州,1.32
20201111,8,AQI,朔州,124.0
20201111,8,PM2.5,朔州,84.0
20201111,8,PM2.5_24h,朔州,96.0
20201111,8,PM10,朔州,197.0
20201111,8,PM10_24h,朔州,218.0
20201111,8,SO2,朔州,107.0
20201111,8,SO2_24h,朔州,59.0
20201111,8,NO2,朔州,73.0
20201111,8,NO2_24h,朔州,72.0
20201111,8,O3,朔州,5.0
20201111,8,O3_24h,朔州,71.0
20201111,8,O3_8h,朔州,4.0
20201111,8,O3_8h_24h,朔州,4.0
20201111,8,CO,朔州,1.66
20201111,8,CO_24h,朔州,1.36
20201111,10,AQI,朔州,157.0
20201111,10,PM2.5,朔州,120.0
20201111,10,PM2.5_24h,朔州,98.0
20201111,10,PM10,朔州,256.0
20201111,10,PM10_24h,朔州,218.0
20201111,10,SO2,朔州,92.0
20201111,10,SO2_24h,朔州,60.0
20201111,10,NO2,朔州,83.0
20201111,10,NO2_24h,朔州,73.0
20201111,10,O3,朔州,11.0
20201111,10,O3_24h,朔州,71.0
20201111,10,O3_8h,朔州,5.0
20201111,10,O3_8h_24h,朔州,5.0
20201111,10,CO,朔州,1.52
20201111,10,CO_24h,朔州,1.36
20201111,11,AQI,朔州,153.0
20201111,11,PM2.5,朔州,109.0
20201111,11,PM2.5_24h,朔州,99.0
20201111,11,PM10,朔州,256.0
20201111,11,PM10_24h,朔州,218.0
20201111,11,SO2,朔州,78.0
20201111,11,SO2_24h,朔州,61.0
20201111,11,NO2,朔州,87.0
20201111,11,NO2_24h,朔州,74.0
20201111,11,O3,朔州,20.0
20201111,11,O3_24h,朔州,71.0
20201111,11,O3_8h,朔州,7.0
20201111,11,O3_8h_24h,朔州,7.0
20201111,11,CO,朔州,1.42
20201111,11,CO_24h,朔州,1.36
20201111,12,AQI,朔州,138.0
20201111,12,PM2.5,朔州,101.0
20201111,12,PM2.5_24h,朔州,100.0
20201111,12,PM10,朔州,225.0
20201111,12,PM10_24h,朔州,220.0
20201111,12,SO2,朔州,65.0
20201111,12,SO2_24h,朔州,61.0
20201111,12,NO2,朔州,78.0
20201111,12,NO2_24h,朔州,75.0
20201111,12,O3,朔州,35.0
20201111,12,O3_24h,朔州,71.0
20201111,12,O3_8h,朔州,11.0
20201111,12,O3_8h_24h,朔州,11.0
20201111,12,CO,朔州,1.3
20201111,12,CO_24h,朔州,1.38
20201111,13,AQI,朔州,120.0
20201111,13,PM2.5,朔州,87.0
20201111,13,PM2.5_24h,朔州,101.0
20201111,13,PM10,朔州,189.0
20201111,13,PM10_24h,朔州,222.0
20201111,13,SO2,朔州,48.0
20201111,13,SO2_24h,朔州,61.0
20201111,13,NO2,朔州,58.0
20201111,13,NO2_24h,朔州,75.0
20201111,13,O3,朔州,57.0
20201111,13,O3_24h,朔州,71.0
20201111,13,O3_8h,朔州,18.0
20201111,13,O3_8h_24h,朔州,18.0
20201111,13,CO,朔州,1.12
20201111,13,CO_24h,朔州,1.38
20201111,14,AQI,朔州,97.0
20201111,14,PM2.5,朔州,67.0
20201111,14,PM2.5_24h,朔州,101.0
20201111,14,PM10,朔州,144.0
20201111,14,PM10_24h,朔州,223.0
20201111,14,SO2,朔州,28.0
20201111,14,SO2_24h,朔州,61.0
20201111,14,NO2,朔州,39.0
20201111,14,NO2_24h,朔州,75.0
20201111,14,O3,朔州,83.0
20201111,14,O3_24h,朔州,83.0
20201111,14,O3_8h,朔州,29.0
20201111,14,O3_8h_24h,朔州,29.0
20201111,14,CO,朔州,0.88
20201111,14,CO_24h,朔州,1.36
20201111,15,AQI,朔州,75.0
20201111,15,PM2.5,朔州,44.0
20201111,15,PM2.5_24h,朔州,100.0
20201111,15,PM10,朔州,100.0
20201111,15,PM10_24h,朔州,223.0
20201111,15,SO2,朔州,8.0
20201111,15,SO2_24h,朔州,60.0
20201111,15,NO2,朔州,20.0
20201111,15,NO2_24h,朔州,74.0
20201111,15,O3,朔州,102.0
20201111,15,O3_24h,朔州,102.0
20201111,15,O3_8h,朔州,42.0
20201111,15,O3_8h_24h,朔州,42.0
20201111,15,CO,朔州,0.64
20201111,15,CO_24h,朔州,1.36
20201111,16,AQI,朔州,61.0
20201111,16,PM2.5,朔州,27.0
20201111,16,PM2.5_24h,朔州,99.0
20201111,16,PM10,朔州,71.0
20201111,16,PM10_24h,朔州,220.0
20201111,16,SO2,朔州,8.0
20201111,16,SO2_24h,朔州,58.0
20201111,16,NO2,朔州,25.0
20201111,16,NO2_24h,朔州,73.0
20201111,16,O3,朔州,95.0
20201111,16,O3_24h,朔州,102.0
20201111,16,O3_8h,朔州,53.0
20201111,16,O3_8h_24h,朔州,53.0
20201111,16,CO,朔州,0.62
20201111,16,CO_24h,朔州,1.34
20201111,17,AQI,朔州,55.0
20201111,17,PM2.5,朔州,26.0
20201111,17,PM2.5_24h,朔州,96.0
20201111,17,PM10,朔州,60.0
20201111,17,PM10_24h,朔州,217.0
20201111,17,SO2,朔州,8.0
20201111,17,SO2_24h,朔州,56.0
20201111,17,NO2,朔州,33.0
20201111,17,NO2_24h,朔州,72.0
20201111,17,O3,朔州,85.0
20201111,17,O3_24h,朔州,102.0
20201111,17,O3_8h,朔州,64.0
20201111,17,O3_8h_24h,朔州,64.0
20201111,17,CO,朔州,0.62
20201111,17,CO_24h,朔州,1.34
20201111,18,AQI,朔州,60.0
20201111,18,PM2.5,朔州,27.0
20201111,18,PM2.5_24h,朔州,94.0
20201111,18,PM10,朔州,69.0
20201111,18,PM10_24h,朔州,213.0
20201111,18,SO2,朔州,11.0
20201111,18,SO2_24h,朔州,55.0
20201111,18,NO2,朔州,48.0
20201111,18,NO2_24h,朔州,71.0
20201111,18,O3,朔州,68.0
20201111,18,O3_24h,朔州,102.0
20201111,18,O3_8h,朔州,70.0
20201111,18,O3_8h_24h,朔州,70.0
20201111,18,CO,朔州,0.72
20201111,18,CO_24h,朔州,1.3
20201111,19,AQI,朔州,63.0
20201111,19,PM2.5,朔州,31.0
20201111,19,PM2.5_24h,朔州,91.0
20201111,19,PM10,朔州,76.0
20201111,19,PM10_24h,朔州,208.0
20201111,19,SO2,朔州,16.0
20201111,19,SO2_24h,朔州,52.0
20201111,19,NO2,朔州,48.0
20201111,19,NO2_24h,朔州,68.0
20201111,19,O3,朔州,64.0
20201111,19,O3_24h,朔州,102.0
20201111,19,O3_8h,朔州,74.0
20201111,19,O3_8h_24h,朔州,74.0
20201111,19,CO,朔州,0.84
20201111,19,CO_24h,朔州,1.28
20201111,20,AQI,朔州,75.0
20201111,20,PM2.5,朔州,42.0
20201111,20,PM2.5_24h,朔州,87.0
20201111,20,PM10,朔州,100.0
20201111,20,PM10_24h,朔州,200.0
20201111,20,SO2,朔州,18.0
20201111,20,SO2_24h,朔州,50.0
20201111,20,NO2,朔州,48.0
20201111,20,NO2_24h,朔州,66.0
20201111,20,O3,朔州,62.0
20201111,20,O3_24h,朔州,102.0
20201111,20,O3_8h,朔州,77.0
20201111,20,O3_8h_24h,朔州,77.0
20201111,20,CO,朔州,1.0
20201111,20,CO_24h,朔州,1.24
20201111,21,AQI,朔州,94.0
20201111,21,PM2.5,朔州,70.0
20201111,21,PM2.5_24h,朔州,83.0
20201111,21,PM10,朔州,112.0
20201111,21,PM10_24h,朔州,193.0
20201111,21,SO2,朔州,18.0
20201111,21,SO2_24h,朔州,49.0
20201111,21,NO2,朔州,49.0
20201111,21,NO2_24h,朔州,65.0
20201111,21,O3,朔州,53.0
20201111,21,O3_24h,朔州,102.0
20201111,21,O3_8h,朔州,76.0
20201111,21,O3_8h_24h,朔州,77.0
20201111,21,CO,朔州,1.06
20201111,21,CO_24h,朔州,1.18
20201111,22,AQI,朔州,105.0
20201111,22,PM2.5,朔州,79.0
20201111,22,PM2.5_24h,朔州,80.0
20201111,22,PM10,朔州,107.0
20201111,22,PM10_24h,朔州,185.0
20201111,22,SO2,朔州,18.0
20201111,22,SO2_24h,朔州,47.0
20201111,22,NO2,朔州,46.0
20201111,22,NO2_24h,朔州,63.0
20201111,22,O3,朔州,50.0
20201111,22,O3_24h,朔州,102.0
20201111,22,O3_8h,朔州,72.0
20201111,22,O3_8h_24h,朔州,77.0
20201111,22,CO,朔州,1.0
20201111,22,CO_24h,朔州,1.16
20201111,23,AQI,朔州,86.0
20201111,23,PM2.5,朔州,64.0
20201111,23,PM2.5_24h,朔州,77.0
20201111,23,PM10,朔州,97.0
20201111,23,PM10_24h,朔州,177.0
20201111,23,SO2,朔州,18.0
20201111,23,SO2_24h,朔州,46.0
20201111,23,NO2,朔州,49.0
20201111,23,NO2_24h,朔州,62.0
20201111,23,O3,朔州,44.0
20201111,23,O3_24h,朔州,102.0
20201111,23,O3_8h,朔州,65.0
20201111,23,O3_8h_24h,朔州,77.0
20201111,23,CO,朔州,0.98
20201111,23,CO_24h,朔州,1.16
20201111,0,AQI,晋中,74.0
20201111,0,PM2.5,晋中,49.0
20201111,0,PM2.5_24h,晋中,40.0
20201111,0,PM10,晋中,98.0
20201111,0,PM10_24h,晋中,91.0
20201111,0,SO2,晋中,28.0
20201111,0,SO2_24h,晋中,27.0
20201111,0,NO2,晋中,88.0
20201111,0,NO2_24h,晋中,71.0
20201111,0,O3,晋中,3.0
20201111,0,O3_24h,晋中,107.0
20201111,0,O3_8h,晋中,24.0
20201111,0,O3_8h_24h,晋中,67.0
20201111,0,CO,晋中,1.48
20201111,0,CO_24h,晋中,1.13
20201111,1,AQI,晋中,72.0
20201111,1,PM2.5,晋中,51.0
20201111,1,PM2.5_24h,晋中,41.0
20201111,1,PM10,晋中,94.0
20201111,1,PM10_24h,晋中,92.0
20201111,1,SO2,晋中,27.0
20201111,1,SO2_24h,晋中,28.0
20201111,1,NO2,晋中,86.0
20201111,1,NO2_24h,晋中,72.0
20201111,1,O3,晋中,3.0
20201111,1,O3_24h,晋中,107.0
20201111,1,O3_8h,晋中,3.0
20201111,1,O3_8h_24h,晋中,3.0
20201111,1,CO,晋中,1.42
20201111,1,CO_24h,晋中,1.15
20201111,2,AQI,晋中,73.0
20201111,2,PM2.5,晋中,51.0
20201111,2,PM2.5_24h,晋中,41.0
20201111,2,PM10,晋中,95.0
20201111,2,PM10_24h,晋中,94.0
20201111,2,SO2,晋中,24.0
20201111,2,SO2_24h,晋中,28.0
20201111,2,NO2,晋中,83.0
20201111,2,NO2_24h,晋中,73.0
20201111,2,O3,晋中,3.0
20201111,2,O3_24h,晋中,107.0
20201111,2,O3_8h,晋中,3.0
20201111,2,O3_8h_24h,晋中,3.0
20201111,2,CO,晋中,1.38
20201111,2,CO_24h,晋中,1.18
20201111,3,AQI,晋中,72.0
20201111,3,PM2.5,晋中,48.0
20201111,3,PM2.5_24h,晋中,42.0
20201111,3,PM10,晋中,93.0
20201111,3,PM10_24h,晋中,95.0
20201111,3,SO2,晋中,23.0
20201111,3,SO2_24h,晋中,28.0
20201111,3,NO2,晋中,81.0
20201111,3,NO2_24h,晋中,74.0
20201111,3,O3,晋中,3.0
20201111,3,O3_24h,晋中,107.0
20201111,3,O3_8h,晋中,3.0
20201111,3,O3_8h_24h,晋中,3.0
20201111,3,CO,晋中,1.33
20201111,3,CO_24h,晋中,1.2
20201111,4,AQI,晋中,68.0
20201111,4,PM2.5,晋中,48.0
20201111,4,PM2.5_24h,晋中,43.0
20201111,4,PM10,晋中,86.0
20201111,4,PM10_24h,晋中,96.0
20201111,4,SO2,晋中,21.0
20201111,4,SO2_24h,晋中,28.0
20201111,4,NO2,晋中,78.0
20201111,4,NO2_24h,晋中,74.0
20201111,4,O3,晋中,4.0
20201111,4,O3_24h,晋中,107.0
20201111,4,O3_8h,晋中,3.0
20201111,4,O3_8h_24h,晋中,4.0
20201111,4,CO,晋中,1.3
20201111,4,CO_24h,晋中,1.25
20201111,5,AQI,晋中,71.0
20201111,5,PM2.5,晋中,49.0
20201111,5,PM2.5_24h,晋中,44.0
20201111,5,PM10,晋中,91.0
20201111,5,PM10_24h,晋中,97.0
20201111,5,SO2,晋中,20.0
20201111,5,SO2_24h,晋中,28.0
20201111,5,NO2,晋中,77.0
20201111,5,NO2_24h,晋中,74.0
20201111,5,O3,晋中,4.0
20201111,5,O3_24h,晋中,107.0
20201111,5,O3_8h,晋中,3.0
20201111,5,O3_8h_24h,晋中,4.0
20201111,5,CO,晋中,1.27
20201111,5,CO_24h,晋中,1.27
20201111,6,AQI,晋中,74.0
20201111,6,PM2.5,晋中,54.0
20201111,6,PM2.5_24h,晋中,45.0
20201111,6,PM10,晋中,87.0
20201111,6,PM10_24h,晋中,99.0
20201111,6,SO2,晋中,20.0
20201111,6,SO2_24h,晋中,28.0
20201111,6,NO2,晋中,76.0
20201111,6,NO2_24h,晋中,75.0
20201111,6,O3,晋中,3.0
20201111,6,O3_24h,晋中,107.0
20201111,6,O3_8h,晋中,3.0
20201111,6,O3_8h_24h,晋中,4.0
20201111,6,CO,晋中,1.27
20201111,6,CO_24h,晋中,1.27
20201111,8,AQI,晋中,72.0
20201111,8,PM2.5,晋中,50.0
20201111,8,PM2.5_24h,晋中,47.0
20201111,8,PM10,晋中,93.0
20201111,8,PM10_24h,晋中,101.0
20201111,8,SO2,晋中,19.0
20201111,8,SO2_24h,晋中,28.0
20201111,8,NO2,晋中,72.0
20201111,8,NO2_24h,晋中,75.0
20201111,8,O3,晋中,5.0
20201111,8,O3_24h,晋中,107.0
20201111,8,O3_8h,晋中,3.0
20201111,8,O3_8h_24h,晋中,4.0
20201111,8,CO,晋中,1.45
20201111,8,CO_24h,晋中,1.3
20201111,10,AQI,晋中,89.0
20201111,10,PM2.5,晋中,58.0
20201111,10,PM2.5_24h,晋中,48.0
20201111,10,PM10,晋中,128.0
20201111,10,PM10_24h,晋中,102.0
20201111,10,SO2,晋中,22.0
20201111,10,SO2_24h,晋中,27.0
20201111,10,NO2,晋中,78.0
20201111,10,NO2_24h,晋中,76.0
20201111,10,O3,晋中,14.0
20201111,10,O3_24h,晋中,107.0
20201111,10,O3_8h,晋中,5.0
20201111,10,O3_8h_24h,晋中,5.0
20201111,10,CO,晋中,1.58
20201111,10,CO_24h,晋中,1.32
20201111,11,AQI,晋中,96.0
20201111,11,PM2.5,晋中,59.0
20201111,11,PM2.5_24h,晋中,49.0
20201111,11,PM10,晋中,142.0
20201111,11,PM10_24h,晋中,104.0
20201111,11,SO2,晋中,27.0
20201111,11,SO2_24h,晋中,27.0
20201111,11,NO2,晋中,77.0
20201111,11,NO2_24h,晋中,77.0
20201111,11,O3,晋中,35.0
20201111,11,O3_24h,晋中,107.0
20201111,11,O3_8h,晋中,9.0
20201111,11,O3_8h_24h,晋中,9.0
20201111,11,CO,晋中,1.5
20201111,11,CO_24h,晋中,1.38
20201111,12,AQI,晋中,97.0
20201111,12,PM2.5,晋中,70.0
20201111,12,PM2.5_24h,晋中,51.0
20201111,12,PM10,晋中,144.0
20201111,12,PM10_24h,晋中,106.0
20201111,12,SO2,晋中,50.0
20201111,12,SO2_24h,晋中,27.0
20201111,12,NO2,晋中,53.0
20201111,12,NO2_24h,晋中,76.0
20201111,12,O3,晋中,86.0
20201111,12,O3_24h,晋中,107.0
20201111,12,O3_8h,晋中,20.0
20201111,12,O3_8h_24h,晋中,20.0
20201111,12,CO,晋中,1.63
20201111,12,CO_24h,晋中,1.38
20201111,13,AQI,晋中,93.0
20201111,13,PM2.5,晋中,69.0
20201111,13,PM2.5_24h,晋中,52.0
20201111,13,PM10,晋中,131.0
20201111,13,PM10_24h,晋中,108.0
20201111,13,SO2,晋中,55.0
20201111,13,SO2_24h,晋中,28.0
20201111,13,NO2,晋中,39.0
20201111,13,NO2_24h,晋中,75.0
20201111,13,O3,晋中,117.0
20201111,13,O3_24h,晋中,117.0
20201111,13,O3_8h,晋中,34.0
20201111,13,O3_8h_24h,晋中,34.0
20201111,13,CO,晋中,1.13
20201111,13,CO_24h,晋中,1.4
20201111,14,AQI,晋中,95.0
20201111,14,PM2.5,晋中,71.0
20201111,14,PM2.5_24h,晋中,53.0
20201111,14,PM10,晋中,127.0
20201111,14,PM10_24h,晋中,110.0
20201111,14,SO2,晋中,43.0
20201111,14,SO2_24h,晋中,29.0
20201111,14,NO2,晋中,30.0
20201111,14,NO2_24h,晋中,75.0
20201111,14,O3,晋中,141.0
20201111,14,O3_24h,晋中,141.0
20201111,14,O3_8h,晋中,51.0
20201111,14,O3_8h_24h,晋中,51.0
20201111,14,CO,晋中,0.97
20201111,14,CO_24h,晋中,1.4
20201111,15,AQI,晋中,85.0
20201111,15,PM2.5,晋中,63.0
20201111,15,PM2.5_24h,晋中,54.0
20201111,15,PM10,晋中,114.0
20201111,15,PM10_24h,晋中,111.0
20201111,15,SO2,晋中,40.0
20201111,15,SO2_24h,晋中,29.0
20201111,15,NO2,晋中,36.0
20201111,15,NO2_24h,晋中,75.0
20201111,15,O3,晋中,143.0
20201111,15,O3_24h,晋中,143.0
20201111,15,O3_8h,晋中,68.0
20201111,15,O3_8h_24h,晋中,68.0
20201111,15,CO,晋中,1.1
20201111,15,CO_24h,晋中,1.4
20201111,16,AQI,晋中,90.0
20201111,16,PM2.5,晋中,67.0
20201111,16,PM2.5_24h,晋中,56.0
20201111,16,PM10,晋中,116.0
20201111,16,PM10_24h,晋中,113.0
20201111,16,SO2,晋中,40.0
20201111,16,SO2_24h,晋中,30.0
20201111,16,NO2,晋中,46.0
20201111,16,NO2_24h,晋中,75.0
20201111,16,O3,晋中,137.0
20201111,16,O3_24h,晋中,143.0
20201111,16,O3_8h,晋中,83.0
20201111,16,O3_8h_24h,晋中,83.0
20201111,16,CO,晋中,1.2
20201111,16,CO_24h,晋中,1.4
20201111,17,AQI,晋中,96.0
20201111,17,PM2.5,晋中,72.0
20201111,17,PM2.5_24h,晋中,57.0
20201111,17,PM10,晋中,131.0
20201111,17,PM10_24h,晋中,115.0
20201111,17,SO2,晋中,40.0
20201111,17,SO2_24h,晋中,30.0
20201111,17,NO2,晋中,54.0
20201111,17,NO2_24h,晋中,75.0
20201111,17,O3,晋中,125.0
20201111,17,O3_24h,晋中,143.0
20201111,17,O3_8h,晋中,98.0
20201111,17,O3_8h_24h,晋中,98.0
20201111,17,CO,晋中,2.05
20201111,17,CO_24h,晋中,1.45
20201111,18,AQI,晋中,104.0
20201111,18,PM2.5,晋中,78.0
20201111,18,PM2.5_24h,晋中,59.0
20201111,18,PM10,晋中,150.0
20201111,18,PM10_24h,晋中,118.0
20201111,18,SO2,晋中,37.0
20201111,18,SO2_24h,晋中,30.0
20201111,18,NO2,晋中,88.0
20201111,18,NO2_24h,晋中,76.0
20201111,18,O3,晋中,84.0
20201111,18,O3_24h,晋中,143.0
20201111,18,O3_8h,晋中,107.0
20201111,18,O3_8h_24h,晋中,107.0
20201111,18,CO,晋中,1.6
20201111,18,CO_24h,晋中,1.42
20201111,19,AQI,晋中,118.0
20201111,19,PM2.5,晋中,89.0
20201111,19,PM2.5_24h,晋中,60.0
20201111,19,PM10,晋中,169.0
20201111,19,PM10_24h,晋中,119.0
20201111,19,SO2,晋中,34.0
20201111,19,SO2_24h,晋中,31.0
20201111,19,NO2,晋中,104.0
20201111,19,NO2_24h,晋中,75.0
20201111,19,O3,晋中,55.0
20201111,19,O3_24h,晋中,143.0
20201111,19,O3_8h,晋中,110.0
20201111,19,O3_8h_24h,晋中,110.0
20201111,19,CO,晋中,1.55
20201111,19,CO_24h,晋中,1.42
20201111,20,AQI,晋中,131.0
20201111,20,PM2.5,晋中,100.0
20201111,20,PM2.5_24h,晋中,61.0
20201111,20,PM10,晋中,187.0
20201111,20,PM10_24h,晋中,120.0
20201111,20,SO2,晋中,33.0
20201111,20,SO2_24h,晋中,31.0
20201111,20,NO2,晋中,143.0
20201111,20,NO2_24h,晋中,76.0
20201111,20,O3,晋中,8.0
20201111,20,O3_24h,晋中,143.0
20201111,20,O3_8h,晋中,100.0
20201111,20,O3_8h_24h,晋中,110.0
20201111,20,CO,晋中,1.93
20201111,20,CO_24h,晋中,1.42
20201111,21,AQI,晋中,138.0
20201111,21,PM2.5,晋中,105.0
20201111,21,PM2.5_24h,晋中,63.0
20201111,21,PM10,晋中,223.0
20201111,21,PM10_24h,晋中,122.0
20201111,21,SO2,晋中,37.0
20201111,21,SO2_24h,晋中,31.0
20201111,21,NO2,晋中,131.0
20201111,21,NO2_24h,晋中,78.0
20201111,21,O3,晋中,4.0
20201111,21,O3_24h,晋中,143.0
20201111,21,O3_8h,晋中,85.0
20201111,21,O3_8h_24h,晋中,110.0
20201111,21,CO,晋中,1.63
20201111,21,CO_24h,晋中,1.45
20201111,22,AQI,晋中,139.0
20201111,22,PM2.5,晋中,106.0
20201111,22,PM2.5_24h,晋中,65.0
20201111,22,PM10,晋中,203.0
20201111,22,PM10_24h,晋中,125.0
20201111,22,SO2,晋中,33.0
20201111,22,SO2_24h,晋中,31.0
20201111,22,NO2,晋中,109.0
20201111,22,NO2_24h,晋中,78.0
20201111,22,O3,晋中,11.0
20201111,22,O3_24h,晋中,143.0
20201111,22,O3_8h,晋中,68.0
20201111,22,O3_8h_24h,晋中,110.0
20201111,22,CO,晋中,1.38
20201111,22,CO_24h,晋中,1.45
20201111,23,AQI,晋中,118.0
20201111,23,PM2.5,晋中,89.0
20201111,23,PM2.5_24h,晋中,67.0
20201111,23,PM10,晋中,177.0
20201111,23,PM10_24h,晋中,129.0
20201111,23,SO2,晋中,28.0
20201111,23,SO2_24h,晋中,31.0
20201111,23,NO2,晋中,104.0
20201111,23,NO2_24h,晋中,79.0
20201111,23,O3,晋中,9.0
20201111,23,O3_24h,晋中,143.0
20201111,23,O3_8h,晋中,51.0
20201111,23,O3_8h_24h,晋中,110.0
20201111,23,CO,晋中,1.43
20201111,23,CO_24h,晋中,1.45
20201111,0,AQI,运城,99.0
20201111,0,PM2.5,运城,74.0
20201111,0,PM2.5_24h,运城,71.0
20201111,0,PM10,运城,134.0
20201111,0,PM10_24h,运城,132.0
20201111,0,SO2,运城,12.0
20201111,0,SO2_24h,运城,21.0
20201111,0,NO2,运城,25.0
20201111,0,NO2_24h,运城,36.0
20201111,0,O3,运城,111.0
20201111,0,O3_24h,运城,144.0
20201111,0,O3_8h,运城,122.0
20201111,0,O3_8h_24h,运城,132.0
20201111,0,CO,运城,0.67
20201111,0,CO_24h,运城,1.0
20201111,1,AQI,运城,94.0
20201111,1,PM2.5,运城,70.0
20201111,1,PM2.5_24h,运城,72.0
20201111,1,PM10,运城,128.0
20201111,1,PM10_24h,运城,133.0
20201111,1,SO2,运城,12.0
20201111,1,SO2_24h,运城,20.0
20201111,1,NO2,运城,23.0
20201111,1,NO2_24h,运城,36.0
20201111,1,O3,运城,110.0
20201111,1,O3_24h,运城,144.0
20201111,1,O3_8h,运城,110.0
20201111,1,O3_8h_24h,运城,110.0
20201111,1,CO,运城,0.67
20201111,1,CO_24h,运城,1.0
20201111,2,AQI,运城,93.0
20201111,2,PM2.5,运城,69.0
20201111,2,PM2.5_24h,运城,72.0
20201111,2,PM10,运城,123.0
20201111,2,PM10_24h,运城,134.0
20201111,2,SO2,运城,12.0
20201111,2,SO2_24h,运城,20.0
20201111,2,NO2,运城,21.0
20201111,2,NO2_24h,运城,35.0
20201111,2,O3,运城,108.0
20201111,2,O3_24h,运城,144.0
20201111,2,O3_8h,运城,109.0
20201111,2,O3_8h_24h,运城,110.0
20201111,2,CO,运城,0.67
20201111,2,CO_24h,运城,1.0
20201111,3,AQI,运城,89.0
20201111,3,PM2.5,运城,66.0
20201111,3,PM2.5_24h,运城,73.0
20201111,3,PM10,运城,117.0
20201111,3,PM10_24h,运城,134.0
20201111,3,SO2,运城,11.0
20201111,3,SO2_24h,运城,19.0
20201111,3,NO2,运城,23.0
20201111,3,NO2_24h,运城,35.0
20201111,3,O3,运城,104.0
20201111,3,O3_24h,运城,144.0
20201111,3,O3_8h,运城,107.0
20201111,3,O3_8h_24h,运城,110.0
20201111,3,CO,运城,0.63
20201111,3,CO_24h,运城,0.97
20201111,4,AQI,运城,83.0
20201111,4,PM2.5,运城,61.0
20201111,4,PM2.5_24h,运城,73.0
20201111,4,PM10,运城,112.0
20201111,4,PM10_24h,运城,134.0
20201111,4,SO2,运城,12.0
20201111,4,SO2_24h,运城,19.0
20201111,4,NO2,运城,29.0
20201111,4,NO2_24h,运城,35.0
20201111,4,O3,运城,94.0
20201111,4,O3_24h,运城,144.0
20201111,4,O3_8h,运城,104.0
20201111,4,O3_8h_24h,运城,110.0
20201111,4,CO,运城,0.67
20201111,4,CO_24h,运城,0.97
20201111,5,AQI,运城,88.0
20201111,5,PM2.5,运城,65.0
20201111,5,PM2.5_24h,运城,73.0
20201111,5,PM10,运城,113.0
20201111,5,PM10_24h,运城,134.0
20201111,5,SO2,运城,24.0
20201111,5,SO2_24h,运城,19.0
20201111,5,NO2,运城,35.0
20201111,5,NO2_24h,运城,34.0
20201111,5,O3,运城,79.0
20201111,5,O3_24h,运城,144.0
20201111,5,O3_8h,运城,99.0
20201111,5,O3_8h_24h,运城,110.0
20201111,5,CO,运城,0.67
20201111,5,CO_24h,运城,0.97
20201111,6,AQI,运城,93.0
20201111,6,PM2.5,运城,69.0
20201111,6,PM2.5_24h,运城,73.0
20201111,6,PM10,运城,119.0
20201111,6,PM10_24h,运城,133.0
20201111,6,SO2,运城,50.0
20201111,6,SO2_24h,运城,20.0
20201111,6,NO2,运城,41.0
20201111,6,NO2_24h,运城,34.0
20201111,6,O3,运城,67.0
20201111,6,O3_24h,运城,144.0
20201111,6,O3_8h,运城,94.0
20201111,6,O3_8h_24h,运城,110.0
20201111,6,CO,运城,0.8
20201111,6,CO_24h,运城,0.93
20201111,8,AQI,运城,96.0
20201111,8,PM2.5,运城,72.0
20201111,8,PM2.5_24h,运城,73.0
20201111,8,PM10,运城,133.0
20201111,8,PM10_24h,运城,134.0
20201111,8,SO2,运城,18.0
20201111,8,SO2_24h,运城,19.0
20201111,8,NO2,运城,56.0
20201111,8,NO2_24h,运城,33.0
20201111,8,O3,运城,50.0
20201111,8,O3_24h,运城,144.0
20201111,8,O3_8h,运城,84.0
20201111,8,O3_8h_24h,运城,110.0
20201111,8,CO,运城,1.2
20201111,8,CO_24h,运城,0.9
20201111,10,AQI,运城,103.0
20201111,10,PM2.5,运城,77.0
20201111,10,PM2.5_24h,运城,72.0
20201111,10,PM10,运城,143.0
20201111,10,PM10_24h,运城,133.0
20201111,10,SO2,运城,15.0
20201111,10,SO2_24h,运城,17.0
20201111,10,NO2,运城,42.0
20201111,10,NO2_24h,运城,32.0
20201111,10,O3,运城,79.0
20201111,10,O3_24h,运城,144.0
20201111,10,O3_8h,运城,73.0
20201111,10,O3_8h_24h,运城,110.0
20201111,10,CO,运城,1.17
20201111,10,CO_24h,运城,0.83
20201111,11,AQI,运城,95.0
20201111,11,PM2.5,运城,71.0
20201111,11,PM2.5_24h,运城,72.0
20201111,11,PM10,运城,138.0
20201111,11,PM10_24h,运城,132.0
20201111,11,SO2,运城,13.0
20201111,11,SO2_24h,运城,17.0
20201111,11,NO2,运城,27.0
20201111,11,NO2_24h,运城,32.0
20201111,11,O3,运城,109.0
20201111,11,O3_24h,运城,144.0
20201111,11,O3_8h,运城,74.0
20201111,11,O3_8h_24h,运城,110.0
20201111,11,CO,运城,0.83
20201111,11,CO_24h,运城,0.83
20201111,12,AQI,运城,92.0
20201111,12,PM2.5,运城,62.0
20201111,12,PM2.5_24h,运城,71.0
20201111,12,PM10,运城,133.0
20201111,12,PM10_24h,运城,131.0
20201111,12,SO2,运城,13.0
20201111,12,SO2_24h,运城,17.0
20201111,12,NO2,运城,19.0
20201111,12,NO2_24h,运城,31.0
20201111,12,O3,运城,134.0
20201111,12,O3_24h,运城,144.0
20201111,12,O3_8h,运城,79.0
20201111,12,O3_8h_24h,运城,110.0
20201111,12,CO,运城,0.63
20201111,12,CO_24h,运城,0.83
20201111,13,AQI,运城,86.0
20201111,13,PM2.5,运城,56.0
20201111,13,PM2.5_24h,运城,71.0
20201111,13,PM10,运城,122.0
20201111,13,PM10_24h,运城,131.0
20201111,13,SO2,运城,11.0
20201111,13,SO2_24h,运城,17.0
20201111,13,NO2,运城,17.0
20201111,13,NO2_24h,运城,31.0
20201111,13,O3,运城,144.0
20201111,13,O3_24h,运城,146.0
20201111,13,O3_8h,运城,87.0
20201111,13,O3_8h_24h,运城,110.0
20201111,13,CO,运城,0.63
20201111,13,CO_24h,运城,0.83
20201111,14,AQI,运城,77.0
20201111,14,PM2.5,运城,54.0
20201111,14,PM2.5_24h,运城,70.0
20201111,14,PM10,运城,104.0
20201111,14,PM10_24h,运城,129.0
20201111,14,SO2,运城,11.0
20201111,14,SO2_24h,运城,16.0
20201111,14,NO2,运城,17.0
20201111,14,NO2_24h,运城,31.0
20201111,14,O3,运城,152.0
20201111,14,O3_24h,运城,153.0
20201111,14,O3_8h,运城,98.0
20201111,14,O3_8h_24h,运城,110.0
20201111,14,CO,运城,0.63
20201111,14,CO_24h,运城,0.8
20201111,15,AQI,运城,75.0
20201111,15,PM2.5,运城,51.0
20201111,15,PM2.5_24h,运城,69.0
20201111,15,PM10,运城,100.0
20201111,15,PM10_24h,运城,128.0
20201111,15,SO2,运城,11.0
20201111,15,SO2_24h,运城,16.0
20201111,15,NO2,运城,17.0
20201111,15,NO2_24h,运城,30.0
20201111,15,O3,运城,154.0
20201111,15,O3_24h,运城,154.0
20201111,15,O3_8h,运城,110.0
20201111,15,O3_8h_24h,运城,112.0
20201111,15,CO,运城,0.63
20201111,15,CO_24h,运城,0.77
20201111,16,AQI,运城,73.0
20201111,16,PM2.5,运城,46.0
20201111,16,PM2.5_24h,运城,68.0
20201111,16,PM10,运城,96.0
20201111,16,PM10_24h,运城,126.0
20201111,16,SO2,运城,12.0
20201111,16,SO2_24h,运城,16.0
20201111,16,NO2,运城,20.0
20201111,16,NO2_24h,运城,30.0
20201111,16,O3,运城,147.0
20201111,16,O3_24h,运城,154.0
20201111,16,O3_8h,运城,122.0
20201111,16,O3_8h_24h,运城,122.0
20201111,16,CO,运城,0.63
20201111,16,CO_24h,运城,0.77
20201111,17,AQI,运城,71.0
20201111,17,PM2.5,运城,49.0
20201111,17,PM2.5_24h,运城,67.0
20201111,17,PM10,运城,92.0
20201111,17,PM10_24h,运城,125.0
20201111,17,SO2,运城,11.0
20201111,17,SO2_24h,运城,15.0
20201111,17,NO2,运城,23.0
20201111,17,NO2_24h,运城,30.0
20201111,17,O3,运城,137.0
20201111,17,O3_24h,运城,154.0
20201111,17,O3_8h,运城,132.0
20201111,17,O3_8h_24h,运城,132.0
20201111,17,CO,运城,0.67
20201111,17,CO_24h,运城,0.77
20201111,18,AQI,运城,74.0
20201111,18,PM2.5,运城,48.0
20201111,18,PM2.5_24h,运城,66.0
20201111,18,PM10,运城,97.0
20201111,18,PM10_24h,运城,123.0
20201111,18,SO2,运城,12.0
20201111,18,SO2_24h,运城,15.0
20201111,18,NO2,运城,29.0
20201111,18,NO2_24h,运城,29.0
20201111,18,O3,运城,123.0
20201111,18,O3_24h,运城,154.0
20201111,18,O3_8h,运城,138.0
20201111,18,O3_8h_24h,运城,138.0
20201111,18,CO,运城,0.73
20201111,18,CO_24h,运城,0.77
20201111,19,AQI,运城,77.0
20201111,19,PM2.5,运城,54.0
20201111,19,PM2.5_24h,运城,65.0
20201111,19,PM10,运城,103.0
20201111,19,PM10_24h,运城,122.0
20201111,19,SO2,运城,11.0
20201111,19,SO2_24h,运城,15.0
20201111,19,NO2,运城,27.0
20201111,19,NO2_24h,运城,29.0
20201111,19,O3,运城,120.0
20201111,19,O3_24h,运城,154.0
20201111,19,O3_8h,运城,139.0
20201111,19,O3_8h_24h,运城,139.0
20201111,19,CO,运城,0.8
20201111,19,CO_24h,运城,0.77
20201111,20,AQI,运城,82.0
20201111,20,PM2.5,运城,59.0
20201111,20,PM2.5_24h,运城,64.0
20201111,20,PM10,运城,113.0
20201111,20,PM10_24h,运城,121.0
20201111,20,SO2,运城,12.0
20201111,20,SO2_24h,运城,15.0
20201111,20,NO2,运城,28.0
20201111,20,NO2_24h,运城,29.0
20201111,20,O3,运城,117.0
20201111,20,O3_24h,运城,154.0
20201111,20,O3_8h,运城,136.0
20201111,20,O3_8h_24h,运城,139.0
20201111,20,CO,运城,0.8
20201111,20,CO_24h,运城,0.77
20201111,21,AQI,运城,83.0
20201111,21,PM2.5,运城,61.0
20201111,21,PM2.5_24h,运城,64.0
20201111,21,PM10,运城,116.0
20201111,21,PM10_24h,运城,120.0
20201111,21,SO2,运城,13.0
20201111,21,SO2_24h,运城,15.0
20201111,21,NO2,运城,28.0
20201111,21,NO2_24h,运城,29.0
20201111,21,O3,运城,118.0
20201111,21,O3_24h,运城,154.0
20201111,21,O3_8h,运城,134.0
20201111,21,O3_8h_24h,运城,139.0
20201111,21,CO,运城,0.77
20201111,21,CO_24h,运城,0.77
20201111,22,AQI,运城,86.0
20201111,22,PM2.5,运城,64.0
20201111,22,PM2.5_24h,运城,63.0
20201111,22,PM10,运城,113.0
20201111,22,PM10_24h,运城,118.0
20201111,22,SO2,运城,12.0
20201111,22,SO2_24h,运城,15.0
20201111,22,NO2,运城,24.0
20201111,22,NO2_24h,运城,29.0
20201111,22,O3,运城,121.0
20201111,22,O3_24h,运城,154.0
20201111,22,O3_8h,运城,130.0
20201111,22,O3_8h_24h,运城,139.0
20201111,22,CO,运城,0.8
20201111,22,CO_24h,运城,0.77
20201111,23,AQI,运城,95.0
20201111,23,PM2.5,运城,71.0
20201111,23,PM2.5_24h,运城,63.0
20201111,23,PM10,运城,113.0
20201111,23,PM10_24h,运城,117.0
20201111,23,SO2,运城,12.0
20201111,23,SO2_24h,运城,15.0
20201111,23,NO2,运城,29.0
20201111,23,NO2_24h,运城,29.0
20201111,23,O3,运城,113.0
20201111,23,O3_24h,运城,154.0
20201111,23,O3_8h,运城,125.0
20201111,23,O3_8h_24h,运城,139.0
20201111,23,CO,运城,0.77
20201111,23,CO_24h,运城,0.8
20201111,0,AQI,忻州,78.0
20201111,0,PM2.5,忻州,54.0
20201111,0,PM2.5_24h,忻州,44.0
20201111,0,PM10,忻州,106.0
20201111,0,PM10_24h,忻州,96.0
20201111,0,SO2,忻州,17.0
20201111,0,SO2_24h,忻州,29.0
20201111,0,NO2,忻州,64.0
20201111,0,NO2_24h,忻州,61.0
20201111,0,O3,忻州,4.0
20201111,0,O3_24h,忻州,46.0
20201111,0,O3_8h,忻州,9.0
20201111,0,O3_8h_24h,忻州,28.0
20201111,0,CO,忻州,0.9
20201111,0,CO_24h,忻州,0.8
20201111,1,AQI,忻州,80.0
20201111,1,PM2.5,忻州,54.0
20201111,1,PM2.5_24h,忻州,44.0
20201111,1,PM10,忻州,109.0
20201111,1,PM10_24h,忻州,97.0
20201111,1,SO2,忻州,19.0
20201111,1,SO2_24h,忻州,29.0
20201111,1,NO2,忻州,61.0
20201111,1,NO2_24h,忻州,61.0
20201111,1,O3,忻州,3.0
20201111,1,O3_24h,忻州,46.0
20201111,1,O3_8h,忻州,3.0
20201111,1,O3_8h_24h,忻州,3.0
20201111,1,CO,忻州,0.85
20201111,1,CO_24h,忻州,0.8
20201111,2,AQI,忻州,84.0
20201111,2,PM2.5,忻州,62.0
20201111,2,PM2.5_24h,忻州,46.0
20201111,2,PM10,忻州,115.0
20201111,2,PM10_24h,忻州,98.0
20201111,2,SO2,忻州,17.0
20201111,2,SO2_24h,忻州,30.0
20201111,2,NO2,忻州,57.0
20201111,2,NO2_24h,忻州,61.0
20201111,2,O3,忻州,3.0
20201111,2,O3_24h,忻州,46.0
20201111,2,O3_8h,忻州,3.0
20201111,2,O3_8h_24h,忻州,3.0
20201111,2,CO,忻州,0.85
20201111,2,CO_24h,忻州,0.8
20201111,3,AQI,忻州,82.0
20201111,3,PM2.5,忻州,51.0
20201111,3,PM2.5_24h,忻州,46.0
20201111,3,PM10,忻州,114.0
20201111,3,PM10_24h,忻州,99.0
20201111,3,SO2,忻州,15.0
20201111,3,SO2_24h,忻州,30.0
20201111,3,NO2,忻州,56.0
20201111,3,NO2_24h,忻州,61.0
20201111,3,O3,忻州,3.0
20201111,3,O3_24h,忻州,46.0
20201111,3,O3_8h,忻州,3.0
20201111,3,O3_8h_24h,忻州,3.0
20201111,3,CO,忻州,0.85
20201111,3,CO_24h,忻州,0.85
20201111,4,AQI,忻州,79.0
20201111,4,PM2.5,忻州,49.0
20201111,4,PM2.5_24h,忻州,47.0
20201111,4,PM10,忻州,108.0
20201111,4,PM10_24h,忻州,101.0
20201111,4,SO2,忻州,15.0
20201111,4,SO2_24h,忻州,29.0
20201111,4,NO2,忻州,53.0
20201111,4,NO2_24h,忻州,61.0
20201111,4,O3,忻州,3.0
20201111,4,O3_24h,忻州,46.0
20201111,4,O3_8h,忻州,3.0
20201111,4,O3_8h_24h,忻州,3.0
20201111,4,CO,忻州,0.85
20201111,4,CO_24h,忻州,0.85
20201111,5,AQI,忻州,92.0
20201111,5,PM2.5,忻州,47.0
20201111,5,PM2.5_24h,忻州,47.0
20201111,5,PM10,忻州,133.0
20201111,5,PM10_24h,忻州,103.0
20201111,5,SO2,忻州,13.0
20201111,5,SO2_24h,忻州,29.0
20201111,5,NO2,忻州,51.0
20201111,5,NO2_24h,忻州,61.0
20201111,5,O3,忻州,3.0
20201111,5,O3_24h,忻州,46.0
20201111,5,O3_8h,忻州,3.0
20201111,5,O3_8h_24h,忻州,3.0
20201111,5,CO,忻州,0.9
20201111,5,CO_24h,忻州,0.85
20201111,6,AQI,忻州,81.0
20201111,6,PM2.5,忻州,54.0
20201111,6,PM2.5_24h,忻州,48.0
20201111,6,PM10,忻州,112.0
20201111,6,PM10_24h,忻州,104.0
20201111,6,SO2,忻州,15.0
20201111,6,SO2_24h,忻州,28.0
20201111,6,NO2,忻州,50.0
20201111,6,NO2_24h,忻州,61.0
20201111,6,O3,忻州,3.0
20201111,6,O3_24h,忻州,46.0
20201111,6,O3_8h,忻州,3.0
20201111,6,O3_8h_24h,忻州,3.0
20201111,6,CO,忻州,0.9
20201111,6,CO_24h,忻州,0.85
20201111,7,AQI,忻州,83.0
20201111,7,PM2.5,忻州,44.0
20201111,7,PM2.5_24h,忻州,41.0
20201111,7,PM10,忻州,115.0
20201111,7,PM10_24h,忻州,112.0
20201111,7,SO2,忻州,28.0
20201111,7,SO2_24h,忻州,31.0
20201111,7,NO2,忻州,63.0
20201111,7,NO2_24h,忻州,66.0
20201111,7,O3,忻州,1.0
20201111,7,O3_24h,忻州,44.0
20201111,7,O3_8h,忻州,1.0
20201111,7,O3_8h_24h,忻州,1.0
20201111,7,CO,忻州,1.0
20201111,7,CO_24h,忻州,0.9
20201111,8,AQI,忻州,82.0
20201111,8,PM2.5,忻州,54.0
20201111,8,PM2.5_24h,忻州,49.0
20201111,8,PM10,忻州,114.0
20201111,8,PM10_24h,忻州,107.0
20201111,8,SO2,忻州,23.0
20201111,8,SO2_24h,忻州,28.0
20201111,8,NO2,忻州,54.0
20201111,8,NO2_24h,忻州,61.0
20201111,8,O3,忻州,6.0
20201111,8,O3_24h,忻州,46.0
20201111,8,O3_8h,忻州,4.0
20201111,8,O3_8h_24h,忻州,4.0
20201111,8,CO,忻州,1.25
20201111,8,CO_24h,忻州,0.85
20201111,10,AQI,忻州,90.0
20201111,10,PM2.5,忻州,60.0
20201111,10,PM2.5_24h,忻州,52.0
20201111,10,PM10,忻州,129.0
20201111,10,PM10_24h,忻州,110.0
20201111,10,SO2,忻州,41.0
20201111,10,SO2_24h,忻州,28.0
20201111,10,NO2,忻州,66.0
20201111,10,NO2_24h,忻州,62.0
20201111,10,O3,忻州,9.0
20201111,10,O3_24h,忻州,46.0
20201111,10,O3_8h,忻州,5.0
20201111,10,O3_8h_24h,忻州,5.0
20201111,10,CO,忻州,1.3
20201111,10,CO_24h,忻州,0.9
20201111,11,AQI,忻州,95.0
20201111,11,PM2.5,忻州,68.0
20201111,11,PM2.5_24h,忻州,53.0
20201111,11,PM10,忻州,140.0
20201111,11,PM10_24h,忻州,111.0
20201111,11,SO2,忻州,64.0
20201111,11,SO2_24h,忻州,28.0
20201111,11,NO2,忻州,71.0
20201111,11,NO2_24h,忻州,62.0
20201111,11,O3,忻州,13.0
20201111,11,O3_24h,忻州,46.0
20201111,11,O3_8h,忻州,6.0
20201111,11,O3_8h_24h,忻州,6.0
20201111,11,CO,忻州,1.25
20201111,11,CO_24h,忻州,0.9
20201111,12,AQI,忻州,100.0
20201111,12,PM2.5,忻州,75.0
20201111,12,PM2.5_24h,忻州,53.0
20201111,12,PM10,忻州,123.0
20201111,12,PM10_24h,忻州,109.0
20201111,12,SO2,忻州,85.0
20201111,12,SO2_24h,忻州,48.0
20201111,12,NO2,忻州,69.0
20201111,12,NO2_24h,忻州,63.0
20201111,12,O3,忻州,20.0
20201111,12,O3_24h,忻州,46.0
20201111,12,O3_8h,忻州,8.0
20201111,12,O3_8h_24h,忻州,8.0
20201111,12,CO,忻州,1.07
20201111,12,CO_24h,忻州,0.87
20201111,13,AQI,忻州,98.0
20201111,13,PM2.5,忻州,73.0
20201111,13,PM2.5_24h,忻州,54.0
20201111,13,PM10,忻州,126.0
20201111,13,PM10_24h,忻州,110.0
20201111,13,SO2,忻州,79.0
20201111,13,SO2_24h,忻州,48.0
20201111,13,NO2,忻州,69.0
20201111,13,NO2_24h,忻州,63.0
20201111,13,O3,忻州,29.0
20201111,13,O3_24h,忻州,46.0
20201111,13,O3_8h,忻州,11.0
20201111,13,O3_8h_24h,忻州,11.0
20201111,13,CO,忻州,1.07
20201111,13,CO_24h,忻州,0.9
20201111,14,AQI,忻州,109.0
20201111,14,PM2.5,忻州,82.0
20201111,14,PM2.5_24h,忻州,68.0
20201111,14,PM10,忻州,124.0
20201111,14,PM10_24h,忻州,110.0
20201111,14,SO2,忻州,63.0
20201111,14,SO2_24h,忻州,46.0
20201111,14,NO2,忻州,68.0
20201111,14,NO2_24h,忻州,64.0
20201111,14,O3,忻州,42.0
20201111,14,O3_24h,忻州,46.0
20201111,14,O3_8h,忻州,16.0
20201111,14,O3_8h_24h,忻州,16.0
20201111,14,CO,忻州,1.07
20201111,14,CO_24h,忻州,0.9
20201111,15,AQI,忻州,104.0
20201111,15,PM2.5,忻州,78.0
20201111,15,PM2.5_24h,忻州,69.0
20201111,15,PM10,忻州,113.0
20201111,15,PM10_24h,忻州,110.0
20201111,15,SO2,忻州,52.0
20201111,15,SO2_24h,忻州,45.0
20201111,15,NO2,忻州,71.0
20201111,15,NO2_24h,忻州,66.0
20201111,15,O3,忻州,48.0
20201111,15,O3_24h,忻州,48.0
20201111,15,O3_8h,忻州,22.0
20201111,15,O3_8h_24h,忻州,22.0
20201111,15,CO,忻州,1.03
20201111,15,CO_24h,忻州,0.93
20201111,16,AQI,忻州,103.0
20201111,16,PM2.5,忻州,77.0
20201111,16,PM2.5_24h,忻州,70.0
20201111,16,PM10,忻州,119.0
20201111,16,PM10_24h,忻州,117.0
20201111,16,SO2,忻州,44.0
20201111,16,SO2_24h,忻州,45.0
20201111,16,NO2,忻州,76.0
20201111,16,NO2_24h,忻州,67.0
20201111,16,O3,忻州,46.0
20201111,16,O3_24h,忻州,47.0
20201111,16,O3_8h,忻州,33.0
20201111,16,O3_8h_24h,忻州,33.0
20201111,16,CO,忻州,1.0
20201111,16,CO_24h,忻州,0.93
20201111,17,AQI,忻州,118.0
20201111,17,PM2.5,忻州,89.0
20201111,17,PM2.5_24h,忻州,73.0
20201111,17,PM10,忻州,123.0
20201111,17,PM10_24h,忻州,120.0
20201111,17,SO2,忻州,40.0
20201111,17,SO2_24h,忻州,45.0
20201111,17,NO2,忻州,81.0
20201111,17,NO2_24h,忻州,68.0
20201111,17,O3,忻州,42.0
20201111,17,O3_24h,忻州,47.0
20201111,17,O3_8h,忻州,35.0
20201111,17,O3_8h_24h,忻州,36.0
20201111,17,CO,忻州,0.97
20201111,17,CO_24h,忻州,0.93
20201111,18,AQI,忻州,106.0
20201111,18,PM2.5,忻州,80.0
20201111,18,PM2.5_24h,忻州,74.0
20201111,18,PM10,忻州,128.0
20201111,18,PM10_24h,忻州,121.0
20201111,18,SO2,忻州,36.0
20201111,18,SO2_24h,忻州,43.0
20201111,18,NO2,忻州,104.0
20201111,18,NO2_24h,忻州,69.0
20201111,18,O3,忻州,19.0
20201111,18,O3_24h,忻州,47.0
20201111,18,O3_8h,忻州,33.0
20201111,18,O3_8h_24h,忻州,37.0
20201111,18,CO,忻州,1.13
20201111,18,CO_24h,忻州,0.97
20201111,19,AQI,忻州,116.0
20201111,19,PM2.5,忻州,88.0
20201111,19,PM2.5_24h,忻州,75.0
20201111,19,PM10,忻州,143.0
20201111,19,PM10_24h,忻州,122.0
20201111,19,SO2,忻州,34.0
20201111,19,SO2_24h,忻州,42.0
20201111,19,NO2,忻州,112.0
20201111,19,NO2_24h,忻州,71.0
20201111,19,O3,忻州,5.0
20201111,19,O3_24h,忻州,47.0
20201111,19,O3_8h,忻州,30.0
20201111,19,O3_8h_24h,忻州,37.0
20201111,19,CO,忻州,1.4
20201111,19,CO_24h,忻州,0.97
20201111,20,AQI,忻州,136.0
20201111,20,PM2.5,忻州,104.0
20201111,20,PM2.5_24h,忻州,77.0
20201111,20,PM10,忻州,198.0
20201111,20,PM10_24h,忻州,129.0
20201111,20,SO2,忻州,39.0
20201111,20,SO2_24h,忻州,42.0
20201111,20,NO2,忻州,107.0
20201111,20,NO2_24h,忻州,73.0
20201111,20,O3,忻州,4.0
20201111,20,O3_24h,忻州,47.0
20201111,20,O3_8h,忻州,27.0
20201111,20,O3_8h_24h,忻州,37.0
20201111,20,CO,忻州,1.5
20201111,20,CO_24h,忻州,1.03
20201111,21,AQI,忻州,166.0
20201111,21,PM2.5,忻州,126.0
20201111,21,PM2.5_24h,忻州,81.0
20201111,21,PM10,忻州,196.0
20201111,21,PM10_24h,忻州,135.0
20201111,21,SO2,忻州,32.0
20201111,21,SO2_24h,忻州,41.0
20201111,21,NO2,忻州,96.0
20201111,21,NO2_24h,忻州,74.0
20201111,21,O3,忻州,4.0
20201111,21,O3_24h,忻州,47.0
20201111,21,O3_8h,忻州,24.0
20201111,21,O3_8h_24h,忻州,37.0
20201111,21,CO,忻州,1.5
20201111,21,CO_24h,忻州,1.03
20201111,22,AQI,忻州,148.0
20201111,22,PM2.5,忻州,113.0
20201111,22,PM2.5_24h,忻州,83.0
20201111,22,PM10,忻州,187.0
20201111,22,PM10_24h,忻州,138.0
20201111,22,SO2,忻州,30.0
20201111,22,SO2_24h,忻州,41.0
20201111,22,NO2,忻州,89.0
20201111,22,NO2_24h,忻州,75.0
20201111,22,O3,忻州,4.0
20201111,22,O3_24h,忻州,47.0
20201111,22,O3_8h,忻州,20.0
20201111,22,O3_8h_24h,忻州,37.0
20201111,22,CO,忻州,1.4
20201111,22,CO_24h,忻州,1.1
20201111,23,AQI,忻州,129.0
20201111,23,PM2.5,忻州,98.0
20201111,23,PM2.5_24h,忻州,84.0
20201111,23,PM10,忻州,174.0
20201111,23,PM10_24h,忻州,147.0
20201111,23,SO2,忻州,32.0
20201111,23,SO2_24h,忻州,43.0
20201111,23,NO2,忻州,92.0
20201111,23,NO2_24h,忻州,80.0
20201111,23,O3,忻州,3.0
20201111,23,O3_24h,忻州,46.0
20201111,23,O3_8h,忻州,16.0
20201111,23,O3_8h_24h,忻州,39.0
20201111,23,CO,忻州,1.45
20201111,23,CO_24h,忻州,1.1
20201111,0,AQI,吕梁,135.0
20201111,0,PM2.5,吕梁,59.0
20201111,0,PM2.5_24h,吕梁,40.0
20201111,0,PM10,吕梁,220.0
20201111,0,PM10_24h,吕梁,139.0
20201111,0,SO2,吕梁,37.0
20201111,0,SO2_24h,吕梁,27.0
20201111,0,NO2,吕梁,80.0
20201111,0,NO2_24h,吕梁,64.0
20201111,0,O3,吕梁,4.0
20201111,0,O3_24h,吕梁,84.0
20201111,0,O3_8h,吕梁,17.0
20201111,0,O3_8h_24h,吕梁,57.0
20201111,0,CO,吕梁,1.03
20201111,0,CO_24h,吕梁,0.87
20201111,1,AQI,吕梁,129.0
20201111,1,PM2.5,吕梁,64.0
20201111,1,PM2.5_24h,吕梁,41.0
20201111,1,PM10,吕梁,207.0
20201111,1,PM10_24h,吕梁,141.0
20201111,1,SO2,吕梁,34.0
20201111,1,SO2_24h,吕梁,28.0
20201111,1,NO2,吕梁,76.0
20201111,1,NO2_24h,吕梁,64.0
20201111,1,O3,吕梁,3.0
20201111,1,O3_24h,吕梁,84.0
20201111,1,O3_8h,吕梁,3.0
20201111,1,O3_8h_24h,吕梁,3.0
20201111,1,CO,吕梁,1.0
20201111,1,CO_24h,吕梁,0.87
20201111,2,AQI,吕梁,126.0
20201111,2,PM2.5,吕梁,65.0
20201111,2,PM2.5_24h,吕梁,42.0
20201111,2,PM10,吕梁,201.0
20201111,2,PM10_24h,吕梁,143.0
20201111,2,SO2,吕梁,31.0
20201111,2,SO2_24h,吕梁,29.0
20201111,2,NO2,吕梁,73.0
20201111,2,NO2_24h,吕梁,65.0
20201111,2,O3,吕梁,3.0
20201111,2,O3_24h,吕梁,84.0
20201111,2,O3_8h,吕梁,3.0
20201111,2,O3_8h_24h,吕梁,3.0
20201111,2,CO,吕梁,0.93
20201111,2,CO_24h,吕梁,0.87
20201111,3,AQI,吕梁,120.0
20201111,3,PM2.5,吕梁,59.0
20201111,3,PM2.5_24h,吕梁,43.0
20201111,3,PM10,吕梁,190.0
20201111,3,PM10_24h,吕梁,145.0
20201111,3,SO2,吕梁,27.0
20201111,3,SO2_24h,吕梁,29.0
20201111,3,NO2,吕梁,69.0
20201111,3,NO2_24h,吕梁,65.0
20201111,3,O3,吕梁,3.0
20201111,3,O3_24h,吕梁,84.0
20201111,3,O3_8h,吕梁,3.0
20201111,3,O3_8h_24h,吕梁,3.0
20201111,3,CO,吕梁,0.9
20201111,3,CO_24h,吕梁,0.9
20201111,4,AQI,吕梁,109.0
20201111,4,PM2.5,吕梁,56.0
20201111,4,PM2.5_24h,吕梁,44.0
20201111,4,PM10,吕梁,167.0
20201111,4,PM10_24h,吕梁,147.0
20201111,4,SO2,吕梁,27.0
20201111,4,SO2_24h,吕梁,30.0
20201111,4,NO2,吕梁,67.0
20201111,4,NO2_24h,吕梁,66.0
20201111,4,O3,吕梁,3.0
20201111,4,O3_24h,吕梁,84.0
20201111,4,O3_8h,吕梁,3.0
20201111,4,O3_8h_24h,吕梁,3.0
20201111,4,CO,吕梁,0.83
20201111,4,CO_24h,吕梁,0.93
20201111,5,AQI,吕梁,103.0
20201111,5,PM2.5,吕梁,52.0
20201111,5,PM2.5_24h,吕梁,45.0
20201111,5,PM10,吕梁,155.0
20201111,5,PM10_24h,吕梁,149.0
20201111,5,SO2,吕梁,26.0
20201111,5,SO2_24h,吕梁,30.0
20201111,5,NO2,吕梁,66.0
20201111,5,NO2_24h,吕梁,67.0
20201111,5,O3,吕梁,3.0
20201111,5,O3_24h,吕梁,84.0
20201111,5,O3_8h,吕梁,3.0
20201111,5,O3_8h_24h,吕梁,3.0
20201111,5,CO,吕梁,0.8
20201111,5,CO_24h,吕梁,0.97
20201111,6,AQI,吕梁,102.0
20201111,6,PM2.5,吕梁,53.0
20201111,6,PM2.5_24h,吕梁,46.0
20201111,6,PM10,吕梁,153.0
20201111,6,PM10_24h,吕梁,151.0
20201111,6,SO2,吕梁,27.0
20201111,6,SO2_24h,吕梁,30.0
20201111,6,NO2,吕梁,64.0
20201111,6,NO2_24h,吕梁,67.0
20201111,6,O3,吕梁,3.0
20201111,6,O3_24h,吕梁,84.0
20201111,6,O3_8h,吕梁,3.0
20201111,6,O3_8h_24h,吕梁,3.0
20201111,6,CO,吕梁,0.83
20201111,6,CO_24h,吕梁,0.97
20201111,8,AQI,吕梁,111.0
20201111,8,PM2.5,吕梁,49.0
20201111,8,PM2.5_24h,吕梁,48.0
20201111,8,PM10,吕梁,171.0
20201111,8,PM10_24h,吕梁,155.0
20201111,8,SO2,吕梁,24.0
20201111,8,SO2_24h,吕梁,31.0
20201111,8,NO2,吕梁,62.0
20201111,8,NO2_24h,吕梁,68.0
20201111,8,O3,吕梁,4.0
20201111,8,O3_24h,吕梁,84.0
20201111,8,O3_8h,吕梁,3.0
20201111,8,O3_8h_24h,吕梁,3.0
20201111,8,CO,吕梁,1.0
20201111,8,CO_24h,吕梁,0.97
20201111,10,AQI,吕梁,102.0
20201111,10,PM2.5,吕梁,50.0
20201111,10,PM2.5_24h,吕梁,50.0
20201111,10,PM10,吕梁,153.0
20201111,10,PM10_24h,吕梁,157.0
20201111,10,SO2,吕梁,33.0
20201111,10,SO2_24h,吕梁,32.0
20201111,10,NO2,吕梁,55.0
20201111,10,NO2_24h,吕梁,68.0
20201111,10,O3,吕梁,14.0
20201111,10,O3_24h,吕梁,84.0
20201111,10,O3_8h,吕梁,5.0
20201111,10,O3_8h_24h,吕梁,5.0
20201111,10,CO,吕梁,0.93
20201111,10,CO_24h,吕梁,0.97
20201111,11,AQI,吕梁,96.0
20201111,11,PM2.5,吕梁,53.0
20201111,11,PM2.5_24h,吕梁,51.0
20201111,11,PM10,吕梁,142.0
20201111,11,PM10_24h,吕梁,159.0
20201111,11,SO2,吕梁,30.0
20201111,11,SO2_24h,吕梁,32.0
20201111,11,NO2,吕梁,57.0
20201111,11,NO2_24h,吕梁,69.0
20201111,11,O3,吕梁,25.0
20201111,11,O3_24h,吕梁,84.0
20201111,11,O3_8h,吕梁,7.0
20201111,11,O3_8h_24h,吕梁,7.0
20201111,11,CO,吕梁,0.93
20201111,11,CO_24h,吕梁,0.97
20201111,12,AQI,吕梁,100.0
20201111,12,PM2.5,吕梁,51.0
20201111,12,PM2.5_24h,吕梁,52.0
20201111,12,PM10,吕梁,149.0
20201111,12,PM10_24h,吕梁,161.0
20201111,12,SO2,吕梁,36.0
20201111,12,SO2_24h,吕梁,32.0
20201111,12,NO2,吕梁,62.0
20201111,12,NO2_24h,吕梁,70.0
20201111,12,O3,吕梁,39.0
20201111,12,O3_24h,吕梁,84.0
20201111,12,O3_8h,吕梁,12.0
20201111,12,O3_8h_24h,吕梁,12.0
20201111,12,CO,吕梁,1.07
20201111,12,CO_24h,吕梁,1.0
20201111,13,AQI,吕梁,101.0
20201111,13,PM2.5,吕梁,60.0
20201111,13,PM2.5_24h,吕梁,53.0
20201111,13,PM10,吕梁,151.0
20201111,13,PM10_24h,吕梁,163.0
20201111,13,SO2,吕梁,49.0
20201111,13,SO2_24h,吕梁,33.0
20201111,13,NO2,吕梁,53.0
20201111,13,NO2_24h,吕梁,70.0
20201111,13,O3,吕梁,77.0
20201111,13,O3_24h,吕梁,85.0
20201111,13,O3_8h,吕梁,21.0
20201111,13,O3_8h_24h,吕梁,21.0
20201111,13,CO,吕梁,1.67
20201111,13,CO_24h,吕梁,1.03
20201111,14,AQI,吕梁,90.0
20201111,14,PM2.5,吕梁,67.0
20201111,14,PM2.5_24h,吕梁,54.0
20201111,14,PM10,吕梁,126.0
20201111,14,PM10_24h,吕梁,164.0
20201111,14,SO2,吕梁,30.0
20201111,14,SO2_24h,吕梁,33.0
20201111,14,NO2,吕梁,43.0
20201111,14,NO2_24h,吕梁,70.0
20201111,14,O3,吕梁,90.0
20201111,14,O3_24h,吕梁,90.0
20201111,14,O3_8h,吕梁,32.0
20201111,14,O3_8h_24h,吕梁,32.0
20201111,14,CO,吕梁,1.37
20201111,14,CO_24h,吕梁,1.07
20201111,15,AQI,吕梁,76.0
20201111,15,PM2.5,吕梁,55.0
20201111,15,PM2.5_24h,吕梁,55.0
20201111,15,PM10,吕梁,101.0
20201111,15,PM10_24h,吕梁,165.0
20201111,15,SO2,吕梁,19.0
20201111,15,SO2_24h,吕梁,33.0
20201111,15,NO2,吕梁,31.0
20201111,15,NO2_24h,吕梁,69.0
20201111,15,O3,吕梁,96.0
20201111,15,O3_24h,吕梁,96.0
20201111,15,O3_8h,吕梁,44.0
20201111,15,O3_8h_24h,吕梁,44.0
20201111,15,CO,吕梁,0.83
20201111,15,CO_24h,吕梁,1.07
20201111,16,AQI,吕梁,65.0
20201111,16,PM2.5,吕梁,39.0
20201111,16,PM2.5_24h,吕梁,55.0
20201111,16,PM10,吕梁,80.0
20201111,16,PM10_24h,吕梁,165.0
20201111,16,SO2,吕梁,17.0
20201111,16,SO2_24h,吕梁,33.0
20201111,16,NO2,吕梁,28.0
20201111,16,NO2_24h,吕梁,68.0
20201111,16,O3,吕梁,101.0
20201111,16,O3_24h,吕梁,101.0
20201111,16,O3_8h,吕梁,56.0
20201111,16,O3_8h_24h,吕梁,56.0
20201111,16,CO,吕梁,0.67
20201111,16,CO_24h,吕梁,1.03
20201111,17,AQI,吕梁,65.0
20201111,17,PM2.5,吕梁,35.0
20201111,17,PM2.5_24h,吕梁,55.0
20201111,17,PM10,吕梁,80.0
20201111,17,PM10_24h,吕梁,163.0
20201111,17,SO2,吕梁,18.0
20201111,17,SO2_24h,吕梁,33.0
20201111,17,NO2,吕梁,39.0
20201111,17,NO2_24h,吕梁,68.0
20201111,17,O3,吕梁,83.0
20201111,17,O3_24h,吕梁,101.0
20201111,17,O3_8h,吕梁,65.0
20201111,17,O3_8h_24h,吕梁,65.0
20201111,17,CO,吕梁,0.73
20201111,17,CO_24h,吕梁,1.07
20201111,18,AQI,吕梁,76.0
20201111,18,PM2.5,吕梁,37.0
20201111,18,PM2.5_24h,吕梁,55.0
20201111,18,PM10,吕梁,101.0
20201111,18,PM10_24h,吕梁,164.0
20201111,18,SO2,吕梁,20.0
20201111,18,SO2_24h,吕梁,32.0
20201111,18,NO2,吕梁,98.0
20201111,18,NO2_24h,吕梁,68.0
20201111,18,O3,吕梁,27.0
20201111,18,O3_24h,吕梁,101.0
20201111,18,O3_8h,吕梁,69.0
20201111,18,O3_8h_24h,吕梁,69.0
20201111,18,CO,吕梁,1.17
20201111,18,CO_24h,吕梁,1.07
20201111,19,AQI,吕梁,107.0
20201111,19,PM2.5,吕梁,42.0
20201111,19,PM2.5_24h,吕梁,56.0
20201111,19,PM10,吕梁,164.0
20201111,19,PM10_24h,吕梁,164.0
20201111,19,SO2,吕梁,27.0
20201111,19,SO2_24h,吕梁,31.0
20201111,19,NO2,吕梁,109.0
20201111,19,NO2_24h,吕梁,68.0
20201111,19,O3,吕梁,15.0
20201111,19,O3_24h,吕梁,101.0
20201111,19,O3_8h,吕梁,68.0
20201111,19,O3_8h_24h,吕梁,69.0
20201111,19,CO,吕梁,1.3
20201111,19,CO_24h,吕梁,1.03
20201111,20,AQI,吕梁,128.0
20201111,20,PM2.5,吕梁,57.0
20201111,20,PM2.5_24h,吕梁,55.0
20201111,20,PM10,吕梁,206.0
20201111,20,PM10_24h,吕梁,164.0
20201111,20,SO2,吕梁,23.0
20201111,20,SO2_24h,吕梁,30.0
20201111,20,NO2,吕梁,98.0
20201111,20,NO2_24h,吕梁,68.0
20201111,20,O3,吕梁,11.0
20201111,20,O3_24h,吕梁,101.0
20201111,20,O3_8h,吕梁,64.0
20201111,20,O3_8h_24h,吕梁,69.0
20201111,20,CO,吕梁,1.3
20201111,20,CO_24h,吕梁,1.03
20201111,21,AQI,吕梁,133.0
20201111,21,PM2.5,吕梁,72.0
20201111,21,PM2.5_24h,吕梁,55.0
20201111,21,PM10,吕梁,215.0
20201111,21,PM10_24h,吕梁,164.0
20201111,21,SO2,吕梁,25.0
20201111,21,SO2_24h,吕梁,29.0
20201111,21,NO2,吕梁,102.0
20201111,21,NO2_24h,吕梁,68.0
20201111,21,O3,吕梁,5.0
20201111,21,O3_24h,吕梁,101.0
20201111,21,O3_8h,吕梁,55.0
20201111,21,O3_8h_24h,吕梁,69.0
20201111,21,CO,吕梁,1.2
20201111,21,CO_24h,吕梁,1.03
20201111,22,AQI,吕梁,129.0
20201111,22,PM2.5,吕梁,74.0
20201111,22,PM2.5_24h,吕梁,55.0
20201111,22,PM10,吕梁,208.0
20201111,22,PM10_24h,吕梁,164.0
20201111,22,SO2,吕梁,25.0
20201111,22,SO2_24h,吕梁,28.0
20201111,22,NO2,吕梁,96.0
20201111,22,NO2_24h,吕梁,68.0
20201111,22,O3,吕梁,4.0
20201111,22,O3_24h,吕梁,101.0
20201111,22,O3_8h,吕梁,43.0
20201111,22,O3_8h_24h,吕梁,69.0
20201111,22,CO,吕梁,1.23
20201111,22,CO_24h,吕梁,1.03
20201111,23,AQI,吕梁,129.0
20201111,23,PM2.5,吕梁,73.0
20201111,23,PM2.5_24h,吕梁,55.0
20201111,23,PM10,吕梁,207.0
20201111,23,PM10_24h,吕梁,163.0
20201111,23,SO2,吕梁,24.0
20201111,23,SO2_24h,吕梁,28.0
20201111,23,NO2,吕梁,90.0
20201111,23,NO2_24h,吕梁,69.0
20201111,23,O3,吕梁,4.0
20201111,23,O3_24h,吕梁,101.0
20201111,23,O3_8h,吕梁,31.0
20201111,23,O3_8h_24h,吕梁,69.0
20201111,23,CO,吕梁,1.13
20201111,23,CO_24h,吕梁,1.03
20201111,0,AQI,乌海,151.0
20201111,0,PM2.5,乌海,93.0
20201111,0,PM2.5_24h,乌海,61.0
20201111,0,PM10,乌海,252.0
20201111,0,PM10_24h,乌海,127.0
20201111,0,SO2,乌海,39.0
20201111,0,SO2_24h,乌海,31.0
20201111,0,NO2,乌海,91.0
20201111,0,NO2_24h,乌海,53.0
20201111,0,O3,乌海,5.0
20201111,0,O3_24h,乌海,122.0
20201111,0,O3_8h,乌海,41.0
20201111,0,O3_8h_24h,乌海,79.0
20201111,0,CO,乌海,2.27
20201111,0,CO_24h,乌海,1.43
20201111,1,AQI,乌海,160.0
20201111,1,PM2.5,乌海,102.0
20201111,1,PM2.5_24h,乌海,64.0
20201111,1,PM10,乌海,270.0
20201111,1,PM10_24h,乌海,135.0
20201111,1,SO2,乌海,47.0
20201111,1,SO2_24h,乌海,32.0
20201111,1,NO2,乌海,88.0
20201111,1,NO2_24h,乌海,55.0
20201111,1,O3,乌海,5.0
20201111,1,O3_24h,乌海,122.0
20201111,1,O3_8h,乌海,5.0
20201111,1,O3_8h_24h,乌海,5.0
20201111,1,CO,乌海,2.53
20201111,1,CO_24h,乌海,1.57
20201111,2,AQI,乌海,173.0
20201111,2,PM2.5,乌海,107.0
20201111,2,PM2.5_24h,乌海,67.0
20201111,2,PM10,乌海,296.0
20201111,2,PM10_24h,乌海,144.0
20201111,2,SO2,乌海,35.0
20201111,2,SO2_24h,乌海,33.0
20201111,2,NO2,乌海,81.0
20201111,2,NO2_24h,乌海,56.0
20201111,2,O3,乌海,5.0
20201111,2,O3_24h,乌海,122.0
20201111,2,O3_8h,乌海,5.0
20201111,2,O3_8h_24h,乌海,5.0
20201111,2,CO,乌海,2.4
20201111,2,CO_24h,乌海,1.57
20201111,3,AQI,乌海,149.0
20201111,3,PM2.5,乌海,105.0
20201111,3,PM2.5_24h,乌海,69.0
20201111,3,PM10,乌海,248.0
20201111,3,PM10_24h,乌海,151.0
20201111,3,SO2,乌海,22.0
20201111,3,SO2_24h,乌海,33.0
20201111,3,NO2,乌海,75.0
20201111,3,NO2_24h,乌海,58.0
20201111,3,O3,乌海,6.0
20201111,3,O3_24h,乌海,122.0
20201111,3,O3_8h,乌海,5.0
20201111,3,O3_8h_24h,乌海,6.0
20201111,3,CO,乌海,2.03
20201111,3,CO_24h,乌海,1.63
20201111,4,AQI,乌海,123.0
20201111,4,PM2.5,乌海,90.0
20201111,4,PM2.5_24h,乌海,71.0
20201111,4,PM10,乌海,196.0
20201111,4,PM10_24h,乌海,156.0
20201111,4,SO2,乌海,23.0
20201111,4,SO2_24h,乌海,33.0
20201111,4,NO2,乌海,75.0
20201111,4,NO2_24h,乌海,59.0
20201111,4,O3,乌海,5.0
20201111,4,O3_24h,乌海,122.0
20201111,4,O3_8h,乌海,5.0
20201111,4,O3_8h_24h,乌海,6.0
20201111,4,CO,乌海,1.97
20201111,4,CO_24h,乌海,1.67
20201111,5,AQI,乌海,118.0
20201111,5,PM2.5,乌海,84.0
20201111,5,PM2.5_24h,乌海,73.0
20201111,5,PM10,乌海,185.0
20201111,5,PM10_24h,乌海,161.0
20201111,5,SO2,乌海,24.0
20201111,5,SO2_24h,乌海,34.0
20201111,5,NO2,乌海,72.0
20201111,5,NO2_24h,乌海,61.0
20201111,5,O3,乌海,5.0
20201111,5,O3_24h,乌海,122.0
20201111,5,O3_8h,乌海,5.0
20201111,5,O3_8h_24h,乌海,6.0
20201111,5,CO,乌海,2.03
20201111,5,CO_24h,乌海,1.7
20201111,6,AQI,乌海,117.0
20201111,6,PM2.5,乌海,75.0
20201111,6,PM2.5_24h,乌海,74.0
20201111,6,PM10,乌海,183.0
20201111,6,PM10_24h,乌海,166.0
20201111,6,SO2,乌海,21.0
20201111,6,SO2_24h,乌海,35.0
20201111,6,NO2,乌海,69.0
20201111,6,NO2_24h,乌海,61.0
20201111,6,O3,乌海,4.0
20201111,6,O3_24h,乌海,122.0
20201111,6,O3_8h,乌海,5.0
20201111,6,O3_8h_24h,乌海,6.0
20201111,6,CO,乌海,2.2
20201111,6,CO_24h,乌海,1.73
20201111,8,AQI,乌海,125.0
20201111,8,PM2.5,乌海,89.0
20201111,8,PM2.5_24h,乌海,78.0
20201111,8,PM10,乌海,200.0
20201111,8,PM10_24h,乌海,174.0
20201111,8,SO2,乌海,36.0
20201111,8,SO2_24h,乌海,37.0
20201111,8,NO2,乌海,72.0
20201111,8,NO2_24h,乌海,64.0
20201111,8,O3,乌海,5.0
20201111,8,O3_24h,乌海,122.0
20201111,8,O3_8h,乌海,5.0
20201111,8,O3_8h_24h,乌海,6.0
20201111,8,CO,乌海,3.0
20201111,8,CO_24h,乌海,1.87
20201111,10,AQI,乌海,156.0
20201111,10,PM2.5,乌海,119.0
20201111,10,PM2.5_24h,乌海,82.0
20201111,10,PM10,乌海,243.0
20201111,10,PM10_24h,乌海,185.0
20201111,10,SO2,乌海,34.0
20201111,10,SO2_24h,乌海,39.0
20201111,10,NO2,乌海,68.0
20201111,10,NO2_24h,乌海,66.0
20201111,10,O3,乌海,8.0
20201111,10,O3_24h,乌海,122.0
20201111,10,O3_8h,乌海,5.0
20201111,10,O3_8h_24h,乌海,6.0
20201111,10,CO,乌海,2.63
20201111,10,CO_24h,乌海,2.0
20201111,11,AQI,乌海,146.0
20201111,11,PM2.5,乌海,109.0
20201111,11,PM2.5_24h,乌海,83.0
20201111,11,PM10,乌海,242.0
20201111,11,PM10_24h,乌海,188.0
20201111,11,SO2,乌海,44.0
20201111,11,SO2_24h,乌海,39.0
20201111,11,NO2,乌海,78.0
20201111,11,NO2_24h,乌海,67.0
20201111,11,O3,乌海,12.0
20201111,11,O3_24h,乌海,122.0
20201111,11,O3_8h,乌海,6.0
20201111,11,O3_8h_24h,乌海,6.0
20201111,11,CO,乌海,2.7
20201111,11,CO_24h,乌海,2.07
20201111,12,AQI,乌海,166.0
20201111,12,PM2.5,乌海,126.0
20201111,12,PM2.5_24h,乌海,85.0
20201111,12,PM10,乌海,252.0
20201111,12,PM10_24h,乌海,192.0
20201111,12,SO2,乌海,67.0
20201111,12,SO2_24h,乌海,40.0
20201111,12,NO2,乌海,65.0
20201111,12,NO2_24h,乌海,68.0
20201111,12,O3,乌海,37.0
20201111,12,O3_24h,乌海,122.0
20201111,12,O3_8h,乌海,10.0
20201111,12,O3_8h_24h,乌海,10.0
20201111,12,CO,乌海,2.03
20201111,12,CO_24h,乌海,2.07
20201111,13,AQI,乌海,120.0
20201111,13,PM2.5,乌海,89.0
20201111,13,PM2.5_24h,乌海,87.0
20201111,13,PM10,乌海,189.0
20201111,13,PM10_24h,乌海,194.0
20201111,13,SO2,乌海,79.0
20201111,13,SO2_24h,乌海,41.0
20201111,13,NO2,乌海,53.0
20201111,13,NO2_24h,乌海,68.0
20201111,13,O3,乌海,68.0
20201111,13,O3_24h,乌海,122.0
20201111,13,O3_8h,乌海,18.0
20201111,13,O3_8h_24h,乌海,18.0
20201111,13,CO,乌海,1.63
20201111,13,CO_24h,乌海,2.07
20201111,14,AQI,乌海,99.0
20201111,14,PM2.5,乌海,71.0
20201111,14,PM2.5_24h,乌海,88.0
20201111,14,PM10,乌海,147.0
20201111,14,PM10_24h,乌海,196.0
20201111,14,SO2,乌海,76.0
20201111,14,SO2_24h,乌海,41.0
20201111,14,NO2,乌海,48.0
20201111,14,NO2_24h,乌海,68.0
20201111,14,O3,乌海,98.0
20201111,14,O3_24h,乌海,122.0
20201111,14,O3_8h,乌海,30.0
20201111,14,O3_8h_24h,乌海,30.0
20201111,14,CO,乌海,1.53
20201111,14,CO_24h,乌海,2.07
20201111,15,AQI,乌海,87.0
20201111,15,PM2.5,乌海,61.0
20201111,15,PM2.5_24h,乌海,88.0
20201111,15,PM10,乌海,123.0
20201111,15,PM10_24h,乌海,195.0
20201111,15,SO2,乌海,45.0
20201111,15,SO2_24h,乌海,38.0
20201111,15,NO2,乌海,31.0
20201111,15,NO2_24h,乌海,66.0
20201111,15,O3,乌海,132.0
20201111,15,O3_24h,乌海,132.0
20201111,15,O3_8h,乌海,46.0
20201111,15,O3_8h_24h,乌海,46.0
20201111,15,CO,乌海,1.17
20201111,15,CO_24h,乌海,2.0
20201111,16,AQI,乌海,82.0
20201111,16,PM2.5,乌海,58.0
20201111,16,PM2.5_24h,乌海,87.0
20201111,16,PM10,乌海,113.0
20201111,16,PM10_24h,乌海,192.0
20201111,16,SO2,乌海,34.0
20201111,16,SO2_24h,乌海,36.0
20201111,16,NO2,乌海,24.0
20201111,16,NO2_24h,乌海,65.0
20201111,16,O3,乌海,140.0
20201111,16,O3_24h,乌海,140.0
20201111,16,O3_8h,乌海,63.0
20201111,16,O3_8h_24h,乌海,63.0
20201111,16,CO,乌海,0.97
20201111,16,CO_24h,乌海,1.97
20201111,17,AQI,乌海,74.0
20201111,17,PM2.5,乌海,53.0
20201111,17,PM2.5_24h,乌海,86.0
20201111,17,PM10,乌海,98.0
20201111,17,PM10_24h,乌海,190.0
20201111,17,SO2,乌海,28.0
20201111,17,SO2_24h,乌海,36.0
20201111,17,NO2,乌海,23.0
20201111,17,NO2_24h,乌海,65.0
20201111,17,O3,乌海,142.0
20201111,17,O3_24h,乌海,142.0
20201111,17,O3_8h,乌海,80.0
20201111,17,O3_8h_24h,乌海,80.0
20201111,17,CO,乌海,1.0
20201111,17,CO_24h,乌海,1.97
20201111,18,AQI,乌海,78.0
20201111,18,PM2.5,乌海,57.0
20201111,18,PM2.5_24h,乌海,86.0
20201111,18,PM10,乌海,94.0
20201111,18,PM10_24h,乌海,189.0
20201111,18,SO2,乌海,24.0
20201111,18,SO2_24h,乌海,36.0
20201111,18,NO2,乌海,44.0
20201111,18,NO2_24h,乌海,66.0
20201111,18,O3,乌海,101.0
20201111,18,O3_24h,乌海,142.0
20201111,18,O3_8h,乌海,91.0
20201111,18,O3_8h_24h,乌海,91.0
20201111,18,CO,乌海,1.3
20201111,18,CO_24h,乌海,1.97
20201111,19,AQI,乌海,89.0
20201111,19,PM2.5,乌海,60.0
20201111,19,PM2.5_24h,乌海,86.0
20201111,19,PM10,乌海,127.0
20201111,19,PM10_24h,乌海,189.0
20201111,19,SO2,乌海,25.0
20201111,19,SO2_24h,乌海,36.0
20201111,19,NO2,乌海,100.0
20201111,19,NO2_24h,乌海,67.0
20201111,19,O3,乌海,36.0
20201111,19,O3_24h,乌海,142.0
20201111,19,O3_8h,乌海,94.0
20201111,19,O3_8h_24h,乌海,94.0
20201111,19,CO,乌海,1.97
20201111,19,CO_24h,乌海,2.0
20201111,20,AQI,乌海,133.0
20201111,20,PM2.5,乌海,87.0
20201111,20,PM2.5_24h,乌海,87.0
20201111,20,PM10,乌海,216.0
20201111,20,PM10_24h,乌海,193.0
20201111,20,SO2,乌海,41.0
20201111,20,SO2_24h,乌海,37.0
20201111,20,NO2,乌海,125.0
20201111,20,NO2_24h,乌海,70.0
20201111,20,O3,乌海,9.0
20201111,20,O3_24h,乌海,142.0
20201111,20,O3_8h,乌海,91.0
20201111,20,O3_8h_24h,乌海,94.0
20201111,20,CO,乌海,3.0
20201111,20,CO_24h,乌海,2.07
20201111,21,AQI,乌海,186.0
20201111,21,PM2.5,乌海,140.0
20201111,21,PM2.5_24h,乌海,89.0
20201111,21,PM10,乌海,294.0
20201111,21,PM10_24h,乌海,198.0
20201111,21,SO2,乌海,32.0
20201111,21,SO2_24h,乌海,37.0
20201111,21,NO2,乌海,113.0
20201111,21,NO2_24h,乌海,71.0
20201111,21,O3,乌海,7.0
20201111,21,O3_24h,乌海,142.0
20201111,21,O3_8h,乌海,83.0
20201111,21,O3_8h_24h,乌海,94.0
20201111,21,CO,乌海,2.33
20201111,21,CO_24h,乌海,2.1
20201111,22,AQI,乌海,159.0
20201111,22,PM2.5,乌海,121.0
20201111,22,PM2.5_24h,乌海,90.0
20201111,22,PM10,乌海,238.0
20201111,22,PM10_24h,乌海,201.0
20201111,22,SO2,乌海,26.0
20201111,22,SO2_24h,乌海,37.0
20201111,22,NO2,乌海,111.0
20201111,22,NO2_24h,乌海,73.0
20201111,22,O3,乌海,5.0
20201111,22,O3_24h,乌海,142.0
20201111,22,O3_8h,乌海,70.0
20201111,22,O3_8h_24h,乌海,94.0
20201111,22,CO,乌海,1.93
20201111,22,CO_24h,乌海,2.1
20201111,23,AQI,乌海,126.0
20201111,23,PM2.5,乌海,88.0
20201111,23,PM2.5_24h,乌海,90.0
20201111,23,PM10,乌海,202.0
20201111,23,PM10_24h,乌海,202.0
20201111,23,SO2,乌海,20.0
20201111,23,SO2_24h,乌海,36.0
20201111,23,NO2,乌海,94.0
20201111,23,NO2_24h,乌海,73.0
20201111,23,O3,乌海,8.0
20201111,23,O3_24h,乌海,142.0
20201111,23,O3_8h,乌海,54.0
20201111,23,O3_8h_24h,乌海,94.0
20201111,23,CO,乌海,1.93
20201111,23,CO_24h,乌海,2.1
20201111,0,AQI,通辽,72.0
20201111,0,PM2.5,通辽,45.0
20201111,0,PM2.5_24h,通辽,34.0
20201111,0,PM10,通辽,93.0
20201111,0,PM10_24h,通辽,62.0
20201111,0,SO2,通辽,39.0
20201111,0,SO2_24h,通辽,25.0
20201111,0,NO2,通辽,32.0
20201111,0,NO2_24h,通辽,29.0
20201111,0,O3,通辽,29.0
20201111,0,O3_24h,通辽,58.0
20201111,0,O3_8h,通辽,21.0
20201111,0,O3_8h_24h,通辽,43.0
20201111,0,CO,通辽,0.5
20201111,0,CO_24h,通辽,0.37
20201111,1,AQI,通辽,70.0
20201111,1,PM2.5,通辽,44.0
20201111,1,PM2.5_24h,通辽,35.0
20201111,1,PM10,通辽,89.0
20201111,1,PM10_24h,通辽,64.0
20201111,1,SO2,通辽,72.0
20201111,1,SO2_24h,通辽,25.0
20201111,1,NO2,通辽,37.0
20201111,1,NO2_24h,通辽,30.0
20201111,1,O3,通辽,24.0
20201111,1,O3_24h,通辽,58.0
20201111,1,O3_8h,通辽,24.0
20201111,1,O3_8h_24h,通辽,24.0
20201111,1,CO,通辽,0.47
20201111,1,CO_24h,通辽,0.37
20201111,2,AQI,通辽,67.0
20201111,2,PM2.5,通辽,46.0
20201111,2,PM2.5_24h,通辽,36.0
20201111,2,PM10,通辽,83.0
20201111,2,PM10_24h,通辽,66.0
20201111,2,SO2,通辽,73.0
20201111,2,SO2_24h,通辽,27.0
20201111,2,NO2,通辽,37.0
20201111,2,NO2_24h,通辽,30.0
20201111,2,O3,通辽,23.0
20201111,2,O3_24h,通辽,58.0
20201111,2,O3_8h,通辽,24.0
20201111,2,O3_8h_24h,通辽,24.0
20201111,2,CO,通辽,0.47
20201111,2,CO_24h,通辽,0.37
20201111,3,AQI,通辽,70.0
20201111,3,PM2.5,通辽,47.0
20201111,3,PM2.5_24h,通辽,37.0
20201111,3,PM10,通辽,90.0
20201111,3,PM10_24h,通辽,68.0
20201111,3,SO2,通辽,73.0
20201111,3,SO2_24h,通辽,30.0
20201111,3,NO2,通辽,38.0
20201111,3,NO2_24h,通辽,31.0
20201111,3,O3,通辽,21.0
20201111,3,O3_24h,通辽,58.0
20201111,3,O3_8h,通辽,23.0
20201111,3,O3_8h_24h,通辽,24.0
20201111,3,CO,通辽,0.5
20201111,3,CO_24h,通辽,0.4
20201111,4,AQI,通辽,74.0
20201111,4,PM2.5,通辽,52.0
20201111,4,PM2.5_24h,通辽,38.0
20201111,4,PM10,通辽,98.0
20201111,4,PM10_24h,通辽,71.0
20201111,4,SO2,通辽,79.0
20201111,4,SO2_24h,通辽,33.0
20201111,4,NO2,通辽,45.0
20201111,4,NO2_24h,通辽,33.0
20201111,4,O3,通辽,15.0
20201111,4,O3_24h,通辽,58.0
20201111,4,O3_8h,通辽,21.0
20201111,4,O3_8h_24h,通辽,24.0
20201111,4,CO,通辽,0.6
20201111,4,CO_24h,通辽,0.4
20201111,5,AQI,通辽,73.0
20201111,5,PM2.5,通辽,53.0
20201111,5,PM2.5_24h,通辽,39.0
20201111,5,PM10,通辽,92.0
20201111,5,PM10_24h,通辽,73.0
20201111,5,SO2,通辽,83.0
20201111,5,SO2_24h,通辽,36.0
20201111,5,NO2,通辽,43.0
20201111,5,NO2_24h,通辽,34.0
20201111,5,O3,通辽,13.0
20201111,5,O3_24h,通辽,58.0
20201111,5,O3_8h,通辽,19.0
20201111,5,O3_8h_24h,通辽,24.0
20201111,5,CO,通辽,0.6
20201111,5,CO_24h,通辽,0.43
20201111,6,AQI,通辽,74.0
20201111,6,PM2.5,通辽,54.0
20201111,6,PM2.5_24h,通辽,40.0
20201111,6,PM10,通辽,98.0
20201111,6,PM10_24h,通辽,75.0
20201111,6,SO2,通辽,54.0
20201111,6,SO2_24h,通辽,37.0
20201111,6,NO2,通辽,43.0
20201111,6,NO2_24h,通辽,35.0
20201111,6,O3,通辽,13.0
20201111,6,O3_24h,通辽,58.0
20201111,6,O3_8h,通辽,18.0
20201111,6,O3_8h_24h,通辽,24.0
20201111,6,CO,通辽,0.7
20201111,6,CO_24h,通辽,0.47
20201111,7,AQI,通辽,79.0
20201111,7,PM2.5,通辽,58.0
20201111,7,PM2.5_24h,通辽,31.0
20201111,7,PM10,通辽,94.0
20201111,7,PM10_24h,通辽,66.0
20201111,7,SO2,通辽,106.0
20201111,7,SO2_24h,通辽,63.0
20201111,7,NO2,通辽,50.0
20201111,7,NO2_24h,通辽,38.0
20201111,7,O3,通辽,9.0
20201111,7,O3_24h,通辽,55.0
20201111,7,O3_8h,通辽,12.0
20201111,7,O3_8h_24h,通辽,20.0
20201111,7,CO,通辽,0.6
20201111,7,CO_24h,通辽,0.4
20201111,8,AQI,通辽,108.0
20201111,8,PM2.5,通辽,81.0
20201111,8,PM2.5_24h,通辽,43.0
20201111,8,PM10,通辽,108.0
20201111,8,PM10_24h,通辽,81.0
20201111,8,SO2,通辽,72.0
20201111,8,SO2_24h,通辽,42.0
20201111,8,NO2,通辽,47.0
20201111,8,NO2_24h,通辽,36.0
20201111,8,O3,通辽,11.0
20201111,8,O3_24h,通辽,58.0
20201111,8,O3_8h,通辽,16.0
20201111,8,O3_8h_24h,通辽,24.0
20201111,8,CO,通辽,1.03
20201111,8,CO_24h,通辽,0.5
20201111,10,AQI,通辽,74.0
20201111,10,PM2.5,通辽,54.0
20201111,10,PM2.5_24h,通辽,45.0
20201111,10,PM10,通辽,93.0
20201111,10,PM10_24h,通辽,83.0
20201111,10,SO2,通辽,59.0
20201111,10,SO2_24h,通辽,46.0
20201111,10,NO2,通辽,41.0
20201111,10,NO2_24h,通辽,37.0
20201111,10,O3,通辽,25.0
20201111,10,O3_24h,通辽,58.0
20201111,10,O3_8h,通辽,16.0
20201111,10,O3_8h_24h,通辽,24.0
20201111,10,CO,通辽,0.9
20201111,10,CO_24h,通辽,0.57
20201111,11,AQI,通辽,63.0
20201111,11,PM2.5,通辽,45.0
20201111,11,PM2.5_24h,通辽,46.0
20201111,11,PM10,通辽,76.0
20201111,11,PM10_24h,通辽,84.0
20201111,11,SO2,通辽,46.0
20201111,11,SO2_24h,通辽,47.0
20201111,11,NO2,通辽,36.0
20201111,11,NO2_24h,通辽,38.0
20201111,11,O3,通辽,35.0
20201111,11,O3_24h,通辽,58.0
20201111,11,O3_8h,通辽,17.0
20201111,11,O3_8h_24h,通辽,24.0
20201111,11,CO,通辽,0.87
20201111,11,CO_24h,通辽,0.6
20201111,12,AQI,通辽,60.0
20201111,12,PM2.5,通辽,36.0
20201111,12,PM2.5_24h,通辽,47.0
20201111,12,PM10,通辽,69.0
20201111,12,PM10_24h,通辽,85.0
20201111,12,SO2,通辽,57.0
20201111,12,SO2_24h,通辽,49.0
20201111,12,NO2,通辽,36.0
20201111,12,NO2_24h,通辽,39.0
20201111,12,O3,通辽,44.0
20201111,12,O3_24h,通辽,58.0
20201111,12,O3_8h,通辽,21.0
20201111,12,O3_8h_24h,通辽,24.0
20201111,12,CO,通辽,0.8
20201111,12,CO_24h,通辽,0.6
20201111,13,AQI,通辽,63.0
20201111,13,PM2.5,通辽,37.0
20201111,13,PM2.5_24h,通辽,47.0
20201111,13,PM10,通辽,76.0
20201111,13,PM10_24h,通辽,86.0
20201111,13,SO2,通辽,42.0
20201111,13,SO2_24h,通辽,49.0
20201111,13,NO2,通辽,32.0
20201111,13,NO2_24h,通辽,40.0
20201111,13,O3,通辽,52.0
20201111,13,O3_24h,通辽,58.0
20201111,13,O3_8h,通辽,26.0
20201111,13,O3_8h_24h,通辽,26.0
20201111,13,CO,通辽,0.77
20201111,13,CO_24h,通辽,0.6
20201111,14,AQI,通辽,72.0
20201111,14,PM2.5,通辽,41.0
20201111,14,PM2.5_24h,通辽,48.0
20201111,14,PM10,通辽,93.0
20201111,14,PM10_24h,通辽,88.0
20201111,14,SO2,通辽,28.0
20201111,14,SO2_24h,通辽,50.0
20201111,14,NO2,通辽,32.0
20201111,14,NO2_24h,通辽,41.0
20201111,14,O3,通辽,55.0
20201111,14,O3_24h,通辽,58.0
20201111,14,O3_8h,通辽,31.0
20201111,14,O3_8h_24h,通辽,31.0
20201111,14,CO,通辽,0.83
20201111,14,CO_24h,通辽,0.67
20201111,15,AQI,通辽,97.0
20201111,15,PM2.5,通辽,65.0
20201111,15,PM2.5_24h,通辽,50.0
20201111,15,PM10,通辽,144.0
20201111,15,PM10_24h,通辽,92.0
20201111,15,SO2,通辽,27.0
20201111,15,SO2_24h,通辽,51.0
20201111,15,NO2,通辽,40.0
20201111,15,NO2_24h,通辽,42.0
20201111,15,O3,通辽,54.0
20201111,15,O3_24h,通辽,56.0
20201111,15,O3_8h,通辽,37.0
20201111,15,O3_8h_24h,通辽,37.0
20201111,15,CO,通辽,0.9
20201111,15,CO_24h,通辽,0.7
20201111,16,AQI,通辽,95.0
20201111,16,PM2.5,通辽,71.0
20201111,16,PM2.5_24h,通辽,51.0
20201111,16,PM10,通辽,140.0
20201111,16,PM10_24h,通辽,96.0
20201111,16,SO2,通辽,29.0
20201111,16,SO2_24h,通辽,52.0
20201111,16,NO2,通辽,46.0
20201111,16,NO2_24h,通辽,43.0
20201111,16,O3,通辽,49.0
20201111,16,O3_24h,通辽,56.0
20201111,16,O3_8h,通辽,41.0
20201111,16,O3_8h_24h,通辽,41.0
20201111,16,CO,通辽,0.97
20201111,16,CO_24h,通辽,0.7
20201111,17,AQI,通辽,106.0
20201111,17,PM2.5,通辽,77.0
20201111,17,PM2.5_24h,通辽,53.0
20201111,17,PM10,通辽,162.0
20201111,17,PM10_24h,通辽,99.0
20201111,17,SO2,通辽,35.0
20201111,17,SO2_24h,通辽,52.0
20201111,17,NO2,通辽,48.0
20201111,17,NO2_24h,通辽,43.0
20201111,17,O3,通辽,47.0
20201111,17,O3_24h,通辽,56.0
20201111,17,O3_8h,通辽,45.0
20201111,17,O3_8h_24h,通辽,45.0
20201111,17,CO,通辽,0.93
20201111,17,CO_24h,通辽,0.73
20201111,18,AQI,通辽,125.0
20201111,18,PM2.5,通辽,95.0
20201111,18,PM2.5_24h,通辽,55.0
20201111,18,PM10,通辽,183.0
20201111,18,PM10_24h,通辽,102.0
20201111,18,SO2,通辽,41.0
20201111,18,SO2_24h,通辽,53.0
20201111,18,NO2,通辽,47.0
20201111,18,NO2_24h,通辽,42.0
20201111,18,O3,通辽,60.0
20201111,18,O3_24h,通辽,60.0
20201111,18,O3_8h,通辽,50.0
20201111,18,O3_8h_24h,通辽,50.0
20201111,18,CO,通辽,0.93
20201111,18,CO_24h,通辽,0.73
20201111,19,AQI,通辽,149.0
20201111,19,PM2.5,通辽,114.0
20201111,19,PM2.5_24h,通辽,58.0
20201111,19,PM10,通辽,227.0
20201111,19,PM10_24h,通辽,108.0
20201111,19,SO2,通辽,42.0
20201111,19,SO2_24h,通辽,53.0
20201111,19,NO2,通辽,49.0
20201111,19,NO2_24h,通辽,41.0
20201111,19,O3,通辽,76.0
20201111,19,O3_24h,通辽,76.0
20201111,19,O3_8h,通辽,55.0
20201111,19,O3_8h_24h,通辽,55.0
20201111,19,CO,通辽,0.97
20201111,19,CO_24h,通辽,0.73
20201111,20,AQI,通辽,159.0
20201111,20,PM2.5,通辽,121.0
20201111,20,PM2.5_24h,通辽,60.0
20201111,20,PM10,通辽,230.0
20201111,20,PM10_24h,通辽,113.0
20201111,20,SO2,通辽,39.0
20201111,20,SO2_24h,通辽,52.0
20201111,20,NO2,通辽,43.0
20201111,20,NO2_24h,通辽,41.0
20201111,20,O3,通辽,75.0
20201111,20,O3_24h,通辽,77.0
20201111,20,O3_8h,通辽,59.0
20201111,20,O3_8h_24h,通辽,59.0
20201111,20,CO,通辽,1.2
20201111,20,CO_24h,通辽,0.77
20201111,21,AQI,通辽,157.0
20201111,21,PM2.5,通辽,120.0
20201111,21,PM2.5_24h,通辽,63.0
20201111,21,PM10,通辽,216.0
20201111,21,PM10_24h,通辽,119.0
20201111,21,SO2,通辽,45.0
20201111,21,SO2_24h,通辽,52.0
20201111,21,NO2,通辽,46.0
20201111,21,NO2_24h,通辽,41.0
20201111,21,O3,通辽,60.0
20201111,21,O3_24h,通辽,77.0
20201111,21,O3_8h,通辽,60.0
20201111,21,O3_8h_24h,通辽,60.0
20201111,21,CO,通辽,1.37
20201111,21,CO_24h,通辽,0.8
20201111,22,AQI,通辽,161.0
20201111,22,PM2.5,通辽,123.0
20201111,22,PM2.5_24h,通辽,67.0
20201111,22,PM10,通辽,211.0
20201111,22,PM10_24h,通辽,124.0
20201111,22,SO2,通辽,41.0
20201111,22,SO2_24h,通辽,52.0
20201111,22,NO2,通辽,42.0
20201111,22,NO2_24h,通辽,41.0
20201111,22,O3,通辽,55.0
20201111,22,O3_24h,通辽,77.0
20201111,22,O3_8h,通辽,60.0
20201111,22,O3_8h_24h,通辽,60.0
20201111,22,CO,通辽,1.4
20201111,22,CO_24h,通辽,0.83
20201111,23,AQI,通辽,164.0
20201111,23,PM2.5,通辽,125.0
20201111,23,PM2.5_24h,通辽,70.0
20201111,23,PM10,通辽,210.0
20201111,23,PM10_24h,通辽,129.0
20201111,23,SO2,通辽,34.0
20201111,23,SO2_24h,通辽,52.0
20201111,23,NO2,通辽,38.0
20201111,23,NO2_24h,通辽,41.0
20201111,23,O3,通辽,51.0
20201111,23,O3_24h,通辽,77.0
20201111,23,O3_8h,通辽,60.0
20201111,23,O3_8h_24h,通辽,60.0
20201111,23,CO,通辽,1.37
20201111,23,CO_24h,通辽,0.9
20201111,0,AQI,呼伦贝尔,16.0
20201111,0,PM2.5,呼伦贝尔,11.0
20201111,0,PM2.5_24h,呼伦贝尔,16.0
20201111,0,PM10,呼伦贝尔,16.0
20201111,0,PM10_24h,呼伦贝尔,20.0
20201111,0,SO2,呼伦贝尔,2.0
20201111,0,SO2_24h,呼伦贝尔,3.0
20201111,0,NO2,呼伦贝尔,8.0
20201111,0,NO2_24h,呼伦贝尔,13.0
20201111,0,O3,呼伦贝尔,50.0
20201111,0,O3_24h,呼伦贝尔,58.0
20201111,0,O3_8h,呼伦贝尔,31.0
20201111,0,O3_8h_24h,呼伦贝尔,54.0
20201111,0,CO,呼伦贝尔,0.3
20201111,0,CO_24h,呼伦贝尔,0.35
20201111,1,AQI,呼伦贝尔,18.0
20201111,1,PM2.5,呼伦贝尔,12.0
20201111,1,PM2.5_24h,呼伦贝尔,15.0
20201111,1,PM10,呼伦贝尔,16.0
20201111,1,PM10_24h,呼伦贝尔,20.0
20201111,1,SO2,呼伦贝尔,2.0
20201111,1,SO2_24h,呼伦贝尔,3.0
20201111,1,NO2,呼伦贝尔,5.0
20201111,1,NO2_24h,呼伦贝尔,13.0
20201111,1,O3,呼伦贝尔,56.0
20201111,1,O3_24h,呼伦贝尔,59.0
20201111,1,O3_8h,呼伦贝尔,56.0
20201111,1,O3_8h_24h,呼伦贝尔,56.0
20201111,1,CO,呼伦贝尔,0.25
20201111,1,CO_24h,呼伦贝尔,0.35
20201111,2,AQI,呼伦贝尔,21.0
20201111,2,PM2.5,呼伦贝尔,15.0
20201111,2,PM2.5_24h,呼伦贝尔,16.0
20201111,2,PM10,呼伦贝尔,14.0
20201111,2,PM10_24h,呼伦贝尔,20.0
20201111,2,SO2,呼伦贝尔,2.0
20201111,2,SO2_24h,呼伦贝尔,3.0
20201111,2,NO2,呼伦贝尔,4.0
20201111,2,NO2_24h,呼伦贝尔,13.0
20201111,2,O3,呼伦贝尔,57.0
20201111,2,O3_24h,呼伦贝尔,59.0
20201111,2,O3_8h,呼伦贝尔,57.0
20201111,2,O3_8h_24h,呼伦贝尔,57.0
20201111,2,CO,呼伦贝尔,0.25
20201111,2,CO_24h,呼伦贝尔,0.35
20201111,3,AQI,呼伦贝尔,23.0
20201111,3,PM2.5,呼伦贝尔,16.0
20201111,3,PM2.5_24h,呼伦贝尔,16.0
20201111,3,PM10,呼伦贝尔,17.0
20201111,3,PM10_24h,呼伦贝尔,20.0
20201111,3,SO2,呼伦贝尔,2.0
20201111,3,SO2_24h,呼伦贝尔,3.0
20201111,3,NO2,呼伦贝尔,4.0
20201111,3,NO2_24h,呼伦贝尔,13.0
20201111,3,O3,呼伦贝尔,56.0
20201111,3,O3_24h,呼伦贝尔,59.0
20201111,3,O3_8h,呼伦贝尔,56.0
20201111,3,O3_8h_24h,呼伦贝尔,57.0
20201111,3,CO,呼伦贝尔,0.25
20201111,3,CO_24h,呼伦贝尔,0.35
20201111,4,AQI,呼伦贝尔,19.0
20201111,4,PM2.5,呼伦贝尔,13.0
20201111,4,PM2.5_24h,呼伦贝尔,17.0
20201111,4,PM10,呼伦贝尔,17.0
20201111,4,PM10_24h,呼伦贝尔,21.0
20201111,4,SO2,呼伦贝尔,2.0
20201111,4,SO2_24h,呼伦贝尔,2.0
20201111,4,NO2,呼伦贝尔,4.0
20201111,4,NO2_24h,呼伦贝尔,13.0
20201111,4,O3,呼伦贝尔,55.0
20201111,4,O3_24h,呼伦贝尔,59.0
20201111,4,O3_8h,呼伦贝尔,56.0
20201111,4,O3_8h_24h,呼伦贝尔,57.0
20201111,4,CO,呼伦贝尔,0.25
20201111,4,CO_24h,呼伦贝尔,0.35
20201111,5,AQI,呼伦贝尔,19.0
20201111,5,PM2.5,呼伦贝尔,13.0
20201111,5,PM2.5_24h,呼伦贝尔,16.0
20201111,5,PM10,呼伦贝尔,16.0
20201111,5,PM10_24h,呼伦贝尔,21.0
20201111,5,SO2,呼伦贝尔,2.0
20201111,5,SO2_24h,呼伦贝尔,2.0
20201111,5,NO2,呼伦贝尔,4.0
20201111,5,NO2_24h,呼伦贝尔,13.0
20201111,5,O3,呼伦贝尔,55.0
20201111,5,O3_24h,呼伦贝尔,59.0
20201111,5,O3_8h,呼伦贝尔,56.0
20201111,5,O3_8h_24h,呼伦贝尔,57.0
20201111,5,CO,呼伦贝尔,0.25
20201111,5,CO_24h,呼伦贝尔,0.35
20201111,6,AQI,呼伦贝尔,19.0
20201111,6,PM2.5,呼伦贝尔,13.0
20201111,6,PM2.5_24h,呼伦贝尔,16.0
20201111,6,PM10,呼伦贝尔,15.0
20201111,6,PM10_24h,呼伦贝尔,21.0
20201111,6,SO2,呼伦贝尔,2.0
20201111,6,SO2_24h,呼伦贝尔,2.0
20201111,6,NO2,呼伦贝尔,4.0
20201111,6,NO2_24h,呼伦贝尔,13.0
20201111,6,O3,呼伦贝尔,56.0
20201111,6,O3_24h,呼伦贝尔,59.0
20201111,6,O3_8h,呼伦贝尔,56.0
20201111,6,O3_8h_24h,呼伦贝尔,57.0
20201111,6,CO,呼伦贝尔,0.25
20201111,6,CO_24h,呼伦贝尔,0.35
20201111,8,AQI,呼伦贝尔,19.0
20201111,8,PM2.5,呼伦贝尔,13.0
20201111,8,PM2.5_24h,呼伦贝尔,16.0
20201111,8,PM10,呼伦贝尔,18.0
20201111,8,PM10_24h,呼伦贝尔,21.0
20201111,8,SO2,呼伦贝尔,3.0
20201111,8,SO2_24h,呼伦贝尔,2.0
20201111,8,NO2,呼伦贝尔,13.0
20201111,8,NO2_24h,呼伦贝尔,13.0
20201111,8,O3,呼伦贝尔,52.0
20201111,8,O3_24h,呼伦贝尔,57.0
20201111,8,O3_8h,呼伦贝尔,55.0
20201111,8,O3_8h_24h,呼伦贝尔,57.0
20201111,8,CO,呼伦贝尔,0.4
20201111,8,CO_24h,呼伦贝尔,0.35
20201111,10,AQI,呼伦贝尔,22.0
20201111,10,PM2.5,呼伦贝尔,13.0
20201111,10,PM2.5_24h,呼伦贝尔,16.0
20201111,10,PM10,呼伦贝尔,22.0
20201111,10,PM10_24h,呼伦贝尔,21.0
20201111,10,SO2,呼伦贝尔,3.0
20201111,10,SO2_24h,呼伦贝尔,2.0
20201111,10,NO2,呼伦贝尔,8.0
20201111,10,NO2_24h,呼伦贝尔,13.0
20201111,10,O3,呼伦贝尔,60.0
20201111,10,O3_24h,呼伦贝尔,58.0
20201111,10,O3_8h,呼伦贝尔,55.0
20201111,10,O3_8h_24h,呼伦贝尔,57.0
20201111,10,CO,呼伦贝尔,0.3
20201111,10,CO_24h,呼伦贝尔,0.35
20201111,11,AQI,呼伦贝尔,24.0
20201111,11,PM2.5,呼伦贝尔,13.0
20201111,11,PM2.5_24h,呼伦贝尔,16.0
20201111,11,PM10,呼伦贝尔,24.0
20201111,11,PM10_24h,呼伦贝尔,21.0
20201111,11,SO2,呼伦贝尔,3.0
20201111,11,SO2_24h,呼伦贝尔,2.0
20201111,11,NO2,呼伦贝尔,8.0
20201111,11,NO2_24h,呼伦贝尔,13.0
20201111,11,O3,呼伦贝尔,63.0
20201111,11,O3_24h,呼伦贝尔,63.0
20201111,11,O3_8h,呼伦贝尔,57.0
20201111,11,O3_8h_24h,呼伦贝尔,57.0
20201111,11,CO,呼伦贝尔,0.3
20201111,11,CO_24h,呼伦贝尔,0.35
20201111,12,AQI,呼伦贝尔,25.0
20201111,12,PM2.5,呼伦贝尔,13.0
20201111,12,PM2.5_24h,呼伦贝尔,16.0
20201111,12,PM10,呼伦贝尔,25.0
20201111,12,PM10_24h,呼伦贝尔,21.0
20201111,12,SO2,呼伦贝尔,4.0
20201111,12,SO2_24h,呼伦贝尔,2.0
20201111,12,NO2,呼伦贝尔,9.0
20201111,12,NO2_24h,呼伦贝尔,13.0
20201111,12,O3,呼伦贝尔,64.0
20201111,12,O3_24h,呼伦贝尔,65.0
20201111,12,O3_8h,呼伦贝尔,57.0
20201111,12,O3_8h_24h,呼伦贝尔,57.0
20201111,12,CO,呼伦贝尔,0.3
20201111,12,CO_24h,呼伦贝尔,0.35
20201111,13,AQI,呼伦贝尔,25.0
20201111,13,PM2.5,呼伦贝尔,16.0
20201111,13,PM2.5_24h,呼伦贝尔,16.0
20201111,13,PM10,呼伦贝尔,25.0
20201111,13,PM10_24h,呼伦贝尔,22.0
20201111,13,SO2,呼伦贝尔,4.0
20201111,13,SO2_24h,呼伦贝尔,3.0
20201111,13,NO2,呼伦贝尔,8.0
20201111,13,NO2_24h,呼伦贝尔,13.0
20201111,13,O3,呼伦贝尔,66.0
20201111,13,O3_24h,呼伦贝尔,67.0
20201111,13,O3_8h,呼伦贝尔,59.0
20201111,13,O3_8h_24h,呼伦贝尔,59.0
20201111,13,CO,呼伦贝尔,0.35
20201111,13,CO_24h,呼伦贝尔,0.35
20201111,14,AQI,呼伦贝尔,24.0
20201111,14,PM2.5,呼伦贝尔,15.0
20201111,14,PM2.5_24h,呼伦贝尔,16.0
20201111,14,PM10,呼伦贝尔,24.0
20201111,14,PM10_24h,呼伦贝尔,22.0
20201111,14,SO2,呼伦贝尔,3.0
20201111,14,SO2_24h,呼伦贝尔,3.0
20201111,14,NO2,呼伦贝尔,8.0
20201111,14,NO2_24h,呼伦贝尔,13.0
20201111,14,O3,呼伦贝尔,68.0
20201111,14,O3_24h,呼伦贝尔,68.0
20201111,14,O3_8h,呼伦贝尔,61.0
20201111,14,O3_8h_24h,呼伦贝尔,61.0
20201111,14,CO,呼伦贝尔,0.35
20201111,14,CO_24h,呼伦贝尔,0.4
20201111,15,AQI,呼伦贝尔,26.0
20201111,15,PM2.5,呼伦贝尔,14.0
20201111,15,PM2.5_24h,呼伦贝尔,16.0
20201111,15,PM10,呼伦贝尔,26.0
20201111,15,PM10_24h,呼伦贝尔,22.0
20201111,15,SO2,呼伦贝尔,3.0
20201111,15,SO2_24h,呼伦贝尔,3.0
20201111,15,NO2,呼伦贝尔,9.0
20201111,15,NO2_24h,呼伦贝尔,13.0
20201111,15,O3,呼伦贝尔,63.0
20201111,15,O3_24h,呼伦贝尔,68.0
20201111,15,O3_8h,呼伦贝尔,62.0
20201111,15,O3_8h_24h,呼伦贝尔,62.0
20201111,15,CO,呼伦贝尔,0.35
20201111,15,CO_24h,呼伦贝尔,0.4
20201111,16,AQI,呼伦贝尔,25.0
20201111,16,PM2.5,呼伦贝尔,15.0
20201111,16,PM2.5_24h,呼伦贝尔,16.0
20201111,16,PM10,呼伦贝尔,25.0
20201111,16,PM10_24h,呼伦贝尔,22.0
20201111,16,SO2,呼伦贝尔,3.0
20201111,16,SO2_24h,呼伦贝尔,3.0
20201111,16,NO2,呼伦贝尔,9.0
20201111,16,NO2_24h,呼伦贝尔,13.0
20201111,16,O3,呼伦贝尔,57.0
20201111,16,O3_24h,呼伦贝尔,68.0
20201111,16,O3_8h,呼伦贝尔,62.0
20201111,16,O3_8h_24h,呼伦贝尔,62.0
20201111,16,CO,呼伦贝尔,0.35
20201111,16,CO_24h,呼伦贝尔,0.4
20201111,17,AQI,呼伦贝尔,28.0
20201111,17,PM2.5,呼伦贝尔,15.0
20201111,17,PM2.5_24h,呼伦贝尔,16.0
20201111,17,PM10,呼伦贝尔,28.0
20201111,17,PM10_24h,呼伦贝尔,23.0
20201111,17,SO2,呼伦贝尔,3.0
20201111,17,SO2_24h,呼伦贝尔,3.0
20201111,17,NO2,呼伦贝尔,19.0
20201111,17,NO2_24h,呼伦贝尔,13.0
20201111,17,O3,呼伦贝尔,43.0
20201111,17,O3_24h,呼伦贝尔,68.0
20201111,17,O3_8h,呼伦贝尔,61.0
20201111,17,O3_8h_24h,呼伦贝尔,62.0
20201111,17,CO,呼伦贝尔,0.45
20201111,17,CO_24h,呼伦贝尔,0.35
20201111,18,AQI,呼伦贝尔,33.0
20201111,18,PM2.5,呼伦贝尔,16.0
20201111,18,PM2.5_24h,呼伦贝尔,16.0
20201111,18,PM10,呼伦贝尔,33.0
20201111,18,PM10_24h,呼伦贝尔,23.0
20201111,18,SO2,呼伦贝尔,3.0
20201111,18,SO2_24h,呼伦贝尔,2.0
20201111,18,NO2,呼伦贝尔,25.0
20201111,18,NO2_24h,呼伦贝尔,12.0
20201111,18,O3,呼伦贝尔,32.0
20201111,18,O3_24h,呼伦贝尔,68.0
20201111,18,O3_8h,呼伦贝尔,57.0
20201111,18,O3_8h_24h,呼伦贝尔,62.0
20201111,18,CO,呼伦贝尔,0.55
20201111,18,CO_24h,呼伦贝尔,0.35
20201111,19,AQI,呼伦贝尔,29.0
20201111,19,PM2.5,呼伦贝尔,15.0
20201111,19,PM2.5_24h,呼伦贝尔,15.0
20201111,19,PM10,呼伦贝尔,29.0
20201111,19,PM10_24h,呼伦贝尔,23.0
20201111,19,SO2,呼伦贝尔,2.0
20201111,19,SO2_24h,呼伦贝尔,2.0
20201111,19,NO2,呼伦贝尔,18.0
20201111,19,NO2_24h,呼伦贝尔,12.0
20201111,19,O3,呼伦贝尔,34.0
20201111,19,O3_24h,呼伦贝尔,68.0
20201111,19,O3_8h,呼伦贝尔,53.0
20201111,19,O3_8h_24h,呼伦贝尔,62.0
20201111,19,CO,呼伦贝尔,0.5
20201111,19,CO_24h,呼伦贝尔,0.35
20201111,20,AQI,呼伦贝尔,29.0
20201111,20,PM2.5,呼伦贝尔,10.0
20201111,20,PM2.5_24h,呼伦贝尔,14.0
20201111,20,PM10,呼伦贝尔,29.0
20201111,20,PM10_24h,呼伦贝尔,22.0
20201111,20,SO2,呼伦贝尔,2.0
20201111,20,SO2_24h,呼伦贝尔,2.0
20201111,20,NO2,呼伦贝尔,12.0
20201111,20,NO2_24h,呼伦贝尔,11.0
20201111,20,O3,呼伦贝尔,39.0
20201111,20,O3_24h,呼伦贝尔,68.0
20201111,20,O3_8h,呼伦贝尔,50.0
20201111,20,O3_8h_24h,呼伦贝尔,62.0
20201111,20,CO,呼伦贝尔,0.45
20201111,20,CO_24h,呼伦贝尔,0.35
20201111,21,AQI,呼伦贝尔,28.0
20201111,21,PM2.5,呼伦贝尔,18.0
20201111,21,PM2.5_24h,呼伦贝尔,14.0
20201111,21,PM10,呼伦贝尔,28.0
20201111,21,PM10_24h,呼伦贝尔,22.0
20201111,21,SO2,呼伦贝尔,2.0
20201111,21,SO2_24h,呼伦贝尔,2.0
20201111,21,NO2,呼伦贝尔,8.0
20201111,21,NO2_24h,呼伦贝尔,10.0
20201111,21,O3,呼伦贝尔,46.0
20201111,21,O3_24h,呼伦贝尔,68.0
20201111,21,O3_8h,呼伦贝尔,48.0
20201111,21,O3_8h_24h,呼伦贝尔,62.0
20201111,21,CO,呼伦贝尔,0.4
20201111,21,CO_24h,呼伦贝尔,0.35
20201111,22,AQI,呼伦贝尔,27.0
20201111,22,PM2.5,呼伦贝尔,19.0
20201111,22,PM2.5_24h,呼伦贝尔,14.0
20201111,22,PM10,呼伦贝尔,22.0
20201111,22,PM10_24h,呼伦贝尔,22.0
20201111,22,SO2,呼伦贝尔,2.0
20201111,22,SO2_24h,呼伦贝尔,2.0
20201111,22,NO2,呼伦贝尔,8.0
20201111,22,NO2_24h,呼伦贝尔,9.0
20201111,22,O3,呼伦贝尔,49.0
20201111,22,O3_24h,呼伦贝尔,68.0
20201111,22,O3_8h,呼伦贝尔,46.0
20201111,22,O3_8h_24h,呼伦贝尔,62.0
20201111,22,CO,呼伦贝尔,0.4
20201111,22,CO_24h,呼伦贝尔,0.35
20201111,23,AQI,呼伦贝尔,23.0
20201111,23,PM2.5,呼伦贝尔,16.0
20201111,23,PM2.5_24h,呼伦贝尔,14.0
20201111,23,PM10,呼伦贝尔,20.0
20201111,23,PM10_24h,呼伦贝尔,22.0
20201111,23,SO2,呼伦贝尔,2.0
20201111,23,SO2_24h,呼伦贝尔,2.0
20201111,23,NO2,呼伦贝尔,7.0
20201111,23,NO2_24h,呼伦贝尔,9.0
20201111,23,O3,呼伦贝尔,50.0
20201111,23,O3_24h,呼伦贝尔,68.0
20201111,23,O3_8h,呼伦贝尔,44.0
20201111,23,O3_8h_24h,呼伦贝尔,62.0
20201111,23,CO,呼伦贝尔,0.4
20201111,23,CO_24h,呼伦贝尔,0.35
20201111,0,AQI,巴彦淖尔,136.0
20201111,0,PM2.5,巴彦淖尔,99.0
20201111,0,PM2.5_24h,巴彦淖尔,56.0
20201111,0,PM10,巴彦淖尔,222.0
20201111,0,PM10_24h,巴彦淖尔,128.0
20201111,0,SO2,巴彦淖尔,47.0
20201111,0,SO2_24h,巴彦淖尔,34.0
20201111,0,NO2,巴彦淖尔,75.0
20201111,0,NO2_24h,巴彦淖尔,50.0
20201111,0,O3,巴彦淖尔,6.0
20201111,0,O3_24h,巴彦淖尔,78.0
20201111,0,O3_8h,巴彦淖尔,13.0
20201111,0,O3_8h_24h,巴彦淖尔,50.0
20201111,0,CO,巴彦淖尔,2.15
20201111,0,CO_24h,巴彦淖尔,1.1
20201111,1,AQI,巴彦淖尔,145.0
20201111,1,PM2.5,巴彦淖尔,111.0
20201111,1,PM2.5_24h,巴彦淖尔,59.0
20201111,1,PM10,巴彦淖尔,211.0
20201111,1,PM10_24h,巴彦淖尔,132.0
20201111,1,SO2,巴彦淖尔,51.0
20201111,1,SO2_24h,巴彦淖尔,35.0
20201111,1,NO2,巴彦淖尔,71.0
20201111,1,NO2_24h,巴彦淖尔,51.0
20201111,1,O3,巴彦淖尔,8.0
20201111,1,O3_24h,巴彦淖尔,78.0
20201111,1,O3_8h,巴彦淖尔,8.0
20201111,1,O3_8h_24h,巴彦淖尔,8.0
20201111,1,CO,巴彦淖尔,1.3
20201111,1,CO_24h,巴彦淖尔,1.15
20201111,2,AQI,巴彦淖尔,113.0
20201111,2,PM2.5,巴彦淖尔,85.0
20201111,2,PM2.5_24h,巴彦淖尔,60.0
20201111,2,PM10,巴彦淖尔,176.0
20201111,2,PM10_24h,巴彦淖尔,135.0
20201111,2,SO2,巴彦淖尔,40.0
20201111,2,SO2_24h,巴彦淖尔,36.0
20201111,2,NO2,巴彦淖尔,70.0
20201111,2,NO2_24h,巴彦淖尔,52.0
20201111,2,O3,巴彦淖尔,7.0
20201111,2,O3_24h,巴彦淖尔,78.0
20201111,2,O3_8h,巴彦淖尔,8.0
20201111,2,O3_8h_24h,巴彦淖尔,8.0
20201111,2,CO,巴彦淖尔,1.2
20201111,2,CO_24h,巴彦淖尔,1.15
20201111,3,AQI,巴彦淖尔,119.0
20201111,3,PM2.5,巴彦淖尔,90.0
20201111,3,PM2.5_24h,巴彦淖尔,62.0
20201111,3,PM10,巴彦淖尔,180.0
20201111,3,PM10_24h,巴彦淖尔,139.0
20201111,3,SO2,巴彦淖尔,32.0
20201111,3,SO2_24h,巴彦淖尔,36.0
20201111,3,NO2,巴彦淖尔,69.0
20201111,3,NO2_24h,巴彦淖尔,53.0
20201111,3,O3,巴彦淖尔,5.0
20201111,3,O3_24h,巴彦淖尔,78.0
20201111,3,O3_8h,巴彦淖尔,7.0
20201111,3,O3_8h_24h,巴彦淖尔,8.0
20201111,3,CO,巴彦淖尔,1.45
20201111,3,CO_24h,巴彦淖尔,1.2
20201111,4,AQI,巴彦淖尔,116.0
20201111,4,PM2.5,巴彦淖尔,88.0
20201111,4,PM2.5_24h,巴彦淖尔,64.0
20201111,4,PM10,巴彦淖尔,180.0
20201111,4,PM10_24h,巴彦淖尔,142.0
20201111,4,SO2,巴彦淖尔,33.0
20201111,4,SO2_24h,巴彦淖尔,36.0
20201111,4,NO2,巴彦淖尔,70.0
20201111,4,NO2_24h,巴彦淖尔,55.0
20201111,4,O3,巴彦淖尔,6.0
20201111,4,O3_24h,巴彦淖尔,78.0
20201111,4,O3_8h,巴彦淖尔,7.0
20201111,4,O3_8h_24h,巴彦淖尔,8.0
20201111,4,CO,巴彦淖尔,2.05
20201111,4,CO_24h,巴彦淖尔,1.2
20201111,5,AQI,巴彦淖尔,135.0
20201111,5,PM2.5,巴彦淖尔,103.0
20201111,5,PM2.5_24h,巴彦淖尔,66.0
20201111,5,PM10,巴彦淖尔,193.0
20201111,5,PM10_24h,巴彦淖尔,146.0
20201111,5,SO2,巴彦淖尔,22.0
20201111,5,SO2_24h,巴彦淖尔,35.0
20201111,5,NO2,巴彦淖尔,60.0
20201111,5,NO2_24h,巴彦淖尔,56.0
20201111,5,O3,巴彦淖尔,5.0
20201111,5,O3_24h,巴彦淖尔,78.0
20201111,5,O3_8h,巴彦淖尔,6.0
20201111,5,O3_8h_24h,巴彦淖尔,8.0
20201111,5,CO,巴彦淖尔,0.8
20201111,5,CO_24h,巴彦淖尔,1.2
20201111,6,AQI,巴彦淖尔,99.0
20201111,6,PM2.5,巴彦淖尔,74.0
20201111,6,PM2.5_24h,巴彦淖尔,67.0
20201111,6,PM10,巴彦淖尔,147.0
20201111,6,PM10_24h,巴彦淖尔,149.0
20201111,6,SO2,巴彦淖尔,18.0
20201111,6,SO2_24h,巴彦淖尔,35.0
20201111,6,NO2,巴彦淖尔,44.0
20201111,6,NO2_24h,巴彦淖尔,56.0
20201111,6,O3,巴彦淖尔,11.0
20201111,6,O3_24h,巴彦淖尔,78.0
20201111,6,O3_8h,巴彦淖尔,7.0
20201111,6,O3_8h_24h,巴彦淖尔,9.0
20201111,6,CO,巴彦淖尔,0.45
20201111,6,CO_24h,巴彦淖尔,1.2
20201111,7,AQI,巴彦淖尔,87.0
20201111,7,PM2.5,巴彦淖尔,63.0
20201111,7,PM2.5_24h,巴彦淖尔,71.0
20201111,7,PM10,巴彦淖尔,124.0
20201111,7,PM10_24h,巴彦淖尔,154.0
20201111,7,SO2,巴彦淖尔,9.0
20201111,7,SO2_24h,巴彦淖尔,27.0
20201111,7,NO2,巴彦淖尔,44.0
20201111,7,NO2_24h,巴彦淖尔,56.0
20201111,7,O3,巴彦淖尔,8.0
20201111,7,O3_24h,巴彦淖尔,81.0
20201111,7,O3_8h,巴彦淖尔,7.0
20201111,7,O3_8h_24h,巴彦淖尔,7.0
20201111,7,CO,巴彦淖尔,0.5
20201111,7,CO_24h,巴彦淖尔,1.1
20201111,8,AQI,巴彦淖尔,95.0
20201111,8,PM2.5,巴彦淖尔,71.0
20201111,8,PM2.5_24h,巴彦淖尔,70.0
20201111,8,PM10,巴彦淖尔,139.0
20201111,8,PM10_24h,巴彦淖尔,154.0
20201111,8,SO2,巴彦淖尔,16.0
20201111,8,SO2_24h,巴彦淖尔,35.0
20201111,8,NO2,巴彦淖尔,44.0
20201111,8,NO2_24h,巴彦淖尔,57.0
20201111,8,O3,巴彦淖尔,9.0
20201111,8,O3_24h,巴彦淖尔,78.0
20201111,8,O3_8h,巴彦淖尔,8.0
20201111,8,O3_8h_24h,巴彦淖尔,9.0
20201111,8,CO,巴彦淖尔,0.95
20201111,8,CO_24h,巴彦淖尔,1.2
20201111,10,AQI,巴彦淖尔,111.0
20201111,10,PM2.5,巴彦淖尔,83.0
20201111,10,PM2.5_24h,巴彦淖尔,71.0
20201111,10,PM10,巴彦淖尔,171.0
20201111,10,PM10_24h,巴彦淖尔,156.0
20201111,10,SO2,巴彦淖尔,32.0
20201111,10,SO2_24h,巴彦淖尔,34.0
20201111,10,NO2,巴彦淖尔,50.0
20201111,10,NO2_24h,巴彦淖尔,57.0
20201111,10,O3,巴彦淖尔,16.0
20201111,10,O3_24h,巴彦淖尔,78.0
20201111,10,O3_8h,巴彦淖尔,9.0
20201111,10,O3_8h_24h,巴彦淖尔,10.0
20201111,10,CO,巴彦淖尔,1.35
20201111,10,CO_24h,巴彦淖尔,1.2
20201111,11,AQI,巴彦淖尔,115.0
20201111,11,PM2.5,巴彦淖尔,87.0
20201111,11,PM2.5_24h,巴彦淖尔,71.0
20201111,11,PM10,巴彦淖尔,176.0
20201111,11,PM10_24h,巴彦淖尔,157.0
20201111,11,SO2,巴彦淖尔,33.0
20201111,11,SO2_24h,巴彦淖尔,33.0
20201111,11,NO2,巴彦淖尔,52.0
20201111,11,NO2_24h,巴彦淖尔,57.0
20201111,11,O3,巴彦淖尔,23.0
20201111,11,O3_24h,巴彦淖尔,78.0
20201111,11,O3_8h,巴彦淖尔,11.0
20201111,11,O3_8h_24h,巴彦淖尔,11.0
20201111,11,CO,巴彦淖尔,1.15
20201111,11,CO_24h,巴彦淖尔,1.2
20201111,12,AQI,巴彦淖尔,111.0
20201111,12,PM2.5,巴彦淖尔,84.0
20201111,12,PM2.5_24h,巴彦淖尔,73.0
20201111,12,PM10,巴彦淖尔,166.0
20201111,12,PM10_24h,巴彦淖尔,158.0
20201111,12,SO2,巴彦淖尔,37.0
20201111,12,SO2_24h,巴彦淖尔,33.0
20201111,12,NO2,巴彦淖尔,43.0
20201111,12,NO2_24h,巴彦淖尔,57.0
20201111,12,O3,巴彦淖尔,47.0
20201111,12,O3_24h,巴彦淖尔,78.0
20201111,12,O3_8h,巴彦淖尔,16.0
20201111,12,O3_8h_24h,巴彦淖尔,16.0
20201111,12,CO,巴彦淖尔,0.9
20201111,12,CO_24h,巴彦淖尔,1.2
20201111,13,AQI,巴彦淖尔,123.0
20201111,13,PM2.5,巴彦淖尔,93.0
20201111,13,PM2.5_24h,巴彦淖尔,75.0
20201111,13,PM10,巴彦淖尔,158.0
20201111,13,PM10_24h,巴彦淖尔,160.0
20201111,13,SO2,巴彦淖尔,27.0
20201111,13,SO2_24h,巴彦淖尔,34.0
20201111,13,NO2,巴彦淖尔,43.0
20201111,13,NO2_24h,巴彦淖尔,58.0
20201111,13,O3,巴彦淖尔,55.0
20201111,13,O3_24h,巴彦淖尔,78.0
20201111,13,O3_8h,巴彦淖尔,23.0
20201111,13,O3_8h_24h,巴彦淖尔,23.0
20201111,13,CO,巴彦淖尔,0.95
20201111,13,CO_24h,巴彦淖尔,1.2
20201111,14,AQI,巴彦淖尔,100.0
20201111,14,PM2.5,巴彦淖尔,70.0
20201111,14,PM2.5_24h,巴彦淖尔,76.0
20201111,14,PM10,巴彦淖尔,150.0
20201111,14,PM10_24h,巴彦淖尔,163.0
20201111,14,SO2,巴彦淖尔,23.0
20201111,14,SO2_24h,巴彦淖尔,34.0
20201111,14,NO2,巴彦淖尔,32.0
20201111,14,NO2_24h,巴彦淖尔,59.0
20201111,14,O3,巴彦淖尔,73.0
20201111,14,O3_24h,巴彦淖尔,75.0
20201111,14,O3_8h,巴彦淖尔,31.0
20201111,14,O3_8h_24h,巴彦淖尔,31.0
20201111,14,CO,巴彦淖尔,0.75
20201111,14,CO_24h,巴彦淖尔,1.25
20201111,15,AQI,巴彦淖尔,101.0
20201111,15,PM2.5,巴彦淖尔,76.0
20201111,15,PM2.5_24h,巴彦淖尔,78.0
20201111,15,PM10,巴彦淖尔,141.0
20201111,15,PM10_24h,巴彦淖尔,166.0
20201111,15,SO2,巴彦淖尔,17.0
20201111,15,SO2_24h,巴彦淖尔,34.0
20201111,15,NO2,巴彦淖尔,20.0
20201111,15,NO2_24h,巴彦淖尔,58.0
20201111,15,O3,巴彦淖尔,97.0
20201111,15,O3_24h,巴彦淖尔,97.0
20201111,15,O3_8h,巴彦淖尔,43.0
20201111,15,O3_8h_24h,巴彦淖尔,43.0
20201111,15,CO,巴彦淖尔,0.65
20201111,15,CO_24h,巴彦淖尔,1.25
20201111,16,AQI,巴彦淖尔,87.0
20201111,16,PM2.5,巴彦淖尔,54.0
20201111,16,PM2.5_24h,巴彦淖尔,78.0
20201111,16,PM10,巴彦淖尔,123.0
20201111,16,PM10_24h,巴彦淖尔,167.0
20201111,16,SO2,巴彦淖尔,16.0
20201111,16,SO2_24h,巴彦淖尔,33.0
20201111,16,NO2,巴彦淖尔,19.0
20201111,16,NO2_24h,巴彦淖尔,58.0
20201111,16,O3,巴彦淖尔,101.0
20201111,16,O3_24h,巴彦淖尔,101.0
20201111,16,O3_8h,巴彦淖尔,55.0
20201111,16,O3_8h_24h,巴彦淖尔,55.0
20201111,16,CO,巴彦淖尔,0.6
20201111,16,CO_24h,巴彦淖尔,1.25
20201111,17,AQI,巴彦淖尔,81.0
20201111,17,PM2.5,巴彦淖尔,51.0
20201111,17,PM2.5_24h,巴彦淖尔,79.0
20201111,17,PM10,巴彦淖尔,112.0
20201111,17,PM10_24h,巴彦淖尔,167.0
20201111,17,SO2,巴彦淖尔,13.0
20201111,17,SO2_24h,巴彦淖尔,32.0
20201111,17,NO2,巴彦淖尔,23.0
20201111,17,NO2_24h,巴彦淖尔,57.0
20201111,17,O3,巴彦淖尔,93.0
20201111,17,O3_24h,巴彦淖尔,101.0
20201111,17,O3_8h,巴彦淖尔,66.0
20201111,17,O3_8h_24h,巴彦淖尔,66.0
20201111,17,CO,巴彦淖尔,0.65
20201111,17,CO_24h,巴彦淖尔,1.25
20201111,18,AQI,巴彦淖尔,74.0
20201111,18,PM2.5,巴彦淖尔,46.0
20201111,18,PM2.5_24h,巴彦淖尔,79.0
20201111,18,PM10,巴彦淖尔,98.0
20201111,18,PM10_24h,巴彦淖尔,166.0
20201111,18,SO2,巴彦淖尔,13.0
20201111,18,SO2_24h,巴彦淖尔,32.0
20201111,18,NO2,巴彦淖尔,32.0
20201111,18,NO2_24h,巴彦淖尔,55.0
20201111,18,O3,巴彦淖尔,74.0
20201111,18,O3_24h,巴彦淖尔,101.0
20201111,18,O3_8h,巴彦淖尔,74.0
20201111,18,O3_8h_24h,巴彦淖尔,74.0
20201111,18,CO,巴彦淖尔,0.6
20201111,18,CO_24h,巴彦淖尔,1.25
20201111,19,AQI,巴彦淖尔,77.0
20201111,19,PM2.5,巴彦淖尔,42.0
20201111,19,PM2.5_24h,巴彦淖尔,79.0
20201111,19,PM10,巴彦淖尔,104.0
20201111,19,PM10_24h,巴彦淖尔,163.0
20201111,19,SO2,巴彦淖尔,25.0
20201111,19,SO2_24h,巴彦淖尔,23.0
20201111,19,NO2,巴彦淖尔,38.0
20201111,19,NO2_24h,巴彦淖尔,50.0
20201111,19,O3,巴彦淖尔,61.0
20201111,19,O3_24h,巴彦淖尔,103.0
20201111,19,O3_8h,巴彦淖尔,77.0
20201111,19,O3_8h_24h,巴彦淖尔,77.0
20201111,19,CO,巴彦淖尔,0.7
20201111,19,CO_24h,巴彦淖尔,1.1
20201111,20,AQI,巴彦淖尔,77.0
20201111,20,PM2.5,巴彦淖尔,48.0
20201111,20,PM2.5_24h,巴彦淖尔,78.0
20201111,20,PM10,巴彦淖尔,104.0
20201111,20,PM10_24h,巴彦淖尔,159.0
20201111,20,SO2,巴彦淖尔,16.0
20201111,20,SO2_24h,巴彦淖尔,22.0
20201111,20,NO2,巴彦淖尔,35.0
20201111,20,NO2_24h,巴彦淖尔,48.0
20201111,20,O3,巴彦淖尔,64.0
20201111,20,O3_24h,巴彦淖尔,103.0
20201111,20,O3_8h,巴彦淖尔,79.0
20201111,20,O3_8h_24h,巴彦淖尔,79.0
20201111,20,CO,巴彦淖尔,0.6
20201111,20,CO_24h,巴彦淖尔,1.0
20201111,21,AQI,巴彦淖尔,76.0
20201111,21,PM2.5,巴彦淖尔,54.0
20201111,21,PM2.5_24h,巴彦淖尔,77.0
20201111,21,PM10,巴彦淖尔,101.0
20201111,21,PM10_24h,巴彦淖尔,155.0
20201111,21,SO2,巴彦淖尔,12.0
20201111,21,SO2_24h,巴彦淖尔,21.0
20201111,21,NO2,巴彦淖尔,49.0
20201111,21,NO2_24h,巴彦淖尔,47.0
20201111,21,O3,巴彦淖尔,41.0
20201111,21,O3_24h,巴彦淖尔,103.0
20201111,21,O3_8h,巴彦淖尔,77.0
20201111,21,O3_8h_24h,巴彦淖尔,79.0
20201111,21,CO,巴彦淖尔,0.6
20201111,21,CO_24h,巴彦淖尔,0.9
20201111,22,AQI,巴彦淖尔,80.0
20201111,22,PM2.5,巴彦淖尔,59.0
20201111,22,PM2.5_24h,巴彦淖尔,75.0
20201111,22,PM10,巴彦淖尔,110.0
20201111,22,PM10_24h,巴彦淖尔,151.0
20201111,22,SO2,巴彦淖尔,15.0
20201111,22,SO2_24h,巴彦淖尔,20.0
20201111,22,NO2,巴彦淖尔,57.0
20201111,22,NO2_24h,巴彦淖尔,46.0
20201111,22,O3,巴彦淖尔,26.0
20201111,22,O3_24h,巴彦淖尔,103.0
20201111,22,O3_8h,巴彦淖尔,71.0
20201111,22,O3_8h_24h,巴彦淖尔,79.0
20201111,22,CO,巴彦淖尔,0.7
20201111,22,CO_24h,巴彦淖尔,0.9
20201111,23,AQI,巴彦淖尔,96.0
20201111,23,PM2.5,巴彦淖尔,72.0
20201111,23,PM2.5_24h,巴彦淖尔,74.0
20201111,23,PM10,巴彦淖尔,120.0
20201111,23,PM10_24h,巴彦淖尔,147.0
20201111,23,SO2,巴彦淖尔,11.0
20201111,23,SO2_24h,巴彦淖尔,19.0
20201111,23,NO2,巴彦淖尔,67.0
20201111,23,NO2_24h,巴彦淖尔,46.0
20201111,23,O3,巴彦淖尔,11.0
20201111,23,O3_24h,巴彦淖尔,103.0
20201111,23,O3_8h,巴彦淖尔,60.0
20201111,23,O3_8h_24h,巴彦淖尔,79.0
20201111,23,CO,巴彦淖尔,0.8
20201111,23,CO_24h,巴彦淖尔,0.9
20201111,0,AQI,乌兰察布,53.0
20201111,0,PM2.5,乌兰察布,37.0
20201111,0,PM2.5_24h,乌兰察布,30.0
20201111,0,PM10,乌兰察布,52.0
20201111,0,PM10_24h,乌兰察布,49.0
20201111,0,SO2,乌兰察布,22.0
20201111,0,SO2_24h,乌兰察布,22.0
20201111,0,NO2,乌兰察布,77.0
20201111,0,NO2_24h,乌兰察布,54.0
20201111,0,O3,乌兰察布,4.0
20201111,0,O3_24h,乌兰察布,70.0
20201111,0,O3_8h,乌兰察布,26.0
20201111,0,O3_8h_24h,乌兰察布,49.0
20201111,0,CO,乌兰察布,0.8
20201111,0,CO_24h,乌兰察布,0.85
20201111,1,AQI,乌兰察布,52.0
20201111,1,PM2.5,乌兰察布,32.0
20201111,1,PM2.5_24h,乌兰察布,30.0
20201111,1,PM10,乌兰察布,54.0
20201111,1,PM10_24h,乌兰察布,50.0
20201111,1,SO2,乌兰察布,25.0
20201111,1,SO2_24h,乌兰察布,22.0
20201111,1,NO2,乌兰察布,83.0
20201111,1,NO2_24h,乌兰察布,56.0
20201111,1,O3,乌兰察布,2.0
20201111,1,O3_24h,乌兰察布,70.0
20201111,1,O3_8h,乌兰察布,2.0
20201111,1,O3_8h_24h,乌兰察布,2.0
20201111,1,CO,乌兰察布,0.75
20201111,1,CO_24h,乌兰察布,0.85
20201111,2,AQI,乌兰察布,58.0
20201111,2,PM2.5,乌兰察布,30.0
20201111,2,PM2.5_24h,乌兰察布,30.0
20201111,2,PM10,乌兰察布,65.0
20201111,2,PM10_24h,乌兰察布,52.0
20201111,2,SO2,乌兰察布,23.0
20201111,2,SO2_24h,乌兰察布,23.0
20201111,2,NO2,乌兰察布,70.0
20201111,2,NO2_24h,乌兰察布,56.0
20201111,2,O3,乌兰察布,5.0
20201111,2,O3_24h,乌兰察布,70.0
20201111,2,O3_8h,乌兰察布,3.0
20201111,2,O3_8h_24h,乌兰察布,3.0
20201111,2,CO,乌兰察布,0.95
20201111,2,CO_24h,乌兰察布,0.9
20201111,3,AQI,乌兰察布,55.0
20201111,3,PM2.5,乌兰察布,36.0
20201111,3,PM2.5_24h,乌兰察布,31.0
20201111,3,PM10,乌兰察布,59.0
20201111,3,PM10_24h,乌兰察布,53.0
20201111,3,SO2,乌兰察布,21.0
20201111,3,SO2_24h,乌兰察布,23.0
20201111,3,NO2,乌兰察布,69.0
20201111,3,NO2_24h,乌兰察布,57.0
20201111,3,O3,乌兰察布,2.0
20201111,3,O3_24h,乌兰察布,70.0
20201111,3,O3_8h,乌兰察布,3.0
20201111,3,O3_8h_24h,乌兰察布,3.0
20201111,3,CO,乌兰察布,1.1
20201111,3,CO_24h,乌兰察布,0.9
20201111,4,AQI,乌兰察布,57.0
20201111,4,PM2.5,乌兰察布,35.0
20201111,4,PM2.5_24h,乌兰察布,32.0
20201111,4,PM10,乌兰察布,64.0
20201111,4,PM10_24h,乌兰察布,54.0
20201111,4,SO2,乌兰察布,18.0
20201111,4,SO2_24h,乌兰察布,23.0
20201111,4,NO2,乌兰察布,66.0
20201111,4,NO2_24h,乌兰察布,58.0
20201111,4,O3,乌兰察布,2.0
20201111,4,O3_24h,乌兰察布,70.0
20201111,4,O3_8h,乌兰察布,3.0
20201111,4,O3_8h_24h,乌兰察布,3.0
20201111,4,CO,乌兰察布,0.95
20201111,4,CO_24h,乌兰察布,0.9
20201111,5,AQI,乌兰察布,63.0
20201111,5,PM2.5,乌兰察布,36.0
20201111,5,PM2.5_24h,乌兰察布,32.0
20201111,5,PM10,乌兰察布,76.0
20201111,5,PM10_24h,乌兰察布,56.0
20201111,5,SO2,乌兰察布,22.0
20201111,5,SO2_24h,乌兰察布,24.0
20201111,5,NO2,乌兰察布,68.0
20201111,5,NO2_24h,乌兰察布,58.0
20201111,5,O3,乌兰察布,2.0
20201111,5,O3_24h,乌兰察布,70.0
20201111,5,O3_8h,乌兰察布,2.0
20201111,5,O3_8h_24h,乌兰察布,3.0
20201111,5,CO,乌兰察布,1.05
20201111,5,CO_24h,乌兰察布,0.9
20201111,6,AQI,乌兰察布,57.0
20201111,6,PM2.5,乌兰察布,39.0
20201111,6,PM2.5_24h,乌兰察布,33.0
20201111,6,PM10,乌兰察布,64.0
20201111,6,PM10_24h,乌兰察布,57.0
20201111,6,SO2,乌兰察布,27.0
20201111,6,SO2_24h,乌兰察布,24.0
20201111,6,NO2,乌兰察布,65.0
20201111,6,NO2_24h,乌兰察布,58.0
20201111,6,O3,乌兰察布,6.0
20201111,6,O3_24h,乌兰察布,70.0
20201111,6,O3_8h,乌兰察布,3.0
20201111,6,O3_8h_24h,乌兰察布,4.0
20201111,6,CO,乌兰察布,0.9
20201111,6,CO_24h,乌兰察布,0.9
20201111,8,AQI,乌兰察布,65.0
20201111,8,PM2.5,乌兰察布,47.0
20201111,8,PM2.5_24h,乌兰察布,34.0
20201111,8,PM10,乌兰察布,72.0
20201111,8,PM10_24h,乌兰察布,58.0
20201111,8,SO2,乌兰察布,39.0
20201111,8,SO2_24h,乌兰察布,26.0
20201111,8,NO2,乌兰察布,67.0
20201111,8,NO2_24h,乌兰察布,59.0
20201111,8,O3,乌兰察布,4.0
20201111,8,O3_24h,乌兰察布,70.0
20201111,8,O3_8h,乌兰察布,3.0
20201111,8,O3_8h_24h,乌兰察布,4.0
20201111,8,CO,乌兰察布,1.2
20201111,8,CO_24h,乌兰察布,0.9
20201111,10,AQI,乌兰察布,101.0
20201111,10,PM2.5,乌兰察布,76.0
20201111,10,PM2.5_24h,乌兰察布,38.0
20201111,10,PM10,乌兰察布,139.0
20201111,10,PM10_24h,乌兰察布,64.0
20201111,10,SO2,乌兰察布,28.0
20201111,10,SO2_24h,乌兰察布,26.0
20201111,10,NO2,乌兰察布,76.0
20201111,10,NO2_24h,乌兰察布,61.0
20201111,10,O3,乌兰察布,6.0
20201111,10,O3_24h,乌兰察布,70.0
20201111,10,O3_8h,乌兰察布,4.0
20201111,10,O3_8h_24h,乌兰察布,5.0
20201111,10,CO,乌兰察布,2.0
20201111,10,CO_24h,乌兰察布,1.0
20201111,11,AQI,乌兰察布,82.0
20201111,11,PM2.5,乌兰察布,46.0
20201111,11,PM2.5_24h,乌兰察布,39.0
20201111,11,PM10,乌兰察布,113.0
20201111,11,PM10_24h,乌兰察布,64.0
20201111,11,SO2,乌兰察布,35.0
20201111,11,SO2_24h,乌兰察布,26.0
20201111,11,NO2,乌兰察布,62.0
20201111,11,NO2_24h,乌兰察布,60.0
20201111,11,O3,乌兰察布,22.0
20201111,11,O3_24h,乌兰察布,70.0
20201111,11,O3_8h,乌兰察布,5.0
20201111,11,O3_8h_24h,乌兰察布,5.0
20201111,11,CO,乌兰察布,0.9
20201111,11,CO_24h,乌兰察布,0.95
20201111,12,AQI,乌兰察布,70.0
20201111,12,PM2.5,乌兰察布,51.0
20201111,12,PM2.5_24h,乌兰察布,39.0
20201111,12,PM10,乌兰察布,86.0
20201111,12,PM10_24h,乌兰察布,65.0
20201111,12,SO2,乌兰察布,36.0
20201111,12,SO2_24h,乌兰察布,26.0
20201111,12,NO2,乌兰察布,54.0
20201111,12,NO2_24h,乌兰察布,61.0
20201111,12,O3,乌兰察布,41.0
20201111,12,O3_24h,乌兰察布,70.0
20201111,12,O3_8h,乌兰察布,10.0
20201111,12,O3_8h_24h,乌兰察布,10.0
20201111,12,CO,乌兰察布,0.85
20201111,12,CO_24h,乌兰察布,0.95
20201111,13,AQI,乌兰察布,61.0
20201111,13,PM2.5,乌兰察布,44.0
20201111,13,PM2.5_24h,乌兰察布,39.0
20201111,13,PM10,乌兰察布,67.0
20201111,13,PM10_24h,乌兰察布,65.0
20201111,13,SO2,乌兰察布,28.0
20201111,13,SO2_24h,乌兰察布,25.0
20201111,13,NO2,乌兰察布,25.0
20201111,13,NO2_24h,乌兰察布,60.0
20201111,13,O3,乌兰察布,93.0
20201111,13,O3_24h,乌兰察布,93.0
20201111,13,O3_8h,乌兰察布,22.0
20201111,13,O3_8h_24h,乌兰察布,22.0
20201111,13,CO,乌兰察布,0.55
20201111,13,CO_24h,乌兰察布,0.9
20201111,14,AQI,乌兰察布,60.0
20201111,14,PM2.5,乌兰察布,41.0
20201111,14,PM2.5_24h,乌兰察布,40.0
20201111,14,PM10,乌兰察布,69.0
20201111,14,PM10_24h,乌兰察布,66.0
20201111,14,SO2,乌兰察布,27.0
20201111,14,SO2_24h,乌兰察布,25.0
20201111,14,NO2,乌兰察布,29.0
20201111,14,NO2_24h,乌兰察布,59.0
20201111,14,O3,乌兰察布,91.0
20201111,14,O3_24h,乌兰察布,93.0
20201111,14,O3_8h,乌兰察布,34.0
20201111,14,O3_8h_24h,乌兰察布,34.0
20201111,14,CO,乌兰察布,0.55
20201111,14,CO_24h,乌兰察布,0.9
20201111,15,AQI,乌兰察布,56.0
20201111,15,PM2.5,乌兰察布,40.0
20201111,15,PM2.5_24h,乌兰察布,40.0
20201111,15,PM10,乌兰察布,62.0
20201111,15,PM10_24h,乌兰察布,67.0
20201111,15,SO2,乌兰察布,23.0
20201111,15,SO2_24h,乌兰察布,25.0
20201111,15,NO2,乌兰察布,28.0
20201111,15,NO2_24h,乌兰察布,59.0
20201111,15,O3,乌兰察布,98.0
20201111,15,O3_24h,乌兰察布,98.0
20201111,15,O3_8h,乌兰察布,46.0
20201111,15,O3_8h_24h,乌兰察布,46.0
20201111,15,CO,乌兰察布,0.5
20201111,15,CO_24h,乌兰察布,0.9
20201111,16,AQI,乌兰察布,63.0
20201111,16,PM2.5,乌兰察布,38.0
20201111,16,PM2.5_24h,乌兰察布,41.0
20201111,16,PM10,乌兰察布,75.0
20201111,16,PM10_24h,乌兰察布,69.0
20201111,16,SO2,乌兰察布,21.0
20201111,16,SO2_24h,乌兰察布,26.0
20201111,16,NO2,乌兰察布,27.0
20201111,16,NO2_24h,乌兰察布,60.0
20201111,16,O3,乌兰察布,101.0
20201111,16,O3_24h,乌兰察布,101.0
20201111,16,O3_8h,乌兰察布,59.0
20201111,16,O3_8h_24h,乌兰察布,59.0
20201111,16,CO,乌兰察布,0.5
20201111,16,CO_24h,乌兰察布,0.9
20201111,17,AQI,乌兰察布,59.0
20201111,17,PM2.5,乌兰察布,37.0
20201111,17,PM2.5_24h,乌兰察布,41.0
20201111,17,PM10,乌兰察布,67.0
20201111,17,PM10_24h,乌兰察布,70.0
20201111,17,SO2,乌兰察布,14.0
20201111,17,SO2_24h,乌兰察布,26.0
20201111,17,NO2,乌兰察布,30.0
20201111,17,NO2_24h,乌兰察布,60.0
20201111,17,O3,乌兰察布,100.0
20201111,17,O3_24h,乌兰察布,101.0
20201111,17,O3_8h,乌兰察布,72.0
20201111,17,O3_8h_24h,乌兰察布,72.0
20201111,17,CO,乌兰察布,0.5
20201111,17,CO_24h,乌兰察布,0.9
20201111,18,AQI,乌兰察布,74.0
20201111,18,PM2.5,乌兰察布,54.0
20201111,18,PM2.5_24h,乌兰察布,42.0
20201111,18,PM10,乌兰察布,93.0
20201111,18,PM10_24h,乌兰察布,72.0
20201111,18,SO2,乌兰察布,16.0
20201111,18,SO2_24h,乌兰察布,25.0
20201111,18,NO2,乌兰察布,42.0
20201111,18,NO2_24h,乌兰察布,59.0
20201111,18,O3,乌兰察布,83.0
20201111,18,O3_24h,乌兰察布,101.0
20201111,18,O3_8h,乌兰察布,82.0
20201111,18,O3_8h_24h,乌兰察布,82.0
20201111,18,CO,乌兰察布,0.65
20201111,18,CO_24h,乌兰察布,0.9
20201111,19,AQI,乌兰察布,79.0
20201111,19,PM2.5,乌兰察布,54.0
20201111,19,PM2.5_24h,乌兰察布,43.0
20201111,19,PM10,乌兰察布,107.0
20201111,19,PM10_24h,乌兰察布,75.0
20201111,19,SO2,乌兰察布,20.0
20201111,19,SO2_24h,乌兰察布,25.0
20201111,19,NO2,乌兰察布,50.0
20201111,19,NO2_24h,乌兰察布,59.0
20201111,19,O3,乌兰察布,77.0
20201111,19,O3_24h,乌兰察布,101.0
20201111,19,O3_8h,乌兰察布,85.0
20201111,19,O3_8h_24h,乌兰察布,86.0
20201111,19,CO,乌兰察布,0.8
20201111,19,CO_24h,乌兰察布,0.9
20201111,20,AQI,乌兰察布,105.0
20201111,20,PM2.5,乌兰察布,79.0
20201111,20,PM2.5_24h,乌兰察布,45.0
20201111,20,PM10,乌兰察布,105.0
20201111,20,PM10_24h,乌兰察布,77.0
20201111,20,SO2,乌兰察布,23.0
20201111,20,SO2_24h,乌兰察布,26.0
20201111,20,NO2,乌兰察布,46.0
20201111,20,NO2_24h,乌兰察布,58.0
20201111,20,O3,乌兰察布,76.0
20201111,20,O3_24h,乌兰察布,101.0
20201111,20,O3_8h,乌兰察布,90.0
20201111,20,O3_8h_24h,乌兰察布,90.0
20201111,20,CO,乌兰察布,0.9
20201111,20,CO_24h,乌兰察布,0.9
20201111,21,AQI,乌兰察布,99.0
20201111,21,PM2.5,乌兰察布,74.0
20201111,21,PM2.5_24h,乌兰察布,46.0
20201111,21,PM10,乌兰察布,120.0
20201111,21,PM10_24h,乌兰察布,79.0
20201111,21,SO2,乌兰察布,26.0
20201111,21,SO2_24h,乌兰察布,25.0
20201111,21,NO2,乌兰察布,50.0
20201111,21,NO2_24h,乌兰察布,57.0
20201111,21,O3,乌兰察布,70.0
20201111,21,O3_24h,乌兰察布,101.0
20201111,21,O3_8h,乌兰察布,87.0
20201111,21,O3_8h_24h,乌兰察布,90.0
20201111,21,CO,乌兰察布,0.9
20201111,21,CO_24h,乌兰察布,0.9
20201111,22,AQI,乌兰察布,100.0
20201111,22,PM2.5,乌兰察布,75.0
20201111,22,PM2.5_24h,乌兰察布,48.0
20201111,22,PM10,乌兰察布,121.0
20201111,22,PM10_24h,乌兰察布,81.0
20201111,22,SO2,乌兰察布,24.0
20201111,22,SO2_24h,乌兰察布,25.0
20201111,22,NO2,乌兰察布,49.0
20201111,22,NO2_24h,乌兰察布,56.0
20201111,22,O3,乌兰察布,67.0
20201111,22,O3_24h,乌兰察布,101.0
20201111,22,O3_8h,乌兰察布,84.0
20201111,22,O3_8h_24h,乌兰察布,90.0
20201111,22,CO,乌兰察布,0.9
20201111,22,CO_24h,乌兰察布,0.9
20201111,23,AQI,乌兰察布,90.0
20201111,23,PM2.5,乌兰察布,67.0
20201111,23,PM2.5_24h,乌兰察布,49.0
20201111,23,PM10,乌兰察布,107.0
20201111,23,PM10_24h,乌兰察布,84.0
20201111,23,SO2,乌兰察布,23.0
20201111,23,SO2_24h,乌兰察布,26.0
20201111,23,NO2,乌兰察布,48.0
20201111,23,NO2_24h,乌兰察布,55.0
20201111,23,O3,乌兰察布,68.0
20201111,23,O3_24h,乌兰察布,101.0
20201111,23,O3_8h,乌兰察布,80.0
20201111,23,O3_8h_24h,乌兰察布,90.0
20201111,23,CO,乌兰察布,0.9
20201111,23,CO_24h,乌兰察布,0.9
20201111,0,AQI,兴安盟,36.0
20201111,0,PM2.5,兴安盟,23.0
20201111,0,PM2.5_24h,兴安盟,26.0
20201111,0,PM10,兴安盟,36.0
20201111,0,PM10_24h,兴安盟,49.0
20201111,0,SO2,兴安盟,4.0
20201111,0,SO2_24h,兴安盟,7.0
20201111,0,NO2,兴安盟,32.0
20201111,0,NO2_24h,兴安盟,32.0
20201111,0,O3,兴安盟,26.0
20201111,0,O3_24h,兴安盟,61.0
20201111,0,O3_8h,兴安盟,19.0
20201111,0,O3_8h_24h,兴安盟,44.0
20201111,0,CO,兴安盟,0.37
20201111,0,CO_24h,兴安盟,0.53
20201111,1,AQI,兴安盟,39.0
20201111,1,PM2.5,兴安盟,20.0
20201111,1,PM2.5_24h,兴安盟,25.0
20201111,1,PM10,兴安盟,39.0
20201111,1,PM10_24h,兴安盟,48.0
20201111,1,SO2,兴安盟,4.0
20201111,1,SO2_24h,兴安盟,7.0
20201111,1,NO2,兴安盟,33.0
20201111,1,NO2_24h,兴安盟,32.0
20201111,1,O3,兴安盟,19.0
20201111,1,O3_24h,兴安盟,61.0
20201111,1,O3_8h,兴安盟,19.0
20201111,1,O3_8h_24h,兴安盟,19.0
20201111,1,CO,兴安盟,0.53
20201111,1,CO_24h,兴安盟,0.53
20201111,2,AQI,兴安盟,38.0
20201111,2,PM2.5,兴安盟,23.0
20201111,2,PM2.5_24h,兴安盟,25.0
20201111,2,PM10,兴安盟,38.0
20201111,2,PM10_24h,兴安盟,48.0
20201111,2,SO2,兴安盟,4.0
20201111,2,SO2_24h,兴安盟,7.0
20201111,2,NO2,兴安盟,33.0
20201111,2,NO2_24h,兴安盟,32.0
20201111,2,O3,兴安盟,14.0
20201111,2,O3_24h,兴安盟,61.0
20201111,2,O3_8h,兴安盟,16.0
20201111,2,O3_8h_24h,兴安盟,19.0
20201111,2,CO,兴安盟,0.73
20201111,2,CO_24h,兴安盟,0.53
20201111,3,AQI,兴安盟,37.0
20201111,3,PM2.5,兴安盟,21.0
20201111,3,PM2.5_24h,兴安盟,24.0
20201111,3,PM10,兴安盟,37.0
20201111,3,PM10_24h,兴安盟,48.0
20201111,3,SO2,兴安盟,4.0
20201111,3,SO2_24h,兴安盟,7.0
20201111,3,NO2,兴安盟,37.0
20201111,3,NO2_24h,兴安盟,32.0
20201111,3,O3,兴安盟,6.0
20201111,3,O3_24h,兴安盟,61.0
20201111,3,O3_8h,兴安盟,13.0
20201111,3,O3_8h_24h,兴安盟,19.0
20201111,3,CO,兴安盟,0.73
20201111,3,CO_24h,兴安盟,0.53
20201111,4,AQI,兴安盟,39.0
20201111,4,PM2.5,兴安盟,16.0
20201111,4,PM2.5_24h,兴安盟,24.0
20201111,4,PM10,兴安盟,39.0
20201111,4,PM10_24h,兴安盟,48.0
20201111,4,SO2,兴安盟,4.0
20201111,4,SO2_24h,兴安盟,7.0
20201111,4,NO2,兴安盟,34.0
20201111,4,NO2_24h,兴安盟,32.0
20201111,4,O3,兴安盟,7.0
20201111,4,O3_24h,兴安盟,61.0
20201111,4,O3_8h,兴安盟,12.0
20201111,4,O3_8h_24h,兴安盟,19.0
20201111,4,CO,兴安盟,0.8
20201111,4,CO_24h,兴安盟,0.57
20201111,5,AQI,兴安盟,46.0
20201111,5,PM2.5,兴安盟,21.0
20201111,5,PM2.5_24h,兴安盟,24.0
20201111,5,PM10,兴安盟,46.0
20201111,5,PM10_24h,兴安盟,49.0
20201111,5,SO2,兴安盟,4.0
20201111,5,SO2_24h,兴安盟,7.0
20201111,5,NO2,兴安盟,34.0
20201111,5,NO2_24h,兴安盟,32.0
20201111,5,O3,兴安盟,6.0
20201111,5,O3_24h,兴安盟,61.0
20201111,5,O3_8h,兴安盟,10.0
20201111,5,O3_8h_24h,兴安盟,19.0
20201111,5,CO,兴安盟,0.67
20201111,5,CO_24h,兴安盟,0.57
20201111,6,AQI,兴安盟,38.0
20201111,6,PM2.5,兴安盟,19.0
20201111,6,PM2.5_24h,兴安盟,24.0
20201111,6,PM10,兴安盟,38.0
20201111,6,PM10_24h,兴安盟,49.0
20201111,6,SO2,兴安盟,5.0
20201111,6,SO2_24h,兴安盟,7.0
20201111,6,NO2,兴安盟,35.0
20201111,6,NO2_24h,兴安盟,33.0
20201111,6,O3,兴安盟,5.0
20201111,6,O3_24h,兴安盟,61.0
20201111,6,O3_8h,兴安盟,10.0
20201111,6,O3_8h_24h,兴安盟,19.0
20201111,6,CO,兴安盟,0.67
20201111,6,CO_24h,兴安盟,0.6
20201111,8,AQI,兴安盟,63.0
20201111,8,PM2.5,兴安盟,36.0
20201111,8,PM2.5_24h,兴安盟,25.0
20201111,8,PM10,兴安盟,75.0
20201111,8,PM10_24h,兴安盟,48.0
20201111,8,SO2,兴安盟,9.0
20201111,8,SO2_24h,兴安盟,7.0
20201111,8,NO2,兴安盟,40.0
20201111,8,NO2_24h,兴安盟,33.0
20201111,8,O3,兴安盟,6.0
20201111,8,O3_24h,兴安盟,61.0
20201111,8,O3_8h,兴安盟,8.0
20201111,8,O3_8h_24h,兴安盟,19.0
20201111,8,CO,兴安盟,1.2
20201111,8,CO_24h,兴安盟,0.6
20201111,10,AQI,兴安盟,71.0
20201111,10,PM2.5,兴安盟,44.0
20201111,10,PM2.5_24h,兴安盟,26.0
20201111,10,PM10,兴安盟,91.0
20201111,10,PM10_24h,兴安盟,49.0
20201111,10,SO2,兴安盟,9.0
20201111,10,SO2_24h,兴安盟,7.0
20201111,10,NO2,兴安盟,50.0
20201111,10,NO2_24h,兴安盟,34.0
20201111,10,O3,兴安盟,11.0
20201111,10,O3_24h,兴安盟,61.0
20201111,10,O3_8h,兴安盟,6.0
20201111,10,O3_8h_24h,兴安盟,19.0
20201111,10,CO,兴安盟,1.07
20201111,10,CO_24h,兴安盟,0.67
20201111,11,AQI,兴安盟,56.0
20201111,11,PM2.5,兴安盟,40.0
20201111,11,PM2.5_24h,兴安盟,26.0
20201111,11,PM10,兴安盟,62.0
20201111,11,PM10_24h,兴安盟,50.0
20201111,11,SO2,兴安盟,18.0
20201111,11,SO2_24h,兴安盟,7.0
20201111,11,NO2,兴安盟,43.0
20201111,11,NO2_24h,兴安盟,34.0
20201111,11,O3,兴安盟,27.0
20201111,11,O3_24h,兴安盟,61.0
20201111,11,O3_8h,兴安盟,9.0
20201111,11,O3_8h_24h,兴安盟,19.0
20201111,11,CO,兴安盟,0.87
20201111,11,CO_24h,兴安盟,0.63
20201111,12,AQI,兴安盟,34.0
20201111,12,PM2.5,兴安盟,23.0
20201111,12,PM2.5_24h,兴安盟,27.0
20201111,12,PM10,兴安盟,34.0
20201111,12,PM10_24h,兴安盟,50.0
20201111,12,SO2,兴安盟,31.0
20201111,12,SO2_24h,兴安盟,8.0
20201111,12,NO2,兴安盟,13.0
20201111,12,NO2_24h,兴安盟,34.0
20201111,12,O3,兴安盟,69.0
20201111,12,O3_24h,兴安盟,69.0
20201111,12,O3_8h,兴安盟,17.0
20201111,12,O3_8h_24h,兴安盟,21.0
20201111,12,CO,兴安盟,0.47
20201111,12,CO_24h,兴安盟,0.63
20201111,13,AQI,兴安盟,26.0
20201111,13,PM2.5,兴安盟,16.0
20201111,13,PM2.5_24h,兴安盟,27.0
20201111,13,PM10,兴安盟,26.0
20201111,13,PM10_24h,兴安盟,50.0
20201111,13,SO2,兴安盟,15.0
20201111,13,SO2_24h,兴安盟,8.0
20201111,13,NO2,兴安盟,10.0
20201111,13,NO2_24h,兴安盟,34.0
20201111,13,O3,兴安盟,78.0
20201111,13,O3_24h,兴安盟,78.0
20201111,13,O3_8h,兴安盟,26.0
20201111,13,O3_8h_24h,兴安盟,26.0
20201111,13,CO,兴安盟,0.33
20201111,13,CO_24h,兴安盟,0.63
20201111,14,AQI,兴安盟,29.0
20201111,14,PM2.5,兴安盟,12.0
20201111,14,PM2.5_24h,兴安盟,27.0
20201111,14,PM10,兴安盟,29.0
20201111,14,PM10_24h,兴安盟,50.0
20201111,14,SO2,兴安盟,4.0
20201111,14,SO2_24h,兴安盟,8.0
20201111,14,NO2,兴安盟,9.0
20201111,14,NO2_24h,兴安盟,34.0
20201111,14,O3,兴安盟,78.0
20201111,14,O3_24h,兴安盟,79.0
20201111,14,O3_8h,兴安盟,35.0
20201111,14,O3_8h_24h,兴安盟,35.0
20201111,14,CO,兴安盟,0.23
20201111,14,CO_24h,兴安盟,0.63
20201111,15,AQI,兴安盟,36.0
20201111,15,PM2.5,兴安盟,13.0
20201111,15,PM2.5_24h,兴安盟,27.0
20201111,15,PM10,兴安盟,36.0
20201111,15,PM10_24h,兴安盟,51.0
20201111,15,SO2,兴安盟,3.0
20201111,15,SO2_24h,兴安盟,8.0
20201111,15,NO2,兴安盟,18.0
20201111,15,NO2_24h,兴安盟,35.0
20201111,15,O3,兴安盟,56.0
20201111,15,O3_24h,兴安盟,79.0
20201111,15,O3_8h,兴安盟,41.0
20201111,15,O3_8h_24h,兴安盟,41.0
20201111,15,CO,兴安盟,0.23
20201111,15,CO_24h,兴安盟,0.63
20201111,16,AQI,兴安盟,43.0
20201111,16,PM2.5,兴安盟,17.0
20201111,16,PM2.5_24h,兴安盟,27.0
20201111,16,PM10,兴安盟,43.0
20201111,16,PM10_24h,兴安盟,51.0
20201111,16,SO2,兴安盟,3.0
20201111,16,SO2_24h,兴安盟,8.0
20201111,16,NO2,兴安盟,19.0
20201111,16,NO2_24h,兴安盟,34.0
20201111,16,O3,兴安盟,47.0
20201111,16,O3_24h,兴安盟,79.0
20201111,16,O3_8h,兴安盟,47.0
20201111,16,O3_8h_24h,兴安盟,47.0
20201111,16,CO,兴安盟,0.23
20201111,16,CO_24h,兴安盟,0.63
20201111,17,AQI,兴安盟,51.0
20201111,17,PM2.5,兴安盟,19.0
20201111,17,PM2.5_24h,兴安盟,27.0
20201111,17,PM10,兴安盟,51.0
20201111,17,PM10_24h,兴安盟,50.0
20201111,17,SO2,兴安盟,5.0
20201111,17,SO2_24h,兴安盟,8.0
20201111,17,NO2,兴安盟,16.0
20201111,17,NO2_24h,兴安盟,33.0
20201111,17,O3,兴安盟,51.0
20201111,17,O3_24h,兴安盟,79.0
20201111,17,O3_8h,兴安盟,52.0
20201111,17,O3_8h_24h,兴安盟,52.0
20201111,17,CO,兴安盟,0.23
20201111,17,CO_24h,兴安盟,0.63
20201111,18,AQI,兴安盟,56.0
20201111,18,PM2.5,兴安盟,25.0
20201111,18,PM2.5_24h,兴安盟,26.0
20201111,18,PM10,兴安盟,61.0
20201111,18,PM10_24h,兴安盟,49.0
20201111,18,SO2,兴安盟,7.0
20201111,18,SO2_24h,兴安盟,8.0
20201111,18,NO2,兴安盟,21.0
20201111,18,NO2_24h,兴安盟,32.0
20201111,18,O3,兴安盟,44.0
20201111,18,O3_24h,兴安盟,79.0
20201111,18,O3_8h,兴安盟,56.0
20201111,18,O3_8h_24h,兴安盟,56.0
20201111,18,CO,兴安盟,0.37
20201111,18,CO_24h,兴安盟,0.6
20201111,19,AQI,兴安盟,58.0
20201111,19,PM2.5,兴安盟,26.0
20201111,19,PM2.5_24h,兴安盟,25.0
20201111,19,PM10,兴安盟,66.0
20201111,19,PM10_24h,兴安盟,48.0
20201111,19,SO2,兴安盟,10.0
20201111,19,SO2_24h,兴安盟,8.0
20201111,19,NO2,兴安盟,21.0
20201111,19,NO2_24h,兴安盟,31.0
20201111,19,O3,兴安盟,43.0
20201111,19,O3_24h,兴安盟,79.0
20201111,19,O3_8h,兴安盟,58.0
20201111,19,O3_8h_24h,兴安盟,58.0
20201111,19,CO,兴安盟,0.37
20201111,19,CO_24h,兴安盟,0.6
20201111,20,AQI,兴安盟,61.0
20201111,20,PM2.5,兴安盟,28.0
20201111,20,PM2.5_24h,兴安盟,25.0
20201111,20,PM10,兴安盟,71.0
20201111,20,PM10_24h,兴安盟,49.0
20201111,20,SO2,兴安盟,50.0
20201111,20,SO2_24h,兴安盟,9.0
20201111,20,NO2,兴安盟,26.0
20201111,20,NO2_24h,兴安盟,30.0
20201111,20,O3,兴安盟,36.0
20201111,20,O3_24h,兴安盟,79.0
20201111,20,O3_8h,兴安盟,54.0
20201111,20,O3_8h_24h,兴安盟,58.0
20201111,20,CO,兴安盟,0.7
20201111,20,CO_24h,兴安盟,0.6
20201111,21,AQI,兴安盟,63.0
20201111,21,PM2.5,兴安盟,37.0
20201111,21,PM2.5_24h,兴安盟,25.0
20201111,21,PM10,兴安盟,76.0
20201111,21,PM10_24h,兴安盟,50.0
20201111,21,SO2,兴安盟,45.0
20201111,21,SO2_24h,兴安盟,11.0
20201111,21,NO2,兴安盟,30.0
20201111,21,NO2_24h,兴安盟,29.0
20201111,21,O3,兴安盟,28.0
20201111,21,O3_24h,兴安盟,79.0
20201111,21,O3_8h,兴安盟,48.0
20201111,21,O3_8h_24h,兴安盟,58.0
20201111,21,CO,兴安盟,1.0
20201111,21,CO_24h,兴安盟,0.6
20201111,22,AQI,兴安盟,61.0
20201111,22,PM2.5,兴安盟,41.0
20201111,22,PM2.5_24h,兴安盟,26.0
20201111,22,PM10,兴安盟,71.0
20201111,22,PM10_24h,兴安盟,52.0
20201111,22,SO2,兴安盟,12.0
20201111,22,SO2_24h,兴安盟,11.0
20201111,22,NO2,兴安盟,34.0
20201111,22,NO2_24h,兴安盟,29.0
20201111,22,O3,兴安盟,24.0
20201111,22,O3_24h,兴安盟,79.0
20201111,22,O3_8h,兴安盟,41.0
20201111,22,O3_8h_24h,兴安盟,58.0
20201111,22,CO,兴安盟,0.7
20201111,22,CO_24h,兴安盟,0.63
20201111,23,AQI,兴安盟,77.0
20201111,23,PM2.5,兴安盟,45.0
20201111,23,PM2.5_24h,兴安盟,27.0
20201111,23,PM10,兴安盟,103.0
20201111,23,PM10_24h,兴安盟,54.0
20201111,23,SO2,兴安盟,14.0
20201111,23,SO2_24h,兴安盟,12.0
20201111,23,NO2,兴安盟,46.0
20201111,23,NO2_24h,兴安盟,30.0
20201111,23,O3,兴安盟,12.0
20201111,23,O3_24h,兴安盟,79.0
20201111,23,O3_8h,兴安盟,36.0
20201111,23,O3_8h_24h,兴安盟,58.0
20201111,23,CO,兴安盟,1.13
20201111,23,CO_24h,兴安盟,0.67
20201111,0,AQI,锡林郭勒盟,28.0
20201111,0,PM2.5,锡林郭勒盟,7.0
20201111,0,PM2.5_24h,锡林郭勒盟,7.0
20201111,0,PM10,锡林郭勒盟,28.0
20201111,0,PM10_24h,锡林郭勒盟,21.0
20201111,0,SO2,锡林郭勒盟,10.0
20201111,0,SO2_24h,锡林郭勒盟,10.0
20201111,0,NO2,锡林郭勒盟,49.0
20201111,0,NO2_24h,锡林郭勒盟,21.0
20201111,0,O3,锡林郭勒盟,9.0
20201111,0,O3_24h,锡林郭勒盟,79.0
20201111,0,O3_8h,锡林郭勒盟,20.0
20201111,0,O3_8h_24h,锡林郭勒盟,64.0
20201111,0,CO,锡林郭勒盟,0.25
20201111,0,CO_24h,锡林郭勒盟,0.25
20201111,1,AQI,锡林郭勒盟,23.0
20201111,1,PM2.5,锡林郭勒盟,11.0
20201111,1,PM2.5_24h,锡林郭勒盟,7.0
20201111,1,PM10,锡林郭勒盟,23.0
20201111,1,PM10_24h,锡林郭勒盟,22.0
20201111,1,SO2,锡林郭勒盟,14.0
20201111,1,SO2_24h,锡林郭勒盟,10.0
20201111,1,NO2,锡林郭勒盟,32.0
20201111,1,NO2_24h,锡林郭勒盟,22.0
20201111,1,O3,锡林郭勒盟,22.0
20201111,1,O3_24h,锡林郭勒盟,79.0
20201111,1,O3_8h,锡林郭勒盟,22.0
20201111,1,O3_8h_24h,锡林郭勒盟,22.0
20201111,1,CO,锡林郭勒盟,0.25
20201111,1,CO_24h,锡林郭勒盟,0.25
20201111,2,AQI,锡林郭勒盟,18.0
20201111,2,PM2.5,锡林郭勒盟,7.0
20201111,2,PM2.5_24h,锡林郭勒盟,7.0
20201111,2,PM10,锡林郭勒盟,18.0
20201111,2,PM10_24h,锡林郭勒盟,22.0
20201111,2,SO2,锡林郭勒盟,10.0
20201111,2,SO2_24h,锡林郭勒盟,10.0
20201111,2,NO2,锡林郭勒盟,35.0
20201111,2,NO2_24h,锡林郭勒盟,24.0
20201111,2,O3,锡林郭勒盟,15.0
20201111,2,O3_24h,锡林郭勒盟,79.0
20201111,2,O3_8h,锡林郭勒盟,18.0
20201111,2,O3_8h_24h,锡林郭勒盟,22.0
20201111,2,CO,锡林郭勒盟,0.25
20201111,2,CO_24h,锡林郭勒盟,0.25
20201111,3,AQI,锡林郭勒盟,22.0
20201111,3,PM2.5,锡林郭勒盟,6.0
20201111,3,PM2.5_24h,锡林郭勒盟,7.0
20201111,3,PM10,锡林郭勒盟,22.0
20201111,3,PM10_24h,锡林郭勒盟,22.0
20201111,3,SO2,锡林郭勒盟,8.0
20201111,3,SO2_24h,锡林郭勒盟,10.0
20201111,3,NO2,锡林郭勒盟,32.0
20201111,3,NO2_24h,锡林郭勒盟,25.0
20201111,3,O3,锡林郭勒盟,18.0
20201111,3,O3_24h,锡林郭勒盟,79.0
20201111,3,O3_8h,锡林郭勒盟,18.0
20201111,3,O3_8h_24h,锡林郭勒盟,22.0
20201111,3,CO,锡林郭勒盟,0.25
20201111,3,CO_24h,锡林郭勒盟,0.25
20201111,4,AQI,锡林郭勒盟,23.0
20201111,4,PM2.5,锡林郭勒盟,6.0
20201111,4,PM2.5_24h,锡林郭勒盟,7.0
20201111,4,PM10,锡林郭勒盟,23.0
20201111,4,PM10_24h,锡林郭勒盟,22.0
20201111,4,SO2,锡林郭勒盟,10.0
20201111,4,SO2_24h,锡林郭勒盟,10.0
20201111,4,NO2,锡林郭勒盟,23.0
20201111,4,NO2_24h,锡林郭勒盟,26.0
20201111,4,O3,锡林郭勒盟,32.0
20201111,4,O3_24h,锡林郭勒盟,79.0
20201111,4,O3_8h,锡林郭勒盟,21.0
20201111,4,O3_8h_24h,锡林郭勒盟,22.0
20201111,4,CO,锡林郭勒盟,0.3
20201111,4,CO_24h,锡林郭勒盟,0.25
20201111,5,AQI,锡林郭勒盟,27.0
20201111,5,PM2.5,锡林郭勒盟,9.0
20201111,5,PM2.5_24h,锡林郭勒盟,7.0
20201111,5,PM10,锡林郭勒盟,27.0
20201111,5,PM10_24h,锡林郭勒盟,23.0
20201111,5,SO2,锡林郭勒盟,12.0
20201111,5,SO2_24h,锡林郭勒盟,10.0
20201111,5,NO2,锡林郭勒盟,18.0
20201111,5,NO2_24h,锡林郭勒盟,26.0
20201111,5,O3,锡林郭勒盟,39.0
20201111,5,O3_24h,锡林郭勒盟,79.0
20201111,5,O3_8h,锡林郭勒盟,25.0
20201111,5,O3_8h_24h,锡林郭勒盟,25.0
20201111,5,CO,锡林郭勒盟,0.35
20201111,5,CO_24h,锡林郭勒盟,0.25
20201111,6,AQI,锡林郭勒盟,35.0
20201111,6,PM2.5,锡林郭勒盟,13.0
20201111,6,PM2.5_24h,锡林郭勒盟,8.0
20201111,6,PM10,锡林郭勒盟,35.0
20201111,6,PM10_24h,锡林郭勒盟,24.0
20201111,6,SO2,锡林郭勒盟,12.0
20201111,6,SO2_24h,锡林郭勒盟,10.0
20201111,6,NO2,锡林郭勒盟,10.0
20201111,6,NO2_24h,锡林郭勒盟,27.0
20201111,6,O3,锡林郭勒盟,51.0
20201111,6,O3_24h,锡林郭勒盟,79.0
20201111,6,O3_8h,锡林郭勒盟,29.0
20201111,6,O3_8h_24h,锡林郭勒盟,29.0
20201111,6,CO,锡林郭勒盟,0.4
20201111,6,CO_24h,锡林郭勒盟,0.25
20201111,7,AQI,锡林郭勒盟,34.0
20201111,7,PM2.5,锡林郭勒盟,16.0
20201111,7,PM2.5_24h,锡林郭勒盟,9.0
20201111,7,PM10,锡林郭勒盟,34.0
20201111,7,PM10_24h,锡林郭勒盟,22.0
20201111,7,SO2,锡林郭勒盟,9.0
20201111,7,SO2_24h,锡林郭勒盟,8.0
20201111,7,NO2,锡林郭勒盟,14.0
20201111,7,NO2_24h,锡林郭勒盟,25.0
20201111,7,O3,锡林郭勒盟,52.0
20201111,7,O3_24h,锡林郭勒盟,80.0
20201111,7,O3_8h,锡林郭勒盟,32.0
20201111,7,O3_8h_24h,锡林郭勒盟,32.0
20201111,7,CO,锡林郭勒盟,0.4
20201111,7,CO_24h,锡林郭勒盟,0.4
20201111,8,AQI,锡林郭勒盟,45.0
20201111,8,PM2.5,锡林郭勒盟,20.0
20201111,8,PM2.5_24h,锡林郭勒盟,9.0
20201111,8,PM10,锡林郭勒盟,45.0
20201111,8,PM10_24h,锡林郭勒盟,25.0
20201111,8,SO2,锡林郭勒盟,14.0
20201111,8,SO2_24h,锡林郭勒盟,11.0
20201111,8,NO2,锡林郭勒盟,31.0
20201111,8,NO2_24h,锡林郭勒盟,26.0
20201111,8,O3,锡林郭勒盟,43.0
20201111,8,O3_24h,锡林郭勒盟,79.0
20201111,8,O3_8h,锡林郭勒盟,34.0
20201111,8,O3_8h_24h,锡林郭勒盟,34.0
20201111,8,CO,锡林郭勒盟,0.6
20201111,8,CO_24h,锡林郭勒盟,0.35
20201111,10,AQI,锡林郭勒盟,53.0
20201111,10,PM2.5,锡林郭勒盟,23.0
20201111,10,PM2.5_24h,锡林郭勒盟,11.0
20201111,10,PM10,锡林郭勒盟,56.0
20201111,10,PM10_24h,锡林郭勒盟,28.0
20201111,10,SO2,锡林郭勒盟,17.0
20201111,10,SO2_24h,锡林郭勒盟,11.0
20201111,10,NO2,锡林郭勒盟,23.0
20201111,10,NO2_24h,锡林郭勒盟,26.0
20201111,10,O3,锡林郭勒盟,53.0
20201111,10,O3_24h,锡林郭勒盟,79.0
20201111,10,O3_8h,锡林郭勒盟,40.0
20201111,10,O3_8h_24h,锡林郭勒盟,40.0
20201111,10,CO,锡林郭勒盟,0.55
20201111,10,CO_24h,锡林郭勒盟,0.35
20201111,11,AQI,锡林郭勒盟,54.0
20201111,11,PM2.5,锡林郭勒盟,24.0
20201111,11,PM2.5_24h,锡林郭勒盟,11.0
20201111,11,PM10,锡林郭勒盟,57.0
20201111,11,PM10_24h,锡林郭勒盟,30.0
20201111,11,SO2,锡林郭勒盟,18.0
20201111,11,SO2_24h,锡林郭勒盟,11.0
20201111,11,NO2,锡林郭勒盟,17.0
20201111,11,NO2_24h,锡林郭勒盟,27.0
20201111,11,O3,锡林郭勒盟,66.0
20201111,11,O3_24h,锡林郭勒盟,79.0
20201111,11,O3_8h,锡林郭勒盟,46.0
20201111,11,O3_8h_24h,锡林郭勒盟,46.0
20201111,11,CO,锡林郭勒盟,0.5
20201111,11,CO_24h,锡林郭勒盟,0.35
20201111,12,AQI,锡林郭勒盟,53.0
20201111,12,PM2.5,锡林郭勒盟,33.0
20201111,12,PM2.5_24h,锡林郭勒盟,12.0
20201111,12,PM10,锡林郭勒盟,56.0
20201111,12,PM10_24h,锡林郭勒盟,32.0
20201111,12,SO2,锡林郭勒盟,18.0
20201111,12,SO2_24h,锡林郭勒盟,12.0
20201111,12,NO2,锡林郭勒盟,16.0
20201111,12,NO2_24h,锡林郭勒盟,27.0
20201111,12,O3,锡林郭勒盟,75.0
20201111,12,O3_24h,锡林郭勒盟,79.0
20201111,12,O3_8h,锡林郭勒盟,52.0
20201111,12,O3_8h_24h,锡林郭勒盟,52.0
20201111,12,CO,锡林郭勒盟,0.45
20201111,12,CO_24h,锡林郭勒盟,0.35
20201111,13,AQI,锡林郭勒盟,55.0
20201111,13,PM2.5,锡林郭勒盟,33.0
20201111,13,PM2.5_24h,锡林郭勒盟,13.0
20201111,13,PM10,锡林郭勒盟,60.0
20201111,13,PM10_24h,锡林郭勒盟,34.0
20201111,13,SO2,锡林郭勒盟,18.0
20201111,13,SO2_24h,锡林郭勒盟,12.0
20201111,13,NO2,锡林郭勒盟,16.0
20201111,13,NO2_24h,锡林郭勒盟,28.0
20201111,13,O3,锡林郭勒盟,84.0
20201111,13,O3_24h,锡林郭勒盟,84.0
20201111,13,O3_8h,锡林郭勒盟,57.0
20201111,13,O3_8h_24h,锡林郭勒盟,57.0
20201111,13,CO,锡林郭勒盟,0.45
20201111,13,CO_24h,锡林郭勒盟,0.35
20201111,14,AQI,锡林郭勒盟,54.0
20201111,14,PM2.5,锡林郭勒盟,34.0
20201111,14,PM2.5_24h,锡林郭勒盟,14.0
20201111,14,PM10,锡林郭勒盟,58.0
20201111,14,PM10_24h,锡林郭勒盟,36.0
20201111,14,SO2,锡林郭勒盟,19.0
20201111,14,SO2_24h,锡林郭勒盟,13.0
20201111,14,NO2,锡林郭勒盟,15.0
20201111,14,NO2_24h,锡林郭勒盟,28.0
20201111,14,O3,锡林郭勒盟,93.0
20201111,14,O3_24h,锡林郭勒盟,93.0
20201111,14,O3_8h,锡林郭勒盟,63.0
20201111,14,O3_8h_24h,锡林郭勒盟,63.0
20201111,14,CO,锡林郭勒盟,0.4
20201111,14,CO_24h,锡林郭勒盟,0.35
20201111,15,AQI,锡林郭勒盟,51.0
20201111,15,PM2.5,锡林郭勒盟,25.0
20201111,15,PM2.5_24h,锡林郭勒盟,15.0
20201111,15,PM10,锡林郭勒盟,52.0
20201111,15,PM10_24h,锡林郭勒盟,37.0
20201111,15,SO2,锡林郭勒盟,19.0
20201111,15,SO2_24h,锡林郭勒盟,13.0
20201111,15,NO2,锡林郭勒盟,18.0
20201111,15,NO2_24h,锡林郭勒盟,29.0
20201111,15,O3,锡林郭勒盟,94.0
20201111,15,O3_24h,锡林郭勒盟,94.0
20201111,15,O3_8h,锡林郭勒盟,68.0
20201111,15,O3_8h_24h,锡林郭勒盟,68.0
20201111,15,CO,锡林郭勒盟,0.5
20201111,15,CO_24h,锡林郭勒盟,0.4
20201111,16,AQI,锡林郭勒盟,53.0
20201111,16,PM2.5,锡林郭勒盟,25.0
20201111,16,PM2.5_24h,锡林郭勒盟,16.0
20201111,16,PM10,锡林郭勒盟,55.0
20201111,16,PM10_24h,锡林郭勒盟,39.0
20201111,16,SO2,锡林郭勒盟,17.0
20201111,16,SO2_24h,锡林郭勒盟,13.0
20201111,16,NO2,锡林郭勒盟,15.0
20201111,16,NO2_24h,锡林郭勒盟,29.0
20201111,16,O3,锡林郭勒盟,92.0
20201111,16,O3_24h,锡林郭勒盟,94.0
20201111,16,O3_8h,锡林郭勒盟,73.0
20201111,16,O3_8h_24h,锡林郭勒盟,73.0
20201111,16,CO,锡林郭勒盟,0.4
20201111,16,CO_24h,锡林郭勒盟,0.4
20201111,17,AQI,锡林郭勒盟,56.0
20201111,17,PM2.5,锡林郭勒盟,40.0
20201111,17,PM2.5_24h,锡林郭勒盟,17.0
20201111,17,PM10,锡林郭勒盟,56.0
20201111,17,PM10_24h,锡林郭勒盟,41.0
20201111,17,SO2,锡林郭勒盟,17.0
20201111,17,SO2_24h,锡林郭勒盟,14.0
20201111,17,NO2,锡林郭勒盟,18.0
20201111,17,NO2_24h,锡林郭勒盟,29.0
20201111,17,O3,锡林郭勒盟,89.0
20201111,17,O3_24h,锡林郭勒盟,94.0
20201111,17,O3_8h,锡林郭勒盟,79.0
20201111,17,O3_8h_24h,锡林郭勒盟,79.0
20201111,17,CO,锡林郭勒盟,0.4
20201111,17,CO_24h,锡林郭勒盟,0.4
20201111,18,AQI,锡林郭勒盟,57.0
20201111,18,PM2.5,锡林郭勒盟,37.0
20201111,18,PM2.5_24h,锡林郭勒盟,18.0
20201111,18,PM10,锡林郭勒盟,64.0
20201111,18,PM10_24h,锡林郭勒盟,42.0
20201111,18,SO2,锡林郭勒盟,18.0
20201111,18,SO2_24h,锡林郭勒盟,14.0
20201111,18,NO2,锡林郭勒盟,30.0
20201111,18,NO2_24h,锡林郭勒盟,29.0
20201111,18,O3,锡林郭勒盟,74.0
20201111,18,O3_24h,锡林郭勒盟,94.0
20201111,18,O3_8h,锡林郭勒盟,82.0
20201111,18,O3_8h_24h,锡林郭勒盟,82.0
20201111,18,CO,锡林郭勒盟,0.5
20201111,18,CO_24h,锡林郭勒盟,0.4
20201111,19,AQI,锡林郭勒盟,60.0
20201111,19,PM2.5,锡林郭勒盟,43.0
20201111,19,PM2.5_24h,锡林郭勒盟,19.0
20201111,19,PM10,锡林郭勒盟,65.0
20201111,19,PM10_24h,锡林郭勒盟,43.0
20201111,19,SO2,锡林郭勒盟,18.0
20201111,19,SO2_24h,锡林郭勒盟,14.0
20201111,19,NO2,锡林郭勒盟,27.0
20201111,19,NO2_24h,锡林郭勒盟,27.0
20201111,19,O3,锡林郭勒盟,73.0
20201111,19,O3_24h,锡林郭勒盟,94.0
20201111,19,O3_8h,锡林郭勒盟,83.0
20201111,19,O3_8h_24h,锡林郭勒盟,83.0
20201111,19,CO,锡林郭勒盟,0.4
20201111,19,CO_24h,锡林郭勒盟,0.4
20201111,20,AQI,锡林郭勒盟,54.0
20201111,20,PM2.5,锡林郭勒盟,36.0
20201111,20,PM2.5_24h,锡林郭勒盟,20.0
20201111,20,PM10,锡林郭勒盟,58.0
20201111,20,PM10_24h,锡林郭勒盟,44.0
20201111,20,SO2,锡林郭勒盟,16.0
20201111,20,SO2_24h,锡林郭勒盟,15.0
20201111,20,NO2,锡林郭勒盟,21.0
20201111,20,NO2_24h,锡林郭勒盟,26.0
20201111,20,O3,锡林郭勒盟,69.0
20201111,20,O3_24h,锡林郭勒盟,94.0
20201111,20,O3_8h,锡林郭勒盟,82.0
20201111,20,O3_8h_24h,锡林郭勒盟,83.0
20201111,20,CO,锡林郭勒盟,0.45
20201111,20,CO_24h,锡林郭勒盟,0.4
20201111,21,AQI,锡林郭勒盟,54.0
20201111,21,PM2.5,锡林郭勒盟,38.0
20201111,21,PM2.5_24h,锡林郭勒盟,22.0
20201111,21,PM10,锡林郭勒盟,58.0
20201111,21,PM10_24h,锡林郭勒盟,44.0
20201111,21,SO2,锡林郭勒盟,14.0
20201111,21,SO2_24h,锡林郭勒盟,14.0
20201111,21,NO2,锡林郭勒盟,19.0
20201111,21,NO2_24h,锡林郭勒盟,26.0
20201111,21,O3,锡林郭勒盟,74.0
20201111,21,O3_24h,锡林郭勒盟,94.0
20201111,21,O3_8h,锡林郭勒盟,80.0
20201111,21,O3_8h_24h,锡林郭勒盟,83.0
20201111,21,CO,锡林郭勒盟,0.4
20201111,21,CO_24h,锡林郭勒盟,0.4
20201111,22,AQI,锡林郭勒盟,53.0
20201111,22,PM2.5,锡林郭勒盟,34.0
20201111,22,PM2.5_24h,锡林郭勒盟,23.0
20201111,22,PM10,锡林郭勒盟,56.0
20201111,22,PM10_24h,锡林郭勒盟,45.0
20201111,22,SO2,锡林郭勒盟,14.0
20201111,22,SO2_24h,锡林郭勒盟,14.0
20201111,22,NO2,锡林郭勒盟,13.0
20201111,22,NO2_24h,锡林郭勒盟,24.0
20201111,22,O3,锡林郭勒盟,76.0
20201111,22,O3_24h,锡林郭勒盟,94.0
20201111,22,O3_8h,锡林郭勒盟,78.0
20201111,22,O3_8h_24h,锡林郭勒盟,83.0
20201111,22,CO,锡林郭勒盟,0.4
20201111,22,CO_24h,锡林郭勒盟,0.4
20201111,23,AQI,锡林郭勒盟,54.0
20201111,23,PM2.5,锡林郭勒盟,28.0
20201111,23,PM2.5_24h,锡林郭勒盟,24.0
20201111,23,PM10,锡林郭勒盟,57.0
20201111,23,PM10_24h,锡林郭勒盟,47.0
20201111,23,SO2,锡林郭勒盟,14.0
20201111,23,SO2_24h,锡林郭勒盟,15.0
20201111,23,NO2,锡林郭勒盟,12.0
20201111,23,NO2_24h,锡林郭勒盟,23.0
20201111,23,O3,锡林郭勒盟,78.0
20201111,23,O3_24h,锡林郭勒盟,94.0
20201111,23,O3_8h,锡林郭勒盟,76.0
20201111,23,O3_8h_24h,锡林郭勒盟,83.0
20201111,23,CO,锡林郭勒盟,0.4
20201111,23,CO_24h,锡林郭勒盟,0.4
20201111,0,AQI,阿拉善盟,50.0
20201111,0,PM2.5,阿拉善盟,35.0
20201111,0,PM2.5_24h,阿拉善盟,31.0
20201111,0,PM10,阿拉善盟,44.0
20201111,0,PM10_24h,阿拉善盟,47.0
20201111,0,SO2,阿拉善盟,11.0
20201111,0,SO2_24h,阿拉善盟,10.0
20201111,0,NO2,阿拉善盟,9.0
20201111,0,NO2_24h,阿拉善盟,14.0
20201111,0,O3,阿拉善盟,95.0
20201111,0,O3_24h,阿拉善盟,127.0
20201111,0,O3_8h,阿拉善盟,97.0
20201111,0,O3_8h_24h,阿拉善盟,114.0
20201111,0,CO,阿拉善盟,0.45
20201111,0,CO_24h,阿拉善盟,0.55
20201111,1,AQI,阿拉善盟,53.0
20201111,1,PM2.5,阿拉善盟,37.0
20201111,1,PM2.5_24h,阿拉善盟,31.0
20201111,1,PM10,阿拉善盟,39.0
20201111,1,PM10_24h,阿拉善盟,47.0
20201111,1,SO2,阿拉善盟,12.0
20201111,1,SO2_24h,阿拉善盟,10.0
20201111,1,NO2,阿拉善盟,8.0
20201111,1,NO2_24h,阿拉善盟,13.0
20201111,1,O3,阿拉善盟,93.0
20201111,1,O3_24h,阿拉善盟,127.0
20201111,1,O3_8h,阿拉善盟,93.0
20201111,1,O3_8h_24h,阿拉善盟,93.0
20201111,1,CO,阿拉善盟,0.5
20201111,1,CO_24h,阿拉善盟,0.55
20201111,2,AQI,阿拉善盟,46.0
20201111,2,PM2.5,阿拉善盟,32.0
20201111,2,PM2.5_24h,阿拉善盟,31.0
20201111,2,PM10,阿拉善盟,38.0
20201111,2,PM10_24h,阿拉善盟,47.0
20201111,2,SO2,阿拉善盟,9.0
20201111,2,SO2_24h,阿拉善盟,10.0
20201111,2,NO2,阿拉善盟,6.0
20201111,2,NO2_24h,阿拉善盟,13.0
20201111,2,O3,阿拉善盟,93.0
20201111,2,O3_24h,阿拉善盟,127.0
20201111,2,O3_8h,阿拉善盟,93.0
20201111,2,O3_8h_24h,阿拉善盟,93.0
20201111,2,CO,阿拉善盟,0.4
20201111,2,CO_24h,阿拉善盟,0.55
20201111,3,AQI,阿拉善盟,37.0
20201111,3,PM2.5,阿拉善盟,26.0
20201111,3,PM2.5_24h,阿拉善盟,31.0
20201111,3,PM10,阿拉善盟,33.0
20201111,3,PM10_24h,阿拉善盟,47.0
20201111,3,SO2,阿拉善盟,8.0
20201111,3,SO2_24h,阿拉善盟,10.0
20201111,3,NO2,阿拉善盟,6.0
20201111,3,NO2_24h,阿拉善盟,13.0
20201111,3,O3,阿拉善盟,91.0
20201111,3,O3_24h,阿拉善盟,127.0
20201111,3,O3_8h,阿拉善盟,92.0
20201111,3,O3_8h_24h,阿拉善盟,93.0
20201111,3,CO,阿拉善盟,0.4
20201111,3,CO_24h,阿拉善盟,0.55
20201111,4,AQI,阿拉善盟,36.0
20201111,4,PM2.5,阿拉善盟,25.0
20201111,4,PM2.5_24h,阿拉善盟,31.0
20201111,4,PM10,阿拉善盟,31.0
20201111,4,PM10_24h,阿拉善盟,48.0
20201111,4,SO2,阿拉善盟,8.0
20201111,4,SO2_24h,阿拉善盟,10.0
20201111,4,NO2,阿拉善盟,6.0
20201111,4,NO2_24h,阿拉善盟,13.0
20201111,4,O3,阿拉善盟,89.0
20201111,4,O3_24h,阿拉善盟,127.0
20201111,4,O3_8h,阿拉善盟,92.0
20201111,4,O3_8h_24h,阿拉善盟,93.0
20201111,4,CO,阿拉善盟,0.4
20201111,4,CO_24h,阿拉善盟,0.55
20201111,5,AQI,阿拉善盟,30.0
20201111,5,PM2.5,阿拉善盟,21.0
20201111,5,PM2.5_24h,阿拉善盟,31.0
20201111,5,PM10,阿拉善盟,25.0
20201111,5,PM10_24h,阿拉善盟,47.0
20201111,5,SO2,阿拉善盟,7.0
20201111,5,SO2_24h,阿拉善盟,10.0
20201111,5,NO2,阿拉善盟,6.0
20201111,5,NO2_24h,阿拉善盟,13.0
20201111,5,O3,阿拉善盟,87.0
20201111,5,O3_24h,阿拉善盟,127.0
20201111,5,O3_8h,阿拉善盟,91.0
20201111,5,O3_8h_24h,阿拉善盟,93.0
20201111,5,CO,阿拉善盟,0.4
20201111,5,CO_24h,阿拉善盟,0.55
20201111,6,AQI,阿拉善盟,33.0
20201111,6,PM2.5,阿拉善盟,23.0
20201111,6,PM2.5_24h,阿拉善盟,31.0
20201111,6,PM10,阿拉善盟,21.0
20201111,6,PM10_24h,阿拉善盟,46.0
20201111,6,SO2,阿拉善盟,7.0
20201111,6,SO2_24h,阿拉善盟,10.0
20201111,6,NO2,阿拉善盟,7.0
20201111,6,NO2_24h,阿拉善盟,13.0
20201111,6,O3,阿拉善盟,85.0
20201111,6,O3_24h,阿拉善盟,127.0
20201111,6,O3_8h,阿拉善盟,90.0
20201111,6,O3_8h_24h,阿拉善盟,93.0
20201111,6,CO,阿拉善盟,0.4
20201111,6,CO_24h,阿拉善盟,0.55
20201111,8,AQI,阿拉善盟,33.0
20201111,8,PM2.5,阿拉善盟,23.0
20201111,8,PM2.5_24h,阿拉善盟,31.0
20201111,8,PM10,阿拉善盟,28.0
20201111,8,PM10_24h,阿拉善盟,47.0
20201111,8,SO2,阿拉善盟,10.0
20201111,8,SO2_24h,阿拉善盟,10.0
20201111,8,NO2,阿拉善盟,16.0
20201111,8,NO2_24h,阿拉善盟,13.0
20201111,8,O3,阿拉善盟,74.0
20201111,8,O3_24h,阿拉善盟,127.0
20201111,8,O3_8h,阿拉善盟,87.0
20201111,8,O3_8h_24h,阿拉善盟,93.0
20201111,8,CO,阿拉善盟,0.5
20201111,8,CO_24h,阿拉善盟,0.55
20201111,10,AQI,阿拉善盟,56.0
20201111,10,PM2.5,阿拉善盟,29.0
20201111,10,PM2.5_24h,阿拉善盟,32.0
20201111,10,PM10,阿拉善盟,62.0
20201111,10,PM10_24h,阿拉善盟,47.0
20201111,10,SO2,阿拉善盟,10.0
20201111,10,SO2_24h,阿拉善盟,10.0
20201111,10,NO2,阿拉善盟,44.0
20201111,10,NO2_24h,阿拉善盟,15.0
20201111,10,O3,阿拉善盟,68.0
20201111,10,O3_24h,阿拉善盟,127.0
20201111,10,O3_8h,阿拉善盟,83.0
20201111,10,O3_8h_24h,阿拉善盟,93.0
20201111,10,CO,阿拉善盟,0.85
20201111,10,CO_24h,阿拉善盟,0.55
20201111,11,AQI,阿拉善盟,37.0
20201111,11,PM2.5,阿拉善盟,26.0
20201111,11,PM2.5_24h,阿拉善盟,26.0
20201111,11,PM10,阿拉善盟,36.0
20201111,11,PM10_24h,阿拉善盟,41.0
20201111,11,SO2,阿拉善盟,9.0
20201111,11,SO2_24h,阿拉善盟,8.0
20201111,11,NO2,阿拉善盟,17.0
20201111,11,NO2_24h,阿拉善盟,12.0
20201111,11,O3,阿拉善盟,94.0
20201111,11,O3_24h,阿拉善盟,126.0
20201111,11,O3_8h,阿拉善盟,90.0
20201111,11,O3_8h_24h,阿拉善盟,102.0
20201111,11,CO,阿拉善盟,0.6
20201111,11,CO_24h,阿拉善盟,0.5
20201111,12,AQI,阿拉善盟,41.0
20201111,12,PM2.5,阿拉善盟,28.0
20201111,12,PM2.5_24h,阿拉善盟,27.0
20201111,12,PM10,阿拉善盟,41.0
20201111,12,PM10_24h,阿拉善盟,41.0
20201111,12,SO2,阿拉善盟,13.0
20201111,12,SO2_24h,阿拉善盟,8.0
20201111,12,NO2,阿拉善盟,16.0
20201111,12,NO2_24h,阿拉善盟,12.0
20201111,12,O3,阿拉善盟,108.0
20201111,12,O3_24h,阿拉善盟,126.0
20201111,12,O3_8h,阿拉善盟,92.0
20201111,12,O3_8h_24h,阿拉善盟,102.0
20201111,12,CO,阿拉善盟,0.6
20201111,12,CO_24h,阿拉善盟,0.5
20201111,13,AQI,阿拉善盟,61.0
20201111,13,PM2.5,阿拉善盟,34.0
20201111,13,PM2.5_24h,阿拉善盟,32.0
20201111,13,PM10,阿拉善盟,72.0
20201111,13,PM10_24h,阿拉善盟,47.0
20201111,13,SO2,阿拉善盟,15.0
20201111,13,SO2_24h,阿拉善盟,11.0
20201111,13,NO2,阿拉善盟,15.0
20201111,13,NO2_24h,阿拉善盟,15.0
20201111,13,O3,阿拉善盟,113.0
20201111,13,O3_24h,阿拉善盟,127.0
20201111,13,O3_8h,阿拉善盟,81.0
20201111,13,O3_8h_24h,阿拉善盟,93.0
20201111,13,CO,阿拉善盟,0.7
20201111,13,CO_24h,阿拉善盟,0.55
20201111,14,AQI,阿拉善盟,37.0
20201111,14,PM2.5,阿拉善盟,21.0
20201111,14,PM2.5_24h,阿拉善盟,32.0
20201111,14,PM10,阿拉善盟,37.0
20201111,14,PM10_24h,阿拉善盟,46.0
20201111,14,SO2,阿拉善盟,20.0
20201111,14,SO2_24h,阿拉善盟,11.0
20201111,14,NO2,阿拉善盟,16.0
20201111,14,NO2_24h,阿拉善盟,15.0
20201111,14,O3,阿拉善盟,119.0
20201111,14,O3_24h,阿拉善盟,127.0
20201111,14,O3_8h,阿拉善盟,89.0
20201111,14,O3_8h_24h,阿拉善盟,93.0
20201111,14,CO,阿拉善盟,1.3
20201111,14,CO_24h,阿拉善盟,0.6
20201111,15,AQI,阿拉善盟,69.0
20201111,15,PM2.5,阿拉善盟,50.0
20201111,15,PM2.5_24h,阿拉善盟,32.0
20201111,15,PM10,阿拉善盟,75.0
20201111,15,PM10_24h,阿拉善盟,47.0
20201111,15,SO2,阿拉善盟,20.0
20201111,15,SO2_24h,阿拉善盟,11.0
20201111,15,NO2,阿拉善盟,16.0
20201111,15,NO2_24h,阿拉善盟,16.0
20201111,15,O3,阿拉善盟,124.0
20201111,15,O3_24h,阿拉善盟,127.0
20201111,15,O3_8h,阿拉善盟,100.0
20201111,15,O3_8h_24h,阿拉善盟,100.0
20201111,15,CO,阿拉善盟,0.5
20201111,15,CO_24h,阿拉善盟,0.55
20201111,16,AQI,阿拉善盟,66.0
20201111,16,PM2.5,阿拉善盟,48.0
20201111,16,PM2.5_24h,阿拉善盟,33.0
20201111,16,PM10,阿拉善盟,65.0
20201111,16,PM10_24h,阿拉善盟,47.0
20201111,16,SO2,阿拉善盟,18.0
20201111,16,SO2_24h,阿拉善盟,11.0
20201111,16,NO2,阿拉善盟,15.0
20201111,16,NO2_24h,阿拉善盟,16.0
20201111,16,O3,阿拉善盟,130.0
20201111,16,O3_24h,阿拉善盟,130.0
20201111,16,O3_8h,阿拉善盟,115.0
20201111,16,O3_8h_24h,阿拉善盟,115.0
20201111,16,CO,阿拉善盟,0.55
20201111,16,CO_24h,阿拉善盟,0.55
20201111,17,AQI,阿拉善盟,78.0
20201111,17,PM2.5,阿拉善盟,57.0
20201111,17,PM2.5_24h,阿拉善盟,34.0
20201111,17,PM10,阿拉善盟,69.0
20201111,17,PM10_24h,阿拉善盟,47.0
20201111,17,SO2,阿拉善盟,16.0
20201111,17,SO2_24h,阿拉善盟,12.0
20201111,17,NO2,阿拉善盟,15.0
20201111,17,NO2_24h,阿拉善盟,16.0
20201111,17,O3,阿拉善盟,131.0
20201111,17,O3_24h,阿拉善盟,131.0
20201111,17,O3_8h,阿拉善盟,118.0
20201111,17,O3_8h_24h,阿拉善盟,118.0
20201111,17,CO,阿拉善盟,0.65
20201111,17,CO_24h,阿拉善盟,0.55
20201111,18,AQI,阿拉善盟,71.0
20201111,18,PM2.5,阿拉善盟,52.0
20201111,18,PM2.5_24h,阿拉善盟,34.0
20201111,18,PM10,阿拉善盟,78.0
20201111,18,PM10_24h,阿拉善盟,47.0
20201111,18,SO2,阿拉善盟,16.0
20201111,18,SO2_24h,阿拉善盟,12.0
20201111,18,NO2,阿拉善盟,27.0
20201111,18,NO2_24h,阿拉善盟,17.0
20201111,18,O3,阿拉善盟,119.0
20201111,18,O3_24h,阿拉善盟,131.0
20201111,18,O3_8h,阿拉善盟,120.0
20201111,18,O3_8h_24h,阿拉善盟,122.0
20201111,18,CO,阿拉善盟,0.7
20201111,18,CO_24h,阿拉善盟,0.55
20201111,19,AQI,阿拉善盟,85.0
20201111,19,PM2.5,阿拉善盟,63.0
20201111,19,PM2.5_24h,阿拉善盟,35.0
20201111,19,PM10,阿拉善盟,98.0
20201111,19,PM10_24h,阿拉善盟,49.0
20201111,19,SO2,阿拉善盟,16.0
20201111,19,SO2_24h,阿拉善盟,12.0
20201111,19,NO2,阿拉善盟,40.0
20201111,19,NO2_24h,阿拉善盟,16.0
20201111,19,O3,阿拉善盟,96.0
20201111,19,O3_24h,阿拉善盟,131.0
20201111,19,O3_8h,阿拉善盟,118.0
20201111,19,O3_8h_24h,阿拉善盟,123.0
20201111,19,CO,阿拉善盟,0.7
20201111,19,CO_24h,阿拉善盟,0.55
20201111,20,AQI,阿拉善盟,104.0
20201111,20,PM2.5,阿拉善盟,78.0
20201111,20,PM2.5_24h,阿拉善盟,37.0
20201111,20,PM10,阿拉善盟,106.0
20201111,20,PM10_24h,阿拉善盟,50.0
20201111,20,SO2,阿拉善盟,14.0
20201111,20,SO2_24h,阿拉善盟,12.0
20201111,20,NO2,阿拉善盟,35.0
20201111,20,NO2_24h,阿拉善盟,17.0
20201111,20,O3,阿拉善盟,86.0
20201111,20,O3_24h,阿拉善盟,131.0
20201111,20,O3_8h,阿拉善盟,115.0
20201111,20,O3_8h_24h,阿拉善盟,123.0
20201111,20,CO,阿拉善盟,0.5
20201111,20,CO_24h,阿拉善盟,0.55
20201111,21,AQI,阿拉善盟,81.0
20201111,21,PM2.5,阿拉善盟,60.0
20201111,21,PM2.5_24h,阿拉善盟,37.0
20201111,21,PM10,阿拉善盟,92.0
20201111,21,PM10_24h,阿拉善盟,52.0
20201111,21,SO2,阿拉善盟,15.0
20201111,21,SO2_24h,阿拉善盟,12.0
20201111,21,NO2,阿拉善盟,21.0
20201111,21,NO2_24h,阿拉善盟,17.0
20201111,21,O3,阿拉善盟,112.0
20201111,21,O3_24h,阿拉善盟,131.0
20201111,21,O3_8h,阿拉善盟,115.0
20201111,21,O3_8h_24h,阿拉善盟,124.0
20201111,21,CO,阿拉善盟,0.8
20201111,21,CO_24h,阿拉善盟,0.55
20201111,22,AQI,阿拉善盟,76.0
20201111,22,PM2.5,阿拉善盟,56.0
20201111,22,PM2.5_24h,阿拉善盟,38.0
20201111,22,PM10,阿拉善盟,83.0
20201111,22,PM10_24h,阿拉善盟,54.0
20201111,22,SO2,阿拉善盟,16.0
20201111,22,SO2_24h,阿拉善盟,13.0
20201111,22,NO2,阿拉善盟,27.0
20201111,22,NO2_24h,阿拉善盟,18.0
20201111,22,O3,阿拉善盟,86.0
20201111,22,O3_24h,阿拉善盟,131.0
20201111,22,O3_8h,阿拉善盟,110.0
20201111,22,O3_8h_24h,阿拉善盟,124.0
20201111,22,CO,阿拉善盟,0.85
20201111,22,CO_24h,阿拉善盟,0.6
20201111,23,AQI,阿拉善盟,66.0
20201111,23,PM2.5,阿拉善盟,48.0
20201111,23,PM2.5_24h,阿拉善盟,39.0
20201111,23,PM10,阿拉善盟,60.0
20201111,23,PM10_24h,阿拉善盟,55.0
20201111,23,SO2,阿拉善盟,17.0
20201111,23,SO2_24h,阿拉善盟,13.0
20201111,23,NO2,阿拉善盟,18.0
20201111,23,NO2_24h,阿拉善盟,18.0
20201111,23,O3,阿拉善盟,105.0
20201111,23,O3_24h,阿拉善盟,131.0
20201111,23,O3_8h,阿拉善盟,108.0
20201111,23,O3_8h_24h,阿拉善盟,124.0
20201111,23,CO,阿拉善盟,0.55
20201111,23,CO_24h,阿拉善盟,0.6
20201111,0,AQI,阜新,128.0
20201111,0,PM2.5,阜新,97.0
20201111,0,PM2.5_24h,阜新,53.0
20201111,0,PM10,阜新,148.0
20201111,0,PM10_24h,阜新,99.0
20201111,0,SO2,阜新,54.0
20201111,0,SO2_24h,阜新,52.0
20201111,0,NO2,阜新,60.0
20201111,0,NO2_24h,阜新,44.0
20201111,0,O3,阜新,9.0
20201111,0,O3_24h,阜新,60.0
20201111,0,O3_8h,阜新,15.0
20201111,0,O3_8h_24h,阜新,48.0
20201111,0,CO,阜新,1.48
20201111,0,CO_24h,阜新,1.06
20201111,1,AQI,阜新,115.0
20201111,1,PM2.5,阜新,87.0
20201111,1,PM2.5_24h,阜新,59.0
20201111,1,PM10,阜新,142.0
20201111,1,PM10_24h,阜新,104.0
20201111,1,SO2,阜新,44.0
20201111,1,SO2_24h,阜新,52.0
20201111,1,NO2,阜新,57.0
20201111,1,NO2_24h,阜新,45.0
20201111,1,O3,阜新,8.0
20201111,1,O3_24h,阜新,60.0
20201111,1,O3_8h,阜新,8.0
20201111,1,O3_8h_24h,阜新,8.0
20201111,1,CO,阜新,1.38
20201111,1,CO_24h,阜新,1.0
20201111,2,AQI,阜新,109.0
20201111,2,PM2.5,阜新,82.0
20201111,2,PM2.5_24h,阜新,61.0
20201111,2,PM10,阜新,127.0
20201111,2,PM10_24h,阜新,107.0
20201111,2,SO2,阜新,39.0
20201111,2,SO2_24h,阜新,52.0
20201111,2,NO2,阜新,54.0
20201111,2,NO2_24h,阜新,45.0
20201111,2,O3,阜新,7.0
20201111,2,O3_24h,阜新,60.0
20201111,2,O3_8h,阜新,7.0
20201111,2,O3_8h_24h,阜新,8.0
20201111,2,CO,阜新,1.45
20201111,2,CO_24h,阜新,1.02
20201111,3,AQI,阜新,116.0
20201111,3,PM2.5,阜新,88.0
20201111,3,PM2.5_24h,阜新,60.0
20201111,3,PM10,阜新,134.0
20201111,3,PM10_24h,阜新,108.0
20201111,3,SO2,阜新,33.0
20201111,3,SO2_24h,阜新,50.0
20201111,3,NO2,阜新,53.0
20201111,3,NO2_24h,阜新,46.0
20201111,3,O3,阜新,6.0
20201111,3,O3_24h,阜新,60.0
20201111,3,O3_8h,阜新,7.0
20201111,3,O3_8h_24h,阜新,7.0
20201111,3,CO,阜新,1.62
20201111,3,CO_24h,阜新,1.1
20201111,4,AQI,阜新,115.0
20201111,4,PM2.5,阜新,87.0
20201111,4,PM2.5_24h,阜新,62.0
20201111,4,PM10,阜新,132.0
20201111,4,PM10_24h,阜新,111.0
20201111,4,SO2,阜新,29.0
20201111,4,SO2_24h,阜新,50.0
20201111,4,NO2,阜新,50.0
20201111,4,NO2_24h,阜新,46.0
20201111,4,O3,阜新,6.0
20201111,4,O3_24h,阜新,60.0
20201111,4,O3_8h,阜新,7.0
20201111,4,O3_8h_24h,阜新,7.0
20201111,4,CO,阜新,1.6
20201111,4,CO_24h,阜新,1.14
20201111,5,AQI,阜新,123.0
20201111,5,PM2.5,阜新,93.0
20201111,5,PM2.5_24h,阜新,65.0
20201111,5,PM10,阜新,132.0
20201111,5,PM10_24h,阜新,114.0
20201111,5,SO2,阜新,33.0
20201111,5,SO2_24h,阜新,50.0
20201111,5,NO2,阜新,49.0
20201111,5,NO2_24h,阜新,47.0
20201111,5,O3,阜新,6.0
20201111,5,O3_24h,阜新,60.0
20201111,5,O3_8h,阜新,7.0
20201111,5,O3_8h_24h,阜新,7.0
20201111,5,CO,阜新,1.68
20201111,5,CO_24h,阜新,1.16
20201111,6,AQI,阜新,114.0
20201111,6,PM2.5,阜新,86.0
20201111,6,PM2.5_24h,阜新,67.0
20201111,6,PM10,阜新,125.0
20201111,6,PM10_24h,阜新,117.0
20201111,6,SO2,阜新,31.0
20201111,6,SO2_24h,阜新,50.0
20201111,6,NO2,阜新,49.0
20201111,6,NO2_24h,阜新,48.0
20201111,6,O3,阜新,6.0
20201111,6,O3_24h,阜新,60.0
20201111,6,O3_8h,阜新,7.0
20201111,6,O3_8h_24h,阜新,7.0
20201111,6,CO,阜新,1.6
20201111,6,CO_24h,阜新,1.2
20201111,8,AQI,阜新,140.0
20201111,8,PM2.5,阜新,107.0
20201111,8,PM2.5_24h,阜新,72.0
20201111,8,PM10,阜新,141.0
20201111,8,PM10_24h,阜新,122.0
20201111,8,SO2,阜新,40.0
20201111,8,SO2_24h,阜新,50.0
20201111,8,NO2,阜新,52.0
20201111,8,NO2_24h,阜新,49.0
20201111,8,O3,阜新,8.0
20201111,8,O3_24h,阜新,60.0
20201111,8,O3_8h,阜新,7.0
20201111,8,O3_8h_24h,阜新,7.0
20201111,8,CO,阜新,1.96
20201111,8,CO_24h,阜新,1.24
20201111,10,AQI,阜新,194.0
20201111,10,PM2.5,阜新,146.0
20201111,10,PM2.5_24h,阜新,80.0
20201111,10,PM10,阜新,149.0
20201111,10,PM10_24h,阜新,129.0
20201111,10,SO2,阜新,62.0
20201111,10,SO2_24h,阜新,48.0
20201111,10,NO2,阜新,62.0
20201111,10,NO2_24h,阜新,51.0
20201111,10,O3,阜新,19.0
20201111,10,O3_24h,阜新,60.0
20201111,10,O3_8h,阜新,9.0
20201111,10,O3_8h_24h,阜新,9.0
20201111,10,CO,阜新,2.3
20201111,10,CO_24h,阜新,1.34
20201111,11,AQI,阜新,189.0
20201111,11,PM2.5,阜新,142.0
20201111,11,PM2.5_24h,阜新,84.0
20201111,11,PM10,阜新,155.0
20201111,11,PM10_24h,阜新,132.0
20201111,11,SO2,阜新,64.0
20201111,11,SO2_24h,阜新,48.0
20201111,11,NO2,阜新,65.0
20201111,11,NO2_24h,阜新,52.0
20201111,11,O3,阜新,34.0
20201111,11,O3_24h,阜新,60.0
20201111,11,O3_8h,阜新,12.0
20201111,11,O3_8h_24h,阜新,12.0
20201111,11,CO,阜新,1.98
20201111,11,CO_24h,阜新,1.38
20201111,12,AQI,阜新,159.0
20201111,12,PM2.5,阜新,121.0
20201111,12,PM2.5_24h,阜新,87.0
20201111,12,PM10,阜新,172.0
20201111,12,PM10_24h,阜新,134.0
20201111,12,SO2,阜新,46.0
20201111,12,SO2_24h,阜新,48.0
20201111,12,NO2,阜新,58.0
20201111,12,NO2_24h,阜新,54.0
20201111,12,O3,阜新,55.0
20201111,12,O3_24h,阜新,61.0
20201111,12,O3_8h,阜新,18.0
20201111,12,O3_8h_24h,阜新,18.0
20201111,12,CO,阜新,1.6
20201111,12,CO_24h,阜新,1.44
20201111,13,AQI,阜新,125.0
20201111,13,PM2.5,阜新,95.0
20201111,13,PM2.5_24h,阜新,90.0
20201111,13,PM10,阜新,153.0
20201111,13,PM10_24h,阜新,129.0
20201111,13,SO2,阜新,33.0
20201111,13,SO2_24h,阜新,49.0
20201111,13,NO2,阜新,39.0
20201111,13,NO2_24h,阜新,54.0
20201111,13,O3,阜新,87.0
20201111,13,O3_24h,阜新,87.0
20201111,13,O3_8h,阜新,29.0
20201111,13,O3_8h_24h,阜新,29.0
20201111,13,CO,阜新,0.93
20201111,13,CO_24h,阜新,1.38
20201111,14,AQI,阜新,150.0
20201111,14,PM2.5,阜新,115.0
20201111,14,PM2.5_24h,阜新,93.0
20201111,14,PM10,阜新,157.0
20201111,14,PM10_24h,阜新,141.0
20201111,14,SO2,阜新,29.0
20201111,14,SO2_24h,阜新,46.0
20201111,14,NO2,阜新,44.0
20201111,14,NO2_24h,阜新,54.0
20201111,14,O3,阜新,101.0
20201111,14,O3_24h,阜新,97.0
20201111,14,O3_8h,阜新,37.0
20201111,14,O3_8h_24h,阜新,37.0
20201111,14,CO,阜新,1.1
20201111,14,CO_24h,阜新,1.46
20201111,15,AQI,阜新,176.0
20201111,15,PM2.5,阜新,133.0
20201111,15,PM2.5_24h,阜新,97.0
20201111,15,PM10,阜新,198.0
20201111,15,PM10_24h,阜新,145.0
20201111,15,SO2,阜新,30.0
20201111,15,SO2_24h,阜新,44.0
20201111,15,NO2,阜新,50.0
20201111,15,NO2_24h,阜新,55.0
20201111,15,O3,阜新,110.0
20201111,15,O3_24h,阜新,108.0
20201111,15,O3_8h,阜新,51.0
20201111,15,O3_8h_24h,阜新,51.0
20201111,15,CO,阜新,1.2
20201111,15,CO_24h,阜新,1.48
20201111,16,AQI,阜新,187.0
20201111,16,PM2.5,阜新,141.0
20201111,16,PM2.5_24h,阜新,102.0
20201111,16,PM10,阜新,230.0
20201111,16,PM10_24h,阜新,143.0
20201111,16,SO2,阜新,35.0
20201111,16,SO2_24h,阜新,47.0
20201111,16,NO2,阜新,53.0
20201111,16,NO2_24h,阜新,56.0
20201111,16,O3,阜新,101.0
20201111,16,O3_24h,阜新,109.0
20201111,16,O3_8h,阜新,63.0
20201111,16,O3_8h_24h,阜新,63.0
20201111,16,CO,阜新,1.58
20201111,16,CO_24h,阜新,1.48
20201111,17,AQI,阜新,179.0
20201111,17,PM2.5,阜新,135.0
20201111,17,PM2.5_24h,阜新,106.0
20201111,17,PM10,阜新,219.0
20201111,17,PM10_24h,阜新,157.0
20201111,17,SO2,阜新,35.0
20201111,17,SO2_24h,阜新,44.0
20201111,17,NO2,阜新,56.0
20201111,17,NO2_24h,阜新,57.0
20201111,17,O3,阜新,93.0
20201111,17,O3_24h,阜新,108.0
20201111,17,O3_8h,阜新,73.0
20201111,17,O3_8h_24h,阜新,73.0
20201111,17,CO,阜新,1.78
20201111,17,CO_24h,阜新,1.56
20201111,18,AQI,阜新,190.0
20201111,18,PM2.5,阜新,143.0
20201111,18,PM2.5_24h,阜新,109.0
20201111,18,PM10,阜新,206.0
20201111,18,PM10_24h,阜新,161.0
20201111,18,SO2,阜新,40.0
20201111,18,SO2_24h,阜新,44.0
20201111,18,NO2,阜新,58.0
20201111,18,NO2_24h,阜新,56.0
20201111,18,O3,阜新,76.0
20201111,18,O3_24h,阜新,108.0
20201111,18,O3_8h,阜新,80.0
20201111,18,O3_8h_24h,阜新,80.0
20201111,18,CO,阜新,1.77
20201111,18,CO_24h,阜新,1.62
20201111,19,AQI,阜新,176.0
20201111,19,PM2.5,阜新,133.0
20201111,19,PM2.5_24h,阜新,111.0
20201111,19,PM10,阜新,199.0
20201111,19,PM10_24h,阜新,162.0
20201111,19,SO2,阜新,40.0
20201111,19,SO2_24h,阜新,42.0
20201111,19,NO2,阜新,57.0
20201111,19,NO2_24h,阜新,55.0
20201111,19,O3,阜新,62.0
20201111,19,O3_24h,阜新,108.0
20201111,19,O3_8h,阜新,84.0
20201111,19,O3_8h_24h,阜新,84.0
20201111,19,CO,阜新,1.72
20201111,19,CO_24h,阜新,1.64
20201111,20,AQI,阜新,173.0
20201111,20,PM2.5,阜新,131.0
20201111,20,PM2.5_24h,阜新,112.0
20201111,20,PM10,阜新,182.0
20201111,20,PM10_24h,阜新,163.0
20201111,20,SO2,阜新,37.0
20201111,20,SO2_24h,阜新,41.0
20201111,20,NO2,阜新,56.0
20201111,20,NO2_24h,阜新,55.0
20201111,20,O3,阜新,59.0
20201111,20,O3_24h,阜新,108.0
20201111,20,O3_8h,阜新,85.0
20201111,20,O3_8h_24h,阜新,85.0
20201111,20,CO,阜新,1.54
20201111,20,CO_24h,阜新,1.64
20201111,21,AQI,阜新,169.0
20201111,21,PM2.5,阜新,128.0
20201111,21,PM2.5_24h,阜新,113.0
20201111,21,PM10,阜新,171.0
20201111,21,PM10_24h,阜新,163.0
20201111,21,SO2,阜新,34.0
20201111,21,SO2_24h,阜新,40.0
20201111,21,NO2,阜新,49.0
20201111,21,NO2_24h,阜新,54.0
20201111,21,O3,阜新,65.0
20201111,21,O3_24h,阜新,108.0
20201111,21,O3_8h,阜新,82.0
20201111,21,O3_8h_24h,阜新,85.0
20201111,21,CO,阜新,1.44
20201111,21,CO_24h,阜新,1.64
20201111,22,AQI,阜新,153.0
20201111,22,PM2.5,阜新,117.0
20201111,22,PM2.5_24h,阜新,114.0
20201111,22,PM10,阜新,165.0
20201111,22,PM10_24h,阜新,164.0
20201111,22,SO2,阜新,33.0
20201111,22,SO2_24h,阜新,39.0
20201111,22,NO2,阜新,38.0
20201111,22,NO2_24h,阜新,53.0
20201111,22,O3,阜新,80.0
20201111,22,O3_24h,阜新,108.0
20201111,22,O3_8h,阜新,79.0
20201111,22,O3_8h_24h,阜新,85.0
20201111,22,CO,阜新,1.4
20201111,22,CO_24h,阜新,1.66
20201111,23,AQI,阜新,160.0
20201111,23,PM2.5,阜新,122.0
20201111,23,PM2.5_24h,阜新,115.0
20201111,23,PM10,阜新,169.0
20201111,23,PM10_24h,阜新,164.0
20201111,23,SO2,阜新,33.0
20201111,23,SO2_24h,阜新,38.0
20201111,23,NO2,阜新,35.0
20201111,23,NO2_24h,阜新,52.0
20201111,23,O3,阜新,82.0
20201111,23,O3_24h,阜新,108.0
20201111,23,O3_8h,阜新,77.0
20201111,23,O3_8h_24h,阜新,85.0
20201111,23,CO,阜新,1.38
20201111,23,CO_24h,阜新,1.66
20201111,0,AQI,辽阳,63.0
20201111,0,PM2.5,辽阳,40.0
20201111,0,PM2.5_24h,辽阳,42.0
20201111,0,PM10,辽阳,76.0
20201111,0,PM10_24h,辽阳,87.0
20201111,0,SO2,辽阳,18.0
20201111,0,SO2_24h,辽阳,29.0
20201111,0,NO2,辽阳,41.0
20201111,0,NO2_24h,辽阳,49.0
20201111,0,O3,辽阳,25.0
20201111,0,O3_24h,辽阳,44.0
20201111,0,O3_8h,辽阳,16.0
20201111,0,O3_8h_24h,辽阳,32.0
20201111,0,CO,辽阳,1.13
20201111,0,CO_24h,辽阳,1.5
20201111,1,AQI,辽阳,55.0
20201111,1,PM2.5,辽阳,34.0
20201111,1,PM2.5_24h,辽阳,42.0
20201111,1,PM10,辽阳,60.0
20201111,1,PM10_24h,辽阳,85.0
20201111,1,SO2,辽阳,14.0
20201111,1,SO2_24h,辽阳,27.0
20201111,1,NO2,辽阳,32.0
20201111,1,NO2_24h,辽阳,48.0
20201111,1,O3,辽阳,31.0
20201111,1,O3_24h,辽阳,46.0
20201111,1,O3_8h,辽阳,31.0
20201111,1,O3_8h_24h,辽阳,31.0
20201111,1,CO,辽阳,0.87
20201111,1,CO_24h,辽阳,1.5
20201111,2,AQI,辽阳,49.0
20201111,2,PM2.5,辽阳,28.0
20201111,2,PM2.5_24h,辽阳,42.0
20201111,2,PM10,辽阳,49.0
20201111,2,PM10_24h,辽阳,83.0
20201111,2,SO2,辽阳,12.0
20201111,2,SO2_24h,辽阳,26.0
20201111,2,NO2,辽阳,20.0
20201111,2,NO2_24h,辽阳,47.0
20201111,2,O3,辽阳,41.0
20201111,2,O3_24h,辽阳,46.0
20201111,2,O3_8h,辽阳,36.0
20201111,2,O3_8h_24h,辽阳,36.0
20201111,2,CO,辽阳,0.73
20201111,2,CO_24h,辽阳,1.48
20201111,3,AQI,辽阳,43.0
20201111,3,PM2.5,辽阳,30.0
20201111,3,PM2.5_24h,辽阳,41.0
20201111,3,PM10,辽阳,40.0
20201111,3,PM10_24h,辽阳,81.0
20201111,3,SO2,辽阳,12.0
20201111,3,SO2_24h,辽阳,26.0
20201111,3,NO2,辽阳,17.0
20201111,3,NO2_24h,辽阳,47.0
20201111,3,O3,辽阳,44.0
20201111,3,O3_24h,辽阳,47.0
20201111,3,O3_8h,辽阳,39.0
20201111,3,O3_8h_24h,辽阳,39.0
20201111,3,CO,辽阳,0.7
20201111,3,CO_24h,辽阳,1.48
20201111,4,AQI,辽阳,49.0
20201111,4,PM2.5,辽阳,34.0
20201111,4,PM2.5_24h,辽阳,41.0
20201111,4,PM10,辽阳,45.0
20201111,4,PM10_24h,辽阳,79.0
20201111,4,SO2,辽阳,11.0
20201111,4,SO2_24h,辽阳,25.0
20201111,4,NO2,辽阳,15.0
20201111,4,NO2_24h,辽阳,46.0
20201111,4,O3,辽阳,46.0
20201111,4,O3_24h,辽阳,48.0
20201111,4,O3_8h,辽阳,41.0
20201111,4,O3_8h_24h,辽阳,41.0
20201111,4,CO,辽阳,0.7
20201111,4,CO_24h,辽阳,1.48
20201111,5,AQI,辽阳,50.0
20201111,5,PM2.5,辽阳,35.0
20201111,5,PM2.5_24h,辽阳,41.0
20201111,5,PM10,辽阳,46.0
20201111,5,PM10_24h,辽阳,78.0
20201111,5,SO2,辽阳,11.0
20201111,5,SO2_24h,辽阳,25.0
20201111,5,NO2,辽阳,14.0
20201111,5,NO2_24h,辽阳,45.0
20201111,5,O3,辽阳,48.0
20201111,5,O3_24h,辽阳,49.0
20201111,5,O3_8h,辽阳,42.0
20201111,5,O3_8h_24h,辽阳,42.0
20201111,5,CO,辽阳,0.7
20201111,5,CO_24h,辽阳,1.48
20201111,6,AQI,辽阳,50.0
20201111,6,PM2.5,辽阳,35.0
20201111,6,PM2.5_24h,辽阳,42.0
20201111,6,PM10,辽阳,41.0
20201111,6,PM10_24h,辽阳,77.0
20201111,6,SO2,辽阳,10.0
20201111,6,SO2_24h,辽阳,25.0
20201111,6,NO2,辽阳,15.0
20201111,6,NO2_24h,辽阳,44.0
20201111,6,O3,辽阳,47.0
20201111,6,O3_24h,辽阳,50.0
20201111,6,O3_8h,辽阳,43.0
20201111,6,O3_8h_24h,辽阳,43.0
20201111,6,CO,辽阳,0.7
20201111,6,CO_24h,辽阳,1.43
20201111,8,AQI,辽阳,55.0
20201111,8,PM2.5,辽阳,39.0
20201111,8,PM2.5_24h,辽阳,42.0
20201111,8,PM10,辽阳,46.0
20201111,8,PM10_24h,辽阳,74.0
20201111,8,SO2,辽阳,11.0
20201111,8,SO2_24h,辽阳,24.0
20201111,8,NO2,辽阳,28.0
20201111,8,NO2_24h,辽阳,43.0
20201111,8,O3,辽阳,38.0
20201111,8,O3_24h,辽阳,50.0
20201111,8,O3_8h,辽阳,42.0
20201111,8,O3_8h_24h,辽阳,43.0
20201111,8,CO,辽阳,0.8
20201111,8,CO_24h,辽阳,1.38
20201111,10,AQI,辽阳,59.0
20201111,10,PM2.5,辽阳,42.0
20201111,10,PM2.5_24h,辽阳,42.0
20201111,10,PM10,辽阳,52.0
20201111,10,PM10_24h,辽阳,72.0
20201111,10,SO2,辽阳,14.0
20201111,10,SO2_24h,辽阳,23.0
20201111,10,NO2,辽阳,24.0
20201111,10,NO2_24h,辽阳,41.0
20201111,10,O3,辽阳,56.0
20201111,10,O3_24h,辽阳,56.0
20201111,10,O3_8h,辽阳,46.0
20201111,10,O3_8h_24h,辽阳,46.0
20201111,10,CO,辽阳,0.72
20201111,10,CO_24h,辽阳,1.33
20201111,11,AQI,辽阳,61.0
20201111,11,PM2.5,辽阳,44.0
20201111,11,PM2.5_24h,辽阳,43.0
20201111,11,PM10,辽阳,58.0
20201111,11,PM10_24h,辽阳,71.0
20201111,11,SO2,辽阳,15.0
20201111,11,SO2_24h,辽阳,22.0
20201111,11,NO2,辽阳,25.0
20201111,11,NO2_24h,辽阳,41.0
20201111,11,O3,辽阳,64.0
20201111,11,O3_24h,辽阳,64.0
20201111,11,O3_8h,辽阳,49.0
20201111,11,O3_8h_24h,辽阳,49.0
20201111,11,CO,辽阳,0.78
20201111,11,CO_24h,辽阳,1.3
20201111,12,AQI,辽阳,65.0
20201111,12,PM2.5,辽阳,47.0
20201111,12,PM2.5_24h,辽阳,43.0
20201111,12,PM10,辽阳,75.0
20201111,12,PM10_24h,辽阳,70.0
20201111,12,SO2,辽阳,18.0
20201111,12,SO2_24h,辽阳,21.0
20201111,12,NO2,辽阳,26.0
20201111,12,NO2_24h,辽阳,40.0
20201111,12,O3,辽阳,75.0
20201111,12,O3_24h,辽阳,75.0
20201111,12,O3_8h,辽阳,52.0
20201111,12,O3_8h_24h,辽阳,52.0
20201111,12,CO,辽阳,0.88
20201111,12,CO_24h,辽阳,1.25
20201111,13,AQI,辽阳,73.0
20201111,13,PM2.5,辽阳,48.0
20201111,13,PM2.5_24h,辽阳,44.0
20201111,13,PM10,辽阳,96.0
20201111,13,PM10_24h,辽阳,71.0
20201111,13,SO2,辽阳,21.0
20201111,13,SO2_24h,辽阳,21.0
20201111,13,NO2,辽阳,27.0
20201111,13,NO2_24h,辽阳,39.0
20201111,13,O3,辽阳,85.0
20201111,13,O3_24h,辽阳,85.0
20201111,13,O3_8h,辽阳,57.0
20201111,13,O3_8h_24h,辽阳,57.0
20201111,13,CO,辽阳,0.93
20201111,13,CO_24h,辽阳,1.2
20201111,14,AQI,辽阳,74.0
20201111,14,PM2.5,辽阳,47.0
20201111,14,PM2.5_24h,辽阳,45.0
20201111,14,PM10,辽阳,98.0
20201111,14,PM10_24h,辽阳,73.0
20201111,14,SO2,辽阳,20.0
20201111,14,SO2_24h,辽阳,21.0
20201111,14,NO2,辽阳,25.0
20201111,14,NO2_24h,辽阳,38.0
20201111,14,O3,辽阳,90.0
20201111,14,O3_24h,辽阳,90.0
20201111,14,O3_8h,辽阳,63.0
20201111,14,O3_8h_24h,辽阳,63.0
20201111,14,CO,辽阳,0.9
20201111,14,CO_24h,辽阳,1.17
20201111,15,AQI,辽阳,69.0
20201111,15,PM2.5,辽阳,37.0
20201111,15,PM2.5_24h,辽阳,45.0
20201111,15,PM10,辽阳,87.0
20201111,15,PM10_24h,辽阳,74.0
20201111,15,SO2,辽阳,14.0
20201111,15,SO2_24h,辽阳,20.0
20201111,15,NO2,辽阳,22.0
20201111,15,NO2_24h,辽阳,37.0
20201111,15,O3,辽阳,81.0
20201111,15,O3_24h,辽阳,90.0
20201111,15,O3_8h,辽阳,68.0
20201111,15,O3_8h_24h,辽阳,68.0
20201111,15,CO,辽阳,0.8
20201111,15,CO_24h,辽阳,1.13
20201111,16,AQI,辽阳,58.0
20201111,16,PM2.5,辽阳,31.0
20201111,16,PM2.5_24h,辽阳,46.0
20201111,16,PM10,辽阳,65.0
20201111,16,PM10_24h,辽阳,74.0
20201111,16,SO2,辽阳,13.0
20201111,16,SO2_24h,辽阳,19.0
20201111,16,NO2,辽阳,25.0
20201111,16,NO2_24h,辽阳,36.0
20201111,16,O3,辽阳,68.0
20201111,16,O3_24h,辽阳,90.0
20201111,16,O3_8h,辽阳,71.0
20201111,16,O3_8h_24h,辽阳,71.0
20201111,16,CO,辽阳,0.72
20201111,16,CO_24h,辽阳,1.07
20201111,17,AQI,辽阳,55.0
20201111,17,PM2.5,辽阳,28.0
20201111,17,PM2.5_24h,辽阳,44.0
20201111,17,PM10,辽阳,59.0
20201111,17,PM10_24h,辽阳,73.0
20201111,17,SO2,辽阳,10.0
20201111,17,SO2_24h,辽阳,18.0
20201111,17,NO2,辽阳,26.0
20201111,17,NO2_24h,辽阳,34.0
20201111,17,O3,辽阳,62.0
20201111,17,O3_24h,辽阳,90.0
20201111,17,O3_8h,辽阳,73.0
20201111,17,O3_8h_24h,辽阳,73.0
20201111,17,CO,辽阳,0.7
20201111,17,CO_24h,辽阳,1.05
20201111,18,AQI,辽阳,51.0
20201111,18,PM2.5,辽阳,28.0
20201111,18,PM2.5_24h,辽阳,42.0
20201111,18,PM10,辽阳,51.0
20201111,18,PM10_24h,辽阳,70.0
20201111,18,SO2,辽阳,9.0
20201111,18,SO2_24h,辽阳,17.0
20201111,18,NO2,辽阳,23.0
20201111,18,NO2_24h,辽阳,32.0
20201111,18,O3,辽阳,63.0
20201111,18,O3_24h,辽阳,90.0
20201111,18,O3_8h,辽阳,74.0
20201111,18,O3_8h_24h,辽阳,74.0
20201111,18,CO,辽阳,0.7
20201111,18,CO_24h,辽阳,1.0
20201111,19,AQI,辽阳,48.0
20201111,19,PM2.5,辽阳,28.0
20201111,19,PM2.5_24h,辽阳,40.0
20201111,19,PM10,辽阳,48.0
20201111,19,PM10_24h,辽阳,66.0
20201111,19,SO2,辽阳,9.0
20201111,19,SO2_24h,辽阳,16.0
20201111,19,NO2,辽阳,19.0
20201111,19,NO2_24h,辽阳,29.0
20201111,19,O3,辽阳,69.0
20201111,19,O3_24h,辽阳,90.0
20201111,19,O3_8h,辽阳,74.0
20201111,19,O3_8h_24h,辽阳,74.0
20201111,19,CO,辽阳,0.7
20201111,19,CO_24h,辽阳,0.93
20201111,20,AQI,辽阳,49.0
20201111,20,PM2.5,辽阳,29.0
20201111,20,PM2.5_24h,辽阳,38.0
20201111,20,PM10,辽阳,49.0
20201111,20,PM10_24h,辽阳,62.0
20201111,20,SO2,辽阳,9.0
20201111,20,SO2_24h,辽阳,15.0
20201111,20,NO2,辽阳,18.0
20201111,20,NO2_24h,辽阳,27.0
20201111,20,O3,辽阳,70.0
20201111,20,O3_24h,辽阳,90.0
20201111,20,O3_8h,辽阳,73.0
20201111,20,O3_8h_24h,辽阳,74.0
20201111,20,CO,辽阳,0.72
20201111,20,CO_24h,辽阳,0.88
20201111,21,AQI,辽阳,51.0
20201111,21,PM2.5,辽阳,29.0
20201111,21,PM2.5_24h,辽阳,37.0
20201111,21,PM10,辽阳,51.0
20201111,21,PM10_24h,辽阳,61.0
20201111,21,SO2,辽阳,9.0
20201111,21,SO2_24h,辽阳,14.0
20201111,21,NO2,辽阳,17.0
20201111,21,NO2_24h,辽阳,25.0
20201111,21,O3,辽阳,73.0
20201111,21,O3_24h,辽阳,90.0
20201111,21,O3_8h,辽阳,72.0
20201111,21,O3_8h_24h,辽阳,74.0
20201111,21,CO,辽阳,0.72
20201111,21,CO_24h,辽阳,0.85
20201111,22,AQI,辽阳,48.0
20201111,22,PM2.5,辽阳,28.0
20201111,22,PM2.5_24h,辽阳,36.0
20201111,22,PM10,辽阳,48.0
20201111,22,PM10_24h,辽阳,59.0
20201111,22,SO2,辽阳,11.0
20201111,22,SO2_24h,辽阳,13.0
20201111,22,NO2,辽阳,18.0
20201111,22,NO2_24h,辽阳,24.0
20201111,22,O3,辽阳,73.0
20201111,22,O3_24h,辽阳,90.0
20201111,22,O3_8h,辽阳,70.0
20201111,22,O3_8h_24h,辽阳,74.0
20201111,22,CO,辽阳,0.7
20201111,22,CO_24h,辽阳,0.78
20201111,23,AQI,辽阳,45.0
20201111,23,PM2.5,辽阳,30.0
20201111,23,PM2.5_24h,辽阳,35.0
20201111,23,PM10,辽阳,45.0
20201111,23,PM10_24h,辽阳,57.0
20201111,23,SO2,辽阳,13.0
20201111,23,SO2_24h,辽阳,13.0
20201111,23,NO2,辽阳,17.0
20201111,23,NO2_24h,辽阳,23.0
20201111,23,O3,辽阳,78.0
20201111,23,O3_24h,辽阳,90.0
20201111,23,O3_8h,辽阳,70.0
20201111,23,O3_8h_24h,辽阳,74.0
20201111,23,CO,辽阳,0.7
20201111,23,CO_24h,辽阳,0.78
20201111,0,AQI,铁岭,91.0
20201111,0,PM2.5,铁岭,68.0
20201111,0,PM2.5_24h,铁岭,45.0
20201111,0,PM10,铁岭,124.0
20201111,0,PM10_24h,铁岭,77.0
20201111,0,SO2,铁岭,53.0
20201111,0,SO2_24h,铁岭,23.0
20201111,0,NO2,铁岭,75.0
20201111,0,NO2_24h,铁岭,47.0
20201111,0,O3,铁岭,9.0
20201111,0,O3_24h,铁岭,53.0
20201111,0,O3_8h,铁岭,11.0
20201111,0,O3_8h_24h,铁岭,39.0
20201111,0,CO,铁岭,2.05
20201111,0,CO_24h,铁岭,1.07
20201111,1,AQI,铁岭,80.0
20201111,1,PM2.5,铁岭,54.0
20201111,1,PM2.5_24h,铁岭,46.0
20201111,1,PM10,铁岭,110.0
20201111,1,PM10_24h,铁岭,80.0
20201111,1,SO2,铁岭,43.0
20201111,1,SO2_24h,铁岭,23.0
20201111,1,NO2,铁岭,68.0
20201111,1,NO2_24h,铁岭,49.0
20201111,1,O3,铁岭,11.0
20201111,1,O3_24h,铁岭,53.0
20201111,1,O3_8h,铁岭,11.0
20201111,1,O3_8h_24h,铁岭,11.0
20201111,1,CO,铁岭,1.78
20201111,1,CO_24h,铁岭,1.15
20201111,2,AQI,铁岭,70.0
20201111,2,PM2.5,铁岭,50.0
20201111,2,PM2.5_24h,铁岭,46.0
20201111,2,PM10,铁岭,90.0
20201111,2,PM10_24h,铁岭,81.0
20201111,2,SO2,铁岭,40.0
20201111,2,SO2_24h,铁岭,25.0
20201111,2,NO2,铁岭,65.0
20201111,2,NO2_24h,铁岭,50.0
20201111,2,O3,铁岭,11.0
20201111,2,O3_24h,铁岭,53.0
20201111,2,O3_8h,铁岭,11.0
20201111,2,O3_8h_24h,铁岭,11.0
20201111,2,CO,铁岭,1.67
20201111,2,CO_24h,铁岭,1.15
20201111,3,AQI,铁岭,66.0
20201111,3,PM2.5,铁岭,45.0
20201111,3,PM2.5_24h,铁岭,46.0
20201111,3,PM10,铁岭,81.0
20201111,3,PM10_24h,铁岭,81.0
20201111,3,SO2,铁岭,34.0
20201111,3,SO2_24h,铁岭,26.0
20201111,3,NO2,铁岭,63.0
20201111,3,NO2_24h,铁岭,52.0
20201111,3,O3,铁岭,13.0
20201111,3,O3_24h,铁岭,53.0
20201111,3,O3_8h,铁岭,12.0
20201111,3,O3_8h_24h,铁岭,13.0
20201111,3,CO,铁岭,1.65
20201111,3,CO_24h,铁岭,1.23
20201111,4,AQI,铁岭,66.0
20201111,4,PM2.5,铁岭,45.0
20201111,4,PM2.5_24h,铁岭,47.0
20201111,4,PM10,铁岭,82.0
20201111,4,PM10_24h,铁岭,83.0
20201111,4,SO2,铁岭,30.0
20201111,4,SO2_24h,铁岭,26.0
20201111,4,NO2,铁岭,51.0
20201111,4,NO2_24h,铁岭,52.0
20201111,4,O3,铁岭,22.0
20201111,4,O3_24h,铁岭,53.0
20201111,4,O3_8h,铁岭,15.0
20201111,4,O3_8h_24h,铁岭,15.0
20201111,4,CO,铁岭,1.38
20201111,4,CO_24h,铁岭,1.25
20201111,5,AQI,铁岭,69.0
20201111,5,PM2.5,铁岭,50.0
20201111,5,PM2.5_24h,铁岭,46.0
20201111,5,PM10,铁岭,71.0
20201111,5,PM10_24h,铁岭,82.0
20201111,5,SO2,铁岭,25.0
20201111,5,SO2_24h,铁岭,27.0
20201111,5,NO2,铁岭,41.0
20201111,5,NO2_24h,铁岭,53.0
20201111,5,O3,铁岭,30.0
20201111,5,O3_24h,铁岭,53.0
20201111,5,O3_8h,铁岭,18.0
20201111,5,O3_8h_24h,铁岭,18.0
20201111,5,CO,铁岭,1.25
20201111,5,CO_24h,铁岭,1.27
20201111,6,AQI,铁岭,74.0
20201111,6,PM2.5,铁岭,54.0
20201111,6,PM2.5_24h,铁岭,47.0
20201111,6,PM10,铁岭,75.0
20201111,6,PM10_24h,铁岭,82.0
20201111,6,SO2,铁岭,21.0
20201111,6,SO2_24h,铁岭,28.0
20201111,6,NO2,铁岭,36.0
20201111,6,NO2_24h,铁岭,53.0
20201111,6,O3,铁岭,36.0
20201111,6,O3_24h,铁岭,53.0
20201111,6,O3_8h,铁岭,20.0
20201111,6,O3_8h_24h,铁岭,20.0
20201111,6,CO,铁岭,1.15
20201111,6,CO_24h,铁岭,1.27
20201111,8,AQI,铁岭,76.0
20201111,8,PM2.5,铁岭,56.0
20201111,8,PM2.5_24h,铁岭,46.0
20201111,8,PM10,铁岭,70.0
20201111,8,PM10_24h,铁岭,81.0
20201111,8,SO2,铁岭,19.0
20201111,8,SO2_24h,铁岭,29.0
20201111,8,NO2,铁岭,38.0
20201111,8,NO2_24h,铁岭,53.0
20201111,8,O3,铁岭,42.0
20201111,8,O3_24h,铁岭,53.0
20201111,8,O3_8h,铁岭,26.0
20201111,8,O3_8h_24h,铁岭,26.0
20201111,8,CO,铁岭,1.15
20201111,8,CO_24h,铁岭,1.3
20201111,10,AQI,铁岭,89.0
20201111,10,PM2.5,铁岭,66.0
20201111,10,PM2.5_24h,铁岭,48.0
20201111,10,PM10,铁岭,85.0
20201111,10,PM10_24h,铁岭,82.0
20201111,10,SO2,铁岭,21.0
20201111,10,SO2_24h,铁岭,29.0
20201111,10,NO2,铁岭,35.0
20201111,10,NO2_24h,铁岭,54.0
20201111,10,O3,铁岭,54.0
20201111,10,O3_24h,铁岭,58.0
20201111,10,O3_8h,铁岭,35.0
20201111,10,O3_8h_24h,铁岭,35.0
20201111,10,CO,铁岭,1.23
20201111,10,CO_24h,铁岭,1.3
20201111,11,AQI,铁岭,88.0
20201111,11,PM2.5,铁岭,65.0
20201111,11,PM2.5_24h,铁岭,49.0
20201111,11,PM10,铁岭,99.0
20201111,11,PM10_24h,铁岭,83.0
20201111,11,SO2,铁岭,22.0
20201111,11,SO2_24h,铁岭,29.0
20201111,11,NO2,铁岭,36.0
20201111,11,NO2_24h,铁岭,54.0
20201111,11,O3,铁岭,62.0
20201111,11,O3_24h,铁岭,64.0
20201111,11,O3_8h,铁岭,41.0
20201111,11,O3_8h_24h,铁岭,41.0
20201111,11,CO,铁岭,1.25
20201111,11,CO_24h,铁岭,1.35
20201111,12,AQI,铁岭,89.0
20201111,12,PM2.5,铁岭,66.0
20201111,12,PM2.5_24h,铁岭,51.0
20201111,12,PM10,铁岭,109.0
20201111,12,PM10_24h,铁岭,85.0
20201111,12,SO2,铁岭,23.0
20201111,12,SO2_24h,铁岭,30.0
20201111,12,NO2,铁岭,36.0
20201111,12,NO2_24h,铁岭,55.0
20201111,12,O3,铁岭,70.0
20201111,12,O3_24h,铁岭,70.0
20201111,12,O3_8h,铁岭,47.0
20201111,12,O3_8h_24h,铁岭,47.0
20201111,12,CO,铁岭,1.18
20201111,12,CO_24h,铁岭,1.38
20201111,13,AQI,铁岭,93.0
20201111,13,PM2.5,铁岭,69.0
20201111,13,PM2.5_24h,铁岭,53.0
20201111,13,PM10,铁岭,124.0
20201111,13,PM10_24h,铁岭,89.0
20201111,13,SO2,铁岭,23.0
20201111,13,SO2_24h,铁岭,30.0
20201111,13,NO2,铁岭,35.0
20201111,13,NO2_24h,铁岭,55.0
20201111,13,O3,铁岭,83.0
20201111,13,O3_24h,铁岭,83.0
20201111,13,O3_8h,铁岭,54.0
20201111,13,O3_8h_24h,铁岭,54.0
20201111,13,CO,铁岭,1.07
20201111,13,CO_24h,铁岭,1.38
20201111,14,AQI,铁岭,100.0
20201111,14,PM2.5,铁岭,75.0
20201111,14,PM2.5_24h,铁岭,55.0
20201111,14,PM10,铁岭,130.0
20201111,14,PM10_24h,铁岭,92.0
20201111,14,SO2,铁岭,22.0
20201111,14,SO2_24h,铁岭,30.0
20201111,14,NO2,铁岭,35.0
20201111,14,NO2_24h,铁岭,55.0
20201111,14,O3,铁岭,90.0
20201111,14,O3_24h,铁岭,90.0
20201111,14,O3_8h,铁岭,62.0
20201111,14,O3_8h_24h,铁岭,62.0
20201111,14,CO,铁岭,1.05
20201111,14,CO_24h,铁岭,1.38
20201111,15,AQI,铁岭,101.0
20201111,15,PM2.5,铁岭,76.0
20201111,15,PM2.5_24h,铁岭,57.0
20201111,15,PM10,铁岭,138.0
20201111,15,PM10_24h,铁岭,95.0
20201111,15,SO2,铁岭,22.0
20201111,15,SO2_24h,铁岭,30.0
20201111,15,NO2,铁岭,39.0
20201111,15,NO2_24h,铁岭,54.0
20201111,15,O3,铁岭,94.0
20201111,15,O3_24h,铁岭,94.0
20201111,15,O3_8h,铁岭,69.0
20201111,15,O3_8h_24h,铁岭,69.0
20201111,15,CO,铁岭,1.1
20201111,15,CO_24h,铁岭,1.38
20201111,16,AQI,铁岭,100.0
20201111,16,PM2.5,铁岭,75.0
20201111,16,PM2.5_24h,铁岭,59.0
20201111,16,PM10,铁岭,140.0
20201111,16,PM10_24h,铁岭,98.0
20201111,16,SO2,铁岭,23.0
20201111,16,SO2_24h,铁岭,30.0
20201111,16,NO2,铁岭,43.0
20201111,16,NO2_24h,铁岭,53.0
20201111,16,O3,铁岭,94.0
20201111,16,O3_24h,铁岭,95.0
20201111,16,O3_8h,铁岭,75.0
20201111,16,O3_8h_24h,铁岭,75.0
20201111,16,CO,铁岭,1.13
20201111,16,CO_24h,铁岭,1.38
20201111,17,AQI,铁岭,91.0
20201111,17,PM2.5,铁岭,68.0
20201111,17,PM2.5_24h,铁岭,61.0
20201111,17,PM10,铁岭,124.0
20201111,17,PM10_24h,铁岭,100.0
20201111,17,SO2,铁岭,22.0
20201111,17,SO2_24h,铁岭,29.0
20201111,17,NO2,铁岭,43.0
20201111,17,NO2_24h,铁岭,52.0
20201111,17,O3,铁岭,86.0
20201111,17,O3_24h,铁岭,95.0
20201111,17,O3_8h,铁岭,79.0
20201111,17,O3_8h_24h,铁岭,79.0
20201111,17,CO,铁岭,1.1
20201111,17,CO_24h,铁岭,1.4
20201111,18,AQI,铁岭,83.0
20201111,18,PM2.5,铁岭,56.0
20201111,18,PM2.5_24h,铁岭,62.0
20201111,18,PM10,铁岭,116.0
20201111,18,PM10_24h,铁岭,101.0
20201111,18,SO2,铁岭,23.0
20201111,18,SO2_24h,铁岭,29.0
20201111,18,NO2,铁岭,43.0
20201111,18,NO2_24h,铁岭,51.0
20201111,18,O3,铁岭,71.0
20201111,18,O3_24h,铁岭,95.0
20201111,18,O3_8h,铁岭,81.0
20201111,18,O3_8h_24h,铁岭,81.0
20201111,18,CO,铁岭,1.2
20201111,18,CO_24h,铁岭,1.4
20201111,19,AQI,铁岭,72.0
20201111,19,PM2.5,铁岭,49.0
20201111,19,PM2.5_24h,铁岭,61.0
20201111,19,PM10,铁岭,93.0
20201111,19,PM10_24h,铁岭,102.0
20201111,19,SO2,铁岭,18.0
20201111,19,SO2_24h,铁岭,29.0
20201111,19,NO2,铁岭,36.0
20201111,19,NO2_24h,铁岭,50.0
20201111,19,O3,铁岭,69.0
20201111,19,O3_24h,铁岭,95.0
20201111,19,O3_8h,铁岭,82.0
20201111,19,O3_8h_24h,铁岭,82.0
20201111,19,CO,铁岭,1.05
20201111,19,CO_24h,铁岭,1.35
20201111,20,AQI,铁岭,64.0
20201111,20,PM2.5,铁岭,43.0
20201111,20,PM2.5_24h,铁岭,60.0
20201111,20,PM10,铁岭,77.0
20201111,20,PM10_24h,铁岭,101.0
20201111,20,SO2,铁岭,15.0
20201111,20,SO2_24h,铁岭,28.0
20201111,20,NO2,铁岭,32.0
20201111,20,NO2_24h,铁岭,48.0
20201111,20,O3,铁岭,68.0
20201111,20,O3_24h,铁岭,95.0
20201111,20,O3_8h,铁岭,82.0
20201111,20,O3_8h_24h,铁岭,82.0
20201111,20,CO,铁岭,0.93
20201111,20,CO_24h,铁岭,1.35
20201111,21,AQI,铁岭,61.0
20201111,21,PM2.5,铁岭,44.0
20201111,21,PM2.5_24h,铁岭,60.0
20201111,21,PM10,铁岭,69.0
20201111,21,PM10_24h,铁岭,99.0
20201111,21,SO2,铁岭,15.0
20201111,21,SO2_24h,铁岭,26.0
20201111,21,NO2,铁岭,33.0
20201111,21,NO2_24h,铁岭,46.0
20201111,21,O3,铁岭,68.0
20201111,21,O3_24h,铁岭,95.0
20201111,21,O3_8h,铁岭,80.0
20201111,21,O3_8h_24h,铁岭,82.0
20201111,21,CO,铁岭,0.93
20201111,21,CO_24h,铁岭,1.3
20201111,22,AQI,铁岭,66.0
20201111,22,PM2.5,铁岭,48.0
20201111,22,PM2.5_24h,铁岭,59.0
20201111,22,PM10,铁岭,77.0
20201111,22,PM10_24h,铁岭,97.0
20201111,22,SO2,铁岭,15.0
20201111,22,SO2_24h,铁岭,26.0
20201111,22,NO2,铁岭,31.0
20201111,22,NO2_24h,铁岭,44.0
20201111,22,O3,铁岭,74.0
20201111,22,O3_24h,铁岭,95.0
20201111,22,O3_8h,铁岭,78.0
20201111,22,O3_8h_24h,铁岭,82.0
20201111,22,CO,铁岭,0.93
20201111,22,CO_24h,铁岭,1.25
20201111,23,AQI,铁岭,71.0
20201111,23,PM2.5,铁岭,52.0
20201111,23,PM2.5_24h,铁岭,58.0
20201111,23,PM10,铁岭,84.0
20201111,23,PM10_24h,铁岭,96.0
20201111,23,SO2,铁岭,16.0
20201111,23,SO2_24h,铁岭,25.0
20201111,23,NO2,铁岭,33.0
20201111,23,NO2_24h,铁岭,43.0
20201111,23,O3,铁岭,77.0
20201111,23,O3_24h,铁岭,95.0
20201111,23,O3_8h,铁岭,76.0
20201111,23,O3_8h_24h,铁岭,82.0
20201111,23,CO,铁岭,1.0
20201111,23,CO_24h,铁岭,1.25
20201111,0,AQI,朝阳,73.0
20201111,0,PM2.5,朝阳,46.0
20201111,0,PM2.5_24h,朝阳,40.0
20201111,0,PM10,朝阳,95.0
20201111,0,PM10_24h,朝阳,83.0
20201111,0,SO2,朝阳,17.0
20201111,0,SO2_24h,朝阳,23.0
20201111,0,NO2,朝阳,51.0
20201111,0,NO2_24h,朝阳,38.0
20201111,0,O3,朝阳,11.0
20201111,0,O3_24h,朝阳,78.0
20201111,0,O3_8h,朝阳,25.0
20201111,0,O3_8h_24h,朝阳,58.0
20201111,0,CO,朝阳,1.23
20201111,0,CO_24h,朝阳,1.15
20201111,1,AQI,朝阳,58.0
20201111,1,PM2.5,朝阳,40.0
20201111,1,PM2.5_24h,朝阳,40.0
20201111,1,PM10,朝阳,66.0
20201111,1,PM10_24h,朝阳,82.0
20201111,1,SO2,朝阳,18.0
20201111,1,SO2_24h,朝阳,22.0
20201111,1,NO2,朝阳,48.0
20201111,1,NO2_24h,朝阳,38.0
20201111,1,O3,朝阳,12.0
20201111,1,O3_24h,朝阳,78.0
20201111,1,O3_8h,朝阳,12.0
20201111,1,O3_8h_24h,朝阳,12.0
20201111,1,CO,朝阳,1.3
20201111,1,CO_24h,朝阳,1.15
20201111,2,AQI,朝阳,60.0
20201111,2,PM2.5,朝阳,40.0
20201111,2,PM2.5_24h,朝阳,40.0
20201111,2,PM10,朝阳,70.0
20201111,2,PM10_24h,朝阳,81.0
20201111,2,SO2,朝阳,20.0
20201111,2,SO2_24h,朝阳,22.0
20201111,2,NO2,朝阳,46.0
20201111,2,NO2_24h,朝阳,38.0
20201111,2,O3,朝阳,13.0
20201111,2,O3_24h,朝阳,78.0
20201111,2,O3_8h,朝阳,12.0
20201111,2,O3_8h_24h,朝阳,13.0
20201111,2,CO,朝阳,1.42
20201111,2,CO_24h,朝阳,1.2
20201111,3,AQI,朝阳,64.0
20201111,3,PM2.5,朝阳,42.0
20201111,3,PM2.5_24h,朝阳,41.0
20201111,3,PM10,朝阳,78.0
20201111,3,PM10_24h,朝阳,81.0
20201111,3,SO2,朝阳,21.0
20201111,3,SO2_24h,朝阳,22.0
20201111,3,NO2,朝阳,46.0
20201111,3,NO2_24h,朝阳,38.0
20201111,3,O3,朝阳,12.0
20201111,3,O3_24h,朝阳,78.0
20201111,3,O3_8h,朝阳,12.0
20201111,3,O3_8h_24h,朝阳,13.0
20201111,3,CO,朝阳,1.63
20201111,3,CO_24h,朝阳,1.2
20201111,4,AQI,朝阳,65.0
20201111,4,PM2.5,朝阳,46.0
20201111,4,PM2.5_24h,朝阳,41.0
20201111,4,PM10,朝阳,79.0
20201111,4,PM10_24h,朝阳,79.0
20201111,4,SO2,朝阳,22.0
20201111,4,SO2_24h,朝阳,22.0
20201111,4,NO2,朝阳,49.0
20201111,4,NO2_24h,朝阳,39.0
20201111,4,O3,朝阳,9.0
20201111,4,O3_24h,朝阳,78.0
20201111,4,O3_8h,朝阳,11.0
20201111,4,O3_8h_24h,朝阳,13.0
20201111,4,CO,朝阳,1.72
20201111,4,CO_24h,朝阳,1.25
20201111,5,AQI,朝阳,68.0
20201111,5,PM2.5,朝阳,49.0
20201111,5,PM2.5_24h,朝阳,42.0
20201111,5,PM10,朝阳,84.0
20201111,5,PM10_24h,朝阳,79.0
20201111,5,SO2,朝阳,25.0
20201111,5,SO2_24h,朝阳,22.0
20201111,5,NO2,朝阳,49.0
20201111,5,NO2_24h,朝阳,40.0
20201111,5,O3,朝阳,9.0
20201111,5,O3_24h,朝阳,78.0
20201111,5,O3_8h,朝阳,11.0
20201111,5,O3_8h_24h,朝阳,13.0
20201111,5,CO,朝阳,1.82
20201111,5,CO_24h,朝阳,1.27
20201111,6,AQI,朝阳,70.0
20201111,6,PM2.5,朝阳,50.0
20201111,6,PM2.5_24h,朝阳,43.0
20201111,6,PM10,朝阳,89.0
20201111,6,PM10_24h,朝阳,80.0
20201111,6,SO2,朝阳,25.0
20201111,6,SO2_24h,朝阳,23.0
20201111,6,NO2,朝阳,49.0
20201111,6,NO2_24h,朝阳,40.0
20201111,6,O3,朝阳,9.0
20201111,6,O3_24h,朝阳,78.0
20201111,6,O3_8h,朝阳,11.0
20201111,6,O3_8h_24h,朝阳,13.0
20201111,6,CO,朝阳,1.8
20201111,6,CO_24h,朝阳,1.3
20201111,8,AQI,朝阳,101.0
20201111,8,PM2.5,朝阳,76.0
20201111,8,PM2.5_24h,朝阳,44.0
20201111,8,PM10,朝阳,99.0
20201111,8,PM10_24h,朝阳,81.0
20201111,8,SO2,朝阳,30.0
20201111,8,SO2_24h,朝阳,24.0
20201111,8,NO2,朝阳,52.0
20201111,8,NO2_24h,朝阳,41.0
20201111,8,O3,朝阳,13.0
20201111,8,O3_24h,朝阳,78.0
20201111,8,O3_8h,朝阳,11.0
20201111,8,O3_8h_24h,朝阳,13.0
20201111,8,CO,朝阳,1.9
20201111,8,CO_24h,朝阳,1.35
20201111,10,AQI,朝阳,115.0
20201111,10,PM2.5,朝阳,87.0
20201111,10,PM2.5_24h,朝阳,47.0
20201111,10,PM10,朝阳,115.0
20201111,10,PM10_24h,朝阳,82.0
20201111,10,SO2,朝阳,29.0
20201111,10,SO2_24h,朝阳,24.0
20201111,10,NO2,朝阳,42.0
20201111,10,NO2_24h,朝阳,42.0
20201111,10,O3,朝阳,44.0
20201111,10,O3_24h,朝阳,78.0
20201111,10,O3_8h,朝阳,16.0
20201111,10,O3_8h_24h,朝阳,17.0
20201111,10,CO,朝阳,1.55
20201111,10,CO_24h,朝阳,1.35
20201111,11,AQI,朝阳,120.0
20201111,11,PM2.5,朝阳,91.0
20201111,11,PM2.5_24h,朝阳,48.0
20201111,11,PM10,朝阳,133.0
20201111,11,PM10_24h,朝阳,83.0
20201111,11,SO2,朝阳,26.0
20201111,11,SO2_24h,朝阳,23.0
20201111,11,NO2,朝阳,41.0
20201111,11,NO2_24h,朝阳,42.0
20201111,11,O3,朝阳,65.0
20201111,11,O3_24h,朝阳,78.0
20201111,11,O3_8h,朝阳,22.0
20201111,11,O3_8h_24h,朝阳,22.0
20201111,11,CO,朝阳,1.35
20201111,11,CO_24h,朝阳,1.32
20201111,12,AQI,朝阳,136.0
20201111,12,PM2.5,朝阳,104.0
20201111,12,PM2.5_24h,朝阳,51.0
20201111,12,PM10,朝阳,160.0
20201111,12,PM10_24h,朝阳,85.0
20201111,12,SO2,朝阳,26.0
20201111,12,SO2_24h,朝阳,22.0
20201111,12,NO2,朝阳,34.0
20201111,12,NO2_24h,朝阳,42.0
20201111,12,O3,朝阳,100.0
20201111,12,O3_24h,朝阳,100.0
20201111,12,O3_8h,朝阳,34.0
20201111,12,O3_8h_24h,朝阳,34.0
20201111,12,CO,朝阳,1.33
20201111,12,CO_24h,朝阳,1.32
20201111,13,AQI,朝阳,161.0
20201111,13,PM2.5,朝阳,123.0
20201111,13,PM2.5_24h,朝阳,54.0
20201111,13,PM10,朝阳,164.0
20201111,13,PM10_24h,朝阳,89.0
20201111,13,SO2,朝阳,26.0
20201111,13,SO2_24h,朝阳,22.0
20201111,13,NO2,朝阳,31.0
20201111,13,NO2_24h,朝阳,43.0
20201111,13,O3,朝阳,127.0
20201111,13,O3_24h,朝阳,127.0
20201111,13,O3_8h,朝阳,49.0
20201111,13,O3_8h_24h,朝阳,49.0
20201111,13,CO,朝阳,1.23
20201111,13,CO_24h,朝阳,1.32
20201111,14,AQI,朝阳,177.0
20201111,14,PM2.5,朝阳,134.0
20201111,14,PM2.5_24h,朝阳,60.0
20201111,14,PM10,朝阳,183.0
20201111,14,PM10_24h,朝阳,95.0
20201111,14,SO2,朝阳,26.0
20201111,14,SO2_24h,朝阳,23.0
20201111,14,NO2,朝阳,28.0
20201111,14,NO2_24h,朝阳,43.0
20201111,14,O3,朝阳,138.0
20201111,14,O3_24h,朝阳,138.0
20201111,14,O3_8h,朝阳,66.0
20201111,14,O3_8h_24h,朝阳,66.0
20201111,14,CO,朝阳,1.23
20201111,14,CO_24h,朝阳,1.37
20201111,15,AQI,朝阳,166.0
20201111,15,PM2.5,朝阳,126.0
20201111,15,PM2.5_24h,朝阳,65.0
20201111,15,PM10,朝阳,216.0
20201111,15,PM10_24h,朝阳,103.0
20201111,15,SO2,朝阳,23.0
20201111,15,SO2_24h,朝阳,23.0
20201111,15,NO2,朝阳,27.0
20201111,15,NO2_24h,朝阳,44.0
20201111,15,O3,朝阳,146.0
20201111,15,O3_24h,朝阳,146.0
20201111,15,O3_8h,朝阳,83.0
20201111,15,O3_8h_24h,朝阳,83.0
20201111,15,CO,朝阳,1.23
20201111,15,CO_24h,朝阳,1.37
20201111,16,AQI,朝阳,149.0
20201111,16,PM2.5,朝阳,114.0
20201111,16,PM2.5_24h,朝阳,69.0
20201111,16,PM10,朝阳,205.0
20201111,16,PM10_24h,朝阳,110.0
20201111,16,SO2,朝阳,23.0
20201111,16,SO2_24h,朝阳,24.0
20201111,16,NO2,朝阳,29.0
20201111,16,NO2_24h,朝阳,45.0
20201111,16,O3,朝阳,142.0
20201111,16,O3_24h,朝阳,146.0
20201111,16,O3_8h,朝阳,100.0
20201111,16,O3_8h_24h,朝阳,100.0
20201111,16,CO,朝阳,1.2
20201111,16,CO_24h,朝阳,1.37
20201111,17,AQI,朝阳,141.0
20201111,17,PM2.5,朝阳,108.0
20201111,17,PM2.5_24h,朝阳,72.0
20201111,17,PM10,朝阳,170.0
20201111,17,PM10_24h,朝阳,115.0
20201111,17,SO2,朝阳,18.0
20201111,17,SO2_24h,朝阳,24.0
20201111,17,NO2,朝阳,30.0
20201111,17,NO2_24h,朝阳,44.0
20201111,17,O3,朝阳,137.0
20201111,17,O3_24h,朝阳,146.0
20201111,17,O3_8h,朝阳,114.0
20201111,17,O3_8h_24h,朝阳,114.0
20201111,17,CO,朝阳,1.07
20201111,17,CO_24h,朝阳,1.37
20201111,18,AQI,朝阳,139.0
20201111,18,PM2.5,朝阳,106.0
20201111,18,PM2.5_24h,朝阳,75.0
20201111,18,PM10,朝阳,168.0
20201111,18,PM10_24h,朝阳,120.0
20201111,18,SO2,朝阳,18.0
20201111,18,SO2_24h,朝阳,23.0
20201111,18,NO2,朝阳,38.0
20201111,18,NO2_24h,朝阳,44.0
20201111,18,O3,朝阳,120.0
20201111,18,O3_24h,朝阳,146.0
20201111,18,O3_8h,朝阳,124.0
20201111,18,O3_8h_24h,朝阳,124.0
20201111,18,CO,朝阳,1.2
20201111,18,CO_24h,朝阳,1.4
20201111,19,AQI,朝阳,136.0
20201111,19,PM2.5,朝阳,104.0
20201111,19,PM2.5_24h,朝阳,78.0
20201111,19,PM10,朝阳,163.0
20201111,19,PM10_24h,朝阳,123.0
20201111,19,SO2,朝阳,19.0
20201111,19,SO2_24h,朝阳,23.0
20201111,19,NO2,朝阳,40.0
20201111,19,NO2_24h,朝阳,44.0
20201111,19,O3,朝阳,110.0
20201111,19,O3_24h,朝阳,146.0
20201111,19,O3_8h,朝阳,127.0
20201111,19,O3_8h_24h,朝阳,127.0
20201111,19,CO,朝阳,1.27
20201111,19,CO_24h,朝阳,1.45
20201111,20,AQI,朝阳,130.0
20201111,20,PM2.5,朝阳,99.0
20201111,20,PM2.5_24h,朝阳,80.0
20201111,20,PM10,朝阳,148.0
20201111,20,PM10_24h,朝阳,126.0
20201111,20,SO2,朝阳,24.0
20201111,20,SO2_24h,朝阳,24.0
20201111,20,NO2,朝阳,36.0
20201111,20,NO2_24h,朝阳,43.0
20201111,20,O3,朝阳,114.0
20201111,20,O3_24h,朝阳,146.0
20201111,20,O3_8h,朝阳,129.0
20201111,20,O3_8h_24h,朝阳,129.0
20201111,20,CO,朝阳,1.45
20201111,20,CO_24h,朝阳,1.45
20201111,21,AQI,朝阳,141.0
20201111,21,PM2.5,朝阳,108.0
20201111,21,PM2.5_24h,朝阳,82.0
20201111,21,PM10,朝阳,157.0
20201111,21,PM10_24h,朝阳,129.0
20201111,21,SO2,朝阳,29.0
20201111,21,SO2_24h,朝阳,24.0
20201111,21,NO2,朝阳,39.0
20201111,21,NO2_24h,朝阳,43.0
20201111,21,O3,朝阳,109.0
20201111,21,O3_24h,朝阳,146.0
20201111,21,O3_8h,朝阳,127.0
20201111,21,O3_8h_24h,朝阳,129.0
20201111,21,CO,朝阳,1.8
20201111,21,CO_24h,朝阳,1.48
20201111,22,AQI,朝阳,154.0
20201111,22,PM2.5,朝阳,118.0
20201111,22,PM2.5_24h,朝阳,84.0
20201111,22,PM10,朝阳,173.0
20201111,22,PM10_24h,朝阳,132.0
20201111,22,SO2,朝阳,34.0
20201111,22,SO2_24h,朝阳,24.0
20201111,22,NO2,朝阳,50.0
20201111,22,NO2_24h,朝阳,42.0
20201111,22,O3,朝阳,85.0
20201111,22,O3_24h,朝阳,146.0
20201111,22,O3_8h,朝阳,120.0
20201111,22,O3_8h_24h,朝阳,129.0
20201111,22,CO,朝阳,2.02
20201111,22,CO_24h,朝阳,1.48
20201111,23,AQI,朝阳,164.0
20201111,23,PM2.5,朝阳,125.0
20201111,23,PM2.5_24h,朝阳,86.0
20201111,23,PM10,朝阳,189.0
20201111,23,PM10_24h,朝阳,134.0
20201111,23,SO2,朝阳,34.0
20201111,23,SO2_24h,朝阳,25.0
20201111,23,NO2,朝阳,56.0
20201111,23,NO2_24h,朝阳,42.0
20201111,23,O3,朝阳,67.0
20201111,23,O3_24h,朝阳,146.0
20201111,23,O3_8h,朝阳,110.0
20201111,23,O3_8h_24h,朝阳,129.0
20201111,23,CO,朝阳,2.08
20201111,23,CO_24h,朝阳,1.5
20201111,0,AQI,四平,64.0
20201111,0,PM2.5,四平,37.0
20201111,0,PM2.5_24h,四平,24.0
20201111,0,PM10,四平,77.0
20201111,0,PM10_24h,四平,54.0
20201111,0,SO2,四平,27.0
20201111,0,SO2_24h,四平,16.0
20201111,0,NO2,四平,65.0
20201111,0,NO2_24h,四平,42.0
20201111,0,O3,四平,15.0
20201111,0,O3_24h,四平,48.0
20201111,0,O3_8h,四平,10.0
20201111,0,O3_8h_24h,四平,41.0
20201111,0,CO,四平,1.07
20201111,0,CO_24h,四平,0.6
20201111,1,AQI,四平,66.0
20201111,1,PM2.5,四平,43.0
20201111,1,PM2.5_24h,四平,24.0
20201111,1,PM10,四平,81.0
20201111,1,PM10_24h,四平,54.0
20201111,1,SO2,四平,26.0
20201111,1,SO2_24h,四平,17.0
20201111,1,NO2,四平,62.0
20201111,1,NO2_24h,四平,43.0
20201111,1,O3,四平,17.0
20201111,1,O3_24h,四平,48.0
20201111,1,O3_8h,四平,17.0
20201111,1,O3_8h_24h,四平,17.0
20201111,1,CO,四平,0.97
20201111,1,CO_24h,四平,0.63
20201111,2,AQI,四平,63.0
20201111,2,PM2.5,四平,42.0
20201111,2,PM2.5_24h,四平,25.0
20201111,2,PM10,四平,75.0
20201111,2,PM10_24h,四平,55.0
20201111,2,SO2,四平,26.0
20201111,2,SO2_24h,四平,17.0
20201111,2,NO2,四平,56.0
20201111,2,NO2_24h,四平,43.0
20201111,2,O3,四平,17.0
20201111,2,O3_24h,四平,48.0
20201111,2,O3_8h,四平,17.0
20201111,2,O3_8h_24h,四平,17.0
20201111,2,CO,四平,1.03
20201111,2,CO_24h,四平,0.63
20201111,3,AQI,四平,57.0
20201111,3,PM2.5,四平,36.0
20201111,3,PM2.5_24h,四平,26.0
20201111,3,PM10,四平,63.0
20201111,3,PM10_24h,四平,57.0
20201111,3,SO2,四平,25.0
20201111,3,SO2_24h,四平,18.0
20201111,3,NO2,四平,49.0
20201111,3,NO2_24h,四平,44.0
20201111,3,O3,四平,19.0
20201111,3,O3_24h,四平,48.0
20201111,3,O3_8h,四平,17.0
20201111,3,O3_8h_24h,四平,18.0
20201111,3,CO,四平,1.03
20201111,3,CO_24h,四平,0.7
20201111,4,AQI,四平,54.0
20201111,4,PM2.5,四平,27.0
20201111,4,PM2.5_24h,四平,26.0
20201111,4,PM10,四平,57.0
20201111,4,PM10_24h,四平,58.0
20201111,4,SO2,四平,22.0
20201111,4,SO2_24h,四平,19.0
20201111,4,NO2,四平,43.0
20201111,4,NO2_24h,四平,45.0
20201111,4,O3,四平,19.0
20201111,4,O3_24h,四平,48.0
20201111,4,O3_8h,四平,18.0
20201111,4,O3_8h_24h,四平,19.0
20201111,4,CO,四平,1.0
20201111,4,CO_24h,四平,0.7
20201111,5,AQI,四平,55.0
20201111,5,PM2.5,四平,22.0
20201111,5,PM2.5_24h,四平,27.0
20201111,5,PM10,四平,59.0
20201111,5,PM10_24h,四平,59.0
20201111,5,SO2,四平,18.0
20201111,5,SO2_24h,四平,19.0
20201111,5,NO2,四平,41.0
20201111,5,NO2_24h,四平,46.0
20201111,5,O3,四平,18.0
20201111,5,O3_24h,四平,48.0
20201111,5,O3_8h,四平,18.0
20201111,5,O3_8h_24h,四平,19.0
20201111,5,CO,四平,1.03
20201111,5,CO_24h,四平,0.73
20201111,6,AQI,四平,54.0
20201111,6,PM2.5,四平,29.0
20201111,6,PM2.5_24h,四平,28.0
20201111,6,PM10,四平,57.0
20201111,6,PM10_24h,四平,60.0
20201111,6,SO2,四平,17.0
20201111,6,SO2_24h,四平,19.0
20201111,6,NO2,四平,39.0
20201111,6,NO2_24h,四平,46.0
20201111,6,O3,四平,21.0
20201111,6,O3_24h,四平,48.0
20201111,6,O3_8h,四平,18.0
20201111,6,O3_8h_24h,四平,19.0
20201111,6,CO,四平,1.13
20201111,6,CO_24h,四平,0.8
20201111,8,AQI,四平,56.0
20201111,8,PM2.5,四平,34.0
20201111,8,PM2.5_24h,四平,29.0
20201111,8,PM10,四平,61.0
20201111,8,PM10_24h,四平,62.0
20201111,8,SO2,四平,17.0
20201111,8,SO2_24h,四平,20.0
20201111,8,NO2,四平,39.0
20201111,8,NO2_24h,四平,46.0
20201111,8,O3,四平,26.0
20201111,8,O3_24h,四平,48.0
20201111,8,O3_8h,四平,20.0
20201111,8,O3_8h_24h,四平,20.0
20201111,8,CO,四平,1.2
20201111,8,CO_24h,四平,0.83
20201111,10,AQI,四平,64.0
20201111,10,PM2.5,四平,46.0
20201111,10,PM2.5_24h,四平,30.0
20201111,10,PM10,四平,71.0
20201111,10,PM10_24h,四平,63.0
20201111,10,SO2,四平,18.0
20201111,10,SO2_24h,四平,20.0
20201111,10,NO2,四平,34.0
20201111,10,NO2_24h,四平,47.0
20201111,10,O3,四平,50.0
20201111,10,O3_24h,四平,51.0
20201111,10,O3_8h,四平,26.0
20201111,10,O3_8h_24h,四平,26.0
20201111,10,CO,四平,1.05
20201111,10,CO_24h,四平,0.87
20201111,11,AQI,四平,63.0
20201111,11,PM2.5,四平,42.0
20201111,11,PM2.5_24h,四平,31.0
20201111,11,PM10,四平,75.0
20201111,11,PM10_24h,四平,65.0
20201111,11,SO2,四平,19.0
20201111,11,SO2_24h,四平,20.0
20201111,11,NO2,四平,32.0
20201111,11,NO2_24h,四平,47.0
20201111,11,O3,四平,59.0
20201111,11,O3_24h,四平,59.0
20201111,11,O3_8h,四平,31.0
20201111,11,O3_8h_24h,四平,31.0
20201111,11,CO,四平,1.1
20201111,11,CO_24h,四平,0.9
20201111,12,AQI,四平,73.0
20201111,12,PM2.5,四平,43.0
20201111,12,PM2.5_24h,四平,32.0
20201111,12,PM10,四平,95.0
20201111,12,PM10_24h,四平,67.0
20201111,12,SO2,四平,19.0
20201111,12,SO2_24h,四平,21.0
20201111,12,NO2,四平,42.0
20201111,12,NO2_24h,四平,48.0
20201111,12,O3,四平,66.0
20201111,12,O3_24h,四平,66.0
20201111,12,O3_8h,四平,37.0
20201111,12,O3_8h_24h,四平,37.0
20201111,12,CO,四平,1.13
20201111,12,CO_24h,四平,0.97
20201111,13,AQI,四平,81.0
20201111,13,PM2.5,四平,52.0
20201111,13,PM2.5_24h,四平,35.0
20201111,13,PM10,四平,111.0
20201111,13,PM10_24h,四平,72.0
20201111,13,SO2,四平,22.0
20201111,13,SO2_24h,四平,22.0
20201111,13,NO2,四平,42.0
20201111,13,NO2_24h,四平,51.0
20201111,13,O3,四平,75.0
20201111,13,O3_24h,四平,75.0
20201111,13,O3_8h,四平,44.0
20201111,13,O3_8h_24h,四平,44.0
20201111,13,CO,四平,1.15
20201111,13,CO_24h,四平,1.0
20201111,14,AQI,四平,86.0
20201111,14,PM2.5,四平,56.0
20201111,14,PM2.5_24h,四平,37.0
20201111,14,PM10,四平,121.0
20201111,14,PM10_24h,四平,75.0
20201111,14,SO2,四平,21.0
20201111,14,SO2_24h,四平,22.0
20201111,14,NO2,四平,41.0
20201111,14,NO2_24h,四平,51.0
20201111,14,O3,四平,74.0
20201111,14,O3_24h,四平,76.0
20201111,14,O3_8h,四平,51.0
20201111,14,O3_8h_24h,四平,51.0
20201111,14,CO,四平,1.05
20201111,14,CO_24h,四平,1.05
20201111,15,AQI,四平,87.0
20201111,15,PM2.5,四平,50.0
20201111,15,PM2.5_24h,四平,38.0
20201111,15,PM10,四平,124.0
20201111,15,PM10_24h,四平,78.0
20201111,15,SO2,四平,19.0
20201111,15,SO2_24h,四平,22.0
20201111,15,NO2,四平,41.0
20201111,15,NO2_24h,四平,52.0
20201111,15,O3,四平,82.0
20201111,15,O3_24h,四平,82.0
20201111,15,O3_8h,四平,59.0
20201111,15,O3_8h_24h,四平,59.0
20201111,15,CO,四平,0.85
20201111,15,CO_24h,四平,1.05
20201111,16,AQI,四平,91.0
20201111,16,PM2.5,四平,45.0
20201111,16,PM2.5_24h,四平,39.0
20201111,16,PM10,四平,132.0
20201111,16,PM10_24h,四平,81.0
20201111,16,SO2,四平,19.0
20201111,16,SO2_24h,四平,22.0
20201111,16,NO2,四平,43.0
20201111,16,NO2_24h,四平,53.0
20201111,16,O3,四平,79.0
20201111,16,O3_24h,四平,82.0
20201111,16,O3_8h,四平,66.0
20201111,16,O3_8h_24h,四平,66.0
20201111,16,CO,四平,0.9
20201111,16,CO_24h,四平,1.1
20201111,17,AQI,四平,89.0
20201111,17,PM2.5,四平,49.0
20201111,17,PM2.5_24h,四平,38.0
20201111,17,PM10,四平,128.0
20201111,17,PM10_24h,四平,80.0
20201111,17,SO2,四平,19.0
20201111,17,SO2_24h,四平,22.0
20201111,17,NO2,四平,50.0
20201111,17,NO2_24h,四平,50.0
20201111,17,O3,四平,71.0
20201111,17,O3_24h,四平,81.0
20201111,17,O3_8h,四平,68.0
20201111,17,O3_8h_24h,四平,68.0
20201111,17,CO,四平,1.0
20201111,17,CO_24h,四平,1.07
20201111,18,AQI,四平,86.0
20201111,18,PM2.5,四平,53.0
20201111,18,PM2.5_24h,四平,39.0
20201111,18,PM10,四平,122.0
20201111,18,PM10_24h,四平,82.0
20201111,18,SO2,四平,19.0
20201111,18,SO2_24h,四平,22.0
20201111,18,NO2,四平,49.0
20201111,18,NO2_24h,四平,49.0
20201111,18,O3,四平,71.0
20201111,18,O3_24h,四平,81.0
20201111,18,O3_8h,四平,71.0
20201111,18,O3_8h_24h,四平,71.0
20201111,18,CO,四平,1.0
20201111,18,CO_24h,四平,1.07
20201111,19,AQI,四平,83.0
20201111,19,PM2.5,四平,45.0
20201111,19,PM2.5_24h,四平,39.0
20201111,19,PM10,四平,116.0
20201111,19,PM10_24h,四平,84.0
20201111,19,SO2,四平,20.0
20201111,19,SO2_24h,四平,22.0
20201111,19,NO2,四平,41.0
20201111,19,NO2_24h,四平,48.0
20201111,19,O3,四平,75.0
20201111,19,O3_24h,四平,81.0
20201111,19,O3_8h,四平,74.0
20201111,19,O3_8h_24h,四平,74.0
20201111,19,CO,四平,1.0
20201111,19,CO_24h,四平,1.07
20201111,20,AQI,四平,88.0
20201111,20,PM2.5,四平,56.0
20201111,20,PM2.5_24h,四平,39.0
20201111,20,PM10,四平,126.0
20201111,20,PM10_24h,四平,85.0
20201111,20,SO2,四平,17.0
20201111,20,SO2_24h,四平,21.0
20201111,20,NO2,四平,30.0
20201111,20,NO2_24h,四平,46.0
20201111,20,O3,四平,76.0
20201111,20,O3_24h,四平,81.0
20201111,20,O3_8h,四平,75.0
20201111,20,O3_8h_24h,四平,75.0
20201111,20,CO,四平,0.87
20201111,20,CO_24h,四平,1.07
20201111,21,AQI,四平,77.0
20201111,21,PM2.5,四平,43.0
20201111,21,PM2.5_24h,四平,40.0
20201111,21,PM10,四平,104.0
20201111,21,PM10_24h,四平,86.0
20201111,21,SO2,四平,14.0
20201111,21,SO2_24h,四平,21.0
20201111,21,NO2,四平,26.0
20201111,21,NO2_24h,四平,44.0
20201111,21,O3,四平,72.0
20201111,21,O3_24h,四平,81.0
20201111,21,O3_8h,四平,74.0
20201111,21,O3_8h_24h,四平,75.0
20201111,21,CO,四平,0.73
20201111,21,CO_24h,四平,1.07
20201111,22,AQI,四平,68.0
20201111,22,PM2.5,四平,36.0
20201111,22,PM2.5_24h,四平,40.0
20201111,22,PM10,四平,85.0
20201111,22,PM10_24h,四平,86.0
20201111,22,SO2,四平,12.0
20201111,22,SO2_24h,四平,20.0
20201111,22,NO2,四平,24.0
20201111,22,NO2_24h,四平,42.0
20201111,22,O3,四平,71.0
20201111,22,O3_24h,四平,81.0
20201111,22,O3_8h,四平,74.0
20201111,22,O3_8h_24h,四平,75.0
20201111,22,CO,四平,0.67
20201111,22,CO_24h,四平,1.0
20201111,23,AQI,四平,60.0
20201111,23,PM2.5,四平,32.0
20201111,23,PM2.5_24h,四平,40.0
20201111,23,PM10,四平,69.0
20201111,23,PM10_24h,四平,86.0
20201111,23,SO2,四平,14.0
20201111,23,SO2_24h,四平,19.0
20201111,23,NO2,四平,22.0
20201111,23,NO2_24h,四平,41.0
20201111,23,O3,四平,76.0
20201111,23,O3_24h,四平,81.0
20201111,23,O3_8h,四平,74.0
20201111,23,O3_8h_24h,四平,75.0
20201111,23,CO,四平,0.6
20201111,23,CO_24h,四平,1.0
20201111,0,AQI,辽源,130.0
20201111,0,PM2.5,辽源,99.0
20201111,0,PM2.5_24h,辽源,45.0
20201111,0,PM10,辽源,130.0
20201111,0,PM10_24h,辽源,67.0
20201111,0,SO2,辽源,28.0
20201111,0,SO2_24h,辽源,16.0
20201111,0,NO2,辽源,40.0
20201111,0,NO2_24h,辽源,26.0
20201111,0,O3,辽源,7.0
20201111,0,O3_24h,辽源,71.0
20201111,0,O3_8h,辽源,14.0
20201111,0,O3_8h_24h,辽源,60.0
20201111,0,CO,辽源,0.9
20201111,0,CO_24h,辽源,0.85
20201111,1,AQI,辽源,116.0
20201111,1,PM2.5,辽源,88.0
20201111,1,PM2.5_24h,辽源,47.0
20201111,1,PM10,辽源,113.0
20201111,1,PM10_24h,辽源,69.0
20201111,1,SO2,辽源,21.0
20201111,1,SO2_24h,辽源,16.0
20201111,1,NO2,辽源,37.0
20201111,1,NO2_24h,辽源,27.0
20201111,1,O3,辽源,7.0
20201111,1,O3_24h,辽源,71.0
20201111,1,O3_8h,辽源,7.0
20201111,1,O3_8h_24h,辽源,7.0
20201111,1,CO,辽源,0.85
20201111,1,CO_24h,辽源,0.85
20201111,2,AQI,辽源,100.0
20201111,2,PM2.5,辽源,75.0
20201111,2,PM2.5_24h,辽源,48.0
20201111,2,PM10,辽源,96.0
20201111,2,PM10_24h,辽源,71.0
20201111,2,SO2,辽源,16.0
20201111,2,SO2_24h,辽源,17.0
20201111,2,NO2,辽源,37.0
20201111,2,NO2_24h,辽源,27.0
20201111,2,O3,辽源,7.0
20201111,2,O3_24h,辽源,71.0
20201111,2,O3_8h,辽源,7.0
20201111,2,O3_8h_24h,辽源,7.0
20201111,2,CO,辽源,0.75
20201111,2,CO_24h,辽源,0.85
20201111,3,AQI,辽源,89.0
20201111,3,PM2.5,辽源,66.0
20201111,3,PM2.5_24h,辽源,50.0
20201111,3,PM10,辽源,97.0
20201111,3,PM10_24h,辽源,72.0
20201111,3,SO2,辽源,16.0
20201111,3,SO2_24h,辽源,17.0
20201111,3,NO2,辽源,36.0
20201111,3,NO2_24h,辽源,28.0
20201111,3,O3,辽源,7.0
20201111,3,O3_24h,辽源,71.0
20201111,3,O3_8h,辽源,7.0
20201111,3,O3_8h_24h,辽源,7.0
20201111,3,CO,辽源,0.8
20201111,3,CO_24h,辽源,0.8
20201111,4,AQI,辽源,84.0
20201111,4,PM2.5,辽源,62.0
20201111,4,PM2.5_24h,辽源,50.0
20201111,4,PM10,辽源,85.0
20201111,4,PM10_24h,辽源,74.0
20201111,4,SO2,辽源,16.0
20201111,4,SO2_24h,辽源,17.0
20201111,4,NO2,辽源,36.0
20201111,4,NO2_24h,辽源,29.0
20201111,4,O3,辽源,7.0
20201111,4,O3_24h,辽源,71.0
20201111,4,O3_8h,辽源,7.0
20201111,4,O3_8h_24h,辽源,7.0
20201111,4,CO,辽源,0.75
20201111,4,CO_24h,辽源,0.85
20201111,5,AQI,辽源,81.0
20201111,5,PM2.5,辽源,60.0
20201111,5,PM2.5_24h,辽源,52.0
20201111,5,PM10,辽源,84.0
20201111,5,PM10_24h,辽源,76.0
20201111,5,SO2,辽源,15.0
20201111,5,SO2_24h,辽源,17.0
20201111,5,NO2,辽源,35.0
20201111,5,NO2_24h,辽源,29.0
20201111,5,O3,辽源,7.0
20201111,5,O3_24h,辽源,71.0
20201111,5,O3_8h,辽源,7.0
20201111,5,O3_8h_24h,辽源,7.0
20201111,5,CO,辽源,0.8
20201111,5,CO_24h,辽源,0.85
20201111,6,AQI,辽源,83.0
20201111,6,PM2.5,辽源,61.0
20201111,6,PM2.5_24h,辽源,53.0
20201111,6,PM10,辽源,73.0
20201111,6,PM10_24h,辽源,77.0
20201111,6,SO2,辽源,21.0
20201111,6,SO2_24h,辽源,17.0
20201111,6,NO2,辽源,37.0
20201111,6,NO2_24h,辽源,30.0
20201111,6,O3,辽源,7.0
20201111,6,O3_24h,辽源,71.0
20201111,6,O3_8h,辽源,7.0
20201111,6,O3_8h_24h,辽源,7.0
20201111,6,CO,辽源,1.05
20201111,6,CO_24h,辽源,0.85
20201111,8,AQI,辽源,80.0
20201111,8,PM2.5,辽源,59.0
20201111,8,PM2.5_24h,辽源,54.0
20201111,8,PM10,辽源,70.0
20201111,8,PM10_24h,辽源,78.0
20201111,8,SO2,辽源,35.0
20201111,8,SO2_24h,辽源,19.0
20201111,8,NO2,辽源,39.0
20201111,8,NO2_24h,辽源,31.0
20201111,8,O3,辽源,12.0
20201111,8,O3_24h,辽源,71.0
20201111,8,O3_8h,辽源,8.0
20201111,8,O3_8h_24h,辽源,8.0
20201111,8,CO,辽源,1.6
20201111,8,CO_24h,辽源,0.9
20201111,10,AQI,辽源,85.0
20201111,10,PM2.5,辽源,63.0
20201111,10,PM2.5_24h,辽源,55.0
20201111,10,PM10,辽源,90.0
20201111,10,PM10_24h,辽源,78.0
20201111,10,SO2,辽源,34.0
20201111,10,SO2_24h,辽源,20.0
20201111,10,NO2,辽源,42.0
20201111,10,NO2_24h,辽源,33.0
20201111,10,O3,辽源,29.0
20201111,10,O3_24h,辽源,71.0
20201111,10,O3_8h,辽源,12.0
20201111,10,O3_8h_24h,辽源,12.0
20201111,10,CO,辽源,1.45
20201111,10,CO_24h,辽源,0.95
20201111,11,AQI,辽源,89.0
20201111,11,PM2.5,辽源,66.0
20201111,11,PM2.5_24h,辽源,55.0
20201111,11,PM10,辽源,97.0
20201111,11,PM10_24h,辽源,79.0
20201111,11,SO2,辽源,21.0
20201111,11,SO2_24h,辽源,21.0
20201111,11,NO2,辽源,24.0
20201111,11,NO2_24h,辽源,34.0
20201111,11,O3,辽源,67.0
20201111,11,O3_24h,辽源,71.0
20201111,11,O3_8h,辽源,19.0
20201111,11,O3_8h_24h,辽源,19.0
20201111,11,CO,辽源,0.95
20201111,11,CO_24h,辽源,1.0
20201111,12,AQI,辽源,78.0
20201111,12,PM2.5,辽源,57.0
20201111,12,PM2.5_24h,辽源,55.0
20201111,12,PM10,辽源,88.0
20201111,12,PM10_24h,辽源,80.0
20201111,12,SO2,辽源,18.0
20201111,12,SO2_24h,辽源,21.0
20201111,12,NO2,辽源,21.0
20201111,12,NO2_24h,辽源,34.0
20201111,12,O3,辽源,80.0
20201111,12,O3_24h,辽源,80.0
20201111,12,O3_8h,辽源,28.0
20201111,12,O3_8h_24h,辽源,28.0
20201111,12,CO,辽源,0.6
20201111,12,CO_24h,辽源,1.0
20201111,13,AQI,辽源,63.0
20201111,13,PM2.5,辽源,45.0
20201111,13,PM2.5_24h,辽源,57.0
20201111,13,PM10,辽源,61.0
20201111,13,PM10_24h,辽源,81.0
20201111,13,SO2,辽源,17.0
20201111,13,SO2_24h,辽源,21.0
20201111,13,NO2,辽源,16.0
20201111,13,NO2_24h,辽源,35.0
20201111,13,O3,辽源,95.0
20201111,13,O3_24h,辽源,87.0
20201111,13,O3_8h,辽源,35.0
20201111,13,O3_8h_24h,辽源,35.0
20201111,13,CO,辽源,0.75
20201111,13,CO_24h,辽源,1.0
20201111,14,AQI,辽源,60.0
20201111,14,PM2.5,辽源,43.0
20201111,14,PM2.5_24h,辽源,58.0
20201111,14,PM10,辽源,64.0
20201111,14,PM10_24h,辽源,82.0
20201111,14,SO2,辽源,17.0
20201111,14,SO2_24h,辽源,21.0
20201111,14,NO2,辽源,16.0
20201111,14,NO2_24h,辽源,35.0
20201111,14,O3,辽源,102.0
20201111,14,O3_24h,辽源,102.0
20201111,14,O3_8h,辽源,48.0
20201111,14,O3_8h_24h,辽源,48.0
20201111,14,CO,辽源,0.75
20201111,14,CO_24h,辽源,1.0
20201111,15,AQI,辽源,60.0
20201111,15,PM2.5,辽源,43.0
20201111,15,PM2.5_24h,辽源,59.0
20201111,15,PM10,辽源,60.0
20201111,15,PM10_24h,辽源,83.0
20201111,15,SO2,辽源,16.0
20201111,15,SO2_24h,辽源,22.0
20201111,15,NO2,辽源,17.0
20201111,15,NO2_24h,辽源,36.0
20201111,15,O3,辽源,108.0
20201111,15,O3_24h,辽源,108.0
20201111,15,O3_8h,辽源,62.0
20201111,15,O3_8h_24h,辽源,62.0
20201111,15,CO,辽源,0.75
20201111,15,CO_24h,辽源,1.05
20201111,16,AQI,辽源,59.0
20201111,16,PM2.5,辽源,42.0
20201111,16,PM2.5_24h,辽源,61.0
20201111,16,PM10,辽源,59.0
20201111,16,PM10_24h,辽源,85.0
20201111,16,SO2,辽源,15.0
20201111,16,SO2_24h,辽源,22.0
20201111,16,NO2,辽源,22.0
20201111,16,NO2_24h,辽源,37.0
20201111,16,O3,辽源,106.0
20201111,16,O3_24h,辽源,111.0
20201111,16,O3_8h,辽源,74.0
20201111,16,O3_8h_24h,辽源,74.0
20201111,16,CO,辽源,0.8
20201111,16,CO_24h,辽源,1.05
20201111,17,AQI,辽源,63.0
20201111,17,PM2.5,辽源,45.0
20201111,17,PM2.5_24h,辽源,63.0
20201111,17,PM10,辽源,65.0
20201111,17,PM10_24h,辽源,87.0
20201111,17,SO2,辽源,20.0
20201111,17,SO2_24h,辽源,22.0
20201111,17,NO2,辽源,49.0
20201111,17,NO2_24h,辽源,37.0
20201111,17,O3,辽源,76.0
20201111,17,O3_24h,辽源,111.0
20201111,17,O3_8h,辽源,82.0
20201111,17,O3_8h_24h,辽源,82.0
20201111,17,CO,辽源,0.9
20201111,17,CO_24h,辽源,1.05
20201111,18,AQI,辽源,76.0
20201111,18,PM2.5,辽源,56.0
20201111,18,PM2.5_24h,辽源,64.0
20201111,18,PM10,辽源,84.0
20201111,18,PM10_24h,辽源,90.0
20201111,18,SO2,辽源,20.0
20201111,18,SO2_24h,辽源,22.0
20201111,18,NO2,辽源,68.0
20201111,18,NO2_24h,辽源,38.0
20201111,18,O3,辽源,51.0
20201111,18,O3_24h,辽源,111.0
20201111,18,O3_8h,辽源,85.0
20201111,18,O3_8h_24h,辽源,85.0
20201111,18,CO,辽源,1.25
20201111,18,CO_24h,辽源,1.05
20201111,19,AQI,辽源,96.0
20201111,19,PM2.5,辽源,72.0
20201111,19,PM2.5_24h,辽源,66.0
20201111,19,PM10,辽源,109.0
20201111,19,PM10_24h,辽源,91.0
20201111,19,SO2,辽源,64.0
20201111,19,SO2_24h,辽源,24.0
20201111,19,NO2,辽源,46.0
20201111,19,NO2_24h,辽源,37.0
20201111,19,O3,辽源,77.0
20201111,19,O3_24h,辽源,111.0
20201111,19,O3_8h,辽源,86.0
20201111,19,O3_8h_24h,辽源,86.0
20201111,19,CO,辽源,1.15
20201111,19,CO_24h,辽源,1.05
20201111,20,AQI,辽源,124.0
20201111,20,PM2.5,辽源,94.0
20201111,20,PM2.5_24h,辽源,67.0
20201111,20,PM10,辽源,130.0
20201111,20,PM10_24h,辽源,94.0
20201111,20,SO2,辽源,19.0
20201111,20,SO2_24h,辽源,24.0
20201111,20,NO2,辽源,37.0
20201111,20,NO2_24h,辽源,36.0
20201111,20,O3,辽源,70.0
20201111,20,O3_24h,辽源,111.0
20201111,20,O3_8h,辽源,85.0
20201111,20,O3_8h_24h,辽源,86.0
20201111,20,CO,辽源,0.95
20201111,20,CO_24h,辽源,1.05
20201111,21,AQI,辽源,123.0
20201111,21,PM2.5,辽源,93.0
20201111,21,PM2.5_24h,辽源,68.0
20201111,21,PM10,辽源,128.0
20201111,21,PM10_24h,辽源,93.0
20201111,21,SO2,辽源,17.0
20201111,21,SO2_24h,辽源,24.0
20201111,21,NO2,辽源,22.0
20201111,21,NO2_24h,辽源,35.0
20201111,21,O3,辽源,83.0
20201111,21,O3_24h,辽源,111.0
20201111,21,O3_8h,辽源,84.0
20201111,21,O3_8h_24h,辽源,86.0
20201111,21,CO,辽源,0.75
20201111,21,CO_24h,辽源,1.0
20201111,22,AQI,辽源,108.0
20201111,22,PM2.5,辽源,81.0
20201111,22,PM2.5_24h,辽源,67.0
20201111,22,PM10,辽源,102.0
20201111,22,PM10_24h,辽源,92.0
20201111,22,SO2,辽源,23.0
20201111,22,SO2_24h,辽源,24.0
20201111,22,NO2,辽源,20.0
20201111,22,NO2_24h,辽源,34.0
20201111,22,O3,辽源,84.0
20201111,22,O3_24h,辽源,111.0
20201111,22,O3_8h,辽源,82.0
20201111,22,O3_8h_24h,辽源,86.0
20201111,22,CO,辽源,0.7
20201111,22,CO_24h,辽源,1.0
20201111,23,AQI,辽源,83.0
20201111,23,PM2.5,辽源,61.0
20201111,23,PM2.5_24h,辽源,65.0
20201111,23,PM10,辽源,83.0
20201111,23,PM10_24h,辽源,89.0
20201111,23,SO2,辽源,19.0
20201111,23,SO2_24h,辽源,23.0
20201111,23,NO2,辽源,19.0
20201111,23,NO2_24h,辽源,33.0
20201111,23,O3,辽源,85.0
20201111,23,O3_24h,辽源,111.0
20201111,23,O3_8h,辽源,79.0
20201111,23,O3_8h_24h,辽源,86.0
20201111,23,CO,辽源,0.65
20201111,23,CO_24h,辽源,1.0
20201111,0,AQI,通化,57.0
20201111,0,PM2.5,通化,35.0
20201111,0,PM2.5_24h,通化,28.0
20201111,0,PM10,通化,63.0
20201111,0,PM10_24h,通化,55.0
20201111,0,SO2,通化,16.0
20201111,0,SO2_24h,通化,17.0
20201111,0,NO2,通化,36.0
20201111,0,NO2_24h,通化,35.0
20201111,0,O3,通化,7.0
20201111,0,O3_24h,通化,66.0
20201111,0,O3_8h,通化,9.0
20201111,0,O3_8h_24h,通化,43.0
20201111,0,CO,通化,0.8
20201111,0,CO_24h,通化,0.8
20201111,1,AQI,通化,53.0
20201111,1,PM2.5,通化,23.0
20201111,1,PM2.5_24h,通化,28.0
20201111,1,PM10,通化,56.0
20201111,1,PM10_24h,通化,56.0
20201111,1,SO2,通化,16.0
20201111,1,SO2_24h,通化,17.0
20201111,1,NO2,通化,34.0
20201111,1,NO2_24h,通化,36.0
20201111,1,O3,通化,6.0
20201111,1,O3_24h,通化,66.0
20201111,1,O3_8h,通化,6.0
20201111,1,O3_8h_24h,通化,6.0
20201111,1,CO,通化,0.8
20201111,1,CO_24h,通化,0.8
20201111,2,AQI,通化,54.0
20201111,2,PM2.5,通化,29.0
20201111,2,PM2.5_24h,通化,28.0
20201111,2,PM10,通化,58.0
20201111,2,PM10_24h,通化,57.0
20201111,2,SO2,通化,16.0
20201111,2,SO2_24h,通化,17.0
20201111,2,NO2,通化,35.0
20201111,2,NO2_24h,通化,36.0
20201111,2,O3,通化,6.0
20201111,2,O3_24h,通化,66.0
20201111,2,O3_8h,通化,6.0
20201111,2,O3_8h_24h,通化,6.0
20201111,2,CO,通化,0.7
20201111,2,CO_24h,通化,0.8
20201111,3,AQI,通化,53.0
20201111,3,PM2.5,通化,25.0
20201111,3,PM2.5_24h,通化,29.0
20201111,3,PM10,通化,55.0
20201111,3,PM10_24h,通化,58.0
20201111,3,SO2,通化,14.0
20201111,3,SO2_24h,通化,17.0
20201111,3,NO2,通化,33.0
20201111,3,NO2_24h,通化,36.0
20201111,3,O3,通化,6.0
20201111,3,O3_24h,通化,66.0
20201111,3,O3_8h,通化,6.0
20201111,3,O3_8h_24h,通化,6.0
20201111,3,CO,通化,0.75
20201111,3,CO_24h,通化,0.85
20201111,4,AQI,通化,48.0
20201111,4,PM2.5,通化,25.0
20201111,4,PM2.5_24h,通化,28.0
20201111,4,PM10,通化,48.0
20201111,4,PM10_24h,通化,58.0
20201111,4,SO2,通化,14.0
20201111,4,SO2_24h,通化,17.0
20201111,4,NO2,通化,33.0
20201111,4,NO2_24h,通化,37.0
20201111,4,O3,通化,6.0
20201111,4,O3_24h,通化,66.0
20201111,4,O3_8h,通化,6.0
20201111,4,O3_8h_24h,通化,6.0
20201111,4,CO,通化,0.8
20201111,4,CO_24h,通化,0.85
20201111,5,AQI,通化,51.0
20201111,5,PM2.5,通化,25.0
20201111,5,PM2.5_24h,通化,28.0
20201111,5,PM10,通化,51.0
20201111,5,PM10_24h,通化,59.0
20201111,5,SO2,通化,17.0
20201111,5,SO2_24h,通化,18.0
20201111,5,NO2,通化,31.0
20201111,5,NO2_24h,通化,37.0
20201111,5,O3,通化,6.0
20201111,5,O3_24h,通化,66.0
20201111,5,O3_8h,通化,6.0
20201111,5,O3_8h_24h,通化,6.0
20201111,5,CO,通化,0.9
20201111,5,CO_24h,通化,0.85
20201111,6,AQI,通化,52.0
20201111,6,PM2.5,通化,28.0
20201111,6,PM2.5_24h,通化,28.0
20201111,6,PM10,通化,54.0
20201111,6,PM10_24h,通化,60.0
20201111,6,SO2,通化,16.0
20201111,6,SO2_24h,通化,17.0
20201111,6,NO2,通化,30.0
20201111,6,NO2_24h,通化,37.0
20201111,6,O3,通化,6.0
20201111,6,O3_24h,通化,66.0
20201111,6,O3_8h,通化,6.0
20201111,6,O3_8h_24h,通化,6.0
20201111,6,CO,通化,0.9
20201111,6,CO_24h,通化,0.85
20201111,8,AQI,通化,58.0
20201111,8,PM2.5,通化,29.0
20201111,8,PM2.5_24h,通化,29.0
20201111,8,PM10,通化,65.0
20201111,8,PM10_24h,通化,62.0
20201111,8,SO2,通化,30.0
20201111,8,SO2_24h,通化,18.0
20201111,8,NO2,通化,69.0
20201111,8,NO2_24h,通化,37.0
20201111,8,O3,通化,9.0
20201111,8,O3_24h,通化,66.0
20201111,8,O3_8h,通化,6.0
20201111,8,O3_8h_24h,通化,6.0
20201111,8,CO,通化,1.5
20201111,8,CO_24h,通化,0.85
20201111,10,AQI,通化,70.0
20201111,10,PM2.5,通化,42.0
20201111,10,PM2.5_24h,通化,30.0
20201111,10,PM10,通化,89.0
20201111,10,PM10_24h,通化,64.0
20201111,10,SO2,通化,31.0
20201111,10,SO2_24h,通化,18.0
20201111,10,NO2,通化,47.0
20201111,10,NO2_24h,通化,36.0
20201111,10,O3,通化,13.0
20201111,10,O3_24h,通化,66.0
20201111,10,O3_8h,通化,8.0
20201111,10,O3_8h_24h,通化,8.0
20201111,10,CO,通化,1.2
20201111,10,CO_24h,通化,0.85
20201111,11,AQI,通化,65.0
20201111,11,PM2.5,通化,33.0
20201111,11,PM2.5_24h,通化,30.0
20201111,11,PM10,通化,80.0
20201111,11,PM10_24h,通化,64.0
20201111,11,SO2,通化,24.0
20201111,11,SO2_24h,通化,18.0
20201111,11,NO2,通化,44.0
20201111,11,NO2_24h,通化,36.0
20201111,11,O3,通化,19.0
20201111,11,O3_24h,通化,66.0
20201111,11,O3_8h,通化,9.0
20201111,11,O3_8h_24h,通化,9.0
20201111,11,CO,通化,1.05
20201111,11,CO_24h,通化,0.9
20201111,12,AQI,通化,61.0
20201111,12,PM2.5,通化,39.0
20201111,12,PM2.5_24h,通化,30.0
20201111,12,PM10,通化,72.0
20201111,12,PM10_24h,通化,64.0
20201111,12,SO2,通化,16.0
20201111,12,SO2_24h,通化,17.0
20201111,12,NO2,通化,24.0
20201111,12,NO2_24h,通化,36.0
20201111,12,O3,通化,50.0
20201111,12,O3_24h,通化,66.0
20201111,12,O3_8h,通化,15.0
20201111,12,O3_8h_24h,通化,15.0
20201111,12,CO,通化,0.7
20201111,12,CO_24h,通化,0.9
20201111,13,AQI,通化,50.0
20201111,13,PM2.5,通化,29.0
20201111,13,PM2.5_24h,通化,30.0
20201111,13,PM10,通化,50.0
20201111,13,PM10_24h,通化,64.0
20201111,13,SO2,通化,16.0
20201111,13,SO2_24h,通化,17.0
20201111,13,NO2,通化,16.0
20201111,13,NO2_24h,通化,36.0
20201111,13,O3,通化,72.0
20201111,13,O3_24h,通化,72.0
20201111,13,O3_8h,通化,23.0
20201111,13,O3_8h_24h,通化,23.0
20201111,13,CO,通化,0.6
20201111,13,CO_24h,通化,0.85
20201111,14,AQI,通化,30.0
20201111,14,PM2.5,通化,16.0
20201111,14,PM2.5_24h,通化,30.0
20201111,14,PM10,通化,30.0
20201111,14,PM10_24h,通化,63.0
20201111,14,SO2,通化,15.0
20201111,14,SO2_24h,通化,17.0
20201111,14,NO2,通化,16.0
20201111,14,NO2_24h,通化,36.0
20201111,14,O3,通化,82.0
20201111,14,O3_24h,通化,82.0
20201111,14,O3_8h,通化,32.0
20201111,14,O3_8h_24h,通化,32.0
20201111,14,CO,通化,0.55
20201111,14,CO_24h,通化,0.85
20201111,15,AQI,通化,33.0
20201111,15,PM2.5,通化,19.0
20201111,15,PM2.5_24h,通化,30.0
20201111,15,PM10,通化,33.0
20201111,15,PM10_24h,通化,63.0
20201111,15,SO2,通化,14.0
20201111,15,SO2_24h,通化,18.0
20201111,15,NO2,通化,17.0
20201111,15,NO2_24h,通化,36.0
20201111,15,O3,通化,90.0
20201111,15,O3_24h,通化,90.0
20201111,15,O3_8h,通化,43.0
20201111,15,O3_8h_24h,通化,43.0
20201111,15,CO,通化,0.5
20201111,15,CO_24h,通化,0.85
20201111,16,AQI,通化,36.0
20201111,16,PM2.5,通化,22.0
20201111,16,PM2.5_24h,通化,30.0
20201111,16,PM10,通化,36.0
20201111,16,PM10_24h,通化,63.0
20201111,16,SO2,通化,14.0
20201111,16,SO2_24h,通化,18.0
20201111,16,NO2,通化,24.0
20201111,16,NO2_24h,通化,37.0
20201111,16,O3,通化,86.0
20201111,16,O3_24h,通化,90.0
20201111,16,O3_8h,通化,53.0
20201111,16,O3_8h_24h,通化,53.0
20201111,16,CO,通化,0.55
20201111,16,CO_24h,通化,0.85
20201111,17,AQI,通化,39.0
20201111,17,PM2.5,通化,25.0
20201111,17,PM2.5_24h,通化,31.0
20201111,17,PM10,通化,39.0
20201111,17,PM10_24h,通化,64.0
20201111,17,SO2,通化,16.0
20201111,17,SO2_24h,通化,18.0
20201111,17,NO2,通化,32.0
20201111,17,NO2_24h,通化,36.0
20201111,17,O3,通化,78.0
20201111,17,O3_24h,通化,90.0
20201111,17,O3_8h,通化,61.0
20201111,17,O3_8h_24h,通化,61.0
20201111,17,CO,通化,0.6
20201111,17,CO_24h,通化,0.85
20201111,18,AQI,通化,50.0
20201111,18,PM2.5,通化,27.0
20201111,18,PM2.5_24h,通化,31.0
20201111,18,PM10,通化,50.0
20201111,18,PM10_24h,通化,64.0
20201111,18,SO2,通化,15.0
20201111,18,SO2_24h,通化,18.0
20201111,18,NO2,通化,73.0
20201111,18,NO2_24h,通化,37.0
20201111,18,O3,通化,29.0
20201111,18,O3_24h,通化,90.0
20201111,18,O3_8h,通化,63.0
20201111,18,O3_8h_24h,通化,63.0
20201111,18,CO,通化,0.9
20201111,18,CO_24h,通化,0.85
20201111,19,AQI,通化,60.0
20201111,19,PM2.5,通化,35.0
20201111,19,PM2.5_24h,通化,31.0
20201111,19,PM10,通化,70.0
20201111,19,PM10_24h,通化,64.0
20201111,19,SO2,通化,17.0
20201111,19,SO2_24h,通化,18.0
20201111,19,NO2,通化,73.0
20201111,19,NO2_24h,通化,38.0
20201111,19,O3,通化,26.0
20201111,19,O3_24h,通化,90.0
20201111,19,O3_8h,通化,64.0
20201111,19,O3_8h_24h,通化,65.0
20201111,19,CO,通化,0.95
20201111,19,CO_24h,通化,0.9
20201111,20,AQI,通化,68.0
20201111,20,PM2.5,通化,42.0
20201111,20,PM2.5_24h,通化,31.0
20201111,20,PM10,通化,86.0
20201111,20,PM10_24h,通化,63.0
20201111,20,SO2,通化,15.0
20201111,20,SO2_24h,通化,18.0
20201111,20,NO2,通化,77.0
20201111,20,NO2_24h,通化,39.0
20201111,20,O3,通化,11.0
20201111,20,O3_24h,通化,90.0
20201111,20,O3_8h,通化,59.0
20201111,20,O3_8h_24h,通化,65.0
20201111,20,CO,通化,1.15
20201111,20,CO_24h,通化,0.9
20201111,21,AQI,通化,78.0
20201111,21,PM2.5,通化,46.0
20201111,21,PM2.5_24h,通化,31.0
20201111,21,PM10,通化,105.0
20201111,21,PM10_24h,通化,63.0
20201111,21,SO2,通化,15.0
20201111,21,SO2_24h,通化,18.0
20201111,21,NO2,通化,62.0
20201111,21,NO2_24h,通化,40.0
20201111,21,O3,通化,8.0
20201111,21,O3_24h,通化,90.0
20201111,21,O3_8h,通化,51.0
20201111,21,O3_8h_24h,通化,65.0
20201111,21,CO,通化,1.35
20201111,21,CO_24h,通化,0.9
20201111,22,AQI,通化,83.0
20201111,22,PM2.5,通化,53.0
20201111,22,PM2.5_24h,通化,32.0
20201111,22,PM10,通化,115.0
20201111,22,PM10_24h,通化,64.0
20201111,22,SO2,通化,18.0
20201111,22,SO2_24h,通化,18.0
20201111,22,NO2,通化,55.0
20201111,22,NO2_24h,通化,41.0
20201111,22,O3,通化,16.0
20201111,22,O3_24h,通化,90.0
20201111,22,O3_8h,通化,43.0
20201111,22,O3_8h_24h,通化,65.0
20201111,22,CO,通化,1.2
20201111,22,CO_24h,通化,0.9
20201111,23,AQI,通化,71.0
20201111,23,PM2.5,通化,43.0
20201111,23,PM2.5_24h,通化,32.0
20201111,23,PM10,通化,92.0
20201111,23,PM10_24h,通化,64.0
20201111,23,SO2,通化,17.0
20201111,23,SO2_24h,通化,18.0
20201111,23,NO2,通化,32.0
20201111,23,NO2_24h,通化,40.0
20201111,23,O3,通化,49.0
20201111,23,O3_24h,通化,90.0
20201111,23,O3_8h,通化,38.0
20201111,23,O3_8h_24h,通化,65.0
20201111,23,CO,通化,0.8
20201111,23,CO_24h,通化,0.9
20201111,0,AQI,白山,71.0
20201111,0,PM2.5,白山,37.0
20201111,0,PM2.5_24h,白山,29.0
20201111,0,PM10,白山,92.0
20201111,0,PM10_24h,白山,70.0
20201111,0,SO2,白山,14.0
20201111,0,SO2_24h,白山,18.0
20201111,0,NO2,白山,35.0
20201111,0,NO2_24h,白山,25.0
20201111,0,O3,白山,6.0
20201111,0,O3_24h,白山,59.0
20201111,0,O3_8h,白山,16.0
20201111,0,O3_8h_24h,白山,47.0
20201111,0,CO,白山,1.35
20201111,0,CO_24h,白山,0.9
20201111,1,AQI,白山,69.0
20201111,1,PM2.5,白山,34.0
20201111,1,PM2.5_24h,白山,29.0
20201111,1,PM10,白山,87.0
20201111,1,PM10_24h,白山,72.0
20201111,1,SO2,白山,15.0
20201111,1,SO2_24h,白山,19.0
20201111,1,NO2,白山,30.0
20201111,1,NO2_24h,白山,26.0
20201111,1,O3,白山,7.0
20201111,1,O3_24h,白山,59.0
20201111,1,O3_8h,白山,7.0
20201111,1,O3_8h_24h,白山,7.0
20201111,1,CO,白山,1.35
20201111,1,CO_24h,白山,1.0
20201111,2,AQI,白山,62.0
20201111,2,PM2.5,白山,34.0
20201111,2,PM2.5_24h,白山,30.0
20201111,2,PM10,白山,73.0
20201111,2,PM10_24h,白山,72.0
20201111,2,SO2,白山,14.0
20201111,2,SO2_24h,白山,19.0
20201111,2,NO2,白山,29.0
20201111,2,NO2_24h,白山,26.0
20201111,2,O3,白山,7.0
20201111,2,O3_24h,白山,59.0
20201111,2,O3_8h,白山,7.0
20201111,2,O3_8h_24h,白山,8.0
20201111,2,CO,白山,1.35
20201111,2,CO_24h,白山,1.0
20201111,3,AQI,白山,60.0
20201111,3,PM2.5,白山,30.0
20201111,3,PM2.5_24h,白山,30.0
20201111,3,PM10,白山,69.0
20201111,3,PM10_24h,白山,72.0
20201111,3,SO2,白山,13.0
20201111,3,SO2_24h,白山,19.0
20201111,3,NO2,白山,28.0
20201111,3,NO2_24h,白山,26.0
20201111,3,O3,白山,7.0
20201111,3,O3_24h,白山,59.0
20201111,3,O3_8h,白山,7.0
20201111,3,O3_8h_24h,白山,8.0
20201111,3,CO,白山,1.4
20201111,3,CO_24h,白山,1.05
20201111,4,AQI,白山,58.0
20201111,4,PM2.5,白山,26.0
20201111,4,PM2.5_24h,白山,30.0
20201111,4,PM10,白山,65.0
20201111,4,PM10_24h,白山,72.0
20201111,4,SO2,白山,12.0
20201111,4,SO2_24h,白山,19.0
20201111,4,NO2,白山,29.0
20201111,4,NO2_24h,白山,27.0
20201111,4,O3,白山,6.0
20201111,4,O3_24h,白山,59.0
20201111,4,O3_8h,白山,7.0
20201111,4,O3_8h_24h,白山,8.0
20201111,4,CO,白山,1.4
20201111,4,CO_24h,白山,1.05
20201111,5,AQI,白山,57.0
20201111,5,PM2.5,白山,24.0
20201111,5,PM2.5_24h,白山,30.0
20201111,5,PM10,白山,64.0
20201111,5,PM10_24h,白山,72.0
20201111,5,SO2,白山,14.0
20201111,5,SO2_24h,白山,19.0
20201111,5,NO2,白山,28.0
20201111,5,NO2_24h,白山,27.0
20201111,5,O3,白山,5.0
20201111,5,O3_24h,白山,59.0
20201111,5,O3_8h,白山,6.0
20201111,5,O3_8h_24h,白山,8.0
20201111,5,CO,白山,1.4
20201111,5,CO_24h,白山,1.1
20201111,6,AQI,白山,59.0
20201111,6,PM2.5,白山,26.0
20201111,6,PM2.5_24h,白山,30.0
20201111,6,PM10,白山,68.0
20201111,6,PM10_24h,白山,72.0
20201111,6,SO2,白山,16.0
20201111,6,SO2_24h,白山,20.0
20201111,6,NO2,白山,27.0
20201111,6,NO2_24h,白山,27.0
20201111,6,O3,白山,5.0
20201111,6,O3_24h,白山,59.0
20201111,6,O3_8h,白山,6.0
20201111,6,O3_8h_24h,白山,8.0
20201111,6,CO,白山,1.4
20201111,6,CO_24h,白山,1.15
20201111,7,AQI,白山,61.0
20201111,7,PM2.5,白山,26.0
20201111,7,PM2.5_24h,白山,32.0
20201111,7,PM10,白山,72.0
20201111,7,PM10_24h,白山,78.0
20201111,7,SO2,白山,10.0
20201111,7,SO2_24h,白山,18.0
20201111,7,NO2,白山,30.0
20201111,7,NO2_24h,白山,29.0
20201111,7,O3,白山,6.0
20201111,7,O3_24h,白山,59.0
20201111,7,O3_8h,白山,7.0
20201111,7,O3_8h_24h,白山,9.0
20201111,7,CO,白山,1.7
20201111,7,CO_24h,白山,1.3
20201111,8,AQI,白山,64.0
20201111,8,PM2.5,白山,33.0
20201111,8,PM2.5_24h,白山,31.0
20201111,8,PM10,白山,77.0
20201111,8,PM10_24h,白山,72.0
20201111,8,SO2,白山,25.0
20201111,8,SO2_24h,白山,20.0
20201111,8,NO2,白山,25.0
20201111,8,NO2_24h,白山,28.0
20201111,8,O3,白山,9.0
20201111,8,O3_24h,白山,59.0
20201111,8,O3_8h,白山,7.0
20201111,8,O3_8h_24h,白山,8.0
20201111,8,CO,白山,1.35
20201111,8,CO_24h,白山,1.2
20201111,10,AQI,白山,79.0
20201111,10,PM2.5,白山,46.0
20201111,10,PM2.5_24h,白山,31.0
20201111,10,PM10,白山,108.0
20201111,10,PM10_24h,白山,73.0
20201111,10,SO2,白山,39.0
20201111,10,SO2_24h,白山,19.0
20201111,10,NO2,白山,28.0
20201111,10,NO2_24h,白山,28.0
20201111,10,O3,白山,19.0
20201111,10,O3_24h,白山,59.0
20201111,10,O3_8h,白山,9.0
20201111,10,O3_8h_24h,白山,9.0
20201111,10,CO,白山,1.0
20201111,10,CO_24h,白山,1.2
20201111,11,AQI,白山,80.0
20201111,11,PM2.5,白山,40.0
20201111,11,PM2.5_24h,白山,31.0
20201111,11,PM10,白山,109.0
20201111,11,PM10_24h,白山,74.0
20201111,11,SO2,白山,33.0
20201111,11,SO2_24h,白山,19.0
20201111,11,NO2,白山,41.0
20201111,11,NO2_24h,白山,29.0
20201111,11,O3,白山,31.0
20201111,11,O3_24h,白山,59.0
20201111,11,O3_8h,白山,10.0
20201111,11,O3_8h_24h,白山,10.0
20201111,11,CO,白山,1.0
20201111,11,CO_24h,白山,1.2
20201111,12,AQI,白山,69.0
20201111,12,PM2.5,白山,26.0
20201111,12,PM2.5_24h,白山,31.0
20201111,12,PM10,白山,87.0
20201111,12,PM10_24h,白山,74.0
20201111,12,SO2,白山,33.0
20201111,12,SO2_24h,白山,20.0
20201111,12,NO2,白山,31.0
20201111,12,NO2_24h,白山,30.0
20201111,12,O3,白山,42.0
20201111,12,O3_24h,白山,59.0
20201111,12,O3_8h,白山,15.0
20201111,12,O3_8h_24h,白山,15.0
20201111,12,CO,白山,0.95
20201111,12,CO_24h,白山,1.2
20201111,13,AQI,白山,75.0
20201111,13,PM2.5,白山,35.0
20201111,13,PM2.5_24h,白山,31.0
20201111,13,PM10,白山,99.0
20201111,13,PM10_24h,白山,75.0
20201111,13,SO2,白山,44.0
20201111,13,SO2_24h,白山,21.0
20201111,13,NO2,白山,38.0
20201111,13,NO2_24h,白山,31.0
20201111,13,O3,白山,46.0
20201111,13,O3_24h,白山,57.0
20201111,13,O3_8h,白山,21.0
20201111,13,O3_8h_24h,白山,21.0
20201111,13,CO,白山,1.0
20201111,13,CO_24h,白山,1.25
20201111,14,AQI,白山,41.0
20201111,14,PM2.5,白山,17.0
20201111,14,PM2.5_24h,白山,31.0
20201111,14,PM10,白山,41.0
20201111,14,PM10_24h,白山,76.0
20201111,14,SO2,白山,21.0
20201111,14,SO2_24h,白山,21.0
20201111,14,NO2,白山,22.0
20201111,14,NO2_24h,白山,32.0
20201111,14,O3,白山,52.0
20201111,14,O3_24h,白山,54.0
20201111,14,O3_8h,白山,25.0
20201111,14,O3_8h_24h,白山,25.0
20201111,14,CO,白山,0.7
20201111,14,CO_24h,白山,1.25
20201111,15,AQI,白山,47.0
20201111,15,PM2.5,白山,19.0
20201111,15,PM2.5_24h,白山,32.0
20201111,15,PM10,白山,47.0
20201111,15,PM10_24h,白山,77.0
20201111,15,SO2,白山,26.0
20201111,15,SO2_24h,白山,21.0
20201111,15,NO2,白山,22.0
20201111,15,NO2_24h,白山,32.0
20201111,15,O3,白山,65.0
20201111,15,O3_24h,白山,56.0
20201111,15,O3_8h,白山,30.0
20201111,15,O3_8h_24h,白山,30.0
20201111,15,CO,白山,0.8
20201111,15,CO_24h,白山,1.3
20201111,16,AQI,白山,59.0
20201111,16,PM2.5,白山,40.0
20201111,16,PM2.5_24h,白山,33.0
20201111,16,PM10,白山,68.0
20201111,16,PM10_24h,白山,78.0
20201111,16,SO2,白山,23.0
20201111,16,SO2_24h,白山,21.0
20201111,16,NO2,白山,24.0
20201111,16,NO2_24h,白山,32.0
20201111,16,O3,白山,81.0
20201111,16,O3_24h,白山,81.0
20201111,16,O3_8h,白山,41.0
20201111,16,O3_8h_24h,白山,41.0
20201111,16,CO,白山,0.8
20201111,16,CO_24h,白山,1.25
20201111,17,AQI,白山,61.0
20201111,17,PM2.5,白山,39.0
20201111,17,PM2.5_24h,白山,35.0
20201111,17,PM10,白山,71.0
20201111,17,PM10_24h,白山,80.0
20201111,17,SO2,白山,16.0
20201111,17,SO2_24h,白山,21.0
20201111,17,NO2,白山,20.0
20201111,17,NO2_24h,白山,32.0
20201111,17,O3,白山,82.0
20201111,17,O3_24h,白山,83.0
20201111,17,O3_8h,白山,53.0
20201111,17,O3_8h_24h,白山,53.0
20201111,17,CO,白山,0.7
20201111,17,CO_24h,白山,1.25
20201111,18,AQI,白山,61.0
20201111,18,PM2.5,白山,26.0
20201111,18,PM2.5_24h,白山,34.0
20201111,18,PM10,白山,72.0
20201111,18,PM10_24h,白山,80.0
20201111,18,SO2,白山,17.0
20201111,18,SO2_24h,白山,21.0
20201111,18,NO2,白山,33.0
20201111,18,NO2_24h,白山,32.0
20201111,18,O3,白山,67.0
20201111,18,O3_24h,白山,83.0
20201111,18,O3_8h,白山,61.0
20201111,18,O3_8h_24h,白山,61.0
20201111,18,CO,白山,0.85
20201111,18,CO_24h,白山,1.2
20201111,19,AQI,白山,65.0
20201111,19,PM2.5,白山,34.0
20201111,19,PM2.5_24h,白山,34.0
20201111,19,PM10,白山,79.0
20201111,19,PM10_24h,白山,81.0
20201111,19,SO2,白山,18.0
20201111,19,SO2_24h,白山,21.0
20201111,19,NO2,白山,45.0
20201111,19,NO2_24h,白山,32.0
20201111,19,O3,白山,43.0
20201111,19,O3_24h,白山,83.0
20201111,19,O3_8h,白山,59.0
20201111,19,O3_8h_24h,白山,63.0
20201111,19,CO,白山,1.25
20201111,19,CO_24h,白山,1.2
20201111,20,AQI,白山,71.0
20201111,20,PM2.5,白山,49.0
20201111,20,PM2.5_24h,白山,35.0
20201111,20,PM10,白山,91.0
20201111,20,PM10_24h,白山,81.0
20201111,20,SO2,白山,18.0
20201111,20,SO2_24h,白山,20.0
20201111,20,NO2,白山,60.0
20201111,20,NO2_24h,白山,33.0
20201111,20,O3,白山,18.0
20201111,20,O3_24h,白山,83.0
20201111,20,O3_8h,白山,56.0
20201111,20,O3_8h_24h,白山,63.0
20201111,20,CO,白山,1.6
20201111,20,CO_24h,白山,1.2
20201111,21,AQI,白山,81.0
20201111,21,PM2.5,白山,59.0
20201111,21,PM2.5_24h,白山,36.0
20201111,21,PM10,白山,112.0
20201111,21,PM10_24h,白山,82.0
20201111,21,SO2,白山,18.0
20201111,21,SO2_24h,白山,20.0
20201111,21,NO2,白山,53.0
20201111,21,NO2_24h,白山,33.0
20201111,21,O3,白山,14.0
20201111,21,O3_24h,白山,83.0
20201111,21,O3_8h,白山,51.0
20201111,21,O3_8h_24h,白山,63.0
20201111,21,CO,白山,1.55
20201111,21,CO_24h,白山,1.25
20201111,22,AQI,白山,88.0
20201111,22,PM2.5,白山,62.0
20201111,22,PM2.5_24h,白山,37.0
20201111,22,PM10,白山,125.0
20201111,22,PM10_24h,白山,84.0
20201111,22,SO2,白山,12.0
20201111,22,SO2_24h,白山,20.0
20201111,22,NO2,白山,52.0
20201111,22,NO2_24h,白山,34.0
20201111,22,O3,白山,15.0
20201111,22,O3_24h,白山,83.0
20201111,22,O3_8h,白山,47.0
20201111,22,O3_8h_24h,白山,63.0
20201111,22,CO,白山,1.5
20201111,22,CO_24h,白山,1.25
20201111,23,AQI,白山,82.0
20201111,23,PM2.5,白山,60.0
20201111,23,PM2.5_24h,白山,37.0
20201111,23,PM10,白山,114.0
20201111,23,PM10_24h,白山,84.0
20201111,23,SO2,白山,11.0
20201111,23,SO2_24h,白山,20.0
20201111,23,NO2,白山,46.0
20201111,23,NO2_24h,白山,34.0
20201111,23,O3,白山,14.0
20201111,23,O3_24h,白山,83.0
20201111,23,O3_8h,白山,42.0
20201111,23,O3_8h_24h,白山,63.0
20201111,23,CO,白山,1.35
20201111,23,CO_24h,白山,1.25
20201111,0,AQI,松原,52.0
20201111,0,PM2.5,松原,23.0
20201111,0,PM2.5_24h,松原,14.0
20201111,0,PM10,松原,54.0
20201111,0,PM10_24h,松原,44.0
20201111,0,SO2,松原,14.0
20201111,0,SO2_24h,松原,8.0
20201111,0,NO2,松原,31.0
20201111,0,NO2_24h,松原,21.0
20201111,0,O3,松原,16.0
20201111,0,O3_24h,松原,44.0
20201111,0,O3_8h,松原,18.0
20201111,0,O3_8h_24h,松原,36.0
20201111,0,CO,松原,0.55
20201111,0,CO_24h,松原,0.3
20201111,1,AQI,松原,53.0
20201111,1,PM2.5,松原,21.0
20201111,1,PM2.5_24h,松原,14.0
20201111,1,PM10,松原,55.0
20201111,1,PM10_24h,松原,45.0
20201111,1,SO2,松原,11.0
20201111,1,SO2_24h,松原,8.0
20201111,1,NO2,松原,28.0
20201111,1,NO2_24h,松原,21.0
20201111,1,O3,松原,18.0
20201111,1,O3_24h,松原,44.0
20201111,1,O3_8h,松原,18.0
20201111,1,O3_8h_24h,松原,18.0
20201111,1,CO,松原,0.6
20201111,1,CO_24h,松原,0.35
20201111,2,AQI,松原,51.0
20201111,2,PM2.5,松原,28.0
20201111,2,PM2.5_24h,松原,15.0
20201111,2,PM10,松原,52.0
20201111,2,PM10_24h,松原,46.0
20201111,2,SO2,松原,9.0
20201111,2,SO2_24h,松原,8.0
20201111,2,NO2,松原,26.0
20201111,2,NO2_24h,松原,22.0
20201111,2,O3,松原,19.0
20201111,2,O3_24h,松原,44.0
20201111,2,O3_8h,松原,18.0
20201111,2,O3_8h_24h,松原,18.0
20201111,2,CO,松原,0.6
20201111,2,CO_24h,松原,0.4
20201111,3,AQI,松原,50.0
20201111,3,PM2.5,松原,26.0
20201111,3,PM2.5_24h,松原,15.0
20201111,3,PM10,松原,50.0
20201111,3,PM10_24h,松原,47.0
20201111,3,SO2,松原,11.0
20201111,3,SO2_24h,松原,8.0
20201111,3,NO2,松原,27.0
20201111,3,NO2_24h,松原,23.0
20201111,3,O3,松原,18.0
20201111,3,O3_24h,松原,44.0
20201111,3,O3_8h,松原,18.0
20201111,3,O3_8h_24h,松原,18.0
20201111,3,CO,松原,0.6
20201111,3,CO_24h,松原,0.4
20201111,4,AQI,松原,52.0
20201111,4,PM2.5,松原,27.0
20201111,4,PM2.5_24h,松原,16.0
20201111,4,PM10,松原,53.0
20201111,4,PM10_24h,松原,47.0
20201111,4,SO2,松原,13.0
20201111,4,SO2_24h,松原,9.0
20201111,4,NO2,松原,32.0
20201111,4,NO2_24h,松原,24.0
20201111,4,O3,松原,15.0
20201111,4,O3_24h,松原,44.0
20201111,4,O3_8h,松原,17.0
20201111,4,O3_8h_24h,松原,18.0
20201111,4,CO,松原,0.65
20201111,4,CO_24h,松原,0.4
20201111,5,AQI,松原,56.0
20201111,5,PM2.5,松原,33.0
20201111,5,PM2.5_24h,松原,17.0
20201111,5,PM10,松原,62.0
20201111,5,PM10_24h,松原,49.0
20201111,5,SO2,松原,17.0
20201111,5,SO2_24h,松原,9.0
20201111,5,NO2,松原,34.0
20201111,5,NO2_24h,松原,24.0
20201111,5,O3,松原,14.0
20201111,5,O3_24h,松原,44.0
20201111,5,O3_8h,松原,17.0
20201111,5,O3_8h_24h,松原,18.0
20201111,5,CO,松原,0.65
20201111,5,CO_24h,松原,0.4
20201111,6,AQI,松原,58.0
20201111,6,PM2.5,松原,33.0
20201111,6,PM2.5_24h,松原,18.0
20201111,6,PM10,松原,65.0
20201111,6,PM10_24h,松原,52.0
20201111,6,SO2,松原,20.0
20201111,6,SO2_24h,松原,9.0
20201111,6,NO2,松原,39.0
20201111,6,NO2_24h,松原,25.0
20201111,6,O3,松原,11.0
20201111,6,O3_24h,松原,44.0
20201111,6,O3_8h,松原,16.0
20201111,6,O3_8h_24h,松原,18.0
20201111,6,CO,松原,0.85
20201111,6,CO_24h,松原,0.4
20201111,8,AQI,松原,60.0
20201111,8,PM2.5,松原,43.0
20201111,8,PM2.5_24h,松原,20.0
20201111,8,PM10,松原,69.0
20201111,8,PM10_24h,松原,55.0
20201111,8,SO2,松原,18.0
20201111,8,SO2_24h,松原,11.0
20201111,8,NO2,松原,41.0
20201111,8,NO2_24h,松原,27.0
20201111,8,O3,松原,12.0
20201111,8,O3_24h,松原,44.0
20201111,8,O3_8h,松原,15.0
20201111,8,O3_8h_24h,松原,18.0
20201111,8,CO,松原,1.0
20201111,8,CO_24h,松原,0.5
20201111,10,AQI,松原,63.0
20201111,10,PM2.5,松原,44.0
20201111,10,PM2.5_24h,松原,23.0
20201111,10,PM10,松原,76.0
20201111,10,PM10_24h,松原,58.0
20201111,10,SO2,松原,16.0
20201111,10,SO2_24h,松原,11.0
20201111,10,NO2,松原,33.0
20201111,10,NO2_24h,松原,28.0
20201111,10,O3,松原,27.0
20201111,10,O3_24h,松原,44.0
20201111,10,O3_8h,松原,16.0
20201111,10,O3_8h_24h,松原,18.0
20201111,10,CO,松原,0.95
20201111,10,CO_24h,松原,0.5
20201111,11,AQI,松原,62.0
20201111,11,PM2.5,松原,44.0
20201111,11,PM2.5_24h,松原,24.0
20201111,11,PM10,松原,73.0
20201111,11,PM10_24h,松原,59.0
20201111,11,SO2,松原,17.0
20201111,11,SO2_24h,松原,12.0
20201111,11,NO2,松原,32.0
20201111,11,NO2_24h,松原,29.0
20201111,11,O3,松原,35.0
20201111,11,O3_24h,松原,44.0
20201111,11,O3_8h,松原,18.0
20201111,11,O3_8h_24h,松原,18.0
20201111,11,CO,松原,0.95
20201111,11,CO_24h,松原,0.6
20201111,12,AQI,松原,65.0
20201111,12,PM2.5,松原,40.0
20201111,12,PM2.5_24h,松原,25.0
20201111,12,PM10,松原,80.0
20201111,12,PM10_24h,松原,60.0
20201111,12,SO2,松原,16.0
20201111,12,SO2_24h,松原,12.0
20201111,12,NO2,松原,28.0
20201111,12,NO2_24h,松原,29.0
20201111,12,O3,松原,43.0
20201111,12,O3_24h,松原,46.0
20201111,12,O3_8h,松原,22.0
20201111,12,O3_8h_24h,松原,22.0
20201111,12,CO,松原,0.85
20201111,12,CO_24h,松原,0.6
20201111,13,AQI,松原,69.0
20201111,13,PM2.5,松原,34.0
20201111,13,PM2.5_24h,松原,26.0
20201111,13,PM10,松原,88.0
20201111,13,PM10_24h,松原,62.0
20201111,13,SO2,松原,14.0
20201111,13,SO2_24h,松原,12.0
20201111,13,NO2,松原,26.0
20201111,13,NO2_24h,松原,30.0
20201111,13,O3,松原,48.0
20201111,13,O3_24h,松原,47.0
20201111,13,O3_8h,松原,24.0
20201111,13,O3_8h_24h,松原,24.0
20201111,13,CO,松原,0.6
20201111,13,CO_24h,松原,0.6
20201111,14,AQI,松原,72.0
20201111,14,PM2.5,松原,30.0
20201111,14,PM2.5_24h,松原,27.0
20201111,14,PM10,松原,94.0
20201111,14,PM10_24h,松原,64.0
20201111,14,SO2,松原,13.0
20201111,14,SO2_24h,松原,13.0
20201111,14,NO2,松原,27.0
20201111,14,NO2_24h,松原,31.0
20201111,14,O3,松原,52.0
20201111,14,O3_24h,松原,49.0
20201111,14,O3_8h,松原,28.0
20201111,14,O3_8h_24h,松原,28.0
20201111,14,CO,松原,0.55
20201111,14,CO_24h,松原,0.65
20201111,15,AQI,松原,71.0
20201111,15,PM2.5,松原,29.0
20201111,15,PM2.5_24h,松原,28.0
20201111,15,PM10,松原,92.0
20201111,15,PM10_24h,松原,66.0
20201111,15,SO2,松原,14.0
20201111,15,SO2_24h,松原,13.0
20201111,15,NO2,松原,30.0
20201111,15,NO2_24h,松原,31.0
20201111,15,O3,松原,51.0
20201111,15,O3_24h,松原,49.0
20201111,15,O3_8h,松原,32.0
20201111,15,O3_8h_24h,松原,32.0
20201111,15,CO,松原,0.55
20201111,15,CO_24h,松原,0.65
20201111,16,AQI,松原,76.0
20201111,16,PM2.5,松原,29.0
20201111,16,PM2.5_24h,松原,29.0
20201111,16,PM10,松原,101.0
20201111,16,PM10_24h,松原,68.0
20201111,16,SO2,松原,13.0
20201111,16,SO2_24h,松原,13.0
20201111,16,NO2,松原,39.0
20201111,16,NO2_24h,松原,32.0
20201111,16,O3,松原,46.0
20201111,16,O3_24h,松原,49.0
20201111,16,O3_8h,松原,37.0
20201111,16,O3_8h_24h,松原,37.0
20201111,16,CO,松原,0.6
20201111,16,CO_24h,松原,0.65
20201111,17,AQI,松原,75.0
20201111,17,PM2.5,松原,29.0
20201111,17,PM2.5_24h,松原,29.0
20201111,17,PM10,松原,99.0
20201111,17,PM10_24h,松原,69.0
20201111,17,SO2,松原,14.0
20201111,17,SO2_24h,松原,14.0
20201111,17,NO2,松原,54.0
20201111,17,NO2_24h,松原,33.0
20201111,17,O3,松原,34.0
20201111,17,O3_24h,松原,49.0
20201111,17,O3_8h,松原,40.0
20201111,17,O3_8h_24h,松原,40.0
20201111,17,CO,松原,0.6
20201111,17,CO_24h,松原,0.65
20201111,18,AQI,松原,81.0
20201111,18,PM2.5,松原,39.0
20201111,18,PM2.5_24h,松原,31.0
20201111,18,PM10,松原,112.0
20201111,18,PM10_24h,松原,70.0
20201111,18,SO2,松原,10.0
20201111,18,SO2_24h,松原,14.0
20201111,18,NO2,松原,46.0
20201111,18,NO2_24h,松原,33.0
20201111,18,O3,松原,44.0
20201111,18,O3_24h,松原,49.0
20201111,18,O3_8h,松原,43.0
20201111,18,O3_8h_24h,松原,43.0
20201111,18,CO,松原,0.8
20201111,18,CO_24h,松原,0.65
20201111,19,AQI,松原,91.0
20201111,19,PM2.5,松原,45.0
20201111,19,PM2.5_24h,松原,32.0
20201111,19,PM10,松原,132.0
20201111,19,PM10_24h,松原,71.0
20201111,19,SO2,松原,7.0
20201111,19,SO2_24h,松原,14.0
20201111,19,NO2,松原,34.0
20201111,19,NO2_24h,松原,33.0
20201111,19,O3,松原,56.0
20201111,19,O3_24h,松原,56.0
20201111,19,O3_8h,松原,47.0
20201111,19,O3_8h_24h,松原,47.0
20201111,19,CO,松原,0.65
20201111,19,CO_24h,松原,0.7
20201111,20,AQI,松原,92.0
20201111,20,PM2.5,松原,47.0
20201111,20,PM2.5_24h,松原,33.0
20201111,20,PM10,松原,134.0
20201111,20,PM10_24h,松原,72.0
20201111,20,SO2,松原,8.0
20201111,20,SO2_24h,松原,14.0
20201111,20,NO2,松原,27.0
20201111,20,NO2_24h,松原,33.0
20201111,20,O3,松原,64.0
20201111,20,O3_24h,松原,64.0
20201111,20,O3_8h,松原,51.0
20201111,20,O3_8h_24h,松原,51.0
20201111,20,CO,松原,0.55
20201111,20,CO_24h,松原,0.7
20201111,21,AQI,松原,88.0
20201111,21,PM2.5,松原,49.0
20201111,21,PM2.5_24h,松原,34.0
20201111,21,PM10,松原,126.0
20201111,21,PM10_24h,松原,73.0
20201111,21,SO2,松原,9.0
20201111,21,SO2_24h,松原,14.0
20201111,21,NO2,松原,24.0
20201111,21,NO2_24h,松原,32.0
20201111,21,O3,松原,67.0
20201111,21,O3_24h,松原,67.0
20201111,21,O3_8h,松原,54.0
20201111,21,O3_8h_24h,松原,54.0
20201111,21,CO,松原,0.55
20201111,21,CO_24h,松原,0.7
20201111,22,AQI,松原,94.0
20201111,22,PM2.5,松原,46.0
20201111,22,PM2.5_24h,松原,35.0
20201111,22,PM10,松原,138.0
20201111,22,PM10_24h,松原,77.0
20201111,22,SO2,松原,9.0
20201111,22,SO2_24h,松原,13.0
20201111,22,NO2,松原,22.0
20201111,22,NO2_24h,松原,32.0
20201111,22,O3,松原,67.0
20201111,22,O3_24h,松原,67.0
20201111,22,O3_8h,松原,56.0
20201111,22,O3_8h_24h,松原,56.0
20201111,22,CO,松原,0.6
20201111,22,CO_24h,松原,0.7
20201111,23,AQI,松原,93.0
20201111,23,PM2.5,松原,46.0
20201111,23,PM2.5_24h,松原,36.0
20201111,23,PM10,松原,135.0
20201111,23,PM10_24h,松原,81.0
20201111,23,SO2,松原,12.0
20201111,23,SO2_24h,松原,13.0
20201111,23,NO2,松原,21.0
20201111,23,NO2_24h,松原,31.0
20201111,23,O3,松原,66.0
20201111,23,O3_24h,松原,67.0
20201111,23,O3_8h,松原,58.0
20201111,23,O3_8h_24h,松原,58.0
20201111,23,CO,松原,0.65
20201111,23,CO_24h,松原,0.7
20201111,0,AQI,白城,39.0
20201111,0,PM2.5,白城,21.0
20201111,0,PM2.5_24h,白城,21.0
20201111,0,PM10,白城,39.0
20201111,0,PM10_24h,白城,39.0
20201111,0,SO2,白城,9.0
20201111,0,SO2_24h,白城,9.0
20201111,0,NO2,白城,28.0
20201111,0,NO2_24h,白城,24.0
20201111,0,O3,白城,20.0
20201111,0,O3_24h,白城,48.0
20201111,0,O3_8h,白城,23.0
20201111,0,O3_8h_24h,白城,38.0
20201111,0,CO,白城,0.35
20201111,0,CO_24h,白城,0.35
20201111,1,AQI,白城,38.0
20201111,1,PM2.5,白城,18.0
20201111,1,PM2.5_24h,白城,20.0
20201111,1,PM10,白城,38.0
20201111,1,PM10_24h,白城,38.0
20201111,1,SO2,白城,8.0
20201111,1,SO2_24h,白城,9.0
20201111,1,NO2,白城,27.0
20201111,1,NO2_24h,白城,24.0
20201111,1,O3,白城,19.0
20201111,1,O3_24h,白城,48.0
20201111,1,O3_8h,白城,19.0
20201111,1,O3_8h_24h,白城,19.0
20201111,1,CO,白城,0.3
20201111,1,CO_24h,白城,0.35
20201111,2,AQI,白城,36.0
20201111,2,PM2.5,白城,20.0
20201111,2,PM2.5_24h,白城,20.0
20201111,2,PM10,白城,36.0
20201111,2,PM10_24h,白城,38.0
20201111,2,SO2,白城,10.0
20201111,2,SO2_24h,白城,9.0
20201111,2,NO2,白城,30.0
20201111,2,NO2_24h,白城,24.0
20201111,2,O3,白城,15.0
20201111,2,O3_24h,白城,48.0
20201111,2,O3_8h,白城,17.0
20201111,2,O3_8h_24h,白城,19.0
20201111,2,CO,白城,0.3
20201111,2,CO_24h,白城,0.35
20201111,3,AQI,白城,38.0
20201111,3,PM2.5,白城,25.0
20201111,3,PM2.5_24h,白城,20.0
20201111,3,PM10,白城,38.0
20201111,3,PM10_24h,白城,39.0
20201111,3,SO2,白城,8.0
20201111,3,SO2_24h,白城,9.0
20201111,3,NO2,白城,26.0
20201111,3,NO2_24h,白城,24.0
20201111,3,O3,白城,19.0
20201111,3,O3_24h,白城,48.0
20201111,3,O3_8h,白城,18.0
20201111,3,O3_8h_24h,白城,19.0
20201111,3,CO,白城,0.25
20201111,3,CO_24h,白城,0.35
20201111,4,AQI,白城,36.0
20201111,4,PM2.5,白城,20.0
20201111,4,PM2.5_24h,白城,20.0
20201111,4,PM10,白城,36.0
20201111,4,PM10_24h,白城,39.0
20201111,4,SO2,白城,8.0
20201111,4,SO2_24h,白城,9.0
20201111,4,NO2,白城,24.0
20201111,4,NO2_24h,白城,24.0
20201111,4,O3,白城,15.0
20201111,4,O3_24h,白城,48.0
20201111,4,O3_8h,白城,17.0
20201111,4,O3_8h_24h,白城,19.0
20201111,4,CO,白城,0.25
20201111,4,CO_24h,白城,0.35
20201111,5,AQI,白城,34.0
20201111,5,PM2.5,白城,16.0
20201111,5,PM2.5_24h,白城,20.0
20201111,5,PM10,白城,34.0
20201111,5,PM10_24h,白城,39.0
20201111,5,SO2,白城,7.0
20201111,5,SO2_24h,白城,9.0
20201111,5,NO2,白城,23.0
20201111,5,NO2_24h,白城,25.0
20201111,5,O3,白城,17.0
20201111,5,O3_24h,白城,48.0
20201111,5,O3_8h,白城,17.0
20201111,5,O3_8h_24h,白城,19.0
20201111,5,CO,白城,0.25
20201111,5,CO_24h,白城,0.35
20201111,6,AQI,白城,36.0
20201111,6,PM2.5,白城,15.0
20201111,6,PM2.5_24h,白城,21.0
20201111,6,PM10,白城,36.0
20201111,6,PM10_24h,白城,39.0
20201111,6,SO2,白城,7.0
20201111,6,SO2_24h,白城,9.0
20201111,6,NO2,白城,23.0
20201111,6,NO2_24h,白城,25.0
20201111,6,O3,白城,17.0
20201111,6,O3_24h,白城,48.0
20201111,6,O3_8h,白城,17.0
20201111,6,O3_8h_24h,白城,19.0
20201111,6,CO,白城,0.25
20201111,6,CO_24h,白城,0.35
20201111,8,AQI,白城,40.0
20201111,8,PM2.5,白城,17.0
20201111,8,PM2.5_24h,白城,20.0
20201111,8,PM10,白城,40.0
20201111,8,PM10_24h,白城,40.0
20201111,8,SO2,白城,9.0
20201111,8,SO2_24h,白城,9.0
20201111,8,NO2,白城,30.0
20201111,8,NO2_24h,白城,25.0
20201111,8,O3,白城,11.0
20201111,8,O3_24h,白城,48.0
20201111,8,O3_8h,白城,16.0
20201111,8,O3_8h_24h,白城,19.0
20201111,8,CO,白城,0.5
20201111,8,CO_24h,白城,0.35
20201111,10,AQI,白城,51.0
20201111,10,PM2.5,白城,27.0
20201111,10,PM2.5_24h,白城,21.0
20201111,10,PM10,白城,52.0
20201111,10,PM10_24h,白城,40.0
20201111,10,SO2,白城,9.0
20201111,10,SO2_24h,白城,9.0
20201111,10,NO2,白城,19.0
20201111,10,NO2_24h,白城,25.0
20201111,10,O3,白城,28.0
20201111,10,O3_24h,白城,48.0
20201111,10,O3_8h,白城,18.0
20201111,10,O3_8h_24h,白城,20.0
20201111,10,CO,白城,0.4
20201111,10,CO_24h,白城,0.35
20201111,11,AQI,白城,51.0
20201111,11,PM2.5,白城,30.0
20201111,11,PM2.5_24h,白城,21.0
20201111,11,PM10,白城,51.0
20201111,11,PM10_24h,白城,41.0
20201111,11,SO2,白城,9.0
20201111,11,SO2_24h,白城,9.0
20201111,11,NO2,白城,20.0
20201111,11,NO2_24h,白城,25.0
20201111,11,O3,白城,35.0
20201111,11,O3_24h,白城,48.0
20201111,11,O3_8h,白城,19.0
20201111,11,O3_8h_24h,白城,21.0
20201111,11,CO,白城,0.45
20201111,11,CO_24h,白城,0.35
20201111,12,AQI,白城,50.0
20201111,12,PM2.5,白城,30.0
20201111,12,PM2.5_24h,白城,22.0
20201111,12,PM10,白城,50.0
20201111,12,PM10_24h,白城,42.0
20201111,12,SO2,白城,9.0
20201111,12,SO2_24h,白城,9.0
20201111,12,NO2,白城,18.0
20201111,12,NO2_24h,白城,26.0
20201111,12,O3,白城,43.0
20201111,12,O3_24h,白城,48.0
20201111,12,O3_8h,白城,23.0
20201111,12,O3_8h_24h,白城,23.0
20201111,12,CO,白城,0.4
20201111,12,CO_24h,白城,0.35
20201111,13,AQI,白城,49.0
20201111,13,PM2.5,白城,23.0
20201111,13,PM2.5_24h,白城,22.0
20201111,13,PM10,白城,49.0
20201111,13,PM10_24h,白城,43.0
20201111,13,SO2,白城,9.0
20201111,13,SO2_24h,白城,9.0
20201111,13,NO2,白城,17.0
20201111,13,NO2_24h,白城,26.0
20201111,13,O3,白城,47.0
20201111,13,O3_24h,白城,48.0
20201111,13,O3_8h,白城,26.0
20201111,13,O3_8h_24h,白城,26.0
20201111,13,CO,白城,0.4
20201111,13,CO_24h,白城,0.35
20201111,14,AQI,白城,49.0
20201111,14,PM2.5,白城,20.0
20201111,14,PM2.5_24h,白城,22.0
20201111,14,PM10,白城,49.0
20201111,14,PM10_24h,白城,43.0
20201111,14,SO2,白城,10.0
20201111,14,SO2_24h,白城,9.0
20201111,14,NO2,白城,19.0
20201111,14,NO2_24h,白城,26.0
20201111,14,O3,白城,50.0
20201111,14,O3_24h,白城,50.0
20201111,14,O3_8h,白城,31.0
20201111,14,O3_8h_24h,白城,31.0
20201111,14,CO,白城,0.4
20201111,14,CO_24h,白城,0.35
20201111,15,AQI,白城,52.0
20201111,15,PM2.5,白城,27.0
20201111,15,PM2.5_24h,白城,23.0
20201111,15,PM10,白城,53.0
20201111,15,PM10_24h,白城,44.0
20201111,15,SO2,白城,11.0
20201111,15,SO2_24h,白城,9.0
20201111,15,NO2,白城,22.0
20201111,15,NO2_24h,白城,26.0
20201111,15,O3,白城,51.0
20201111,15,O3_24h,白城,51.0
20201111,15,O3_8h,白城,35.0
20201111,15,O3_8h_24h,白城,35.0
20201111,15,CO,白城,0.4
20201111,15,CO_24h,白城,0.35
20201111,16,AQI,白城,53.0
20201111,16,PM2.5,白城,31.0
20201111,16,PM2.5_24h,白城,24.0
20201111,16,PM10,白城,55.0
20201111,16,PM10_24h,白城,45.0
20201111,16,SO2,白城,10.0
20201111,16,SO2_24h,白城,9.0
20201111,16,NO2,白城,25.0
20201111,16,NO2_24h,白城,26.0
20201111,16,O3,白城,47.0
20201111,16,O3_24h,白城,51.0
20201111,16,O3_8h,白城,40.0
20201111,16,O3_8h_24h,白城,40.0
20201111,16,CO,白城,0.45
20201111,16,CO_24h,白城,0.35
20201111,17,AQI,白城,58.0
20201111,17,PM2.5,白城,32.0
20201111,17,PM2.5_24h,白城,25.0
20201111,17,PM10,白城,65.0
20201111,17,PM10_24h,白城,47.0
20201111,17,SO2,白城,10.0
20201111,17,SO2_24h,白城,9.0
20201111,17,NO2,白城,29.0
20201111,17,NO2_24h,白城,26.0
20201111,17,O3,白城,43.0
20201111,17,O3_24h,白城,51.0
20201111,17,O3_8h,白城,43.0
20201111,17,O3_8h_24h,白城,43.0
20201111,17,CO,白城,0.45
20201111,17,CO_24h,白城,0.35
20201111,18,AQI,白城,61.0
20201111,18,PM2.5,白城,30.0
20201111,18,PM2.5_24h,白城,25.0
20201111,18,PM10,白城,72.0
20201111,18,PM10_24h,白城,48.0
20201111,18,SO2,白城,10.0
20201111,18,SO2_24h,白城,9.0
20201111,18,NO2,白城,33.0
20201111,18,NO2_24h,白城,26.0
20201111,18,O3,白城,37.0
20201111,18,O3_24h,白城,51.0
20201111,18,O3_8h,白城,44.0
20201111,18,O3_8h_24h,白城,44.0
20201111,18,CO,白城,0.6
20201111,18,CO_24h,白城,0.35
20201111,19,AQI,白城,63.0
20201111,19,PM2.5,白城,36.0
20201111,19,PM2.5_24h,白城,25.0
20201111,19,PM10,白城,75.0
20201111,19,PM10_24h,白城,48.0
20201111,19,SO2,白城,12.0
20201111,19,SO2_24h,白城,9.0
20201111,19,NO2,白城,34.0
20201111,19,NO2_24h,白城,25.0
20201111,19,O3,白城,33.0
20201111,19,O3_24h,白城,51.0
20201111,19,O3_8h,白城,44.0
20201111,19,O3_8h_24h,白城,44.0
20201111,19,CO,白城,0.8
20201111,19,CO_24h,白城,0.4
20201111,20,AQI,白城,64.0
20201111,20,PM2.5,白城,40.0
20201111,20,PM2.5_24h,白城,25.0
20201111,20,PM10,白城,78.0
20201111,20,PM10_24h,白城,49.0
20201111,20,SO2,白城,14.0
20201111,20,SO2_24h,白城,10.0
20201111,20,NO2,白城,37.0
20201111,20,NO2_24h,白城,26.0
20201111,20,O3,白城,32.0
20201111,20,O3_24h,白城,51.0
20201111,20,O3_8h,白城,43.0
20201111,20,O3_8h_24h,白城,44.0
20201111,20,CO,白城,0.95
20201111,20,CO_24h,白城,0.4
20201111,21,AQI,白城,70.0
20201111,21,PM2.5,白城,46.0
20201111,21,PM2.5_24h,白城,26.0
20201111,21,PM10,白城,90.0
20201111,21,PM10_24h,白城,51.0
20201111,21,SO2,白城,15.0
20201111,21,SO2_24h,白城,10.0
20201111,21,NO2,白城,35.0
20201111,21,NO2_24h,白城,26.0
20201111,21,O3,白城,33.0
20201111,21,O3_24h,白城,51.0
20201111,21,O3_8h,白城,41.0
20201111,21,O3_8h_24h,白城,44.0
20201111,21,CO,白城,0.95
20201111,21,CO_24h,白城,0.45
20201111,22,AQI,白城,76.0
20201111,22,PM2.5,白城,53.0
20201111,22,PM2.5_24h,白城,27.0
20201111,22,PM10,白城,101.0
20201111,22,PM10_24h,白城,53.0
20201111,22,SO2,白城,14.0
20201111,22,SO2_24h,白城,10.0
20201111,22,NO2,白城,33.0
20201111,22,NO2_24h,白城,26.0
20201111,22,O3,白城,33.0
20201111,22,O3_24h,白城,51.0
20201111,22,O3_8h,白城,39.0
20201111,22,O3_8h_24h,白城,44.0
20201111,22,CO,白城,0.9
20201111,22,CO_24h,白城,0.45
20201111,23,AQI,白城,79.0
20201111,23,PM2.5,白城,58.0
20201111,23,PM2.5_24h,白城,28.0
20201111,23,PM10,白城,102.0
20201111,23,PM10_24h,白城,55.0
20201111,23,SO2,白城,14.0
20201111,23,SO2_24h,白城,10.0
20201111,23,NO2,白城,31.0
20201111,23,NO2_24h,白城,26.0
20201111,23,O3,白城,35.0
20201111,23,O3_24h,白城,51.0
20201111,23,O3_8h,白城,37.0
20201111,23,O3_8h_24h,白城,44.0
20201111,23,CO,白城,0.9
20201111,23,CO_24h,白城,0.5
20201111,0,AQI,延边州,30.0
20201111,0,PM2.5,延边州,16.0
20201111,0,PM2.5_24h,延边州,15.0
20201111,0,PM10,延边州,30.0
20201111,0,PM10_24h,延边州,28.0
20201111,0,SO2,延边州,7.0
20201111,0,SO2_24h,延边州,8.0
20201111,0,NO2,延边州,15.0
20201111,0,NO2_24h,延边州,15.0
20201111,0,O3,延边州,38.0
20201111,0,O3_24h,延边州,68.0
20201111,0,O3_8h,延边州,36.0
20201111,0,O3_8h_24h,延边州,63.0
20201111,0,CO,延边州,0.47
20201111,0,CO_24h,延边州,0.53
20201111,1,AQI,延边州,23.0
20201111,1,PM2.5,延边州,15.0
20201111,1,PM2.5_24h,延边州,15.0
20201111,1,PM10,延边州,23.0
20201111,1,PM10_24h,延边州,28.0
20201111,1,SO2,延边州,7.0
20201111,1,SO2_24h,延边州,8.0
20201111,1,NO2,延边州,16.0
20201111,1,NO2_24h,延边州,15.0
20201111,1,O3,延边州,37.0
20201111,1,O3_24h,延边州,68.0
20201111,1,O3_8h,延边州,37.0
20201111,1,O3_8h_24h,延边州,37.0
20201111,1,CO,延边州,0.47
20201111,1,CO_24h,延边州,0.53
20201111,2,AQI,延边州,30.0
20201111,2,PM2.5,延边州,21.0
20201111,2,PM2.5_24h,延边州,15.0
20201111,2,PM10,延边州,23.0
20201111,2,PM10_24h,延边州,29.0
20201111,2,SO2,延边州,11.0
20201111,2,SO2_24h,延边州,8.0
20201111,2,NO2,延边州,16.0
20201111,2,NO2_24h,延边州,15.0
20201111,2,O3,延边州,35.0
20201111,2,O3_24h,延边州,68.0
20201111,2,O3_8h,延边州,36.0
20201111,2,O3_8h_24h,延边州,38.0
20201111,2,CO,延边州,0.5
20201111,2,CO_24h,延边州,0.53
20201111,3,AQI,延边州,27.0
20201111,3,PM2.5,延边州,16.0
20201111,3,PM2.5_24h,延边州,15.0
20201111,3,PM10,延边州,27.0
20201111,3,PM10_24h,延边州,29.0
20201111,3,SO2,延边州,9.0
20201111,3,SO2_24h,延边州,8.0
20201111,3,NO2,延边州,13.0
20201111,3,NO2_24h,延边州,15.0
20201111,3,O3,延边州,35.0
20201111,3,O3_24h,延边州,68.0
20201111,3,O3_8h,延边州,35.0
20201111,3,O3_8h_24h,延边州,38.0
20201111,3,CO,延边州,0.47
20201111,3,CO_24h,延边州,0.53
20201111,4,AQI,延边州,20.0
20201111,4,PM2.5,延边州,13.0
20201111,4,PM2.5_24h,延边州,16.0
20201111,4,PM10,延边州,20.0
20201111,4,PM10_24h,延边州,29.0
20201111,4,SO2,延边州,16.0
20201111,4,SO2_24h,延边州,9.0
20201111,4,NO2,延边州,22.0
20201111,4,NO2_24h,延边州,16.0
20201111,4,O3,延边州,25.0
20201111,4,O3_24h,延边州,68.0
20201111,4,O3_8h,延边州,33.0
20201111,4,O3_8h_24h,延边州,38.0
20201111,4,CO,延边州,0.5
20201111,4,CO_24h,延边州,0.53
20201111,5,AQI,延边州,21.0
20201111,5,PM2.5,延边州,15.0
20201111,5,PM2.5_24h,延边州,16.0
20201111,5,PM10,延边州,20.0
20201111,5,PM10_24h,延边州,29.0
20201111,5,SO2,延边州,9.0
20201111,5,SO2_24h,延边州,9.0
20201111,5,NO2,延边州,19.0
20201111,5,NO2_24h,延边州,17.0
20201111,5,O3,延边州,26.0
20201111,5,O3_24h,延边州,68.0
20201111,5,O3_8h,延边州,32.0
20201111,5,O3_8h_24h,延边州,38.0
20201111,5,CO,延边州,0.47
20201111,5,CO_24h,延边州,0.53
20201111,6,AQI,延边州,26.0
20201111,6,PM2.5,延边州,18.0
20201111,6,PM2.5_24h,延边州,16.0
20201111,6,PM10,延边州,26.0
20201111,6,PM10_24h,延边州,29.0
20201111,6,SO2,延边州,24.0
20201111,6,SO2_24h,延边州,9.0
20201111,6,NO2,延边州,28.0
20201111,6,NO2_24h,延边州,17.0
20201111,6,O3,延边州,19.0
20201111,6,O3_24h,延边州,68.0
20201111,6,O3_8h,延边州,29.0
20201111,6,O3_8h_24h,延边州,38.0
20201111,6,CO,延边州,0.47
20201111,6,CO_24h,延边州,0.53
20201111,8,AQI,延边州,49.0
20201111,8,PM2.5,延边州,34.0
20201111,8,PM2.5_24h,延边州,18.0
20201111,8,PM10,延边州,47.0
20201111,8,PM10_24h,延边州,29.0
20201111,8,SO2,延边州,27.0
20201111,8,SO2_24h,延边州,10.0
20201111,8,NO2,延边州,31.0
20201111,8,NO2_24h,延边州,18.0
20201111,8,O3,延边州,17.0
20201111,8,O3_24h,延边州,68.0
20201111,8,O3_8h,延边州,26.0
20201111,8,O3_8h_24h,延边州,38.0
20201111,8,CO,延边州,0.67
20201111,8,CO_24h,延边州,0.57
20201111,10,AQI,延边州,50.0
20201111,10,PM2.5,延边州,28.0
20201111,10,PM2.5_24h,延边州,19.0
20201111,10,PM10,延边州,50.0
20201111,10,PM10_24h,延边州,32.0
20201111,10,SO2,延边州,32.0
20201111,10,SO2_24h,延边州,12.0
20201111,10,NO2,延边州,39.0
20201111,10,NO2_24h,延边州,21.0
20201111,10,O3,延边州,33.0
20201111,10,O3_24h,延边州,68.0
20201111,10,O3_8h,延边州,24.0
20201111,10,O3_8h_24h,延边州,38.0
20201111,10,CO,延边州,0.7
20201111,10,CO_24h,延边州,0.57
20201111,11,AQI,延边州,53.0
20201111,11,PM2.5,延边州,18.0
20201111,11,PM2.5_24h,延边州,20.0
20201111,11,PM10,延边州,55.0
20201111,11,PM10_24h,延边州,33.0
20201111,11,SO2,延边州,17.0
20201111,11,SO2_24h,延边州,13.0
20201111,11,NO2,延边州,23.0
20201111,11,NO2_24h,延边州,22.0
20201111,11,O3,延边州,55.0
20201111,11,O3_24h,延边州,68.0
20201111,11,O3_8h,延边州,27.0
20201111,11,O3_8h_24h,延边州,38.0
20201111,11,CO,延边州,0.57
20201111,11,CO_24h,延边州,0.57
20201111,12,AQI,延边州,35.0
20201111,12,PM2.5,延边州,14.0
20201111,12,PM2.5_24h,延边州,20.0
20201111,12,PM10,延边州,35.0
20201111,12,PM10_24h,延边州,33.0
20201111,12,SO2,延边州,16.0
20201111,12,SO2_24h,延边州,13.0
20201111,12,NO2,延边州,18.0
20201111,12,NO2_24h,延边州,22.0
20201111,12,O3,延边州,66.0
20201111,12,O3_24h,延边州,68.0
20201111,12,O3_8h,延边州,32.0
20201111,12,O3_8h_24h,延边州,40.0
20201111,12,CO,延边州,0.5
20201111,12,CO_24h,延边州,0.53
20201111,13,AQI,延边州,27.0
20201111,13,PM2.5,延边州,14.0
20201111,13,PM2.5_24h,延边州,21.0
20201111,13,PM10,延边州,27.0
20201111,13,PM10_24h,延边州,33.0
20201111,13,SO2,延边州,12.0
20201111,13,SO2_24h,延边州,14.0
20201111,13,NO2,延边州,17.0
20201111,13,NO2_24h,延边州,22.0
20201111,13,O3,延边州,71.0
20201111,13,O3_24h,延边州,71.0
20201111,13,O3_8h,延边州,37.0
20201111,13,O3_8h_24h,延边州,42.0
20201111,13,CO,延边州,0.47
20201111,13,CO_24h,延边州,0.53
20201111,14,AQI,延边州,28.0
20201111,14,PM2.5,延边州,13.0
20201111,14,PM2.5_24h,延边州,21.0
20201111,14,PM10,延边州,28.0
20201111,14,PM10_24h,延边州,33.0
20201111,14,SO2,延边州,10.0
20201111,14,SO2_24h,延边州,14.0
20201111,14,NO2,延边州,16.0
20201111,14,NO2_24h,延边州,23.0
20201111,14,O3,延边州,76.0
20201111,14,O3_24h,延边州,76.0
20201111,14,O3_8h,延边州,45.0
20201111,14,O3_8h_24h,延边州,45.0
20201111,14,CO,延边州,0.43
20201111,14,CO_24h,延边州,0.53
20201111,15,AQI,延边州,35.0
20201111,15,PM2.5,延边州,14.0
20201111,15,PM2.5_24h,延边州,21.0
20201111,15,PM10,延边州,35.0
20201111,15,PM10_24h,延边州,33.0
20201111,15,SO2,延边州,10.0
20201111,15,SO2_24h,延边州,14.0
20201111,15,NO2,延边州,22.0
20201111,15,NO2_24h,延边州,24.0
20201111,15,O3,延边州,70.0
20201111,15,O3_24h,延边州,76.0
20201111,15,O3_8h,延边州,52.0
20201111,15,O3_8h_24h,延边州,52.0
20201111,15,CO,延边州,0.43
20201111,15,CO_24h,延边州,0.53
20201111,16,AQI,延边州,46.0
20201111,16,PM2.5,延边州,25.0
20201111,16,PM2.5_24h,延边州,21.0
20201111,16,PM10,延边州,46.0
20201111,16,PM10_24h,延边州,34.0
20201111,16,SO2,延边州,10.0
20201111,16,SO2_24h,延边州,14.0
20201111,16,NO2,延边州,28.0
20201111,16,NO2_24h,延边州,24.0
20201111,16,O3,延边州,60.0
20201111,16,O3_24h,延边州,76.0
20201111,16,O3_8h,延边州,57.0
20201111,16,O3_8h_24h,延边州,57.0
20201111,16,CO,延边州,0.5
20201111,16,CO_24h,延边州,0.53
20201111,17,AQI,延边州,55.0
20201111,17,PM2.5,延边州,32.0
20201111,17,PM2.5_24h,延边州,22.0
20201111,17,PM10,延边州,59.0
20201111,17,PM10_24h,延边州,36.0
20201111,17,SO2,延边州,11.0
20201111,17,SO2_24h,延边州,14.0
20201111,17,NO2,延边州,42.0
20201111,17,NO2_24h,延边州,25.0
20201111,17,O3,延边州,41.0
20201111,17,O3_24h,延边州,76.0
20201111,17,O3_8h,延边州,59.0
20201111,17,O3_8h_24h,延边州,60.0
20201111,17,CO,延边州,0.57
20201111,17,CO_24h,延边州,0.53
20201111,18,AQI,延边州,101.0
20201111,18,PM2.5,延边州,76.0
20201111,18,PM2.5_24h,延边州,23.0
20201111,18,PM10,延边州,80.0
20201111,18,PM10_24h,延边州,37.0
20201111,18,SO2,延边州,10.0
20201111,18,SO2_24h,延边州,15.0
20201111,18,NO2,延边州,50.0
20201111,18,NO2_24h,延边州,26.0
20201111,18,O3,延边州,30.0
20201111,18,O3_24h,延边州,76.0
20201111,18,O3_8h,延边州,59.0
20201111,18,O3_8h_24h,延边州,61.0
20201111,18,CO,延边州,0.83
20201111,18,CO_24h,延边州,0.57
20201111,19,AQI,延边州,88.0
20201111,19,PM2.5,延边州,65.0
20201111,19,PM2.5_24h,延边州,24.0
20201111,19,PM10,延边州,106.0
20201111,19,PM10_24h,延边州,38.0
20201111,19,SO2,延边州,11.0
20201111,19,SO2_24h,延边州,15.0
20201111,19,NO2,延边州,50.0
20201111,19,NO2_24h,延边州,27.0
20201111,19,O3,延边州,17.0
20201111,19,O3_24h,延边州,76.0
20201111,19,O3_8h,延边州,56.0
20201111,19,O3_8h_24h,延边州,61.0
20201111,19,CO,延边州,0.83
20201111,19,CO_24h,延边州,0.57
20201111,20,AQI,延边州,104.0
20201111,20,PM2.5,延边州,78.0
20201111,20,PM2.5_24h,延边州,26.0
20201111,20,PM10,延边州,83.0
20201111,20,PM10_24h,延边州,40.0
20201111,20,SO2,延边州,12.0
20201111,20,SO2_24h,延边州,14.0
20201111,20,NO2,延边州,42.0
20201111,20,NO2_24h,延边州,27.0
20201111,20,O3,延边州,21.0
20201111,20,O3_24h,延边州,76.0
20201111,20,O3_8h,延边州,50.0
20201111,20,O3_8h_24h,延边州,61.0
20201111,20,CO,延边州,0.9
20201111,20,CO_24h,延边州,0.53
20201111,21,AQI,延边州,73.0
20201111,21,PM2.5,延边州,53.0
20201111,21,PM2.5_24h,延边州,27.0
20201111,21,PM10,延边州,75.0
20201111,21,PM10_24h,延边州,42.0
20201111,21,SO2,延边州,10.0
20201111,21,SO2_24h,延边州,14.0
20201111,21,NO2,延边州,41.0
20201111,21,NO2_24h,延边州,28.0
20201111,21,O3,延边州,17.0
20201111,21,O3_24h,延边州,76.0
20201111,21,O3_8h,延边州,43.0
20201111,21,O3_8h_24h,延边州,61.0
20201111,21,CO,延边州,0.93
20201111,21,CO_24h,延边州,0.6
20201111,22,AQI,延边州,58.0
20201111,22,PM2.5,延边州,32.0
20201111,22,PM2.5_24h,延边州,27.0
20201111,22,PM10,延边州,65.0
20201111,22,PM10_24h,延边州,44.0
20201111,22,SO2,延边州,10.0
20201111,22,SO2_24h,延边州,14.0
20201111,22,NO2,延边州,34.0
20201111,22,NO2_24h,延边州,28.0
20201111,22,O3,延边州,19.0
20201111,22,O3_24h,延边州,76.0
20201111,22,O3_8h,延边州,35.0
20201111,22,O3_8h_24h,延边州,61.0
20201111,22,CO,延边州,0.8
20201111,22,CO_24h,延边州,0.6
20201111,23,AQI,延边州,52.0
20201111,23,PM2.5,延边州,25.0
20201111,23,PM2.5_24h,延边州,28.0
20201111,23,PM10,延边州,54.0
20201111,23,PM10_24h,延边州,44.0
20201111,23,SO2,延边州,8.0
20201111,23,SO2_24h,延边州,14.0
20201111,23,NO2,延边州,27.0
20201111,23,NO2_24h,延边州,28.0
20201111,23,O3,延边州,20.0
20201111,23,O3_24h,延边州,76.0
20201111,23,O3_8h,延边州,29.0
20201111,23,O3_8h_24h,延边州,61.0
20201111,23,CO,延边州,0.67
20201111,23,CO_24h,延边州,0.6
20201111,0,AQI,鸡西,42.0
20201111,0,PM2.5,鸡西,22.0
20201111,0,PM2.5_24h,鸡西,13.0
20201111,0,PM10,鸡西,42.0
20201111,0,PM10_24h,鸡西,29.0
20201111,0,SO2,鸡西,7.0
20201111,0,SO2_24h,鸡西,4.0
20201111,0,NO2,鸡西,31.0
20201111,0,NO2_24h,鸡西,25.0
20201111,0,O3,鸡西,32.0
20201111,0,O3_24h,鸡西,55.0
20201111,0,O3_8h,鸡西,35.0
20201111,0,O3_8h_24h,鸡西,51.0
20201111,0,CO,鸡西,0.47
20201111,0,CO_24h,鸡西,0.3
20201111,1,AQI,鸡西,42.0
20201111,1,PM2.5,鸡西,19.0
20201111,1,PM2.5_24h,鸡西,13.0
20201111,1,PM10,鸡西,42.0
20201111,1,PM10_24h,鸡西,28.0
20201111,1,SO2,鸡西,7.0
20201111,1,SO2_24h,鸡西,4.0
20201111,1,NO2,鸡西,29.0
20201111,1,NO2_24h,鸡西,25.0
20201111,1,O3,鸡西,33.0
20201111,1,O3_24h,鸡西,55.0
20201111,1,O3_8h,鸡西,33.0
20201111,1,O3_8h_24h,鸡西,33.0
20201111,1,CO,鸡西,0.43
20201111,1,CO_24h,鸡西,0.3
20201111,2,AQI,鸡西,36.0
20201111,2,PM2.5,鸡西,21.0
20201111,2,PM2.5_24h,鸡西,13.0
20201111,2,PM10,鸡西,36.0
20201111,2,PM10_24h,鸡西,29.0
20201111,2,SO2,鸡西,9.0
20201111,2,SO2_24h,鸡西,4.0
20201111,2,NO2,鸡西,36.0
20201111,2,NO2_24h,鸡西,26.0
20201111,2,O3,鸡西,28.0
20201111,2,O3_24h,鸡西,55.0
20201111,2,O3_8h,鸡西,30.0
20201111,2,O3_8h_24h,鸡西,34.0
20201111,2,CO,鸡西,0.43
20201111,2,CO_24h,鸡西,0.3
20201111,3,AQI,鸡西,38.0
20201111,3,PM2.5,鸡西,23.0
20201111,3,PM2.5_24h,鸡西,14.0
20201111,3,PM10,鸡西,38.0
20201111,3,PM10_24h,鸡西,30.0
20201111,3,SO2,鸡西,10.0
20201111,3,SO2_24h,鸡西,4.0
20201111,3,NO2,鸡西,40.0
20201111,3,NO2_24h,鸡西,27.0
20201111,3,O3,鸡西,21.0
20201111,3,O3_24h,鸡西,55.0
20201111,3,O3_8h,鸡西,27.0
20201111,3,O3_8h_24h,鸡西,34.0
20201111,3,CO,鸡西,0.47
20201111,3,CO_24h,鸡西,0.33
20201111,4,AQI,鸡西,45.0
20201111,4,PM2.5,鸡西,24.0
20201111,4,PM2.5_24h,鸡西,15.0
20201111,4,PM10,鸡西,45.0
20201111,4,PM10_24h,鸡西,31.0
20201111,4,SO2,鸡西,8.0
20201111,4,SO2_24h,鸡西,5.0
20201111,4,NO2,鸡西,41.0
20201111,4,NO2_24h,鸡西,28.0
20201111,4,O3,鸡西,16.0
20201111,4,O3_24h,鸡西,55.0
20201111,4,O3_8h,鸡西,25.0
20201111,4,O3_8h_24h,鸡西,34.0
20201111,4,CO,鸡西,0.6
20201111,4,CO_24h,鸡西,0.33
20201111,5,AQI,鸡西,48.0
20201111,5,PM2.5,鸡西,28.0
20201111,5,PM2.5_24h,鸡西,15.0
20201111,5,PM10,鸡西,48.0
20201111,5,PM10_24h,鸡西,32.0
20201111,5,SO2,鸡西,7.0
20201111,5,SO2_24h,鸡西,5.0
20201111,5,NO2,鸡西,32.0
20201111,5,NO2_24h,鸡西,28.0
20201111,5,O3,鸡西,20.0
20201111,5,O3_24h,鸡西,55.0
20201111,5,O3_8h,鸡西,23.0
20201111,5,O3_8h_24h,鸡西,34.0
20201111,5,CO,鸡西,0.57
20201111,5,CO_24h,鸡西,0.4
20201111,6,AQI,鸡西,48.0
20201111,6,PM2.5,鸡西,26.0
20201111,6,PM2.5_24h,鸡西,16.0
20201111,6,PM10,鸡西,48.0
20201111,6,PM10_24h,鸡西,33.0
20201111,6,SO2,鸡西,5.0
20201111,6,SO2_24h,鸡西,5.0
20201111,6,NO2,鸡西,31.0
20201111,6,NO2_24h,鸡西,28.0
20201111,6,O3,鸡西,17.0
20201111,6,O3_24h,鸡西,55.0
20201111,6,O3_8h,鸡西,22.0
20201111,6,O3_8h_24h,鸡西,34.0
20201111,6,CO,鸡西,0.6
20201111,6,CO_24h,鸡西,0.4
20201111,8,AQI,鸡西,56.0
20201111,8,PM2.5,鸡西,39.0
20201111,8,PM2.5_24h,鸡西,18.0
20201111,8,PM10,鸡西,62.0
20201111,8,PM10_24h,鸡西,35.0
20201111,8,SO2,鸡西,9.0
20201111,8,SO2_24h,鸡西,5.0
20201111,8,NO2,鸡西,34.0
20201111,8,NO2_24h,鸡西,29.0
20201111,8,O3,鸡西,16.0
20201111,8,O3_24h,鸡西,55.0
20201111,8,O3_8h,鸡西,20.0
20201111,8,O3_8h_24h,鸡西,34.0
20201111,8,CO,鸡西,0.67
20201111,8,CO_24h,鸡西,0.4
20201111,10,AQI,鸡西,62.0
20201111,10,PM2.5,鸡西,35.0
20201111,10,PM2.5_24h,鸡西,20.0
20201111,10,PM10,鸡西,74.0
20201111,10,PM10_24h,鸡西,39.0
20201111,10,SO2,鸡西,12.0
20201111,10,SO2_24h,鸡西,6.0
20201111,10,NO2,鸡西,32.0
20201111,10,NO2_24h,鸡西,31.0
20201111,10,O3,鸡西,29.0
20201111,10,O3_24h,鸡西,55.0
20201111,10,O3_8h,鸡西,19.0
20201111,10,O3_8h_24h,鸡西,34.0
20201111,10,CO,鸡西,0.57
20201111,10,CO_24h,鸡西,0.4
20201111,11,AQI,鸡西,62.0
20201111,11,PM2.5,鸡西,35.0
20201111,11,PM2.5_24h,鸡西,21.0
20201111,11,PM10,鸡西,74.0
20201111,11,PM10_24h,鸡西,41.0
20201111,11,SO2,鸡西,10.0
20201111,11,SO2_24h,鸡西,6.0
20201111,11,NO2,鸡西,31.0
20201111,11,NO2_24h,鸡西,31.0
20201111,11,O3,鸡西,31.0
20201111,11,O3_24h,鸡西,55.0
20201111,11,O3_8h,鸡西,21.0
20201111,11,O3_8h_24h,鸡西,34.0
20201111,11,CO,鸡西,0.45
20201111,11,CO_24h,鸡西,0.43
20201111,12,AQI,鸡西,63.0
20201111,12,PM2.5,鸡西,36.0
20201111,12,PM2.5_24h,鸡西,22.0
20201111,12,PM10,鸡西,76.0
20201111,12,PM10_24h,鸡西,43.0
20201111,12,SO2,鸡西,8.0
20201111,12,SO2_24h,鸡西,6.0
20201111,12,NO2,鸡西,29.0
20201111,12,NO2_24h,鸡西,32.0
20201111,12,O3,鸡西,38.0
20201111,12,O3_24h,鸡西,55.0
20201111,12,O3_8h,鸡西,23.0
20201111,12,O3_8h_24h,鸡西,35.0
20201111,12,CO,鸡西,0.4
20201111,12,CO_24h,鸡西,0.47
20201111,13,AQI,鸡西,60.0
20201111,13,PM2.5,鸡西,34.0
20201111,13,PM2.5_24h,鸡西,23.0
20201111,13,PM10,鸡西,69.0
20201111,13,PM10_24h,鸡西,45.0
20201111,13,SO2,鸡西,12.0
20201111,13,SO2_24h,鸡西,7.0
20201111,13,NO2,鸡西,29.0
20201111,13,NO2_24h,鸡西,32.0
20201111,13,O3,鸡西,41.0
20201111,13,O3_24h,鸡西,54.0
20201111,13,O3_8h,鸡西,26.0
20201111,13,O3_8h_24h,鸡西,36.0
20201111,13,CO,鸡西,0.4
20201111,13,CO_24h,鸡西,0.5
20201111,14,AQI,鸡西,58.0
20201111,14,PM2.5,鸡西,33.0
20201111,14,PM2.5_24h,鸡西,25.0
20201111,14,PM10,鸡西,66.0
20201111,14,PM10_24h,鸡西,47.0
20201111,14,SO2,鸡西,10.0
20201111,14,SO2_24h,鸡西,7.0
20201111,14,NO2,鸡西,31.0
20201111,14,NO2_24h,鸡西,33.0
20201111,14,O3,鸡西,40.0
20201111,14,O3_24h,鸡西,50.0
20201111,14,O3_8h,鸡西,29.0
20201111,14,O3_8h_24h,鸡西,37.0
20201111,14,CO,鸡西,0.4
20201111,14,CO_24h,鸡西,0.5
20201111,15,AQI,鸡西,57.0
20201111,15,PM2.5,鸡西,31.0
20201111,15,PM2.5_24h,鸡西,25.0
20201111,15,PM10,鸡西,64.0
20201111,15,PM10_24h,鸡西,48.0
20201111,15,SO2,鸡西,6.0
20201111,15,SO2_24h,鸡西,7.0
20201111,15,NO2,鸡西,33.0
20201111,15,NO2_24h,鸡西,33.0
20201111,15,O3,鸡西,39.0
20201111,15,O3_24h,鸡西,49.0
20201111,15,O3_8h,鸡西,32.0
20201111,15,O3_8h_24h,鸡西,37.0
20201111,15,CO,鸡西,0.33
20201111,15,CO_24h,鸡西,0.5
20201111,16,AQI,鸡西,57.0
20201111,16,PM2.5,鸡西,31.0
20201111,16,PM2.5_24h,鸡西,26.0
20201111,16,PM10,鸡西,64.0
20201111,16,PM10_24h,鸡西,50.0
20201111,16,SO2,鸡西,10.0
20201111,16,SO2_24h,鸡西,7.0
20201111,16,NO2,鸡西,46.0
20201111,16,NO2_24h,鸡西,34.0
20201111,16,O3,鸡西,27.0
20201111,16,O3_24h,鸡西,47.0
20201111,16,O3_8h,鸡西,34.0
20201111,16,O3_8h_24h,鸡西,38.0
20201111,16,CO,鸡西,0.5
20201111,16,CO_24h,鸡西,0.5
20201111,17,AQI,鸡西,65.0
20201111,17,PM2.5,鸡西,42.0
20201111,17,PM2.5_24h,鸡西,27.0
20201111,17,PM10,鸡西,79.0
20201111,17,PM10_24h,鸡西,52.0
20201111,17,SO2,鸡西,17.0
20201111,17,SO2_24h,鸡西,8.0
20201111,17,NO2,鸡西,65.0
20201111,17,NO2_24h,鸡西,36.0
20201111,17,O3,鸡西,15.0
20201111,17,O3_24h,鸡西,44.0
20201111,17,O3_8h,鸡西,33.0
20201111,17,O3_8h_24h,鸡西,38.0
20201111,17,CO,鸡西,0.9
20201111,17,CO_24h,鸡西,0.5
20201111,18,AQI,鸡西,84.0
20201111,18,PM2.5,鸡西,50.0
20201111,18,PM2.5_24h,鸡西,28.0
20201111,18,PM10,鸡西,117.0
20201111,18,PM10_24h,鸡西,56.0
20201111,18,SO2,鸡西,14.0
20201111,18,SO2_24h,鸡西,8.0
20201111,18,NO2,鸡西,63.0
20201111,18,NO2_24h,鸡西,37.0
20201111,18,O3,鸡西,16.0
20201111,18,O3_24h,鸡西,43.0
20201111,18,O3_8h,鸡西,31.0
20201111,18,O3_8h_24h,鸡西,38.0
20201111,18,CO,鸡西,1.13
20201111,18,CO_24h,鸡西,0.53
20201111,19,AQI,鸡西,144.0
20201111,19,PM2.5,鸡西,110.0
20201111,19,PM2.5_24h,鸡西,32.0
20201111,19,PM10,鸡西,162.0
20201111,19,PM10_24h,鸡西,61.0
20201111,19,SO2,鸡西,12.0
20201111,19,SO2_24h,鸡西,9.0
20201111,19,NO2,鸡西,57.0
20201111,19,NO2_24h,鸡西,38.0
20201111,19,O3,鸡西,15.0
20201111,19,O3_24h,鸡西,43.0
20201111,19,O3_8h,鸡西,29.0
20201111,19,O3_8h_24h,鸡西,38.0
20201111,19,CO,鸡西,1.17
20201111,19,CO_24h,鸡西,0.53
20201111,20,AQI,鸡西,133.0
20201111,20,PM2.5,鸡西,101.0
20201111,20,PM2.5_24h,鸡西,36.0
20201111,20,PM10,鸡西,165.0
20201111,20,PM10_24h,鸡西,66.0
20201111,20,SO2,鸡西,17.0
20201111,20,SO2_24h,鸡西,9.0
20201111,20,NO2,鸡西,57.0
20201111,20,NO2_24h,鸡西,39.0
20201111,20,O3,鸡西,14.0
20201111,20,O3_24h,鸡西,43.0
20201111,20,O3_8h,鸡西,26.0
20201111,20,O3_8h_24h,鸡西,38.0
20201111,20,CO,鸡西,1.77
20201111,20,CO_24h,鸡西,0.6
20201111,21,AQI,鸡西,140.0
20201111,21,PM2.5,鸡西,107.0
20201111,21,PM2.5_24h,鸡西,40.0
20201111,21,PM10,鸡西,174.0
20201111,21,PM10_24h,鸡西,72.0
20201111,21,SO2,鸡西,14.0
20201111,21,SO2_24h,鸡西,10.0
20201111,21,NO2,鸡西,52.0
20201111,21,NO2_24h,鸡西,40.0
20201111,21,O3,鸡西,12.0
20201111,21,O3_24h,鸡西,43.0
20201111,21,O3_8h,鸡西,22.0
20201111,21,O3_8h_24h,鸡西,38.0
20201111,21,CO,鸡西,1.63
20201111,21,CO_24h,鸡西,0.7
20201111,22,AQI,鸡西,144.0
20201111,22,PM2.5,鸡西,110.0
20201111,22,PM2.5_24h,鸡西,44.0
20201111,22,PM10,鸡西,171.0
20201111,22,PM10_24h,鸡西,78.0
20201111,22,SO2,鸡西,17.0
20201111,22,SO2_24h,鸡西,10.0
20201111,22,NO2,鸡西,52.0
20201111,22,NO2_24h,鸡西,40.0
20201111,22,O3,鸡西,14.0
20201111,22,O3_24h,鸡西,43.0
20201111,22,O3_8h,鸡西,19.0
20201111,22,O3_8h_24h,鸡西,38.0
20201111,22,CO,鸡西,2.1
20201111,22,CO_24h,鸡西,0.77
20201111,23,AQI,鸡西,159.0
20201111,23,PM2.5,鸡西,121.0
20201111,23,PM2.5_24h,鸡西,48.0
20201111,23,PM10,鸡西,191.0
20201111,23,PM10_24h,鸡西,85.0
20201111,23,SO2,鸡西,16.0
20201111,23,SO2_24h,鸡西,11.0
20201111,23,NO2,鸡西,51.0
20201111,23,NO2_24h,鸡西,41.0
20201111,23,O3,鸡西,13.0
20201111,23,O3_24h,鸡西,43.0
20201111,23,O3_8h,鸡西,16.0
20201111,23,O3_8h_24h,鸡西,38.0
20201111,23,CO,鸡西,2.17
20201111,23,CO_24h,鸡西,0.8
20201111,0,AQI,鹤岗,60.0
20201111,0,PM2.5,鹤岗,39.0
20201111,0,PM2.5_24h,鹤岗,21.0
20201111,0,PM10,鹤岗,69.0
20201111,0,PM10_24h,鹤岗,48.0
20201111,0,SO2,鹤岗,9.0
20201111,0,SO2_24h,鹤岗,12.0
20201111,0,NO2,鹤岗,29.0
20201111,0,NO2_24h,鹤岗,21.0
20201111,0,O3,鹤岗,16.0
20201111,0,O3_24h,鹤岗,62.0
20201111,0,O3_8h,鹤岗,21.0
20201111,0,O3_8h_24h,鹤岗,48.0
20201111,0,CO,鹤岗,1.23
20201111,0,CO_24h,鹤岗,0.6
20201111,1,AQI,鹤岗,74.0
20201111,1,PM2.5,鹤岗,36.0
20201111,1,PM2.5_24h,鹤岗,22.0
20201111,1,PM10,鹤岗,97.0
20201111,1,PM10_24h,鹤岗,50.0
20201111,1,SO2,鹤岗,12.0
20201111,1,SO2_24h,鹤岗,12.0
20201111,1,NO2,鹤岗,30.0
20201111,1,NO2_24h,鹤岗,22.0
20201111,1,O3,鹤岗,14.0
20201111,1,O3_24h,鹤岗,62.0
20201111,1,O3_8h,鹤岗,14.0
20201111,1,O3_8h_24h,鹤岗,14.0
20201111,1,CO,鹤岗,1.43
20201111,1,CO_24h,鹤岗,0.63
20201111,2,AQI,鹤岗,57.0
20201111,2,PM2.5,鹤岗,34.0
20201111,2,PM2.5_24h,鹤岗,23.0
20201111,2,PM10,鹤岗,63.0
20201111,2,PM10_24h,鹤岗,52.0
20201111,2,SO2,鹤岗,12.0
20201111,2,SO2_24h,鹤岗,12.0
20201111,2,NO2,鹤岗,29.0
20201111,2,NO2_24h,鹤岗,23.0
20201111,2,O3,鹤岗,18.0
20201111,2,O3_24h,鹤岗,62.0
20201111,2,O3_8h,鹤岗,16.0
20201111,2,O3_8h_24h,鹤岗,17.0
20201111,2,CO,鹤岗,1.33
20201111,2,CO_24h,鹤岗,0.7
20201111,3,AQI,鹤岗,42.0
20201111,3,PM2.5,鹤岗,28.0
20201111,3,PM2.5_24h,鹤岗,24.0
20201111,3,PM10,鹤岗,42.0
20201111,3,PM10_24h,鹤岗,52.0
20201111,3,SO2,鹤岗,12.0
20201111,3,SO2_24h,鹤岗,12.0
20201111,3,NO2,鹤岗,22.0
20201111,3,NO2_24h,鹤岗,23.0
20201111,3,O3,鹤岗,25.0
20201111,3,O3_24h,鹤岗,62.0
20201111,3,O3_8h,鹤岗,19.0
20201111,3,O3_8h_24h,鹤岗,20.0
20201111,3,CO,鹤岗,0.77
20201111,3,CO_24h,鹤岗,0.7
20201111,4,AQI,鹤岗,36.0
20201111,4,PM2.5,鹤岗,25.0
20201111,4,PM2.5_24h,鹤岗,24.0
20201111,4,PM10,鹤岗,36.0
20201111,4,PM10_24h,鹤岗,52.0
20201111,4,SO2,鹤岗,12.0
20201111,4,SO2_24h,鹤岗,12.0
20201111,4,NO2,鹤岗,21.0
20201111,4,NO2_24h,鹤岗,24.0
20201111,4,O3,鹤岗,26.0
20201111,4,O3_24h,鹤岗,62.0
20201111,4,O3_8h,鹤岗,21.0
20201111,4,O3_8h_24h,鹤岗,22.0
20201111,4,CO,鹤岗,0.6
20201111,4,CO_24h,鹤岗,0.7
20201111,5,AQI,鹤岗,40.0
20201111,5,PM2.5,鹤岗,23.0
20201111,5,PM2.5_24h,鹤岗,24.0
20201111,5,PM10,鹤岗,40.0
20201111,5,PM10_24h,鹤岗,53.0
20201111,5,SO2,鹤岗,11.0
20201111,5,SO2_24h,鹤岗,13.0
20201111,5,NO2,鹤岗,24.0
20201111,5,NO2_24h,鹤岗,25.0
20201111,5,O3,鹤岗,22.0
20201111,5,O3_24h,鹤岗,62.0
20201111,5,O3_8h,鹤岗,21.0
20201111,5,O3_8h_24h,鹤岗,22.0
20201111,5,CO,鹤岗,0.8
20201111,5,CO_24h,鹤岗,0.73
20201111,6,AQI,鹤岗,46.0
20201111,6,PM2.5,鹤岗,28.0
20201111,6,PM2.5_24h,鹤岗,25.0
20201111,6,PM10,鹤岗,46.0
20201111,6,PM10_24h,鹤岗,54.0
20201111,6,SO2,鹤岗,13.0
20201111,6,SO2_24h,鹤岗,13.0
20201111,6,NO2,鹤岗,29.0
20201111,6,NO2_24h,鹤岗,25.0
20201111,6,O3,鹤岗,17.0
20201111,6,O3_24h,鹤岗,62.0
20201111,6,O3_8h,鹤岗,20.0
20201111,6,O3_8h_24h,鹤岗,22.0
20201111,6,CO,鹤岗,0.9
20201111,6,CO_24h,鹤岗,0.77
20201111,8,AQI,鹤岗,66.0
20201111,8,PM2.5,鹤岗,39.0
20201111,8,PM2.5_24h,鹤岗,27.0
20201111,8,PM10,鹤岗,81.0
20201111,8,PM10_24h,鹤岗,57.0
20201111,8,SO2,鹤岗,13.0
20201111,8,SO2_24h,鹤岗,13.0
20201111,8,NO2,鹤岗,36.0
20201111,8,NO2_24h,鹤岗,26.0
20201111,8,O3,鹤岗,12.0
20201111,8,O3_24h,鹤岗,62.0
20201111,8,O3_8h,鹤岗,18.0
20201111,8,O3_8h_24h,鹤岗,22.0
20201111,8,CO,鹤岗,1.0
20201111,8,CO_24h,鹤岗,0.83
20201111,10,AQI,鹤岗,64.0
20201111,10,PM2.5,鹤岗,38.0
20201111,10,PM2.5_24h,鹤岗,28.0
20201111,10,PM10,鹤岗,77.0
20201111,10,PM10_24h,鹤岗,60.0
20201111,10,SO2,鹤岗,17.0
20201111,10,SO2_24h,鹤岗,12.0
20201111,10,NO2,鹤岗,26.0
20201111,10,NO2_24h,鹤岗,27.0
20201111,10,O3,鹤岗,23.0
20201111,10,O3_24h,鹤岗,62.0
20201111,10,O3_8h,鹤岗,19.0
20201111,10,O3_8h_24h,鹤岗,22.0
20201111,10,CO,鹤岗,0.77
20201111,10,CO_24h,鹤岗,0.83
20201111,11,AQI,鹤岗,50.0
20201111,11,PM2.5,鹤岗,26.0
20201111,11,PM2.5_24h,鹤岗,29.0
20201111,11,PM10,鹤岗,50.0
20201111,11,PM10_24h,鹤岗,61.0
20201111,11,SO2,鹤岗,15.0
20201111,11,SO2_24h,鹤岗,12.0
20201111,11,NO2,鹤岗,27.0
20201111,11,NO2_24h,鹤岗,27.0
20201111,11,O3,鹤岗,27.0
20201111,11,O3_24h,鹤岗,62.0
20201111,11,O3_8h,鹤岗,20.0
20201111,11,O3_8h_24h,鹤岗,22.0
20201111,11,CO,鹤岗,0.77
20201111,11,CO_24h,鹤岗,0.83
20201111,12,AQI,鹤岗,43.0
20201111,12,PM2.5,鹤岗,21.0
20201111,12,PM2.5_24h,鹤岗,29.0
20201111,12,PM10,鹤岗,43.0
20201111,12,PM10_24h,鹤岗,62.0
20201111,12,SO2,鹤岗,14.0
20201111,12,SO2_24h,鹤岗,11.0
20201111,12,NO2,鹤岗,23.0
20201111,12,NO2_24h,鹤岗,27.0
20201111,12,O3,鹤岗,31.0
20201111,12,O3_24h,鹤岗,62.0
20201111,12,O3_8h,鹤岗,20.0
20201111,12,O3_8h_24h,鹤岗,23.0
20201111,12,CO,鹤岗,0.67
20201111,12,CO_24h,鹤岗,0.83
20201111,13,AQI,鹤岗,39.0
20201111,13,PM2.5,鹤岗,21.0
20201111,13,PM2.5_24h,鹤岗,30.0
20201111,13,PM10,鹤岗,39.0
20201111,13,PM10_24h,鹤岗,62.0
20201111,13,SO2,鹤岗,14.0
20201111,13,SO2_24h,鹤岗,12.0
20201111,13,NO2,鹤岗,22.0
20201111,13,NO2_24h,鹤岗,27.0
20201111,13,O3,鹤岗,36.0
20201111,13,O3_24h,鹤岗,62.0
20201111,13,O3_8h,鹤岗,22.0
20201111,13,O3_8h_24h,鹤岗,24.0
20201111,13,CO,鹤岗,0.57
20201111,13,CO_24h,鹤岗,0.83
20201111,14,AQI,鹤岗,38.0
20201111,14,PM2.5,鹤岗,22.0
20201111,14,PM2.5_24h,鹤岗,31.0
20201111,14,PM10,鹤岗,38.0
20201111,14,PM10_24h,鹤岗,63.0
20201111,14,SO2,鹤岗,14.0
20201111,14,SO2_24h,鹤岗,12.0
20201111,14,NO2,鹤岗,25.0
20201111,14,NO2_24h,鹤岗,28.0
20201111,14,O3,鹤岗,35.0
20201111,14,O3_24h,鹤岗,60.0
20201111,14,O3_8h,鹤岗,24.0
20201111,14,O3_8h_24h,鹤岗,25.0
20201111,14,CO,鹤岗,0.57
20201111,14,CO_24h,鹤岗,0.87
20201111,15,AQI,鹤岗,46.0
20201111,15,PM2.5,鹤岗,25.0
20201111,15,PM2.5_24h,鹤岗,31.0
20201111,15,PM10,鹤岗,46.0
20201111,15,PM10_24h,鹤岗,64.0
20201111,15,SO2,鹤岗,13.0
20201111,15,SO2_24h,鹤岗,12.0
20201111,15,NO2,鹤岗,30.0
20201111,15,NO2_24h,鹤岗,28.0
20201111,15,O3,鹤岗,29.0
20201111,15,O3_24h,鹤岗,51.0
20201111,15,O3_8h,鹤岗,26.0
20201111,15,O3_8h_24h,鹤岗,27.0
20201111,15,CO,鹤岗,0.63
20201111,15,CO_24h,鹤岗,0.87
20201111,16,AQI,鹤岗,53.0
20201111,16,PM2.5,鹤岗,30.0
20201111,16,PM2.5_24h,鹤岗,32.0
20201111,16,PM10,鹤岗,56.0
20201111,16,PM10_24h,鹤岗,65.0
20201111,16,SO2,鹤岗,13.0
20201111,16,SO2_24h,鹤岗,12.0
20201111,16,NO2,鹤岗,40.0
20201111,16,NO2_24h,鹤岗,30.0
20201111,16,O3,鹤岗,19.0
20201111,16,O3_24h,鹤岗,41.0
20201111,16,O3_8h,鹤岗,27.0
20201111,16,O3_8h_24h,鹤岗,27.0
20201111,16,CO,鹤岗,0.77
20201111,16,CO_24h,鹤岗,0.87
20201111,17,AQI,鹤岗,69.0
20201111,17,PM2.5,鹤岗,39.0
20201111,17,PM2.5_24h,鹤岗,33.0
20201111,17,PM10,鹤岗,87.0
20201111,17,PM10_24h,鹤岗,67.0
20201111,17,SO2,鹤岗,12.0
20201111,17,SO2_24h,鹤岗,12.0
20201111,17,NO2,鹤岗,51.0
20201111,17,NO2_24h,鹤岗,31.0
20201111,17,O3,鹤岗,9.0
20201111,17,O3_24h,鹤岗,38.0
20201111,17,O3_8h,鹤岗,26.0
20201111,17,O3_8h_24h,鹤岗,27.0
20201111,17,CO,鹤岗,1.0
20201111,17,CO_24h,鹤岗,0.9
20201111,18,AQI,鹤岗,70.0
20201111,18,PM2.5,鹤岗,44.0
20201111,18,PM2.5_24h,鹤岗,33.0
20201111,18,PM10,鹤岗,89.0
20201111,18,PM10_24h,鹤岗,68.0
20201111,18,SO2,鹤岗,12.0
20201111,18,SO2_24h,鹤岗,12.0
20201111,18,NO2,鹤岗,49.0
20201111,18,NO2_24h,鹤岗,31.0
20201111,18,O3,鹤岗,12.0
20201111,18,O3_24h,鹤岗,38.0
20201111,18,O3_8h,鹤岗,25.0
20201111,18,O3_8h_24h,鹤岗,27.0
20201111,18,CO,鹤岗,1.07
20201111,18,CO_24h,鹤岗,0.9
20201111,19,AQI,鹤岗,71.0
20201111,19,PM2.5,鹤岗,46.0
20201111,19,PM2.5_24h,鹤岗,34.0
20201111,19,PM10,鹤岗,91.0
20201111,19,PM10_24h,鹤岗,67.0
20201111,19,SO2,鹤岗,12.0
20201111,19,SO2_24h,鹤岗,12.0
20201111,19,NO2,鹤岗,43.0
20201111,19,NO2_24h,鹤岗,31.0
20201111,19,O3,鹤岗,14.0
20201111,19,O3_24h,鹤岗,38.0
20201111,19,O3_8h,鹤岗,23.0
20201111,19,O3_8h_24h,鹤岗,27.0
20201111,19,CO,鹤岗,1.23
20201111,19,CO_24h,鹤岗,0.9
20201111,20,AQI,鹤岗,64.0
20201111,20,PM2.5,鹤岗,46.0
20201111,20,PM2.5_24h,鹤岗,34.0
20201111,20,PM10,鹤岗,78.0
20201111,20,PM10_24h,鹤岗,67.0
20201111,20,SO2,鹤岗,11.0
20201111,20,SO2_24h,鹤岗,12.0
20201111,20,NO2,鹤岗,36.0
20201111,20,NO2_24h,鹤岗,31.0
20201111,20,O3,鹤岗,17.0
20201111,20,O3_24h,鹤岗,38.0
20201111,20,O3_8h,鹤岗,21.0
20201111,20,O3_8h_24h,鹤岗,27.0
20201111,20,CO,鹤岗,1.33
20201111,20,CO_24h,鹤岗,0.93
20201111,21,AQI,鹤岗,71.0
20201111,21,PM2.5,鹤岗,33.0
20201111,21,PM2.5_24h,鹤岗,33.0
20201111,21,PM10,鹤岗,91.0
20201111,21,PM10_24h,鹤岗,65.0
20201111,21,SO2,鹤岗,11.0
20201111,21,SO2_24h,鹤岗,12.0
20201111,21,NO2,鹤岗,36.0
20201111,21,NO2_24h,鹤岗,31.0
20201111,21,O3,鹤岗,16.0
20201111,21,O3_24h,鹤岗,38.0
20201111,21,O3_8h,鹤岗,19.0
20201111,21,O3_8h_24h,鹤岗,27.0
20201111,21,CO,鹤岗,1.43
20201111,21,CO_24h,鹤岗,0.93
20201111,22,AQI,鹤岗,74.0
20201111,22,PM2.5,鹤岗,54.0
20201111,22,PM2.5_24h,鹤岗,34.0
20201111,22,PM10,鹤岗,88.0
20201111,22,PM10_24h,鹤岗,65.0
20201111,22,SO2,鹤岗,11.0
20201111,22,SO2_24h,鹤岗,12.0
20201111,22,NO2,鹤岗,35.0
20201111,22,NO2_24h,鹤岗,32.0
20201111,22,O3,鹤岗,13.0
20201111,22,O3_24h,鹤岗,38.0
20201111,22,O3_8h,鹤岗,16.0
20201111,22,O3_8h_24h,鹤岗,27.0
20201111,22,CO,鹤岗,1.6
20201111,22,CO_24h,鹤岗,1.0
20201111,23,AQI,鹤岗,71.0
20201111,23,PM2.5,鹤岗,52.0
20201111,23,PM2.5_24h,鹤岗,34.0
20201111,23,PM10,鹤岗,77.0
20201111,23,PM10_24h,鹤岗,64.0
20201111,23,SO2,鹤岗,11.0
20201111,23,SO2_24h,鹤岗,12.0
20201111,23,NO2,鹤岗,34.0
20201111,23,NO2_24h,鹤岗,32.0
20201111,23,O3,鹤岗,11.0
20201111,23,O3_24h,鹤岗,36.0
20201111,23,O3_8h,鹤岗,14.0
20201111,23,O3_8h_24h,鹤岗,27.0
20201111,23,CO,鹤岗,1.47
20201111,23,CO_24h,鹤岗,1.0
20201111,0,AQI,双鸭山,61.0
20201111,0,PM2.5,双鸭山,44.0
20201111,0,PM2.5_24h,双鸭山,23.0
20201111,0,PM10,双鸭山,60.0
20201111,0,PM10_24h,双鸭山,47.0
20201111,0,SO2,双鸭山,17.0
20201111,0,SO2_24h,双鸭山,10.0
20201111,0,NO2,双鸭山,31.0
20201111,0,NO2_24h,双鸭山,22.0
20201111,0,O3,双鸭山,18.0
20201111,0,O3_24h,双鸭山,60.0
20201111,0,O3_8h,双鸭山,22.0
20201111,0,O3_8h_24h,双鸭山,53.0
20201111,0,CO,双鸭山,0.97
20201111,0,CO_24h,双鸭山,0.5
20201111,1,AQI,双鸭山,74.0
20201111,1,PM2.5,双鸭山,46.0
20201111,1,PM2.5_24h,双鸭山,24.0
20201111,1,PM10,双鸭山,97.0
20201111,1,PM10_24h,双鸭山,51.0
20201111,1,SO2,双鸭山,14.0
20201111,1,SO2_24h,双鸭山,10.0
20201111,1,NO2,双鸭山,35.0
20201111,1,NO2_24h,双鸭山,22.0
20201111,1,O3,双鸭山,11.0
20201111,1,O3_24h,双鸭山,60.0
20201111,1,O3_8h,双鸭山,11.0
20201111,1,O3_8h_24h,双鸭山,11.0
20201111,1,CO,双鸭山,1.0
20201111,1,CO_24h,双鸭山,0.53
20201111,2,AQI,双鸭山,77.0
20201111,2,PM2.5,双鸭山,44.0
20201111,2,PM2.5_24h,双鸭山,25.0
20201111,2,PM10,双鸭山,104.0
20201111,2,PM10_24h,双鸭山,54.0
20201111,2,SO2,双鸭山,10.0
20201111,2,SO2_24h,双鸭山,11.0
20201111,2,NO2,双鸭山,26.0
20201111,2,NO2_24h,双鸭山,23.0
20201111,2,O3,双鸭山,19.0
20201111,2,O3_24h,双鸭山,60.0
20201111,2,O3_8h,双鸭山,15.0
20201111,2,O3_8h_24h,双鸭山,15.0
20201111,2,CO,双鸭山,0.53
20201111,2,CO_24h,双鸭山,0.53
20201111,3,AQI,双鸭山,56.0
20201111,3,PM2.5,双鸭山,40.0
20201111,3,PM2.5_24h,双鸭山,26.0
20201111,3,PM10,双鸭山,50.0
20201111,3,PM10_24h,双鸭山,54.0
20201111,3,SO2,双鸭山,10.0
20201111,3,SO2_24h,双鸭山,11.0
20201111,3,NO2,双鸭山,28.0
20201111,3,NO2_24h,双鸭山,23.0
20201111,3,O3,双鸭山,18.0
20201111,3,O3_24h,双鸭山,60.0
20201111,3,O3_8h,双鸭山,16.0
20201111,3,O3_8h_24h,双鸭山,16.0
20201111,3,CO,双鸭山,0.6
20201111,3,CO_24h,双鸭山,0.53
20201111,4,AQI,双鸭山,68.0
20201111,4,PM2.5,双鸭山,40.0
20201111,4,PM2.5_24h,双鸭山,27.0
20201111,4,PM10,双鸭山,86.0
20201111,4,PM10_24h,双鸭山,56.0
20201111,4,SO2,双鸭山,10.0
20201111,4,SO2_24h,双鸭山,11.0
20201111,4,NO2,双鸭山,25.0
20201111,4,NO2_24h,双鸭山,23.0
20201111,4,O3,双鸭山,19.0
20201111,4,O3_24h,双鸭山,60.0
20201111,4,O3_8h,双鸭山,16.0
20201111,4,O3_8h_24h,双鸭山,17.0
20201111,4,CO,双鸭山,0.53
20201111,4,CO_24h,双鸭山,0.53
20201111,5,AQI,双鸭山,58.0
20201111,5,PM2.5,双鸭山,38.0
20201111,5,PM2.5_24h,双鸭山,28.0
20201111,5,PM10,双鸭山,65.0
20201111,5,PM10_24h,双鸭山,58.0
20201111,5,SO2,双鸭山,12.0
20201111,5,SO2_24h,双鸭山,11.0
20201111,5,NO2,双鸭山,21.0
20201111,5,NO2_24h,双鸭山,24.0
20201111,5,O3,双鸭山,24.0
20201111,5,O3_24h,双鸭山,60.0
20201111,5,O3_8h,双鸭山,18.0
20201111,5,O3_8h_24h,双鸭山,18.0
20201111,5,CO,双鸭山,0.43
20201111,5,CO_24h,双鸭山,0.53
20201111,6,AQI,双鸭山,52.0
20201111,6,PM2.5,双鸭山,34.0
20201111,6,PM2.5_24h,双鸭山,29.0
20201111,6,PM10,双鸭山,54.0
20201111,6,PM10_24h,双鸭山,59.0
20201111,6,SO2,双鸭山,11.0
20201111,6,SO2_24h,双鸭山,11.0
20201111,6,NO2,双鸭山,21.0
20201111,6,NO2_24h,双鸭山,24.0
20201111,6,O3,双鸭山,25.0
20201111,6,O3_24h,双鸭山,60.0
20201111,6,O3_8h,双鸭山,19.0
20201111,6,O3_8h_24h,双鸭山,20.0
20201111,6,CO,双鸭山,0.4
20201111,6,CO_24h,双鸭山,0.57
20201111,8,AQI,双鸭山,49.0
20201111,8,PM2.5,双鸭山,34.0
20201111,8,PM2.5_24h,双鸭山,31.0
20201111,8,PM10,双鸭山,47.0
20201111,8,PM10_24h,双鸭山,60.0
20201111,8,SO2,双鸭山,11.0
20201111,8,SO2_24h,双鸭山,12.0
20201111,8,NO2,双鸭山,31.0
20201111,8,NO2_24h,双鸭山,25.0
20201111,8,O3,双鸭山,16.0
20201111,8,O3_24h,双鸭山,60.0
20201111,8,O3_8h,双鸭山,18.0
20201111,8,O3_8h_24h,双鸭山,20.0
20201111,8,CO,双鸭山,0.6
20201111,8,CO_24h,双鸭山,0.57
20201111,10,AQI,双鸭山,44.0
20201111,10,PM2.5,双鸭山,28.0
20201111,10,PM2.5_24h,双鸭山,32.0
20201111,10,PM10,双鸭山,44.0
20201111,10,PM10_24h,双鸭山,59.0
20201111,10,SO2,双鸭山,16.0
20201111,10,SO2_24h,双鸭山,12.0
20201111,10,NO2,双鸭山,21.0
20201111,10,NO2_24h,双鸭山,26.0
20201111,10,O3,双鸭山,35.0
20201111,10,O3_24h,双鸭山,60.0
20201111,10,O3_8h,双鸭山,22.0
20201111,10,O3_8h_24h,双鸭山,23.0
20201111,10,CO,双鸭山,0.4
20201111,10,CO_24h,双鸭山,0.6
20201111,11,AQI,双鸭山,40.0
20201111,11,PM2.5,双鸭山,24.0
20201111,11,PM2.5_24h,双鸭山,32.0
20201111,11,PM10,双鸭山,40.0
20201111,11,PM10_24h,双鸭山,60.0
20201111,11,SO2,双鸭山,13.0
20201111,11,SO2_24h,双鸭山,12.0
20201111,11,NO2,双鸭山,18.0
20201111,11,NO2_24h,双鸭山,26.0
20201111,11,O3,双鸭山,41.0
20201111,11,O3_24h,双鸭山,60.0
20201111,11,O3_8h,双鸭山,25.0
20201111,11,O3_8h_24h,双鸭山,26.0
20201111,11,CO,双鸭山,0.4
20201111,11,CO_24h,双鸭山,0.6
20201111,12,AQI,双鸭山,39.0
20201111,12,PM2.5,双鸭山,23.0
20201111,12,PM2.5_24h,双鸭山,33.0
20201111,12,PM10,双鸭山,39.0
20201111,12,PM10_24h,双鸭山,61.0
20201111,12,SO2,双鸭山,15.0
20201111,12,SO2_24h,双鸭山,12.0
20201111,12,NO2,双鸭山,18.0
20201111,12,NO2_24h,双鸭山,27.0
20201111,12,O3,双鸭山,51.0
20201111,12,O3_24h,双鸭山,60.0
20201111,12,O3_8h,双鸭山,29.0
20201111,12,O3_8h_24h,双鸭山,29.0
20201111,12,CO,双鸭山,0.47
20201111,12,CO_24h,双鸭山,0.6
20201111,13,AQI,双鸭山,49.0
20201111,13,PM2.5,双鸭山,26.0
20201111,13,PM2.5_24h,双鸭山,33.0
20201111,13,PM10,双鸭山,49.0
20201111,13,PM10_24h,双鸭山,61.0
20201111,13,SO2,双鸭山,19.0
20201111,13,SO2_24h,双鸭山,13.0
20201111,13,NO2,双鸭山,20.0
20201111,13,NO2_24h,双鸭山,27.0
20201111,13,O3,双鸭山,62.0
20201111,13,O3_24h,双鸭山,64.0
20201111,13,O3_8h,双鸭山,34.0
20201111,13,O3_8h_24h,双鸭山,34.0
20201111,13,CO,双鸭山,0.63
20201111,13,CO_24h,双鸭山,0.6
20201111,14,AQI,双鸭山,55.0
20201111,14,PM2.5,双鸭山,31.0
20201111,14,PM2.5_24h,双鸭山,34.0
20201111,14,PM10,双鸭山,59.0
20201111,14,PM10_24h,双鸭山,62.0
20201111,14,SO2,双鸭山,16.0
20201111,14,SO2_24h,双鸭山,13.0
20201111,14,NO2,双鸭山,23.0
20201111,14,NO2_24h,双鸭山,28.0
20201111,14,O3,双鸭山,68.0
20201111,14,O3_24h,双鸭山,68.0
20201111,14,O3_8h,双鸭山,39.0
20201111,14,O3_8h_24h,双鸭山,39.0
20201111,14,CO,双鸭山,0.6
20201111,14,CO_24h,双鸭山,0.6
20201111,15,AQI,双鸭山,60.0
20201111,15,PM2.5,双鸭山,37.0
20201111,15,PM2.5_24h,双鸭山,35.0
20201111,15,PM10,双鸭山,69.0
20201111,15,PM10_24h,双鸭山,65.0
20201111,15,SO2,双鸭山,15.0
20201111,15,SO2_24h,双鸭山,13.0
20201111,15,NO2,双鸭山,35.0
20201111,15,NO2_24h,双鸭山,28.0
20201111,15,O3,双鸭山,49.0
20201111,15,O3_24h,双鸭山,68.0
20201111,15,O3_8h,双鸭山,43.0
20201111,15,O3_8h_24h,双鸭山,43.0
20201111,15,CO,双鸭山,0.57
20201111,15,CO_24h,双鸭山,0.63
20201111,16,AQI,双鸭山,57.0
20201111,16,PM2.5,双鸭山,36.0
20201111,16,PM2.5_24h,双鸭山,35.0
20201111,16,PM10,双鸭山,63.0
20201111,16,PM10_24h,双鸭山,66.0
20201111,16,SO2,双鸭山,14.0
20201111,16,SO2_24h,双鸭山,14.0
20201111,16,NO2,双鸭山,29.0
20201111,16,NO2_24h,双鸭山,28.0
20201111,16,O3,双鸭山,53.0
20201111,16,O3_24h,双鸭山,68.0
20201111,16,O3_8h,双鸭山,48.0
20201111,16,O3_8h_24h,双鸭山,48.0
20201111,16,CO,双鸭山,0.53
20201111,16,CO_24h,双鸭山,0.6
20201111,17,AQI,双鸭山,56.0
20201111,17,PM2.5,双鸭山,35.0
20201111,17,PM2.5_24h,双鸭山,36.0
20201111,17,PM10,双鸭山,62.0
20201111,17,PM10_24h,双鸭山,66.0
20201111,17,SO2,双鸭山,13.0
20201111,17,SO2_24h,双鸭山,14.0
20201111,17,NO2,双鸭山,32.0
20201111,17,NO2_24h,双鸭山,28.0
20201111,17,O3,双鸭山,43.0
20201111,17,O3_24h,双鸭山,68.0
20201111,17,O3_8h,双鸭山,51.0
20201111,17,O3_8h_24h,双鸭山,51.0
20201111,17,CO,双鸭山,0.4
20201111,17,CO_24h,双鸭山,0.6
20201111,18,AQI,双鸭山,53.0
20201111,18,PM2.5,双鸭山,37.0
20201111,18,PM2.5_24h,双鸭山,36.0
20201111,18,PM10,双鸭山,55.0
20201111,18,PM10_24h,双鸭山,67.0
20201111,18,SO2,双鸭山,13.0
20201111,18,SO2_24h,双鸭山,14.0
20201111,18,NO2,双鸭山,26.0
20201111,18,NO2_24h,双鸭山,27.0
20201111,18,O3,双鸭山,49.0
20201111,18,O3_24h,双鸭山,68.0
20201111,18,O3_8h,双鸭山,52.0
20201111,18,O3_8h_24h,双鸭山,52.0
20201111,18,CO,双鸭山,0.4
20201111,18,CO_24h,双鸭山,0.6
20201111,19,AQI,双鸭山,53.0
20201111,19,PM2.5,双鸭山,35.0
20201111,19,PM2.5_24h,双鸭山,36.0
20201111,19,PM10,双鸭山,55.0
20201111,19,PM10_24h,双鸭山,65.0
20201111,19,SO2,双鸭山,16.0
20201111,19,SO2_24h,双鸭山,14.0
20201111,19,NO2,双鸭山,26.0
20201111,19,NO2_24h,双鸭山,27.0
20201111,19,O3,双鸭山,46.0
20201111,19,O3_24h,双鸭山,68.0
20201111,19,O3_8h,双鸭山,53.0
20201111,19,O3_8h_24h,双鸭山,53.0
20201111,19,CO,双鸭山,0.47
20201111,19,CO_24h,双鸭山,0.6
20201111,20,AQI,双鸭山,53.0
20201111,20,PM2.5,双鸭山,33.0
20201111,20,PM2.5_24h,双鸭山,36.0
20201111,20,PM10,双鸭山,56.0
20201111,20,PM10_24h,双鸭山,64.0
20201111,20,SO2,双鸭山,15.0
20201111,20,SO2_24h,双鸭山,14.0
20201111,20,NO2,双鸭山,20.0
20201111,20,NO2_24h,双鸭山,26.0
20201111,20,O3,双鸭山,53.0
20201111,20,O3_24h,双鸭山,68.0
20201111,20,O3_8h,双鸭山,53.0
20201111,20,O3_8h_24h,双鸭山,53.0
20201111,20,CO,双鸭山,0.43
20201111,20,CO_24h,双鸭山,0.6
20201111,21,AQI,双鸭山,54.0
20201111,21,PM2.5,双鸭山,33.0
20201111,21,PM2.5_24h,双鸭山,36.0
20201111,21,PM10,双鸭山,57.0
20201111,21,PM10_24h,双鸭山,63.0
20201111,21,SO2,双鸭山,15.0
20201111,21,SO2_24h,双鸭山,14.0
20201111,21,NO2,双鸭山,20.0
20201111,21,NO2_24h,双鸭山,26.0
20201111,21,O3,双鸭山,54.0
20201111,21,O3_24h,双鸭山,68.0
20201111,21,O3_8h,双鸭山,52.0
20201111,21,O3_8h_24h,双鸭山,53.0
20201111,21,CO,双鸭山,0.5
20201111,21,CO_24h,双鸭山,0.6
20201111,22,AQI,双鸭山,58.0
20201111,22,PM2.5,双鸭山,32.0
20201111,22,PM2.5_24h,双鸭山,35.0
20201111,22,PM10,双鸭山,66.0
20201111,22,PM10_24h,双鸭山,62.0
20201111,22,SO2,双鸭山,29.0
20201111,22,SO2_24h,双鸭山,14.0
20201111,22,NO2,双鸭山,24.0
20201111,22,NO2_24h,双鸭山,26.0
20201111,22,O3,双鸭山,49.0
20201111,22,O3_24h,双鸭山,68.0
20201111,22,O3_8h,双鸭山,49.0
20201111,22,O3_8h_24h,双鸭山,53.0
20201111,22,CO,双鸭山,0.77
20201111,22,CO_24h,双鸭山,0.57
20201111,23,AQI,双鸭山,51.0
20201111,23,PM2.5,双鸭山,30.0
20201111,23,PM2.5_24h,双鸭山,34.0
20201111,23,PM10,双鸭山,51.0
20201111,23,PM10_24h,双鸭山,60.0
20201111,23,SO2,双鸭山,24.0
20201111,23,SO2_24h,双鸭山,14.0
20201111,23,NO2,双鸭山,21.0
20201111,23,NO2_24h,双鸭山,25.0
20201111,23,O3,双鸭山,53.0
20201111,23,O3_24h,双鸭山,68.0
20201111,23,O3_8h,双鸭山,50.0
20201111,23,O3_8h_24h,双鸭山,53.0
20201111,23,CO,双鸭山,0.47
20201111,23,CO_24h,双鸭山,0.57
20201111,0,AQI,伊春,27.0
20201111,0,PM2.5,伊春,10.0
20201111,0,PM2.5_24h,伊春,9.0
20201111,0,PM10,伊春,27.0
20201111,0,PM10_24h,伊春,21.0
20201111,0,SO2,伊春,9.0
20201111,0,SO2_24h,伊春,10.0
20201111,0,NO2,伊春,13.0
20201111,0,NO2_24h,伊春,15.0
20201111,0,O3,伊春,39.0
20201111,0,O3_24h,伊春,48.0
20201111,0,O3_8h,伊春,41.0
20201111,0,O3_8h_24h,伊春,44.0
20201111,0,CO,伊春,0.45
20201111,0,CO_24h,伊春,0.45
20201111,1,AQI,伊春,30.0
20201111,1,PM2.5,伊春,8.0
20201111,1,PM2.5_24h,伊春,10.0
20201111,1,PM10,伊春,30.0
20201111,1,PM10_24h,伊春,22.0
20201111,1,SO2,伊春,7.0
20201111,1,SO2_24h,伊春,10.0
20201111,1,NO2,伊春,13.0
20201111,1,NO2_24h,伊春,15.0
20201111,1,O3,伊春,36.0
20201111,1,O3_24h,伊春,48.0
20201111,1,O3_8h,伊春,36.0
20201111,1,O3_8h_24h,伊春,36.0
20201111,1,CO,伊春,0.4
20201111,1,CO_24h,伊春,0.45
20201111,2,AQI,伊春,24.0
20201111,2,PM2.5,伊春,15.0
20201111,2,PM2.5_24h,伊春,11.0
20201111,2,PM10,伊春,24.0
20201111,2,PM10_24h,伊春,22.0
20201111,2,SO2,伊春,8.0
20201111,2,SO2_24h,伊春,10.0
20201111,2,NO2,伊春,12.0
20201111,2,NO2_24h,伊春,15.0
20201111,2,O3,伊春,35.0
20201111,2,O3_24h,伊春,48.0
20201111,2,O3_8h,伊春,36.0
20201111,2,O3_8h_24h,伊春,36.0
20201111,2,CO,伊春,0.35
20201111,2,CO_24h,伊春,0.45
20201111,3,AQI,伊春,24.0
20201111,3,PM2.5,伊春,13.0
20201111,3,PM2.5_24h,伊春,11.0
20201111,3,PM10,伊春,24.0
20201111,3,PM10_24h,伊春,22.0
20201111,3,SO2,伊春,8.0
20201111,3,SO2_24h,伊春,10.0
20201111,3,NO2,伊春,11.0
20201111,3,NO2_24h,伊春,15.0
20201111,3,O3,伊春,35.0
20201111,3,O3_24h,伊春,48.0
20201111,3,O3_8h,伊春,35.0
20201111,3,O3_8h_24h,伊春,36.0
20201111,3,CO,伊春,0.35
20201111,3,CO_24h,伊春,0.45
20201111,4,AQI,伊春,25.0
20201111,4,PM2.5,伊春,11.0
20201111,4,PM2.5_24h,伊春,11.0
20201111,4,PM10,伊春,25.0
20201111,4,PM10_24h,伊春,23.0
20201111,4,SO2,伊春,9.0
20201111,4,SO2_24h,伊春,10.0
20201111,4,NO2,伊春,11.0
20201111,4,NO2_24h,伊春,15.0
20201111,4,O3,伊春,32.0
20201111,4,O3_24h,伊春,48.0
20201111,4,O3_8h,伊春,35.0
20201111,4,O3_8h_24h,伊春,36.0
20201111,4,CO,伊春,0.4
20201111,4,CO_24h,伊春,0.5
20201111,5,AQI,伊春,24.0
20201111,5,PM2.5,伊春,12.0
20201111,5,PM2.5_24h,伊春,11.0
20201111,5,PM10,伊春,24.0
20201111,5,PM10_24h,伊春,23.0
20201111,5,SO2,伊春,8.0
20201111,5,SO2_24h,伊春,11.0
20201111,5,NO2,伊春,14.0
20201111,5,NO2_24h,伊春,16.0
20201111,5,O3,伊春,28.0
20201111,5,O3_24h,伊春,48.0
20201111,5,O3_8h,伊春,33.0
20201111,5,O3_8h_24h,伊春,36.0
20201111,5,CO,伊春,0.4
20201111,5,CO_24h,伊春,0.5
20201111,6,AQI,伊春,23.0
20201111,6,PM2.5,伊春,9.0
20201111,6,PM2.5_24h,伊春,12.0
20201111,6,PM10,伊春,23.0
20201111,6,PM10_24h,伊春,23.0
20201111,6,SO2,伊春,8.0
20201111,6,SO2_24h,伊春,11.0
20201111,6,NO2,伊春,19.0
20201111,6,NO2_24h,伊春,16.0
20201111,6,O3,伊春,20.0
20201111,6,O3_24h,伊春,48.0
20201111,6,O3_8h,伊春,31.0
20201111,6,O3_8h_24h,伊春,36.0
20201111,6,CO,伊春,0.5
20201111,6,CO_24h,伊春,0.5
20201111,8,AQI,伊春,29.0
20201111,8,PM2.5,伊春,14.0
20201111,8,PM2.5_24h,伊春,12.0
20201111,8,PM10,伊春,29.0
20201111,8,PM10_24h,伊春,24.0
20201111,8,SO2,伊春,16.0
20201111,8,SO2_24h,伊春,12.0
20201111,8,NO2,伊春,26.0
20201111,8,NO2_24h,伊春,16.0
20201111,8,O3,伊春,14.0
20201111,8,O3_24h,伊春,48.0
20201111,8,O3_8h,伊春,27.0
20201111,8,O3_8h_24h,伊春,36.0
20201111,8,CO,伊春,1.05
20201111,8,CO_24h,伊春,0.55
20201111,10,AQI,伊春,31.0
20201111,10,PM2.5,伊春,16.0
20201111,10,PM2.5_24h,伊春,13.0
20201111,10,PM10,伊春,31.0
20201111,10,PM10_24h,伊春,24.0
20201111,10,SO2,伊春,24.0
20201111,10,SO2_24h,伊春,12.0
20201111,10,NO2,伊春,22.0
20201111,10,NO2_24h,伊春,16.0
20201111,10,O3,伊春,28.0
20201111,10,O3_24h,伊春,48.0
20201111,10,O3_8h,伊春,25.0
20201111,10,O3_8h_24h,伊春,36.0
20201111,10,CO,伊春,1.2
20201111,10,CO_24h,伊春,0.6
20201111,11,AQI,伊春,31.0
20201111,11,PM2.5,伊春,13.0
20201111,11,PM2.5_24h,伊春,13.0
20201111,11,PM10,伊春,31.0
20201111,11,PM10_24h,伊春,25.0
20201111,11,SO2,伊春,32.0
20201111,11,SO2_24h,伊春,13.0
20201111,11,NO2,伊春,23.0
20201111,11,NO2_24h,伊春,16.0
20201111,11,O3,伊春,35.0
20201111,11,O3_24h,伊春,48.0
20201111,11,O3_8h,伊春,25.0
20201111,11,O3_8h_24h,伊春,36.0
20201111,11,CO,伊春,1.2
20201111,11,CO_24h,伊春,0.6
20201111,12,AQI,伊春,31.0
20201111,12,PM2.5,伊春,10.0
20201111,12,PM2.5_24h,伊春,13.0
20201111,12,PM10,伊春,31.0
20201111,12,PM10_24h,伊春,25.0
20201111,12,SO2,伊春,26.0
20201111,12,SO2_24h,伊春,14.0
20201111,12,NO2,伊春,22.0
20201111,12,NO2_24h,伊春,16.0
20201111,12,O3,伊春,38.0
20201111,12,O3_24h,伊春,48.0
20201111,12,O3_8h,伊春,26.0
20201111,12,O3_8h_24h,伊春,36.0
20201111,12,CO,伊春,1.15
20201111,12,CO_24h,伊春,0.65
20201111,13,AQI,伊春,31.0
20201111,13,PM2.5,伊春,11.0
20201111,13,PM2.5_24h,伊春,13.0
20201111,13,PM10,伊春,31.0
20201111,13,PM10_24h,伊春,25.0
20201111,13,SO2,伊春,30.0
20201111,13,SO2_24h,伊春,15.0
20201111,13,NO2,伊春,22.0
20201111,13,NO2_24h,伊春,16.0
20201111,13,O3,伊春,39.0
20201111,13,O3_24h,伊春,48.0
20201111,13,O3_8h,伊春,26.0
20201111,13,O3_8h_24h,伊春,36.0
20201111,13,CO,伊春,1.25
20201111,13,CO_24h,伊春,0.7
20201111,14,AQI,伊春,34.0
20201111,14,PM2.5,伊春,12.0
20201111,14,PM2.5_24h,伊春,13.0
20201111,14,PM10,伊春,34.0
20201111,14,PM10_24h,伊春,26.0
20201111,14,SO2,伊春,32.0
20201111,14,SO2_24h,伊春,15.0
20201111,14,NO2,伊春,24.0
20201111,14,NO2_24h,伊春,17.0
20201111,14,O3,伊春,38.0
20201111,14,O3_24h,伊春,48.0
20201111,14,O3_8h,伊春,29.0
20201111,14,O3_8h_24h,伊春,36.0
20201111,14,CO,伊春,1.1
20201111,14,CO_24h,伊春,0.7
20201111,15,AQI,伊春,37.0
20201111,15,PM2.5,伊春,11.0
20201111,15,PM2.5_24h,伊春,13.0
20201111,15,PM10,伊春,37.0
20201111,15,PM10_24h,伊春,27.0
20201111,15,SO2,伊春,29.0
20201111,15,SO2_24h,伊春,17.0
20201111,15,NO2,伊春,28.0
20201111,15,NO2_24h,伊春,18.0
20201111,15,O3,伊春,36.0
20201111,15,O3_24h,伊春,47.0
20201111,15,O3_8h,伊春,31.0
20201111,15,O3_8h_24h,伊春,36.0
20201111,15,CO,伊春,1.1
20201111,15,CO_24h,伊春,0.7
20201111,16,AQI,伊春,40.0
20201111,16,PM2.5,伊春,15.0
20201111,16,PM2.5_24h,伊春,13.0
20201111,16,PM10,伊春,40.0
20201111,16,PM10_24h,伊春,28.0
20201111,16,SO2,伊春,32.0
20201111,16,SO2_24h,伊春,17.0
20201111,16,NO2,伊春,29.0
20201111,16,NO2_24h,伊春,18.0
20201111,16,O3,伊春,34.0
20201111,16,O3_24h,伊春,46.0
20201111,16,O3_8h,伊春,33.0
20201111,16,O3_8h_24h,伊春,36.0
20201111,16,CO,伊春,1.2
20201111,16,CO_24h,伊春,0.75
20201111,17,AQI,伊春,41.0
20201111,17,PM2.5,伊春,17.0
20201111,17,PM2.5_24h,伊春,13.0
20201111,17,PM10,伊春,41.0
20201111,17,PM10_24h,伊春,29.0
20201111,17,SO2,伊春,19.0
20201111,17,SO2_24h,伊春,16.0
20201111,17,NO2,伊春,28.0
20201111,17,NO2_24h,伊春,19.0
20201111,17,O3,伊春,35.0
20201111,17,O3_24h,伊春,46.0
20201111,17,O3_8h,伊春,35.0
20201111,17,O3_8h_24h,伊春,37.0
20201111,17,CO,伊春,0.9
20201111,17,CO_24h,伊春,0.75
20201111,18,AQI,伊春,40.0
20201111,18,PM2.5,伊春,20.0
20201111,18,PM2.5_24h,伊春,13.0
20201111,18,PM10,伊春,40.0
20201111,18,PM10_24h,伊春,30.0
20201111,18,SO2,伊春,14.0
20201111,18,SO2_24h,伊春,16.0
20201111,18,NO2,伊春,27.0
20201111,18,NO2_24h,伊春,19.0
20201111,18,O3,伊春,36.0
20201111,18,O3_24h,伊春,45.0
20201111,18,O3_8h,伊春,36.0
20201111,18,O3_8h_24h,伊春,37.0
20201111,18,CO,伊春,0.75
20201111,18,CO_24h,伊春,0.75
20201111,19,AQI,伊春,40.0
20201111,19,PM2.5,伊春,21.0
20201111,19,PM2.5_24h,伊春,13.0
20201111,19,PM10,伊春,40.0
20201111,19,PM10_24h,伊春,30.0
20201111,19,SO2,伊春,12.0
20201111,19,SO2_24h,伊春,16.0
20201111,19,NO2,伊春,24.0
20201111,19,NO2_24h,伊春,20.0
20201111,19,O3,伊春,40.0
20201111,19,O3_24h,伊春,45.0
20201111,19,O3_8h,伊春,37.0
20201111,19,O3_8h_24h,伊春,38.0
20201111,19,CO,伊春,0.6
20201111,19,CO_24h,伊春,0.75
20201111,20,AQI,伊春,44.0
20201111,20,PM2.5,伊春,24.0
20201111,20,PM2.5_24h,伊春,14.0
20201111,20,PM10,伊春,44.0
20201111,20,PM10_24h,伊春,31.0
20201111,20,SO2,伊春,13.0
20201111,20,SO2_24h,伊春,16.0
20201111,20,NO2,伊春,23.0
20201111,20,NO2_24h,伊春,20.0
20201111,20,O3,伊春,42.0
20201111,20,O3_24h,伊春,45.0
20201111,20,O3_8h,伊春,38.0
20201111,20,O3_8h_24h,伊春,38.0
20201111,20,CO,伊春,0.7
20201111,20,CO_24h,伊春,0.75
20201111,21,AQI,伊春,46.0
20201111,21,PM2.5,伊春,24.0
20201111,21,PM2.5_24h,伊春,14.0
20201111,21,PM10,伊春,46.0
20201111,21,PM10_24h,伊春,31.0
20201111,21,SO2,伊春,18.0
20201111,21,SO2_24h,伊春,17.0
20201111,21,NO2,伊春,23.0
20201111,21,NO2_24h,伊春,20.0
20201111,21,O3,伊春,42.0
20201111,21,O3_24h,伊春,45.0
20201111,21,O3_8h,伊春,38.0
20201111,21,O3_8h_24h,伊春,38.0
20201111,21,CO,伊春,0.95
20201111,21,CO_24h,伊春,0.8
20201111,22,AQI,伊春,46.0
20201111,22,PM2.5,伊春,25.0
20201111,22,PM2.5_24h,伊春,14.0
20201111,22,PM10,伊春,46.0
20201111,22,PM10_24h,伊春,33.0
20201111,22,SO2,伊春,20.0
20201111,22,SO2_24h,伊春,17.0
20201111,22,NO2,伊春,20.0
20201111,22,NO2_24h,伊春,20.0
20201111,22,O3,伊春,44.0
20201111,22,O3_24h,伊春,44.0
20201111,22,O3_8h,伊春,39.0
20201111,22,O3_8h_24h,伊春,39.0
20201111,22,CO,伊春,0.95
20201111,22,CO_24h,伊春,0.8
20201111,23,AQI,伊春,44.0
20201111,23,PM2.5,伊春,28.0
20201111,23,PM2.5_24h,伊春,15.0
20201111,23,PM10,伊春,44.0
20201111,23,PM10_24h,伊春,34.0
20201111,23,SO2,伊春,16.0
20201111,23,SO2_24h,伊春,18.0
20201111,23,NO2,伊春,19.0
20201111,23,NO2_24h,伊春,21.0
20201111,23,O3,伊春,44.0
20201111,23,O3_24h,伊春,45.0
20201111,23,O3_8h,伊春,40.0
20201111,23,O3_8h_24h,伊春,40.0
20201111,23,CO,伊春,0.9
20201111,23,CO_24h,伊春,0.8
20201111,0,AQI,佳木斯,64.0
20201111,0,PM2.5,佳木斯,46.0
20201111,0,PM2.5_24h,佳木斯,25.0
20201111,0,PM10,佳木斯,70.0
20201111,0,PM10_24h,佳木斯,37.0
20201111,0,SO2,佳木斯,8.0
20201111,0,SO2_24h,佳木斯,7.0
20201111,0,NO2,佳木斯,47.0
20201111,0,NO2_24h,佳木斯,28.0
20201111,0,O3,佳木斯,6.0
20201111,0,O3_24h,佳木斯,52.0
20201111,0,O3_8h,佳木斯,12.0
20201111,0,O3_8h_24h,佳木斯,46.0
20201111,0,CO,佳木斯,0.82
20201111,0,CO_24h,佳木斯,0.57
20201111,1,AQI,佳木斯,58.0
20201111,1,PM2.5,佳木斯,41.0
20201111,1,PM2.5_24h,佳木斯,27.0
20201111,1,PM10,佳木斯,64.0
20201111,1,PM10_24h,佳木斯,39.0
20201111,1,SO2,佳木斯,7.0
20201111,1,SO2_24h,佳木斯,7.0
20201111,1,NO2,佳木斯,44.0
20201111,1,NO2_24h,佳木斯,30.0
20201111,1,O3,佳木斯,7.0
20201111,1,O3_24h,佳木斯,52.0
20201111,1,O3_8h,佳木斯,7.0
20201111,1,O3_8h_24h,佳木斯,7.0
20201111,1,CO,佳木斯,0.75
20201111,1,CO_24h,佳木斯,0.57
20201111,2,AQI,佳木斯,55.0
20201111,2,PM2.5,佳木斯,36.0
20201111,2,PM2.5_24h,佳木斯,27.0
20201111,2,PM10,佳木斯,59.0
20201111,2,PM10_24h,佳木斯,41.0
20201111,2,SO2,佳木斯,7.0
20201111,2,SO2_24h,佳木斯,7.0
20201111,2,NO2,佳木斯,44.0
20201111,2,NO2_24h,佳木斯,31.0
20201111,2,O3,佳木斯,7.0
20201111,2,O3_24h,佳木斯,52.0
20201111,2,O3_8h,佳木斯,7.0
20201111,2,O3_8h_24h,佳木斯,7.0
20201111,2,CO,佳木斯,0.73
20201111,2,CO_24h,佳木斯,0.6
20201111,3,AQI,佳木斯,54.0
20201111,3,PM2.5,佳木斯,36.0
20201111,3,PM2.5_24h,佳木斯,29.0
20201111,3,PM10,佳木斯,57.0
20201111,3,PM10_24h,佳木斯,43.0
20201111,3,SO2,佳木斯,8.0
20201111,3,SO2_24h,佳木斯,7.0
20201111,3,NO2,佳木斯,45.0
20201111,3,NO2_24h,佳木斯,32.0
20201111,3,O3,佳木斯,6.0
20201111,3,O3_24h,佳木斯,52.0
20201111,3,O3_8h,佳木斯,6.0
20201111,3,O3_8h_24h,佳木斯,7.0
20201111,3,CO,佳木斯,0.75
20201111,3,CO_24h,佳木斯,0.63
20201111,4,AQI,佳木斯,55.0
20201111,4,PM2.5,佳木斯,38.0
20201111,4,PM2.5_24h,佳木斯,30.0
20201111,4,PM10,佳木斯,59.0
20201111,4,PM10_24h,佳木斯,44.0
20201111,4,SO2,佳木斯,8.0
20201111,4,SO2_24h,佳木斯,7.0
20201111,4,NO2,佳木斯,39.0
20201111,4,NO2_24h,佳木斯,33.0
20201111,4,O3,佳木斯,8.0
20201111,4,O3_24h,佳木斯,52.0
20201111,4,O3_8h,佳木斯,7.0
20201111,4,O3_8h_24h,佳木斯,7.0
20201111,4,CO,佳木斯,0.63
20201111,4,CO_24h,佳木斯,0.65
20201111,5,AQI,佳木斯,54.0
20201111,5,PM2.5,佳木斯,36.0
20201111,5,PM2.5_24h,佳木斯,31.0
20201111,5,PM10,佳木斯,57.0
20201111,5,PM10_24h,佳木斯,46.0
20201111,5,SO2,佳木斯,6.0
20201111,5,SO2_24h,佳木斯,7.0
20201111,5,NO2,佳木斯,34.0
20201111,5,NO2_24h,佳木斯,34.0
20201111,5,O3,佳木斯,11.0
20201111,5,O3_24h,佳木斯,52.0
20201111,5,O3_8h,佳木斯,7.0
20201111,5,O3_8h_24h,佳木斯,8.0
20201111,5,CO,佳木斯,0.53
20201111,5,CO_24h,佳木斯,0.68
20201111,6,AQI,佳木斯,50.0
20201111,6,PM2.5,佳木斯,32.0
20201111,6,PM2.5_24h,佳木斯,32.0
20201111,6,PM10,佳木斯,50.0
20201111,6,PM10_24h,佳木斯,47.0
20201111,6,SO2,佳木斯,5.0
20201111,6,SO2_24h,佳木斯,7.0
20201111,6,NO2,佳木斯,38.0
20201111,6,NO2_24h,佳木斯,35.0
20201111,6,O3,佳木斯,9.0
20201111,6,O3_24h,佳木斯,52.0
20201111,6,O3_8h,佳木斯,8.0
20201111,6,O3_8h_24h,佳木斯,8.0
20201111,6,CO,佳木斯,0.55
20201111,6,CO_24h,佳木斯,0.68
20201111,8,AQI,佳木斯,58.0
20201111,8,PM2.5,佳木斯,41.0
20201111,8,PM2.5_24h,佳木斯,34.0
20201111,8,PM10,佳木斯,55.0
20201111,8,PM10_24h,佳木斯,50.0
20201111,8,SO2,佳木斯,8.0
20201111,8,SO2_24h,佳木斯,7.0
20201111,8,NO2,佳木斯,38.0
20201111,8,NO2_24h,佳木斯,36.0
20201111,8,O3,佳木斯,8.0
20201111,8,O3_24h,佳木斯,52.0
20201111,8,O3_8h,佳木斯,8.0
20201111,8,O3_8h_24h,佳木斯,8.0
20201111,8,CO,佳木斯,1.27
20201111,8,CO_24h,佳木斯,0.7
20201111,10,AQI,佳木斯,84.0
20201111,10,PM2.5,佳木斯,62.0
20201111,10,PM2.5_24h,佳木斯,38.0
20201111,10,PM10,佳木斯,90.0
20201111,10,PM10_24h,佳木斯,55.0
20201111,10,SO2,佳木斯,40.0
20201111,10,SO2_24h,佳木斯,9.0
20201111,10,NO2,佳木斯,45.0
20201111,10,NO2_24h,佳木斯,38.0
20201111,10,O3,佳木斯,16.0
20201111,10,O3_24h,佳木斯,52.0
20201111,10,O3_8h,佳木斯,9.0
20201111,10,O3_8h_24h,佳木斯,9.0
20201111,10,CO,佳木斯,0.95
20201111,10,CO_24h,佳木斯,0.73
20201111,11,AQI,佳木斯,79.0
20201111,11,PM2.5,佳木斯,58.0
20201111,11,PM2.5_24h,佳木斯,39.0
20201111,11,PM10,佳木斯,84.0
20201111,11,PM10_24h,佳木斯,56.0
20201111,11,SO2,佳木斯,11.0
20201111,11,SO2_24h,佳木斯,9.0
20201111,11,NO2,佳木斯,48.0
20201111,11,NO2_24h,佳木斯,40.0
20201111,11,O3,佳木斯,21.0
20201111,11,O3_24h,佳木斯,50.0
20201111,11,O3_8h,佳木斯,11.0
20201111,11,O3_8h_24h,佳木斯,11.0
20201111,11,CO,佳木斯,0.95
20201111,11,CO_24h,佳木斯,0.75
20201111,12,AQI,佳木斯,98.0
20201111,12,PM2.5,佳木斯,73.0
20201111,12,PM2.5_24h,佳木斯,42.0
20201111,12,PM10,佳木斯,99.0
20201111,12,PM10_24h,佳木斯,60.0
20201111,12,SO2,佳木斯,12.0
20201111,12,SO2_24h,佳木斯,9.0
20201111,12,NO2,佳木斯,45.0
20201111,12,NO2_24h,佳木斯,41.0
20201111,12,O3,佳木斯,23.0
20201111,12,O3_24h,佳木斯,45.0
20201111,12,O3_8h,佳木斯,13.0
20201111,12,O3_8h_24h,佳木斯,13.0
20201111,12,CO,佳木斯,0.97
20201111,12,CO_24h,佳木斯,0.8
20201111,13,AQI,佳木斯,98.0
20201111,13,PM2.5,佳木斯,73.0
20201111,13,PM2.5_24h,佳木斯,44.0
20201111,13,PM10,佳木斯,99.0
20201111,13,PM10_24h,佳木斯,63.0
20201111,13,SO2,佳木斯,11.0
20201111,13,SO2_24h,佳木斯,9.0
20201111,13,NO2,佳木斯,45.0
20201111,13,NO2_24h,佳木斯,42.0
20201111,13,O3,佳木斯,27.0
20201111,13,O3_24h,佳木斯,44.0
20201111,13,O3_8h,佳木斯,15.0
20201111,13,O3_8h_24h,佳木斯,16.0
20201111,13,CO,佳木斯,0.88
20201111,13,CO_24h,佳木斯,0.82
20201111,14,AQI,佳木斯,83.0
20201111,14,PM2.5,佳木斯,61.0
20201111,14,PM2.5_24h,佳木斯,46.0
20201111,14,PM10,佳木斯,84.0
20201111,14,PM10_24h,佳木斯,65.0
20201111,14,SO2,佳木斯,12.0
20201111,14,SO2_24h,佳木斯,10.0
20201111,14,NO2,佳木斯,43.0
20201111,14,NO2_24h,佳木斯,43.0
20201111,14,O3,佳木斯,27.0
20201111,14,O3_24h,佳木斯,41.0
20201111,14,O3_8h,佳木斯,17.0
20201111,14,O3_8h_24h,佳木斯,18.0
20201111,14,CO,佳木斯,0.97
20201111,14,CO_24h,佳木斯,0.85
20201111,15,AQI,佳木斯,93.0
20201111,15,PM2.5,佳木斯,69.0
20201111,15,PM2.5_24h,佳木斯,48.0
20201111,15,PM10,佳木斯,102.0
20201111,15,PM10_24h,佳木斯,68.0
20201111,15,SO2,佳木斯,12.0
20201111,15,SO2_24h,佳木斯,10.0
20201111,15,NO2,佳木斯,55.0
20201111,15,NO2_24h,佳木斯,44.0
20201111,15,O3,佳木斯,19.0
20201111,15,O3_24h,佳木斯,36.0
20201111,15,O3_8h,佳木斯,19.0
20201111,15,O3_8h_24h,佳木斯,19.0
20201111,15,CO,佳木斯,0.83
20201111,15,CO_24h,佳木斯,0.85
20201111,16,AQI,佳木斯,93.0
20201111,16,PM2.5,佳木斯,69.0
20201111,16,PM2.5_24h,佳木斯,50.0
20201111,16,PM10,佳木斯,103.0
20201111,16,PM10_24h,佳木斯,71.0
20201111,16,SO2,佳木斯,14.0
20201111,16,SO2_24h,佳木斯,10.0
20201111,16,NO2,佳木斯,55.0
20201111,16,NO2_24h,佳木斯,45.0
20201111,16,O3,佳木斯,12.0
20201111,16,O3_24h,佳木斯,33.0
20201111,16,O3_8h,佳木斯,19.0
20201111,16,O3_8h_24h,佳木斯,20.0
20201111,16,CO,佳木斯,0.87
20201111,16,CO_24h,佳木斯,0.88
20201111,17,AQI,佳木斯,88.0
20201111,17,PM2.5,佳木斯,65.0
20201111,17,PM2.5_24h,佳木斯,51.0
20201111,17,PM10,佳木斯,100.0
20201111,17,PM10_24h,佳木斯,74.0
20201111,17,SO2,佳木斯,17.0
20201111,17,SO2_24h,佳木斯,11.0
20201111,17,NO2,佳木斯,57.0
20201111,17,NO2_24h,佳木斯,46.0
20201111,17,O3,佳木斯,10.0
20201111,17,O3_24h,佳木斯,32.0
20201111,17,O3_8h,佳木斯,19.0
20201111,17,O3_8h_24h,佳木斯,20.0
20201111,17,CO,佳木斯,0.95
20201111,17,CO_24h,佳木斯,0.88
20201111,18,AQI,佳木斯,83.0
20201111,18,PM2.5,佳木斯,61.0
20201111,18,PM2.5_24h,佳木斯,52.0
20201111,18,PM10,佳木斯,98.0
20201111,18,PM10_24h,佳木斯,76.0
20201111,18,SO2,佳木斯,14.0
20201111,18,SO2_24h,佳木斯,11.0
20201111,18,NO2,佳木斯,53.0
20201111,18,NO2_24h,佳木斯,46.0
20201111,18,O3,佳木斯,12.0
20201111,18,O3_24h,佳木斯,32.0
20201111,18,O3_8h,佳木斯,18.0
20201111,18,O3_8h_24h,佳木斯,20.0
20201111,18,CO,佳木斯,1.15
20201111,18,CO_24h,佳木斯,0.9
20201111,19,AQI,佳木斯,88.0
20201111,19,PM2.5,佳木斯,65.0
20201111,19,PM2.5_24h,佳木斯,53.0
20201111,19,PM10,佳木斯,103.0
20201111,19,PM10_24h,佳木斯,78.0
20201111,19,SO2,佳木斯,13.0
20201111,19,SO2_24h,佳木斯,11.0
20201111,19,NO2,佳木斯,55.0
20201111,19,NO2_24h,佳木斯,46.0
20201111,19,O3,佳木斯,9.0
20201111,19,O3_24h,佳木斯,31.0
20201111,19,O3_8h,佳木斯,17.0
20201111,19,O3_8h_24h,佳木斯,20.0
20201111,19,CO,佳木斯,1.45
20201111,19,CO_24h,佳木斯,0.95
20201111,20,AQI,佳木斯,100.0
20201111,20,PM2.5,佳木斯,75.0
20201111,20,PM2.5_24h,佳木斯,53.0
20201111,20,PM10,佳木斯,116.0
20201111,20,PM10_24h,佳木斯,80.0
20201111,20,SO2,佳木斯,13.0
20201111,20,SO2_24h,佳木斯,12.0
20201111,20,NO2,佳木斯,57.0
20201111,20,NO2_24h,佳木斯,47.0
20201111,20,O3,佳木斯,6.0
20201111,20,O3_24h,佳木斯,31.0
20201111,20,O3_8h,佳木斯,15.0
20201111,20,O3_8h_24h,佳木斯,20.0
20201111,20,CO,佳木斯,1.3
20201111,20,CO_24h,佳木斯,0.95
20201111,21,AQI,佳木斯,113.0
20201111,21,PM2.5,佳木斯,85.0
20201111,21,PM2.5_24h,佳木斯,55.0
20201111,21,PM10,佳木斯,125.0
20201111,21,PM10_24h,佳木斯,81.0
20201111,21,SO2,佳木斯,14.0
20201111,21,SO2_24h,佳木斯,12.0
20201111,21,NO2,佳木斯,56.0
20201111,21,NO2_24h,佳木斯,47.0
20201111,21,O3,佳木斯,6.0
20201111,21,O3_24h,佳木斯,31.0
20201111,21,O3_8h,佳木斯,12.0
20201111,21,O3_8h_24h,佳木斯,20.0
20201111,21,CO,佳木斯,1.35
20201111,21,CO_24h,佳木斯,0.95
20201111,22,AQI,佳木斯,116.0
20201111,22,PM2.5,佳木斯,88.0
20201111,22,PM2.5_24h,佳木斯,56.0
20201111,22,PM10,佳木斯,122.0
20201111,22,PM10_24h,佳木斯,83.0
20201111,22,SO2,佳木斯,12.0
20201111,22,SO2_24h,佳木斯,12.0
20201111,22,NO2,佳木斯,53.0
20201111,22,NO2_24h,佳木斯,47.0
20201111,22,O3,佳木斯,7.0
20201111,22,O3_24h,佳木斯,31.0
20201111,22,O3_8h,佳木斯,10.0
20201111,22,O3_8h_24h,佳木斯,20.0
20201111,22,CO,佳木斯,1.6
20201111,22,CO_24h,佳木斯,0.97
20201111,23,AQI,佳木斯,120.0
20201111,23,PM2.5,佳木斯,91.0
20201111,23,PM2.5_24h,佳木斯,58.0
20201111,23,PM10,佳木斯,120.0
20201111,23,PM10_24h,佳木斯,85.0
20201111,23,SO2,佳木斯,11.0
20201111,23,SO2_24h,佳木斯,12.0
20201111,23,NO2,佳木斯,47.0
20201111,23,NO2_24h,佳木斯,47.0
20201111,23,O3,佳木斯,7.0
20201111,23,O3_24h,佳木斯,31.0
20201111,23,O3_8h,佳木斯,9.0
20201111,23,O3_8h_24h,佳木斯,20.0
20201111,23,CO,佳木斯,1.7
20201111,23,CO_24h,佳木斯,1.03
20201111,0,AQI,七台河,78.0
20201111,0,PM2.5,七台河,57.0
20201111,0,PM2.5_24h,七台河,29.0
20201111,0,PM10,七台河,77.0
20201111,0,PM10_24h,七台河,70.0
20201111,0,SO2,七台河,9.0
20201111,0,SO2_24h,七台河,9.0
20201111,0,NO2,七台河,34.0
20201111,0,NO2_24h,七台河,29.0
20201111,0,O3,七台河,25.0
20201111,0,O3_24h,七台河,62.0
20201111,0,O3_8h,七台河,23.0
20201111,0,O3_8h_24h,七台河,51.0
20201111,0,CO,七台河,0.7
20201111,0,CO_24h,七台河,0.6
20201111,1,AQI,七台河,52.0
20201111,1,PM2.5,七台河,31.0
20201111,1,PM2.5_24h,七台河,30.0
20201111,1,PM10,七台河,53.0
20201111,1,PM10_24h,七台河,72.0
20201111,1,SO2,七台河,6.0
20201111,1,SO2_24h,七台河,9.0
20201111,1,NO2,七台河,19.0
20201111,1,NO2_24h,七台河,29.0
20201111,1,O3,七台河,40.0
20201111,1,O3_24h,七台河,62.0
20201111,1,O3_8h,七台河,40.0
20201111,1,O3_8h_24h,七台河,40.0
20201111,1,CO,七台河,0.5
20201111,1,CO_24h,七台河,0.6
20201111,2,AQI,七台河,36.0
20201111,2,PM2.5,七台河,24.0
20201111,2,PM2.5_24h,七台河,30.0
20201111,2,PM10,七台河,36.0
20201111,2,PM10_24h,七台河,73.0
20201111,2,SO2,七台河,4.0
20201111,2,SO2_24h,七台河,9.0
20201111,2,NO2,七台河,19.0
20201111,2,NO2_24h,七台河,30.0
20201111,2,O3,七台河,37.0
20201111,2,O3_24h,七台河,62.0
20201111,2,O3_8h,七台河,38.0
20201111,2,O3_8h_24h,七台河,40.0
20201111,2,CO,七台河,0.4
20201111,2,CO_24h,七台河,0.6
20201111,3,AQI,七台河,44.0
20201111,3,PM2.5,七台河,31.0
20201111,3,PM2.5_24h,七台河,30.0
20201111,3,PM10,七台河,29.0
20201111,3,PM10_24h,七台河,74.0
20201111,3,SO2,七台河,9.0
20201111,3,SO2_24h,七台河,9.0
20201111,3,NO2,七台河,35.0
20201111,3,NO2_24h,七台河,31.0
20201111,3,O3,七台河,26.0
20201111,3,O3_24h,七台河,62.0
20201111,3,O3_8h,七台河,34.0
20201111,3,O3_8h_24h,七台河,40.0
20201111,3,CO,七台河,0.8
20201111,3,CO_24h,七台河,0.6
20201111,4,AQI,七台河,61.0
20201111,4,PM2.5,七台河,38.0
20201111,4,PM2.5_24h,七台河,30.0
20201111,4,PM10,七台河,72.0
20201111,4,PM10_24h,七台河,76.0
20201111,4,SO2,七台河,14.0
20201111,4,SO2_24h,七台河,10.0
20201111,4,NO2,七台河,51.0
20201111,4,NO2_24h,七台河,32.0
20201111,4,O3,七台河,13.0
20201111,4,O3_24h,七台河,62.0
20201111,4,O3_8h,七台河,29.0
20201111,4,O3_8h_24h,七台河,40.0
20201111,4,CO,七台河,0.5
20201111,4,CO_24h,七台河,0.6
20201111,5,AQI,七台河,66.0
20201111,5,PM2.5_24h,七台河,30.0
20201111,5,PM10,七台河,81.0
20201111,5,PM10_24h,七台河,73.0
20201111,5,SO2,七台河,19.0
20201111,5,SO2_24h,七台河,10.0
20201111,5,NO2,七台河,53.0
20201111,5,NO2_24h,七台河,33.0
20201111,5,O3,七台河,12.0
20201111,5,O3_24h,七台河,62.0
20201111,5,O3_8h,七台河,26.0
20201111,5,O3_8h_24h,七台河,40.0
20201111,5,CO,七台河,1.5
20201111,5,CO_24h,七台河,0.6
20201111,6,AQI,七台河,77.0
20201111,6,PM2.5,七台河,28.0
20201111,6,PM2.5_24h,七台河,30.0
20201111,6,PM10,七台河,104.0
20201111,6,PM10_24h,七台河,74.0
20201111,6,SO2,七台河,17.0
20201111,6,SO2_24h,七台河,10.0
20201111,6,NO2,七台河,52.0
20201111,6,NO2_24h,七台河,34.0
20201111,6,O3,七台河,8.0
20201111,6,O3_24h,七台河,62.0
20201111,6,O3_8h,七台河,23.0
20201111,6,O3_8h_24h,七台河,40.0
20201111,6,CO,七台河,0.9
20201111,6,CO_24h,七台河,0.7
20201111,8,AQI,七台河,109.0
20201111,8,PM2.5,七台河,54.0
20201111,8,PM2.5_24h,七台河,32.0
20201111,8,PM10,七台河,167.0
20201111,8,PM10_24h,七台河,81.0
20201111,8,SO2,七台河,27.0
20201111,8,SO2_24h,七台河,12.0
20201111,8,NO2,七台河,57.0
20201111,8,NO2_24h,七台河,36.0
20201111,8,O3,七台河,15.0
20201111,8,O3_24h,七台河,62.0
20201111,8,O3_8h,七台河,20.0
20201111,8,O3_8h_24h,七台河,40.0
20201111,8,CO,七台河,1.4
20201111,8,CO_24h,七台河,0.7
20201111,10,AQI,七台河,118.0
20201111,10,PM2.5,七台河,89.0
20201111,10,PM2.5_24h,七台河,35.0
20201111,10,PM10,七台河,88.0
20201111,10,PM10_24h,七台河,82.0
20201111,10,SO2,七台河,26.0
20201111,10,SO2_24h,七台河,13.0
20201111,10,NO2_24h,七台河,37.0
20201111,10,O3,七台河,26.0
20201111,10,O3_24h,七台河,62.0
20201111,10,O3_8h,七台河,16.0
20201111,10,O3_8h_24h,七台河,40.0
20201111,10,CO_24h,七台河,0.7
20201111,11,AQI,七台河,32.0
20201111,11,PM2.5_24h,七台河,36.0
20201111,11,PM10_24h,七台河,83.0
20201111,11,SO2,七台河,32.0
20201111,11,SO2_24h,七台河,14.0
20201111,11,NO2,七台河,64.0
20201111,11,NO2_24h,七台河,39.0
20201111,11,O3,七台河,64.0
20201111,11,O3_24h,七台河,64.0
20201111,11,O3_8h,七台河,21.0
20201111,11,O3_8h_24h,七台河,40.0
20201111,11,CO_24h,七台河,0.7
20201111,12,AQI,七台河,162.0
20201111,12,PM2.5,七台河,89.0
20201111,12,PM2.5_24h,七台河,40.0
20201111,12,PM10,七台河,274.0
20201111,12,PM10_24h,七台河,93.0
20201111,12,SO2,七台河,28.0
20201111,12,SO2_24h,七台河,14.0
20201111,12,NO2,七台河,61.0
20201111,12,NO2_24h,七台河,41.0
20201111,12,O3,七台河,52.0
20201111,12,O3_24h,七台河,64.0
20201111,12,O3_8h,七台河,26.0
20201111,12,O3_8h_24h,七台河,40.0
20201111,12,CO_24h,七台河,0.7
20201111,13,AQI,七台河,91.0
20201111,13,PM2.5,七台河,68.0
20201111,13,PM2.5_24h,七台河,43.0
20201111,13,PM10,七台河,112.0
20201111,13,PM10_24h,七台河,96.0
20201111,13,SO2,七台河,43.0
20201111,13,SO2_24h,七台河,16.0
20201111,13,NO2,七台河,61.0
20201111,13,NO2_24h,七台河,43.0
20201111,13,O3,七台河,41.0
20201111,13,O3_24h,七台河,64.0
20201111,13,O3_8h,七台河,30.0
20201111,13,O3_8h_24h,七台河,40.0
20201111,13,CO,七台河,1.3
20201111,13,CO_24h,七台河,0.8
20201111,14,AQI,七台河,80.0
20201111,14,PM2.5,七台河,59.0
20201111,14,PM2.5_24h,七台河,45.0
20201111,14,PM10,七台河,101.0
20201111,14,PM10_24h,七台河,99.0
20201111,14,SO2,七台河,57.0
20201111,14,SO2_24h,七台河,18.0
20201111,14,NO2,七台河,68.0
20201111,14,NO2_24h,七台河,45.0
20201111,14,O3,七台河,24.0
20201111,14,O3_24h,七台河,64.0
20201111,14,O3_8h,七台河,32.0
20201111,14,O3_8h_24h,七台河,40.0
20201111,14,CO,七台河,1.6
20201111,14,CO_24h,七台河,0.8
20201111,15,AQI,七台河,79.0
20201111,15,PM2.5,七台河,58.0
20201111,15,PM2.5_24h,七台河,47.0
20201111,15,PM10,七台河,93.0
20201111,15,PM10_24h,七台河,102.0
20201111,15,SO2,七台河,43.0
20201111,15,SO2_24h,七台河,19.0
20201111,15,NO2,七台河,76.0
20201111,15,NO2_24h,七台河,48.0
20201111,15,O3,七台河,21.0
20201111,15,O3_24h,七台河,64.0
20201111,15,O3_8h,七台河,33.0
20201111,15,O3_8h_24h,七台河,40.0
20201111,15,CO,七台河,1.1
20201111,15,CO_24h,七台河,0.8
20201111,16,AQI,七台河,82.0
20201111,16,PM2.5,七台河,46.0
20201111,16,PM2.5_24h,七台河,48.0
20201111,16,PM10,七台河,113.0
20201111,16,PM10_24h,七台河,105.0
20201111,16,SO2,七台河,22.0
20201111,16,SO2_24h,七台河,19.0
20201111,16,NO2,七台河,81.0
20201111,16,NO2_24h,七台河,50.0
20201111,16,O3,七台河,6.0
20201111,16,O3_24h,七台河,64.0
20201111,16,O3_8h,七台河,32.0
20201111,16,O3_8h_24h,七台河,40.0
20201111,16,CO,七台河,0.8
20201111,16,CO_24h,七台河,0.8
20201111,17,AQI,七台河,76.0
20201111,17,PM2.5,七台河,52.0
20201111,17,PM2.5_24h,七台河,49.0
20201111,17,PM10,七台河,101.0
20201111,17,PM10_24h,七台河,107.0
20201111,17,SO2,七台河,22.0
20201111,17,SO2_24h,七台河,20.0
20201111,17,NO2,七台河,81.0
20201111,17,NO2_24h,七台河,52.0
20201111,17,O3,七台河,7.0
20201111,17,O3_24h,七台河,64.0
20201111,17,O3_8h,七台河,30.0
20201111,17,O3_8h_24h,七台河,40.0
20201111,17,CO,七台河,0.9
20201111,17,CO_24h,七台河,0.8
20201111,18,AQI,七台河,78.0
20201111,18,PM2.5,七台河,51.0
20201111,18,PM2.5_24h,七台河,50.0
20201111,18,PM10,七台河,105.0
20201111,18,PM10_24h,七台河,108.0
20201111,18,SO2,七台河,25.0
20201111,18,SO2_24h,七台河,21.0
20201111,18,NO2,七台河,68.0
20201111,18,NO2_24h,七台河,52.0
20201111,18,O3,七台河,15.0
20201111,18,O3_24h,七台河,64.0
20201111,18,O3_8h,七台河,29.0
20201111,18,O3_8h_24h,七台河,40.0
20201111,18,CO,七台河,0.5
20201111,18,CO_24h,七台河,0.8
20201111,19,AQI,七台河,67.0
20201111,19,PM2.5,七台河,38.0
20201111,19,PM2.5_24h,七台河,50.0
20201111,19,PM10,七台河,84.0
20201111,19,PM10_24h,七台河,108.0
20201111,19,SO2,七台河,18.0
20201111,19,SO2_24h,七台河,21.0
20201111,19,NO2,七台河,59.0
20201111,19,NO2_24h,七台河,53.0
20201111,19,O3,七台河,22.0
20201111,19,O3_24h,七台河,64.0
20201111,19,O3_8h,七台河,24.0
20201111,19,O3_8h_24h,七台河,40.0
20201111,19,CO,七台河,0.6
20201111,19,CO_24h,七台河,0.8
20201111,20,AQI,七台河,103.0
20201111,20,PM2.5,七台河,77.0
20201111,20,PM2.5_24h,七台河,52.0
20201111,20,PM10,七台河,56.0
20201111,20,PM10_24h,七台河,101.0
20201111,20,SO2,七台河,46.0
20201111,20,SO2_24h,七台河,23.0
20201111,20,NO2,七台河,79.0
20201111,20,NO2_24h,七台河,54.0
20201111,20,O3,七台河,30.0
20201111,20,O3_24h,七台河,64.0
20201111,20,O3_8h,七台河,21.0
20201111,20,O3_8h_24h,七台河,40.0
20201111,20,CO,七台河,2.1
20201111,20,CO_24h,七台河,0.9
20201111,21,AQI,七台河,113.0
20201111,21,PM2.5,七台河,85.0
20201111,21,PM2.5_24h,七台河,54.0
20201111,21,PM10,七台河,130.0
20201111,21,PM10_24h,七台河,99.0
20201111,21,SO2,七台河,84.0
20201111,21,SO2_24h,七台河,26.0
20201111,21,NO2,七台河,93.0
20201111,21,NO2_24h,七台河,57.0
20201111,21,O3,七台河,24.0
20201111,21,O3_24h,七台河,64.0
20201111,21,O3_8h,七台河,19.0
20201111,21,O3_8h_24h,七台河,40.0
20201111,21,CO,七台河,3.3
20201111,21,CO_24h,七台河,1.0
20201111,22,AQI,七台河,99.0
20201111,22,PM2.5,七台河,74.0
20201111,22,PM2.5_24h,七台河,56.0
20201111,22,PM10,七台河,148.0
20201111,22,PM10_24h,七台河,101.0
20201111,22,SO2,七台河,85.0
20201111,22,SO2_24h,七台河,29.0
20201111,22,NO2,七台河,80.0
20201111,22,NO2_24h,七台河,58.0
20201111,22,O3,七台河,19.0
20201111,22,O3_24h,七台河,64.0
20201111,22,O3_8h,七台河,18.0
20201111,22,O3_8h_24h,七台河,40.0
20201111,22,CO,七台河,2.8
20201111,22,CO_24h,七台河,1.1
20201111,23,AQI,七台河,93.0
20201111,23,PM2.5,七台河,69.0
20201111,23,PM2.5_24h,七台河,55.0
20201111,23,PM10,七台河,127.0
20201111,23,PM10_24h,七台河,104.0
20201111,23,SO2,七台河,47.0
20201111,23,SO2_24h,七台河,30.0
20201111,23,NO2,七台河,68.0
20201111,23,NO2_24h,七台河,59.0
20201111,23,O3,七台河,14.0
20201111,23,O3_24h,七台河,64.0
20201111,23,O3_8h,七台河,17.0
20201111,23,O3_8h_24h,七台河,40.0
20201111,23,CO,七台河,1.9
20201111,23,CO_24h,七台河,1.1
20201111,0,AQI,黑河,36.0
20201111,0,PM2.5,黑河,17.0
20201111,0,PM2.5_24h,黑河,18.0
20201111,0,PM10,黑河,36.0
20201111,0,PM10_24h,黑河,37.0
20201111,0,SO2,黑河,14.0
20201111,0,SO2_24h,黑河,12.0
20201111,0,NO2,黑河,15.0
20201111,0,NO2_24h,黑河,17.0
20201111,0,O3,黑河,38.0
20201111,0,O3_24h,黑河,58.0
20201111,0,O3_8h,黑河,41.0
20201111,0,O3_8h_24h,黑河,49.0
20201111,0,CO,黑河,0.4
20201111,0,CO_24h,黑河,0.5
20201111,1,AQI,黑河,41.0
20201111,1,PM2.5,黑河,17.0
20201111,1,PM2.5_24h,黑河,18.0
20201111,1,PM10,黑河,41.0
20201111,1,PM10_24h,黑河,37.0
20201111,1,SO2,黑河,15.0
20201111,1,SO2_24h,黑河,13.0
20201111,1,NO2,黑河,17.0
20201111,1,NO2_24h,黑河,17.0
20201111,1,O3,黑河,33.0
20201111,1,O3_24h,黑河,58.0
20201111,1,O3_8h,黑河,33.0
20201111,1,O3_8h_24h,黑河,33.0
20201111,1,CO,黑河,0.35
20201111,1,CO_24h,黑河,0.5
20201111,2,AQI,黑河,45.0
20201111,2,PM2.5,黑河,19.0
20201111,2,PM2.5_24h,黑河,18.0
20201111,2,PM10,黑河,45.0
20201111,2,PM10_24h,黑河,38.0
20201111,2,SO2,黑河,24.0
20201111,2,SO2_24h,黑河,13.0
20201111,2,NO2,黑河,16.0
20201111,2,NO2_24h,黑河,18.0
20201111,2,O3,黑河,32.0
20201111,2,O3_24h,黑河,58.0
20201111,2,O3_8h,黑河,33.0
20201111,2,O3_8h_24h,黑河,34.0
20201111,2,CO,黑河,0.3
20201111,2,CO_24h,黑河,0.5
20201111,3,AQI,黑河,42.0
20201111,3,PM2.5,黑河,17.0
20201111,3,PM2.5_24h,黑河,18.0
20201111,3,PM10,黑河,42.0
20201111,3,PM10_24h,黑河,39.0
20201111,3,SO2,黑河,14.0
20201111,3,SO2_24h,黑河,13.0
20201111,3,NO2,黑河,17.0
20201111,3,NO2_24h,黑河,18.0
20201111,3,O3,黑河,30.0
20201111,3,O3_24h,黑河,58.0
20201111,3,O3_8h,黑河,32.0
20201111,3,O3_8h_24h,黑河,34.0
20201111,3,CO,黑河,0.3
20201111,3,CO_24h,黑河,0.5
20201111,4,AQI,黑河,43.0
20201111,4,PM2.5,黑河,17.0
20201111,4,PM2.5_24h,黑河,18.0
20201111,4,PM10,黑河,43.0
20201111,4,PM10_24h,黑河,40.0
20201111,4,SO2,黑河,14.0
20201111,4,SO2_24h,黑河,14.0
20201111,4,NO2,黑河,14.0
20201111,4,NO2_24h,黑河,19.0
20201111,4,O3,黑河,29.0
20201111,4,O3_24h,黑河,58.0
20201111,4,O3_8h,黑河,31.0
20201111,4,O3_8h_24h,黑河,34.0
20201111,4,CO,黑河,0.35
20201111,4,CO_24h,黑河,0.5
20201111,5,AQI,黑河,41.0
20201111,5,PM2.5,黑河,17.0
20201111,5,PM2.5_24h,黑河,19.0
20201111,5,PM10,黑河,41.0
20201111,5,PM10_24h,黑河,41.0
20201111,5,SO2,黑河,13.0
20201111,5,SO2_24h,黑河,14.0
20201111,5,NO2,黑河,13.0
20201111,5,NO2_24h,黑河,19.0
20201111,5,O3,黑河,25.0
20201111,5,O3_24h,黑河,58.0
20201111,5,O3_8h,黑河,30.0
20201111,5,O3_8h_24h,黑河,34.0
20201111,5,CO,黑河,0.4
20201111,5,CO_24h,黑河,0.5
20201111,6,AQI,黑河,41.0
20201111,6,PM2.5,黑河,18.0
20201111,6,PM2.5_24h,黑河,19.0
20201111,6,PM10,黑河,41.0
20201111,6,PM10_24h,黑河,41.0
20201111,6,SO2,黑河,34.0
20201111,6,SO2_24h,黑河,15.0
20201111,6,NO2,黑河,16.0
20201111,6,NO2_24h,黑河,19.0
20201111,6,O3,黑河,21.0
20201111,6,O3_24h,黑河,58.0
20201111,6,O3_8h,黑河,28.0
20201111,6,O3_8h_24h,黑河,34.0
20201111,6,CO,黑河,0.35
20201111,6,CO_24h,黑河,0.5
20201111,8,AQI,黑河,42.0
20201111,8,PM2.5,黑河,22.0
20201111,8,PM2.5_24h,黑河,19.0
20201111,8,PM10,黑河,42.0
20201111,8,PM10_24h,黑河,43.0
20201111,8,SO2,黑河,23.0
20201111,8,SO2_24h,黑河,17.0
20201111,8,NO2,黑河,18.0
20201111,8,NO2_24h,黑河,18.0
20201111,8,O3,黑河,19.0
20201111,8,O3_24h,黑河,58.0
20201111,8,O3_8h,黑河,26.0
20201111,8,O3_8h_24h,黑河,34.0
20201111,8,CO,黑河,0.55
20201111,8,CO_24h,黑河,0.5
20201111,10,AQI,黑河,43.0
20201111,10,PM2.5,黑河,17.0
20201111,10,PM2.5_24h,黑河,18.0
20201111,10,PM10,黑河,43.0
20201111,10,PM10_24h,黑河,39.0
20201111,10,SO2,黑河,12.0
20201111,10,SO2_24h,黑河,17.0
20201111,10,NO2,黑河,16.0
20201111,10,NO2_24h,黑河,17.0
20201111,10,O3,黑河,29.0
20201111,10,O3_24h,黑河,58.0
20201111,10,O3_8h,黑河,24.0
20201111,10,O3_8h_24h,黑河,34.0
20201111,10,CO,黑河,0.45
20201111,10,CO_24h,黑河,0.45
20201111,11,AQI,黑河,36.0
20201111,11,PM2.5,黑河,19.0
20201111,11,PM2.5_24h,黑河,18.0
20201111,11,PM10,黑河,36.0
20201111,11,PM10_24h,黑河,39.0
20201111,11,SO2,黑河,11.0
20201111,11,SO2_24h,黑河,16.0
20201111,11,NO2,黑河,14.0
20201111,11,NO2_24h,黑河,16.0
20201111,11,O3,黑河,37.0
20201111,11,O3_24h,黑河,58.0
20201111,11,O3_8h,黑河,25.0
20201111,11,O3_8h_24h,黑河,34.0
20201111,11,CO,黑河,0.45
20201111,11,CO_24h,黑河,0.4
20201111,12,AQI,黑河,33.0
20201111,12,PM2.5,黑河,15.0
20201111,12,PM2.5_24h,黑河,18.0
20201111,12,PM10,黑河,33.0
20201111,12,PM10_24h,黑河,38.0
20201111,12,SO2,黑河,9.0
20201111,12,SO2_24h,黑河,16.0
20201111,12,NO2,黑河,14.0
20201111,12,NO2_24h,黑河,16.0
20201111,12,O3,黑河,43.0
20201111,12,O3_24h,黑河,58.0
20201111,12,O3_8h,黑河,27.0
20201111,12,O3_8h_24h,黑河,34.0
20201111,12,CO,黑河,0.45
20201111,12,CO_24h,黑河,0.4
20201111,13,AQI,黑河,32.0
20201111,13,PM2.5,黑河,14.0
20201111,13,PM2.5_24h,黑河,18.0
20201111,13,PM10,黑河,32.0
20201111,13,PM10_24h,黑河,38.0
20201111,13,SO2,黑河,9.0
20201111,13,SO2_24h,黑河,16.0
20201111,13,NO2,黑河,13.0
20201111,13,NO2_24h,黑河,17.0
20201111,13,O3,黑河,49.0
20201111,13,O3_24h,黑河,56.0
20201111,13,O3_8h,黑河,30.0
20201111,13,O3_8h_24h,黑河,34.0
20201111,13,CO,黑河,0.4
20201111,13,CO_24h,黑河,0.4
20201111,14,AQI,黑河,35.0
20201111,14,PM2.5,黑河,18.0
20201111,14,PM2.5_24h,黑河,18.0
20201111,14,PM10,黑河,35.0
20201111,14,PM10_24h,黑河,39.0
20201111,14,SO2,黑河,8.0
20201111,14,SO2_24h,黑河,16.0
20201111,14,NO2,黑河,15.0
20201111,14,NO2_24h,黑河,17.0
20201111,14,O3,黑河,50.0
20201111,14,O3_24h,黑河,55.0
20201111,14,O3_8h,黑河,33.0
20201111,14,O3_8h_24h,黑河,35.0
20201111,14,CO,黑河,0.4
20201111,14,CO_24h,黑河,0.4
20201111,15,AQI,黑河,34.0
20201111,15,PM2.5,黑河,15.0
20201111,15,PM2.5_24h,黑河,18.0
20201111,15,PM10,黑河,34.0
20201111,15,PM10_24h,黑河,39.0
20201111,15,SO2,黑河,9.0
20201111,15,SO2_24h,黑河,16.0
20201111,15,NO2,黑河,18.0
20201111,15,NO2_24h,黑河,17.0
20201111,15,O3,黑河,47.0
20201111,15,O3_24h,黑河,52.0
20201111,15,O3_8h,黑河,37.0
20201111,15,O3_8h_24h,黑河,37.0
20201111,15,CO,黑河,0.4
20201111,15,CO_24h,黑河,0.4
20201111,16,AQI,黑河,37.0
20201111,16,PM2.5,黑河,22.0
20201111,16,PM2.5_24h,黑河,18.0
20201111,16,PM10,黑河,37.0
20201111,16,PM10_24h,黑河,39.0
20201111,16,SO2,黑河,8.0
20201111,16,SO2_24h,黑河,17.0
20201111,16,NO2,黑河,24.0
20201111,16,NO2_24h,黑河,17.0
20201111,16,O3,黑河,34.0
20201111,16,O3_24h,黑河,50.0
20201111,16,O3_8h,黑河,39.0
20201111,16,O3_8h_24h,黑河,39.0
20201111,16,CO,黑河,0.5
20201111,16,CO_24h,黑河,0.4
20201111,17,AQI,黑河,34.0
20201111,17,PM2.5,黑河,15.0
20201111,17,PM2.5_24h,黑河,18.0
20201111,17,PM10,黑河,34.0
20201111,17,PM10_24h,黑河,39.0
20201111,17,SO2,黑河,23.0
20201111,17,SO2_24h,黑河,17.0
20201111,17,NO2,黑河,36.0
20201111,17,NO2_24h,黑河,18.0
20201111,17,O3,黑河,19.0
20201111,17,O3_24h,黑河,50.0
20201111,17,O3_8h,黑河,40.0
20201111,17,O3_8h_24h,黑河,40.0
20201111,17,CO,黑河,0.7
20201111,17,CO_24h,黑河,0.4
20201111,18,AQI,黑河,42.0
20201111,18,PM2.5,黑河,21.0
20201111,18,PM2.5_24h,黑河,19.0
20201111,18,PM10,黑河,42.0
20201111,18,PM10_24h,黑河,39.0
20201111,18,SO2,黑河,18.0
20201111,18,SO2_24h,黑河,17.0
20201111,18,NO2,黑河,29.0
20201111,18,NO2_24h,黑河,18.0
20201111,18,O3,黑河,17.0
20201111,18,O3_24h,黑河,50.0
20201111,18,O3_8h,黑河,39.0
20201111,18,O3_8h_24h,黑河,40.0
20201111,18,CO,黑河,0.7
20201111,18,CO_24h,黑河,0.4
20201111,19,AQI,黑河,39.0
20201111,19,PM2.5,黑河,23.0
20201111,19,PM2.5_24h,黑河,19.0
20201111,19,PM10,黑河,39.0
20201111,19,PM10_24h,黑河,39.0
20201111,19,SO2,黑河,18.0
20201111,19,SO2_24h,黑河,18.0
20201111,19,NO2,黑河,21.0
20201111,19,NO2_24h,黑河,18.0
20201111,19,O3,黑河,23.0
20201111,19,O3_24h,黑河,50.0
20201111,19,O3_8h,黑河,37.0
20201111,19,O3_8h_24h,黑河,40.0
20201111,19,CO,黑河,0.6
20201111,19,CO_24h,黑河,0.45
20201111,20,AQI,黑河,37.0
20201111,20,PM2.5,黑河,26.0
20201111,20,PM2.5_24h,黑河,19.0
20201111,20,PM10,黑河,37.0
20201111,20,PM10_24h,黑河,39.0
20201111,20,SO2,黑河,25.0
20201111,20,SO2_24h,黑河,18.0
20201111,20,NO2,黑河,24.0
20201111,20,NO2_24h,黑河,18.0
20201111,20,O3,黑河,19.0
20201111,20,O3_24h,黑河,50.0
20201111,20,O3_8h,黑河,34.0
20201111,20,O3_8h_24h,黑河,40.0
20201111,20,CO,黑河,0.6
20201111,20,CO_24h,黑河,0.45
20201111,21,AQI,黑河,48.0
20201111,21,PM2.5,黑河,28.0
20201111,21,PM2.5_24h,黑河,19.0
20201111,21,PM10,黑河,48.0
20201111,21,PM10_24h,黑河,40.0
20201111,21,SO2,黑河,22.0
20201111,21,SO2_24h,黑河,18.0
20201111,21,NO2,黑河,29.0
20201111,21,NO2_24h,黑河,18.0
20201111,21,O3,黑河,10.0
20201111,21,O3_24h,黑河,50.0
20201111,21,O3_8h,黑河,28.0
20201111,21,O3_8h_24h,黑河,40.0
20201111,21,CO,黑河,0.7
20201111,21,CO_24h,黑河,0.45
20201111,22,AQI,黑河,60.0
20201111,22,PM2.5,黑河,38.0
20201111,22,PM2.5_24h,黑河,20.0
20201111,22,PM10,黑河,69.0
20201111,22,PM10_24h,黑河,41.0
20201111,22,SO2,黑河,16.0
20201111,22,SO2_24h,黑河,18.0
20201111,22,NO2,黑河,30.0
20201111,22,NO2_24h,黑河,19.0
20201111,22,O3,黑河,7.0
20201111,22,O3_24h,黑河,50.0
20201111,22,O3_8h,黑河,22.0
20201111,22,O3_8h_24h,黑河,40.0
20201111,22,CO,黑河,0.9
20201111,22,CO_24h,黑河,0.5
20201111,23,AQI,黑河,65.0
20201111,23,PM2.5,黑河,44.0
20201111,23,PM2.5_24h,黑河,21.0
20201111,23,PM10,黑河,80.0
20201111,23,PM10_24h,黑河,43.0
20201111,23,SO2,黑河,14.0
20201111,23,SO2_24h,黑河,18.0
20201111,23,NO2,黑河,26.0
20201111,23,NO2_24h,黑河,19.0
20201111,23,O3,黑河,8.0
20201111,23,O3_24h,黑河,50.0
20201111,23,O3_8h,黑河,17.0
20201111,23,O3_8h_24h,黑河,40.0
20201111,23,CO,黑河,1.1
20201111,23,CO_24h,黑河,0.5
20201111,0,AQI,绥化,58.0
20201111,0,PM2.5,绥化,35.0
20201111,0,PM2.5_24h,绥化,25.0
20201111,0,PM10,绥化,65.0
20201111,0,PM10_24h,绥化,44.0
20201111,0,SO2,绥化,5.0
20201111,0,SO2_24h,绥化,7.0
20201111,0,NO2,绥化,31.0
20201111,0,NO2_24h,绥化,27.0
20201111,0,O3,绥化,15.0
20201111,0,O3_24h,绥化,41.0
20201111,0,O3_8h,绥化,11.0
20201111,0,O3_8h_24h,绥化,30.0
20201111,0,CO,绥化,0.4
20201111,0,CO_24h,绥化,0.3
20201111,1,AQI,绥化,55.0
20201111,1,PM2.5,绥化,34.0
20201111,1,PM2.5_24h,绥化,26.0
20201111,1,PM10,绥化,60.0
20201111,1,PM10_24h,绥化,45.0
20201111,1,SO2,绥化,5.0
20201111,1,SO2_24h,绥化,7.0
20201111,1,NO2,绥化,27.0
20201111,1,NO2_24h,绥化,27.0
20201111,1,O3,绥化,19.0
20201111,1,O3_24h,绥化,40.0
20201111,1,O3_8h,绥化,19.0
20201111,1,O3_8h_24h,绥化,19.0
20201111,1,CO,绥化,0.4
20201111,1,CO_24h,绥化,0.3
20201111,2,AQI,绥化,55.0
20201111,2,PM2.5,绥化,33.0
20201111,2,PM2.5_24h,绥化,27.0
20201111,2,PM10,绥化,60.0
20201111,2,PM10_24h,绥化,46.0
20201111,2,SO2,绥化,5.0
20201111,2,SO2_24h,绥化,7.0
20201111,2,NO2,绥化,27.0
20201111,2,NO2_24h,绥化,28.0
20201111,2,O3,绥化,20.0
20201111,2,O3_24h,绥化,37.0
20201111,2,O3_8h,绥化,19.0
20201111,2,O3_8h_24h,绥化,19.0
20201111,2,CO,绥化,0.35
20201111,2,CO_24h,绥化,0.3
20201111,3,AQI,绥化,56.0
20201111,3,PM2.5,绥化,32.0
20201111,3,PM2.5_24h,绥化,28.0
20201111,3,PM10,绥化,61.0
20201111,3,PM10_24h,绥化,48.0
20201111,3,SO2,绥化,6.0
20201111,3,SO2_24h,绥化,7.0
20201111,3,NO2,绥化,26.0
20201111,3,NO2_24h,绥化,28.0
20201111,3,O3,绥化,20.0
20201111,3,O3_24h,绥化,35.0
20201111,3,O3_8h,绥化,20.0
20201111,3,O3_8h_24h,绥化,20.0
20201111,3,CO,绥化,0.35
20201111,3,CO_24h,绥化,0.35
20201111,4,AQI,绥化,55.0
20201111,4,PM2.5,绥化,32.0
20201111,4,PM2.5_24h,绥化,28.0
20201111,4,PM10,绥化,60.0
20201111,4,PM10_24h,绥化,49.0
20201111,4,SO2,绥化,6.0
20201111,4,SO2_24h,绥化,7.0
20201111,4,NO2,绥化,27.0
20201111,4,NO2_24h,绥化,28.0
20201111,4,O3,绥化,18.0
20201111,4,O3_24h,绥化,34.0
20201111,4,O3_8h,绥化,19.0
20201111,4,O3_8h_24h,绥化,20.0
20201111,4,CO,绥化,0.35
20201111,4,CO_24h,绥化,0.35
20201111,5,AQI,绥化,56.0
20201111,5,PM2.5,绥化,34.0
20201111,5,PM2.5_24h,绥化,29.0
20201111,5,PM10,绥化,62.0
20201111,5,PM10_24h,绥化,50.0
20201111,5,SO2,绥化,6.0
20201111,5,SO2_24h,绥化,7.0
20201111,5,NO2,绥化,27.0
20201111,5,NO2_24h,绥化,29.0
20201111,5,O3,绥化,18.0
20201111,5,O3_24h,绥化,34.0
20201111,5,O3_8h,绥化,19.0
20201111,5,O3_8h_24h,绥化,20.0
20201111,5,CO,绥化,0.4
20201111,5,CO_24h,绥化,0.35
20201111,6,AQI,绥化,60.0
20201111,6,PM2.5,绥化,37.0
20201111,6,PM2.5_24h,绥化,29.0
20201111,6,PM10,绥化,70.0
20201111,6,PM10_24h,绥化,52.0
20201111,6,SO2,绥化,7.0
20201111,6,SO2_24h,绥化,7.0
20201111,6,NO2,绥化,30.0
20201111,6,NO2_24h,绥化,29.0
20201111,6,O3,绥化,15.0
20201111,6,O3_24h,绥化,34.0
20201111,6,O3_8h,绥化,18.0
20201111,6,O3_8h_24h,绥化,20.0
20201111,6,CO,绥化,0.4
20201111,6,CO_24h,绥化,0.4
20201111,8,AQI,绥化,74.0
20201111,8,PM2.5,绥化,54.0
20201111,8,PM2.5_24h,绥化,32.0
20201111,8,PM10,绥化,95.0
20201111,8,PM10_24h,绥化,57.0
20201111,8,SO2,绥化,16.0
20201111,8,SO2_24h,绥化,8.0
20201111,8,NO2,绥化,32.0
20201111,8,NO2_24h,绥化,30.0
20201111,8,O3,绥化,19.0
20201111,8,O3_24h,绥化,34.0
20201111,8,O3_8h,绥化,18.0
20201111,8,O3_8h_24h,绥化,20.0
20201111,8,CO,绥化,0.55
20201111,8,CO_24h,绥化,0.4
20201111,10,AQI,绥化,86.0
20201111,10,PM2.5,绥化,64.0
20201111,10,PM2.5_24h,绥化,35.0
20201111,10,PM10,绥化,111.0
20201111,10,PM10_24h,绥化,63.0
20201111,10,SO2,绥化,19.0
20201111,10,SO2_24h,绥化,9.0
20201111,10,NO2,绥化,30.0
20201111,10,NO2_24h,绥化,31.0
20201111,10,O3,绥化,34.0
20201111,10,O3_24h,绥化,34.0
20201111,10,O3_8h,绥化,20.0
20201111,10,O3_8h_24h,绥化,20.0
20201111,10,CO,绥化,0.65
20201111,10,CO_24h,绥化,0.4
20201111,11,AQI,绥化,96.0
20201111,11,PM2.5,绥化,72.0
20201111,11,PM2.5_24h,绥化,37.0
20201111,11,PM10,绥化,116.0
20201111,11,PM10_24h,绥化,66.0
20201111,11,SO2,绥化,16.0
20201111,11,SO2_24h,绥化,9.0
20201111,11,NO2,绥化,31.0
20201111,11,NO2_24h,绥化,31.0
20201111,11,O3,绥化,39.0
20201111,11,O3_24h,绥化,39.0
20201111,11,O3_8h,绥化,23.0
20201111,11,O3_8h_24h,绥化,23.0
20201111,11,CO,绥化,0.7
20201111,11,CO_24h,绥化,0.4
20201111,12,AQI,绥化,105.0
20201111,12,PM2.5,绥化,79.0
20201111,12,PM2.5_24h,绥化,40.0
20201111,12,PM10,绥化,120.0
20201111,12,PM10_24h,绥化,70.0
20201111,12,SO2,绥化,15.0
20201111,12,SO2_24h,绥化,10.0
20201111,12,NO2,绥化,35.0
20201111,12,NO2_24h,绥化,32.0
20201111,12,O3,绥化,42.0
20201111,12,O3_24h,绥化,42.0
20201111,12,O3_8h,绥化,26.0
20201111,12,O3_8h_24h,绥化,26.0
20201111,12,CO,绥化,0.8
20201111,12,CO_24h,绥化,0.45
20201111,13,AQI,绥化,110.0
20201111,13,PM2.5,绥化,83.0
20201111,13,PM2.5_24h,绥化,42.0
20201111,13,PM10,绥化,121.0
20201111,13,PM10_24h,绥化,74.0
20201111,13,SO2,绥化,16.0
20201111,13,SO2_24h,绥化,10.0
20201111,13,NO2,绥化,40.0
20201111,13,NO2_24h,绥化,33.0
20201111,13,O3,绥化,45.0
20201111,13,O3_24h,绥化,45.0
20201111,13,O3_8h,绥化,29.0
20201111,13,O3_8h_24h,绥化,29.0
20201111,13,CO,绥化,0.85
20201111,13,CO_24h,绥化,0.5
20201111,14,AQI,绥化,113.0
20201111,14,PM2.5,绥化,85.0
20201111,14,PM2.5_24h,绥化,45.0
20201111,14,PM10,绥化,121.0
20201111,14,PM10_24h,绥化,77.0
20201111,14,SO2,绥化,15.0
20201111,14,SO2_24h,绥化,11.0
20201111,14,NO2,绥化,45.0
20201111,14,NO2_24h,绥化,34.0
20201111,14,O3,绥化,43.0
20201111,14,O3_24h,绥化,45.0
20201111,14,O3_8h,绥化,33.0
20201111,14,O3_8h_24h,绥化,33.0
20201111,14,CO,绥化,0.85
20201111,14,CO_24h,绥化,0.5
20201111,15,AQI,绥化,106.0
20201111,15,PM2.5,绥化,80.0
20201111,15,PM2.5_24h,绥化,47.0
20201111,15,PM10,绥化,120.0
20201111,15,PM10_24h,绥化,81.0
20201111,15,SO2,绥化,17.0
20201111,15,SO2_24h,绥化,11.0
20201111,15,NO2,绥化,47.0
20201111,15,NO2_24h,绥化,35.0
20201111,15,O3,绥化,42.0
20201111,15,O3_24h,绥化,45.0
20201111,15,O3_8h,绥化,36.0
20201111,15,O3_8h_24h,绥化,36.0
20201111,15,CO,绥化,0.95
20201111,15,CO_24h,绥化,0.5
20201111,16,AQI,绥化,134.0
20201111,16,PM2.5,绥化,102.0
20201111,16,PM2.5_24h,绥化,51.0
20201111,16,PM10,绥化,129.0
20201111,16,PM10_24h,绥化,84.0
20201111,16,SO2,绥化,15.0
20201111,16,SO2_24h,绥化,11.0
20201111,16,NO2,绥化,47.0
20201111,16,NO2_24h,绥化,35.0
20201111,16,O3,绥化,40.0
20201111,16,O3_24h,绥化,45.0
20201111,16,O3_8h,绥化,39.0
20201111,16,O3_8h_24h,绥化,39.0
20201111,16,CO,绥化,0.95
20201111,16,CO_24h,绥化,0.55
20201111,17,AQI,绥化,170.0
20201111,17,PM2.5,绥化,129.0
20201111,17,PM2.5_24h,绥化,55.0
20201111,17,PM10,绥化,184.0
20201111,17,PM10_24h,绥化,90.0
20201111,17,SO2,绥化,16.0
20201111,17,SO2_24h,绥化,11.0
20201111,17,NO2,绥化,49.0
20201111,17,NO2_24h,绥化,36.0
20201111,17,O3,绥化,43.0
20201111,17,O3_24h,绥化,45.0
20201111,17,O3_8h,绥化,41.0
20201111,17,O3_8h_24h,绥化,41.0
20201111,17,CO,绥化,1.15
20201111,17,CO_24h,绥化,0.6
20201111,18,AQI,绥化,230.0
20201111,18,PM2.5,绥化,180.0
20201111,18,PM2.5_24h,绥化,61.0
20201111,18,PM10,绥化,240.0
20201111,18,PM10_24h,绥化,98.0
20201111,18,SO2,绥化,20.0
20201111,18,SO2_24h,绥化,12.0
20201111,18,NO2,绥化,57.0
20201111,18,NO2_24h,绥化,36.0
20201111,18,O3,绥化,44.0
20201111,18,O3_24h,绥化,45.0
20201111,18,O3_8h,绥化,42.0
20201111,18,O3_8h_24h,绥化,42.0
20201111,18,CO,绥化,1.45
20201111,18,CO_24h,绥化,0.65
20201111,19,AQI,绥化,260.0
20201111,19,PM2.5,绥化,210.0
20201111,19,PM2.5_24h,绥化,68.0
20201111,19,PM10,绥化,259.0
20201111,19,PM10_24h,绥化,106.0
20201111,19,SO2,绥化,19.0
20201111,19,SO2_24h,绥化,12.0
20201111,19,NO2,绥化,55.0
20201111,19,NO2_24h,绥化,37.0
20201111,19,O3,绥化,42.0
20201111,19,O3_24h,绥化,45.0
20201111,19,O3_8h,绥化,43.0
20201111,19,O3_8h_24h,绥化,43.0
20201111,19,CO,绥化,1.5
20201111,19,CO_24h,绥化,0.65
20201111,20,AQI,绥化,250.0
20201111,20,PM2.5,绥化,200.0
20201111,20,PM2.5_24h,绥化,75.0
20201111,20,PM10,绥化,256.0
20201111,20,PM10_24h,绥化,113.0
20201111,20,SO2,绥化,14.0
20201111,20,SO2_24h,绥化,12.0
20201111,20,NO2,绥化,53.0
20201111,20,NO2_24h,绥化,37.0
20201111,20,O3,绥化,39.0
20201111,20,O3_24h,绥化,45.0
20201111,20,O3_8h,绥化,42.0
20201111,20,O3_8h_24h,绥化,43.0
20201111,20,CO,绥化,1.4
20201111,20,CO_24h,绥化,0.7
20201111,21,AQI,绥化,232.0
20201111,21,PM2.5,绥化,182.0
20201111,21,PM2.5_24h,绥化,81.0
20201111,21,PM10,绥化,238.0
20201111,21,PM10_24h,绥化,120.0
20201111,21,SO2,绥化,13.0
20201111,21,SO2_24h,绥化,12.0
20201111,21,NO2,绥化,49.0
20201111,21,NO2_24h,绥化,38.0
20201111,21,O3,绥化,41.0
20201111,21,O3_24h,绥化,46.0
20201111,21,O3_8h,绥化,42.0
20201111,21,O3_8h_24h,绥化,43.0
20201111,21,CO,绥化,1.25
20201111,21,CO_24h,绥化,0.75
20201111,22,AQI,绥化,269.0
20201111,22,PM2.5,绥化,219.0
20201111,22,PM2.5_24h,绥化,88.0
20201111,22,PM10,绥化,255.0
20201111,22,PM10_24h,绥化,127.0
20201111,22,SO2,绥化,13.0
20201111,22,SO2_24h,绥化,13.0
20201111,22,NO2,绥化,47.0
20201111,22,NO2_24h,绥化,38.0
20201111,22,O3,绥化,44.0
20201111,22,O3_24h,绥化,47.0
20201111,22,O3_8h,绥化,42.0
20201111,22,O3_8h_24h,绥化,43.0
20201111,22,CO,绥化,1.25
20201111,22,CO_24h,绥化,0.75
20201111,23,AQI,绥化,284.0
20201111,23,PM2.5,绥化,234.0
20201111,23,PM2.5_24h,绥化,96.0
20201111,23,PM10,绥化,292.0
20201111,23,PM10_24h,绥化,137.0
20201111,23,SO2,绥化,13.0
20201111,23,SO2_24h,绥化,13.0
20201111,23,NO2,绥化,52.0
20201111,23,NO2_24h,绥化,39.0
20201111,23,O3,绥化,40.0
20201111,23,O3_24h,绥化,47.0
20201111,23,O3_8h,绥化,42.0
20201111,23,O3_8h_24h,绥化,44.0
20201111,23,CO,绥化,1.3
20201111,23,CO_24h,绥化,0.85
20201111,0,AQI,大兴安岭地区,35.0
20201111,0,PM2.5,大兴安岭地区,15.0
20201111,0,PM2.5_24h,大兴安岭地区,12.0
20201111,0,PM10,大兴安岭地区,35.0
20201111,0,PM10_24h,大兴安岭地区,30.0
20201111,0,SO2,大兴安岭地区,12.0
20201111,0,SO2_24h,大兴安岭地区,30.0
20201111,0,NO2,大兴安岭地区,14.0
20201111,0,NO2_24h,大兴安岭地区,16.0
20201111,0,O3,大兴安岭地区,27.0
20201111,0,O3_24h,大兴安岭地区,40.0
20201111,0,O3_8h,大兴安岭地区,30.0
20201111,0,O3_8h_24h,大兴安岭地区,35.0
20201111,0,CO,大兴安岭地区,0.5
20201111,0,CO_24h,大兴安岭地区,0.55
20201111,1,AQI,大兴安岭地区,38.0
20201111,1,PM2.5,大兴安岭地区,15.0
20201111,1,PM2.5_24h,大兴安岭地区,12.0
20201111,1,PM10,大兴安岭地区,38.0
20201111,1,PM10_24h,大兴安岭地区,30.0
20201111,1,SO2,大兴安岭地区,10.0
20201111,1,SO2_24h,大兴安岭地区,30.0
20201111,1,NO2,大兴安岭地区,14.0
20201111,1,NO2_24h,大兴安岭地区,16.0
20201111,1,O3,大兴安岭地区,26.0
20201111,1,O3_24h,大兴安岭地区,40.0
20201111,1,O3_8h,大兴安岭地区,26.0
20201111,1,O3_8h_24h,大兴安岭地区,26.0
20201111,1,CO,大兴安岭地区,0.5
20201111,1,CO_24h,大兴安岭地区,0.55
20201111,2,AQI,大兴安岭地区,36.0
20201111,2,PM2.5,大兴安岭地区,13.0
20201111,2,PM2.5_24h,大兴安岭地区,12.0
20201111,2,PM10,大兴安岭地区,36.0
20201111,2,PM10_24h,大兴安岭地区,31.0
20201111,2,SO2,大兴安岭地区,10.0
20201111,2,SO2_24h,大兴安岭地区,30.0
20201111,2,NO2,大兴安岭地区,15.0
20201111,2,NO2_24h,大兴安岭地区,16.0
20201111,2,O3,大兴安岭地区,24.0
20201111,2,O3_24h,大兴安岭地区,40.0
20201111,2,O3_8h,大兴安岭地区,25.0
20201111,2,O3_8h_24h,大兴安岭地区,26.0
20201111,2,CO,大兴安岭地区,0.5
20201111,2,CO_24h,大兴安岭地区,0.55
20201111,3,AQI,大兴安岭地区,37.0
20201111,3,PM2.5,大兴安岭地区,16.0
20201111,3,PM2.5_24h,大兴安岭地区,12.0
20201111,3,PM10,大兴安岭地区,37.0
20201111,3,PM10_24h,大兴安岭地区,31.0
20201111,3,SO2,大兴安岭地区,17.0
20201111,3,SO2_24h,大兴安岭地区,29.0
20201111,3,NO2,大兴安岭地区,16.0
20201111,3,NO2_24h,大兴安岭地区,15.0
20201111,3,O3,大兴安岭地区,22.0
20201111,3,O3_24h,大兴安岭地区,40.0
20201111,3,O3_8h,大兴安岭地区,24.0
20201111,3,O3_8h_24h,大兴安岭地区,26.0
20201111,3,CO,大兴安岭地区,0.5
20201111,3,CO_24h,大兴安岭地区,0.55
20201111,4,AQI,大兴安岭地区,45.0
20201111,4,PM2.5,大兴安岭地区,16.0
20201111,4,PM2.5_24h,大兴安岭地区,12.0
20201111,4,PM10,大兴安岭地区,45.0
20201111,4,PM10_24h,大兴安岭地区,32.0
20201111,4,SO2,大兴安岭地区,17.0
20201111,4,SO2_24h,大兴安岭地区,29.0
20201111,4,NO2,大兴安岭地区,15.0
20201111,4,NO2_24h,大兴安岭地区,15.0
20201111,4,O3,大兴安岭地区,22.0
20201111,4,O3_24h,大兴安岭地区,40.0
20201111,4,O3_8h,大兴安岭地区,23.0
20201111,4,O3_8h_24h,大兴安岭地区,26.0
20201111,4,CO,大兴安岭地区,0.5
20201111,4,CO_24h,大兴安岭地区,0.55
20201111,5,AQI,大兴安岭地区,45.0
20201111,5,PM2.5,大兴安岭地区,14.0
20201111,5,PM2.5_24h,大兴安岭地区,12.0
20201111,5,PM10,大兴安岭地区,45.0
20201111,5,PM10_24h,大兴安岭地区,33.0
20201111,5,SO2,大兴安岭地区,19.0
20201111,5,SO2_24h,大兴安岭地区,30.0
20201111,5,NO2,大兴安岭地区,15.0
20201111,5,NO2_24h,大兴安岭地区,15.0
20201111,5,O3,大兴安岭地区,23.0
20201111,5,O3_24h,大兴安岭地区,40.0
20201111,5,O3_8h,大兴安岭地区,24.0
20201111,5,O3_8h_24h,大兴安岭地区,26.0
20201111,5,CO,大兴安岭地区,0.55
20201111,5,CO_24h,大兴安岭地区,0.55
20201111,6,AQI,大兴安岭地区,38.0
20201111,6,PM2.5,大兴安岭地区,16.0
20201111,6,PM2.5_24h,大兴安岭地区,13.0
20201111,6,PM10,大兴安岭地区,38.0
20201111,6,PM10_24h,大兴安岭地区,34.0
20201111,6,SO2,大兴安岭地区,11.0
20201111,6,SO2_24h,大兴安岭地区,29.0
20201111,6,NO2,大兴安岭地区,14.0
20201111,6,NO2_24h,大兴安岭地区,15.0
20201111,6,O3,大兴安岭地区,23.0
20201111,6,O3_24h,大兴安岭地区,40.0
20201111,6,O3_8h,大兴安岭地区,23.0
20201111,6,O3_8h_24h,大兴安岭地区,26.0
20201111,6,CO,大兴安岭地区,0.5
20201111,6,CO_24h,大兴安岭地区,0.55
20201111,8,AQI,大兴安岭地区,29.0
20201111,8,PM2.5,大兴安岭地区,20.0
20201111,8,PM2.5_24h,大兴安岭地区,13.0
20201111,8,PM10,大兴安岭地区,29.0
20201111,8,PM10_24h,大兴安岭地区,35.0
20201111,8,SO2,大兴安岭地区,10.0
20201111,8,SO2_24h,大兴安岭地区,27.0
20201111,8,NO2,大兴安岭地区,17.0
20201111,8,NO2_24h,大兴安岭地区,14.0
20201111,8,O3,大兴安岭地区,20.0
20201111,8,O3_24h,大兴安岭地区,40.0
20201111,8,O3_8h,大兴安岭地区,23.0
20201111,8,O3_8h_24h,大兴安岭地区,26.0
20201111,8,CO,大兴安岭地区,0.6
20201111,8,CO_24h,大兴安岭地区,0.5
20201111,10,AQI,大兴安岭地区,45.0
20201111,10,PM2.5,大兴安岭地区,19.0
20201111,10,PM2.5_24h,大兴安岭地区,14.0
20201111,10,PM10,大兴安岭地区,45.0
20201111,10,PM10_24h,大兴安岭地区,36.0
20201111,10,SO2,大兴安岭地区,11.0
20201111,10,SO2_24h,大兴安岭地区,26.0
20201111,10,NO2,大兴安岭地区,15.0
20201111,10,NO2_24h,大兴安岭地区,15.0
20201111,10,O3,大兴安岭地区,22.0
20201111,10,O3_24h,大兴安岭地区,40.0
20201111,10,O3_8h,大兴安岭地区,22.0
20201111,10,O3_8h_24h,大兴安岭地区,26.0
20201111,10,CO,大兴安岭地区,0.6
20201111,10,CO_24h,大兴安岭地区,0.5
20201111,11,AQI,大兴安岭地区,50.0
20201111,11,PM2.5,大兴安岭地区,17.0
20201111,11,PM2.5_24h,大兴安岭地区,14.0
20201111,11,PM10,大兴安岭地区,50.0
20201111,11,PM10_24h,大兴安岭地区,37.0
20201111,11,SO2,大兴安岭地区,15.0
20201111,11,SO2_24h,大兴安岭地区,23.0
20201111,11,NO2,大兴安岭地区,14.0
20201111,11,NO2_24h,大兴安岭地区,15.0
20201111,11,O3,大兴安岭地区,28.0
20201111,11,O3_24h,大兴安岭地区,40.0
20201111,11,O3_8h,大兴安岭地区,23.0
20201111,11,O3_8h_24h,大兴安岭地区,26.0
20201111,11,CO,大兴安岭地区,0.65
20201111,11,CO_24h,大兴安岭地区,0.5
20201111,12,AQI,大兴安岭地区,47.0
20201111,12,PM2.5,大兴安岭地区,19.0
20201111,12,PM2.5_24h,大兴安岭地区,15.0
20201111,12,PM10,大兴安岭地区,47.0
20201111,12,PM10_24h,大兴安岭地区,37.0
20201111,12,SO2,大兴安岭地区,13.0
20201111,12,SO2_24h,大兴安岭地区,17.0
20201111,12,NO2,大兴安岭地区,15.0
20201111,12,NO2_24h,大兴安岭地区,15.0
20201111,12,O3,大兴安岭地区,31.0
20201111,12,O3_24h,大兴安岭地区,40.0
20201111,12,O3_8h,大兴安岭地区,24.0
20201111,12,O3_8h_24h,大兴安岭地区,26.0
20201111,12,CO,大兴安岭地区,0.65
20201111,12,CO_24h,大兴安岭地区,0.55
20201111,13,AQI,大兴安岭地区,44.0
20201111,13,PM2.5,大兴安岭地区,19.0
20201111,13,PM2.5_24h,大兴安岭地区,15.0
20201111,13,PM10,大兴安岭地区,44.0
20201111,13,PM10_24h,大兴安岭地区,36.0
20201111,13,SO2,大兴安岭地区,15.0
20201111,13,SO2_24h,大兴安岭地区,14.0
20201111,13,NO2,大兴安岭地区,16.0
20201111,13,NO2_24h,大兴安岭地区,15.0
20201111,13,O3,大兴安岭地区,36.0
20201111,13,O3_24h,大兴安岭地区,42.0
20201111,13,O3_8h,大兴安岭地区,26.0
20201111,13,O3_8h_24h,大兴安岭地区,27.0
20201111,13,CO,大兴安岭地区,0.65
20201111,13,CO_24h,大兴安岭地区,0.55
20201111,14,AQI,大兴安岭地区,46.0
20201111,14,PM2.5,大兴安岭地区,19.0
20201111,14,PM2.5_24h,大兴安岭地区,15.0
20201111,14,PM10,大兴安岭地区,46.0
20201111,14,PM10_24h,大兴安岭地区,34.0
20201111,14,SO2,大兴安岭地区,14.0
20201111,14,SO2_24h,大兴安岭地区,13.0
20201111,14,NO2,大兴安岭地区,18.0
20201111,14,NO2_24h,大兴安岭地区,15.0
20201111,14,O3,大兴安岭地区,39.0
20201111,14,O3_24h,大兴安岭地区,41.0
20201111,14,O3_8h,大兴安岭地区,27.0
20201111,14,O3_8h_24h,大兴安岭地区,27.0
20201111,14,CO,大兴安岭地区,0.6
20201111,14,CO_24h,大兴安岭地区,0.55
20201111,15,AQI,大兴安岭地区,43.0
20201111,15,PM2.5,大兴安岭地区,21.0
20201111,15,PM2.5_24h,大兴安岭地区,16.0
20201111,15,PM10,大兴安岭地区,43.0
20201111,15,PM10_24h,大兴安岭地区,35.0
20201111,15,SO2,大兴安岭地区,11.0
20201111,15,SO2_24h,大兴安岭地区,13.0
20201111,15,NO2,大兴安岭地区,18.0
20201111,15,NO2_24h,大兴安岭地区,15.0
20201111,15,O3,大兴安岭地区,40.0
20201111,15,O3_24h,大兴安岭地区,42.0
20201111,15,O3_8h,大兴安岭地区,29.0
20201111,15,O3_8h_24h,大兴安岭地区,29.0
20201111,15,CO,大兴安岭地区,0.6
20201111,15,CO_24h,大兴安岭地区,0.55
20201111,16,AQI,大兴安岭地区,44.0
20201111,16,PM2.5,大兴安岭地区,19.0
20201111,16,PM2.5_24h,大兴安岭地区,16.0
20201111,16,PM10,大兴安岭地区,44.0
20201111,16,PM10_24h,大兴安岭地区,36.0
20201111,16,SO2,大兴安岭地区,10.0
20201111,16,SO2_24h,大兴安岭地区,13.0
20201111,16,NO2,大兴安岭地区,21.0
20201111,16,NO2_24h,大兴安岭地区,16.0
20201111,16,O3,大兴安岭地区,39.0
20201111,16,O3_24h,大兴安岭地区,42.0
20201111,16,O3_8h,大兴安岭地区,32.0
20201111,16,O3_8h_24h,大兴安岭地区,32.0
20201111,16,CO,大兴安岭地区,0.6
20201111,16,CO_24h,大兴安岭地区,0.55
20201111,17,AQI,大兴安岭地区,46.0
20201111,17,PM2.5,大兴安岭地区,21.0
20201111,17,PM2.5_24h,大兴安岭地区,17.0
20201111,17,PM10,大兴安岭地区,46.0
20201111,17,PM10_24h,大兴安岭地区,37.0
20201111,17,SO2,大兴安岭地区,10.0
20201111,17,SO2_24h,大兴安岭地区,19.0
20201111,17,NO2,大兴安岭地区,19.0
20201111,17,NO2_24h,大兴安岭地区,14.0
20201111,17,O3,大兴安岭地区,37.0
20201111,17,O3_24h,大兴安岭地区,38.0
20201111,17,O3_8h,大兴安岭地区,32.0
20201111,17,O3_8h_24h,大兴安岭地区,32.0
20201111,17,CO,大兴安岭地区,0.8
20201111,17,CO_24h,大兴安岭地区,0.7
20201111,18,AQI,大兴安岭地区,53.0
20201111,18,PM2.5,大兴安岭地区,20.0
20201111,18,PM2.5_24h,大兴安岭地区,17.0
20201111,18,PM10,大兴安岭地区,55.0
20201111,18,PM10_24h,大兴安岭地区,39.0
20201111,18,SO2,大兴安岭地区,17.0
20201111,18,SO2_24h,大兴安岭地区,18.0
20201111,18,NO2,大兴安岭地区,25.0
20201111,18,NO2_24h,大兴安岭地区,15.0
20201111,18,O3,大兴安岭地区,24.0
20201111,18,O3_24h,大兴安岭地区,38.0
20201111,18,O3_8h,大兴安岭地区,32.0
20201111,18,O3_8h_24h,大兴安岭地区,32.0
20201111,18,CO,大兴安岭地区,1.0
20201111,18,CO_24h,大兴安岭地区,0.7
20201111,19,AQI,大兴安岭地区,56.0
20201111,19,PM2.5,大兴安岭地区,27.0
20201111,19,PM2.5_24h,大兴安岭地区,18.0
20201111,19,PM10,大兴安岭地区,61.0
20201111,19,PM10_24h,大兴安岭地区,40.0
20201111,19,SO2,大兴安岭地区,24.0
20201111,19,SO2_24h,大兴安岭地区,13.0
20201111,19,NO2,大兴安岭地区,30.0
20201111,19,NO2_24h,大兴安岭地区,16.0
20201111,19,O3,大兴安岭地区,12.0
20201111,19,O3_24h,大兴安岭地区,40.0
20201111,19,O3_8h,大兴安岭地区,35.0
20201111,19,O3_8h_24h,大兴安岭地区,36.0
20201111,19,CO,大兴安岭地区,1.2
20201111,19,CO_24h,大兴安岭地区,0.6
20201111,20,AQI,大兴安岭地区,65.0
20201111,20,PM2.5,大兴安岭地区,37.0
20201111,20,PM2.5_24h,大兴安岭地区,19.0
20201111,20,PM10,大兴安岭地区,80.0
20201111,20,PM10_24h,大兴安岭地区,42.0
20201111,20,SO2,大兴安岭地区,18.0
20201111,20,SO2_24h,大兴安岭地区,13.0
20201111,20,NO2,大兴安岭地区,42.0
20201111,20,NO2_24h,大兴安岭地区,18.0
20201111,20,O3,大兴安岭地区,6.0
20201111,20,O3_24h,大兴安岭地区,40.0
20201111,20,O3_8h,大兴安岭地区,31.0
20201111,20,O3_8h_24h,大兴安岭地区,36.0
20201111,20,CO,大兴安岭地区,1.15
20201111,20,CO_24h,大兴安岭地区,0.65
20201111,21,AQI,大兴安岭地区,74.0
20201111,21,PM2.5,大兴安岭地区,40.0
20201111,21,PM2.5_24h,大兴安岭地区,20.0
20201111,21,PM10,大兴安岭地区,97.0
20201111,21,PM10_24h,大兴安岭地区,45.0
20201111,21,SO2,大兴安岭地区,17.0
20201111,21,SO2_24h,大兴安岭地区,13.0
20201111,21,NO2,大兴安岭地区,38.0
20201111,21,NO2_24h,大兴安岭地区,19.0
20201111,21,O3,大兴安岭地区,14.0
20201111,21,O3_24h,大兴安岭地区,40.0
20201111,21,O3_8h,大兴安岭地区,27.0
20201111,21,O3_8h_24h,大兴安岭地区,36.0
20201111,21,CO,大兴安岭地区,1.05
20201111,21,CO_24h,大兴安岭地区,0.65
20201111,22,AQI,大兴安岭地区,79.0
20201111,22,PM2.5,大兴安岭地区,37.0
20201111,22,PM2.5_24h,大兴安岭地区,20.0
20201111,22,PM10,大兴安岭地区,107.0
20201111,22,PM10_24h,大兴安岭地区,48.0
20201111,22,SO2,大兴安岭地区,23.0
20201111,22,SO2_24h,大兴安岭地区,13.0
20201111,22,NO2,大兴安岭地区,32.0
20201111,22,NO2_24h,大兴安岭地区,19.0
20201111,22,O3,大兴安岭地区,13.0
20201111,22,O3_24h,大兴安岭地区,40.0
20201111,22,O3_8h,大兴安岭地区,23.0
20201111,22,O3_8h_24h,大兴安岭地区,36.0
20201111,22,CO,大兴安岭地区,0.85
20201111,22,CO_24h,大兴安岭地区,0.65
20201111,23,AQI,大兴安岭地区,75.0
20201111,23,PM2.5,大兴安岭地区,34.0
20201111,23,PM2.5_24h,大兴安岭地区,21.0
20201111,23,PM10,大兴安岭地区,100.0
20201111,23,PM10_24h,大兴安岭地区,52.0
20201111,23,SO2,大兴安岭地区,22.0
20201111,23,SO2_24h,大兴安岭地区,14.0
20201111,23,NO2,大兴安岭地区,30.0
20201111,23,NO2_24h,大兴安岭地区,20.0
20201111,23,O3,大兴安岭地区,11.0
20201111,23,O3_24h,大兴安岭地区,40.0
20201111,23,O3_8h,大兴安岭地区,19.0
20201111,23,O3_8h_24h,大兴安岭地区,36.0
20201111,23,CO,大兴安岭地区,0.9
20201111,23,CO_24h,大兴安岭地区,0.65
20201111,0,AQI,蚌埠,85.0
20201111,0,PM2.5,蚌埠,49.0
20201111,0,PM2.5_24h,蚌埠,53.0
20201111,0,PM10,蚌埠,120.0
20201111,0,PM10_24h,蚌埠,147.0
20201111,0,SO2,蚌埠,15.0
20201111,0,SO2_24h,蚌埠,18.0
20201111,0,NO2,蚌埠,47.0
20201111,0,NO2_24h,蚌埠,61.0
20201111,0,O3,蚌埠,76.0
20201111,0,O3_24h,蚌埠,160.0
20201111,0,O3_8h,蚌埠,86.0
20201111,0,O3_8h_24h,蚌埠,135.0
20201111,0,CO,蚌埠,0.68
20201111,0,CO_24h,蚌埠,0.73
20201111,1,AQI,蚌埠,84.0
20201111,1,PM2.5,蚌埠,50.0
20201111,1,PM2.5_24h,蚌埠,53.0
20201111,1,PM10,蚌埠,118.0
20201111,1,PM10_24h,蚌埠,145.0
20201111,1,SO2,蚌埠,16.0
20201111,1,SO2_24h,蚌埠,18.0
20201111,1,NO2,蚌埠,56.0
20201111,1,NO2_24h,蚌埠,59.0
20201111,1,O3,蚌埠,65.0
20201111,1,O3_24h,蚌埠,160.0
20201111,1,O3_8h,蚌埠,65.0
20201111,1,O3_8h_24h,蚌埠,65.0
20201111,1,CO,蚌埠,0.73
20201111,1,CO_24h,蚌埠,0.73
20201111,2,AQI,蚌埠,85.0
20201111,2,PM2.5,蚌埠,52.0
20201111,2,PM2.5_24h,蚌埠,52.0
20201111,2,PM10,蚌埠,119.0
20201111,2,PM10_24h,蚌埠,143.0
20201111,2,SO2,蚌埠,19.0
20201111,2,SO2_24h,蚌埠,18.0
20201111,2,NO2,蚌埠,75.0
20201111,2,NO2_24h,蚌埠,58.0
20201111,2,O3,蚌埠,46.0
20201111,2,O3_24h,蚌埠,160.0
20201111,2,O3_8h,蚌埠,56.0
20201111,2,O3_8h_24h,蚌埠,65.0
20201111,2,CO,蚌埠,0.77
20201111,2,CO_24h,蚌埠,0.73
20201111,3,AQI,蚌埠,86.0
20201111,3,PM2.5,蚌埠,57.0
20201111,3,PM2.5_24h,蚌埠,52.0
20201111,3,PM10,蚌埠,121.0
20201111,3,PM10_24h,蚌埠,142.0
20201111,3,SO2,蚌埠,21.0
20201111,3,SO2_24h,蚌埠,18.0
20201111,3,NO2,蚌埠,85.0
20201111,3,NO2_24h,蚌埠,58.0
20201111,3,O3,蚌埠,41.0
20201111,3,O3_24h,蚌埠,160.0
20201111,3,O3_8h,蚌埠,51.0
20201111,3,O3_8h_24h,蚌埠,65.0
20201111,3,CO,蚌埠,0.82
20201111,3,CO_24h,蚌埠,0.73
20201111,4,AQI,蚌埠,85.0
20201111,4,PM2.5,蚌埠,58.0
20201111,4,PM2.5_24h,蚌埠,53.0
20201111,4,PM10,蚌埠,120.0
20201111,4,PM10_24h,蚌埠,141.0
20201111,4,SO2,蚌埠,21.0
20201111,4,SO2_24h,蚌埠,18.0
20201111,4,NO2,蚌埠,85.0
20201111,4,NO2_24h,蚌埠,59.0
20201111,4,O3,蚌埠,37.0
20201111,4,O3_24h,蚌埠,160.0
20201111,4,O3_8h,蚌埠,48.0
20201111,4,O3_8h_24h,蚌埠,65.0
20201111,4,CO,蚌埠,0.82
20201111,4,CO_24h,蚌埠,0.73
20201111,5,AQI,蚌埠,84.0
20201111,5,PM2.5,蚌埠,59.0
20201111,5,PM2.5_24h,蚌埠,53.0
20201111,5,PM10,蚌埠,118.0
20201111,5,PM10_24h,蚌埠,140.0
20201111,5,SO2,蚌埠,21.0
20201111,5,SO2_24h,蚌埠,18.0
20201111,5,NO2,蚌埠,83.0
20201111,5,NO2_24h,蚌埠,59.0
20201111,5,O3,蚌埠,34.0
20201111,5,O3_24h,蚌埠,160.0
20201111,5,O3_8h,蚌埠,45.0
20201111,5,O3_8h_24h,蚌埠,65.0
20201111,5,CO,蚌埠,0.78
20201111,5,CO_24h,蚌埠,0.73
20201111,6,AQI,蚌埠,86.0
20201111,6,PM2.5,蚌埠,58.0
20201111,6,PM2.5_24h,蚌埠,53.0
20201111,6,PM10,蚌埠,121.0
20201111,6,PM10_24h,蚌埠,139.0
20201111,6,SO2,蚌埠,19.0
20201111,6,SO2_24h,蚌埠,18.0
20201111,6,NO2,蚌埠,72.0
20201111,6,NO2_24h,蚌埠,59.0
20201111,6,O3,蚌埠,35.0
20201111,6,O3_24h,蚌埠,160.0
20201111,6,O3_8h,蚌埠,43.0
20201111,6,O3_8h_24h,蚌埠,65.0
20201111,6,CO,蚌埠,0.77
20201111,6,CO_24h,蚌埠,0.73
20201111,8,AQI,蚌埠,89.0
20201111,8,PM2.5,蚌埠,65.0
20201111,8,PM2.5_24h,蚌埠,54.0
20201111,8,PM10,蚌埠,128.0
20201111,8,PM10_24h,蚌埠,137.0
20201111,8,SO2,蚌埠,27.0
20201111,8,SO2_24h,蚌埠,19.0
20201111,8,NO2,蚌埠,75.0
20201111,8,NO2_24h,蚌埠,59.0
20201111,8,O3,蚌埠,25.0
20201111,8,O3_24h,蚌埠,160.0
20201111,8,O3_8h,蚌埠,39.0
20201111,8,O3_8h_24h,蚌埠,65.0
20201111,8,CO,蚌埠,0.93
20201111,8,CO_24h,蚌埠,0.77
20201111,10,AQI,蚌埠,94.0
20201111,10,PM2.5,蚌埠,66.0
20201111,10,PM2.5_24h,蚌埠,55.0
20201111,10,PM10,蚌埠,137.0
20201111,10,PM10_24h,蚌埠,134.0
20201111,10,SO2,蚌埠,19.0
20201111,10,SO2_24h,蚌埠,19.0
20201111,10,NO2,蚌埠,58.0
20201111,10,NO2_24h,蚌埠,58.0
20201111,10,O3,蚌埠,52.0
20201111,10,O3_24h,蚌埠,160.0
20201111,10,O3_8h,蚌埠,36.0
20201111,10,O3_8h_24h,蚌埠,65.0
20201111,10,CO,蚌埠,0.93
20201111,10,CO_24h,蚌埠,0.78
20201111,11,AQI,蚌埠,89.0
20201111,11,PM2.5,蚌埠,59.0
20201111,11,PM2.5_24h,蚌埠,55.0
20201111,11,PM10,蚌埠,128.0
20201111,11,PM10_24h,蚌埠,132.0
20201111,11,SO2,蚌埠,16.0
20201111,11,SO2_24h,蚌埠,19.0
20201111,11,NO2,蚌埠,33.0
20201111,11,NO2_24h,蚌埠,58.0
20201111,11,O3,蚌埠,94.0
20201111,11,O3_24h,蚌埠,160.0
20201111,11,O3_8h,蚌埠,42.0
20201111,11,O3_8h_24h,蚌埠,65.0
20201111,11,CO,蚌埠,0.7
20201111,11,CO_24h,蚌埠,0.77
20201111,12,AQI,蚌埠,81.0
20201111,12,PM2.5,蚌埠,41.0
20201111,12,PM2.5_24h,蚌埠,54.0
20201111,12,PM10,蚌埠,111.0
20201111,12,PM10_24h,蚌埠,130.0
20201111,12,SO2,蚌埠,14.0
20201111,12,SO2_24h,蚌埠,19.0
20201111,12,NO2,蚌埠,24.0
20201111,12,NO2_24h,蚌埠,57.0
20201111,12,O3,蚌埠,115.0
20201111,12,O3_24h,蚌埠,160.0
20201111,12,O3_8h,蚌埠,51.0
20201111,12,O3_8h_24h,蚌埠,66.0
20201111,12,CO,蚌埠,0.65
20201111,12,CO_24h,蚌埠,0.75
20201111,13,AQI,蚌埠,70.0
20201111,13,PM2.5,蚌埠,29.0
20201111,13,PM2.5_24h,蚌埠,53.0
20201111,13,PM10,蚌埠,90.0
20201111,13,PM10_24h,蚌埠,127.0
20201111,13,SO2,蚌埠,12.0
20201111,13,SO2_24h,蚌埠,18.0
20201111,13,NO2,蚌埠,22.0
20201111,13,NO2_24h,蚌埠,57.0
20201111,13,O3,蚌埠,117.0
20201111,13,O3_24h,蚌埠,160.0
20201111,13,O3_8h,蚌埠,62.0
20201111,13,O3_8h_24h,蚌埠,70.0
20201111,13,CO,蚌埠,0.58
20201111,13,CO_24h,蚌埠,0.73
20201111,14,AQI,蚌埠,62.0
20201111,14,PM2.5,蚌埠,24.0
20201111,14,PM2.5_24h,蚌埠,52.0
20201111,14,PM10,蚌埠,74.0
20201111,14,PM10_24h,蚌埠,123.0
20201111,14,SO2,蚌埠,13.0
20201111,14,SO2_24h,蚌埠,18.0
20201111,14,NO2,蚌埠,19.0
20201111,14,NO2_24h,蚌埠,57.0
20201111,14,O3,蚌埠,125.0
20201111,14,O3_24h,蚌埠,159.0
20201111,14,O3_8h,蚌埠,73.0
20201111,14,O3_8h_24h,蚌埠,75.0
20201111,14,CO,蚌埠,0.6
20201111,14,CO_24h,蚌埠,0.73
20201111,15,AQI,蚌埠,58.0
20201111,15,PM2.5,蚌埠,22.0
20201111,15,PM2.5_24h,蚌埠,51.0
20201111,15,PM10,蚌埠,65.0
20201111,15,PM10_24h,蚌埠,120.0
20201111,15,SO2,蚌埠,13.0
20201111,15,SO2_24h,蚌埠,18.0
20201111,15,NO2,蚌埠,20.0
20201111,15,NO2_24h,蚌埠,57.0
20201111,15,O3,蚌埠,144.0
20201111,15,O3_24h,蚌埠,158.0
20201111,15,O3_8h,蚌埠,87.0
20201111,15,O3_8h_24h,蚌埠,87.0
20201111,15,CO,蚌埠,0.57
20201111,15,CO_24h,蚌埠,0.73
20201111,16,AQI,蚌埠,55.0
20201111,16,PM2.5,蚌埠,22.0
20201111,16,PM2.5_24h,蚌埠,50.0
20201111,16,PM10,蚌埠,60.0
20201111,16,PM10_24h,蚌埠,117.0
20201111,16,SO2,蚌埠,13.0
20201111,16,SO2_24h,蚌埠,18.0
20201111,16,NO2,蚌埠,17.0
20201111,16,NO2_24h,蚌埠,56.0
20201111,16,O3,蚌埠,143.0
20201111,16,O3_24h,蚌埠,151.0
20201111,16,O3_8h,蚌埠,102.0
20201111,16,O3_8h_24h,蚌埠,102.0
20201111,16,CO,蚌埠,0.57
20201111,16,CO_24h,蚌埠,0.73
20201111,17,AQI,蚌埠,54.0
20201111,17,PM2.5,蚌埠,20.0
20201111,17,PM2.5_24h,蚌埠,49.0
20201111,17,PM10,蚌埠,58.0
20201111,17,PM10_24h,蚌埠,115.0
20201111,17,SO2,蚌埠,12.0
20201111,17,SO2_24h,蚌埠,17.0
20201111,17,NO2,蚌埠,23.0
20201111,17,NO2_24h,蚌埠,56.0
20201111,17,O3,蚌埠,120.0
20201111,17,O3_24h,蚌埠,148.0
20201111,17,O3_8h,蚌埠,114.0
20201111,17,O3_8h_24h,蚌埠,114.0
20201111,17,CO,蚌埠,0.6
20201111,17,CO_24h,蚌埠,0.73
20201111,18,AQI,蚌埠,55.0
20201111,18,PM2.5,蚌埠,24.0
20201111,18,PM2.5_24h,蚌埠,48.0
20201111,18,PM10,蚌埠,60.0
20201111,18,PM10_24h,蚌埠,111.0
20201111,18,SO2,蚌埠,12.0
20201111,18,SO2_24h,蚌埠,17.0
20201111,18,NO2,蚌埠,36.0
20201111,18,NO2_24h,蚌埠,55.0
20201111,18,O3,蚌埠,100.0
20201111,18,O3_24h,蚌埠,148.0
20201111,18,O3_8h,蚌埠,120.0
20201111,18,O3_8h_24h,蚌埠,120.0
20201111,18,CO,蚌埠,0.65
20201111,18,CO_24h,蚌埠,0.73
20201111,19,AQI,蚌埠,59.0
20201111,19,PM2.5,蚌埠,27.0
20201111,19,PM2.5_24h,蚌埠,47.0
20201111,19,PM10,蚌埠,68.0
20201111,19,PM10_24h,蚌埠,109.0
20201111,19,SO2,蚌埠,13.0
20201111,19,SO2_24h,蚌埠,17.0
20201111,19,NO2,蚌埠,51.0
20201111,19,NO2_24h,蚌埠,54.0
20201111,19,O3,蚌埠,80.0
20201111,19,O3_24h,蚌埠,148.0
20201111,19,O3_8h,蚌埠,117.0
20201111,19,O3_8h_24h,蚌埠,120.0
20201111,19,CO,蚌埠,0.65
20201111,19,CO_24h,蚌埠,0.73
20201111,20,AQI,蚌埠,65.0
20201111,20,PM2.5,蚌埠,35.0
20201111,20,PM2.5_24h,蚌埠,46.0
20201111,20,PM10,蚌埠,79.0
20201111,20,PM10_24h,蚌埠,106.0
20201111,20,SO2,蚌埠,15.0
20201111,20,SO2_24h,蚌埠,17.0
20201111,20,NO2,蚌埠,64.0
20201111,20,NO2_24h,蚌埠,54.0
20201111,20,O3,蚌埠,69.0
20201111,20,O3_24h,蚌埠,148.0
20201111,20,O3_8h,蚌埠,111.0
20201111,20,O3_8h_24h,蚌埠,120.0
20201111,20,CO,蚌埠,0.73
20201111,20,CO_24h,蚌埠,0.73
20201111,21,AQI,蚌埠,71.0
20201111,21,PM2.5,蚌埠,39.0
20201111,21,PM2.5_24h,蚌埠,45.0
20201111,21,PM10,蚌埠,91.0
20201111,21,PM10_24h,蚌埠,104.0
20201111,21,SO2,蚌埠,17.0
20201111,21,SO2_24h,蚌埠,17.0
20201111,21,NO2,蚌埠,69.0
20201111,21,NO2_24h,蚌埠,53.0
20201111,21,O3,蚌埠,68.0
20201111,21,O3_24h,蚌埠,148.0
20201111,21,O3_8h,蚌埠,105.0
20201111,21,O3_8h_24h,蚌埠,120.0
20201111,21,CO,蚌埠,0.75
20201111,21,CO_24h,蚌埠,0.73
20201111,22,AQI,蚌埠,71.0
20201111,22,PM2.5,蚌埠,42.0
20201111,22,PM2.5_24h,蚌埠,45.0
20201111,22,PM10,蚌埠,91.0
20201111,22,PM10_24h,蚌埠,103.0
20201111,22,SO2,蚌埠,16.0
20201111,22,SO2_24h,蚌埠,17.0
20201111,22,NO2,蚌埠,74.0
20201111,22,NO2_24h,蚌埠,54.0
20201111,22,O3,蚌埠,61.0
20201111,22,O3_24h,蚌埠,148.0
20201111,22,O3_8h,蚌埠,97.0
20201111,22,O3_8h_24h,蚌埠,120.0
20201111,22,CO,蚌埠,0.77
20201111,22,CO_24h,蚌埠,0.73
20201111,23,AQI,蚌埠,71.0
20201111,23,PM2.5,蚌埠,42.0
20201111,23,PM2.5_24h,蚌埠,44.0
20201111,23,PM10,蚌埠,91.0
20201111,23,PM10_24h,蚌埠,101.0
20201111,23,SO2,蚌埠,14.0
20201111,23,SO2_24h,蚌埠,17.0
20201111,23,NO2,蚌埠,43.0
20201111,23,NO2_24h,蚌埠,53.0
20201111,23,O3,蚌埠,77.0
20201111,23,O3_24h,蚌埠,148.0
20201111,23,O3_8h,蚌埠,89.0
20201111,23,O3_8h_24h,蚌埠,120.0
20201111,23,CO,蚌埠,0.77
20201111,23,CO_24h,蚌埠,0.73
20201111,0,AQI,淮南,103.0
20201111,0,PM2.5,淮南,77.0
20201111,0,PM2.5_24h,淮南,70.0
20201111,0,PM10,淮南,142.0
20201111,0,PM10_24h,淮南,149.0
20201111,0,SO2,淮南,30.0
20201111,0,SO2_24h,淮南,24.0
20201111,0,NO2,淮南,55.0
20201111,0,NO2_24h,淮南,53.0
20201111,0,O3,淮南,74.0
20201111,0,O3_24h,淮南,158.0
20201111,0,O3_8h,淮南,91.0
20201111,0,O3_8h_24h,淮南,131.0
20201111,0,CO,淮南,0.9
20201111,0,CO_24h,淮南,0.8
20201111,1,AQI,淮南,105.0
20201111,1,PM2.5,淮南,79.0
20201111,1,PM2.5_24h,淮南,70.0
20201111,1,PM10,淮南,149.0
20201111,1,PM10_24h,淮南,149.0
20201111,1,SO2,淮南,25.0
20201111,1,SO2_24h,淮南,24.0
20201111,1,NO2,淮南,47.0
20201111,1,NO2_24h,淮南,53.0
20201111,1,O3,淮南,73.0
20201111,1,O3_24h,淮南,158.0
20201111,1,O3_8h,淮南,73.0
20201111,1,O3_8h_24h,淮南,73.0
20201111,1,CO,淮南,0.85
20201111,1,CO_24h,淮南,0.8
20201111,2,AQI,淮南,104.0
20201111,2,PM2.5,淮南,78.0
20201111,2,PM2.5_24h,淮南,70.0
20201111,2,PM10,淮南,142.0
20201111,2,PM10_24h,淮南,149.0
20201111,2,SO2,淮南,26.0
20201111,2,SO2_24h,淮南,24.0
20201111,2,NO2,淮南,44.0
20201111,2,NO2_24h,淮南,52.0
20201111,2,O3,淮南,69.0
20201111,2,O3_24h,淮南,158.0
20201111,2,O3_8h,淮南,71.0
20201111,2,O3_8h_24h,淮南,73.0
20201111,2,CO,淮南,0.8
20201111,2,CO_24h,淮南,0.83
20201111,3,AQI,淮南,106.0
20201111,3,PM2.5,淮南,80.0
20201111,3,PM2.5_24h,淮南,71.0
20201111,3,PM10,淮南,131.0
20201111,3,PM10_24h,淮南,148.0
20201111,3,SO2,淮南,23.0
20201111,3,SO2_24h,淮南,23.0
20201111,3,NO2,淮南,43.0
20201111,3,NO2_24h,淮南,52.0
20201111,3,O3,淮南,63.0
20201111,3,O3_24h,淮南,158.0
20201111,3,O3_8h,淮南,68.0
20201111,3,O3_8h_24h,淮南,73.0
20201111,3,CO,淮南,0.82
20201111,3,CO_24h,淮南,0.83
20201111,4,AQI,淮南,99.0
20201111,4,PM2.5,淮南,74.0
20201111,4,PM2.5_24h,淮南,71.0
20201111,4,PM10,淮南,132.0
20201111,4,PM10_24h,淮南,148.0
20201111,4,SO2,淮南,23.0
20201111,4,SO2_24h,淮南,22.0
20201111,4,NO2,淮南,50.0
20201111,4,NO2_24h,淮南,51.0
20201111,4,O3,淮南,54.0
20201111,4,O3_24h,淮南,158.0
20201111,4,O3_8h,淮南,64.0
20201111,4,O3_8h_24h,淮南,73.0
20201111,4,CO,淮南,0.82
20201111,4,CO_24h,淮南,0.83
20201111,5,AQI,淮南,96.0
20201111,5,PM2.5,淮南,72.0
20201111,5,PM2.5_24h,淮南,71.0
20201111,5,PM10,淮南,130.0
20201111,5,PM10_24h,淮南,147.0
20201111,5,SO2,淮南,29.0
20201111,5,SO2_24h,淮南,22.0
20201111,5,NO2,淮南,51.0
20201111,5,NO2_24h,淮南,51.0
20201111,5,O3,淮南,46.0
20201111,5,O3_24h,淮南,158.0
20201111,5,O3_8h,淮南,61.0
20201111,5,O3_8h_24h,淮南,73.0
20201111,5,CO,淮南,0.88
20201111,5,CO_24h,淮南,0.83
20201111,6,AQI,淮南,99.0
20201111,6,PM2.5,淮南,74.0
20201111,6,PM2.5_24h,淮南,72.0
20201111,6,PM10,淮南,135.0
20201111,6,PM10_24h,淮南,146.0
20201111,6,SO2,淮南,24.0
20201111,6,SO2_24h,淮南,22.0
20201111,6,NO2,淮南,54.0
20201111,6,NO2_24h,淮南,51.0
20201111,6,O3,淮南,42.0
20201111,6,O3_24h,淮南,158.0
20201111,6,O3_8h,淮南,58.0
20201111,6,O3_8h_24h,淮南,73.0
20201111,6,CO,淮南,1.0
20201111,6,CO_24h,淮南,0.85
20201111,8,AQI,淮南,115.0
20201111,8,PM2.5,淮南,87.0
20201111,8,PM2.5_24h,淮南,72.0
20201111,8,PM10,淮南,146.0
20201111,8,PM10_24h,淮南,145.0
20201111,8,SO2,淮南,19.0
20201111,8,SO2_24h,淮南,21.0
20201111,8,NO2,淮南,64.0
20201111,8,NO2_24h,淮南,51.0
20201111,8,O3,淮南,33.0
20201111,8,O3_24h,淮南,158.0
20201111,8,O3_8h,淮南,52.0
20201111,8,O3_8h_24h,淮南,73.0
20201111,8,CO,淮南,1.0
20201111,8,CO_24h,淮南,0.83
20201111,10,AQI,淮南,115.0
20201111,10,PM2.5,淮南,87.0
20201111,10,PM2.5_24h,淮南,73.0
20201111,10,PM10,淮南,143.0
20201111,10,PM10_24h,淮南,142.0
20201111,10,SO2,淮南,15.0
20201111,10,SO2_24h,淮南,20.0
20201111,10,NO2,淮南,49.0
20201111,10,NO2_24h,淮南,50.0
20201111,10,O3,淮南,65.0
20201111,10,O3_24h,淮南,158.0
20201111,10,O3_8h,淮南,48.0
20201111,10,O3_8h_24h,淮南,73.0
20201111,10,CO,淮南,0.78
20201111,10,CO_24h,淮南,0.83
20201111,11,AQI,淮南,108.0
20201111,11,PM2.5,淮南,81.0
20201111,11,PM2.5_24h,淮南,74.0
20201111,11,PM10,淮南,124.0
20201111,11,PM10_24h,淮南,141.0
20201111,11,SO2,淮南,9.0
20201111,11,SO2_24h,淮南,20.0
20201111,11,NO2,淮南,31.0
20201111,11,NO2_24h,淮南,50.0
20201111,11,O3,淮南,87.0
20201111,11,O3_24h,淮南,158.0
20201111,11,O3_8h,淮南,50.0
20201111,11,O3_8h_24h,淮南,73.0
20201111,11,CO,淮南,0.52
20201111,11,CO_24h,淮南,0.83
20201111,12,AQI,淮南,76.0
20201111,12,PM2.5,淮南,49.0
20201111,12,PM2.5_24h,淮南,73.0
20201111,12,PM10,淮南,102.0
20201111,12,PM10_24h,淮南,138.0
20201111,12,SO2,淮南,8.0
20201111,12,SO2_24h,淮南,20.0
20201111,12,NO2,淮南,26.0
20201111,12,NO2_24h,淮南,49.0
20201111,12,O3,淮南,102.0
20201111,12,O3_24h,淮南,158.0
20201111,12,O3_8h,淮南,57.0
20201111,12,O3_8h_24h,淮南,73.0
20201111,12,CO,淮南,0.47
20201111,12,CO_24h,淮南,0.8
20201111,13,AQI,淮南,67.0
20201111,13,PM2.5,淮南,39.0
20201111,13,PM2.5_24h,淮南,72.0
20201111,13,PM10,淮南,84.0
20201111,13,PM10_24h,淮南,136.0
20201111,13,SO2,淮南,6.0
20201111,13,SO2_24h,淮南,19.0
20201111,13,NO2,淮南,22.0
20201111,13,NO2_24h,淮南,49.0
20201111,13,O3,淮南,111.0
20201111,13,O3_24h,淮南,158.0
20201111,13,O3_8h,淮南,65.0
20201111,13,O3_8h_24h,淮南,73.0
20201111,13,CO,淮南,0.5
20201111,13,CO_24h,淮南,0.8
20201111,14,AQI,淮南,58.0
20201111,14,PM2.5,淮南,38.0
20201111,14,PM2.5_24h,淮南,72.0
20201111,14,PM10,淮南,65.0
20201111,14,PM10_24h,淮南,134.0
20201111,14,SO2,淮南,6.0
20201111,14,SO2_24h,淮南,19.0
20201111,14,NO2,淮南,23.0
20201111,14,NO2_24h,淮南,49.0
20201111,14,O3,淮南,117.0
20201111,14,O3_24h,淮南,158.0
20201111,14,O3_8h,淮南,72.0
20201111,14,O3_8h_24h,淮南,75.0
20201111,14,CO,淮南,0.42
20201111,14,CO_24h,淮南,0.8
20201111,15,AQI,淮南,55.0
20201111,15,PM2.5,淮南,35.0
20201111,15,PM2.5_24h,淮南,71.0
20201111,15,PM10,淮南,60.0
20201111,15,PM10_24h,淮南,131.0
20201111,15,SO2,淮南,5.0
20201111,15,SO2_24h,淮南,19.0
20201111,15,NO2,淮南,21.0
20201111,15,NO2_24h,淮南,49.0
20201111,15,O3,淮南,122.0
20201111,15,O3_24h,淮南,158.0
20201111,15,O3_8h,淮南,84.0
20201111,15,O3_8h_24h,淮南,84.0
20201111,15,CO,淮南,0.4
20201111,15,CO_24h,淮南,0.8
20201111,16,AQI,淮南,56.0
20201111,16,PM2.5,淮南,30.0
20201111,16,PM2.5_24h,淮南,69.0
20201111,16,PM10,淮南,62.0
20201111,16,PM10_24h,淮南,128.0
20201111,16,SO2,淮南,6.0
20201111,16,SO2_24h,淮南,18.0
20201111,16,NO2,淮南,27.0
20201111,16,NO2_24h,淮南,49.0
20201111,16,O3,淮南,119.0
20201111,16,O3_24h,淮南,142.0
20201111,16,O3_8h,淮南,95.0
20201111,16,O3_8h_24h,淮南,95.0
20201111,16,CO,淮南,0.45
20201111,16,CO_24h,淮南,0.77
20201111,17,AQI,淮南,58.0
20201111,17,PM2.5,淮南,29.0
20201111,17,PM2.5_24h,淮南,68.0
20201111,17,PM10,淮南,66.0
20201111,17,PM10_24h,淮南,125.0
20201111,17,SO2,淮南,6.0
20201111,17,SO2_24h,淮南,18.0
20201111,17,NO2,淮南,41.0
20201111,17,NO2_24h,淮南,49.0
20201111,17,O3,淮南,98.0
20201111,17,O3_24h,淮南,125.0
20201111,17,O3_8h,淮南,102.0
20201111,17,O3_8h_24h,淮南,102.0
20201111,17,CO,淮南,0.45
20201111,17,CO_24h,淮南,0.77
20201111,18,AQI,淮南,60.0
20201111,18,PM2.5,淮南,35.0
20201111,18,PM2.5_24h,淮南,67.0
20201111,18,PM10,淮南,69.0
20201111,18,PM10_24h,淮南,122.0
20201111,18,SO2,淮南,8.0
20201111,18,SO2_24h,淮南,18.0
20201111,18,NO2,淮南,69.0
20201111,18,NO2_24h,淮南,49.0
20201111,18,O3,淮南,63.0
20201111,18,O3_24h,淮南,122.0
20201111,18,O3_8h,淮南,101.0
20201111,18,O3_8h_24h,淮南,102.0
20201111,18,CO,淮南,0.57
20201111,18,CO_24h,淮南,0.75
20201111,19,AQI,淮南,71.0
20201111,19,PM2.5,淮南,35.0
20201111,19,PM2.5_24h,淮南,65.0
20201111,19,PM10,淮南,91.0
20201111,19,PM10_24h,淮南,120.0
20201111,19,SO2,淮南,14.0
20201111,19,SO2_24h,淮南,17.0
20201111,19,NO2,淮南,74.0
20201111,19,NO2_24h,淮南,49.0
20201111,19,O3,淮南,55.0
20201111,19,O3_24h,淮南,122.0
20201111,19,O3_8h,淮南,97.0
20201111,19,O3_8h_24h,淮南,102.0
20201111,19,CO,淮南,0.7
20201111,19,CO_24h,淮南,0.75
20201111,20,AQI,淮南,73.0
20201111,20,PM2.5,淮南,39.0
20201111,20,PM2.5_24h,淮南,64.0
20201111,20,PM10,淮南,96.0
20201111,20,PM10_24h,淮南,117.0
20201111,20,SO2,淮南,17.0
20201111,20,SO2_24h,淮南,17.0
20201111,20,NO2,淮南,65.0
20201111,20,NO2_24h,淮南,49.0
20201111,20,O3,淮南,64.0
20201111,20,O3_24h,淮南,122.0
20201111,20,O3_8h,淮南,93.0
20201111,20,O3_8h_24h,淮南,102.0
20201111,20,CO,淮南,0.77
20201111,20,CO_24h,淮南,0.72
20201111,21,AQI,淮南,74.0
20201111,21,PM2.5,淮南,52.0
20201111,21,PM2.5_24h,淮南,63.0
20201111,21,PM10,淮南,97.0
20201111,21,PM10_24h,淮南,114.0
20201111,21,SO2,淮南,17.0
20201111,21,SO2_24h,淮南,17.0
20201111,21,NO2,淮南,56.0
20201111,21,NO2_24h,淮南,48.0
20201111,21,O3,淮南,65.0
20201111,21,O3_24h,淮南,122.0
20201111,21,O3_8h,淮南,86.0
20201111,21,O3_8h_24h,淮南,102.0
20201111,21,CO,淮南,0.77
20201111,21,CO_24h,淮南,0.72
20201111,22,AQI,淮南,74.0
20201111,22,PM2.5,淮南,52.0
20201111,22,PM2.5_24h,淮南,61.0
20201111,22,PM10,淮南,98.0
20201111,22,PM10_24h,淮南,113.0
20201111,22,SO2,淮南,16.0
20201111,22,SO2_24h,淮南,17.0
20201111,22,NO2,淮南,48.0
20201111,22,NO2_24h,淮南,48.0
20201111,22,O3,淮南,65.0
20201111,22,O3_24h,淮南,122.0
20201111,22,O3_8h,淮南,81.0
20201111,22,O3_8h_24h,淮南,102.0
20201111,22,CO,淮南,0.75
20201111,22,CO_24h,淮南,0.72
20201111,23,AQI,淮南,72.0
20201111,23,PM2.5,淮南,45.0
20201111,23,PM2.5_24h,淮南,60.0
20201111,23,PM10,淮南,94.0
20201111,23,PM10_24h,淮南,111.0
20201111,23,SO2,淮南,12.0
20201111,23,SO2_24h,淮南,16.0
20201111,23,NO2,淮南,46.0
20201111,23,NO2_24h,淮南,47.0
20201111,23,O3,淮南,63.0
20201111,23,O3_24h,淮南,122.0
20201111,23,O3_8h,淮南,74.0
20201111,23,O3_8h_24h,淮南,102.0
20201111,23,CO,淮南,0.65
20201111,23,CO_24h,淮南,0.7
20201111,0,AQI,淮北,86.0
20201111,0,PM2.5,淮北,50.0
20201111,0,PM2.5_24h,淮北,66.0
20201111,0,PM10,淮北,122.0
20201111,0,PM10_24h,淮北,142.0
20201111,0,SO2,淮北,12.0
20201111,0,SO2_24h,淮北,12.0
20201111,0,NO2,淮北,35.0
20201111,0,NO2_24h,淮北,49.0
20201111,0,O3,淮北,83.0
20201111,0,O3_24h,淮北,149.0
20201111,0,O3_8h,淮北,87.0
20201111,0,O3_8h_24h,淮北,122.0
20201111,0,CO,淮北,0.67
20201111,0,CO_24h,淮北,0.63
20201111,1,AQI,淮北,80.0
20201111,1,PM2.5,淮北,48.0
20201111,1,PM2.5_24h,淮北,65.0
20201111,1,PM10,淮北,110.0
20201111,1,PM10_24h,淮北,141.0
20201111,1,SO2,淮北,11.0
20201111,1,SO2_24h,淮北,12.0
20201111,1,NO2,淮北,29.0
20201111,1,NO2_24h,淮北,48.0
20201111,1,O3,淮北,84.0
20201111,1,O3_24h,淮北,149.0
20201111,1,O3_8h,淮北,84.0
20201111,1,O3_8h_24h,淮北,84.0
20201111,1,CO,淮北,0.53
20201111,1,CO_24h,淮北,0.63
20201111,2,AQI,淮北,79.0
20201111,2,PM2.5,淮北,50.0
20201111,2,PM2.5_24h,淮北,64.0
20201111,2,PM10,淮北,107.0
20201111,2,PM10_24h,淮北,139.0
20201111,2,SO2,淮北,9.0
20201111,2,SO2_24h,淮北,12.0
20201111,2,NO2,淮北,26.0
20201111,2,NO2_24h,淮北,47.0
20201111,2,O3,淮北,88.0
20201111,2,O3_24h,淮北,149.0
20201111,2,O3_8h,淮北,86.0
20201111,2,O3_8h_24h,淮北,86.0
20201111,2,CO,淮北,0.47
20201111,2,CO_24h,淮北,0.6
20201111,3,AQI,淮北,79.0
20201111,3,PM2.5,淮北,52.0
20201111,3,PM2.5_24h,淮北,63.0
20201111,3,PM10,淮北,108.0
20201111,3,PM10_24h,淮北,138.0
20201111,3,SO2,淮北,9.0
20201111,3,SO2_24h,淮北,12.0
20201111,3,NO2,淮北,25.0
20201111,3,NO2_24h,淮北,46.0
20201111,3,O3,淮北,85.0
20201111,3,O3_24h,淮北,149.0
20201111,3,O3_8h,淮北,86.0
20201111,3,O3_8h_24h,淮北,86.0
20201111,3,CO,淮北,0.47
20201111,3,CO_24h,淮北,0.6
20201111,4,AQI,淮北,78.0
20201111,4,PM2.5,淮北,53.0
20201111,4,PM2.5_24h,淮北,63.0
20201111,4,PM10,淮北,105.0
20201111,4,PM10_24h,淮北,137.0
20201111,4,SO2,淮北,9.0
20201111,4,SO2_24h,淮北,12.0
20201111,4,NO2,淮北,23.0
20201111,4,NO2_24h,淮北,45.0
20201111,4,O3,淮北,81.0
20201111,4,O3_24h,淮北,149.0
20201111,4,O3_8h,淮北,84.0
20201111,4,O3_8h_24h,淮北,86.0
20201111,4,CO,淮北,0.5
20201111,4,CO_24h,淮北,0.6
20201111,5,AQI,淮北,74.0
20201111,5,PM2.5,淮北,54.0
20201111,5,PM2.5_24h,淮北,63.0
20201111,5,PM10,淮北,98.0
20201111,5,PM10_24h,淮北,136.0
20201111,5,SO2,淮北,11.0
20201111,5,SO2_24h,淮北,12.0
20201111,5,NO2,淮北,24.0
20201111,5,NO2_24h,淮北,44.0
20201111,5,O3,淮北,79.0
20201111,5,O3_24h,淮北,149.0
20201111,5,O3_8h,淮北,83.0
20201111,5,O3_8h_24h,淮北,86.0
20201111,5,CO,淮北,0.5
20201111,5,CO_24h,淮北,0.6
20201111,6,AQI,淮北,75.0
20201111,6,PM2.5,淮北,55.0
20201111,6,PM2.5_24h,淮北,62.0
20201111,6,PM10,淮北,99.0
20201111,6,PM10_24h,淮北,135.0
20201111,6,SO2,淮北,10.0
20201111,6,SO2_24h,淮北,12.0
20201111,6,NO2,淮北,28.0
20201111,6,NO2_24h,淮北,43.0
20201111,6,O3,淮北,75.0
20201111,6,O3_24h,淮北,149.0
20201111,6,O3_8h,淮北,82.0
20201111,6,O3_8h_24h,淮北,86.0
20201111,6,CO,淮北,0.5
20201111,6,CO_24h,淮北,0.6
20201111,8,AQI,淮北,85.0
20201111,8,PM2.5,淮北,57.0
20201111,8,PM2.5_24h,淮北,61.0
20201111,8,PM10,淮北,120.0
20201111,8,PM10_24h,淮北,132.0
20201111,8,SO2,淮北,10.0
20201111,8,SO2_24h,淮北,12.0
20201111,8,NO2,淮北,56.0
20201111,8,NO2_24h,淮北,41.0
20201111,8,O3,淮北,48.0
20201111,8,O3_24h,淮北,149.0
20201111,8,O3_8h,淮北,76.0
20201111,8,O3_8h_24h,淮北,86.0
20201111,8,CO,淮北,0.6
20201111,8,CO_24h,淮北,0.57
20201111,10,AQI,淮北,98.0
20201111,10,PM2.5,淮北,73.0
20201111,10,PM2.5_24h,淮北,60.0
20201111,10,PM10,淮北,134.0
20201111,10,PM10_24h,淮北,129.0
20201111,10,SO2,淮北,20.0
20201111,10,SO2_24h,淮北,12.0
20201111,10,NO2,淮北,43.0
20201111,10,NO2_24h,淮北,38.0
20201111,10,O3,淮北,67.0
20201111,10,O3_24h,淮北,149.0
20201111,10,O3_8h,淮北,69.0
20201111,10,O3_8h_24h,淮北,86.0
20201111,10,CO,淮北,0.63
20201111,10,CO_24h,淮北,0.53
20201111,11,AQI,淮北,100.0
20201111,11,PM2.5,淮北,75.0
20201111,11,PM2.5_24h,淮北,61.0
20201111,11,PM10,淮北,149.0
20201111,11,PM10_24h,淮北,128.0
20201111,11,SO2,淮北,20.0
20201111,11,SO2_24h,淮北,12.0
20201111,11,NO2,淮北,39.0
20201111,11,NO2_24h,淮北,38.0
20201111,11,O3,淮北,93.0
20201111,11,O3_24h,淮北,149.0
20201111,11,O3_8h,淮北,70.0
20201111,11,O3_8h_24h,淮北,86.0
20201111,11,CO,淮北,0.7
20201111,11,CO_24h,淮北,0.53
20201111,12,AQI,淮北,95.0
20201111,12,PM2.5,淮北,71.0
20201111,12,PM2.5_24h,淮北,61.0
20201111,12,PM10,淮北,134.0
20201111,12,PM10_24h,淮北,128.0
20201111,12,SO2,淮北,13.0
20201111,12,SO2_24h,淮北,12.0
20201111,12,NO2,淮北,33.0
20201111,12,NO2_24h,淮北,38.0
20201111,12,O3,淮北,115.0
20201111,12,O3_24h,淮北,149.0
20201111,12,O3_8h,淮北,74.0
20201111,12,O3_8h_24h,淮北,86.0
20201111,12,CO,淮北,0.57
20201111,12,CO_24h,淮北,0.53
20201111,13,AQI,淮北,87.0
20201111,13,PM2.5,淮北,60.0
20201111,13,PM2.5_24h,淮北,61.0
20201111,13,PM10,淮北,123.0
20201111,13,PM10_24h,淮北,128.0
20201111,13,SO2,淮北,12.0
20201111,13,SO2_24h,淮北,12.0
20201111,13,NO2,淮北,24.0
20201111,13,NO2_24h,淮北,38.0
20201111,13,O3,淮北,132.0
20201111,13,O3_24h,淮北,149.0
20201111,13,O3_8h,淮北,81.0
20201111,13,O3_8h_24h,淮北,87.0
20201111,13,CO,淮北,0.5
20201111,13,CO_24h,淮北,0.53
20201111,14,AQI,淮北,74.0
20201111,14,PM2.5,淮北,48.0
20201111,14,PM2.5_24h,淮北,60.0
20201111,14,PM10,淮北,98.0
20201111,14,PM10_24h,淮北,127.0
20201111,14,SO2,淮北,10.0
20201111,14,SO2_24h,淮北,12.0
20201111,14,NO2,淮北,19.0
20201111,14,NO2_24h,淮北,39.0
20201111,14,O3,淮北,140.0
20201111,14,O3_24h,淮北,149.0
20201111,14,O3_8h,淮北,89.0
20201111,14,O3_8h_24h,淮北,90.0
20201111,14,CO,淮北,0.43
20201111,14,CO_24h,淮北,0.53
20201111,15,AQI,淮北,69.0
20201111,15,PM2.5,淮北,44.0
20201111,15,PM2.5_24h,淮北,59.0
20201111,15,PM10,淮北,88.0
20201111,15,PM10_24h,淮北,125.0
20201111,15,SO2,淮北,10.0
20201111,15,SO2_24h,淮北,12.0
20201111,15,NO2,淮北,19.0
20201111,15,NO2_24h,淮北,39.0
20201111,15,O3,淮北,146.0
20201111,15,O3_24h,淮北,148.0
20201111,15,O3_8h,淮北,99.0
20201111,15,O3_8h_24h,淮北,99.0
20201111,15,CO,淮北,0.43
20201111,15,CO_24h,淮北,0.53
20201111,16,AQI,淮北,67.0
20201111,16,PM2.5,淮北,39.0
20201111,16,PM2.5_24h,淮北,58.0
20201111,16,PM10,淮北,84.0
20201111,16,PM10_24h,淮北,123.0
20201111,16,SO2,淮北,8.0
20201111,16,SO2_24h,淮北,12.0
20201111,16,NO2,淮北,19.0
20201111,16,NO2_24h,淮北,38.0
20201111,16,O3,淮北,136.0
20201111,16,O3_24h,淮北,146.0
20201111,16,O3_8h,淮北,109.0
20201111,16,O3_8h_24h,淮北,109.0
20201111,16,CO,淮北,0.4
20201111,16,CO_24h,淮北,0.53
20201111,17,AQI,淮北,63.0
20201111,17,PM2.5,淮北,34.0
20201111,17,PM2.5_24h,淮北,57.0
20201111,17,PM10,淮北,76.0
20201111,17,PM10_24h,淮北,120.0
20201111,17,SO2,淮北,8.0
20201111,17,SO2_24h,淮北,11.0
20201111,17,NO2,淮北,24.0
20201111,17,NO2_24h,淮北,38.0
20201111,17,O3,淮北,126.0
20201111,17,O3_24h,淮北,146.0
20201111,17,O3_8h,淮北,119.0
20201111,17,O3_8h_24h,淮北,119.0
20201111,17,CO,淮北,0.45
20201111,17,CO_24h,淮北,0.53
20201111,18,AQI,淮北,65.0
20201111,18,PM2.5,淮北,34.0
20201111,18,PM2.5_24h,淮北,56.0
20201111,18,PM10,淮北,80.0
20201111,18,PM10_24h,淮北,117.0
20201111,18,SO2,淮北,7.0
20201111,18,SO2_24h,淮北,11.0
20201111,18,NO2,淮北,38.0
20201111,18,NO2_24h,淮北,37.0
20201111,18,O3,淮北,104.0
20201111,18,O3_24h,淮北,146.0
20201111,18,O3_8h,淮北,124.0
20201111,18,O3_8h_24h,淮北,124.0
20201111,18,CO,淮北,0.5
20201111,18,CO_24h,淮北,0.53
20201111,19,AQI,淮北,69.0
20201111,19,PM2.5,淮北,38.0
20201111,19,PM2.5_24h,淮北,54.0
20201111,19,PM10,淮北,87.0
20201111,19,PM10_24h,淮北,114.0
20201111,19,SO2,淮北,8.0
20201111,19,SO2_24h,淮北,11.0
20201111,19,NO2,淮北,56.0
20201111,19,NO2_24h,淮北,36.0
20201111,19,O3,淮北,76.0
20201111,19,O3_24h,淮北,146.0
20201111,19,O3_8h,淮北,122.0
20201111,19,O3_8h_24h,淮北,124.0
20201111,19,CO,淮北,0.6
20201111,19,CO_24h,淮北,0.53
20201111,20,AQI,淮北,76.0
20201111,20,PM2.5,淮北,41.0
20201111,20,PM2.5_24h,淮北,53.0
20201111,20,PM10,淮北,101.0
20201111,20,PM10_24h,淮北,112.0
20201111,20,SO2,淮北,10.0
20201111,20,SO2_24h,淮北,11.0
20201111,20,NO2,淮北,41.0
20201111,20,NO2_24h,淮北,35.0
20201111,20,O3,淮北,85.0
20201111,20,O3_24h,淮北,146.0
20201111,20,O3_8h,淮北,118.0
20201111,20,O3_8h_24h,淮北,124.0
20201111,20,CO,淮北,0.6
20201111,20,CO_24h,淮北,0.53
20201111,21,AQI,淮北,74.0
20201111,21,PM2.5,淮北,46.0
20201111,21,PM2.5_24h,淮北,52.0
20201111,21,PM10,淮北,98.0
20201111,21,PM10_24h,淮北,109.0
20201111,21,SO2,淮北,9.0
20201111,21,SO2_24h,淮北,11.0
20201111,21,NO2,淮北,30.0
20201111,21,NO2_24h,淮北,34.0
20201111,21,O3,淮北,94.0
20201111,21,O3_24h,淮北,146.0
20201111,21,O3_8h,淮北,113.0
20201111,21,O3_8h_24h,淮北,124.0
20201111,21,CO,淮北,0.6
20201111,21,CO_24h,淮北,0.53
20201111,22,AQI,淮北,74.0
20201111,22,PM2.5,淮北,45.0
20201111,22,PM2.5_24h,淮北,52.0
20201111,22,PM10,淮北,98.0
20201111,22,PM10_24h,淮北,108.0
20201111,22,SO2,淮北,9.0
20201111,22,SO2_24h,淮北,11.0
20201111,22,NO2,淮北,28.0
20201111,22,NO2_24h,淮北,33.0
20201111,22,O3,淮北,94.0
20201111,22,O3_24h,淮北,146.0
20201111,22,O3_8h,淮北,107.0
20201111,22,O3_8h_24h,淮北,124.0
20201111,22,CO,淮北,0.63
20201111,22,CO_24h,淮北,0.53
20201111,23,AQI,淮北,72.0
20201111,23,PM2.5,淮北,43.0
20201111,23,PM2.5_24h,淮北,51.0
20201111,23,PM10,淮北,94.0
20201111,23,PM10_24h,淮北,106.0
20201111,23,SO2,淮北,8.0
20201111,23,SO2_24h,淮北,11.0
20201111,23,NO2,淮北,28.0
20201111,23,NO2_24h,淮北,33.0
20201111,23,O3,淮北,96.0
20201111,23,O3_24h,淮北,146.0
20201111,23,O3_8h,淮北,100.0
20201111,23,O3_8h_24h,淮北,124.0
20201111,23,CO,淮北,0.5
20201111,23,CO_24h,淮北,0.53
20201111,0,AQI,铜陵,72.0
20201111,0,PM2.5,铜陵,35.0
20201111,0,PM2.5_24h,铜陵,36.0
20201111,0,PM10,铜陵,94.0
20201111,0,PM10_24h,铜陵,99.0
20201111,0,SO2,铜陵,10.0
20201111,0,SO2_24h,铜陵,12.0
20201111,0,NO2,铜陵,46.0
20201111,0,NO2_24h,铜陵,37.0
20201111,0,O3,铜陵,59.0
20201111,0,O3_24h,铜陵,124.0
20201111,0,O3_8h,铜陵,92.0
20201111,0,O3_8h_24h,铜陵,116.0
20201111,0,CO,铜陵,0.57
20201111,0,CO_24h,铜陵,0.62
20201111,1,AQI,铜陵,77.0
20201111,1,PM2.5,铜陵,43.0
20201111,1,PM2.5_24h,铜陵,36.0
20201111,1,PM10,铜陵,103.0
20201111,1,PM10_24h,铜陵,98.0
20201111,1,SO2,铜陵,11.0
20201111,1,SO2_24h,铜陵,12.0
20201111,1,NO2,铜陵,58.0
20201111,1,NO2_24h,铜陵,36.0
20201111,1,O3,铜陵,46.0
20201111,1,O3_24h,铜陵,124.0
20201111,1,O3_8h,铜陵,46.0
20201111,1,O3_8h_24h,铜陵,46.0
20201111,1,CO,铜陵,0.57
20201111,1,CO_24h,铜陵,0.62
20201111,2,AQI,铜陵,75.0
20201111,2,PM2.5,铜陵,40.0
20201111,2,PM2.5_24h,铜陵,36.0
20201111,2,PM10,铜陵,100.0
20201111,2,PM10_24h,铜陵,98.0
20201111,2,SO2,铜陵,13.0
20201111,2,SO2_24h,铜陵,12.0
20201111,2,NO2,铜陵,51.0
20201111,2,NO2_24h,铜陵,36.0
20201111,2,O3,铜陵,50.0
20201111,2,O3_24h,铜陵,124.0
20201111,2,O3_8h,铜陵,48.0
20201111,2,O3_8h_24h,铜陵,48.0
20201111,2,CO,铜陵,0.73
20201111,2,CO_24h,铜陵,0.63
20201111,3,AQI,铜陵,77.0
20201111,3,PM2.5,铜陵,44.0
20201111,3,PM2.5_24h,铜陵,36.0
20201111,3,PM10,铜陵,104.0
20201111,3,PM10_24h,铜陵,97.0
20201111,3,SO2,铜陵,19.0
20201111,3,SO2_24h,铜陵,13.0
20201111,3,NO2,铜陵,34.0
20201111,3,NO2_24h,铜陵,35.0
20201111,3,O3,铜陵,57.0
20201111,3,O3_24h,铜陵,124.0
20201111,3,O3_8h,铜陵,51.0
20201111,3,O3_8h_24h,铜陵,51.0
20201111,3,CO,铜陵,1.05
20201111,3,CO_24h,铜陵,0.65
20201111,4,AQI,铜陵,76.0
20201111,4,PM2.5,铜陵,43.0
20201111,4,PM2.5_24h,铜陵,37.0
20201111,4,PM10,铜陵,102.0
20201111,4,PM10_24h,铜陵,96.0
20201111,4,SO2,铜陵,16.0
20201111,4,SO2_24h,铜陵,13.0
20201111,4,NO2,铜陵,34.0
20201111,4,NO2_24h,铜陵,34.0
20201111,4,O3,铜陵,51.0
20201111,4,O3_24h,铜陵,124.0
20201111,4,O3_8h,铜陵,51.0
20201111,4,O3_8h_24h,铜陵,52.0
20201111,4,CO,铜陵,0.97
20201111,4,CO_24h,铜陵,0.67
20201111,5,AQI,铜陵,77.0
20201111,5,PM2.5,铜陵,46.0
20201111,5,PM2.5_24h,铜陵,37.0
20201111,5,PM10,铜陵,103.0
20201111,5,PM10_24h,铜陵,96.0
20201111,5,SO2,铜陵,9.0
20201111,5,SO2_24h,铜陵,13.0
20201111,5,NO2,铜陵,36.0
20201111,5,NO2_24h,铜陵,32.0
20201111,5,O3,铜陵,45.0
20201111,5,O3_24h,铜陵,124.0
20201111,5,O3_8h,铜陵,50.0
20201111,5,O3_8h_24h,铜陵,52.0
20201111,5,CO,铜陵,0.55
20201111,5,CO_24h,铜陵,0.67
20201111,6,AQI,铜陵,75.0
20201111,6,PM2.5,铜陵,48.0
20201111,6,PM2.5_24h,铜陵,37.0
20201111,6,PM10,铜陵,100.0
20201111,6,PM10_24h,铜陵,96.0
20201111,6,SO2,铜陵,8.0
20201111,6,SO2_24h,铜陵,13.0
20201111,6,NO2,铜陵,42.0
20201111,6,NO2_24h,铜陵,31.0
20201111,6,O3,铜陵,37.0
20201111,6,O3_24h,铜陵,124.0
20201111,6,O3_8h,铜陵,48.0
20201111,6,O3_8h_24h,铜陵,53.0
20201111,6,CO,铜陵,0.58
20201111,6,CO_24h,铜陵,0.67
20201111,8,AQI,铜陵,80.0
20201111,8,PM2.5,铜陵,52.0
20201111,8,PM2.5_24h,铜陵,38.0
20201111,8,PM10,铜陵,109.0
20201111,8,PM10_24h,铜陵,96.0
20201111,8,SO2,铜陵,15.0
20201111,8,SO2_24h,铜陵,12.0
20201111,8,NO2,铜陵,48.0
20201111,8,NO2_24h,铜陵,31.0
20201111,8,O3,铜陵,33.0
20201111,8,O3_24h,铜陵,124.0
20201111,8,O3_8h,铜陵,44.0
20201111,8,O3_8h_24h,铜陵,53.0
20201111,8,CO,铜陵,1.15
20201111,8,CO_24h,铜陵,0.63
20201111,10,AQI,铜陵,80.0
20201111,10,PM2.5,铜陵,54.0
20201111,10,PM2.5_24h,铜陵,39.0
20201111,10,PM10,铜陵,110.0
20201111,10,PM10_24h,铜陵,95.0
20201111,10,SO2,铜陵,12.0
20201111,10,SO2_24h,铜陵,12.0
20201111,10,NO2,铜陵,26.0
20201111,10,NO2_24h,铜陵,30.0
20201111,10,O3,铜陵,69.0
20201111,10,O3_24h,铜陵,124.0
20201111,10,O3_8h,铜陵,46.0
20201111,10,O3_8h_24h,铜陵,55.0
20201111,10,CO,铜陵,0.68
20201111,10,CO_24h,铜陵,0.63
20201111,11,AQI,铜陵,69.0
20201111,11,PM2.5,铜陵,40.0
20201111,11,PM2.5_24h,铜陵,39.0
20201111,11,PM10,铜陵,87.0
20201111,11,PM10_24h,铜陵,93.0
20201111,11,SO2,铜陵,10.0
20201111,11,SO2_24h,铜陵,11.0
20201111,11,NO2,铜陵,20.0
20201111,11,NO2_24h,铜陵,29.0
20201111,11,O3,铜陵,85.0
20201111,11,O3_24h,铜陵,124.0
20201111,11,O3_8h,铜陵,50.0
20201111,11,O3_8h_24h,铜陵,57.0
20201111,11,CO,铜陵,0.45
20201111,11,CO_24h,铜陵,0.63
20201111,12,AQI,铜陵,59.0
20201111,12,PM2.5,铜陵,30.0
20201111,12,PM2.5_24h,铜陵,39.0
20201111,12,PM10,铜陵,67.0
20201111,12,PM10_24h,铜陵,91.0
20201111,12,SO2,铜陵,12.0
20201111,12,SO2_24h,铜陵,11.0
20201111,12,NO2,铜陵,17.0
20201111,12,NO2_24h,铜陵,29.0
20201111,12,O3,铜陵,97.0
20201111,12,O3_24h,铜陵,124.0
20201111,12,O3_8h,铜陵,56.0
20201111,12,O3_8h_24h,铜陵,60.0
20201111,12,CO,铜陵,0.38
20201111,12,CO_24h,铜陵,0.63
20201111,13,AQI,铜陵,51.0
20201111,13,PM2.5,铜陵,25.0
20201111,13,PM2.5_24h,铜陵,38.0
20201111,13,PM10,铜陵,52.0
20201111,13,PM10_24h,铜陵,89.0
20201111,13,SO2,铜陵,15.0
20201111,13,SO2_24h,铜陵,12.0
20201111,13,NO2,铜陵,16.0
20201111,13,NO2_24h,铜陵,30.0
20201111,13,O3,铜陵,100.0
20201111,13,O3_24h,铜陵,124.0
20201111,13,O3_8h,铜陵,63.0
20201111,13,O3_8h_24h,铜陵,65.0
20201111,13,CO,铜陵,0.38
20201111,13,CO_24h,铜陵,0.65
20201111,14,AQI,铜陵,41.0
20201111,14,PM2.5,铜陵,19.0
20201111,14,PM2.5_24h,铜陵,38.0
20201111,14,PM10,铜陵,41.0
20201111,14,PM10_24h,铜陵,89.0
20201111,14,SO2,铜陵,12.0
20201111,14,SO2_24h,铜陵,12.0
20201111,14,NO2,铜陵,16.0
20201111,14,NO2_24h,铜陵,30.0
20201111,14,O3,铜陵,105.0
20201111,14,O3_24h,铜陵,124.0
20201111,14,O3_8h,铜陵,71.0
20201111,14,O3_8h_24h,铜陵,71.0
20201111,14,CO,铜陵,0.47
20201111,14,CO_24h,铜陵,0.65
20201111,15,AQI,铜陵,43.0
20201111,15,PM2.5,铜陵,15.0
20201111,15,PM2.5_24h,铜陵,38.0
20201111,15,PM10,铜陵,43.0
20201111,15,PM10_24h,铜陵,88.0
20201111,15,SO2,铜陵,8.0
20201111,15,SO2_24h,铜陵,12.0
20201111,15,NO2,铜陵,15.0
20201111,15,NO2_24h,铜陵,30.0
20201111,15,O3,铜陵,108.0
20201111,15,O3_24h,铜陵,124.0
20201111,15,O3_8h,铜陵,80.0
20201111,15,O3_8h_24h,铜陵,80.0
20201111,15,CO,铜陵,0.46
20201111,15,CO_24h,铜陵,0.65
20201111,16,AQI,铜陵,40.0
20201111,16,PM2.5,铜陵,16.0
20201111,16,PM2.5_24h,铜陵,37.0
20201111,16,PM10,铜陵,40.0
20201111,16,PM10_24h,铜陵,86.0
20201111,16,SO2,铜陵,7.0
20201111,16,SO2_24h,铜陵,12.0
20201111,16,NO2,铜陵,13.0
20201111,16,NO2_24h,铜陵,30.0
20201111,16,O3,铜陵,114.0
20201111,16,O3_24h,铜陵,120.0
20201111,16,O3_8h,铜陵,90.0
20201111,16,O3_8h_24h,铜陵,90.0
20201111,16,CO,铜陵,0.44
20201111,16,CO_24h,铜陵,0.65
20201111,17,AQI,铜陵,47.0
20201111,17,PM2.5,铜陵,15.0
20201111,17,PM2.5_24h,铜陵,37.0
20201111,17,PM10,铜陵,47.0
20201111,17,PM10_24h,铜陵,86.0
20201111,17,SO2,铜陵,8.0
20201111,17,SO2_24h,铜陵,12.0
20201111,17,NO2,铜陵,15.0
20201111,17,NO2_24h,铜陵,30.0
20201111,17,O3,铜陵,111.0
20201111,17,O3_24h,铜陵,116.0
20201111,17,O3_8h,铜陵,98.0
20201111,17,O3_8h_24h,铜陵,98.0
20201111,17,CO,铜陵,0.42
20201111,17,CO_24h,铜陵,0.63
20201111,18,AQI,铜陵,44.0
20201111,18,PM2.5,铜陵,16.0
20201111,18,PM2.5_24h,铜陵,36.0
20201111,18,PM10,铜陵,44.0
20201111,18,PM10_24h,铜陵,84.0
20201111,18,SO2,铜陵,8.0
20201111,18,SO2_24h,铜陵,12.0
20201111,18,NO2,铜陵,23.0
20201111,18,NO2_24h,铜陵,30.0
20201111,18,O3,铜陵,101.0
20201111,18,O3_24h,铜陵,116.0
20201111,18,O3_8h,铜陵,103.0
20201111,18,O3_8h_24h,铜陵,103.0
20201111,18,CO,铜陵,0.42
20201111,18,CO_24h,铜陵,0.63
20201111,19,AQI,铜陵,49.0
20201111,19,PM2.5,铜陵,19.0
20201111,19,PM2.5_24h,铜陵,36.0
20201111,19,PM10,铜陵,49.0
20201111,19,PM10_24h,铜陵,83.0
20201111,19,SO2,铜陵,7.0
20201111,19,SO2_24h,铜陵,12.0
20201111,19,NO2,铜陵,30.0
20201111,19,NO2_24h,铜陵,31.0
20201111,19,O3,铜陵,88.0
20201111,19,O3_24h,铜陵,116.0
20201111,19,O3_8h,铜陵,103.0
20201111,19,O3_8h_24h,铜陵,103.0
20201111,19,CO,铜陵,0.42
20201111,19,CO_24h,铜陵,0.63
20201111,20,AQI,铜陵,53.0
20201111,20,PM2.5,铜陵,27.0
20201111,20,PM2.5_24h,铜陵,35.0
20201111,20,PM10,铜陵,55.0
20201111,20,PM10_24h,铜陵,82.0
20201111,20,SO2,铜陵,8.0
20201111,20,SO2_24h,铜陵,12.0
20201111,20,NO2,铜陵,31.0
20201111,20,NO2_24h,铜陵,31.0
20201111,20,O3,铜陵,79.0
20201111,20,O3_24h,铜陵,116.0
20201111,20,O3_8h,铜陵,100.0
20201111,20,O3_8h_24h,铜陵,103.0
20201111,20,CO,铜陵,0.42
20201111,20,CO_24h,铜陵,0.63
20201111,21,AQI,铜陵,54.0
20201111,21,PM2.5,铜陵,30.0
20201111,21,PM2.5_24h,铜陵,35.0
20201111,21,PM10,铜陵,57.0
20201111,21,PM10_24h,铜陵,80.0
20201111,21,SO2,铜陵,9.0
20201111,21,SO2_24h,铜陵,12.0
20201111,21,NO2,铜陵,33.0
20201111,21,NO2_24h,铜陵,31.0
20201111,21,O3,铜陵,69.0
20201111,21,O3_24h,铜陵,114.0
20201111,21,O3_8h,铜陵,97.0
20201111,21,O3_8h_24h,铜陵,103.0
20201111,21,CO,铜陵,0.55
20201111,21,CO_24h,铜陵,0.63
20201111,22,AQI,铜陵,55.0
20201111,22,PM2.5,铜陵,25.0
20201111,22,PM2.5_24h,铜陵,35.0
20201111,22,PM10,铜陵,59.0
20201111,22,PM10_24h,铜陵,79.0
20201111,22,SO2,铜陵,17.0
20201111,22,SO2_24h,铜陵,12.0
20201111,22,NO2,铜陵,43.0
20201111,22,NO2_24h,铜陵,32.0
20201111,22,O3,铜陵,57.0
20201111,22,O3_24h,铜陵,114.0
20201111,22,O3_8h,铜陵,90.0
20201111,22,O3_8h_24h,铜陵,103.0
20201111,22,CO,铜陵,0.63
20201111,22,CO_24h,铜陵,0.62
20201111,23,AQI,铜陵,58.0
20201111,23,PM2.5,铜陵,29.0
20201111,23,PM2.5_24h,铜陵,35.0
20201111,23,PM10,铜陵,65.0
20201111,23,PM10_24h,铜陵,78.0
20201111,23,SO2,铜陵,32.0
20201111,23,SO2_24h,铜陵,12.0
20201111,23,NO2,铜陵,49.0
20201111,23,NO2_24h,铜陵,32.0
20201111,23,O3,铜陵,49.0
20201111,23,O3_24h,铜陵,114.0
20201111,23,O3_8h,铜陵,83.0
20201111,23,O3_8h_24h,铜陵,103.0
20201111,23,CO,铜陵,0.6
20201111,23,CO_24h,铜陵,0.63
20201111,0,AQI,安庆,60.0
20201111,0,PM2.5,安庆,39.0
20201111,0,PM2.5_24h,安庆,40.0
20201111,0,PM10,安庆,69.0
20201111,0,PM10_24h,安庆,94.0
20201111,0,SO2,安庆,11.0
20201111,0,SO2_24h,安庆,11.0
20201111,0,NO2,安庆,18.0
20201111,0,NO2_24h,安庆,24.0
20201111,0,O3,安庆,95.0
20201111,0,O3_24h,安庆,146.0
20201111,0,O3_8h,安庆,107.0
20201111,0,O3_8h_24h,安庆,124.0
20201111,0,CO,安庆,0.73
20201111,0,CO_24h,安庆,0.63
20201111,1,AQI,安庆,60.0
20201111,1,PM2.5,安庆,39.0
20201111,1,PM2.5_24h,安庆,40.0
20201111,1,PM10,安庆,70.0
20201111,1,PM10_24h,安庆,92.0
20201111,1,SO2,安庆,11.0
20201111,1,SO2_24h,安庆,11.0
20201111,1,NO2,安庆,18.0
20201111,1,NO2_24h,安庆,23.0
20201111,1,O3,安庆,91.0
20201111,1,O3_24h,安庆,146.0
20201111,1,O3_8h,安庆,91.0
20201111,1,O3_8h_24h,安庆,91.0
20201111,1,CO,安庆,0.7
20201111,1,CO_24h,安庆,0.63
20201111,2,AQI,安庆,66.0
20201111,2,PM2.5,安庆,43.0
20201111,2,PM2.5_24h,安庆,40.0
20201111,2,PM10,安庆,81.0
20201111,2,PM10_24h,安庆,91.0
20201111,2,SO2,安庆,9.0
20201111,2,SO2_24h,安庆,11.0
20201111,2,NO2,安庆,19.0
20201111,2,NO2_24h,安庆,23.0
20201111,2,O3,安庆,83.0
20201111,2,O3_24h,安庆,146.0
20201111,2,O3_8h,安庆,87.0
20201111,2,O3_8h_24h,安庆,91.0
20201111,2,CO,安庆,0.72
20201111,2,CO_24h,安庆,0.63
20201111,3,AQI,安庆,67.0
20201111,3,PM2.5,安庆,46.0
20201111,3,PM2.5_24h,安庆,41.0
20201111,3,PM10,安庆,84.0
20201111,3,PM10_24h,安庆,89.0
20201111,3,SO2,安庆,8.0
20201111,3,SO2_24h,安庆,11.0
20201111,3,NO2,安庆,18.0
20201111,3,NO2_24h,安庆,23.0
20201111,3,O3,安庆,75.0
20201111,3,O3_24h,安庆,146.0
20201111,3,O3_8h,安庆,83.0
20201111,3,O3_8h_24h,安庆,91.0
20201111,3,CO,安庆,0.75
20201111,3,CO_24h,安庆,0.6
20201111,4,AQI,安庆,69.0
20201111,4,PM2.5,安庆,50.0
20201111,4,PM2.5_24h,安庆,41.0
20201111,4,PM10,安庆,79.0
20201111,4,PM10_24h,安庆,88.0
20201111,4,SO2,安庆,8.0
20201111,4,SO2_24h,安庆,10.0
20201111,4,NO2,安庆,23.0
20201111,4,NO2_24h,安庆,23.0
20201111,4,O3,安庆,62.0
20201111,4,O3_24h,安庆,146.0
20201111,4,O3_8h,安庆,78.0
20201111,4,O3_8h_24h,安庆,91.0
20201111,4,CO,安庆,0.7
20201111,4,CO_24h,安庆,0.6
20201111,5,AQI,安庆,79.0
20201111,5,PM2.5,安庆,58.0
20201111,5,PM2.5_24h,安庆,42.0
20201111,5,PM10,安庆,80.0
20201111,5,PM10_24h,安庆,87.0
20201111,5,SO2,安庆,10.0
20201111,5,SO2_24h,安庆,10.0
20201111,5,NO2,安庆,31.0
20201111,5,NO2_24h,安庆,23.0
20201111,5,O3,安庆,47.0
20201111,5,O3_24h,安庆,146.0
20201111,5,O3_8h,安庆,72.0
20201111,5,O3_8h_24h,安庆,91.0
20201111,5,CO,安庆,0.73
20201111,5,CO_24h,安庆,0.6
20201111,6,AQI,安庆,81.0
20201111,6,PM2.5,安庆,60.0
20201111,6,PM2.5_24h,安庆,42.0
20201111,6,PM10,安庆,81.0
20201111,6,PM10_24h,安庆,85.0
20201111,6,SO2,安庆,10.0
20201111,6,SO2_24h,安庆,10.0
20201111,6,NO2,安庆,31.0
20201111,6,NO2_24h,安庆,24.0
20201111,6,O3,安庆,45.0
20201111,6,O3_24h,安庆,146.0
20201111,6,O3_8h,安庆,67.0
20201111,6,O3_8h_24h,安庆,91.0
20201111,6,CO,安庆,0.85
20201111,6,CO_24h,安庆,0.65
20201111,8,AQI,安庆,84.0
20201111,8,PM2.5,安庆,62.0
20201111,8,PM2.5_24h,安庆,43.0
20201111,8,PM10,安庆,80.0
20201111,8,PM10_24h,安庆,83.0
20201111,8,SO2,安庆,11.0
20201111,8,SO2_24h,安庆,11.0
20201111,8,NO2,安庆,29.0
20201111,8,NO2_24h,安庆,24.0
20201111,8,O3,安庆,45.0
20201111,8,O3_24h,安庆,146.0
20201111,8,O3_8h,安庆,61.0
20201111,8,O3_8h_24h,安庆,91.0
20201111,8,CO,安庆,0.95
20201111,8,CO_24h,安庆,0.65
20201111,10,AQI,安庆,84.0
20201111,10,PM2.5,安庆,62.0
20201111,10,PM2.5_24h,安庆,45.0
20201111,10,PM10,安庆,89.0
20201111,10,PM10_24h,安庆,81.0
20201111,10,SO2,安庆,13.0
20201111,10,SO2_24h,安庆,10.0
20201111,10,NO2,安庆,26.0
20201111,10,NO2_24h,安庆,23.0
20201111,10,O3,安庆,91.0
20201111,10,O3_24h,安庆,146.0
20201111,10,O3_8h,安庆,57.0
20201111,10,O3_8h_24h,安庆,91.0
20201111,10,CO,安庆,0.8
20201111,10,CO_24h,安庆,0.67
20201111,11,AQI,安庆,76.0
20201111,11,PM2.5,安庆,56.0
20201111,11,PM2.5_24h,安庆,46.0
20201111,11,PM10,安庆,87.0
20201111,11,PM10_24h,安庆,80.0
20201111,11,SO2,安庆,10.0
20201111,11,SO2_24h,安庆,10.0
20201111,11,NO2,安庆,21.0
20201111,11,NO2_24h,安庆,23.0
20201111,11,O3,安庆,116.0
20201111,11,O3_24h,安庆,146.0
20201111,11,O3_8h,安庆,60.0
20201111,11,O3_8h_24h,安庆,91.0
20201111,11,CO,安庆,0.68
20201111,11,CO_24h,安庆,0.67
20201111,12,AQI,安庆,81.0
20201111,12,PM2.5,安庆,60.0
20201111,12,PM2.5_24h,安庆,46.0
20201111,12,PM10,安庆,88.0
20201111,12,PM10_24h,安庆,79.0
20201111,12,SO2,安庆,7.0
20201111,12,SO2_24h,安庆,10.0
20201111,12,NO2,安庆,22.0
20201111,12,NO2_24h,安庆,23.0
20201111,12,O3,安庆,125.0
20201111,12,O3_24h,安庆,147.0
20201111,12,O3_8h,安庆,69.0
20201111,12,O3_8h_24h,安庆,91.0
20201111,12,CO,安庆,0.73
20201111,12,CO_24h,安庆,0.67
20201111,13,AQI,安庆,74.0
20201111,13,PM2.5,安庆,54.0
20201111,13,PM2.5_24h,安庆,47.0
20201111,13,PM10,安庆,87.0
20201111,13,PM10_24h,安庆,79.0
20201111,13,SO2,安庆,8.0
20201111,13,SO2_24h,安庆,10.0
20201111,13,NO2,安庆,20.0
20201111,13,NO2_24h,安庆,24.0
20201111,13,O3,安庆,140.0
20201111,13,O3_24h,安庆,150.0
20201111,13,O3_8h,安庆,81.0
20201111,13,O3_8h_24h,安庆,91.0
20201111,13,CO,安庆,0.68
20201111,13,CO_24h,安庆,0.67
20201111,14,AQI,安庆,68.0
20201111,14,PM2.5,安庆,49.0
20201111,14,PM2.5_24h,安庆,47.0
20201111,14,PM10,安庆,80.0
20201111,14,PM10_24h,安庆,79.0
20201111,14,SO2,安庆,8.0
20201111,14,SO2_24h,安庆,10.0
20201111,14,NO2,安庆,17.0
20201111,14,NO2_24h,安庆,23.0
20201111,14,O3,安庆,152.0
20201111,14,O3_24h,安庆,154.0
20201111,14,O3_8h,安庆,94.0
20201111,14,O3_8h_24h,安庆,98.0
20201111,14,CO,安庆,0.63
20201111,14,CO_24h,安庆,0.65
20201111,15,AQI,安庆,61.0
20201111,15,PM2.5,安庆,43.0
20201111,15,PM2.5_24h,安庆,47.0
20201111,15,PM10,安庆,71.0
20201111,15,PM10_24h,安庆,79.0
20201111,15,SO2,安庆,7.0
20201111,15,SO2_24h,安庆,9.0
20201111,15,NO2,安庆,18.0
20201111,15,NO2_24h,安庆,23.0
20201111,15,O3,安庆,152.0
20201111,15,O3_24h,安庆,154.0
20201111,15,O3_8h,安庆,110.0
20201111,15,O3_8h_24h,安庆,110.0
20201111,15,CO,安庆,0.58
20201111,15,CO_24h,安庆,0.65
20201111,16,AQI,安庆,57.0
20201111,16,PM2.5,安庆,35.0
20201111,16,PM2.5_24h,安庆,47.0
20201111,16,PM10,安庆,64.0
20201111,16,PM10_24h,安庆,78.0
20201111,16,SO2,安庆,7.0
20201111,16,SO2_24h,安庆,9.0
20201111,16,NO2,安庆,17.0
20201111,16,NO2_24h,安庆,24.0
20201111,16,O3,安庆,146.0
20201111,16,O3_24h,安庆,154.0
20201111,16,O3_8h,安庆,122.0
20201111,16,O3_8h_24h,安庆,122.0
20201111,16,CO,安庆,0.53
20201111,16,CO_24h,安庆,0.65
20201111,17,AQI,安庆,54.0
20201111,17,PM2.5,安庆,28.0
20201111,17,PM2.5_24h,安庆,47.0
20201111,17,PM10,安庆,58.0
20201111,17,PM10_24h,安庆,77.0
20201111,17,SO2,安庆,7.0
20201111,17,SO2_24h,安庆,9.0
20201111,17,NO2,安庆,25.0
20201111,17,NO2_24h,安庆,24.0
20201111,17,O3,安庆,128.0
20201111,17,O3_24h,安庆,153.0
20201111,17,O3_8h,安庆,131.0
20201111,17,O3_8h_24h,安庆,131.0
20201111,17,CO,安庆,0.57
20201111,17,CO_24h,安庆,0.65
20201111,18,AQI,安庆,52.0
20201111,18,PM2.5,安庆,24.0
20201111,18,PM2.5_24h,安庆,46.0
20201111,18,PM10,安庆,53.0
20201111,18,PM10_24h,安庆,77.0
20201111,18,SO2,安庆,7.0
20201111,18,SO2_24h,安庆,9.0
20201111,18,NO2,安庆,33.0
20201111,18,NO2_24h,安庆,24.0
20201111,18,O3,安庆,107.0
20201111,18,O3_24h,安庆,153.0
20201111,18,O3_8h,安庆,133.0
20201111,18,O3_8h_24h,安庆,133.0
20201111,18,CO,安庆,0.5
20201111,18,CO_24h,安庆,0.67
20201111,19,AQI,安庆,51.0
20201111,19,PM2.5,安庆,23.0
20201111,19,PM2.5_24h,安庆,45.0
20201111,19,PM10,安庆,51.0
20201111,19,PM10_24h,安庆,75.0
20201111,19,SO2,安庆,7.0
20201111,19,SO2_24h,安庆,9.0
20201111,19,NO2,安庆,28.0
20201111,19,NO2_24h,安庆,24.0
20201111,19,O3,安庆,106.0
20201111,19,O3_24h,安庆,153.0
20201111,19,O3_8h,安庆,132.0
20201111,19,O3_8h_24h,安庆,134.0
20201111,19,CO,安庆,0.47
20201111,19,CO_24h,安庆,0.65
20201111,20,AQI,安庆,46.0
20201111,20,PM2.5,安庆,23.0
20201111,20,PM2.5_24h,安庆,45.0
20201111,20,PM10,安庆,46.0
20201111,20,PM10_24h,安庆,74.0
20201111,20,SO2,安庆,8.0
20201111,20,SO2_24h,安庆,9.0
20201111,20,NO2,安庆,27.0
20201111,20,NO2_24h,安庆,24.0
20201111,20,O3,安庆,97.0
20201111,20,O3_24h,安庆,153.0
20201111,20,O3_8h,安庆,128.0
20201111,20,O3_8h_24h,安庆,134.0
20201111,20,CO,安庆,0.47
20201111,20,CO_24h,安庆,0.65
20201111,21,AQI,安庆,43.0
20201111,21,PM2.5,安庆,22.0
20201111,21,PM2.5_24h,安庆,44.0
20201111,21,PM10,安庆,43.0
20201111,21,PM10_24h,安庆,73.0
20201111,21,SO2,安庆,8.0
20201111,21,SO2_24h,安庆,9.0
20201111,21,NO2,安庆,27.0
20201111,21,NO2_24h,安庆,24.0
20201111,21,O3,安庆,95.0
20201111,21,O3_24h,安庆,153.0
20201111,21,O3_8h,安庆,123.0
20201111,21,O3_8h_24h,安庆,134.0
20201111,21,CO,安庆,0.47
20201111,21,CO_24h,安庆,0.65
20201111,22,AQI,安庆,45.0
20201111,22,PM2.5,安庆,23.0
20201111,22,PM2.5_24h,安庆,44.0
20201111,22,PM10,安庆,45.0
20201111,22,PM10_24h,安庆,71.0
20201111,22,SO2,安庆,9.0
20201111,22,SO2_24h,安庆,9.0
20201111,22,NO2,安庆,26.0
20201111,22,NO2_24h,安庆,24.0
20201111,22,O3,安庆,91.0
20201111,22,O3_24h,安庆,153.0
20201111,22,O3_8h,安庆,116.0
20201111,22,O3_8h_24h,安庆,134.0
20201111,22,CO,安庆,0.47
20201111,22,CO_24h,安庆,0.65
20201111,23,AQI,安庆,45.0
20201111,23,PM2.5,安庆,24.0
20201111,23,PM2.5_24h,安庆,44.0
20201111,23,PM10,安庆,45.0
20201111,23,PM10_24h,安庆,71.0
20201111,23,SO2,安庆,9.0
20201111,23,SO2_24h,安庆,9.0
20201111,23,NO2,安庆,27.0
20201111,23,NO2_24h,安庆,24.0
20201111,23,O3,安庆,83.0
20201111,23,O3_24h,安庆,153.0
20201111,23,O3_8h,安庆,107.0
20201111,23,O3_8h_24h,安庆,134.0
20201111,23,CO,安庆,0.5
20201111,23,CO_24h,安庆,0.67
20201111,0,AQI,黄山,53.0
20201111,0,PM2.5,黄山,31.0
20201111,0,PM2.5_24h,黄山,34.0
20201111,0,PM10,黄山,56.0
20201111,0,PM10_24h,黄山,67.0
20201111,0,SO2,黄山,4.0
20201111,0,SO2_24h,黄山,5.0
20201111,0,NO2,黄山,22.0
20201111,0,NO2_24h,黄山,24.0
20201111,0,O3,黄山,43.0
20201111,0,O3_24h,黄山,130.0
20201111,0,O3_8h,黄山,60.0
20201111,0,O3_8h_24h,黄山,110.0
20201111,0,CO,黄山,0.4
20201111,0,CO_24h,黄山,0.37
20201111,1,AQI,黄山,47.0
20201111,1,PM2.5,黄山,23.0
20201111,1,PM2.5_24h,黄山,33.0
20201111,1,PM10,黄山,47.0
20201111,1,PM10_24h,黄山,66.0
20201111,1,SO2,黄山,6.0
20201111,1,SO2_24h,黄山,5.0
20201111,1,NO2,黄山,15.0
20201111,1,NO2_24h,黄山,24.0
20201111,1,O3,黄山,46.0
20201111,1,O3_24h,黄山,130.0
20201111,1,O3_8h,黄山,46.0
20201111,1,O3_8h_24h,黄山,46.0
20201111,1,CO,黄山,0.33
20201111,1,CO_24h,黄山,0.37
20201111,2,AQI,黄山,40.0
20201111,2,PM2.5,黄山,28.0
20201111,2,PM2.5_24h,黄山,33.0
20201111,2,PM10,黄山,40.0
20201111,2,PM10_24h,黄山,65.0
20201111,2,SO2,黄山,5.0
20201111,2,SO2_24h,黄山,5.0
20201111,2,NO2,黄山,16.0
20201111,2,NO2_24h,黄山,24.0
20201111,2,O3,黄山,42.0
20201111,2,O3_24h,黄山,130.0
20201111,2,O3_8h,黄山,44.0
20201111,2,O3_8h_24h,黄山,47.0
20201111,2,CO,黄山,0.33
20201111,2,CO_24h,黄山,0.37
20201111,3,AQI,黄山,38.0
20201111,3,PM2.5,黄山,24.0
20201111,3,PM2.5_24h,黄山,33.0
20201111,3,PM10,黄山,38.0
20201111,3,PM10_24h,黄山,64.0
20201111,3,SO2,黄山,4.0
20201111,3,SO2_24h,黄山,5.0
20201111,3,NO2,黄山,17.0
20201111,3,NO2_24h,黄山,23.0
20201111,3,O3,黄山,38.0
20201111,3,O3_24h,黄山,130.0
20201111,3,O3_8h,黄山,42.0
20201111,3,O3_8h_24h,黄山,47.0
20201111,3,CO,黄山,0.3
20201111,3,CO_24h,黄山,0.37
20201111,4,AQI,黄山,37.0
20201111,4,PM2.5,黄山,18.0
20201111,4,PM2.5_24h,黄山,32.0
20201111,4,PM10,黄山,37.0
20201111,4,PM10_24h,黄山,63.0
20201111,4,SO2,黄山,4.0
20201111,4,SO2_24h,黄山,5.0
20201111,4,NO2,黄山,13.0
20201111,4,NO2_24h,黄山,23.0
20201111,4,O3,黄山,37.0
20201111,4,O3_24h,黄山,130.0
20201111,4,O3_8h,黄山,41.0
20201111,4,O3_8h_24h,黄山,47.0
20201111,4,CO,黄山,0.3
20201111,4,CO_24h,黄山,0.37
20201111,5,AQI,黄山,37.0
20201111,5,PM2.5,黄山,21.0
20201111,5,PM2.5_24h,黄山,32.0
20201111,5,PM10,黄山,37.0
20201111,5,PM10_24h,黄山,63.0
20201111,5,SO2,黄山,4.0
20201111,5,SO2_24h,黄山,5.0
20201111,5,NO2,黄山,13.0
20201111,5,NO2_24h,黄山,23.0
20201111,5,O3,黄山,31.0
20201111,5,O3_24h,黄山,130.0
20201111,5,O3_8h,黄山,39.0
20201111,5,O3_8h_24h,黄山,47.0
20201111,5,CO,黄山,0.3
20201111,5,CO_24h,黄山,0.37
20201111,6,AQI,黄山,34.0
20201111,6,PM2.5,黄山,20.0
20201111,6,PM2.5_24h,黄山,32.0
20201111,6,PM10,黄山,34.0
20201111,6,PM10_24h,黄山,62.0
20201111,6,SO2,黄山,4.0
20201111,6,SO2_24h,黄山,5.0
20201111,6,NO2,黄山,16.0
20201111,6,NO2_24h,黄山,23.0
20201111,6,O3,黄山,28.0
20201111,6,O3_24h,黄山,130.0
20201111,6,O3_8h,黄山,37.0
20201111,6,O3_8h_24h,黄山,47.0
20201111,6,CO,黄山,0.33
20201111,6,CO_24h,黄山,0.37
20201111,7,AQI,黄山,30.0
20201111,7,PM2.5,黄山,18.0
20201111,7,PM2.5_24h,黄山,36.0
20201111,7,PM10,黄山,30.0
20201111,7,PM10_24h,黄山,59.0
20201111,7,SO2,黄山,3.0
20201111,7,SO2_24h,黄山,4.0
20201111,7,NO2,黄山,15.0
20201111,7,NO2_24h,黄山,14.0
20201111,7,O3,黄山,22.0
20201111,7,O3_24h,黄山,151.0
20201111,7,O3_8h,黄山,36.0
20201111,7,O3_8h_24h,黄山,46.0
20201111,7,CO,黄山,0.3
20201111,7,CO_24h,黄山,0.3
20201111,8,AQI,黄山,43.0
20201111,8,PM2.5,黄山,29.0
20201111,8,PM2.5_24h,黄山,32.0
20201111,8,PM10,黄山,43.0
20201111,8,PM10_24h,黄山,61.0
20201111,8,SO2,黄山,4.0
20201111,8,SO2_24h,黄山,5.0
20201111,8,NO2,黄山,14.0
20201111,8,NO2_24h,黄山,23.0
20201111,8,O3,黄山,31.0
20201111,8,O3_24h,黄山,130.0
20201111,8,O3_8h,黄山,35.0
20201111,8,O3_8h_24h,黄山,47.0
20201111,8,CO,黄山,0.37
20201111,8,CO_24h,黄山,0.37
20201111,10,AQI,黄山,55.0
20201111,10,PM2.5,黄山,30.0
20201111,10,PM2.5_24h,黄山,30.0
20201111,10,PM10,黄山,60.0
20201111,10,PM10_24h,黄山,59.0
20201111,10,SO2,黄山,4.0
20201111,10,SO2_24h,黄山,5.0
20201111,10,NO2,黄山,19.0
20201111,10,NO2_24h,黄山,23.0
20201111,10,O3,黄山,48.0
20201111,10,O3_24h,黄山,130.0
20201111,10,O3_8h,黄山,33.0
20201111,10,O3_8h_24h,黄山,47.0
20201111,10,CO,黄山,0.4
20201111,10,CO_24h,黄山,0.37
20201111,11,AQI,黄山,57.0
20201111,11,PM2.5,黄山,34.0
20201111,11,PM2.5_24h,黄山,30.0
20201111,11,PM10,黄山,64.0
20201111,11,PM10_24h,黄山,58.0
20201111,11,SO2,黄山,6.0
20201111,11,SO2_24h,黄山,5.0
20201111,11,NO2,黄山,20.0
20201111,11,NO2_24h,黄山,23.0
20201111,11,O3,黄山,70.0
20201111,11,O3_24h,黄山,130.0
20201111,11,O3_8h,黄山,37.0
20201111,11,O3_8h_24h,黄山,47.0
20201111,11,CO,黄山,0.4
20201111,11,CO_24h,黄山,0.37
20201111,12,AQI,黄山,59.0
20201111,12,PM2.5,黄山,39.0
20201111,12,PM2.5_24h,黄山,30.0
20201111,12,PM10,黄山,68.0
20201111,12,PM10_24h,黄山,57.0
20201111,12,SO2,黄山,5.0
20201111,12,SO2_24h,黄山,5.0
20201111,12,NO2,黄山,19.0
20201111,12,NO2_24h,黄山,23.0
20201111,12,O3,黄山,104.0
20201111,12,O3_24h,黄山,130.0
20201111,12,O3_8h,黄山,45.0
20201111,12,O3_8h_24h,黄山,49.0
20201111,12,CO,黄山,0.4
20201111,12,CO_24h,黄山,0.37
20201111,13,AQI,黄山,56.0
20201111,13,PM2.5,黄山,31.0
20201111,13,PM2.5_24h,黄山,30.0
20201111,13,PM10,黄山,62.0
20201111,13,PM10_24h,黄山,57.0
20201111,13,SO2,黄山,4.0
20201111,13,SO2_24h,黄山,5.0
20201111,13,NO2,黄山,11.0
20201111,13,NO2_24h,黄山,23.0
20201111,13,O3,黄山,119.0
20201111,13,O3_24h,黄山,131.0
20201111,13,O3_8h,黄山,56.0
20201111,13,O3_8h_24h,黄山,57.0
20201111,13,CO,黄山,0.3
20201111,13,CO_24h,黄山,0.37
20201111,14,AQI,黄山,51.0
20201111,14,PM2.5,黄山,25.0
20201111,14,PM2.5_24h,黄山,30.0
20201111,14,PM10,黄山,52.0
20201111,14,PM10_24h,黄山,56.0
20201111,14,SO2,黄山,5.0
20201111,14,SO2_24h,黄山,5.0
20201111,14,NO2,黄山,7.0
20201111,14,NO2_24h,黄山,23.0
20201111,14,O3,黄山,121.0
20201111,14,O3_24h,黄山,130.0
20201111,14,O3_8h,黄山,68.0
20201111,14,O3_8h_24h,黄山,68.0
20201111,14,CO,黄山,0.27
20201111,14,CO_24h,黄山,0.37
20201111,15,AQI,黄山,38.0
20201111,15,PM2.5,黄山,20.0
20201111,15,PM2.5_24h,黄山,29.0
20201111,15,PM10,黄山,38.0
20201111,15,PM10_24h,黄山,55.0
20201111,15,SO2,黄山,5.0
20201111,15,SO2_24h,黄山,5.0
20201111,15,NO2,黄山,11.0
20201111,15,NO2_24h,黄山,23.0
20201111,15,O3,黄山,114.0
20201111,15,O3_24h,黄山,129.0
20201111,15,O3_8h,黄山,78.0
20201111,15,O3_8h_24h,黄山,78.0
20201111,15,CO,黄山,0.25
20201111,15,CO_24h,黄山,0.37
20201111,16,AQI,黄山,36.0
20201111,16,PM2.5,黄山,12.0
20201111,16,PM2.5_24h,黄山,29.0
20201111,16,PM10,黄山,35.0
20201111,16,PM10_24h,黄山,55.0
20201111,16,SO2,黄山,6.0
20201111,16,SO2_24h,黄山,5.0
20201111,16,NO2,黄山,16.0
20201111,16,NO2_24h,黄山,23.0
20201111,16,O3,黄山,115.0
20201111,16,O3_24h,黄山,122.0
20201111,16,O3_8h,黄山,89.0
20201111,16,O3_8h_24h,黄山,89.0
20201111,16,CO,黄山,0.3
20201111,16,CO_24h,黄山,0.37
20201111,17,AQI,黄山,38.0
20201111,17,PM2.5,黄山,13.0
20201111,17,PM2.5_24h,黄山,29.0
20201111,17,PM10,黄山,38.0
20201111,17,PM10_24h,黄山,54.0
20201111,17,SO2,黄山,6.0
20201111,17,SO2_24h,黄山,5.0
20201111,17,NO2,黄山,22.0
20201111,17,NO2_24h,黄山,23.0
20201111,17,O3,黄山,100.0
20201111,17,O3_24h,黄山,122.0
20201111,17,O3_8h,黄山,98.0
20201111,17,O3_8h_24h,黄山,98.0
20201111,17,CO,黄山,0.27
20201111,17,CO_24h,黄山,0.37
20201111,18,AQI,黄山,43.0
20201111,18,PM2.5,黄山,22.0
20201111,18,PM2.5_24h,黄山,29.0
20201111,18,PM10,黄山,43.0
20201111,18,PM10_24h,黄山,54.0
20201111,18,SO2,黄山,6.0
20201111,18,SO2_24h,黄山,5.0
20201111,18,NO2,黄山,53.0
20201111,18,NO2_24h,黄山,23.0
20201111,18,O3,黄山,67.0
20201111,18,O3_24h,黄山,122.0
20201111,18,O3_8h,黄山,101.0
20201111,18,O3_8h_24h,黄山,101.0
20201111,18,CO,黄山,0.43
20201111,18,CO_24h,黄山,0.37
20201111,19,AQI,黄山,62.0
20201111,19,PM2.5,黄山,33.0
20201111,19,PM2.5_24h,黄山,28.0
20201111,19,PM10,黄山,73.0
20201111,19,PM10_24h,黄山,53.0
20201111,19,SO2,黄山,5.0
20201111,19,SO2_24h,黄山,5.0
20201111,19,NO2,黄山,61.0
20201111,19,NO2_24h,黄山,24.0
20201111,19,O3,黄山,55.0
20201111,19,O3_24h,黄山,122.0
20201111,19,O3_8h,黄山,99.0
20201111,19,O3_8h_24h,黄山,102.0
20201111,19,CO,黄山,0.53
20201111,19,CO_24h,黄山,0.37
20201111,20,AQI,黄山,65.0
20201111,20,PM2.5,黄山,42.0
20201111,20,PM2.5_24h,黄山,28.0
20201111,20,PM10,黄山,79.0
20201111,20,PM10_24h,黄山,52.0
20201111,20,SO2,黄山,5.0
20201111,20,SO2_24h,黄山,5.0
20201111,20,NO2,黄山,49.0
20201111,20,NO2_24h,黄山,25.0
20201111,20,O3,黄山,66.0
20201111,20,O3_24h,黄山,122.0
20201111,20,O3_8h,黄山,94.0
20201111,20,O3_8h_24h,黄山,102.0
20201111,20,CO,黄山,0.53
20201111,20,CO_24h,黄山,0.37
20201111,21,AQI,黄山,80.0
20201111,21,PM2.5,黄山,59.0
20201111,21,PM2.5_24h,黄山,29.0
20201111,21,PM10,黄山,87.0
20201111,21,PM10_24h,黄山,53.0
20201111,21,SO2,黄山,5.0
20201111,21,SO2_24h,黄山,5.0
20201111,21,NO2,黄山,40.0
20201111,21,NO2_24h,黄山,24.0
20201111,21,O3,黄山,53.0
20201111,21,O3_24h,黄山,122.0
20201111,21,O3_8h,黄山,85.0
20201111,21,O3_8h_24h,黄山,102.0
20201111,21,CO,黄山,0.47
20201111,21,CO_24h,黄山,0.37
20201111,22,AQI,黄山,53.0
20201111,22,PM2.5,黄山,33.0
20201111,22,PM2.5_24h,黄山,28.0
20201111,22,PM10,黄山,56.0
20201111,22,PM10_24h,黄山,51.0
20201111,22,SO2,黄山,4.0
20201111,22,SO2_24h,黄山,5.0
20201111,22,NO2,黄山,40.0
20201111,22,NO2_24h,黄山,24.0
20201111,22,O3,黄山,45.0
20201111,22,O3_24h,黄山,122.0
20201111,22,O3_8h,黄山,76.0
20201111,22,O3_8h_24h,黄山,102.0
20201111,22,CO,黄山,0.43
20201111,22,CO_24h,黄山,0.37
20201111,23,AQI,黄山,48.0
20201111,23,PM2.5,黄山,29.0
20201111,23,PM2.5_24h,黄山,28.0
20201111,23,PM10,黄山,48.0
20201111,23,PM10_24h,黄山,51.0
20201111,23,SO2,黄山,6.0
20201111,23,SO2_24h,黄山,5.0
20201111,23,NO2,黄山,36.0
20201111,23,NO2_24h,黄山,24.0
20201111,23,O3,黄山,35.0
20201111,23,O3_24h,黄山,122.0
20201111,23,O3_8h,黄山,67.0
20201111,23,O3_8h_24h,黄山,102.0
20201111,23,CO,黄山,0.43
20201111,23,CO_24h,黄山,0.4
20201111,0,AQI,滁州,107.0
20201111,0,PM2.5,滁州,67.0
20201111,0,PM2.5_24h,滁州,56.0
20201111,0,PM10,滁州,164.0
20201111,0,PM10_24h,滁州,141.0
20201111,0,SO2,滁州,8.0
20201111,0,SO2_24h,滁州,14.0
20201111,0,NO2,滁州,127.0
20201111,0,NO2_24h,滁州,82.0
20201111,0,O3,滁州,18.0
20201111,0,O3_24h,滁州,185.0
20201111,0,O3_8h,滁州,64.0
20201111,0,O3_8h_24h,滁州,134.0
20201111,0,CO,滁州,1.22
20201111,0,CO_24h,滁州,0.97
20201111,1,AQI,滁州,102.0
20201111,1,PM2.5,滁州,65.0
20201111,1,PM2.5_24h,滁州,57.0
20201111,1,PM10,滁州,153.0
20201111,1,PM10_24h,滁州,142.0
20201111,1,SO2,滁州,7.0
20201111,1,SO2_24h,滁州,14.0
20201111,1,NO2,滁州,116.0
20201111,1,NO2_24h,滁州,83.0
20201111,1,O3,滁州,17.0
20201111,1,O3_24h,滁州,185.0
20201111,1,O3_8h,滁州,17.0
20201111,1,O3_8h_24h,滁州,17.0
20201111,1,CO,滁州,1.1
20201111,1,CO_24h,滁州,0.97
20201111,2,AQI,滁州,94.0
20201111,2,PM2.5,滁州,63.0
20201111,2,PM2.5_24h,滁州,57.0
20201111,2,PM10,滁州,137.0
20201111,2,PM10_24h,滁州,142.0
20201111,2,SO2,滁州,9.0
20201111,2,SO2_24h,滁州,15.0
20201111,2,NO2,滁州,109.0
20201111,2,NO2_24h,滁州,84.0
20201111,2,O3,滁州,14.0
20201111,2,O3_24h,滁州,185.0
20201111,2,O3_8h,滁州,16.0
20201111,2,O3_8h_24h,滁州,17.0
20201111,2,CO,滁州,1.1
20201111,2,CO_24h,滁州,0.97
20201111,3,AQI,滁州,95.0
20201111,3,PM2.5,滁州,70.0
20201111,3,PM2.5_24h,滁州,58.0
20201111,3,PM10,滁州,139.0
20201111,3,PM10_24h,滁州,142.0
20201111,3,SO2,滁州,6.0
20201111,3,SO2_24h,滁州,15.0
20201111,3,NO2,滁州,102.0
20201111,3,NO2_24h,滁州,85.0
20201111,3,O3,滁州,15.0
20201111,3,O3_24h,滁州,185.0
20201111,3,O3_8h,滁州,15.0
20201111,3,O3_8h_24h,滁州,18.0
20201111,3,CO,滁州,1.0
20201111,3,CO_24h,滁州,0.97
20201111,4,AQI,滁州,89.0
20201111,4,PM2.5,滁州,65.0
20201111,4,PM2.5_24h,滁州,59.0
20201111,4,PM10,滁州,127.0
20201111,4,PM10_24h,滁州,142.0
20201111,4,SO2,滁州,9.0
20201111,4,SO2_24h,滁州,15.0
20201111,4,NO2,滁州,104.0
20201111,4,NO2_24h,滁州,85.0
20201111,4,O3,滁州,18.0
20201111,4,O3_24h,滁州,185.0
20201111,4,O3_8h,滁州,16.0
20201111,4,O3_8h_24h,滁州,18.0
20201111,4,CO,滁州,0.97
20201111,4,CO_24h,滁州,0.97
20201111,5,AQI,滁州,90.0
20201111,5,PM2.5,滁州,65.0
20201111,5,PM2.5_24h,滁州,60.0
20201111,5,PM10,滁州,129.0
20201111,5,PM10_24h,滁州,142.0
20201111,5,SO2,滁州,10.0
20201111,5,SO2_24h,滁州,15.0
20201111,5,NO2,滁州,103.0
20201111,5,NO2_24h,滁州,86.0
20201111,5,O3,滁州,16.0
20201111,5,O3_24h,滁州,185.0
20201111,5,O3_8h,滁州,16.0
20201111,5,O3_8h_24h,滁州,19.0
20201111,5,CO,滁州,1.05
20201111,5,CO_24h,滁州,1.0
20201111,6,AQI,滁州,89.0
20201111,6,PM2.5,滁州,66.0
20201111,6,PM2.5_24h,滁州,61.0
20201111,6,PM10,滁州,127.0
20201111,6,PM10_24h,滁州,143.0
20201111,6,SO2,滁州,7.0
20201111,6,SO2_24h,滁州,15.0
20201111,6,NO2,滁州,92.0
20201111,6,NO2_24h,滁州,87.0
20201111,6,O3,滁州,19.0
20201111,6,O3_24h,滁州,185.0
20201111,6,O3_8h,滁州,16.0
20201111,6,O3_8h_24h,滁州,19.0
20201111,6,CO,滁州,1.08
20201111,6,CO_24h,滁州,1.0
20201111,8,AQI,滁州,88.0
20201111,8,PM2.5,滁州,60.0
20201111,8,PM2.5_24h,滁州,62.0
20201111,8,PM10,滁州,125.0
20201111,8,PM10_24h,滁州,144.0
20201111,8,SO2,滁州,10.0
20201111,8,SO2_24h,滁州,15.0
20201111,8,NO2,滁州,91.0
20201111,8,NO2_24h,滁州,89.0
20201111,8,O3,滁州,16.0
20201111,8,O3_24h,滁州,185.0
20201111,8,O3_8h,滁州,16.0
20201111,8,O3_8h_24h,滁州,19.0
20201111,8,CO,滁州,1.4
20201111,8,CO_24h,滁州,1.08
20201111,10,AQI,滁州,90.0
20201111,10,PM2.5,滁州,60.0
20201111,10,PM2.5_24h,滁州,62.0
20201111,10,PM10,滁州,130.0
20201111,10,PM10_24h,滁州,142.0
20201111,10,SO2,滁州,8.0
20201111,10,SO2_24h,滁州,15.0
20201111,10,NO2,滁州,68.0
20201111,10,NO2_24h,滁州,86.0
20201111,10,O3,滁州,43.0
20201111,10,O3_24h,滁州,185.0
20201111,10,O3_8h,滁州,21.0
20201111,10,O3_8h_24h,滁州,21.0
20201111,10,CO,滁州,0.82
20201111,10,CO_24h,滁州,1.08
20201111,11,AQI,滁州,70.0
20201111,11,PM2.5,滁州,46.0
20201111,11,PM2.5_24h,滁州,61.0
20201111,11,PM10,滁州,90.0
20201111,11,PM10_24h,滁州,139.0
20201111,11,SO2,滁州,7.0
20201111,11,SO2_24h,滁州,15.0
20201111,11,NO2,滁州,45.0
20201111,11,NO2_24h,滁州,85.0
20201111,11,O3,滁州,71.0
20201111,11,O3_24h,滁州,185.0
20201111,11,O3_8h,滁州,28.0
20201111,11,O3_8h_24h,滁州,28.0
20201111,11,CO,滁州,0.82
20201111,11,CO_24h,滁州,1.0
20201111,12,AQI,滁州,61.0
20201111,12,PM2.5,滁州,35.0
20201111,12,PM2.5_24h,滁州,59.0
20201111,12,PM10,滁州,72.0
20201111,12,PM10_24h,滁州,135.0
20201111,12,SO2,滁州,11.0
20201111,12,SO2_24h,滁州,14.0
20201111,12,NO2,滁州,31.0
20201111,12,NO2_24h,滁州,84.0
20201111,12,O3,滁州,100.0
20201111,12,O3_24h,滁州,185.0
20201111,12,O3_8h,滁州,38.0
20201111,12,O3_8h_24h,滁州,38.0
20201111,12,CO,滁州,1.02
20201111,12,CO_24h,滁州,1.0
20201111,13,AQI,滁州,59.0
20201111,13,PM2.5,滁州,27.0
20201111,13,PM2.5_24h,滁州,58.0
20201111,13,PM10,滁州,67.0
20201111,13,PM10_24h,滁州,131.0
20201111,13,SO2,滁州,11.0
20201111,13,SO2_24h,滁州,14.0
20201111,13,NO2,滁州,20.0
20201111,13,NO2_24h,滁州,82.0
20201111,13,O3,滁州,125.0
20201111,13,O3_24h,滁州,185.0
20201111,13,O3_8h,滁州,52.0
20201111,13,O3_8h_24h,滁州,52.0
20201111,13,CO,滁州,0.82
20201111,13,CO_24h,滁州,1.0
20201111,14,AQI,滁州,55.0
20201111,14,PM2.5,滁州,26.0
20201111,14,PM2.5_24h,滁州,57.0
20201111,14,PM10,滁州,59.0
20201111,14,PM10_24h,滁州,127.0
20201111,14,SO2,滁州,12.0
20201111,14,SO2_24h,滁州,14.0
20201111,14,NO2,滁州,21.0
20201111,14,NO2_24h,滁州,81.0
20201111,14,O3,滁州,133.0
20201111,14,O3_24h,滁州,185.0
20201111,14,O3_8h,滁州,66.0
20201111,14,O3_8h_24h,滁州,66.0
20201111,14,CO,滁州,0.85
20201111,14,CO_24h,滁州,1.0
20201111,15,AQI,滁州,56.0
20201111,15,PM2.5,滁州,26.0
20201111,15,PM2.5_24h,滁州,56.0
20201111,15,PM10,滁州,61.0
20201111,15,PM10_24h,滁州,124.0
20201111,15,SO2,滁州,15.0
20201111,15,SO2_24h,滁州,13.0
20201111,15,NO2,滁州,26.0
20201111,15,NO2_24h,滁州,80.0
20201111,15,O3,滁州,127.0
20201111,15,O3_24h,滁州,178.0
20201111,15,O3_8h,滁州,80.0
20201111,15,O3_8h_24h,滁州,80.0
20201111,15,CO,滁州,0.97
20201111,15,CO_24h,滁州,1.0
20201111,16,AQI,滁州,61.0
20201111,16,PM2.5,滁州,27.0
20201111,16,PM2.5_24h,滁州,55.0
20201111,16,PM10,滁州,71.0
20201111,16,PM10_24h,滁州,121.0
20201111,16,SO2,滁州,17.0
20201111,16,SO2_24h,滁州,12.0
20201111,16,NO2,滁州,32.0
20201111,16,NO2_24h,滁州,81.0
20201111,16,O3,滁州,125.0
20201111,16,O3_24h,滁州,150.0
20201111,16,O3_8h,滁州,93.0
20201111,16,O3_8h_24h,滁州,93.0
20201111,16,CO,滁州,1.1
20201111,16,CO_24h,滁州,1.0
20201111,17,AQI,滁州,66.0
20201111,17,PM2.5,滁州,34.0
20201111,17,PM2.5_24h,滁州,54.0
20201111,17,PM10,滁州,81.0
20201111,17,PM10_24h,滁州,119.0
20201111,17,SO2,滁州,15.0
20201111,17,SO2_24h,滁州,11.0
20201111,17,NO2,滁州,44.0
20201111,17,NO2_24h,滁州,80.0
20201111,17,O3,滁州,112.0
20201111,17,O3_24h,滁州,133.0
20201111,17,O3_8h,滁州,104.0
20201111,17,O3_8h_24h,滁州,104.0
20201111,17,CO,滁州,1.05
20201111,17,CO_24h,滁州,1.0
20201111,18,AQI,滁州,73.0
20201111,18,PM2.5,滁州,39.0
20201111,18,PM2.5_24h,滁州,54.0
20201111,18,PM10,滁州,95.0
20201111,18,PM10_24h,滁州,117.0
20201111,18,SO2,滁州,13.0
20201111,18,SO2_24h,滁州,11.0
20201111,18,NO2,滁州,74.0
20201111,18,NO2_24h,滁州,80.0
20201111,18,O3,滁州,82.0
20201111,18,O3_24h,滁州,133.0
20201111,18,O3_8h,滁州,109.0
20201111,18,O3_8h_24h,滁州,109.0
20201111,18,CO,滁州,1.08
20201111,18,CO_24h,滁州,1.05
20201111,19,AQI,滁州,78.0
20201111,19,PM2.5,滁州,45.0
20201111,19,PM2.5_24h,滁州,53.0
20201111,19,PM10,滁州,105.0
20201111,19,PM10_24h,滁州,116.0
20201111,19,SO2,滁州,10.0
20201111,19,SO2_24h,滁州,10.0
20201111,19,NO2,滁州,91.0
20201111,19,NO2_24h,滁州,80.0
20201111,19,O3,滁州,54.0
20201111,19,O3_24h,滁州,133.0
20201111,19,O3_8h,滁州,107.0
20201111,19,O3_8h_24h,滁州,109.0
20201111,19,CO,滁州,1.02
20201111,19,CO_24h,滁州,1.08
20201111,20,AQI,滁州,86.0
20201111,20,PM2.5,滁州,47.0
20201111,20,PM2.5_24h,滁州,53.0
20201111,20,PM10,滁州,122.0
20201111,20,PM10_24h,滁州,115.0
20201111,20,SO2,滁州,8.0
20201111,20,SO2_24h,滁州,10.0
20201111,20,NO2,滁州,106.0
20201111,20,NO2_24h,滁州,80.0
20201111,20,O3,滁州,37.0
20201111,20,O3_24h,滁州,133.0
20201111,20,O3_8h,滁州,99.0
20201111,20,O3_8h_24h,滁州,109.0
20201111,20,CO,滁州,1.02
20201111,20,CO_24h,滁州,1.08
20201111,21,AQI,滁州,90.0
20201111,21,PM2.5,滁州,48.0
20201111,21,PM2.5_24h,滁州,52.0
20201111,21,PM10,滁州,130.0
20201111,21,PM10_24h,滁州,115.0
20201111,21,SO2,滁州,6.0
20201111,21,SO2_24h,滁州,10.0
20201111,21,NO2,滁州,90.0
20201111,21,NO2_24h,滁州,79.0
20201111,21,O3,滁州,41.0
20201111,21,O3_24h,滁州,133.0
20201111,21,O3_8h,滁州,89.0
20201111,21,O3_8h_24h,滁州,109.0
20201111,21,CO,滁州,0.92
20201111,21,CO_24h,滁州,1.08
20201111,22,AQI,滁州,82.0
20201111,22,PM2.5,滁州,48.0
20201111,22,PM2.5_24h,滁州,51.0
20201111,22,PM10,滁州,114.0
20201111,22,PM10_24h,滁州,113.0
20201111,22,SO2,滁州,6.0
20201111,22,SO2_24h,滁州,10.0
20201111,22,NO2,滁州,95.0
20201111,22,NO2_24h,滁州,79.0
20201111,22,O3,滁州,39.0
20201111,22,O3_24h,滁州,133.0
20201111,22,O3_8h,滁州,77.0
20201111,22,O3_8h_24h,滁州,109.0
20201111,22,CO,滁州,0.92
20201111,22,CO_24h,滁州,1.08
20201111,23,AQI,滁州,84.0
20201111,23,PM2.5,滁州,51.0
20201111,23,PM2.5_24h,滁州,51.0
20201111,23,PM10,滁州,117.0
20201111,23,PM10_24h,滁州,112.0
20201111,23,SO2,滁州,5.0
20201111,23,SO2_24h,滁州,10.0
20201111,23,NO2,滁州,105.0
20201111,23,NO2_24h,滁州,78.0
20201111,23,O3,滁州,24.0
20201111,23,O3_24h,滁州,133.0
20201111,23,O3_8h,滁州,64.0
20201111,23,O3_8h_24h,滁州,109.0
20201111,23,CO,滁州,0.97
20201111,23,CO_24h,滁州,1.02
20201111,0,AQI,阜阳,96.0
20201111,0,PM2.5,阜阳,72.0
20201111,0,PM2.5_24h,阜阳,75.0
20201111,0,PM10,阜阳,138.0
20201111,0,PM10_24h,阜阳,159.0
20201111,0,SO2,阜阳,10.0
20201111,0,SO2_24h,阜阳,12.0
20201111,0,NO2,阜阳,38.0
20201111,0,NO2_24h,阜阳,52.0
20201111,0,O3,阜阳,92.0
20201111,0,O3_24h,阜阳,145.0
20201111,0,O3_8h,阜阳,102.0
20201111,0,O3_8h_24h,阜阳,127.0
20201111,0,CO,阜阳,0.7
20201111,0,CO_24h,阜阳,0.8
20201111,1,AQI,阜阳,95.0
20201111,1,PM2.5,阜阳,71.0
20201111,1,PM2.5_24h,阜阳,75.0
20201111,1,PM10,阜阳,135.0
20201111,1,PM10_24h,阜阳,158.0
20201111,1,SO2,阜阳,11.0
20201111,1,SO2_24h,阜阳,13.0
20201111,1,NO2,阜阳,37.0
20201111,1,NO2_24h,阜阳,50.0
20201111,1,O3,阜阳,94.0
20201111,1,O3_24h,阜阳,145.0
20201111,1,O3_8h,阜阳,94.0
20201111,1,O3_8h_24h,阜阳,94.0
20201111,1,CO,阜阳,0.77
20201111,1,CO_24h,阜阳,0.8
20201111,2,AQI,阜阳,92.0
20201111,2,PM2.5,阜阳,68.0
20201111,2,PM2.5_24h,阜阳,74.0
20201111,2,PM10,阜阳,134.0
20201111,2,PM10_24h,阜阳,157.0
20201111,2,SO2,阜阳,10.0
20201111,2,SO2_24h,阜阳,13.0
20201111,2,NO2,阜阳,48.0
20201111,2,NO2_24h,阜阳,48.0
20201111,2,O3,阜阳,70.0
20201111,2,O3_24h,阜阳,145.0
20201111,2,O3_8h,阜阳,82.0
20201111,2,O3_8h_24h,阜阳,94.0
20201111,2,CO,阜阳,0.77
20201111,2,CO_24h,阜阳,0.8
20201111,3,AQI,阜阳,95.0
20201111,3,PM2.5,阜阳,66.0
20201111,3,PM2.5_24h,阜阳,73.0
20201111,3,PM10,阜阳,140.0
20201111,3,PM10_24h,阜阳,156.0
20201111,3,SO2,阜阳,10.0
20201111,3,SO2_24h,阜阳,12.0
20201111,3,NO2,阜阳,55.0
20201111,3,NO2_24h,阜阳,48.0
20201111,3,O3,阜阳,56.0
20201111,3,O3_24h,阜阳,145.0
20201111,3,O3_8h,阜阳,73.0
20201111,3,O3_8h_24h,阜阳,94.0
20201111,3,CO,阜阳,0.73
20201111,3,CO_24h,阜阳,0.8
20201111,4,AQI,阜阳,99.0
20201111,4,PM2.5,阜阳,73.0
20201111,4,PM2.5_24h,阜阳,72.0
20201111,4,PM10,阜阳,147.0
20201111,4,PM10_24h,阜阳,154.0
20201111,4,SO2,阜阳,10.0
20201111,4,SO2_24h,阜阳,12.0
20201111,4,NO2,阜阳,58.0
20201111,4,NO2_24h,阜阳,47.0
20201111,4,O3,阜阳,32.0
20201111,4,O3_24h,阜阳,145.0
20201111,4,O3_8h,阜阳,63.0
20201111,4,O3_8h_24h,阜阳,94.0
20201111,4,CO,阜阳,0.83
20201111,4,CO_24h,阜阳,0.8
20201111,5,AQI,阜阳,110.0
20201111,5,PM2.5,阜阳,83.0
20201111,5,PM2.5_24h,阜阳,71.0
20201111,5,PM10,阜阳,152.0
20201111,5,PM10_24h,阜阳,153.0
20201111,5,SO2,阜阳,9.0
20201111,5,SO2_24h,阜阳,11.0
20201111,5,NO2,阜阳,54.0
20201111,5,NO2_24h,阜阳,46.0
20201111,5,O3,阜阳,28.0
20201111,5,O3_24h,阜阳,145.0
20201111,5,O3_8h,阜阳,56.0
20201111,5,O3_8h_24h,阜阳,94.0
20201111,5,CO,阜阳,0.83
20201111,5,CO_24h,阜阳,0.8
20201111,6,AQI,阜阳,125.0
20201111,6,PM2.5,阜阳,95.0
20201111,6,PM2.5_24h,阜阳,71.0
20201111,6,PM10,阜阳,161.0
20201111,6,PM10_24h,阜阳,152.0
20201111,6,SO2,阜阳,11.0
20201111,6,SO2_24h,阜阳,11.0
20201111,6,NO2,阜阳,54.0
20201111,6,NO2_24h,阜阳,45.0
20201111,6,O3,阜阳,21.0
20201111,6,O3_24h,阜阳,145.0
20201111,6,O3_8h,阜阳,50.0
20201111,6,O3_8h_24h,阜阳,94.0
20201111,6,CO,阜阳,0.9
20201111,6,CO_24h,阜阳,0.8
20201111,8,AQI,阜阳,133.0
20201111,8,PM2.5,阜阳,101.0
20201111,8,PM2.5_24h,阜阳,71.0
20201111,8,PM10,阜阳,165.0
20201111,8,PM10_24h,阜阳,148.0
20201111,8,SO2,阜阳,19.0
20201111,8,SO2_24h,阜阳,11.0
20201111,8,NO2,阜阳,61.0
20201111,8,NO2_24h,阜阳,43.0
20201111,8,O3,阜阳,24.0
20201111,8,O3_24h,阜阳,145.0
20201111,8,O3_8h,阜阳,44.0
20201111,8,O3_8h_24h,阜阳,94.0
20201111,8,CO,阜阳,1.07
20201111,8,CO_24h,阜阳,0.8
20201111,10,AQI,阜阳,114.0
20201111,10,PM2.5,阜阳,86.0
20201111,10,PM2.5_24h,阜阳,70.0
20201111,10,PM10,阜阳,152.0
20201111,10,PM10_24h,阜阳,144.0
20201111,10,SO2,阜阳,9.0
20201111,10,SO2_24h,阜阳,10.0
20201111,10,NO2,阜阳,38.0
20201111,10,NO2_24h,阜阳,41.0
20201111,10,O3,阜阳,72.0
20201111,10,O3_24h,阜阳,145.0
20201111,10,O3_8h,阜阳,38.0
20201111,10,O3_8h_24h,阜阳,94.0
20201111,10,CO,阜阳,0.8
20201111,10,CO_24h,阜阳,0.77
20201111,11,AQI,阜阳,103.0
20201111,11,PM2.5,阜阳,77.0
20201111,11,PM2.5_24h,阜阳,69.0
20201111,11,PM10,阜阳,146.0
20201111,11,PM10_24h,阜阳,142.0
20201111,11,SO2,阜阳,8.0
20201111,11,SO2_24h,阜阳,10.0
20201111,11,NO2,阜阳,32.0
20201111,11,NO2_24h,阜阳,41.0
20201111,11,O3,阜阳,88.0
20201111,11,O3_24h,阜阳,145.0
20201111,11,O3_8h,阜阳,42.0
20201111,11,O3_8h_24h,阜阳,94.0
20201111,11,CO,阜阳,0.65
20201111,11,CO_24h,阜阳,0.77
20201111,12,AQI,阜阳,86.0
20201111,12,PM2.5,阜阳,64.0
20201111,12,PM2.5_24h,阜阳,69.0
20201111,12,PM10,阜阳,121.0
20201111,12,PM10_24h,阜阳,141.0
20201111,12,SO2,阜阳,6.0
20201111,12,SO2_24h,阜阳,10.0
20201111,12,NO2,阜阳,22.0
20201111,12,NO2_24h,阜阳,40.0
20201111,12,O3,阜阳,113.0
20201111,12,O3_24h,阜阳,145.0
20201111,12,O3_8h,阜阳,52.0
20201111,12,O3_8h_24h,阜阳,94.0
20201111,12,CO,阜阳,0.57
20201111,12,CO_24h,阜阳,0.77
20201111,13,AQI,阜阳,73.0
20201111,13,PM2.5,阜阳,50.0
20201111,13,PM2.5_24h,阜阳,69.0
20201111,13,PM10,阜阳,95.0
20201111,13,PM10_24h,阜阳,139.0
20201111,13,SO2,阜阳,5.0
20201111,13,SO2_24h,阜阳,9.0
20201111,13,NO2,阜阳,17.0
20201111,13,NO2_24h,阜阳,40.0
20201111,13,O3,阜阳,124.0
20201111,13,O3_24h,阜阳,145.0
20201111,13,O3_8h,阜阳,64.0
20201111,13,O3_8h_24h,阜阳,98.0
20201111,13,CO,阜阳,0.5
20201111,13,CO_24h,阜阳,0.73
20201111,14,AQI,阜阳,65.0
20201111,14,PM2.5,阜阳,45.0
20201111,14,PM2.5_24h,阜阳,69.0
20201111,14,PM10,阜阳,79.0
20201111,14,PM10_24h,阜阳,136.0
20201111,14,SO2,阜阳,5.0
20201111,14,SO2_24h,阜阳,9.0
20201111,14,NO2,阜阳,14.0
20201111,14,NO2_24h,阜阳,40.0
20201111,14,O3,阜阳,130.0
20201111,14,O3_24h,阜阳,145.0
20201111,14,O3_8h,阜阳,78.0
20201111,14,O3_8h_24h,阜阳,102.0
20201111,14,CO,阜阳,0.5
20201111,14,CO_24h,阜阳,0.7
20201111,15,AQI,阜阳,63.0
20201111,15,PM2.5,阜阳,41.0
20201111,15,PM2.5_24h,阜阳,68.0
20201111,15,PM10,阜阳,75.0
20201111,15,PM10_24h,阜阳,134.0
20201111,15,SO2,阜阳,5.0
20201111,15,SO2_24h,阜阳,9.0
20201111,15,NO2,阜阳,16.0
20201111,15,NO2_24h,阜阳,40.0
20201111,15,O3,阜阳,131.0
20201111,15,O3_24h,阜阳,145.0
20201111,15,O3_8h,阜阳,91.0
20201111,15,O3_8h_24h,阜阳,110.0
20201111,15,CO,阜阳,0.5
20201111,15,CO_24h,阜阳,0.7
20201111,16,AQI,阜阳,69.0
20201111,16,PM2.5,阜阳,44.0
20201111,16,PM2.5_24h,阜阳,68.0
20201111,16,PM10,阜阳,87.0
20201111,16,PM10_24h,阜阳,132.0
20201111,16,SO2,阜阳,5.0
20201111,16,SO2_24h,阜阳,9.0
20201111,16,NO2,阜阳,20.0
20201111,16,NO2_24h,阜阳,40.0
20201111,16,O3,阜阳,123.0
20201111,16,O3_24h,阜阳,138.0
20201111,16,O3_8h,阜阳,103.0
20201111,16,O3_8h_24h,阜阳,118.0
20201111,16,CO,阜阳,0.5
20201111,16,CO_24h,阜阳,0.7
20201111,17,AQI,阜阳,59.0
20201111,17,PM2.5,阜阳,36.0
20201111,17,PM2.5_24h,阜阳,67.0
20201111,17,PM10,阜阳,68.0
20201111,17,PM10_24h,阜阳,130.0
20201111,17,SO2,阜阳,6.0
20201111,17,SO2_24h,阜阳,9.0
20201111,17,NO2,阜阳,23.0
20201111,17,NO2_24h,阜阳,40.0
20201111,17,O3,阜阳,112.0
20201111,17,O3_24h,阜阳,136.0
20201111,17,O3_8h,阜阳,111.0
20201111,17,O3_8h_24h,阜阳,123.0
20201111,17,CO,阜阳,0.47
20201111,17,CO_24h,阜阳,0.7
20201111,18,AQI,阜阳,59.0
20201111,18,PM2.5,阜阳,37.0
20201111,18,PM2.5_24h,阜阳,67.0
20201111,18,PM10,阜阳,68.0
20201111,18,PM10_24h,阜阳,128.0
20201111,18,SO2,阜阳,6.0
20201111,18,SO2_24h,阜阳,9.0
20201111,18,NO2,阜阳,46.0
20201111,18,NO2_24h,阜阳,40.0
20201111,18,O3,阜阳,79.0
20201111,18,O3_24h,阜阳,136.0
20201111,18,O3_8h,阜阳,112.0
20201111,18,O3_8h_24h,阜阳,124.0
20201111,18,CO,阜阳,0.53
20201111,18,CO_24h,阜阳,0.7
20201111,19,AQI,阜阳,62.0
20201111,19,PM2.5,阜阳,37.0
20201111,19,PM2.5_24h,阜阳,66.0
20201111,19,PM10,阜阳,73.0
20201111,19,PM10_24h,阜阳,126.0
20201111,19,SO2,阜阳,6.0
20201111,19,SO2_24h,阜阳,9.0
20201111,19,NO2,阜阳,49.0
20201111,19,NO2_24h,阜阳,40.0
20201111,19,O3,阜阳,67.0
20201111,19,O3_24h,阜阳,136.0
20201111,19,O3_8h,阜阳,110.0
20201111,19,O3_8h_24h,阜阳,124.0
20201111,19,CO,阜阳,0.6
20201111,19,CO_24h,阜阳,0.7
20201111,20,AQI,阜阳,64.0
20201111,20,PM2.5,阜阳,35.0
20201111,20,PM2.5_24h,阜阳,65.0
20201111,20,PM10,阜阳,77.0
20201111,20,PM10_24h,阜阳,123.0
20201111,20,SO2,阜阳,5.0
20201111,20,SO2_24h,阜阳,9.0
20201111,20,NO2,阜阳,37.0
20201111,20,NO2_24h,阜阳,40.0
20201111,20,O3,阜阳,78.0
20201111,20,O3_24h,阜阳,136.0
20201111,20,O3_8h,阜阳,105.0
20201111,20,O3_8h_24h,阜阳,124.0
20201111,20,CO,阜阳,0.6
20201111,20,CO_24h,阜阳,0.7
20201111,21,AQI,阜阳,65.0
20201111,21,PM2.5,阜阳,40.0
20201111,21,PM2.5_24h,阜阳,63.0
20201111,21,PM10,阜阳,79.0
20201111,21,PM10_24h,阜阳,120.0
20201111,21,SO2,阜阳,5.0
20201111,21,SO2_24h,阜阳,9.0
20201111,21,NO2,阜阳,34.0
20201111,21,NO2_24h,阜阳,39.0
20201111,21,O3,阜阳,78.0
20201111,21,O3_24h,阜阳,136.0
20201111,21,O3_8h,阜阳,100.0
20201111,21,O3_8h_24h,阜阳,124.0
20201111,21,CO,阜阳,0.53
20201111,21,CO_24h,阜阳,0.7
20201111,22,AQI,阜阳,62.0
20201111,22,PM2.5,阜阳,34.0
20201111,22,PM2.5_24h,阜阳,62.0
20201111,22,PM10,阜阳,73.0
20201111,22,PM10_24h,阜阳,117.0
20201111,22,SO2,阜阳,5.0
20201111,22,SO2_24h,阜阳,9.0
20201111,22,NO2,阜阳,37.0
20201111,22,NO2_24h,阜阳,39.0
20201111,22,O3,阜阳,70.0
20201111,22,O3_24h,阜阳,136.0
20201111,22,O3_8h,阜阳,92.0
20201111,22,O3_8h_24h,阜阳,124.0
20201111,22,CO,阜阳,0.6
20201111,22,CO_24h,阜阳,0.7
20201111,23,AQI,阜阳,59.0
20201111,23,PM2.5,阜阳,33.0
20201111,23,PM2.5_24h,阜阳,61.0
20201111,23,PM10,阜阳,68.0
20201111,23,PM10_24h,阜阳,114.0
20201111,23,SO2,阜阳,5.0
20201111,23,SO2_24h,阜阳,9.0
20201111,23,NO2,阜阳,33.0
20201111,23,NO2_24h,阜阳,39.0
20201111,23,O3,阜阳,71.0
20201111,23,O3_24h,阜阳,136.0
20201111,23,O3_8h,阜阳,85.0
20201111,23,O3_8h_24h,阜阳,124.0
20201111,23,CO,阜阳,0.57
20201111,23,CO_24h,阜阳,0.7
20201111,0,AQI,宿州,86.0
20201111,0,PM2.5,宿州,64.0
20201111,0,PM2.5_24h,宿州,80.0
20201111,0,PM10,宿州,115.0
20201111,0,PM10_24h,宿州,145.0
20201111,0,SO2,宿州,9.0
20201111,0,SO2_24h,宿州,8.0
20201111,0,NO2,宿州,33.0
20201111,0,NO2_24h,宿州,53.0
20201111,0,O3,宿州,75.0
20201111,0,O3_24h,宿州,150.0
20201111,0,O3_8h,宿州,90.0
20201111,0,O3_8h_24h,宿州,119.0
20201111,0,CO,宿州,0.63
20201111,0,CO_24h,宿州,0.63
20201111,1,AQI,宿州,85.0
20201111,1,PM2.5,宿州,63.0
20201111,1,PM2.5_24h,宿州,78.0
20201111,1,PM10,宿州,117.0
20201111,1,PM10_24h,宿州,144.0
20201111,1,SO2,宿州,8.0
20201111,1,SO2_24h,宿州,8.0
20201111,1,NO2,宿州,36.0
20201111,1,NO2_24h,宿州,51.0
20201111,1,O3,宿州,68.0
20201111,1,O3_24h,宿州,150.0
20201111,1,O3_8h,宿州,68.0
20201111,1,O3_8h_24h,宿州,68.0
20201111,1,CO,宿州,0.67
20201111,1,CO_24h,宿州,0.63
20201111,2,AQI,宿州,96.0
20201111,2,PM2.5,宿州,72.0
20201111,2,PM2.5_24h,宿州,78.0
20201111,2,PM10,宿州,115.0
20201111,2,PM10_24h,宿州,142.0
20201111,2,SO2,宿州,8.0
20201111,2,SO2_24h,宿州,8.0
20201111,2,NO2,宿州,34.0
20201111,2,NO2_24h,宿州,48.0
20201111,2,O3,宿州,67.0
20201111,2,O3_24h,宿州,150.0
20201111,2,O3_8h,宿州,68.0
20201111,2,O3_8h_24h,宿州,69.0
20201111,2,CO,宿州,0.67
20201111,2,CO_24h,宿州,0.63
20201111,3,AQI,宿州,94.0
20201111,3,PM2.5,宿州,70.0
20201111,3,PM2.5_24h,宿州,77.0
20201111,3,PM10,宿州,114.0
20201111,3,PM10_24h,宿州,141.0
20201111,3,SO2,宿州,8.0
20201111,3,SO2_24h,宿州,8.0
20201111,3,NO2,宿州,39.0
20201111,3,NO2_24h,宿州,46.0
20201111,3,O3,宿州,57.0
20201111,3,O3_24h,宿州,150.0
20201111,3,O3_8h,宿州,64.0
20201111,3,O3_8h_24h,宿州,69.0
20201111,3,CO,宿州,0.63
20201111,3,CO_24h,宿州,0.63
20201111,4,AQI,宿州,91.0
20201111,4,PM2.5,宿州,68.0
20201111,4,PM2.5_24h,宿州,75.0
20201111,4,PM10,宿州,111.0
20201111,4,PM10_24h,宿州,139.0
20201111,4,SO2,宿州,12.0
20201111,4,SO2_24h,宿州,9.0
20201111,4,NO2,宿州,41.0
20201111,4,NO2_24h,宿州,44.0
20201111,4,O3,宿州,50.0
20201111,4,O3_24h,宿州,150.0
20201111,4,O3_8h,宿州,61.0
20201111,4,O3_8h_24h,宿州,69.0
20201111,4,CO,宿州,0.63
20201111,4,CO_24h,宿州,0.63
20201111,5,AQI,宿州,89.0
20201111,5,PM2.5,宿州,66.0
20201111,5,PM2.5_24h,宿州,74.0
20201111,5,PM10,宿州,107.0
20201111,5,PM10_24h,宿州,137.0
20201111,5,SO2,宿州,8.0
20201111,5,SO2_24h,宿州,9.0
20201111,5,NO2,宿州,44.0
20201111,5,NO2_24h,宿州,42.0
20201111,5,O3,宿州,47.0
20201111,5,O3_24h,宿州,150.0
20201111,5,O3_8h,宿州,58.0
20201111,5,O3_8h_24h,宿州,69.0
20201111,5,CO,宿州,0.63
20201111,5,CO_24h,宿州,0.63
20201111,6,AQI,宿州,90.0
20201111,6,PM2.5,宿州,67.0
20201111,6,PM2.5_24h,宿州,73.0
20201111,6,PM10,宿州,104.0
20201111,6,PM10_24h,宿州,135.0
20201111,6,SO2,宿州,8.0
20201111,6,SO2_24h,宿州,9.0
20201111,6,NO2,宿州,56.0
20201111,6,NO2_24h,宿州,41.0
20201111,6,O3,宿州,39.0
20201111,6,O3_24h,宿州,150.0
20201111,6,O3_8h,宿州,55.0
20201111,6,O3_8h_24h,宿州,69.0
20201111,6,CO,宿州,0.6
20201111,6,CO_24h,宿州,0.63
20201111,8,AQI,宿州,96.0
20201111,8,PM2.5,宿州,72.0
20201111,8,PM2.5_24h,宿州,70.0
20201111,8,PM10,宿州,108.0
20201111,8,PM10_24h,宿州,131.0
20201111,8,SO2,宿州,8.0
20201111,8,SO2_24h,宿州,9.0
20201111,8,NO2,宿州,63.0
20201111,8,NO2_24h,宿州,40.0
20201111,8,O3,宿州,28.0
20201111,8,O3_24h,宿州,150.0
20201111,8,O3_8h,宿州,49.0
20201111,8,O3_8h_24h,宿州,69.0
20201111,8,CO,宿州,0.7
20201111,8,CO_24h,宿州,0.63
20201111,10,AQI,宿州,106.0
20201111,10,PM2.5,宿州,80.0
20201111,10,PM2.5_24h,宿州,69.0
20201111,10,PM10,宿州,135.0
20201111,10,PM10_24h,宿州,127.0
20201111,10,SO2,宿州,11.0
20201111,10,SO2_24h,宿州,9.0
20201111,10,NO2,宿州,50.0
20201111,10,NO2_24h,宿州,40.0
20201111,10,O3,宿州,59.0
20201111,10,O3_24h,宿州,150.0
20201111,10,O3_8h,宿州,44.0
20201111,10,O3_8h_24h,宿州,69.0
20201111,10,CO,宿州,0.77
20201111,10,CO_24h,宿州,0.63
20201111,11,AQI,宿州,111.0
20201111,11,PM2.5,宿州,84.0
20201111,11,PM2.5_24h,宿州,69.0
20201111,11,PM10,宿州,140.0
20201111,11,PM10_24h,宿州,127.0
20201111,11,SO2,宿州,10.0
20201111,11,SO2_24h,宿州,9.0
20201111,11,NO2,宿州,32.0
20201111,11,NO2_24h,宿州,39.0
20201111,11,O3,宿州,86.0
20201111,11,O3_24h,宿州,150.0
20201111,11,O3_8h,宿州,47.0
20201111,11,O3_8h_24h,宿州,69.0
20201111,11,CO,宿州,0.63
20201111,11,CO_24h,宿州,0.63
20201111,12,AQI,宿州,88.0
20201111,12,PM2.5,宿州,65.0
20201111,12,PM2.5_24h,宿州,68.0
20201111,12,PM10,宿州,117.0
20201111,12,PM10_24h,宿州,126.0
20201111,12,SO2,宿州,8.0
20201111,12,SO2_24h,宿州,9.0
20201111,12,NO2,宿州,21.0
20201111,12,NO2_24h,宿州,38.0
20201111,12,O3,宿州,121.0
20201111,12,O3_24h,宿州,150.0
20201111,12,O3_8h,宿州,56.0
20201111,12,O3_8h_24h,宿州,69.0
20201111,12,CO,宿州,0.63
20201111,12,CO_24h,宿州,0.63
20201111,13,AQI,宿州,79.0
20201111,13,PM2.5,宿州,58.0
20201111,13,PM2.5_24h,宿州,68.0
20201111,13,PM10,宿州,104.0
20201111,13,PM10_24h,宿州,123.0
20201111,13,SO2,宿州,7.0
20201111,13,SO2_24h,宿州,9.0
20201111,13,NO2,宿州,10.0
20201111,13,NO2_24h,宿州,38.0
20201111,13,O3,宿州,136.0
20201111,13,O3_24h,宿州,150.0
20201111,13,O3_8h,宿州,67.0
20201111,13,O3_8h_24h,宿州,69.0
20201111,13,CO,宿州,0.53
20201111,13,CO_24h,宿州,0.63
20201111,14,AQI,宿州,70.0
20201111,14,PM2.5,宿州,51.0
20201111,14,PM2.5_24h,宿州,67.0
20201111,14,PM10,宿州,90.0
20201111,14,PM10_24h,宿州,121.0
20201111,14,SO2,宿州,7.0
20201111,14,SO2_24h,宿州,8.0
20201111,14,NO2,宿州,8.0
20201111,14,NO2_24h,宿州,38.0
20201111,14,O3,宿州,142.0
20201111,14,O3_24h,宿州,151.0
20201111,14,O3_8h,宿州,80.0
20201111,14,O3_8h_24h,宿州,80.0
20201111,14,CO,宿州,0.57
20201111,14,CO_24h,宿州,0.63
20201111,15,AQI,宿州,61.0
20201111,15,PM2.5,宿州,39.0
20201111,15,PM2.5_24h,宿州,66.0
20201111,15,PM10,宿州,72.0
20201111,15,PM10_24h,宿州,118.0
20201111,15,SO2,宿州,7.0
20201111,15,SO2_24h,宿州,8.0
20201111,15,NO2,宿州,10.0
20201111,15,NO2_24h,宿州,38.0
20201111,15,O3,宿州,144.0
20201111,15,O3_24h,宿州,152.0
20201111,15,O3_8h,宿州,93.0
20201111,15,O3_8h_24h,宿州,93.0
20201111,15,CO,宿州,0.6
20201111,15,CO_24h,宿州,0.63
20201111,16,AQI,宿州,61.0
20201111,16,PM2.5,宿州,35.0
20201111,16,PM2.5_24h,宿州,65.0
20201111,16,PM10,宿州,71.0
20201111,16,PM10_24h,宿州,115.0
20201111,16,SO2,宿州,7.0
20201111,16,SO2_24h,宿州,8.0
20201111,16,NO2,宿州,9.0
20201111,16,NO2_24h,宿州,37.0
20201111,16,O3,宿州,143.0
20201111,16,O3_24h,宿州,144.0
20201111,16,O3_8h,宿州,108.0
20201111,16,O3_8h_24h,宿州,108.0
20201111,16,CO,宿州,0.47
20201111,16,CO_24h,宿州,0.63
20201111,17,AQI,宿州,58.0
20201111,17,PM2.5,宿州,32.0
20201111,17,PM2.5_24h,宿州,63.0
20201111,17,PM10,宿州,66.0
20201111,17,PM10_24h,宿州,112.0
20201111,17,SO2,宿州,7.0
20201111,17,SO2_24h,宿州,8.0
20201111,17,NO2,宿州,16.0
20201111,17,NO2_24h,宿州,36.0
20201111,17,O3,宿州,126.0
20201111,17,O3_24h,宿州,144.0
20201111,17,O3_8h,宿州,120.0
20201111,17,O3_8h_24h,宿州,120.0
20201111,17,CO,宿州,0.47
20201111,17,CO_24h,宿州,0.63
20201111,18,AQI,宿州,60.0
20201111,18,PM2.5,宿州,35.0
20201111,18,PM2.5_24h,宿州,62.0
20201111,18,PM10,宿州,69.0
20201111,18,PM10_24h,宿州,109.0
20201111,18,SO2,宿州,6.0
20201111,18,SO2_24h,宿州,8.0
20201111,18,NO2,宿州,29.0
20201111,18,NO2_24h,宿州,34.0
20201111,18,O3,宿州,104.0
20201111,18,O3_24h,宿州,144.0
20201111,18,O3_8h,宿州,125.0
20201111,18,O3_8h_24h,宿州,125.0
20201111,18,CO,宿州,0.53
20201111,18,CO_24h,宿州,0.63
20201111,19,AQI,宿州,63.0
20201111,19,PM2.5,宿州,38.0
20201111,19,PM2.5_24h,宿州,61.0
20201111,19,PM10,宿州,75.0
20201111,19,PM10_24h,宿州,106.0
20201111,19,SO2,宿州,7.0
20201111,19,SO2_24h,宿州,8.0
20201111,19,NO2,宿州,40.0
20201111,19,NO2_24h,宿州,34.0
20201111,19,O3,宿州,84.0
20201111,19,O3_24h,宿州,144.0
20201111,19,O3_8h,宿州,125.0
20201111,19,O3_8h_24h,宿州,126.0
20201111,19,CO,宿州,0.53
20201111,19,CO_24h,宿州,0.63
20201111,20,AQI,宿州,69.0
20201111,20,PM2.5,宿州,43.0
20201111,20,PM2.5_24h,宿州,59.0
20201111,20,PM10,宿州,88.0
20201111,20,PM10_24h,宿州,103.0
20201111,20,SO2,宿州,6.0
20201111,20,SO2_24h,宿州,8.0
20201111,20,NO2,宿州,38.0
20201111,20,NO2_24h,宿州,34.0
20201111,20,O3,宿州,86.0
20201111,20,O3_24h,宿州,144.0
20201111,20,O3_8h,宿州,121.0
20201111,20,O3_8h_24h,宿州,126.0
20201111,20,CO,宿州,0.5
20201111,20,CO_24h,宿州,0.63
20201111,21,AQI,宿州,80.0
20201111,21,PM2.5,宿州,59.0
20201111,21,PM2.5_24h,宿州,59.0
20201111,21,PM10,宿州,95.0
20201111,21,PM10_24h,宿州,102.0
20201111,21,SO2,宿州,9.0
20201111,21,SO2_24h,宿州,8.0
20201111,21,NO2,宿州,42.0
20201111,21,NO2_24h,宿州,34.0
20201111,21,O3,宿州,70.0
20201111,21,O3_24h,宿州,144.0
20201111,21,O3_8h,宿州,115.0
20201111,21,O3_8h_24h,宿州,126.0
20201111,21,CO,宿州,0.5
20201111,21,CO_24h,宿州,0.63
20201111,22,AQI,宿州,76.0
20201111,22,PM2.5,宿州,56.0
20201111,22,PM2.5_24h,宿州,59.0
20201111,22,PM10,宿州,98.0
20201111,22,PM10_24h,宿州,102.0
20201111,22,SO2,宿州,7.0
20201111,22,SO2_24h,宿州,8.0
20201111,22,NO2,宿州,39.0
20201111,22,NO2_24h,宿州,35.0
20201111,22,O3,宿州,78.0
20201111,22,O3_24h,宿州,144.0
20201111,22,O3_8h,宿州,106.0
20201111,22,O3_8h_24h,宿州,126.0
20201111,22,CO,宿州,0.5
20201111,22,CO_24h,宿州,0.63
20201111,23,AQI,宿州,81.0
20201111,23,PM2.5,宿州,60.0
20201111,23,PM2.5_24h,宿州,59.0
20201111,23,PM10,宿州,94.0
20201111,23,PM10_24h,宿州,101.0
20201111,23,SO2,宿州,9.0
20201111,23,SO2_24h,宿州,8.0
20201111,23,NO2,宿州,28.0
20201111,23,NO2_24h,宿州,35.0
20201111,23,O3,宿州,88.0
20201111,23,O3_24h,宿州,144.0
20201111,23,O3_8h,宿州,100.0
20201111,23,O3_8h_24h,宿州,126.0
20201111,23,CO,宿州,0.5
20201111,23,CO_24h,宿州,0.63
20201111,0,AQI,六安,83.0
20201111,0,PM2.5,六安,51.0
20201111,0,PM2.5_24h,六安,52.0
20201111,0,PM10,六安,115.0
20201111,0,PM10_24h,六安,127.0
20201111,0,SO2,六安,8.0
20201111,0,SO2_24h,六安,8.0
20201111,0,NO2,六安,37.0
20201111,0,NO2_24h,六安,48.0
20201111,0,O3,六安,92.0
20201111,0,O3_24h,六安,156.0
20201111,0,O3_8h,六安,112.0
20201111,0,O3_8h_24h,六安,132.0
20201111,0,CO,六安,0.7
20201111,0,CO_24h,六安,0.82
20201111,1,AQI,六安,81.0
20201111,1,PM2.5,六安,45.0
20201111,1,PM2.5_24h,六安,51.0
20201111,1,PM10,六安,111.0
20201111,1,PM10_24h,六安,125.0
20201111,1,SO2,六安,8.0
20201111,1,SO2_24h,六安,8.0
20201111,1,NO2,六安,31.0
20201111,1,NO2_24h,六安,46.0
20201111,1,O3,六安,94.0
20201111,1,O3_24h,六安,156.0
20201111,1,O3_8h,六安,94.0
20201111,1,O3_8h_24h,六安,94.0
20201111,1,CO,六安,0.78
20201111,1,CO_24h,六安,0.82
20201111,2,AQI,六安,79.0
20201111,2,PM2.5,六安,50.0
20201111,2,PM2.5_24h,六安,51.0
20201111,2,PM10,六安,108.0
20201111,2,PM10_24h,六安,123.0
20201111,2,SO2,六安,7.0
20201111,2,SO2_24h,六安,8.0
20201111,2,NO2,六安,32.0
20201111,2,NO2_24h,六安,45.0
20201111,2,O3,六安,87.0
20201111,2,O3_24h,六安,156.0
20201111,2,O3_8h,六安,91.0
20201111,2,O3_8h_24h,六安,96.0
20201111,2,CO,六安,0.75
20201111,2,CO_24h,六安,0.82
20201111,3,AQI,六安,79.0
20201111,3,PM2.5,六安,54.0
20201111,3,PM2.5_24h,六安,50.0
20201111,3,PM10,六安,107.0
20201111,3,PM10_24h,六安,122.0
20201111,3,SO2,六安,7.0
20201111,3,SO2_24h,六安,8.0
20201111,3,NO2,六安,35.0
20201111,3,NO2_24h,六安,43.0
20201111,3,O3,六安,80.0
20201111,3,O3_24h,六安,156.0
20201111,3,O3_8h,六安,87.0
20201111,3,O3_8h_24h,六安,96.0
20201111,3,CO,六安,0.73
20201111,3,CO_24h,六安,0.82
20201111,4,AQI,六安,80.0
20201111,4,PM2.5,六安,54.0
20201111,4,PM2.5_24h,六安,50.0
20201111,4,PM10,六安,109.0
20201111,4,PM10_24h,六安,120.0
20201111,4,SO2,六安,7.0
20201111,4,SO2_24h,六安,8.0
20201111,4,NO2,六安,30.0
20201111,4,NO2_24h,六安,41.0
20201111,4,O3,六安,80.0
20201111,4,O3_24h,六安,156.0
20201111,4,O3_8h,六安,85.0
20201111,4,O3_8h_24h,六安,96.0
20201111,4,CO,六安,0.73
20201111,4,CO_24h,六安,0.82
20201111,5,AQI,六安,78.0
20201111,5,PM2.5,六安,53.0
20201111,5,PM2.5_24h,六安,50.0
20201111,5,PM10,六安,105.0
20201111,5,PM10_24h,六安,119.0
20201111,5,SO2,六安,7.0
20201111,5,SO2_24h,六安,8.0
20201111,5,NO2,六安,31.0
20201111,5,NO2_24h,六安,39.0
20201111,5,O3,六安,71.0
20201111,5,O3_24h,六安,156.0
20201111,5,O3_8h,六安,82.0
20201111,5,O3_8h_24h,六安,96.0
20201111,5,CO,六安,0.73
20201111,5,CO_24h,六安,0.82
20201111,6,AQI,六安,78.0
20201111,6,PM2.5,六安,54.0
20201111,6,PM2.5_24h,六安,50.0
20201111,6,PM10,六安,105.0
20201111,6,PM10_24h,六安,118.0
20201111,6,SO2,六安,7.0
20201111,6,SO2_24h,六安,8.0
20201111,6,NO2,六安,54.0
20201111,6,NO2_24h,六安,38.0
20201111,6,O3,六安,47.0
20201111,6,O3_24h,六安,156.0
20201111,6,O3_8h,六安,77.0
20201111,6,O3_8h_24h,六安,96.0
20201111,6,CO,六安,0.8
20201111,6,CO_24h,六安,0.8
20201111,8,AQI,六安,81.0
20201111,8,PM2.5,六安,58.0
20201111,8,PM2.5_24h,六安,50.0
20201111,8,PM10,六安,112.0
20201111,8,PM10_24h,六安,117.0
20201111,8,SO2,六安,9.0
20201111,8,SO2_24h,六安,8.0
20201111,8,NO2,六安,72.0
20201111,8,NO2_24h,六安,38.0
20201111,8,O3,六安,28.0
20201111,8,O3_24h,六安,156.0
20201111,8,O3_8h,六安,64.0
20201111,8,O3_8h_24h,六安,96.0
20201111,8,CO,六安,1.0
20201111,8,CO_24h,六安,0.77
20201111,10,AQI,六安,91.0
20201111,10,PM2.5,六安,65.0
20201111,10,PM2.5_24h,六安,50.0
20201111,10,PM10,六安,132.0
20201111,10,PM10_24h,六安,116.0
20201111,10,SO2,六安,10.0
20201111,10,SO2_24h,六安,8.0
20201111,10,NO2,六安,35.0
20201111,10,NO2_24h,六安,36.0
20201111,10,O3,六安,78.0
20201111,10,O3_24h,六安,156.0
20201111,10,O3_8h,六安,58.0
20201111,10,O3_8h_24h,六安,96.0
20201111,10,CO,六安,0.8
20201111,10,CO_24h,六安,0.75
20201111,11,AQI,六安,86.0
20201111,11,PM2.5,六安,64.0
20201111,11,PM2.5_24h,六安,51.0
20201111,11,PM10,六安,122.0
20201111,11,PM10_24h,六安,115.0
20201111,11,SO2,六安,9.0
20201111,11,SO2_24h,六安,8.0
20201111,11,NO2,六安,29.0
20201111,11,NO2_24h,六安,36.0
20201111,11,O3,六安,96.0
20201111,11,O3_24h,六安,156.0
20201111,11,O3_8h,六安,61.0
20201111,11,O3_8h_24h,六安,96.0
20201111,11,CO,六安,0.77
20201111,11,CO_24h,六安,0.75
20201111,12,AQI,六安,79.0
20201111,12,PM2.5,六安,56.0
20201111,12,PM2.5_24h,六安,51.0
20201111,12,PM10,六安,108.0
20201111,12,PM10_24h,六安,114.0
20201111,12,SO2,六安,8.0
20201111,12,SO2_24h,六安,8.0
20201111,12,NO2,六安,22.0
20201111,12,NO2_24h,六安,36.0
20201111,12,O3,六安,109.0
20201111,12,O3_24h,六安,156.0
20201111,12,O3_8h,六安,64.0
20201111,12,O3_8h_24h,六安,96.0
20201111,12,CO,六安,0.63
20201111,12,CO_24h,六安,0.75
20201111,13,AQI,六安,68.0
20201111,13,PM2.5,六安,48.0
20201111,13,PM2.5_24h,六安,51.0
20201111,13,PM10,六安,85.0
20201111,13,PM10_24h,六安,112.0
20201111,13,SO2,六安,8.0
20201111,13,SO2_24h,六安,8.0
20201111,13,NO2,六安,25.0
20201111,13,NO2_24h,六安,37.0
20201111,13,O3,六安,108.0
20201111,13,O3_24h,六安,156.0
20201111,13,O3_8h,六安,68.0
20201111,13,O3_8h_24h,六安,96.0
20201111,13,CO,六安,0.68
20201111,13,CO_24h,六安,0.75
20201111,14,AQI,六安,65.0
20201111,14,PM2.5,六安,43.0
20201111,14,PM2.5_24h,六安,52.0
20201111,14,PM10,六安,79.0
20201111,14,PM10_24h,六安,110.0
20201111,14,SO2,六安,7.0
20201111,14,SO2_24h,六安,8.0
20201111,14,NO2,六安,30.0
20201111,14,NO2_24h,六安,37.0
20201111,14,O3,六安,107.0
20201111,14,O3_24h,六安,156.0
20201111,14,O3_8h,六安,76.0
20201111,14,O3_8h_24h,六安,99.0
20201111,14,CO,六安,0.68
20201111,14,CO_24h,六安,0.75
20201111,15,AQI,六安,61.0
20201111,15,PM2.5,六安,39.0
20201111,15,PM2.5_24h,六安,52.0
20201111,15,PM10,六安,71.0
20201111,15,PM10_24h,六安,108.0
20201111,15,SO2,六安,6.0
20201111,15,SO2_24h,六安,8.0
20201111,15,NO2,六安,26.0
20201111,15,NO2_24h,六安,37.0
20201111,15,O3,六安,115.0
20201111,15,O3_24h,六安,156.0
20201111,15,O3_8h,六安,87.0
20201111,15,O3_8h_24h,六安,101.0
20201111,15,CO,六安,0.57
20201111,15,CO_24h,六安,0.75
20201111,16,AQI,六安,56.0
20201111,16,PM2.5,六安,28.0
20201111,16,PM2.5_24h,六安,51.0
20201111,16,PM10,六安,61.0
20201111,16,PM10_24h,六安,106.0
20201111,16,SO2,六安,6.0
20201111,16,SO2_24h,六安,8.0
20201111,16,NO2,六安,23.0
20201111,16,NO2_24h,六安,37.0
20201111,16,O3,六安,118.0
20201111,16,O3_24h,六安,139.0
20201111,16,O3_8h,六安,98.0
20201111,16,O3_8h_24h,六安,105.0
20201111,16,CO,六安,0.5
20201111,16,CO_24h,六安,0.73
20201111,17,AQI,六安,52.0
20201111,17,PM2.5,六安,21.0
20201111,17,PM2.5_24h,六安,50.0
20201111,17,PM10,六安,53.0
20201111,17,PM10_24h,六安,104.0
20201111,17,SO2,六安,6.0
20201111,17,SO2_24h,六安,8.0
20201111,17,NO2,六安,27.0
20201111,17,NO2_24h,六安,37.0
20201111,17,O3,六安,114.0
20201111,17,O3_24h,六安,123.0
20201111,17,O3_8h,六安,106.0
20201111,17,O3_8h_24h,六安,108.0
20201111,17,CO,六安,0.53
20201111,17,CO_24h,六安,0.73
20201111,18,AQI,六安,52.0
20201111,18,PM2.5,六安,22.0
20201111,18,PM2.5_24h,六安,49.0
20201111,18,PM10,六安,54.0
20201111,18,PM10_24h,六安,102.0
20201111,18,SO2,六安,6.0
20201111,18,SO2_24h,六安,7.0
20201111,18,NO2,六安,34.0
20201111,18,NO2_24h,六安,37.0
20201111,18,O3,六安,108.0
20201111,18,O3_24h,六安,122.0
20201111,18,O3_8h,六安,109.0
20201111,18,O3_8h_24h,六安,110.0
20201111,18,CO,六安,0.57
20201111,18,CO_24h,六安,0.73
20201111,19,AQI,六安,55.0
20201111,19,PM2.5,六安,25.0
20201111,19,PM2.5_24h,六安,48.0
20201111,19,PM10,六安,60.0
20201111,19,PM10_24h,六安,100.0
20201111,19,SO2,六安,7.0
20201111,19,SO2_24h,六安,7.0
20201111,19,NO2,六安,33.0
20201111,19,NO2_24h,六安,37.0
20201111,19,O3,六安,105.0
20201111,19,O3_24h,六安,122.0
20201111,19,O3_8h,六安,111.0
20201111,19,O3_8h_24h,六安,111.0
20201111,19,CO,六安,0.6
20201111,19,CO_24h,六安,0.73
20201111,20,AQI,六安,60.0
20201111,20,PM2.5,六安,30.0
20201111,20,PM2.5_24h,六安,47.0
20201111,20,PM10,六安,69.0
20201111,20,PM10_24h,六安,98.0
20201111,20,SO2,六安,7.0
20201111,20,SO2_24h,六安,7.0
20201111,20,NO2,六安,33.0
20201111,20,NO2_24h,六安,36.0
20201111,20,O3,六安,94.0
20201111,20,O3_24h,六安,121.0
20201111,20,O3_8h,六安,109.0
20201111,20,O3_8h_24h,六安,111.0
20201111,20,CO,六安,0.57
20201111,20,CO_24h,六安,0.73
20201111,21,AQI,六安,53.0
20201111,21,PM2.5,六安,25.0
20201111,21,PM2.5_24h,六安,46.0
20201111,21,PM10,六安,56.0
20201111,21,PM10_24h,六安,95.0
20201111,21,SO2,六安,7.0
20201111,21,SO2_24h,六安,7.0
20201111,21,NO2,六安,41.0
20201111,21,NO2_24h,六安,37.0
20201111,21,O3,六安,82.0
20201111,21,O3_24h,六安,118.0
20201111,21,O3_8h,六安,105.0
20201111,21,O3_8h_24h,六安,111.0
20201111,21,CO,六安,0.6
20201111,21,CO_24h,六安,0.73
20201111,22,AQI,六安,55.0
20201111,22,PM2.5,六安,28.0
20201111,22,PM2.5_24h,六安,45.0
20201111,22,PM10,六安,60.0
20201111,22,PM10_24h,六安,93.0
20201111,22,SO2,六安,8.0
20201111,22,SO2_24h,六安,7.0
20201111,22,NO2,六安,46.0
20201111,22,NO2_24h,六安,37.0
20201111,22,O3,六安,68.0
20201111,22,O3_24h,六安,118.0
20201111,22,O3_8h,六安,100.0
20201111,22,O3_8h_24h,六安,111.0
20201111,22,CO,六安,0.65
20201111,22,CO_24h,六安,0.7
20201111,23,AQI,六安,57.0
20201111,23,PM2.5,六安,31.0
20201111,23,PM2.5_24h,六安,45.0
20201111,23,PM10,六安,64.0
20201111,23,PM10_24h,六安,91.0
20201111,23,SO2,六安,7.0
20201111,23,SO2_24h,六安,7.0
20201111,23,NO2,六安,48.0
20201111,23,NO2_24h,六安,37.0
20201111,23,O3,六安,59.0
20201111,23,O3_24h,六安,118.0
20201111,23,O3_8h,六安,94.0
20201111,23,O3_8h_24h,六安,111.0
20201111,23,CO,六安,0.65
20201111,23,CO_24h,六安,0.7
20201111,0,AQI,亳州,103.0
20201111,0,PM2.5,亳州,70.0
20201111,0,PM2.5_24h,亳州,69.0
20201111,0,PM10,亳州,156.0
20201111,0,PM10_24h,亳州,156.0
20201111,0,SO2,亳州,11.0
20201111,0,SO2_24h,亳州,15.0
20201111,0,NO2,亳州,32.0
20201111,0,NO2_24h,亳州,44.0
20201111,0,O3,亳州,89.0
20201111,0,O3_24h,亳州,151.0
20201111,0,O3_8h,亳州,106.0
20201111,0,O3_8h_24h,亳州,131.0
20201111,0,CO,亳州,0.6
20201111,0,CO_24h,亳州,0.75
20201111,1,AQI,亳州,101.0
20201111,1,PM2.5,亳州,67.0
20201111,1,PM2.5_24h,亳州,67.0
20201111,1,PM10,亳州,152.0
20201111,1,PM10_24h,亳州,150.0
20201111,1,SO2,亳州,12.0
20201111,1,SO2_24h,亳州,15.0
20201111,1,NO2,亳州,32.0
20201111,1,NO2_24h,亳州,39.0
20201111,1,O3,亳州,74.0
20201111,1,O3_24h,亳州,158.0
20201111,1,O3_8h,亳州,74.0
20201111,1,O3_8h_24h,亳州,74.0
20201111,1,CO,亳州,0.6
20201111,1,CO_24h,亳州,0.7
20201111,2,AQI,亳州,98.0
20201111,2,PM2.5,亳州,69.0
20201111,2,PM2.5_24h,亳州,65.0
20201111,2,PM10,亳州,146.0
20201111,2,PM10_24h,亳州,152.0
20201111,2,SO2,亳州,14.0
20201111,2,SO2_24h,亳州,14.0
20201111,2,NO2,亳州,36.0
20201111,2,NO2_24h,亳州,42.0
20201111,2,O3,亳州,60.0
20201111,2,O3_24h,亳州,151.0
20201111,2,O3_8h,亳州,67.0
20201111,2,O3_8h_24h,亳州,74.0
20201111,2,CO,亳州,0.7
20201111,2,CO_24h,亳州,0.75
20201111,3,AQI,亳州,90.0
20201111,3,PM2.5,亳州,58.0
20201111,3,PM2.5_24h,亳州,63.0
20201111,3,PM10,亳州,129.0
20201111,3,PM10_24h,亳州,150.0
20201111,3,SO2,亳州,13.0
20201111,3,SO2_24h,亳州,14.0
20201111,3,NO2,亳州,38.0
20201111,3,NO2_24h,亳州,41.0
20201111,3,O3,亳州,54.0
20201111,3,O3_24h,亳州,151.0
20201111,3,O3_8h,亳州,58.0
20201111,3,O3_8h_24h,亳州,63.0
20201111,3,CO,亳州,0.7
20201111,3,CO_24h,亳州,0.75
20201111,4,AQI,亳州,96.0
20201111,4,PM2.5,亳州,67.0
20201111,4,PM2.5_24h,亳州,62.0
20201111,4,PM10,亳州,142.0
20201111,4,PM10_24h,亳州,149.0
20201111,4,SO2,亳州,10.0
20201111,4,SO2_24h,亳州,14.0
20201111,4,NO2,亳州,39.0
20201111,4,NO2_24h,亳州,41.0
20201111,4,O3,亳州,49.0
20201111,4,O3_24h,亳州,151.0
20201111,4,O3_8h,亳州,55.0
20201111,4,O3_8h_24h,亳州,63.0
20201111,4,CO,亳州,0.7
20201111,4,CO_24h,亳州,0.75
20201111,5,AQI,亳州,95.0
20201111,5,PM2.5,亳州,61.0
20201111,5,PM2.5_24h,亳州,61.0
20201111,5,PM10,亳州,139.0
20201111,5,PM10_24h,亳州,148.0
20201111,5,SO2,亳州,10.0
20201111,5,SO2_24h,亳州,14.0
20201111,5,NO2,亳州,38.0
20201111,5,NO2_24h,亳州,40.0
20201111,5,O3,亳州,46.0
20201111,5,O3_24h,亳州,151.0
20201111,5,O3_8h,亳州,52.0
20201111,5,O3_8h_24h,亳州,63.0
20201111,5,CO,亳州,0.7
20201111,5,CO_24h,亳州,0.75
20201111,6,AQI,亳州,91.0
20201111,6,PM2.5,亳州,66.0
20201111,6,PM2.5_24h,亳州,60.0
20201111,6,PM10,亳州,132.0
20201111,6,PM10_24h,亳州,146.0
20201111,6,SO2,亳州,11.0
20201111,6,SO2_24h,亳州,14.0
20201111,6,NO2,亳州,38.0
20201111,6,NO2_24h,亳州,39.0
20201111,6,O3,亳州,42.0
20201111,6,O3_24h,亳州,151.0
20201111,6,O3_8h,亳州,50.0
20201111,6,O3_8h_24h,亳州,63.0
20201111,6,CO,亳州,0.75
20201111,6,CO_24h,亳州,0.75
20201111,7,AQI,亳州,91.0
20201111,7,PM2.5,亳州,56.0
20201111,7,PM2.5_24h,亳州,62.0
20201111,7,PM10,亳州,131.0
20201111,7,PM10_24h,亳州,143.0
20201111,7,SO2,亳州,13.0
20201111,7,SO2_24h,亳州,14.0
20201111,7,NO2,亳州,38.0
20201111,7,NO2_24h,亳州,35.0
20201111,7,O3,亳州,39.0
20201111,7,O3_24h,亳州,158.0
20201111,7,O3_8h,亳州,54.0
20201111,7,O3_8h_24h,亳州,74.0
20201111,7,CO,亳州,0.7
20201111,7,CO_24h,亳州,0.7
20201111,8,AQI,亳州,93.0
20201111,8,PM2.5,亳州,66.0
20201111,8,PM2.5_24h,亳州,58.0
20201111,8,PM10,亳州,136.0
20201111,8,PM10_24h,亳州,143.0
20201111,8,SO2,亳州,12.0
20201111,8,SO2_24h,亳州,13.0
20201111,8,NO2,亳州,43.0
20201111,8,NO2_24h,亳州,37.0
20201111,8,O3,亳州,35.0
20201111,8,O3_24h,亳州,151.0
20201111,8,O3_8h,亳州,47.0
20201111,8,O3_8h_24h,亳州,63.0
20201111,8,CO,亳州,0.8
20201111,8,CO_24h,亳州,0.75
20201111,10,AQI,亳州,94.0
20201111,10,PM2.5,亳州,64.0
20201111,10,PM2.5_24h,亳州,56.0
20201111,10,PM10,亳州,137.0
20201111,10,PM10_24h,亳州,139.0
20201111,10,SO2,亳州,13.0
20201111,10,SO2_24h,亳州,12.0
20201111,10,NO2,亳州,35.0
20201111,10,NO2_24h,亳州,35.0
20201111,10,O3,亳州,75.0
20201111,10,O3_24h,亳州,151.0
20201111,10,O3_8h,亳州,48.0
20201111,10,O3_8h_24h,亳州,63.0
20201111,10,CO,亳州,0.85
20201111,10,CO_24h,亳州,0.7
20201111,11,AQI,亳州,87.0
20201111,11,PM2.5,亳州,55.0
20201111,11,PM2.5_24h,亳州,55.0
20201111,11,PM10,亳州,123.0
20201111,11,PM10_24h,亳州,137.0
20201111,11,SO2,亳州,11.0
20201111,11,SO2_24h,亳州,11.0
20201111,11,NO2,亳州,33.0
20201111,11,NO2_24h,亳州,35.0
20201111,11,O3,亳州,104.0
20201111,11,O3_24h,亳州,151.0
20201111,11,O3_8h,亳州,54.0
20201111,11,O3_8h_24h,亳州,63.0
20201111,11,CO,亳州,0.8
20201111,11,CO_24h,亳州,0.7
20201111,12,AQI,亳州,87.0
20201111,12,PM2.5,亳州,52.0
20201111,12,PM2.5_24h,亳州,54.0
20201111,12,PM10,亳州,124.0
20201111,12,PM10_24h,亳州,135.0
20201111,12,SO2,亳州,12.0
20201111,12,SO2_24h,亳州,11.0
20201111,12,NO2,亳州,28.0
20201111,12,NO2_24h,亳州,35.0
20201111,12,O3,亳州,121.0
20201111,12,O3_24h,亳州,151.0
20201111,12,O3_8h,亳州,60.0
20201111,12,O3_8h_24h,亳州,67.0
20201111,12,CO,亳州,0.8
20201111,12,CO_24h,亳州,0.7
20201111,13,AQI,亳州,82.0
20201111,13,PM2.5,亳州,48.0
20201111,13,PM2.5_24h,亳州,54.0
20201111,13,PM10,亳州,113.0
20201111,13,PM10_24h,亳州,134.0
20201111,13,SO2,亳州,9.0
20201111,13,SO2_24h,亳州,11.0
20201111,13,NO2,亳州,26.0
20201111,13,NO2_24h,亳州,35.0
20201111,13,O3,亳州,133.0
20201111,13,O3_24h,亳州,151.0
20201111,13,O3_8h,亳州,71.0
20201111,13,O3_8h_24h,亳州,72.0
20201111,13,CO,亳州,0.65
20201111,13,CO_24h,亳州,0.7
20201111,14,AQI,亳州,77.0
20201111,14,PM2.5,亳州,38.0
20201111,14,PM2.5_24h,亳州,54.0
20201111,14,PM10,亳州,104.0
20201111,14,PM10_24h,亳州,132.0
20201111,14,SO2,亳州,7.0
20201111,14,SO2_24h,亳州,11.0
20201111,14,NO2,亳州,26.0
20201111,14,NO2_24h,亳州,35.0
20201111,14,O3,亳州,135.0
20201111,14,O3_24h,亳州,151.0
20201111,14,O3_8h,亳州,84.0
20201111,14,O3_8h_24h,亳州,84.0
20201111,14,CO,亳州,0.55
20201111,14,CO_24h,亳州,0.7
20201111,15,AQI,亳州,73.0
20201111,15,PM2.5,亳州,36.0
20201111,15,PM2.5_24h,亳州,54.0
20201111,15,PM10,亳州,95.0
20201111,15,PM10_24h,亳州,131.0
20201111,15,SO2,亳州,7.0
20201111,15,SO2_24h,亳州,11.0
20201111,15,NO2,亳州,25.0
20201111,15,NO2_24h,亳州,35.0
20201111,15,O3,亳州,141.0
20201111,15,O3_24h,亳州,147.0
20201111,15,O3_8h,亳州,98.0
20201111,15,O3_8h_24h,亳州,98.0
20201111,15,CO,亳州,0.55
20201111,15,CO_24h,亳州,0.7
20201111,16,AQI,亳州,68.0
20201111,16,PM2.5,亳州,32.0
20201111,16,PM2.5_24h,亳州,53.0
20201111,16,PM10,亳州,85.0
20201111,16,PM10_24h,亳州,129.0
20201111,16,SO2,亳州,7.0
20201111,16,SO2_24h,亳州,11.0
20201111,16,NO2,亳州,25.0
20201111,16,NO2_24h,亳州,35.0
20201111,16,O3,亳州,144.0
20201111,16,O3_24h,亳州,144.0
20201111,16,O3_8h,亳州,112.0
20201111,16,O3_8h_24h,亳州,112.0
20201111,16,CO,亳州,0.55
20201111,16,CO_24h,亳州,0.7
20201111,17,AQI,亳州,66.0
20201111,17,PM2.5,亳州,33.0
20201111,17,PM2.5_24h,亳州,53.0
20201111,17,PM10,亳州,82.0
20201111,17,PM10_24h,亳州,127.0
20201111,17,SO2,亳州,6.0
20201111,17,SO2_24h,亳州,11.0
20201111,17,NO2,亳州,28.0
20201111,17,NO2_24h,亳州,35.0
20201111,17,O3,亳州,136.0
20201111,17,O3_24h,亳州,144.0
20201111,17,O3_8h,亳州,124.0
20201111,17,O3_8h_24h,亳州,124.0
20201111,17,CO,亳州,0.55
20201111,17,CO_24h,亳州,0.7
20201111,18,AQI,亳州,65.0
20201111,18,PM2.5,亳州,30.0
20201111,18,PM2.5_24h,亳州,52.0
20201111,18,PM10,亳州,80.0
20201111,18,PM10_24h,亳州,125.0
20201111,18,SO2,亳州,6.0
20201111,18,SO2_24h,亳州,10.0
20201111,18,NO2,亳州,37.0
20201111,18,NO2_24h,亳州,35.0
20201111,18,O3,亳州,118.0
20201111,18,O3_24h,亳州,144.0
20201111,18,O3_8h,亳州,130.0
20201111,18,O3_8h_24h,亳州,130.0
20201111,18,CO,亳州,0.6
20201111,18,CO_24h,亳州,0.7
20201111,19,AQI,亳州,69.0
20201111,19,PM2.5,亳州,33.0
20201111,19,PM2.5_24h,亳州,51.0
20201111,19,PM10,亳州,87.0
20201111,19,PM10_24h,亳州,123.0
20201111,19,SO2,亳州,8.0
20201111,19,SO2_24h,亳州,10.0
20201111,19,NO2,亳州,40.0
20201111,19,NO2_24h,亳州,35.0
20201111,19,O3,亳州,107.0
20201111,19,O3_24h,亳州,144.0
20201111,19,O3_8h,亳州,130.0
20201111,19,O3_8h_24h,亳州,130.0
20201111,19,CO,亳州,0.7
20201111,19,CO_24h,亳州,0.7
20201111,20,AQI,亳州,71.0
20201111,20,PM2.5,亳州,38.0
20201111,20,PM2.5_24h,亳州,51.0
20201111,20,PM10,亳州,92.0
20201111,20,PM10_24h,亳州,121.0
20201111,20,SO2,亳州,8.0
20201111,20,SO2_24h,亳州,10.0
20201111,20,NO2,亳州,39.0
20201111,20,NO2_24h,亳州,35.0
20201111,20,O3,亳州,98.0
20201111,20,O3_24h,亳州,144.0
20201111,20,O3_8h,亳州,127.0
20201111,20,O3_8h_24h,亳州,130.0
20201111,20,CO,亳州,0.7
20201111,20,CO_24h,亳州,0.7
20201111,21,AQI,亳州,73.0
20201111,21,PM2.5,亳州,43.0
20201111,21,PM2.5_24h,亳州,50.0
20201111,21,PM10,亳州,96.0
20201111,21,PM10_24h,亳州,119.0
20201111,21,SO2,亳州,11.0
20201111,21,SO2_24h,亳州,10.0
20201111,21,NO2,亳州,36.0
20201111,21,NO2_24h,亳州,35.0
20201111,21,O3,亳州,89.0
20201111,21,O3_24h,亳州,144.0
20201111,21,O3_8h,亳州,121.0
20201111,21,O3_8h_24h,亳州,130.0
20201111,21,CO,亳州,0.65
20201111,21,CO_24h,亳州,0.7
20201111,22,AQI,亳州,73.0
20201111,22,PM2.5,亳州,45.0
20201111,22,PM2.5_24h,亳州,49.0
20201111,22,PM10,亳州,95.0
20201111,22,PM10_24h,亳州,116.0
20201111,22,SO2,亳州,10.0
20201111,22,SO2_24h,亳州,10.0
20201111,22,NO2,亳州,30.0
20201111,22,NO2_24h,亳州,34.0
20201111,22,O3,亳州,86.0
20201111,22,O3_24h,亳州,144.0
20201111,22,O3_8h,亳州,115.0
20201111,22,O3_8h_24h,亳州,130.0
20201111,22,CO,亳州,0.65
20201111,22,CO_24h,亳州,0.7
20201111,23,AQI,亳州,71.0
20201111,23,PM2.5,亳州,45.0
20201111,23,PM2.5_24h,亳州,48.0
20201111,23,PM10,亳州,92.0
20201111,23,PM10_24h,亳州,114.0
20201111,23,SO2,亳州,11.0
20201111,23,SO2_24h,亳州,10.0
20201111,23,NO2,亳州,28.0
20201111,23,NO2_24h,亳州,34.0
20201111,23,O3,亳州,78.0
20201111,23,O3_24h,亳州,144.0
20201111,23,O3_8h,亳州,107.0
20201111,23,O3_8h_24h,亳州,130.0
20201111,23,CO,亳州,0.65
20201111,23,CO_24h,亳州,0.7
20201111,0,AQI,池州,69.0
20201111,0,PM2.5,池州,40.0
20201111,0,PM2.5_24h,池州,40.0
20201111,0,PM10,池州,88.0
20201111,0,PM10_24h,池州,97.0
20201111,0,SO2,池州,8.0
20201111,0,SO2_24h,池州,10.0
20201111,0,NO2,池州,20.0
20201111,0,NO2_24h,池州,25.0
20201111,0,O3,池州,90.0
20201111,0,O3_24h,池州,135.0
20201111,0,O3_8h,池州,100.0
20201111,0,O3_8h_24h,池州,116.0
20201111,0,CO,池州,0.6
20201111,0,CO_24h,池州,0.65
20201111,1,AQI,池州,72.0
20201111,1,PM2.5,池州,44.0
20201111,1,PM2.5_24h,池州,40.0
20201111,1,PM10,池州,94.0
20201111,1,PM10_24h,池州,96.0
20201111,1,SO2,池州,8.0
20201111,1,SO2_24h,池州,10.0
20201111,1,NO2,池州,23.0
20201111,1,NO2_24h,池州,25.0
20201111,1,O3,池州,81.0
20201111,1,O3_24h,池州,135.0
20201111,1,O3_8h,池州,81.0
20201111,1,O3_8h_24h,池州,81.0
20201111,1,CO,池州,0.65
20201111,1,CO_24h,池州,0.65
20201111,2,AQI,池州,73.0
20201111,2,PM2.5,池州,49.0
20201111,2,PM2.5_24h,池州,41.0
20201111,2,PM10,池州,96.0
20201111,2,PM10_24h,池州,95.0
20201111,2,SO2,池州,9.0
20201111,2,SO2_24h,池州,11.0
20201111,2,NO2,池州,22.0
20201111,2,NO2_24h,池州,25.0
20201111,2,O3,池州,70.0
20201111,2,O3_24h,池州,135.0
20201111,2,O3_8h,池州,75.0
20201111,2,O3_8h_24h,池州,81.0
20201111,2,CO,池州,0.7
20201111,2,CO_24h,池州,0.65
20201111,3,AQI,池州,76.0
20201111,3,PM2.5,池州,56.0
20201111,3,PM2.5_24h,池州,41.0
20201111,3,PM10,池州,101.0
20201111,3,PM10_24h,池州,95.0
20201111,3,SO2,池州,8.0
20201111,3,SO2_24h,池州,11.0
20201111,3,NO2,池州,23.0
20201111,3,NO2_24h,池州,25.0
20201111,3,O3,池州,60.0
20201111,3,O3_24h,池州,135.0
20201111,3,O3_8h,池州,70.0
20201111,3,O3_8h_24h,池州,81.0
20201111,3,CO,池州,0.75
20201111,3,CO_24h,池州,0.65
20201111,4,AQI,池州,80.0
20201111,4,PM2.5,池州,59.0
20201111,4,PM2.5_24h,池州,42.0
20201111,4,PM10,池州,101.0
20201111,4,PM10_24h,池州,94.0
20201111,4,SO2,池州,7.0
20201111,4,SO2_24h,池州,10.0
20201111,4,NO2,池州,26.0
20201111,4,NO2_24h,池州,25.0
20201111,4,O3,池州,53.0
20201111,4,O3_24h,池州,135.0
20201111,4,O3_8h,池州,66.0
20201111,4,O3_8h_24h,池州,81.0
20201111,4,CO,池州,0.8
20201111,4,CO_24h,池州,0.65
20201111,5,AQI,池州,86.0
20201111,5,PM2.5,池州,64.0
20201111,5,PM2.5_24h,池州,43.0
20201111,5,PM10,池州,104.0
20201111,5,PM10_24h,池州,94.0
20201111,5,SO2,池州,8.0
20201111,5,SO2_24h,池州,10.0
20201111,5,NO2,池州,21.0
20201111,5,NO2_24h,池州,25.0
20201111,5,O3,池州,57.0
20201111,5,O3_24h,池州,135.0
20201111,5,O3_8h,池州,65.0
20201111,5,O3_8h_24h,池州,81.0
20201111,5,CO,池州,0.8
20201111,5,CO_24h,池州,0.65
20201111,6,AQI,池州,91.0
20201111,6,PM2.5,池州,68.0
20201111,6,PM2.5_24h,池州,44.0
20201111,6,PM10,池州,106.0
20201111,6,PM10_24h,池州,93.0
20201111,6,SO2,池州,10.0
20201111,6,SO2_24h,池州,11.0
20201111,6,NO2,池州,17.0
20201111,6,NO2_24h,池州,24.0
20201111,6,O3,池州,60.0
20201111,6,O3_24h,池州,135.0
20201111,6,O3_8h,池州,64.0
20201111,6,O3_8h_24h,池州,81.0
20201111,6,CO,池州,0.7
20201111,6,CO_24h,池州,0.65
20201111,7,AQI,池州,95.0
20201111,7,PM2.5,池州,71.0
20201111,7,PM2.5_24h,池州,47.0
20201111,7,PM10,池州,112.0
20201111,7,PM10_24h,池州,99.0
20201111,7,SO2,池州,11.0
20201111,7,SO2_24h,池州,11.0
20201111,7,NO2,池州,14.0
20201111,7,NO2_24h,池州,21.0
20201111,7,O3,池州,53.0
20201111,7,O3_24h,池州,130.0
20201111,7,O3_8h,池州,65.0
20201111,7,O3_8h_24h,池州,80.0
20201111,7,CO,池州,0.8
20201111,7,CO_24h,池州,0.7
20201111,8,AQI,池州,98.0
20201111,8,PM2.5,池州,73.0
20201111,8,PM2.5_24h,池州,46.0
20201111,8,PM10,池州,108.0
20201111,8,PM10_24h,池州,93.0
20201111,8,SO2,池州,12.0
20201111,8,SO2_24h,池州,11.0
20201111,8,NO2,池州,31.0
20201111,8,NO2_24h,池州,24.0
20201111,8,O3,池州,46.0
20201111,8,O3_24h,池州,135.0
20201111,8,O3_8h,池州,60.0
20201111,8,O3_8h_24h,池州,81.0
20201111,8,CO,池州,0.9
20201111,8,CO_24h,池州,0.65
20201111,10,AQI,池州,100.0
20201111,10,PM2.5,池州,75.0
20201111,10,PM2.5_24h,池州,47.0
20201111,10,PM10,池州,109.0
20201111,10,PM10_24h,池州,93.0
20201111,10,SO2,池州,12.0
20201111,10,SO2_24h,池州,10.0
20201111,10,NO2,池州,35.0
20201111,10,NO2_24h,池州,24.0
20201111,10,O3,池州,57.0
20201111,10,O3_24h,池州,135.0
20201111,10,O3_8h,池州,55.0
20201111,10,O3_8h_24h,池州,81.0
20201111,10,CO,池州,0.85
20201111,10,CO_24h,池州,0.65
20201111,11,AQI,池州,81.0
20201111,11,PM2.5,池州,60.0
20201111,11,PM2.5_24h,池州,48.0
20201111,11,PM10,池州,93.0
20201111,11,PM10_24h,池州,91.0
20201111,11,SO2,池州,10.0
20201111,11,SO2_24h,池州,10.0
20201111,11,NO2,池州,23.0
20201111,11,NO2_24h,池州,23.0
20201111,11,O3,池州,92.0
20201111,11,O3_24h,池州,135.0
20201111,11,O3_8h,池州,60.0
20201111,11,O3_8h_24h,池州,81.0
20201111,11,CO,池州,0.65
20201111,11,CO_24h,池州,0.65
20201111,12,AQI,池州,70.0
20201111,12,PM2.5,池州,51.0
20201111,12,PM2.5_24h,池州,48.0
20201111,12,PM10,池州,86.0
20201111,12,PM10_24h,池州,90.0
20201111,12,SO2,池州,9.0
20201111,12,SO2_24h,池州,10.0
20201111,12,NO2,池州,19.0
20201111,12,NO2_24h,池州,23.0
20201111,12,O3,池州,113.0
20201111,12,O3_24h,池州,135.0
20201111,12,O3_8h,池州,68.0
20201111,12,O3_8h_24h,池州,81.0
20201111,12,CO,池州,0.55
20201111,12,CO_24h,池州,0.65
20201111,13,AQI,池州,68.0
20201111,13,PM2.5,池州,49.0
20201111,13,PM2.5_24h,池州,48.0
20201111,13,PM10,池州,86.0
20201111,13,PM10_24h,池州,90.0
20201111,13,SO2,池州,11.0
20201111,13,SO2_24h,池州,9.0
20201111,13,NO2,池州,19.0
20201111,13,NO2_24h,池州,23.0
20201111,13,O3,池州,121.0
20201111,13,O3_24h,池州,135.0
20201111,13,O3_8h,池州,76.0
20201111,13,O3_8h_24h,池州,81.0
20201111,13,CO,池州,0.55
20201111,13,CO_24h,池州,0.65
20201111,14,AQI,池州,64.0
20201111,14,PM2.5,池州,44.0
20201111,14,PM2.5_24h,池州,48.0
20201111,14,PM10,池州,78.0
20201111,14,PM10_24h,池州,90.0
20201111,14,SO2,池州,12.0
20201111,14,SO2_24h,池州,10.0
20201111,14,NO2,池州,21.0
20201111,14,NO2_24h,池州,24.0
20201111,14,O3,池州,120.0
20201111,14,O3_24h,池州,134.0
20201111,14,O3_8h,池州,84.0
20201111,14,O3_8h_24h,池州,84.0
20201111,14,CO,池州,0.55
20201111,14,CO_24h,池州,0.65
20201111,15,AQI,池州,58.0
20201111,15,PM2.5,池州,35.0
20201111,15,PM2.5_24h,池州,49.0
20201111,15,PM10,池州,65.0
20201111,15,PM10_24h,池州,91.0
20201111,15,SO2,池州,12.0
20201111,15,SO2_24h,池州,10.0
20201111,15,NO2,池州,21.0
20201111,15,NO2_24h,池州,24.0
20201111,15,O3,池州,118.0
20201111,15,O3_24h,池州,129.0
20201111,15,O3_8h,池州,92.0
20201111,15,O3_8h_24h,池州,92.0
20201111,15,CO,池州,0.45
20201111,15,CO_24h,池州,0.65
20201111,16,AQI,池州,49.0
20201111,16,PM2.5,池州,26.0
20201111,16,PM2.5_24h,池州,49.0
20201111,16,PM10,池州,49.0
20201111,16,PM10_24h,池州,90.0
20201111,16,SO2,池州,12.0
20201111,16,SO2_24h,池州,10.0
20201111,16,NO2,池州,25.0
20201111,16,NO2_24h,池州,24.0
20201111,16,O3,池州,111.0
20201111,16,O3_24h,池州,121.0
20201111,16,O3_8h,池州,101.0
20201111,16,O3_8h_24h,池州,101.0
20201111,16,CO,池州,0.45
20201111,16,CO_24h,池州,0.65
20201111,17,AQI,池州,41.0
20201111,17,PM2.5,池州,20.0
20201111,17,PM2.5_24h,池州,48.0
20201111,17,PM10,池州,41.0
20201111,17,PM10_24h,池州,88.0
20201111,17,SO2,池州,14.0
20201111,17,SO2_24h,池州,10.0
20201111,17,NO2,池州,27.0
20201111,17,NO2_24h,池州,25.0
20201111,17,O3,池州,103.0
20201111,17,O3_24h,池州,121.0
20201111,17,O3_8h,池州,104.0
20201111,17,O3_8h_24h,池州,104.0
20201111,17,CO,池州,0.4
20201111,17,CO_24h,池州,0.65
20201111,18,AQI,池州,48.0
20201111,18,PM2.5,池州,22.0
20201111,18,PM2.5_24h,池州,48.0
20201111,18,PM10,池州,48.0
20201111,18,PM10_24h,池州,86.0
20201111,18,SO2,池州,11.0
20201111,18,SO2_24h,池州,10.0
20201111,18,NO2,池州,39.0
20201111,18,NO2_24h,池州,25.0
20201111,18,O3,池州,86.0
20201111,18,O3_24h,池州,121.0
20201111,18,O3_8h,池州,108.0
20201111,18,O3_8h_24h,池州,108.0
20201111,18,CO,池州,0.45
20201111,18,CO_24h,池州,0.65
20201111,19,AQI,池州,54.0
20201111,19,PM2.5,池州,27.0
20201111,19,PM2.5_24h,池州,48.0
20201111,19,PM10,池州,57.0
20201111,19,PM10_24h,池州,85.0
20201111,19,SO2,池州,16.0
20201111,19,SO2_24h,池州,10.0
20201111,19,NO2,池州,46.0
20201111,19,NO2_24h,池州,25.0
20201111,19,O3,池州,74.0
20201111,19,O3_24h,池州,121.0
20201111,19,O3_8h,池州,106.0
20201111,19,O3_8h_24h,池州,108.0
20201111,19,CO,池州,0.45
20201111,19,CO_24h,池州,0.65
20201111,20,AQI,池州,47.0
20201111,20,PM2.5,池州,21.0
20201111,20,PM2.5_24h,池州,47.0
20201111,20,PM10,池州,47.0
20201111,20,PM10_24h,池州,84.0
20201111,20,SO2,池州,7.0
20201111,20,SO2_24h,池州,10.0
20201111,20,NO2,池州,32.0
20201111,20,NO2_24h,池州,25.0
20201111,20,O3,池州,82.0
20201111,20,O3_24h,池州,121.0
20201111,20,O3_8h,池州,101.0
20201111,20,O3_8h_24h,池州,108.0
20201111,20,CO,池州,0.45
20201111,20,CO_24h,池州,0.65
20201111,21,AQI,池州,45.0
20201111,21,PM2.5,池州,20.0
20201111,21,PM2.5_24h,池州,46.0
20201111,21,PM10,池州,45.0
20201111,21,PM10_24h,池州,82.0
20201111,21,SO2,池州,7.0
20201111,21,SO2_24h,池州,10.0
20201111,21,NO2,池州,30.0
20201111,21,NO2_24h,池州,26.0
20201111,21,O3,池州,75.0
20201111,21,O3_24h,池州,121.0
20201111,21,O3_8h,池州,95.0
20201111,21,O3_8h_24h,池州,108.0
20201111,21,CO,池州,0.5
20201111,21,CO_24h,池州,0.65
20201111,22,AQI,池州,48.0
20201111,22,PM2.5,池州,24.0
20201111,22,PM2.5_24h,池州,46.0
20201111,22,PM10,池州,48.0
20201111,22,PM10_24h,池州,81.0
20201111,22,SO2,池州,8.0
20201111,22,SO2_24h,池州,10.0
20201111,22,NO2,池州,30.0
20201111,22,NO2_24h,池州,26.0
20201111,22,O3,池州,69.0
20201111,22,O3_24h,池州,121.0
20201111,22,O3_8h,池州,89.0
20201111,22,O3_8h_24h,池州,108.0
20201111,22,CO,池州,0.45
20201111,22,CO_24h,池州,0.6
20201111,23,AQI,池州,52.0
20201111,23,PM2.5,池州,27.0
20201111,23,PM2.5_24h,池州,45.0
20201111,23,PM10,池州,53.0
20201111,23,PM10_24h,池州,80.0
20201111,23,SO2,池州,7.0
20201111,23,SO2_24h,池州,10.0
20201111,23,NO2,池州,28.0
20201111,23,NO2_24h,池州,26.0
20201111,23,O3,池州,62.0
20201111,23,O3_24h,池州,121.0
20201111,23,O3_8h,池州,81.0
20201111,23,O3_8h_24h,池州,108.0
20201111,23,CO,池州,0.45
20201111,23,CO_24h,池州,0.6
20201111,0,AQI,宣城,70.0
20201111,0,PM2.5,宣城,51.0
20201111,0,PM2.5_24h,宣城,42.0
20201111,0,PM10,宣城,78.0
20201111,0,PM10_24h,宣城,85.0
20201111,0,SO2,宣城,6.0
20201111,0,SO2_24h,宣城,9.0
20201111,0,NO2,宣城,48.0
20201111,0,NO2_24h,宣城,43.0
20201111,0,O3,宣城,69.0
20201111,0,O3_24h,宣城,128.0
20201111,0,O3_8h,宣城,84.0
20201111,0,O3_8h_24h,宣城,112.0
20201111,0,CO,宣城,0.6
20201111,0,CO_24h,宣城,0.53
20201111,1,AQI,宣城,70.0
20201111,1,PM2.5,宣城,51.0
20201111,1,PM2.5_24h,宣城,43.0
20201111,1,PM10,宣城,77.0
20201111,1,PM10_24h,宣城,84.0
20201111,1,SO2,宣城,6.0
20201111,1,SO2_24h,宣城,9.0
20201111,1,NO2,宣城,50.0
20201111,1,NO2_24h,宣城,44.0
20201111,1,O3,宣城,59.0
20201111,1,O3_24h,宣城,128.0
20201111,1,O3_8h,宣城,59.0
20201111,1,O3_8h_24h,宣城,59.0
20201111,1,CO,宣城,0.57
20201111,1,CO_24h,宣城,0.53
20201111,2,AQI,宣城,75.0
20201111,2,PM2.5,宣城,55.0
20201111,2,PM2.5_24h,宣城,44.0
20201111,2,PM10,宣城,80.0
20201111,2,PM10_24h,宣城,84.0
20201111,2,SO2,宣城,9.0
20201111,2,SO2_24h,宣城,9.0
20201111,2,NO2,宣城,57.0
20201111,2,NO2_24h,宣城,44.0
20201111,2,O3,宣城,46.0
20201111,2,O3_24h,宣城,128.0
20201111,2,O3_8h,宣城,53.0
20201111,2,O3_8h_24h,宣城,59.0
20201111,2,CO,宣城,0.53
20201111,2,CO_24h,宣城,0.53
20201111,3,AQI,宣城,80.0
20201111,3,PM2.5,宣城,59.0
20201111,3,PM2.5_24h,宣城,45.0
20201111,3,PM10,宣城,71.0
20201111,3,PM10_24h,宣城,84.0
20201111,3,SO2,宣城,11.0
20201111,3,SO2_24h,宣城,9.0
20201111,3,NO2,宣城,48.0
20201111,3,NO2_24h,宣城,44.0
20201111,3,O3,宣城,42.0
20201111,3,O3_24h,宣城,128.0
20201111,3,O3_8h,宣城,49.0
20201111,3,O3_8h_24h,宣城,59.0
20201111,3,CO,宣城,0.53
20201111,3,CO_24h,宣城,0.53
20201111,4,AQI,宣城,84.0
20201111,4,PM2.5,宣城,62.0
20201111,4,PM2.5_24h,宣城,45.0
20201111,4,PM10,宣城,68.0
20201111,4,PM10_24h,宣城,83.0
20201111,4,SO2,宣城,11.0
20201111,4,SO2_24h,宣城,9.0
20201111,4,NO2,宣城,60.0
20201111,4,NO2_24h,宣城,44.0
20201111,4,O3,宣城,33.0
20201111,4,O3_24h,宣城,128.0
20201111,4,O3_8h,宣城,45.0
20201111,4,O3_8h_24h,宣城,59.0
20201111,4,CO,宣城,0.57
20201111,4,CO_24h,宣城,0.53
20201111,5,AQI,宣城,78.0
20201111,5,PM2.5,宣城,57.0
20201111,5,PM2.5_24h,宣城,46.0
20201111,5,PM10,宣城,66.0
20201111,5,PM10_24h,宣城,82.0
20201111,5,SO2,宣城,11.0
20201111,5,SO2_24h,宣城,9.0
20201111,5,NO2,宣城,50.0
20201111,5,NO2_24h,宣城,44.0
20201111,5,O3,宣城,40.0
20201111,5,O3_24h,宣城,128.0
20201111,5,O3_8h,宣城,44.0
20201111,5,O3_8h_24h,宣城,59.0
20201111,5,CO,宣城,0.57
20201111,5,CO_24h,宣城,0.53
20201111,6,AQI,宣城,76.0
20201111,6,PM2.5,宣城,56.0
20201111,6,PM2.5_24h,宣城,46.0
20201111,6,PM10,宣城,59.0
20201111,6,PM10_24h,宣城,80.0
20201111,6,SO2,宣城,6.0
20201111,6,SO2_24h,宣城,8.0
20201111,6,NO2,宣城,54.0
20201111,6,NO2_24h,宣城,44.0
20201111,6,O3,宣城,35.0
20201111,6,O3_24h,宣城,128.0
20201111,6,O3_8h,宣城,43.0
20201111,6,O3_8h_24h,宣城,59.0
20201111,6,CO,宣城,0.6
20201111,6,CO_24h,宣城,0.53
20201111,8,AQI,宣城,88.0
20201111,8,PM2.5,宣城,65.0
20201111,8,PM2.5_24h,宣城,46.0
20201111,8,PM10,宣城,71.0
20201111,8,PM10_24h,宣城,79.0
20201111,8,SO2,宣城,7.0
20201111,8,SO2_24h,宣城,8.0
20201111,8,NO2,宣城,56.0
20201111,8,NO2_24h,宣城,44.0
20201111,8,O3,宣城,30.0
20201111,8,O3_24h,宣城,128.0
20201111,8,O3_8h,宣城,41.0
20201111,8,O3_8h_24h,宣城,59.0
20201111,8,CO,宣城,0.63
20201111,8,CO_24h,宣城,0.53
20201111,10,AQI,宣城,69.0
20201111,10,PM2.5,宣城,50.0
20201111,10,PM2.5_24h,宣城,47.0
20201111,10,PM10,宣城,71.0
20201111,10,PM10_24h,宣城,76.0
20201111,10,SO2,宣城,9.0
20201111,10,SO2_24h,宣城,8.0
20201111,10,NO2,宣城,44.0
20201111,10,NO2_24h,宣城,44.0
20201111,10,O3,宣城,48.0
20201111,10,O3_24h,宣城,128.0
20201111,10,O3_8h,宣城,39.0
20201111,10,O3_8h_24h,宣城,59.0
20201111,10,CO,宣城,0.53
20201111,10,CO_24h,宣城,0.53
20201111,11,AQI,宣城,47.0
20201111,11,PM2.5,宣城,23.0
20201111,11,PM2.5_24h,宣城,46.0
20201111,11,PM10,宣城,47.0
20201111,11,PM10_24h,宣城,74.0
20201111,11,SO2,宣城,10.0
20201111,11,SO2_24h,宣城,8.0
20201111,11,NO2,宣城,26.0
20201111,11,NO2_24h,宣城,43.0
20201111,11,O3,宣城,82.0
20201111,11,O3_24h,宣城,128.0
20201111,11,O3_8h,宣城,44.0
20201111,11,O3_8h_24h,宣城,59.0
20201111,11,CO,宣城,0.37
20201111,11,CO_24h,宣城,0.53
20201111,12,AQI,宣城,31.0
20201111,12,PM2.5,宣城,22.0
20201111,12,PM2.5_24h,宣城,45.0
20201111,12,PM10,宣城,31.0
20201111,12,PM10_24h,宣城,71.0
20201111,12,SO2,宣城,9.0
20201111,12,SO2_24h,宣城,8.0
20201111,12,NO2,宣城,20.0
20201111,12,NO2_24h,宣城,42.0
20201111,12,O3,宣城,97.0
20201111,12,O3_24h,宣城,128.0
20201111,12,O3_8h,宣城,52.0
20201111,12,O3_8h_24h,宣城,60.0
20201111,12,CO,宣城,0.37
20201111,12,CO_24h,宣城,0.53
20201111,13,AQI,宣城,37.0
20201111,13,PM2.5,宣城,17.0
20201111,13,PM2.5_24h,宣城,44.0
20201111,13,PM10,宣城,37.0
20201111,13,PM10_24h,宣城,70.0
20201111,13,SO2,宣城,9.0
20201111,13,SO2_24h,宣城,8.0
20201111,13,NO2,宣城,18.0
20201111,13,NO2_24h,宣城,42.0
20201111,13,O3,宣城,110.0
20201111,13,O3_24h,宣城,128.0
20201111,13,O3_8h,宣城,61.0
20201111,13,O3_8h_24h,宣城,64.0
20201111,13,CO,宣城,0.33
20201111,13,CO_24h,宣城,0.53
20201111,14,AQI,宣城,35.0
20201111,14,PM2.5,宣城,14.0
20201111,14,PM2.5_24h,宣城,44.0
20201111,14,PM10,宣城,35.0
20201111,14,PM10_24h,宣城,68.0
20201111,14,SO2,宣城,8.0
20201111,14,SO2_24h,宣城,8.0
20201111,14,NO2,宣城,20.0
20201111,14,NO2_24h,宣城,42.0
20201111,14,O3,宣城,113.0
20201111,14,O3_24h,宣城,128.0
20201111,14,O3_8h,宣城,70.0
20201111,14,O3_8h_24h,宣城,70.0
20201111,14,CO,宣城,0.33
20201111,14,CO_24h,宣城,0.53
20201111,15,AQI,宣城,36.0
20201111,15,PM2.5,宣城,14.0
20201111,15,PM2.5_24h,宣城,43.0
20201111,15,PM10,宣城,36.0
20201111,15,PM10_24h,宣城,67.0
20201111,15,SO2,宣城,8.0
20201111,15,SO2_24h,宣城,8.0
20201111,15,NO2,宣城,20.0
20201111,15,NO2_24h,宣城,42.0
20201111,15,O3,宣城,109.0
20201111,15,O3_24h,宣城,126.0
20201111,15,O3_8h,宣城,79.0
20201111,15,O3_8h_24h,宣城,79.0
20201111,15,CO,宣城,0.3
20201111,15,CO_24h,宣城,0.53
20201111,16,AQI,宣城,38.0
20201111,16,PM2.5,宣城,12.0
20201111,16,PM2.5_24h,宣城,42.0
20201111,16,PM10,宣城,38.0
20201111,16,PM10_24h,宣城,66.0
20201111,16,SO2,宣城,7.0
20201111,16,SO2_24h,宣城,8.0
20201111,16,NO2,宣城,23.0
20201111,16,NO2_24h,宣城,42.0
20201111,16,O3,宣城,107.0
20201111,16,O3_24h,宣城,117.0
20201111,16,O3_8h,宣城,89.0
20201111,16,O3_8h_24h,宣城,89.0
20201111,16,CO,宣城,0.3
20201111,16,CO_24h,宣城,0.5
20201111,17,AQI,宣城,43.0
20201111,17,PM2.5,宣城,15.0
20201111,17,PM2.5_24h,宣城,41.0
20201111,17,PM10,宣城,43.0
20201111,17,PM10_24h,宣城,64.0
20201111,17,SO2,宣城,8.0
20201111,17,SO2_24h,宣城,8.0
20201111,17,NO2,宣城,34.0
20201111,17,NO2_24h,宣城,43.0
20201111,17,O3,宣城,88.0
20201111,17,O3_24h,宣城,114.0
20201111,17,O3_8h,宣城,94.0
20201111,17,O3_8h_24h,宣城,94.0
20201111,17,CO,宣城,0.33
20201111,17,CO_24h,宣城,0.5
20201111,18,AQI,宣城,49.0
20201111,18,PM2.5,宣城,24.0
20201111,18,PM2.5_24h,宣城,41.0
20201111,18,PM10,宣城,49.0
20201111,18,PM10_24h,宣城,63.0
20201111,18,SO2,宣城,7.0
20201111,18,SO2_24h,宣城,8.0
20201111,18,NO2,宣城,57.0
20201111,18,NO2_24h,宣城,43.0
20201111,18,O3,宣城,64.0
20201111,18,O3_24h,宣城,114.0
20201111,18,O3_8h,宣城,96.0
20201111,18,O3_8h_24h,宣城,96.0
20201111,18,CO,宣城,0.4
20201111,18,CO_24h,宣城,0.5
20201111,19,AQI,宣城,53.0
20201111,19,PM2.5,宣城,25.0
20201111,19,PM2.5_24h,宣城,41.0
20201111,19,PM10,宣城,55.0
20201111,19,PM10_24h,宣城,62.0
20201111,19,SO2,宣城,7.0
20201111,19,SO2_24h,宣城,8.0
20201111,19,NO2,宣城,50.0
20201111,19,NO2_24h,宣城,43.0
20201111,19,O3,宣城,70.0
20201111,19,O3_24h,宣城,114.0
20201111,19,O3_8h,宣城,95.0
20201111,19,O3_8h_24h,宣城,96.0
20201111,19,CO,宣城,0.4
20201111,19,CO_24h,宣城,0.5
20201111,20,AQI,宣城,48.0
20201111,20,PM2.5,宣城,29.0
20201111,20,PM2.5_24h,宣城,40.0
20201111,20,PM10,宣城,48.0
20201111,20,PM10_24h,宣城,60.0
20201111,20,SO2,宣城,8.0
20201111,20,SO2_24h,宣城,8.0
20201111,20,NO2,宣城,41.0
20201111,20,NO2_24h,宣城,43.0
20201111,20,O3,宣城,75.0
20201111,20,O3_24h,宣城,114.0
20201111,20,O3_8h,宣城,92.0
20201111,20,O3_8h_24h,宣城,96.0
20201111,20,CO,宣城,0.4
20201111,20,CO_24h,宣城,0.5
20201111,21,AQI,宣城,47.0
20201111,21,PM2.5,宣城,33.0
20201111,21,PM2.5_24h,宣城,40.0
20201111,21,PM10,宣城,47.0
20201111,21,PM10_24h,宣城,58.0
20201111,21,SO2,宣城,8.0
20201111,21,SO2_24h,宣城,8.0
20201111,21,NO2,宣城,44.0
20201111,21,NO2_24h,宣城,42.0
20201111,21,O3,宣城,71.0
20201111,21,O3_24h,宣城,114.0
20201111,21,O3_8h,宣城,87.0
20201111,21,O3_8h_24h,宣城,96.0
20201111,21,CO,宣城,0.43
20201111,21,CO_24h,宣城,0.5
20201111,22,AQI,宣城,50.0
20201111,22,PM2.5,宣城,33.0
20201111,22,PM2.5_24h,宣城,39.0
20201111,22,PM10,宣城,50.0
20201111,22,PM10_24h,宣城,57.0
20201111,22,SO2,宣城,8.0
20201111,22,SO2_24h,宣城,8.0
20201111,22,NO2,宣城,45.0
20201111,22,NO2_24h,宣城,42.0
20201111,22,O3,宣城,75.0
20201111,22,O3_24h,宣城,114.0
20201111,22,O3_8h,宣城,82.0
20201111,22,O3_8h_24h,宣城,96.0
20201111,22,CO,宣城,0.43
20201111,22,CO_24h,宣城,0.5
20201111,23,AQI,宣城,50.0
20201111,23,PM2.5,宣城,35.0
20201111,23,PM2.5_24h,宣城,38.0
20201111,23,PM10,宣城,48.0
20201111,23,PM10_24h,宣城,56.0
20201111,23,SO2,宣城,7.0
20201111,23,SO2_24h,宣城,8.0
20201111,23,NO2,宣城,52.0
20201111,23,NO2_24h,宣城,43.0
20201111,23,O3,宣城,66.0
20201111,23,O3_24h,宣城,114.0
20201111,23,O3_8h,宣城,77.0
20201111,23,O3_8h_24h,宣城,96.0
20201111,23,CO,宣城,0.47
20201111,23,CO_24h,宣城,0.47
20201111,0,AQI,莆田,31.0
20201111,0,PM2.5,莆田,9.0
20201111,0,PM2.5_24h,莆田,13.0
20201111,0,PM10,莆田,24.0
20201111,0,PM10_24h,莆田,48.0
20201111,0,SO2,莆田,5.0
20201111,0,SO2_24h,莆田,6.0
20201111,0,NO2,莆田,8.0
20201111,0,NO2_24h,莆田,11.0
20201111,0,O3,莆田,98.0
20201111,0,O3_24h,莆田,111.0
20201111,0,O3_8h,莆田,97.0
20201111,0,O3_8h_24h,莆田,104.0
20201111,0,CO,莆田,0.37
20201111,0,CO_24h,莆田,0.38
20201111,1,AQI,莆田,30.0
20201111,1,PM2.5,莆田,9.0
20201111,1,PM2.5_24h,莆田,13.0
20201111,1,PM10,莆田,23.0
20201111,1,PM10_24h,莆田,46.0
20201111,1,SO2,莆田,5.0
20201111,1,SO2_24h,莆田,6.0
20201111,1,NO2,莆田,8.0
20201111,1,NO2_24h,莆田,11.0
20201111,1,O3,莆田,96.0
20201111,1,O3_24h,莆田,111.0
20201111,1,O3_8h,莆田,96.0
20201111,1,O3_8h_24h,莆田,96.0
20201111,1,CO,莆田,0.33
20201111,1,CO_24h,莆田,0.38
20201111,2,AQI,莆田,31.0
20201111,2,PM2.5,莆田,9.0
20201111,2,PM2.5_24h,莆田,12.0
20201111,2,PM10,莆田,31.0
20201111,2,PM10_24h,莆田,45.0
20201111,2,SO2,莆田,5.0
20201111,2,SO2_24h,莆田,6.0
20201111,2,NO2,莆田,9.0
20201111,2,NO2_24h,莆田,11.0
20201111,2,O3,莆田,94.0
20201111,2,O3_24h,莆田,111.0
20201111,2,O3_8h,莆田,94.0
20201111,2,O3_8h_24h,莆田,95.0
20201111,2,CO,莆田,0.33
20201111,2,CO_24h,莆田,0.38
20201111,3,AQI,莆田,29.0
20201111,3,PM2.5,莆田,9.0
20201111,3,PM2.5_24h,莆田,12.0
20201111,3,PM10,莆田,26.0
20201111,3,PM10_24h,莆田,44.0
20201111,3,SO2,莆田,5.0
20201111,3,SO2_24h,莆田,5.0
20201111,3,NO2,莆田,9.0
20201111,3,NO2_24h,莆田,10.0
20201111,3,O3,莆田,92.0
20201111,3,O3_24h,莆田,111.0
20201111,3,O3_8h,莆田,94.0
20201111,3,O3_8h_24h,莆田,95.0
20201111,3,CO,莆田,0.33
20201111,3,CO_24h,莆田,0.38
20201111,4,AQI,莆田,28.0
20201111,4,PM2.5,莆田,9.0
20201111,4,PM2.5_24h,莆田,12.0
20201111,4,PM10,莆田,26.0
20201111,4,PM10_24h,莆田,43.0
20201111,4,SO2,莆田,5.0
20201111,4,SO2_24h,莆田,5.0
20201111,4,NO2,莆田,9.0
20201111,4,NO2_24h,莆田,10.0
20201111,4,O3,莆田,90.0
20201111,4,O3_24h,莆田,111.0
20201111,4,O3_8h,莆田,93.0
20201111,4,O3_8h_24h,莆田,95.0
20201111,4,CO,莆田,0.33
20201111,4,CO_24h,莆田,0.38
20201111,5,AQI,莆田,28.0
20201111,5,PM2.5,莆田,9.0
20201111,5,PM2.5_24h,莆田,12.0
20201111,5,PM10,莆田,24.0
20201111,5,PM10_24h,莆田,42.0
20201111,5,SO2,莆田,5.0
20201111,5,SO2_24h,莆田,5.0
20201111,5,NO2,莆田,9.0
20201111,5,NO2_24h,莆田,10.0
20201111,5,O3,莆田,91.0
20201111,5,O3_24h,莆田,111.0
20201111,5,O3_8h,莆田,92.0
20201111,5,O3_8h_24h,莆田,95.0
20201111,5,CO,莆田,0.38
20201111,5,CO_24h,莆田,0.35
20201111,6,AQI,莆田,28.0
20201111,6,PM2.5,莆田,9.0
20201111,6,PM2.5_24h,莆田,11.0
20201111,6,PM10,莆田,23.0
20201111,6,PM10_24h,莆田,33.0
20201111,6,SO2,莆田,4.0
20201111,6,SO2_24h,莆田,5.0
20201111,6,NO2,莆田,8.0
20201111,6,NO2_24h,莆田,10.0
20201111,6,O3,莆田,89.0
20201111,6,O3_24h,莆田,111.0
20201111,6,O3_8h,莆田,93.0
20201111,6,O3_8h_24h,莆田,96.0
20201111,6,CO,莆田,0.37
20201111,6,CO_24h,莆田,0.37
20201111,8,AQI,莆田,27.0
20201111,8,PM2.5,莆田,10.0
20201111,8,PM2.5_24h,莆田,11.0
20201111,8,PM10,莆田,22.0
20201111,8,PM10_24h,莆田,32.0
20201111,8,SO2,莆田,5.0
20201111,8,SO2_24h,莆田,5.0
20201111,8,NO2,莆田,11.0
20201111,8,NO2_24h,莆田,10.0
20201111,8,O3,莆田,87.0
20201111,8,O3_24h,莆田,111.0
20201111,8,O3_8h,莆田,92.0
20201111,8,O3_8h_24h,莆田,96.0
20201111,8,CO,莆田,0.4
20201111,8,CO_24h,莆田,0.37
20201111,10,AQI,莆田,34.0
20201111,10,PM2.5,莆田,9.0
20201111,10,PM2.5_24h,莆田,10.0
20201111,10,PM10,莆田,34.0
20201111,10,PM10_24h,莆田,31.0
20201111,10,SO2,莆田,4.0
20201111,10,SO2_24h,莆田,5.0
20201111,10,NO2,莆田,10.0
20201111,10,NO2_24h,莆田,10.0
20201111,10,O3,莆田,93.0
20201111,10,O3_24h,莆田,111.0
20201111,10,O3_8h,莆田,90.0
20201111,10,O3_8h_24h,莆田,96.0
20201111,10,CO,莆田,0.4
20201111,10,CO_24h,莆田,0.37
20201111,11,AQI,莆田,41.0
20201111,11,PM2.5,莆田,9.0
20201111,11,PM2.5_24h,莆田,11.0
20201111,11,PM10,莆田,41.0
20201111,11,PM10_24h,莆田,39.0
20201111,11,SO2,莆田,5.0
20201111,11,SO2_24h,莆田,5.0
20201111,11,NO2,莆田,10.0
20201111,11,NO2_24h,莆田,10.0
20201111,11,O3,莆田,98.0
20201111,11,O3_24h,莆田,111.0
20201111,11,O3_8h,莆田,91.0
20201111,11,O3_8h_24h,莆田,95.0
20201111,11,CO,莆田,0.4
20201111,11,CO_24h,莆田,0.35
20201111,12,AQI,莆田,59.0
20201111,12,PM2.5,莆田,9.0
20201111,12,PM2.5_24h,莆田,11.0
20201111,12,PM10,莆田,67.0
20201111,12,PM10_24h,莆田,41.0
20201111,12,SO2,莆田,5.0
20201111,12,SO2_24h,莆田,5.0
20201111,12,NO2,莆田,8.0
20201111,12,NO2_24h,莆田,10.0
20201111,12,O3,莆田,105.0
20201111,12,O3_24h,莆田,111.0
20201111,12,O3_8h,莆田,95.0
20201111,12,O3_8h_24h,莆田,97.0
20201111,12,CO,莆田,0.4
20201111,12,CO_24h,莆田,0.35
20201111,13,AQI,莆田,55.0
20201111,13,PM2.5,莆田,8.0
20201111,13,PM2.5_24h,莆田,11.0
20201111,13,PM10,莆田,60.0
20201111,13,PM10_24h,莆田,41.0
20201111,13,SO2,莆田,5.0
20201111,13,SO2_24h,莆田,5.0
20201111,13,NO2,莆田,8.0
20201111,13,NO2_24h,莆田,10.0
20201111,13,O3,莆田,110.0
20201111,13,O3_24h,莆田,111.0
20201111,13,O3_8h,莆田,99.0
20201111,13,O3_8h_24h,莆田,100.0
20201111,13,CO,莆田,0.37
20201111,13,CO_24h,莆田,0.35
20201111,14,AQI,莆田,57.0
20201111,14,PM2.5,莆田,9.0
20201111,14,PM2.5_24h,莆田,10.0
20201111,14,PM10,莆田,63.0
20201111,14,PM10_24h,莆田,42.0
20201111,14,SO2,莆田,5.0
20201111,14,SO2_24h,莆田,5.0
20201111,14,NO2,莆田,8.0
20201111,14,NO2_24h,莆田,10.0
20201111,14,O3,莆田,112.0
20201111,14,O3_24h,莆田,112.0
20201111,14,O3_8h,莆田,101.0
20201111,14,O3_8h_24h,莆田,101.0
20201111,14,CO,莆田,0.3
20201111,14,CO_24h,莆田,0.35
20201111,15,AQI,莆田,43.0
20201111,15,PM2.5,莆田,9.0
20201111,15,PM2.5_24h,莆田,10.0
20201111,15,PM10,莆田,43.0
20201111,15,PM10_24h,莆田,41.0
20201111,15,SO2,莆田,5.0
20201111,15,SO2_24h,莆田,5.0
20201111,15,NO2,莆田,9.0
20201111,15,NO2_24h,莆田,10.0
20201111,15,O3,莆田,112.0
20201111,15,O3_24h,莆田,112.0
20201111,15,O3_8h,莆田,103.0
20201111,15,O3_8h_24h,莆田,103.0
20201111,15,CO,莆田,0.3
20201111,15,CO_24h,莆田,0.35
20201111,16,AQI,莆田,47.0
20201111,16,PM2.5,莆田,9.0
20201111,16,PM2.5_24h,莆田,10.0
20201111,16,PM10,莆田,47.0
20201111,16,PM10_24h,莆田,41.0
20201111,16,SO2,莆田,5.0
20201111,16,SO2_24h,莆田,5.0
20201111,16,NO2,莆田,8.0
20201111,16,NO2_24h,莆田,10.0
20201111,16,O3,莆田,109.0
20201111,16,O3_24h,莆田,112.0
20201111,16,O3_8h,莆田,105.0
20201111,16,O3_8h_24h,莆田,105.0
20201111,16,CO,莆田,0.32
20201111,16,CO_24h,莆田,0.35
20201111,17,AQI,莆田,52.0
20201111,17,PM2.5,莆田,11.0
20201111,17,PM2.5_24h,莆田,10.0
20201111,17,PM10,莆田,54.0
20201111,17,PM10_24h,莆田,42.0
20201111,17,SO2,莆田,5.0
20201111,17,SO2_24h,莆田,5.0
20201111,17,NO2,莆田,10.0
20201111,17,NO2_24h,莆田,10.0
20201111,17,O3,莆田,105.0
20201111,17,O3_24h,莆田,112.0
20201111,17,O3_8h,莆田,106.0
20201111,17,O3_8h_24h,莆田,106.0
20201111,17,CO,莆田,0.35
20201111,17,CO_24h,莆田,0.35
20201111,18,AQI,莆田,55.0
20201111,18,PM2.5,莆田,15.0
20201111,18,PM2.5_24h,莆田,10.0
20201111,18,PM10,莆田,59.0
20201111,18,PM10_24h,莆田,43.0
20201111,18,SO2,莆田,5.0
20201111,18,SO2_24h,莆田,5.0
20201111,18,NO2,莆田,11.0
20201111,18,NO2_24h,莆田,10.0
20201111,18,O3,莆田,103.0
20201111,18,O3_24h,莆田,112.0
20201111,18,O3_8h,莆田,107.0
20201111,18,O3_8h_24h,莆田,107.0
20201111,18,CO,莆田,0.38
20201111,18,CO_24h,莆田,0.38
20201111,19,AQI,莆田,40.0
20201111,19,PM2.5,莆田,13.0
20201111,19,PM2.5_24h,莆田,10.0
20201111,19,PM10,莆田,40.0
20201111,19,PM10_24h,莆田,43.0
20201111,19,SO2,莆田,5.0
20201111,19,SO2_24h,莆田,5.0
20201111,19,NO2,莆田,11.0
20201111,19,NO2_24h,莆田,9.0
20201111,19,O3,莆田,104.0
20201111,19,O3_24h,莆田,112.0
20201111,19,O3_8h,莆田,107.0
20201111,19,O3_8h_24h,莆田,108.0
20201111,19,CO,莆田,0.35
20201111,19,CO_24h,莆田,0.38
20201111,20,AQI,莆田,33.0
20201111,20,PM2.5,莆田,13.0
20201111,20,PM2.5_24h,莆田,11.0
20201111,20,PM10,莆田,32.0
20201111,20,PM10_24h,莆田,42.0
20201111,20,SO2,莆田,5.0
20201111,20,SO2_24h,莆田,5.0
20201111,20,NO2,莆田,10.0
20201111,20,NO2_24h,莆田,9.0
20201111,20,O3,莆田,107.0
20201111,20,O3_24h,莆田,112.0
20201111,20,O3_8h,莆田,108.0
20201111,20,O3_8h_24h,莆田,108.0
20201111,20,CO,莆田,0.35
20201111,20,CO_24h,莆田,0.38
20201111,21,AQI,莆田,34.0
20201111,21,PM2.5,莆田,15.0
20201111,21,PM2.5_24h,莆田,11.0
20201111,21,PM10,莆田,34.0
20201111,21,PM10_24h,莆田,42.0
20201111,21,SO2,莆田,5.0
20201111,21,SO2_24h,莆田,5.0
20201111,21,NO2,莆田,10.0
20201111,21,NO2_24h,莆田,9.0
20201111,21,O3,莆田,109.0
20201111,21,O3_24h,莆田,112.0
20201111,21,O3_8h,莆田,107.0
20201111,21,O3_8h_24h,莆田,108.0
20201111,21,CO,莆田,0.35
20201111,21,CO_24h,莆田,0.38
20201111,22,AQI,莆田,34.0
20201111,22,PM2.5,莆田,15.0
20201111,22,PM2.5_24h,莆田,11.0
20201111,22,PM10,莆田,32.0
20201111,22,PM10_24h,莆田,41.0
20201111,22,SO2,莆田,5.0
20201111,22,SO2_24h,莆田,5.0
20201111,22,NO2,莆田,10.0
20201111,22,NO2_24h,莆田,9.0
20201111,22,O3,莆田,108.0
20201111,22,O3_24h,莆田,112.0
20201111,22,O3_8h,莆田,107.0
20201111,22,O3_8h_24h,莆田,108.0
20201111,22,CO,莆田,0.35
20201111,22,CO_24h,莆田,0.38
20201111,23,AQI,莆田,33.0
20201111,23,PM2.5,莆田,15.0
20201111,23,PM2.5_24h,莆田,11.0
20201111,23,PM10,莆田,31.0
20201111,23,PM10_24h,莆田,41.0
20201111,23,SO2,莆田,5.0
20201111,23,SO2_24h,莆田,5.0
20201111,23,NO2,莆田,10.0
20201111,23,NO2_24h,莆田,9.0
20201111,23,O3,莆田,107.0
20201111,23,O3_24h,莆田,112.0
20201111,23,O3_8h,莆田,107.0
20201111,23,O3_8h_24h,莆田,108.0
20201111,23,CO,莆田,0.35
20201111,23,CO_24h,莆田,0.38
20201111,0,AQI,三明,57.0
20201111,0,PM2.5,三明,33.0
20201111,0,PM2.5_24h,三明,29.0
20201111,0,PM10,三明,63.0
20201111,0,PM10_24h,三明,64.0
20201111,0,SO2,三明,7.0
20201111,0,SO2_24h,三明,9.0
20201111,0,NO2,三明,52.0
20201111,0,NO2_24h,三明,36.0
20201111,0,O3,三明,16.0
20201111,0,O3_24h,三明,120.0
20201111,0,O3_8h,三明,43.0
20201111,0,O3_8h_24h,三明,109.0
20201111,0,CO,三明,0.47
20201111,0,CO_24h,三明,0.47
20201111,1,AQI,三明,53.0
20201111,1,PM2.5,三明,33.0
20201111,1,PM2.5_24h,三明,29.0
20201111,1,PM10,三明,56.0
20201111,1,PM10_24h,三明,64.0
20201111,1,SO2,三明,7.0
20201111,1,SO2_24h,三明,9.0
20201111,1,NO2,三明,48.0
20201111,1,NO2_24h,三明,35.0
20201111,1,O3,三明,16.0
20201111,1,O3_24h,三明,120.0
20201111,1,O3_8h,三明,16.0
20201111,1,O3_8h_24h,三明,16.0
20201111,1,CO,三明,0.53
20201111,1,CO_24h,三明,0.47
20201111,2,AQI,三明,56.0
20201111,2,PM2.5,三明,32.0
20201111,2,PM2.5_24h,三明,29.0
20201111,2,PM10,三明,61.0
20201111,2,PM10_24h,三明,64.0
20201111,2,SO2,三明,8.0
20201111,2,SO2_24h,三明,9.0
20201111,2,NO2,三明,44.0
20201111,2,NO2_24h,三明,35.0
20201111,2,O3,三明,18.0
20201111,2,O3_24h,三明,120.0
20201111,2,O3_8h,三明,17.0
20201111,2,O3_8h_24h,三明,17.0
20201111,2,CO,三明,0.53
20201111,2,CO_24h,三明,0.47
20201111,3,AQI,三明,52.0
20201111,3,PM2.5,三明,31.0
20201111,3,PM2.5_24h,三明,28.0
20201111,3,PM10,三明,53.0
20201111,3,PM10_24h,三明,63.0
20201111,3,SO2,三明,8.0
20201111,3,SO2_24h,三明,9.0
20201111,3,NO2,三明,38.0
20201111,3,NO2_24h,三明,35.0
20201111,3,O3,三明,22.0
20201111,3,O3_24h,三明,120.0
20201111,3,O3_8h,三明,18.0
20201111,3,O3_8h_24h,三明,18.0
20201111,3,CO,三明,0.57
20201111,3,CO_24h,三明,0.47
20201111,4,AQI,三明,51.0
20201111,4,PM2.5,三明,32.0
20201111,4,PM2.5_24h,三明,28.0
20201111,4,PM10,三明,51.0
20201111,4,PM10_24h,三明,63.0
20201111,4,SO2,三明,7.0
20201111,4,SO2_24h,三明,8.0
20201111,4,NO2,三明,34.0
20201111,4,NO2_24h,三明,36.0
20201111,4,O3,三明,23.0
20201111,4,O3_24h,三明,120.0
20201111,4,O3_8h,三明,19.0
20201111,4,O3_8h_24h,三明,19.0
20201111,4,CO,三明,0.53
20201111,4,CO_24h,三明,0.47
20201111,5,AQI,三明,47.0
20201111,5,PM2.5,三明,33.0
20201111,5,PM2.5_24h,三明,28.0
20201111,5,PM10,三明,47.0
20201111,5,PM10_24h,三明,62.0
20201111,5,SO2,三明,9.0
20201111,5,SO2_24h,三明,8.0
20201111,5,NO2,三明,30.0
20201111,5,NO2_24h,三明,35.0
20201111,5,O3,三明,26.0
20201111,5,O3_24h,三明,120.0
20201111,5,O3_8h,三明,21.0
20201111,5,O3_8h_24h,三明,21.0
20201111,5,CO,三明,0.47
20201111,5,CO_24h,三明,0.47
20201111,6,AQI,三明,53.0
20201111,6,PM2.5,三明,35.0
20201111,6,PM2.5_24h,三明,28.0
20201111,6,PM10,三明,56.0
20201111,6,PM10_24h,三明,62.0
20201111,6,SO2,三明,8.0
20201111,6,SO2_24h,三明,8.0
20201111,6,NO2,三明,31.0
20201111,6,NO2_24h,三明,35.0
20201111,6,O3,三明,24.0
20201111,6,O3_24h,三明,120.0
20201111,6,O3_8h,三明,22.0
20201111,6,O3_8h_24h,三明,22.0
20201111,6,CO,三明,0.47
20201111,6,CO_24h,三明,0.47
20201111,8,AQI,三明,54.0
20201111,8,PM2.5,三明,38.0
20201111,8,PM2.5_24h,三明,27.0
20201111,8,PM10,三明,54.0
20201111,8,PM10_24h,三明,60.0
20201111,8,SO2,三明,9.0
20201111,8,SO2_24h,三明,8.0
20201111,8,NO2,三明,40.0
20201111,8,NO2_24h,三明,35.0
20201111,8,O3,三明,18.0
20201111,8,O3_24h,三明,120.0
20201111,8,O3_8h,三明,21.0
20201111,8,O3_8h_24h,三明,22.0
20201111,8,CO,三明,0.7
20201111,8,CO_24h,三明,0.47
20201111,10,AQI,三明,44.0
20201111,10,PM2.5,三明,19.0
20201111,10,PM2.5_24h,三明,27.0
20201111,10,PM10,三明,44.0
20201111,10,PM10_24h,三明,57.0
20201111,10,SO2,三明,7.0
20201111,10,SO2_24h,三明,8.0
20201111,10,NO2,三明,16.0
20201111,10,NO2_24h,三明,34.0
20201111,10,O3,三明,77.0
20201111,10,O3_24h,三明,120.0
20201111,10,O3_8h,三明,33.0
20201111,10,O3_8h_24h,三明,33.0
20201111,10,CO,三明,0.33
20201111,10,CO_24h,三明,0.47
20201111,11,AQI,三明,36.0
20201111,11,PM2.5,三明,15.0
20201111,11,PM2.5_24h,三明,27.0
20201111,11,PM10,三明,36.0
20201111,11,PM10_24h,三明,56.0
20201111,11,SO2,三明,6.0
20201111,11,SO2_24h,三明,8.0
20201111,11,NO2,三明,15.0
20201111,11,NO2_24h,三明,34.0
20201111,11,O3,三明,88.0
20201111,11,O3_24h,三明,120.0
20201111,11,O3_8h,三明,41.0
20201111,11,O3_8h_24h,三明,41.0
20201111,11,CO,三明,0.33
20201111,11,CO_24h,三明,0.47
20201111,12,AQI,三明,32.0
20201111,12,PM2.5,三明,14.0
20201111,12,PM2.5_24h,三明,26.0
20201111,12,PM10,三明,32.0
20201111,12,PM10_24h,三明,55.0
20201111,12,SO2,三明,7.0
20201111,12,SO2_24h,三明,8.0
20201111,12,NO2,三明,13.0
20201111,12,NO2_24h,三明,34.0
20201111,12,O3,三明,96.0
20201111,12,O3_24h,三明,120.0
20201111,12,O3_8h,三明,50.0
20201111,12,O3_8h_24h,三明,50.0
20201111,12,CO,三明,0.3
20201111,12,CO_24h,三明,0.47
20201111,13,AQI,三明,33.0
20201111,13,PM2.5,三明,14.0
20201111,13,PM2.5_24h,三明,26.0
20201111,13,PM10,三明,33.0
20201111,13,PM10_24h,三明,53.0
20201111,13,SO2,三明,8.0
20201111,13,SO2_24h,三明,7.0
20201111,13,NO2,三明,12.0
20201111,13,NO2_24h,三明,34.0
20201111,13,O3,三明,103.0
20201111,13,O3_24h,三明,120.0
20201111,13,O3_8h,三明,60.0
20201111,13,O3_8h_24h,三明,60.0
20201111,13,CO,三明,0.3
20201111,13,CO_24h,三明,0.47
20201111,14,AQI,三明,34.0
20201111,14,PM2.5,三明,13.0
20201111,14,PM2.5_24h,三明,26.0
20201111,14,PM10,三明,30.0
20201111,14,PM10_24h,三明,53.0
20201111,14,SO2,三明,8.0
20201111,14,SO2_24h,三明,7.0
20201111,14,NO2,三明,11.0
20201111,14,NO2_24h,三明,34.0
20201111,14,O3,三明,110.0
20201111,14,O3_24h,三明,116.0
20201111,14,O3_8h,三明,70.0
20201111,14,O3_8h_24h,三明,70.0
20201111,14,CO,三明,0.3
20201111,14,CO_24h,三明,0.47
20201111,15,AQI,三明,35.0
20201111,15,PM2.5,三明,14.0
20201111,15,PM2.5_24h,三明,26.0
20201111,15,PM10,三明,33.0
20201111,15,PM10_24h,三明,52.0
20201111,15,SO2,三明,8.0
20201111,15,SO2_24h,三明,7.0
20201111,15,NO2,三明,12.0
20201111,15,NO2_24h,三明,34.0
20201111,15,O3,三明,113.0
20201111,15,O3_24h,三明,113.0
20201111,15,O3_8h,三明,82.0
20201111,15,O3_8h_24h,三明,82.0
20201111,15,CO,三明,0.3
20201111,15,CO_24h,三明,0.47
20201111,16,AQI,三明,34.0
20201111,16,PM2.5,三明,13.0
20201111,16,PM2.5_24h,三明,26.0
20201111,16,PM10,三明,33.0
20201111,16,PM10_24h,三明,51.0
20201111,16,SO2,三明,7.0
20201111,16,SO2_24h,三明,7.0
20201111,16,NO2,三明,14.0
20201111,16,NO2_24h,三明,34.0
20201111,16,O3,三明,109.0
20201111,16,O3_24h,三明,113.0
20201111,16,O3_8h,三明,94.0
20201111,16,O3_8h_24h,三明,94.0
20201111,16,CO,三明,0.3
20201111,16,CO_24h,三明,0.47
20201111,17,AQI,三明,36.0
20201111,17,PM2.5,三明,14.0
20201111,17,PM2.5_24h,三明,26.0
20201111,17,PM10,三明,36.0
20201111,17,PM10_24h,三明,51.0
20201111,17,SO2,三明,7.0
20201111,17,SO2_24h,三明,8.0
20201111,17,NO2,三明,18.0
20201111,17,NO2_24h,三明,34.0
20201111,17,O3,三明,100.0
20201111,17,O3_24h,三明,113.0
20201111,17,O3_8h,三明,100.0
20201111,17,O3_8h_24h,三明,100.0
20201111,17,CO,三明,0.3
20201111,17,CO_24h,三明,0.47
20201111,18,AQI,三明,40.0
20201111,18,PM2.5,三明,22.0
20201111,18,PM2.5_24h,三明,26.0
20201111,18,PM10,三明,40.0
20201111,18,PM10_24h,三明,50.0
20201111,18,SO2,三明,9.0
20201111,18,SO2_24h,三明,8.0
20201111,18,NO2,三明,26.0
20201111,18,NO2_24h,三明,34.0
20201111,18,O3,三明,86.0
20201111,18,O3_24h,三明,113.0
20201111,18,O3_8h,三明,101.0
20201111,18,O3_8h_24h,三明,101.0
20201111,18,CO,三明,0.5
20201111,18,CO_24h,三明,0.47
20201111,19,AQI,三明,47.0
20201111,19,PM2.5,三明,25.0
20201111,19,PM2.5_24h,三明,26.0
20201111,19,PM10,三明,47.0
20201111,19,PM10_24h,三明,50.0
20201111,19,SO2,三明,8.0
20201111,19,SO2_24h,三明,8.0
20201111,19,NO2,三明,47.0
20201111,19,NO2_24h,三明,34.0
20201111,19,O3,三明,54.0
20201111,19,O3_24h,三明,113.0
20201111,19,O3_8h,三明,96.0
20201111,19,O3_8h_24h,三明,101.0
20201111,19,CO,三明,0.7
20201111,19,CO_24h,三明,0.47
20201111,20,AQI,三明,56.0
20201111,20,PM2.5,三明,27.0
20201111,20,PM2.5_24h,三明,26.0
20201111,20,PM10,三明,61.0
20201111,20,PM10_24h,三明,49.0
20201111,20,SO2,三明,9.0
20201111,20,SO2_24h,三明,8.0
20201111,20,NO2,三明,68.0
20201111,20,NO2_24h,三明,34.0
20201111,20,O3,三明,21.0
20201111,20,O3_24h,三明,113.0
20201111,20,O3_8h,三明,87.0
20201111,20,O3_8h_24h,三明,101.0
20201111,20,CO,三明,0.67
20201111,20,CO_24h,三明,0.47
20201111,21,AQI,三明,57.0
20201111,21,PM2.5,三明,24.0
20201111,21,PM2.5_24h,三明,25.0
20201111,21,PM10,三明,63.0
20201111,21,PM10_24h,三明,49.0
20201111,21,SO2,三明,7.0
20201111,21,SO2_24h,三明,8.0
20201111,21,NO2,三明,67.0
20201111,21,NO2_24h,三明,34.0
20201111,21,O3,三明,14.0
20201111,21,O3_24h,三明,113.0
20201111,21,O3_8h,三明,75.0
20201111,21,O3_8h_24h,三明,101.0
20201111,21,CO,三明,0.53
20201111,21,CO_24h,三明,0.47
20201111,22,AQI,三明,52.0
20201111,22,PM2.5,三明,25.0
20201111,22,PM2.5_24h,三明,25.0
20201111,22,PM10,三明,54.0
20201111,22,PM10_24h,三明,48.0
20201111,22,SO2,三明,6.0
20201111,22,SO2_24h,三明,8.0
20201111,22,NO2,三明,65.0
20201111,22,NO2_24h,三明,34.0
20201111,22,O3,三明,12.0
20201111,22,O3_24h,三明,113.0
20201111,22,O3_8h,三明,63.0
20201111,22,O3_8h_24h,三明,101.0
20201111,22,CO,三明,0.57
20201111,22,CO_24h,三明,0.47
20201111,23,AQI,三明,51.0
20201111,23,PM2.5,三明,25.0
20201111,23,PM2.5_24h,三明,25.0
20201111,23,PM10,三明,52.0
20201111,23,PM10_24h,三明,47.0
20201111,23,SO2,三明,7.0
20201111,23,SO2_24h,三明,8.0
20201111,23,NO2,三明,51.0
20201111,23,NO2_24h,三明,34.0
20201111,23,O3,三明,23.0
20201111,23,O3_24h,三明,113.0
20201111,23,O3_8h,三明,52.0
20201111,23,O3_8h_24h,三明,101.0
20201111,23,CO,三明,0.5
20201111,23,CO_24h,三明,0.47
20201111,0,AQI,南平,52.0
20201111,0,PM2.5,南平,32.0
20201111,0,PM2.5_24h,南平,29.0
20201111,0,PM10,南平,54.0
20201111,0,PM10_24h,南平,61.0
20201111,0,SO2,南平,12.0
20201111,0,SO2_24h,南平,9.0
20201111,0,NO2,南平,42.0
20201111,0,NO2_24h,南平,26.0
20201111,0,O3,南平,22.0
20201111,0,O3_24h,南平,120.0
20201111,0,O3_8h,南平,48.0
20201111,0,O3_8h_24h,南平,112.0
20201111,0,CO,南平,0.57
20201111,0,CO_24h,南平,0.53
20201111,1,AQI,南平,51.0
20201111,1,PM2.5,南平,30.0
20201111,1,PM2.5_24h,南平,29.0
20201111,1,PM10,南平,52.0
20201111,1,PM10_24h,南平,61.0
20201111,1,SO2,南平,13.0
20201111,1,SO2_24h,南平,10.0
20201111,1,NO2,南平,38.0
20201111,1,NO2_24h,南平,27.0
20201111,1,O3,南平,26.0
20201111,1,O3_24h,南平,120.0
20201111,1,O3_8h,南平,26.0
20201111,1,O3_8h_24h,南平,26.0
20201111,1,CO,南平,0.57
20201111,1,CO_24h,南平,0.53
20201111,2,AQI,南平,47.0
20201111,2,PM2.5,南平,29.0
20201111,2,PM2.5_24h,南平,29.0
20201111,2,PM10,南平,47.0
20201111,2,PM10_24h,南平,61.0
20201111,2,SO2,南平,13.0
20201111,2,SO2_24h,南平,10.0
20201111,2,NO2,南平,33.0
20201111,2,NO2_24h,南平,27.0
20201111,2,O3,南平,31.0
20201111,2,O3_24h,南平,120.0
20201111,2,O3_8h,南平,29.0
20201111,2,O3_8h_24h,南平,29.0
20201111,2,CO,南平,0.53
20201111,2,CO_24h,南平,0.53
20201111,3,AQI,南平,43.0
20201111,3,PM2.5,南平,29.0
20201111,3,PM2.5_24h,南平,29.0
20201111,3,PM10,南平,43.0
20201111,3,PM10_24h,南平,60.0
20201111,3,SO2,南平,13.0
20201111,3,SO2_24h,南平,10.0
20201111,3,NO2,南平,30.0
20201111,3,NO2_24h,南平,27.0
20201111,3,O3,南平,31.0
20201111,3,O3_24h,南平,120.0
20201111,3,O3_8h,南平,29.0
20201111,3,O3_8h_24h,南平,30.0
20201111,3,CO,南平,0.5
20201111,3,CO_24h,南平,0.53
20201111,4,AQI,南平,40.0
20201111,4,PM2.5,南平,28.0
20201111,4,PM2.5_24h,南平,29.0
20201111,4,PM10,南平,40.0
20201111,4,PM10_24h,南平,60.0
20201111,4,SO2,南平,14.0
20201111,4,SO2_24h,南平,11.0
20201111,4,NO2,南平,29.0
20201111,4,NO2_24h,南平,27.0
20201111,4,O3,南平,27.0
20201111,4,O3_24h,南平,120.0
20201111,4,O3_8h,南平,29.0
20201111,4,O3_8h_24h,南平,30.0
20201111,4,CO,南平,0.5
20201111,4,CO_24h,南平,0.53
20201111,5,AQI,南平,40.0
20201111,5,PM2.5,南平,28.0
20201111,5,PM2.5_24h,南平,29.0
20201111,5,PM10,南平,39.0
20201111,5,PM10_24h,南平,59.0
20201111,5,SO2,南平,12.0
20201111,5,SO2_24h,南平,11.0
20201111,5,NO2,南平,29.0
20201111,5,NO2_24h,南平,28.0
20201111,5,O3,南平,23.0
20201111,5,O3_24h,南平,120.0
20201111,5,O3_8h,南平,28.0
20201111,5,O3_8h_24h,南平,30.0
20201111,5,CO,南平,0.43
20201111,5,CO_24h,南平,0.53
20201111,6,AQI,南平,39.0
20201111,6,PM2.5,南平,27.0
20201111,6,PM2.5_24h,南平,29.0
20201111,6,PM10,南平,32.0
20201111,6,PM10_24h,南平,58.0
20201111,6,SO2,南平,9.0
20201111,6,SO2_24h,南平,10.0
20201111,6,NO2,南平,25.0
20201111,6,NO2_24h,南平,28.0
20201111,6,O3,南平,24.0
20201111,6,O3_24h,南平,120.0
20201111,6,O3_8h,南平,27.0
20201111,6,O3_8h_24h,南平,30.0
20201111,6,CO,南平,0.43
20201111,6,CO_24h,南平,0.53
20201111,8,AQI,南平,40.0
20201111,8,PM2.5,南平,28.0
20201111,8,PM2.5_24h,南平,28.0
20201111,8,PM10,南平,32.0
20201111,8,PM10_24h,南平,57.0
20201111,8,SO2,南平,11.0
20201111,8,SO2_24h,南平,10.0
20201111,8,NO2,南平,25.0
20201111,8,NO2_24h,南平,28.0
20201111,8,O3,南平,18.0
20201111,8,O3_24h,南平,120.0
20201111,8,O3_8h,南平,25.0
20201111,8,O3_8h_24h,南平,30.0
20201111,8,CO,南平,0.53
20201111,8,CO_24h,南平,0.53
20201111,10,AQI,南平,50.0
20201111,10,PM2.5,南平,26.0
20201111,10,PM2.5_24h,南平,28.0
20201111,10,PM10,南平,50.0
20201111,10,PM10_24h,南平,54.0
20201111,10,SO2,南平,22.0
20201111,10,SO2_24h,南平,10.0
20201111,10,NO2,南平,19.0
20201111,10,NO2_24h,南平,27.0
20201111,10,O3,南平,58.0
20201111,10,O3_24h,南平,120.0
20201111,10,O3_8h,南平,29.0
20201111,10,O3_8h_24h,南平,32.0
20201111,10,CO,南平,0.57
20201111,10,CO_24h,南平,0.53
20201111,11,AQI,南平,46.0
20201111,11,PM2.5,南平,18.0
20201111,11,PM2.5_24h,南平,28.0
20201111,11,PM10,南平,46.0
20201111,11,PM10_24h,南平,53.0
20201111,11,SO2,南平,11.0
20201111,11,SO2_24h,南平,10.0
20201111,11,NO2,南平,11.0
20201111,11,NO2_24h,南平,27.0
20201111,11,O3,南平,90.0
20201111,11,O3_24h,南平,120.0
20201111,11,O3_8h,南平,34.0
20201111,11,O3_8h_24h,南平,34.0
20201111,11,CO,南平,0.37
20201111,11,CO_24h,南平,0.53
20201111,12,AQI,南平,41.0
20201111,12,PM2.5,南平,12.0
20201111,12,PM2.5_24h,南平,27.0
20201111,12,PM10,南平,41.0
20201111,12,PM10_24h,南平,51.0
20201111,12,SO2,南平,12.0
20201111,12,SO2_24h,南平,10.0
20201111,12,NO2,南平,10.0
20201111,12,NO2_24h,南平,27.0
20201111,12,O3,南平,96.0
20201111,12,O3_24h,南平,120.0
20201111,12,O3_8h,南平,43.0
20201111,12,O3_8h_24h,南平,43.0
20201111,12,CO,南平,0.35
20201111,12,CO_24h,南平,0.53
20201111,13,AQI,南平,36.0
20201111,13,PM2.5,南平,11.0
20201111,13,PM2.5_24h,南平,27.0
20201111,13,PM10,南平,36.0
20201111,13,PM10_24h,南平,50.0
20201111,13,SO2,南平,8.0
20201111,13,SO2_24h,南平,10.0
20201111,13,NO2,南平,9.0
20201111,13,NO2_24h,南平,28.0
20201111,13,O3,南平,104.0
20201111,13,O3_24h,南平,120.0
20201111,13,O3_8h,南平,54.0
20201111,13,O3_8h_24h,南平,54.0
20201111,13,CO,南平,0.3
20201111,13,CO_24h,南平,0.53
20201111,14,AQI,南平,34.0
20201111,14,PM2.5,南平,11.0
20201111,14,PM2.5_24h,南平,26.0
20201111,14,PM10,南平,33.0
20201111,14,PM10_24h,南平,49.0
20201111,14,SO2,南平,10.0
20201111,14,SO2_24h,南平,11.0
20201111,14,NO2,南平,8.0
20201111,14,NO2_24h,南平,27.0
20201111,14,O3,南平,109.0
20201111,14,O3_24h,南平,119.0
20201111,14,O3_8h,南平,65.0
20201111,14,O3_8h_24h,南平,65.0
20201111,14,CO,南平,0.33
20201111,14,CO_24h,南平,0.53
20201111,15,AQI,南平,34.0
20201111,15,PM2.5,南平,10.0
20201111,15,PM2.5_24h,南平,26.0
20201111,15,PM10,南平,29.0
20201111,15,PM10_24h,南平,48.0
20201111,15,SO2,南平,6.0
20201111,15,SO2_24h,南平,11.0
20201111,15,NO2,南平,9.0
20201111,15,NO2_24h,南平,27.0
20201111,15,O3,南平,109.0
20201111,15,O3_24h,南平,118.0
20201111,15,O3_8h,南平,76.0
20201111,15,O3_8h_24h,南平,76.0
20201111,15,CO,南平,0.3
20201111,15,CO_24h,南平,0.53
20201111,16,AQI,南平,45.0
20201111,16,PM2.5,南平,12.0
20201111,16,PM2.5_24h,南平,25.0
20201111,16,PM10,南平,45.0
20201111,16,PM10_24h,南平,47.0
20201111,16,SO2,南平,7.0
20201111,16,SO2_24h,南平,11.0
20201111,16,NO2,南平,15.0
20201111,16,NO2_24h,南平,27.0
20201111,16,O3,南平,103.0
20201111,16,O3_24h,南平,116.0
20201111,16,O3_8h,南平,88.0
20201111,16,O3_8h_24h,南平,88.0
20201111,16,CO,南平,0.27
20201111,16,CO_24h,南平,0.53
20201111,17,AQI,南平,36.0
20201111,17,PM2.5,南平,14.0
20201111,17,PM2.5_24h,南平,25.0
20201111,17,PM10,南平,36.0
20201111,17,PM10_24h,南平,46.0
20201111,17,SO2,南平,5.0
20201111,17,SO2_24h,南平,11.0
20201111,17,NO2,南平,18.0
20201111,17,NO2_24h,南平,28.0
20201111,17,O3,南平,95.0
20201111,17,O3_24h,南平,110.0
20201111,17,O3_8h,南平,96.0
20201111,17,O3_8h_24h,南平,96.0
20201111,17,CO,南平,0.33
20201111,17,CO_24h,南平,0.53
20201111,18,AQI,南平,45.0
20201111,18,PM2.5,南平,24.0
20201111,18,PM2.5_24h,南平,25.0
20201111,18,PM10,南平,45.0
20201111,18,PM10_24h,南平,46.0
20201111,18,SO2,南平,5.0
20201111,18,SO2_24h,南平,11.0
20201111,18,NO2,南平,37.0
20201111,18,NO2_24h,南平,28.0
20201111,18,O3,南平,59.0
20201111,18,O3_24h,南平,110.0
20201111,18,O3_8h,南平,96.0
20201111,18,O3_8h_24h,南平,96.0
20201111,18,CO,南平,0.7
20201111,18,CO_24h,南平,0.53
20201111,19,AQI,南平,50.0
20201111,19,PM2.5,南平,31.0
20201111,19,PM2.5_24h,南平,25.0
20201111,19,PM10,南平,50.0
20201111,19,PM10_24h,南平,45.0
20201111,19,SO2,南平,7.0
20201111,19,SO2_24h,南平,11.0
20201111,19,NO2,南平,47.0
20201111,19,NO2_24h,南平,28.0
20201111,19,O3,南平,38.0
20201111,19,O3_24h,南平,110.0
20201111,19,O3_8h,南平,89.0
20201111,19,O3_8h_24h,南平,96.0
20201111,19,CO,南平,0.77
20201111,19,CO_24h,南平,0.53
20201111,20,AQI,南平,49.0
20201111,20,PM2.5,南平,30.0
20201111,20,PM2.5_24h,南平,24.0
20201111,20,PM10,南平,49.0
20201111,20,PM10_24h,南平,44.0
20201111,20,SO2,南平,6.0
20201111,20,SO2_24h,南平,11.0
20201111,20,NO2,南平,45.0
20201111,20,NO2_24h,南平,28.0
20201111,20,O3,南平,31.0
20201111,20,O3_24h,南平,110.0
20201111,20,O3_8h,南平,81.0
20201111,20,O3_8h_24h,南平,96.0
20201111,20,CO,南平,0.73
20201111,20,CO_24h,南平,0.53
20201111,21,AQI,南平,46.0
20201111,21,PM2.5,南平,28.0
20201111,21,PM2.5_24h,南平,24.0
20201111,21,PM10,南平,46.0
20201111,21,PM10_24h,南平,43.0
20201111,21,SO2,南平,9.0
20201111,21,SO2_24h,南平,11.0
20201111,21,NO2,南平,45.0
20201111,21,NO2_24h,南平,28.0
20201111,21,O3,南平,24.0
20201111,21,O3_24h,南平,110.0
20201111,21,O3_8h,南平,71.0
20201111,21,O3_8h_24h,南平,96.0
20201111,21,CO,南平,0.67
20201111,21,CO_24h,南平,0.53
20201111,22,AQI,南平,41.0
20201111,22,PM2.5,南平,26.0
20201111,22,PM2.5_24h,南平,24.0
20201111,22,PM10,南平,41.0
20201111,22,PM10_24h,南平,42.0
20201111,22,SO2,南平,12.0
20201111,22,SO2_24h,南平,11.0
20201111,22,NO2,南平,38.0
20201111,22,NO2_24h,南平,27.0
20201111,22,O3,南平,29.0
20201111,22,O3_24h,南平,110.0
20201111,22,O3_8h,南平,61.0
20201111,22,O3_8h_24h,南平,96.0
20201111,22,CO,南平,0.6
20201111,22,CO_24h,南平,0.53
20201111,23,AQI,南平,37.0
20201111,23,PM2.5,南平,24.0
20201111,23,PM2.5_24h,南平,23.0
20201111,23,PM10,南平,37.0
20201111,23,PM10_24h,南平,41.0
20201111,23,SO2,南平,14.0
20201111,23,SO2_24h,南平,11.0
20201111,23,NO2,南平,37.0
20201111,23,NO2_24h,南平,27.0
20201111,23,O3,南平,29.0
20201111,23,O3_24h,南平,110.0
20201111,23,O3_8h,南平,51.0
20201111,23,O3_8h_24h,南平,96.0
20201111,23,CO,南平,0.6
20201111,23,CO_24h,南平,0.53
20201111,0,AQI,龙岩,35.0
20201111,0,PM2.5,龙岩,18.0
20201111,0,PM2.5_24h,龙岩,17.0
20201111,0,PM10,龙岩,35.0
20201111,0,PM10_24h,龙岩,53.0
20201111,0,SO2,龙岩,12.0
20201111,0,SO2_24h,龙岩,10.0
20201111,0,NO2,龙岩,27.0
20201111,0,NO2_24h,龙岩,20.0
20201111,0,O3,龙岩,69.0
20201111,0,O3_24h,龙岩,119.0
20201111,0,O3_8h,龙岩,80.0
20201111,0,O3_8h_24h,龙岩,111.0
20201111,0,CO,龙岩,0.37
20201111,0,CO_24h,龙岩,0.33
20201111,1,AQI,龙岩,36.0
20201111,1,PM2.5,龙岩,17.0
20201111,1,PM2.5_24h,龙岩,17.0
20201111,1,PM10,龙岩,36.0
20201111,1,PM10_24h,龙岩,52.0
20201111,1,SO2,龙岩,13.0
20201111,1,SO2_24h,龙岩,10.0
20201111,1,NO2,龙岩,25.0
20201111,1,NO2_24h,龙岩,20.0
20201111,1,O3,龙岩,73.0
20201111,1,O3_24h,龙岩,119.0
20201111,1,O3_8h,龙岩,73.0
20201111,1,O3_8h_24h,龙岩,73.0
20201111,1,CO,龙岩,0.33
20201111,1,CO_24h,龙岩,0.33
20201111,2,AQI,龙岩,34.0
20201111,2,PM2.5,龙岩,16.0
20201111,2,PM2.5_24h,龙岩,17.0
20201111,2,PM10,龙岩,34.0
20201111,2,PM10_24h,龙岩,51.0
20201111,2,SO2,龙岩,10.0
20201111,2,SO2_24h,龙岩,10.0
20201111,2,NO2,龙岩,14.0
20201111,2,NO2_24h,龙岩,20.0
20201111,2,O3,龙岩,85.0
20201111,2,O3_24h,龙岩,119.0
20201111,2,O3_8h,龙岩,79.0
20201111,2,O3_8h_24h,龙岩,79.0
20201111,2,CO,龙岩,0.27
20201111,2,CO_24h,龙岩,0.33
20201111,3,AQI,龙岩,30.0
20201111,3,PM2.5,龙岩,15.0
20201111,3,PM2.5_24h,龙岩,17.0
20201111,3,PM10,龙岩,30.0
20201111,3,PM10_24h,龙岩,50.0
20201111,3,SO2,龙岩,9.0
20201111,3,SO2_24h,龙岩,10.0
20201111,3,NO2,龙岩,12.0
20201111,3,NO2_24h,龙岩,20.0
20201111,3,O3,龙岩,85.0
20201111,3,O3_24h,龙岩,119.0
20201111,3,O3_8h,龙岩,81.0
20201111,3,O3_8h_24h,龙岩,81.0
20201111,3,CO,龙岩,0.27
20201111,3,CO_24h,龙岩,0.37
20201111,4,AQI,龙岩,29.0
20201111,4,PM2.5,龙岩,15.0
20201111,4,PM2.5_24h,龙岩,17.0
20201111,4,PM10,龙岩,29.0
20201111,4,PM10_24h,龙岩,49.0
20201111,4,SO2,龙岩,9.0
20201111,4,SO2_24h,龙岩,10.0
20201111,4,NO2,龙岩,14.0
20201111,4,NO2_24h,龙岩,20.0
20201111,4,O3,龙岩,81.0
20201111,4,O3_24h,龙岩,119.0
20201111,4,O3_8h,龙岩,81.0
20201111,4,O3_8h_24h,龙岩,82.0
20201111,4,CO,龙岩,0.27
20201111,4,CO_24h,龙岩,0.37
20201111,5,AQI,龙岩,29.0
20201111,5,PM2.5,龙岩,15.0
20201111,5,PM2.5_24h,龙岩,17.0
20201111,5,PM10,龙岩,29.0
20201111,5,PM10_24h,龙岩,47.0
20201111,5,SO2,龙岩,10.0
20201111,5,SO2_24h,龙岩,10.0
20201111,5,NO2,龙岩,19.0
20201111,5,NO2_24h,龙岩,21.0
20201111,5,O3,龙岩,75.0
20201111,5,O3_24h,龙岩,119.0
20201111,5,O3_8h,龙岩,80.0
20201111,5,O3_8h_24h,龙岩,82.0
20201111,5,CO,龙岩,0.27
20201111,5,CO_24h,龙岩,0.37
20201111,6,AQI,龙岩,23.0
20201111,6,PM2.5,龙岩,15.0
20201111,6,PM2.5_24h,龙岩,17.0
20201111,6,PM10,龙岩,23.0
20201111,6,PM10_24h,龙岩,46.0
20201111,6,SO2,龙岩,9.0
20201111,6,SO2_24h,龙岩,10.0
20201111,6,NO2,龙岩,20.0
20201111,6,NO2_24h,龙岩,20.0
20201111,6,O3,龙岩,71.0
20201111,6,O3_24h,龙岩,119.0
20201111,6,O3_8h,龙岩,78.0
20201111,6,O3_8h_24h,龙岩,82.0
20201111,6,CO,龙岩,0.27
20201111,6,CO_24h,龙岩,0.37
20201111,8,AQI,龙岩,26.0
20201111,8,PM2.5,龙岩,14.0
20201111,8,PM2.5_24h,龙岩,16.0
20201111,8,PM10,龙岩,26.0
20201111,8,PM10_24h,龙岩,43.0
20201111,8,SO2,龙岩,9.0
20201111,8,SO2_24h,龙岩,10.0
20201111,8,NO2,龙岩,24.0
20201111,8,NO2_24h,龙岩,20.0
20201111,8,O3,龙岩,69.0
20201111,8,O3_24h,龙岩,119.0
20201111,8,O3_8h,龙岩,76.0
20201111,8,O3_8h_24h,龙岩,82.0
20201111,8,CO,龙岩,0.37
20201111,8,CO_24h,龙岩,0.33
20201111,10,AQI,龙岩,32.0
20201111,10,PM2.5,龙岩,9.0
20201111,10,PM2.5_24h,龙岩,15.0
20201111,10,PM10,龙岩,32.0
20201111,10,PM10_24h,龙岩,39.0
20201111,10,SO2,龙岩,6.0
20201111,10,SO2_24h,龙岩,10.0
20201111,10,NO2,龙岩,11.0
20201111,10,NO2_24h,龙岩,20.0
20201111,10,O3,龙岩,92.0
20201111,10,O3_24h,龙岩,119.0
20201111,10,O3_8h,龙岩,78.0
20201111,10,O3_8h_24h,龙岩,82.0
20201111,10,CO,龙岩,0.3
20201111,10,CO_24h,龙岩,0.33
20201111,11,AQI,龙岩,29.0
20201111,11,PM2.5,龙岩,10.0
20201111,11,PM2.5_24h,龙岩,15.0
20201111,11,PM10,龙岩,28.0
20201111,11,PM10_24h,龙岩,38.0
20201111,11,SO2,龙岩,6.0
20201111,11,SO2_24h,龙岩,9.0
20201111,11,NO2,龙岩,11.0
20201111,11,NO2_24h,龙岩,20.0
20201111,11,O3,龙岩,94.0
20201111,11,O3_24h,龙岩,119.0
20201111,11,O3_8h,龙岩,80.0
20201111,11,O3_8h_24h,龙岩,82.0
20201111,11,CO,龙岩,0.2
20201111,11,CO_24h,龙岩,0.33
20201111,12,AQI,龙岩,31.0
20201111,12,PM2.5,龙岩,11.0
20201111,12,PM2.5_24h,龙岩,15.0
20201111,12,PM10,龙岩,30.0
20201111,12,PM10_24h,龙岩,37.0
20201111,12,SO2,龙岩,6.0
20201111,12,SO2_24h,龙岩,9.0
20201111,12,NO2,龙岩,11.0
20201111,12,NO2_24h,龙岩,20.0
20201111,12,O3,龙岩,98.0
20201111,12,O3_24h,龙岩,119.0
20201111,12,O3_8h,龙岩,82.0
20201111,12,O3_8h_24h,龙岩,83.0
20201111,12,CO,龙岩,0.2
20201111,12,CO_24h,龙岩,0.33
20201111,13,AQI,龙岩,34.0
20201111,13,PM2.5,龙岩,10.0
20201111,13,PM2.5_24h,龙岩,15.0
20201111,13,PM10,龙岩,34.0
20201111,13,PM10_24h,龙岩,36.0
20201111,13,SO2,龙岩,6.0
20201111,13,SO2_24h,龙岩,9.0
20201111,13,NO2,龙岩,11.0
20201111,13,NO2_24h,龙岩,19.0
20201111,13,O3,龙岩,102.0
20201111,13,O3_24h,龙岩,119.0
20201111,13,O3_8h,龙岩,86.0
20201111,13,O3_8h_24h,龙岩,86.0
20201111,13,CO,龙岩,0.23
20201111,13,CO_24h,龙岩,0.33
20201111,14,AQI,龙岩,33.0
20201111,14,PM2.5,龙岩,9.0
20201111,14,PM2.5_24h,龙岩,14.0
20201111,14,PM10,龙岩,28.0
20201111,14,PM10_24h,龙岩,35.0
20201111,14,SO2,龙岩,5.0
20201111,14,SO2_24h,龙岩,9.0
20201111,14,NO2,龙岩,10.0
20201111,14,NO2_24h,龙岩,19.0
20201111,14,O3,龙岩,106.0
20201111,14,O3_24h,龙岩,115.0
20201111,14,O3_8h,龙岩,90.0
20201111,14,O3_8h_24h,龙岩,90.0
20201111,14,CO,龙岩,0.2
20201111,14,CO_24h,龙岩,0.33
20201111,15,AQI,龙岩,33.0
20201111,15,PM2.5,龙岩,8.0
20201111,15,PM2.5_24h,龙岩,14.0
20201111,15,PM10,龙岩,31.0
20201111,15,PM10_24h,龙岩,35.0
20201111,15,SO2,龙岩,5.0
20201111,15,SO2_24h,龙岩,9.0
20201111,15,NO2,龙岩,11.0
20201111,15,NO2_24h,龙岩,19.0
20201111,15,O3,龙岩,105.0
20201111,15,O3_24h,龙岩,110.0
20201111,15,O3_8h,龙岩,94.0
20201111,15,O3_8h_24h,龙岩,94.0
20201111,15,CO,龙岩,0.2
20201111,15,CO_24h,龙岩,0.3
20201111,16,AQI,龙岩,35.0
20201111,16,PM2.5,龙岩,10.0
20201111,16,PM2.5_24h,龙岩,14.0
20201111,16,PM10,龙岩,35.0
20201111,16,PM10_24h,龙岩,34.0
20201111,16,SO2,龙岩,6.0
20201111,16,SO2_24h,龙岩,9.0
20201111,16,NO2,龙岩,14.0
20201111,16,NO2_24h,龙岩,19.0
20201111,16,O3,龙岩,103.0
20201111,16,O3_24h,龙岩,109.0
20201111,16,O3_8h,龙岩,99.0
20201111,16,O3_8h_24h,龙岩,99.0
20201111,16,CO,龙岩,0.2
20201111,16,CO_24h,龙岩,0.3
20201111,17,AQI,龙岩,36.0
20201111,17,PM2.5,龙岩,10.0
20201111,17,PM2.5_24h,龙岩,14.0
20201111,17,PM10,龙岩,36.0
20201111,17,PM10_24h,龙岩,33.0
20201111,17,SO2,龙岩,6.0
20201111,17,SO2_24h,龙岩,9.0
20201111,17,NO2,龙岩,17.0
20201111,17,NO2_24h,龙岩,19.0
20201111,17,O3,龙岩,97.0
20201111,17,O3_24h,龙岩,106.0
20201111,17,O3_8h,龙岩,100.0
20201111,17,O3_8h_24h,龙岩,100.0
20201111,17,CO,龙岩,0.23
20201111,17,CO_24h,龙岩,0.3
20201111,18,AQI,龙岩,36.0
20201111,18,PM2.5,龙岩,13.0
20201111,18,PM2.5_24h,龙岩,14.0
20201111,18,PM10,龙岩,36.0
20201111,18,PM10_24h,龙岩,33.0
20201111,18,SO2,龙岩,7.0
20201111,18,SO2_24h,龙岩,9.0
20201111,18,NO2,龙岩,25.0
20201111,18,NO2_24h,龙岩,19.0
20201111,18,O3,龙岩,85.0
20201111,18,O3_24h,龙岩,106.0
20201111,18,O3_8h,龙岩,99.0
20201111,18,O3_8h_24h,龙岩,100.0
20201111,18,CO,龙岩,0.37
20201111,18,CO_24h,龙岩,0.3
20201111,19,AQI,龙岩,39.0
20201111,19,PM2.5,龙岩,22.0
20201111,19,PM2.5_24h,龙岩,14.0
20201111,19,PM10,龙岩,39.0
20201111,19,PM10_24h,龙岩,33.0
20201111,19,SO2,龙岩,8.0
20201111,19,SO2_24h,龙岩,9.0
20201111,19,NO2,龙岩,46.0
20201111,19,NO2_24h,龙岩,20.0
20201111,19,O3,龙岩,58.0
20201111,19,O3_24h,龙岩,106.0
20201111,19,O3_8h,龙岩,94.0
20201111,19,O3_8h_24h,龙岩,100.0
20201111,19,CO,龙岩,0.57
20201111,19,CO_24h,龙岩,0.3
20201111,20,AQI,龙岩,46.0
20201111,20,PM2.5,龙岩,18.0
20201111,20,PM2.5_24h,龙岩,14.0
20201111,20,PM10,龙岩,46.0
20201111,20,PM10_24h,龙岩,33.0
20201111,20,SO2,龙岩,10.0
20201111,20,SO2_24h,龙岩,8.0
20201111,20,NO2,龙岩,43.0
20201111,20,NO2_24h,龙岩,21.0
20201111,20,O3,龙岩,55.0
20201111,20,O3_24h,龙岩,106.0
20201111,20,O3_8h,龙岩,89.0
20201111,20,O3_8h_24h,龙岩,100.0
20201111,20,CO,龙岩,0.4
20201111,20,CO_24h,龙岩,0.3
20201111,21,AQI,龙岩,35.0
20201111,21,PM2.5,龙岩,15.0
20201111,21,PM2.5_24h,龙岩,14.0
20201111,21,PM10,龙岩,35.0
20201111,21,PM10_24h,龙岩,32.0
20201111,21,SO2,龙岩,10.0
20201111,21,SO2_24h,龙岩,8.0
20201111,21,NO2,龙岩,31.0
20201111,21,NO2_24h,龙岩,21.0
20201111,21,O3,龙岩,66.0
20201111,21,O3_24h,龙岩,106.0
20201111,21,O3_8h,龙岩,84.0
20201111,21,O3_8h_24h,龙岩,100.0
20201111,21,CO,龙岩,0.3
20201111,21,CO_24h,龙岩,0.3
20201111,22,AQI,龙岩,31.0
20201111,22,PM2.5,龙岩,13.0
20201111,22,PM2.5_24h,龙岩,14.0
20201111,22,PM10,龙岩,31.0
20201111,22,PM10_24h,龙岩,32.0
20201111,22,SO2,龙岩,9.0
20201111,22,SO2_24h,龙岩,8.0
20201111,22,NO2,龙岩,27.0
20201111,22,NO2_24h,龙岩,21.0
20201111,22,O3,龙岩,70.0
20201111,22,O3_24h,龙岩,106.0
20201111,22,O3_8h,龙岩,79.0
20201111,22,O3_8h_24h,龙岩,100.0
20201111,22,CO,龙岩,0.27
20201111,22,CO_24h,龙岩,0.3
20201111,23,AQI,龙岩,27.0
20201111,23,PM2.5,龙岩,13.0
20201111,23,PM2.5_24h,龙岩,14.0
20201111,23,PM10,龙岩,27.0
20201111,23,PM10_24h,龙岩,32.0
20201111,23,SO2,龙岩,9.0
20201111,23,SO2_24h,龙岩,8.0
20201111,23,NO2,龙岩,27.0
20201111,23,NO2_24h,龙岩,20.0
20201111,23,O3,龙岩,70.0
20201111,23,O3_24h,龙岩,106.0
20201111,23,O3_8h,龙岩,75.0
20201111,23,O3_8h_24h,龙岩,100.0
20201111,23,CO,龙岩,0.27
20201111,23,CO_24h,龙岩,0.3
20201111,0,AQI,宁德,35.0
20201111,0,PM2.5,宁德,14.0
20201111,0,PM2.5_24h,宁德,14.0
20201111,0,PM10,宁德,35.0
20201111,0,PM10_24h,宁德,47.0
20201111,0,SO2,宁德,4.0
20201111,0,SO2_24h,宁德,5.0
20201111,0,NO2,宁德,18.0
20201111,0,NO2_24h,宁德,16.0
20201111,0,O3,宁德,59.0
20201111,0,O3_24h,宁德,112.0
20201111,0,O3_8h,宁德,76.0
20201111,0,O3_8h_24h,宁德,100.0
20201111,0,CO,宁德,0.4
20201111,0,CO_24h,宁德,0.4
20201111,1,AQI,宁德,31.0
20201111,1,PM2.5,宁德,12.0
20201111,1,PM2.5_24h,宁德,14.0
20201111,1,PM10,宁德,31.0
20201111,1,PM10_24h,宁德,45.0
20201111,1,SO2,宁德,4.0
20201111,1,SO2_24h,宁德,5.0
20201111,1,NO2,宁德,13.0
20201111,1,NO2_24h,宁德,16.0
20201111,1,O3,宁德,66.0
20201111,1,O3_24h,宁德,112.0
20201111,1,O3_8h,宁德,66.0
20201111,1,O3_8h_24h,宁德,66.0
20201111,1,CO,宁德,0.3
20201111,1,CO_24h,宁德,0.4
20201111,2,AQI,宁德,25.0
20201111,2,PM2.5,宁德,13.0
20201111,2,PM2.5_24h,宁德,14.0
20201111,2,PM10,宁德,25.0
20201111,2,PM10_24h,宁德,44.0
20201111,2,SO2,宁德,4.0
20201111,2,SO2_24h,宁德,5.0
20201111,2,NO2,宁德,13.0
20201111,2,NO2_24h,宁德,16.0
20201111,2,O3,宁德,61.0
20201111,2,O3_24h,宁德,112.0
20201111,2,O3_8h,宁德,63.0
20201111,2,O3_8h_24h,宁德,66.0
20201111,2,CO,宁德,0.3
20201111,2,CO_24h,宁德,0.4
20201111,3,AQI,宁德,25.0
20201111,3,PM2.5,宁德,14.0
20201111,3,PM2.5_24h,宁德,14.0
20201111,3,PM10,宁德,25.0
20201111,3,PM10_24h,宁德,42.0
20201111,3,SO2,宁德,4.0
20201111,3,SO2_24h,宁德,5.0
20201111,3,NO2,宁德,22.0
20201111,3,NO2_24h,宁德,16.0
20201111,3,O3,宁德,48.0
20201111,3,O3_24h,宁德,112.0
20201111,3,O3_8h,宁德,58.0
20201111,3,O3_8h_24h,宁德,66.0
20201111,3,CO,宁德,0.35
20201111,3,CO_24h,宁德,0.4
20201111,4,AQI,宁德,24.0
20201111,4,PM2.5,宁德,13.0
20201111,4,PM2.5_24h,宁德,14.0
20201111,4,PM10,宁德,24.0
20201111,4,PM10_24h,宁德,41.0
20201111,4,SO2,宁德,4.0
20201111,4,SO2_24h,宁德,5.0
20201111,4,NO2,宁德,18.0
20201111,4,NO2_24h,宁德,16.0
20201111,4,O3,宁德,50.0
20201111,4,O3_24h,宁德,112.0
20201111,4,O3_8h,宁德,56.0
20201111,4,O3_8h_24h,宁德,66.0
20201111,4,CO,宁德,0.3
20201111,4,CO_24h,宁德,0.4
20201111,5,AQI,宁德,26.0
20201111,5,PM2.5,宁德,17.0
20201111,5,PM2.5_24h,宁德,14.0
20201111,5,PM10,宁德,26.0
20201111,5,PM10_24h,宁德,40.0
20201111,5,SO2,宁德,4.0
20201111,5,SO2_24h,宁德,5.0
20201111,5,NO2,宁德,16.0
20201111,5,NO2_24h,宁德,16.0
20201111,5,O3,宁德,52.0
20201111,5,O3_24h,宁德,112.0
20201111,5,O3_8h,宁德,55.0
20201111,5,O3_8h_24h,宁德,66.0
20201111,5,CO,宁德,0.3
20201111,5,CO_24h,宁德,0.4
20201111,6,AQI,宁德,22.0
20201111,6,PM2.5,宁德,12.0
20201111,6,PM2.5_24h,宁德,13.0
20201111,6,PM10,宁德,22.0
20201111,6,PM10_24h,宁德,39.0
20201111,6,SO2,宁德,4.0
20201111,6,SO2_24h,宁德,5.0
20201111,6,NO2,宁德,17.0
20201111,6,NO2_24h,宁德,16.0
20201111,6,O3,宁德,53.0
20201111,6,O3_24h,宁德,112.0
20201111,6,O3_8h,宁德,55.0
20201111,6,O3_8h_24h,宁德,66.0
20201111,6,CO,宁德,0.3
20201111,6,CO_24h,宁德,0.4
20201111,8,AQI,宁德,19.0
20201111,8,PM2.5,宁德,13.0
20201111,8,PM2.5_24h,宁德,13.0
20201111,8,PM10,宁德,18.0
20201111,8,PM10_24h,宁德,36.0
20201111,8,SO2,宁德,5.0
20201111,8,SO2_24h,宁德,5.0
20201111,8,NO2,宁德,34.0
20201111,8,NO2_24h,宁德,17.0
20201111,8,O3,宁德,41.0
20201111,8,O3_24h,宁德,112.0
20201111,8,O3_8h,宁德,52.0
20201111,8,O3_8h_24h,宁德,66.0
20201111,8,CO,宁德,0.5
20201111,8,CO_24h,宁德,0.4
20201111,10,AQI,宁德,27.0
20201111,10,PM2.5,宁德,8.0
20201111,10,PM2.5_24h,宁德,12.0
20201111,10,PM10,宁德,27.0
20201111,10,PM10_24h,宁德,34.0
20201111,10,SO2,宁德,4.0
20201111,10,SO2_24h,宁德,5.0
20201111,10,NO2,宁德,10.0
20201111,10,NO2_24h,宁德,16.0
20201111,10,O3,宁德,84.0
20201111,10,O3_24h,宁德,112.0
20201111,10,O3_8h,宁德,55.0
20201111,10,O3_8h_24h,宁德,66.0
20201111,10,CO,宁德,0.3
20201111,10,CO_24h,宁德,0.35
20201111,11,AQI,宁德,29.0
20201111,11,PM2.5,宁德,10.0
20201111,11,PM2.5_24h,宁德,12.0
20201111,11,PM10,宁德,29.0
20201111,11,PM10_24h,宁德,33.0
20201111,11,SO2,宁德,4.0
20201111,11,SO2_24h,宁德,5.0
20201111,11,NO2,宁德,9.0
20201111,11,NO2_24h,宁德,16.0
20201111,11,O3,宁德,89.0
20201111,11,O3_24h,宁德,112.0
20201111,11,O3_8h,宁德,61.0
20201111,11,O3_8h_24h,宁德,66.0
20201111,11,CO,宁德,0.3
20201111,11,CO_24h,宁德,0.35
20201111,12,AQI,宁德,29.0
20201111,12,PM2.5,宁德,12.0
20201111,12,PM2.5_24h,宁德,12.0
20201111,12,PM10,宁德,27.0
20201111,12,PM10_24h,宁德,32.0
20201111,12,SO2,宁德,8.0
20201111,12,SO2_24h,宁德,5.0
20201111,12,NO2,宁德,11.0
20201111,12,NO2_24h,宁德,16.0
20201111,12,O3,宁德,94.0
20201111,12,O3_24h,宁德,112.0
20201111,12,O3_8h,宁德,66.0
20201111,12,O3_8h_24h,宁德,68.0
20201111,12,CO,宁德,0.4
20201111,12,CO_24h,宁德,0.4
20201111,13,AQI,宁德,32.0
20201111,13,PM2.5,宁德,12.0
20201111,13,PM2.5_24h,宁德,12.0
20201111,13,PM10,宁德,32.0
20201111,13,PM10_24h,宁德,32.0
20201111,13,SO2,宁德,8.0
20201111,13,SO2_24h,宁德,5.0
20201111,13,NO2,宁德,9.0
20201111,13,NO2_24h,宁德,16.0
20201111,13,O3,宁德,102.0
20201111,13,O3_24h,宁德,112.0
20201111,13,O3_8h,宁德,72.0
20201111,13,O3_8h_24h,宁德,72.0
20201111,13,CO,宁德,0.4
20201111,13,CO_24h,宁德,0.35
20201111,14,AQI,宁德,33.0
20201111,14,PM2.5,宁德,10.0
20201111,14,PM2.5_24h,宁德,12.0
20201111,14,PM10,宁德,30.0
20201111,14,PM10_24h,宁德,31.0
20201111,14,SO2,宁德,4.0
20201111,14,SO2_24h,宁德,5.0
20201111,14,NO2,宁德,7.0
20201111,14,NO2_24h,宁德,16.0
20201111,14,O3,宁德,105.0
20201111,14,O3_24h,宁德,105.0
20201111,14,O3_8h,宁德,79.0
20201111,14,O3_8h_24h,宁德,79.0
20201111,14,CO,宁德,0.35
20201111,14,CO_24h,宁德,0.35
20201111,15,AQI,宁德,33.0
20201111,15,PM2.5,宁德,14.0
20201111,15,PM2.5_24h,宁德,12.0
20201111,15,PM10,宁德,30.0
20201111,15,PM10_24h,宁德,31.0
20201111,15,SO2,宁德,4.0
20201111,15,SO2_24h,宁德,5.0
20201111,15,NO2,宁德,9.0
20201111,15,NO2_24h,宁德,16.0
20201111,15,O3,宁德,105.0
20201111,15,O3_24h,宁德,105.0
20201111,15,O3_8h,宁德,87.0
20201111,15,O3_8h_24h,宁德,87.0
20201111,15,CO,宁德,0.4
20201111,15,CO_24h,宁德,0.35
20201111,16,AQI,宁德,33.0
20201111,16,PM2.5,宁德,12.0
20201111,16,PM2.5_24h,宁德,12.0
20201111,16,PM10,宁德,29.0
20201111,16,PM10_24h,宁德,31.0
20201111,16,SO2,宁德,4.0
20201111,16,SO2_24h,宁德,5.0
20201111,16,NO2,宁德,10.0
20201111,16,NO2_24h,宁德,16.0
20201111,16,O3,宁德,104.0
20201111,16,O3_24h,宁德,105.0
20201111,16,O3_8h,宁德,94.0
20201111,16,O3_8h_24h,宁德,94.0
20201111,16,CO,宁德,0.3
20201111,16,CO_24h,宁德,0.35
20201111,17,AQI,宁德,31.0
20201111,17,PM2.5,宁德,12.0
20201111,17,PM2.5_24h,宁德,12.0
20201111,17,PM10,宁德,31.0
20201111,17,PM10_24h,宁德,30.0
20201111,17,SO2,宁德,3.0
20201111,17,SO2_24h,宁德,5.0
20201111,17,NO2,宁德,10.0
20201111,17,NO2_24h,宁德,16.0
20201111,17,O3,宁德,100.0
20201111,17,O3_24h,宁德,105.0
20201111,17,O3_8h,宁德,98.0
20201111,17,O3_8h_24h,宁德,98.0
20201111,17,CO,宁德,0.35
20201111,17,CO_24h,宁德,0.35
20201111,18,AQI,宁德,37.0
20201111,18,PM2.5,宁德,15.0
20201111,18,PM2.5_24h,宁德,12.0
20201111,18,PM10,宁德,37.0
20201111,18,PM10_24h,宁德,30.0
20201111,18,SO2,宁德,3.0
20201111,18,SO2_24h,宁德,5.0
20201111,18,NO2,宁德,17.0
20201111,18,NO2_24h,宁德,16.0
20201111,18,O3,宁德,93.0
20201111,18,O3_24h,宁德,105.0
20201111,18,O3_8h,宁德,99.0
20201111,18,O3_8h_24h,宁德,99.0
20201111,18,CO,宁德,0.45
20201111,18,CO_24h,宁德,0.4
20201111,19,AQI,宁德,36.0
20201111,19,PM2.5,宁德,15.0
20201111,19,PM2.5_24h,宁德,13.0
20201111,19,PM10,宁德,36.0
20201111,19,PM10_24h,宁德,30.0
20201111,19,SO2,宁德,3.0
20201111,19,SO2_24h,宁德,5.0
20201111,19,NO2,宁德,15.0
20201111,19,NO2_24h,宁德,16.0
20201111,19,O3,宁德,96.0
20201111,19,O3_24h,宁德,105.0
20201111,19,O3_8h,宁德,100.0
20201111,19,O3_8h_24h,宁德,100.0
20201111,19,CO,宁德,0.4
20201111,19,CO_24h,宁德,0.4
20201111,20,AQI,宁德,29.0
20201111,20,PM2.5,宁德,16.0
20201111,20,PM2.5_24h,宁德,13.0
20201111,20,PM10,宁德,29.0
20201111,20,PM10_24h,宁德,30.0
20201111,20,SO2,宁德,6.0
20201111,20,SO2_24h,宁德,5.0
20201111,20,NO2,宁德,22.0
20201111,20,NO2_24h,宁德,16.0
20201111,20,O3,宁德,87.0
20201111,20,O3_24h,宁德,105.0
20201111,20,O3_8h,宁德,99.0
20201111,20,O3_8h_24h,宁德,100.0
20201111,20,CO,宁德,0.5
20201111,20,CO_24h,宁德,0.4
20201111,21,AQI,宁德,41.0
20201111,21,PM2.5,宁德,20.0
20201111,21,PM2.5_24h,宁德,13.0
20201111,21,PM10,宁德,41.0
20201111,21,PM10_24h,宁德,31.0
20201111,21,SO2,宁德,7.0
20201111,21,SO2_24h,宁德,5.0
20201111,21,NO2,宁德,38.0
20201111,21,NO2_24h,宁德,17.0
20201111,21,O3,宁德,55.0
20201111,21,O3_24h,宁德,105.0
20201111,21,O3_8h,宁德,93.0
20201111,21,O3_8h_24h,宁德,100.0
20201111,21,CO,宁德,0.7
20201111,21,CO_24h,宁德,0.4
20201111,22,AQI,宁德,52.0
20201111,22,PM2.5,宁德,22.0
20201111,22,PM2.5_24h,宁德,13.0
20201111,22,PM10,宁德,53.0
20201111,22,PM10_24h,宁德,31.0
20201111,22,SO2,宁德,6.0
20201111,22,SO2_24h,宁德,5.0
20201111,22,NO2,宁德,30.0
20201111,22,NO2_24h,宁德,17.0
20201111,22,O3,宁德,51.0
20201111,22,O3_24h,宁德,105.0
20201111,22,O3_8h,宁德,85.0
20201111,22,O3_8h_24h,宁德,100.0
20201111,22,CO,宁德,0.65
20201111,22,CO_24h,宁德,0.4
20201111,23,AQI,宁德,44.0
20201111,23,PM2.5,宁德,19.0
20201111,23,PM2.5_24h,宁德,13.0
20201111,23,PM10,宁德,44.0
20201111,23,PM10_24h,宁德,31.0
20201111,23,SO2,宁德,5.0
20201111,23,SO2_24h,宁德,5.0
20201111,23,NO2,宁德,34.0
20201111,23,NO2_24h,宁德,17.0
20201111,23,O3,宁德,48.0
20201111,23,O3_24h,宁德,105.0
20201111,23,O3_8h,宁德,77.0
20201111,23,O3_8h_24h,宁德,100.0
20201111,23,CO,宁德,0.55
20201111,23,CO_24h,宁德,0.4
20201111,0,AQI,景德镇,79.0
20201111,0,PM2.5,景德镇,35.0
20201111,0,PM2.5_24h,景德镇,35.0
20201111,0,PM10,景德镇,107.0
20201111,0,PM10_24h,景德镇,88.0
20201111,0,SO2,景德镇,21.0
20201111,0,SO2_24h,景德镇,18.0
20201111,0,NO2,景德镇,56.0
20201111,0,NO2_24h,景德镇,34.0
20201111,0,O3,景德镇,5.0
20201111,0,O3_24h,景德镇,110.0
20201111,0,O3_8h,景德镇,33.0
20201111,0,O3_8h_24h,景德镇,94.0
20201111,0,CO,景德镇,0.55
20201111,0,CO_24h,景德镇,0.42
20201111,1,AQI,景德镇,77.0
20201111,1,PM2.5,景德镇,35.0
20201111,1,PM2.5_24h,景德镇,35.0
20201111,1,PM10,景德镇,104.0
20201111,1,PM10_24h,景德镇,89.0
20201111,1,SO2,景德镇,17.0
20201111,1,SO2_24h,景德镇,18.0
20201111,1,NO2,景德镇,52.0
20201111,1,NO2_24h,景德镇,35.0
20201111,1,O3,景德镇,7.0
20201111,1,O3_24h,景德镇,110.0
20201111,1,O3_8h,景德镇,7.0
20201111,1,O3_8h_24h,景德镇,7.0
20201111,1,CO,景德镇,0.48
20201111,1,CO_24h,景德镇,0.42
20201111,2,AQI,景德镇,64.0
20201111,2,PM2.5,景德镇,38.0
20201111,2,PM2.5_24h,景德镇,35.0
20201111,2,PM10,景德镇,77.0
20201111,2,PM10_24h,景德镇,88.0
20201111,2,SO2,景德镇,17.0
20201111,2,SO2_24h,景德镇,18.0
20201111,2,NO2,景德镇,44.0
20201111,2,NO2_24h,景德镇,34.0
20201111,2,O3,景德镇,9.0
20201111,2,O3_24h,景德镇,110.0
20201111,2,O3_8h,景德镇,8.0
20201111,2,O3_8h_24h,景德镇,8.0
20201111,2,CO,景德镇,0.4
20201111,2,CO_24h,景德镇,0.45
20201111,3,AQI,景德镇,59.0
20201111,3,PM2.5,景德镇,34.0
20201111,3,PM2.5_24h,景德镇,35.0
20201111,3,PM10,景德镇,68.0
20201111,3,PM10_24h,景德镇,88.0
20201111,3,SO2,景德镇,12.0
20201111,3,SO2_24h,景德镇,18.0
20201111,3,NO2,景德镇,39.0
20201111,3,NO2_24h,景德镇,35.0
20201111,3,O3,景德镇,15.0
20201111,3,O3_24h,景德镇,110.0
20201111,3,O3_8h,景德镇,10.0
20201111,3,O3_8h_24h,景德镇,11.0
20201111,3,CO,景德镇,0.35
20201111,3,CO_24h,景德镇,0.45
20201111,4,AQI,景德镇,54.0
20201111,4,PM2.5,景德镇,32.0
20201111,4,PM2.5_24h,景德镇,35.0
20201111,4,PM10,景德镇,57.0
20201111,4,PM10_24h,景德镇,87.0
20201111,4,SO2,景德镇,12.0
20201111,4,SO2_24h,景德镇,18.0
20201111,4,NO2,景德镇,35.0
20201111,4,NO2_24h,景德镇,35.0
20201111,4,O3,景德镇,21.0
20201111,4,O3_24h,景德镇,110.0
20201111,4,O3_8h,景德镇,13.0
20201111,4,O3_8h_24h,景德镇,13.0
20201111,4,CO,景德镇,0.3
20201111,4,CO_24h,景德镇,0.45
20201111,5,AQI,景德镇,54.0
20201111,5,PM2.5,景德镇,32.0
20201111,5,PM2.5_24h,景德镇,34.0
20201111,5,PM10,景德镇,58.0
20201111,5,PM10_24h,景德镇,86.0
20201111,5,SO2,景德镇,11.0
20201111,5,SO2_24h,景德镇,18.0
20201111,5,NO2,景德镇,24.0
20201111,5,NO2_24h,景德镇,35.0
20201111,5,O3,景德镇,32.0
20201111,5,O3_24h,景德镇,110.0
20201111,5,O3_8h,景德镇,17.0
20201111,5,O3_8h_24h,景德镇,17.0
20201111,5,CO,景德镇,0.35
20201111,5,CO_24h,景德镇,0.45
20201111,6,AQI,景德镇,52.0
20201111,6,PM2.5,景德镇,32.0
20201111,6,PM2.5_24h,景德镇,34.0
20201111,6,PM10,景德镇,53.0
20201111,6,PM10_24h,景德镇,85.0
20201111,6,SO2,景德镇,13.0
20201111,6,SO2_24h,景德镇,18.0
20201111,6,NO2,景德镇,25.0
20201111,6,NO2_24h,景德镇,35.0
20201111,6,O3,景德镇,28.0
20201111,6,O3_24h,景德镇,110.0
20201111,6,O3_8h,景德镇,19.0
20201111,6,O3_8h_24h,景德镇,19.0
20201111,6,CO,景德镇,0.42
20201111,6,CO_24h,景德镇,0.45
20201111,8,AQI,景德镇,60.0
20201111,8,PM2.5,景德镇,30.0
20201111,8,PM2.5_24h,景德镇,34.0
20201111,8,PM10,景德镇,70.0
20201111,8,PM10_24h,景德镇,84.0
20201111,8,SO2,景德镇,17.0
20201111,8,SO2_24h,景德镇,18.0
20201111,8,NO2,景德镇,29.0
20201111,8,NO2_24h,景德镇,35.0
20201111,8,O3,景德镇,23.0
20201111,8,O3_24h,景德镇,110.0
20201111,8,O3_8h,景德镇,20.0
20201111,8,O3_8h_24h,景德镇,20.0
20201111,8,CO,景德镇,0.5
20201111,8,CO_24h,景德镇,0.48
20201111,10,AQI,景德镇,62.0
20201111,10,PM2.5,景德镇,36.0
20201111,10,PM2.5_24h,景德镇,33.0
20201111,10,PM10,景德镇,73.0
20201111,10,PM10_24h,景德镇,83.0
20201111,10,SO2,景德镇,11.0
20201111,10,SO2_24h,景德镇,18.0
20201111,10,NO2,景德镇,23.0
20201111,10,NO2_24h,景德镇,35.0
20201111,10,O3,景德镇,58.0
20201111,10,O3_24h,景德镇,110.0
20201111,10,O3_8h,景德镇,29.0
20201111,10,O3_8h_24h,景德镇,29.0
20201111,10,CO,景德镇,0.43
20201111,10,CO_24h,景德镇,0.48
20201111,11,AQI,景德镇,59.0
20201111,11,PM2.5,景德镇,32.0
20201111,11,PM2.5_24h,景德镇,33.0
20201111,11,PM10,景德镇,67.0
20201111,11,PM10_24h,景德镇,81.0
20201111,11,SO2,景德镇,9.0
20201111,11,SO2_24h,景德镇,18.0
20201111,11,NO2,景德镇,20.0
20201111,11,NO2_24h,景德镇,34.0
20201111,11,O3,景德镇,77.0
20201111,11,O3_24h,景德镇,110.0
20201111,11,O3_8h,景德镇,37.0
20201111,11,O3_8h_24h,景德镇,37.0
20201111,11,CO,景德镇,0.38
20201111,11,CO_24h,景德镇,0.48
20201111,12,AQI,景德镇,59.0
20201111,12,PM2.5,景德镇,27.0
20201111,12,PM2.5_24h,景德镇,33.0
20201111,12,PM10,景德镇,68.0
20201111,12,PM10_24h,景德镇,81.0
20201111,12,SO2,景德镇,8.0
20201111,12,SO2_24h,景德镇,17.0
20201111,12,NO2,景德镇,17.0
20201111,12,NO2_24h,景德镇,34.0
20201111,12,O3,景德镇,93.0
20201111,12,O3_24h,景德镇,110.0
20201111,12,O3_8h,景德镇,46.0
20201111,12,O3_8h_24h,景德镇,46.0
20201111,12,CO,景德镇,0.38
20201111,12,CO_24h,景德镇,0.48
20201111,13,AQI,景德镇,56.0
20201111,13,PM2.5,景德镇,29.0
20201111,13,PM2.5_24h,景德镇,33.0
20201111,13,PM10,景德镇,61.0
20201111,13,PM10_24h,景德镇,79.0
20201111,13,SO2,景德镇,6.0
20201111,13,SO2_24h,景德镇,17.0
20201111,13,NO2,景德镇,13.0
20201111,13,NO2_24h,景德镇,34.0
20201111,13,O3,景德镇,107.0
20201111,13,O3_24h,景德镇,111.0
20201111,13,O3_8h,景德镇,56.0
20201111,13,O3_8h_24h,景德镇,56.0
20201111,13,CO,景德镇,0.35
20201111,13,CO_24h,景德镇,0.48
20201111,14,AQI,景德镇,51.0
20201111,14,PM2.5,景德镇,23.0
20201111,14,PM2.5_24h,景德镇,33.0
20201111,14,PM10,景德镇,51.0
20201111,14,PM10_24h,景德镇,77.0
20201111,14,SO2,景德镇,8.0
20201111,14,SO2_24h,景德镇,17.0
20201111,14,NO2,景德镇,11.0
20201111,14,NO2_24h,景德镇,34.0
20201111,14,O3,景德镇,110.0
20201111,14,O3_24h,景德镇,111.0
20201111,14,O3_8h,景德镇,66.0
20201111,14,O3_8h_24h,景德镇,66.0
20201111,14,CO,景德镇,0.37
20201111,14,CO_24h,景德镇,0.45
20201111,15,AQI,景德镇,45.0
20201111,15,PM2.5,景德镇,22.0
20201111,15,PM2.5_24h,景德镇,32.0
20201111,15,PM10,景德镇,45.0
20201111,15,PM10_24h,景德镇,76.0
20201111,15,SO2,景德镇,9.0
20201111,15,SO2_24h,景德镇,17.0
20201111,15,NO2,景德镇,11.0
20201111,15,NO2_24h,景德镇,34.0
20201111,15,O3,景德镇,110.0
20201111,15,O3_24h,景德镇,111.0
20201111,15,O3_8h,景德镇,76.0
20201111,15,O3_8h_24h,景德镇,76.0
20201111,15,CO,景德镇,0.35
20201111,15,CO_24h,景德镇,0.45
20201111,16,AQI,景德镇,38.0
20201111,16,PM2.5,景德镇,17.0
20201111,16,PM2.5_24h,景德镇,32.0
20201111,16,PM10,景德镇,38.0
20201111,16,PM10_24h,景德镇,75.0
20201111,16,SO2,景德镇,7.0
20201111,16,SO2_24h,景德镇,17.0
20201111,16,NO2,景德镇,11.0
20201111,16,NO2_24h,景德镇,34.0
20201111,16,O3,景德镇,109.0
20201111,16,O3_24h,景德镇,111.0
20201111,16,O3_8h,景德镇,87.0
20201111,16,O3_8h_24h,景德镇,87.0
20201111,16,CO,景德镇,0.28
20201111,16,CO_24h,景德镇,0.45
20201111,17,AQI,景德镇,40.0
20201111,17,PM2.5,景德镇,16.0
20201111,17,PM2.5_24h,景德镇,31.0
20201111,17,PM10,景德镇,40.0
20201111,17,PM10_24h,景德镇,74.0
20201111,17,SO2,景德镇,7.0
20201111,17,SO2_24h,景德镇,18.0
20201111,17,NO2,景德镇,18.0
20201111,17,NO2_24h,景德镇,34.0
20201111,17,O3,景德镇,99.0
20201111,17,O3_24h,景德镇,111.0
20201111,17,O3_8h,景德镇,96.0
20201111,17,O3_8h_24h,景德镇,96.0
20201111,17,CO,景德镇,0.3
20201111,17,CO_24h,景德镇,0.48
20201111,18,AQI,景德镇,44.0
20201111,18,PM2.5,景德镇,22.0
20201111,18,PM2.5_24h,景德镇,31.0
20201111,18,PM10,景德镇,44.0
20201111,18,PM10_24h,景德镇,73.0
20201111,18,SO2,景德镇,12.0
20201111,18,SO2_24h,景德镇,17.0
20201111,18,NO2,景德镇,34.0
20201111,18,NO2_24h,景德镇,34.0
20201111,18,O3,景德镇,66.0
20201111,18,O3_24h,景德镇,111.0
20201111,18,O3_8h,景德镇,96.0
20201111,18,O3_8h_24h,景德镇,97.0
20201111,18,CO,景德镇,0.47
20201111,18,CO_24h,景德镇,0.45
20201111,19,AQI,景德镇,60.0
20201111,19,PM2.5,景德镇,26.0
20201111,19,PM2.5_24h,景德镇,31.0
20201111,19,PM10,景德镇,69.0
20201111,19,PM10_24h,景德镇,72.0
20201111,19,SO2,景德镇,25.0
20201111,19,SO2_24h,景德镇,15.0
20201111,19,NO2,景德镇,42.0
20201111,19,NO2_24h,景德镇,34.0
20201111,19,O3,景德镇,50.0
20201111,19,O3_24h,景德镇,111.0
20201111,19,O3_8h,景德镇,93.0
20201111,19,O3_8h_24h,景德镇,97.0
20201111,19,CO,景德镇,0.6
20201111,19,CO_24h,景德镇,0.45
20201111,20,AQI,景德镇,68.0
20201111,20,PM2.5,景德镇,38.0
20201111,20,PM2.5_24h,景德镇,31.0
20201111,20,PM10,景德镇,85.0
20201111,20,PM10_24h,景德镇,71.0
20201111,20,SO2,景德镇,24.0
20201111,20,SO2_24h,景德镇,15.0
20201111,20,NO2,景德镇,59.0
20201111,20,NO2_24h,景德镇,34.0
20201111,20,O3,景德镇,24.0
20201111,20,O3_24h,景德镇,111.0
20201111,20,O3_8h,景德镇,84.0
20201111,20,O3_8h_24h,景德镇,97.0
20201111,20,CO,景德镇,0.7
20201111,20,CO_24h,景德镇,0.45
20201111,21,AQI,景德镇,72.0
20201111,21,PM2.5,景德镇,42.0
20201111,21,PM2.5_24h,景德镇,31.0
20201111,21,PM10,景德镇,93.0
20201111,21,PM10_24h,景德镇,70.0
20201111,21,SO2,景德镇,26.0
20201111,21,SO2_24h,景德镇,15.0
20201111,21,NO2,景德镇,71.0
20201111,21,NO2_24h,景德镇,34.0
20201111,21,O3,景德镇,5.0
20201111,21,O3_24h,景德镇,111.0
20201111,21,O3_8h,景德镇,72.0
20201111,21,O3_8h_24h,景德镇,97.0
20201111,21,CO,景德镇,0.67
20201111,21,CO_24h,景德镇,0.45
20201111,22,AQI,景德镇,74.0
20201111,22,PM2.5,景德镇,43.0
20201111,22,PM2.5_24h,景德镇,31.0
20201111,22,PM10,景德镇,98.0
20201111,22,PM10_24h,景德镇,69.0
20201111,22,SO2,景德镇,23.0
20201111,22,SO2_24h,景德镇,15.0
20201111,22,NO2,景德镇,67.0
20201111,22,NO2_24h,景德镇,34.0
20201111,22,O3,景德镇,4.0
20201111,22,O3_24h,景德镇,111.0
20201111,22,O3_8h,景德镇,58.0
20201111,22,O3_8h_24h,景德镇,97.0
20201111,22,CO,景德镇,0.63
20201111,22,CO_24h,景德镇,0.45
20201111,23,AQI,景德镇,77.0
20201111,23,PM2.5,景德镇,42.0
20201111,23,PM2.5_24h,景德镇,31.0
20201111,23,PM10,景德镇,103.0
20201111,23,PM10_24h,景德镇,69.0
20201111,23,SO2,景德镇,17.0
20201111,23,SO2_24h,景德镇,15.0
20201111,23,NO2,景德镇,60.0
20201111,23,NO2_24h,景德镇,34.0
20201111,23,O3,景德镇,9.0
20201111,23,O3_24h,景德镇,111.0
20201111,23,O3_8h,景德镇,46.0
20201111,23,O3_8h_24h,景德镇,97.0
20201111,23,CO,景德镇,0.45
20201111,23,CO_24h,景德镇,0.45
20201111,0,AQI,萍乡,83.0
20201111,0,PM2.5,萍乡,46.0
20201111,0,PM2.5_24h,萍乡,44.0
20201111,0,PM10,萍乡,115.0
20201111,0,PM10_24h,萍乡,109.0
20201111,0,SO2,萍乡,42.0
20201111,0,SO2_24h,萍乡,31.0
20201111,0,NO2,萍乡,46.0
20201111,0,NO2_24h,萍乡,38.0
20201111,0,O3,萍乡,66.0
20201111,0,O3_24h,萍乡,148.0
20201111,0,O3_8h,萍乡,96.0
20201111,0,O3_8h_24h,萍乡,132.0
20201111,0,CO,萍乡,1.25
20201111,0,CO_24h,萍乡,1.23
20201111,1,AQI,萍乡,82.0
20201111,1,PM2.5,萍乡,51.0
20201111,1,PM2.5_24h,萍乡,44.0
20201111,1,PM10,萍乡,113.0
20201111,1,PM10_24h,萍乡,110.0
20201111,1,SO2,萍乡,47.0
20201111,1,SO2_24h,萍乡,31.0
20201111,1,NO2,萍乡,49.0
20201111,1,NO2_24h,萍乡,38.0
20201111,1,O3,萍乡,58.0
20201111,1,O3_24h,萍乡,148.0
20201111,1,O3_8h,萍乡,58.0
20201111,1,O3_8h_24h,萍乡,58.0
20201111,1,CO,萍乡,1.55
20201111,1,CO_24h,萍乡,1.27
20201111,2,AQI,萍乡,82.0
20201111,2,PM2.5,萍乡,46.0
20201111,2,PM2.5_24h,萍乡,44.0
20201111,2,PM10,萍乡,113.0
20201111,2,PM10_24h,萍乡,110.0
20201111,2,SO2,萍乡,45.0
20201111,2,SO2_24h,萍乡,32.0
20201111,2,NO2,萍乡,50.0
20201111,2,NO2_24h,萍乡,38.0
20201111,2,O3,萍乡,52.0
20201111,2,O3_24h,萍乡,148.0
20201111,2,O3_8h,萍乡,55.0
20201111,2,O3_8h_24h,萍乡,58.0
20201111,2,CO,萍乡,1.32
20201111,2,CO_24h,萍乡,1.27
20201111,3,AQI,萍乡,79.0
20201111,3,PM2.5,萍乡,47.0
20201111,3,PM2.5_24h,萍乡,44.0
20201111,3,PM10,萍乡,107.0
20201111,3,PM10_24h,萍乡,110.0
20201111,3,SO2,萍乡,43.0
20201111,3,SO2_24h,萍乡,33.0
20201111,3,NO2,萍乡,36.0
20201111,3,NO2_24h,萍乡,38.0
20201111,3,O3,萍乡,58.0
20201111,3,O3_24h,萍乡,148.0
20201111,3,O3_8h,萍乡,56.0
20201111,3,O3_8h_24h,萍乡,58.0
20201111,3,CO,萍乡,0.97
20201111,3,CO_24h,萍乡,1.27
20201111,4,AQI,萍乡,74.0
20201111,4,PM2.5,萍乡,45.0
20201111,4,PM2.5_24h,萍乡,44.0
20201111,4,PM10,萍乡,98.0
20201111,4,PM10_24h,萍乡,110.0
20201111,4,SO2,萍乡,32.0
20201111,4,SO2_24h,萍乡,33.0
20201111,4,NO2,萍乡,36.0
20201111,4,NO2_24h,萍乡,38.0
20201111,4,O3,萍乡,45.0
20201111,4,O3_24h,萍乡,148.0
20201111,4,O3_8h,萍乡,53.0
20201111,4,O3_8h_24h,萍乡,59.0
20201111,4,CO,萍乡,0.93
20201111,4,CO_24h,萍乡,1.27
20201111,5,AQI,萍乡,71.0
20201111,5,PM2.5,萍乡,45.0
20201111,5,PM2.5_24h,萍乡,44.0
20201111,5,PM10,萍乡,92.0
20201111,5,PM10_24h,萍乡,111.0
20201111,5,SO2,萍乡,29.0
20201111,5,SO2_24h,萍乡,33.0
20201111,5,NO2,萍乡,37.0
20201111,5,NO2_24h,萍乡,37.0
20201111,5,O3,萍乡,34.0
20201111,5,O3_24h,萍乡,148.0
20201111,5,O3_8h,萍乡,49.0
20201111,5,O3_8h_24h,萍乡,59.0
20201111,5,CO,萍乡,1.05
20201111,5,CO_24h,萍乡,1.27
20201111,6,AQI,萍乡,76.0
20201111,6,PM2.5,萍乡,48.0
20201111,6,PM2.5_24h,萍乡,44.0
20201111,6,PM10,萍乡,101.0
20201111,6,PM10_24h,萍乡,111.0
20201111,6,SO2,萍乡,33.0
20201111,6,SO2_24h,萍乡,33.0
20201111,6,NO2,萍乡,45.0
20201111,6,NO2_24h,萍乡,38.0
20201111,6,O3,萍乡,23.0
20201111,6,O3_24h,萍乡,148.0
20201111,6,O3_8h,萍乡,45.0
20201111,6,O3_8h_24h,萍乡,59.0
20201111,6,CO,萍乡,1.43
20201111,6,CO_24h,萍乡,1.3
20201111,8,AQI,萍乡,88.0
20201111,8,PM2.5,萍乡,58.0
20201111,8,PM2.5_24h,萍乡,44.0
20201111,8,PM10,萍乡,126.0
20201111,8,PM10_24h,萍乡,112.0
20201111,8,SO2,萍乡,51.0
20201111,8,SO2_24h,萍乡,34.0
20201111,8,NO2,萍乡,62.0
20201111,8,NO2_24h,萍乡,38.0
20201111,8,O3,萍乡,19.0
20201111,8,O3_24h,萍乡,148.0
20201111,8,O3_8h,萍乡,41.0
20201111,8,O3_8h_24h,萍乡,59.0
20201111,8,CO,萍乡,2.45
20201111,8,CO_24h,萍乡,1.35
20201111,10,AQI,萍乡,82.0
20201111,10,PM2.5,萍乡,51.0
20201111,10,PM2.5_24h,萍乡,44.0
20201111,10,PM10,萍乡,113.0
20201111,10,PM10_24h,萍乡,110.0
20201111,10,SO2,萍乡,50.0
20201111,10,SO2_24h,萍乡,34.0
20201111,10,NO2,萍乡,46.0
20201111,10,NO2_24h,萍乡,39.0
20201111,10,O3,萍乡,55.0
20201111,10,O3_24h,萍乡,148.0
20201111,10,O3_8h,萍乡,36.0
20201111,10,O3_8h_24h,萍乡,59.0
20201111,10,CO,萍乡,1.9
20201111,10,CO_24h,萍乡,1.3
20201111,11,AQI,萍乡,76.0
20201111,11,PM2.5,萍乡,44.0
20201111,11,PM2.5_24h,萍乡,44.0
20201111,11,PM10,萍乡,102.0
20201111,11,PM10_24h,萍乡,109.0
20201111,11,SO2,萍乡,40.0
20201111,11,SO2_24h,萍乡,34.0
20201111,11,NO2,萍乡,34.0
20201111,11,NO2_24h,萍乡,39.0
20201111,11,O3,萍乡,80.0
20201111,11,O3_24h,萍乡,148.0
20201111,11,O3_8h,萍乡,38.0
20201111,11,O3_8h_24h,萍乡,60.0
20201111,11,CO,萍乡,1.23
20201111,11,CO_24h,萍乡,1.27
20201111,12,AQI,萍乡,74.0
20201111,12,PM2.5,萍乡,33.0
20201111,12,PM2.5_24h,萍乡,43.0
20201111,12,PM10,萍乡,97.0
20201111,12,PM10_24h,萍乡,108.0
20201111,12,SO2,萍乡,25.0
20201111,12,SO2_24h,萍乡,34.0
20201111,12,NO2,萍乡,25.0
20201111,12,NO2_24h,萍乡,39.0
20201111,12,O3,萍乡,118.0
20201111,12,O3_24h,萍乡,148.0
20201111,12,O3_8h,萍乡,47.0
20201111,12,O3_8h_24h,萍乡,63.0
20201111,12,CO,萍乡,0.9
20201111,12,CO_24h,萍乡,1.25
20201111,13,AQI,萍乡,57.0
20201111,13,PM2.5,萍乡,25.0
20201111,13,PM2.5_24h,萍乡,43.0
20201111,13,PM10,萍乡,64.0
20201111,13,PM10_24h,萍乡,107.0
20201111,13,SO2,萍乡,23.0
20201111,13,SO2_24h,萍乡,34.0
20201111,13,NO2,萍乡,19.0
20201111,13,NO2_24h,萍乡,39.0
20201111,13,O3,萍乡,132.0
20201111,13,O3_24h,萍乡,148.0
20201111,13,O3_8h,萍乡,60.0
20201111,13,O3_8h_24h,萍乡,68.0
20201111,13,CO,萍乡,0.7
20201111,13,CO_24h,萍乡,1.25
20201111,14,AQI,萍乡,59.0
20201111,14,PM2.5,萍乡,25.0
20201111,14,PM2.5_24h,萍乡,43.0
20201111,14,PM10,萍乡,68.0
20201111,14,PM10_24h,萍乡,105.0
20201111,14,SO2,萍乡,21.0
20201111,14,SO2_24h,萍乡,34.0
20201111,14,NO2,萍乡,20.0
20201111,14,NO2_24h,萍乡,39.0
20201111,14,O3,萍乡,136.0
20201111,14,O3_24h,萍乡,147.0
20201111,14,O3_8h,萍乡,74.0
20201111,14,O3_8h_24h,萍乡,76.0
20201111,14,CO,萍乡,0.83
20201111,14,CO_24h,萍乡,1.25
20201111,15,AQI,萍乡,57.0
20201111,15,PM2.5,萍乡,27.0
20201111,15,PM2.5_24h,萍乡,43.0
20201111,15,PM10,萍乡,63.0
20201111,15,PM10_24h,萍乡,104.0
20201111,15,SO2,萍乡,22.0
20201111,15,SO2_24h,萍乡,34.0
20201111,15,NO2,萍乡,20.0
20201111,15,NO2_24h,萍乡,39.0
20201111,15,O3,萍乡,140.0
20201111,15,O3_24h,萍乡,145.0
20201111,15,O3_8h,萍乡,90.0
20201111,15,O3_8h_24h,萍乡,90.0
20201111,15,CO,萍乡,0.8
20201111,15,CO_24h,萍乡,1.25
20201111,16,AQI,萍乡,59.0
20201111,16,PM2.5,萍乡,26.0
20201111,16,PM2.5_24h,萍乡,42.0
20201111,16,PM10,萍乡,67.0
20201111,16,PM10_24h,萍乡,103.0
20201111,16,SO2,萍乡,22.0
20201111,16,SO2_24h,萍乡,34.0
20201111,16,NO2,萍乡,19.0
20201111,16,NO2_24h,萍乡,39.0
20201111,16,O3,萍乡,139.0
20201111,16,O3_24h,萍乡,142.0
20201111,16,O3_8h,萍乡,106.0
20201111,16,O3_8h_24h,萍乡,106.0
20201111,16,CO,萍乡,0.7
20201111,16,CO_24h,萍乡,1.25
20201111,17,AQI,萍乡,59.0
20201111,17,PM2.5,萍乡,25.0
20201111,17,PM2.5_24h,萍乡,42.0
20201111,17,PM10,萍乡,68.0
20201111,17,PM10_24h,萍乡,102.0
20201111,17,SO2,萍乡,19.0
20201111,17,SO2_24h,萍乡,34.0
20201111,17,NO2,萍乡,25.0
20201111,17,NO2_24h,萍乡,39.0
20201111,17,O3,萍乡,126.0
20201111,17,O3_24h,萍乡,141.0
20201111,17,O3_8h,萍乡,117.0
20201111,17,O3_8h_24h,萍乡,117.0
20201111,17,CO,萍乡,0.78
20201111,17,CO_24h,萍乡,1.22
20201111,18,AQI,萍乡,68.0
20201111,18,PM2.5,萍乡,33.0
20201111,18,PM2.5_24h,萍乡,42.0
20201111,18,PM10,萍乡,85.0
20201111,18,PM10_24h,萍乡,101.0
20201111,18,SO2,萍乡,20.0
20201111,18,SO2_24h,萍乡,34.0
20201111,18,NO2,萍乡,38.0
20201111,18,NO2_24h,萍乡,39.0
20201111,18,O3,萍乡,118.0
20201111,18,O3_24h,萍乡,141.0
20201111,18,O3_8h,萍乡,125.0
20201111,18,O3_8h_24h,萍乡,125.0
20201111,18,CO,萍乡,1.0
20201111,18,CO_24h,萍乡,1.23
20201111,19,AQI,萍乡,73.0
20201111,19,PM2.5,萍乡,37.0
20201111,19,PM2.5_24h,萍乡,42.0
20201111,19,PM10,萍乡,95.0
20201111,19,PM10_24h,萍乡,100.0
20201111,19,SO2,萍乡,22.0
20201111,19,SO2_24h,萍乡,34.0
20201111,19,NO2,萍乡,47.0
20201111,19,NO2_24h,萍乡,40.0
20201111,19,O3,萍乡,102.0
20201111,19,O3_24h,萍乡,141.0
20201111,19,O3_8h,萍乡,126.0
20201111,19,O3_8h_24h,萍乡,127.0
20201111,19,CO,萍乡,1.05
20201111,19,CO_24h,萍乡,1.2
20201111,20,AQI,萍乡,73.0
20201111,20,PM2.5,萍乡,39.0
20201111,20,PM2.5_24h,萍乡,41.0
20201111,20,PM10,萍乡,96.0
20201111,20,PM10_24h,萍乡,99.0
20201111,20,SO2,萍乡,23.0
20201111,20,SO2_24h,萍乡,33.0
20201111,20,NO2,萍乡,46.0
20201111,20,NO2_24h,萍乡,40.0
20201111,20,O3,萍乡,90.0
20201111,20,O3_24h,萍乡,141.0
20201111,20,O3_8h,萍乡,123.0
20201111,20,O3_8h_24h,萍乡,127.0
20201111,20,CO,萍乡,0.88
20201111,20,CO_24h,萍乡,1.17
20201111,21,AQI,萍乡,73.0
20201111,21,PM2.5,萍乡,41.0
20201111,21,PM2.5_24h,萍乡,41.0
20201111,21,PM10,萍乡,95.0
20201111,21,PM10_24h,萍乡,98.0
20201111,21,SO2,萍乡,44.0
20201111,21,SO2_24h,萍乡,34.0
20201111,21,NO2,萍乡,49.0
20201111,21,NO2_24h,萍乡,40.0
20201111,21,O3,萍乡,75.0
20201111,21,O3_24h,萍乡,141.0
20201111,21,O3_8h,萍乡,116.0
20201111,21,O3_8h_24h,萍乡,127.0
20201111,21,CO,萍乡,1.05
20201111,21,CO_24h,萍乡,1.17
20201111,22,AQI,萍乡,68.0
20201111,22,PM2.5,萍乡,37.0
20201111,22,PM2.5_24h,萍乡,41.0
20201111,22,PM10,萍乡,86.0
20201111,22,PM10_24h,萍乡,97.0
20201111,22,SO2,萍乡,38.0
20201111,22,SO2_24h,萍乡,34.0
20201111,22,NO2,萍乡,47.0
20201111,22,NO2_24h,萍乡,40.0
20201111,22,O3,萍乡,72.0
20201111,22,O3_24h,萍乡,141.0
20201111,22,O3_8h,萍乡,108.0
20201111,22,O3_8h_24h,萍乡,127.0
20201111,22,CO,萍乡,1.1
20201111,22,CO_24h,萍乡,1.17
20201111,23,AQI,萍乡,68.0
20201111,23,PM2.5,萍乡,37.0
20201111,23,PM2.5_24h,萍乡,41.0
20201111,23,PM10,萍乡,85.0
20201111,23,PM10_24h,萍乡,96.0
20201111,23,SO2,萍乡,43.0
20201111,23,SO2_24h,萍乡,35.0
20201111,23,NO2,萍乡,44.0
20201111,23,NO2_24h,萍乡,40.0
20201111,23,O3,萍乡,74.0
20201111,23,O3_24h,萍乡,141.0
20201111,23,O3_8h,萍乡,100.0
20201111,23,O3_8h_24h,萍乡,127.0
20201111,23,CO,萍乡,0.93
20201111,23,CO_24h,萍乡,1.17
20201111,0,AQI,新余,83.0
20201111,0,PM2.5,新余,36.0
20201111,0,PM2.5_24h,新余,39.0
20201111,0,PM10,新余,115.0
20201111,0,PM10_24h,新余,113.0
20201111,0,SO2,新余,49.0
20201111,0,SO2_24h,新余,40.0
20201111,0,NO2,新余,81.0
20201111,0,NO2_24h,新余,46.0
20201111,0,O3,新余,23.0
20201111,0,O3_24h,新余,125.0
20201111,0,O3_8h,新余,81.0
20201111,0,O3_8h_24h,新余,109.0
20201111,0,CO,新余,0.8
20201111,0,CO_24h,新余,0.8
20201111,1,AQI,新余,86.0
20201111,1,PM2.5,新余,42.0
20201111,1,PM2.5_24h,新余,40.0
20201111,1,PM10,新余,121.0
20201111,1,PM10_24h,新余,114.0
20201111,1,SO2,新余,37.0
20201111,1,SO2_24h,新余,39.0
20201111,1,NO2,新余,77.0
20201111,1,NO2_24h,新余,46.0
20201111,1,O3,新余,17.0
20201111,1,O3_24h,新余,125.0
20201111,1,O3_8h,新余,17.0
20201111,1,O3_8h_24h,新余,17.0
20201111,1,CO,新余,0.8
20201111,1,CO_24h,新余,0.8
20201111,2,AQI,新余,89.0
20201111,2,PM2.5,新余,46.0
20201111,2,PM2.5_24h,新余,40.0
20201111,2,PM10,新余,127.0
20201111,2,PM10_24h,新余,114.0
20201111,2,SO2,新余,32.0
20201111,2,SO2_24h,新余,38.0
20201111,2,NO2,新余,63.0
20201111,2,NO2_24h,新余,47.0
20201111,2,O3,新余,28.0
20201111,2,O3_24h,新余,125.0
20201111,2,O3_8h,新余,25.0
20201111,2,O3_8h_24h,新余,25.0
20201111,2,CO,新余,0.68
20201111,2,CO_24h,新余,0.8
20201111,3,AQI,新余,86.0
20201111,3,PM2.5,新余,44.0
20201111,3,PM2.5_24h,新余,40.0
20201111,3,PM10,新余,122.0
20201111,3,PM10_24h,新余,114.0
20201111,3,SO2,新余,31.0
20201111,3,SO2_24h,新余,38.0
20201111,3,NO2,新余,58.0
20201111,3,NO2_24h,新余,47.0
20201111,3,O3,新余,27.0
20201111,3,O3_24h,新余,125.0
20201111,3,O3_8h,新余,25.0
20201111,3,O3_8h_24h,新余,28.0
20201111,3,CO,新余,0.65
20201111,3,CO_24h,新余,0.8
20201111,4,AQI,新余,82.0
20201111,4,PM2.5,新余,41.0
20201111,4,PM2.5_24h,新余,40.0
20201111,4,PM10,新余,113.0
20201111,4,PM10_24h,新余,115.0
20201111,4,SO2,新余,35.0
20201111,4,SO2_24h,新余,38.0
20201111,4,NO2,新余,51.0
20201111,4,NO2_24h,新余,48.0
20201111,4,O3,新余,30.0
20201111,4,O3_24h,新余,125.0
20201111,4,O3_8h,新余,27.0
20201111,4,O3_8h_24h,新余,29.0
20201111,4,CO,新余,0.63
20201111,4,CO_24h,新余,0.78
20201111,5,AQI,新余,78.0
20201111,5,PM2.5,新余,39.0
20201111,5,PM2.5_24h,新余,40.0
20201111,5,PM10,新余,105.0
20201111,5,PM10_24h,新余,114.0
20201111,5,SO2,新余,42.0
20201111,5,SO2_24h,新余,39.0
20201111,5,NO2,新余,45.0
20201111,5,NO2_24h,新余,47.0
20201111,5,O3,新余,44.0
20201111,5,O3_24h,新余,125.0
20201111,5,O3_8h,新余,30.0
20201111,5,O3_8h_24h,新余,30.0
20201111,5,CO,新余,0.75
20201111,5,CO_24h,新余,0.78
20201111,6,AQI,新余,75.0
20201111,6,PM2.5,新余,40.0
20201111,6,PM2.5_24h,新余,39.0
20201111,6,PM10,新余,100.0
20201111,6,PM10_24h,新余,114.0
20201111,6,SO2,新余,41.0
20201111,6,SO2_24h,新余,40.0
20201111,6,NO2,新余,42.0
20201111,6,NO2_24h,新余,47.0
20201111,6,O3,新余,43.0
20201111,6,O3_24h,新余,125.0
20201111,6,O3_8h,新余,32.0
20201111,6,O3_8h_24h,新余,32.0
20201111,6,CO,新余,0.8
20201111,6,CO_24h,新余,0.78
20201111,8,AQI,新余,73.0
20201111,8,PM2.5,新余,42.0
20201111,8,PM2.5_24h,新余,39.0
20201111,8,PM10,新余,96.0
20201111,8,PM10_24h,新余,113.0
20201111,8,SO2,新余,53.0
20201111,8,SO2_24h,新余,39.0
20201111,8,NO2,新余,50.0
20201111,8,NO2_24h,新余,46.0
20201111,8,O3,新余,35.0
20201111,8,O3_24h,新余,125.0
20201111,8,O3_8h,新余,33.0
20201111,8,O3_8h_24h,新余,33.0
20201111,8,CO,新余,1.0
20201111,8,CO_24h,新余,0.75
20201111,10,AQI,新余,76.0
20201111,10,PM2.5,新余,42.0
20201111,10,PM2.5_24h,新余,39.0
20201111,10,PM10,新余,101.0
20201111,10,PM10_24h,新余,110.0
20201111,10,SO2,新余,41.0
20201111,10,SO2_24h,新余,38.0
20201111,10,NO2,新余,39.0
20201111,10,NO2_24h,新余,45.0
20201111,10,O3,新余,66.0
20201111,10,O3_24h,新余,125.0
20201111,10,O3_8h,新余,40.0
20201111,10,O3_8h_24h,新余,40.0
20201111,10,CO,新余,0.78
20201111,10,CO_24h,新余,0.75
20201111,11,AQI,新余,73.0
20201111,11,PM2.5,新余,40.0
20201111,11,PM2.5_24h,新余,39.0
20201111,11,PM10,新余,96.0
20201111,11,PM10_24h,新余,109.0
20201111,11,SO2,新余,40.0
20201111,11,SO2_24h,新余,38.0
20201111,11,NO2,新余,36.0
20201111,11,NO2_24h,新余,44.0
20201111,11,O3,新余,83.0
20201111,11,O3_24h,新余,125.0
20201111,11,O3_8h,新余,47.0
20201111,11,O3_8h_24h,新余,47.0
20201111,11,CO,新余,0.68
20201111,11,CO_24h,新余,0.75
20201111,12,AQI,新余,68.0
20201111,12,PM2.5,新余,36.0
20201111,12,PM2.5_24h,新余,38.0
20201111,12,PM10,新余,85.0
20201111,12,PM10_24h,新余,107.0
20201111,12,SO2,新余,29.0
20201111,12,SO2_24h,新余,37.0
20201111,12,NO2,新余,29.0
20201111,12,NO2_24h,新余,44.0
20201111,12,O3,新余,103.0
20201111,12,O3_24h,新余,125.0
20201111,12,O3_8h,新余,56.0
20201111,12,O3_8h_24h,新余,56.0
20201111,12,CO,新余,0.6
20201111,12,CO_24h,新余,0.75
20201111,13,AQI,新余,65.0
20201111,13,PM2.5,新余,31.0
20201111,13,PM2.5_24h,新余,38.0
20201111,13,PM10,新余,79.0
20201111,13,PM10_24h,新余,105.0
20201111,13,SO2,新余,25.0
20201111,13,SO2_24h,新余,37.0
20201111,13,NO2,新余,25.0
20201111,13,NO2_24h,新余,44.0
20201111,13,O3,新余,115.0
20201111,13,O3_24h,新余,128.0
20201111,13,O3_8h,新余,65.0
20201111,13,O3_8h_24h,新余,65.0
20201111,13,CO,新余,0.63
20201111,13,CO_24h,新余,0.75
20201111,14,AQI,新余,63.0
20201111,14,PM2.5,新余,31.0
20201111,14,PM2.5_24h,新余,37.0
20201111,14,PM10,新余,75.0
20201111,14,PM10_24h,新余,104.0
20201111,14,SO2,新余,30.0
20201111,14,SO2_24h,新余,37.0
20201111,14,NO2,新余,24.0
20201111,14,NO2_24h,新余,44.0
20201111,14,O3,新余,116.0
20201111,14,O3_24h,新余,129.0
20201111,14,O3_8h,新余,74.0
20201111,14,O3_8h_24h,新余,74.0
20201111,14,CO,新余,0.68
20201111,14,CO_24h,新余,0.72
20201111,15,AQI,新余,61.0
20201111,15,PM2.5,新余,29.0
20201111,15,PM2.5_24h,新余,37.0
20201111,15,PM10,新余,72.0
20201111,15,PM10_24h,新余,103.0
20201111,15,SO2,新余,30.0
20201111,15,SO2_24h,新余,37.0
20201111,15,NO2,新余,24.0
20201111,15,NO2_24h,新余,44.0
20201111,15,O3,新余,114.0
20201111,15,O3_24h,新余,129.0
20201111,15,O3_8h,新余,84.0
20201111,15,O3_8h_24h,新余,84.0
20201111,15,CO,新余,0.68
20201111,15,CO_24h,新余,0.72
20201111,16,AQI,新余,61.0
20201111,16,PM2.5,新余,30.0
20201111,16,PM2.5_24h,新余,37.0
20201111,16,PM10,新余,72.0
20201111,16,PM10_24h,新余,101.0
20201111,16,SO2,新余,27.0
20201111,16,SO2_24h,新余,37.0
20201111,16,NO2,新余,25.0
20201111,16,NO2_24h,新余,44.0
20201111,16,O3,新余,116.0
20201111,16,O3_24h,新余,122.0
20201111,16,O3_8h,新余,94.0
20201111,16,O3_8h_24h,新余,94.0
20201111,16,CO,新余,0.57
20201111,16,CO_24h,新余,0.72
20201111,17,AQI,新余,60.0
20201111,17,PM2.5,新余,26.0
20201111,17,PM2.5_24h,新余,37.0
20201111,17,PM10,新余,70.0
20201111,17,PM10_24h,新余,100.0
20201111,17,SO2,新余,30.0
20201111,17,SO2_24h,新余,37.0
20201111,17,NO2,新余,29.0
20201111,17,NO2_24h,新余,44.0
20201111,17,O3,新余,114.0
20201111,17,O3_24h,新余,119.0
20201111,17,O3_8h,新余,104.0
20201111,17,O3_8h_24h,新余,104.0
20201111,17,CO,新余,0.58
20201111,17,CO_24h,新余,0.72
20201111,18,AQI,新余,63.0
20201111,18,PM2.5,新余,29.0
20201111,18,PM2.5_24h,新余,37.0
20201111,18,PM10,新余,76.0
20201111,18,PM10_24h,新余,99.0
20201111,18,SO2,新余,25.0
20201111,18,SO2_24h,新余,37.0
20201111,18,NO2,新余,37.0
20201111,18,NO2_24h,新余,44.0
20201111,18,O3,新余,110.0
20201111,18,O3_24h,新余,119.0
20201111,18,O3_8h,新余,109.0
20201111,18,O3_8h_24h,新余,109.0
20201111,18,CO,新余,0.72
20201111,18,CO_24h,新余,0.72
20201111,19,AQI,新余,67.0
20201111,19,PM2.5,新余,27.0
20201111,19,PM2.5_24h,新余,36.0
20201111,19,PM10,新余,83.0
20201111,19,PM10_24h,新余,98.0
20201111,19,SO2,新余,22.0
20201111,19,SO2_24h,新余,37.0
20201111,19,NO2,新余,43.0
20201111,19,NO2_24h,新余,43.0
20201111,19,O3,新余,89.0
20201111,19,O3_24h,新余,119.0
20201111,19,O3_8h,新余,109.0
20201111,19,O3_8h_24h,新余,109.0
20201111,19,CO,新余,0.75
20201111,19,CO_24h,新余,0.72
20201111,20,AQI,新余,70.0
20201111,20,PM2.5,新余,32.0
20201111,20,PM2.5_24h,新余,36.0
20201111,20,PM10,新余,89.0
20201111,20,PM10_24h,新余,97.0
20201111,20,SO2,新余,31.0
20201111,20,SO2_24h,新余,37.0
20201111,20,NO2,新余,43.0
20201111,20,NO2_24h,新余,43.0
20201111,20,O3,新余,84.0
20201111,20,O3_24h,新余,119.0
20201111,20,O3_8h,新余,107.0
20201111,20,O3_8h_24h,新余,109.0
20201111,20,CO,新余,0.72
20201111,20,CO_24h,新余,0.72
20201111,21,AQI,新余,71.0
20201111,21,PM2.5,新余,32.0
20201111,21,PM2.5_24h,新余,36.0
20201111,21,PM10,新余,92.0
20201111,21,PM10_24h,新余,96.0
20201111,21,SO2,新余,24.0
20201111,21,SO2_24h,新余,37.0
20201111,21,NO2,新余,40.0
20201111,21,NO2_24h,新余,43.0
20201111,21,O3,新余,85.0
20201111,21,O3_24h,新余,119.0
20201111,21,O3_8h,新余,103.0
20201111,21,O3_8h_24h,新余,109.0
20201111,21,CO,新余,0.65
20201111,21,CO_24h,新余,0.72
20201111,22,AQI,新余,69.0
20201111,22,PM2.5,新余,32.0
20201111,22,PM2.5_24h,新余,36.0
20201111,22,PM10,新余,87.0
20201111,22,PM10_24h,新余,95.0
20201111,22,SO2,新余,38.0
20201111,22,SO2_24h,新余,36.0
20201111,22,NO2,新余,39.0
20201111,22,NO2_24h,新余,43.0
20201111,22,O3,新余,79.0
20201111,22,O3_24h,新余,119.0
20201111,22,O3_8h,新余,99.0
20201111,22,O3_8h_24h,新余,109.0
20201111,22,CO,新余,0.6
20201111,22,CO_24h,新余,0.72
20201111,23,AQI,新余,67.0
20201111,23,PM2.5,新余,32.0
20201111,23,PM2.5_24h,新余,36.0
20201111,23,PM10,新余,84.0
20201111,23,PM10_24h,新余,94.0
20201111,23,SO2,新余,70.0
20201111,23,SO2_24h,新余,36.0
20201111,23,NO2,新余,54.0
20201111,23,NO2_24h,新余,43.0
20201111,23,O3,新余,53.0
20201111,23,O3_24h,新余,119.0
20201111,23,O3_8h,新余,91.0
20201111,23,O3_8h_24h,新余,109.0
20201111,23,CO,新余,0.7
20201111,23,CO_24h,新余,0.72
20201111,0,AQI,鹰潭,59.0
20201111,0,PM2.5,鹰潭,40.0
20201111,0,PM2.5_24h,鹰潭,50.0
20201111,0,PM10,鹰潭,68.0
20201111,0,PM10_24h,鹰潭,107.0
20201111,0,SO2,鹰潭,21.0
20201111,0,SO2_24h,鹰潭,51.0
20201111,0,NO2,鹰潭,36.0
20201111,0,NO2_24h,鹰潭,41.0
20201111,0,O3,鹰潭,77.0
20201111,0,O3_24h,鹰潭,167.0
20201111,0,O3_8h,鹰潭,97.0
20201111,0,O3_8h_24h,鹰潭,145.0
20201111,0,CO,鹰潭,0.48
20201111,0,CO_24h,鹰潭,0.65
20201111,1,AQI,鹰潭,61.0
20201111,1,PM2.5,鹰潭,44.0
20201111,1,PM2.5_24h,鹰潭,49.0
20201111,1,PM10,鹰潭,70.0
20201111,1,PM10_24h,鹰潭,104.0
20201111,1,SO2,鹰潭,26.0
20201111,1,SO2_24h,鹰潭,48.0
20201111,1,NO2,鹰潭,44.0
20201111,1,NO2_24h,鹰潭,41.0
20201111,1,O3,鹰潭,65.0
20201111,1,O3_24h,鹰潭,167.0
20201111,1,O3_8h,鹰潭,65.0
20201111,1,O3_8h_24h,鹰潭,65.0
20201111,1,CO,鹰潭,0.6
20201111,1,CO_24h,鹰潭,0.65
20201111,2,AQI,鹰潭,59.0
20201111,2,PM2.5,鹰潭,40.0
20201111,2,PM2.5_24h,鹰潭,48.0
20201111,2,PM10,鹰潭,67.0
20201111,2,PM10_24h,鹰潭,101.0
20201111,2,SO2,鹰潭,29.0
20201111,2,SO2_24h,鹰潭,45.0
20201111,2,NO2,鹰潭,39.0
20201111,2,NO2_24h,鹰潭,40.0
20201111,2,O3,鹰潭,75.0
20201111,2,O3_24h,鹰潭,167.0
20201111,2,O3_8h,鹰潭,70.0
20201111,2,O3_8h_24h,鹰潭,71.0
20201111,2,CO,鹰潭,0.55
20201111,2,CO_24h,鹰潭,0.63
20201111,3,AQI,鹰潭,55.0
20201111,3,PM2.5,鹰潭,38.0
20201111,3,PM2.5_24h,鹰潭,46.0
20201111,3,PM10,鹰潭,59.0
20201111,3,PM10_24h,鹰潭,97.0
20201111,3,SO2,鹰潭,27.0
20201111,3,SO2_24h,鹰潭,42.0
20201111,3,NO2,鹰潭,33.0
20201111,3,NO2_24h,鹰潭,40.0
20201111,3,O3,鹰潭,79.0
20201111,3,O3_24h,鹰潭,167.0
20201111,3,O3_8h,鹰潭,73.0
20201111,3,O3_8h_24h,鹰潭,75.0
20201111,3,CO,鹰潭,0.5
20201111,3,CO_24h,鹰潭,0.6
20201111,4,AQI,鹰潭,58.0
20201111,4,PM2.5,鹰潭,40.0
20201111,4,PM2.5_24h,鹰潭,45.0
20201111,4,PM10,鹰潭,65.0
20201111,4,PM10_24h,鹰潭,95.0
20201111,4,SO2,鹰潭,30.0
20201111,4,SO2_24h,鹰潭,40.0
20201111,4,NO2,鹰潭,36.0
20201111,4,NO2_24h,鹰潭,39.0
20201111,4,O3,鹰潭,74.0
20201111,4,O3_24h,鹰潭,167.0
20201111,4,O3_8h,鹰潭,73.0
20201111,4,O3_8h_24h,鹰潭,77.0
20201111,4,CO,鹰潭,0.55
20201111,4,CO_24h,鹰潭,0.6
20201111,5,AQI,鹰潭,63.0
20201111,5,PM2.5,鹰潭,45.0
20201111,5,PM2.5_24h,鹰潭,44.0
20201111,5,PM10,鹰潭,64.0
20201111,5,PM10_24h,鹰潭,93.0
20201111,5,SO2,鹰潭,26.0
20201111,5,SO2_24h,鹰潭,38.0
20201111,5,NO2,鹰潭,38.0
20201111,5,NO2_24h,鹰潭,38.0
20201111,5,O3,鹰潭,65.0
20201111,5,O3_24h,鹰潭,167.0
20201111,5,O3_8h,鹰潭,72.0
20201111,5,O3_8h_24h,鹰潭,77.0
20201111,5,CO,鹰潭,0.57
20201111,5,CO_24h,鹰潭,0.6
20201111,6,AQI,鹰潭,73.0
20201111,6,PM2.5,鹰潭,53.0
20201111,6,PM2.5_24h,鹰潭,43.0
20201111,6,PM10,鹰潭,71.0
20201111,6,PM10_24h,鹰潭,90.0
20201111,6,SO2,鹰潭,34.0
20201111,6,SO2_24h,鹰潭,35.0
20201111,6,NO2,鹰潭,41.0
20201111,6,NO2_24h,鹰潭,38.0
20201111,6,O3,鹰潭,57.0
20201111,6,O3_24h,鹰潭,167.0
20201111,6,O3_8h,鹰潭,69.0
20201111,6,O3_8h_24h,鹰潭,77.0
20201111,6,CO,鹰潭,0.7
20201111,6,CO_24h,鹰潭,0.6
20201111,8,AQI,鹰潭,90.0
20201111,8,PM2.5,鹰潭,67.0
20201111,8,PM2.5_24h,鹰潭,42.0
20201111,8,PM10,鹰潭,89.0
20201111,8,PM10_24h,鹰潭,88.0
20201111,8,SO2,鹰潭,54.0
20201111,8,SO2_24h,鹰潭,31.0
20201111,8,NO2,鹰潭,51.0
20201111,8,NO2_24h,鹰潭,37.0
20201111,8,O3,鹰潭,41.0
20201111,8,O3_24h,鹰潭,167.0
20201111,8,O3_8h,鹰潭,65.0
20201111,8,O3_8h_24h,鹰潭,77.0
20201111,8,CO,鹰潭,0.95
20201111,8,CO_24h,鹰潭,0.55
20201111,10,AQI,鹰潭,64.0
20201111,10,PM2.5,鹰潭,44.0
20201111,10,PM2.5_24h,鹰潭,42.0
20201111,10,PM10,鹰潭,77.0
20201111,10,PM10_24h,鹰潭,85.0
20201111,10,SO2,鹰潭,19.0
20201111,10,SO2_24h,鹰潭,30.0
20201111,10,NO2,鹰潭,26.0
20201111,10,NO2_24h,鹰潭,37.0
20201111,10,O3,鹰潭,106.0
20201111,10,O3_24h,鹰潭,167.0
20201111,10,O3_8h,鹰潭,67.0
20201111,10,O3_8h_24h,鹰潭,78.0
20201111,10,CO,鹰潭,0.45
20201111,10,CO_24h,鹰潭,0.55
20201111,11,AQI,鹰潭,64.0
20201111,11,PM2.5,鹰潭,41.0
20201111,11,PM2.5_24h,鹰潭,43.0
20201111,11,PM10,鹰潭,78.0
20201111,11,PM10_24h,鹰潭,84.0
20201111,11,SO2,鹰潭,17.0
20201111,11,SO2_24h,鹰潭,29.0
20201111,11,NO2,鹰潭,25.0
20201111,11,NO2_24h,鹰潭,37.0
20201111,11,O3,鹰潭,120.0
20201111,11,O3_24h,鹰潭,167.0
20201111,11,O3_8h,鹰潭,72.0
20201111,11,O3_8h_24h,鹰潭,79.0
20201111,11,CO,鹰潭,0.53
20201111,11,CO_24h,鹰潭,0.55
20201111,12,AQI,鹰潭,65.0
20201111,12,PM2.5,鹰潭,38.0
20201111,12,PM2.5_24h,鹰潭,43.0
20201111,12,PM10,鹰潭,79.0
20201111,12,PM10_24h,鹰潭,83.0
20201111,12,SO2,鹰潭,19.0
20201111,12,SO2_24h,鹰潭,29.0
20201111,12,NO2,鹰潭,28.0
20201111,12,NO2_24h,鹰潭,37.0
20201111,12,O3,鹰潭,124.0
20201111,12,O3_24h,鹰潭,167.0
20201111,12,O3_8h,鹰潭,76.0
20201111,12,O3_8h_24h,鹰潭,80.0
20201111,12,CO,鹰潭,0.57
20201111,12,CO_24h,鹰潭,0.57
20201111,13,AQI,鹰潭,58.0
20201111,13,PM2.5,鹰潭,34.0
20201111,13,PM2.5_24h,鹰潭,43.0
20201111,13,PM10,鹰潭,66.0
20201111,13,PM10_24h,鹰潭,82.0
20201111,13,SO2,鹰潭,17.0
20201111,13,SO2_24h,鹰潭,29.0
20201111,13,NO2,鹰潭,25.0
20201111,13,NO2_24h,鹰潭,37.0
20201111,13,O3,鹰潭,130.0
20201111,13,O3_24h,鹰潭,167.0
20201111,13,O3_8h,鹰潭,85.0
20201111,13,O3_8h_24h,鹰潭,85.0
20201111,13,CO,鹰潭,0.5
20201111,13,CO_24h,鹰潭,0.57
20201111,14,AQI,鹰潭,54.0
20201111,14,PM2.5,鹰潭,28.0
20201111,14,PM2.5_24h,鹰潭,43.0
20201111,14,PM10,鹰潭,57.0
20201111,14,PM10_24h,鹰潭,80.0
20201111,14,SO2,鹰潭,20.0
20201111,14,SO2_24h,鹰潭,29.0
20201111,14,NO2,鹰潭,21.0
20201111,14,NO2_24h,鹰潭,38.0
20201111,14,O3,鹰潭,144.0
20201111,14,O3_24h,鹰潭,167.0
20201111,14,O3_8h,鹰潭,96.0
20201111,14,O3_8h_24h,鹰潭,96.0
20201111,14,CO,鹰潭,0.4
20201111,14,CO_24h,鹰潭,0.57
20201111,15,AQI,鹰潭,56.0
20201111,15,PM2.5,鹰潭,24.0
20201111,15,PM2.5_24h,鹰潭,43.0
20201111,15,PM10,鹰潭,61.0
20201111,15,PM10_24h,鹰潭,79.0
20201111,15,SO2,鹰潭,28.0
20201111,15,SO2_24h,鹰潭,30.0
20201111,15,NO2,鹰潭,20.0
20201111,15,NO2_24h,鹰潭,38.0
20201111,15,O3,鹰潭,149.0
20201111,15,O3_24h,鹰潭,164.0
20201111,15,O3_8h,鹰潭,110.0
20201111,15,O3_8h_24h,鹰潭,110.0
20201111,15,CO,鹰潭,0.38
20201111,15,CO_24h,鹰潭,0.57
20201111,16,AQI,鹰潭,55.0
20201111,16,PM2.5,鹰潭,24.0
20201111,16,PM2.5_24h,鹰潭,43.0
20201111,16,PM10,鹰潭,59.0
20201111,16,PM10_24h,鹰潭,79.0
20201111,16,SO2,鹰潭,29.0
20201111,16,SO2_24h,鹰潭,30.0
20201111,16,NO2,鹰潭,21.0
20201111,16,NO2_24h,鹰潭,38.0
20201111,16,O3,鹰潭,149.0
20201111,16,O3_24h,鹰潭,158.0
20201111,16,O3_8h,鹰潭,123.0
20201111,16,O3_8h_24h,鹰潭,123.0
20201111,16,CO,鹰潭,0.37
20201111,16,CO_24h,鹰潭,0.57
20201111,17,AQI,鹰潭,61.0
20201111,17,PM2.5,鹰潭,24.0
20201111,17,PM2.5_24h,鹰潭,42.0
20201111,17,PM10,鹰潭,71.0
20201111,17,PM10_24h,鹰潭,78.0
20201111,17,SO2,鹰潭,21.0
20201111,17,SO2_24h,鹰潭,30.0
20201111,17,NO2,鹰潭,26.0
20201111,17,NO2_24h,鹰潭,38.0
20201111,17,O3,鹰潭,139.0
20201111,17,O3_24h,鹰潭,149.0
20201111,17,O3_8h,鹰潭,132.0
20201111,17,O3_8h_24h,鹰潭,132.0
20201111,17,CO,鹰潭,0.43
20201111,17,CO_24h,鹰潭,0.57
20201111,18,AQI,鹰潭,66.0
20201111,18,PM2.5,鹰潭,28.0
20201111,18,PM2.5_24h,鹰潭,42.0
20201111,18,PM10,鹰潭,82.0
20201111,18,PM10_24h,鹰潭,77.0
20201111,18,SO2,鹰潭,14.0
20201111,18,SO2_24h,鹰潭,30.0
20201111,18,NO2,鹰潭,41.0
20201111,18,NO2_24h,鹰潭,38.0
20201111,18,O3,鹰潭,116.0
20201111,18,O3_24h,鹰潭,149.0
20201111,18,O3_8h,鹰潭,133.0
20201111,18,O3_8h_24h,鹰潭,133.0
20201111,18,CO,鹰潭,0.45
20201111,18,CO_24h,鹰潭,0.57
20201111,19,AQI,鹰潭,74.0
20201111,19,PM2.5,鹰潭,43.0
20201111,19,PM2.5_24h,鹰潭,42.0
20201111,19,PM10,鹰潭,97.0
20201111,19,PM10_24h,鹰潭,76.0
20201111,19,SO2,鹰潭,15.0
20201111,19,SO2_24h,鹰潭,29.0
20201111,19,NO2,鹰潭,60.0
20201111,19,NO2_24h,鹰潭,38.0
20201111,19,O3,鹰潭,84.0
20201111,19,O3_24h,鹰潭,149.0
20201111,19,O3_8h,鹰潭,129.0
20201111,19,O3_8h_24h,鹰潭,133.0
20201111,19,CO,鹰潭,0.57
20201111,19,CO_24h,鹰潭,0.57
20201111,20,AQI,鹰潭,77.0
20201111,20,PM2.5,鹰潭,45.0
20201111,20,PM2.5_24h,鹰潭,42.0
20201111,20,PM10,鹰潭,103.0
20201111,20,PM10_24h,鹰潭,76.0
20201111,20,SO2,鹰潭,22.0
20201111,20,SO2_24h,鹰潭,29.0
20201111,20,NO2,鹰潭,56.0
20201111,20,NO2_24h,鹰潭,38.0
20201111,20,O3,鹰潭,83.0
20201111,20,O3_24h,鹰潭,149.0
20201111,20,O3_8h,鹰潭,123.0
20201111,20,O3_8h_24h,鹰潭,133.0
20201111,20,CO,鹰潭,0.57
20201111,20,CO_24h,鹰潭,0.57
20201111,21,AQI,鹰潭,69.0
20201111,21,PM2.5,鹰潭,44.0
20201111,21,PM2.5_24h,鹰潭,42.0
20201111,21,PM10,鹰潭,88.0
20201111,21,PM10_24h,鹰潭,75.0
20201111,21,SO2,鹰潭,25.0
20201111,21,SO2_24h,鹰潭,27.0
20201111,21,NO2,鹰潭,52.0
20201111,21,NO2_24h,鹰潭,38.0
20201111,21,O3,鹰潭,78.0
20201111,21,O3_24h,鹰潭,149.0
20201111,21,O3_8h,鹰潭,116.0
20201111,21,O3_8h_24h,鹰潭,133.0
20201111,21,CO,鹰潭,0.55
20201111,21,CO_24h,鹰潭,0.57
20201111,22,AQI,鹰潭,63.0
20201111,22,PM2.5,鹰潭,43.0
20201111,22,PM2.5_24h,鹰潭,42.0
20201111,22,PM10,鹰潭,76.0
20201111,22,PM10_24h,鹰潭,74.0
20201111,22,SO2,鹰潭,35.0
20201111,22,SO2_24h,鹰潭,26.0
20201111,22,NO2,鹰潭,49.0
20201111,22,NO2_24h,鹰潭,38.0
20201111,22,O3,鹰潭,82.0
20201111,22,O3_24h,鹰潭,149.0
20201111,22,O3_8h,鹰潭,109.0
20201111,22,O3_8h_24h,鹰潭,133.0
20201111,22,CO,鹰潭,0.6
20201111,22,CO_24h,鹰潭,0.55
20201111,23,AQI,鹰潭,58.0
20201111,23,PM2.5,鹰潭,38.0
20201111,23,PM2.5_24h,鹰潭,41.0
20201111,23,PM10,鹰潭,65.0
20201111,23,PM10_24h,鹰潭,74.0
20201111,23,SO2,鹰潭,36.0
20201111,23,SO2_24h,鹰潭,27.0
20201111,23,NO2,鹰潭,40.0
20201111,23,NO2_24h,鹰潭,38.0
20201111,23,O3,鹰潭,102.0
20201111,23,O3_24h,鹰潭,149.0
20201111,23,O3_8h,鹰潭,102.0
20201111,23,O3_8h_24h,鹰潭,133.0
20201111,23,CO,鹰潭,0.63
20201111,23,CO_24h,鹰潭,0.57
20201111,0,AQI,赣州,72.0
20201111,0,PM2.5,赣州,40.0
20201111,0,PM2.5_24h,赣州,39.0
20201111,0,PM10,赣州,94.0
20201111,0,PM10_24h,赣州,89.0
20201111,0,SO2,赣州,17.0
20201111,0,SO2_24h,赣州,20.0
20201111,0,NO2,赣州,41.0
20201111,0,NO2_24h,赣州,26.0
20201111,0,O3,赣州,79.0
20201111,0,O3_24h,赣州,145.0
20201111,0,O3_8h,赣州,119.0
20201111,0,O3_8h_24h,赣州,139.0
20201111,0,CO,赣州,0.97
20201111,0,CO_24h,赣州,0.93
20201111,1,AQI,赣州,72.0
20201111,1,PM2.5,赣州,39.0
20201111,1,PM2.5_24h,赣州,39.0
20201111,1,PM10,赣州,93.0
20201111,1,PM10_24h,赣州,89.0
20201111,1,SO2,赣州,13.0
20201111,1,SO2_24h,赣州,19.0
20201111,1,NO2,赣州,40.0
20201111,1,NO2_24h,赣州,26.0
20201111,1,O3,赣州,70.0
20201111,1,O3_24h,赣州,145.0
20201111,1,O3_8h,赣州,70.0
20201111,1,O3_8h_24h,赣州,70.0
20201111,1,CO,赣州,0.97
20201111,1,CO_24h,赣州,0.93
20201111,2,AQI,赣州,72.0
20201111,2,PM2.5,赣州,43.0
20201111,2,PM2.5_24h,赣州,39.0
20201111,2,PM10,赣州,94.0
20201111,2,PM10_24h,赣州,90.0
20201111,2,SO2,赣州,11.0
20201111,2,SO2_24h,赣州,19.0
20201111,2,NO2,赣州,43.0
20201111,2,NO2_24h,赣州,27.0
20201111,2,O3,赣州,57.0
20201111,2,O3_24h,赣州,145.0
20201111,2,O3_8h,赣州,64.0
20201111,2,O3_8h_24h,赣州,70.0
20201111,2,CO,赣州,0.9
20201111,2,CO_24h,赣州,0.95
20201111,3,AQI,赣州,71.0
20201111,3,PM2.5,赣州,40.0
20201111,3,PM2.5_24h,赣州,39.0
20201111,3,PM10,赣州,91.0
20201111,3,PM10_24h,赣州,90.0
20201111,3,SO2,赣州,12.0
20201111,3,SO2_24h,赣州,18.0
20201111,3,NO2,赣州,34.0
20201111,3,NO2_24h,赣州,27.0
20201111,3,O3,赣州,64.0
20201111,3,O3_24h,赣州,145.0
20201111,3,O3_8h,赣州,64.0
20201111,3,O3_8h_24h,赣州,70.0
20201111,3,CO,赣州,0.9
20201111,3,CO_24h,赣州,0.95
20201111,4,AQI,赣州,67.0
20201111,4,PM2.5,赣州,36.0
20201111,4,PM2.5_24h,赣州,39.0
20201111,4,PM10,赣州,83.0
20201111,4,PM10_24h,赣州,90.0
20201111,4,SO2,赣州,11.0
20201111,4,SO2_24h,赣州,18.0
20201111,4,NO2,赣州,38.0
20201111,4,NO2_24h,赣州,27.0
20201111,4,O3,赣州,51.0
20201111,4,O3_24h,赣州,145.0
20201111,4,O3_8h,赣州,61.0
20201111,4,O3_8h_24h,赣州,70.0
20201111,4,CO,赣州,0.88
20201111,4,CO_24h,赣州,0.95
20201111,5,AQI,赣州,67.0
20201111,5,PM2.5,赣州,40.0
20201111,5,PM2.5_24h,赣州,39.0
20201111,5,PM10,赣州,83.0
20201111,5,PM10_24h,赣州,90.0
20201111,5,SO2,赣州,10.0
20201111,5,SO2_24h,赣州,18.0
20201111,5,NO2,赣州,32.0
20201111,5,NO2_24h,赣州,28.0
20201111,5,O3,赣州,51.0
20201111,5,O3_24h,赣州,145.0
20201111,5,O3_8h,赣州,59.0
20201111,5,O3_8h_24h,赣州,70.0
20201111,5,CO,赣州,0.85
20201111,5,CO_24h,赣州,0.95
20201111,6,AQI,赣州,66.0
20201111,6,PM2.5,赣州,42.0
20201111,6,PM2.5_24h,赣州,39.0
20201111,6,PM10,赣州,81.0
20201111,6,PM10_24h,赣州,90.0
20201111,6,SO2,赣州,11.0
20201111,6,SO2_24h,赣州,18.0
20201111,6,NO2,赣州,30.0
20201111,6,NO2_24h,赣州,28.0
20201111,6,O3,赣州,52.0
20201111,6,O3_24h,赣州,145.0
20201111,6,O3_8h,赣州,58.0
20201111,6,O3_8h_24h,赣州,70.0
20201111,6,CO,赣州,0.85
20201111,6,CO_24h,赣州,0.95
20201111,8,AQI,赣州,66.0
20201111,8,PM2.5,赣州,37.0
20201111,8,PM2.5_24h,赣州,39.0
20201111,8,PM10,赣州,81.0
20201111,8,PM10_24h,赣州,90.0
20201111,8,SO2,赣州,16.0
20201111,8,SO2_24h,赣州,18.0
20201111,8,NO2,赣州,40.0
20201111,8,NO2_24h,赣州,28.0
20201111,8,O3,赣州,47.0
20201111,8,O3_24h,赣州,145.0
20201111,8,O3_8h,赣州,55.0
20201111,8,O3_8h_24h,赣州,70.0
20201111,8,CO,赣州,0.95
20201111,8,CO_24h,赣州,0.95
20201111,10,AQI,赣州,73.0
20201111,10,PM2.5,赣州,40.0
20201111,10,PM2.5_24h,赣州,39.0
20201111,10,PM10,赣州,95.0
20201111,10,PM10_24h,赣州,89.0
20201111,10,SO2,赣州,28.0
20201111,10,SO2_24h,赣州,19.0
20201111,10,NO2,赣州,27.0
20201111,10,NO2_24h,赣州,28.0
20201111,10,O3,赣州,96.0
20201111,10,O3_24h,赣州,145.0
20201111,10,O3_8h,赣州,59.0
20201111,10,O3_8h_24h,赣州,70.0
20201111,10,CO,赣州,0.93
20201111,10,CO_24h,赣州,0.93
20201111,11,AQI,赣州,74.0
20201111,11,PM2.5,赣州,41.0
20201111,11,PM2.5_24h,赣州,39.0
20201111,11,PM10,赣州,98.0
20201111,11,PM10_24h,赣州,89.0
20201111,11,SO2,赣州,21.0
20201111,11,SO2_24h,赣州,19.0
20201111,11,NO2,赣州,19.0
20201111,11,NO2_24h,赣州,28.0
20201111,11,O3,赣州,115.0
20201111,11,O3_24h,赣州,145.0
20201111,11,O3_8h,赣州,64.0
20201111,11,O3_8h_24h,赣州,73.0
20201111,11,CO,赣州,0.88
20201111,11,CO_24h,赣州,0.95
20201111,12,AQI,赣州,71.0
20201111,12,PM2.5,赣州,38.0
20201111,12,PM2.5_24h,赣州,39.0
20201111,12,PM10,赣州,92.0
20201111,12,PM10_24h,赣州,89.0
20201111,12,SO2,赣州,25.0
20201111,12,SO2_24h,赣州,19.0
20201111,12,NO2,赣州,20.0
20201111,12,NO2_24h,赣州,29.0
20201111,12,O3,赣州,125.0
20201111,12,O3_24h,赣州,145.0
20201111,12,O3_8h,赣州,74.0
20201111,12,O3_8h_24h,赣州,78.0
20201111,12,CO,赣州,0.83
20201111,12,CO_24h,赣州,0.95
20201111,13,AQI,赣州,66.0
20201111,13,PM2.5,赣州,34.0
20201111,13,PM2.5_24h,赣州,39.0
20201111,13,PM10,赣州,82.0
20201111,13,PM10_24h,赣州,89.0
20201111,13,SO2,赣州,34.0
20201111,13,SO2_24h,赣州,19.0
20201111,13,NO2,赣州,17.0
20201111,13,NO2_24h,赣州,29.0
20201111,13,O3,赣州,133.0
20201111,13,O3_24h,赣州,145.0
20201111,13,O3_8h,赣州,84.0
20201111,13,O3_8h_24h,赣州,87.0
20201111,13,CO,赣州,0.77
20201111,13,CO_24h,赣州,0.95
20201111,14,AQI,赣州,65.0
20201111,14,PM2.5,赣州,33.0
20201111,14,PM2.5_24h,赣州,39.0
20201111,14,PM10,赣州,79.0
20201111,14,PM10_24h,赣州,88.0
20201111,14,SO2,赣州,22.0
20201111,14,SO2_24h,赣州,19.0
20201111,14,NO2,赣州,13.0
20201111,14,NO2_24h,赣州,29.0
20201111,14,O3,赣州,133.0
20201111,14,O3_24h,赣州,144.0
20201111,14,O3_8h,赣州,95.0
20201111,14,O3_8h_24h,赣州,96.0
20201111,14,CO,赣州,0.85
20201111,14,CO_24h,赣州,0.93
20201111,15,AQI,赣州,60.0
20201111,15,PM2.5,赣州,32.0
20201111,15,PM2.5_24h,赣州,39.0
20201111,15,PM10,赣州,70.0
20201111,15,PM10_24h,赣州,87.0
20201111,15,SO2,赣州,19.0
20201111,15,SO2_24h,赣州,19.0
20201111,15,NO2,赣州,15.0
20201111,15,NO2_24h,赣州,29.0
20201111,15,O3,赣州,130.0
20201111,15,O3_24h,赣州,144.0
20201111,15,O3_8h,赣州,105.0
20201111,15,O3_8h_24h,赣州,106.0
20201111,15,CO,赣州,0.88
20201111,15,CO_24h,赣州,0.95
20201111,16,AQI,赣州,56.0
20201111,16,PM2.5,赣州,30.0
20201111,16,PM2.5_24h,赣州,39.0
20201111,16,PM10,赣州,61.0
20201111,16,PM10_24h,赣州,87.0
20201111,16,SO2,赣州,20.0
20201111,16,SO2_24h,赣州,19.0
20201111,16,NO2,赣州,16.0
20201111,16,NO2_24h,赣州,29.0
20201111,16,O3,赣州,132.0
20201111,16,O3_24h,赣州,144.0
20201111,16,O3_8h,赣州,116.0
20201111,16,O3_8h_24h,赣州,116.0
20201111,16,CO,赣州,0.88
20201111,16,CO_24h,赣州,0.9
20201111,17,AQI,赣州,58.0
20201111,17,PM2.5,赣州,31.0
20201111,17,PM2.5_24h,赣州,38.0
20201111,17,PM10,赣州,65.0
20201111,17,PM10_24h,赣州,86.0
20201111,17,SO2,赣州,15.0
20201111,17,SO2_24h,赣州,19.0
20201111,17,NO2,赣州,20.0
20201111,17,NO2_24h,赣州,29.0
20201111,17,O3,赣州,133.0
20201111,17,O3_24h,赣州,139.0
20201111,17,O3_8h,赣州,125.0
20201111,17,O3_8h_24h,赣州,125.0
20201111,17,CO,赣州,0.95
20201111,17,CO_24h,赣州,0.9
20201111,18,AQI,赣州,61.0
20201111,18,PM2.5,赣州,31.0
20201111,18,PM2.5_24h,赣州,38.0
20201111,18,PM10,赣州,71.0
20201111,18,PM10_24h,赣州,85.0
20201111,18,SO2,赣州,15.0
20201111,18,SO2_24h,赣州,19.0
20201111,18,NO2,赣州,24.0
20201111,18,NO2_24h,赣州,29.0
20201111,18,O3,赣州,130.0
20201111,18,O3_24h,赣州,136.0
20201111,18,O3_8h,赣州,130.0
20201111,18,O3_8h_24h,赣州,130.0
20201111,18,CO,赣州,0.97
20201111,18,CO_24h,赣州,0.9
20201111,19,AQI,赣州,62.0
20201111,19,PM2.5,赣州,33.0
20201111,19,PM2.5_24h,赣州,38.0
20201111,19,PM10,赣州,73.0
20201111,19,PM10_24h,赣州,85.0
20201111,19,SO2,赣州,20.0
20201111,19,SO2_24h,赣州,19.0
20201111,19,NO2,赣州,26.0
20201111,19,NO2_24h,赣州,29.0
20201111,19,O3,赣州,126.0
20201111,19,O3_24h,赣州,136.0
20201111,19,O3_8h,赣州,130.0
20201111,19,O3_8h_24h,赣州,131.0
20201111,19,CO,赣州,0.95
20201111,19,CO_24h,赣州,0.9
20201111,20,AQI,赣州,64.0
20201111,20,PM2.5,赣州,35.0
20201111,20,PM2.5_24h,赣州,37.0
20201111,20,PM10,赣州,77.0
20201111,20,PM10_24h,赣州,83.0
20201111,20,SO2,赣州,18.0
20201111,20,SO2_24h,赣州,19.0
20201111,20,NO2,赣州,30.0
20201111,20,NO2_24h,赣州,29.0
20201111,20,O3,赣州,117.0
20201111,20,O3_24h,赣州,136.0
20201111,20,O3_8h,赣州,129.0
20201111,20,O3_8h_24h,赣州,131.0
20201111,20,CO,赣州,1.0
20201111,20,CO_24h,赣州,0.9
20201111,21,AQI,赣州,66.0
20201111,21,PM2.5,赣州,39.0
20201111,21,PM2.5_24h,赣州,37.0
20201111,21,PM10,赣州,82.0
20201111,21,PM10_24h,赣州,83.0
20201111,21,SO2,赣州,16.0
20201111,21,SO2_24h,赣州,18.0
20201111,21,NO2,赣州,32.0
20201111,21,NO2_24h,赣州,29.0
20201111,21,O3,赣州,114.0
20201111,21,O3_24h,赣州,136.0
20201111,21,O3_8h,赣州,127.0
20201111,21,O3_8h_24h,赣州,131.0
20201111,21,CO,赣州,1.0
20201111,21,CO_24h,赣州,0.9
20201111,22,AQI,赣州,66.0
20201111,22,PM2.5,赣州,43.0
20201111,22,PM2.5_24h,赣州,37.0
20201111,22,PM10,赣州,81.0
20201111,22,PM10_24h,赣州,82.0
20201111,22,SO2,赣州,16.0
20201111,22,SO2_24h,赣州,18.0
20201111,22,NO2,赣州,34.0
20201111,22,NO2_24h,赣州,29.0
20201111,22,O3,赣州,106.0
20201111,22,O3_24h,赣州,136.0
20201111,22,O3_8h,赣州,123.0
20201111,22,O3_8h_24h,赣州,131.0
20201111,22,CO,赣州,1.0
20201111,22,CO_24h,赣州,0.9
20201111,23,AQI,赣州,66.0
20201111,23,PM2.5,赣州,44.0
20201111,23,PM2.5_24h,赣州,38.0
20201111,23,PM10,赣州,82.0
20201111,23,PM10_24h,赣州,82.0
20201111,23,SO2,赣州,15.0
20201111,23,SO2_24h,赣州,18.0
20201111,23,NO2,赣州,38.0
20201111,23,NO2_24h,赣州,29.0
20201111,23,O3,赣州,95.0
20201111,23,O3_24h,赣州,136.0
20201111,23,O3_8h,赣州,119.0
20201111,23,O3_8h_24h,赣州,131.0
20201111,23,CO,赣州,1.03
20201111,23,CO_24h,赣州,0.9
20201111,0,AQI,吉安,85.0
20201111,0,PM2.5,吉安,43.0
20201111,0,PM2.5_24h,吉安,41.0
20201111,0,PM10,吉安,120.0
20201111,0,PM10_24h,吉安,108.0
20201111,0,SO2,吉安,17.0
20201111,0,SO2_24h,吉安,20.0
20201111,0,NO2,吉安,35.0
20201111,0,NO2_24h,吉安,29.0
20201111,0,O3,吉安,85.0
20201111,0,O3_24h,吉安,157.0
20201111,0,O3_8h,吉安,119.0
20201111,0,O3_8h_24h,吉安,147.0
20201111,0,CO,吉安,0.55
20201111,0,CO_24h,吉安,0.6
20201111,1,AQI,吉安,83.0
20201111,1,PM2.5,吉安,41.0
20201111,1,PM2.5_24h,吉安,41.0
20201111,1,PM10,吉安,115.0
20201111,1,PM10_24h,吉安,108.0
20201111,1,SO2,吉安,16.0
20201111,1,SO2_24h,吉安,20.0
20201111,1,NO2,吉安,28.0
20201111,1,NO2_24h,吉安,28.0
20201111,1,O3,吉安,87.0
20201111,1,O3_24h,吉安,157.0
20201111,1,O3_8h,吉安,87.0
20201111,1,O3_8h_24h,吉安,87.0
20201111,1,CO,吉安,0.5
20201111,1,CO_24h,吉安,0.6
20201111,2,AQI,吉安,75.0
20201111,2,PM2.5,吉安,40.0
20201111,2,PM2.5_24h,吉安,41.0
20201111,2,PM10,吉安,99.0
20201111,2,PM10_24h,吉安,108.0
20201111,2,SO2,吉安,18.0
20201111,2,SO2_24h,吉安,20.0
20201111,2,NO2,吉安,23.0
20201111,2,NO2_24h,吉安,29.0
20201111,2,O3,吉安,91.0
20201111,2,O3_24h,吉安,157.0
20201111,2,O3_8h,吉安,89.0
20201111,2,O3_8h_24h,吉安,89.0
20201111,2,CO,吉安,0.5
20201111,2,CO_24h,吉安,0.6
20201111,3,AQI,吉安,72.0
20201111,3,PM2.5,吉安,36.0
20201111,3,PM2.5_24h,吉安,41.0
20201111,3,PM10,吉安,94.0
20201111,3,PM10_24h,吉安,108.0
20201111,3,SO2,吉安,16.0
20201111,3,SO2_24h,吉安,20.0
20201111,3,NO2,吉安,26.0
20201111,3,NO2_24h,吉安,29.0
20201111,3,O3,吉安,74.0
20201111,3,O3_24h,吉安,157.0
20201111,3,O3_8h,吉安,84.0
20201111,3,O3_8h_24h,吉安,89.0
20201111,3,CO,吉安,0.55
20201111,3,CO_24h,吉安,0.6
20201111,4,AQI,吉安,72.0
20201111,4,PM2.5,吉安,36.0
20201111,4,PM2.5_24h,吉安,41.0
20201111,4,PM10,吉安,94.0
20201111,4,PM10_24h,吉安,108.0
20201111,4,SO2,吉安,14.0
20201111,4,SO2_24h,吉安,20.0
20201111,4,NO2,吉安,28.0
20201111,4,NO2_24h,吉安,29.0
20201111,4,O3,吉安,64.0
20201111,4,O3_24h,吉安,157.0
20201111,4,O3_8h,吉安,79.0
20201111,4,O3_8h_24h,吉安,89.0
20201111,4,CO,吉安,0.53
20201111,4,CO_24h,吉安,0.6
20201111,5,AQI,吉安,73.0
20201111,5,PM2.5,吉安,34.0
20201111,5,PM2.5_24h,吉安,41.0
20201111,5,PM10,吉安,95.0
20201111,5,PM10_24h,吉安,108.0
20201111,5,SO2,吉安,14.0
20201111,5,SO2_24h,吉安,19.0
20201111,5,NO2,吉安,26.0
20201111,5,NO2_24h,吉安,29.0
20201111,5,O3,吉安,59.0
20201111,5,O3_24h,吉安,157.0
20201111,5,O3_8h,吉安,75.0
20201111,5,O3_8h_24h,吉安,89.0
20201111,5,CO,吉安,0.55
20201111,5,CO_24h,吉安,0.6
20201111,6,AQI,吉安,73.0
20201111,6,PM2.5,吉安,36.0
20201111,6,PM2.5_24h,吉安,41.0
20201111,6,PM10,吉安,95.0
20201111,6,PM10_24h,吉安,108.0
20201111,6,SO2,吉安,14.0
20201111,6,SO2_24h,吉安,19.0
20201111,6,NO2,吉安,36.0
20201111,6,NO2_24h,吉安,30.0
20201111,6,O3,吉安,43.0
20201111,6,O3_24h,吉安,157.0
20201111,6,O3_8h,吉安,70.0
20201111,6,O3_8h_24h,吉安,89.0
20201111,6,CO,吉安,0.57
20201111,6,CO_24h,吉安,0.6
20201111,8,AQI,吉安,73.0
20201111,8,PM2.5,吉安,36.0
20201111,8,PM2.5_24h,吉安,41.0
20201111,8,PM10,吉安,96.0
20201111,8,PM10_24h,吉安,108.0
20201111,8,SO2,吉安,27.0
20201111,8,SO2_24h,吉安,18.0
20201111,8,NO2,吉安,47.0
20201111,8,NO2_24h,吉安,30.0
20201111,8,O3,吉安,24.0
20201111,8,O3_24h,吉安,157.0
20201111,8,O3_8h,吉安,60.0
20201111,8,O3_8h_24h,吉安,89.0
20201111,8,CO,吉安,0.78
20201111,8,CO_24h,吉安,0.6
20201111,10,AQI,吉安,80.0
20201111,10,PM2.5,吉安,44.0
20201111,10,PM2.5_24h,吉安,40.0
20201111,10,PM10,吉安,110.0
20201111,10,PM10_24h,吉安,107.0
20201111,10,SO2,吉安,38.0
20201111,10,SO2_24h,吉安,19.0
20201111,10,NO2,吉安,45.0
20201111,10,NO2_24h,吉安,30.0
20201111,10,O3,吉安,42.0
20201111,10,O3_24h,吉安,157.0
20201111,10,O3_8h,吉安,46.0
20201111,10,O3_8h_24h,吉安,89.0
20201111,10,CO,吉安,0.75
20201111,10,CO_24h,吉安,0.6
20201111,11,AQI,吉安,86.0
20201111,11,PM2.5,吉安,53.0
20201111,11,PM2.5_24h,吉安,40.0
20201111,11,PM10,吉安,121.0
20201111,11,PM10_24h,吉安,106.0
20201111,11,SO2,吉安,35.0
20201111,11,SO2_24h,吉安,19.0
20201111,11,NO2,吉安,42.0
20201111,11,NO2_24h,吉安,30.0
20201111,11,O3,吉安,70.0
20201111,11,O3_24h,吉安,157.0
20201111,11,O3_8h,吉安,46.0
20201111,11,O3_8h_24h,吉安,89.0
20201111,11,CO,吉安,0.7
20201111,11,CO_24h,吉安,0.6
20201111,12,AQI,吉安,92.0
20201111,12,PM2.5,吉安,57.0
20201111,12,PM2.5_24h,吉安,41.0
20201111,12,PM10,吉安,133.0
20201111,12,PM10_24h,吉安,107.0
20201111,12,SO2,吉安,29.0
20201111,12,SO2_24h,吉安,19.0
20201111,12,NO2,吉安,35.0
20201111,12,NO2_24h,吉安,30.0
20201111,12,O3,吉安,104.0
20201111,12,O3_24h,吉安,157.0
20201111,12,O3_8h,吉安,49.0
20201111,12,O3_8h_24h,吉安,89.0
20201111,12,CO,吉安,0.73
20201111,12,CO_24h,吉安,0.6
20201111,13,AQI,吉安,90.0
20201111,13,PM2.5,吉安,54.0
20201111,13,PM2.5_24h,吉安,40.0
20201111,13,PM10,吉安,130.0
20201111,13,PM10_24h,吉安,107.0
20201111,13,SO2,吉安,21.0
20201111,13,SO2_24h,吉安,19.0
20201111,13,NO2,吉安,22.0
20201111,13,NO2_24h,吉安,31.0
20201111,13,O3,吉安,129.0
20201111,13,O3_24h,吉安,157.0
20201111,13,O3_8h,吉安,58.0
20201111,13,O3_8h_24h,吉安,89.0
20201111,13,CO,吉安,0.6
20201111,13,CO_24h,吉安,0.6
20201111,14,AQI,吉安,84.0
20201111,14,PM2.5,吉安,46.0
20201111,14,PM2.5_24h,吉安,40.0
20201111,14,PM10,吉安,117.0
20201111,14,PM10_24h,吉安,106.0
20201111,14,SO2,吉安,19.0
20201111,14,SO2_24h,吉安,20.0
20201111,14,NO2,吉安,20.0
20201111,14,NO2_24h,吉安,31.0
20201111,14,O3,吉安,138.0
20201111,14,O3_24h,吉安,157.0
20201111,14,O3_8h,吉安,70.0
20201111,14,O3_8h_24h,吉安,89.0
20201111,14,CO,吉安,0.57
20201111,14,CO_24h,吉安,0.6
20201111,15,AQI,吉安,73.0
20201111,15,PM2.5,吉安,36.0
20201111,15,PM2.5_24h,吉安,40.0
20201111,15,PM10,吉安,95.0
20201111,15,PM10_24h,吉安,106.0
20201111,15,SO2,吉安,16.0
20201111,15,SO2_24h,吉安,20.0
20201111,15,NO2,吉安,17.0
20201111,15,NO2_24h,吉安,31.0
20201111,15,O3,吉安,151.0
20201111,15,O3_24h,吉安,156.0
20201111,15,O3_8h,吉安,85.0
20201111,15,O3_8h_24h,吉安,91.0
20201111,15,CO,吉安,0.57
20201111,15,CO_24h,吉安,0.6
20201111,16,AQI,吉安,65.0
20201111,16,PM2.5,吉安,34.0
20201111,16,PM2.5_24h,吉安,40.0
20201111,16,PM10,吉安,80.0
20201111,16,PM10_24h,吉安,105.0
20201111,16,SO2,吉安,15.0
20201111,16,SO2_24h,吉安,20.0
20201111,16,NO2,吉安,17.0
20201111,16,NO2_24h,吉安,30.0
20201111,16,O3,吉安,152.0
20201111,16,O3_24h,吉安,156.0
20201111,16,O3_8h,吉安,102.0
20201111,16,O3_8h_24h,吉安,102.0
20201111,16,CO,吉安,0.57
20201111,16,CO_24h,吉安,0.6
20201111,17,AQI,吉安,65.0
20201111,17,PM2.5,吉安,34.0
20201111,17,PM2.5_24h,吉安,40.0
20201111,17,PM10,吉安,79.0
20201111,17,PM10_24h,吉安,104.0
20201111,17,SO2,吉安,13.0
20201111,17,SO2_24h,吉安,20.0
20201111,17,NO2,吉安,18.0
20201111,17,NO2_24h,吉安,30.0
20201111,17,O3,吉安,148.0
20201111,17,O3_24h,吉安,152.0
20201111,17,O3_8h,吉安,117.0
20201111,17,O3_8h_24h,吉安,117.0
20201111,17,CO,吉安,0.55
20201111,17,CO_24h,吉安,0.6
20201111,18,AQI,吉安,63.0
20201111,18,PM2.5,吉安,34.0
20201111,18,PM2.5_24h,吉安,40.0
20201111,18,PM10,吉安,76.0
20201111,18,PM10_24h,吉安,103.0
20201111,18,SO2,吉安,11.0
20201111,18,SO2_24h,吉安,20.0
20201111,18,NO2,吉安,21.0
20201111,18,NO2_24h,吉安,30.0
20201111,18,O3,吉安,140.0
20201111,18,O3_24h,吉安,152.0
20201111,18,O3_8h,吉安,130.0
20201111,18,O3_8h_24h,吉安,130.0
20201111,18,CO,吉安,0.57
20201111,18,CO_24h,吉安,0.6
20201111,19,AQI,吉安,63.0
20201111,19,PM2.5,吉安,33.0
20201111,19,PM2.5_24h,吉安,40.0
20201111,19,PM10,吉安,75.0
20201111,19,PM10_24h,吉安,102.0
20201111,19,SO2,吉安,11.0
20201111,19,SO2_24h,吉安,20.0
20201111,19,NO2,吉安,27.0
20201111,19,NO2_24h,吉安,30.0
20201111,19,O3,吉安,127.0
20201111,19,O3_24h,吉安,152.0
20201111,19,O3_8h,吉安,137.0
20201111,19,O3_8h_24h,吉安,137.0
20201111,19,CO,吉安,0.63
20201111,19,CO_24h,吉安,0.6
20201111,20,AQI,吉安,62.0
20201111,20,PM2.5,吉安,34.0
20201111,20,PM2.5_24h,吉安,40.0
20201111,20,PM10,吉安,73.0
20201111,20,PM10_24h,吉安,101.0
20201111,20,SO2,吉安,13.0
20201111,20,SO2_24h,吉安,20.0
20201111,20,NO2,吉安,27.0
20201111,20,NO2_24h,吉安,30.0
20201111,20,O3,吉安,121.0
20201111,20,O3_24h,吉安,152.0
20201111,20,O3_8h,吉安,138.0
20201111,20,O3_8h_24h,吉安,139.0
20201111,20,CO,吉安,0.57
20201111,20,CO_24h,吉安,0.63
20201111,21,AQI,吉安,63.0
20201111,21,PM2.5,吉安,35.0
20201111,21,PM2.5_24h,吉安,40.0
20201111,21,PM10,吉安,76.0
20201111,21,PM10_24h,吉安,100.0
20201111,21,SO2,吉安,15.0
20201111,21,SO2_24h,吉安,19.0
20201111,21,NO2,吉安,34.0
20201111,21,NO2_24h,吉安,30.0
20201111,21,O3,吉安,101.0
20201111,21,O3_24h,吉安,152.0
20201111,21,O3_8h,吉安,135.0
20201111,21,O3_8h_24h,吉安,139.0
20201111,21,CO,吉安,0.55
20201111,21,CO_24h,吉安,0.6
20201111,22,AQI,吉安,63.0
20201111,22,PM2.5,吉安,35.0
20201111,22,PM2.5_24h,吉安,40.0
20201111,22,PM10,吉安,75.0
20201111,22,PM10_24h,吉安,98.0
20201111,22,SO2,吉安,17.0
20201111,22,SO2_24h,吉安,19.0
20201111,22,NO2,吉安,34.0
20201111,22,NO2_24h,吉安,30.0
20201111,22,O3,吉安,95.0
20201111,22,O3_24h,吉安,152.0
20201111,22,O3_8h,吉安,129.0
20201111,22,O3_8h_24h,吉安,139.0
20201111,22,CO,吉安,0.57
20201111,22,CO_24h,吉安,0.6
20201111,23,AQI,吉安,63.0
20201111,23,PM2.5,吉安,34.0
20201111,23,PM2.5_24h,吉安,39.0
20201111,23,PM10,吉安,76.0
20201111,23,PM10_24h,吉安,96.0
20201111,23,SO2,吉安,18.0
20201111,23,SO2_24h,吉安,19.0
20201111,23,NO2,吉安,30.0
20201111,23,NO2_24h,吉安,30.0
20201111,23,O3,吉安,93.0
20201111,23,O3_24h,吉安,152.0
20201111,23,O3_8h,吉安,122.0
20201111,23,O3_8h_24h,吉安,139.0
20201111,23,CO,吉安,0.55
20201111,23,CO_24h,吉安,0.6
20201111,0,AQI,宜春,87.0
20201111,0,PM2.5,宜春,48.0
20201111,0,PM2.5_24h,宜春,41.0
20201111,0,PM10,宜春,124.0
20201111,0,PM10_24h,宜春,100.0
20201111,0,SO2,宜春,13.0
20201111,0,SO2_24h,宜春,15.0
20201111,0,NO2,宜春,33.0
20201111,0,NO2_24h,宜春,32.0
20201111,0,O3,宜春,50.0
20201111,0,O3_24h,宜春,152.0
20201111,0,O3_8h,宜春,64.0
20201111,0,O3_8h_24h,宜春,131.0
20201111,0,CO,宜春,0.73
20201111,0,CO_24h,宜春,0.87
20201111,1,AQI,宜春,82.0
20201111,1,PM2.5,宜春,44.0
20201111,1,PM2.5_24h,宜春,41.0
20201111,1,PM10,宜春,114.0
20201111,1,PM10_24h,宜春,101.0
20201111,1,SO2,宜春,12.0
20201111,1,SO2_24h,宜春,15.0
20201111,1,NO2,宜春,27.0
20201111,1,NO2_24h,宜春,32.0
20201111,1,O3,宜春,53.0
20201111,1,O3_24h,宜春,152.0
20201111,1,O3_8h,宜春,53.0
20201111,1,O3_8h_24h,宜春,53.0
20201111,1,CO,宜春,0.7
20201111,1,CO_24h,宜春,0.87
20201111,2,AQI,宜春,79.0
20201111,2,PM2.5,宜春,44.0
20201111,2,PM2.5_24h,宜春,41.0
20201111,2,PM10,宜春,107.0
20201111,2,PM10_24h,宜春,102.0
20201111,2,SO2,宜春,11.0
20201111,2,SO2_24h,宜春,15.0
20201111,2,NO2,宜春,23.0
20201111,2,NO2_24h,宜春,32.0
20201111,2,O3,宜春,48.0
20201111,2,O3_24h,宜春,152.0
20201111,2,O3_8h,宜春,51.0
20201111,2,O3_8h_24h,宜春,53.0
20201111,2,CO,宜春,0.7
20201111,2,CO_24h,宜春,0.87
20201111,3,AQI,宜春,74.0
20201111,3,PM2.5,宜春,42.0
20201111,3,PM2.5_24h,宜春,41.0
20201111,3,PM10,宜春,98.0
20201111,3,PM10_24h,宜春,102.0
20201111,3,SO2,宜春,10.0
20201111,3,SO2_24h,宜春,15.0
20201111,3,NO2,宜春,24.0
20201111,3,NO2_24h,宜春,32.0
20201111,3,O3,宜春,42.0
20201111,3,O3_24h,宜春,152.0
20201111,3,O3_8h,宜春,48.0
20201111,3,O3_8h_24h,宜春,54.0
20201111,3,CO,宜春,0.73
20201111,3,CO_24h,宜春,0.87
20201111,4,AQI,宜春,72.0
20201111,4,PM2.5,宜春,42.0
20201111,4,PM2.5_24h,宜春,42.0
20201111,4,PM10,宜春,93.0
20201111,4,PM10_24h,宜春,103.0
20201111,4,SO2,宜春,10.0
20201111,4,SO2_24h,宜春,15.0
20201111,4,NO2,宜春,28.0
20201111,4,NO2_24h,宜春,33.0
20201111,4,O3,宜春,31.0
20201111,4,O3_24h,宜春,152.0
20201111,4,O3_8h,宜春,43.0
20201111,4,O3_8h_24h,宜春,54.0
20201111,4,CO,宜春,0.77
20201111,4,CO_24h,宜春,0.87
20201111,5,AQI,宜春,70.0
20201111,5,PM2.5,宜春,39.0
20201111,5,PM2.5_24h,宜春,42.0
20201111,5,PM10,宜春,89.0
20201111,5,PM10_24h,宜春,103.0
20201111,5,SO2,宜春,10.0
20201111,5,SO2_24h,宜春,15.0
20201111,5,NO2,宜春,25.0
20201111,5,NO2_24h,宜春,33.0
20201111,5,O3,宜春,31.0
20201111,5,O3_24h,宜春,152.0
20201111,5,O3_8h,宜春,41.0
20201111,5,O3_8h_24h,宜春,54.0
20201111,5,CO,宜春,0.73
20201111,5,CO_24h,宜春,0.87
20201111,6,AQI,宜春,68.0
20201111,6,PM2.5,宜春,39.0
20201111,6,PM2.5_24h,宜春,42.0
20201111,6,PM10,宜春,86.0
20201111,6,PM10_24h,宜春,104.0
20201111,6,SO2,宜春,10.0
20201111,6,SO2_24h,宜春,15.0
20201111,6,NO2,宜春,23.0
20201111,6,NO2_24h,宜春,33.0
20201111,6,O3,宜春,37.0
20201111,6,O3_24h,宜春,152.0
20201111,6,O3_8h,宜春,40.0
20201111,6,O3_8h_24h,宜春,54.0
20201111,6,CO,宜春,0.7
20201111,6,CO_24h,宜春,0.83
20201111,8,AQI,宜春,63.0
20201111,8,PM2.5,宜春,37.0
20201111,8,PM2.5_24h,宜春,42.0
20201111,8,PM10,宜春,75.0
20201111,8,PM10_24h,宜春,104.0
20201111,8,SO2,宜春,10.0
20201111,8,SO2_24h,宜春,15.0
20201111,8,NO2,宜春,35.0
20201111,8,NO2_24h,宜春,33.0
20201111,8,O3,宜春,17.0
20201111,8,O3_24h,宜春,152.0
20201111,8,O3_8h,宜春,36.0
20201111,8,O3_8h_24h,宜春,54.0
20201111,8,CO,宜春,0.87
20201111,8,CO_24h,宜春,0.83
20201111,10,AQI,宜春,69.0
20201111,10,PM2.5,宜春,37.0
20201111,10,PM2.5_24h,宜春,41.0
20201111,10,PM10,宜春,87.0
20201111,10,PM10_24h,宜春,104.0
20201111,10,SO2,宜春,29.0
20201111,10,SO2_24h,宜春,16.0
20201111,10,NO2,宜春,39.0
20201111,10,NO2_24h,宜春,33.0
20201111,10,O3,宜春,55.0
20201111,10,O3_24h,宜春,152.0
20201111,10,O3_8h,宜春,34.0
20201111,10,O3_8h_24h,宜春,54.0
20201111,10,CO,宜春,0.9
20201111,10,CO_24h,宜春,0.8
20201111,11,AQI,宜春,73.0
20201111,11,PM2.5,宜春,39.0
20201111,11,PM2.5_24h,宜春,41.0
20201111,11,PM10,宜春,95.0
20201111,11,PM10_24h,宜春,103.0
20201111,11,SO2,宜春,24.0
20201111,11,SO2_24h,宜春,16.0
20201111,11,NO2,宜春,30.0
20201111,11,NO2_24h,宜春,32.0
20201111,11,O3,宜春,95.0
20201111,11,O3_24h,宜春,152.0
20201111,11,O3_8h,宜春,40.0
20201111,11,O3_8h_24h,宜春,56.0
20201111,11,CO,宜春,0.8
20201111,11,CO_24h,宜春,0.8
20201111,12,AQI,宜春,74.0
20201111,12,PM2.5,宜春,38.0
20201111,12,PM2.5_24h,宜春,41.0
20201111,12,PM10,宜春,97.0
20201111,12,PM10_24h,宜春,102.0
20201111,12,SO2,宜春,23.0
20201111,12,SO2_24h,宜春,15.0
20201111,12,NO2,宜春,24.0
20201111,12,NO2_24h,宜春,32.0
20201111,12,O3,宜春,112.0
20201111,12,O3_24h,宜春,152.0
20201111,12,O3_8h,宜春,51.0
20201111,12,O3_8h_24h,宜春,60.0
20201111,12,CO,宜春,0.8
20201111,12,CO_24h,宜春,0.8
20201111,13,AQI,宜春,71.0
20201111,13,PM2.5,宜春,35.0
20201111,13,PM2.5_24h,宜春,41.0
20201111,13,PM10,宜春,91.0
20201111,13,PM10_24h,宜春,101.0
20201111,13,SO2,宜春,22.0
20201111,13,SO2_24h,宜春,15.0
20201111,13,NO2,宜春,21.0
20201111,13,NO2_24h,宜春,33.0
20201111,13,O3,宜春,122.0
20201111,13,O3_24h,宜春,152.0
20201111,13,O3_8h,宜春,62.0
20201111,13,O3_8h_24h,宜春,67.0
20201111,13,CO,宜春,0.83
20201111,13,CO_24h,宜春,0.8
20201111,14,AQI,宜春,67.0
20201111,14,PM2.5,宜春,32.0
20201111,14,PM2.5_24h,宜春,41.0
20201111,14,PM10,宜春,83.0
20201111,14,PM10_24h,宜春,100.0
20201111,14,SO2,宜春,20.0
20201111,14,SO2_24h,宜春,16.0
20201111,14,NO2,宜春,17.0
20201111,14,NO2_24h,宜春,33.0
20201111,14,O3,宜春,138.0
20201111,14,O3_24h,宜春,152.0
20201111,14,O3_8h,宜春,75.0
20201111,14,O3_8h_24h,宜春,77.0
20201111,14,CO,宜春,0.83
20201111,14,CO_24h,宜春,0.8
20201111,15,AQI,宜春,64.0
20201111,15,PM2.5,宜春,32.0
20201111,15,PM2.5_24h,宜春,40.0
20201111,15,PM10,宜春,78.0
20201111,15,PM10_24h,宜春,99.0
20201111,15,SO2,宜春,22.0
20201111,15,SO2_24h,宜春,16.0
20201111,15,NO2,宜春,16.0
20201111,15,NO2_24h,宜春,33.0
20201111,15,O3,宜春,145.0
20201111,15,O3_24h,宜春,152.0
20201111,15,O3_8h,宜春,89.0
20201111,15,O3_8h_24h,宜春,89.0
20201111,15,CO,宜春,0.73
20201111,15,CO_24h,宜春,0.8
20201111,16,AQI,宜春,63.0
20201111,16,PM2.5,宜春,33.0
20201111,16,PM2.5_24h,宜春,40.0
20201111,16,PM10,宜春,75.0
20201111,16,PM10_24h,宜春,98.0
20201111,16,SO2,宜春,22.0
20201111,16,SO2_24h,宜春,16.0
20201111,16,NO2,宜春,16.0
20201111,16,NO2_24h,宜春,33.0
20201111,16,O3,宜春,144.0
20201111,16,O3_24h,宜春,145.0
20201111,16,O3_8h,宜春,103.0
20201111,16,O3_8h_24h,宜春,103.0
20201111,16,CO,宜春,0.8
20201111,16,CO_24h,宜春,0.77
20201111,17,AQI,宜春,62.0
20201111,17,PM2.5,宜春,32.0
20201111,17,PM2.5_24h,宜春,40.0
20201111,17,PM10,宜春,74.0
20201111,17,PM10_24h,宜春,98.0
20201111,17,SO2,宜春,23.0
20201111,17,SO2_24h,宜春,16.0
20201111,17,NO2,宜春,25.0
20201111,17,NO2_24h,宜春,33.0
20201111,17,O3,宜春,125.0
20201111,17,O3_24h,宜春,145.0
20201111,17,O3_8h,宜春,115.0
20201111,17,O3_8h_24h,宜春,115.0
20201111,17,CO,宜春,0.67
20201111,17,CO_24h,宜春,0.77
20201111,18,AQI,宜春,65.0
20201111,18,PM2.5,宜春,34.0
20201111,18,PM2.5_24h,宜春,39.0
20201111,18,PM10,宜春,80.0
20201111,18,PM10_24h,宜春,97.0
20201111,18,SO2,宜春,22.0
20201111,18,SO2_24h,宜春,16.0
20201111,18,NO2,宜春,37.0
20201111,18,NO2_24h,宜春,33.0
20201111,18,O3,宜春,95.0
20201111,18,O3_24h,宜春,145.0
20201111,18,O3_8h,宜春,123.0
20201111,18,O3_8h_24h,宜春,123.0
20201111,18,CO,宜春,0.67
20201111,18,CO_24h,宜春,0.77
20201111,19,AQI,宜春,66.0
20201111,19,PM2.5,宜春,34.0
20201111,19,PM2.5_24h,宜春,39.0
20201111,19,PM10,宜春,81.0
20201111,19,PM10_24h,宜春,96.0
20201111,19,SO2,宜春,19.0
20201111,19,SO2_24h,宜春,17.0
20201111,19,NO2,宜春,49.0
20201111,19,NO2_24h,宜春,33.0
20201111,19,O3,宜春,74.0
20201111,19,O3_24h,宜春,145.0
20201111,19,O3_8h,宜春,120.0
20201111,19,O3_8h_24h,宜春,123.0
20201111,19,CO,宜春,0.73
20201111,19,CO_24h,宜春,0.77
20201111,20,AQI,宜春,73.0
20201111,20,PM2.5,宜春,39.0
20201111,20,PM2.5_24h,宜春,39.0
20201111,20,PM10,宜春,95.0
20201111,20,PM10_24h,宜春,95.0
20201111,20,SO2,宜春,20.0
20201111,20,SO2_24h,宜春,17.0
20201111,20,NO2,宜春,66.0
20201111,20,NO2_24h,宜春,33.0
20201111,20,O3,宜春,48.0
20201111,20,O3_24h,宜春,145.0
20201111,20,O3_8h,宜春,111.0
20201111,20,O3_8h_24h,宜春,123.0
20201111,20,CO,宜春,0.83
20201111,20,CO_24h,宜春,0.77
20201111,21,AQI,宜春,76.0
20201111,21,PM2.5,宜春,42.0
20201111,21,PM2.5_24h,宜春,39.0
20201111,21,PM10,宜春,102.0
20201111,21,PM10_24h,宜春,94.0
20201111,21,SO2,宜春,18.0
20201111,21,SO2_24h,宜春,17.0
20201111,21,NO2,宜春,60.0
20201111,21,NO2_24h,宜春,33.0
20201111,21,O3,宜春,42.0
20201111,21,O3_24h,宜春,145.0
20201111,21,O3_8h,宜春,100.0
20201111,21,O3_8h_24h,宜春,123.0
20201111,21,CO,宜春,0.87
20201111,21,CO_24h,宜春,0.77
20201111,22,AQI,宜春,81.0
20201111,22,PM2.5,宜春,49.0
20201111,22,PM2.5_24h,宜春,39.0
20201111,22,PM10,宜春,111.0
20201111,22,PM10_24h,宜春,93.0
20201111,22,SO2,宜春,15.0
20201111,22,SO2_24h,宜春,17.0
20201111,22,NO2,宜春,54.0
20201111,22,NO2_24h,宜春,33.0
20201111,22,O3,宜春,37.0
20201111,22,O3_24h,宜春,145.0
20201111,22,O3_8h,宜春,86.0
20201111,22,O3_8h_24h,宜春,123.0
20201111,22,CO,宜春,0.77
20201111,22,CO_24h,宜春,0.77
20201111,23,AQI,宜春,80.0
20201111,23,PM2.5,宜春,47.0
20201111,23,PM2.5_24h,宜春,39.0
20201111,23,PM10,宜春,110.0
20201111,23,PM10_24h,宜春,92.0
20201111,23,SO2,宜春,14.0
20201111,23,SO2_24h,宜春,17.0
20201111,23,NO2,宜春,50.0
20201111,23,NO2_24h,宜春,33.0
20201111,23,O3,宜春,40.0
20201111,23,O3_24h,宜春,145.0
20201111,23,O3_8h,宜春,71.0
20201111,23,O3_8h_24h,宜春,123.0
20201111,23,CO,宜春,0.77
20201111,23,CO_24h,宜春,0.77
20201111,0,AQI,抚州,72.0
20201111,0,PM2.5,抚州,34.0
20201111,0,PM2.5_24h,抚州,39.0
20201111,0,PM10,抚州,94.0
20201111,0,PM10_24h,抚州,100.0
20201111,0,SO2,抚州,7.0
20201111,0,SO2_24h,抚州,15.0
20201111,0,NO2,抚州,23.0
20201111,0,NO2_24h,抚州,24.0
20201111,0,O3,抚州,96.0
20201111,0,O3_24h,抚州,161.0
20201111,0,O3_8h,抚州,121.0
20201111,0,O3_8h_24h,抚州,146.0
20201111,0,CO,抚州,0.53
20201111,0,CO_24h,抚州,0.6
20201111,1,AQI,抚州,71.0
20201111,1,PM2.5,抚州,33.0
20201111,1,PM2.5_24h,抚州,39.0
20201111,1,PM10,抚州,91.0
20201111,1,PM10_24h,抚州,100.0
20201111,1,SO2,抚州,7.0
20201111,1,SO2_24h,抚州,15.0
20201111,1,NO2,抚州,24.0
20201111,1,NO2_24h,抚州,24.0
20201111,1,O3,抚州,88.0
20201111,1,O3_24h,抚州,161.0
20201111,1,O3_8h,抚州,88.0
20201111,1,O3_8h_24h,抚州,88.0
20201111,1,CO,抚州,0.53
20201111,1,CO_24h,抚州,0.57
20201111,2,AQI,抚州,71.0
20201111,2,PM2.5,抚州,33.0
20201111,2,PM2.5_24h,抚州,39.0
20201111,2,PM10,抚州,91.0
20201111,2,PM10_24h,抚州,100.0
20201111,2,SO2,抚州,11.0
20201111,2,SO2_24h,抚州,15.0
20201111,2,NO2,抚州,25.0
20201111,2,NO2_24h,抚州,24.0
20201111,2,O3,抚州,81.0
20201111,2,O3_24h,抚州,161.0
20201111,2,O3_8h,抚州,84.0
20201111,2,O3_8h_24h,抚州,88.0
20201111,2,CO,抚州,0.53
20201111,2,CO_24h,抚州,0.57
20201111,3,AQI,抚州,70.0
20201111,3,PM2.5,抚州,34.0
20201111,3,PM2.5_24h,抚州,38.0
20201111,3,PM10,抚州,90.0
20201111,3,PM10_24h,抚州,99.0
20201111,3,SO2,抚州,13.0
20201111,3,SO2_24h,抚州,14.0
20201111,3,NO2,抚州,31.0
20201111,3,NO2_24h,抚州,24.0
20201111,3,O3,抚州,61.0
20201111,3,O3_24h,抚州,161.0
20201111,3,O3_8h,抚州,77.0
20201111,3,O3_8h_24h,抚州,88.0
20201111,3,CO,抚州,0.55
20201111,3,CO_24h,抚州,0.57
20201111,4,AQI,抚州,69.0
20201111,4,PM2.5,抚州,37.0
20201111,4,PM2.5_24h,抚州,38.0
20201111,4,PM10,抚州,87.0
20201111,4,PM10_24h,抚州,98.0
20201111,4,SO2,抚州,13.0
20201111,4,SO2_24h,抚州,14.0
20201111,4,NO2,抚州,29.0
20201111,4,NO2_24h,抚州,24.0
20201111,4,O3,抚州,57.0
20201111,4,O3_24h,抚州,161.0
20201111,4,O3_8h,抚州,71.0
20201111,4,O3_8h_24h,抚州,88.0
20201111,4,CO,抚州,0.57
20201111,4,CO_24h,抚州,0.57
20201111,5,AQI,抚州,65.0
20201111,5,PM2.5,抚州,35.0
20201111,5,PM2.5_24h,抚州,38.0
20201111,5,PM10,抚州,80.0
20201111,5,PM10_24h,抚州,97.0
20201111,5,SO2,抚州,13.0
20201111,5,SO2_24h,抚州,14.0
20201111,5,NO2,抚州,28.0
20201111,5,NO2_24h,抚州,24.0
20201111,5,O3,抚州,58.0
20201111,5,O3_24h,抚州,161.0
20201111,5,O3_8h,抚州,69.0
20201111,5,O3_8h_24h,抚州,88.0
20201111,5,CO,抚州,0.6
20201111,5,CO_24h,抚州,0.57
20201111,6,AQI,抚州,63.0
20201111,6,PM2.5,抚州,33.0
20201111,6,PM2.5_24h,抚州,37.0
20201111,6,PM10,抚州,76.0
20201111,6,PM10_24h,抚州,96.0
20201111,6,SO2,抚州,13.0
20201111,6,SO2_24h,抚州,13.0
20201111,6,NO2,抚州,30.0
20201111,6,NO2_24h,抚州,24.0
20201111,6,O3,抚州,46.0
20201111,6,O3_24h,抚州,161.0
20201111,6,O3_8h,抚州,65.0
20201111,6,O3_8h_24h,抚州,88.0
20201111,6,CO,抚州,0.63
20201111,6,CO_24h,抚州,0.57
20201111,7,AQI,抚州,63.0
20201111,7,PM2.5,抚州,38.0
20201111,7,PM2.5_24h,抚州,40.0
20201111,7,PM10,抚州,76.0
20201111,7,PM10_24h,抚州,91.0
20201111,7,SO2,抚州,9.0
20201111,7,SO2_24h,抚州,10.0
20201111,7,NO2,抚州,42.0
20201111,7,NO2_24h,抚州,26.0
20201111,7,O3,抚州,16.0
20201111,7,O3_24h,抚州,164.0
20201111,7,O3_8h,抚州,48.0
20201111,7,O3_8h_24h,抚州,78.0
20201111,7,CO,抚州,0.7
20201111,7,CO_24h,抚州,0.6
20201111,8,AQI,抚州,62.0
20201111,8,PM2.5,抚州,35.0
20201111,8,PM2.5_24h,抚州,37.0
20201111,8,PM10,抚州,74.0
20201111,8,PM10_24h,抚州,93.0
20201111,8,SO2,抚州,13.0
20201111,8,SO2_24h,抚州,12.0
20201111,8,NO2,抚州,38.0
20201111,8,NO2_24h,抚州,25.0
20201111,8,O3,抚州,32.0
20201111,8,O3_24h,抚州,161.0
20201111,8,O3_8h,抚州,59.0
20201111,8,O3_8h_24h,抚州,88.0
20201111,8,CO,抚州,0.7
20201111,8,CO_24h,抚州,0.57
20201111,10,AQI,抚州,65.0
20201111,10,PM2.5,抚州,37.0
20201111,10,PM2.5_24h,抚州,36.0
20201111,10,PM10,抚州,80.0
20201111,10,PM10_24h,抚州,90.0
20201111,10,SO2,抚州,16.0
20201111,10,SO2_24h,抚州,12.0
20201111,10,NO2,抚州,28.0
20201111,10,NO2_24h,抚州,25.0
20201111,10,O3,抚州,81.0
20201111,10,O3_24h,抚州,161.0
20201111,10,O3_8h,抚州,52.0
20201111,10,O3_8h_24h,抚州,88.0
20201111,10,CO,抚州,0.63
20201111,10,CO_24h,抚州,0.57
20201111,11,AQI,抚州,65.0
20201111,11,PM2.5,抚州,36.0
20201111,11,PM2.5_24h,抚州,35.0
20201111,11,PM10,抚州,80.0
20201111,11,PM10_24h,抚州,89.0
20201111,11,SO2,抚州,14.0
20201111,11,SO2_24h,抚州,11.0
20201111,11,NO2,抚州,22.0
20201111,11,NO2_24h,抚州,25.0
20201111,11,O3,抚州,107.0
20201111,11,O3_24h,抚州,161.0
20201111,11,O3_8h,抚州,58.0
20201111,11,O3_8h_24h,抚州,88.0
20201111,11,CO,抚州,0.6
20201111,11,CO_24h,抚州,0.57
20201111,12,AQI,抚州,65.0
20201111,12,PM2.5,抚州,35.0
20201111,12,PM2.5_24h,抚州,35.0
20201111,12,PM10,抚州,79.0
20201111,12,PM10_24h,抚州,88.0
20201111,12,SO2,抚州,12.0
20201111,12,SO2_24h,抚州,11.0
20201111,12,NO2,抚州,20.0
20201111,12,NO2_24h,抚州,25.0
20201111,12,O3,抚州,128.0
20201111,12,O3_24h,抚州,161.0
20201111,12,O3_8h,抚州,67.0
20201111,12,O3_8h_24h,抚州,88.0
20201111,12,CO,抚州,0.6
20201111,12,CO_24h,抚州,0.57
20201111,13,AQI,抚州,61.0
20201111,13,PM2.5,抚州,34.0
20201111,13,PM2.5_24h,抚州,35.0
20201111,13,PM10,抚州,71.0
20201111,13,PM10_24h,抚州,87.0
20201111,13,SO2,抚州,14.0
20201111,13,SO2_24h,抚州,11.0
20201111,13,NO2,抚州,18.0
20201111,13,NO2_24h,抚州,25.0
20201111,13,O3,抚州,145.0
20201111,13,O3_24h,抚州,161.0
20201111,13,O3_8h,抚州,78.0
20201111,13,O3_8h_24h,抚州,88.0
20201111,13,CO,抚州,0.55
20201111,13,CO_24h,抚州,0.57
20201111,14,AQI,抚州,58.0
20201111,14,PM2.5,抚州,31.0
20201111,14,PM2.5_24h,抚州,35.0
20201111,14,PM10,抚州,66.0
20201111,14,PM10_24h,抚州,85.0
20201111,14,SO2,抚州,12.0
20201111,14,SO2_24h,抚州,11.0
20201111,14,NO2,抚州,17.0
20201111,14,NO2_24h,抚州,25.0
20201111,14,O3,抚州,158.0
20201111,14,O3_24h,抚州,161.0
20201111,14,O3_8h,抚州,92.0
20201111,14,O3_8h_24h,抚州,93.0
20201111,14,CO,抚州,0.55
20201111,14,CO_24h,抚州,0.57
20201111,15,AQI,抚州,59.0
20201111,15,PM2.5,抚州,30.0
20201111,15,PM2.5_24h,抚州,35.0
20201111,15,PM10,抚州,67.0
20201111,15,PM10_24h,抚州,84.0
20201111,15,SO2,抚州,11.0
20201111,15,SO2_24h,抚州,11.0
20201111,15,NO2,抚州,16.0
20201111,15,NO2_24h,抚州,25.0
20201111,15,O3,抚州,160.0
20201111,15,O3_24h,抚州,160.0
20201111,15,O3_8h,抚州,107.0
20201111,15,O3_8h_24h,抚州,107.0
20201111,15,CO,抚州,0.47
20201111,15,CO_24h,抚州,0.57
20201111,16,AQI,抚州,57.0
20201111,16,PM2.5,抚州,29.0
20201111,16,PM2.5_24h,抚州,34.0
20201111,16,PM10,抚州,64.0
20201111,16,PM10_24h,抚州,83.0
20201111,16,SO2,抚州,11.0
20201111,16,SO2_24h,抚州,11.0
20201111,16,NO2,抚州,18.0
20201111,16,NO2_24h,抚州,25.0
20201111,16,O3,抚州,159.0
20201111,16,O3_24h,抚州,161.0
20201111,16,O3_8h,抚州,123.0
20201111,16,O3_8h_24h,抚州,123.0
20201111,16,CO,抚州,0.47
20201111,16,CO_24h,抚州,0.57
20201111,17,AQI,抚州,58.0
20201111,17,PM2.5,抚州,27.0
20201111,17,PM2.5_24h,抚州,34.0
20201111,17,PM10,抚州,66.0
20201111,17,PM10_24h,抚州,82.0
20201111,17,SO2,抚州,10.0
20201111,17,SO2_24h,抚州,11.0
20201111,17,NO2,抚州,18.0
20201111,17,NO2_24h,抚州,25.0
20201111,17,O3,抚州,155.0
20201111,17,O3_24h,抚州,161.0
20201111,17,O3_8h,抚州,136.0
20201111,17,O3_8h_24h,抚州,136.0
20201111,17,CO,抚州,0.53
20201111,17,CO_24h,抚州,0.57
20201111,18,AQI,抚州,58.0
20201111,18,PM2.5,抚州,29.0
20201111,18,PM2.5_24h,抚州,34.0
20201111,18,PM10,抚州,65.0
20201111,18,PM10_24h,抚州,81.0
20201111,18,SO2,抚州,9.0
20201111,18,SO2_24h,抚州,11.0
20201111,18,NO2,抚州,21.0
20201111,18,NO2_24h,抚州,25.0
20201111,18,O3,抚州,143.0
20201111,18,O3_24h,抚州,161.0
20201111,18,O3_8h,抚州,145.0
20201111,18,O3_8h_24h,抚州,145.0
20201111,18,CO,抚州,0.55
20201111,18,CO_24h,抚州,0.57
20201111,19,AQI,抚州,61.0
20201111,19,PM2.5,抚州,31.0
20201111,19,PM2.5_24h,抚州,34.0
20201111,19,PM10,抚州,71.0
20201111,19,PM10_24h,抚州,80.0
20201111,19,SO2,抚州,8.0
20201111,19,SO2_24h,抚州,11.0
20201111,19,NO2,抚州,24.0
20201111,19,NO2_24h,抚州,25.0
20201111,19,O3,抚州,136.0
20201111,19,O3_24h,抚州,161.0
20201111,19,O3_8h,抚州,148.0
20201111,19,O3_8h_24h,抚州,148.0
20201111,19,CO,抚州,0.55
20201111,19,CO_24h,抚州,0.57
20201111,20,AQI,抚州,62.0
20201111,20,PM2.5,抚州,35.0
20201111,20,PM2.5_24h,抚州,34.0
20201111,20,PM10,抚州,74.0
20201111,20,PM10_24h,抚州,79.0
20201111,20,SO2,抚州,7.0
20201111,20,SO2_24h,抚州,11.0
20201111,20,NO2,抚州,23.0
20201111,20,NO2_24h,抚州,25.0
20201111,20,O3,抚州,128.0
20201111,20,O3_24h,抚州,161.0
20201111,20,O3_8h,抚州,148.0
20201111,20,O3_8h_24h,抚州,148.0
20201111,20,CO,抚州,0.57
20201111,20,CO_24h,抚州,0.57
20201111,21,AQI,抚州,63.0
20201111,21,PM2.5,抚州,37.0
20201111,21,PM2.5_24h,抚州,34.0
20201111,21,PM10,抚州,76.0
20201111,21,PM10_24h,抚州,79.0
20201111,21,SO2,抚州,8.0
20201111,21,SO2_24h,抚州,11.0
20201111,21,NO2,抚州,23.0
20201111,21,NO2_24h,抚州,25.0
20201111,21,O3,抚州,123.0
20201111,21,O3_24h,抚州,161.0
20201111,21,O3_8h,抚州,145.0
20201111,21,O3_8h_24h,抚州,148.0
20201111,21,CO,抚州,0.55
20201111,21,CO_24h,抚州,0.57
20201111,22,AQI,抚州,64.0
20201111,22,PM2.5,抚州,38.0
20201111,22,PM2.5_24h,抚州,34.0
20201111,22,PM10,抚州,77.0
20201111,22,PM10_24h,抚州,78.0
20201111,22,SO2,抚州,7.0
20201111,22,SO2_24h,抚州,11.0
20201111,22,NO2,抚州,22.0
20201111,22,NO2_24h,抚州,25.0
20201111,22,O3,抚州,118.0
20201111,22,O3_24h,抚州,161.0
20201111,22,O3_8h,抚州,140.0
20201111,22,O3_8h_24h,抚州,148.0
20201111,22,CO,抚州,0.55
20201111,22,CO_24h,抚州,0.57
20201111,23,AQI,抚州,62.0
20201111,23,PM2.5,抚州,37.0
20201111,23,PM2.5_24h,抚州,34.0
20201111,23,PM10,抚州,74.0
20201111,23,PM10_24h,抚州,77.0
20201111,23,SO2,抚州,8.0
20201111,23,SO2_24h,抚州,11.0
20201111,23,NO2,抚州,23.0
20201111,23,NO2_24h,抚州,25.0
20201111,23,O3,抚州,100.0
20201111,23,O3_24h,抚州,161.0
20201111,23,O3_8h,抚州,133.0
20201111,23,O3_8h_24h,抚州,148.0
20201111,23,CO,抚州,0.55
20201111,23,CO_24h,抚州,0.57
20201111,0,AQI,上饶,64.0
20201111,0,PM2.5,上饶,31.0
20201111,0,PM2.5_24h,上饶,40.0
20201111,0,PM10,上饶,78.0
20201111,0,PM10_24h,上饶,100.0
20201111,0,SO2,上饶,59.0
20201111,0,SO2_24h,上饶,24.0
20201111,0,NO2,上饶,36.0
20201111,0,NO2_24h,上饶,32.0
20201111,0,O3,上饶,68.0
20201111,0,O3_24h,上饶,138.0
20201111,0,O3_8h,上饶,88.0
20201111,0,O3_8h_24h,上饶,121.0
20201111,0,CO,上饶,0.63
20201111,0,CO_24h,上饶,0.6
20201111,1,AQI,上饶,63.0
20201111,1,PM2.5,上饶,36.0
20201111,1,PM2.5_24h,上饶,39.0
20201111,1,PM10,上饶,76.0
20201111,1,PM10_24h,上饶,98.0
20201111,1,SO2,上饶,41.0
20201111,1,SO2_24h,上饶,23.0
20201111,1,NO2,上饶,31.0
20201111,1,NO2_24h,上饶,32.0
20201111,1,O3,上饶,68.0
20201111,1,O3_24h,上饶,138.0
20201111,1,O3_8h,上饶,68.0
20201111,1,O3_8h_24h,上饶,68.0
20201111,1,CO,上饶,0.6
20201111,1,CO_24h,上饶,0.6
20201111,2,AQI,上饶,64.0
20201111,2,PM2.5,上饶,37.0
20201111,2,PM2.5_24h,上饶,39.0
20201111,2,PM10,上饶,78.0
20201111,2,PM10_24h,上饶,95.0
20201111,2,SO2,上饶,54.0
20201111,2,SO2_24h,上饶,24.0
20201111,2,NO2,上饶,30.0
20201111,2,NO2_24h,上饶,32.0
20201111,2,O3,上饶,66.0
20201111,2,O3_24h,上饶,138.0
20201111,2,O3_8h,上饶,67.0
20201111,2,O3_8h_24h,上饶,68.0
20201111,2,CO,上饶,0.57
20201111,2,CO_24h,上饶,0.6
20201111,3,AQI,上饶,64.0
20201111,3,PM2.5,上饶,35.0
20201111,3,PM2.5_24h,上饶,39.0
20201111,3,PM10,上饶,78.0
20201111,3,PM10_24h,上饶,94.0
20201111,3,SO2,上饶,79.0
20201111,3,SO2_24h,上饶,26.0
20201111,3,NO2,上饶,27.0
20201111,3,NO2_24h,上饶,31.0
20201111,3,O3,上饶,66.0
20201111,3,O3_24h,上饶,138.0
20201111,3,O3_8h,上饶,67.0
20201111,3,O3_8h_24h,上饶,68.0
20201111,3,CO,上饶,0.63
20201111,3,CO_24h,上饶,0.6
20201111,4,AQI,上饶,63.0
20201111,4,PM2.5,上饶,34.0
20201111,4,PM2.5_24h,上饶,38.0
20201111,4,PM10,上饶,76.0
20201111,4,PM10_24h,上饶,92.0
20201111,4,SO2,上饶,54.0
20201111,4,SO2_24h,上饶,28.0
20201111,4,NO2,上饶,28.0
20201111,4,NO2_24h,上饶,31.0
20201111,4,O3,上饶,65.0
20201111,4,O3_24h,上饶,138.0
20201111,4,O3_8h,上饶,66.0
20201111,4,O3_8h_24h,上饶,68.0
20201111,4,CO,上饶,0.67
20201111,4,CO_24h,上饶,0.6
20201111,5,AQI,上饶,64.0
20201111,5,PM2.5,上饶,36.0
20201111,5,PM2.5_24h,上饶,38.0
20201111,5,PM10,上饶,77.0
20201111,5,PM10_24h,上饶,90.0
20201111,5,SO2,上饶,24.0
20201111,5,SO2_24h,上饶,28.0
20201111,5,NO2,上饶,29.0
20201111,5,NO2_24h,上饶,31.0
20201111,5,O3,上饶,60.0
20201111,5,O3_24h,上饶,138.0
20201111,5,O3_8h,上饶,65.0
20201111,5,O3_8h_24h,上饶,68.0
20201111,5,CO,上饶,0.63
20201111,5,CO_24h,上饶,0.6
20201111,6,AQI,上饶,64.0
20201111,6,PM2.5,上饶,41.0
20201111,6,PM2.5_24h,上饶,37.0
20201111,6,PM10,上饶,78.0
20201111,6,PM10_24h,上饶,89.0
20201111,6,SO2,上饶,10.0
20201111,6,SO2_24h,上饶,27.0
20201111,6,NO2,上饶,33.0
20201111,6,NO2_24h,上饶,31.0
20201111,6,O3,上饶,53.0
20201111,6,O3_24h,上饶,138.0
20201111,6,O3_8h,上饶,63.0
20201111,6,O3_8h_24h,上饶,68.0
20201111,6,CO,上饶,0.7
20201111,6,CO_24h,上饶,0.6
20201111,8,AQI,上饶,75.0
20201111,8,PM2.5,上饶,55.0
20201111,8,PM2.5_24h,上饶,36.0
20201111,8,PM10,上饶,92.0
20201111,8,PM10_24h,上饶,86.0
20201111,8,SO2,上饶,16.0
20201111,8,SO2_24h,上饶,27.0
20201111,8,NO2,上饶,40.0
20201111,8,NO2_24h,上饶,30.0
20201111,8,O3,上饶,43.0
20201111,8,O3_24h,上饶,138.0
20201111,8,O3_8h,上饶,58.0
20201111,8,O3_8h_24h,上饶,68.0
20201111,8,CO,上饶,0.73
20201111,8,CO_24h,上饶,0.6
20201111,10,AQI,上饶,69.0
20201111,10,PM2.5,上饶,41.0
20201111,10,PM2.5_24h,上饶,36.0
20201111,10,PM10,上饶,87.0
20201111,10,PM10_24h,上饶,85.0
20201111,10,SO2,上饶,26.0
20201111,10,SO2_24h,上饶,28.0
20201111,10,NO2,上饶,32.0
20201111,10,NO2_24h,上饶,30.0
20201111,10,O3,上饶,73.0
20201111,10,O3_24h,上饶,138.0
20201111,10,O3_8h,上饶,57.0
20201111,10,O3_8h_24h,上饶,68.0
20201111,10,CO,上饶,0.63
20201111,10,CO_24h,上饶,0.6
20201111,11,AQI,上饶,66.0
20201111,11,PM2.5,上饶,34.0
20201111,11,PM2.5_24h,上饶,35.0
20201111,11,PM10,上饶,82.0
20201111,11,PM10_24h,上饶,84.0
20201111,11,SO2,上饶,17.0
20201111,11,SO2_24h,上饶,28.0
20201111,11,NO2,上饶,28.0
20201111,11,NO2_24h,上饶,30.0
20201111,11,O3,上饶,88.0
20201111,11,O3_24h,上饶,138.0
20201111,11,O3_8h,上饶,59.0
20201111,11,O3_8h_24h,上饶,68.0
20201111,11,CO,上饶,0.63
20201111,11,CO_24h,上饶,0.6
20201111,12,AQI,上饶,65.0
20201111,12,PM2.5,上饶,32.0
20201111,12,PM2.5_24h,上饶,35.0
20201111,12,PM10,上饶,79.0
20201111,12,PM10_24h,上饶,83.0
20201111,12,SO2,上饶,10.0
20201111,12,SO2_24h,上饶,27.0
20201111,12,NO2,上饶,23.0
20201111,12,NO2_24h,上饶,30.0
20201111,12,O3,上饶,104.0
20201111,12,O3_24h,上饶,138.0
20201111,12,O3_8h,上饶,64.0
20201111,12,O3_8h_24h,上饶,68.0
20201111,12,CO,上饶,0.6
20201111,12,CO_24h,上饶,0.6
20201111,13,AQI,上饶,62.0
20201111,13,PM2.5,上饶,33.0
20201111,13,PM2.5_24h,上饶,35.0
20201111,13,PM10,上饶,74.0
20201111,13,PM10_24h,上饶,81.0
20201111,13,SO2,上饶,7.0
20201111,13,SO2_24h,上饶,27.0
20201111,13,NO2,上饶,16.0
20201111,13,NO2_24h,上饶,30.0
20201111,13,O3,上饶,119.0
20201111,13,O3_24h,上饶,138.0
20201111,13,O3_8h,上饶,72.0
20201111,13,O3_8h_24h,上饶,72.0
20201111,13,CO,上饶,0.5
20201111,13,CO_24h,上饶,0.6
20201111,14,AQI,上饶,58.0
20201111,14,PM2.5,上饶,26.0
20201111,14,PM2.5_24h,上饶,35.0
20201111,14,PM10,上饶,66.0
20201111,14,PM10_24h,上饶,80.0
20201111,14,SO2,上饶,6.0
20201111,14,SO2_24h,上饶,27.0
20201111,14,NO2,上饶,15.0
20201111,14,NO2_24h,上饶,29.0
20201111,14,O3,上饶,125.0
20201111,14,O3_24h,上饶,138.0
20201111,14,O3_8h,上饶,81.0
20201111,14,O3_8h_24h,上饶,81.0
20201111,14,CO,上饶,0.47
20201111,14,CO_24h,上饶,0.6
20201111,15,AQI,上饶,54.0
20201111,15,PM2.5,上饶,20.0
20201111,15,PM2.5_24h,上饶,35.0
20201111,15,PM10,上饶,57.0
20201111,15,PM10_24h,上饶,79.0
20201111,15,SO2,上饶,7.0
20201111,15,SO2_24h,上饶,27.0
20201111,15,NO2,上饶,15.0
20201111,15,NO2_24h,上饶,29.0
20201111,15,O3,上饶,128.0
20201111,15,O3_24h,上饶,138.0
20201111,15,O3_8h,上饶,92.0
20201111,15,O3_8h_24h,上饶,92.0
20201111,15,CO,上饶,0.43
20201111,15,CO_24h,上饶,0.6
20201111,16,AQI,上饶,51.0
20201111,16,PM2.5,上饶,25.0
20201111,16,PM2.5_24h,上饶,34.0
20201111,16,PM10,上饶,52.0
20201111,16,PM10_24h,上饶,77.0
20201111,16,SO2,上饶,8.0
20201111,16,SO2_24h,上饶,27.0
20201111,16,NO2,上饶,17.0
20201111,16,NO2_24h,上饶,30.0
20201111,16,O3,上饶,126.0
20201111,16,O3_24h,上饶,132.0
20201111,16,O3_8h,上饶,101.0
20201111,16,O3_8h_24h,上饶,101.0
20201111,16,CO,上饶,0.55
20201111,16,CO_24h,上饶,0.6
20201111,17,AQI,上饶,51.0
20201111,17,PM2.5,上饶,23.0
20201111,17,PM2.5_24h,上饶,34.0
20201111,17,PM10,上饶,51.0
20201111,17,PM10_24h,上饶,76.0
20201111,17,SO2,上饶,12.0
20201111,17,SO2_24h,上饶,27.0
20201111,17,NO2,上饶,23.0
20201111,17,NO2_24h,上饶,30.0
20201111,17,O3,上饶,114.0
20201111,17,O3_24h,上饶,128.0
20201111,17,O3_8h,上饶,109.0
20201111,17,O3_8h_24h,上饶,109.0
20201111,17,CO,上饶,0.47
20201111,17,CO_24h,上饶,0.6
20201111,18,AQI,上饶,52.0
20201111,18,PM2.5,上饶,20.0
20201111,18,PM2.5_24h,上饶,34.0
20201111,18,PM10,上饶,54.0
20201111,18,PM10_24h,上饶,75.0
20201111,18,SO2,上饶,15.0
20201111,18,SO2_24h,上饶,26.0
20201111,18,NO2,上饶,21.0
20201111,18,NO2_24h,上饶,30.0
20201111,18,O3,上饶,109.0
20201111,18,O3_24h,上饶,128.0
20201111,18,O3_8h,上饶,114.0
20201111,18,O3_8h_24h,上饶,114.0
20201111,18,CO,上饶,0.5
20201111,18,CO_24h,上饶,0.6
20201111,19,AQI,上饶,53.0
20201111,19,PM2.5,上饶,29.0
20201111,19,PM2.5_24h,上饶,34.0
20201111,19,PM10,上饶,56.0
20201111,19,PM10_24h,上饶,74.0
20201111,19,SO2,上饶,21.0
20201111,19,SO2_24h,上饶,27.0
20201111,19,NO2,上饶,25.0
20201111,19,NO2_24h,上饶,30.0
20201111,19,O3,上饶,97.0
20201111,19,O3_24h,上饶,128.0
20201111,19,O3_8h,上饶,115.0
20201111,19,O3_8h_24h,上饶,115.0
20201111,19,CO,上饶,0.57
20201111,19,CO_24h,上饶,0.6
20201111,20,AQI,上饶,57.0
20201111,20,PM2.5,上饶,33.0
20201111,20,PM2.5_24h,上饶,34.0
20201111,20,PM10,上饶,63.0
20201111,20,PM10_24h,上饶,74.0
20201111,20,SO2,上饶,14.0
20201111,20,SO2_24h,上饶,27.0
20201111,20,NO2,上饶,24.0
20201111,20,NO2_24h,上饶,30.0
20201111,20,O3,上饶,97.0
20201111,20,O3_24h,上饶,128.0
20201111,20,O3_8h,上饶,114.0
20201111,20,O3_8h_24h,上饶,115.0
20201111,20,CO,上饶,0.57
20201111,20,CO_24h,上饶,0.6
20201111,21,AQI,上饶,56.0
20201111,21,PM2.5,上饶,26.0
20201111,21,PM2.5_24h,上饶,34.0
20201111,21,PM10,上饶,61.0
20201111,21,PM10_24h,上饶,73.0
20201111,21,SO2,上饶,30.0
20201111,21,SO2_24h,上饶,27.0
20201111,21,NO2,上饶,34.0
20201111,21,NO2_24h,上饶,29.0
20201111,21,O3,上饶,73.0
20201111,21,O3_24h,上饶,128.0
20201111,21,O3_8h,上饶,107.0
20201111,21,O3_8h_24h,上饶,115.0
20201111,21,CO,上饶,0.57
20201111,21,CO_24h,上饶,0.6
20201111,22,AQI,上饶,58.0
20201111,22,PM2.5,上饶,29.0
20201111,22,PM2.5_24h,上饶,34.0
20201111,22,PM10,上饶,65.0
20201111,22,PM10_24h,上饶,73.0
20201111,22,SO2,上饶,51.0
20201111,22,SO2_24h,上饶,27.0
20201111,22,NO2,上饶,39.0
20201111,22,NO2_24h,上饶,29.0
20201111,22,O3,上饶,64.0
20201111,22,O3_24h,上饶,128.0
20201111,22,O3_8h,上饶,99.0
20201111,22,O3_8h_24h,上饶,115.0
20201111,22,CO,上饶,0.63
20201111,22,CO_24h,上饶,0.6
20201111,23,AQI,上饶,59.0
20201111,23,PM2.5,上饶,39.0
20201111,23,PM2.5_24h,上饶,34.0
20201111,23,PM10,上饶,67.0
20201111,23,PM10_24h,上饶,72.0
20201111,23,SO2,上饶,49.0
20201111,23,SO2_24h,上饶,27.0
20201111,23,NO2,上饶,35.0
20201111,23,NO2_24h,上饶,28.0
20201111,23,O3,上饶,65.0
20201111,23,O3_24h,上饶,128.0
20201111,23,O3_8h,上饶,90.0
20201111,23,O3_8h_24h,上饶,115.0
20201111,23,CO,上饶,0.57
20201111,23,CO_24h,上饶,0.6
20201111,0,AQI,鹤壁,116.0
20201111,0,PM2.5,鹤壁,88.0
20201111,0,PM2.5_24h,鹤壁,89.0
20201111,0,PM10,鹤壁,179.0
20201111,0,PM10_24h,鹤壁,188.0
20201111,0,SO2,鹤壁,10.0
20201111,0,SO2_24h,鹤壁,19.0
20201111,0,NO2,鹤壁,103.0
20201111,0,NO2_24h,鹤壁,70.0
20201111,0,O3,鹤壁,10.0
20201111,0,O3_24h,鹤壁,124.0
20201111,0,O3_8h,鹤壁,17.0
20201111,0,O3_8h_24h,鹤壁,84.0
20201111,0,CO,鹤壁,1.13
20201111,0,CO_24h,鹤壁,1.4
20201111,1,AQI,鹤壁,111.0
20201111,1,PM2.5,鹤壁,84.0
20201111,1,PM2.5_24h,鹤壁,89.0
20201111,1,PM10,鹤壁,148.0
20201111,1,PM10_24h,鹤壁,184.0
20201111,1,SO2,鹤壁,10.0
20201111,1,SO2_24h,鹤壁,18.0
20201111,1,NO2,鹤壁,106.0
20201111,1,NO2_24h,鹤壁,72.0
20201111,1,O3,鹤壁,10.0
20201111,1,O3_24h,鹤壁,124.0
20201111,1,O3_8h,鹤壁,10.0
20201111,1,O3_8h_24h,鹤壁,10.0
20201111,1,CO,鹤壁,0.8
20201111,1,CO_24h,鹤壁,1.4
20201111,2,AQI,鹤壁,110.0
20201111,2,PM2.5,鹤壁,83.0
20201111,2,PM2.5_24h,鹤壁,89.0
20201111,2,PM10,鹤壁,164.0
20201111,2,PM10_24h,鹤壁,182.0
20201111,2,SO2,鹤壁,9.0
20201111,2,SO2_24h,鹤壁,18.0
20201111,2,NO2,鹤壁,85.0
20201111,2,NO2_24h,鹤壁,73.0
20201111,2,O3,鹤壁,26.0
20201111,2,O3_24h,鹤壁,124.0
20201111,2,O3_8h,鹤壁,18.0
20201111,2,O3_8h_24h,鹤壁,18.0
20201111,2,CO,鹤壁,0.73
20201111,2,CO_24h,鹤壁,1.37
20201111,3,AQI,鹤壁,111.0
20201111,3,PM2.5,鹤壁,84.0
20201111,3,PM2.5_24h,鹤壁,89.0
20201111,3,PM10,鹤壁,155.0
20201111,3,PM10_24h,鹤壁,180.0
20201111,3,SO2,鹤壁,10.0
20201111,3,SO2_24h,鹤壁,17.0
20201111,3,NO2,鹤壁,69.0
20201111,3,NO2_24h,鹤壁,73.0
20201111,3,O3,鹤壁,36.0
20201111,3,O3_24h,鹤壁,124.0
20201111,3,O3_8h,鹤壁,24.0
20201111,3,O3_8h_24h,鹤壁,24.0
20201111,3,CO,鹤壁,0.7
20201111,3,CO_24h,鹤壁,1.37
20201111,4,AQI,鹤壁,111.0
20201111,4,PM2.5,鹤壁,84.0
20201111,4,PM2.5_24h,鹤壁,89.0
20201111,4,PM10,鹤壁,159.0
20201111,4,PM10_24h,鹤壁,180.0
20201111,4,SO2,鹤壁,9.0
20201111,4,SO2_24h,鹤壁,17.0
20201111,4,NO2,鹤壁,65.0
20201111,4,NO2_24h,鹤壁,73.0
20201111,4,O3,鹤壁,36.0
20201111,4,O3_24h,鹤壁,124.0
20201111,4,O3_8h,鹤壁,27.0
20201111,4,O3_8h_24h,鹤壁,27.0
20201111,4,CO,鹤壁,0.73
20201111,4,CO_24h,鹤壁,1.33
20201111,5,AQI,鹤壁,120.0
20201111,5,PM2.5,鹤壁,91.0
20201111,5,PM2.5_24h,鹤壁,90.0
20201111,5,PM10,鹤壁,187.0
20201111,5,PM10_24h,鹤壁,180.0
20201111,5,SO2,鹤壁,10.0
20201111,5,SO2_24h,鹤壁,17.0
20201111,5,NO2,鹤壁,62.0
20201111,5,NO2_24h,鹤壁,74.0
20201111,5,O3,鹤壁,35.0
20201111,5,O3_24h,鹤壁,124.0
20201111,5,O3_8h,鹤壁,28.0
20201111,5,O3_8h_24h,鹤壁,28.0
20201111,5,CO,鹤壁,0.67
20201111,5,CO_24h,鹤壁,1.3
20201111,6,AQI,鹤壁,129.0
20201111,6,PM2.5,鹤壁,92.0
20201111,6,PM2.5_24h,鹤壁,90.0
20201111,6,PM10,鹤壁,208.0
20201111,6,PM10_24h,鹤壁,181.0
20201111,6,SO2,鹤壁,11.0
20201111,6,SO2_24h,鹤壁,17.0
20201111,6,NO2,鹤壁,61.0
20201111,6,NO2_24h,鹤壁,74.0
20201111,6,O3,鹤壁,37.0
20201111,6,O3_24h,鹤壁,124.0
20201111,6,O3_8h,鹤壁,30.0
20201111,6,O3_8h_24h,鹤壁,30.0
20201111,6,CO,鹤壁,0.7
20201111,6,CO_24h,鹤壁,1.3
20201111,8,AQI,鹤壁,136.0
20201111,8,PM2.5,鹤壁,98.0
20201111,8,PM2.5_24h,鹤壁,90.0
20201111,8,PM10,鹤壁,222.0
20201111,8,PM10_24h,鹤壁,179.0
20201111,8,SO2,鹤壁,11.0
20201111,8,SO2_24h,鹤壁,17.0
20201111,8,NO2,鹤壁,75.0
20201111,8,NO2_24h,鹤壁,75.0
20201111,8,O3,鹤壁,30.0
20201111,8,O3_24h,鹤壁,124.0
20201111,8,O3_8h,鹤壁,30.0
20201111,8,O3_8h_24h,鹤壁,30.0
20201111,8,CO,鹤壁,0.83
20201111,8,CO_24h,鹤壁,1.3
20201111,10,AQI,鹤壁,119.0
20201111,10,PM2.5,鹤壁,90.0
20201111,10,PM2.5_24h,鹤壁,89.0
20201111,10,PM10,鹤壁,164.0
20201111,10,PM10_24h,鹤壁,177.0
20201111,10,SO2,鹤壁,15.0
20201111,10,SO2_24h,鹤壁,15.0
20201111,10,NO2,鹤壁,57.0
20201111,10,NO2_24h,鹤壁,74.0
20201111,10,O3,鹤壁,58.0
20201111,10,O3_24h,鹤壁,124.0
20201111,10,O3_8h,鹤壁,38.0
20201111,10,O3_8h_24h,鹤壁,38.0
20201111,10,CO,鹤壁,0.9
20201111,10,CO_24h,鹤壁,1.13
20201111,11,AQI,鹤壁,111.0
20201111,11,PM2.5,鹤壁,84.0
20201111,11,PM2.5_24h,鹤壁,89.0
20201111,11,PM10,鹤壁,134.0
20201111,11,PM10_24h,鹤壁,175.0
20201111,11,SO2,鹤壁,18.0
20201111,11,SO2_24h,鹤壁,14.0
20201111,11,NO2,鹤壁,46.0
20201111,11,NO2_24h,鹤壁,73.0
20201111,11,O3,鹤壁,89.0
20201111,11,O3_24h,鹤壁,124.0
20201111,11,O3_8h,鹤壁,45.0
20201111,11,O3_8h_24h,鹤壁,45.0
20201111,11,CO,鹤壁,0.83
20201111,11,CO_24h,鹤壁,1.07
20201111,12,AQI,鹤壁,84.0
20201111,12,PM2.5,鹤壁,62.0
20201111,12,PM2.5_24h,鹤壁,88.0
20201111,12,PM10,鹤壁,113.0
20201111,12,PM10_24h,鹤壁,174.0
20201111,12,SO2,鹤壁,16.0
20201111,12,SO2_24h,鹤壁,13.0
20201111,12,NO2,鹤壁,30.0
20201111,12,NO2_24h,鹤壁,71.0
20201111,12,O3,鹤壁,119.0
20201111,12,O3_24h,鹤壁,124.0
20201111,12,O3_8h,鹤壁,55.0
20201111,12,O3_8h_24h,鹤壁,55.0
20201111,12,CO,鹤壁,0.7
20201111,12,CO_24h,鹤壁,1.03
20201111,13,AQI,鹤壁,86.0
20201111,13,PM2.5,鹤壁,64.0
20201111,13,PM2.5_24h,鹤壁,86.0
20201111,13,PM10,鹤壁,106.0
20201111,13,PM10_24h,鹤壁,172.0
20201111,13,SO2,鹤壁,14.0
20201111,13,SO2_24h,鹤壁,13.0
20201111,13,NO2,鹤壁,25.0
20201111,13,NO2_24h,鹤壁,70.0
20201111,13,O3,鹤壁,132.0
20201111,13,O3_24h,鹤壁,132.0
20201111,13,O3_8h,鹤壁,67.0
20201111,13,O3_8h_24h,鹤壁,67.0
20201111,13,CO,鹤壁,0.6
20201111,13,CO_24h,鹤壁,1.0
20201111,14,AQI,鹤壁,90.0
20201111,14,PM2.5,鹤壁,67.0
20201111,14,PM2.5_24h,鹤壁,86.0
20201111,14,PM10,鹤壁,111.0
20201111,14,PM10_24h,鹤壁,171.0
20201111,14,SO2,鹤壁,13.0
20201111,14,SO2_24h,鹤壁,13.0
20201111,14,NO2,鹤壁,27.0
20201111,14,NO2_24h,鹤壁,70.0
20201111,14,O3,鹤壁,131.0
20201111,14,O3_24h,鹤壁,134.0
20201111,14,O3_8h,鹤壁,79.0
20201111,14,O3_8h_24h,鹤壁,79.0
20201111,14,CO,鹤壁,0.63
20201111,14,CO_24h,鹤壁,1.0
20201111,15,AQI,鹤壁,86.0
20201111,15,PM2.5,鹤壁,64.0
20201111,15,PM2.5_24h,鹤壁,85.0
20201111,15,PM10,鹤壁,115.0
20201111,15,PM10_24h,鹤壁,170.0
20201111,15,SO2,鹤壁,12.0
20201111,15,SO2_24h,鹤壁,12.0
20201111,15,NO2,鹤壁,26.0
20201111,15,NO2_24h,鹤壁,70.0
20201111,15,O3,鹤壁,137.0
20201111,15,O3_24h,鹤壁,140.0
20201111,15,O3_8h,鹤壁,93.0
20201111,15,O3_8h_24h,鹤壁,93.0
20201111,15,CO,鹤壁,0.63
20201111,15,CO_24h,鹤壁,0.97
20201111,16,AQI,鹤壁,85.0
20201111,16,PM2.5,鹤壁,63.0
20201111,16,PM2.5_24h,鹤壁,84.0
20201111,16,PM10,鹤壁,115.0
20201111,16,PM10_24h,鹤壁,169.0
20201111,16,SO2,鹤壁,11.0
20201111,16,SO2_24h,鹤壁,12.0
20201111,16,NO2,鹤壁,26.0
20201111,16,NO2_24h,鹤壁,70.0
20201111,16,O3,鹤壁,144.0
20201111,16,O3_24h,鹤壁,145.0
20201111,16,O3_8h,鹤壁,106.0
20201111,16,O3_8h_24h,鹤壁,106.0
20201111,16,CO,鹤壁,0.6
20201111,16,CO_24h,鹤壁,0.97
20201111,17,AQI,鹤壁,85.0
20201111,17,PM2.5,鹤壁,63.0
20201111,17,PM2.5_24h,鹤壁,85.0
20201111,17,PM10,鹤壁,113.0
20201111,17,PM10_24h,鹤壁,168.0
20201111,17,SO2,鹤壁,10.0
20201111,17,SO2_24h,鹤壁,12.0
20201111,17,NO2,鹤壁,28.0
20201111,17,NO2_24h,鹤壁,69.0
20201111,17,O3,鹤壁,139.0
20201111,17,O3_24h,鹤壁,145.0
20201111,17,O3_8h,鹤壁,119.0
20201111,17,O3_8h_24h,鹤壁,119.0
20201111,17,CO,鹤壁,0.57
20201111,17,CO_24h,鹤壁,0.97
20201111,18,AQI,鹤壁,91.0
20201111,18,PM2.5,鹤壁,68.0
20201111,18,PM2.5_24h,鹤壁,85.0
20201111,18,PM10,鹤壁,118.0
20201111,18,PM10_24h,鹤壁,166.0
20201111,18,SO2,鹤壁,11.0
20201111,18,SO2_24h,鹤壁,12.0
20201111,18,NO2,鹤壁,35.0
20201111,18,NO2_24h,鹤壁,66.0
20201111,18,O3,鹤壁,126.0
20201111,18,O3_24h,鹤壁,145.0
20201111,18,O3_8h,鹤壁,127.0
20201111,18,O3_8h_24h,鹤壁,127.0
20201111,18,CO,鹤壁,0.63
20201111,18,CO_24h,鹤壁,0.93
20201111,19,AQI,鹤壁,99.0
20201111,19,PM2.5,鹤壁,74.0
20201111,19,PM2.5_24h,鹤壁,84.0
20201111,19,PM10,鹤壁,134.0
20201111,19,PM10_24h,鹤壁,163.0
20201111,19,SO2,鹤壁,13.0
20201111,19,SO2_24h,鹤壁,12.0
20201111,19,NO2,鹤壁,40.0
20201111,19,NO2_24h,鹤壁,64.0
20201111,19,O3,鹤壁,117.0
20201111,19,O3_24h,鹤壁,145.0
20201111,19,O3_8h,鹤壁,131.0
20201111,19,O3_8h_24h,鹤壁,131.0
20201111,19,CO,鹤壁,0.73
20201111,19,CO_24h,鹤壁,0.93
20201111,20,AQI,鹤壁,98.0
20201111,20,PM2.5,鹤壁,73.0
20201111,20,PM2.5_24h,鹤壁,82.0
20201111,20,PM10,鹤壁,122.0
20201111,20,PM10_24h,鹤壁,159.0
20201111,20,SO2,鹤壁,10.0
20201111,20,SO2_24h,鹤壁,11.0
20201111,20,NO2,鹤壁,37.0
20201111,20,NO2_24h,鹤壁,61.0
20201111,20,O3,鹤壁,114.0
20201111,20,O3_24h,鹤壁,145.0
20201111,20,O3_8h,鹤壁,130.0
20201111,20,O3_8h_24h,鹤壁,131.0
20201111,20,CO,鹤壁,0.6
20201111,20,CO_24h,鹤壁,0.9
20201111,21,AQI,鹤壁,96.0
20201111,21,PM2.5,鹤壁,72.0
20201111,21,PM2.5_24h,鹤壁,81.0
20201111,21,PM10,鹤壁,126.0
20201111,21,PM10_24h,鹤壁,154.0
20201111,21,SO2,鹤壁,10.0
20201111,21,SO2_24h,鹤壁,11.0
20201111,21,NO2,鹤壁,42.0
20201111,21,NO2_24h,鹤壁,58.0
20201111,21,O3,鹤壁,106.0
20201111,21,O3_24h,鹤壁,145.0
20201111,21,O3_8h,鹤壁,127.0
20201111,21,O3_8h_24h,鹤壁,131.0
20201111,21,CO,鹤壁,0.73
20201111,21,CO_24h,鹤壁,0.87
20201111,22,AQI,鹤壁,99.0
20201111,22,PM2.5,鹤壁,74.0
20201111,22,PM2.5_24h,鹤壁,80.0
20201111,22,PM10,鹤壁,120.0
20201111,22,PM10_24h,鹤壁,151.0
20201111,22,SO2,鹤壁,12.0
20201111,22,SO2_24h,鹤壁,12.0
20201111,22,NO2,鹤壁,47.0
20201111,22,NO2_24h,鹤壁,55.0
20201111,22,O3,鹤壁,100.0
20201111,22,O3_24h,鹤壁,145.0
20201111,22,O3_8h,鹤壁,123.0
20201111,22,O3_8h_24h,鹤壁,131.0
20201111,22,CO,鹤壁,0.73
20201111,22,CO_24h,鹤壁,0.8
20201111,23,AQI,鹤壁,98.0
20201111,23,PM2.5,鹤壁,73.0
20201111,23,PM2.5_24h,鹤壁,78.0
20201111,23,PM10,鹤壁,128.0
20201111,23,PM10_24h,鹤壁,146.0
20201111,23,SO2,鹤壁,13.0
20201111,23,SO2_24h,鹤壁,12.0
20201111,23,NO2,鹤壁,46.0
20201111,23,NO2_24h,鹤壁,53.0
20201111,23,O3,鹤壁,98.0
20201111,23,O3_24h,鹤壁,145.0
20201111,23,O3_8h,鹤壁,118.0
20201111,23,O3_8h_24h,鹤壁,131.0
20201111,23,CO,鹤壁,0.67
20201111,23,CO_24h,鹤壁,0.73
20201111,0,AQI,新乡,106.0
20201111,0,PM2.5,新乡,76.0
20201111,0,PM2.5_24h,新乡,78.0
20201111,0,PM10,新乡,161.0
20201111,0,PM10_24h,新乡,171.0
20201111,0,SO2,新乡,12.0
20201111,0,SO2_24h,新乡,15.0
20201111,0,NO2,新乡,62.0
20201111,0,NO2_24h,新乡,68.0
20201111,0,O3,新乡,52.0
20201111,0,O3_24h,新乡,113.0
20201111,0,O3_8h,新乡,65.0
20201111,0,O3_8h_24h,新乡,91.0
20201111,0,CO,新乡,0.93
20201111,0,CO_24h,新乡,0.98
20201111,1,AQI,新乡,112.0
20201111,1,PM2.5,新乡,80.0
20201111,1,PM2.5_24h,新乡,78.0
20201111,1,PM10,新乡,174.0
20201111,1,PM10_24h,新乡,170.0
20201111,1,SO2,新乡,12.0
20201111,1,SO2_24h,新乡,15.0
20201111,1,NO2,新乡,69.0
20201111,1,NO2_24h,新乡,67.0
20201111,1,O3,新乡,34.0
20201111,1,O3_24h,新乡,113.0
20201111,1,O3_8h,新乡,34.0
20201111,1,O3_8h_24h,新乡,34.0
20201111,1,CO,新乡,1.1
20201111,1,CO_24h,新乡,0.95
20201111,2,AQI,新乡,106.0
20201111,2,PM2.5,新乡,71.0
20201111,2,PM2.5_24h,新乡,78.0
20201111,2,PM10,新乡,162.0
20201111,2,PM10_24h,新乡,169.0
20201111,2,SO2,新乡,11.0
20201111,2,SO2_24h,新乡,15.0
20201111,2,NO2,新乡,65.0
20201111,2,NO2_24h,新乡,67.0
20201111,2,O3,新乡,29.0
20201111,2,O3_24h,新乡,113.0
20201111,2,O3_8h,新乡,31.0
20201111,2,O3_8h_24h,新乡,34.0
20201111,2,CO,新乡,1.07
20201111,2,CO_24h,新乡,0.95
20201111,3,AQI,新乡,102.0
20201111,3,PM2.5,新乡,76.0
20201111,3,PM2.5_24h,新乡,77.0
20201111,3,PM10,新乡,153.0
20201111,3,PM10_24h,新乡,167.0
20201111,3,SO2,新乡,11.0
20201111,3,SO2_24h,新乡,14.0
20201111,3,NO2,新乡,63.0
20201111,3,NO2_24h,新乡,65.0
20201111,3,O3,新乡,30.0
20201111,3,O3_24h,新乡,113.0
20201111,3,O3_8h,新乡,31.0
20201111,3,O3_8h_24h,新乡,34.0
20201111,3,CO,新乡,0.9
20201111,3,CO_24h,新乡,0.95
20201111,4,AQI,新乡,102.0
20201111,4,PM2.5,新乡,73.0
20201111,4,PM2.5_24h,新乡,76.0
20201111,4,PM10,新乡,154.0
20201111,4,PM10_24h,新乡,167.0
20201111,4,SO2,新乡,12.0
20201111,4,SO2_24h,新乡,14.0
20201111,4,NO2,新乡,64.0
20201111,4,NO2_24h,新乡,64.0
20201111,4,O3,新乡,28.0
20201111,4,O3_24h,新乡,113.0
20201111,4,O3_8h,新乡,30.0
20201111,4,O3_8h_24h,新乡,35.0
20201111,4,CO,新乡,0.85
20201111,4,CO_24h,新乡,0.95
20201111,5,AQI,新乡,102.0
20201111,5,PM2.5,新乡,72.0
20201111,5,PM2.5_24h,新乡,76.0
20201111,5,PM10,新乡,153.0
20201111,5,PM10_24h,新乡,165.0
20201111,5,SO2,新乡,12.0
20201111,5,SO2_24h,新乡,14.0
20201111,5,NO2,新乡,68.0
20201111,5,NO2_24h,新乡,63.0
20201111,5,O3,新乡,21.0
20201111,5,O3_24h,新乡,113.0
20201111,5,O3_8h,新乡,28.0
20201111,5,O3_8h_24h,新乡,37.0
20201111,5,CO,新乡,0.82
20201111,5,CO_24h,新乡,0.93
20201111,6,AQI,新乡,112.0
20201111,6,PM2.5,新乡,81.0
20201111,6,PM2.5_24h,新乡,75.0
20201111,6,PM10,新乡,173.0
20201111,6,PM10_24h,新乡,165.0
20201111,6,SO2,新乡,13.0
20201111,6,SO2_24h,新乡,14.0
20201111,6,NO2,新乡,89.0
20201111,6,NO2_24h,新乡,64.0
20201111,6,O3,新乡,3.0
20201111,6,O3_24h,新乡,113.0
20201111,6,O3_8h,新乡,24.0
20201111,6,O3_8h_24h,新乡,37.0
20201111,6,CO,新乡,0.88
20201111,6,CO_24h,新乡,0.9
20201111,8,AQI,新乡,116.0
20201111,8,PM2.5,新乡,82.0
20201111,8,PM2.5_24h,新乡,74.0
20201111,8,PM10,新乡,182.0
20201111,8,PM10_24h,新乡,163.0
20201111,8,SO2,新乡,19.0
20201111,8,SO2_24h,新乡,14.0
20201111,8,NO2,新乡,90.0
20201111,8,NO2_24h,新乡,63.0
20201111,8,O3,新乡,7.0
20201111,8,O3_24h,新乡,113.0
20201111,8,O3_8h,新乡,22.0
20201111,8,O3_8h_24h,新乡,37.0
20201111,8,CO,新乡,1.03
20201111,8,CO_24h,新乡,0.88
20201111,10,AQI,新乡,108.0
20201111,10,PM2.5,新乡,77.0
20201111,10,PM2.5_24h,新乡,74.0
20201111,10,PM10,新乡,166.0
20201111,10,PM10_24h,新乡,162.0
20201111,10,SO2,新乡,19.0
20201111,10,SO2_24h,新乡,14.0
20201111,10,NO2,新乡,72.0
20201111,10,NO2_24h,新乡,65.0
20201111,10,O3,新乡,37.0
20201111,10,O3_24h,新乡,113.0
20201111,10,O3_8h,新乡,19.0
20201111,10,O3_8h_24h,新乡,38.0
20201111,10,CO,新乡,0.95
20201111,10,CO_24h,新乡,0.88
20201111,11,AQI,新乡,93.0
20201111,11,PM2.5,新乡,67.0
20201111,11,PM2.5_24h,新乡,74.0
20201111,11,PM10,新乡,136.0
20201111,11,PM10_24h,新乡,161.0
20201111,11,SO2,新乡,17.0
20201111,11,SO2_24h,新乡,14.0
20201111,11,NO2,新乡,52.0
20201111,11,NO2_24h,新乡,64.0
20201111,11,O3,新乡,70.0
20201111,11,O3_24h,新乡,113.0
20201111,11,O3_8h,新乡,23.0
20201111,11,O3_8h_24h,新乡,41.0
20201111,11,CO,新乡,0.8
20201111,11,CO_24h,新乡,0.88
20201111,12,AQI,新乡,91.0
20201111,12,PM2.5,新乡,64.0
20201111,12,PM2.5_24h,新乡,73.0
20201111,12,PM10,新乡,132.0
20201111,12,PM10_24h,新乡,159.0
20201111,12,SO2,新乡,15.0
20201111,12,SO2_24h,新乡,14.0
20201111,12,NO2,新乡,34.0
20201111,12,NO2_24h,新乡,63.0
20201111,12,O3,新乡,91.0
20201111,12,O3_24h,新乡,113.0
20201111,12,O3_8h,新乡,31.0
20201111,12,O3_8h_24h,新乡,46.0
20201111,12,CO,新乡,0.72
20201111,12,CO_24h,新乡,0.85
20201111,13,AQI,新乡,87.0
20201111,13,PM2.5,新乡,52.0
20201111,13,PM2.5_24h,新乡,72.0
20201111,13,PM10,新乡,124.0
20201111,13,PM10_24h,新乡,158.0
20201111,13,SO2,新乡,13.0
20201111,13,SO2_24h,新乡,14.0
20201111,13,NO2,新乡,28.0
20201111,13,NO2_24h,新乡,62.0
20201111,13,O3,新乡,110.0
20201111,13,O3_24h,新乡,113.0
20201111,13,O3_8h,新乡,42.0
20201111,13,O3_8h_24h,新乡,51.0
20201111,13,CO,新乡,0.7
20201111,13,CO_24h,新乡,0.85
20201111,14,AQI,新乡,83.0
20201111,14,PM2.5,新乡,48.0
20201111,14,PM2.5_24h,新乡,71.0
20201111,14,PM10,新乡,116.0
20201111,14,PM10_24h,新乡,157.0
20201111,14,SO2,新乡,13.0
20201111,14,SO2_24h,新乡,14.0
20201111,14,NO2,新乡,26.0
20201111,14,NO2_24h,新乡,62.0
20201111,14,O3,新乡,121.0
20201111,14,O3_24h,新乡,121.0
20201111,14,O3_8h,新乡,57.0
20201111,14,O3_8h_24h,新乡,62.0
20201111,14,CO,新乡,0.68
20201111,14,CO_24h,新乡,0.85
20201111,15,AQI,新乡,82.0
20201111,15,PM2.5,新乡,51.0
20201111,15,PM2.5_24h,新乡,71.0
20201111,15,PM10,新乡,114.0
20201111,15,PM10_24h,新乡,155.0
20201111,15,SO2,新乡,12.0
20201111,15,SO2_24h,新乡,14.0
20201111,15,NO2,新乡,29.0
20201111,15,NO2_24h,新乡,62.0
20201111,15,O3,新乡,126.0
20201111,15,O3_24h,新乡,126.0
20201111,15,O3_8h,新乡,73.0
20201111,15,O3_8h_24h,新乡,73.0
20201111,15,CO,新乡,0.65
20201111,15,CO_24h,新乡,0.85
20201111,16,AQI,新乡,85.0
20201111,16,PM2.5,新乡,50.0
20201111,16,PM2.5_24h,新乡,70.0
20201111,16,PM10,新乡,119.0
20201111,16,PM10_24h,新乡,154.0
20201111,16,SO2,新乡,12.0
20201111,16,SO2_24h,新乡,14.0
20201111,16,NO2,新乡,30.0
20201111,16,NO2_24h,新乡,61.0
20201111,16,O3,新乡,128.0
20201111,16,O3_24h,新乡,128.0
20201111,16,O3_8h,新乡,88.0
20201111,16,O3_8h_24h,新乡,88.0
20201111,16,CO,新乡,0.65
20201111,16,CO_24h,新乡,0.85
20201111,17,AQI,新乡,86.0
20201111,17,PM2.5,新乡,54.0
20201111,17,PM2.5_24h,新乡,70.0
20201111,17,PM10,新乡,122.0
20201111,17,PM10_24h,新乡,153.0
20201111,17,SO2,新乡,11.0
20201111,17,SO2_24h,新乡,14.0
20201111,17,NO2,新乡,34.0
20201111,17,NO2_24h,新乡,61.0
20201111,17,O3,新乡,122.0
20201111,17,O3_24h,新乡,128.0
20201111,17,O3_8h,新乡,100.0
20201111,17,O3_8h_24h,新乡,100.0
20201111,17,CO,新乡,0.65
20201111,17,CO_24h,新乡,0.85
20201111,18,AQI,新乡,99.0
20201111,18,PM2.5,新乡,58.0
20201111,18,PM2.5_24h,新乡,70.0
20201111,18,PM10,新乡,147.0
20201111,18,PM10_24h,新乡,152.0
20201111,18,SO2,新乡,10.0
20201111,18,SO2_24h,新乡,14.0
20201111,18,NO2,新乡,55.0
20201111,18,NO2_24h,新乡,60.0
20201111,18,O3,新乡,92.0
20201111,18,O3_24h,新乡,128.0
20201111,18,O3_8h,新乡,108.0
20201111,18,O3_8h_24h,新乡,108.0
20201111,18,CO,新乡,0.85
20201111,18,CO_24h,新乡,0.85
20201111,19,AQI,新乡,97.0
20201111,19,PM2.5,新乡,67.0
20201111,19,PM2.5_24h,新乡,66.0
20201111,19,PM10,新乡,143.0
20201111,19,PM10_24h,新乡,148.0
20201111,19,SO2,新乡,11.0
20201111,19,SO2_24h,新乡,14.0
20201111,19,NO2,新乡,91.0
20201111,19,NO2_24h,新乡,60.0
20201111,19,O3,新乡,51.0
20201111,19,O3_24h,新乡,128.0
20201111,19,O3_8h,新乡,104.0
20201111,19,O3_8h_24h,新乡,107.0
20201111,19,CO,新乡,1.2
20201111,19,CO_24h,新乡,0.87
20201111,20,AQI,新乡,104.0
20201111,20,PM2.5,新乡,75.0
20201111,20,PM2.5_24h,新乡,67.0
20201111,20,PM10,新乡,158.0
20201111,20,PM10_24h,新乡,148.0
20201111,20,SO2,新乡,11.0
20201111,20,SO2_24h,新乡,14.0
20201111,20,NO2,新乡,91.0
20201111,20,NO2_24h,新乡,61.0
20201111,20,O3,新乡,40.0
20201111,20,O3_24h,新乡,128.0
20201111,20,O3_8h,新乡,99.0
20201111,20,O3_8h_24h,新乡,107.0
20201111,20,CO,新乡,1.37
20201111,20,CO_24h,新乡,0.9
20201111,21,AQI,新乡,115.0
20201111,21,PM2.5,新乡,76.0
20201111,21,PM2.5_24h,新乡,67.0
20201111,21,PM10,新乡,180.0
20201111,21,PM10_24h,新乡,148.0
20201111,21,SO2,新乡,11.0
20201111,21,SO2_24h,新乡,14.0
20201111,21,NO2,新乡,115.0
20201111,21,NO2_24h,新乡,62.0
20201111,21,O3,新乡,11.0
20201111,21,O3_24h,新乡,128.0
20201111,21,O3_8h,新乡,86.0
20201111,21,O3_8h_24h,新乡,107.0
20201111,21,CO,新乡,1.93
20201111,21,CO_24h,新乡,0.93
20201111,22,AQI,新乡,120.0
20201111,22,PM2.5,新乡,82.0
20201111,22,PM2.5_24h,新乡,67.0
20201111,22,PM10,新乡,190.0
20201111,22,PM10_24h,新乡,149.0
20201111,22,SO2,新乡,10.0
20201111,22,SO2_24h,新乡,13.0
20201111,22,NO2,新乡,112.0
20201111,22,NO2_24h,新乡,64.0
20201111,22,O3,新乡,4.0
20201111,22,O3_24h,新乡,128.0
20201111,22,O3_8h,新乡,72.0
20201111,22,O3_8h_24h,新乡,107.0
20201111,22,CO,新乡,1.93
20201111,22,CO_24h,新乡,1.0
20201111,23,AQI,新乡,114.0
20201111,23,PM2.5,新乡,82.0
20201111,23,PM2.5_24h,新乡,67.0
20201111,23,PM10,新乡,177.0
20201111,23,PM10_24h,新乡,150.0
20201111,23,SO2,新乡,10.0
20201111,23,SO2_24h,新乡,13.0
20201111,23,NO2,新乡,97.0
20201111,23,NO2_24h,新乡,65.0
20201111,23,O3,新乡,15.0
20201111,23,O3_24h,新乡,128.0
20201111,23,O3_8h,新乡,57.0
20201111,23,O3_8h_24h,新乡,107.0
20201111,23,CO,新乡,1.6
20201111,23,CO_24h,新乡,1.0
20201111,0,AQI,濮阳,139.0
20201111,0,PM2.5,濮阳,106.0
20201111,0,PM2.5_24h,濮阳,104.0
20201111,0,PM10,濮阳,181.0
20201111,0,PM10_24h,濮阳,168.0
20201111,0,SO2,濮阳,21.0
20201111,0,SO2_24h,濮阳,22.0
20201111,0,NO2,濮阳,50.0
20201111,0,NO2_24h,濮阳,59.0
20201111,0,O3,濮阳,61.0
20201111,0,O3_24h,濮阳,146.0
20201111,0,O3_8h,濮阳,81.0
20201111,0,O3_8h_24h,濮阳,110.0
20201111,0,CO,濮阳,0.97
20201111,0,CO_24h,濮阳,0.97
20201111,1,AQI,濮阳,177.0
20201111,1,PM2.5,濮阳,134.0
20201111,1,PM2.5_24h,濮阳,105.0
20201111,1,PM10,濮阳,186.0
20201111,1,PM10_24h,濮阳,168.0
20201111,1,SO2,濮阳,21.0
20201111,1,SO2_24h,濮阳,22.0
20201111,1,NO2,濮阳,49.0
20201111,1,NO2_24h,濮阳,58.0
20201111,1,O3,濮阳,61.0
20201111,1,O3_24h,濮阳,146.0
20201111,1,O3_8h,濮阳,61.0
20201111,1,O3_8h_24h,濮阳,61.0
20201111,1,CO,濮阳,0.97
20201111,1,CO_24h,濮阳,0.97
20201111,2,AQI,濮阳,173.0
20201111,2,PM2.5,濮阳,131.0
20201111,2,PM2.5_24h,濮阳,105.0
20201111,2,PM10,濮阳,187.0
20201111,2,PM10_24h,濮阳,168.0
20201111,2,SO2,濮阳,24.0
20201111,2,SO2_24h,濮阳,22.0
20201111,2,NO2,濮阳,47.0
20201111,2,NO2_24h,濮阳,56.0
20201111,2,O3,濮阳,62.0
20201111,2,O3_24h,濮阳,146.0
20201111,2,O3_8h,濮阳,62.0
20201111,2,O3_8h_24h,濮阳,63.0
20201111,2,CO,濮阳,0.95
20201111,2,CO_24h,濮阳,0.95
20201111,3,AQI,濮阳,167.0
20201111,3,PM2.5,濮阳,127.0
20201111,3,PM2.5_24h,濮阳,106.0
20201111,3,PM10,濮阳,184.0
20201111,3,PM10_24h,濮阳,168.0
20201111,3,SO2,濮阳,22.0
20201111,3,SO2_24h,濮阳,22.0
20201111,3,NO2,濮阳,46.0
20201111,3,NO2_24h,濮阳,55.0
20201111,3,O3,濮阳,61.0
20201111,3,O3_24h,濮阳,146.0
20201111,3,O3_8h,濮阳,61.0
20201111,3,O3_8h_24h,濮阳,63.0
20201111,3,CO,濮阳,0.93
20201111,3,CO_24h,濮阳,0.95
20201111,4,AQI,濮阳,161.0
20201111,4,PM2.5,濮阳,123.0
20201111,4,PM2.5_24h,濮阳,107.0
20201111,4,PM10,濮阳,167.0
20201111,4,PM10_24h,濮阳,168.0
20201111,4,SO2,濮阳,22.0
20201111,4,SO2_24h,濮阳,22.0
20201111,4,NO2,濮阳,44.0
20201111,4,NO2_24h,濮阳,54.0
20201111,4,O3,濮阳,59.0
20201111,4,O3_24h,濮阳,146.0
20201111,4,O3_8h,濮阳,61.0
20201111,4,O3_8h_24h,濮阳,63.0
20201111,4,CO,濮阳,0.93
20201111,4,CO_24h,濮阳,0.95
20201111,5,AQI,濮阳,148.0
20201111,5,PM2.5,濮阳,113.0
20201111,5,PM2.5_24h,濮阳,107.0
20201111,5,PM10,濮阳,162.0
20201111,5,PM10_24h,濮阳,169.0
20201111,5,SO2,濮阳,25.0
20201111,5,SO2_24h,濮阳,22.0
20201111,5,NO2,濮阳,42.0
20201111,5,NO2_24h,濮阳,53.0
20201111,5,O3,濮阳,60.0
20201111,5,O3_24h,濮阳,146.0
20201111,5,O3_8h,濮阳,61.0
20201111,5,O3_8h_24h,濮阳,63.0
20201111,5,CO,濮阳,0.88
20201111,5,CO_24h,濮阳,0.95
20201111,6,AQI,濮阳,135.0
20201111,6,PM2.5,濮阳,103.0
20201111,6,PM2.5_24h,濮阳,107.0
20201111,6,PM10,濮阳,159.0
20201111,6,PM10_24h,濮阳,169.0
20201111,6,SO2,濮阳,20.0
20201111,6,SO2_24h,濮阳,21.0
20201111,6,NO2,濮阳,39.0
20201111,6,NO2_24h,濮阳,51.0
20201111,6,O3,濮阳,60.0
20201111,6,O3_24h,濮阳,146.0
20201111,6,O3_8h,濮阳,60.0
20201111,6,O3_8h_24h,濮阳,63.0
20201111,6,CO,濮阳,0.88
20201111,6,CO_24h,濮阳,0.95
20201111,8,AQI,濮阳,136.0
20201111,8,PM2.5,濮阳,104.0
20201111,8,PM2.5_24h,濮阳,107.0
20201111,8,PM10,濮阳,147.0
20201111,8,PM10_24h,濮阳,164.0
20201111,8,SO2,濮阳,25.0
20201111,8,SO2_24h,濮阳,22.0
20201111,8,NO2,濮阳,54.0
20201111,8,NO2_24h,濮阳,49.0
20201111,8,O3,濮阳,42.0
20201111,8,O3_24h,濮阳,146.0
20201111,8,O3_8h,濮阳,57.0
20201111,8,O3_8h_24h,濮阳,63.0
20201111,8,CO,濮阳,1.0
20201111,8,CO_24h,濮阳,0.95
20201111,10,AQI,濮阳,135.0
20201111,10,PM2.5,濮阳,103.0
20201111,10,PM2.5_24h,濮阳,106.0
20201111,10,PM10,濮阳,164.0
20201111,10,PM10_24h,濮阳,163.0
20201111,10,SO2,濮阳,27.0
20201111,10,SO2_24h,濮阳,22.0
20201111,10,NO2,濮阳,49.0
20201111,10,NO2_24h,濮阳,47.0
20201111,10,O3,濮阳,62.0
20201111,10,O3_24h,濮阳,146.0
20201111,10,O3_8h,濮阳,55.0
20201111,10,O3_8h_24h,濮阳,63.0
20201111,10,CO,濮阳,1.0
20201111,10,CO_24h,濮阳,0.93
20201111,11,AQI,濮阳,131.0
20201111,11,PM2.5,濮阳,100.0
20201111,11,PM2.5_24h,濮阳,106.0
20201111,11,PM10,濮阳,156.0
20201111,11,PM10_24h,濮阳,162.0
20201111,11,SO2,濮阳,19.0
20201111,11,SO2_24h,濮阳,21.0
20201111,11,NO2,濮阳,43.0
20201111,11,NO2_24h,濮阳,47.0
20201111,11,O3,濮阳,83.0
20201111,11,O3_24h,濮阳,146.0
20201111,11,O3_8h,濮阳,58.0
20201111,11,O3_8h_24h,濮阳,63.0
20201111,11,CO,濮阳,1.0
20201111,11,CO_24h,濮阳,0.93
20201111,12,AQI,濮阳,120.0
20201111,12,PM2.5,濮阳,91.0
20201111,12,PM2.5_24h,濮阳,105.0
20201111,12,PM10,濮阳,147.0
20201111,12,PM10_24h,濮阳,161.0
20201111,12,SO2,濮阳,19.0
20201111,12,SO2_24h,濮阳,21.0
20201111,12,NO2,濮阳,35.0
20201111,12,NO2_24h,濮阳,46.0
20201111,12,O3,濮阳,114.0
20201111,12,O3_24h,濮阳,146.0
20201111,12,O3_8h,濮阳,65.0
20201111,12,O3_8h_24h,濮阳,66.0
20201111,12,CO,濮阳,1.0
20201111,12,CO_24h,濮阳,0.93
20201111,13,AQI,濮阳,119.0
20201111,13,PM2.5,濮阳,90.0
20201111,13,PM2.5_24h,濮阳,104.0
20201111,13,PM10,濮阳,149.0
20201111,13,PM10_24h,濮阳,161.0
20201111,13,SO2,濮阳,19.0
20201111,13,SO2_24h,濮阳,21.0
20201111,13,NO2,濮阳,31.0
20201111,13,NO2_24h,濮阳,46.0
20201111,13,O3,濮阳,137.0
20201111,13,O3_24h,濮阳,146.0
20201111,13,O3_8h,濮阳,74.0
20201111,13,O3_8h_24h,濮阳,74.0
20201111,13,CO,濮阳,0.93
20201111,13,CO_24h,濮阳,0.93
20201111,14,AQI,濮阳,110.0
20201111,14,PM2.5,濮阳,83.0
20201111,14,PM2.5_24h,濮阳,103.0
20201111,14,PM10,濮阳,164.0
20201111,14,PM10_24h,濮阳,162.0
20201111,14,SO2,濮阳,18.0
20201111,14,SO2_24h,濮阳,21.0
20201111,14,NO2,濮阳,27.0
20201111,14,NO2_24h,濮阳,45.0
20201111,14,O3,濮阳,154.0
20201111,14,O3_24h,濮阳,151.0
20201111,14,O3_8h,濮阳,84.0
20201111,14,O3_8h_24h,濮阳,84.0
20201111,14,CO,濮阳,0.85
20201111,14,CO_24h,濮阳,0.93
20201111,15,AQI,濮阳,109.0
20201111,15,PM2.5,濮阳,82.0
20201111,15,PM2.5_24h,濮阳,103.0
20201111,15,PM10,濮阳,142.0
20201111,15,PM10_24h,濮阳,162.0
20201111,15,SO2,濮阳,16.0
20201111,15,SO2_24h,濮阳,21.0
20201111,15,NO2,濮阳,26.0
20201111,15,NO2_24h,濮阳,45.0
20201111,15,O3,濮阳,156.0
20201111,15,O3_24h,濮阳,156.0
20201111,15,O3_8h,濮阳,97.0
20201111,15,O3_8h_24h,濮阳,97.0
20201111,15,CO,濮阳,0.8
20201111,15,CO_24h,濮阳,0.93
20201111,16,AQI,濮阳,109.0
20201111,16,PM2.5,濮阳,82.0
20201111,16,PM2.5_24h,濮阳,102.0
20201111,16,PM10,濮阳,132.0
20201111,16,PM10_24h,濮阳,162.0
20201111,16,SO2,濮阳,14.0
20201111,16,SO2_24h,濮阳,21.0
20201111,16,NO2,濮阳,28.0
20201111,16,NO2_24h,濮阳,45.0
20201111,16,O3,濮阳,154.0
20201111,16,O3_24h,濮阳,156.0
20201111,16,O3_8h,濮阳,111.0
20201111,16,O3_8h_24h,濮阳,111.0
20201111,16,CO,濮阳,0.8
20201111,16,CO_24h,濮阳,0.93
20201111,17,AQI,濮阳,100.0
20201111,17,PM2.5,濮阳,75.0
20201111,17,PM2.5_24h,濮阳,102.0
20201111,17,PM10,濮阳,126.0
20201111,17,PM10_24h,濮阳,161.0
20201111,17,SO2,濮阳,15.0
20201111,17,SO2_24h,濮阳,21.0
20201111,17,NO2,濮阳,32.0
20201111,17,NO2_24h,濮阳,45.0
20201111,17,O3,濮阳,140.0
20201111,17,O3_24h,濮阳,156.0
20201111,17,O3_8h,濮阳,124.0
20201111,17,O3_8h_24h,濮阳,124.0
20201111,17,CO,濮阳,0.77
20201111,17,CO_24h,濮阳,0.9
20201111,18,AQI,濮阳,106.0
20201111,18,PM2.5,濮阳,80.0
20201111,18,PM2.5_24h,濮阳,101.0
20201111,18,PM10,濮阳,133.0
20201111,18,PM10_24h,濮阳,160.0
20201111,18,SO2,濮阳,14.0
20201111,18,SO2_24h,濮阳,21.0
20201111,18,NO2,濮阳,46.0
20201111,18,NO2_24h,濮阳,44.0
20201111,18,O3,濮阳,111.0
20201111,18,O3_24h,濮阳,156.0
20201111,18,O3_8h,濮阳,130.0
20201111,18,O3_8h_24h,濮阳,130.0
20201111,18,CO,濮阳,0.88
20201111,18,CO_24h,濮阳,0.9
20201111,19,AQI,濮阳,111.0
20201111,19,PM2.5,濮阳,84.0
20201111,19,PM2.5_24h,濮阳,101.0
20201111,19,PM10,濮阳,132.0
20201111,19,PM10_24h,濮阳,160.0
20201111,19,SO2,濮阳,15.0
20201111,19,SO2_24h,濮阳,21.0
20201111,19,NO2,濮阳,42.0
20201111,19,NO2_24h,濮阳,43.0
20201111,19,O3,濮阳,107.0
20201111,19,O3_24h,濮阳,156.0
20201111,19,O3_8h,濮阳,133.0
20201111,19,O3_8h_24h,濮阳,133.0
20201111,19,CO,濮阳,0.9
20201111,19,CO_24h,濮阳,0.9
20201111,20,AQI,濮阳,119.0
20201111,20,PM2.5,濮阳,90.0
20201111,20,PM2.5_24h,濮阳,99.0
20201111,20,PM10,濮阳,140.0
20201111,20,PM10_24h,濮阳,158.0
20201111,20,SO2,濮阳,18.0
20201111,20,SO2_24h,濮阳,20.0
20201111,20,NO2,濮阳,38.0
20201111,20,NO2_24h,濮阳,41.0
20201111,20,O3,濮阳,104.0
20201111,20,O3_24h,濮阳,155.0
20201111,20,O3_8h,濮阳,130.0
20201111,20,O3_8h_24h,濮阳,132.0
20201111,20,CO,濮阳,0.87
20201111,20,CO_24h,濮阳,0.9
20201111,21,AQI,濮阳,118.0
20201111,21,PM2.5,濮阳,89.0
20201111,21,PM2.5_24h,濮阳,98.0
20201111,21,PM10,濮阳,139.0
20201111,21,PM10_24h,濮阳,157.0
20201111,21,SO2,濮阳,24.0
20201111,21,SO2_24h,濮阳,19.0
20201111,21,NO2,濮阳,34.0
20201111,21,NO2_24h,濮阳,40.0
20201111,21,O3,濮阳,102.0
20201111,21,O3_24h,濮阳,155.0
20201111,21,O3_8h,濮阳,126.0
20201111,21,O3_8h_24h,濮阳,132.0
20201111,21,CO,濮阳,0.87
20201111,21,CO_24h,濮阳,0.9
20201111,22,AQI,濮阳,110.0
20201111,22,PM2.5,濮阳,83.0
20201111,22,PM2.5_24h,濮阳,100.0
20201111,22,PM10,濮阳,128.0
20201111,22,PM10_24h,濮阳,155.0
20201111,22,SO2,濮阳,15.0
20201111,22,SO2_24h,濮阳,20.0
20201111,22,NO2,濮阳,34.0
20201111,22,NO2_24h,濮阳,42.0
20201111,22,O3,濮阳,94.0
20201111,22,O3_24h,濮阳,156.0
20201111,22,O3_8h,濮阳,122.0
20201111,22,O3_8h_24h,濮阳,133.0
20201111,22,CO,濮阳,0.92
20201111,22,CO_24h,濮阳,0.9
20201111,23,AQI,濮阳,120.0
20201111,23,PM2.5,濮阳,91.0
20201111,23,PM2.5_24h,濮阳,100.0
20201111,23,PM10,濮阳,115.0
20201111,23,PM10_24h,濮阳,152.0
20201111,23,SO2,濮阳,16.0
20201111,23,SO2_24h,濮阳,20.0
20201111,23,NO2,濮阳,36.0
20201111,23,NO2_24h,濮阳,41.0
20201111,23,O3,濮阳,91.0
20201111,23,O3_24h,濮阳,156.0
20201111,23,O3_8h,濮阳,114.0
20201111,23,O3_8h_24h,濮阳,133.0
20201111,23,CO,濮阳,0.9
20201111,23,CO_24h,濮阳,0.9
20201111,0,AQI,许昌,96.0
20201111,0,PM2.5,许昌,72.0
20201111,0,PM2.5_24h,许昌,93.0
20201111,0,PM10,许昌,124.0
20201111,0,PM10_24h,许昌,151.0
20201111,0,SO2,许昌,18.0
20201111,0,SO2_24h,许昌,17.0
20201111,0,NO2,许昌,43.0
20201111,0,NO2_24h,许昌,50.0
20201111,0,O3,许昌,62.0
20201111,0,O3_24h,许昌,138.0
20201111,0,O3_8h,许昌,78.0
20201111,0,O3_8h_24h,许昌,111.0
20201111,0,CO,许昌,0.97
20201111,0,CO_24h,许昌,1.07
20201111,1,AQI,许昌,96.0
20201111,1,PM2.5,许昌,72.0
20201111,1,PM2.5_24h,许昌,91.0
20201111,1,PM10,许昌,123.0
20201111,1,PM10_24h,许昌,148.0
20201111,1,SO2,许昌,21.0
20201111,1,SO2_24h,许昌,17.0
20201111,1,NO2,许昌,47.0
20201111,1,NO2_24h,许昌,50.0
20201111,1,O3,许昌,58.0
20201111,1,O3_24h,许昌,138.0
20201111,1,O3_8h,许昌,58.0
20201111,1,O3_8h_24h,许昌,58.0
20201111,1,CO,许昌,1.0
20201111,1,CO_24h,许昌,1.03
20201111,2,AQI,许昌,99.0
20201111,2,PM2.5,许昌,74.0
20201111,2,PM2.5_24h,许昌,88.0
20201111,2,PM10,许昌,136.0
20201111,2,PM10_24h,许昌,145.0
20201111,2,SO2,许昌,22.0
20201111,2,SO2_24h,许昌,17.0
20201111,2,NO2,许昌,43.0
20201111,2,NO2_24h,许昌,49.0
20201111,2,O3,许昌,63.0
20201111,2,O3_24h,许昌,138.0
20201111,2,O3_8h,许昌,60.0
20201111,2,O3_8h_24h,许昌,60.0
20201111,2,CO,许昌,1.0
20201111,2,CO_24h,许昌,1.03
20201111,3,AQI,许昌,121.0
20201111,3,PM2.5,许昌,92.0
20201111,3,PM2.5_24h,许昌,86.0
20201111,3,PM10,许昌,133.0
20201111,3,PM10_24h,许昌,143.0
20201111,3,SO2,许昌,21.0
20201111,3,SO2_24h,许昌,18.0
20201111,3,NO2,许昌,36.0
20201111,3,NO2_24h,许昌,47.0
20201111,3,O3,许昌,65.0
20201111,3,O3_24h,许昌,138.0
20201111,3,O3_8h,许昌,62.0
20201111,3,O3_8h_24h,许昌,63.0
20201111,3,CO,许昌,1.0
20201111,3,CO_24h,许昌,1.03
20201111,4,AQI,许昌,131.0
20201111,4,PM2.5,许昌,100.0
20201111,4,PM2.5_24h,许昌,85.0
20201111,4,PM10,许昌,141.0
20201111,4,PM10_24h,许昌,141.0
20201111,4,SO2,许昌,19.0
20201111,4,SO2_24h,许昌,18.0
20201111,4,NO2,许昌,38.0
20201111,4,NO2_24h,许昌,47.0
20201111,4,O3,许昌,58.0
20201111,4,O3_24h,许昌,138.0
20201111,4,O3_8h,许昌,61.0
20201111,4,O3_8h_24h,许昌,64.0
20201111,4,CO,许昌,1.03
20201111,4,CO_24h,许昌,1.03
20201111,5,AQI,许昌,123.0
20201111,5,PM2.5,许昌,93.0
20201111,5,PM2.5_24h,许昌,84.0
20201111,5,PM10,许昌,139.0
20201111,5,PM10_24h,许昌,140.0
20201111,5,SO2,许昌,21.0
20201111,5,SO2_24h,许昌,18.0
20201111,5,NO2,许昌,46.0
20201111,5,NO2_24h,许昌,46.0
20201111,5,O3,许昌,48.0
20201111,5,O3_24h,许昌,138.0
20201111,5,O3_8h,许昌,58.0
20201111,5,O3_8h_24h,许昌,64.0
20201111,5,CO,许昌,1.03
20201111,5,CO_24h,许昌,1.03
20201111,6,AQI,许昌,118.0
20201111,6,PM2.5,许昌,89.0
20201111,6,PM2.5_24h,许昌,83.0
20201111,6,PM10,许昌,129.0
20201111,6,PM10_24h,许昌,139.0
20201111,6,SO2,许昌,22.0
20201111,6,SO2_24h,许昌,18.0
20201111,6,NO2,许昌,47.0
20201111,6,NO2_24h,许昌,45.0
20201111,6,O3,许昌,43.0
20201111,6,O3_24h,许昌,138.0
20201111,6,O3_8h,许昌,56.0
20201111,6,O3_8h_24h,许昌,64.0
20201111,6,CO,许昌,1.03
20201111,6,CO_24h,许昌,1.03
20201111,8,AQI,许昌,120.0
20201111,8,PM2.5,许昌,91.0
20201111,8,PM2.5_24h,许昌,80.0
20201111,8,PM10,许昌,127.0
20201111,8,PM10_24h,许昌,136.0
20201111,8,SO2,许昌,18.0
20201111,8,SO2_24h,许昌,18.0
20201111,8,NO2,许昌,52.0
20201111,8,NO2_24h,许昌,44.0
20201111,8,O3,许昌,33.0
20201111,8,O3_24h,许昌,138.0
20201111,8,O3_8h,许昌,53.0
20201111,8,O3_8h_24h,许昌,64.0
20201111,8,CO,许昌,1.13
20201111,8,CO_24h,许昌,1.03
20201111,10,AQI,许昌,106.0
20201111,10,PM2.5,许昌,80.0
20201111,10,PM2.5_24h,许昌,78.0
20201111,10,PM10,许昌,117.0
20201111,10,PM10_24h,许昌,128.0
20201111,10,SO2,许昌,18.0
20201111,10,SO2_24h,许昌,18.0
20201111,10,NO2,许昌,44.0
20201111,10,NO2_24h,许昌,42.0
20201111,10,O3,许昌,49.0
20201111,10,O3_24h,许昌,138.0
20201111,10,O3_8h,许昌,47.0
20201111,10,O3_8h_24h,许昌,64.0
20201111,10,CO,许昌,1.1
20201111,10,CO_24h,许昌,1.0
20201111,11,AQI,许昌,96.0
20201111,11,PM2.5,许昌,72.0
20201111,11,PM2.5_24h,许昌,77.0
20201111,11,PM10,许昌,100.0
20201111,11,PM10_24h,许昌,125.0
20201111,11,SO2,许昌,17.0
20201111,11,SO2_24h,许昌,18.0
20201111,11,NO2,许昌,36.0
20201111,11,NO2_24h,许昌,41.0
20201111,11,O3,许昌,67.0
20201111,11,O3_24h,许昌,138.0
20201111,11,O3_8h,许昌,47.0
20201111,11,O3_8h_24h,许昌,64.0
20201111,11,CO,许昌,1.07
20201111,11,CO_24h,许昌,1.0
20201111,12,AQI,许昌,94.0
20201111,12,PM2.5,许昌,70.0
20201111,12,PM2.5_24h,许昌,77.0
20201111,12,PM10,许昌,97.0
20201111,12,PM10_24h,许昌,123.0
20201111,12,SO2,许昌,14.0
20201111,12,SO2_24h,许昌,17.0
20201111,12,NO2,许昌,33.0
20201111,12,NO2_24h,许昌,41.0
20201111,12,O3,许昌,82.0
20201111,12,O3_24h,许昌,138.0
20201111,12,O3_8h,许昌,50.0
20201111,12,O3_8h_24h,许昌,64.0
20201111,12,CO,许昌,1.0
20201111,12,CO_24h,许昌,1.0
20201111,13,AQI,许昌,90.0
20201111,13,PM2.5,许昌,67.0
20201111,13,PM2.5_24h,许昌,76.0
20201111,13,PM10,许昌,115.0
20201111,13,PM10_24h,许昌,122.0
20201111,13,SO2,许昌,13.0
20201111,13,SO2_24h,许昌,17.0
20201111,13,NO2,许昌,30.0
20201111,13,NO2_24h,许昌,41.0
20201111,13,O3,许昌,102.0
20201111,13,O3_24h,许昌,138.0
20201111,13,O3_8h,许昌,57.0
20201111,13,O3_8h_24h,许昌,67.0
20201111,13,CO,许昌,1.0
20201111,13,CO_24h,许昌,1.0
20201111,14,AQI,许昌,88.0
20201111,14,PM2.5,许昌,65.0
20201111,14,PM2.5_24h,许昌,76.0
20201111,14,PM10,许昌,116.0
20201111,14,PM10_24h,许昌,123.0
20201111,14,SO2,许昌,13.0
20201111,14,SO2_24h,许昌,17.0
20201111,14,NO2,许昌,28.0
20201111,14,NO2_24h,许昌,41.0
20201111,14,O3,许昌,124.0
20201111,14,O3_24h,许昌,138.0
20201111,14,O3_8h,许昌,67.0
20201111,14,O3_8h_24h,许昌,71.0
20201111,14,CO,许昌,0.93
20201111,14,CO_24h,许昌,1.0
20201111,15,AQI,许昌,82.0
20201111,15,PM2.5,许昌,60.0
20201111,15,PM2.5_24h,许昌,76.0
20201111,15,PM10,许昌,114.0
20201111,15,PM10_24h,许昌,123.0
20201111,15,SO2,许昌,13.0
20201111,15,SO2_24h,许昌,17.0
20201111,15,NO2,许昌,23.0
20201111,15,NO2_24h,许昌,41.0
20201111,15,O3,许昌,142.0
20201111,15,O3_24h,许昌,142.0
20201111,15,O3_8h,许昌,80.0
20201111,15,O3_8h_24h,许昌,80.0
20201111,15,CO,许昌,0.9
20201111,15,CO_24h,许昌,1.0
20201111,16,AQI,许昌,75.0
20201111,16,PM2.5,许昌,55.0
20201111,16,PM2.5_24h,许昌,76.0
20201111,16,PM10,许昌,100.0
20201111,16,PM10_24h,许昌,123.0
20201111,16,SO2,许昌,12.0
20201111,16,SO2_24h,许昌,17.0
20201111,16,NO2,许昌,25.0
20201111,16,NO2_24h,许昌,41.0
20201111,16,O3,许昌,144.0
20201111,16,O3_24h,许昌,146.0
20201111,16,O3_8h,许昌,94.0
20201111,16,O3_8h_24h,许昌,94.0
20201111,16,CO,许昌,0.9
20201111,16,CO_24h,许昌,1.0
20201111,17,AQI,许昌,71.0
20201111,17,PM2.5,许昌,52.0
20201111,17,PM2.5_24h,许昌,76.0
20201111,17,PM10,许昌,92.0
20201111,17,PM10_24h,许昌,122.0
20201111,17,SO2,许昌,12.0
20201111,17,SO2_24h,许昌,17.0
20201111,17,NO2,许昌,33.0
20201111,17,NO2_24h,许昌,41.0
20201111,17,O3,许昌,132.0
20201111,17,O3_24h,许昌,146.0
20201111,17,O3_8h,许昌,105.0
20201111,17,O3_8h_24h,许昌,105.0
20201111,17,CO,许昌,0.9
20201111,17,CO_24h,许昌,1.0
20201111,18,AQI,许昌,69.0
20201111,18,PM2.5,许昌,49.0
20201111,18,PM2.5_24h,许昌,75.0
20201111,18,PM10,许昌,87.0
20201111,18,PM10_24h,许昌,122.0
20201111,18,SO2,许昌,11.0
20201111,18,SO2_24h,许昌,17.0
20201111,18,NO2,许昌,45.0
20201111,18,NO2_24h,许昌,41.0
20201111,18,O3,许昌,103.0
20201111,18,O3_24h,许昌,146.0
20201111,18,O3_8h,许昌,112.0
20201111,18,O3_8h_24h,许昌,112.0
20201111,18,CO,许昌,0.87
20201111,18,CO_24h,许昌,1.0
20201111,19,AQI,许昌,79.0
20201111,19,PM2.5,许昌,58.0
20201111,19,PM2.5_24h,许昌,75.0
20201111,19,PM10,许昌,92.0
20201111,19,PM10_24h,许昌,121.0
20201111,19,SO2,许昌,11.0
20201111,19,SO2_24h,许昌,17.0
20201111,19,NO2,许昌,51.0
20201111,19,NO2_24h,许昌,41.0
20201111,19,O3,许昌,85.0
20201111,19,O3_24h,许昌,146.0
20201111,19,O3_8h,许昌,115.0
20201111,19,O3_8h_24h,许昌,115.0
20201111,19,CO,许昌,0.9
20201111,19,CO_24h,许昌,1.0
20201111,20,AQI,许昌,98.0
20201111,20,PM2.5,许昌,73.0
20201111,20,PM2.5_24h,许昌,74.0
20201111,20,PM10,许昌,104.0
20201111,20,PM10_24h,许昌,119.0
20201111,20,SO2,许昌,12.0
20201111,20,SO2_24h,许昌,17.0
20201111,20,NO2,许昌,55.0
20201111,20,NO2_24h,许昌,41.0
20201111,20,O3,许昌,70.0
20201111,20,O3_24h,许昌,146.0
20201111,20,O3_8h,许昌,113.0
20201111,20,O3_8h_24h,许昌,115.0
20201111,20,CO,许昌,0.9
20201111,20,CO_24h,许昌,1.0
20201111,21,AQI,许昌,108.0
20201111,21,PM2.5,许昌,81.0
20201111,21,PM2.5_24h,许昌,75.0
20201111,21,PM10,许昌,113.0
20201111,21,PM10_24h,许昌,119.0
20201111,21,SO2,许昌,14.0
20201111,21,SO2_24h,许昌,17.0
20201111,21,NO2,许昌,53.0
20201111,21,NO2_24h,许昌,41.0
20201111,21,O3,许昌,63.0
20201111,21,O3_24h,许昌,146.0
20201111,21,O3_8h,许昌,108.0
20201111,21,O3_8h_24h,许昌,115.0
20201111,21,CO,许昌,0.93
20201111,21,CO_24h,许昌,1.0
20201111,22,AQI,许昌,96.0
20201111,22,PM2.5,许昌,72.0
20201111,22,PM2.5_24h,许昌,75.0
20201111,22,PM10,许昌,104.0
20201111,22,PM10_24h,许昌,117.0
20201111,22,SO2,许昌,15.0
20201111,22,SO2_24h,许昌,17.0
20201111,22,NO2,许昌,47.0
20201111,22,NO2_24h,许昌,41.0
20201111,22,O3,许昌,62.0
20201111,22,O3_24h,许昌,146.0
20201111,22,O3_8h,许昌,100.0
20201111,22,O3_8h_24h,许昌,115.0
20201111,22,CO,许昌,0.87
20201111,22,CO_24h,许昌,1.0
20201111,23,AQI,许昌,89.0
20201111,23,PM2.5,许昌,66.0
20201111,23,PM2.5_24h,许昌,74.0
20201111,23,PM10,许昌,86.0
20201111,23,PM10_24h,许昌,115.0
20201111,23,SO2,许昌,13.0
20201111,23,SO2_24h,许昌,16.0
20201111,23,NO2,许昌,55.0
20201111,23,NO2_24h,许昌,42.0
20201111,23,O3,许昌,47.0
20201111,23,O3_24h,许昌,146.0
20201111,23,O3_8h,许昌,87.0
20201111,23,O3_8h_24h,许昌,115.0
20201111,23,CO,许昌,0.83
20201111,23,CO_24h,许昌,1.0
20201111,0,AQI,漯河,91.0
20201111,0,PM2.5,漯河,66.0
20201111,0,PM2.5_24h,漯河,67.0
20201111,0,PM10,漯河,132.0
20201111,0,PM10_24h,漯河,138.0
20201111,0,SO2,漯河,10.0
20201111,0,SO2_24h,漯河,11.0
20201111,0,NO2,漯河,30.0
20201111,0,NO2_24h,漯河,35.0
20201111,0,O3,漯河,97.0
20201111,0,O3_24h,漯河,147.0
20201111,0,O3_8h,漯河,101.0
20201111,0,O3_8h_24h,漯河,127.0
20201111,0,CO,漯河,0.77
20201111,0,CO_24h,漯河,0.75
20201111,1,AQI,漯河,92.0
20201111,1,PM2.5,漯河,68.0
20201111,1,PM2.5_24h,漯河,67.0
20201111,1,PM10,漯河,134.0
20201111,1,PM10_24h,漯河,137.0
20201111,1,SO2,漯河,11.0
20201111,1,SO2_24h,漯河,11.0
20201111,1,NO2,漯河,35.0
20201111,1,NO2_24h,漯河,34.0
20201111,1,O3,漯河,85.0
20201111,1,O3_24h,漯河,147.0
20201111,1,O3_8h,漯河,85.0
20201111,1,O3_8h_24h,漯河,85.0
20201111,1,CO,漯河,0.8
20201111,1,CO_24h,漯河,0.75
20201111,2,AQI,漯河,101.0
20201111,2,PM2.5,漯河,76.0
20201111,2,PM2.5_24h,漯河,66.0
20201111,2,PM10,漯河,143.0
20201111,2,PM10_24h,漯河,136.0
20201111,2,SO2,漯河,11.0
20201111,2,SO2_24h,漯河,11.0
20201111,2,NO2,漯河,33.0
20201111,2,NO2_24h,漯河,34.0
20201111,2,O3,漯河,85.0
20201111,2,O3_24h,漯河,147.0
20201111,2,O3_8h,漯河,85.0
20201111,2,O3_8h_24h,漯河,86.0
20201111,2,CO,漯河,0.8
20201111,2,CO_24h,漯河,0.75
20201111,3,AQI,漯河,103.0
20201111,3,PM2.5,漯河,77.0
20201111,3,PM2.5_24h,漯河,66.0
20201111,3,PM10,漯河,144.0
20201111,3,PM10_24h,漯河,136.0
20201111,3,SO2,漯河,11.0
20201111,3,SO2_24h,漯河,11.0
20201111,3,NO2,漯河,30.0
20201111,3,NO2_24h,漯河,34.0
20201111,3,O3,漯河,85.0
20201111,3,O3_24h,漯河,147.0
20201111,3,O3_8h,漯河,85.0
20201111,3,O3_8h_24h,漯河,87.0
20201111,3,CO,漯河,0.8
20201111,3,CO_24h,漯河,0.75
20201111,4,AQI,漯河,101.0
20201111,4,PM2.5,漯河,76.0
20201111,4,PM2.5_24h,漯河,66.0
20201111,4,PM10,漯河,142.0
20201111,4,PM10_24h,漯河,135.0
20201111,4,SO2,漯河,11.0
20201111,4,SO2_24h,漯河,11.0
20201111,4,NO2,漯河,31.0
20201111,4,NO2_24h,漯河,34.0
20201111,4,O3,漯河,80.0
20201111,4,O3_24h,漯河,147.0
20201111,4,O3_8h,漯河,84.0
20201111,4,O3_8h_24h,漯河,88.0
20201111,4,CO,漯河,0.82
20201111,4,CO_24h,漯河,0.75
20201111,5,AQI,漯河,104.0
20201111,5,PM2.5,漯河,78.0
20201111,5,PM2.5_24h,漯河,66.0
20201111,5,PM10,漯河,142.0
20201111,5,PM10_24h,漯河,135.0
20201111,5,SO2,漯河,11.0
20201111,5,SO2_24h,漯河,11.0
20201111,5,NO2,漯河,37.0
20201111,5,NO2_24h,漯河,34.0
20201111,5,O3,漯河,69.0
20201111,5,O3_24h,漯河,147.0
20201111,5,O3_8h,漯河,81.0
20201111,5,O3_8h_24h,漯河,88.0
20201111,5,CO,漯河,0.82
20201111,5,CO_24h,漯河,0.77
20201111,6,AQI,漯河,108.0
20201111,6,PM2.5,漯河,81.0
20201111,6,PM2.5_24h,漯河,66.0
20201111,6,PM10,漯河,143.0
20201111,6,PM10_24h,漯河,136.0
20201111,6,SO2,漯河,11.0
20201111,6,SO2_24h,漯河,11.0
20201111,6,NO2,漯河,41.0
20201111,6,NO2_24h,漯河,34.0
20201111,6,O3,漯河,61.0
20201111,6,O3_24h,漯河,147.0
20201111,6,O3_8h,漯河,78.0
20201111,6,O3_8h_24h,漯河,88.0
20201111,6,CO,漯河,0.85
20201111,6,CO_24h,漯河,0.8
20201111,8,AQI,漯河,104.0
20201111,8,PM2.5,漯河,78.0
20201111,8,PM2.5_24h,漯河,67.0
20201111,8,PM10,漯河,135.0
20201111,8,PM10_24h,漯河,136.0
20201111,8,SO2,漯河,10.0
20201111,8,SO2_24h,漯河,11.0
20201111,8,NO2,漯河,41.0
20201111,8,NO2_24h,漯河,34.0
20201111,8,O3,漯河,60.0
20201111,8,O3_24h,漯河,147.0
20201111,8,O3_8h,漯河,73.0
20201111,8,O3_8h_24h,漯河,88.0
20201111,8,CO,漯河,0.9
20201111,8,CO_24h,漯河,0.8
20201111,10,AQI,漯河,101.0
20201111,10,PM2.5,漯河,76.0
20201111,10,PM2.5_24h,漯河,66.0
20201111,10,PM10,漯河,129.0
20201111,10,PM10_24h,漯河,133.0
20201111,10,SO2,漯河,9.0
20201111,10,SO2_24h,漯河,10.0
20201111,10,NO2,漯河,32.0
20201111,10,NO2_24h,漯河,32.0
20201111,10,O3,漯河,80.0
20201111,10,O3_24h,漯河,147.0
20201111,10,O3_8h,漯河,70.0
20201111,10,O3_8h_24h,漯河,88.0
20201111,10,CO,漯河,0.8
20201111,10,CO_24h,漯河,0.8
20201111,11,AQI,漯河,90.0
20201111,11,PM2.5,漯河,67.0
20201111,11,PM2.5_24h,漯河,65.0
20201111,11,PM10,漯河,125.0
20201111,11,PM10_24h,漯河,132.0
20201111,11,SO2,漯河,10.0
20201111,11,SO2_24h,漯河,10.0
20201111,11,NO2,漯河,24.0
20201111,11,NO2_24h,漯河,32.0
20201111,11,O3,漯河,105.0
20201111,11,O3_24h,漯河,147.0
20201111,11,O3_8h,漯河,72.0
20201111,11,O3_8h_24h,漯河,88.0
20201111,11,CO,漯河,0.8
20201111,11,CO_24h,漯河,0.8
20201111,12,AQI,漯河,85.0
20201111,12,PM2.5,漯河,61.0
20201111,12,PM2.5_24h,漯河,65.0
20201111,12,PM10,漯河,119.0
20201111,12,PM10_24h,漯河,130.0
20201111,12,SO2,漯河,10.0
20201111,12,SO2_24h,漯河,10.0
20201111,12,NO2,漯河,19.0
20201111,12,NO2_24h,漯河,32.0
20201111,12,O3,漯河,124.0
20201111,12,O3_24h,漯河,147.0
20201111,12,O3_8h,漯河,78.0
20201111,12,O3_8h_24h,漯河,88.0
20201111,12,CO,漯河,0.77
20201111,12,CO_24h,漯河,0.8
20201111,13,AQI,漯河,80.0
20201111,13,PM2.5,漯河,57.0
20201111,13,PM2.5_24h,漯河,64.0
20201111,13,PM10,漯河,109.0
20201111,13,PM10_24h,漯河,127.0
20201111,13,SO2,漯河,9.0
20201111,13,SO2_24h,漯河,10.0
20201111,13,NO2,漯河,17.0
20201111,13,NO2_24h,漯河,31.0
20201111,13,O3,漯河,143.0
20201111,13,O3_24h,漯河,147.0
20201111,13,O3_8h,漯河,84.0
20201111,13,O3_8h_24h,漯河,90.0
20201111,13,CO,漯河,0.77
20201111,13,CO_24h,漯河,0.8
20201111,14,AQI,漯河,79.0
20201111,14,PM2.5,漯河,52.0
20201111,14,PM2.5_24h,漯河,64.0
20201111,14,PM10,漯河,107.0
20201111,14,PM10_24h,漯河,127.0
20201111,14,SO2,漯河,9.0
20201111,14,SO2_24h,漯河,10.0
20201111,14,NO2,漯河,15.0
20201111,14,NO2_24h,漯河,31.0
20201111,14,O3,漯河,153.0
20201111,14,O3_24h,漯河,154.0
20201111,14,O3_8h,漯河,97.0
20201111,14,O3_8h_24h,漯河,97.0
20201111,14,CO,漯河,0.73
20201111,14,CO_24h,漯河,0.8
20201111,15,AQI,漯河,74.0
20201111,15,PM2.5,漯河,45.0
20201111,15,PM2.5_24h,漯河,65.0
20201111,15,PM10,漯河,98.0
20201111,15,PM10_24h,漯河,126.0
20201111,15,SO2,漯河,8.0
20201111,15,SO2_24h,漯河,10.0
20201111,15,NO2,漯河,14.0
20201111,15,NO2_24h,漯河,31.0
20201111,15,O3,漯河,158.0
20201111,15,O3_24h,漯河,158.0
20201111,15,O3_8h,漯河,110.0
20201111,15,O3_8h_24h,漯河,110.0
20201111,15,CO,漯河,0.7
20201111,15,CO_24h,漯河,0.8
20201111,16,AQI,漯河,70.0
20201111,16,PM2.5,漯河,35.0
20201111,16,PM2.5_24h,漯河,64.0
20201111,16,PM10,漯河,89.0
20201111,16,PM10_24h,漯河,126.0
20201111,16,SO2,漯河,7.0
20201111,16,SO2_24h,漯河,10.0
20201111,16,NO2,漯河,15.0
20201111,16,NO2_24h,漯河,31.0
20201111,16,O3,漯河,151.0
20201111,16,O3_24h,漯河,158.0
20201111,16,O3_8h,漯河,121.0
20201111,16,O3_8h_24h,漯河,121.0
20201111,16,CO,漯河,0.6
20201111,16,CO_24h,漯河,0.8
20201111,17,AQI,漯河,65.0
20201111,17,PM2.5,漯河,44.0
20201111,17,PM2.5_24h,漯河,64.0
20201111,17,PM10,漯河,79.0
20201111,17,PM10_24h,漯河,125.0
20201111,17,SO2,漯河,7.0
20201111,17,SO2_24h,漯河,10.0
20201111,17,NO2,漯河,19.0
20201111,17,NO2_24h,漯河,31.0
20201111,17,O3,漯河,144.0
20201111,17,O3_24h,漯河,158.0
20201111,17,O3_8h,漯河,132.0
20201111,17,O3_8h_24h,漯河,132.0
20201111,17,CO,漯河,0.63
20201111,17,CO_24h,漯河,0.8
20201111,18,AQI,漯河,71.0
20201111,18,PM2.5,漯河,48.0
20201111,18,PM2.5_24h,漯河,65.0
20201111,18,PM10,漯河,92.0
20201111,18,PM10_24h,漯河,125.0
20201111,18,SO2,漯河,6.0
20201111,18,SO2_24h,漯河,10.0
20201111,18,NO2,漯河,25.0
20201111,18,NO2_24h,漯河,31.0
20201111,18,O3,漯河,126.0
20201111,18,O3_24h,漯河,158.0
20201111,18,O3_8h,漯河,138.0
20201111,18,O3_8h_24h,漯河,138.0
20201111,18,CO,漯河,0.7
20201111,18,CO_24h,漯河,0.8
20201111,19,AQI,漯河,76.0
20201111,19,PM2.5,漯河,53.0
20201111,19,PM2.5_24h,漯河,65.0
20201111,19,PM10,漯河,101.0
20201111,19,PM10_24h,漯河,125.0
20201111,19,SO2,漯河,9.0
20201111,19,SO2_24h,漯河,10.0
20201111,19,NO2,漯河,38.0
20201111,19,NO2_24h,漯河,31.0
20201111,19,O3,漯河,109.0
20201111,19,O3_24h,漯河,158.0
20201111,19,O3_8h,漯河,139.0
20201111,19,O3_8h_24h,漯河,140.0
20201111,19,CO,漯河,0.75
20201111,19,CO_24h,漯河,0.8
20201111,20,AQI,漯河,91.0
20201111,20,PM2.5,漯河,68.0
20201111,20,PM2.5_24h,漯河,65.0
20201111,20,PM10,漯河,116.0
20201111,20,PM10_24h,漯河,124.0
20201111,20,SO2,漯河,10.0
20201111,20,SO2_24h,漯河,10.0
20201111,20,NO2,漯河,36.0
20201111,20,NO2_24h,漯河,30.0
20201111,20,O3,漯河,103.0
20201111,20,O3_24h,漯河,158.0
20201111,20,O3_8h,漯河,139.0
20201111,20,O3_8h_24h,漯河,141.0
20201111,20,CO,漯河,0.72
20201111,20,CO_24h,漯河,0.77
20201111,21,AQI,漯河,93.0
20201111,21,PM2.5,漯河,69.0
20201111,21,PM2.5_24h,漯河,66.0
20201111,21,PM10,漯河,115.0
20201111,21,PM10_24h,漯河,124.0
20201111,21,SO2,漯河,8.0
20201111,21,SO2_24h,漯河,10.0
20201111,21,NO2,漯河,33.0
20201111,21,NO2_24h,漯河,30.0
20201111,21,O3,漯河,88.0
20201111,21,O3_24h,漯河,158.0
20201111,21,O3_8h,漯河,131.0
20201111,21,O3_8h_24h,漯河,141.0
20201111,21,CO,漯河,0.73
20201111,21,CO_24h,漯河,0.77
20201111,22,AQI,漯河,86.0
20201111,22,PM2.5,漯河,64.0
20201111,22,PM2.5_24h,漯河,66.0
20201111,22,PM10,漯河,107.0
20201111,22,PM10_24h,漯河,122.0
20201111,22,SO2,漯河,8.0
20201111,22,SO2_24h,漯河,10.0
20201111,22,NO2,漯河,35.0
20201111,22,NO2_24h,漯河,30.0
20201111,22,O3,漯河,75.0
20201111,22,O3_24h,漯河,158.0
20201111,22,O3_8h,漯河,119.0
20201111,22,O3_8h_24h,漯河,141.0
20201111,22,CO,漯河,0.7
20201111,22,CO_24h,漯河,0.77
20201111,23,AQI,漯河,80.0
20201111,23,PM2.5,漯河,59.0
20201111,23,PM2.5_24h,漯河,65.0
20201111,23,PM10,漯河,94.0
20201111,23,PM10_24h,漯河,120.0
20201111,23,SO2,漯河,8.0
20201111,23,SO2_24h,漯河,10.0
20201111,23,NO2,漯河,36.0
20201111,23,NO2_24h,漯河,30.0
20201111,23,O3,漯河,70.0
20201111,23,O3_24h,漯河,158.0
20201111,23,O3_8h,漯河,106.0
20201111,23,O3_8h_24h,漯河,141.0
20201111,23,CO,漯河,0.67
20201111,23,CO_24h,漯河,0.77
20201111,0,AQI,南阳,71.0
20201111,0,PM2.5,南阳,47.0
20201111,0,PM2.5_24h,南阳,73.0
20201111,0,PM10,南阳,91.0
20201111,0,PM10_24h,南阳,155.0
20201111,0,SO2,南阳,8.0
20201111,0,SO2_24h,南阳,10.0
20201111,0,NO2,南阳,37.0
20201111,0,NO2_24h,南阳,51.0
20201111,0,O3,南阳,64.0
20201111,0,O3_24h,南阳,151.0
20201111,0,O3_8h,南阳,68.0
20201111,0,O3_8h_24h,南阳,121.0
20201111,0,CO,南阳,0.8
20201111,0,CO_24h,南阳,1.04
20201111,1,AQI,南阳,75.0
20201111,1,PM2.5,南阳,53.0
20201111,1,PM2.5_24h,南阳,70.0
20201111,1,PM10,南阳,100.0
20201111,1,PM10_24h,南阳,150.0
20201111,1,SO2,南阳,8.0
20201111,1,SO2_24h,南阳,10.0
20201111,1,NO2,南阳,35.0
20201111,1,NO2_24h,南阳,49.0
20201111,1,O3,南阳,59.0
20201111,1,O3_24h,南阳,151.0
20201111,1,O3_8h,南阳,59.0
20201111,1,O3_8h_24h,南阳,59.0
20201111,1,CO,南阳,0.78
20201111,1,CO_24h,南阳,1.02
20201111,2,AQI,南阳,76.0
20201111,2,PM2.5,南阳,56.0
20201111,2,PM2.5_24h,南阳,67.0
20201111,2,PM10,南阳,101.0
20201111,2,PM10_24h,南阳,146.0
20201111,2,SO2,南阳,8.0
20201111,2,SO2_24h,南阳,10.0
20201111,2,NO2,南阳,37.0
20201111,2,NO2_24h,南阳,48.0
20201111,2,O3,南阳,59.0
20201111,2,O3_24h,南阳,151.0
20201111,2,O3_8h,南阳,59.0
20201111,2,O3_8h_24h,南阳,61.0
20201111,2,CO,南阳,0.8
20201111,2,CO_24h,南阳,1.0
20201111,3,AQI,南阳,79.0
20201111,3,PM2.5,南阳,58.0
20201111,3,PM2.5_24h,南阳,65.0
20201111,3,PM10,南阳,105.0
20201111,3,PM10_24h,南阳,141.0
20201111,3,SO2,南阳,9.0
20201111,3,SO2_24h,南阳,10.0
20201111,3,NO2,南阳,30.0
20201111,3,NO2_24h,南阳,46.0
20201111,3,O3,南阳,71.0
20201111,3,O3_24h,南阳,151.0
20201111,3,O3_8h,南阳,63.0
20201111,3,O3_8h_24h,南阳,64.0
20201111,3,CO,南阳,0.84
20201111,3,CO_24h,南阳,0.98
20201111,4,AQI,南阳,83.0
20201111,4,PM2.5,南阳,61.0
20201111,4,PM2.5_24h,南阳,63.0
20201111,4,PM10,南阳,111.0
20201111,4,PM10_24h,南阳,137.0
20201111,4,SO2,南阳,9.0
20201111,4,SO2_24h,南阳,10.0
20201111,4,NO2,南阳,29.0
20201111,4,NO2_24h,南阳,45.0
20201111,4,O3,南阳,74.0
20201111,4,O3_24h,南阳,151.0
20201111,4,O3_8h,南阳,66.0
20201111,4,O3_8h_24h,南阳,66.0
20201111,4,CO,南阳,0.84
20201111,4,CO_24h,南阳,0.98
20201111,5,AQI,南阳,88.0
20201111,5,PM2.5,南阳,65.0
20201111,5,PM2.5_24h,南阳,62.0
20201111,5,PM10,南阳,118.0
20201111,5,PM10_24h,南阳,135.0
20201111,5,SO2,南阳,9.0
20201111,5,SO2_24h,南阳,10.0
20201111,5,NO2,南阳,29.0
20201111,5,NO2_24h,南阳,44.0
20201111,5,O3,南阳,71.0
20201111,5,O3_24h,南阳,151.0
20201111,5,O3_8h,南阳,67.0
20201111,5,O3_8h_24h,南阳,67.0
20201111,5,CO,南阳,0.9
20201111,5,CO_24h,南阳,0.98
20201111,6,AQI,南阳,88.0
20201111,6,PM2.5,南阳,65.0
20201111,6,PM2.5_24h,南阳,62.0
20201111,6,PM10,南阳,122.0
20201111,6,PM10_24h,南阳,134.0
20201111,6,SO2,南阳,9.0
20201111,6,SO2_24h,南阳,10.0
20201111,6,NO2,南阳,34.0
20201111,6,NO2_24h,南阳,44.0
20201111,6,O3,南阳,61.0
20201111,6,O3_24h,南阳,151.0
20201111,6,O3_8h,南阳,66.0
20201111,6,O3_8h_24h,南阳,67.0
20201111,6,CO,南阳,0.94
20201111,6,CO_24h,南阳,0.98
20201111,8,AQI,南阳,106.0
20201111,8,PM2.5,南阳,76.0
20201111,8,PM2.5_24h,南阳,62.0
20201111,8,PM10,南阳,161.0
20201111,8,PM10_24h,南阳,133.0
20201111,8,SO2,南阳,9.0
20201111,8,SO2_24h,南阳,10.0
20201111,8,NO2,南阳,66.0
20201111,8,NO2_24h,南阳,45.0
20201111,8,O3,南阳,24.0
20201111,8,O3_24h,南阳,151.0
20201111,8,O3_8h,南阳,57.0
20201111,8,O3_8h_24h,南阳,67.0
20201111,8,CO,南阳,1.16
20201111,8,CO_24h,南阳,0.96
20201111,10,AQI,南阳,101.0
20201111,10,PM2.5,南阳,70.0
20201111,10,PM2.5_24h,南阳,62.0
20201111,10,PM10,南阳,151.0
20201111,10,PM10_24h,南阳,132.0
20201111,10,SO2,南阳,11.0
20201111,10,SO2_24h,南阳,10.0
20201111,10,NO2,南阳,43.0
20201111,10,NO2_24h,南阳,44.0
20201111,10,O3,南阳,74.0
20201111,10,O3_24h,南阳,151.0
20201111,10,O3_8h,南阳,56.0
20201111,10,O3_8h_24h,南阳,67.0
20201111,10,CO,南阳,1.06
20201111,10,CO_24h,南阳,0.96
20201111,11,AQI,南阳,94.0
20201111,11,PM2.5,南阳,65.0
20201111,11,PM2.5_24h,南阳,61.0
20201111,11,PM10,南阳,137.0
20201111,11,PM10_24h,南阳,131.0
20201111,11,SO2,南阳,14.0
20201111,11,SO2_24h,南阳,10.0
20201111,11,NO2,南阳,40.0
20201111,11,NO2_24h,南阳,44.0
20201111,11,O3,南阳,86.0
20201111,11,O3_24h,南阳,151.0
20201111,11,O3_8h,南阳,58.0
20201111,11,O3_8h_24h,南阳,67.0
20201111,11,CO,南阳,1.08
20201111,11,CO_24h,南阳,0.96
20201111,12,AQI,南阳,91.0
20201111,12,PM2.5,南阳,62.0
20201111,12,PM2.5_24h,南阳,61.0
20201111,12,PM10,南阳,132.0
20201111,12,PM10_24h,南阳,130.0
20201111,12,SO2,南阳,17.0
20201111,12,SO2_24h,南阳,10.0
20201111,12,NO2,南阳,38.0
20201111,12,NO2_24h,南阳,44.0
20201111,12,O3,南阳,103.0
20201111,12,O3_24h,南阳,151.0
20201111,12,O3_8h,南阳,62.0
20201111,12,O3_8h_24h,南阳,68.0
20201111,12,CO,南阳,1.0
20201111,12,CO_24h,南阳,0.96
20201111,13,AQI,南阳,88.0
20201111,13,PM2.5,南阳,53.0
20201111,13,PM2.5_24h,南阳,61.0
20201111,13,PM10,南阳,125.0
20201111,13,PM10_24h,南阳,130.0
20201111,13,SO2,南阳,16.0
20201111,13,SO2_24h,南阳,10.0
20201111,13,NO2,南阳,26.0
20201111,13,NO2_24h,南阳,44.0
20201111,13,O3,南阳,126.0
20201111,13,O3_24h,南阳,151.0
20201111,13,O3_8h,南阳,67.0
20201111,13,O3_8h_24h,南阳,71.0
20201111,13,CO,南阳,0.9
20201111,13,CO_24h,南阳,0.96
20201111,14,AQI,南阳,74.0
20201111,14,PM2.5,南阳,41.0
20201111,14,PM2.5_24h,南阳,61.0
20201111,14,PM10,南阳,98.0
20201111,14,PM10_24h,南阳,130.0
20201111,14,SO2,南阳,13.0
20201111,14,SO2_24h,南阳,10.0
20201111,14,NO2,南阳,20.0
20201111,14,NO2_24h,南阳,44.0
20201111,14,O3,南阳,139.0
20201111,14,O3_24h,南阳,151.0
20201111,14,O3_8h,南阳,77.0
20201111,14,O3_8h_24h,南阳,78.0
20201111,14,CO,南阳,0.8
20201111,14,CO_24h,南阳,0.96
20201111,15,AQI,南阳,69.0
20201111,15,PM2.5,南阳,37.0
20201111,15,PM2.5_24h,南阳,60.0
20201111,15,PM10,南阳,87.0
20201111,15,PM10_24h,南阳,129.0
20201111,15,SO2,南阳,13.0
20201111,15,SO2_24h,南阳,10.0
20201111,15,NO2,南阳,19.0
20201111,15,NO2_24h,南阳,45.0
20201111,15,O3,南阳,144.0
20201111,15,O3_24h,南阳,150.0
20201111,15,O3_8h,南阳,91.0
20201111,15,O3_8h_24h,南阳,91.0
20201111,15,CO,南阳,0.76
20201111,15,CO_24h,南阳,0.98
20201111,16,AQI,南阳,65.0
20201111,16,PM2.5,南阳,35.0
20201111,16,PM2.5_24h,南阳,60.0
20201111,16,PM10,南阳,80.0
20201111,16,PM10_24h,南阳,128.0
20201111,16,SO2,南阳,12.0
20201111,16,SO2_24h,南阳,10.0
20201111,16,NO2,南阳,20.0
20201111,16,NO2_24h,南阳,45.0
20201111,16,O3,南阳,139.0
20201111,16,O3_24h,南阳,145.0
20201111,16,O3_8h,南阳,105.0
20201111,16,O3_8h_24h,南阳,105.0
20201111,16,CO,南阳,0.74
20201111,16,CO_24h,南阳,0.98
20201111,17,AQI,南阳,64.0
20201111,17,PM2.5,南阳,32.0
20201111,17,PM2.5_24h,南阳,60.0
20201111,17,PM10,南阳,77.0
20201111,17,PM10_24h,南阳,127.0
20201111,17,SO2,南阳,11.0
20201111,17,SO2_24h,南阳,10.0
20201111,17,NO2,南阳,26.0
20201111,17,NO2_24h,南阳,45.0
20201111,17,O3,南阳,130.0
20201111,17,O3_24h,南阳,144.0
20201111,17,O3_8h,南阳,117.0
20201111,17,O3_8h_24h,南阳,117.0
20201111,17,CO,南阳,0.74
20201111,17,CO_24h,南阳,0.98
20201111,18,AQI,南阳,72.0
20201111,18,PM2.5,南阳,36.0
20201111,18,PM2.5_24h,南阳,59.0
20201111,18,PM10,南阳,93.0
20201111,18,PM10_24h,南阳,125.0
20201111,18,SO2,南阳,10.0
20201111,18,SO2_24h,南阳,10.0
20201111,18,NO2,南阳,62.0
20201111,18,NO2_24h,南阳,45.0
20201111,18,O3,南阳,81.0
20201111,18,O3_24h,南阳,144.0
20201111,18,O3_8h,南阳,118.0
20201111,18,O3_8h_24h,南阳,119.0
20201111,18,CO,南阳,0.92
20201111,18,CO_24h,南阳,0.96
20201111,19,AQI,南阳,91.0
20201111,19,PM2.5,南阳,48.0
20201111,19,PM2.5_24h,南阳,58.0
20201111,19,PM10,南阳,131.0
20201111,19,PM10_24h,南阳,124.0
20201111,19,SO2,南阳,11.0
20201111,19,SO2_24h,南阳,10.0
20201111,19,NO2,南阳,98.0
20201111,19,NO2_24h,南阳,45.0
20201111,19,O3,南阳,39.0
20201111,19,O3_24h,南阳,144.0
20201111,19,O3_8h,南阳,111.0
20201111,19,O3_8h_24h,南阳,119.0
20201111,19,CO,南阳,1.36
20201111,19,CO_24h,南阳,0.98
20201111,20,AQI,南阳,108.0
20201111,20,PM2.5,南阳,65.0
20201111,20,PM2.5_24h,南阳,57.0
20201111,20,PM10,南阳,166.0
20201111,20,PM10_24h,南阳,123.0
20201111,20,SO2,南阳,12.0
20201111,20,SO2_24h,南阳,10.0
20201111,20,NO2,南阳,101.0
20201111,20,NO2_24h,南阳,45.0
20201111,20,O3,南阳,35.0
20201111,20,O3_24h,南阳,144.0
20201111,20,O3_8h,南阳,102.0
20201111,20,O3_8h_24h,南阳,119.0
20201111,20,CO,南阳,1.52
20201111,20,CO_24h,南阳,0.98
20201111,21,AQI,南阳,112.0
20201111,21,PM2.5,南阳,78.0
20201111,21,PM2.5_24h,南阳,57.0
20201111,21,PM10,南阳,174.0
20201111,21,PM10_24h,南阳,123.0
20201111,21,SO2,南阳,11.0
20201111,21,SO2_24h,南阳,11.0
20201111,21,NO2,南阳,99.0
20201111,21,NO2_24h,南阳,46.0
20201111,21,O3,南阳,21.0
20201111,21,O3_24h,南阳,144.0
20201111,21,O3_8h,南阳,90.0
20201111,21,O3_8h_24h,南阳,119.0
20201111,21,CO,南阳,1.58
20201111,21,CO_24h,南阳,0.98
20201111,22,AQI,南阳,118.0
20201111,22,PM2.5,南阳,89.0
20201111,22,PM2.5_24h,南阳,59.0
20201111,22,PM10,南阳,186.0
20201111,22,PM10_24h,南阳,125.0
20201111,22,SO2,南阳,11.0
20201111,22,SO2_24h,南阳,11.0
20201111,22,NO2,南阳,89.0
20201111,22,NO2_24h,南阳,48.0
20201111,22,O3,南阳,30.0
20201111,22,O3_24h,南阳,144.0
20201111,22,O3_8h,南阳,76.0
20201111,22,O3_8h_24h,南阳,119.0
20201111,22,CO,南阳,1.62
20201111,22,CO_24h,南阳,1.0
20201111,23,AQI,南阳,128.0
20201111,23,PM2.5,南阳,97.0
20201111,23,PM2.5_24h,南阳,60.0
20201111,23,PM10,南阳,188.0
20201111,23,PM10_24h,南阳,128.0
20201111,23,SO2,南阳,10.0
20201111,23,SO2_24h,南阳,11.0
20201111,23,NO2,南阳,79.0
20201111,23,NO2_24h,南阳,49.0
20201111,23,O3,南阳,27.0
20201111,23,O3_24h,南阳,144.0
20201111,23,O3_8h,南阳,60.0
20201111,23,O3_8h_24h,南阳,119.0
20201111,23,CO,南阳,1.44
20201111,23,CO_24h,南阳,1.02
20201111,0,AQI,商丘,95.0
20201111,0,PM2.5,商丘,71.0
20201111,0,PM2.5_24h,商丘,70.0
20201111,0,PM10,商丘,137.0
20201111,0,PM10_24h,商丘,131.0
20201111,0,SO2,商丘,13.0
20201111,0,SO2_24h,商丘,14.0
20201111,0,NO2,商丘,32.0
20201111,0,NO2_24h,商丘,42.0
20201111,0,O3,商丘,98.0
20201111,0,O3_24h,商丘,147.0
20201111,0,O3_8h,商丘,106.0
20201111,0,O3_8h_24h,商丘,122.0
20201111,0,CO,商丘,0.7
20201111,0,CO_24h,商丘,0.73
20201111,1,AQI,商丘,97.0
20201111,1,PM2.5,商丘,68.0
20201111,1,PM2.5_24h,商丘,70.0
20201111,1,PM10,商丘,143.0
20201111,1,PM10_24h,商丘,131.0
20201111,1,SO2,商丘,13.0
20201111,1,SO2_24h,商丘,14.0
20201111,1,NO2,商丘,35.0
20201111,1,NO2_24h,商丘,42.0
20201111,1,O3,商丘,84.0
20201111,1,O3_24h,商丘,147.0
20201111,1,O3_8h,商丘,84.0
20201111,1,O3_8h_24h,商丘,84.0
20201111,1,CO,商丘,0.67
20201111,1,CO_24h,商丘,0.73
20201111,2,AQI,商丘,98.0
20201111,2,PM2.5,商丘,70.0
20201111,2,PM2.5_24h,商丘,71.0
20201111,2,PM10,商丘,145.0
20201111,2,PM10_24h,商丘,132.0
20201111,2,SO2,商丘,13.0
20201111,2,SO2_24h,商丘,14.0
20201111,2,NO2,商丘,35.0
20201111,2,NO2_24h,商丘,41.0
20201111,2,O3,商丘,75.0
20201111,2,O3_24h,商丘,147.0
20201111,2,O3_8h,商丘,80.0
20201111,2,O3_8h_24h,商丘,84.0
20201111,2,CO,商丘,0.75
20201111,2,CO_24h,商丘,0.73
20201111,3,AQI,商丘,90.0
20201111,3,PM2.5,商丘,63.0
20201111,3,PM2.5_24h,商丘,71.0
20201111,3,PM10,商丘,130.0
20201111,3,PM10_24h,商丘,133.0
20201111,3,SO2,商丘,11.0
20201111,3,SO2_24h,商丘,13.0
20201111,3,NO2,商丘,34.0
20201111,3,NO2_24h,商丘,41.0
20201111,3,O3,商丘,70.0
20201111,3,O3_24h,商丘,147.0
20201111,3,O3_8h,商丘,77.0
20201111,3,O3_8h_24h,商丘,84.0
20201111,3,CO,商丘,0.73
20201111,3,CO_24h,商丘,0.73
20201111,4,AQI,商丘,83.0
20201111,4,PM2.5,商丘,59.0
20201111,4,PM2.5_24h,商丘,71.0
20201111,4,PM10,商丘,115.0
20201111,4,PM10_24h,商丘,133.0
20201111,4,SO2,商丘,12.0
20201111,4,SO2_24h,商丘,13.0
20201111,4,NO2,商丘,31.0
20201111,4,NO2_24h,商丘,40.0
20201111,4,O3,商丘,70.0
20201111,4,O3_24h,商丘,147.0
20201111,4,O3_8h,商丘,75.0
20201111,4,O3_8h_24h,商丘,84.0
20201111,4,CO,商丘,0.75
20201111,4,CO_24h,商丘,0.73
20201111,5,AQI,商丘,83.0
20201111,5,PM2.5,商丘,61.0
20201111,5,PM2.5_24h,商丘,70.0
20201111,5,PM10,商丘,109.0
20201111,5,PM10_24h,商丘,132.0
20201111,5,SO2,商丘,12.0
20201111,5,SO2_24h,商丘,13.0
20201111,5,NO2,商丘,33.0
20201111,5,NO2_24h,商丘,39.0
20201111,5,O3,商丘,64.0
20201111,5,O3_24h,商丘,147.0
20201111,5,O3_8h,商丘,73.0
20201111,5,O3_8h_24h,商丘,84.0
20201111,5,CO,商丘,0.77
20201111,5,CO_24h,商丘,0.73
20201111,6,AQI,商丘,88.0
20201111,6,PM2.5,商丘,65.0
20201111,6,PM2.5_24h,商丘,69.0
20201111,6,PM10,商丘,111.0
20201111,6,PM10_24h,商丘,131.0
20201111,6,SO2,商丘,12.0
20201111,6,SO2_24h,商丘,13.0
20201111,6,NO2,商丘,36.0
20201111,6,NO2_24h,商丘,38.0
20201111,6,O3,商丘,59.0
20201111,6,O3_24h,商丘,147.0
20201111,6,O3_8h,商丘,70.0
20201111,6,O3_8h_24h,商丘,84.0
20201111,6,CO,商丘,0.85
20201111,6,CO_24h,商丘,0.75
20201111,8,AQI,商丘,94.0
20201111,8,PM2.5,商丘,70.0
20201111,8,PM2.5_24h,商丘,68.0
20201111,8,PM10,商丘,120.0
20201111,8,PM10_24h,商丘,130.0
20201111,8,SO2,商丘,13.0
20201111,8,SO2_24h,商丘,13.0
20201111,8,NO2,商丘,45.0
20201111,8,NO2_24h,商丘,36.0
20201111,8,O3,商丘,49.0
20201111,8,O3_24h,商丘,147.0
20201111,8,O3_8h,商丘,66.0
20201111,8,O3_8h_24h,商丘,84.0
20201111,8,CO,商丘,0.9
20201111,8,CO_24h,商丘,0.73
20201111,10,AQI,商丘,98.0
20201111,10,PM2.5,商丘,73.0
20201111,10,PM2.5_24h,商丘,68.0
20201111,10,PM10,商丘,118.0
20201111,10,PM10_24h,商丘,127.0
20201111,10,SO2,商丘,14.0
20201111,10,SO2_24h,商丘,13.0
20201111,10,NO2,商丘,36.0
20201111,10,NO2_24h,商丘,35.0
20201111,10,O3,商丘,77.0
20201111,10,O3_24h,商丘,147.0
20201111,10,O3_8h,商丘,63.0
20201111,10,O3_8h_24h,商丘,84.0
20201111,10,CO,商丘,0.9
20201111,10,CO_24h,商丘,0.73
20201111,11,AQI,商丘,93.0
20201111,11,PM2.5,商丘,69.0
20201111,11,PM2.5_24h,商丘,68.0
20201111,11,PM10,商丘,118.0
20201111,11,PM10_24h,商丘,127.0
20201111,11,SO2,商丘,11.0
20201111,11,SO2_24h,商丘,12.0
20201111,11,NO2,商丘,30.0
20201111,11,NO2_24h,商丘,34.0
20201111,11,O3,商丘,99.0
20201111,11,O3_24h,商丘,147.0
20201111,11,O3_8h,商丘,66.0
20201111,11,O3_8h_24h,商丘,84.0
20201111,11,CO,商丘,0.77
20201111,11,CO_24h,商丘,0.73
20201111,12,AQI,商丘,93.0
20201111,12,PM2.5,商丘,69.0
20201111,12,PM2.5_24h,商丘,67.0
20201111,12,PM10,商丘,116.0
20201111,12,PM10_24h,商丘,126.0
20201111,12,SO2,商丘,12.0
20201111,12,SO2_24h,商丘,12.0
20201111,12,NO2,商丘,27.0
20201111,12,NO2_24h,商丘,34.0
20201111,12,O3,商丘,116.0
20201111,12,O3_24h,商丘,147.0
20201111,12,O3_8h,商丘,72.0
20201111,12,O3_8h_24h,商丘,84.0
20201111,12,CO,商丘,0.75
20201111,12,CO_24h,商丘,0.73
20201111,13,AQI,商丘,89.0
20201111,13,PM2.5,商丘,64.0
20201111,13,PM2.5_24h,商丘,67.0
20201111,13,PM10,商丘,127.0
20201111,13,PM10_24h,商丘,126.0
20201111,13,SO2,商丘,13.0
20201111,13,SO2_24h,商丘,12.0
20201111,13,NO2,商丘,22.0
20201111,13,NO2_24h,商丘,34.0
20201111,13,O3,商丘,139.0
20201111,13,O3_24h,商丘,147.0
20201111,13,O3_8h,商丘,81.0
20201111,13,O3_8h_24h,商丘,86.0
20201111,13,CO,商丘,0.73
20201111,13,CO_24h,商丘,0.75
20201111,14,AQI,商丘,82.0
20201111,14,PM2.5,商丘,54.0
20201111,14,PM2.5_24h,商丘,67.0
20201111,14,PM10,商丘,113.0
20201111,14,PM10_24h,商丘,125.0
20201111,14,SO2,商丘,12.0
20201111,14,SO2_24h,商丘,12.0
20201111,14,NO2,商丘,19.0
20201111,14,NO2_24h,商丘,34.0
20201111,14,O3,商丘,149.0
20201111,14,O3_24h,商丘,149.0
20201111,14,O3_8h,商丘,93.0
20201111,14,O3_8h_24h,商丘,93.0
20201111,14,CO,商丘,0.63
20201111,14,CO_24h,商丘,0.75
20201111,15,AQI,商丘,70.0
20201111,15,PM2.5,商丘,47.0
20201111,15,PM2.5_24h,商丘,66.0
20201111,15,PM10,商丘,90.0
20201111,15,PM10_24h,商丘,123.0
20201111,15,SO2,商丘,8.0
20201111,15,SO2_24h,商丘,12.0
20201111,15,NO2,商丘,19.0
20201111,15,NO2_24h,商丘,34.0
20201111,15,O3,商丘,147.0
20201111,15,O3_24h,商丘,149.0
20201111,15,O3_8h,商丘,105.0
20201111,15,O3_8h_24h,商丘,105.0
20201111,15,CO,商丘,0.58
20201111,15,CO_24h,商丘,0.73
20201111,16,AQI,商丘,65.0
20201111,16,PM2.5,商丘,40.0
20201111,16,PM2.5_24h,商丘,65.0
20201111,16,PM10,商丘,79.0
20201111,16,PM10_24h,商丘,122.0
20201111,16,SO2,商丘,7.0
20201111,16,SO2_24h,商丘,12.0
20201111,16,NO2,商丘,19.0
20201111,16,NO2_24h,商丘,34.0
20201111,16,O3,商丘,146.0
20201111,16,O3_24h,商丘,149.0
20201111,16,O3_8h,商丘,116.0
20201111,16,O3_8h_24h,商丘,116.0
20201111,16,CO,商丘,0.55
20201111,16,CO_24h,商丘,0.73
20201111,17,AQI,商丘,65.0
20201111,17,PM2.5,商丘,40.0
20201111,17,PM2.5_24h,商丘,65.0
20201111,17,PM10,商丘,79.0
20201111,17,PM10_24h,商丘,122.0
20201111,17,SO2,商丘,6.0
20201111,17,SO2_24h,商丘,12.0
20201111,17,NO2,商丘,25.0
20201111,17,NO2_24h,商丘,34.0
20201111,17,O3,商丘,134.0
20201111,17,O3_24h,商丘,149.0
20201111,17,O3_8h,商丘,126.0
20201111,17,O3_8h_24h,商丘,126.0
20201111,17,CO,商丘,0.6
20201111,17,CO_24h,商丘,0.73
20201111,18,AQI,商丘,71.0
20201111,18,PM2.5,商丘,47.0
20201111,18,PM2.5_24h,商丘,64.0
20201111,18,PM10,商丘,92.0
20201111,18,PM10_24h,商丘,120.0
20201111,18,SO2,商丘,8.0
20201111,18,SO2_24h,商丘,12.0
20201111,18,NO2,商丘,35.0
20201111,18,NO2_24h,商丘,33.0
20201111,18,O3,商丘,113.0
20201111,18,O3_24h,商丘,149.0
20201111,18,O3_8h,商丘,131.0
20201111,18,O3_8h_24h,商丘,131.0
20201111,18,CO,商丘,0.67
20201111,18,CO_24h,商丘,0.73
20201111,19,AQI,商丘,78.0
20201111,19,PM2.5,商丘,57.0
20201111,19,PM2.5_24h,商丘,64.0
20201111,19,PM10,商丘,96.0
20201111,19,PM10_24h,商丘,118.0
20201111,19,SO2,商丘,8.0
20201111,19,SO2_24h,商丘,11.0
20201111,19,NO2,商丘,33.0
20201111,19,NO2_24h,商丘,32.0
20201111,19,O3,商丘,114.0
20201111,19,O3_24h,商丘,149.0
20201111,19,O3_8h,商丘,133.0
20201111,19,O3_8h_24h,商丘,133.0
20201111,19,CO,商丘,0.75
20201111,19,CO_24h,商丘,0.73
20201111,20,AQI,商丘,79.0
20201111,20,PM2.5,商丘,58.0
20201111,20,PM2.5_24h,商丘,63.0
20201111,20,PM10,商丘,91.0
20201111,20,PM10_24h,商丘,117.0
20201111,20,SO2,商丘,7.0
20201111,20,SO2_24h,商丘,11.0
20201111,20,NO2,商丘,29.0
20201111,20,NO2_24h,商丘,32.0
20201111,20,O3,商丘,110.0
20201111,20,O3_24h,商丘,149.0
20201111,20,O3_8h,商丘,132.0
20201111,20,O3_8h_24h,商丘,133.0
20201111,20,CO,商丘,0.75
20201111,20,CO_24h,商丘,0.73
20201111,21,AQI,商丘,69.0
20201111,21,PM2.5,商丘,50.0
20201111,21,PM2.5_24h,商丘,62.0
20201111,21,PM10,商丘,79.0
20201111,21,PM10_24h,商丘,114.0
20201111,21,SO2,商丘,8.0
20201111,21,SO2_24h,商丘,11.0
20201111,21,NO2,商丘,27.0
20201111,21,NO2_24h,商丘,32.0
20201111,21,O3,商丘,109.0
20201111,21,O3_24h,商丘,149.0
20201111,21,O3_8h,商丘,128.0
20201111,21,O3_8h_24h,商丘,133.0
20201111,21,CO,商丘,0.75
20201111,21,CO_24h,商丘,0.73
20201111,22,AQI,商丘,66.0
20201111,22,PM2.5,商丘,48.0
20201111,22,PM2.5_24h,商丘,61.0
20201111,22,PM10,商丘,76.0
20201111,22,PM10_24h,商丘,111.0
20201111,22,SO2,商丘,8.0
20201111,22,SO2_24h,商丘,11.0
20201111,22,NO2,商丘,26.0
20201111,22,NO2_24h,商丘,31.0
20201111,22,O3,商丘,99.0
20201111,22,O3_24h,商丘,149.0
20201111,22,O3_8h,商丘,122.0
20201111,22,O3_8h_24h,商丘,133.0
20201111,22,CO,商丘,0.67
20201111,22,CO_24h,商丘,0.73
20201111,23,AQI,商丘,65.0
20201111,23,PM2.5,商丘,47.0
20201111,23,PM2.5_24h,商丘,60.0
20201111,23,PM10,商丘,75.0
20201111,23,PM10_24h,商丘,109.0
20201111,23,SO2,商丘,7.0
20201111,23,SO2_24h,商丘,11.0
20201111,23,NO2,商丘,25.0
20201111,23,NO2_24h,商丘,31.0
20201111,23,O3,商丘,92.0
20201111,23,O3_24h,商丘,149.0
20201111,23,O3_8h,商丘,114.0
20201111,23,O3_8h_24h,商丘,133.0
20201111,23,CO,商丘,0.67
20201111,23,CO_24h,商丘,0.73
20201111,0,AQI,驻马店,70.0
20201111,0,PM2.5,驻马店,42.0
20201111,0,PM2.5_24h,驻马店,46.0
20201111,0,PM10,驻马店,90.0
20201111,0,PM10_24h,驻马店,98.0
20201111,0,SO2,驻马店,10.0
20201111,0,SO2_24h,驻马店,11.0
20201111,0,NO2,驻马店,22.0
20201111,0,NO2_24h,驻马店,27.0
20201111,0,O3,驻马店,104.0
20201111,0,O3_24h,驻马店,133.0
20201111,0,O3_8h,驻马店,106.0
20201111,0,O3_8h_24h,驻马店,120.0
20201111,0,CO,驻马店,0.63
20201111,0,CO_24h,驻马店,0.67
20201111,1,AQI,驻马店,75.0
20201111,1,PM2.5,驻马店,42.0
20201111,1,PM2.5_24h,驻马店,46.0
20201111,1,PM10,驻马店,100.0
20201111,1,PM10_24h,驻马店,97.0
20201111,1,SO2,驻马店,10.0
20201111,1,SO2_24h,驻马店,11.0
20201111,1,NO2,驻马店,21.0
20201111,1,NO2_24h,驻马店,27.0
20201111,1,O3,驻马店,103.0
20201111,1,O3_24h,驻马店,133.0
20201111,1,O3_8h,驻马店,103.0
20201111,1,O3_8h_24h,驻马店,103.0
20201111,1,CO,驻马店,0.57
20201111,1,CO_24h,驻马店,0.67
20201111,2,AQI,驻马店,71.0
20201111,2,PM2.5,驻马店,46.0
20201111,2,PM2.5_24h,驻马店,46.0
20201111,2,PM10,驻马店,92.0
20201111,2,PM10_24h,驻马店,96.0
20201111,2,SO2,驻马店,11.0
20201111,2,SO2_24h,驻马店,11.0
20201111,2,NO2,驻马店,30.0
20201111,2,NO2_24h,驻马店,27.0
20201111,2,O3,驻马店,82.0
20201111,2,O3_24h,驻马店,133.0
20201111,2,O3_8h,驻马店,93.0
20201111,2,O3_8h_24h,驻马店,103.0
20201111,2,CO,驻马店,0.73
20201111,2,CO_24h,驻马店,0.67
20201111,3,AQI,驻马店,77.0
20201111,3,PM2.5,驻马店,44.0
20201111,3,PM2.5_24h,驻马店,46.0
20201111,3,PM10,驻马店,104.0
20201111,3,PM10_24h,驻马店,96.0
20201111,3,SO2,驻马店,10.0
20201111,3,SO2_24h,驻马店,11.0
20201111,3,NO2,驻马店,30.0
20201111,3,NO2_24h,驻马店,27.0
20201111,3,O3,驻马店,78.0
20201111,3,O3_24h,驻马店,133.0
20201111,3,O3_8h,驻马店,88.0
20201111,3,O3_8h_24h,驻马店,103.0
20201111,3,CO,驻马店,0.73
20201111,3,CO_24h,驻马店,0.67
20201111,4,AQI,驻马店,76.0
20201111,4,PM2.5,驻马店,47.0
20201111,4,PM2.5_24h,驻马店,45.0
20201111,4,PM10,驻马店,102.0
20201111,4,PM10_24h,驻马店,96.0
20201111,4,SO2,驻马店,11.0
20201111,4,SO2_24h,驻马店,11.0
20201111,4,NO2,驻马店,34.0
20201111,4,NO2_24h,驻马店,28.0
20201111,4,O3,驻马店,67.0
20201111,4,O3_24h,驻马店,133.0
20201111,4,O3_8h,驻马店,82.0
20201111,4,O3_8h_24h,驻马店,103.0
20201111,4,CO,驻马店,0.9
20201111,4,CO_24h,驻马店,0.7
20201111,5,AQI,驻马店,78.0
20201111,5,PM2.5,驻马店,51.0
20201111,5,PM2.5_24h,驻马店,46.0
20201111,5,PM10,驻马店,106.0
20201111,5,PM10_24h,驻马店,97.0
20201111,5,SO2,驻马店,10.0
20201111,5,SO2_24h,驻马店,11.0
20201111,5,NO2,驻马店,36.0
20201111,5,NO2_24h,驻马店,28.0
20201111,5,O3,驻马店,63.0
20201111,5,O3_24h,驻马店,133.0
20201111,5,O3_8h,驻马店,79.0
20201111,5,O3_8h_24h,驻马店,103.0
20201111,5,CO,驻马店,0.97
20201111,5,CO_24h,驻马店,0.73
20201111,6,AQI,驻马店,82.0
20201111,6,PM2.5,驻马店,53.0
20201111,6,PM2.5_24h,驻马店,46.0
20201111,6,PM10,驻马店,113.0
20201111,6,PM10_24h,驻马店,98.0
20201111,6,SO2,驻马店,9.0
20201111,6,SO2_24h,驻马店,11.0
20201111,6,NO2,驻马店,46.0
20201111,6,NO2_24h,驻马店,29.0
20201111,6,O3,驻马店,48.0
20201111,6,O3_24h,驻马店,133.0
20201111,6,O3_8h,驻马店,74.0
20201111,6,O3_8h_24h,驻马店,103.0
20201111,6,CO,驻马店,0.67
20201111,6,CO_24h,驻马店,0.73
20201111,8,AQI,驻马店,86.0
20201111,8,PM2.5,驻马店,58.0
20201111,8,PM2.5_24h,驻马店,46.0
20201111,8,PM10,驻马店,122.0
20201111,8,PM10_24h,驻马店,99.0
20201111,8,SO2,驻马店,9.0
20201111,8,SO2_24h,驻马店,11.0
20201111,8,NO2,驻马店,46.0
20201111,8,NO2_24h,驻马店,29.0
20201111,8,O3,驻马店,44.0
20201111,8,O3_24h,驻马店,133.0
20201111,8,O3_8h,驻马店,69.0
20201111,8,O3_8h_24h,驻马店,103.0
20201111,8,CO,驻马店,0.87
20201111,8,CO_24h,驻马店,0.73
20201111,10,AQI,驻马店,86.0
20201111,10,PM2.5,驻马店,64.0
20201111,10,PM2.5_24h,驻马店,47.0
20201111,10,PM10,驻马店,118.0
20201111,10,PM10_24h,驻马店,99.0
20201111,10,SO2,驻马店,10.0
20201111,10,SO2_24h,驻马店,10.0
20201111,10,NO2,驻马店,29.0
20201111,10,NO2_24h,驻马店,28.0
20201111,10,O3,驻马店,77.0
20201111,10,O3_24h,驻马店,133.0
20201111,10,O3_8h,驻马店,59.0
20201111,10,O3_8h_24h,驻马店,103.0
20201111,10,CO,驻马店,0.67
20201111,10,CO_24h,驻马店,0.73
20201111,11,AQI,驻马店,75.0
20201111,11,PM2.5,驻马店,49.0
20201111,11,PM2.5_24h,驻马店,47.0
20201111,11,PM10,驻马店,100.0
20201111,11,PM10_24h,驻马店,98.0
20201111,11,SO2,驻马店,10.0
20201111,11,SO2_24h,驻马店,10.0
20201111,11,NO2,驻马店,31.0
20201111,11,NO2_24h,驻马店,28.0
20201111,11,O3,驻马店,85.0
20201111,11,O3_24h,驻马店,133.0
20201111,11,O3_8h,驻马店,60.0
20201111,11,O3_8h_24h,驻马店,103.0
20201111,11,CO,驻马店,0.63
20201111,11,CO_24h,驻马店,0.67
20201111,12,AQI,驻马店,70.0
20201111,12,PM2.5,驻马店,40.0
20201111,12,PM2.5_24h,驻马店,46.0
20201111,12,PM10,驻马店,90.0
20201111,12,PM10_24h,驻马店,97.0
20201111,12,SO2,驻马店,9.0
20201111,12,SO2_24h,驻马店,10.0
20201111,12,NO2,驻马店,27.0
20201111,12,NO2_24h,驻马店,28.0
20201111,12,O3,驻马店,99.0
20201111,12,O3_24h,驻马店,133.0
20201111,12,O3_8h,驻马店,62.0
20201111,12,O3_8h_24h,驻马店,103.0
20201111,12,CO,驻马店,0.57
20201111,12,CO_24h,驻马店,0.67
20201111,13,AQI,驻马店,71.0
20201111,13,PM2.5,驻马店,38.0
20201111,13,PM2.5_24h,驻马店,46.0
20201111,13,PM10,驻马店,92.0
20201111,13,PM10_24h,驻马店,96.0
20201111,13,SO2,驻马店,9.0
20201111,13,SO2_24h,驻马店,10.0
20201111,13,NO2,驻马店,16.0
20201111,13,NO2_24h,驻马店,28.0
20201111,13,O3,驻马店,128.0
20201111,13,O3_24h,驻马店,133.0
20201111,13,O3_8h,驻马店,70.0
20201111,13,O3_8h_24h,驻马店,103.0
20201111,13,CO,驻马店,0.55
20201111,13,CO_24h,驻马店,0.67
20201111,14,AQI,驻马店,67.0
20201111,14,PM2.5,驻马店,45.0
20201111,14,PM2.5_24h,驻马店,46.0
20201111,14,PM10,驻马店,83.0
20201111,14,PM10_24h,驻马店,96.0
20201111,14,SO2,驻马店,9.0
20201111,14,SO2_24h,驻马店,10.0
20201111,14,NO2,驻马店,14.0
20201111,14,NO2_24h,驻马店,28.0
20201111,14,O3,驻马店,142.0
20201111,14,O3_24h,驻马店,142.0
20201111,14,O3_8h,驻马店,83.0
20201111,14,O3_8h_24h,驻马店,103.0
20201111,14,CO,驻马店,0.5
20201111,14,CO_24h,驻马店,0.67
20201111,15,AQI,驻马店,59.0
20201111,15,PM2.5,驻马店,36.0
20201111,15,PM2.5_24h,驻马店,46.0
20201111,15,PM10,驻马店,68.0
20201111,15,PM10_24h,驻马店,95.0
20201111,15,SO2,驻马店,7.0
20201111,15,SO2_24h,驻马店,10.0
20201111,15,NO2,驻马店,12.0
20201111,15,NO2_24h,驻马店,28.0
20201111,15,O3,驻马店,147.0
20201111,15,O3_24h,驻马店,147.0
20201111,15,O3_8h,驻马店,97.0
20201111,15,O3_8h_24h,驻马店,103.0
20201111,15,CO,驻马店,0.53
20201111,15,CO_24h,驻马店,0.67
20201111,16,AQI,驻马店,61.0
20201111,16,PM2.5,驻马店,35.0
20201111,16,PM2.5_24h,驻马店,45.0
20201111,16,PM10,驻马店,71.0
20201111,16,PM10_24h,驻马店,95.0
20201111,16,SO2,驻马店,7.0
20201111,16,SO2_24h,驻马店,10.0
20201111,16,NO2,驻马店,11.0
20201111,16,NO2_24h,驻马店,28.0
20201111,16,O3,驻马店,144.0
20201111,16,O3_24h,驻马店,147.0
20201111,16,O3_8h,驻马店,109.0
20201111,16,O3_8h_24h,驻马店,109.0
20201111,16,CO,驻马店,0.47
20201111,16,CO_24h,驻马店,0.67
20201111,17,AQI,驻马店,56.0
20201111,17,PM2.5,驻马店,38.0
20201111,17,PM2.5_24h,驻马店,45.0
20201111,17,PM10,驻马店,62.0
20201111,17,PM10_24h,驻马店,95.0
20201111,17,SO2,驻马店,7.0
20201111,17,SO2_24h,驻马店,10.0
20201111,17,NO2,驻马店,14.0
20201111,17,NO2_24h,驻马店,28.0
20201111,17,O3,驻马店,135.0
20201111,17,O3_24h,驻马店,147.0
20201111,17,O3_8h,驻马店,120.0
20201111,17,O3_8h_24h,驻马店,120.0
20201111,17,CO,驻马店,0.43
20201111,17,CO_24h,驻马店,0.67
20201111,18,AQI,驻马店,62.0
20201111,18,PM2.5,驻马店,33.0
20201111,18,PM2.5_24h,驻马店,45.0
20201111,18,PM10,驻马店,74.0
20201111,18,PM10_24h,驻马店,96.0
20201111,18,SO2,驻马店,8.0
20201111,18,SO2_24h,驻马店,10.0
20201111,18,NO2,驻马店,25.0
20201111,18,NO2_24h,驻马店,28.0
20201111,18,O3,驻马店,110.0
20201111,18,O3_24h,驻马店,147.0
20201111,18,O3_8h,驻马店,124.0
20201111,18,O3_8h_24h,驻马店,124.0
20201111,18,CO,驻马店,0.65
20201111,18,CO_24h,驻马店,0.67
20201111,19,AQI,驻马店,60.0
20201111,19,PM2.5,驻马店,33.0
20201111,19,PM2.5_24h,驻马店,45.0
20201111,19,PM10,驻马店,70.0
20201111,19,PM10_24h,驻马店,95.0
20201111,19,SO2,驻马店,9.0
20201111,19,SO2_24h,驻马店,9.0
20201111,19,NO2,驻马店,27.0
20201111,19,NO2_24h,驻马店,27.0
20201111,19,O3,驻马店,108.0
20201111,19,O3_24h,驻马店,147.0
20201111,19,O3_8h,驻马店,127.0
20201111,19,O3_8h_24h,驻马店,127.0
20201111,19,CO,驻马店,0.8
20201111,19,CO_24h,驻马店,0.67
20201111,20,AQI,驻马店,62.0
20201111,20,PM2.5,驻马店,35.0
20201111,20,PM2.5_24h,驻马店,45.0
20201111,20,PM10,驻马店,74.0
20201111,20,PM10_24h,驻马店,94.0
20201111,20,SO2,驻马店,10.0
20201111,20,SO2_24h,驻马店,9.0
20201111,20,NO2,驻马店,26.0
20201111,20,NO2_24h,驻马店,28.0
20201111,20,O3,驻马店,99.0
20201111,20,O3_24h,驻马店,147.0
20201111,20,O3_8h,驻马店,126.0
20201111,20,O3_8h_24h,驻马店,128.0
20201111,20,CO,驻马店,1.17
20201111,20,CO_24h,驻马店,0.7
20201111,21,AQI,驻马店,65.0
20201111,21,PM2.5,驻马店,43.0
20201111,21,PM2.5_24h,驻马店,45.0
20201111,21,PM10,驻马店,80.0
20201111,21,PM10_24h,驻马店,93.0
20201111,21,SO2,驻马店,8.0
20201111,21,SO2_24h,驻马店,9.0
20201111,21,NO2,驻马店,31.0
20201111,21,NO2_24h,驻马店,28.0
20201111,21,O3,驻马店,83.0
20201111,21,O3_24h,驻马店,147.0
20201111,21,O3_8h,驻马店,120.0
20201111,21,O3_8h_24h,驻马店,128.0
20201111,21,CO,驻马店,0.6
20201111,21,CO_24h,驻马店,0.7
20201111,22,AQI,驻马店,65.0
20201111,22,PM2.5,驻马店,46.0
20201111,22,PM2.5_24h,驻马店,45.0
20201111,22,PM10,驻马店,79.0
20201111,22,PM10_24h,驻马店,93.0
20201111,22,SO2,驻马店,7.0
20201111,22,SO2_24h,驻马店,9.0
20201111,22,NO2,驻马店,31.0
20201111,22,NO2_24h,驻马店,28.0
20201111,22,O3,驻马店,76.0
20201111,22,O3_24h,驻马店,147.0
20201111,22,O3_8h,驻马店,112.0
20201111,22,O3_8h_24h,驻马店,128.0
20201111,22,CO,驻马店,0.7
20201111,22,CO_24h,驻马店,0.7
20201111,23,AQI,驻马店,66.0
20201111,23,PM2.5,驻马店,48.0
20201111,23,PM2.5_24h,驻马店,45.0
20201111,23,PM10,驻马店,78.0
20201111,23,PM10_24h,驻马店,93.0
20201111,23,SO2,驻马店,7.0
20201111,23,SO2_24h,驻马店,9.0
20201111,23,NO2,驻马店,30.0
20201111,23,NO2_24h,驻马店,28.0
20201111,23,O3,驻马店,74.0
20201111,23,O3_24h,驻马店,147.0
20201111,23,O3_8h,驻马店,102.0
20201111,23,O3_8h_24h,驻马店,128.0
20201111,23,CO,驻马店,0.53
20201111,23,CO_24h,驻马店,0.7
20201111,0,AQI,黄石,68.0
20201111,0,PM2.5,黄石,32.0
20201111,0,PM2.5_24h,黄石,42.0
20201111,0,PM10,黄石,85.0
20201111,0,PM10_24h,黄石,116.0
20201111,0,SO2,黄石,16.0
20201111,0,SO2_24h,黄石,15.0
20201111,0,NO2,黄石,36.0
20201111,0,NO2_24h,黄石,43.0
20201111,0,O3,黄石,90.0
20201111,0,O3_24h,黄石,131.0
20201111,0,O3_8h,黄石,102.0
20201111,0,O3_8h_24h,黄石,119.0
20201111,0,CO,黄石,0.92
20201111,0,CO_24h,黄石,1.0
20201111,1,AQI,黄石,67.0
20201111,1,PM2.5,黄石,30.0
20201111,1,PM2.5_24h,黄石,41.0
20201111,1,PM10,黄石,83.0
20201111,1,PM10_24h,黄石,114.0
20201111,1,SO2,黄石,15.0
20201111,1,SO2_24h,黄石,15.0
20201111,1,NO2,黄石,43.0
20201111,1,NO2_24h,黄石,43.0
20201111,1,O3,黄石,73.0
20201111,1,O3_24h,黄石,131.0
20201111,1,O3_8h,黄石,73.0
20201111,1,O3_8h_24h,黄石,73.0
20201111,1,CO,黄石,0.98
20201111,1,CO_24h,黄石,1.0
20201111,2,AQI,黄石,68.0
20201111,2,PM2.5,黄石,34.0
20201111,2,PM2.5_24h,黄石,40.0
20201111,2,PM10,黄石,86.0
20201111,2,PM10_24h,黄石,112.0
20201111,2,SO2,黄石,15.0
20201111,2,SO2_24h,黄石,15.0
20201111,2,NO2,黄石,51.0
20201111,2,NO2_24h,黄石,43.0
20201111,2,O3,黄石,51.0
20201111,2,O3_24h,黄石,131.0
20201111,2,O3_8h,黄石,61.0
20201111,2,O3_8h_24h,黄石,73.0
20201111,2,CO,黄石,0.96
20201111,2,CO_24h,黄石,1.0
20201111,3,AQI,黄石,68.0
20201111,3,PM2.5,黄石,34.0
20201111,3,PM2.5_24h,黄石,40.0
20201111,3,PM10,黄石,86.0
20201111,3,PM10_24h,黄石,110.0
20201111,3,SO2,黄石,15.0
20201111,3,SO2_24h,黄石,16.0
20201111,3,NO2,黄石,53.0
20201111,3,NO2_24h,黄石,42.0
20201111,3,O3,黄石,45.0
20201111,3,O3_24h,黄石,131.0
20201111,3,O3_8h,黄石,56.0
20201111,3,O3_8h_24h,黄石,73.0
20201111,3,CO,黄石,0.94
20201111,3,CO_24h,黄石,0.98
20201111,4,AQI,黄石,70.0
20201111,4,PM2.5,黄石,38.0
20201111,4,PM2.5_24h,黄石,39.0
20201111,4,PM10,黄石,89.0
20201111,4,PM10_24h,黄石,108.0
20201111,4,SO2,黄石,15.0
20201111,4,SO2_24h,黄石,16.0
20201111,4,NO2,黄石,49.0
20201111,4,NO2_24h,黄石,42.0
20201111,4,O3,黄石,56.0
20201111,4,O3_24h,黄石,131.0
20201111,4,O3_8h,黄石,56.0
20201111,4,O3_8h_24h,黄石,73.0
20201111,4,CO,黄石,0.96
20201111,4,CO_24h,黄石,0.96
20201111,5,AQI,黄石,69.0
20201111,5,PM2.5,黄石,38.0
20201111,5,PM2.5_24h,黄石,39.0
20201111,5,PM10,黄石,88.0
20201111,5,PM10_24h,黄石,106.0
20201111,5,SO2,黄石,16.0
20201111,5,SO2_24h,黄石,16.0
20201111,5,NO2,黄石,41.0
20201111,5,NO2_24h,黄石,42.0
20201111,5,O3,黄石,72.0
20201111,5,O3_24h,黄石,131.0
20201111,5,O3_8h,黄石,59.0
20201111,5,O3_8h_24h,黄石,73.0
20201111,5,CO,黄石,1.06
20201111,5,CO_24h,黄石,0.96
20201111,6,AQI,黄石,71.0
20201111,6,PM2.5,黄石,42.0
20201111,6,PM2.5_24h,黄石,39.0
20201111,6,PM10,黄石,92.0
20201111,6,PM10_24h,黄石,105.0
20201111,6,SO2,黄石,15.0
20201111,6,SO2_24h,黄石,16.0
20201111,6,NO2,黄石,40.0
20201111,6,NO2_24h,黄石,42.0
20201111,6,O3,黄石,75.0
20201111,6,O3_24h,黄石,131.0
20201111,6,O3_8h,黄石,62.0
20201111,6,O3_8h_24h,黄石,74.0
20201111,6,CO,黄石,0.98
20201111,6,CO_24h,黄石,0.98
20201111,7,AQI,黄石,67.0
20201111,7,PM2.5,黄石,32.0
20201111,7,PM2.5_24h,黄石,36.0
20201111,7,PM10,黄石,83.0
20201111,7,PM10_24h,黄石,110.0
20201111,7,SO2,黄石,16.0
20201111,7,SO2_24h,黄石,15.0
20201111,7,NO2,黄石,36.0
20201111,7,NO2_24h,黄石,40.0
20201111,7,O3,黄石,82.0
20201111,7,O3_24h,黄石,132.0
20201111,7,O3_8h,黄石,66.0
20201111,7,O3_8h_24h,黄石,79.0
20201111,7,CO,黄石,0.9
20201111,7,CO_24h,黄石,0.9
20201111,8,AQI,黄石,68.0
20201111,8,PM2.5,黄石,36.0
20201111,8,PM2.5_24h,黄石,37.0
20201111,8,PM10,黄石,86.0
20201111,8,PM10_24h,黄石,102.0
20201111,8,SO2,黄石,15.0
20201111,8,SO2_24h,黄石,16.0
20201111,8,NO2,黄石,47.0
20201111,8,NO2_24h,黄石,41.0
20201111,8,O3,黄石,67.0
20201111,8,O3_24h,黄石,131.0
20201111,8,O3_8h,黄石,63.0
20201111,8,O3_8h_24h,黄石,74.0
20201111,8,CO,黄石,0.88
20201111,8,CO_24h,黄石,0.96
20201111,10,AQI,黄石,71.0
20201111,10,PM2.5,黄石,36.0
20201111,10,PM2.5_24h,黄石,36.0
20201111,10,PM10,黄石,91.0
20201111,10,PM10_24h,黄石,97.0
20201111,10,SO2,黄石,17.0
20201111,10,SO2_24h,黄石,16.0
20201111,10,NO2,黄石,44.0
20201111,10,NO2_24h,黄石,40.0
20201111,10,O3,黄石,90.0
20201111,10,O3_24h,黄石,131.0
20201111,10,O3_8h,黄石,69.0
20201111,10,O3_8h_24h,黄石,75.0
20201111,10,CO,黄石,0.92
20201111,10,CO_24h,黄石,0.9
20201111,11,AQI,黄石,72.0
20201111,11,PM2.5,黄石,35.0
20201111,11,PM2.5_24h,黄石,35.0
20201111,11,PM10,黄石,93.0
20201111,11,PM10_24h,黄石,95.0
20201111,11,SO2,黄石,16.0
20201111,11,SO2_24h,黄石,15.0
20201111,11,NO2,黄石,37.0
20201111,11,NO2_24h,黄石,39.0
20201111,11,O3,黄石,106.0
20201111,11,O3_24h,黄石,131.0
20201111,11,O3_8h,黄石,76.0
20201111,11,O3_8h_24h,黄石,79.0
20201111,11,CO,黄石,0.9
20201111,11,CO_24h,黄石,0.9
20201111,12,AQI,黄石,71.0
20201111,12,PM2.5,黄石,34.0
20201111,12,PM2.5_24h,黄石,34.0
20201111,12,PM10,黄石,91.0
20201111,12,PM10_24h,黄石,93.0
20201111,12,SO2,黄石,14.0
20201111,12,SO2_24h,黄石,15.0
20201111,12,NO2,黄石,31.0
20201111,12,NO2_24h,黄石,38.0
20201111,12,O3,黄石,120.0
20201111,12,O3_24h,黄石,132.0
20201111,12,O3_8h,黄石,84.0
20201111,12,O3_8h_24h,黄石,86.0
20201111,12,CO,黄石,0.86
20201111,12,CO_24h,黄石,0.88
20201111,13,AQI,黄石,70.0
20201111,13,PM2.5,黄石,31.0
20201111,13,PM2.5_24h,黄石,34.0
20201111,13,PM10,黄石,90.0
20201111,13,PM10_24h,黄石,91.0
20201111,13,SO2,黄石,14.0
20201111,13,SO2_24h,黄石,15.0
20201111,13,NO2,黄石,28.0
20201111,13,NO2_24h,黄石,39.0
20201111,13,O3,黄石,130.0
20201111,13,O3_24h,黄石,136.0
20201111,13,O3_8h,黄石,92.0
20201111,13,O3_8h_24h,黄石,92.0
20201111,13,CO,黄石,0.86
20201111,13,CO_24h,黄石,0.9
20201111,14,AQI,黄石,66.0
20201111,14,PM2.5,黄石,28.0
20201111,14,PM2.5_24h,黄石,34.0
20201111,14,PM10,黄石,82.0
20201111,14,PM10_24h,黄石,90.0
20201111,14,SO2,黄石,15.0
20201111,14,SO2_24h,黄石,15.0
20201111,14,NO2,黄石,21.0
20201111,14,NO2_24h,黄石,39.0
20201111,14,O3,黄石,143.0
20201111,14,O3_24h,黄石,143.0
20201111,14,O3_8h,黄石,100.0
20201111,14,O3_8h_24h,黄石,100.0
20201111,14,CO,黄石,0.78
20201111,14,CO_24h,黄石,0.88
20201111,15,AQI,黄石,60.0
20201111,15,PM2.5,黄石,28.0
20201111,15,PM2.5_24h,黄石,34.0
20201111,15,PM10,黄石,69.0
20201111,15,PM10_24h,黄石,89.0
20201111,15,SO2,黄石,16.0
20201111,15,SO2_24h,黄石,15.0
20201111,15,NO2,黄石,20.0
20201111,15,NO2_24h,黄石,39.0
20201111,15,O3,黄石,148.0
20201111,15,O3_24h,黄石,147.0
20201111,15,O3_8h,黄石,109.0
20201111,15,O3_8h_24h,黄石,109.0
20201111,15,CO,黄石,0.74
20201111,15,CO_24h,黄石,0.86
20201111,16,AQI,黄石,58.0
20201111,16,PM2.5,黄石,27.0
20201111,16,PM2.5_24h,黄石,34.0
20201111,16,PM10,黄石,65.0
20201111,16,PM10_24h,黄石,88.0
20201111,16,SO2,黄石,13.0
20201111,16,SO2_24h,黄石,15.0
20201111,16,NO2,黄石,23.0
20201111,16,NO2_24h,黄石,38.0
20201111,16,O3,黄石,146.0
20201111,16,O3_24h,黄石,149.0
20201111,16,O3_8h,黄石,119.0
20201111,16,O3_8h_24h,黄石,119.0
20201111,16,CO,黄石,0.74
20201111,16,CO_24h,黄石,0.88
20201111,17,AQI,黄石,57.0
20201111,17,PM2.5,黄石,27.0
20201111,17,PM2.5_24h,黄石,34.0
20201111,17,PM10,黄石,63.0
20201111,17,PM10_24h,黄石,88.0
20201111,17,SO2,黄石,11.0
20201111,17,SO2_24h,黄石,15.0
20201111,17,NO2,黄石,24.0
20201111,17,NO2_24h,黄石,38.0
20201111,17,O3,黄石,141.0
20201111,17,O3_24h,黄石,149.0
20201111,17,O3_8h,黄石,127.0
20201111,17,O3_8h_24h,黄石,127.0
20201111,17,CO,黄石,0.78
20201111,17,CO_24h,黄石,0.9
20201111,18,AQI,黄石,55.0
20201111,18,PM2.5,黄石,27.0
20201111,18,PM2.5_24h,黄石,33.0
20201111,18,PM10,黄石,60.0
20201111,18,PM10_24h,黄石,87.0
20201111,18,SO2,黄石,10.0
20201111,18,SO2_24h,黄石,15.0
20201111,18,NO2,黄石,30.0
20201111,18,NO2_24h,黄石,38.0
20201111,18,O3,黄石,125.0
20201111,18,O3_24h,黄石,149.0
20201111,18,O3_8h,黄石,132.0
20201111,18,O3_8h_24h,黄石,132.0
20201111,18,CO,黄石,0.78
20201111,18,CO_24h,黄石,0.9
20201111,19,AQI,黄石,55.0
20201111,19,PM2.5,黄石,25.0
20201111,19,PM2.5_24h,黄石,33.0
20201111,19,PM10,黄石,60.0
20201111,19,PM10_24h,黄石,85.0
20201111,19,SO2,黄石,11.0
20201111,19,SO2_24h,黄石,14.0
20201111,19,NO2,黄石,32.0
20201111,19,NO2_24h,黄石,38.0
20201111,19,O3,黄石,117.0
20201111,19,O3_24h,黄石,149.0
20201111,19,O3_8h,黄石,133.0
20201111,19,O3_8h_24h,黄石,134.0
20201111,19,CO,黄石,0.98
20201111,19,CO_24h,黄石,0.88
20201111,20,AQI,黄石,60.0
20201111,20,PM2.5,黄石,28.0
20201111,20,PM2.5_24h,黄石,33.0
20201111,20,PM10,黄石,70.0
20201111,20,PM10_24h,黄石,84.0
20201111,20,SO2,黄石,12.0
20201111,20,SO2_24h,黄石,14.0
20201111,20,NO2,黄石,35.0
20201111,20,NO2_24h,黄石,37.0
20201111,20,O3,黄石,110.0
20201111,20,O3_24h,黄石,149.0
20201111,20,O3_8h,黄石,132.0
20201111,20,O3_8h_24h,黄石,135.0
20201111,20,CO,黄石,0.98
20201111,20,CO_24h,黄石,0.88
20201111,21,AQI,黄石,63.0
20201111,21,PM2.5,黄石,29.0
20201111,21,PM2.5_24h,黄石,33.0
20201111,21,PM10,黄石,76.0
20201111,21,PM10_24h,黄石,83.0
20201111,21,SO2,黄石,12.0
20201111,21,SO2_24h,黄石,14.0
20201111,21,NO2,黄石,34.0
20201111,21,NO2_24h,黄石,37.0
20201111,21,O3,黄石,108.0
20201111,21,O3_24h,黄石,149.0
20201111,21,O3_8h,黄石,129.0
20201111,21,O3_8h_24h,黄石,135.0
20201111,21,CO,黄石,0.82
20201111,21,CO_24h,黄石,0.88
20201111,22,AQI,黄石,64.0
20201111,22,PM2.5,黄石,31.0
20201111,22,PM2.5_24h,黄石,32.0
20201111,22,PM10,黄石,78.0
20201111,22,PM10_24h,黄石,82.0
20201111,22,SO2,黄石,13.0
20201111,22,SO2_24h,黄石,14.0
20201111,22,NO2,黄石,35.0
20201111,22,NO2_24h,黄石,37.0
20201111,22,O3,黄石,103.0
20201111,22,O3_24h,黄石,149.0
20201111,22,O3_8h,黄石,124.0
20201111,22,O3_8h_24h,黄石,135.0
20201111,22,CO,黄石,0.86
20201111,22,CO_24h,黄石,0.9
20201111,23,AQI,黄石,62.0
20201111,23,PM2.5,黄石,31.0
20201111,23,PM2.5_24h,黄石,32.0
20201111,23,PM10,黄石,74.0
20201111,23,PM10_24h,黄石,81.0
20201111,23,SO2,黄石,12.0
20201111,23,SO2_24h,黄石,14.0
20201111,23,NO2,黄石,31.0
20201111,23,NO2_24h,黄石,37.0
20201111,23,O3,黄石,100.0
20201111,23,O3_24h,黄石,149.0
20201111,23,O3_8h,黄石,119.0
20201111,23,O3_8h_24h,黄石,135.0
20201111,23,CO,黄石,0.86
20201111,23,CO_24h,黄石,0.88
20201111,0,AQI,十堰,84.0
20201111,0,PM2.5,十堰,62.0
20201111,0,PM2.5_24h,十堰,52.0
20201111,0,PM10,十堰,104.0
20201111,0,PM10_24h,十堰,105.0
20201111,0,SO2,十堰,8.0
20201111,0,SO2_24h,十堰,9.0
20201111,0,NO2,十堰,37.0
20201111,0,NO2_24h,十堰,41.0
20201111,0,O3,十堰,47.0
20201111,0,O3_24h,十堰,129.0
20201111,0,O3_8h,十堰,69.0
20201111,0,O3_8h_24h,十堰,106.0
20201111,0,CO,十堰,0.97
20201111,0,CO_24h,十堰,0.97
20201111,1,AQI,十堰,78.0
20201111,1,PM2.5,十堰,57.0
20201111,1,PM2.5_24h,十堰,53.0
20201111,1,PM10,十堰,95.0
20201111,1,PM10_24h,十堰,104.0
20201111,1,SO2,十堰,8.0
20201111,1,SO2_24h,十堰,9.0
20201111,1,NO2,十堰,35.0
20201111,1,NO2_24h,十堰,41.0
20201111,1,O3,十堰,45.0
20201111,1,O3_24h,十堰,129.0
20201111,1,O3_8h,十堰,45.0
20201111,1,O3_8h_24h,十堰,45.0
20201111,1,CO,十堰,1.0
20201111,1,CO_24h,十堰,0.97
20201111,2,AQI,十堰,73.0
20201111,2,PM2.5,十堰,53.0
20201111,2,PM2.5_24h,十堰,53.0
20201111,2,PM10,十堰,95.0
20201111,2,PM10_24h,十堰,104.0
20201111,2,SO2,十堰,9.0
20201111,2,SO2_24h,十堰,9.0
20201111,2,NO2,十堰,34.0
20201111,2,NO2_24h,十堰,41.0
20201111,2,O3,十堰,41.0
20201111,2,O3_24h,十堰,129.0
20201111,2,O3_8h,十堰,43.0
20201111,2,O3_8h_24h,十堰,46.0
20201111,2,CO,十堰,1.07
20201111,2,CO_24h,十堰,1.0
20201111,3,AQI,十堰,79.0
20201111,3,PM2.5,十堰,58.0
20201111,3,PM2.5_24h,十堰,53.0
20201111,3,PM10,十堰,99.0
20201111,3,PM10_24h,十堰,104.0
20201111,3,SO2,十堰,8.0
20201111,3,SO2_24h,十堰,9.0
20201111,3,NO2,十堰,30.0
20201111,3,NO2_24h,十堰,41.0
20201111,3,O3,十堰,39.0
20201111,3,O3_24h,十堰,129.0
20201111,3,O3_8h,十堰,42.0
20201111,3,O3_8h_24h,十堰,46.0
20201111,3,CO,十堰,1.07
20201111,3,CO_24h,十堰,1.0
20201111,4,AQI,十堰,84.0
20201111,4,PM2.5,十堰,62.0
20201111,4,PM2.5_24h,十堰,53.0
20201111,4,PM10,十堰,102.0
20201111,4,PM10_24h,十堰,105.0
20201111,4,SO2,十堰,8.0
20201111,4,SO2_24h,十堰,9.0
20201111,4,NO2,十堰,30.0
20201111,4,NO2_24h,十堰,41.0
20201111,4,O3,十堰,34.0
20201111,4,O3_24h,十堰,129.0
20201111,4,O3_8h,十堰,40.0
20201111,4,O3_8h_24h,十堰,46.0
20201111,4,CO,十堰,1.07
20201111,4,CO_24h,十堰,1.0
20201111,5,AQI,十堰,86.0
20201111,5,PM2.5,十堰,64.0
20201111,5,PM2.5_24h,十堰,54.0
20201111,5,PM10,十堰,101.0
20201111,5,PM10_24h,十堰,105.0
20201111,5,SO2,十堰,8.0
20201111,5,SO2_24h,十堰,9.0
20201111,5,NO2,十堰,27.0
20201111,5,NO2_24h,十堰,41.0
20201111,5,O3,十堰,33.0
20201111,5,O3_24h,十堰,129.0
20201111,5,O3_8h,十堰,38.0
20201111,5,O3_8h_24h,十堰,46.0
20201111,5,CO,十堰,1.07
20201111,5,CO_24h,十堰,1.0
20201111,6,AQI,十堰,88.0
20201111,6,PM2.5,十堰,65.0
20201111,6,PM2.5_24h,十堰,55.0
20201111,6,PM10,十堰,103.0
20201111,6,PM10_24h,十堰,105.0
20201111,6,SO2,十堰,8.0
20201111,6,SO2_24h,十堰,9.0
20201111,6,NO2,十堰,29.0
20201111,6,NO2_24h,十堰,41.0
20201111,6,O3,十堰,29.0
20201111,6,O3_24h,十堰,129.0
20201111,6,O3_8h,十堰,37.0
20201111,6,O3_8h_24h,十堰,46.0
20201111,6,CO,十堰,1.07
20201111,6,CO_24h,十堰,1.0
20201111,8,AQI,十堰,88.0
20201111,8,PM2.5,十堰,65.0
20201111,8,PM2.5_24h,十堰,55.0
20201111,8,PM10,十堰,115.0
20201111,8,PM10_24h,十堰,106.0
20201111,8,SO2,十堰,7.0
20201111,8,SO2_24h,十堰,9.0
20201111,8,NO2,十堰,41.0
20201111,8,NO2_24h,十堰,41.0
20201111,8,O3,十堰,14.0
20201111,8,O3_24h,十堰,129.0
20201111,8,O3_8h,十堰,32.0
20201111,8,O3_8h_24h,十堰,46.0
20201111,8,CO,十堰,1.27
20201111,8,CO_24h,十堰,1.0
20201111,10,AQI,十堰,94.0
20201111,10,PM2.5,十堰,70.0
20201111,10,PM2.5_24h,十堰,57.0
20201111,10,PM10,十堰,128.0
20201111,10,PM10_24h,十堰,107.0
20201111,10,SO2,十堰,8.0
20201111,10,SO2_24h,十堰,9.0
20201111,10,NO2,十堰,49.0
20201111,10,NO2_24h,十堰,41.0
20201111,10,O3,十堰,25.0
20201111,10,O3_24h,十堰,129.0
20201111,10,O3_8h,十堰,26.0
20201111,10,O3_8h_24h,十堰,46.0
20201111,10,CO,十堰,1.3
20201111,10,CO_24h,十堰,1.0
20201111,11,AQI,十堰,93.0
20201111,11,PM2.5,十堰,69.0
20201111,11,PM2.5_24h,十堰,57.0
20201111,11,PM10,十堰,130.0
20201111,11,PM10_24h,十堰,108.0
20201111,11,SO2,十堰,9.0
20201111,11,SO2_24h,十堰,9.0
20201111,11,NO2,十堰,47.0
20201111,11,NO2_24h,十堰,41.0
20201111,11,O3,十堰,53.0
20201111,11,O3_24h,十堰,129.0
20201111,11,O3_8h,十堰,28.0
20201111,11,O3_8h_24h,十堰,46.0
20201111,11,CO,十堰,1.1
20201111,11,CO_24h,十堰,1.0
20201111,12,AQI,十堰,89.0
20201111,12,PM2.5,十堰,66.0
20201111,12,PM2.5_24h,十堰,57.0
20201111,12,PM10,十堰,124.0
20201111,12,PM10_24h,十堰,109.0
20201111,12,SO2,十堰,11.0
20201111,12,SO2_24h,十堰,9.0
20201111,12,NO2,十堰,43.0
20201111,12,NO2_24h,十堰,41.0
20201111,12,O3,十堰,91.0
20201111,12,O3_24h,十堰,129.0
20201111,12,O3_8h,十堰,35.0
20201111,12,O3_8h_24h,十堰,46.0
20201111,12,CO,十堰,1.03
20201111,12,CO_24h,十堰,1.03
20201111,13,AQI,十堰,88.0
20201111,13,PM2.5,十堰,62.0
20201111,13,PM2.5_24h,十堰,58.0
20201111,13,PM10,十堰,125.0
20201111,13,PM10_24h,十堰,110.0
20201111,13,SO2,十堰,11.0
20201111,13,SO2_24h,十堰,9.0
20201111,13,NO2,十堰,46.0
20201111,13,NO2_24h,十堰,41.0
20201111,13,O3,十堰,103.0
20201111,13,O3_24h,十堰,129.0
20201111,13,O3_8h,十堰,44.0
20201111,13,O3_8h_24h,十堰,47.0
20201111,13,CO,十堰,0.93
20201111,13,CO_24h,十堰,1.03
20201111,14,AQI,十堰,85.0
20201111,14,PM2.5,十堰,56.0
20201111,14,PM2.5_24h,十堰,59.0
20201111,14,PM10,十堰,119.0
20201111,14,PM10_24h,十堰,110.0
20201111,14,SO2,十堰,12.0
20201111,14,SO2_24h,十堰,9.0
20201111,14,NO2,十堰,45.0
20201111,14,NO2_24h,十堰,42.0
20201111,14,O3,十堰,111.0
20201111,14,O3_24h,十堰,129.0
20201111,14,O3_8h,十堰,54.0
20201111,14,O3_8h_24h,十堰,54.0
20201111,14,CO,十堰,0.93
20201111,14,CO_24h,十堰,1.03
20201111,15,AQI,十堰,80.0
20201111,15,PM2.5,十堰,52.0
20201111,15,PM2.5_24h,十堰,59.0
20201111,15,PM10,十堰,109.0
20201111,15,PM10_24h,十堰,111.0
20201111,15,SO2,十堰,12.0
20201111,15,SO2_24h,十堰,9.0
20201111,15,NO2,十堰,33.0
20201111,15,NO2_24h,十堰,42.0
20201111,15,O3,十堰,128.0
20201111,15,O3_24h,十堰,133.0
20201111,15,O3_8h,十堰,67.0
20201111,15,O3_8h_24h,十堰,67.0
20201111,15,CO,十堰,0.87
20201111,15,CO_24h,十堰,1.03
20201111,16,AQI,十堰,78.0
20201111,16,PM2.5,十堰,51.0
20201111,16,PM2.5_24h,十堰,59.0
20201111,16,PM10,十堰,106.0
20201111,16,PM10_24h,十堰,112.0
20201111,16,SO2,十堰,12.0
20201111,16,SO2_24h,十堰,9.0
20201111,16,NO2,十堰,27.0
20201111,16,NO2_24h,十堰,41.0
20201111,16,O3,十堰,137.0
20201111,16,O3_24h,十堰,137.0
20201111,16,O3_8h,十堰,83.0
20201111,16,O3_8h_24h,十堰,83.0
20201111,16,CO,十堰,0.83
20201111,16,CO_24h,十堰,1.03
20201111,17,AQI,十堰,78.0
20201111,17,PM2.5,十堰,49.0
20201111,17,PM2.5_24h,十堰,59.0
20201111,17,PM10,十堰,105.0
20201111,17,PM10_24h,十堰,112.0
20201111,17,SO2,十堰,11.0
20201111,17,SO2_24h,十堰,9.0
20201111,17,NO2,十堰,30.0
20201111,17,NO2_24h,十堰,41.0
20201111,17,O3,十堰,131.0
20201111,17,O3_24h,十堰,137.0
20201111,17,O3_8h,十堰,97.0
20201111,17,O3_8h_24h,十堰,97.0
20201111,17,CO,十堰,0.83
20201111,17,CO_24h,十堰,1.07
20201111,18,AQI,十堰,76.0
20201111,18,PM2.5,十堰,48.0
20201111,18,PM2.5_24h,十堰,60.0
20201111,18,PM10,十堰,102.0
20201111,18,PM10_24h,十堰,112.0
20201111,18,SO2,十堰,11.0
20201111,18,SO2_24h,十堰,9.0
20201111,18,NO2,十堰,52.0
20201111,18,NO2_24h,十堰,42.0
20201111,18,O3,十堰,111.0
20201111,18,O3_24h,十堰,137.0
20201111,18,O3_8h,十堰,108.0
20201111,18,O3_8h_24h,十堰,108.0
20201111,18,CO,十堰,1.0
20201111,18,CO_24h,十堰,1.07
20201111,19,AQI,十堰,82.0
20201111,19,PM2.5,十堰,53.0
20201111,19,PM2.5_24h,十堰,60.0
20201111,19,PM10,十堰,114.0
20201111,19,PM10_24h,十堰,113.0
20201111,19,SO2,十堰,12.0
20201111,19,SO2_24h,十堰,9.0
20201111,19,NO2,十堰,51.0
20201111,19,NO2_24h,十堰,41.0
20201111,19,O3,十堰,97.0
20201111,19,O3_24h,十堰,137.0
20201111,19,O3_8h,十堰,114.0
20201111,19,O3_8h_24h,十堰,114.0
20201111,19,CO,十堰,1.07
20201111,19,CO_24h,十堰,1.07
20201111,20,AQI,十堰,94.0
20201111,20,PM2.5,十堰,66.0
20201111,20,PM2.5_24h,十堰,60.0
20201111,20,PM10,十堰,137.0
20201111,20,PM10_24h,十堰,114.0
20201111,20,SO2,十堰,9.0
20201111,20,SO2_24h,十堰,9.0
20201111,20,NO2,十堰,69.0
20201111,20,NO2_24h,十堰,41.0
20201111,20,O3,十堰,71.0
20201111,20,O3_24h,十堰,137.0
20201111,20,O3_8h,十堰,111.0
20201111,20,O3_8h_24h,十堰,114.0
20201111,20,CO,十堰,1.2
20201111,20,CO_24h,十堰,1.07
20201111,21,AQI,十堰,98.0
20201111,21,PM2.5,十堰,73.0
20201111,21,PM2.5_24h,十堰,60.0
20201111,21,PM10,十堰,146.0
20201111,21,PM10_24h,十堰,114.0
20201111,21,SO2,十堰,7.0
20201111,21,SO2_24h,十堰,9.0
20201111,21,NO2,十堰,82.0
20201111,21,NO2_24h,十堰,42.0
20201111,21,O3,十堰,52.0
20201111,21,O3_24h,十堰,137.0
20201111,21,O3_8h,十堰,105.0
20201111,21,O3_8h_24h,十堰,114.0
20201111,21,CO,十堰,1.3
20201111,21,CO_24h,十堰,1.07
20201111,22,AQI,十堰,93.0
20201111,22,PM2.5,十堰,69.0
20201111,22,PM2.5_24h,十堰,61.0
20201111,22,PM10,十堰,133.0
20201111,22,PM10_24h,十堰,114.0
20201111,22,SO2,十堰,7.0
20201111,22,SO2_24h,十堰,9.0
20201111,22,NO2,十堰,69.0
20201111,22,NO2_24h,十堰,41.0
20201111,22,O3,十堰,48.0
20201111,22,O3_24h,十堰,137.0
20201111,22,O3_8h,十堰,97.0
20201111,22,O3_8h_24h,十堰,114.0
20201111,22,CO,十堰,1.2
20201111,22,CO_24h,十堰,1.07
20201111,23,AQI,十堰,89.0
20201111,23,PM2.5,十堰,66.0
20201111,23,PM2.5_24h,十堰,61.0
20201111,23,PM10,十堰,116.0
20201111,23,PM10_24h,十堰,114.0
20201111,23,SO2,十堰,7.0
20201111,23,SO2_24h,十堰,9.0
20201111,23,NO2,十堰,45.0
20201111,23,NO2_24h,十堰,41.0
20201111,23,O3,十堰,50.0
20201111,23,O3_24h,十堰,137.0
20201111,23,O3_8h,十堰,87.0
20201111,23,O3_8h_24h,十堰,114.0
20201111,23,CO,十堰,1.03
20201111,23,CO_24h,十堰,1.07
20201111,0,AQI,襄阳,93.0
20201111,0,PM2.5,襄阳,69.0
20201111,0,PM2.5_24h,襄阳,68.0
20201111,0,PM10,襄阳,128.0
20201111,0,PM10_24h,襄阳,126.0
20201111,0,SO2,襄阳,18.0
20201111,0,SO2_24h,襄阳,20.0
20201111,0,NO2,襄阳,40.0
20201111,0,NO2_24h,襄阳,45.0
20201111,0,O3,襄阳,90.0
20201111,0,O3_24h,襄阳,167.0
20201111,0,O3_8h,襄阳,112.0
20201111,0,O3_8h_24h,襄阳,132.0
20201111,0,CO,襄阳,0.73
20201111,0,CO_24h,襄阳,0.77
20201111,1,AQI,襄阳,89.0
20201111,1,PM2.5,襄阳,66.0
20201111,1,PM2.5_24h,襄阳,68.0
20201111,1,PM10,襄阳,112.0
20201111,1,PM10_24h,襄阳,125.0
20201111,1,SO2,襄阳,17.0
20201111,1,SO2_24h,襄阳,19.0
20201111,1,NO2,襄阳,34.0
20201111,1,NO2_24h,襄阳,45.0
20201111,1,O3,襄阳,98.0
20201111,1,O3_24h,襄阳,167.0
20201111,1,O3_8h,襄阳,98.0
20201111,1,O3_8h_24h,襄阳,98.0
20201111,1,CO,襄阳,0.73
20201111,1,CO_24h,襄阳,0.77
20201111,2,AQI,襄阳,89.0
20201111,2,PM2.5,襄阳,66.0
20201111,2,PM2.5_24h,襄阳,68.0
20201111,2,PM10,襄阳,109.0
20201111,2,PM10_24h,襄阳,124.0
20201111,2,SO2,襄阳,14.0
20201111,2,SO2_24h,襄阳,19.0
20201111,2,NO2,襄阳,33.0
20201111,2,NO2_24h,襄阳,44.0
20201111,2,O3,襄阳,93.0
20201111,2,O3_24h,襄阳,167.0
20201111,2,O3_8h,襄阳,96.0
20201111,2,O3_8h_24h,襄阳,100.0
20201111,2,CO,襄阳,0.78
20201111,2,CO_24h,襄阳,0.77
20201111,3,AQI,襄阳,95.0
20201111,3,PM2.5,襄阳,71.0
20201111,3,PM2.5_24h,襄阳,68.0
20201111,3,PM10,襄阳,115.0
20201111,3,PM10_24h,襄阳,123.0
20201111,3,SO2,襄阳,14.0
20201111,3,SO2_24h,襄阳,19.0
20201111,3,NO2,襄阳,41.0
20201111,3,NO2_24h,襄阳,44.0
20201111,3,O3,襄阳,72.0
20201111,3,O3_24h,襄阳,167.0
20201111,3,O3_8h,襄阳,88.0
20201111,3,O3_8h_24h,襄阳,100.0
20201111,3,CO,襄阳,0.8
20201111,3,CO_24h,襄阳,0.77
20201111,4,AQI,襄阳,98.0
20201111,4,PM2.5,襄阳,73.0
20201111,4,PM2.5_24h,襄阳,68.0
20201111,4,PM10,襄阳,125.0
20201111,4,PM10_24h,襄阳,124.0
20201111,4,SO2,襄阳,16.0
20201111,4,SO2_24h,襄阳,19.0
20201111,4,NO2,襄阳,43.0
20201111,4,NO2_24h,襄阳,44.0
20201111,4,O3,襄阳,64.0
20201111,4,O3_24h,襄阳,167.0
20201111,4,O3_8h,襄阳,82.0
20201111,4,O3_8h_24h,襄阳,100.0
20201111,4,CO,襄阳,0.8
20201111,4,CO_24h,襄阳,0.77
20201111,5,AQI,襄阳,101.0
20201111,5,PM2.5,襄阳,76.0
20201111,5,PM2.5_24h,襄阳,68.0
20201111,5,PM10,襄阳,133.0
20201111,5,PM10_24h,襄阳,123.0
20201111,5,SO2,襄阳,16.0
20201111,5,SO2_24h,襄阳,18.0
20201111,5,NO2,襄阳,48.0
20201111,5,NO2_24h,襄阳,44.0
20201111,5,O3,襄阳,53.0
20201111,5,O3_24h,襄阳,167.0
20201111,5,O3_8h,襄阳,76.0
20201111,5,O3_8h_24h,襄阳,100.0
20201111,5,CO,襄阳,0.85
20201111,5,CO_24h,襄阳,0.77
20201111,6,AQI,襄阳,118.0
20201111,6,PM2.5,襄阳,89.0
20201111,6,PM2.5_24h,襄阳,69.0
20201111,6,PM10,襄阳,141.0
20201111,6,PM10_24h,襄阳,123.0
20201111,6,SO2,襄阳,18.0
20201111,6,SO2_24h,襄阳,18.0
20201111,6,NO2,襄阳,67.0
20201111,6,NO2_24h,襄阳,44.0
20201111,6,O3,襄阳,20.0
20201111,6,O3_24h,襄阳,167.0
20201111,6,O3_8h,襄阳,67.0
20201111,6,O3_8h_24h,襄阳,100.0
20201111,6,CO,襄阳,0.9
20201111,6,CO_24h,襄阳,0.77
20201111,8,AQI,襄阳,129.0
20201111,8,PM2.5,襄阳,98.0
20201111,8,PM2.5_24h,襄阳,70.0
20201111,8,PM10,襄阳,138.0
20201111,8,PM10_24h,襄阳,124.0
20201111,8,SO2,襄阳,19.0
20201111,8,SO2_24h,襄阳,18.0
20201111,8,NO2,襄阳,67.0
20201111,8,NO2_24h,襄阳,43.0
20201111,8,O3,襄阳,15.0
20201111,8,O3_24h,襄阳,167.0
20201111,8,O3_8h,襄阳,59.0
20201111,8,O3_8h_24h,襄阳,100.0
20201111,8,CO,襄阳,1.02
20201111,8,CO_24h,襄阳,0.8
20201111,10,AQI,襄阳,138.0
20201111,10,PM2.5,襄阳,105.0
20201111,10,PM2.5_24h,襄阳,73.0
20201111,10,PM10,襄阳,150.0
20201111,10,PM10_24h,襄阳,126.0
20201111,10,SO2,襄阳,27.0
20201111,10,SO2_24h,襄阳,19.0
20201111,10,NO2,襄阳,63.0
20201111,10,NO2_24h,襄阳,45.0
20201111,10,O3,襄阳,29.0
20201111,10,O3_24h,襄阳,167.0
20201111,10,O3_8h,襄阳,37.0
20201111,10,O3_8h_24h,襄阳,100.0
20201111,10,CO,襄阳,1.02
20201111,10,CO_24h,襄阳,0.8
20201111,11,AQI,襄阳,119.0
20201111,11,PM2.5,襄阳,90.0
20201111,11,PM2.5_24h,襄阳,73.0
20201111,11,PM10,襄阳,138.0
20201111,11,PM10_24h,襄阳,126.0
20201111,11,SO2,襄阳,31.0
20201111,11,SO2_24h,襄阳,19.0
20201111,11,NO2,襄阳,54.0
20201111,11,NO2_24h,襄阳,45.0
20201111,11,O3,襄阳,60.0
20201111,11,O3_24h,襄阳,167.0
20201111,11,O3_8h,襄阳,35.0
20201111,11,O3_8h_24h,襄阳,100.0
20201111,11,CO,襄阳,0.92
20201111,11,CO_24h,襄阳,0.82
20201111,12,AQI,襄阳,94.0
20201111,12,PM2.5,襄阳,70.0
20201111,12,PM2.5_24h,襄阳,73.0
20201111,12,PM10,襄阳,113.0
20201111,12,PM10_24h,襄阳,125.0
20201111,12,SO2,襄阳,27.0
20201111,12,SO2_24h,襄阳,19.0
20201111,12,NO2,襄阳,35.0
20201111,12,NO2_24h,襄阳,45.0
20201111,12,O3,襄阳,92.0
20201111,12,O3_24h,襄阳,167.0
20201111,12,O3_8h,襄阳,39.0
20201111,12,O3_8h_24h,襄阳,100.0
20201111,12,CO,襄阳,0.8
20201111,12,CO_24h,襄阳,0.82
20201111,13,AQI,襄阳,75.0
20201111,13,PM2.5,襄阳,55.0
20201111,13,PM2.5_24h,襄阳,71.0
20201111,13,PM10,襄阳,96.0
20201111,13,PM10_24h,襄阳,123.0
20201111,13,SO2,襄阳,19.0
20201111,13,SO2_24h,襄阳,19.0
20201111,13,NO2,襄阳,29.0
20201111,13,NO2_24h,襄阳,44.0
20201111,13,O3,襄阳,111.0
20201111,13,O3_24h,襄阳,167.0
20201111,13,O3_8h,襄阳,46.0
20201111,13,O3_8h_24h,襄阳,100.0
20201111,13,CO,襄阳,0.75
20201111,13,CO_24h,襄阳,0.82
20201111,14,AQI,襄阳,62.0
20201111,14,PM2.5,襄阳,29.0
20201111,14,PM2.5_24h,襄阳,69.0
20201111,14,PM10,襄阳,74.0
20201111,14,PM10_24h,襄阳,121.0
20201111,14,SO2,襄阳,14.0
20201111,14,SO2_24h,襄阳,19.0
20201111,14,NO2,襄阳,18.0
20201111,14,NO2_24h,襄阳,43.0
20201111,14,O3,襄阳,137.0
20201111,14,O3_24h,襄阳,167.0
20201111,14,O3_8h,襄阳,60.0
20201111,14,O3_8h_24h,襄阳,100.0
20201111,14,CO,襄阳,0.57
20201111,14,CO_24h,襄阳,0.8
20201111,15,AQI,襄阳,50.0
20201111,15,PM2.5,襄阳,22.0
20201111,15,PM2.5_24h,襄阳,67.0
20201111,15,PM10,襄阳,50.0
20201111,15,PM10_24h,襄阳,118.0
20201111,15,SO2,襄阳,11.0
20201111,15,SO2_24h,襄阳,18.0
20201111,15,NO2,襄阳,17.0
20201111,15,NO2_24h,襄阳,42.0
20201111,15,O3,襄阳,141.0
20201111,15,O3_24h,襄阳,166.0
20201111,15,O3_8h,襄阳,75.0
20201111,15,O3_8h_24h,襄阳,100.0
20201111,15,CO,襄阳,0.5
20201111,15,CO_24h,襄阳,0.77
20201111,16,AQI,襄阳,54.0
20201111,16,PM2.5,襄阳,22.0
20201111,16,PM2.5_24h,襄阳,66.0
20201111,16,PM10,襄阳,58.0
20201111,16,PM10_24h,襄阳,115.0
20201111,16,SO2,襄阳,11.0
20201111,16,SO2_24h,襄阳,18.0
20201111,16,NO2,襄阳,19.0
20201111,16,NO2_24h,襄阳,42.0
20201111,16,O3,襄阳,137.0
20201111,16,O3_24h,襄阳,156.0
20201111,16,O3_8h,襄阳,91.0
20201111,16,O3_8h_24h,襄阳,100.0
20201111,16,CO,襄阳,0.5
20201111,16,CO_24h,襄阳,0.77
20201111,17,AQI,襄阳,50.0
20201111,17,PM2.5,襄阳,19.0
20201111,17,PM2.5_24h,襄阳,64.0
20201111,17,PM10,襄阳,50.0
20201111,17,PM10_24h,襄阳,113.0
20201111,17,SO2,襄阳,10.0
20201111,17,SO2_24h,襄阳,18.0
20201111,17,NO2,襄阳,24.0
20201111,17,NO2_24h,襄阳,42.0
20201111,17,O3,襄阳,125.0
20201111,17,O3_24h,襄阳,141.0
20201111,17,O3_8h,襄阳,104.0
20201111,17,O3_8h_24h,襄阳,106.0
20201111,17,CO,襄阳,0.5
20201111,17,CO_24h,襄阳,0.75
20201111,18,AQI,襄阳,56.0
20201111,18,PM2.5,襄阳,21.0
20201111,18,PM2.5_24h,襄阳,63.0
20201111,18,PM10,襄阳,62.0
20201111,18,PM10_24h,襄阳,111.0
20201111,18,SO2,襄阳,10.0
20201111,18,SO2_24h,襄阳,18.0
20201111,18,NO2,襄阳,36.0
20201111,18,NO2_24h,襄阳,42.0
20201111,18,O3,襄阳,107.0
20201111,18,O3_24h,襄阳,141.0
20201111,18,O3_8h,襄阳,114.0
20201111,18,O3_8h_24h,襄阳,114.0
20201111,18,CO,襄阳,0.55
20201111,18,CO_24h,襄阳,0.75
20201111,19,AQI,襄阳,59.0
20201111,19,PM2.5,襄阳,26.0
20201111,19,PM2.5_24h,襄阳,62.0
20201111,19,PM10,襄阳,68.0
20201111,19,PM10_24h,襄阳,109.0
20201111,19,SO2,襄阳,10.0
20201111,19,SO2_24h,襄阳,18.0
20201111,19,NO2,襄阳,39.0
20201111,19,NO2_24h,襄阳,42.0
20201111,19,O3,襄阳,99.0
20201111,19,O3_24h,襄阳,141.0
20201111,19,O3_8h,襄阳,119.0
20201111,19,O3_8h_24h,襄阳,119.0
20201111,19,CO,襄阳,0.57
20201111,19,CO_24h,襄阳,0.75
20201111,20,AQI,襄阳,59.0
20201111,20,PM2.5,襄阳,27.0
20201111,20,PM2.5_24h,襄阳,61.0
20201111,20,PM10,襄阳,67.0
20201111,20,PM10_24h,襄阳,108.0
20201111,20,SO2,襄阳,10.0
20201111,20,SO2_24h,襄阳,17.0
20201111,20,NO2,襄阳,36.0
20201111,20,NO2_24h,襄阳,42.0
20201111,20,O3,襄阳,93.0
20201111,20,O3_24h,襄阳,141.0
20201111,20,O3_8h,襄阳,119.0
20201111,20,O3_8h_24h,襄阳,119.0
20201111,20,CO,襄阳,0.55
20201111,20,CO_24h,襄阳,0.75
20201111,21,AQI,襄阳,66.0
20201111,21,PM2.5,襄阳,34.0
20201111,21,PM2.5_24h,襄阳,61.0
20201111,21,PM10,襄阳,81.0
20201111,21,PM10_24h,襄阳,107.0
20201111,21,SO2,襄阳,16.0
20201111,21,SO2_24h,襄阳,17.0
20201111,21,NO2,襄阳,47.0
20201111,21,NO2_24h,襄阳,42.0
20201111,21,O3,襄阳,75.0
20201111,21,O3_24h,襄阳,141.0
20201111,21,O3_8h,襄阳,114.0
20201111,21,O3_8h_24h,襄阳,119.0
20201111,21,CO,襄阳,0.6
20201111,21,CO_24h,襄阳,0.75
20201111,22,AQI,襄阳,70.0
20201111,22,PM2.5,襄阳,42.0
20201111,22,PM2.5_24h,襄阳,60.0
20201111,22,PM10,襄阳,90.0
20201111,22,PM10_24h,襄阳,105.0
20201111,22,SO2,襄阳,21.0
20201111,22,SO2_24h,襄阳,17.0
20201111,22,NO2,襄阳,55.0
20201111,22,NO2_24h,襄阳,42.0
20201111,22,O3,襄阳,59.0
20201111,22,O3_24h,襄阳,141.0
20201111,22,O3_8h,襄阳,105.0
20201111,22,O3_8h_24h,襄阳,119.0
20201111,22,CO,襄阳,0.65
20201111,22,CO_24h,襄阳,0.75
20201111,23,AQI,襄阳,72.0
20201111,23,PM2.5,襄阳,47.0
20201111,23,PM2.5_24h,襄阳,59.0
20201111,23,PM10,襄阳,93.0
20201111,23,PM10_24h,襄阳,104.0
20201111,23,SO2,襄阳,17.0
20201111,23,SO2_24h,襄阳,17.0
20201111,23,NO2,襄阳,55.0
20201111,23,NO2_24h,襄阳,43.0
20201111,23,O3,襄阳,54.0
20201111,23,O3_24h,襄阳,141.0
20201111,23,O3_8h,襄阳,94.0
20201111,23,O3_8h_24h,襄阳,119.0
20201111,23,CO,襄阳,0.65
20201111,23,CO_24h,襄阳,0.75
20201111,0,AQI,鄂州,82.0
20201111,0,PM2.5,鄂州,48.0
20201111,0,PM2.5_24h,鄂州,55.0
20201111,0,PM10,鄂州,113.0
20201111,0,PM10_24h,鄂州,131.0
20201111,0,SO2,鄂州,19.0
20201111,0,SO2_24h,鄂州,27.0
20201111,0,NO2,鄂州,76.0
20201111,0,NO2_24h,鄂州,57.0
20201111,0,O3,鄂州,38.0
20201111,0,O3_24h,鄂州,113.0
20201111,0,O3_8h,鄂州,71.0
20201111,0,O3_8h_24h,鄂州,97.0
20201111,0,CO,鄂州,1.37
20201111,0,CO_24h,鄂州,1.13
20201111,1,AQI,鄂州,84.0
20201111,1,PM2.5,鄂州,51.0
20201111,1,PM2.5_24h,鄂州,54.0
20201111,1,PM10,鄂州,118.0
20201111,1,PM10_24h,鄂州,128.0
20201111,1,SO2,鄂州,25.0
20201111,1,SO2_24h,鄂州,27.0
20201111,1,NO2,鄂州,67.0
20201111,1,NO2_24h,鄂州,56.0
20201111,1,O3,鄂州,40.0
20201111,1,O3_24h,鄂州,113.0
20201111,1,O3_8h,鄂州,40.0
20201111,1,O3_8h_24h,鄂州,40.0
20201111,1,CO,鄂州,1.33
20201111,1,CO_24h,鄂州,1.13
20201111,2,AQI,鄂州,86.0
20201111,2,PM2.5,鄂州,47.0
20201111,2,PM2.5_24h,鄂州,53.0
20201111,2,PM10,鄂州,121.0
20201111,2,PM10_24h,鄂州,126.0
20201111,2,SO2,鄂州,28.0
20201111,2,SO2_24h,鄂州,27.0
20201111,2,NO2,鄂州,64.0
20201111,2,NO2_24h,鄂州,56.0
20201111,2,O3,鄂州,37.0
20201111,2,O3_24h,鄂州,113.0
20201111,2,O3_8h,鄂州,38.0
20201111,2,O3_8h_24h,鄂州,42.0
20201111,2,CO,鄂州,1.07
20201111,2,CO_24h,鄂州,1.1
20201111,3,AQI,鄂州,88.0
20201111,3,PM2.5,鄂州,55.0
20201111,3,PM2.5_24h,鄂州,52.0
20201111,3,PM10,鄂州,125.0
20201111,3,PM10_24h,鄂州,124.0
20201111,3,SO2,鄂州,46.0
20201111,3,SO2_24h,鄂州,28.0
20201111,3,NO2,鄂州,54.0
20201111,3,NO2_24h,鄂州,55.0
20201111,3,O3,鄂州,49.0
20201111,3,O3_24h,鄂州,113.0
20201111,3,O3_8h,鄂州,42.0
20201111,3,O3_8h_24h,鄂州,44.0
20201111,3,CO,鄂州,1.3
20201111,3,CO_24h,鄂州,1.13
20201111,4,AQI,鄂州,79.0
20201111,4,PM2.5,鄂州,51.0
20201111,4,PM2.5_24h,鄂州,51.0
20201111,4,PM10,鄂州,107.0
20201111,4,PM10_24h,鄂州,122.0
20201111,4,SO2,鄂州,41.0
20201111,4,SO2_24h,鄂州,29.0
20201111,4,NO2,鄂州,53.0
20201111,4,NO2_24h,鄂州,55.0
20201111,4,O3,鄂州,45.0
20201111,4,O3_24h,鄂州,113.0
20201111,4,O3_8h,鄂州,43.0
20201111,4,O3_8h_24h,鄂州,46.0
20201111,4,CO,鄂州,1.27
20201111,4,CO_24h,鄂州,1.13
20201111,5,AQI,鄂州,82.0
20201111,5,PM2.5,鄂州,53.0
20201111,5,PM2.5_24h,鄂州,51.0
20201111,5,PM10,鄂州,114.0
20201111,5,PM10_24h,鄂州,119.0
20201111,5,SO2,鄂州,31.0
20201111,5,SO2_24h,鄂州,29.0
20201111,5,NO2,鄂州,58.0
20201111,5,NO2_24h,鄂州,55.0
20201111,5,O3,鄂州,30.0
20201111,5,O3_24h,鄂州,113.0
20201111,5,O3_8h,鄂州,40.0
20201111,5,O3_8h_24h,鄂州,46.0
20201111,5,CO,鄂州,1.1
20201111,5,CO_24h,鄂州,1.13
20201111,6,AQI,鄂州,84.0
20201111,6,PM2.5,鄂州,61.0
20201111,6,PM2.5_24h,鄂州,50.0
20201111,6,PM10,鄂州,117.0
20201111,6,PM10_24h,鄂州,117.0
20201111,6,SO2,鄂州,26.0
20201111,6,SO2_24h,鄂州,29.0
20201111,6,NO2,鄂州,53.0
20201111,6,NO2_24h,鄂州,54.0
20201111,6,O3,鄂州,34.0
20201111,6,O3_24h,鄂州,113.0
20201111,6,O3_8h,鄂州,39.0
20201111,6,O3_8h_24h,鄂州,46.0
20201111,6,CO,鄂州,1.07
20201111,6,CO_24h,鄂州,1.17
20201111,8,AQI,鄂州,79.0
20201111,8,PM2.5,鄂州,57.0
20201111,8,PM2.5_24h,鄂州,49.0
20201111,8,PM10,鄂州,108.0
20201111,8,PM10_24h,鄂州,115.0
20201111,8,SO2,鄂州,50.0
20201111,8,SO2_24h,鄂州,26.0
20201111,8,NO2,鄂州,59.0
20201111,8,NO2_24h,鄂州,53.0
20201111,8,O3,鄂州,38.0
20201111,8,O3_24h,鄂州,113.0
20201111,8,O3_8h,鄂州,39.0
20201111,8,O3_8h_24h,鄂州,46.0
20201111,8,CO,鄂州,2.43
20201111,8,CO_24h,鄂州,1.2
20201111,10,AQI,鄂州,79.0
20201111,10,PM2.5,鄂州,58.0
20201111,10,PM2.5_24h,鄂州,48.0
20201111,10,PM10,鄂州,108.0
20201111,10,PM10_24h,鄂州,113.0
20201111,10,SO2,鄂州,63.0
20201111,10,SO2_24h,鄂州,29.0
20201111,10,NO2,鄂州,59.0
20201111,10,NO2_24h,鄂州,53.0
20201111,10,O3,鄂州,53.0
20201111,10,O3_24h,鄂州,113.0
20201111,10,O3_8h,鄂州,40.0
20201111,10,O3_8h_24h,鄂州,46.0
20201111,10,CO,鄂州,2.13
20201111,10,CO_24h,鄂州,1.3
20201111,11,AQI,鄂州,80.0
20201111,11,PM2.5,鄂州,51.0
20201111,11,PM2.5_24h,鄂州,47.0
20201111,11,PM10,鄂州,110.0
20201111,11,PM10_24h,鄂州,111.0
20201111,11,SO2,鄂州,39.0
20201111,11,SO2_24h,鄂州,29.0
20201111,11,NO2,鄂州,44.0
20201111,11,NO2_24h,鄂州,53.0
20201111,11,O3,鄂州,88.0
20201111,11,O3_24h,鄂州,113.0
20201111,11,O3_8h,鄂州,46.0
20201111,11,O3_8h_24h,鄂州,48.0
20201111,11,CO,鄂州,1.33
20201111,11,CO_24h,鄂州,1.27
20201111,12,AQI,鄂州,82.0
20201111,12,PM2.5,鄂州,49.0
20201111,12,PM2.5_24h,鄂州,47.0
20201111,12,PM10,鄂州,113.0
20201111,12,PM10_24h,鄂州,110.0
20201111,12,SO2,鄂州,42.0
20201111,12,SO2_24h,鄂州,29.0
20201111,12,NO2,鄂州,45.0
20201111,12,NO2_24h,鄂州,53.0
20201111,12,O3,鄂州,106.0
20201111,12,O3_24h,鄂州,116.0
20201111,12,O3_8h,鄂州,53.0
20201111,12,O3_8h_24h,鄂州,53.0
20201111,12,CO,鄂州,1.27
20201111,12,CO_24h,鄂州,1.27
20201111,13,AQI,鄂州,73.0
20201111,13,PM2.5,鄂州,44.0
20201111,13,PM2.5_24h,鄂州,47.0
20201111,13,PM10,鄂州,95.0
20201111,13,PM10_24h,鄂州,109.0
20201111,13,SO2,鄂州,43.0
20201111,13,SO2_24h,鄂州,30.0
20201111,13,NO2,鄂州,35.0
20201111,13,NO2_24h,鄂州,53.0
20201111,13,O3,鄂州,117.0
20201111,13,O3_24h,鄂州,120.0
20201111,13,O3_8h,鄂州,65.0
20201111,13,O3_8h_24h,鄂州,65.0
20201111,13,CO,鄂州,1.4
20201111,13,CO_24h,鄂州,1.3
20201111,14,AQI,鄂州,67.0
20201111,14,PM2.5,鄂州,41.0
20201111,14,PM2.5_24h,鄂州,46.0
20201111,14,PM10,鄂州,84.0
20201111,14,PM10_24h,鄂州,107.0
20201111,14,SO2,鄂州,34.0
20201111,14,SO2_24h,鄂州,31.0
20201111,14,NO2,鄂州,32.0
20201111,14,NO2_24h,鄂州,53.0
20201111,14,O3,鄂州,122.0
20201111,14,O3_24h,鄂州,122.0
20201111,14,O3_8h,鄂州,76.0
20201111,14,O3_8h_24h,鄂州,76.0
20201111,14,CO,鄂州,1.17
20201111,14,CO_24h,鄂州,1.3
20201111,15,AQI,鄂州,65.0
20201111,15,PM2.5,鄂州,34.0
20201111,15,PM2.5_24h,鄂州,46.0
20201111,15,PM10,鄂州,79.0
20201111,15,PM10_24h,鄂州,107.0
20201111,15,SO2,鄂州,26.0
20201111,15,SO2_24h,鄂州,31.0
20201111,15,NO2,鄂州,33.0
20201111,15,NO2_24h,鄂州,53.0
20201111,15,O3,鄂州,121.0
20201111,15,O3_24h,鄂州,123.0
20201111,15,O3_8h,鄂州,87.0
20201111,15,O3_8h_24h,鄂州,87.0
20201111,15,CO,鄂州,1.03
20201111,15,CO_24h,鄂州,1.27
20201111,16,AQI,鄂州,65.0
20201111,16,PM2.5,鄂州,32.0
20201111,16,PM2.5_24h,鄂州,46.0
20201111,16,PM10,鄂州,79.0
20201111,16,PM10_24h,鄂州,105.0
20201111,16,SO2,鄂州,21.0
20201111,16,SO2_24h,鄂州,32.0
20201111,16,NO2,鄂州,35.0
20201111,16,NO2_24h,鄂州,52.0
20201111,16,O3,鄂州,125.0
20201111,16,O3_24h,鄂州,126.0
20201111,16,O3_8h,鄂州,99.0
20201111,16,O3_8h_24h,鄂州,99.0
20201111,16,CO,鄂州,1.0
20201111,16,CO_24h,鄂州,1.3
20201111,17,AQI,鄂州,64.0
20201111,17,PM2.5,鄂州,31.0
20201111,17,PM2.5_24h,鄂州,46.0
20201111,17,PM10,鄂州,77.0
20201111,17,PM10_24h,鄂州,105.0
20201111,17,SO2,鄂州,20.0
20201111,17,SO2_24h,鄂州,32.0
20201111,17,NO2,鄂州,35.0
20201111,17,NO2_24h,鄂州,52.0
20201111,17,O3,鄂州,129.0
20201111,17,O3_24h,鄂州,130.0
20201111,17,O3_8h,鄂州,111.0
20201111,17,O3_8h_24h,鄂州,111.0
20201111,17,CO,鄂州,0.97
20201111,17,CO_24h,鄂州,1.3
20201111,18,AQI,鄂州,65.0
20201111,18,PM2.5,鄂州,31.0
20201111,18,PM2.5_24h,鄂州,46.0
20201111,18,PM10,鄂州,79.0
20201111,18,PM10_24h,鄂州,105.0
20201111,18,SO2,鄂州,14.0
20201111,18,SO2_24h,鄂州,32.0
20201111,18,NO2,鄂州,52.0
20201111,18,NO2_24h,鄂州,52.0
20201111,18,O3,鄂州,104.0
20201111,18,O3_24h,鄂州,130.0
20201111,18,O3_8h,鄂州,114.0
20201111,18,O3_8h_24h,鄂州,115.0
20201111,18,CO,鄂州,1.03
20201111,18,CO_24h,鄂州,1.3
20201111,19,AQI,鄂州,71.0
20201111,19,PM2.5,鄂州,36.0
20201111,19,PM2.5_24h,鄂州,46.0
20201111,19,PM10,鄂州,92.0
20201111,19,PM10_24h,鄂州,105.0
20201111,19,SO2,鄂州,22.0
20201111,19,SO2_24h,鄂州,32.0
20201111,19,NO2,鄂州,69.0
20201111,19,NO2_24h,鄂州,53.0
20201111,19,O3,鄂州,81.0
20201111,19,O3_24h,鄂州,130.0
20201111,19,O3_8h,鄂州,113.0
20201111,19,O3_8h_24h,鄂州,115.0
20201111,19,CO,鄂州,1.27
20201111,19,CO_24h,鄂州,1.3
20201111,20,AQI,鄂州,81.0
20201111,20,PM2.5,鄂州,48.0
20201111,20,PM2.5_24h,鄂州,46.0
20201111,20,PM10,鄂州,111.0
20201111,20,PM10_24h,鄂州,105.0
20201111,20,SO2,鄂州,37.0
20201111,20,SO2_24h,鄂州,33.0
20201111,20,NO2,鄂州,84.0
20201111,20,NO2_24h,鄂州,54.0
20201111,20,O3,鄂州,61.0
20201111,20,O3_24h,鄂州,130.0
20201111,20,O3_8h,鄂州,107.0
20201111,20,O3_8h_24h,鄂州,115.0
20201111,20,CO,鄂州,1.8
20201111,20,CO_24h,鄂州,1.37
20201111,21,AQI,鄂州,87.0
20201111,21,PM2.5,鄂州,47.0
20201111,21,PM2.5_24h,鄂州,46.0
20201111,21,PM10,鄂州,123.0
20201111,21,PM10_24h,鄂州,105.0
20201111,21,SO2,鄂州,47.0
20201111,21,SO2_24h,鄂州,35.0
20201111,21,NO2,鄂州,91.0
20201111,21,NO2_24h,鄂州,56.0
20201111,21,O3,鄂州,48.0
20201111,21,O3_24h,鄂州,130.0
20201111,21,O3_8h,鄂州,99.0
20201111,21,O3_8h_24h,鄂州,115.0
20201111,21,CO,鄂州,1.93
20201111,21,CO_24h,鄂州,1.4
20201111,22,AQI,鄂州,89.0
20201111,22,PM2.5,鄂州,53.0
20201111,22,PM2.5_24h,鄂州,47.0
20201111,22,PM10,鄂州,127.0
20201111,22,PM10_24h,鄂州,105.0
20201111,22,SO2,鄂州,47.0
20201111,22,SO2_24h,鄂州,36.0
20201111,22,NO2,鄂州,79.0
20201111,22,NO2_24h,鄂州,57.0
20201111,22,O3,鄂州,55.0
20201111,22,O3_24h,鄂州,130.0
20201111,22,O3_8h,鄂州,90.0
20201111,22,O3_8h_24h,鄂州,115.0
20201111,22,CO,鄂州,1.53
20201111,22,CO_24h,鄂州,1.43
20201111,23,AQI,鄂州,86.0
20201111,23,PM2.5,鄂州,52.0
20201111,23,PM2.5_24h,鄂州,48.0
20201111,23,PM10,鄂州,121.0
20201111,23,PM10_24h,鄂州,106.0
20201111,23,SO2,鄂州,66.0
20201111,23,SO2_24h,鄂州,38.0
20201111,23,NO2,鄂州,73.0
20201111,23,NO2_24h,鄂州,57.0
20201111,23,O3,鄂州,84.0
20201111,23,O3_24h,鄂州,131.0
20201111,23,O3_8h,鄂州,86.0
20201111,23,O3_8h_24h,鄂州,115.0
20201111,23,CO,鄂州,1.7
20201111,23,CO_24h,鄂州,1.43
20201111,0,AQI,荆门,78.0
20201111,0,PM2.5,荆门,50.0
20201111,0,PM2.5_24h,荆门,66.0
20201111,0,PM10,荆门,106.0
20201111,0,PM10_24h,荆门,108.0
20201111,0,SO2,荆门,11.0
20201111,0,SO2_24h,荆门,13.0
20201111,0,NO2,荆门,76.0
20201111,0,NO2_24h,荆门,66.0
20201111,0,O3,荆门,36.0
20201111,0,O3_24h,荆门,159.0
20201111,0,O3_8h,荆门,70.0
20201111,0,O3_8h_24h,荆门,138.0
20201111,0,CO,荆门,0.8
20201111,0,CO_24h,荆门,0.85
20201111,1,AQI,荆门,78.0
20201111,1,PM2.5,荆门,50.0
20201111,1,PM2.5_24h,荆门,65.0
20201111,1,PM10,荆门,105.0
20201111,1,PM10_24h,荆门,108.0
20201111,1,SO2,荆门,10.0
20201111,1,SO2_24h,荆门,13.0
20201111,1,NO2,荆门,76.0
20201111,1,NO2_24h,荆门,66.0
20201111,1,O3,荆门,27.0
20201111,1,O3_24h,荆门,159.0
20201111,1,O3_8h,荆门,27.0
20201111,1,O3_8h_24h,荆门,27.0
20201111,1,CO,荆门,0.88
20201111,1,CO_24h,荆门,0.85
20201111,2,AQI,荆门,76.0
20201111,2,PM2.5,荆门,50.0
20201111,2,PM2.5_24h,荆门,64.0
20201111,2,PM10,荆门,102.0
20201111,2,PM10_24h,荆门,108.0
20201111,2,SO2,荆门,9.0
20201111,2,SO2_24h,荆门,14.0
20201111,2,NO2,荆门,77.0
20201111,2,NO2_24h,荆门,66.0
20201111,2,O3,荆门,23.0
20201111,2,O3_24h,荆门,159.0
20201111,2,O3_8h,荆门,25.0
20201111,2,O3_8h_24h,荆门,28.0
20201111,2,CO,荆门,0.88
20201111,2,CO_24h,荆门,0.85
20201111,3,AQI,荆门,73.0
20201111,3,PM2.5,荆门,53.0
20201111,3,PM2.5_24h,荆门,64.0
20201111,3,PM10,荆门,89.0
20201111,3,PM10_24h,荆门,108.0
20201111,3,SO2,荆门,7.0
20201111,3,SO2_24h,荆门,14.0
20201111,3,NO2,荆门,59.0
20201111,3,NO2_24h,荆门,67.0
20201111,3,O3,荆门,33.0
20201111,3,O3_24h,荆门,159.0
20201111,3,O3_8h,荆门,28.0
20201111,3,O3_8h_24h,荆门,29.0
20201111,3,CO,荆门,0.8
20201111,3,CO_24h,荆门,0.88
20201111,4,AQI,荆门,76.0
20201111,4,PM2.5,荆门,56.0
20201111,4,PM2.5_24h,荆门,63.0
20201111,4,PM10,荆门,85.0
20201111,4,PM10_24h,荆门,108.0
20201111,4,SO2,荆门,6.0
20201111,4,SO2_24h,荆门,14.0
20201111,4,NO2,荆门,56.0
20201111,4,NO2_24h,荆门,67.0
20201111,4,O3,荆门,32.0
20201111,4,O3_24h,荆门,159.0
20201111,4,O3_8h,荆门,29.0
20201111,4,O3_8h_24h,荆门,29.0
20201111,4,CO,荆门,0.83
20201111,4,CO_24h,荆门,0.85
20201111,5,AQI,荆门,76.0
20201111,5,PM2.5,荆门,56.0
20201111,5,PM2.5_24h,荆门,62.0
20201111,5,PM10,荆门,84.0
20201111,5,PM10_24h,荆门,108.0
20201111,5,SO2,荆门,6.0
20201111,5,SO2_24h,荆门,13.0
20201111,5,NO2,荆门,50.0
20201111,5,NO2_24h,荆门,66.0
20201111,5,O3,荆门,34.0
20201111,5,O3_24h,荆门,159.0
20201111,5,O3_8h,荆门,30.0
20201111,5,O3_8h_24h,荆门,31.0
20201111,5,CO,荆门,0.83
20201111,5,CO_24h,荆门,0.88
20201111,6,AQI,荆门,78.0
20201111,6,PM2.5,荆门,57.0
20201111,6,PM2.5_24h,荆门,61.0
20201111,6,PM10,荆门,83.0
20201111,6,PM10_24h,荆门,107.0
20201111,6,SO2,荆门,8.0
20201111,6,SO2_24h,荆门,13.0
20201111,6,NO2,荆门,54.0
20201111,6,NO2_24h,荆门,66.0
20201111,6,O3,荆门,29.0
20201111,6,O3_24h,荆门,159.0
20201111,6,O3_8h,荆门,30.0
20201111,6,O3_8h_24h,荆门,31.0
20201111,6,CO,荆门,0.93
20201111,6,CO_24h,荆门,0.88
20201111,8,AQI,荆门,78.0
20201111,8,PM2.5,荆门,57.0
20201111,8,PM2.5_24h,荆门,59.0
20201111,8,PM10,荆门,79.0
20201111,8,PM10_24h,荆门,105.0
20201111,8,SO2,荆门,9.0
20201111,8,SO2_24h,荆门,14.0
20201111,8,NO2,荆门,72.0
20201111,8,NO2_24h,荆门,66.0
20201111,8,O3,荆门,19.0
20201111,8,O3_24h,荆门,159.0
20201111,8,O3_8h,荆门,28.0
20201111,8,O3_8h_24h,荆门,31.0
20201111,8,CO,荆门,1.33
20201111,8,CO_24h,荆门,0.83
20201111,10,AQI,荆门,93.0
20201111,10,PM2.5,荆门,69.0
20201111,10,PM2.5_24h,荆门,57.0
20201111,10,PM10,荆门,100.0
20201111,10,PM10_24h,荆门,102.0
20201111,10,SO2,荆门,22.0
20201111,10,SO2_24h,荆门,13.0
20201111,10,NO2,荆门,72.0
20201111,10,NO2_24h,荆门,63.0
20201111,10,O3,荆门,64.0
20201111,10,O3_24h,荆门,159.0
20201111,10,O3_8h,荆门,33.0
20201111,10,O3_8h_24h,荆门,36.0
20201111,10,CO,荆门,0.8
20201111,10,CO_24h,荆门,0.85
20201111,11,AQI,荆门,86.0
20201111,11,PM2.5,荆门,64.0
20201111,11,PM2.5_24h,荆门,56.0
20201111,11,PM10,荆门,107.0
20201111,11,PM10_24h,荆门,101.0
20201111,11,SO2,荆门,22.0
20201111,11,SO2_24h,荆门,12.0
20201111,11,NO2,荆门,72.0
20201111,11,NO2_24h,荆门,63.0
20201111,11,O3,荆门,62.0
20201111,11,O3_24h,荆门,159.0
20201111,11,O3_8h,荆门,37.0
20201111,11,O3_8h_24h,荆门,39.0
20201111,11,CO,荆门,0.75
20201111,11,CO_24h,荆门,0.85
20201111,12,AQI,荆门,79.0
20201111,12,PM2.5,荆门,58.0
20201111,12,PM2.5_24h,荆门,55.0
20201111,12,PM10,荆门,104.0
20201111,12,PM10_24h,荆门,100.0
20201111,12,SO2,荆门,20.0
20201111,12,SO2_24h,荆门,13.0
20201111,12,NO2,荆门,60.0
20201111,12,NO2_24h,荆门,64.0
20201111,12,O3,荆门,85.0
20201111,12,O3_24h,荆门,159.0
20201111,12,O3_8h,荆门,43.0
20201111,12,O3_8h_24h,荆门,45.0
20201111,12,CO,荆门,0.7
20201111,12,CO_24h,荆门,0.85
20201111,13,AQI,荆门,72.0
20201111,13,PM2.5,荆门,49.0
20201111,13,PM2.5_24h,荆门,55.0
20201111,13,PM10,荆门,94.0
20201111,13,PM10_24h,荆门,98.0
20201111,13,SO2,荆门,16.0
20201111,13,SO2_24h,荆门,13.0
20201111,13,NO2,荆门,42.0
20201111,13,NO2_24h,荆门,64.0
20201111,13,O3,荆门,116.0
20201111,13,O3_24h,荆门,159.0
20201111,13,O3_8h,荆门,53.0
20201111,13,O3_8h_24h,荆门,53.0
20201111,13,CO,荆门,0.72
20201111,13,CO_24h,荆门,0.85
20201111,14,AQI,荆门,68.0
20201111,14,PM2.5,荆门,45.0
20201111,14,PM2.5_24h,荆门,55.0
20201111,14,PM10,荆门,85.0
20201111,14,PM10_24h,荆门,97.0
20201111,14,SO2,荆门,14.0
20201111,14,SO2_24h,荆门,13.0
20201111,14,NO2,荆门,35.0
20201111,14,NO2_24h,荆门,64.0
20201111,14,O3,荆门,128.0
20201111,14,O3_24h,荆门,159.0
20201111,14,O3_8h,荆门,66.0
20201111,14,O3_8h_24h,荆门,66.0
20201111,14,CO,荆门,0.75
20201111,14,CO_24h,荆门,0.85
20201111,15,AQI,荆门,63.0
20201111,15,PM2.5,荆门,40.0
20201111,15,PM2.5_24h,荆门,55.0
20201111,15,PM10,荆门,76.0
20201111,15,PM10_24h,荆门,96.0
20201111,15,SO2,荆门,12.0
20201111,15,SO2_24h,荆门,13.0
20201111,15,NO2,荆门,32.0
20201111,15,NO2_24h,荆门,64.0
20201111,15,O3,荆门,136.0
20201111,15,O3_24h,荆门,159.0
20201111,15,O3_8h,荆门,80.0
20201111,15,O3_8h_24h,荆门,80.0
20201111,15,CO,荆门,0.68
20201111,15,CO_24h,荆门,0.88
20201111,16,AQI,荆门,60.0
20201111,16,PM2.5,荆门,35.0
20201111,16,PM2.5_24h,荆门,54.0
20201111,16,PM10,荆门,69.0
20201111,16,PM10_24h,荆门,96.0
20201111,16,SO2,荆门,15.0
20201111,16,SO2_24h,荆门,13.0
20201111,16,NO2,荆门,32.0
20201111,16,NO2_24h,荆门,64.0
20201111,16,O3,荆门,134.0
20201111,16,O3_24h,荆门,156.0
20201111,16,O3_8h,荆门,95.0
20201111,16,O3_8h_24h,荆门,95.0
20201111,16,CO,荆门,0.6
20201111,16,CO_24h,荆门,0.88
20201111,17,AQI,荆门,59.0
20201111,17,PM2.5,荆门,36.0
20201111,17,PM2.5_24h,荆门,53.0
20201111,17,PM10,荆门,67.0
20201111,17,PM10_24h,荆门,94.0
20201111,17,SO2,荆门,20.0
20201111,17,SO2_24h,荆门,13.0
20201111,17,NO2,荆门,39.0
20201111,17,NO2_24h,荆门,64.0
20201111,17,O3,荆门,116.0
20201111,17,O3_24h,荆门,137.0
20201111,17,O3_8h,荆门,105.0
20201111,17,O3_8h_24h,荆门,105.0
20201111,17,CO,荆门,0.7
20201111,17,CO_24h,荆门,0.88
20201111,18,AQI,荆门,62.0
20201111,18,PM2.5,荆门,38.0
20201111,18,PM2.5_24h,荆门,53.0
20201111,18,PM10,荆门,74.0
20201111,18,PM10_24h,荆门,93.0
20201111,18,SO2,荆门,13.0
20201111,18,SO2_24h,荆门,13.0
20201111,18,NO2,荆门,55.0
20201111,18,NO2_24h,荆门,64.0
20201111,18,O3,荆门,92.0
20201111,18,O3_24h,荆门,137.0
20201111,18,O3_8h,荆门,109.0
20201111,18,O3_8h_24h,荆门,109.0
20201111,18,CO,荆门,0.73
20201111,18,CO_24h,荆门,0.88
20201111,19,AQI,荆门,64.0
20201111,19,PM2.5,荆门,45.0
20201111,19,PM2.5_24h,荆门,53.0
20201111,19,PM10,荆门,78.0
20201111,19,PM10_24h,荆门,93.0
20201111,19,SO2,荆门,14.0
20201111,19,SO2_24h,荆门,13.0
20201111,19,NO2,荆门,72.0
20201111,19,NO2_24h,荆门,64.0
20201111,19,O3,荆门,67.0
20201111,19,O3_24h,荆门,137.0
20201111,19,O3_8h,荆门,109.0
20201111,19,O3_8h_24h,荆门,109.0
20201111,19,CO,荆门,0.9
20201111,19,CO_24h,荆门,0.85
20201111,20,AQI,荆门,81.0
20201111,20,PM2.5,荆门,60.0
20201111,20,PM2.5_24h,荆门,53.0
20201111,20,PM10,荆门,80.0
20201111,20,PM10_24h,荆门,92.0
20201111,20,SO2,荆门,13.0
20201111,20,SO2_24h,荆门,13.0
20201111,20,NO2,荆门,71.0
20201111,20,NO2_24h,荆门,63.0
20201111,20,O3,荆门,56.0
20201111,20,O3_24h,荆门,137.0
20201111,20,O3_8h,荆门,106.0
20201111,20,O3_8h_24h,荆门,109.0
20201111,20,CO,荆门,0.95
20201111,20,CO_24h,荆门,0.85
20201111,21,AQI,荆门,74.0
20201111,21,PM2.5,荆门,54.0
20201111,21,PM2.5_24h,荆门,52.0
20201111,21,PM10,荆门,86.0
20201111,21,PM10_24h,荆门,90.0
20201111,21,SO2,荆门,29.0
20201111,21,SO2_24h,荆门,13.0
20201111,21,NO2,荆门,79.0
20201111,21,NO2_24h,荆门,62.0
20201111,21,O3,荆门,43.0
20201111,21,O3_24h,荆门,137.0
20201111,21,O3_8h,荆门,96.0
20201111,21,O3_8h_24h,荆门,109.0
20201111,21,CO,荆门,0.85
20201111,21,CO_24h,荆门,0.85
20201111,22,AQI,荆门,70.0
20201111,22,PM2.5,荆门,51.0
20201111,22,PM2.5_24h,荆门,52.0
20201111,22,PM10,荆门,90.0
20201111,22,PM10_24h,荆门,89.0
20201111,22,SO2,荆门,20.0
20201111,22,SO2_24h,荆门,14.0
20201111,22,NO2,荆门,85.0
20201111,22,NO2_24h,荆门,62.0
20201111,22,O3,荆门,26.0
20201111,22,O3_24h,荆门,137.0
20201111,22,O3_8h,荆门,84.0
20201111,22,O3_8h_24h,荆门,109.0
20201111,22,CO,荆门,1.02
20201111,22,CO_24h,荆门,0.88
20201111,23,AQI,荆门,73.0
20201111,23,PM2.5,荆门,43.0
20201111,23,PM2.5_24h,荆门,51.0
20201111,23,PM10,荆门,95.0
20201111,23,PM10_24h,荆门,87.0
20201111,23,SO2,荆门,7.0
20201111,23,SO2_24h,荆门,14.0
20201111,23,NO2,荆门,71.0
20201111,23,NO2_24h,荆门,62.0
20201111,23,O3,荆门,28.0
20201111,23,O3_24h,荆门,137.0
20201111,23,O3_8h,荆门,70.0
20201111,23,O3_8h_24h,荆门,109.0
20201111,23,CO,荆门,0.9
20201111,23,CO_24h,荆门,0.88
20201111,0,AQI,孝感,103.0
20201111,0,PM2.5,孝感,64.0
20201111,0,PM2.5_24h,孝感,48.0
20201111,0,PM10,孝感,156.0
20201111,0,PM10_24h,孝感,125.0
20201111,0,SO2,孝感,10.0
20201111,0,SO2_24h,孝感,12.0
20201111,0,NO2,孝感,60.0
20201111,0,NO2_24h,孝感,55.0
20201111,0,O3,孝感,34.0
20201111,0,O3_24h,孝感,155.0
20201111,0,O3_8h,孝感,69.0
20201111,0,O3_8h_24h,孝感,128.0
20201111,0,CO,孝感,1.2
20201111,0,CO_24h,孝感,1.4
20201111,1,AQI,孝感,95.0
20201111,1,PM2.5,孝感,57.0
20201111,1,PM2.5_24h,孝感,48.0
20201111,1,PM10,孝感,140.0
20201111,1,PM10_24h,孝感,125.0
20201111,1,SO2,孝感,13.0
20201111,1,SO2_24h,孝感,12.0
20201111,1,NO2,孝感,62.0
20201111,1,NO2_24h,孝感,55.0
20201111,1,O3,孝感,27.0
20201111,1,O3_24h,孝感,155.0
20201111,1,O3_8h,孝感,27.0
20201111,1,O3_8h_24h,孝感,27.0
20201111,1,CO,孝感,1.15
20201111,1,CO_24h,孝感,1.4
20201111,2,AQI,孝感,84.0
20201111,2,PM2.5,孝感,51.0
20201111,2,PM2.5_24h,孝感,48.0
20201111,2,PM10,孝感,117.0
20201111,2,PM10_24h,孝感,125.0
20201111,2,SO2,孝感,14.0
20201111,2,SO2_24h,孝感,13.0
20201111,2,NO2,孝感,58.0
20201111,2,NO2_24h,孝感,55.0
20201111,2,O3,孝感,30.0
20201111,2,O3_24h,孝感,155.0
20201111,2,O3_8h,孝感,29.0
20201111,2,O3_8h_24h,孝感,29.0
20201111,2,CO,孝感,1.2
20201111,2,CO_24h,孝感,1.4
20201111,3,AQI,孝感,80.0
20201111,3,PM2.5,孝感,47.0
20201111,3,PM2.5_24h,孝感,48.0
20201111,3,PM10,孝感,109.0
20201111,3,PM10_24h,孝感,125.0
20201111,3,SO2,孝感,14.0
20201111,3,SO2_24h,孝感,13.0
20201111,3,NO2,孝感,51.0
20201111,3,NO2_24h,孝感,54.0
20201111,3,O3,孝感,31.0
20201111,3,O3_24h,孝感,155.0
20201111,3,O3_8h,孝感,29.0
20201111,3,O3_8h_24h,孝感,30.0
20201111,3,CO,孝感,1.2
20201111,3,CO_24h,孝感,1.4
20201111,4,AQI,孝感,78.0
20201111,4,PM2.5,孝感,43.0
20201111,4,PM2.5_24h,孝感,48.0
20201111,4,PM10,孝感,105.0
20201111,4,PM10_24h,孝感,126.0
20201111,4,SO2,孝感,11.0
20201111,4,SO2_24h,孝感,13.0
20201111,4,NO2,孝感,56.0
20201111,4,NO2_24h,孝感,54.0
20201111,4,O3,孝感,20.0
20201111,4,O3_24h,孝感,155.0
20201111,4,O3_8h,孝感,27.0
20201111,4,O3_8h_24h,孝感,30.0
20201111,4,CO,孝感,1.15
20201111,4,CO_24h,孝感,1.4
20201111,5,AQI,孝感,78.0
20201111,5,PM2.5,孝感,43.0
20201111,5,PM2.5_24h,孝感,48.0
20201111,5,PM10,孝感,106.0
20201111,5,PM10_24h,孝感,126.0
20201111,5,SO2,孝感,12.0
20201111,5,SO2_24h,孝感,13.0
20201111,5,NO2,孝感,53.0
20201111,5,NO2_24h,孝感,54.0
20201111,5,O3,孝感,25.0
20201111,5,O3_24h,孝感,155.0
20201111,5,O3_8h,孝感,27.0
20201111,5,O3_8h_24h,孝感,30.0
20201111,5,CO,孝感,1.15
20201111,5,CO_24h,孝感,1.4
20201111,6,AQI,孝感,79.0
20201111,6,PM2.5,孝感,42.0
20201111,6,PM2.5_24h,孝感,48.0
20201111,6,PM10,孝感,107.0
20201111,6,PM10_24h,孝感,127.0
20201111,6,SO2,孝感,14.0
20201111,6,SO2_24h,孝感,13.0
20201111,6,NO2,孝感,49.0
20201111,6,NO2_24h,孝感,55.0
20201111,6,O3,孝感,36.0
20201111,6,O3_24h,孝感,155.0
20201111,6,O3_8h,孝感,28.0
20201111,6,O3_8h_24h,孝感,30.0
20201111,6,CO,孝感,1.1
20201111,6,CO_24h,孝感,1.4
20201111,8,AQI,孝感,83.0
20201111,8,PM2.5,孝感,43.0
20201111,8,PM2.5_24h,孝感,49.0
20201111,8,PM10,孝感,115.0
20201111,8,PM10_24h,孝感,129.0
20201111,8,SO2,孝感,12.0
20201111,8,SO2_24h,孝感,14.0
20201111,8,NO2,孝感,43.0
20201111,8,NO2_24h,孝感,54.0
20201111,8,O3,孝感,50.0
20201111,8,O3_24h,孝感,155.0
20201111,8,O3_8h,孝感,31.0
20201111,8,O3_8h_24h,孝感,31.0
20201111,8,CO,孝感,1.15
20201111,8,CO_24h,孝感,1.4
20201111,10,AQI,孝感,80.0
20201111,10,PM2.5,孝感,41.0
20201111,10,PM2.5_24h,孝感,48.0
20201111,10,PM10,孝感,109.0
20201111,10,PM10_24h,孝感,128.0
20201111,10,SO2,孝感,22.0
20201111,10,SO2_24h,孝感,15.0
20201111,10,NO2,孝感,44.0
20201111,10,NO2_24h,孝感,53.0
20201111,10,O3,孝感,63.0
20201111,10,O3_24h,孝感,155.0
20201111,10,O3_8h,孝感,41.0
20201111,10,O3_8h_24h,孝感,41.0
20201111,10,CO,孝感,1.5
20201111,10,CO_24h,孝感,1.4
20201111,11,AQI,孝感,79.0
20201111,11,PM2.5,孝感,43.0
20201111,11,PM2.5_24h,孝感,48.0
20201111,11,PM10,孝感,107.0
20201111,11,PM10_24h,孝感,126.0
20201111,11,SO2,孝感,26.0
20201111,11,SO2_24h,孝感,15.0
20201111,11,NO2,孝感,41.0
20201111,11,NO2_24h,孝感,52.0
20201111,11,O3,孝感,78.0
20201111,11,O3_24h,孝感,155.0
20201111,11,O3_8h,孝感,47.0
20201111,11,O3_8h_24h,孝感,47.0
20201111,11,CO,孝感,1.8
20201111,11,CO_24h,孝感,1.4
20201111,12,AQI,孝感,77.0
20201111,12,PM2.5,孝感,38.0
20201111,12,PM2.5_24h,孝感,48.0
20201111,12,PM10,孝感,104.0
20201111,12,PM10_24h,孝感,125.0
20201111,12,SO2,孝感,28.0
20201111,12,SO2_24h,孝感,15.0
20201111,12,NO2,孝感,44.0
20201111,12,NO2_24h,孝感,52.0
20201111,12,O3,孝感,88.0
20201111,12,O3_24h,孝感,155.0
20201111,12,O3_8h,孝感,55.0
20201111,12,O3_8h_24h,孝感,55.0
20201111,12,CO,孝感,1.8
20201111,12,CO_24h,孝感,1.4
20201111,13,AQI,孝感,74.0
20201111,13,PM2.5,孝感,38.0
20201111,13,PM2.5_24h,孝感,47.0
20201111,13,PM10,孝感,97.0
20201111,13,PM10_24h,孝感,123.0
20201111,13,SO2,孝感,21.0
20201111,13,SO2_24h,孝感,15.0
20201111,13,NO2,孝感,46.0
20201111,13,NO2_24h,孝感,53.0
20201111,13,O3,孝感,97.0
20201111,13,O3_24h,孝感,155.0
20201111,13,O3_8h,孝感,64.0
20201111,13,O3_8h_24h,孝感,64.0
20201111,13,CO,孝感,1.6
20201111,13,CO_24h,孝感,1.4
20201111,14,AQI,孝感,71.0
20201111,14,PM2.5,孝感,41.0
20201111,14,PM2.5_24h,孝感,47.0
20201111,14,PM10,孝感,92.0
20201111,14,PM10_24h,孝感,122.0
20201111,14,SO2,孝感,18.0
20201111,14,SO2_24h,孝感,15.0
20201111,14,NO2,孝感,40.0
20201111,14,NO2_24h,孝感,53.0
20201111,14,O3,孝感,111.0
20201111,14,O3_24h,孝感,155.0
20201111,14,O3_8h,孝感,74.0
20201111,14,O3_8h_24h,孝感,74.0
20201111,14,CO,孝感,1.5
20201111,14,CO_24h,孝感,1.4
20201111,15,AQI,孝感,69.0
20201111,15,PM2.5,孝感,37.0
20201111,15,PM2.5_24h,孝感,46.0
20201111,15,PM10,孝感,87.0
20201111,15,PM10_24h,孝感,120.0
20201111,15,SO2,孝感,17.0
20201111,15,SO2_24h,孝感,15.0
20201111,15,NO2,孝感,35.0
20201111,15,NO2_24h,孝感,53.0
20201111,15,O3,孝感,119.0
20201111,15,O3_24h,孝感,155.0
20201111,15,O3_8h,孝感,82.0
20201111,15,O3_8h_24h,孝感,82.0
20201111,15,CO,孝感,1.4
20201111,15,CO_24h,孝感,1.4
20201111,16,AQI,孝感,66.0
20201111,16,PM2.5,孝感,34.0
20201111,16,PM2.5_24h,孝感,46.0
20201111,16,PM10,孝感,82.0
20201111,16,PM10_24h,孝感,119.0
20201111,16,SO2,孝感,21.0
20201111,16,SO2_24h,孝感,15.0
20201111,16,NO2,孝感,39.0
20201111,16,NO2_24h,孝感,53.0
20201111,16,O3,孝感,118.0
20201111,16,O3_24h,孝感,155.0
20201111,16,O3_8h,孝感,91.0
20201111,16,O3_8h_24h,孝感,91.0
20201111,16,CO,孝感,1.5
20201111,16,CO_24h,孝感,1.4
20201111,17,AQI,孝感,66.0
20201111,17,PM2.5,孝感,36.0
20201111,17,PM2.5_24h,孝感,46.0
20201111,17,PM10,孝感,81.0
20201111,17,PM10_24h,孝感,117.0
20201111,17,SO2,孝感,26.0
20201111,17,SO2_24h,孝感,16.0
20201111,17,NO2,孝感,45.0
20201111,17,NO2_24h,孝感,53.0
20201111,17,O3,孝感,107.0
20201111,17,O3_24h,孝感,136.0
20201111,17,O3_8h,孝感,98.0
20201111,17,O3_8h_24h,孝感,98.0
20201111,17,CO,孝感,1.55
20201111,17,CO_24h,孝感,1.4
20201111,18,AQI,孝感,70.0
20201111,18,PM2.5,孝感,35.0
20201111,18,PM2.5_24h,孝感,46.0
20201111,18,PM10,孝感,90.0
20201111,18,PM10_24h,孝感,116.0
20201111,18,SO2,孝感,25.0
20201111,18,SO2_24h,孝感,16.0
20201111,18,NO2,孝感,61.0
20201111,18,NO2_24h,孝感,54.0
20201111,18,O3,孝感,79.0
20201111,18,O3_24h,孝感,119.0
20201111,18,O3_8h,孝感,100.0
20201111,18,O3_8h_24h,孝感,100.0
20201111,18,CO,孝感,1.8
20201111,18,CO_24h,孝感,1.4
20201111,19,AQI,孝感,81.0
20201111,19,PM2.5,孝感,41.0
20201111,19,PM2.5_24h,孝感,45.0
20201111,19,PM10,孝感,111.0
20201111,19,PM10_24h,孝感,115.0
20201111,19,SO2,孝感,18.0
20201111,19,SO2_24h,孝感,17.0
20201111,19,NO2,孝感,80.0
20201111,19,NO2_24h,孝感,55.0
20201111,19,O3,孝感,45.0
20201111,19,O3_24h,孝感,119.0
20201111,19,O3_8h,孝感,96.0
20201111,19,O3_8h_24h,孝感,100.0
20201111,19,CO,孝感,2.0
20201111,19,CO_24h,孝感,1.4
20201111,20,AQI,孝感,86.0
20201111,20,PM2.5,孝感,43.0
20201111,20,PM2.5_24h,孝感,45.0
20201111,20,PM10,孝感,122.0
20201111,20,PM10_24h,孝感,115.0
20201111,20,SO2,孝感,13.0
20201111,20,SO2_24h,孝感,17.0
20201111,20,NO2,孝感,81.0
20201111,20,NO2_24h,孝感,56.0
20201111,20,O3,孝感,36.0
20201111,20,O3_24h,孝感,119.0
20201111,20,O3_8h,孝感,89.0
20201111,20,O3_8h_24h,孝感,100.0
20201111,20,CO,孝感,1.65
20201111,20,CO_24h,孝感,1.5
20201111,21,AQI,孝感,88.0
20201111,21,PM2.5,孝感,42.0
20201111,21,PM2.5_24h,孝感,44.0
20201111,21,PM10,孝感,126.0
20201111,21,PM10_24h,孝感,113.0
20201111,21,SO2,孝感,14.0
20201111,21,SO2_24h,孝感,17.0
20201111,21,NO2,孝感,93.0
20201111,21,NO2_24h,孝感,56.0
20201111,21,O3,孝感,20.0
20201111,21,O3_24h,孝感,119.0
20201111,21,O3_8h,孝感,80.0
20201111,21,O3_8h_24h,孝感,100.0
20201111,21,CO,孝感,1.65
20201111,21,CO_24h,孝感,1.45
20201111,22,AQI,孝感,88.0
20201111,22,PM2.5,孝感,44.0
20201111,22,PM2.5_24h,孝感,44.0
20201111,22,PM10,孝感,125.0
20201111,22,PM10_24h,孝感,111.0
20201111,22,SO2,孝感,13.0
20201111,22,SO2_24h,孝感,17.0
20201111,22,NO2,孝感,100.0
20201111,22,NO2_24h,孝感,56.0
20201111,22,O3,孝感,8.0
20201111,22,O3_24h,孝感,119.0
20201111,22,O3_8h,孝感,67.0
20201111,22,O3_8h_24h,孝感,100.0
20201111,22,CO,孝感,1.6
20201111,22,CO_24h,孝感,1.4
20201111,23,AQI,孝感,84.0
20201111,23,PM2.5,孝感,44.0
20201111,23,PM2.5_24h,孝感,43.0
20201111,23,PM10,孝感,118.0
20201111,23,PM10_24h,孝感,110.0
20201111,23,SO2,孝感,14.0
20201111,23,SO2_24h,孝感,17.0
20201111,23,NO2,孝感,94.0
20201111,23,NO2_24h,孝感,57.0
20201111,23,O3,孝感,10.0
20201111,23,O3_24h,孝感,119.0
20201111,23,O3_8h,孝感,53.0
20201111,23,O3_8h_24h,孝感,100.0
20201111,23,CO,孝感,1.4
20201111,23,CO_24h,孝感,1.4
20201111,0,AQI,黄冈,65.0
20201111,0,PM2.5,黄冈,47.0
20201111,0,PM2.5_24h,黄冈,46.0
20201111,0,PM10,黄冈,54.0
20201111,0,PM10_24h,黄冈,110.0
20201111,0,SO2,黄冈,26.0
20201111,0,SO2_24h,黄冈,16.0
20201111,0,NO2,黄冈,45.0
20201111,0,NO2_24h,黄冈,41.0
20201111,0,O3,黄冈,58.0
20201111,0,O3_24h,黄冈,126.0
20201111,0,O3_8h,黄冈,66.0
20201111,0,O3_8h_24h,黄冈,111.0
20201111,0,CO,黄冈,0.9
20201111,0,CO_24h,黄冈,0.95
20201111,1,AQI,黄冈,78.0
20201111,1,PM2.5,黄冈,49.0
20201111,1,PM2.5_24h,黄冈,45.0
20201111,1,PM10,黄冈,106.0
20201111,1,PM10_24h,黄冈,108.0
20201111,1,SO2,黄冈,15.0
20201111,1,SO2_24h,黄冈,16.0
20201111,1,NO2,黄冈,26.0
20201111,1,NO2_24h,黄冈,38.0
20201111,1,O3,黄冈,65.0
20201111,1,O3_24h,黄冈,126.0
20201111,1,O3_8h,黄冈,65.0
20201111,1,O3_8h_24h,黄冈,65.0
20201111,1,CO,黄冈,0.85
20201111,1,CO_24h,黄冈,0.95
20201111,2,AQI,黄冈,75.0
20201111,2,PM2.5,黄冈,47.0
20201111,2,PM2.5_24h,黄冈,44.0
20201111,2,PM10,黄冈,99.0
20201111,2,PM10_24h,黄冈,105.0
20201111,2,SO2,黄冈,14.0
20201111,2,SO2_24h,黄冈,16.0
20201111,2,NO2,黄冈,18.0
20201111,2,NO2_24h,黄冈,38.0
20201111,2,O3,黄冈,66.0
20201111,2,O3_24h,黄冈,126.0
20201111,2,O3_8h,黄冈,66.0
20201111,2,O3_8h_24h,黄冈,66.0
20201111,2,CO,黄冈,0.85
20201111,2,CO_24h,黄冈,0.95
20201111,3,AQI,黄冈,72.0
20201111,3,PM2.5,黄冈,51.0
20201111,3,PM2.5_24h,黄冈,44.0
20201111,3,PM10,黄冈,93.0
20201111,3,PM10_24h,黄冈,103.0
20201111,3,SO2,黄冈,30.0
20201111,3,SO2_24h,黄冈,16.0
20201111,3,NO2,黄冈,34.0
20201111,3,NO2_24h,黄冈,38.0
20201111,3,O3,黄冈,51.0
20201111,3,O3_24h,黄冈,126.0
20201111,3,O3_8h,黄冈,61.0
20201111,3,O3_8h_24h,黄冈,66.0
20201111,3,CO,黄冈,0.9
20201111,3,CO_24h,黄冈,0.95
20201111,4,AQI,黄冈,73.0
20201111,4,PM2.5,黄冈,48.0
20201111,4,PM2.5_24h,黄冈,43.0
20201111,4,PM10,黄冈,95.0
20201111,4,PM10_24h,黄冈,101.0
20201111,4,SO2,黄冈,34.0
20201111,4,SO2_24h,黄冈,17.0
20201111,4,NO2,黄冈,45.0
20201111,4,NO2_24h,黄冈,39.0
20201111,4,O3,黄冈,43.0
20201111,4,O3_24h,黄冈,126.0
20201111,4,O3_8h,黄冈,56.0
20201111,4,O3_8h_24h,黄冈,66.0
20201111,4,CO,黄冈,0.85
20201111,4,CO_24h,黄冈,0.95
20201111,5,AQI,黄冈,72.0
20201111,5,PM2.5,黄冈,45.0
20201111,5,PM2.5_24h,黄冈,43.0
20201111,5,PM10,黄冈,93.0
20201111,5,PM10_24h,黄冈,100.0
20201111,5,SO2,黄冈,24.0
20201111,5,SO2_24h,黄冈,18.0
20201111,5,NO2,黄冈,38.0
20201111,5,NO2_24h,黄冈,40.0
20201111,5,O3,黄冈,52.0
20201111,5,O3_24h,黄冈,126.0
20201111,5,O3_8h,黄冈,55.0
20201111,5,O3_8h_24h,黄冈,66.0
20201111,5,CO,黄冈,0.95
20201111,5,CO_24h,黄冈,0.95
20201111,6,AQI,黄冈,73.0
20201111,6,PM2.5,黄冈,43.0
20201111,6,PM2.5_24h,黄冈,42.0
20201111,6,PM10,黄冈,96.0
20201111,6,PM10_24h,黄冈,99.0
20201111,6,SO2,黄冈,20.0
20201111,6,SO2_24h,黄冈,18.0
20201111,6,NO2,黄冈,32.0
20201111,6,NO2_24h,黄冈,40.0
20201111,6,O3,黄冈,64.0
20201111,6,O3_24h,黄冈,126.0
20201111,6,O3_8h,黄冈,57.0
20201111,6,O3_8h_24h,黄冈,66.0
20201111,6,CO,黄冈,0.9
20201111,6,CO_24h,黄冈,0.95
20201111,8,AQI,黄冈,70.0
20201111,8,PM2.5,黄冈,43.0
20201111,8,PM2.5_24h,黄冈,41.0
20201111,8,PM10,黄冈,90.0
20201111,8,PM10_24h,黄冈,97.0
20201111,8,SO2,黄冈,14.0
20201111,8,SO2_24h,黄冈,18.0
20201111,8,NO2,黄冈,32.0
20201111,8,NO2_24h,黄冈,41.0
20201111,8,O3,黄冈,51.0
20201111,8,O3_24h,黄冈,126.0
20201111,8,O3_8h,黄冈,57.0
20201111,8,O3_8h_24h,黄冈,66.0
20201111,8,CO,黄冈,0.9
20201111,8,CO_24h,黄冈,0.9
20201111,10,AQI,黄冈,58.0
20201111,10,PM2.5,黄冈,40.0
20201111,10,PM2.5_24h,黄冈,40.0
20201111,10,PM10,黄冈,66.0
20201111,10,PM10_24h,黄冈,95.0
20201111,10,SO2,黄冈,31.0
20201111,10,SO2_24h,黄冈,20.0
20201111,10,NO2,黄冈,43.0
20201111,10,NO2_24h,黄冈,41.0
20201111,10,O3,黄冈,73.0
20201111,10,O3_24h,黄冈,126.0
20201111,10,O3_8h,黄冈,57.0
20201111,10,O3_8h_24h,黄冈,66.0
20201111,10,CO,黄冈,1.0
20201111,10,CO_24h,黄冈,0.95
20201111,11,AQI,黄冈,74.0
20201111,11,PM2.5,黄冈,35.0
20201111,11,PM2.5_24h,黄冈,40.0
20201111,11,PM10,黄冈,98.0
20201111,11,PM10_24h,黄冈,93.0
20201111,11,SO2,黄冈,24.0
20201111,11,SO2_24h,黄冈,20.0
20201111,11,NO2,黄冈,27.0
20201111,11,NO2_24h,黄冈,41.0
20201111,11,O3,黄冈,97.0
20201111,11,O3_24h,黄冈,126.0
20201111,11,O3_8h,黄冈,63.0
20201111,11,O3_8h_24h,黄冈,66.0
20201111,11,CO,黄冈,0.8
20201111,11,CO_24h,黄冈,0.95
20201111,12,AQI,黄冈,69.0
20201111,12,PM2.5,黄冈,33.0
20201111,12,PM2.5_24h,黄冈,40.0
20201111,12,PM10,黄冈,88.0
20201111,12,PM10_24h,黄冈,90.0
20201111,12,SO2,黄冈,22.0
20201111,12,SO2_24h,黄冈,20.0
20201111,12,NO2,黄冈,29.0
20201111,12,NO2_24h,黄冈,40.0
20201111,12,O3,黄冈,105.0
20201111,12,O3_24h,黄冈,126.0
20201111,12,O3_8h,黄冈,70.0
20201111,12,O3_8h_24h,黄冈,70.0
20201111,12,CO,黄冈,0.8
20201111,12,CO_24h,黄冈,0.85
20201111,13,AQI,黄冈,66.0
20201111,13,PM2.5,黄冈,28.0
20201111,13,PM2.5_24h,黄冈,39.0
20201111,13,PM10,黄冈,82.0
20201111,13,PM10_24h,黄冈,89.0
20201111,13,SO2,黄冈,15.0
20201111,13,SO2_24h,黄冈,19.0
20201111,13,NO2,黄冈,18.0
20201111,13,NO2_24h,黄冈,39.0
20201111,13,O3,黄冈,125.0
20201111,13,O3_24h,黄冈,126.0
20201111,13,O3_8h,黄冈,79.0
20201111,13,O3_8h_24h,黄冈,79.0
20201111,13,CO,黄冈,0.75
20201111,13,CO_24h,黄冈,0.85
20201111,14,AQI,黄冈,63.0
20201111,14,PM2.5,黄冈,25.0
20201111,14,PM2.5_24h,黄冈,39.0
20201111,14,PM10,黄冈,76.0
20201111,14,PM10_24h,黄冈,88.0
20201111,14,SO2,黄冈,12.0
20201111,14,SO2_24h,黄冈,19.0
20201111,14,NO2,黄冈,13.0
20201111,14,NO2_24h,黄冈,39.0
20201111,14,O3,黄冈,137.0
20201111,14,O3_24h,黄冈,137.0
20201111,14,O3_8h,黄冈,88.0
20201111,14,O3_8h_24h,黄冈,88.0
20201111,14,CO,黄冈,0.7
20201111,14,CO_24h,黄冈,0.85
20201111,15,AQI,黄冈,62.0
20201111,15,PM2.5,黄冈,23.0
20201111,15,PM2.5_24h,黄冈,38.0
20201111,15,PM10,黄冈,73.0
20201111,15,PM10_24h,黄冈,87.0
20201111,15,SO2,黄冈,13.0
20201111,15,SO2_24h,黄冈,19.0
20201111,15,NO2,黄冈,17.0
20201111,15,NO2_24h,黄冈,39.0
20201111,15,O3,黄冈,130.0
20201111,15,O3_24h,黄冈,137.0
20201111,15,O3_8h,黄冈,97.0
20201111,15,O3_8h_24h,黄冈,97.0
20201111,15,CO,黄冈,0.75
20201111,15,CO_24h,黄冈,0.85
20201111,16,AQI,黄冈,60.0
20201111,16,PM2.5,黄冈,23.0
20201111,16,PM2.5_24h,黄冈,38.0
20201111,16,PM10,黄冈,70.0
20201111,16,PM10_24h,黄冈,86.0
20201111,16,SO2,黄冈,15.0
20201111,16,SO2_24h,黄冈,19.0
20201111,16,NO2,黄冈,22.0
20201111,16,NO2_24h,黄冈,39.0
20201111,16,O3,黄冈,133.0
20201111,16,O3_24h,黄冈,137.0
20201111,16,O3_8h,黄冈,107.0
20201111,16,O3_8h_24h,黄冈,107.0
20201111,16,CO,黄冈,0.8
20201111,16,CO_24h,黄冈,0.85
20201111,17,AQI,黄冈,58.0
20201111,17,PM2.5,黄冈,26.0
20201111,17,PM2.5_24h,黄冈,39.0
20201111,17,PM10,黄冈,66.0
20201111,17,PM10_24h,黄冈,85.0
20201111,17,SO2,黄冈,16.0
20201111,17,SO2_24h,黄冈,19.0
20201111,17,NO2,黄冈,28.0
20201111,17,NO2_24h,黄冈,39.0
20201111,17,O3,黄冈,126.0
20201111,17,O3_24h,黄冈,137.0
20201111,17,O3_8h,黄冈,115.0
20201111,17,O3_8h_24h,黄冈,115.0
20201111,17,CO,黄冈,0.9
20201111,17,CO_24h,黄冈,0.85
20201111,18,AQI,黄冈,62.0
20201111,18,PM2.5,黄冈,28.0
20201111,18,PM2.5_24h,黄冈,38.0
20201111,18,PM10,黄冈,73.0
20201111,18,PM10_24h,黄冈,84.0
20201111,18,SO2,黄冈,16.0
20201111,18,SO2_24h,黄冈,20.0
20201111,18,NO2,黄冈,49.0
20201111,18,NO2_24h,黄冈,39.0
20201111,18,O3,黄冈,104.0
20201111,18,O3_24h,黄冈,137.0
20201111,18,O3_8h,黄冈,119.0
20201111,18,O3_8h_24h,黄冈,119.0
20201111,18,CO,黄冈,0.95
20201111,18,CO_24h,黄冈,0.9
20201111,19,AQI,黄冈,67.0
20201111,19,PM2.5,黄冈,35.0
20201111,19,PM2.5_24h,黄冈,38.0
20201111,19,PM10,黄冈,83.0
20201111,19,PM10_24h,黄冈,84.0
20201111,19,SO2,黄冈,17.0
20201111,19,SO2_24h,黄冈,20.0
20201111,19,NO2,黄冈,79.0
20201111,19,NO2_24h,黄冈,40.0
20201111,19,O3,黄冈,67.0
20201111,19,O3_24h,黄冈,137.0
20201111,19,O3_8h,黄冈,116.0
20201111,19,O3_8h_24h,黄冈,119.0
20201111,19,CO,黄冈,1.15
20201111,19,CO_24h,黄冈,0.9
20201111,20,AQI,黄冈,78.0
20201111,20,PM2.5,黄冈,40.0
20201111,20,PM2.5_24h,黄冈,39.0
20201111,20,PM10,黄冈,105.0
20201111,20,PM10_24h,黄冈,84.0
20201111,20,SO2,黄冈,17.0
20201111,20,SO2_24h,黄冈,20.0
20201111,20,NO2,黄冈,110.0
20201111,20,NO2_24h,黄冈,42.0
20201111,20,O3,黄冈,39.0
20201111,20,O3_24h,黄冈,137.0
20201111,20,O3_8h,黄冈,107.0
20201111,20,O3_8h_24h,黄冈,119.0
20201111,20,CO,黄冈,1.2
20201111,20,CO_24h,黄冈,0.95
20201111,21,AQI,黄冈,87.0
20201111,21,PM2.5,黄冈,47.0
20201111,21,PM2.5_24h,黄冈,39.0
20201111,21,PM10,黄冈,123.0
20201111,21,PM10_24h,黄冈,86.0
20201111,21,SO2,黄冈,18.0
20201111,21,SO2_24h,黄冈,20.0
20201111,21,NO2,黄冈,86.0
20201111,21,NO2_24h,黄冈,42.0
20201111,21,O3,黄冈,55.0
20201111,21,O3_24h,黄冈,137.0
20201111,21,O3_8h,黄冈,97.0
20201111,21,O3_8h_24h,黄冈,119.0
20201111,21,CO,黄冈,1.15
20201111,21,CO_24h,黄冈,0.95
20201111,22,AQI,黄冈,89.0
20201111,22,PM2.5,黄冈,50.0
20201111,22,PM2.5_24h,黄冈,39.0
20201111,22,PM10,黄冈,127.0
20201111,22,PM10_24h,黄冈,86.0
20201111,22,SO2,黄冈,18.0
20201111,22,SO2_24h,黄冈,20.0
20201111,22,NO2,黄冈,62.0
20201111,22,NO2_24h,黄冈,41.0
20201111,22,O3,黄冈,70.0
20201111,22,O3_24h,黄冈,137.0
20201111,22,O3_8h,黄冈,88.0
20201111,22,O3_8h_24h,黄冈,119.0
20201111,22,CO,黄冈,0.95
20201111,22,CO_24h,黄冈,0.95
20201111,23,AQI,黄冈,85.0
20201111,23,PM2.5,黄冈,54.0
20201111,23,PM2.5_24h,黄冈,39.0
20201111,23,PM10,黄冈,119.0
20201111,23,PM10_24h,黄冈,86.0
20201111,23,SO2,黄冈,16.0
20201111,23,SO2_24h,黄冈,20.0
20201111,23,NO2,黄冈,38.0
20201111,23,NO2_24h,黄冈,40.0
20201111,23,O3,黄冈,89.0
20201111,23,O3_24h,黄冈,137.0
20201111,23,O3_8h,黄冈,83.0
20201111,23,O3_8h_24h,黄冈,119.0
20201111,23,CO,黄冈,0.9
20201111,23,CO_24h,黄冈,0.95
20201111,0,AQI,咸宁,51.0
20201111,0,PM2.5,咸宁,21.0
20201111,0,PM2.5_24h,咸宁,33.0
20201111,0,PM10,咸宁,52.0
20201111,0,PM10_24h,咸宁,90.0
20201111,0,SO2,咸宁,12.0
20201111,0,SO2_24h,咸宁,16.0
20201111,0,NO2,咸宁,20.0
20201111,0,NO2_24h,咸宁,32.0
20201111,0,O3,咸宁,87.0
20201111,0,O3_24h,咸宁,143.0
20201111,0,O3_8h,咸宁,93.0
20201111,0,O3_8h_24h,咸宁,128.0
20201111,0,CO,咸宁,0.37
20201111,0,CO_24h,咸宁,0.5
20201111,1,AQI,咸宁,56.0
20201111,1,PM2.5,咸宁,20.0
20201111,1,PM2.5_24h,咸宁,31.0
20201111,1,PM10,咸宁,62.0
20201111,1,PM10_24h,咸宁,89.0
20201111,1,SO2,咸宁,13.0
20201111,1,SO2_24h,咸宁,16.0
20201111,1,NO2,咸宁,25.0
20201111,1,NO2_24h,咸宁,31.0
20201111,1,O3,咸宁,74.0
20201111,1,O3_24h,咸宁,143.0
20201111,1,O3_8h,咸宁,74.0
20201111,1,O3_8h_24h,咸宁,74.0
20201111,1,CO,咸宁,0.43
20201111,1,CO_24h,咸宁,0.5
20201111,2,AQI,咸宁,54.0
20201111,2,PM2.5,咸宁,19.0
20201111,2,PM2.5_24h,咸宁,31.0
20201111,2,PM10,咸宁,58.0
20201111,2,PM10_24h,咸宁,87.0
20201111,2,SO2,咸宁,13.0
20201111,2,SO2_24h,咸宁,15.0
20201111,2,NO2,咸宁,16.0
20201111,2,NO2_24h,咸宁,30.0
20201111,2,O3,咸宁,95.0
20201111,2,O3_24h,咸宁,143.0
20201111,2,O3_8h,咸宁,84.0
20201111,2,O3_8h_24h,咸宁,84.0
20201111,2,CO,咸宁,0.37
20201111,2,CO_24h,咸宁,0.5
20201111,3,AQI,咸宁,55.0
20201111,3,PM2.5,咸宁,18.0
20201111,3,PM2.5_24h,咸宁,30.0
20201111,3,PM10,咸宁,59.0
20201111,3,PM10_24h,咸宁,85.0
20201111,3,SO2,咸宁,14.0
20201111,3,SO2_24h,咸宁,15.0
20201111,3,NO2,咸宁,13.0
20201111,3,NO2_24h,咸宁,28.0
20201111,3,O3,咸宁,100.0
20201111,3,O3_24h,咸宁,143.0
20201111,3,O3_8h,咸宁,90.0
20201111,3,O3_8h_24h,咸宁,90.0
20201111,3,CO,咸宁,0.43
20201111,3,CO_24h,咸宁,0.5
20201111,4,AQI,咸宁,57.0
20201111,4,PM2.5,咸宁,19.0
20201111,4,PM2.5_24h,咸宁,29.0
20201111,4,PM10,咸宁,63.0
20201111,4,PM10_24h,咸宁,83.0
20201111,4,SO2,咸宁,15.0
20201111,4,SO2_24h,咸宁,15.0
20201111,4,NO2,咸宁,14.0
20201111,4,NO2_24h,咸宁,27.0
20201111,4,O3,咸宁,96.0
20201111,4,O3_24h,咸宁,143.0
20201111,4,O3_8h,咸宁,91.0
20201111,4,O3_8h_24h,咸宁,91.0
20201111,4,CO,咸宁,0.47
20201111,4,CO_24h,咸宁,0.5
20201111,5,AQI,咸宁,56.0
20201111,5,PM2.5,咸宁,25.0
20201111,5,PM2.5_24h,咸宁,28.0
20201111,5,PM10,咸宁,61.0
20201111,5,PM10_24h,咸宁,82.0
20201111,5,SO2,咸宁,14.0
20201111,5,SO2_24h,咸宁,15.0
20201111,5,NO2,咸宁,14.0
20201111,5,NO2_24h,咸宁,25.0
20201111,5,O3,咸宁,90.0
20201111,5,O3_24h,咸宁,143.0
20201111,5,O3_8h,咸宁,91.0
20201111,5,O3_8h_24h,咸宁,92.0
20201111,5,CO,咸宁,0.47
20201111,5,CO_24h,咸宁,0.5
20201111,6,AQI,咸宁,58.0
20201111,6,PM2.5,咸宁,25.0
20201111,6,PM2.5_24h,咸宁,28.0
20201111,6,PM10,咸宁,66.0
20201111,6,PM10_24h,咸宁,80.0
20201111,6,SO2,咸宁,14.0
20201111,6,SO2_24h,咸宁,15.0
20201111,6,NO2,咸宁,15.0
20201111,6,NO2_24h,咸宁,25.0
20201111,6,O3,咸宁,84.0
20201111,6,O3_24h,咸宁,143.0
20201111,6,O3_8h,咸宁,89.0
20201111,6,O3_8h_24h,咸宁,92.0
20201111,6,CO,咸宁,0.5
20201111,6,CO_24h,咸宁,0.5
20201111,7,AQI,咸宁,61.0
20201111,7,PM2.5,咸宁,29.0
20201111,7,PM2.5_24h,咸宁,30.0
20201111,7,PM10,咸宁,72.0
20201111,7,PM10_24h,咸宁,77.0
20201111,7,SO2,咸宁,14.0
20201111,7,SO2_24h,咸宁,14.0
20201111,7,NO2,咸宁,24.0
20201111,7,NO2_24h,咸宁,20.0
20201111,7,O3,咸宁,88.0
20201111,7,O3_24h,咸宁,157.0
20201111,7,O3_8h,咸宁,98.0
20201111,7,O3_8h_24h,咸宁,102.0
20201111,7,CO,咸宁,0.5
20201111,7,CO_24h,咸宁,0.5
20201111,8,AQI,咸宁,67.0
20201111,8,PM2.5,咸宁,29.0
20201111,8,PM2.5_24h,咸宁,27.0
20201111,8,PM10,咸宁,83.0
20201111,8,PM10_24h,咸宁,77.0
20201111,8,SO2,咸宁,15.0
20201111,8,SO2_24h,咸宁,15.0
20201111,8,NO2,咸宁,30.0
20201111,8,NO2_24h,咸宁,24.0
20201111,8,O3,咸宁,68.0
20201111,8,O3_24h,咸宁,143.0
20201111,8,O3_8h,咸宁,86.0
20201111,8,O3_8h_24h,咸宁,92.0
20201111,8,CO,咸宁,0.6
20201111,8,CO_24h,咸宁,0.5
20201111,10,AQI,咸宁,70.0
20201111,10,PM2.5,咸宁,30.0
20201111,10,PM2.5_24h,咸宁,26.0
20201111,10,PM10,咸宁,90.0
20201111,10,PM10_24h,咸宁,75.0
20201111,10,SO2,咸宁,15.0
20201111,10,SO2_24h,咸宁,15.0
20201111,10,NO2,咸宁,18.0
20201111,10,NO2_24h,咸宁,22.0
20201111,10,O3,咸宁,98.0
20201111,10,O3_24h,咸宁,143.0
20201111,10,O3_8h,咸宁,86.0
20201111,10,O3_8h_24h,咸宁,92.0
20201111,10,CO,咸宁,0.5
20201111,10,CO_24h,咸宁,0.5
20201111,11,AQI,咸宁,67.0
20201111,11,PM2.5,咸宁,30.0
20201111,11,PM2.5_24h,咸宁,25.0
20201111,11,PM10,咸宁,83.0
20201111,11,PM10_24h,咸宁,74.0
20201111,11,SO2,咸宁,15.0
20201111,11,SO2_24h,咸宁,14.0
20201111,11,NO2,咸宁,16.0
20201111,11,NO2_24h,咸宁,23.0
20201111,11,O3,咸宁,107.0
20201111,11,O3_24h,咸宁,143.0
20201111,11,O3_8h,咸宁,87.0
20201111,11,O3_8h_24h,咸宁,93.0
20201111,11,CO,咸宁,0.5
20201111,11,CO_24h,咸宁,0.5
20201111,12,AQI,咸宁,61.0
20201111,12,PM2.5,咸宁,26.0
20201111,12,PM2.5_24h,咸宁,25.0
20201111,12,PM10,咸宁,71.0
20201111,12,PM10_24h,咸宁,73.0
20201111,12,SO2,咸宁,15.0
20201111,12,SO2_24h,咸宁,14.0
20201111,12,NO2,咸宁,14.0
20201111,12,NO2_24h,咸宁,23.0
20201111,12,O3,咸宁,118.0
20201111,12,O3_24h,咸宁,143.0
20201111,12,O3_8h,咸宁,89.0
20201111,12,O3_8h_24h,咸宁,94.0
20201111,12,CO,咸宁,0.5
20201111,12,CO_24h,咸宁,0.5
20201111,13,AQI,咸宁,54.0
20201111,13,PM2.5,咸宁,26.0
20201111,13,PM2.5_24h,咸宁,25.0
20201111,13,PM10,咸宁,58.0
20201111,13,PM10_24h,咸宁,71.0
20201111,13,SO2,咸宁,13.0
20201111,13,SO2_24h,咸宁,14.0
20201111,13,NO2,咸宁,10.0
20201111,13,NO2_24h,咸宁,23.0
20201111,13,O3,咸宁,132.0
20201111,13,O3_24h,咸宁,143.0
20201111,13,O3_8h,咸宁,95.0
20201111,13,O3_8h_24h,咸宁,97.0
20201111,13,CO,咸宁,0.4
20201111,13,CO_24h,咸宁,0.5
20201111,14,AQI,咸宁,44.0
20201111,14,PM2.5,咸宁,24.0
20201111,14,PM2.5_24h,咸宁,25.0
20201111,14,PM10,咸宁,38.0
20201111,14,PM10_24h,咸宁,70.0
20201111,14,SO2,咸宁,13.0
20201111,14,SO2_24h,咸宁,14.0
20201111,14,NO2,咸宁,8.0
20201111,14,NO2_24h,咸宁,22.0
20201111,14,O3,咸宁,141.0
20201111,14,O3_24h,咸宁,143.0
20201111,14,O3_8h,咸宁,102.0
20201111,14,O3_8h_24h,咸宁,102.0
20201111,14,CO,咸宁,0.4
20201111,14,CO_24h,咸宁,0.47
20201111,15,AQI,咸宁,47.0
20201111,15,PM2.5,咸宁,23.0
20201111,15,PM2.5_24h,咸宁,24.0
20201111,15,PM10,咸宁,47.0
20201111,15,PM10_24h,咸宁,69.0
20201111,15,SO2,咸宁,12.0
20201111,15,SO2_24h,咸宁,14.0
20201111,15,NO2,咸宁,8.0
20201111,15,NO2_24h,咸宁,22.0
20201111,15,O3,咸宁,145.0
20201111,15,O3_24h,咸宁,145.0
20201111,15,O3_8h,咸宁,111.0
20201111,15,O3_8h_24h,咸宁,111.0
20201111,15,CO,咸宁,0.4
20201111,15,CO_24h,咸宁,0.47
20201111,16,AQI,咸宁,48.0
20201111,16,PM2.5,咸宁,22.0
20201111,16,PM2.5_24h,咸宁,24.0
20201111,16,PM10,咸宁,48.0
20201111,16,PM10_24h,咸宁,68.0
20201111,16,SO2,咸宁,13.0
20201111,16,SO2_24h,咸宁,14.0
20201111,16,NO2,咸宁,11.0
20201111,16,NO2_24h,咸宁,22.0
20201111,16,O3,咸宁,142.0
20201111,16,O3_24h,咸宁,145.0
20201111,16,O3_8h,咸宁,120.0
20201111,16,O3_8h_24h,咸宁,120.0
20201111,16,CO,咸宁,0.4
20201111,16,CO_24h,咸宁,0.47
20201111,17,AQI,咸宁,41.0
20201111,17,PM2.5,咸宁,24.0
20201111,17,PM2.5_24h,咸宁,24.0
20201111,17,PM10,咸宁,38.0
20201111,17,PM10_24h,咸宁,68.0
20201111,17,SO2,咸宁,13.0
20201111,17,SO2_24h,咸宁,14.0
20201111,17,NO2,咸宁,14.0
20201111,17,NO2_24h,咸宁,21.0
20201111,17,O3,咸宁,131.0
20201111,17,O3_24h,咸宁,145.0
20201111,17,O3_8h,咸宁,127.0
20201111,17,O3_8h_24h,咸宁,127.0
20201111,17,CO,咸宁,0.4
20201111,17,CO_24h,咸宁,0.47
20201111,18,AQI,咸宁,66.0
20201111,18,PM2.5,咸宁,24.0
20201111,18,PM2.5_24h,咸宁,24.0
20201111,18,PM10,咸宁,81.0
20201111,18,PM10_24h,咸宁,67.0
20201111,18,SO2,咸宁,13.0
20201111,18,SO2_24h,咸宁,14.0
20201111,18,NO2,咸宁,26.0
20201111,18,NO2_24h,咸宁,21.0
20201111,18,O3,咸宁,117.0
20201111,18,O3_24h,咸宁,145.0
20201111,18,O3_8h,咸宁,129.0
20201111,18,O3_8h_24h,咸宁,129.0
20201111,18,CO,咸宁,0.5
20201111,18,CO_24h,咸宁,0.47
20201111,19,AQI,咸宁,71.0
20201111,19,PM2.5,咸宁,24.0
20201111,19,PM2.5_24h,咸宁,24.0
20201111,19,PM10,咸宁,92.0
20201111,19,PM10_24h,咸宁,67.0
20201111,19,SO2,咸宁,14.0
20201111,19,SO2_24h,咸宁,14.0
20201111,19,NO2,咸宁,32.0
20201111,19,NO2_24h,咸宁,20.0
20201111,19,O3,咸宁,117.0
20201111,19,O3_24h,咸宁,145.0
20201111,19,O3_8h,咸宁,130.0
20201111,19,O3_8h_24h,咸宁,131.0
20201111,19,CO,咸宁,0.6
20201111,19,CO_24h,咸宁,0.47
20201111,20,AQI,咸宁,57.0
20201111,20,PM2.5,咸宁,25.0
20201111,20,PM2.5_24h,咸宁,24.0
20201111,20,PM10,咸宁,64.0
20201111,20,PM10_24h,咸宁,66.0
20201111,20,SO2,咸宁,13.0
20201111,20,SO2_24h,咸宁,13.0
20201111,20,NO2,咸宁,21.0
20201111,20,NO2_24h,咸宁,19.0
20201111,20,O3,咸宁,122.0
20201111,20,O3_24h,咸宁,145.0
20201111,20,O3_8h,咸宁,131.0
20201111,20,O3_8h_24h,咸宁,132.0
20201111,20,CO,咸宁,0.53
20201111,20,CO_24h,咸宁,0.5
20201111,21,AQI,咸宁,57.0
20201111,21,PM2.5,咸宁,25.0
20201111,21,PM2.5_24h,咸宁,24.0
20201111,21,PM10,咸宁,63.0
20201111,21,PM10_24h,咸宁,65.0
20201111,21,SO2,咸宁,13.0
20201111,21,SO2_24h,咸宁,13.0
20201111,21,NO2,咸宁,28.0
20201111,21,NO2_24h,咸宁,18.0
20201111,21,O3,咸宁,98.0
20201111,21,O3_24h,咸宁,145.0
20201111,21,O3_8h,咸宁,127.0
20201111,21,O3_8h_24h,咸宁,132.0
20201111,21,CO,咸宁,0.57
20201111,21,CO_24h,咸宁,0.5
20201111,22,AQI,咸宁,56.0
20201111,22,PM2.5,咸宁,26.0
20201111,22,PM2.5_24h,咸宁,24.0
20201111,22,PM10,咸宁,61.0
20201111,22,PM10_24h,咸宁,65.0
20201111,22,SO2,咸宁,13.0
20201111,22,SO2_24h,咸宁,13.0
20201111,22,NO2,咸宁,33.0
20201111,22,NO2_24h,咸宁,19.0
20201111,22,O3,咸宁,82.0
20201111,22,O3_24h,咸宁,145.0
20201111,22,O3_8h,咸宁,119.0
20201111,22,O3_8h_24h,咸宁,132.0
20201111,22,CO,咸宁,0.57
20201111,22,CO_24h,咸宁,0.5
20201111,23,AQI,咸宁,52.0
20201111,23,PM2.5,咸宁,26.0
20201111,23,PM2.5_24h,咸宁,24.0
20201111,23,PM10,咸宁,53.0
20201111,23,PM10_24h,咸宁,65.0
20201111,23,SO2,咸宁,13.0
20201111,23,SO2_24h,咸宁,13.0
20201111,23,NO2,咸宁,35.0
20201111,23,NO2_24h,咸宁,19.0
20201111,23,O3,咸宁,74.0
20201111,23,O3_24h,咸宁,145.0
20201111,23,O3_8h,咸宁,110.0
20201111,23,O3_8h_24h,咸宁,132.0
20201111,23,CO,咸宁,0.53
20201111,23,CO_24h,咸宁,0.5
20201111,0,AQI,随州,86.0
20201111,0,PM2.5,随州,62.0
20201111,0,PM2.5_24h,随州,48.0
20201111,0,PM10,随州,122.0
20201111,0,PM10_24h,随州,102.0
20201111,0,SO2,随州,11.0
20201111,0,SO2_24h,随州,11.0
20201111,0,NO2,随州,55.0
20201111,0,NO2_24h,随州,41.0
20201111,0,O3,随州,46.0
20201111,0,O3_24h,随州,173.0
20201111,0,O3_8h,随州,91.0
20201111,0,O3_8h_24h,随州,153.0
20201111,0,CO,随州,1.0
20201111,0,CO_24h,随州,0.83
20201111,1,AQI,随州,88.0
20201111,1,PM2.5,随州,61.0
20201111,1,PM2.5_24h,随州,49.0
20201111,1,PM10,随州,125.0
20201111,1,PM10_24h,随州,103.0
20201111,1,SO2,随州,15.0
20201111,1,SO2_24h,随州,12.0
20201111,1,NO2,随州,51.0
20201111,1,NO2_24h,随州,41.0
20201111,1,O3,随州,43.0
20201111,1,O3_24h,随州,173.0
20201111,1,O3_8h,随州,43.0
20201111,1,O3_8h_24h,随州,43.0
20201111,1,CO,随州,0.9
20201111,1,CO_24h,随州,0.83
20201111,2,AQI,随州,85.0
20201111,2,PM2.5,随州,62.0
20201111,2,PM2.5_24h,随州,49.0
20201111,2,PM10,随州,120.0
20201111,2,PM10_24h,随州,104.0
20201111,2,SO2,随州,7.0
20201111,2,SO2_24h,随州,12.0
20201111,2,NO2,随州,51.0
20201111,2,NO2_24h,随州,41.0
20201111,2,O3,随州,28.0
20201111,2,O3_24h,随州,173.0
20201111,2,O3_8h,随州,36.0
20201111,2,O3_8h_24h,随州,43.0
20201111,2,CO,随州,0.93
20201111,2,CO_24h,随州,0.83
20201111,3,AQI,随州,84.0
20201111,3,PM2.5,随州,58.0
20201111,3,PM2.5_24h,随州,50.0
20201111,3,PM10,随州,118.0
20201111,3,PM10_24h,随州,105.0
20201111,3,SO2,随州,7.0
20201111,3,SO2_24h,随州,12.0
20201111,3,NO2,随州,53.0
20201111,3,NO2_24h,随州,41.0
20201111,3,O3,随州,20.0
20201111,3,O3_24h,随州,173.0
20201111,3,O3_8h,随州,30.0
20201111,3,O3_8h_24h,随州,43.0
20201111,3,CO,随州,0.87
20201111,3,CO_24h,随州,0.83
20201111,4,AQI,随州,80.0
20201111,4,PM2.5,随州,57.0
20201111,4,PM2.5_24h,随州,51.0
20201111,4,PM10,随州,109.0
20201111,4,PM10_24h,随州,106.0
20201111,4,SO2,随州,7.0
20201111,4,SO2_24h,随州,12.0
20201111,4,NO2,随州,48.0
20201111,4,NO2_24h,随州,41.0
20201111,4,O3,随州,17.0
20201111,4,O3_24h,随州,173.0
20201111,4,O3_8h,随州,27.0
20201111,4,O3_8h_24h,随州,43.0
20201111,4,CO,随州,0.93
20201111,4,CO_24h,随州,0.87
20201111,5,AQI,随州,80.0
20201111,5,PM2.5,随州,53.0
20201111,5,PM2.5_24h,随州,51.0
20201111,5,PM10,随州,110.0
20201111,5,PM10_24h,随州,107.0
20201111,5,SO2,随州,6.0
20201111,5,SO2_24h,随州,12.0
20201111,5,NO2,随州,47.0
20201111,5,NO2_24h,随州,41.0
20201111,5,O3,随州,10.0
20201111,5,O3_24h,随州,173.0
20201111,5,O3_8h,随州,24.0
20201111,5,O3_8h_24h,随州,43.0
20201111,5,CO,随州,0.9
20201111,5,CO_24h,随州,0.87
20201111,6,AQI,随州,80.0
20201111,6,PM2.5,随州,56.0
20201111,6,PM2.5_24h,随州,52.0
20201111,6,PM10,随州,110.0
20201111,6,PM10_24h,随州,108.0
20201111,6,SO2,随州,8.0
20201111,6,SO2_24h,随州,12.0
20201111,6,NO2,随州,50.0
20201111,6,NO2_24h,随州,42.0
20201111,6,O3,随州,3.0
20201111,6,O3_24h,随州,173.0
20201111,6,O3_8h,随州,20.0
20201111,6,O3_8h_24h,随州,43.0
20201111,6,CO,随州,0.9
20201111,6,CO_24h,随州,0.87
20201111,7,AQI,随州,70.0
20201111,7,PM2.5,随州,48.0
20201111,7,PM2.5_24h,随州,54.0
20201111,7,PM10,随州,90.0
20201111,7,PM10_24h,随州,97.0
20201111,7,SO2,随州,5.0
20201111,7,SO2_24h,随州,12.0
20201111,7,NO2,随州,39.0
20201111,7,NO2_24h,随州,37.0
20201111,7,O3,随州,20.0
20201111,7,O3_24h,随州,175.0
20201111,7,O3_8h,随州,37.0
20201111,7,O3_8h_24h,随州,60.0
20201111,7,CO,随州,0.7
20201111,7,CO_24h,随州,0.8
20201111,8,AQI,随州,76.0
20201111,8,PM2.5,随州,51.0
20201111,8,PM2.5_24h,随州,52.0
20201111,8,PM10,随州,101.0
20201111,8,PM10_24h,随州,111.0
20201111,8,SO2,随州,13.0
20201111,8,SO2_24h,随州,12.0
20201111,8,NO2,随州,39.0
20201111,8,NO2_24h,随州,42.0
20201111,8,O3,随州,11.0
20201111,8,O3_24h,随州,173.0
20201111,8,O3_8h,随州,18.0
20201111,8,O3_8h_24h,随州,43.0
20201111,8,CO,随州,1.07
20201111,8,CO_24h,随州,0.87
20201111,10,AQI,随州,82.0
20201111,10,PM2.5,随州,57.0
20201111,10,PM2.5_24h,随州,53.0
20201111,10,PM10,随州,114.0
20201111,10,PM10_24h,随州,110.0
20201111,10,SO2,随州,15.0
20201111,10,SO2_24h,随州,13.0
20201111,10,NO2,随州,37.0
20201111,10,NO2_24h,随州,43.0
20201111,10,O3,随州,44.0
20201111,10,O3_24h,随州,173.0
20201111,10,O3_8h,随州,17.0
20201111,10,O3_8h_24h,随州,43.0
20201111,10,CO,随州,0.95
20201111,10,CO_24h,随州,0.87
20201111,11,AQI,随州,82.0
20201111,11,PM2.5,随州,54.0
20201111,11,PM2.5_24h,随州,53.0
20201111,11,PM10,随州,114.0
20201111,11,PM10_24h,随州,110.0
20201111,11,SO2,随州,20.0
20201111,11,SO2_24h,随州,13.0
20201111,11,NO2,随州,40.0
20201111,11,NO2_24h,随州,42.0
20201111,11,O3,随州,75.0
20201111,11,O3_24h,随州,173.0
20201111,11,O3_8h,随州,23.0
20201111,11,O3_8h_24h,随州,46.0
20201111,11,CO,随州,1.07
20201111,11,CO_24h,随州,0.87
20201111,12,AQI,随州,78.0
20201111,12,PM2.5,随州,55.0
20201111,12,PM2.5_24h,随州,53.0
20201111,12,PM10,随州,106.0
20201111,12,PM10_24h,随州,109.0
20201111,12,SO2,随州,24.0
20201111,12,SO2_24h,随州,13.0
20201111,12,NO2,随州,27.0
20201111,12,NO2_24h,随州,42.0
20201111,12,O3,随州,107.0
20201111,12,O3_24h,随州,173.0
20201111,12,O3_8h,随州,34.0
20201111,12,O3_8h_24h,随州,50.0
20201111,12,CO,随州,0.97
20201111,12,CO_24h,随州,0.87
20201111,13,AQI,随州,69.0
20201111,13,PM2.5,随州,49.0
20201111,13,PM2.5_24h,随州,53.0
20201111,13,PM10,随州,87.0
20201111,13,PM10_24h,随州,107.0
20201111,13,SO2,随州,16.0
20201111,13,SO2_24h,随州,13.0
20201111,13,NO2,随州,17.0
20201111,13,NO2_24h,随州,41.0
20201111,13,O3,随州,135.0
20201111,13,O3_24h,随州,173.0
20201111,13,O3_8h,随州,50.0
20201111,13,O3_8h_24h,随州,55.0
20201111,13,CO,随州,0.8
20201111,13,CO_24h,随州,0.87
20201111,14,AQI,随州,61.0
20201111,14,PM2.5,随州,37.0
20201111,14,PM2.5_24h,随州,52.0
20201111,14,PM10,随州,71.0
20201111,14,PM10_24h,随州,106.0
20201111,14,SO2,随州,12.0
20201111,14,SO2_24h,随州,13.0
20201111,14,NO2,随州,13.0
20201111,14,NO2_24h,随州,41.0
20201111,14,O3,随州,148.0
20201111,14,O3_24h,随州,170.0
20201111,14,O3_8h,随州,69.0
20201111,14,O3_8h_24h,随州,69.0
20201111,14,CO,随州,0.63
20201111,14,CO_24h,随州,0.87
20201111,15,AQI,随州,54.0
20201111,15,PM2.5,随州,30.0
20201111,15,PM2.5_24h,随州,52.0
20201111,15,PM10,随州,58.0
20201111,15,PM10_24h,随州,104.0
20201111,15,SO2,随州,12.0
20201111,15,SO2_24h,随州,13.0
20201111,15,NO2,随州,14.0
20201111,15,NO2_24h,随州,41.0
20201111,15,O3,随州,151.0
20201111,15,O3_24h,随州,165.0
20201111,15,O3_8h,随州,86.0
20201111,15,O3_8h_24h,随州,86.0
20201111,15,CO,随州,0.67
20201111,15,CO_24h,随州,0.87
20201111,16,AQI,随州,53.0
20201111,16,PM2.5,随州,26.0
20201111,16,PM2.5_24h,随州,51.0
20201111,16,PM10,随州,55.0
20201111,16,PM10_24h,随州,103.0
20201111,16,SO2,随州,10.0
20201111,16,SO2_24h,随州,12.0
20201111,16,NO2,随州,15.0
20201111,16,NO2_24h,随州,41.0
20201111,16,O3,随州,151.0
20201111,16,O3_24h,随州,161.0
20201111,16,O3_8h,随州,104.0
20201111,16,O3_8h_24h,随州,104.0
20201111,16,CO,随州,0.6
20201111,16,CO_24h,随州,0.9
20201111,17,AQI,随州,54.0
20201111,17,PM2.5,随州,28.0
20201111,17,PM2.5_24h,随州,51.0
20201111,17,PM10,随州,58.0
20201111,17,PM10_24h,随州,102.0
20201111,17,SO2,随州,8.0
20201111,17,SO2_24h,随州,12.0
20201111,17,NO2,随州,17.0
20201111,17,NO2_24h,随州,41.0
20201111,17,O3,随州,145.0
20201111,17,O3_24h,随州,152.0
20201111,17,O3_8h,随州,120.0
20201111,17,O3_8h_24h,随州,120.0
20201111,17,CO,随州,0.6
20201111,17,CO_24h,随州,0.9
20201111,18,AQI,随州,56.0
20201111,18,PM2.5,随州,30.0
20201111,18,PM2.5_24h,随州,50.0
20201111,18,PM10,随州,62.0
20201111,18,PM10_24h,随州,101.0
20201111,18,SO2,随州,8.0
20201111,18,SO2_24h,随州,12.0
20201111,18,NO2,随州,25.0
20201111,18,NO2_24h,随州,41.0
20201111,18,O3,随州,131.0
20201111,18,O3_24h,随州,152.0
20201111,18,O3_8h,随州,131.0
20201111,18,O3_8h_24h,随州,131.0
20201111,18,CO,随州,0.67
20201111,18,CO_24h,随州,0.9
20201111,19,AQI,随州,58.0
20201111,19,PM2.5,随州,30.0
20201111,19,PM2.5_24h,随州,50.0
20201111,19,PM10,随州,65.0
20201111,19,PM10_24h,随州,100.0
20201111,19,SO2,随州,8.0
20201111,19,SO2_24h,随州,12.0
20201111,19,NO2,随州,32.0
20201111,19,NO2_24h,随州,41.0
20201111,19,O3,随州,119.0
20201111,19,O3_24h,随州,152.0
20201111,19,O3_8h,随州,136.0
20201111,19,O3_8h_24h,随州,136.0
20201111,19,CO,随州,0.73
20201111,19,CO_24h,随州,0.87
20201111,20,AQI,随州,60.0
20201111,20,PM2.5,随州,37.0
20201111,20,PM2.5_24h,随州,50.0
20201111,20,PM10,随州,70.0
20201111,20,PM10_24h,随州,98.0
20201111,20,SO2,随州,10.0
20201111,20,SO2_24h,随州,12.0
20201111,20,NO2,随州,43.0
20201111,20,NO2_24h,随州,41.0
20201111,20,O3,随州,95.0
20201111,20,O3_24h,随州,152.0
20201111,20,O3_8h,随州,134.0
20201111,20,O3_8h_24h,随州,137.0
20201111,20,CO,随州,0.77
20201111,20,CO_24h,随州,0.87
20201111,21,AQI,随州,63.0
20201111,21,PM2.5,随州,43.0
20201111,21,PM2.5_24h,随州,49.0
20201111,21,PM10,随州,76.0
20201111,21,PM10_24h,随州,97.0
20201111,21,SO2,随州,11.0
20201111,21,SO2_24h,随州,12.0
20201111,21,NO2,随州,59.0
20201111,21,NO2_24h,随州,40.0
20201111,21,O3,随州,65.0
20201111,21,O3_24h,随州,152.0
20201111,21,O3_8h,随州,125.0
20201111,21,O3_8h_24h,随州,137.0
20201111,21,CO,随州,0.87
20201111,21,CO_24h,随州,0.87
20201111,22,AQI,随州,76.0
20201111,22,PM2.5,随州,55.0
20201111,22,PM2.5_24h,随州,49.0
20201111,22,PM10,随州,101.0
20201111,22,PM10_24h,随州,95.0
20201111,22,SO2,随州,9.0
20201111,22,SO2_24h,随州,12.0
20201111,22,NO2,随州,73.0
20201111,22,NO2_24h,随州,40.0
20201111,22,O3,随州,39.0
20201111,22,O3_24h,随州,152.0
20201111,22,O3_8h,随州,112.0
20201111,22,O3_8h_24h,随州,137.0
20201111,22,CO,随州,1.0
20201111,22,CO_24h,随州,0.87
20201111,23,AQI,随州,85.0
20201111,23,PM2.5,随州,52.0
20201111,23,PM2.5_24h,随州,48.0
20201111,23,PM10,随州,120.0
20201111,23,PM10_24h,随州,95.0
20201111,23,SO2,随州,8.0
20201111,23,SO2_24h,随州,11.0
20201111,23,NO2,随州,60.0
20201111,23,NO2_24h,随州,40.0
20201111,23,O3,随州,38.0
20201111,23,O3_24h,随州,152.0
20201111,23,O3_8h,随州,98.0
20201111,23,O3_8h_24h,随州,137.0
20201111,23,CO,随州,0.97
20201111,23,CO_24h,随州,0.87
20201111,0,AQI,恩施州,96.0
20201111,0,PM2.5,恩施州,68.0
20201111,0,PM2.5_24h,恩施州,44.0
20201111,0,PM10,恩施州,141.0
20201111,0,PM10_24h,恩施州,85.0
20201111,0,SO2,恩施州,9.0
20201111,0,SO2_24h,恩施州,10.0
20201111,0,NO2,恩施州,29.0
20201111,0,NO2_24h,恩施州,35.0
20201111,0,O3,恩施州,6.0
20201111,0,O3_24h,恩施州,105.0
20201111,0,O3_8h,恩施州,26.0
20201111,0,O3_8h_24h,恩施州,71.0
20201111,0,CO,恩施州,0.75
20201111,0,CO_24h,恩施州,0.5
20201111,1,AQI,恩施州,88.0
20201111,1,PM2.5,恩施州,65.0
20201111,1,PM2.5_24h,恩施州,44.0
20201111,1,PM10,恩施州,124.0
20201111,1,PM10_24h,恩施州,85.0
20201111,1,SO2,恩施州,9.0
20201111,1,SO2_24h,恩施州,10.0
20201111,1,NO2,恩施州,35.0
20201111,1,NO2_24h,恩施州,35.0
20201111,1,O3,恩施州,3.0
20201111,1,O3_24h,恩施州,105.0
20201111,1,O3_8h,恩施州,3.0
20201111,1,O3_8h_24h,恩施州,3.0
20201111,1,CO,恩施州,0.65
20201111,1,CO_24h,恩施州,0.5
20201111,2,AQI,恩施州,86.0
20201111,2,PM2.5,恩施州,64.0
20201111,2,PM2.5_24h,恩施州,45.0
20201111,2,PM10,恩施州,100.0
20201111,2,PM10_24h,恩施州,85.0
20201111,2,SO2,恩施州,9.0
20201111,2,SO2_24h,恩施州,10.0
20201111,2,NO2,恩施州,32.0
20201111,2,NO2_24h,恩施州,36.0
20201111,2,O3,恩施州,3.0
20201111,2,O3_24h,恩施州,105.0
20201111,2,O3_8h,恩施州,3.0
20201111,2,O3_8h_24h,恩施州,3.0
20201111,2,CO,恩施州,0.5
20201111,2,CO_24h,恩施州,0.5
20201111,3,AQI,恩施州,76.0
20201111,3,PM2.5,恩施州,56.0
20201111,3,PM2.5_24h,恩施州,45.0
20201111,3,PM10,恩施州,83.0
20201111,3,PM10_24h,恩施州,85.0
20201111,3,SO2,恩施州,9.0
20201111,3,SO2_24h,恩施州,10.0
20201111,3,NO2,恩施州,28.0
20201111,3,NO2_24h,恩施州,36.0
20201111,3,O3,恩施州,6.0
20201111,3,O3_24h,恩施州,105.0
20201111,3,O3_8h,恩施州,3.0
20201111,3,O3_8h_24h,恩施州,3.0
20201111,3,CO,恩施州,0.45
20201111,3,CO_24h,恩施州,0.5
20201111,4,AQI,恩施州,65.0
20201111,4,PM2.5,恩施州,47.0
20201111,4,PM2.5_24h,恩施州,45.0
20201111,4,PM10,恩施州,73.0
20201111,4,PM10_24h,恩施州,85.0
20201111,4,SO2,恩施州,9.0
20201111,4,SO2_24h,恩施州,10.0
20201111,4,NO2,恩施州,25.0
20201111,4,NO2_24h,恩施州,36.0
20201111,4,O3,恩施州,5.0
20201111,4,O3_24h,恩施州,105.0
20201111,4,O3_8h,恩施州,5.0
20201111,4,O3_8h_24h,恩施州,3.0
20201111,4,CO,恩施州,0.35
20201111,4,CO_24h,恩施州,0.5
20201111,5,AQI,恩施州,59.0
20201111,5,PM2.5,恩施州,42.0
20201111,5,PM2.5_24h,恩施州,44.0
20201111,5,PM10,恩施州,65.0
20201111,5,PM10_24h,恩施州,85.0
20201111,5,SO2,恩施州,9.0
20201111,5,SO2_24h,恩施州,10.0
20201111,5,NO2,恩施州,24.0
20201111,5,NO2_24h,恩施州,36.0
20201111,5,O3,恩施州,6.0
20201111,5,O3_24h,恩施州,105.0
20201111,5,O3_8h,恩施州,5.0
20201111,5,O3_8h_24h,恩施州,3.0
20201111,5,CO,恩施州,0.25
20201111,5,CO_24h,恩施州,0.5
20201111,6,AQI,恩施州,56.0
20201111,6,PM2.5,恩施州,37.0
20201111,6,PM2.5_24h,恩施州,44.0
20201111,6,PM10,恩施州,61.0
20201111,6,PM10_24h,恩施州,85.0
20201111,6,SO2,恩施州,9.0
20201111,6,SO2_24h,恩施州,10.0
20201111,6,NO2,恩施州,22.0
20201111,6,NO2_24h,恩施州,36.0
20201111,6,O3,恩施州,7.0
20201111,6,O3_24h,恩施州,105.0
20201111,6,O3_8h,恩施州,6.0
20201111,6,O3_8h_24h,恩施州,4.0
20201111,6,CO,恩施州,0.3
20201111,6,CO_24h,恩施州,0.5
20201111,8,AQI,恩施州,52.0
20201111,8,PM2.5,恩施州,36.0
20201111,8,PM2.5_24h,恩施州,44.0
20201111,8,PM10,恩施州,53.0
20201111,8,PM10_24h,恩施州,85.0
20201111,8,SO2,恩施州,10.0
20201111,8,SO2_24h,恩施州,10.0
20201111,8,NO2,恩施州,18.0
20201111,8,NO2_24h,恩施州,35.0
20201111,8,O3,恩施州,4.0
20201111,8,O3_24h,恩施州,105.0
20201111,8,O3_8h,恩施州,5.0
20201111,8,O3_8h_24h,恩施州,4.0
20201111,8,CO,恩施州,0.35
20201111,8,CO_24h,恩施州,0.55
20201111,10,AQI,恩施州,61.0
20201111,10,PM2.5,恩施州,37.0
20201111,10,PM2.5_24h,恩施州,44.0
20201111,10,PM10,恩施州,71.0
20201111,10,PM10_24h,恩施州,85.0
20201111,10,SO2,恩施州,10.0
20201111,10,SO2_24h,恩施州,10.0
20201111,10,NO2,恩施州,23.0
20201111,10,NO2_24h,恩施州,35.0
20201111,10,O3,恩施州,9.0
20201111,10,O3_24h,恩施州,105.0
20201111,10,O3_8h,恩施州,4.0
20201111,10,O3_8h_24h,恩施州,4.0
20201111,10,CO,恩施州,0.65
20201111,10,CO_24h,恩施州,0.55
20201111,11,AQI,恩施州,65.0
20201111,11,PM2.5,恩施州,41.0
20201111,11,PM2.5_24h,恩施州,44.0
20201111,11,PM10,恩施州,79.0
20201111,11,PM10_24h,恩施州,85.0
20201111,11,SO2,恩施州,11.0
20201111,11,SO2_24h,恩施州,10.0
20201111,11,NO2,恩施州,33.0
20201111,11,NO2_24h,恩施州,35.0
20201111,11,O3,恩施州,16.0
20201111,11,O3_24h,恩施州,105.0
20201111,11,O3_8h,恩施州,5.0
20201111,11,O3_8h_24h,恩施州,5.0
20201111,11,CO,恩施州,0.55
20201111,11,CO_24h,恩施州,0.55
20201111,12,AQI,恩施州,65.0
20201111,12,PM2.5,恩施州,42.0
20201111,12,PM2.5_24h,恩施州,45.0
20201111,12,PM10,恩施州,79.0
20201111,12,PM10_24h,恩施州,85.0
20201111,12,SO2,恩施州,10.0
20201111,12,SO2_24h,恩施州,10.0
20201111,12,NO2,恩施州,36.0
20201111,12,NO2_24h,恩施州,35.0
20201111,12,O3,恩施州,33.0
20201111,12,O3_24h,恩施州,105.0
20201111,12,O3_8h,恩施州,9.0
20201111,12,O3_8h_24h,恩施州,9.0
20201111,12,CO,恩施州,0.45
20201111,12,CO_24h,恩施州,0.5
20201111,13,AQI,恩施州,64.0
20201111,13,PM2.5,恩施州,43.0
20201111,13,PM2.5_24h,恩施州,45.0
20201111,13,PM10,恩施州,77.0
20201111,13,PM10_24h,恩施州,86.0
20201111,13,SO2,恩施州,12.0
20201111,13,SO2_24h,恩施州,10.0
20201111,13,NO2,恩施州,30.0
20201111,13,NO2_24h,恩施州,35.0
20201111,13,O3,恩施州,66.0
20201111,13,O3_24h,恩施州,105.0
20201111,13,O3_8h,恩施州,17.0
20201111,13,O3_8h_24h,恩施州,17.0
20201111,13,CO,恩施州,0.35
20201111,13,CO_24h,恩施州,0.5
20201111,14,AQI,恩施州,63.0
20201111,14,PM2.5,恩施州,39.0
20201111,14,PM2.5_24h,恩施州,44.0
20201111,14,PM10,恩施州,76.0
20201111,14,PM10_24h,恩施州,86.0
20201111,14,SO2,恩施州,11.0
20201111,14,SO2_24h,恩施州,10.0
20201111,14,NO2,恩施州,18.0
20201111,14,NO2_24h,恩施州,35.0
20201111,14,O3,恩施州,74.0
20201111,14,O3_24h,恩施州,105.0
20201111,14,O3_8h,恩施州,26.0
20201111,14,O3_8h_24h,恩施州,26.0
20201111,14,CO,恩施州,0.2
20201111,14,CO_24h,恩施州,0.5
20201111,15,AQI,恩施州,56.0
20201111,15,PM2.5,恩施州,32.0
20201111,15,PM2.5_24h,恩施州,44.0
20201111,15,PM10,恩施州,62.0
20201111,15,PM10_24h,恩施州,86.0
20201111,15,SO2,恩施州,11.0
20201111,15,SO2_24h,恩施州,10.0
20201111,15,NO2,恩施州,21.0
20201111,15,NO2_24h,恩施州,35.0
20201111,15,O3,恩施州,92.0
20201111,15,O3_24h,恩施州,106.0
20201111,15,O3_8h,恩施州,37.0
20201111,15,O3_8h_24h,恩施州,37.0
20201111,15,CO,恩施州,0.3
20201111,15,CO_24h,恩施州,0.5
20201111,16,AQI,恩施州,91.0
20201111,16,PM2.5,恩施州,29.0
20201111,16,PM2.5_24h,恩施州,44.0
20201111,16,PM10,恩施州,131.0
20201111,16,PM10_24h,恩施州,89.0
20201111,16,SO2,恩施州,10.0
20201111,16,SO2_24h,恩施州,10.0
20201111,16,NO2,恩施州,23.0
20201111,16,NO2_24h,恩施州,35.0
20201111,16,O3,恩施州,97.0
20201111,16,O3_24h,恩施州,101.0
20201111,16,O3_8h,恩施州,49.0
20201111,16,O3_8h_24h,恩施州,49.0
20201111,16,CO,恩施州,0.3
20201111,16,CO_24h,恩施州,0.5
20201111,17,AQI,恩施州,55.0
20201111,17,PM2.5,恩施州,27.0
20201111,17,PM2.5_24h,恩施州,44.0
20201111,17,PM10,恩施州,59.0
20201111,17,PM10_24h,恩施州,88.0
20201111,17,SO2,恩施州,10.0
20201111,17,SO2_24h,恩施州,10.0
20201111,17,NO2,恩施州,31.0
20201111,17,NO2_24h,恩施州,35.0
20201111,17,O3,恩施州,89.0
20201111,17,O3_24h,恩施州,98.0
20201111,17,O3_8h,恩施州,60.0
20201111,17,O3_8h_24h,恩施州,60.0
20201111,17,CO,恩施州,0.25
20201111,17,CO_24h,恩施州,0.5
20201111,18,AQI,恩施州,56.0
20201111,18,PM2.5,恩施州,26.0
20201111,18,PM2.5_24h,恩施州,44.0
20201111,18,PM10,恩施州,62.0
20201111,18,PM10_24h,恩施州,88.0
20201111,18,SO2,恩施州,11.0
20201111,18,SO2_24h,恩施州,10.0
20201111,18,NO2,恩施州,61.0
20201111,18,NO2_24h,恩施州,35.0
20201111,18,O3,恩施州,51.0
20201111,18,O3_24h,恩施州,98.0
20201111,18,O3_8h,恩施州,65.0
20201111,18,O3_8h_24h,恩施州,65.0
20201111,18,CO,恩施州,0.4
20201111,18,CO_24h,恩施州,0.5
20201111,19,AQI,恩施州,64.0
20201111,19,PM2.5,恩施州,31.0
20201111,19,PM2.5_24h,恩施州,44.0
20201111,19,PM10,恩施州,77.0
20201111,19,PM10_24h,恩施州,88.0
20201111,19,SO2,恩施州,12.0
20201111,19,SO2_24h,恩施州,10.0
20201111,19,NO2,恩施州,77.0
20201111,19,NO2_24h,恩施州,35.0
20201111,19,O3,恩施州,10.0
20201111,19,O3_24h,恩施州,98.0
20201111,19,O3_8h,恩施州,64.0
20201111,19,O3_8h_24h,恩施州,65.0
20201111,19,CO,恩施州,0.75
20201111,19,CO_24h,恩施州,0.5
20201111,20,AQI,恩施州,80.0
20201111,20,PM2.5,恩施州,44.0
20201111,20,PM2.5_24h,恩施州,44.0
20201111,20,PM10,恩施州,110.0
20201111,20,PM10_24h,恩施州,88.0
20201111,20,SO2,恩施州,9.0
20201111,20,SO2_24h,恩施州,10.0
20201111,20,NO2,恩施州,70.0
20201111,20,NO2_24h,恩施州,34.0
20201111,20,O3,恩施州,15.0
20201111,20,O3_24h,恩施州,98.0
20201111,20,O3_8h,恩施州,62.0
20201111,20,O3_8h_24h,恩施州,65.0
20201111,20,CO,恩施州,0.6
20201111,20,CO_24h,恩施州,0.5
20201111,21,AQI,恩施州,88.0
20201111,21,PM2.5,恩施州,60.0
20201111,21,PM2.5_24h,恩施州,44.0
20201111,21,PM10,恩施州,125.0
20201111,21,PM10_24h,恩施州,88.0
20201111,21,SO2,恩施州,8.0
20201111,21,SO2_24h,恩施州,10.0
20201111,21,NO2,恩施州,61.0
20201111,21,NO2_24h,恩施州,34.0
20201111,21,O3,恩施州,8.0
20201111,21,O3_24h,恩施州,98.0
20201111,21,O3_8h,恩施州,55.0
20201111,21,O3_8h_24h,恩施州,65.0
20201111,21,CO,恩施州,0.7
20201111,21,CO_24h,恩施州,0.45
20201111,22,AQI,恩施州,93.0
20201111,22,PM2.5,恩施州,68.0
20201111,22,PM2.5_24h,恩施州,45.0
20201111,22,PM10,恩施州,136.0
20201111,22,PM10_24h,恩施州,88.0
20201111,22,SO2,恩施州,9.0
20201111,22,SO2_24h,恩施州,10.0
20201111,22,NO2,恩施州,53.0
20201111,22,NO2_24h,恩施州,34.0
20201111,22,O3,恩施州,9.0
20201111,22,O3_24h,恩施州,98.0
20201111,22,O3_8h,恩施州,46.0
20201111,22,O3_8h_24h,恩施州,65.0
20201111,22,CO,恩施州,0.65
20201111,22,CO_24h,恩施州,0.45
20201111,23,AQI,恩施州,96.0
20201111,23,PM2.5,恩施州,70.0
20201111,23,PM2.5_24h,恩施州,45.0
20201111,23,PM10,恩施州,141.0
20201111,23,PM10_24h,恩施州,88.0
20201111,23,SO2,恩施州,10.0
20201111,23,SO2_24h,恩施州,10.0
20201111,23,NO2,恩施州,41.0
20201111,23,NO2_24h,恩施州,35.0
20201111,23,O3,恩施州,6.0
20201111,23,O3_24h,恩施州,98.0
20201111,23,O3_8h,恩施州,36.0
20201111,23,O3_8h_24h,恩施州,65.0
20201111,23,CO,恩施州,0.7
20201111,23,CO_24h,恩施州,0.45
20201111,0,AQI,衡阳,83.0
20201111,0,PM2.5,衡阳,61.0
20201111,0,PM2.5_24h,衡阳,53.0
20201111,0,PM10,衡阳,113.0
20201111,0,PM10_24h,衡阳,102.0
20201111,0,SO2,衡阳,23.0
20201111,0,SO2_24h,衡阳,18.0
20201111,0,NO2,衡阳,55.0
20201111,0,NO2_24h,衡阳,41.0
20201111,0,O3,衡阳,63.0
20201111,0,O3_24h,衡阳,157.0
20201111,0,O3_8h,衡阳,107.0
20201111,0,O3_8h_24h,衡阳,144.0
20201111,0,CO,衡阳,1.04
20201111,0,CO_24h,衡阳,1.0
20201111,1,AQI,衡阳,85.0
20201111,1,PM2.5,衡阳,63.0
20201111,1,PM2.5_24h,衡阳,53.0
20201111,1,PM10,衡阳,111.0
20201111,1,PM10_24h,衡阳,101.0
20201111,1,SO2,衡阳,23.0
20201111,1,SO2_24h,衡阳,18.0
20201111,1,NO2,衡阳,65.0
20201111,1,NO2_24h,衡阳,42.0
20201111,1,O3,衡阳,42.0
20201111,1,O3_24h,衡阳,157.0
20201111,1,O3_8h,衡阳,42.0
20201111,1,O3_8h_24h,衡阳,42.0
20201111,1,CO,衡阳,1.2
20201111,1,CO_24h,衡阳,1.0
20201111,2,AQI,衡阳,93.0
20201111,2,PM2.5,衡阳,69.0
20201111,2,PM2.5_24h,衡阳,53.0
20201111,2,PM10,衡阳,121.0
20201111,2,PM10_24h,衡阳,102.0
20201111,2,SO2,衡阳,19.0
20201111,2,SO2_24h,衡阳,18.0
20201111,2,NO2,衡阳,69.0
20201111,2,NO2_24h,衡阳,42.0
20201111,2,O3,衡阳,30.0
20201111,2,O3_24h,衡阳,157.0
20201111,2,O3_8h,衡阳,36.0
20201111,2,O3_8h_24h,衡阳,45.0
20201111,2,CO,衡阳,1.26
20201111,2,CO_24h,衡阳,1.0
20201111,3,AQI,衡阳,85.0
20201111,3,PM2.5,衡阳,61.0
20201111,3,PM2.5_24h,衡阳,53.0
20201111,3,PM10,衡阳,119.0
20201111,3,PM10_24h,衡阳,102.0
20201111,3,SO2,衡阳,16.0
20201111,3,SO2_24h,衡阳,18.0
20201111,3,NO2,衡阳,68.0
20201111,3,NO2_24h,衡阳,42.0
20201111,3,O3,衡阳,24.0
20201111,3,O3_24h,衡阳,157.0
20201111,3,O3_8h,衡阳,32.0
20201111,3,O3_8h_24h,衡阳,46.0
20201111,3,CO,衡阳,1.36
20201111,3,CO_24h,衡阳,1.02
20201111,4,AQI,衡阳,85.0
20201111,4,PM2.5,衡阳,63.0
20201111,4,PM2.5_24h,衡阳,53.0
20201111,4,PM10,衡阳,119.0
20201111,4,PM10_24h,衡阳,102.0
20201111,4,SO2,衡阳,17.0
20201111,4,SO2_24h,衡阳,18.0
20201111,4,NO2,衡阳,61.0
20201111,4,NO2_24h,衡阳,42.0
20201111,4,O3,衡阳,24.0
20201111,4,O3_24h,衡阳,157.0
20201111,4,O3_8h,衡阳,30.0
20201111,4,O3_8h_24h,衡阳,47.0
20201111,4,CO,衡阳,1.52
20201111,4,CO_24h,衡阳,1.04
20201111,5,AQI,衡阳,89.0
20201111,5,PM2.5,衡阳,66.0
20201111,5,PM2.5_24h,衡阳,53.0
20201111,5,PM10,衡阳,113.0
20201111,5,PM10_24h,衡阳,102.0
20201111,5,SO2,衡阳,20.0
20201111,5,SO2_24h,衡阳,18.0
20201111,5,NO2,衡阳,50.0
20201111,5,NO2_24h,衡阳,41.0
20201111,5,O3,衡阳,38.0
20201111,5,O3_24h,衡阳,157.0
20201111,5,O3_8h,衡阳,32.0
20201111,5,O3_8h_24h,衡阳,48.0
20201111,5,CO,衡阳,1.18
20201111,5,CO_24h,衡阳,1.04
20201111,6,AQI,衡阳,90.0
20201111,6,PM2.5,衡阳,67.0
20201111,6,PM2.5_24h,衡阳,54.0
20201111,6,PM10,衡阳,109.0
20201111,6,PM10_24h,衡阳,103.0
20201111,6,SO2,衡阳,18.0
20201111,6,SO2_24h,衡阳,18.0
20201111,6,NO2,衡阳,50.0
20201111,6,NO2_24h,衡阳,41.0
20201111,6,O3,衡阳,36.0
20201111,6,O3_24h,衡阳,157.0
20201111,6,O3_8h,衡阳,32.0
20201111,6,O3_8h_24h,衡阳,48.0
20201111,6,CO,衡阳,1.02
20201111,6,CO_24h,衡阳,1.02
20201111,8,AQI,衡阳,84.0
20201111,8,PM2.5,衡阳,62.0
20201111,8,PM2.5_24h,衡阳,54.0
20201111,8,PM10,衡阳,101.0
20201111,8,PM10_24h,衡阳,102.0
20201111,8,SO2,衡阳,25.0
20201111,8,SO2_24h,衡阳,19.0
20201111,8,NO2,衡阳,59.0
20201111,8,NO2_24h,衡阳,42.0
20201111,8,O3,衡阳,28.0
20201111,8,O3_24h,衡阳,157.0
20201111,8,O3_8h,衡阳,31.0
20201111,8,O3_8h_24h,衡阳,48.0
20201111,8,CO,衡阳,1.18
20201111,8,CO_24h,衡阳,1.02
20201111,10,AQI,衡阳,82.0
20201111,10,PM2.5,衡阳,51.0
20201111,10,PM2.5_24h,衡阳,53.0
20201111,10,PM10,衡阳,113.0
20201111,10,PM10_24h,衡阳,102.0
20201111,10,SO2,衡阳,26.0
20201111,10,SO2_24h,衡阳,19.0
20201111,10,NO2,衡阳,43.0
20201111,10,NO2_24h,衡阳,42.0
20201111,10,O3,衡阳,75.0
20201111,10,O3_24h,衡阳,157.0
20201111,10,O3_8h,衡阳,39.0
20201111,10,O3_8h_24h,衡阳,48.0
20201111,10,CO,衡阳,1.02
20201111,10,CO_24h,衡阳,1.02
20201111,11,AQI,衡阳,78.0
20201111,11,PM2.5,衡阳,46.0
20201111,11,PM2.5_24h,衡阳,53.0
20201111,11,PM10,衡阳,105.0
20201111,11,PM10_24h,衡阳,101.0
20201111,11,SO2,衡阳,28.0
20201111,11,SO2_24h,衡阳,20.0
20201111,11,NO2,衡阳,35.0
20201111,11,NO2_24h,衡阳,43.0
20201111,11,O3,衡阳,98.0
20201111,11,O3_24h,衡阳,157.0
20201111,11,O3_8h,衡阳,47.0
20201111,11,O3_8h_24h,衡阳,50.0
20201111,11,CO,衡阳,1.04
20201111,11,CO_24h,衡阳,1.02
20201111,12,AQI,衡阳,77.0
20201111,12,PM2.5,衡阳,43.0
20201111,12,PM2.5_24h,衡阳,52.0
20201111,12,PM10,衡阳,103.0
20201111,12,PM10_24h,衡阳,102.0
20201111,12,SO2,衡阳,39.0
20201111,12,SO2_24h,衡阳,20.0
20201111,12,NO2,衡阳,32.0
20201111,12,NO2_24h,衡阳,43.0
20201111,12,O3,衡阳,120.0
20201111,12,O3_24h,衡阳,157.0
20201111,12,O3_8h,衡阳,58.0
20201111,12,O3_8h_24h,衡阳,58.0
20201111,12,CO,衡阳,1.05
20201111,12,CO_24h,衡阳,1.04
20201111,13,AQI,衡阳,70.0
20201111,13,PM2.5,衡阳,39.0
20201111,13,PM2.5_24h,衡阳,52.0
20201111,13,PM10,衡阳,90.0
20201111,13,PM10_24h,衡阳,102.0
20201111,13,SO2,衡阳,23.0
20201111,13,SO2_24h,衡阳,21.0
20201111,13,NO2,衡阳,23.0
20201111,13,NO2_24h,衡阳,43.0
20201111,13,O3,衡阳,134.0
20201111,13,O3_24h,衡阳,157.0
20201111,13,O3_8h,衡阳,71.0
20201111,13,O3_8h_24h,衡阳,71.0
20201111,13,CO,衡阳,0.85
20201111,13,CO_24h,衡阳,1.06
20201111,14,AQI,衡阳,64.0
20201111,14,PM2.5,衡阳,32.0
20201111,14,PM2.5_24h,衡阳,52.0
20201111,14,PM10,衡阳,77.0
20201111,14,PM10_24h,衡阳,102.0
20201111,14,SO2,衡阳,18.0
20201111,14,SO2_24h,衡阳,21.0
20201111,14,NO2,衡阳,19.0
20201111,14,NO2_24h,衡阳,43.0
20201111,14,O3,衡阳,149.0
20201111,14,O3_24h,衡阳,150.0
20201111,14,O3_8h,衡阳,86.0
20201111,14,O3_8h_24h,衡阳,86.0
20201111,14,CO,衡阳,0.74
20201111,14,CO_24h,衡阳,1.04
20201111,15,AQI,衡阳,58.0
20201111,15,PM2.5,衡阳,29.0
20201111,15,PM2.5_24h,衡阳,52.0
20201111,15,PM10,衡阳,66.0
20201111,15,PM10_24h,衡阳,102.0
20201111,15,SO2,衡阳,14.0
20201111,15,SO2_24h,衡阳,21.0
20201111,15,NO2,衡阳,18.0
20201111,15,NO2_24h,衡阳,43.0
20201111,15,O3,衡阳,153.0
20201111,15,O3_24h,衡阳,153.0
20201111,15,O3_8h,衡阳,103.0
20201111,15,O3_8h_24h,衡阳,103.0
20201111,15,CO,衡阳,0.66
20201111,15,CO_24h,衡阳,1.04
20201111,16,AQI,衡阳,55.0
20201111,16,PM2.5,衡阳,29.0
20201111,16,PM2.5_24h,衡阳,52.0
20201111,16,PM10,衡阳,60.0
20201111,16,PM10_24h,衡阳,102.0
20201111,16,SO2,衡阳,14.0
20201111,16,SO2_24h,衡阳,21.0
20201111,16,NO2,衡阳,21.0
20201111,16,NO2_24h,衡阳,44.0
20201111,16,O3,衡阳,147.0
20201111,16,O3_24h,衡阳,153.0
20201111,16,O3_8h,衡阳,120.0
20201111,16,O3_8h_24h,衡阳,120.0
20201111,16,CO,衡阳,0.68
20201111,16,CO_24h,衡阳,1.04
20201111,17,AQI,衡阳,55.0
20201111,17,PM2.5,衡阳,27.0
20201111,17,PM2.5_24h,衡阳,52.0
20201111,17,PM10,衡阳,59.0
20201111,17,PM10_24h,衡阳,101.0
20201111,17,SO2,衡阳,12.0
20201111,17,SO2_24h,衡阳,21.0
20201111,17,NO2,衡阳,27.0
20201111,17,NO2_24h,衡阳,44.0
20201111,17,O3,衡阳,131.0
20201111,17,O3_24h,衡阳,153.0
20201111,17,O3_8h,衡阳,127.0
20201111,17,O3_8h_24h,衡阳,127.0
20201111,17,CO,衡阳,0.66
20201111,17,CO_24h,衡阳,1.04
20201111,18,AQI,衡阳,62.0
20201111,18,PM2.5,衡阳,31.0
20201111,18,PM2.5_24h,衡阳,52.0
20201111,18,PM10,衡阳,73.0
20201111,18,PM10_24h,衡阳,100.0
20201111,18,SO2,衡阳,13.0
20201111,18,SO2_24h,衡阳,21.0
20201111,18,NO2,衡阳,35.0
20201111,18,NO2_24h,衡阳,44.0
20201111,18,O3,衡阳,121.0
20201111,18,O3_24h,衡阳,153.0
20201111,18,O3_8h,衡阳,133.0
20201111,18,O3_8h_24h,衡阳,133.0
20201111,18,CO,衡阳,0.74
20201111,18,CO_24h,衡阳,1.04
20201111,19,AQI,衡阳,66.0
20201111,19,PM2.5,衡阳,38.0
20201111,19,PM2.5_24h,衡阳,52.0
20201111,19,PM10,衡阳,82.0
20201111,19,PM10_24h,衡阳,100.0
20201111,19,SO2,衡阳,20.0
20201111,19,SO2_24h,衡阳,21.0
20201111,19,NO2,衡阳,35.0
20201111,19,NO2_24h,衡阳,44.0
20201111,19,O3,衡阳,115.0
20201111,19,O3_24h,衡阳,153.0
20201111,19,O3_8h,衡阳,134.0
20201111,19,O3_8h_24h,衡阳,135.0
20201111,19,CO,衡阳,0.86
20201111,19,CO_24h,衡阳,1.04
20201111,20,AQI,衡阳,66.0
20201111,20,PM2.5,衡阳,39.0
20201111,20,PM2.5_24h,衡阳,51.0
20201111,20,PM10,衡阳,82.0
20201111,20,PM10_24h,衡阳,99.0
20201111,20,SO2,衡阳,25.0
20201111,20,SO2_24h,衡阳,21.0
20201111,20,NO2,衡阳,37.0
20201111,20,NO2_24h,衡阳,44.0
20201111,20,O3,衡阳,113.0
20201111,20,O3_24h,衡阳,153.0
20201111,20,O3_8h,衡阳,133.0
20201111,20,O3_8h_24h,衡阳,135.0
20201111,20,CO,衡阳,0.88
20201111,20,CO_24h,衡阳,1.04
20201111,21,AQI,衡阳,66.0
20201111,21,PM2.5,衡阳,44.0
20201111,21,PM2.5_24h,衡阳,50.0
20201111,21,PM10,衡阳,82.0
20201111,21,PM10_24h,衡阳,97.0
20201111,21,SO2,衡阳,21.0
20201111,21,SO2_24h,衡阳,21.0
20201111,21,NO2,衡阳,46.0
20201111,21,NO2_24h,衡阳,43.0
20201111,21,O3,衡阳,99.0
20201111,21,O3_24h,衡阳,153.0
20201111,21,O3_8h,衡阳,129.0
20201111,21,O3_8h_24h,衡阳,135.0
20201111,21,CO,衡阳,0.94
20201111,21,CO_24h,衡阳,1.02
20201111,22,AQI,衡阳,73.0
20201111,22,PM2.5,衡阳,51.0
20201111,22,PM2.5_24h,衡阳,50.0
20201111,22,PM10,衡阳,96.0
20201111,22,PM10_24h,衡阳,96.0
20201111,22,SO2,衡阳,22.0
20201111,22,SO2_24h,衡阳,21.0
20201111,22,NO2,衡阳,53.0
20201111,22,NO2_24h,衡阳,44.0
20201111,22,O3,衡阳,79.0
20201111,22,O3_24h,衡阳,153.0
20201111,22,O3_8h,衡阳,120.0
20201111,22,O3_8h_24h,衡阳,135.0
20201111,22,CO,衡阳,1.02
20201111,22,CO_24h,衡阳,0.98
20201111,23,AQI,衡阳,77.0
20201111,23,PM2.5,衡阳,55.0
20201111,23,PM2.5_24h,衡阳,50.0
20201111,23,PM10,衡阳,104.0
20201111,23,PM10_24h,衡阳,96.0
20201111,23,SO2,衡阳,20.0
20201111,23,SO2_24h,衡阳,20.0
20201111,23,NO2,衡阳,63.0
20201111,23,NO2_24h,衡阳,44.0
20201111,23,O3,衡阳,61.0
20201111,23,O3_24h,衡阳,153.0
20201111,23,O3_8h,衡阳,108.0
20201111,23,O3_8h_24h,衡阳,135.0
20201111,23,CO,衡阳,1.02
20201111,23,CO_24h,衡阳,1.0
20201111,0,AQI,邵阳,108.0
20201111,0,PM2.5,邵阳,81.0
20201111,0,PM2.5_24h,邵阳,63.0
20201111,0,PM10,邵阳,127.0
20201111,0,PM10_24h,邵阳,104.0
20201111,0,SO2,邵阳,19.0
20201111,0,SO2_24h,邵阳,21.0
20201111,0,NO2,邵阳,72.0
20201111,0,NO2_24h,邵阳,43.0
20201111,0,O3,邵阳,9.0
20201111,0,O3_24h,邵阳,163.0
20201111,0,O3_8h,邵阳,79.0
20201111,0,O3_8h_24h,邵阳,141.0
20201111,0,CO,邵阳,1.25
20201111,0,CO_24h,邵阳,0.85
20201111,1,AQI,邵阳,96.0
20201111,1,PM2.5,邵阳,72.0
20201111,1,PM2.5_24h,邵阳,63.0
20201111,1,PM10,邵阳,134.0
20201111,1,PM10_24h,邵阳,104.0
20201111,1,SO2,邵阳,15.0
20201111,1,SO2_24h,邵阳,21.0
20201111,1,NO2,邵阳,57.0
20201111,1,NO2_24h,邵阳,43.0
20201111,1,O3,邵阳,21.0
20201111,1,O3_24h,邵阳,163.0
20201111,1,O3_8h,邵阳,21.0
20201111,1,O3_8h_24h,邵阳,21.0
20201111,1,CO,邵阳,1.1
20201111,1,CO_24h,邵阳,0.85
20201111,2,AQI,邵阳,94.0
20201111,2,PM2.5,邵阳,70.0
20201111,2,PM2.5_24h,邵阳,64.0
20201111,2,PM10,邵阳,118.0
20201111,2,PM10_24h,邵阳,105.0
20201111,2,SO2,邵阳,14.0
20201111,2,SO2_24h,邵阳,21.0
20201111,2,NO2,邵阳,45.0
20201111,2,NO2_24h,邵阳,42.0
20201111,2,O3,邵阳,29.0
20201111,2,O3_24h,邵阳,163.0
20201111,2,O3_8h,邵阳,25.0
20201111,2,O3_8h_24h,邵阳,25.0
20201111,2,CO,邵阳,1.02
20201111,2,CO_24h,邵阳,0.85
20201111,3,AQI,邵阳,90.0
20201111,3,PM2.5,邵阳,67.0
20201111,3,PM2.5_24h,邵阳,65.0
20201111,3,PM10,邵阳,103.0
20201111,3,PM10_24h,邵阳,105.0
20201111,3,SO2,邵阳,13.0
20201111,3,SO2_24h,邵阳,21.0
20201111,3,NO2,邵阳,37.0
20201111,3,NO2_24h,邵阳,42.0
20201111,3,O3,邵阳,33.0
20201111,3,O3_24h,邵阳,163.0
20201111,3,O3_8h,邵阳,28.0
20201111,3,O3_8h_24h,邵阳,28.0
20201111,3,CO,邵阳,1.0
20201111,3,CO_24h,邵阳,0.85
20201111,4,AQI,邵阳,91.0
20201111,4,PM2.5,邵阳,68.0
20201111,4,PM2.5_24h,邵阳,65.0
20201111,4,PM10,邵阳,93.0
20201111,4,PM10_24h,邵阳,105.0
20201111,4,SO2,邵阳,12.0
20201111,4,SO2_24h,邵阳,21.0
20201111,4,NO2,邵阳,36.0
20201111,4,NO2_24h,邵阳,42.0
20201111,4,O3,邵阳,27.0
20201111,4,O3_24h,邵阳,163.0
20201111,4,O3_8h,邵阳,28.0
20201111,4,O3_8h_24h,邵阳,28.0
20201111,4,CO,邵阳,0.98
20201111,4,CO_24h,邵阳,0.85
20201111,5,AQI,邵阳,100.0
20201111,5,PM2.5,邵阳,75.0
20201111,5,PM2.5_24h,邵阳,66.0
20201111,5,PM10,邵阳,95.0
20201111,5,PM10_24h,邵阳,105.0
20201111,5,SO2,邵阳,13.0
20201111,5,SO2_24h,邵阳,21.0
20201111,5,NO2,邵阳,41.0
20201111,5,NO2_24h,邵阳,42.0
20201111,5,O3,邵阳,11.0
20201111,5,O3_24h,邵阳,163.0
20201111,5,O3_8h,邵阳,25.0
20201111,5,O3_8h_24h,邵阳,28.0
20201111,5,CO,邵阳,0.93
20201111,5,CO_24h,邵阳,0.85
20201111,6,AQI,邵阳,101.0
20201111,6,PM2.5,邵阳,76.0
20201111,6,PM2.5_24h,邵阳,66.0
20201111,6,PM10,邵阳,95.0
20201111,6,PM10_24h,邵阳,106.0
20201111,6,SO2,邵阳,20.0
20201111,6,SO2_24h,邵阳,21.0
20201111,6,NO2,邵阳,44.0
20201111,6,NO2_24h,邵阳,42.0
20201111,6,O3,邵阳,7.0
20201111,6,O3_24h,邵阳,163.0
20201111,6,O3_8h,邵阳,22.0
20201111,6,O3_8h_24h,邵阳,28.0
20201111,6,CO,邵阳,0.93
20201111,6,CO_24h,邵阳,0.85
20201111,8,AQI,邵阳,109.0
20201111,8,PM2.5,邵阳,82.0
20201111,8,PM2.5_24h,邵阳,67.0
20201111,8,PM10,邵阳,109.0
20201111,8,PM10_24h,邵阳,106.0
20201111,8,SO2,邵阳,32.0
20201111,8,SO2_24h,邵阳,22.0
20201111,8,NO2,邵阳,36.0
20201111,8,NO2_24h,邵阳,42.0
20201111,8,O3,邵阳,9.0
20201111,8,O3_24h,邵阳,163.0
20201111,8,O3_8h,邵阳,18.0
20201111,8,O3_8h_24h,邵阳,28.0
20201111,8,CO,邵阳,1.03
20201111,8,CO_24h,邵阳,0.88
20201111,10,AQI,邵阳,126.0
20201111,10,PM2.5,邵阳,96.0
20201111,10,PM2.5_24h,邵阳,68.0
20201111,10,PM10,邵阳,140.0
20201111,10,PM10_24h,邵阳,108.0
20201111,10,SO2,邵阳,56.0
20201111,10,SO2_24h,邵阳,23.0
20201111,10,NO2,邵阳,39.0
20201111,10,NO2_24h,邵阳,43.0
20201111,10,O3,邵阳,42.0
20201111,10,O3_24h,邵阳,163.0
20201111,10,O3_8h,邵阳,19.0
20201111,10,O3_8h_24h,邵阳,31.0
20201111,10,CO,邵阳,1.05
20201111,10,CO_24h,邵阳,0.9
20201111,11,AQI,邵阳,111.0
20201111,11,PM2.5,邵阳,84.0
20201111,11,PM2.5_24h,邵阳,68.0
20201111,11,PM10,邵阳,136.0
20201111,11,PM10_24h,邵阳,109.0
20201111,11,SO2,邵阳,42.0
20201111,11,SO2_24h,邵阳,23.0
20201111,11,NO2,邵阳,37.0
20201111,11,NO2_24h,邵阳,43.0
20201111,11,O3,邵阳,83.0
20201111,11,O3_24h,邵阳,163.0
20201111,11,O3_8h,邵阳,26.0
20201111,11,O3_8h_24h,邵阳,35.0
20201111,11,CO,邵阳,1.0
20201111,11,CO_24h,邵阳,0.9
20201111,12,AQI,邵阳,86.0
20201111,12,PM2.5,邵阳,63.0
20201111,12,PM2.5_24h,邵阳,68.0
20201111,12,PM10,邵阳,122.0
20201111,12,PM10_24h,邵阳,109.0
20201111,12,SO2,邵阳,27.0
20201111,12,SO2_24h,邵阳,23.0
20201111,12,NO2,邵阳,28.0
20201111,12,NO2_24h,邵阳,42.0
20201111,12,O3,邵阳,124.0
20201111,12,O3_24h,邵阳,163.0
20201111,12,O3_8h,邵阳,38.0
20201111,12,O3_8h_24h,邵阳,43.0
20201111,12,CO,邵阳,0.93
20201111,12,CO_24h,邵阳,0.93
20201111,13,AQI,邵阳,74.0
20201111,13,PM2.5,邵阳,49.0
20201111,13,PM2.5_24h,邵阳,68.0
20201111,13,PM10,邵阳,97.0
20201111,13,PM10_24h,邵阳,108.0
20201111,13,SO2,邵阳,19.0
20201111,13,SO2_24h,邵阳,24.0
20201111,13,NO2,邵阳,21.0
20201111,13,NO2_24h,邵阳,42.0
20201111,13,O3,邵阳,141.0
20201111,13,O3_24h,邵阳,163.0
20201111,13,O3_8h,邵阳,54.0
20201111,13,O3_8h_24h,邵阳,54.0
20201111,13,CO,邵阳,0.75
20201111,13,CO_24h,邵阳,0.93
20201111,14,AQI,邵阳,66.0
20201111,14,PM2.5,邵阳,46.0
20201111,14,PM2.5_24h,邵阳,68.0
20201111,14,PM10,邵阳,81.0
20201111,14,PM10_24h,邵阳,108.0
20201111,14,SO2,邵阳,18.0
20201111,14,SO2_24h,邵阳,24.0
20201111,14,NO2,邵阳,20.0
20201111,14,NO2_24h,邵阳,41.0
20201111,14,O3,邵阳,148.0
20201111,14,O3_24h,邵阳,163.0
20201111,14,O3_8h,邵阳,72.0
20201111,14,O3_8h_24h,邵阳,72.0
20201111,14,CO,邵阳,0.67
20201111,14,CO_24h,邵阳,0.93
20201111,15,AQI,邵阳,66.0
20201111,15,PM2.5,邵阳,41.0
20201111,15,PM2.5_24h,邵阳,68.0
20201111,15,PM10,邵阳,81.0
20201111,15,PM10_24h,邵阳,108.0
20201111,15,SO2,邵阳,17.0
20201111,15,SO2_24h,邵阳,24.0
20201111,15,NO2,邵阳,19.0
20201111,15,NO2_24h,邵阳,42.0
20201111,15,O3,邵阳,155.0
20201111,15,O3_24h,邵阳,160.0
20201111,15,O3_8h,邵阳,90.0
20201111,15,O3_8h_24h,邵阳,90.0
20201111,15,CO,邵阳,0.7
20201111,15,CO_24h,邵阳,0.93
20201111,16,AQI,邵阳,58.0
20201111,16,PM2.5,邵阳,35.0
20201111,16,PM2.5_24h,邵阳,68.0
20201111,16,PM10,邵阳,65.0
20201111,16,PM10_24h,邵阳,107.0
20201111,16,SO2,邵阳,15.0
20201111,16,SO2_24h,邵阳,24.0
20201111,16,NO2,邵阳,21.0
20201111,16,NO2_24h,邵阳,42.0
20201111,16,O3,邵阳,150.0
20201111,16,O3_24h,邵阳,158.0
20201111,16,O3_8h,邵阳,108.0
20201111,16,O3_8h_24h,邵阳,108.0
20201111,16,CO,邵阳,0.57
20201111,16,CO_24h,邵阳,0.93
20201111,17,AQI,邵阳,59.0
20201111,17,PM2.5,邵阳,37.0
20201111,17,PM2.5_24h,邵阳,67.0
20201111,17,PM10,邵阳,67.0
20201111,17,PM10_24h,邵阳,107.0
20201111,17,SO2,邵阳,15.0
20201111,17,SO2_24h,邵阳,23.0
20201111,17,NO2,邵阳,28.0
20201111,17,NO2_24h,邵阳,42.0
20201111,17,O3,邵阳,135.0
20201111,17,O3_24h,邵阳,156.0
20201111,17,O3_8h,邵阳,122.0
20201111,17,O3_8h_24h,邵阳,122.0
20201111,17,CO,邵阳,0.57
20201111,17,CO_24h,邵阳,0.93
20201111,18,AQI,邵阳,66.0
20201111,18,PM2.5,邵阳,47.0
20201111,18,PM2.5_24h,邵阳,67.0
20201111,18,PM10,邵阳,82.0
20201111,18,PM10_24h,邵阳,106.0
20201111,18,SO2,邵阳,16.0
20201111,18,SO2_24h,邵阳,23.0
20201111,18,NO2,邵阳,41.0
20201111,18,NO2_24h,邵阳,42.0
20201111,18,O3,邵阳,112.0
20201111,18,O3_24h,邵阳,156.0
20201111,18,O3_8h,邵阳,131.0
20201111,18,O3_8h_24h,邵阳,131.0
20201111,18,CO,邵阳,0.7
20201111,18,CO_24h,邵阳,0.9
20201111,19,AQI,邵阳,81.0
20201111,19,PM2.5,邵阳,60.0
20201111,19,PM2.5_24h,邵阳,67.0
20201111,19,PM10,邵阳,99.0
20201111,19,PM10_24h,邵阳,105.0
20201111,19,SO2,邵阳,18.0
20201111,19,SO2_24h,邵阳,23.0
20201111,19,NO2,邵阳,62.0
20201111,19,NO2_24h,邵阳,42.0
20201111,19,O3,邵阳,76.0
20201111,19,O3_24h,邵阳,156.0
20201111,19,O3_8h,邵阳,130.0
20201111,19,O3_8h_24h,邵阳,131.0
20201111,19,CO,邵阳,0.88
20201111,19,CO_24h,邵阳,0.9
20201111,20,AQI,邵阳,85.0
20201111,20,PM2.5,邵阳,63.0
20201111,20,PM2.5_24h,邵阳,67.0
20201111,20,PM10,邵阳,107.0
20201111,20,PM10_24h,邵阳,105.0
20201111,20,SO2,邵阳,20.0
20201111,20,SO2_24h,邵阳,23.0
20201111,20,NO2,邵阳,61.0
20201111,20,NO2_24h,邵阳,43.0
20201111,20,O3,邵阳,70.0
20201111,20,O3_24h,邵阳,156.0
20201111,20,O3_8h,邵阳,123.0
20201111,20,O3_8h_24h,邵阳,131.0
20201111,20,CO,邵阳,0.85
20201111,20,CO_24h,邵阳,0.9
20201111,21,AQI,邵阳,83.0
20201111,21,PM2.5,邵阳,61.0
20201111,21,PM2.5_24h,邵阳,66.0
20201111,21,PM10,邵阳,101.0
20201111,21,PM10_24h,邵阳,105.0
20201111,21,SO2,邵阳,23.0
20201111,21,SO2_24h,邵阳,23.0
20201111,21,NO2,邵阳,65.0
20201111,21,NO2_24h,邵阳,43.0
20201111,21,O3,邵阳,58.0
20201111,21,O3_24h,邵阳,156.0
20201111,21,O3_8h,邵阳,113.0
20201111,21,O3_8h_24h,邵阳,131.0
20201111,21,CO,邵阳,0.82
20201111,21,CO_24h,邵阳,0.9
20201111,22,AQI,邵阳,89.0
20201111,22,PM2.5,邵阳,66.0
20201111,22,PM2.5_24h,邵阳,66.0
20201111,22,PM10,邵阳,112.0
20201111,22,PM10_24h,邵阳,105.0
20201111,22,SO2,邵阳,25.0
20201111,22,SO2_24h,邵阳,23.0
20201111,22,NO2,邵阳,77.0
20201111,22,NO2_24h,邵阳,43.0
20201111,22,O3,邵阳,35.0
20201111,22,O3_24h,邵阳,156.0
20201111,22,O3_8h,邵阳,99.0
20201111,22,O3_8h_24h,邵阳,131.0
20201111,22,CO,邵阳,1.0
20201111,22,CO_24h,邵阳,0.9
20201111,23,AQI,邵阳,101.0
20201111,23,PM2.5,邵阳,76.0
20201111,23,PM2.5_24h,邵阳,67.0
20201111,23,PM10,邵阳,128.0
20201111,23,PM10_24h,邵阳,105.0
20201111,23,SO2,邵阳,23.0
20201111,23,SO2_24h,邵阳,23.0
20201111,23,NO2,邵阳,86.0
20201111,23,NO2_24h,邵阳,44.0
20201111,23,O3,邵阳,9.0
20201111,23,O3_24h,邵阳,156.0
20201111,23,O3_8h,邵阳,81.0
20201111,23,O3_8h_24h,邵阳,131.0
20201111,23,CO,邵阳,1.05
20201111,23,CO_24h,邵阳,0.9
20201111,0,AQI,益阳,118.0
20201111,0,PM2.5,益阳,89.0
20201111,0,PM2.5_24h,益阳,66.0
20201111,0,PM10,益阳,140.0
20201111,0,PM10_24h,益阳,104.0
20201111,0,SO2,益阳,8.0
20201111,0,SO2_24h,益阳,14.0
20201111,0,NO2,益阳,86.0
20201111,0,NO2_24h,益阳,41.0
20201111,0,O3,益阳,24.0
20201111,0,O3_24h,益阳,167.0
20201111,0,O3_8h,益阳,65.0
20201111,0,O3_8h_24h,益阳,141.0
20201111,0,CO,益阳,1.45
20201111,0,CO_24h,益阳,1.18
20201111,1,AQI,益阳,118.0
20201111,1,PM2.5,益阳,89.0
20201111,1,PM2.5_24h,益阳,67.0
20201111,1,PM10,益阳,131.0
20201111,1,PM10_24h,益阳,104.0
20201111,1,SO2,益阳,8.0
20201111,1,SO2_24h,益阳,14.0
20201111,1,NO2,益阳,68.0
20201111,1,NO2_24h,益阳,42.0
20201111,1,O3,益阳,24.0
20201111,1,O3_24h,益阳,167.0
20201111,1,O3_8h,益阳,24.0
20201111,1,O3_8h_24h,益阳,24.0
20201111,1,CO,益阳,1.4
20201111,1,CO_24h,益阳,1.2
20201111,2,AQI,益阳,116.0
20201111,2,PM2.5,益阳,88.0
20201111,2,PM2.5_24h,益阳,67.0
20201111,2,PM10,益阳,129.0
20201111,2,PM10_24h,益阳,105.0
20201111,2,SO2,益阳,8.0
20201111,2,SO2_24h,益阳,13.0
20201111,2,NO2,益阳,63.0
20201111,2,NO2_24h,益阳,43.0
20201111,2,O3,益阳,22.0
20201111,2,O3_24h,益阳,167.0
20201111,2,O3_8h,益阳,23.0
20201111,2,O3_8h_24h,益阳,25.0
20201111,2,CO,益阳,1.45
20201111,2,CO_24h,益阳,1.2
20201111,3,AQI,益阳,113.0
20201111,3,PM2.5,益阳,85.0
20201111,3,PM2.5_24h,益阳,68.0
20201111,3,PM10,益阳,120.0
20201111,3,PM10_24h,益阳,105.0
20201111,3,SO2,益阳,8.0
20201111,3,SO2_24h,益阳,13.0
20201111,3,NO2,益阳,68.0
20201111,3,NO2_24h,益阳,45.0
20201111,3,O3,益阳,11.0
20201111,3,O3_24h,益阳,167.0
20201111,3,O3_8h,益阳,19.0
20201111,3,O3_8h_24h,益阳,25.0
20201111,3,CO,益阳,1.28
20201111,3,CO_24h,益阳,1.2
20201111,4,AQI,益阳,106.0
20201111,4,PM2.5,益阳,80.0
20201111,4,PM2.5_24h,益阳,68.0
20201111,4,PM10,益阳,114.0
20201111,4,PM10_24h,益阳,106.0
20201111,4,SO2,益阳,9.0
20201111,4,SO2_24h,益阳,13.0
20201111,4,NO2,益阳,59.0
20201111,4,NO2_24h,益阳,46.0
20201111,4,O3,益阳,11.0
20201111,4,O3_24h,益阳,167.0
20201111,4,O3_8h,益阳,17.0
20201111,4,O3_8h_24h,益阳,26.0
20201111,4,CO,益阳,1.23
20201111,4,CO_24h,益阳,1.25
20201111,5,AQI,益阳,103.0
20201111,5,PM2.5,益阳,77.0
20201111,5,PM2.5_24h,益阳,68.0
20201111,5,PM10,益阳,108.0
20201111,5,PM10_24h,益阳,107.0
20201111,5,SO2,益阳,11.0
20201111,5,SO2_24h,益阳,13.0
20201111,5,NO2,益阳,38.0
20201111,5,NO2_24h,益阳,46.0
20201111,5,O3,益阳,42.0
20201111,5,O3_24h,益阳,167.0
20201111,5,O3_8h,益阳,22.0
20201111,5,O3_8h_24h,益阳,29.0
20201111,5,CO,益阳,1.1
20201111,5,CO_24h,益阳,1.25
20201111,6,AQI,益阳,96.0
20201111,6,PM2.5,益阳,72.0
20201111,6,PM2.5_24h,益阳,69.0
20201111,6,PM10,益阳,94.0
20201111,6,PM10_24h,益阳,107.0
20201111,6,SO2,益阳,8.0
20201111,6,SO2_24h,益阳,13.0
20201111,6,NO2,益阳,27.0
20201111,6,NO2_24h,益阳,47.0
20201111,6,O3,益阳,48.0
20201111,6,O3_24h,益阳,167.0
20201111,6,O3_8h,益阳,26.0
20201111,6,O3_8h_24h,益阳,32.0
20201111,6,CO,益阳,1.08
20201111,6,CO_24h,益阳,1.25
20201111,8,AQI,益阳,85.0
20201111,8,PM2.5,益阳,63.0
20201111,8,PM2.5_24h,益阳,69.0
20201111,8,PM10,益阳,87.0
20201111,8,PM10_24h,益阳,108.0
20201111,8,SO2,益阳,10.0
20201111,8,SO2_24h,益阳,12.0
20201111,8,NO2,益阳,44.0
20201111,8,NO2_24h,益阳,48.0
20201111,8,O3,益阳,33.0
20201111,8,O3_24h,益阳,167.0
20201111,8,O3_8h,益阳,27.0
20201111,8,O3_8h_24h,益阳,33.0
20201111,8,CO,益阳,1.32
20201111,8,CO_24h,益阳,1.25
20201111,10,AQI,益阳,78.0
20201111,10,PM2.5,益阳,57.0
20201111,10,PM2.5_24h,益阳,68.0
20201111,10,PM10,益阳,81.0
20201111,10,PM10_24h,益阳,107.0
20201111,10,SO2,益阳,23.0
20201111,10,SO2_24h,益阳,11.0
20201111,10,NO2,益阳,30.0
20201111,10,NO2_24h,益阳,49.0
20201111,10,O3,益阳,77.0
20201111,10,O3_24h,益阳,167.0
20201111,10,O3_8h,益阳,40.0
20201111,10,O3_8h_24h,益阳,45.0
20201111,10,CO,益阳,1.13
20201111,10,CO_24h,益阳,1.25
20201111,11,AQI,益阳,76.0
20201111,11,PM2.5,益阳,56.0
20201111,11,PM2.5_24h,益阳,69.0
20201111,11,PM10,益阳,81.0
20201111,11,PM10_24h,益阳,107.0
20201111,11,SO2,益阳,17.0
20201111,11,SO2_24h,益阳,11.0
20201111,11,NO2,益阳,24.0
20201111,11,NO2_24h,益阳,49.0
20201111,11,O3,益阳,92.0
20201111,11,O3_24h,益阳,167.0
20201111,11,O3_8h,益阳,51.0
20201111,11,O3_8h_24h,益阳,53.0
20201111,11,CO,益阳,1.13
20201111,11,CO_24h,益阳,1.25
20201111,12,AQI,益阳,75.0
20201111,12,PM2.5,益阳,55.0
20201111,12,PM2.5_24h,益阳,69.0
20201111,12,PM10,益阳,77.0
20201111,12,PM10_24h,益阳,107.0
20201111,12,SO2,益阳,15.0
20201111,12,SO2_24h,益阳,11.0
20201111,12,NO2,益阳,25.0
20201111,12,NO2_24h,益阳,49.0
20201111,12,O3,益阳,111.0
20201111,12,O3_24h,益阳,167.0
20201111,12,O3_8h,益阳,62.0
20201111,12,O3_8h_24h,益阳,63.0
20201111,12,CO,益阳,1.13
20201111,12,CO_24h,益阳,1.25
20201111,13,AQI,益阳,70.0
20201111,13,PM2.5,益阳,51.0
20201111,13,PM2.5_24h,益阳,69.0
20201111,13,PM10,益阳,75.0
20201111,13,PM10_24h,益阳,107.0
20201111,13,SO2,益阳,13.0
20201111,13,SO2_24h,益阳,11.0
20201111,13,NO2,益阳,19.0
20201111,13,NO2_24h,益阳,49.0
20201111,13,O3,益阳,145.0
20201111,13,O3_24h,益阳,167.0
20201111,13,O3_8h,益阳,75.0
20201111,13,O3_8h_24h,益阳,75.0
20201111,13,CO,益阳,1.02
20201111,13,CO_24h,益阳,1.25
20201111,14,AQI,益阳,63.0
20201111,14,PM2.5,益阳,45.0
20201111,14,PM2.5_24h,益阳,69.0
20201111,14,PM10,益阳,73.0
20201111,14,PM10_24h,益阳,107.0
20201111,14,SO2,益阳,10.0
20201111,14,SO2_24h,益阳,11.0
20201111,14,NO2,益阳,19.0
20201111,14,NO2_24h,益阳,49.0
20201111,14,O3,益阳,160.0
20201111,14,O3_24h,益阳,167.0
20201111,14,O3_8h,益阳,89.0
20201111,14,O3_8h_24h,益阳,89.0
20201111,14,CO,益阳,1.0
20201111,14,CO_24h,益阳,1.25
20201111,15,AQI,益阳,60.0
20201111,15,PM2.5,益阳,34.0
20201111,15,PM2.5_24h,益阳,69.0
20201111,15,PM10,益阳,69.0
20201111,15,PM10_24h,益阳,107.0
20201111,15,SO2,益阳,8.0
20201111,15,SO2_24h,益阳,11.0
20201111,15,NO2,益阳,15.0
20201111,15,NO2_24h,益阳,49.0
20201111,15,O3,益阳,161.0
20201111,15,O3_24h,益阳,166.0
20201111,15,O3_8h,益阳,104.0
20201111,15,O3_8h_24h,益阳,104.0
20201111,15,CO,益阳,0.95
20201111,15,CO_24h,益阳,1.25
20201111,16,AQI,益阳,60.0
20201111,16,PM2.5,益阳,33.0
20201111,16,PM2.5_24h,益阳,69.0
20201111,16,PM10,益阳,69.0
20201111,16,PM10_24h,益阳,107.0
20201111,16,SO2,益阳,6.0
20201111,16,SO2_24h,益阳,11.0
20201111,16,NO2,益阳,16.0
20201111,16,NO2_24h,益阳,49.0
20201111,16,O3,益阳,157.0
20201111,16,O3_24h,益阳,161.0
20201111,16,O3_8h,益阳,120.0
20201111,16,O3_8h_24h,益阳,120.0
20201111,16,CO,益阳,0.93
20201111,16,CO_24h,益阳,1.25
20201111,17,AQI,益阳,55.0
20201111,17,PM2.5,益阳,38.0
20201111,17,PM2.5_24h,益阳,69.0
20201111,17,PM10,益阳,60.0
20201111,17,PM10_24h,益阳,107.0
20201111,17,SO2,益阳,5.0
20201111,17,SO2_24h,益阳,10.0
20201111,17,NO2,益阳,20.0
20201111,17,NO2_24h,益阳,49.0
20201111,17,O3,益阳,150.0
20201111,17,O3_24h,益阳,161.0
20201111,17,O3_8h,益阳,132.0
20201111,17,O3_8h_24h,益阳,132.0
20201111,17,CO,益阳,0.92
20201111,17,CO_24h,益阳,1.25
20201111,18,AQI,益阳,97.0
20201111,18,PM2.5,益阳,45.0
20201111,18,PM2.5_24h,益阳,68.0
20201111,18,PM10,益阳,143.0
20201111,18,PM10_24h,益阳,109.0
20201111,18,SO2,益阳,5.0
20201111,18,SO2_24h,益阳,10.0
20201111,18,NO2,益阳,40.0
20201111,18,NO2_24h,益阳,50.0
20201111,18,O3,益阳,121.0
20201111,18,O3_24h,益阳,161.0
20201111,18,O3_8h,益阳,138.0
20201111,18,O3_8h_24h,益阳,138.0
20201111,18,CO,益阳,1.1
20201111,18,CO_24h,益阳,1.25
20201111,19,AQI,益阳,104.0
20201111,19,PM2.5,益阳,64.0
20201111,19,PM2.5_24h,益阳,68.0
20201111,19,PM10,益阳,158.0
20201111,19,PM10_24h,益阳,109.0
20201111,19,SO2,益阳,6.0
20201111,19,SO2_24h,益阳,10.0
20201111,19,NO2,益阳,70.0
20201111,19,NO2_24h,益阳,50.0
20201111,19,O3,益阳,59.0
20201111,19,O3_24h,益阳,161.0
20201111,19,O3_8h,益阳,136.0
20201111,19,O3_8h_24h,益阳,139.0
20201111,19,CO,益阳,1.35
20201111,19,CO_24h,益阳,1.25
20201111,20,AQI,益阳,109.0
20201111,20,PM2.5,益阳,82.0
20201111,20,PM2.5_24h,益阳,68.0
20201111,20,PM10,益阳,127.0
20201111,20,PM10_24h,益阳,109.0
20201111,20,SO2,益阳,7.0
20201111,20,SO2_24h,益阳,10.0
20201111,20,NO2,益阳,79.0
20201111,20,NO2_24h,益阳,50.0
20201111,20,O3,益阳,56.0
20201111,20,O3_24h,益阳,161.0
20201111,20,O3_8h,益阳,128.0
20201111,20,O3_8h_24h,益阳,139.0
20201111,20,CO,益阳,1.6
20201111,20,CO_24h,益阳,1.25
20201111,21,AQI,益阳,120.0
20201111,21,PM2.5,益阳,91.0
20201111,21,PM2.5_24h,益阳,68.0
20201111,21,PM10,益阳,125.0
20201111,21,PM10_24h,益阳,108.0
20201111,21,SO2,益阳,8.0
20201111,21,SO2_24h,益阳,10.0
20201111,21,NO2,益阳,90.0
20201111,21,NO2_24h,益阳,50.0
20201111,21,O3,益阳,26.0
20201111,21,O3_24h,益阳,161.0
20201111,21,O3_8h,益阳,113.0
20201111,21,O3_8h_24h,益阳,139.0
20201111,21,CO,益阳,2.15
20201111,21,CO_24h,益阳,1.27
20201111,22,AQI,益阳,120.0
20201111,22,PM2.5,益阳,91.0
20201111,22,PM2.5_24h,益阳,68.0
20201111,22,PM10,益阳,137.0
20201111,22,PM10_24h,益阳,107.0
20201111,22,SO2,益阳,8.0
20201111,22,SO2_24h,益阳,10.0
20201111,22,NO2,益阳,108.0
20201111,22,NO2_24h,益阳,50.0
20201111,22,O3,益阳,11.0
20201111,22,O3_24h,益阳,161.0
20201111,22,O3_8h,益阳,94.0
20201111,22,O3_8h_24h,益阳,139.0
20201111,22,CO,益阳,1.85
20201111,22,CO_24h,益阳,1.27
20201111,23,AQI,益阳,116.0
20201111,23,PM2.5,益阳,88.0
20201111,23,PM2.5_24h,益阳,67.0
20201111,23,PM10,益阳,135.0
20201111,23,PM10_24h,益阳,106.0
20201111,23,SO2,益阳,8.0
20201111,23,SO2_24h,益阳,10.0
20201111,23,NO2,益阳,101.0
20201111,23,NO2_24h,益阳,51.0
20201111,23,O3,益阳,18.0
20201111,23,O3_24h,益阳,161.0
20201111,23,O3_8h,益阳,75.0
20201111,23,O3_8h_24h,益阳,139.0
20201111,23,CO,益阳,1.6
20201111,23,CO_24h,益阳,1.27
20201111,0,AQI,郴州,80.0
20201111,0,PM2.5,郴州,59.0
20201111,0,PM2.5_24h,郴州,44.0
20201111,0,PM10,郴州,104.0
20201111,0,PM10_24h,郴州,81.0
20201111,0,SO2,郴州,7.0
20201111,0,SO2_24h,郴州,14.0
20201111,0,NO2,郴州,68.0
20201111,0,NO2_24h,郴州,49.0
20201111,0,O3,郴州,23.0
20201111,0,O3_24h,郴州,150.0
20201111,0,O3_8h,郴州,60.0
20201111,0,O3_8h_24h,郴州,133.0
20201111,0,CO,郴州,0.82
20201111,0,CO_24h,郴州,0.73
20201111,1,AQI,郴州,85.0
20201111,1,PM2.5,郴州,56.0
20201111,1,PM2.5_24h,郴州,44.0
20201111,1,PM10,郴州,119.0
20201111,1,PM10_24h,郴州,82.0
20201111,1,SO2,郴州,6.0
20201111,1,SO2_24h,郴州,14.0
20201111,1,NO2,郴州,65.0
20201111,1,NO2_24h,郴州,50.0
20201111,1,O3,郴州,17.0
20201111,1,O3_24h,郴州,150.0
20201111,1,O3_8h,郴州,17.0
20201111,1,O3_8h_24h,郴州,17.0
20201111,1,CO,郴州,0.78
20201111,1,CO_24h,郴州,0.73
20201111,2,AQI,郴州,80.0
20201111,2,PM2.5,郴州,54.0
20201111,2,PM2.5_24h,郴州,45.0
20201111,2,PM10,郴州,109.0
20201111,2,PM10_24h,郴州,83.0
20201111,2,SO2,郴州,6.0
20201111,2,SO2_24h,郴州,14.0
20201111,2,NO2,郴州,64.0
20201111,2,NO2_24h,郴州,50.0
20201111,2,O3,郴州,13.0
20201111,2,O3_24h,郴州,150.0
20201111,2,O3_8h,郴州,15.0
20201111,2,O3_8h_24h,郴州,17.0
20201111,2,CO,郴州,0.78
20201111,2,CO_24h,郴州,0.73
20201111,3,AQI,郴州,78.0
20201111,3,PM2.5,郴州,53.0
20201111,3,PM2.5_24h,郴州,46.0
20201111,3,PM10,郴州,106.0
20201111,3,PM10_24h,郴州,85.0
20201111,3,SO2,郴州,6.0
20201111,3,SO2_24h,郴州,14.0
20201111,3,NO2,郴州,62.0
20201111,3,NO2_24h,郴州,50.0
20201111,3,O3,郴州,12.0
20201111,3,O3_24h,郴州,150.0
20201111,3,O3_8h,郴州,14.0
20201111,3,O3_8h_24h,郴州,17.0
20201111,3,CO,郴州,0.7
20201111,3,CO_24h,郴州,0.73
20201111,4,AQI,郴州,68.0
20201111,4,PM2.5,郴州,49.0
20201111,4,PM2.5_24h,郴州,46.0
20201111,4,PM10,郴州,81.0
20201111,4,PM10_24h,郴州,85.0
20201111,4,SO2,郴州,6.0
20201111,4,SO2_24h,郴州,14.0
20201111,4,NO2,郴州,61.0
20201111,4,NO2_24h,郴州,51.0
20201111,4,O3,郴州,10.0
20201111,4,O3_24h,郴州,150.0
20201111,4,O3_8h,郴州,13.0
20201111,4,O3_8h_24h,郴州,17.0
20201111,4,CO,郴州,0.72
20201111,4,CO_24h,郴州,0.73
20201111,5,AQI,郴州,66.0
20201111,5,PM2.5,郴州,48.0
20201111,5,PM2.5_24h,郴州,46.0
20201111,5,PM10,郴州,78.0
20201111,5,PM10_24h,郴州,85.0
20201111,5,SO2,郴州,5.0
20201111,5,SO2_24h,郴州,14.0
20201111,5,NO2,郴州,54.0
20201111,5,NO2_24h,郴州,51.0
20201111,5,O3,郴州,10.0
20201111,5,O3_24h,郴州,150.0
20201111,5,O3_8h,郴州,12.0
20201111,5,O3_8h_24h,郴州,17.0
20201111,5,CO,郴州,0.7
20201111,5,CO_24h,郴州,0.73
20201111,6,AQI,郴州,68.0
20201111,6,PM2.5,郴州,49.0
20201111,6,PM2.5_24h,郴州,47.0
20201111,6,PM10,郴州,76.0
20201111,6,PM10_24h,郴州,86.0
20201111,6,SO2,郴州,5.0
20201111,6,SO2_24h,郴州,14.0
20201111,6,NO2,郴州,51.0
20201111,6,NO2_24h,郴州,51.0
20201111,6,O3,郴州,9.0
20201111,6,O3_24h,郴州,150.0
20201111,6,O3_8h,郴州,12.0
20201111,6,O3_8h_24h,郴州,17.0
20201111,6,CO,郴州,0.7
20201111,6,CO_24h,郴州,0.73
20201111,8,AQI,郴州,68.0
20201111,8,PM2.5,郴州,49.0
20201111,8,PM2.5_24h,郴州,47.0
20201111,8,PM10,郴州,76.0
20201111,8,PM10_24h,郴州,87.0
20201111,8,SO2,郴州,7.0
20201111,8,SO2_24h,郴州,14.0
20201111,8,NO2,郴州,48.0
20201111,8,NO2_24h,郴州,50.0
20201111,8,O3,郴州,12.0
20201111,8,O3_24h,郴州,150.0
20201111,8,O3_8h,郴州,11.0
20201111,8,O3_8h_24h,郴州,17.0
20201111,8,CO,郴州,0.8
20201111,8,CO_24h,郴州,0.73
20201111,10,AQI,郴州,66.0
20201111,10,PM2.5,郴州,46.0
20201111,10,PM2.5_24h,郴州,47.0
20201111,10,PM10,郴州,81.0
20201111,10,PM10_24h,郴州,87.0
20201111,10,SO2,郴州,34.0
20201111,10,SO2_24h,郴州,14.0
20201111,10,NO2,郴州,51.0
20201111,10,NO2_24h,郴州,50.0
20201111,10,O3,郴州,49.0
20201111,10,O3_24h,郴州,150.0
20201111,10,O3_8h,郴州,15.0
20201111,10,O3_8h_24h,郴州,19.0
20201111,10,CO,郴州,0.82
20201111,10,CO_24h,郴州,0.73
20201111,11,AQI,郴州,68.0
20201111,11,PM2.5,郴州,49.0
20201111,11,PM2.5_24h,郴州,47.0
20201111,11,PM10,郴州,85.0
20201111,11,PM10_24h,郴州,87.0
20201111,11,SO2,郴州,33.0
20201111,11,SO2_24h,郴州,13.0
20201111,11,NO2,郴州,30.0
20201111,11,NO2_24h,郴州,50.0
20201111,11,O3,郴州,86.0
20201111,11,O3_24h,郴州,146.0
20201111,11,O3_8h,郴州,24.0
20201111,11,O3_8h_24h,郴州,24.0
20201111,11,CO,郴州,0.77
20201111,11,CO_24h,郴州,0.73
20201111,12,AQI,郴州,73.0
20201111,12,PM2.5,郴州,53.0
20201111,12,PM2.5_24h,郴州,47.0
20201111,12,PM10,郴州,88.0
20201111,12,PM10_24h,郴州,87.0
20201111,12,SO2,郴州,28.0
20201111,12,SO2_24h,郴州,13.0
20201111,12,NO2,郴州,28.0
20201111,12,NO2_24h,郴州,50.0
20201111,12,O3,郴州,106.0
20201111,12,O3_24h,郴州,146.0
20201111,12,O3_8h,郴州,37.0
20201111,12,O3_8h_24h,郴州,37.0
20201111,12,CO,郴州,0.65
20201111,12,CO_24h,郴州,0.73
20201111,13,AQI,郴州,69.0
20201111,13,PM2.5,郴州,50.0
20201111,13,PM2.5_24h,郴州,48.0
20201111,13,PM10,郴州,83.0
20201111,13,PM10_24h,郴州,87.0
20201111,13,SO2,郴州,31.0
20201111,13,SO2_24h,郴州,14.0
20201111,13,NO2,郴州,19.0
20201111,13,NO2_24h,郴州,50.0
20201111,13,O3,郴州,121.0
20201111,13,O3_24h,郴州,146.0
20201111,13,O3_8h,郴州,51.0
20201111,13,O3_8h_24h,郴州,51.0
20201111,13,CO,郴州,0.63
20201111,13,CO_24h,郴州,0.73
20201111,14,AQI,郴州,62.0
20201111,14,PM2.5,郴州,42.0
20201111,14,PM2.5_24h,郴州,48.0
20201111,14,PM10,郴州,73.0
20201111,14,PM10_24h,郴州,87.0
20201111,14,SO2,郴州,21.0
20201111,14,SO2_24h,郴州,14.0
20201111,14,NO2,郴州,15.0
20201111,14,NO2_24h,郴州,51.0
20201111,14,O3,郴州,136.0
20201111,14,O3_24h,郴州,150.0
20201111,14,O3_8h,郴州,64.0
20201111,14,O3_8h_24h,郴州,64.0
20201111,14,CO,郴州,0.5
20201111,14,CO_24h,郴州,0.73
20201111,15,AQI,郴州,61.0
20201111,15,PM2.5,郴州,36.0
20201111,15,PM2.5_24h,郴州,48.0
20201111,15,PM10,郴州,71.0
20201111,15,PM10_24h,郴州,87.0
20201111,15,SO2,郴州,19.0
20201111,15,SO2_24h,郴州,14.0
20201111,15,NO2,郴州,15.0
20201111,15,NO2_24h,郴州,52.0
20201111,15,O3,郴州,140.0
20201111,15,O3_24h,郴州,150.0
20201111,15,O3_8h,郴州,83.0
20201111,15,O3_8h_24h,郴州,83.0
20201111,15,CO,郴州,0.5
20201111,15,CO_24h,郴州,0.73
20201111,16,AQI,郴州,68.0
20201111,16,PM2.5,郴州,49.0
20201111,16,PM2.5_24h,郴州,49.0
20201111,16,PM10,郴州,70.0
20201111,16,PM10_24h,郴州,87.0
20201111,16,SO2,郴州,20.0
20201111,16,SO2_24h,郴州,14.0
20201111,16,NO2,郴州,16.0
20201111,16,NO2_24h,郴州,51.0
20201111,16,O3,郴州,146.0
20201111,16,O3_24h,郴州,148.0
20201111,16,O3_8h,郴州,104.0
20201111,16,O3_8h_24h,郴州,104.0
20201111,16,CO,郴州,0.57
20201111,16,CO_24h,郴州,0.73
20201111,17,AQI,郴州,61.0
20201111,17,PM2.5,郴州,44.0
20201111,17,PM2.5_24h,郴州,49.0
20201111,17,PM10,郴州,68.0
20201111,17,PM10_24h,郴州,87.0
20201111,17,SO2,郴州,19.0
20201111,17,SO2_24h,郴州,14.0
20201111,17,NO2,郴州,19.0
20201111,17,NO2_24h,郴州,51.0
20201111,17,O3,郴州,145.0
20201111,17,O3_24h,郴州,146.0
20201111,17,O3_8h,郴州,119.0
20201111,17,O3_8h_24h,郴州,119.0
20201111,17,CO,郴州,0.55
20201111,17,CO_24h,郴州,0.73
20201111,18,AQI,郴州,61.0
20201111,18,PM2.5,郴州,44.0
20201111,18,PM2.5_24h,郴州,50.0
20201111,18,PM10,郴州,66.0
20201111,18,PM10_24h,郴州,87.0
20201111,18,SO2,郴州,16.0
20201111,18,SO2_24h,郴州,13.0
20201111,18,NO2,郴州,32.0
20201111,18,NO2_24h,郴州,49.0
20201111,18,O3,郴州,111.0
20201111,18,O3_24h,郴州,141.0
20201111,18,O3_8h,郴州,121.0
20201111,18,O3_8h_24h,郴州,121.0
20201111,18,CO,郴州,0.67
20201111,18,CO_24h,郴州,0.73
20201111,19,AQI,郴州,63.0
20201111,19,PM2.5,郴州,45.0
20201111,19,PM2.5_24h,郴州,50.0
20201111,19,PM10,郴州,70.0
20201111,19,PM10_24h,郴州,86.0
20201111,19,SO2,郴州,13.0
20201111,19,SO2_24h,郴州,13.0
20201111,19,NO2,郴州,53.0
20201111,19,NO2_24h,郴州,49.0
20201111,19,O3,郴州,72.0
20201111,19,O3_24h,郴州,141.0
20201111,19,O3_8h,郴州,120.0
20201111,19,O3_8h_24h,郴州,122.0
20201111,19,CO,郴州,0.9
20201111,19,CO_24h,郴州,0.73
20201111,20,AQI,郴州,67.0
20201111,20,PM2.5,郴州,47.0
20201111,20,PM2.5_24h,郴州,50.0
20201111,20,PM10,郴州,83.0
20201111,20,PM10_24h,郴州,86.0
20201111,20,SO2,郴州,11.0
20201111,20,SO2_24h,郴州,13.0
20201111,20,NO2,郴州,71.0
20201111,20,NO2_24h,郴州,49.0
20201111,20,O3,郴州,47.0
20201111,20,O3_24h,郴州,141.0
20201111,20,O3_8h,郴州,112.0
20201111,20,O3_8h_24h,郴州,122.0
20201111,20,CO,郴州,0.93
20201111,20,CO_24h,郴州,0.73
20201111,21,AQI,郴州,74.0
20201111,21,PM2.5,郴州,53.0
20201111,21,PM2.5_24h,郴州,50.0
20201111,21,PM10,郴州,97.0
20201111,21,PM10_24h,郴州,86.0
20201111,21,SO2,郴州,9.0
20201111,21,SO2_24h,郴州,13.0
20201111,21,NO2,郴州,86.0
20201111,21,NO2_24h,郴州,48.0
20201111,21,O3,郴州,22.0
20201111,21,O3_24h,郴州,141.0
20201111,21,O3_8h,郴州,100.0
20201111,21,O3_8h_24h,郴州,122.0
20201111,21,CO,郴州,1.0
20201111,21,CO_24h,郴州,0.73
20201111,22,AQI,郴州,79.0
20201111,22,PM2.5,郴州,58.0
20201111,22,PM2.5_24h,郴州,50.0
20201111,22,PM10,郴州,108.0
20201111,22,PM10_24h,郴州,86.0
20201111,22,SO2,郴州,8.0
20201111,22,SO2_24h,郴州,13.0
20201111,22,NO2,郴州,81.0
20201111,22,NO2_24h,郴州,48.0
20201111,22,O3,郴州,18.0
20201111,22,O3_24h,郴州,141.0
20201111,22,O3_8h,郴州,86.0
20201111,22,O3_8h_24h,郴州,122.0
20201111,22,CO,郴州,1.0
20201111,22,CO_24h,郴州,0.77
20201111,23,AQI,郴州,86.0
20201111,23,PM2.5,郴州,64.0
20201111,23,PM2.5_24h,郴州,50.0
20201111,23,PM10,郴州,113.0
20201111,23,PM10_24h,郴州,86.0
20201111,23,SO2,郴州,7.0
20201111,23,SO2_24h,郴州,13.0
20201111,23,NO2,郴州,77.0
20201111,23,NO2_24h,郴州,48.0
20201111,23,O3,郴州,13.0
20201111,23,O3_24h,郴州,141.0
20201111,23,O3_8h,郴州,70.0
20201111,23,O3_8h_24h,郴州,122.0
20201111,23,CO,郴州,0.93
20201111,23,CO_24h,郴州,0.77
20201111,0,AQI,永州,93.0
20201111,0,PM2.5,永州,69.0
20201111,0,PM2.5_24h,永州,48.0
20201111,0,PM10,永州,114.0
20201111,0,PM10_24h,永州,88.0
20201111,0,SO2,永州,14.0
20201111,0,SO2_24h,永州,14.0
20201111,0,NO2,永州,46.0
20201111,0,NO2_24h,永州,43.0
20201111,0,O3,永州,72.0
20201111,0,O3_24h,永州,175.0
20201111,0,O3_8h,永州,112.0
20201111,0,O3_8h_24h,永州,156.0
20201111,0,CO,永州,0.85
20201111,0,CO_24h,永州,0.8
20201111,1,AQI,永州,86.0
20201111,1,PM2.5,永州,64.0
20201111,1,PM2.5_24h,永州,48.0
20201111,1,PM10,永州,100.0
20201111,1,PM10_24h,永州,89.0
20201111,1,SO2,永州,12.0
20201111,1,SO2_24h,永州,14.0
20201111,1,NO2,永州,53.0
20201111,1,NO2_24h,永州,43.0
20201111,1,O3,永州,53.0
20201111,1,O3_24h,永州,175.0
20201111,1,O3_8h,永州,53.0
20201111,1,O3_8h_24h,永州,53.0
20201111,1,CO,永州,0.85
20201111,1,CO_24h,永州,0.8
20201111,2,AQI,永州,85.0
20201111,2,PM2.5,永州,63.0
20201111,2,PM2.5_24h,永州,49.0
20201111,2,PM10,永州,90.0
20201111,2,PM10_24h,永州,89.0
20201111,2,SO2,永州,10.0
20201111,2,SO2_24h,永州,14.0
20201111,2,NO2,永州,43.0
20201111,2,NO2_24h,永州,43.0
20201111,2,O3,永州,53.0
20201111,2,O3_24h,永州,175.0
20201111,2,O3_8h,永州,53.0
20201111,2,O3_8h_24h,永州,55.0
20201111,2,CO,永州,0.8
20201111,2,CO_24h,永州,0.8
20201111,3,AQI,永州,76.0
20201111,3,PM2.5,永州,56.0
20201111,3,PM2.5_24h,永州,49.0
20201111,3,PM10,永州,83.0
20201111,3,PM10_24h,永州,89.0
20201111,3,SO2,永州,12.0
20201111,3,SO2_24h,永州,15.0
20201111,3,NO2,永州,46.0
20201111,3,NO2_24h,永州,43.0
20201111,3,O3,永州,47.0
20201111,3,O3_24h,永州,175.0
20201111,3,O3_8h,永州,51.0
20201111,3,O3_8h_24h,永州,56.0
20201111,3,CO,永州,0.77
20201111,3,CO_24h,永州,0.8
20201111,4,AQI,永州,65.0
20201111,4,PM2.5,永州,46.0
20201111,4,PM2.5_24h,永州,49.0
20201111,4,PM10,永州,80.0
20201111,4,PM10_24h,永州,89.0
20201111,4,SO2,永州,13.0
20201111,4,SO2_24h,永州,15.0
20201111,4,NO2,永州,49.0
20201111,4,NO2_24h,永州,43.0
20201111,4,O3,永州,31.0
20201111,4,O3_24h,永州,175.0
20201111,4,O3_8h,永州,46.0
20201111,4,O3_8h_24h,永州,56.0
20201111,4,CO,永州,0.85
20201111,4,CO_24h,永州,0.8
20201111,5,AQI,永州,65.0
20201111,5,PM2.5,永州,47.0
20201111,5,PM2.5_24h,永州,49.0
20201111,5,PM10,永州,78.0
20201111,5,PM10_24h,永州,89.0
20201111,5,SO2,永州,14.0
20201111,5,SO2_24h,永州,15.0
20201111,5,NO2,永州,50.0
20201111,5,NO2_24h,永州,44.0
20201111,5,O3,永州,27.0
20201111,5,O3_24h,永州,175.0
20201111,5,O3_8h,永州,42.0
20201111,5,O3_8h_24h,永州,56.0
20201111,5,CO,永州,0.85
20201111,5,CO_24h,永州,0.8
20201111,6,AQI,永州,74.0
20201111,6,PM2.5,永州,54.0
20201111,6,PM2.5_24h,永州,49.0
20201111,6,PM10,永州,80.0
20201111,6,PM10_24h,永州,89.0
20201111,6,SO2,永州,15.0
20201111,6,SO2_24h,永州,15.0
20201111,6,NO2,永州,50.0
20201111,6,NO2_24h,永州,44.0
20201111,6,O3,永州,24.0
20201111,6,O3_24h,永州,175.0
20201111,6,O3_8h,永州,39.0
20201111,6,O3_8h_24h,永州,56.0
20201111,6,CO,永州,0.88
20201111,6,CO_24h,永州,0.8
20201111,8,AQI,永州,76.0
20201111,8,PM2.5,永州,56.0
20201111,8,PM2.5_24h,永州,49.0
20201111,8,PM10,永州,77.0
20201111,8,PM10_24h,永州,90.0
20201111,8,SO2,永州,12.0
20201111,8,SO2_24h,永州,14.0
20201111,8,NO2,永州,49.0
20201111,8,NO2_24h,永州,43.0
20201111,8,O3,永州,18.0
20201111,8,O3_24h,永州,175.0
20201111,8,O3_8h,永州,36.0
20201111,8,O3_8h_24h,永州,56.0
20201111,8,CO,永州,0.95
20201111,8,CO_24h,永州,0.8
20201111,10,AQI,永州,79.0
20201111,10,PM2.5,永州,58.0
20201111,10,PM2.5_24h,永州,50.0
20201111,10,PM10,永州,82.0
20201111,10,PM10_24h,永州,90.0
20201111,10,SO2,永州,16.0
20201111,10,SO2_24h,永州,14.0
20201111,10,NO2,永州,54.0
20201111,10,NO2_24h,永州,44.0
20201111,10,O3,永州,44.0
20201111,10,O3_24h,永州,175.0
20201111,10,O3_8h,永州,29.0
20201111,10,O3_8h_24h,永州,56.0
20201111,10,CO,永州,0.97
20201111,10,CO_24h,永州,0.8
20201111,11,AQI,永州,81.0
20201111,11,PM2.5,永州,60.0
20201111,11,PM2.5_24h,永州,51.0
20201111,11,PM10,永州,90.0
20201111,11,PM10_24h,永州,90.0
20201111,11,SO2,永州,22.0
20201111,11,SO2_24h,永州,14.0
20201111,11,NO2,永州,47.0
20201111,11,NO2_24h,永州,44.0
20201111,11,O3,永州,95.0
20201111,11,O3_24h,永州,175.0
20201111,11,O3_8h,永州,35.0
20201111,11,O3_8h_24h,永州,56.0
20201111,11,CO,永州,0.85
20201111,11,CO_24h,永州,0.8
20201111,12,AQI,永州,71.0
20201111,12,PM2.5,永州,52.0
20201111,12,PM2.5_24h,永州,51.0
20201111,12,PM10,永州,87.0
20201111,12,PM10_24h,永州,90.0
20201111,12,SO2,永州,18.0
20201111,12,SO2_24h,永州,14.0
20201111,12,NO2,永州,35.0
20201111,12,NO2_24h,永州,44.0
20201111,12,O3,永州,136.0
20201111,12,O3_24h,永州,175.0
20201111,12,O3_8h,永州,48.0
20201111,12,O3_8h_24h,永州,58.0
20201111,12,CO,永州,0.75
20201111,12,CO_24h,永州,0.82
20201111,13,AQI,永州,65.0
20201111,13,PM2.5,永州,47.0
20201111,13,PM2.5_24h,永州,51.0
20201111,13,PM10,永州,77.0
20201111,13,PM10_24h,永州,89.0
20201111,13,SO2,永州,15.0
20201111,13,SO2_24h,永州,14.0
20201111,13,NO2,永州,26.0
20201111,13,NO2_24h,永州,44.0
20201111,13,O3,永州,158.0
20201111,13,O3_24h,永州,175.0
20201111,13,O3_8h,永州,65.0
20201111,13,O3_8h_24h,永州,67.0
20201111,13,CO,永州,0.65
20201111,13,CO_24h,永州,0.8
20201111,14,AQI,永州,58.0
20201111,14,PM2.5,永州,40.0
20201111,14,PM2.5_24h,永州,51.0
20201111,14,PM10,永州,66.0
20201111,14,PM10_24h,永州,89.0
20201111,14,SO2,永州,14.0
20201111,14,SO2_24h,永州,14.0
20201111,14,NO2,永州,26.0
20201111,14,NO2_24h,永州,44.0
20201111,14,O3,永州,158.0
20201111,14,O3_24h,永州,175.0
20201111,14,O3_8h,永州,81.0
20201111,14,O3_8h_24h,永州,81.0
20201111,14,CO,永州,0.57
20201111,14,CO_24h,永州,0.82
20201111,15,AQI,永州,55.0
20201111,15,PM2.5,永州,37.0
20201111,15,PM2.5_24h,永州,51.0
20201111,15,PM10,永州,59.0
20201111,15,PM10_24h,永州,88.0
20201111,15,SO2,永州,12.0
20201111,15,SO2_24h,永州,14.0
20201111,15,NO2,永州,27.0
20201111,15,NO2_24h,永州,45.0
20201111,15,O3,永州,157.0
20201111,15,O3_24h,永州,171.0
20201111,15,O3_8h,永州,99.0
20201111,15,O3_8h_24h,永州,99.0
20201111,15,CO,永州,0.53
20201111,15,CO_24h,永州,0.82
20201111,16,AQI,永州,55.0
20201111,16,PM2.5,永州,35.0
20201111,16,PM2.5_24h,永州,51.0
20201111,16,PM10,永州,60.0
20201111,16,PM10_24h,永州,87.0
20201111,16,SO2,永州,9.0
20201111,16,SO2_24h,永州,14.0
20201111,16,NO2,永州,29.0
20201111,16,NO2_24h,永州,44.0
20201111,16,O3,永州,159.0
20201111,16,O3_24h,永州,167.0
20201111,16,O3_8h,永州,116.0
20201111,16,O3_8h_24h,永州,116.0
20201111,16,CO,永州,0.53
20201111,16,CO_24h,永州,0.82
20201111,17,AQI,永州,55.0
20201111,17,PM2.5,永州,29.0
20201111,17,PM2.5_24h,永州,51.0
20201111,17,PM10,永州,60.0
20201111,17,PM10_24h,永州,87.0
20201111,17,SO2,永州,10.0
20201111,17,SO2_24h,永州,14.0
20201111,17,NO2,永州,34.0
20201111,17,NO2_24h,永州,45.0
20201111,17,O3,永州,156.0
20201111,17,O3_24h,永州,162.0
20201111,17,O3_8h,永州,133.0
20201111,17,O3_8h_24h,永州,133.0
20201111,17,CO,永州,0.63
20201111,17,CO_24h,永州,0.82
20201111,18,AQI,永州,63.0
20201111,18,PM2.5,永州,36.0
20201111,18,PM2.5_24h,永州,50.0
20201111,18,PM10,永州,75.0
20201111,18,PM10_24h,永州,86.0
20201111,18,SO2,永州,11.0
20201111,18,SO2_24h,永州,14.0
20201111,18,NO2,永州,42.0
20201111,18,NO2_24h,永州,45.0
20201111,18,O3,永州,140.0
20201111,18,O3_24h,永州,162.0
20201111,18,O3_8h,永州,145.0
20201111,18,O3_8h_24h,永州,145.0
20201111,18,CO,永州,0.68
20201111,18,CO_24h,永州,0.82
20201111,19,AQI,永州,75.0
20201111,19,PM2.5,永州,40.0
20201111,19,PM2.5_24h,永州,50.0
20201111,19,PM10,永州,100.0
20201111,19,PM10_24h,永州,86.0
20201111,19,SO2,永州,12.0
20201111,19,SO2_24h,永州,14.0
20201111,19,NO2,永州,53.0
20201111,19,NO2_24h,永州,45.0
20201111,19,O3,永州,120.0
20201111,19,O3_24h,永州,162.0
20201111,19,O3_8h,永州,149.0
20201111,19,O3_8h_24h,永州,150.0
20201111,19,CO,永州,0.9
20201111,19,CO_24h,永州,0.8
20201111,20,AQI,永州,75.0
20201111,20,PM2.5,永州,44.0
20201111,20,PM2.5_24h,永州,50.0
20201111,20,PM10,永州,99.0
20201111,20,PM10_24h,永州,86.0
20201111,20,SO2,永州,15.0
20201111,20,SO2_24h,永州,14.0
20201111,20,NO2,永州,51.0
20201111,20,NO2_24h,永州,45.0
20201111,20,O3,永州,111.0
20201111,20,O3_24h,永州,162.0
20201111,20,O3_8h,永州,146.0
20201111,20,O3_8h_24h,永州,150.0
20201111,20,CO,永州,0.85
20201111,20,CO_24h,永州,0.8
20201111,21,AQI,永州,74.0
20201111,21,PM2.5,永州,49.0
20201111,21,PM2.5_24h,永州,50.0
20201111,21,PM10,永州,98.0
20201111,21,PM10_24h,永州,86.0
20201111,21,SO2,永州,16.0
20201111,21,SO2_24h,永州,14.0
20201111,21,NO2,永州,54.0
20201111,21,NO2_24h,永州,45.0
20201111,21,O3,永州,86.0
20201111,21,O3_24h,永州,162.0
20201111,21,O3_8h,永州,137.0
20201111,21,O3_8h_24h,永州,150.0
20201111,21,CO,永州,0.9
20201111,21,CO_24h,永州,0.8
20201111,22,AQI,永州,80.0
20201111,22,PM2.5,永州,58.0
20201111,22,PM2.5_24h,永州,50.0
20201111,22,PM10,永州,110.0
20201111,22,PM10_24h,永州,86.0
20201111,22,SO2,永州,15.0
20201111,22,SO2_24h,永州,14.0
20201111,22,NO2,永州,64.0
20201111,22,NO2_24h,永州,45.0
20201111,22,O3,永州,63.0
20201111,22,O3_24h,永州,162.0
20201111,22,O3_8h,永州,124.0
20201111,22,O3_8h_24h,永州,150.0
20201111,22,CO,永州,0.97
20201111,22,CO_24h,永州,0.8
20201111,23,AQI,永州,80.0
20201111,23,PM2.5,永州,59.0
20201111,23,PM2.5_24h,永州,50.0
20201111,23,PM10,永州,107.0
20201111,23,PM10_24h,永州,85.0
20201111,23,SO2,永州,15.0
20201111,23,SO2_24h,永州,14.0
20201111,23,NO2,永州,56.0
20201111,23,NO2_24h,永州,45.0
20201111,23,O3,永州,60.0
20201111,23,O3_24h,永州,162.0
20201111,23,O3_8h,永州,111.0
20201111,23,O3_8h_24h,永州,150.0
20201111,23,CO,永州,0.95
20201111,23,CO_24h,永州,0.82
20201111,0,AQI,怀化,82.0
20201111,0,PM2.5,怀化,43.0
20201111,0,PM2.5_24h,怀化,36.0
20201111,0,PM10,怀化,114.0
20201111,0,PM10_24h,怀化,88.0
20201111,0,SO2,怀化,22.0
20201111,0,SO2_24h,怀化,17.0
20201111,0,NO2,怀化,51.0
20201111,0,NO2_24h,怀化,38.0
20201111,0,O3,怀化,10.0
20201111,0,O3_24h,怀化,136.0
20201111,0,O3_8h,怀化,50.0
20201111,0,O3_8h_24h,怀化,111.0
20201111,0,CO,怀化,1.18
20201111,0,CO_24h,怀化,1.1
20201111,1,AQI,怀化,81.0
20201111,1,PM2.5,怀化,40.0
20201111,1,PM2.5_24h,怀化,36.0
20201111,1,PM10,怀化,112.0
20201111,1,PM10_24h,怀化,89.0
20201111,1,SO2,怀化,14.0
20201111,1,SO2_24h,怀化,17.0
20201111,1,NO2,怀化,48.0
20201111,1,NO2_24h,怀化,38.0
20201111,1,O3,怀化,8.0
20201111,1,O3_24h,怀化,136.0
20201111,1,O3_8h,怀化,8.0
20201111,1,O3_8h_24h,怀化,8.0
20201111,1,CO,怀化,1.2
20201111,1,CO_24h,怀化,1.1
20201111,2,AQI,怀化,78.0
20201111,2,PM2.5,怀化,40.0
20201111,2,PM2.5_24h,怀化,36.0
20201111,2,PM10,怀化,105.0
20201111,2,PM10_24h,怀化,89.0
20201111,2,SO2,怀化,10.0
20201111,2,SO2_24h,怀化,17.0
20201111,2,NO2,怀化,42.0
20201111,2,NO2_24h,怀化,38.0
20201111,2,O3,怀化,7.0
20201111,2,O3_24h,怀化,136.0
20201111,2,O3_8h,怀化,8.0
20201111,2,O3_8h_24h,怀化,8.0
20201111,2,CO,怀化,1.2
20201111,2,CO_24h,怀化,1.1
20201111,3,AQI,怀化,74.0
20201111,3,PM2.5,怀化,40.0
20201111,3,PM2.5_24h,怀化,37.0
20201111,3,PM10,怀化,98.0
20201111,3,PM10_24h,怀化,89.0
20201111,3,SO2,怀化,12.0
20201111,3,SO2_24h,怀化,17.0
20201111,3,NO2,怀化,40.0
20201111,3,NO2_24h,怀化,38.0
20201111,3,O3,怀化,6.0
20201111,3,O3_24h,怀化,136.0
20201111,3,O3_8h,怀化,7.0
20201111,3,O3_8h_24h,怀化,8.0
20201111,3,CO,怀化,1.18
20201111,3,CO_24h,怀化,1.1
20201111,4,AQI,怀化,71.0
20201111,4,PM2.5,怀化,38.0
20201111,4,PM2.5_24h,怀化,37.0
20201111,4,PM10,怀化,92.0
20201111,4,PM10_24h,怀化,89.0
20201111,4,SO2,怀化,12.0
20201111,4,SO2_24h,怀化,17.0
20201111,4,NO2,怀化,36.0
20201111,4,NO2_24h,怀化,38.0
20201111,4,O3,怀化,6.0
20201111,4,O3_24h,怀化,136.0
20201111,4,O3_8h,怀化,7.0
20201111,4,O3_8h_24h,怀化,8.0
20201111,4,CO,怀化,1.15
20201111,4,CO_24h,怀化,1.1
20201111,5,AQI,怀化,69.0
20201111,5,PM2.5,怀化,38.0
20201111,5,PM2.5_24h,怀化,37.0
20201111,5,PM10,怀化,87.0
20201111,5,PM10_24h,怀化,89.0
20201111,5,SO2,怀化,9.0
20201111,5,SO2_24h,怀化,17.0
20201111,5,NO2,怀化,36.0
20201111,5,NO2_24h,怀化,38.0
20201111,5,O3,怀化,7.0
20201111,5,O3_24h,怀化,136.0
20201111,5,O3_8h,怀化,7.0
20201111,5,O3_8h_24h,怀化,8.0
20201111,5,CO,怀化,1.13
20201111,5,CO_24h,怀化,1.1
20201111,6,AQI,怀化,66.0
20201111,6,PM2.5,怀化,33.0
20201111,6,PM2.5_24h,怀化,37.0
20201111,6,PM10,怀化,81.0
20201111,6,PM10_24h,怀化,89.0
20201111,6,SO2,怀化,20.0
20201111,6,SO2_24h,怀化,18.0
20201111,6,NO2,怀化,34.0
20201111,6,NO2_24h,怀化,38.0
20201111,6,O3,怀化,7.0
20201111,6,O3_24h,怀化,136.0
20201111,6,O3_8h,怀化,7.0
20201111,6,O3_8h_24h,怀化,8.0
20201111,6,CO,怀化,1.15
20201111,6,CO_24h,怀化,1.13
20201111,8,AQI,怀化,65.0
20201111,8,PM2.5,怀化,40.0
20201111,8,PM2.5_24h,怀化,38.0
20201111,8,PM10,怀化,79.0
20201111,8,PM10_24h,怀化,90.0
20201111,8,SO2,怀化,23.0
20201111,8,SO2_24h,怀化,19.0
20201111,8,NO2,怀化,30.0
20201111,8,NO2_24h,怀化,38.0
20201111,8,O3,怀化,9.0
20201111,8,O3_24h,怀化,136.0
20201111,8,O3_8h,怀化,7.0
20201111,8,O3_8h_24h,怀化,8.0
20201111,8,CO,怀化,1.27
20201111,8,CO_24h,怀化,1.18
20201111,10,AQI,怀化,73.0
20201111,10,PM2.5,怀化,42.0
20201111,10,PM2.5_24h,怀化,38.0
20201111,10,PM10,怀化,96.0
20201111,10,PM10_24h,怀化,90.0
20201111,10,SO2,怀化,34.0
20201111,10,SO2_24h,怀化,18.0
20201111,10,NO2,怀化,41.0
20201111,10,NO2_24h,怀化,38.0
20201111,10,O3,怀化,32.0
20201111,10,O3_24h,怀化,136.0
20201111,10,O3_8h,怀化,11.0
20201111,10,O3_8h_24h,怀化,12.0
20201111,10,CO,怀化,1.35
20201111,10,CO_24h,怀化,1.18
20201111,11,AQI,怀化,76.0
20201111,11,PM2.5,怀化,47.0
20201111,11,PM2.5_24h,怀化,38.0
20201111,11,PM10,怀化,101.0
20201111,11,PM10_24h,怀化,90.0
20201111,11,SO2,怀化,37.0
20201111,11,SO2_24h,怀化,18.0
20201111,11,NO2,怀化,40.0
20201111,11,NO2_24h,怀化,38.0
20201111,11,O3,怀化,59.0
20201111,11,O3_24h,怀化,136.0
20201111,11,O3_8h,怀化,17.0
20201111,11,O3_8h_24h,怀化,17.0
20201111,11,CO,怀化,1.3
20201111,11,CO_24h,怀化,1.18
20201111,12,AQI,怀化,76.0
20201111,12,PM2.5,怀化,47.0
20201111,12,PM2.5_24h,怀化,38.0
20201111,12,PM10,怀化,102.0
20201111,12,PM10_24h,怀化,90.0
20201111,12,SO2,怀化,32.0
20201111,12,SO2_24h,怀化,18.0
20201111,12,NO2,怀化,28.0
20201111,12,NO2_24h,怀化,37.0
20201111,12,O3,怀化,91.0
20201111,12,O3_24h,怀化,136.0
20201111,12,O3_8h,怀化,28.0
20201111,12,O3_8h_24h,怀化,28.0
20201111,12,CO,怀化,1.2
20201111,12,CO_24h,怀化,1.15
20201111,13,AQI,怀化,75.0
20201111,13,PM2.5,怀化,42.0
20201111,13,PM2.5_24h,怀化,38.0
20201111,13,PM10,怀化,99.0
20201111,13,PM10_24h,怀化,90.0
20201111,13,SO2,怀化,21.0
20201111,13,SO2_24h,怀化,18.0
20201111,13,NO2,怀化,18.0
20201111,13,NO2_24h,怀化,37.0
20201111,13,O3,怀化,118.0
20201111,13,O3_24h,怀化,136.0
20201111,13,O3_8h,怀化,39.0
20201111,13,O3_8h_24h,怀化,39.0
20201111,13,CO,怀化,0.97
20201111,13,CO_24h,怀化,1.15
20201111,14,AQI,怀化,71.0
20201111,14,PM2.5,怀化,41.0
20201111,14,PM2.5_24h,怀化,38.0
20201111,14,PM10,怀化,92.0
20201111,14,PM10_24h,怀化,90.0
20201111,14,SO2,怀化,15.0
20201111,14,SO2_24h,怀化,18.0
20201111,14,NO2,怀化,14.0
20201111,14,NO2_24h,怀化,37.0
20201111,14,O3,怀化,125.0
20201111,14,O3_24h,怀化,136.0
20201111,14,O3_8h,怀化,54.0
20201111,14,O3_8h_24h,怀化,54.0
20201111,14,CO,怀化,0.95
20201111,14,CO_24h,怀化,1.15
20201111,15,AQI,怀化,61.0
20201111,15,PM2.5,怀化,37.0
20201111,15,PM2.5_24h,怀化,38.0
20201111,15,PM10,怀化,72.0
20201111,15,PM10_24h,怀化,90.0
20201111,15,SO2,怀化,13.0
20201111,15,SO2_24h,怀化,18.0
20201111,15,NO2,怀化,13.0
20201111,15,NO2_24h,怀化,37.0
20201111,15,O3,怀化,128.0
20201111,15,O3_24h,怀化,134.0
20201111,15,O3_8h,怀化,70.0
20201111,15,O3_8h_24h,怀化,70.0
20201111,15,CO,怀化,0.95
20201111,15,CO_24h,怀化,1.15
20201111,16,AQI,怀化,59.0
20201111,16,PM2.5,怀化,27.0
20201111,16,PM2.5_24h,怀化,38.0
20201111,16,PM10,怀化,68.0
20201111,16,PM10_24h,怀化,90.0
20201111,16,SO2,怀化,10.0
20201111,16,SO2_24h,怀化,18.0
20201111,16,NO2,怀化,15.0
20201111,16,NO2_24h,怀化,37.0
20201111,16,O3,怀化,128.0
20201111,16,O3_24h,怀化,132.0
20201111,16,O3_8h,怀化,86.0
20201111,16,O3_8h_24h,怀化,86.0
20201111,16,CO,怀化,0.93
20201111,16,CO_24h,怀化,1.15
20201111,17,AQI,怀化,57.0
20201111,17,PM2.5,怀化,25.0
20201111,17,PM2.5_24h,怀化,38.0
20201111,17,PM10,怀化,64.0
20201111,17,PM10_24h,怀化,90.0
20201111,17,SO2,怀化,10.0
20201111,17,SO2_24h,怀化,18.0
20201111,17,NO2,怀化,19.0
20201111,17,NO2_24h,怀化,38.0
20201111,17,O3,怀化,124.0
20201111,17,O3_24h,怀化,130.0
20201111,17,O3_8h,怀化,100.0
20201111,17,O3_8h_24h,怀化,100.0
20201111,17,CO,怀化,0.93
20201111,17,CO_24h,怀化,1.15
20201111,18,AQI,怀化,58.0
20201111,18,PM2.5,怀化,26.0
20201111,18,PM2.5_24h,怀化,38.0
20201111,18,PM10,怀化,65.0
20201111,18,PM10_24h,怀化,90.0
20201111,18,SO2,怀化,9.0
20201111,18,SO2_24h,怀化,18.0
20201111,18,NO2,怀化,37.0
20201111,18,NO2_24h,怀化,38.0
20201111,18,O3,怀化,100.0
20201111,18,O3_24h,怀化,130.0
20201111,18,O3_8h,怀化,109.0
20201111,18,O3_8h_24h,怀化,109.0
20201111,18,CO,怀化,1.02
20201111,18,CO_24h,怀化,1.15
20201111,19,AQI,怀化,63.0
20201111,19,PM2.5,怀化,29.0
20201111,19,PM2.5_24h,怀化,38.0
20201111,19,PM10,怀化,76.0
20201111,19,PM10_24h,怀化,91.0
20201111,19,SO2,怀化,17.0
20201111,19,SO2_24h,怀化,18.0
20201111,19,NO2,怀化,63.0
20201111,19,NO2_24h,怀化,38.0
20201111,19,O3,怀化,56.0
20201111,19,O3_24h,怀化,130.0
20201111,19,O3_8h,怀化,108.0
20201111,19,O3_8h_24h,怀化,109.0
20201111,19,CO,怀化,1.2
20201111,19,CO_24h,怀化,1.15
20201111,20,AQI,怀化,74.0
20201111,20,PM2.5,怀化,41.0
20201111,20,PM2.5_24h,怀化,38.0
20201111,20,PM10,怀化,98.0
20201111,20,PM10_24h,怀化,91.0
20201111,20,SO2,怀化,18.0
20201111,20,SO2_24h,怀化,18.0
20201111,20,NO2,怀化,58.0
20201111,20,NO2_24h,怀化,38.0
20201111,20,O3,怀化,40.0
20201111,20,O3_24h,怀化,130.0
20201111,20,O3_8h,怀化,102.0
20201111,20,O3_8h_24h,怀化,109.0
20201111,20,CO,怀化,1.28
20201111,20,CO_24h,怀化,1.15
20201111,21,AQI,怀化,80.0
20201111,21,PM2.5,怀化,46.0
20201111,21,PM2.5_24h,怀化,39.0
20201111,21,PM10,怀化,109.0
20201111,21,PM10_24h,怀化,91.0
20201111,21,SO2,怀化,16.0
20201111,21,SO2_24h,怀化,18.0
20201111,21,NO2,怀化,59.0
20201111,21,NO2_24h,怀化,38.0
20201111,21,O3,怀化,21.0
20201111,21,O3_24h,怀化,130.0
20201111,21,O3_8h,怀化,90.0
20201111,21,O3_8h_24h,怀化,109.0
20201111,21,CO,怀化,1.3
20201111,21,CO_24h,怀化,1.15
20201111,22,AQI,怀化,81.0
20201111,22,PM2.5,怀化,44.0
20201111,22,PM2.5_24h,怀化,39.0
20201111,22,PM10,怀化,112.0
20201111,22,PM10_24h,怀化,92.0
20201111,22,SO2,怀化,14.0
20201111,22,SO2_24h,怀化,18.0
20201111,22,NO2,怀化,60.0
20201111,22,NO2_24h,怀化,38.0
20201111,22,O3,怀化,14.0
20201111,22,O3_24h,怀化,130.0
20201111,22,O3_8h,怀化,76.0
20201111,22,O3_8h_24h,怀化,109.0
20201111,22,CO,怀化,1.25
20201111,22,CO_24h,怀化,1.13
20201111,23,AQI,怀化,82.0
20201111,23,PM2.5,怀化,49.0
20201111,23,PM2.5_24h,怀化,39.0
20201111,23,PM10,怀化,114.0
20201111,23,PM10_24h,怀化,92.0
20201111,23,SO2,怀化,13.0
20201111,23,SO2_24h,怀化,18.0
20201111,23,NO2,怀化,52.0
20201111,23,NO2_24h,怀化,38.0
20201111,23,O3,怀化,12.0
20201111,23,O3_24h,怀化,130.0
20201111,23,O3_8h,怀化,62.0
20201111,23,O3_8h_24h,怀化,109.0
20201111,23,CO,怀化,1.25
20201111,23,CO_24h,怀化,1.15
20201111,0,AQI,娄底,96.0
20201111,0,PM2.5,娄底,62.0
20201111,0,PM2.5_24h,娄底,54.0
20201111,0,PM10,娄底,142.0
20201111,0,PM10_24h,娄底,119.0
20201111,0,SO2,娄底,10.0
20201111,0,SO2_24h,娄底,15.0
20201111,0,NO2,娄底,70.0
20201111,0,NO2_24h,娄底,44.0
20201111,0,O3,娄底,28.0
20201111,0,O3_24h,娄底,155.0
20201111,0,O3_8h,娄底,82.0
20201111,0,O3_8h_24h,娄底,131.0
20201111,0,CO,娄底,1.13
20201111,0,CO_24h,娄底,1.18
20201111,1,AQI,娄底,97.0
20201111,1,PM2.5,娄底,67.0
20201111,1,PM2.5_24h,娄底,55.0
20201111,1,PM10,娄底,144.0
20201111,1,PM10_24h,娄底,120.0
20201111,1,SO2,娄底,11.0
20201111,1,SO2_24h,娄底,15.0
20201111,1,NO2,娄底,56.0
20201111,1,NO2_24h,娄底,44.0
20201111,1,O3,娄底,27.0
20201111,1,O3_24h,娄底,155.0
20201111,1,O3_8h,娄底,27.0
20201111,1,O3_8h_24h,娄底,27.0
20201111,1,CO,娄底,1.07
20201111,1,CO_24h,娄底,1.18
20201111,2,AQI,娄底,97.0
20201111,2,PM2.5,娄底,69.0
20201111,2,PM2.5_24h,娄底,56.0
20201111,2,PM10,娄底,144.0
20201111,2,PM10_24h,娄底,122.0
20201111,2,SO2,娄底,10.0
20201111,2,SO2_24h,娄底,15.0
20201111,2,NO2,娄底,56.0
20201111,2,NO2_24h,娄底,44.0
20201111,2,O3,娄底,20.0
20201111,2,O3_24h,娄底,155.0
20201111,2,O3_8h,娄底,23.0
20201111,2,O3_8h_24h,娄底,27.0
20201111,2,CO,娄底,1.13
20201111,2,CO_24h,娄底,1.18
20201111,3,AQI,娄底,95.0
20201111,3,PM2.5,娄底,69.0
20201111,3,PM2.5_24h,娄底,56.0
20201111,3,PM10,娄底,139.0
20201111,3,PM10_24h,娄底,123.0
20201111,3,SO2,娄底,12.0
20201111,3,SO2_24h,娄底,15.0
20201111,3,NO2,娄底,51.0
20201111,3,NO2_24h,娄底,44.0
20201111,3,O3,娄底,18.0
20201111,3,O3_24h,娄底,155.0
20201111,3,O3_8h,娄底,21.0
20201111,3,O3_8h_24h,娄底,27.0
20201111,3,CO,娄底,1.1
20201111,3,CO_24h,娄底,1.18
20201111,4,AQI,娄底,89.0
20201111,4,PM2.5,娄底,66.0
20201111,4,PM2.5_24h,娄底,56.0
20201111,4,PM10,娄底,128.0
20201111,4,PM10_24h,娄底,123.0
20201111,4,SO2,娄底,14.0
20201111,4,SO2_24h,娄底,15.0
20201111,4,NO2,娄底,46.0
20201111,4,NO2_24h,娄底,45.0
20201111,4,O3,娄底,17.0
20201111,4,O3_24h,娄底,155.0
20201111,4,O3_8h,娄底,20.0
20201111,4,O3_8h_24h,娄底,28.0
20201111,4,CO,娄底,1.13
20201111,4,CO_24h,娄底,1.18
20201111,5,AQI,娄底,95.0
20201111,5,PM2.5,娄底,71.0
20201111,5,PM2.5_24h,娄底,57.0
20201111,5,PM10,娄底,125.0
20201111,5,PM10_24h,娄底,124.0
20201111,5,SO2,娄底,13.0
20201111,5,SO2_24h,娄底,15.0
20201111,5,NO2,娄底,43.0
20201111,5,NO2_24h,娄底,45.0
20201111,5,O3,娄底,15.0
20201111,5,O3_24h,娄底,155.0
20201111,5,O3_8h,娄底,19.0
20201111,5,O3_8h_24h,娄底,28.0
20201111,5,CO,娄底,1.18
20201111,5,CO_24h,娄底,1.18
20201111,6,AQI,娄底,93.0
20201111,6,PM2.5,娄底,69.0
20201111,6,PM2.5_24h,娄底,57.0
20201111,6,PM10,娄底,122.0
20201111,6,PM10_24h,娄底,125.0
20201111,6,SO2,娄底,10.0
20201111,6,SO2_24h,娄底,14.0
20201111,6,NO2,娄底,40.0
20201111,6,NO2_24h,娄底,45.0
20201111,6,O3,娄底,15.0
20201111,6,O3_24h,娄底,155.0
20201111,6,O3_8h,娄底,19.0
20201111,6,O3_8h_24h,娄底,28.0
20201111,6,CO,娄底,1.25
20201111,6,CO_24h,娄底,1.2
20201111,8,AQI,娄底,88.0
20201111,8,PM2.5,娄底,65.0
20201111,8,PM2.5_24h,娄底,58.0
20201111,8,PM10,娄底,107.0
20201111,8,PM10_24h,娄底,126.0
20201111,8,SO2,娄底,11.0
20201111,8,SO2_24h,娄底,14.0
20201111,8,NO2,娄底,39.0
20201111,8,NO2_24h,娄底,45.0
20201111,8,O3,娄底,14.0
20201111,8,O3_24h,娄底,155.0
20201111,8,O3_8h,娄底,17.0
20201111,8,O3_8h_24h,娄底,28.0
20201111,8,CO,娄底,1.23
20201111,8,CO_24h,娄底,1.18
20201111,10,AQI,娄底,96.0
20201111,10,PM2.5,娄底,72.0
20201111,10,PM2.5_24h,娄底,59.0
20201111,10,PM10,娄底,140.0
20201111,10,PM10_24h,娄底,127.0
20201111,10,SO2,娄底,42.0
20201111,10,SO2_24h,娄底,15.0
20201111,10,NO2,娄底,61.0
20201111,10,NO2_24h,娄底,45.0
20201111,10,O3,娄底,33.0
20201111,10,O3_24h,娄底,155.0
20201111,10,O3_8h,娄底,16.0
20201111,10,O3_8h_24h,娄底,29.0
20201111,10,CO,娄底,3.0
20201111,10,CO_24h,娄底,1.23
20201111,11,AQI,娄底,111.0
20201111,11,PM2.5,娄底,84.0
20201111,11,PM2.5_24h,娄底,59.0
20201111,11,PM10,娄底,165.0
20201111,11,PM10_24h,娄底,126.0
20201111,11,SO2,娄底,40.0
20201111,11,SO2_24h,娄底,14.0
20201111,11,NO2,娄底,61.0
20201111,11,NO2_24h,娄底,45.0
20201111,11,O3,娄底,73.0
20201111,11,O3_24h,娄底,155.0
20201111,11,O3_8h,娄底,21.0
20201111,11,O3_8h_24h,娄底,30.0
20201111,11,CO,娄底,2.63
20201111,11,CO_24h,娄底,1.2
20201111,12,AQI,娄底,121.0
20201111,12,PM2.5,娄底,92.0
20201111,12,PM2.5_24h,娄底,60.0
20201111,12,PM10,娄底,172.0
20201111,12,PM10_24h,娄底,126.0
20201111,12,SO2,娄底,24.0
20201111,12,SO2_24h,娄底,14.0
20201111,12,NO2,娄底,35.0
20201111,12,NO2_24h,娄底,45.0
20201111,12,O3,娄底,107.0
20201111,12,O3_24h,娄底,155.0
20201111,12,O3_8h,娄底,29.0
20201111,12,O3_8h_24h,娄底,36.0
20201111,12,CO,娄底,1.33
20201111,12,CO_24h,娄底,1.18
20201111,13,AQI,娄底,104.0
20201111,13,PM2.5,娄底,78.0
20201111,13,PM2.5_24h,娄底,60.0
20201111,13,PM10,娄底,144.0
20201111,13,PM10_24h,娄底,126.0
20201111,13,SO2,娄底,12.0
20201111,13,SO2_24h,娄底,13.0
20201111,13,NO2,娄底,24.0
20201111,13,NO2_24h,娄底,45.0
20201111,13,O3,娄底,121.0
20201111,13,O3_24h,娄底,155.0
20201111,13,O3_8h,娄底,50.0
20201111,13,O3_8h_24h,娄底,43.0
20201111,13,CO,娄底,0.82
20201111,13,CO_24h,娄底,1.18
20201111,14,AQI,娄底,79.0
20201111,14,PM2.5,娄底,54.0
20201111,14,PM2.5_24h,娄底,60.0
20201111,14,PM10,娄底,108.0
20201111,14,PM10_24h,娄底,125.0
20201111,14,SO2,娄底,8.0
20201111,14,SO2_24h,娄底,13.0
20201111,14,NO2,娄底,19.0
20201111,14,NO2_24h,娄底,45.0
20201111,14,O3,娄底,129.0
20201111,14,O3_24h,娄底,155.0
20201111,14,O3_8h,娄底,64.0
20201111,14,O3_8h_24h,娄底,51.0
20201111,14,CO,娄底,0.83
20201111,14,CO_24h,娄底,1.18
20201111,15,AQI,娄底,63.0
20201111,15,PM2.5,娄底,35.0
20201111,15,PM2.5_24h,娄底,60.0
20201111,15,PM10,娄底,75.0
20201111,15,PM10_24h,娄底,124.0
20201111,15,SO2,娄底,6.0
20201111,15,SO2_24h,娄底,13.0
20201111,15,NO2,娄底,15.0
20201111,15,NO2_24h,娄底,44.0
20201111,15,O3,娄底,128.0
20201111,15,O3_24h,娄底,141.0
20201111,15,O3_8h,娄底,75.0
20201111,15,O3_8h_24h,娄底,59.0
20201111,15,CO,娄底,0.53
20201111,15,CO_24h,娄底,1.18
20201111,16,AQI,娄底,56.0
20201111,16,PM2.5,娄底,25.0
20201111,16,PM2.5_24h,娄底,60.0
20201111,16,PM10,娄底,61.0
20201111,16,PM10_24h,娄底,124.0
20201111,16,SO2,娄底,8.0
20201111,16,SO2_24h,娄底,13.0
20201111,16,NO2,娄底,15.0
20201111,16,NO2_24h,娄底,44.0
20201111,16,O3,娄底,125.0
20201111,16,O3_24h,娄底,137.0
20201111,16,O3_8h,娄底,89.0
20201111,16,O3_8h_24h,娄底,70.0
20201111,16,CO,娄底,0.57
20201111,16,CO_24h,娄底,1.18
20201111,17,AQI,娄底,54.0
20201111,17,PM2.5,娄底,24.0
20201111,17,PM2.5_24h,娄底,60.0
20201111,17,PM10,娄底,58.0
20201111,17,PM10_24h,娄底,123.0
20201111,17,SO2,娄底,14.0
20201111,17,SO2_24h,娄底,13.0
20201111,17,NO2,娄底,19.0
20201111,17,NO2_24h,娄底,44.0
20201111,17,O3,娄底,122.0
20201111,17,O3_24h,娄底,133.0
20201111,17,O3_8h,娄底,103.0
20201111,17,O3_8h_24h,娄底,81.0
20201111,17,CO,娄底,0.63
20201111,17,CO_24h,娄底,1.18
20201111,18,AQI,娄底,58.0
20201111,18,PM2.5,娄底,28.0
20201111,18,PM2.5_24h,娄底,59.0
20201111,18,PM10,娄底,65.0
20201111,18,PM10_24h,娄底,122.0
20201111,18,SO2,娄底,15.0
20201111,18,SO2_24h,娄底,14.0
20201111,18,NO2,娄底,33.0
20201111,18,NO2_24h,娄底,44.0
20201111,18,O3,娄底,106.0
20201111,18,O3_24h,娄底,125.0
20201111,18,O3_8h,娄底,89.0
20201111,18,O3_8h_24h,娄底,89.0
20201111,18,CO,娄底,0.78
20201111,18,CO_24h,娄底,1.15
20201111,19,AQI,娄底,63.0
20201111,19,PM2.5,娄底,33.0
20201111,19,PM2.5_24h,娄底,59.0
20201111,19,PM10,娄底,76.0
20201111,19,PM10_24h,娄底,122.0
20201111,19,SO2,娄底,20.0
20201111,19,SO2_24h,娄底,14.0
20201111,19,NO2,娄底,49.0
20201111,19,NO2_24h,娄底,44.0
20201111,19,O3,娄底,93.0
20201111,19,O3_24h,娄底,125.0
20201111,19,O3_8h,娄底,94.0
20201111,19,O3_8h_24h,娄底,96.0
20201111,19,CO,娄底,1.05
20201111,19,CO_24h,娄底,1.15
20201111,20,AQI,娄底,75.0
20201111,20,PM2.5,娄底,41.0
20201111,20,PM2.5_24h,娄底,59.0
20201111,20,PM10,娄底,100.0
20201111,20,PM10_24h,娄底,121.0
20201111,20,SO2,娄底,13.0
20201111,20,SO2_24h,娄底,14.0
20201111,20,NO2,娄底,57.0
20201111,20,NO2_24h,娄底,44.0
20201111,20,O3,娄底,81.0
20201111,20,O3_24h,娄底,125.0
20201111,20,O3_8h,娄底,94.0
20201111,20,O3_8h_24h,娄底,98.0
20201111,20,CO,娄底,1.03
20201111,20,CO_24h,娄底,1.15
20201111,21,AQI,娄底,86.0
20201111,21,PM2.5,娄底,48.0
20201111,21,PM2.5_24h,娄底,59.0
20201111,21,PM10,娄底,122.0
20201111,21,PM10_24h,娄底,119.0
20201111,21,SO2,娄底,14.0
20201111,21,SO2_24h,娄底,15.0
20201111,21,NO2,娄底,52.0
20201111,21,NO2_24h,娄底,44.0
20201111,21,O3,娄底,79.0
20201111,21,O3_24h,娄底,125.0
20201111,21,O3_8h,娄底,93.0
20201111,21,O3_8h_24h,娄底,99.0
20201111,21,CO,娄底,0.9
20201111,21,CO_24h,娄底,1.15
20201111,22,AQI,娄底,90.0
20201111,22,PM2.5,娄底,54.0
20201111,22,PM2.5_24h,娄底,58.0
20201111,22,PM10,娄底,129.0
20201111,22,PM10_24h,娄底,119.0
20201111,22,SO2,娄底,15.0
20201111,22,SO2_24h,娄底,15.0
20201111,22,NO2,娄底,57.0
20201111,22,NO2_24h,娄底,44.0
20201111,22,O3,娄底,63.0
20201111,22,O3_24h,娄底,125.0
20201111,22,O3_8h,娄底,88.0
20201111,22,O3_8h_24h,娄底,100.0
20201111,22,CO,娄底,0.95
20201111,22,CO_24h,娄底,1.15
20201111,23,AQI,娄底,90.0
20201111,23,PM2.5,娄底,61.0
20201111,23,PM2.5_24h,娄底,59.0
20201111,23,PM10,娄底,129.0
20201111,23,PM10_24h,娄底,119.0
20201111,23,SO2,娄底,10.0
20201111,23,SO2_24h,娄底,15.0
20201111,23,NO2,娄底,72.0
20201111,23,NO2_24h,娄底,44.0
20201111,23,O3,娄底,37.0
20201111,23,O3_24h,娄底,125.0
20201111,23,O3_8h,娄底,82.0
20201111,23,O3_8h_24h,娄底,100.0
20201111,23,CO,娄底,1.08
20201111,23,CO_24h,娄底,1.15
20201111,0,AQI,湘西州,56.0
20201111,0,PM2.5,湘西州,37.0
20201111,0,PM2.5_24h,湘西州,29.0
20201111,0,PM10,湘西州,62.0
20201111,0,PM10_24h,湘西州,58.0
20201111,0,SO2,湘西州,6.0
20201111,0,SO2_24h,湘西州,7.0
20201111,0,NO2,湘西州,29.0
20201111,0,NO2_24h,湘西州,23.0
20201111,0,O3,湘西州,21.0
20201111,0,O3_24h,湘西州,133.0
20201111,0,O3_8h,湘西州,51.0
20201111,0,O3_8h_24h,湘西州,101.0
20201111,0,CO,湘西州,0.95
20201111,0,CO_24h,湘西州,1.0
20201111,1,AQI,湘西州,54.0
20201111,1,PM2.5,湘西州,32.0
20201111,1,PM2.5_24h,湘西州,29.0
20201111,1,PM10,湘西州,58.0
20201111,1,PM10_24h,湘西州,58.0
20201111,1,SO2,湘西州,6.0
20201111,1,SO2_24h,湘西州,7.0
20201111,1,NO2,湘西州,23.0
20201111,1,NO2_24h,湘西州,23.0
20201111,1,O3,湘西州,21.0
20201111,1,O3_24h,湘西州,133.0
20201111,1,O3_8h,湘西州,21.0
20201111,1,O3_8h_24h,湘西州,21.0
20201111,1,CO,湘西州,1.0
20201111,1,CO_24h,湘西州,1.0
20201111,2,AQI,湘西州,53.0
20201111,2,PM2.5,湘西州,30.0
20201111,2,PM2.5_24h,湘西州,29.0
20201111,2,PM10,湘西州,55.0
20201111,2,PM10_24h,湘西州,58.0
20201111,2,SO2,湘西州,6.0
20201111,2,SO2_24h,湘西州,7.0
20201111,2,NO2,湘西州,20.0
20201111,2,NO2_24h,湘西州,23.0
20201111,2,O3,湘西州,21.0
20201111,2,O3_24h,湘西州,133.0
20201111,2,O3_8h,湘西州,21.0
20201111,2,O3_8h_24h,湘西州,21.0
20201111,2,CO,湘西州,0.95
20201111,2,CO_24h,湘西州,1.0
20201111,3,AQI,湘西州,44.0
20201111,3,PM2.5,湘西州,28.0
20201111,3,PM2.5_24h,湘西州,29.0
20201111,3,PM10,湘西州,44.0
20201111,3,PM10_24h,湘西州,58.0
20201111,3,SO2,湘西州,5.0
20201111,3,SO2_24h,湘西州,7.0
20201111,3,NO2,湘西州,17.0
20201111,3,NO2_24h,湘西州,23.0
20201111,3,O3,湘西州,19.0
20201111,3,O3_24h,湘西州,133.0
20201111,3,O3_8h,湘西州,20.0
20201111,3,O3_8h_24h,湘西州,21.0
20201111,3,CO,湘西州,0.95
20201111,3,CO_24h,湘西州,1.0
20201111,4,AQI,湘西州,41.0
20201111,4,PM2.5,湘西州,23.0
20201111,4,PM2.5_24h,湘西州,29.0
20201111,4,PM10,湘西州,41.0
20201111,4,PM10_24h,湘西州,57.0
20201111,4,SO2,湘西州,5.0
20201111,4,SO2_24h,湘西州,7.0
20201111,4,NO2,湘西州,17.0
20201111,4,NO2_24h,湘西州,24.0
20201111,4,O3,湘西州,16.0
20201111,4,O3_24h,湘西州,133.0
20201111,4,O3_8h,湘西州,19.0
20201111,4,O3_8h_24h,湘西州,21.0
20201111,4,CO,湘西州,0.9
20201111,4,CO_24h,湘西州,1.0
20201111,5,AQI,湘西州,39.0
20201111,5,PM2.5,湘西州,23.0
20201111,5,PM2.5_24h,湘西州,29.0
20201111,5,PM10,湘西州,39.0
20201111,5,PM10_24h,湘西州,57.0
20201111,5,SO2,湘西州,5.0
20201111,5,SO2_24h,湘西州,7.0
20201111,5,NO2,湘西州,19.0
20201111,5,NO2_24h,湘西州,24.0
20201111,5,O3,湘西州,14.0
20201111,5,O3_24h,湘西州,133.0
20201111,5,O3_8h,湘西州,18.0
20201111,5,O3_8h_24h,湘西州,21.0
20201111,5,CO,湘西州,1.0
20201111,5,CO_24h,湘西州,1.0
20201111,6,AQI,湘西州,40.0
20201111,6,PM2.5,湘西州,22.0
20201111,6,PM2.5_24h,湘西州,29.0
20201111,6,PM10,湘西州,40.0
20201111,6,PM10_24h,湘西州,57.0
20201111,6,SO2,湘西州,5.0
20201111,6,SO2_24h,湘西州,7.0
20201111,6,NO2,湘西州,17.0
20201111,6,NO2_24h,湘西州,24.0
20201111,6,O3,湘西州,13.0
20201111,6,O3_24h,湘西州,133.0
20201111,6,O3_8h,湘西州,17.0
20201111,6,O3_8h_24h,湘西州,21.0
20201111,6,CO,湘西州,0.95
20201111,6,CO_24h,湘西州,0.95
20201111,8,AQI,湘西州,38.0
20201111,8,PM2.5,湘西州,21.0
20201111,8,PM2.5_24h,湘西州,29.0
20201111,8,PM10,湘西州,38.0
20201111,8,PM10_24h,湘西州,58.0
20201111,8,SO2,湘西州,6.0
20201111,8,SO2_24h,湘西州,7.0
20201111,8,NO2,湘西州,18.0
20201111,8,NO2_24h,湘西州,24.0
20201111,8,O3,湘西州,10.0
20201111,8,O3_24h,湘西州,133.0
20201111,8,O3_8h,湘西州,16.0
20201111,8,O3_8h_24h,湘西州,21.0
20201111,8,CO,湘西州,1.15
20201111,8,CO_24h,湘西州,0.95
20201111,10,AQI,湘西州,46.0
20201111,10,PM2.5,湘西州,25.0
20201111,10,PM2.5_24h,湘西州,29.0
20201111,10,PM10,湘西州,46.0
20201111,10,PM10_24h,湘西州,57.0
20201111,10,SO2,湘西州,11.0
20201111,10,SO2_24h,湘西州,7.0
20201111,10,NO2,湘西州,26.0
20201111,10,NO2_24h,湘西州,24.0
20201111,10,O3,湘西州,25.0
20201111,10,O3_24h,湘西州,133.0
20201111,10,O3_8h,湘西州,16.0
20201111,10,O3_8h_24h,湘西州,21.0
20201111,10,CO,湘西州,1.5
20201111,10,CO_24h,湘西州,1.0
20201111,11,AQI,湘西州,56.0
20201111,11,PM2.5,湘西州,31.0
20201111,11,PM2.5_24h,湘西州,29.0
20201111,11,PM10,湘西州,62.0
20201111,11,PM10_24h,湘西州,57.0
20201111,11,SO2,湘西州,12.0
20201111,11,SO2_24h,湘西州,7.0
20201111,11,NO2,湘西州,36.0
20201111,11,NO2_24h,湘西州,24.0
20201111,11,O3,湘西州,39.0
20201111,11,O3_24h,湘西州,133.0
20201111,11,O3_8h,湘西州,18.0
20201111,11,O3_8h_24h,湘西州,22.0
20201111,11,CO,湘西州,1.5
20201111,11,CO_24h,湘西州,1.0
20201111,12,AQI,湘西州,64.0
20201111,12,PM2.5,湘西州,36.0
20201111,12,PM2.5_24h,湘西州,29.0
20201111,12,PM10,湘西州,77.0
20201111,12,PM10_24h,湘西州,57.0
20201111,12,SO2,湘西州,10.0
20201111,12,SO2_24h,湘西州,7.0
20201111,12,NO2,湘西州,36.0
20201111,12,NO2_24h,湘西州,23.0
20201111,12,O3,湘西州,63.0
20201111,12,O3_24h,湘西州,133.0
20201111,12,O3_8h,湘西州,25.0
20201111,12,O3_8h_24h,湘西州,25.0
20201111,12,CO,湘西州,1.2
20201111,12,CO_24h,湘西州,1.0
20201111,13,AQI,湘西州,67.0
20201111,13,PM2.5,湘西州,40.0
20201111,13,PM2.5_24h,湘西州,29.0
20201111,13,PM10,湘西州,84.0
20201111,13,PM10_24h,湘西州,57.0
20201111,13,SO2,湘西州,10.0
20201111,13,SO2_24h,湘西州,7.0
20201111,13,NO2,湘西州,22.0
20201111,13,NO2_24h,湘西州,23.0
20201111,13,O3,湘西州,109.0
20201111,13,O3_24h,湘西州,133.0
20201111,13,O3_8h,湘西州,38.0
20201111,13,O3_8h_24h,湘西州,38.0
20201111,13,CO,湘西州,1.05
20201111,13,CO_24h,湘西州,1.0
20201111,14,AQI,湘西州,64.0
20201111,14,PM2.5,湘西州,38.0
20201111,14,PM2.5_24h,湘西州,29.0
20201111,14,PM10,湘西州,77.0
20201111,14,PM10_24h,湘西州,56.0
20201111,14,SO2,湘西州,8.0
20201111,14,SO2_24h,湘西州,7.0
20201111,14,NO2,湘西州,13.0
20201111,14,NO2_24h,湘西州,24.0
20201111,14,O3,湘西州,123.0
20201111,14,O3_24h,湘西州,131.0
20201111,14,O3_8h,湘西州,52.0
20201111,14,O3_8h_24h,湘西州,52.0
20201111,14,CO,湘西州,0.85
20201111,14,CO_24h,湘西州,1.0
20201111,15,AQI,湘西州,57.0
20201111,15,PM2.5,湘西州,30.0
20201111,15,PM2.5_24h,湘西州,29.0
20201111,15,PM10,湘西州,63.0
20201111,15,PM10_24h,湘西州,56.0
20201111,15,SO2,湘西州,8.0
20201111,15,SO2_24h,湘西州,7.0
20201111,15,NO2,湘西州,11.0
20201111,15,NO2_24h,湘西州,24.0
20201111,15,O3,湘西州,127.0
20201111,15,O3_24h,湘西州,130.0
20201111,15,O3_8h,湘西州,68.0
20201111,15,O3_8h_24h,湘西州,68.0
20201111,15,CO,湘西州,0.6
20201111,15,CO_24h,湘西州,1.0
20201111,16,AQI,湘西州,61.0
20201111,16,PM2.5,湘西州,22.0
20201111,16,PM2.5_24h,湘西州,29.0
20201111,16,PM10,湘西州,71.0
20201111,16,PM10_24h,湘西州,57.0
20201111,16,SO2,湘西州,7.0
20201111,16,SO2_24h,湘西州,7.0
20201111,16,NO2,湘西州,12.0
20201111,16,NO2_24h,湘西州,24.0
20201111,16,O3,湘西州,127.0
20201111,16,O3_24h,湘西州,129.0
20201111,16,O3_8h,湘西州,83.0
20201111,16,O3_8h_24h,湘西州,83.0
20201111,16,CO,湘西州,0.5
20201111,16,CO_24h,湘西州,1.0
20201111,17,AQI,湘西州,58.0
20201111,17,PM2.5,湘西州,20.0
20201111,17,PM2.5_24h,湘西州,29.0
20201111,17,PM10,湘西州,66.0
20201111,17,PM10_24h,湘西州,57.0
20201111,17,SO2,湘西州,8.0
20201111,17,SO2_24h,湘西州,7.0
20201111,17,NO2,湘西州,21.0
20201111,17,NO2_24h,湘西州,25.0
20201111,17,O3,湘西州,112.0
20201111,17,O3_24h,湘西州,129.0
20201111,17,O3_8h,湘西州,91.0
20201111,17,O3_8h_24h,湘西州,91.0
20201111,17,CO,湘西州,0.4
20201111,17,CO_24h,湘西州,1.0
20201111,18,AQI,湘西州,58.0
20201111,18,PM2.5,湘西州,22.0
20201111,18,PM2.5_24h,湘西州,29.0
20201111,18,PM10,湘西州,65.0
20201111,18,PM10_24h,湘西州,58.0
20201111,18,SO2,湘西州,8.0
20201111,18,SO2_24h,湘西州,7.0
20201111,18,NO2,湘西州,45.0
20201111,18,NO2_24h,湘西州,24.0
20201111,18,O3,湘西州,69.0
20201111,18,O3_24h,湘西州,129.0
20201111,18,O3_8h,湘西州,96.0
20201111,18,O3_8h_24h,湘西州,96.0
20201111,18,CO,湘西州,0.75
20201111,18,CO_24h,湘西州,1.0
20201111,19,AQI,湘西州,42.0
20201111,19,PM2.5,湘西州,23.0
20201111,19,PM2.5_24h,湘西州,28.0
20201111,19,PM10,湘西州,42.0
20201111,19,PM10_24h,湘西州,58.0
20201111,19,SO2,湘西州,7.0
20201111,19,SO2_24h,湘西州,7.0
20201111,19,NO2,湘西州,38.0
20201111,19,NO2_24h,湘西州,24.0
20201111,19,O3,湘西州,57.0
20201111,19,O3_24h,湘西州,129.0
20201111,19,O3_8h,湘西州,99.0
20201111,19,O3_8h_24h,湘西州,99.0
20201111,19,CO,湘西州,0.85
20201111,19,CO_24h,湘西州,1.0
20201111,20,AQI,湘西州,59.0
20201111,20,PM2.5,湘西州,25.0
20201111,20,PM2.5_24h,湘西州,28.0
20201111,20,PM10,湘西州,68.0
20201111,20,PM10_24h,湘西州,58.0
20201111,20,SO2,湘西州,6.0
20201111,20,SO2_24h,湘西州,7.0
20201111,20,NO2,湘西州,30.0
20201111,20,NO2_24h,湘西州,24.0
20201111,20,O3,湘西州,50.0
20201111,20,O3_24h,湘西州,129.0
20201111,20,O3_8h,湘西州,97.0
20201111,20,O3_8h_24h,湘西州,99.0
20201111,20,CO,湘西州,0.95
20201111,20,CO_24h,湘西州,0.95
20201111,21,AQI,湘西州,62.0
20201111,21,PM2.5,湘西州,26.0
20201111,21,PM2.5_24h,湘西州,28.0
20201111,21,PM10,湘西州,74.0
20201111,21,PM10_24h,湘西州,58.0
20201111,21,SO2,湘西州,6.0
20201111,21,SO2_24h,湘西州,7.0
20201111,21,NO2,湘西州,36.0
20201111,21,NO2_24h,湘西州,25.0
20201111,21,O3,湘西州,32.0
20201111,21,O3_24h,湘西州,129.0
20201111,21,O3_8h,湘西州,87.0
20201111,21,O3_8h_24h,湘西州,99.0
20201111,21,CO,湘西州,0.95
20201111,21,CO_24h,湘西州,0.95
20201111,22,AQI,湘西州,60.0
20201111,22,PM2.5,湘西州,24.0
20201111,22,PM2.5_24h,湘西州,27.0
20201111,22,PM10,湘西州,69.0
20201111,22,PM10_24h,湘西州,58.0
20201111,22,SO2,湘西州,5.0
20201111,22,SO2_24h,湘西州,7.0
20201111,22,NO2,湘西州,35.0
20201111,22,NO2_24h,湘西州,25.0
20201111,22,O3,湘西州,26.0
20201111,22,O3_24h,湘西州,129.0
20201111,22,O3_8h,湘西州,75.0
20201111,22,O3_8h_24h,湘西州,99.0
20201111,22,CO,湘西州,0.9
20201111,22,CO_24h,湘西州,0.95
20201111,23,AQI,湘西州,58.0
20201111,23,PM2.5,湘西州,25.0
20201111,23,PM2.5_24h,湘西州,27.0
20201111,23,PM10,湘西州,66.0
20201111,23,PM10_24h,湘西州,58.0
20201111,23,SO2,湘西州,6.0
20201111,23,SO2_24h,湘西州,7.0
20201111,23,NO2,湘西州,30.0
20201111,23,NO2_24h,湘西州,25.0
20201111,23,O3,湘西州,23.0
20201111,23,O3_24h,湘西州,129.0
20201111,23,O3_8h,湘西州,62.0
20201111,23,O3_8h_24h,湘西州,99.0
20201111,23,CO,湘西州,0.9
20201111,23,CO_24h,湘西州,0.95
20201111,0,AQI,梧州,97.0
20201111,0,PM2.5,梧州,49.0
20201111,0,PM2.5_24h,梧州,41.0
20201111,0,PM10,梧州,143.0
20201111,0,PM10_24h,梧州,95.0
20201111,0,SO2,梧州,28.0
20201111,0,SO2_24h,梧州,20.0
20201111,0,NO2,梧州,71.0
20201111,0,NO2_24h,梧州,41.0
20201111,0,O3,梧州,11.0
20201111,0,O3_24h,梧州,145.0
20201111,0,O3_8h,梧州,50.0
20201111,0,O3_8h_24h,梧州,125.0
20201111,0,CO,梧州,0.9
20201111,0,CO_24h,梧州,0.85
20201111,1,AQI,梧州,88.0
20201111,1,PM2.5,梧州,53.0
20201111,1,PM2.5_24h,梧州,42.0
20201111,1,PM10,梧州,126.0
20201111,1,PM10_24h,梧州,97.0
20201111,1,SO2,梧州,36.0
20201111,1,SO2_24h,梧州,20.0
20201111,1,NO2,梧州,71.0
20201111,1,NO2_24h,梧州,43.0
20201111,1,O3,梧州,11.0
20201111,1,O3_24h,梧州,145.0
20201111,1,O3_8h,梧州,11.0
20201111,1,O3_8h_24h,梧州,11.0
20201111,1,CO,梧州,0.9
20201111,1,CO_24h,梧州,0.85
20201111,2,AQI,梧州,80.0
20201111,2,PM2.5,梧州,50.0
20201111,2,PM2.5_24h,梧州,42.0
20201111,2,PM10,梧州,109.0
20201111,2,PM10_24h,梧州,99.0
20201111,2,SO2,梧州,46.0
20201111,2,SO2_24h,梧州,21.0
20201111,2,NO2,梧州,57.0
20201111,2,NO2_24h,梧州,44.0
20201111,2,O3,梧州,15.0
20201111,2,O3_24h,梧州,145.0
20201111,2,O3_8h,梧州,12.0
20201111,2,O3_8h_24h,梧州,13.0
20201111,2,CO,梧州,0.9
20201111,2,CO_24h,梧州,0.85
20201111,3,AQI,梧州,71.0
20201111,3,PM2.5,梧州,48.0
20201111,3,PM2.5_24h,梧州,42.0
20201111,3,PM10,梧州,92.0
20201111,3,PM10_24h,梧州,100.0
20201111,3,SO2,梧州,33.0
20201111,3,SO2_24h,梧州,22.0
20201111,3,NO2,梧州,52.0
20201111,3,NO2_24h,梧州,45.0
20201111,3,O3,梧州,16.0
20201111,3,O3_24h,梧州,145.0
20201111,3,O3_8h,梧州,14.0
20201111,3,O3_8h_24h,梧州,15.0
20201111,3,CO,梧州,0.82
20201111,3,CO_24h,梧州,0.88
20201111,4,AQI,梧州,70.0
20201111,4,PM2.5,梧州,47.0
20201111,4,PM2.5_24h,梧州,43.0
20201111,4,PM10,梧州,89.0
20201111,4,PM10_24h,梧州,100.0
20201111,4,SO2,梧州,26.0
20201111,4,SO2_24h,梧州,22.0
20201111,4,NO2,梧州,48.0
20201111,4,NO2_24h,梧州,45.0
20201111,4,O3,梧州,18.0
20201111,4,O3_24h,梧州,145.0
20201111,4,O3_8h,梧州,15.0
20201111,4,O3_8h_24h,梧州,17.0
20201111,4,CO,梧州,0.77
20201111,4,CO_24h,梧州,0.9
20201111,5,AQI,梧州,66.0
20201111,5,PM2.5,梧州,44.0
20201111,5,PM2.5_24h,梧州,43.0
20201111,5,PM10,梧州,82.0
20201111,5,PM10_24h,梧州,100.0
20201111,5,SO2,梧州,29.0
20201111,5,SO2_24h,梧州,23.0
20201111,5,NO2,梧州,45.0
20201111,5,NO2_24h,梧州,45.0
20201111,5,O3,梧州,20.0
20201111,5,O3_24h,梧州,145.0
20201111,5,O3_8h,梧州,16.0
20201111,5,O3_8h_24h,梧州,18.0
20201111,5,CO,梧州,0.75
20201111,5,CO_24h,梧州,0.9
20201111,6,AQI,梧州,64.0
20201111,6,PM2.5,梧州,45.0
20201111,6,PM2.5_24h,梧州,43.0
20201111,6,PM10,梧州,77.0
20201111,6,PM10_24h,梧州,99.0
20201111,6,SO2,梧州,25.0
20201111,6,SO2_24h,梧州,23.0
20201111,6,NO2,梧州,40.0
20201111,6,NO2_24h,梧州,44.0
20201111,6,O3,梧州,17.0
20201111,6,O3_24h,梧州,145.0
20201111,6,O3_8h,梧州,16.0
20201111,6,O3_8h_24h,梧州,18.0
20201111,6,CO,梧州,0.85
20201111,6,CO_24h,梧州,0.9
20201111,8,AQI,梧州,67.0
20201111,8,PM2.5,梧州,44.0
20201111,8,PM2.5_24h,梧州,43.0
20201111,8,PM10,梧州,84.0
20201111,8,PM10_24h,梧州,100.0
20201111,8,SO2,梧州,30.0
20201111,8,SO2_24h,梧州,23.0
20201111,8,NO2,梧州,52.0
20201111,8,NO2_24h,梧州,45.0
20201111,8,O3,梧州,10.0
20201111,8,O3_24h,梧州,145.0
20201111,8,O3_8h,梧州,15.0
20201111,8,O3_8h_24h,梧州,18.0
20201111,8,CO,梧州,1.15
20201111,8,CO_24h,梧州,0.9
20201111,10,AQI,梧州,76.0
20201111,10,PM2.5,梧州,46.0
20201111,10,PM2.5_24h,梧州,44.0
20201111,10,PM10,梧州,102.0
20201111,10,PM10_24h,梧州,99.0
20201111,10,SO2,梧州,25.0
20201111,10,SO2_24h,梧州,24.0
20201111,10,NO2,梧州,52.0
20201111,10,NO2_24h,梧州,46.0
20201111,10,O3,梧州,37.0
20201111,10,O3_24h,梧州,145.0
20201111,10,O3_8h,梧州,19.0
20201111,10,O3_8h_24h,梧州,19.0
20201111,10,CO,梧州,1.23
20201111,10,CO_24h,梧州,0.95
20201111,11,AQI,梧州,79.0
20201111,11,PM2.5,梧州,53.0
20201111,11,PM2.5_24h,梧州,44.0
20201111,11,PM10,梧州,108.0
20201111,11,PM10_24h,梧州,99.0
20201111,11,SO2,梧州,22.0
20201111,11,SO2_24h,梧州,24.0
20201111,11,NO2,梧州,45.0
20201111,11,NO2_24h,梧州,46.0
20201111,11,O3,梧州,71.0
20201111,11,O3_24h,梧州,145.0
20201111,11,O3_8h,梧州,25.0
20201111,11,O3_8h_24h,梧州,25.0
20201111,11,CO,梧州,0.97
20201111,11,CO_24h,梧州,0.95
20201111,12,AQI,梧州,74.0
20201111,12,PM2.5,梧州,53.0
20201111,12,PM2.5_24h,梧州,44.0
20201111,12,PM10,梧州,98.0
20201111,12,PM10_24h,梧州,99.0
20201111,12,SO2,梧州,15.0
20201111,12,SO2_24h,梧州,23.0
20201111,12,NO2,梧州,23.0
20201111,12,NO2_24h,梧州,47.0
20201111,12,O3,梧州,112.0
20201111,12,O3_24h,梧州,145.0
20201111,12,O3_8h,梧州,34.0
20201111,12,O3_8h_24h,梧州,34.0
20201111,12,CO,梧州,0.82
20201111,12,CO_24h,梧州,0.95
20201111,13,AQI,梧州,66.0
20201111,13,PM2.5,梧州,46.0
20201111,13,PM2.5_24h,梧州,44.0
20201111,13,PM10,梧州,82.0
20201111,13,PM10_24h,梧州,99.0
20201111,13,SO2,梧州,12.0
20201111,13,SO2_24h,梧州,24.0
20201111,13,NO2,梧州,13.0
20201111,13,NO2_24h,梧州,47.0
20201111,13,O3,梧州,126.0
20201111,13,O3_24h,梧州,145.0
20201111,13,O3_8h,梧州,48.0
20201111,13,O3_8h_24h,梧州,48.0
20201111,13,CO,梧州,0.77
20201111,13,CO_24h,梧州,0.97
20201111,14,AQI,梧州,61.0
20201111,14,PM2.5,梧州,35.0
20201111,14,PM2.5_24h,梧州,44.0
20201111,14,PM10,梧州,72.0
20201111,14,PM10_24h,梧州,99.0
20201111,14,SO2,梧州,11.0
20201111,14,SO2_24h,梧州,24.0
20201111,14,NO2,梧州,9.0
20201111,14,NO2_24h,梧州,47.0
20201111,14,O3,梧州,125.0
20201111,14,O3_24h,梧州,145.0
20201111,14,O3_8h,梧州,62.0
20201111,14,O3_8h_24h,梧州,62.0
20201111,14,CO,梧州,0.68
20201111,14,CO_24h,梧州,0.97
20201111,15,AQI,梧州,55.0
20201111,15,PM2.5,梧州,30.0
20201111,15,PM2.5_24h,梧州,44.0
20201111,15,PM10,梧州,60.0
20201111,15,PM10_24h,梧州,99.0
20201111,15,SO2,梧州,9.0
20201111,15,SO2_24h,梧州,23.0
20201111,15,NO2,梧州,9.0
20201111,15,NO2_24h,梧州,47.0
20201111,15,O3,梧州,123.0
20201111,15,O3_24h,梧州,144.0
20201111,15,O3_8h,梧州,76.0
20201111,15,O3_8h_24h,梧州,76.0
20201111,15,CO,梧州,0.67
20201111,15,CO_24h,梧州,0.97
20201111,16,AQI,梧州,52.0
20201111,16,PM2.5,梧州,29.0
20201111,16,PM2.5_24h,梧州,44.0
20201111,16,PM10,梧州,54.0
20201111,16,PM10_24h,梧州,98.0
20201111,16,SO2,梧州,9.0
20201111,16,SO2_24h,梧州,23.0
20201111,16,NO2,梧州,9.0
20201111,16,NO2_24h,梧州,47.0
20201111,16,O3,梧州,127.0
20201111,16,O3_24h,梧州,134.0
20201111,16,O3_8h,梧州,91.0
20201111,16,O3_8h_24h,梧州,91.0
20201111,16,CO,梧州,0.6
20201111,16,CO_24h,梧州,0.97
20201111,17,AQI,梧州,51.0
20201111,17,PM2.5,梧州,26.0
20201111,17,PM2.5_24h,梧州,44.0
20201111,17,PM10,梧州,52.0
20201111,17,PM10_24h,梧州,97.0
20201111,17,SO2,梧州,9.0
20201111,17,SO2_24h,梧州,23.0
20201111,17,NO2,梧州,12.0
20201111,17,NO2_24h,梧州,47.0
20201111,17,O3,梧州,127.0
20201111,17,O3_24h,梧州,132.0
20201111,17,O3_8h,梧州,106.0
20201111,17,O3_8h_24h,梧州,106.0
20201111,17,CO,梧州,0.65
20201111,17,CO_24h,梧州,0.97
20201111,18,AQI,梧州,57.0
20201111,18,PM2.5,梧州,27.0
20201111,18,PM2.5_24h,梧州,43.0
20201111,18,PM10,梧州,64.0
20201111,18,PM10_24h,梧州,96.0
20201111,18,SO2,梧州,11.0
20201111,18,SO2_24h,梧州,23.0
20201111,18,NO2,梧州,28.0
20201111,18,NO2_24h,梧州,47.0
20201111,18,O3,梧州,105.0
20201111,18,O3_24h,梧州,132.0
20201111,18,O3_8h,梧州,115.0
20201111,18,O3_8h_24h,梧州,115.0
20201111,18,CO,梧州,0.97
20201111,18,CO_24h,梧州,0.97
20201111,19,AQI,梧州,69.0
20201111,19,PM2.5,梧州,29.0
20201111,19,PM2.5_24h,梧州,43.0
20201111,19,PM10,梧州,87.0
20201111,19,PM10_24h,梧州,96.0
20201111,19,SO2,梧州,14.0
20201111,19,SO2_24h,梧州,22.0
20201111,19,NO2,梧州,74.0
20201111,19,NO2_24h,梧州,48.0
20201111,19,O3,梧州,49.0
20201111,19,O3_24h,梧州,132.0
20201111,19,O3_8h,梧州,112.0
20201111,19,O3_8h_24h,梧州,115.0
20201111,19,CO,梧州,2.6
20201111,19,CO_24h,梧州,1.0
20201111,20,AQI,梧州,92.0
20201111,20,PM2.5,梧州,41.0
20201111,20,PM2.5_24h,梧州,43.0
20201111,20,PM10,梧州,134.0
20201111,20,PM10_24h,梧州,96.0
20201111,20,SO2,梧州,16.0
20201111,20,SO2_24h,梧州,22.0
20201111,20,NO2,梧州,107.0
20201111,20,NO2_24h,梧州,49.0
20201111,20,O3,梧州,15.0
20201111,20,O3_24h,梧州,132.0
20201111,20,O3_8h,梧州,100.0
20201111,20,O3_8h_24h,梧州,115.0
20201111,20,CO,梧州,2.23
20201111,20,CO_24h,梧州,1.03
20201111,21,AQI,梧州,105.0
20201111,21,PM2.5,梧州,52.0
20201111,21,PM2.5_24h,梧州,43.0
20201111,21,PM10,梧州,159.0
20201111,21,PM10_24h,梧州,97.0
20201111,21,SO2,梧州,23.0
20201111,21,SO2_24h,梧州,22.0
20201111,21,NO2,梧州,101.0
20201111,21,NO2_24h,梧州,49.0
20201111,21,O3,梧州,9.0
20201111,21,O3_24h,梧州,132.0
20201111,21,O3_8h,梧州,85.0
20201111,21,O3_8h_24h,梧州,115.0
20201111,21,CO,梧州,1.23
20201111,21,CO_24h,梧州,1.03
20201111,22,AQI,梧州,113.0
20201111,22,PM2.5,梧州,52.0
20201111,22,PM2.5_24h,梧州,43.0
20201111,22,PM10,梧州,176.0
20201111,22,PM10_24h,梧州,99.0
20201111,22,SO2,梧州,23.0
20201111,22,SO2_24h,梧州,22.0
20201111,22,NO2,梧州,91.0
20201111,22,NO2_24h,梧州,50.0
20201111,22,O3,梧州,18.0
20201111,22,O3_24h,梧州,132.0
20201111,22,O3_8h,梧州,71.0
20201111,22,O3_8h_24h,梧州,115.0
20201111,22,CO,梧州,1.05
20201111,22,CO_24h,梧州,1.03
20201111,23,AQI,梧州,108.0
20201111,23,PM2.5,梧州,52.0
20201111,23,PM2.5_24h,梧州,43.0
20201111,23,PM10,梧州,165.0
20201111,23,PM10_24h,梧州,99.0
20201111,23,SO2,梧州,29.0
20201111,23,SO2_24h,梧州,22.0
20201111,23,NO2,梧州,86.0
20201111,23,NO2_24h,梧州,51.0
20201111,23,O3,梧州,12.0
20201111,23,O3_24h,梧州,132.0
20201111,23,O3_8h,梧州,57.0
20201111,23,O3_8h_24h,梧州,115.0
20201111,23,CO,梧州,1.02
20201111,23,CO_24h,梧州,1.03
20201111,0,AQI,防城港,71.0
20201111,0,PM2.5,防城港,45.0
20201111,0,PM2.5_24h,防城港,33.0
20201111,0,PM10,防城港,91.0
20201111,0,PM10_24h,防城港,85.0
20201111,0,SO2,防城港,15.0
20201111,0,SO2_24h,防城港,14.0
20201111,0,NO2,防城港,20.0
20201111,0,NO2_24h,防城港,20.0
20201111,0,O3,防城港,142.0
20201111,0,O3_24h,防城港,151.0
20201111,0,O3_8h,防城港,138.0
20201111,0,O3_8h_24h,防城港,144.0
20201111,0,CO,防城港,0.6
20201111,0,CO_24h,防城港,0.57
20201111,1,AQI,防城港,71.0
20201111,1,PM2.5,防城港,42.0
20201111,1,PM2.5_24h,防城港,33.0
20201111,1,PM10,防城港,91.0
20201111,1,PM10_24h,防城港,85.0
20201111,1,SO2,防城港,14.0
20201111,1,SO2_24h,防城港,14.0
20201111,1,NO2,防城港,18.0
20201111,1,NO2_24h,防城港,20.0
20201111,1,O3,防城港,140.0
20201111,1,O3_24h,防城港,151.0
20201111,1,O3_8h,防城港,140.0
20201111,1,O3_8h_24h,防城港,140.0
20201111,1,CO,防城港,0.6
20201111,1,CO_24h,防城港,0.57
20201111,2,AQI,防城港,69.0
20201111,2,PM2.5,防城港,40.0
20201111,2,PM2.5_24h,防城港,33.0
20201111,2,PM10,防城港,88.0
20201111,2,PM10_24h,防城港,84.0
20201111,2,SO2,防城港,13.0
20201111,2,SO2_24h,防城港,14.0
20201111,2,NO2,防城港,17.0
20201111,2,NO2_24h,防城港,20.0
20201111,2,O3,防城港,139.0
20201111,2,O3_24h,防城港,151.0
20201111,2,O3_8h,防城港,140.0
20201111,2,O3_8h_24h,防城港,141.0
20201111,2,CO,防城港,0.6
20201111,2,CO_24h,防城港,0.57
20201111,3,AQI,防城港,69.0
20201111,3,PM2.5,防城港,39.0
20201111,3,PM2.5_24h,防城港,33.0
20201111,3,PM10,防城港,88.0
20201111,3,PM10_24h,防城港,84.0
20201111,3,SO2,防城港,14.0
20201111,3,SO2_24h,防城港,15.0
20201111,3,NO2,防城港,16.0
20201111,3,NO2_24h,防城港,20.0
20201111,3,O3,防城港,138.0
20201111,3,O3_24h,防城港,151.0
20201111,3,O3_8h,防城港,139.0
20201111,3,O3_8h_24h,防城港,141.0
20201111,3,CO,防城港,0.6
20201111,3,CO_24h,防城港,0.57
20201111,4,AQI,防城港,66.0
20201111,4,PM2.5,防城港,41.0
20201111,4,PM2.5_24h,防城港,34.0
20201111,4,PM10,防城港,82.0
20201111,4,PM10_24h,防城港,85.0
20201111,4,SO2,防城港,15.0
20201111,4,SO2_24h,防城港,15.0
20201111,4,NO2,防城港,17.0
20201111,4,NO2_24h,防城港,20.0
20201111,4,O3,防城港,132.0
20201111,4,O3_24h,防城港,151.0
20201111,4,O3_8h,防城港,137.0
20201111,4,O3_8h_24h,防城港,141.0
20201111,4,CO,防城港,0.6
20201111,4,CO_24h,防城港,0.57
20201111,5,AQI,防城港,66.0
20201111,5,PM2.5,防城港,42.0
20201111,5,PM2.5_24h,防城港,35.0
20201111,5,PM10,防城港,82.0
20201111,5,PM10_24h,防城港,85.0
20201111,5,SO2,防城港,15.0
20201111,5,SO2_24h,防城港,15.0
20201111,5,NO2,防城港,16.0
20201111,5,NO2_24h,防城港,20.0
20201111,5,O3,防城港,124.0
20201111,5,O3_24h,防城港,151.0
20201111,5,O3_8h,防城港,135.0
20201111,5,O3_8h_24h,防城港,141.0
20201111,5,CO,防城港,0.6
20201111,5,CO_24h,防城港,0.57
20201111,6,AQI,防城港,66.0
20201111,6,PM2.5,防城港,42.0
20201111,6,PM2.5_24h,防城港,36.0
20201111,6,PM10,防城港,81.0
20201111,6,PM10_24h,防城港,86.0
20201111,6,SO2,防城港,15.0
20201111,6,SO2_24h,防城港,15.0
20201111,6,NO2,防城港,17.0
20201111,6,NO2_24h,防城港,20.0
20201111,6,O3,防城港,115.0
20201111,6,O3_24h,防城港,151.0
20201111,6,O3_8h,防城港,131.0
20201111,6,O3_8h_24h,防城港,141.0
20201111,6,CO,防城港,0.57
20201111,6,CO_24h,防城港,0.6
20201111,8,AQI,防城港,63.0
20201111,8,PM2.5,防城港,40.0
20201111,8,PM2.5_24h,防城港,37.0
20201111,8,PM10,防城港,75.0
20201111,8,PM10_24h,防城港,86.0
20201111,8,SO2,防城港,16.0
20201111,8,SO2_24h,防城港,15.0
20201111,8,NO2,防城港,26.0
20201111,8,NO2_24h,防城港,20.0
20201111,8,O3,防城港,92.0
20201111,8,O3_24h,防城港,151.0
20201111,8,O3_8h,防城港,123.0
20201111,8,O3_8h_24h,防城港,141.0
20201111,8,CO,防城港,0.6
20201111,8,CO_24h,防城港,0.6
20201111,10,AQI,防城港,67.0
20201111,10,PM2.5,防城港,38.0
20201111,10,PM2.5_24h,防城港,38.0
20201111,10,PM10,防城港,84.0
20201111,10,PM10_24h,防城港,86.0
20201111,10,SO2,防城港,16.0
20201111,10,SO2_24h,防城港,15.0
20201111,10,NO2,防城港,25.0
20201111,10,NO2_24h,防城港,21.0
20201111,10,O3,防城港,94.0
20201111,10,O3_24h,防城港,151.0
20201111,10,O3_8h,防城港,111.0
20201111,10,O3_8h_24h,防城港,141.0
20201111,10,CO,防城港,0.6
20201111,10,CO_24h,防城港,0.6
20201111,11,AQI,防城港,65.0
20201111,11,PM2.5,防城港,39.0
20201111,11,PM2.5_24h,防城港,38.0
20201111,11,PM10,防城港,80.0
20201111,11,PM10_24h,防城港,86.0
20201111,11,SO2,防城港,17.0
20201111,11,SO2_24h,防城港,15.0
20201111,11,NO2,防城港,23.0
20201111,11,NO2_24h,防城港,21.0
20201111,11,O3,防城港,104.0
20201111,11,O3_24h,防城港,151.0
20201111,11,O3_8h,防城港,106.0
20201111,11,O3_8h_24h,防城港,141.0
20201111,11,CO,防城港,0.6
20201111,11,CO_24h,防城港,0.6
20201111,12,AQI,防城港,63.0
20201111,12,PM2.5,防城港,40.0
20201111,12,PM2.5_24h,防城港,39.0
20201111,12,PM10,防城港,75.0
20201111,12,PM10_24h,防城港,86.0
20201111,12,SO2,防城港,15.0
20201111,12,SO2_24h,防城港,15.0
20201111,12,NO2,防城港,19.0
20201111,12,NO2_24h,防城港,21.0
20201111,12,O3,防城港,127.0
20201111,12,O3_24h,防城港,151.0
20201111,12,O3_8h,防城港,105.0
20201111,12,O3_8h_24h,防城港,141.0
20201111,12,CO,防城港,0.57
20201111,12,CO_24h,防城港,0.6
20201111,13,AQI,防城港,65.0
20201111,13,PM2.5,防城港,41.0
20201111,13,PM2.5_24h,防城港,40.0
20201111,13,PM10,防城港,79.0
20201111,13,PM10_24h,防城港,86.0
20201111,13,SO2,防城港,14.0
20201111,13,SO2_24h,防城港,15.0
20201111,13,NO2,防城港,17.0
20201111,13,NO2_24h,防城港,21.0
20201111,13,O3,防城港,144.0
20201111,13,O3_24h,防城港,151.0
20201111,13,O3_8h,防城港,108.0
20201111,13,O3_8h_24h,防城港,141.0
20201111,13,CO,防城港,0.6
20201111,13,CO_24h,防城港,0.6
20201111,14,AQI,防城港,63.0
20201111,14,PM2.5,防城港,41.0
20201111,14,PM2.5_24h,防城港,41.0
20201111,14,PM10,防城港,75.0
20201111,14,PM10_24h,防城港,86.0
20201111,14,SO2,防城港,14.0
20201111,14,SO2_24h,防城港,15.0
20201111,14,NO2,防城港,17.0
20201111,14,NO2_24h,防城港,21.0
20201111,14,O3,防城港,156.0
20201111,14,O3_24h,防城港,152.0
20201111,14,O3_8h,防城港,111.0
20201111,14,O3_8h_24h,防城港,141.0
20201111,14,CO,防城港,0.57
20201111,14,CO_24h,防城港,0.6
20201111,15,AQI,防城港,62.0
20201111,15,PM2.5,防城港,40.0
20201111,15,PM2.5_24h,防城港,41.0
20201111,15,PM10,防城港,74.0
20201111,15,PM10_24h,防城港,86.0
20201111,15,SO2,防城港,13.0
20201111,15,SO2_24h,防城港,15.0
20201111,15,NO2,防城港,17.0
20201111,15,NO2_24h,防城港,21.0
20201111,15,O3,防城港,160.0
20201111,15,O3_24h,防城港,154.0
20201111,15,O3_8h,防城港,116.0
20201111,15,O3_8h_24h,防城港,141.0
20201111,15,CO,防城港,0.57
20201111,15,CO_24h,防城港,0.6
20201111,16,AQI,防城港,66.0
20201111,16,PM2.5,防城港,40.0
20201111,16,PM2.5_24h,防城港,41.0
20201111,16,PM10,防城港,81.0
20201111,16,PM10_24h,防城港,85.0
20201111,16,SO2,防城港,13.0
20201111,16,SO2_24h,防城港,15.0
20201111,16,NO2,防城港,20.0
20201111,16,NO2_24h,防城港,21.0
20201111,16,O3,防城港,155.0
20201111,16,O3_24h,防城港,156.0
20201111,16,O3_8h,防城港,125.0
20201111,16,O3_8h_24h,防城港,141.0
20201111,16,CO,防城港,0.57
20201111,16,CO_24h,防城港,0.6
20201111,17,AQI,防城港,63.0
20201111,17,PM2.5,防城港,40.0
20201111,17,PM2.5_24h,防城港,41.0
20201111,17,PM10,防城港,76.0
20201111,17,PM10_24h,防城港,85.0
20201111,17,SO2,防城港,13.0
20201111,17,SO2_24h,防城港,15.0
20201111,17,NO2,防城港,22.0
20201111,17,NO2_24h,防城港,21.0
20201111,17,O3,防城港,152.0
20201111,17,O3_24h,防城港,156.0
20201111,17,O3_8h,防城港,134.0
20201111,17,O3_8h_24h,防城港,141.0
20201111,17,CO,防城港,0.57
20201111,17,CO_24h,防城港,0.6
20201111,18,AQI,防城港,69.0
20201111,18,PM2.5,防城港,43.0
20201111,18,PM2.5_24h,防城港,41.0
20201111,18,PM10,防城港,88.0
20201111,18,PM10_24h,防城港,85.0
20201111,18,SO2,防城港,12.0
20201111,18,SO2_24h,防城港,15.0
20201111,18,NO2,防城港,26.0
20201111,18,NO2_24h,防城港,21.0
20201111,18,O3,防城港,142.0
20201111,18,O3_24h,防城港,156.0
20201111,18,O3_8h,防城港,140.0
20201111,18,O3_8h_24h,防城港,143.0
20201111,18,CO,防城港,0.63
20201111,18,CO_24h,防城港,0.6
20201111,19,AQI,防城港,73.0
20201111,19,PM2.5,防城港,46.0
20201111,19,PM2.5_24h,防城港,42.0
20201111,19,PM10,防城港,95.0
20201111,19,PM10_24h,防城港,86.0
20201111,19,SO2,防城港,12.0
20201111,19,SO2_24h,防城港,15.0
20201111,19,NO2,防城港,29.0
20201111,19,NO2_24h,防城港,21.0
20201111,19,O3,防城港,132.0
20201111,19,O3_24h,防城港,156.0
20201111,19,O3_8h,防城港,144.0
20201111,19,O3_8h_24h,防城港,145.0
20201111,19,CO,防城港,0.67
20201111,19,CO_24h,防城港,0.6
20201111,20,AQI,防城港,71.0
20201111,20,PM2.5,防城港,46.0
20201111,20,PM2.5_24h,防城港,42.0
20201111,20,PM10,防城港,91.0
20201111,20,PM10_24h,防城港,85.0
20201111,20,SO2,防城港,12.0
20201111,20,SO2_24h,防城港,15.0
20201111,20,NO2,防城港,25.0
20201111,20,NO2_24h,防城港,21.0
20201111,20,O3,防城港,134.0
20201111,20,O3_24h,防城港,156.0
20201111,20,O3_8h,防城港,145.0
20201111,20,O3_8h_24h,防城港,145.0
20201111,20,CO,防城港,0.63
20201111,20,CO_24h,防城港,0.6
20201111,21,AQI,防城港,72.0
20201111,21,PM2.5,防城港,47.0
20201111,21,PM2.5_24h,防城港,42.0
20201111,21,PM10,防城港,94.0
20201111,21,PM10_24h,防城港,86.0
20201111,21,SO2,防城港,14.0
20201111,21,SO2_24h,防城港,15.0
20201111,21,NO2,防城港,27.0
20201111,21,NO2_24h,防城港,21.0
20201111,21,O3,防城港,131.0
20201111,21,O3_24h,防城港,156.0
20201111,21,O3_8h,防城港,143.0
20201111,21,O3_8h_24h,防城港,145.0
20201111,21,CO,防城港,0.67
20201111,21,CO_24h,防城港,0.6
20201111,22,AQI,防城港,77.0
20201111,22,PM2.5,防城港,50.0
20201111,22,PM2.5_24h,防城港,42.0
20201111,22,PM10,防城港,104.0
20201111,22,PM10_24h,防城港,86.0
20201111,22,SO2,防城港,15.0
20201111,22,SO2_24h,防城港,14.0
20201111,22,NO2,防城港,28.0
20201111,22,NO2_24h,防城港,21.0
20201111,22,O3,防城港,123.0
20201111,22,O3_24h,防城港,156.0
20201111,22,O3_8h,防城港,140.0
20201111,22,O3_8h_24h,防城港,145.0
20201111,22,CO,防城港,0.67
20201111,22,CO_24h,防城港,0.6
20201111,23,AQI,防城港,79.0
20201111,23,PM2.5,防城港,50.0
20201111,23,PM2.5_24h,防城港,42.0
20201111,23,PM10,防城港,108.0
20201111,23,PM10_24h,防城港,86.0
20201111,23,SO2,防城港,15.0
20201111,23,SO2_24h,防城港,14.0
20201111,23,NO2,防城港,26.0
20201111,23,NO2_24h,防城港,21.0
20201111,23,O3,防城港,125.0
20201111,23,O3_24h,防城港,156.0
20201111,23,O3_8h,防城港,137.0
20201111,23,O3_8h_24h,防城港,145.0
20201111,23,CO,防城港,0.67
20201111,23,CO_24h,防城港,0.6
20201111,0,AQI,钦州,82.0
20201111,0,PM2.5,钦州,49.0
20201111,0,PM2.5_24h,钦州,40.0
20201111,0,PM10,钦州,113.0
20201111,0,PM10_24h,钦州,91.0
20201111,0,SO2,钦州,20.0
20201111,0,SO2_24h,钦州,22.0
20201111,0,NO2,钦州,30.0
20201111,0,NO2_24h,钦州,29.0
20201111,0,O3,钦州,129.0
20201111,0,O3_24h,钦州,155.0
20201111,0,O3_8h,钦州,128.0
20201111,0,O3_8h_24h,钦州,146.0
20201111,0,CO,钦州,0.83
20201111,0,CO_24h,钦州,0.9
20201111,1,AQI,钦州,77.0
20201111,1,PM2.5,钦州,50.0
20201111,1,PM2.5_24h,钦州,40.0
20201111,1,PM10,钦州,104.0
20201111,1,PM10_24h,钦州,92.0
20201111,1,SO2,钦州,32.0
20201111,1,SO2_24h,钦州,21.0
20201111,1,NO2,钦州,34.0
20201111,1,NO2_24h,钦州,30.0
20201111,1,O3,钦州,116.0
20201111,1,O3_24h,钦州,155.0
20201111,1,O3_8h,钦州,116.0
20201111,1,O3_8h_24h,钦州,116.0
20201111,1,CO,钦州,1.47
20201111,1,CO_24h,钦州,0.93
20201111,2,AQI,钦州,84.0
20201111,2,PM2.5,钦州,56.0
20201111,2,PM2.5_24h,钦州,41.0
20201111,2,PM10,钦州,118.0
20201111,2,PM10_24h,钦州,93.0
20201111,2,SO2,钦州,35.0
20201111,2,SO2_24h,钦州,22.0
20201111,2,NO2,钦州,34.0
20201111,2,NO2_24h,钦州,31.0
20201111,2,O3,钦州,111.0
20201111,2,O3_24h,钦州,155.0
20201111,2,O3_8h,钦州,114.0
20201111,2,O3_8h_24h,钦州,117.0
20201111,2,CO,钦州,2.27
20201111,2,CO_24h,钦州,1.0
20201111,3,AQI,钦州,88.0
20201111,3,PM2.5,钦州,60.0
20201111,3,PM2.5_24h,钦州,42.0
20201111,3,PM10,钦州,126.0
20201111,3,PM10_24h,钦州,95.0
20201111,3,SO2,钦州,32.0
20201111,3,SO2_24h,钦州,22.0
20201111,3,NO2,钦州,26.0
20201111,3,NO2_24h,钦州,31.0
20201111,3,O3,钦州,113.0
20201111,3,O3_24h,钦州,155.0
20201111,3,O3_8h,钦州,113.0
20201111,3,O3_8h_24h,钦州,118.0
20201111,3,CO,钦州,1.4
20201111,3,CO_24h,钦州,1.03
20201111,4,AQI,钦州,76.0
20201111,4,PM2.5,钦州,51.0
20201111,4,PM2.5_24h,钦州,42.0
20201111,4,PM10,钦州,102.0
20201111,4,PM10_24h,钦州,96.0
20201111,4,SO2,钦州,33.0
20201111,4,SO2_24h,钦州,22.0
20201111,4,NO2,钦州,25.0
20201111,4,NO2_24h,钦州,31.0
20201111,4,O3,钦州,111.0
20201111,4,O3_24h,钦州,155.0
20201111,4,O3_8h,钦州,113.0
20201111,4,O3_8h_24h,钦州,119.0
20201111,4,CO,钦州,1.2
20201111,4,CO_24h,钦州,1.0
20201111,5,AQI,钦州,71.0
20201111,5,PM2.5,钦州,49.0
20201111,5,PM2.5_24h,钦州,43.0
20201111,5,PM10,钦州,92.0
20201111,5,PM10_24h,钦州,97.0
20201111,5,SO2,钦州,29.0
20201111,5,SO2_24h,钦州,23.0
20201111,5,NO2,钦州,32.0
20201111,5,NO2_24h,钦州,31.0
20201111,5,O3,钦州,97.0
20201111,5,O3_24h,钦州,155.0
20201111,5,O3_8h,钦州,110.0
20201111,5,O3_8h_24h,钦州,119.0
20201111,5,CO,钦州,1.63
20201111,5,CO_24h,钦州,1.03
20201111,6,AQI,钦州,75.0
20201111,6,PM2.5,钦州,55.0
20201111,6,PM2.5_24h,钦州,43.0
20201111,6,PM10,钦州,100.0
20201111,6,PM10_24h,钦州,97.0
20201111,6,SO2,钦州,32.0
20201111,6,SO2_24h,钦州,23.0
20201111,6,NO2,钦州,38.0
20201111,6,NO2_24h,钦州,31.0
20201111,6,O3,钦州,82.0
20201111,6,O3_24h,钦州,155.0
20201111,6,O3_8h,钦州,105.0
20201111,6,O3_8h_24h,钦州,119.0
20201111,6,CO,钦州,1.5
20201111,6,CO_24h,钦州,1.07
20201111,8,AQI,钦州,75.0
20201111,8,PM2.5,钦州,50.0
20201111,8,PM2.5_24h,钦州,44.0
20201111,8,PM10,钦州,100.0
20201111,8,PM10_24h,钦州,99.0
20201111,8,SO2,钦州,35.0
20201111,8,SO2_24h,钦州,23.0
20201111,8,NO2,钦州,36.0
20201111,8,NO2_24h,钦州,31.0
20201111,8,O3,钦州,79.0
20201111,8,O3_24h,钦州,155.0
20201111,8,O3_8h,钦州,99.0
20201111,8,O3_8h_24h,钦州,119.0
20201111,8,CO,钦州,2.27
20201111,8,CO_24h,钦州,1.1
20201111,10,AQI,钦州,69.0
20201111,10,PM2.5,钦州,44.0
20201111,10,PM2.5_24h,钦州,45.0
20201111,10,PM10,钦州,87.0
20201111,10,PM10_24h,钦州,100.0
20201111,10,SO2,钦州,20.0
20201111,10,SO2_24h,钦州,23.0
20201111,10,NO2,钦州,25.0
20201111,10,NO2_24h,钦州,31.0
20201111,10,O3,钦州,104.0
20201111,10,O3_24h,钦州,155.0
20201111,10,O3_8h,钦州,94.0
20201111,10,O3_8h_24h,钦州,119.0
20201111,10,CO,钦州,0.9
20201111,10,CO_24h,钦州,1.1
20201111,11,AQI,钦州,70.0
20201111,11,PM2.5,钦州,44.0
20201111,11,PM2.5_24h,钦州,45.0
20201111,11,PM10,钦州,90.0
20201111,11,PM10_24h,钦州,100.0
20201111,11,SO2,钦州,16.0
20201111,11,SO2_24h,钦州,23.0
20201111,11,NO2,钦州,20.0
20201111,11,NO2_24h,钦州,31.0
20201111,11,O3,钦州,127.0
20201111,11,O3_24h,钦州,155.0
20201111,11,O3_8h,钦州,95.0
20201111,11,O3_8h_24h,钦州,119.0
20201111,11,CO,钦州,0.67
20201111,11,CO_24h,钦州,1.1
20201111,12,AQI,钦州,66.0
20201111,12,PM2.5,钦州,44.0
20201111,12,PM2.5_24h,钦州,45.0
20201111,12,PM10,钦州,82.0
20201111,12,PM10_24h,钦州,99.0
20201111,12,SO2,钦州,16.0
20201111,12,SO2_24h,钦州,23.0
20201111,12,NO2,钦州,19.0
20201111,12,NO2_24h,钦州,31.0
20201111,12,O3,钦州,142.0
20201111,12,O3_24h,钦州,155.0
20201111,12,O3_8h,钦州,99.0
20201111,12,O3_8h_24h,钦州,119.0
20201111,12,CO,钦州,0.67
20201111,12,CO_24h,钦州,1.1
20201111,13,AQI,钦州,70.0
20201111,13,PM2.5,钦州,42.0
20201111,13,PM2.5_24h,钦州,46.0
20201111,13,PM10,钦州,90.0
20201111,13,PM10_24h,钦州,99.0
20201111,13,SO2,钦州,16.0
20201111,13,SO2_24h,钦州,23.0
20201111,13,NO2,钦州,17.0
20201111,13,NO2_24h,钦州,31.0
20201111,13,O3,钦州,157.0
20201111,13,O3_24h,钦州,159.0
20201111,13,O3_8h,钦州,107.0
20201111,13,O3_8h_24h,钦州,119.0
20201111,13,CO,钦州,0.63
20201111,13,CO_24h,钦州,1.1
20201111,14,AQI,钦州,68.0
20201111,14,PM2.5,钦州,39.0
20201111,14,PM2.5_24h,钦州,46.0
20201111,14,PM10,钦州,85.0
20201111,14,PM10_24h,钦州,99.0
20201111,14,SO2,钦州,14.0
20201111,14,SO2_24h,钦州,23.0
20201111,14,NO2,钦州,15.0
20201111,14,NO2_24h,钦州,31.0
20201111,14,O3,钦州,165.0
20201111,14,O3_24h,钦州,165.0
20201111,14,O3_8h,钦州,117.0
20201111,14,O3_8h_24h,钦州,122.0
20201111,14,CO,钦州,0.63
20201111,14,CO_24h,钦州,1.07
20201111,15,AQI,钦州,63.0
20201111,15,PM2.5,钦州,37.0
20201111,15,PM2.5_24h,钦州,46.0
20201111,15,PM10,钦州,75.0
20201111,15,PM10_24h,钦州,98.0
20201111,15,SO2,钦州,13.0
20201111,15,SO2_24h,钦州,23.0
20201111,15,NO2,钦州,16.0
20201111,15,NO2_24h,钦州,31.0
20201111,15,O3,钦州,165.0
20201111,15,O3_24h,钦州,166.0
20201111,15,O3_8h,钦州,128.0
20201111,15,O3_8h_24h,钦州,128.0
20201111,15,CO,钦州,0.6
20201111,15,CO_24h,钦州,1.07
20201111,16,AQI,钦州,60.0
20201111,16,PM2.5,钦州,35.0
20201111,16,PM2.5_24h,钦州,46.0
20201111,16,PM10,钦州,69.0
20201111,16,PM10_24h,钦州,98.0
20201111,16,SO2,钦州,14.0
20201111,16,SO2_24h,钦州,23.0
20201111,16,NO2,钦州,16.0
20201111,16,NO2_24h,钦州,31.0
20201111,16,O3,钦州,165.0
20201111,16,O3_24h,钦州,166.0
20201111,16,O3_8h,钦州,137.0
20201111,16,O3_8h_24h,钦州,137.0
20201111,16,CO,钦州,0.6
20201111,16,CO_24h,钦州,1.07
20201111,17,AQI,钦州,63.0
20201111,17,PM2.5,钦州,39.0
20201111,17,PM2.5_24h,钦州,46.0
20201111,17,PM10,钦州,75.0
20201111,17,PM10_24h,钦州,97.0
20201111,17,SO2,钦州,14.0
20201111,17,SO2_24h,钦州,23.0
20201111,17,NO2,钦州,19.0
20201111,17,NO2_24h,钦州,31.0
20201111,17,O3,钦州,165.0
20201111,17,O3_24h,钦州,167.0
20201111,17,O3_8h,钦州,148.0
20201111,17,O3_8h_24h,钦州,148.0
20201111,17,CO,钦州,0.57
20201111,17,CO_24h,钦州,1.1
20201111,18,AQI,钦州,68.0
20201111,18,PM2.5,钦州,41.0
20201111,18,PM2.5_24h,钦州,46.0
20201111,18,PM10,钦州,85.0
20201111,18,PM10_24h,钦州,97.0
20201111,18,SO2,钦州,15.0
20201111,18,SO2_24h,钦州,23.0
20201111,18,NO2,钦州,30.0
20201111,18,NO2_24h,钦州,31.0
20201111,18,O3,钦州,151.0
20201111,18,O3_24h,钦州,167.0
20201111,18,O3_8h,钦州,154.0
20201111,18,O3_8h_24h,钦州,154.0
20201111,18,CO,钦州,0.63
20201111,18,CO_24h,钦州,1.07
20201111,19,AQI,钦州,75.0
20201111,19,PM2.5,钦州,44.0
20201111,19,PM2.5_24h,钦州,46.0
20201111,19,PM10,钦州,99.0
20201111,19,PM10_24h,钦州,97.0
20201111,19,SO2,钦州,17.0
20201111,19,SO2_24h,钦州,23.0
20201111,19,NO2,钦州,41.0
20201111,19,NO2_24h,钦州,30.0
20201111,19,O3,钦州,137.0
20201111,19,O3_24h,钦州,167.0
20201111,19,O3_8h,钦州,155.0
20201111,19,O3_8h_24h,钦州,155.0
20201111,19,CO,钦州,0.7
20201111,19,CO_24h,钦州,1.1
20201111,20,AQI,钦州,83.0
20201111,20,PM2.5,钦州,49.0
20201111,20,PM2.5_24h,钦州,46.0
20201111,20,PM10,钦州,116.0
20201111,20,PM10_24h,钦州,98.0
20201111,20,SO2,钦州,19.0
20201111,20,SO2_24h,钦州,23.0
20201111,20,NO2,钦州,47.0
20201111,20,NO2_24h,钦州,31.0
20201111,20,O3,钦州,126.0
20201111,20,O3_24h,钦州,167.0
20201111,20,O3_8h,钦州,153.0
20201111,20,O3_8h_24h,钦州,155.0
20201111,20,CO,钦州,0.73
20201111,20,CO_24h,钦州,1.07
20201111,21,AQI,钦州,82.0
20201111,21,PM2.5,钦州,49.0
20201111,21,PM2.5_24h,钦州,47.0
20201111,21,PM10,钦州,113.0
20201111,21,PM10_24h,钦州,98.0
20201111,21,SO2,钦州,30.0
20201111,21,SO2_24h,钦州,23.0
20201111,21,NO2,钦州,39.0
20201111,21,NO2_24h,钦州,30.0
20201111,21,O3,钦州,128.0
20201111,21,O3_24h,钦州,167.0
20201111,21,O3_8h,钦州,149.0
20201111,21,O3_8h_24h,钦州,155.0
20201111,21,CO,钦州,0.8
20201111,21,CO_24h,钦州,1.07
20201111,22,AQI,钦州,81.0
20201111,22,PM2.5,钦州,53.0
20201111,22,PM2.5_24h,钦州,47.0
20201111,22,PM10,钦州,112.0
20201111,22,PM10_24h,钦州,98.0
20201111,22,SO2,钦州,22.0
20201111,22,SO2_24h,钦州,23.0
20201111,22,NO2,钦州,45.0
20201111,22,NO2_24h,钦州,30.0
20201111,22,O3,钦州,112.0
20201111,22,O3_24h,钦州,167.0
20201111,22,O3_8h,钦州,142.0
20201111,22,O3_8h_24h,钦州,155.0
20201111,22,CO,钦州,0.73
20201111,22,CO_24h,钦州,1.07
20201111,23,AQI,钦州,84.0
20201111,23,PM2.5,钦州,51.0
20201111,23,PM2.5_24h,钦州,48.0
20201111,23,PM10,钦州,117.0
20201111,23,PM10_24h,钦州,99.0
20201111,23,SO2,钦州,21.0
20201111,23,SO2_24h,钦州,23.0
20201111,23,NO2,钦州,46.0
20201111,23,NO2_24h,钦州,31.0
20201111,23,O3,钦州,106.0
20201111,23,O3_24h,钦州,167.0
20201111,23,O3_8h,钦州,134.0
20201111,23,O3_8h_24h,钦州,155.0
20201111,23,CO,钦州,0.73
20201111,23,CO_24h,钦州,1.07
20201111,0,AQI,贵港,102.0
20201111,0,PM2.5,贵港,69.0
20201111,0,PM2.5_24h,贵港,39.0
20201111,0,PM10,贵港,153.0
20201111,0,PM10_24h,贵港,92.0
20201111,0,SO2,贵港,15.0
20201111,0,SO2_24h,贵港,15.0
20201111,0,NO2,贵港,77.0
20201111,0,NO2_24h,贵港,43.0
20201111,0,O3,贵港,45.0
20201111,0,O3_24h,贵港,148.0
20201111,0,O3_8h,贵港,78.0
20201111,0,O3_8h_24h,贵港,130.0
20201111,0,CO,贵港,0.93
20201111,0,CO_24h,贵港,0.63
20201111,1,AQI,贵港,106.0
20201111,1,PM2.5,贵港,80.0
20201111,1,PM2.5_24h,贵港,41.0
20201111,1,PM10,贵港,151.0
20201111,1,PM10_24h,贵港,95.0
20201111,1,SO2,贵港,13.0
20201111,1,SO2_24h,贵港,14.0
20201111,1,NO2,贵港,98.0
20201111,1,NO2_24h,贵港,45.0
20201111,1,O3,贵港,16.0
20201111,1,O3_24h,贵港,148.0
20201111,1,O3_8h,贵港,16.0
20201111,1,O3_8h_24h,贵港,16.0
20201111,1,CO,贵港,1.1
20201111,1,CO_24h,贵港,0.63
20201111,2,AQI,贵港,121.0
20201111,2,PM2.5,贵港,83.0
20201111,2,PM2.5_24h,贵港,43.0
20201111,2,PM10,贵港,191.0
20201111,2,PM10_24h,贵港,99.0
20201111,2,SO2,贵港,14.0
20201111,2,SO2_24h,贵港,14.0
20201111,2,NO2,贵港,84.0
20201111,2,NO2_24h,贵港,47.0
20201111,2,O3,贵港,28.0
20201111,2,O3_24h,贵港,148.0
20201111,2,O3_8h,贵港,22.0
20201111,2,O3_8h_24h,贵港,22.0
20201111,2,CO,贵港,1.33
20201111,2,CO_24h,贵港,0.67
20201111,3,AQI,贵港,90.0
20201111,3,PM2.5,贵港,60.0
20201111,3,PM2.5_24h,贵港,44.0
20201111,3,PM10,贵港,130.0
20201111,3,PM10_24h,贵港,101.0
20201111,3,SO2,贵港,14.0
20201111,3,SO2_24h,贵港,15.0
20201111,3,NO2,贵港,73.0
20201111,3,NO2_24h,贵港,47.0
20201111,3,O3,贵港,28.0
20201111,3,O3_24h,贵港,148.0
20201111,3,O3_8h,贵港,24.0
20201111,3,O3_8h_24h,贵港,24.0
20201111,3,CO,贵港,0.8
20201111,3,CO_24h,贵港,0.67
20201111,4,AQI,贵港,88.0
20201111,4,PM2.5,贵港,65.0
20201111,4,PM2.5_24h,贵港,45.0
20201111,4,PM10,贵港,117.0
20201111,4,PM10_24h,贵港,102.0
20201111,4,SO2,贵港,12.0
20201111,4,SO2_24h,贵港,14.0
20201111,4,NO2,贵港,83.0
20201111,4,NO2_24h,贵港,49.0
20201111,4,O3,贵港,5.0
20201111,4,O3_24h,贵港,148.0
20201111,4,O3_8h,贵港,19.0
20201111,4,O3_8h_24h,贵港,24.0
20201111,4,CO,贵港,0.87
20201111,4,CO_24h,贵港,0.67
20201111,5,AQI,贵港,95.0
20201111,5,PM2.5,贵港,64.0
20201111,5,PM2.5_24h,贵港,46.0
20201111,5,PM10,贵港,139.0
20201111,5,PM10_24h,贵港,104.0
20201111,5,SO2,贵港,12.0
20201111,5,SO2_24h,贵港,14.0
20201111,5,NO2,贵港,73.0
20201111,5,NO2_24h,贵港,50.0
20201111,5,O3,贵港,17.0
20201111,5,O3_24h,贵港,148.0
20201111,5,O3_8h,贵港,19.0
20201111,5,O3_8h_24h,贵港,24.0
20201111,5,CO,贵港,0.77
20201111,5,CO_24h,贵港,0.7
20201111,6,AQI,贵港,82.0
20201111,6,PM2.5,贵港,57.0
20201111,6,PM2.5_24h,贵港,48.0
20201111,6,PM10,贵港,114.0
20201111,6,PM10_24h,贵港,105.0
20201111,6,SO2,贵港,12.0
20201111,6,SO2_24h,贵港,14.0
20201111,6,NO2,贵港,41.0
20201111,6,NO2_24h,贵港,51.0
20201111,6,O3,贵港,53.0
20201111,6,O3_24h,贵港,148.0
20201111,6,O3_8h,贵港,25.0
20201111,6,O3_8h_24h,贵港,26.0
20201111,6,CO,贵港,0.63
20201111,6,CO_24h,贵港,0.7
20201111,8,AQI,贵港,73.0
20201111,8,PM2.5,贵港,51.0
20201111,8,PM2.5_24h,贵港,48.0
20201111,8,PM10,贵港,95.0
20201111,8,PM10_24h,贵港,106.0
20201111,8,SO2,贵港,14.0
20201111,8,SO2_24h,贵港,14.0
20201111,8,NO2,贵港,43.0
20201111,8,NO2_24h,贵港,51.0
20201111,8,O3,贵港,52.0
20201111,8,O3_24h,贵港,148.0
20201111,8,O3_8h,贵港,33.0
20201111,8,O3_8h_24h,贵港,33.0
20201111,8,CO,贵港,0.83
20201111,8,CO_24h,贵港,0.77
20201111,10,AQI,贵港,76.0
20201111,10,PM2.5,贵港,43.0
20201111,10,PM2.5_24h,贵港,49.0
20201111,10,PM10,贵港,102.0
20201111,10,PM10_24h,贵港,107.0
20201111,10,SO2,贵港,22.0
20201111,10,SO2_24h,贵港,14.0
20201111,10,NO2,贵港,41.0
20201111,10,NO2_24h,贵港,51.0
20201111,10,O3,贵港,72.0
20201111,10,O3_24h,贵港,148.0
20201111,10,O3_8h,贵港,43.0
20201111,10,O3_8h_24h,贵港,43.0
20201111,10,CO,贵港,0.67
20201111,10,CO_24h,贵港,0.77
20201111,11,AQI,贵港,70.0
20201111,11,PM2.5,贵港,38.0
20201111,11,PM2.5_24h,贵港,49.0
20201111,11,PM10,贵港,89.0
20201111,11,PM10_24h,贵港,107.0
20201111,11,SO2,贵港,18.0
20201111,11,SO2_24h,贵港,14.0
20201111,11,NO2,贵港,26.0
20201111,11,NO2_24h,贵港,51.0
20201111,11,O3,贵港,104.0
20201111,11,O3_24h,贵港,148.0
20201111,11,O3_8h,贵港,53.0
20201111,11,O3_8h_24h,贵港,53.0
20201111,11,CO,贵港,0.53
20201111,11,CO_24h,贵港,0.77
20201111,12,AQI,贵港,70.0
20201111,12,PM2.5,贵港,37.0
20201111,12,PM2.5_24h,贵港,50.0
20201111,12,PM10,贵港,89.0
20201111,12,PM10_24h,贵港,108.0
20201111,12,SO2,贵港,17.0
20201111,12,SO2_24h,贵港,14.0
20201111,12,NO2,贵港,25.0
20201111,12,NO2_24h,贵港,51.0
20201111,12,O3,贵港,124.0
20201111,12,O3_24h,贵港,148.0
20201111,12,O3_8h,贵港,67.0
20201111,12,O3_8h_24h,贵港,67.0
20201111,12,CO,贵港,0.57
20201111,12,CO_24h,贵港,0.77
20201111,13,AQI,贵港,70.0
20201111,13,PM2.5,贵港,35.0
20201111,13,PM2.5_24h,贵港,50.0
20201111,13,PM10,贵港,90.0
20201111,13,PM10_24h,贵港,109.0
20201111,13,SO2,贵港,17.0
20201111,13,SO2_24h,贵港,15.0
20201111,13,NO2,贵港,17.0
20201111,13,NO2_24h,贵港,51.0
20201111,13,O3,贵港,147.0
20201111,13,O3_24h,贵港,151.0
20201111,13,O3_8h,贵港,83.0
20201111,13,O3_8h_24h,贵港,83.0
20201111,13,CO,贵港,0.5
20201111,13,CO_24h,贵港,0.77
20201111,14,AQI,贵港,64.0
20201111,14,PM2.5,贵港,33.0
20201111,14,PM2.5_24h,贵港,50.0
20201111,14,PM10,贵港,78.0
20201111,14,PM10_24h,贵港,109.0
20201111,14,SO2,贵港,15.0
20201111,14,SO2_24h,贵港,15.0
20201111,14,NO2,贵港,14.0
20201111,14,NO2_24h,贵港,51.0
20201111,14,O3,贵港,159.0
20201111,14,O3_24h,贵港,160.0
20201111,14,O3_8h,贵港,97.0
20201111,14,O3_8h_24h,贵港,97.0
20201111,14,CO,贵港,0.47
20201111,14,CO_24h,贵港,0.77
20201111,15,AQI,贵港,60.0
20201111,15,PM2.5,贵港,27.0
20201111,15,PM2.5_24h,贵港,50.0
20201111,15,PM10,贵港,70.0
20201111,15,PM10_24h,贵港,110.0
20201111,15,SO2,贵港,14.0
20201111,15,SO2_24h,贵港,15.0
20201111,15,NO2,贵港,13.0
20201111,15,NO2_24h,贵港,52.0
20201111,15,O3,贵港,162.0
20201111,15,O3_24h,贵港,162.0
20201111,15,O3_8h,贵港,109.0
20201111,15,O3_8h_24h,贵港,109.0
20201111,15,CO,贵港,0.47
20201111,15,CO_24h,贵港,0.77
20201111,16,AQI,贵港,60.0
20201111,16,PM2.5,贵港,31.0
20201111,16,PM2.5_24h,贵港,50.0
20201111,16,PM10,贵港,69.0
20201111,16,PM10_24h,贵港,110.0
20201111,16,SO2,贵港,12.0
20201111,16,SO2_24h,贵港,15.0
20201111,16,NO2,贵港,15.0
20201111,16,NO2_24h,贵港,52.0
20201111,16,O3,贵港,163.0
20201111,16,O3_24h,贵港,164.0
20201111,16,O3_8h,贵港,123.0
20201111,16,O3_8h_24h,贵港,123.0
20201111,16,CO,贵港,0.47
20201111,16,CO_24h,贵港,0.77
20201111,17,AQI,贵港,59.0
20201111,17,PM2.5,贵港,30.0
20201111,17,PM2.5_24h,贵港,51.0
20201111,17,PM10,贵港,67.0
20201111,17,PM10_24h,贵港,110.0
20201111,17,SO2,贵港,12.0
20201111,17,SO2_24h,贵港,15.0
20201111,17,NO2,贵港,16.0
20201111,17,NO2_24h,贵港,52.0
20201111,17,O3,贵港,158.0
20201111,17,O3_24h,贵港,164.0
20201111,17,O3_8h,贵港,135.0
20201111,17,O3_8h_24h,贵港,135.0
20201111,17,CO,贵港,0.45
20201111,17,CO_24h,贵港,0.77
20201111,18,AQI,贵港,58.0
20201111,18,PM2.5,贵港,32.0
20201111,18,PM2.5_24h,贵港,51.0
20201111,18,PM10,贵港,66.0
20201111,18,PM10_24h,贵港,110.0
20201111,18,SO2,贵港,13.0
20201111,18,SO2_24h,贵港,14.0
20201111,18,NO2,贵港,28.0
20201111,18,NO2_24h,贵港,52.0
20201111,18,O3,贵港,138.0
20201111,18,O3_24h,贵港,164.0
20201111,18,O3_8h,贵港,144.0
20201111,18,O3_8h_24h,贵港,144.0
20201111,18,CO,贵港,0.5
20201111,18,CO_24h,贵港,0.77
20201111,19,AQI,贵港,68.0
20201111,19,PM2.5,贵港,41.0
20201111,19,PM2.5_24h,贵港,51.0
20201111,19,PM10,贵港,86.0
20201111,19,PM10_24h,贵港,110.0
20201111,19,SO2,贵港,14.0
20201111,19,SO2_24h,贵港,14.0
20201111,19,NO2,贵港,46.0
20201111,19,NO2_24h,贵港,51.0
20201111,19,O3,贵港,109.0
20201111,19,O3_24h,贵港,164.0
20201111,19,O3_8h,贵港,144.0
20201111,19,O3_8h_24h,贵港,145.0
20201111,19,CO,贵港,0.67
20201111,19,CO_24h,贵港,0.77
20201111,20,AQI,贵港,73.0
20201111,20,PM2.5,贵港,44.0
20201111,20,PM2.5_24h,贵港,51.0
20201111,20,PM10,贵港,95.0
20201111,20,PM10_24h,贵港,109.0
20201111,20,SO2,贵港,14.0
20201111,20,SO2_24h,贵港,14.0
20201111,20,NO2,贵港,34.0
20201111,20,NO2_24h,贵港,50.0
20201111,20,O3,贵港,118.0
20201111,20,O3_24h,贵港,164.0
20201111,20,O3_8h,贵港,143.0
20201111,20,O3_8h_24h,贵港,145.0
20201111,20,CO,贵港,0.67
20201111,20,CO_24h,贵港,0.77
20201111,21,AQI,贵港,71.0
20201111,21,PM2.5,贵港,49.0
20201111,21,PM2.5_24h,贵港,50.0
20201111,21,PM10,贵港,91.0
20201111,21,PM10_24h,贵港,108.0
20201111,21,SO2,贵港,14.0
20201111,21,SO2_24h,贵港,14.0
20201111,21,NO2,贵港,45.0
20201111,21,NO2_24h,贵港,49.0
20201111,21,O3,贵港,100.0
20201111,21,O3_24h,贵港,164.0
20201111,21,O3_8h,贵港,137.0
20201111,21,O3_8h_24h,贵港,145.0
20201111,21,CO,贵港,0.77
20201111,21,CO_24h,贵港,0.73
20201111,22,AQI,贵港,77.0
20201111,22,PM2.5,贵港,54.0
20201111,22,PM2.5_24h,贵港,50.0
20201111,22,PM10,贵港,103.0
20201111,22,PM10_24h,贵港,106.0
20201111,22,SO2,贵港,14.0
20201111,22,SO2_24h,贵港,14.0
20201111,22,NO2,贵港,60.0
20201111,22,NO2_24h,贵港,48.0
20201111,22,O3,贵港,75.0
20201111,22,O3_24h,贵港,164.0
20201111,22,O3_8h,贵港,126.0
20201111,22,O3_8h_24h,贵港,145.0
20201111,22,CO,贵港,0.8
20201111,22,CO_24h,贵港,0.7
20201111,23,AQI,贵港,80.0
20201111,23,PM2.5,贵港,59.0
20201111,23,PM2.5_24h,贵港,49.0
20201111,23,PM10,贵港,110.0
20201111,23,PM10_24h,贵港,104.0
20201111,23,SO2,贵港,14.0
20201111,23,SO2_24h,贵港,14.0
20201111,23,NO2,贵港,76.0
20201111,23,NO2_24h,贵港,47.0
20201111,23,O3,贵港,55.0
20201111,23,O3_24h,贵港,164.0
20201111,23,O3_8h,贵港,112.0
20201111,23,O3_8h_24h,贵港,145.0
20201111,23,CO,贵港,0.9
20201111,23,CO_24h,贵港,0.7
20201111,0,AQI,玉林,78.0
20201111,0,PM2.5,玉林,57.0
20201111,0,PM2.5_24h,玉林,42.0
20201111,0,PM10,玉林,101.0
20201111,0,PM10_24h,玉林,79.0
20201111,0,SO2,玉林,9.0
20201111,0,SO2_24h,玉林,11.0
20201111,0,NO2,玉林,43.0
20201111,0,NO2_24h,玉林,30.0
20201111,0,O3,玉林,64.0
20201111,0,O3_24h,玉林,166.0
20201111,0,O3_8h,玉林,105.0
20201111,0,O3_8h_24h,玉林,151.0
20201111,0,CO,玉林,0.85
20201111,0,CO_24h,玉林,0.7
20201111,1,AQI,玉林,59.0
20201111,1,PM2.5,玉林,42.0
20201111,1,PM2.5_24h,玉林,43.0
20201111,1,PM10,玉林,66.0
20201111,1,PM10_24h,玉林,79.0
20201111,1,SO2,玉林,9.0
20201111,1,SO2_24h,玉林,11.0
20201111,1,NO2,玉林,34.0
20201111,1,NO2_24h,玉林,30.0
20201111,1,O3,玉林,79.0
20201111,1,O3_24h,玉林,166.0
20201111,1,O3_8h,玉林,79.0
20201111,1,O3_8h_24h,玉林,79.0
20201111,1,CO,玉林,0.7
20201111,1,CO_24h,玉林,0.7
20201111,2,AQI,玉林,55.0
20201111,2,PM2.5,玉林,38.0
20201111,2,PM2.5_24h,玉林,43.0
20201111,2,PM10,玉林,59.0
20201111,2,PM10_24h,玉林,79.0
20201111,2,SO2,玉林,8.0
20201111,2,SO2_24h,玉林,11.0
20201111,2,NO2,玉林,28.0
20201111,2,NO2_24h,玉林,30.0
20201111,2,O3,玉林,85.0
20201111,2,O3_24h,玉林,166.0
20201111,2,O3_8h,玉林,82.0
20201111,2,O3_8h_24h,玉林,82.0
20201111,2,CO,玉林,0.65
20201111,2,CO_24h,玉林,0.7
20201111,3,AQI,玉林,55.0
20201111,3,PM2.5,玉林,34.0
20201111,3,PM2.5_24h,玉林,43.0
20201111,3,PM10,玉林,59.0
20201111,3,PM10_24h,玉林,79.0
20201111,3,SO2,玉林,8.0
20201111,3,SO2_24h,玉林,11.0
20201111,3,NO2,玉林,26.0
20201111,3,NO2_24h,玉林,30.0
20201111,3,O3,玉林,91.0
20201111,3,O3_24h,玉林,166.0
20201111,3,O3_8h,玉林,85.0
20201111,3,O3_8h_24h,玉林,85.0
20201111,3,CO,玉林,0.6
20201111,3,CO_24h,玉林,0.7
20201111,4,AQI,玉林,51.0
20201111,4,PM2.5,玉林,35.0
20201111,4,PM2.5_24h,玉林,43.0
20201111,4,PM10,玉林,52.0
20201111,4,PM10_24h,玉林,79.0
20201111,4,SO2,玉林,10.0
20201111,4,SO2_24h,玉林,11.0
20201111,4,NO2,玉林,23.0
20201111,4,NO2_24h,玉林,31.0
20201111,4,O3,玉林,93.0
20201111,4,O3_24h,玉林,166.0
20201111,4,O3_8h,玉林,87.0
20201111,4,O3_8h_24h,玉林,87.0
20201111,4,CO,玉林,0.65
20201111,4,CO_24h,玉林,0.7
20201111,5,AQI,玉林,52.0
20201111,5,PM2.5,玉林,36.0
20201111,5,PM2.5_24h,玉林,43.0
20201111,5,PM10,玉林,54.0
20201111,5,PM10_24h,玉林,78.0
20201111,5,SO2,玉林,11.0
20201111,5,SO2_24h,玉林,11.0
20201111,5,NO2,玉林,25.0
20201111,5,NO2_24h,玉林,29.0
20201111,5,O3,玉林,85.0
20201111,5,O3_24h,玉林,166.0
20201111,5,O3_8h,玉林,87.0
20201111,5,O3_8h_24h,玉林,87.0
20201111,5,CO,玉林,0.65
20201111,5,CO_24h,玉林,0.7
20201111,6,AQI,玉林,52.0
20201111,6,PM2.5,玉林,33.0
20201111,6,PM2.5_24h,玉林,43.0
20201111,6,PM10,玉林,53.0
20201111,6,PM10_24h,玉林,77.0
20201111,6,SO2,玉林,11.0
20201111,6,SO2_24h,玉林,11.0
20201111,6,NO2,玉林,21.0
20201111,6,NO2_24h,玉林,28.0
20201111,6,O3,玉林,89.0
20201111,6,O3_24h,玉林,166.0
20201111,6,O3_8h,玉林,87.0
20201111,6,O3_8h_24h,玉林,88.0
20201111,6,CO,玉林,0.65
20201111,6,CO_24h,玉林,0.7
20201111,7,AQI,玉林,54.0
20201111,7,PM2.5,玉林,34.0
20201111,7,PM2.5_24h,玉林,43.0
20201111,7,PM10,玉林,58.0
20201111,7,PM10_24h,玉林,76.0
20201111,7,SO2,玉林,12.0
20201111,7,SO2_24h,玉林,11.0
20201111,7,NO2,玉林,25.0
20201111,7,NO2_24h,玉林,28.0
20201111,7,O3,玉林,80.0
20201111,7,O3_24h,玉林,166.0
20201111,7,O3_8h,玉林,86.0
20201111,7,O3_8h_24h,玉林,88.0
20201111,7,CO,玉林,0.7
20201111,7,CO_24h,玉林,0.75
20201111,8,AQI,玉林,56.0
20201111,8,PM2.5,玉林,38.0
20201111,8,PM2.5_24h,玉林,44.0
20201111,8,PM10,玉林,62.0
20201111,8,PM10_24h,玉林,76.0
20201111,8,SO2,玉林,13.0
20201111,8,SO2_24h,玉林,11.0
20201111,8,NO2,玉林,31.0
20201111,8,NO2_24h,玉林,28.0
20201111,8,O3,玉林,69.0
20201111,8,O3_24h,玉林,166.0
20201111,8,O3_8h,玉林,84.0
20201111,8,O3_8h_24h,玉林,88.0
20201111,8,CO,玉林,0.8
20201111,8,CO_24h,玉林,0.75
20201111,10,AQI,玉林,68.0
20201111,10,PM2.5,玉林,40.0
20201111,10,PM2.5_24h,玉林,45.0
20201111,10,PM10,玉林,85.0
20201111,10,PM10_24h,玉林,77.0
20201111,10,SO2,玉林,13.0
20201111,10,SO2_24h,玉林,11.0
20201111,10,NO2,玉林,35.0
20201111,10,NO2_24h,玉林,29.0
20201111,10,O3,玉林,80.0
20201111,10,O3_24h,玉林,166.0
20201111,10,O3_8h,玉林,82.0
20201111,10,O3_8h_24h,玉林,88.0
20201111,10,CO,玉林,0.75
20201111,10,CO_24h,玉林,0.75
20201111,11,AQI,玉林,70.0
20201111,11,PM2.5,玉林,34.0
20201111,11,PM2.5_24h,玉林,45.0
20201111,11,PM10,玉林,89.0
20201111,11,PM10_24h,玉林,77.0
20201111,11,SO2,玉林,11.0
20201111,11,SO2_24h,玉林,11.0
20201111,11,NO2,玉林,17.0
20201111,11,NO2_24h,玉林,28.0
20201111,11,O3,玉林,127.0
20201111,11,O3_24h,玉林,166.0
20201111,11,O3_8h,玉林,87.0
20201111,11,O3_8h_24h,玉林,89.0
20201111,11,CO,玉林,0.65
20201111,11,CO_24h,玉林,0.75
20201111,12,AQI,玉林,64.0
20201111,12,PM2.5,玉林,32.0
20201111,12,PM2.5_24h,玉林,45.0
20201111,12,PM10,玉林,77.0
20201111,12,PM10_24h,玉林,77.0
20201111,12,SO2,玉林,11.0
20201111,12,SO2_24h,玉林,11.0
20201111,12,NO2,玉林,15.0
20201111,12,NO2_24h,玉林,28.0
20201111,12,O3,玉林,138.0
20201111,12,O3_24h,玉林,166.0
20201111,12,O3_8h,玉林,92.0
20201111,12,O3_8h_24h,玉林,92.0
20201111,12,CO,玉林,0.55
20201111,12,CO_24h,玉林,0.75
20201111,13,AQI,玉林,62.0
20201111,13,PM2.5,玉林,33.0
20201111,13,PM2.5_24h,玉林,45.0
20201111,13,PM10,玉林,74.0
20201111,13,PM10_24h,玉林,76.0
20201111,13,SO2,玉林,10.0
20201111,13,SO2_24h,玉林,11.0
20201111,13,NO2,玉林,15.0
20201111,13,NO2_24h,玉林,28.0
20201111,13,O3,玉林,144.0
20201111,13,O3_24h,玉林,166.0
20201111,13,O3_8h,玉林,100.0
20201111,13,O3_8h_24h,玉林,100.0
20201111,13,CO,玉林,0.55
20201111,13,CO_24h,玉林,0.75
20201111,14,AQI,玉林,59.0
20201111,14,PM2.5,玉林,34.0
20201111,14,PM2.5_24h,玉林,44.0
20201111,14,PM10,玉林,68.0
20201111,14,PM10_24h,玉林,76.0
20201111,14,SO2,玉林,9.0
20201111,14,SO2_24h,玉林,11.0
20201111,14,NO2,玉林,14.0
20201111,14,NO2_24h,玉林,28.0
20201111,14,O3,玉林,149.0
20201111,14,O3_24h,玉林,166.0
20201111,14,O3_8h,玉林,107.0
20201111,14,O3_8h_24h,玉林,107.0
20201111,14,CO,玉林,0.55
20201111,14,CO_24h,玉林,0.75
20201111,15,AQI,玉林,58.0
20201111,15,PM2.5,玉林,36.0
20201111,15,PM2.5_24h,玉林,44.0
20201111,15,PM10,玉林,65.0
20201111,15,PM10_24h,玉林,76.0
20201111,15,SO2,玉林,9.0
20201111,15,SO2_24h,玉林,11.0
20201111,15,NO2,玉林,14.0
20201111,15,NO2_24h,玉林,28.0
20201111,15,O3,玉林,153.0
20201111,15,O3_24h,玉林,166.0
20201111,15,O3_8h,玉林,116.0
20201111,15,O3_8h_24h,玉林,116.0
20201111,15,CO,玉林,0.6
20201111,15,CO_24h,玉林,0.75
20201111,16,AQI,玉林,58.0
20201111,16,PM2.5,玉林,38.0
20201111,16,PM2.5_24h,玉林,44.0
20201111,16,PM10,玉林,65.0
20201111,16,PM10_24h,玉林,76.0
20201111,16,SO2,玉林,10.0
20201111,16,SO2_24h,玉林,11.0
20201111,16,NO2,玉林,15.0
20201111,16,NO2_24h,玉林,28.0
20201111,16,O3,玉林,155.0
20201111,16,O3_24h,玉林,156.0
20201111,16,O3_8h,玉林,127.0
20201111,16,O3_8h_24h,玉林,127.0
20201111,16,CO,玉林,0.65
20201111,16,CO_24h,玉林,0.75
20201111,17,AQI,玉林,67.0
20201111,17,PM2.5,玉林,38.0
20201111,17,PM2.5_24h,玉林,44.0
20201111,17,PM10,玉林,83.0
20201111,17,PM10_24h,玉林,76.0
20201111,17,SO2,玉林,9.0
20201111,17,SO2_24h,玉林,11.0
20201111,17,NO2,玉林,16.0
20201111,17,NO2_24h,玉林,28.0
20201111,17,O3,玉林,163.0
20201111,17,O3_24h,玉林,155.0
20201111,17,O3_8h,玉林,136.0
20201111,17,O3_8h_24h,玉林,136.0
20201111,17,CO,玉林,0.7
20201111,17,CO_24h,玉林,0.75
20201111,18,AQI,玉林,62.0
20201111,18,PM2.5,玉林,38.0
20201111,18,PM2.5_24h,玉林,44.0
20201111,18,PM10,玉林,73.0
20201111,18,PM10_24h,玉林,76.0
20201111,18,SO2,玉林,9.0
20201111,18,SO2_24h,玉林,11.0
20201111,18,NO2,玉林,21.0
20201111,18,NO2_24h,玉林,28.0
20201111,18,O3,玉林,136.0
20201111,18,O3_24h,玉林,155.0
20201111,18,O3_8h,玉林,144.0
20201111,18,O3_8h_24h,玉林,144.0
20201111,18,CO,玉林,0.65
20201111,18,CO_24h,玉林,0.75
20201111,19,AQI,玉林,63.0
20201111,19,PM2.5,玉林,45.0
20201111,19,PM2.5_24h,玉林,44.0
20201111,19,PM10,玉林,75.0
20201111,19,PM10_24h,玉林,76.0
20201111,19,SO2,玉林,14.0
20201111,19,SO2_24h,玉林,11.0
20201111,19,NO2,玉林,27.0
20201111,19,NO2_24h,玉林,28.0
20201111,19,O3,玉林,137.0
20201111,19,O3_24h,玉林,155.0
20201111,19,O3_8h,玉林,145.0
20201111,19,O3_8h_24h,玉林,145.0
20201111,19,CO,玉林,0.7
20201111,19,CO_24h,玉林,0.7
20201111,20,AQI,玉林,69.0
20201111,20,PM2.5,玉林,50.0
20201111,20,PM2.5_24h,玉林,44.0
20201111,20,PM10,玉林,78.0
20201111,20,PM10_24h,玉林,75.0
20201111,20,SO2,玉林,15.0
20201111,20,SO2_24h,玉林,11.0
20201111,20,NO2,玉林,32.0
20201111,20,NO2_24h,玉林,28.0
20201111,20,O3,玉林,129.0
20201111,20,O3_24h,玉林,155.0
20201111,20,O3_8h,玉林,144.0
20201111,20,O3_8h_24h,玉林,145.0
20201111,20,CO,玉林,0.75
20201111,20,CO_24h,玉林,0.7
20201111,21,AQI,玉林,96.0
20201111,21,PM2.5,玉林,72.0
20201111,21,PM2.5_24h,玉林,43.0
20201111,21,PM10,玉林,99.0
20201111,21,PM10_24h,玉林,75.0
20201111,21,SO2,玉林,16.0
20201111,21,SO2_24h,玉林,11.0
20201111,21,NO2,玉林,52.0
20201111,21,NO2_24h,玉林,28.0
20201111,21,O3,玉林,92.0
20201111,21,O3_24h,玉林,155.0
20201111,21,O3_8h,玉林,137.0
20201111,21,O3_8h_24h,玉林,145.0
20201111,21,CO,玉林,0.9
20201111,21,CO_24h,玉林,0.7
20201111,22,AQI,玉林,98.0
20201111,22,PM2.5,玉林,73.0
20201111,22,PM2.5_24h,玉林,43.0
20201111,22,PM10,玉林,122.0
20201111,22,PM10_24h,玉林,75.0
20201111,22,SO2,玉林,15.0
20201111,22,SO2_24h,玉林,11.0
20201111,22,NO2,玉林,52.0
20201111,22,NO2_24h,玉林,28.0
20201111,22,O3,玉林,83.0
20201111,22,O3_24h,玉林,155.0
20201111,22,O3_8h,玉林,128.0
20201111,22,O3_8h_24h,玉林,145.0
20201111,22,CO,玉林,0.95
20201111,22,CO_24h,玉林,0.7
20201111,23,AQI,玉林,128.0
20201111,23,PM2.5,玉林,97.0
20201111,23,PM2.5_24h,玉林,44.0
20201111,23,PM10,玉林,131.0
20201111,23,PM10_24h,玉林,76.0
20201111,23,SO2,玉林,13.0
20201111,23,SO2_24h,玉林,11.0
20201111,23,NO2,玉林,69.0
20201111,23,NO2_24h,玉林,29.0
20201111,23,O3,玉林,45.0
20201111,23,O3_24h,玉林,155.0
20201111,23,O3_8h,玉林,113.0
20201111,23,O3_8h_24h,玉林,145.0
20201111,23,CO,玉林,1.05
20201111,23,CO_24h,玉林,0.7
20201111,0,AQI,百色,61.0
20201111,0,PM2.5,百色,33.0
20201111,0,PM2.5_24h,百色,24.0
20201111,0,PM10,百色,72.0
20201111,0,PM10_24h,百色,52.0
20201111,0,SO2,百色,8.0
20201111,0,SO2_24h,百色,8.0
20201111,0,NO2,百色,33.0
20201111,0,NO2_24h,百色,25.0
20201111,0,O3,百色,19.0
20201111,0,O3_24h,百色,110.0
20201111,0,O3_8h,百色,41.0
20201111,0,O3_8h_24h,百色,90.0
20201111,0,CO,百色,0.7
20201111,0,CO_24h,百色,0.55
20201111,1,AQI,百色,54.0
20201111,1,PM2.5,百色,25.0
20201111,1,PM2.5_24h,百色,24.0
20201111,1,PM10,百色,58.0
20201111,1,PM10_24h,百色,53.0
20201111,1,SO2,百色,7.0
20201111,1,SO2_24h,百色,8.0
20201111,1,NO2,百色,30.0
20201111,1,NO2_24h,百色,25.0
20201111,1,O3,百色,18.0
20201111,1,O3_24h,百色,110.0
20201111,1,O3_8h,百色,18.0
20201111,1,O3_8h_24h,百色,18.0
20201111,1,CO,百色,0.6
20201111,1,CO_24h,百色,0.55
20201111,2,AQI,百色,44.0
20201111,2,PM2.5,百色,21.0
20201111,2,PM2.5_24h,百色,24.0
20201111,2,PM10,百色,44.0
20201111,2,PM10_24h,百色,53.0
20201111,2,SO2,百色,7.0
20201111,2,SO2_24h,百色,8.0
20201111,2,NO2,百色,29.0
20201111,2,NO2_24h,百色,25.0
20201111,2,O3,百色,16.0
20201111,2,O3_24h,百色,110.0
20201111,2,O3_8h,百色,17.0
20201111,2,O3_8h_24h,百色,19.0
20201111,2,CO,百色,0.5
20201111,2,CO_24h,百色,0.55
20201111,3,AQI,百色,35.0
20201111,3,PM2.5,百色,20.0
20201111,3,PM2.5_24h,百色,24.0
20201111,3,PM10,百色,35.0
20201111,3,PM10_24h,百色,53.0
20201111,3,SO2,百色,7.0
20201111,3,SO2_24h,百色,8.0
20201111,3,NO2,百色,36.0
20201111,3,NO2_24h,百色,25.0
20201111,3,O3,百色,8.0
20201111,3,O3_24h,百色,110.0
20201111,3,O3_8h,百色,14.0
20201111,3,O3_8h_24h,百色,19.0
20201111,3,CO,百色,0.5
20201111,3,CO_24h,百色,0.55
20201111,4,AQI,百色,35.0
20201111,4,PM2.5,百色,19.0
20201111,4,PM2.5_24h,百色,23.0
20201111,4,PM10,百色,35.0
20201111,4,PM10_24h,百色,53.0
20201111,4,SO2,百色,7.0
20201111,4,SO2_24h,百色,8.0
20201111,4,NO2,百色,26.0
20201111,4,NO2_24h,百色,25.0
20201111,4,O3,百色,18.0
20201111,4,O3_24h,百色,110.0
20201111,4,O3_8h,百色,15.0
20201111,4,O3_8h_24h,百色,19.0
20201111,4,CO,百色,0.45
20201111,4,CO_24h,百色,0.55
20201111,5,AQI,百色,38.0
20201111,5,PM2.5,百色,21.0
20201111,5,PM2.5_24h,百色,23.0
20201111,5,PM10,百色,38.0
20201111,5,PM10_24h,百色,53.0
20201111,5,SO2,百色,7.0
20201111,5,SO2_24h,百色,8.0
20201111,5,NO2,百色,25.0
20201111,5,NO2_24h,百色,25.0
20201111,5,O3,百色,17.0
20201111,5,O3_24h,百色,110.0
20201111,5,O3_8h,百色,15.0
20201111,5,O3_8h_24h,百色,20.0
20201111,5,CO,百色,0.45
20201111,5,CO_24h,百色,0.55
20201111,6,AQI,百色,36.0
20201111,6,PM2.5,百色,21.0
20201111,6,PM2.5_24h,百色,23.0
20201111,6,PM10,百色,36.0
20201111,6,PM10_24h,百色,53.0
20201111,6,SO2,百色,7.0
20201111,6,SO2_24h,百色,8.0
20201111,6,NO2,百色,26.0
20201111,6,NO2_24h,百色,25.0
20201111,6,O3,百色,13.0
20201111,6,O3_24h,百色,110.0
20201111,6,O3_8h,百色,15.0
20201111,6,O3_8h_24h,百色,20.0
20201111,6,CO,百色,0.45
20201111,6,CO_24h,百色,0.55
20201111,8,AQI,百色,40.0
20201111,8,PM2.5,百色,22.0
20201111,8,PM2.5_24h,百色,23.0
20201111,8,PM10,百色,40.0
20201111,8,PM10_24h,百色,53.0
20201111,8,SO2,百色,8.0
20201111,8,SO2_24h,百色,8.0
20201111,8,NO2,百色,26.0
20201111,8,NO2_24h,百色,26.0
20201111,8,O3,百色,13.0
20201111,8,O3_24h,百色,110.0
20201111,8,O3_8h,百色,14.0
20201111,8,O3_8h_24h,百色,20.0
20201111,8,CO,百色,0.6
20201111,8,CO_24h,百色,0.55
20201111,10,AQI,百色,38.0
20201111,10,PM2.5,百色,26.0
20201111,10,PM2.5_24h,百色,24.0
20201111,10,PM10,百色,38.0
20201111,10,PM10_24h,百色,53.0
20201111,10,SO2,百色,8.0
20201111,10,SO2_24h,百色,8.0
20201111,10,NO2,百色,15.0
20201111,10,NO2_24h,百色,26.0
20201111,10,O3,百色,33.0
20201111,10,O3_24h,百色,110.0
20201111,10,O3_8h,百色,17.0
20201111,10,O3_8h_24h,百色,22.0
20201111,10,CO,百色,0.5
20201111,10,CO_24h,百色,0.55
20201111,11,AQI,百色,37.0
20201111,11,PM2.5,百色,18.0
20201111,11,PM2.5_24h,百色,24.0
20201111,11,PM10,百色,37.0
20201111,11,PM10_24h,百色,53.0
20201111,11,SO2,百色,8.0
20201111,11,SO2_24h,百色,8.0
20201111,11,NO2,百色,10.0
20201111,11,NO2_24h,百色,26.0
20201111,11,O3,百色,50.0
20201111,11,O3_24h,百色,110.0
20201111,11,O3_8h,百色,22.0
20201111,11,O3_8h_24h,百色,24.0
20201111,11,CO,百色,0.45
20201111,11,CO_24h,百色,0.55
20201111,12,AQI,百色,38.0
20201111,12,PM2.5,百色,17.0
20201111,12,PM2.5_24h,百色,24.0
20201111,12,PM10,百色,38.0
20201111,12,PM10_24h,百色,53.0
20201111,12,SO2,百色,8.0
20201111,12,SO2_24h,百色,8.0
20201111,12,NO2,百色,7.0
20201111,12,NO2_24h,百色,26.0
20201111,12,O3,百色,68.0
20201111,12,O3_24h,百色,110.0
20201111,12,O3_8h,百色,26.0
20201111,12,O3_8h_24h,百色,28.0
20201111,12,CO,百色,0.45
20201111,12,CO_24h,百色,0.55
20201111,13,AQI,百色,29.0
20201111,13,PM2.5,百色,17.0
20201111,13,PM2.5_24h,百色,24.0
20201111,13,PM10,百色,29.0
20201111,13,PM10_24h,百色,53.0
20201111,13,SO2,百色,8.0
20201111,13,SO2_24h,百色,8.0
20201111,13,NO2,百色,6.0
20201111,13,NO2_24h,百色,26.0
20201111,13,O3,百色,81.0
20201111,13,O3_24h,百色,110.0
20201111,13,O3_8h,百色,30.0
20201111,13,O3_8h_24h,百色,32.0
20201111,13,CO,百色,0.45
20201111,13,CO_24h,百色,0.55
20201111,14,AQI,百色,35.0
20201111,14,PM2.5,百色,17.0
20201111,14,PM2.5_24h,百色,23.0
20201111,14,PM10,百色,35.0
20201111,14,PM10_24h,百色,53.0
20201111,14,SO2,百色,8.0
20201111,14,SO2_24h,百色,8.0
20201111,14,NO2,百色,7.0
20201111,14,NO2_24h,百色,26.0
20201111,14,O3,百色,93.0
20201111,14,O3_24h,百色,110.0
20201111,14,O3_8h,百色,42.0
20201111,14,O3_8h_24h,百色,42.0
20201111,14,CO,百色,0.45
20201111,14,CO_24h,百色,0.55
20201111,15,AQI,百色,39.0
20201111,15,PM2.5,百色,18.0
20201111,15,PM2.5_24h,百色,23.0
20201111,15,PM10,百色,39.0
20201111,15,PM10_24h,百色,53.0
20201111,15,SO2,百色,9.0
20201111,15,SO2_24h,百色,8.0
20201111,15,NO2,百色,7.0
20201111,15,NO2_24h,百色,27.0
20201111,15,O3,百色,106.0
20201111,15,O3_24h,百色,110.0
20201111,15,O3_8h,百色,55.0
20201111,15,O3_8h_24h,百色,55.0
20201111,15,CO,百色,0.5
20201111,15,CO_24h,百色,0.55
20201111,16,AQI,百色,42.0
20201111,16,PM2.5,百色,17.0
20201111,16,PM2.5_24h,百色,24.0
20201111,16,PM10,百色,42.0
20201111,16,PM10_24h,百色,53.0
20201111,16,SO2,百色,9.0
20201111,16,SO2_24h,百色,8.0
20201111,16,NO2,百色,7.0
20201111,16,NO2_24h,百色,27.0
20201111,16,O3,百色,109.0
20201111,16,O3_24h,百色,111.0
20201111,16,O3_8h,百色,69.0
20201111,16,O3_8h_24h,百色,69.0
20201111,16,CO,百色,0.5
20201111,16,CO_24h,百色,0.55
20201111,17,AQI,百色,44.0
20201111,17,PM2.5,百色,22.0
20201111,17,PM2.5_24h,百色,24.0
20201111,17,PM10,百色,44.0
20201111,17,PM10_24h,百色,53.0
20201111,17,SO2,百色,10.0
20201111,17,SO2_24h,百色,8.0
20201111,17,NO2,百色,15.0
20201111,17,NO2_24h,百色,27.0
20201111,17,O3,百色,112.0
20201111,17,O3_24h,百色,112.0
20201111,17,O3_8h,百色,82.0
20201111,17,O3_8h_24h,百色,82.0
20201111,17,CO,百色,0.5
20201111,17,CO_24h,百色,0.55
20201111,18,AQI,百色,63.0
20201111,18,PM2.5,百色,29.0
20201111,18,PM2.5_24h,百色,24.0
20201111,18,PM10,百色,75.0
20201111,18,PM10_24h,百色,54.0
20201111,18,SO2,百色,17.0
20201111,18,SO2_24h,百色,9.0
20201111,18,NO2,百色,38.0
20201111,18,NO2_24h,百色,27.0
20201111,18,O3,百色,88.0
20201111,18,O3_24h,百色,112.0
20201111,18,O3_8h,百色,90.0
20201111,18,O3_8h_24h,百色,90.0
20201111,18,CO,百色,0.75
20201111,18,CO_24h,百色,0.55
20201111,19,AQI,百色,77.0
20201111,19,PM2.5,百色,41.0
20201111,19,PM2.5_24h,百色,25.0
20201111,19,PM10,百色,103.0
20201111,19,PM10_24h,百色,54.0
20201111,19,SO2,百色,15.0
20201111,19,SO2_24h,百色,9.0
20201111,19,NO2,百色,62.0
20201111,19,NO2_24h,百色,27.0
20201111,19,O3,百色,41.0
20201111,19,O3_24h,百色,112.0
20201111,19,O3_8h,百色,88.0
20201111,19,O3_8h_24h,百色,90.0
20201111,19,CO,百色,1.1
20201111,19,CO_24h,百色,0.6
20201111,20,AQI,百色,93.0
20201111,20,PM2.5,百色,64.0
20201111,20,PM2.5_24h,百色,26.0
20201111,20,PM10,百色,136.0
20201111,20,PM10_24h,百色,54.0
20201111,20,SO2,百色,12.0
20201111,20,SO2_24h,百色,9.0
20201111,20,NO2,百色,57.0
20201111,20,NO2_24h,百色,27.0
20201111,20,O3,百色,36.0
20201111,20,O3_24h,百色,112.0
20201111,20,O3_8h,百色,83.0
20201111,20,O3_8h_24h,百色,90.0
20201111,20,CO,百色,1.05
20201111,20,CO_24h,百色,0.6
20201111,21,AQI,百色,93.0
20201111,21,PM2.5,百色,43.0
20201111,21,PM2.5_24h,百色,26.0
20201111,21,PM10,百色,136.0
20201111,21,PM10_24h,百色,56.0
20201111,21,SO2,百色,12.0
20201111,21,SO2_24h,百色,9.0
20201111,21,NO2,百色,56.0
20201111,21,NO2_24h,百色,28.0
20201111,21,O3,百色,26.0
20201111,21,O3_24h,百色,112.0
20201111,21,O3_8h,百色,76.0
20201111,21,O3_8h_24h,百色,90.0
20201111,21,CO,百色,1.05
20201111,21,CO_24h,百色,0.6
20201111,22,AQI,百色,81.0
20201111,22,PM2.5,百色,39.0
20201111,22,PM2.5_24h,百色,27.0
20201111,22,PM10,百色,111.0
20201111,22,PM10_24h,百色,57.0
20201111,22,SO2,百色,11.0
20201111,22,SO2_24h,百色,9.0
20201111,22,NO2,百色,54.0
20201111,22,NO2_24h,百色,28.0
20201111,22,O3,百色,17.0
20201111,22,O3_24h,百色,112.0
20201111,22,O3_8h,百色,67.0
20201111,22,O3_8h_24h,百色,90.0
20201111,22,CO,百色,0.95
20201111,22,CO_24h,百色,0.6
20201111,23,AQI,百色,75.0
20201111,23,PM2.5,百色,46.0
20201111,23,PM2.5_24h,百色,27.0
20201111,23,PM10,百色,100.0
20201111,23,PM10_24h,百色,59.0
20201111,23,SO2,百色,10.0
20201111,23,SO2_24h,百色,9.0
20201111,23,NO2,百色,46.0
20201111,23,NO2_24h,百色,28.0
20201111,23,O3,百色,15.0
20201111,23,O3_24h,百色,112.0
20201111,23,O3_8h,百色,55.0
20201111,23,O3_8h_24h,百色,90.0
20201111,23,CO,百色,0.9
20201111,23,CO_24h,百色,0.65
20201111,0,AQI,贺州,88.0
20201111,0,PM2.5,贺州,65.0
20201111,0,PM2.5_24h,贺州,41.0
20201111,0,PM10,贺州,110.0
20201111,0,PM10_24h,贺州,84.0
20201111,0,SO2,贺州,8.0
20201111,0,SO2_24h,贺州,11.0
20201111,0,NO2,贺州,52.0
20201111,0,NO2_24h,贺州,34.0
20201111,0,O3,贺州,27.0
20201111,0,O3_24h,贺州,149.0
20201111,0,O3_8h,贺州,66.0
20201111,0,O3_8h_24h,贺州,136.0
20201111,0,CO,贺州,0.8
20201111,0,CO_24h,贺州,0.75
20201111,1,AQI,贺州,78.0
20201111,1,PM2.5,贺州,57.0
20201111,1,PM2.5_24h,贺州,41.0
20201111,1,PM10,贺州,91.0
20201111,1,PM10_24h,贺州,84.0
20201111,1,SO2,贺州,8.0
20201111,1,SO2_24h,贺州,11.0
20201111,1,NO2,贺州,55.0
20201111,1,NO2_24h,贺州,34.0
20201111,1,O3,贺州,13.0
20201111,1,O3_24h,贺州,149.0
20201111,1,O3_8h,贺州,13.0
20201111,1,O3_8h_24h,贺州,13.0
20201111,1,CO,贺州,0.8
20201111,1,CO_24h,贺州,0.75
20201111,2,AQI,贺州,71.0
20201111,2,PM2.5,贺州,42.0
20201111,2,PM2.5_24h,贺州,41.0
20201111,2,PM10,贺州,92.0
20201111,2,PM10_24h,贺州,84.0
20201111,2,SO2,贺州,8.0
20201111,2,SO2_24h,贺州,11.0
20201111,2,NO2,贺州,53.0
20201111,2,NO2_24h,贺州,34.0
20201111,2,O3,贺州,12.0
20201111,2,O3_24h,贺州,149.0
20201111,2,O3_8h,贺州,13.0
20201111,2,O3_8h_24h,贺州,14.0
20201111,2,CO,贺州,0.75
20201111,2,CO_24h,贺州,0.75
20201111,3,AQI,贺州,66.0
20201111,3,PM2.5,贺州,48.0
20201111,3,PM2.5_24h,贺州,41.0
20201111,3,PM10,贺州,82.0
20201111,3,PM10_24h,贺州,85.0
20201111,3,SO2,贺州,8.0
20201111,3,SO2_24h,贺州,11.0
20201111,3,NO2,贺州,43.0
20201111,3,NO2_24h,贺州,34.0
20201111,3,O3,贺州,22.0
20201111,3,O3_24h,贺州,149.0
20201111,3,O3_8h,贺州,16.0
20201111,3,O3_8h_24h,贺州,17.0
20201111,3,CO,贺州,0.7
20201111,3,CO_24h,贺州,0.75
20201111,4,AQI,贺州,61.0
20201111,4,PM2.5,贺州,43.0
20201111,4,PM2.5_24h,贺州,42.0
20201111,4,PM10,贺州,72.0
20201111,4,PM10_24h,贺州,85.0
20201111,4,SO2,贺州,8.0
20201111,4,SO2_24h,贺州,11.0
20201111,4,NO2,贺州,42.0
20201111,4,NO2_24h,贺州,35.0
20201111,4,O3,贺州,19.0
20201111,4,O3_24h,贺州,149.0
20201111,4,O3_8h,贺州,17.0
20201111,4,O3_8h_24h,贺州,18.0
20201111,4,CO,贺州,0.7
20201111,4,CO_24h,贺州,0.75
20201111,5,AQI,贺州,60.0
20201111,5,PM2.5,贺州,43.0
20201111,5,PM2.5_24h,贺州,43.0
20201111,5,PM10,贺州,67.0
20201111,5,PM10_24h,贺州,85.0
20201111,5,SO2,贺州,7.0
20201111,5,SO2_24h,贺州,11.0
20201111,5,NO2,贺州,37.0
20201111,5,NO2_24h,贺州,35.0
20201111,5,O3,贺州,21.0
20201111,5,O3_24h,贺州,149.0
20201111,5,O3_8h,贺州,17.0
20201111,5,O3_8h_24h,贺州,19.0
20201111,5,CO,贺州,0.7
20201111,5,CO_24h,贺州,0.75
20201111,6,AQI,贺州,58.0
20201111,6,PM2.5,贺州,39.0
20201111,6,PM2.5_24h,贺州,43.0
20201111,6,PM10,贺州,66.0
20201111,6,PM10_24h,贺州,86.0
20201111,6,SO2,贺州,8.0
20201111,6,SO2_24h,贺州,11.0
20201111,6,NO2,贺州,36.0
20201111,6,NO2_24h,贺州,35.0
20201111,6,O3,贺州,25.0
20201111,6,O3_24h,贺州,149.0
20201111,6,O3_8h,贺州,19.0
20201111,6,O3_8h_24h,贺州,20.0
20201111,6,CO,贺州,0.75
20201111,6,CO_24h,贺州,0.8
20201111,8,AQI,贺州,59.0
20201111,8,PM2.5,贺州,42.0
20201111,8,PM2.5_24h,贺州,44.0
20201111,8,PM10,贺州,68.0
20201111,8,PM10_24h,贺州,86.0
20201111,8,SO2,贺州,8.0
20201111,8,SO2_24h,贺州,11.0
20201111,8,NO2,贺州,44.0
20201111,8,NO2_24h,贺州,36.0
20201111,8,O3,贺州,13.0
20201111,8,O3_24h,贺州,149.0
20201111,8,O3_8h,贺州,18.0
20201111,8,O3_8h_24h,贺州,20.0
20201111,8,CO,贺州,1.0
20201111,8,CO_24h,贺州,0.85
20201111,10,AQI,贺州,69.0
20201111,10,PM2.5,贺州,47.0
20201111,10,PM2.5_24h,贺州,45.0
20201111,10,PM10,贺州,87.0
20201111,10,PM10_24h,贺州,87.0
20201111,10,SO2,贺州,14.0
20201111,10,SO2_24h,贺州,10.0
20201111,10,NO2,贺州,32.0
20201111,10,NO2_24h,贺州,36.0
20201111,10,O3,贺州,70.0
20201111,10,O3_24h,贺州,149.0
20201111,10,O3_8h,贺州,27.0
20201111,10,O3_8h_24h,贺州,27.0
20201111,10,CO,贺州,0.95
20201111,10,CO_24h,贺州,0.85
20201111,11,AQI,贺州,72.0
20201111,11,PM2.5,贺州,44.0
20201111,11,PM2.5_24h,贺州,44.0
20201111,11,PM10,贺州,94.0
20201111,11,PM10_24h,贺州,88.0
20201111,11,SO2,贺州,16.0
20201111,11,SO2_24h,贺州,11.0
20201111,11,NO2,贺州,27.0
20201111,11,NO2_24h,贺州,37.0
20201111,11,O3,贺州,95.0
20201111,11,O3_24h,贺州,149.0
20201111,11,O3_8h,贺州,36.0
20201111,11,O3_8h_24h,贺州,36.0
20201111,11,CO,贺州,0.8
20201111,11,CO_24h,贺州,0.85
20201111,12,AQI,贺州,71.0
20201111,12,PM2.5,贺州,41.0
20201111,12,PM2.5_24h,贺州,44.0
20201111,12,PM10,贺州,92.0
20201111,12,PM10_24h,贺州,88.0
20201111,12,SO2,贺州,16.0
20201111,12,SO2_24h,贺州,11.0
20201111,12,NO2,贺州,21.0
20201111,12,NO2_24h,贺州,36.0
20201111,12,O3,贺州,126.0
20201111,12,O3_24h,贺州,149.0
20201111,12,O3_8h,贺州,49.0
20201111,12,O3_8h_24h,贺州,49.0
20201111,12,CO,贺州,0.75
20201111,12,CO_24h,贺州,0.85
20201111,13,AQI,贺州,69.0
20201111,13,PM2.5,贺州,38.0
20201111,13,PM2.5_24h,贺州,44.0
20201111,13,PM10,贺州,88.0
20201111,13,PM10_24h,贺州,89.0
20201111,13,SO2,贺州,15.0
20201111,13,SO2_24h,贺州,11.0
20201111,13,NO2,贺州,16.0
20201111,13,NO2_24h,贺州,36.0
20201111,13,O3,贺州,144.0
20201111,13,O3_24h,贺州,147.0
20201111,13,O3_8h,贺州,64.0
20201111,13,O3_8h_24h,贺州,64.0
20201111,13,CO,贺州,0.75
20201111,13,CO_24h,贺州,0.85
20201111,14,AQI,贺州,64.0
20201111,14,PM2.5,贺州,42.0
20201111,14,PM2.5_24h,贺州,45.0
20201111,14,PM10,贺州,77.0
20201111,14,PM10_24h,贺州,88.0
20201111,14,SO2,贺州,15.0
20201111,14,SO2_24h,贺州,11.0
20201111,14,NO2,贺州,14.0
20201111,14,NO2_24h,贺州,36.0
20201111,14,O3,贺州,151.0
20201111,14,O3_24h,贺州,151.0
20201111,14,O3_8h,贺州,80.0
20201111,14,O3_8h_24h,贺州,80.0
20201111,14,CO,贺州,0.75
20201111,14,CO_24h,贺州,0.85
20201111,15,AQI,贺州,61.0
20201111,15,PM2.5,贺州,36.0
20201111,15,PM2.5_24h,贺州,45.0
20201111,15,PM10,贺州,71.0
20201111,15,PM10_24h,贺州,88.0
20201111,15,SO2,贺州,13.0
20201111,15,SO2_24h,贺州,11.0
20201111,15,NO2,贺州,14.0
20201111,15,NO2_24h,贺州,37.0
20201111,15,O3,贺州,150.0
20201111,15,O3_24h,贺州,151.0
20201111,15,O3_8h,贺州,97.0
20201111,15,O3_8h_24h,贺州,97.0
20201111,15,CO,贺州,0.65
20201111,15,CO_24h,贺州,0.85
20201111,16,AQI,贺州,60.0
20201111,16,PM2.5,贺州,39.0
20201111,16,PM2.5_24h,贺州,45.0
20201111,16,PM10,贺州,69.0
20201111,16,PM10_24h,贺州,88.0
20201111,16,SO2,贺州,12.0
20201111,16,SO2_24h,贺州,11.0
20201111,16,NO2,贺州,16.0
20201111,16,NO2_24h,贺州,37.0
20201111,16,O3,贺州,147.0
20201111,16,O3_24h,贺州,151.0
20201111,16,O3_8h,贺州,114.0
20201111,16,O3_8h_24h,贺州,114.0
20201111,16,CO,贺州,0.65
20201111,16,CO_24h,贺州,0.85
20201111,17,AQI,贺州,57.0
20201111,17,PM2.5,贺州,36.0
20201111,17,PM2.5_24h,贺州,45.0
20201111,17,PM10,贺州,63.0
20201111,17,PM10_24h,贺州,88.0
20201111,17,SO2,贺州,13.0
20201111,17,SO2_24h,贺州,11.0
20201111,17,NO2,贺州,22.0
20201111,17,NO2_24h,贺州,37.0
20201111,17,O3,贺州,139.0
20201111,17,O3_24h,贺州,151.0
20201111,17,O3_8h,贺州,128.0
20201111,17,O3_8h_24h,贺州,128.0
20201111,17,CO,贺州,0.7
20201111,17,CO_24h,贺州,0.85
20201111,18,AQI,贺州,58.0
20201111,18,PM2.5,贺州,38.0
20201111,18,PM2.5_24h,贺州,46.0
20201111,18,PM10,贺州,66.0
20201111,18,PM10_24h,贺州,89.0
20201111,18,SO2,贺州,15.0
20201111,18,SO2_24h,贺州,11.0
20201111,18,NO2,贺州,34.0
20201111,18,NO2_24h,贺州,37.0
20201111,18,O3,贺州,116.0
20201111,18,O3_24h,贺州,151.0
20201111,18,O3_8h,贺州,134.0
20201111,18,O3_8h_24h,贺州,134.0
20201111,18,CO,贺州,0.85
20201111,18,CO_24h,贺州,0.85
20201111,19,AQI,贺州,62.0
20201111,19,PM2.5,贺州,35.0
20201111,19,PM2.5_24h,贺州,46.0
20201111,19,PM10,贺州,73.0
20201111,19,PM10_24h,贺州,89.0
20201111,19,SO2,贺州,16.0
20201111,19,SO2_24h,贺州,11.0
20201111,19,NO2,贺州,68.0
20201111,19,NO2_24h,贺州,38.0
20201111,19,O3,贺州,59.0
20201111,19,O3_24h,贺州,151.0
20201111,19,O3_8h,贺州,129.0
20201111,19,O3_8h_24h,贺州,134.0
20201111,19,CO,贺州,1.35
20201111,19,CO_24h,贺州,0.85
20201111,20,AQI,贺州,93.0
20201111,20,PM2.5,贺州,67.0
20201111,20,PM2.5_24h,贺州,47.0
20201111,20,PM10,贺州,136.0
20201111,20,PM10_24h,贺州,90.0
20201111,20,SO2,贺州,16.0
20201111,20,SO2_24h,贺州,11.0
20201111,20,NO2,贺州,69.0
20201111,20,NO2_24h,贺州,39.0
20201111,20,O3,贺州,43.0
20201111,20,O3_24h,贺州,151.0
20201111,20,O3_8h,贺州,119.0
20201111,20,O3_8h_24h,贺州,134.0
20201111,20,CO,贺州,1.55
20201111,20,CO_24h,贺州,0.85
20201111,21,AQI,贺州,176.0
20201111,21,PM2.5,贺州,133.0
20201111,21,PM2.5_24h,贺州,49.0
20201111,21,PM10,贺州,226.0
20201111,21,PM10_24h,贺州,93.0
20201111,21,SO2,贺州,12.0
20201111,21,SO2_24h,贺州,11.0
20201111,21,NO2,贺州,54.0
20201111,21,NO2_24h,贺州,39.0
20201111,21,O3,贺州,46.0
20201111,21,O3_24h,贺州,151.0
20201111,21,O3_8h,贺州,106.0
20201111,21,O3_8h_24h,贺州,134.0
20201111,21,CO,贺州,1.15
20201111,21,CO_24h,贺州,0.9
20201111,22,AQI,贺州,161.0
20201111,22,PM2.5,贺州,123.0
20201111,22,PM2.5_24h,贺州,52.0
20201111,22,PM10,贺州,204.0
20201111,22,PM10_24h,贺州,95.0
20201111,22,SO2,贺州,9.0
20201111,22,SO2_24h,贺州,11.0
20201111,22,NO2,贺州,45.0
20201111,22,NO2_24h,贺州,39.0
20201111,22,O3,贺州,48.0
20201111,22,O3_24h,贺州,151.0
20201111,22,O3_8h,贺州,93.0
20201111,22,O3_8h_24h,贺州,134.0
20201111,22,CO,贺州,1.05
20201111,22,CO_24h,贺州,0.9
20201111,23,AQI,贺州,123.0
20201111,23,PM2.5,贺州,93.0
20201111,23,PM2.5_24h,贺州,53.0
20201111,23,PM10,贺州,132.0
20201111,23,PM10_24h,贺州,95.0
20201111,23,SO2,贺州,10.0
20201111,23,SO2_24h,贺州,12.0
20201111,23,NO2,贺州,60.0
20201111,23,NO2_24h,贺州,39.0
20201111,23,O3,贺州,25.0
20201111,23,O3_24h,贺州,151.0
20201111,23,O3_8h,贺州,78.0
20201111,23,O3_8h_24h,贺州,134.0
20201111,23,CO,贺州,0.95
20201111,23,CO_24h,贺州,0.9
20201111,0,AQI,河池,110.0
20201111,0,PM2.5,河池,37.0
20201111,0,PM2.5_24h,河池,29.0
20201111,0,PM10,河池,170.0
20201111,0,PM10_24h,河池,98.0
20201111,0,SO2,河池,9.0
20201111,0,SO2_24h,河池,11.0
20201111,0,NO2,河池,59.0
20201111,0,NO2_24h,河池,40.0
20201111,0,O3,河池,6.0
20201111,0,O3_24h,河池,113.0
20201111,0,O3_8h,河池,32.0
20201111,0,O3_8h_24h,河池,92.0
20201111,0,CO,河池,0.65
20201111,0,CO_24h,河池,0.7
20201111,1,AQI,河池,100.0
20201111,1,PM2.5,河池,35.0
20201111,1,PM2.5_24h,河池,30.0
20201111,1,PM10,河池,150.0
20201111,1,PM10_24h,河池,100.0
20201111,1,SO2,河池,9.0
20201111,1,SO2_24h,河池,11.0
20201111,1,NO2,河池,52.0
20201111,1,NO2_24h,河池,40.0
20201111,1,O3,河池,8.0
20201111,1,O3_24h,河池,113.0
20201111,1,O3_8h,河池,8.0
20201111,1,O3_8h_24h,河池,8.0
20201111,1,CO,河池,0.65
20201111,1,CO_24h,河池,0.7
20201111,2,AQI,河池,86.0
20201111,2,PM2.5,河池,41.0
20201111,2,PM2.5_24h,河池,30.0
20201111,2,PM10,河池,121.0
20201111,2,PM10_24h,河池,100.0
20201111,2,SO2,河池,9.0
20201111,2,SO2_24h,河池,11.0
20201111,2,NO2,河池,48.0
20201111,2,NO2_24h,河池,41.0
20201111,2,O3,河池,7.0
20201111,2,O3_24h,河池,113.0
20201111,2,O3_8h,河池,7.0
20201111,2,O3_8h_24h,河池,8.0
20201111,2,CO,河池,0.7
20201111,2,CO_24h,河池,0.65
20201111,3,AQI,河池,78.0
20201111,3,PM2.5,河池,37.0
20201111,3,PM2.5_24h,河池,30.0
20201111,3,PM10,河池,106.0
20201111,3,PM10_24h,河池,100.0
20201111,3,SO2,河池,9.0
20201111,3,SO2_24h,河池,11.0
20201111,3,NO2,河池,42.0
20201111,3,NO2_24h,河池,41.0
20201111,3,O3,河池,6.0
20201111,3,O3_24h,河池,113.0
20201111,3,O3_8h,河池,7.0
20201111,3,O3_8h_24h,河池,8.0
20201111,3,CO,河池,0.6
20201111,3,CO_24h,河池,0.65
20201111,4,AQI,河池,73.0
20201111,4,PM2.5,河池,36.0
20201111,4,PM2.5_24h,河池,30.0
20201111,4,PM10,河池,95.0
20201111,4,PM10_24h,河池,100.0
20201111,4,SO2,河池,9.0
20201111,4,SO2_24h,河池,11.0
20201111,4,NO2,河池,39.0
20201111,4,NO2_24h,河池,40.0
20201111,4,O3,河池,7.0
20201111,4,O3_24h,河池,113.0
20201111,4,O3_8h,河池,7.0
20201111,4,O3_8h_24h,河池,8.0
20201111,4,CO,河池,0.6
20201111,4,CO_24h,河池,0.65
20201111,5,AQI,河池,66.0
20201111,5,PM2.5,河池,39.0
20201111,5,PM2.5_24h,河池,31.0
20201111,5,PM10,河池,82.0
20201111,5,PM10_24h,河池,101.0
20201111,5,SO2,河池,9.0
20201111,5,SO2_24h,河池,11.0
20201111,5,NO2,河池,38.0
20201111,5,NO2_24h,河池,40.0
20201111,5,O3,河池,7.0
20201111,5,O3_24h,河池,113.0
20201111,5,O3_8h,河池,7.0
20201111,5,O3_8h_24h,河池,8.0
20201111,5,CO,河池,0.65
20201111,5,CO_24h,河池,0.65
20201111,6,AQI,河池,79.0
20201111,6,PM2.5,河池,58.0
20201111,6,PM2.5_24h,河池,32.0
20201111,6,PM10,河池,77.0
20201111,6,PM10_24h,河池,102.0
20201111,6,SO2,河池,9.0
20201111,6,SO2_24h,河池,11.0
20201111,6,NO2,河池,38.0
20201111,6,NO2_24h,河池,41.0
20201111,6,O3,河池,7.0
20201111,6,O3_24h,河池,113.0
20201111,6,O3_8h,河池,7.0
20201111,6,O3_8h_24h,河池,8.0
20201111,6,CO,河池,0.65
20201111,6,CO_24h,河池,0.65
20201111,7,AQI,河池,61.0
20201111,7,PM2.5,河池,32.0
20201111,7,PM2.5_24h,河池,35.0
20201111,7,PM10,河池,71.0
20201111,7,PM10_24h,河池,135.0
20201111,7,SO2,河池,7.0
20201111,7,SO2_24h,河池,10.0
20201111,7,NO2,河池,35.0
20201111,7,NO2_24h,河池,46.0
20201111,7,O3,河池,5.0
20201111,7,O3_24h,河池,111.0
20201111,7,O3_8h,河池,4.0
20201111,7,O3_8h_24h,河池,4.0
20201111,7,CO,河池,0.7
20201111,7,CO_24h,河池,0.7
20201111,8,AQI,河池,56.0
20201111,8,PM2.5,河池,37.0
20201111,8,PM2.5_24h,河池,33.0
20201111,8,PM10,河池,61.0
20201111,8,PM10_24h,河池,103.0
20201111,8,SO2,河池,9.0
20201111,8,SO2_24h,河池,11.0
20201111,8,NO2,河池,31.0
20201111,8,NO2_24h,河池,40.0
20201111,8,O3,河池,9.0
20201111,8,O3_24h,河池,113.0
20201111,8,O3_8h,河池,7.0
20201111,8,O3_8h_24h,河池,8.0
20201111,8,CO,河池,0.7
20201111,8,CO_24h,河池,0.65
20201111,10,AQI,河池,86.0
20201111,10,PM2.5,河池,30.0
20201111,10,PM2.5_24h,河池,34.0
20201111,10,PM10,河池,121.0
20201111,10,PM10_24h,河池,105.0
20201111,10,SO2,河池,10.0
20201111,10,SO2_24h,河池,11.0
20201111,10,NO2,河池,33.0
20201111,10,NO2_24h,河池,40.0
20201111,10,O3,河池,21.0
20201111,10,O3_24h,河池,113.0
20201111,10,O3_8h,河池,9.0
20201111,10,O3_8h_24h,河池,9.0
20201111,10,CO,河池,0.75
20201111,10,CO_24h,河池,0.65
20201111,11,AQI,河池,80.0
20201111,11,PM2.5,河池,28.0
20201111,11,PM2.5_24h,河池,34.0
20201111,11,PM10,河池,109.0
20201111,11,PM10_24h,河池,105.0
20201111,11,SO2,河池,11.0
20201111,11,SO2_24h,河池,11.0
20201111,11,NO2,河池,31.0
20201111,11,NO2_24h,河池,40.0
20201111,11,O3,河池,41.0
20201111,11,O3_24h,河池,113.0
20201111,11,O3_8h,河池,14.0
20201111,11,O3_8h_24h,河池,14.0
20201111,11,CO,河池,0.7
20201111,11,CO_24h,河池,0.65
20201111,12,AQI,河池,70.0
20201111,12,PM2.5,河池,27.0
20201111,12,PM2.5_24h,河池,35.0
20201111,12,PM10,河池,89.0
20201111,12,PM10_24h,河池,103.0
20201111,12,SO2,河池,13.0
20201111,12,SO2_24h,河池,11.0
20201111,12,NO2,河池,26.0
20201111,12,NO2_24h,河池,40.0
20201111,12,O3,河池,71.0
20201111,12,O3_24h,河池,113.0
20201111,12,O3_8h,河池,22.0
20201111,12,O3_8h_24h,河池,22.0
20201111,12,CO,河池,0.6
20201111,12,CO_24h,河池,0.65
20201111,13,AQI,河池,69.0
20201111,13,PM2.5,河池,25.0
20201111,13,PM2.5_24h,河池,34.0
20201111,13,PM10,河池,87.0
20201111,13,PM10_24h,河池,103.0
20201111,13,SO2,河池,13.0
20201111,13,SO2_24h,河池,10.0
20201111,13,NO2,河池,19.0
20201111,13,NO2_24h,河池,40.0
20201111,13,O3,河池,101.0
20201111,13,O3_24h,河池,113.0
20201111,13,O3_8h,河池,33.0
20201111,13,O3_8h_24h,河池,33.0
20201111,13,CO,河池,0.55
20201111,13,CO_24h,河池,0.65
20201111,14,AQI,河池,56.0
20201111,14,PM2.5,河池,22.0
20201111,14,PM2.5_24h,河池,34.0
20201111,14,PM10,河池,61.0
20201111,14,PM10_24h,河池,103.0
20201111,14,SO2,河池,12.0
20201111,14,SO2_24h,河池,10.0
20201111,14,NO2,河池,16.0
20201111,14,NO2_24h,河池,40.0
20201111,14,O3,河池,117.0
20201111,14,O3_24h,河池,117.0
20201111,14,O3_8h,河池,47.0
20201111,14,O3_8h_24h,河池,47.0
20201111,14,CO,河池,0.5
20201111,14,CO_24h,河池,0.65
20201111,15,AQI,河池,53.0
20201111,15,PM2.5,河池,22.0
20201111,15,PM2.5_24h,河池,34.0
20201111,15,PM10,河池,56.0
20201111,15,PM10_24h,河池,102.0
20201111,15,SO2,河池,12.0
20201111,15,SO2_24h,河池,10.0
20201111,15,NO2,河池,12.0
20201111,15,NO2_24h,河池,40.0
20201111,15,O3,河池,126.0
20201111,15,O3_24h,河池,126.0
20201111,15,O3_8h,河池,62.0
20201111,15,O3_8h_24h,河池,62.0
20201111,15,CO,河池,0.5
20201111,15,CO_24h,河池,0.65
20201111,16,AQI,河池,49.0
20201111,16,PM2.5,河池,23.0
20201111,16,PM2.5_24h,河池,34.0
20201111,16,PM10,河池,49.0
20201111,16,PM10_24h,河池,101.0
20201111,16,SO2,河池,12.0
20201111,16,SO2_24h,河池,10.0
20201111,16,NO2,河池,18.0
20201111,16,NO2_24h,河池,40.0
20201111,16,O3,河池,123.0
20201111,16,O3_24h,河池,126.0
20201111,16,O3_8h,河池,76.0
20201111,16,O3_8h_24h,河池,76.0
20201111,16,CO,河池,0.5
20201111,16,CO_24h,河池,0.65
20201111,17,AQI,河池,52.0
20201111,17,PM2.5,河池,18.0
20201111,17,PM2.5_24h,河池,34.0
20201111,17,PM10,河池,53.0
20201111,17,PM10_24h,河池,103.0
20201111,17,SO2,河池,12.0
20201111,17,SO2_24h,河池,10.0
20201111,17,NO2,河池,21.0
20201111,17,NO2_24h,河池,40.0
20201111,17,O3,河池,111.0
20201111,17,O3_24h,河池,126.0
20201111,17,O3_8h,河池,87.0
20201111,17,O3_8h_24h,河池,87.0
20201111,17,CO,河池,0.5
20201111,17,CO_24h,河池,0.65
20201111,18,AQI,河池,46.0
20201111,18,PM2.5,河池,19.0
20201111,18,PM2.5_24h,河池,35.0
20201111,18,PM10,河池,46.0
20201111,18,PM10_24h,河池,104.0
20201111,18,SO2,河池,12.0
20201111,18,SO2_24h,河池,10.0
20201111,18,NO2,河池,37.0
20201111,18,NO2_24h,河池,40.0
20201111,18,O3,河池,93.0
20201111,18,O3_24h,河池,126.0
20201111,18,O3_8h,河池,96.0
20201111,18,O3_8h_24h,河池,96.0
20201111,18,CO,河池,0.55
20201111,18,CO_24h,河池,0.65
20201111,19,AQI,河池,44.0
20201111,19,PM2.5,河池,28.0
20201111,19,PM2.5_24h,河池,34.0
20201111,19,PM10,河池,44.0
20201111,19,PM10_24h,河池,103.0
20201111,19,SO2,河池,11.0
20201111,19,SO2_24h,河池,10.0
20201111,19,NO2,河池,61.0
20201111,19,NO2_24h,河池,40.0
20201111,19,O3,河池,60.0
20201111,19,O3_24h,河池,126.0
20201111,19,O3_8h,河池,98.0
20201111,19,O3_8h_24h,河池,100.0
20201111,19,CO,河池,0.75
20201111,19,CO_24h,河池,0.65
20201111,20,AQI,河池,64.0
20201111,20,PM2.5,河池,40.0
20201111,20,PM2.5_24h,河池,34.0
20201111,20,PM10,河池,78.0
20201111,20,PM10_24h,河池,104.0
20201111,20,SO2,河池,11.0
20201111,20,SO2_24h,河池,10.0
20201111,20,NO2,河池,75.0
20201111,20,NO2_24h,河池,41.0
20201111,20,O3,河池,33.0
20201111,20,O3_24h,河池,126.0
20201111,20,O3_8h,河池,94.0
20201111,20,O3_8h_24h,河池,100.0
20201111,20,CO,河池,0.8
20201111,20,CO_24h,河池,0.65
20201111,21,AQI,河池,76.0
20201111,21,PM2.5,河池,54.0
20201111,21,PM2.5_24h,河池,35.0
20201111,21,PM10,河池,101.0
20201111,21,PM10_24h,河池,104.0
20201111,21,SO2,河池,10.0
20201111,21,SO2_24h,河池,10.0
20201111,21,NO2,河池,77.0
20201111,21,NO2_24h,河池,41.0
20201111,21,O3,河池,24.0
20201111,21,O3_24h,河池,126.0
20201111,21,O3_8h,河池,83.0
20201111,21,O3_8h_24h,河池,100.0
20201111,21,CO,河池,0.8
20201111,21,CO_24h,河池,0.65
20201111,22,AQI,河池,71.0
20201111,22,PM2.5,河池,52.0
20201111,22,PM2.5_24h,河池,35.0
20201111,22,PM10,河池,91.0
20201111,22,PM10_24h,河池,99.0
20201111,22,SO2,河池,10.0
20201111,22,SO2_24h,河池,10.0
20201111,22,NO2,河池,69.0
20201111,22,NO2_24h,河池,41.0
20201111,22,O3,河池,16.0
20201111,22,O3_24h,河池,126.0
20201111,22,O3_8h,河池,70.0
20201111,22,O3_8h_24h,河池,100.0
20201111,22,CO,河池,0.8
20201111,22,CO_24h,河池,0.65
20201111,23,AQI,河池,100.0
20201111,23,PM2.5,河池,46.0
20201111,23,PM2.5_24h,河池,36.0
20201111,23,PM10,河池,150.0
20201111,23,PM10_24h,河池,98.0
20201111,23,SO2,河池,10.0
20201111,23,SO2_24h,河池,10.0
20201111,23,NO2,河池,70.0
20201111,23,NO2_24h,河池,41.0
20201111,23,O3,河池,13.0
20201111,23,O3_24h,河池,126.0
20201111,23,O3_8h,河池,54.0
20201111,23,O3_8h_24h,河池,100.0
20201111,23,CO,河池,0.85
20201111,23,CO_24h,河池,0.65
20201111,0,AQI,来宾,92.0
20201111,0,PM2.5,来宾,55.0
20201111,0,PM2.5_24h,来宾,41.0
20201111,0,PM10,来宾,133.0
20201111,0,PM10_24h,来宾,96.0
20201111,0,SO2,来宾,10.0
20201111,0,SO2_24h,来宾,20.0
20201111,0,NO2,来宾,62.0
20201111,0,NO2_24h,来宾,30.0
20201111,0,O3,来宾,27.0
20201111,0,O3_24h,来宾,172.0
20201111,0,O3_8h,来宾,87.0
20201111,0,O3_8h_24h,来宾,156.0
20201111,0,CO,来宾,0.95
20201111,0,CO_24h,来宾,0.9
20201111,1,AQI,来宾,85.0
20201111,1,PM2.5,来宾,59.0
20201111,1,PM2.5_24h,来宾,42.0
20201111,1,PM10,来宾,120.0
20201111,1,PM10_24h,来宾,98.0
20201111,1,SO2,来宾,10.0
20201111,1,SO2_24h,来宾,20.0
20201111,1,NO2,来宾,70.0
20201111,1,NO2_24h,来宾,32.0
20201111,1,O3,来宾,15.0
20201111,1,O3_24h,来宾,172.0
20201111,1,O3_8h,来宾,15.0
20201111,1,O3_8h_24h,来宾,15.0
20201111,1,CO,来宾,0.9
20201111,1,CO_24h,来宾,0.9
20201111,2,AQI,来宾,74.0
20201111,2,PM2.5,来宾,50.0
20201111,2,PM2.5_24h,来宾,43.0
20201111,2,PM10,来宾,98.0
20201111,2,PM10_24h,来宾,98.0
20201111,2,SO2,来宾,11.0
20201111,2,SO2_24h,来宾,20.0
20201111,2,NO2,来宾,36.0
20201111,2,NO2_24h,来宾,33.0
20201111,2,O3,来宾,40.0
20201111,2,O3_24h,来宾,172.0
20201111,2,O3_8h,来宾,27.0
20201111,2,O3_8h_24h,来宾,27.0
20201111,2,CO,来宾,0.75
20201111,2,CO_24h,来宾,0.95
20201111,3,AQI,来宾,66.0
20201111,3,PM2.5,来宾,48.0
20201111,3,PM2.5_24h,来宾,44.0
20201111,3,PM10,来宾,82.0
20201111,3,PM10_24h,来宾,98.0
20201111,3,SO2,来宾,14.0
20201111,3,SO2_24h,来宾,19.0
20201111,3,NO2,来宾,36.0
20201111,3,NO2_24h,来宾,33.0
20201111,3,O3,来宾,42.0
20201111,3,O3_24h,来宾,172.0
20201111,3,O3_8h,来宾,32.0
20201111,3,O3_8h_24h,来宾,32.0
20201111,3,CO,来宾,0.75
20201111,3,CO_24h,来宾,0.95
20201111,4,AQI,来宾,63.0
20201111,4,PM2.5,来宾,45.0
20201111,4,PM2.5_24h,来宾,44.0
20201111,4,PM10,来宾,74.0
20201111,4,PM10_24h,来宾,98.0
20201111,4,SO2,来宾,15.0
20201111,4,SO2_24h,来宾,18.0
20201111,4,NO2,来宾,30.0
20201111,4,NO2_24h,来宾,34.0
20201111,4,O3,来宾,48.0
20201111,4,O3_24h,来宾,172.0
20201111,4,O3_8h,来宾,36.0
20201111,4,O3_8h_24h,来宾,36.0
20201111,4,CO,来宾,0.75
20201111,4,CO_24h,来宾,0.9
20201111,5,AQI,来宾,66.0
20201111,5,PM2.5,来宾,48.0
20201111,5,PM2.5_24h,来宾,45.0
20201111,5,PM10,来宾,76.0
20201111,5,PM10_24h,来宾,97.0
20201111,5,SO2,来宾,18.0
20201111,5,SO2_24h,来宾,18.0
20201111,5,NO2,来宾,38.0
20201111,5,NO2_24h,来宾,34.0
20201111,5,O3,来宾,43.0
20201111,5,O3_24h,来宾,172.0
20201111,5,O3_8h,来宾,38.0
20201111,5,O3_8h_24h,来宾,38.0
20201111,5,CO,来宾,0.75
20201111,5,CO_24h,来宾,0.85
20201111,6,AQI,来宾,68.0
20201111,6,PM2.5,来宾,49.0
20201111,6,PM2.5_24h,来宾,45.0
20201111,6,PM10,来宾,74.0
20201111,6,PM10_24h,来宾,96.0
20201111,6,SO2,来宾,24.0
20201111,6,SO2_24h,来宾,17.0
20201111,6,NO2,来宾,36.0
20201111,6,NO2_24h,来宾,34.0
20201111,6,O3,来宾,47.0
20201111,6,O3_24h,来宾,172.0
20201111,6,O3_8h,来宾,39.0
20201111,6,O3_8h_24h,来宾,39.0
20201111,6,CO,来宾,0.95
20201111,6,CO_24h,来宾,0.85
20201111,8,AQI,来宾,76.0
20201111,8,PM2.5,来宾,56.0
20201111,8,PM2.5_24h,来宾,47.0
20201111,8,PM10,来宾,86.0
20201111,8,PM10_24h,来宾,95.0
20201111,8,SO2,来宾,26.0
20201111,8,SO2_24h,来宾,17.0
20201111,8,NO2,来宾,40.0
20201111,8,NO2_24h,来宾,34.0
20201111,8,O3,来宾,53.0
20201111,8,O3_24h,来宾,172.0
20201111,8,O3_8h,来宾,42.0
20201111,8,O3_8h_24h,来宾,42.0
20201111,8,CO,来宾,1.15
20201111,8,CO_24h,来宾,0.85
20201111,10,AQI,来宾,74.0
20201111,10,PM2.5,来宾,49.0
20201111,10,PM2.5_24h,来宾,47.0
20201111,10,PM10,来宾,97.0
20201111,10,PM10_24h,来宾,96.0
20201111,10,SO2,来宾,28.0
20201111,10,SO2_24h,来宾,17.0
20201111,10,NO2,来宾,29.0
20201111,10,NO2_24h,来宾,34.0
20201111,10,O3,来宾,100.0
20201111,10,O3_24h,来宾,172.0
20201111,10,O3_8h,来宾,57.0
20201111,10,O3_8h_24h,来宾,57.0
20201111,10,CO,来宾,1.0
20201111,10,CO_24h,来宾,0.85
20201111,11,AQI,来宾,74.0
20201111,11,PM2.5,来宾,46.0
20201111,11,PM2.5_24h,来宾,48.0
20201111,11,PM10,来宾,98.0
20201111,11,PM10_24h,来宾,96.0
20201111,11,SO2,来宾,32.0
20201111,11,SO2_24h,来宾,17.0
20201111,11,NO2,来宾,27.0
20201111,11,NO2_24h,来宾,34.0
20201111,11,O3,来宾,118.0
20201111,11,O3_24h,来宾,172.0
20201111,11,O3_8h,来宾,67.0
20201111,11,O3_8h_24h,来宾,67.0
20201111,11,CO,来宾,1.3
20201111,11,CO_24h,来宾,0.85
20201111,12,AQI,来宾,73.0
20201111,12,PM2.5,来宾,45.0
20201111,12,PM2.5_24h,来宾,48.0
20201111,12,PM10,来宾,96.0
20201111,12,PM10_24h,来宾,96.0
20201111,12,SO2,来宾,27.0
20201111,12,SO2_24h,来宾,17.0
20201111,12,NO2,来宾,21.0
20201111,12,NO2_24h,来宾,35.0
20201111,12,O3,来宾,137.0
20201111,12,O3_24h,来宾,172.0
20201111,12,O3_8h,来宾,78.0
20201111,12,O3_8h_24h,来宾,78.0
20201111,12,CO,来宾,1.1
20201111,12,CO_24h,来宾,0.9
20201111,13,AQI,来宾,68.0
20201111,13,PM2.5,来宾,44.0
20201111,13,PM2.5_24h,来宾,48.0
20201111,13,PM10,来宾,85.0
20201111,13,PM10_24h,来宾,96.0
20201111,13,SO2,来宾,23.0
20201111,13,SO2_24h,来宾,18.0
20201111,13,NO2,来宾,20.0
20201111,13,NO2_24h,来宾,35.0
20201111,13,O3,来宾,151.0
20201111,13,O3_24h,来宾,172.0
20201111,13,O3_8h,来宾,92.0
20201111,13,O3_8h_24h,来宾,92.0
20201111,13,CO,来宾,0.95
20201111,13,CO_24h,来宾,0.95
20201111,14,AQI,来宾,68.0
20201111,14,PM2.5,来宾,45.0
20201111,14,PM2.5_24h,来宾,48.0
20201111,14,PM10,来宾,86.0
20201111,14,PM10_24h,来宾,96.0
20201111,14,SO2,来宾,24.0
20201111,14,SO2_24h,来宾,18.0
20201111,14,NO2,来宾,20.0
20201111,14,NO2_24h,来宾,35.0
20201111,14,O3,来宾,164.0
20201111,14,O3_24h,来宾,172.0
20201111,14,O3_8h,来宾,106.0
20201111,14,O3_8h_24h,来宾,106.0
20201111,14,CO,来宾,1.0
20201111,14,CO_24h,来宾,0.95
20201111,15,AQI,来宾,80.0
20201111,15,PM2.5,来宾,42.0
20201111,15,PM2.5_24h,来宾,48.0
20201111,15,PM10,来宾,87.0
20201111,15,PM10_24h,来宾,96.0
20201111,15,SO2,来宾,22.0
20201111,15,SO2_24h,来宾,18.0
20201111,15,NO2,来宾,17.0
20201111,15,NO2_24h,来宾,35.0
20201111,15,O3,来宾,184.0
20201111,15,O3_24h,来宾,176.0
20201111,15,O3_8h,来宾,118.0
20201111,15,O3_8h_24h,来宾,118.0
20201111,15,CO,来宾,0.95
20201111,15,CO_24h,来宾,0.95
20201111,16,AQI,来宾,75.0
20201111,16,PM2.5,来宾,41.0
20201111,16,PM2.5_24h,来宾,49.0
20201111,16,PM10,来宾,92.0
20201111,16,PM10_24h,来宾,97.0
20201111,16,SO2,来宾,15.0
20201111,16,SO2_24h,来宾,18.0
20201111,16,NO2,来宾,17.0
20201111,16,NO2_24h,来宾,36.0
20201111,16,O3,来宾,180.0
20201111,16,O3_24h,来宾,180.0
20201111,16,O3_8h,来宾,136.0
20201111,16,O3_8h_24h,来宾,136.0
20201111,16,CO,来宾,0.8
20201111,16,CO_24h,来宾,0.95
20201111,17,AQI,来宾,84.0
20201111,17,PM2.5,来宾,45.0
20201111,17,PM2.5_24h,来宾,49.0
20201111,17,PM10,来宾,87.0
20201111,17,PM10_24h,来宾,97.0
20201111,17,SO2,来宾,16.0
20201111,17,SO2_24h,来宾,18.0
20201111,17,NO2,来宾,19.0
20201111,17,NO2_24h,来宾,36.0
20201111,17,O3,来宾,187.0
20201111,17,O3_24h,来宾,187.0
20201111,17,O3_8h,来宾,150.0
20201111,17,O3_8h_24h,来宾,150.0
20201111,17,CO,来宾,0.8
20201111,17,CO_24h,来宾,0.95
20201111,18,AQI,来宾,73.0
20201111,18,PM2.5,来宾,42.0
20201111,18,PM2.5_24h,来宾,49.0
20201111,18,PM10,来宾,95.0
20201111,18,PM10_24h,来宾,97.0
20201111,18,SO2,来宾,17.0
20201111,18,SO2_24h,来宾,18.0
20201111,18,NO2,来宾,22.0
20201111,18,NO2_24h,来宾,36.0
20201111,18,O3,来宾,171.0
20201111,18,O3_24h,来宾,187.0
20201111,18,O3_8h,来宾,159.0
20201111,18,O3_8h_24h,来宾,159.0
20201111,18,CO,来宾,0.8
20201111,18,CO_24h,来宾,0.95
20201111,19,AQI,来宾,79.0
20201111,19,PM2.5,来宾,49.0
20201111,19,PM2.5_24h,来宾,50.0
20201111,19,PM10,来宾,107.0
20201111,19,PM10_24h,来宾,97.0
20201111,19,SO2,来宾,19.0
20201111,19,SO2_24h,来宾,19.0
20201111,19,NO2,来宾,33.0
20201111,19,NO2_24h,来宾,36.0
20201111,19,O3,来宾,142.0
20201111,19,O3_24h,来宾,187.0
20201111,19,O3_8h,来宾,163.0
20201111,19,O3_8h_24h,来宾,163.0
20201111,19,CO,来宾,1.05
20201111,19,CO_24h,来宾,0.95
20201111,20,AQI,来宾,84.0
20201111,20,PM2.5,来宾,61.0
20201111,20,PM2.5_24h,来宾,50.0
20201111,20,PM10,来宾,118.0
20201111,20,PM10_24h,来宾,97.0
20201111,20,SO2,来宾,16.0
20201111,20,SO2_24h,来宾,19.0
20201111,20,NO2,来宾,49.0
20201111,20,NO2_24h,来宾,36.0
20201111,20,O3,来宾,96.0
20201111,20,O3_24h,来宾,187.0
20201111,20,O3_8h,来宾,157.0
20201111,20,O3_8h_24h,来宾,163.0
20201111,20,CO,来宾,1.1
20201111,20,CO_24h,来宾,0.95
20201111,21,AQI,来宾,100.0
20201111,21,PM2.5,来宾,63.0
20201111,21,PM2.5_24h,来宾,50.0
20201111,21,PM10,来宾,149.0
20201111,21,PM10_24h,来宾,98.0
20201111,21,SO2,来宾,12.0
20201111,21,SO2_24h,来宾,19.0
20201111,21,NO2,来宾,69.0
20201111,21,NO2_24h,来宾,36.0
20201111,21,O3,来宾,50.0
20201111,21,O3_24h,来宾,187.0
20201111,21,O3_8h,来宾,144.0
20201111,21,O3_8h_24h,来宾,163.0
20201111,21,CO,来宾,1.2
20201111,21,CO_24h,来宾,0.95
20201111,22,AQI,来宾,95.0
20201111,22,PM2.5,来宾,62.0
20201111,22,PM2.5_24h,来宾,50.0
20201111,22,PM10,来宾,139.0
20201111,22,PM10_24h,来宾,99.0
20201111,22,SO2,来宾,11.0
20201111,22,SO2_24h,来宾,19.0
20201111,22,NO2,来宾,57.0
20201111,22,NO2_24h,来宾,36.0
20201111,22,O3,来宾,50.0
20201111,22,O3_24h,来宾,187.0
20201111,22,O3_8h,来宾,129.0
20201111,22,O3_8h_24h,来宾,163.0
20201111,22,CO,来宾,1.15
20201111,22,CO_24h,来宾,0.95
20201111,23,AQI,来宾,85.0
20201111,23,PM2.5,来宾,60.0
20201111,23,PM2.5_24h,来宾,50.0
20201111,23,PM10,来宾,119.0
20201111,23,PM10_24h,来宾,99.0
20201111,23,SO2,来宾,11.0
20201111,23,SO2_24h,来宾,19.0
20201111,23,NO2,来宾,53.0
20201111,23,NO2_24h,来宾,37.0
20201111,23,O3,来宾,49.0
20201111,23,O3_24h,来宾,187.0
20201111,23,O3_8h,来宾,116.0
20201111,23,O3_8h_24h,来宾,163.0
20201111,23,CO,来宾,1.15
20201111,23,CO_24h,来宾,0.95
20201111,0,AQI,崇左,81.0
20201111,0,PM2.5,崇左,32.0
20201111,0,PM2.5_24h,崇左,34.0
20201111,0,PM10,崇左,112.0
20201111,0,PM10_24h,崇左,79.0
20201111,0,SO2,崇左,6.0
20201111,0,SO2_24h,崇左,11.0
20201111,0,NO2,崇左,32.0
20201111,0,NO2_24h,崇左,26.0
20201111,0,O3,崇左,23.0
20201111,0,O3_24h,崇左,133.0
20201111,0,O3_8h,崇左,74.0
20201111,0,O3_8h_24h,崇左,122.0
20201111,0,CO,崇左,0.5
20201111,0,CO_24h,崇左,0.4
20201111,1,AQI,崇左,74.0
20201111,1,PM2.5,崇左,31.0
20201111,1,PM2.5_24h,崇左,32.0
20201111,1,PM10,崇左,98.0
20201111,1,PM10_24h,崇左,83.0
20201111,1,SO2,崇左,7.0
20201111,1,SO2_24h,崇左,8.0
20201111,1,NO2,崇左,26.0
20201111,1,NO2_24h,崇左,20.0
20201111,1,O3,崇左,24.0
20201111,1,O3_24h,崇左,134.0
20201111,1,O3_8h,崇左,24.0
20201111,1,O3_8h_24h,崇左,24.0
20201111,1,CO,崇左,0.5
20201111,1,CO_24h,崇左,0.4
20201111,2,AQI,崇左,63.0
20201111,2,PM2.5,崇左,36.0
20201111,2,PM2.5_24h,崇左,32.0
20201111,2,PM10,崇左,76.0
20201111,2,PM10_24h,崇左,83.0
20201111,2,SO2,崇左,8.0
20201111,2,SO2_24h,崇左,8.0
20201111,2,NO2,崇左,20.0
20201111,2,NO2_24h,崇左,20.0
20201111,2,O3,崇左,32.0
20201111,2,O3_24h,崇左,134.0
20201111,2,O3_8h,崇左,28.0
20201111,2,O3_8h_24h,崇左,28.0
20201111,2,CO,崇左,0.5
20201111,2,CO_24h,崇左,0.4
20201111,3,AQI,崇左,61.0
20201111,3,PM2.5,崇左,36.0
20201111,3,PM2.5_24h,崇左,32.0
20201111,3,PM10,崇左,71.0
20201111,3,PM10_24h,崇左,83.0
20201111,3,SO2,崇左,7.0
20201111,3,SO2_24h,崇左,8.0
20201111,3,NO2,崇左,18.0
20201111,3,NO2_24h,崇左,20.0
20201111,3,O3,崇左,29.0
20201111,3,O3_24h,崇左,134.0
20201111,3,O3_8h,崇左,28.0
20201111,3,O3_8h_24h,崇左,28.0
20201111,3,CO,崇左,0.4
20201111,3,CO_24h,崇左,0.4
20201111,4,AQI,崇左,59.0
20201111,4,PM2.5,崇左,37.0
20201111,4,PM2.5_24h,崇左,32.0
20201111,4,PM10,崇左,67.0
20201111,4,PM10_24h,崇左,83.0
20201111,4,SO2,崇左,7.0
20201111,4,SO2_24h,崇左,8.0
20201111,4,NO2,崇左,17.0
20201111,4,NO2_24h,崇左,20.0
20201111,4,O3,崇左,29.0
20201111,4,O3_24h,崇左,134.0
20201111,4,O3_8h,崇左,28.0
20201111,4,O3_8h_24h,崇左,28.0
20201111,4,CO,崇左,0.4
20201111,4,CO_24h,崇左,0.4
20201111,5,AQI,崇左,53.0
20201111,5,PM2.5,崇左,36.0
20201111,5,PM2.5_24h,崇左,33.0
20201111,5,PM10,崇左,56.0
20201111,5,PM10_24h,崇左,83.0
20201111,5,SO2,崇左,7.0
20201111,5,SO2_24h,崇左,8.0
20201111,5,NO2,崇左,15.0
20201111,5,NO2_24h,崇左,20.0
20201111,5,O3,崇左,31.0
20201111,5,O3_24h,崇左,134.0
20201111,5,O3_8h,崇左,29.0
20201111,5,O3_8h_24h,崇左,29.0
20201111,5,CO,崇左,0.4
20201111,5,CO_24h,崇左,0.4
20201111,6,AQI,崇左,55.0
20201111,6,PM2.5,崇左,33.0
20201111,6,PM2.5_24h,崇左,33.0
20201111,6,PM10,崇左,60.0
20201111,6,PM10_24h,崇左,83.0
20201111,6,SO2,崇左,7.0
20201111,6,SO2_24h,崇左,8.0
20201111,6,NO2,崇左,11.0
20201111,6,NO2_24h,崇左,20.0
20201111,6,O3,崇左,38.0
20201111,6,O3_24h,崇左,134.0
20201111,6,O3_8h,崇左,30.0
20201111,6,O3_8h_24h,崇左,30.0
20201111,6,CO,崇左,0.4
20201111,6,CO_24h,崇左,0.4
20201111,8,AQI,崇左,53.0
20201111,8,PM2.5,崇左,32.0
20201111,8,PM2.5_24h,崇左,32.0
20201111,8,PM10,崇左,55.0
20201111,8,PM10_24h,崇左,83.0
20201111,8,SO2,崇左,9.0
20201111,8,SO2_24h,崇左,8.0
20201111,8,NO2,崇左,12.0
20201111,8,NO2_24h,崇左,20.0
20201111,8,O3,崇左,35.0
20201111,8,O3_24h,崇左,134.0
20201111,8,O3_8h,崇左,32.0
20201111,8,O3_8h_24h,崇左,32.0
20201111,8,CO,崇左,0.5
20201111,8,CO_24h,崇左,0.4
20201111,10,AQI,崇左,60.0
20201111,10,PM2.5,崇左,43.0
20201111,10,PM2.5_24h,崇左,28.0
20201111,10,PM10,崇左,67.0
20201111,10,PM10_24h,崇左,71.0
20201111,10,SO2,崇左,12.0
20201111,10,SO2_24h,崇左,10.0
20201111,10,NO2,崇左,29.0
20201111,10,NO2_24h,崇左,24.0
20201111,10,O3,崇左,40.0
20201111,10,O3_24h,崇左,133.0
20201111,10,O3_8h,崇左,35.0
20201111,10,O3_8h_24h,崇左,35.0
20201111,10,CO,崇左,0.45
20201111,10,CO_24h,崇左,0.4
20201111,11,AQI,崇左,67.0
20201111,11,PM2.5,崇左,35.0
20201111,11,PM2.5_24h,崇左,29.0
20201111,11,PM10,崇左,84.0
20201111,11,PM10_24h,崇左,72.0
20201111,11,SO2,崇左,12.0
20201111,11,SO2_24h,崇左,10.0
20201111,11,NO2,崇左,28.0
20201111,11,NO2_24h,崇左,24.0
20201111,11,O3,崇左,67.0
20201111,11,O3_24h,崇左,133.0
20201111,11,O3_8h,崇左,45.0
20201111,11,O3_8h_24h,崇左,45.0
20201111,11,CO,崇左,0.45
20201111,11,CO_24h,崇左,0.4
20201111,12,AQI,崇左,59.0
20201111,12,PM2.5,崇左,29.0
20201111,12,PM2.5_24h,崇左,29.0
20201111,12,PM10,崇左,68.0
20201111,12,PM10_24h,崇左,71.0
20201111,12,SO2,崇左,12.0
20201111,12,SO2_24h,崇左,10.0
20201111,12,NO2,崇左,12.0
20201111,12,NO2_24h,崇左,23.0
20201111,12,O3,崇左,113.0
20201111,12,O3_24h,崇左,133.0
20201111,12,O3_8h,崇左,61.0
20201111,12,O3_8h_24h,崇左,61.0
20201111,12,CO,崇左,0.4
20201111,12,CO_24h,崇左,0.4
20201111,13,AQI,崇左,58.0
20201111,13,PM2.5,崇左,28.0
20201111,13,PM2.5_24h,崇左,29.0
20201111,13,PM10,崇左,65.0
20201111,13,PM10_24h,崇左,72.0
20201111,13,SO2,崇左,13.0
20201111,13,SO2_24h,崇左,10.0
20201111,13,NO2,崇左,9.0
20201111,13,NO2_24h,崇左,23.0
20201111,13,O3,崇左,131.0
20201111,13,O3_24h,崇左,134.0
20201111,13,O3_8h,崇左,75.0
20201111,13,O3_8h_24h,崇左,75.0
20201111,13,CO,崇左,0.4
20201111,13,CO_24h,崇左,0.4
20201111,14,AQI,崇左,52.0
20201111,14,PM2.5,崇左,26.0
20201111,14,PM2.5_24h,崇左,30.0
20201111,14,PM10,崇左,54.0
20201111,14,PM10_24h,崇左,72.0
20201111,14,SO2,崇左,11.0
20201111,14,SO2_24h,崇左,10.0
20201111,14,NO2,崇左,7.0
20201111,14,NO2_24h,崇左,23.0
20201111,14,O3,崇左,141.0
20201111,14,O3_24h,崇左,141.0
20201111,14,O3_8h,崇左,87.0
20201111,14,O3_8h_24h,崇左,87.0
20201111,14,CO,崇左,0.4
20201111,14,CO_24h,崇左,0.4
20201111,15,AQI,崇左,51.0
20201111,15,PM2.5,崇左,24.0
20201111,15,PM2.5_24h,崇左,30.0
20201111,15,PM10,崇左,51.0
20201111,15,PM10_24h,崇左,72.0
20201111,15,SO2,崇左,10.0
20201111,15,SO2_24h,崇左,10.0
20201111,15,NO2,崇左,7.0
20201111,15,NO2_24h,崇左,23.0
20201111,15,O3,崇左,143.0
20201111,15,O3_24h,崇左,143.0
20201111,15,O3_8h,崇左,97.0
20201111,15,O3_8h_24h,崇左,97.0
20201111,15,CO,崇左,0.4
20201111,15,CO_24h,崇左,0.4
20201111,16,AQI,崇左,53.0
20201111,16,PM2.5,崇左,23.0
20201111,16,PM2.5_24h,崇左,30.0
20201111,16,PM10,崇左,55.0
20201111,16,PM10_24h,崇左,72.0
20201111,16,SO2,崇左,10.0
20201111,16,SO2_24h,崇左,10.0
20201111,16,NO2,崇左,8.0
20201111,16,NO2_24h,崇左,23.0
20201111,16,O3,崇左,143.0
20201111,16,O3_24h,崇左,144.0
20201111,16,O3_8h,崇左,107.0
20201111,16,O3_8h_24h,崇左,107.0
20201111,16,CO,崇左,0.4
20201111,16,CO_24h,崇左,0.4
20201111,17,AQI,崇左,51.0
20201111,17,PM2.5,崇左,21.0
20201111,17,PM2.5_24h,崇左,30.0
20201111,17,PM10,崇左,52.0
20201111,17,PM10_24h,崇左,72.0
20201111,17,SO2,崇左,10.0
20201111,17,SO2_24h,崇左,10.0
20201111,17,NO2,崇左,10.0
20201111,17,NO2_24h,崇左,23.0
20201111,17,O3,崇左,141.0
20201111,17,O3_24h,崇左,144.0
20201111,17,O3_8h,崇左,115.0
20201111,17,O3_8h_24h,崇左,115.0
20201111,17,CO,崇左,0.4
20201111,17,CO_24h,崇左,0.4
20201111,18,AQI,崇左,56.0
20201111,18,PM2.5,崇左,24.0
20201111,18,PM2.5_24h,崇左,30.0
20201111,18,PM10,崇左,61.0
20201111,18,PM10_24h,崇左,72.0
20201111,18,SO2,崇左,10.0
20201111,18,SO2_24h,崇左,11.0
20201111,18,NO2,崇左,19.0
20201111,18,NO2_24h,崇左,23.0
20201111,18,O3,崇左,139.0
20201111,18,O3_24h,崇左,144.0
20201111,18,O3_8h,崇左,127.0
20201111,18,O3_8h_24h,崇左,127.0
20201111,18,CO,崇左,0.4
20201111,18,CO_24h,崇左,0.45
20201111,19,AQI,崇左,71.0
20201111,19,PM2.5,崇左,31.0
20201111,19,PM2.5_24h,崇左,31.0
20201111,19,PM10,崇左,92.0
20201111,19,PM10_24h,崇左,74.0
20201111,19,SO2,崇左,10.0
20201111,19,SO2_24h,崇左,11.0
20201111,19,NO2,崇左,28.0
20201111,19,NO2_24h,崇左,24.0
20201111,19,O3,崇左,128.0
20201111,19,O3_24h,崇左,144.0
20201111,19,O3_8h,崇左,135.0
20201111,19,O3_8h_24h,崇左,135.0
20201111,19,CO,崇左,0.5
20201111,19,CO_24h,崇左,0.45
20201111,20,AQI,崇左,71.0
20201111,20,PM2.5,崇左,29.0
20201111,20,PM2.5_24h,崇左,30.0
20201111,20,PM10,崇左,91.0
20201111,20,PM10_24h,崇左,74.0
20201111,20,SO2,崇左,10.0
20201111,20,SO2_24h,崇左,11.0
20201111,20,NO2,崇左,28.0
20201111,20,NO2_24h,崇左,23.0
20201111,20,O3,崇左,121.0
20201111,20,O3_24h,崇左,144.0
20201111,20,O3_8h,崇左,136.0
20201111,20,O3_8h_24h,崇左,136.0
20201111,20,CO,崇左,0.5
20201111,20,CO_24h,崇左,0.45
20201111,21,AQI,崇左,83.0
20201111,21,PM2.5,崇左,39.0
20201111,21,PM2.5_24h,崇左,31.0
20201111,21,PM10,崇左,116.0
20201111,21,PM10_24h,崇左,74.0
20201111,21,SO2,崇左,11.0
20201111,21,SO2_24h,崇左,11.0
20201111,21,NO2,崇左,44.0
20201111,21,NO2_24h,崇左,22.0
20201111,21,O3,崇左,82.0
20201111,21,O3_24h,崇左,144.0
20201111,21,O3_8h,崇左,130.0
20201111,21,O3_8h_24h,崇左,136.0
20201111,21,CO,崇左,0.55
20201111,21,CO_24h,崇左,0.45
20201111,22,AQI,崇左,96.0
20201111,22,PM2.5,崇左,54.0
20201111,22,PM2.5_24h,崇左,31.0
20201111,22,PM10,崇左,142.0
20201111,22,PM10_24h,崇左,74.0
20201111,22,SO2,崇左,10.0
20201111,22,SO2_24h,崇左,10.0
20201111,22,NO2,崇左,59.0
20201111,22,NO2_24h,崇左,23.0
20201111,22,O3,崇左,32.0
20201111,22,O3_24h,崇左,144.0
20201111,22,O3_8h,崇左,116.0
20201111,22,O3_8h_24h,崇左,136.0
20201111,22,CO,崇左,0.65
20201111,22,CO_24h,崇左,0.45
20201111,23,AQI,崇左,116.0
20201111,23,PM2.5,崇左,56.0
20201111,23,PM2.5_24h,崇左,33.0
20201111,23,PM10,崇左,181.0
20201111,23,PM10_24h,崇左,80.0
20201111,23,SO2,崇左,16.0
20201111,23,SO2_24h,崇左,11.0
20201111,23,NO2,崇左,55.0
20201111,23,NO2_24h,崇左,24.0
20201111,23,O3,崇左,23.0
20201111,23,O3_24h,崇左,144.0
20201111,23,O3_8h,崇左,101.0
20201111,23,O3_8h_24h,崇左,136.0
20201111,23,CO,崇左,0.6
20201111,23,CO_24h,崇左,0.5
20201111,0,AQI,广元,75.0
20201111,0,PM2.5,广元,55.0
20201111,0,PM2.5_24h,广元,53.0
20201111,0,PM10,广元,95.0
20201111,0,PM10_24h,广元,81.0
20201111,0,SO2,广元,9.0
20201111,0,SO2_24h,广元,28.0
20201111,0,NO2,广元,51.0
20201111,0,NO2_24h,广元,49.0
20201111,0,O3,广元,10.0
20201111,0,O3_24h,广元,48.0
20201111,0,O3_8h,广元,18.0
20201111,0,O3_8h_24h,广元,30.0
20201111,0,CO,广元,1.2
20201111,0,CO_24h,广元,1.27
20201111,1,AQI,广元,78.0
20201111,1,PM2.5,广元,57.0
20201111,1,PM2.5_24h,广元,53.0
20201111,1,PM10,广元,94.0
20201111,1,PM10_24h,广元,82.0
20201111,1,SO2,广元,9.0
20201111,1,SO2_24h,广元,28.0
20201111,1,NO2,广元,47.0
20201111,1,NO2_24h,广元,49.0
20201111,1,O3,广元,10.0
20201111,1,O3_24h,广元,48.0
20201111,1,O3_8h,广元,10.0
20201111,1,O3_8h_24h,广元,10.0
20201111,1,CO,广元,1.17
20201111,1,CO_24h,广元,1.27
20201111,2,AQI,广元,80.0
20201111,2,PM2.5,广元,59.0
20201111,2,PM2.5_24h,广元,54.0
20201111,2,PM10,广元,96.0
20201111,2,PM10_24h,广元,83.0
20201111,2,SO2,广元,7.0
20201111,2,SO2_24h,广元,28.0
20201111,2,NO2,广元,42.0
20201111,2,NO2_24h,广元,50.0
20201111,2,O3,广元,10.0
20201111,2,O3_24h,广元,44.0
20201111,2,O3_8h,广元,10.0
20201111,2,O3_8h_24h,广元,10.0
20201111,2,CO,广元,1.13
20201111,2,CO_24h,广元,1.3
20201111,3,AQI,广元,74.0
20201111,3,PM2.5,广元,54.0
20201111,3,PM2.5_24h,广元,55.0
20201111,3,PM10,广元,93.0
20201111,3,PM10_24h,广元,85.0
20201111,3,SO2,广元,8.0
20201111,3,SO2_24h,广元,27.0
20201111,3,NO2,广元,39.0
20201111,3,NO2_24h,广元,50.0
20201111,3,O3,广元,10.0
20201111,3,O3_24h,广元,40.0
20201111,3,O3_8h,广元,10.0
20201111,3,O3_8h_24h,广元,10.0
20201111,3,CO,广元,1.2
20201111,3,CO_24h,广元,1.33
20201111,4,AQI,广元,73.0
20201111,4,PM2.5,广元,53.0
20201111,4,PM2.5_24h,广元,56.0
20201111,4,PM10,广元,89.0
20201111,4,PM10_24h,广元,87.0
20201111,4,SO2,广元,11.0
20201111,4,SO2_24h,广元,27.0
20201111,4,NO2,广元,37.0
20201111,4,NO2_24h,广元,50.0
20201111,4,O3,广元,10.0
20201111,4,O3_24h,广元,39.0
20201111,4,O3_8h,广元,10.0
20201111,4,O3_8h_24h,广元,10.0
20201111,4,CO,广元,1.2
20201111,4,CO_24h,广元,1.37
20201111,5,AQI,广元,74.0
20201111,5,PM2.5,广元,54.0
20201111,5,PM2.5_24h,广元,56.0
20201111,5,PM10,广元,79.0
20201111,5,PM10_24h,广元,88.0
20201111,5,SO2,广元,10.0
20201111,5,SO2_24h,广元,27.0
20201111,5,NO2,广元,35.0
20201111,5,NO2_24h,广元,50.0
20201111,5,O3,广元,10.0
20201111,5,O3_24h,广元,39.0
20201111,5,O3_8h,广元,10.0
20201111,5,O3_8h_24h,广元,10.0
20201111,5,CO,广元,1.07
20201111,5,CO_24h,广元,1.37
20201111,6,AQI,广元,76.0
20201111,6,PM2.5,广元,56.0
20201111,6,PM2.5_24h,广元,56.0
20201111,6,PM10,广元,67.0
20201111,6,PM10_24h,广元,88.0
20201111,6,SO2,广元,10.0
20201111,6,SO2_24h,广元,27.0
20201111,6,NO2,广元,35.0
20201111,6,NO2_24h,广元,50.0
20201111,6,O3,广元,10.0
20201111,6,O3_24h,广元,39.0
20201111,6,O3_8h,广元,10.0
20201111,6,O3_8h_24h,广元,10.0
20201111,6,CO,广元,1.07
20201111,6,CO_24h,广元,1.37
20201111,8,AQI,广元,69.0
20201111,8,PM2.5,广元,50.0
20201111,8,PM2.5_24h,广元,57.0
20201111,8,PM10,广元,77.0
20201111,8,PM10_24h,广元,87.0
20201111,8,SO2,广元,22.0
20201111,8,SO2_24h,广元,26.0
20201111,8,NO2,广元,39.0
20201111,8,NO2_24h,广元,49.0
20201111,8,O3,广元,10.0
20201111,8,O3_24h,广元,39.0
20201111,8,O3_8h,广元,10.0
20201111,8,O3_8h_24h,广元,10.0
20201111,8,CO,广元,1.57
20201111,8,CO_24h,广元,1.4
20201111,10,AQI,广元,84.0
20201111,10,PM2.5,广元,62.0
20201111,10,PM2.5_24h,广元,58.0
20201111,10,PM10,广元,83.0
20201111,10,PM10_24h,广元,88.0
20201111,10,SO2,广元,25.0
20201111,10,SO2_24h,广元,26.0
20201111,10,NO2,广元,42.0
20201111,10,NO2_24h,广元,49.0
20201111,10,O3,广元,14.0
20201111,10,O3_24h,广元,39.0
20201111,10,O3_8h,广元,10.0
20201111,10,O3_8h_24h,广元,10.0
20201111,10,CO,广元,1.8
20201111,10,CO_24h,广元,1.43
20201111,11,AQI,广元,81.0
20201111,11,PM2.5,广元,60.0
20201111,11,PM2.5_24h,广元,58.0
20201111,11,PM10,广元,92.0
20201111,11,PM10_24h,广元,89.0
20201111,11,SO2,广元,25.0
20201111,11,SO2_24h,广元,26.0
20201111,11,NO2,广元,47.0
20201111,11,NO2_24h,广元,49.0
20201111,11,O3,广元,13.0
20201111,11,O3_24h,广元,39.0
20201111,11,O3_8h,广元,11.0
20201111,11,O3_8h_24h,广元,11.0
20201111,11,CO,广元,1.35
20201111,11,CO_24h,广元,1.43
20201111,12,AQI,广元,70.0
20201111,12,PM2.5,广元,51.0
20201111,12,PM2.5_24h,广元,58.0
20201111,12,PM10,广元,88.0
20201111,12,PM10_24h,广元,90.0
20201111,12,SO2,广元,76.0
20201111,12,SO2_24h,广元,28.0
20201111,12,NO2,广元,57.0
20201111,12,NO2_24h,广元,49.0
20201111,12,O3,广元,20.0
20201111,12,O3_24h,广元,39.0
20201111,12,O3_8h,广元,13.0
20201111,12,O3_8h_24h,广元,13.0
20201111,12,CO,广元,1.93
20201111,12,CO_24h,广元,1.43
20201111,13,AQI,广元,78.0
20201111,13,PM2.5,广元,57.0
20201111,13,PM2.5_24h,广元,58.0
20201111,13,PM10,广元,93.0
20201111,13,PM10_24h,广元,90.0
20201111,13,SO2,广元,53.0
20201111,13,SO2_24h,广元,29.0
20201111,13,NO2,广元,54.0
20201111,13,NO2_24h,广元,49.0
20201111,13,O3,广元,33.0
20201111,13,O3_24h,广元,44.0
20201111,13,O3_8h,广元,15.0
20201111,13,O3_8h_24h,广元,15.0
20201111,13,CO,广元,1.7
20201111,13,CO_24h,广元,1.43
20201111,14,AQI,广元,76.0
20201111,14,PM2.5,广元,56.0
20201111,14,PM2.5_24h,广元,59.0
20201111,14,PM10,广元,90.0
20201111,14,PM10_24h,广元,91.0
20201111,14,SO2,广元,26.0
20201111,14,SO2_24h,广元,28.0
20201111,14,NO2,广元,44.0
20201111,14,NO2_24h,广元,48.0
20201111,14,O3,广元,50.0
20201111,14,O3_24h,广元,57.0
20201111,14,O3_8h,广元,21.0
20201111,14,O3_8h_24h,广元,21.0
20201111,14,CO,广元,1.13
20201111,14,CO_24h,广元,1.43
20201111,15,AQI,广元,65.0
20201111,15,PM2.5,广元,47.0
20201111,15,PM2.5_24h,广元,58.0
20201111,15,PM10,广元,70.0
20201111,15,PM10_24h,广元,90.0
20201111,15,SO2,广元,17.0
20201111,15,SO2_24h,广元,25.0
20201111,15,NO2,广元,36.0
20201111,15,NO2_24h,广元,47.0
20201111,15,O3,广元,71.0
20201111,15,O3_24h,广元,71.0
20201111,15,O3_8h,广元,29.0
20201111,15,O3_8h_24h,广元,29.0
20201111,15,CO,广元,0.9
20201111,15,CO_24h,广元,1.37
20201111,16,AQI,广元,54.0
20201111,16,PM2.5,广元,37.0
20201111,16,PM2.5_24h,广元,57.0
20201111,16,PM10,广元,58.0
20201111,16,PM10_24h,广元,88.0
20201111,16,SO2,广元,18.0
20201111,16,SO2_24h,广元,22.0
20201111,16,NO2,广元,38.0
20201111,16,NO2_24h,广元,47.0
20201111,16,O3,广元,76.0
20201111,16,O3_24h,广元,77.0
20201111,16,O3_8h,广元,37.0
20201111,16,O3_8h_24h,广元,37.0
20201111,16,CO,广元,0.83
20201111,16,CO_24h,广元,1.33
20201111,17,AQI,广元,54.0
20201111,17,PM2.5,广元,31.0
20201111,17,PM2.5_24h,广元,56.0
20201111,17,PM10,广元,58.0
20201111,17,PM10_24h,广元,86.0
20201111,17,SO2,广元,18.0
20201111,17,SO2_24h,广元,20.0
20201111,17,NO2,广元,51.0
20201111,17,NO2_24h,广元,47.0
20201111,17,O3,广元,57.0
20201111,17,O3_24h,广元,77.0
20201111,17,O3_8h,广元,44.0
20201111,17,O3_8h_24h,广元,44.0
20201111,17,CO,广元,0.93
20201111,17,CO_24h,广元,1.3
20201111,18,AQI,广元,57.0
20201111,18,PM2.5,广元,36.0
20201111,18,PM2.5_24h,广元,55.0
20201111,18,PM10,广元,63.0
20201111,18,PM10_24h,广元,85.0
20201111,18,SO2,广元,20.0
20201111,18,SO2_24h,广元,20.0
20201111,18,NO2,广元,64.0
20201111,18,NO2_24h,广元,47.0
20201111,18,O3,广元,39.0
20201111,18,O3_24h,广元,77.0
20201111,18,O3_8h,广元,47.0
20201111,18,O3_8h_24h,广元,47.0
20201111,18,CO,广元,1.1
20201111,18,CO_24h,广元,1.3
20201111,19,AQI,广元,62.0
20201111,19,PM2.5,广元,43.0
20201111,19,PM2.5_24h,广元,54.0
20201111,19,PM10,广元,74.0
20201111,19,PM10_24h,广元,84.0
20201111,19,SO2,广元,10.0
20201111,19,SO2_24h,广元,19.0
20201111,19,NO2,广元,54.0
20201111,19,NO2_24h,广元,46.0
20201111,19,O3,广元,36.0
20201111,19,O3_24h,广元,77.0
20201111,19,O3_8h,广元,48.0
20201111,19,O3_8h_24h,广元,50.0
20201111,19,CO,广元,1.1
20201111,19,CO_24h,广元,1.3
20201111,20,AQI,广元,68.0
20201111,20,PM2.5,广元,48.0
20201111,20,PM2.5_24h,广元,53.0
20201111,20,PM10,广元,86.0
20201111,20,PM10_24h,广元,83.0
20201111,20,SO2,广元,9.0
20201111,20,SO2_24h,广元,19.0
20201111,20,NO2,广元,55.0
20201111,20,NO2_24h,广元,46.0
20201111,20,O3,广元,32.0
20201111,20,O3_24h,广元,77.0
20201111,20,O3_8h,广元,50.0
20201111,20,O3_8h_24h,广元,52.0
20201111,20,CO,广元,0.9
20201111,20,CO_24h,广元,1.27
20201111,21,AQI,广元,69.0
20201111,21,PM2.5,广元,50.0
20201111,21,PM2.5_24h,广元,52.0
20201111,21,PM10,广元,87.0
20201111,21,PM10_24h,广元,82.0
20201111,21,SO2,广元,8.0
20201111,21,SO2_24h,广元,19.0
20201111,21,NO2,广元,63.0
20201111,21,NO2_24h,广元,47.0
20201111,21,O3,广元,18.0
20201111,21,O3_24h,广元,77.0
20201111,21,O3_8h,广元,48.0
20201111,21,O3_8h_24h,广元,52.0
20201111,21,CO,广元,0.83
20201111,21,CO_24h,广元,1.23
20201111,22,AQI,广元,66.0
20201111,22,PM2.5,广元,47.0
20201111,22,PM2.5_24h,广元,51.0
20201111,22,PM10,广元,82.0
20201111,22,PM10_24h,广元,81.0
20201111,22,SO2,广元,8.0
20201111,22,SO2_24h,广元,19.0
20201111,22,NO2,广元,59.0
20201111,22,NO2_24h,广元,47.0
20201111,22,O3,广元,21.0
20201111,22,O3_24h,广元,77.0
20201111,22,O3_8h,广元,44.0
20201111,22,O3_8h_24h,广元,52.0
20201111,22,CO,广元,0.83
20201111,22,CO_24h,广元,1.2
20201111,23,AQI,广元,63.0
20201111,23,PM2.5,广元,43.0
20201111,23,PM2.5_24h,广元,51.0
20201111,23,PM10,广元,75.0
20201111,23,PM10_24h,广元,81.0
20201111,23,SO2,广元,9.0
20201111,23,SO2_24h,广元,19.0
20201111,23,NO2,广元,55.0
20201111,23,NO2_24h,广元,47.0
20201111,23,O3,广元,20.0
20201111,23,O3_24h,广元,77.0
20201111,23,O3_8h,广元,37.0
20201111,23,O3_8h_24h,广元,52.0
20201111,23,CO,广元,0.8
20201111,23,CO_24h,广元,1.2
20201111,0,AQI,遂宁,89.0
20201111,0,PM2.5,遂宁,66.0
20201111,0,PM2.5_24h,遂宁,57.0
20201111,0,PM10,遂宁,80.0
20201111,0,PM10_24h,遂宁,82.0
20201111,0,SO2,遂宁,8.0
20201111,0,SO2_24h,遂宁,13.0
20201111,0,NO2,遂宁,43.0
20201111,0,NO2_24h,遂宁,32.0
20201111,0,O3,遂宁,14.0
20201111,0,O3_24h,遂宁,123.0
20201111,0,O3_8h,遂宁,45.0
20201111,0,O3_8h_24h,遂宁,89.0
20201111,0,CO,遂宁,0.83
20201111,0,CO_24h,遂宁,0.83
20201111,1,AQI,遂宁,88.0
20201111,1,PM2.5,遂宁,65.0
20201111,1,PM2.5_24h,遂宁,58.0
20201111,1,PM10,遂宁,79.0
20201111,1,PM10_24h,遂宁,82.0
20201111,1,SO2,遂宁,9.0
20201111,1,SO2_24h,遂宁,13.0
20201111,1,NO2,遂宁,34.0
20201111,1,NO2_24h,遂宁,31.0
20201111,1,O3,遂宁,14.0
20201111,1,O3_24h,遂宁,123.0
20201111,1,O3_8h,遂宁,14.0
20201111,1,O3_8h_24h,遂宁,14.0
20201111,1,CO,遂宁,0.83
20201111,1,CO_24h,遂宁,0.83
20201111,2,AQI,遂宁,86.0
20201111,2,PM2.5,遂宁,64.0
20201111,2,PM2.5_24h,遂宁,58.0
20201111,2,PM10,遂宁,83.0
20201111,2,PM10_24h,遂宁,82.0
20201111,2,SO2,遂宁,8.0
20201111,2,SO2_24h,遂宁,12.0
20201111,2,NO2,遂宁,30.0
20201111,2,NO2_24h,遂宁,30.0
20201111,2,O3,遂宁,14.0
20201111,2,O3_24h,遂宁,123.0
20201111,2,O3_8h,遂宁,14.0
20201111,2,O3_8h_24h,遂宁,16.0
20201111,2,CO,遂宁,0.8
20201111,2,CO_24h,遂宁,0.83
20201111,3,AQI,遂宁,80.0
20201111,3,PM2.5,遂宁,59.0
20201111,3,PM2.5_24h,遂宁,58.0
20201111,3,PM10,遂宁,76.0
20201111,3,PM10_24h,遂宁,81.0
20201111,3,SO2,遂宁,8.0
20201111,3,SO2_24h,遂宁,12.0
20201111,3,NO2,遂宁,29.0
20201111,3,NO2_24h,遂宁,30.0
20201111,3,O3,遂宁,14.0
20201111,3,O3_24h,遂宁,123.0
20201111,3,O3_8h,遂宁,14.0
20201111,3,O3_8h_24h,遂宁,17.0
20201111,3,CO,遂宁,0.77
20201111,3,CO_24h,遂宁,0.83
20201111,4,AQI,遂宁,81.0
20201111,4,PM2.5,遂宁,60.0
20201111,4,PM2.5_24h,遂宁,58.0
20201111,4,PM10,遂宁,75.0
20201111,4,PM10_24h,遂宁,81.0
20201111,4,SO2,遂宁,7.0
20201111,4,SO2_24h,遂宁,12.0
20201111,4,NO2,遂宁,22.0
20201111,4,NO2_24h,遂宁,30.0
20201111,4,O3,遂宁,16.0
20201111,4,O3_24h,遂宁,123.0
20201111,4,O3_8h,遂宁,14.0
20201111,4,O3_8h_24h,遂宁,17.0
20201111,4,CO,遂宁,0.73
20201111,4,CO_24h,遂宁,0.83
20201111,5,AQI,遂宁,81.0
20201111,5,PM2.5,遂宁,60.0
20201111,5,PM2.5_24h,遂宁,59.0
20201111,5,PM10,遂宁,74.0
20201111,5,PM10_24h,遂宁,81.0
20201111,5,SO2,遂宁,7.0
20201111,5,SO2_24h,遂宁,12.0
20201111,5,NO2,遂宁,21.0
20201111,5,NO2_24h,遂宁,30.0
20201111,5,O3,遂宁,9.0
20201111,5,O3_24h,遂宁,123.0
20201111,5,O3_8h,遂宁,13.0
20201111,5,O3_8h_24h,遂宁,17.0
20201111,5,CO,遂宁,0.83
20201111,5,CO_24h,遂宁,0.83
20201111,6,AQI,遂宁,81.0
20201111,6,PM2.5,遂宁,60.0
20201111,6,PM2.5_24h,遂宁,59.0
20201111,6,PM10,遂宁,74.0
20201111,6,PM10_24h,遂宁,81.0
20201111,6,SO2,遂宁,7.0
20201111,6,SO2_24h,遂宁,12.0
20201111,6,NO2,遂宁,20.0
20201111,6,NO2_24h,遂宁,30.0
20201111,6,O3,遂宁,8.0
20201111,6,O3_24h,遂宁,123.0
20201111,6,O3_8h,遂宁,12.0
20201111,6,O3_8h_24h,遂宁,17.0
20201111,6,CO,遂宁,0.87
20201111,6,CO_24h,遂宁,0.83
20201111,8,AQI,遂宁,80.0
20201111,8,PM2.5,遂宁,59.0
20201111,8,PM2.5_24h,遂宁,60.0
20201111,8,PM10,遂宁,74.0
20201111,8,PM10_24h,遂宁,81.0
20201111,8,SO2,遂宁,10.0
20201111,8,SO2_24h,遂宁,12.0
20201111,8,NO2,遂宁,22.0
20201111,8,NO2_24h,遂宁,30.0
20201111,8,O3,遂宁,9.0
20201111,8,O3_24h,遂宁,123.0
20201111,8,O3_8h,遂宁,11.0
20201111,8,O3_8h_24h,遂宁,17.0
20201111,8,CO,遂宁,1.0
20201111,8,CO_24h,遂宁,0.87
20201111,10,AQI,遂宁,84.0
20201111,10,PM2.5,遂宁,62.0
20201111,10,PM2.5_24h,遂宁,60.0
20201111,10,PM10,遂宁,92.0
20201111,10,PM10_24h,遂宁,82.0
20201111,10,SO2,遂宁,12.0
20201111,10,SO2_24h,遂宁,12.0
20201111,10,NO2,遂宁,46.0
20201111,10,NO2_24h,遂宁,31.0
20201111,10,O3,遂宁,15.0
20201111,10,O3_24h,遂宁,123.0
20201111,10,O3_8h,遂宁,11.0
20201111,10,O3_8h_24h,遂宁,17.0
20201111,10,CO,遂宁,1.13
20201111,10,CO_24h,遂宁,0.87
20201111,11,AQI,遂宁,93.0
20201111,11,PM2.5,遂宁,69.0
20201111,11,PM2.5_24h,遂宁,61.0
20201111,11,PM10,遂宁,104.0
20201111,11,PM10_24h,遂宁,83.0
20201111,11,SO2,遂宁,19.0
20201111,11,SO2_24h,遂宁,11.0
20201111,11,NO2,遂宁,31.0
20201111,11,NO2_24h,遂宁,31.0
20201111,11,O3,遂宁,26.0
20201111,11,O3_24h,遂宁,123.0
20201111,11,O3_8h,遂宁,12.0
20201111,11,O3_8h_24h,遂宁,17.0
20201111,11,CO,遂宁,0.9
20201111,11,CO_24h,遂宁,0.87
20201111,12,AQI,遂宁,96.0
20201111,12,PM2.5,遂宁,72.0
20201111,12,PM2.5_24h,遂宁,61.0
20201111,12,PM10,遂宁,99.0
20201111,12,PM10_24h,遂宁,84.0
20201111,12,SO2,遂宁,27.0
20201111,12,SO2_24h,遂宁,12.0
20201111,12,NO2,遂宁,34.0
20201111,12,NO2_24h,遂宁,31.0
20201111,12,O3,遂宁,66.0
20201111,12,O3_24h,遂宁,123.0
20201111,12,O3_8h,遂宁,14.0
20201111,12,O3_8h_24h,遂宁,18.0
20201111,12,CO,遂宁,0.75
20201111,12,CO_24h,遂宁,0.87
20201111,13,AQI,遂宁,106.0
20201111,13,PM2.5,遂宁,80.0
20201111,13,PM2.5_24h,遂宁,62.0
20201111,13,PM10,遂宁,95.0
20201111,13,PM10_24h,遂宁,84.0
20201111,13,SO2,遂宁,30.0
20201111,13,SO2_24h,遂宁,13.0
20201111,13,NO2,遂宁,23.0
20201111,13,NO2_24h,遂宁,31.0
20201111,13,O3,遂宁,83.0
20201111,13,O3_24h,遂宁,123.0
20201111,13,O3_8h,遂宁,24.0
20201111,13,O3_8h_24h,遂宁,24.0
20201111,13,CO,遂宁,0.67
20201111,13,CO_24h,遂宁,0.87
20201111,14,AQI,遂宁,90.0
20201111,14,PM2.5,遂宁,67.0
20201111,14,PM2.5_24h,遂宁,62.0
20201111,14,PM10,遂宁,84.0
20201111,14,PM10_24h,遂宁,84.0
20201111,14,SO2,遂宁,28.0
20201111,14,SO2_24h,遂宁,13.0
20201111,14,NO2,遂宁,12.0
20201111,14,NO2_24h,遂宁,31.0
20201111,14,O3,遂宁,114.0
20201111,14,O3_24h,遂宁,123.0
20201111,14,O3_8h,遂宁,38.0
20201111,14,O3_8h_24h,遂宁,38.0
20201111,14,CO,遂宁,0.53
20201111,14,CO_24h,遂宁,0.87
20201111,15,AQI,遂宁,73.0
20201111,15,PM2.5,遂宁,53.0
20201111,15,PM2.5_24h,遂宁,62.0
20201111,15,PM10,遂宁,74.0
20201111,15,PM10_24h,遂宁,84.0
20201111,15,SO2,遂宁,24.0
20201111,15,SO2_24h,遂宁,14.0
20201111,15,NO2,遂宁,9.0
20201111,15,NO2_24h,遂宁,31.0
20201111,15,O3,遂宁,124.0
20201111,15,O3_24h,遂宁,124.0
20201111,15,O3_8h,遂宁,54.0
20201111,15,O3_8h_24h,遂宁,54.0
20201111,15,CO,遂宁,0.47
20201111,15,CO_24h,遂宁,0.83
20201111,16,AQI,遂宁,63.0
20201111,16,PM2.5,遂宁,45.0
20201111,16,PM2.5_24h,遂宁,61.0
20201111,16,PM10,遂宁,62.0
20201111,16,PM10_24h,遂宁,83.0
20201111,16,SO2,遂宁,19.0
20201111,16,SO2_24h,遂宁,14.0
20201111,16,NO2,遂宁,9.0
20201111,16,NO2_24h,遂宁,31.0
20201111,16,O3,遂宁,127.0
20201111,16,O3_24h,遂宁,127.0
20201111,16,O3_8h,遂宁,71.0
20201111,16,O3_8h_24h,遂宁,71.0
20201111,16,CO,遂宁,0.43
20201111,16,CO_24h,遂宁,0.83
20201111,17,AQI,遂宁,54.0
20201111,17,PM2.5,遂宁,34.0
20201111,17,PM2.5_24h,遂宁,60.0
20201111,17,PM10,遂宁,58.0
20201111,17,PM10_24h,遂宁,83.0
20201111,17,SO2,遂宁,16.0
20201111,17,SO2_24h,遂宁,14.0
20201111,17,NO2,遂宁,12.0
20201111,17,NO2_24h,遂宁,31.0
20201111,17,O3,遂宁,121.0
20201111,17,O3_24h,遂宁,127.0
20201111,17,O3_8h,遂宁,86.0
20201111,17,O3_8h_24h,遂宁,86.0
20201111,17,CO,遂宁,0.43
20201111,17,CO_24h,遂宁,0.8
20201111,18,AQI,遂宁,51.0
20201111,18,PM2.5,遂宁,33.0
20201111,18,PM2.5_24h,遂宁,60.0
20201111,18,PM10,遂宁,51.0
20201111,18,PM10_24h,遂宁,82.0
20201111,18,SO2,遂宁,14.0
20201111,18,SO2_24h,遂宁,14.0
20201111,18,NO2,遂宁,29.0
20201111,18,NO2_24h,遂宁,31.0
20201111,18,O3,遂宁,88.0
20201111,18,O3_24h,遂宁,128.0
20201111,18,O3_8h,遂宁,96.0
20201111,18,O3_8h_24h,遂宁,96.0
20201111,18,CO,遂宁,0.6
20201111,18,CO_24h,遂宁,0.8
20201111,19,AQI,遂宁,55.0
20201111,19,PM2.5,遂宁,34.0
20201111,19,PM2.5_24h,遂宁,59.0
20201111,19,PM10,遂宁,59.0
20201111,19,PM10_24h,遂宁,81.0
20201111,19,SO2,遂宁,20.0
20201111,19,SO2_24h,遂宁,14.0
20201111,19,NO2,遂宁,68.0
20201111,19,NO2_24h,遂宁,32.0
20201111,19,O3,遂宁,39.0
20201111,19,O3_24h,遂宁,128.0
20201111,19,O3_8h,遂宁,98.0
20201111,19,O3_8h_24h,遂宁,99.0
20201111,19,CO,遂宁,0.87
20201111,19,CO_24h,遂宁,0.8
20201111,20,AQI,遂宁,69.0
20201111,20,PM2.5,遂宁,43.0
20201111,20,PM2.5_24h,遂宁,58.0
20201111,20,PM10,遂宁,88.0
20201111,20,PM10_24h,遂宁,80.0
20201111,20,SO2,遂宁,14.0
20201111,20,SO2_24h,遂宁,14.0
20201111,20,NO2,遂宁,75.0
20201111,20,NO2_24h,遂宁,33.0
20201111,20,O3,遂宁,19.0
20201111,20,O3_24h,遂宁,128.0
20201111,20,O3_8h,遂宁,89.0
20201111,20,O3_8h_24h,遂宁,99.0
20201111,20,CO,遂宁,0.93
20201111,20,CO_24h,遂宁,0.8
20201111,21,AQI,遂宁,83.0
20201111,21,PM2.5,遂宁,47.0
20201111,21,PM2.5_24h,遂宁,58.0
20201111,21,PM10,遂宁,116.0
20201111,21,PM10_24h,遂宁,81.0
20201111,21,SO2,遂宁,13.0
20201111,21,SO2_24h,遂宁,14.0
20201111,21,NO2,遂宁,71.0
20201111,21,NO2_24h,遂宁,33.0
20201111,21,O3,遂宁,11.0
20201111,21,O3_24h,遂宁,128.0
20201111,21,O3_8h,遂宁,80.0
20201111,21,O3_8h_24h,遂宁,99.0
20201111,21,CO,遂宁,1.0
20201111,21,CO_24h,遂宁,0.8
20201111,22,AQI,遂宁,81.0
20201111,22,PM2.5,遂宁,53.0
20201111,22,PM2.5_24h,遂宁,57.0
20201111,22,PM10,遂宁,112.0
20201111,22,PM10_24h,遂宁,81.0
20201111,22,SO2,遂宁,12.0
20201111,22,SO2_24h,遂宁,14.0
20201111,22,NO2,遂宁,64.0
20201111,22,NO2_24h,遂宁,34.0
20201111,22,O3,遂宁,14.0
20201111,22,O3_24h,遂宁,128.0
20201111,22,O3_8h,遂宁,67.0
20201111,22,O3_8h_24h,遂宁,99.0
20201111,22,CO,遂宁,1.13
20201111,22,CO_24h,遂宁,0.8
20201111,23,AQI,遂宁,78.0
20201111,23,PM2.5,遂宁,56.0
20201111,23,PM2.5_24h,遂宁,56.0
20201111,23,PM10,遂宁,106.0
20201111,23,PM10_24h,遂宁,82.0
20201111,23,SO2,遂宁,13.0
20201111,23,SO2_24h,遂宁,14.0
20201111,23,NO2,遂宁,54.0
20201111,23,NO2_24h,遂宁,34.0
20201111,23,O3,遂宁,13.0
20201111,23,O3_24h,遂宁,128.0
20201111,23,O3_8h,遂宁,53.0
20201111,23,O3_8h_24h,遂宁,99.0
20201111,23,CO,遂宁,0.9
20201111,23,CO_24h,遂宁,0.8
20201111,0,AQI,内江,89.0
20201111,0,PM2.5,内江,66.0
20201111,0,PM2.5_24h,内江,62.0
20201111,0,PM10,内江,88.0
20201111,0,PM10_24h,内江,93.0
20201111,0,SO2,内江,11.0
20201111,0,SO2_24h,内江,11.0
20201111,0,NO2,内江,31.0
20201111,0,NO2_24h,内江,48.0
20201111,0,O3,内江,64.0
20201111,0,O3_24h,内江,122.0
20201111,0,O3_8h,内江,62.0
20201111,0,O3_8h_24h,内江,102.0
20201111,0,CO,内江,0.85
20201111,0,CO_24h,内江,0.9
20201111,1,AQI,内江,96.0
20201111,1,PM2.5,内江,72.0
20201111,1,PM2.5_24h,内江,62.0
20201111,1,PM10,内江,93.0
20201111,1,PM10_24h,内江,93.0
20201111,1,SO2,内江,12.0
20201111,1,SO2_24h,内江,12.0
20201111,1,NO2,内江,30.0
20201111,1,NO2_24h,内江,46.0
20201111,1,O3,内江,52.0
20201111,1,O3_24h,内江,122.0
20201111,1,O3_8h,内江,52.0
20201111,1,O3_8h_24h,内江,52.0
20201111,1,CO,内江,0.85
20201111,1,CO_24h,内江,0.88
20201111,2,AQI,内江,81.0
20201111,2,PM2.5,内江,60.0
20201111,2,PM2.5_24h,内江,62.0
20201111,2,PM10,内江,92.0
20201111,2,PM10_24h,内江,93.0
20201111,2,SO2,内江,10.0
20201111,2,SO2_24h,内江,12.0
20201111,2,NO2,内江,36.0
20201111,2,NO2_24h,内江,46.0
20201111,2,O3,内江,32.0
20201111,2,O3_24h,内江,122.0
20201111,2,O3_8h,内江,42.0
20201111,2,O3_8h_24h,内江,52.0
20201111,2,CO,内江,0.82
20201111,2,CO_24h,内江,0.9
20201111,3,AQI,内江,83.0
20201111,3,PM2.5,内江,61.0
20201111,3,PM2.5_24h,内江,62.0
20201111,3,PM10,内江,86.0
20201111,3,PM10_24h,内江,93.0
20201111,3,SO2,内江,11.0
20201111,3,SO2_24h,内江,12.0
20201111,3,NO2,内江,36.0
20201111,3,NO2_24h,内江,46.0
20201111,3,O3,内江,24.0
20201111,3,O3_24h,内江,122.0
20201111,3,O3_8h,内江,36.0
20201111,3,O3_8h_24h,内江,52.0
20201111,3,CO,内江,0.85
20201111,3,CO_24h,内江,0.9
20201111,4,AQI,内江,80.0
20201111,4,PM2.5,内江,59.0
20201111,4,PM2.5_24h,内江,62.0
20201111,4,PM10,内江,93.0
20201111,4,PM10_24h,内江,94.0
20201111,4,SO2,内江,10.0
20201111,4,SO2_24h,内江,12.0
20201111,4,NO2,内江,41.0
20201111,4,NO2_24h,内江,46.0
20201111,4,O3,内江,17.0
20201111,4,O3_24h,内江,122.0
20201111,4,O3_8h,内江,31.0
20201111,4,O3_8h_24h,内江,52.0
20201111,4,CO,内江,0.8
20201111,4,CO_24h,内江,0.9
20201111,5,AQI,内江,86.0
20201111,5,PM2.5,内江,64.0
20201111,5,PM2.5_24h,内江,62.0
20201111,5,PM10,内江,84.0
20201111,5,PM10_24h,内江,94.0
20201111,5,SO2,内江,14.0
20201111,5,SO2_24h,内江,12.0
20201111,5,NO2,内江,30.0
20201111,5,NO2_24h,内江,46.0
20201111,5,O3,内江,27.0
20201111,5,O3_24h,内江,122.0
20201111,5,O3_8h,内江,30.0
20201111,5,O3_8h_24h,内江,52.0
20201111,5,CO,内江,0.78
20201111,5,CO_24h,内江,0.9
20201111,6,AQI,内江,80.0
20201111,6,PM2.5,内江,59.0
20201111,6,PM2.5_24h,内江,62.0
20201111,6,PM10,内江,76.0
20201111,6,PM10_24h,内江,94.0
20201111,6,SO2,内江,9.0
20201111,6,SO2_24h,内江,12.0
20201111,6,NO2,内江,26.0
20201111,6,NO2_24h,内江,45.0
20201111,6,O3,内江,31.0
20201111,6,O3_24h,内江,122.0
20201111,6,O3_8h,内江,30.0
20201111,6,O3_8h_24h,内江,52.0
20201111,6,CO,内江,0.75
20201111,6,CO_24h,内江,0.9
20201111,8,AQI,内江,89.0
20201111,8,PM2.5,内江,66.0
20201111,8,PM2.5_24h,内江,63.0
20201111,8,PM10,内江,95.0
20201111,8,PM10_24h,内江,94.0
20201111,8,SO2,内江,9.0
20201111,8,SO2_24h,内江,12.0
20201111,8,NO2,内江,47.0
20201111,8,NO2_24h,内江,45.0
20201111,8,O3,内江,7.0
20201111,8,O3_24h,内江,122.0
20201111,8,O3_8h,内江,26.0
20201111,8,O3_8h_24h,内江,52.0
20201111,8,CO,内江,0.98
20201111,8,CO_24h,内江,0.9
20201111,10,AQI,内江,93.0
20201111,10,PM2.5,内江,69.0
20201111,10,PM2.5_24h,内江,64.0
20201111,10,PM10,内江,91.0
20201111,10,PM10_24h,内江,94.0
20201111,10,SO2,内江,11.0
20201111,10,SO2_24h,内江,11.0
20201111,10,NO2,内江,46.0
20201111,10,NO2_24h,内江,45.0
20201111,10,O3,内江,12.0
20201111,10,O3_24h,内江,122.0
20201111,10,O3_8h,内江,18.0
20201111,10,O3_8h_24h,内江,52.0
20201111,10,CO,内江,1.05
20201111,10,CO_24h,内江,0.9
20201111,11,AQI,内江,75.0
20201111,11,PM2.5,内江,54.0
20201111,11,PM2.5_24h,内江,64.0
20201111,11,PM10,内江,99.0
20201111,11,PM10_24h,内江,94.0
20201111,11,SO2,内江,12.0
20201111,11,SO2_24h,内江,11.0
20201111,11,NO2,内江,52.0
20201111,11,NO2_24h,内江,45.0
20201111,11,O3,内江,25.0
20201111,11,O3_24h,内江,122.0
20201111,11,O3_8h,内江,18.0
20201111,11,O3_8h_24h,内江,52.0
20201111,11,CO,内江,0.95
20201111,11,CO_24h,内江,0.88
20201111,12,AQI,内江,99.0
20201111,12,PM2.5,内江,74.0
20201111,12,PM2.5_24h,内江,65.0
20201111,12,PM10,内江,107.0
20201111,12,PM10_24h,内江,94.0
20201111,12,SO2,内江,18.0
20201111,12,SO2_24h,内江,12.0
20201111,12,NO2,内江,49.0
20201111,12,NO2_24h,内江,45.0
20201111,12,O3,内江,61.0
20201111,12,O3_24h,内江,122.0
20201111,12,O3_8h,内江,23.0
20201111,12,O3_8h_24h,内江,52.0
20201111,12,CO,内江,0.9
20201111,12,CO_24h,内江,0.88
20201111,13,AQI,内江,101.0
20201111,13,PM2.5,内江,76.0
20201111,13,PM2.5_24h,内江,65.0
20201111,13,PM10,内江,125.0
20201111,13,PM10_24h,内江,96.0
20201111,13,SO2,内江,20.0
20201111,13,SO2_24h,内江,12.0
20201111,13,NO2,内江,40.0
20201111,13,NO2_24h,内江,45.0
20201111,13,O3,内江,100.0
20201111,13,O3_24h,内江,125.0
20201111,13,O3_8h,内江,32.0
20201111,13,O3_8h_24h,内江,52.0
20201111,13,CO,内江,0.83
20201111,13,CO_24h,内江,0.88
20201111,14,AQI,内江,106.0
20201111,14,PM2.5,内江,80.0
20201111,14,PM2.5_24h,内江,66.0
20201111,14,PM10,内江,115.0
20201111,14,PM10_24h,内江,98.0
20201111,14,SO2,内江,18.0
20201111,14,SO2_24h,内江,12.0
20201111,14,NO2,内江,37.0
20201111,14,NO2_24h,内江,46.0
20201111,14,O3,内江,126.0
20201111,14,O3_24h,内江,130.0
20201111,14,O3_8h,内江,44.0
20201111,14,O3_8h_24h,内江,54.0
20201111,14,CO,内江,0.83
20201111,14,CO_24h,内江,0.88
20201111,15,AQI,内江,86.0
20201111,15,PM2.5,内江,64.0
20201111,15,PM2.5_24h,内江,67.0
20201111,15,PM10,内江,97.0
20201111,15,PM10_24h,内江,99.0
20201111,15,SO2,内江,17.0
20201111,15,SO2_24h,内江,12.0
20201111,15,NO2,内江,34.0
20201111,15,NO2_24h,内江,45.0
20201111,15,O3,内江,153.0
20201111,15,O3_24h,内江,153.0
20201111,15,O3_8h,内江,61.0
20201111,15,O3_8h_24h,内江,62.0
20201111,15,CO,内江,0.75
20201111,15,CO_24h,内江,0.92
20201111,16,AQI,内江,91.0
20201111,16,PM2.5,内江,68.0
20201111,16,PM2.5_24h,内江,68.0
20201111,16,PM10,内江,102.0
20201111,16,PM10_24h,内江,100.0
20201111,16,SO2,内江,14.0
20201111,16,SO2_24h,内江,12.0
20201111,16,NO2,内江,36.0
20201111,16,NO2_24h,内江,46.0
20201111,16,O3,内江,157.0
20201111,16,O3_24h,内江,159.0
20201111,16,O3_8h,内江,80.0
20201111,16,O3_8h_24h,内江,80.0
20201111,16,CO,内江,0.7
20201111,16,CO_24h,内江,0.92
20201111,17,AQI,内江,91.0
20201111,17,PM2.5,内江,68.0
20201111,17,PM2.5_24h,内江,68.0
20201111,17,PM10,内江,101.0
20201111,17,PM10_24h,内江,101.0
20201111,17,SO2,内江,13.0
20201111,17,SO2_24h,内江,12.0
20201111,17,NO2,内江,40.0
20201111,17,NO2_24h,内江,46.0
20201111,17,O3,内江,156.0
20201111,17,O3_24h,内江,159.0
20201111,17,O3_8h,内江,96.0
20201111,17,O3_8h_24h,内江,96.0
20201111,17,CO,内江,0.68
20201111,17,CO_24h,内江,0.92
20201111,18,AQI,内江,96.0
20201111,18,PM2.5,内江,72.0
20201111,18,PM2.5_24h,内江,69.0
20201111,18,PM10,内江,113.0
20201111,18,PM10_24h,内江,102.0
20201111,18,SO2,内江,11.0
20201111,18,SO2_24h,内江,12.0
20201111,18,NO2,内江,64.0
20201111,18,NO2_24h,内江,47.0
20201111,18,O3,内江,117.0
20201111,18,O3_24h,内江,159.0
20201111,18,O3_8h,内江,110.0
20201111,18,O3_8h_24h,内江,110.0
20201111,18,CO,内江,0.7
20201111,18,CO_24h,内江,0.92
20201111,19,AQI,内江,111.0
20201111,19,PM2.5,内江,84.0
20201111,19,PM2.5_24h,内江,69.0
20201111,19,PM10,内江,164.0
20201111,19,PM10_24h,内江,103.0
20201111,19,SO2,内江,10.0
20201111,19,SO2_24h,内江,12.0
20201111,19,NO2,内江,107.0
20201111,19,NO2_24h,内江,47.0
20201111,19,O3,内江,50.0
20201111,19,O3_24h,内江,159.0
20201111,19,O3_8h,内江,114.0
20201111,19,O3_8h_24h,内江,114.0
20201111,19,CO,内江,1.0
20201111,19,CO_24h,内江,0.92
20201111,20,AQI,内江,134.0
20201111,20,PM2.5,内江,102.0
20201111,20,PM2.5_24h,内江,70.0
20201111,20,PM10,内江,177.0
20201111,20,PM10_24h,内江,105.0
20201111,20,SO2,内江,10.0
20201111,20,SO2_24h,内江,12.0
20201111,20,NO2,内江,131.0
20201111,20,NO2_24h,内江,49.0
20201111,20,O3,内江,10.0
20201111,20,O3_24h,内江,159.0
20201111,20,O3_8h,内江,107.0
20201111,20,O3_8h_24h,内江,114.0
20201111,20,CO,内江,1.45
20201111,20,CO_24h,内江,0.9
20201111,21,AQI,内江,124.0
20201111,21,PM2.5,内江,94.0
20201111,21,PM2.5_24h,内江,70.0
20201111,21,PM10,内江,141.0
20201111,21,PM10_24h,内江,106.0
20201111,21,SO2,内江,9.0
20201111,21,SO2_24h,内江,12.0
20201111,21,NO2,内江,109.0
20201111,21,NO2_24h,内江,50.0
20201111,21,O3,内江,15.0
20201111,21,O3_24h,内江,159.0
20201111,21,O3_8h,内江,96.0
20201111,21,O3_8h_24h,内江,114.0
20201111,21,CO,内江,1.25
20201111,21,CO_24h,内江,0.9
20201111,22,AQI,内江,103.0
20201111,22,PM2.5,内江,77.0
20201111,22,PM2.5_24h,内江,71.0
20201111,22,PM10,内江,120.0
20201111,22,PM10_24h,内江,107.0
20201111,22,SO2,内江,8.0
20201111,22,SO2_24h,内江,12.0
20201111,22,NO2,内江,90.0
20201111,22,NO2_24h,内江,52.0
20201111,22,O3,内江,24.0
20201111,22,O3_24h,内江,159.0
20201111,22,O3_8h,内江,83.0
20201111,22,O3_8h_24h,内江,114.0
20201111,22,CO,内江,1.07
20201111,22,CO_24h,内江,0.92
20201111,23,AQI,内江,106.0
20201111,23,PM2.5,内江,80.0
20201111,23,PM2.5_24h,内江,72.0
20201111,23,PM10,内江,118.0
20201111,23,PM10_24h,内江,108.0
20201111,23,SO2,内江,8.0
20201111,23,SO2_24h,内江,12.0
20201111,23,NO2,内江,85.0
20201111,23,NO2_24h,内江,53.0
20201111,23,O3,内江,14.0
20201111,23,O3_24h,内江,159.0
20201111,23,O3_8h,内江,65.0
20201111,23,O3_8h_24h,内江,114.0
20201111,23,CO,内江,1.1
20201111,23,CO_24h,内江,0.92
20201111,0,AQI,乐山,114.0
20201111,0,PM2.5,乐山,86.0
20201111,0,PM2.5_24h,乐山,69.0
20201111,0,PM10,乐山,124.0
20201111,0,PM10_24h,乐山,97.0
20201111,0,SO2,乐山,6.0
20201111,0,SO2_24h,乐山,11.0
20201111,0,NO2,乐山,62.0
20201111,0,NO2_24h,乐山,35.0
20201111,0,O3,乐山,28.0
20201111,0,O3_24h,乐山,131.0
20201111,0,O3_8h,乐山,72.0
20201111,0,O3_8h_24h,乐山,106.0
20201111,0,CO,乐山,1.07
20201111,0,CO_24h,乐山,0.9
20201111,1,AQI,乐山,115.0
20201111,1,PM2.5,乐山,87.0
20201111,1,PM2.5_24h,乐山,70.0
20201111,1,PM10,乐山,127.0
20201111,1,PM10_24h,乐山,99.0
20201111,1,SO2,乐山,7.0
20201111,1,SO2_24h,乐山,10.0
20201111,1,NO2,乐山,64.0
20201111,1,NO2_24h,乐山,35.0
20201111,1,O3,乐山,21.0
20201111,1,O3_24h,乐山,131.0
20201111,1,O3_8h,乐山,21.0
20201111,1,O3_8h_24h,乐山,21.0
20201111,1,CO,乐山,1.03
20201111,1,CO_24h,乐山,0.9
20201111,2,AQI,乐山,123.0
20201111,2,PM2.5,乐山,93.0
20201111,2,PM2.5_24h,乐山,71.0
20201111,2,PM10,乐山,136.0
20201111,2,PM10_24h,乐山,100.0
20201111,2,SO2,乐山,11.0
20201111,2,SO2_24h,乐山,10.0
20201111,2,NO2,乐山,73.0
20201111,2,NO2_24h,乐山,37.0
20201111,2,O3,乐山,10.0
20201111,2,O3_24h,乐山,131.0
20201111,2,O3_8h,乐山,16.0
20201111,2,O3_8h_24h,乐山,21.0
20201111,2,CO,乐山,1.07
20201111,2,CO_24h,乐山,0.9
20201111,3,AQI,乐山,125.0
20201111,3,PM2.5,乐山,95.0
20201111,3,PM2.5_24h,乐山,72.0
20201111,3,PM10,乐山,137.0
20201111,3,PM10_24h,乐山,102.0
20201111,3,SO2,乐山,13.0
20201111,3,SO2_24h,乐山,10.0
20201111,3,NO2,乐山,72.0
20201111,3,NO2_24h,乐山,39.0
20201111,3,O3,乐山,6.0
20201111,3,O3_24h,乐山,131.0
20201111,3,O3_8h,乐山,13.0
20201111,3,O3_8h_24h,乐山,21.0
20201111,3,CO,乐山,1.07
20201111,3,CO_24h,乐山,0.93
20201111,4,AQI,乐山,121.0
20201111,4,PM2.5,乐山,92.0
20201111,4,PM2.5_24h,乐山,73.0
20201111,4,PM10,乐山,134.0
20201111,4,PM10_24h,乐山,103.0
20201111,4,SO2,乐山,12.0
20201111,4,SO2_24h,乐山,10.0
20201111,4,NO2,乐山,67.0
20201111,4,NO2_24h,乐山,41.0
20201111,4,O3,乐山,7.0
20201111,4,O3_24h,乐山,131.0
20201111,4,O3_8h,乐山,11.0
20201111,4,O3_8h_24h,乐山,21.0
20201111,4,CO,乐山,1.07
20201111,4,CO_24h,乐山,0.93
20201111,5,AQI,乐山,110.0
20201111,5,PM2.5,乐山,83.0
20201111,5,PM2.5_24h,乐山,73.0
20201111,5,PM10,乐山,127.0
20201111,5,PM10_24h,乐山,104.0
20201111,5,SO2,乐山,13.0
20201111,5,SO2_24h,乐山,11.0
20201111,5,NO2,乐山,76.0
20201111,5,NO2_24h,乐山,43.0
20201111,5,O3,乐山,2.0
20201111,5,O3_24h,乐山,131.0
20201111,5,O3_8h,乐山,9.0
20201111,5,O3_8h_24h,乐山,21.0
20201111,5,CO,乐山,1.07
20201111,5,CO_24h,乐山,0.97
20201111,6,AQI,乐山,105.0
20201111,6,PM2.5,乐山,79.0
20201111,6,PM2.5_24h,乐山,74.0
20201111,6,PM10,乐山,121.0
20201111,6,PM10_24h,乐山,105.0
20201111,6,SO2,乐山,10.0
20201111,6,SO2_24h,乐山,11.0
20201111,6,NO2,乐山,73.0
20201111,6,NO2_24h,乐山,45.0
20201111,6,O3,乐山,2.0
20201111,6,O3_24h,乐山,131.0
20201111,6,O3_8h,乐山,8.0
20201111,6,O3_8h_24h,乐山,21.0
20201111,6,CO,乐山,1.07
20201111,6,CO_24h,乐山,0.97
20201111,8,AQI,乐山,106.0
20201111,8,PM2.5,乐山,80.0
20201111,8,PM2.5_24h,乐山,74.0
20201111,8,PM10,乐山,121.0
20201111,8,PM10_24h,乐山,107.0
20201111,8,SO2,乐山,8.0
20201111,8,SO2_24h,乐山,11.0
20201111,8,NO2,乐山,70.0
20201111,8,NO2_24h,乐山,49.0
20201111,8,O3,乐山,2.0
20201111,8,O3_24h,乐山,131.0
20201111,8,O3_8h,乐山,6.0
20201111,8,O3_8h_24h,乐山,21.0
20201111,8,CO,乐山,1.2
20201111,8,CO_24h,乐山,0.97
20201111,10,AQI,乐山,98.0
20201111,10,PM2.5,乐山,73.0
20201111,10,PM2.5_24h,乐山,75.0
20201111,10,PM10,乐山,115.0
20201111,10,PM10_24h,乐山,109.0
20201111,10,SO2,乐山,7.0
20201111,10,SO2_24h,乐山,9.0
20201111,10,NO2,乐山,66.0
20201111,10,NO2_24h,乐山,51.0
20201111,10,O3,乐山,11.0
20201111,10,O3_24h,乐山,131.0
20201111,10,O3_8h,乐山,4.0
20201111,10,O3_8h_24h,乐山,21.0
20201111,10,CO,乐山,1.2
20201111,10,CO_24h,乐山,0.97
20201111,11,AQI,乐山,91.0
20201111,11,PM2.5,乐山,68.0
20201111,11,PM2.5_24h,乐山,75.0
20201111,11,PM10,乐山,109.0
20201111,11,PM10_24h,乐山,110.0
20201111,11,SO2,乐山,7.0
20201111,11,SO2_24h,乐山,9.0
20201111,11,NO2,乐山,58.0
20201111,11,NO2_24h,乐山,52.0
20201111,11,O3,乐山,27.0
20201111,11,O3_24h,乐山,131.0
20201111,11,O3_8h,乐山,7.0
20201111,11,O3_8h_24h,乐山,21.0
20201111,11,CO,乐山,1.23
20201111,11,CO_24h,乐山,1.0
20201111,12,AQI,乐山,85.0
20201111,12,PM2.5,乐山,63.0
20201111,12,PM2.5_24h,乐山,75.0
20201111,12,PM10,乐山,105.0
20201111,12,PM10_24h,乐山,111.0
20201111,12,SO2,乐山,6.0
20201111,12,SO2_24h,乐山,8.0
20201111,12,NO2,乐山,45.0
20201111,12,NO2_24h,乐山,52.0
20201111,12,O3,乐山,52.0
20201111,12,O3_24h,乐山,131.0
20201111,12,O3_8h,乐山,12.0
20201111,12,O3_8h_24h,乐山,21.0
20201111,12,CO,乐山,0.97
20201111,12,CO_24h,乐山,1.0
20201111,13,AQI,乐山,89.0
20201111,13,PM2.5,乐山,66.0
20201111,13,PM2.5_24h,乐山,75.0
20201111,13,PM10,乐山,103.0
20201111,13,PM10_24h,乐山,111.0
20201111,13,SO2,乐山,6.0
20201111,13,SO2_24h,乐山,8.0
20201111,13,NO2,乐山,33.0
20201111,13,NO2_24h,乐山,53.0
20201111,13,O3,乐山,83.0
20201111,13,O3_24h,乐山,131.0
20201111,13,O3_8h,乐山,23.0
20201111,13,O3_8h_24h,乐山,25.0
20201111,13,CO,乐山,0.93
20201111,13,CO_24h,乐山,1.03
20201111,14,AQI,乐山,93.0
20201111,14,PM2.5,乐山,69.0
20201111,14,PM2.5_24h,乐山,76.0
20201111,14,PM10,乐山,105.0
20201111,14,PM10_24h,乐山,112.0
20201111,14,SO2,乐山,6.0
20201111,14,SO2_24h,乐山,8.0
20201111,14,NO2,乐山,27.0
20201111,14,NO2_24h,乐山,53.0
20201111,14,O3,乐山,101.0
20201111,14,O3_24h,乐山,131.0
20201111,14,O3_8h,乐山,36.0
20201111,14,O3_8h_24h,乐山,36.0
20201111,14,CO,乐山,0.87
20201111,14,CO_24h,乐山,1.03
20201111,15,AQI,乐山,86.0
20201111,15,PM2.5,乐山,64.0
20201111,15,PM2.5_24h,乐山,76.0
20201111,15,PM10,乐山,100.0
20201111,15,PM10_24h,乐山,113.0
20201111,15,SO2,乐山,7.0
20201111,15,SO2_24h,乐山,8.0
20201111,15,NO2,乐山,24.0
20201111,15,NO2_24h,乐山,53.0
20201111,15,O3,乐山,116.0
20201111,15,O3_24h,乐山,131.0
20201111,15,O3_8h,乐山,47.0
20201111,15,O3_8h_24h,乐山,47.0
20201111,15,CO,乐山,0.85
20201111,15,CO_24h,乐山,1.03
20201111,16,AQI,乐山,91.0
20201111,16,PM2.5,乐山,68.0
20201111,16,PM2.5_24h,乐山,77.0
20201111,16,PM10,乐山,104.0
20201111,16,PM10_24h,乐山,114.0
20201111,16,SO2,乐山,6.0
20201111,16,SO2_24h,乐山,8.0
20201111,16,NO2,乐山,27.0
20201111,16,NO2_24h,乐山,54.0
20201111,16,O3,乐山,124.0
20201111,16,O3_24h,乐山,129.0
20201111,16,O3_8h,乐山,62.0
20201111,16,O3_8h_24h,乐山,62.0
20201111,16,CO,乐山,0.8
20201111,16,CO_24h,乐山,1.03
20201111,17,AQI,乐山,101.0
20201111,17,PM2.5,乐山,76.0
20201111,17,PM2.5_24h,乐山,78.0
20201111,17,PM10,乐山,106.0
20201111,17,PM10_24h,乐山,115.0
20201111,17,SO2,乐山,6.0
20201111,17,SO2_24h,乐山,8.0
20201111,17,NO2,乐山,30.0
20201111,17,NO2_24h,乐山,54.0
20201111,17,O3,乐山,117.0
20201111,17,O3_24h,乐山,124.0
20201111,17,O3_8h,乐山,77.0
20201111,17,O3_8h_24h,乐山,77.0
20201111,17,CO,乐山,0.9
20201111,17,CO_24h,乐山,1.03
20201111,18,AQI,乐山,113.0
20201111,18,PM2.5,乐山,85.0
20201111,18,PM2.5_24h,乐山,79.0
20201111,18,PM10,乐山,119.0
20201111,18,PM10_24h,乐山,116.0
20201111,18,SO2,乐山,7.0
20201111,18,SO2_24h,乐山,8.0
20201111,18,NO2,乐山,43.0
20201111,18,NO2_24h,乐山,55.0
20201111,18,O3,乐山,96.0
20201111,18,O3_24h,乐山,124.0
20201111,18,O3_8h,乐山,88.0
20201111,18,O3_8h_24h,乐山,88.0
20201111,18,CO,乐山,1.1
20201111,18,CO_24h,乐山,1.07
20201111,19,AQI,乐山,109.0
20201111,19,PM2.5,乐山,82.0
20201111,19,PM2.5_24h,乐山,79.0
20201111,19,PM10,乐山,119.0
20201111,19,PM10_24h,乐山,117.0
20201111,19,SO2,乐山,6.0
20201111,19,SO2_24h,乐山,8.0
20201111,19,NO2,乐山,47.0
20201111,19,NO2_24h,乐山,55.0
20201111,19,O3,乐山,93.0
20201111,19,O3_24h,乐山,124.0
20201111,19,O3_8h,乐山,97.0
20201111,19,O3_8h_24h,乐山,97.0
20201111,19,CO,乐山,1.1
20201111,19,CO_24h,乐山,1.07
20201111,20,AQI,乐山,111.0
20201111,20,PM2.5,乐山,84.0
20201111,20,PM2.5_24h,乐山,79.0
20201111,20,PM10,乐山,123.0
20201111,20,PM10_24h,乐山,118.0
20201111,20,SO2,乐山,6.0
20201111,20,SO2_24h,乐山,8.0
20201111,20,NO2,乐山,51.0
20201111,20,NO2_24h,乐山,54.0
20201111,20,O3,乐山,81.0
20201111,20,O3_24h,乐山,124.0
20201111,20,O3_8h,乐山,101.0
20201111,20,O3_8h_24h,乐山,101.0
20201111,20,CO,乐山,1.07
20201111,20,CO_24h,乐山,1.07
20201111,21,AQI,乐山,115.0
20201111,21,PM2.5,乐山,87.0
20201111,21,PM2.5_24h,乐山,80.0
20201111,21,PM10,乐山,126.0
20201111,21,PM10_24h,乐山,119.0
20201111,21,SO2,乐山,5.0
20201111,21,SO2_24h,乐山,8.0
20201111,21,NO2,乐山,45.0
20201111,21,NO2_24h,乐山,54.0
20201111,21,O3,乐山,76.0
20201111,21,O3_24h,乐山,124.0
20201111,21,O3_8h,乐山,100.0
20201111,21,O3_8h_24h,乐山,101.0
20201111,21,CO,乐山,1.13
20201111,21,CO_24h,乐山,1.07
20201111,22,AQI,乐山,111.0
20201111,22,PM2.5,乐山,84.0
20201111,22,PM2.5_24h,乐山,80.0
20201111,22,PM10,乐山,117.0
20201111,22,PM10_24h,乐山,118.0
20201111,22,SO2,乐山,6.0
20201111,22,SO2_24h,乐山,8.0
20201111,22,NO2,乐山,39.0
20201111,22,NO2_24h,乐山,54.0
20201111,22,O3,乐山,62.0
20201111,22,O3_24h,乐山,124.0
20201111,22,O3_8h,乐山,94.0
20201111,22,O3_8h_24h,乐山,101.0
20201111,22,CO,乐山,1.03
20201111,22,CO_24h,乐山,1.07
20201111,23,AQI,乐山,96.0
20201111,23,PM2.5,乐山,72.0
20201111,23,PM2.5_24h,乐山,79.0
20201111,23,PM10,乐山,104.0
20201111,23,PM10_24h,乐山,118.0
20201111,23,SO2,乐山,12.0
20201111,23,SO2_24h,乐山,8.0
20201111,23,NO2,乐山,35.0
20201111,23,NO2_24h,乐山,53.0
20201111,23,O3,乐山,53.0
20201111,23,O3_24h,乐山,124.0
20201111,23,O3_8h,乐山,88.0
20201111,23,O3_8h_24h,乐山,101.0
20201111,23,CO,乐山,1.0
20201111,23,CO_24h,乐山,1.07
20201111,0,AQI,眉山,114.0
20201111,0,PM2.5,眉山,86.0
20201111,0,PM2.5_24h,眉山,69.0
20201111,0,PM10,眉山,132.0
20201111,0,PM10_24h,眉山,113.0
20201111,0,SO2,眉山,11.0
20201111,0,SO2_24h,眉山,13.0
20201111,0,NO2,眉山,82.0
20201111,0,NO2_24h,眉山,57.0
20201111,0,O3,眉山,7.0
20201111,0,O3_24h,眉山,133.0
20201111,0,O3_8h,眉山,58.0
20201111,0,O3_8h_24h,眉山,99.0
20201111,0,CO,眉山,1.07
20201111,0,CO_24h,眉山,1.03
20201111,1,AQI,眉山,104.0
20201111,1,PM2.5,眉山,78.0
20201111,1,PM2.5_24h,眉山,69.0
20201111,1,PM10,眉山,137.0
20201111,1,PM10_24h,眉山,114.0
20201111,1,SO2,眉山,13.0
20201111,1,SO2_24h,眉山,13.0
20201111,1,NO2,眉山,92.0
20201111,1,NO2_24h,眉山,58.0
20201111,1,O3,眉山,4.0
20201111,1,O3_24h,眉山,133.0
20201111,1,O3_8h,眉山,4.0
20201111,1,O3_8h_24h,眉山,4.0
20201111,1,CO,眉山,1.2
20201111,1,CO_24h,眉山,1.03
20201111,2,AQI,眉山,111.0
20201111,2,PM2.5,眉山,84.0
20201111,2,PM2.5_24h,眉山,70.0
20201111,2,PM10,眉山,142.0
20201111,2,PM10_24h,眉山,115.0
20201111,2,SO2,眉山,12.0
20201111,2,SO2_24h,眉山,13.0
20201111,2,NO2,眉山,92.0
20201111,2,NO2_24h,眉山,59.0
20201111,2,O3,眉山,4.0
20201111,2,O3_24h,眉山,133.0
20201111,2,O3_8h,眉山,4.0
20201111,2,O3_8h_24h,眉山,4.0
20201111,2,CO,眉山,1.17
20201111,2,CO_24h,眉山,1.03
20201111,3,AQI,眉山,99.0
20201111,3,PM2.5,眉山,74.0
20201111,3,PM2.5_24h,眉山,70.0
20201111,3,PM10,眉山,134.0
20201111,3,PM10_24h,眉山,116.0
20201111,3,SO2,眉山,11.0
20201111,3,SO2_24h,眉山,13.0
20201111,3,NO2,眉山,82.0
20201111,3,NO2_24h,眉山,60.0
20201111,3,O3,眉山,3.0
20201111,3,O3_24h,眉山,133.0
20201111,3,O3_8h,眉山,4.0
20201111,3,O3_8h_24h,眉山,4.0
20201111,3,CO,眉山,1.17
20201111,3,CO_24h,眉山,1.03
20201111,4,AQI,眉山,103.0
20201111,4,PM2.5,眉山,77.0
20201111,4,PM2.5_24h,眉山,71.0
20201111,4,PM10,眉山,126.0
20201111,4,PM10_24h,眉山,117.0
20201111,4,SO2,眉山,11.0
20201111,4,SO2_24h,眉山,13.0
20201111,4,NO2,眉山,71.0
20201111,4,NO2_24h,眉山,60.0
20201111,4,O3,眉山,3.0
20201111,4,O3_24h,眉山,133.0
20201111,4,O3_8h,眉山,4.0
20201111,4,O3_8h_24h,眉山,4.0
20201111,4,CO,眉山,1.1
20201111,4,CO_24h,眉山,1.03
20201111,5,AQI,眉山,106.0
20201111,5,PM2.5,眉山,80.0
20201111,5,PM2.5_24h,眉山,72.0
20201111,5,PM10,眉山,121.0
20201111,5,PM10_24h,眉山,118.0
20201111,5,SO2,眉山,11.0
20201111,5,SO2_24h,眉山,13.0
20201111,5,NO2,眉山,64.0
20201111,5,NO2_24h,眉山,60.0
20201111,5,O3,眉山,4.0
20201111,5,O3_24h,眉山,133.0
20201111,5,O3_8h,眉山,4.0
20201111,5,O3_8h_24h,眉山,4.0
20201111,5,CO,眉山,1.1
20201111,5,CO_24h,眉山,1.03
20201111,6,AQI,眉山,119.0
20201111,6,PM2.5,眉山,90.0
20201111,6,PM2.5_24h,眉山,73.0
20201111,6,PM10,眉山,132.0
20201111,6,PM10_24h,眉山,119.0
20201111,6,SO2,眉山,11.0
20201111,6,SO2_24h,眉山,13.0
20201111,6,NO2,眉山,60.0
20201111,6,NO2_24h,眉山,61.0
20201111,6,O3,眉山,4.0
20201111,6,O3_24h,眉山,133.0
20201111,6,O3_8h,眉山,4.0
20201111,6,O3_8h_24h,眉山,4.0
20201111,6,CO,眉山,1.1
20201111,6,CO_24h,眉山,1.03
20201111,7,AQI,眉山,99.0
20201111,7,PM2.5,眉山,74.0
20201111,7,PM2.5_24h,眉山,69.0
20201111,7,PM10,眉山,121.0
20201111,7,PM10_24h,眉山,118.0
20201111,7,SO2,眉山,8.0
20201111,7,SO2_24h,眉山,10.0
20201111,7,NO2,眉山,57.0
20201111,7,NO2_24h,眉山,64.0
20201111,7,O3,眉山,5.0
20201111,7,O3_24h,眉山,136.0
20201111,7,O3_8h,眉山,5.0
20201111,7,O3_8h_24h,眉山,5.0
20201111,7,CO,眉山,1.1
20201111,7,CO_24h,眉山,1.0
20201111,8,AQI,眉山,129.0
20201111,8,PM2.5,眉山,98.0
20201111,8,PM2.5_24h,眉山,75.0
20201111,8,PM10,眉山,141.0
20201111,8,PM10_24h,眉山,123.0
20201111,8,SO2,眉山,11.0
20201111,8,SO2_24h,眉山,14.0
20201111,8,NO2,眉山,53.0
20201111,8,NO2_24h,眉山,61.0
20201111,8,O3,眉山,4.0
20201111,8,O3_24h,眉山,133.0
20201111,8,O3_8h,眉山,4.0
20201111,8,O3_8h_24h,眉山,4.0
20201111,8,CO,眉山,1.2
20201111,8,CO_24h,眉山,1.07
20201111,10,AQI,眉山,119.0
20201111,10,PM2.5,眉山,90.0
20201111,10,PM2.5_24h,眉山,78.0
20201111,10,PM10,眉山,155.0
20201111,10,PM10_24h,眉山,125.0
20201111,10,SO2,眉山,14.0
20201111,10,SO2_24h,眉山,13.0
20201111,10,NO2,眉山,54.0
20201111,10,NO2_24h,眉山,61.0
20201111,10,O3,眉山,14.0
20201111,10,O3_24h,眉山,133.0
20201111,10,O3_8h,眉山,5.0
20201111,10,O3_8h_24h,眉山,5.0
20201111,10,CO,眉山,1.2
20201111,10,CO_24h,眉山,1.07
20201111,11,AQI,眉山,105.0
20201111,11,PM2.5,眉山,79.0
20201111,11,PM2.5_24h,眉山,79.0
20201111,11,PM10,眉山,116.0
20201111,11,PM10_24h,眉山,125.0
20201111,11,SO2,眉山,15.0
20201111,11,SO2_24h,眉山,13.0
20201111,11,NO2,眉山,45.0
20201111,11,NO2_24h,眉山,61.0
20201111,11,O3,眉山,39.0
20201111,11,O3_24h,眉山,133.0
20201111,11,O3_8h,眉山,10.0
20201111,11,O3_8h_24h,眉山,10.0
20201111,11,CO,眉山,1.03
20201111,11,CO_24h,眉山,1.07
20201111,12,AQI,眉山,104.0
20201111,12,PM2.5,眉山,78.0
20201111,12,PM2.5_24h,眉山,79.0
20201111,12,PM10,眉山,123.0
20201111,12,PM10_24h,眉山,124.0
20201111,12,SO2,眉山,12.0
20201111,12,SO2_24h,眉山,13.0
20201111,12,NO2,眉山,37.0
20201111,12,NO2_24h,眉山,59.0
20201111,12,O3,眉山,71.0
20201111,12,O3_24h,眉山,133.0
20201111,12,O3_8h,眉山,16.0
20201111,12,O3_8h_24h,眉山,16.0
20201111,12,CO,眉山,0.95
20201111,12,CO_24h,眉山,1.07
20201111,13,AQI,眉山,91.0
20201111,13,PM2.5,眉山,68.0
20201111,13,PM2.5_24h,眉山,79.0
20201111,13,PM10,眉山,118.0
20201111,13,PM10_24h,眉山,124.0
20201111,13,SO2,眉山,11.0
20201111,13,SO2_24h,眉山,13.0
20201111,13,NO2,眉山,29.0
20201111,13,NO2_24h,眉山,58.0
20201111,13,O3,眉山,87.0
20201111,13,O3_24h,眉山,133.0
20201111,13,O3_8h,眉山,26.0
20201111,13,O3_8h_24h,眉山,26.0
20201111,13,CO,眉山,0.93
20201111,13,CO_24h,眉山,1.03
20201111,14,AQI,眉山,91.0
20201111,14,PM2.5,眉山,68.0
20201111,14,PM2.5_24h,眉山,80.0
20201111,14,PM10,眉山,94.0
20201111,14,PM10_24h,眉山,125.0
20201111,14,SO2,眉山,12.0
20201111,14,SO2_24h,眉山,12.0
20201111,14,NO2,眉山,29.0
20201111,14,NO2_24h,眉山,57.0
20201111,14,O3,眉山,105.0
20201111,14,O3_24h,眉山,133.0
20201111,14,O3_8h,眉山,40.0
20201111,14,O3_8h_24h,眉山,40.0
20201111,14,CO,眉山,0.9
20201111,14,CO_24h,眉山,1.03
20201111,15,AQI,眉山,90.0
20201111,15,PM2.5,眉山,67.0
20201111,15,PM2.5_24h,眉山,80.0
20201111,15,PM10,眉山,105.0
20201111,15,PM10_24h,眉山,125.0
20201111,15,SO2,眉山,12.0
20201111,15,SO2_24h,眉山,12.0
20201111,15,NO2,眉山,28.0
20201111,15,NO2_24h,眉山,57.0
20201111,15,O3,眉山,123.0
20201111,15,O3_24h,眉山,133.0
20201111,15,O3_8h,眉山,56.0
20201111,15,O3_8h_24h,眉山,56.0
20201111,15,CO,眉山,0.9
20201111,15,CO_24h,眉山,1.03
20201111,16,AQI,眉山,90.0
20201111,16,PM2.5,眉山,67.0
20201111,16,PM2.5_24h,眉山,80.0
20201111,16,PM10,眉山,101.0
20201111,16,PM10_24h,眉山,125.0
20201111,16,SO2,眉山,12.0
20201111,16,SO2_24h,眉山,11.0
20201111,16,NO2,眉山,29.0
20201111,16,NO2_24h,眉山,57.0
20201111,16,O3,眉山,137.0
20201111,16,O3_24h,眉山,137.0
20201111,16,O3_8h,眉山,73.0
20201111,16,O3_8h_24h,眉山,73.0
20201111,16,CO,眉山,0.83
20201111,16,CO_24h,眉山,1.03
20201111,17,AQI,眉山,100.0
20201111,17,PM2.5,眉山,75.0
20201111,17,PM2.5_24h,眉山,80.0
20201111,17,PM10,眉山,122.0
20201111,17,PM10_24h,眉山,126.0
20201111,17,SO2,眉山,10.0
20201111,17,SO2_24h,眉山,11.0
20201111,17,NO2,眉山,34.0
20201111,17,NO2_24h,眉山,57.0
20201111,17,O3,眉山,131.0
20201111,17,O3_24h,眉山,138.0
20201111,17,O3_8h,眉山,89.0
20201111,17,O3_8h_24h,眉山,89.0
20201111,17,CO,眉山,0.87
20201111,17,CO_24h,眉山,1.03
20201111,18,AQI,眉山,100.0
20201111,18,PM2.5,眉山,75.0
20201111,18,PM2.5_24h,眉山,80.0
20201111,18,PM10,眉山,121.0
20201111,18,PM10_24h,眉山,126.0
20201111,18,SO2,眉山,9.0
20201111,18,SO2_24h,眉山,11.0
20201111,18,NO2,眉山,40.0
20201111,18,NO2_24h,眉山,57.0
20201111,18,O3,眉山,116.0
20201111,18,O3_24h,眉山,138.0
20201111,18,O3_8h,眉山,103.0
20201111,18,O3_8h_24h,眉山,103.0
20201111,18,CO,眉山,0.9
20201111,18,CO_24h,眉山,1.03
20201111,19,AQI,眉山,91.0
20201111,19,PM2.5,眉山,67.0
20201111,19,PM2.5_24h,眉山,80.0
20201111,19,PM10,眉山,131.0
20201111,19,PM10_24h,眉山,126.0
20201111,19,SO2,眉山,9.0
20201111,19,SO2_24h,眉山,11.0
20201111,19,NO2,眉山,41.0
20201111,19,NO2_24h,眉山,56.0
20201111,19,O3,眉山,82.0
20201111,19,O3_24h,眉山,138.0
20201111,19,O3_8h,眉山,108.0
20201111,19,O3_8h_24h,眉山,108.0
20201111,19,CO,眉山,0.93
20201111,19,CO_24h,眉山,1.03
20201111,20,AQI,眉山,96.0
20201111,20,PM2.5,眉山,72.0
20201111,20,PM2.5_24h,眉山,79.0
20201111,20,PM10,眉山,106.0
20201111,20,PM10_24h,眉山,125.0
20201111,20,SO2,眉山,8.0
20201111,20,SO2_24h,眉山,11.0
20201111,20,NO2,眉山,45.0
20201111,20,NO2_24h,眉山,55.0
20201111,20,O3,眉山,52.0
20201111,20,O3_24h,眉山,138.0
20201111,20,O3_8h,眉山,104.0
20201111,20,O3_8h_24h,眉山,108.0
20201111,20,CO,眉山,0.97
20201111,20,CO_24h,眉山,1.03
20201111,21,AQI,眉山,94.0
20201111,21,PM2.5,眉山,70.0
20201111,21,PM2.5_24h,眉山,78.0
20201111,21,PM10,眉山,108.0
20201111,21,PM10_24h,眉山,125.0
20201111,21,SO2,眉山,9.0
20201111,21,SO2_24h,眉山,11.0
20201111,21,NO2,眉山,49.0
20201111,21,NO2_24h,眉山,54.0
20201111,21,O3,眉山,32.0
20201111,21,O3_24h,眉山,138.0
20201111,21,O3_8h,眉山,97.0
20201111,21,O3_8h_24h,眉山,108.0
20201111,21,CO,眉山,0.97
20201111,21,CO_24h,眉山,1.03
20201111,22,AQI,眉山,103.0
20201111,22,PM2.5,眉山,77.0
20201111,22,PM2.5_24h,眉山,78.0
20201111,22,PM10,眉山,100.0
20201111,22,PM10_24h,眉山,123.0
20201111,22,SO2,眉山,9.0
20201111,22,SO2_24h,眉山,11.0
20201111,22,NO2,眉山,51.0
20201111,22,NO2_24h,眉山,53.0
20201111,22,O3,眉山,22.0
20201111,22,O3_24h,眉山,138.0
20201111,22,O3_8h,眉山,87.0
20201111,22,O3_8h_24h,眉山,108.0
20201111,22,CO,眉山,1.0
20201111,22,CO_24h,眉山,1.03
20201111,23,AQI,眉山,94.0
20201111,23,PM2.5,眉山,70.0
20201111,23,PM2.5_24h,眉山,78.0
20201111,23,PM10,眉山,106.0
20201111,23,PM10_24h,眉山,123.0
20201111,23,SO2,眉山,9.0
20201111,23,SO2_24h,眉山,11.0
20201111,23,NO2,眉山,51.0
20201111,23,NO2_24h,眉山,53.0
20201111,23,O3,眉山,22.0
20201111,23,O3_24h,眉山,138.0
20201111,23,O3_8h,眉山,74.0
20201111,23,O3_8h_24h,眉山,108.0
20201111,23,CO,眉山,1.0
20201111,23,CO_24h,眉山,1.03
20201111,0,AQI,广安,80.0
20201111,0,PM2.5,广安,59.0
20201111,0,PM2.5_24h,广安,54.0
20201111,0,PM10,广安,91.0
20201111,0,PM10_24h,广安,80.0
20201111,0,SO2,广安,5.0
20201111,0,SO2_24h,广安,5.0
20201111,0,NO2,广安,34.0
20201111,0,NO2_24h,广安,33.0
20201111,0,O3,广安,62.0
20201111,0,O3_24h,广安,139.0
20201111,0,O3_8h,广安,71.0
20201111,0,O3_8h_24h,广安,110.0
20201111,0,CO,广安,0.8
20201111,0,CO_24h,广安,0.9
20201111,1,AQI,广安,79.0
20201111,1,PM2.5,广安,58.0
20201111,1,PM2.5_24h,广安,53.0
20201111,1,PM10,广安,85.0
20201111,1,PM10_24h,广安,80.0
20201111,1,SO2,广安,4.0
20201111,1,SO2_24h,广安,5.0
20201111,1,NO2,广安,34.0
20201111,1,NO2_24h,广安,33.0
20201111,1,O3,广安,44.0
20201111,1,O3_24h,广安,139.0
20201111,1,O3_8h,广安,44.0
20201111,1,O3_8h_24h,广安,44.0
20201111,1,CO,广安,0.77
20201111,1,CO_24h,广安,0.9
20201111,2,AQI,广安,78.0
20201111,2,PM2.5,广安,57.0
20201111,2,PM2.5_24h,广安,53.0
20201111,2,PM10,广安,83.0
20201111,2,PM10_24h,广安,80.0
20201111,2,SO2,广安,3.0
20201111,2,SO2_24h,广安,5.0
20201111,2,NO2,广安,41.0
20201111,2,NO2_24h,广安,33.0
20201111,2,O3,广安,16.0
20201111,2,O3_24h,广安,139.0
20201111,2,O3_8h,广安,30.0
20201111,2,O3_8h_24h,广安,44.0
20201111,2,CO,广安,0.8
20201111,2,CO_24h,广安,0.9
20201111,3,AQI,广安,75.0
20201111,3,PM2.5,广安,55.0
20201111,3,PM2.5_24h,广安,52.0
20201111,3,PM10,广安,84.0
20201111,3,PM10_24h,广安,79.0
20201111,3,SO2,广安,3.0
20201111,3,SO2_24h,广安,5.0
20201111,3,NO2,广安,28.0
20201111,3,NO2_24h,广安,34.0
20201111,3,O3,广安,25.0
20201111,3,O3_24h,广安,139.0
20201111,3,O3_8h,广安,28.0
20201111,3,O3_8h_24h,广安,44.0
20201111,3,CO,广安,0.7
20201111,3,CO_24h,广安,0.9
20201111,4,AQI,广安,75.0
20201111,4,PM2.5,广安,55.0
20201111,4,PM2.5_24h,广安,52.0
20201111,4,PM10,广安,79.0
20201111,4,PM10_24h,广安,79.0
20201111,4,SO2,广安,3.0
20201111,4,SO2_24h,广安,5.0
20201111,4,NO2,广安,26.0
20201111,4,NO2_24h,广安,34.0
20201111,4,O3,广安,19.0
20201111,4,O3_24h,广安,139.0
20201111,4,O3_8h,广安,26.0
20201111,4,O3_8h_24h,广安,44.0
20201111,4,CO,广安,0.7
20201111,4,CO_24h,广安,0.9
20201111,5,AQI,广安,74.0
20201111,5,PM2.5,广安,54.0
20201111,5,PM2.5_24h,广安,51.0
20201111,5,PM10,广安,73.0
20201111,5,PM10_24h,广安,79.0
20201111,5,SO2,广安,3.0
20201111,5,SO2_24h,广安,5.0
20201111,5,NO2,广安,24.0
20201111,5,NO2_24h,广安,34.0
20201111,5,O3,广安,14.0
20201111,5,O3_24h,广安,139.0
20201111,5,O3_8h,广安,24.0
20201111,5,O3_8h_24h,广安,44.0
20201111,5,CO,广安,0.7
20201111,5,CO_24h,广安,0.88
20201111,6,AQI,广安,71.0
20201111,6,PM2.5,广安,52.0
20201111,6,PM2.5_24h,广安,51.0
20201111,6,PM10,广安,68.0
20201111,6,PM10_24h,广安,78.0
20201111,6,SO2,广安,3.0
20201111,6,SO2_24h,广安,5.0
20201111,6,NO2,广安,22.0
20201111,6,NO2_24h,广安,34.0
20201111,6,O3,广安,11.0
20201111,6,O3_24h,广安,139.0
20201111,6,O3_8h,广安,22.0
20201111,6,O3_8h_24h,广安,44.0
20201111,6,CO,广安,0.68
20201111,6,CO_24h,广安,0.88
20201111,8,AQI,广安,61.0
20201111,8,PM2.5,广安,44.0
20201111,8,PM2.5_24h,广安,50.0
20201111,8,PM10,广安,66.0
20201111,8,PM10_24h,广安,77.0
20201111,8,SO2,广安,3.0
20201111,8,SO2_24h,广安,5.0
20201111,8,NO2,广安,29.0
20201111,8,NO2_24h,广安,34.0
20201111,8,O3,广安,6.0
20201111,8,O3_24h,广安,139.0
20201111,8,O3_8h,广安,18.0
20201111,8,O3_8h_24h,广安,44.0
20201111,8,CO,广安,0.92
20201111,8,CO_24h,广安,0.85
20201111,10,AQI,广安,61.0
20201111,10,PM2.5,广安,42.0
20201111,10,PM2.5_24h,广安,49.0
20201111,10,PM10,广安,71.0
20201111,10,PM10_24h,广安,76.0
20201111,10,SO2,广安,5.0
20201111,10,SO2_24h,广安,5.0
20201111,10,NO2,广安,34.0
20201111,10,NO2_24h,广安,34.0
20201111,10,O3,广安,23.0
20201111,10,O3_24h,广安,139.0
20201111,10,O3_8h,广安,15.0
20201111,10,O3_8h_24h,广安,44.0
20201111,10,CO,广安,1.0
20201111,10,CO_24h,广安,0.85
20201111,11,AQI,广安,64.0
20201111,11,PM2.5,广安,38.0
20201111,11,PM2.5_24h,广安,48.0
20201111,11,PM10,广安,78.0
20201111,11,PM10_24h,广安,76.0
20201111,11,SO2,广安,7.0
20201111,11,SO2_24h,广安,5.0
20201111,11,NO2,广安,37.0
20201111,11,NO2_24h,广安,35.0
20201111,11,O3,广安,42.0
20201111,11,O3_24h,广安,139.0
20201111,11,O3_8h,广安,16.0
20201111,11,O3_8h_24h,广安,44.0
20201111,11,CO,广安,0.9
20201111,11,CO_24h,广安,0.83
20201111,12,AQI,广安,61.0
20201111,12,PM2.5,广安,38.0
20201111,12,PM2.5_24h,广安,48.0
20201111,12,PM10,广安,71.0
20201111,12,PM10_24h,广安,76.0
20201111,12,SO2,广安,7.0
20201111,12,SO2_24h,广安,5.0
20201111,12,NO2,广安,38.0
20201111,12,NO2_24h,广安,35.0
20201111,12,O3,广安,58.0
20201111,12,O3_24h,广安,139.0
20201111,12,O3_8h,广安,21.0
20201111,12,O3_8h_24h,广安,44.0
20201111,12,CO,广安,0.8
20201111,12,CO_24h,广安,0.8
20201111,13,AQI,广安,60.0
20201111,13,PM2.5,广安,35.0
20201111,13,PM2.5_24h,广安,47.0
20201111,13,PM10,广安,70.0
20201111,13,PM10_24h,广安,76.0
20201111,13,SO2,广安,9.0
20201111,13,SO2_24h,广安,5.0
20201111,13,NO2,广安,41.0
20201111,13,NO2_24h,广安,36.0
20201111,13,O3,广安,73.0
20201111,13,O3_24h,广安,139.0
20201111,13,O3_8h,广安,29.0
20201111,13,O3_8h_24h,广安,44.0
20201111,13,CO,广安,0.8
20201111,13,CO_24h,广安,0.8
20201111,14,AQI,广安,61.0
20201111,14,PM2.5,广安,34.0
20201111,14,PM2.5_24h,广安,47.0
20201111,14,PM10,广安,72.0
20201111,14,PM10_24h,广安,76.0
20201111,14,SO2,广安,9.0
20201111,14,SO2_24h,广安,5.0
20201111,14,NO2,广安,40.0
20201111,14,NO2_24h,广安,36.0
20201111,14,O3,广安,82.0
20201111,14,O3_24h,广安,139.0
20201111,14,O3_8h,广安,38.0
20201111,14,O3_8h_24h,广安,46.0
20201111,14,CO,广安,0.7
20201111,14,CO_24h,广安,0.8
20201111,15,AQI,广安,57.0
20201111,15,PM2.5,广安,30.0
20201111,15,PM2.5_24h,广安,47.0
20201111,15,PM10,广安,64.0
20201111,15,PM10_24h,广安,76.0
20201111,15,SO2,广安,8.0
20201111,15,SO2_24h,广安,5.0
20201111,15,NO2,广安,24.0
20201111,15,NO2_24h,广安,37.0
20201111,15,O3,广安,115.0
20201111,15,O3_24h,广安,139.0
20201111,15,O3_8h,广安,52.0
20201111,15,O3_8h_24h,广安,53.0
20201111,15,CO,广安,0.55
20201111,15,CO_24h,广安,0.8
20201111,16,AQI,广安,44.0
20201111,16,PM2.5,广安,22.0
20201111,16,PM2.5_24h,广安,47.0
20201111,16,PM10,广安,44.0
20201111,16,PM10_24h,广安,76.0
20201111,16,SO2,广安,7.0
20201111,16,SO2_24h,广安,5.0
20201111,16,NO2,广安,17.0
20201111,16,NO2_24h,广安,37.0
20201111,16,O3,广安,122.0
20201111,16,O3_24h,广安,135.0
20201111,16,O3_8h,广安,67.0
20201111,16,O3_8h_24h,广安,67.0
20201111,16,CO,广安,0.48
20201111,16,CO_24h,广安,0.8
20201111,17,AQI,广安,41.0
20201111,17,PM2.5,广安,20.0
20201111,17,PM2.5_24h,广安,46.0
20201111,17,PM10,广安,41.0
20201111,17,PM10_24h,广安,75.0
20201111,17,SO2,广安,7.0
20201111,17,SO2_24h,广安,5.0
20201111,17,NO2,广安,20.0
20201111,17,NO2_24h,广安,36.0
20201111,17,O3,广安,122.0
20201111,17,O3_24h,广安,127.0
20201111,17,O3_8h,广安,81.0
20201111,17,O3_8h_24h,广安,81.0
20201111,17,CO,广安,0.48
20201111,17,CO_24h,广安,0.8
20201111,18,AQI,广安,51.0
20201111,18,PM2.5,广安,26.0
20201111,18,PM2.5_24h,广安,46.0
20201111,18,PM10,广安,51.0
20201111,18,PM10_24h,广安,74.0
20201111,18,SO2,广安,6.0
20201111,18,SO2_24h,广安,5.0
20201111,18,NO2,广安,34.0
20201111,18,NO2_24h,广安,36.0
20201111,18,O3,广安,100.0
20201111,18,O3_24h,广安,124.0
20201111,18,O3_8h,广安,91.0
20201111,18,O3_8h_24h,广安,91.0
20201111,18,CO,广安,0.63
20201111,18,CO_24h,广安,0.8
20201111,19,AQI,广安,61.0
20201111,19,PM2.5,广安,40.0
20201111,19,PM2.5_24h,广安,45.0
20201111,19,PM10,广安,72.0
20201111,19,PM10_24h,广安,74.0
20201111,19,SO2,广安,4.0
20201111,19,SO2_24h,广安,5.0
20201111,19,NO2,广安,81.0
20201111,19,NO2_24h,广安,37.0
20201111,19,O3,广安,28.0
20201111,19,O3_24h,广安,124.0
20201111,19,O3_8h,广安,88.0
20201111,19,O3_8h_24h,广安,92.0
20201111,19,CO,广安,1.27
20201111,19,CO_24h,广安,0.83
20201111,20,AQI,广安,73.0
20201111,20,PM2.5,广安,53.0
20201111,20,PM2.5_24h,广安,45.0
20201111,20,PM10,广安,95.0
20201111,20,PM10_24h,广安,74.0
20201111,20,SO2,广安,5.0
20201111,20,SO2_24h,广安,5.0
20201111,20,NO2,广安,78.0
20201111,20,NO2_24h,广安,38.0
20201111,20,O3,广安,26.0
20201111,20,O3_24h,广安,124.0
20201111,20,O3_8h,广安,84.0
20201111,20,O3_8h_24h,广安,92.0
20201111,20,CO,广安,1.32
20201111,20,CO_24h,广安,0.83
20201111,21,AQI,广安,85.0
20201111,21,PM2.5,广安,63.0
20201111,21,PM2.5_24h,广安,46.0
20201111,21,PM10,广安,100.0
20201111,21,PM10_24h,广安,74.0
20201111,21,SO2,广安,4.0
20201111,21,SO2_24h,广安,5.0
20201111,21,NO2,广安,70.0
20201111,21,NO2_24h,广安,38.0
20201111,21,O3,广安,21.0
20201111,21,O3_24h,广安,124.0
20201111,21,O3_8h,广安,77.0
20201111,21,O3_8h_24h,广安,92.0
20201111,21,CO,广安,1.17
20201111,21,CO_24h,广安,0.83
20201111,22,AQI,广安,86.0
20201111,22,PM2.5,广安,64.0
20201111,22,PM2.5_24h,广安,46.0
20201111,22,PM10,广安,103.0
20201111,22,PM10_24h,广安,74.0
20201111,22,SO2,广安,4.0
20201111,22,SO2_24h,广安,5.0
20201111,22,NO2,广安,66.0
20201111,22,NO2_24h,广安,38.0
20201111,22,O3,广安,16.0
20201111,22,O3_24h,广安,124.0
20201111,22,O3_8h,广安,69.0
20201111,22,O3_8h_24h,广安,92.0
20201111,22,CO,广安,1.1
20201111,22,CO_24h,广安,0.83
20201111,23,AQI,广安,73.0
20201111,23,PM2.5,广安,53.0
20201111,23,PM2.5_24h,广安,45.0
20201111,23,PM10,广安,95.0
20201111,23,PM10_24h,广安,74.0
20201111,23,SO2,广安,4.0
20201111,23,SO2_24h,广安,5.0
20201111,23,NO2,广安,55.0
20201111,23,NO2_24h,广安,39.0
20201111,23,O3,广安,25.0
20201111,23,O3_24h,广安,124.0
20201111,23,O3_8h,广安,58.0
20201111,23,O3_8h_24h,广安,92.0
20201111,23,CO,广安,0.85
20201111,23,CO_24h,广安,0.85
20201111,0,AQI,达州,81.0
20201111,0,PM2.5,达州,60.0
20201111,0,PM2.5_24h,达州,60.0
20201111,0,PM10,达州,110.0
20201111,0,PM10_24h,达州,100.0
20201111,0,SO2,达州,9.0
20201111,0,SO2_24h,达州,12.0
20201111,0,NO2,达州,56.0
20201111,0,NO2_24h,达州,46.0
20201111,0,O3,达州,34.0
20201111,0,O3_24h,达州,104.0
20201111,0,O3_8h,达州,38.0
20201111,0,O3_8h_24h,达州,72.0
20201111,0,CO,达州,0.6
20201111,0,CO_24h,达州,0.75
20201111,1,AQI,达州,76.0
20201111,1,PM2.5,达州,56.0
20201111,1,PM2.5_24h,达州,60.0
20201111,1,PM10,达州,89.0
20201111,1,PM10_24h,达州,99.0
20201111,1,SO2,达州,9.0
20201111,1,SO2_24h,达州,12.0
20201111,1,NO2,达州,52.0
20201111,1,NO2_24h,达州,46.0
20201111,1,O3,达州,24.0
20201111,1,O3_24h,达州,104.0
20201111,1,O3_8h,达州,24.0
20201111,1,O3_8h_24h,达州,24.0
20201111,1,CO,达州,0.53
20201111,1,CO_24h,达州,0.75
20201111,2,AQI,达州,70.0
20201111,2,PM2.5,达州,51.0
20201111,2,PM2.5_24h,达州,59.0
20201111,2,PM10,达州,84.0
20201111,2,PM10_24h,达州,98.0
20201111,2,SO2,达州,9.0
20201111,2,SO2_24h,达州,12.0
20201111,2,NO2,达州,46.0
20201111,2,NO2_24h,达州,46.0
20201111,2,O3,达州,26.0
20201111,2,O3_24h,达州,104.0
20201111,2,O3_8h,达州,25.0
20201111,2,O3_8h_24h,达州,26.0
20201111,2,CO,达州,0.5
20201111,2,CO_24h,达州,0.72
20201111,3,AQI,达州,71.0
20201111,3,PM2.5,达州,52.0
20201111,3,PM2.5_24h,达州,58.0
20201111,3,PM10,达州,75.0
20201111,3,PM10_24h,达州,98.0
20201111,3,SO2,达州,9.0
20201111,3,SO2_24h,达州,11.0
20201111,3,NO2,达州,44.0
20201111,3,NO2_24h,达州,47.0
20201111,3,O3,达州,27.0
20201111,3,O3_24h,达州,104.0
20201111,3,O3_8h,达州,26.0
20201111,3,O3_8h_24h,达州,26.0
20201111,3,CO,达州,0.43
20201111,3,CO_24h,达州,0.72
20201111,4,AQI,达州,71.0
20201111,4,PM2.5,达州,52.0
20201111,4,PM2.5_24h,达州,57.0
20201111,4,PM10,达州,72.0
20201111,4,PM10_24h,达州,97.0
20201111,4,SO2,达州,8.0
20201111,4,SO2_24h,达州,11.0
20201111,4,NO2,达州,41.0
20201111,4,NO2_24h,达州,47.0
20201111,4,O3,达州,29.0
20201111,4,O3_24h,达州,104.0
20201111,4,O3_8h,达州,26.0
20201111,4,O3_8h_24h,达州,27.0
20201111,4,CO,达州,0.4
20201111,4,CO_24h,达州,0.72
20201111,5,AQI,达州,66.0
20201111,5,PM2.5,达州,48.0
20201111,5,PM2.5_24h,达州,57.0
20201111,5,PM10,达州,69.0
20201111,5,PM10_24h,达州,97.0
20201111,5,SO2,达州,7.0
20201111,5,SO2_24h,达州,11.0
20201111,5,NO2,达州,40.0
20201111,5,NO2_24h,达州,48.0
20201111,5,O3,达州,26.0
20201111,5,O3_24h,达州,104.0
20201111,5,O3_8h,达州,27.0
20201111,5,O3_8h_24h,达州,27.0
20201111,5,CO,达州,0.4
20201111,5,CO_24h,达州,0.7
20201111,6,AQI,达州,65.0
20201111,6,PM2.5,达州,47.0
20201111,6,PM2.5_24h,达州,56.0
20201111,6,PM10,达州,67.0
20201111,6,PM10_24h,达州,96.0
20201111,6,SO2,达州,10.0
20201111,6,SO2_24h,达州,11.0
20201111,6,NO2,达州,35.0
20201111,6,NO2_24h,达州,48.0
20201111,6,O3,达州,24.0
20201111,6,O3_24h,达州,104.0
20201111,6,O3_8h,达州,26.0
20201111,6,O3_8h_24h,达州,27.0
20201111,6,CO,达州,0.4
20201111,6,CO_24h,达州,0.68
20201111,8,AQI,达州,69.0
20201111,8,PM2.5,达州,50.0
20201111,8,PM2.5_24h,达州,55.0
20201111,8,PM10,达州,68.0
20201111,8,PM10_24h,达州,95.0
20201111,8,SO2,达州,9.0
20201111,8,SO2_24h,达州,10.0
20201111,8,NO2,达州,35.0
20201111,8,NO2_24h,达州,48.0
20201111,8,O3,达州,26.0
20201111,8,O3_24h,达州,104.0
20201111,8,O3_8h,达州,26.0
20201111,8,O3_8h_24h,达州,28.0
20201111,8,CO,达州,0.55
20201111,8,CO_24h,达州,0.68
20201111,10,AQI,达州,78.0
20201111,10,PM2.5,达州,57.0
20201111,10,PM2.5_24h,达州,55.0
20201111,10,PM10,达州,93.0
20201111,10,PM10_24h,达州,95.0
20201111,10,SO2,达州,10.0
20201111,10,SO2_24h,达州,10.0
20201111,10,NO2,达州,38.0
20201111,10,NO2_24h,达州,49.0
20201111,10,O3,达州,27.0
20201111,10,O3_24h,达州,104.0
20201111,10,O3_8h,达州,27.0
20201111,10,O3_8h_24h,达州,28.0
20201111,10,CO,达州,0.6
20201111,10,CO_24h,达州,0.65
20201111,11,AQI,达州,71.0
20201111,11,PM2.5,达州,47.0
20201111,11,PM2.5_24h,达州,54.0
20201111,11,PM10,达州,92.0
20201111,11,PM10_24h,达州,95.0
20201111,11,SO2,达州,7.0
20201111,11,SO2_24h,达州,9.0
20201111,11,NO2,达州,42.0
20201111,11,NO2_24h,达州,49.0
20201111,11,O3,达州,36.0
20201111,11,O3_24h,达州,104.0
20201111,11,O3_8h,达州,28.0
20201111,11,O3_8h_24h,达州,29.0
20201111,11,CO,达州,0.57
20201111,11,CO_24h,达州,0.65
20201111,12,AQI,达州,70.0
20201111,12,PM2.5,达州,51.0
20201111,12,PM2.5_24h,达州,54.0
20201111,12,PM10,达州,90.0
20201111,12,PM10_24h,达州,95.0
20201111,12,SO2,达州,6.0
20201111,12,SO2_24h,达州,9.0
20201111,12,NO2,达州,42.0
20201111,12,NO2_24h,达州,49.0
20201111,12,O3,达州,49.0
20201111,12,O3_24h,达州,104.0
20201111,12,O3_8h,达州,30.0
20201111,12,O3_8h_24h,达州,31.0
20201111,12,CO,达州,0.5
20201111,12,CO_24h,达州,0.65
20201111,13,AQI,达州,67.0
20201111,13,PM2.5,达州,41.0
20201111,13,PM2.5_24h,达州,53.0
20201111,13,PM10,达州,84.0
20201111,13,PM10_24h,达州,95.0
20201111,13,SO2,达州,7.0
20201111,13,SO2_24h,达州,9.0
20201111,13,NO2,达州,29.0
20201111,13,NO2_24h,达州,50.0
20201111,13,O3,达州,62.0
20201111,13,O3_24h,达州,104.0
20201111,13,O3_8h,达州,35.0
20201111,13,O3_8h_24h,达州,35.0
20201111,13,CO,达州,0.35
20201111,13,CO_24h,达州,0.65
20201111,14,AQI,达州,57.0
20201111,14,PM2.5,达州,34.0
20201111,14,PM2.5_24h,达州,53.0
20201111,14,PM10,达州,63.0
20201111,14,PM10_24h,达州,94.0
20201111,14,SO2,达州,10.0
20201111,14,SO2_24h,达州,9.0
20201111,14,NO2,达州,19.0
20201111,14,NO2_24h,达州,50.0
20201111,14,O3,达州,81.0
20201111,14,O3_24h,达州,104.0
20201111,14,O3_8h,达州,42.0
20201111,14,O3_8h_24h,达州,42.0
20201111,14,CO,达州,0.37
20201111,14,CO_24h,达州,0.65
20201111,15,AQI,达州,53.0
20201111,15,PM2.5,达州,28.0
20201111,15,PM2.5_24h,达州,52.0
20201111,15,PM10,达州,56.0
20201111,15,PM10_24h,达州,93.0
20201111,15,SO2,达州,13.0
20201111,15,SO2_24h,达州,9.0
20201111,15,NO2,达州,22.0
20201111,15,NO2_24h,达州,49.0
20201111,15,O3,达州,87.0
20201111,15,O3_24h,达州,104.0
20201111,15,O3_8h,达州,49.0
20201111,15,O3_8h_24h,达州,49.0
20201111,15,CO,达州,0.45
20201111,15,CO_24h,达州,0.65
20201111,16,AQI,达州,52.0
20201111,16,PM2.5,达州,25.0
20201111,16,PM2.5_24h,达州,52.0
20201111,16,PM10,达州,53.0
20201111,16,PM10_24h,达州,92.0
20201111,16,SO2,达州,9.0
20201111,16,SO2_24h,达州,9.0
20201111,16,NO2,达州,27.0
20201111,16,NO2_24h,达州,49.0
20201111,16,O3,达州,93.0
20201111,16,O3_24h,达州,95.0
20201111,16,O3_8h,达州,58.0
20201111,16,O3_8h_24h,达州,58.0
20201111,16,CO,达州,0.45
20201111,16,CO_24h,达州,0.65
20201111,17,AQI,达州,53.0
20201111,17,PM2.5,达州,27.0
20201111,17,PM2.5_24h,达州,51.0
20201111,17,PM10,达州,56.0
20201111,17,PM10_24h,达州,91.0
20201111,17,SO2,达州,9.0
20201111,17,SO2_24h,达州,9.0
20201111,17,NO2,达州,48.0
20201111,17,NO2_24h,达州,49.0
20201111,17,O3,达州,72.0
20201111,17,O3_24h,达州,95.0
20201111,17,O3_8h,达州,63.0
20201111,17,O3_8h_24h,达州,63.0
20201111,17,CO,达州,0.7
20201111,17,CO_24h,达州,0.65
20201111,18,AQI,达州,67.0
20201111,18,PM2.5,达州,37.0
20201111,18,PM2.5_24h,达州,51.0
20201111,18,PM10,达州,83.0
20201111,18,PM10_24h,达州,91.0
20201111,18,SO2,达州,15.0
20201111,18,SO2_24h,达州,9.0
20201111,18,NO2,达州,82.0
20201111,18,NO2_24h,达州,48.0
20201111,18,O3,达州,32.0
20201111,18,O3_24h,达州,95.0
20201111,18,O3_8h,达州,65.0
20201111,18,O3_8h_24h,达州,65.0
20201111,18,CO,达州,1.32
20201111,18,CO_24h,达州,0.65
20201111,19,AQI,达州,91.0
20201111,19,PM2.5,达州,46.0
20201111,19,PM2.5_24h,达州,51.0
20201111,19,PM10,达州,131.0
20201111,19,PM10_24h,达州,90.0
20201111,19,SO2,达州,19.0
20201111,19,SO2_24h,达州,9.0
20201111,19,NO2,达州,102.0
20201111,19,NO2_24h,达州,48.0
20201111,19,O3,达州,31.0
20201111,19,O3_24h,达州,95.0
20201111,19,O3_8h,达州,66.0
20201111,19,O3_8h_24h,达州,67.0
20201111,19,CO,达州,1.52
20201111,19,CO_24h,达州,0.65
20201111,20,AQI,达州,104.0
20201111,20,PM2.5,达州,66.0
20201111,20,PM2.5_24h,达州,51.0
20201111,20,PM10,达州,157.0
20201111,20,PM10_24h,达州,91.0
20201111,20,SO2,达州,11.0
20201111,20,SO2_24h,达州,9.0
20201111,20,NO2,达州,91.0
20201111,20,NO2_24h,达州,48.0
20201111,20,O3,达州,25.0
20201111,20,O3_24h,达州,95.0
20201111,20,O3_8h,达州,63.0
20201111,20,O3_8h_24h,达州,67.0
20201111,20,CO,达州,1.38
20201111,20,CO_24h,达州,0.65
20201111,21,AQI,达州,101.0
20201111,21,PM2.5,达州,71.0
20201111,21,PM2.5_24h,达州,50.0
20201111,21,PM10,达州,152.0
20201111,21,PM10_24h,达州,91.0
20201111,21,SO2,达州,10.0
20201111,21,SO2_24h,达州,9.0
20201111,21,NO2,达州,81.0
20201111,21,NO2_24h,达州,48.0
20201111,21,O3,达州,27.0
20201111,21,O3_24h,达州,95.0
20201111,21,O3_8h,达州,58.0
20201111,21,O3_8h_24h,达州,67.0
20201111,21,CO,达州,0.95
20201111,21,CO_24h,达州,0.63
20201111,22,AQI,达州,94.0
20201111,22,PM2.5,达州,64.0
20201111,22,PM2.5_24h,达州,50.0
20201111,22,PM10,达州,138.0
20201111,22,PM10_24h,达州,90.0
20201111,22,SO2,达州,10.0
20201111,22,SO2_24h,达州,10.0
20201111,22,NO2,达州,74.0
20201111,22,NO2_24h,达州,48.0
20201111,22,O3,达州,27.0
20201111,22,O3_24h,达州,95.0
20201111,22,O3_8h,达州,50.0
20201111,22,O3_8h_24h,达州,67.0
20201111,22,CO,达州,0.82
20201111,22,CO_24h,达州,0.65
20201111,23,AQI,达州,82.0
20201111,23,PM2.5,达州,58.0
20201111,23,PM2.5_24h,达州,49.0
20201111,23,PM10,达州,114.0
20201111,23,PM10_24h,达州,89.0
20201111,23,SO2,达州,10.0
20201111,23,SO2_24h,达州,10.0
20201111,23,NO2,达州,65.0
20201111,23,NO2_24h,达州,48.0
20201111,23,O3,达州,27.0
20201111,23,O3_24h,达州,95.0
20201111,23,O3_8h,达州,42.0
20201111,23,O3_8h_24h,达州,67.0
20201111,23,CO,达州,0.65
20201111,23,CO_24h,达州,0.63
20201111,0,AQI,雅安,90.0
20201111,0,PM2.5,雅安,67.0
20201111,0,PM2.5_24h,雅安,68.0
20201111,0,PM10,雅安,80.0
20201111,0,PM10_24h,雅安,84.0
20201111,0,SO2,雅安,6.0
20201111,0,SO2_24h,雅安,8.0
20201111,0,NO2,雅安,39.0
20201111,0,NO2_24h,雅安,35.0
20201111,0,O3,雅安,19.0
20201111,0,O3_24h,雅安,91.0
20201111,0,O3_8h,雅安,41.0
20201111,0,O3_8h_24h,雅安,65.0
20201111,0,CO,雅安,0.87
20201111,0,CO_24h,雅安,0.8
20201111,1,AQI,雅安,90.0
20201111,1,PM2.5,雅安,67.0
20201111,1,PM2.5_24h,雅安,69.0
20201111,1,PM10,雅安,82.0
20201111,1,PM10_24h,雅安,85.0
20201111,1,SO2,雅安,6.0
20201111,1,SO2_24h,雅安,8.0
20201111,1,NO2,雅安,36.0
20201111,1,NO2_24h,雅安,34.0
20201111,1,O3,雅安,18.0
20201111,1,O3_24h,雅安,91.0
20201111,1,O3_8h,雅安,18.0
20201111,1,O3_8h_24h,雅安,18.0
20201111,1,CO,雅安,0.83
20201111,1,CO_24h,雅安,0.8
20201111,2,AQI,雅安,94.0
20201111,2,PM2.5,雅安,70.0
20201111,2,PM2.5_24h,雅安,69.0
20201111,2,PM10,雅安,95.0
20201111,2,PM10_24h,雅安,85.0
20201111,2,SO2,雅安,5.0
20201111,2,SO2_24h,雅安,8.0
20201111,2,NO2,雅安,33.0
20201111,2,NO2_24h,雅安,34.0
20201111,2,O3,雅安,15.0
20201111,2,O3_24h,雅安,91.0
20201111,2,O3_8h,雅安,16.0
20201111,2,O3_8h_24h,雅安,18.0
20201111,2,CO,雅安,0.87
20201111,2,CO_24h,雅安,0.8
20201111,3,AQI,雅安,98.0
20201111,3,PM2.5,雅安,73.0
20201111,3,PM2.5_24h,雅安,69.0
20201111,3,PM10,雅安,94.0
20201111,3,PM10_24h,雅安,86.0
20201111,3,SO2,雅安,6.0
20201111,3,SO2_24h,雅安,8.0
20201111,3,NO2,雅安,37.0
20201111,3,NO2_24h,雅安,34.0
20201111,3,O3,雅安,12.0
20201111,3,O3_24h,雅安,91.0
20201111,3,O3_8h,雅安,15.0
20201111,3,O3_8h_24h,雅安,18.0
20201111,3,CO,雅安,0.8
20201111,3,CO_24h,雅安,0.83
20201111,4,AQI,雅安,100.0
20201111,4,PM2.5,雅安,75.0
20201111,4,PM2.5_24h,雅安,70.0
20201111,4,PM10,雅安,101.0
20201111,4,PM10_24h,雅安,87.0
20201111,4,SO2,雅安,6.0
20201111,4,SO2_24h,雅安,8.0
20201111,4,NO2,雅安,33.0
20201111,4,NO2_24h,雅安,35.0
20201111,4,O3,雅安,14.0
20201111,4,O3_24h,雅安,91.0
20201111,4,O3_8h,雅安,15.0
20201111,4,O3_8h_24h,雅安,18.0
20201111,4,CO,雅安,0.83
20201111,4,CO_24h,雅安,0.83
20201111,5,AQI,雅安,98.0
20201111,5,PM2.5,雅安,73.0
20201111,5,PM2.5_24h,雅安,70.0
20201111,5,PM10,雅安,89.0
20201111,5,PM10_24h,雅安,88.0
20201111,5,SO2,雅安,6.0
20201111,5,SO2_24h,雅安,8.0
20201111,5,NO2,雅安,33.0
20201111,5,NO2_24h,雅安,34.0
20201111,5,O3,雅安,13.0
20201111,5,O3_24h,雅安,91.0
20201111,5,O3_8h,雅安,15.0
20201111,5,O3_8h_24h,雅安,19.0
20201111,5,CO,雅安,0.8
20201111,5,CO_24h,雅安,0.83
20201111,6,AQI,雅安,109.0
20201111,6,PM2.5,雅安,82.0
20201111,6,PM2.5_24h,雅安,71.0
20201111,6,PM10,雅安,89.0
20201111,6,PM10_24h,雅安,89.0
20201111,6,SO2,雅安,7.0
20201111,6,SO2_24h,雅安,8.0
20201111,6,NO2,雅安,26.0
20201111,6,NO2_24h,雅安,35.0
20201111,6,O3,雅安,34.0
20201111,6,O3_24h,雅安,91.0
20201111,6,O3_8h,雅安,18.0
20201111,6,O3_8h_24h,雅安,21.0
20201111,6,CO,雅安,0.83
20201111,6,CO_24h,雅安,0.87
20201111,7,AQI,雅安,104.0
20201111,7,PM2.5,雅安,78.0
20201111,7,PM2.5_24h,雅安,72.0
20201111,7,PM10,雅安,79.0
20201111,7,PM10_24h,雅安,75.0
20201111,7,SO2,雅安,7.0
20201111,7,SO2_24h,雅安,8.0
20201111,7,NO2,雅安,24.0
20201111,7,NO2_24h,雅安,31.0
20201111,7,O3,雅安,27.0
20201111,7,O3_24h,雅安,93.0
20201111,7,O3_8h,雅安,19.0
20201111,7,O3_8h_24h,雅安,25.0
20201111,7,CO,雅安,0.8
20201111,7,CO_24h,雅安,0.8
20201111,8,AQI,雅安,104.0
20201111,8,PM2.5,雅安,78.0
20201111,8,PM2.5_24h,雅安,73.0
20201111,8,PM10,雅安,73.0
20201111,8,PM10_24h,雅安,91.0
20201111,8,SO2,雅安,7.0
20201111,8,SO2_24h,雅安,8.0
20201111,8,NO2,雅安,36.0
20201111,8,NO2_24h,雅安,36.0
20201111,8,O3,雅安,19.0
20201111,8,O3_24h,雅安,91.0
20201111,8,O3_8h,雅安,18.0
20201111,8,O3_8h_24h,雅安,21.0
20201111,8,CO,雅安,0.83
20201111,8,CO_24h,雅安,0.87
20201111,10,AQI,雅安,96.0
20201111,10,PM2.5,雅安,72.0
20201111,10,PM2.5_24h,雅安,74.0
20201111,10,PM10,雅安,85.0
20201111,10,PM10_24h,雅安,92.0
20201111,10,SO2,雅安,6.0
20201111,10,SO2_24h,雅安,8.0
20201111,10,NO2,雅安,36.0
20201111,10,NO2_24h,雅安,37.0
20201111,10,O3,雅安,21.0
20201111,10,O3_24h,雅安,91.0
20201111,10,O3_8h,雅安,19.0
20201111,10,O3_8h_24h,雅安,22.0
20201111,10,CO,雅安,0.9
20201111,10,CO_24h,雅安,0.87
20201111,11,AQI,雅安,98.0
20201111,11,PM2.5,雅安,73.0
20201111,11,PM2.5_24h,雅安,75.0
20201111,11,PM10,雅安,79.0
20201111,11,PM10_24h,雅安,92.0
20201111,11,SO2,雅安,6.0
20201111,11,SO2_24h,雅安,8.0
20201111,11,NO2,雅安,42.0
20201111,11,NO2_24h,雅安,37.0
20201111,11,O3,雅安,15.0
20201111,11,O3_24h,雅安,91.0
20201111,11,O3_8h,雅安,20.0
20201111,11,O3_8h_24h,雅安,23.0
20201111,11,CO,雅安,0.97
20201111,11,CO_24h,雅安,0.87
20201111,12,AQI,雅安,98.0
20201111,12,PM2.5,雅安,73.0
20201111,12,PM2.5_24h,雅安,75.0
20201111,12,PM10,雅安,92.0
20201111,12,PM10_24h,雅安,92.0
20201111,12,SO2,雅安,7.0
20201111,12,SO2_24h,雅安,8.0
20201111,12,NO2,雅安,39.0
20201111,12,NO2_24h,雅安,37.0
20201111,12,O3,雅安,29.0
20201111,12,O3_24h,雅安,91.0
20201111,12,O3_8h,雅安,21.0
20201111,12,O3_8h_24h,雅安,23.0
20201111,12,CO,雅安,0.93
20201111,12,CO_24h,雅安,0.87
20201111,13,AQI,雅安,99.0
20201111,13,PM2.5,雅安,74.0
20201111,13,PM2.5_24h,雅安,75.0
20201111,13,PM10,雅安,84.0
20201111,13,PM10_24h,雅安,92.0
20201111,13,SO2,雅安,6.0
20201111,13,SO2_24h,雅安,7.0
20201111,13,NO2,雅安,32.0
20201111,13,NO2_24h,雅安,37.0
20201111,13,O3,雅安,44.0
20201111,13,O3_24h,雅安,91.0
20201111,13,O3_8h,雅安,26.0
20201111,13,O3_8h_24h,雅安,26.0
20201111,13,CO,雅安,0.9
20201111,13,CO_24h,雅安,0.87
20201111,14,AQI,雅安,99.0
20201111,14,PM2.5,雅安,74.0
20201111,14,PM2.5_24h,雅安,75.0
20201111,14,PM10,雅安,85.0
20201111,14,PM10_24h,雅安,92.0
20201111,14,SO2,雅安,6.0
20201111,14,SO2_24h,雅安,7.0
20201111,14,NO2,雅安,28.0
20201111,14,NO2_24h,雅安,36.0
20201111,14,O3,雅安,63.0
20201111,14,O3_24h,雅安,91.0
20201111,14,O3_8h,雅安,30.0
20201111,14,O3_8h_24h,雅安,30.0
20201111,14,CO,雅安,0.87
20201111,14,CO_24h,雅安,0.87
20201111,15,AQI,雅安,95.0
20201111,15,PM2.5,雅安,71.0
20201111,15,PM2.5_24h,雅安,74.0
20201111,15,PM10,雅安,85.0
20201111,15,PM10_24h,雅安,92.0
20201111,15,SO2,雅安,7.0
20201111,15,SO2_24h,雅安,7.0
20201111,15,NO2,雅安,27.0
20201111,15,NO2_24h,雅安,36.0
20201111,15,O3,雅安,77.0
20201111,15,O3_24h,雅安,91.0
20201111,15,O3_8h,雅安,37.0
20201111,15,O3_8h_24h,雅安,37.0
20201111,15,CO,雅安,0.87
20201111,15,CO_24h,雅安,0.87
20201111,16,AQI,雅安,93.0
20201111,16,PM2.5,雅安,69.0
20201111,16,PM2.5_24h,雅安,74.0
20201111,16,PM10,雅安,77.0
20201111,16,PM10_24h,雅安,91.0
20201111,16,SO2,雅安,6.0
20201111,16,SO2_24h,雅安,7.0
20201111,16,NO2,雅安,29.0
20201111,16,NO2_24h,雅安,36.0
20201111,16,O3,雅安,69.0
20201111,16,O3_24h,雅安,89.0
20201111,16,O3_8h,雅安,44.0
20201111,16,O3_8h_24h,雅安,44.0
20201111,16,CO,雅安,0.9
20201111,16,CO_24h,雅安,0.9
20201111,17,AQI,雅安,94.0
20201111,17,PM2.5,雅安,70.0
20201111,17,PM2.5_24h,雅安,73.0
20201111,17,PM10,雅安,81.0
20201111,17,PM10_24h,雅安,89.0
20201111,17,SO2,雅安,6.0
20201111,17,SO2_24h,雅安,7.0
20201111,17,NO2,雅安,31.0
20201111,17,NO2_24h,雅安,36.0
20201111,17,O3,雅安,63.0
20201111,17,O3_24h,雅安,81.0
20201111,17,O3_8h,雅安,49.0
20201111,17,O3_8h_24h,雅安,49.0
20201111,17,CO,雅安,0.87
20201111,17,CO_24h,雅安,0.87
20201111,18,AQI,雅安,90.0
20201111,18,PM2.5,雅安,67.0
20201111,18,PM2.5_24h,雅安,72.0
20201111,18,PM10,雅安,86.0
20201111,18,PM10_24h,雅安,89.0
20201111,18,SO2,雅安,6.0
20201111,18,SO2_24h,雅安,6.0
20201111,18,NO2,雅安,37.0
20201111,18,NO2_24h,雅安,36.0
20201111,18,O3,雅安,53.0
20201111,18,O3_24h,雅安,77.0
20201111,18,O3_8h,雅安,53.0
20201111,18,O3_8h_24h,雅安,53.0
20201111,18,CO,雅安,0.9
20201111,18,CO_24h,雅安,0.87
20201111,19,AQI,雅安,83.0
20201111,19,PM2.5,雅安,61.0
20201111,19,PM2.5_24h,雅安,72.0
20201111,19,PM10,雅安,80.0
20201111,19,PM10_24h,雅安,87.0
20201111,19,SO2,雅安,6.0
20201111,19,SO2_24h,雅安,6.0
20201111,19,NO2,雅安,36.0
20201111,19,NO2_24h,雅安,36.0
20201111,19,O3,雅安,46.0
20201111,19,O3_24h,雅安,77.0
20201111,19,O3_8h,雅安,57.0
20201111,19,O3_8h_24h,雅安,57.0
20201111,19,CO,雅安,0.9
20201111,19,CO_24h,雅安,0.87
20201111,20,AQI,雅安,75.0
20201111,20,PM2.5,雅安,55.0
20201111,20,PM2.5_24h,雅安,71.0
20201111,20,PM10,雅安,70.0
20201111,20,PM10_24h,雅安,86.0
20201111,20,SO2,雅安,6.0
20201111,20,SO2_24h,雅安,6.0
20201111,20,NO2,雅安,39.0
20201111,20,NO2_24h,雅安,35.0
20201111,20,O3,雅安,40.0
20201111,20,O3_24h,雅安,77.0
20201111,20,O3_8h,雅安,57.0
20201111,20,O3_8h_24h,雅安,59.0
20201111,20,CO,雅安,0.87
20201111,20,CO_24h,雅安,0.87
20201111,21,AQI,雅安,73.0
20201111,21,PM2.5,雅安,53.0
20201111,21,PM2.5_24h,雅安,70.0
20201111,21,PM10,雅安,64.0
20201111,21,PM10_24h,雅安,85.0
20201111,21,SO2,雅安,5.0
20201111,21,SO2_24h,雅安,6.0
20201111,21,NO2,雅安,36.0
20201111,21,NO2_24h,雅安,35.0
20201111,21,O3,雅安,32.0
20201111,21,O3_24h,雅安,77.0
20201111,21,O3_8h,雅安,55.0
20201111,21,O3_8h_24h,雅安,60.0
20201111,21,CO,雅安,0.87
20201111,21,CO_24h,雅安,0.87
20201111,22,AQI,雅安,71.0
20201111,22,PM2.5,雅安,52.0
20201111,22,PM2.5_24h,雅安,70.0
20201111,22,PM10,雅安,65.0
20201111,22,PM10_24h,雅安,83.0
20201111,22,SO2,雅安,5.0
20201111,22,SO2_24h,雅安,6.0
20201111,22,NO2,雅安,38.0
20201111,22,NO2_24h,雅安,35.0
20201111,22,O3,雅安,31.0
20201111,22,O3_24h,雅安,77.0
20201111,22,O3_8h,雅安,51.0
20201111,22,O3_8h_24h,雅安,60.0
20201111,22,CO,雅安,0.9
20201111,22,CO_24h,雅安,0.87
20201111,23,AQI,雅安,71.0
20201111,23,PM2.5,雅安,52.0
20201111,23,PM2.5_24h,雅安,69.0
20201111,23,PM10,雅安,63.0
20201111,23,PM10_24h,雅安,82.0
20201111,23,SO2,雅安,5.0
20201111,23,SO2_24h,雅安,6.0
20201111,23,NO2,雅安,33.0
20201111,23,NO2_24h,雅安,34.0
20201111,23,O3,雅安,38.0
20201111,23,O3_24h,雅安,77.0
20201111,23,O3_8h,雅安,47.0
20201111,23,O3_8h_24h,雅安,60.0
20201111,23,CO,雅安,0.77
20201111,23,CO_24h,雅安,0.87
20201111,0,AQI,巴中,80.0
20201111,0,PM2.5,巴中,59.0
20201111,0,PM2.5_24h,巴中,50.0
20201111,0,PM10,巴中,94.0
20201111,0,PM10_24h,巴中,79.0
20201111,0,SO2,巴中,5.0
20201111,0,SO2_24h,巴中,5.0
20201111,0,NO2,巴中,41.0
20201111,0,NO2_24h,巴中,34.0
20201111,0,O3,巴中,11.0
20201111,0,O3_24h,巴中,114.0
20201111,0,O3_8h,巴中,19.0
20201111,0,O3_8h_24h,巴中,69.0
20201111,0,CO,巴中,0.67
20201111,0,CO_24h,巴中,0.77
20201111,1,AQI,巴中,78.0
20201111,1,PM2.5,巴中,57.0
20201111,1,PM2.5_24h,巴中,50.0
20201111,1,PM10,巴中,91.0
20201111,1,PM10_24h,巴中,79.0
20201111,1,SO2,巴中,5.0
20201111,1,SO2_24h,巴中,5.0
20201111,1,NO2,巴中,36.0
20201111,1,NO2_24h,巴中,34.0
20201111,1,O3,巴中,9.0
20201111,1,O3_24h,巴中,114.0
20201111,1,O3_8h,巴中,9.0
20201111,1,O3_8h_24h,巴中,9.0
20201111,1,CO,巴中,0.67
20201111,1,CO_24h,巴中,0.77
20201111,2,AQI,巴中,70.0
20201111,2,PM2.5,巴中,51.0
20201111,2,PM2.5_24h,巴中,50.0
20201111,2,PM10,巴中,80.0
20201111,2,PM10_24h,巴中,79.0
20201111,2,SO2,巴中,5.0
20201111,2,SO2_24h,巴中,5.0
20201111,2,NO2,巴中,30.0
20201111,2,NO2_24h,巴中,34.0
20201111,2,O3,巴中,11.0
20201111,2,O3_24h,巴中,114.0
20201111,2,O3_8h,巴中,10.0
20201111,2,O3_8h_24h,巴中,10.0
20201111,2,CO,巴中,0.6
20201111,2,CO_24h,巴中,0.77
20201111,3,AQI,巴中,65.0
20201111,3,PM2.5,巴中,47.0
20201111,3,PM2.5_24h,巴中,50.0
20201111,3,PM10,巴中,73.0
20201111,3,PM10_24h,巴中,79.0
20201111,3,SO2,巴中,5.0
20201111,3,SO2_24h,巴中,5.0
20201111,3,NO2,巴中,28.0
20201111,3,NO2_24h,巴中,35.0
20201111,3,O3,巴中,11.0
20201111,3,O3_24h,巴中,114.0
20201111,3,O3_8h,巴中,10.0
20201111,3,O3_8h_24h,巴中,10.0
20201111,3,CO,巴中,0.6
20201111,3,CO_24h,巴中,0.77
20201111,4,AQI,巴中,61.0
20201111,4,PM2.5,巴中,44.0
20201111,4,PM2.5_24h,巴中,50.0
20201111,4,PM10,巴中,69.0
20201111,4,PM10_24h,巴中,79.0
20201111,4,SO2,巴中,5.0
20201111,4,SO2_24h,巴中,5.0
20201111,4,NO2,巴中,21.0
20201111,4,NO2_24h,巴中,35.0
20201111,4,O3,巴中,13.0
20201111,4,O3_24h,巴中,114.0
20201111,4,O3_8h,巴中,11.0
20201111,4,O3_8h_24h,巴中,11.0
20201111,4,CO,巴中,0.57
20201111,4,CO_24h,巴中,0.77
20201111,5,AQI,巴中,59.0
20201111,5,PM2.5,巴中,42.0
20201111,5,PM2.5_24h,巴中,50.0
20201111,5,PM10,巴中,65.0
20201111,5,PM10_24h,巴中,79.0
20201111,5,SO2,巴中,5.0
20201111,5,SO2_24h,巴中,5.0
20201111,5,NO2,巴中,23.0
20201111,5,NO2_24h,巴中,35.0
20201111,5,O3,巴中,10.0
20201111,5,O3_24h,巴中,114.0
20201111,5,O3_8h,巴中,11.0
20201111,5,O3_8h_24h,巴中,11.0
20201111,5,CO,巴中,0.57
20201111,5,CO_24h,巴中,0.77
20201111,6,AQI,巴中,57.0
20201111,6,PM2.5,巴中,40.0
20201111,6,PM2.5_24h,巴中,49.0
20201111,6,PM10,巴中,63.0
20201111,6,PM10_24h,巴中,79.0
20201111,6,SO2,巴中,4.0
20201111,6,SO2_24h,巴中,5.0
20201111,6,NO2,巴中,24.0
20201111,6,NO2_24h,巴中,36.0
20201111,6,O3,巴中,8.0
20201111,6,O3_24h,巴中,114.0
20201111,6,O3_8h,巴中,10.0
20201111,6,O3_8h_24h,巴中,11.0
20201111,6,CO,巴中,0.57
20201111,6,CO_24h,巴中,0.77
20201111,8,AQI,巴中,54.0
20201111,8,PM2.5,巴中,37.0
20201111,8,PM2.5_24h,巴中,50.0
20201111,8,PM10,巴中,58.0
20201111,8,PM10_24h,巴中,79.0
20201111,8,SO2,巴中,5.0
20201111,8,SO2_24h,巴中,5.0
20201111,8,NO2,巴中,25.0
20201111,8,NO2_24h,巴中,36.0
20201111,8,O3,巴中,5.0
20201111,8,O3_24h,巴中,114.0
20201111,8,O3_8h,巴中,9.0
20201111,8,O3_8h_24h,巴中,11.0
20201111,8,CO,巴中,0.7
20201111,8,CO_24h,巴中,0.77
20201111,10,AQI,巴中,56.0
20201111,10,PM2.5,巴中,40.0
20201111,10,PM2.5_24h,巴中,49.0
20201111,10,PM10,巴中,61.0
20201111,10,PM10_24h,巴中,79.0
20201111,10,SO2,巴中,5.0
20201111,10,SO2_24h,巴中,5.0
20201111,10,NO2,巴中,26.0
20201111,10,NO2_24h,巴中,36.0
20201111,10,O3,巴中,11.0
20201111,10,O3_24h,巴中,114.0
20201111,10,O3_8h,巴中,9.0
20201111,10,O3_8h_24h,巴中,11.0
20201111,10,CO,巴中,0.87
20201111,10,CO_24h,巴中,0.77
20201111,11,AQI,巴中,58.0
20201111,11,PM2.5,巴中,41.0
20201111,11,PM2.5_24h,巴中,49.0
20201111,11,PM10,巴中,64.0
20201111,11,PM10_24h,巴中,79.0
20201111,11,SO2,巴中,6.0
20201111,11,SO2_24h,巴中,5.0
20201111,11,NO2,巴中,31.0
20201111,11,NO2_24h,巴中,36.0
20201111,11,O3,巴中,15.0
20201111,11,O3_24h,巴中,114.0
20201111,11,O3_8h,巴中,10.0
20201111,11,O3_8h_24h,巴中,11.0
20201111,11,CO,巴中,0.83
20201111,11,CO_24h,巴中,0.77
20201111,12,AQI,巴中,54.0
20201111,12,PM2.5,巴中,35.0
20201111,12,PM2.5_24h,巴中,49.0
20201111,12,PM10,巴中,57.0
20201111,12,PM10_24h,巴中,79.0
20201111,12,SO2,巴中,6.0
20201111,12,SO2_24h,巴中,5.0
20201111,12,NO2,巴中,36.0
20201111,12,NO2_24h,巴中,36.0
20201111,12,O3,巴中,32.0
20201111,12,O3_24h,巴中,114.0
20201111,12,O3_8h,巴中,12.0
20201111,12,O3_8h_24h,巴中,12.0
20201111,12,CO,巴中,0.73
20201111,12,CO_24h,巴中,0.77
20201111,13,AQI,巴中,40.0
20201111,13,PM2.5,巴中,24.0
20201111,13,PM2.5_24h,巴中,49.0
20201111,13,PM10,巴中,40.0
20201111,13,PM10_24h,巴中,78.0
20201111,13,SO2,巴中,6.0
20201111,13,SO2_24h,巴中,5.0
20201111,13,NO2,巴中,20.0
20201111,13,NO2_24h,巴中,36.0
20201111,13,O3,巴中,83.0
20201111,13,O3_24h,巴中,114.0
20201111,13,O3_8h,巴中,21.0
20201111,13,O3_8h_24h,巴中,21.0
20201111,13,CO,巴中,0.47
20201111,13,CO_24h,巴中,0.77
20201111,14,AQI,巴中,36.0
20201111,14,PM2.5,巴中,21.0
20201111,14,PM2.5_24h,巴中,48.0
20201111,14,PM10,巴中,36.0
20201111,14,PM10_24h,巴中,77.0
20201111,14,SO2,巴中,6.0
20201111,14,SO2_24h,巴中,5.0
20201111,14,NO2,巴中,14.0
20201111,14,NO2_24h,巴中,36.0
20201111,14,O3,巴中,100.0
20201111,14,O3_24h,巴中,114.0
20201111,14,O3_8h,巴中,32.0
20201111,14,O3_8h_24h,巴中,32.0
20201111,14,CO,巴中,0.37
20201111,14,CO_24h,巴中,0.77
20201111,15,AQI,巴中,36.0
20201111,15,PM2.5,巴中,20.0
20201111,15,PM2.5_24h,巴中,47.0
20201111,15,PM10,巴中,36.0
20201111,15,PM10_24h,巴中,76.0
20201111,15,SO2,巴中,5.0
20201111,15,SO2_24h,巴中,5.0
20201111,15,NO2,巴中,15.0
20201111,15,NO2_24h,巴中,36.0
20201111,15,O3,巴中,105.0
20201111,15,O3_24h,巴中,113.0
20201111,15,O3_8h,巴中,45.0
20201111,15,O3_8h_24h,巴中,45.0
20201111,15,CO,巴中,0.37
20201111,15,CO_24h,巴中,0.77
20201111,16,AQI,巴中,37.0
20201111,16,PM2.5,巴中,21.0
20201111,16,PM2.5_24h,巴中,46.0
20201111,16,PM10,巴中,37.0
20201111,16,PM10_24h,巴中,76.0
20201111,16,SO2,巴中,6.0
20201111,16,SO2_24h,巴中,5.0
20201111,16,NO2,巴中,17.0
20201111,16,NO2_24h,巴中,36.0
20201111,16,O3,巴中,104.0
20201111,16,O3_24h,巴中,108.0
20201111,16,O3_8h,巴中,57.0
20201111,16,O3_8h_24h,巴中,57.0
20201111,16,CO,巴中,0.4
20201111,16,CO_24h,巴中,0.73
20201111,17,AQI,巴中,42.0
20201111,17,PM2.5,巴中,22.0
20201111,17,PM2.5_24h,巴中,46.0
20201111,17,PM10,巴中,42.0
20201111,17,PM10_24h,巴中,75.0
20201111,17,SO2,巴中,5.0
20201111,17,SO2_24h,巴中,5.0
20201111,17,NO2,巴中,37.0
20201111,17,NO2_24h,巴中,37.0
20201111,17,O3,巴中,77.0
20201111,17,O3_24h,巴中,107.0
20201111,17,O3_8h,巴中,65.0
20201111,17,O3_8h_24h,巴中,65.0
20201111,17,CO,巴中,0.57
20201111,17,CO_24h,巴中,0.73
20201111,18,AQI,巴中,59.0
20201111,18,PM2.5,巴中,33.0
20201111,18,PM2.5_24h,巴中,45.0
20201111,18,PM10,巴中,68.0
20201111,18,PM10_24h,巴中,74.0
20201111,18,SO2,巴中,6.0
20201111,18,SO2_24h,巴中,5.0
20201111,18,NO2,巴中,77.0
20201111,18,NO2_24h,巴中,37.0
20201111,18,O3,巴中,21.0
20201111,18,O3_24h,巴中,107.0
20201111,18,O3_8h,巴中,67.0
20201111,18,O3_8h_24h,巴中,67.0
20201111,18,CO,巴中,1.1
20201111,18,CO_24h,巴中,0.7
20201111,19,AQI,巴中,75.0
20201111,19,PM2.5,巴中,48.0
20201111,19,PM2.5_24h,巴中,44.0
20201111,19,PM10,巴中,100.0
20201111,19,PM10_24h,巴中,73.0
20201111,19,SO2,巴中,5.0
20201111,19,SO2_24h,巴中,5.0
20201111,19,NO2,巴中,77.0
20201111,19,NO2_24h,巴中,37.0
20201111,19,O3,巴中,9.0
20201111,19,O3_24h,巴中,107.0
20201111,19,O3_8h,巴中,66.0
20201111,19,O3_8h_24h,巴中,67.0
20201111,19,CO,巴中,1.17
20201111,19,CO_24h,巴中,0.67
20201111,20,AQI,巴中,82.0
20201111,20,PM2.5,巴中,60.0
20201111,20,PM2.5_24h,巴中,44.0
20201111,20,PM10,巴中,113.0
20201111,20,PM10_24h,巴中,72.0
20201111,20,SO2,巴中,5.0
20201111,20,SO2_24h,巴中,5.0
20201111,20,NO2,巴中,71.0
20201111,20,NO2_24h,巴中,36.0
20201111,20,O3,巴中,8.0
20201111,20,O3_24h,巴中,107.0
20201111,20,O3_8h,巴中,63.0
20201111,20,O3_8h_24h,巴中,67.0
20201111,20,CO,巴中,0.93
20201111,20,CO_24h,巴中,0.67
20201111,21,AQI,巴中,83.0
20201111,21,PM2.5,巴中,61.0
20201111,21,PM2.5_24h,巴中,43.0
20201111,21,PM10,巴中,110.0
20201111,21,PM10_24h,巴中,71.0
20201111,21,SO2,巴中,5.0
20201111,21,SO2_24h,巴中,5.0
20201111,21,NO2,巴中,64.0
20201111,21,NO2_24h,巴中,36.0
20201111,21,O3,巴中,5.0
20201111,21,O3_24h,巴中,107.0
20201111,21,O3_8h,巴中,54.0
20201111,21,O3_8h_24h,巴中,67.0
20201111,21,CO,巴中,0.8
20201111,21,CO_24h,巴中,0.67
20201111,22,AQI,巴中,78.0
20201111,22,PM2.5,巴中,57.0
20201111,22,PM2.5_24h,巴中,42.0
20201111,22,PM10,巴中,101.0
20201111,22,PM10_24h,巴中,70.0
20201111,22,SO2,巴中,5.0
20201111,22,SO2_24h,巴中,5.0
20201111,22,NO2,巴中,54.0
20201111,22,NO2_24h,巴中,36.0
20201111,22,O3,巴中,7.0
20201111,22,O3_24h,巴中,107.0
20201111,22,O3_8h,巴中,42.0
20201111,22,O3_8h_24h,巴中,67.0
20201111,22,CO,巴中,0.7
20201111,22,CO_24h,巴中,0.67
20201111,23,AQI,巴中,70.0
20201111,23,PM2.5,巴中,51.0
20201111,23,PM2.5_24h,巴中,41.0
20201111,23,PM10,巴中,90.0
20201111,23,PM10_24h,巴中,70.0
20201111,23,SO2,巴中,5.0
20201111,23,SO2_24h,巴中,5.0
20201111,23,NO2,巴中,47.0
20201111,23,NO2_24h,巴中,36.0
20201111,23,O3,巴中,8.0
20201111,23,O3_24h,巴中,107.0
20201111,23,O3_8h,巴中,30.0
20201111,23,O3_8h_24h,巴中,67.0
20201111,23,CO,巴中,0.6
20201111,23,CO_24h,巴中,0.67
20201111,0,AQI,资阳,101.0
20201111,0,PM2.5,资阳,76.0
20201111,0,PM2.5_24h,资阳,61.0
20201111,0,PM10,资阳,105.0
20201111,0,PM10_24h,资阳,96.0
20201111,0,SO2,资阳,5.0
20201111,0,SO2_24h,资阳,7.0
20201111,0,NO2,资阳,40.0
20201111,0,NO2_24h,资阳,42.0
20201111,0,O3,资阳,47.0
20201111,0,O3_24h,资阳,130.0
20201111,0,O3_8h,资阳,66.0
20201111,0,O3_8h_24h,资阳,104.0
20201111,0,CO,资阳,0.8
20201111,0,CO_24h,资阳,0.85
20201111,1,AQI,资阳,90.0
20201111,1,PM2.5,资阳,67.0
20201111,1,PM2.5_24h,资阳,62.0
20201111,1,PM10,资阳,94.0
20201111,1,PM10_24h,资阳,95.0
20201111,1,SO2,资阳,5.0
20201111,1,SO2_24h,资阳,7.0
20201111,1,NO2,资阳,29.0
20201111,1,NO2_24h,资阳,41.0
20201111,1,O3,资阳,56.0
20201111,1,O3_24h,资阳,130.0
20201111,1,O3_8h,资阳,56.0
20201111,1,O3_8h_24h,资阳,56.0
20201111,1,CO,资阳,0.73
20201111,1,CO_24h,资阳,0.82
20201111,2,AQI,资阳,86.0
20201111,2,PM2.5,资阳,64.0
20201111,2,PM2.5_24h,资阳,62.0
20201111,2,PM10,资阳,92.0
20201111,2,PM10_24h,资阳,95.0
20201111,2,SO2,资阳,5.0
20201111,2,SO2_24h,资阳,7.0
20201111,2,NO2,资阳,25.0
20201111,2,NO2_24h,资阳,40.0
20201111,2,O3,资阳,50.0
20201111,2,O3_24h,资阳,130.0
20201111,2,O3_8h,资阳,53.0
20201111,2,O3_8h_24h,资阳,56.0
20201111,2,CO,资阳,0.68
20201111,2,CO_24h,资阳,0.82
20201111,3,AQI,资阳,86.0
20201111,3,PM2.5,资阳,64.0
20201111,3,PM2.5_24h,资阳,62.0
20201111,3,PM10,资阳,87.0
20201111,3,PM10_24h,资阳,95.0
20201111,3,SO2,资阳,5.0
20201111,3,SO2_24h,资阳,7.0
20201111,3,NO2,资阳,35.0
20201111,3,NO2_24h,资阳,40.0
20201111,3,O3,资阳,28.0
20201111,3,O3_24h,资阳,130.0
20201111,3,O3_8h,资阳,44.0
20201111,3,O3_8h_24h,资阳,56.0
20201111,3,CO,资阳,0.7
20201111,3,CO_24h,资阳,0.82
20201111,4,AQI,资阳,84.0
20201111,4,PM2.5,资阳,62.0
20201111,4,PM2.5_24h,资阳,62.0
20201111,4,PM10,资阳,85.0
20201111,4,PM10_24h,资阳,95.0
20201111,4,SO2,资阳,5.0
20201111,4,SO2_24h,资阳,7.0
20201111,4,NO2,资阳,34.0
20201111,4,NO2_24h,资阳,40.0
20201111,4,O3,资阳,23.0
20201111,4,O3_24h,资阳,130.0
20201111,4,O3_8h,资阳,39.0
20201111,4,O3_8h_24h,资阳,56.0
20201111,4,CO,资阳,0.68
20201111,4,CO_24h,资阳,0.82
20201111,5,AQI,资阳,86.0
20201111,5,PM2.5,资阳,64.0
20201111,5,PM2.5_24h,资阳,62.0
20201111,5,PM10,资阳,90.0
20201111,5,PM10_24h,资阳,95.0
20201111,5,SO2,资阳,5.0
20201111,5,SO2_24h,资阳,7.0
20201111,5,NO2,资阳,40.0
20201111,5,NO2_24h,资阳,40.0
20201111,5,O3,资阳,10.0
20201111,5,O3_24h,资阳,130.0
20201111,5,O3_8h,资阳,33.0
20201111,5,O3_8h_24h,资阳,56.0
20201111,5,CO,资阳,0.75
20201111,5,CO_24h,资阳,0.82
20201111,6,AQI,资阳,85.0
20201111,6,PM2.5,资阳,63.0
20201111,6,PM2.5_24h,资阳,62.0
20201111,6,PM10,资阳,94.0
20201111,6,PM10_24h,资阳,95.0
20201111,6,SO2,资阳,5.0
20201111,6,SO2_24h,资阳,7.0
20201111,6,NO2,资阳,41.0
20201111,6,NO2_24h,资阳,40.0
20201111,6,O3,资阳,8.0
20201111,6,O3_24h,资阳,130.0
20201111,6,O3_8h,资阳,29.0
20201111,6,O3_8h_24h,资阳,56.0
20201111,6,CO,资阳,0.73
20201111,6,CO_24h,资阳,0.8
20201111,8,AQI,资阳,93.0
20201111,8,PM2.5,资阳,69.0
20201111,8,PM2.5_24h,资阳,63.0
20201111,8,PM10,资阳,97.0
20201111,8,PM10_24h,资阳,95.0
20201111,8,SO2,资阳,6.0
20201111,8,SO2_24h,资阳,7.0
20201111,8,NO2,资阳,37.0
20201111,8,NO2_24h,资阳,40.0
20201111,8,O3,资阳,6.0
20201111,8,O3_24h,资阳,130.0
20201111,8,O3_8h,资阳,26.0
20201111,8,O3_8h_24h,资阳,56.0
20201111,8,CO,资阳,1.03
20201111,8,CO_24h,资阳,0.8
20201111,10,AQI,资阳,101.0
20201111,10,PM2.5,资阳,76.0
20201111,10,PM2.5_24h,资阳,63.0
20201111,10,PM10,资阳,120.0
20201111,10,PM10_24h,资阳,96.0
20201111,10,SO2,资阳,12.0
20201111,10,SO2_24h,资阳,7.0
20201111,10,NO2,资阳,46.0
20201111,10,NO2_24h,资阳,40.0
20201111,10,O3,资阳,10.0
20201111,10,O3_24h,资阳,130.0
20201111,10,O3_8h,资阳,12.0
20201111,10,O3_8h_24h,资阳,56.0
20201111,10,CO,资阳,1.07
20201111,10,CO_24h,资阳,0.82
20201111,11,AQI,资阳,94.0
20201111,11,PM2.5,资阳,70.0
20201111,11,PM2.5_24h,资阳,64.0
20201111,11,PM10,资阳,114.0
20201111,11,PM10_24h,资阳,97.0
20201111,11,SO2,资阳,12.0
20201111,11,SO2_24h,资阳,7.0
20201111,11,NO2,资阳,48.0
20201111,11,NO2_24h,资阳,39.0
20201111,11,O3,资阳,29.0
20201111,11,O3_24h,资阳,130.0
20201111,11,O3_8h,资阳,13.0
20201111,11,O3_8h_24h,资阳,56.0
20201111,11,CO,资阳,0.9
20201111,11,CO_24h,资阳,0.82
20201111,12,AQI,资阳,76.0
20201111,12,PM2.5,资阳,56.0
20201111,12,PM2.5_24h,资阳,64.0
20201111,12,PM10,资阳,100.0
20201111,12,PM10_24h,资阳,97.0
20201111,12,SO2,资阳,8.0
20201111,12,SO2_24h,资阳,7.0
20201111,12,NO2,资阳,29.0
20201111,12,NO2_24h,资阳,39.0
20201111,12,O3,资阳,78.0
20201111,12,O3_24h,资阳,130.0
20201111,12,O3_8h,资阳,20.0
20201111,12,O3_8h_24h,资阳,56.0
20201111,12,CO,资阳,0.73
20201111,12,CO_24h,资阳,0.82
20201111,13,AQI,资阳,63.0
20201111,13,PM2.5,资阳,41.0
20201111,13,PM2.5_24h,资阳,64.0
20201111,13,PM10,资阳,76.0
20201111,13,PM10_24h,资阳,97.0
20201111,13,SO2,资阳,8.0
20201111,13,SO2_24h,资阳,7.0
20201111,13,NO2,资阳,31.0
20201111,13,NO2_24h,资阳,39.0
20201111,13,O3,资阳,96.0
20201111,13,O3_24h,资阳,130.0
20201111,13,O3_8h,资阳,31.0
20201111,13,O3_8h_24h,资阳,56.0
20201111,13,CO,资阳,0.73
20201111,13,CO_24h,资阳,0.82
20201111,14,AQI,资阳,58.0
20201111,14,PM2.5,资阳,34.0
20201111,14,PM2.5_24h,资阳,64.0
20201111,14,PM10,资阳,65.0
20201111,14,PM10_24h,资阳,97.0
20201111,14,SO2,资阳,8.0
20201111,14,SO2_24h,资阳,7.0
20201111,14,NO2,资阳,19.0
20201111,14,NO2_24h,资阳,39.0
20201111,14,O3,资阳,127.0
20201111,14,O3_24h,资阳,131.0
20201111,14,O3_8h,资阳,46.0
20201111,14,O3_8h_24h,资阳,59.0
20201111,14,CO,资阳,0.63
20201111,14,CO_24h,资阳,0.82
20201111,15,AQI,资阳,56.0
20201111,15,PM2.5,资阳,32.0
20201111,15,PM2.5_24h,资阳,63.0
20201111,15,PM10,资阳,61.0
20201111,15,PM10_24h,资阳,96.0
20201111,15,SO2,资阳,9.0
20201111,15,SO2_24h,资阳,7.0
20201111,15,NO2,资阳,17.0
20201111,15,NO2_24h,资阳,39.0
20201111,15,O3,资阳,139.0
20201111,15,O3_24h,资阳,139.0
20201111,15,O3_8h,资阳,63.0
20201111,15,O3_8h_24h,资阳,66.0
20201111,15,CO,资阳,0.6
20201111,15,CO_24h,资阳,0.8
20201111,16,AQI,资阳,57.0
20201111,16,PM2.5,资阳,37.0
20201111,16,PM2.5_24h,资阳,63.0
20201111,16,PM10,资阳,63.0
20201111,16,PM10_24h,资阳,96.0
20201111,16,SO2,资阳,8.0
20201111,16,SO2_24h,资阳,7.0
20201111,16,NO2,资阳,19.0
20201111,16,NO2_24h,资阳,38.0
20201111,16,O3,资阳,139.0
20201111,16,O3_24h,资阳,140.0
20201111,16,O3_8h,资阳,80.0
20201111,16,O3_8h_24h,资阳,80.0
20201111,16,CO,资阳,0.6
20201111,16,CO_24h,资阳,0.8
20201111,17,AQI,资阳,64.0
20201111,17,PM2.5,资阳,46.0
20201111,17,PM2.5_24h,资阳,63.0
20201111,17,PM10,资阳,68.0
20201111,17,PM10_24h,资阳,95.0
20201111,17,SO2,资阳,7.0
20201111,17,SO2_24h,资阳,7.0
20201111,17,NO2,资阳,22.0
20201111,17,NO2_24h,资阳,38.0
20201111,17,O3,资阳,131.0
20201111,17,O3_24h,资阳,140.0
20201111,17,O3_8h,资阳,94.0
20201111,17,O3_8h_24h,资阳,94.0
20201111,17,CO,资阳,0.6
20201111,17,CO_24h,资阳,0.8
20201111,18,AQI,资阳,71.0
20201111,18,PM2.5,资阳,52.0
20201111,18,PM2.5_24h,资阳,62.0
20201111,18,PM10,资阳,84.0
20201111,18,PM10_24h,资阳,95.0
20201111,18,SO2,资阳,7.0
20201111,18,SO2_24h,资阳,7.0
20201111,18,NO2,资阳,53.0
20201111,18,NO2_24h,资阳,39.0
20201111,18,O3,资阳,89.0
20201111,18,O3_24h,资阳,140.0
20201111,18,O3_8h,资阳,103.0
20201111,18,O3_8h_24h,资阳,103.0
20201111,18,CO,资阳,0.85
20201111,18,CO_24h,资阳,0.8
20201111,19,AQI,资阳,86.0
20201111,19,PM2.5,资阳,64.0
20201111,19,PM2.5_24h,资阳,62.0
20201111,19,PM10,资阳,109.0
20201111,19,PM10_24h,资阳,95.0
20201111,19,SO2,资阳,7.0
20201111,19,SO2_24h,资阳,7.0
20201111,19,NO2,资阳,101.0
20201111,19,NO2_24h,资阳,41.0
20201111,19,O3,资阳,32.0
20201111,19,O3_24h,资阳,140.0
20201111,19,O3_8h,资阳,104.0
20201111,19,O3_8h_24h,资阳,104.0
20201111,19,CO,资阳,1.2
20201111,19,CO_24h,资阳,0.85
20201111,20,AQI,资阳,98.0
20201111,20,PM2.5,资阳,73.0
20201111,20,PM2.5_24h,资阳,61.0
20201111,20,PM10,资阳,130.0
20201111,20,PM10_24h,资阳,95.0
20201111,20,SO2,资阳,6.0
20201111,20,SO2_24h,资阳,7.0
20201111,20,NO2,资阳,88.0
20201111,20,NO2_24h,资阳,42.0
20201111,20,O3,资阳,32.0
20201111,20,O3_24h,资阳,140.0
20201111,20,O3_8h,资阳,98.0
20201111,20,O3_8h_24h,资阳,104.0
20201111,20,CO,资阳,1.1
20201111,20,CO_24h,资阳,0.83
20201111,21,AQI,资阳,101.0
20201111,21,PM2.5,资阳,76.0
20201111,21,PM2.5_24h,资阳,61.0
20201111,21,PM10,资阳,132.0
20201111,21,PM10_24h,资阳,96.0
20201111,21,SO2,资阳,7.0
20201111,21,SO2_24h,资阳,7.0
20201111,21,NO2,资阳,83.0
20201111,21,NO2_24h,资阳,42.0
20201111,21,O3,资阳,18.0
20201111,21,O3_24h,资阳,140.0
20201111,21,O3_8h,资阳,88.0
20201111,21,O3_8h_24h,资阳,104.0
20201111,21,CO,资阳,1.32
20201111,21,CO_24h,资阳,0.85
20201111,22,AQI,资阳,101.0
20201111,22,PM2.5,资阳,76.0
20201111,22,PM2.5_24h,资阳,62.0
20201111,22,PM10,资阳,127.0
20201111,22,PM10_24h,资阳,96.0
20201111,22,SO2,资阳,7.0
20201111,22,SO2_24h,资阳,7.0
20201111,22,NO2,资阳,73.0
20201111,22,NO2_24h,资阳,43.0
20201111,22,O3,资阳,14.0
20201111,22,O3_24h,资阳,140.0
20201111,22,O3_8h,资阳,74.0
20201111,22,O3_8h_24h,资阳,104.0
20201111,22,CO,资阳,1.28
20201111,22,CO_24h,资阳,0.88
20201111,23,AQI,资阳,95.0
20201111,23,PM2.5,资阳,71.0
20201111,23,PM2.5_24h,资阳,61.0
20201111,23,PM10,资阳,127.0
20201111,23,PM10_24h,资阳,97.0
20201111,23,SO2,资阳,7.0
20201111,23,SO2_24h,资阳,7.0
20201111,23,NO2,资阳,74.0
20201111,23,NO2_24h,资阳,44.0
20201111,23,O3,资阳,8.0
20201111,23,O3_24h,资阳,140.0
20201111,23,O3_8h,资阳,58.0
20201111,23,O3_8h_24h,资阳,104.0
20201111,23,CO,资阳,1.05
20201111,23,CO_24h,资阳,0.88
20201111,0,AQI,阿坝州,58.0
20201111,0,PM2.5,阿坝州,27.0
20201111,0,PM2.5_24h,阿坝州,20.0
20201111,0,PM10,阿坝州,66.0
20201111,0,PM10_24h,阿坝州,43.0
20201111,0,SO2,阿坝州,11.0
20201111,0,SO2_24h,阿坝州,12.0
20201111,0,NO2,阿坝州,22.0
20201111,0,NO2_24h,阿坝州,19.0
20201111,0,O3,阿坝州,14.0
20201111,0,O3_24h,阿坝州,66.0
20201111,0,O3_8h,阿坝州,21.0
20201111,0,O3_8h_24h,阿坝州,50.0
20201111,0,CO,阿坝州,0.55
20201111,0,CO_24h,阿坝州,0.5
20201111,1,AQI,阿坝州,37.0
20201111,1,PM2.5,阿坝州,22.0
20201111,1,PM2.5_24h,阿坝州,20.0
20201111,1,PM10,阿坝州,37.0
20201111,1,PM10_24h,阿坝州,43.0
20201111,1,SO2,阿坝州,10.0
20201111,1,SO2_24h,阿坝州,12.0
20201111,1,NO2,阿坝州,19.0
20201111,1,NO2_24h,阿坝州,19.0
20201111,1,O3,阿坝州,15.0
20201111,1,O3_24h,阿坝州,66.0
20201111,1,O3_8h,阿坝州,15.0
20201111,1,O3_8h_24h,阿坝州,15.0
20201111,1,CO,阿坝州,0.5
20201111,1,CO_24h,阿坝州,0.55
20201111,2,AQI,阿坝州,36.0
20201111,2,PM2.5,阿坝州,20.0
20201111,2,PM2.5_24h,阿坝州,20.0
20201111,2,PM10,阿坝州,36.0
20201111,2,PM10_24h,阿坝州,43.0
20201111,2,SO2,阿坝州,10.0
20201111,2,SO2_24h,阿坝州,12.0
20201111,2,NO2,阿坝州,15.0
20201111,2,NO2_24h,阿坝州,19.0
20201111,2,O3,阿坝州,18.0
20201111,2,O3_24h,阿坝州,66.0
20201111,2,O3_8h,阿坝州,16.0
20201111,2,O3_8h_24h,阿坝州,16.0
20201111,2,CO,阿坝州,0.45
20201111,2,CO_24h,阿坝州,0.55
20201111,3,AQI,阿坝州,31.0
20201111,3,PM2.5,阿坝州,18.0
20201111,3,PM2.5_24h,阿坝州,20.0
20201111,3,PM10,阿坝州,31.0
20201111,3,PM10_24h,阿坝州,43.0
20201111,3,SO2,阿坝州,10.0
20201111,3,SO2_24h,阿坝州,12.0
20201111,3,NO2,阿坝州,13.0
20201111,3,NO2_24h,阿坝州,18.0
20201111,3,O3,阿坝州,19.0
20201111,3,O3_24h,阿坝州,66.0
20201111,3,O3_8h,阿坝州,17.0
20201111,3,O3_8h_24h,阿坝州,17.0
20201111,3,CO,阿坝州,0.45
20201111,3,CO_24h,阿坝州,0.55
20201111,4,AQI,阿坝州,26.0
20201111,4,PM2.5,阿坝州,18.0
20201111,4,PM2.5_24h,阿坝州,20.0
20201111,4,PM10,阿坝州,26.0
20201111,4,PM10_24h,阿坝州,43.0
20201111,4,SO2,阿坝州,10.0
20201111,4,SO2_24h,阿坝州,12.0
20201111,4,NO2,阿坝州,11.0
20201111,4,NO2_24h,阿坝州,19.0
20201111,4,O3,阿坝州,20.0
20201111,4,O3_24h,阿坝州,66.0
20201111,4,O3_8h,阿坝州,18.0
20201111,4,O3_8h_24h,阿坝州,18.0
20201111,4,CO,阿坝州,0.35
20201111,4,CO_24h,阿坝州,0.55
20201111,5,AQI,阿坝州,24.0
20201111,5,PM2.5,阿坝州,13.0
20201111,5,PM2.5_24h,阿坝州,20.0
20201111,5,PM10,阿坝州,24.0
20201111,5,PM10_24h,阿坝州,43.0
20201111,5,SO2,阿坝州,10.0
20201111,5,SO2_24h,阿坝州,12.0
20201111,5,NO2,阿坝州,12.0
20201111,5,NO2_24h,阿坝州,19.0
20201111,5,O3,阿坝州,17.0
20201111,5,O3_24h,阿坝州,66.0
20201111,5,O3_8h,阿坝州,18.0
20201111,5,O3_8h_24h,阿坝州,18.0
20201111,5,CO,阿坝州,0.4
20201111,5,CO_24h,阿坝州,0.55
20201111,6,AQI,阿坝州,27.0
20201111,6,PM2.5,阿坝州,19.0
20201111,6,PM2.5_24h,阿坝州,20.0
20201111,6,PM10,阿坝州,20.0
20201111,6,PM10_24h,阿坝州,43.0
20201111,6,SO2,阿坝州,10.0
20201111,6,SO2_24h,阿坝州,12.0
20201111,6,NO2,阿坝州,12.0
20201111,6,NO2_24h,阿坝州,19.0
20201111,6,O3,阿坝州,16.0
20201111,6,O3_24h,阿坝州,66.0
20201111,6,O3_8h,阿坝州,17.0
20201111,6,O3_8h_24h,阿坝州,18.0
20201111,6,CO,阿坝州,0.35
20201111,6,CO_24h,阿坝州,0.55
20201111,8,AQI,阿坝州,27.0
20201111,8,PM2.5,阿坝州,19.0
20201111,8,PM2.5_24h,阿坝州,21.0
20201111,8,PM10,阿坝州,24.0
20201111,8,PM10_24h,阿坝州,43.0
20201111,8,SO2,阿坝州,10.0
20201111,8,SO2_24h,阿坝州,11.0
20201111,8,NO2,阿坝州,19.0
20201111,8,NO2_24h,阿坝州,19.0
20201111,8,O3,阿坝州,11.0
20201111,8,O3_24h,阿坝州,66.0
20201111,8,O3_8h,阿坝州,16.0
20201111,8,O3_8h_24h,阿坝州,18.0
20201111,8,CO,阿坝州,0.55
20201111,8,CO_24h,阿坝州,0.55
20201111,10,AQI,阿坝州,36.0
20201111,10,PM2.5,阿坝州,24.0
20201111,10,PM2.5_24h,阿坝州,21.0
20201111,10,PM10,阿坝州,36.0
20201111,10,PM10_24h,阿坝州,44.0
20201111,10,SO2,阿坝州,10.0
20201111,10,SO2_24h,阿坝州,11.0
20201111,10,NO2,阿坝州,17.0
20201111,10,NO2_24h,阿坝州,20.0
20201111,10,O3,阿坝州,15.0
20201111,10,O3_24h,阿坝州,66.0
20201111,10,O3_8h,阿坝州,15.0
20201111,10,O3_8h_24h,阿坝州,18.0
20201111,10,CO,阿坝州,0.55
20201111,10,CO_24h,阿坝州,0.55
20201111,11,AQI,阿坝州,41.0
20201111,11,PM2.5,阿坝州,21.0
20201111,11,PM2.5_24h,阿坝州,21.0
20201111,11,PM10,阿坝州,41.0
20201111,11,PM10_24h,阿坝州,44.0
20201111,11,SO2,阿坝州,10.0
20201111,11,SO2_24h,阿坝州,11.0
20201111,11,NO2,阿坝州,17.0
20201111,11,NO2_24h,阿坝州,20.0
20201111,11,O3,阿坝州,21.0
20201111,11,O3_24h,阿坝州,66.0
20201111,11,O3_8h,阿坝州,15.0
20201111,11,O3_8h_24h,阿坝州,19.0
20201111,11,CO,阿坝州,0.55
20201111,11,CO_24h,阿坝州,0.55
20201111,12,AQI,阿坝州,43.0
20201111,12,PM2.5,阿坝州,23.0
20201111,12,PM2.5_24h,阿坝州,21.0
20201111,12,PM10,阿坝州,43.0
20201111,12,PM10_24h,阿坝州,45.0
20201111,12,SO2,阿坝州,11.0
20201111,12,SO2_24h,阿坝州,11.0
20201111,12,NO2,阿坝州,14.0
20201111,12,NO2_24h,阿坝州,20.0
20201111,12,O3,阿坝州,36.0
20201111,12,O3_24h,阿坝州,66.0
20201111,12,O3_8h,阿坝州,18.0
20201111,12,O3_8h_24h,阿坝州,21.0
20201111,12,CO,阿坝州,0.45
20201111,12,CO_24h,阿坝州,0.55
20201111,13,AQI,阿坝州,21.0
20201111,13,PM2.5,阿坝州,15.0
20201111,13,PM2.5_24h,阿坝州,22.0
20201111,13,PM10,阿坝州,15.0
20201111,13,PM10_24h,阿坝州,44.0
20201111,13,SO2,阿坝州,10.0
20201111,13,SO2_24h,阿坝州,11.0
20201111,13,NO2,阿坝州,11.0
20201111,13,NO2_24h,阿坝州,20.0
20201111,13,O3,阿坝州,54.0
20201111,13,O3_24h,阿坝州,66.0
20201111,13,O3_8h,阿坝州,22.0
20201111,13,O3_8h_24h,阿坝州,23.0
20201111,13,CO,阿坝州,0.4
20201111,13,CO_24h,阿坝州,0.55
20201111,14,AQI,阿坝州,19.0
20201111,14,PM2.5,阿坝州,9.0
20201111,14,PM2.5_24h,阿坝州,22.0
20201111,14,PM10,阿坝州,13.0
20201111,14,PM10_24h,阿坝州,44.0
20201111,14,SO2,阿坝州,15.0
20201111,14,SO2_24h,阿坝州,11.0
20201111,14,NO2,阿坝州,10.0
20201111,14,NO2_24h,阿坝州,20.0
20201111,14,O3,阿坝州,62.0
20201111,14,O3_24h,阿坝州,66.0
20201111,14,O3_8h,阿坝州,28.0
20201111,14,O3_8h_24h,阿坝州,28.0
20201111,14,CO,阿坝州,0.4
20201111,14,CO_24h,阿坝州,0.55
20201111,15,AQI,阿坝州,20.0
20201111,15,PM2.5,阿坝州,6.0
20201111,15,PM2.5_24h,阿坝州,22.0
20201111,15,PM10,阿坝州,13.0
20201111,15,PM10_24h,阿坝州,44.0
20201111,15,SO2,阿坝州,13.0
20201111,15,SO2_24h,阿坝州,11.0
20201111,15,NO2,阿坝州,9.0
20201111,15,NO2_24h,阿坝州,20.0
20201111,15,O3,阿坝州,64.0
20201111,15,O3_24h,阿坝州,65.0
20201111,15,O3_8h,阿坝州,34.0
20201111,15,O3_8h_24h,阿坝州,34.0
20201111,15,CO,阿坝州,0.4
20201111,15,CO_24h,阿坝州,0.55
20201111,16,AQI,阿坝州,21.0
20201111,16,PM2.5,阿坝州,5.0
20201111,16,PM2.5_24h,阿坝州,22.0
20201111,16,PM10,阿坝州,13.0
20201111,16,PM10_24h,阿坝州,44.0
20201111,16,SO2,阿坝州,11.0
20201111,16,SO2_24h,阿坝州,11.0
20201111,16,NO2,阿坝州,12.0
20201111,16,NO2_24h,阿坝州,19.0
20201111,16,O3,阿坝州,66.0
20201111,16,O3_24h,阿坝州,66.0
20201111,16,O3_8h,阿坝州,41.0
20201111,16,O3_8h_24h,阿坝州,41.0
20201111,16,CO,阿坝州,0.45
20201111,16,CO_24h,阿坝州,0.55
20201111,17,AQI,阿坝州,19.0
20201111,17,PM2.5,阿坝州,10.0
20201111,17,PM2.5_24h,阿坝州,22.0
20201111,17,PM10,阿坝州,19.0
20201111,17,PM10_24h,阿坝州,45.0
20201111,17,SO2,阿坝州,10.0
20201111,17,SO2_24h,阿坝州,11.0
20201111,17,NO2,阿坝州,17.0
20201111,17,NO2_24h,阿坝州,19.0
20201111,17,O3,阿坝州,51.0
20201111,17,O3_24h,阿坝州,66.0
20201111,17,O3_8h,阿坝州,46.0
20201111,17,O3_8h_24h,阿坝州,46.0
20201111,17,CO,阿坝州,0.45
20201111,17,CO_24h,阿坝州,0.55
20201111,18,AQI,阿坝州,56.0
20201111,18,PM2.5,阿坝州,15.0
20201111,18,PM2.5_24h,阿坝州,22.0
20201111,18,PM10,阿坝州,61.0
20201111,18,PM10_24h,阿坝州,44.0
20201111,18,SO2,阿坝州,12.0
20201111,18,SO2_24h,阿坝州,11.0
20201111,18,NO2,阿坝州,35.0
20201111,18,NO2_24h,阿坝州,20.0
20201111,18,O3,阿坝州,34.0
20201111,18,O3_24h,阿坝州,66.0
20201111,18,O3_8h,阿坝州,48.0
20201111,18,O3_8h_24h,阿坝州,48.0
20201111,18,CO,阿坝州,0.9
20201111,18,CO_24h,阿坝州,0.55
20201111,19,AQI,阿坝州,91.0
20201111,19,PM2.5,阿坝州,50.0
20201111,19,PM2.5_24h,阿坝州,22.0
20201111,19,PM10,阿坝州,131.0
20201111,19,PM10_24h,阿坝州,44.0
20201111,19,SO2,阿坝州,13.0
20201111,19,SO2_24h,阿坝州,11.0
20201111,19,NO2,阿坝州,46.0
20201111,19,NO2_24h,阿坝州,20.0
20201111,19,O3,阿坝州,15.0
20201111,19,O3_24h,阿坝州,66.0
20201111,19,O3_8h,阿坝州,48.0
20201111,19,O3_8h_24h,阿坝州,49.0
20201111,19,CO,阿坝州,1.3
20201111,19,CO_24h,阿坝州,0.55
20201111,20,AQI,阿坝州,93.0
20201111,20,PM2.5,阿坝州,55.0
20201111,20,PM2.5_24h,阿坝州,23.0
20201111,20,PM10,阿坝州,135.0
20201111,20,PM10_24h,阿坝州,46.0
20201111,20,SO2,阿坝州,12.0
20201111,20,SO2_24h,阿坝州,11.0
20201111,20,NO2,阿坝州,41.0
20201111,20,NO2_24h,阿坝州,20.0
20201111,20,O3,阿坝州,3.0
20201111,20,O3_24h,阿坝州,66.0
20201111,20,O3_8h,阿坝州,47.0
20201111,20,O3_8h_24h,阿坝州,50.0
20201111,20,CO,阿坝州,1.05
20201111,20,CO_24h,阿坝州,0.55
20201111,21,AQI,阿坝州,75.0
20201111,21,PM2.5,阿坝州,52.0
20201111,21,PM2.5_24h,阿坝州,23.0
20201111,21,PM10,阿坝州,99.0
20201111,21,PM10_24h,阿坝州,47.0
20201111,21,SO2,阿坝州,10.0
20201111,21,SO2_24h,阿坝州,11.0
20201111,21,NO2,阿坝州,31.0
20201111,21,NO2_24h,阿坝州,20.0
20201111,21,O3,阿坝州,11.0
20201111,21,O3_24h,阿坝州,66.0
20201111,21,O3_8h,阿坝州,44.0
20201111,21,O3_8h_24h,阿坝州,50.0
20201111,21,CO,阿坝州,0.85
20201111,21,CO_24h,阿坝州,0.6
20201111,22,AQI,阿坝州,64.0
20201111,22,PM2.5,阿坝州,40.0
20201111,22,PM2.5_24h,阿坝州,23.0
20201111,22,PM10,阿坝州,78.0
20201111,22,PM10_24h,阿坝州,45.0
20201111,22,SO2,阿坝州,10.0
20201111,22,SO2_24h,阿坝州,11.0
20201111,22,NO2,阿坝州,28.0
20201111,22,NO2_24h,阿坝州,20.0
20201111,22,O3,阿坝州,7.0
20201111,22,O3_24h,阿坝州,66.0
20201111,22,O3_8h,阿坝州,40.0
20201111,22,O3_8h_24h,阿坝州,50.0
20201111,22,CO,阿坝州,0.9
20201111,22,CO_24h,阿坝州,0.6
20201111,23,AQI,阿坝州,61.0
20201111,23,PM2.5,阿坝州,36.0
20201111,23,PM2.5_24h,阿坝州,23.0
20201111,23,PM10,阿坝州,71.0
20201111,23,PM10_24h,阿坝州,45.0
20201111,23,SO2,阿坝州,10.0
20201111,23,SO2_24h,阿坝州,11.0
20201111,23,NO2,阿坝州,26.0
20201111,23,NO2_24h,阿坝州,20.0
20201111,23,O3,阿坝州,6.0
20201111,23,O3_24h,阿坝州,66.0
20201111,23,O3_8h,阿坝州,34.0
20201111,23,O3_8h_24h,阿坝州,50.0
20201111,23,CO,阿坝州,0.75
20201111,23,CO_24h,阿坝州,0.6
20201111,0,AQI,甘孜州,25.0
20201111,0,PM2.5,甘孜州,12.0
20201111,0,PM2.5_24h,甘孜州,10.0
20201111,0,PM10,甘孜州,25.0
20201111,0,PM10_24h,甘孜州,23.0
20201111,0,SO2,甘孜州,9.0
20201111,0,SO2_24h,甘孜州,8.0
20201111,0,NO2,甘孜州,34.0
20201111,0,NO2_24h,甘孜州,25.0
20201111,0,O3,甘孜州,27.0
20201111,0,O3_24h,甘孜州,72.0
20201111,0,O3_8h,甘孜州,37.0
20201111,0,O3_8h_24h,甘孜州,57.0
20201111,0,CO,甘孜州,0.3
20201111,0,CO_24h,甘孜州,0.25
20201111,1,AQI,甘孜州,22.0
20201111,1,PM2.5,甘孜州,13.0
20201111,1,PM2.5_24h,甘孜州,10.0
20201111,1,PM10,甘孜州,22.0
20201111,1,PM10_24h,甘孜州,23.0
20201111,1,SO2,甘孜州,8.0
20201111,1,SO2_24h,甘孜州,8.0
20201111,1,NO2,甘孜州,30.0
20201111,1,NO2_24h,甘孜州,26.0
20201111,1,O3,甘孜州,29.0
20201111,1,O3_24h,甘孜州,72.0
20201111,1,O3_8h,甘孜州,29.0
20201111,1,O3_8h_24h,甘孜州,29.0
20201111,1,CO,甘孜州,0.3
20201111,1,CO_24h,甘孜州,0.25
20201111,2,AQI,甘孜州,20.0
20201111,2,PM2.5,甘孜州,8.0
20201111,2,PM2.5_24h,甘孜州,10.0
20201111,2,PM10,甘孜州,20.0
20201111,2,PM10_24h,甘孜州,23.0
20201111,2,SO2,甘孜州,8.0
20201111,2,SO2_24h,甘孜州,8.0
20201111,2,NO2,甘孜州,28.0
20201111,2,NO2_24h,甘孜州,25.0
20201111,2,O3,甘孜州,28.0
20201111,2,O3_24h,甘孜州,72.0
20201111,2,O3_8h,甘孜州,28.0
20201111,2,O3_8h_24h,甘孜州,29.0
20201111,2,CO,甘孜州,0.25
20201111,2,CO_24h,甘孜州,0.25
20201111,3,AQI,甘孜州,15.0
20201111,3,PM2.5,甘孜州,10.0
20201111,3,PM2.5_24h,甘孜州,9.0
20201111,3,PM10,甘孜州,15.0
20201111,3,PM10_24h,甘孜州,23.0
20201111,3,SO2,甘孜州,8.0
20201111,3,SO2_24h,甘孜州,8.0
20201111,3,NO2,甘孜州,28.0
20201111,3,NO2_24h,甘孜州,25.0
20201111,3,O3,甘孜州,27.0
20201111,3,O3_24h,甘孜州,72.0
20201111,3,O3_8h,甘孜州,28.0
20201111,3,O3_8h_24h,甘孜州,29.0
20201111,3,CO,甘孜州,0.2
20201111,3,CO_24h,甘孜州,0.25
20201111,4,AQI,甘孜州,12.0
20201111,4,PM2.5,甘孜州,7.0
20201111,4,PM2.5_24h,甘孜州,10.0
20201111,4,PM10,甘孜州,7.0
20201111,4,PM10_24h,甘孜州,23.0
20201111,4,SO2,甘孜州,8.0
20201111,4,SO2_24h,甘孜州,8.0
20201111,4,NO2,甘孜州,23.0
20201111,4,NO2_24h,甘孜州,26.0
20201111,4,O3,甘孜州,29.0
20201111,4,O3_24h,甘孜州,72.0
20201111,4,O3_8h,甘孜州,28.0
20201111,4,O3_8h_24h,甘孜州,29.0
20201111,4,CO,甘孜州,0.15
20201111,4,CO_24h,甘孜州,0.25
20201111,5,AQI,甘孜州,11.0
20201111,5,PM2.5,甘孜州,6.0
20201111,5,PM2.5_24h,甘孜州,10.0
20201111,5,PM10,甘孜州,9.0
20201111,5,PM10_24h,甘孜州,23.0
20201111,5,SO2,甘孜州,8.0
20201111,5,SO2_24h,甘孜州,8.0
20201111,5,NO2,甘孜州,22.0
20201111,5,NO2_24h,甘孜州,26.0
20201111,5,O3,甘孜州,26.0
20201111,5,O3_24h,甘孜州,72.0
20201111,5,O3_8h,甘孜州,28.0
20201111,5,O3_8h_24h,甘孜州,29.0
20201111,5,CO,甘孜州,0.15
20201111,5,CO_24h,甘孜州,0.25
20201111,6,AQI,甘孜州,16.0
20201111,6,PM2.5,甘孜州,11.0
20201111,6,PM2.5_24h,甘孜州,10.0
20201111,6,PM10,甘孜州,7.0
20201111,6,PM10_24h,甘孜州,23.0
20201111,6,SO2,甘孜州,8.0
20201111,6,SO2_24h,甘孜州,8.0
20201111,6,NO2,甘孜州,20.0
20201111,6,NO2_24h,甘孜州,26.0
20201111,6,O3,甘孜州,27.0
20201111,6,O3_24h,甘孜州,72.0
20201111,6,O3_8h,甘孜州,28.0
20201111,6,O3_8h_24h,甘孜州,30.0
20201111,6,CO,甘孜州,0.15
20201111,6,CO_24h,甘孜州,0.25
20201111,8,AQI,甘孜州,11.0
20201111,8,PM2.5,甘孜州,5.0
20201111,8,PM2.5_24h,甘孜州,10.0
20201111,8,PM10,甘孜州,6.0
20201111,8,PM10_24h,甘孜州,22.0
20201111,8,SO2,甘孜州,8.0
20201111,8,SO2_24h,甘孜州,8.0
20201111,8,NO2,甘孜州,22.0
20201111,8,NO2_24h,甘孜州,27.0
20201111,8,O3,甘孜州,24.0
20201111,8,O3_24h,甘孜州,72.0
20201111,8,O3_8h,甘孜州,27.0
20201111,8,O3_8h_24h,甘孜州,30.0
20201111,8,CO,甘孜州,0.35
20201111,8,CO_24h,甘孜州,0.25
20201111,10,AQI,甘孜州,37.0
20201111,10,PM2.5,甘孜州,15.0
20201111,10,PM2.5_24h,甘孜州,10.0
20201111,10,PM10,甘孜州,37.0
20201111,10,PM10_24h,甘孜州,22.0
20201111,10,SO2,甘孜州,9.0
20201111,10,SO2_24h,甘孜州,8.0
20201111,10,NO2,甘孜州,36.0
20201111,10,NO2_24h,甘孜州,26.0
20201111,10,O3,甘孜州,17.0
20201111,10,O3_24h,甘孜州,72.0
20201111,10,O3_8h,甘孜州,24.0
20201111,10,O3_8h_24h,甘孜州,31.0
20201111,10,CO,甘孜州,0.5
20201111,10,CO_24h,甘孜州,0.25
20201111,11,AQI,甘孜州,44.0
20201111,11,PM2.5,甘孜州,18.0
20201111,11,PM2.5_24h,甘孜州,10.0
20201111,11,PM10,甘孜州,44.0
20201111,11,PM10_24h,甘孜州,22.0
20201111,11,SO2,甘孜州,8.0
20201111,11,SO2_24h,甘孜州,8.0
20201111,11,NO2,甘孜州,33.0
20201111,11,NO2_24h,甘孜州,25.0
20201111,11,O3,甘孜州,25.0
20201111,11,O3_24h,甘孜州,72.0
20201111,11,O3_8h,甘孜州,23.0
20201111,11,O3_8h_24h,甘孜州,31.0
20201111,11,CO,甘孜州,0.3
20201111,11,CO_24h,甘孜州,0.25
20201111,12,AQI,甘孜州,31.0
20201111,12,PM2.5,甘孜州,13.0
20201111,12,PM2.5_24h,甘孜州,10.0
20201111,12,PM10,甘孜州,31.0
20201111,12,PM10_24h,甘孜州,21.0
20201111,12,SO2,甘孜州,8.0
20201111,12,SO2_24h,甘孜州,8.0
20201111,12,NO2,甘孜州,15.0
20201111,12,NO2_24h,甘孜州,25.0
20201111,12,O3,甘孜州,44.0
20201111,12,O3_24h,甘孜州,72.0
20201111,12,O3_8h,甘孜州,25.0
20201111,12,O3_8h_24h,甘孜州,32.0
20201111,12,CO,甘孜州,0.25
20201111,12,CO_24h,甘孜州,0.25
20201111,13,AQI,甘孜州,23.0
20201111,13,PM2.5,甘孜州,5.0
20201111,13,PM2.5_24h,甘孜州,10.0
20201111,13,PM10,甘孜州,23.0
20201111,13,PM10_24h,甘孜州,21.0
20201111,13,SO2,甘孜州,8.0
20201111,13,SO2_24h,甘孜州,8.0
20201111,13,NO2,甘孜州,8.0
20201111,13,NO2_24h,甘孜州,25.0
20201111,13,O3,甘孜州,53.0
20201111,13,O3_24h,甘孜州,72.0
20201111,13,O3_8h,甘孜州,29.0
20201111,13,O3_8h_24h,甘孜州,35.0
20201111,13,CO,甘孜州,0.2
20201111,13,CO_24h,甘孜州,0.25
20201111,14,AQI,甘孜州,17.0
20201111,14,PM2.5,甘孜州,4.0
20201111,14,PM2.5_24h,甘孜州,10.0
20201111,14,PM10,甘孜州,14.0
20201111,14,PM10_24h,甘孜州,21.0
20201111,14,SO2,甘孜州,9.0
20201111,14,SO2_24h,甘孜州,8.0
20201111,14,NO2,甘孜州,8.0
20201111,14,NO2_24h,甘孜州,25.0
20201111,14,O3,甘孜州,55.0
20201111,14,O3_24h,甘孜州,72.0
20201111,14,O3_8h,甘孜州,33.0
20201111,14,O3_8h_24h,甘孜州,37.0
20201111,14,CO,甘孜州,0.3
20201111,14,CO_24h,甘孜州,0.25
20201111,15,AQI,甘孜州,19.0
20201111,15,PM2.5,甘孜州,8.0
20201111,15,PM2.5_24h,甘孜州,10.0
20201111,15,PM10,甘孜州,16.0
20201111,15,PM10_24h,甘孜州,21.0
20201111,15,SO2,甘孜州,8.0
20201111,15,SO2_24h,甘孜州,8.0
20201111,15,NO2,甘孜州,7.0
20201111,15,NO2_24h,甘孜州,25.0
20201111,15,O3,甘孜州,62.0
20201111,15,O3_24h,甘孜州,72.0
20201111,15,O3_8h,甘孜州,37.0
20201111,15,O3_8h_24h,甘孜州,40.0
20201111,15,CO,甘孜州,0.3
20201111,15,CO_24h,甘孜州,0.25
20201111,16,AQI,甘孜州,21.0
20201111,16,PM2.5,甘孜州,5.0
20201111,16,PM2.5_24h,甘孜州,10.0
20201111,16,PM10,甘孜州,15.0
20201111,16,PM10_24h,甘孜州,21.0
20201111,16,SO2,甘孜州,8.0
20201111,16,SO2_24h,甘孜州,8.0
20201111,16,NO2,甘孜州,6.0
20201111,16,NO2_24h,甘孜州,25.0
20201111,16,O3,甘孜州,66.0
20201111,16,O3_24h,甘孜州,71.0
20201111,16,O3_8h,甘孜州,42.0
20201111,16,O3_8h_24h,甘孜州,43.0
20201111,16,CO,甘孜州,0.3
20201111,16,CO_24h,甘孜州,0.25
20201111,17,AQI,甘孜州,21.0
20201111,17,PM2.5,甘孜州,7.0
20201111,17,PM2.5_24h,甘孜州,10.0
20201111,17,PM10,甘孜州,16.0
20201111,17,PM10_24h,甘孜州,21.0
20201111,17,SO2,甘孜州,8.0
20201111,17,SO2_24h,甘孜州,8.0
20201111,17,NO2,甘孜州,8.0
20201111,17,NO2_24h,甘孜州,25.0
20201111,17,O3,甘孜州,66.0
20201111,17,O3_24h,甘孜州,66.0
20201111,17,O3_8h,甘孜州,48.0
20201111,17,O3_8h_24h,甘孜州,48.0
20201111,17,CO,甘孜州,0.2
20201111,17,CO_24h,甘孜州,0.25
20201111,18,AQI,甘孜州,22.0
20201111,18,PM2.5,甘孜州,4.0
20201111,18,PM2.5_24h,甘孜州,10.0
20201111,18,PM10,甘孜州,18.0
20201111,18,PM10_24h,甘孜州,22.0
20201111,18,SO2,甘孜州,9.0
20201111,18,SO2_24h,甘孜州,8.0
20201111,18,NO2,甘孜州,10.0
20201111,18,NO2_24h,甘孜州,25.0
20201111,18,O3,甘孜州,69.0
20201111,18,O3_24h,甘孜州,69.0
20201111,18,O3_8h,甘孜州,55.0
20201111,18,O3_8h_24h,甘孜州,55.0
20201111,18,CO,甘孜州,0.25
20201111,18,CO_24h,甘孜州,0.25
20201111,19,AQI,甘孜州,18.0
20201111,19,PM2.5,甘孜州,11.0
20201111,19,PM2.5_24h,甘孜州,10.0
20201111,19,PM10,甘孜州,14.0
20201111,19,PM10_24h,甘孜州,22.0
20201111,19,SO2,甘孜州,8.0
20201111,19,SO2_24h,甘孜州,8.0
20201111,19,NO2,甘孜州,16.0
20201111,19,NO2_24h,甘孜州,24.0
20201111,19,O3,甘孜州,56.0
20201111,19,O3_24h,甘孜州,69.0
20201111,19,O3_8h,甘孜州,59.0
20201111,19,O3_8h_24h,甘孜州,59.0
20201111,19,CO,甘孜州,0.3
20201111,19,CO_24h,甘孜州,0.25
20201111,20,AQI,甘孜州,27.0
20201111,20,PM2.5,甘孜州,19.0
20201111,20,PM2.5_24h,甘孜州,10.0
20201111,20,PM10,甘孜州,25.0
20201111,20,PM10_24h,甘孜州,21.0
20201111,20,SO2,甘孜州,9.0
20201111,20,SO2_24h,甘孜州,8.0
20201111,20,NO2,甘孜州,24.0
20201111,20,NO2_24h,甘孜州,23.0
20201111,20,O3,甘孜州,33.0
20201111,20,O3_24h,甘孜州,69.0
20201111,20,O3_8h,甘孜州,57.0
20201111,20,O3_8h_24h,甘孜州,59.0
20201111,20,CO,甘孜州,0.4
20201111,20,CO_24h,甘孜州,0.25
20201111,21,AQI,甘孜州,32.0
20201111,21,PM2.5,甘孜州,19.0
20201111,21,PM2.5_24h,甘孜州,10.0
20201111,21,PM10,甘孜州,32.0
20201111,21,PM10_24h,甘孜州,20.0
20201111,21,SO2,甘孜州,8.0
20201111,21,SO2_24h,甘孜州,8.0
20201111,21,NO2,甘孜州,40.0
20201111,21,NO2_24h,甘孜州,23.0
20201111,21,O3,甘孜州,21.0
20201111,21,O3_24h,甘孜州,69.0
20201111,21,O3_8h,甘孜州,53.0
20201111,21,O3_8h_24h,甘孜州,59.0
20201111,21,CO,甘孜州,0.55
20201111,21,CO_24h,甘孜州,0.25
20201111,22,AQI,甘孜州,41.0
20201111,22,PM2.5,甘孜州,17.0
20201111,22,PM2.5_24h,甘孜州,10.0
20201111,22,PM10,甘孜州,41.0
20201111,22,PM10_24h,甘孜州,21.0
20201111,22,SO2,甘孜州,9.0
20201111,22,SO2_24h,甘孜州,8.0
20201111,22,NO2,甘孜州,39.0
20201111,22,NO2_24h,甘孜州,23.0
20201111,22,O3,甘孜州,23.0
20201111,22,O3_24h,甘孜州,69.0
20201111,22,O3_8h,甘孜州,50.0
20201111,22,O3_8h_24h,甘孜州,59.0
20201111,22,CO,甘孜州,0.5
20201111,22,CO_24h,甘孜州,0.25
20201111,23,AQI,甘孜州,33.0
20201111,23,PM2.5,甘孜州,14.0
20201111,23,PM2.5_24h,甘孜州,10.0
20201111,23,PM10,甘孜州,33.0
20201111,23,PM10_24h,甘孜州,21.0
20201111,23,SO2,甘孜州,9.0
20201111,23,SO2_24h,甘孜州,8.0
20201111,23,NO2,甘孜州,32.0
20201111,23,NO2_24h,甘孜州,22.0
20201111,23,O3,甘孜州,23.0
20201111,23,O3_24h,甘孜州,69.0
20201111,23,O3_8h,甘孜州,45.0
20201111,23,O3_8h_24h,甘孜州,59.0
20201111,23,CO,甘孜州,0.45
20201111,23,CO_24h,甘孜州,0.25
20201111,0,AQI,凉山州,43.0
20201111,0,PM2.5,凉山州,30.0
20201111,0,PM2.5_24h,凉山州,28.0
20201111,0,PM10,凉山州,42.0
20201111,0,PM10_24h,凉山州,42.0
20201111,0,SO2,凉山州,9.0
20201111,0,SO2_24h,凉山州,11.0
20201111,0,NO2,凉山州,19.0
20201111,0,NO2_24h,凉山州,21.0
20201111,0,O3,凉山州,36.0
20201111,0,O3_24h,凉山州,85.0
20201111,0,O3_8h,凉山州,50.0
20201111,0,O3_8h_24h,凉山州,65.0
20201111,0,CO,凉山州,0.6
20201111,0,CO_24h,凉山州,0.63
20201111,1,AQI,凉山州,43.0
20201111,1,PM2.5,凉山州,29.0
20201111,1,PM2.5_24h,凉山州,28.0
20201111,1,PM10,凉山州,43.0
20201111,1,PM10_24h,凉山州,42.0
20201111,1,SO2,凉山州,7.0
20201111,1,SO2_24h,凉山州,11.0
20201111,1,NO2,凉山州,18.0
20201111,1,NO2_24h,凉山州,21.0
20201111,1,O3,凉山州,32.0
20201111,1,O3_24h,凉山州,85.0
20201111,1,O3_8h,凉山州,32.0
20201111,1,O3_8h_24h,凉山州,32.0
20201111,1,CO,凉山州,0.57
20201111,1,CO_24h,凉山州,0.65
20201111,2,AQI,凉山州,44.0
20201111,2,PM2.5,凉山州,31.0
20201111,2,PM2.5_24h,凉山州,28.0
20201111,2,PM10,凉山州,44.0
20201111,2,PM10_24h,凉山州,42.0
20201111,2,SO2,凉山州,7.0
20201111,2,SO2_24h,凉山州,11.0
20201111,2,NO2,凉山州,21.0
20201111,2,NO2_24h,凉山州,22.0
20201111,2,O3,凉山州,26.0
20201111,2,O3_24h,凉山州,85.0
20201111,2,O3_8h,凉山州,29.0
20201111,2,O3_8h_24h,凉山州,32.0
20201111,2,CO,凉山州,0.63
20201111,2,CO_24h,凉山州,0.65
20201111,3,AQI,凉山州,40.0
20201111,3,PM2.5,凉山州,28.0
20201111,3,PM2.5_24h,凉山州,28.0
20201111,3,PM10,凉山州,38.0
20201111,3,PM10_24h,凉山州,42.0
20201111,3,SO2,凉山州,7.0
20201111,3,SO2_24h,凉山州,11.0
20201111,3,NO2,凉山州,15.0
20201111,3,NO2_24h,凉山州,22.0
20201111,3,O3,凉山州,28.0
20201111,3,O3_24h,凉山州,85.0
20201111,3,O3_8h,凉山州,29.0
20201111,3,O3_8h_24h,凉山州,33.0
20201111,3,CO,凉山州,0.55
20201111,3,CO_24h,凉山州,0.65
20201111,4,AQI,凉山州,41.0
20201111,4,PM2.5,凉山州,29.0
20201111,4,PM2.5_24h,凉山州,28.0
20201111,4,PM10,凉山州,40.0
20201111,4,PM10_24h,凉山州,43.0
20201111,4,SO2,凉山州,7.0
20201111,4,SO2_24h,凉山州,11.0
20201111,4,NO2,凉山州,17.0
20201111,4,NO2_24h,凉山州,22.0
20201111,4,O3,凉山州,23.0
20201111,4,O3_24h,凉山州,85.0
20201111,4,O3_8h,凉山州,27.0
20201111,4,O3_8h_24h,凉山州,33.0
20201111,4,CO,凉山州,0.5
20201111,4,CO_24h,凉山州,0.65
20201111,5,AQI,凉山州,40.0
20201111,5,PM2.5,凉山州,28.0
20201111,5,PM2.5_24h,凉山州,28.0
20201111,5,PM10,凉山州,39.0
20201111,5,PM10_24h,凉山州,43.0
20201111,5,SO2,凉山州,7.0
20201111,5,SO2_24h,凉山州,11.0
20201111,5,NO2,凉山州,17.0
20201111,5,NO2_24h,凉山州,22.0
20201111,5,O3,凉山州,22.0
20201111,5,O3_24h,凉山州,85.0
20201111,5,O3_8h,凉山州,26.0
20201111,5,O3_8h_24h,凉山州,33.0
20201111,5,CO,凉山州,0.48
20201111,5,CO_24h,凉山州,0.67
20201111,6,AQI,凉山州,41.0
20201111,6,PM2.5,凉山州,29.0
20201111,6,PM2.5_24h,凉山州,29.0
20201111,6,PM10,凉山州,39.0
20201111,6,PM10_24h,凉山州,44.0
20201111,6,SO2,凉山州,7.0
20201111,6,SO2_24h,凉山州,11.0
20201111,6,NO2,凉山州,17.0
20201111,6,NO2_24h,凉山州,22.0
20201111,6,O3,凉山州,19.0
20201111,6,O3_24h,凉山州,85.0
20201111,6,O3_8h,凉山州,25.0
20201111,6,O3_8h_24h,凉山州,33.0
20201111,6,CO,凉山州,0.53
20201111,6,CO_24h,凉山州,0.67
20201111,8,AQI,凉山州,44.0
20201111,8,PM2.5,凉山州,31.0
20201111,8,PM2.5_24h,凉山州,29.0
20201111,8,PM10,凉山州,43.0
20201111,8,PM10_24h,凉山州,44.0
20201111,8,SO2,凉山州,7.0
20201111,8,SO2_24h,凉山州,11.0
20201111,8,NO2,凉山州,23.0
20201111,8,NO2_24h,凉山州,22.0
20201111,8,O3,凉山州,10.0
20201111,8,O3_24h,凉山州,85.0
20201111,8,O3_8h,凉山州,22.0
20201111,8,O3_8h_24h,凉山州,33.0
20201111,8,CO,凉山州,0.63
20201111,8,CO_24h,凉山州,0.67
20201111,10,AQI,凉山州,60.0
20201111,10,PM2.5,凉山州,43.0
20201111,10,PM2.5_24h,凉山州,30.0
20201111,10,PM10,凉山州,63.0
20201111,10,PM10_24h,凉山州,45.0
20201111,10,SO2,凉山州,12.0
20201111,10,SO2_24h,凉山州,11.0
20201111,10,NO2,凉山州,27.0
20201111,10,NO2_24h,凉山州,22.0
20201111,10,O3,凉山州,17.0
20201111,10,O3_24h,凉山州,85.0
20201111,10,O3_8h,凉山州,18.0
20201111,10,O3_8h_24h,凉山州,33.0
20201111,10,CO,凉山州,0.65
20201111,10,CO_24h,凉山州,0.65
20201111,11,AQI,凉山州,56.0
20201111,11,PM2.5,凉山州,40.0
20201111,11,PM2.5_24h,凉山州,30.0
20201111,11,PM10,凉山州,58.0
20201111,11,PM10_24h,凉山州,45.0
20201111,11,SO2,凉山州,12.0
20201111,11,SO2_24h,凉山州,11.0
20201111,11,NO2,凉山州,30.0
20201111,11,NO2_24h,凉山州,22.0
20201111,11,O3,凉山州,22.0
20201111,11,O3_24h,凉山州,85.0
20201111,11,O3_8h,凉山州,17.0
20201111,11,O3_8h_24h,凉山州,33.0
20201111,11,CO,凉山州,0.8
20201111,11,CO_24h,凉山州,0.65
20201111,12,AQI,凉山州,63.0
20201111,12,PM2.5,凉山州,45.0
20201111,12,PM2.5_24h,凉山州,30.0
20201111,12,PM10,凉山州,67.0
20201111,12,PM10_24h,凉山州,45.0
20201111,12,SO2,凉山州,17.0
20201111,12,SO2_24h,凉山州,11.0
20201111,12,NO2,凉山州,33.0
20201111,12,NO2_24h,凉山州,23.0
20201111,12,O3,凉山州,37.0
20201111,12,O3_24h,凉山州,85.0
20201111,12,O3_8h,凉山州,18.0
20201111,12,O3_8h_24h,凉山州,33.0
20201111,12,CO,凉山州,0.87
20201111,12,CO_24h,凉山州,0.65
20201111,13,AQI,凉山州,60.0
20201111,13,PM2.5,凉山州,43.0
20201111,13,PM2.5_24h,凉山州,31.0
20201111,13,PM10,凉山州,63.0
20201111,13,PM10_24h,凉山州,46.0
20201111,13,SO2,凉山州,15.0
20201111,13,SO2_24h,凉山州,11.0
20201111,13,NO2,凉山州,30.0
20201111,13,NO2_24h,凉山州,23.0
20201111,13,O3,凉山州,52.0
20201111,13,O3_24h,凉山州,85.0
20201111,13,O3_8h,凉山州,22.0
20201111,13,O3_8h_24h,凉山州,33.0
20201111,13,CO,凉山州,0.83
20201111,13,CO_24h,凉山州,0.65
20201111,14,AQI,凉山州,59.0
20201111,14,PM2.5,凉山州,42.0
20201111,14,PM2.5_24h,凉山州,32.0
20201111,14,PM10,凉山州,64.0
20201111,14,PM10_24h,凉山州,47.0
20201111,14,SO2,凉山州,18.0
20201111,14,SO2_24h,凉山州,11.0
20201111,14,NO2,凉山州,25.0
20201111,14,NO2_24h,凉山州,23.0
20201111,14,O3,凉山州,72.0
20201111,14,O3_24h,凉山州,85.0
20201111,14,O3_8h,凉山州,28.0
20201111,14,O3_8h_24h,凉山州,36.0
20201111,14,CO,凉山州,0.92
20201111,14,CO_24h,凉山州,0.68
20201111,15,AQI,凉山州,58.0
20201111,15,PM2.5,凉山州,41.0
20201111,15,PM2.5_24h,凉山州,32.0
20201111,15,PM10,凉山州,59.0
20201111,15,PM10_24h,凉山州,48.0
20201111,15,SO2,凉山州,20.0
20201111,15,SO2_24h,凉山州,11.0
20201111,15,NO2,凉山州,19.0
20201111,15,NO2_24h,凉山州,23.0
20201111,15,O3,凉山州,87.0
20201111,15,O3_24h,凉山州,88.0
20201111,15,O3_8h,凉山州,37.0
20201111,15,O3_8h_24h,凉山州,40.0
20201111,15,CO,凉山州,0.83
20201111,15,CO_24h,凉山州,0.68
20201111,16,AQI,凉山州,54.0
20201111,16,PM2.5,凉山州,38.0
20201111,16,PM2.5_24h,凉山州,33.0
20201111,16,PM10,凉山州,56.0
20201111,16,PM10_24h,凉山州,48.0
20201111,16,SO2,凉山州,18.0
20201111,16,SO2_24h,凉山州,11.0
20201111,16,NO2,凉山州,19.0
20201111,16,NO2_24h,凉山州,23.0
20201111,16,O3,凉山州,93.0
20201111,16,O3_24h,凉山州,93.0
20201111,16,O3_8h,凉山州,48.0
20201111,16,O3_8h_24h,凉山州,48.0
20201111,16,CO,凉山州,0.78
20201111,16,CO_24h,凉山州,0.68
20201111,17,AQI,凉山州,50.0
20201111,17,PM2.5,凉山州,32.0
20201111,17,PM2.5_24h,凉山州,34.0
20201111,17,PM10,凉山州,50.0
20201111,17,PM10_24h,凉山州,49.0
20201111,17,SO2,凉山州,14.0
20201111,17,SO2_24h,凉山州,11.0
20201111,17,NO2,凉山州,22.0
20201111,17,NO2_24h,凉山州,23.0
20201111,17,O3,凉山州,86.0
20201111,17,O3_24h,凉山州,93.0
20201111,17,O3_8h,凉山州,58.0
20201111,17,O3_8h_24h,凉山州,58.0
20201111,17,CO,凉山州,0.65
20201111,17,CO_24h,凉山州,0.68
20201111,18,AQI,凉山州,52.0
20201111,18,PM2.5,凉山州,34.0
20201111,18,PM2.5_24h,凉山州,34.0
20201111,18,PM10,凉山州,54.0
20201111,18,PM10_24h,凉山州,49.0
20201111,18,SO2,凉山州,17.0
20201111,18,SO2_24h,凉山州,11.0
20201111,18,NO2,凉山州,28.0
20201111,18,NO2_24h,凉山州,23.0
20201111,18,O3,凉山州,77.0
20201111,18,O3_24h,凉山州,93.0
20201111,18,O3_8h,凉山州,66.0
20201111,18,O3_8h_24h,凉山州,66.0
20201111,18,CO,凉山州,0.88
20201111,18,CO_24h,凉山州,0.68
20201111,19,AQI,凉山州,59.0
20201111,19,PM2.5,凉山州,42.0
20201111,19,PM2.5_24h,凉山州,34.0
20201111,19,PM10,凉山州,66.0
20201111,19,PM10_24h,凉山州,50.0
20201111,19,SO2,凉山州,16.0
20201111,19,SO2_24h,凉山州,11.0
20201111,19,NO2,凉山州,36.0
20201111,19,NO2_24h,凉山州,23.0
20201111,19,O3,凉山州,60.0
20201111,19,O3_24h,凉山州,93.0
20201111,19,O3_8h,凉山州,72.0
20201111,19,O3_8h_24h,凉山州,72.0
20201111,19,CO,凉山州,0.93
20201111,19,CO_24h,凉山州,0.68
20201111,20,AQI,凉山州,63.0
20201111,20,PM2.5,凉山州,45.0
20201111,20,PM2.5_24h,凉山州,35.0
20201111,20,PM10,凉山州,70.0
20201111,20,PM10_24h,凉山州,51.0
20201111,20,SO2,凉山州,12.0
20201111,20,SO2_24h,凉山州,11.0
20201111,20,NO2,凉山州,31.0
20201111,20,NO2_24h,凉山州,23.0
20201111,20,O3,凉山州,48.0
20201111,20,O3_24h,凉山州,93.0
20201111,20,O3_8h,凉山州,72.0
20201111,20,O3_8h_24h,凉山州,73.0
20201111,20,CO,凉山州,1.0
20201111,20,CO_24h,凉山州,0.7
20201111,21,AQI,凉山州,59.0
20201111,21,PM2.5,凉山州,42.0
20201111,21,PM2.5_24h,凉山州,35.0
20201111,21,PM10,凉山州,62.0
20201111,21,PM10_24h,凉山州,51.0
20201111,21,SO2,凉山州,10.0
20201111,21,SO2_24h,凉山州,11.0
20201111,21,NO2,凉山州,26.0
20201111,21,NO2_24h,凉山州,23.0
20201111,21,O3,凉山州,47.0
20201111,21,O3_24h,凉山州,93.0
20201111,21,O3_8h,凉山州,71.0
20201111,21,O3_8h_24h,凉山州,73.0
20201111,21,CO,凉山州,0.93
20201111,21,CO_24h,凉山州,0.7
20201111,22,AQI,凉山州,60.0
20201111,22,PM2.5,凉山州,43.0
20201111,22,PM2.5_24h,凉山州,36.0
20201111,22,PM10,凉山州,64.0
20201111,22,PM10_24h,凉山州,53.0
20201111,22,SO2,凉山州,10.0
20201111,22,SO2_24h,凉山州,11.0
20201111,22,NO2,凉山州,27.0
20201111,22,NO2_24h,凉山州,24.0
20201111,22,O3,凉山州,41.0
20201111,22,O3_24h,凉山州,93.0
20201111,22,O3_8h,凉山州,68.0
20201111,22,O3_8h_24h,凉山州,73.0
20201111,22,CO,凉山州,0.95
20201111,22,CO_24h,凉山州,0.7
20201111,23,AQI,凉山州,63.0
20201111,23,PM2.5,凉山州,45.0
20201111,23,PM2.5_24h,凉山州,37.0
20201111,23,PM10,凉山州,67.0
20201111,23,PM10_24h,凉山州,53.0
20201111,23,SO2,凉山州,10.0
20201111,23,SO2_24h,凉山州,11.0
20201111,23,NO2,凉山州,33.0
20201111,23,NO2_24h,凉山州,24.0
20201111,23,O3,凉山州,30.0
20201111,23,O3_24h,凉山州,93.0
20201111,23,O3_8h,凉山州,60.0
20201111,23,O3_8h_24h,凉山州,73.0
20201111,23,CO,凉山州,0.93
20201111,23,CO_24h,凉山州,0.75
20201111,0,AQI,六盘水,56.0
20201111,0,PM2.5,六盘水,35.0
20201111,0,PM2.5_24h,六盘水,38.0
20201111,0,PM10,六盘水,62.0
20201111,0,PM10_24h,六盘水,62.0
20201111,0,SO2,六盘水,14.0
20201111,0,SO2_24h,六盘水,14.0
20201111,0,NO2,六盘水,35.0
20201111,0,NO2_24h,六盘水,30.0
20201111,0,O3,六盘水,54.0
20201111,0,O3_24h,六盘水,97.0
20201111,0,O3_8h,六盘水,71.0
20201111,0,O3_8h_24h,六盘水,91.0
20201111,0,CO,六盘水,0.78
20201111,0,CO_24h,六盘水,0.85
20201111,1,AQI,六盘水,55.0
20201111,1,PM2.5,六盘水,35.0
20201111,1,PM2.5_24h,六盘水,37.0
20201111,1,PM10,六盘水,59.0
20201111,1,PM10_24h,六盘水,62.0
20201111,1,SO2,六盘水,14.0
20201111,1,SO2_24h,六盘水,14.0
20201111,1,NO2,六盘水,27.0
20201111,1,NO2_24h,六盘水,30.0
20201111,1,O3,六盘水,61.0
20201111,1,O3_24h,六盘水,97.0
20201111,1,O3_8h,六盘水,61.0
20201111,1,O3_8h_24h,六盘水,61.0
20201111,1,CO,六盘水,0.75
20201111,1,CO_24h,六盘水,0.82
20201111,2,AQI,六盘水,51.0
20201111,2,PM2.5,六盘水,31.0
20201111,2,PM2.5_24h,六盘水,36.0
20201111,2,PM10,六盘水,51.0
20201111,2,PM10_24h,六盘水,61.0
20201111,2,SO2,六盘水,13.0
20201111,2,SO2_24h,六盘水,14.0
20201111,2,NO2,六盘水,28.0
20201111,2,NO2_24h,六盘水,30.0
20201111,2,O3,六盘水,55.0
20201111,2,O3_24h,六盘水,97.0
20201111,2,O3_8h,六盘水,58.0
20201111,2,O3_8h_24h,六盘水,61.0
20201111,2,CO,六盘水,0.78
20201111,2,CO_24h,六盘水,0.8
20201111,3,AQI,六盘水,51.0
20201111,3,PM2.5,六盘水,31.0
20201111,3,PM2.5_24h,六盘水,36.0
20201111,3,PM10,六盘水,52.0
20201111,3,PM10_24h,六盘水,61.0
20201111,3,SO2,六盘水,14.0
20201111,3,SO2_24h,六盘水,14.0
20201111,3,NO2,六盘水,34.0
20201111,3,NO2_24h,六盘水,30.0
20201111,3,O3,六盘水,50.0
20201111,3,O3_24h,六盘水,97.0
20201111,3,O3_8h,六盘水,55.0
20201111,3,O3_8h_24h,六盘水,62.0
20201111,3,CO,六盘水,0.83
20201111,3,CO_24h,六盘水,0.8
20201111,4,AQI,六盘水,46.0
20201111,4,PM2.5,六盘水,28.0
20201111,4,PM2.5_24h,六盘水,35.0
20201111,4,PM10,六盘水,46.0
20201111,4,PM10_24h,六盘水,60.0
20201111,4,SO2,六盘水,13.0
20201111,4,SO2_24h,六盘水,14.0
20201111,4,NO2,六盘水,34.0
20201111,4,NO2_24h,六盘水,29.0
20201111,4,O3,六盘水,45.0
20201111,4,O3_24h,六盘水,97.0
20201111,4,O3_8h,六盘水,53.0
20201111,4,O3_8h_24h,六盘水,62.0
20201111,4,CO,六盘水,0.83
20201111,4,CO_24h,六盘水,0.8
20201111,5,AQI,六盘水,47.0
20201111,5,PM2.5,六盘水,26.0
20201111,5,PM2.5_24h,六盘水,34.0
20201111,5,PM10,六盘水,47.0
20201111,5,PM10_24h,六盘水,59.0
20201111,5,SO2,六盘水,15.0
20201111,5,SO2_24h,六盘水,14.0
20201111,5,NO2,六盘水,32.0
20201111,5,NO2_24h,六盘水,29.0
20201111,5,O3,六盘水,45.0
20201111,5,O3_24h,六盘水,97.0
20201111,5,O3_8h,六盘水,51.0
20201111,5,O3_8h_24h,六盘水,62.0
20201111,5,CO,六盘水,0.95
20201111,5,CO_24h,六盘水,0.8
20201111,6,AQI,六盘水,45.0
20201111,6,PM2.5,六盘水,24.0
20201111,6,PM2.5_24h,六盘水,34.0
20201111,6,PM10,六盘水,45.0
20201111,6,PM10_24h,六盘水,58.0
20201111,6,SO2,六盘水,15.0
20201111,6,SO2_24h,六盘水,14.0
20201111,6,NO2,六盘水,33.0
20201111,6,NO2_24h,六盘水,30.0
20201111,6,O3,六盘水,44.0
20201111,6,O3_24h,六盘水,97.0
20201111,6,O3_8h,六盘水,50.0
20201111,6,O3_8h_24h,六盘水,63.0
20201111,6,CO,六盘水,1.05
20201111,6,CO_24h,六盘水,0.83
20201111,8,AQI,六盘水,47.0
20201111,8,PM2.5,六盘水,27.0
20201111,8,PM2.5_24h,六盘水,32.0
20201111,8,PM10,六盘水,47.0
20201111,8,PM10_24h,六盘水,57.0
20201111,8,SO2,六盘水,19.0
20201111,8,SO2_24h,六盘水,14.0
20201111,8,NO2,六盘水,40.0
20201111,8,NO2_24h,六盘水,30.0
20201111,8,O3,六盘水,36.0
20201111,8,O3_24h,六盘水,97.0
20201111,8,O3_8h,六盘水,47.0
20201111,8,O3_8h_24h,六盘水,63.0
20201111,8,CO,六盘水,1.3
20201111,8,CO_24h,六盘水,0.88
20201111,10,AQI,六盘水,62.0
20201111,10,PM2.5,六盘水,37.0
20201111,10,PM2.5_24h,六盘水,31.0
20201111,10,PM10,六盘水,73.0
20201111,10,PM10_24h,六盘水,56.0
20201111,10,SO2,六盘水,23.0
20201111,10,SO2_24h,六盘水,14.0
20201111,10,NO2,六盘水,42.0
20201111,10,NO2_24h,六盘水,29.0
20201111,10,O3,六盘水,54.0
20201111,10,O3_24h,六盘水,97.0
20201111,10,O3_8h,六盘水,44.0
20201111,10,O3_8h_24h,六盘水,63.0
20201111,10,CO,六盘水,1.25
20201111,10,CO_24h,六盘水,0.85
20201111,11,AQI,六盘水,67.0
20201111,11,PM2.5,六盘水,44.0
20201111,11,PM2.5_24h,六盘水,31.0
20201111,11,PM10,六盘水,83.0
20201111,11,PM10_24h,六盘水,56.0
20201111,11,SO2,六盘水,12.0
20201111,11,SO2_24h,六盘水,13.0
20201111,11,NO2,六盘水,27.0
20201111,11,NO2_24h,六盘水,29.0
20201111,11,O3,六盘水,74.0
20201111,11,O3_24h,六盘水,97.0
20201111,11,O3_8h,六盘水,47.0
20201111,11,O3_8h_24h,六盘水,64.0
20201111,11,CO,六盘水,0.7
20201111,11,CO_24h,六盘水,0.8
20201111,12,AQI,六盘水,54.0
20201111,12,PM2.5,六盘水,29.0
20201111,12,PM2.5_24h,六盘水,31.0
20201111,12,PM10,六盘水,57.0
20201111,12,PM10_24h,六盘水,55.0
20201111,12,SO2,六盘水,8.0
20201111,12,SO2_24h,六盘水,13.0
20201111,12,NO2,六盘水,16.0
20201111,12,NO2_24h,六盘水,28.0
20201111,12,O3,六盘水,84.0
20201111,12,O3_24h,六盘水,97.0
20201111,12,O3_8h,六盘水,52.0
20201111,12,O3_8h_24h,六盘水,65.0
20201111,12,CO,六盘水,0.55
20201111,12,CO_24h,六盘水,0.8
20201111,13,AQI,六盘水,46.0
20201111,13,PM2.5,六盘水,24.0
20201111,13,PM2.5_24h,六盘水,30.0
20201111,13,PM10,六盘水,46.0
20201111,13,PM10_24h,六盘水,54.0
20201111,13,SO2,六盘水,8.0
20201111,13,SO2_24h,六盘水,13.0
20201111,13,NO2,六盘水,10.0
20201111,13,NO2_24h,六盘水,28.0
20201111,13,O3,六盘水,92.0
20201111,13,O3_24h,六盘水,97.0
20201111,13,O3_8h,六盘水,58.0
20201111,13,O3_8h_24h,六盘水,66.0
20201111,13,CO,六盘水,0.47
20201111,13,CO_24h,六盘水,0.8
20201111,14,AQI,六盘水,41.0
20201111,14,PM2.5,六盘水,22.0
20201111,14,PM2.5_24h,六盘水,30.0
20201111,14,PM10,六盘水,41.0
20201111,14,PM10_24h,六盘水,54.0
20201111,14,SO2,六盘水,12.0
20201111,14,SO2_24h,六盘水,13.0
20201111,14,NO2,六盘水,8.0
20201111,14,NO2_24h,六盘水,28.0
20201111,14,O3,六盘水,97.0
20201111,14,O3_24h,六盘水,98.0
20201111,14,O3_8h,六盘水,64.0
20201111,14,O3_8h_24h,六盘水,68.0
20201111,14,CO,六盘水,0.47
20201111,14,CO_24h,六盘水,0.8
20201111,15,AQI,六盘水,35.0
20201111,15,PM2.5,六盘水,21.0
20201111,15,PM2.5_24h,六盘水,30.0
20201111,15,PM10,六盘水,35.0
20201111,15,PM10_24h,六盘水,53.0
20201111,15,SO2,六盘水,7.0
20201111,15,SO2_24h,六盘水,13.0
20201111,15,NO2,六盘水,9.0
20201111,15,NO2_24h,六盘水,28.0
20201111,15,O3,六盘水,99.0
20201111,15,O3_24h,六盘水,100.0
20201111,15,O3_8h,六盘水,72.0
20201111,15,O3_8h_24h,六盘水,72.0
20201111,15,CO,六盘水,0.47
20201111,15,CO_24h,六盘水,0.8
20201111,16,AQI,六盘水,37.0
20201111,16,PM2.5,六盘水,18.0
20201111,16,PM2.5_24h,六盘水,30.0
20201111,16,PM10,六盘水,37.0
20201111,16,PM10_24h,六盘水,53.0
20201111,16,SO2,六盘水,7.0
20201111,16,SO2_24h,六盘水,13.0
20201111,16,NO2,六盘水,8.0
20201111,16,NO2_24h,六盘水,28.0
20201111,16,O3,六盘水,99.0
20201111,16,O3_24h,六盘水,101.0
20201111,16,O3_8h,六盘水,80.0
20201111,16,O3_8h_24h,六盘水,80.0
20201111,16,CO,六盘水,0.47
20201111,16,CO_24h,六盘水,0.8
20201111,17,AQI,六盘水,43.0
20201111,17,PM2.5,六盘水,23.0
20201111,17,PM2.5_24h,六盘水,30.0
20201111,17,PM10,六盘水,43.0
20201111,17,PM10_24h,六盘水,53.0
20201111,17,SO2,六盘水,7.0
20201111,17,SO2_24h,六盘水,13.0
20201111,17,NO2,六盘水,12.0
20201111,17,NO2_24h,六盘水,28.0
20201111,17,O3,六盘水,96.0
20201111,17,O3_24h,六盘水,101.0
20201111,17,O3_8h,六盘水,87.0
20201111,17,O3_8h_24h,六盘水,87.0
20201111,17,CO,六盘水,0.5
20201111,17,CO_24h,六盘水,0.8
20201111,18,AQI,六盘水,44.0
20201111,18,PM2.5,六盘水,17.0
20201111,18,PM2.5_24h,六盘水,30.0
20201111,18,PM10,六盘水,44.0
20201111,18,PM10_24h,六盘水,53.0
20201111,18,SO2,六盘水,7.0
20201111,18,SO2_24h,六盘水,13.0
20201111,18,NO2,六盘水,18.0
20201111,18,NO2_24h,六盘水,29.0
20201111,18,O3,六盘水,92.0
20201111,18,O3_24h,六盘水,101.0
20201111,18,O3_8h,六盘水,92.0
20201111,18,O3_8h_24h,六盘水,92.0
20201111,18,CO,六盘水,0.53
20201111,18,CO_24h,六盘水,0.8
20201111,19,AQI,六盘水,54.0
20201111,19,PM2.5,六盘水,29.0
20201111,19,PM2.5_24h,六盘水,30.0
20201111,19,PM10,六盘水,58.0
20201111,19,PM10_24h,六盘水,54.0
20201111,19,SO2,六盘水,10.0
20201111,19,SO2_24h,六盘水,13.0
20201111,19,NO2,六盘水,31.0
20201111,19,NO2_24h,六盘水,28.0
20201111,19,O3,六盘水,84.0
20201111,19,O3_24h,六盘水,101.0
20201111,19,O3_8h,六盘水,93.0
20201111,19,O3_8h_24h,六盘水,93.0
20201111,19,CO,六盘水,0.63
20201111,19,CO_24h,六盘水,0.8
20201111,20,AQI,六盘水,51.0
20201111,20,PM2.5,六盘水,32.0
20201111,20,PM2.5_24h,六盘水,30.0
20201111,20,PM10,六盘水,52.0
20201111,20,PM10_24h,六盘水,53.0
20201111,20,SO2,六盘水,12.0
20201111,20,SO2_24h,六盘水,14.0
20201111,20,NO2,六盘水,34.0
20201111,20,NO2_24h,六盘水,28.0
20201111,20,O3,六盘水,71.0
20201111,20,O3_24h,六盘水,101.0
20201111,20,O3_8h,六盘水,91.0
20201111,20,O3_8h_24h,六盘水,93.0
20201111,20,CO,六盘水,0.7
20201111,20,CO_24h,六盘水,0.8
20201111,21,AQI,六盘水,52.0
20201111,21,PM2.5,六盘水,34.0
20201111,21,PM2.5_24h,六盘水,30.0
20201111,21,PM10,六盘水,53.0
20201111,21,PM10_24h,六盘水,53.0
20201111,21,SO2,六盘水,15.0
20201111,21,SO2_24h,六盘水,14.0
20201111,21,NO2,六盘水,44.0
20201111,21,NO2_24h,六盘水,28.0
20201111,21,O3,六盘水,58.0
20201111,21,O3_24h,六盘水,101.0
20201111,21,O3_8h,六盘水,87.0
20201111,21,O3_8h_24h,六盘水,93.0
20201111,21,CO,六盘水,0.72
20201111,21,CO_24h,六盘水,0.8
20201111,22,AQI,六盘水,53.0
20201111,22,PM2.5,六盘水,32.0
20201111,22,PM2.5_24h,六盘水,29.0
20201111,22,PM10,六盘水,55.0
20201111,22,PM10_24h,六盘水,52.0
20201111,22,SO2,六盘水,17.0
20201111,22,SO2_24h,六盘水,14.0
20201111,22,NO2,六盘水,47.0
20201111,22,NO2_24h,六盘水,28.0
20201111,22,O3,六盘水,58.0
20201111,22,O3_24h,六盘水,101.0
20201111,22,O3_8h,六盘水,82.0
20201111,22,O3_8h_24h,六盘水,93.0
20201111,22,CO,六盘水,0.85
20201111,22,CO_24h,六盘水,0.83
20201111,23,AQI,六盘水,54.0
20201111,23,PM2.5,六盘水,27.0
20201111,23,PM2.5_24h,六盘水,29.0
20201111,23,PM10,六盘水,58.0
20201111,23,PM10_24h,六盘水,52.0
20201111,23,SO2,六盘水,15.0
20201111,23,SO2_24h,六盘水,14.0
20201111,23,NO2,六盘水,38.0
20201111,23,NO2_24h,六盘水,28.0
20201111,23,O3,六盘水,63.0
20201111,23,O3_24h,六盘水,101.0
20201111,23,O3_8h,六盘水,78.0
20201111,23,O3_8h_24h,六盘水,93.0
20201111,23,CO,六盘水,0.85
20201111,23,CO_24h,六盘水,0.83
20201111,0,AQI,安顺,113.0
20201111,0,PM2.5,安顺,85.0
20201111,0,PM2.5_24h,安顺,38.0
20201111,0,PM10,安顺,107.0
20201111,0,PM10_24h,安顺,59.0
20201111,0,SO2,安顺,67.0
20201111,0,SO2_24h,安顺,38.0
20201111,0,NO2,安顺,49.0
20201111,0,NO2_24h,安顺,33.0
20201111,0,O3,安顺,24.0
20201111,0,O3_24h,安顺,113.0
20201111,0,O3_8h,安顺,58.0
20201111,0,O3_8h_24h,安顺,105.0
20201111,0,CO,安顺,1.3
20201111,0,CO_24h,安顺,0.73
20201111,1,AQI,安顺,104.0
20201111,1,PM2.5,安顺,78.0
20201111,1,PM2.5_24h,安顺,39.0
20201111,1,PM10,安顺,100.0
20201111,1,PM10_24h,安顺,60.0
20201111,1,SO2,安顺,64.0
20201111,1,SO2_24h,安顺,39.0
20201111,1,NO2,安顺,47.0
20201111,1,NO2_24h,安顺,34.0
20201111,1,O3,安顺,21.0
20201111,1,O3_24h,安顺,113.0
20201111,1,O3_8h,安顺,21.0
20201111,1,O3_8h_24h,安顺,21.0
20201111,1,CO,安顺,1.2
20201111,1,CO_24h,安顺,0.73
20201111,2,AQI,安顺,89.0
20201111,2,PM2.5,安顺,66.0
20201111,2,PM2.5_24h,安顺,40.0
20201111,2,PM10,安顺,90.0
20201111,2,PM10_24h,安顺,61.0
20201111,2,SO2,安顺,63.0
20201111,2,SO2_24h,安顺,40.0
20201111,2,NO2,安顺,49.0
20201111,2,NO2_24h,安顺,34.0
20201111,2,O3,安顺,18.0
20201111,2,O3_24h,安顺,113.0
20201111,2,O3_8h,安顺,20.0
20201111,2,O3_8h_24h,安顺,22.0
20201111,2,CO,安顺,1.17
20201111,2,CO_24h,安顺,0.77
20201111,3,AQI,安顺,85.0
20201111,3,PM2.5,安顺,63.0
20201111,3,PM2.5_24h,安顺,41.0
20201111,3,PM10,安顺,84.0
20201111,3,PM10_24h,安顺,61.0
20201111,3,SO2,安顺,62.0
20201111,3,SO2_24h,安顺,40.0
20201111,3,NO2,安顺,51.0
20201111,3,NO2_24h,安顺,34.0
20201111,3,O3,安顺,12.0
20201111,3,O3_24h,安顺,113.0
20201111,3,O3_8h,安顺,17.0
20201111,3,O3_8h_24h,安顺,22.0
20201111,3,CO,安顺,1.17
20201111,3,CO_24h,安顺,0.8
20201111,4,AQI,安顺,73.0
20201111,4,PM2.5,安顺,53.0
20201111,4,PM2.5_24h,安顺,42.0
20201111,4,PM10,安顺,69.0
20201111,4,PM10_24h,安顺,61.0
20201111,4,SO2,安顺,66.0
20201111,4,SO2_24h,安顺,46.0
20201111,4,NO2,安顺,40.0
20201111,4,NO2_24h,安顺,35.0
20201111,4,O3,安顺,22.0
20201111,4,O3_24h,安顺,112.0
20201111,4,O3_8h,安顺,22.0
20201111,4,O3_8h_24h,安顺,30.0
20201111,4,CO,安顺,1.05
20201111,4,CO_24h,安顺,0.85
20201111,5,AQI,安顺,65.0
20201111,5,PM2.5,安顺,47.0
20201111,5,PM2.5_24h,安顺,42.0
20201111,5,PM10,安顺,63.0
20201111,5,PM10_24h,安顺,61.0
20201111,5,SO2,安顺,56.0
20201111,5,SO2_24h,安顺,46.0
20201111,5,NO2,安顺,33.0
20201111,5,NO2_24h,安顺,35.0
20201111,5,O3,安顺,25.0
20201111,5,O3_24h,安顺,112.0
20201111,5,O3_8h,安顺,23.0
20201111,5,O3_8h_24h,安顺,30.0
20201111,5,CO,安顺,0.95
20201111,5,CO_24h,安顺,0.85
20201111,6,AQI,安顺,69.0
20201111,6,PM2.5,安顺,50.0
20201111,6,PM2.5_24h,安顺,42.0
20201111,6,PM10,安顺,63.0
20201111,6,PM10_24h,安顺,61.0
20201111,6,SO2,安顺,59.0
20201111,6,SO2_24h,安顺,46.0
20201111,6,NO2,安顺,30.0
20201111,6,NO2_24h,安顺,35.0
20201111,6,O3,安顺,26.0
20201111,6,O3_24h,安顺,112.0
20201111,6,O3_8h,安顺,23.0
20201111,6,O3_8h_24h,安顺,30.0
20201111,6,CO,安顺,0.85
20201111,6,CO_24h,安顺,0.85
20201111,8,AQI,安顺,70.0
20201111,8,PM2.5,安顺,51.0
20201111,8,PM2.5_24h,安顺,43.0
20201111,8,PM10,安顺,68.0
20201111,8,PM10_24h,安顺,61.0
20201111,8,SO2,安顺,81.0
20201111,8,SO2_24h,安顺,43.0
20201111,8,NO2,安顺,28.0
20201111,8,NO2_24h,安顺,32.0
20201111,8,O3,安顺,33.0
20201111,8,O3_24h,安顺,113.0
20201111,8,O3_8h,安顺,23.0
20201111,8,O3_8h_24h,安顺,27.0
20201111,8,CO,安顺,0.97
20201111,8,CO_24h,安顺,0.83
20201111,10,AQI,安顺,55.0
20201111,10,PM2.5,安顺,39.0
20201111,10,PM2.5_24h,安顺,44.0
20201111,10,PM10,安顺,57.0
20201111,10,PM10_24h,安顺,61.0
20201111,10,SO2,安顺,55.0
20201111,10,SO2_24h,安顺,46.0
20201111,10,NO2,安顺,43.0
20201111,10,NO2_24h,安顺,32.0
20201111,10,O3,安顺,50.0
20201111,10,O3_24h,安顺,113.0
20201111,10,O3_8h,安顺,30.0
20201111,10,O3_8h_24h,安顺,35.0
20201111,10,CO,安顺,1.07
20201111,10,CO_24h,安顺,0.9
20201111,11,AQI,安顺,32.0
20201111,11,PM2.5,安顺,20.0
20201111,11,PM2.5_24h,安顺,44.0
20201111,11,PM10,安顺,32.0
20201111,11,PM10_24h,安顺,61.0
20201111,11,SO2,安顺,22.0
20201111,11,SO2_24h,安顺,47.0
20201111,11,NO2,安顺,18.0
20201111,11,NO2_24h,安顺,32.0
20201111,11,O3,安顺,84.0
20201111,11,O3_24h,安顺,113.0
20201111,11,O3_8h,安顺,41.0
20201111,11,O3_8h_24h,安顺,43.0
20201111,11,CO,安顺,0.53
20201111,11,CO_24h,安顺,0.9
20201111,12,AQI,安顺,31.0
20201111,12,PM2.5,安顺,16.0
20201111,12,PM2.5_24h,安顺,44.0
20201111,12,PM10,安顺,25.0
20201111,12,PM10_24h,安顺,60.0
20201111,12,SO2,安顺,17.0
20201111,12,SO2_24h,安顺,47.0
20201111,12,NO2,安顺,10.0
20201111,12,NO2_24h,安顺,32.0
20201111,12,O3,安顺,98.0
20201111,12,O3_24h,安顺,113.0
20201111,12,O3_8h,安顺,50.0
20201111,12,O3_8h_24h,安顺,50.0
20201111,12,CO,安顺,0.47
20201111,12,CO_24h,安顺,0.9
20201111,13,AQI,安顺,33.0
20201111,13,PM2.5,安顺,15.0
20201111,13,PM2.5_24h,安顺,44.0
20201111,13,PM10,安顺,23.0
20201111,13,PM10_24h,安顺,60.0
20201111,13,SO2,安顺,15.0
20201111,13,SO2_24h,安顺,46.0
20201111,13,NO2,安顺,8.0
20201111,13,NO2_24h,安顺,32.0
20201111,13,O3,安顺,106.0
20201111,13,O3_24h,安顺,113.0
20201111,13,O3_8h,安顺,58.0
20201111,13,O3_8h_24h,安顺,58.0
20201111,13,CO,安顺,0.47
20201111,13,CO_24h,安顺,0.9
20201111,14,AQI,安顺,34.0
20201111,14,PM2.5,安顺,13.0
20201111,14,PM2.5_24h,安顺,44.0
20201111,14,PM10,安顺,22.0
20201111,14,PM10_24h,安顺,60.0
20201111,14,SO2,安顺,14.0
20201111,14,SO2_24h,安顺,46.0
20201111,14,NO2,安顺,8.0
20201111,14,NO2_24h,安顺,31.0
20201111,14,O3,安顺,108.0
20201111,14,O3_24h,安顺,113.0
20201111,14,O3_8h,安顺,67.0
20201111,14,O3_8h_24h,安顺,67.0
20201111,14,CO,安顺,0.47
20201111,14,CO_24h,安顺,0.87
20201111,15,AQI,安顺,33.0
20201111,15,PM2.5,安顺,13.0
20201111,15,PM2.5_24h,安顺,43.0
20201111,15,PM10,安顺,21.0
20201111,15,PM10_24h,安顺,59.0
20201111,15,SO2,安顺,12.0
20201111,15,SO2_24h,安顺,46.0
20201111,15,NO2,安顺,8.0
20201111,15,NO2_24h,安顺,31.0
20201111,15,O3,安顺,107.0
20201111,15,O3_24h,安顺,111.0
20201111,15,O3_8h,安顺,77.0
20201111,15,O3_8h_24h,安顺,77.0
20201111,15,CO,安顺,0.4
20201111,15,CO_24h,安顺,0.87
20201111,16,AQI,安顺,33.0
20201111,16,PM2.5,安顺,12.0
20201111,16,PM2.5_24h,安顺,43.0
20201111,16,PM10,安顺,21.0
20201111,16,PM10_24h,安顺,59.0
20201111,16,SO2,安顺,11.0
20201111,16,SO2_24h,安顺,45.0
20201111,16,NO2,安顺,8.0
20201111,16,NO2_24h,安顺,31.0
20201111,16,O3,安顺,105.0
20201111,16,O3_24h,安顺,109.0
20201111,16,O3_8h,安顺,85.0
20201111,16,O3_8h_24h,安顺,85.0
20201111,16,CO,安顺,0.4
20201111,16,CO_24h,安顺,0.87
20201111,17,AQI,安顺,32.0
20201111,17,PM2.5,安顺,13.0
20201111,17,PM2.5_24h,安顺,43.0
20201111,17,PM10,安顺,20.0
20201111,17,PM10_24h,安顺,59.0
20201111,17,SO2,安顺,12.0
20201111,17,SO2_24h,安顺,45.0
20201111,17,NO2,安顺,9.0
20201111,17,NO2_24h,安顺,31.0
20201111,17,O3,安顺,101.0
20201111,17,O3_24h,安顺,109.0
20201111,17,O3_8h,安顺,95.0
20201111,17,O3_8h_24h,安顺,95.0
20201111,17,CO,安顺,0.43
20201111,17,CO_24h,安顺,0.87
20201111,18,AQI,安顺,32.0
20201111,18,PM2.5,安顺,22.0
20201111,18,PM2.5_24h,安顺,43.0
20201111,18,PM10,安顺,32.0
20201111,18,PM10_24h,安顺,59.0
20201111,18,SO2,安顺,16.0
20201111,18,SO2_24h,安顺,45.0
20201111,18,NO2,安顺,14.0
20201111,18,NO2_24h,安顺,31.0
20201111,18,O3,安顺,91.0
20201111,18,O3_24h,安顺,109.0
20201111,18,O3_8h,安顺,100.0
20201111,18,O3_8h_24h,安顺,100.0
20201111,18,CO,安顺,0.5
20201111,18,CO_24h,安顺,0.9
20201111,19,AQI,安顺,47.0
20201111,19,PM2.5,安顺,33.0
20201111,19,PM2.5_24h,安顺,43.0
20201111,19,PM10,安顺,47.0
20201111,19,PM10_24h,安顺,59.0
20201111,19,SO2,安顺,20.0
20201111,19,SO2_24h,安顺,45.0
20201111,19,NO2,安顺,27.0
20201111,19,NO2_24h,安顺,31.0
20201111,19,O3,安顺,74.0
20201111,19,O3_24h,安顺,109.0
20201111,19,O3_8h,安顺,99.0
20201111,19,O3_8h_24h,安顺,100.0
20201111,19,CO,安顺,0.6
20201111,19,CO_24h,安顺,0.87
20201111,20,AQI,安顺,61.0
20201111,20,PM2.5,安顺,44.0
20201111,20,PM2.5_24h,安顺,43.0
20201111,20,PM10,安顺,62.0
20201111,20,PM10_24h,安顺,59.0
20201111,20,SO2,安顺,22.0
20201111,20,SO2_24h,安顺,44.0
20201111,20,NO2,安顺,26.0
20201111,20,NO2_24h,安顺,31.0
20201111,20,O3,安顺,83.0
20201111,20,O3_24h,安顺,109.0
20201111,20,O3_8h,安顺,97.0
20201111,20,O3_8h_24h,安顺,100.0
20201111,20,CO,安顺,0.67
20201111,20,CO_24h,安顺,0.87
20201111,21,AQI,安顺,73.0
20201111,21,PM2.5,安顺,53.0
20201111,21,PM2.5_24h,安顺,43.0
20201111,21,PM10,安顺,74.0
20201111,21,PM10_24h,安顺,59.0
20201111,21,SO2,安顺,38.0
20201111,21,SO2_24h,安顺,44.0
20201111,21,NO2,安顺,39.0
20201111,21,NO2_24h,安顺,30.0
20201111,21,O3,安顺,75.0
20201111,21,O3_24h,安顺,109.0
20201111,21,O3_8h,安顺,94.0
20201111,21,O3_8h_24h,安顺,100.0
20201111,21,CO,安顺,0.83
20201111,21,CO_24h,安顺,0.83
20201111,22,AQI,安顺,76.0
20201111,22,PM2.5,安顺,56.0
20201111,22,PM2.5_24h,安顺,42.0
20201111,22,PM10,安顺,79.0
20201111,22,PM10_24h,安顺,58.0
20201111,22,SO2,安顺,51.0
20201111,22,SO2_24h,安顺,43.0
20201111,22,NO2,安顺,49.0
20201111,22,NO2_24h,安顺,30.0
20201111,22,O3,安顺,45.0
20201111,22,O3_24h,安顺,109.0
20201111,22,O3_8h,安顺,85.0
20201111,22,O3_8h_24h,安顺,100.0
20201111,22,CO,安顺,0.97
20201111,22,CO_24h,安顺,0.83
20201111,23,AQI,安顺,74.0
20201111,23,PM2.5,安顺,54.0
20201111,23,PM2.5_24h,安顺,41.0
20201111,23,PM10,安顺,75.0
20201111,23,PM10_24h,安顺,57.0
20201111,23,SO2,安顺,52.0
20201111,23,SO2_24h,安顺,42.0
20201111,23,NO2,安顺,48.0
20201111,23,NO2_24h,安顺,30.0
20201111,23,O3,安顺,42.0
20201111,23,O3_24h,安顺,109.0
20201111,23,O3_8h,安顺,75.0
20201111,23,O3_8h_24h,安顺,100.0
20201111,23,CO,安顺,1.0
20201111,23,CO_24h,安顺,0.83
20201111,0,AQI,铜仁地区,53.0
20201111,0,PM2.5,铜仁地区,37.0
20201111,0,PM2.5_24h,铜仁地区,27.0
20201111,0,PM10,铜仁地区,50.0
20201111,0,PM10_24h,铜仁地区,52.0
20201111,0,SO2,铜仁地区,3.0
20201111,0,SO2_24h,铜仁地区,4.0
20201111,0,NO2,铜仁地区,36.0
20201111,0,NO2_24h,铜仁地区,33.0
20201111,0,O3,铜仁地区,14.0
20201111,0,O3_24h,铜仁地区,121.0
20201111,0,O3_8h,铜仁地区,25.0
20201111,0,O3_8h_24h,铜仁地区,74.0
20201111,0,CO,铜仁地区,0.4
20201111,0,CO_24h,铜仁地区,0.5
20201111,1,AQI,铜仁地区,51.0
20201111,1,PM2.5,铜仁地区,36.0
20201111,1,PM2.5_24h,铜仁地区,27.0
20201111,1,PM10,铜仁地区,51.0
20201111,1,PM10_24h,铜仁地区,52.0
20201111,1,SO2,铜仁地区,3.0
20201111,1,SO2_24h,铜仁地区,4.0
20201111,1,NO2,铜仁地区,31.0
20201111,1,NO2_24h,铜仁地区,33.0
20201111,1,O3,铜仁地区,12.0
20201111,1,O3_24h,铜仁地区,121.0
20201111,1,O3_8h,铜仁地区,12.0
20201111,1,O3_8h_24h,铜仁地区,12.0
20201111,1,CO,铜仁地区,0.3
20201111,1,CO_24h,铜仁地区,0.5
20201111,2,AQI,铜仁地区,48.0
20201111,2,PM2.5,铜仁地区,30.0
20201111,2,PM2.5_24h,铜仁地区,27.0
20201111,2,PM10,铜仁地区,48.0
20201111,2,PM10_24h,铜仁地区,52.0
20201111,2,SO2,铜仁地区,3.0
20201111,2,SO2_24h,铜仁地区,4.0
20201111,2,NO2,铜仁地区,25.0
20201111,2,NO2_24h,铜仁地区,33.0
20201111,2,O3,铜仁地区,13.0
20201111,2,O3_24h,铜仁地区,121.0
20201111,2,O3_8h,铜仁地区,13.0
20201111,2,O3_8h_24h,铜仁地区,13.0
20201111,2,CO,铜仁地区,0.3
20201111,2,CO_24h,铜仁地区,0.5
20201111,3,AQI,铜仁地区,44.0
20201111,3,PM2.5,铜仁地区,28.0
20201111,3,PM2.5_24h,铜仁地区,27.0
20201111,3,PM10,铜仁地区,44.0
20201111,3,PM10_24h,铜仁地区,52.0
20201111,3,SO2,铜仁地区,3.0
20201111,3,SO2_24h,铜仁地区,4.0
20201111,3,NO2,铜仁地区,22.0
20201111,3,NO2_24h,铜仁地区,33.0
20201111,3,O3,铜仁地区,14.0
20201111,3,O3_24h,铜仁地区,121.0
20201111,3,O3_8h,铜仁地区,13.0
20201111,3,O3_8h_24h,铜仁地区,13.0
20201111,3,CO,铜仁地区,0.3
20201111,3,CO_24h,铜仁地区,0.5
20201111,4,AQI,铜仁地区,43.0
20201111,4,PM2.5,铜仁地区,30.0
20201111,4,PM2.5_24h,铜仁地区,27.0
20201111,4,PM10,铜仁地区,39.0
20201111,4,PM10_24h,铜仁地区,51.0
20201111,4,SO2,铜仁地区,3.0
20201111,4,SO2_24h,铜仁地区,4.0
20201111,4,NO2,铜仁地区,19.0
20201111,4,NO2_24h,铜仁地区,33.0
20201111,4,O3,铜仁地区,13.0
20201111,4,O3_24h,铜仁地区,121.0
20201111,4,O3_8h,铜仁地区,13.0
20201111,4,O3_8h_24h,铜仁地区,13.0
20201111,4,CO,铜仁地区,0.25
20201111,4,CO_24h,铜仁地区,0.5
20201111,5,AQI,铜仁地区,38.0
20201111,5,PM2.5,铜仁地区,22.0
20201111,5,PM2.5_24h,铜仁地区,27.0
20201111,5,PM10,铜仁地区,38.0
20201111,5,PM10_24h,铜仁地区,51.0
20201111,5,SO2,铜仁地区,3.0
20201111,5,SO2_24h,铜仁地区,4.0
20201111,5,NO2,铜仁地区,16.0
20201111,5,NO2_24h,铜仁地区,33.0
20201111,5,O3,铜仁地区,12.0
20201111,5,O3_24h,铜仁地区,121.0
20201111,5,O3_8h,铜仁地区,12.0
20201111,5,O3_8h_24h,铜仁地区,13.0
20201111,5,CO,铜仁地区,0.25
20201111,5,CO_24h,铜仁地区,0.5
20201111,6,AQI,铜仁地区,39.0
20201111,6,PM2.5,铜仁地区,20.0
20201111,6,PM2.5_24h,铜仁地区,27.0
20201111,6,PM10,铜仁地区,39.0
20201111,6,PM10_24h,铜仁地区,51.0
20201111,6,SO2,铜仁地区,3.0
20201111,6,SO2_24h,铜仁地区,4.0
20201111,6,NO2,铜仁地区,15.0
20201111,6,NO2_24h,铜仁地区,33.0
20201111,6,O3,铜仁地区,10.0
20201111,6,O3_24h,铜仁地区,121.0
20201111,6,O3_8h,铜仁地区,12.0
20201111,6,O3_8h_24h,铜仁地区,13.0
20201111,6,CO,铜仁地区,0.25
20201111,6,CO_24h,铜仁地区,0.5
20201111,8,AQI,铜仁地区,36.0
20201111,8,PM2.5,铜仁地区,21.0
20201111,8,PM2.5_24h,铜仁地区,27.0
20201111,8,PM10,铜仁地区,36.0
20201111,8,PM10_24h,铜仁地区,50.0
20201111,8,SO2,铜仁地区,3.0
20201111,8,SO2_24h,铜仁地区,4.0
20201111,8,NO2,铜仁地区,17.0
20201111,8,NO2_24h,铜仁地区,33.0
20201111,8,O3,铜仁地区,6.0
20201111,8,O3_24h,铜仁地区,121.0
20201111,8,O3_8h,铜仁地区,11.0
20201111,8,O3_8h_24h,铜仁地区,13.0
20201111,8,CO,铜仁地区,0.4
20201111,8,CO_24h,铜仁地区,0.5
20201111,10,AQI,铜仁地区,39.0
20201111,10,PM2.5,铜仁地区,26.0
20201111,10,PM2.5_24h,铜仁地区,27.0
20201111,10,PM10,铜仁地区,39.0
20201111,10,PM10_24h,铜仁地区,49.0
20201111,10,SO2,铜仁地区,4.0
20201111,10,SO2_24h,铜仁地区,4.0
20201111,10,NO2,铜仁地区,25.0
20201111,10,NO2_24h,铜仁地区,33.0
20201111,10,O3,铜仁地区,11.0
20201111,10,O3_24h,铜仁地区,121.0
20201111,10,O3_8h,铜仁地区,10.0
20201111,10,O3_8h_24h,铜仁地区,14.0
20201111,10,CO,铜仁地区,0.6
20201111,10,CO_24h,铜仁地区,0.5
20201111,11,AQI,铜仁地区,45.0
20201111,11,PM2.5,铜仁地区,23.0
20201111,11,PM2.5_24h,铜仁地区,27.0
20201111,11,PM10,铜仁地区,45.0
20201111,11,PM10_24h,铜仁地区,49.0
20201111,11,SO2,铜仁地区,3.0
20201111,11,SO2_24h,铜仁地区,4.0
20201111,11,NO2,铜仁地区,39.0
20201111,11,NO2_24h,铜仁地区,33.0
20201111,11,O3,铜仁地区,16.0
20201111,11,O3_24h,铜仁地区,121.0
20201111,11,O3_8h,铜仁地区,10.0
20201111,11,O3_8h_24h,铜仁地区,14.0
20201111,11,CO,铜仁地区,0.7
20201111,11,CO_24h,铜仁地区,0.5
20201111,12,AQI,铜仁地区,43.0
20201111,12,PM2.5,铜仁地区,30.0
20201111,12,PM2.5_24h,铜仁地区,27.0
20201111,12,PM10,铜仁地区,42.0
20201111,12,PM10_24h,铜仁地区,49.0
20201111,12,SO2,铜仁地区,8.0
20201111,12,SO2_24h,铜仁地区,4.0
20201111,12,NO2,铜仁地区,54.0
20201111,12,NO2_24h,铜仁地区,33.0
20201111,12,O3,铜仁地区,20.0
20201111,12,O3_24h,铜仁地区,121.0
20201111,12,O3_8h,铜仁地区,11.0
20201111,12,O3_8h_24h,铜仁地区,15.0
20201111,12,CO,铜仁地区,0.6
20201111,12,CO_24h,铜仁地区,0.5
20201111,13,AQI,铜仁地区,51.0
20201111,13,PM2.5,铜仁地区,24.0
20201111,13,PM2.5_24h,铜仁地区,27.0
20201111,13,PM10,铜仁地区,51.0
20201111,13,PM10_24h,铜仁地区,49.0
20201111,13,SO2,铜仁地区,7.0
20201111,13,SO2_24h,铜仁地区,4.0
20201111,13,NO2,铜仁地区,50.0
20201111,13,NO2_24h,铜仁地区,33.0
20201111,13,O3,铜仁地区,57.0
20201111,13,O3_24h,铜仁地区,121.0
20201111,13,O3_8h,铜仁地区,17.0
20201111,13,O3_8h_24h,铜仁地区,18.0
20201111,13,CO,铜仁地区,0.55
20201111,13,CO_24h,铜仁地区,0.5
20201111,14,AQI,铜仁地区,46.0
20201111,14,PM2.5,铜仁地区,24.0
20201111,14,PM2.5_24h,铜仁地区,28.0
20201111,14,PM10,铜仁地区,46.0
20201111,14,PM10_24h,铜仁地区,49.0
20201111,14,SO2,铜仁地区,6.0
20201111,14,SO2_24h,铜仁地区,4.0
20201111,14,NO2,铜仁地区,19.0
20201111,14,NO2_24h,铜仁地区,34.0
20201111,14,O3,铜仁地区,111.0
20201111,14,O3_24h,铜仁地区,121.0
20201111,14,O3_8h,铜仁地区,30.0
20201111,14,O3_8h_24h,铜仁地区,30.0
20201111,14,CO,铜仁地区,0.45
20201111,14,CO_24h,铜仁地区,0.5
20201111,15,AQI,铜仁地区,40.0
20201111,15,PM2.5,铜仁地区,10.0
20201111,15,PM2.5_24h,铜仁地区,28.0
20201111,15,PM10,铜仁地区,40.0
20201111,15,PM10_24h,铜仁地区,49.0
20201111,15,SO2,铜仁地区,6.0
20201111,15,SO2_24h,铜仁地区,4.0
20201111,15,NO2,铜仁地区,18.0
20201111,15,NO2_24h,铜仁地区,34.0
20201111,15,O3,铜仁地区,117.0
20201111,15,O3_24h,铜仁地区,119.0
20201111,15,O3_8h,铜仁地区,45.0
20201111,15,O3_8h_24h,铜仁地区,45.0
20201111,15,CO,铜仁地区,0.4
20201111,15,CO_24h,铜仁地区,0.5
20201111,16,AQI,铜仁地区,34.0
20201111,16,PM2.5,铜仁地区,12.0
20201111,16,PM2.5_24h,铜仁地区,29.0
20201111,16,PM10,铜仁地区,29.0
20201111,16,PM10_24h,铜仁地区,49.0
20201111,16,SO2,铜仁地区,5.0
20201111,16,SO2_24h,铜仁地区,4.0
20201111,16,NO2,铜仁地区,21.0
20201111,16,NO2_24h,铜仁地区,34.0
20201111,16,O3,铜仁地区,108.0
20201111,16,O3_24h,铜仁地区,119.0
20201111,16,O3_8h,铜仁地区,58.0
20201111,16,O3_8h_24h,铜仁地区,58.0
20201111,16,CO,铜仁地区,0.4
20201111,16,CO_24h,铜仁地区,0.5
20201111,17,AQI,铜仁地区,29.0
20201111,17,PM2.5,铜仁地区,13.0
20201111,17,PM2.5_24h,铜仁地区,28.0
20201111,17,PM10,铜仁地区,27.0
20201111,17,PM10_24h,铜仁地区,48.0
20201111,17,SO2,铜仁地区,4.0
20201111,17,SO2_24h,铜仁地区,4.0
20201111,17,NO2,铜仁地区,24.0
20201111,17,NO2_24h,铜仁地区,34.0
20201111,17,O3,铜仁地区,94.0
20201111,17,O3_24h,铜仁地区,119.0
20201111,17,O3_8h,铜仁地区,70.0
20201111,17,O3_8h_24h,铜仁地区,70.0
20201111,17,CO,铜仁地区,0.4
20201111,17,CO_24h,铜仁地区,0.5
20201111,18,AQI,铜仁地区,34.0
20201111,18,PM2.5,铜仁地区,11.0
20201111,18,PM2.5_24h,铜仁地区,28.0
20201111,18,PM10,铜仁地区,34.0
20201111,18,PM10_24h,铜仁地区,47.0
20201111,18,SO2,铜仁地区,5.0
20201111,18,SO2_24h,铜仁地区,4.0
20201111,18,NO2,铜仁地区,66.0
20201111,18,NO2_24h,铜仁地区,34.0
20201111,18,O3,铜仁地区,42.0
20201111,18,O3_24h,铜仁地区,119.0
20201111,18,O3_8h,铜仁地区,74.0
20201111,18,O3_8h_24h,铜仁地区,74.0
20201111,18,CO,铜仁地区,0.95
20201111,18,CO_24h,铜仁地区,0.5
20201111,19,AQI,铜仁地区,59.0
20201111,19,PM2.5,铜仁地区,26.0
20201111,19,PM2.5_24h,铜仁地区,28.0
20201111,19,PM10,铜仁地区,67.0
20201111,19,PM10_24h,铜仁地区,47.0
20201111,19,SO2,铜仁地区,4.0
20201111,19,SO2_24h,铜仁地区,4.0
20201111,19,NO2,铜仁地区,79.0
20201111,19,NO2_24h,铜仁地区,34.0
20201111,19,O3,铜仁地区,12.0
20201111,19,O3_24h,铜仁地区,119.0
20201111,19,O3_8h,铜仁地区,74.0
20201111,19,O3_8h_24h,铜仁地区,74.0
20201111,19,CO,铜仁地区,1.55
20201111,19,CO_24h,铜仁地区,0.5
20201111,20,AQI,铜仁地区,77.0
20201111,20,PM2.5,铜仁地区,53.0
20201111,20,PM2.5_24h,铜仁地区,28.0
20201111,20,PM10,铜仁地区,104.0
20201111,20,PM10_24h,铜仁地区,48.0
20201111,20,SO2,铜仁地区,4.0
20201111,20,SO2_24h,铜仁地区,4.0
20201111,20,NO2,铜仁地区,69.0
20201111,20,NO2_24h,铜仁地区,35.0
20201111,20,O3,铜仁地区,8.0
20201111,20,O3_24h,铜仁地区,119.0
20201111,20,O3_8h,铜仁地区,69.0
20201111,20,O3_8h_24h,铜仁地区,74.0
20201111,20,CO,铜仁地区,1.1
20201111,20,CO_24h,铜仁地区,0.5
20201111,21,AQI,铜仁地区,82.0
20201111,21,PM2.5,铜仁地区,55.0
20201111,21,PM2.5_24h,铜仁地区,28.0
20201111,21,PM10,铜仁地区,113.0
20201111,21,PM10_24h,铜仁地区,49.0
20201111,21,SO2,铜仁地区,3.0
20201111,21,SO2_24h,铜仁地区,4.0
20201111,21,NO2,铜仁地区,58.0
20201111,21,NO2_24h,铜仁地区,35.0
20201111,21,O3,铜仁地区,15.0
20201111,21,O3_24h,铜仁地区,119.0
20201111,21,O3_8h,铜仁地区,63.0
20201111,21,O3_8h_24h,铜仁地区,74.0
20201111,21,CO,铜仁地区,0.75
20201111,21,CO_24h,铜仁地区,0.5
20201111,22,AQI,铜仁地区,72.0
20201111,22,PM2.5,铜仁地区,49.0
20201111,22,PM2.5_24h,铜仁地区,28.0
20201111,22,PM10,铜仁地区,94.0
20201111,22,PM10_24h,铜仁地区,51.0
20201111,22,SO2,铜仁地区,3.0
20201111,22,SO2_24h,铜仁地区,4.0
20201111,22,NO2,铜仁地区,49.0
20201111,22,NO2_24h,铜仁地区,35.0
20201111,22,O3,铜仁地区,14.0
20201111,22,O3_24h,铜仁地区,119.0
20201111,22,O3_8h,铜仁地区,51.0
20201111,22,O3_8h_24h,铜仁地区,74.0
20201111,22,CO,铜仁地区,0.6
20201111,22,CO_24h,铜仁地区,0.5
20201111,23,AQI,铜仁地区,66.0
20201111,23,PM2.5,铜仁地区,48.0
20201111,23,PM2.5_24h,铜仁地区,29.0
20201111,23,PM10,铜仁地区,73.0
20201111,23,PM10_24h,铜仁地区,52.0
20201111,23,SO2,铜仁地区,3.0
20201111,23,SO2_24h,铜仁地区,4.0
20201111,23,NO2,铜仁地区,42.0
20201111,23,NO2_24h,铜仁地区,35.0
20201111,23,O3,铜仁地区,15.0
20201111,23,O3_24h,铜仁地区,119.0
20201111,23,O3_8h,铜仁地区,39.0
20201111,23,O3_8h_24h,铜仁地区,74.0
20201111,23,CO,铜仁地区,0.55
20201111,23,CO_24h,铜仁地区,0.55
20201111,0,AQI,毕节,110.0
20201111,0,PM2.5,毕节,83.0
20201111,0,PM2.5_24h,毕节,54.0
20201111,0,PM10,毕节,132.0
20201111,0,PM10_24h,毕节,84.0
20201111,0,SO2,毕节,13.0
20201111,0,SO2_24h,毕节,14.0
20201111,0,NO2,毕节,46.0
20201111,0,NO2_24h,毕节,34.0
20201111,0,O3,毕节,18.0
20201111,0,O3_24h,毕节,123.0
20201111,0,O3_8h,毕节,55.0
20201111,0,O3_8h_24h,毕节,104.0
20201111,0,CO,毕节,0.9
20201111,0,CO_24h,毕节,0.75
20201111,1,AQI,毕节,95.0
20201111,1,PM2.5,毕节,71.0
20201111,1,PM2.5_24h,毕节,54.0
20201111,1,PM10,毕节,113.0
20201111,1,PM10_24h,毕节,84.0
20201111,1,SO2,毕节,10.0
20201111,1,SO2_24h,毕节,14.0
20201111,1,NO2,毕节,39.0
20201111,1,NO2_24h,毕节,34.0
20201111,1,O3,毕节,17.0
20201111,1,O3_24h,毕节,123.0
20201111,1,O3_8h,毕节,17.0
20201111,1,O3_8h_24h,毕节,17.0
20201111,1,CO,毕节,0.75
20201111,1,CO_24h,毕节,0.75
20201111,2,AQI,毕节,90.0
20201111,2,PM2.5,毕节,67.0
20201111,2,PM2.5_24h,毕节,54.0
20201111,2,PM10,毕节,104.0
20201111,2,PM10_24h,毕节,85.0
20201111,2,SO2,毕节,9.0
20201111,2,SO2_24h,毕节,14.0
20201111,2,NO2,毕节,36.0
20201111,2,NO2_24h,毕节,35.0
20201111,2,O3,毕节,16.0
20201111,2,O3_24h,毕节,123.0
20201111,2,O3_8h,毕节,17.0
20201111,2,O3_8h_24h,毕节,17.0
20201111,2,CO,毕节,0.8
20201111,2,CO_24h,毕节,0.75
20201111,3,AQI,毕节,84.0
20201111,3,PM2.5,毕节,62.0
20201111,3,PM2.5_24h,毕节,54.0
20201111,3,PM10,毕节,97.0
20201111,3,PM10_24h,毕节,85.0
20201111,3,SO2,毕节,8.0
20201111,3,SO2_24h,毕节,15.0
20201111,3,NO2,毕节,33.0
20201111,3,NO2_24h,毕节,35.0
20201111,3,O3,毕节,16.0
20201111,3,O3_24h,毕节,123.0
20201111,3,O3_8h,毕节,17.0
20201111,3,O3_8h_24h,毕节,17.0
20201111,3,CO,毕节,0.8
20201111,3,CO_24h,毕节,0.75
20201111,4,AQI,毕节,81.0
20201111,4,PM2.5,毕节,60.0
20201111,4,PM2.5_24h,毕节,54.0
20201111,4,PM10,毕节,91.0
20201111,4,PM10_24h,毕节,85.0
20201111,4,SO2,毕节,8.0
20201111,4,SO2_24h,毕节,15.0
20201111,4,NO2,毕节,31.0
20201111,4,NO2_24h,毕节,35.0
20201111,4,O3,毕节,15.0
20201111,4,O3_24h,毕节,123.0
20201111,4,O3_8h,毕节,16.0
20201111,4,O3_8h_24h,毕节,17.0
20201111,4,CO,毕节,0.75
20201111,4,CO_24h,毕节,0.75
20201111,5,AQI,毕节,75.0
20201111,5,PM2.5,毕节,55.0
20201111,5,PM2.5_24h,毕节,54.0
20201111,5,PM10,毕节,83.0
20201111,5,PM10_24h,毕节,85.0
20201111,5,SO2,毕节,9.0
20201111,5,SO2_24h,毕节,15.0
20201111,5,NO2,毕节,26.0
20201111,5,NO2_24h,毕节,36.0
20201111,5,O3,毕节,14.0
20201111,5,O3_24h,毕节,123.0
20201111,5,O3_8h,毕节,16.0
20201111,5,O3_8h_24h,毕节,17.0
20201111,5,CO,毕节,0.7
20201111,5,CO_24h,毕节,0.75
20201111,6,AQI,毕节,70.0
20201111,6,PM2.5,毕节,51.0
20201111,6,PM2.5_24h,毕节,54.0
20201111,6,PM10,毕节,76.0
20201111,6,PM10_24h,毕节,85.0
20201111,6,SO2,毕节,9.0
20201111,6,SO2_24h,毕节,15.0
20201111,6,NO2,毕节,25.0
20201111,6,NO2_24h,毕节,36.0
20201111,6,O3,毕节,13.0
20201111,6,O3_24h,毕节,123.0
20201111,6,O3_8h,毕节,15.0
20201111,6,O3_8h_24h,毕节,17.0
20201111,6,CO,毕节,0.65
20201111,6,CO_24h,毕节,0.75
20201111,8,AQI,毕节,60.0
20201111,8,PM2.5,毕节,43.0
20201111,8,PM2.5_24h,毕节,54.0
20201111,8,PM10,毕节,66.0
20201111,8,PM10_24h,毕节,84.0
20201111,8,SO2,毕节,8.0
20201111,8,SO2_24h,毕节,15.0
20201111,8,NO2,毕节,21.0
20201111,8,NO2_24h,毕节,36.0
20201111,8,O3,毕节,13.0
20201111,8,O3_24h,毕节,123.0
20201111,8,O3_8h,毕节,15.0
20201111,8,O3_8h_24h,毕节,17.0
20201111,8,CO,毕节,0.8
20201111,8,CO_24h,毕节,0.75
20201111,10,AQI,毕节,76.0
20201111,10,PM2.5,毕节,56.0
20201111,10,PM2.5_24h,毕节,54.0
20201111,10,PM10,毕节,91.0
20201111,10,PM10_24h,毕节,86.0
20201111,10,SO2,毕节,25.0
20201111,10,SO2_24h,毕节,16.0
20201111,10,NO2,毕节,42.0
20201111,10,NO2_24h,毕节,37.0
20201111,10,O3,毕节,20.0
20201111,10,O3_24h,毕节,123.0
20201111,10,O3_8h,毕节,15.0
20201111,10,O3_8h_24h,毕节,18.0
20201111,10,CO,毕节,1.05
20201111,10,CO_24h,毕节,0.75
20201111,11,AQI,毕节,74.0
20201111,11,PM2.5,毕节,54.0
20201111,11,PM2.5_24h,毕节,54.0
20201111,11,PM10,毕节,90.0
20201111,11,PM10_24h,毕节,86.0
20201111,11,SO2,毕节,21.0
20201111,11,SO2_24h,毕节,15.0
20201111,11,NO2,毕节,53.0
20201111,11,NO2_24h,毕节,37.0
20201111,11,O3,毕节,31.0
20201111,11,O3_24h,毕节,123.0
20201111,11,O3_8h,毕节,17.0
20201111,11,O3_8h_24h,毕节,20.0
20201111,11,CO,毕节,0.85
20201111,11,CO_24h,毕节,0.75
20201111,12,AQI,毕节,57.0
20201111,12,PM2.5,毕节,37.0
20201111,12,PM2.5_24h,毕节,54.0
20201111,12,PM10,毕节,64.0
20201111,12,PM10_24h,毕节,86.0
20201111,12,SO2,毕节,22.0
20201111,12,SO2_24h,毕节,16.0
20201111,12,NO2,毕节,38.0
20201111,12,NO2_24h,毕节,37.0
20201111,12,O3,毕节,61.0
20201111,12,O3_24h,毕节,123.0
20201111,12,O3_8h,毕节,23.0
20201111,12,O3_8h_24h,毕节,23.0
20201111,12,CO,毕节,0.5
20201111,12,CO_24h,毕节,0.75
20201111,13,AQI,毕节,55.0
20201111,13,PM2.5,毕节,34.0
20201111,13,PM2.5_24h,毕节,53.0
20201111,13,PM10,毕节,59.0
20201111,13,PM10_24h,毕节,85.0
20201111,13,SO2,毕节,28.0
20201111,13,SO2_24h,毕节,16.0
20201111,13,NO2,毕节,26.0
20201111,13,NO2_24h,毕节,37.0
20201111,13,O3,毕节,83.0
20201111,13,O3_24h,毕节,123.0
20201111,13,O3_8h,毕节,32.0
20201111,13,O3_8h_24h,毕节,32.0
20201111,13,CO,毕节,0.4
20201111,13,CO_24h,毕节,0.75
20201111,14,AQI,毕节,52.0
20201111,14,PM2.5,毕节,30.0
20201111,14,PM2.5_24h,毕节,53.0
20201111,14,PM10,毕节,53.0
20201111,14,PM10_24h,毕节,86.0
20201111,14,SO2,毕节,29.0
20201111,14,SO2_24h,毕节,16.0
20201111,14,NO2,毕节,22.0
20201111,14,NO2_24h,毕节,37.0
20201111,14,O3,毕节,114.0
20201111,14,O3_24h,毕节,123.0
20201111,14,O3_8h,毕节,44.0
20201111,14,O3_8h_24h,毕节,44.0
20201111,14,CO,毕节,0.4
20201111,14,CO_24h,毕节,0.75
20201111,15,AQI,毕节,47.0
20201111,15,PM2.5,毕节,27.0
20201111,15,PM2.5_24h,毕节,53.0
20201111,15,PM10,毕节,47.0
20201111,15,PM10_24h,毕节,86.0
20201111,15,SO2,毕节,20.0
20201111,15,SO2_24h,毕节,16.0
20201111,15,NO2,毕节,18.0
20201111,15,NO2_24h,毕节,37.0
20201111,15,O3,毕节,127.0
20201111,15,O3_24h,毕节,127.0
20201111,15,O3_8h,毕节,58.0
20201111,15,O3_8h_24h,毕节,58.0
20201111,15,CO,毕节,0.4
20201111,15,CO_24h,毕节,0.75
20201111,16,AQI,毕节,46.0
20201111,16,PM2.5,毕节,27.0
20201111,16,PM2.5_24h,毕节,54.0
20201111,16,PM10,毕节,46.0
20201111,16,PM10_24h,毕节,86.0
20201111,16,SO2,毕节,14.0
20201111,16,SO2_24h,毕节,16.0
20201111,16,NO2,毕节,16.0
20201111,16,NO2_24h,毕节,37.0
20201111,16,O3,毕节,132.0
20201111,16,O3_24h,毕节,132.0
20201111,16,O3_8h,毕节,74.0
20201111,16,O3_8h_24h,毕节,74.0
20201111,16,CO,毕节,0.35
20201111,16,CO_24h,毕节,0.75
20201111,17,AQI,毕节,53.0
20201111,17,PM2.5,毕节,31.0
20201111,17,PM2.5_24h,毕节,54.0
20201111,17,PM10,毕节,55.0
20201111,17,PM10_24h,毕节,87.0
20201111,17,SO2,毕节,18.0
20201111,17,SO2_24h,毕节,16.0
20201111,17,NO2,毕节,20.0
20201111,17,NO2_24h,毕节,37.0
20201111,17,O3,毕节,132.0
20201111,17,O3_24h,毕节,132.0
20201111,17,O3_8h,毕节,87.0
20201111,17,O3_8h_24h,毕节,87.0
20201111,17,CO,毕节,0.4
20201111,17,CO_24h,毕节,0.75
20201111,18,AQI,毕节,55.0
20201111,18,PM2.5,毕节,35.0
20201111,18,PM2.5_24h,毕节,54.0
20201111,18,PM10,毕节,60.0
20201111,18,PM10_24h,毕节,87.0
20201111,18,SO2,毕节,17.0
20201111,18,SO2_24h,毕节,16.0
20201111,18,NO2,毕节,25.0
20201111,18,NO2_24h,毕节,37.0
20201111,18,O3,毕节,122.0
20201111,18,O3_24h,毕节,132.0
20201111,18,O3_8h,毕节,100.0
20201111,18,O3_8h_24h,毕节,100.0
20201111,18,CO,毕节,0.4
20201111,18,CO_24h,毕节,0.75
20201111,19,AQI,毕节,65.0
20201111,19,PM2.5,毕节,46.0
20201111,19,PM2.5_24h,毕节,54.0
20201111,19,PM10,毕节,79.0
20201111,19,PM10_24h,毕节,87.0
20201111,19,SO2,毕节,23.0
20201111,19,SO2_24h,毕节,15.0
20201111,19,NO2,毕节,50.0
20201111,19,NO2_24h,毕节,37.0
20201111,19,O3,毕节,79.0
20201111,19,O3_24h,毕节,132.0
20201111,19,O3_8h,毕节,106.0
20201111,19,O3_8h_24h,毕节,106.0
20201111,19,CO,毕节,0.8
20201111,19,CO_24h,毕节,0.75
20201111,20,AQI,毕节,79.0
20201111,20,PM2.5,毕节,58.0
20201111,20,PM2.5_24h,毕节,54.0
20201111,20,PM10,毕节,98.0
20201111,20,PM10_24h,毕节,87.0
20201111,20,SO2,毕节,21.0
20201111,20,SO2_24h,毕节,16.0
20201111,20,NO2,毕节,78.0
20201111,20,NO2_24h,毕节,37.0
20201111,20,O3,毕节,36.0
20201111,20,O3_24h,毕节,132.0
20201111,20,O3_8h,毕节,103.0
20201111,20,O3_8h_24h,毕节,106.0
20201111,20,CO,毕节,1.1
20201111,20,CO_24h,毕节,0.75
20201111,21,AQI,毕节,116.0
20201111,21,PM2.5,毕节,88.0
20201111,21,PM2.5_24h,毕节,55.0
20201111,21,PM10,毕节,150.0
20201111,21,PM10_24h,毕节,88.0
20201111,21,SO2,毕节,17.0
20201111,21,SO2_24h,毕节,16.0
20201111,21,NO2,毕节,84.0
20201111,21,NO2_24h,毕节,37.0
20201111,21,O3,毕节,15.0
20201111,21,O3_24h,毕节,132.0
20201111,21,O3_8h,毕节,94.0
20201111,21,O3_8h_24h,毕节,106.0
20201111,21,CO,毕节,1.05
20201111,21,CO_24h,毕节,0.75
20201111,22,AQI,毕节,138.0
20201111,22,PM2.5,毕节,105.0
20201111,22,PM2.5_24h,毕节,55.0
20201111,22,PM10,毕节,172.0
20201111,22,PM10_24h,毕节,89.0
20201111,22,SO2,毕节,18.0
20201111,22,SO2_24h,毕节,16.0
20201111,22,NO2,毕节,62.0
20201111,22,NO2_24h,毕节,37.0
20201111,22,O3,毕节,25.0
20201111,22,O3_24h,毕节,132.0
20201111,22,O3_8h,毕节,84.0
20201111,22,O3_8h_24h,毕节,106.0
20201111,22,CO,毕节,1.25
20201111,22,CO_24h,毕节,0.75
20201111,23,AQI,毕节,136.0
20201111,23,PM2.5,毕节,104.0
20201111,23,PM2.5_24h,毕节,55.0
20201111,23,PM10,毕节,171.0
20201111,23,PM10_24h,毕节,90.0
20201111,23,SO2,毕节,14.0
20201111,23,SO2_24h,毕节,16.0
20201111,23,NO2,毕节,52.0
20201111,23,NO2_24h,毕节,37.0
20201111,23,O3,毕节,23.0
20201111,23,O3_24h,毕节,132.0
20201111,23,O3_8h,毕节,70.0
20201111,23,O3_8h_24h,毕节,106.0
20201111,23,CO,毕节,0.95
20201111,23,CO_24h,毕节,0.75
20201111,0,AQI,黔西南州,54.0
20201111,0,PM2.5,黔西南州,31.0
20201111,0,PM2.5_24h,黔西南州,32.0
20201111,0,PM10,黔西南州,58.0
20201111,0,PM10_24h,黔西南州,48.0
20201111,0,SO2,黔西南州,6.0
20201111,0,SO2_24h,黔西南州,15.0
20201111,0,NO2,黔西南州,50.0
20201111,0,NO2_24h,黔西南州,35.0
20201111,0,O3,黔西南州,18.0
20201111,0,O3_24h,黔西南州,121.0
20201111,0,O3_8h,黔西南州,52.0
20201111,0,O3_8h_24h,黔西南州,107.0
20201111,0,CO,黔西南州,0.5
20201111,0,CO_24h,黔西南州,0.6
20201111,1,AQI,黔西南州,50.0
20201111,1,PM2.5,黔西南州,26.0
20201111,1,PM2.5_24h,黔西南州,31.0
20201111,1,PM10,黔西南州,50.0
20201111,1,PM10_24h,黔西南州,47.0
20201111,1,SO2,黔西南州,19.0
20201111,1,SO2_24h,黔西南州,16.0
20201111,1,NO2,黔西南州,46.0
20201111,1,NO2_24h,黔西南州,35.0
20201111,1,O3,黔西南州,21.0
20201111,1,O3_24h,黔西南州,121.0
20201111,1,O3_8h,黔西南州,21.0
20201111,1,O3_8h_24h,黔西南州,21.0
20201111,1,CO,黔西南州,0.45
20201111,1,CO_24h,黔西南州,0.6
20201111,2,AQI,黔西南州,49.0
20201111,2,PM2.5,黔西南州,29.0
20201111,2,PM2.5_24h,黔西南州,31.0
20201111,2,PM10,黔西南州,49.0
20201111,2,PM10_24h,黔西南州,47.0
20201111,2,SO2,黔西南州,19.0
20201111,2,SO2_24h,黔西南州,15.0
20201111,2,NO2,黔西南州,42.0
20201111,2,NO2_24h,黔西南州,35.0
20201111,2,O3,黔西南州,21.0
20201111,2,O3_24h,黔西南州,121.0
20201111,2,O3_8h,黔西南州,21.0
20201111,2,O3_8h_24h,黔西南州,22.0
20201111,2,CO,黔西南州,0.45
20201111,2,CO_24h,黔西南州,0.6
20201111,3,AQI,黔西南州,44.0
20201111,3,PM2.5,黔西南州,26.0
20201111,3,PM2.5_24h,黔西南州,30.0
20201111,3,PM10,黔西南州,44.0
20201111,3,PM10_24h,黔西南州,47.0
20201111,3,SO2,黔西南州,17.0
20201111,3,SO2_24h,黔西南州,15.0
20201111,3,NO2,黔西南州,39.0
20201111,3,NO2_24h,黔西南州,35.0
20201111,3,O3,黔西南州,20.0
20201111,3,O3_24h,黔西南州,121.0
20201111,3,O3_8h,黔西南州,21.0
20201111,3,O3_8h_24h,黔西南州,23.0
20201111,3,CO,黔西南州,0.45
20201111,3,CO_24h,黔西南州,0.6
20201111,4,AQI,黔西南州,41.0
20201111,4,PM2.5,黔西南州,27.0
20201111,4,PM2.5_24h,黔西南州,30.0
20201111,4,PM10,黔西南州,41.0
20201111,4,PM10_24h,黔西南州,46.0
20201111,4,SO2,黔西南州,14.0
20201111,4,SO2_24h,黔西南州,14.0
20201111,4,NO2,黔西南州,34.0
20201111,4,NO2_24h,黔西南州,34.0
20201111,4,O3,黔西南州,21.0
20201111,4,O3_24h,黔西南州,121.0
20201111,4,O3_8h,黔西南州,21.0
20201111,4,O3_8h_24h,黔西南州,23.0
20201111,4,CO,黔西南州,0.45
20201111,4,CO_24h,黔西南州,0.6
20201111,5,AQI,黔西南州,39.0
20201111,5,PM2.5,黔西南州,26.0
20201111,5,PM2.5_24h,黔西南州,29.0
20201111,5,PM10,黔西南州,39.0
20201111,5,PM10_24h,黔西南州,45.0
20201111,5,SO2,黔西南州,17.0
20201111,5,SO2_24h,黔西南州,14.0
20201111,5,NO2,黔西南州,34.0
20201111,5,NO2_24h,黔西南州,34.0
20201111,5,O3,黔西南州,19.0
20201111,5,O3_24h,黔西南州,121.0
20201111,5,O3_8h,黔西南州,21.0
20201111,5,O3_8h_24h,黔西南州,23.0
20201111,5,CO,黔西南州,0.45
20201111,5,CO_24h,黔西南州,0.6
20201111,6,AQI,黔西南州,36.0
20201111,6,PM2.5,黔西南州,22.0
20201111,6,PM2.5_24h,黔西南州,28.0
20201111,6,PM10,黔西南州,36.0
20201111,6,PM10_24h,黔西南州,45.0
20201111,6,SO2,黔西南州,14.0
20201111,6,SO2_24h,黔西南州,14.0
20201111,6,NO2,黔西南州,28.0
20201111,6,NO2_24h,黔西南州,34.0
20201111,6,O3,黔西南州,21.0
20201111,6,O3_24h,黔西南州,121.0
20201111,6,O3_8h,黔西南州,21.0
20201111,6,O3_8h_24h,黔西南州,23.0
20201111,6,CO,黔西南州,0.4
20201111,6,CO_24h,黔西南州,0.55
20201111,8,AQI,黔西南州,36.0
20201111,8,PM2.5,黔西南州,21.0
20201111,8,PM2.5_24h,黔西南州,26.0
20201111,8,PM10,黔西南州,36.0
20201111,8,PM10_24h,黔西南州,43.0
20201111,8,SO2,黔西南州,14.0
20201111,8,SO2_24h,黔西南州,13.0
20201111,8,NO2,黔西南州,37.0
20201111,8,NO2_24h,黔西南州,34.0
20201111,8,O3,黔西南州,9.0
20201111,8,O3_24h,黔西南州,121.0
20201111,8,O3_8h,黔西南州,19.0
20201111,8,O3_8h_24h,黔西南州,23.0
20201111,8,CO,黔西南州,0.7
20201111,8,CO_24h,黔西南州,0.5
20201111,10,AQI,黔西南州,44.0
20201111,10,PM2.5,黔西南州,30.0
20201111,10,PM2.5_24h,黔西南州,25.0
20201111,10,PM10,黔西南州,44.0
20201111,10,PM10_24h,黔西南州,42.0
20201111,10,SO2,黔西南州,23.0
20201111,10,SO2_24h,黔西南州,15.0
20201111,10,NO2,黔西南州,26.0
20201111,10,NO2_24h,黔西南州,32.0
20201111,10,O3,黔西南州,25.0
20201111,10,O3_24h,黔西南州,119.0
20201111,10,O3_8h,黔西南州,19.0
20201111,10,O3_8h_24h,黔西南州,24.0
20201111,10,CO,黔西南州,0.6
20201111,10,CO_24h,黔西南州,0.6
20201111,11,AQI,黔西南州,38.0
20201111,11,PM2.5,黔西南州,18.0
20201111,11,PM2.5_24h,黔西南州,24.0
20201111,11,PM10,黔西南州,38.0
20201111,11,PM10_24h,黔西南州,41.0
20201111,11,SO2,黔西南州,20.0
20201111,11,SO2_24h,黔西南州,12.0
20201111,11,NO2,黔西南州,32.0
20201111,11,NO2_24h,黔西南州,34.0
20201111,11,O3,黔西南州,28.0
20201111,11,O3_24h,黔西南州,121.0
20201111,11,O3_8h,黔西南州,18.0
20201111,11,O3_8h_24h,黔西南州,23.0
20201111,11,CO,黔西南州,0.7
20201111,11,CO_24h,黔西南州,0.5
20201111,12,AQI,黔西南州,52.0
20201111,12,PM2.5,黔西南州,16.0
20201111,12,PM2.5_24h,黔西南州,23.0
20201111,12,PM10,黔西南州,29.0
20201111,12,PM10_24h,黔西南州,39.0
20201111,12,SO2,黔西南州,164.0
20201111,12,SO2_24h,黔西南州,19.0
20201111,12,NO2,黔西南州,36.0
20201111,12,NO2_24h,黔西南州,34.0
20201111,12,O3,黔西南州,59.0
20201111,12,O3_24h,黔西南州,121.0
20201111,12,O3_8h,黔西南州,23.0
20201111,12,O3_8h_24h,黔西南州,23.0
20201111,12,CO,黔西南州,0.55
20201111,12,CO_24h,黔西南州,0.5
20201111,13,AQI,黔西南州,30.0
20201111,13,PM2.5,黔西南州,16.0
20201111,13,PM2.5_24h,黔西南州,22.0
20201111,13,PM10,黔西南州,30.0
20201111,13,PM10_24h,黔西南州,38.0
20201111,13,SO2,黔西南州,7.0
20201111,13,SO2_24h,黔西南州,18.0
20201111,13,NO2,黔西南州,20.0
20201111,13,NO2_24h,黔西南州,34.0
20201111,13,O3,黔西南州,97.0
20201111,13,O3_24h,黔西南州,121.0
20201111,13,O3_8h,黔西南州,35.0
20201111,13,O3_8h_24h,黔西南州,35.0
20201111,13,CO,黔西南州,0.4
20201111,13,CO_24h,黔西南州,0.5
20201111,14,AQI,黔西南州,33.0
20201111,14,PM2.5,黔西南州,6.0
20201111,14,PM2.5_24h,黔西南州,22.0
20201111,14,PM10,黔西南州,18.0
20201111,14,PM10_24h,黔西南州,37.0
20201111,14,SO2,黔西南州,10.0
20201111,14,SO2_24h,黔西南州,18.0
20201111,14,NO2,黔西南州,17.0
20201111,14,NO2_24h,黔西南州,34.0
20201111,14,O3,黔西南州,105.0
20201111,14,O3_24h,黔西南州,120.0
20201111,14,O3_8h,黔西南州,47.0
20201111,14,O3_8h_24h,黔西南州,47.0
20201111,14,CO,黔西南州,0.4
20201111,14,CO_24h,黔西南州,0.5
20201111,15,AQI,黔西南州,35.0
20201111,15,PM2.5,黔西南州,7.0
20201111,15,PM2.5_24h,黔西南州,22.0
20201111,15,PM10,黔西南州,16.0
20201111,15,PM10_24h,黔西南州,37.0
20201111,15,SO2,黔西南州,7.0
20201111,15,SO2_24h,黔西南州,18.0
20201111,15,NO2,黔西南州,16.0
20201111,15,NO2_24h,黔西南州,34.0
20201111,15,O3,黔西南州,112.0
20201111,15,O3_24h,黔西南州,118.0
20201111,15,O3_8h,黔西南州,61.0
20201111,15,O3_8h_24h,黔西南州,61.0
20201111,15,CO,黔西南州,0.4
20201111,15,CO_24h,黔西南州,0.5
20201111,16,AQI,黔西南州,36.0
20201111,16,PM2.5,黔西南州,8.0
20201111,16,PM2.5_24h,黔西南州,22.0
20201111,16,PM10,黔西南州,17.0
20201111,16,PM10_24h,黔西南州,37.0
20201111,16,SO2,黔西南州,6.0
20201111,16,SO2_24h,黔西南州,18.0
20201111,16,NO2,黔西南州,14.0
20201111,16,NO2_24h,黔西南州,35.0
20201111,16,O3,黔西南州,116.0
20201111,16,O3_24h,黔西南州,118.0
20201111,16,O3_8h,黔西南州,77.0
20201111,16,O3_8h_24h,黔西南州,77.0
20201111,16,CO,黔西南州,0.4
20201111,16,CO_24h,黔西南州,0.5
20201111,17,AQI,黔西南州,36.0
20201111,17,PM2.5,黔西南州,8.0
20201111,17,PM2.5_24h,黔西南州,21.0
20201111,17,PM10,黔西南州,15.0
20201111,17,PM10_24h,黔西南州,37.0
20201111,17,SO2,黔西南州,5.0
20201111,17,SO2_24h,黔西南州,18.0
20201111,17,NO2,黔西南州,13.0
20201111,17,NO2_24h,黔西南州,35.0
20201111,17,O3,黔西南州,115.0
20201111,17,O3_24h,黔西南州,116.0
20201111,17,O3_8h,黔西南州,92.0
20201111,17,O3_8h_24h,黔西南州,92.0
20201111,17,CO,黔西南州,0.4
20201111,17,CO_24h,黔西南州,0.5
20201111,18,AQI,黔西南州,33.0
20201111,18,PM2.5,黔西南州,9.0
20201111,18,PM2.5_24h,黔西南州,21.0
20201111,18,PM10,黔西南州,18.0
20201111,18,PM10_24h,黔西南州,36.0
20201111,18,SO2,黔西南州,4.0
20201111,18,SO2_24h,黔西南州,18.0
20201111,18,NO2,黔西南州,16.0
20201111,18,NO2_24h,黔西南州,35.0
20201111,18,O3,黔西南州,107.0
20201111,18,O3_24h,黔西南州,116.0
20201111,18,O3_8h,黔西南州,97.0
20201111,18,O3_8h_24h,黔西南州,97.0
20201111,18,CO,黔西南州,0.4
20201111,18,CO_24h,黔西南州,0.5
20201111,19,AQI,黔西南州,27.0
20201111,19,PM2.5,黔西南州,17.0
20201111,19,PM2.5_24h,黔西南州,21.0
20201111,19,PM10,黔西南州,27.0
20201111,19,PM10_24h,黔西南州,36.0
20201111,19,SO2,黔西南州,6.0
20201111,19,SO2_24h,黔西南州,18.0
20201111,19,NO2,黔西南州,29.0
20201111,19,NO2_24h,黔西南州,35.0
20201111,19,O3,黔西南州,81.0
20201111,19,O3_24h,黔西南州,116.0
20201111,19,O3_8h,黔西南州,99.0
20201111,19,O3_8h_24h,黔西南州,101.0
20201111,19,CO,黔西南州,0.65
20201111,19,CO_24h,黔西南州,0.5
20201111,20,AQI,黔西南州,39.0
20201111,20,PM2.5,黔西南州,27.0
20201111,20,PM2.5_24h,黔西南州,21.0
20201111,20,PM10,黔西南州,35.0
20201111,20,PM10_24h,黔西南州,35.0
20201111,20,SO2,黔西南州,7.0
20201111,20,SO2_24h,黔西南州,18.0
20201111,20,NO2,黔西南州,54.0
20201111,20,NO2_24h,黔西南州,35.0
20201111,20,O3,黔西南州,39.0
20201111,20,O3_24h,黔西南州,116.0
20201111,20,O3_8h,黔西南州,96.0
20201111,20,O3_8h_24h,黔西南州,101.0
20201111,20,CO,黔西南州,0.95
20201111,20,CO_24h,黔西南州,0.55
20201111,21,AQI,黔西南州,55.0
20201111,21,PM2.5,黔西南州,39.0
20201111,21,PM2.5_24h,黔西南州,21.0
20201111,21,PM10,黔西南州,43.0
20201111,21,PM10_24h,黔西南州,35.0
20201111,21,SO2,黔西南州,6.0
20201111,21,SO2_24h,黔西南州,18.0
20201111,21,NO2,黔西南州,54.0
20201111,21,NO2_24h,黔西南州,35.0
20201111,21,O3,黔西南州,29.0
20201111,21,O3_24h,黔西南州,116.0
20201111,21,O3_8h,黔西南州,88.0
20201111,21,O3_8h_24h,黔西南州,101.0
20201111,21,CO,黔西南州,0.85
20201111,21,CO_24h,黔西南州,0.55
20201111,22,AQI,黔西南州,60.0
20201111,22,PM2.5,黔西南州,43.0
20201111,22,PM2.5_24h,黔西南州,22.0
20201111,22,PM10,黔西南州,55.0
20201111,22,PM10_24h,黔西南州,35.0
20201111,22,SO2,黔西南州,6.0
20201111,22,SO2_24h,黔西南州,18.0
20201111,22,NO2,黔西南州,63.0
20201111,22,NO2_24h,黔西南州,35.0
20201111,22,O3,黔西南州,11.0
20201111,22,O3_24h,黔西南州,116.0
20201111,22,O3_8h,黔西南州,76.0
20201111,22,O3_8h_24h,黔西南州,101.0
20201111,22,CO,黔西南州,0.85
20201111,22,CO_24h,黔西南州,0.55
20201111,23,AQI,黔西南州,59.0
20201111,23,PM2.5,黔西南州,41.0
20201111,23,PM2.5_24h,黔西南州,22.0
20201111,23,PM10,黔西南州,68.0
20201111,23,PM10_24h,黔西南州,35.0
20201111,23,SO2,黔西南州,5.0
20201111,23,SO2_24h,黔西南州,18.0
20201111,23,NO2,黔西南州,66.0
20201111,23,NO2_24h,黔西南州,35.0
20201111,23,O3,黔西南州,5.0
20201111,23,O3_24h,黔西南州,116.0
20201111,23,O3_8h,黔西南州,63.0
20201111,23,O3_8h_24h,黔西南州,101.0
20201111,23,CO,黔西南州,0.75
20201111,23,CO_24h,黔西南州,0.55
20201111,0,AQI,黔东南州,55.0
20201111,0,PM2.5,黔东南州,33.0
20201111,0,PM2.5_24h,黔东南州,29.0
20201111,0,PM10,黔东南州,59.0
20201111,0,PM10_24h,黔东南州,52.0
20201111,0,SO2,黔东南州,10.0
20201111,0,SO2_24h,黔东南州,21.0
20201111,0,NO2,黔东南州,57.0
20201111,0,NO2_24h,黔东南州,43.0
20201111,0,O3,黔东南州,18.0
20201111,0,O3_24h,黔东南州,116.0
20201111,0,O3_8h,黔东南州,38.0
20201111,0,O3_8h_24h,黔东南州,87.0
20201111,0,CO,黔东南州,0.6
20201111,0,CO_24h,黔东南州,0.65
20201111,1,AQI,黔东南州,50.0
20201111,1,PM2.5,黔东南州,29.0
20201111,1,PM2.5_24h,黔东南州,29.0
20201111,1,PM10,黔东南州,50.0
20201111,1,PM10_24h,黔东南州,52.0
20201111,1,SO2,黔东南州,8.0
20201111,1,SO2_24h,黔东南州,21.0
20201111,1,NO2,黔东南州,38.0
20201111,1,NO2_24h,黔东南州,43.0
20201111,1,O3,黔东南州,30.0
20201111,1,O3_24h,黔东南州,116.0
20201111,1,O3_8h,黔东南州,30.0
20201111,1,O3_8h_24h,黔东南州,30.0
20201111,1,CO,黔东南州,0.5
20201111,1,CO_24h,黔东南州,0.65
20201111,2,AQI,黔东南州,49.0
20201111,2,PM2.5,黔东南州,29.0
20201111,2,PM2.5_24h,黔东南州,29.0
20201111,2,PM10,黔东南州,49.0
20201111,2,PM10_24h,黔东南州,52.0
20201111,2,SO2,黔东南州,6.0
20201111,2,SO2_24h,黔东南州,21.0
20201111,2,NO2,黔东南州,46.0
20201111,2,NO2_24h,黔东南州,43.0
20201111,2,O3,黔东南州,19.0
20201111,2,O3_24h,黔东南州,116.0
20201111,2,O3_8h,黔东南州,25.0
20201111,2,O3_8h_24h,黔东南州,30.0
20201111,2,CO,黔东南州,0.55
20201111,2,CO_24h,黔东南州,0.65
20201111,3,AQI,黔东南州,47.0
20201111,3,PM2.5,黔东南州,28.0
20201111,3,PM2.5_24h,黔东南州,29.0
20201111,3,PM10,黔东南州,47.0
20201111,3,PM10_24h,黔东南州,52.0
20201111,3,SO2,黔东南州,5.0
20201111,3,SO2_24h,黔东南州,21.0
20201111,3,NO2,黔东南州,45.0
20201111,3,NO2_24h,黔东南州,43.0
20201111,3,O3,黔东南州,12.0
20201111,3,O3_24h,黔东南州,116.0
20201111,3,O3_8h,黔东南州,20.0
20201111,3,O3_8h_24h,黔东南州,30.0
20201111,3,CO,黔东南州,0.5
20201111,3,CO_24h,黔东南州,0.65
20201111,4,AQI,黔东南州,44.0
20201111,4,PM2.5,黔东南州,26.0
20201111,4,PM2.5_24h,黔东南州,29.0
20201111,4,PM10,黔东南州,44.0
20201111,4,PM10_24h,黔东南州,52.0
20201111,4,SO2,黔东南州,4.0
20201111,4,SO2_24h,黔东南州,21.0
20201111,4,NO2,黔东南州,39.0
20201111,4,NO2_24h,黔东南州,42.0
20201111,4,O3,黔东南州,14.0
20201111,4,O3_24h,黔东南州,116.0
20201111,4,O3_8h,黔东南州,19.0
20201111,4,O3_8h_24h,黔东南州,30.0
20201111,4,CO,黔东南州,0.5
20201111,4,CO_24h,黔东南州,0.65
20201111,5,AQI,黔东南州,41.0
20201111,5,PM2.5,黔东南州,25.0
20201111,5,PM2.5_24h,黔东南州,29.0
20201111,5,PM10,黔东南州,41.0
20201111,5,PM10_24h,黔东南州,52.0
20201111,5,SO2,黔东南州,5.0
20201111,5,SO2_24h,黔东南州,21.0
20201111,5,NO2,黔东南州,36.0
20201111,5,NO2_24h,黔东南州,42.0
20201111,5,O3,黔东南州,13.0
20201111,5,O3_24h,黔东南州,116.0
20201111,5,O3_8h,黔东南州,18.0
20201111,5,O3_8h_24h,黔东南州,30.0
20201111,5,CO,黔东南州,0.5
20201111,5,CO_24h,黔东南州,0.65
20201111,6,AQI,黔东南州,43.0
20201111,6,PM2.5,黔东南州,28.0
20201111,6,PM2.5_24h,黔东南州,30.0
20201111,6,PM10,黔东南州,43.0
20201111,6,PM10_24h,黔东南州,52.0
20201111,6,SO2,黔东南州,4.0
20201111,6,SO2_24h,黔东南州,21.0
20201111,6,NO2,黔东南州,30.0
20201111,6,NO2_24h,黔东南州,42.0
20201111,6,O3,黔东南州,12.0
20201111,6,O3_24h,黔东南州,116.0
20201111,6,O3_8h,黔东南州,17.0
20201111,6,O3_8h_24h,黔东南州,30.0
20201111,6,CO,黔东南州,0.5
20201111,6,CO_24h,黔东南州,0.65
20201111,8,AQI,黔东南州,44.0
20201111,8,PM2.5,黔东南州,30.0
20201111,8,PM2.5_24h,黔东南州,26.0
20201111,8,PM10,黔东南州,44.0
20201111,8,PM10_24h,黔东南州,46.0
20201111,8,SO2,黔东南州,5.0
20201111,8,SO2_24h,黔东南州,19.0
20201111,8,NO2,黔东南州,26.0
20201111,8,NO2_24h,黔东南州,32.0
20201111,8,O3,黔东南州,7.0
20201111,8,O3_24h,黔东南州,120.0
20201111,8,O3_8h,黔东南州,15.0
20201111,8,O3_8h_24h,黔东南州,41.0
20201111,8,CO,黔东南州,0.7
20201111,8,CO_24h,黔东南州,0.7
20201111,10,AQI,黔东南州,60.0
20201111,10,PM2.5,黔东南州,42.0
20201111,10,PM2.5_24h,黔东南州,30.0
20201111,10,PM10,黔东南州,70.0
20201111,10,PM10_24h,黔东南州,52.0
20201111,10,SO2,黔东南州,12.0
20201111,10,SO2_24h,黔东南州,21.0
20201111,10,NO2,黔东南州,37.0
20201111,10,NO2_24h,黔东南州,42.0
20201111,10,O3,黔东南州,17.0
20201111,10,O3_24h,黔东南州,116.0
20201111,10,O3_8h,黔东南州,12.0
20201111,10,O3_8h_24h,黔东南州,30.0
20201111,10,CO,黔东南州,0.8
20201111,10,CO_24h,黔东南州,0.65
20201111,11,AQI,黔东南州,56.0
20201111,11,PM2.5,黔东南州,36.0
20201111,11,PM2.5_24h,黔东南州,31.0
20201111,11,PM10,黔东南州,61.0
20201111,11,PM10_24h,黔东南州,52.0
20201111,11,SO2,黔东南州,32.0
20201111,11,SO2_24h,黔东南州,21.0
20201111,11,NO2,黔东南州,43.0
20201111,11,NO2_24h,黔东南州,42.0
20201111,11,O3,黔东南州,42.0
20201111,11,O3_24h,黔东南州,116.0
20201111,11,O3_8h,黔东南州,16.0
20201111,11,O3_8h_24h,黔东南州,30.0
20201111,11,CO,黔东南州,0.7
20201111,11,CO_24h,黔东南州,0.65
20201111,12,AQI,黔东南州,51.0
20201111,12,PM2.5,黔东南州,29.0
20201111,12,PM2.5_24h,黔东南州,30.0
20201111,12,PM10,黔东南州,52.0
20201111,12,PM10_24h,黔东南州,52.0
20201111,12,SO2,黔东南州,37.0
20201111,12,SO2_24h,黔东南州,21.0
20201111,12,NO2,黔东南州,28.0
20201111,12,NO2_24h,黔东南州,42.0
20201111,12,O3,黔东南州,78.0
20201111,12,O3_24h,黔东南州,116.0
20201111,12,O3_8h,黔东南州,25.0
20201111,12,O3_8h_24h,黔东南州,34.0
20201111,12,CO,黔东南州,0.65
20201111,12,CO_24h,黔东南州,0.65
20201111,13,AQI,黔东南州,51.0
20201111,13,PM2.5,黔东南州,30.0
20201111,13,PM2.5_24h,黔东南州,30.0
20201111,13,PM10,黔东南州,52.0
20201111,13,PM10_24h,黔东南州,52.0
20201111,13,SO2,黔东南州,37.0
20201111,13,SO2_24h,黔东南州,20.0
20201111,13,NO2,黔东南州,29.0
20201111,13,NO2_24h,黔东南州,43.0
20201111,13,O3_24h,黔东南州,116.0
20201111,13,O3_8h,黔东南州,26.0
20201111,13,O3_8h_24h,黔东南州,35.0
20201111,13,CO,黔东南州,0.6
20201111,13,CO_24h,黔东南州,0.65
20201111,14,AQI,黔东南州,48.0
20201111,14,PM2.5,黔东南州,29.0
20201111,14,PM2.5_24h,黔东南州,31.0
20201111,14,PM10,黔东南州,48.0
20201111,14,PM10_24h,黔东南州,52.0
20201111,14,SO2,黔东南州,31.0
20201111,14,SO2_24h,黔东南州,17.0
20201111,14,NO2,黔东南州,25.0
20201111,14,NO2_24h,黔东南州,43.0
20201111,14,O3,黔东南州,118.0
20201111,14,O3_24h,黔东南州,100.0
20201111,14,O3_8h,黔东南州,36.0
20201111,14,O3_8h_24h,黔东南州,36.0
20201111,14,CO,黔东南州,0.55
20201111,14,CO_24h,黔东南州,0.65
20201111,15,AQI,黔东南州,47.0
20201111,15,PM2.5,黔东南州,28.0
20201111,15,PM2.5_24h,黔东南州,31.0
20201111,15,PM10,黔东南州,47.0
20201111,15,PM10_24h,黔东南州,52.0
20201111,15,SO2,黔东南州,68.0
20201111,15,SO2_24h,黔东南州,16.0
20201111,15,NO2,黔东南州,24.0
20201111,15,NO2_24h,黔东南州,43.0
20201111,15,O3,黔东南州,121.0
20201111,15,O3_24h,黔东南州,121.0
20201111,15,O3_8h,黔东南州,56.0
20201111,15,O3_8h_24h,黔东南州,56.0
20201111,15,CO,黔东南州,0.55
20201111,15,CO_24h,黔东南州,0.65
20201111,16,AQI,黔东南州,46.0
20201111,16,PM2.5,黔东南州,27.0
20201111,16,PM2.5_24h,黔东南州,31.0
20201111,16,PM10,黔东南州,46.0
20201111,16,PM10_24h,黔东南州,52.0
20201111,16,SO2,黔东南州,57.0
20201111,16,SO2_24h,黔东南州,17.0
20201111,16,NO2,黔东南州,27.0
20201111,16,NO2_24h,黔东南州,44.0
20201111,16,O3,黔东南州,124.0
20201111,16,O3_24h,黔东南州,126.0
20201111,16,O3_8h,黔东南州,70.0
20201111,16,O3_8h_24h,黔东南州,70.0
20201111,16,CO,黔东南州,0.6
20201111,16,CO_24h,黔东南州,0.65
20201111,17,AQI,黔东南州,49.0
20201111,17,PM2.5,黔东南州,31.0
20201111,17,PM2.5_24h,黔东南州,32.0
20201111,17,PM10,黔东南州,49.0
20201111,17,PM10_24h,黔东南州,53.0
20201111,17,SO2,黔东南州,63.0
20201111,17,SO2_24h,黔东南州,19.0
20201111,17,NO2,黔东南州,27.0
20201111,17,NO2_24h,黔东南州,43.0
20201111,17,O3,黔东南州,122.0
20201111,17,O3_24h,黔东南州,126.0
20201111,17,O3_8h,黔东南州,84.0
20201111,17,O3_8h_24h,黔东南州,84.0
20201111,17,CO,黔东南州,0.6
20201111,17,CO_24h,黔东南州,0.65
20201111,18,AQI,黔东南州,55.0
20201111,18,PM2.5,黔东南州,38.0
20201111,18,PM2.5_24h,黔东南州,32.0
20201111,18,PM10,黔东南州,60.0
20201111,18,PM10_24h,黔东南州,54.0
20201111,18,SO2,黔东南州,57.0
20201111,18,SO2_24h,黔东南州,20.0
20201111,18,NO2,黔东南州,49.0
20201111,18,NO2_24h,黔东南州,44.0
20201111,18,O3,黔东南州,94.0
20201111,18,O3_24h,黔东南州,126.0
20201111,18,O3_8h,黔东南州,97.0
20201111,18,O3_8h_24h,黔东南州,97.0
20201111,18,CO,黔东南州,0.7
20201111,18,CO_24h,黔东南州,0.65
20201111,19,AQI,黔东南州,69.0
20201111,19,PM2.5,黔东南州,50.0
20201111,19,PM2.5_24h,黔东南州,33.0
20201111,19,PM10,黔东南州,76.0
20201111,19,PM10_24h,黔东南州,55.0
20201111,19,SO2,黔东南州,46.0
20201111,19,SO2_24h,黔东南州,22.0
20201111,19,NO2,黔东南州,79.0
20201111,19,NO2_24h,黔东南州,45.0
20201111,19,O3,黔东南州,47.0
20201111,19,O3_24h,黔东南州,126.0
20201111,19,O3_8h,黔东南州,97.0
20201111,19,O3_8h_24h,黔东南州,99.0
20201111,19,CO,黔东南州,0.7
20201111,19,CO_24h,黔东南州,0.65
20201111,20,AQI,黔东南州,69.0
20201111,20,PM2.5,黔东南州,50.0
20201111,20,PM2.5_24h,黔东南州,33.0
20201111,20,PM10,黔东南州,76.0
20201111,20,PM10_24h,黔东南州,55.0
20201111,20,SO2,黔东南州,40.0
20201111,20,SO2_24h,黔东南州,23.0
20201111,20,NO2,黔东南州,79.0
20201111,20,NO2_24h,黔东南州,45.0
20201111,20,O3,黔东南州,34.0
20201111,20,O3_24h,黔东南州,126.0
20201111,20,O3_8h,黔东南州,90.0
20201111,20,O3_8h_24h,黔东南州,99.0
20201111,20,CO,黔东南州,0.75
20201111,20,CO_24h,黔东南州,0.65
20201111,21,AQI,黔东南州,71.0
20201111,21,PM2.5,黔东南州,52.0
20201111,21,PM2.5_24h,黔东南州,34.0
20201111,21,PM10,黔东南州,82.0
20201111,21,PM10_24h,黔东南州,56.0
20201111,21,SO2,黔东南州,32.0
20201111,21,SO2_24h,黔东南州,24.0
20201111,21,NO2,黔东南州,68.0
20201111,21,NO2_24h,黔东南州,45.0
20201111,21,O3,黔东南州,33.0
20201111,21,O3_24h,黔东南州,126.0
20201111,21,O3_8h,黔东南州,82.0
20201111,21,O3_8h_24h,黔东南州,99.0
20201111,21,CO,黔东南州,0.75
20201111,21,CO_24h,黔东南州,0.65
20201111,22,AQI,黔东南州,79.0
20201111,22,PM2.5,黔东南州,58.0
20201111,22,PM2.5_24h,黔东南州,34.0
20201111,22,PM10,黔东南州,96.0
20201111,22,PM10_24h,黔东南州,57.0
20201111,22,SO2,黔东南州,24.0
20201111,22,SO2_24h,黔东南州,25.0
20201111,22,NO2,黔东南州,76.0
20201111,22,NO2_24h,黔东南州,44.0
20201111,22,O3,黔东南州,14.0
20201111,22,O3_24h,黔东南州,126.0
20201111,22,O3_8h,黔东南州,71.0
20201111,22,O3_8h_24h,黔东南州,99.0
20201111,22,CO,黔东南州,0.8
20201111,22,CO_24h,黔东南州,0.65
20201111,23,AQI,黔东南州,70.0
20201111,23,PM2.5,黔东南州,51.0
20201111,23,PM2.5_24h,黔东南州,35.0
20201111,23,PM10,黔东南州,84.0
20201111,23,PM10_24h,黔东南州,58.0
20201111,23,SO2,黔东南州,21.0
20201111,23,SO2_24h,黔东南州,25.0
20201111,23,NO2,黔东南州,74.0
20201111,23,NO2_24h,黔东南州,45.0
20201111,23,O3,黔东南州,9.0
20201111,23,O3_24h,黔东南州,126.0
20201111,23,O3_8h,黔东南州,56.0
20201111,23,O3_8h_24h,黔东南州,99.0
20201111,23,CO,黔东南州,0.7
20201111,23,CO_24h,黔东南州,0.65
20201111,0,AQI,黔南州,55.0
20201111,0,PM2.5,黔南州,31.0
20201111,0,PM2.5_24h,黔南州,24.0
20201111,0,PM10,黔南州,59.0
20201111,0,PM10_24h,黔南州,47.0
20201111,0,SO2,黔南州,10.0
20201111,0,SO2_24h,黔南州,9.0
20201111,0,NO2,黔南州,17.0
20201111,0,NO2_24h,黔南州,18.0
20201111,0,O3,黔南州,50.0
20201111,0,O3_24h,黔南州,107.0
20201111,0,O3_8h,黔南州,65.0
20201111,0,O3_8h_24h,黔南州,100.0
20201111,0,CO,黔南州,0.7
20201111,0,CO_24h,黔南州,0.6
20201111,1,AQI,黔南州,51.0
20201111,1,PM2.5,黔南州,32.0
20201111,1,PM2.5_24h,黔南州,24.0
20201111,1,PM10,黔南州,52.0
20201111,1,PM10_24h,黔南州,48.0
20201111,1,SO2,黔南州,9.0
20201111,1,SO2_24h,黔南州,10.0
20201111,1,NO2,黔南州,17.0
20201111,1,NO2_24h,黔南州,18.0
20201111,1,O3,黔南州,45.0
20201111,1,O3_24h,黔南州,107.0
20201111,1,O3_8h,黔南州,45.0
20201111,1,O3_8h_24h,黔南州,45.0
20201111,1,CO,黔南州,0.6
20201111,1,CO_24h,黔南州,0.6
20201111,2,AQI,黔南州,47.0
20201111,2,PM2.5,黔南州,31.0
20201111,2,PM2.5_24h,黔南州,25.0
20201111,2,PM10,黔南州,47.0
20201111,2,PM10_24h,黔南州,48.0
20201111,2,SO2,黔南州,9.0
20201111,2,SO2_24h,黔南州,10.0
20201111,2,NO2,黔南州,19.0
20201111,2,NO2_24h,黔南州,19.0
20201111,2,O3,黔南州,38.0
20201111,2,O3_24h,黔南州,107.0
20201111,2,O3_8h,黔南州,42.0
20201111,2,O3_8h_24h,黔南州,45.0
20201111,2,CO,黔南州,0.6
20201111,2,CO_24h,黔南州,0.6
20201111,3,AQI,黔南州,48.0
20201111,3,PM2.5,黔南州,30.0
20201111,3,PM2.5_24h,黔南州,25.0
20201111,3,PM10,黔南州,48.0
20201111,3,PM10_24h,黔南州,48.0
20201111,3,SO2,黔南州,8.0
20201111,3,SO2_24h,黔南州,9.0
20201111,3,NO2,黔南州,21.0
20201111,3,NO2_24h,黔南州,19.0
20201111,3,O3,黔南州,36.0
20201111,3,O3_24h,黔南州,107.0
20201111,3,O3_8h,黔南州,40.0
20201111,3,O3_8h_24h,黔南州,45.0
20201111,3,CO,黔南州,0.7
20201111,3,CO_24h,黔南州,0.6
20201111,4,AQI,黔南州,46.0
20201111,4,PM2.5,黔南州,26.0
20201111,4,PM2.5_24h,黔南州,25.0
20201111,4,PM10,黔南州,46.0
20201111,4,PM10_24h,黔南州,48.0
20201111,4,SO2,黔南州,8.0
20201111,4,SO2_24h,黔南州,9.0
20201111,4,NO2,黔南州,20.0
20201111,4,NO2_24h,黔南州,19.0
20201111,4,O3,黔南州,32.0
20201111,4,O3_24h,黔南州,107.0
20201111,4,O3_8h,黔南州,38.0
20201111,4,O3_8h_24h,黔南州,45.0
20201111,4,CO,黔南州,0.7
20201111,4,CO_24h,黔南州,0.6
20201111,5,AQI,黔南州,51.0
20201111,5,PM2.5,黔南州,28.0
20201111,5,PM2.5_24h,黔南州,25.0
20201111,5,PM10,黔南州,51.0
20201111,5,PM10_24h,黔南州,49.0
20201111,5,SO2,黔南州,7.0
20201111,5,SO2_24h,黔南州,9.0
20201111,5,NO2,黔南州,22.0
20201111,5,NO2_24h,黔南州,19.0
20201111,5,O3,黔南州,22.0
20201111,5,O3_24h,黔南州,107.0
20201111,5,O3_8h,黔南州,35.0
20201111,5,O3_8h_24h,黔南州,45.0
20201111,5,CO,黔南州,0.7
20201111,5,CO_24h,黔南州,0.6
20201111,6,AQI,黔南州,44.0
20201111,6,PM2.5,黔南州,26.0
20201111,6,PM2.5_24h,黔南州,25.0
20201111,6,PM10,黔南州,44.0
20201111,6,PM10_24h,黔南州,49.0
20201111,6,SO2,黔南州,6.0
20201111,6,SO2_24h,黔南州,9.0
20201111,6,NO2,黔南州,18.0
20201111,6,NO2_24h,黔南州,19.0
20201111,6,O3,黔南州,23.0
20201111,6,O3_24h,黔南州,107.0
20201111,6,O3_8h,黔南州,33.0
20201111,6,O3_8h_24h,黔南州,45.0
20201111,6,CO,黔南州,0.7
20201111,6,CO_24h,黔南州,0.6
20201111,8,AQI,黔南州,47.0
20201111,8,PM2.5,黔南州,26.0
20201111,8,PM2.5_24h,黔南州,25.0
20201111,8,PM10,黔南州,47.0
20201111,8,PM10_24h,黔南州,48.0
20201111,8,SO2,黔南州,5.0
20201111,8,SO2_24h,黔南州,9.0
20201111,8,NO2,黔南州,21.0
20201111,8,NO2_24h,黔南州,19.0
20201111,8,O3,黔南州,12.0
20201111,8,O3_24h,黔南州,107.0
20201111,8,O3_8h,黔南州,28.0
20201111,8,O3_8h_24h,黔南州,45.0
20201111,8,CO,黔南州,0.7
20201111,8,CO_24h,黔南州,0.6
20201111,10,AQI,黔南州,44.0
20201111,10,PM2.5,黔南州,27.0
20201111,10,PM2.5_24h,黔南州,25.0
20201111,10,PM10,黔南州,44.0
20201111,10,PM10_24h,黔南州,47.0
20201111,10,SO2,黔南州,6.0
20201111,10,SO2_24h,黔南州,9.0
20201111,10,NO2,黔南州,18.0
20201111,10,NO2_24h,黔南州,19.0
20201111,10,O3,黔南州,27.0
20201111,10,O3_24h,黔南州,107.0
20201111,10,O3_8h,黔南州,24.0
20201111,10,O3_8h_24h,黔南州,45.0
20201111,10,CO,黔南州,0.7
20201111,10,CO_24h,黔南州,0.6
20201111,11,AQI,黔南州,42.0
20201111,11,PM2.5,黔南州,20.0
20201111,11,PM2.5_24h,黔南州,24.0
20201111,11,PM10,黔南州,42.0
20201111,11,PM10_24h,黔南州,46.0
20201111,11,SO2,黔南州,9.0
20201111,11,SO2_24h,黔南州,8.0
20201111,11,NO2,黔南州,21.0
20201111,11,NO2_24h,黔南州,19.0
20201111,11,O3,黔南州,55.0
20201111,11,O3_24h,黔南州,107.0
20201111,11,O3_8h,黔南州,26.0
20201111,11,O3_8h_24h,黔南州,45.0
20201111,11,CO,黔南州,0.7
20201111,11,CO_24h,黔南州,0.6
20201111,12,AQI,黔南州,51.0
20201111,12,PM2.5,黔南州,27.0
20201111,12,PM2.5_24h,黔南州,24.0
20201111,12,PM10,黔南州,52.0
20201111,12,PM10_24h,黔南州,45.0
20201111,12,SO2,黔南州,12.0
20201111,12,SO2_24h,黔南州,8.0
20201111,12,NO2,黔南州,20.0
20201111,12,NO2_24h,黔南州,19.0
20201111,12,O3,黔南州,86.0
20201111,12,O3_24h,黔南州,107.0
20201111,12,O3_8h,黔南州,33.0
20201111,12,O3_8h_24h,黔南州,45.0
20201111,12,CO,黔南州,0.6
20201111,12,CO_24h,黔南州,0.6
20201111,13,AQI,黔南州,54.0
20201111,13,PM2.5,黔南州,23.0
20201111,13,PM2.5_24h,黔南州,24.0
20201111,13,PM10,黔南州,58.0
20201111,13,PM10_24h,黔南州,45.0
20201111,13,SO2,黔南州,12.0
20201111,13,SO2_24h,黔南州,8.0
20201111,13,NO2,黔南州,16.0
20201111,13,NO2_24h,黔南州,19.0
20201111,13,O3,黔南州,99.0
20201111,13,O3_24h,黔南州,107.0
20201111,13,O3_8h,黔南州,42.0
20201111,13,O3_8h_24h,黔南州,45.0
20201111,13,CO,黔南州,0.6
20201111,13,CO_24h,黔南州,0.6
20201111,14,AQI,黔南州,46.0
20201111,14,PM2.5,黔南州,20.0
20201111,14,PM2.5_24h,黔南州,24.0
20201111,14,PM10,黔南州,46.0
20201111,14,PM10_24h,黔南州,45.0
20201111,14,SO2,黔南州,13.0
20201111,14,SO2_24h,黔南州,9.0
20201111,14,NO2,黔南州,16.0
20201111,14,NO2_24h,黔南州,19.0
20201111,14,O3,黔南州,103.0
20201111,14,O3_24h,黔南州,106.0
20201111,14,O3_8h,黔南州,52.0
20201111,14,O3_8h_24h,黔南州,52.0
20201111,14,CO,黔南州,0.6
20201111,14,CO_24h,黔南州,0.7
20201111,15,AQI,黔南州,43.0
20201111,15,PM2.5,黔南州,22.0
20201111,15,PM2.5_24h,黔南州,25.0
20201111,15,PM10,黔南州,43.0
20201111,15,PM10_24h,黔南州,45.0
20201111,15,SO2,黔南州,14.0
20201111,15,SO2_24h,黔南州,9.0
20201111,15,NO2,黔南州,15.0
20201111,15,NO2_24h,黔南州,19.0
20201111,15,O3,黔南州,102.0
20201111,15,O3_24h,黔南州,106.0
20201111,15,O3_8h,黔南州,63.0
20201111,15,O3_8h_24h,黔南州,63.0
20201111,15,CO,黔南州,0.5
20201111,15,CO_24h,黔南州,0.7
20201111,16,AQI,黔南州,41.0
20201111,16,PM2.5,黔南州,16.0
20201111,16,PM2.5_24h,黔南州,25.0
20201111,16,PM10,黔南州,41.0
20201111,16,PM10_24h,黔南州,46.0
20201111,16,SO2,黔南州,15.0
20201111,16,SO2_24h,黔南州,9.0
20201111,16,NO2,黔南州,11.0
20201111,16,NO2_24h,黔南州,19.0
20201111,16,O3,黔南州,109.0
20201111,16,O3_24h,黔南州,109.0
20201111,16,O3_8h,黔南州,75.0
20201111,16,O3_8h_24h,黔南州,75.0
20201111,16,CO,黔南州,0.5
20201111,16,CO_24h,黔南州,0.7
20201111,17,AQI,黔南州,39.0
20201111,17,PM2.5,黔南州,15.0
20201111,17,PM2.5_24h,黔南州,25.0
20201111,17,PM10,黔南州,39.0
20201111,17,PM10_24h,黔南州,47.0
20201111,17,SO2,黔南州,13.0
20201111,17,SO2_24h,黔南州,9.0
20201111,17,NO2,黔南州,7.0
20201111,17,NO2_24h,黔南州,19.0
20201111,17,O3,黔南州,112.0
20201111,17,O3_24h,黔南州,112.0
20201111,17,O3_8h,黔南州,87.0
20201111,17,O3_8h_24h,黔南州,87.0
20201111,17,CO,黔南州,0.5
20201111,17,CO_24h,黔南州,0.7
20201111,18,AQI,黔南州,32.0
20201111,18,PM2.5,黔南州,14.0
20201111,18,PM2.5_24h,黔南州,25.0
20201111,18,PM10,黔南州,30.0
20201111,18,PM10_24h,黔南州,47.0
20201111,18,SO2,黔南州,10.0
20201111,18,SO2_24h,黔南州,10.0
20201111,18,NO2,黔南州,6.0
20201111,18,NO2_24h,黔南州,19.0
20201111,18,O3,黔南州,101.0
20201111,18,O3_24h,黔南州,112.0
20201111,18,O3_8h,黔南州,96.0
20201111,18,O3_8h_24h,黔南州,96.0
20201111,18,CO,黔南州,0.5
20201111,18,CO_24h,黔南州,0.7
20201111,19,AQI,黔南州,30.0
20201111,19,PM2.5,黔南州,11.0
20201111,19,PM2.5_24h,黔南州,25.0
20201111,19,PM10,黔南州,27.0
20201111,19,PM10_24h,黔南州,47.0
20201111,19,SO2,黔南州,12.0
20201111,19,SO2_24h,黔南州,10.0
20201111,19,NO2,黔南州,8.0
20201111,19,NO2_24h,黔南州,19.0
20201111,19,O3,黔南州,96.0
20201111,19,O3_24h,黔南州,112.0
20201111,19,O3_8h,黔南州,101.0
20201111,19,O3_8h_24h,黔南州,101.0
20201111,19,CO,黔南州,0.6
20201111,19,CO_24h,黔南州,0.6
20201111,20,AQI,黔南州,34.0
20201111,20,PM2.5,黔南州,16.0
20201111,20,PM2.5_24h,黔南州,24.0
20201111,20,PM10,黔南州,34.0
20201111,20,PM10_24h,黔南州,46.0
20201111,20,SO2,黔南州,13.0
20201111,20,SO2_24h,黔南州,10.0
20201111,20,NO2,黔南州,28.0
20201111,20,NO2_24h,黔南州,18.0
20201111,20,O3,黔南州,59.0
20201111,20,O3_24h,黔南州,112.0
20201111,20,O3_8h,黔南州,98.0
20201111,20,O3_8h_24h,黔南州,101.0
20201111,20,CO,黔南州,0.7
20201111,20,CO_24h,黔南州,0.6
20201111,21,AQI,黔南州,52.0
20201111,21,PM2.5,黔南州,33.0
20201111,21,PM2.5_24h,黔南州,25.0
20201111,21,PM10,黔南州,54.0
20201111,21,PM10_24h,黔南州,46.0
20201111,21,SO2,黔南州,13.0
20201111,21,SO2_24h,黔南州,10.0
20201111,21,NO2,黔南州,41.0
20201111,21,NO2_24h,黔南州,18.0
20201111,21,O3,黔南州,38.0
20201111,21,O3_24h,黔南州,112.0
20201111,21,O3_8h,黔南州,90.0
20201111,21,O3_8h_24h,黔南州,101.0
20201111,21,CO,黔南州,0.9
20201111,21,CO_24h,黔南州,0.6
20201111,22,AQI,黔南州,59.0
20201111,22,PM2.5,黔南州,42.0
20201111,22,PM2.5_24h,黔南州,25.0
20201111,22,PM10,黔南州,68.0
20201111,22,PM10_24h,黔南州,46.0
20201111,22,SO2,黔南州,12.0
20201111,22,SO2_24h,黔南州,10.0
20201111,22,NO2,黔南州,41.0
20201111,22,NO2_24h,黔南州,19.0
20201111,22,O3,黔南州,28.0
20201111,22,O3_24h,黔南州,112.0
20201111,22,O3_8h,黔南州,81.0
20201111,22,O3_8h_24h,黔南州,101.0
20201111,22,CO,黔南州,0.8
20201111,22,CO_24h,黔南州,0.7
20201111,23,AQI,黔南州,58.0
20201111,23,PM2.5,黔南州,39.0
20201111,23,PM2.5_24h,黔南州,25.0
20201111,23,PM10,黔南州,65.0
20201111,23,PM10_24h,黔南州,47.0
20201111,23,SO2,黔南州,11.0
20201111,23,SO2_24h,黔南州,10.0
20201111,23,NO2,黔南州,31.0
20201111,23,NO2_24h,黔南州,20.0
20201111,23,O3,黔南州,30.0
20201111,23,O3_24h,黔南州,112.0
20201111,23,O3_8h,黔南州,72.0
20201111,23,O3_8h_24h,黔南州,101.0
20201111,23,CO,黔南州,0.8
20201111,23,CO_24h,黔南州,0.7
20201111,0,AQI,保山,34.0
20201111,0,PM2.5,保山,24.0
20201111,0,PM2.5_24h,保山,17.0
20201111,0,PM10,保山,33.0
20201111,0,PM10_24h,保山,30.0
20201111,0,SO2,保山,5.0
20201111,0,SO2_24h,保山,7.0
20201111,0,NO2,保山,13.0
20201111,0,NO2_24h,保山,14.0
20201111,0,O3,保山,48.0
20201111,0,O3_24h,保山,98.0
20201111,0,O3_8h,保山,68.0
20201111,0,O3_8h_24h,保山,85.0
20201111,0,CO,保山,0.5
20201111,0,CO_24h,保山,0.5
20201111,1,AQI,保山,30.0
20201111,1,PM2.5,保山,21.0
20201111,1,PM2.5_24h,保山,17.0
20201111,1,PM10,保山,30.0
20201111,1,PM10_24h,保山,30.0
20201111,1,SO2,保山,5.0
20201111,1,SO2_24h,保山,7.0
20201111,1,NO2,保山,12.0
20201111,1,NO2_24h,保山,14.0
20201111,1,O3,保山,45.0
20201111,1,O3_24h,保山,98.0
20201111,1,O3_8h,保山,45.0
20201111,1,O3_8h_24h,保山,45.0
20201111,1,CO,保山,0.5
20201111,1,CO_24h,保山,0.5
20201111,2,AQI,保山,27.0
20201111,2,PM2.5,保山,19.0
20201111,2,PM2.5_24h,保山,17.0
20201111,2,PM10,保山,24.0
20201111,2,PM10_24h,保山,30.0
20201111,2,SO2,保山,5.0
20201111,2,SO2_24h,保山,7.0
20201111,2,NO2,保山,11.0
20201111,2,NO2_24h,保山,14.0
20201111,2,O3,保山,44.0
20201111,2,O3_24h,保山,98.0
20201111,2,O3_8h,保山,44.0
20201111,2,O3_8h_24h,保山,45.0
20201111,2,CO,保山,0.45
20201111,2,CO_24h,保山,0.5
20201111,3,AQI,保山,30.0
20201111,3,PM2.5,保山,21.0
20201111,3,PM2.5_24h,保山,17.0
20201111,3,PM10,保山,26.0
20201111,3,PM10_24h,保山,30.0
20201111,3,SO2,保山,5.0
20201111,3,SO2_24h,保山,7.0
20201111,3,NO2,保山,11.0
20201111,3,NO2_24h,保山,14.0
20201111,3,O3,保山,42.0
20201111,3,O3_24h,保山,98.0
20201111,3,O3_8h,保山,44.0
20201111,3,O3_8h_24h,保山,46.0
20201111,3,CO,保山,0.45
20201111,3,CO_24h,保山,0.5
20201111,4,AQI,保山,26.0
20201111,4,PM2.5,保山,18.0
20201111,4,PM2.5_24h,保山,17.0
20201111,4,PM10,保山,26.0
20201111,4,PM10_24h,保山,31.0
20201111,4,SO2,保山,6.0
20201111,4,SO2_24h,保山,7.0
20201111,4,NO2,保山,20.0
20201111,4,NO2_24h,保山,14.0
20201111,4,O3,保山,28.0
20201111,4,O3_24h,保山,98.0
20201111,4,O3_8h,保山,40.0
20201111,4,O3_8h_24h,保山,46.0
20201111,4,CO,保山,0.45
20201111,4,CO_24h,保山,0.5
20201111,5,AQI,保山,30.0
20201111,5,PM2.5,保山,21.0
20201111,5,PM2.5_24h,保山,17.0
20201111,5,PM10,保山,29.0
20201111,5,PM10_24h,保山,31.0
20201111,5,SO2,保山,6.0
20201111,5,SO2_24h,保山,7.0
20201111,5,NO2,保山,22.0
20201111,5,NO2_24h,保山,14.0
20201111,5,O3,保山,24.0
20201111,5,O3_24h,保山,98.0
20201111,5,O3_8h,保山,37.0
20201111,5,O3_8h_24h,保山,46.0
20201111,5,CO,保山,0.45
20201111,5,CO_24h,保山,0.5
20201111,6,AQI,保山,31.0
20201111,6,PM2.5,保山,22.0
20201111,6,PM2.5_24h,保山,18.0
20201111,6,PM10,保山,31.0
20201111,6,PM10_24h,保山,31.0
20201111,6,SO2,保山,7.0
20201111,6,SO2_24h,保山,7.0
20201111,6,NO2,保山,19.0
20201111,6,NO2_24h,保山,15.0
20201111,6,O3,保山,24.0
20201111,6,O3_24h,保山,98.0
20201111,6,O3_8h,保山,35.0
20201111,6,O3_8h_24h,保山,46.0
20201111,6,CO,保山,0.5
20201111,6,CO_24h,保山,0.5
20201111,8,AQI,保山,31.0
20201111,8,PM2.5,保山,22.0
20201111,8,PM2.5_24h,保山,18.0
20201111,8,PM10,保山,28.0
20201111,8,PM10_24h,保山,32.0
20201111,8,SO2,保山,8.0
20201111,8,SO2_24h,保山,7.0
20201111,8,NO2,保山,19.0
20201111,8,NO2_24h,保山,15.0
20201111,8,O3,保山,23.0
20201111,8,O3_24h,保山,98.0
20201111,8,O3_8h,保山,31.0
20201111,8,O3_8h_24h,保山,46.0
20201111,8,CO,保山,0.65
20201111,8,CO_24h,保山,0.5
20201111,10,AQI,保山,55.0
20201111,10,PM2.5,保山,28.0
20201111,10,PM2.5_24h,保山,18.0
20201111,10,PM10,保山,60.0
20201111,10,PM10_24h,保山,33.0
20201111,10,SO2,保山,19.0
20201111,10,SO2_24h,保山,7.0
20201111,10,NO2,保山,35.0
20201111,10,NO2_24h,保山,15.0
20201111,10,O3,保山,18.0
20201111,10,O3_24h,保山,98.0
20201111,10,O3_8h,保山,25.0
20201111,10,O3_8h_24h,保山,46.0
20201111,10,CO,保山,1.05
20201111,10,CO_24h,保山,0.5
20201111,11,AQI,保山,61.0
20201111,11,PM2.5,保山,32.0
20201111,11,PM2.5_24h,保山,19.0
20201111,11,PM10,保山,71.0
20201111,11,PM10_24h,保山,33.0
20201111,11,SO2,保山,14.0
20201111,11,SO2_24h,保山,7.0
20201111,11,NO2,保山,31.0
20201111,11,NO2_24h,保山,16.0
20201111,11,O3,保山,39.0
20201111,11,O3_24h,保山,98.0
20201111,11,O3_8h,保山,24.0
20201111,11,O3_8h_24h,保山,46.0
20201111,11,CO,保山,0.85
20201111,11,CO_24h,保山,0.5
20201111,12,AQI,保山,52.0
20201111,12,PM2.5,保山,29.0
20201111,12,PM2.5_24h,保山,19.0
20201111,12,PM10,保山,53.0
20201111,12,PM10_24h,保山,33.0
20201111,12,SO2,保山,10.0
20201111,12,SO2_24h,保山,7.0
20201111,12,NO2,保山,19.0
20201111,12,NO2_24h,保山,16.0
20201111,12,O3,保山,78.0
20201111,12,O3_24h,保山,98.0
20201111,12,O3_8h,保山,31.0
20201111,12,O3_8h_24h,保山,46.0
20201111,12,CO,保山,0.7
20201111,12,CO_24h,保山,0.5
20201111,13,AQI,保山,41.0
20201111,13,PM2.5,保山,26.0
20201111,13,PM2.5_24h,保山,19.0
20201111,13,PM10,保山,41.0
20201111,13,PM10_24h,保山,33.0
20201111,13,SO2,保山,8.0
20201111,13,SO2_24h,保山,7.0
20201111,13,NO2,保山,11.0
20201111,13,NO2_24h,保山,15.0
20201111,13,O3,保山,102.0
20201111,13,O3_24h,保山,102.0
20201111,13,O3_8h,保山,40.0
20201111,13,O3_8h_24h,保山,46.0
20201111,13,CO,保山,0.6
20201111,13,CO_24h,保山,0.55
20201111,14,AQI,保山,37.0
20201111,14,PM2.5,保山,26.0
20201111,14,PM2.5_24h,保山,20.0
20201111,14,PM10,保山,32.0
20201111,14,PM10_24h,保山,33.0
20201111,14,SO2,保山,7.0
20201111,14,SO2_24h,保山,7.0
20201111,14,NO2,保山,11.0
20201111,14,NO2_24h,保山,15.0
20201111,14,O3,保山,107.0
20201111,14,O3_24h,保山,107.0
20201111,14,O3_8h,保山,50.0
20201111,14,O3_8h_24h,保山,51.0
20201111,14,CO,保山,0.55
20201111,14,CO_24h,保山,0.55
20201111,15,AQI,保山,35.0
20201111,15,PM2.5,保山,17.0
20201111,15,PM2.5_24h,保山,20.0
20201111,15,PM10,保山,28.0
20201111,15,PM10_24h,保山,34.0
20201111,15,SO2,保山,6.0
20201111,15,SO2_24h,保山,7.0
20201111,15,NO2,保山,9.0
20201111,15,NO2_24h,保山,15.0
20201111,15,O3,保山,113.0
20201111,15,O3_24h,保山,113.0
20201111,15,O3_8h,保山,62.0
20201111,15,O3_8h_24h,保山,62.0
20201111,15,CO,保山,0.5
20201111,15,CO_24h,保山,0.55
20201111,16,AQI,保山,36.0
20201111,16,PM2.5,保山,14.0
20201111,16,PM2.5_24h,保山,21.0
20201111,16,PM10,保山,26.0
20201111,16,PM10_24h,保山,34.0
20201111,16,SO2,保山,6.0
20201111,16,SO2_24h,保山,7.0
20201111,16,NO2,保山,8.0
20201111,16,NO2_24h,保山,16.0
20201111,16,O3,保山,115.0
20201111,16,O3_24h,保山,115.0
20201111,16,O3_8h,保山,74.0
20201111,16,O3_8h_24h,保山,74.0
20201111,16,CO,保山,0.45
20201111,16,CO_24h,保山,0.55
20201111,17,AQI,保山,36.0
20201111,17,PM2.5,保山,13.0
20201111,17,PM2.5_24h,保山,21.0
20201111,17,PM10,保山,34.0
20201111,17,PM10_24h,保山,34.0
20201111,17,SO2,保山,6.0
20201111,17,SO2_24h,保山,7.0
20201111,17,NO2,保山,9.0
20201111,17,NO2_24h,保山,16.0
20201111,17,O3,保山,115.0
20201111,17,O3_24h,保山,116.0
20201111,17,O3_8h,保山,86.0
20201111,17,O3_8h_24h,保山,86.0
20201111,17,CO,保山,0.5
20201111,17,CO_24h,保山,0.55
20201111,18,AQI,保山,38.0
20201111,18,PM2.5,保山,17.0
20201111,18,PM2.5_24h,保山,21.0
20201111,18,PM10,保山,38.0
20201111,18,PM10_24h,保山,35.0
20201111,18,SO2,保山,6.0
20201111,18,SO2_24h,保山,7.0
20201111,18,NO2,保山,10.0
20201111,18,NO2_24h,保山,16.0
20201111,18,O3,保山,93.0
20201111,18,O3_24h,保山,116.0
20201111,18,O3_8h,保山,95.0
20201111,18,O3_8h_24h,保山,95.0
20201111,18,CO,保山,0.55
20201111,18,CO_24h,保山,0.55
20201111,19,AQI,保山,42.0
20201111,19,PM2.5,保山,21.0
20201111,19,PM2.5_24h,保山,21.0
20201111,19,PM10,保山,42.0
20201111,19,PM10_24h,保山,35.0
20201111,19,SO2,保山,6.0
20201111,19,SO2_24h,保山,7.0
20201111,19,NO2,保山,10.0
20201111,19,NO2_24h,保山,16.0
20201111,19,O3,保山,76.0
20201111,19,O3_24h,保山,116.0
20201111,19,O3_8h,保山,100.0
20201111,19,O3_8h_24h,保山,100.0
20201111,19,CO,保山,0.55
20201111,19,CO_24h,保山,0.55
20201111,20,AQI,保山,40.0
20201111,20,PM2.5,保山,24.0
20201111,20,PM2.5_24h,保山,22.0
20201111,20,PM10,保山,40.0
20201111,20,PM10_24h,保山,35.0
20201111,20,SO2,保山,5.0
20201111,20,SO2_24h,保山,7.0
20201111,20,NO2,保山,11.0
20201111,20,NO2_24h,保山,16.0
20201111,20,O3,保山,78.0
20201111,20,O3_24h,保山,116.0
20201111,20,O3_8h,保山,100.0
20201111,20,O3_8h_24h,保山,100.0
20201111,20,CO,保山,0.55
20201111,20,CO_24h,保山,0.55
20201111,21,AQI,保山,38.0
20201111,21,PM2.5,保山,21.0
20201111,21,PM2.5_24h,保山,22.0
20201111,21,PM10,保山,38.0
20201111,21,PM10_24h,保山,35.0
20201111,21,SO2,保山,5.0
20201111,21,SO2_24h,保山,7.0
20201111,21,NO2,保山,12.0
20201111,21,NO2_24h,保山,16.0
20201111,21,O3,保山,73.0
20201111,21,O3_24h,保山,116.0
20201111,21,O3_8h,保山,96.0
20201111,21,O3_8h_24h,保山,100.0
20201111,21,CO,保山,0.55
20201111,21,CO_24h,保山,0.55
20201111,22,AQI,保山,44.0
20201111,22,PM2.5,保山,28.0
20201111,22,PM2.5_24h,保山,22.0
20201111,22,PM10,保山,44.0
20201111,22,PM10_24h,保山,36.0
20201111,22,SO2,保山,6.0
20201111,22,SO2_24h,保山,7.0
20201111,22,NO2,保山,11.0
20201111,22,NO2_24h,保山,16.0
20201111,22,O3,保山,69.0
20201111,22,O3_24h,保山,116.0
20201111,22,O3_8h,保山,92.0
20201111,22,O3_8h_24h,保山,100.0
20201111,22,CO,保山,0.6
20201111,22,CO_24h,保山,0.55
20201111,23,AQI,保山,39.0
20201111,23,PM2.5,保山,27.0
20201111,23,PM2.5_24h,保山,23.0
20201111,23,PM10,保山,36.0
20201111,23,PM10_24h,保山,36.0
20201111,23,SO2,保山,5.0
20201111,23,SO2_24h,保山,7.0
20201111,23,NO2,保山,10.0
20201111,23,NO2_24h,保山,16.0
20201111,23,O3,保山,66.0
20201111,23,O3_24h,保山,116.0
20201111,23,O3_8h,保山,86.0
20201111,23,O3_8h_24h,保山,100.0
20201111,23,CO,保山,0.5
20201111,23,CO_24h,保山,0.55
20201111,0,AQI,昭通,68.0
20201111,0,PM2.5,昭通,44.0
20201111,0,PM2.5_24h,昭通,28.0
20201111,0,PM10,昭通,85.0
20201111,0,PM10_24h,昭通,70.0
20201111,0,SO2,昭通,19.0
20201111,0,SO2_24h,昭通,14.0
20201111,0,NO2,昭通,36.0
20201111,0,NO2_24h,昭通,26.0
20201111,0,O3,昭通,31.0
20201111,0,O3_24h,昭通,91.0
20201111,0,O3_8h,昭通,50.0
20201111,0,O3_8h_24h,昭通,81.0
20201111,0,CO,昭通,1.0
20201111,0,CO_24h,昭通,0.95
20201111,1,AQI,昭通,62.0
20201111,1,PM2.5,昭通,34.0
20201111,1,PM2.5_24h,昭通,28.0
20201111,1,PM10,昭通,73.0
20201111,1,PM10_24h,昭通,67.0
20201111,1,SO2,昭通,24.0
20201111,1,SO2_24h,昭通,14.0
20201111,1,NO2,昭通,46.0
20201111,1,NO2_24h,昭通,26.0
20201111,1,O3,昭通,13.0
20201111,1,O3_24h,昭通,91.0
20201111,1,O3_8h,昭通,13.0
20201111,1,O3_8h_24h,昭通,13.0
20201111,1,CO,昭通,1.25
20201111,1,CO_24h,昭通,0.95
20201111,2,AQI,昭通,74.0
20201111,2,PM2.5,昭通,39.0
20201111,2,PM2.5_24h,昭通,27.0
20201111,2,PM10,昭通,98.0
20201111,2,PM10_24h,昭通,68.0
20201111,2,SO2,昭通,19.0
20201111,2,SO2_24h,昭通,14.0
20201111,2,NO2,昭通,48.0
20201111,2,NO2_24h,昭通,26.0
20201111,2,O3,昭通,4.0
20201111,2,O3_24h,昭通,91.0
20201111,2,O3_8h,昭通,9.0
20201111,2,O3_8h_24h,昭通,13.0
20201111,2,CO,昭通,1.2
20201111,2,CO_24h,昭通,0.95
20201111,3,AQI,昭通,74.0
20201111,3,PM2.5,昭通,40.0
20201111,3,PM2.5_24h,昭通,27.0
20201111,3,PM10,昭通,97.0
20201111,3,PM10_24h,昭通,68.0
20201111,3,SO2,昭通,18.0
20201111,3,SO2_24h,昭通,14.0
20201111,3,NO2,昭通,43.0
20201111,3,NO2_24h,昭通,27.0
20201111,3,O3,昭通,9.0
20201111,3,O3_24h,昭通,91.0
20201111,3,O3_8h,昭通,9.0
20201111,3,O3_8h_24h,昭通,15.0
20201111,3,CO,昭通,1.1
20201111,3,CO_24h,昭通,0.95
20201111,4,AQI,昭通,63.0
20201111,4,PM2.5,昭通,38.0
20201111,4,PM2.5_24h,昭通,27.0
20201111,4,PM10,昭通,75.0
20201111,4,PM10_24h,昭通,68.0
20201111,4,SO2,昭通,14.0
20201111,4,SO2_24h,昭通,14.0
20201111,4,NO2,昭通,43.0
20201111,4,NO2_24h,昭通,27.0
20201111,4,O3,昭通,4.0
20201111,4,O3_24h,昭通,91.0
20201111,4,O3_8h,昭通,7.0
20201111,4,O3_8h_24h,昭通,15.0
20201111,4,CO,昭通,1.05
20201111,4,CO_24h,昭通,0.95
20201111,5,AQI,昭通,65.0
20201111,5,PM2.5,昭通,41.0
20201111,5,PM2.5_24h,昭通,28.0
20201111,5,PM10,昭通,79.0
20201111,5,PM10_24h,昭通,69.0
20201111,5,SO2,昭通,14.0
20201111,5,SO2_24h,昭通,14.0
20201111,5,NO2,昭通,28.0
20201111,5,NO2_24h,昭通,27.0
20201111,5,O3,昭通,32.0
20201111,5,O3_24h,昭通,91.0
20201111,5,O3_8h,昭通,12.0
20201111,5,O3_8h_24h,昭通,20.0
20201111,5,CO,昭通,0.9
20201111,5,CO_24h,昭通,0.95
20201111,6,AQI,昭通,55.0
20201111,6,PM2.5,昭通,32.0
20201111,6,PM2.5_24h,昭通,28.0
20201111,6,PM10,昭通,59.0
20201111,6,PM10_24h,昭通,68.0
20201111,6,SO2,昭通,14.0
20201111,6,SO2_24h,昭通,14.0
20201111,6,NO2,昭通,24.0
20201111,6,NO2_24h,昭通,27.0
20201111,6,O3,昭通,36.0
20201111,6,O3_24h,昭通,91.0
20201111,6,O3_8h,昭通,16.0
20201111,6,O3_8h_24h,昭通,24.0
20201111,6,CO,昭通,0.9
20201111,6,CO_24h,昭通,0.95
20201111,7,AQI,昭通,65.0
20201111,7,PM2.5,昭通,14.0
20201111,7,PM2.5_24h,昭通,23.0
20201111,7,PM10,昭通,80.0
20201111,7,PM10_24h,昭通,76.0
20201111,7,SO2,昭通,21.0
20201111,7,SO2_24h,昭通,19.0
20201111,7,NO2,昭通,36.0
20201111,7,NO2_24h,昭通,30.0
20201111,7,O3,昭通,3.0
20201111,7,O3_24h,昭通,86.0
20201111,7,O3_8h,昭通,5.0
20201111,7,O3_8h_24h,昭通,20.0
20201111,7,CO,昭通,1.3
20201111,7,CO_24h,昭通,1.1
20201111,8,AQI,昭通,63.0
20201111,8,PM2.5,昭通,30.0
20201111,8,PM2.5_24h,昭通,27.0
20201111,8,PM10,昭通,76.0
20201111,8,PM10_24h,昭通,69.0
20201111,8,SO2,昭通,23.0
20201111,8,SO2_24h,昭通,14.0
20201111,8,NO2,昭通,38.0
20201111,8,NO2_24h,昭通,27.0
20201111,8,O3,昭通,9.0
20201111,8,O3_24h,昭通,91.0
20201111,8,O3_8h,昭通,15.0
20201111,8,O3_8h_24h,昭通,24.0
20201111,8,CO,昭通,1.25
20201111,8,CO_24h,昭通,0.95
20201111,10,AQI,昭通,69.0
20201111,10,PM2.5,昭通,34.0
20201111,10,PM2.5_24h,昭通,28.0
20201111,10,PM10,昭通,87.0
20201111,10,PM10_24h,昭通,69.0
20201111,10,SO2,昭通,21.0
20201111,10,SO2_24h,昭通,14.0
20201111,10,NO2,昭通,29.0
20201111,10,NO2_24h,昭通,27.0
20201111,10,O3,昭通,45.0
20201111,10,O3_24h,昭通,91.0
20201111,10,O3_8h,昭通,24.0
20201111,10,O3_8h_24h,昭通,30.0
20201111,10,CO,昭通,1.05
20201111,10,CO_24h,昭通,0.95
20201111,11,AQI,昭通,63.0
20201111,11,PM2.5,昭通,36.0
20201111,11,PM2.5_24h,昭通,29.0
20201111,11,PM10,昭通,75.0
20201111,11,PM10_24h,昭通,70.0
20201111,11,SO2,昭通,14.0
20201111,11,SO2_24h,昭通,15.0
20201111,11,NO2,昭通,19.0
20201111,11,NO2_24h,昭通,28.0
20201111,11,O3,昭通,73.0
20201111,11,O3_24h,昭通,91.0
20201111,11,O3_8h,昭通,32.0
20201111,11,O3_8h_24h,昭通,34.0
20201111,11,CO,昭通,0.75
20201111,11,CO_24h,昭通,0.95
20201111,12,AQI,昭通,44.0
20201111,12,PM2.5,昭通,29.0
20201111,12,PM2.5_24h,昭通,29.0
20201111,12,PM10,昭通,44.0
20201111,12,PM10_24h,昭通,70.0
20201111,12,SO2,昭通,12.0
20201111,12,SO2_24h,昭通,15.0
20201111,12,NO2,昭通,12.0
20201111,12,NO2_24h,昭通,28.0
20201111,12,O3,昭通,91.0
20201111,12,O3_24h,昭通,94.0
20201111,12,O3_8h,昭通,43.0
20201111,12,O3_8h_24h,昭通,43.0
20201111,12,CO,昭通,0.65
20201111,12,CO_24h,昭通,0.95
20201111,13,AQI,昭通,43.0
20201111,13,PM2.5,昭通,24.0
20201111,13,PM2.5_24h,昭通,29.0
20201111,13,PM10,昭通,43.0
20201111,13,PM10_24h,昭通,71.0
20201111,13,SO2,昭通,10.0
20201111,13,SO2_24h,昭通,15.0
20201111,13,NO2,昭通,10.0
20201111,13,NO2_24h,昭通,28.0
20201111,13,O3,昭通,101.0
20201111,13,O3_24h,昭通,101.0
20201111,13,O3_8h,昭通,51.0
20201111,13,O3_8h_24h,昭通,51.0
20201111,13,CO,昭通,0.65
20201111,13,CO_24h,昭通,0.95
20201111,14,AQI,昭通,35.0
20201111,14,PM2.5,昭通,23.0
20201111,14,PM2.5_24h,昭通,29.0
20201111,14,PM10,昭通,35.0
20201111,14,PM10_24h,昭通,71.0
20201111,14,SO2,昭通,9.0
20201111,14,SO2_24h,昭通,15.0
20201111,14,NO2,昭通,7.0
20201111,14,NO2_24h,昭通,28.0
20201111,14,O3,昭通,107.0
20201111,14,O3_24h,昭通,107.0
20201111,14,O3_8h,昭通,61.0
20201111,14,O3_8h_24h,昭通,61.0
20201111,14,CO,昭通,0.65
20201111,14,CO_24h,昭通,0.95
20201111,15,AQI,昭通,37.0
20201111,15,PM2.5,昭通,26.0
20201111,15,PM2.5_24h,昭通,30.0
20201111,15,PM10,昭通,35.0
20201111,15,PM10_24h,昭通,72.0
20201111,15,SO2,昭通,8.0
20201111,15,SO2_24h,昭通,15.0
20201111,15,NO2,昭通,7.0
20201111,15,NO2_24h,昭通,28.0
20201111,15,O3,昭通,110.0
20201111,15,O3_24h,昭通,110.0
20201111,15,O3_8h,昭通,70.0
20201111,15,O3_8h_24h,昭通,70.0
20201111,15,CO,昭通,0.6
20201111,15,CO_24h,昭通,0.95
20201111,16,AQI,昭通,41.0
20201111,16,PM2.5,昭通,19.0
20201111,16,PM2.5_24h,昭通,30.0
20201111,16,PM10,昭通,41.0
20201111,16,PM10_24h,昭通,73.0
20201111,16,SO2,昭通,8.0
20201111,16,SO2_24h,昭通,15.0
20201111,16,NO2,昭通,7.0
20201111,16,NO2_24h,昭通,28.0
20201111,16,O3,昭通,109.0
20201111,16,O3_24h,昭通,110.0
20201111,16,O3_8h,昭通,83.0
20201111,16,O3_8h_24h,昭通,83.0
20201111,16,CO,昭通,0.65
20201111,16,CO_24h,昭通,0.95
20201111,17,AQI,昭通,43.0
20201111,17,PM2.5,昭通,15.0
20201111,17,PM2.5_24h,昭通,30.0
20201111,17,PM10,昭通,43.0
20201111,17,PM10_24h,昭通,74.0
20201111,17,SO2,昭通,8.0
20201111,17,SO2_24h,昭通,15.0
20201111,17,NO2,昭通,8.0
20201111,17,NO2_24h,昭通,28.0
20201111,17,O3,昭通,108.0
20201111,17,O3_24h,昭通,110.0
20201111,17,O3_8h,昭通,93.0
20201111,17,O3_8h_24h,昭通,93.0
20201111,17,CO,昭通,0.65
20201111,17,CO_24h,昭通,0.95
20201111,18,AQI,昭通,51.0
20201111,18,PM2.5,昭通,18.0
20201111,18,PM2.5_24h,昭通,31.0
20201111,18,PM10,昭通,52.0
20201111,18,PM10_24h,昭通,75.0
20201111,18,SO2,昭通,10.0
20201111,18,SO2_24h,昭通,15.0
20201111,18,NO2,昭通,15.0
20201111,18,NO2_24h,昭通,28.0
20201111,18,O3,昭通,98.0
20201111,18,O3_24h,昭通,110.0
20201111,18,O3_8h,昭通,100.0
20201111,18,O3_8h_24h,昭通,100.0
20201111,18,CO,昭通,0.75
20201111,18,CO_24h,昭通,0.95
20201111,19,AQI,昭通,77.0
20201111,19,PM2.5,昭通,29.0
20201111,19,PM2.5_24h,昭通,31.0
20201111,19,PM10,昭通,103.0
20201111,19,PM10_24h,昭通,76.0
20201111,19,SO2,昭通,36.0
20201111,19,SO2_24h,昭通,16.0
20201111,19,NO2,昭通,38.0
20201111,19,NO2_24h,昭通,28.0
20201111,19,O3,昭通,66.0
20201111,19,O3_24h,昭通,110.0
20201111,19,O3_8h,昭通,99.0
20201111,19,O3_8h_24h,昭通,100.0
20201111,19,CO,昭通,1.05
20201111,19,CO_24h,昭通,0.95
20201111,20,AQI,昭通,80.0
20201111,20,PM2.5,昭通,51.0
20201111,20,PM2.5_24h,昭通,33.0
20201111,20,PM10,昭通,110.0
20201111,20,PM10_24h,昭通,75.0
20201111,20,SO2,昭通,12.0
20201111,20,SO2_24h,昭通,16.0
20201111,20,NO2,昭通,36.0
20201111,20,NO2_24h,昭通,28.0
20201111,20,O3,昭通,61.0
20201111,20,O3_24h,昭通,110.0
20201111,20,O3_8h,昭通,95.0
20201111,20,O3_8h_24h,昭通,100.0
20201111,20,CO,昭通,0.95
20201111,20,CO_24h,昭通,0.95
20201111,21,AQI,昭通,73.0
20201111,21,PM2.5,昭通,45.0
20201111,21,PM2.5_24h,昭通,33.0
20201111,21,PM10,昭通,95.0
20201111,21,PM10_24h,昭通,74.0
20201111,21,SO2,昭通,8.0
20201111,21,SO2_24h,昭通,16.0
20201111,21,NO2,昭通,23.0
20201111,21,NO2_24h,昭通,27.0
20201111,21,O3,昭通,67.0
20201111,21,O3_24h,昭通,110.0
20201111,21,O3_8h,昭通,90.0
20201111,21,O3_8h_24h,昭通,100.0
20201111,21,CO,昭通,0.85
20201111,21,CO_24h,昭通,0.95
20201111,22,AQI,昭通,70.0
20201111,22,PM2.5,昭通,40.0
20201111,22,PM2.5_24h,昭通,33.0
20201111,22,PM10,昭通,89.0
20201111,22,PM10_24h,昭通,74.0
20201111,22,SO2,昭通,8.0
20201111,22,SO2_24h,昭通,16.0
20201111,22,NO2,昭通,25.0
20201111,22,NO2_24h,昭通,26.0
20201111,22,O3,昭通,58.0
20201111,22,O3_24h,昭通,110.0
20201111,22,O3_8h,昭通,84.0
20201111,22,O3_8h_24h,昭通,100.0
20201111,22,CO,昭通,0.85
20201111,22,CO_24h,昭通,0.95
20201111,23,AQI,昭通,68.0
20201111,23,PM2.5,昭通,41.0
20201111,23,PM2.5_24h,昭通,33.0
20201111,23,PM10,昭通,85.0
20201111,23,PM10_24h,昭通,74.0
20201111,23,SO2,昭通,12.0
20201111,23,SO2_24h,昭通,15.0
20201111,23,NO2,昭通,31.0
20201111,23,NO2_24h,昭通,26.0
20201111,23,O3,昭通,48.0
20201111,23,O3_24h,昭通,110.0
20201111,23,O3_8h,昭通,77.0
20201111,23,O3_8h_24h,昭通,100.0
20201111,23,CO,昭通,0.95
20201111,23,CO_24h,昭通,0.95
20201111,0,AQI,丽江,47.0
20201111,0,PM2.5,丽江,30.0
20201111,0,PM2.5_24h,丽江,22.0
20201111,0,PM10,丽江,47.0
20201111,0,PM10_24h,丽江,39.0
20201111,0,SO2,丽江,8.0
20201111,0,SO2_24h,丽江,8.0
20201111,0,NO2,丽江,18.0
20201111,0,NO2_24h,丽江,17.0
20201111,0,O3,丽江,46.0
20201111,0,O3_24h,丽江,99.0
20201111,0,O3_8h,丽江,68.0
20201111,0,O3_8h_24h,丽江,91.0
20201111,0,CO,丽江,0.75
20201111,0,CO_24h,丽江,0.8
20201111,1,AQI,丽江,44.0
20201111,1,PM2.5,丽江,31.0
20201111,1,PM2.5_24h,丽江,23.0
20201111,1,PM10,丽江,41.0
20201111,1,PM10_24h,丽江,40.0
20201111,1,SO2,丽江,7.0
20201111,1,SO2_24h,丽江,8.0
20201111,1,NO2,丽江,17.0
20201111,1,NO2_24h,丽江,17.0
20201111,1,O3,丽江,42.0
20201111,1,O3_24h,丽江,99.0
20201111,1,O3_8h,丽江,42.0
20201111,1,O3_8h_24h,丽江,42.0
20201111,1,CO,丽江,0.75
20201111,1,CO_24h,丽江,0.8
20201111,2,AQI,丽江,41.0
20201111,2,PM2.5,丽江,29.0
20201111,2,PM2.5_24h,丽江,23.0
20201111,2,PM10,丽江,39.0
20201111,2,PM10_24h,丽江,40.0
20201111,2,SO2,丽江,7.0
20201111,2,SO2_24h,丽江,8.0
20201111,2,NO2,丽江,14.0
20201111,2,NO2_24h,丽江,17.0
20201111,2,O3,丽江,42.0
20201111,2,O3_24h,丽江,99.0
20201111,2,O3_8h,丽江,42.0
20201111,2,O3_8h_24h,丽江,43.0
20201111,2,CO,丽江,0.75
20201111,2,CO_24h,丽江,0.8
20201111,3,AQI,丽江,34.0
20201111,3,PM2.5,丽江,24.0
20201111,3,PM2.5_24h,丽江,23.0
20201111,3,PM10,丽江,34.0
20201111,3,PM10_24h,丽江,41.0
20201111,3,SO2,丽江,7.0
20201111,3,SO2_24h,丽江,8.0
20201111,3,NO2,丽江,13.0
20201111,3,NO2_24h,丽江,17.0
20201111,3,O3,丽江,40.0
20201111,3,O3_24h,丽江,99.0
20201111,3,O3_8h,丽江,41.0
20201111,3,O3_8h_24h,丽江,43.0
20201111,3,CO,丽江,0.75
20201111,3,CO_24h,丽江,0.8
20201111,4,AQI,丽江,33.0
20201111,4,PM2.5,丽江,23.0
20201111,4,PM2.5_24h,丽江,23.0
20201111,4,PM10,丽江,30.0
20201111,4,PM10_24h,丽江,41.0
20201111,4,SO2,丽江,8.0
20201111,4,SO2_24h,丽江,8.0
20201111,4,NO2,丽江,11.0
20201111,4,NO2_24h,丽江,17.0
20201111,4,O3,丽江,39.0
20201111,4,O3_24h,丽江,99.0
20201111,4,O3_8h,丽江,41.0
20201111,4,O3_8h_24h,丽江,44.0
20201111,4,CO,丽江,0.75
20201111,4,CO_24h,丽江,0.8
20201111,5,AQI,丽江,30.0
20201111,5,PM2.5,丽江,21.0
20201111,5,PM2.5_24h,丽江,23.0
20201111,5,PM10,丽江,27.0
20201111,5,PM10_24h,丽江,40.0
20201111,5,SO2,丽江,7.0
20201111,5,SO2_24h,丽江,8.0
20201111,5,NO2,丽江,11.0
20201111,5,NO2_24h,丽江,17.0
20201111,5,O3,丽江,36.0
20201111,5,O3_24h,丽江,99.0
20201111,5,O3_8h,丽江,40.0
20201111,5,O3_8h_24h,丽江,44.0
20201111,5,CO,丽江,0.75
20201111,5,CO_24h,丽江,0.8
20201111,6,AQI,丽江,30.0
20201111,6,PM2.5,丽江,21.0
20201111,6,PM2.5_24h,丽江,24.0
20201111,6,PM10,丽江,30.0
20201111,6,PM10_24h,丽江,40.0
20201111,6,SO2,丽江,7.0
20201111,6,SO2_24h,丽江,8.0
20201111,6,NO2,丽江,10.0
20201111,6,NO2_24h,丽江,16.0
20201111,6,O3,丽江,36.0
20201111,6,O3_24h,丽江,99.0
20201111,6,O3_8h,丽江,39.0
20201111,6,O3_8h_24h,丽江,44.0
20201111,6,CO,丽江,0.75
20201111,6,CO_24h,丽江,0.75
20201111,8,AQI,丽江,33.0
20201111,8,PM2.5,丽江,23.0
20201111,8,PM2.5_24h,丽江,23.0
20201111,8,PM10,丽江,31.0
20201111,8,PM10_24h,丽江,41.0
20201111,8,SO2,丽江,8.0
20201111,8,SO2_24h,丽江,8.0
20201111,8,NO2,丽江,21.0
20201111,8,NO2_24h,丽江,16.0
20201111,8,O3,丽江,29.0
20201111,8,O3_24h,丽江,99.0
20201111,8,O3_8h,丽江,37.0
20201111,8,O3_8h_24h,丽江,44.0
20201111,8,CO,丽江,0.85
20201111,8,CO_24h,丽江,0.75
20201111,10,AQI,丽江,40.0
20201111,10,PM2.5,丽江,28.0
20201111,10,PM2.5_24h,丽江,21.0
20201111,10,PM10,丽江,39.0
20201111,10,PM10_24h,丽江,30.0
20201111,10,SO2,丽江,11.0
20201111,10,SO2_24h,丽江,8.0
20201111,10,NO2,丽江,27.0
20201111,10,NO2_24h,丽江,18.0
20201111,10,O3,丽江,34.0
20201111,10,O3_24h,丽江,103.0
20201111,10,O3_8h,丽江,38.0
20201111,10,O3_8h_24h,丽江,46.0
20201111,10,CO,丽江,1.1
20201111,10,CO_24h,丽江,0.9
20201111,11,AQI,丽江,56.0
20201111,11,PM2.5,丽江,33.0
20201111,11,PM2.5_24h,丽江,24.0
20201111,11,PM10,丽江,62.0
20201111,11,PM10_24h,丽江,40.0
20201111,11,SO2,丽江,9.0
20201111,11,SO2_24h,丽江,8.0
20201111,11,NO2,丽江,22.0
20201111,11,NO2_24h,丽江,16.0
20201111,11,O3,丽江,49.0
20201111,11,O3_24h,丽江,99.0
20201111,11,O3_8h,丽江,35.0
20201111,11,O3_8h_24h,丽江,44.0
20201111,11,CO,丽江,0.85
20201111,11,CO_24h,丽江,0.75
20201111,12,AQI,丽江,55.0
20201111,12,PM2.5,丽江,24.0
20201111,12,PM2.5_24h,丽江,25.0
20201111,12,PM10,丽江,60.0
20201111,12,PM10_24h,丽江,42.0
20201111,12,SO2,丽江,9.0
20201111,12,SO2_24h,丽江,8.0
20201111,12,NO2,丽江,18.0
20201111,12,NO2_24h,丽江,16.0
20201111,12,O3,丽江,76.0
20201111,12,O3_24h,丽江,99.0
20201111,12,O3_8h,丽江,40.0
20201111,12,O3_8h_24h,丽江,44.0
20201111,12,CO,丽江,0.85
20201111,12,CO_24h,丽江,0.75
20201111,13,AQI,丽江,54.0
20201111,13,PM2.5,丽江,22.0
20201111,13,PM2.5_24h,丽江,25.0
20201111,13,PM10,丽江,57.0
20201111,13,PM10_24h,丽江,42.0
20201111,13,SO2,丽江,10.0
20201111,13,SO2_24h,丽江,8.0
20201111,13,NO2,丽江,15.0
20201111,13,NO2_24h,丽江,16.0
20201111,13,O3,丽江,91.0
20201111,13,O3_24h,丽江,99.0
20201111,13,O3_8h,丽江,47.0
20201111,13,O3_8h_24h,丽江,47.0
20201111,13,CO,丽江,0.8
20201111,13,CO_24h,丽江,0.75
20201111,14,AQI,丽江,56.0
20201111,14,PM2.5,丽江,32.0
20201111,14,PM2.5_24h,丽江,26.0
20201111,14,PM10,丽江,62.0
20201111,14,PM10_24h,丽江,43.0
20201111,14,SO2,丽江,10.0
20201111,14,SO2_24h,丽江,8.0
20201111,14,NO2,丽江,11.0
20201111,14,NO2_24h,丽江,16.0
20201111,14,O3,丽江,97.0
20201111,14,O3_24h,丽江,99.0
20201111,14,O3_8h,丽江,55.0
20201111,14,O3_8h_24h,丽江,55.0
20201111,14,CO,丽江,0.7
20201111,14,CO_24h,丽江,0.8
20201111,15,AQI,丽江,50.0
20201111,15,PM2.5,丽江,20.0
20201111,15,PM2.5_24h,丽江,26.0
20201111,15,PM10,丽江,50.0
20201111,15,PM10_24h,丽江,43.0
20201111,15,SO2,丽江,8.0
20201111,15,SO2_24h,丽江,8.0
20201111,15,NO2,丽江,11.0
20201111,15,NO2_24h,丽江,17.0
20201111,15,O3,丽江,90.0
20201111,15,O3_24h,丽江,99.0
20201111,15,O3_8h,丽江,63.0
20201111,15,O3_8h_24h,丽江,63.0
20201111,15,CO,丽江,0.5
20201111,15,CO_24h,丽江,0.8
20201111,16,AQI,丽江,48.0
20201111,16,PM2.5,丽江,16.0
20201111,16,PM2.5_24h,丽江,25.0
20201111,16,PM10,丽江,48.0
20201111,16,PM10_24h,丽江,43.0
20201111,16,SO2,丽江,9.0
20201111,16,SO2_24h,丽江,8.0
20201111,16,NO2,丽江,13.0
20201111,16,NO2_24h,丽江,17.0
20201111,16,O3,丽江,95.0
20201111,16,O3_24h,丽江,99.0
20201111,16,O3_8h,丽江,70.0
20201111,16,O3_8h_24h,丽江,70.0
20201111,16,CO,丽江,0.5
20201111,16,CO_24h,丽江,0.75
20201111,17,AQI,丽江,50.0
20201111,17,PM2.5,丽江,14.0
20201111,17,PM2.5_24h,丽江,25.0
20201111,17,PM10,丽江,50.0
20201111,17,PM10_24h,丽江,44.0
20201111,17,SO2,丽江,10.0
20201111,17,SO2_24h,丽江,8.0
20201111,17,NO2,丽江,16.0
20201111,17,NO2_24h,丽江,17.0
20201111,17,O3,丽江,98.0
20201111,17,O3_24h,丽江,99.0
20201111,17,O3_8h,丽江,81.0
20201111,17,O3_8h_24h,丽江,81.0
20201111,17,CO,丽江,0.6
20201111,17,CO_24h,丽江,0.75
20201111,18,AQI,丽江,57.0
20201111,18,PM2.5,丽江,24.0
20201111,18,PM2.5_24h,丽江,26.0
20201111,18,PM10,丽江,63.0
20201111,18,PM10_24h,丽江,45.0
20201111,18,SO2,丽江,10.0
20201111,18,SO2_24h,丽江,8.0
20201111,18,NO2,丽江,22.0
20201111,18,NO2_24h,丽江,17.0
20201111,18,O3,丽江,94.0
20201111,18,O3_24h,丽江,99.0
20201111,18,O3_8h,丽江,86.0
20201111,18,O3_8h_24h,丽江,86.0
20201111,18,CO,丽江,0.7
20201111,18,CO_24h,丽江,0.75
20201111,19,AQI,丽江,57.0
20201111,19,PM2.5,丽江,30.0
20201111,19,PM2.5_24h,丽江,26.0
20201111,19,PM10,丽江,64.0
20201111,19,PM10_24h,丽江,47.0
20201111,19,SO2,丽江,10.0
20201111,19,SO2_24h,丽江,8.0
20201111,19,NO2,丽江,20.0
20201111,19,NO2_24h,丽江,17.0
20201111,19,O3,丽江,93.0
20201111,19,O3_24h,丽江,99.0
20201111,19,O3_8h,丽江,92.0
20201111,19,O3_8h_24h,丽江,92.0
20201111,19,CO,丽江,0.7
20201111,19,CO_24h,丽江,0.75
20201111,20,AQI,丽江,58.0
20201111,20,PM2.5,丽江,36.0
20201111,20,PM2.5_24h,丽江,26.0
20201111,20,PM10,丽江,66.0
20201111,20,PM10_24h,丽江,47.0
20201111,20,SO2,丽江,10.0
20201111,20,SO2_24h,丽江,8.0
20201111,20,NO2,丽江,20.0
20201111,20,NO2_24h,丽江,17.0
20201111,20,O3,丽江,88.0
20201111,20,O3_24h,丽江,99.0
20201111,20,O3_8h,丽江,93.0
20201111,20,O3_8h_24h,丽江,93.0
20201111,20,CO,丽江,0.7
20201111,20,CO_24h,丽江,0.75
20201111,21,AQI,丽江,57.0
20201111,21,PM2.5,丽江,39.0
20201111,21,PM2.5_24h,丽江,26.0
20201111,21,PM10,丽江,63.0
20201111,21,PM10_24h,丽江,47.0
20201111,21,SO2,丽江,10.0
20201111,21,SO2_24h,丽江,9.0
20201111,21,NO2,丽江,18.0
20201111,21,NO2_24h,丽江,17.0
20201111,21,O3,丽江,85.0
20201111,21,O3_24h,丽江,99.0
20201111,21,O3_8h,丽江,93.0
20201111,21,O3_8h_24h,丽江,93.0
20201111,21,CO,丽江,0.7
20201111,21,CO_24h,丽江,0.75
20201111,22,AQI,丽江,54.0
20201111,22,PM2.5,丽江,37.0
20201111,22,PM2.5_24h,丽江,27.0
20201111,22,PM10,丽江,57.0
20201111,22,PM10_24h,丽江,47.0
20201111,22,SO2,丽江,9.0
20201111,22,SO2_24h,丽江,9.0
20201111,22,NO2,丽江,20.0
20201111,22,NO2_24h,丽江,17.0
20201111,22,O3,丽江,74.0
20201111,22,O3_24h,丽江,99.0
20201111,22,O3_8h,丽江,90.0
20201111,22,O3_8h_24h,丽江,93.0
20201111,22,CO,丽江,0.7
20201111,22,CO_24h,丽江,0.75
20201111,23,AQI,丽江,56.0
20201111,23,PM2.5,丽江,40.0
20201111,23,PM2.5_24h,丽江,27.0
20201111,23,PM10,丽江,62.0
20201111,23,PM10_24h,丽江,47.0
20201111,23,SO2,丽江,9.0
20201111,23,SO2_24h,丽江,9.0
20201111,23,NO2,丽江,22.0
20201111,23,NO2_24h,丽江,17.0
20201111,23,O3,丽江,57.0
20201111,23,O3_24h,丽江,99.0
20201111,23,O3_8h,丽江,85.0
20201111,23,O3_8h_24h,丽江,93.0
20201111,23,CO,丽江,0.75
20201111,23,CO_24h,丽江,0.75
20201111,0,AQI,普洱,55.0
20201111,0,PM2.5,普洱,38.0
20201111,0,PM2.5_24h,普洱,31.0
20201111,0,PM10,普洱,60.0
20201111,0,PM10_24h,普洱,47.0
20201111,0,SO2,普洱,5.0
20201111,0,SO2_24h,普洱,5.0
20201111,0,NO2,普洱,27.0
20201111,0,NO2_24h,普洱,18.0
20201111,0,O3,普洱,22.0
20201111,0,O3_24h,普洱,101.0
20201111,0,O3_8h,普洱,53.0
20201111,0,O3_8h_24h,普洱,96.0
20201111,0,CO,普洱,0.7
20201111,0,CO_24h,普洱,0.75
20201111,1,AQI,普洱,53.0
20201111,1,PM2.5,普洱,30.0
20201111,1,PM2.5_24h,普洱,31.0
20201111,1,PM10,普洱,55.0
20201111,1,PM10_24h,普洱,48.0
20201111,1,SO2,普洱,5.0
20201111,1,SO2_24h,普洱,5.0
20201111,1,NO2,普洱,29.0
20201111,1,NO2_24h,普洱,19.0
20201111,1,O3,普洱,18.0
20201111,1,O3_24h,普洱,101.0
20201111,1,O3_8h,普洱,18.0
20201111,1,O3_8h_24h,普洱,18.0
20201111,1,CO,普洱,0.7
20201111,1,CO_24h,普洱,0.75
20201111,2,AQI,普洱,49.0
20201111,2,PM2.5,普洱,30.0
20201111,2,PM2.5_24h,普洱,30.0
20201111,2,PM10,普洱,49.0
20201111,2,PM10_24h,普洱,48.0
20201111,2,SO2,普洱,4.0
20201111,2,SO2_24h,普洱,5.0
20201111,2,NO2,普洱,25.0
20201111,2,NO2_24h,普洱,19.0
20201111,2,O3,普洱,21.0
20201111,2,O3_24h,普洱,101.0
20201111,2,O3_8h,普洱,19.0
20201111,2,O3_8h_24h,普洱,20.0
20201111,2,CO,普洱,0.65
20201111,2,CO_24h,普洱,0.75
20201111,3,AQI,普洱,45.0
20201111,3,PM2.5,普洱,27.0
20201111,3,PM2.5_24h,普洱,30.0
20201111,3,PM10,普洱,45.0
20201111,3,PM10_24h,普洱,48.0
20201111,3,SO2,普洱,5.0
20201111,3,SO2_24h,普洱,5.0
20201111,3,NO2,普洱,21.0
20201111,3,NO2_24h,普洱,19.0
20201111,3,O3,普洱,27.0
20201111,3,O3_24h,普洱,101.0
20201111,3,O3_8h,普洱,22.0
20201111,3,O3_8h_24h,普洱,22.0
20201111,3,CO,普洱,0.65
20201111,3,CO_24h,普洱,0.75
20201111,4,AQI,普洱,43.0
20201111,4,PM2.5,普洱,30.0
20201111,4,PM2.5_24h,普洱,30.0
20201111,4,PM10,普洱,40.0
20201111,4,PM10_24h,普洱,48.0
20201111,4,SO2,普洱,4.0
20201111,4,SO2_24h,普洱,5.0
20201111,4,NO2,普洱,18.0
20201111,4,NO2_24h,普洱,19.0
20201111,4,O3,普洱,23.0
20201111,4,O3_24h,普洱,101.0
20201111,4,O3_8h,普洱,22.0
20201111,4,O3_8h_24h,普洱,24.0
20201111,4,CO,普洱,0.65
20201111,4,CO_24h,普洱,0.75
20201111,5,AQI,普洱,37.0
20201111,5,PM2.5,普洱,26.0
20201111,5,PM2.5_24h,普洱,30.0
20201111,5,PM10,普洱,34.0
20201111,5,PM10_24h,普洱,48.0
20201111,5,SO2,普洱,5.0
20201111,5,SO2_24h,普洱,5.0
20201111,5,NO2,普洱,17.0
20201111,5,NO2_24h,普洱,19.0
20201111,5,O3,普洱,26.0
20201111,5,O3_24h,普洱,101.0
20201111,5,O3_8h,普洱,23.0
20201111,5,O3_8h_24h,普洱,24.0
20201111,5,CO,普洱,0.65
20201111,5,CO_24h,普洱,0.75
20201111,6,AQI,普洱,41.0
20201111,6,PM2.5,普洱,29.0
20201111,6,PM2.5_24h,普洱,30.0
20201111,6,PM10,普洱,34.0
20201111,6,PM10_24h,普洱,47.0
20201111,6,SO2,普洱,4.0
20201111,6,SO2_24h,普洱,5.0
20201111,6,NO2,普洱,14.0
20201111,6,NO2_24h,普洱,19.0
20201111,6,O3,普洱,36.0
20201111,6,O3_24h,普洱,101.0
20201111,6,O3_8h,普洱,25.0
20201111,6,O3_8h_24h,普洱,27.0
20201111,6,CO,普洱,0.65
20201111,6,CO_24h,普洱,0.75
20201111,8,AQI,普洱,44.0
20201111,8,PM2.5,普洱,31.0
20201111,8,PM2.5_24h,普洱,31.0
20201111,8,PM10,普洱,42.0
20201111,8,PM10_24h,普洱,47.0
20201111,8,SO2,普洱,5.0
20201111,8,SO2_24h,普洱,5.0
20201111,8,NO2,普洱,25.0
20201111,8,NO2_24h,普洱,19.0
20201111,8,O3,普洱,17.0
20201111,8,O3_24h,普洱,101.0
20201111,8,O3_8h,普洱,24.0
20201111,8,O3_8h_24h,普洱,27.0
20201111,8,CO,普洱,0.9
20201111,8,CO_24h,普洱,0.75
20201111,10,AQI,普洱,61.0
20201111,10,PM2.5,普洱,31.0
20201111,10,PM2.5_24h,普洱,31.0
20201111,10,PM10,普洱,71.0
20201111,10,PM10_24h,普洱,47.0
20201111,10,SO2,普洱,7.0
20201111,10,SO2_24h,普洱,5.0
20201111,10,NO2,普洱,25.0
20201111,10,NO2_24h,普洱,20.0
20201111,10,O3,普洱,45.0
20201111,10,O3_24h,普洱,101.0
20201111,10,O3_8h,普洱,27.0
20201111,10,O3_8h_24h,普洱,30.0
20201111,10,CO,普洱,0.85
20201111,10,CO_24h,普洱,0.75
20201111,11,AQI,普洱,56.0
20201111,11,PM2.5,普洱,26.0
20201111,11,PM2.5_24h,普洱,31.0
20201111,11,PM10,普洱,62.0
20201111,11,PM10_24h,普洱,47.0
20201111,11,SO2,普洱,7.0
20201111,11,SO2_24h,普洱,5.0
20201111,11,NO2,普洱,19.0
20201111,11,NO2_24h,普洱,20.0
20201111,11,O3,普洱,72.0
20201111,11,O3_24h,普洱,101.0
20201111,11,O3_8h,普洱,33.0
20201111,11,O3_8h_24h,普洱,33.0
20201111,11,CO,普洱,0.75
20201111,11,CO_24h,普洱,0.75
20201111,12,AQI,普洱,52.0
20201111,12,PM2.5,普洱,29.0
20201111,12,PM2.5_24h,普洱,30.0
20201111,12,PM10,普洱,53.0
20201111,12,PM10_24h,普洱,47.0
20201111,12,SO2,普洱,7.0
20201111,12,SO2_24h,普洱,5.0
20201111,12,NO2,普洱,16.0
20201111,12,NO2_24h,普洱,20.0
20201111,12,O3,普洱,90.0
20201111,12,O3_24h,普洱,101.0
20201111,12,O3_8h,普洱,41.0
20201111,12,O3_8h_24h,普洱,41.0
20201111,12,CO,普洱,0.7
20201111,12,CO_24h,普洱,0.75
20201111,13,AQI,普洱,49.0
20201111,13,PM2.5,普洱,24.0
20201111,13,PM2.5_24h,普洱,30.0
20201111,13,PM10,普洱,49.0
20201111,13,PM10_24h,普洱,47.0
20201111,13,SO2,普洱,6.0
20201111,13,SO2_24h,普洱,5.0
20201111,13,NO2,普洱,13.0
20201111,13,NO2_24h,普洱,20.0
20201111,13,O3,普洱,106.0
20201111,13,O3_24h,普洱,106.0
20201111,13,O3_8h,普洱,51.0
20201111,13,O3_8h_24h,普洱,51.0
20201111,13,CO,普洱,0.65
20201111,13,CO_24h,普洱,0.75
20201111,14,AQI,普洱,43.0
20201111,14,PM2.5,普洱,19.0
20201111,14,PM2.5_24h,普洱,30.0
20201111,14,PM10,普洱,43.0
20201111,14,PM10_24h,普洱,48.0
20201111,14,SO2,普洱,6.0
20201111,14,SO2_24h,普洱,5.0
20201111,14,NO2,普洱,12.0
20201111,14,NO2_24h,普洱,20.0
20201111,14,O3,普洱,116.0
20201111,14,O3_24h,普洱,116.0
20201111,14,O3_8h,普洱,61.0
20201111,14,O3_8h_24h,普洱,61.0
20201111,14,CO,普洱,0.6
20201111,14,CO_24h,普洱,0.75
20201111,15,AQI,普洱,52.0
20201111,15,PM2.5,普洱,22.0
20201111,15,PM2.5_24h,普洱,30.0
20201111,15,PM10,普洱,54.0
20201111,15,PM10_24h,普洱,49.0
20201111,15,SO2,普洱,6.0
20201111,15,SO2_24h,普洱,5.0
20201111,15,NO2,普洱,10.0
20201111,15,NO2_24h,普洱,20.0
20201111,15,O3,普洱,118.0
20201111,15,O3_24h,普洱,118.0
20201111,15,O3_8h,普洱,73.0
20201111,15,O3_8h_24h,普洱,73.0
20201111,15,CO,普洱,0.6
20201111,15,CO_24h,普洱,0.75
20201111,16,AQI,普洱,51.0
20201111,16,PM2.5,普洱,18.0
20201111,16,PM2.5_24h,普洱,29.0
20201111,16,PM10,普洱,52.0
20201111,16,PM10_24h,普洱,49.0
20201111,16,SO2,普洱,6.0
20201111,16,SO2_24h,普洱,5.0
20201111,16,NO2,普洱,9.0
20201111,16,NO2_24h,普洱,20.0
20201111,16,O3,普洱,118.0
20201111,16,O3_24h,普洱,118.0
20201111,16,O3_8h,普洱,86.0
20201111,16,O3_8h_24h,普洱,86.0
20201111,16,CO,普洱,0.6
20201111,16,CO_24h,普洱,0.75
20201111,17,AQI,普洱,47.0
20201111,17,PM2.5,普洱,20.0
20201111,17,PM2.5_24h,普洱,30.0
20201111,17,PM10,普洱,47.0
20201111,17,PM10_24h,普洱,50.0
20201111,17,SO2,普洱,5.0
20201111,17,SO2_24h,普洱,5.0
20201111,17,NO2,普洱,10.0
20201111,17,NO2_24h,普洱,20.0
20201111,17,O3,普洱,111.0
20201111,17,O3_24h,普洱,118.0
20201111,17,O3_8h,普洱,97.0
20201111,17,O3_8h_24h,普洱,97.0
20201111,17,CO,普洱,0.6
20201111,17,CO_24h,普洱,0.75
20201111,18,AQI,普洱,47.0
20201111,18,PM2.5,普洱,25.0
20201111,18,PM2.5_24h,普洱,30.0
20201111,18,PM10,普洱,47.0
20201111,18,PM10_24h,普洱,51.0
20201111,18,SO2,普洱,6.0
20201111,18,SO2_24h,普洱,5.0
20201111,18,NO2,普洱,22.0
20201111,18,NO2_24h,普洱,21.0
20201111,18,O3,普洱,104.0
20201111,18,O3_24h,普洱,118.0
20201111,18,O3_8h,普洱,104.0
20201111,18,O3_8h_24h,普洱,104.0
20201111,18,CO,普洱,0.5
20201111,18,CO_24h,普洱,0.75
20201111,19,AQI,普洱,51.0
20201111,19,PM2.5,普洱,22.0
20201111,19,PM2.5_24h,普洱,30.0
20201111,19,PM10,普洱,51.0
20201111,19,PM10_24h,普洱,51.0
20201111,19,SO2,普洱,6.0
20201111,19,SO2_24h,普洱,5.0
20201111,19,NO2,普洱,24.0
20201111,19,NO2_24h,普洱,21.0
20201111,19,O3,普洱,83.0
20201111,19,O3_24h,普洱,118.0
20201111,19,O3_8h,普洱,106.0
20201111,19,O3_8h_24h,普洱,106.0
20201111,19,CO,普洱,0.75
20201111,19,CO_24h,普洱,0.7
20201111,20,AQI,普洱,53.0
20201111,20,PM2.5,普洱,27.0
20201111,20,PM2.5_24h,普洱,29.0
20201111,20,PM10,普洱,56.0
20201111,20,PM10_24h,普洱,50.0
20201111,20,SO2,普洱,5.0
20201111,20,SO2_24h,普洱,5.0
20201111,20,NO2,普洱,29.0
20201111,20,NO2_24h,普洱,21.0
20201111,20,O3,普洱,57.0
20201111,20,O3_24h,普洱,118.0
20201111,20,O3_8h,普洱,102.0
20201111,20,O3_8h_24h,普洱,106.0
20201111,20,CO,普洱,0.65
20201111,20,CO_24h,普洱,0.7
20201111,21,AQI,普洱,55.0
20201111,21,PM2.5,普洱,30.0
20201111,21,PM2.5_24h,普洱,28.0
20201111,21,PM10,普洱,59.0
20201111,21,PM10_24h,普洱,51.0
20201111,21,SO2,普洱,5.0
20201111,21,SO2_24h,普洱,5.0
20201111,21,NO2,普洱,34.0
20201111,21,NO2_24h,普洱,22.0
20201111,21,O3,普洱,44.0
20201111,21,O3_24h,普洱,118.0
20201111,21,O3_8h,普洱,94.0
20201111,21,O3_8h_24h,普洱,106.0
20201111,21,CO,普洱,0.65
20201111,21,CO_24h,普洱,0.7
20201111,22,AQI,普洱,48.0
20201111,22,PM2.5,普洱,33.0
20201111,22,PM2.5_24h,普洱,28.0
20201111,22,PM10,普洱,48.0
20201111,22,PM10_24h,普洱,50.0
20201111,22,SO2,普洱,6.0
20201111,22,SO2_24h,普洱,5.0
20201111,22,NO2,普洱,43.0
20201111,22,NO2_24h,普洱,22.0
20201111,22,O3,普洱,19.0
20201111,22,O3_24h,普洱,118.0
20201111,22,O3_8h,普洱,82.0
20201111,22,O3_8h_24h,普洱,106.0
20201111,22,CO,普洱,0.7
20201111,22,CO_24h,普洱,0.65
20201111,23,AQI,普洱,60.0
20201111,23,PM2.5,普洱,35.0
20201111,23,PM2.5_24h,普洱,28.0
20201111,23,PM10,普洱,70.0
20201111,23,PM10_24h,普洱,50.0
20201111,23,SO2,普洱,5.0
20201111,23,SO2_24h,普洱,5.0
20201111,23,NO2,普洱,41.0
20201111,23,NO2_24h,普洱,23.0
20201111,23,O3,普洱,15.0
20201111,23,O3_24h,普洱,118.0
20201111,23,O3_8h,普洱,69.0
20201111,23,O3_8h_24h,普洱,106.0
20201111,23,CO,普洱,0.65
20201111,23,CO_24h,普洱,0.65
20201111,0,AQI,临沧,53.0
20201111,0,PM2.5,临沧,37.0
20201111,0,PM2.5_24h,临沧,27.0
20201111,0,PM10,临沧,35.0
20201111,0,PM10_24h,临沧,38.0
20201111,0,SO2,临沧,9.0
20201111,0,SO2_24h,临沧,9.0
20201111,0,NO2,临沧,16.0
20201111,0,NO2_24h,临沧,18.0
20201111,0,O3,临沧,36.0
20201111,0,O3_24h,临沧,87.0
20201111,0,O3_8h,临沧,58.0
20201111,0,O3_8h_24h,临沧,79.0
20201111,0,CO,临沧,0.85
20201111,0,CO_24h,临沧,0.85
20201111,1,AQI,临沧,51.0
20201111,1,PM2.5,临沧,36.0
20201111,1,PM2.5_24h,临沧,27.0
20201111,1,PM10,临沧,38.0
20201111,1,PM10_24h,临沧,38.0
20201111,1,SO2,临沧,8.0
20201111,1,SO2_24h,临沧,9.0
20201111,1,NO2,临沧,14.0
20201111,1,NO2_24h,临沧,17.0
20201111,1,O3,临沧,36.0
20201111,1,O3_24h,临沧,87.0
20201111,1,O3_8h,临沧,36.0
20201111,1,O3_8h_24h,临沧,36.0
20201111,1,CO,临沧,0.8
20201111,1,CO_24h,临沧,0.85
20201111,2,AQI,临沧,50.0
20201111,2,PM2.5,临沧,35.0
20201111,2,PM2.5_24h,临沧,27.0
20201111,2,PM10,临沧,37.0
20201111,2,PM10_24h,临沧,38.0
20201111,2,SO2,临沧,8.0
20201111,2,SO2_24h,临沧,9.0
20201111,2,NO2,临沧,11.0
20201111,2,NO2_24h,临沧,17.0
20201111,2,O3,临沧,36.0
20201111,2,O3_24h,临沧,87.0
20201111,2,O3_8h,临沧,36.0
20201111,2,O3_8h_24h,临沧,36.0
20201111,2,CO,临沧,0.75
20201111,2,CO_24h,临沧,0.85
20201111,3,AQI,临沧,40.0
20201111,3,PM2.5,临沧,28.0
20201111,3,PM2.5_24h,临沧,28.0
20201111,3,PM10,临沧,33.0
20201111,3,PM10_24h,临沧,38.0
20201111,3,SO2,临沧,8.0
20201111,3,SO2_24h,临沧,9.0
20201111,3,NO2,临沧,11.0
20201111,3,NO2_24h,临沧,17.0
20201111,3,O3,临沧,34.0
20201111,3,O3_24h,临沧,87.0
20201111,3,O3_8h,临沧,35.0
20201111,3,O3_8h_24h,临沧,36.0
20201111,3,CO,临沧,0.75
20201111,3,CO_24h,临沧,0.85
20201111,4,AQI,临沧,33.0
20201111,4,PM2.5,临沧,23.0
20201111,4,PM2.5_24h,临沧,27.0
20201111,4,PM10,临沧,31.0
20201111,4,PM10_24h,临沧,38.0
20201111,4,SO2,临沧,8.0
20201111,4,SO2_24h,临沧,9.0
20201111,4,NO2,临沧,13.0
20201111,4,NO2_24h,临沧,16.0
20201111,4,O3,临沧,29.0
20201111,4,O3_24h,临沧,87.0
20201111,4,O3_8h,临沧,34.0
20201111,4,O3_8h_24h,临沧,36.0
20201111,4,CO,临沧,0.75
20201111,4,CO_24h,临沧,0.85
20201111,5,AQI,临沧,39.0
20201111,5,PM2.5,临沧,27.0
20201111,5,PM2.5_24h,临沧,28.0
20201111,5,PM10,临沧,31.0
20201111,5,PM10_24h,临沧,39.0
20201111,5,SO2,临沧,8.0
20201111,5,SO2_24h,临沧,9.0
20201111,5,NO2,临沧,13.0
20201111,5,NO2_24h,临沧,16.0
20201111,5,O3,临沧,24.0
20201111,5,O3_24h,临沧,87.0
20201111,5,O3_8h,临沧,32.0
20201111,5,O3_8h_24h,临沧,36.0
20201111,5,CO,临沧,0.8
20201111,5,CO_24h,临沧,0.85
20201111,6,AQI,临沧,36.0
20201111,6,PM2.5,临沧,25.0
20201111,6,PM2.5_24h,临沧,28.0
20201111,6,PM10,临沧,35.0
20201111,6,PM10_24h,临沧,39.0
20201111,6,SO2,临沧,8.0
20201111,6,SO2_24h,临沧,9.0
20201111,6,NO2,临沧,13.0
20201111,6,NO2_24h,临沧,16.0
20201111,6,O3,临沧,23.0
20201111,6,O3_24h,临沧,87.0
20201111,6,O3_8h,临沧,31.0
20201111,6,O3_8h_24h,临沧,36.0
20201111,6,CO,临沧,0.8
20201111,6,CO_24h,临沧,0.85
20201111,8,AQI,临沧,36.0
20201111,8,PM2.5,临沧,25.0
20201111,8,PM2.5_24h,临沧,28.0
20201111,8,PM10,临沧,36.0
20201111,8,PM10_24h,临沧,38.0
20201111,8,SO2,临沧,9.0
20201111,8,SO2_24h,临沧,9.0
20201111,8,NO2,临沧,17.0
20201111,8,NO2_24h,临沧,15.0
20201111,8,O3,临沧,19.0
20201111,8,O3_24h,临沧,87.0
20201111,8,O3_8h,临沧,28.0
20201111,8,O3_8h_24h,临沧,36.0
20201111,8,CO,临沧,0.85
20201111,8,CO_24h,临沧,0.85
20201111,10,AQI,临沧,53.0
20201111,10,PM2.5,临沧,33.0
20201111,10,PM2.5_24h,临沧,28.0
20201111,10,PM10,临沧,55.0
20201111,10,PM10_24h,临沧,38.0
20201111,10,SO2,临沧,13.0
20201111,10,SO2_24h,临沧,9.0
20201111,10,NO2,临沧,19.0
20201111,10,NO2_24h,临沧,15.0
20201111,10,O3,临沧,29.0
20201111,10,O3_24h,临沧,87.0
20201111,10,O3_8h,临沧,25.0
20201111,10,O3_8h_24h,临沧,36.0
20201111,10,CO,临沧,0.95
20201111,10,CO_24h,临沧,0.85
20201111,11,AQI,临沧,57.0
20201111,11,PM2.5,临沧,35.0
20201111,11,PM2.5_24h,临沧,28.0
20201111,11,PM10,临沧,63.0
20201111,11,PM10_24h,临沧,38.0
20201111,11,SO2,临沧,12.0
20201111,11,SO2_24h,临沧,9.0
20201111,11,NO2,临沧,20.0
20201111,11,NO2_24h,临沧,15.0
20201111,11,O3,临沧,45.0
20201111,11,O3_24h,临沧,87.0
20201111,11,O3_8h,临沧,26.0
20201111,11,O3_8h_24h,临沧,36.0
20201111,11,CO,临沧,0.95
20201111,11,CO_24h,临沧,0.85
20201111,12,AQI,临沧,58.0
20201111,12,PM2.5,临沧,32.0
20201111,12,PM2.5_24h,临沧,29.0
20201111,12,PM10,临沧,65.0
20201111,12,PM10_24h,临沧,38.0
20201111,12,SO2,临沧,11.0
20201111,12,SO2_24h,临沧,9.0
20201111,12,NO2,临沧,18.0
20201111,12,NO2_24h,临沧,14.0
20201111,12,O3,临沧,71.0
20201111,12,O3_24h,临沧,87.0
20201111,12,O3_8h,临沧,32.0
20201111,12,O3_8h_24h,临沧,36.0
20201111,12,CO,临沧,0.9
20201111,12,CO_24h,临沧,0.85
20201111,13,AQI,临沧,53.0
20201111,13,PM2.5,临沧,30.0
20201111,13,PM2.5_24h,临沧,29.0
20201111,13,PM10,临沧,55.0
20201111,13,PM10_24h,临沧,39.0
20201111,13,SO2,临沧,10.0
20201111,13,SO2_24h,临沧,9.0
20201111,13,NO2,临沧,13.0
20201111,13,NO2_24h,临沧,14.0
20201111,13,O3,临沧,93.0
20201111,13,O3_24h,临沧,93.0
20201111,13,O3_8h,临沧,40.0
20201111,13,O3_8h_24h,临沧,41.0
20201111,13,CO,临沧,0.9
20201111,13,CO_24h,临沧,0.85
20201111,14,AQI,临沧,46.0
20201111,14,PM2.5,临沧,28.0
20201111,14,PM2.5_24h,临沧,29.0
20201111,14,PM10,临沧,46.0
20201111,14,PM10_24h,临沧,39.0
20201111,14,SO2,临沧,9.0
20201111,14,SO2_24h,临沧,9.0
20201111,14,NO2,临沧,8.0
20201111,14,NO2_24h,临沧,13.0
20201111,14,O3,临沧,99.0
20201111,14,O3_24h,临沧,99.0
20201111,14,O3_8h,临沧,50.0
20201111,14,O3_8h_24h,临沧,50.0
20201111,14,CO,临沧,0.8
20201111,14,CO_24h,临沧,0.85
20201111,15,AQI,临沧,37.0
20201111,15,PM2.5,临沧,20.0
20201111,15,PM2.5_24h,临沧,29.0
20201111,15,PM10,临沧,37.0
20201111,15,PM10_24h,临沧,39.0
20201111,15,SO2,临沧,8.0
20201111,15,SO2_24h,临沧,9.0
20201111,15,NO2,临沧,8.0
20201111,15,NO2_24h,临沧,13.0
20201111,15,O3,临沧,97.0
20201111,15,O3_24h,临沧,99.0
20201111,15,O3_8h,临沧,59.0
20201111,15,O3_8h_24h,临沧,59.0
20201111,15,CO,临沧,0.8
20201111,15,CO_24h,临沧,0.85
20201111,16,AQI,临沧,31.0
20201111,16,PM2.5,临沧,21.0
20201111,16,PM2.5_24h,临沧,29.0
20201111,16,PM10,临沧,31.0
20201111,16,PM10_24h,临沧,39.0
20201111,16,SO2,临沧,8.0
20201111,16,SO2_24h,临沧,9.0
20201111,16,NO2,临沧,8.0
20201111,16,NO2_24h,临沧,13.0
20201111,16,O3,临沧,98.0
20201111,16,O3_24h,临沧,100.0
20201111,16,O3_8h,临沧,69.0
20201111,16,O3_8h_24h,临沧,69.0
20201111,16,CO,临沧,0.75
20201111,16,CO_24h,临沧,0.85
20201111,17,AQI,临沧,36.0
20201111,17,PM2.5,临沧,25.0
20201111,17,PM2.5_24h,临沧,29.0
20201111,17,PM10,临沧,27.0
20201111,17,PM10_24h,临沧,39.0
20201111,17,SO2,临沧,8.0
20201111,17,SO2_24h,临沧,9.0
20201111,17,NO2,临沧,9.0
20201111,17,NO2_24h,临沧,13.0
20201111,17,O3,临沧,91.0
20201111,17,O3_24h,临沧,100.0
20201111,17,O3_8h,临沧,78.0
20201111,17,O3_8h_24h,临沧,78.0
20201111,17,CO,临沧,0.75
20201111,17,CO_24h,临沧,0.85
20201111,18,AQI,临沧,37.0
20201111,18,PM2.5,临沧,22.0
20201111,18,PM2.5_24h,临沧,29.0
20201111,18,PM10,临沧,37.0
20201111,18,PM10_24h,临沧,39.0
20201111,18,SO2,临沧,8.0
20201111,18,SO2_24h,临沧,9.0
20201111,18,NO2,临沧,14.0
20201111,18,NO2_24h,临沧,14.0
20201111,18,O3,临沧,75.0
20201111,18,O3_24h,临沧,100.0
20201111,18,O3_8h,临沧,83.0
20201111,18,O3_8h_24h,临沧,83.0
20201111,18,CO,临沧,0.75
20201111,18,CO_24h,临沧,0.85
20201111,19,AQI,临沧,40.0
20201111,19,PM2.5,临沧,28.0
20201111,19,PM2.5_24h,临沧,29.0
20201111,19,PM10,临沧,38.0
20201111,19,PM10_24h,临沧,39.0
20201111,19,SO2,临沧,9.0
20201111,19,SO2_24h,临沧,9.0
20201111,19,NO2,临沧,23.0
20201111,19,NO2_24h,临沧,14.0
20201111,19,O3,临沧,58.0
20201111,19,O3_24h,临沧,100.0
20201111,19,O3_8h,临沧,85.0
20201111,19,O3_8h_24h,临沧,85.0
20201111,19,CO,临沧,0.85
20201111,19,CO_24h,临沧,0.85
20201111,20,AQI,临沧,47.0
20201111,20,PM2.5,临沧,33.0
20201111,20,PM2.5_24h,临沧,29.0
20201111,20,PM10,临沧,35.0
20201111,20,PM10_24h,临沧,40.0
20201111,20,SO2,临沧,9.0
20201111,20,SO2_24h,临沧,9.0
20201111,20,NO2,临沧,23.0
20201111,20,NO2_24h,临沧,14.0
20201111,20,O3,临沧,46.0
20201111,20,O3_24h,临沧,100.0
20201111,20,O3_8h,临沧,82.0
20201111,20,O3_8h_24h,临沧,85.0
20201111,20,CO,临沧,0.9
20201111,20,CO_24h,临沧,0.85
20201111,21,AQI,临沧,50.0
20201111,21,PM2.5,临沧,35.0
20201111,21,PM2.5_24h,临沧,29.0
20201111,21,PM10,临沧,44.0
20201111,21,PM10_24h,临沧,40.0
20201111,21,SO2,临沧,8.0
20201111,21,SO2_24h,临沧,9.0
20201111,21,NO2,临沧,19.0
20201111,21,NO2_24h,临沧,14.0
20201111,21,O3,临沧,47.0
20201111,21,O3_24h,临沧,100.0
20201111,21,O3_8h,临沧,76.0
20201111,21,O3_8h_24h,临沧,85.0
20201111,21,CO,临沧,0.9
20201111,21,CO_24h,临沧,0.85
20201111,22,AQI,临沧,49.0
20201111,22,PM2.5,临沧,34.0
20201111,22,PM2.5_24h,临沧,29.0
20201111,22,PM10,临沧,40.0
20201111,22,PM10_24h,临沧,40.0
20201111,22,SO2,临沧,8.0
20201111,22,SO2_24h,临沧,9.0
20201111,22,NO2,临沧,18.0
20201111,22,NO2_24h,临沧,15.0
20201111,22,O3,临沧,43.0
20201111,22,O3_24h,临沧,100.0
20201111,22,O3_8h,临沧,70.0
20201111,22,O3_8h_24h,临沧,85.0
20201111,22,CO,临沧,0.85
20201111,22,CO_24h,临沧,0.85
20201111,23,AQI,临沧,47.0
20201111,23,PM2.5,临沧,33.0
20201111,23,PM2.5_24h,临沧,29.0
20201111,23,PM10,临沧,42.0
20201111,23,PM10_24h,临沧,40.0
20201111,23,SO2,临沧,8.0
20201111,23,SO2_24h,临沧,9.0
20201111,23,NO2,临沧,16.0
20201111,23,NO2_24h,临沧,15.0
20201111,23,O3,临沧,39.0
20201111,23,O3_24h,临沧,100.0
20201111,23,O3_8h,临沧,62.0
20201111,23,O3_8h_24h,临沧,85.0
20201111,23,CO,临沧,0.9
20201111,23,CO_24h,临沧,0.85
20201111,0,AQI,楚雄州,78.0
20201111,0,PM2.5,楚雄州,57.0
20201111,0,PM2.5_24h,楚雄州,53.0
20201111,0,PM10,楚雄州,94.0
20201111,0,PM10_24h,楚雄州,70.0
20201111,0,SO2,楚雄州,37.0
20201111,0,SO2_24h,楚雄州,23.0
20201111,0,NO2,楚雄州,55.0
20201111,0,NO2_24h,楚雄州,34.0
20201111,0,O3,楚雄州,6.0
20201111,0,O3_24h,楚雄州,120.0
20201111,0,O3_8h,楚雄州,53.0
20201111,0,O3_8h_24h,楚雄州,101.0
20201111,0,CO,楚雄州,1.05
20201111,0,CO_24h,楚雄州,0.85
20201111,1,AQI,楚雄州,76.0
20201111,1,PM2.5,楚雄州,56.0
20201111,1,PM2.5_24h,楚雄州,53.0
20201111,1,PM10,楚雄州,93.0
20201111,1,PM10_24h,楚雄州,71.0
20201111,1,SO2,楚雄州,28.0
20201111,1,SO2_24h,楚雄州,23.0
20201111,1,NO2,楚雄州,46.0
20201111,1,NO2_24h,楚雄州,34.0
20201111,1,O3,楚雄州,6.0
20201111,1,O3_24h,楚雄州,120.0
20201111,1,O3_8h,楚雄州,6.0
20201111,1,O3_8h_24h,楚雄州,6.0
20201111,1,CO,楚雄州,1.0
20201111,1,CO_24h,楚雄州,0.85
20201111,2,AQI,楚雄州,73.0
20201111,2,PM2.5,楚雄州,53.0
20201111,2,PM2.5_24h,楚雄州,54.0
20201111,2,PM10,楚雄州,80.0
20201111,2,PM10_24h,楚雄州,72.0
20201111,2,SO2,楚雄州,39.0
20201111,2,SO2_24h,楚雄州,24.0
20201111,2,NO2,楚雄州,47.0
20201111,2,NO2_24h,楚雄州,34.0
20201111,2,O3,楚雄州,4.0
20201111,2,O3_24h,楚雄州,120.0
20201111,2,O3_8h,楚雄州,5.0
20201111,2,O3_8h_24h,楚雄州,6.0
20201111,2,CO,楚雄州,0.95
20201111,2,CO_24h,楚雄州,0.85
20201111,3,AQI,楚雄州,66.0
20201111,3,PM2.5,楚雄州,48.0
20201111,3,PM2.5_24h,楚雄州,54.0
20201111,3,PM10,楚雄州,70.0
20201111,3,PM10_24h,楚雄州,72.0
20201111,3,SO2,楚雄州,20.0
20201111,3,SO2_24h,楚雄州,24.0
20201111,3,NO2,楚雄州,37.0
20201111,3,NO2_24h,楚雄州,34.0
20201111,3,O3,楚雄州,3.0
20201111,3,O3_24h,楚雄州,120.0
20201111,3,O3_8h,楚雄州,5.0
20201111,3,O3_8h_24h,楚雄州,6.0
20201111,3,CO,楚雄州,0.85
20201111,3,CO_24h,楚雄州,0.85
20201111,4,AQI,楚雄州,66.0
20201111,4,PM2.5,楚雄州,48.0
20201111,4,PM2.5_24h,楚雄州,54.0
20201111,4,PM10,楚雄州,60.0
20201111,4,PM10_24h,楚雄州,73.0
20201111,4,SO2,楚雄州,14.0
20201111,4,SO2_24h,楚雄州,24.0
20201111,4,NO2,楚雄州,32.0
20201111,4,NO2_24h,楚雄州,34.0
20201111,4,O3,楚雄州,3.0
20201111,4,O3_24h,楚雄州,120.0
20201111,4,O3_8h,楚雄州,4.0
20201111,4,O3_8h_24h,楚雄州,6.0
20201111,4,CO,楚雄州,0.85
20201111,4,CO_24h,楚雄州,0.9
20201111,5,AQI,楚雄州,64.0
20201111,5,PM2.5,楚雄州,46.0
20201111,5,PM2.5_24h,楚雄州,54.0
20201111,5,PM10,楚雄州,62.0
20201111,5,PM10_24h,楚雄州,73.0
20201111,5,SO2,楚雄州,14.0
20201111,5,SO2_24h,楚雄州,24.0
20201111,5,NO2,楚雄州,29.0
20201111,5,NO2_24h,楚雄州,34.0
20201111,5,O3,楚雄州,3.0
20201111,5,O3_24h,楚雄州,120.0
20201111,5,O3_8h,楚雄州,4.0
20201111,5,O3_8h_24h,楚雄州,6.0
20201111,5,CO,楚雄州,0.85
20201111,5,CO_24h,楚雄州,0.9
20201111,6,AQI,楚雄州,66.0
20201111,6,PM2.5,楚雄州,48.0
20201111,6,PM2.5_24h,楚雄州,54.0
20201111,6,PM10,楚雄州,54.0
20201111,6,PM10_24h,楚雄州,72.0
20201111,6,SO2,楚雄州,8.0
20201111,6,SO2_24h,楚雄州,23.0
20201111,6,NO2,楚雄州,28.0
20201111,6,NO2_24h,楚雄州,34.0
20201111,6,O3,楚雄州,3.0
20201111,6,O3_24h,楚雄州,120.0
20201111,6,O3_8h,楚雄州,4.0
20201111,6,O3_8h_24h,楚雄州,6.0
20201111,6,CO,楚雄州,0.75
20201111,6,CO_24h,楚雄州,0.9
20201111,8,AQI,楚雄州,74.0
20201111,8,PM2.5,楚雄州,54.0
20201111,8,PM2.5_24h,楚雄州,54.0
20201111,8,PM10,楚雄州,63.0
20201111,8,PM10_24h,楚雄州,74.0
20201111,8,SO2,楚雄州,7.0
20201111,8,SO2_24h,楚雄州,23.0
20201111,8,NO2,楚雄州,28.0
20201111,8,NO2_24h,楚雄州,34.0
20201111,8,O3,楚雄州,3.0
20201111,8,O3_24h,楚雄州,120.0
20201111,8,O3_8h,楚雄州,4.0
20201111,8,O3_8h_24h,楚雄州,6.0
20201111,8,CO,楚雄州,0.9
20201111,8,CO_24h,楚雄州,0.9
20201111,10,AQI,楚雄州,94.0
20201111,10,PM2.5,楚雄州,70.0
20201111,10,PM2.5_24h,楚雄州,53.0
20201111,10,PM10,楚雄州,73.0
20201111,10,PM10_24h,楚雄州,73.0
20201111,10,SO2,楚雄州,9.0
20201111,10,SO2_24h,楚雄州,21.0
20201111,10,NO2,楚雄州,31.0
20201111,10,NO2_24h,楚雄州,34.0
20201111,10,O3,楚雄州,11.0
20201111,10,O3_24h,楚雄州,120.0
20201111,10,O3_8h,楚雄州,4.0
20201111,10,O3_8h_24h,楚雄州,6.0
20201111,10,CO,楚雄州,1.05
20201111,10,CO_24h,楚雄州,0.9
20201111,11,AQI,楚雄州,99.0
20201111,11,PM2.5,楚雄州,74.0
20201111,11,PM2.5_24h,楚雄州,53.0
20201111,11,PM10,楚雄州,92.0
20201111,11,PM10_24h,楚雄州,73.0
20201111,11,SO2,楚雄州,11.0
20201111,11,SO2_24h,楚雄州,20.0
20201111,11,NO2,楚雄州,33.0
20201111,11,NO2_24h,楚雄州,34.0
20201111,11,O3,楚雄州,21.0
20201111,11,O3_24h,楚雄州,120.0
20201111,11,O3_8h,楚雄州,6.0
20201111,11,O3_8h_24h,楚雄州,7.0
20201111,11,CO,楚雄州,1.15
20201111,11,CO_24h,楚雄州,0.9
20201111,12,AQI,楚雄州,85.0
20201111,12,PM2.5,楚雄州,63.0
20201111,12,PM2.5_24h,楚雄州,53.0
20201111,12,PM10,楚雄州,91.0
20201111,12,PM10_24h,楚雄州,73.0
20201111,12,SO2,楚雄州,13.0
20201111,12,SO2_24h,楚雄州,20.0
20201111,12,NO2,楚雄州,35.0
20201111,12,NO2_24h,楚雄州,34.0
20201111,12,O3,楚雄州,52.0
20201111,12,O3_24h,楚雄州,120.0
20201111,12,O3_8h,楚雄州,12.0
20201111,12,O3_8h_24h,楚雄州,12.0
20201111,12,CO,楚雄州,1.05
20201111,12,CO_24h,楚雄州,0.9
20201111,13,AQI,楚雄州,56.0
20201111,13,PM2.5,楚雄州,36.0
20201111,13,PM2.5_24h,楚雄州,51.0
20201111,13,PM10,楚雄州,62.0
20201111,13,PM10_24h,楚雄州,71.0
20201111,13,SO2,楚雄州,10.0
20201111,13,SO2_24h,楚雄州,18.0
20201111,13,NO2,楚雄州,18.0
20201111,13,NO2_24h,楚雄州,33.0
20201111,13,O3,楚雄州,92.0
20201111,13,O3_24h,楚雄州,120.0
20201111,13,O3_8h,楚雄州,24.0
20201111,13,O3_8h_24h,楚雄州,24.0
20201111,13,CO,楚雄州,0.8
20201111,13,CO_24h,楚雄州,0.9
20201111,14,AQI,楚雄州,40.0
20201111,14,PM2.5,楚雄州,26.0
20201111,14,PM2.5_24h,楚雄州,49.0
20201111,14,PM10,楚雄州,40.0
20201111,14,PM10_24h,楚雄州,69.0
20201111,14,SO2,楚雄州,8.0
20201111,14,SO2_24h,楚雄州,17.0
20201111,14,NO2,楚雄州,10.0
20201111,14,NO2_24h,楚雄州,33.0
20201111,14,O3,楚雄州,109.0
20201111,14,O3_24h,楚雄州,120.0
20201111,14,O3_8h,楚雄州,37.0
20201111,14,O3_8h_24h,楚雄州,37.0
20201111,14,CO,楚雄州,0.7
20201111,14,CO_24h,楚雄州,0.9
20201111,15,AQI,楚雄州,34.0
20201111,15,PM2.5,楚雄州,17.0
20201111,15,PM2.5_24h,楚雄州,48.0
20201111,15,PM10,楚雄州,26.0
20201111,15,PM10_24h,楚雄州,67.0
20201111,15,SO2,楚雄州,6.0
20201111,15,SO2_24h,楚雄州,16.0
20201111,15,NO2,楚雄州,8.0
20201111,15,NO2_24h,楚雄州,33.0
20201111,15,O3,楚雄州,110.0
20201111,15,O3_24h,楚雄州,120.0
20201111,15,O3_8h,楚雄州,51.0
20201111,15,O3_8h_24h,楚雄州,51.0
20201111,15,CO,楚雄州,0.6
20201111,15,CO_24h,楚雄州,0.9
20201111,16,AQI,楚雄州,34.0
20201111,16,PM2.5,楚雄州,15.0
20201111,16,PM2.5_24h,楚雄州,47.0
20201111,16,PM10,楚雄州,26.0
20201111,16,PM10_24h,楚雄州,66.0
20201111,16,SO2,楚雄州,5.0
20201111,16,SO2_24h,楚雄州,16.0
20201111,16,NO2,楚雄州,8.0
20201111,16,NO2_24h,楚雄州,32.0
20201111,16,O3,楚雄州,110.0
20201111,16,O3_24h,楚雄州,115.0
20201111,16,O3_8h,楚雄州,64.0
20201111,16,O3_8h_24h,楚雄州,64.0
20201111,16,CO,楚雄州,0.5
20201111,16,CO_24h,楚雄州,0.9
20201111,17,AQI,楚雄州,30.0
20201111,17,PM2.5,楚雄州,15.0
20201111,17,PM2.5_24h,楚雄州,46.0
20201111,17,PM10,楚雄州,25.0
20201111,17,PM10_24h,楚雄州,65.0
20201111,17,SO2,楚雄州,6.0
20201111,17,SO2_24h,楚雄州,16.0
20201111,17,NO2,楚雄州,10.0
20201111,17,NO2_24h,楚雄州,32.0
20201111,17,O3,楚雄州,95.0
20201111,17,O3_24h,楚雄州,111.0
20201111,17,O3_8h,楚雄州,75.0
20201111,17,O3_8h_24h,楚雄州,75.0
20201111,17,CO,楚雄州,0.55
20201111,17,CO_24h,楚雄州,0.9
20201111,18,AQI,楚雄州,35.0
20201111,18,PM2.5,楚雄州,15.0
20201111,18,PM2.5_24h,楚雄州,45.0
20201111,18,PM10,楚雄州,35.0
20201111,18,PM10_24h,楚雄州,64.0
20201111,18,SO2,楚雄州,6.0
20201111,18,SO2_24h,楚雄州,16.0
20201111,18,NO2,楚雄州,15.0
20201111,18,NO2_24h,楚雄州,32.0
20201111,18,O3,楚雄州,80.0
20201111,18,O3_24h,楚雄州,110.0
20201111,18,O3_8h,楚雄州,83.0
20201111,18,O3_8h_24h,楚雄州,83.0
20201111,18,CO,楚雄州,0.6
20201111,18,CO_24h,楚雄州,0.9
20201111,19,AQI,楚雄州,41.0
20201111,19,PM2.5,楚雄州,17.0
20201111,19,PM2.5_24h,楚雄州,45.0
20201111,19,PM10,楚雄州,41.0
20201111,19,PM10_24h,楚雄州,63.0
20201111,19,SO2,楚雄州,6.0
20201111,19,SO2_24h,楚雄州,16.0
20201111,19,NO2,楚雄州,18.0
20201111,19,NO2_24h,楚雄州,32.0
20201111,19,O3,楚雄州,72.0
20201111,19,O3_24h,楚雄州,110.0
20201111,19,O3_8h,楚雄州,90.0
20201111,19,O3_8h_24h,楚雄州,90.0
20201111,19,CO,楚雄州,0.7
20201111,19,CO_24h,楚雄州,0.9
20201111,20,AQI,楚雄州,35.0
20201111,20,PM2.5,楚雄州,18.0
20201111,20,PM2.5_24h,楚雄州,44.0
20201111,20,PM10,楚雄州,35.0
20201111,20,PM10_24h,楚雄州,62.0
20201111,20,SO2,楚雄州,6.0
20201111,20,SO2_24h,楚雄州,16.0
20201111,20,NO2,楚雄州,21.0
20201111,20,NO2_24h,楚雄州,32.0
20201111,20,O3,楚雄州,63.0
20201111,20,O3_24h,楚雄州,110.0
20201111,20,O3_8h,楚雄州,91.0
20201111,20,O3_8h_24h,楚雄州,91.0
20201111,20,CO,楚雄州,0.75
20201111,20,CO_24h,楚雄州,0.9
20201111,21,AQI,楚雄州,41.0
20201111,21,PM2.5,楚雄州,24.0
20201111,21,PM2.5_24h,楚雄州,42.0
20201111,21,PM10,楚雄州,41.0
20201111,21,PM10_24h,楚雄州,61.0
20201111,21,SO2,楚雄州,25.0
20201111,21,SO2_24h,楚雄州,15.0
20201111,21,NO2,楚雄州,36.0
20201111,21,NO2_24h,楚雄州,30.0
20201111,21,O3,楚雄州,43.0
20201111,21,O3_24h,楚雄州,110.0
20201111,21,O3_8h,楚雄州,85.0
20201111,21,O3_8h_24h,楚雄州,91.0
20201111,21,CO,楚雄州,0.8
20201111,21,CO_24h,楚雄州,0.85
20201111,22,AQI,楚雄州,61.0
20201111,22,PM2.5,楚雄州,33.0
20201111,22,PM2.5_24h,楚雄州,42.0
20201111,22,PM10,楚雄州,71.0
20201111,22,PM10_24h,楚雄州,60.0
20201111,22,SO2,楚雄州,59.0
20201111,22,SO2_24h,楚雄州,16.0
20201111,22,NO2,楚雄州,60.0
20201111,22,NO2_24h,楚雄州,30.0
20201111,22,O3,楚雄州,9.0
20201111,22,O3_24h,楚雄州,110.0
20201111,22,O3_8h,楚雄州,73.0
20201111,22,O3_8h_24h,楚雄州,91.0
20201111,22,CO,楚雄州,0.9
20201111,22,CO_24h,楚雄州,0.85
20201111,23,AQI,楚雄州,67.0
20201111,23,PM2.5,楚雄州,37.0
20201111,23,PM2.5_24h,楚雄州,41.0
20201111,23,PM10,楚雄州,84.0
20201111,23,PM10_24h,楚雄州,60.0
20201111,23,SO2,楚雄州,43.0
20201111,23,SO2_24h,楚雄州,17.0
20201111,23,NO2,楚雄州,57.0
20201111,23,NO2_24h,楚雄州,30.0
20201111,23,O3,楚雄州,6.0
20201111,23,O3_24h,楚雄州,110.0
20201111,23,O3_8h,楚雄州,60.0
20201111,23,O3_8h_24h,楚雄州,91.0
20201111,23,CO,楚雄州,0.95
20201111,23,CO_24h,楚雄州,0.8
20201111,0,AQI,红河州,43.0
20201111,0,PM2.5,红河州,30.0
20201111,0,PM2.5_24h,红河州,50.0
20201111,0,PM10,红河州,43.0
20201111,0,PM10_24h,红河州,74.0
20201111,0,SO2,红河州,17.0
20201111,0,SO2_24h,红河州,47.0
20201111,0,NO2,红河州,21.0
20201111,0,NO2_24h,红河州,25.0
20201111,0,O3,红河州,57.0
20201111,0,O3_24h,红河州,133.0
20201111,0,O3_8h,红河州,72.0
20201111,0,O3_8h_24h,红河州,106.0
20201111,0,CO,红河州,0.5
20201111,0,CO_24h,红河州,0.8
20201111,1,AQI,红河州,45.0
20201111,1,PM2.5,红河州,31.0
20201111,1,PM2.5_24h,红河州,49.0
20201111,1,PM10,红河州,45.0
20201111,1,PM10_24h,红河州,72.0
20201111,1,SO2,红河州,21.0
20201111,1,SO2_24h,红河州,47.0
20201111,1,NO2,红河州,20.0
20201111,1,NO2_24h,红河州,24.0
20201111,1,O3,红河州,57.0
20201111,1,O3_24h,红河州,133.0
20201111,1,O3_8h,红河州,57.0
20201111,1,O3_8h_24h,红河州,57.0
20201111,1,CO,红河州,0.47
20201111,1,CO_24h,红河州,0.77
20201111,2,AQI,红河州,44.0
20201111,2,PM2.5,红河州,27.0
20201111,2,PM2.5_24h,红河州,48.0
20201111,2,PM10,红河州,44.0
20201111,2,PM10_24h,红河州,71.0
20201111,2,SO2,红河州,29.0
20201111,2,SO2_24h,红河州,47.0
20201111,2,NO2,红河州,21.0
20201111,2,NO2_24h,红河州,24.0
20201111,2,O3,红河州,50.0
20201111,2,O3_24h,红河州,133.0
20201111,2,O3_8h,红河州,54.0
20201111,2,O3_8h_24h,红河州,57.0
20201111,2,CO,红河州,0.47
20201111,2,CO_24h,红河州,0.77
20201111,3,AQI,红河州,50.0
20201111,3,PM2.5,红河州,28.0
20201111,3,PM2.5_24h,红河州,47.0
20201111,3,PM10,红河州,50.0
20201111,3,PM10_24h,红河州,70.0
20201111,3,SO2,红河州,25.0
20201111,3,SO2_24h,红河州,46.0
20201111,3,NO2,红河州,18.0
20201111,3,NO2_24h,红河州,23.0
20201111,3,O3,红河州,50.0
20201111,3,O3_24h,红河州,133.0
20201111,3,O3_8h,红河州,53.0
20201111,3,O3_8h_24h,红河州,57.0
20201111,3,CO,红河州,0.43
20201111,3,CO_24h,红河州,0.73
20201111,4,AQI,红河州,40.0
20201111,4,PM2.5,红河州,26.0
20201111,4,PM2.5_24h,红河州,46.0
20201111,4,PM10,红河州,40.0
20201111,4,PM10_24h,红河州,69.0
20201111,4,SO2,红河州,20.0
20201111,4,SO2_24h,红河州,40.0
20201111,4,NO2,红河州,16.0
20201111,4,NO2_24h,红河州,22.0
20201111,4,O3,红河州,46.0
20201111,4,O3_24h,红河州,133.0
20201111,4,O3_8h,红河州,51.0
20201111,4,O3_8h_24h,红河州,57.0
20201111,4,CO,红河州,0.4
20201111,4,CO_24h,红河州,0.73
20201111,5,AQI,红河州,41.0
20201111,5,PM2.5,红河州,26.0
20201111,5,PM2.5_24h,红河州,44.0
20201111,5,PM10,红河州,41.0
20201111,5,PM10_24h,红河州,67.0
20201111,5,SO2,红河州,22.0
20201111,5,SO2_24h,红河州,35.0
20201111,5,NO2,红河州,14.0
20201111,5,NO2_24h,红河州,22.0
20201111,5,O3,红河州,43.0
20201111,5,O3_24h,红河州,133.0
20201111,5,O3_8h,红河州,49.0
20201111,5,O3_8h_24h,红河州,57.0
20201111,5,CO,红河州,0.37
20201111,5,CO_24h,红河州,0.7
20201111,6,AQI,红河州,41.0
20201111,6,PM2.5,红河州,27.0
20201111,6,PM2.5_24h,红河州,43.0
20201111,6,PM10,红河州,41.0
20201111,6,PM10_24h,红河州,64.0
20201111,6,SO2,红河州,18.0
20201111,6,SO2_24h,红河州,33.0
20201111,6,NO2,红河州,16.0
20201111,6,NO2_24h,红河州,21.0
20201111,6,O3,红河州,40.0
20201111,6,O3_24h,红河州,133.0
20201111,6,O3_8h,红河州,48.0
20201111,6,O3_8h_24h,红河州,57.0
20201111,6,CO,红河州,0.37
20201111,6,CO_24h,红河州,0.67
20201111,8,AQI,红河州,46.0
20201111,8,PM2.5,红河州,29.0
20201111,8,PM2.5_24h,红河州,41.0
20201111,8,PM10,红河州,46.0
20201111,8,PM10_24h,红河州,61.0
20201111,8,SO2,红河州,14.0
20201111,8,SO2_24h,红河州,30.0
20201111,8,NO2,红河州,27.0
20201111,8,NO2_24h,红河州,21.0
20201111,8,O3,红河州,18.0
20201111,8,O3_24h,红河州,133.0
20201111,8,O3_8h,红河州,41.0
20201111,8,O3_8h_24h,红河州,57.0
20201111,8,CO,红河州,0.53
20201111,8,CO_24h,红河州,0.63
20201111,10,AQI,红河州,69.0
20201111,10,PM2.5,红河州,28.0
20201111,10,PM2.5_24h,红河州,38.0
20201111,10,PM10,红河州,88.0
20201111,10,PM10_24h,红河州,58.0
20201111,10,SO2,红河州,78.0
20201111,10,SO2_24h,红河州,28.0
20201111,10,NO2,红河州,27.0
20201111,10,NO2_24h,红河州,20.0
20201111,10,O3,红河州,39.0
20201111,10,O3_24h,红河州,133.0
20201111,10,O3_8h,红河州,35.0
20201111,10,O3_8h_24h,红河州,57.0
20201111,10,CO,红河州,0.7
20201111,10,CO_24h,红河州,0.6
20201111,11,AQI,红河州,65.0
20201111,11,PM2.5,红河州,35.0
20201111,11,PM2.5_24h,红河州,35.0
20201111,11,PM10,红河州,80.0
20201111,11,PM10_24h,红河州,58.0
20201111,11,SO2,红河州,58.0
20201111,11,SO2_24h,红河州,27.0
20201111,11,NO2,红河州,30.0
20201111,11,NO2_24h,红河州,21.0
20201111,11,O3,红河州,55.0
20201111,11,O3_24h,红河州,133.0
20201111,11,O3_8h,红河州,36.0
20201111,11,O3_8h_24h,红河州,57.0
20201111,11,CO,红河州,0.63
20201111,11,CO_24h,红河州,0.53
20201111,12,AQI,红河州,60.0
20201111,12,PM2.5,红河州,35.0
20201111,12,PM2.5_24h,红河州,35.0
20201111,12,PM10,红河州,70.0
20201111,12,PM10_24h,红河州,57.0
20201111,12,SO2,红河州,34.0
20201111,12,SO2_24h,红河州,27.0
20201111,12,NO2,红河州,20.0
20201111,12,NO2_24h,红河州,20.0
20201111,12,O3,红河州,78.0
20201111,12,O3_24h,红河州,133.0
20201111,12,O3_8h,红河州,38.0
20201111,12,O3_8h_24h,红河州,57.0
20201111,12,CO,红河州,0.53
20201111,12,CO_24h,红河州,0.5
20201111,13,AQI,红河州,57.0
20201111,13,PM2.5,红河州,36.0
20201111,13,PM2.5_24h,红河州,33.0
20201111,13,PM10,红河州,64.0
20201111,13,PM10_24h,红河州,56.0
20201111,13,SO2,红河州,28.0
20201111,13,SO2_24h,红河州,27.0
20201111,13,NO2,红河州,16.0
20201111,13,NO2_24h,红河州,20.0
20201111,13,O3,红河州,99.0
20201111,13,O3_24h,红河州,133.0
20201111,13,O3_8h,红河州,46.0
20201111,13,O3_8h_24h,红河州,58.0
20201111,13,CO,红河州,0.47
20201111,13,CO_24h,红河州,0.5
20201111,14,AQI,红河州,55.0
20201111,14,PM2.5,红河州,39.0
20201111,14,PM2.5_24h,红河州,33.0
20201111,14,PM10,红河州,53.0
20201111,14,PM10_24h,红河州,55.0
20201111,14,SO2,红河州,24.0
20201111,14,SO2_24h,红河州,26.0
20201111,14,NO2,红河州,14.0
20201111,14,NO2_24h,红河州,20.0
20201111,14,O3,红河州,114.0
20201111,14,O3_24h,红河州,133.0
20201111,14,O3_8h,红河州,55.0
20201111,14,O3_8h_24h,红河州,61.0
20201111,14,CO,红河州,0.4
20201111,14,CO_24h,红河州,0.5
20201111,15,AQI,红河州,72.0
20201111,15,PM2.5,红河州,34.0
20201111,15,PM2.5_24h,红河州,32.0
20201111,15,PM10,红河州,94.0
20201111,15,PM10_24h,红河州,56.0
20201111,15,SO2,红河州,21.0
20201111,15,SO2_24h,红河州,26.0
20201111,15,NO2,红河州,12.0
20201111,15,NO2_24h,红河州,20.0
20201111,15,O3,红河州,125.0
20201111,15,O3_24h,红河州,133.0
20201111,15,O3_8h,红河州,68.0
20201111,15,O3_8h_24h,红河州,68.0
20201111,15,CO,红河州,0.4
20201111,15,CO_24h,红河州,0.5
20201111,16,AQI,红河州,80.0
20201111,16,PM2.5,红河州,30.0
20201111,16,PM2.5_24h,红河州,32.0
20201111,16,PM10,红河州,110.0
20201111,16,PM10_24h,红河州,58.0
20201111,16,SO2,红河州,20.0
20201111,16,SO2_24h,红河州,25.0
20201111,16,NO2,红河州,12.0
20201111,16,NO2_24h,红河州,20.0
20201111,16,O3,红河州,127.0
20201111,16,O3_24h,红河州,131.0
20201111,16,O3_8h,红河州,82.0
20201111,16,O3_8h_24h,红河州,82.0
20201111,16,CO,红河州,0.33
20201111,16,CO_24h,红河州,0.5
20201111,17,AQI,红河州,74.0
20201111,17,PM2.5,红河州,30.0
20201111,17,PM2.5_24h,红河州,32.0
20201111,17,PM10,红河州,98.0
20201111,17,PM10_24h,红河州,60.0
20201111,17,SO2,红河州,21.0
20201111,17,SO2_24h,红河州,25.0
20201111,17,NO2,红河州,14.0
20201111,17,NO2_24h,红河州,20.0
20201111,17,O3,红河州,126.0
20201111,17,O3_24h,红河州,128.0
20201111,17,O3_8h,红河州,96.0
20201111,17,O3_8h_24h,红河州,96.0
20201111,17,CO,红河州,0.33
20201111,17,CO_24h,红河州,0.5
20201111,18,AQI,红河州,66.0
20201111,18,PM2.5,红河州,30.0
20201111,18,PM2.5_24h,红河州,31.0
20201111,18,PM10,红河州,82.0
20201111,18,PM10_24h,红河州,61.0
20201111,18,SO2,红河州,47.0
20201111,18,SO2_24h,红河州,27.0
20201111,18,NO2,红河州,18.0
20201111,18,NO2_24h,红河州,20.0
20201111,18,O3,红河州,118.0
20201111,18,O3_24h,红河州,128.0
20201111,18,O3_8h,红河州,106.0
20201111,18,O3_8h_24h,红河州,106.0
20201111,18,CO,红河州,0.43
20201111,18,CO_24h,红河州,0.5
20201111,19,AQI,红河州,57.0
20201111,19,PM2.5,红河州,30.0
20201111,19,PM2.5_24h,红河州,32.0
20201111,19,PM10,红河州,63.0
20201111,19,PM10_24h,红河州,62.0
20201111,19,SO2,红河州,17.0
20201111,19,SO2_24h,红河州,27.0
20201111,19,NO2,红河州,25.0
20201111,19,NO2_24h,红河州,20.0
20201111,19,O3,红河州,82.0
20201111,19,O3_24h,红河州,128.0
20201111,19,O3_8h,红河州,110.0
20201111,19,O3_8h_24h,红河州,110.0
20201111,19,CO,红河州,0.47
20201111,19,CO_24h,红河州,0.5
20201111,20,AQI,红河州,64.0
20201111,20,PM2.5,红河州,34.0
20201111,20,PM2.5_24h,红河州,31.0
20201111,20,PM10,红河州,77.0
20201111,20,PM10_24h,红河州,63.0
20201111,20,SO2,红河州,10.0
20201111,20,SO2_24h,红河州,27.0
20201111,20,NO2,红河州,23.0
20201111,20,NO2_24h,红河州,20.0
20201111,20,O3,红河州,70.0
20201111,20,O3_24h,红河州,128.0
20201111,20,O3_8h,红河州,108.0
20201111,20,O3_8h_24h,红河州,110.0
20201111,20,CO,红河州,0.5
20201111,20,CO_24h,红河州,0.47
20201111,21,AQI,红河州,57.0
20201111,21,PM2.5,红河州,37.0
20201111,21,PM2.5_24h,红河州,32.0
20201111,21,PM10,红河州,63.0
20201111,21,PM10_24h,红河州,63.0
20201111,21,SO2,红河州,9.0
20201111,21,SO2_24h,红河州,27.0
20201111,21,NO2,红河州,19.0
20201111,21,NO2_24h,红河州,20.0
20201111,21,O3,红河州,67.0
20201111,21,O3_24h,红河州,128.0
20201111,21,O3_8h,红河州,103.0
20201111,21,O3_8h_24h,红河州,110.0
20201111,21,CO,红河州,0.5
20201111,21,CO_24h,红河州,0.5
20201111,22,AQI,红河州,55.0
20201111,22,PM2.5,红河州,39.0
20201111,22,PM2.5_24h,红河州,32.0
20201111,22,PM10,红河州,56.0
20201111,22,PM10_24h,红河州,63.0
20201111,22,SO2,红河州,16.0
20201111,22,SO2_24h,红河州,27.0
20201111,22,NO2,红河州,19.0
20201111,22,NO2_24h,红河州,20.0
20201111,22,O3,红河州,67.0
20201111,22,O3_24h,红河州,128.0
20201111,22,O3_8h,红河州,98.0
20201111,22,O3_8h_24h,红河州,110.0
20201111,22,CO,红河州,0.5
20201111,22,CO_24h,红河州,0.47
20201111,23,AQI,红河州,49.0
20201111,23,PM2.5,红河州,34.0
20201111,23,PM2.5_24h,红河州,31.0
20201111,23,PM10,红河州,49.0
20201111,23,PM10_24h,红河州,63.0
20201111,23,SO2,红河州,12.0
20201111,23,SO2_24h,红河州,27.0
20201111,23,NO2,红河州,20.0
20201111,23,NO2_24h,红河州,20.0
20201111,23,O3,红河州,66.0
20201111,23,O3_24h,红河州,128.0
20201111,23,O3_8h,红河州,91.0
20201111,23,O3_8h_24h,红河州,110.0
20201111,23,CO,红河州,0.43
20201111,23,CO_24h,红河州,0.47
20201111,0,AQI,文山州,52.0
20201111,0,PM2.5,文山州,33.0
20201111,0,PM2.5_24h,文山州,32.0
20201111,0,PM10,文山州,53.0
20201111,0,PM10_24h,文山州,53.0
20201111,0,SO2,文山州,6.0
20201111,0,SO2_24h,文山州,11.0
20201111,0,NO2,文山州,23.0
20201111,0,NO2_24h,文山州,22.0
20201111,0,O3,文山州,33.0
20201111,0,O3_24h,文山州,120.0
20201111,0,O3_8h,文山州,61.0
20201111,0,O3_8h_24h,文山州,104.0
20201111,0,CO,文山州,0.5
20201111,0,CO_24h,文山州,0.55
20201111,1,AQI,文山州,47.0
20201111,1,PM2.5,文山州,33.0
20201111,1,PM2.5_24h,文山州,32.0
20201111,1,PM10,文山州,45.0
20201111,1,PM10_24h,文山州,53.0
20201111,1,SO2,文山州,7.0
20201111,1,SO2_24h,文山州,11.0
20201111,1,NO2,文山州,24.0
20201111,1,NO2_24h,文山州,22.0
20201111,1,O3,文山州,25.0
20201111,1,O3_24h,文山州,120.0
20201111,1,O3_8h,文山州,25.0
20201111,1,O3_8h_24h,文山州,25.0
20201111,1,CO,文山州,0.5
20201111,1,CO_24h,文山州,0.55
20201111,2,AQI,文山州,45.0
20201111,2,PM2.5,文山州,30.0
20201111,2,PM2.5_24h,文山州,32.0
20201111,2,PM10,文山州,45.0
20201111,2,PM10_24h,文山州,52.0
20201111,2,SO2,文山州,9.0
20201111,2,SO2_24h,文山州,11.0
20201111,2,NO2,文山州,22.0
20201111,2,NO2_24h,文山州,22.0
20201111,2,O3,文山州,24.0
20201111,2,O3_24h,文山州,120.0
20201111,2,O3_8h,文山州,25.0
20201111,2,O3_8h_24h,文山州,25.0
20201111,2,CO,文山州,0.5
20201111,2,CO_24h,文山州,0.55
20201111,3,AQI,文山州,42.0
20201111,3,PM2.5,文山州,26.0
20201111,3,PM2.5_24h,文山州,31.0
20201111,3,PM10,文山州,42.0
20201111,3,PM10_24h,文山州,52.0
20201111,3,SO2,文山州,8.0
20201111,3,SO2_24h,文山州,11.0
20201111,3,NO2,文山州,22.0
20201111,3,NO2_24h,文山州,21.0
20201111,3,O3,文山州,21.0
20201111,3,O3_24h,文山州,120.0
20201111,3,O3_8h,文山州,23.0
20201111,3,O3_8h_24h,文山州,25.0
20201111,3,CO,文山州,0.45
20201111,3,CO_24h,文山州,0.55
20201111,4,AQI,文山州,40.0
20201111,4,PM2.5,文山州,24.0
20201111,4,PM2.5_24h,文山州,31.0
20201111,4,PM10,文山州,40.0
20201111,4,PM10_24h,文山州,51.0
20201111,4,SO2,文山州,9.0
20201111,4,SO2_24h,文山州,11.0
20201111,4,NO2,文山州,23.0
20201111,4,NO2_24h,文山州,21.0
20201111,4,O3,文山州,17.0
20201111,4,O3_24h,文山州,120.0
20201111,4,O3_8h,文山州,22.0
20201111,4,O3_8h_24h,文山州,25.0
20201111,4,CO,文山州,0.5
20201111,4,CO_24h,文山州,0.55
20201111,5,AQI,文山州,42.0
20201111,5,PM2.5,文山州,26.0
20201111,5,PM2.5_24h,文山州,30.0
20201111,5,PM10,文山州,42.0
20201111,5,PM10_24h,文山州,50.0
20201111,5,SO2,文山州,8.0
20201111,5,SO2_24h,文山州,11.0
20201111,5,NO2,文山州,24.0
20201111,5,NO2_24h,文山州,21.0
20201111,5,O3,文山州,13.0
20201111,5,O3_24h,文山州,120.0
20201111,5,O3_8h,文山州,20.0
20201111,5,O3_8h_24h,文山州,25.0
20201111,5,CO,文山州,0.5
20201111,5,CO_24h,文山州,0.55
20201111,6,AQI,文山州,43.0
20201111,6,PM2.5,文山州,26.0
20201111,6,PM2.5_24h,文山州,30.0
20201111,6,PM10,文山州,43.0
20201111,6,PM10_24h,文山州,50.0
20201111,6,SO2,文山州,10.0
20201111,6,SO2_24h,文山州,11.0
20201111,6,NO2,文山州,25.0
20201111,6,NO2_24h,文山州,21.0
20201111,6,O3,文山州,9.0
20201111,6,O3_24h,文山州,120.0
20201111,6,O3_8h,文山州,18.0
20201111,6,O3_8h_24h,文山州,25.0
20201111,6,CO,文山州,0.55
20201111,6,CO_24h,文山州,0.55
20201111,8,AQI,文山州,52.0
20201111,8,PM2.5,文山州,31.0
20201111,8,PM2.5_24h,文山州,28.0
20201111,8,PM10,文山州,53.0
20201111,8,PM10_24h,文山州,49.0
20201111,8,SO2,文山州,15.0
20201111,8,SO2_24h,文山州,11.0
20201111,8,NO2,文山州,26.0
20201111,8,NO2_24h,文山州,21.0
20201111,8,O3,文山州,12.0
20201111,8,O3_24h,文山州,120.0
20201111,8,O3_8h,文山州,17.0
20201111,8,O3_8h_24h,文山州,25.0
20201111,8,CO,文山州,0.6
20201111,8,CO_24h,文山州,0.55
20201111,10,AQI,文山州,66.0
20201111,10,PM2.5,文山州,47.0
20201111,10,PM2.5_24h,文山州,29.0
20201111,10,PM10,文山州,81.0
20201111,10,PM10_24h,文山州,49.0
20201111,10,SO2,文山州,42.0
20201111,10,SO2_24h,文山州,13.0
20201111,10,NO2,文山州,21.0
20201111,10,NO2_24h,文山州,21.0
20201111,10,O3,文山州,32.0
20201111,10,O3_24h,文山州,120.0
20201111,10,O3_8h,文山州,17.0
20201111,10,O3_8h_24h,文山州,26.0
20201111,10,CO,文山州,0.7
20201111,10,CO_24h,文山州,0.55
20201111,11,AQI,文山州,69.0
20201111,11,PM2.5,文山州,50.0
20201111,11,PM2.5_24h,文山州,28.0
20201111,11,PM10,文山州,72.0
20201111,11,PM10_24h,文山州,49.0
20201111,11,SO2,文山州,50.0
20201111,11,SO2_24h,文山州,14.0
20201111,11,NO2,文山州,21.0
20201111,11,NO2_24h,文山州,21.0
20201111,11,O3,文山州,52.0
20201111,11,O3_24h,文山州,120.0
20201111,11,O3_8h,文山州,21.0
20201111,11,O3_8h_24h,文山州,28.0
20201111,11,CO,文山州,0.8
20201111,11,CO_24h,文山州,0.55
20201111,12,AQI,文山州,47.0
20201111,12,PM2.5,文山州,28.0
20201111,12,PM2.5_24h,文山州,28.0
20201111,12,PM10,文山州,47.0
20201111,12,PM10_24h,文山州,48.0
20201111,12,SO2,文山州,26.0
20201111,12,SO2_24h,文山州,14.0
20201111,12,NO2,文山州,15.0
20201111,12,NO2_24h,文山州,21.0
20201111,12,O3,文山州,89.0
20201111,12,O3_24h,文山州,120.0
20201111,12,O3_8h,文山州,30.0
20201111,12,O3_8h_24h,文山州,33.0
20201111,12,CO,文山州,0.55
20201111,12,CO_24h,文山州,0.55
20201111,13,AQI,文山州,37.0
20201111,13,PM2.5,文山州,20.0
20201111,13,PM2.5_24h,文山州,28.0
20201111,13,PM10,文山州,37.0
20201111,13,PM10_24h,文山州,48.0
20201111,13,SO2,文山州,14.0
20201111,13,SO2_24h,文山州,14.0
20201111,13,NO2,文山州,13.0
20201111,13,NO2_24h,文山州,21.0
20201111,13,O3,文山州,104.0
20201111,13,O3_24h,文山州,120.0
20201111,13,O3_8h,文山州,41.0
20201111,13,O3_8h_24h,文山州,41.0
20201111,13,CO,文山州,0.45
20201111,13,CO_24h,文山州,0.55
20201111,14,AQI,文山州,36.0
20201111,14,PM2.5,文山州,22.0
20201111,14,PM2.5_24h,文山州,28.0
20201111,14,PM10,文山州,32.0
20201111,14,PM10_24h,文山州,48.0
20201111,14,SO2,文山州,21.0
20201111,14,SO2_24h,文山州,15.0
20201111,14,NO2,文山州,13.0
20201111,14,NO2_24h,文山州,21.0
20201111,14,O3,文山州,115.0
20201111,14,O3_24h,文山州,120.0
20201111,14,O3_8h,文山州,54.0
20201111,14,O3_8h_24h,文山州,54.0
20201111,14,CO,文山州,0.45
20201111,14,CO_24h,文山州,0.55
20201111,15,AQI,文山州,38.0
20201111,15,PM2.5,文山州,22.0
20201111,15,PM2.5_24h,文山州,29.0
20201111,15,PM10,文山州,37.0
20201111,15,PM10_24h,文山州,48.0
20201111,15,SO2,文山州,16.0
20201111,15,SO2_24h,文山州,15.0
20201111,15,NO2,文山州,13.0
20201111,15,NO2_24h,文山州,22.0
20201111,15,O3,文山州,122.0
20201111,15,O3_24h,文山州,122.0
20201111,15,O3_8h,文山州,69.0
20201111,15,O3_8h_24h,文山州,69.0
20201111,15,CO,文山州,0.45
20201111,15,CO_24h,文山州,0.55
20201111,16,AQI,文山州,39.0
20201111,16,PM2.5,文山州,20.0
20201111,16,PM2.5_24h,文山州,29.0
20201111,16,PM10,文山州,35.0
20201111,16,PM10_24h,文山州,48.0
20201111,16,SO2,文山州,10.0
20201111,16,SO2_24h,文山州,15.0
20201111,16,NO2,文山州,14.0
20201111,16,NO2_24h,文山州,22.0
20201111,16,O3,文山州,125.0
20201111,16,O3_24h,文山州,125.0
20201111,16,O3_8h,文山州,83.0
20201111,16,O3_8h_24h,文山州,83.0
20201111,16,CO,文山州,0.4
20201111,16,CO_24h,文山州,0.55
20201111,17,AQI,文山州,41.0
20201111,17,PM2.5,文山州,22.0
20201111,17,PM2.5_24h,文山州,29.0
20201111,17,PM10,文山州,41.0
20201111,17,PM10_24h,文山州,48.0
20201111,17,SO2,文山州,6.0
20201111,17,SO2_24h,文山州,15.0
20201111,17,NO2,文山州,13.0
20201111,17,NO2_24h,文山州,22.0
20201111,17,O3,文山州,115.0
20201111,17,O3_24h,文山州,125.0
20201111,17,O3_8h,文山州,94.0
20201111,17,O3_8h_24h,文山州,94.0
20201111,17,CO,文山州,0.4
20201111,17,CO_24h,文山州,0.55
20201111,18,AQI,文山州,39.0
20201111,18,PM2.5,文山州,21.0
20201111,18,PM2.5_24h,文山州,29.0
20201111,18,PM10,文山州,39.0
20201111,18,PM10_24h,文山州,48.0
20201111,18,SO2,文山州,6.0
20201111,18,SO2_24h,文山州,15.0
20201111,18,NO2,文山州,18.0
20201111,18,NO2_24h,文山州,22.0
20201111,18,O3,文山州,105.0
20201111,18,O3_24h,文山州,125.0
20201111,18,O3_8h,文山州,104.0
20201111,18,O3_8h_24h,文山州,104.0
20201111,18,CO,文山州,0.5
20201111,18,CO_24h,文山州,0.55
20201111,19,AQI,文山州,54.0
20201111,19,PM2.5,文山州,32.0
20201111,19,PM2.5_24h,文山州,30.0
20201111,19,PM10,文山州,57.0
20201111,19,PM10_24h,文山州,49.0
20201111,19,SO2,文山州,7.0
20201111,19,SO2_24h,文山州,15.0
20201111,19,NO2,文山州,31.0
20201111,19,NO2_24h,文山州,22.0
20201111,19,O3,文山州,81.0
20201111,19,O3_24h,文山州,125.0
20201111,19,O3_8h,文山州,107.0
20201111,19,O3_8h_24h,文山州,107.0
20201111,19,CO,文山州,0.8
20201111,19,CO_24h,文山州,0.55
20201111,20,AQI,文山州,61.0
20201111,20,PM2.5,文山州,40.0
20201111,20,PM2.5_24h,文山州,30.0
20201111,20,PM10,文山州,72.0
20201111,20,PM10_24h,文山州,50.0
20201111,20,SO2,文山州,8.0
20201111,20,SO2_24h,文山州,15.0
20201111,20,NO2,文山州,41.0
20201111,20,NO2_24h,文山州,23.0
20201111,20,O3,文山州,54.0
20201111,20,O3_24h,文山州,125.0
20201111,20,O3_8h,文山州,102.0
20201111,20,O3_8h_24h,文山州,107.0
20201111,20,CO,文山州,0.8
20201111,20,CO_24h,文山州,0.55
20201111,21,AQI,文山州,65.0
20201111,21,PM2.5,文山州,46.0
20201111,21,PM2.5_24h,文山州,31.0
20201111,21,PM10,文山州,79.0
20201111,21,PM10_24h,文山州,52.0
20201111,21,SO2,文山州,9.0
20201111,21,SO2_24h,文山州,15.0
20201111,21,NO2,文山州,40.0
20201111,21,NO2_24h,文山州,23.0
20201111,21,O3,文山州,42.0
20201111,21,O3_24h,文山州,125.0
20201111,21,O3_8h,文山州,95.0
20201111,21,O3_8h_24h,文山州,107.0
20201111,21,CO,文山州,0.75
20201111,21,CO_24h,文山州,0.6
20201111,22,AQI,文山州,66.0
20201111,22,PM2.5,文山州,45.0
20201111,22,PM2.5_24h,文山州,31.0
20201111,22,PM10,文山州,81.0
20201111,22,PM10_24h,文山州,52.0
20201111,22,SO2,文山州,8.0
20201111,22,SO2_24h,文山州,15.0
20201111,22,NO2,文山州,40.0
20201111,22,NO2_24h,文山州,23.0
20201111,22,O3,文山州,33.0
20201111,22,O3_24h,文山州,125.0
20201111,22,O3_8h,文山州,84.0
20201111,22,O3_8h_24h,文山州,107.0
20201111,22,CO,文山州,0.75
20201111,22,CO_24h,文山州,0.6
20201111,23,AQI,文山州,61.0
20201111,23,PM2.5,文山州,40.0
20201111,23,PM2.5_24h,文山州,31.0
20201111,23,PM10,文山州,71.0
20201111,23,PM10_24h,文山州,52.0
20201111,23,SO2,文山州,8.0
20201111,23,SO2_24h,文山州,15.0
20201111,23,NO2,文山州,34.0
20201111,23,NO2_24h,文山州,23.0
20201111,23,O3,文山州,36.0
20201111,23,O3_24h,文山州,125.0
20201111,23,O3_8h,文山州,74.0
20201111,23,O3_8h_24h,文山州,107.0
20201111,23,CO,文山州,0.7
20201111,23,CO_24h,文山州,0.6
20201111,0,AQI,西双版纳州,68.0
20201111,0,PM2.5,西双版纳州,43.0
20201111,0,PM2.5_24h,西双版纳州,28.0
20201111,0,PM10,西双版纳州,86.0
20201111,0,PM10_24h,西双版纳州,61.0
20201111,0,SO2,西双版纳州,8.0
20201111,0,SO2_24h,西双版纳州,7.0
20201111,0,NO2,西双版纳州,32.0
20201111,0,NO2_24h,西双版纳州,22.0
20201111,0,O3,西双版纳州,16.0
20201111,0,O3_24h,西双版纳州,104.0
20201111,0,O3_8h,西双版纳州,45.0
20201111,0,O3_8h_24h,西双版纳州,82.0
20201111,0,CO,西双版纳州,0.85
20201111,0,CO_24h,西双版纳州,0.8
20201111,1,AQI,西双版纳州,78.0
20201111,1,PM2.5,西双版纳州,36.0
20201111,1,PM2.5_24h,西双版纳州,28.0
20201111,1,PM10,西双版纳州,105.0
20201111,1,PM10_24h,西双版纳州,60.0
20201111,1,SO2,西双版纳州,9.0
20201111,1,SO2_24h,西双版纳州,7.0
20201111,1,NO2,西双版纳州,27.0
20201111,1,NO2_24h,西双版纳州,22.0
20201111,1,O3,西双版纳州,16.0
20201111,1,O3_24h,西双版纳州,104.0
20201111,1,O3_8h,西双版纳州,16.0
20201111,1,O3_8h_24h,西双版纳州,16.0
20201111,1,CO,西双版纳州,0.85
20201111,1,CO_24h,西双版纳州,0.8
20201111,2,AQI,西双版纳州,52.0
20201111,2,PM2.5,西双版纳州,30.0
20201111,2,PM2.5_24h,西双版纳州,28.0
20201111,2,PM10,西双版纳州,53.0
20201111,2,PM10_24h,西双版纳州,60.0
20201111,2,SO2,西双版纳州,8.0
20201111,2,SO2_24h,西双版纳州,7.0
20201111,2,NO2,西双版纳州,23.0
20201111,2,NO2_24h,西双版纳州,22.0
20201111,2,O3,西双版纳州,16.0
20201111,2,O3_24h,西双版纳州,104.0
20201111,2,O3_8h,西双版纳州,16.0
20201111,2,O3_8h_24h,西双版纳州,16.0
20201111,2,CO,西双版纳州,0.85
20201111,2,CO_24h,西双版纳州,0.8
20201111,3,AQI,西双版纳州,45.0
20201111,3,PM2.5,西双版纳州,27.0
20201111,3,PM2.5_24h,西双版纳州,29.0
20201111,3,PM10,西双版纳州,45.0
20201111,3,PM10_24h,西双版纳州,60.0
20201111,3,SO2,西双版纳州,6.0
20201111,3,SO2_24h,西双版纳州,7.0
20201111,3,NO2,西双版纳州,21.0
20201111,3,NO2_24h,西双版纳州,22.0
20201111,3,O3,西双版纳州,14.0
20201111,3,O3_24h,西双版纳州,104.0
20201111,3,O3_8h,西双版纳州,15.0
20201111,3,O3_8h_24h,西双版纳州,16.0
20201111,3,CO,西双版纳州,0.8
20201111,3,CO_24h,西双版纳州,0.8
20201111,4,AQI,西双版纳州,51.0
20201111,4,PM2.5,西双版纳州,26.0
20201111,4,PM2.5_24h,西双版纳州,29.0
20201111,4,PM10,西双版纳州,51.0
20201111,4,PM10_24h,西双版纳州,60.0
20201111,4,SO2,西双版纳州,6.0
20201111,4,SO2_24h,西双版纳州,7.0
20201111,4,NO2,西双版纳州,19.0
20201111,4,NO2_24h,西双版纳州,22.0
20201111,4,O3,西双版纳州,15.0
20201111,4,O3_24h,西双版纳州,104.0
20201111,4,O3_8h,西双版纳州,15.0
20201111,4,O3_8h_24h,西双版纳州,16.0
20201111,4,CO,西双版纳州,0.75
20201111,4,CO_24h,西双版纳州,0.8
20201111,5,AQI,西双版纳州,46.0
20201111,5,PM2.5,西双版纳州,26.0
20201111,5,PM2.5_24h,西双版纳州,29.0
20201111,5,PM10,西双版纳州,46.0
20201111,5,PM10_24h,西双版纳州,60.0
20201111,5,SO2,西双版纳州,6.0
20201111,5,SO2_24h,西双版纳州,7.0
20201111,5,NO2,西双版纳州,19.0
20201111,5,NO2_24h,西双版纳州,22.0
20201111,5,O3,西双版纳州,13.0
20201111,5,O3_24h,西双版纳州,104.0
20201111,5,O3_8h,西双版纳州,15.0
20201111,5,O3_8h_24h,西双版纳州,16.0
20201111,5,CO,西双版纳州,0.75
20201111,5,CO_24h,西双版纳州,0.8
20201111,6,AQI,西双版纳州,49.0
20201111,6,PM2.5,西双版纳州,29.0
20201111,6,PM2.5_24h,西双版纳州,29.0
20201111,6,PM10,西双版纳州,49.0
20201111,6,PM10_24h,西双版纳州,61.0
20201111,6,SO2,西双版纳州,5.0
20201111,6,SO2_24h,西双版纳州,7.0
20201111,6,NO2,西双版纳州,19.0
20201111,6,NO2_24h,西双版纳州,23.0
20201111,6,O3,西双版纳州,10.0
20201111,6,O3_24h,西双版纳州,104.0
20201111,6,O3_8h,西双版纳州,14.0
20201111,6,O3_8h_24h,西双版纳州,16.0
20201111,6,CO,西双版纳州,0.8
20201111,6,CO_24h,西双版纳州,0.8
20201111,8,AQI,西双版纳州,47.0
20201111,8,PM2.5,西双版纳州,31.0
20201111,8,PM2.5_24h,西双版纳州,30.0
20201111,8,PM10,西双版纳州,47.0
20201111,8,PM10_24h,西双版纳州,61.0
20201111,8,SO2,西双版纳州,7.0
20201111,8,SO2_24h,西双版纳州,7.0
20201111,8,NO2,西双版纳州,21.0
20201111,8,NO2_24h,西双版纳州,22.0
20201111,8,O3,西双版纳州,6.0
20201111,8,O3_24h,西双版纳州,104.0
20201111,8,O3_8h,西双版纳州,13.0
20201111,8,O3_8h_24h,西双版纳州,16.0
20201111,8,CO,西双版纳州,0.8
20201111,8,CO_24h,西双版纳州,0.8
20201111,10,AQI,西双版纳州,52.0
20201111,10,PM2.5,西双版纳州,33.0
20201111,10,PM2.5_24h,西双版纳州,30.0
20201111,10,PM10,西双版纳州,54.0
20201111,10,PM10_24h,西双版纳州,60.0
20201111,10,SO2,西双版纳州,6.0
20201111,10,SO2_24h,西双版纳州,6.0
20201111,10,NO2,西双版纳州,23.0
20201111,10,NO2_24h,西双版纳州,23.0
20201111,10,O3,西双版纳州,15.0
20201111,10,O3_24h,西双版纳州,104.0
20201111,10,O3_8h,西双版纳州,11.0
20201111,10,O3_8h_24h,西双版纳州,16.0
20201111,10,CO,西双版纳州,0.95
20201111,10,CO_24h,西双版纳州,0.8
20201111,11,AQI,西双版纳州,53.0
20201111,11,PM2.5,西双版纳州,32.0
20201111,11,PM2.5_24h,西双版纳州,30.0
20201111,11,PM10,西双版纳州,56.0
20201111,11,PM10_24h,西双版纳州,60.0
20201111,11,SO2,西双版纳州,6.0
20201111,11,SO2_24h,西双版纳州,6.0
20201111,11,NO2,西双版纳州,22.0
20201111,11,NO2_24h,西双版纳州,22.0
20201111,11,O3,西双版纳州,31.0
20201111,11,O3_24h,西双版纳州,104.0
20201111,11,O3_8h,西双版纳州,13.0
20201111,11,O3_8h_24h,西双版纳州,17.0
20201111,11,CO,西双版纳州,0.9
20201111,11,CO_24h,西双版纳州,0.8
20201111,12,AQI,西双版纳州,52.0
20201111,12,PM2.5,西双版纳州,27.0
20201111,12,PM2.5_24h,西双版纳州,31.0
20201111,12,PM10,西双版纳州,54.0
20201111,12,PM10_24h,西双版纳州,61.0
20201111,12,SO2,西双版纳州,6.0
20201111,12,SO2_24h,西双版纳州,6.0
20201111,12,NO2,西双版纳州,23.0
20201111,12,NO2_24h,西双版纳州,23.0
20201111,12,O3,西双版纳州,48.0
20201111,12,O3_24h,西双版纳州,104.0
20201111,12,O3_8h,西双版纳州,18.0
20201111,12,O3_8h_24h,西双版纳州,20.0
20201111,12,CO,西双版纳州,0.9
20201111,12,CO_24h,西双版纳州,0.8
20201111,13,AQI,西双版纳州,48.0
20201111,13,PM2.5,西双版纳州,23.0
20201111,13,PM2.5_24h,西双版纳州,31.0
20201111,13,PM10,西双版纳州,48.0
20201111,13,PM10_24h,西双版纳州,61.0
20201111,13,SO2,西双版纳州,6.0
20201111,13,SO2_24h,西双版纳州,6.0
20201111,13,NO2,西双版纳州,22.0
20201111,13,NO2_24h,西双版纳州,23.0
20201111,13,O3,西双版纳州,69.0
20201111,13,O3_24h,西双版纳州,104.0
20201111,13,O3_8h,西双版纳州,24.0
20201111,13,O3_8h_24h,西双版纳州,24.0
20201111,13,CO,西双版纳州,0.9
20201111,13,CO_24h,西双版纳州,0.8
20201111,14,AQI,西双版纳州,48.0
20201111,14,PM2.5,西双版纳州,25.0
20201111,14,PM2.5_24h,西双版纳州,31.0
20201111,14,PM10,西双版纳州,48.0
20201111,14,PM10_24h,西双版纳州,62.0
20201111,14,SO2,西双版纳州,6.0
20201111,14,SO2_24h,西双版纳州,6.0
20201111,14,NO2,西双版纳州,20.0
20201111,14,NO2_24h,西双版纳州,24.0
20201111,14,O3,西双版纳州,95.0
20201111,14,O3_24h,西双版纳州,104.0
20201111,14,O3_8h,西双版纳州,35.0
20201111,14,O3_8h_24h,西双版纳州,35.0
20201111,14,CO,西双版纳州,0.85
20201111,14,CO_24h,西双版纳州,0.8
20201111,15,AQI,西双版纳州,42.0
20201111,15,PM2.5,西双版纳州,20.0
20201111,15,PM2.5_24h,西双版纳州,31.0
20201111,15,PM10,西双版纳州,42.0
20201111,15,PM10_24h,西双版纳州,62.0
20201111,15,SO2,西双版纳州,6.0
20201111,15,SO2_24h,西双版纳州,6.0
20201111,15,NO2,西双版纳州,14.0
20201111,15,NO2_24h,西双版纳州,23.0
20201111,15,O3,西双版纳州,111.0
20201111,15,O3_24h,西双版纳州,111.0
20201111,15,O3_8h,西双版纳州,48.0
20201111,15,O3_8h_24h,西双版纳州,48.0
20201111,15,CO,西双版纳州,0.75
20201111,15,CO_24h,西双版纳州,0.8
20201111,16,AQI,西双版纳州,41.0
20201111,16,PM2.5,西双版纳州,20.0
20201111,16,PM2.5_24h,西双版纳州,31.0
20201111,16,PM10,西双版纳州,41.0
20201111,16,PM10_24h,西双版纳州,62.0
20201111,16,SO2,西双版纳州,7.0
20201111,16,SO2_24h,西双版纳州,6.0
20201111,16,NO2,西双版纳州,13.0
20201111,16,NO2_24h,西双版纳州,24.0
20201111,16,O3,西双版纳州,118.0
20201111,16,O3_24h,西双版纳州,118.0
20201111,16,O3_8h,西双版纳州,62.0
20201111,16,O3_8h_24h,西双版纳州,62.0
20201111,16,CO,西双版纳州,0.65
20201111,16,CO_24h,西双版纳州,0.8
20201111,17,AQI,西双版纳州,43.0
20201111,17,PM2.5,西双版纳州,21.0
20201111,17,PM2.5_24h,西双版纳州,31.0
20201111,17,PM10,西双版纳州,43.0
20201111,17,PM10_24h,西双版纳州,63.0
20201111,17,SO2,西双版纳州,63.0
20201111,17,SO2_24h,西双版纳州,9.0
20201111,17,NO2,西双版纳州,14.0
20201111,17,NO2_24h,西双版纳州,24.0
20201111,17,O3,西双版纳州,114.0
20201111,17,O3_24h,西双版纳州,118.0
20201111,17,O3_8h,西双版纳州,75.0
20201111,17,O3_8h_24h,西双版纳州,75.0
20201111,17,CO,西双版纳州,0.65
20201111,17,CO_24h,西双版纳州,0.8
20201111,18,AQI,西双版纳州,50.0
20201111,18,PM2.5,西双版纳州,23.0
20201111,18,PM2.5_24h,西双版纳州,31.0
20201111,18,PM10,西双版纳州,50.0
20201111,18,PM10_24h,西双版纳州,62.0
20201111,18,SO2,西双版纳州,6.0
20201111,18,SO2_24h,西双版纳州,9.0
20201111,18,NO2,西双版纳州,15.0
20201111,18,NO2_24h,西双版纳州,24.0
20201111,18,O3,西双版纳州,117.0
20201111,18,O3_24h,西双版纳州,118.0
20201111,18,O3_8h,西双版纳州,85.0
20201111,18,O3_8h_24h,西双版纳州,85.0
20201111,18,CO,西双版纳州,0.65
20201111,18,CO_24h,西双版纳州,0.8
20201111,19,AQI,西双版纳州,56.0
20201111,19,PM2.5,西双版纳州,28.0
20201111,19,PM2.5_24h,西双版纳州,31.0
20201111,19,PM10,西双版纳州,61.0
20201111,19,PM10_24h,西双版纳州,61.0
20201111,19,SO2,西双版纳州,6.0
20201111,19,SO2_24h,西双版纳州,9.0
20201111,19,NO2,西双版纳州,31.0
20201111,19,NO2_24h,西双版纳州,24.0
20201111,19,O3,西双版纳州,43.0
20201111,19,O3_24h,西双版纳州,118.0
20201111,19,O3_8h,西双版纳州,87.0
20201111,19,O3_8h_24h,西双版纳州,87.0
20201111,19,CO,西双版纳州,0.8
20201111,19,CO_24h,西双版纳州,0.8
20201111,20,AQI,西双版纳州,78.0
20201111,20,PM2.5,西双版纳州,39.0
20201111,20,PM2.5_24h,西双版纳州,31.0
20201111,20,PM10,西双版纳州,106.0
20201111,20,PM10_24h,西双版纳州,61.0
20201111,20,SO2,西双版纳州,7.0
20201111,20,SO2_24h,西双版纳州,9.0
20201111,20,NO2,西双版纳州,41.0
20201111,20,NO2_24h,西双版纳州,24.0
20201111,20,O3,西双版纳州,27.0
20201111,20,O3_24h,西双版纳州,118.0
20201111,20,O3_8h,西双版纳州,84.0
20201111,20,O3_8h_24h,西双版纳州,87.0
20201111,20,CO,西双版纳州,1.1
20201111,20,CO_24h,西双版纳州,0.8
20201111,21,AQI,西双版纳州,80.0
20201111,21,PM2.5,西双版纳州,49.0
20201111,21,PM2.5_24h,西双版纳州,31.0
20201111,21,PM10,西双版纳州,110.0
20201111,21,PM10_24h,西双版纳州,62.0
20201111,21,SO2,西双版纳州,7.0
20201111,21,SO2_24h,西双版纳州,9.0
20201111,21,NO2,西双版纳州,43.0
20201111,21,NO2_24h,西双版纳州,24.0
20201111,21,O3,西双版纳州,20.0
20201111,21,O3_24h,西双版纳州,118.0
20201111,21,O3_8h,西双版纳州,77.0
20201111,21,O3_8h_24h,西双版纳州,87.0
20201111,21,CO,西双版纳州,0.9
20201111,21,CO_24h,西双版纳州,0.8
20201111,22,AQI,西双版纳州,73.0
20201111,22,PM2.5,西双版纳州,39.0
20201111,22,PM2.5_24h,西双版纳州,31.0
20201111,22,PM10,西双版纳州,95.0
20201111,22,PM10_24h,西双版纳州,61.0
20201111,22,SO2,西双版纳州,6.0
20201111,22,SO2_24h,西双版纳州,9.0
20201111,22,NO2,西双版纳州,35.0
20201111,22,NO2_24h,西双版纳州,24.0
20201111,22,O3,西双版纳州,17.0
20201111,22,O3_24h,西双版纳州,118.0
20201111,22,O3_8h,西双版纳州,67.0
20201111,22,O3_8h_24h,西双版纳州,87.0
20201111,22,CO,西双版纳州,0.9
20201111,22,CO_24h,西双版纳州,0.8
20201111,23,AQI,西双版纳州,80.0
20201111,23,PM2.5,西双版纳州,35.0
20201111,23,PM2.5_24h,西双版纳州,30.0
20201111,23,PM10,西双版纳州,110.0
20201111,23,PM10_24h,西双版纳州,60.0
20201111,23,SO2,西双版纳州,6.0
20201111,23,SO2_24h,西双版纳州,9.0
20201111,23,NO2,西双版纳州,29.0
20201111,23,NO2_24h,西双版纳州,24.0
20201111,23,O3,西双版纳州,19.0
20201111,23,O3_24h,西双版纳州,118.0
20201111,23,O3_8h,西双版纳州,54.0
20201111,23,O3_8h_24h,西双版纳州,87.0
20201111,23,CO,西双版纳州,0.8
20201111,23,CO_24h,西双版纳州,0.8
20201111,0,AQI,大理州,69.0
20201111,0,PM2.5,大理州,35.0
20201111,0,PM2.5_24h,大理州,26.0
20201111,0,PM10,大理州,87.0
20201111,0,PM10_24h,大理州,47.0
20201111,0,SO2,大理州,9.0
20201111,0,SO2_24h,大理州,9.0
20201111,0,NO2,大理州,47.0
20201111,0,NO2_24h,大理州,29.0
20201111,0,O3,大理州,24.0
20201111,0,O3_24h,大理州,104.0
20201111,0,O3_8h,大理州,43.0
20201111,0,O3_8h_24h,大理州,76.0
20201111,0,CO,大理州,0.9
20201111,0,CO_24h,大理州,0.8
20201111,1,AQI,大理州,57.0
20201111,1,PM2.5,大理州,35.0
20201111,1,PM2.5_24h,大理州,26.0
20201111,1,PM10,大理州,64.0
20201111,1,PM10_24h,大理州,48.0
20201111,1,SO2,大理州,9.0
20201111,1,SO2_24h,大理州,9.0
20201111,1,NO2,大理州,47.0
20201111,1,NO2_24h,大理州,30.0
20201111,1,O3,大理州,16.0
20201111,1,O3_24h,大理州,104.0
20201111,1,O3_8h,大理州,16.0
20201111,1,O3_8h_24h,大理州,16.0
20201111,1,CO,大理州,0.85
20201111,1,CO_24h,大理州,0.8
20201111,2,AQI,大理州,48.0
20201111,2,PM2.5,大理州,32.0
20201111,2,PM2.5_24h,大理州,27.0
20201111,2,PM10,大理州,48.0
20201111,2,PM10_24h,大理州,48.0
20201111,2,SO2,大理州,9.0
20201111,2,SO2_24h,大理州,9.0
20201111,2,NO2,大理州,40.0
20201111,2,NO2_24h,大理州,30.0
20201111,2,O3,大理州,23.0
20201111,2,O3_24h,大理州,104.0
20201111,2,O3_8h,大理州,19.0
20201111,2,O3_8h_24h,大理州,19.0
20201111,2,CO,大理州,0.8
20201111,2,CO_24h,大理州,0.8
20201111,3,AQI,大理州,50.0
20201111,3,PM2.5,大理州,35.0
20201111,3,PM2.5_24h,大理州,27.0
20201111,3,PM10,大理州,44.0
20201111,3,PM10_24h,大理州,48.0
20201111,3,SO2,大理州,9.0
20201111,3,SO2_24h,大理州,9.0
20201111,3,NO2,大理州,36.0
20201111,3,NO2_24h,大理州,30.0
20201111,3,O3,大理州,51.0
20201111,3,O3_24h,大理州,104.0
20201111,3,O3_8h,大理州,22.0
20201111,3,O3_8h_24h,大理州,22.0
20201111,3,CO,大理州,0.8
20201111,3,CO_24h,大理州,0.8
20201111,4,AQI,大理州,53.0
20201111,4,PM2.5,大理州,37.0
20201111,4,PM2.5_24h,大理州,28.0
20201111,4,PM10,大理州,34.0
20201111,4,PM10_24h,大理州,48.0
20201111,4,SO2,大理州,7.0
20201111,4,SO2_24h,大理州,9.0
20201111,4,NO2,大理州,30.0
20201111,4,NO2_24h,大理州,31.0
20201111,4,O3,大理州,32.0
20201111,4,O3_24h,大理州,104.0
20201111,4,O3_8h,大理州,24.0
20201111,4,O3_8h_24h,大理州,24.0
20201111,4,CO,大理州,0.7
20201111,4,CO_24h,大理州,0.8
20201111,5,AQI,大理州,37.0
20201111,5,PM2.5,大理州,26.0
20201111,5,PM2.5_24h,大理州,28.0
20201111,5,PM10,大理州,33.0
20201111,5,PM10_24h,大理州,49.0
20201111,5,SO2,大理州,7.0
20201111,5,SO2_24h,大理州,9.0
20201111,5,NO2,大理州,30.0
20201111,5,NO2_24h,大理州,31.0
20201111,5,O3,大理州,29.0
20201111,5,O3_24h,大理州,104.0
20201111,5,O3_8h,大理州,25.0
20201111,5,O3_8h_24h,大理州,25.0
20201111,5,CO,大理州,0.7
20201111,5,CO_24h,大理州,0.8
20201111,6,AQI,大理州,38.0
20201111,6,PM2.5,大理州,25.0
20201111,6,PM2.5_24h,大理州,28.0
20201111,6,PM10,大理州,38.0
20201111,6,PM10_24h,大理州,49.0
20201111,6,SO2,大理州,7.0
20201111,6,SO2_24h,大理州,9.0
20201111,6,NO2,大理州,28.0
20201111,6,NO2_24h,大理州,31.0
20201111,6,O3,大理州,28.0
20201111,6,O3_24h,大理州,104.0
20201111,6,O3_8h,大理州,25.0
20201111,6,O3_8h_24h,大理州,26.0
20201111,6,CO,大理州,0.75
20201111,6,CO_24h,大理州,0.8
20201111,8,AQI,大理州,52.0
20201111,8,PM2.5,大理州,29.0
20201111,8,PM2.5_24h,大理州,29.0
20201111,8,PM10,大理州,54.0
20201111,8,PM10_24h,大理州,49.0
20201111,8,SO2,大理州,8.0
20201111,8,SO2_24h,大理州,9.0
20201111,8,NO2,大理州,40.0
20201111,8,NO2_24h,大理州,32.0
20201111,8,O3,大理州,21.0
20201111,8,O3_24h,大理州,104.0
20201111,8,O3_8h,大理州,26.0
20201111,8,O3_8h_24h,大理州,27.0
20201111,8,CO,大理州,0.9
20201111,8,CO_24h,大理州,0.8
20201111,10,AQI,大理州,63.0
20201111,10,PM2.5,大理州,30.0
20201111,10,PM2.5_24h,大理州,29.0
20201111,10,PM10,大理州,75.0
20201111,10,PM10_24h,大理州,50.0
20201111,10,SO2,大理州,9.0
20201111,10,SO2_24h,大理州,8.0
20201111,10,NO2,大理州,40.0
20201111,10,NO2_24h,大理州,33.0
20201111,10,O3,大理州,29.0
20201111,10,O3_24h,大理州,104.0
20201111,10,O3_8h,大理州,25.0
20201111,10,O3_8h_24h,大理州,28.0
20201111,10,CO,大理州,1.0
20201111,10,CO_24h,大理州,0.8
20201111,11,AQI,大理州,48.0
20201111,11,PM2.5,大理州,25.0
20201111,11,PM2.5_24h,大理州,29.0
20201111,11,PM10,大理州,48.0
20201111,11,PM10_24h,大理州,50.0
20201111,11,SO2,大理州,8.0
20201111,11,SO2_24h,大理州,8.0
20201111,11,NO2,大理州,28.0
20201111,11,NO2_24h,大理州,33.0
20201111,11,O3,大理州,52.0
20201111,11,O3_24h,大理州,104.0
20201111,11,O3_8h,大理州,28.0
20201111,11,O3_8h_24h,大理州,31.0
20201111,11,CO,大理州,0.9
20201111,11,CO_24h,大理州,0.8
20201111,12,AQI,大理州,40.0
20201111,12,PM2.5,大理州,23.0
20201111,12,PM2.5_24h,大理州,29.0
20201111,12,PM10,大理州,40.0
20201111,12,PM10_24h,大理州,51.0
20201111,12,SO2,大理州,7.0
20201111,12,SO2_24h,大理州,8.0
20201111,12,NO2,大理州,21.0
20201111,12,NO2_24h,大理州,34.0
20201111,12,O3,大理州,75.0
20201111,12,O3_24h,大理州,104.0
20201111,12,O3_8h,大理州,34.0
20201111,12,O3_8h_24h,大理州,35.0
20201111,12,CO,大理州,0.85
20201111,12,CO_24h,大理州,0.8
20201111,13,AQI,大理州,36.0
20201111,13,PM2.5,大理州,23.0
20201111,13,PM2.5_24h,大理州,29.0
20201111,13,PM10,大理州,36.0
20201111,13,PM10_24h,大理州,51.0
20201111,13,SO2,大理州,7.0
20201111,13,SO2_24h,大理州,8.0
20201111,13,NO2,大理州,14.0
20201111,13,NO2_24h,大理州,34.0
20201111,13,O3,大理州,95.0
20201111,13,O3_24h,大理州,105.0
20201111,13,O3_8h,大理州,42.0
20201111,13,O3_8h_24h,大理州,42.0
20201111,13,CO,大理州,0.8
20201111,13,CO_24h,大理州,0.8
20201111,14,AQI,大理州,37.0
20201111,14,PM2.5,大理州,26.0
20201111,14,PM2.5_24h,大理州,29.0
20201111,14,PM10,大理州,30.0
20201111,14,PM10_24h,大理州,52.0
20201111,14,SO2,大理州,7.0
20201111,14,SO2_24h,大理州,8.0
20201111,14,NO2,大理州,13.0
20201111,14,NO2_24h,大理州,34.0
20201111,14,O3,大理州,103.0
20201111,14,O3_24h,大理州,109.0
20201111,14,O3_8h,大理州,51.0
20201111,14,O3_8h_24h,大理州,51.0
20201111,14,CO,大理州,0.7
20201111,14,CO_24h,大理州,0.8
20201111,15,AQI,大理州,34.0
20201111,15,PM2.5,大理州,24.0
20201111,15,PM2.5_24h,大理州,29.0
20201111,15,PM10,大理州,32.0
20201111,15,PM10_24h,大理州,52.0
20201111,15,SO2,大理州,7.0
20201111,15,SO2_24h,大理州,8.0
20201111,15,NO2,大理州,16.0
20201111,15,NO2_24h,大理州,34.0
20201111,15,O3,大理州,99.0
20201111,15,O3_24h,大理州,109.0
20201111,15,O3_8h,大理州,60.0
20201111,15,O3_8h_24h,大理州,60.0
20201111,15,CO,大理州,0.75
20201111,15,CO_24h,大理州,0.8
20201111,16,AQI,大理州,33.0
20201111,16,PM2.5,大理州,17.0
20201111,16,PM2.5_24h,大理州,29.0
20201111,16,PM10,大理州,33.0
20201111,16,PM10_24h,大理州,52.0
20201111,16,SO2,大理州,7.0
20201111,16,SO2_24h,大理州,8.0
20201111,16,NO2,大理州,14.0
20201111,16,NO2_24h,大理州,34.0
20201111,16,O3,大理州,106.0
20201111,16,O3_24h,大理州,107.0
20201111,16,O3_8h,大理州,71.0
20201111,16,O3_8h_24h,大理州,71.0
20201111,16,CO,大理州,0.7
20201111,16,CO_24h,大理州,0.8
20201111,17,AQI,大理州,43.0
20201111,17,PM2.5,大理州,22.0
20201111,17,PM2.5_24h,大理州,29.0
20201111,17,PM10,大理州,43.0
20201111,17,PM10_24h,大理州,52.0
20201111,17,SO2,大理州,7.0
20201111,17,SO2_24h,大理州,8.0
20201111,17,NO2,大理州,23.0
20201111,17,NO2_24h,大理州,34.0
20201111,17,O3,大理州,95.0
20201111,17,O3_24h,大理州,106.0
20201111,17,O3_8h,大理州,82.0
20201111,17,O3_8h_24h,大理州,82.0
20201111,17,CO,大理州,0.75
20201111,17,CO_24h,大理州,0.8
20201111,18,AQI,大理州,54.0
20201111,18,PM2.5,大理州,25.0
20201111,18,PM2.5_24h,大理州,29.0
20201111,18,PM10,大理州,57.0
20201111,18,PM10_24h,大理州,52.0
20201111,18,SO2,大理州,6.0
20201111,18,SO2_24h,大理州,8.0
20201111,18,NO2,大理州,29.0
20201111,18,NO2_24h,大理州,34.0
20201111,18,O3,大理州,71.0
20201111,18,O3_24h,大理州,106.0
20201111,18,O3_8h,大理州,87.0
20201111,18,O3_8h_24h,大理州,87.0
20201111,18,CO,大理州,0.8
20201111,18,CO_24h,大理州,0.8
20201111,19,AQI,大理州,58.0
20201111,19,PM2.5,大理州,28.0
20201111,19,PM2.5_24h,大理州,29.0
20201111,19,PM10,大理州,65.0
20201111,19,PM10_24h,大理州,52.0
20201111,19,SO2,大理州,6.0
20201111,19,SO2_24h,大理州,8.0
20201111,19,NO2,大理州,33.0
20201111,19,NO2_24h,大理州,33.0
20201111,19,O3,大理州,56.0
20201111,19,O3_24h,大理州,106.0
20201111,19,O3_8h,大理州,88.0
20201111,19,O3_8h_24h,大理州,89.0
20201111,19,CO,大理州,0.8
20201111,19,CO_24h,大理州,0.8
20201111,20,AQI,大理州,54.0
20201111,20,PM2.5,大理州,29.0
20201111,20,PM2.5_24h,大理州,29.0
20201111,20,PM10,大理州,57.0
20201111,20,PM10_24h,大理州,52.0
20201111,20,SO2,大理州,7.0
20201111,20,SO2_24h,大理州,8.0
20201111,20,NO2,大理州,32.0
20201111,20,NO2_24h,大理州,33.0
20201111,20,O3,大理州,58.0
20201111,20,O3_24h,大理州,106.0
20201111,20,O3_8h,大理州,85.0
20201111,20,O3_8h_24h,大理州,89.0
20201111,20,CO,大理州,0.75
20201111,20,CO_24h,大理州,0.8
20201111,21,AQI,大理州,48.0
20201111,21,PM2.5,大理州,31.0
20201111,21,PM2.5_24h,大理州,28.0
20201111,21,PM10,大理州,48.0
20201111,21,PM10_24h,大理州,51.0
20201111,21,SO2,大理州,6.0
20201111,21,SO2_24h,大理州,7.0
20201111,21,NO2,大理州,35.0
20201111,21,NO2_24h,大理州,33.0
20201111,21,O3,大理州,52.0
20201111,21,O3_24h,大理州,106.0
20201111,21,O3_8h,大理州,80.0
20201111,21,O3_8h_24h,大理州,89.0
20201111,21,CO,大理州,0.7
20201111,21,CO_24h,大理州,0.8
20201111,22,AQI,大理州,46.0
20201111,22,PM2.5,大理州,25.0
20201111,22,PM2.5_24h,大理州,28.0
20201111,22,PM10,大理州,46.0
20201111,22,PM10_24h,大理州,50.0
20201111,22,SO2,大理州,6.0
20201111,22,SO2_24h,大理州,7.0
20201111,22,NO2,大理州,24.0
20201111,22,NO2_24h,大理州,31.0
20201111,22,O3,大理州,61.0
20201111,22,O3_24h,大理州,106.0
20201111,22,O3_8h,大理州,75.0
20201111,22,O3_8h_24h,大理州,89.0
20201111,22,CO,大理州,0.65
20201111,22,CO_24h,大理州,0.8
20201111,23,AQI,大理州,38.0
20201111,23,PM2.5,大理州,24.0
20201111,23,PM2.5_24h,大理州,27.0
20201111,23,PM10,大理州,38.0
20201111,23,PM10_24h,大理州,49.0
20201111,23,SO2,大理州,6.0
20201111,23,SO2_24h,大理州,7.0
20201111,23,NO2,大理州,21.0
20201111,23,NO2_24h,大理州,31.0
20201111,23,O3,大理州,60.0
20201111,23,O3_24h,大理州,106.0
20201111,23,O3_8h,大理州,70.0
20201111,23,O3_8h_24h,大理州,89.0
20201111,23,CO,大理州,0.65
20201111,23,CO_24h,大理州,0.8
20201111,0,AQI,德宏州,47.0
20201111,0,PM2.5,德宏州,22.0
20201111,0,PM2.5_24h,德宏州,20.0
20201111,0,PM10,德宏州,47.0
20201111,0,PM10_24h,德宏州,43.0
20201111,0,SO2,德宏州,4.0
20201111,0,SO2_24h,德宏州,12.0
20201111,0,NO2,德宏州,17.0
20201111,0,NO2_24h,德宏州,25.0
20201111,0,O3,德宏州,42.0
20201111,0,O3_24h,德宏州,79.0
20201111,0,O3_8h,德宏州,50.0
20201111,0,O3_8h_24h,德宏州,60.0
20201111,0,CO,德宏州,0.85
20201111,0,CO_24h,德宏州,0.95
20201111,1,AQI,德宏州,30.0
20201111,1,PM2.5,德宏州,20.0
20201111,1,PM2.5_24h,德宏州,20.0
20201111,1,PM10,德宏州,30.0
20201111,1,PM10_24h,德宏州,42.0
20201111,1,SO2,德宏州,3.0
20201111,1,SO2_24h,德宏州,12.0
20201111,1,NO2,德宏州,21.0
20201111,1,NO2_24h,德宏州,24.0
20201111,1,O3,德宏州,25.0
20201111,1,O3_24h,德宏州,79.0
20201111,1,O3_8h,德宏州,25.0
20201111,1,O3_8h_24h,德宏州,25.0
20201111,1,CO,德宏州,0.9
20201111,1,CO_24h,德宏州,0.95
20201111,2,AQI,德宏州,42.0
20201111,2,PM2.5,德宏州,23.0
20201111,2,PM2.5_24h,德宏州,20.0
20201111,2,PM10,德宏州,42.0
20201111,2,PM10_24h,德宏州,42.0
20201111,2,SO2,德宏州,3.0
20201111,2,SO2_24h,德宏州,12.0
20201111,2,NO2,德宏州,21.0
20201111,2,NO2_24h,德宏州,24.0
20201111,2,O3,德宏州,21.0
20201111,2,O3_24h,德宏州,79.0
20201111,2,O3_8h,德宏州,23.0
20201111,2,O3_8h_24h,德宏州,25.0
20201111,2,CO,德宏州,0.9
20201111,2,CO_24h,德宏州,0.95
20201111,3,AQI,德宏州,39.0
20201111,3,PM2.5,德宏州,21.0
20201111,3,PM2.5_24h,德宏州,20.0
20201111,3,PM10,德宏州,39.0
20201111,3,PM10_24h,德宏州,43.0
20201111,3,SO2,德宏州,4.0
20201111,3,SO2_24h,德宏州,12.0
20201111,3,NO2,德宏州,19.0
20201111,3,NO2_24h,德宏州,24.0
20201111,3,O3,德宏州,21.0
20201111,3,O3_24h,德宏州,79.0
20201111,3,O3_8h,德宏州,22.0
20201111,3,O3_8h_24h,德宏州,25.0
20201111,3,CO,德宏州,0.85
20201111,3,CO_24h,德宏州,0.95
20201111,4,AQI,德宏州,35.0
20201111,4,PM2.5,德宏州,21.0
20201111,4,PM2.5_24h,德宏州,20.0
20201111,4,PM10,德宏州,35.0
20201111,4,PM10_24h,德宏州,42.0
20201111,4,SO2,德宏州,4.0
20201111,4,SO2_24h,德宏州,12.0
20201111,4,NO2,德宏州,22.0
20201111,4,NO2_24h,德宏州,24.0
20201111,4,O3,德宏州,13.0
20201111,4,O3_24h,德宏州,79.0
20201111,4,O3_8h,德宏州,20.0
20201111,4,O3_8h_24h,德宏州,25.0
20201111,4,CO,德宏州,0.85
20201111,4,CO_24h,德宏州,0.95
20201111,5,AQI,德宏州,38.0
20201111,5,PM2.5,德宏州,22.0
20201111,5,PM2.5_24h,德宏州,20.0
20201111,5,PM10,德宏州,38.0
20201111,5,PM10_24h,德宏州,43.0
20201111,5,SO2,德宏州,3.0
20201111,5,SO2_24h,德宏州,12.0
20201111,5,NO2,德宏州,20.0
20201111,5,NO2_24h,德宏州,24.0
20201111,5,O3,德宏州,11.0
20201111,5,O3_24h,德宏州,79.0
20201111,5,O3_8h,德宏州,18.0
20201111,5,O3_8h_24h,德宏州,25.0
20201111,5,CO,德宏州,0.85
20201111,5,CO_24h,德宏州,0.9
20201111,6,AQI,德宏州,38.0
20201111,6,PM2.5,德宏州,24.0
20201111,6,PM2.5_24h,德宏州,21.0
20201111,6,PM10,德宏州,38.0
20201111,6,PM10_24h,德宏州,43.0
20201111,6,SO2,德宏州,3.0
20201111,6,SO2_24h,德宏州,12.0
20201111,6,NO2,德宏州,21.0
20201111,6,NO2_24h,德宏州,24.0
20201111,6,O3,德宏州,11.0
20201111,6,O3_24h,德宏州,79.0
20201111,6,O3_8h,德宏州,17.0
20201111,6,O3_8h_24h,德宏州,25.0
20201111,6,CO,德宏州,0.85
20201111,6,CO_24h,德宏州,0.9
20201111,8,AQI,德宏州,37.0
20201111,8,PM2.5,德宏州,21.0
20201111,8,PM2.5_24h,德宏州,21.0
20201111,8,PM10,德宏州,37.0
20201111,8,PM10_24h,德宏州,43.0
20201111,8,SO2,德宏州,5.0
20201111,8,SO2_24h,德宏州,11.0
20201111,8,NO2,德宏州,22.0
20201111,8,NO2_24h,德宏州,24.0
20201111,8,O3,德宏州,8.0
20201111,8,O3_24h,德宏州,79.0
20201111,8,O3_8h,德宏州,15.0
20201111,8,O3_8h_24h,德宏州,25.0
20201111,8,CO,德宏州,1.05
20201111,8,CO_24h,德宏州,0.9
20201111,10,AQI,德宏州,51.0
20201111,10,PM2.5,德宏州,23.0
20201111,10,PM2.5_24h,德宏州,21.0
20201111,10,PM10,德宏州,51.0
20201111,10,PM10_24h,德宏州,43.0
20201111,10,SO2,德宏州,5.0
20201111,10,SO2_24h,德宏州,10.0
20201111,10,NO2,德宏州,25.0
20201111,10,NO2_24h,德宏州,23.0
20201111,10,O3,德宏州,11.0
20201111,10,O3_24h,德宏州,79.0
20201111,10,O3_8h,德宏州,12.0
20201111,10,O3_8h_24h,德宏州,25.0
20201111,10,CO,德宏州,1.15
20201111,10,CO_24h,德宏州,0.9
20201111,11,AQI,德宏州,62.0
20201111,11,PM2.5,德宏州,30.0
20201111,11,PM2.5_24h,德宏州,21.0
20201111,11,PM10,德宏州,73.0
20201111,11,PM10_24h,德宏州,44.0
20201111,11,SO2,德宏州,6.0
20201111,11,SO2_24h,德宏州,9.0
20201111,11,NO2,德宏州,29.0
20201111,11,NO2_24h,德宏州,23.0
20201111,11,O3,德宏州,15.0
20201111,11,O3_24h,德宏州,79.0
20201111,11,O3_8h,德宏州,11.0
20201111,11,O3_8h_24h,德宏州,25.0
20201111,11,CO,德宏州,1.1
20201111,11,CO_24h,德宏州,0.9
20201111,12,AQI,德宏州,64.0
20201111,12,PM2.5,德宏州,32.0
20201111,12,PM2.5_24h,德宏州,21.0
20201111,12,PM10,德宏州,78.0
20201111,12,PM10_24h,德宏州,45.0
20201111,12,SO2,德宏州,10.0
20201111,12,SO2_24h,德宏州,9.0
20201111,12,NO2,德宏州,27.0
20201111,12,NO2_24h,德宏州,23.0
20201111,12,O3,德宏州,35.0
20201111,12,O3_24h,德宏州,79.0
20201111,12,O3_8h,德宏州,14.0
20201111,12,O3_8h_24h,德宏州,25.0
20201111,12,CO,德宏州,1.0
20201111,12,CO_24h,德宏州,0.9
20201111,13,AQI,德宏州,60.0
20201111,13,PM2.5,德宏州,27.0
20201111,13,PM2.5_24h,德宏州,22.0
20201111,13,PM10,德宏州,70.0
20201111,13,PM10_24h,德宏州,46.0
20201111,13,SO2,德宏州,16.0
20201111,13,SO2_24h,德宏州,8.0
20201111,13,NO2,德宏州,24.0
20201111,13,NO2_24h,德宏州,23.0
20201111,13,O3,德宏州,57.0
20201111,13,O3_24h,德宏州,79.0
20201111,13,O3_8h,德宏州,19.0
20201111,13,O3_8h_24h,德宏州,25.0
20201111,13,CO,德宏州,0.9
20201111,13,CO_24h,德宏州,0.95
20201111,14,AQI,德宏州,52.0
20201111,14,PM2.5,德宏州,18.0
20201111,14,PM2.5_24h,德宏州,22.0
20201111,14,PM10,德宏州,54.0
20201111,14,PM10_24h,德宏州,47.0
20201111,14,SO2,德宏州,12.0
20201111,14,SO2_24h,德宏州,7.0
20201111,14,NO2,德宏州,16.0
20201111,14,NO2_24h,德宏州,23.0
20201111,14,O3,德宏州,85.0
20201111,14,O3_24h,德宏州,85.0
20201111,14,O3_8h,德宏州,29.0
20201111,14,O3_8h_24h,德宏州,29.0
20201111,14,CO,德宏州,0.85
20201111,14,CO_24h,德宏州,0.95
20201111,15,AQI,德宏州,38.0
20201111,15,PM2.5,德宏州,14.0
20201111,15,PM2.5_24h,德宏州,22.0
20201111,15,PM10,德宏州,38.0
20201111,15,PM10_24h,德宏州,47.0
20201111,15,SO2,德宏州,7.0
20201111,15,SO2_24h,德宏州,6.0
20201111,15,NO2,德宏州,14.0
20201111,15,NO2_24h,德宏州,23.0
20201111,15,O3,德宏州,96.0
20201111,15,O3_24h,德宏州,96.0
20201111,15,O3_8h,德宏州,40.0
20201111,15,O3_8h_24h,德宏州,40.0
20201111,15,CO,德宏州,0.75
20201111,15,CO_24h,德宏州,0.95
20201111,16,AQI,德宏州,34.0
20201111,16,PM2.5,德宏州,10.0
20201111,16,PM2.5_24h,德宏州,22.0
20201111,16,PM10,德宏州,34.0
20201111,16,PM10_24h,德宏州,47.0
20201111,16,SO2,德宏州,2.0
20201111,16,SO2_24h,德宏州,6.0
20201111,16,NO2,德宏州,14.0
20201111,16,NO2_24h,德宏州,22.0
20201111,16,O3,德宏州,96.0
20201111,16,O3_24h,德宏州,96.0
20201111,16,O3_8h,德宏州,51.0
20201111,16,O3_8h_24h,德宏州,51.0
20201111,16,CO,德宏州,0.75
20201111,16,CO_24h,德宏州,0.95
20201111,17,AQI,德宏州,39.0
20201111,17,PM2.5,德宏州,6.0
20201111,17,PM2.5_24h,德宏州,22.0
20201111,17,PM10,德宏州,39.0
20201111,17,PM10_24h,德宏州,47.0
20201111,17,SO2,德宏州,7.0
20201111,17,SO2_24h,德宏州,6.0
20201111,17,NO2,德宏州,15.0
20201111,17,NO2_24h,德宏州,22.0
20201111,17,O3,德宏州,96.0
20201111,17,O3_24h,德宏州,96.0
20201111,17,O3_8h,德宏州,61.0
20201111,17,O3_8h_24h,德宏州,61.0
20201111,17,CO,德宏州,0.7
20201111,17,CO_24h,德宏州,0.95
20201111,18,AQI,德宏州,39.0
20201111,18,PM2.5,德宏州,20.0
20201111,18,PM2.5_24h,德宏州,22.0
20201111,18,PM10,德宏州,39.0
20201111,18,PM10_24h,德宏州,47.0
20201111,18,SO2,德宏州,8.0
20201111,18,SO2_24h,德宏州,6.0
20201111,18,NO2,德宏州,22.0
20201111,18,NO2_24h,德宏州,22.0
20201111,18,O3,德宏州,97.0
20201111,18,O3_24h,德宏州,96.0
20201111,18,O3_8h,德宏州,70.0
20201111,18,O3_8h_24h,德宏州,70.0
20201111,18,CO,德宏州,0.7
20201111,18,CO_24h,德宏州,0.95
20201111,19,AQI,德宏州,43.0
20201111,19,PM2.5,德宏州,23.0
20201111,19,PM2.5_24h,德宏州,22.0
20201111,19,PM10,德宏州,43.0
20201111,19,PM10_24h,德宏州,46.0
20201111,19,SO2,德宏州,9.0
20201111,19,SO2_24h,德宏州,6.0
20201111,19,NO2,德宏州,34.0
20201111,19,NO2_24h,德宏州,22.0
20201111,19,O3,德宏州,68.0
20201111,19,O3_24h,德宏州,96.0
20201111,19,O3_8h,德宏州,77.0
20201111,19,O3_8h_24h,德宏州,77.0
20201111,19,CO,德宏州,0.8
20201111,19,CO_24h,德宏州,0.9
20201111,20,AQI,德宏州,53.0
20201111,20,PM2.5,德宏州,24.0
20201111,20,PM2.5_24h,德宏州,22.0
20201111,20,PM10,德宏州,55.0
20201111,20,PM10_24h,德宏州,47.0
20201111,20,SO2,德宏州,5.0
20201111,20,SO2_24h,德宏州,6.0
20201111,20,NO2,德宏州,33.0
20201111,20,NO2_24h,德宏州,23.0
20201111,20,O3,德宏州,50.0
20201111,20,O3_24h,德宏州,96.0
20201111,20,O3_8h,德宏州,79.0
20201111,20,O3_8h_24h,德宏州,79.0
20201111,20,CO,德宏州,0.85
20201111,20,CO_24h,德宏州,0.9
20201111,21,AQI,德宏州,61.0
20201111,21,PM2.5,德宏州,31.0
20201111,21,PM2.5_24h,德宏州,22.0
20201111,21,PM10,德宏州,71.0
20201111,21,PM10_24h,德宏州,47.0
20201111,21,SO2,德宏州,6.0
20201111,21,SO2_24h,德宏州,6.0
20201111,21,NO2,德宏州,36.0
20201111,21,NO2_24h,德宏州,23.0
20201111,21,O3,德宏州,37.0
20201111,21,O3_24h,德宏州,96.0
20201111,21,O3_8h,德宏州,77.0
20201111,21,O3_8h_24h,德宏州,79.0
20201111,21,CO,德宏州,0.85
20201111,21,CO_24h,德宏州,0.9
20201111,22,AQI,德宏州,62.0
20201111,22,PM2.5,德宏州,34.0
20201111,22,PM2.5_24h,德宏州,23.0
20201111,22,PM10,德宏州,73.0
20201111,22,PM10_24h,德宏州,48.0
20201111,22,SO2,德宏州,6.0
20201111,22,SO2_24h,德宏州,6.0
20201111,22,NO2,德宏州,26.0
20201111,22,NO2_24h,德宏州,23.0
20201111,22,O3,德宏州,43.0
20201111,22,O3_24h,德宏州,96.0
20201111,22,O3_8h,德宏州,71.0
20201111,22,O3_8h_24h,德宏州,79.0
20201111,22,CO,德宏州,0.9
20201111,22,CO_24h,德宏州,0.9
20201111,23,AQI,德宏州,55.0
20201111,23,PM2.5,德宏州,31.0
20201111,23,PM2.5_24h,德宏州,23.0
20201111,23,PM10,德宏州,59.0
20201111,23,PM10_24h,德宏州,49.0
20201111,23,SO2,德宏州,4.0
20201111,23,SO2_24h,德宏州,6.0
20201111,23,NO2,德宏州,30.0
20201111,23,NO2_24h,德宏州,23.0
20201111,23,O3,德宏州,33.0
20201111,23,O3_24h,德宏州,96.0
20201111,23,O3_8h,德宏州,63.0
20201111,23,O3_8h_24h,德宏州,79.0
20201111,23,CO,德宏州,0.8
20201111,23,CO_24h,德宏州,0.9
20201111,0,AQI,怒江州,52.0
20201111,0,PM2.5,怒江州,28.0
20201111,0,PM2.5_24h,怒江州,24.0
20201111,0,PM10,怒江州,54.0
20201111,0,PM10_24h,怒江州,53.0
20201111,0,SO2,怒江州,7.0
20201111,0,SO2_24h,怒江州,8.0
20201111,0,NO2,怒江州,30.0
20201111,0,NO2_24h,怒江州,23.0
20201111,0,O3,怒江州,23.0
20201111,0,O3_24h,怒江州,86.0
20201111,0,O3_8h,怒江州,36.0
20201111,0,O3_8h_24h,怒江州,63.0
20201111,0,CO,怒江州,0.85
20201111,0,CO_24h,怒江州,0.9
20201111,1,AQI,怒江州,49.0
20201111,1,PM2.5,怒江州,29.0
20201111,1,PM2.5_24h,怒江州,24.0
20201111,1,PM10,怒江州,49.0
20201111,1,PM10_24h,怒江州,53.0
20201111,1,SO2,怒江州,7.0
20201111,1,SO2_24h,怒江州,8.0
20201111,1,NO2,怒江州,25.0
20201111,1,NO2_24h,怒江州,23.0
20201111,1,O3,怒江州,23.0
20201111,1,O3_24h,怒江州,86.0
20201111,1,O3_8h,怒江州,23.0
20201111,1,O3_8h_24h,怒江州,23.0
20201111,1,CO,怒江州,0.8
20201111,1,CO_24h,怒江州,0.85
20201111,2,AQI,怒江州,43.0
20201111,2,PM2.5,怒江州,26.0
20201111,2,PM2.5_24h,怒江州,25.0
20201111,2,PM10,怒江州,43.0
20201111,2,PM10_24h,怒江州,53.0
20201111,2,SO2,怒江州,7.0
20201111,2,SO2_24h,怒江州,8.0
20201111,2,NO2,怒江州,22.0
20201111,2,NO2_24h,怒江州,23.0
20201111,2,O3,怒江州,23.0
20201111,2,O3_24h,怒江州,86.0
20201111,2,O3_8h,怒江州,23.0
20201111,2,O3_8h_24h,怒江州,23.0
20201111,2,CO,怒江州,0.8
20201111,2,CO_24h,怒江州,0.85
20201111,3,AQI,怒江州,38.0
20201111,3,PM2.5,怒江州,25.0
20201111,3,PM2.5_24h,怒江州,25.0
20201111,3,PM10,怒江州,38.0
20201111,3,PM10_24h,怒江州,53.0
20201111,3,SO2,怒江州,7.0
20201111,3,SO2_24h,怒江州,8.0
20201111,3,NO2,怒江州,20.0
20201111,3,NO2_24h,怒江州,23.0
20201111,3,O3,怒江州,22.0
20201111,3,O3_24h,怒江州,86.0
20201111,3,O3_8h,怒江州,23.0
20201111,3,O3_8h_24h,怒江州,23.0
20201111,3,CO,怒江州,0.8
20201111,3,CO_24h,怒江州,0.85
20201111,4,AQI,怒江州,36.0
20201111,4,PM2.5,怒江州,23.0
20201111,4,PM2.5_24h,怒江州,25.0
20201111,4,PM10,怒江州,36.0
20201111,4,PM10_24h,怒江州,53.0
20201111,4,SO2,怒江州,6.0
20201111,4,SO2_24h,怒江州,8.0
20201111,4,NO2,怒江州,17.0
20201111,4,NO2_24h,怒江州,23.0
20201111,4,O3,怒江州,23.0
20201111,4,O3_24h,怒江州,86.0
20201111,4,O3_8h,怒江州,23.0
20201111,4,O3_8h_24h,怒江州,23.0
20201111,4,CO,怒江州,0.8
20201111,4,CO_24h,怒江州,0.85
20201111,5,AQI,怒江州,34.0
20201111,5,PM2.5,怒江州,21.0
20201111,5,PM2.5_24h,怒江州,25.0
20201111,5,PM10,怒江州,34.0
20201111,5,PM10_24h,怒江州,53.0
20201111,5,SO2,怒江州,6.0
20201111,5,SO2_24h,怒江州,8.0
20201111,5,NO2,怒江州,16.0
20201111,5,NO2_24h,怒江州,23.0
20201111,5,O3,怒江州,21.0
20201111,5,O3_24h,怒江州,86.0
20201111,5,O3_8h,怒江州,22.0
20201111,5,O3_8h_24h,怒江州,23.0
20201111,5,CO,怒江州,0.8
20201111,5,CO_24h,怒江州,0.85
20201111,6,AQI,怒江州,34.0
20201111,6,PM2.5,怒江州,24.0
20201111,6,PM2.5_24h,怒江州,25.0
20201111,6,PM10,怒江州,34.0
20201111,6,PM10_24h,怒江州,54.0
20201111,6,SO2,怒江州,6.0
20201111,6,SO2_24h,怒江州,8.0
20201111,6,NO2,怒江州,18.0
20201111,6,NO2_24h,怒江州,23.0
20201111,6,O3,怒江州,14.0
20201111,6,O3_24h,怒江州,86.0
20201111,6,O3_8h,怒江州,21.0
20201111,6,O3_8h_24h,怒江州,23.0
20201111,6,CO,怒江州,0.8
20201111,6,CO_24h,怒江州,0.85
20201111,8,AQI,怒江州,35.0
20201111,8,PM2.5,怒江州,23.0
20201111,8,PM2.5_24h,怒江州,26.0
20201111,8,PM10,怒江州,35.0
20201111,8,PM10_24h,怒江州,55.0
20201111,8,SO2,怒江州,10.0
20201111,8,SO2_24h,怒江州,8.0
20201111,8,NO2,怒江州,20.0
20201111,8,NO2_24h,怒江州,23.0
20201111,8,O3,怒江州,9.0
20201111,8,O3_24h,怒江州,86.0
20201111,8,O3_8h,怒江州,19.0
20201111,8,O3_8h_24h,怒江州,23.0
20201111,8,CO,怒江州,0.8
20201111,8,CO_24h,怒江州,0.85
20201111,10,AQI,怒江州,53.0
20201111,10,PM2.5,怒江州,25.0
20201111,10,PM2.5_24h,怒江州,26.0
20201111,10,PM10,怒江州,56.0
20201111,10,PM10_24h,怒江州,55.0
20201111,10,SO2,怒江州,9.0
20201111,10,SO2_24h,怒江州,8.0
20201111,10,NO2,怒江州,22.0
20201111,10,NO2_24h,怒江州,23.0
20201111,10,O3,怒江州,15.0
20201111,10,O3_24h,怒江州,86.0
20201111,10,O3_8h,怒江州,16.0
20201111,10,O3_8h_24h,怒江州,23.0
20201111,10,CO,怒江州,0.95
20201111,10,CO_24h,怒江州,0.9
20201111,11,AQI,怒江州,58.0
20201111,11,PM2.5,怒江州,21.0
20201111,11,PM2.5_24h,怒江州,26.0
20201111,11,PM10,怒江州,65.0
20201111,11,PM10_24h,怒江州,55.0
20201111,11,SO2,怒江州,10.0
20201111,11,SO2_24h,怒江州,8.0
20201111,11,NO2,怒江州,19.0
20201111,11,NO2_24h,怒江州,24.0
20201111,11,O3,怒江州,25.0
20201111,11,O3_24h,怒江州,86.0
20201111,11,O3_8h,怒江州,16.0
20201111,11,O3_8h_24h,怒江州,23.0
20201111,11,CO,怒江州,1.85
20201111,11,CO_24h,怒江州,0.9
20201111,12,AQI,怒江州,45.0
20201111,12,PM2.5,怒江州,16.0
20201111,12,PM2.5_24h,怒江州,26.0
20201111,12,PM10,怒江州,45.0
20201111,12,PM10_24h,怒江州,55.0
20201111,12,SO2,怒江州,9.0
20201111,12,SO2_24h,怒江州,9.0
20201111,12,NO2,怒江州,13.0
20201111,12,NO2_24h,怒江州,24.0
20201111,12,O3,怒江州,40.0
20201111,12,O3_24h,怒江州,86.0
20201111,12,O3_8h,怒江州,18.0
20201111,12,O3_8h_24h,怒江州,24.0
20201111,12,CO,怒江州,0.6
20201111,12,CO_24h,怒江州,0.9
20201111,13,AQI,怒江州,55.0
20201111,13,PM2.5,怒江州,10.0
20201111,13,PM2.5_24h,怒江州,26.0
20201111,13,PM10,怒江州,60.0
20201111,13,PM10_24h,怒江州,56.0
20201111,13,SO2,怒江州,9.0
20201111,13,SO2_24h,怒江州,9.0
20201111,13,NO2,怒江州,10.0
20201111,13,NO2_24h,怒江州,24.0
20201111,13,O3,怒江州,53.0
20201111,13,O3_24h,怒江州,86.0
20201111,13,O3_8h,怒江州,22.0
20201111,13,O3_8h_24h,怒江州,26.0
20201111,13,CO,怒江州,0.6
20201111,13,CO_24h,怒江州,0.95
20201111,14,AQI,怒江州,65.0
20201111,14,PM2.5,怒江州,14.0
20201111,14,PM2.5_24h,怒江州,26.0
20201111,14,PM10,怒江州,79.0
20201111,14,PM10_24h,怒江州,59.0
20201111,14,SO2,怒江州,9.0
20201111,14,SO2_24h,怒江州,9.0
20201111,14,NO2,怒江州,13.0
20201111,14,NO2_24h,怒江州,24.0
20201111,14,O3,怒江州,63.0
20201111,14,O3_24h,怒江州,86.0
20201111,14,O3_8h,怒江州,28.0
20201111,14,O3_8h_24h,怒江州,30.0
20201111,14,CO,怒江州,0.7
20201111,14,CO_24h,怒江州,0.95
20201111,15,AQI,怒江州,75.0
20201111,15,PM2.5,怒江州,25.0
20201111,15,PM2.5_24h,怒江州,26.0
20201111,15,PM10,怒江州,100.0
20201111,15,PM10_24h,怒江州,61.0
20201111,15,SO2,怒江州,12.0
20201111,15,SO2_24h,怒江州,9.0
20201111,15,NO2,怒江州,12.0
20201111,15,NO2_24h,怒江州,24.0
20201111,15,O3,怒江州,78.0
20201111,15,O3_24h,怒江州,86.0
20201111,15,O3_8h,怒江州,37.0
20201111,15,O3_8h_24h,怒江州,37.0
20201111,15,CO,怒江州,0.7
20201111,15,CO_24h,怒江州,0.95
20201111,16,AQI,怒江州,54.0
20201111,16,PM2.5,怒江州,35.0
20201111,16,PM2.5_24h,怒江州,27.0
20201111,16,PM10,怒江州,57.0
20201111,16,PM10_24h,怒江州,62.0
20201111,16,SO2,怒江州,11.0
20201111,16,SO2_24h,怒江州,8.0
20201111,16,NO2,怒江州,17.0
20201111,16,NO2_24h,怒江州,24.0
20201111,16,O3,怒江州,82.0
20201111,16,O3_24h,怒江州,83.0
20201111,16,O3_8h,怒江州,45.0
20201111,16,O3_8h_24h,怒江州,45.0
20201111,16,CO,怒江州,0.75
20201111,16,CO_24h,怒江州,0.95
20201111,17,AQI,怒江州,47.0
20201111,17,PM2.5,怒江州,28.0
20201111,17,PM2.5_24h,怒江州,27.0
20201111,17,PM10,怒江州,47.0
20201111,17,PM10_24h,怒江州,60.0
20201111,17,SO2,怒江州,10.0
20201111,17,SO2_24h,怒江州,8.0
20201111,17,NO2,怒江州,26.0
20201111,17,NO2_24h,怒江州,24.0
20201111,17,O3,怒江州,68.0
20201111,17,O3_24h,怒江州,82.0
20201111,17,O3_8h,怒江州,53.0
20201111,17,O3_8h_24h,怒江州,53.0
20201111,17,CO,怒江州,0.85
20201111,17,CO_24h,怒江州,0.95
20201111,18,AQI,怒江州,54.0
20201111,18,PM2.5,怒江州,33.0
20201111,18,PM2.5_24h,怒江州,27.0
20201111,18,PM10,怒江州,58.0
20201111,18,PM10_24h,怒江州,58.0
20201111,18,SO2,怒江州,9.0
20201111,18,SO2_24h,怒江州,8.0
20201111,18,NO2,怒江州,32.0
20201111,18,NO2_24h,怒江州,24.0
20201111,18,O3,怒江州,49.0
20201111,18,O3_24h,怒江州,82.0
20201111,18,O3_8h,怒江州,57.0
20201111,18,O3_8h_24h,怒江州,57.0
20201111,18,CO,怒江州,1.0
20201111,18,CO_24h,怒江州,0.95
20201111,19,AQI,怒江州,73.0
20201111,19,PM2.5,怒江州,53.0
20201111,19,PM2.5_24h,怒江州,28.0
20201111,19,PM10,怒江州,87.0
20201111,19,PM10_24h,怒江州,58.0
20201111,19,SO2,怒江州,9.0
20201111,19,SO2_24h,怒江州,8.0
20201111,19,NO2,怒江州,50.0
20201111,19,NO2_24h,怒江州,24.0
20201111,19,O3,怒江州,29.0
20201111,19,O3_24h,怒江州,82.0
20201111,19,O3_8h,怒江州,58.0
20201111,19,O3_8h_24h,怒江州,58.0
20201111,19,CO,怒江州,1.25
20201111,19,CO_24h,怒江州,0.95
20201111,20,AQI,怒江州,79.0
20201111,20,PM2.5,怒江州,58.0
20201111,20,PM2.5_24h,怒江州,28.0
20201111,20,PM10,怒江州,88.0
20201111,20,PM10_24h,怒江州,57.0
20201111,20,SO2,怒江州,11.0
20201111,20,SO2_24h,怒江州,8.0
20201111,20,NO2,怒江州,56.0
20201111,20,NO2_24h,怒江州,24.0
20201111,20,O3,怒江州,17.0
20201111,20,O3_24h,怒江州,82.0
20201111,20,O3_8h,怒江州,57.0
20201111,20,O3_8h_24h,怒江州,59.0
20201111,20,CO,怒江州,1.5
20201111,20,CO_24h,怒江州,0.95
20201111,21,AQI,怒江州,69.0
20201111,21,PM2.5,怒江州,44.0
20201111,21,PM2.5_24h,怒江州,28.0
20201111,21,PM10,怒江州,87.0
20201111,21,PM10_24h,怒江州,58.0
20201111,21,SO2,怒江州,9.0
20201111,21,SO2_24h,怒江州,8.0
20201111,21,NO2,怒江州,42.0
20201111,21,NO2_24h,怒江州,24.0
20201111,21,O3,怒江州,17.0
20201111,21,O3_24h,怒江州,82.0
20201111,21,O3_8h,怒江州,53.0
20201111,21,O3_8h_24h,怒江州,59.0
20201111,21,CO,怒江州,1.25
20201111,21,CO_24h,怒江州,0.95
20201111,22,AQI,怒江州,71.0
20201111,22,PM2.5,怒江州,43.0
20201111,22,PM2.5_24h,怒江州,29.0
20201111,22,PM10,怒江州,91.0
20201111,22,PM10_24h,怒江州,58.0
20201111,22,SO2,怒江州,10.0
20201111,22,SO2_24h,怒江州,8.0
20201111,22,NO2,怒江州,40.0
20201111,22,NO2_24h,怒江州,24.0
20201111,22,O3,怒江州,16.0
20201111,22,O3_24h,怒江州,82.0
20201111,22,O3_8h,怒江州,47.0
20201111,22,O3_8h_24h,怒江州,59.0
20201111,22,CO,怒江州,1.2
20201111,22,CO_24h,怒江州,0.95
20201111,23,AQI,怒江州,76.0
20201111,23,PM2.5,怒江州,56.0
20201111,23,PM2.5_24h,怒江州,30.0
20201111,23,PM10,怒江州,90.0
20201111,23,PM10_24h,怒江州,59.0
20201111,23,SO2,怒江州,9.0
20201111,23,SO2_24h,怒江州,8.0
20201111,23,NO2,怒江州,35.0
20201111,23,NO2_24h,怒江州,24.0
20201111,23,O3,怒江州,19.0
20201111,23,O3_24h,怒江州,82.0
20201111,23,O3_8h,怒江州,39.0
20201111,23,O3_8h_24h,怒江州,59.0
20201111,23,CO,怒江州,1.1
20201111,23,CO_24h,怒江州,1.0
20201111,0,AQI,迪庆州,46.0
20201111,0,PM2.5,迪庆州,32.0
20201111,0,PM2.5_24h,迪庆州,20.0
20201111,0,PM10,迪庆州,45.0
20201111,0,PM10_24h,迪庆州,32.0
20201111,0,SO2,迪庆州,8.0
20201111,0,SO2_24h,迪庆州,8.0
20201111,0,NO2,迪庆州,20.0
20201111,0,NO2_24h,迪庆州,15.0
20201111,0,O3,迪庆州,31.0
20201111,0,O3_24h,迪庆州,85.0
20201111,0,O3_8h,迪庆州,55.0
20201111,0,O3_8h_24h,迪庆州,78.0
20201111,0,CO,迪庆州,0.9
20201111,0,CO_24h,迪庆州,0.7
20201111,1,AQI,迪庆州,42.0
20201111,1,PM2.5,迪庆州,25.0
20201111,1,PM2.5_24h,迪庆州,20.0
20201111,1,PM10,迪庆州,42.0
20201111,1,PM10_24h,迪庆州,31.0
20201111,1,SO2,迪庆州,8.0
20201111,1,SO2_24h,迪庆州,8.0
20201111,1,NO2,迪庆州,16.0
20201111,1,NO2_24h,迪庆州,15.0
20201111,1,O3,迪庆州,33.0
20201111,1,O3_24h,迪庆州,85.0
20201111,1,O3_8h,迪庆州,33.0
20201111,1,O3_8h_24h,迪庆州,33.0
20201111,1,CO,迪庆州,0.8
20201111,1,CO_24h,迪庆州,0.7
20201111,2,AQI,迪庆州,40.0
20201111,2,PM2.5,迪庆州,24.0
20201111,2,PM2.5_24h,迪庆州,20.0
20201111,2,PM10,迪庆州,40.0
20201111,2,PM10_24h,迪庆州,31.0
20201111,2,SO2,迪庆州,7.0
20201111,2,SO2_24h,迪庆州,8.0
20201111,2,NO2,迪庆州,13.0
20201111,2,NO2_24h,迪庆州,15.0
20201111,2,O3,迪庆州,33.0
20201111,2,O3_24h,迪庆州,85.0
20201111,2,O3_8h,迪庆州,32.0
20201111,2,O3_8h_24h,迪庆州,33.0
20201111,2,CO,迪庆州,0.75
20201111,2,CO_24h,迪庆州,0.7
20201111,3,AQI,迪庆州,33.0
20201111,3,PM2.5,迪庆州,19.0
20201111,3,PM2.5_24h,迪庆州,20.0
20201111,3,PM10,迪庆州,33.0
20201111,3,PM10_24h,迪庆州,31.0
20201111,3,SO2,迪庆州,7.0
20201111,3,SO2_24h,迪庆州,8.0
20201111,3,NO2,迪庆州,14.0
20201111,3,NO2_24h,迪庆州,15.0
20201111,3,O3,迪庆州,29.0
20201111,3,O3_24h,迪庆州,85.0
20201111,3,O3_8h,迪庆州,31.0
20201111,3,O3_8h_24h,迪庆州,33.0
20201111,3,CO,迪庆州,0.7
20201111,3,CO_24h,迪庆州,0.7
20201111,4,AQI,迪庆州,29.0
20201111,4,PM2.5,迪庆州,15.0
20201111,4,PM2.5_24h,迪庆州,20.0
20201111,4,PM10,迪庆州,29.0
20201111,4,PM10_24h,迪庆州,31.0
20201111,4,SO2,迪庆州,7.0
20201111,4,SO2_24h,迪庆州,8.0
20201111,4,NO2,迪庆州,11.0
20201111,4,NO2_24h,迪庆州,15.0
20201111,4,O3,迪庆州,29.0
20201111,4,O3_24h,迪庆州,85.0
20201111,4,O3_8h,迪庆州,31.0
20201111,4,O3_8h_24h,迪庆州,33.0
20201111,4,CO,迪庆州,0.65
20201111,4,CO_24h,迪庆州,0.7
20201111,5,AQI,迪庆州,26.0
20201111,5,PM2.5,迪庆州,18.0
20201111,5,PM2.5_24h,迪庆州,20.0
20201111,5,PM10,迪庆州,25.0
20201111,5,PM10_24h,迪庆州,32.0
20201111,5,SO2,迪庆州,7.0
20201111,5,SO2_24h,迪庆州,8.0
20201111,5,NO2,迪庆州,10.0
20201111,5,NO2_24h,迪庆州,15.0
20201111,5,O3,迪庆州,29.0
20201111,5,O3_24h,迪庆州,85.0
20201111,5,O3_8h,迪庆州,31.0
20201111,5,O3_8h_24h,迪庆州,33.0
20201111,5,CO,迪庆州,0.55
20201111,5,CO_24h,迪庆州,0.7
20201111,6,AQI,迪庆州,26.0
20201111,6,PM2.5,迪庆州,18.0
20201111,6,PM2.5_24h,迪庆州,21.0
20201111,6,PM10,迪庆州,20.0
20201111,6,PM10_24h,迪庆州,32.0
20201111,6,SO2,迪庆州,7.0
20201111,6,SO2_24h,迪庆州,8.0
20201111,6,NO2,迪庆州,8.0
20201111,6,NO2_24h,迪庆州,15.0
20201111,6,O3,迪庆州,27.0
20201111,6,O3_24h,迪庆州,85.0
20201111,6,O3_8h,迪庆州,30.0
20201111,6,O3_8h_24h,迪庆州,33.0
20201111,6,CO,迪庆州,0.55
20201111,6,CO_24h,迪庆州,0.75
20201111,8,AQI,迪庆州,24.0
20201111,8,PM2.5,迪庆州,17.0
20201111,8,PM2.5_24h,迪庆州,21.0
20201111,8,PM10,迪庆州,24.0
20201111,8,PM10_24h,迪庆州,32.0
20201111,8,SO2,迪庆州,8.0
20201111,8,SO2_24h,迪庆州,8.0
20201111,8,NO2,迪庆州,14.0
20201111,8,NO2_24h,迪庆州,15.0
20201111,8,O3,迪庆州,24.0
20201111,8,O3_24h,迪庆州,85.0
20201111,8,O3_8h,迪庆州,29.0
20201111,8,O3_8h_24h,迪庆州,33.0
20201111,8,CO,迪庆州,0.75
20201111,8,CO_24h,迪庆州,0.75
20201111,10,AQI,迪庆州,55.0
20201111,10,PM2.5,迪庆州,39.0
20201111,10,PM2.5_24h,迪庆州,22.0
20201111,10,PM10,迪庆州,51.0
20201111,10,PM10_24h,迪庆州,33.0
20201111,10,SO2,迪庆州,10.0
20201111,10,SO2_24h,迪庆州,8.0
20201111,10,NO2,迪庆州,19.0
20201111,10,NO2_24h,迪庆州,15.0
20201111,10,O3,迪庆州,34.0
20201111,10,O3_24h,迪庆州,85.0
20201111,10,O3_8h,迪庆州,28.0
20201111,10,O3_8h_24h,迪庆州,33.0
20201111,10,CO,迪庆州,1.05
20201111,10,CO_24h,迪庆州,0.75
20201111,11,AQI,迪庆州,52.0
20201111,11,PM2.5,迪庆州,36.0
20201111,11,PM2.5_24h,迪庆州,21.0
20201111,11,PM10,迪庆州,53.0
20201111,11,PM10_24h,迪庆州,33.0
20201111,11,SO2,迪庆州,10.0
20201111,11,SO2_24h,迪庆州,8.0
20201111,11,NO2,迪庆州,20.0
20201111,11,NO2_24h,迪庆州,15.0
20201111,11,O3,迪庆州,53.0
20201111,11,O3_24h,迪庆州,85.0
20201111,11,O3_8h,迪庆州,30.0
20201111,11,O3_8h_24h,迪庆州,33.0
20201111,11,CO,迪庆州,0.9
20201111,11,CO_24h,迪庆州,0.75
20201111,12,AQI,迪庆州,54.0
20201111,12,PM2.5,迪庆州,30.0
20201111,12,PM2.5_24h,迪庆州,21.0
20201111,12,PM10,迪庆州,58.0
20201111,12,PM10_24h,迪庆州,33.0
20201111,12,SO2,迪庆州,10.0
20201111,12,SO2_24h,迪庆州,8.0
20201111,12,NO2,迪庆州,15.0
20201111,12,NO2_24h,迪庆州,15.0
20201111,12,O3,迪庆州,72.0
20201111,12,O3_24h,迪庆州,85.0
20201111,12,O3_8h,迪庆州,36.0
20201111,12,O3_8h_24h,迪庆州,36.0
20201111,12,CO,迪庆州,0.75
20201111,12,CO_24h,迪庆州,0.75
20201111,13,AQI,迪庆州,43.0
20201111,13,PM2.5,迪庆州,15.0
20201111,13,PM2.5_24h,迪庆州,21.0
20201111,13,PM10,迪庆州,43.0
20201111,13,PM10_24h,迪庆州,33.0
20201111,13,SO2,迪庆州,7.0
20201111,13,SO2_24h,迪庆州,8.0
20201111,13,NO2,迪庆州,8.0
20201111,13,NO2_24h,迪庆州,14.0
20201111,13,O3,迪庆州,83.0
20201111,13,O3_24h,迪庆州,85.0
20201111,13,O3_8h,迪庆州,42.0
20201111,13,O3_8h_24h,迪庆州,42.0
20201111,13,CO,迪庆州,0.6
20201111,13,CO_24h,迪庆州,0.75
20201111,14,AQI,迪庆州,29.0
20201111,14,PM2.5,迪庆州,8.0
20201111,14,PM2.5_24h,迪庆州,21.0
20201111,14,PM10,迪庆州,29.0
20201111,14,PM10_24h,迪庆州,33.0
20201111,14,SO2,迪庆州,7.0
20201111,14,SO2_24h,迪庆州,8.0
20201111,14,NO2,迪庆州,7.0
20201111,14,NO2_24h,迪庆州,14.0
20201111,14,O3,迪庆州,86.0
20201111,14,O3_24h,迪庆州,87.0
20201111,14,O3_8h,迪庆州,50.0
20201111,14,O3_8h_24h,迪庆州,50.0
20201111,14,CO,迪庆州,0.5
20201111,14,CO_24h,迪庆州,0.75
20201111,15,AQI,迪庆州,27.0
20201111,15,PM2.5,迪庆州,6.0
20201111,15,PM2.5_24h,迪庆州,21.0
20201111,15,PM10,迪庆州,24.0
20201111,15,PM10_24h,迪庆州,33.0
20201111,15,SO2,迪庆州,7.0
20201111,15,SO2_24h,迪庆州,8.0
20201111,15,NO2,迪庆州,7.0
20201111,15,NO2_24h,迪庆州,15.0
20201111,15,O3,迪庆州,85.0
20201111,15,O3_24h,迪庆州,86.0
20201111,15,O3_8h,迪庆州,57.0
20201111,15,O3_8h_24h,迪庆州,57.0
20201111,15,CO,迪庆州,0.5
20201111,15,CO_24h,迪庆州,0.75
20201111,16,AQI,迪庆州,27.0
20201111,16,PM2.5,迪庆州,4.0
20201111,16,PM2.5_24h,迪庆州,21.0
20201111,16,PM10,迪庆州,16.0
20201111,16,PM10_24h,迪庆州,33.0
20201111,16,SO2,迪庆州,7.0
20201111,16,SO2_24h,迪庆州,8.0
20201111,16,NO2,迪庆州,5.0
20201111,16,NO2_24h,迪庆州,15.0
20201111,16,O3,迪庆州,85.0
20201111,16,O3_24h,迪庆州,86.0
20201111,16,O3_8h,迪庆州,65.0
20201111,16,O3_8h_24h,迪庆州,65.0
20201111,16,CO,迪庆州,0.5
20201111,16,CO_24h,迪庆州,0.75
20201111,17,AQI,迪庆州,25.0
20201111,17,PM2.5,迪庆州,5.0
20201111,17,PM2.5_24h,迪庆州,21.0
20201111,17,PM10,迪庆州,13.0
20201111,17,PM10_24h,迪庆州,33.0
20201111,17,SO2,迪庆州,7.0
20201111,17,SO2_24h,迪庆州,8.0
20201111,17,NO2,迪庆州,7.0
20201111,17,NO2_24h,迪庆州,15.0
20201111,17,O3,迪庆州,79.0
20201111,17,O3_24h,迪庆州,86.0
20201111,17,O3_8h,迪庆州,72.0
20201111,17,O3_8h_24h,迪庆州,72.0
20201111,17,CO,迪庆州,0.55
20201111,17,CO_24h,迪庆州,0.75
20201111,18,AQI,迪庆州,23.0
20201111,18,PM2.5,迪庆州,8.0
20201111,18,PM2.5_24h,迪庆州,20.0
20201111,18,PM10,迪庆州,18.0
20201111,18,PM10_24h,迪庆州,33.0
20201111,18,SO2,迪庆州,7.0
20201111,18,SO2_24h,迪庆州,8.0
20201111,18,NO2,迪庆州,8.0
20201111,18,NO2_24h,迪庆州,15.0
20201111,18,O3,迪庆州,74.0
20201111,18,O3_24h,迪庆州,86.0
20201111,18,O3_8h,迪庆州,77.0
20201111,18,O3_8h_24h,迪庆州,77.0
20201111,18,CO,迪庆州,0.6
20201111,18,CO_24h,迪庆州,0.75
20201111,19,AQI,迪庆州,21.0
20201111,19,PM2.5,迪庆州,12.0
20201111,19,PM2.5_24h,迪庆州,20.0
20201111,19,PM10,迪庆州,20.0
20201111,19,PM10_24h,迪庆州,33.0
20201111,19,SO2,迪庆州,7.0
20201111,19,SO2_24h,迪庆州,8.0
20201111,19,NO2,迪庆州,12.0
20201111,19,NO2_24h,迪庆州,14.0
20201111,19,O3,迪庆州,67.0
20201111,19,O3_24h,迪庆州,86.0
20201111,19,O3_8h,迪庆州,79.0
20201111,19,O3_8h_24h,迪庆州,79.0
20201111,19,CO,迪庆州,0.65
20201111,19,CO_24h,迪庆州,0.75
20201111,20,AQI,迪庆州,24.0
20201111,20,PM2.5,迪庆州,17.0
20201111,20,PM2.5_24h,迪庆州,20.0
20201111,20,PM10,迪庆州,15.0
20201111,20,PM10_24h,迪庆州,33.0
20201111,20,SO2,迪庆州,9.0
20201111,20,SO2_24h,迪庆州,8.0
20201111,20,NO2,迪庆州,14.0
20201111,20,NO2_24h,迪庆州,14.0
20201111,20,O3,迪庆州,64.0
20201111,20,O3_24h,迪庆州,86.0
20201111,20,O3_8h,迪庆州,78.0
20201111,20,O3_8h_24h,迪庆州,79.0
20201111,20,CO,迪庆州,0.65
20201111,20,CO_24h,迪庆州,0.75
20201111,21,AQI,迪庆州,27.0
20201111,21,PM2.5,迪庆州,19.0
20201111,21,PM2.5_24h,迪庆州,20.0
20201111,21,PM10,迪庆州,21.0
20201111,21,PM10_24h,迪庆州,32.0
20201111,21,SO2,迪庆州,10.0
20201111,21,SO2_24h,迪庆州,8.0
20201111,21,NO2,迪庆州,19.0
20201111,21,NO2_24h,迪庆州,14.0
20201111,21,O3,迪庆州,59.0
20201111,21,O3_24h,迪庆州,86.0
20201111,21,O3_8h,迪庆州,75.0
20201111,21,O3_8h_24h,迪庆州,79.0
20201111,21,CO,迪庆州,0.9
20201111,21,CO_24h,迪庆州,0.75
20201111,22,AQI,迪庆州,32.0
20201111,22,PM2.5,迪庆州,20.0
20201111,22,PM2.5_24h,迪庆州,19.0
20201111,22,PM10,迪庆州,32.0
20201111,22,PM10_24h,迪庆州,31.0
20201111,22,SO2,迪庆州,10.0
20201111,22,SO2_24h,迪庆州,8.0
20201111,22,NO2,迪庆州,25.0
20201111,22,NO2_24h,迪庆州,14.0
20201111,22,O3,迪庆州,47.0
20201111,22,O3_24h,迪庆州,86.0
20201111,22,O3_8h,迪庆州,70.0
20201111,22,O3_8h_24h,迪庆州,79.0
20201111,22,CO,迪庆州,1.1
20201111,22,CO_24h,迪庆州,0.75
20201111,23,AQI,迪庆州,41.0
20201111,23,PM2.5,迪庆州,22.0
20201111,23,PM2.5_24h,迪庆州,19.0
20201111,23,PM10,迪庆州,41.0
20201111,23,PM10_24h,迪庆州,31.0
20201111,23,SO2,迪庆州,9.0
20201111,23,SO2_24h,迪庆州,8.0
20201111,23,NO2,迪庆州,26.0
20201111,23,NO2_24h,迪庆州,14.0
20201111,23,O3,迪庆州,38.0
20201111,23,O3_24h,迪庆州,86.0
20201111,23,O3_8h,迪庆州,64.0
20201111,23,O3_8h_24h,迪庆州,79.0
20201111,23,CO,迪庆州,1.15
20201111,23,CO_24h,迪庆州,0.75
20201111,0,AQI,昌都,63.0
20201111,0,PM2.5,昌都,26.0
20201111,0,PM2.5_24h,昌都,16.0
20201111,0,PM10,昌都,75.0
20201111,0,PM10_24h,昌都,36.0
20201111,0,SO2,昌都,10.0
20201111,0,SO2_24h,昌都,12.0
20201111,0,NO2,昌都,22.0
20201111,0,NO2_24h,昌都,22.0
20201111,0,O3,昌都,22.0
20201111,0,O3_24h,昌都,75.0
20201111,0,O3_8h,昌都,26.0
20201111,0,O3_8h_24h,昌都,60.0
20201111,0,CO,昌都,0.9
20201111,0,CO_24h,昌都,1.1
20201111,1,AQI,昌都,40.0
20201111,1,PM2.5,昌都,9.0
20201111,1,PM2.5_24h,昌都,16.0
20201111,1,PM10,昌都,40.0
20201111,1,PM10_24h,昌都,37.0
20201111,1,SO2,昌都,7.0
20201111,1,SO2_24h,昌都,12.0
20201111,1,NO2,昌都,19.0
20201111,1,NO2_24h,昌都,22.0
20201111,1,O3,昌都,26.0
20201111,1,O3_24h,昌都,75.0
20201111,1,O3_8h,昌都,26.0
20201111,1,O3_8h_24h,昌都,26.0
20201111,1,CO,昌都,0.8
20201111,1,CO_24h,昌都,1.1
20201111,2,AQI,昌都,27.0
20201111,2,PM2.5,昌都,10.0
20201111,2,PM2.5_24h,昌都,16.0
20201111,2,PM10,昌都,27.0
20201111,2,PM10_24h,昌都,37.0
20201111,2,SO2,昌都,9.0
20201111,2,SO2_24h,昌都,12.0
20201111,2,NO2,昌都,15.0
20201111,2,NO2_24h,昌都,22.0
20201111,2,O3,昌都,28.0
20201111,2,O3_24h,昌都,75.0
20201111,2,O3_8h,昌都,27.0
20201111,2,O3_8h_24h,昌都,27.0
20201111,2,CO,昌都,0.7
20201111,2,CO_24h,昌都,1.1
20201111,3,AQI,昌都,24.0
20201111,3,PM2.5,昌都,12.0
20201111,3,PM2.5_24h,昌都,17.0
20201111,3,PM10,昌都,24.0
20201111,3,PM10_24h,昌都,38.0
20201111,3,SO2,昌都,8.0
20201111,3,SO2_24h,昌都,12.0
20201111,3,NO2,昌都,11.0
20201111,3,NO2_24h,昌都,22.0
20201111,3,O3,昌都,30.0
20201111,3,O3_24h,昌都,75.0
20201111,3,O3_8h,昌都,28.0
20201111,3,O3_8h_24h,昌都,28.0
20201111,3,CO,昌都,0.6
20201111,3,CO_24h,昌都,1.1
20201111,4,AQI,昌都,19.0
20201111,4,PM2.5,昌都,13.0
20201111,4,PM2.5_24h,昌都,17.0
20201111,4,PM10,昌都,14.0
20201111,4,PM10_24h,昌都,38.0
20201111,4,SO2,昌都,9.0
20201111,4,SO2_24h,昌都,12.0
20201111,4,NO2,昌都,11.0
20201111,4,NO2_24h,昌都,23.0
20201111,4,O3,昌都,28.0
20201111,4,O3_24h,昌都,75.0
20201111,4,O3_8h,昌都,28.0
20201111,4,O3_8h_24h,昌都,28.0
20201111,4,CO,昌都,0.6
20201111,4,CO_24h,昌都,1.1
20201111,5,AQI,昌都,16.0
20201111,5,PM2.5,昌都,2.0
20201111,5,PM2.5_24h,昌都,17.0
20201111,5,PM10,昌都,16.0
20201111,5,PM10_24h,昌都,38.0
20201111,5,SO2,昌都,10.0
20201111,5,SO2_24h,昌都,12.0
20201111,5,NO2,昌都,5.0
20201111,5,NO2_24h,昌都,23.0
20201111,5,O3,昌都,32.0
20201111,5,O3_24h,昌都,75.0
20201111,5,O3_8h,昌都,29.0
20201111,5,O3_8h_24h,昌都,29.0
20201111,5,CO,昌都,0.6
20201111,5,CO_24h,昌都,1.1
20201111,6,AQI,昌都,19.0
20201111,6,PM2.5,昌都,2.0
20201111,6,PM2.5_24h,昌都,17.0
20201111,6,PM10,昌都,19.0
20201111,6,PM10_24h,昌都,38.0
20201111,6,SO2,昌都,10.0
20201111,6,SO2_24h,昌都,12.0
20201111,6,NO2,昌都,9.0
20201111,6,NO2_24h,昌都,23.0
20201111,6,O3,昌都,28.0
20201111,6,O3_24h,昌都,75.0
20201111,6,O3_8h,昌都,29.0
20201111,6,O3_8h_24h,昌都,29.0
20201111,6,CO,昌都,0.6
20201111,6,CO_24h,昌都,1.1
20201111,8,AQI,昌都,19.0
20201111,8,PM2.5,昌都,9.0
20201111,8,PM2.5_24h,昌都,17.0
20201111,8,PM10,昌都,19.0
20201111,8,PM10_24h,昌都,39.0
20201111,8,SO2,昌都,10.0
20201111,8,SO2_24h,昌都,12.0
20201111,8,NO2,昌都,15.0
20201111,8,NO2_24h,昌都,23.0
20201111,8,O3,昌都,25.0
20201111,8,O3_24h,昌都,75.0
20201111,8,O3_8h,昌都,28.0
20201111,8,O3_8h_24h,昌都,29.0
20201111,8,CO,昌都,0.8
20201111,8,CO_24h,昌都,1.1
20201111,10,AQI,昌都,36.0
20201111,10,PM2.5,昌都,12.0
20201111,10,PM2.5_24h,昌都,17.0
20201111,10,PM10,昌都,36.0
20201111,10,PM10_24h,昌都,40.0
20201111,10,SO2,昌都,12.0
20201111,10,SO2_24h,昌都,12.0
20201111,10,NO2,昌都,12.0
20201111,10,NO2_24h,昌都,23.0
20201111,10,O3,昌都,31.0
20201111,10,O3_24h,昌都,75.0
20201111,10,O3_8h,昌都,28.0
20201111,10,O3_8h_24h,昌都,29.0
20201111,10,CO,昌都,1.1
20201111,10,CO_24h,昌都,1.1
20201111,11,AQI,昌都,37.0
20201111,11,PM2.5,昌都,12.0
20201111,11,PM2.5_24h,昌都,17.0
20201111,11,PM10,昌都,37.0
20201111,11,PM10_24h,昌都,40.0
20201111,11,SO2,昌都,11.0
20201111,11,SO2_24h,昌都,12.0
20201111,11,NO2,昌都,9.0
20201111,11,NO2_24h,昌都,23.0
20201111,11,O3,昌都,39.0
20201111,11,O3_24h,昌都,75.0
20201111,11,O3_8h,昌都,29.0
20201111,11,O3_8h_24h,昌都,29.0
20201111,11,CO,昌都,1.0
20201111,11,CO_24h,昌都,1.1
20201111,12,AQI,昌都,32.0
20201111,12,PM2.5,昌都,20.0
20201111,12,PM2.5_24h,昌都,17.0
20201111,12,PM10,昌都,32.0
20201111,12,PM10_24h,昌都,40.0
20201111,12,SO2,昌都,13.0
20201111,12,SO2_24h,昌都,12.0
20201111,12,NO2,昌都,8.0
20201111,12,NO2_24h,昌都,24.0
20201111,12,O3,昌都,49.0
20201111,12,O3_24h,昌都,75.0
20201111,12,O3_8h,昌都,32.0
20201111,12,O3_8h_24h,昌都,32.0
20201111,12,CO,昌都,0.9
20201111,12,CO_24h,昌都,1.1
20201111,13,AQI,昌都,35.0
20201111,13,PM2.5,昌都,12.0
20201111,13,PM2.5_24h,昌都,17.0
20201111,13,PM10,昌都,35.0
20201111,13,PM10_24h,昌都,40.0
20201111,13,SO2,昌都,12.0
20201111,13,SO2_24h,昌都,12.0
20201111,13,NO2,昌都,5.0
20201111,13,NO2_24h,昌都,24.0
20201111,13,O3,昌都,57.0
20201111,13,O3_24h,昌都,75.0
20201111,13,O3_8h,昌都,35.0
20201111,13,O3_8h_24h,昌都,35.0
20201111,13,CO,昌都,0.7
20201111,13,CO_24h,昌都,1.1
20201111,14,AQI,昌都,22.0
20201111,14,PM2.5,昌都,6.0
20201111,14,PM2.5_24h,昌都,17.0
20201111,14,PM10,昌都,22.0
20201111,14,PM10_24h,昌都,40.0
20201111,14,SO2,昌都,11.0
20201111,14,SO2_24h,昌都,12.0
20201111,14,NO2,昌都,2.0
20201111,14,NO2_24h,昌都,24.0
20201111,14,O3,昌都,66.0
20201111,14,O3_24h,昌都,75.0
20201111,14,O3_8h,昌都,40.0
20201111,14,O3_8h_24h,昌都,40.0
20201111,14,CO,昌都,0.6
20201111,14,CO_24h,昌都,1.1
20201111,15,AQI,昌都,22.0
20201111,15,PM2.5,昌都,9.0
20201111,15,PM2.5_24h,昌都,17.0
20201111,15,PM10,昌都,14.0
20201111,15,PM10_24h,昌都,40.0
20201111,15,SO2,昌都,10.0
20201111,15,SO2_24h,昌都,12.0
20201111,15,NO2,昌都,2.0
20201111,15,NO2_24h,昌都,24.0
20201111,15,O3,昌都,69.0
20201111,15,O3_24h,昌都,72.0
20201111,15,O3_8h,昌都,45.0
20201111,15,O3_8h_24h,昌都,45.0
20201111,15,CO,昌都,0.7
20201111,15,CO_24h,昌都,1.1
20201111,16,AQI,昌都,25.0
20201111,16,PM2.5,昌都,3.0
20201111,16,PM2.5_24h,昌都,17.0
20201111,16,PM10,昌都,25.0
20201111,16,PM10_24h,昌都,40.0
20201111,16,SO2,昌都,11.0
20201111,16,SO2_24h,昌都,12.0
20201111,16,NO2,昌都,4.0
20201111,16,NO2_24h,昌都,24.0
20201111,16,O3,昌都,77.0
20201111,16,O3_24h,昌都,77.0
20201111,16,O3_8h,昌都,51.0
20201111,16,O3_8h_24h,昌都,51.0
20201111,16,CO,昌都,0.6
20201111,16,CO_24h,昌都,1.1
20201111,17,AQI,昌都,20.0
20201111,17,PM2.5_24h,昌都,17.0
20201111,17,PM10,昌都,13.0
20201111,17,PM10_24h,昌都,39.0
20201111,17,SO2,昌都,10.0
20201111,17,SO2_24h,昌都,11.0
20201111,17,NO2,昌都,15.0
20201111,17,NO2_24h,昌都,24.0
20201111,17,O3,昌都,65.0
20201111,17,O3_24h,昌都,77.0
20201111,17,O3_8h,昌都,57.0
20201111,17,O3_8h_24h,昌都,57.0
20201111,17,CO,昌都,0.7
20201111,17,CO_24h,昌都,1.1
20201111,18,AQI,昌都,26.0
20201111,18,PM2.5,昌都,9.0
20201111,18,PM2.5_24h,昌都,17.0
20201111,18,PM10,昌都,26.0
20201111,18,PM10_24h,昌都,39.0
20201111,18,SO2,昌都,9.0
20201111,18,SO2_24h,昌都,11.0
20201111,18,NO2,昌都,27.0
20201111,18,NO2_24h,昌都,23.0
20201111,18,O3,昌都,49.0
20201111,18,O3_24h,昌都,77.0
20201111,18,O3_8h,昌都,59.0
20201111,18,O3_8h_24h,昌都,59.0
20201111,18,CO,昌都,1.0
20201111,18,CO_24h,昌都,1.1
20201111,19,AQI,昌都,37.0
20201111,19,PM2.5,昌都,21.0
20201111,19,PM2.5_24h,昌都,17.0
20201111,19,PM10,昌都,37.0
20201111,19,PM10_24h,昌都,39.0
20201111,19,SO2,昌都,15.0
20201111,19,SO2_24h,昌都,11.0
20201111,19,NO2,昌都,64.0
20201111,19,NO2_24h,昌都,23.0
20201111,19,O3,昌都,22.0
20201111,19,O3_24h,昌都,77.0
20201111,19,O3_8h,昌都,57.0
20201111,19,O3_8h_24h,昌都,59.0
20201111,19,CO,昌都,1.6
20201111,19,CO_24h,昌都,1.1
20201111,20,AQI,昌都,79.0
20201111,20,PM2.5,昌都,33.0
20201111,20,PM2.5_24h,昌都,16.0
20201111,20,PM10,昌都,108.0
20201111,20,PM10_24h,昌都,41.0
20201111,20,SO2,昌都,12.0
20201111,20,SO2_24h,昌都,11.0
20201111,20,NO2,昌都,57.0
20201111,20,NO2_24h,昌都,22.0
20201111,20,O3,昌都,23.0
20201111,20,O3_24h,昌都,77.0
20201111,20,O3_8h,昌都,54.0
20201111,20,O3_8h_24h,昌都,59.0
20201111,20,CO,昌都,1.2
20201111,20,CO_24h,昌都,1.0
20201111,21,AQI,昌都,60.0
20201111,21,PM2.5,昌都,43.0
20201111,21,PM2.5_24h,昌都,17.0
20201111,21,PM10,昌都,68.0
20201111,21,PM10_24h,昌都,42.0
20201111,21,SO2,昌都,17.0
20201111,21,SO2_24h,昌都,11.0
20201111,21,NO2,昌都,83.0
20201111,21,NO2_24h,昌都,22.0
20201111,21,O3,昌都,18.0
20201111,21,O3_24h,昌都,77.0
20201111,21,O3_8h,昌都,49.0
20201111,21,O3_8h_24h,昌都,59.0
20201111,21,CO,昌都,2.8
20201111,21,CO_24h,昌都,1.0
20201111,22,AQI,昌都,87.0
20201111,22,PM2.5,昌都,64.0
20201111,22,PM2.5_24h,昌都,16.0
20201111,22,PM10,昌都,124.0
20201111,22,PM10_24h,昌都,40.0
20201111,22,SO2,昌都,15.0
20201111,22,SO2_24h,昌都,11.0
20201111,22,NO2,昌都,74.0
20201111,22,NO2_24h,昌都,23.0
20201111,22,O3,昌都,9.0
20201111,22,O3_24h,昌都,77.0
20201111,22,O3_8h,昌都,42.0
20201111,22,O3_8h_24h,昌都,59.0
20201111,22,CO,昌都,2.3
20201111,22,CO_24h,昌都,1.0
20201111,23,AQI,昌都,76.0
20201111,23,PM2.5,昌都,46.0
20201111,23,PM2.5_24h,昌都,16.0
20201111,23,PM10,昌都,102.0
20201111,23,PM10_24h,昌都,40.0
20201111,23,SO2,昌都,12.0
20201111,23,SO2_24h,昌都,11.0
20201111,23,NO2,昌都,53.0
20201111,23,NO2_24h,昌都,23.0
20201111,23,O3,昌都,8.0
20201111,23,O3_24h,昌都,77.0
20201111,23,O3_8h,昌都,34.0
20201111,23,O3_8h_24h,昌都,59.0
20201111,23,CO,昌都,1.7
20201111,23,CO_24h,昌都,1.0
20201111,0,AQI,山南,25.0
20201111,0,PM2.5,山南,10.0
20201111,0,PM2.5_24h,山南,14.0
20201111,0,PM10,山南,25.0
20201111,0,PM10_24h,山南,37.0
20201111,0,SO2,山南,5.0
20201111,0,SO2_24h,山南,6.0
20201111,0,NO2,山南,25.0
20201111,0,NO2_24h,山南,28.0
20201111,0,O3,山南,56.0
20201111,0,O3_24h,山南,84.0
20201111,0,O3_8h,山南,54.0
20201111,0,O3_8h_24h,山南,74.0
20201111,0,CO,山南,0.5
20201111,0,CO_24h,山南,0.5
20201111,1,AQI,山南,20.0
20201111,1,PM2.5,山南,9.0
20201111,1,PM2.5_24h,山南,14.0
20201111,1,PM10,山南,20.0
20201111,1,PM10_24h,山南,36.0
20201111,1,SO2,山南,6.0
20201111,1,SO2_24h,山南,6.0
20201111,1,NO2,山南,18.0
20201111,1,NO2_24h,山南,28.0
20201111,1,O3,山南,62.0
20201111,1,O3_24h,山南,84.0
20201111,1,O3_8h,山南,62.0
20201111,1,O3_8h_24h,山南,62.0
20201111,1,CO,山南,0.45
20201111,1,CO_24h,山南,0.5
20201111,2,AQI,山南,18.0
20201111,2,PM2.5,山南,6.0
20201111,2,PM2.5_24h,山南,14.0
20201111,2,PM10,山南,14.0
20201111,2,PM10_24h,山南,35.0
20201111,2,SO2,山南,5.0
20201111,2,SO2_24h,山南,6.0
20201111,2,NO2,山南,19.0
20201111,2,NO2_24h,山南,27.0
20201111,2,O3,山南,59.0
20201111,2,O3_24h,山南,84.0
20201111,2,O3_8h,山南,60.0
20201111,2,O3_8h_24h,山南,62.0
20201111,2,CO,山南,0.4
20201111,2,CO_24h,山南,0.5
20201111,3,AQI,山南,19.0
20201111,3,PM2.5,山南,7.0
20201111,3,PM2.5_24h,山南,14.0
20201111,3,PM10,山南,13.0
20201111,3,PM10_24h,山南,34.0
20201111,3,SO2,山南,5.0
20201111,3,SO2_24h,山南,6.0
20201111,3,NO2,山南,14.0
20201111,3,NO2_24h,山南,26.0
20201111,3,O3,山南,61.0
20201111,3,O3_24h,山南,84.0
20201111,3,O3_8h,山南,61.0
20201111,3,O3_8h_24h,山南,62.0
20201111,3,CO,山南,0.4
20201111,3,CO_24h,山南,0.5
20201111,4,AQI,山南,16.0
20201111,4,PM2.5,山南,6.0
20201111,4,PM2.5_24h,山南,13.0
20201111,4,PM10,山南,13.0
20201111,4,PM10_24h,山南,33.0
20201111,4,SO2,山南,5.0
20201111,4,SO2_24h,山南,6.0
20201111,4,NO2,山南,17.0
20201111,4,NO2_24h,山南,26.0
20201111,4,O3,山南,51.0
20201111,4,O3_24h,山南,84.0
20201111,4,O3_8h,山南,58.0
20201111,4,O3_8h_24h,山南,62.0
20201111,4,CO,山南,0.45
20201111,4,CO_24h,山南,0.5
20201111,5,AQI,山南,13.0
20201111,5,PM2.5,山南,7.0
20201111,5,PM2.5_24h,山南,13.0
20201111,5,PM10,山南,13.0
20201111,5,PM10_24h,山南,33.0
20201111,5,SO2,山南,5.0
20201111,5,SO2_24h,山南,6.0
20201111,5,NO2,山南,16.0
20201111,5,NO2_24h,山南,26.0
20201111,5,O3,山南,42.0
20201111,5,O3_24h,山南,84.0
20201111,5,O3_8h,山南,55.0
20201111,5,O3_8h_24h,山南,62.0
20201111,5,CO,山南,0.45
20201111,5,CO_24h,山南,0.5
20201111,6,AQI,山南,12.0
20201111,6,PM2.5,山南,6.0
20201111,6,PM2.5_24h,山南,13.0
20201111,6,PM10,山南,12.0
20201111,6,PM10_24h,山南,32.0
20201111,6,SO2,山南,6.0
20201111,6,SO2_24h,山南,6.0
20201111,6,NO2,山南,15.0
20201111,6,NO2_24h,山南,25.0
20201111,6,O3,山南,39.0
20201111,6,O3_24h,山南,84.0
20201111,6,O3_8h,山南,52.0
20201111,6,O3_8h_24h,山南,62.0
20201111,6,CO,山南,0.45
20201111,6,CO_24h,山南,0.5
20201111,8,AQI,山南,29.0
20201111,8,PM2.5,山南,20.0
20201111,8,PM2.5_24h,山南,14.0
20201111,8,PM10,山南,14.0
20201111,8,PM10_24h,山南,31.0
20201111,8,SO2,山南,5.0
20201111,8,SO2_24h,山南,6.0
20201111,8,NO2,山南,17.0
20201111,8,NO2_24h,山南,25.0
20201111,8,O3,山南,36.0
20201111,8,O3_24h,山南,84.0
20201111,8,O3_8h,山南,49.0
20201111,8,O3_8h_24h,山南,62.0
20201111,8,CO,山南,0.45
20201111,8,CO_24h,山南,0.5
20201111,10,AQI,山南,78.0
20201111,10,PM2.5,山南,57.0
20201111,10,PM2.5_24h,山南,16.0
20201111,10,PM10,山南,47.0
20201111,10,PM10_24h,山南,31.0
20201111,10,SO2,山南,5.0
20201111,10,SO2_24h,山南,5.0
20201111,10,NO2,山南,26.0
20201111,10,NO2_24h,山南,25.0
20201111,10,O3,山南,33.0
20201111,10,O3_24h,山南,84.0
20201111,10,O3_8h,山南,41.0
20201111,10,O3_8h_24h,山南,62.0
20201111,10,CO,山南,0.65
20201111,10,CO_24h,山南,0.5
20201111,11,AQI,山南,64.0
20201111,11,PM2.5,山南,46.0
20201111,11,PM2.5_24h,山南,17.0
20201111,11,PM10,山南,40.0
20201111,11,PM10_24h,山南,30.0
20201111,11,SO2,山南,6.0
20201111,11,SO2_24h,山南,5.0
20201111,11,NO2,山南,19.0
20201111,11,NO2_24h,山南,24.0
20201111,11,O3,山南,46.0
20201111,11,O3_24h,山南,84.0
20201111,11,O3_8h,山南,39.0
20201111,11,O3_8h_24h,山南,62.0
20201111,11,CO,山南,0.5
20201111,11,CO_24h,山南,0.5
20201111,12,AQI,山南,24.0
20201111,12,PM2.5,山南,12.0
20201111,12,PM2.5_24h,山南,17.0
20201111,12,PM10,山南,24.0
20201111,12,PM10_24h,山南,30.0
20201111,12,SO2,山南,7.0
20201111,12,SO2_24h,山南,5.0
20201111,12,NO2,山南,17.0
20201111,12,NO2_24h,山南,24.0
20201111,12,O3,山南,58.0
20201111,12,O3_24h,山南,84.0
20201111,12,O3_8h,山南,40.0
20201111,12,O3_8h_24h,山南,62.0
20201111,12,CO,山南,0.45
20201111,12,CO_24h,山南,0.5
20201111,13,AQI,山南,21.0
20201111,13,PM2.5,山南,6.0
20201111,13,PM2.5_24h,山南,16.0
20201111,13,PM10,山南,21.0
20201111,13,PM10_24h,山南,30.0
20201111,13,SO2,山南,6.0
20201111,13,SO2_24h,山南,5.0
20201111,13,NO2,山南,15.0
20201111,13,NO2_24h,山南,24.0
20201111,13,O3,山南,66.0
20201111,13,O3_24h,山南,84.0
20201111,13,O3_8h,山南,43.0
20201111,13,O3_8h_24h,山南,62.0
20201111,13,CO,山南,0.45
20201111,13,CO_24h,山南,0.5
20201111,14,AQI,山南,23.0
20201111,14,PM2.5,山南,5.0
20201111,14,PM2.5_24h,山南,16.0
20201111,14,PM10,山南,15.0
20201111,14,PM10_24h,山南,30.0
20201111,14,SO2,山南,5.0
20201111,14,SO2_24h,山南,5.0
20201111,14,NO2,山南,13.0
20201111,14,NO2_24h,山南,24.0
20201111,14,O3,山南,75.0
20201111,14,O3_24h,山南,84.0
20201111,14,O3_8h,山南,47.0
20201111,14,O3_8h_24h,山南,62.0
20201111,14,CO,山南,0.45
20201111,14,CO_24h,山南,0.5
20201111,15,AQI,山南,26.0
20201111,15,PM2.5,山南,5.0
20201111,15,PM2.5_24h,山南,16.0
20201111,15,PM10,山南,15.0
20201111,15,PM10_24h,山南,30.0
20201111,15,SO2,山南,5.0
20201111,15,SO2_24h,山南,5.0
20201111,15,NO2,山南,11.0
20201111,15,NO2_24h,山南,24.0
20201111,15,O3,山南,82.0
20201111,15,O3_24h,山南,84.0
20201111,15,O3_8h,山南,53.0
20201111,15,O3_8h_24h,山南,62.0
20201111,15,CO,山南,0.45
20201111,15,CO_24h,山南,0.5
20201111,16,AQI,山南,26.0
20201111,16,PM2.5,山南,8.0
20201111,16,PM2.5_24h,山南,16.0
20201111,16,PM10,山南,15.0
20201111,16,PM10_24h,山南,30.0
20201111,16,SO2,山南,6.0
20201111,16,SO2_24h,山南,5.0
20201111,16,NO2,山南,13.0
20201111,16,NO2_24h,山南,24.0
20201111,16,O3,山南,83.0
20201111,16,O3_24h,山南,84.0
20201111,16,O3_8h,山南,59.0
20201111,16,O3_8h_24h,山南,62.0
20201111,16,CO,山南,0.45
20201111,16,CO_24h,山南,0.5
20201111,17,AQI,山南,26.0
20201111,17,PM2.5,山南,6.0
20201111,17,PM2.5_24h,山南,16.0
20201111,17,PM10,山南,12.0
20201111,17,PM10_24h,山南,30.0
20201111,17,SO2,山南,5.0
20201111,17,SO2_24h,山南,5.0
20201111,17,NO2,山南,15.0
20201111,17,NO2_24h,山南,24.0
20201111,17,O3,山南,83.0
20201111,17,O3_24h,山南,84.0
20201111,17,O3_8h,山南,66.0
20201111,17,O3_8h_24h,山南,66.0
20201111,17,CO,山南,0.45
20201111,17,CO_24h,山南,0.5
20201111,18,AQI,山南,24.0
20201111,18,PM2.5,山南,5.0
20201111,18,PM2.5_24h,山南,16.0
20201111,18,PM10,山南,19.0
20201111,18,PM10_24h,山南,30.0
20201111,18,SO2,山南,5.0
20201111,18,SO2_24h,山南,5.0
20201111,18,NO2,山南,22.0
20201111,18,NO2_24h,山南,24.0
20201111,18,O3,山南,77.0
20201111,18,O3_24h,山南,84.0
20201111,18,O3_8h,山南,72.0
20201111,18,O3_8h_24h,山南,72.0
20201111,18,CO,山南,0.45
20201111,18,CO_24h,山南,0.5
20201111,19,AQI,山南,28.0
20201111,19,PM2.5,山南,13.0
20201111,19,PM2.5_24h,山南,16.0
20201111,19,PM10,山南,28.0
20201111,19,PM10_24h,山南,30.0
20201111,19,SO2,山南,5.0
20201111,19,SO2_24h,山南,5.0
20201111,19,NO2,山南,52.0
20201111,19,NO2_24h,山南,25.0
20201111,19,O3,山南,47.0
20201111,19,O3_24h,山南,84.0
20201111,19,O3_8h,山南,71.0
20201111,19,O3_8h_24h,山南,72.0
20201111,19,CO,山南,0.65
20201111,19,CO_24h,山南,0.5
20201111,20,AQI,山南,74.0
20201111,20,PM2.5,山南,32.0
20201111,20,PM2.5_24h,山南,16.0
20201111,20,PM10,山南,97.0
20201111,20,PM10_24h,山南,30.0
20201111,20,SO2,山南,6.0
20201111,20,SO2_24h,山南,5.0
20201111,20,NO2,山南,79.0
20201111,20,NO2_24h,山南,25.0
20201111,20,O3,山南,17.0
20201111,20,O3_24h,山南,84.0
20201111,20,O3_8h,山南,66.0
20201111,20,O3_8h_24h,山南,72.0
20201111,20,CO,山南,0.95
20201111,20,CO_24h,山南,0.5
20201111,21,AQI,山南,65.0
20201111,21,PM2.5,山南,29.0
20201111,21,PM2.5_24h,山南,16.0
20201111,21,PM10,山南,79.0
20201111,21,PM10_24h,山南,28.0
20201111,21,SO2,山南,5.0
20201111,21,SO2_24h,山南,5.0
20201111,21,NO2,山南,65.0
20201111,21,NO2_24h,山南,24.0
20201111,21,O3,山南,26.0
20201111,21,O3_24h,山南,84.0
20201111,21,O3_8h,山南,61.0
20201111,21,O3_8h_24h,山南,72.0
20201111,21,CO,山南,0.95
20201111,21,CO_24h,山南,0.55
20201111,22,AQI,山南,51.0
20201111,22,PM2.5,山南,22.0
20201111,22,PM2.5_24h,山南,15.0
20201111,22,PM10,山南,51.0
20201111,22,PM10_24h,山南,28.0
20201111,22,SO2,山南,5.0
20201111,22,SO2_24h,山南,5.0
20201111,22,NO2,山南,48.0
20201111,22,NO2_24h,山南,25.0
20201111,22,O3,山南,35.0
20201111,22,O3_24h,山南,84.0
20201111,22,O3_8h,山南,57.0
20201111,22,O3_8h_24h,山南,72.0
20201111,22,CO,山南,0.8
20201111,22,CO_24h,山南,0.5
20201111,23,AQI,山南,45.0
20201111,23,PM2.5,山南,21.0
20201111,23,PM2.5_24h,山南,16.0
20201111,23,PM10,山南,45.0
20201111,23,PM10_24h,山南,28.0
20201111,23,SO2,山南,6.0
20201111,23,SO2_24h,山南,5.0
20201111,23,NO2,山南,48.0
20201111,23,NO2_24h,山南,26.0
20201111,23,O3,山南,31.0
20201111,23,O3_24h,山南,84.0
20201111,23,O3_8h,山南,50.0
20201111,23,O3_8h_24h,山南,72.0
20201111,23,CO,山南,0.65
20201111,23,CO_24h,山南,0.55
20201111,0,AQI,日喀则,123.0
20201111,0,PM2.5,日喀则,93.0
20201111,0,PM2.5_24h,日喀则,17.0
20201111,0,PM10,日喀则,144.0
20201111,0,PM10_24h,日喀则,33.0
20201111,0,SO2,日喀则,4.0
20201111,0,SO2_24h,日喀则,6.0
20201111,0,NO2,日喀则,53.0
20201111,0,NO2_24h,日喀则,20.0
20201111,0,O3,日喀则,10.0
20201111,0,O3_24h,日喀则,95.0
20201111,0,O3_8h,日喀则,50.0
20201111,0,O3_8h_24h,日喀则,83.0
20201111,0,CO,日喀则,1.5
20201111,0,CO_24h,日喀则,0.9
20201111,1,AQI,日喀则,68.0
20201111,1,PM2.5,日喀则,49.0
20201111,1,PM2.5_24h,日喀则,18.0
20201111,1,PM10,日喀则,80.0
20201111,1,PM10_24h,日喀则,35.0
20201111,1,SO2,日喀则,2.0
20201111,1,SO2_24h,日喀则,6.0
20201111,1,NO2,日喀则,29.0
20201111,1,NO2_24h,日喀则,20.0
20201111,1,O3,日喀则,19.0
20201111,1,O3_24h,日喀则,95.0
20201111,1,O3_8h,日喀则,19.0
20201111,1,O3_8h_24h,日喀则,19.0
20201111,1,CO,日喀则,1.0
20201111,1,CO_24h,日喀则,0.9
20201111,2,AQI,日喀则,48.0
20201111,2,PM2.5,日喀则,26.0
20201111,2,PM2.5_24h,日喀则,18.0
20201111,2,PM10,日喀则,48.0
20201111,2,PM10_24h,日喀则,35.0
20201111,2,SO2,日喀则,3.0
20201111,2,SO2_24h,日喀则,6.0
20201111,2,NO2,日喀则,20.0
20201111,2,NO2_24h,日喀则,20.0
20201111,2,O3,日喀则,27.0
20201111,2,O3_24h,日喀则,95.0
20201111,2,O3_8h,日喀则,23.0
20201111,2,O3_8h_24h,日喀则,23.0
20201111,2,CO,日喀则,0.8
20201111,2,CO_24h,日喀则,0.9
20201111,3,AQI,日喀则,32.0
20201111,3,PM2.5,日喀则,18.0
20201111,3,PM2.5_24h,日喀则,18.0
20201111,3,PM10,日喀则,32.0
20201111,3,PM10_24h,日喀则,35.0
20201111,3,SO2,日喀则,4.0
20201111,3,SO2_24h,日喀则,6.0
20201111,3,NO2,日喀则,16.0
20201111,3,NO2_24h,日喀则,21.0
20201111,3,O3,日喀则,31.0
20201111,3,O3_24h,日喀则,95.0
20201111,3,O3_8h,日喀则,26.0
20201111,3,O3_8h_24h,日喀则,26.0
20201111,3,CO,日喀则,0.8
20201111,3,CO_24h,日喀则,0.9
20201111,4,AQI,日喀则,24.0
20201111,4,PM2.5,日喀则,14.0
20201111,4,PM2.5_24h,日喀则,18.0
20201111,4,PM10,日喀则,24.0
20201111,4,PM10_24h,日喀则,35.0
20201111,4,SO2,日喀则,6.0
20201111,4,SO2_24h,日喀则,6.0
20201111,4,NO2,日喀则,10.0
20201111,4,NO2_24h,日喀则,21.0
20201111,4,O3,日喀则,36.0
20201111,4,O3_24h,日喀则,95.0
20201111,4,O3_8h,日喀则,28.0
20201111,4,O3_8h_24h,日喀则,28.0
20201111,4,CO,日喀则,0.6
20201111,4,CO_24h,日喀则,0.9
20201111,5,AQI,日喀则,17.0
20201111,5,PM2.5,日喀则,9.0
20201111,5,PM2.5_24h,日喀则,18.0
20201111,5,PM10,日喀则,17.0
20201111,5,PM10_24h,日喀则,35.0
20201111,5,SO2,日喀则,5.0
20201111,5,SO2_24h,日喀则,6.0
20201111,5,NO2,日喀则,9.0
20201111,5,NO2_24h,日喀则,21.0
20201111,5,O3,日喀则,33.0
20201111,5,O3_24h,日喀则,95.0
20201111,5,O3_8h,日喀则,29.0
20201111,5,O3_8h_24h,日喀则,29.0
20201111,5,CO,日喀则,0.7
20201111,5,CO_24h,日喀则,0.9
20201111,6,AQI,日喀则,27.0
20201111,6,PM2.5,日喀则,12.0
20201111,6,PM2.5_24h,日喀则,18.0
20201111,6,PM10,日喀则,27.0
20201111,6,PM10_24h,日喀则,35.0
20201111,6,SO2,日喀则,5.0
20201111,6,SO2_24h,日喀则,6.0
20201111,6,NO2,日喀则,26.0
20201111,6,NO2_24h,日喀则,22.0
20201111,6,O3,日喀则,10.0
20201111,6,O3_24h,日喀则,95.0
20201111,6,O3_8h,日喀则,26.0
20201111,6,O3_8h_24h,日喀则,29.0
20201111,6,CO,日喀则,0.9
20201111,6,CO_24h,日喀则,0.9
20201111,8,AQI,日喀则,43.0
20201111,8,PM2.5,日喀则,17.0
20201111,8,PM2.5_24h,日喀则,19.0
20201111,8,PM10,日喀则,43.0
20201111,8,PM10_24h,日喀则,37.0
20201111,8,SO2,日喀则,2.0
20201111,8,SO2_24h,日喀则,6.0
20201111,8,NO2,日喀则,31.0
20201111,8,NO2_24h,日喀则,24.0
20201111,8,O3,日喀则,12.0
20201111,8,O3_24h,日喀则,95.0
20201111,8,O3_8h,日喀则,22.0
20201111,8,O3_8h_24h,日喀则,29.0
20201111,8,CO,日喀则,0.8
20201111,8,CO_24h,日喀则,1.0
20201111,10,AQI,日喀则,58.0
20201111,10,PM2.5,日喀则,27.0
20201111,10,PM2.5_24h,日喀则,20.0
20201111,10,PM10,日喀则,66.0
20201111,10,PM10_24h,日喀则,38.0
20201111,10,SO2,日喀则,3.0
20201111,10,SO2_24h,日喀则,6.0
20201111,10,NO2,日喀则,28.0
20201111,10,NO2_24h,日喀则,24.0
20201111,10,O3,日喀则,19.0
20201111,10,O3_24h,日喀则,95.0
20201111,10,O3_8h,日喀则,21.0
20201111,10,O3_8h_24h,日喀则,29.0
20201111,10,CO,日喀则,1.1
20201111,10,CO_24h,日喀则,1.0
20201111,11,AQI,日喀则,55.0
20201111,11,PM2.5,日喀则,26.0
20201111,11,PM2.5_24h,日喀则,20.0
20201111,11,PM10,日喀则,59.0
20201111,11,PM10_24h,日喀则,39.0
20201111,11,SO2,日喀则,4.0
20201111,11,SO2_24h,日喀则,6.0
20201111,11,NO2,日喀则,9.0
20201111,11,NO2_24h,日喀则,24.0
20201111,11,O3,日喀则,44.0
20201111,11,O3_24h,日喀则,95.0
20201111,11,O3_8h,日喀则,23.0
20201111,11,O3_8h_24h,日喀则,29.0
20201111,11,CO,日喀则,0.6
20201111,11,CO_24h,日喀则,1.0
20201111,12,AQI,日喀则,27.0
20201111,12,PM2.5,日喀则,10.0
20201111,12,PM2.5_24h,日喀则,20.0
20201111,12,PM10,日喀则,27.0
20201111,12,PM10_24h,日喀则,40.0
20201111,12,SO2,日喀则,3.0
20201111,12,SO2_24h,日喀则,6.0
20201111,12,NO2,日喀则,5.0
20201111,12,NO2_24h,日喀则,24.0
20201111,12,O3,日喀则,62.0
20201111,12,O3_24h,日喀则,95.0
20201111,12,O3_8h,日喀则,26.0
20201111,12,O3_8h_24h,日喀则,29.0
20201111,12,CO,日喀则,0.6
20201111,12,CO_24h,日喀则,1.0
20201111,13,AQI,日喀则,23.0
20201111,13,PM2.5,日喀则,7.0
20201111,13,PM2.5_24h,日喀则,20.0
20201111,13,PM10,日喀则,21.0
20201111,13,PM10_24h,日喀则,39.0
20201111,13,SO2,日喀则,3.0
20201111,13,SO2_24h,日喀则,6.0
20201111,13,NO2,日喀则,5.0
20201111,13,NO2_24h,日喀则,24.0
20201111,13,O3,日喀则,72.0
20201111,13,O3_24h,日喀则,95.0
20201111,13,O3_8h,日喀则,31.0
20201111,13,O3_8h_24h,日喀则,31.0
20201111,13,CO,日喀则,0.5
20201111,13,CO_24h,日喀则,1.0
20201111,14,AQI,日喀则,24.0
20201111,14,PM2.5,日喀则,5.0
20201111,14,PM2.5_24h,日喀则,20.0
20201111,14,PM10,日喀则,17.0
20201111,14,PM10_24h,日喀则,39.0
20201111,14,SO2,日喀则,3.0
20201111,14,SO2_24h,日喀则,6.0
20201111,14,NO2,日喀则,4.0
20201111,14,NO2_24h,日喀则,24.0
20201111,14,O3,日喀则,76.0
20201111,14,O3_24h,日喀则,95.0
20201111,14,O3_8h,日喀则,39.0
20201111,14,O3_8h_24h,日喀则,39.0
20201111,14,CO,日喀则,0.5
20201111,14,CO_24h,日喀则,1.0
20201111,15,AQI,日喀则,26.0
20201111,15,PM2.5,日喀则,6.0
20201111,15,PM2.5_24h,日喀则,20.0
20201111,15,PM10,日喀则,17.0
20201111,15,PM10_24h,日喀则,40.0
20201111,15,SO2,日喀则,4.0
20201111,15,SO2_24h,日喀则,6.0
20201111,15,NO2,日喀则,4.0
20201111,15,NO2_24h,日喀则,24.0
20201111,15,O3,日喀则,84.0
20201111,15,O3_24h,日喀则,95.0
20201111,15,O3_8h,日喀则,48.0
20201111,15,O3_8h_24h,日喀则,48.0
20201111,15,CO,日喀则,0.5
20201111,15,CO_24h,日喀则,1.0
20201111,16,AQI,日喀则,28.0
20201111,16,PM2.5,日喀则,2.0
20201111,16,PM2.5_24h,日喀则,20.0
20201111,16,PM10,日喀则,15.0
20201111,16,PM10_24h,日喀则,40.0
20201111,16,SO2,日喀则,4.0
20201111,16,SO2_24h,日喀则,6.0
20201111,16,NO2,日喀则,4.0
20201111,16,NO2_24h,日喀则,24.0
20201111,16,O3,日喀则,91.0
20201111,16,O3_24h,日喀则,92.0
20201111,16,O3_8h,日喀则,58.0
20201111,16,O3_8h_24h,日喀则,58.0
20201111,16,CO,日喀则,0.5
20201111,16,CO_24h,日喀则,1.0
20201111,17,AQI,日喀则,29.0
20201111,17,PM2.5,日喀则,6.0
20201111,17,PM2.5_24h,日喀则,20.0
20201111,17,PM10,日喀则,16.0
20201111,17,PM10_24h,日喀则,40.0
20201111,17,SO2,日喀则,4.0
20201111,17,SO2_24h,日喀则,6.0
20201111,17,NO2,日喀则,4.0
20201111,17,NO2_24h,日喀则,24.0
20201111,17,O3,日喀则,93.0
20201111,17,O3_24h,日喀则,93.0
20201111,17,O3_8h,日喀则,68.0
20201111,17,O3_8h_24h,日喀则,68.0
20201111,17,CO,日喀则,0.5
20201111,17,CO_24h,日喀则,1.0
20201111,18,AQI,日喀则,28.0
20201111,18,PM2.5,日喀则,6.0
20201111,18,PM2.5_24h,日喀则,20.0
20201111,18,PM10,日喀则,15.0
20201111,18,PM10_24h,日喀则,40.0
20201111,18,SO2,日喀则,3.0
20201111,18,SO2_24h,日喀则,6.0
20201111,18,NO2,日喀则,4.0
20201111,18,NO2_24h,日喀则,24.0
20201111,18,O3,日喀则,90.0
20201111,18,O3_24h,日喀则,93.0
20201111,18,O3_8h,日喀则,76.0
20201111,18,O3_8h_24h,日喀则,76.0
20201111,18,CO,日喀则,0.5
20201111,18,CO_24h,日喀则,1.0
20201111,19,AQI,日喀则,25.0
20201111,19,PM2.5,日喀则,6.0
20201111,19,PM2.5_24h,日喀则,20.0
20201111,19,PM10,日喀则,13.0
20201111,19,PM10_24h,日喀则,39.0
20201111,19,SO2,日喀则,4.0
20201111,19,SO2_24h,日喀则,6.0
20201111,19,NO2,日喀则,8.0
20201111,19,NO2_24h,日喀则,24.0
20201111,19,O3,日喀则,79.0
20201111,19,O3_24h,日喀则,93.0
20201111,19,O3_8h,日喀则,81.0
20201111,19,O3_8h_24h,日喀则,81.0
20201111,19,CO,日喀则,0.5
20201111,19,CO_24h,日喀则,1.0
20201111,20,AQI,日喀则,38.0
20201111,20,PM2.5,日喀则,21.0
20201111,20,PM2.5_24h,日喀则,20.0
20201111,20,PM10,日喀则,38.0
20201111,20,PM10_24h,日喀则,40.0
20201111,20,SO2,日喀则,18.0
20201111,20,SO2_24h,日喀则,6.0
20201111,20,NO2,日喀则,57.0
20201111,20,NO2_24h,日喀则,25.0
20201111,20,O3,日喀则,43.0
20201111,20,O3_24h,日喀则,93.0
20201111,20,O3_8h,日喀则,78.0
20201111,20,O3_8h_24h,日喀则,81.0
20201111,20,CO,日喀则,1.6
20201111,20,CO_24h,日喀则,1.0
20201111,21,AQI,日喀则,89.0
20201111,21,PM2.5_24h,日喀则,19.0
20201111,21,PM10,日喀则,128.0
20201111,21,PM10_24h,日喀则,42.0
20201111,21,SO2,日喀则,26.0
20201111,21,SO2_24h,日喀则,6.0
20201111,21,NO2,日喀则,76.0
20201111,21,NO2_24h,日喀则,25.0
20201111,21,O3,日喀则,33.0
20201111,21,O3_24h,日喀则,93.0
20201111,21,O3_8h,日喀则,74.0
20201111,21,O3_8h_24h,日喀则,81.0
20201111,21,CO,日喀则,2.6
20201111,21,CO_24h,日喀则,1.0
20201111,22,AQI,日喀则,113.0
20201111,22,PM2.5_24h,日喀则,19.0
20201111,22,PM10,日喀则,175.0
20201111,22,PM10_24h,日喀则,48.0
20201111,22,SO2,日喀则,12.0
20201111,22,SO2_24h,日喀则,6.0
20201111,22,NO2,日喀则,66.0
20201111,22,NO2_24h,日喀则,25.0
20201111,22,O3,日喀则,13.0
20201111,22,O3_24h,日喀则,93.0
20201111,22,O3_8h,日喀则,66.0
20201111,22,O3_8h_24h,日喀则,81.0
20201111,22,CO,日喀则,1.8
20201111,22,CO_24h,日喀则,1.0
20201111,23,AQI,日喀则,114.0
20201111,23,PM2.5,日喀则,86.0
20201111,23,PM2.5_24h,日喀则,22.0
20201111,23,PM10,日喀则,166.0
20201111,23,PM10_24h,日喀则,53.0
20201111,23,SO2,日喀则,12.0
20201111,23,SO2_24h,日喀则,6.0
20201111,23,NO2,日喀则,65.0
20201111,23,NO2_24h,日喀则,25.0
20201111,23,O3,日喀则,20.0
20201111,23,O3_24h,日喀则,93.0
20201111,23,O3_8h,日喀则,58.0
20201111,23,O3_8h_24h,日喀则,81.0
20201111,23,CO,日喀则,2.6
20201111,23,CO_24h,日喀则,1.0
20201111,0,AQI,那曲地区,81.0
20201111,0,PM2.5,那曲地区,60.0
20201111,0,PM2.5_24h,那曲地区,46.0
20201111,0,PM10,那曲地区,108.0
20201111,0,PM10_24h,那曲地区,64.0
20201111,0,SO2,那曲地区,10.0
20201111,0,SO2_24h,那曲地区,11.0
20201111,0,NO2,那曲地区,36.0
20201111,0,NO2_24h,那曲地区,23.0
20201111,0,O3,那曲地区,17.0
20201111,0,O3_24h,那曲地区,85.0
20201111,0,O3_8h,那曲地区,39.0
20201111,0,O3_8h_24h,那曲地区,74.0
20201111,0,CO,那曲地区,3.55
20201111,0,CO_24h,那曲地区,1.6
20201111,1,AQI,那曲地区,79.0
20201111,1,PM2.5,那曲地区,56.0
20201111,1,PM2.5_24h,那曲地区,47.0
20201111,1,PM10,那曲地区,107.0
20201111,1,PM10_24h,那曲地区,67.0
20201111,1,SO2,那曲地区,10.0
20201111,1,SO2_24h,那曲地区,11.0
20201111,1,NO2,那曲地区,28.0
20201111,1,NO2_24h,那曲地区,24.0
20201111,1,O3,那曲地区,18.0
20201111,1,O3_24h,那曲地区,85.0
20201111,1,O3_8h,那曲地区,18.0
20201111,1,O3_8h_24h,那曲地区,18.0
20201111,1,CO,那曲地区,2.1
20201111,1,CO_24h,那曲地区,1.6
20201111,2,AQI,那曲地区,54.0
20201111,2,PM2.5,那曲地区,33.0
20201111,2,PM2.5_24h,那曲地区,48.0
20201111,2,PM10,那曲地区,58.0
20201111,2,PM10_24h,那曲地区,68.0
20201111,2,SO2,那曲地区,8.0
20201111,2,SO2_24h,那曲地区,11.0
20201111,2,NO2,那曲地区,23.0
20201111,2,NO2_24h,那曲地区,24.0
20201111,2,O3,那曲地区,17.0
20201111,2,O3_24h,那曲地区,85.0
20201111,2,O3_8h,那曲地区,18.0
20201111,2,O3_8h_24h,那曲地区,19.0
20201111,2,CO,那曲地区,1.55
20201111,2,CO_24h,那曲地区,1.6
20201111,3,AQI,那曲地区,38.0
20201111,3,PM2.5,那曲地区,22.0
20201111,3,PM2.5_24h,那曲地区,48.0
20201111,3,PM10,那曲地区,38.0
20201111,3,PM10_24h,那曲地区,68.0
20201111,3,SO2,那曲地区,7.0
20201111,3,SO2_24h,那曲地区,11.0
20201111,3,NO2,那曲地区,26.0
20201111,3,NO2_24h,那曲地区,24.0
20201111,3,O3,那曲地区,12.0
20201111,3,O3_24h,那曲地区,85.0
20201111,3,O3_8h,那曲地区,16.0
20201111,3,O3_8h_24h,那曲地区,19.0
20201111,3,CO,那曲地区,1.4
20201111,3,CO_24h,那曲地区,1.65
20201111,4,AQI,那曲地区,31.0
20201111,4,PM2.5,那曲地区,18.0
20201111,4,PM2.5_24h,那曲地区,49.0
20201111,4,PM10,那曲地区,31.0
20201111,4,PM10_24h,那曲地区,68.0
20201111,4,SO2,那曲地区,8.0
20201111,4,SO2_24h,那曲地区,11.0
20201111,4,NO2,那曲地区,20.0
20201111,4,NO2_24h,那曲地区,25.0
20201111,4,O3,那曲地区,16.0
20201111,4,O3_24h,那曲地区,85.0
20201111,4,O3_8h,那曲地区,16.0
20201111,4,O3_8h_24h,那曲地区,19.0
20201111,4,CO,那曲地区,1.2
20201111,4,CO_24h,那曲地区,1.65
20201111,5,AQI,那曲地区,25.0
20201111,5,PM2.5,那曲地区,12.0
20201111,5,PM2.5_24h,那曲地区,49.0
20201111,5,PM10,那曲地区,25.0
20201111,5,PM10_24h,那曲地区,68.0
20201111,5,SO2,那曲地区,7.0
20201111,5,SO2_24h,那曲地区,11.0
20201111,5,NO2,那曲地区,17.0
20201111,5,NO2_24h,那曲地区,25.0
20201111,5,O3,那曲地区,17.0
20201111,5,O3_24h,那曲地区,85.0
20201111,5,O3_8h,那曲地区,16.0
20201111,5,O3_8h_24h,那曲地区,20.0
20201111,5,CO,那曲地区,0.95
20201111,5,CO_24h,那曲地区,1.65
20201111,6,AQI,那曲地区,25.0
20201111,6,PM2.5,那曲地区,14.0
20201111,6,PM2.5_24h,那曲地区,49.0
20201111,6,PM10,那曲地区,25.0
20201111,6,PM10_24h,那曲地区,68.0
20201111,6,SO2,那曲地区,7.0
20201111,6,SO2_24h,那曲地区,11.0
20201111,6,NO2,那曲地区,16.0
20201111,6,NO2_24h,那曲地区,25.0
20201111,6,O3,那曲地区,17.0
20201111,6,O3_24h,那曲地区,85.0
20201111,6,O3_8h,那曲地区,16.0
20201111,6,O3_8h_24h,那曲地区,20.0
20201111,6,CO,那曲地区,1.0
20201111,6,CO_24h,那曲地区,1.65
20201111,8,AQI,那曲地区,68.0
20201111,8,PM2.5,那曲地区,49.0
20201111,8,PM2.5_24h,那曲地区,48.0
20201111,8,PM10,那曲地区,48.0
20201111,8,PM10_24h,那曲地区,69.0
20201111,8,SO2,那曲地区,10.0
20201111,8,SO2_24h,那曲地区,11.0
20201111,8,NO2,那曲地区,27.0
20201111,8,NO2_24h,那曲地区,25.0
20201111,8,O3,那曲地区,14.0
20201111,8,O3_24h,那曲地区,85.0
20201111,8,O3_8h,那曲地区,16.0
20201111,8,O3_8h_24h,那曲地区,20.0
20201111,8,CO,那曲地区,1.5
20201111,8,CO_24h,那曲地区,1.65
20201111,10,AQI,那曲地区,144.0
20201111,10,PM2.5,那曲地区,110.0
20201111,10,PM2.5_24h,那曲地区,50.0
20201111,10,PM10,那曲地区,132.0
20201111,10,PM10_24h,那曲地区,70.0
20201111,10,SO2,那曲地区,16.0
20201111,10,SO2_24h,那曲地区,11.0
20201111,10,NO2,那曲地区,32.0
20201111,10,NO2_24h,那曲地区,25.0
20201111,10,O3,那曲地区,28.0
20201111,10,O3_24h,那曲地区,85.0
20201111,10,O3_8h,那曲地区,17.0
20201111,10,O3_8h_24h,那曲地区,21.0
20201111,10,CO,那曲地区,2.35
20201111,10,CO_24h,那曲地区,1.65
20201111,11,AQI,那曲地区,123.0
20201111,11,PM2.5,那曲地区,93.0
20201111,11,PM2.5_24h,那曲地区,48.0
20201111,11,PM10,那曲地区,117.0
20201111,11,PM10_24h,那曲地区,69.0
20201111,11,SO2,那曲地区,11.0
20201111,11,SO2_24h,那曲地区,11.0
20201111,11,NO2,那曲地区,23.0
20201111,11,NO2_24h,那曲地区,24.0
20201111,11,O3,那曲地区,38.0
20201111,11,O3_24h,那曲地区,85.0
20201111,11,O3_8h,那曲地区,21.0
20201111,11,O3_8h_24h,那曲地区,23.0
20201111,11,CO,那曲地区,1.55
20201111,11,CO_24h,那曲地区,1.65
20201111,12,AQI,那曲地区,71.0
20201111,12,PM2.5,那曲地区,31.0
20201111,12,PM2.5_24h,那曲地区,46.0
20201111,12,PM10,那曲地区,92.0
20201111,12,PM10_24h,那曲地区,67.0
20201111,12,SO2,那曲地区,15.0
20201111,12,SO2_24h,那曲地区,11.0
20201111,12,NO2,那曲地区,16.0
20201111,12,NO2_24h,那曲地区,24.0
20201111,12,O3,那曲地区,53.0
20201111,12,O3_24h,那曲地区,85.0
20201111,12,O3_8h,那曲地区,25.0
20201111,12,O3_8h_24h,那曲地区,25.0
20201111,12,CO,那曲地区,0.9
20201111,12,CO_24h,那曲地区,1.6
20201111,13,AQI,那曲地区,57.0
20201111,13,PM2.5,那曲地区,39.0
20201111,13,PM2.5_24h,那曲地区,46.0
20201111,13,PM10,那曲地区,64.0
20201111,13,PM10_24h,那曲地区,65.0
20201111,13,SO2,那曲地区,14.0
20201111,13,SO2_24h,那曲地区,11.0
20201111,13,NO2,那曲地区,18.0
20201111,13,NO2_24h,那曲地区,24.0
20201111,13,O3,那曲地区,75.0
20201111,13,O3_24h,那曲地区,84.0
20201111,13,O3_8h,那曲地区,32.0
20201111,13,O3_8h_24h,那曲地区,32.0
20201111,13,CO,那曲地区,1.0
20201111,13,CO_24h,那曲地区,1.55
20201111,14,AQI,那曲地区,55.0
20201111,14,PM2.5,那曲地区,39.0
20201111,14,PM2.5_24h,那曲地区,45.0
20201111,14,PM10,那曲地区,57.0
20201111,14,PM10_24h,那曲地区,65.0
20201111,14,SO2,那曲地区,8.0
20201111,14,SO2_24h,那曲地区,11.0
20201111,14,NO2,那曲地区,8.0
20201111,14,NO2_24h,那曲地区,24.0
20201111,14,O3,那曲地区,71.0
20201111,14,O3_24h,那曲地区,78.0
20201111,14,O3_8h,那曲地区,39.0
20201111,14,O3_8h_24h,那曲地区,39.0
20201111,14,CO,那曲地区,0.45
20201111,14,CO_24h,那曲地区,1.55
20201111,15,AQI,那曲地区,23.0
20201111,15,PM2.5,那曲地区,5.0
20201111,15,PM2.5_24h,那曲地区,45.0
20201111,15,PM10,那曲地区,21.0
20201111,15,PM10_24h,那曲地区,64.0
20201111,15,SO2,那曲地区,7.0
20201111,15,SO2_24h,那曲地区,11.0
20201111,15,NO2,那曲地区,6.0
20201111,15,NO2_24h,那曲地区,24.0
20201111,15,O3,那曲地区,74.0
20201111,15,O3_24h,那曲地区,78.0
20201111,15,O3_8h,那曲地区,47.0
20201111,15,O3_8h_24h,那曲地区,47.0
20201111,15,CO,那曲地区,0.4
20201111,15,CO_24h,那曲地区,1.55
20201111,16,AQI,那曲地区,23.0
20201111,16,PM2.5,那曲地区,3.0
20201111,16,PM2.5_24h,那曲地区,45.0
20201111,16,PM10,那曲地区,19.0
20201111,16,PM10_24h,那曲地区,64.0
20201111,16,SO2,那曲地区,7.0
20201111,16,SO2_24h,那曲地区,11.0
20201111,16,NO2,那曲地区,6.0
20201111,16,NO2_24h,那曲地区,24.0
20201111,16,O3,那曲地区,74.0
20201111,16,O3_24h,那曲地区,78.0
20201111,16,O3_8h,那曲地区,54.0
20201111,16,O3_8h_24h,那曲地区,54.0
20201111,16,CO,那曲地区,0.4
20201111,16,CO_24h,那曲地区,1.55
20201111,17,AQI,那曲地区,25.0
20201111,17,PM2.5,那曲地区,7.0
20201111,17,PM2.5_24h,那曲地区,44.0
20201111,17,PM10,那曲地区,25.0
20201111,17,PM10_24h,那曲地区,63.0
20201111,17,SO2,那曲地区,7.0
20201111,17,SO2_24h,那曲地区,11.0
20201111,17,NO2,那曲地区,6.0
20201111,17,NO2_24h,那曲地区,24.0
20201111,17,O3,那曲地区,74.0
20201111,17,O3_24h,那曲地区,76.0
20201111,17,O3_8h,那曲地区,61.0
20201111,17,O3_8h_24h,那曲地区,61.0
20201111,17,CO,那曲地区,0.4
20201111,17,CO_24h,那曲地区,1.55
20201111,18,AQI,那曲地区,22.0
20201111,18,PM2.5,那曲地区,1.0
20201111,18,PM2.5_24h,那曲地区,45.0
20201111,18,PM10,那曲地区,9.0
20201111,18,PM10_24h,那曲地区,64.0
20201111,18,SO2,那曲地区,7.0
20201111,18,SO2_24h,那曲地区,11.0
20201111,18,NO2,那曲地区,7.0
20201111,18,NO2_24h,那曲地区,24.0
20201111,18,O3,那曲地区,71.0
20201111,18,O3_24h,那曲地区,76.0
20201111,18,O3_8h,那曲地区,66.0
20201111,18,O3_8h_24h,那曲地区,66.0
20201111,18,CO,那曲地区,0.5
20201111,18,CO_24h,那曲地区,1.55
20201111,19,AQI,那曲地区,19.0
20201111,19,PM2.5,那曲地区,7.0
20201111,19,PM2.5_24h,那曲地区,46.0
20201111,19,PM10,那曲地区,8.0
20201111,19,PM10_24h,那曲地区,65.0
20201111,19,SO2,那曲地区,6.0
20201111,19,SO2_24h,那曲地区,11.0
20201111,19,NO2,那曲地区,13.0
20201111,19,NO2_24h,那曲地区,24.0
20201111,19,O3,那曲地区,62.0
20201111,19,O3_24h,那曲地区,76.0
20201111,19,O3_8h,那曲地区,69.0
20201111,19,O3_8h_24h,那曲地区,69.0
20201111,19,CO,那曲地区,0.6
20201111,19,CO_24h,那曲地区,1.6
20201111,20,AQI,那曲地区,29.0
20201111,20,PM2.5,那曲地区,20.0
20201111,20,PM2.5_24h,那曲地区,45.0
20201111,20,PM10,那曲地区,11.0
20201111,20,PM10_24h,那曲地区,66.0
20201111,20,SO2,那曲地区,16.0
20201111,20,SO2_24h,那曲地区,11.0
20201111,20,NO2,那曲地区,45.0
20201111,20,NO2_24h,那曲地区,23.0
20201111,20,O3,那曲地区,35.0
20201111,20,O3_24h,那曲地区,76.0
20201111,20,O3_8h,那曲地区,67.0
20201111,20,O3_8h_24h,那曲地区,69.0
20201111,20,CO,那曲地区,2.25
20201111,20,CO_24h,那曲地区,1.6
20201111,21,AQI,那曲地区,86.0
20201111,21,PM2.5,那曲地区,64.0
20201111,21,PM2.5_24h,那曲地区,42.0
20201111,21,PM10,那曲地区,25.0
20201111,21,PM10_24h,那曲地区,65.0
20201111,21,SO2,那曲地区,26.0
20201111,21,SO2_24h,那曲地区,11.0
20201111,21,NO2,那曲地区,58.0
20201111,21,NO2_24h,那曲地区,23.0
20201111,21,O3,那曲地区,38.0
20201111,21,O3_24h,那曲地区,76.0
20201111,21,O3_8h,那曲地区,62.0
20201111,21,O3_8h_24h,那曲地区,69.0
20201111,21,CO,那曲地区,4.15
20201111,21,CO_24h,那曲地区,1.6
20201111,22,AQI,那曲地区,76.0
20201111,22,PM2.5,那曲地区,56.0
20201111,22,PM2.5_24h,那曲地区,39.0
20201111,22,PM10,那曲地区,62.0
20201111,22,PM10_24h,那曲地区,60.0
20201111,22,SO2,那曲地区,20.0
20201111,22,SO2_24h,那曲地区,11.0
20201111,22,NO2,那曲地区,50.0
20201111,22,NO2_24h,那曲地区,24.0
20201111,22,O3,那曲地区,30.0
20201111,22,O3_24h,那曲地区,76.0
20201111,22,O3_8h,那曲地区,57.0
20201111,22,O3_8h_24h,那曲地区,69.0
20201111,22,CO,那曲地区,3.4
20201111,22,CO_24h,那曲地区,1.6
20201111,23,AQI,那曲地区,118.0
20201111,23,PM2.5,那曲地区,51.0
20201111,23,PM2.5_24h,那曲地区,37.0
20201111,23,PM10,那曲地区,186.0
20201111,23,PM10_24h,那曲地区,64.0
20201111,23,SO2,那曲地区,16.0
20201111,23,SO2_24h,那曲地区,11.0
20201111,23,NO2,那曲地区,44.0
20201111,23,NO2_24h,那曲地区,24.0
20201111,23,O3,那曲地区,22.0
20201111,23,O3_24h,那曲地区,76.0
20201111,23,O3_8h,那曲地区,50.0
20201111,23,O3_8h_24h,那曲地区,69.0
20201111,23,CO,那曲地区,3.25
20201111,23,CO_24h,那曲地区,1.6
20201111,0,AQI,阿里地区,36.0
20201111,0,PM2.5,阿里地区,18.0
20201111,0,PM2.5_24h,阿里地区,6.0
20201111,0,PM10,阿里地区,36.0
20201111,0,PM10_24h,阿里地区,12.0
20201111,0,SO2,阿里地区,40.0
20201111,0,SO2_24h,阿里地区,13.0
20201111,0,NO2,阿里地区,42.0
20201111,0,NO2_24h,阿里地区,23.0
20201111,0,O3,阿里地区,36.0
20201111,0,O3_24h,阿里地区,95.0
20201111,0,O3_8h,阿里地区,70.0
20201111,0,O3_8h_24h,阿里地区,86.0
20201111,0,CO,阿里地区,0.9
20201111,0,CO_24h,阿里地区,0.6
20201111,1,AQI,阿里地区,52.0
20201111,1,PM2.5,阿里地区,17.0
20201111,1,PM2.5_24h,阿里地区,6.0
20201111,1,PM10,阿里地区,53.0
20201111,1,PM10_24h,阿里地区,13.0
20201111,1,SO2,阿里地区,43.0
20201111,1,SO2_24h,阿里地区,12.0
20201111,1,NO2,阿里地区,58.0
20201111,1,NO2_24h,阿里地区,23.0
20201111,1,O3,阿里地区,19.0
20201111,1,O3_24h,阿里地区,95.0
20201111,1,O3_8h,阿里地区,19.0
20201111,1,O3_8h_24h,阿里地区,19.0
20201111,1,CO,阿里地区,1.1
20201111,1,CO_24h,阿里地区,0.6
20201111,2,AQI,阿里地区,48.0
20201111,2,PM2.5,阿里地区,22.0
20201111,2,PM2.5_24h,阿里地区,7.0
20201111,2,PM10,阿里地区,48.0
20201111,2,PM10_24h,阿里地区,14.0
20201111,2,SO2,阿里地区,93.0
20201111,2,SO2_24h,阿里地区,16.0
20201111,2,NO2,阿里地区,50.0
20201111,2,NO2_24h,阿里地区,25.0
20201111,2,O3,阿里地区,28.0
20201111,2,O3_24h,阿里地区,95.0
20201111,2,O3_8h,阿里地区,24.0
20201111,2,O3_8h_24h,阿里地区,24.0
20201111,2,CO,阿里地区,0.9
20201111,2,CO_24h,阿里地区,0.6
20201111,3,AQI,阿里地区,55.0
20201111,3,PM2.5,阿里地区,21.0
20201111,3,PM2.5_24h,阿里地区,7.0
20201111,3,PM10,阿里地区,60.0
20201111,3,PM10_24h,阿里地区,16.0
20201111,3,SO2,阿里地区,49.0
20201111,3,SO2_24h,阿里地区,17.0
20201111,3,NO2,阿里地区,37.0
20201111,3,NO2_24h,阿里地区,26.0
20201111,3,O3,阿里地区,35.0
20201111,3,O3_24h,阿里地区,95.0
20201111,3,O3_8h,阿里地区,27.0
20201111,3,O3_8h_24h,阿里地区,27.0
20201111,3,CO,阿里地区,0.6
20201111,3,CO_24h,阿里地区,0.6
20201111,4,AQI,阿里地区,52.0
20201111,4,PM2.5,阿里地区,15.0
20201111,4,PM2.5_24h,阿里地区,8.0
20201111,4,PM10,阿里地区,53.0
20201111,4,PM10_24h,阿里地区,18.0
20201111,4,SO2,阿里地区,57.0
20201111,4,SO2_24h,阿里地区,19.0
20201111,4,NO2,阿里地区,41.0
20201111,4,NO2_24h,阿里地区,26.0
20201111,4,O3,阿里地区,30.0
20201111,4,O3_24h,阿里地区,95.0
20201111,4,O3_8h,阿里地区,28.0
20201111,4,O3_8h_24h,阿里地区,28.0
20201111,4,CO,阿里地区,0.5
20201111,4,CO_24h,阿里地区,0.6
20201111,5,AQI,阿里地区,39.0
20201111,5,PM2.5,阿里地区,12.0
20201111,5,PM2.5_24h,阿里地区,8.0
20201111,5,PM10,阿里地区,39.0
20201111,5,PM10_24h,阿里地区,20.0
20201111,5,SO2,阿里地区,54.0
20201111,5,SO2_24h,阿里地区,21.0
20201111,5,NO2,阿里地区,34.0
20201111,5,NO2_24h,阿里地区,27.0
20201111,5,O3,阿里地区,38.0
20201111,5,O3_24h,阿里地区,95.0
20201111,5,O3_8h,阿里地区,30.0
20201111,5,O3_8h_24h,阿里地区,30.0
20201111,5,CO,阿里地区,0.5
20201111,5,CO_24h,阿里地区,0.6
20201111,6,AQI,阿里地区,56.0
20201111,6,PM2.5,阿里地区,16.0
20201111,6,PM2.5_24h,阿里地区,9.0
20201111,6,PM10,阿里地区,62.0
20201111,6,PM10_24h,阿里地区,22.0
20201111,6,SO2,阿里地区,58.0
20201111,6,SO2_24h,阿里地区,23.0
20201111,6,NO2,阿里地区,32.0
20201111,6,NO2_24h,阿里地区,27.0
20201111,6,O3,阿里地区,38.0
20201111,6,O3_24h,阿里地区,95.0
20201111,6,O3_8h,阿里地区,31.0
20201111,6,O3_8h_24h,阿里地区,31.0
20201111,6,CO,阿里地区,0.5
20201111,6,CO_24h,阿里地区,0.6
20201111,8,AQI,阿里地区,19.0
20201111,8,PM2.5,阿里地区,5.0
20201111,8,PM2.5_24h,阿里地区,9.0
20201111,8,PM10,阿里地区,15.0
20201111,8,PM10_24h,阿里地区,24.0
20201111,8,SO2,阿里地区,7.0
20201111,8,SO2_24h,阿里地区,25.0
20201111,8,NO2,阿里地区,8.0
20201111,8,NO2_24h,阿里地区,26.0
20201111,8,O3,阿里地区,62.0
20201111,8,O3_24h,阿里地区,95.0
20201111,8,O3_8h,阿里地区,37.0
20201111,8,O3_8h_24h,阿里地区,37.0
20201111,8,CO,阿里地区,0.4
20201111,8,CO_24h,阿里地区,0.6
20201111,10,AQI,阿里地区,19.0
20201111,10,PM2.5,阿里地区,13.0
20201111,10,PM2.5_24h,阿里地区,10.0
20201111,10,PM10,阿里地区,19.0
20201111,10,PM10_24h,阿里地区,24.0
20201111,10,SO2,阿里地区,18.0
20201111,10,SO2_24h,阿里地区,25.0
20201111,10,NO2,阿里地区,35.0
20201111,10,NO2_24h,阿里地区,26.0
20201111,10,O3,阿里地区,48.0
20201111,10,O3_24h,阿里地区,95.0
20201111,10,O3_8h,阿里地区,45.0
20201111,10,O3_8h_24h,阿里地区,45.0
20201111,10,CO,阿里地区,1.2
20201111,10,CO_24h,阿里地区,0.6
20201111,11,AQI,阿里地区,57.0
20201111,11,PM2.5,阿里地区,38.0
20201111,11,PM2.5_24h,阿里地区,11.0
20201111,11,PM10,阿里地区,64.0
20201111,11,PM10_24h,阿里地区,27.0
20201111,11,SO2,阿里地区,30.0
20201111,11,SO2_24h,阿里地区,26.0
20201111,11,NO2,阿里地区,47.0
20201111,11,NO2_24h,阿里地区,27.0
20201111,11,O3,阿里地区,38.0
20201111,11,O3_24h,阿里地区,95.0
20201111,11,O3_8h,阿里地区,45.0
20201111,11,O3_8h_24h,阿里地区,45.0
20201111,11,CO,阿里地区,1.2
20201111,11,CO_24h,阿里地区,0.7
20201111,12,AQI,阿里地区,42.0
20201111,12,PM2.5,阿里地区,23.0
20201111,12,PM2.5_24h,阿里地区,12.0
20201111,12,PM10,阿里地区,42.0
20201111,12,PM10_24h,阿里地区,28.0
20201111,12,SO2,阿里地区,7.0
20201111,12,SO2_24h,阿里地区,26.0
20201111,12,NO2,阿里地区,31.0
20201111,12,NO2_24h,阿里地区,27.0
20201111,12,O3,阿里地区,58.0
20201111,12,O3_24h,阿里地区,95.0
20201111,12,O3_8h,阿里地区,49.0
20201111,12,O3_8h_24h,阿里地区,49.0
20201111,12,CO,阿里地区,0.7
20201111,12,CO_24h,阿里地区,0.7
20201111,13,AQI,阿里地区,21.0
20201111,13,PM2.5,阿里地区,9.0
20201111,13,PM2.5_24h,阿里地区,12.0
20201111,13,PM10,阿里地区,21.0
20201111,13,PM10_24h,阿里地区,28.0
20201111,13,SO2,阿里地区,8.0
20201111,13,SO2_24h,阿里地区,26.0
20201111,13,NO2,阿里地区,27.0
20201111,13,NO2_24h,阿里地区,26.0
20201111,13,O3,阿里地区,65.0
20201111,13,O3_24h,阿里地区,95.0
20201111,13,O3_8h,阿里地区,52.0
20201111,13,O3_8h_24h,阿里地区,52.0
20201111,13,CO,阿里地区,0.6
20201111,13,CO_24h,阿里地区,0.7
20201111,14,AQI,阿里地区,25.0
20201111,14,PM2.5,阿里地区,7.0
20201111,14,PM2.5_24h,阿里地区,12.0
20201111,14,PM10,阿里地区,14.0
20201111,14,PM10_24h,阿里地区,28.0
20201111,14,SO2,阿里地区,10.0
20201111,14,SO2_24h,阿里地区,26.0
20201111,14,NO2,阿里地区,14.0
20201111,14,NO2_24h,阿里地区,26.0
20201111,14,O3,阿里地区,81.0
20201111,14,O3_24h,阿里地区,95.0
20201111,14,O3_8h,阿里地区,58.0
20201111,14,O3_8h_24h,阿里地区,58.0
20201111,14,CO,阿里地区,0.5
20201111,14,CO_24h,阿里地区,0.7
20201111,15,AQI,阿里地区,28.0
20201111,15,PM2.5,阿里地区,8.0
20201111,15,PM2.5_24h,阿里地区,12.0
20201111,15,PM10,阿里地区,13.0
20201111,15,PM10_24h,阿里地区,28.0
20201111,15,SO2,阿里地区,8.0
20201111,15,SO2_24h,阿里地区,26.0
20201111,15,NO2,阿里地区,8.0
20201111,15,NO2_24h,阿里地区,26.0
20201111,15,O3,阿里地区,88.0
20201111,15,O3_24h,阿里地区,95.0
20201111,15,O3_8h,阿里地区,62.0
20201111,15,O3_8h_24h,阿里地区,62.0
20201111,15,CO,阿里地区,0.5
20201111,15,CO_24h,阿里地区,0.7
20201111,16,AQI,阿里地区,29.0
20201111,16,PM2.5,阿里地区,4.0
20201111,16,PM2.5_24h,阿里地区,12.0
20201111,16,PM10,阿里地区,10.0
20201111,16,PM10_24h,阿里地区,28.0
20201111,16,SO2,阿里地区,6.0
20201111,16,SO2_24h,阿里地区,26.0
20201111,16,NO2,阿里地区,4.0
20201111,16,NO2_24h,阿里地区,26.0
20201111,16,O3,阿里地区,92.0
20201111,16,O3_24h,阿里地区,95.0
20201111,16,O3_8h,阿里地区,66.0
20201111,16,O3_8h_24h,阿里地区,66.0
20201111,16,CO,阿里地区,0.4
20201111,16,CO_24h,阿里地区,0.7
20201111,17,AQI,阿里地区,29.0
20201111,17,PM2.5,阿里地区,5.0
20201111,17,PM2.5_24h,阿里地区,12.0
20201111,17,PM10,阿里地区,7.0
20201111,17,PM10_24h,阿里地区,28.0
20201111,17,SO2,阿里地区,6.0
20201111,17,SO2_24h,阿里地区,26.0
20201111,17,NO2,阿里地区,4.0
20201111,17,NO2_24h,阿里地区,26.0
20201111,17,O3,阿里地区,92.0
20201111,17,O3_24h,阿里地区,95.0
20201111,17,O3_8h,阿里地区,70.0
20201111,17,O3_8h_24h,阿里地区,70.0
20201111,17,CO,阿里地区,0.4
20201111,17,CO_24h,阿里地区,0.7
20201111,18,AQI,阿里地区,29.0
20201111,18,PM2.5,阿里地区,2.0
20201111,18,PM2.5_24h,阿里地区,12.0
20201111,18,PM10,阿里地区,7.0
20201111,18,PM10_24h,阿里地区,28.0
20201111,18,SO2,阿里地区,6.0
20201111,18,SO2_24h,阿里地区,26.0
20201111,18,NO2,阿里地区,4.0
20201111,18,NO2_24h,阿里地区,26.0
20201111,18,O3,阿里地区,93.0
20201111,18,O3_24h,阿里地区,94.0
20201111,18,O3_8h,阿里地区,76.0
20201111,18,O3_8h_24h,阿里地区,76.0
20201111,18,CO,阿里地区,0.4
20201111,18,CO_24h,阿里地区,0.7
20201111,19,AQI,阿里地区,31.0
20201111,19,PM2.5,阿里地区,6.0
20201111,19,PM2.5_24h,阿里地区,12.0
20201111,19,PM10,阿里地区,31.0
20201111,19,PM10_24h,阿里地区,29.0
20201111,19,SO2,阿里地区,5.0
20201111,19,SO2_24h,阿里地区,26.0
20201111,19,NO2,阿里地区,5.0
20201111,19,NO2_24h,阿里地区,26.0
20201111,19,O3,阿里地区,92.0
20201111,19,O3_24h,阿里地区,93.0
20201111,19,O3_8h,阿里地区,83.0
20201111,19,O3_8h_24h,阿里地区,83.0
20201111,19,CO,阿里地区,0.5
20201111,19,CO_24h,阿里地区,0.7
20201111,20,AQI,阿里地区,27.0
20201111,20,PM2.5,阿里地区,2.0
20201111,20,PM2.5_24h,阿里地区,12.0
20201111,20,PM10,阿里地区,11.0
20201111,20,PM10_24h,阿里地区,29.0
20201111,20,SO2,阿里地区,6.0
20201111,20,SO2_24h,阿里地区,26.0
20201111,20,NO2,阿里地区,9.0
20201111,20,NO2_24h,阿里地区,26.0
20201111,20,O3,阿里地区,86.0
20201111,20,O3_24h,阿里地区,93.0
20201111,20,O3_8h,阿里地区,86.0
20201111,20,O3_8h_24h,阿里地区,86.0
20201111,20,CO,阿里地区,0.5
20201111,20,CO_24h,阿里地区,0.7
20201111,21,AQI,阿里地区,24.0
20201111,21,PM2.5,阿里地区,6.0
20201111,21,PM2.5_24h,阿里地区,12.0
20201111,21,PM10,阿里地区,11.0
20201111,21,PM10_24h,阿里地区,29.0
20201111,21,SO2,阿里地区,8.0
20201111,21,SO2_24h,阿里地区,26.0
20201111,21,NO2,阿里地区,12.0
20201111,21,NO2_24h,阿里地区,26.0
20201111,21,O3,阿里地区,77.0
20201111,21,O3_24h,阿里地区,93.0
20201111,21,O3_8h,阿里地区,88.0
20201111,21,O3_8h_24h,阿里地区,88.0
20201111,21,CO,阿里地区,0.6
20201111,21,CO_24h,阿里地区,0.7
20201111,22,AQI,阿里地区,22.0
20201111,22,PM2.5,阿里地区,10.0
20201111,22,PM2.5_24h,阿里地区,12.0
20201111,22,PM10,阿里地区,13.0
20201111,22,PM10_24h,阿里地区,29.0
20201111,22,SO2,阿里地区,11.0
20201111,22,SO2_24h,阿里地区,26.0
20201111,22,NO2,阿里地区,15.0
20201111,22,NO2_24h,阿里地区,25.0
20201111,22,O3,阿里地区,70.0
20201111,22,O3_24h,阿里地区,93.0
20201111,22,O3_8h,阿里地区,86.0
20201111,22,O3_8h_24h,阿里地区,88.0
20201111,22,CO,阿里地区,0.7
20201111,22,CO_24h,阿里地区,0.7
20201111,23,AQI,阿里地区,18.0
20201111,23,PM2.5,阿里地区,7.0
20201111,23,PM2.5_24h,阿里地区,12.0
20201111,23,PM10,阿里地区,11.0
20201111,23,PM10_24h,阿里地区,29.0
20201111,23,SO2,阿里地区,12.0
20201111,23,SO2_24h,阿里地区,25.0
20201111,23,NO2,阿里地区,26.0
20201111,23,NO2_24h,阿里地区,24.0
20201111,23,O3,阿里地区,59.0
20201111,23,O3_24h,阿里地区,93.0
20201111,23,O3_8h,阿里地区,83.0
20201111,23,O3_8h_24h,阿里地区,88.0
20201111,23,CO,阿里地区,0.7
20201111,23,CO_24h,阿里地区,0.6
20201111,0,AQI,林芝,24.0
20201111,0,PM2.5,林芝,11.0
20201111,0,PM2.5_24h,林芝,10.0
20201111,0,PM10,林芝,24.0
20201111,0,PM10_24h,林芝,22.0
20201111,0,SO2,林芝,8.0
20201111,0,SO2_24h,林芝,8.0
20201111,0,NO2,林芝,10.0
20201111,0,NO2_24h,林芝,9.0
20201111,0,O3,林芝,48.0
20201111,0,O3_24h,林芝,80.0
20201111,0,O3_8h,林芝,64.0
20201111,0,O3_8h_24h,林芝,73.0
20201111,0,CO,林芝,0.5
20201111,0,CO_24h,林芝,0.5
20201111,1,AQI,林芝,19.0
20201111,1,PM2.5,林芝,10.0
20201111,1,PM2.5_24h,林芝,10.0
20201111,1,PM10,林芝,19.0
20201111,1,PM10_24h,林芝,22.0
20201111,1,SO2,林芝,8.0
20201111,1,SO2_24h,林芝,8.0
20201111,1,NO2,林芝,10.0
20201111,1,NO2_24h,林芝,9.0
20201111,1,O3,林芝,47.0
20201111,1,O3_24h,林芝,80.0
20201111,1,O3_8h,林芝,47.0
20201111,1,O3_8h_24h,林芝,47.0
20201111,1,CO,林芝,0.45
20201111,1,CO_24h,林芝,0.5
20201111,2,AQI,林芝,16.0
20201111,2,PM2.5,林芝,9.0
20201111,2,PM2.5_24h,林芝,10.0
20201111,2,PM10,林芝,16.0
20201111,2,PM10_24h,林芝,22.0
20201111,2,SO2,林芝,8.0
20201111,2,SO2_24h,林芝,8.0
20201111,2,NO2,林芝,7.0
20201111,2,NO2_24h,林芝,8.0
20201111,2,O3,林芝,47.0
20201111,2,O3_24h,林芝,80.0
20201111,2,O3_8h,林芝,47.0
20201111,2,O3_8h_24h,林芝,48.0
20201111,2,CO,林芝,0.45
20201111,2,CO_24h,林芝,0.5
20201111,3,AQI,林芝,18.0
20201111,3,PM2.5,林芝,9.0
20201111,3,PM2.5_24h,林芝,10.0
20201111,3,PM10,林芝,18.0
20201111,3,PM10_24h,林芝,22.0
20201111,3,SO2,林芝,8.0
20201111,3,SO2_24h,林芝,8.0
20201111,3,NO2,林芝,7.0
20201111,3,NO2_24h,林芝,8.0
20201111,3,O3,林芝,46.0
20201111,3,O3_24h,林芝,80.0
20201111,3,O3_8h,林芝,47.0
20201111,3,O3_8h_24h,林芝,48.0
20201111,3,CO,林芝,0.45
20201111,3,CO_24h,林芝,0.5
20201111,4,AQI,林芝,16.0
20201111,4,PM2.5,林芝,9.0
20201111,4,PM2.5_24h,林芝,10.0
20201111,4,PM10,林芝,16.0
20201111,4,PM10_24h,林芝,22.0
20201111,4,SO2,林芝,8.0
20201111,4,SO2_24h,林芝,8.0
20201111,4,NO2,林芝,9.0
20201111,4,NO2_24h,林芝,9.0
20201111,4,O3,林芝,41.0
20201111,4,O3_24h,林芝,80.0
20201111,4,O3_8h,林芝,45.0
20201111,4,O3_8h_24h,林芝,48.0
20201111,4,CO,林芝,0.5
20201111,4,CO_24h,林芝,0.5
20201111,5,AQI,林芝,17.0
20201111,5,PM2.5,林芝,10.0
20201111,5,PM2.5_24h,林芝,10.0
20201111,5,PM10,林芝,17.0
20201111,5,PM10_24h,林芝,21.0
20201111,5,SO2,林芝,8.0
20201111,5,SO2_24h,林芝,8.0
20201111,5,NO2,林芝,6.0
20201111,5,NO2_24h,林芝,9.0
20201111,5,O3,林芝,40.0
20201111,5,O3_24h,林芝,80.0
20201111,5,O3_8h,林芝,44.0
20201111,5,O3_8h_24h,林芝,48.0
20201111,5,CO,林芝,0.45
20201111,5,CO_24h,林芝,0.5
20201111,6,AQI,林芝,14.0
20201111,6,PM2.5,林芝,10.0
20201111,6,PM2.5_24h,林芝,10.0
20201111,6,PM10,林芝,14.0
20201111,6,PM10_24h,林芝,21.0
20201111,6,SO2,林芝,8.0
20201111,6,SO2_24h,林芝,8.0
20201111,6,NO2,林芝,6.0
20201111,6,NO2_24h,林芝,9.0
20201111,6,O3,林芝,39.0
20201111,6,O3_24h,林芝,80.0
20201111,6,O3_8h,林芝,44.0
20201111,6,O3_8h_24h,林芝,48.0
20201111,6,CO,林芝,0.45
20201111,6,CO_24h,林芝,0.5
20201111,8,AQI,林芝,19.0
20201111,8,PM2.5,林芝,12.0
20201111,8,PM2.5_24h,林芝,10.0
20201111,8,PM10,林芝,19.0
20201111,8,PM10_24h,林芝,22.0
20201111,8,SO2,林芝,8.0
20201111,8,SO2_24h,林芝,8.0
20201111,8,NO2,林芝,10.0
20201111,8,NO2_24h,林芝,9.0
20201111,8,O3,林芝,30.0
20201111,8,O3_24h,林芝,80.0
20201111,8,O3_8h,林芝,41.0
20201111,8,O3_8h_24h,林芝,48.0
20201111,8,CO,林芝,0.6
20201111,8,CO_24h,林芝,0.5
20201111,10,AQI,林芝,44.0
20201111,10,PM2.5,林芝,18.0
20201111,10,PM2.5_24h,林芝,10.0
20201111,10,PM10,林芝,44.0
20201111,10,PM10_24h,林芝,23.0
20201111,10,SO2,林芝,9.0
20201111,10,SO2_24h,林芝,8.0
20201111,10,NO2,林芝,20.0
20201111,10,NO2_24h,林芝,9.0
20201111,10,O3,林芝,25.0
20201111,10,O3_24h,林芝,80.0
20201111,10,O3_8h,林芝,35.0
20201111,10,O3_8h_24h,林芝,48.0
20201111,10,CO,林芝,0.8
20201111,10,CO_24h,林芝,0.5
20201111,11,AQI,林芝,47.0
20201111,11,PM2.5,林芝,18.0
20201111,11,PM2.5_24h,林芝,10.0
20201111,11,PM10,林芝,47.0
20201111,11,PM10_24h,林芝,24.0
20201111,11,SO2,林芝,9.0
20201111,11,SO2_24h,林芝,8.0
20201111,11,NO2,林芝,15.0
20201111,11,NO2_24h,林芝,9.0
20201111,11,O3,林芝,35.0
20201111,11,O3_24h,林芝,80.0
20201111,11,O3_8h,林芝,34.0
20201111,11,O3_8h_24h,林芝,48.0
20201111,11,CO,林芝,0.65
20201111,11,CO_24h,林芝,0.5
20201111,12,AQI,林芝,38.0
20201111,12,PM2.5,林芝,13.0
20201111,12,PM2.5_24h,林芝,11.0
20201111,12,PM10,林芝,38.0
20201111,12,PM10_24h,林芝,24.0
20201111,12,SO2,林芝,9.0
20201111,12,SO2_24h,林芝,8.0
20201111,12,NO2,林芝,8.0
20201111,12,NO2_24h,林芝,9.0
20201111,12,O3,林芝,49.0
20201111,12,O3_24h,林芝,80.0
20201111,12,O3_8h,林芝,35.0
20201111,12,O3_8h_24h,林芝,48.0
20201111,12,CO,林芝,0.55
20201111,12,CO_24h,林芝,0.5
20201111,13,AQI,林芝,29.0
20201111,13,PM2.5,林芝,10.0
20201111,13,PM2.5_24h,林芝,10.0
20201111,13,PM10,林芝,29.0
20201111,13,PM10_24h,林芝,24.0
20201111,13,SO2,林芝,8.0
20201111,13,SO2_24h,林芝,8.0
20201111,13,NO2,林芝,6.0
20201111,13,NO2_24h,林芝,9.0
20201111,13,O3,林芝,62.0
20201111,13,O3_24h,林芝,80.0
20201111,13,O3_8h,林芝,37.0
20201111,13,O3_8h_24h,林芝,48.0
20201111,13,CO,林芝,0.5
20201111,13,CO_24h,林芝,0.5
20201111,14,AQI,林芝,22.0
20201111,14,PM2.5,林芝,9.0
20201111,14,PM2.5_24h,林芝,11.0
20201111,14,PM10,林芝,22.0
20201111,14,PM10_24h,林芝,24.0
20201111,14,SO2,林芝,9.0
20201111,14,SO2_24h,林芝,8.0
20201111,14,NO2,林芝,5.0
20201111,14,NO2_24h,林芝,9.0
20201111,14,O3,林芝,68.0
20201111,14,O3_24h,林芝,80.0
20201111,14,O3_8h,林芝,41.0
20201111,14,O3_8h_24h,林芝,48.0
20201111,14,CO,林芝,0.5
20201111,14,CO_24h,林芝,0.5
20201111,15,AQI,林芝,23.0
20201111,15,PM2.5,林芝,8.0
20201111,15,PM2.5_24h,林芝,11.0
20201111,15,PM10,林芝,14.0
20201111,15,PM10_24h,林芝,24.0
20201111,15,SO2,林芝,9.0
20201111,15,SO2_24h,林芝,8.0
20201111,15,NO2,林芝,5.0
20201111,15,NO2_24h,林芝,9.0
20201111,15,O3,林芝,74.0
20201111,15,O3_24h,林芝,80.0
20201111,15,O3_8h,林芝,46.0
20201111,15,O3_8h_24h,林芝,48.0
20201111,15,CO,林芝,0.5
20201111,15,CO_24h,林芝,0.5
20201111,16,AQI,林芝,26.0
20201111,16,PM2.5,林芝,7.0
20201111,16,PM2.5_24h,林芝,11.0
20201111,16,PM10,林芝,17.0
20201111,16,PM10_24h,林芝,24.0
20201111,16,SO2,林芝,8.0
20201111,16,SO2_24h,林芝,8.0
20201111,16,NO2,林芝,5.0
20201111,16,NO2_24h,林芝,9.0
20201111,16,O3,林芝,83.0
20201111,16,O3_24h,林芝,83.0
20201111,16,O3_8h,林芝,52.0
20201111,16,O3_8h_24h,林芝,52.0
20201111,16,CO,林芝,0.45
20201111,16,CO_24h,林芝,0.5
20201111,17,AQI,林芝,26.0
20201111,17,PM2.5,林芝,7.0
20201111,17,PM2.5_24h,林芝,11.0
20201111,17,PM10,林芝,16.0
20201111,17,PM10_24h,林芝,24.0
20201111,17,SO2,林芝,8.0
20201111,17,SO2_24h,林芝,8.0
20201111,17,NO2,林芝,6.0
20201111,17,NO2_24h,林芝,9.0
20201111,17,O3,林芝,82.0
20201111,17,O3_24h,林芝,83.0
20201111,17,O3_8h,林芝,60.0
20201111,17,O3_8h_24h,林芝,60.0
20201111,17,CO,林芝,0.45
20201111,17,CO_24h,林芝,0.5
20201111,18,AQI,林芝,23.0
20201111,18,PM2.5,林芝,8.0
20201111,18,PM2.5_24h,林芝,11.0
20201111,18,PM10,林芝,13.0
20201111,18,PM10_24h,林芝,24.0
20201111,18,SO2,林芝,8.0
20201111,18,SO2_24h,林芝,8.0
20201111,18,NO2,林芝,8.0
20201111,18,NO2_24h,林芝,9.0
20201111,18,O3,林芝,74.0
20201111,18,O3_24h,林芝,83.0
20201111,18,O3_8h,林芝,66.0
20201111,18,O3_8h_24h,林芝,66.0
20201111,18,CO,林芝,0.45
20201111,18,CO_24h,林芝,0.5
20201111,19,AQI,林芝,26.0
20201111,19,PM2.5,林芝,12.0
20201111,19,PM2.5_24h,林芝,11.0
20201111,19,PM10,林芝,26.0
20201111,19,PM10_24h,林芝,24.0
20201111,19,SO2,林芝,8.0
20201111,19,SO2_24h,林芝,8.0
20201111,19,NO2,林芝,17.0
20201111,19,NO2_24h,林芝,9.0
20201111,19,O3,林芝,57.0
20201111,19,O3_24h,林芝,83.0
20201111,19,O3_8h,林芝,68.0
20201111,19,O3_8h_24h,林芝,68.0
20201111,19,CO,林芝,0.6
20201111,19,CO_24h,林芝,0.5
20201111,20,AQI,林芝,29.0
20201111,20,PM2.5,林芝,12.0
20201111,20,PM2.5_24h,林芝,11.0
20201111,20,PM10,林芝,29.0
20201111,20,PM10_24h,林芝,24.0
20201111,20,SO2,林芝,8.0
20201111,20,SO2_24h,林芝,8.0
20201111,20,NO2,林芝,22.0
20201111,20,NO2_24h,林芝,10.0
20201111,20,O3,林芝,49.0
20201111,20,O3_24h,林芝,83.0
20201111,20,O3_8h,林芝,69.0
20201111,20,O3_8h_24h,林芝,69.0
20201111,20,CO,林芝,0.6
20201111,20,CO_24h,林芝,0.5
20201111,21,AQI,林芝,45.0
20201111,21,PM2.5,林芝,22.0
20201111,21,PM2.5_24h,林芝,12.0
20201111,21,PM10,林芝,45.0
20201111,21,PM10_24h,林芝,24.0
20201111,21,SO2,林芝,9.0
20201111,21,SO2_24h,林芝,8.0
20201111,21,NO2,林芝,24.0
20201111,21,NO2_24h,林芝,11.0
20201111,21,O3,林芝,37.0
20201111,21,O3_24h,林芝,83.0
20201111,21,O3_8h,林芝,65.0
20201111,21,O3_8h_24h,林芝,69.0
20201111,21,CO,林芝,0.8
20201111,21,CO_24h,林芝,0.5
20201111,22,AQI,林芝,38.0
20201111,22,PM2.5,林芝,17.0
20201111,22,PM2.5_24h,林芝,12.0
20201111,22,PM10,林芝,38.0
20201111,22,PM10_24h,林芝,25.0
20201111,22,SO2,林芝,8.0
20201111,22,SO2_24h,林芝,8.0
20201111,22,NO2,林芝,19.0
20201111,22,NO2_24h,林芝,11.0
20201111,22,O3,林芝,39.0
20201111,22,O3_24h,林芝,83.0
20201111,22,O3_8h,林芝,62.0
20201111,22,O3_8h_24h,林芝,69.0
20201111,22,CO,林芝,0.7
20201111,22,CO_24h,林芝,0.6
20201111,23,AQI,林芝,36.0
20201111,23,PM2.5,林芝,14.0
20201111,23,PM2.5_24h,林芝,12.0
20201111,23,PM10,林芝,36.0
20201111,23,PM10_24h,林芝,25.0
20201111,23,SO2,林芝,8.0
20201111,23,SO2_24h,林芝,8.0
20201111,23,NO2,林芝,12.0
20201111,23,NO2_24h,林芝,11.0
20201111,23,O3,林芝,46.0
20201111,23,O3_24h,林芝,83.0
20201111,23,O3_8h,林芝,58.0
20201111,23,O3_8h_24h,林芝,69.0
20201111,23,CO,林芝,0.6
20201111,23,CO_24h,林芝,0.55
20201111,0,AQI,汉中,136.0
20201111,0,PM2.5,汉中,104.0
20201111,0,PM2.5_24h,汉中,62.0
20201111,0,PM10,汉中,198.0
20201111,0,PM10_24h,汉中,111.0
20201111,0,SO2,汉中,19.0
20201111,0,SO2_24h,汉中,14.0
20201111,0,NO2,汉中,48.0
20201111,0,NO2_24h,汉中,42.0
20201111,0,O3,汉中,4.0
20201111,0,O3_24h,汉中,70.0
20201111,0,O3_8h,汉中,19.0
20201111,0,O3_8h_24h,汉中,45.0
20201111,0,CO,汉中,1.2
20201111,0,CO_24h,汉中,1.0
20201111,1,AQI,汉中,123.0
20201111,1,PM2.5,汉中,93.0
20201111,1,PM2.5_24h,汉中,64.0
20201111,1,PM10,汉中,172.0
20201111,1,PM10_24h,汉中,115.0
20201111,1,SO2,汉中,12.0
20201111,1,SO2_24h,汉中,14.0
20201111,1,NO2,汉中,42.0
20201111,1,NO2_24h,汉中,43.0
20201111,1,O3,汉中,4.0
20201111,1,O3_24h,汉中,70.0
20201111,1,O3_8h,汉中,4.0
20201111,1,O3_8h_24h,汉中,4.0
20201111,1,CO,汉中,1.1
20201111,1,CO_24h,汉中,1.0
20201111,2,AQI,汉中,116.0
20201111,2,PM2.5,汉中,88.0
20201111,2,PM2.5_24h,汉中,65.0
20201111,2,PM10,汉中,140.0
20201111,2,PM10_24h,汉中,117.0
20201111,2,SO2,汉中,11.0
20201111,2,SO2_24h,汉中,15.0
20201111,2,NO2,汉中,38.0
20201111,2,NO2_24h,汉中,43.0
20201111,2,O3,汉中,4.0
20201111,2,O3_24h,汉中,70.0
20201111,2,O3_8h,汉中,4.0
20201111,2,O3_8h_24h,汉中,4.0
20201111,2,CO,汉中,1.0
20201111,2,CO_24h,汉中,1.0
20201111,3,AQI,汉中,106.0
20201111,3,PM2.5,汉中,80.0
20201111,3,PM2.5_24h,汉中,66.0
20201111,3,PM10,汉中,136.0
20201111,3,PM10_24h,汉中,120.0
20201111,3,SO2,汉中,14.0
20201111,3,SO2_24h,汉中,15.0
20201111,3,NO2,汉中,38.0
20201111,3,NO2_24h,汉中,43.0
20201111,3,O3,汉中,3.0
20201111,3,O3_24h,汉中,70.0
20201111,3,O3_8h,汉中,4.0
20201111,3,O3_8h_24h,汉中,4.0
20201111,3,CO,汉中,1.0
20201111,3,CO_24h,汉中,1.0
20201111,4,AQI,汉中,99.0
20201111,4,PM2.5,汉中,74.0
20201111,4,PM2.5_24h,汉中,67.0
20201111,4,PM10,汉中,124.0
20201111,4,PM10_24h,汉中,122.0
20201111,4,SO2,汉中,14.0
20201111,4,SO2_24h,汉中,14.0
20201111,4,NO2,汉中,33.0
20201111,4,NO2_24h,汉中,43.0
20201111,4,O3,汉中,3.0
20201111,4,O3_24h,汉中,70.0
20201111,4,O3_8h,汉中,4.0
20201111,4,O3_8h_24h,汉中,4.0
20201111,4,CO,汉中,0.93
20201111,4,CO_24h,汉中,1.0
20201111,5,AQI,汉中,99.0
20201111,5,PM2.5,汉中,74.0
20201111,5,PM2.5_24h,汉中,69.0
20201111,5,PM10,汉中,116.0
20201111,5,PM10_24h,汉中,124.0
20201111,5,SO2,汉中,12.0
20201111,5,SO2_24h,汉中,15.0
20201111,5,NO2,汉中,29.0
20201111,5,NO2_24h,汉中,43.0
20201111,5,O3,汉中,3.0
20201111,5,O3_24h,汉中,70.0
20201111,5,O3_8h,汉中,4.0
20201111,5,O3_8h_24h,汉中,4.0
20201111,5,CO,汉中,0.97
20201111,5,CO_24h,汉中,1.0
20201111,6,AQI,汉中,98.0
20201111,6,PM2.5,汉中,73.0
20201111,6,PM2.5_24h,汉中,70.0
20201111,6,PM10,汉中,114.0
20201111,6,PM10_24h,汉中,125.0
20201111,6,SO2,汉中,13.0
20201111,6,SO2_24h,汉中,15.0
20201111,6,NO2,汉中,28.0
20201111,6,NO2_24h,汉中,42.0
20201111,6,O3,汉中,3.0
20201111,6,O3_24h,汉中,70.0
20201111,6,O3_8h,汉中,4.0
20201111,6,O3_8h_24h,汉中,4.0
20201111,6,CO,汉中,1.13
20201111,6,CO_24h,汉中,1.0
20201111,8,AQI,汉中,74.0
20201111,8,PM2.5,汉中,54.0
20201111,8,PM2.5_24h,汉中,70.0
20201111,8,PM10,汉中,97.0
20201111,8,PM10_24h,汉中,128.0
20201111,8,SO2,汉中,11.0
20201111,8,SO2_24h,汉中,14.0
20201111,8,NO2,汉中,23.0
20201111,8,NO2_24h,汉中,41.0
20201111,8,O3,汉中,4.0
20201111,8,O3_24h,汉中,70.0
20201111,8,O3_8h,汉中,3.0
20201111,8,O3_8h_24h,汉中,4.0
20201111,8,CO,汉中,0.93
20201111,8,CO_24h,汉中,1.0
20201111,10,AQI,汉中,76.0
20201111,10,PM2.5,汉中,56.0
20201111,10,PM2.5_24h,汉中,70.0
20201111,10,PM10,汉中,100.0
20201111,10,PM10_24h,汉中,127.0
20201111,10,SO2,汉中,34.0
20201111,10,SO2_24h,汉中,15.0
20201111,10,NO2,汉中,33.0
20201111,10,NO2_24h,汉中,40.0
20201111,10,O3,汉中,10.0
20201111,10,O3_24h,汉中,70.0
20201111,10,O3_8h,汉中,4.0
20201111,10,O3_8h_24h,汉中,5.0
20201111,10,CO,汉中,1.07
20201111,10,CO_24h,汉中,1.0
20201111,11,AQI,汉中,72.0
20201111,11,PM2.5,汉中,46.0
20201111,11,PM2.5_24h,汉中,69.0
20201111,11,PM10,汉中,93.0
20201111,11,PM10_24h,汉中,126.0
20201111,11,SO2,汉中,15.0
20201111,11,SO2_24h,汉中,15.0
20201111,11,NO2,汉中,30.0
20201111,11,NO2_24h,汉中,40.0
20201111,11,O3,汉中,39.0
20201111,11,O3_24h,汉中,70.0
20201111,11,O3_8h,汉中,9.0
20201111,11,O3_8h_24h,汉中,9.0
20201111,11,CO,汉中,0.77
20201111,11,CO_24h,汉中,1.0
20201111,12,AQI,汉中,67.0
20201111,12,PM2.5,汉中,37.0
20201111,12,PM2.5_24h,汉中,68.0
20201111,12,PM10,汉中,83.0
20201111,12,PM10_24h,汉中,124.0
20201111,12,SO2,汉中,10.0
20201111,12,SO2_24h,汉中,13.0
20201111,12,NO2,汉中,21.0
20201111,12,NO2_24h,汉中,38.0
20201111,12,O3,汉中,72.0
20201111,12,O3_24h,汉中,73.0
20201111,12,O3_8h,汉中,17.0
20201111,12,O3_8h_24h,汉中,17.0
20201111,12,CO,汉中,0.63
20201111,12,CO_24h,汉中,0.97
20201111,13,AQI,汉中,62.0
20201111,13,PM2.5,汉中,36.0
20201111,13,PM2.5_24h,汉中,67.0
20201111,13,PM10,汉中,73.0
20201111,13,PM10_24h,汉中,122.0
20201111,13,SO2,汉中,8.0
20201111,13,SO2_24h,汉中,13.0
20201111,13,NO2,汉中,17.0
20201111,13,NO2_24h,汉中,37.0
20201111,13,O3,汉中,88.0
20201111,13,O3_24h,汉中,88.0
20201111,13,O3_8h,汉中,28.0
20201111,13,O3_8h_24h,汉中,28.0
20201111,13,CO,汉中,0.53
20201111,13,CO_24h,汉中,0.97
20201111,14,AQI,汉中,59.0
20201111,14,PM2.5,汉中,32.0
20201111,14,PM2.5_24h,汉中,67.0
20201111,14,PM10,汉中,68.0
20201111,14,PM10_24h,汉中,120.0
20201111,14,SO2,汉中,8.0
20201111,14,SO2_24h,汉中,12.0
20201111,14,NO2,汉中,14.0
20201111,14,NO2_24h,汉中,37.0
20201111,14,O3,汉中,101.0
20201111,14,O3_24h,汉中,101.0
20201111,14,O3_8h,汉中,40.0
20201111,14,O3_8h_24h,汉中,40.0
20201111,14,CO,汉中,0.47
20201111,14,CO_24h,汉中,0.97
20201111,15,AQI,汉中,57.0
20201111,15,PM2.5,汉中,32.0
20201111,15,PM2.5_24h,汉中,66.0
20201111,15,PM10,汉中,63.0
20201111,15,PM10_24h,汉中,118.0
20201111,15,SO2,汉中,7.0
20201111,15,SO2_24h,汉中,12.0
20201111,15,NO2,汉中,13.0
20201111,15,NO2_24h,汉中,36.0
20201111,15,O3,汉中,105.0
20201111,15,O3_24h,汉中,105.0
20201111,15,O3_8h,汉中,53.0
20201111,15,O3_8h_24h,汉中,53.0
20201111,15,CO,汉中,0.43
20201111,15,CO_24h,汉中,0.93
20201111,16,AQI,汉中,54.0
20201111,16,PM2.5,汉中,33.0
20201111,16,PM2.5_24h,汉中,65.0
20201111,16,PM10,汉中,58.0
20201111,16,PM10_24h,汉中,117.0
20201111,16,SO2,汉中,7.0
20201111,16,SO2_24h,汉中,12.0
20201111,16,NO2,汉中,18.0
20201111,16,NO2_24h,汉中,36.0
20201111,16,O3,汉中,103.0
20201111,16,O3_24h,汉中,105.0
20201111,16,O3_8h,汉中,63.0
20201111,16,O3_8h_24h,汉中,63.0
20201111,16,CO,汉中,0.43
20201111,16,CO_24h,汉中,0.9
20201111,17,AQI,汉中,57.0
20201111,17,PM2.5,汉中,34.0
20201111,17,PM2.5_24h,汉中,65.0
20201111,17,PM10,汉中,64.0
20201111,17,PM10_24h,汉中,118.0
20201111,17,SO2,汉中,7.0
20201111,17,SO2_24h,汉中,12.0
20201111,17,NO2,汉中,19.0
20201111,17,NO2_24h,汉中,35.0
20201111,17,O3,汉中,98.0
20201111,17,O3_24h,汉中,105.0
20201111,17,O3_8h,汉中,76.0
20201111,17,O3_8h_24h,汉中,76.0
20201111,17,CO,汉中,0.5
20201111,17,CO_24h,汉中,0.93
20201111,18,AQI,汉中,71.0
20201111,18,PM2.5,汉中,41.0
20201111,18,PM2.5_24h,汉中,65.0
20201111,18,PM10,汉中,91.0
20201111,18,PM10_24h,汉中,118.0
20201111,18,SO2,汉中,9.0
20201111,18,SO2_24h,汉中,12.0
20201111,18,NO2,汉中,50.0
20201111,18,NO2_24h,汉中,35.0
20201111,18,O3,汉中,62.0
20201111,18,O3_24h,汉中,105.0
20201111,18,O3_8h,汉中,82.0
20201111,18,O3_8h_24h,汉中,82.0
20201111,18,CO,汉中,0.73
20201111,18,CO_24h,汉中,0.93
20201111,19,AQI,汉中,92.0
20201111,19,PM2.5,汉中,58.0
20201111,19,PM2.5_24h,汉中,64.0
20201111,19,PM10,汉中,134.0
20201111,19,PM10_24h,汉中,119.0
20201111,19,SO2,汉中,11.0
20201111,19,SO2_24h,汉中,12.0
20201111,19,NO2,汉中,87.0
20201111,19,NO2_24h,汉中,36.0
20201111,19,O3,汉中,15.0
20201111,19,O3_24h,汉中,105.0
20201111,19,O3_8h,汉中,79.0
20201111,19,O3_8h_24h,汉中,82.0
20201111,19,CO,汉中,1.2
20201111,19,CO_24h,汉中,0.93
20201111,20,AQI,汉中,116.0
20201111,20,PM2.5,汉中,80.0
20201111,20,PM2.5_24h,汉中,64.0
20201111,20,PM10,汉中,182.0
20201111,20,PM10_24h,汉中,120.0
20201111,20,SO2,汉中,20.0
20201111,20,SO2_24h,汉中,13.0
20201111,20,NO2,汉中,75.0
20201111,20,NO2_24h,汉中,37.0
20201111,20,O3,汉中,16.0
20201111,20,O3_24h,汉中,105.0
20201111,20,O3_8h,汉中,72.0
20201111,20,O3_8h_24h,汉中,82.0
20201111,20,CO,汉中,1.17
20201111,20,CO_24h,汉中,0.97
20201111,21,AQI,汉中,108.0
20201111,21,PM2.5,汉中,81.0
20201111,21,PM2.5_24h,汉中,63.0
20201111,21,PM10,汉中,166.0
20201111,21,PM10_24h,汉中,119.0
20201111,21,SO2,汉中,17.0
20201111,21,SO2_24h,汉中,13.0
20201111,21,NO2,汉中,55.0
20201111,21,NO2_24h,汉中,36.0
20201111,21,O3,汉中,23.0
20201111,21,O3_24h,汉中,105.0
20201111,21,O3_8h,汉中,63.0
20201111,21,O3_8h_24h,汉中,82.0
20201111,21,CO,汉中,0.9
20201111,21,CO_24h,汉中,0.93
20201111,22,AQI,汉中,109.0
20201111,22,PM2.5,汉中,82.0
20201111,22,PM2.5_24h,汉中,63.0
20201111,22,PM10,汉中,129.0
20201111,22,PM10_24h,汉中,117.0
20201111,22,SO2,汉中,24.0
20201111,22,SO2_24h,汉中,13.0
20201111,22,NO2,汉中,53.0
20201111,22,NO2_24h,汉中,37.0
20201111,22,O3,汉中,16.0
20201111,22,O3_24h,汉中,105.0
20201111,22,O3_8h,汉中,52.0
20201111,22,O3_8h_24h,汉中,82.0
20201111,22,CO,汉中,0.9
20201111,22,CO_24h,汉中,0.9
20201111,23,AQI,汉中,98.0
20201111,23,PM2.5,汉中,73.0
20201111,23,PM2.5_24h,汉中,62.0
20201111,23,PM10,汉中,105.0
20201111,23,PM10_24h,汉中,114.0
20201111,23,SO2,汉中,17.0
20201111,23,SO2_24h,汉中,14.0
20201111,23,NO2,汉中,47.0
20201111,23,NO2_24h,汉中,36.0
20201111,23,O3,汉中,15.0
20201111,23,O3_24h,汉中,105.0
20201111,23,O3_8h,汉中,41.0
20201111,23,O3_8h_24h,汉中,82.0
20201111,23,CO,汉中,0.83
20201111,23,CO_24h,汉中,0.87
20201111,0,AQI,榆林,74.0
20201111,0,PM2.5,榆林,54.0
20201111,0,PM2.5_24h,榆林,43.0
20201111,0,PM10,榆林,98.0
20201111,0,PM10_24h,榆林,80.0
20201111,0,SO2,榆林,16.0
20201111,0,SO2_24h,榆林,17.0
20201111,0,NO2,榆林,79.0
20201111,0,NO2_24h,榆林,64.0
20201111,0,O3,榆林,23.0
20201111,0,O3_24h,榆林,99.0
20201111,0,O3_8h,榆林,44.0
20201111,0,O3_8h_24h,榆林,78.0
20201111,0,CO,榆林,1.5
20201111,0,CO_24h,榆林,1.1
20201111,1,AQI,榆林,74.0
20201111,1,PM2.5,榆林,54.0
20201111,1,PM2.5_24h,榆林,44.0
20201111,1,PM10,榆林,93.0
20201111,1,PM10_24h,榆林,80.0
20201111,1,SO2,榆林,15.0
20201111,1,SO2_24h,榆林,17.0
20201111,1,NO2,榆林,81.0
20201111,1,NO2_24h,榆林,64.0
20201111,1,O3,榆林,18.0
20201111,1,O3_24h,榆林,99.0
20201111,1,O3_8h,榆林,18.0
20201111,1,O3_8h_24h,榆林,18.0
20201111,1,CO,榆林,1.57
20201111,1,CO_24h,榆林,1.13
20201111,2,AQI,榆林,69.0
20201111,2,PM2.5,榆林,48.0
20201111,2,PM2.5_24h,榆林,43.0
20201111,2,PM10,榆林,88.0
20201111,2,PM10_24h,榆林,79.0
20201111,2,SO2,榆林,14.0
20201111,2,SO2_24h,榆林,16.0
20201111,2,NO2,榆林,73.0
20201111,2,NO2_24h,榆林,64.0
20201111,2,O3,榆林,26.0
20201111,2,O3_24h,榆林,99.0
20201111,2,O3_8h,榆林,23.0
20201111,2,O3_8h_24h,榆林,23.0
20201111,2,CO,榆林,1.07
20201111,2,CO_24h,榆林,1.13
20201111,3,AQI,榆林,68.0
20201111,3,PM2.5,榆林,49.0
20201111,3,PM2.5_24h,榆林,44.0
20201111,3,PM10,榆林,81.0
20201111,3,PM10_24h,榆林,78.0
20201111,3,SO2,榆林,14.0
20201111,3,SO2_24h,榆林,16.0
20201111,3,NO2,榆林,44.0
20201111,3,NO2_24h,榆林,62.0
20201111,3,O3,榆林,54.0
20201111,3,O3_24h,榆林,99.0
20201111,3,O3_8h,榆林,33.0
20201111,3,O3_8h_24h,榆林,33.0
20201111,3,CO,榆林,0.77
20201111,3,CO_24h,榆林,1.13
20201111,4,AQI,榆林,73.0
20201111,4,PM2.5,榆林,53.0
20201111,4,PM2.5_24h,榆林,44.0
20201111,4,PM10,榆林,81.0
20201111,4,PM10_24h,榆林,77.0
20201111,4,SO2,榆林,14.0
20201111,4,SO2_24h,榆林,16.0
20201111,4,NO2,榆林,40.0
20201111,4,NO2_24h,榆林,60.0
20201111,4,O3,榆林,58.0
20201111,4,O3_24h,榆林,99.0
20201111,4,O3_8h,榆林,39.0
20201111,4,O3_8h_24h,榆林,39.0
20201111,4,CO,榆林,0.73
20201111,4,CO_24h,榆林,1.13
20201111,5,AQI,榆林,81.0
20201111,5,PM2.5,榆林,60.0
20201111,5,PM2.5_24h,榆林,45.0
20201111,5,PM10,榆林,80.0
20201111,5,PM10_24h,榆林,77.0
20201111,5,SO2,榆林,14.0
20201111,5,SO2_24h,榆林,15.0
20201111,5,NO2,榆林,41.0
20201111,5,NO2_24h,榆林,59.0
20201111,5,O3,榆林,57.0
20201111,5,O3_24h,榆林,99.0
20201111,5,O3_8h,榆林,43.0
20201111,5,O3_8h_24h,榆林,43.0
20201111,5,CO,榆林,0.8
20201111,5,CO_24h,榆林,1.1
20201111,6,AQI,榆林,104.0
20201111,6,PM2.5,榆林,78.0
20201111,6,PM2.5_24h,榆林,46.0
20201111,6,PM10,榆林,88.0
20201111,6,PM10_24h,榆林,77.0
20201111,6,SO2,榆林,15.0
20201111,6,SO2_24h,榆林,15.0
20201111,6,NO2,榆林,39.0
20201111,6,NO2_24h,榆林,58.0
20201111,6,O3,榆林,62.0
20201111,6,O3_24h,榆林,99.0
20201111,6,O3_8h,榆林,46.0
20201111,6,O3_8h_24h,榆林,46.0
20201111,6,CO,榆林,0.97
20201111,6,CO_24h,榆林,1.1
20201111,8,AQI,榆林,125.0
20201111,8,PM2.5,榆林,95.0
20201111,8,PM2.5_24h,榆林,49.0
20201111,8,PM10,榆林,100.0
20201111,8,PM10_24h,榆林,78.0
20201111,8,SO2,榆林,16.0
20201111,8,SO2_24h,榆林,15.0
20201111,8,NO2,榆林,62.0
20201111,8,NO2_24h,榆林,56.0
20201111,8,O3,榆林,45.0
20201111,8,O3_24h,榆林,99.0
20201111,8,O3_8h,榆林,46.0
20201111,8,O3_8h_24h,榆林,46.0
20201111,8,CO,榆林,1.37
20201111,8,CO_24h,榆林,1.1
20201111,10,AQI,榆林,129.0
20201111,10,PM2.5,榆林,98.0
20201111,10,PM2.5_24h,榆林,55.0
20201111,10,PM10,榆林,95.0
20201111,10,PM10_24h,榆林,80.0
20201111,10,SO2,榆林,19.0
20201111,10,SO2_24h,榆林,16.0
20201111,10,NO2,榆林,41.0
20201111,10,NO2_24h,榆林,55.0
20201111,10,O3,榆林,77.0
20201111,10,O3_24h,榆林,99.0
20201111,10,O3_8h,榆林,58.0
20201111,10,O3_8h_24h,榆林,58.0
20201111,10,CO,榆林,1.13
20201111,10,CO_24h,榆林,1.1
20201111,11,AQI,榆林,120.0
20201111,11,PM2.5,榆林,91.0
20201111,11,PM2.5_24h,榆林,57.0
20201111,11,PM10,榆林,90.0
20201111,11,PM10_24h,榆林,79.0
20201111,11,SO2,榆林,19.0
20201111,11,SO2_24h,榆林,16.0
20201111,11,NO2,榆林,44.0
20201111,11,NO2_24h,榆林,54.0
20201111,11,O3,榆林,82.0
20201111,11,O3_24h,榆林,99.0
20201111,11,O3_8h,榆林,62.0
20201111,11,O3_8h_24h,榆林,62.0
20201111,11,CO,榆林,1.1
20201111,11,CO_24h,榆林,1.1
20201111,12,AQI,榆林,111.0
20201111,12,PM2.5,榆林,84.0
20201111,12,PM2.5_24h,榆林,59.0
20201111,12,PM10,榆林,83.0
20201111,12,PM10_24h,榆林,80.0
20201111,12,SO2,榆林,17.0
20201111,12,SO2_24h,榆林,16.0
20201111,12,NO2,榆林,39.0
20201111,12,NO2_24h,榆林,53.0
20201111,12,O3,榆林,93.0
20201111,12,O3_24h,榆林,99.0
20201111,12,O3_8h,榆林,66.0
20201111,12,O3_8h_24h,榆林,66.0
20201111,12,CO,榆林,1.0
20201111,12,CO_24h,榆林,1.1
20201111,13,AQI,榆林,106.0
20201111,13,PM2.5,榆林,80.0
20201111,13,PM2.5_24h,榆林,60.0
20201111,13,PM10,榆林,76.0
20201111,13,PM10_24h,榆林,80.0
20201111,13,SO2,榆林,16.0
20201111,13,SO2_24h,榆林,16.0
20201111,13,NO2,榆林,31.0
20201111,13,NO2_24h,榆林,53.0
20201111,13,O3,榆林,107.0
20201111,13,O3_24h,榆林,107.0
20201111,13,O3_8h,榆林,73.0
20201111,13,O3_8h_24h,榆林,73.0
20201111,13,CO,榆林,0.93
20201111,13,CO_24h,榆林,1.1
20201111,14,AQI,榆林,99.0
20201111,14,PM2.5,榆林,74.0
20201111,14,PM2.5_24h,榆林,62.0
20201111,14,PM10,榆林,71.0
20201111,14,PM10_24h,榆林,81.0
20201111,14,SO2,榆林,15.0
20201111,14,SO2_24h,榆林,16.0
20201111,14,NO2,榆林,28.0
20201111,14,NO2_24h,榆林,53.0
20201111,14,O3,榆林,121.0
20201111,14,O3_24h,榆林,121.0
20201111,14,O3_8h,榆林,80.0
20201111,14,O3_8h_24h,榆林,80.0
20201111,14,CO,榆林,0.87
20201111,14,CO_24h,榆林,1.1
20201111,15,AQI,榆林,91.0
20201111,15,PM2.5,榆林,68.0
20201111,15,PM2.5_24h,榆林,64.0
20201111,15,PM10,榆林,71.0
20201111,15,PM10_24h,榆林,82.0
20201111,15,SO2,榆林,14.0
20201111,15,SO2_24h,榆林,16.0
20201111,15,NO2,榆林,29.0
20201111,15,NO2_24h,榆林,53.0
20201111,15,O3,榆林,123.0
20201111,15,O3_24h,榆林,123.0
20201111,15,O3_8h,榆林,88.0
20201111,15,O3_8h_24h,榆林,88.0
20201111,15,CO,榆林,0.83
20201111,15,CO_24h,榆林,1.1
20201111,16,AQI,榆林,80.0
20201111,16,PM2.5,榆林,59.0
20201111,16,PM2.5_24h,榆林,64.0
20201111,16,PM10,榆林,66.0
20201111,16,PM10_24h,榆林,83.0
20201111,16,SO2,榆林,12.0
20201111,16,SO2_24h,榆林,16.0
20201111,16,NO2,榆林,27.0
20201111,16,NO2_24h,榆林,53.0
20201111,16,O3,榆林,126.0
20201111,16,O3_24h,榆林,126.0
20201111,16,O3_8h,榆林,99.0
20201111,16,O3_8h_24h,榆林,99.0
20201111,16,CO,榆林,0.77
20201111,16,CO_24h,榆林,1.1
20201111,17,AQI,榆林,79.0
20201111,17,PM2.5,榆林,58.0
20201111,17,PM2.5_24h,榆林,66.0
20201111,17,PM10,榆林,65.0
20201111,17,PM10_24h,榆林,83.0
20201111,17,SO2,榆林,12.0
20201111,17,SO2_24h,榆林,16.0
20201111,17,NO2,榆林,34.0
20201111,17,NO2_24h,榆林,52.0
20201111,17,O3,榆林,117.0
20201111,17,O3_24h,榆林,126.0
20201111,17,O3_8h,榆林,106.0
20201111,17,O3_8h_24h,榆林,106.0
20201111,17,CO,榆林,0.87
20201111,17,CO_24h,榆林,1.1
20201111,18,AQI,榆林,85.0
20201111,18,PM2.5,榆林,63.0
20201111,18,PM2.5_24h,榆林,66.0
20201111,18,PM10,榆林,82.0
20201111,18,PM10_24h,榆林,83.0
20201111,18,SO2,榆林,13.0
20201111,18,SO2_24h,榆林,16.0
20201111,18,NO2,榆林,63.0
20201111,18,NO2_24h,榆林,52.0
20201111,18,O3,榆林,85.0
20201111,18,O3_24h,榆林,126.0
20201111,18,O3_8h,榆林,107.0
20201111,18,O3_8h_24h,榆林,107.0
20201111,18,CO,榆林,1.17
20201111,18,CO_24h,榆林,1.13
20201111,19,AQI,榆林,99.0
20201111,19,PM2.5,榆林,74.0
20201111,19,PM2.5_24h,榆林,68.0
20201111,19,PM10,榆林,107.0
20201111,19,PM10_24h,榆林,85.0
20201111,19,SO2,榆林,13.0
20201111,19,SO2_24h,榆林,15.0
20201111,19,NO2,榆林,80.0
20201111,19,NO2_24h,榆林,53.0
20201111,19,O3,榆林,64.0
20201111,19,O3_24h,榆林,126.0
20201111,19,O3_8h,榆林,105.0
20201111,19,O3_8h_24h,榆林,108.0
20201111,19,CO,榆林,1.4
20201111,19,CO_24h,榆林,1.13
20201111,20,AQI,榆林,96.0
20201111,20,PM2.5,榆林,72.0
20201111,20,PM2.5_24h,榆林,69.0
20201111,20,PM10,榆林,103.0
20201111,20,PM10_24h,榆林,86.0
20201111,20,SO2,榆林,14.0
20201111,20,SO2_24h,榆林,15.0
20201111,20,NO2,榆林,88.0
20201111,20,NO2_24h,榆林,53.0
20201111,20,O3,榆林,51.0
20201111,20,O3_24h,榆林,126.0
20201111,20,O3_8h,榆林,99.0
20201111,20,O3_8h_24h,榆林,108.0
20201111,20,CO,榆林,1.3
20201111,20,CO_24h,榆林,1.13
20201111,21,AQI,榆林,96.0
20201111,21,PM2.5,榆林,72.0
20201111,21,PM2.5_24h,榆林,70.0
20201111,21,PM10,榆林,94.0
20201111,21,PM10_24h,榆林,87.0
20201111,21,SO2,榆林,14.0
20201111,21,SO2_24h,榆林,15.0
20201111,21,NO2,榆林,81.0
20201111,21,NO2_24h,榆林,54.0
20201111,21,O3,榆林,53.0
20201111,21,O3_24h,榆林,126.0
20201111,21,O3_8h,榆林,92.0
20201111,21,O3_8h_24h,榆林,108.0
20201111,21,CO,榆林,1.27
20201111,21,CO_24h,榆林,1.13
20201111,22,AQI,榆林,100.0
20201111,22,PM2.5,榆林,75.0
20201111,22,PM2.5_24h,榆林,71.0
20201111,22,PM10,榆林,89.0
20201111,22,PM10_24h,榆林,87.0
20201111,22,SO2,榆林,15.0
20201111,22,SO2_24h,榆林,15.0
20201111,22,NO2,榆林,96.0
20201111,22,NO2_24h,榆林,55.0
20201111,22,O3,榆林,33.0
20201111,22,O3_24h,榆林,126.0
20201111,22,O3_8h,榆林,82.0
20201111,22,O3_8h_24h,榆林,108.0
20201111,22,CO,榆林,1.77
20201111,22,CO_24h,榆林,1.13
20201111,23,AQI,榆林,106.0
20201111,23,PM2.5,榆林,80.0
20201111,23,PM2.5_24h,榆林,72.0
20201111,23,PM10,榆林,111.0
20201111,23,PM10_24h,榆林,88.0
20201111,23,SO2,榆林,14.0
20201111,23,SO2_24h,榆林,15.0
20201111,23,NO2,榆林,111.0
20201111,23,NO2_24h,榆林,57.0
20201111,23,O3,榆林,13.0
20201111,23,O3_24h,榆林,126.0
20201111,23,O3_8h,榆林,68.0
20201111,23,O3_8h_24h,榆林,108.0
20201111,23,CO,榆林,1.67
20201111,23,CO_24h,榆林,1.13
20201111,0,AQI,安康,59.0
20201111,0,PM2.5,安康,39.0
20201111,0,PM2.5_24h,安康,36.0
20201111,0,PM10,安康,68.0
20201111,0,PM10_24h,安康,70.0
20201111,0,SO2,安康,8.0
20201111,0,SO2_24h,安康,11.0
20201111,0,NO2,安康,29.0
20201111,0,NO2_24h,安康,29.0
20201111,0,O3,安康,21.0
20201111,0,O3_24h,安康,110.0
20201111,0,O3_8h,安康,34.0
20201111,0,O3_8h_24h,安康,77.0
20201111,0,CO,安康,0.5
20201111,0,CO_24h,安康,0.6
20201111,1,AQI,安康,62.0
20201111,1,PM2.5,安康,40.0
20201111,1,PM2.5_24h,安康,37.0
20201111,1,PM10,安康,73.0
20201111,1,PM10_24h,安康,71.0
20201111,1,SO2,安康,9.0
20201111,1,SO2_24h,安康,11.0
20201111,1,NO2,安康,27.0
20201111,1,NO2_24h,安康,29.0
20201111,1,O3,安康,18.0
20201111,1,O3_24h,安康,110.0
20201111,1,O3_8h,安康,18.0
20201111,1,O3_8h_24h,安康,18.0
20201111,1,CO,安康,0.5
20201111,1,CO_24h,安康,0.6
20201111,2,AQI,安康,56.0
20201111,2,PM2.5,安康,39.0
20201111,2,PM2.5_24h,安康,37.0
20201111,2,PM10,安康,62.0
20201111,2,PM10_24h,安康,71.0
20201111,2,SO2,安康,9.0
20201111,2,SO2_24h,安康,11.0
20201111,2,NO2,安康,25.0
20201111,2,NO2_24h,安康,29.0
20201111,2,O3,安康,14.0
20201111,2,O3_24h,安康,110.0
20201111,2,O3_8h,安康,16.0
20201111,2,O3_8h_24h,安康,18.0
20201111,2,CO,安康,0.5
20201111,2,CO_24h,安康,0.6
20201111,3,AQI,安康,55.0
20201111,3,PM2.5,安康,38.0
20201111,3,PM2.5_24h,安康,38.0
20201111,3,PM10,安康,59.0
20201111,3,PM10_24h,安康,72.0
20201111,3,SO2,安康,9.0
20201111,3,SO2_24h,安康,11.0
20201111,3,NO2,安康,24.0
20201111,3,NO2_24h,安康,29.0
20201111,3,O3,安康,12.0
20201111,3,O3_24h,安康,110.0
20201111,3,O3_8h,安康,15.0
20201111,3,O3_8h_24h,安康,18.0
20201111,3,CO,安康,0.5
20201111,3,CO_24h,安康,0.6
20201111,4,AQI,安康,52.0
20201111,4,PM2.5,安康,36.0
20201111,4,PM2.5_24h,安康,38.0
20201111,4,PM10,安康,53.0
20201111,4,PM10_24h,安康,72.0
20201111,4,SO2,安康,9.0
20201111,4,SO2_24h,安康,11.0
20201111,4,NO2,安康,23.0
20201111,4,NO2_24h,安康,29.0
20201111,4,O3,安康,12.0
20201111,4,O3_24h,安康,110.0
20201111,4,O3_8h,安康,14.0
20201111,4,O3_8h_24h,安康,18.0
20201111,4,CO,安康,0.5
20201111,4,CO_24h,安康,0.6
20201111,5,AQI,安康,52.0
20201111,5,PM2.5,安康,36.0
20201111,5,PM2.5_24h,安康,38.0
20201111,5,PM10,安康,53.0
20201111,5,PM10_24h,安康,73.0
20201111,5,SO2,安康,9.0
20201111,5,SO2_24h,安康,11.0
20201111,5,NO2,安康,20.0
20201111,5,NO2_24h,安康,29.0
20201111,5,O3,安康,12.0
20201111,5,O3_24h,安康,110.0
20201111,5,O3_8h,安康,13.0
20201111,5,O3_8h_24h,安康,18.0
20201111,5,CO,安康,0.5
20201111,5,CO_24h,安康,0.65
20201111,6,AQI,安康,50.0
20201111,6,PM2.5,安康,35.0
20201111,6,PM2.5_24h,安康,38.0
20201111,6,PM10,安康,49.0
20201111,6,PM10_24h,安康,73.0
20201111,6,SO2,安康,9.0
20201111,6,SO2_24h,安康,11.0
20201111,6,NO2,安康,19.0
20201111,6,NO2_24h,安康,29.0
20201111,6,O3,安康,9.0
20201111,6,O3_24h,安康,110.0
20201111,6,O3_8h,安康,13.0
20201111,6,O3_8h_24h,安康,18.0
20201111,6,CO,安康,0.5
20201111,6,CO_24h,安康,0.65
20201111,8,AQI,安康,54.0
20201111,8,PM2.5,安康,38.0
20201111,8,PM2.5_24h,安康,39.0
20201111,8,PM10,安康,48.0
20201111,8,PM10_24h,安康,73.0
20201111,8,SO2,安康,11.0
20201111,8,SO2_24h,安康,11.0
20201111,8,NO2,安康,19.0
20201111,8,NO2_24h,安康,29.0
20201111,8,O3,安康,10.0
20201111,8,O3_24h,安康,110.0
20201111,8,O3_8h,安康,12.0
20201111,8,O3_8h_24h,安康,18.0
20201111,8,CO,安康,0.55
20201111,8,CO_24h,安康,0.65
20201111,10,AQI,安康,59.0
20201111,10,PM2.5,安康,42.0
20201111,10,PM2.5_24h,安康,39.0
20201111,10,PM10,安康,66.0
20201111,10,PM10_24h,安康,74.0
20201111,10,SO2,安康,20.0
20201111,10,SO2_24h,安康,11.0
20201111,10,NO2,安康,21.0
20201111,10,NO2_24h,安康,30.0
20201111,10,O3,安康,16.0
20201111,10,O3_24h,安康,110.0
20201111,10,O3_8h,安康,11.0
20201111,10,O3_8h_24h,安康,18.0
20201111,10,CO,安康,0.75
20201111,10,CO_24h,安康,0.65
20201111,11,AQI,安康,66.0
20201111,11,PM2.5,安康,47.0
20201111,11,PM2.5_24h,安康,39.0
20201111,11,PM10,安康,81.0
20201111,11,PM10_24h,安康,74.0
20201111,11,SO2,安康,28.0
20201111,11,SO2_24h,安康,11.0
20201111,11,NO2,安康,23.0
20201111,11,NO2_24h,安康,30.0
20201111,11,O3,安康,34.0
20201111,11,O3_24h,安康,110.0
20201111,11,O3_8h,安康,14.0
20201111,11,O3_8h_24h,安康,18.0
20201111,11,CO,安康,0.75
20201111,11,CO_24h,安康,0.65
20201111,12,AQI,安康,71.0
20201111,12,PM2.5,安康,52.0
20201111,12,PM2.5_24h,安康,40.0
20201111,12,PM10,安康,87.0
20201111,12,PM10_24h,安康,75.0
20201111,12,SO2,安康,16.0
20201111,12,SO2_24h,安康,11.0
20201111,12,NO2,安康,26.0
20201111,12,NO2_24h,安康,30.0
20201111,12,O3,安康,61.0
20201111,12,O3_24h,安康,110.0
20201111,12,O3_8h,安康,17.0
20201111,12,O3_8h_24h,安康,20.0
20201111,12,CO,安康,0.7
20201111,12,CO_24h,安康,0.65
20201111,13,AQI,安康,80.0
20201111,13,PM2.5,安康,59.0
20201111,13,PM2.5_24h,安康,41.0
20201111,13,PM10,安康,101.0
20201111,13,PM10_24h,安康,76.0
20201111,13,SO2,安康,13.0
20201111,13,SO2_24h,安康,11.0
20201111,13,NO2,安康,20.0
20201111,13,NO2_24h,安康,30.0
20201111,13,O3,安康,105.0
20201111,13,O3_24h,安康,110.0
20201111,13,O3_8h,安康,29.0
20201111,13,O3_8h_24h,安康,29.0
20201111,13,CO,安康,0.75
20201111,13,CO_24h,安康,0.65
20201111,14,AQI,安康,71.0
20201111,14,PM2.5,安康,52.0
20201111,14,PM2.5_24h,安康,41.0
20201111,14,PM10,安康,92.0
20201111,14,PM10_24h,安康,76.0
20201111,14,SO2,安康,12.0
20201111,14,SO2_24h,安康,11.0
20201111,14,NO2,安康,13.0
20201111,14,NO2_24h,安康,30.0
20201111,14,O3,安康,136.0
20201111,14,O3_24h,安康,136.0
20201111,14,O3_8h,安康,47.0
20201111,14,O3_8h_24h,安康,47.0
20201111,14,CO,安康,0.6
20201111,14,CO_24h,安康,0.65
20201111,15,AQI,安康,72.0
20201111,15,PM2.5,安康,48.0
20201111,15,PM2.5_24h,安康,42.0
20201111,15,PM10,安康,93.0
20201111,15,PM10_24h,安康,77.0
20201111,15,SO2,安康,11.0
20201111,15,SO2_24h,安康,11.0
20201111,15,NO2,安康,20.0
20201111,15,NO2_24h,安康,30.0
20201111,15,O3,安康,124.0
20201111,15,O3_24h,安康,136.0
20201111,15,O3_8h,安康,62.0
20201111,15,O3_8h_24h,安康,62.0
20201111,15,CO,安康,0.65
20201111,15,CO_24h,安康,0.65
20201111,16,AQI,安康,69.0
20201111,16,PM2.5,安康,45.0
20201111,16,PM2.5_24h,安康,43.0
20201111,16,PM10,安康,87.0
20201111,16,PM10_24h,安康,78.0
20201111,16,SO2,安康,10.0
20201111,16,SO2_24h,安康,12.0
20201111,16,NO2,安康,22.0
20201111,16,NO2_24h,安康,30.0
20201111,16,O3,安康,118.0
20201111,16,O3_24h,安康,136.0
20201111,16,O3_8h,安康,77.0
20201111,16,O3_8h_24h,安康,77.0
20201111,16,CO,安康,0.65
20201111,16,CO_24h,安康,0.65
20201111,17,AQI,安康,68.0
20201111,17,PM2.5,安康,42.0
20201111,17,PM2.5_24h,安康,43.0
20201111,17,PM10,安康,86.0
20201111,17,PM10_24h,安康,78.0
20201111,17,SO2,安康,10.0
20201111,17,SO2_24h,安康,12.0
20201111,17,NO2,安康,20.0
20201111,17,NO2_24h,安康,29.0
20201111,17,O3,安康,124.0
20201111,17,O3_24h,安康,136.0
20201111,17,O3_8h,安康,92.0
20201111,17,O3_8h_24h,安康,92.0
20201111,17,CO,安康,0.65
20201111,17,CO_24h,安康,0.65
20201111,18,AQI,安康,73.0
20201111,18,PM2.5,安康,52.0
20201111,18,PM2.5_24h,安康,43.0
20201111,18,PM10,安康,95.0
20201111,18,PM10_24h,安康,78.0
20201111,18,SO2,安康,9.0
20201111,18,SO2_24h,安康,12.0
20201111,18,NO2,安康,74.0
20201111,18,NO2_24h,安康,30.0
20201111,18,O3,安康,48.0
20201111,18,O3_24h,安康,136.0
20201111,18,O3_8h,安康,96.0
20201111,18,O3_8h_24h,安康,96.0
20201111,18,CO,安康,1.35
20201111,18,CO_24h,安康,0.7
20201111,19,AQI,安康,101.0
20201111,19,PM2.5,安康,56.0
20201111,19,PM2.5_24h,安康,43.0
20201111,19,PM10,安康,151.0
20201111,19,PM10_24h,安康,79.0
20201111,19,SO2,安康,11.0
20201111,19,SO2_24h,安康,12.0
20201111,19,NO2,安康,73.0
20201111,19,NO2_24h,安康,30.0
20201111,19,O3,安康,23.0
20201111,19,O3_24h,安康,136.0
20201111,19,O3_8h,安康,94.0
20201111,19,O3_8h_24h,安康,96.0
20201111,19,CO,安康,1.45
20201111,19,CO_24h,安康,0.7
20201111,20,AQI,安康,93.0
20201111,20,PM2.5,安康,56.0
20201111,20,PM2.5_24h,安康,44.0
20201111,20,PM10,安康,136.0
20201111,20,PM10_24h,安康,80.0
20201111,20,SO2,安康,12.0
20201111,20,SO2_24h,安康,11.0
20201111,20,NO2,安康,57.0
20201111,20,NO2_24h,安康,29.0
20201111,20,O3,安康,28.0
20201111,20,O3_24h,安康,136.0
20201111,20,O3_8h,安康,88.0
20201111,20,O3_8h_24h,安康,96.0
20201111,20,CO,安康,1.05
20201111,20,CO_24h,安康,0.7
20201111,21,AQI,安康,81.0
20201111,21,PM2.5,安康,47.0
20201111,21,PM2.5_24h,安康,44.0
20201111,21,PM10,安康,112.0
20201111,21,PM10_24h,安康,80.0
20201111,21,SO2,安康,10.0
20201111,21,SO2_24h,安康,11.0
20201111,21,NO2,安康,49.0
20201111,21,NO2_24h,安康,30.0
20201111,21,O3,安康,27.0
20201111,21,O3_24h,安康,136.0
20201111,21,O3_8h,安康,79.0
20201111,21,O3_8h_24h,安康,96.0
20201111,21,CO,安康,0.8
20201111,21,CO_24h,安康,0.7
20201111,22,AQI,安康,82.0
20201111,22,PM2.5,安康,45.0
20201111,22,PM2.5_24h,安康,44.0
20201111,22,PM10,安康,113.0
20201111,22,PM10_24h,安康,81.0
20201111,22,SO2,安康,9.0
20201111,22,SO2_24h,安康,11.0
20201111,22,NO2,安康,49.0
20201111,22,NO2_24h,安康,30.0
20201111,22,O3,安康,16.0
20201111,22,O3_24h,安康,136.0
20201111,22,O3_8h,安康,63.0
20201111,22,O3_8h_24h,安康,96.0
20201111,22,CO,安康,0.85
20201111,22,CO_24h,安康,0.7
20201111,23,AQI,安康,76.0
20201111,23,PM2.5,安康,44.0
20201111,23,PM2.5_24h,安康,44.0
20201111,23,PM10,安康,102.0
20201111,23,PM10_24h,安康,82.0
20201111,23,SO2,安康,10.0
20201111,23,SO2_24h,安康,11.0
20201111,23,NO2,安康,43.0
20201111,23,NO2_24h,安康,31.0
20201111,23,O3,安康,15.0
20201111,23,O3_24h,安康,136.0
20201111,23,O3_8h,安康,50.0
20201111,23,O3_8h_24h,安康,96.0
20201111,23,CO,安康,0.7
20201111,23,CO_24h,安康,0.7
20201111,0,AQI,商洛,71.0
20201111,0,PM2.5,商洛,52.0
20201111,0,PM2.5_24h,商洛,44.0
20201111,0,PM10,商洛,86.0
20201111,0,PM10_24h,商洛,84.0
20201111,0,SO2,商洛,6.0
20201111,0,SO2_24h,商洛,8.0
20201111,0,NO2,商洛,44.0
20201111,0,NO2_24h,商洛,40.0
20201111,0,O3,商洛,43.0
20201111,0,O3_24h,商洛,125.0
20201111,0,O3_8h,商洛,73.0
20201111,0,O3_8h_24h,商洛,98.0
20201111,0,CO,商洛,0.5
20201111,0,CO_24h,商洛,0.55
20201111,1,AQI,商洛,65.0
20201111,1,PM2.5,商洛,44.0
20201111,1,PM2.5_24h,商洛,44.0
20201111,1,PM10,商洛,80.0
20201111,1,PM10_24h,商洛,85.0
20201111,1,SO2,商洛,6.0
20201111,1,SO2_24h,商洛,8.0
20201111,1,NO2,商洛,43.0
20201111,1,NO2_24h,商洛,40.0
20201111,1,O3,商洛,41.0
20201111,1,O3_24h,商洛,125.0
20201111,1,O3_8h,商洛,41.0
20201111,1,O3_8h_24h,商洛,41.0
20201111,1,CO,商洛,0.45
20201111,1,CO_24h,商洛,0.55
20201111,2,AQI,商洛,64.0
20201111,2,PM2.5,商洛,40.0
20201111,2,PM2.5_24h,商洛,45.0
20201111,2,PM10,商洛,77.0
20201111,2,PM10_24h,商洛,86.0
20201111,2,SO2,商洛,5.0
20201111,2,SO2_24h,商洛,8.0
20201111,2,NO2,商洛,46.0
20201111,2,NO2_24h,商洛,40.0
20201111,2,O3,商洛,34.0
20201111,2,O3_24h,商洛,125.0
20201111,2,O3_8h,商洛,37.0
20201111,2,O3_8h_24h,商洛,41.0
20201111,2,CO,商洛,0.45
20201111,2,CO_24h,商洛,0.55
20201111,3,AQI,商洛,61.0
20201111,3,PM2.5,商洛,37.0
20201111,3,PM2.5_24h,商洛,45.0
20201111,3,PM10,商洛,71.0
20201111,3,PM10_24h,商洛,86.0
20201111,3,SO2,商洛,5.0
20201111,3,SO2_24h,商洛,8.0
20201111,3,NO2,商洛,43.0
20201111,3,NO2_24h,商洛,40.0
20201111,3,O3,商洛,33.0
20201111,3,O3_24h,商洛,125.0
20201111,3,O3_8h,商洛,36.0
20201111,3,O3_8h_24h,商洛,41.0
20201111,3,CO,商洛,0.45
20201111,3,CO_24h,商洛,0.55
20201111,4,AQI,商洛,62.0
20201111,4,PM2.5,商洛,37.0
20201111,4,PM2.5_24h,商洛,45.0
20201111,4,PM10,商洛,73.0
20201111,4,PM10_24h,商洛,87.0
20201111,4,SO2,商洛,5.0
20201111,4,SO2_24h,商洛,8.0
20201111,4,NO2,商洛,45.0
20201111,4,NO2_24h,商洛,40.0
20201111,4,O3,商洛,27.0
20201111,4,O3_24h,商洛,125.0
20201111,4,O3_8h,商洛,34.0
20201111,4,O3_8h_24h,商洛,41.0
20201111,4,CO,商洛,0.45
20201111,4,CO_24h,商洛,0.55
20201111,5,AQI,商洛,68.0
20201111,5,PM2.5,商洛,37.0
20201111,5,PM2.5_24h,商洛,45.0
20201111,5,PM10,商洛,85.0
20201111,5,PM10_24h,商洛,88.0
20201111,5,SO2,商洛,6.0
20201111,5,SO2_24h,商洛,8.0
20201111,5,NO2,商洛,41.0
20201111,5,NO2_24h,商洛,40.0
20201111,5,O3,商洛,32.0
20201111,5,O3_24h,商洛,125.0
20201111,5,O3_8h,商洛,34.0
20201111,5,O3_8h_24h,商洛,41.0
20201111,5,CO,商洛,0.5
20201111,5,CO_24h,商洛,0.55
20201111,6,AQI,商洛,64.0
20201111,6,PM2.5,商洛,38.0
20201111,6,PM2.5_24h,商洛,45.0
20201111,6,PM10,商洛,77.0
20201111,6,PM10_24h,商洛,89.0
20201111,6,SO2,商洛,5.0
20201111,6,SO2_24h,商洛,8.0
20201111,6,NO2,商洛,39.0
20201111,6,NO2_24h,商洛,40.0
20201111,6,O3,商洛,34.0
20201111,6,O3_24h,商洛,125.0
20201111,6,O3_8h,商洛,34.0
20201111,6,O3_8h_24h,商洛,41.0
20201111,6,CO,商洛,0.5
20201111,6,CO_24h,商洛,0.55
20201111,8,AQI,商洛,68.0
20201111,8,PM2.5,商洛,41.0
20201111,8,PM2.5_24h,商洛,47.0
20201111,8,PM10,商洛,86.0
20201111,8,PM10_24h,商洛,91.0
20201111,8,SO2,商洛,4.0
20201111,8,SO2_24h,商洛,8.0
20201111,8,NO2,商洛,46.0
20201111,8,NO2_24h,商洛,41.0
20201111,8,O3,商洛,21.0
20201111,8,O3_24h,商洛,125.0
20201111,8,O3_8h,商洛,32.0
20201111,8,O3_8h_24h,商洛,41.0
20201111,8,CO,商洛,0.6
20201111,8,CO_24h,商洛,0.55
20201111,10,AQI,商洛,75.0
20201111,10,PM2.5,商洛,47.0
20201111,10,PM2.5_24h,商洛,47.0
20201111,10,PM10,商洛,100.0
20201111,10,PM10_24h,商洛,93.0
20201111,10,SO2,商洛,5.0
20201111,10,SO2_24h,商洛,8.0
20201111,10,NO2,商洛,35.0
20201111,10,NO2_24h,商洛,41.0
20201111,10,O3,商洛,42.0
20201111,10,O3_24h,商洛,125.0
20201111,10,O3_8h,商洛,31.0
20201111,10,O3_8h_24h,商洛,41.0
20201111,10,CO,商洛,0.65
20201111,10,CO_24h,商洛,0.55
20201111,11,AQI,商洛,74.0
20201111,11,PM2.5,商洛,50.0
20201111,11,PM2.5_24h,商洛,48.0
20201111,11,PM10,商洛,98.0
20201111,11,PM10_24h,商洛,93.0
20201111,11,SO2,商洛,6.0
20201111,11,SO2_24h,商洛,8.0
20201111,11,NO2,商洛,29.0
20201111,11,NO2_24h,商洛,41.0
20201111,11,O3,商洛,67.0
20201111,11,O3_24h,商洛,125.0
20201111,11,O3_8h,商洛,35.0
20201111,11,O3_8h_24h,商洛,42.0
20201111,11,CO,商洛,0.65
20201111,11,CO_24h,商洛,0.55
20201111,12,AQI,商洛,80.0
20201111,12,PM2.5,商洛,57.0
20201111,12,PM2.5_24h,商洛,48.0
20201111,12,PM10,商洛,109.0
20201111,12,PM10_24h,商洛,94.0
20201111,12,SO2,商洛,13.0
20201111,12,SO2_24h,商洛,8.0
20201111,12,NO2,商洛,26.0
20201111,12,NO2_24h,商洛,41.0
20201111,12,O3,商洛,119.0
20201111,12,O3_24h,商洛,125.0
20201111,12,O3_8h,商洛,46.0
20201111,12,O3_8h_24h,商洛,48.0
20201111,12,CO,商洛,0.65
20201111,12,CO_24h,商洛,0.6
20201111,13,AQI,商洛,84.0
20201111,13,PM2.5,商洛,56.0
20201111,13,PM2.5_24h,商洛,48.0
20201111,13,PM10,商洛,117.0
20201111,13,PM10_24h,商洛,94.0
20201111,13,SO2,商洛,13.0
20201111,13,SO2_24h,商洛,8.0
20201111,13,NO2,商洛,22.0
20201111,13,NO2_24h,商洛,41.0
20201111,13,O3,商洛,144.0
20201111,13,O3_24h,商洛,144.0
20201111,13,O3_8h,商洛,60.0
20201111,13,O3_8h_24h,商洛,60.0
20201111,13,CO,商洛,0.6
20201111,13,CO_24h,商洛,0.6
20201111,14,AQI,商洛,80.0
20201111,14,PM2.5,商洛,56.0
20201111,14,PM2.5_24h,商洛,48.0
20201111,14,PM10,商洛,109.0
20201111,14,PM10_24h,商洛,95.0
20201111,14,SO2,商洛,14.0
20201111,14,SO2_24h,商洛,8.0
20201111,14,NO2,商洛,23.0
20201111,14,NO2_24h,商洛,41.0
20201111,14,O3,商洛,146.0
20201111,14,O3_24h,商洛,146.0
20201111,14,O3_8h,商洛,74.0
20201111,14,O3_8h_24h,商洛,74.0
20201111,14,CO,商洛,0.6
20201111,14,CO_24h,商洛,0.6
20201111,15,AQI,商洛,77.0
20201111,15,PM2.5,商洛,52.0
20201111,15,PM2.5_24h,商洛,48.0
20201111,15,PM10,商洛,104.0
20201111,15,PM10_24h,商洛,95.0
20201111,15,SO2,商洛,13.0
20201111,15,SO2_24h,商洛,8.0
20201111,15,NO2,商洛,25.0
20201111,15,NO2_24h,商洛,41.0
20201111,15,O3,商洛,151.0
20201111,15,O3_24h,商洛,151.0
20201111,15,O3_8h,商洛,89.0
20201111,15,O3_8h_24h,商洛,89.0
20201111,15,CO,商洛,0.55
20201111,15,CO_24h,商洛,0.6
20201111,16,AQI,商洛,76.0
20201111,16,PM2.5,商洛,43.0
20201111,16,PM2.5_24h,商洛,48.0
20201111,16,PM10,商洛,102.0
20201111,16,PM10_24h,商洛,95.0
20201111,16,SO2,商洛,10.0
20201111,16,SO2_24h,商洛,8.0
20201111,16,NO2,商洛,25.0
20201111,16,NO2_24h,商洛,41.0
20201111,16,O3,商洛,147.0
20201111,16,O3_24h,商洛,151.0
20201111,16,O3_8h,商洛,105.0
20201111,16,O3_8h_24h,商洛,105.0
20201111,16,CO,商洛,0.5
20201111,16,CO_24h,商洛,0.55
20201111,17,AQI,商洛,81.0
20201111,17,PM2.5,商洛,41.0
20201111,17,PM2.5_24h,商洛,47.0
20201111,17,PM10,商洛,112.0
20201111,17,PM10_24h,商洛,95.0
20201111,17,SO2,商洛,10.0
20201111,17,SO2_24h,商洛,8.0
20201111,17,NO2,商洛,33.0
20201111,17,NO2_24h,商洛,40.0
20201111,17,O3,商洛,132.0
20201111,17,O3_24h,商洛,151.0
20201111,17,O3_8h,商洛,118.0
20201111,17,O3_8h_24h,商洛,118.0
20201111,17,CO,商洛,0.4
20201111,17,CO_24h,商洛,0.55
20201111,18,AQI,商洛,78.0
20201111,18,PM2.5,商洛,44.0
20201111,18,PM2.5_24h,商洛,47.0
20201111,18,PM10,商洛,106.0
20201111,18,PM10_24h,商洛,95.0
20201111,18,SO2,商洛,9.0
20201111,18,SO2_24h,商洛,8.0
20201111,18,NO2,商洛,48.0
20201111,18,NO2_24h,商洛,40.0
20201111,18,O3,商洛,113.0
20201111,18,O3_24h,商洛,151.0
20201111,18,O3_8h,商洛,127.0
20201111,18,O3_8h_24h,商洛,127.0
20201111,18,CO,商洛,0.6
20201111,18,CO_24h,商洛,0.55
20201111,19,AQI,商洛,84.0
20201111,19,PM2.5,商洛,50.0
20201111,19,PM2.5_24h,商洛,48.0
20201111,19,PM10,商洛,117.0
20201111,19,PM10_24h,商洛,95.0
20201111,19,SO2,商洛,10.0
20201111,19,SO2_24h,商洛,8.0
20201111,19,NO2,商洛,58.0
20201111,19,NO2_24h,商洛,39.0
20201111,19,O3,商洛,96.0
20201111,19,O3_24h,商洛,151.0
20201111,19,O3_8h,商洛,131.0
20201111,19,O3_8h_24h,商洛,131.0
20201111,19,CO,商洛,0.75
20201111,19,CO_24h,商洛,0.55
20201111,20,AQI,商洛,78.0
20201111,20,PM2.5,商洛,50.0
20201111,20,PM2.5_24h,商洛,48.0
20201111,20,PM10,商洛,105.0
20201111,20,PM10_24h,商洛,95.0
20201111,20,SO2,商洛,9.0
20201111,20,SO2_24h,商洛,8.0
20201111,20,NO2,商洛,49.0
20201111,20,NO2_24h,商洛,39.0
20201111,20,O3,商洛,107.0
20201111,20,O3_24h,商洛,151.0
20201111,20,O3_8h,商洛,130.0
20201111,20,O3_8h_24h,商洛,131.0
20201111,20,CO,商洛,0.65
20201111,20,CO_24h,商洛,0.55
20201111,21,AQI,商洛,75.0
20201111,21,PM2.5,商洛,50.0
20201111,21,PM2.5_24h,商洛,47.0
20201111,21,PM10,商洛,99.0
20201111,21,PM10_24h,商洛,94.0
20201111,21,SO2,商洛,9.0
20201111,21,SO2_24h,商洛,8.0
20201111,21,NO2,商洛,42.0
20201111,21,NO2_24h,商洛,39.0
20201111,21,O3,商洛,114.0
20201111,21,O3_24h,商洛,151.0
20201111,21,O3_8h,商洛,126.0
20201111,21,O3_8h_24h,商洛,131.0
20201111,21,CO,商洛,0.7
20201111,21,CO_24h,商洛,0.55
20201111,22,AQI,商洛,75.0
20201111,22,PM2.5,商洛,53.0
20201111,22,PM2.5_24h,商洛,47.0
20201111,22,PM10,商洛,100.0
20201111,22,PM10_24h,商洛,95.0
20201111,22,SO2,商洛,9.0
20201111,22,SO2_24h,商洛,8.0
20201111,22,NO2,商洛,41.0
20201111,22,NO2_24h,商洛,39.0
20201111,22,O3,商洛,112.0
20201111,22,O3_24h,商洛,151.0
20201111,22,O3_8h,商洛,121.0
20201111,22,O3_8h_24h,商洛,131.0
20201111,22,CO,商洛,0.8
20201111,22,CO_24h,商洛,0.55
20201111,23,AQI,商洛,73.0
20201111,23,PM2.5,商洛,52.0
20201111,23,PM2.5_24h,商洛,47.0
20201111,23,PM10,商洛,96.0
20201111,23,PM10_24h,商洛,95.0
20201111,23,SO2,商洛,7.0
20201111,23,SO2_24h,商洛,8.0
20201111,23,NO2,商洛,44.0
20201111,23,NO2_24h,商洛,39.0
20201111,23,O3,商洛,83.0
20201111,23,O3_24h,商洛,151.0
20201111,23,O3_8h,商洛,112.0
20201111,23,O3_8h_24h,商洛,131.0
20201111,23,CO,商洛,0.65
20201111,23,CO_24h,商洛,0.55
20201111,0,AQI,白银,89.0
20201111,0,PM2.5,白银,66.0
20201111,0,PM2.5_24h,白银,60.0
20201111,0,PM10,白银,89.0
20201111,0,PM10_24h,白银,102.0
20201111,0,SO2,白银,34.0
20201111,0,SO2_24h,白银,21.0
20201111,0,NO2,白银,47.0
20201111,0,NO2_24h,白银,51.0
20201111,0,O3,白银,54.0
20201111,0,O3_24h,白银,119.0
20201111,0,O3_8h,白银,53.0
20201111,0,O3_8h_24h,白银,85.0
20201111,0,CO,白银,0.85
20201111,0,CO_24h,白银,1.1
20201111,1,AQI,白银,88.0
20201111,1,PM2.5,白银,65.0
20201111,1,PM2.5_24h,白银,60.0
20201111,1,PM10,白银,89.0
20201111,1,PM10_24h,白银,101.0
20201111,1,SO2,白银,24.0
20201111,1,SO2_24h,白银,22.0
20201111,1,NO2,白银,46.0
20201111,1,NO2_24h,白银,52.0
20201111,1,O3,白银,54.0
20201111,1,O3_24h,白银,114.0
20201111,1,O3_8h,白银,54.0
20201111,1,O3_8h_24h,白银,54.0
20201111,1,CO,白银,0.85
20201111,1,CO_24h,白银,1.1
20201111,2,AQI,白银,90.0
20201111,2,PM2.5,白银,67.0
20201111,2,PM2.5_24h,白银,60.0
20201111,2,PM10,白银,88.0
20201111,2,PM10_24h,白银,101.0
20201111,2,SO2,白银,27.0
20201111,2,SO2_24h,白银,22.0
20201111,2,NO2,白银,47.0
20201111,2,NO2_24h,白银,52.0
20201111,2,O3,白银,57.0
20201111,2,O3_24h,白银,114.0
20201111,2,O3_8h,白银,55.0
20201111,2,O3_8h_24h,白银,57.0
20201111,2,CO,白银,0.9
20201111,2,CO_24h,白银,1.1
20201111,3,AQI,白银,76.0
20201111,3,PM2.5,白银,56.0
20201111,3,PM2.5_24h,白银,60.0
20201111,3,PM10,白银,88.0
20201111,3,PM10_24h,白银,101.0
20201111,3,SO2,白银,37.0
20201111,3,SO2_24h,白银,24.0
20201111,3,NO2,白银,44.0
20201111,3,NO2_24h,白银,52.0
20201111,3,O3,白银,77.0
20201111,3,O3_24h,白银,114.0
20201111,3,O3_8h,白银,62.0
20201111,3,O3_8h_24h,白银,66.0
20201111,3,CO,白银,0.85
20201111,3,CO_24h,白银,1.1
20201111,4,AQI,白银,76.0
20201111,4,PM2.5,白银,56.0
20201111,4,PM2.5_24h,白银,60.0
20201111,4,PM10,白银,89.0
20201111,4,PM10_24h,白银,102.0
20201111,4,SO2,白银,34.0
20201111,4,SO2_24h,白银,25.0
20201111,4,NO2,白银,43.0
20201111,4,NO2_24h,白银,52.0
20201111,4,O3,白银,70.0
20201111,4,O3_24h,白银,114.0
20201111,4,O3_8h,白银,65.0
20201111,4,O3_8h_24h,白银,68.0
20201111,4,CO,白银,0.85
20201111,4,CO_24h,白银,1.1
20201111,5,AQI,白银,70.0
20201111,5,PM2.5,白银,51.0
20201111,5,PM2.5_24h,白银,61.0
20201111,5,PM10,白银,82.0
20201111,5,PM10_24h,白银,101.0
20201111,5,SO2,白银,26.0
20201111,5,SO2_24h,白银,25.0
20201111,5,NO2,白银,38.0
20201111,5,NO2_24h,白银,52.0
20201111,5,O3,白银,58.0
20201111,5,O3_24h,白银,114.0
20201111,5,O3_8h,白银,63.0
20201111,5,O3_8h_24h,白银,68.0
20201111,5,CO,白银,0.85
20201111,5,CO_24h,白银,1.05
20201111,6,AQI,白银,64.0
20201111,6,PM2.5,白银,46.0
20201111,6,PM2.5_24h,白银,61.0
20201111,6,PM10,白银,77.0
20201111,6,PM10_24h,白银,102.0
20201111,6,SO2,白银,18.0
20201111,6,SO2_24h,白银,26.0
20201111,6,NO2,白银,43.0
20201111,6,NO2_24h,白银,52.0
20201111,6,O3,白银,43.0
20201111,6,O3_24h,白银,114.0
20201111,6,O3_8h,白银,60.0
20201111,6,O3_8h_24h,白银,68.0
20201111,6,CO,白银,0.8
20201111,6,CO_24h,白银,1.05
20201111,8,AQI,白银,73.0
20201111,8,PM2.5,白银,53.0
20201111,8,PM2.5_24h,白银,61.0
20201111,8,PM10,白银,91.0
20201111,8,PM10_24h,白银,101.0
20201111,8,SO2,白银,25.0
20201111,8,SO2_24h,白银,27.0
20201111,8,NO2,白银,59.0
20201111,8,NO2_24h,白银,52.0
20201111,8,O3,白银,61.0
20201111,8,O3_24h,白银,114.0
20201111,8,O3_8h,白银,58.0
20201111,8,O3_8h_24h,白银,69.0
20201111,8,CO,白银,1.15
20201111,8,CO_24h,白银,1.05
20201111,10,AQI,白银,83.0
20201111,10,PM2.5,白银,56.0
20201111,10,PM2.5_24h,白银,60.0
20201111,10,PM10,白银,115.0
20201111,10,PM10_24h,白银,101.0
20201111,10,SO2,白银,19.0
20201111,10,SO2_24h,白银,27.0
20201111,10,NO2,白银,51.0
20201111,10,NO2_24h,白银,51.0
20201111,10,O3,白银,25.0
20201111,10,O3_24h,白银,104.0
20201111,10,O3_8h,白银,52.0
20201111,10,O3_8h_24h,白银,69.0
20201111,10,CO,白银,1.2
20201111,10,CO_24h,白银,1.0
20201111,11,AQI,白银,83.0
20201111,11,PM2.5,白银,61.0
20201111,11,PM2.5_24h,白银,60.0
20201111,11,PM10,白银,97.0
20201111,11,PM10_24h,白银,100.0
20201111,11,SO2,白银,40.0
20201111,11,SO2_24h,白银,27.0
20201111,11,NO2,白银,45.0
20201111,11,NO2_24h,白银,51.0
20201111,11,O3,白银,33.0
20201111,11,O3_24h,白银,104.0
20201111,11,O3_8h,白银,46.0
20201111,11,O3_8h_24h,白银,70.0
20201111,11,CO,白银,1.1
20201111,11,CO_24h,白银,1.0
20201111,12,AQI,白银,85.0
20201111,12,PM2.5,白银,63.0
20201111,12,PM2.5_24h,白银,61.0
20201111,12,PM10,白银,91.0
20201111,12,PM10_24h,白银,100.0
20201111,12,SO2,白银,32.0
20201111,12,SO2_24h,白银,28.0
20201111,12,NO2,白银,32.0
20201111,12,NO2_24h,白银,51.0
20201111,12,O3,白银,51.0
20201111,12,O3_24h,白银,104.0
20201111,12,O3_8h,白银,44.0
20201111,12,O3_8h_24h,白银,71.0
20201111,12,CO,白银,0.8
20201111,12,CO_24h,白银,1.0
20201111,13,AQI,白银,83.0
20201111,13,PM2.5,白银,61.0
20201111,13,PM2.5_24h,白银,61.0
20201111,13,PM10,白银,76.0
20201111,13,PM10_24h,白银,100.0
20201111,13,SO2,白银,35.0
20201111,13,SO2_24h,白银,28.0
20201111,13,NO2,白银,34.0
20201111,13,NO2_24h,白银,51.0
20201111,13,O3,白银,70.0
20201111,13,O3_24h,白银,104.0
20201111,13,O3_8h,白银,44.0
20201111,13,O3_8h_24h,白银,72.0
20201111,13,CO,白银,0.6
20201111,13,CO_24h,白银,0.95
20201111,14,AQI,白银,75.0
20201111,14,PM2.5,白银,55.0
20201111,14,PM2.5_24h,白银,61.0
20201111,14,PM10,白银,71.0
20201111,14,PM10_24h,白银,99.0
20201111,14,SO2,白银,35.0
20201111,14,SO2_24h,白银,28.0
20201111,14,NO2,白银,28.0
20201111,14,NO2_24h,白银,51.0
20201111,14,O3,白银,82.0
20201111,14,O3_24h,白银,107.0
20201111,14,O3_8h,白银,49.0
20201111,14,O3_8h_24h,白银,75.0
20201111,14,CO,白银,0.7
20201111,14,CO_24h,白银,0.95
20201111,15,AQI,白银,71.0
20201111,15,PM2.5,白银,52.0
20201111,15,PM2.5_24h,白银,61.0
20201111,15,PM10,白银,80.0
20201111,15,PM10_24h,白银,99.0
20201111,15,SO2,白银,88.0
20201111,15,SO2_24h,白银,31.0
20201111,15,NO2,白银,34.0
20201111,15,NO2_24h,白银,50.0
20201111,15,O3,白银,72.0
20201111,15,O3_24h,白银,107.0
20201111,15,O3_8h,白银,53.0
20201111,15,O3_8h_24h,白银,77.0
20201111,15,CO,白银,0.65
20201111,15,CO_24h,白银,0.95
20201111,16,AQI,白银,69.0
20201111,16,PM2.5,白银,50.0
20201111,16,PM2.5_24h,白银,60.0
20201111,16,PM10,白银,86.0
20201111,16,PM10_24h,白银,99.0
20201111,16,SO2,白银,143.0
20201111,16,SO2_24h,白银,36.0
20201111,16,NO2,白银,31.0
20201111,16,NO2_24h,白银,50.0
20201111,16,O3,白银,74.0
20201111,16,O3_24h,白银,107.0
20201111,16,O3_8h,白银,54.0
20201111,16,O3_8h_24h,白银,77.0
20201111,16,CO,白银,0.6
20201111,16,CO_24h,白银,0.9
20201111,17,AQI,白银,64.0
20201111,17,PM2.5,白银,43.0
20201111,17,PM2.5_24h,白银,59.0
20201111,17,PM10,白银,77.0
20201111,17,PM10_24h,白银,98.0
20201111,17,SO2,白银,74.0
20201111,17,SO2_24h,白银,38.0
20201111,17,NO2,白银,24.0
20201111,17,NO2_24h,白银,49.0
20201111,17,O3,白银,79.0
20201111,17,O3_24h,白银,107.0
20201111,17,O3_8h,白银,60.0
20201111,17,O3_8h_24h,白银,77.0
20201111,17,CO,白银,0.55
20201111,17,CO_24h,白银,0.9
20201111,18,AQI,白银,61.0
20201111,18,PM2.5,白银,39.0
20201111,18,PM2.5_24h,白银,59.0
20201111,18,PM10,白银,71.0
20201111,18,PM10_24h,白银,97.0
20201111,18,SO2,白银,47.0
20201111,18,SO2_24h,白银,38.0
20201111,18,NO2,白银,30.0
20201111,18,NO2_24h,白银,48.0
20201111,18,O3,白银,73.0
20201111,18,O3_24h,白银,107.0
20201111,18,O3_8h,白银,66.0
20201111,18,O3_8h_24h,白银,80.0
20201111,18,CO,白银,0.6
20201111,18,CO_24h,白银,0.9
20201111,19,AQI,白银,63.0
20201111,19,PM2.5,白银,37.0
20201111,19,PM2.5_24h,白银,57.0
20201111,19,PM10,白银,76.0
20201111,19,PM10_24h,白银,97.0
20201111,19,SO2,白银,33.0
20201111,19,SO2_24h,白银,38.0
20201111,19,NO2,白银,34.0
20201111,19,NO2_24h,白银,46.0
20201111,19,O3,白银,64.0
20201111,19,O3_24h,白银,107.0
20201111,19,O3_8h,白银,70.0
20201111,19,O3_8h_24h,白银,81.0
20201111,19,CO,白银,0.65
20201111,19,CO_24h,白银,0.85
20201111,20,AQI,白银,72.0
20201111,20,PM2.5,白银,35.0
20201111,20,PM2.5_24h,白银,55.0
20201111,20,PM10,白银,93.0
20201111,20,PM10_24h,白银,94.0
20201111,20,SO2,白银,13.0
20201111,20,SO2_24h,白银,37.0
20201111,20,NO2,白银,32.0
20201111,20,NO2_24h,白银,44.0
20201111,20,O3,白银,70.0
20201111,20,O3_24h,白银,107.0
20201111,20,O3_8h,白银,73.0
20201111,20,O3_8h_24h,白银,82.0
20201111,20,CO,白银,0.55
20201111,20,CO_24h,白银,0.85
20201111,21,AQI,白银,67.0
20201111,21,PM2.5,白银,39.0
20201111,21,PM2.5_24h,白银,53.0
20201111,21,PM10,白银,84.0
20201111,21,PM10_24h,白银,90.0
20201111,21,SO2,白银,10.0
20201111,21,SO2_24h,白银,36.0
20201111,21,NO2,白银,23.0
20201111,21,NO2_24h,白银,41.0
20201111,21,O3,白银,87.0
20201111,21,O3_24h,白银,107.0
20201111,21,O3_8h,白银,75.0
20201111,21,O3_8h_24h,白银,83.0
20201111,21,CO,白银,0.55
20201111,21,CO_24h,白银,0.8
20201111,22,AQI,白银,63.0
20201111,22,PM2.5,白银,43.0
20201111,22,PM2.5_24h,白银,52.0
20201111,22,PM10,白银,75.0
20201111,22,PM10_24h,白银,89.0
20201111,22,SO2,白银,12.0
20201111,22,SO2_24h,白银,36.0
20201111,22,NO2,白银,24.0
20201111,22,NO2_24h,白银,40.0
20201111,22,O3,白银,108.0
20201111,22,O3_24h,白银,127.0
20201111,22,O3_8h,白银,79.0
20201111,22,O3_8h_24h,白银,85.0
20201111,22,CO,白银,0.6
20201111,22,CO_24h,白银,0.8
20201111,23,AQI,白银,64.0
20201111,23,PM2.5,白银,46.0
20201111,23,PM2.5_24h,白银,52.0
20201111,23,PM10,白银,69.0
20201111,23,PM10_24h,白银,85.0
20201111,23,SO2,白银,12.0
20201111,23,SO2_24h,白银,35.0
20201111,23,NO2,白银,26.0
20201111,23,NO2_24h,白银,38.0
20201111,23,O3,白银,93.0
20201111,23,O3_24h,白银,127.0
20201111,23,O3_8h,白银,81.0
20201111,23,O3_8h_24h,白银,87.0
20201111,23,CO,白银,0.7
20201111,23,CO_24h,白银,0.8
20201111,0,AQI,天水,69.0
20201111,0,PM2.5,天水,47.0
20201111,0,PM2.5_24h,天水,41.0
20201111,0,PM10,天水,87.0
20201111,0,PM10_24h,天水,79.0
20201111,0,SO2,天水,9.0
20201111,0,SO2_24h,天水,14.0
20201111,0,NO2,天水,64.0
20201111,0,NO2_24h,天水,49.0
20201111,0,O3,天水,3.0
20201111,0,O3_24h,天水,80.0
20201111,0,O3_8h,天水,40.0
20201111,0,O3_8h_24h,天水,68.0
20201111,0,CO,天水,0.8
20201111,0,CO_24h,天水,0.55
20201111,1,AQI,天水,74.0
20201111,1,PM2.5,天水,45.0
20201111,1,PM2.5_24h,天水,41.0
20201111,1,PM10,天水,97.0
20201111,1,PM10_24h,天水,79.0
20201111,1,SO2,天水,9.0
20201111,1,SO2_24h,天水,14.0
20201111,1,NO2,天水,63.0
20201111,1,NO2_24h,天水,49.0
20201111,1,O3,天水,3.0
20201111,1,O3_24h,天水,80.0
20201111,1,O3_8h,天水,3.0
20201111,1,O3_8h_24h,天水,3.0
20201111,1,CO,天水,0.8
20201111,1,CO_24h,天水,0.6
20201111,2,AQI,天水,69.0
20201111,2,PM2.5,天水,43.0
20201111,2,PM2.5_24h,天水,41.0
20201111,2,PM10,天水,88.0
20201111,2,PM10_24h,天水,78.0
20201111,2,SO2,天水,8.0
20201111,2,SO2_24h,天水,14.0
20201111,2,NO2,天水,59.0
20201111,2,NO2_24h,天水,49.0
20201111,2,O3,天水,3.0
20201111,2,O3_24h,天水,80.0
20201111,2,O3_8h,天水,3.0
20201111,2,O3_8h_24h,天水,3.0
20201111,2,CO,天水,0.85
20201111,2,CO_24h,天水,0.6
20201111,3,AQI,天水,69.0
20201111,3,PM2.5,天水,46.0
20201111,3,PM2.5_24h,天水,41.0
20201111,3,PM10,天水,87.0
20201111,3,PM10_24h,天水,78.0
20201111,3,SO2,天水,9.0
20201111,3,SO2_24h,天水,14.0
20201111,3,NO2,天水,61.0
20201111,3,NO2_24h,天水,49.0
20201111,3,O3,天水,4.0
20201111,3,O3_24h,天水,80.0
20201111,3,O3_8h,天水,3.0
20201111,3,O3_8h_24h,天水,3.0
20201111,3,CO,天水,0.7
20201111,3,CO_24h,天水,0.6
20201111,4,AQI,天水,65.0
20201111,4,PM2.5,天水,44.0
20201111,4,PM2.5_24h,天水,41.0
20201111,4,PM10,天水,80.0
20201111,4,PM10_24h,天水,78.0
20201111,4,SO2,天水,11.0
20201111,4,SO2_24h,天水,14.0
20201111,4,NO2,天水,55.0
20201111,4,NO2_24h,天水,50.0
20201111,4,O3,天水,12.0
20201111,4,O3_24h,天水,80.0
20201111,4,O3_8h,天水,5.0
20201111,4,O3_8h_24h,天水,5.0
20201111,4,CO,天水,0.75
20201111,4,CO_24h,天水,0.6
20201111,5,AQI,天水,63.0
20201111,5,PM2.5,天水,45.0
20201111,5,PM2.5_24h,天水,41.0
20201111,5,PM10,天水,71.0
20201111,5,PM10_24h,天水,77.0
20201111,5,SO2,天水,12.0
20201111,5,SO2_24h,天水,15.0
20201111,5,NO2,天水,49.0
20201111,5,NO2_24h,天水,49.0
20201111,5,O3,天水,22.0
20201111,5,O3_24h,天水,80.0
20201111,5,O3_8h,天水,9.0
20201111,5,O3_8h_24h,天水,9.0
20201111,5,CO,天水,0.55
20201111,5,CO_24h,天水,0.55
20201111,6,AQI,天水,65.0
20201111,6,PM2.5,天水,44.0
20201111,6,PM2.5_24h,天水,41.0
20201111,6,PM10,天水,79.0
20201111,6,PM10_24h,天水,78.0
20201111,6,SO2,天水,13.0
20201111,6,SO2_24h,天水,15.0
20201111,6,NO2,天水,45.0
20201111,6,NO2_24h,天水,49.0
20201111,6,O3,天水,28.0
20201111,6,O3_24h,天水,80.0
20201111,6,O3_8h,天水,12.0
20201111,6,O3_8h_24h,天水,12.0
20201111,6,CO,天水,0.5
20201111,6,CO_24h,天水,0.55
20201111,8,AQI,天水,66.0
20201111,8,PM2.5,天水,47.0
20201111,8,PM2.5_24h,天水,41.0
20201111,8,PM10,天水,82.0
20201111,8,PM10_24h,天水,77.0
20201111,8,SO2,天水,15.0
20201111,8,SO2_24h,天水,15.0
20201111,8,NO2,天水,54.0
20201111,8,NO2_24h,天水,49.0
20201111,8,O3,天水,28.0
20201111,8,O3_24h,天水,80.0
20201111,8,O3_8h,天水,17.0
20201111,8,O3_8h_24h,天水,17.0
20201111,8,CO,天水,0.7
20201111,8,CO_24h,天水,0.55
20201111,10,AQI,天水,90.0
20201111,10,PM2.5,天水,66.0
20201111,10,PM2.5_24h,天水,42.0
20201111,10,PM10,天水,130.0
20201111,10,PM10_24h,天水,78.0
20201111,10,SO2,天水,18.0
20201111,10,SO2_24h,天水,15.0
20201111,10,NO2,天水,68.0
20201111,10,NO2_24h,天水,49.0
20201111,10,O3,天水,26.0
20201111,10,O3_24h,天水,80.0
20201111,10,O3_8h,天水,22.0
20201111,10,O3_8h_24h,天水,22.0
20201111,10,CO,天水,0.75
20201111,10,CO_24h,天水,0.6
20201111,11,AQI,天水,100.0
20201111,11,PM2.5,天水,75.0
20201111,11,PM2.5_24h,天水,43.0
20201111,11,PM10,天水,138.0
20201111,11,PM10_24h,天水,80.0
20201111,11,SO2,天水,19.0
20201111,11,SO2_24h,天水,14.0
20201111,11,NO2,天水,65.0
20201111,11,NO2_24h,天水,49.0
20201111,11,O3,天水,36.0
20201111,11,O3_24h,天水,80.0
20201111,11,O3_8h,天水,26.0
20201111,11,O3_8h_24h,天水,26.0
20201111,11,CO,天水,0.85
20201111,11,CO_24h,天水,0.6
20201111,12,AQI,天水,106.0
20201111,12,PM2.5,天水,80.0
20201111,12,PM2.5_24h,天水,45.0
20201111,12,PM10,天水,152.0
20201111,12,PM10_24h,天水,82.0
20201111,12,SO2,天水,19.0
20201111,12,SO2_24h,天水,14.0
20201111,12,NO2,天水,64.0
20201111,12,NO2_24h,天水,51.0
20201111,12,O3,天水,44.0
20201111,12,O3_24h,天水,80.0
20201111,12,O3_8h,天水,30.0
20201111,12,O3_8h_24h,天水,30.0
20201111,12,CO,天水,0.75
20201111,12,CO_24h,天水,0.6
20201111,13,AQI,天水,101.0
20201111,13,PM2.5,天水,76.0
20201111,13,PM2.5_24h,天水,46.0
20201111,13,PM10,天水,134.0
20201111,13,PM10_24h,天水,85.0
20201111,13,SO2,天水,17.0
20201111,13,SO2_24h,天水,13.0
20201111,13,NO2,天水,61.0
20201111,13,NO2_24h,天水,51.0
20201111,13,O3,天水,50.0
20201111,13,O3_24h,天水,80.0
20201111,13,O3_8h,天水,33.0
20201111,13,O3_8h_24h,天水,33.0
20201111,13,CO,天水,0.7
20201111,13,CO_24h,天水,0.6
20201111,14,AQI,天水,91.0
20201111,14,PM2.5,天水,64.0
20201111,14,PM2.5_24h,天水,47.0
20201111,14,PM10,天水,132.0
20201111,14,PM10_24h,天水,87.0
20201111,14,SO2,天水,16.0
20201111,14,SO2_24h,天水,13.0
20201111,14,NO2,天水,62.0
20201111,14,NO2_24h,天水,52.0
20201111,14,O3,天水,50.0
20201111,14,O3_24h,天水,80.0
20201111,14,O3_8h,天水,36.0
20201111,14,O3_8h_24h,天水,36.0
20201111,14,CO,天水,0.7
20201111,14,CO_24h,天水,0.65
20201111,15,AQI,天水,94.0
20201111,15,PM2.5,天水,70.0
20201111,15,PM2.5_24h,天水,49.0
20201111,15,PM10,天水,135.0
20201111,15,PM10_24h,天水,91.0
20201111,15,SO2,天水,17.0
20201111,15,SO2_24h,天水,13.0
20201111,15,NO2,天水,66.0
20201111,15,NO2_24h,天水,54.0
20201111,15,O3,天水,47.0
20201111,15,O3_24h,天水,78.0
20201111,15,O3_8h,天水,38.0
20201111,15,O3_8h_24h,天水,38.0
20201111,15,CO,天水,0.65
20201111,15,CO_24h,天水,0.65
20201111,16,AQI,天水,101.0
20201111,16,PM2.5,天水,67.0
20201111,16,PM2.5_24h,天水,51.0
20201111,16,PM10,天水,152.0
20201111,16,PM10_24h,天水,95.0
20201111,16,SO2,天水,16.0
20201111,16,SO2_24h,天水,13.0
20201111,16,NO2,天水,76.0
20201111,16,NO2_24h,天水,56.0
20201111,16,O3,天水,38.0
20201111,16,O3_24h,天水,78.0
20201111,16,O3_8h,天水,39.0
20201111,16,O3_8h_24h,天水,40.0
20201111,16,CO,天水,0.75
20201111,16,CO_24h,天水,0.7
20201111,17,AQI,天水,105.0
20201111,17,PM2.5,天水,76.0
20201111,17,PM2.5_24h,天水,53.0
20201111,17,PM10,天水,159.0
20201111,17,PM10_24h,天水,100.0
20201111,17,SO2,天水,16.0
20201111,17,SO2_24h,天水,13.0
20201111,17,NO2,天水,56.0
20201111,17,NO2_24h,天水,57.0
20201111,17,O3,天水,34.0
20201111,17,O3_24h,天水,77.0
20201111,17,O3_8h,天水,41.0
20201111,17,O3_8h_24h,天水,41.0
20201111,17,CO,天水,0.5
20201111,17,CO_24h,天水,0.7
20201111,18,AQI,天水,104.0
20201111,18,PM2.5,天水,78.0
20201111,18,PM2.5_24h,天水,55.0
20201111,18,PM10,天水,148.0
20201111,18,PM10_24h,天水,104.0
20201111,18,SO2,天水,16.0
20201111,18,SO2_24h,天水,13.0
20201111,18,NO2,天水,88.0
20201111,18,NO2_24h,天水,60.0
20201111,18,O3,天水,30.0
20201111,18,O3_24h,天水,70.0
20201111,18,O3_8h,天水,41.0
20201111,18,O3_8h_24h,天水,42.0
20201111,18,CO,天水,0.9
20201111,18,CO_24h,天水,0.7
20201111,19,AQI,天水,102.0
20201111,19,PM2.5,天水,76.0
20201111,19,PM2.5_24h,天水,56.0
20201111,19,PM10,天水,154.0
20201111,19,PM10_24h,天水,107.0
20201111,19,SO2,天水,17.0
20201111,19,SO2_24h,天水,14.0
20201111,19,NO2,天水,88.0
20201111,19,NO2_24h,天水,63.0
20201111,19,O3,天水,14.0
20201111,19,O3_24h,天水,55.0
20201111,19,O3_8h,天水,39.0
20201111,19,O3_8h_24h,天水,42.0
20201111,19,CO,天水,1.1
20201111,19,CO_24h,天水,0.7
20201111,20,AQI,天水,124.0
20201111,20,PM2.5,天水,94.0
20201111,20,PM2.5_24h,天水,58.0
20201111,20,PM10,天水,171.0
20201111,20,PM10_24h,天水,110.0
20201111,20,SO2,天水,17.0
20201111,20,SO2_24h,天水,14.0
20201111,20,NO2,天水,83.0
20201111,20,NO2_24h,天水,65.0
20201111,20,O3,天水,10.0
20201111,20,O3_24h,天水,53.0
20201111,20,O3_8h,天水,34.0
20201111,20,O3_8h_24h,天水,42.0
20201111,20,CO,天水,1.2
20201111,20,CO_24h,天水,0.8
20201111,21,AQI,天水,133.0
20201111,21,PM2.5,天水,101.0
20201111,21,PM2.5_24h,天水,61.0
20201111,21,PM10,天水,150.0
20201111,21,PM10_24h,天水,113.0
20201111,21,SO2,天水,15.0
20201111,21,SO2_24h,天水,14.0
20201111,21,NO2,天水,76.0
20201111,21,NO2_24h,天水,65.0
20201111,21,O3,天水,3.0
20201111,21,O3_24h,天水,53.0
20201111,21,O3_8h,天水,28.0
20201111,21,O3_8h_24h,天水,42.0
20201111,21,CO,天水,1.25
20201111,21,CO_24h,天水,0.8
20201111,22,AQI,天水,110.0
20201111,22,PM2.5,天水,83.0
20201111,22,PM2.5_24h,天水,62.0
20201111,22,PM10,天水,150.0
20201111,22,PM10_24h,天水,116.0
20201111,22,SO2,天水,13.0
20201111,22,SO2_24h,天水,14.0
20201111,22,NO2,天水,73.0
20201111,22,NO2_24h,天水,65.0
20201111,22,O3,天水,2.0
20201111,22,O3_24h,天水,53.0
20201111,22,O3_8h,天水,21.0
20201111,22,O3_8h_24h,天水,42.0
20201111,22,CO,天水,1.3
20201111,22,CO_24h,天水,0.8
20201111,23,AQI,天水,100.0
20201111,23,PM2.5,天水,75.0
20201111,23,PM2.5_24h,天水,63.0
20201111,23,PM10,天水,135.0
20201111,23,PM10_24h,天水,117.0
20201111,23,SO2,天水,13.0
20201111,23,SO2_24h,天水,14.0
20201111,23,NO2,天水,69.0
20201111,23,NO2_24h,天水,65.0
20201111,23,O3,天水,2.0
20201111,23,O3_24h,天水,53.0
20201111,23,O3_8h,天水,15.0
20201111,23,O3_8h_24h,天水,42.0
20201111,23,CO,天水,1.1
20201111,23,CO_24h,天水,0.8
20201111,0,AQI,武威,110.0
20201111,0,PM2.5,武威,83.0
20201111,0,PM2.5_24h,武威,62.0
20201111,0,PM10,武威,118.0
20201111,0,PM10_24h,武威,102.0
20201111,0,SO2,武威,9.0
20201111,0,SO2_24h,武威,11.0
20201111,0,NO2,武威,68.0
20201111,0,NO2_24h,武威,53.0
20201111,0,O3,武威,14.0
20201111,0,O3_24h,武威,97.0
20201111,0,O3_8h,武威,39.0
20201111,0,O3_8h_24h,武威,79.0
20201111,0,CO,武威,0.9
20201111,0,CO_24h,武威,1.15
20201111,1,AQI,武威,95.0
20201111,1,PM2.5,武威,71.0
20201111,1,PM2.5_24h,武威,63.0
20201111,1,PM10,武威,101.0
20201111,1,PM10_24h,武威,103.0
20201111,1,SO2,武威,9.0
20201111,1,SO2_24h,武威,11.0
20201111,1,NO2,武威,62.0
20201111,1,NO2_24h,武威,54.0
20201111,1,O3,武威,18.0
20201111,1,O3_24h,武威,97.0
20201111,1,O3_8h,武威,18.0
20201111,1,O3_8h_24h,武威,18.0
20201111,1,CO,武威,0.85
20201111,1,CO_24h,武威,1.15
20201111,2,AQI,武威,75.0
20201111,2,PM2.5,武威,55.0
20201111,2,PM2.5_24h,武威,63.0
20201111,2,PM10,武威,79.0
20201111,2,PM10_24h,武威,103.0
20201111,2,SO2,武威,6.0
20201111,2,SO2_24h,武威,11.0
20201111,2,NO2,武威,48.0
20201111,2,NO2_24h,武威,54.0
20201111,2,O3,武威,16.0
20201111,2,O3_24h,武威,97.0
20201111,2,O3_8h,武威,17.0
20201111,2,O3_8h_24h,武威,19.0
20201111,2,CO,武威,0.65
20201111,2,CO_24h,武威,1.15
20201111,3,AQI,武威,65.0
20201111,3,PM2.5,武威,47.0
20201111,3,PM2.5_24h,武威,62.0
20201111,3,PM10,武威,61.0
20201111,3,PM10_24h,武威,101.0
20201111,3,SO2,武威,5.0
20201111,3,SO2_24h,武威,11.0
20201111,3,NO2,武威,52.0
20201111,3,NO2_24h,武威,53.0
20201111,3,O3,武威,9.0
20201111,3,O3_24h,武威,97.0
20201111,3,O3_8h,武威,15.0
20201111,3,O3_8h_24h,武威,19.0
20201111,3,CO,武威,0.8
20201111,3,CO_24h,武威,1.15
20201111,4,AQI,武威,64.0
20201111,4,PM2.5,武威,46.0
20201111,4,PM2.5_24h,武威,61.0
20201111,4,PM10,武威,63.0
20201111,4,PM10_24h,武威,100.0
20201111,4,SO2,武威,5.0
20201111,4,SO2_24h,武威,11.0
20201111,4,NO2,武威,56.0
20201111,4,NO2_24h,武威,53.0
20201111,4,O3,武威,8.0
20201111,4,O3_24h,武威,97.0
20201111,4,O3_8h,武威,13.0
20201111,4,O3_8h_24h,武威,19.0
20201111,4,CO,武威,0.8
20201111,4,CO_24h,武威,1.15
20201111,5,AQI,武威,56.0
20201111,5,PM2.5,武威,40.0
20201111,5,PM2.5_24h,武威,60.0
20201111,5,PM10,武威,58.0
20201111,5,PM10_24h,武威,98.0
20201111,5,SO2,武威,5.0
20201111,5,SO2_24h,武威,11.0
20201111,5,NO2,武威,50.0
20201111,5,NO2_24h,武威,52.0
20201111,5,O3,武威,12.0
20201111,5,O3_24h,武威,97.0
20201111,5,O3_8h,武威,13.0
20201111,5,O3_8h_24h,武威,19.0
20201111,5,CO,武威,0.8
20201111,5,CO_24h,武威,1.15
20201111,6,AQI,武威,47.0
20201111,6,PM2.5,武威,33.0
20201111,6,PM2.5_24h,武威,59.0
20201111,6,PM10,武威,35.0
20201111,6,PM10_24h,武威,96.0
20201111,6,SO2,武威,5.0
20201111,6,SO2_24h,武威,11.0
20201111,6,NO2,武威,35.0
20201111,6,NO2_24h,武威,51.0
20201111,6,O3,武威,23.0
20201111,6,O3_24h,武威,97.0
20201111,6,O3_8h,武威,14.0
20201111,6,O3_8h_24h,武威,20.0
20201111,6,CO,武威,0.65
20201111,6,CO_24h,武威,1.15
20201111,8,AQI,武威,55.0
20201111,8,PM2.5,武威,38.0
20201111,8,PM2.5_24h,武威,58.0
20201111,8,PM10,武威,59.0
20201111,8,PM10_24h,武威,96.0
20201111,8,SO2,武威,12.0
20201111,8,SO2_24h,武威,12.0
20201111,8,NO2,武威,48.0
20201111,8,NO2_24h,武威,50.0
20201111,8,O3,武威,4.0
20201111,8,O3_24h,武威,97.0
20201111,8,O3_8h,武威,13.0
20201111,8,O3_8h_24h,武威,20.0
20201111,8,CO,武威,1.35
20201111,8,CO_24h,武威,1.1
20201111,10,AQI,武威,92.0
20201111,10,PM2.5,武威,68.0
20201111,10,PM2.5_24h,武威,56.0
20201111,10,PM10,武威,133.0
20201111,10,PM10_24h,武威,91.0
20201111,10,SO2,武威,16.0
20201111,10,SO2_24h,武威,11.0
20201111,10,NO2,武威,59.0
20201111,10,NO2_24h,武威,48.0
20201111,10,O3,武威,10.0
20201111,10,O3_24h,武威,97.0
20201111,10,O3_8h,武威,11.0
20201111,10,O3_8h_24h,武威,20.0
20201111,10,CO,武威,1.65
20201111,10,CO_24h,武威,1.0
20201111,11,AQI,武威,102.0
20201111,11,PM2.5,武威,75.0
20201111,11,PM2.5_24h,武威,55.0
20201111,11,PM10,武威,153.0
20201111,11,PM10_24h,武威,90.0
20201111,11,SO2,武威,18.0
20201111,11,SO2_24h,武威,12.0
20201111,11,NO2,武威,53.0
20201111,11,NO2_24h,武威,48.0
20201111,11,O3,武威,27.0
20201111,11,O3_24h,武威,97.0
20201111,11,O3_8h,武威,13.0
20201111,11,O3_8h_24h,武威,20.0
20201111,11,CO,武威,1.1
20201111,11,CO_24h,武威,1.0
20201111,12,AQI,武威,81.0
20201111,12,PM2.5,武威,60.0
20201111,12,PM2.5_24h,武威,55.0
20201111,12,PM10,武威,110.0
20201111,12,PM10_24h,武威,90.0
20201111,12,SO2,武威,18.0
20201111,12,SO2_24h,武威,11.0
20201111,12,NO2,武威,39.0
20201111,12,NO2_24h,武威,48.0
20201111,12,O3,武威,58.0
20201111,12,O3_24h,武威,97.0
20201111,12,O3_8h,武威,19.0
20201111,12,O3_8h_24h,武威,23.0
20201111,12,CO,武威,0.75
20201111,12,CO_24h,武威,0.9
20201111,13,AQI,武威,79.0
20201111,13,PM2.5,武威,58.0
20201111,13,PM2.5_24h,武威,55.0
20201111,13,PM10,武威,102.0
20201111,13,PM10_24h,武威,90.0
20201111,13,SO2,武威,18.0
20201111,13,SO2_24h,武威,11.0
20201111,13,NO2,武威,28.0
20201111,13,NO2_24h,武威,47.0
20201111,13,O3,武威,75.0
20201111,13,O3_24h,武威,97.0
20201111,13,O3_8h,武威,27.0
20201111,13,O3_8h_24h,武威,27.0
20201111,13,CO,武威,0.7
20201111,13,CO_24h,武威,0.9
20201111,14,AQI,武威,85.0
20201111,14,PM2.5,武威,63.0
20201111,14,PM2.5_24h,武威,56.0
20201111,14,PM10,武威,98.0
20201111,14,PM10_24h,武威,91.0
20201111,14,SO2,武威,13.0
20201111,14,SO2_24h,武威,11.0
20201111,14,NO2,武威,19.0
20201111,14,NO2_24h,武威,47.0
20201111,14,O3,武威,110.0
20201111,14,O3_24h,武威,110.0
20201111,14,O3_8h,武威,38.0
20201111,14,O3_8h_24h,武威,38.0
20201111,14,CO,武威,0.55
20201111,14,CO_24h,武威,0.9
20201111,15,AQI,武威,79.0
20201111,15,PM2.5,武威,58.0
20201111,15,PM2.5_24h,武威,57.0
20201111,15,PM10,武威,85.0
20201111,15,PM10_24h,武威,92.0
20201111,15,SO2,武威,10.0
20201111,15,SO2_24h,武威,11.0
20201111,15,NO2,武威,17.0
20201111,15,NO2_24h,武威,47.0
20201111,15,O3,武威,116.0
20201111,15,O3_24h,武威,116.0
20201111,15,O3_8h,武威,51.0
20201111,15,O3_8h_24h,武威,51.0
20201111,15,CO,武威,0.55
20201111,15,CO_24h,武威,0.9
20201111,16,AQI,武威,76.0
20201111,16,PM2.5,武威,56.0
20201111,16,PM2.5_24h,武威,58.0
20201111,16,PM10,武威,75.0
20201111,16,PM10_24h,武威,93.0
20201111,16,SO2,武威,10.0
20201111,16,SO2_24h,武威,11.0
20201111,16,NO2,武威,14.0
20201111,16,NO2_24h,武威,47.0
20201111,16,O3,武威,120.0
20201111,16,O3_24h,武威,120.0
20201111,16,O3_8h,武威,66.0
20201111,16,O3_8h_24h,武威,66.0
20201111,16,CO,武威,0.55
20201111,16,CO_24h,武威,0.95
20201111,17,AQI,武威,71.0
20201111,17,PM2.5,武威,52.0
20201111,17,PM2.5_24h,武威,59.0
20201111,17,PM10,武威,82.0
20201111,17,PM10_24h,武威,94.0
20201111,17,SO2,武威,9.0
20201111,17,SO2_24h,武威,11.0
20201111,17,NO2,武威,15.0
20201111,17,NO2_24h,武威,47.0
20201111,17,O3,武威,119.0
20201111,17,O3_24h,武威,121.0
20201111,17,O3_8h,武威,80.0
20201111,17,O3_8h_24h,武威,80.0
20201111,17,CO,武威,0.55
20201111,17,CO_24h,武威,0.95
20201111,18,AQI,武威,79.0
20201111,18,PM2.5,武威,58.0
20201111,18,PM2.5_24h,武威,60.0
20201111,18,PM10,武威,99.0
20201111,18,PM10_24h,武威,96.0
20201111,18,SO2,武威,9.0
20201111,18,SO2_24h,武威,11.0
20201111,18,NO2,武威,37.0
20201111,18,NO2_24h,武威,48.0
20201111,18,O3,武威,89.0
20201111,18,O3_24h,武威,121.0
20201111,18,O3_8h,武威,89.0
20201111,18,O3_8h_24h,武威,89.0
20201111,18,CO,武威,0.7
20201111,18,CO_24h,武威,0.95
20201111,19,AQI,武威,98.0
20201111,19,PM2.5,武威,73.0
20201111,19,PM2.5_24h,武威,62.0
20201111,19,PM10,武威,138.0
20201111,19,PM10_24h,武威,99.0
20201111,19,SO2,武威,11.0
20201111,19,SO2_24h,武威,11.0
20201111,19,NO2,武威,70.0
20201111,19,NO2_24h,武威,49.0
20201111,19,O3,武威,52.0
20201111,19,O3_24h,武威,121.0
20201111,19,O3_8h,武威,93.0
20201111,19,O3_8h_24h,武威,93.0
20201111,19,CO,武威,1.05
20201111,19,CO_24h,武威,0.95
20201111,20,AQI,武威,133.0
20201111,20,PM2.5,武威,101.0
20201111,20,PM2.5_24h,武威,63.0
20201111,20,PM10,武威,159.0
20201111,20,PM10_24h,武威,100.0
20201111,20,SO2,武威,19.0
20201111,20,SO2_24h,武威,11.0
20201111,20,NO2,武威,104.0
20201111,20,NO2_24h,武威,51.0
20201111,20,O3,武威,16.0
20201111,20,O3_24h,武威,121.0
20201111,20,O3_8h,武威,87.0
20201111,20,O3_8h_24h,武威,93.0
20201111,20,CO,武威,1.5
20201111,20,CO_24h,武威,0.95
20201111,21,AQI,武威,150.0
20201111,21,PM2.5,武威,115.0
20201111,21,PM2.5_24h,武威,64.0
20201111,21,PM10,武威,184.0
20201111,21,PM10_24h,武威,102.0
20201111,21,SO2,武威,15.0
20201111,21,SO2_24h,武威,11.0
20201111,21,NO2,武威,89.0
20201111,21,NO2_24h,武威,51.0
20201111,21,O3,武威,13.0
20201111,21,O3_24h,武威,121.0
20201111,21,O3_8h,武威,79.0
20201111,21,O3_8h_24h,武威,93.0
20201111,21,CO,武威,1.45
20201111,21,CO_24h,武威,0.95
20201111,22,AQI,武威,128.0
20201111,22,PM2.5,武威,97.0
20201111,22,PM2.5_24h,武威,64.0
20201111,22,PM10,武威,138.0
20201111,22,PM10_24h,武威,102.0
20201111,22,SO2,武威,8.0
20201111,22,SO2_24h,武威,11.0
20201111,22,NO2,武威,64.0
20201111,22,NO2_24h,武威,50.0
20201111,22,O3,武威,20.0
20201111,22,O3_24h,武威,121.0
20201111,22,O3_8h,武威,68.0
20201111,22,O3_8h_24h,武威,93.0
20201111,22,CO,武威,1.0
20201111,22,CO_24h,武威,0.95
20201111,23,AQI,武威,120.0
20201111,23,PM2.5,武威,91.0
20201111,23,PM2.5_24h,武威,63.0
20201111,23,PM10,武威,120.0
20201111,23,PM10_24h,武威,101.0
20201111,23,SO2,武威,10.0
20201111,23,SO2_24h,武威,11.0
20201111,23,NO2,武威,72.0
20201111,23,NO2_24h,武威,50.0
20201111,23,O3,武威,9.0
20201111,23,O3_24h,武威,121.0
20201111,23,O3_8h,武威,55.0
20201111,23,O3_8h_24h,武威,93.0
20201111,23,CO,武威,1.2
20201111,23,CO_24h,武威,0.95
20201111,0,AQI,张掖,98.0
20201111,0,PM2.5,张掖,73.0
20201111,0,PM2.5_24h,张掖,30.0
20201111,0,PM10,张掖,125.0
20201111,0,PM10_24h,张掖,61.0
20201111,0,SO2,张掖,14.0
20201111,0,SO2_24h,张掖,16.0
20201111,0,NO2,张掖,48.0
20201111,0,NO2_24h,张掖,34.0
20201111,0,O3,张掖,10.0
20201111,0,O3_24h,张掖,78.0
20201111,0,O3_8h,张掖,41.0
20201111,0,O3_8h_24h,张掖,62.0
20201111,0,CO,张掖,0.85
20201111,0,CO_24h,张掖,0.5
20201111,1,AQI,张掖,84.0
20201111,1,PM2.5,张掖,62.0
20201111,1,PM2.5_24h,张掖,31.0
20201111,1,PM10,张掖,86.0
20201111,1,PM10_24h,张掖,62.0
20201111,1,SO2,张掖,16.0
20201111,1,SO2_24h,张掖,16.0
20201111,1,NO2,张掖,48.0
20201111,1,NO2_24h,张掖,35.0
20201111,1,O3,张掖,14.0
20201111,1,O3_24h,张掖,78.0
20201111,1,O3_8h,张掖,14.0
20201111,1,O3_8h_24h,张掖,14.0
20201111,1,CO,张掖,0.8
20201111,1,CO_24h,张掖,0.5
20201111,2,AQI,张掖,84.0
20201111,2,PM2.5,张掖,62.0
20201111,2,PM2.5_24h,张掖,32.0
20201111,2,PM10,张掖,104.0
20201111,2,PM10_24h,张掖,64.0
20201111,2,SO2,张掖,16.0
20201111,2,SO2_24h,张掖,16.0
20201111,2,NO2,张掖,48.0
20201111,2,NO2_24h,张掖,35.0
20201111,2,O3,张掖,13.0
20201111,2,O3_24h,张掖,78.0
20201111,2,O3_8h,张掖,14.0
20201111,2,O3_8h_24h,张掖,15.0
20201111,2,CO,张掖,0.85
20201111,2,CO_24h,张掖,0.55
20201111,3,AQI,张掖,100.0
20201111,3,PM2.5,张掖,75.0
20201111,3,PM2.5_24h,张掖,34.0
20201111,3,PM10,张掖,124.0
20201111,3,PM10_24h,张掖,68.0
20201111,3,SO2,张掖,16.0
20201111,3,SO2_24h,张掖,16.0
20201111,3,NO2,张掖,46.0
20201111,3,NO2_24h,张掖,37.0
20201111,3,O3,张掖,10.0
20201111,3,O3_24h,张掖,78.0
20201111,3,O3_8h,张掖,12.0
20201111,3,O3_8h_24h,张掖,15.0
20201111,3,CO,张掖,1.05
20201111,3,CO_24h,张掖,0.6
20201111,4,AQI,张掖,101.0
20201111,4,PM2.5,张掖,76.0
20201111,4,PM2.5_24h,张掖,36.0
20201111,4,PM10,张掖,113.0
20201111,4,PM10_24h,张掖,70.0
20201111,4,SO2,张掖,16.0
20201111,4,SO2_24h,张掖,16.0
20201111,4,NO2,张掖,43.0
20201111,4,NO2_24h,张掖,37.0
20201111,4,O3,张掖,13.0
20201111,4,O3_24h,张掖,78.0
20201111,4,O3_8h,张掖,12.0
20201111,4,O3_8h_24h,张掖,15.0
20201111,4,CO,张掖,0.95
20201111,4,CO_24h,张掖,0.6
20201111,5,AQI,张掖,90.0
20201111,5,PM2.5,张掖,67.0
20201111,5,PM2.5_24h,张掖,38.0
20201111,5,PM10,张掖,97.0
20201111,5,PM10_24h,张掖,72.0
20201111,5,SO2,张掖,16.0
20201111,5,SO2_24h,张掖,16.0
20201111,5,NO2,张掖,45.0
20201111,5,NO2_24h,张掖,38.0
20201111,5,O3,张掖,9.0
20201111,5,O3_24h,张掖,78.0
20201111,5,O3_8h,张掖,12.0
20201111,5,O3_8h_24h,张掖,15.0
20201111,5,CO,张掖,1.0
20201111,5,CO_24h,张掖,0.6
20201111,6,AQI,张掖,96.0
20201111,6,PM2.5,张掖,72.0
20201111,6,PM2.5_24h,张掖,40.0
20201111,6,PM10,张掖,95.0
20201111,6,PM10_24h,张掖,75.0
20201111,6,SO2,张掖,14.0
20201111,6,SO2_24h,张掖,16.0
20201111,6,NO2,张掖,41.0
20201111,6,NO2_24h,张掖,39.0
20201111,6,O3,张掖,7.0
20201111,6,O3_24h,张掖,78.0
20201111,6,O3_8h,张掖,11.0
20201111,6,O3_8h_24h,张掖,15.0
20201111,6,CO,张掖,1.1
20201111,6,CO_24h,张掖,0.65
20201111,8,AQI,张掖,101.0
20201111,8,PM2.5,张掖,76.0
20201111,8,PM2.5_24h,张掖,43.0
20201111,8,PM10,张掖,99.0
20201111,8,PM10_24h,张掖,79.0
20201111,8,SO2,张掖,19.0
20201111,8,SO2_24h,张掖,15.0
20201111,8,NO2,张掖,47.0
20201111,8,NO2_24h,张掖,40.0
20201111,8,O3,张掖,8.0
20201111,8,O3_24h,张掖,78.0
20201111,8,O3_8h,张掖,11.0
20201111,8,O3_8h_24h,张掖,15.0
20201111,8,CO,张掖,1.3
20201111,8,CO_24h,张掖,0.7
20201111,10,AQI,张掖,104.0
20201111,10,PM2.5,张掖,78.0
20201111,10,PM2.5_24h,张掖,50.0
20201111,10,PM10,张掖,118.0
20201111,10,PM10_24h,张掖,85.0
20201111,10,SO2,张掖,22.0
20201111,10,SO2_24h,张掖,15.0
20201111,10,NO2,张掖,48.0
20201111,10,NO2_24h,张掖,41.0
20201111,10,O3,张掖,12.0
20201111,10,O3_24h,张掖,78.0
20201111,10,O3_8h,张掖,9.0
20201111,10,O3_8h_24h,张掖,15.0
20201111,10,CO,张掖,1.35
20201111,10,CO_24h,张掖,0.8
20201111,11,AQI,张掖,88.0
20201111,11,PM2.5,张掖,65.0
20201111,11,PM2.5_24h,张掖,51.0
20201111,11,PM10,张掖,78.0
20201111,11,PM10_24h,张掖,85.0
20201111,11,SO2,张掖,23.0
20201111,11,SO2_24h,张掖,16.0
20201111,11,NO2,张掖,52.0
20201111,11,NO2_24h,张掖,41.0
20201111,11,O3,张掖,21.0
20201111,11,O3_24h,张掖,78.0
20201111,11,O3_8h,张掖,11.0
20201111,11,O3_8h_24h,张掖,16.0
20201111,11,CO,张掖,1.05
20201111,11,CO_24h,张掖,0.8
20201111,12,AQI,张掖,70.0
20201111,12,PM2.5,张掖,51.0
20201111,12,PM2.5_24h,张掖,52.0
20201111,12,PM10,张掖,68.0
20201111,12,PM10_24h,张掖,85.0
20201111,12,SO2,张掖,22.0
20201111,12,SO2_24h,张掖,16.0
20201111,12,NO2,张掖,42.0
20201111,12,NO2_24h,张掖,41.0
20201111,12,O3,张掖,46.0
20201111,12,O3_24h,张掖,78.0
20201111,12,O3_8h,张掖,15.0
20201111,12,O3_8h_24h,张掖,19.0
20201111,12,CO,张掖,0.75
20201111,12,CO_24h,张掖,0.8
20201111,13,AQI,张掖,47.0
20201111,13,PM2.5,张掖,29.0
20201111,13,PM2.5_24h,张掖,52.0
20201111,13,PM10,张掖,47.0
20201111,13,PM10_24h,张掖,85.0
20201111,13,SO2,张掖,19.0
20201111,13,SO2_24h,张掖,16.0
20201111,13,NO2,张掖,22.0
20201111,13,NO2_24h,张掖,41.0
20201111,13,O3,张掖,74.0
20201111,13,O3_24h,张掖,78.0
20201111,13,O3_8h,张掖,23.0
20201111,13,O3_8h_24h,张掖,23.0
20201111,13,CO,张掖,0.35
20201111,13,CO_24h,张掖,0.8
20201111,14,AQI,张掖,45.0
20201111,14,PM2.5,张掖,22.0
20201111,14,PM2.5_24h,张掖,52.0
20201111,14,PM10,张掖,45.0
20201111,14,PM10_24h,张掖,86.0
20201111,14,SO2,张掖,17.0
20201111,14,SO2_24h,张掖,16.0
20201111,14,NO2,张掖,19.0
20201111,14,NO2_24h,张掖,41.0
20201111,14,O3,张掖,82.0
20201111,14,O3_24h,张掖,82.0
20201111,14,O3_8h,张掖,32.0
20201111,14,O3_8h_24h,张掖,32.0
20201111,14,CO,张掖,0.3
20201111,14,CO_24h,张掖,0.8
20201111,15,AQI,张掖,51.0
20201111,15,PM2.5,张掖,22.0
20201111,15,PM2.5_24h,张掖,52.0
20201111,15,PM10,张掖,52.0
20201111,15,PM10_24h,张掖,86.0
20201111,15,SO2,张掖,18.0
20201111,15,SO2_24h,张掖,16.0
20201111,15,NO2,张掖,21.0
20201111,15,NO2_24h,张掖,41.0
20201111,15,O3,张掖,84.0
20201111,15,O3_24h,张掖,84.0
20201111,15,O3_8h,张掖,42.0
20201111,15,O3_8h_24h,张掖,42.0
20201111,15,CO,张掖,0.3
20201111,15,CO_24h,张掖,0.8
20201111,16,AQI,张掖,42.0
20201111,16,PM2.5,张掖,24.0
20201111,16,PM2.5_24h,张掖,53.0
20201111,16,PM10,张掖,42.0
20201111,16,PM10_24h,张掖,87.0
20201111,16,SO2,张掖,18.0
20201111,16,SO2_24h,张掖,16.0
20201111,16,NO2,张掖,25.0
20201111,16,NO2_24h,张掖,41.0
20201111,16,O3,张掖,84.0
20201111,16,O3_24h,张掖,85.0
20201111,16,O3_8h,张掖,52.0
20201111,16,O3_8h_24h,张掖,52.0
20201111,16,CO,张掖,0.3
20201111,16,CO_24h,张掖,0.85
20201111,17,AQI,张掖,52.0
20201111,17,PM2.5,张掖,30.0
20201111,17,PM2.5_24h,张掖,54.0
20201111,17,PM10,张掖,54.0
20201111,17,PM10_24h,张掖,87.0
20201111,17,SO2,张掖,18.0
20201111,17,SO2_24h,张掖,16.0
20201111,17,NO2,张掖,25.0
20201111,17,NO2_24h,张掖,41.0
20201111,17,O3,张掖,86.0
20201111,17,O3_24h,张掖,86.0
20201111,17,O3_8h,张掖,61.0
20201111,17,O3_8h_24h,张掖,61.0
20201111,17,CO,张掖,0.3
20201111,17,CO_24h,张掖,0.85
20201111,18,AQI,张掖,56.0
20201111,18,PM2.5,张掖,27.0
20201111,18,PM2.5_24h,张掖,55.0
20201111,18,PM10,张掖,61.0
20201111,18,PM10_24h,张掖,87.0
20201111,18,SO2,张掖,18.0
20201111,18,SO2_24h,张掖,17.0
20201111,18,NO2,张掖,24.0
20201111,18,NO2_24h,张掖,41.0
20201111,18,O3,张掖,78.0
20201111,18,O3_24h,张掖,86.0
20201111,18,O3_8h,张掖,69.0
20201111,18,O3_8h_24h,张掖,69.0
20201111,18,CO,张掖,0.3
20201111,18,CO_24h,张掖,0.85
20201111,19,AQI,张掖,48.0
20201111,19,PM2.5,张掖,25.0
20201111,19,PM2.5_24h,张掖,49.0
20201111,19,PM10,张掖,48.0
20201111,19,PM10_24h,张掖,87.0
20201111,19,SO2,张掖,16.0
20201111,19,SO2_24h,张掖,17.0
20201111,19,NO2,张掖,36.0
20201111,19,NO2_24h,张掖,36.0
20201111,19,O3,张掖,69.0
20201111,19,O3_24h,张掖,86.0
20201111,19,O3_8h,张掖,76.0
20201111,19,O3_8h_24h,张掖,76.0
20201111,19,CO,张掖,0.4
20201111,19,CO_24h,张掖,0.8
20201111,20,AQI,张掖,55.0
20201111,20,PM2.5,张掖,39.0
20201111,20,PM2.5_24h,张掖,49.0
20201111,20,PM10,张掖,53.0
20201111,20,PM10_24h,张掖,85.0
20201111,20,SO2,张掖,31.0
20201111,20,SO2_24h,张掖,18.0
20201111,20,NO2_24h,张掖,35.0
20201111,20,O3,张掖,36.0
20201111,20,O3_24h,张掖,86.0
20201111,20,O3_8h,张掖,75.0
20201111,20,O3_8h_24h,张掖,76.0
20201111,20,CO,张掖,0.8
20201111,20,CO_24h,张掖,0.8
20201111,21,AQI,张掖,191.0
20201111,21,PM2.5,张掖,144.0
20201111,21,PM2.5_24h,张掖,54.0
20201111,21,PM10,张掖,90.0
20201111,21,PM10_24h,张掖,85.0
20201111,21,SO2_24h,张掖,18.0
20201111,21,NO2,张掖,89.0
20201111,21,NO2_24h,张掖,37.0
20201111,21,O3,张掖,10.0
20201111,21,O3_24h,张掖,86.0
20201111,21,O3_8h,张掖,66.0
20201111,21,O3_8h_24h,张掖,76.0
20201111,21,CO,张掖,1.2
20201111,21,CO_24h,张掖,0.8
20201111,22,AQI,张掖,32.0
20201111,22,PM2.5_24h,张掖,52.0
20201111,22,PM10_24h,张掖,86.0
20201111,22,SO2,张掖,27.0
20201111,22,SO2_24h,张掖,18.0
20201111,22,NO2,张掖,64.0
20201111,22,NO2_24h,张掖,37.0
20201111,22,O3,张掖,11.0
20201111,22,O3_24h,张掖,86.0
20201111,22,O3_8h,张掖,58.0
20201111,22,O3_8h_24h,张掖,76.0
20201111,22,CO,张掖,1.2
20201111,22,CO_24h,张掖,0.8
20201111,23,AQI,张掖,127.0
20201111,23,PM2.5,张掖,40.0
20201111,23,PM2.5_24h,张掖,50.0
20201111,23,PM10,张掖,203.0
20201111,23,PM10_24h,张掖,87.0
20201111,23,SO2,张掖,15.0
20201111,23,SO2_24h,张掖,18.0
20201111,23,NO2,张掖,44.0
20201111,23,NO2_24h,张掖,37.0
20201111,23,O3,张掖,13.0
20201111,23,O3_24h,张掖,86.0
20201111,23,O3_8h,张掖,49.0
20201111,23,O3_8h_24h,张掖,76.0
20201111,23,CO,张掖,0.9
20201111,23,CO_24h,张掖,0.8
20201111,0,AQI,平凉,96.0
20201111,0,PM2.5,平凉,71.0
20201111,0,PM2.5_24h,平凉,49.0
20201111,0,PM10,平凉,141.0
20201111,0,PM10_24h,平凉,99.0
20201111,0,SO2,平凉,12.0
20201111,0,SO2_24h,平凉,14.0
20201111,0,NO2,平凉,86.0
20201111,0,NO2_24h,平凉,62.0
20201111,0,O3,平凉,6.0
20201111,0,O3_24h,平凉,112.0
20201111,0,O3_8h,平凉,32.0
20201111,0,O3_8h_24h,平凉,80.0
20201111,0,CO,平凉,1.3
20201111,0,CO_24h,平凉,0.85
20201111,1,AQI,平凉,98.0
20201111,1,PM2.5,平凉,73.0
20201111,1,PM2.5_24h,平凉,50.0
20201111,1,PM10,平凉,129.0
20201111,1,PM10_24h,平凉,102.0
20201111,1,SO2,平凉,9.0
20201111,1,SO2_24h,平凉,14.0
20201111,1,NO2,平凉,76.0
20201111,1,NO2_24h,平凉,62.0
20201111,1,O3,平凉,5.0
20201111,1,O3_24h,平凉,112.0
20201111,1,O3_8h,平凉,5.0
20201111,1,O3_8h_24h,平凉,5.0
20201111,1,CO,平凉,1.05
20201111,1,CO_24h,平凉,0.85
20201111,2,AQI,平凉,94.0
20201111,2,PM2.5,平凉,70.0
20201111,2,PM2.5_24h,平凉,52.0
20201111,2,PM10,平凉,116.0
20201111,2,PM10_24h,平凉,104.0
20201111,2,SO2,平凉,7.0
20201111,2,SO2_24h,平凉,14.0
20201111,2,NO2,平凉,71.0
20201111,2,NO2_24h,平凉,63.0
20201111,2,O3,平凉,5.0
20201111,2,O3_24h,平凉,112.0
20201111,2,O3_8h,平凉,5.0
20201111,2,O3_8h_24h,平凉,5.0
20201111,2,CO,平凉,1.05
20201111,2,CO_24h,平凉,0.9
20201111,3,AQI,平凉,89.0
20201111,3,PM2.5,平凉,66.0
20201111,3,PM2.5_24h,平凉,54.0
20201111,3,PM10,平凉,109.0
20201111,3,PM10_24h,平凉,107.0
20201111,3,SO2,平凉,6.0
20201111,3,SO2_24h,平凉,14.0
20201111,3,NO2,平凉,66.0
20201111,3,NO2_24h,平凉,63.0
20201111,3,O3,平凉,5.0
20201111,3,O3_24h,平凉,112.0
20201111,3,O3_8h,平凉,5.0
20201111,3,O3_8h_24h,平凉,5.0
20201111,3,CO,平凉,0.9
20201111,3,CO_24h,平凉,0.9
20201111,4,AQI,平凉,76.0
20201111,4,PM2.5,平凉,56.0
20201111,4,PM2.5_24h,平凉,55.0
20201111,4,PM10,平凉,101.0
20201111,4,PM10_24h,平凉,109.0
20201111,4,SO2,平凉,6.0
20201111,4,SO2_24h,平凉,14.0
20201111,4,NO2,平凉,61.0
20201111,4,NO2_24h,平凉,63.0
20201111,4,O3,平凉,4.0
20201111,4,O3_24h,平凉,112.0
20201111,4,O3_8h,平凉,5.0
20201111,4,O3_8h_24h,平凉,5.0
20201111,4,CO,平凉,0.9
20201111,4,CO_24h,平凉,0.9
20201111,5,AQI,平凉,78.0
20201111,5,PM2.5,平凉,57.0
20201111,5,PM2.5_24h,平凉,56.0
20201111,5,PM10,平凉,93.0
20201111,5,PM10_24h,平凉,111.0
20201111,5,SO2,平凉,5.0
20201111,5,SO2_24h,平凉,14.0
20201111,5,NO2,平凉,57.0
20201111,5,NO2_24h,平凉,64.0
20201111,5,O3,平凉,5.0
20201111,5,O3_24h,平凉,112.0
20201111,5,O3_8h,平凉,5.0
20201111,5,O3_8h_24h,平凉,5.0
20201111,5,CO,平凉,0.75
20201111,5,CO_24h,平凉,0.95
20201111,6,AQI,平凉,76.0
20201111,6,PM2.5,平凉,56.0
20201111,6,PM2.5_24h,平凉,58.0
20201111,6,PM10,平凉,92.0
20201111,6,PM10_24h,平凉,113.0
20201111,6,SO2,平凉,8.0
20201111,6,SO2_24h,平凉,14.0
20201111,6,NO2,平凉,56.0
20201111,6,NO2_24h,平凉,64.0
20201111,6,O3,平凉,4.0
20201111,6,O3_24h,平凉,112.0
20201111,6,O3_8h,平凉,5.0
20201111,6,O3_8h_24h,平凉,5.0
20201111,6,CO,平凉,0.85
20201111,6,CO_24h,平凉,0.95
20201111,8,AQI,平凉,69.0
20201111,8,PM2.5,平凉,50.0
20201111,8,PM2.5_24h,平凉,60.0
20201111,8,PM10,平凉,88.0
20201111,8,PM10_24h,平凉,115.0
20201111,8,SO2,平凉,17.0
20201111,8,SO2_24h,平凉,14.0
20201111,8,NO2,平凉,52.0
20201111,8,NO2_24h,平凉,64.0
20201111,8,O3,平凉,5.0
20201111,8,O3_24h,平凉,112.0
20201111,8,O3_8h,平凉,5.0
20201111,8,O3_8h_24h,平凉,5.0
20201111,8,CO,平凉,1.05
20201111,8,CO_24h,平凉,1.0
20201111,10,AQI,平凉,87.0
20201111,10,PM2.5,平凉,59.0
20201111,10,PM2.5_24h,平凉,62.0
20201111,10,PM10,平凉,124.0
20201111,10,PM10_24h,平凉,117.0
20201111,10,SO2,平凉,22.0
20201111,10,SO2_24h,平凉,14.0
20201111,10,NO2,平凉,59.0
20201111,10,NO2_24h,平凉,64.0
20201111,10,O3,平凉,10.0
20201111,10,O3_24h,平凉,112.0
20201111,10,O3_8h,平凉,5.0
20201111,10,O3_8h_24h,平凉,5.0
20201111,10,CO,平凉,1.05
20201111,10,CO_24h,平凉,0.95
20201111,11,AQI,平凉,84.0
20201111,11,PM2.5,平凉,49.0
20201111,11,PM2.5_24h,平凉,62.0
20201111,11,PM10,平凉,118.0
20201111,11,PM10_24h,平凉,117.0
20201111,11,SO2,平凉,17.0
20201111,11,SO2_24h,平凉,15.0
20201111,11,NO2,平凉,66.0
20201111,11,NO2_24h,平凉,65.0
20201111,11,O3,平凉,24.0
20201111,11,O3_24h,平凉,112.0
20201111,11,O3_8h,平凉,8.0
20201111,11,O3_8h_24h,平凉,8.0
20201111,11,CO,平凉,1.0
20201111,11,CO_24h,平凉,0.95
20201111,12,AQI,平凉,109.0
20201111,12,PM2.5,平凉,82.0
20201111,12,PM2.5_24h,平凉,64.0
20201111,12,PM10,平凉,150.0
20201111,12,PM10_24h,平凉,120.0
20201111,12,SO2,平凉,19.0
20201111,12,SO2_24h,平凉,15.0
20201111,12,NO2,平凉,63.0
20201111,12,NO2_24h,平凉,66.0
20201111,12,O3,平凉,58.0
20201111,12,O3_24h,平凉,112.0
20201111,12,O3_8h,平凉,15.0
20201111,12,O3_8h_24h,平凉,15.0
20201111,12,CO,平凉,1.05
20201111,12,CO_24h,平凉,1.0
20201111,13,AQI,平凉,118.0
20201111,13,PM2.5,平凉,89.0
20201111,13,PM2.5_24h,平凉,66.0
20201111,13,PM10,平凉,155.0
20201111,13,PM10_24h,平凉,122.0
20201111,13,SO2,平凉,20.0
20201111,13,SO2_24h,平凉,15.0
20201111,13,NO2,平凉,53.0
20201111,13,NO2_24h,平凉,66.0
20201111,13,O3,平凉,84.0
20201111,13,O3_24h,平凉,112.0
20201111,13,O3_8h,平凉,24.0
20201111,13,O3_8h_24h,平凉,24.0
20201111,13,CO,平凉,0.9
20201111,13,CO_24h,平凉,1.0
20201111,14,AQI,平凉,114.0
20201111,14,PM2.5,平凉,86.0
20201111,14,PM2.5_24h,平凉,67.0
20201111,14,PM10,平凉,155.0
20201111,14,PM10_24h,平凉,125.0
20201111,14,SO2,平凉,19.0
20201111,14,SO2_24h,平凉,15.0
20201111,14,NO2,平凉,46.0
20201111,14,NO2_24h,平凉,66.0
20201111,14,O3,平凉,107.0
20201111,14,O3_24h,平凉,112.0
20201111,14,O3_8h,平凉,37.0
20201111,14,O3_8h_24h,平凉,37.0
20201111,14,CO,平凉,0.8
20201111,14,CO_24h,平凉,1.05
20201111,15,AQI,平凉,96.0
20201111,15,PM2.5,平凉,72.0
20201111,15,PM2.5_24h,平凉,68.0
20201111,15,PM10,平凉,133.0
20201111,15,PM10_24h,平凉,126.0
20201111,15,SO2,平凉,20.0
20201111,15,SO2_24h,平凉,15.0
20201111,15,NO2,平凉,44.0
20201111,15,NO2_24h,平凉,67.0
20201111,15,O3,平凉,118.0
20201111,15,O3_24h,平凉,118.0
20201111,15,O3_8h,平凉,52.0
20201111,15,O3_8h_24h,平凉,52.0
20201111,15,CO,平凉,0.75
20201111,15,CO_24h,平凉,1.05
20201111,16,AQI,平凉,99.0
20201111,16,PM2.5,平凉,74.0
20201111,16,PM2.5_24h,平凉,69.0
20201111,16,PM10,平凉,132.0
20201111,16,PM10_24h,平凉,126.0
20201111,16,SO2,平凉,18.0
20201111,16,SO2_24h,平凉,15.0
20201111,16,NO2,平凉,46.0
20201111,16,NO2_24h,平凉,67.0
20201111,16,O3,平凉,116.0
20201111,16,O3_24h,平凉,118.0
20201111,16,O3_8h,平凉,66.0
20201111,16,O3_8h_24h,平凉,66.0
20201111,16,CO,平凉,0.75
20201111,16,CO_24h,平凉,1.05
20201111,17,AQI,平凉,90.0
20201111,17,PM2.5,平凉,67.0
20201111,17,PM2.5_24h,平凉,69.0
20201111,17,PM10,平凉,129.0
20201111,17,PM10_24h,平凉,128.0
20201111,17,SO2,平凉,13.0
20201111,17,SO2_24h,平凉,15.0
20201111,17,NO2,平凉,49.0
20201111,17,NO2_24h,平凉,67.0
20201111,17,O3,平凉,107.0
20201111,17,O3_24h,平凉,118.0
20201111,17,O3_8h,平凉,78.0
20201111,17,O3_8h_24h,平凉,78.0
20201111,17,CO,平凉,0.75
20201111,17,CO_24h,平凉,1.05
20201111,18,AQI,平凉,89.0
20201111,18,PM2.5,平凉,66.0
20201111,18,PM2.5_24h,平凉,69.0
20201111,18,PM10,平凉,125.0
20201111,18,PM10_24h,平凉,128.0
20201111,18,SO2,平凉,13.0
20201111,18,SO2_24h,平凉,15.0
20201111,18,NO2,平凉,72.0
20201111,18,NO2_24h,平凉,67.0
20201111,18,O3,平凉,76.0
20201111,18,O3_24h,平凉,118.0
20201111,18,O3_8h,平凉,86.0
20201111,18,O3_8h_24h,平凉,86.0
20201111,18,CO,平凉,0.8
20201111,18,CO_24h,平凉,1.05
20201111,19,AQI,平凉,116.0
20201111,19,PM2.5,平凉,88.0
20201111,19,PM2.5_24h,平凉,71.0
20201111,19,PM10,平凉,157.0
20201111,19,PM10_24h,平凉,129.0
20201111,19,SO2,平凉,20.0
20201111,19,SO2_24h,平凉,15.0
20201111,19,NO2,平凉,99.0
20201111,19,NO2_24h,平凉,68.0
20201111,19,O3,平凉,33.0
20201111,19,O3_24h,平凉,118.0
20201111,19,O3_8h,平凉,87.0
20201111,19,O3_8h_24h,平凉,87.0
20201111,19,CO,平凉,1.25
20201111,19,CO_24h,平凉,1.05
20201111,20,AQI,平凉,123.0
20201111,20,PM2.5,平凉,93.0
20201111,20,PM2.5_24h,平凉,71.0
20201111,20,PM10,平凉,175.0
20201111,20,PM10_24h,平凉,129.0
20201111,20,SO2,平凉,24.0
20201111,20,SO2_24h,平凉,15.0
20201111,20,NO2,平凉,96.0
20201111,20,NO2_24h,平凉,68.0
20201111,20,O3,平凉,29.0
20201111,20,O3_24h,平凉,118.0
20201111,20,O3_8h,平凉,84.0
20201111,20,O3_8h_24h,平凉,87.0
20201111,20,CO,平凉,1.45
20201111,20,CO_24h,平凉,1.05
20201111,21,AQI,平凉,111.0
20201111,21,PM2.5,平凉,76.0
20201111,21,PM2.5_24h,平凉,70.0
20201111,21,PM10,平凉,171.0
20201111,21,PM10_24h,平凉,130.0
20201111,21,SO2,平凉,21.0
20201111,21,SO2_24h,平凉,15.0
20201111,21,NO2,平凉,102.0
20201111,21,NO2_24h,平凉,68.0
20201111,21,O3,平凉,12.0
20201111,21,O3_24h,平凉,118.0
20201111,21,O3_8h,平凉,75.0
20201111,21,O3_8h_24h,平凉,87.0
20201111,21,CO,平凉,1.2
20201111,21,CO_24h,平凉,1.0
20201111,22,AQI,平凉,119.0
20201111,22,PM2.5,平凉,90.0
20201111,22,PM2.5_24h,平凉,70.0
20201111,22,PM10,平凉,177.0
20201111,22,PM10_24h,平凉,130.0
20201111,22,SO2,平凉,20.0
20201111,22,SO2_24h,平凉,15.0
20201111,22,NO2,平凉,100.0
20201111,22,NO2_24h,平凉,67.0
20201111,22,O3,平凉,8.0
20201111,22,O3_24h,平凉,118.0
20201111,22,O3_8h,平凉,62.0
20201111,22,O3_8h_24h,平凉,87.0
20201111,22,CO,平凉,1.15
20201111,22,CO_24h,平凉,1.0
20201111,23,AQI,平凉,100.0
20201111,23,PM2.5,平凉,75.0
20201111,23,PM2.5_24h,平凉,70.0
20201111,23,PM10,平凉,136.0
20201111,23,PM10_24h,平凉,129.0
20201111,23,SO2,平凉,16.0
20201111,23,SO2_24h,平凉,15.0
20201111,23,NO2,平凉,95.0
20201111,23,NO2_24h,平凉,68.0
20201111,23,O3,平凉,7.0
20201111,23,O3_24h,平凉,118.0
20201111,23,O3_8h,平凉,49.0
20201111,23,O3_8h_24h,平凉,87.0
20201111,23,CO,平凉,1.2
20201111,23,CO_24h,平凉,1.0
20201111,0,AQI,酒泉,75.0
20201111,0,PM2.5,酒泉,44.0
20201111,0,PM2.5_24h,酒泉,30.0
20201111,0,PM10,酒泉,99.0
20201111,0,PM10_24h,酒泉,74.0
20201111,0,SO2,酒泉,12.0
20201111,0,SO2_24h,酒泉,11.0
20201111,0,NO2,酒泉,41.0
20201111,0,NO2_24h,酒泉,34.0
20201111,0,O3,酒泉,33.0
20201111,0,O3_24h,酒泉,94.0
20201111,0,O3_8h,酒泉,56.0
20201111,0,O3_8h_24h,酒泉,82.0
20201111,0,CO,酒泉,0.7
20201111,0,CO_24h,酒泉,0.7
20201111,1,AQI,酒泉,70.0
20201111,1,PM2.5,酒泉,40.0
20201111,1,PM2.5_24h,酒泉,31.0
20201111,1,PM10,酒泉,90.0
20201111,1,PM10_24h,酒泉,76.0
20201111,1,SO2,酒泉,11.0
20201111,1,SO2_24h,酒泉,11.0
20201111,1,NO2,酒泉,37.0
20201111,1,NO2_24h,酒泉,34.0
20201111,1,O3,酒泉,37.0
20201111,1,O3_24h,酒泉,94.0
20201111,1,O3_8h,酒泉,37.0
20201111,1,O3_8h_24h,酒泉,37.0
20201111,1,CO,酒泉,0.65
20201111,1,CO_24h,酒泉,0.7
20201111,2,AQI,酒泉,68.0
20201111,2,PM2.5,酒泉,39.0
20201111,2,PM2.5_24h,酒泉,32.0
20201111,2,PM10,酒泉,86.0
20201111,2,PM10_24h,酒泉,78.0
20201111,2,SO2,酒泉,12.0
20201111,2,SO2_24h,酒泉,11.0
20201111,2,NO2,酒泉,37.0
20201111,2,NO2_24h,酒泉,35.0
20201111,2,O3,酒泉,34.0
20201111,2,O3_24h,酒泉,94.0
20201111,2,O3_8h,酒泉,35.0
20201111,2,O3_8h_24h,酒泉,37.0
20201111,2,CO,酒泉,0.65
20201111,2,CO_24h,酒泉,0.7
20201111,3,AQI,酒泉,69.0
20201111,3,PM2.5,酒泉,34.0
20201111,3,PM2.5_24h,酒泉,33.0
20201111,3,PM10,酒泉,88.0
20201111,3,PM10_24h,酒泉,80.0
20201111,3,SO2,酒泉,21.0
20201111,3,SO2_24h,酒泉,12.0
20201111,3,NO2,酒泉,42.0
20201111,3,NO2_24h,酒泉,36.0
20201111,3,O3,酒泉,36.0
20201111,3,O3_24h,酒泉,94.0
20201111,3,O3_8h,酒泉,36.0
20201111,3,O3_8h_24h,酒泉,37.0
20201111,3,CO,酒泉,0.8
20201111,3,CO_24h,酒泉,0.7
20201111,4,AQI,酒泉,62.0
20201111,4,PM2.5,酒泉,33.0
20201111,4,PM2.5_24h,酒泉,34.0
20201111,4,PM10,酒泉,73.0
20201111,4,PM10_24h,酒泉,82.0
20201111,4,SO2,酒泉,18.0
20201111,4,SO2_24h,酒泉,12.0
20201111,4,NO2,酒泉,35.0
20201111,4,NO2_24h,酒泉,36.0
20201111,4,O3,酒泉,53.0
20201111,4,O3_24h,酒泉,94.0
20201111,4,O3_8h,酒泉,40.0
20201111,4,O3_8h_24h,酒泉,40.0
20201111,4,CO,酒泉,0.75
20201111,4,CO_24h,酒泉,0.7
20201111,5,AQI,酒泉,61.0
20201111,5,PM2.5,酒泉,37.0
20201111,5,PM2.5_24h,酒泉,34.0
20201111,5,PM10,酒泉,71.0
20201111,5,PM10_24h,酒泉,84.0
20201111,5,SO2,酒泉,26.0
20201111,5,SO2_24h,酒泉,13.0
20201111,5,NO2,酒泉,52.0
20201111,5,NO2_24h,酒泉,38.0
20201111,5,O3,酒泉,29.0
20201111,5,O3_24h,酒泉,94.0
20201111,5,O3_8h,酒泉,38.0
20201111,5,O3_8h_24h,酒泉,40.0
20201111,5,CO,酒泉,0.75
20201111,5,CO_24h,酒泉,0.7
20201111,6,AQI,酒泉,62.0
20201111,6,PM2.5,酒泉,30.0
20201111,6,PM2.5_24h,酒泉,35.0
20201111,6,PM10,酒泉,73.0
20201111,6,PM10_24h,酒泉,86.0
20201111,6,SO2,酒泉,27.0
20201111,6,SO2_24h,酒泉,13.0
20201111,6,NO2,酒泉,57.0
20201111,6,NO2_24h,酒泉,39.0
20201111,6,O3,酒泉,18.0
20201111,6,O3_24h,酒泉,94.0
20201111,6,O3_8h,酒泉,35.0
20201111,6,O3_8h_24h,酒泉,40.0
20201111,6,CO,酒泉,0.85
20201111,6,CO_24h,酒泉,0.8
20201111,8,AQI,酒泉,60.0
20201111,8,PM2.5,酒泉,28.0
20201111,8,PM2.5_24h,酒泉,37.0
20201111,8,PM10,酒泉,69.0
20201111,8,PM10_24h,酒泉,89.0
20201111,8,SO2,酒泉,47.0
20201111,8,SO2_24h,酒泉,16.0
20201111,8,NO2,酒泉,57.0
20201111,8,NO2_24h,酒泉,41.0
20201111,8,O3,酒泉,21.0
20201111,8,O3_24h,酒泉,94.0
20201111,8,O3_8h,酒泉,31.0
20201111,8,O3_8h_24h,酒泉,40.0
20201111,8,CO,酒泉,1.3
20201111,8,CO_24h,酒泉,0.8
20201111,10,AQI,酒泉,79.0
20201111,10,PM2.5,酒泉,32.0
20201111,10,PM2.5_24h,酒泉,38.0
20201111,10,PM10,酒泉,107.0
20201111,10,PM10_24h,酒泉,91.0
20201111,10,SO2,酒泉,20.0
20201111,10,SO2_24h,酒泉,17.0
20201111,10,NO2,酒泉,55.0
20201111,10,NO2_24h,酒泉,42.0
20201111,10,O3,酒泉,20.0
20201111,10,O3_24h,酒泉,94.0
20201111,10,O3_8h,酒泉,27.0
20201111,10,O3_8h_24h,酒泉,40.0
20201111,10,CO,酒泉,1.1
20201111,10,CO_24h,酒泉,0.85
20201111,11,AQI,酒泉,106.0
20201111,11,PM2.5,酒泉,42.0
20201111,11,PM2.5_24h,酒泉,38.0
20201111,11,PM10,酒泉,161.0
20201111,11,PM10_24h,酒泉,94.0
20201111,11,SO2,酒泉,30.0
20201111,11,SO2_24h,酒泉,17.0
20201111,11,NO2,酒泉,65.0
20201111,11,NO2_24h,酒泉,43.0
20201111,11,O3,酒泉,24.0
20201111,11,O3_24h,酒泉,94.0
20201111,11,O3_8h,酒泉,25.0
20201111,11,O3_8h_24h,酒泉,40.0
20201111,11,CO,酒泉,1.3
20201111,11,CO_24h,酒泉,0.85
20201111,12,AQI,酒泉,57.0
20201111,12,PM2.5,酒泉,30.0
20201111,12,PM2.5_24h,酒泉,38.0
20201111,12,PM10,酒泉,64.0
20201111,12,PM10_24h,酒泉,93.0
20201111,12,SO2,酒泉,20.0
20201111,12,SO2_24h,酒泉,17.0
20201111,12,NO2,酒泉,24.0
20201111,12,NO2_24h,酒泉,43.0
20201111,12,O3,酒泉,72.0
20201111,12,O3_24h,酒泉,94.0
20201111,12,O3_8h,酒泉,24.0
20201111,12,O3_8h_24h,酒泉,40.0
20201111,12,CO,酒泉,0.65
20201111,12,CO_24h,酒泉,0.8
20201111,13,AQI,酒泉,44.0
20201111,13,PM2.5,酒泉,26.0
20201111,13,PM2.5_24h,酒泉,38.0
20201111,13,PM10,酒泉,44.0
20201111,13,PM10_24h,酒泉,91.0
20201111,13,SO2,酒泉,13.0
20201111,13,SO2_24h,酒泉,17.0
20201111,13,NO2,酒泉,14.0
20201111,13,NO2_24h,酒泉,42.0
20201111,13,O3,酒泉,85.0
20201111,13,O3_24h,酒泉,94.0
20201111,13,O3_8h,酒泉,31.0
20201111,13,O3_8h_24h,酒泉,41.0
20201111,13,CO,酒泉,0.4
20201111,13,CO_24h,酒泉,0.8
20201111,14,AQI,酒泉,40.0
20201111,14,PM2.5,酒泉,21.0
20201111,14,PM2.5_24h,酒泉,37.0
20201111,14,PM10,酒泉,40.0
20201111,14,PM10_24h,酒泉,90.0
20201111,14,SO2,酒泉,11.0
20201111,14,SO2_24h,酒泉,17.0
20201111,14,NO2,酒泉,15.0
20201111,14,NO2_24h,酒泉,42.0
20201111,14,O3,酒泉,88.0
20201111,14,O3_24h,酒泉,94.0
20201111,14,O3_8h,酒泉,41.0
20201111,14,O3_8h_24h,酒泉,45.0
20201111,14,CO,酒泉,0.4
20201111,14,CO_24h,酒泉,0.8
20201111,15,AQI,酒泉,49.0
20201111,15,PM2.5,酒泉,18.0
20201111,15,PM2.5_24h,酒泉,37.0
20201111,15,PM10,酒泉,49.0
20201111,15,PM10_24h,酒泉,88.0
20201111,15,SO2,酒泉,8.0
20201111,15,SO2_24h,酒泉,17.0
20201111,15,NO2,酒泉,14.0
20201111,15,NO2_24h,酒泉,42.0
20201111,15,O3,酒泉,90.0
20201111,15,O3_24h,酒泉,94.0
20201111,15,O3_8h,酒泉,50.0
20201111,15,O3_8h_24h,酒泉,50.0
20201111,15,CO,酒泉,0.4
20201111,15,CO_24h,酒泉,0.8
20201111,16,AQI,酒泉,52.0
20201111,16,PM2.5,酒泉,14.0
20201111,16,PM2.5_24h,酒泉,36.0
20201111,16,PM10,酒泉,54.0
20201111,16,PM10_24h,酒泉,88.0
20201111,16,SO2,酒泉,7.0
20201111,16,SO2_24h,酒泉,17.0
20201111,16,NO2,酒泉,16.0
20201111,16,NO2_24h,酒泉,42.0
20201111,16,O3,酒泉,92.0
20201111,16,O3_24h,酒泉,95.0
20201111,16,O3_8h,酒泉,60.0
20201111,16,O3_8h_24h,酒泉,60.0
20201111,16,CO,酒泉,0.45
20201111,16,CO_24h,酒泉,0.8
20201111,17,AQI,酒泉,55.0
20201111,17,PM2.5,酒泉,20.0
20201111,17,PM2.5_24h,酒泉,36.0
20201111,17,PM10,酒泉,59.0
20201111,17,PM10_24h,酒泉,88.0
20201111,17,SO2,酒泉,7.0
20201111,17,SO2_24h,酒泉,17.0
20201111,17,NO2,酒泉,16.0
20201111,17,NO2_24h,酒泉,42.0
20201111,17,O3,酒泉,98.0
20201111,17,O3_24h,酒泉,98.0
20201111,17,O3_8h,酒泉,71.0
20201111,17,O3_8h_24h,酒泉,71.0
20201111,17,CO,酒泉,0.4
20201111,17,CO_24h,酒泉,0.8
20201111,18,AQI,酒泉,66.0
20201111,18,PM2.5,酒泉,27.0
20201111,18,PM2.5_24h,酒泉,36.0
20201111,18,PM10,酒泉,81.0
20201111,18,PM10_24h,酒泉,88.0
20201111,18,SO2,酒泉,7.0
20201111,18,SO2_24h,酒泉,17.0
20201111,18,NO2,酒泉,24.0
20201111,18,NO2_24h,酒泉,41.0
20201111,18,O3,酒泉,92.0
20201111,18,O3_24h,酒泉,98.0
20201111,18,O3_8h,酒泉,81.0
20201111,18,O3_8h_24h,酒泉,81.0
20201111,18,CO,酒泉,0.45
20201111,18,CO_24h,酒泉,0.8
20201111,19,AQI,酒泉,80.0
20201111,19,PM2.5,酒泉,36.0
20201111,19,PM2.5_24h,酒泉,36.0
20201111,19,PM10,酒泉,109.0
20201111,19,PM10_24h,酒泉,88.0
20201111,19,SO2,酒泉,7.0
20201111,19,SO2_24h,酒泉,17.0
20201111,19,NO2,酒泉,49.0
20201111,19,NO2_24h,酒泉,42.0
20201111,19,O3,酒泉,64.0
20201111,19,O3_24h,酒泉,98.0
20201111,19,O3_8h,酒泉,86.0
20201111,19,O3_8h_24h,酒泉,86.0
20201111,19,CO,酒泉,0.7
20201111,19,CO_24h,酒泉,0.8
20201111,20,AQI,酒泉,90.0
20201111,20,PM2.5,酒泉,46.0
20201111,20,PM2.5_24h,酒泉,36.0
20201111,20,PM10,酒泉,129.0
20201111,20,PM10_24h,酒泉,90.0
20201111,20,SO2,酒泉,10.0
20201111,20,SO2_24h,酒泉,17.0
20201111,20,NO2,酒泉,63.0
20201111,20,NO2_24h,酒泉,43.0
20201111,20,O3,酒泉,47.0
20201111,20,O3_24h,酒泉,98.0
20201111,20,O3_8h,酒泉,82.0
20201111,20,O3_8h_24h,酒泉,86.0
20201111,20,CO,酒泉,0.95
20201111,20,CO_24h,酒泉,0.8
20201111,21,AQI,酒泉,113.0
20201111,21,PM2.5,酒泉,63.0
20201111,21,PM2.5_24h,酒泉,36.0
20201111,21,PM10,酒泉,176.0
20201111,21,PM10_24h,酒泉,92.0
20201111,21,SO2,酒泉,12.0
20201111,21,SO2_24h,酒泉,17.0
20201111,21,NO2,酒泉,82.0
20201111,21,NO2_24h,酒泉,44.0
20201111,21,O3,酒泉,17.0
20201111,21,O3_24h,酒泉,98.0
20201111,21,O3_8h,酒泉,73.0
20201111,21,O3_8h_24h,酒泉,86.0
20201111,21,CO,酒泉,1.25
20201111,21,CO_24h,酒泉,0.8
20201111,22,AQI,酒泉,102.0
20201111,22,PM2.5,酒泉,62.0
20201111,22,PM2.5_24h,酒泉,35.0
20201111,22,PM10,酒泉,154.0
20201111,22,PM10_24h,酒泉,91.0
20201111,22,SO2,酒泉,11.0
20201111,22,SO2_24h,酒泉,17.0
20201111,22,NO2,酒泉,68.0
20201111,22,NO2_24h,酒泉,43.0
20201111,22,O3,酒泉,17.0
20201111,22,O3_24h,酒泉,98.0
20201111,22,O3_8h,酒泉,64.0
20201111,22,O3_8h_24h,酒泉,86.0
20201111,22,CO,酒泉,1.05
20201111,22,CO_24h,酒泉,0.8
20201111,23,AQI,酒泉,85.0
20201111,23,PM2.5,酒泉,57.0
20201111,23,PM2.5_24h,酒泉,35.0
20201111,23,PM10,酒泉,120.0
20201111,23,PM10_24h,酒泉,91.0
20201111,23,SO2,酒泉,10.0
20201111,23,SO2_24h,酒泉,17.0
20201111,23,NO2,酒泉,59.0
20201111,23,NO2_24h,酒泉,43.0
20201111,23,O3,酒泉,16.0
20201111,23,O3_24h,酒泉,98.0
20201111,23,O3_8h,酒泉,55.0
20201111,23,O3_8h_24h,酒泉,86.0
20201111,23,CO,酒泉,0.95
20201111,23,CO_24h,酒泉,0.8
20201111,0,AQI,庆阳,68.0
20201111,0,PM2.5,庆阳,48.0
20201111,0,PM2.5_24h,庆阳,61.0
20201111,0,PM10,庆阳,85.0
20201111,0,PM10_24h,庆阳,100.0
20201111,0,SO2,庆阳,19.0
20201111,0,SO2_24h,庆阳,14.0
20201111,0,NO2,庆阳,30.0
20201111,0,NO2_24h,庆阳,28.0
20201111,0,O3,庆阳,78.0
20201111,0,O3_24h,庆阳,102.0
20201111,0,O3_8h,庆阳,84.0
20201111,0,O3_8h_24h,庆阳,92.0
20201111,0,CO,庆阳,0.85
20201111,0,CO_24h,庆阳,0.8
20201111,1,AQI,庆阳,71.0
20201111,1,PM2.5,庆阳,52.0
20201111,1,PM2.5_24h,庆阳,60.0
20201111,1,PM10,庆阳,84.0
20201111,1,PM10_24h,庆阳,99.0
20201111,1,SO2,庆阳,23.0
20201111,1,SO2_24h,庆阳,15.0
20201111,1,NO2,庆阳,29.0
20201111,1,NO2_24h,庆阳,28.0
20201111,1,O3,庆阳,78.0
20201111,1,O3_24h,庆阳,102.0
20201111,1,O3_8h,庆阳,78.0
20201111,1,O3_8h_24h,庆阳,78.0
20201111,1,CO,庆阳,0.9
20201111,1,CO_24h,庆阳,0.85
20201111,2,AQI,庆阳,79.0
20201111,2,PM2.5,庆阳,58.0
20201111,2,PM2.5_24h,庆阳,60.0
20201111,2,PM10,庆阳,86.0
20201111,2,PM10_24h,庆阳,99.0
20201111,2,SO2,庆阳,22.0
20201111,2,SO2_24h,庆阳,15.0
20201111,2,NO2,庆阳,25.0
20201111,2,NO2_24h,庆阳,28.0
20201111,2,O3,庆阳,98.0
20201111,2,O3_24h,庆阳,102.0
20201111,2,O3_8h,庆阳,87.0
20201111,2,O3_8h_24h,庆阳,87.0
20201111,2,CO,庆阳,0.9
20201111,2,CO_24h,庆阳,0.85
20201111,3,AQI,庆阳,94.0
20201111,3,PM2.5,庆阳,70.0
20201111,3,PM2.5_24h,庆阳,60.0
20201111,3,PM10,庆阳,101.0
20201111,3,PM10_24h,庆阳,99.0
20201111,3,SO2,庆阳,24.0
20201111,3,SO2_24h,庆阳,16.0
20201111,3,NO2,庆阳,28.0
20201111,3,NO2_24h,庆阳,29.0
20201111,3,O3,庆阳,93.0
20201111,3,O3_24h,庆阳,102.0
20201111,3,O3_8h,庆阳,90.0
20201111,3,O3_8h_24h,庆阳,90.0
20201111,3,CO,庆阳,0.9
20201111,3,CO_24h,庆阳,0.85
20201111,4,AQI,庆阳,95.0
20201111,4,PM2.5,庆阳,71.0
20201111,4,PM2.5_24h,庆阳,60.0
20201111,4,PM10,庆阳,111.0
20201111,4,PM10_24h,庆阳,99.0
20201111,4,SO2,庆阳,27.0
20201111,4,SO2_24h,庆阳,16.0
20201111,4,NO2,庆阳,27.0
20201111,4,NO2_24h,庆阳,29.0
20201111,4,O3,庆阳,96.0
20201111,4,O3_24h,庆阳,102.0
20201111,4,O3_8h,庆阳,91.0
20201111,4,O3_8h_24h,庆阳,91.0
20201111,4,CO,庆阳,1.05
20201111,4,CO_24h,庆阳,0.85
20201111,5,AQI,庆阳,100.0
20201111,5,PM2.5,庆阳,75.0
20201111,5,PM2.5_24h,庆阳,59.0
20201111,5,PM10,庆阳,113.0
20201111,5,PM10_24h,庆阳,99.0
20201111,5,SO2,庆阳,19.0
20201111,5,SO2_24h,庆阳,17.0
20201111,5,NO2,庆阳,20.0
20201111,5,NO2_24h,庆阳,29.0
20201111,5,O3,庆阳,99.0
20201111,5,O3_24h,庆阳,102.0
20201111,5,O3_8h,庆阳,93.0
20201111,5,O3_8h_24h,庆阳,93.0
20201111,5,CO,庆阳,1.05
20201111,5,CO_24h,庆阳,0.9
20201111,6,AQI,庆阳,105.0
20201111,6,PM2.5,庆阳,79.0
20201111,6,PM2.5_24h,庆阳,60.0
20201111,6,PM10,庆阳,114.0
20201111,6,PM10_24h,庆阳,99.0
20201111,6,SO2,庆阳,20.0
20201111,6,SO2_24h,庆阳,17.0
20201111,6,NO2,庆阳,21.0
20201111,6,NO2_24h,庆阳,29.0
20201111,6,O3,庆阳,93.0
20201111,6,O3_24h,庆阳,102.0
20201111,6,O3_8h,庆阳,93.0
20201111,6,O3_8h_24h,庆阳,93.0
20201111,6,CO,庆阳,1.05
20201111,6,CO_24h,庆阳,0.9
20201111,8,AQI,庆阳,106.0
20201111,8,PM2.5,庆阳,80.0
20201111,8,PM2.5_24h,庆阳,60.0
20201111,8,PM10,庆阳,132.0
20201111,8,PM10_24h,庆阳,102.0
20201111,8,SO2,庆阳,21.0
20201111,8,SO2_24h,庆阳,18.0
20201111,8,NO2,庆阳,48.0
20201111,8,NO2_24h,庆阳,29.0
20201111,8,O3,庆阳,62.0
20201111,8,O3_24h,庆阳,102.0
20201111,8,O3_8h,庆阳,88.0
20201111,8,O3_8h_24h,庆阳,93.0
20201111,8,CO,庆阳,1.05
20201111,8,CO_24h,庆阳,0.9
20201111,10,AQI,庆阳,111.0
20201111,10,PM2.5,庆阳,84.0
20201111,10,PM2.5_24h,庆阳,61.0
20201111,10,PM10,庆阳,153.0
20201111,10,PM10_24h,庆阳,103.0
20201111,10,SO2,庆阳,21.0
20201111,10,SO2_24h,庆阳,19.0
20201111,10,NO2,庆阳,40.0
20201111,10,NO2_24h,庆阳,29.0
20201111,10,O3,庆阳,78.0
20201111,10,O3_24h,庆阳,102.0
20201111,10,O3_8h,庆阳,83.0
20201111,10,O3_8h_24h,庆阳,93.0
20201111,10,CO,庆阳,1.05
20201111,10,CO_24h,庆阳,0.9
20201111,11,AQI,庆阳,108.0
20201111,11,PM2.5,庆阳,81.0
20201111,11,PM2.5_24h,庆阳,62.0
20201111,11,PM10,庆阳,147.0
20201111,11,PM10_24h,庆阳,105.0
20201111,11,SO2,庆阳,19.0
20201111,11,SO2_24h,庆阳,19.0
20201111,11,NO2,庆阳,29.0
20201111,11,NO2_24h,庆阳,29.0
20201111,11,O3,庆阳,90.0
20201111,11,O3_24h,庆阳,102.0
20201111,11,O3_8h,庆阳,83.0
20201111,11,O3_8h_24h,庆阳,93.0
20201111,11,CO,庆阳,1.0
20201111,11,CO_24h,庆阳,0.9
20201111,12,AQI,庆阳,96.0
20201111,12,PM2.5,庆阳,72.0
20201111,12,PM2.5_24h,庆阳,63.0
20201111,12,PM10,庆阳,129.0
20201111,12,PM10_24h,庆阳,105.0
20201111,12,SO2,庆阳,14.0
20201111,12,SO2_24h,庆阳,19.0
20201111,12,NO2,庆阳,23.0
20201111,12,NO2_24h,庆阳,29.0
20201111,12,O3,庆阳,98.0
20201111,12,O3_24h,庆阳,102.0
20201111,12,O3_8h,庆阳,83.0
20201111,12,O3_8h_24h,庆阳,93.0
20201111,12,CO,庆阳,0.9
20201111,12,CO_24h,庆阳,0.9
20201111,13,AQI,庆阳,101.0
20201111,13,PM2.5,庆阳,76.0
20201111,13,PM2.5_24h,庆阳,64.0
20201111,13,PM10,庆阳,114.0
20201111,13,PM10_24h,庆阳,105.0
20201111,13,SO2,庆阳,14.0
20201111,13,SO2_24h,庆阳,18.0
20201111,13,NO2,庆阳,21.0
20201111,13,NO2_24h,庆阳,29.0
20201111,13,O3,庆阳,103.0
20201111,13,O3_24h,庆阳,103.0
20201111,13,O3_8h,庆阳,83.0
20201111,13,O3_8h_24h,庆阳,93.0
20201111,13,CO,庆阳,0.9
20201111,13,CO_24h,庆阳,0.9
20201111,14,AQI,庆阳,83.0
20201111,14,PM2.5,庆阳,61.0
20201111,14,PM2.5_24h,庆阳,64.0
20201111,14,PM10,庆阳,99.0
20201111,14,PM10_24h,庆阳,105.0
20201111,14,SO2,庆阳,14.0
20201111,14,SO2_24h,庆阳,18.0
20201111,14,NO2,庆阳,22.0
20201111,14,NO2_24h,庆阳,29.0
20201111,14,O3,庆阳,102.0
20201111,14,O3_24h,庆阳,103.0
20201111,14,O3_8h,庆阳,85.0
20201111,14,O3_8h_24h,庆阳,93.0
20201111,14,CO,庆阳,0.8
20201111,14,CO_24h,庆阳,0.9
20201111,15,AQI,庆阳,81.0
20201111,15,PM2.5,庆阳,60.0
20201111,15,PM2.5_24h,庆阳,65.0
20201111,15,PM10,庆阳,92.0
20201111,15,PM10_24h,庆阳,106.0
20201111,15,SO2,庆阳,12.0
20201111,15,SO2_24h,庆阳,18.0
20201111,15,NO2,庆阳,25.0
20201111,15,NO2_24h,庆阳,29.0
20201111,15,O3,庆阳,103.0
20201111,15,O3_24h,庆阳,104.0
20201111,15,O3_8h,庆阳,87.0
20201111,15,O3_8h_24h,庆阳,93.0
20201111,15,CO,庆阳,0.85
20201111,15,CO_24h,庆阳,0.9
20201111,16,AQI,庆阳,81.0
20201111,16,PM2.5,庆阳,60.0
20201111,16,PM2.5_24h,庆阳,65.0
20201111,16,PM10,庆阳,91.0
20201111,16,PM10_24h,庆阳,107.0
20201111,16,SO2,庆阳,12.0
20201111,16,SO2_24h,庆阳,18.0
20201111,16,NO2,庆阳,23.0
20201111,16,NO2_24h,庆阳,29.0
20201111,16,O3,庆阳,102.0
20201111,16,O3_24h,庆阳,104.0
20201111,16,O3_8h,庆阳,92.0
20201111,16,O3_8h_24h,庆阳,94.0
20201111,16,CO,庆阳,0.8
20201111,16,CO_24h,庆阳,0.9
20201111,17,AQI,庆阳,81.0
20201111,17,PM2.5,庆阳,60.0
20201111,17,PM2.5_24h,庆阳,65.0
20201111,17,PM10,庆阳,90.0
20201111,17,PM10_24h,庆阳,108.0
20201111,17,SO2,庆阳,10.0
20201111,17,SO2_24h,庆阳,18.0
20201111,17,NO2,庆阳,30.0
20201111,17,NO2_24h,庆阳,30.0
20201111,17,O3,庆阳,76.0
20201111,17,O3_24h,庆阳,104.0
20201111,17,O3_8h,庆阳,96.0
20201111,17,O3_8h_24h,庆阳,97.0
20201111,17,CO,庆阳,0.85
20201111,17,CO_24h,庆阳,0.9
20201111,18,AQI,庆阳,88.0
20201111,18,PM2.5,庆阳,65.0
20201111,18,PM2.5_24h,庆阳,66.0
20201111,18,PM10,庆阳,104.0
20201111,18,PM10_24h,庆阳,108.0
20201111,18,SO2,庆阳,11.0
20201111,18,SO2_24h,庆阳,18.0
20201111,18,NO2,庆阳,49.0
20201111,18,NO2_24h,庆阳,30.0
20201111,18,O3,庆阳,49.0
20201111,18,O3_24h,庆阳,104.0
20201111,18,O3_8h,庆阳,96.0
20201111,18,O3_8h_24h,庆阳,99.0
20201111,18,CO,庆阳,0.95
20201111,18,CO_24h,庆阳,0.9
20201111,19,AQI,庆阳,98.0
20201111,19,PM2.5,庆阳,73.0
20201111,19,PM2.5_24h,庆阳,67.0
20201111,19,PM10,庆阳,120.0
20201111,19,PM10_24h,庆阳,109.0
20201111,19,SO2,庆阳,20.0
20201111,19,SO2_24h,庆阳,18.0
20201111,19,NO2,庆阳,49.0
20201111,19,NO2_24h,庆阳,31.0
20201111,19,O3,庆阳,64.0
20201111,19,O3_24h,庆阳,104.0
20201111,19,O3_8h,庆阳,92.0
20201111,19,O3_8h_24h,庆阳,99.0
20201111,19,CO,庆阳,1.05
20201111,19,CO_24h,庆阳,0.95
20201111,20,AQI,庆阳,94.0
20201111,20,PM2.5,庆阳,70.0
20201111,20,PM2.5_24h,庆阳,67.0
20201111,20,PM10,庆阳,121.0
20201111,20,PM10_24h,庆阳,110.0
20201111,20,SO2,庆阳,19.0
20201111,20,SO2_24h,庆阳,18.0
20201111,20,NO2,庆阳,35.0
20201111,20,NO2_24h,庆阳,31.0
20201111,20,O3,庆阳,77.0
20201111,20,O3_24h,庆阳,104.0
20201111,20,O3_8h,庆阳,89.0
20201111,20,O3_8h_24h,庆阳,99.0
20201111,20,CO,庆阳,1.05
20201111,20,CO_24h,庆阳,0.95
20201111,21,AQI,庆阳,114.0
20201111,21,PM2.5,庆阳,86.0
20201111,21,PM2.5_24h,庆阳,69.0
20201111,21,PM10,庆阳,116.0
20201111,21,PM10_24h,庆阳,111.0
20201111,21,SO2,庆阳,18.0
20201111,21,SO2_24h,庆阳,18.0
20201111,21,NO2,庆阳,60.0
20201111,21,NO2_24h,庆阳,32.0
20201111,21,O3,庆阳,54.0
20201111,21,O3_24h,庆阳,104.0
20201111,21,O3_8h,庆阳,82.0
20201111,21,O3_8h_24h,庆阳,99.0
20201111,21,CO,庆阳,1.1
20201111,21,CO_24h,庆阳,1.0
20201111,22,AQI,庆阳,110.0
20201111,22,PM2.5,庆阳,83.0
20201111,22,PM2.5_24h,庆阳,70.0
20201111,22,PM10,庆阳,142.0
20201111,22,PM10_24h,庆阳,113.0
20201111,22,SO2,庆阳,16.0
20201111,22,SO2_24h,庆阳,18.0
20201111,22,NO2,庆阳,51.0
20201111,22,NO2_24h,庆阳,33.0
20201111,22,O3,庆阳,58.0
20201111,22,O3_24h,庆阳,104.0
20201111,22,O3_8h,庆阳,75.0
20201111,22,O3_8h_24h,庆阳,99.0
20201111,22,CO,庆阳,1.15
20201111,22,CO_24h,庆阳,1.0
20201111,23,AQI,庆阳,104.0
20201111,23,PM2.5,庆阳,78.0
20201111,23,PM2.5_24h,庆阳,71.0
20201111,23,PM10,庆阳,130.0
20201111,23,PM10_24h,庆阳,114.0
20201111,23,SO2,庆阳,17.0
20201111,23,SO2_24h,庆阳,18.0
20201111,23,NO2,庆阳,42.0
20201111,23,NO2_24h,庆阳,34.0
20201111,23,O3,庆阳,62.0
20201111,23,O3_24h,庆阳,104.0
20201111,23,O3_8h,庆阳,70.0
20201111,23,O3_8h_24h,庆阳,99.0
20201111,23,CO,庆阳,1.15
20201111,23,CO_24h,庆阳,1.0
20201111,0,AQI,定西,99.0
20201111,0,PM2.5,定西,74.0
20201111,0,PM2.5_24h,定西,43.0
20201111,0,PM10,定西,129.0
20201111,0,PM10_24h,定西,78.0
20201111,0,SO2,定西,18.0
20201111,0,SO2_24h,定西,16.0
20201111,0,NO2,定西,61.0
20201111,0,NO2_24h,定西,39.0
20201111,0,O3,定西,4.0
20201111,0,O3_24h,定西,87.0
20201111,0,O3_8h,定西,21.0
20201111,0,O3_8h_24h,定西,62.0
20201111,0,CO,定西,1.45
20201111,0,CO_24h,定西,0.95
20201111,1,AQI,定西,81.0
20201111,1,PM2.5,定西,60.0
20201111,1,PM2.5_24h,定西,43.0
20201111,1,PM10,定西,107.0
20201111,1,PM10_24h,定西,79.0
20201111,1,SO2,定西,15.0
20201111,1,SO2_24h,定西,16.0
20201111,1,NO2,定西,57.0
20201111,1,NO2_24h,定西,40.0
20201111,1,O3,定西,5.0
20201111,1,O3_24h,定西,87.0
20201111,1,O3_8h,定西,5.0
20201111,1,O3_8h_24h,定西,5.0
20201111,1,CO,定西,1.35
20201111,1,CO_24h,定西,0.95
20201111,2,AQI,定西,86.0
20201111,2,PM2.5,定西,64.0
20201111,2,PM2.5_24h,定西,43.0
20201111,2,PM10,定西,109.0
20201111,2,PM10_24h,定西,79.0
20201111,2,SO2,定西,15.0
20201111,2,SO2_24h,定西,17.0
20201111,2,NO2,定西,52.0
20201111,2,NO2_24h,定西,40.0
20201111,2,O3,定西,5.0
20201111,2,O3_24h,定西,87.0
20201111,2,O3_8h,定西,5.0
20201111,2,O3_8h_24h,定西,5.0
20201111,2,CO,定西,1.5
20201111,2,CO_24h,定西,0.95
20201111,3,AQI,定西,71.0
20201111,3,PM2.5,定西,49.0
20201111,3,PM2.5_24h,定西,43.0
20201111,3,PM10,定西,92.0
20201111,3,PM10_24h,定西,79.0
20201111,3,SO2,定西,13.0
20201111,3,SO2_24h,定西,17.0
20201111,3,NO2,定西,50.0
20201111,3,NO2_24h,定西,41.0
20201111,3,O3,定西,4.0
20201111,3,O3_24h,定西,87.0
20201111,3,O3_8h,定西,5.0
20201111,3,O3_8h_24h,定西,5.0
20201111,3,CO,定西,1.35
20201111,3,CO_24h,定西,0.95
20201111,4,AQI,定西,69.0
20201111,4,PM2.5,定西,47.0
20201111,4,PM2.5_24h,定西,43.0
20201111,4,PM10,定西,87.0
20201111,4,PM10_24h,定西,79.0
20201111,4,SO2,定西,11.0
20201111,4,SO2_24h,定西,16.0
20201111,4,NO2,定西,50.0
20201111,4,NO2_24h,定西,41.0
20201111,4,O3,定西,4.0
20201111,4,O3_24h,定西,87.0
20201111,4,O3_8h,定西,4.0
20201111,4,O3_8h_24h,定西,5.0
20201111,4,CO,定西,1.15
20201111,4,CO_24h,定西,0.95
20201111,5,AQI,定西,74.0
20201111,5,PM2.5,定西,54.0
20201111,5,PM2.5_24h,定西,43.0
20201111,5,PM10,定西,87.0
20201111,5,PM10_24h,定西,79.0
20201111,5,SO2,定西,12.0
20201111,5,SO2_24h,定西,17.0
20201111,5,NO2,定西,48.0
20201111,5,NO2_24h,定西,42.0
20201111,5,O3,定西,4.0
20201111,5,O3_24h,定西,87.0
20201111,5,O3_8h,定西,5.0
20201111,5,O3_8h_24h,定西,5.0
20201111,5,CO,定西,1.35
20201111,5,CO_24h,定西,0.95
20201111,6,AQI,定西,71.0
20201111,6,PM2.5,定西,43.0
20201111,6,PM2.5_24h,定西,43.0
20201111,6,PM10,定西,91.0
20201111,6,PM10_24h,定西,79.0
20201111,6,SO2,定西,11.0
20201111,6,SO2_24h,定西,17.0
20201111,6,NO2,定西,49.0
20201111,6,NO2_24h,定西,43.0
20201111,6,O3,定西,6.0
20201111,6,O3_24h,定西,87.0
20201111,6,O3_8h,定西,6.0
20201111,6,O3_8h_24h,定西,6.0
20201111,6,CO,定西,0.95
20201111,6,CO_24h,定西,0.95
20201111,8,AQI,定西,97.0
20201111,8,PM2.5,定西,64.0
20201111,8,PM2.5_24h,定西,45.0
20201111,8,PM10,定西,144.0
20201111,8,PM10_24h,定西,84.0
20201111,8,SO2,定西,36.0
20201111,8,SO2_24h,定西,18.0
20201111,8,NO2,定西,49.0
20201111,8,NO2_24h,定西,44.0
20201111,8,O3,定西,3.0
20201111,8,O3_24h,定西,87.0
20201111,8,O3_8h,定西,3.0
20201111,8,O3_8h_24h,定西,4.0
20201111,8,CO,定西,1.7
20201111,8,CO_24h,定西,1.0
20201111,10,AQI,定西,111.0
20201111,10,PM2.5,定西,68.0
20201111,10,PM2.5_24h,定西,46.0
20201111,10,PM10,定西,172.0
20201111,10,PM10_24h,定西,89.0
20201111,10,SO2,定西,50.0
20201111,10,SO2_24h,定西,19.0
20201111,10,NO2,定西,55.0
20201111,10,NO2_24h,定西,46.0
20201111,10,O3,定西,4.0
20201111,10,O3_24h,定西,87.0
20201111,10,O3_8h,定西,3.0
20201111,10,O3_8h_24h,定西,4.0
20201111,10,CO,定西,1.35
20201111,10,CO_24h,定西,1.1
20201111,11,AQI,定西,78.0
20201111,11,PM2.5,定西,49.0
20201111,11,PM2.5_24h,定西,46.0
20201111,11,PM10,定西,106.0
20201111,11,PM10_24h,定西,90.0
20201111,11,SO2,定西,24.0
20201111,11,SO2_24h,定西,19.0
20201111,11,NO2,定西,36.0
20201111,11,NO2_24h,定西,46.0
20201111,11,O3,定西,17.0
20201111,11,O3_24h,定西,87.0
20201111,11,O3_8h,定西,6.0
20201111,11,O3_8h_24h,定西,6.0
20201111,11,CO,定西,0.75
20201111,11,CO_24h,定西,1.1
20201111,12,AQI,定西,57.0
20201111,12,PM2.5,定西,36.0
20201111,12,PM2.5_24h,定西,46.0
20201111,12,PM10,定西,63.0
20201111,12,PM10_24h,定西,89.0
20201111,12,SO2,定西,19.0
20201111,12,SO2_24h,定西,19.0
20201111,12,NO2,定西,31.0
20201111,12,NO2_24h,定西,46.0
20201111,12,O3,定西,27.0
20201111,12,O3_24h,定西,87.0
20201111,12,O3_8h,定西,9.0
20201111,12,O3_8h_24h,定西,9.0
20201111,12,CO,定西,0.75
20201111,12,CO_24h,定西,1.1
20201111,13,AQI,定西,48.0
20201111,13,PM2.5,定西,33.0
20201111,13,PM2.5_24h,定西,46.0
20201111,13,PM10,定西,48.0
20201111,13,PM10_24h,定西,89.0
20201111,13,SO2,定西,15.0
20201111,13,SO2_24h,定西,19.0
20201111,13,NO2,定西,23.0
20201111,13,NO2_24h,定西,47.0
20201111,13,O3,定西,42.0
20201111,13,O3_24h,定西,87.0
20201111,13,O3_8h,定西,14.0
20201111,13,O3_8h_24h,定西,14.0
20201111,13,CO,定西,0.7
20201111,13,CO_24h,定西,1.1
20201111,14,AQI,定西,42.0
20201111,14,PM2.5,定西,25.0
20201111,14,PM2.5_24h,定西,47.0
20201111,14,PM10,定西,42.0
20201111,14,PM10_24h,定西,89.0
20201111,14,SO2,定西,10.0
20201111,14,SO2_24h,定西,19.0
20201111,14,NO2,定西,17.0
20201111,14,NO2_24h,定西,47.0
20201111,14,O3,定西,53.0
20201111,14,O3_24h,定西,87.0
20201111,14,O3_8h,定西,20.0
20201111,14,O3_8h_24h,定西,20.0
20201111,14,CO,定西,0.55
20201111,14,CO_24h,定西,1.1
20201111,15,AQI,定西,37.0
20201111,15,PM2.5,定西,22.0
20201111,15,PM2.5_24h,定西,46.0
20201111,15,PM10,定西,37.0
20201111,15,PM10_24h,定西,89.0
20201111,15,SO2,定西,7.0
20201111,15,SO2_24h,定西,19.0
20201111,15,NO2,定西,11.0
20201111,15,NO2_24h,定西,47.0
20201111,15,O3,定西,62.0
20201111,15,O3_24h,定西,87.0
20201111,15,O3_8h,定西,28.0
20201111,15,O3_8h_24h,定西,28.0
20201111,15,CO,定西,0.55
20201111,15,CO_24h,定西,1.1
20201111,16,AQI,定西,36.0
20201111,16,PM2.5,定西,25.0
20201111,16,PM2.5_24h,定西,47.0
20201111,16,PM10,定西,36.0
20201111,16,PM10_24h,定西,91.0
20201111,16,SO2,定西,6.0
20201111,16,SO2_24h,定西,21.0
20201111,16,NO2,定西,14.0
20201111,16,NO2_24h,定西,47.0
20201111,16,O3,定西,68.0
20201111,16,O3_24h,定西,76.0
20201111,16,O3_8h,定西,34.0
20201111,16,O3_8h_24h,定西,34.0
20201111,16,CO,定西,0.55
20201111,16,CO_24h,定西,1.1
20201111,17,AQI,定西,43.0
20201111,17,PM2.5,定西,27.0
20201111,17,PM2.5_24h,定西,48.0
20201111,17,PM10,定西,43.0
20201111,17,PM10_24h,定西,91.0
20201111,17,SO2,定西,6.0
20201111,17,SO2_24h,定西,21.0
20201111,17,NO2,定西,20.0
20201111,17,NO2_24h,定西,47.0
20201111,17,O3,定西,59.0
20201111,17,O3_24h,定西,68.0
20201111,17,O3_8h,定西,41.0
20201111,17,O3_8h_24h,定西,41.0
20201111,17,CO,定西,0.55
20201111,17,CO_24h,定西,1.1
20201111,18,AQI,定西,53.0
20201111,18,PM2.5,定西,32.0
20201111,18,PM2.5_24h,定西,48.0
20201111,18,PM10,定西,55.0
20201111,18,PM10_24h,定西,90.0
20201111,18,SO2,定西,7.0
20201111,18,SO2_24h,定西,20.0
20201111,18,NO2,定西,27.0
20201111,18,NO2_24h,定西,46.0
20201111,18,O3,定西,54.0
20201111,18,O3_24h,定西,68.0
20201111,18,O3_8h,定西,47.0
20201111,18,O3_8h_24h,定西,47.0
20201111,18,CO,定西,0.6
20201111,18,CO_24h,定西,1.1
20201111,19,AQI,定西,52.0
20201111,19,PM2.5,定西,32.0
20201111,19,PM2.5_24h,定西,47.0
20201111,19,PM10,定西,53.0
20201111,19,PM10_24h,定西,89.0
20201111,19,SO2,定西,7.0
20201111,19,SO2_24h,定西,20.0
20201111,19,NO2,定西,25.0
20201111,19,NO2_24h,定西,44.0
20201111,19,O3,定西,52.0
20201111,19,O3_24h,定西,68.0
20201111,19,O3_8h,定西,52.0
20201111,19,O3_8h_24h,定西,52.0
20201111,19,CO,定西,0.6
20201111,19,CO_24h,定西,1.1
20201111,20,AQI,定西,51.0
20201111,20,PM2.5,定西,35.0
20201111,20,PM2.5_24h,定西,47.0
20201111,20,PM10,定西,51.0
20201111,20,PM10_24h,定西,88.0
20201111,20,SO2,定西,10.0
20201111,20,SO2_24h,定西,19.0
20201111,20,NO2,定西,38.0
20201111,20,NO2_24h,定西,43.0
20201111,20,O3,定西,36.0
20201111,20,O3_24h,定西,68.0
20201111,20,O3_8h,定西,53.0
20201111,20,O3_8h_24h,定西,53.0
20201111,20,CO,定西,0.65
20201111,20,CO_24h,定西,1.1
20201111,21,AQI,定西,73.0
20201111,21,PM2.5,定西,53.0
20201111,21,PM2.5_24h,定西,48.0
20201111,21,PM10,定西,93.0
20201111,21,PM10_24h,定西,88.0
20201111,21,SO2,定西,17.0
20201111,21,SO2_24h,定西,19.0
20201111,21,NO2,定西,60.0
20201111,21,NO2_24h,定西,43.0
20201111,21,O3,定西,11.0
20201111,21,O3_24h,定西,68.0
20201111,21,O3_8h,定西,49.0
20201111,21,O3_8h_24h,定西,53.0
20201111,21,CO,定西,1.1
20201111,21,CO_24h,定西,1.1
20201111,22,AQI,定西,86.0
20201111,22,PM2.5,定西,62.0
20201111,22,PM2.5_24h,定西,48.0
20201111,22,PM10,定西,121.0
20201111,22,PM10_24h,定西,89.0
20201111,22,SO2,定西,22.0
20201111,22,SO2_24h,定西,18.0
20201111,22,NO2,定西,57.0
20201111,22,NO2_24h,定西,42.0
20201111,22,O3,定西,7.0
20201111,22,O3_24h,定西,68.0
20201111,22,O3_8h,定西,43.0
20201111,22,O3_8h_24h,定西,53.0
20201111,22,CO,定西,1.55
20201111,22,CO_24h,定西,1.05
20201111,23,AQI,定西,95.0
20201111,23,PM2.5,定西,71.0
20201111,23,PM2.5_24h,定西,48.0
20201111,23,PM10,定西,113.0
20201111,23,PM10_24h,定西,89.0
20201111,23,SO2,定西,19.0
20201111,23,SO2_24h,定西,18.0
20201111,23,NO2,定西,53.0
20201111,23,NO2_24h,定西,41.0
20201111,23,O3,定西,5.0
20201111,23,O3_24h,定西,68.0
20201111,23,O3_8h,定西,35.0
20201111,23,O3_8h_24h,定西,53.0
20201111,23,CO,定西,1.6
20201111,23,CO_24h,定西,1.05
20201111,0,AQI,陇南,66.0
20201111,0,PM2.5,陇南,37.0
20201111,0,PM2.5_24h,陇南,22.0
20201111,0,PM10,陇南,81.0
20201111,0,PM10_24h,陇南,49.0
20201111,0,SO2,陇南,12.0
20201111,0,SO2_24h,陇南,10.0
20201111,0,NO2,陇南,52.0
20201111,0,NO2_24h,陇南,27.0
20201111,0,O3,陇南,14.0
20201111,0,O3_24h,陇南,82.0
20201111,0,O3_8h,陇南,45.0
20201111,0,O3_8h_24h,陇南,70.0
20201111,0,CO,陇南,1.1
20201111,0,CO_24h,陇南,0.6
20201111,1,AQI,陇南,54.0
20201111,1,PM2.5,陇南,38.0
20201111,1,PM2.5_24h,陇南,22.0
20201111,1,PM10,陇南,41.0
20201111,1,PM10_24h,陇南,48.0
20201111,1,SO2,陇南,10.0
20201111,1,SO2_24h,陇南,10.0
20201111,1,NO2,陇南,32.0
20201111,1,NO2_24h,陇南,26.0
20201111,1,O3,陇南,28.0
20201111,1,O3_24h,陇南,82.0
20201111,1,O3_8h,陇南,28.0
20201111,1,O3_8h_24h,陇南,28.0
20201111,1,CO,陇南,0.6
20201111,1,CO_24h,陇南,0.6
20201111,2,AQI,陇南,46.0
20201111,2,PM2.5,陇南,32.0
20201111,2,PM2.5_24h,陇南,23.0
20201111,2,PM10,陇南,41.0
20201111,2,PM10_24h,陇南,47.0
20201111,2,SO2,陇南,9.0
20201111,2,SO2_24h,陇南,10.0
20201111,2,NO2,陇南,20.0
20201111,2,NO2_24h,陇南,25.0
20201111,2,O3,陇南,37.0
20201111,2,O3_24h,陇南,82.0
20201111,2,O3_8h,陇南,32.0
20201111,2,O3_8h_24h,陇南,32.0
20201111,2,CO,陇南,0.5
20201111,2,CO_24h,陇南,0.6
20201111,3,AQI,陇南,39.0
20201111,3,PM2.5,陇南,27.0
20201111,3,PM2.5_24h,陇南,23.0
20201111,3,PM10,陇南,36.0
20201111,3,PM10_24h,陇南,46.0
20201111,3,SO2,陇南,9.0
20201111,3,SO2_24h,陇南,10.0
20201111,3,NO2,陇南,12.0
20201111,3,NO2_24h,陇南,24.0
20201111,3,O3,陇南,42.0
20201111,3,O3_24h,陇南,82.0
20201111,3,O3_8h,陇南,36.0
20201111,3,O3_8h_24h,陇南,36.0
20201111,3,CO,陇南,0.3
20201111,3,CO_24h,陇南,0.6
20201111,4,AQI,陇南,33.0
20201111,4,PM2.5,陇南,23.0
20201111,4,PM2.5_24h,陇南,23.0
20201111,4,PM10,陇南,28.0
20201111,4,PM10_24h,陇南,46.0
20201111,4,SO2,陇南,9.0
20201111,4,SO2_24h,陇南,10.0
20201111,4,NO2,陇南,11.0
20201111,4,NO2_24h,陇南,23.0
20201111,4,O3,陇南,41.0
20201111,4,O3_24h,陇南,82.0
20201111,4,O3_8h,陇南,37.0
20201111,4,O3_8h_24h,陇南,37.0
20201111,4,CO,陇南,0.3
20201111,4,CO_24h,陇南,0.6
20201111,5,AQI,陇南,32.0
20201111,5,PM2.5,陇南,16.0
20201111,5,PM2.5_24h,陇南,23.0
20201111,5,PM10,陇南,32.0
20201111,5,PM10_24h,陇南,46.0
20201111,5,SO2,陇南,9.0
20201111,5,SO2_24h,陇南,10.0
20201111,5,NO2,陇南,11.0
20201111,5,NO2_24h,陇南,23.0
20201111,5,O3,陇南,38.0
20201111,5,O3_24h,陇南,82.0
20201111,5,O3_8h,陇南,37.0
20201111,5,O3_8h_24h,陇南,37.0
20201111,5,CO,陇南,0.4
20201111,5,CO_24h,陇南,0.5
20201111,6,AQI,陇南,32.0
20201111,6,PM2.5,陇南,19.0
20201111,6,PM2.5_24h,陇南,23.0
20201111,6,PM10,陇南,32.0
20201111,6,PM10_24h,陇南,46.0
20201111,6,SO2,陇南,8.0
20201111,6,SO2_24h,陇南,9.0
20201111,6,NO2,陇南,11.0
20201111,6,NO2_24h,陇南,23.0
20201111,6,O3,陇南,38.0
20201111,6,O3_24h,陇南,82.0
20201111,6,O3_8h,陇南,37.0
20201111,6,O3_8h_24h,陇南,37.0
20201111,6,CO,陇南,0.3
20201111,6,CO_24h,陇南,0.5
20201111,8,AQI,陇南,31.0
20201111,8,PM2.5,陇南,16.0
20201111,8,PM2.5_24h,陇南,23.0
20201111,8,PM10,陇南,31.0
20201111,8,PM10_24h,陇南,45.0
20201111,8,SO2,陇南,9.0
20201111,8,SO2_24h,陇南,9.0
20201111,8,NO2,陇南,23.0
20201111,8,NO2_24h,陇南,22.0
20201111,8,O3,陇南,25.0
20201111,8,O3_24h,陇南,82.0
20201111,8,O3_8h,陇南,36.0
20201111,8,O3_8h_24h,陇南,37.0
20201111,8,CO,陇南,0.7
20201111,8,CO_24h,陇南,0.5
20201111,10,AQI,陇南,35.0
20201111,10,PM2.5,陇南,11.0
20201111,10,PM2.5_24h,陇南,22.0
20201111,10,PM10,陇南,35.0
20201111,10,PM10_24h,陇南,43.0
20201111,10,SO2,陇南,9.0
20201111,10,SO2_24h,陇南,9.0
20201111,10,NO2,陇南,26.0
20201111,10,NO2_24h,陇南,22.0
20201111,10,O3,陇南,24.0
20201111,10,O3_24h,陇南,82.0
20201111,10,O3_8h,陇南,33.0
20201111,10,O3_8h_24h,陇南,37.0
20201111,10,CO,陇南,0.5
20201111,10,CO_24h,陇南,0.5
20201111,11,AQI,陇南,35.0
20201111,11,PM2.5,陇南,14.0
20201111,11,PM2.5_24h,陇南,23.0
20201111,11,PM10,陇南,35.0
20201111,11,PM10_24h,陇南,44.0
20201111,11,SO2,陇南,10.0
20201111,11,SO2_24h,陇南,9.0
20201111,11,NO2,陇南,23.0
20201111,11,NO2_24h,陇南,22.0
20201111,11,O3,陇南,30.0
20201111,11,O3_24h,陇南,82.0
20201111,11,O3_8h,陇南,32.0
20201111,11,O3_8h_24h,陇南,37.0
20201111,11,CO,陇南,0.5
20201111,11,CO_24h,陇南,0.5
20201111,12,AQI,陇南,31.0
20201111,12,PM2.5,陇南,9.0
20201111,12,PM2.5_24h,陇南,23.0
20201111,12,PM10,陇南,31.0
20201111,12,PM10_24h,陇南,44.0
20201111,12,SO2,陇南,11.0
20201111,12,SO2_24h,陇南,9.0
20201111,12,NO2,陇南,14.0
20201111,12,NO2_24h,陇南,22.0
20201111,12,O3,陇南,43.0
20201111,12,O3_24h,陇南,82.0
20201111,12,O3_8h,陇南,32.0
20201111,12,O3_8h_24h,陇南,37.0
20201111,12,CO,陇南,0.5
20201111,12,CO_24h,陇南,0.5
20201111,13,AQI,陇南,34.0
20201111,13,PM2.5,陇南,10.0
20201111,13,PM2.5_24h,陇南,23.0
20201111,13,PM10,陇南,34.0
20201111,13,PM10_24h,陇南,44.0
20201111,13,SO2,陇南,11.0
20201111,13,SO2_24h,陇南,9.0
20201111,13,NO2,陇南,20.0
20201111,13,NO2_24h,陇南,23.0
20201111,13,O3,陇南,46.0
20201111,13,O3_24h,陇南,82.0
20201111,13,O3_8h,陇南,33.0
20201111,13,O3_8h_24h,陇南,37.0
20201111,13,CO,陇南,0.3
20201111,13,CO_24h,陇南,0.5
20201111,14,AQI,陇南,35.0
20201111,14,PM2.5,陇南,16.0
20201111,14,PM2.5_24h,陇南,23.0
20201111,14,PM10,陇南,35.0
20201111,14,PM10_24h,陇南,44.0
20201111,14,SO2,陇南,10.0
20201111,14,SO2_24h,陇南,9.0
20201111,14,NO2,陇南,17.0
20201111,14,NO2_24h,陇南,23.0
20201111,14,O3,陇南,70.0
20201111,14,O3_24h,陇南,82.0
20201111,14,O3_8h,陇南,37.0
20201111,14,O3_8h_24h,陇南,37.0
20201111,14,CO,陇南,0.2
20201111,14,CO_24h,陇南,0.5
20201111,15,AQI,陇南,40.0
20201111,15,PM2.5,陇南,20.0
20201111,15,PM2.5_24h,陇南,23.0
20201111,15,PM10,陇南,40.0
20201111,15,PM10_24h,陇南,44.0
20201111,15,SO2,陇南,10.0
20201111,15,SO2_24h,陇南,9.0
20201111,15,NO2,陇南,13.0
20201111,15,NO2_24h,陇南,23.0
20201111,15,O3,陇南,89.0
20201111,15,O3_24h,陇南,89.0
20201111,15,O3_8h,陇南,44.0
20201111,15,O3_8h_24h,陇南,44.0
20201111,15,CO,陇南,0.2
20201111,15,CO_24h,陇南,0.5
20201111,16,AQI,陇南,42.0
20201111,16,PM2.5,陇南,24.0
20201111,16,PM2.5_24h,陇南,23.0
20201111,16,PM10,陇南,42.0
20201111,16,PM10_24h,陇南,43.0
20201111,16,SO2,陇南,9.0
20201111,16,SO2_24h,陇南,9.0
20201111,16,NO2,陇南,11.0
20201111,16,NO2_24h,陇南,23.0
20201111,16,O3,陇南,90.0
20201111,16,O3_24h,陇南,90.0
20201111,16,O3_8h,陇南,52.0
20201111,16,O3_8h_24h,陇南,52.0
20201111,16,CO,陇南,0.2
20201111,16,CO_24h,陇南,0.5
20201111,17,AQI,陇南,51.0
20201111,17,PM2.5,陇南,31.0
20201111,17,PM2.5_24h,陇南,23.0
20201111,17,PM10,陇南,51.0
20201111,17,PM10_24h,陇南,44.0
20201111,17,SO2,陇南,8.0
20201111,17,SO2_24h,陇南,9.0
20201111,17,NO2,陇南,16.0
20201111,17,NO2_24h,陇南,23.0
20201111,17,O3,陇南,87.0
20201111,17,O3_24h,陇南,90.0
20201111,17,O3_8h,陇南,60.0
20201111,17,O3_8h_24h,陇南,60.0
20201111,17,CO,陇南,0.2
20201111,17,CO_24h,陇南,0.5
20201111,18,AQI,陇南,47.0
20201111,18,PM2.5,陇南,30.0
20201111,18,PM2.5_24h,陇南,23.0
20201111,18,PM10,陇南,47.0
20201111,18,PM10_24h,陇南,44.0
20201111,18,SO2,陇南,9.0
20201111,18,SO2_24h,陇南,9.0
20201111,18,NO2,陇南,20.0
20201111,18,NO2_24h,陇南,23.0
20201111,18,O3,陇南,82.0
20201111,18,O3_24h,陇南,90.0
20201111,18,O3_8h,陇南,67.0
20201111,18,O3_8h_24h,陇南,67.0
20201111,18,CO,陇南,0.5
20201111,18,CO_24h,陇南,0.5
20201111,19,AQI,陇南,61.0
20201111,19,PM2.5,陇南,37.0
20201111,19,PM2.5_24h,陇南,23.0
20201111,19,PM10,陇南,71.0
20201111,19,PM10_24h,陇南,44.0
20201111,19,SO2,陇南,10.0
20201111,19,SO2_24h,陇南,9.0
20201111,19,NO2,陇南,24.0
20201111,19,NO2_24h,陇南,22.0
20201111,19,O3,陇南,75.0
20201111,19,O3_24h,陇南,90.0
20201111,19,O3_8h,陇南,73.0
20201111,19,O3_8h_24h,陇南,73.0
20201111,19,CO,陇南,0.8
20201111,19,CO_24h,陇南,0.5
20201111,20,AQI,陇南,68.0
20201111,20,PM2.5,陇南,44.0
20201111,20,PM2.5_24h,陇南,24.0
20201111,20,PM10,陇南,85.0
20201111,20,PM10_24h,陇南,45.0
20201111,20,SO2,陇南,11.0
20201111,20,SO2_24h,陇南,10.0
20201111,20,NO2,陇南,41.0
20201111,20,NO2_24h,陇南,24.0
20201111,20,O3,陇南,46.0
20201111,20,O3_24h,陇南,90.0
20201111,20,O3_8h,陇南,73.0
20201111,20,O3_8h_24h,陇南,73.0
20201111,20,CO,陇南,1.1
20201111,20,CO_24h,陇南,0.6
20201111,21,AQI,陇南,75.0
20201111,21,PM2.5,陇南,37.0
20201111,21,PM2.5_24h,陇南,24.0
20201111,21,PM10,陇南,99.0
20201111,21,PM10_24h,陇南,47.0
20201111,21,SO2,陇南,10.0
20201111,21,SO2_24h,陇南,10.0
20201111,21,NO2,陇南,54.0
20201111,21,NO2_24h,陇南,24.0
20201111,21,O3,陇南,23.0
20201111,21,O3_24h,陇南,90.0
20201111,21,O3_8h,陇南,70.0
20201111,21,O3_8h_24h,陇南,73.0
20201111,21,CO,陇南,1.4
20201111,21,CO_24h,陇南,0.6
20201111,22,AQI,陇南,62.0
20201111,22,PM2.5,陇南,42.0
20201111,22,PM2.5_24h,陇南,25.0
20201111,22,PM10,陇南,74.0
20201111,22,PM10_24h,陇南,47.0
20201111,22,SO2,陇南,14.0
20201111,22,SO2_24h,陇南,10.0
20201111,22,NO2,陇南,62.0
20201111,22,NO2_24h,陇南,25.0
20201111,22,O3,陇南,12.0
20201111,22,O3_24h,陇南,90.0
20201111,22,O3_8h,陇南,63.0
20201111,22,O3_8h_24h,陇南,73.0
20201111,22,CO,陇南,2.3
20201111,22,CO_24h,陇南,0.7
20201111,23,AQI,陇南,76.0
20201111,23,PM2.5,陇南,34.0
20201111,23,PM2.5_24h,陇南,25.0
20201111,23,PM10,陇南,101.0
20201111,23,PM10_24h,陇南,48.0
20201111,23,SO2,陇南,14.0
20201111,23,SO2_24h,陇南,10.0
20201111,23,NO2,陇南,54.0
20201111,23,NO2_24h,陇南,25.0
20201111,23,O3,陇南,15.0
20201111,23,O3_24h,陇南,90.0
20201111,23,O3_8h,陇南,54.0
20201111,23,O3_8h_24h,陇南,73.0
20201111,23,CO,陇南,2.0
20201111,23,CO_24h,陇南,0.7
20201111,0,AQI,临夏州,80.0
20201111,0,PM2.5,临夏州,32.0
20201111,0,PM2.5_24h,临夏州,23.0
20201111,0,PM10,临夏州,109.0
20201111,0,PM10_24h,临夏州,66.0
20201111,0,SO2,临夏州,10.0
20201111,0,SO2_24h,临夏州,9.0
20201111,0,NO2,临夏州,54.0
20201111,0,NO2_24h,临夏州,45.0
20201111,0,O3,临夏州,6.0
20201111,0,O3_24h,临夏州,97.0
20201111,0,O3_8h,临夏州,27.0
20201111,0,O3_8h_24h,临夏州,70.0
20201111,0,CO,临夏州,1.4
20201111,0,CO_24h,临夏州,1.25
20201111,1,AQI,临夏州,78.0
20201111,1,PM2.5,临夏州,32.0
20201111,1,PM2.5_24h,临夏州,23.0
20201111,1,PM10,临夏州,105.0
20201111,1,PM10_24h,临夏州,65.0
20201111,1,SO2,临夏州,10.0
20201111,1,SO2_24h,临夏州,9.0
20201111,1,NO2,临夏州,48.0
20201111,1,NO2_24h,临夏州,45.0
20201111,1,O3,临夏州,7.0
20201111,1,O3_24h,临夏州,97.0
20201111,1,O3_8h,临夏州,7.0
20201111,1,O3_8h_24h,临夏州,7.0
20201111,1,CO,临夏州,1.55
20201111,1,CO_24h,临夏州,1.25
20201111,2,AQI,临夏州,78.0
20201111,2,PM2.5,临夏州,30.0
20201111,2,PM2.5_24h,临夏州,23.0
20201111,2,PM10,临夏州,105.0
20201111,2,PM10_24h,临夏州,65.0
20201111,2,SO2,临夏州,7.0
20201111,2,SO2_24h,临夏州,9.0
20201111,2,NO2,临夏州,44.0
20201111,2,NO2_24h,临夏州,46.0
20201111,2,O3,临夏州,7.0
20201111,2,O3_24h,临夏州,97.0
20201111,2,O3_8h,临夏州,7.0
20201111,2,O3_8h_24h,临夏州,7.0
20201111,2,CO,临夏州,1.5
20201111,2,CO_24h,临夏州,1.25
20201111,3,AQI,临夏州,70.0
20201111,3,PM2.5,临夏州,29.0
20201111,3,PM2.5_24h,临夏州,23.0
20201111,3,PM10,临夏州,89.0
20201111,3,PM10_24h,临夏州,65.0
20201111,3,SO2,临夏州,5.0
20201111,3,SO2_24h,临夏州,9.0
20201111,3,NO2,临夏州,40.0
20201111,3,NO2_24h,临夏州,46.0
20201111,3,O3,临夏州,10.0
20201111,3,O3_24h,临夏州,97.0
20201111,3,O3_8h,临夏州,8.0
20201111,3,O3_8h_24h,临夏州,8.0
20201111,3,CO,临夏州,1.15
20201111,3,CO_24h,临夏州,1.25
20201111,4,AQI,临夏州,64.0
20201111,4,PM2.5,临夏州,22.0
20201111,4,PM2.5_24h,临夏州,23.0
20201111,4,PM10,临夏州,77.0
20201111,4,PM10_24h,临夏州,64.0
20201111,4,SO2,临夏州,5.0
20201111,4,SO2_24h,临夏州,9.0
20201111,4,NO2,临夏州,37.0
20201111,4,NO2_24h,临夏州,46.0
20201111,4,O3,临夏州,11.0
20201111,4,O3_24h,临夏州,97.0
20201111,4,O3_8h,临夏州,9.0
20201111,4,O3_8h_24h,临夏州,9.0
20201111,4,CO,临夏州,1.1
20201111,4,CO_24h,临夏州,1.25
20201111,5,AQI,临夏州,60.0
20201111,5,PM2.5,临夏州,19.0
20201111,5,PM2.5_24h,临夏州,23.0
20201111,5,PM10,临夏州,69.0
20201111,5,PM10_24h,临夏州,64.0
20201111,5,SO2,临夏州,6.0
20201111,5,SO2_24h,临夏州,10.0
20201111,5,NO2,临夏州,38.0
20201111,5,NO2_24h,临夏州,46.0
20201111,5,O3,临夏州,9.0
20201111,5,O3_24h,临夏州,97.0
20201111,5,O3_8h,临夏州,9.0
20201111,5,O3_8h_24h,临夏州,9.0
20201111,5,CO,临夏州,1.3
20201111,5,CO_24h,临夏州,1.2
20201111,6,AQI,临夏州,61.0
20201111,6,PM2.5,临夏州,19.0
20201111,6,PM2.5_24h,临夏州,22.0
20201111,6,PM10,临夏州,72.0
20201111,6,PM10_24h,临夏州,65.0
20201111,6,SO2,临夏州,6.0
20201111,6,SO2_24h,临夏州,10.0
20201111,6,NO2,临夏州,38.0
20201111,6,NO2_24h,临夏州,47.0
20201111,6,O3,临夏州,7.0
20201111,6,O3_24h,临夏州,97.0
20201111,6,O3_8h,临夏州,8.0
20201111,6,O3_8h_24h,临夏州,9.0
20201111,6,CO,临夏州,1.25
20201111,6,CO_24h,临夏州,1.25
20201111,7,AQI,临夏州,66.0
20201111,7,PM2.5,临夏州,23.0
20201111,7,PM2.5_24h,临夏州,24.0
20201111,7,PM10,临夏州,81.0
20201111,7,PM10_24h,临夏州,78.0
20201111,7,SO2,临夏州,6.0
20201111,7,SO2_24h,临夏州,11.0
20201111,7,NO2,临夏州,48.0
20201111,7,NO2_24h,临夏州,55.0
20201111,7,O3,临夏州,2.0
20201111,7,O3_24h,临夏州,90.0
20201111,7,O3_8h,临夏州,2.0
20201111,7,O3_8h_24h,临夏州,2.0
20201111,7,CO,临夏州,1.8
20201111,7,CO_24h,临夏州,1.5
20201111,8,AQI,临夏州,55.0
20201111,8,PM2.5,临夏州,22.0
20201111,8,PM2.5_24h,临夏州,22.0
20201111,8,PM10,临夏州,60.0
20201111,8,PM10_24h,临夏州,65.0
20201111,8,SO2,临夏州,9.0
20201111,8,SO2_24h,临夏州,10.0
20201111,8,NO2,临夏州,42.0
20201111,8,NO2_24h,临夏州,47.0
20201111,8,O3,临夏州,3.0
20201111,8,O3_24h,临夏州,97.0
20201111,8,O3_8h,临夏州,8.0
20201111,8,O3_8h_24h,临夏州,9.0
20201111,8,CO,临夏州,2.1
20201111,8,CO_24h,临夏州,1.25
20201111,10,AQI,临夏州,61.0
20201111,10,PM2.5,临夏州,30.0
20201111,10,PM2.5_24h,临夏州,23.0
20201111,10,PM10,临夏州,72.0
20201111,10,PM10_24h,临夏州,66.0
20201111,10,SO2,临夏州,16.0
20201111,10,SO2_24h,临夏州,9.0
20201111,10,NO2,临夏州,54.0
20201111,10,NO2_24h,临夏州,47.0
20201111,10,O3,临夏州,6.0
20201111,10,O3_24h,临夏州,97.0
20201111,10,O3_8h,临夏州,7.0
20201111,10,O3_8h_24h,临夏州,9.0
20201111,10,CO,临夏州,1.85
20201111,10,CO_24h,临夏州,1.25
20201111,11,AQI,临夏州,65.0
20201111,11,PM2.5,临夏州,23.0
20201111,11,PM2.5_24h,临夏州,23.0
20201111,11,PM10,临夏州,79.0
20201111,11,PM10_24h,临夏州,66.0
20201111,11,SO2,临夏州,17.0
20201111,11,SO2_24h,临夏州,10.0
20201111,11,NO2,临夏州,61.0
20201111,11,NO2_24h,临夏州,47.0
20201111,11,O3,临夏州,12.0
20201111,11,O3_24h,临夏州,97.0
20201111,11,O3_8h,临夏州,8.0
20201111,11,O3_8h_24h,临夏州,9.0
20201111,11,CO,临夏州,1.6
20201111,11,CO_24h,临夏州,1.25
20201111,12,AQI,临夏州,53.0
20201111,12,PM2.5,临夏州,19.0
20201111,12,PM2.5_24h,临夏州,23.0
20201111,12,PM10,临夏州,56.0
20201111,12,PM10_24h,临夏州,66.0
20201111,12,SO2,临夏州,11.0
20201111,12,SO2_24h,临夏州,10.0
20201111,12,NO2,临夏州,51.0
20201111,12,NO2_24h,临夏州,47.0
20201111,12,O3,临夏州,32.0
20201111,12,O3_24h,临夏州,97.0
20201111,12,O3_8h,临夏州,10.0
20201111,12,O3_8h_24h,临夏州,10.0
20201111,12,CO,临夏州,1.0
20201111,12,CO_24h,临夏州,1.25
20201111,13,AQI,临夏州,41.0
20201111,13,PM2.5,临夏州,13.0
20201111,13,PM2.5_24h,临夏州,22.0
20201111,13,PM10,临夏州,41.0
20201111,13,PM10_24h,临夏州,66.0
20201111,13,SO2,临夏州,8.0
20201111,13,SO2_24h,临夏州,10.0
20201111,13,NO2,临夏州,34.0
20201111,13,NO2_24h,临夏州,47.0
20201111,13,O3,临夏州,72.0
20201111,13,O3_24h,临夏州,97.0
20201111,13,O3_8h,临夏州,18.0
20201111,13,O3_8h_24h,临夏州,18.0
20201111,13,CO,临夏州,0.7
20201111,13,CO_24h,临夏州,1.25
20201111,14,AQI,临夏州,35.0
20201111,14,PM2.5,临夏州,10.0
20201111,14,PM2.5_24h,临夏州,22.0
20201111,14,PM10,临夏州,35.0
20201111,14,PM10_24h,临夏州,67.0
20201111,14,SO2,临夏州,17.0
20201111,14,SO2_24h,临夏州,10.0
20201111,14,NO2,临夏州,31.0
20201111,14,NO2_24h,临夏州,47.0
20201111,14,O3,临夏州,106.0
20201111,14,O3_24h,临夏州,106.0
20201111,14,O3_8h,临夏州,30.0
20201111,14,O3_8h_24h,临夏州,30.0
20201111,14,CO,临夏州,0.7
20201111,14,CO_24h,临夏州,1.25
20201111,15,AQI,临夏州,35.0
20201111,15,PM2.5,临夏州,8.0
20201111,15,PM2.5_24h,临夏州,22.0
20201111,15,PM10,临夏州,34.0
20201111,15,PM10_24h,临夏州,67.0
20201111,15,SO2,临夏州,17.0
20201111,15,SO2_24h,临夏州,10.0
20201111,15,NO2,临夏州,33.0
20201111,15,NO2_24h,临夏州,48.0
20201111,15,O3,临夏州,112.0
20201111,15,O3_24h,临夏州,112.0
20201111,15,O3_8h,临夏州,44.0
20201111,15,O3_8h_24h,临夏州,44.0
20201111,15,CO,临夏州,0.7
20201111,15,CO_24h,临夏州,1.25
20201111,16,AQI,临夏州,40.0
20201111,16,PM2.5,临夏州,10.0
20201111,16,PM2.5_24h,临夏州,23.0
20201111,16,PM10,临夏州,40.0
20201111,16,PM10_24h,临夏州,68.0
20201111,16,SO2,临夏州,13.0
20201111,16,SO2_24h,临夏州,11.0
20201111,16,NO2,临夏州,26.0
20201111,16,NO2_24h,临夏州,49.0
20201111,16,O3,临夏州,120.0
20201111,16,O3_24h,临夏州,120.0
20201111,16,O3_8h,临夏州,58.0
20201111,16,O3_8h_24h,临夏州,58.0
20201111,16,CO,临夏州,0.65
20201111,16,CO_24h,临夏州,1.25
20201111,17,AQI,临夏州,53.0
20201111,17,PM2.5,临夏州,8.0
20201111,17,PM2.5_24h,临夏州,23.0
20201111,17,PM10,临夏州,55.0
20201111,17,PM10_24h,临夏州,69.0
20201111,17,SO2,临夏州,10.0
20201111,17,SO2_24h,临夏州,11.0
20201111,17,NO2,临夏州,26.0
20201111,17,NO2_24h,临夏州,49.0
20201111,17,O3,临夏州,112.0
20201111,17,O3_24h,临夏州,122.0
20201111,17,O3_8h,临夏州,71.0
20201111,17,O3_8h_24h,临夏州,71.0
20201111,17,CO,临夏州,0.7
20201111,17,CO_24h,临夏州,1.3
20201111,18,AQI,临夏州,56.0
20201111,18,PM2.5,临夏州,13.0
20201111,18,PM2.5_24h,临夏州,23.0
20201111,18,PM10,临夏州,62.0
20201111,18,PM10_24h,临夏州,72.0
20201111,18,SO2,临夏州,9.0
20201111,18,SO2_24h,临夏州,11.0
20201111,18,NO2,临夏州,45.0
20201111,18,NO2_24h,临夏州,49.0
20201111,18,O3,临夏州,129.0
20201111,18,O3_24h,临夏州,122.0
20201111,18,O3_8h,临夏州,83.0
20201111,18,O3_8h_24h,临夏州,83.0
20201111,18,CO,临夏州,0.75
20201111,18,CO_24h,临夏州,1.3
20201111,19,AQI,临夏州,53.0
20201111,19,PM2.5,临夏州,19.0
20201111,19,PM2.5_24h,临夏州,23.0
20201111,19,PM10,临夏州,55.0
20201111,19,PM10_24h,临夏州,75.0
20201111,19,SO2,临夏州,11.0
20201111,19,SO2_24h,临夏州,11.0
20201111,19,NO2,临夏州,71.0
20201111,19,NO2_24h,临夏州,49.0
20201111,19,O3,临夏州,67.0
20201111,19,O3_24h,临夏州,122.0
20201111,19,O3_8h,临夏州,91.0
20201111,19,O3_8h_24h,临夏州,91.0
20201111,19,CO,临夏州,1.0
20201111,19,CO_24h,临夏州,1.3
20201111,20,AQI,临夏州,71.0
20201111,20,PM2.5,临夏州,25.0
20201111,20,PM2.5_24h,临夏州,23.0
20201111,20,PM10,临夏州,91.0
20201111,20,PM10_24h,临夏州,76.0
20201111,20,SO2,临夏州,14.0
20201111,20,SO2_24h,临夏州,11.0
20201111,20,NO2,临夏州,85.0
20201111,20,NO2_24h,临夏州,49.0
20201111,20,O3,临夏州,40.0
20201111,20,O3_24h,临夏州,122.0
20201111,20,O3_8h,临夏州,92.0
20201111,20,O3_8h_24h,临夏州,92.0
20201111,20,CO,临夏州,1.6
20201111,20,CO_24h,临夏州,1.3
20201111,21,AQI,临夏州,79.0
20201111,21,PM2.5,临夏州,32.0
20201111,21,PM2.5_24h,临夏州,23.0
20201111,21,PM10,临夏州,107.0
20201111,21,PM10_24h,临夏州,76.0
20201111,21,SO2,临夏州,19.0
20201111,21,SO2_24h,临夏州,11.0
20201111,21,NO2,临夏州,90.0
20201111,21,NO2_24h,临夏州,49.0
20201111,21,O3,临夏州,12.0
20201111,21,O3_24h,临夏州,122.0
20201111,21,O3_8h,临夏州,84.0
20201111,21,O3_8h_24h,临夏州,92.0
20201111,21,CO,临夏州,2.0
20201111,21,CO_24h,临夏州,1.3
20201111,22,AQI,临夏州,96.0
20201111,22,PM2.5,临夏州,39.0
20201111,22,PM2.5_24h,临夏州,23.0
20201111,22,PM10,临夏州,141.0
20201111,22,PM10_24h,临夏州,77.0
20201111,22,SO2,临夏州,13.0
20201111,22,SO2_24h,临夏州,11.0
20201111,22,NO2,临夏州,64.0
20201111,22,NO2_24h,临夏州,49.0
20201111,22,O3,临夏州,18.0
20201111,22,O3_24h,临夏州,122.0
20201111,22,O3_8h,临夏州,72.0
20201111,22,O3_8h_24h,临夏州,92.0
20201111,22,CO,临夏州,1.4
20201111,22,CO_24h,临夏州,1.3
20201111,23,AQI,临夏州,85.0
20201111,23,PM2.5,临夏州,40.0
20201111,23,PM2.5_24h,临夏州,23.0
20201111,23,PM10,临夏州,120.0
20201111,23,PM10_24h,临夏州,77.0
20201111,23,SO2,临夏州,12.0
20201111,23,SO2_24h,临夏州,11.0
20201111,23,NO2,临夏州,62.0
20201111,23,NO2_24h,临夏州,49.0
20201111,23,O3,临夏州,14.0
20201111,23,O3_24h,临夏州,122.0
20201111,23,O3_8h,临夏州,59.0
20201111,23,O3_8h_24h,临夏州,92.0
20201111,23,CO,临夏州,1.45
20201111,23,CO_24h,临夏州,1.3
20201111,0,AQI,甘南州,58.0
20201111,0,PM2.5,甘南州,34.0
20201111,0,PM2.5_24h,甘南州,21.0
20201111,0,PM10,甘南州,66.0
20201111,0,PM10_24h,甘南州,54.0
20201111,0,SO2,甘南州,17.0
20201111,0,SO2_24h,甘南州,18.0
20201111,0,NO2,甘南州,52.0
20201111,0,NO2_24h,甘南州,38.0
20201111,0,O3,甘南州,5.0
20201111,0,O3_24h,甘南州,70.0
20201111,0,O3_8h,甘南州,21.0
20201111,0,O3_8h_24h,甘南州,59.0
20201111,0,CO,甘南州,1.2
20201111,0,CO_24h,甘南州,0.9
20201111,1,AQI,甘南州,60.0
20201111,1,PM2.5,甘南州,36.0
20201111,1,PM2.5_24h,甘南州,21.0
20201111,1,PM10,甘南州,69.0
20201111,1,PM10_24h,甘南州,53.0
20201111,1,SO2,甘南州,14.0
20201111,1,SO2_24h,甘南州,18.0
20201111,1,NO2,甘南州,49.0
20201111,1,NO2_24h,甘南州,38.0
20201111,1,O3,甘南州,4.0
20201111,1,O3_24h,甘南州,70.0
20201111,1,O3_8h,甘南州,4.0
20201111,1,O3_8h_24h,甘南州,4.0
20201111,1,CO,甘南州,0.9
20201111,1,CO_24h,甘南州,0.9
20201111,2,AQI,甘南州,53.0
20201111,2,PM2.5,甘南州,25.0
20201111,2,PM2.5_24h,甘南州,21.0
20201111,2,PM10,甘南州,56.0
20201111,2,PM10_24h,甘南州,54.0
20201111,2,SO2,甘南州,13.0
20201111,2,SO2_24h,甘南州,18.0
20201111,2,NO2,甘南州,45.0
20201111,2,NO2_24h,甘南州,37.0
20201111,2,O3,甘南州,5.0
20201111,2,O3_24h,甘南州,70.0
20201111,2,O3_8h,甘南州,4.0
20201111,2,O3_8h_24h,甘南州,4.0
20201111,2,CO,甘南州,1.1
20201111,2,CO_24h,甘南州,0.9
20201111,3,AQI,甘南州,60.0
20201111,3,PM2.5,甘南州,28.0
20201111,3,PM2.5_24h,甘南州,22.0
20201111,3,PM10,甘南州,70.0
20201111,3,PM10_24h,甘南州,55.0
20201111,3,SO2,甘南州,14.0
20201111,3,SO2_24h,甘南州,18.0
20201111,3,NO2,甘南州,44.0
20201111,3,NO2_24h,甘南州,37.0
20201111,3,O3,甘南州,3.0
20201111,3,O3_24h,甘南州,70.0
20201111,3,O3_8h,甘南州,4.0
20201111,3,O3_8h_24h,甘南州,4.0
20201111,3,CO,甘南州,0.8
20201111,3,CO_24h,甘南州,0.9
20201111,4,AQI,甘南州,45.0
20201111,4,PM2.5,甘南州,28.0
20201111,4,PM2.5_24h,甘南州,22.0
20201111,4,PM10,甘南州,45.0
20201111,4,PM10_24h,甘南州,55.0
20201111,4,SO2,甘南州,15.0
20201111,4,SO2_24h,甘南州,18.0
20201111,4,NO2,甘南州,40.0
20201111,4,NO2_24h,甘南州,37.0
20201111,4,O3,甘南州,4.0
20201111,4,O3_24h,甘南州,70.0
20201111,4,O3_8h,甘南州,4.0
20201111,4,O3_8h_24h,甘南州,4.0
20201111,4,CO,甘南州,0.7
20201111,4,CO_24h,甘南州,0.9
20201111,5,AQI,甘南州,42.0
20201111,5,PM2.5,甘南州,20.0
20201111,5,PM2.5_24h,甘南州,22.0
20201111,5,PM10,甘南州,42.0
20201111,5,PM10_24h,甘南州,55.0
20201111,5,SO2,甘南州,15.0
20201111,5,SO2_24h,甘南州,18.0
20201111,5,NO2,甘南州,39.0
20201111,5,NO2_24h,甘南州,38.0
20201111,5,O3,甘南州,4.0
20201111,5,O3_24h,甘南州,70.0
20201111,5,O3_8h,甘南州,4.0
20201111,5,O3_8h_24h,甘南州,4.0
20201111,5,CO,甘南州,0.9
20201111,5,CO_24h,甘南州,0.9
20201111,6,AQI,甘南州,46.0
20201111,6,PM2.5,甘南州,22.0
20201111,6,PM2.5_24h,甘南州,22.0
20201111,6,PM10,甘南州,46.0
20201111,6,PM10_24h,甘南州,55.0
20201111,6,SO2,甘南州,14.0
20201111,6,SO2_24h,甘南州,18.0
20201111,6,NO2,甘南州,37.0
20201111,6,NO2_24h,甘南州,38.0
20201111,6,O3,甘南州,3.0
20201111,6,O3_24h,甘南州,70.0
20201111,6,O3_8h,甘南州,4.0
20201111,6,O3_8h_24h,甘南州,4.0
20201111,6,CO,甘南州,0.7
20201111,6,CO_24h,甘南州,0.9
20201111,8,AQI,甘南州,45.0
20201111,8,PM2.5,甘南州,17.0
20201111,8,PM2.5_24h,甘南州,23.0
20201111,8,PM10,甘南州,45.0
20201111,8,PM10_24h,甘南州,56.0
20201111,8,SO2,甘南州,12.0
20201111,8,SO2_24h,甘南州,19.0
20201111,8,NO2,甘南州,36.0
20201111,8,NO2_24h,甘南州,37.0
20201111,8,O3,甘南州,5.0
20201111,8,O3_24h,甘南州,70.0
20201111,8,O3_8h,甘南州,4.0
20201111,8,O3_8h_24h,甘南州,4.0
20201111,8,CO,甘南州,1.0
20201111,8,CO_24h,甘南州,0.9
20201111,10,AQI,甘南州,74.0
20201111,10,PM2.5,甘南州,31.0
20201111,10,PM2.5_24h,甘南州,23.0
20201111,10,PM10,甘南州,97.0
20201111,10,PM10_24h,甘南州,56.0
20201111,10,SO2,甘南州,36.0
20201111,10,SO2_24h,甘南州,17.0
20201111,10,NO2,甘南州,47.0
20201111,10,NO2_24h,甘南州,37.0
20201111,10,O3,甘南州,14.0
20201111,10,O3_24h,甘南州,70.0
20201111,10,O3_8h,甘南州,6.0
20201111,10,O3_8h_24h,甘南州,6.0
20201111,10,CO,甘南州,2.0
20201111,10,CO_24h,甘南州,0.9
20201111,11,AQI,甘南州,91.0
20201111,11,PM2.5,甘南州,40.0
20201111,11,PM2.5_24h,甘南州,23.0
20201111,11,PM10,甘南州,131.0
20201111,11,PM10_24h,甘南州,57.0
20201111,11,SO2,甘南州,55.0
20201111,11,SO2_24h,甘南州,17.0
20201111,11,NO2,甘南州,48.0
20201111,11,NO2_24h,甘南州,37.0
20201111,11,O3,甘南州,25.0
20201111,11,O3_24h,甘南州,70.0
20201111,11,O3_8h,甘南州,8.0
20201111,11,O3_8h_24h,甘南州,8.0
20201111,11,CO,甘南州,1.4
20201111,11,CO_24h,甘南州,0.9
20201111,12,AQI,甘南州,75.0
20201111,12,PM2.5,甘南州,35.0
20201111,12,PM2.5_24h,甘南州,23.0
20201111,12,PM10,甘南州,100.0
20201111,12,PM10_24h,甘南州,58.0
20201111,12,SO2,甘南州,19.0
20201111,12,SO2_24h,甘南州,17.0
20201111,12,NO2,甘南州,24.0
20201111,12,NO2_24h,甘南州,37.0
20201111,12,O3,甘南州,47.0
20201111,12,O3_24h,甘南州,70.0
20201111,12,O3_8h,甘南州,14.0
20201111,12,O3_8h_24h,甘南州,14.0
20201111,12,CO,甘南州,0.7
20201111,12,CO_24h,甘南州,0.9
20201111,13,AQI,甘南州,33.0
20201111,13,PM2.5,甘南州,23.0
20201111,13,PM2.5_24h,甘南州,23.0
20201111,13,PM10,甘南州,32.0
20201111,13,PM10_24h,甘南州,57.0
20201111,13,SO2,甘南州,9.0
20201111,13,SO2_24h,甘南州,17.0
20201111,13,NO2,甘南州,14.0
20201111,13,NO2_24h,甘南州,37.0
20201111,13,O3,甘南州,60.0
20201111,13,O3_24h,甘南州,70.0
20201111,13,O3_8h,甘南州,21.0
20201111,13,O3_8h_24h,甘南州,21.0
20201111,13,CO,甘南州,0.4
20201111,13,CO_24h,甘南州,1.0
20201111,14,AQI,甘南州,24.0
20201111,14,PM2.5,甘南州,17.0
20201111,14,PM2.5_24h,甘南州,24.0
20201111,14,PM10,甘南州,23.0
20201111,14,PM10_24h,甘南州,57.0
20201111,14,SO2,甘南州,7.0
20201111,14,SO2_24h,甘南州,17.0
20201111,14,NO2,甘南州,11.0
20201111,14,NO2_24h,甘南州,37.0
20201111,14,O3,甘南州,70.0
20201111,14,O3_24h,甘南州,70.0
20201111,14,O3_8h,甘南州,29.0
20201111,14,O3_8h_24h,甘南州,29.0
20201111,14,CO,甘南州,0.3
20201111,14,CO_24h,甘南州,1.0
20201111,15,AQI,甘南州,23.0
20201111,15,PM2.5,甘南州,10.0
20201111,15,PM2.5_24h,甘南州,24.0
20201111,15,PM10,甘南州,20.0
20201111,15,PM10_24h,甘南州,58.0
20201111,15,SO2,甘南州,5.0
20201111,15,SO2_24h,甘南州,17.0
20201111,15,NO2,甘南州,8.0
20201111,15,NO2_24h,甘南州,37.0
20201111,15,O3,甘南州,73.0
20201111,15,O3_24h,甘南州,73.0
20201111,15,O3_8h,甘南州,38.0
20201111,15,O3_8h_24h,甘南州,38.0
20201111,15,CO,甘南州,0.2
20201111,15,CO_24h,甘南州,1.0
20201111,16,AQI,甘南州,23.0
20201111,16,PM2.5,甘南州,7.0
20201111,16,PM2.5_24h,甘南州,24.0
20201111,16,PM10,甘南州,17.0
20201111,16,PM10_24h,甘南州,58.0
20201111,16,SO2,甘南州,5.0
20201111,16,SO2_24h,甘南州,17.0
20201111,16,NO2,甘南州,7.0
20201111,16,NO2_24h,甘南州,37.0
20201111,16,O3,甘南州,75.0
20201111,16,O3_24h,甘南州,75.0
20201111,16,O3_8h,甘南州,46.0
20201111,16,O3_8h_24h,甘南州,46.0
20201111,16,CO,甘南州,0.2
20201111,16,CO_24h,甘南州,1.0
20201111,17,AQI,甘南州,23.0
20201111,17,PM2.5,甘南州,7.0
20201111,17,PM2.5_24h,甘南州,24.0
20201111,17,PM10,甘南州,11.0
20201111,17,PM10_24h,甘南州,58.0
20201111,17,SO2,甘南州,5.0
20201111,17,SO2_24h,甘南州,16.0
20201111,17,NO2,甘南州,9.0
20201111,17,NO2_24h,甘南州,37.0
20201111,17,O3,甘南州,75.0
20201111,17,O3_24h,甘南州,75.0
20201111,17,O3_8h,甘南州,55.0
20201111,17,O3_8h_24h,甘南州,55.0
20201111,17,CO,甘南州,0.2
20201111,17,CO_24h,甘南州,1.0
20201111,18,AQI,甘南州,22.0
20201111,18,PM2.5,甘南州,7.0
20201111,18,PM2.5_24h,甘南州,24.0
20201111,18,PM10,甘南州,15.0
20201111,18,PM10_24h,甘南州,58.0
20201111,18,SO2,甘南州,7.0
20201111,18,SO2_24h,甘南州,16.0
20201111,18,NO2,甘南州,18.0
20201111,18,NO2_24h,甘南州,37.0
20201111,18,O3,甘南州,70.0
20201111,18,O3_24h,甘南州,75.0
20201111,18,O3_8h,甘南州,62.0
20201111,18,O3_8h_24h,甘南州,62.0
20201111,18,CO,甘南州,0.4
20201111,18,CO_24h,甘南州,1.0
20201111,19,AQI,甘南州,22.0
20201111,19,PM2.5,甘南州,10.0
20201111,19,PM2.5_24h,甘南州,24.0
20201111,19,PM10,甘南州,22.0
20201111,19,PM10_24h,甘南州,58.0
20201111,19,SO2,甘南州,7.0
20201111,19,SO2_24h,甘南州,16.0
20201111,19,NO2,甘南州,24.0
20201111,19,NO2_24h,甘南州,36.0
20201111,19,O3,甘南州,67.0
20201111,19,O3_24h,甘南州,75.0
20201111,19,O3_8h,甘南州,67.0
20201111,19,O3_8h_24h,甘南州,67.0
20201111,19,CO,甘南州,0.5
20201111,19,CO_24h,甘南州,0.9
20201111,20,AQI,甘南州,51.0
20201111,20,PM2.5,甘南州,21.0
20201111,20,PM2.5_24h,甘南州,24.0
20201111,20,PM10,甘南州,52.0
20201111,20,PM10_24h,甘南州,56.0
20201111,20,SO2,甘南州,14.0
20201111,20,SO2_24h,甘南州,16.0
20201111,20,NO2,甘南州,41.0
20201111,20,NO2_24h,甘南州,35.0
20201111,20,O3,甘南州,65.0
20201111,20,O3_24h,甘南州,75.0
20201111,20,O3_8h,甘南州,69.0
20201111,20,O3_8h_24h,甘南州,69.0
20201111,20,CO,甘南州,0.9
20201111,20,CO_24h,甘南州,0.9
20201111,21,AQI,甘南州,71.0
20201111,21,PM2.5,甘南州,52.0
20201111,21,PM2.5_24h,甘南州,24.0
20201111,21,PM10,甘南州,79.0
20201111,21,PM10_24h,甘南州,55.0
20201111,21,SO2,甘南州,13.0
20201111,21,SO2_24h,甘南州,15.0
20201111,21,NO2,甘南州,37.0
20201111,21,NO2_24h,甘南州,34.0
20201111,21,O3,甘南州,64.0
20201111,21,O3_24h,甘南州,75.0
20201111,21,O3_8h,甘南州,70.0
20201111,21,O3_8h_24h,甘南州,70.0
20201111,21,CO,甘南州,0.8
20201111,21,CO_24h,甘南州,0.8
20201111,22,AQI,甘南州,64.0
20201111,22,PM2.5,甘南州,46.0
20201111,22,PM2.5_24h,甘南州,25.0
20201111,22,PM10,甘南州,58.0
20201111,22,PM10_24h,甘南州,53.0
20201111,22,SO2,甘南州,19.0
20201111,22,SO2_24h,甘南州,15.0
20201111,22,NO2,甘南州,67.0
20201111,22,NO2_24h,甘南州,34.0
20201111,22,O3,甘南州,14.0
20201111,22,O3_24h,甘南州,75.0
20201111,22,O3_8h,甘南州,63.0
20201111,22,O3_8h_24h,甘南州,70.0
20201111,22,CO,甘南州,1.3
20201111,22,CO_24h,甘南州,0.8
20201111,23,AQI,甘南州,64.0
20201111,23,PM2.5,甘南州,45.0
20201111,23,PM2.5_24h,甘南州,25.0
20201111,23,PM10,甘南州,78.0
20201111,23,PM10_24h,甘南州,53.0
20201111,23,SO2,甘南州,17.0
20201111,23,SO2_24h,甘南州,15.0
20201111,23,NO2,甘南州,70.0
20201111,23,NO2_24h,甘南州,35.0
20201111,23,O3,甘南州,8.0
20201111,23,O3_24h,甘南州,75.0
20201111,23,O3_8h,甘南州,55.0
20201111,23,O3_8h_24h,甘南州,70.0
20201111,23,CO,甘南州,1.1
20201111,23,CO_24h,甘南州,0.8
20201111,0,AQI,海东地区,83.0
20201111,0,PM2.5,海东地区,61.0
20201111,0,PM2.5_24h,海东地区,48.0
20201111,0,PM10,海东地区,63.0
20201111,0,PM10_24h,海东地区,90.0
20201111,0,SO2,海东地区,17.0
20201111,0,SO2_24h,海东地区,23.0
20201111,0,NO2,海东地区,68.0
20201111,0,NO2_24h,海东地区,61.0
20201111,0,O3,海东地区,5.0
20201111,0,O3_24h,海东地区,84.0
20201111,0,O3_8h,海东地区,26.0
20201111,0,O3_8h_24h,海东地区,66.0
20201111,0,CO,海东地区,0.9
20201111,0,CO_24h,海东地区,1.0
20201111,1,AQI,海东地区,79.0
20201111,1,PM2.5,海东地区,58.0
20201111,1,PM2.5_24h,海东地区,48.0
20201111,1,PM10,海东地区,59.0
20201111,1,PM10_24h,海东地区,90.0
20201111,1,SO2,海东地区,16.0
20201111,1,SO2_24h,海东地区,23.0
20201111,1,NO2,海东地区,68.0
20201111,1,NO2_24h,海东地区,61.0
20201111,1,O3,海东地区,5.0
20201111,1,O3_24h,海东地区,84.0
20201111,1,O3_8h,海东地区,5.0
20201111,1,O3_8h_24h,海东地区,5.0
20201111,1,CO,海东地区,0.8
20201111,1,CO_24h,海东地区,1.0
20201111,2,AQI,海东地区,81.0
20201111,2,PM2.5,海东地区,60.0
20201111,2,PM2.5_24h,海东地区,48.0
20201111,2,PM10,海东地区,85.0
20201111,2,PM10_24h,海东地区,88.0
20201111,2,SO2,海东地区,14.0
20201111,2,SO2_24h,海东地区,22.0
20201111,2,NO2,海东地区,66.0
20201111,2,NO2_24h,海东地区,61.0
20201111,2,O3,海东地区,5.0
20201111,2,O3_24h,海东地区,84.0
20201111,2,O3_8h,海东地区,5.0
20201111,2,O3_8h_24h,海东地区,5.0
20201111,2,CO,海东地区,0.9
20201111,2,CO_24h,海东地区,1.0
20201111,3,AQI,海东地区,75.0
20201111,3,PM2.5,海东地区,47.0
20201111,3,PM2.5_24h,海东地区,48.0
20201111,3,PM10,海东地区,99.0
20201111,3,PM10_24h,海东地区,90.0
20201111,3,SO2,海东地区,14.0
20201111,3,SO2_24h,海东地区,23.0
20201111,3,NO2,海东地区,59.0
20201111,3,NO2_24h,海东地区,61.0
20201111,3,O3,海东地区,5.0
20201111,3,O3_24h,海东地区,84.0
20201111,3,O3_8h,海东地区,5.0
20201111,3,O3_8h_24h,海东地区,5.0
20201111,3,CO,海东地区,0.9
20201111,3,CO_24h,海东地区,1.0
20201111,4,AQI,海东地区,70.0
20201111,4,PM2.5,海东地区,51.0
20201111,4,PM2.5_24h,海东地区,48.0
20201111,4,PM10,海东地区,73.0
20201111,4,PM10_24h,海东地区,91.0
20201111,4,SO2,海东地区,14.0
20201111,4,SO2_24h,海东地区,23.0
20201111,4,NO2,海东地区,56.0
20201111,4,NO2_24h,海东地区,61.0
20201111,4,O3,海东地区,5.0
20201111,4,O3_24h,海东地区,84.0
20201111,4,O3_8h,海东地区,5.0
20201111,4,O3_8h_24h,海东地区,5.0
20201111,4,CO,海东地区,1.0
20201111,4,CO_24h,海东地区,1.0
20201111,5,AQI,海东地区,96.0
20201111,5,PM2.5,海东地区,53.0
20201111,5,PM2.5_24h,海东地区,49.0
20201111,5,PM10,海东地区,142.0
20201111,5,PM10_24h,海东地区,94.0
20201111,5,SO2,海东地区,14.0
20201111,5,SO2_24h,海东地区,23.0
20201111,5,NO2,海东地区,60.0
20201111,5,NO2_24h,海东地区,62.0
20201111,5,O3,海东地区,5.0
20201111,5,O3_24h,海东地区,84.0
20201111,5,O3_8h,海东地区,5.0
20201111,5,O3_8h_24h,海东地区,5.0
20201111,5,CO,海东地区,1.0
20201111,5,CO_24h,海东地区,1.1
20201111,6,AQI,海东地区,86.0
20201111,6,PM2.5,海东地区,64.0
20201111,6,PM2.5_24h,海东地区,49.0
20201111,6,PM10,海东地区,25.0
20201111,6,PM10_24h,海东地区,92.0
20201111,6,SO2,海东地区,14.0
20201111,6,SO2_24h,海东地区,23.0
20201111,6,NO2,海东地区,58.0
20201111,6,NO2_24h,海东地区,62.0
20201111,6,O3,海东地区,5.0
20201111,6,O3_24h,海东地区,84.0
20201111,6,O3_8h,海东地区,5.0
20201111,6,O3_8h_24h,海东地区,5.0
20201111,6,CO,海东地区,1.1
20201111,6,CO_24h,海东地区,1.1
20201111,8,AQI,海东地区,89.0
20201111,8,PM2.5,海东地区,66.0
20201111,8,PM2.5_24h,海东地区,51.0
20201111,8,PM10,海东地区,18.0
20201111,8,PM10_24h,海东地区,88.0
20201111,8,SO2,海东地区,23.0
20201111,8,SO2_24h,海东地区,24.0
20201111,8,NO2,海东地区,68.0
20201111,8,NO2_24h,海东地区,63.0
20201111,8,O3,海东地区,6.0
20201111,8,O3_24h,海东地区,84.0
20201111,8,O3_8h,海东地区,5.0
20201111,8,O3_8h_24h,海东地区,5.0
20201111,8,CO,海东地区,1.5
20201111,8,CO_24h,海东地区,1.1
20201111,10,AQI,海东地区,88.0
20201111,10,PM2.5,海东地区,65.0
20201111,10,PM2.5_24h,海东地区,53.0
20201111,10,PM10,海东地区,8.0
20201111,10,PM10_24h,海东地区,86.0
20201111,10,SO2,海东地区,33.0
20201111,10,SO2_24h,海东地区,24.0
20201111,10,NO2,海东地区,70.0
20201111,10,NO2_24h,海东地区,64.0
20201111,10,O3,海东地区,15.0
20201111,10,O3_24h,海东地区,84.0
20201111,10,O3_8h,海东地区,7.0
20201111,10,O3_8h_24h,海东地区,7.0
20201111,10,CO,海东地区,2.2
20201111,10,CO_24h,海东地区,1.1
20201111,11,AQI,海东地区,104.0
20201111,11,PM2.5,海东地区,78.0
20201111,11,PM2.5_24h,海东地区,54.0
20201111,11,PM10,海东地区,60.0
20201111,11,PM10_24h,海东地区,87.0
20201111,11,SO2,海东地区,54.0
20201111,11,SO2_24h,海东地区,24.0
20201111,11,NO2,海东地区,81.0
20201111,11,NO2_24h,海东地区,64.0
20201111,11,O3,海东地区,27.0
20201111,11,O3_24h,海东地区,84.0
20201111,11,O3_8h,海东地区,10.0
20201111,11,O3_8h_24h,海东地区,10.0
20201111,11,CO,海东地区,3.0
20201111,11,CO_24h,海东地区,1.1
20201111,14,AQI,海东地区,27.0
20201111,14,PM2.5_24h,海东地区,52.0
20201111,14,PM10_24h,海东地区,69.0
20201111,14,SO2,海东地区,11.0
20201111,14,SO2_24h,海东地区,22.0
20201111,14,NO2,海东地区,10.0
20201111,14,NO2_24h,海东地区,63.0
20201111,14,O3,海东地区,86.0
20201111,14,O3_24h,海东地区,86.0
20201111,14,O3_8h,海东地区,25.0
20201111,14,O3_8h_24h,海东地区,25.0
20201111,14,CO,海东地区,0.6
20201111,14,CO_24h,海东地区,1.1
20201111,15,AQI,海东地区,33.0
20201111,15,PM2.5_24h,海东地区,51.0
20201111,15,PM10,海东地区,3.0
20201111,15,PM10_24h,海东地区,66.0
20201111,15,SO2,海东地区,20.0
20201111,15,SO2_24h,海东地区,22.0
20201111,15,NO2,海东地区,27.0
20201111,15,NO2_24h,海东地区,63.0
20201111,15,O3,海东地区,104.0
20201111,15,O3_24h,海东地区,104.0
20201111,15,O3_8h,海东地区,41.0
20201111,15,O3_8h_24h,海东地区,41.0
20201111,15,CO,海东地区,0.8
20201111,15,CO_24h,海东地区,1.1
20201111,16,AQI,海东地区,55.0
20201111,16,PM2.5,海东地区,5.0
20201111,16,PM2.5_24h,海东地区,50.0
20201111,16,PM10,海东地区,60.0
20201111,16,PM10_24h,海东地区,68.0
20201111,16,SO2,海东地区,21.0
20201111,16,SO2_24h,海东地区,22.0
20201111,16,NO2,海东地区,30.0
20201111,16,NO2_24h,海东地区,63.0
20201111,16,O3,海东地区,101.0
20201111,16,O3_24h,海东地区,104.0
20201111,16,O3_8h,海东地区,57.0
20201111,16,O3_8h_24h,海东地区,57.0
20201111,16,CO,海东地区,0.6
20201111,16,CO_24h,海东地区,1.1
20201111,17,AQI,海东地区,29.0
20201111,17,PM2.5,海东地区,7.0
20201111,17,PM2.5_24h,海东地区,49.0
20201111,17,PM10,海东地区,26.0
20201111,17,PM10_24h,海东地区,66.0
20201111,17,SO2,海东地区,21.0
20201111,17,SO2_24h,海东地区,23.0
20201111,17,NO2,海东地区,40.0
20201111,17,NO2_24h,海东地区,64.0
20201111,17,O3,海东地区,94.0
20201111,17,O3_24h,海东地区,104.0
20201111,17,O3_8h,海东地区,71.0
20201111,17,O3_8h_24h,海东地区,71.0
20201111,17,CO,海东地区,0.7
20201111,17,CO_24h,海东地区,1.1
20201111,18,AQI,海东地区,39.0
20201111,18,PM2.5,海东地区,17.0
20201111,18,PM2.5_24h,海东地区,50.0
20201111,18,PM10,海东地区,39.0
20201111,18,PM10_24h,海东地区,66.0
20201111,18,SO2,海东地区,29.0
20201111,18,SO2_24h,海东地区,23.0
20201111,18,NO2,海东地区,57.0
20201111,18,NO2_24h,海东地区,64.0
20201111,18,O3,海东地区,78.0
20201111,18,O3_24h,海东地区,104.0
20201111,18,O3_8h,海东地区,82.0
20201111,18,O3_8h_24h,海东地区,82.0
20201111,18,CO,海东地区,0.8
20201111,18,CO_24h,海东地区,1.1
20201111,19,AQI,海东地区,65.0
20201111,19,PM2.5,海东地区,35.0
20201111,19,PM2.5_24h,海东地区,50.0
20201111,19,PM10,海东地区,80.0
20201111,19,PM10_24h,海东地区,66.0
20201111,19,SO2,海东地区,31.0
20201111,19,SO2_24h,海东地区,23.0
20201111,19,NO2,海东地区,66.0
20201111,19,NO2_24h,海东地区,62.0
20201111,19,O3,海东地区,70.0
20201111,19,O3_24h,海东地区,104.0
20201111,19,O3_8h,海东地区,89.0
20201111,19,O3_8h_24h,海东地区,89.0
20201111,19,CO,海东地区,0.9
20201111,19,CO_24h,海东地区,1.1
20201111,20,AQI,海东地区,80.0
20201111,20,PM2.5,海东地区,59.0
20201111,20,PM2.5_24h,海东地区,50.0
20201111,20,PM10,海东地区,94.0
20201111,20,PM10_24h,海东地区,63.0
20201111,20,SO2,海东地区,32.0
20201111,20,SO2_24h,海东地区,23.0
20201111,20,NO2,海东地区,74.0
20201111,20,NO2_24h,海东地区,61.0
20201111,20,O3,海东地区,60.0
20201111,20,O3_24h,海东地区,104.0
20201111,20,O3_8h,海东地区,85.0
20201111,20,O3_8h_24h,海东地区,89.0
20201111,20,CO,海东地区,0.9
20201111,20,CO_24h,海东地区,1.1
20201111,21,AQI,海东地区,100.0
20201111,21,PM2.5,海东地区,75.0
20201111,21,PM2.5_24h,海东地区,50.0
20201111,21,PM10,海东地区,109.0
20201111,21,PM10_24h,海东地区,63.0
20201111,21,SO2,海东地区,32.0
20201111,21,SO2_24h,海东地区,23.0
20201111,21,NO2,海东地区,78.0
20201111,21,NO2_24h,海东地区,60.0
20201111,21,O3,海东地区,57.0
20201111,21,O3_24h,海东地区,104.0
20201111,21,O3_8h,海东地区,81.0
20201111,21,O3_8h_24h,海东地区,89.0
20201111,21,CO,海东地区,1.0
20201111,21,CO_24h,海东地区,1.1
20201111,22,AQI,海东地区,95.0
20201111,22,PM2.5,海东地区,71.0
20201111,22,PM2.5_24h,海东地区,50.0
20201111,22,PM10,海东地区,110.0
20201111,22,PM10_24h,海东地区,64.0
20201111,22,SO2,海东地区,36.0
20201111,22,SO2_24h,海东地区,23.0
20201111,22,NO2,海东地区,67.0
20201111,22,NO2_24h,海东地区,59.0
20201111,22,O3,海东地区,66.0
20201111,22,O3_24h,海东地区,104.0
20201111,22,O3_8h,海东地区,79.0
20201111,22,O3_8h_24h,海东地区,89.0
20201111,22,CO,海东地区,1.0
20201111,22,CO_24h,海东地区,1.1
20201111,23,AQI,海东地区,120.0
20201111,23,PM2.5,海东地区,91.0
20201111,23,PM2.5_24h,海东地区,51.0
20201111,23,PM10,海东地区,100.0
20201111,23,PM10_24h,海东地区,64.0
20201111,23,SO2,海东地区,26.0
20201111,23,SO2_24h,海东地区,24.0
20201111,23,NO2,海东地区,68.0
20201111,23,NO2_24h,海东地区,59.0
20201111,23,O3,海东地区,55.0
20201111,23,O3_24h,海东地区,104.0
20201111,23,O3_8h,海东地区,73.0
20201111,23,O3_8h_24h,海东地区,89.0
20201111,23,CO,海东地区,0.9
20201111,23,CO_24h,海东地区,1.1
20201111,0,AQI,海北州,28.0
20201111,0,PM2.5,海北州,10.0
20201111,0,PM2.5_24h,海北州,9.0
20201111,0,PM10,海北州,28.0
20201111,0,PM10_24h,海北州,18.0
20201111,0,SO2,海北州,10.0
20201111,0,SO2_24h,海北州,8.0
20201111,0,NO2,海北州,16.0
20201111,0,NO2_24h,海北州,12.0
20201111,0,O3,海北州,54.0
20201111,0,O3_24h,海北州,95.0
20201111,0,O3_8h,海北州,63.0
20201111,0,O3_8h_24h,海北州,87.0
20201111,0,CO,海北州,0.3
20201111,0,CO_24h,海北州,0.4
20201111,1,AQI,海北州,30.0
20201111,1,PM2.5,海北州,9.0
20201111,1,PM2.5_24h,海北州,9.0
20201111,1,PM10,海北州,30.0
20201111,1,PM10_24h,海北州,18.0
20201111,1,SO2,海北州,11.0
20201111,1,SO2_24h,海北州,9.0
20201111,1,NO2,海北州,15.0
20201111,1,NO2_24h,海北州,12.0
20201111,1,O3,海北州,51.0
20201111,1,O3_24h,海北州,95.0
20201111,1,O3_8h,海北州,51.0
20201111,1,O3_8h_24h,海北州,51.0
20201111,1,CO,海北州,0.3
20201111,1,CO_24h,海北州,0.4
20201111,2,AQI,海北州,32.0
20201111,2,PM2.5,海北州,8.0
20201111,2,PM2.5_24h,海北州,9.0
20201111,2,PM10,海北州,32.0
20201111,2,PM10_24h,海北州,19.0
20201111,2,SO2,海北州,11.0
20201111,2,SO2_24h,海北州,9.0
20201111,2,NO2,海北州,12.0
20201111,2,NO2_24h,海北州,13.0
20201111,2,O3,海北州,50.0
20201111,2,O3_24h,海北州,95.0
20201111,2,O3_8h,海北州,50.0
20201111,2,O3_8h_24h,海北州,51.0
20201111,2,CO,海北州,0.4
20201111,2,CO_24h,海北州,0.4
20201111,3,AQI,海北州,28.0
20201111,3,PM2.5,海北州,7.0
20201111,3,PM2.5_24h,海北州,9.0
20201111,3,PM10,海北州,28.0
20201111,3,PM10_24h,海北州,19.0
20201111,3,SO2,海北州,12.0
20201111,3,SO2_24h,海北州,9.0
20201111,3,NO2,海北州,14.0
20201111,3,NO2_24h,海北州,13.0
20201111,3,O3,海北州,48.0
20201111,3,O3_24h,海北州,95.0
20201111,3,O3_8h,海北州,50.0
20201111,3,O3_8h_24h,海北州,51.0
20201111,3,CO,海北州,0.4
20201111,3,CO_24h,海北州,0.4
20201111,4,AQI,海北州,27.0
20201111,4,PM2.5,海北州,10.0
20201111,4,PM2.5_24h,海北州,9.0
20201111,4,PM10,海北州,27.0
20201111,4,PM10_24h,海北州,19.0
20201111,4,SO2,海北州,13.0
20201111,4,SO2_24h,海北州,9.0
20201111,4,NO2,海北州,17.0
20201111,4,NO2_24h,海北州,13.0
20201111,4,O3,海北州,46.0
20201111,4,O3_24h,海北州,95.0
20201111,4,O3_8h,海北州,49.0
20201111,4,O3_8h_24h,海北州,51.0
20201111,4,CO,海北州,0.5
20201111,4,CO_24h,海北州,0.4
20201111,5,AQI,海北州,26.0
20201111,5,PM2.5,海北州,11.0
20201111,5,PM2.5_24h,海北州,9.0
20201111,5,PM10,海北州,26.0
20201111,5,PM10_24h,海北州,20.0
20201111,5,SO2,海北州,13.0
20201111,5,SO2_24h,海北州,9.0
20201111,5,NO2,海北州,15.0
20201111,5,NO2_24h,海北州,14.0
20201111,5,O3,海北州,50.0
20201111,5,O3_24h,海北州,95.0
20201111,5,O3_8h,海北州,49.0
20201111,5,O3_8h_24h,海北州,51.0
20201111,5,CO,海北州,0.5
20201111,5,CO_24h,海北州,0.4
20201111,6,AQI,海北州,28.0
20201111,6,PM2.5,海北州,14.0
20201111,6,PM2.5_24h,海北州,9.0
20201111,6,PM10,海北州,28.0
20201111,6,PM10_24h,海北州,20.0
20201111,6,SO2,海北州,11.0
20201111,6,SO2_24h,海北州,9.0
20201111,6,NO2,海北州,20.0
20201111,6,NO2_24h,海北州,14.0
20201111,6,O3,海北州,41.0
20201111,6,O3_24h,海北州,95.0
20201111,6,O3_8h,海北州,48.0
20201111,6,O3_8h_24h,海北州,51.0
20201111,6,CO,海北州,0.6
20201111,6,CO_24h,海北州,0.4
20201111,8,AQI,海北州,31.0
20201111,8,PM2.5,海北州,18.0
20201111,8,PM2.5_24h,海北州,10.0
20201111,8,PM10,海北州,31.0
20201111,8,PM10_24h,海北州,22.0
20201111,8,SO2,海北州,10.0
20201111,8,SO2_24h,海北州,10.0
20201111,8,NO2,海北州,21.0
20201111,8,NO2_24h,海北州,15.0
20201111,8,O3,海北州,38.0
20201111,8,O3_24h,海北州,95.0
20201111,8,O3_8h,海北州,46.0
20201111,8,O3_8h_24h,海北州,51.0
20201111,8,CO,海北州,0.6
20201111,8,CO_24h,海北州,0.4
20201111,10,AQI,海北州,35.0
20201111,10,PM2.5,海北州,15.0
20201111,10,PM2.5_24h,海北州,11.0
20201111,10,PM10,海北州,35.0
20201111,10,PM10_24h,海北州,23.0
20201111,10,SO2,海北州,11.0
20201111,10,SO2_24h,海北州,10.0
20201111,10,NO2,海北州,21.0
20201111,10,NO2_24h,海北州,15.0
20201111,10,O3,海北州,50.0
20201111,10,O3_24h,海北州,95.0
20201111,10,O3_8h,海北州,44.0
20201111,10,O3_8h_24h,海北州,51.0
20201111,10,CO,海北州,0.7
20201111,10,CO_24h,海北州,0.4
20201111,11,AQI,海北州,39.0
20201111,11,PM2.5,海北州,20.0
20201111,11,PM2.5_24h,海北州,11.0
20201111,11,PM10,海北州,39.0
20201111,11,PM10_24h,海北州,24.0
20201111,11,SO2,海北州,13.0
20201111,11,SO2_24h,海北州,10.0
20201111,11,NO2,海北州,21.0
20201111,11,NO2_24h,海北州,15.0
20201111,11,O3,海北州,63.0
20201111,11,O3_24h,海北州,95.0
20201111,11,O3_8h,海北州,46.0
20201111,11,O3_8h_24h,海北州,51.0
20201111,11,CO,海北州,0.7
20201111,11,CO_24h,海北州,0.4
20201111,12,AQI,海北州,44.0
20201111,12,PM2.5,海北州,19.0
20201111,12,PM2.5_24h,海北州,12.0
20201111,12,PM10,海北州,44.0
20201111,12,PM10_24h,海北州,25.0
20201111,12,SO2,海北州,15.0
20201111,12,SO2_24h,海北州,10.0
20201111,12,NO2,海北州,17.0
20201111,12,NO2_24h,海北州,16.0
20201111,12,O3,海北州,82.0
20201111,12,O3_24h,海北州,95.0
20201111,12,O3_8h,海北州,51.0
20201111,12,O3_8h_24h,海北州,51.0
20201111,12,CO,海北州,0.6
20201111,12,CO_24h,海北州,0.4
20201111,13,AQI,海北州,38.0
20201111,13,PM2.5,海北州,20.0
20201111,13,PM2.5_24h,海北州,12.0
20201111,13,PM10,海北州,38.0
20201111,13,PM10_24h,海北州,26.0
20201111,13,SO2,海北州,13.0
20201111,13,SO2_24h,海北州,10.0
20201111,13,NO2,海北州,10.0
20201111,13,NO2_24h,海北州,16.0
20201111,13,O3,海北州,91.0
20201111,13,O3_24h,海北州,95.0
20201111,13,O3_8h,海北州,56.0
20201111,13,O3_8h_24h,海北州,56.0
20201111,13,CO,海北州,0.4
20201111,13,CO_24h,海北州,0.4
20201111,14,AQI,海北州,29.0
20201111,14,PM2.5,海北州,13.0
20201111,14,PM2.5_24h,海北州,12.0
20201111,14,PM10,海北州,26.0
20201111,14,PM10_24h,海北州,27.0
20201111,14,SO2,海北州,11.0
20201111,14,SO2_24h,海北州,11.0
20201111,14,NO2,海北州,9.0
20201111,14,NO2_24h,海北州,16.0
20201111,14,O3,海北州,93.0
20201111,14,O3_24h,海北州,95.0
20201111,14,O3_8h,海北州,62.0
20201111,14,O3_8h_24h,海北州,62.0
20201111,14,CO,海北州,0.3
20201111,14,CO_24h,海北州,0.4
20201111,15,AQI,海北州,30.0
20201111,15,PM2.5,海北州,8.0
20201111,15,PM2.5_24h,海北州,12.0
20201111,15,PM10,海北州,20.0
20201111,15,PM10_24h,海北州,28.0
20201111,15,SO2,海北州,10.0
20201111,15,SO2_24h,海北州,10.0
20201111,15,NO2,海北州,7.0
20201111,15,NO2_24h,海北州,16.0
20201111,15,O3,海北州,95.0
20201111,15,O3_24h,海北州,95.0
20201111,15,O3_8h,海北州,68.0
20201111,15,O3_8h_24h,海北州,68.0
20201111,15,CO,海北州,0.3
20201111,15,CO_24h,海北州,0.4
20201111,16,AQI,海北州,29.0
20201111,16,PM2.5,海北州,10.0
20201111,16,PM2.5_24h,海北州,12.0
20201111,16,PM10,海北州,16.0
20201111,16,PM10_24h,海北州,27.0
20201111,16,SO2,海北州,9.0
20201111,16,SO2_24h,海北州,11.0
20201111,16,NO2,海北州,6.0
20201111,16,NO2_24h,海北州,16.0
20201111,16,O3,海北州,93.0
20201111,16,O3_24h,海北州,95.0
20201111,16,O3_8h,海北州,75.0
20201111,16,O3_8h_24h,海北州,75.0
20201111,16,CO,海北州,0.2
20201111,16,CO_24h,海北州,0.4
20201111,17,AQI,海北州,29.0
20201111,17,PM2.5,海北州,9.0
20201111,17,PM2.5_24h,海北州,12.0
20201111,17,PM10,海北州,14.0
20201111,17,PM10_24h,海北州,27.0
20201111,17,SO2,海北州,8.0
20201111,17,SO2_24h,海北州,11.0
20201111,17,NO2,海北州,6.0
20201111,17,NO2_24h,海北州,16.0
20201111,17,O3,海北州,92.0
20201111,17,O3_24h,海北州,95.0
20201111,17,O3_8h,海北州,82.0
20201111,17,O3_8h_24h,海北州,82.0
20201111,17,CO,海北州,0.2
20201111,17,CO_24h,海北州,0.4
20201111,18,AQI,海北州,27.0
20201111,18,PM2.5,海北州,6.0
20201111,18,PM2.5_24h,海北州,12.0
20201111,18,PM10,海北州,17.0
20201111,18,PM10_24h,海北州,28.0
20201111,18,SO2,海北州,9.0
20201111,18,SO2_24h,海北州,11.0
20201111,18,NO2,海北州,11.0
20201111,18,NO2_24h,海北州,16.0
20201111,18,O3,海北州,87.0
20201111,18,O3_24h,海北州,95.0
20201111,18,O3_8h,海北州,87.0
20201111,18,O3_8h_24h,海北州,87.0
20201111,18,CO,海北州,0.2
20201111,18,CO_24h,海北州,0.4
20201111,19,AQI,海北州,21.0
20201111,19,PM2.5,海北州,10.0
20201111,19,PM2.5_24h,海北州,13.0
20201111,19,PM10,海北州,18.0
20201111,19,PM10_24h,海北州,28.0
20201111,19,SO2,海北州,8.0
20201111,19,SO2_24h,海北州,11.0
20201111,19,NO2,海北州,20.0
20201111,19,NO2_24h,海北州,16.0
20201111,19,O3,海北州,67.0
20201111,19,O3_24h,海北州,95.0
20201111,19,O3_8h,海北州,88.0
20201111,19,O3_8h_24h,海北州,88.0
20201111,19,CO,海北州,0.3
20201111,19,CO_24h,海北州,0.4
20201111,20,AQI,海北州,28.0
20201111,20,PM2.5,海北州,7.0
20201111,20,PM2.5_24h,海北州,12.0
20201111,20,PM10,海北州,28.0
20201111,20,PM10_24h,海北州,28.0
20201111,20,SO2,海北州,9.0
20201111,20,SO2_24h,海北州,11.0
20201111,20,NO2,海北州,21.0
20201111,20,NO2_24h,海北州,16.0
20201111,20,O3,海北州,55.0
20201111,20,O3_24h,海北州,95.0
20201111,20,O3_8h,海北州,84.0
20201111,20,O3_8h_24h,海北州,88.0
20201111,20,CO,海北州,0.3
20201111,20,CO_24h,海北州,0.4
20201111,21,AQI,海北州,36.0
20201111,21,PM2.5,海北州,12.0
20201111,21,PM2.5_24h,海北州,12.0
20201111,21,PM10,海北州,36.0
20201111,21,PM10_24h,海北州,28.0
20201111,21,SO2,海北州,8.0
20201111,21,SO2_24h,海北州,11.0
20201111,21,NO2,海北州,18.0
20201111,21,NO2_24h,海北州,16.0
20201111,21,O3,海北州,51.0
20201111,21,O3_24h,海北州,95.0
20201111,21,O3_8h,海北州,79.0
20201111,21,O3_8h_24h,海北州,88.0
20201111,21,CO,海北州,0.3
20201111,21,CO_24h,海北州,0.4
20201111,22,AQI,海北州,33.0
20201111,22,PM2.5,海北州,15.0
20201111,22,PM2.5_24h,海北州,12.0
20201111,22,PM10,海北州,33.0
20201111,22,PM10_24h,海北州,28.0
20201111,22,SO2,海北州,8.0
20201111,22,SO2_24h,海北州,11.0
20201111,22,NO2,海北州,20.0
20201111,22,NO2_24h,海北州,16.0
20201111,22,O3,海北州,48.0
20201111,22,O3_24h,海北州,95.0
20201111,22,O3_8h,海北州,74.0
20201111,22,O3_8h_24h,海北州,88.0
20201111,22,CO,海北州,0.3
20201111,22,CO_24h,海北州,0.4
20201111,23,AQI,海北州,26.0
20201111,23,PM2.5,海北州,13.0
20201111,23,PM2.5_24h,海北州,12.0
20201111,23,PM10,海北州,26.0
20201111,23,PM10_24h,海北州,28.0
20201111,23,SO2,海北州,8.0
20201111,23,SO2_24h,海北州,11.0
20201111,23,NO2,海北州,25.0
20201111,23,NO2_24h,海北州,16.0
20201111,23,O3,海北州,40.0
20201111,23,O3_24h,海北州,95.0
20201111,23,O3_8h,海北州,67.0
20201111,23,O3_8h_24h,海北州,88.0
20201111,23,CO,海北州,0.3
20201111,23,CO_24h,海北州,0.4
20201111,0,AQI,黄南州,37.0
20201111,0,PM2.5,黄南州,18.0
20201111,0,PM2.5_24h,黄南州,19.0
20201111,0,PM10,黄南州,37.0
20201111,0,PM10_24h,黄南州,39.0
20201111,0,SO2,黄南州,10.0
20201111,0,SO2_24h,黄南州,16.0
20201111,0,NO2,黄南州,8.0
20201111,0,NO2_24h,黄南州,19.0
20201111,0,O3,黄南州,50.0
20201111,0,O3_24h,黄南州,75.0
20201111,0,O3_8h,黄南州,54.0
20201111,0,O3_8h_24h,黄南州,62.0
20201111,0,CO,黄南州,0.2
20201111,0,CO_24h,黄南州,0.4
20201111,1,AQI,黄南州,34.0
20201111,1,PM2.5,黄南州,16.0
20201111,1,PM2.5_24h,黄南州,19.0
20201111,1,PM10,黄南州,34.0
20201111,1,PM10_24h,黄南州,39.0
20201111,1,SO2,黄南州,10.0
20201111,1,SO2_24h,黄南州,16.0
20201111,1,NO2,黄南州,6.0
20201111,1,NO2_24h,黄南州,18.0
20201111,1,O3,黄南州,49.0
20201111,1,O3_24h,黄南州,75.0
20201111,1,O3_8h,黄南州,49.0
20201111,1,O3_8h_24h,黄南州,49.0
20201111,1,CO,黄南州,0.2
20201111,1,CO_24h,黄南州,0.4
20201111,2,AQI,黄南州,28.0
20201111,2,PM2.5,黄南州,14.0
20201111,2,PM2.5_24h,黄南州,19.0
20201111,2,PM10,黄南州,28.0
20201111,2,PM10_24h,黄南州,39.0
20201111,2,SO2,黄南州,10.0
20201111,2,SO2_24h,黄南州,16.0
20201111,2,NO2,黄南州,5.0
20201111,2,NO2_24h,黄南州,18.0
20201111,2,O3,黄南州,50.0
20201111,2,O3_24h,黄南州,75.0
20201111,2,O3_8h,黄南州,50.0
20201111,2,O3_8h_24h,黄南州,50.0
20201111,2,CO,黄南州,0.1
20201111,2,CO_24h,黄南州,0.4
20201111,3,AQI,黄南州,28.0
20201111,3,PM2.5,黄南州,15.0
20201111,3,PM2.5_24h,黄南州,19.0
20201111,3,PM10,黄南州,28.0
20201111,3,PM10_24h,黄南州,39.0
20201111,3,SO2,黄南州,9.0
20201111,3,SO2_24h,黄南州,16.0
20201111,3,NO2,黄南州,6.0
20201111,3,NO2_24h,黄南州,18.0
20201111,3,O3,黄南州,46.0
20201111,3,O3_24h,黄南州,75.0
20201111,3,O3_8h,黄南州,48.0
20201111,3,O3_8h_24h,黄南州,50.0
20201111,3,CO,黄南州,0.2
20201111,3,CO_24h,黄南州,0.4
20201111,4,AQI,黄南州,24.0
20201111,4,PM2.5,黄南州,12.0
20201111,4,PM2.5_24h,黄南州,19.0
20201111,4,PM10,黄南州,24.0
20201111,4,PM10_24h,黄南州,39.0
20201111,4,SO2,黄南州,8.0
20201111,4,SO2_24h,黄南州,16.0
20201111,4,NO2,黄南州,3.0
20201111,4,NO2_24h,黄南州,18.0
20201111,4,O3,黄南州,47.0
20201111,4,O3_24h,黄南州,75.0
20201111,4,O3_8h,黄南州,48.0
20201111,4,O3_8h_24h,黄南州,50.0
20201111,4,CO,黄南州,0.1
20201111,4,CO_24h,黄南州,0.4
20201111,5,AQI,黄南州,26.0
20201111,5,PM2.5,黄南州,11.0
20201111,5,PM2.5_24h,黄南州,19.0
20201111,5,PM10,黄南州,26.0
20201111,5,PM10_24h,黄南州,39.0
20201111,5,SO2,黄南州,9.0
20201111,5,SO2_24h,黄南州,16.0
20201111,5,NO2,黄南州,4.0
20201111,5,NO2_24h,黄南州,18.0
20201111,5,O3,黄南州,44.0
20201111,5,O3_24h,黄南州,75.0
20201111,5,O3_8h,黄南州,47.0
20201111,5,O3_8h_24h,黄南州,50.0
20201111,5,CO,黄南州,0.1
20201111,5,CO_24h,黄南州,0.4
20201111,6,AQI,黄南州,25.0
20201111,6,PM2.5,黄南州,11.0
20201111,6,PM2.5_24h,黄南州,19.0
20201111,6,PM10,黄南州,25.0
20201111,6,PM10_24h,黄南州,39.0
20201111,6,SO2,黄南州,7.0
20201111,6,SO2_24h,黄南州,16.0
20201111,6,NO2,黄南州,4.0
20201111,6,NO2_24h,黄南州,17.0
20201111,6,O3,黄南州,44.0
20201111,6,O3_24h,黄南州,75.0
20201111,6,O3_8h,黄南州,47.0
20201111,6,O3_8h_24h,黄南州,50.0
20201111,6,CO,黄南州,0.1
20201111,6,CO_24h,黄南州,0.3
20201111,8,AQI,黄南州,25.0
20201111,8,PM2.5,黄南州,11.0
20201111,8,PM2.5_24h,黄南州,18.0
20201111,8,PM10,黄南州,25.0
20201111,8,PM10_24h,黄南州,39.0
20201111,8,SO2,黄南州,6.0
20201111,8,SO2_24h,黄南州,14.0
20201111,8,NO2,黄南州,4.0
20201111,8,NO2_24h,黄南州,15.0
20201111,8,O3,黄南州,43.0
20201111,8,O3_24h,黄南州,75.0
20201111,8,O3_8h,黄南州,46.0
20201111,8,O3_8h_24h,黄南州,50.0
20201111,8,CO,黄南州,0.1
20201111,8,CO_24h,黄南州,0.3
20201111,10,AQI,黄南州,27.0
20201111,10,PM2.5,黄南州,19.0
20201111,10,PM2.5_24h,黄南州,16.0
20201111,10,PM10,黄南州,22.0
20201111,10,PM10_24h,黄南州,34.0
20201111,10,SO2,黄南州,6.0
20201111,10,SO2_24h,黄南州,11.0
20201111,10,NO2,黄南州,6.0
20201111,10,NO2_24h,黄南州,13.0
20201111,10,O3,黄南州,44.0
20201111,10,O3_24h,黄南州,75.0
20201111,10,O3_8h,黄南州,44.0
20201111,10,O3_8h_24h,黄南州,50.0
20201111,10,CO,黄南州,0.1
20201111,10,CO_24h,黄南州,0.2
20201111,11,AQI,黄南州,30.0
20201111,11,PM2.5,黄南州,21.0
20201111,11,PM2.5_24h,黄南州,16.0
20201111,11,PM10,黄南州,25.0
20201111,11,PM10_24h,黄南州,32.0
20201111,11,SO2,黄南州,16.0
20201111,11,SO2_24h,黄南州,11.0
20201111,11,NO2,黄南州,17.0
20201111,11,NO2_24h,黄南州,13.0
20201111,11,O3,黄南州,50.0
20201111,11,O3_24h,黄南州,75.0
20201111,11,O3_8h,黄南州,45.0
20201111,11,O3_8h_24h,黄南州,50.0
20201111,11,CO,黄南州,0.6
20201111,11,CO_24h,黄南州,0.2
20201111,12,AQI,黄南州,34.0
20201111,12,PM2.5,黄南州,24.0
20201111,12,PM2.5_24h,黄南州,16.0
20201111,12,PM10,黄南州,28.0
20201111,12,PM10_24h,黄南州,32.0
20201111,12,SO2,黄南州,15.0
20201111,12,SO2_24h,黄南州,11.0
20201111,12,NO2,黄南州,15.0
20201111,12,NO2_24h,黄南州,13.0
20201111,12,O3,黄南州,55.0
20201111,12,O3_24h,黄南州,75.0
20201111,12,O3_8h,黄南州,46.0
20201111,12,O3_8h_24h,黄南州,50.0
20201111,12,CO,黄南州,0.4
20201111,12,CO_24h,黄南州,0.2
20201111,13,AQI,黄南州,28.0
20201111,13,PM2.5,黄南州,16.0
20201111,13,PM2.5_24h,黄南州,16.0
20201111,13,PM10,黄南州,28.0
20201111,13,PM10_24h,黄南州,31.0
20201111,13,SO2,黄南州,12.0
20201111,13,SO2_24h,黄南州,11.0
20201111,13,NO2,黄南州,13.0
20201111,13,NO2_24h,黄南州,12.0
20201111,13,O3,黄南州,63.0
20201111,13,O3_24h,黄南州,75.0
20201111,13,O3_8h,黄南州,48.0
20201111,13,O3_8h_24h,黄南州,50.0
20201111,13,CO,黄南州,0.4
20201111,13,CO_24h,黄南州,0.2
20201111,14,AQI,黄南州,32.0
20201111,14,PM2.5,黄南州,17.0
20201111,14,PM2.5_24h,黄南州,16.0
20201111,14,PM10,黄南州,32.0
20201111,14,PM10_24h,黄南州,31.0
20201111,14,SO2,黄南州,12.0
20201111,14,SO2_24h,黄南州,11.0
20201111,14,NO2,黄南州,14.0
20201111,14,NO2_24h,黄南州,12.0
20201111,14,O3,黄南州,65.0
20201111,14,O3_24h,黄南州,75.0
20201111,14,O3_8h,黄南州,51.0
20201111,14,O3_8h_24h,黄南州,51.0
20201111,14,CO,黄南州,0.4
20201111,14,CO_24h,黄南州,0.2
20201111,15,AQI,黄南州,34.0
20201111,15,PM2.5,黄南州,16.0
20201111,15,PM2.5_24h,黄南州,16.0
20201111,15,PM10,黄南州,34.0
20201111,15,PM10_24h,黄南州,31.0
20201111,15,SO2,黄南州,13.0
20201111,15,SO2_24h,黄南州,11.0
20201111,15,NO2,黄南州,15.0
20201111,15,NO2_24h,黄南州,12.0
20201111,15,O3,黄南州,69.0
20201111,15,O3_24h,黄南州,75.0
20201111,15,O3_8h,黄南州,54.0
20201111,15,O3_8h_24h,黄南州,54.0
20201111,15,CO,黄南州,0.4
20201111,15,CO_24h,黄南州,0.3
20201111,16,AQI,黄南州,27.0
20201111,16,PM2.5,黄南州,12.0
20201111,16,PM2.5_24h,黄南州,16.0
20201111,16,PM10,黄南州,27.0
20201111,16,PM10_24h,黄南州,31.0
20201111,16,SO2,黄南州,13.0
20201111,16,SO2_24h,黄南州,11.0
20201111,16,NO2,黄南州,15.0
20201111,16,NO2_24h,黄南州,12.0
20201111,16,O3,黄南州,75.0
20201111,16,O3_24h,黄南州,75.0
20201111,16,O3_8h,黄南州,58.0
20201111,16,O3_8h_24h,黄南州,58.0
20201111,16,CO,黄南州,0.4
20201111,16,CO_24h,黄南州,0.3
20201111,17,AQI,黄南州,29.0
20201111,17,PM2.5,黄南州,16.0
20201111,17,PM2.5_24h,黄南州,16.0
20201111,17,PM10,黄南州,29.0
20201111,17,PM10_24h,黄南州,31.0
20201111,17,SO2,黄南州,13.0
20201111,17,SO2_24h,黄南州,11.0
20201111,17,NO2,黄南州,21.0
20201111,17,NO2_24h,黄南州,12.0
20201111,17,O3,黄南州,72.0
20201111,17,O3_24h,黄南州,75.0
20201111,17,O3_8h,黄南州,62.0
20201111,17,O3_8h_24h,黄南州,62.0
20201111,17,CO,黄南州,0.4
20201111,17,CO_24h,黄南州,0.3
20201111,18,AQI,黄南州,39.0
20201111,18,PM2.5,黄南州,20.0
20201111,18,PM2.5_24h,黄南州,17.0
20201111,18,PM10,黄南州,39.0
20201111,18,PM10_24h,黄南州,32.0
20201111,18,SO2,黄南州,16.0
20201111,18,SO2_24h,黄南州,11.0
20201111,18,NO2,黄南州,31.0
20201111,18,NO2_24h,黄南州,11.0
20201111,18,O3,黄南州,62.0
20201111,18,O3_24h,黄南州,75.0
20201111,18,O3_8h,黄南州,64.0
20201111,18,O3_8h_24h,黄南州,64.0
20201111,18,CO,黄南州,0.5
20201111,18,CO_24h,黄南州,0.3
20201111,19,AQI,黄南州,60.0
20201111,19,PM2.5,黄南州,23.0
20201111,19,PM2.5_24h,黄南州,17.0
20201111,19,PM10,黄南州,70.0
20201111,19,PM10_24h,黄南州,32.0
20201111,19,SO2,黄南州,12.0
20201111,19,SO2_24h,黄南州,11.0
20201111,19,NO2,黄南州,13.0
20201111,19,NO2_24h,黄南州,11.0
20201111,19,O3,黄南州,68.0
20201111,19,O3_24h,黄南州,75.0
20201111,19,O3_8h,黄南州,66.0
20201111,19,O3_8h_24h,黄南州,66.0
20201111,19,CO,黄南州,0.2
20201111,19,CO_24h,黄南州,0.3
20201111,20,AQI,黄南州,37.0
20201111,20,PM2.5,黄南州,18.0
20201111,20,PM2.5_24h,黄南州,16.0
20201111,20,PM10,黄南州,37.0
20201111,20,PM10_24h,黄南州,32.0
20201111,20,SO2,黄南州,12.0
20201111,20,SO2_24h,黄南州,11.0
20201111,20,NO2,黄南州,12.0
20201111,20,NO2_24h,黄南州,11.0
20201111,20,O3,黄南州,65.0
20201111,20,O3_24h,黄南州,75.0
20201111,20,O3_8h,黄南州,67.0
20201111,20,O3_8h_24h,黄南州,67.0
20201111,20,CO,黄南州,0.2
20201111,20,CO_24h,黄南州,0.3
20201111,21,AQI,黄南州,44.0
20201111,21,PM2.5,黄南州,21.0
20201111,21,PM2.5_24h,黄南州,16.0
20201111,21,PM10,黄南州,44.0
20201111,21,PM10_24h,黄南州,32.0
20201111,21,SO2,黄南州,14.0
20201111,21,SO2_24h,黄南州,11.0
20201111,21,NO2,黄南州,16.0
20201111,21,NO2_24h,黄南州,11.0
20201111,21,O3,黄南州,57.0
20201111,21,O3_24h,黄南州,75.0
20201111,21,O3_8h,黄南州,67.0
20201111,21,O3_8h_24h,黄南州,67.0
20201111,21,CO,黄南州,0.3
20201111,21,CO_24h,黄南州,0.3
20201111,22,AQI,黄南州,42.0
20201111,22,PM2.5,黄南州,22.0
20201111,22,PM2.5_24h,黄南州,16.0
20201111,22,PM10,黄南州,42.0
20201111,22,PM10_24h,黄南州,32.0
20201111,22,SO2,黄南州,12.0
20201111,22,SO2_24h,黄南州,11.0
20201111,22,NO2,黄南州,11.0
20201111,22,NO2_24h,黄南州,11.0
20201111,22,O3,黄南州,56.0
20201111,22,O3_24h,黄南州,75.0
20201111,22,O3_8h,黄南州,66.0
20201111,22,O3_8h_24h,黄南州,67.0
20201111,22,CO,黄南州,0.3
20201111,22,CO_24h,黄南州,0.3
20201111,23,AQI,黄南州,38.0
20201111,23,PM2.5,黄南州,20.0
20201111,23,PM2.5_24h,黄南州,17.0
20201111,23,PM10,黄南州,38.0
20201111,23,PM10_24h,黄南州,32.0
20201111,23,SO2,黄南州,10.0
20201111,23,SO2_24h,黄南州,11.0
20201111,23,NO2,黄南州,6.0
20201111,23,NO2_24h,黄南州,11.0
20201111,23,O3,黄南州,56.0
20201111,23,O3_24h,黄南州,75.0
20201111,23,O3_8h,黄南州,64.0
20201111,23,O3_8h_24h,黄南州,67.0
20201111,23,CO,黄南州,0.2
20201111,23,CO_24h,黄南州,0.3
20201111,0,AQI,海南州,36.0
20201111,0,PM2.5,海南州,25.0
20201111,0,PM2.5_24h,海南州,20.0
20201111,0,PM10,海南州,25.0
20201111,0,PM10_24h,海南州,32.0
20201111,0,SO2,海南州,13.0
20201111,0,SO2_24h,海南州,15.0
20201111,0,NO2,海南州,20.0
20201111,0,NO2_24h,海南州,25.0
20201111,0,O3,海南州,35.0
20201111,0,O3_24h,海南州,81.0
20201111,0,O3_8h,海南州,31.0
20201111,0,O3_8h_24h,海南州,68.0
20201111,0,CO,海南州,0.4
20201111,0,CO_24h,海南州,0.6
20201111,1,AQI,海南州,37.0
20201111,1,PM2.5,海南州,26.0
20201111,1,PM2.5_24h,海南州,20.0
20201111,1,PM10,海南州,23.0
20201111,1,PM10_24h,海南州,32.0
20201111,1,SO2,海南州,12.0
20201111,1,SO2_24h,海南州,15.0
20201111,1,NO2,海南州,9.0
20201111,1,NO2_24h,海南州,24.0
20201111,1,O3,海南州,44.0
20201111,1,O3_24h,海南州,81.0
20201111,1,O3_8h,海南州,44.0
20201111,1,O3_8h_24h,海南州,44.0
20201111,1,CO,海南州,0.4
20201111,1,CO_24h,海南州,0.6
20201111,2,AQI,海南州,33.0
20201111,2,PM2.5,海南州,23.0
20201111,2,PM2.5_24h,海南州,20.0
20201111,2,PM10,海南州,17.0
20201111,2,PM10_24h,海南州,31.0
20201111,2,SO2,海南州,12.0
20201111,2,SO2_24h,海南州,15.0
20201111,2,NO2,海南州,9.0
20201111,2,NO2_24h,海南州,24.0
20201111,2,O3,海南州,45.0
20201111,2,O3_24h,海南州,81.0
20201111,2,O3_8h,海南州,44.0
20201111,2,O3_8h_24h,海南州,44.0
20201111,2,CO,海南州,0.4
20201111,2,CO_24h,海南州,0.6
20201111,3,AQI,海南州,19.0
20201111,3,PM2.5,海南州,13.0
20201111,3,PM2.5_24h,海南州,19.0
20201111,3,PM10,海南州,17.0
20201111,3,PM10_24h,海南州,31.0
20201111,3,SO2,海南州,12.0
20201111,3,SO2_24h,海南州,14.0
20201111,3,NO2,海南州,25.0
20201111,3,NO2_24h,海南州,24.0
20201111,3,O3,海南州,24.0
20201111,3,O3_24h,海南州,81.0
20201111,3,O3_8h,海南州,38.0
20201111,3,O3_8h_24h,海南州,44.0
20201111,3,CO,海南州,0.5
20201111,3,CO_24h,海南州,0.6
20201111,4,AQI,海南州,20.0
20201111,4,PM2.5,海南州,10.0
20201111,4,PM2.5_24h,海南州,19.0
20201111,4,PM10,海南州,20.0
20201111,4,PM10_24h,海南州,31.0
20201111,4,SO2,海南州,13.0
20201111,4,SO2_24h,海南州,14.0
20201111,4,NO2,海南州,31.0
20201111,4,NO2_24h,海南州,24.0
20201111,4,O3,海南州,12.0
20201111,4,O3_24h,海南州,81.0
20201111,4,O3_8h,海南州,31.0
20201111,4,O3_8h_24h,海南州,44.0
20201111,4,CO,海南州,0.6
20201111,4,CO_24h,海南州,0.6
20201111,5,AQI,海南州,21.0
20201111,5,PM2.5,海南州,15.0
20201111,5,PM2.5_24h,海南州,19.0
20201111,5,PM10,海南州,17.0
20201111,5,PM10_24h,海南州,31.0
20201111,5,SO2,海南州,14.0
20201111,5,SO2_24h,海南州,15.0
20201111,5,NO2,海南州,25.0
20201111,5,NO2_24h,海南州,24.0
20201111,5,O3,海南州,14.0
20201111,5,O3_24h,海南州,81.0
20201111,5,O3_8h,海南州,28.0
20201111,5,O3_8h_24h,海南州,44.0
20201111,5,CO,海南州,0.6
20201111,5,CO_24h,海南州,0.6
20201111,6,AQI,海南州,26.0
20201111,6,PM2.5,海南州,15.0
20201111,6,PM2.5_24h,海南州,19.0
20201111,6,PM10,海南州,26.0
20201111,6,PM10_24h,海南州,31.0
20201111,6,SO2,海南州,13.0
20201111,6,SO2_24h,海南州,15.0
20201111,6,NO2,海南州,21.0
20201111,6,NO2_24h,海南州,24.0
20201111,6,O3,海南州,22.0
20201111,6,O3_24h,海南州,81.0
20201111,6,O3_8h,海南州,27.0
20201111,6,O3_8h_24h,海南州,44.0
20201111,6,CO,海南州,0.5
20201111,6,CO_24h,海南州,0.6
20201111,8,AQI,海南州,24.0
20201111,8,PM2.5,海南州,17.0
20201111,8,PM2.5_24h,海南州,18.0
20201111,8,PM10,海南州,23.0
20201111,8,PM10_24h,海南州,31.0
20201111,8,SO2,海南州,15.0
20201111,8,SO2_24h,海南州,15.0
20201111,8,NO2,海南州,33.0
20201111,8,NO2_24h,海南州,24.0
20201111,8,O3,海南州,7.0
20201111,8,O3_24h,海南州,81.0
20201111,8,O3_8h,海南州,23.0
20201111,8,O3_8h_24h,海南州,44.0
20201111,8,CO,海南州,0.9
20201111,8,CO_24h,海南州,0.6
20201111,10,AQI,海南州,56.0
20201111,10,PM2.5,海南州,36.0
20201111,10,PM2.5_24h,海南州,19.0
20201111,10,PM10,海南州,61.0
20201111,10,PM10_24h,海南州,31.0
20201111,10,SO2,海南州,19.0
20201111,10,SO2_24h,海南州,15.0
20201111,10,NO2,海南州,35.0
20201111,10,NO2_24h,海南州,24.0
20201111,10,O3,海南州,14.0
20201111,10,O3_24h,海南州,81.0
20201111,10,O3_8h,海南州,15.0
20201111,10,O3_8h_24h,海南州,44.0
20201111,10,CO_24h,海南州,0.6
20201111,11,AQI,海南州,63.0
20201111,11,PM2.5,海南州,38.0
20201111,11,PM2.5_24h,海南州,19.0
20201111,11,PM10,海南州,75.0
20201111,11,PM10_24h,海南州,32.0
20201111,11,SO2,海南州,16.0
20201111,11,SO2_24h,海南州,15.0
20201111,11,NO2_24h,海南州,25.0
20201111,11,O3,海南州,41.0
20201111,11,O3_24h,海南州,81.0
20201111,11,O3_8h,海南州,17.0
20201111,11,O3_8h_24h,海南州,44.0
20201111,11,CO,海南州,0.5
20201111,11,CO_24h,海南州,0.6
20201111,12,AQI,海南州,34.0
20201111,12,PM2.5,海南州,24.0
20201111,12,PM2.5_24h,海南州,19.0
20201111,12,PM10,海南州,29.0
20201111,12,PM10_24h,海南州,32.0
20201111,12,SO2,海南州,17.0
20201111,12,SO2_24h,海南州,15.0
20201111,12,NO2,海南州,18.0
20201111,12,NO2_24h,海南州,25.0
20201111,12,O3,海南州,47.0
20201111,12,O3_24h,海南州,81.0
20201111,12,O3_8h,海南州,22.0
20201111,12,O3_8h_24h,海南州,44.0
20201111,12,CO,海南州,0.6
20201111,12,CO_24h,海南州,0.6
20201111,13,AQI,海南州,30.0
20201111,13,PM2.5,海南州,20.0
20201111,13,PM2.5_24h,海南州,19.0
20201111,13,PM10,海南州,30.0
20201111,13,PM10_24h,海南州,33.0
20201111,13,SO2,海南州,14.0
20201111,13,SO2_24h,海南州,14.0
20201111,13,NO2,海南州,12.0
20201111,13,NO2_24h,海南州,25.0
20201111,13,O3,海南州,65.0
20201111,13,O3_24h,海南州,81.0
20201111,13,O3_8h,海南州,28.0
20201111,13,O3_8h_24h,海南州,44.0
20201111,13,CO,海南州,0.5
20201111,13,CO_24h,海南州,0.6
20201111,14,AQI,海南州,27.0
20201111,14,PM2.5,海南州,13.0
20201111,14,PM2.5_24h,海南州,20.0
20201111,14,PM10,海南州,27.0
20201111,14,PM10_24h,海南州,34.0
20201111,14,SO2,海南州,12.0
20201111,14,SO2_24h,海南州,14.0
20201111,14,NO2,海南州,11.0
20201111,14,NO2_24h,海南州,25.0
20201111,14,O3,海南州,78.0
20201111,14,O3_24h,海南州,81.0
20201111,14,O3_8h,海南州,35.0
20201111,14,O3_8h_24h,海南州,44.0
20201111,14,CO,海南州,0.5
20201111,14,CO_24h,海南州,0.6
20201111,15,AQI,海南州,25.0
20201111,15,PM2.5,海南州,11.0
20201111,15,PM2.5_24h,海南州,20.0
20201111,15,PM10,海南州,25.0
20201111,15,PM10_24h,海南州,34.0
20201111,15,SO2,海南州,13.0
20201111,15,SO2_24h,海南州,14.0
20201111,15,NO2,海南州,16.0
20201111,15,NO2_24h,海南州,26.0
20201111,15,O3,海南州,73.0
20201111,15,O3_24h,海南州,79.0
20201111,15,O3_8h,海南州,42.0
20201111,15,O3_8h_24h,海南州,44.0
20201111,15,CO,海南州,0.5
20201111,15,CO_24h,海南州,0.6
20201111,16,AQI,海南州,28.0
20201111,16,PM2.5,海南州,9.0
20201111,16,PM2.5_24h,海南州,20.0
20201111,16,PM10,海南州,28.0
20201111,16,PM10_24h,海南州,35.0
20201111,16,SO2,海南州,12.0
20201111,16,SO2_24h,海南州,14.0
20201111,16,NO2,海南州,16.0
20201111,16,NO2_24h,海南州,26.0
20201111,16,O3,海南州,74.0
20201111,16,O3_24h,海南州,78.0
20201111,16,O3_8h,海南州,50.0
20201111,16,O3_8h_24h,海南州,50.0
20201111,16,CO,海南州,0.4
20201111,16,CO_24h,海南州,0.6
20201111,17,AQI,海南州,32.0
20201111,17,PM2.5,海南州,8.0
20201111,17,PM2.5_24h,海南州,20.0
20201111,17,PM10,海南州,32.0
20201111,17,PM10_24h,海南州,36.0
20201111,17,SO2,海南州,15.0
20201111,17,SO2_24h,海南州,14.0
20201111,17,NO2,海南州,13.0
20201111,17,NO2_24h,海南州,26.0
20201111,17,O3,海南州,76.0
20201111,17,O3_24h,海南州,78.0
20201111,17,O3_8h,海南州,58.0
20201111,17,O3_8h_24h,海南州,58.0
20201111,17,CO,海南州,0.5
20201111,17,CO_24h,海南州,0.6
20201111,18,AQI,海南州,23.0
20201111,18,PM2.5,海南州,9.0
20201111,18,PM2.5_24h,海南州,20.0
20201111,18,PM10,海南州,23.0
20201111,18,PM10_24h,海南州,36.0
20201111,18,SO2,海南州,16.0
20201111,18,SO2_24h,海南州,14.0
20201111,18,NO2,海南州,24.0
20201111,18,NO2_24h,海南州,26.0
20201111,18,O3,海南州,67.0
20201111,18,O3_24h,海南州,78.0
20201111,18,O3_8h,海南州,65.0
20201111,18,O3_8h_24h,海南州,65.0
20201111,18,CO,海南州,0.5
20201111,18,CO_24h,海南州,0.6
20201111,19,AQI,海南州,35.0
20201111,19,PM2.5,海南州,18.0
20201111,19,PM2.5_24h,海南州,20.0
20201111,19,PM10,海南州,35.0
20201111,19,PM10_24h,海南州,36.0
20201111,19,SO2,海南州,16.0
20201111,19,SO2_24h,海南州,14.0
20201111,19,NO2,海南州,43.0
20201111,19,NO2_24h,海南州,25.0
20201111,19,O3,海南州,44.0
20201111,19,O3_24h,海南州,78.0
20201111,19,O3_8h,海南州,66.0
20201111,19,O3_8h_24h,海南州,66.0
20201111,19,CO,海南州,0.7
20201111,19,CO_24h,海南州,0.6
20201111,20,AQI,海南州,54.0
20201111,20,PM2.5,海南州,25.0
20201111,20,PM2.5_24h,海南州,21.0
20201111,20,PM10,海南州,58.0
20201111,20,PM10_24h,海南州,35.0
20201111,20,SO2,海南州,18.0
20201111,20,SO2_24h,海南州,15.0
20201111,20,NO2,海南州,44.0
20201111,20,NO2_24h,海南州,25.0
20201111,20,O3,海南州,19.0
20201111,20,O3_24h,海南州,78.0
20201111,20,O3_8h,海南州,62.0
20201111,20,O3_8h_24h,海南州,66.0
20201111,20,CO,海南州,1.0
20201111,20,CO_24h,海南州,0.6
20201111,21,AQI,海南州,60.0
20201111,21,PM2.5,海南州,38.0
20201111,21,PM2.5_24h,海南州,21.0
20201111,21,PM10,海南州,70.0
20201111,21,PM10_24h,海南州,35.0
20201111,21,SO2,海南州,16.0
20201111,21,SO2_24h,海南州,14.0
20201111,21,NO2,海南州,39.0
20201111,21,NO2_24h,海南州,25.0
20201111,21,O3,海南州,17.0
20201111,21,O3_24h,海南州,78.0
20201111,21,O3_8h,海南州,56.0
20201111,21,O3_8h_24h,海南州,66.0
20201111,21,CO,海南州,1.1
20201111,21,CO_24h,海南州,0.6
20201111,22,AQI,海南州,58.0
20201111,22,PM2.5,海南州,38.0
20201111,22,PM2.5_24h,海南州,21.0
20201111,22,PM10,海南州,65.0
20201111,22,PM10_24h,海南州,34.0
20201111,22,SO2,海南州,16.0
20201111,22,SO2_24h,海南州,14.0
20201111,22,NO2,海南州,42.0
20201111,22,NO2_24h,海南州,25.0
20201111,22,O3,海南州,10.0
20201111,22,O3_24h,海南州,78.0
20201111,22,O3_8h,海南州,48.0
20201111,22,O3_8h_24h,海南州,66.0
20201111,22,CO,海南州,0.8
20201111,22,CO_24h,海南州,0.6
20201111,23,AQI,海南州,51.0
20201111,23,PM2.5,海南州,33.0
20201111,23,PM2.5_24h,海南州,21.0
20201111,23,PM10,海南州,52.0
20201111,23,PM10_24h,海南州,35.0
20201111,23,SO2,海南州,16.0
20201111,23,SO2_24h,海南州,14.0
20201111,23,NO2,海南州,39.0
20201111,23,NO2_24h,海南州,25.0
20201111,23,O3,海南州,12.0
20201111,23,O3_24h,海南州,78.0
20201111,23,O3_8h,海南州,40.0
20201111,23,O3_8h_24h,海南州,66.0
20201111,23,CO,海南州,0.8
20201111,23,CO_24h,海南州,0.6
20201111,0,AQI,果洛州,55.0
20201111,0,PM2.5,果洛州,39.0
20201111,0,PM2.5_24h,果洛州,20.0
20201111,0,PM10,果洛州,53.0
20201111,0,PM10_24h,果洛州,30.0
20201111,0,SO2,果洛州,16.0
20201111,0,SO2_24h,果洛州,19.0
20201111,0,NO2,果洛州,30.0
20201111,0,NO2_24h,果洛州,20.0
20201111,0,O3,果洛州,14.0
20201111,0,O3_24h,果洛州,90.0
20201111,0,O3_8h,果洛州,43.0
20201111,0,O3_8h_24h,果洛州,79.0
20201111,0,CO,果洛州,1.3
20201111,0,CO_24h,果洛州,0.6
20201111,1,AQI,果洛州,59.0
20201111,1,PM2.5,果洛州,42.0
20201111,1,PM2.5_24h,果洛州,21.0
20201111,1,PM10,果洛州,52.0
20201111,1,PM10_24h,果洛州,31.0
20201111,1,SO2,果洛州,15.0
20201111,1,SO2_24h,果洛州,19.0
20201111,1,NO2,果洛州,19.0
20201111,1,NO2_24h,果洛州,20.0
20201111,1,O3,果洛州,26.0
20201111,1,O3_24h,果洛州,90.0
20201111,1,O3_8h,果洛州,26.0
20201111,1,O3_8h_24h,果洛州,26.0
20201111,1,CO,果洛州,0.6
20201111,1,CO_24h,果洛州,0.6
20201111,2,AQI,果洛州,44.0
20201111,2,PM2.5,果洛州,31.0
20201111,2,PM2.5_24h,果洛州,21.0
20201111,2,PM10,果洛州,19.0
20201111,2,PM10_24h,果洛州,31.0
20201111,2,SO2,果洛州,15.0
20201111,2,SO2_24h,果洛州,19.0
20201111,2,NO2,果洛州,24.0
20201111,2,NO2_24h,果洛州,20.0
20201111,2,O3,果洛州,22.0
20201111,2,O3_24h,果洛州,90.0
20201111,2,O3_8h,果洛州,24.0
20201111,2,O3_8h_24h,果洛州,26.0
20201111,2,CO,果洛州,0.7
20201111,2,CO_24h,果洛州,0.7
20201111,3,AQI,果洛州,31.0
20201111,3,PM2.5,果洛州,22.0
20201111,3,PM2.5_24h,果洛州,22.0
20201111,3,PM10,果洛州,27.0
20201111,3,PM10_24h,果洛州,31.0
20201111,3,SO2,果洛州,15.0
20201111,3,SO2_24h,果洛州,19.0
20201111,3,NO2,果洛州,20.0
20201111,3,NO2_24h,果洛州,20.0
20201111,3,O3,果洛州,22.0
20201111,3,O3_24h,果洛州,90.0
20201111,3,O3_8h,果洛州,23.0
20201111,3,O3_8h_24h,果洛州,26.0
20201111,3,CO,果洛州,0.9
20201111,3,CO_24h,果洛州,0.7
20201111,4,AQI,果洛州,40.0
20201111,4,PM2.5,果洛州,28.0
20201111,4,PM2.5_24h,果洛州,22.0
20201111,4,PM10,果洛州,30.0
20201111,4,PM10_24h,果洛州,31.0
20201111,4,SO2,果洛州,13.0
20201111,4,SO2_24h,果洛州,19.0
20201111,4,NO2,果洛州,18.0
20201111,4,NO2_24h,果洛州,20.0
20201111,4,O3,果洛州,21.0
20201111,4,O3_24h,果洛州,90.0
20201111,4,O3_8h,果洛州,23.0
20201111,4,O3_8h_24h,果洛州,26.0
20201111,4,CO,果洛州,0.7
20201111,4,CO_24h,果洛州,0.7
20201111,5,AQI,果洛州,37.0
20201111,5,PM2.5,果洛州,26.0
20201111,5,PM2.5_24h,果洛州,23.0
20201111,5,PM10,果洛州,28.0
20201111,5,PM10_24h,果洛州,31.0
20201111,5,SO2,果洛州,13.0
20201111,5,SO2_24h,果洛州,19.0
20201111,5,NO2,果洛州,18.0
20201111,5,NO2_24h,果洛州,21.0
20201111,5,O3,果洛州,20.0
20201111,5,O3_24h,果洛州,90.0
20201111,5,O3_8h,果洛州,22.0
20201111,5,O3_8h_24h,果洛州,26.0
20201111,5,CO,果洛州,0.6
20201111,5,CO_24h,果洛州,0.7
20201111,6,AQI,果洛州,30.0
20201111,6,PM2.5,果洛州,21.0
20201111,6,PM2.5_24h,果洛州,23.0
20201111,6,PM10,果洛州,26.0
20201111,6,PM10_24h,果洛州,31.0
20201111,6,SO2,果洛州,13.0
20201111,6,SO2_24h,果洛州,19.0
20201111,6,NO2,果洛州,16.0
20201111,6,NO2_24h,果洛州,21.0
20201111,6,O3,果洛州,18.0
20201111,6,O3_24h,果洛州,90.0
20201111,6,O3_8h,果洛州,22.0
20201111,6,O3_8h_24h,果洛州,26.0
20201111,6,CO,果洛州,0.6
20201111,6,CO_24h,果洛州,0.7
20201111,7,AQI,果洛州,27.0
20201111,7,PM2.5,果洛州,15.0
20201111,7,PM2.5_24h,果洛州,23.0
20201111,7,PM10,果洛州,27.0
20201111,7,PM10_24h,果洛州,31.0
20201111,7,SO2,果洛州,13.0
20201111,7,SO2_24h,果洛州,19.0
20201111,7,NO2,果洛州,18.0
20201111,7,NO2_24h,果洛州,21.0
20201111,7,O3,果洛州,14.0
20201111,7,O3_24h,果洛州,90.0
20201111,7,O3_8h,果洛州,20.0
20201111,7,O3_8h_24h,果洛州,26.0
20201111,7,CO,果洛州,0.6
20201111,7,CO_24h,果洛州,0.7
20201111,8,AQI,果洛州,39.0
20201111,8,PM2.5,果洛州,27.0
20201111,8,PM2.5_24h,果洛州,24.0
20201111,8,PM10,果洛州,36.0
20201111,8,PM10_24h,果洛州,32.0
20201111,8,SO2,果洛州,15.0
20201111,8,SO2_24h,果洛州,19.0
20201111,8,NO2,果洛州,23.0
20201111,8,NO2_24h,果洛州,21.0
20201111,8,O3,果洛州,14.0
20201111,8,O3_24h,果洛州,90.0
20201111,8,O3_8h,果洛州,20.0
20201111,8,O3_8h_24h,果洛州,26.0
20201111,8,CO,果洛州,0.8
20201111,8,CO_24h,果洛州,0.7
20201111,10,AQI,果洛州,84.0
20201111,10,PM2.5,果洛州,62.0
20201111,10,PM2.5_24h,果洛州,27.0
20201111,10,PM10,果洛州,90.0
20201111,10,PM10_24h,果洛州,35.0
20201111,10,SO2,果洛州,58.0
20201111,10,SO2_24h,果洛州,20.0
20201111,10,NO2,果洛州,39.0
20201111,10,NO2_24h,果洛州,22.0
20201111,10,O3,果洛州,25.0
20201111,10,O3_24h,果洛州,90.0
20201111,10,O3_8h,果洛州,18.0
20201111,10,O3_8h_24h,果洛州,26.0
20201111,10,CO,果洛州,1.6
20201111,10,CO_24h,果洛州,0.7
20201111,11,AQI,果洛州,89.0
20201111,11,PM2.5,果洛州,66.0
20201111,11,PM2.5_24h,果洛州,27.0
20201111,11,PM10,果洛州,88.0
20201111,11,PM10_24h,果洛州,36.0
20201111,11,SO2,果洛州,46.0
20201111,11,SO2_24h,果洛州,19.0
20201111,11,NO2,果洛州,29.0
20201111,11,NO2_24h,果洛州,22.0
20201111,11,O3,果洛州,47.0
20201111,11,O3_24h,果洛州,90.0
20201111,11,O3_8h,果洛州,22.0
20201111,11,O3_8h_24h,果洛州,26.0
20201111,11,CO,果洛州,0.9
20201111,11,CO_24h,果洛州,0.7
20201111,12,AQI,果洛州,48.0
20201111,12,PM2.5,果洛州,28.0
20201111,12,PM2.5_24h,果洛州,27.0
20201111,12,PM10,果洛州,48.0
20201111,12,PM10_24h,果洛州,36.0
20201111,12,SO2,果洛州,36.0
20201111,12,SO2_24h,果洛州,19.0
20201111,12,NO2,果洛州,27.0
20201111,12,NO2_24h,果洛州,22.0
20201111,12,O3,果洛州,66.0
20201111,12,O3_24h,果洛州,90.0
20201111,12,O3_8h,果洛州,27.0
20201111,12,O3_8h_24h,果洛州,27.0
20201111,12,CO,果洛州,0.7
20201111,12,CO_24h,果洛州,0.7
20201111,13,AQI,果洛州,41.0
20201111,13,PM2.5,果洛州,21.0
20201111,13,PM2.5_24h,果洛州,27.0
20201111,13,PM10,果洛州,41.0
20201111,13,PM10_24h,果洛州,36.0
20201111,13,SO2,果洛州,14.0
20201111,13,SO2_24h,果洛州,19.0
20201111,13,NO2,果洛州,14.0
20201111,13,NO2_24h,果洛州,22.0
20201111,13,O3,果洛州,83.0
20201111,13,O3_24h,果洛州,90.0
20201111,13,O3_8h,果洛州,35.0
20201111,13,O3_8h_24h,果洛州,35.0
20201111,13,CO,果洛州,0.5
20201111,13,CO_24h,果洛州,0.7
20201111,14,AQI,果洛州,30.0
20201111,14,PM2.5,果洛州,15.0
20201111,14,PM2.5_24h,果洛州,27.0
20201111,14,PM10,果洛州,30.0
20201111,14,PM10_24h,果洛州,36.0
20201111,14,SO2,果洛州,16.0
20201111,14,SO2_24h,果洛州,19.0
20201111,14,NO2,果洛州,15.0
20201111,14,NO2_24h,果洛州,22.0
20201111,14,O3,果洛州,87.0
20201111,14,O3_24h,果洛州,90.0
20201111,14,O3_8h,果洛州,44.0
20201111,14,O3_8h_24h,果洛州,44.0
20201111,14,CO,果洛州,0.4
20201111,14,CO_24h,果洛州,0.7
20201111,15,AQI,果洛州,28.0
20201111,15,PM2.5,果洛州,9.0
20201111,15,PM2.5_24h,果洛州,27.0
20201111,15,PM10,果洛州,22.0
20201111,15,PM10_24h,果洛州,37.0
20201111,15,SO2,果洛州,15.0
20201111,15,SO2_24h,果洛州,19.0
20201111,15,NO2,果洛州,14.0
20201111,15,NO2_24h,果洛州,22.0
20201111,15,O3,果洛州,90.0
20201111,15,O3_24h,果洛州,90.0
20201111,15,O3_8h,果洛州,53.0
20201111,15,O3_8h_24h,果洛州,53.0
20201111,15,CO,果洛州,0.5
20201111,15,CO_24h,果洛州,0.7
20201111,16,AQI,果洛州,28.0
20201111,16,PM2.5,果洛州,14.0
20201111,16,PM2.5_24h,果洛州,27.0
20201111,16,PM10,果洛州,18.0
20201111,16,PM10_24h,果洛州,37.0
20201111,16,SO2,果洛州,13.0
20201111,16,SO2_24h,果洛州,19.0
20201111,16,NO2,果洛州,13.0
20201111,16,NO2_24h,果洛州,22.0
20201111,16,O3,果洛州,88.0
20201111,16,O3_24h,果洛州,90.0
20201111,16,O3_8h,果洛州,62.0
20201111,16,O3_8h_24h,果洛州,62.0
20201111,16,CO,果洛州,0.4
20201111,16,CO_24h,果洛州,0.7
20201111,17,AQI,果洛州,26.0
20201111,17,PM2.5,果洛州,9.0
20201111,17,PM2.5_24h,果洛州,27.0
20201111,17,PM10,果洛州,21.0
20201111,17,PM10_24h,果洛州,37.0
20201111,17,SO2_24h,果洛州,19.0
20201111,17,NO2_24h,果洛州,23.0
20201111,17,O3,果洛州,83.0
20201111,17,O3_24h,果洛州,90.0
20201111,17,O3_8h,果洛州,71.0
20201111,17,O3_8h_24h,果洛州,71.0
20201111,17,CO,果洛州,0.3
20201111,17,CO_24h,果洛州,0.7
20201111,18,AQI,果洛州,5.0
20201111,18,PM2.5_24h,果洛州,28.0
20201111,18,PM10_24h,果洛州,38.0
20201111,18,SO2,果洛州,12.0
20201111,18,SO2_24h,果洛州,19.0
20201111,18,NO2,果洛州,10.0
20201111,18,NO2_24h,果洛州,23.0
20201111,18,O3_24h,果洛州,90.0
20201111,18,O3_8h,果洛州,78.0
20201111,18,O3_8h_24h,果洛州,78.0
20201111,18,CO_24h,果洛州,0.8
20201111,19,AQI,果洛州,26.0
20201111,19,PM2.5,果洛州,15.0
20201111,19,PM2.5_24h,果洛州,28.0
20201111,19,PM10,果洛州,26.0
20201111,19,PM10_24h,果洛州,39.0
20201111,19,SO2,果洛州,15.0
20201111,19,SO2_24h,果洛州,19.0
20201111,19,NO2,果洛州,21.0
20201111,19,NO2_24h,果洛州,23.0
20201111,19,O3_24h,果洛州,90.0
20201111,19,O3_8h,果洛州,83.0
20201111,19,O3_8h_24h,果洛州,83.0
20201111,19,CO,果洛州,0.5
20201111,19,CO_24h,果洛州,0.8
20201111,20,AQI,果洛州,29.0
20201111,20,PM2.5,果洛州,18.0
20201111,20,PM2.5_24h,果洛州,28.0
20201111,20,PM10,果洛州,29.0
20201111,20,PM10_24h,果洛州,39.0
20201111,20,SO2,果洛州,23.0
20201111,20,SO2_24h,果洛州,20.0
20201111,20,NO2,果洛州,38.0
20201111,20,NO2_24h,果洛州,24.0
20201111,20,O3,果洛州,36.0
20201111,20,O3_24h,果洛州,90.0
20201111,20,O3_8h,果洛州,78.0
20201111,20,O3_8h_24h,果洛州,83.0
20201111,20,CO,果洛州,0.9
20201111,20,CO_24h,果洛州,0.8
20201111,21,AQI,果洛州,43.0
20201111,21,PM2.5,果洛州,30.0
20201111,21,PM2.5_24h,果洛州,28.0
20201111,21,PM10,果洛州,37.0
20201111,21,PM10_24h,果洛州,39.0
20201111,21,SO2,果洛州,18.0
20201111,21,SO2_24h,果洛州,20.0
20201111,21,NO2,果洛州,26.0
20201111,21,NO2_24h,果洛州,23.0
20201111,21,O3,果洛州,27.0
20201111,21,O3_24h,果洛州,90.0
20201111,21,O3_8h,果洛州,68.0
20201111,21,O3_8h_24h,果洛州,83.0
20201111,21,CO,果洛州,0.6
20201111,21,CO_24h,果洛州,0.8
20201111,22,AQI,果洛州,33.0
20201111,22,PM2.5,果洛州,20.0
20201111,22,PM2.5_24h,果洛州,28.0
20201111,22,PM10,果洛州,33.0
20201111,22,PM10_24h,果洛州,39.0
20201111,22,SO2,果洛州,20.0
20201111,22,SO2_24h,果洛州,20.0
20201111,22,NO2,果洛州,39.0
20201111,22,NO2_24h,果洛州,23.0
20201111,22,O3,果洛州,19.0
20201111,22,O3_24h,果洛州,90.0
20201111,22,O3_8h,果洛州,57.0
20201111,22,O3_8h_24h,果洛州,83.0
20201111,22,CO,果洛州,1.1
20201111,22,CO_24h,果洛州,0.8
20201111,23,AQI,果洛州,52.0
20201111,23,PM2.5,果洛州,32.0
20201111,23,PM2.5_24h,果洛州,27.0
20201111,23,PM10,果洛州,53.0
20201111,23,PM10_24h,果洛州,38.0
20201111,23,SO2,果洛州,19.0
20201111,23,SO2_24h,果洛州,20.0
20201111,23,NO2,果洛州,36.0
20201111,23,NO2_24h,果洛州,23.0
20201111,23,O3,果洛州,19.0
20201111,23,O3_24h,果洛州,90.0
20201111,23,O3_8h,果洛州,45.0
20201111,23,O3_8h_24h,果洛州,83.0
20201111,23,CO,果洛州,1.0
20201111,23,CO_24h,果洛州,0.8
20201111,0,AQI,玉树州,33.0
20201111,0,PM2.5,玉树州,14.0
20201111,0,PM2.5_24h,玉树州,8.0
20201111,0,PM10,玉树州,33.0
20201111,0,PM10_24h,玉树州,21.0
20201111,0,SO2,玉树州,37.0
20201111,0,SO2_24h,玉树州,34.0
20201111,0,NO2,玉树州,39.0
20201111,0,NO2_24h,玉树州,22.0
20201111,0,O3,玉树州,18.0
20201111,0,O3_24h,玉树州,72.0
20201111,0,O3_8h,玉树州,40.0
20201111,0,O3_8h_24h,玉树州,64.0
20201111,0,CO,玉树州,1.1
20201111,0,CO_24h,玉树州,0.9
20201111,1,AQI,玉树州,27.0
20201111,1,PM2.5,玉树州,10.0
20201111,1,PM2.5_24h,玉树州,8.0
20201111,1,PM10,玉树州,27.0
20201111,1,PM10_24h,玉树州,22.0
20201111,1,SO2,玉树州,25.0
20201111,1,SO2_24h,玉树州,33.0
20201111,1,NO2,玉树州,34.0
20201111,1,NO2_24h,玉树州,22.0
20201111,1,O3,玉树州,19.0
20201111,1,O3_24h,玉树州,72.0
20201111,1,O3_8h,玉树州,19.0
20201111,1,O3_8h_24h,玉树州,19.0
20201111,1,CO,玉树州,1.1
20201111,1,CO_24h,玉树州,0.9
20201111,2,AQI,玉树州,26.0
20201111,2,PM2.5,玉树州,10.0
20201111,2,PM2.5_24h,玉树州,8.0
20201111,2,PM10,玉树州,26.0
20201111,2,PM10_24h,玉树州,22.0
20201111,2,SO2,玉树州,24.0
20201111,2,SO2_24h,玉树州,33.0
20201111,2,NO2,玉树州,32.0
20201111,2,NO2_24h,玉树州,22.0
20201111,2,O3,玉树州,19.0
20201111,2,O3_24h,玉树州,72.0
20201111,2,O3_8h,玉树州,19.0
20201111,2,O3_8h_24h,玉树州,19.0
20201111,2,CO,玉树州,1.2
20201111,2,CO_24h,玉树州,0.9
20201111,3,AQI,玉树州,23.0
20201111,3,PM2.5,玉树州,9.0
20201111,3,PM2.5_24h,玉树州,8.0
20201111,3,PM10,玉树州,23.0
20201111,3,PM10_24h,玉树州,22.0
20201111,3,SO2,玉树州,18.0
20201111,3,SO2_24h,玉树州,33.0
20201111,3,NO2,玉树州,22.0
20201111,3,NO2_24h,玉树州,22.0
20201111,3,O3,玉树州,24.0
20201111,3,O3_24h,玉树州,72.0
20201111,3,O3_8h,玉树州,21.0
20201111,3,O3_8h_24h,玉树州,21.0
20201111,3,CO,玉树州,1.1
20201111,3,CO_24h,玉树州,0.9
20201111,4,AQI,玉树州,19.0
20201111,4,PM2.5,玉树州,8.0
20201111,4,PM2.5_24h,玉树州,8.0
20201111,4,PM10,玉树州,19.0
20201111,4,PM10_24h,玉树州,22.0
20201111,4,SO2,玉树州,15.0
20201111,4,SO2_24h,玉树州,33.0
20201111,4,NO2,玉树州,20.0
20201111,4,NO2_24h,玉树州,22.0
20201111,4,O3,玉树州,22.0
20201111,4,O3_24h,玉树州,72.0
20201111,4,O3_8h,玉树州,21.0
20201111,4,O3_8h_24h,玉树州,21.0
20201111,4,CO,玉树州,1.1
20201111,4,CO_24h,玉树州,0.9
20201111,5,AQI,玉树州,15.0
20201111,5,PM2.5,玉树州,6.0
20201111,5,PM2.5_24h,玉树州,8.0
20201111,5,PM10,玉树州,15.0
20201111,5,PM10_24h,玉树州,21.0
20201111,5,SO2,玉树州,14.0
20201111,5,SO2_24h,玉树州,33.0
20201111,5,NO2,玉树州,20.0
20201111,5,NO2_24h,玉树州,22.0
20201111,5,O3,玉树州,20.0
20201111,5,O3_24h,玉树州,72.0
20201111,5,O3_8h,玉树州,21.0
20201111,5,O3_8h_24h,玉树州,21.0
20201111,5,CO,玉树州,1.0
20201111,5,CO_24h,玉树州,0.9
20201111,6,AQI,玉树州,14.0
20201111,6,PM2.5,玉树州,4.0
20201111,6,PM2.5_24h,玉树州,8.0
20201111,6,PM10,玉树州,14.0
20201111,6,PM10_24h,玉树州,21.0
20201111,6,SO2,玉树州,26.0
20201111,6,SO2_24h,玉树州,33.0
20201111,6,NO2,玉树州,18.0
20201111,6,NO2_24h,玉树州,22.0
20201111,6,O3,玉树州,20.0
20201111,6,O3_24h,玉树州,72.0
20201111,6,O3_8h,玉树州,21.0
20201111,6,O3_8h_24h,玉树州,21.0
20201111,6,CO,玉树州,1.0
20201111,6,CO_24h,玉树州,0.9
20201111,8,AQI,玉树州,26.0
20201111,8,PM2.5,玉树州,6.0
20201111,8,PM2.5_24h,玉树州,7.0
20201111,8,PM10,玉树州,26.0
20201111,8,PM10_24h,玉树州,22.0
20201111,8,SO2,玉树州,76.0
20201111,8,SO2_24h,玉树州,32.0
20201111,8,NO2,玉树州,34.0
20201111,8,NO2_24h,玉树州,22.0
20201111,8,O3,玉树州,7.0
20201111,8,O3_24h,玉树州,72.0
20201111,8,O3_8h,玉树州,18.0
20201111,8,O3_8h_24h,玉树州,21.0
20201111,8,CO,玉树州,1.0
20201111,8,CO_24h,玉树州,0.9
20201111,10,AQI,玉树州,56.0
20201111,10,PM2.5,玉树州,25.0
20201111,10,PM2.5_24h,玉树州,8.0
20201111,10,PM10,玉树州,61.0
20201111,10,PM10_24h,玉树州,22.0
20201111,10,SO2,玉树州,109.0
20201111,10,SO2_24h,玉树州,33.0
20201111,10,NO2,玉树州,33.0
20201111,10,NO2_24h,玉树州,22.0
20201111,10,O3,玉树州,14.0
20201111,10,O3_24h,玉树州,72.0
20201111,10,O3_8h,玉树州,16.0
20201111,10,O3_8h_24h,玉树州,21.0
20201111,10,CO,玉树州,1.3
20201111,10,CO_24h,玉树州,0.9
20201111,11,AQI,玉树州,52.0
20201111,11,PM2.5,玉树州,24.0
20201111,11,PM2.5_24h,玉树州,8.0
20201111,11,PM10,玉树州,54.0
20201111,11,PM10_24h,玉树州,23.0
20201111,11,SO2,玉树州,66.0
20201111,11,SO2_24h,玉树州,33.0
20201111,11,NO2,玉树州,15.0
20201111,11,NO2_24h,玉树州,22.0
20201111,11,O3,玉树州,35.0
20201111,11,O3_24h,玉树州,72.0
20201111,11,O3_8h,玉树州,18.0
20201111,11,O3_8h_24h,玉树州,21.0
20201111,11,CO,玉树州,0.9
20201111,11,CO_24h,玉树州,0.9
20201111,12,AQI,玉树州,18.0
20201111,12,PM2.5,玉树州,7.0
20201111,12,PM2.5_24h,玉树州,8.0
20201111,12,PM10,玉树州,18.0
20201111,12,PM10_24h,玉树州,23.0
20201111,12,SO2,玉树州,21.0
20201111,12,SO2_24h,玉树州,33.0
20201111,12,NO2,玉树州,7.0
20201111,12,NO2_24h,玉树州,22.0
20201111,12,O3,玉树州,51.0
20201111,12,O3_24h,玉树州,72.0
20201111,12,O3_8h,玉树州,21.0
20201111,12,O3_8h_24h,玉树州,21.0
20201111,12,CO,玉树州,0.7
20201111,12,CO_24h,玉树州,0.9
20201111,13,AQI,玉树州,19.0
20201111,13,PM2.5,玉树州,3.0
20201111,13,PM2.5_24h,玉树州,8.0
20201111,13,PM10,玉树州,10.0
20201111,13,PM10_24h,玉树州,23.0
20201111,13,SO2,玉树州,12.0
20201111,13,SO2_24h,玉树州,33.0
20201111,13,NO2,玉树州,4.0
20201111,13,NO2_24h,玉树州,22.0
20201111,13,O3,玉树州,62.0
20201111,13,O3_24h,玉树州,72.0
20201111,13,O3_8h,玉树州,27.0
20201111,13,O3_8h_24h,玉树州,27.0
20201111,13,CO,玉树州,0.7
20201111,13,CO_24h,玉树州,0.9
20201111,14,AQI,玉树州,21.0
20201111,14,PM2.5,玉树州,6.0
20201111,14,PM2.5_24h,玉树州,8.0
20201111,14,PM10,玉树州,13.0
20201111,14,PM10_24h,玉树州,23.0
20201111,14,SO2,玉树州,10.0
20201111,14,SO2_24h,玉树州,33.0
20201111,14,NO2,玉树州,4.0
20201111,14,NO2_24h,玉树州,22.0
20201111,14,O3,玉树州,66.0
20201111,14,O3_24h,玉树州,72.0
20201111,14,O3_8h,玉树州,32.0
20201111,14,O3_8h_24h,玉树州,32.0
20201111,14,CO,玉树州,0.6
20201111,14,CO_24h,玉树州,0.9
20201111,15,AQI,玉树州,22.0
20201111,15,PM2.5,玉树州,2.0
20201111,15,PM2.5_24h,玉树州,8.0
20201111,15,PM10,玉树州,7.0
20201111,15,PM10_24h,玉树州,23.0
20201111,15,SO2,玉树州,8.0
20201111,15,SO2_24h,玉树州,33.0
20201111,15,NO2,玉树州,2.0
20201111,15,NO2_24h,玉树州,22.0
20201111,15,O3,玉树州,69.0
20201111,15,O3_24h,玉树州,72.0
20201111,15,O3_8h,玉树州,39.0
20201111,15,O3_8h_24h,玉树州,39.0
20201111,15,CO,玉树州,0.6
20201111,15,CO_24h,玉树州,0.9
20201111,16,AQI,玉树州,23.0
20201111,16,PM2.5,玉树州,1.0
20201111,16,PM2.5_24h,玉树州,8.0
20201111,16,PM10,玉树州,8.0
20201111,16,PM10_24h,玉树州,23.0
20201111,16,SO2,玉树州,9.0
20201111,16,SO2_24h,玉树州,33.0
20201111,16,NO2,玉树州,3.0
20201111,16,NO2_24h,玉树州,22.0
20201111,16,O3,玉树州,74.0
20201111,16,O3_24h,玉树州,74.0
20201111,16,O3_8h,玉树州,47.0
20201111,16,O3_8h_24h,玉树州,47.0
20201111,16,CO,玉树州,0.6
20201111,16,CO_24h,玉树州,0.9
20201111,17,AQI,玉树州,24.0
20201111,17,PM2.5,玉树州,2.0
20201111,17,PM2.5_24h,玉树州,8.0
20201111,17,PM10,玉树州,11.0
20201111,17,PM10_24h,玉树州,24.0
20201111,17,SO2,玉树州,12.0
20201111,17,SO2_24h,玉树州,33.0
20201111,17,NO2,玉树州,4.0
20201111,17,NO2_24h,玉树州,22.0
20201111,17,O3,玉树州,76.0
20201111,17,O3_24h,玉树州,76.0
20201111,17,O3_8h,玉树州,56.0
20201111,17,O3_8h_24h,玉树州,56.0
20201111,17,CO,玉树州,0.6
20201111,17,CO_24h,玉树州,0.9
20201111,18,AQI,玉树州,21.0
20201111,18,PM2.5,玉树州,2.0
20201111,18,PM2.5_24h,玉树州,8.0
20201111,18,PM10,玉树州,11.0
20201111,18,PM10_24h,玉树州,24.0
20201111,18,SO2,玉树州,18.0
20201111,18,SO2_24h,玉树州,33.0
20201111,18,NO2,玉树州,8.0
20201111,18,NO2_24h,玉树州,22.0
20201111,18,O3,玉树州,68.0
20201111,18,O3_24h,玉树州,76.0
20201111,18,O3_8h,玉树州,63.0
20201111,18,O3_8h_24h,玉树州,63.0
20201111,18,CO,玉树州,0.6
20201111,18,CO_24h,玉树州,0.9
20201111,19,AQI,玉树州,38.0
20201111,19,PM2.5,玉树州,4.0
20201111,19,PM2.5_24h,玉树州,8.0
20201111,19,PM10,玉树州,38.0
20201111,19,PM10_24h,玉树州,25.0
20201111,19,SO2,玉树州,22.0
20201111,19,SO2_24h,玉树州,33.0
20201111,19,NO2,玉树州,9.0
20201111,19,NO2_24h,玉树州,22.0
20201111,19,O3,玉树州,64.0
20201111,19,O3_24h,玉树州,76.0
20201111,19,O3_8h,玉树州,66.0
20201111,19,O3_8h_24h,玉树州,66.0
20201111,19,CO,玉树州,0.7
20201111,19,CO_24h,玉树州,0.9
20201111,20,AQI,玉树州,22.0
20201111,20,PM2.5,玉树州,3.0
20201111,20,PM2.5_24h,玉树州,8.0
20201111,20,PM10,玉树州,22.0
20201111,20,PM10_24h,玉树州,25.0
20201111,20,SO2,玉树州,12.0
20201111,20,SO2_24h,玉树州,33.0
20201111,20,NO2,玉树州,16.0
20201111,20,NO2_24h,玉树州,21.0
20201111,20,O3,玉树州,52.0
20201111,20,O3_24h,玉树州,76.0
20201111,20,O3_8h,玉树州,66.0
20201111,20,O3_8h_24h,玉树州,66.0
20201111,20,CO,玉树州,0.7
20201111,20,CO_24h,玉树州,0.9
20201111,21,AQI,玉树州,24.0
20201111,21,PM2.5,玉树州,8.0
20201111,21,PM2.5_24h,玉树州,8.0
20201111,21,PM10,玉树州,24.0
20201111,21,PM10_24h,玉树州,24.0
20201111,21,SO2,玉树州,28.0
20201111,21,SO2_24h,玉树州,33.0
20201111,21,NO2,玉树州,33.0
20201111,21,NO2_24h,玉树州,20.0
20201111,21,O3,玉树州,33.0
20201111,21,O3_24h,玉树州,76.0
20201111,21,O3_8h,玉树州,63.0
20201111,21,O3_8h_24h,玉树州,66.0
20201111,21,CO,玉树州,1.0
20201111,21,CO_24h,玉树州,0.9
20201111,22,AQI,玉树州,30.0
20201111,22,PM2.5,玉树州,11.0
20201111,22,PM2.5_24h,玉树州,8.0
20201111,22,PM10,玉树州,30.0
20201111,22,PM10_24h,玉树州,24.0
20201111,22,SO2,玉树州,30.0
20201111,22,SO2_24h,玉树州,32.0
20201111,22,NO2,玉树州,36.0
20201111,22,NO2_24h,玉树州,20.0
20201111,22,O3,玉树州,26.0
20201111,22,O3_24h,玉树州,76.0
20201111,22,O3_8h,玉树州,58.0
20201111,22,O3_8h_24h,玉树州,66.0
20201111,22,CO,玉树州,1.0
20201111,22,CO_24h,玉树州,0.9
20201111,23,AQI,玉树州,35.0
20201111,23,PM2.5,玉树州,14.0
20201111,23,PM2.5_24h,玉树州,8.0
20201111,23,PM10,玉树州,35.0
20201111,23,PM10_24h,玉树州,24.0
20201111,23,SO2,玉树州,31.0
20201111,23,SO2_24h,玉树州,32.0
20201111,23,NO2,玉树州,42.0
20201111,23,NO2_24h,玉树州,21.0
20201111,23,O3,玉树州,18.0
20201111,23,O3_24h,玉树州,76.0
20201111,23,O3_8h,玉树州,51.0
20201111,23,O3_8h_24h,玉树州,66.0
20201111,23,CO,玉树州,1.1
20201111,23,CO_24h,玉树州,0.9
20201111,0,AQI,海西州,25.0
20201111,0,PM2.5,海西州,7.0
20201111,0,PM2.5_24h,海西州,9.0
20201111,0,PM10,海西州,25.0
20201111,0,PM10_24h,海西州,41.0
20201111,0,SO2,海西州,16.0
20201111,0,SO2_24h,海西州,16.0
20201111,0,NO2,海西州,37.0
20201111,0,NO2_24h,海西州,19.0
20201111,0,O3,海西州,31.0
20201111,0,O3_24h,海西州,90.0
20201111,0,O3_8h,海西州,43.0
20201111,0,O3_8h_24h,海西州,78.0
20201111,0,CO,海西州,0.7
20201111,0,CO_24h,海西州,0.5
20201111,1,AQI,海西州,29.0
20201111,1,PM2.5,海西州,10.0
20201111,1,PM2.5_24h,海西州,9.0
20201111,1,PM10,海西州,29.0
20201111,1,PM10_24h,海西州,41.0
20201111,1,SO2,海西州,15.0
20201111,1,SO2_24h,海西州,16.0
20201111,1,NO2,海西州,20.0
20201111,1,NO2_24h,海西州,19.0
20201111,1,O3,海西州,47.0
20201111,1,O3_24h,海西州,90.0
20201111,1,O3_8h,海西州,47.0
20201111,1,O3_8h_24h,海西州,47.0
20201111,1,CO,海西州,0.5
20201111,1,CO_24h,海西州,0.5
20201111,2,AQI,海西州,22.0
20201111,2,PM2.5,海西州,9.0
20201111,2,PM2.5_24h,海西州,9.0
20201111,2,PM10,海西州,22.0
20201111,2,PM10_24h,海西州,40.0
20201111,2,SO2,海西州,15.0
20201111,2,SO2_24h,海西州,16.0
20201111,2,NO2,海西州,26.0
20201111,2,NO2_24h,海西州,20.0
20201111,2,O3,海西州,40.0
20201111,2,O3_24h,海西州,90.0
20201111,2,O3_8h,海西州,44.0
20201111,2,O3_8h_24h,海西州,47.0
20201111,2,CO,海西州,0.5
20201111,2,CO_24h,海西州,0.5
20201111,3,AQI,海西州,22.0
20201111,3,PM2.5,海西州,6.0
20201111,3,PM2.5_24h,海西州,9.0
20201111,3,PM10,海西州,22.0
20201111,3,PM10_24h,海西州,39.0
20201111,3,SO2,海西州,14.0
20201111,3,SO2_24h,海西州,15.0
20201111,3,NO2,海西州,15.0
20201111,3,NO2_24h,海西州,20.0
20201111,3,O3,海西州,50.0
20201111,3,O3_24h,海西州,90.0
20201111,3,O3_8h,海西州,46.0
20201111,3,O3_8h_24h,海西州,47.0
20201111,3,CO,海西州,0.4
20201111,3,CO_24h,海西州,0.5
20201111,4,AQI,海西州,19.0
20201111,4,PM2.5,海西州,4.0
20201111,4,PM2.5_24h,海西州,9.0
20201111,4,PM10,海西州,19.0
20201111,4,PM10_24h,海西州,38.0
20201111,4,SO2,海西州,14.0
20201111,4,SO2_24h,海西州,15.0
20201111,4,NO2,海西州,17.0
20201111,4,NO2_24h,海西州,20.0
20201111,4,O3,海西州,45.0
20201111,4,O3_24h,海西州,90.0
20201111,4,O3_8h,海西州,46.0
20201111,4,O3_8h_24h,海西州,47.0
20201111,4,CO,海西州,0.5
20201111,4,CO_24h,海西州,0.5
20201111,5,AQI,海西州,16.0
20201111,5,PM2.5,海西州,5.0
20201111,5,PM2.5_24h,海西州,9.0
20201111,5,PM10,海西州,16.0
20201111,5,PM10_24h,海西州,36.0
20201111,5,SO2,海西州,14.0
20201111,5,SO2_24h,海西州,15.0
20201111,5,NO2,海西州,14.0
20201111,5,NO2_24h,海西州,20.0
20201111,5,O3,海西州,52.0
20201111,5,O3_24h,海西州,90.0
20201111,5,O3_8h,海西州,47.0
20201111,5,O3_8h_24h,海西州,47.0
20201111,5,CO,海西州,0.4
20201111,5,CO_24h,海西州,0.5
20201111,6,AQI,海西州,14.0
20201111,6,PM2.5,海西州,6.0
20201111,6,PM2.5_24h,海西州,9.0
20201111,6,PM10,海西州,11.0
20201111,6,PM10_24h,海西州,35.0
20201111,6,SO2,海西州,13.0
20201111,6,SO2_24h,海西州,15.0
20201111,6,NO2,海西州,17.0
20201111,6,NO2_24h,海西州,21.0
20201111,6,O3,海西州,44.0
20201111,6,O3_24h,海西州,90.0
20201111,6,O3_8h,海西州,46.0
20201111,6,O3_8h_24h,海西州,47.0
20201111,6,CO,海西州,0.5
20201111,6,CO_24h,海西州,0.5
20201111,8,AQI,海西州,21.0
20201111,8,PM2.5,海西州,9.0
20201111,8,PM2.5_24h,海西州,9.0
20201111,8,PM10,海西州,21.0
20201111,8,PM10_24h,海西州,34.0
20201111,8,SO2,海西州,14.0
20201111,8,SO2_24h,海西州,15.0
20201111,8,NO2,海西州,35.0
20201111,8,NO2_24h,海西州,23.0
20201111,8,O3,海西州,26.0
20201111,8,O3_24h,海西州,90.0
20201111,8,O3_8h,海西州,43.0
20201111,8,O3_8h_24h,海西州,47.0
20201111,8,CO,海西州,0.8
20201111,8,CO_24h,海西州,0.6
20201111,10,AQI,海西州,33.0
20201111,10,PM2.5,海西州,13.0
20201111,10,PM2.5_24h,海西州,9.0
20201111,10,PM10,海西州,33.0
20201111,10,PM10_24h,海西州,33.0
20201111,10,SO2,海西州,16.0
20201111,10,SO2_24h,海西州,15.0
20201111,10,NO2,海西州,41.0
20201111,10,NO2_24h,海西州,26.0
20201111,10,O3,海西州,30.0
20201111,10,O3_24h,海西州,90.0
20201111,10,O3_8h,海西州,38.0
20201111,10,O3_8h_24h,海西州,47.0
20201111,10,CO,海西州,0.8
20201111,10,CO_24h,海西州,0.6
20201111,11,AQI,海西州,52.0
20201111,11,PM2.5,海西州,18.0
20201111,11,PM2.5_24h,海西州,9.0
20201111,11,PM10,海西州,53.0
20201111,11,PM10_24h,海西州,34.0
20201111,11,SO2,海西州,17.0
20201111,11,SO2_24h,海西州,16.0
20201111,11,NO2,海西州,26.0
20201111,11,NO2_24h,海西州,26.0
20201111,11,O3,海西州,49.0
20201111,11,O3_24h,海西州,90.0
20201111,11,O3_8h,海西州,38.0
20201111,11,O3_8h_24h,海西州,47.0
20201111,11,CO,海西州,0.5
20201111,11,CO_24h,海西州,0.6
20201111,12,AQI,海西州,37.0
20201111,12,PM2.5,海西州,11.0
20201111,12,PM2.5_24h,海西州,9.0
20201111,12,PM10,海西州,37.0
20201111,12,PM10_24h,海西州,33.0
20201111,12,SO2,海西州,17.0
20201111,12,SO2_24h,海西州,16.0
20201111,12,NO2,海西州,26.0
20201111,12,NO2_24h,海西州,27.0
20201111,12,O3,海西州,74.0
20201111,12,O3_24h,海西州,90.0
20201111,12,O3_8h,海西州,42.0
20201111,12,O3_8h_24h,海西州,47.0
20201111,12,CO,海西州,0.4
20201111,12,CO_24h,海西州,0.6
20201111,13,AQI,海西州,28.0
20201111,13,PM2.5,海西州,11.0
20201111,13,PM2.5_24h,海西州,10.0
20201111,13,PM10,海西州,28.0
20201111,13,PM10_24h,海西州,33.0
20201111,13,SO2,海西州,17.0
20201111,13,SO2_24h,海西州,16.0
20201111,13,NO2,海西州,23.0
20201111,13,NO2_24h,海西州,28.0
20201111,13,O3,海西州,85.0
20201111,13,O3_24h,海西州,90.0
20201111,13,O3_8h,海西州,46.0
20201111,13,O3_8h_24h,海西州,47.0
20201111,13,CO,海西州,0.5
20201111,13,CO_24h,海西州,0.6
20201111,14,AQI,海西州,28.0
20201111,14,PM2.5,海西州,8.0
20201111,14,PM2.5_24h,海西州,10.0
20201111,14,PM10,海西州,25.0
20201111,14,PM10_24h,海西州,32.0
20201111,14,SO2,海西州,16.0
20201111,14,SO2_24h,海西州,16.0
20201111,14,NO2,海西州,22.0
20201111,14,NO2_24h,海西州,29.0
20201111,14,O3,海西州,90.0
20201111,14,O3_24h,海西州,90.0
20201111,14,O3_8h,海西州,51.0
20201111,14,O3_8h_24h,海西州,51.0
20201111,14,CO,海西州,0.5
20201111,14,CO_24h,海西州,0.6
20201111,15,AQI,海西州,30.0
20201111,15,PM2.5,海西州,6.0
20201111,15,PM2.5_24h,海西州,10.0
20201111,15,PM10,海西州,30.0
20201111,15,PM10_24h,海西州,33.0
20201111,15,SO2,海西州,20.0
20201111,15,SO2_24h,海西州,16.0
20201111,15,NO2,海西州,53.0
20201111,15,NO2_24h,海西州,30.0
20201111,15,O3,海西州,82.0
20201111,15,O3_24h,海西州,90.0
20201111,15,O3_8h,海西州,57.0
20201111,15,O3_8h_24h,海西州,57.0
20201111,15,CO,海西州,0.7
20201111,15,CO_24h,海西州,0.6
20201111,16,AQI,海西州,38.0
20201111,16,PM2.5,海西州,12.0
20201111,16,PM2.5_24h,海西州,10.0
20201111,16,PM10,海西州,38.0
20201111,16,PM10_24h,海西州,33.0
20201111,16,SO2,海西州,20.0
20201111,16,SO2_24h,海西州,16.0
20201111,16,NO2,海西州,38.0
20201111,16,NO2_24h,海西州,30.0
20201111,16,O3,海西州,82.0
20201111,16,O3_24h,海西州,90.0
20201111,16,O3_8h,海西州,64.0
20201111,16,O3_8h_24h,海西州,64.0
20201111,16,CO,海西州,0.5
20201111,16,CO_24h,海西州,0.6
20201111,17,AQI,海西州,43.0
20201111,17,PM2.5,海西州,11.0
20201111,17,PM2.5_24h,海西州,10.0
20201111,17,PM10,海西州,43.0
20201111,17,PM10_24h,海西州,32.0
20201111,17,SO2,海西州,16.0
20201111,17,SO2_24h,海西州,16.0
20201111,17,NO2,海西州,28.0
20201111,17,NO2_24h,海西州,30.0
20201111,17,O3,海西州,88.0
20201111,17,O3_24h,海西州,90.0
20201111,17,O3_8h,海西州,72.0
20201111,17,O3_8h_24h,海西州,72.0
20201111,17,CO,海西州,0.5
20201111,17,CO_24h,海西州,0.6
20201111,18,AQI,海西州,40.0
20201111,18,PM2.5,海西州,8.0
20201111,18,PM2.5_24h,海西州,10.0
20201111,18,PM10,海西州,40.0
20201111,18,PM10_24h,海西州,33.0
20201111,18,SO2,海西州,16.0
20201111,18,SO2_24h,海西州,16.0
20201111,18,NO2,海西州,41.0
20201111,18,NO2_24h,海西州,30.0
20201111,18,O3,海西州,77.0
20201111,18,O3_24h,海西州,90.0
20201111,18,O3_8h,海西州,78.0
20201111,18,O3_8h_24h,海西州,78.0
20201111,18,CO,海西州,0.6
20201111,18,CO_24h,海西州,0.6
20201111,19,AQI,海西州,43.0
20201111,19,PM2.5,海西州,10.0
20201111,19,PM2.5_24h,海西州,10.0
20201111,19,PM10,海西州,43.0
20201111,19,PM10_24h,海西州,33.0
20201111,19,SO2,海西州,16.0
20201111,19,SO2_24h,海西州,16.0
20201111,19,NO2,海西州,52.0
20201111,19,NO2_24h,海西州,31.0
20201111,19,O3,海西州,59.0
20201111,19,O3_24h,海西州,90.0
20201111,19,O3_8h,海西州,80.0
20201111,19,O3_8h_24h,海西州,80.0
20201111,19,CO,海西州,1.2
20201111,19,CO_24h,海西州,0.6
20201111,20,AQI,海西州,42.0
20201111,20,PM2.5,海西州,17.0
20201111,20,PM2.5_24h,海西州,9.0
20201111,20,PM10,海西州,42.0
20201111,20,PM10_24h,海西州,31.0
20201111,20,SO2,海西州,16.0
20201111,20,SO2_24h,海西州,16.0
20201111,20,NO2,海西州,40.0
20201111,20,NO2_24h,海西州,31.0
20201111,20,O3,海西州,49.0
20201111,20,O3_24h,海西州,90.0
20201111,20,O3_8h,海西州,76.0
20201111,20,O3_8h_24h,海西州,80.0
20201111,20,CO,海西州,0.7
20201111,20,CO_24h,海西州,0.6
20201111,21,AQI,海西州,56.0
20201111,21,PM2.5,海西州,21.0
20201111,21,PM2.5_24h,海西州,10.0
20201111,21,PM10,海西州,61.0
20201111,21,PM10_24h,海西州,32.0
20201111,21,SO2,海西州,16.0
20201111,21,SO2_24h,海西州,16.0
20201111,21,NO2,海西州,44.0
20201111,21,NO2_24h,海西州,31.0
20201111,21,O3,海西州,33.0
20201111,21,O3_24h,海西州,90.0
20201111,21,O3_8h,海西州,70.0
20201111,21,O3_8h_24h,海西州,80.0
20201111,21,CO,海西州,0.8
20201111,21,CO_24h,海西州,0.6
20201111,22,AQI,海西州,53.0
20201111,22,PM2.5,海西州,23.0
20201111,22,PM2.5_24h,海西州,10.0
20201111,22,PM10,海西州,56.0
20201111,22,PM10_24h,海西州,32.0
20201111,22,SO2,海西州,16.0
20201111,22,SO2_24h,海西州,16.0
20201111,22,NO2,海西州,57.0
20201111,22,NO2_24h,海西州,32.0
20201111,22,O3,海西州,17.0
20201111,22,O3_24h,海西州,90.0
20201111,22,O3_8h,海西州,61.0
20201111,22,O3_8h_24h,海西州,80.0
20201111,22,CO,海西州,0.9
20201111,22,CO_24h,海西州,0.6
20201111,23,AQI,海西州,54.0
20201111,23,PM2.5,海西州,20.0
20201111,23,PM2.5_24h,海西州,11.0
20201111,23,PM10,海西州,58.0
20201111,23,PM10_24h,海西州,34.0
20201111,23,SO2,海西州,16.0
20201111,23,SO2_24h,海西州,16.0
20201111,23,NO2,海西州,42.0
20201111,23,NO2_24h,海西州,33.0
20201111,23,O3,海西州,37.0
20201111,23,O3_24h,海西州,90.0
20201111,23,O3_8h,海西州,55.0
20201111,23,O3_8h_24h,海西州,80.0
20201111,23,CO,海西州,0.7
20201111,23,CO_24h,海西州,0.6
20201111,0,AQI,吴忠,94.0
20201111,0,PM2.5,吴忠,70.0
20201111,0,PM2.5_24h,吴忠,75.0
20201111,0,PM10,吴忠,117.0
20201111,0,PM10_24h,吴忠,133.0
20201111,0,SO2,吴忠,14.0
20201111,0,SO2_24h,吴忠,27.0
20201111,0,NO2,吴忠,78.0
20201111,0,NO2_24h,吴忠,59.0
20201111,0,O3,吴忠,12.0
20201111,0,O3_24h,吴忠,98.0
20201111,0,O3_8h,吴忠,51.0
20201111,0,O3_8h_24h,吴忠,77.0
20201111,0,CO,吴忠,1.13
20201111,0,CO_24h,吴忠,1.1
20201111,1,AQI,吴忠,105.0
20201111,1,PM2.5,吴忠,79.0
20201111,1,PM2.5_24h,吴忠,75.0
20201111,1,PM10,吴忠,126.0
20201111,1,PM10_24h,吴忠,133.0
20201111,1,SO2,吴忠,12.0
20201111,1,SO2_24h,吴忠,27.0
20201111,1,NO2,吴忠,82.0
20201111,1,NO2_24h,吴忠,59.0
20201111,1,O3,吴忠,5.0
20201111,1,O3_24h,吴忠,98.0
20201111,1,O3_8h,吴忠,5.0
20201111,1,O3_8h_24h,吴忠,5.0
20201111,1,CO,吴忠,1.27
20201111,1,CO_24h,吴忠,1.1
20201111,2,AQI,吴忠,114.0
20201111,2,PM2.5,吴忠,86.0
20201111,2,PM2.5_24h,吴忠,76.0
20201111,2,PM10,吴忠,132.0
20201111,2,PM10_24h,吴忠,132.0
20201111,2,SO2,吴忠,13.0
20201111,2,SO2_24h,吴忠,27.0
20201111,2,NO2,吴忠,82.0
20201111,2,NO2_24h,吴忠,60.0
20201111,2,O3,吴忠,5.0
20201111,2,O3_24h,吴忠,98.0
20201111,2,O3_8h,吴忠,5.0
20201111,2,O3_8h_24h,吴忠,5.0
20201111,2,CO,吴忠,1.47
20201111,2,CO_24h,吴忠,1.1
20201111,3,AQI,吴忠,129.0
20201111,3,PM2.5,吴忠,98.0
20201111,3,PM2.5_24h,吴忠,76.0
20201111,3,PM10,吴忠,147.0
20201111,3,PM10_24h,吴忠,132.0
20201111,3,SO2,吴忠,13.0
20201111,3,SO2_24h,吴忠,27.0
20201111,3,NO2,吴忠,77.0
20201111,3,NO2_24h,吴忠,60.0
20201111,3,O3,吴忠,5.0
20201111,3,O3_24h,吴忠,98.0
20201111,3,O3_8h,吴忠,5.0
20201111,3,O3_8h_24h,吴忠,5.0
20201111,3,CO,吴忠,1.77
20201111,3,CO_24h,吴忠,1.13
20201111,4,AQI,吴忠,143.0
20201111,4,PM2.5,吴忠,109.0
20201111,4,PM2.5_24h,吴忠,77.0
20201111,4,PM10,吴忠,162.0
20201111,4,PM10_24h,吴忠,133.0
20201111,4,SO2,吴忠,13.0
20201111,4,SO2_24h,吴忠,27.0
20201111,4,NO2,吴忠,71.0
20201111,4,NO2_24h,吴忠,60.0
20201111,4,O3,吴忠,6.0
20201111,4,O3_24h,吴忠,98.0
20201111,4,O3_8h,吴忠,5.0
20201111,4,O3_8h_24h,吴忠,5.0
20201111,4,CO,吴忠,1.93
20201111,4,CO_24h,吴忠,1.13
20201111,5,AQI,吴忠,143.0
20201111,5,PM2.5,吴忠,109.0
20201111,5,PM2.5_24h,吴忠,78.0
20201111,5,PM10,吴忠,168.0
20201111,5,PM10_24h,吴忠,134.0
20201111,5,SO2,吴忠,13.0
20201111,5,SO2_24h,吴忠,27.0
20201111,5,NO2,吴忠,63.0
20201111,5,NO2_24h,吴忠,60.0
20201111,5,O3,吴忠,5.0
20201111,5,O3_24h,吴忠,98.0
20201111,5,O3_8h,吴忠,5.0
20201111,5,O3_8h_24h,吴忠,5.0
20201111,5,CO,吴忠,1.8
20201111,5,CO_24h,吴忠,1.2
20201111,6,AQI,吴忠,136.0
20201111,6,PM2.5,吴忠,104.0
20201111,6,PM2.5_24h,吴忠,80.0
20201111,6,PM10,吴忠,175.0
20201111,6,PM10_24h,吴忠,136.0
20201111,6,SO2,吴忠,14.0
20201111,6,SO2_24h,吴忠,26.0
20201111,6,NO2,吴忠,61.0
20201111,6,NO2_24h,吴忠,61.0
20201111,6,O3,吴忠,4.0
20201111,6,O3_24h,吴忠,98.0
20201111,6,O3_8h,吴忠,5.0
20201111,6,O3_8h_24h,吴忠,5.0
20201111,6,CO,吴忠,1.67
20201111,6,CO_24h,吴忠,1.2
20201111,8,AQI,吴忠,135.0
20201111,8,PM2.5,吴忠,103.0
20201111,8,PM2.5_24h,吴忠,81.0
20201111,8,PM10,吴忠,187.0
20201111,8,PM10_24h,吴忠,138.0
20201111,8,SO2,吴忠,14.0
20201111,8,SO2_24h,吴忠,26.0
20201111,8,NO2,吴忠,58.0
20201111,8,NO2_24h,吴忠,61.0
20201111,8,O3,吴忠,5.0
20201111,8,O3_24h,吴忠,98.0
20201111,8,O3_8h,吴忠,5.0
20201111,8,O3_8h_24h,吴忠,5.0
20201111,8,CO,吴忠,1.9
20201111,8,CO_24h,吴忠,1.23
20201111,10,AQI,吴忠,141.0
20201111,10,PM2.5,吴忠,108.0
20201111,10,PM2.5_24h,吴忠,83.0
20201111,10,PM10,吴忠,226.0
20201111,10,PM10_24h,吴忠,144.0
20201111,10,SO2,吴忠,29.0
20201111,10,SO2_24h,吴忠,25.0
20201111,10,NO2,吴忠,74.0
20201111,10,NO2_24h,吴忠,63.0
20201111,10,O3,吴忠,12.0
20201111,10,O3_24h,吴忠,98.0
20201111,10,O3_8h,吴忠,6.0
20201111,10,O3_8h_24h,吴忠,6.0
20201111,10,CO,吴忠,1.87
20201111,10,CO_24h,吴忠,1.33
20201111,11,AQI,吴忠,131.0
20201111,11,PM2.5,吴忠,90.0
20201111,11,PM2.5_24h,吴忠,83.0
20201111,11,PM10,吴忠,212.0
20201111,11,PM10_24h,吴忠,145.0
20201111,11,SO2,吴忠,39.0
20201111,11,SO2_24h,吴忠,24.0
20201111,11,NO2,吴忠,74.0
20201111,11,NO2_24h,吴忠,63.0
20201111,11,O3,吴忠,26.0
20201111,11,O3_24h,吴忠,98.0
20201111,11,O3_8h,吴忠,9.0
20201111,11,O3_8h_24h,吴忠,9.0
20201111,11,CO,吴忠,1.43
20201111,11,CO_24h,吴忠,1.33
20201111,12,AQI,吴忠,115.0
20201111,12,PM2.5,吴忠,87.0
20201111,12,PM2.5_24h,吴忠,83.0
20201111,12,PM10,吴忠,177.0
20201111,12,PM10_24h,吴忠,145.0
20201111,12,SO2,吴忠,46.0
20201111,12,SO2_24h,吴忠,23.0
20201111,12,NO2,吴忠,67.0
20201111,12,NO2_24h,吴忠,63.0
20201111,12,O3,吴忠,47.0
20201111,12,O3_24h,吴忠,98.0
20201111,12,O3_8h,吴忠,14.0
20201111,12,O3_8h_24h,吴忠,14.0
20201111,12,CO,吴忠,1.3
20201111,12,CO_24h,吴忠,1.3
20201111,13,AQI,吴忠,111.0
20201111,13,PM2.5,吴忠,84.0
20201111,13,PM2.5_24h,吴忠,83.0
20201111,13,PM10,吴忠,150.0
20201111,13,PM10_24h,吴忠,144.0
20201111,13,SO2,吴忠,63.0
20201111,13,SO2_24h,吴忠,22.0
20201111,13,NO2,吴忠,45.0
20201111,13,NO2_24h,吴忠,63.0
20201111,13,O3,吴忠,75.0
20201111,13,O3_24h,吴忠,98.0
20201111,13,O3_8h,吴忠,23.0
20201111,13,O3_8h_24h,吴忠,23.0
20201111,13,CO,吴忠,1.2
20201111,13,CO_24h,吴忠,1.3
20201111,14,AQI,吴忠,101.0
20201111,14,PM2.5,吴忠,76.0
20201111,14,PM2.5_24h,吴忠,84.0
20201111,14,PM10,吴忠,136.0
20201111,14,PM10_24h,吴忠,145.0
20201111,14,SO2,吴忠,68.0
20201111,14,SO2_24h,吴忠,23.0
20201111,14,NO2,吴忠,39.0
20201111,14,NO2_24h,吴忠,63.0
20201111,14,O3,吴忠,82.0
20201111,14,O3_24h,吴忠,96.0
20201111,14,O3_8h,吴忠,32.0
20201111,14,O3_8h_24h,吴忠,32.0
20201111,14,CO,吴忠,1.13
20201111,14,CO_24h,吴忠,1.3
20201111,15,AQI,吴忠,96.0
20201111,15,PM2.5,吴忠,72.0
20201111,15,PM2.5_24h,吴忠,85.0
20201111,15,PM10,吴忠,114.0
20201111,15,PM10_24h,吴忠,145.0
20201111,15,SO2,吴忠,58.0
20201111,15,SO2_24h,吴忠,24.0
20201111,15,NO2,吴忠,38.0
20201111,15,NO2_24h,吴忠,63.0
20201111,15,O3,吴忠,85.0
20201111,15,O3_24h,吴忠,90.0
20201111,15,O3_8h,吴忠,42.0
20201111,15,O3_8h_24h,吴忠,42.0
20201111,15,CO,吴忠,1.0
20201111,15,CO_24h,吴忠,1.37
20201111,16,AQI,吴忠,98.0
20201111,16,PM2.5,吴忠,73.0
20201111,16,PM2.5_24h,吴忠,85.0
20201111,16,PM10,吴忠,104.0
20201111,16,PM10_24h,吴忠,146.0
20201111,16,SO2,吴忠,52.0
20201111,16,SO2_24h,吴忠,24.0
20201111,16,NO2,吴忠,35.0
20201111,16,NO2_24h,吴忠,63.0
20201111,16,O3,吴忠,91.0
20201111,16,O3_24h,吴忠,90.0
20201111,16,O3_8h,吴忠,51.0
20201111,16,O3_8h_24h,吴忠,51.0
20201111,16,CO,吴忠,0.93
20201111,16,CO_24h,吴忠,1.37
20201111,17,AQI,吴忠,103.0
20201111,17,PM2.5,吴忠,77.0
20201111,17,PM2.5_24h,吴忠,85.0
20201111,17,PM10,吴忠,112.0
20201111,17,PM10_24h,吴忠,146.0
20201111,17,SO2,吴忠,42.0
20201111,17,SO2_24h,吴忠,25.0
20201111,17,NO2,吴忠,38.0
20201111,17,NO2_24h,吴忠,62.0
20201111,17,O3,吴忠,93.0
20201111,17,O3_24h,吴忠,93.0
20201111,17,O3_8h,吴忠,62.0
20201111,17,O3_8h_24h,吴忠,62.0
20201111,17,CO,吴忠,1.15
20201111,17,CO_24h,吴忠,1.37
20201111,18,AQI,吴忠,111.0
20201111,18,PM2.5,吴忠,84.0
20201111,18,PM2.5_24h,吴忠,85.0
20201111,18,PM10,吴忠,124.0
20201111,18,PM10_24h,吴忠,147.0
20201111,18,SO2,吴忠,28.0
20201111,18,SO2_24h,吴忠,25.0
20201111,18,NO2,吴忠,56.0
20201111,18,NO2_24h,吴忠,62.0
20201111,18,O3,吴忠,70.0
20201111,18,O3_24h,吴忠,93.0
20201111,18,O3_8h,吴忠,70.0
20201111,18,O3_8h_24h,吴忠,70.0
20201111,18,CO,吴忠,1.25
20201111,18,CO_24h,吴忠,1.4
20201111,19,AQI,吴忠,121.0
20201111,19,PM2.5,吴忠,92.0
20201111,19,PM2.5_24h,吴忠,86.0
20201111,19,PM10,吴忠,131.0
20201111,19,PM10_24h,吴忠,147.0
20201111,19,SO2,吴忠,27.0
20201111,19,SO2_24h,吴忠,25.0
20201111,19,NO2,吴忠,85.0
20201111,19,NO2_24h,吴忠,63.0
20201111,19,O3,吴忠,40.0
20201111,19,O3_24h,吴忠,93.0
20201111,19,O3_8h,吴忠,72.0
20201111,19,O3_8h_24h,吴忠,73.0
20201111,19,CO,吴忠,1.65
20201111,19,CO_24h,吴忠,1.4
20201111,20,AQI,吴忠,151.0
20201111,20,PM2.5,吴忠,116.0
20201111,20,PM2.5_24h,吴忠,88.0
20201111,20,PM10,吴忠,161.0
20201111,20,PM10_24h,吴忠,149.0
20201111,20,SO2,吴忠,35.0
20201111,20,SO2_24h,吴忠,26.0
20201111,20,NO2,吴忠,94.0
20201111,20,NO2_24h,吴忠,64.0
20201111,20,O3,吴忠,38.0
20201111,20,O3_24h,吴忠,93.0
20201111,20,O3_8h,吴忠,71.0
20201111,20,O3_8h_24h,吴忠,73.0
20201111,20,CO,吴忠,1.77
20201111,20,CO_24h,吴忠,1.43
20201111,21,AQI,吴忠,163.0
20201111,21,PM2.5,吴忠,124.0
20201111,21,PM2.5_24h,吴忠,91.0
20201111,21,PM10,吴忠,174.0
20201111,21,PM10_24h,吴忠,152.0
20201111,21,SO2,吴忠,33.0
20201111,21,SO2_24h,吴忠,28.0
20201111,21,NO2,吴忠,98.0
20201111,21,NO2_24h,吴忠,65.0
20201111,21,O3,吴忠,30.0
20201111,21,O3_24h,吴忠,93.0
20201111,21,O3_8h,吴忠,65.0
20201111,21,O3_8h_24h,吴忠,73.0
20201111,21,CO,吴忠,1.8
20201111,21,CO_24h,吴忠,1.5
20201111,22,AQI,吴忠,180.0
20201111,22,PM2.5,吴忠,136.0
20201111,22,PM2.5_24h,吴忠,94.0
20201111,22,PM10,吴忠,187.0
20201111,22,PM10_24h,吴忠,155.0
20201111,22,SO2,吴忠,31.0
20201111,22,SO2_24h,吴忠,28.0
20201111,22,NO2,吴忠,111.0
20201111,22,NO2_24h,吴忠,68.0
20201111,22,O3,吴忠,10.0
20201111,22,O3_24h,吴忠,93.0
20201111,22,O3_8h,吴忠,56.0
20201111,22,O3_8h_24h,吴忠,73.0
20201111,22,CO,吴忠,2.13
20201111,22,CO_24h,吴忠,1.5
20201111,23,AQI,吴忠,161.0
20201111,23,PM2.5,吴忠,123.0
20201111,23,PM2.5_24h,吴忠,96.0
20201111,23,PM10,吴忠,191.0
20201111,23,PM10_24h,吴忠,158.0
20201111,23,SO2,吴忠,24.0
20201111,23,SO2_24h,吴忠,29.0
20201111,23,NO2,吴忠,94.0
20201111,23,NO2_24h,吴忠,69.0
20201111,23,O3,吴忠,14.0
20201111,23,O3_24h,吴忠,93.0
20201111,23,O3_8h,吴忠,46.0
20201111,23,O3_8h_24h,吴忠,73.0
20201111,23,CO,吴忠,2.23
20201111,23,CO_24h,吴忠,1.6
20201111,0,AQI,中卫,123.0
20201111,0,PM2.5,中卫,93.0
20201111,0,PM2.5_24h,中卫,72.0
20201111,0,PM10,中卫,185.0
20201111,0,PM10_24h,中卫,126.0
20201111,0,SO2,中卫,26.0
20201111,0,SO2_24h,中卫,29.0
20201111,0,NO2,中卫,78.0
20201111,0,NO2_24h,中卫,58.0
20201111,0,O3,中卫,8.0
20201111,0,O3_24h,中卫,95.0
20201111,0,O3_8h,中卫,29.0
20201111,0,O3_8h_24h,中卫,63.0
20201111,0,CO,中卫,1.15
20201111,0,CO_24h,中卫,0.85
20201111,1,AQI,中卫,115.0
20201111,1,PM2.5,中卫,83.0
20201111,1,PM2.5_24h,中卫,74.0
20201111,1,PM10,中卫,179.0
20201111,1,PM10_24h,中卫,130.0
20201111,1,SO2,中卫,22.0
20201111,1,SO2_24h,中卫,29.0
20201111,1,NO2,中卫,73.0
20201111,1,NO2_24h,中卫,59.0
20201111,1,O3,中卫,5.0
20201111,1,O3_24h,中卫,95.0
20201111,1,O3_8h,中卫,5.0
20201111,1,O3_8h_24h,中卫,5.0
20201111,1,CO,中卫,1.0
20201111,1,CO_24h,中卫,0.85
20201111,2,AQI,中卫,111.0
20201111,2,PM2.5,中卫,79.0
20201111,2,PM2.5_24h,中卫,75.0
20201111,2,PM10,中卫,171.0
20201111,2,PM10_24h,中卫,133.0
20201111,2,SO2,中卫,44.0
20201111,2,SO2_24h,中卫,30.0
20201111,2,NO2,中卫,71.0
20201111,2,NO2_24h,中卫,59.0
20201111,2,O3,中卫,4.0
20201111,2,O3_24h,中卫,95.0
20201111,2,O3_8h,中卫,4.0
20201111,2,O3_8h_24h,中卫,5.0
20201111,2,CO,中卫,0.9
20201111,2,CO_24h,中卫,0.85
20201111,3,AQI,中卫,108.0
20201111,3,PM2.5,中卫,79.0
20201111,3,PM2.5_24h,中卫,76.0
20201111,3,PM10,中卫,166.0
20201111,3,PM10_24h,中卫,135.0
20201111,3,SO2,中卫,25.0
20201111,3,SO2_24h,中卫,30.0
20201111,3,NO2,中卫,67.0
20201111,3,NO2_24h,中卫,60.0
20201111,3,O3,中卫,4.0
20201111,3,O3_24h,中卫,95.0
20201111,3,O3_8h,中卫,4.0
20201111,3,O3_8h_24h,中卫,5.0
20201111,3,CO,中卫,1.0
20201111,3,CO_24h,中卫,0.85
20201111,4,AQI,中卫,111.0
20201111,4,PM2.5,中卫,84.0
20201111,4,PM2.5_24h,中卫,76.0
20201111,4,PM10,中卫,144.0
20201111,4,PM10_24h,中卫,136.0
20201111,4,SO2,中卫,20.0
20201111,4,SO2_24h,中卫,30.0
20201111,4,NO2,中卫,65.0
20201111,4,NO2_24h,中卫,61.0
20201111,4,O3,中卫,5.0
20201111,4,O3_24h,中卫,95.0
20201111,4,O3_8h,中卫,4.0
20201111,4,O3_8h_24h,中卫,5.0
20201111,4,CO,中卫,1.05
20201111,4,CO_24h,中卫,0.9
20201111,5,AQI,中卫,106.0
20201111,5,PM2.5,中卫,80.0
20201111,5,PM2.5_24h,中卫,78.0
20201111,5,PM10,中卫,143.0
20201111,5,PM10_24h,中卫,138.0
20201111,5,SO2,中卫,17.0
20201111,5,SO2_24h,中卫,30.0
20201111,5,NO2,中卫,63.0
20201111,5,NO2_24h,中卫,62.0
20201111,5,O3,中卫,4.0
20201111,5,O3_24h,中卫,95.0
20201111,5,O3_8h,中卫,5.0
20201111,5,O3_8h_24h,中卫,5.0
20201111,5,CO,中卫,1.0
20201111,5,CO_24h,中卫,0.9
20201111,6,AQI,中卫,111.0
20201111,6,PM2.5,中卫,84.0
20201111,6,PM2.5_24h,中卫,79.0
20201111,6,PM10,中卫,134.0
20201111,6,PM10_24h,中卫,140.0
20201111,6,SO2,中卫,16.0
20201111,6,SO2_24h,中卫,30.0
20201111,6,NO2,中卫,59.0
20201111,6,NO2_24h,中卫,62.0
20201111,6,O3,中卫,4.0
20201111,6,O3_24h,中卫,95.0
20201111,6,O3_8h,中卫,4.0
20201111,6,O3_8h_24h,中卫,5.0
20201111,6,CO,中卫,0.9
20201111,6,CO_24h,中卫,0.9
20201111,8,AQI,中卫,128.0
20201111,8,PM2.5,中卫,97.0
20201111,8,PM2.5_24h,中卫,82.0
20201111,8,PM10,中卫,141.0
20201111,8,PM10_24h,中卫,144.0
20201111,8,SO2,中卫,34.0
20201111,8,SO2_24h,中卫,30.0
20201111,8,NO2,中卫,56.0
20201111,8,NO2_24h,中卫,63.0
20201111,8,O3,中卫,4.0
20201111,8,O3_24h,中卫,95.0
20201111,8,O3_8h,中卫,4.0
20201111,8,O3_8h_24h,中卫,5.0
20201111,8,CO,中卫,1.0
20201111,8,CO_24h,中卫,0.9
20201111,10,AQI,中卫,116.0
20201111,10,PM2.5,中卫,88.0
20201111,10,PM2.5_24h,中卫,81.0
20201111,10,PM10,中卫,119.0
20201111,10,PM10_24h,中卫,141.0
20201111,10,SO2,中卫,28.0
20201111,10,SO2_24h,中卫,26.0
20201111,10,NO2,中卫,47.0
20201111,10,NO2_24h,中卫,62.0
20201111,10,O3,中卫,22.0
20201111,10,O3_24h,中卫,95.0
20201111,10,O3_8h,中卫,8.0
20201111,10,O3_8h_24h,中卫,8.0
20201111,10,CO,中卫,0.8
20201111,10,CO_24h,中卫,0.9
20201111,11,AQI,中卫,129.0
20201111,11,PM2.5,中卫,98.0
20201111,11,PM2.5_24h,中卫,81.0
20201111,11,PM10,中卫,135.0
20201111,11,PM10_24h,中卫,141.0
20201111,11,SO2,中卫,39.0
20201111,11,SO2_24h,中卫,26.0
20201111,11,NO2,中卫,50.0
20201111,11,NO2_24h,中卫,61.0
20201111,11,O3,中卫,32.0
20201111,11,O3_24h,中卫,95.0
20201111,11,O3_8h,中卫,11.0
20201111,11,O3_8h_24h,中卫,11.0
20201111,11,CO,中卫,0.85
20201111,11,CO_24h,中卫,0.9
20201111,12,AQI,中卫,130.0
20201111,12,PM2.5,中卫,99.0
20201111,12,PM2.5_24h,中卫,81.0
20201111,12,PM10,中卫,133.0
20201111,12,PM10_24h,中卫,140.0
20201111,12,SO2,中卫,42.0
20201111,12,SO2_24h,中卫,25.0
20201111,12,NO2,中卫,50.0
20201111,12,NO2_24h,中卫,60.0
20201111,12,O3,中卫,44.0
20201111,12,O3_24h,中卫,95.0
20201111,12,O3_8h,中卫,16.0
20201111,12,O3_8h_24h,中卫,16.0
20201111,12,CO,中卫,0.85
20201111,12,CO_24h,中卫,0.85
20201111,13,AQI,中卫,123.0
20201111,13,PM2.5,中卫,93.0
20201111,13,PM2.5_24h,中卫,81.0
20201111,13,PM10,中卫,123.0
20201111,13,PM10_24h,中卫,138.0
20201111,13,SO2,中卫,33.0
20201111,13,SO2_24h,中卫,25.0
20201111,13,NO2,中卫,42.0
20201111,13,NO2_24h,中卫,59.0
20201111,13,O3,中卫,58.0
20201111,13,O3_24h,中卫,95.0
20201111,13,O3_8h,中卫,22.0
20201111,13,O3_8h_24h,中卫,22.0
20201111,13,CO,中卫,0.7
20201111,13,CO_24h,中卫,0.85
20201111,14,AQI,中卫,118.0
20201111,14,PM2.5,中卫,89.0
20201111,14,PM2.5_24h,中卫,81.0
20201111,14,PM10,中卫,105.0
20201111,14,PM10_24h,中卫,136.0
20201111,14,SO2,中卫,30.0
20201111,14,SO2_24h,中卫,24.0
20201111,14,NO2,中卫,38.0
20201111,14,NO2_24h,中卫,59.0
20201111,14,O3,中卫,72.0
20201111,14,O3_24h,中卫,95.0
20201111,14,O3_8h,中卫,31.0
20201111,14,O3_8h_24h,中卫,31.0
20201111,14,CO,中卫,0.65
20201111,14,CO_24h,中卫,0.85
20201111,15,AQI,中卫,100.0
20201111,15,PM2.5,中卫,75.0
20201111,15,PM2.5_24h,中卫,81.0
20201111,15,PM10,中卫,81.0
20201111,15,PM10_24h,中卫,135.0
20201111,15,SO2,中卫,26.0
20201111,15,SO2_24h,中卫,25.0
20201111,15,NO2,中卫,31.0
20201111,15,NO2_24h,中卫,59.0
20201111,15,O3,中卫,84.0
20201111,15,O3_24h,中卫,87.0
20201111,15,O3_8h,中卫,41.0
20201111,15,O3_8h_24h,中卫,41.0
20201111,15,CO,中卫,0.5
20201111,15,CO_24h,中卫,0.85
20201111,16,AQI,中卫,81.0
20201111,16,PM2.5,中卫,60.0
20201111,16,PM2.5_24h,中卫,82.0
20201111,16,PM10,中卫,64.0
20201111,16,PM10_24h,中卫,135.0
20201111,16,SO2,中卫,20.0
20201111,16,SO2_24h,中卫,25.0
20201111,16,NO2,中卫,24.0
20201111,16,NO2_24h,中卫,59.0
20201111,16,O3,中卫,97.0
20201111,16,O3_24h,中卫,97.0
20201111,16,O3_8h,中卫,53.0
20201111,16,O3_8h_24h,中卫,53.0
20201111,16,CO,中卫,0.4
20201111,16,CO_24h,中卫,0.85
20201111,17,AQI,中卫,68.0
20201111,17,PM2.5,中卫,49.0
20201111,17,PM2.5_24h,中卫,82.0
20201111,17,PM10,中卫,56.0
20201111,17,PM10_24h,中卫,134.0
20201111,17,SO2,中卫,18.0
20201111,17,SO2_24h,中卫,25.0
20201111,17,NO2,中卫,22.0
20201111,17,NO2_24h,中卫,58.0
20201111,17,O3,中卫,98.0
20201111,17,O3_24h,中卫,99.0
20201111,17,O3_8h,中卫,63.0
20201111,17,O3_8h_24h,中卫,63.0
20201111,17,CO,中卫,0.35
20201111,17,CO_24h,中卫,0.85
20201111,18,AQI,中卫,71.0
20201111,18,PM2.5,中卫,52.0
20201111,18,PM2.5_24h,中卫,81.0
20201111,18,PM10,中卫,89.0
20201111,18,PM10_24h,中卫,134.0
20201111,18,SO2,中卫,13.0
20201111,18,SO2_24h,中卫,25.0
20201111,18,NO2,中卫,25.0
20201111,18,NO2_24h,中卫,57.0
20201111,18,O3,中卫,94.0
20201111,18,O3_24h,中卫,99.0
20201111,18,O3_8h,中卫,72.0
20201111,18,O3_8h_24h,中卫,72.0
20201111,18,CO,中卫,0.45
20201111,18,CO_24h,中卫,0.85
20201111,19,AQI,中卫,78.0
20201111,19,PM2.5,中卫,57.0
20201111,19,PM2.5_24h,中卫,81.0
20201111,19,PM10,中卫,101.0
20201111,19,PM10_24h,中卫,134.0
20201111,19,SO2,中卫,15.0
20201111,19,SO2_24h,中卫,25.0
20201111,19,NO2,中卫,31.0
20201111,19,NO2_24h,中卫,55.0
20201111,19,O3,中卫,92.0
20201111,19,O3_24h,中卫,99.0
20201111,19,O3_8h,中卫,80.0
20201111,19,O3_8h_24h,中卫,80.0
20201111,19,CO,中卫,0.5
20201111,19,CO_24h,中卫,0.85
20201111,20,AQI,中卫,84.0
20201111,20,PM2.5,中卫,62.0
20201111,20,PM2.5_24h,中卫,81.0
20201111,20,PM10,中卫,98.0
20201111,20,PM10_24h,中卫,132.0
20201111,20,SO2,中卫,16.0
20201111,20,SO2_24h,中卫,24.0
20201111,20,NO2,中卫,48.0
20201111,20,NO2_24h,中卫,53.0
20201111,20,O3,中卫,71.0
20201111,20,O3_24h,中卫,99.0
20201111,20,O3_8h,中卫,83.0
20201111,20,O3_8h_24h,中卫,83.0
20201111,20,CO,中卫,0.6
20201111,20,CO_24h,中卫,0.85
20201111,21,AQI,中卫,86.0
20201111,21,PM2.5,中卫,64.0
20201111,21,PM2.5_24h,中卫,80.0
20201111,21,PM10,中卫,94.0
20201111,21,PM10_24h,中卫,130.0
20201111,21,SO2,中卫,13.0
20201111,21,SO2_24h,中卫,24.0
20201111,21,NO2,中卫,41.0
20201111,21,NO2_24h,中卫,52.0
20201111,21,O3,中卫,75.0
20201111,21,O3_24h,中卫,99.0
20201111,21,O3_8h,中卫,85.0
20201111,21,O3_8h_24h,中卫,85.0
20201111,21,CO,中卫,0.55
20201111,21,CO_24h,中卫,0.8
20201111,22,AQI,中卫,81.0
20201111,22,PM2.5,中卫,60.0
20201111,22,PM2.5_24h,中卫,79.0
20201111,22,PM10,中卫,100.0
20201111,22,PM10_24h,中卫,126.0
20201111,22,SO2,中卫,12.0
20201111,22,SO2_24h,中卫,24.0
20201111,22,NO2,中卫,62.0
20201111,22,NO2_24h,中卫,51.0
20201111,22,O3,中卫,52.0
20201111,22,O3_24h,中卫,99.0
20201111,22,O3_8h,中卫,83.0
20201111,22,O3_8h_24h,中卫,85.0
20201111,22,CO,中卫,0.55
20201111,22,CO_24h,中卫,0.8
20201111,23,AQI,中卫,79.0
20201111,23,PM2.5,中卫,58.0
20201111,23,PM2.5_24h,中卫,77.0
20201111,23,PM10,中卫,88.0
20201111,23,PM10_24h,中卫,121.0
20201111,23,SO2,中卫,12.0
20201111,23,SO2_24h,中卫,23.0
20201111,23,NO2,中卫,52.0
20201111,23,NO2_24h,中卫,50.0
20201111,23,O3,中卫,52.0
20201111,23,O3_24h,中卫,99.0
20201111,23,O3_8h,中卫,79.0
20201111,23,O3_8h_24h,中卫,85.0
20201111,23,CO,中卫,0.55
20201111,23,CO_24h,中卫,0.8
20201111,0,AQI,固原,100.0
20201111,0,PM2.5,固原,75.0
20201111,0,PM2.5_24h,固原,39.0
20201111,0,PM10,固原,79.0
20201111,0,PM10_24h,固原,59.0
20201111,0,SO2,固原,10.0
20201111,0,SO2_24h,固原,10.0
20201111,0,NO2,固原,76.0
20201111,0,NO2_24h,固原,47.0
20201111,0,O3,固原,15.0
20201111,0,O3_24h,固原,87.0
20201111,0,O3_8h,固原,44.0
20201111,0,O3_8h_24h,固原,80.0
20201111,0,CO,固原,0.9
20201111,0,CO_24h,固原,0.85
20201111,1,AQI,固原,104.0
20201111,1,PM2.5,固原,78.0
20201111,1,PM2.5_24h,固原,40.0
20201111,1,PM10,固原,96.0
20201111,1,PM10_24h,固原,61.0
20201111,1,SO2,固原,9.0
20201111,1,SO2_24h,固原,10.0
20201111,1,NO2,固原,73.0
20201111,1,NO2_24h,固原,48.0
20201111,1,O3,固原,10.0
20201111,1,O3_24h,固原,87.0
20201111,1,O3_8h,固原,10.0
20201111,1,O3_8h_24h,固原,10.0
20201111,1,CO,固原,1.05
20201111,1,CO_24h,固原,0.85
20201111,2,AQI,固原,101.0
20201111,2,PM2.5,固原,76.0
20201111,2,PM2.5_24h,固原,42.0
20201111,2,PM10,固原,109.0
20201111,2,PM10_24h,固原,63.0
20201111,2,SO2,固原,10.0
20201111,2,SO2_24h,固原,10.0
20201111,2,NO2,固原,68.0
20201111,2,NO2_24h,固原,48.0
20201111,2,O3,固原,9.0
20201111,2,O3_24h,固原,87.0
20201111,2,O3_8h,固原,9.0
20201111,2,O3_8h_24h,固原,10.0
20201111,2,CO,固原,0.95
20201111,2,CO_24h,固原,0.85
20201111,3,AQI,固原,90.0
20201111,3,PM2.5,固原,67.0
20201111,3,PM2.5_24h,固原,43.0
20201111,3,PM10,固原,90.0
20201111,3,PM10_24h,固原,63.0
20201111,3,SO2,固原,9.0
20201111,3,SO2_24h,固原,10.0
20201111,3,NO2,固原,62.0
20201111,3,NO2_24h,固原,48.0
20201111,3,O3,固原,9.0
20201111,3,O3_24h,固原,87.0
20201111,3,O3_8h,固原,9.0
20201111,3,O3_8h_24h,固原,10.0
20201111,3,CO,固原,1.0
20201111,3,CO_24h,固原,0.85
20201111,4,AQI,固原,80.0
20201111,4,PM2.5,固原,59.0
20201111,4,PM2.5_24h,固原,45.0
20201111,4,PM10,固原,74.0
20201111,4,PM10_24h,固原,64.0
20201111,4,SO2,固原,8.0
20201111,4,SO2_24h,固原,10.0
20201111,4,NO2,固原,59.0
20201111,4,NO2_24h,固原,48.0
20201111,4,O3,固原,8.0
20201111,4,O3_24h,固原,87.0
20201111,4,O3_8h,固原,9.0
20201111,4,O3_8h_24h,固原,10.0
20201111,4,CO,固原,0.9
20201111,4,CO_24h,固原,0.85
20201111,5,AQI,固原,74.0
20201111,5,PM2.5,固原,54.0
20201111,5,PM2.5_24h,固原,46.0
20201111,5,PM10,固原,64.0
20201111,5,PM10_24h,固原,64.0
20201111,5,SO2,固原,8.0
20201111,5,SO2_24h,固原,9.0
20201111,5,NO2,固原,53.0
20201111,5,NO2_24h,固原,48.0
20201111,5,O3,固原,13.0
20201111,5,O3_24h,固原,87.0
20201111,5,O3_8h,固原,10.0
20201111,5,O3_8h_24h,固原,11.0
20201111,5,CO,固原,0.9
20201111,5,CO_24h,固原,0.8
20201111,6,AQI,固原,68.0
20201111,6,PM2.5,固原,49.0
20201111,6,PM2.5_24h,固原,47.0
20201111,6,PM10,固原,56.0
20201111,6,PM10_24h,固原,64.0
20201111,6,SO2,固原,8.0
20201111,6,SO2_24h,固原,9.0
20201111,6,NO2,固原,51.0
20201111,6,NO2_24h,固原,48.0
20201111,6,O3,固原,15.0
20201111,6,O3_24h,固原,87.0
20201111,6,O3_8h,固原,11.0
20201111,6,O3_8h_24h,固原,12.0
20201111,6,CO,固原,0.8
20201111,6,CO_24h,固原,0.8
20201111,8,AQI,固原,60.0
20201111,8,PM2.5,固原,43.0
20201111,8,PM2.5_24h,固原,48.0
20201111,8,PM10,固原,56.0
20201111,8,PM10_24h,固原,63.0
20201111,8,SO2,固原,9.0
20201111,8,SO2_24h,固原,9.0
20201111,8,NO2,固原,61.0
20201111,8,NO2_24h,固原,47.0
20201111,8,O3,固原,9.0
20201111,8,O3_24h,固原,87.0
20201111,8,O3_8h,固原,12.0
20201111,8,O3_8h_24h,固原,14.0
20201111,8,CO,固原,0.95
20201111,8,CO_24h,固原,0.75
20201111,10,AQI,固原,91.0
20201111,10,PM2.5,固原,68.0
20201111,10,PM2.5_24h,固原,49.0
20201111,10,PM10,固原,91.0
20201111,10,PM10_24h,固原,64.0
20201111,10,SO2,固原,16.0
20201111,10,SO2_24h,固原,10.0
20201111,10,NO2,固原,52.0
20201111,10,NO2_24h,固原,48.0
20201111,10,O3,固原,38.0
20201111,10,O3_24h,固原,87.0
20201111,10,O3_8h,固原,16.0
20201111,10,O3_8h_24h,固原,16.0
20201111,10,CO,固原,1.0
20201111,10,CO_24h,固原,0.8
20201111,11,AQI,固原,101.0
20201111,11,PM2.5,固原,76.0
20201111,11,PM2.5_24h,固原,52.0
20201111,11,PM10,固原,67.0
20201111,11,PM10_24h,固原,66.0
20201111,11,SO2,固原,12.0
20201111,11,SO2_24h,固原,10.0
20201111,11,NO2,固原,28.0
20201111,11,NO2_24h,固原,48.0
20201111,11,O3,固原,86.0
20201111,11,O3_24h,固原,87.0
20201111,11,O3_8h,固原,21.0
20201111,11,O3_8h_24h,固原,21.0
20201111,11,CO,固原,0.8
20201111,11,CO_24h,固原,0.8
20201111,12,AQI,固原,83.0
20201111,12,PM2.5,固原,61.0
20201111,12,PM2.5_24h,固原,53.0
20201111,12,PM10,固原,58.0
20201111,12,PM10_24h,固原,67.0
20201111,12,SO2,固原,12.0
20201111,12,SO2_24h,固原,10.0
20201111,12,NO2,固原,24.0
20201111,12,NO2_24h,固原,49.0
20201111,12,O3,固原,95.0
20201111,12,O3_24h,固原,89.0
20201111,12,O3_8h,固原,27.0
20201111,12,O3_8h_24h,固原,27.0
20201111,12,CO,固原,0.7
20201111,12,CO_24h,固原,0.8
20201111,13,AQI,固原,59.0
20201111,13,PM2.5,固原,42.0
20201111,13,PM2.5_24h,固原,54.0
20201111,13,PM10,固原,39.0
20201111,13,PM10_24h,固原,67.0
20201111,13,SO2,固原,10.0
20201111,13,SO2_24h,固原,10.0
20201111,13,NO2,固原,19.0
20201111,13,NO2_24h,固原,49.0
20201111,13,O3,固原,85.0
20201111,13,O3_24h,固原,89.0
20201111,13,O3_8h,固原,37.0
20201111,13,O3_8h_24h,固原,37.0
20201111,13,CO,固原,0.55
20201111,13,CO_24h,固原,0.8
20201111,14,AQI,固原,49.0
20201111,14,PM2.5,固原,34.0
20201111,14,PM2.5_24h,固原,55.0
20201111,14,PM10,固原,27.0
20201111,14,PM10_24h,固原,67.0
20201111,14,SO2,固原,9.0
20201111,14,SO2_24h,固原,10.0
20201111,14,NO2,固原,16.0
20201111,14,NO2_24h,固原,49.0
20201111,14,O3,固原,87.0
20201111,14,O3_24h,固原,89.0
20201111,14,O3_8h,固原,48.0
20201111,14,O3_8h_24h,固原,48.0
20201111,14,CO,固原,0.55
20201111,14,CO_24h,固原,0.8
20201111,15,AQI,固原,43.0
20201111,15,PM2.5,固原,30.0
20201111,15,PM2.5_24h,固原,54.0
20201111,15,PM10,固原,30.0
20201111,15,PM10_24h,固原,66.0
20201111,15,SO2,固原,9.0
20201111,15,SO2_24h,固原,10.0
20201111,15,NO2,固原,18.0
20201111,15,NO2_24h,固原,48.0
20201111,15,O3,固原,86.0
20201111,15,O3_24h,固原,89.0
20201111,15,O3_8h,固原,56.0
20201111,15,O3_8h_24h,固原,56.0
20201111,15,CO,固原,0.55
20201111,15,CO_24h,固原,0.8
20201111,16,AQI,固原,39.0
20201111,16,PM2.5,固原,27.0
20201111,16,PM2.5_24h,固原,54.0
20201111,16,PM10,固原,27.0
20201111,16,PM10_24h,固原,66.0
20201111,16,SO2,固原,8.0
20201111,16,SO2_24h,固原,10.0
20201111,16,NO2,固原,17.0
20201111,16,NO2_24h,固原,48.0
20201111,16,O3,固原,85.0
20201111,16,O3_24h,固原,89.0
20201111,16,O3_8h,固原,67.0
20201111,16,O3_8h_24h,固原,67.0
20201111,16,CO,固原,0.5
20201111,16,CO_24h,固原,0.8
20201111,17,AQI,固原,39.0
20201111,17,PM2.5,固原,27.0
20201111,17,PM2.5_24h,固原,55.0
20201111,17,PM10,固原,37.0
20201111,17,PM10_24h,固原,66.0
20201111,17,SO2,固原,8.0
20201111,17,SO2_24h,固原,10.0
20201111,17,NO2,固原,20.0
20201111,17,NO2_24h,固原,48.0
20201111,17,O3,固原,71.0
20201111,17,O3_24h,固原,89.0
20201111,17,O3_8h,固原,78.0
20201111,17,O3_8h_24h,固原,78.0
20201111,17,CO,固原,0.5
20201111,17,CO_24h,固原,0.8
20201111,18,AQI,固原,51.0
20201111,18,PM2.5,固原,36.0
20201111,18,PM2.5_24h,固原,55.0
20201111,18,PM10,固原,46.0
20201111,18,PM10_24h,固原,66.0
20201111,18,SO2,固原,11.0
20201111,18,SO2_24h,固原,10.0
20201111,18,NO2,固原,27.0
20201111,18,NO2_24h,固原,48.0
20201111,18,O3,固原,73.0
20201111,18,O3_24h,固原,89.0
20201111,18,O3_8h,固原,83.0
20201111,18,O3_8h_24h,固原,83.0
20201111,18,CO,固原,0.55
20201111,18,CO_24h,固原,0.8
20201111,19,AQI,固原,70.0
20201111,19,PM2.5,固原,51.0
20201111,19,PM2.5_24h,固原,56.0
20201111,19,PM10,固原,55.0
20201111,19,PM10_24h,固原,66.0
20201111,19,SO2,固原,10.0
20201111,19,SO2_24h,固原,10.0
20201111,19,NO2,固原,34.0
20201111,19,NO2_24h,固原,48.0
20201111,19,O3,固原,74.0
20201111,19,O3_24h,固原,89.0
20201111,19,O3_8h,固原,82.0
20201111,19,O3_8h_24h,固原,83.0
20201111,19,CO,固原,0.75
20201111,19,CO_24h,固原,0.8
20201111,20,AQI,固原,89.0
20201111,20,PM2.5,固原,66.0
20201111,20,PM2.5_24h,固原,55.0
20201111,20,PM10,固原,76.0
20201111,20,PM10_24h,固原,66.0
20201111,20,SO2,固原,10.0
20201111,20,SO2_24h,固原,10.0
20201111,20,NO2,固原,39.0
20201111,20,NO2_24h,固原,47.0
20201111,20,O3,固原,76.0
20201111,20,O3_24h,固原,89.0
20201111,20,O3_8h,固原,81.0
20201111,20,O3_8h_24h,固原,83.0
20201111,20,CO,固原,0.8
20201111,20,CO_24h,固原,0.8
20201111,21,AQI,固原,95.0
20201111,21,PM2.5,固原,71.0
20201111,21,PM2.5_24h,固原,56.0
20201111,21,PM10,固原,85.0
20201111,21,PM10_24h,固原,65.0
20201111,21,SO2,固原,12.0
20201111,21,SO2_24h,固原,10.0
20201111,21,NO2,固原,84.0
20201111,21,NO2_24h,固原,47.0
20201111,21,O3,固原,26.0
20201111,21,O3_24h,固原,89.0
20201111,21,O3_8h,固原,73.0
20201111,21,O3_8h_24h,固原,83.0
20201111,21,CO,固原,1.0
20201111,21,CO_24h,固原,0.8
20201111,22,AQI,固原,104.0
20201111,22,PM2.5,固原,78.0
20201111,22,PM2.5_24h,固原,56.0
20201111,22,PM10,固原,88.0
20201111,22,PM10_24h,固原,66.0
20201111,22,SO2,固原,12.0
20201111,22,SO2_24h,固原,10.0
20201111,22,NO2,固原,74.0
20201111,22,NO2_24h,固原,47.0
20201111,22,O3,固原,31.0
20201111,22,O3_24h,固原,89.0
20201111,22,O3_8h,固原,66.0
20201111,22,O3_8h_24h,固原,83.0
20201111,22,CO,固原,1.05
20201111,22,CO_24h,固原,0.8
20201111,23,AQI,固原,113.0
20201111,23,PM2.5,固原,85.0
20201111,23,PM2.5_24h,固原,56.0
20201111,23,PM10,固原,93.0
20201111,23,PM10_24h,固原,66.0
20201111,23,SO2,固原,11.0
20201111,23,SO2_24h,固原,10.0
20201111,23,NO2,固原,65.0
20201111,23,NO2_24h,固原,47.0
20201111,23,O3,固原,40.0
20201111,23,O3_24h,固原,89.0
20201111,23,O3_8h,固原,59.0
20201111,23,O3_8h_24h,固原,83.0
20201111,23,CO,固原,1.0
20201111,23,CO_24h,固原,0.8
20201111,0,AQI,吐鲁番地区,124.0
20201111,0,PM2.5,吐鲁番地区,70.0
20201111,0,PM2.5_24h,吐鲁番地区,64.0
20201111,0,PM10,吐鲁番地区,197.0
20201111,0,PM10_24h,吐鲁番地区,154.0
20201111,0,SO2,吐鲁番地区,14.0
20201111,0,SO2_24h,吐鲁番地区,14.0
20201111,0,NO2,吐鲁番地区,78.0
20201111,0,NO2_24h,吐鲁番地区,55.0
20201111,0,O3,吐鲁番地区,12.0
20201111,0,O3_24h,吐鲁番地区,82.0
20201111,0,O3_8h,吐鲁番地区,41.0
20201111,0,O3_8h_24h,吐鲁番地区,70.0
20201111,0,CO,吐鲁番地区,2.0
20201111,0,CO_24h,吐鲁番地区,1.45
20201111,1,AQI,吐鲁番地区,112.0
20201111,1,PM2.5,吐鲁番地区,63.0
20201111,1,PM2.5_24h,吐鲁番地区,64.0
20201111,1,PM10,吐鲁番地区,173.0
20201111,1,PM10_24h,吐鲁番地区,155.0
20201111,1,SO2,吐鲁番地区,13.0
20201111,1,SO2_24h,吐鲁番地区,14.0
20201111,1,NO2,吐鲁番地区,75.0
20201111,1,NO2_24h,吐鲁番地区,56.0
20201111,1,O3,吐鲁番地区,15.0
20201111,1,O3_24h,吐鲁番地区,82.0
20201111,1,O3_8h,吐鲁番地区,15.0
20201111,1,O3_8h_24h,吐鲁番地区,15.0
20201111,1,CO,吐鲁番地区,3.35
20201111,1,CO_24h,吐鲁番地区,1.5
20201111,2,AQI,吐鲁番地区,101.0
20201111,2,PM2.5,吐鲁番地区,57.0
20201111,2,PM2.5_24h,吐鲁番地区,63.0
20201111,2,PM10,吐鲁番地区,152.0
20201111,2,PM10_24h,吐鲁番地区,156.0
20201111,2,SO2,吐鲁番地区,13.0
20201111,2,SO2_24h,吐鲁番地区,14.0
20201111,2,NO2,吐鲁番地区,69.0
20201111,2,NO2_24h,吐鲁番地区,56.0
20201111,2,O3,吐鲁番地区,18.0
20201111,2,O3_24h,吐鲁番地区,82.0
20201111,2,O3_8h,吐鲁番地区,17.0
20201111,2,O3_8h_24h,吐鲁番地区,17.0
20201111,2,CO,吐鲁番地区,1.8
20201111,2,CO_24h,吐鲁番地区,1.55
20201111,3,AQI,吐鲁番地区,94.0
20201111,3,PM2.5,吐鲁番地区,54.0
20201111,3,PM2.5_24h,吐鲁番地区,63.0
20201111,3,PM10,吐鲁番地区,137.0
20201111,3,PM10_24h,吐鲁番地区,156.0
20201111,3,SO2,吐鲁番地区,12.0
20201111,3,SO2_24h,吐鲁番地区,14.0
20201111,3,NO2,吐鲁番地区,62.0
20201111,3,NO2_24h,吐鲁番地区,57.0
20201111,3,O3,吐鲁番地区,25.0
20201111,3,O3_24h,吐鲁番地区,82.0
20201111,3,O3_8h,吐鲁番地区,20.0
20201111,3,O3_8h_24h,吐鲁番地区,20.0
20201111,3,CO,吐鲁番地区,1.7
20201111,3,CO_24h,吐鲁番地区,1.55
20201111,4,AQI,吐鲁番地区,86.0
20201111,4,PM2.5,吐鲁番地区,50.0
20201111,4,PM2.5_24h,吐鲁番地区,63.0
20201111,4,PM10,吐鲁番地区,122.0
20201111,4,PM10_24h,吐鲁番地区,156.0
20201111,4,SO2,吐鲁番地区,11.0
20201111,4,SO2_24h,吐鲁番地区,14.0
20201111,4,NO2,吐鲁番地区,51.0
20201111,4,NO2_24h,吐鲁番地区,57.0
20201111,4,O3,吐鲁番地区,35.0
20201111,4,O3_24h,吐鲁番地区,82.0
20201111,4,O3_8h,吐鲁番地区,23.0
20201111,4,O3_8h_24h,吐鲁番地区,23.0
20201111,4,CO,吐鲁番地区,1.4
20201111,4,CO_24h,吐鲁番地区,1.6
20201111,5,AQI,吐鲁番地区,82.0
20201111,5,PM2.5,吐鲁番地区,47.0
20201111,5,PM2.5_24h,吐鲁番地区,63.0
20201111,5,PM10,吐鲁番地区,113.0
20201111,5,PM10_24h,吐鲁番地区,157.0
20201111,5,SO2,吐鲁番地区,9.0
20201111,5,SO2_24h,吐鲁番地区,14.0
20201111,5,NO2,吐鲁番地区,43.0
20201111,5,NO2_24h,吐鲁番地区,58.0
20201111,5,O3,吐鲁番地区,38.0
20201111,5,O3_24h,吐鲁番地区,82.0
20201111,5,O3_8h,吐鲁番地区,26.0
20201111,5,O3_8h_24h,吐鲁番地区,26.0
20201111,5,CO,吐鲁番地区,1.2
20201111,5,CO_24h,吐鲁番地区,1.6
20201111,6,AQI,吐鲁番地区,81.0
20201111,6,PM2.5,吐鲁番地区,47.0
20201111,6,PM2.5_24h,吐鲁番地区,63.0
20201111,6,PM10,吐鲁番地区,112.0
20201111,6,PM10_24h,吐鲁番地区,157.0
20201111,6,SO2,吐鲁番地区,9.0
20201111,6,SO2_24h,吐鲁番地区,14.0
20201111,6,NO2,吐鲁番地区,41.0
20201111,6,NO2_24h,吐鲁番地区,58.0
20201111,6,O3,吐鲁番地区,37.0
20201111,6,O3_24h,吐鲁番地区,82.0
20201111,6,O3_8h,吐鲁番地区,28.0
20201111,6,O3_8h_24h,吐鲁番地区,28.0
20201111,6,CO,吐鲁番地区,1.3
20201111,6,CO_24h,吐鲁番地区,1.6
20201111,8,AQI,吐鲁番地区,81.0
20201111,8,PM2.5,吐鲁番地区,58.0
20201111,8,PM2.5_24h,吐鲁番地区,63.0
20201111,8,PM10,吐鲁番地区,111.0
20201111,8,PM10_24h,吐鲁番地区,160.0
20201111,8,SO2,吐鲁番地区,10.0
20201111,8,SO2_24h,吐鲁番地区,15.0
20201111,8,NO2,吐鲁番地区,40.0
20201111,8,NO2_24h,吐鲁番地区,59.0
20201111,8,O3,吐鲁番地区,46.0
20201111,8,O3_24h,吐鲁番地区,82.0
20201111,8,O3_8h,吐鲁番地区,31.0
20201111,8,O3_8h_24h,吐鲁番地区,31.0
20201111,8,CO,吐鲁番地区,1.35
20201111,8,CO_24h,吐鲁番地区,1.65
20201111,10,AQI,吐鲁番地区,99.0
20201111,10,PM2.5,吐鲁番地区,59.0
20201111,10,PM2.5_24h,吐鲁番地区,62.0
20201111,10,PM10,吐鲁番地区,148.0
20201111,10,PM10_24h,吐鲁番地区,158.0
20201111,10,SO2,吐鲁番地区,12.0
20201111,10,SO2_24h,吐鲁番地区,14.0
20201111,10,NO2,吐鲁番地区,78.0
20201111,10,NO2_24h,吐鲁番地区,58.0
20201111,10,O3,吐鲁番地区,15.0
20201111,10,O3_24h,吐鲁番地区,82.0
20201111,10,O3_8h,吐鲁番地区,33.0
20201111,10,O3_8h_24h,吐鲁番地区,33.0
20201111,10,CO,吐鲁番地区,1.65
20201111,10,CO_24h,吐鲁番地区,1.65
20201111,11,AQI,吐鲁番地区,128.0
20201111,11,PM2.5,吐鲁番地区,69.0
20201111,11,PM2.5_24h,吐鲁番地区,62.0
20201111,11,PM10,吐鲁番地区,205.0
20201111,11,PM10_24h,吐鲁番地区,159.0
20201111,11,SO2,吐鲁番地区,13.0
20201111,11,SO2_24h,吐鲁番地区,14.0
20201111,11,NO2,吐鲁番地区,82.0
20201111,11,NO2_24h,吐鲁番地区,58.0
20201111,11,O3,吐鲁番地区,16.0
20201111,11,O3_24h,吐鲁番地区,82.0
20201111,11,O3_8h,吐鲁番地区,31.0
20201111,11,O3_8h_24h,吐鲁番地区,33.0
20201111,11,CO,吐鲁番地区,2.1
20201111,11,CO_24h,吐鲁番地区,1.65
20201111,12,AQI,吐鲁番地区,132.0
20201111,12,PM2.5,吐鲁番地区,53.0
20201111,12,PM2.5_24h,吐鲁番地区,61.0
20201111,12,PM10,吐鲁番地区,214.0
20201111,12,PM10_24h,吐鲁番地区,159.0
20201111,12,SO2,吐鲁番地区,10.0
20201111,12,SO2_24h,吐鲁番地区,14.0
20201111,12,NO2,吐鲁番地区,46.0
20201111,12,NO2_24h,吐鲁番地区,57.0
20201111,12,O3,吐鲁番地区,54.0
20201111,12,O3_24h,吐鲁番地区,82.0
20201111,12,O3_8h,吐鲁番地区,34.0
20201111,12,O3_8h_24h,吐鲁番地区,34.0
20201111,12,CO,吐鲁番地区,1.25
20201111,12,CO_24h,吐鲁番地区,1.6
20201111,13,AQI,吐鲁番地区,100.0
20201111,13,PM2.5,吐鲁番地区,46.0
20201111,13,PM2.5_24h,吐鲁番地区,60.0
20201111,13,PM10,吐鲁番地区,150.0
20201111,13,PM10_24h,吐鲁番地区,157.0
20201111,13,SO2,吐鲁番地区,9.0
20201111,13,SO2_24h,吐鲁番地区,14.0
20201111,13,NO2,吐鲁番地区,29.0
20201111,13,NO2_24h,吐鲁番地区,56.0
20201111,13,O3,吐鲁番地区,75.0
20201111,13,O3_24h,吐鲁番地区,82.0
20201111,13,O3_8h,吐鲁番地区,39.0
20201111,13,O3_8h_24h,吐鲁番地区,39.0
20201111,13,CO,吐鲁番地区,0.85
20201111,13,CO_24h,吐鲁番地区,1.55
20201111,14,AQI,吐鲁番地区,91.0
20201111,14,PM2.5,吐鲁番地区,47.0
20201111,14,PM2.5_24h,吐鲁番地区,59.0
20201111,14,PM10,吐鲁番地区,131.0
20201111,14,PM10_24h,吐鲁番地区,156.0
20201111,14,SO2,吐鲁番地区,10.0
20201111,14,SO2_24h,吐鲁番地区,13.0
20201111,14,NO2,吐鲁番地区,28.0
20201111,14,NO2_24h,吐鲁番地区,56.0
20201111,14,O3,吐鲁番地区,81.0
20201111,14,O3_24h,吐鲁番地区,82.0
20201111,14,O3_8h,吐鲁番地区,44.0
20201111,14,O3_8h_24h,吐鲁番地区,44.0
20201111,14,CO,吐鲁番地区,0.85
20201111,14,CO_24h,吐鲁番地区,1.55
20201111,15,AQI,吐鲁番地区,95.0
20201111,15,PM2.5,吐鲁番地区,49.0
20201111,15,PM2.5_24h,吐鲁番地区,59.0
20201111,15,PM10,吐鲁番地区,139.0
20201111,15,PM10_24h,吐鲁番地区,156.0
20201111,15,SO2,吐鲁番地区,14.0
20201111,15,SO2_24h,吐鲁番地区,13.0
20201111,15,NO2,吐鲁番地区,31.0
20201111,15,NO2_24h,吐鲁番地区,56.0
20201111,15,O3,吐鲁番地区,85.0
20201111,15,O3_24h,吐鲁番地区,85.0
20201111,15,O3_8h,吐鲁番地区,50.0
20201111,15,O3_8h_24h,吐鲁番地区,50.0
20201111,15,CO,吐鲁番地区,1.0
20201111,15,CO_24h,吐鲁番地区,1.55
20201111,16,AQI,吐鲁番地区,98.0
20201111,16,PM2.5,吐鲁番地区,49.0
20201111,16,PM2.5_24h,吐鲁番地区,59.0
20201111,16,PM10,吐鲁番地区,146.0
20201111,16,PM10_24h,吐鲁番地区,156.0
20201111,16,SO2,吐鲁番地区,19.0
20201111,16,SO2_24h,吐鲁番地区,13.0
20201111,16,NO2,吐鲁番地区,33.0
20201111,16,NO2_24h,吐鲁番地区,56.0
20201111,16,O3,吐鲁番地区,89.0
20201111,16,O3_24h,吐鲁番地区,89.0
20201111,16,O3_8h,吐鲁番地区,55.0
20201111,16,O3_8h_24h,吐鲁番地区,55.0
20201111,16,CO,吐鲁番地区,1.0
20201111,16,CO_24h,吐鲁番地区,1.55
20201111,17,AQI,吐鲁番地区,97.0
20201111,17,PM2.5,吐鲁番地区,50.0
20201111,17,PM2.5_24h,吐鲁番地区,59.0
20201111,17,PM10,吐鲁番地区,144.0
20201111,17,PM10_24h,吐鲁番地区,156.0
20201111,17,SO2,吐鲁番地区,19.0
20201111,17,SO2_24h,吐鲁番地区,13.0
20201111,17,NO2,吐鲁番地区,34.0
20201111,17,NO2_24h,吐鲁番地区,56.0
20201111,17,O3,吐鲁番地区,90.0
20201111,17,O3_24h,吐鲁番地区,92.0
20201111,17,O3_8h,吐鲁番地区,63.0
20201111,17,O3_8h_24h,吐鲁番地区,63.0
20201111,17,CO,吐鲁番地区,1.0
20201111,17,CO_24h,吐鲁番地区,1.55
20201111,18,AQI,吐鲁番地区,102.0
20201111,18,PM2.5,吐鲁番地区,50.0
20201111,18,PM2.5_24h,吐鲁番地区,58.0
20201111,18,PM10,吐鲁番地区,154.0
20201111,18,PM10_24h,吐鲁番地区,156.0
20201111,18,SO2,吐鲁番地区,12.0
20201111,18,SO2_24h,吐鲁番地区,13.0
20201111,18,NO2,吐鲁番地区,31.0
20201111,18,NO2_24h,吐鲁番地区,55.0
20201111,18,O3,吐鲁番地区,92.0
20201111,18,O3_24h,吐鲁番地区,94.0
20201111,18,O3_8h,吐鲁番地区,73.0
20201111,18,O3_8h_24h,吐鲁番地区,73.0
20201111,18,CO,吐鲁番地区,0.9
20201111,18,CO_24h,吐鲁番地区,1.55
20201111,19,AQI,吐鲁番地区,113.0
20201111,19,PM2.5,吐鲁番地区,56.0
20201111,19,PM2.5_24h,吐鲁番地区,58.0
20201111,19,PM10,吐鲁番地区,176.0
20201111,19,PM10_24h,吐鲁番地区,157.0
20201111,19,SO2,吐鲁番地区,11.0
20201111,19,SO2_24h,吐鲁番地区,13.0
20201111,19,NO2,吐鲁番地区,48.0
20201111,19,NO2_24h,吐鲁番地区,55.0
20201111,19,O3,吐鲁番地区,74.0
20201111,19,O3_24h,吐鲁番地区,94.0
20201111,19,O3_8h,吐鲁番地区,80.0
20201111,19,O3_8h_24h,吐鲁番地区,80.0
20201111,19,CO,吐鲁番地区,1.15
20201111,19,CO_24h,吐鲁番地区,1.55
20201111,20,AQI,吐鲁番地区,126.0
20201111,20,PM2.5,吐鲁番地区,70.0
20201111,20,PM2.5_24h,吐鲁番地区,58.0
20201111,20,PM10,吐鲁番地区,201.0
20201111,20,PM10_24h,吐鲁番地区,158.0
20201111,20,SO2,吐鲁番地区,15.0
20201111,20,SO2_24h,吐鲁番地区,13.0
20201111,20,NO2,吐鲁番地区,89.0
20201111,20,NO2_24h,吐鲁番地区,57.0
20201111,20,O3,吐鲁番地区,35.0
20201111,20,O3_24h,吐鲁番地区,94.0
20201111,20,O3_8h,吐鲁番地区,78.0
20201111,20,O3_8h_24h,吐鲁番地区,80.0
20201111,20,CO,吐鲁番地区,1.7
20201111,20,CO_24h,吐鲁番地区,1.55
20201111,21,AQI,吐鲁番地区,144.0
20201111,21,PM2.5,吐鲁番地区,87.0
20201111,21,PM2.5_24h,吐鲁番地区,57.0
20201111,21,PM10,吐鲁番地区,238.0
20201111,21,PM10_24h,吐鲁番地区,159.0
20201111,21,SO2,吐鲁番地区,18.0
20201111,21,SO2_24h,吐鲁番地区,13.0
20201111,21,NO2,吐鲁番地区,94.0
20201111,21,NO2_24h,吐鲁番地区,57.0
20201111,21,O3,吐鲁番地区,25.0
20201111,21,O3_24h,吐鲁番地区,94.0
20201111,21,O3_8h,吐鲁番地区,71.0
20201111,21,O3_8h_24h,吐鲁番地区,80.0
20201111,21,CO,吐鲁番地区,1.9
20201111,21,CO_24h,吐鲁番地区,1.55
20201111,22,AQI,吐鲁番地区,145.0
20201111,22,PM2.5,吐鲁番地区,82.0
20201111,22,PM2.5_24h,吐鲁番地区,58.0
20201111,22,PM10,吐鲁番地区,239.0
20201111,22,PM10_24h,吐鲁番地区,159.0
20201111,22,SO2,吐鲁番地区,13.0
20201111,22,SO2_24h,吐鲁番地区,13.0
20201111,22,NO2,吐鲁番地区,99.0
20201111,22,NO2_24h,吐鲁番地区,58.0
20201111,22,O3,吐鲁番地区,13.0
20201111,22,O3_24h,吐鲁番地区,94.0
20201111,22,O3_8h,吐鲁番地区,63.0
20201111,22,O3_8h_24h,吐鲁番地区,80.0
20201111,22,CO,吐鲁番地区,2.5
20201111,22,CO_24h,吐鲁番地区,1.65
20201111,23,AQI,吐鲁番地区,139.0
20201111,23,PM2.5,吐鲁番地区,84.0
20201111,23,PM2.5_24h,吐鲁番地区,58.0
20201111,23,PM10,吐鲁番地区,227.0
20201111,23,PM10_24h,吐鲁番地区,161.0
20201111,23,SO2,吐鲁番地区,17.0
20201111,23,SO2_24h,吐鲁番地区,13.0
20201111,23,NO2,吐鲁番地区,97.0
20201111,23,NO2_24h,吐鲁番地区,57.0
20201111,23,O3,吐鲁番地区,9.0
20201111,23,O3_24h,吐鲁番地区,94.0
20201111,23,O3_8h,吐鲁番地区,53.0
20201111,23,O3_8h_24h,吐鲁番地区,80.0
20201111,23,CO,吐鲁番地区,2.65
20201111,23,CO_24h,吐鲁番地区,1.65
20201111,0,AQI,哈密地区,121.0
20201111,0,PM2.5,哈密地区,51.0
20201111,0,PM2.5_24h,哈密地区,38.0
20201111,0,PM10,哈密地区,191.0
20201111,0,PM10_24h,哈密地区,187.0
20201111,0,SO2,哈密地区,7.0
20201111,0,SO2_24h,哈密地区,16.0
20201111,0,NO2,哈密地区,44.0
20201111,0,NO2_24h,哈密地区,36.0
20201111,0,O3,哈密地区,25.0
20201111,0,O3_24h,哈密地区,73.0
20201111,0,O3_8h,哈密地区,27.0
20201111,0,O3_8h_24h,哈密地区,61.0
20201111,0,CO,哈密地区,0.55
20201111,0,CO_24h,哈密地区,0.9
20201111,1,AQI,哈密地区,117.0
20201111,1,PM2.5,哈密地区,43.0
20201111,1,PM2.5_24h,哈密地区,38.0
20201111,1,PM10,哈密地区,183.0
20201111,1,PM10_24h,哈密地区,190.0
20201111,1,SO2,哈密地区,7.0
20201111,1,SO2_24h,哈密地区,16.0
20201111,1,NO2,哈密地区,58.0
20201111,1,NO2_24h,哈密地区,36.0
20201111,1,O3,哈密地区,12.0
20201111,1,O3_24h,哈密地区,73.0
20201111,1,O3_8h,哈密地区,12.0
20201111,1,O3_8h_24h,哈密地区,12.0
20201111,1,CO,哈密地区,0.95
20201111,1,CO_24h,哈密地区,0.9
20201111,2,AQI,哈密地区,114.0
20201111,2,PM2.5,哈密地区,45.0
20201111,2,PM2.5_24h,哈密地区,38.0
20201111,2,PM10,哈密地区,177.0
20201111,2,PM10_24h,哈密地区,194.0
20201111,2,SO2,哈密地区,7.0
20201111,2,SO2_24h,哈密地区,16.0
20201111,2,NO2,哈密地区,60.0
20201111,2,NO2_24h,哈密地区,36.0
20201111,2,O3,哈密地区,8.0
20201111,2,O3_24h,哈密地区,73.0
20201111,2,O3_8h,哈密地区,10.0
20201111,2,O3_8h_24h,哈密地区,12.0
20201111,2,CO,哈密地区,1.2
20201111,2,CO_24h,哈密地区,0.9
20201111,3,AQI,哈密地区,128.0
20201111,3,PM2.5,哈密地区,45.0
20201111,3,PM2.5_24h,哈密地区,39.0
20201111,3,PM10,哈密地区,205.0
20201111,3,PM10_24h,哈密地区,198.0
20201111,3,SO2,哈密地区,6.0
20201111,3,SO2_24h,哈密地区,16.0
20201111,3,NO2,哈密地区,57.0
20201111,3,NO2_24h,哈密地区,36.0
20201111,3,O3,哈密地区,9.0
20201111,3,O3_24h,哈密地区,73.0
20201111,3,O3_8h,哈密地区,9.0
20201111,3,O3_8h_24h,哈密地区,12.0
20201111,3,CO,哈密地区,1.25
20201111,3,CO_24h,哈密地区,0.9
20201111,4,AQI,哈密地区,121.0
20201111,4,PM2.5,哈密地区,44.0
20201111,4,PM2.5_24h,哈密地区,39.0
20201111,4,PM10,哈密地区,192.0
20201111,4,PM10_24h,哈密地区,201.0
20201111,4,SO2,哈密地区,6.0
20201111,4,SO2_24h,哈密地区,16.0
20201111,4,NO2,哈密地区,46.0
20201111,4,NO2_24h,哈密地区,36.0
20201111,4,O3,哈密地区,14.0
20201111,4,O3_24h,哈密地区,73.0
20201111,4,O3_8h,哈密地区,10.0
20201111,4,O3_8h_24h,哈密地区,12.0
20201111,4,CO,哈密地区,1.05
20201111,4,CO_24h,哈密地区,0.95
20201111,5,AQI,哈密地区,111.0
20201111,5,PM2.5,哈密地区,38.0
20201111,5,PM2.5_24h,哈密地区,39.0
20201111,5,PM10,哈密地区,172.0
20201111,5,PM10_24h,哈密地区,204.0
20201111,5,SO2,哈密地区,23.0
20201111,5,SO2_24h,哈密地区,16.0
20201111,5,NO2,哈密地区,27.0
20201111,5,NO2_24h,哈密地区,36.0
20201111,5,O3,哈密地区,34.0
20201111,5,O3_24h,哈密地区,73.0
20201111,5,O3_8h,哈密地区,16.0
20201111,5,O3_8h_24h,哈密地区,16.0
20201111,5,CO,哈密地区,0.6
20201111,5,CO_24h,哈密地区,0.9
20201111,6,AQI,哈密地区,95.0
20201111,6,PM2.5,哈密地区,36.0
20201111,6,PM2.5_24h,哈密地区,39.0
20201111,6,PM10,哈密地区,139.0
20201111,6,PM10_24h,哈密地区,206.0
20201111,6,SO2,哈密地区,40.0
20201111,6,SO2_24h,哈密地区,16.0
20201111,6,NO2,哈密地区,17.0
20201111,6,NO2_24h,哈密地区,36.0
20201111,6,O3,哈密地区,45.0
20201111,6,O3_24h,哈密地区,73.0
20201111,6,O3_8h,哈密地区,21.0
20201111,6,O3_8h_24h,哈密地区,21.0
20201111,6,CO,哈密地区,0.55
20201111,6,CO_24h,哈密地区,0.9
20201111,8,AQI,哈密地区,89.0
20201111,8,PM2.5,哈密地区,31.0
20201111,8,PM2.5_24h,哈密地区,40.0
20201111,8,PM10,哈密地区,128.0
20201111,8,PM10_24h,哈密地区,211.0
20201111,8,SO2,哈密地区,64.0
20201111,8,SO2_24h,哈密地区,17.0
20201111,8,NO2,哈密地区,30.0
20201111,8,NO2_24h,哈密地区,37.0
20201111,8,O3,哈密地区,33.0
20201111,8,O3_24h,哈密地区,73.0
20201111,8,O3_8h,哈密地区,25.0
20201111,8,O3_8h_24h,哈密地区,25.0
20201111,8,CO,哈密地区,0.8
20201111,8,CO_24h,哈密地区,0.95
20201111,10,AQI,哈密地区,86.0
20201111,10,PM2.5,哈密地区,30.0
20201111,10,PM2.5_24h,哈密地区,40.0
20201111,10,PM10,哈密地区,122.0
20201111,10,PM10_24h,哈密地区,210.0
20201111,10,SO2,哈密地区,32.0
20201111,10,SO2_24h,哈密地区,19.0
20201111,10,NO2,哈密地区,59.0
20201111,10,NO2_24h,哈密地区,41.0
20201111,10,O3,哈密地区,16.0
20201111,10,O3_24h,哈密地区,73.0
20201111,10,O3_8h,哈密地区,26.0
20201111,10,O3_8h_24h,哈密地区,26.0
20201111,10,CO,哈密地区,1.2
20201111,10,CO_24h,哈密地区,1.0
20201111,11,AQI,哈密地区,114.0
20201111,11,PM2.5,哈密地区,33.0
20201111,11,PM2.5_24h,哈密地区,40.0
20201111,11,PM10,哈密地区,177.0
20201111,11,PM10_24h,哈密地区,203.0
20201111,11,SO2,哈密地区,39.0
20201111,11,SO2_24h,哈密地区,20.0
20201111,11,NO2,哈密地区,35.0
20201111,11,NO2_24h,哈密地区,41.0
20201111,11,O3,哈密地区,39.0
20201111,11,O3_24h,哈密地区,73.0
20201111,11,O3_8h,哈密地区,30.0
20201111,11,O3_8h_24h,哈密地区,30.0
20201111,11,CO,哈密地区,0.65
20201111,11,CO_24h,哈密地区,1.0
20201111,12,AQI,哈密地区,89.0
20201111,12,PM2.5,哈密地区,34.0
20201111,12,PM2.5_24h,哈密地区,40.0
20201111,12,PM10,哈密地区,128.0
20201111,12,PM10_24h,哈密地区,193.0
20201111,12,SO2,哈密地区,22.0
20201111,12,SO2_24h,哈密地区,21.0
20201111,12,NO2,哈密地区,27.0
20201111,12,NO2_24h,哈密地区,42.0
20201111,12,O3,哈密地区,47.0
20201111,12,O3_24h,哈密地区,73.0
20201111,12,O3_8h,哈密地区,34.0
20201111,12,O3_8h_24h,哈密地区,34.0
20201111,12,CO,哈密地区,0.5
20201111,12,CO_24h,哈密地区,1.0
20201111,13,AQI,哈密地区,83.0
20201111,13,PM2.5,哈密地区,32.0
20201111,13,PM2.5_24h,哈密地区,40.0
20201111,13,PM10,哈密地区,115.0
20201111,13,PM10_24h,哈密地区,184.0
20201111,13,SO2,哈密地区,21.0
20201111,13,SO2_24h,哈密地区,22.0
20201111,13,NO2,哈密地区,25.0
20201111,13,NO2_24h,哈密地区,43.0
20201111,13,O3,哈密地区,55.0
20201111,13,O3_24h,哈密地区,73.0
20201111,13,O3_8h,哈密地区,36.0
20201111,13,O3_8h_24h,哈密地区,36.0
20201111,13,CO,哈密地区,0.5
20201111,13,CO_24h,哈密地区,1.0
20201111,14,AQI,哈密地区,82.0
20201111,14,PM2.5,哈密地区,31.0
20201111,14,PM2.5_24h,哈密地区,39.0
20201111,14,PM10,哈密地区,114.0
20201111,14,PM10_24h,哈密地区,178.0
20201111,14,SO2,哈密地区,10.0
20201111,14,SO2_24h,哈密地区,22.0
20201111,14,NO2,哈密地区,14.0
20201111,14,NO2_24h,哈密地区,43.0
20201111,14,O3,哈密地区,68.0
20201111,14,O3_24h,哈密地区,73.0
20201111,14,O3_8h,哈密地区,39.0
20201111,14,O3_8h_24h,哈密地区,39.0
20201111,14,CO,哈密地区,0.35
20201111,14,CO_24h,哈密地区,1.0
20201111,15,AQI,哈密地区,77.0
20201111,15,PM2.5,哈密地区,30.0
20201111,15,PM2.5_24h,哈密地区,39.0
20201111,15,PM10,哈密地区,104.0
20201111,15,PM10_24h,哈密地区,174.0
20201111,15,SO2,哈密地区,7.0
20201111,15,SO2_24h,哈密地区,21.0
20201111,15,NO2,哈密地区,11.0
20201111,15,NO2_24h,哈密地区,41.0
20201111,15,O3,哈密地区,77.0
20201111,15,O3_24h,哈密地区,77.0
20201111,15,O3_8h,哈密地区,44.0
20201111,15,O3_8h_24h,哈密地区,44.0
20201111,15,CO,哈密地区,0.35
20201111,15,CO_24h,哈密地区,0.9
20201111,16,AQI,哈密地区,75.0
20201111,16,PM2.5,哈密地区,23.0
20201111,16,PM2.5_24h,哈密地区,39.0
20201111,16,PM10,哈密地区,99.0
20201111,16,PM10_24h,哈密地区,170.0
20201111,16,SO2,哈密地区,7.0
20201111,16,SO2_24h,哈密地区,20.0
20201111,16,NO2,哈密地区,15.0
20201111,16,NO2_24h,哈密地区,41.0
20201111,16,O3,哈密地区,82.0
20201111,16,O3_24h,哈密地区,82.0
20201111,16,O3_8h,哈密地区,50.0
20201111,16,O3_8h_24h,哈密地区,50.0
20201111,16,CO,哈密地区,0.4
20201111,16,CO_24h,哈密地区,0.9
20201111,17,AQI,哈密地区,74.0
20201111,17,PM2.5,哈密地区,24.0
20201111,17,PM2.5_24h,哈密地区,38.0
20201111,17,PM10,哈密地区,98.0
20201111,17,PM10_24h,哈密地区,167.0
20201111,17,SO2,哈密地区,10.0
20201111,17,SO2_24h,哈密地区,20.0
20201111,17,NO2,哈密地区,22.0
20201111,17,NO2_24h,哈密地区,41.0
20201111,17,O3,哈密地区,75.0
20201111,17,O3_24h,哈密地区,82.0
20201111,17,O3_8h,哈密地区,57.0
20201111,17,O3_8h_24h,哈密地区,57.0
20201111,17,CO,哈密地区,0.4
20201111,17,CO_24h,哈密地区,0.9
20201111,18,AQI,哈密地区,83.0
20201111,18,PM2.5,哈密地区,23.0
20201111,18,PM2.5_24h,哈密地区,38.0
20201111,18,PM10,哈密地区,116.0
20201111,18,PM10_24h,哈密地区,164.0
20201111,18,SO2,哈密地区,8.0
20201111,18,SO2_24h,哈密地区,19.0
20201111,18,NO2,哈密地区,31.0
20201111,18,NO2_24h,哈密地区,41.0
20201111,18,O3,哈密地区,65.0
20201111,18,O3_24h,哈密地区,82.0
20201111,18,O3_8h,哈密地区,63.0
20201111,18,O3_8h_24h,哈密地区,63.0
20201111,18,CO,哈密地区,0.45
20201111,18,CO_24h,哈密地区,0.85
20201111,19,AQI,哈密地区,89.0
20201111,19,PM2.5,哈密地区,24.0
20201111,19,PM2.5_24h,哈密地区,37.0
20201111,19,PM10,哈密地区,127.0
20201111,19,PM10_24h,哈密地区,161.0
20201111,19,SO2,哈密地区,8.0
20201111,19,SO2_24h,哈密地区,19.0
20201111,19,NO2,哈密地区,55.0
20201111,19,NO2_24h,哈密地区,41.0
20201111,19,O3,哈密地区,37.0
20201111,19,O3_24h,哈密地区,82.0
20201111,19,O3_8h,哈密地区,63.0
20201111,19,O3_8h_24h,哈密地区,64.0
20201111,19,CO,哈密地区,0.8
20201111,19,CO_24h,哈密地区,0.8
20201111,20,AQI,哈密地区,109.0
20201111,20,PM2.5,哈密地区,29.0
20201111,20,PM2.5_24h,哈密地区,37.0
20201111,20,PM10,哈密地区,167.0
20201111,20,PM10_24h,哈密地区,159.0
20201111,20,SO2,哈密地区,8.0
20201111,20,SO2_24h,哈密地区,19.0
20201111,20,NO2,哈密地区,57.0
20201111,20,NO2_24h,哈密地区,41.0
20201111,20,O3,哈密地区,23.0
20201111,20,O3_24h,哈密地区,82.0
20201111,20,O3_8h,哈密地区,60.0
20201111,20,O3_8h_24h,哈密地区,64.0
20201111,20,CO,哈密地区,0.95
20201111,20,CO_24h,哈密地区,0.8
20201111,21,AQI,哈密地区,111.0
20201111,21,PM2.5,哈密地区,32.0
20201111,21,PM2.5_24h,哈密地区,36.0
20201111,21,PM10,哈密地区,171.0
20201111,21,PM10_24h,哈密地区,155.0
20201111,21,SO2,哈密地区,8.0
20201111,21,SO2_24h,哈密地区,18.0
20201111,21,NO2,哈密地区,34.0
20201111,21,NO2_24h,哈密地区,39.0
20201111,21,O3,哈密地区,44.0
20201111,21,O3_24h,哈密地区,82.0
20201111,21,O3_8h,哈密地区,59.0
20201111,21,O3_8h_24h,哈密地区,64.0
20201111,21,CO,哈密地区,0.65
20201111,21,CO_24h,哈密地区,0.75
20201111,22,AQI,哈密地区,96.0
20201111,22,PM2.5,哈密地区,30.0
20201111,22,PM2.5_24h,哈密地区,35.0
20201111,22,PM10,哈密地区,142.0
20201111,22,PM10_24h,哈密地区,150.0
20201111,22,SO2,哈密地区,10.0
20201111,22,SO2_24h,哈密地区,18.0
20201111,22,NO2,哈密地区,47.0
20201111,22,NO2_24h,哈密地区,38.0
20201111,22,O3,哈密地区,28.0
20201111,22,O3_24h,哈密地区,82.0
20201111,22,O3_8h,哈密地区,54.0
20201111,22,O3_8h_24h,哈密地区,64.0
20201111,22,CO,哈密地区,0.8
20201111,22,CO_24h,哈密地区,0.75
20201111,23,AQI,哈密地区,98.0
20201111,23,PM2.5,哈密地区,32.0
20201111,23,PM2.5_24h,哈密地区,34.0
20201111,23,PM10,哈密地区,145.0
20201111,23,PM10_24h,哈密地区,145.0
20201111,23,SO2,哈密地区,12.0
20201111,23,SO2_24h,哈密地区,18.0
20201111,23,NO2,哈密地区,53.0
20201111,23,NO2_24h,哈密地区,38.0
20201111,23,O3,哈密地区,21.0
20201111,23,O3_24h,哈密地区,82.0
20201111,23,O3_8h,哈密地区,47.0
20201111,23,O3_8h_24h,哈密地区,64.0
20201111,23,CO,哈密地区,0.9
20201111,23,CO_24h,哈密地区,0.7
20201111,0,AQI,昌吉州,86.0
20201111,0,PM2.5,昌吉州,33.0
20201111,0,PM2.5_24h,昌吉州,36.0
20201111,0,PM10,昌吉州,122.0
20201111,0,PM10_24h,昌吉州,130.0
20201111,0,SO2,昌吉州,7.0
20201111,0,SO2_24h,昌吉州,8.0
20201111,0,NO2,昌吉州,31.0
20201111,0,NO2_24h,昌吉州,44.0
20201111,0,O3,昌吉州,19.0
20201111,0,O3_24h,昌吉州,64.0
20201111,0,O3_8h,昌吉州,30.0
20201111,0,O3_8h_24h,昌吉州,47.0
20201111,0,CO,昌吉州,0.7
20201111,0,CO_24h,昌吉州,1.05
20201111,1,AQI,昌吉州,75.0
20201111,1,PM2.5,昌吉州,33.0
20201111,1,PM2.5_24h,昌吉州,35.0
20201111,1,PM10,昌吉州,100.0
20201111,1,PM10_24h,昌吉州,128.0
20201111,1,SO2,昌吉州,6.0
20201111,1,SO2_24h,昌吉州,8.0
20201111,1,NO2,昌吉州,37.0
20201111,1,NO2_24h,昌吉州,43.0
20201111,1,O3,昌吉州,15.0
20201111,1,O3_24h,昌吉州,64.0
20201111,1,O3_8h,昌吉州,15.0
20201111,1,O3_8h_24h,昌吉州,15.0
20201111,1,CO,昌吉州,0.7
20201111,1,CO_24h,昌吉州,1.05
20201111,2,AQI,昌吉州,65.0
20201111,2,PM2.5,昌吉州,30.0
20201111,2,PM2.5_24h,昌吉州,35.0
20201111,2,PM10,昌吉州,80.0
20201111,2,PM10_24h,昌吉州,125.0
20201111,2,SO2,昌吉州,5.0
20201111,2,SO2_24h,昌吉州,8.0
20201111,2,NO2,昌吉州,43.0
20201111,2,NO2_24h,昌吉州,42.0
20201111,2,O3,昌吉州,10.0
20201111,2,O3_24h,昌吉州,64.0
20201111,2,O3_8h,昌吉州,12.0
20201111,2,O3_8h_24h,昌吉州,15.0
20201111,2,CO,昌吉州,0.75
20201111,2,CO_24h,昌吉州,1.0
20201111,3,AQI,昌吉州,66.0
20201111,3,PM2.5,昌吉州,29.0
20201111,3,PM2.5_24h,昌吉州,34.0
20201111,3,PM10,昌吉州,81.0
20201111,3,PM10_24h,昌吉州,122.0
20201111,3,SO2,昌吉州,5.0
20201111,3,SO2_24h,昌吉州,8.0
20201111,3,NO2,昌吉州,42.0
20201111,3,NO2_24h,昌吉州,41.0
20201111,3,O3,昌吉州,11.0
20201111,3,O3_24h,昌吉州,64.0
20201111,3,O3_8h,昌吉州,12.0
20201111,3,O3_8h_24h,昌吉州,15.0
20201111,3,CO,昌吉州,0.75
20201111,3,CO_24h,昌吉州,0.95
20201111,4,AQI,昌吉州,72.0
20201111,4,PM2.5,昌吉州,27.0
20201111,4,PM2.5_24h,昌吉州,33.0
20201111,4,PM10,昌吉州,94.0
20201111,4,PM10_24h,昌吉州,118.0
20201111,4,SO2,昌吉州,5.0
20201111,4,SO2_24h,昌吉州,8.0
20201111,4,NO2,昌吉州,47.0
20201111,4,NO2_24h,昌吉州,41.0
20201111,4,O3,昌吉州,11.0
20201111,4,O3_24h,昌吉州,64.0
20201111,4,O3_8h,昌吉州,10.0
20201111,4,O3_8h_24h,昌吉州,15.0
20201111,4,CO,昌吉州,0.9
20201111,4,CO_24h,昌吉州,0.95
20201111,5,AQI,昌吉州,80.0
20201111,5,PM2.5,昌吉州,32.0
20201111,5,PM2.5_24h,昌吉州,33.0
20201111,5,PM10,昌吉州,110.0
20201111,5,PM10_24h,昌吉州,115.0
20201111,5,SO2,昌吉州,5.0
20201111,5,SO2_24h,昌吉州,7.0
20201111,5,NO2,昌吉州,47.0
20201111,5,NO2_24h,昌吉州,41.0
20201111,5,O3,昌吉州,6.0
20201111,5,O3_24h,昌吉州,64.0
20201111,5,O3_8h,昌吉州,9.0
20201111,5,O3_8h_24h,昌吉州,15.0
20201111,5,CO,昌吉州,1.2
20201111,5,CO_24h,昌吉州,0.95
20201111,6,AQI,昌吉州,73.0
20201111,6,PM2.5,昌吉州,29.0
20201111,6,PM2.5_24h,昌吉州,33.0
20201111,6,PM10,昌吉州,95.0
20201111,6,PM10_24h,昌吉州,114.0
20201111,6,SO2,昌吉州,5.0
20201111,6,SO2_24h,昌吉州,7.0
20201111,6,NO2,昌吉州,43.0
20201111,6,NO2_24h,昌吉州,41.0
20201111,6,O3,昌吉州,19.0
20201111,6,O3_24h,昌吉州,64.0
20201111,6,O3_8h,昌吉州,9.0
20201111,6,O3_8h_24h,昌吉州,15.0
20201111,6,CO,昌吉州,1.05
20201111,6,CO_24h,昌吉州,0.95
20201111,8,AQI,昌吉州,78.0
20201111,8,PM2.5,昌吉州,29.0
20201111,8,PM2.5_24h,昌吉州,33.0
20201111,8,PM10,昌吉州,105.0
20201111,8,PM10_24h,昌吉州,115.0
20201111,8,SO2,昌吉州,3.0
20201111,8,SO2_24h,昌吉州,7.0
20201111,8,NO2,昌吉州,48.0
20201111,8,NO2_24h,昌吉州,42.0
20201111,8,O3,昌吉州,7.0
20201111,8,O3_24h,昌吉州,64.0
20201111,8,O3_8h,昌吉州,8.0
20201111,8,O3_8h_24h,昌吉州,15.0
20201111,8,CO,昌吉州,0.95
20201111,8,CO_24h,昌吉州,1.0
20201111,10,AQI,昌吉州,100.0
20201111,10,PM2.5,昌吉州,43.0
20201111,10,PM2.5_24h,昌吉州,33.0
20201111,10,PM10,昌吉州,149.0
20201111,10,PM10_24h,昌吉州,117.0
20201111,10,SO2,昌吉州,6.0
20201111,10,SO2_24h,昌吉州,7.0
20201111,10,NO2,昌吉州,55.0
20201111,10,NO2_24h,昌吉州,42.0
20201111,10,O3,昌吉州,6.0
20201111,10,O3_24h,昌吉州,64.0
20201111,10,O3_8h,昌吉州,6.0
20201111,10,O3_8h_24h,昌吉州,15.0
20201111,10,CO,昌吉州,1.75
20201111,10,CO_24h,昌吉州,0.95
20201111,11,AQI,昌吉州,98.0
20201111,11,PM2.5,昌吉州,46.0
20201111,11,PM2.5_24h,昌吉州,34.0
20201111,11,PM10,昌吉州,146.0
20201111,11,PM10_24h,昌吉州,117.0
20201111,11,SO2,昌吉州,8.0
20201111,11,SO2_24h,昌吉州,7.0
20201111,11,NO2,昌吉州,51.0
20201111,11,NO2_24h,昌吉州,42.0
20201111,11,O3,昌吉州,7.0
20201111,11,O3_24h,昌吉州,64.0
20201111,11,O3_8h,昌吉州,11.0
20201111,11,O3_8h_24h,昌吉州,15.0
20201111,11,CO,昌吉州,1.85
20201111,11,CO_24h,昌吉州,1.0
20201111,12,AQI,昌吉州,104.0
20201111,12,PM2.5,昌吉州,47.0
20201111,12,PM2.5_24h,昌吉州,35.0
20201111,12,PM10,昌吉州,157.0
20201111,12,PM10_24h,昌吉州,118.0
20201111,12,SO2,昌吉州,8.0
20201111,12,SO2_24h,昌吉州,7.0
20201111,12,NO2,昌吉州,49.0
20201111,12,NO2_24h,昌吉州,42.0
20201111,12,O3,昌吉州,14.0
20201111,12,O3_24h,昌吉州,64.0
20201111,12,O3_8h,昌吉州,7.0
20201111,12,O3_8h_24h,昌吉州,15.0
20201111,12,CO,昌吉州,1.4
20201111,12,CO_24h,昌吉州,1.0
20201111,13,AQI,昌吉州,103.0
20201111,13,PM2.5,昌吉州,43.0
20201111,13,PM2.5_24h,昌吉州,35.0
20201111,13,PM10,昌吉州,155.0
20201111,13,PM10_24h,昌吉州,120.0
20201111,13,SO2,昌吉州,9.0
20201111,13,SO2_24h,昌吉州,8.0
20201111,13,NO2,昌吉州,44.0
20201111,13,NO2_24h,昌吉州,42.0
20201111,13,O3,昌吉州,26.0
20201111,13,O3_24h,昌吉州,64.0
20201111,13,O3_8h,昌吉州,9.0
20201111,13,O3_8h_24h,昌吉州,15.0
20201111,13,CO,昌吉州,1.25
20201111,13,CO_24h,昌吉州,1.0
20201111,14,AQI,昌吉州,91.0
20201111,14,PM2.5,昌吉州,44.0
20201111,14,PM2.5_24h,昌吉州,35.0
20201111,14,PM10,昌吉州,132.0
20201111,14,PM10_24h,昌吉州,120.0
20201111,14,SO2,昌吉州,10.0
20201111,14,SO2_24h,昌吉州,8.0
20201111,14,NO2,昌吉州,34.0
20201111,14,NO2_24h,昌吉州,42.0
20201111,14,O3,昌吉州,44.0
20201111,14,O3_24h,昌吉州,64.0
20201111,14,O3_8h,昌吉州,14.0
20201111,14,O3_8h_24h,昌吉州,16.0
20201111,14,CO,昌吉州,1.0
20201111,14,CO_24h,昌吉州,1.0
20201111,15,AQI,昌吉州,84.0
20201111,15,PM2.5,昌吉州,40.0
20201111,15,PM2.5_24h,昌吉州,35.0
20201111,15,PM10,昌吉州,117.0
20201111,15,PM10_24h,昌吉州,120.0
20201111,15,SO2,昌吉州,11.0
20201111,15,SO2_24h,昌吉州,8.0
20201111,15,NO2,昌吉州,28.0
20201111,15,NO2_24h,昌吉州,43.0
20201111,15,O3,昌吉州,50.0
20201111,15,O3_24h,昌吉州,64.0
20201111,15,O3_8h,昌吉州,19.0
20201111,15,O3_8h_24h,昌吉州,19.0
20201111,15,CO,昌吉州,0.9
20201111,15,CO_24h,昌吉州,1.0
20201111,16,AQI,昌吉州,76.0
20201111,16,PM2.5,昌吉州,36.0
20201111,16,PM2.5_24h,昌吉州,35.0
20201111,16,PM10,昌吉州,102.0
20201111,16,PM10_24h,昌吉州,119.0
20201111,16,SO2,昌吉州,10.0
20201111,16,SO2_24h,昌吉州,8.0
20201111,16,NO2,昌吉州,26.0
20201111,16,NO2_24h,昌吉州,43.0
20201111,16,O3,昌吉州,47.0
20201111,16,O3_24h,昌吉州,64.0
20201111,16,O3_8h,昌吉州,24.0
20201111,16,O3_8h_24h,昌吉州,24.0
20201111,16,CO,昌吉州,0.8
20201111,16,CO_24h,昌吉州,1.0
20201111,17,AQI,昌吉州,68.0
20201111,17,PM2.5,昌吉州,29.0
20201111,17,PM2.5_24h,昌吉州,35.0
20201111,17,PM10,昌吉州,85.0
20201111,17,PM10_24h,昌吉州,117.0
20201111,17,SO2,昌吉州,7.0
20201111,17,SO2_24h,昌吉州,7.0
20201111,17,NO2,昌吉州,19.0
20201111,17,NO2_24h,昌吉州,43.0
20201111,17,O3,昌吉州,53.0
20201111,17,O3_24h,昌吉州,62.0
20201111,17,O3_8h,昌吉州,31.0
20201111,17,O3_8h_24h,昌吉州,31.0
20201111,17,CO,昌吉州,0.6
20201111,17,CO_24h,昌吉州,1.0
20201111,18,AQI,昌吉州,60.0
20201111,18,PM2.5,昌吉州,23.0
20201111,18,PM2.5_24h,昌吉州,35.0
20201111,18,PM10,昌吉州,70.0
20201111,18,PM10_24h,昌吉州,116.0
20201111,18,SO2,昌吉州,5.0
20201111,18,SO2_24h,昌吉州,7.0
20201111,18,NO2,昌吉州,21.0
20201111,18,NO2_24h,昌吉州,43.0
20201111,18,O3,昌吉州,53.0
20201111,18,O3_24h,昌吉州,56.0
20201111,18,O3_8h,昌吉州,37.0
20201111,18,O3_8h_24h,昌吉州,37.0
20201111,18,CO,昌吉州,0.55
20201111,18,CO_24h,昌吉州,1.0
20201111,19,AQI,昌吉州,58.0
20201111,19,PM2.5,昌吉州,19.0
20201111,19,PM2.5_24h,昌吉州,34.0
20201111,19,PM10,昌吉州,65.0
20201111,19,PM10_24h,昌吉州,114.0
20201111,19,SO2,昌吉州,5.0
20201111,19,SO2_24h,昌吉州,7.0
20201111,19,NO2,昌吉州,31.0
20201111,19,NO2_24h,昌吉州,43.0
20201111,19,O3,昌吉州,38.0
20201111,19,O3_24h,昌吉州,56.0
20201111,19,O3_8h,昌吉州,41.0
20201111,19,O3_8h_24h,昌吉州,41.0
20201111,19,CO,昌吉州,0.55
20201111,19,CO_24h,昌吉州,1.0
20201111,20,AQI,昌吉州,64.0
20201111,20,PM2.5,昌吉州,15.0
20201111,20,PM2.5_24h,昌吉州,34.0
20201111,20,PM10,昌吉州,78.0
20201111,20,PM10_24h,昌吉州,112.0
20201111,20,SO2,昌吉州,4.0
20201111,20,SO2_24h,昌吉州,7.0
20201111,20,NO2,昌吉州,44.0
20201111,20,NO2_24h,昌吉州,42.0
20201111,20,O3,昌吉州,19.0
20201111,20,O3_24h,昌吉州,56.0
20201111,20,O3_8h,昌吉州,41.0
20201111,20,O3_8h_24h,昌吉州,41.0
20201111,20,CO,昌吉州,0.65
20201111,20,CO_24h,昌吉州,1.0
20201111,21,AQI,昌吉州,67.0
20201111,21,PM2.5,昌吉州,19.0
20201111,21,PM2.5_24h,昌吉州,33.0
20201111,21,PM10,昌吉州,83.0
20201111,21,PM10_24h,昌吉州,110.0
20201111,21,SO2,昌吉州,5.0
20201111,21,SO2_24h,昌吉州,6.0
20201111,21,NO2,昌吉州,47.0
20201111,21,NO2_24h,昌吉州,41.0
20201111,21,O3,昌吉州,11.0
20201111,21,O3_24h,昌吉州,56.0
20201111,21,O3_8h,昌吉州,39.0
20201111,21,O3_8h_24h,昌吉州,41.0
20201111,21,CO,昌吉州,0.7
20201111,21,CO_24h,昌吉州,0.95
20201111,22,AQI,昌吉州,68.0
20201111,22,PM2.5,昌吉州,24.0
20201111,22,PM2.5_24h,昌吉州,32.0
20201111,22,PM10,昌吉州,85.0
20201111,22,PM10_24h,昌吉州,107.0
20201111,22,SO2,昌吉州,5.0
20201111,22,SO2_24h,昌吉州,6.0
20201111,22,NO2,昌吉州,55.0
20201111,22,NO2_24h,昌吉州,41.0
20201111,22,O3,昌吉州,7.0
20201111,22,O3_24h,昌吉州,56.0
20201111,22,O3_8h,昌吉州,34.0
20201111,22,O3_8h_24h,昌吉州,41.0
20201111,22,CO,昌吉州,0.95
20201111,22,CO_24h,昌吉州,0.95
20201111,23,AQI,昌吉州,74.0
20201111,23,PM2.5,昌吉州,28.0
20201111,23,PM2.5_24h,昌吉州,32.0
20201111,23,PM10,昌吉州,97.0
20201111,23,PM10_24h,昌吉州,105.0
20201111,23,SO2,昌吉州,5.0
20201111,23,SO2_24h,昌吉州,6.0
20201111,23,NO2,昌吉州,53.0
20201111,23,NO2_24h,昌吉州,41.0
20201111,23,O3,昌吉州,7.0
20201111,23,O3_24h,昌吉州,56.0
20201111,23,O3_8h,昌吉州,29.0
20201111,23,O3_8h_24h,昌吉州,41.0
20201111,23,CO,昌吉州,1.0
20201111,23,CO_24h,昌吉州,1.0
20201111,0,AQI,博州,87.0
20201111,0,PM2.5,博州,29.0
20201111,0,PM2.5_24h,博州,22.0
20201111,0,PM10,博州,124.0
20201111,0,PM10_24h,博州,86.0
20201111,0,SO2,博州,24.0
20201111,0,SO2_24h,博州,19.0
20201111,0,NO2,博州,39.0
20201111,0,NO2_24h,博州,32.0
20201111,0,O3,博州,7.0
20201111,0,O3_24h,博州,37.0
20201111,0,O3_8h,博州,16.0
20201111,0,O3_8h_24h,博州,24.0
20201111,0,CO,博州,0.9
20201111,0,CO_24h,博州,0.7
20201111,1,AQI,博州,83.0
20201111,1,PM2.5,博州,31.0
20201111,1,PM2.5_24h,博州,23.0
20201111,1,PM10,博州,115.0
20201111,1,PM10_24h,博州,87.0
20201111,1,SO2,博州,19.0
20201111,1,SO2_24h,博州,19.0
20201111,1,NO2,博州,31.0
20201111,1,NO2_24h,博州,32.0
20201111,1,O3,博州,9.0
20201111,1,O3_24h,博州,37.0
20201111,1,O3_8h,博州,9.0
20201111,1,O3_8h_24h,博州,9.0
20201111,1,CO,博州,0.6
20201111,1,CO_24h,博州,0.7
20201111,2,AQI,博州,79.0
20201111,2,PM2.5,博州,29.0
20201111,2,PM2.5_24h,博州,23.0
20201111,2,PM10,博州,108.0
20201111,2,PM10_24h,博州,88.0
20201111,2,SO2,博州,13.0
20201111,2,SO2_24h,博州,19.0
20201111,2,NO2,博州,25.0
20201111,2,NO2_24h,博州,32.0
20201111,2,O3,博州,13.0
20201111,2,O3_24h,博州,37.0
20201111,2,O3_8h,博州,11.0
20201111,2,O3_8h_24h,博州,11.0
20201111,2,CO,博州,0.4
20201111,2,CO_24h,博州,0.6
20201111,3,AQI,博州,70.0
20201111,3,PM2.5,博州,26.0
20201111,3,PM2.5_24h,博州,24.0
20201111,3,PM10,博州,90.0
20201111,3,PM10_24h,博州,88.0
20201111,3,SO2,博州,15.0
20201111,3,SO2_24h,博州,19.0
20201111,3,NO2,博州,24.0
20201111,3,NO2_24h,博州,31.0
20201111,3,O3,博州,13.0
20201111,3,O3_24h,博州,37.0
20201111,3,O3_8h,博州,12.0
20201111,3,O3_8h_24h,博州,12.0
20201111,3,CO,博州,0.4
20201111,3,CO_24h,博州,0.6
20201111,4,AQI,博州,64.0
20201111,4,PM2.5,博州,22.0
20201111,4,PM2.5_24h,博州,24.0
20201111,4,PM10,博州,78.0
20201111,4,PM10_24h,博州,87.0
20201111,4,SO2,博州,14.0
20201111,4,SO2_24h,博州,19.0
20201111,4,NO2,博州,23.0
20201111,4,NO2_24h,博州,31.0
20201111,4,O3,博州,14.0
20201111,4,O3_24h,博州,37.0
20201111,4,O3_8h,博州,12.0
20201111,4,O3_8h_24h,博州,12.0
20201111,4,CO,博州,0.4
20201111,4,CO_24h,博州,0.6
20201111,5,AQI,博州,58.0
20201111,5,PM2.5,博州,19.0
20201111,5,PM2.5_24h,博州,23.0
20201111,5,PM10,博州,65.0
20201111,5,PM10_24h,博州,86.0
20201111,5,SO2,博州,15.0
20201111,5,SO2_24h,博州,19.0
20201111,5,NO2,博州,21.0
20201111,5,NO2_24h,博州,31.0
20201111,5,O3,博州,15.0
20201111,5,O3_24h,博州,37.0
20201111,5,O3_8h,博州,13.0
20201111,5,O3_8h_24h,博州,13.0
20201111,5,CO,博州,0.4
20201111,5,CO_24h,博州,0.6
20201111,6,AQI,博州,57.0
20201111,6,PM2.5,博州,18.0
20201111,6,PM2.5_24h,博州,23.0
20201111,6,PM10,博州,63.0
20201111,6,PM10_24h,博州,84.0
20201111,6,SO2,博州,13.0
20201111,6,SO2_24h,博州,19.0
20201111,6,NO2,博州,21.0
20201111,6,NO2_24h,博州,31.0
20201111,6,O3,博州,14.0
20201111,6,O3_24h,博州,37.0
20201111,6,O3_8h,博州,13.0
20201111,6,O3_8h_24h,博州,13.0
20201111,6,CO,博州,0.5
20201111,6,CO_24h,博州,0.6
20201111,8,AQI,博州,54.0
20201111,8,PM2.5,博州,15.0
20201111,8,PM2.5_24h,博州,23.0
20201111,8,PM10,博州,57.0
20201111,8,PM10_24h,博州,83.0
20201111,8,SO2,博州,12.0
20201111,8,SO2_24h,博州,19.0
20201111,8,NO2,博州,18.0
20201111,8,NO2_24h,博州,32.0
20201111,8,O3,博州,14.0
20201111,8,O3_24h,博州,37.0
20201111,8,O3_8h,博州,13.0
20201111,8,O3_8h_24h,博州,13.0
20201111,8,CO,博州,0.4
20201111,8,CO_24h,博州,0.6
20201111,10,AQI,博州,50.0
20201111,10,PM2.5,博州,17.0
20201111,10,PM2.5_24h,博州,23.0
20201111,10,PM10,博州,50.0
20201111,10,PM10_24h,博州,83.0
20201111,10,SO2,博州,12.0
20201111,10,SO2_24h,博州,19.0
20201111,10,NO2,博州,27.0
20201111,10,NO2_24h,博州,32.0
20201111,10,O3,博州,11.0
20201111,10,O3_24h,博州,37.0
20201111,10,O3_8h,博州,13.0
20201111,10,O3_8h_24h,博州,13.0
20201111,10,CO,博州,0.5
20201111,10,CO_24h,博州,0.6
20201111,11,AQI,博州,46.0
20201111,11,PM2.5,博州,14.0
20201111,11,PM2.5_24h,博州,22.0
20201111,11,PM10,博州,46.0
20201111,11,PM10_24h,博州,82.0
20201111,11,SO2,博州,14.0
20201111,11,SO2_24h,博州,18.0
20201111,11,NO2,博州,28.0
20201111,11,NO2_24h,博州,32.0
20201111,11,O3,博州,12.0
20201111,11,O3_24h,博州,37.0
20201111,11,O3_8h,博州,13.0
20201111,11,O3_8h_24h,博州,13.0
20201111,11,CO,博州,0.6
20201111,11,CO_24h,博州,0.6
20201111,12,AQI,博州,52.0
20201111,12,PM2.5,博州,15.0
20201111,12,PM2.5_24h,博州,22.0
20201111,12,PM10,博州,54.0
20201111,12,PM10_24h,博州,81.0
20201111,12,SO2,博州,13.0
20201111,12,SO2_24h,博州,18.0
20201111,12,NO2,博州,25.0
20201111,12,NO2_24h,博州,32.0
20201111,12,O3,博州,17.0
20201111,12,O3_24h,博州,37.0
20201111,12,O3_8h,博州,14.0
20201111,12,O3_8h_24h,博州,14.0
20201111,12,CO,博州,0.6
20201111,12,CO_24h,博州,0.6
20201111,13,AQI,博州,54.0
20201111,13,PM2.5,博州,16.0
20201111,13,PM2.5_24h,博州,22.0
20201111,13,PM10,博州,57.0
20201111,13,PM10_24h,博州,80.0
20201111,13,SO2,博州,15.0
20201111,13,SO2_24h,博州,18.0
20201111,13,NO2,博州,25.0
20201111,13,NO2_24h,博州,31.0
20201111,13,O3,博州,24.0
20201111,13,O3_24h,博州,37.0
20201111,13,O3_8h,博州,15.0
20201111,13,O3_8h_24h,博州,15.0
20201111,13,CO,博州,0.3
20201111,13,CO_24h,博州,0.6
20201111,14,AQI,博州,58.0
20201111,14,PM2.5,博州,18.0
20201111,14,PM2.5_24h,博州,21.0
20201111,14,PM10,博州,65.0
20201111,14,PM10_24h,博州,78.0
20201111,14,SO2,博州,17.0
20201111,14,SO2_24h,博州,17.0
20201111,14,NO2,博州,20.0
20201111,14,NO2_24h,博州,30.0
20201111,14,O3,博州,26.0
20201111,14,O3_24h,博州,37.0
20201111,14,O3_8h,博州,17.0
20201111,14,O3_8h_24h,博州,17.0
20201111,14,CO,博州,0.2
20201111,14,CO_24h,博州,0.5
20201111,15,AQI,博州,58.0
20201111,15,PM2.5,博州,18.0
20201111,15,PM2.5_24h,博州,20.0
20201111,15,PM10,博州,66.0
20201111,15,PM10_24h,博州,77.0
20201111,15,SO2,博州,20.0
20201111,15,SO2_24h,博州,17.0
20201111,15,NO2,博州,26.0
20201111,15,NO2_24h,博州,30.0
20201111,15,O3,博州,24.0
20201111,15,O3_24h,博州,37.0
20201111,15,O3_8h,博州,18.0
20201111,15,O3_8h_24h,博州,18.0
20201111,15,CO,博州,0.6
20201111,15,CO_24h,博州,0.5
20201111,16,AQI,博州,63.0
20201111,16,PM2.5,博州,20.0
20201111,16,PM2.5_24h,博州,20.0
20201111,16,PM10,博州,75.0
20201111,16,PM10_24h,博州,76.0
20201111,16,SO2,博州,19.0
20201111,16,SO2_24h,博州,17.0
20201111,16,NO2,博州,24.0
20201111,16,NO2_24h,博州,30.0
20201111,16,O3,博州,30.0
20201111,16,O3_24h,博州,36.0
20201111,16,O3_8h,博州,20.0
20201111,16,O3_8h_24h,博州,20.0
20201111,16,CO,博州,0.6
20201111,16,CO_24h,博州,0.6
20201111,17,AQI,博州,64.0
20201111,17,PM2.5,博州,22.0
20201111,17,PM2.5_24h,博州,20.0
20201111,17,PM10,博州,78.0
20201111,17,PM10_24h,博州,76.0
20201111,17,SO2,博州,16.0
20201111,17,SO2_24h,博州,17.0
20201111,17,NO2,博州,17.0
20201111,17,NO2_24h,博州,30.0
20201111,17,O3,博州,41.0
20201111,17,O3_24h,博州,41.0
20201111,17,O3_8h,博州,23.0
20201111,17,O3_8h_24h,博州,23.0
20201111,17,CO,博州,0.6
20201111,17,CO_24h,博州,0.6
20201111,18,AQI,博州,61.0
20201111,18,PM2.5,博州,19.0
20201111,18,PM2.5_24h,博州,20.0
20201111,18,PM10,博州,72.0
20201111,18,PM10_24h,博州,76.0
20201111,18,SO2,博州,12.0
20201111,18,SO2_24h,博州,17.0
20201111,18,NO2,博州,16.0
20201111,18,NO2_24h,博州,29.0
20201111,18,O3,博州,45.0
20201111,18,O3_24h,博州,45.0
20201111,18,O3_8h,博州,27.0
20201111,18,O3_8h_24h,博州,27.0
20201111,18,CO,博州,0.6
20201111,18,CO_24h,博州,0.6
20201111,19,AQI,博州,60.0
20201111,19,PM2.5,博州,14.0
20201111,19,PM2.5_24h,博州,20.0
20201111,19,PM10,博州,69.0
20201111,19,PM10_24h,博州,76.0
20201111,19,SO2,博州,14.0
20201111,19,SO2_24h,博州,16.0
20201111,19,NO2,博州,24.0
20201111,19,NO2_24h,博州,28.0
20201111,19,O3,博州,35.0
20201111,19,O3_24h,博州,45.0
20201111,19,O3_8h,博州,30.0
20201111,19,O3_8h_24h,博州,30.0
20201111,19,CO,博州,0.6
20201111,19,CO_24h,博州,0.6
20201111,20,AQI,博州,58.0
20201111,20,PM2.5,博州,13.0
20201111,20,PM2.5_24h,博州,20.0
20201111,20,PM10,博州,66.0
20201111,20,PM10_24h,博州,76.0
20201111,20,SO2,博州,14.0
20201111,20,SO2_24h,博州,16.0
20201111,20,NO2,博州,46.0
20201111,20,NO2_24h,博州,28.0
20201111,20,O3,博州,12.0
20201111,20,O3_24h,博州,45.0
20201111,20,O3_8h,博州,30.0
20201111,20,O3_8h_24h,博州,30.0
20201111,20,CO,博州,0.7
20201111,20,CO_24h,博州,0.6
20201111,21,AQI,博州,65.0
20201111,21,PM2.5,博州,17.0
20201111,21,PM2.5_24h,博州,19.0
20201111,21,PM10,博州,80.0
20201111,21,PM10_24h,博州,75.0
20201111,21,SO2,博州,14.0
20201111,21,SO2_24h,博州,16.0
20201111,21,NO2,博州,52.0
20201111,21,NO2_24h,博州,28.0
20201111,21,O3,博州,9.0
20201111,21,O3_24h,博州,45.0
20201111,21,O3_8h,博州,28.0
20201111,21,O3_8h_24h,博州,30.0
20201111,21,CO,博州,1.0
20201111,21,CO_24h,博州,0.6
20201111,22,AQI,博州,72.0
20201111,22,PM2.5,博州,19.0
20201111,22,PM2.5_24h,博州,19.0
20201111,22,PM10,博州,94.0
20201111,22,PM10_24h,博州,75.0
20201111,22,SO2,博州,16.0
20201111,22,SO2_24h,博州,16.0
20201111,22,NO2,博州,57.0
20201111,22,NO2_24h,博州,28.0
20201111,22,O3,博州,8.0
20201111,22,O3_24h,博州,45.0
20201111,22,O3_8h,博州,26.0
20201111,22,O3_8h_24h,博州,30.0
20201111,22,CO,博州,1.7
20201111,22,CO_24h,博州,0.6
20201111,23,AQI,博州,83.0
20201111,23,PM2.5,博州,27.0
20201111,23,PM2.5_24h,博州,19.0
20201111,23,PM10,博州,116.0
20201111,23,PM10_24h,博州,75.0
20201111,23,SO2,博州,14.0
20201111,23,SO2_24h,博州,15.0
20201111,23,NO2,博州,50.0
20201111,23,NO2_24h,博州,28.0
20201111,23,O3,博州,8.0
20201111,23,O3_24h,博州,45.0
20201111,23,O3_8h,博州,24.0
20201111,23,O3_8h_24h,博州,30.0
20201111,23,CO,博州,1.5
20201111,23,CO_24h,博州,0.6
20201111,0,AQI,阿克苏地区,145.0
20201111,0,PM2.5,阿克苏地区,100.0
20201111,0,PM2.5_24h,阿克苏地区,57.0
20201111,0,PM10,阿克苏地区,240.0
20201111,0,PM10_24h,阿克苏地区,145.0
20201111,0,SO2,阿克苏地区,20.0
20201111,0,SO2_24h,阿克苏地区,10.0
20201111,0,NO2,阿克苏地区,89.0
20201111,0,NO2_24h,阿克苏地区,54.0
20201111,0,O3,阿克苏地区,8.0
20201111,0,O3_24h,阿克苏地区,88.0
20201111,0,O3_8h,阿克苏地区,41.0
20201111,0,O3_8h_24h,阿克苏地区,72.0
20201111,0,CO,阿克苏地区,3.45
20201111,0,CO_24h,阿克苏地区,1.3
20201111,1,AQI,阿克苏地区,193.0
20201111,1,PM2.5,阿克苏地区,130.0
20201111,1,PM2.5_24h,阿克苏地区,58.0
20201111,1,PM10,阿克苏地区,336.0
20201111,1,PM10_24h,阿克苏地区,146.0
20201111,1,SO2,阿克苏地区,16.0
20201111,1,SO2_24h,阿克苏地区,10.0
20201111,1,NO2,阿克苏地区,85.0
20201111,1,NO2_24h,阿克苏地区,54.0
20201111,1,O3,阿克苏地区,8.0
20201111,1,O3_24h,阿克苏地区,88.0
20201111,1,O3_8h,阿克苏地区,8.0
20201111,1,O3_8h_24h,阿克苏地区,8.0
20201111,1,CO,阿克苏地区,3.05
20201111,1,CO_24h,阿克苏地区,1.25
20201111,2,AQI,阿克苏地区,149.0
20201111,2,PM2.5,阿克苏地区,114.0
20201111,2,PM2.5_24h,阿克苏地区,57.0
20201111,2,PM10,阿克苏地区,237.0
20201111,2,PM10_24h,阿克苏地区,141.0
20201111,2,SO2,阿克苏地区,14.0
20201111,2,SO2_24h,阿克苏地区,10.0
20201111,2,NO2,阿克苏地区,78.0
20201111,2,NO2_24h,阿克苏地区,54.0
20201111,2,O3,阿克苏地区,7.0
20201111,2,O3_24h,阿克苏地区,88.0
20201111,2,O3_8h,阿克苏地区,7.0
20201111,2,O3_8h_24h,阿克苏地区,8.0
20201111,2,CO,阿克苏地区,2.4
20201111,2,CO_24h,阿克苏地区,1.25
20201111,3,AQI,阿克苏地区,128.0
20201111,3,PM2.5,阿克苏地区,97.0
20201111,3,PM2.5_24h,阿克苏地区,57.0
20201111,3,PM10,阿克苏地区,189.0
20201111,3,PM10_24h,阿克苏地区,140.0
20201111,3,SO2,阿克苏地区,9.0
20201111,3,SO2_24h,阿克苏地区,10.0
20201111,3,NO2,阿克苏地区,64.0
20201111,3,NO2_24h,阿克苏地区,54.0
20201111,3,O3,阿克苏地区,14.0
20201111,3,O3_24h,阿克苏地区,88.0
20201111,3,O3_8h,阿克苏地区,9.0
20201111,3,O3_8h_24h,阿克苏地区,10.0
20201111,3,CO,阿克苏地区,1.3
20201111,3,CO_24h,阿克苏地区,1.25
20201111,4,AQI,阿克苏地区,106.0
20201111,4,PM2.5,阿克苏地区,80.0
20201111,4,PM2.5_24h,阿克苏地区,58.0
20201111,4,PM10,阿克苏地区,139.0
20201111,4,PM10_24h,阿克苏地区,140.0
20201111,4,SO2,阿克苏地区,5.0
20201111,4,SO2_24h,阿克苏地区,10.0
20201111,4,NO2,阿克苏地区,33.0
20201111,4,NO2_24h,阿克苏地区,53.0
20201111,4,O3,阿克苏地区,31.0
20201111,4,O3_24h,阿克苏地区,88.0
20201111,4,O3_8h,阿克苏地区,15.0
20201111,4,O3_8h_24h,阿克苏地区,15.0
20201111,4,CO,阿克苏地区,0.8
20201111,4,CO_24h,阿克苏地区,1.25
20201111,5,AQI,阿克苏地区,74.0
20201111,5,PM2.5,阿克苏地区,53.0
20201111,5,PM2.5_24h,阿克苏地区,58.0
20201111,5,PM10,阿克苏地区,97.0
20201111,5,PM10_24h,阿克苏地区,138.0
20201111,5,SO2,阿克苏地区,5.0
20201111,5,SO2_24h,阿克苏地区,9.0
20201111,5,NO2,阿克苏地区,28.0
20201111,5,NO2_24h,阿克苏地区,51.0
20201111,5,O3,阿克苏地区,41.0
20201111,5,O3_24h,阿克苏地区,88.0
20201111,5,O3_8h,阿克苏地区,20.0
20201111,5,O3_8h_24h,阿克苏地区,20.0
20201111,5,CO,阿克苏地区,0.8
20201111,5,CO_24h,阿克苏地区,1.15
20201111,6,AQI,阿克苏地区,74.0
20201111,6,PM2.5,阿克苏地区,49.0
20201111,6,PM2.5_24h,阿克苏地区,57.0
20201111,6,PM10,阿克苏地区,97.0
20201111,6,PM10_24h,阿克苏地区,136.0
20201111,6,SO2,阿克苏地区,5.0
20201111,6,SO2_24h,阿克苏地区,9.0
20201111,6,NO2,阿克苏地区,21.0
20201111,6,NO2_24h,阿克苏地区,49.0
20201111,6,O3,阿克苏地区,50.0
20201111,6,O3_24h,阿克苏地区,88.0
20201111,6,O3_8h,阿克苏地区,25.0
20201111,6,O3_8h_24h,阿克苏地区,25.0
20201111,6,CO,阿克苏地区,0.6
20201111,6,CO_24h,阿克苏地区,1.15
20201111,7,AQI,阿克苏地区,83.0
20201111,7,PM2.5,阿克苏地区,61.0
20201111,7,PM2.5_24h,阿克苏地区,58.0
20201111,7,PM10,阿克苏地区,91.0
20201111,7,PM10_24h,阿克苏地区,119.0
20201111,7,SO2,阿克苏地区,5.0
20201111,7,SO2_24h,阿克苏地区,9.0
20201111,7,NO2,阿克苏地区,20.0
20201111,7,NO2_24h,阿克苏地区,50.0
20201111,7,O3,阿克苏地区,55.0
20201111,7,O3_24h,阿克苏地区,79.0
20201111,7,O3_8h,阿克苏地区,34.0
20201111,7,O3_8h_24h,阿克苏地区,34.0
20201111,7,CO_24h,阿克苏地区,0.9
20201111,8,AQI,阿克苏地区,70.0
20201111,8,PM2.5,阿克苏地区,51.0
20201111,8,PM2.5_24h,阿克苏地区,57.0
20201111,8,PM10,阿克苏地区,87.0
20201111,8,PM10_24h,阿克苏地区,136.0
20201111,8,SO2,阿克苏地区,5.0
20201111,8,SO2_24h,阿克苏地区,10.0
20201111,8,NO2,阿克苏地区,28.0
20201111,8,NO2_24h,阿克苏地区,49.0
20201111,8,O3,阿克苏地区,42.0
20201111,8,O3_24h,阿克苏地区,88.0
20201111,8,O3_8h,阿克苏地区,29.0
20201111,8,O3_8h_24h,阿克苏地区,29.0
20201111,8,CO,阿克苏地区,0.6
20201111,8,CO_24h,阿克苏地区,1.1
20201111,10,AQI,阿克苏地区,75.0
20201111,10,PM2.5,阿克苏地区,50.0
20201111,10,PM2.5_24h,阿克苏地区,57.0
20201111,10,PM10,阿克苏地区,100.0
20201111,10,PM10_24h,阿克苏地区,133.0
20201111,10,SO2,阿克苏地区,8.0
20201111,10,SO2_24h,阿克苏地区,10.0
20201111,10,NO2,阿克苏地区,49.0
20201111,10,NO2_24h,阿克苏地区,48.0
20201111,10,O3,阿克苏地区,23.0
20201111,10,O3_24h,阿克苏地区,88.0
20201111,10,O3_8h,阿克苏地区,37.0
20201111,10,O3_8h_24h,阿克苏地区,37.0
20201111,10,CO,阿克苏地区,1.5
20201111,10,CO_24h,阿克苏地区,1.05
20201111,11,AQI,阿克苏地区,90.0
20201111,11,PM2.5,阿克苏地区,55.0
20201111,11,PM2.5_24h,阿克苏地区,58.0
20201111,11,PM10,阿克苏地区,130.0
20201111,11,PM10_24h,阿克苏地区,133.0
20201111,11,SO2,阿克苏地区,8.0
20201111,11,SO2_24h,阿克苏地区,10.0
20201111,11,NO2,阿克苏地区,42.0
20201111,11,NO2_24h,阿克苏地区,48.0
20201111,11,O3,阿克苏地区,25.0
20201111,11,O3_24h,阿克苏地区,88.0
20201111,11,O3_8h,阿克苏地区,38.0
20201111,11,O3_8h_24h,阿克苏地区,38.0
20201111,11,CO,阿克苏地区,0.85
20201111,11,CO_24h,阿克苏地区,1.05
20201111,12,AQI,阿克苏地区,90.0
20201111,12,PM2.5,阿克苏地区,55.0
20201111,12,PM2.5_24h,阿克苏地区,58.0
20201111,12,PM10,阿克苏地区,129.0
20201111,12,PM10_24h,阿克苏地区,133.0
20201111,12,SO2,阿克苏地区,8.0
20201111,12,SO2_24h,阿克苏地区,10.0
20201111,12,NO2,阿克苏地区,45.0
20201111,12,NO2_24h,阿克苏地区,48.0
20201111,12,O3,阿克苏地区,30.0
20201111,12,O3_24h,阿克苏地区,88.0
20201111,12,O3_8h,阿克苏地区,38.0
20201111,12,O3_8h_24h,阿克苏地区,38.0
20201111,12,CO,阿克苏地区,0.75
20201111,12,CO_24h,阿克苏地区,1.0
20201111,13,AQI,阿克苏地区,90.0
20201111,13,PM2.5,阿克苏地区,56.0
20201111,13,PM2.5_24h,阿克苏地区,58.0
20201111,13,PM10,阿克苏地区,129.0
20201111,13,PM10_24h,阿克苏地区,133.0
20201111,13,SO2,阿克苏地区,10.0
20201111,13,SO2_24h,阿克苏地区,9.0
20201111,13,NO2,阿克苏地区,36.0
20201111,13,NO2_24h,阿克苏地区,47.0
20201111,13,O3,阿克苏地区,43.0
20201111,13,O3_24h,阿克苏地区,88.0
20201111,13,O3_8h,阿克苏地区,39.0
20201111,13,O3_8h_24h,阿克苏地区,39.0
20201111,13,CO,阿克苏地区,0.55
20201111,13,CO_24h,阿克苏地区,1.0
20201111,14,AQI,阿克苏地区,74.0
20201111,14,PM2.5,阿克苏地区,48.0
20201111,14,PM2.5_24h,阿克苏地区,58.0
20201111,14,PM10,阿克苏地区,98.0
20201111,14,PM10_24h,阿克苏地区,131.0
20201111,14,SO2,阿克苏地区,9.0
20201111,14,SO2_24h,阿克苏地区,9.0
20201111,14,NO2,阿克苏地区,28.0
20201111,14,NO2_24h,阿克苏地区,47.0
20201111,14,O3,阿克苏地区,61.0
20201111,14,O3_24h,阿克苏地区,88.0
20201111,14,O3_8h,阿克苏地区,40.0
20201111,14,O3_8h_24h,阿克苏地区,40.0
20201111,14,CO,阿克苏地区,0.35
20201111,14,CO_24h,阿克苏地区,1.0
20201111,15,AQI,阿克苏地区,72.0
20201111,15,PM2.5,阿克苏地区,42.0
20201111,15,PM2.5_24h,阿克苏地区,58.0
20201111,15,PM10,阿克苏地区,94.0
20201111,15,PM10_24h,阿克苏地区,131.0
20201111,15,SO2,阿克苏地区,7.0
20201111,15,SO2_24h,阿克苏地区,9.0
20201111,15,NO2,阿克苏地区,21.0
20201111,15,NO2_24h,阿克苏地区,47.0
20201111,15,O3,阿克苏地区,77.0
20201111,15,O3_24h,阿克苏地区,88.0
20201111,15,O3_8h,阿克苏地区,43.0
20201111,15,O3_8h_24h,阿克苏地区,43.0
20201111,15,CO,阿克苏地区,0.5
20201111,15,CO_24h,阿克苏地区,1.0
20201111,16,AQI,阿克苏地区,53.0
20201111,16,PM2.5,阿克苏地区,31.0
20201111,16,PM2.5_24h,阿克苏地区,57.0
20201111,16,PM10,阿克苏地区,56.0
20201111,16,PM10_24h,阿克苏地区,130.0
20201111,16,SO2,阿克苏地区,6.0
20201111,16,SO2_24h,阿克苏地区,9.0
20201111,16,NO2,阿克苏地区,18.0
20201111,16,NO2_24h,阿克苏地区,47.0
20201111,16,O3,阿克苏地区,88.0
20201111,16,O3_24h,阿克苏地区,91.0
20201111,16,O3_8h,阿克苏地区,48.0
20201111,16,O3_8h_24h,阿克苏地区,48.0
20201111,16,CO,阿克苏地区,0.4
20201111,16,CO_24h,阿克苏地区,1.0
20201111,17,AQI,阿克苏地区,53.0
20201111,17,PM2.5,阿克苏地区,26.0
20201111,17,PM2.5_24h,阿克苏地区,57.0
20201111,17,PM10,阿克苏地区,55.0
20201111,17,PM10_24h,阿克苏地区,129.0
20201111,17,SO2,阿克苏地区,6.0
20201111,17,SO2_24h,阿克苏地区,9.0
20201111,17,NO2,阿克苏地区,19.0
20201111,17,NO2_24h,阿克苏地区,47.0
20201111,17,O3,阿克苏地区,92.0
20201111,17,O3_24h,阿克苏地区,93.0
20201111,17,O3_8h,阿克苏地区,55.0
20201111,17,O3_8h_24h,阿克苏地区,55.0
20201111,17,CO,阿克苏地区,0.4
20201111,17,CO_24h,阿克苏地区,1.0
20201111,18,AQI,阿克苏地区,53.0
20201111,18,PM2.5,阿克苏地区,25.0
20201111,18,PM2.5_24h,阿克苏地区,57.0
20201111,18,PM10,阿克苏地区,55.0
20201111,18,PM10_24h,阿克苏地区,127.0
20201111,18,SO2,阿克苏地区,7.0
20201111,18,SO2_24h,阿克苏地区,9.0
20201111,18,NO2,阿克苏地区,27.0
20201111,18,NO2_24h,阿克苏地区,47.0
20201111,18,O3,阿克苏地区,87.0
20201111,18,O3_24h,阿克苏地区,93.0
20201111,18,O3_8h,阿克苏地区,63.0
20201111,18,O3_8h_24h,阿克苏地区,63.0
20201111,18,CO,阿克苏地区,0.4
20201111,18,CO_24h,阿克苏地区,1.0
20201111,19,AQI,阿克苏地区,63.0
20201111,19,PM2.5,阿克苏地区,29.0
20201111,19,PM2.5_24h,阿克苏地区,57.0
20201111,19,PM10,阿克苏地区,76.0
20201111,19,PM10_24h,阿克苏地区,127.0
20201111,19,SO2,阿克苏地区,8.0
20201111,19,SO2_24h,阿克苏地区,9.0
20201111,19,NO2,阿克苏地区,30.0
20201111,19,NO2_24h,阿克苏地区,47.0
20201111,19,O3,阿克苏地区,82.0
20201111,19,O3_24h,阿克苏地区,93.0
20201111,19,O3_8h,阿克苏地区,70.0
20201111,19,O3_8h_24h,阿克苏地区,70.0
20201111,19,CO,阿克苏地区,0.4
20201111,19,CO_24h,阿克苏地区,1.0
20201111,20,AQI,阿克苏地区,70.0
20201111,20,PM2.5,阿克苏地区,32.0
20201111,20,PM2.5_24h,阿克苏地区,57.0
20201111,20,PM10,阿克苏地区,89.0
20201111,20,PM10_24h,阿克苏地区,127.0
20201111,20,SO2,阿克苏地区,6.0
20201111,20,SO2_24h,阿克苏地区,9.0
20201111,20,NO2,阿克苏地区,39.0
20201111,20,NO2_24h,阿克苏地区,46.0
20201111,20,O3,阿克苏地区,61.0
20201111,20,O3_24h,阿克苏地区,93.0
20201111,20,O3_8h,阿克苏地区,74.0
20201111,20,O3_8h_24h,阿克苏地区,74.0
20201111,20,CO,阿克苏地区,0.4
20201111,20,CO_24h,阿克苏地区,1.0
20201111,21,AQI,阿克苏地区,72.0
20201111,21,PM2.5,阿克苏地区,31.0
20201111,21,PM2.5_24h,阿克苏地区,57.0
20201111,21,PM10,阿克苏地区,93.0
20201111,21,PM10_24h,阿克苏地区,126.0
20201111,21,SO2,阿克苏地区,10.0
20201111,21,SO2_24h,阿克苏地区,9.0
20201111,21,NO2,阿克苏地区,86.0
20201111,21,NO2_24h,阿克苏地区,45.0
20201111,21,O3,阿克苏地区,20.0
20201111,21,O3_24h,阿克苏地区,93.0
20201111,21,O3_8h,阿克苏地区,71.0
20201111,21,O3_8h_24h,阿克苏地区,74.0
20201111,21,CO,阿克苏地区,1.35
20201111,21,CO_24h,阿克苏地区,0.95
20201111,22,AQI,阿克苏地区,116.0
20201111,22,PM2.5,阿克苏地区,60.0
20201111,22,PM2.5_24h,阿克苏地区,57.0
20201111,22,PM10,阿克苏地区,182.0
20201111,22,PM10_24h,阿克苏地区,127.0
20201111,22,SO2,阿克苏地区,15.0
20201111,22,SO2_24h,阿克苏地区,9.0
20201111,22,NO2,阿克苏地区,98.0
20201111,22,NO2_24h,阿克苏地区,46.0
20201111,22,O3,阿克苏地区,8.0
20201111,22,O3_24h,阿克苏地区,93.0
20201111,22,O3_8h,阿克苏地区,64.0
20201111,22,O3_8h_24h,阿克苏地区,74.0
20201111,22,CO,阿克苏地区,1.05
20201111,22,CO_24h,阿克苏地区,0.95
20201111,23,AQI,阿克苏地区,130.0
20201111,23,PM2.5,阿克苏地区,73.0
20201111,23,PM2.5_24h,阿克苏地区,58.0
20201111,23,PM10,阿克苏地区,209.0
20201111,23,PM10_24h,阿克苏地区,129.0
20201111,23,SO2,阿克苏地区,13.0
20201111,23,SO2_24h,阿克苏地区,9.0
20201111,23,NO2,阿克苏地区,88.0
20201111,23,NO2_24h,阿克苏地区,46.0
20201111,23,O3,阿克苏地区,8.0
20201111,23,O3_24h,阿克苏地区,93.0
20201111,23,O3_8h,阿克苏地区,56.0
20201111,23,O3_8h_24h,阿克苏地区,74.0
20201111,23,CO,阿克苏地区,0.85
20201111,23,CO_24h,阿克苏地区,0.95
20201111,0,AQI,克州,63.0
20201111,0,PM2.5,克州,45.0
20201111,0,PM2.5_24h,克州,36.0
20201111,0,PM10,克州,75.0
20201111,0,PM10_24h,克州,66.0
20201111,0,SO2,克州,12.0
20201111,0,SO2_24h,克州,11.0
20201111,0,NO2,克州,21.0
20201111,0,NO2_24h,克州,12.0
20201111,0,CO,克州,0.9
20201111,0,CO_24h,克州,0.6
20201111,1,AQI,克州,74.0
20201111,1,PM2.5,克州,54.0
20201111,1,PM2.5_24h,克州,36.0
20201111,1,PM10,克州,74.0
20201111,1,PM10_24h,克州,65.0
20201111,1,SO2,克州,12.0
20201111,1,SO2_24h,克州,11.0
20201111,1,NO2,克州,12.0
20201111,1,NO2_24h,克州,12.0
20201111,1,CO,克州,0.6
20201111,1,CO_24h,克州,0.6
20201111,2,AQI,克州,64.0
20201111,2,PM2.5,克州,46.0
20201111,2,PM2.5_24h,克州,35.0
20201111,2,PM10,克州,63.0
20201111,2,PM10_24h,克州,64.0
20201111,2,SO2,克州,11.0
20201111,2,SO2_24h,克州,11.0
20201111,2,NO2,克州,8.0
20201111,2,NO2_24h,克州,12.0
20201111,2,CO,克州,0.5
20201111,2,CO_24h,克州,0.6
20201111,3,AQI,克州,42.0
20201111,3,PM2.5,克州,22.0
20201111,3,PM2.5_24h,克州,35.0
20201111,3,PM10,克州,42.0
20201111,3,PM10_24h,克州,62.0
20201111,3,SO2,克州,11.0
20201111,3,SO2_24h,克州,11.0
20201111,3,NO2,克州,9.0
20201111,3,NO2_24h,克州,12.0
20201111,3,CO,克州,0.4
20201111,3,CO_24h,克州,0.6
20201111,4,AQI,克州,50.0
20201111,4,PM2.5,克州,27.0
20201111,4,PM2.5_24h,克州,35.0
20201111,4,PM10,克州,50.0
20201111,4,PM10_24h,克州,62.0
20201111,4,SO2,克州,10.0
20201111,4,SO2_24h,克州,11.0
20201111,4,NO2,克州,7.0
20201111,4,NO2_24h,克州,12.0
20201111,4,CO,克州,0.5
20201111,4,CO_24h,克州,0.6
20201111,5,AQI,克州,54.0
20201111,5,PM2.5,克州,18.0
20201111,5,PM2.5_24h,克州,34.0
20201111,5,PM10,克州,58.0
20201111,5,PM10_24h,克州,63.0
20201111,5,SO2,克州,10.0
20201111,5,SO2_24h,克州,11.0
20201111,5,NO2,克州,8.0
20201111,5,NO2_24h,克州,12.0
20201111,5,CO,克州,0.4
20201111,5,CO_24h,克州,0.6
20201111,6,AQI,克州,53.0
20201111,6,PM2.5,克州,25.0
20201111,6,PM2.5_24h,克州,34.0
20201111,6,PM10,克州,56.0
20201111,6,PM10_24h,克州,62.0
20201111,6,SO2,克州,10.0
20201111,6,SO2_24h,克州,11.0
20201111,6,NO2,克州,7.0
20201111,6,NO2_24h,克州,11.0
20201111,6,CO,克州,0.5
20201111,6,CO_24h,克州,0.5
20201111,8,AQI,克州,62.0
20201111,8,PM2.5,克州,34.0
20201111,8,PM2.5_24h,克州,33.0
20201111,8,PM10,克州,74.0
20201111,8,PM10_24h,克州,62.0
20201111,8,SO2,克州,11.0
20201111,8,SO2_24h,克州,11.0
20201111,8,NO2,克州,11.0
20201111,8,NO2_24h,克州,11.0
20201111,8,CO,克州,0.5
20201111,8,CO_24h,克州,0.5
20201111,10,AQI,克州,76.0
20201111,10,PM2.5,克州,56.0
20201111,10,PM2.5_24h,克州,32.0
20201111,10,PM10,克州,69.0
20201111,10,PM10_24h,克州,61.0
20201111,10,SO2,克州,13.0
20201111,10,SO2_24h,克州,12.0
20201111,10,NO2,克州,10.0
20201111,10,NO2_24h,克州,11.0
20201111,10,CO,克州,0.5
20201111,10,CO_24h,克州,0.5
20201111,11,AQI,克州,75.0
20201111,11,PM2.5,克州,55.0
20201111,11,PM2.5_24h,克州,32.0
20201111,11,PM10,克州,72.0
20201111,11,PM10_24h,克州,60.0
20201111,11,SO2,克州,12.0
20201111,11,SO2_24h,克州,12.0
20201111,11,NO2,克州,11.0
20201111,11,NO2_24h,克州,11.0
20201111,11,CO,克州,0.5
20201111,11,CO_24h,克州,0.5
20201111,12,AQI,克州,59.0
20201111,12,PM2.5,克州,37.0
20201111,12,PM2.5_24h,克州,31.0
20201111,12,PM10,克州,68.0
20201111,12,PM10_24h,克州,59.0
20201111,12,SO2,克州,12.0
20201111,12,SO2_24h,克州,12.0
20201111,12,NO2,克州,10.0
20201111,12,NO2_24h,克州,10.0
20201111,12,CO,克州,0.4
20201111,12,CO_24h,克州,0.5
20201111,13,AQI,克州,57.0
20201111,13,PM2.5,克州,33.0
20201111,13,PM2.5_24h,克州,30.0
20201111,13,PM10,克州,63.0
20201111,13,PM10_24h,克州,59.0
20201111,13,SO2,克州,11.0
20201111,13,SO2_24h,克州,12.0
20201111,13,NO2,克州,7.0
20201111,13,NO2_24h,克州,10.0
20201111,13,CO,克州,0.4
20201111,13,CO_24h,克州,0.5
20201111,14,AQI,克州,52.0
20201111,14,PM2.5,克州,20.0
20201111,14,PM2.5_24h,克州,30.0
20201111,14,PM10,克州,53.0
20201111,14,PM10_24h,克州,59.0
20201111,14,SO2,克州,10.0
20201111,14,SO2_24h,克州,12.0
20201111,14,NO2,克州,6.0
20201111,14,NO2_24h,克州,10.0
20201111,14,CO,克州,0.4
20201111,14,CO_24h,克州,0.5
20201111,15,AQI,克州,51.0
20201111,15,PM2.5,克州,11.0
20201111,15,PM2.5_24h,克州,30.0
20201111,15,PM10,克州,52.0
20201111,15,PM10_24h,克州,59.0
20201111,15,SO2,克州,10.0
20201111,15,SO2_24h,克州,12.0
20201111,15,NO2,克州,6.0
20201111,15,NO2_24h,克州,10.0
20201111,15,CO,克州,0.4
20201111,15,CO_24h,克州,0.5
20201111,16,AQI,克州,43.0
20201111,16,PM2.5,克州,16.0
20201111,16,PM2.5_24h,克州,30.0
20201111,16,PM10,克州,43.0
20201111,16,PM10_24h,克州,59.0
20201111,16,SO2,克州,9.0
20201111,16,SO2_24h,克州,12.0
20201111,16,NO2,克州,5.0
20201111,16,NO2_24h,克州,10.0
20201111,16,CO,克州,0.3
20201111,16,CO_24h,克州,0.5
20201111,17,AQI,克州,42.0
20201111,17,PM2.5,克州,7.0
20201111,17,PM2.5_24h,克州,29.0
20201111,17,PM10,克州,42.0
20201111,17,PM10_24h,克州,58.0
20201111,17,SO2,克州,9.0
20201111,17,SO2_24h,克州,12.0
20201111,17,NO2,克州,5.0
20201111,17,NO2_24h,克州,10.0
20201111,17,CO,克州,0.3
20201111,17,CO_24h,克州,0.5
20201111,18,AQI,克州,50.0
20201111,18,PM2.5,克州,13.0
20201111,18,PM2.5_24h,克州,29.0
20201111,18,PM10,克州,50.0
20201111,18,PM10_24h,克州,59.0
20201111,18,SO2,克州,9.0
20201111,18,SO2_24h,克州,11.0
20201111,18,NO2,克州,5.0
20201111,18,NO2_24h,克州,10.0
20201111,18,CO,克州,0.3
20201111,18,CO_24h,克州,0.5
20201111,19,AQI,克州,41.0
20201111,19,PM2.5,克州,12.0
20201111,19,PM2.5_24h,克州,29.0
20201111,19,PM10,克州,41.0
20201111,19,PM10_24h,克州,58.0
20201111,19,SO2,克州,9.0
20201111,19,SO2_24h,克州,11.0
20201111,19,NO2,克州,7.0
20201111,19,NO2_24h,克州,10.0
20201111,19,CO,克州,0.4
20201111,19,CO_24h,克州,0.5
20201111,20,AQI,克州,35.0
20201111,20,PM2.5,克州,13.0
20201111,20,PM2.5_24h,克州,29.0
20201111,20,PM10,克州,35.0
20201111,20,PM10_24h,克州,57.0
20201111,20,SO2,克州,10.0
20201111,20,SO2_24h,克州,11.0
20201111,20,NO2,克州,15.0
20201111,20,NO2_24h,克州,10.0
20201111,20,CO,克州,0.5
20201111,20,CO_24h,克州,0.5
20201111,21,AQI,克州,40.0
20201111,21,PM2.5,克州,22.0
20201111,21,PM2.5_24h,克州,29.0
20201111,21,PM10,克州,40.0
20201111,21,PM10_24h,克州,57.0
20201111,21,SO2,克州,10.0
20201111,21,SO2_24h,克州,11.0
20201111,21,NO2,克州,13.0
20201111,21,NO2_24h,克州,10.0
20201111,21,CO,克州,0.4
20201111,21,CO_24h,克州,0.5
20201111,22,AQI,克州,46.0
20201111,22,PM2.5,克州,25.0
20201111,22,PM2.5_24h,克州,29.0
20201111,22,PM10,克州,46.0
20201111,22,PM10_24h,克州,57.0
20201111,22,SO2,克州,10.0
20201111,22,SO2_24h,克州,11.0
20201111,22,NO2,克州,13.0
20201111,22,NO2_24h,克州,10.0
20201111,22,CO,克州,0.6
20201111,22,CO_24h,克州,0.5
20201111,23,AQI,克州,52.0
20201111,23,PM2.5,克州,36.0
20201111,23,PM2.5_24h,克州,29.0
20201111,23,PM10,克州,54.0
20201111,23,PM10_24h,克州,57.0
20201111,23,SO2,克州,11.0
20201111,23,SO2_24h,克州,11.0
20201111,23,NO2,克州,15.0
20201111,23,NO2_24h,克州,10.0
20201111,23,CO,克州,0.6
20201111,23,CO_24h,克州,0.5
20201111,0,AQI,喀什地区,167.0
20201111,0,PM2.5,喀什地区,127.0
20201111,0,PM2.5_24h,喀什地区,81.0
20201111,0,PM10,喀什地区,172.0
20201111,0,PM10_24h,喀什地区,103.0
20201111,0,SO2,喀什地区,15.0
20201111,0,SO2_24h,喀什地区,12.0
20201111,0,NO2,喀什地区,82.0
20201111,0,NO2_24h,喀什地区,41.0
20201111,0,O3,喀什地区,12.0
20201111,0,O3_24h,喀什地区,105.0
20201111,0,O3_8h,喀什地区,62.0
20201111,0,O3_8h_24h,喀什地区,92.0
20201111,0,CO,喀什地区,3.87
20201111,0,CO_24h,喀什地区,2.37
20201111,1,AQI,喀什地区,174.0
20201111,1,PM2.5,喀什地区,132.0
20201111,1,PM2.5_24h,喀什地区,80.0
20201111,1,PM10,喀什地区,162.0
20201111,1,PM10_24h,喀什地区,102.0
20201111,1,SO2,喀什地区,13.0
20201111,1,SO2_24h,喀什地区,12.0
20201111,1,NO2,喀什地区,72.0
20201111,1,NO2_24h,喀什地区,40.0
20201111,1,O3,喀什地区,13.0
20201111,1,O3_24h,喀什地区,105.0
20201111,1,O3_8h,喀什地区,13.0
20201111,1,O3_8h_24h,喀什地区,13.0
20201111,1,CO,喀什地区,3.7
20201111,1,CO_24h,喀什地区,2.3
20201111,2,AQI,喀什地区,146.0
20201111,2,PM2.5,喀什地区,112.0
20201111,2,PM2.5_24h,喀什地区,79.0
20201111,2,PM10,喀什地区,146.0
20201111,2,PM10_24h,喀什地区,101.0
20201111,2,SO2,喀什地区,11.0
20201111,2,SO2_24h,喀什地区,12.0
20201111,2,NO2,喀什地区,55.0
20201111,2,NO2_24h,喀什地区,40.0
20201111,2,O3,喀什地区,23.0
20201111,2,O3_24h,喀什地区,105.0
20201111,2,O3_8h,喀什地区,18.0
20201111,2,O3_8h_24h,喀什地区,18.0
20201111,2,CO,喀什地区,3.03
20201111,2,CO_24h,喀什地区,2.27
20201111,3,AQI,喀什地区,118.0
20201111,3,PM2.5,喀什地区,89.0
20201111,3,PM2.5_24h,喀什地区,78.0
20201111,3,PM10,喀什地区,115.0
20201111,3,PM10_24h,喀什地区,100.0
20201111,3,SO2,喀什地区,9.0
20201111,3,SO2_24h,喀什地区,12.0
20201111,3,NO2,喀什地区,36.0
20201111,3,NO2_24h,喀什地区,39.0
20201111,3,O3,喀什地区,33.0
20201111,3,O3_24h,喀什地区,105.0
20201111,3,O3_8h,喀什地区,23.0
20201111,3,O3_8h_24h,喀什地区,23.0
20201111,3,CO,喀什地区,2.4
20201111,3,CO_24h,喀什地区,2.23
20201111,4,AQI,喀什地区,90.0
20201111,4,PM2.5,喀什地区,67.0
20201111,4,PM2.5_24h,喀什地区,76.0
20201111,4,PM10,喀什地区,90.0
20201111,4,PM10_24h,喀什地区,99.0
20201111,4,SO2,喀什地区,8.0
20201111,4,SO2_24h,喀什地区,12.0
20201111,4,NO2,喀什地区,35.0
20201111,4,NO2_24h,喀什地区,39.0
20201111,4,O3,喀什地区,30.0
20201111,4,O3_24h,喀什地区,105.0
20201111,4,O3_8h,喀什地区,25.0
20201111,4,O3_8h_24h,喀什地区,25.0
20201111,4,CO,喀什地区,2.27
20201111,4,CO_24h,喀什地区,2.17
20201111,5,AQI,喀什地区,81.0
20201111,5,PM2.5,喀什地区,60.0
20201111,5,PM2.5_24h,喀什地区,75.0
20201111,5,PM10,喀什地区,87.0
20201111,5,PM10_24h,喀什地区,98.0
20201111,5,SO2,喀什地区,9.0
20201111,5,SO2_24h,喀什地区,12.0
20201111,5,NO2,喀什地区,44.0
20201111,5,NO2_24h,喀什地区,39.0
20201111,5,O3,喀什地区,21.0
20201111,5,O3_24h,喀什地区,105.0
20201111,5,O3_8h,喀什地区,24.0
20201111,5,O3_8h_24h,喀什地区,25.0
20201111,5,CO,喀什地区,2.5
20201111,5,CO_24h,喀什地区,2.2
20201111,6,AQI,喀什地区,84.0
20201111,6,PM2.5,喀什地区,62.0
20201111,6,PM2.5_24h,喀什地区,74.0
20201111,6,PM10,喀什地区,84.0
20201111,6,PM10_24h,喀什地区,97.0
20201111,6,SO2,喀什地区,8.0
20201111,6,SO2_24h,喀什地区,12.0
20201111,6,NO2,喀什地区,34.0
20201111,6,NO2_24h,喀什地区,39.0
20201111,6,O3,喀什地区,30.0
20201111,6,O3_24h,喀什地区,105.0
20201111,6,O3_8h,喀什地区,25.0
20201111,6,O3_8h_24h,喀什地区,26.0
20201111,6,CO,喀什地区,2.0
20201111,6,CO_24h,喀什地区,2.17
20201111,8,AQI,喀什地区,80.0
20201111,8,PM2.5,喀什地区,59.0
20201111,8,PM2.5_24h,喀什地区,73.0
20201111,8,PM10,喀什地区,76.0
20201111,8,PM10_24h,喀什地区,96.0
20201111,8,SO2,喀什地区,7.0
20201111,8,SO2_24h,喀什地区,12.0
20201111,8,NO2,喀什地区,30.0
20201111,8,NO2_24h,喀什地区,39.0
20201111,8,O3,喀什地区,27.0
20201111,8,O3_24h,喀什地区,105.0
20201111,8,O3_8h,喀什地区,26.0
20201111,8,O3_8h_24h,喀什地区,26.0
20201111,8,CO,喀什地区,1.77
20201111,8,CO_24h,喀什地区,2.07
20201111,10,AQI,喀什地区,79.0
20201111,10,PM2.5,喀什地区,58.0
20201111,10,PM2.5_24h,喀什地区,72.0
20201111,10,PM10,喀什地区,86.0
20201111,10,PM10_24h,喀什地区,96.0
20201111,10,SO2,喀什地区,7.0
20201111,10,SO2_24h,喀什地区,12.0
20201111,10,NO2,喀什地区,37.0
20201111,10,NO2_24h,喀什地区,39.0
20201111,10,O3,喀什地区,18.0
20201111,10,O3_24h,喀什地区,105.0
20201111,10,O3_8h,喀什地区,26.0
20201111,10,O3_8h_24h,喀什地区,27.0
20201111,10,CO,喀什地区,1.8
20201111,10,CO_24h,喀什地区,2.07
20201111,11,AQI,喀什地区,86.0
20201111,11,PM2.5,喀什地区,64.0
20201111,11,PM2.5_24h,喀什地区,72.0
20201111,11,PM10,喀什地区,91.0
20201111,11,PM10_24h,喀什地区,95.0
20201111,11,SO2,喀什地区,9.0
20201111,11,SO2_24h,喀什地区,12.0
20201111,11,NO2,喀什地区,40.0
20201111,11,NO2_24h,喀什地区,39.0
20201111,11,O3,喀什地区,27.0
20201111,11,O3_24h,喀什地区,105.0
20201111,11,O3_8h,喀什地区,25.0
20201111,11,O3_8h_24h,喀什地区,28.0
20201111,11,CO,喀什地区,1.87
20201111,11,CO_24h,喀什地区,2.03
20201111,12,AQI,喀什地区,101.0
20201111,12,PM2.5,喀什地区,76.0
20201111,12,PM2.5_24h,喀什地区,71.0
20201111,12,PM10,喀什地区,110.0
20201111,12,PM10_24h,喀什地区,95.0
20201111,12,SO2,喀什地区,15.0
20201111,12,SO2_24h,喀什地区,12.0
20201111,12,NO2,喀什地区,39.0
20201111,12,NO2_24h,喀什地区,39.0
20201111,12,O3,喀什地区,47.0
20201111,12,O3_24h,喀什地区,105.0
20201111,12,O3_8h,喀什地区,27.0
20201111,12,O3_8h_24h,喀什地区,29.0
20201111,12,CO,喀什地区,1.83
20201111,12,CO_24h,喀什地区,2.03
20201111,13,AQI,喀什地区,119.0
20201111,13,PM2.5,喀什地区,90.0
20201111,13,PM2.5_24h,喀什地区,70.0
20201111,13,PM10,喀什地区,114.0
20201111,13,PM10_24h,喀什地区,95.0
20201111,13,SO2,喀什地区,14.0
20201111,13,SO2_24h,喀什地区,12.0
20201111,13,NO2,喀什地区,27.0
20201111,13,NO2_24h,喀什地区,38.0
20201111,13,O3,喀什地区,69.0
20201111,13,O3_24h,喀什地区,105.0
20201111,13,O3_8h,喀什地区,33.0
20201111,13,O3_8h_24h,喀什地区,34.0
20201111,13,CO,喀什地区,1.43
20201111,13,CO_24h,喀什地区,2.0
20201111,14,AQI,喀什地区,105.0
20201111,14,PM2.5,喀什地区,79.0
20201111,14,PM2.5_24h,喀什地区,70.0
20201111,14,PM10,喀什地区,90.0
20201111,14,PM10_24h,喀什地区,94.0
20201111,14,SO2,喀什地区,10.0
20201111,14,SO2_24h,喀什地区,11.0
20201111,14,NO2,喀什地区,11.0
20201111,14,NO2_24h,喀什地区,38.0
20201111,14,O3,喀什地区,86.0
20201111,14,O3_24h,喀什地区,105.0
20201111,14,O3_8h,喀什地区,41.0
20201111,14,O3_8h_24h,喀什地区,41.0
20201111,14,CO,喀什地区,1.07
20201111,14,CO_24h,喀什地区,1.97
20201111,15,AQI,喀什地区,63.0
20201111,15,PM2.5,喀什地区,45.0
20201111,15,PM2.5_24h,喀什地区,70.0
20201111,15,PM10,喀什地区,64.0
20201111,15,PM10_24h,喀什地区,94.0
20201111,15,SO2,喀什地区,12.0
20201111,15,SO2_24h,喀什地区,11.0
20201111,15,NO2,喀什地区,13.0
20201111,15,NO2_24h,喀什地区,38.0
20201111,15,O3,喀什地区,89.0
20201111,15,O3_24h,喀什地区,105.0
20201111,15,O3_8h,喀什地区,48.0
20201111,15,O3_8h_24h,喀什地区,48.0
20201111,15,CO,喀什地区,1.0
20201111,15,CO_24h,喀什地区,1.97
20201111,16,AQI,喀什地区,54.0
20201111,16,PM2.5,喀什地区,38.0
20201111,16,PM2.5_24h,喀什地区,69.0
20201111,16,PM10,喀什地区,58.0
20201111,16,PM10_24h,喀什地区,93.0
20201111,16,SO2,喀什地区,11.0
20201111,16,SO2_24h,喀什地区,11.0
20201111,16,NO2,喀什地区,11.0
20201111,16,NO2_24h,喀什地区,38.0
20201111,16,O3,喀什地区,91.0
20201111,16,O3_24h,喀什地区,105.0
20201111,16,O3_8h,喀什地区,56.0
20201111,16,O3_8h_24h,喀什地区,56.0
20201111,16,CO,喀什地区,0.93
20201111,16,CO_24h,喀什地区,1.97
20201111,17,AQI,喀什地区,56.0
20201111,17,PM2.5,喀什地区,37.0
20201111,17,PM2.5_24h,喀什地区,69.0
20201111,17,PM10,喀什地区,61.0
20201111,17,PM10_24h,喀什地区,93.0
20201111,17,SO2,喀什地区,9.0
20201111,17,SO2_24h,喀什地区,11.0
20201111,17,NO2,喀什地区,9.0
20201111,17,NO2_24h,喀什地区,38.0
20201111,17,O3,喀什地区,93.0
20201111,17,O3_24h,喀什地区,105.0
20201111,17,O3_8h,喀什地区,65.0
20201111,17,O3_8h_24h,喀什地区,65.0
20201111,17,CO,喀什地区,0.87
20201111,17,CO_24h,喀什地区,1.93
20201111,18,AQI,喀什地区,54.0
20201111,18,PM2.5,喀什地区,36.0
20201111,18,PM2.5_24h,喀什地区,69.0
20201111,18,PM10,喀什地区,58.0
20201111,18,PM10_24h,喀什地区,93.0
20201111,18,SO2,喀什地区,8.0
20201111,18,SO2_24h,喀什地区,11.0
20201111,18,NO2,喀什地区,13.0
20201111,18,NO2_24h,喀什地区,38.0
20201111,18,O3,喀什地区,87.0
20201111,18,O3_24h,喀什地区,105.0
20201111,18,O3_8h,喀什地区,74.0
20201111,18,O3_8h_24h,喀什地区,74.0
20201111,18,CO,喀什地区,0.87
20201111,18,CO_24h,喀什地区,1.93
20201111,19,AQI,喀什地区,53.0
20201111,19,PM2.5,喀什地区,37.0
20201111,19,PM2.5_24h,喀什地区,69.0
20201111,19,PM10,喀什地区,55.0
20201111,19,PM10_24h,喀什地区,93.0
20201111,19,SO2,喀什地区,8.0
20201111,19,SO2_24h,喀什地区,11.0
20201111,19,NO2,喀什地区,18.0
20201111,19,NO2_24h,喀什地区,39.0
20201111,19,O3,喀什地区,77.0
20201111,19,O3_24h,喀什地区,93.0
20201111,19,O3_8h,喀什地区,80.0
20201111,19,O3_8h_24h,喀什地区,80.0
20201111,19,CO,喀什地区,0.93
20201111,19,CO_24h,喀什地区,1.93
20201111,20,AQI,喀什地区,58.0
20201111,20,PM2.5,喀什地区,41.0
20201111,20,PM2.5_24h,喀什地区,69.0
20201111,20,PM10,喀什地区,63.0
20201111,20,PM10_24h,喀什地区,93.0
20201111,20,SO2,喀什地区,10.0
20201111,20,SO2_24h,喀什地区,11.0
20201111,20,NO2,喀什地区,33.0
20201111,20,NO2_24h,喀什地区,39.0
20201111,20,O3,喀什地区,55.0
20201111,20,O3_24h,喀什地区,93.0
20201111,20,O3_8h,喀什地区,81.0
20201111,20,O3_8h_24h,喀什地区,81.0
20201111,20,CO,喀什地区,1.2
20201111,20,CO_24h,喀什地区,1.93
20201111,21,AQI,喀什地区,71.0
20201111,21,PM2.5,喀什地区,52.0
20201111,21,PM2.5_24h,喀什地区,69.0
20201111,21,PM10,喀什地区,87.0
20201111,21,PM10_24h,喀什地区,94.0
20201111,21,SO2,喀什地区,17.0
20201111,21,SO2_24h,喀什地区,11.0
20201111,21,NO2,喀什地区,65.0
20201111,21,NO2_24h,喀什地区,40.0
20201111,21,O3,喀什地区,25.0
20201111,21,O3_24h,喀什地区,93.0
20201111,21,O3_8h,喀什地区,75.0
20201111,21,O3_8h_24h,喀什地区,81.0
20201111,21,CO,喀什地区,2.2
20201111,21,CO_24h,喀什地区,2.0
20201111,22,AQI,喀什地区,104.0
20201111,22,PM2.5,喀什地区,78.0
20201111,22,PM2.5_24h,喀什地区,69.0
20201111,22,PM10,喀什地区,135.0
20201111,22,PM10_24h,喀什地区,96.0
20201111,22,SO2,喀什地区,17.0
20201111,22,SO2_24h,喀什地区,11.0
20201111,22,NO2,喀什地区,74.0
20201111,22,NO2_24h,喀什地区,39.0
20201111,22,O3,喀什地区,21.0
20201111,22,O3_24h,喀什地区,93.0
20201111,22,O3_8h,喀什地区,67.0
20201111,22,O3_8h_24h,喀什地区,81.0
20201111,22,CO,喀什地区,3.27
20201111,22,CO_24h,喀什地区,2.03
20201111,23,AQI,喀什地区,140.0
20201111,23,PM2.5,喀什地区,107.0
20201111,23,PM2.5_24h,喀什地区,69.0
20201111,23,PM10,喀什地区,166.0
20201111,23,PM10_24h,喀什地区,97.0
20201111,23,SO2,喀什地区,15.0
20201111,23,SO2_24h,喀什地区,10.0
20201111,23,NO2,喀什地区,78.0
20201111,23,NO2_24h,喀什地区,38.0
20201111,23,O3,喀什地区,14.0
20201111,23,O3_24h,喀什地区,93.0
20201111,23,O3_8h,喀什地区,58.0
20201111,23,O3_8h_24h,喀什地区,81.0
20201111,23,CO,喀什地区,3.93
20201111,23,CO_24h,喀什地区,2.03
20201111,0,AQI,伊犁哈萨克州,99.0
20201111,0,PM2.5,伊犁哈萨克州,74.0
20201111,0,PM2.5_24h,伊犁哈萨克州,36.0
20201111,0,PM10,伊犁哈萨克州,128.0
20201111,0,PM10_24h,伊犁哈萨克州,69.0
20201111,0,SO2,伊犁哈萨克州,18.0
20201111,0,SO2_24h,伊犁哈萨克州,16.0
20201111,0,NO2,伊犁哈萨克州,48.0
20201111,0,NO2_24h,伊犁哈萨克州,40.0
20201111,0,O3,伊犁哈萨克州,9.0
20201111,0,O3_24h,伊犁哈萨克州,49.0
20201111,0,O3_8h,伊犁哈萨克州,23.0
20201111,0,O3_8h_24h,伊犁哈萨克州,34.0
20201111,0,CO,伊犁哈萨克州,1.67
20201111,0,CO_24h,伊犁哈萨克州,1.7
20201111,1,AQI,伊犁哈萨克州,81.0
20201111,1,PM2.5,伊犁哈萨克州,50.0
20201111,1,PM2.5_24h,伊犁哈萨克州,37.0
20201111,1,PM10,伊犁哈萨克州,111.0
20201111,1,PM10_24h,伊犁哈萨克州,72.0
20201111,1,SO2,伊犁哈萨克州,19.0
20201111,1,SO2_24h,伊犁哈萨克州,16.0
20201111,1,NO2,伊犁哈萨克州,42.0
20201111,1,NO2_24h,伊犁哈萨克州,39.0
20201111,1,O3,伊犁哈萨克州,12.0
20201111,1,O3_24h,伊犁哈萨克州,49.0
20201111,1,O3_8h,伊犁哈萨克州,12.0
20201111,1,O3_8h_24h,伊犁哈萨克州,12.0
20201111,1,CO,伊犁哈萨克州,1.57
20201111,1,CO_24h,伊犁哈萨克州,1.7
20201111,2,AQI,伊犁哈萨克州,72.0
20201111,2,PM2.5,伊犁哈萨克州,50.0
20201111,2,PM2.5_24h,伊犁哈萨克州,38.0
20201111,2,PM10,伊犁哈萨克州,93.0
20201111,2,PM10_24h,伊犁哈萨克州,74.0
20201111,2,SO2,伊犁哈萨克州,21.0
20201111,2,SO2_24h,伊犁哈萨克州,16.0
20201111,2,NO2,伊犁哈萨克州,44.0
20201111,2,NO2_24h,伊犁哈萨克州,39.0
20201111,2,O3,伊犁哈萨克州,9.0
20201111,2,O3_24h,伊犁哈萨克州,49.0
20201111,2,O3_8h,伊犁哈萨克州,11.0
20201111,2,O3_8h_24h,伊犁哈萨克州,12.0
20201111,2,CO,伊犁哈萨克州,1.63
20201111,2,CO_24h,伊犁哈萨克州,1.7
20201111,3,AQI,伊犁哈萨克州,66.0
20201111,3,PM2.5,伊犁哈萨克州,42.0
20201111,3,PM2.5_24h,伊犁哈萨克州,39.0
20201111,3,PM10,伊犁哈萨克州,82.0
20201111,3,PM10_24h,伊犁哈萨克州,77.0
20201111,3,SO2,伊犁哈萨克州,18.0
20201111,3,SO2_24h,伊犁哈萨克州,17.0
20201111,3,NO2,伊犁哈萨克州,42.0
20201111,3,NO2_24h,伊犁哈萨克州,40.0
20201111,3,O3,伊犁哈萨克州,9.0
20201111,3,O3_24h,伊犁哈萨克州,49.0
20201111,3,O3_8h,伊犁哈萨克州,10.0
20201111,3,O3_8h_24h,伊犁哈萨克州,12.0
20201111,3,CO,伊犁哈萨克州,1.7
20201111,3,CO_24h,伊犁哈萨克州,1.73
20201111,4,AQI,伊犁哈萨克州,67.0
20201111,4,PM2.5,伊犁哈萨克州,40.0
20201111,4,PM2.5_24h,伊犁哈萨克州,40.0
20201111,4,PM10,伊犁哈萨克州,84.0
20201111,4,PM10_24h,伊犁哈萨克州,79.0
20201111,4,SO2,伊犁哈萨克州,16.0
20201111,4,SO2_24h,伊犁哈萨克州,17.0
20201111,4,NO2,伊犁哈萨克州,39.0
20201111,4,NO2_24h,伊犁哈萨克州,39.0
20201111,4,O3,伊犁哈萨克州,8.0
20201111,4,O3_24h,伊犁哈萨克州,49.0
20201111,4,O3_8h,伊犁哈萨克州,10.0
20201111,4,O3_8h_24h,伊犁哈萨克州,12.0
20201111,4,CO,伊犁哈萨克州,1.77
20201111,4,CO_24h,伊犁哈萨克州,1.77
20201111,5,AQI,伊犁哈萨克州,67.0
20201111,5,PM2.5,伊犁哈萨克州,39.0
20201111,5,PM2.5_24h,伊犁哈萨克州,42.0
20201111,5,PM10,伊犁哈萨克州,83.0
20201111,5,PM10_24h,伊犁哈萨克州,82.0
20201111,5,SO2,伊犁哈萨克州,13.0
20201111,5,SO2_24h,伊犁哈萨克州,17.0
20201111,5,NO2,伊犁哈萨克州,37.0
20201111,5,NO2_24h,伊犁哈萨克州,40.0
20201111,5,O3,伊犁哈萨克州,7.0
20201111,5,O3_24h,伊犁哈萨克州,49.0
20201111,5,O3_8h,伊犁哈萨克州,9.0
20201111,5,O3_8h_24h,伊犁哈萨克州,12.0
20201111,5,CO,伊犁哈萨克州,2.1
20201111,5,CO_24h,伊犁哈萨克州,1.8
20201111,6,AQI,伊犁哈萨克州,66.0
20201111,6,PM2.5,伊犁哈萨克州,43.0
20201111,6,PM2.5_24h,伊犁哈萨克州,43.0
20201111,6,PM10,伊犁哈萨克州,81.0
20201111,6,PM10_24h,伊犁哈萨克州,84.0
20201111,6,SO2,伊犁哈萨克州,11.0
20201111,6,SO2_24h,伊犁哈萨克州,17.0
20201111,6,NO2,伊犁哈萨克州,34.0
20201111,6,NO2_24h,伊犁哈萨克州,40.0
20201111,6,O3,伊犁哈萨克州,8.0
20201111,6,O3_24h,伊犁哈萨克州,49.0
20201111,6,O3_8h,伊犁哈萨克州,9.0
20201111,6,O3_8h_24h,伊犁哈萨克州,12.0
20201111,6,CO,伊犁哈萨克州,2.3
20201111,6,CO_24h,伊犁哈萨克州,1.83
20201111,8,AQI,伊犁哈萨克州,67.0
20201111,8,PM2.5,伊犁哈萨克州,45.0
20201111,8,PM2.5_24h,伊犁哈萨克州,45.0
20201111,8,PM10,伊犁哈萨克州,83.0
20201111,8,PM10_24h,伊犁哈萨克州,90.0
20201111,8,SO2,伊犁哈萨克州,10.0
20201111,8,SO2_24h,伊犁哈萨克州,18.0
20201111,8,NO2,伊犁哈萨克州,35.0
20201111,8,NO2_24h,伊犁哈萨克州,40.0
20201111,8,O3,伊犁哈萨克州,7.0
20201111,8,O3_24h,伊犁哈萨克州,49.0
20201111,8,O3_8h,伊犁哈萨克州,9.0
20201111,8,O3_8h_24h,伊犁哈萨克州,12.0
20201111,8,CO,伊犁哈萨克州,3.4
20201111,8,CO_24h,伊犁哈萨克州,1.93
20201111,10,AQI,伊犁哈萨克州,79.0
20201111,10,PM2.5,伊犁哈萨克州,57.0
20201111,10,PM2.5_24h,伊犁哈萨克州,47.0
20201111,10,PM10,伊犁哈萨克州,108.0
20201111,10,PM10_24h,伊犁哈萨克州,92.0
20201111,10,SO2,伊犁哈萨克州,15.0
20201111,10,SO2_24h,伊犁哈萨克州,18.0
20201111,10,NO2,伊犁哈萨克州,43.0
20201111,10,NO2_24h,伊犁哈萨克州,40.0
20201111,10,O3,伊犁哈萨克州,9.0
20201111,10,O3_24h,伊犁哈萨克州,49.0
20201111,10,O3_8h,伊犁哈萨克州,8.0
20201111,10,O3_8h_24h,伊犁哈萨克州,12.0
20201111,10,CO,伊犁哈萨克州,2.97
20201111,10,CO_24h,伊犁哈萨克州,1.97
20201111,11,AQI,伊犁哈萨克州,110.0
20201111,11,PM2.5,伊犁哈萨克州,83.0
20201111,11,PM2.5_24h,伊犁哈萨克州,49.0
20201111,11,PM10,伊犁哈萨克州,148.0
20201111,11,PM10_24h,伊犁哈萨克州,94.0
20201111,11,SO2,伊犁哈萨克州,28.0
20201111,11,SO2_24h,伊犁哈萨克州,18.0
20201111,11,NO2,伊犁哈萨克州,51.0
20201111,11,NO2_24h,伊犁哈萨克州,40.0
20201111,11,O3,伊犁哈萨克州,13.0
20201111,11,O3_24h,伊犁哈萨克州,49.0
20201111,11,O3_8h,伊犁哈萨克州,8.0
20201111,11,O3_8h_24h,伊犁哈萨克州,12.0
20201111,11,CO,伊犁哈萨克州,3.83
20201111,11,CO_24h,伊犁哈萨克州,2.07
20201111,12,AQI,伊犁哈萨克州,118.0
20201111,12,PM2.5,伊犁哈萨克州,89.0
20201111,12,PM2.5_24h,伊犁哈萨克州,50.0
20201111,12,PM10,伊犁哈萨克州,149.0
20201111,12,PM10_24h,伊犁哈萨克州,96.0
20201111,12,SO2,伊犁哈萨克州,27.0
20201111,12,SO2_24h,伊犁哈萨克州,19.0
20201111,12,NO2,伊犁哈萨克州,49.0
20201111,12,NO2_24h,伊犁哈萨克州,41.0
20201111,12,O3,伊犁哈萨克州,13.0
20201111,12,O3_24h,伊犁哈萨克州,49.0
20201111,12,O3_8h,伊犁哈萨克州,9.0
20201111,12,O3_8h_24h,伊犁哈萨克州,12.0
20201111,12,CO,伊犁哈萨克州,2.37
20201111,12,CO_24h,伊犁哈萨克州,2.1
20201111,13,AQI,伊犁哈萨克州,84.0
20201111,13,PM2.5,伊犁哈萨克州,61.0
20201111,13,PM2.5_24h,伊犁哈萨克州,51.0
20201111,13,PM10,伊犁哈萨克州,117.0
20201111,13,PM10_24h,伊犁哈萨克州,98.0
20201111,13,SO2,伊犁哈萨克州,21.0
20201111,13,SO2_24h,伊犁哈萨克州,19.0
20201111,13,NO2,伊犁哈萨克州,31.0
20201111,13,NO2_24h,伊犁哈萨克州,41.0
20201111,13,O3,伊犁哈萨克州,27.0
20201111,13,O3_24h,伊犁哈萨克州,49.0
20201111,13,O3_8h,伊犁哈萨克州,11.0
20201111,13,O3_8h_24h,伊犁哈萨克州,13.0
20201111,13,CO,伊犁哈萨克州,1.53
20201111,13,CO_24h,伊犁哈萨克州,2.1
20201111,14,AQI,伊犁哈萨克州,71.0
20201111,14,PM2.5,伊犁哈萨克州,45.0
20201111,14,PM2.5_24h,伊犁哈萨克州,50.0
20201111,14,PM10,伊犁哈萨克州,92.0
20201111,14,PM10_24h,伊犁哈萨克州,98.0
20201111,14,SO2,伊犁哈萨克州,18.0
20201111,14,SO2_24h,伊犁哈萨克州,19.0
20201111,14,NO2,伊犁哈萨克州,33.0
20201111,14,NO2_24h,伊犁哈萨克州,41.0
20201111,14,O3,伊犁哈萨克州,38.0
20201111,14,O3_24h,伊犁哈萨克州,49.0
20201111,14,O3_8h,伊犁哈萨克州,14.0
20201111,14,O3_8h_24h,伊犁哈萨克州,14.0
20201111,14,CO,伊犁哈萨克州,1.27
20201111,14,CO_24h,伊犁哈萨克州,2.1
20201111,15,AQI,伊犁哈萨克州,70.0
20201111,15,PM2.5,伊犁哈萨克州,40.0
20201111,15,PM2.5_24h,伊犁哈萨克州,50.0
20201111,15,PM10,伊犁哈萨克州,90.0
20201111,15,PM10_24h,伊犁哈萨克州,99.0
20201111,15,SO2,伊犁哈萨克州,16.0
20201111,15,SO2_24h,伊犁哈萨克州,18.0
20201111,15,NO2,伊犁哈萨克州,29.0
20201111,15,NO2_24h,伊犁哈萨克州,41.0
20201111,15,O3,伊犁哈萨克州,44.0
20201111,15,O3_24h,伊犁哈萨克州,49.0
20201111,15,O3_8h,伊犁哈萨克州,19.0
20201111,15,O3_8h_24h,伊犁哈萨克州,19.0
20201111,15,CO,伊犁哈萨克州,1.15
20201111,15,CO_24h,伊犁哈萨克州,2.17
20201111,16,AQI,伊犁哈萨克州,68.0
20201111,16,PM2.5,伊犁哈萨克州,39.0
20201111,16,PM2.5_24h,伊犁哈萨克州,51.0
20201111,16,PM10,伊犁哈萨克州,85.0
20201111,16,PM10_24h,伊犁哈萨克州,100.0
20201111,16,SO2,伊犁哈萨克州,17.0
20201111,16,SO2_24h,伊犁哈萨克州,19.0
20201111,16,NO2,伊犁哈萨克州,31.0
20201111,16,NO2_24h,伊犁哈萨克州,42.0
20201111,16,O3,伊犁哈萨克州,50.0
20201111,16,O3_24h,伊犁哈萨克州,52.0
20201111,16,O3_8h,伊犁哈萨克州,25.0
20201111,16,O3_8h_24h,伊犁哈萨克州,25.0
20201111,16,CO,伊犁哈萨克州,1.2
20201111,16,CO_24h,伊犁哈萨克州,2.17
20201111,17,AQI,伊犁哈萨克州,67.0
20201111,17,PM2.5,伊犁哈萨克州,41.0
20201111,17,PM2.5_24h,伊犁哈萨克州,51.0
20201111,17,PM10,伊犁哈萨克州,84.0
20201111,17,PM10_24h,伊犁哈萨克州,101.0
20201111,17,SO2,伊犁哈萨克州,20.0
20201111,17,SO2_24h,伊犁哈萨克州,19.0
20201111,17,NO2,伊犁哈萨克州,35.0
20201111,17,NO2_24h,伊犁哈萨克州,42.0
20201111,17,O3,伊犁哈萨克州,52.0
20201111,17,O3_24h,伊犁哈萨克州,52.0
20201111,17,O3_8h,伊犁哈萨克州,30.0
20201111,17,O3_8h_24h,伊犁哈萨克州,30.0
20201111,17,CO,伊犁哈萨克州,1.17
20201111,17,CO_24h,伊犁哈萨克州,2.17
20201111,18,AQI,伊犁哈萨克州,70.0
20201111,18,PM2.5,伊犁哈萨克州,41.0
20201111,18,PM2.5_24h,伊犁哈萨克州,52.0
20201111,18,PM10,伊犁哈萨克州,90.0
20201111,18,PM10_24h,伊犁哈萨克州,102.0
20201111,18,SO2,伊犁哈萨克州,19.0
20201111,18,SO2_24h,伊犁哈萨克州,19.0
20201111,18,NO2,伊犁哈萨克州,41.0
20201111,18,NO2_24h,伊犁哈萨克州,43.0
20201111,18,O3,伊犁哈萨克州,49.0
20201111,18,O3_24h,伊犁哈萨克州,52.0
20201111,18,O3_8h,伊犁哈萨克州,36.0
20201111,18,O3_8h_24h,伊犁哈萨克州,36.0
20201111,18,CO,伊犁哈萨克州,1.17
20201111,18,CO_24h,伊犁哈萨克州,2.2
20201111,19,AQI,伊犁哈萨克州,73.0
20201111,19,PM2.5,伊犁哈萨克州,43.0
20201111,19,PM2.5_24h,伊犁哈萨克州,53.0
20201111,19,PM10,伊犁哈萨克州,95.0
20201111,19,PM10_24h,伊犁哈萨克州,104.0
20201111,19,SO2,伊犁哈萨克州,17.0
20201111,19,SO2_24h,伊犁哈萨克州,19.0
20201111,19,NO2,伊犁哈萨克州,52.0
20201111,19,NO2_24h,伊犁哈萨克州,44.0
20201111,19,O3,伊犁哈萨克州,32.0
20201111,19,O3_24h,伊犁哈萨克州,52.0
20201111,19,O3_8h,伊犁哈萨克州,38.0
20201111,19,O3_8h_24h,伊犁哈萨克州,38.0
20201111,19,CO,伊犁哈萨克州,1.3
20201111,19,CO_24h,伊犁哈萨克州,2.2
20201111,20,AQI,伊犁哈萨克州,80.0
20201111,20,PM2.5,伊犁哈萨克州,49.0
20201111,20,PM2.5_24h,伊犁哈萨克州,53.0
20201111,20,PM10,伊犁哈萨克州,110.0
20201111,20,PM10_24h,伊犁哈萨克州,105.0
20201111,20,SO2,伊犁哈萨克州,19.0
20201111,20,SO2_24h,伊犁哈萨克州,19.0
20201111,20,NO2,伊犁哈萨克州,53.0
20201111,20,NO2_24h,伊犁哈萨克州,43.0
20201111,20,O3,伊犁哈萨克州,31.0
20201111,20,O3_24h,伊犁哈萨克州,52.0
20201111,20,O3_8h,伊犁哈萨克州,41.0
20201111,20,O3_8h_24h,伊犁哈萨克州,41.0
20201111,20,CO,伊犁哈萨克州,1.37
20201111,20,CO_24h,伊犁哈萨克州,2.2
20201111,21,AQI,伊犁哈萨克州,92.0
20201111,21,PM2.5,伊犁哈萨克州,57.0
20201111,21,PM2.5_24h,伊犁哈萨克州,54.0
20201111,21,PM10,伊犁哈萨克州,134.0
20201111,21,PM10_24h,伊犁哈萨克州,106.0
20201111,21,SO2,伊犁哈萨克州,20.0
20201111,21,SO2_24h,伊犁哈萨克州,18.0
20201111,21,NO2,伊犁哈萨克州,59.0
20201111,21,NO2_24h,伊犁哈萨克州,43.0
20201111,21,O3,伊犁哈萨克州,25.0
20201111,21,O3_24h,伊犁哈萨克州,52.0
20201111,21,O3_8h,伊犁哈萨克州,41.0
20201111,21,O3_8h_24h,伊犁哈萨克州,42.0
20201111,21,CO,伊犁哈萨克州,1.7
20201111,21,CO_24h,伊犁哈萨克州,2.1
20201111,22,AQI,伊犁哈萨克州,96.0
20201111,22,PM2.5,伊犁哈萨克州,72.0
20201111,22,PM2.5_24h,伊犁哈萨克州,54.0
20201111,22,PM10,伊犁哈萨克州,142.0
20201111,22,PM10_24h,伊犁哈萨克州,106.0
20201111,22,SO2,伊犁哈萨克州,19.0
20201111,22,SO2_24h,伊犁哈萨克州,18.0
20201111,22,NO2,伊犁哈萨克州,51.0
20201111,22,NO2_24h,伊犁哈萨克州,42.0
20201111,22,O3,伊犁哈萨克州,23.0
20201111,22,O3_24h,伊犁哈萨克州,52.0
20201111,22,O3_8h,伊犁哈萨克州,38.0
20201111,22,O3_8h_24h,伊犁哈萨克州,42.0
20201111,22,CO,伊犁哈萨克州,1.6
20201111,22,CO_24h,伊犁哈萨克州,1.97
20201111,23,AQI,伊犁哈萨克州,96.0
20201111,23,PM2.5,伊犁哈萨克州,72.0
20201111,23,PM2.5_24h,伊犁哈萨克州,53.0
20201111,23,PM10,伊犁哈萨克州,126.0
20201111,23,PM10_24h,伊犁哈萨克州,103.0
20201111,23,SO2,伊犁哈萨克州,23.0
20201111,23,SO2_24h,伊犁哈萨克州,18.0
20201111,23,NO2,伊犁哈萨克州,58.0
20201111,23,NO2_24h,伊犁哈萨克州,42.0
20201111,23,O3,伊犁哈萨克州,15.0
20201111,23,O3_24h,伊犁哈萨克州,52.0
20201111,23,O3_8h,伊犁哈萨克州,35.0
20201111,23,O3_8h_24h,伊犁哈萨克州,42.0
20201111,23,CO,伊犁哈萨克州,2.3
20201111,23,CO_24h,伊犁哈萨克州,1.97
20201111,0,AQI,塔城地区,29.0
20201111,0,PM2.5,塔城地区,8.0
20201111,0,PM2.5_24h,塔城地区,11.0
20201111,0,PM10,塔城地区,29.0
20201111,0,PM10_24h,塔城地区,20.0
20201111,0,SO2,塔城地区,3.0
20201111,0,SO2_24h,塔城地区,2.0
20201111,0,NO2,塔城地区,6.0
20201111,0,NO2_24h,塔城地区,13.0
20201111,0,O3,塔城地区,9.0
20201111,0,O3_24h,塔城地区,53.0
20201111,0,O3_8h,塔城地区,27.0
20201111,0,O3_8h_24h,塔城地区,42.0
20201111,0,CO,塔城地区,0.7
20201111,0,CO_24h,塔城地区,0.9
20201111,1,AQI,塔城地区,21.0
20201111,1,PM2.5,塔城地区,15.0
20201111,1,PM2.5_24h,塔城地区,11.0
20201111,1,PM10,塔城地区,4.0
20201111,1,PM10_24h,塔城地区,20.0
20201111,1,SO2,塔城地区,1.0
20201111,1,SO2_24h,塔城地区,2.0
20201111,1,NO2,塔城地区,5.0
20201111,1,NO2_24h,塔城地区,12.0
20201111,1,O3,塔城地区,11.0
20201111,1,O3_24h,塔城地区,53.0
20201111,1,O3_8h,塔城地区,11.0
20201111,1,O3_8h_24h,塔城地区,11.0
20201111,1,CO,塔城地区,0.7
20201111,1,CO_24h,塔城地区,0.9
20201111,2,AQI,塔城地区,37.0
20201111,2,PM2.5,塔城地区,11.0
20201111,2,PM2.5_24h,塔城地区,10.0
20201111,2,PM10,塔城地区,37.0
20201111,2,PM10_24h,塔城地区,21.0
20201111,2,SO2,塔城地区,1.0
20201111,2,SO2_24h,塔城地区,2.0
20201111,2,NO2,塔城地区,4.0
20201111,2,NO2_24h,塔城地区,12.0
20201111,2,O3,塔城地区,22.0
20201111,2,O3_24h,塔城地区,53.0
20201111,2,O3_8h,塔城地区,16.0
20201111,2,O3_8h_24h,塔城地区,16.0
20201111,2,CO,塔城地区,0.6
20201111,2,CO_24h,塔城地区,0.9
20201111,3,AQI,塔城地区,32.0
20201111,3,PM2.5,塔城地区,11.0
20201111,3,PM2.5_24h,塔城地区,11.0
20201111,3,PM10,塔城地区,32.0
20201111,3,PM10_24h,塔城地区,22.0
20201111,3,SO2,塔城地区,1.0
20201111,3,SO2_24h,塔城地区,2.0
20201111,3,NO2,塔城地区,4.0
20201111,3,NO2_24h,塔城地区,12.0
20201111,3,O3,塔城地区,22.0
20201111,3,O3_24h,塔城地区,53.0
20201111,3,O3_8h,塔城地区,18.0
20201111,3,O3_8h_24h,塔城地区,18.0
20201111,3,CO,塔城地区,0.6
20201111,3,CO_24h,塔城地区,0.9
20201111,4,AQI,塔城地区,61.0
20201111,4,PM2.5,塔城地区,9.0
20201111,4,PM2.5_24h,塔城地区,10.0
20201111,4,PM10,塔城地区,72.0
20201111,4,PM10_24h,塔城地区,25.0
20201111,4,SO2,塔城地区,3.0
20201111,4,SO2_24h,塔城地区,2.0
20201111,4,NO2,塔城地区,4.0
20201111,4,NO2_24h,塔城地区,12.0
20201111,4,O3,塔城地区,26.0
20201111,4,O3_24h,塔城地区,53.0
20201111,4,O3_8h,塔城地区,20.0
20201111,4,O3_8h_24h,塔城地区,20.0
20201111,4,CO,塔城地区,0.6
20201111,4,CO_24h,塔城地区,0.8
20201111,5,AQI,塔城地区,13.0
20201111,5,PM2.5,塔城地区,9.0
20201111,5,PM2.5_24h,塔城地区,10.0
20201111,5,PM10,塔城地区,5.0
20201111,5,PM10_24h,塔城地区,25.0
20201111,5,SO2,塔城地区,3.0
20201111,5,SO2_24h,塔城地区,2.0
20201111,5,NO2,塔城地区,6.0
20201111,5,NO2_24h,塔城地区,12.0
20201111,5,O3,塔城地区,27.0
20201111,5,O3_24h,塔城地区,53.0
20201111,5,O3_8h,塔城地区,22.0
20201111,5,O3_8h_24h,塔城地区,22.0
20201111,5,CO,塔城地区,1.0
20201111,5,CO_24h,塔城地区,0.8
20201111,6,AQI,塔城地区,17.0
20201111,6,PM2.5,塔城地区,12.0
20201111,6,PM2.5_24h,塔城地区,10.0
20201111,6,PM10,塔城地区,8.0
20201111,6,PM10_24h,塔城地区,25.0
20201111,6,SO2,塔城地区,3.0
20201111,6,SO2_24h,塔城地区,2.0
20201111,6,NO2,塔城地区,4.0
20201111,6,NO2_24h,塔城地区,12.0
20201111,6,O3,塔城地区,30.0
20201111,6,O3_24h,塔城地区,53.0
20201111,6,O3_8h,塔城地区,23.0
20201111,6,O3_8h_24h,塔城地区,23.0
20201111,6,CO,塔城地区,0.9
20201111,6,CO_24h,塔城地区,0.8
20201111,8,AQI,塔城地区,65.0
20201111,8,PM2.5,塔城地区,10.0
20201111,8,PM2.5_24h,塔城地区,10.0
20201111,8,PM10,塔城地区,79.0
20201111,8,PM10_24h,塔城地区,28.0
20201111,8,SO2,塔城地区,3.0
20201111,8,SO2_24h,塔城地区,2.0
20201111,8,NO2,塔城地区,6.0
20201111,8,NO2_24h,塔城地区,12.0
20201111,8,O3,塔城地区,24.0
20201111,8,O3_24h,塔城地区,53.0
20201111,8,O3_8h,塔城地区,24.0
20201111,8,O3_8h_24h,塔城地区,24.0
20201111,8,CO,塔城地区,0.9
20201111,8,CO_24h,塔城地区,0.8
20201111,10,AQI,塔城地区,68.0
20201111,10,PM2.5,塔城地区,9.0
20201111,10,PM2.5_24h,塔城地区,10.0
20201111,10,PM10,塔城地区,86.0
20201111,10,PM10_24h,塔城地区,32.0
20201111,10,SO2,塔城地区,1.0
20201111,10,SO2_24h,塔城地区,2.0
20201111,10,NO2,塔城地区,28.0
20201111,10,NO2_24h,塔城地区,12.0
20201111,10,O3,塔城地区,16.0
20201111,10,O3_24h,塔城地区,53.0
20201111,10,O3_8h,塔城地区,24.0
20201111,10,O3_8h_24h,塔城地区,25.0
20201111,10,CO,塔城地区,1.4
20201111,10,CO_24h,塔城地区,0.8
20201111,11,AQI,塔城地区,50.0
20201111,11,PM2.5,塔城地区,26.0
20201111,11,PM2.5_24h,塔城地区,11.0
20201111,11,PM10,塔城地区,50.0
20201111,11,PM10_24h,塔城地区,33.0
20201111,11,SO2,塔城地区,1.0
20201111,11,SO2_24h,塔城地区,2.0
20201111,11,NO2,塔城地区,36.0
20201111,11,NO2_24h,塔城地区,14.0
20201111,11,O3,塔城地区,20.0
20201111,11,O3_24h,塔城地区,53.0
20201111,11,O3_8h,塔城地区,24.0
20201111,11,O3_8h_24h,塔城地区,25.0
20201111,11,CO,塔城地区,1.8
20201111,11,CO_24h,塔城地区,0.9
20201111,12,AQI,塔城地区,59.0
20201111,12,PM2.5,塔城地区,26.0
20201111,12,PM2.5_24h,塔城地区,11.0
20201111,12,PM10,塔城地区,68.0
20201111,12,PM10_24h,塔城地区,36.0
20201111,12,SO2,塔城地区,1.0
20201111,12,SO2_24h,塔城地区,2.0
20201111,12,NO2,塔城地区,16.0
20201111,12,NO2_24h,塔城地区,13.0
20201111,12,O3,塔城地区,35.0
20201111,12,O3_24h,塔城地区,53.0
20201111,12,O3_8h,塔城地区,25.0
20201111,12,O3_8h_24h,塔城地区,25.0
20201111,12,CO,塔城地区,1.5
20201111,12,CO_24h,塔城地区,0.9
20201111,13,AQI,塔城地区,36.0
20201111,13,PM2.5,塔城地区,17.0
20201111,13,PM2.5_24h,塔城地区,12.0
20201111,13,PM10,塔城地区,36.0
20201111,13,PM10_24h,塔城地区,36.0
20201111,13,SO2,塔城地区,2.0
20201111,13,SO2_24h,塔城地区,2.0
20201111,13,NO2,塔城地区,7.0
20201111,13,NO2_24h,塔城地区,13.0
20201111,13,O3,塔城地区,55.0
20201111,13,O3_24h,塔城地区,55.0
20201111,13,O3_8h,塔城地区,28.0
20201111,13,O3_8h_24h,塔城地区,28.0
20201111,13,CO,塔城地区,1.0
20201111,13,CO_24h,塔城地区,0.9
20201111,14,AQI,塔城地区,25.0
20201111,14,PM2.5,塔城地区,15.0
20201111,14,PM2.5_24h,塔城地区,12.0
20201111,14,PM10,塔城地区,25.0
20201111,14,PM10_24h,塔城地区,36.0
20201111,14,SO2,塔城地区,1.0
20201111,14,SO2_24h,塔城地区,2.0
20201111,14,NO2,塔城地区,5.0
20201111,14,NO2_24h,塔城地区,13.0
20201111,14,O3,塔城地区,63.0
20201111,14,O3_24h,塔城地区,63.0
20201111,14,O3_8h,塔城地区,32.0
20201111,14,O3_8h_24h,塔城地区,32.0
20201111,14,CO,塔城地区,0.8
20201111,14,CO_24h,塔城地区,0.9
20201111,15,AQI,塔城地区,22.0
20201111,15,PM2.5,塔城地区,12.0
20201111,15,PM2.5_24h,塔城地区,12.0
20201111,15,PM10,塔城地区,20.0
20201111,15,PM10_24h,塔城地区,37.0
20201111,15,SO2,塔城地区,3.0
20201111,15,SO2_24h,塔城地区,2.0
20201111,15,NO2,塔城地区,5.0
20201111,15,NO2_24h,塔城地区,13.0
20201111,15,O3,塔城地区,69.0
20201111,15,O3_24h,塔城地区,69.0
20201111,15,O3_8h,塔城地区,38.0
20201111,15,O3_8h_24h,塔城地区,38.0
20201111,15,CO,塔城地区,0.6
20201111,15,CO_24h,塔城地区,0.9
20201111,16,AQI,塔城地区,21.0
20201111,16,PM2.5,塔城地区,10.0
20201111,16,PM2.5_24h,塔城地区,12.0
20201111,16,PM10,塔城地区,9.0
20201111,16,PM10_24h,塔城地区,36.0
20201111,16,SO2,塔城地区,3.0
20201111,16,SO2_24h,塔城地区,2.0
20201111,16,NO2,塔城地区,6.0
20201111,16,NO2_24h,塔城地区,12.0
20201111,16,O3,塔城地区,68.0
20201111,16,O3_24h,塔城地区,69.0
20201111,16,O3_8h,塔城地区,43.0
20201111,16,O3_8h_24h,塔城地区,43.0
20201111,16,CO,塔城地区,0.6
20201111,16,CO_24h,塔城地区,0.9
20201111,17,AQI,塔城地区,33.0
20201111,17,PM2.5,塔城地区,7.0
20201111,17,PM2.5_24h,塔城地区,12.0
20201111,17,PM10,塔城地区,33.0
20201111,17,PM10_24h,塔城地区,36.0
20201111,17,SO2,塔城地区,3.0
20201111,17,SO2_24h,塔城地区,2.0
20201111,17,NO2,塔城地区,7.0
20201111,17,NO2_24h,塔城地区,12.0
20201111,17,O3,塔城地区,67.0
20201111,17,O3_24h,塔城地区,69.0
20201111,17,O3_8h,塔城地区,49.0
20201111,17,O3_8h_24h,塔城地区,49.0
20201111,17,CO,塔城地区,0.6
20201111,17,CO_24h,塔城地区,0.9
20201111,18,AQI,塔城地区,85.0
20201111,18,PM2.5,塔城地区,11.0
20201111,18,PM2.5_24h,塔城地区,13.0
20201111,18,PM10,塔城地区,120.0
20201111,18,PM10_24h,塔城地区,40.0
20201111,18,SO2,塔城地区,3.0
20201111,18,SO2_24h,塔城地区,2.0
20201111,18,NO2,塔城地区,8.0
20201111,18,NO2_24h,塔城地区,12.0
20201111,18,O3,塔城地区,62.0
20201111,18,O3_24h,塔城地区,69.0
20201111,18,O3_8h,塔城地区,55.0
20201111,18,O3_8h_24h,塔城地区,55.0
20201111,18,CO,塔城地区,0.5
20201111,18,CO_24h,塔城地区,0.9
20201111,19,AQI,塔城地区,68.0
20201111,19,PM2.5,塔城地区,16.0
20201111,19,PM2.5_24h,塔城地区,13.0
20201111,19,PM10,塔城地区,85.0
20201111,19,PM10_24h,塔城地区,43.0
20201111,19,SO2,塔城地区,3.0
20201111,19,SO2_24h,塔城地区,2.0
20201111,19,NO2,塔城地区,6.0
20201111,19,NO2_24h,塔城地区,12.0
20201111,19,O3,塔城地区,60.0
20201111,19,O3_24h,塔城地区,69.0
20201111,19,O3_8h,塔城地区,60.0
20201111,19,O3_8h_24h,塔城地区,60.0
20201111,19,CO,塔城地区,0.5
20201111,19,CO_24h,塔城地区,0.9
20201111,20,AQI,塔城地区,35.0
20201111,20,PM2.5,塔城地区,12.0
20201111,20,PM2.5_24h,塔城地区,13.0
20201111,20,PM10,塔城地区,35.0
20201111,20,PM10_24h,塔城地区,43.0
20201111,20,SO2,塔城地区,3.0
20201111,20,SO2_24h,塔城地区,2.0
20201111,20,NO2,塔城地区,15.0
20201111,20,NO2_24h,塔城地区,11.0
20201111,20,O3,塔城地区,46.0
20201111,20,O3_24h,塔城地区,69.0
20201111,20,O3_8h,塔城地区,61.0
20201111,20,O3_8h_24h,塔城地区,61.0
20201111,20,CO,塔城地区,0.7
20201111,20,CO_24h,塔城地区,0.9
20201111,21,AQI,塔城地区,60.0
20201111,21,PM2.5,塔城地区,13.0
20201111,21,PM2.5_24h,塔城地区,13.0
20201111,21,PM10,塔城地区,70.0
20201111,21,PM10_24h,塔城地区,43.0
20201111,21,SO2,塔城地区,3.0
20201111,21,SO2_24h,塔城地区,2.0
20201111,21,NO2,塔城地区,14.0
20201111,21,NO2_24h,塔城地区,10.0
20201111,21,O3,塔城地区,41.0
20201111,21,O3_24h,塔城地区,69.0
20201111,21,O3_8h,塔城地区,60.0
20201111,21,O3_8h_24h,塔城地区,61.0
20201111,21,CO,塔城地区,0.7
20201111,21,CO_24h,塔城地区,0.8
20201111,22,AQI,塔城地区,52.0
20201111,22,PM2.5,塔城地区,11.0
20201111,22,PM2.5_24h,塔城地区,13.0
20201111,22,PM10,塔城地区,54.0
20201111,22,PM10_24h,塔城地区,43.0
20201111,22,SO2_24h,塔城地区,2.0
20201111,22,NO2,塔城地区,11.0
20201111,22,NO2_24h,塔城地区,9.0
20201111,22,O3,塔城地区,19.0
20201111,22,O3_24h,塔城地区,69.0
20201111,22,O3_8h,塔城地区,54.0
20201111,22,O3_8h_24h,塔城地区,61.0
20201111,22,CO_24h,塔城地区,0.8
20201111,23,AQI,塔城地区,52.0
20201111,23,PM2.5,塔城地区,10.0
20201111,23,PM2.5_24h,塔城地区,12.0
20201111,23,PM10,塔城地区,53.0
20201111,23,PM10_24h,塔城地区,44.0
20201111,23,SO2,塔城地区,13.0
20201111,23,SO2_24h,塔城地区,3.0
20201111,23,NO2_24h,塔城地区,9.0
20201111,23,O3,塔城地区,15.0
20201111,23,O3_24h,塔城地区,69.0
20201111,23,O3_8h,塔城地区,47.0
20201111,23,O3_8h_24h,塔城地区,61.0
20201111,23,CO,塔城地区,0.9
20201111,23,CO_24h,塔城地区,0.8
20201111,0,AQI,阿勒泰地区,30.0
20201111,0,PM2.5,阿勒泰地区,3.0
20201111,0,PM2.5_24h,阿勒泰地区,8.0
20201111,0,PM10,阿勒泰地区,30.0
20201111,0,PM10_24h,阿勒泰地区,16.0
20201111,0,SO2,阿勒泰地区,2.0
20201111,0,SO2_24h,阿勒泰地区,2.0
20201111,0,NO2,阿勒泰地区,17.0
20201111,0,NO2_24h,阿勒泰地区,18.0
20201111,0,O3,阿勒泰地区,19.0
20201111,0,O3_24h,阿勒泰地区,47.0
20201111,0,O3_8h,阿勒泰地区,25.0
20201111,0,O3_8h_24h,阿勒泰地区,42.0
20201111,0,CO,阿勒泰地区,0.8
20201111,0,CO_24h,阿勒泰地区,0.6
20201111,1,AQI,阿勒泰地区,18.0
20201111,1,PM2.5,阿勒泰地区,3.0
20201111,1,PM2.5_24h,阿勒泰地区,8.0
20201111,1,PM10,阿勒泰地区,18.0
20201111,1,PM10_24h,阿勒泰地区,17.0
20201111,1,SO2,阿勒泰地区,2.0
20201111,1,SO2_24h,阿勒泰地区,2.0
20201111,1,NO2,阿勒泰地区,22.0
20201111,1,NO2_24h,阿勒泰地区,18.0
20201111,1,O3,阿勒泰地区,14.0
20201111,1,O3_24h,阿勒泰地区,47.0
20201111,1,O3_8h,阿勒泰地区,14.0
20201111,1,O3_8h_24h,阿勒泰地区,14.0
20201111,1,CO,阿勒泰地区,0.9
20201111,1,CO_24h,阿勒泰地区,0.6
20201111,2,AQI,阿勒泰地区,21.0
20201111,2,PM2.5,阿勒泰地区,5.0
20201111,2,PM2.5_24h,阿勒泰地区,8.0
20201111,2,PM10,阿勒泰地区,21.0
20201111,2,PM10_24h,阿勒泰地区,17.0
20201111,2,SO2,阿勒泰地区,1.0
20201111,2,SO2_24h,阿勒泰地区,2.0
20201111,2,NO2,阿勒泰地区,11.0
20201111,2,NO2_24h,阿勒泰地区,18.0
20201111,2,O3,阿勒泰地区,21.0
20201111,2,O3_24h,阿勒泰地区,47.0
20201111,2,O3_8h,阿勒泰地区,18.0
20201111,2,O3_8h_24h,阿勒泰地区,18.0
20201111,2,CO,阿勒泰地区,0.7
20201111,2,CO_24h,阿勒泰地区,0.6
20201111,3,AQI,阿勒泰地区,10.0
20201111,3,PM2.5_24h,阿勒泰地区,7.0
20201111,3,PM10,阿勒泰地区,10.0
20201111,3,PM10_24h,阿勒泰地区,17.0
20201111,3,SO2,阿勒泰地区,2.0
20201111,3,SO2_24h,阿勒泰地区,2.0
20201111,3,NO2,阿勒泰地区,14.0
20201111,3,NO2_24h,阿勒泰地区,18.0
20201111,3,O3,阿勒泰地区,18.0
20201111,3,O3_24h,阿勒泰地区,47.0
20201111,3,O3_8h,阿勒泰地区,18.0
20201111,3,O3_8h_24h,阿勒泰地区,18.0
20201111,3,CO,阿勒泰地区,0.7
20201111,3,CO_24h,阿勒泰地区,0.7
20201111,4,AQI,阿勒泰地区,13.0
20201111,4,PM2.5,阿勒泰地区,4.0
20201111,4,PM2.5_24h,阿勒泰地区,7.0
20201111,4,PM10,阿勒泰地区,13.0
20201111,4,PM10_24h,阿勒泰地区,16.0
20201111,4,SO2,阿勒泰地区,1.0
20201111,4,SO2_24h,阿勒泰地区,2.0
20201111,4,NO2,阿勒泰地区,19.0
20201111,4,NO2_24h,阿勒泰地区,19.0
20201111,4,O3,阿勒泰地区,16.0
20201111,4,O3_24h,阿勒泰地区,47.0
20201111,4,O3_8h,阿勒泰地区,17.0
20201111,4,O3_8h_24h,阿勒泰地区,18.0
20201111,4,CO,阿勒泰地区,0.8
20201111,4,CO_24h,阿勒泰地区,0.7
20201111,5,AQI,阿勒泰地区,12.0
20201111,5,PM2.5,阿勒泰地区,3.0
20201111,5,PM2.5_24h,阿勒泰地区,7.0
20201111,5,PM10,阿勒泰地区,4.0
20201111,5,PM10_24h,阿勒泰地区,16.0
20201111,5,SO2,阿勒泰地区,1.0
20201111,5,SO2_24h,阿勒泰地区,2.0
20201111,5,NO2,阿勒泰地区,5.0
20201111,5,NO2_24h,阿勒泰地区,19.0
20201111,5,O3,阿勒泰地区,39.0
20201111,5,O3_24h,阿勒泰地区,47.0
20201111,5,O3_8h,阿勒泰地区,22.0
20201111,5,O3_8h_24h,阿勒泰地区,22.0
20201111,5,CO,阿勒泰地区,0.5
20201111,5,CO_24h,阿勒泰地区,0.7
20201111,6,AQI,阿勒泰地区,15.0
20201111,6,PM2.5,阿勒泰地区,4.0
20201111,6,PM2.5_24h,阿勒泰地区,6.0
20201111,6,PM10,阿勒泰地区,12.0
20201111,6,PM10_24h,阿勒泰地区,16.0
20201111,6,SO2,阿勒泰地区,1.0
20201111,6,SO2_24h,阿勒泰地区,2.0
20201111,6,NO2,阿勒泰地区,3.0
20201111,6,NO2_24h,阿勒泰地区,18.0
20201111,6,O3,阿勒泰地区,47.0
20201111,6,O3_24h,阿勒泰地区,47.0
20201111,6,O3_8h,阿勒泰地区,26.0
20201111,6,O3_8h_24h,阿勒泰地区,26.0
20201111,6,CO,阿勒泰地区,0.5
20201111,6,CO_24h,阿勒泰地区,0.6
20201111,8,AQI,阿勒泰地区,16.0
20201111,8,PM2.5,阿勒泰地区,2.0
20201111,8,PM2.5_24h,阿勒泰地区,6.0
20201111,8,PM10,阿勒泰地区,2.0
20201111,8,PM10_24h,阿勒泰地区,16.0
20201111,8,SO2,阿勒泰地区,1.0
20201111,8,SO2_24h,阿勒泰地区,2.0
20201111,8,NO2,阿勒泰地区,2.0
20201111,8,NO2_24h,阿勒泰地区,17.0
20201111,8,O3,阿勒泰地区,52.0
20201111,8,O3_24h,阿勒泰地区,52.0
20201111,8,O3_8h,阿勒泰地区,32.0
20201111,8,O3_8h_24h,阿勒泰地区,32.0
20201111,8,CO,阿勒泰地区,0.5
20201111,8,CO_24h,阿勒泰地区,0.6
20201111,10,AQI,阿勒泰地区,14.0
20201111,10,PM2.5,阿勒泰地区,1.0
20201111,10,PM2.5_24h,阿勒泰地区,5.0
20201111,10,PM10,阿勒泰地区,12.0
20201111,10,PM10_24h,阿勒泰地区,15.0
20201111,10,SO2,阿勒泰地区,1.0
20201111,10,SO2_24h,阿勒泰地区,2.0
20201111,10,NO2,阿勒泰地区,10.0
20201111,10,NO2_24h,阿勒泰地区,15.0
20201111,10,O3,阿勒泰地区,46.0
20201111,10,O3_24h,阿勒泰地区,52.0
20201111,10,O3_8h,阿勒泰地区,40.0
20201111,10,O3_8h_24h,阿勒泰地区,40.0
20201111,10,CO,阿勒泰地区,0.5
20201111,10,CO_24h,阿勒泰地区,0.6
20201111,11,AQI,阿勒泰地区,16.0
20201111,11,PM2.5,阿勒泰地区,7.0
20201111,11,PM2.5_24h,阿勒泰地区,5.0
20201111,11,PM10,阿勒泰地区,16.0
20201111,11,PM10_24h,阿勒泰地区,14.0
20201111,11,SO2,阿勒泰地区,1.0
20201111,11,SO2_24h,阿勒泰地区,2.0
20201111,11,NO2,阿勒泰地区,7.0
20201111,11,NO2_24h,阿勒泰地区,14.0
20201111,11,O3,阿勒泰地区,49.0
20201111,11,O3_24h,阿勒泰地区,52.0
20201111,11,O3_8h,阿勒泰地区,44.0
20201111,11,O3_8h_24h,阿勒泰地区,44.0
20201111,11,CO,阿勒泰地区,0.5
20201111,11,CO_24h,阿勒泰地区,0.6
20201111,12,AQI,阿勒泰地区,16.0
20201111,12,PM2.5,阿勒泰地区,1.0
20201111,12,PM2.5_24h,阿勒泰地区,5.0
20201111,12,PM10,阿勒泰地区,13.0
20201111,12,PM10_24h,阿勒泰地区,14.0
20201111,12,SO2,阿勒泰地区,1.0
20201111,12,SO2_24h,阿勒泰地区,2.0
20201111,12,NO2,阿勒泰地区,6.0
20201111,12,NO2_24h,阿勒泰地区,14.0
20201111,12,O3,阿勒泰地区,51.0
20201111,12,O3_24h,阿勒泰地区,52.0
20201111,12,O3_8h,阿勒泰地区,48.0
20201111,12,O3_8h_24h,阿勒泰地区,48.0
20201111,12,CO,阿勒泰地区,0.5
20201111,12,CO_24h,阿勒泰地区,0.6
20201111,13,AQI,阿勒泰地区,17.0
20201111,13,PM2.5,阿勒泰地区,2.0
20201111,13,PM2.5_24h,阿勒泰地区,4.0
20201111,13,PM10,阿勒泰地区,1.0
20201111,13,PM10_24h,阿勒泰地区,14.0
20201111,13,SO2,阿勒泰地区,2.0
20201111,13,SO2_24h,阿勒泰地区,2.0
20201111,13,NO2,阿勒泰地区,7.0
20201111,13,NO2_24h,阿勒泰地区,14.0
20201111,13,O3,阿勒泰地区,53.0
20201111,13,O3_24h,阿勒泰地区,53.0
20201111,13,O3_8h,阿勒泰地区,50.0
20201111,13,O3_8h_24h,阿勒泰地区,50.0
20201111,13,CO,阿勒泰地区,0.5
20201111,13,CO_24h,阿勒泰地区,0.6
20201111,14,AQI,阿勒泰地区,17.0
20201111,14,PM2.5,阿勒泰地区,5.0
20201111,14,PM2.5_24h,阿勒泰地区,4.0
20201111,14,PM10,阿勒泰地区,13.0
20201111,14,PM10_24h,阿勒泰地区,14.0
20201111,14,SO2,阿勒泰地区,2.0
20201111,14,SO2_24h,阿勒泰地区,2.0
20201111,14,NO2,阿勒泰地区,10.0
20201111,14,NO2_24h,阿勒泰地区,14.0
20201111,14,O3,阿勒泰地区,55.0
20201111,14,O3_24h,阿勒泰地区,55.0
20201111,14,O3_8h,阿勒泰地区,51.0
20201111,14,O3_8h_24h,阿勒泰地区,51.0
20201111,14,CO,阿勒泰地区,0.6
20201111,14,CO_24h,阿勒泰地区,0.6
20201111,15,AQI,阿勒泰地区,17.0
20201111,15,PM2.5,阿勒泰地区,8.0
20201111,15,PM2.5_24h,阿勒泰地区,4.0
20201111,15,PM10,阿勒泰地区,12.0
20201111,15,PM10_24h,阿勒泰地区,13.0
20201111,15,SO2,阿勒泰地区,3.0
20201111,15,SO2_24h,阿勒泰地区,2.0
20201111,15,NO2,阿勒泰地区,12.0
20201111,15,NO2_24h,阿勒泰地区,14.0
20201111,15,O3,阿勒泰地区,53.0
20201111,15,O3_24h,阿勒泰地区,55.0
20201111,15,O3_8h,阿勒泰地区,51.0
20201111,15,O3_8h_24h,阿勒泰地区,51.0
20201111,15,CO,阿勒泰地区,0.6
20201111,15,CO_24h,阿勒泰地区,0.6
20201111,16,AQI,阿勒泰地区,19.0
20201111,16,PM2.5,阿勒泰地区,1.0
20201111,16,PM2.5_24h,阿勒泰地区,4.0
20201111,16,PM10,阿勒泰地区,19.0
20201111,16,PM10_24h,阿勒泰地区,13.0
20201111,16,SO2,阿勒泰地区,3.0
20201111,16,SO2_24h,阿勒泰地区,2.0
20201111,16,NO2,阿勒泰地区,12.0
20201111,16,NO2_24h,阿勒泰地区,14.0
20201111,16,O3,阿勒泰地区,51.0
20201111,16,O3_24h,阿勒泰地区,55.0
20201111,16,O3_8h,阿勒泰地区,51.0
20201111,16,O3_8h_24h,阿勒泰地区,51.0
20201111,16,CO,阿勒泰地区,0.6
20201111,16,CO_24h,阿勒泰地区,0.6
20201111,17,AQI,阿勒泰地区,14.0
20201111,17,PM2.5,阿勒泰地区,2.0
20201111,17,PM2.5_24h,阿勒泰地区,4.0
20201111,17,PM10,阿勒泰地区,14.0
20201111,17,PM10_24h,阿勒泰地区,14.0
20201111,17,SO2,阿勒泰地区,3.0
20201111,17,SO2_24h,阿勒泰地区,2.0
20201111,17,NO2,阿勒泰地区,22.0
20201111,17,NO2_24h,阿勒泰地区,14.0
20201111,17,O3,阿勒泰地区,44.0
20201111,17,O3_24h,阿勒泰地区,55.0
20201111,17,O3_8h,阿勒泰地区,50.0
20201111,17,O3_8h_24h,阿勒泰地区,51.0
20201111,17,CO,阿勒泰地区,0.6
20201111,17,CO_24h,阿勒泰地区,0.6
20201111,18,AQI,阿勒泰地区,16.0
20201111,18,PM2.5,阿勒泰地区,11.0
20201111,18,PM2.5_24h,阿勒泰地区,4.0
20201111,18,PM10,阿勒泰地区,15.0
20201111,18,PM10_24h,阿勒泰地区,14.0
20201111,18,SO2,阿勒泰地区,2.0
20201111,18,SO2_24h,阿勒泰地区,2.0
20201111,18,NO2,阿勒泰地区,22.0
20201111,18,NO2_24h,阿勒泰地区,14.0
20201111,18,O3,阿勒泰地区,36.0
20201111,18,O3_24h,阿勒泰地区,55.0
20201111,18,O3_8h,阿勒泰地区,49.0
20201111,18,O3_8h_24h,阿勒泰地区,51.0
20201111,18,CO,阿勒泰地区,0.7
20201111,18,CO_24h,阿勒泰地区,0.6
20201111,19,AQI,阿勒泰地区,23.0
20201111,19,PM2.5,阿勒泰地区,4.0
20201111,19,PM2.5_24h,阿勒泰地区,4.0
20201111,19,PM10,阿勒泰地区,23.0
20201111,19,PM10_24h,阿勒泰地区,14.0
20201111,19,SO2,阿勒泰地区,2.0
20201111,19,SO2_24h,阿勒泰地区,2.0
20201111,19,NO2,阿勒泰地区,41.0
20201111,19,NO2_24h,阿勒泰地区,15.0
20201111,19,O3,阿勒泰地区,13.0
20201111,19,O3_24h,阿勒泰地区,55.0
20201111,19,O3_8h,阿勒泰地区,44.0
20201111,19,O3_8h_24h,阿勒泰地区,51.0
20201111,19,CO,阿勒泰地区,0.8
20201111,19,CO_24h,阿勒泰地区,0.6
20201111,20,AQI,阿勒泰地区,49.0
20201111,20,PM2.5,阿勒泰地区,16.0
20201111,20,PM2.5_24h,阿勒泰地区,5.0
20201111,20,PM10,阿勒泰地区,49.0
20201111,20,PM10_24h,阿勒泰地区,16.0
20201111,20,SO2,阿勒泰地区,3.0
20201111,20,SO2_24h,阿勒泰地区,2.0
20201111,20,NO2,阿勒泰地区,45.0
20201111,20,NO2_24h,阿勒泰地区,15.0
20201111,20,O3,阿勒泰地区,8.0
20201111,20,O3_24h,阿勒泰地区,55.0
20201111,20,O3_8h,阿勒泰地区,39.0
20201111,20,O3_8h_24h,阿勒泰地区,51.0
20201111,20,CO,阿勒泰地区,0.9
20201111,20,CO_24h,阿勒泰地区,0.7
20201111,21,AQI,阿勒泰地区,31.0
20201111,21,PM2.5,阿勒泰地区,18.0
20201111,21,PM2.5_24h,阿勒泰地区,5.0
20201111,21,PM10,阿勒泰地区,31.0
20201111,21,PM10_24h,阿勒泰地区,16.0
20201111,21,SO2,阿勒泰地区,2.0
20201111,21,SO2_24h,阿勒泰地区,2.0
20201111,21,NO2,阿勒泰地区,16.0
20201111,21,NO2_24h,阿勒泰地区,15.0
20201111,21,O3,阿勒泰地区,38.0
20201111,21,O3_24h,阿勒泰地区,55.0
20201111,21,O3_8h,阿勒泰地区,37.0
20201111,21,O3_8h_24h,阿勒泰地区,51.0
20201111,21,CO,阿勒泰地区,0.6
20201111,21,CO_24h,阿勒泰地区,0.6
20201111,22,AQI,阿勒泰地区,16.0
20201111,22,PM2.5_24h,阿勒泰地区,5.0
20201111,22,PM10,阿勒泰地区,12.0
20201111,22,PM10_24h,阿勒泰地区,15.0
20201111,22,SO2,阿勒泰地区,1.0
20201111,22,SO2_24h,阿勒泰地区,2.0
20201111,22,NO2,阿勒泰地区,3.0
20201111,22,NO2_24h,阿勒泰地区,14.0
20201111,22,O3,阿勒泰地区,52.0
20201111,22,O3_24h,阿勒泰地区,55.0
20201111,22,O3_8h,阿勒泰地区,37.0
20201111,22,O3_8h_24h,阿勒泰地区,51.0
20201111,22,CO,阿勒泰地区,0.6
20201111,22,CO_24h,阿勒泰地区,0.6
20201111,23,AQI,阿勒泰地区,16.0
20201111,23,PM2.5,阿勒泰地区,5.0
20201111,23,PM2.5_24h,阿勒泰地区,5.0
20201111,23,PM10,阿勒泰地区,3.0
20201111,23,PM10_24h,阿勒泰地区,15.0
20201111,23,SO2,阿勒泰地区,1.0
20201111,23,SO2_24h,阿勒泰地区,2.0
20201111,23,NO2,阿勒泰地区,3.0
20201111,23,NO2_24h,阿勒泰地区,13.0
20201111,23,O3,阿勒泰地区,52.0
20201111,23,O3_24h,阿勒泰地区,55.0
20201111,23,O3_8h,阿勒泰地区,37.0
20201111,23,O3_8h_24h,阿勒泰地区,51.0
20201111,23,CO,阿勒泰地区,0.6
20201111,23,CO_24h,阿勒泰地区,0.6
20201111,0,AQI,石河子,49.0
20201111,0,PM2.5,石河子,15.0
20201111,0,PM2.5_24h,石河子,29.0
20201111,0,PM10,石河子,49.0
20201111,0,PM10_24h,石河子,100.0
20201111,0,SO2,石河子,5.0
20201111,0,SO2_24h,石河子,17.0
20201111,0,NO2,石河子,43.0
20201111,0,NO2_24h,石河子,44.0
20201111,0,O3,石河子,16.0
20201111,0,O3_24h,石河子,40.0
20201111,0,O3_8h,石河子,24.0
20201111,0,O3_8h_24h,石河子,35.0
20201111,0,CO,石河子,0.55
20201111,0,CO_24h,石河子,0.8
20201111,1,AQI,石河子,50.0
20201111,1,PM2.5,石河子,18.0
20201111,1,PM2.5_24h,石河子,28.0
20201111,1,PM10,石河子,50.0
20201111,1,PM10_24h,石河子,92.0
20201111,1,SO2,石河子,6.0
20201111,1,SO2_24h,石河子,17.0
20201111,1,NO2,石河子,37.0
20201111,1,NO2_24h,石河子,43.0
20201111,1,O3,石河子,17.0
20201111,1,O3_24h,石河子,40.0
20201111,1,O3_8h,石河子,17.0
20201111,1,O3_8h_24h,石河子,17.0
20201111,1,CO,石河子,0.55
20201111,1,CO_24h,石河子,0.75
20201111,2,AQI,石河子,52.0
20201111,2,PM2.5,石河子,19.0
20201111,2,PM2.5_24h,石河子,27.0
20201111,2,PM10,石河子,54.0
20201111,2,PM10_24h,石河子,86.0
20201111,2,SO2,石河子,7.0
20201111,2,SO2_24h,石河子,17.0
20201111,2,NO2,石河子,34.0
20201111,2,NO2_24h,石河子,43.0
20201111,2,O3,石河子,18.0
20201111,2,O3_24h,石河子,40.0
20201111,2,O3_8h,石河子,17.0
20201111,2,O3_8h_24h,石河子,17.0
20201111,2,CO,石河子,0.55
20201111,2,CO_24h,石河子,0.75
20201111,3,AQI,石河子,52.0
20201111,3,PM2.5,石河子,18.0
20201111,3,PM2.5_24h,石河子,26.0
20201111,3,PM10,石河子,53.0
20201111,3,PM10_24h,石河子,83.0
20201111,3,SO2,石河子,7.0
20201111,3,SO2_24h,石河子,17.0
20201111,3,NO2,石河子,35.0
20201111,3,NO2_24h,石河子,42.0
20201111,3,O3,石河子,18.0
20201111,3,O3_24h,石河子,40.0
20201111,3,O3_8h,石河子,18.0
20201111,3,O3_8h_24h,石河子,18.0
20201111,3,CO,石河子,0.55
20201111,3,CO_24h,石河子,0.75
20201111,4,AQI,石河子,55.0
20201111,4,PM2.5,石河子,20.0
20201111,4,PM2.5_24h,石河子,26.0
20201111,4,PM10,石河子,59.0
20201111,4,PM10_24h,石河子,81.0
20201111,4,SO2,石河子,7.0
20201111,4,SO2_24h,石河子,17.0
20201111,4,NO2,石河子,47.0
20201111,4,NO2_24h,石河子,43.0
20201111,4,O3,石河子,8.0
20201111,4,O3_24h,石河子,40.0
20201111,4,O3_8h,石河子,15.0
20201111,4,O3_8h_24h,石河子,18.0
20201111,4,CO,石河子,0.75
20201111,4,CO_24h,石河子,0.75
20201111,5,AQI,石河子,64.0
20201111,5,PM2.5,石河子,25.0
20201111,5,PM2.5_24h,石河子,26.0
20201111,5,PM10,石河子,77.0
20201111,5,PM10_24h,石河子,81.0
20201111,5,SO2,石河子,7.0
20201111,5,SO2_24h,石河子,17.0
20201111,5,NO2,石河子,53.0
20201111,5,NO2_24h,石河子,43.0
20201111,5,O3,石河子,4.0
20201111,5,O3_24h,石河子,40.0
20201111,5,O3_8h,石河子,13.0
20201111,5,O3_8h_24h,石河子,18.0
20201111,5,CO,石河子,1.05
20201111,5,CO_24h,石河子,0.8
20201111,6,AQI,石河子,69.0
20201111,6,PM2.5,石河子,32.0
20201111,6,PM2.5_24h,石河子,27.0
20201111,6,PM10,石河子,88.0
20201111,6,PM10_24h,石河子,82.0
20201111,6,SO2,石河子,6.0
20201111,6,SO2_24h,石河子,17.0
20201111,6,NO2,石河子,47.0
20201111,6,NO2_24h,石河子,43.0
20201111,6,O3,石河子,4.0
20201111,6,O3_24h,石河子,40.0
20201111,6,O3_8h,石河子,11.0
20201111,6,O3_8h_24h,石河子,18.0
20201111,6,CO,石河子,0.9
20201111,6,CO_24h,石河子,0.8
20201111,8,AQI,石河子,66.0
20201111,8,PM2.5,石河子,30.0
20201111,8,PM2.5_24h,石河子,27.0
20201111,8,PM10,石河子,82.0
20201111,8,PM10_24h,石河子,81.0
20201111,8,SO2,石河子,6.0
20201111,8,SO2_24h,石河子,16.0
20201111,8,NO2,石河子,41.0
20201111,8,NO2_24h,石河子,43.0
20201111,8,O3,石河子,5.0
20201111,8,O3_24h,石河子,40.0
20201111,8,O3_8h,石河子,10.0
20201111,8,O3_8h_24h,石河子,18.0
20201111,8,CO,石河子,0.85
20201111,8,CO_24h,石河子,0.85
20201111,10,AQI,石河子,72.0
20201111,10,PM2.5,石河子,35.0
20201111,10,PM2.5_24h,石河子,27.0
20201111,10,PM10,石河子,94.0
20201111,10,PM10_24h,石河子,79.0
20201111,10,SO2,石河子,8.0
20201111,10,SO2_24h,石河子,16.0
20201111,10,NO2,石河子,52.0
20201111,10,NO2_24h,石河子,43.0
20201111,10,O3,石河子,5.0
20201111,10,O3_24h,石河子,40.0
20201111,10,O3_8h,石河子,7.0
20201111,10,O3_8h_24h,石河子,18.0
20201111,10,CO,石河子,1.2
20201111,10,CO_24h,石河子,0.85
20201111,11,AQI,石河子,86.0
20201111,11,PM2.5,石河子,40.0
20201111,11,PM2.5_24h,石河子,27.0
20201111,11,PM10,石河子,121.0
20201111,11,PM10_24h,石河子,78.0
20201111,11,SO2,石河子,12.0
20201111,11,SO2_24h,石河子,16.0
20201111,11,NO2,石河子,51.0
20201111,11,NO2_24h,石河子,43.0
20201111,11,O3,石河子,7.0
20201111,11,O3_24h,石河子,40.0
20201111,11,O3_8h,石河子,5.0
20201111,11,O3_8h_24h,石河子,18.0
20201111,11,CO,石河子,1.3
20201111,11,CO_24h,石河子,0.8
20201111,12,AQI,石河子,85.0
20201111,12,PM2.5,石河子,40.0
20201111,12,PM2.5_24h,石河子,27.0
20201111,12,PM10,石河子,120.0
20201111,12,PM10_24h,石河子,76.0
20201111,12,SO2,石河子,16.0
20201111,12,SO2_24h,石河子,16.0
20201111,12,NO2,石河子,47.0
20201111,12,NO2_24h,石河子,43.0
20201111,12,O3,石河子,16.0
20201111,12,O3_24h,石河子,40.0
20201111,12,O3_8h,石河子,7.0
20201111,12,O3_8h_24h,石河子,18.0
20201111,12,CO,石河子,1.1
20201111,12,CO_24h,石河子,0.8
20201111,13,AQI,石河子,81.0
20201111,13,PM2.5,石河子,43.0
20201111,13,PM2.5_24h,石河子,28.0
20201111,13,PM10,石河子,112.0
20201111,13,PM10_24h,石河子,77.0
20201111,13,SO2,石河子,16.0
20201111,13,SO2_24h,石河子,16.0
20201111,13,NO2,石河子,45.0
20201111,13,NO2_24h,石河子,44.0
20201111,13,O3,石河子,29.0
20201111,13,O3_24h,石河子,40.0
20201111,13,O3_8h,石河子,10.0
20201111,13,O3_8h_24h,石河子,18.0
20201111,13,CO,石河子,1.05
20201111,13,CO_24h,石河子,0.8
20201111,14,AQI,石河子,80.0
20201111,14,PM2.5,石河子,46.0
20201111,14,PM2.5_24h,石河子,29.0
20201111,14,PM10,石河子,109.0
20201111,14,PM10_24h,石河子,79.0
20201111,14,SO2,石河子,15.0
20201111,14,SO2_24h,石河子,16.0
20201111,14,NO2,石河子,33.0
20201111,14,NO2_24h,石河子,44.0
20201111,14,O3,石河子,42.0
20201111,14,O3_24h,石河子,42.0
20201111,14,O3_8h,石河子,14.0
20201111,14,O3_8h_24h,石河子,19.0
20201111,14,CO,石河子,0.85
20201111,14,CO_24h,石河子,0.8
20201111,15,AQI,石河子,75.0
20201111,15,PM2.5,石河子,41.0
20201111,15,PM2.5_24h,石河子,30.0
20201111,15,PM10,石河子,100.0
20201111,15,PM10_24h,石河子,79.0
20201111,15,SO2,石河子,17.0
20201111,15,SO2_24h,石河子,16.0
20201111,15,NO2,石河子,34.0
20201111,15,NO2_24h,石河子,43.0
20201111,15,O3,石河子,40.0
20201111,15,O3_24h,石河子,42.0
20201111,15,O3_8h,石河子,18.0
20201111,15,O3_8h_24h,石河子,21.0
20201111,15,CO,石河子,0.85
20201111,15,CO_24h,石河子,0.8
20201111,16,AQI,石河子,72.0
20201111,16,PM2.5,石河子,37.0
20201111,16,PM2.5_24h,石河子,29.0
20201111,16,PM10,石河子,93.0
20201111,16,PM10_24h,石河子,78.0
20201111,16,SO2,石河子,49.0
20201111,16,SO2_24h,石河子,14.0
20201111,16,NO2,石河子,43.0
20201111,16,NO2_24h,石河子,43.0
20201111,16,O3,石河子,36.0
20201111,16,O3_24h,石河子,42.0
20201111,16,O3_8h,石河子,22.0
20201111,16,O3_8h_24h,石河子,23.0
20201111,16,CO,石河子,1.05
20201111,16,CO_24h,石河子,0.8
20201111,17,AQI,石河子,65.0
20201111,17,PM2.5,石河子,42.0
20201111,17,PM2.5_24h,石河子,29.0
20201111,17,PM10,石河子,80.0
20201111,17,PM10_24h,石河子,78.0
20201111,17,SO2,石河子,33.0
20201111,17,SO2_24h,石河子,12.0
20201111,17,NO2,石河子,42.0
20201111,17,NO2_24h,石河子,42.0
20201111,17,O3,石河子,34.0
20201111,17,O3_24h,石河子,42.0
20201111,17,O3_8h,石河子,26.0
20201111,17,O3_8h_24h,石河子,26.0
20201111,17,CO,石河子,0.85
20201111,17,CO_24h,石河子,0.8
20201111,18,AQI,石河子,62.0
20201111,18,PM2.5,石河子,30.0
20201111,18,PM2.5_24h,石河子,29.0
20201111,18,PM10,石河子,74.0
20201111,18,PM10_24h,石河子,78.0
20201111,18,SO2,石河子,18.0
20201111,18,SO2_24h,石河子,12.0
20201111,18,NO2,石河子,35.0
20201111,18,NO2_24h,石河子,42.0
20201111,18,O3,石河子,41.0
20201111,18,O3_24h,石河子,43.0
20201111,18,O3_8h,石河子,31.0
20201111,18,O3_8h_24h,石河子,31.0
20201111,18,CO,石河子,0.65
20201111,18,CO_24h,石河子,0.8
20201111,19,AQI,石河子,59.0
20201111,19,PM2.5,石河子,21.0
20201111,19,PM2.5_24h,石河子,29.0
20201111,19,PM10,石河子,67.0
20201111,19,PM10_24h,石河子,78.0
20201111,19,SO2,石河子,10.0
20201111,19,SO2_24h,石河子,12.0
20201111,19,NO2,石河子,36.0
20201111,19,NO2_24h,石河子,43.0
20201111,19,O3,石河子,38.0
20201111,19,O3_24h,石河子,43.0
20201111,19,O3_8h,石河子,34.0
20201111,19,O3_8h_24h,石河子,34.0
20201111,19,CO,石河子,0.55
20201111,19,CO_24h,石河子,0.8
20201111,20,AQI,石河子,59.0
20201111,20,PM2.5,石河子,21.0
20201111,20,PM2.5_24h,石河子,29.0
20201111,20,PM10,石河子,67.0
20201111,20,PM10_24h,石河子,78.0
20201111,20,SO2,石河子,13.0
20201111,20,SO2_24h,石河子,12.0
20201111,20,NO2,石河子,53.0
20201111,20,NO2_24h,石河子,43.0
20201111,20,O3,石河子,24.0
20201111,20,O3_24h,石河子,43.0
20201111,20,O3_8h,石河子,36.0
20201111,20,O3_8h_24h,石河子,36.0
20201111,20,CO,石河子,0.6
20201111,20,CO_24h,石河子,0.8
20201111,21,AQI,石河子,67.0
20201111,21,PM2.5,石河子,27.0
20201111,21,PM2.5_24h,石河子,29.0
20201111,21,PM10,石河子,83.0
20201111,21,PM10_24h,石河子,79.0
20201111,21,SO2,石河子,13.0
20201111,21,SO2_24h,石河子,12.0
20201111,21,NO2,石河子,75.0
20201111,21,NO2_24h,石河子,44.0
20201111,21,O3,石河子,8.0
20201111,21,O3_24h,石河子,43.0
20201111,21,O3_8h,石河子,33.0
20201111,21,O3_8h_24h,石河子,36.0
20201111,21,CO,石河子,0.9
20201111,21,CO_24h,石河子,0.8
20201111,22,AQI,石河子,73.0
20201111,22,PM2.5,石河子,33.0
20201111,22,PM2.5_24h,石河子,30.0
20201111,22,PM10,石河子,96.0
20201111,22,PM10_24h,石河子,81.0
20201111,22,SO2,石河子,14.0
20201111,22,SO2_24h,石河子,13.0
20201111,22,NO2,石河子,71.0
20201111,22,NO2_24h,石河子,45.0
20201111,22,O3,石河子,5.0
20201111,22,O3_24h,石河子,43.0
20201111,22,O3_8h,石河子,28.0
20201111,22,O3_8h_24h,石河子,36.0
20201111,22,CO,石河子,0.95
20201111,22,CO_24h,石河子,0.85
20201111,23,AQI,石河子,79.0
20201111,23,PM2.5,石河子,39.0
20201111,23,PM2.5_24h,石河子,30.0
20201111,23,PM10,石河子,108.0
20201111,23,PM10_24h,石河子,83.0
20201111,23,SO2,石河子,15.0
20201111,23,SO2_24h,石河子,13.0
20201111,23,NO2,石河子,68.0
20201111,23,NO2_24h,石河子,46.0
20201111,23,O3,石河子,5.0
20201111,23,O3_24h,石河子,43.0
20201111,23,O3_8h,石河子,24.0
20201111,23,O3_8h_24h,石河子,36.0
20201111,23,CO,石河子,0.9
20201111,23,CO_24h,石河子,0.85
20201111,0,AQI,五家渠,67.0
20201111,0,PM2.5,五家渠,33.0
20201111,0,PM2.5_24h,五家渠,51.0
20201111,0,PM10,五家渠,84.0
20201111,0,PM10_24h,五家渠,145.0
20201111,0,SO2,五家渠,10.0
20201111,0,SO2_24h,五家渠,21.0
20201111,0,NO2,五家渠,23.0
20201111,0,NO2_24h,五家渠,47.0
20201111,0,O3,五家渠,26.0
20201111,0,O3_24h,五家渠,53.0
20201111,0,O3_8h,五家渠,37.0
20201111,0,O3_8h_24h,五家渠,44.0
20201111,0,CO,五家渠,0.8
20201111,0,CO_24h,五家渠,1.3
20201111,1,AQI,五家渠,75.0
20201111,1,PM2.5,五家渠,33.0
20201111,1,PM2.5_24h,五家渠,50.0
20201111,1,PM10,五家渠,100.0
20201111,1,PM10_24h,五家渠,140.0
20201111,1,SO2,五家渠,14.0
20201111,1,SO2_24h,五家渠,21.0
20201111,1,NO2,五家渠,34.0
20201111,1,NO2_24h,五家渠,46.0
20201111,1,O3,五家渠,18.0
20201111,1,O3_24h,五家渠,53.0
20201111,1,O3_8h,五家渠,18.0
20201111,1,O3_8h_24h,五家渠,18.0
20201111,1,CO,五家渠,0.9
20201111,1,CO_24h,五家渠,1.3
20201111,2,AQI,五家渠,72.0
20201111,2,PM2.5,五家渠,31.0
20201111,2,PM2.5_24h,五家渠,49.0
20201111,2,PM10,五家渠,93.0
20201111,2,PM10_24h,五家渠,136.0
20201111,2,SO2,五家渠,11.0
20201111,2,SO2_24h,五家渠,21.0
20201111,2,NO2,五家渠,35.0
20201111,2,NO2_24h,五家渠,45.0
20201111,2,O3,五家渠,13.0
20201111,2,O3_24h,五家渠,53.0
20201111,2,O3_8h,五家渠,16.0
20201111,2,O3_8h_24h,五家渠,18.0
20201111,2,CO,五家渠,1.0
20201111,2,CO_24h,五家渠,1.3
20201111,3,AQI,五家渠,75.0
20201111,3,PM2.5,五家渠,34.0
20201111,3,PM2.5_24h,五家渠,47.0
20201111,3,PM10,五家渠,99.0
20201111,3,PM10_24h,五家渠,133.0
20201111,3,SO2,五家渠,11.0
20201111,3,SO2_24h,五家渠,20.0
20201111,3,NO2,五家渠,47.0
20201111,3,NO2_24h,五家渠,44.0
20201111,3,O3,五家渠,5.0
20201111,3,O3_24h,五家渠,53.0
20201111,3,O3_8h,五家渠,12.0
20201111,3,O3_8h_24h,五家渠,18.0
20201111,3,CO,五家渠,1.0
20201111,3,CO_24h,五家渠,1.2
20201111,4,AQI,五家渠,76.0
20201111,4,PM2.5,五家渠,36.0
20201111,4,PM2.5_24h,五家渠,46.0
20201111,4,PM10,五家渠,101.0
20201111,4,PM10_24h,五家渠,131.0
20201111,4,SO2,五家渠,11.0
20201111,4,SO2_24h,五家渠,20.0
20201111,4,NO2,五家渠,51.0
20201111,4,NO2_24h,五家渠,44.0
20201111,4,O3,五家渠,4.0
20201111,4,O3_24h,五家渠,53.0
20201111,4,O3_8h,五家渠,10.0
20201111,4,O3_8h_24h,五家渠,18.0
20201111,4,CO,五家渠,1.3
20201111,4,CO_24h,五家渠,1.2
20201111,5,AQI,五家渠,87.0
20201111,5,PM2.5,五家渠,43.0
20201111,5,PM2.5_24h,五家渠,46.0
20201111,5,PM10,五家渠,123.0
20201111,5,PM10_24h,五家渠,129.0
20201111,5,SO2,五家渠,10.0
20201111,5,SO2_24h,五家渠,20.0
20201111,5,NO2,五家渠,53.0
20201111,5,NO2_24h,五家渠,43.0
20201111,5,O3,五家渠,4.0
20201111,5,O3_24h,五家渠,53.0
20201111,5,O3_8h,五家渠,9.0
20201111,5,O3_8h_24h,五家渠,18.0
20201111,5,CO,五家渠,1.6
20201111,5,CO_24h,五家渠,1.2
20201111,6,AQI,五家渠,90.0
20201111,6,PM2.5,五家渠,40.0
20201111,6,PM2.5_24h,五家渠,45.0
20201111,6,PM10,五家渠,130.0
20201111,6,PM10_24h,五家渠,128.0
20201111,6,SO2,五家渠,9.0
20201111,6,SO2_24h,五家渠,20.0
20201111,6,NO2,五家渠,49.0
20201111,6,NO2_24h,五家渠,43.0
20201111,6,O3,五家渠,4.0
20201111,6,O3_24h,五家渠,53.0
20201111,6,O3_8h,五家渠,8.0
20201111,6,O3_8h_24h,五家渠,18.0
20201111,6,CO,五家渠,1.5
20201111,6,CO_24h,五家渠,1.2
20201111,8,AQI,五家渠,86.0
20201111,8,PM2.5,五家渠,41.0
20201111,8,PM2.5_24h,五家渠,44.0
20201111,8,PM10,五家渠,122.0
20201111,8,PM10_24h,五家渠,128.0
20201111,8,SO2,五家渠,10.0
20201111,8,SO2_24h,五家渠,20.0
20201111,8,NO2,五家渠,49.0
20201111,8,NO2_24h,五家渠,42.0
20201111,8,O3,五家渠,4.0
20201111,8,O3_24h,五家渠,53.0
20201111,8,O3_8h,五家渠,7.0
20201111,8,O3_8h_24h,五家渠,18.0
20201111,8,CO,五家渠,1.7
20201111,8,CO_24h,五家渠,1.3
20201111,10,AQI,五家渠,80.0
20201111,10,PM2.5,五家渠,38.0
20201111,10,PM2.5_24h,五家渠,43.0
20201111,10,PM10,五家渠,109.0
20201111,10,PM10_24h,五家渠,126.0
20201111,10,SO2,五家渠,9.0
20201111,10,SO2_24h,五家渠,20.0
20201111,10,NO2,五家渠,48.0
20201111,10,NO2_24h,五家渠,42.0
20201111,10,O3,五家渠,4.0
20201111,10,O3_24h,五家渠,53.0
20201111,10,O3_8h,五家渠,4.0
20201111,10,O3_8h_24h,五家渠,18.0
20201111,10,CO,五家渠,1.6
20201111,10,CO_24h,五家渠,1.3
20201111,11,AQI,五家渠,86.0
20201111,11,PM2.5,五家渠,43.0
20201111,11,PM2.5_24h,五家渠,42.0
20201111,11,PM10,五家渠,121.0
20201111,11,PM10_24h,五家渠,125.0
20201111,11,SO2,五家渠,11.0
20201111,11,SO2_24h,五家渠,20.0
20201111,11,NO2,五家渠,51.0
20201111,11,NO2_24h,五家渠,42.0
20201111,11,O3,五家渠,5.0
20201111,11,O3_24h,五家渠,53.0
20201111,11,O3_8h,五家渠,4.0
20201111,11,O3_8h_24h,五家渠,18.0
20201111,11,CO,五家渠,1.9
20201111,11,CO_24h,五家渠,1.3
20201111,12,AQI,五家渠,98.0
20201111,12,PM2.5,五家渠,49.0
20201111,12,PM2.5_24h,五家渠,42.0
20201111,12,PM10,五家渠,145.0
20201111,12,PM10_24h,五家渠,124.0
20201111,12,SO2,五家渠,17.0
20201111,12,SO2_24h,五家渠,20.0
20201111,12,NO2,五家渠,63.0
20201111,12,NO2_24h,五家渠,42.0
20201111,12,O3,五家渠,8.0
20201111,12,O3_24h,五家渠,53.0
20201111,12,O3_8h,五家渠,5.0
20201111,12,O3_8h_24h,五家渠,18.0
20201111,12,CO,五家渠,2.4
20201111,12,CO_24h,五家渠,1.3
20201111,13,AQI,五家渠,86.0
20201111,13,PM2.5,五家渠,36.0
20201111,13,PM2.5_24h,五家渠,42.0
20201111,13,PM10,五家渠,121.0
20201111,13,PM10_24h,五家渠,123.0
20201111,13,SO2,五家渠,30.0
20201111,13,SO2_24h,五家渠,20.0
20201111,13,NO2,五家渠,36.0
20201111,13,NO2_24h,五家渠,42.0
20201111,13,O3,五家渠,35.0
20201111,13,O3_24h,五家渠,53.0
20201111,13,O3_8h,五家渠,8.0
20201111,13,O3_8h_24h,五家渠,18.0
20201111,13,CO,五家渠,1.8
20201111,13,CO_24h,五家渠,1.3
20201111,14,AQI,五家渠,72.0
20201111,14,PM2.5,五家渠,33.0
20201111,14,PM2.5_24h,五家渠,41.0
20201111,14,PM10,五家渠,94.0
20201111,14,PM10_24h,五家渠,121.0
20201111,14,SO2,五家渠,40.0
20201111,14,SO2_24h,五家渠,19.0
20201111,14,NO2,五家渠,24.0
20201111,14,NO2_24h,五家渠,42.0
20201111,14,O3,五家渠,49.0
20201111,14,O3_24h,五家渠,53.0
20201111,14,O3_8h,五家渠,14.0
20201111,14,O3_8h_24h,五家渠,18.0
20201111,14,CO,五家渠,1.4
20201111,14,CO_24h,五家渠,1.3
20201111,15,AQI,五家渠,72.0
20201111,15,PM2.5,五家渠,36.0
20201111,15,PM2.5_24h,五家渠,40.0
20201111,15,PM10,五家渠,93.0
20201111,15,PM10_24h,五家渠,119.0
20201111,15,SO2,五家渠,76.0
20201111,15,SO2_24h,五家渠,20.0
20201111,15,NO2,五家渠,35.0
20201111,15,NO2_24h,五家渠,42.0
20201111,15,O3,五家渠,40.0
20201111,15,O3_24h,五家渠,51.0
20201111,15,O3_8h,五家渠,19.0
20201111,15,O3_8h_24h,五家渠,19.0
20201111,15,CO,五家渠,1.6
20201111,15,CO_24h,五家渠,1.4
20201111,16,AQI,五家渠,81.0
20201111,16,PM2.5,五家渠,38.0
20201111,16,PM2.5_24h,五家渠,40.0
20201111,16,PM10,五家渠,111.0
20201111,16,PM10_24h,五家渠,117.0
20201111,16,SO2,五家渠,66.0
20201111,16,SO2_24h,五家渠,21.0
20201111,16,NO2,五家渠,31.0
20201111,16,NO2_24h,五家渠,42.0
20201111,16,O3,五家渠,45.0
20201111,16,O3_24h,五家渠,51.0
20201111,16,O3_8h,五家渠,24.0
20201111,16,O3_8h_24h,五家渠,24.0
20201111,16,CO,五家渠,1.6
20201111,16,CO_24h,五家渠,1.4
20201111,17,AQI,五家渠,70.0
20201111,17,PM2.5,五家渠,35.0
20201111,17,PM2.5_24h,五家渠,39.0
20201111,17,PM10,五家渠,90.0
20201111,17,PM10_24h,五家渠,115.0
20201111,17,SO2,五家渠,42.0
20201111,17,SO2_24h,五家渠,22.0
20201111,17,NO2,五家渠,25.0
20201111,17,NO2_24h,五家渠,41.0
20201111,17,O3,五家渠,54.0
20201111,17,O3_24h,五家渠,54.0
20201111,17,O3_8h,五家渠,30.0
20201111,17,O3_8h_24h,五家渠,30.0
20201111,17,CO,五家渠,1.3
20201111,17,CO_24h,五家渠,1.4
20201111,18,AQI,五家渠,72.0
20201111,18,PM2.5,五家渠,35.0
20201111,18,PM2.5_24h,五家渠,39.0
20201111,18,PM10,五家渠,93.0
20201111,18,PM10_24h,五家渠,114.0
20201111,18,SO2,五家渠,33.0
20201111,18,SO2_24h,五家渠,22.0
20201111,18,NO2,五家渠,25.0
20201111,18,NO2_24h,五家渠,41.0
20201111,18,O3,五家渠,54.0
20201111,18,O3_24h,五家渠,54.0
20201111,18,O3_8h,五家渠,36.0
20201111,18,O3_8h_24h,五家渠,36.0
20201111,18,CO,五家渠,1.1
20201111,18,CO_24h,五家渠,1.4
20201111,19,AQI,五家渠,70.0
20201111,19,PM2.5,五家渠,35.0
20201111,19,PM2.5_24h,五家渠,38.0
20201111,19,PM10,五家渠,90.0
20201111,19,PM10_24h,五家渠,112.0
20201111,19,SO2,五家渠,27.0
20201111,19,SO2_24h,五家渠,22.0
20201111,19,NO2,五家渠,32.0
20201111,19,NO2_24h,五家渠,39.0
20201111,19,O3,五家渠,43.0
20201111,19,O3_24h,五家渠,54.0
20201111,19,O3_8h,五家渠,41.0
20201111,19,O3_8h_24h,五家渠,41.0
20201111,19,CO,五家渠,1.0
20201111,19,CO_24h,五家渠,1.4
20201111,20,AQI,五家渠,68.0
20201111,20,PM2.5,五家渠,37.0
20201111,20,PM2.5_24h,五家渠,38.0
20201111,20,PM10,五家渠,85.0
20201111,20,PM10_24h,五家渠,108.0
20201111,20,SO2,五家渠,19.0
20201111,20,SO2_24h,五家渠,21.0
20201111,20,NO2,五家渠,54.0
20201111,20,NO2_24h,五家渠,39.0
20201111,20,O3,五家渠,18.0
20201111,20,O3_24h,五家渠,54.0
20201111,20,O3_8h,五家渠,42.0
20201111,20,O3_8h_24h,五家渠,42.0
20201111,20,CO,五家渠,2.5
20201111,20,CO_24h,五家渠,1.4
20201111,21,AQI,五家渠,77.0
20201111,21,PM2.5,五家渠,37.0
20201111,21,PM2.5_24h,五家渠,37.0
20201111,21,PM10,五家渠,103.0
20201111,21,PM10_24h,五家渠,106.0
20201111,21,SO2,五家渠,16.0
20201111,21,SO2_24h,五家渠,21.0
20201111,21,NO2,五家渠,66.0
20201111,21,NO2_24h,五家渠,40.0
20201111,21,O3,五家渠,5.0
20201111,21,O3_24h,五家渠,54.0
20201111,21,O3_8h,五家渠,38.0
20201111,21,O3_8h_24h,五家渠,42.0
20201111,21,CO,五家渠,1.2
20201111,21,CO_24h,五家渠,1.4
20201111,22,AQI,五家渠,71.0
20201111,22,PM2.5,五家渠,33.0
20201111,22,PM2.5_24h,五家渠,37.0
20201111,22,PM10,五家渠,92.0
20201111,22,PM10_24h,五家渠,105.0
20201111,22,SO2,五家渠,13.0
20201111,22,SO2_24h,五家渠,21.0
20201111,22,NO2,五家渠,48.0
20201111,22,NO2_24h,五家渠,41.0
20201111,22,O3,五家渠,12.0
20201111,22,O3_24h,五家渠,54.0
20201111,22,O3_8h,五家渠,34.0
20201111,22,O3_8h_24h,五家渠,42.0
20201111,22,CO,五家渠,0.9
20201111,22,CO_24h,五家渠,1.4
20201111,23,AQI,五家渠,61.0
20201111,23,PM2.5,五家渠,31.0
20201111,23,PM2.5_24h,五家渠,37.0
20201111,23,PM10,五家渠,72.0
20201111,23,PM10_24h,五家渠,104.0
20201111,23,SO2,五家渠,11.0
20201111,23,SO2_24h,五家渠,21.0
20201111,23,NO2,五家渠,42.0
20201111,23,NO2_24h,五家渠,42.0
20201111,23,O3,五家渠,12.0
20201111,23,O3_24h,五家渠,54.0
20201111,23,O3_8h,五家渠,30.0
20201111,23,O3_8h_24h,五家渠,42.0
20201111,23,CO,五家渠,1.0
20201111,23,CO_24h,五家渠,1.4
