date,hour,type,city,value
20170124,0,AQI,北京,121.0
20170124,0,PM2.5,北京,92.0
20170124,0,PM2.5_24h,北京,36.0
20170124,0,PM10,北京,107.0
20170124,0,PM10_24h,北京,51.0
20170124,0,SO2,北京,33.0
20170124,0,SO2_24h,北京,14.0
20170124,0,NO2,北京,78.0
20170124,0,NO2_24h,北京,49.0
20170124,0,O3,北京,9.0
20170124,0,O3_24h,北京,56.0
20170124,0,O3_8h,北京,14.0
20170124,0,O3_8h_24h,北京,44.0
20170124,0,CO,北京,2.3
20170124,0,CO_24h,北京,1.03
20170124,1,AQI,北京,120.0
20170124,1,PM2.5,北京,91.0
20170124,1,PM2.5_24h,北京,38.0
20170124,1,PM10,北京,107.0
20170124,1,PM10_24h,北京,55.0
20170124,1,SO2,北京,30.0
20170124,1,SO2_24h,北京,15.0
20170124,1,NO2,北京,77.0
20170124,1,NO2_24h,北京,50.0
20170124,1,O3,北京,9.0
20170124,1,O3_24h,北京,56.0
20170124,1,O3_8h,北京,9.0
20170124,1,O3_8h_24h,北京,9.0
20170124,1,CO,北京,2.47
20170124,1,CO_24h,北京,1.09
20170124,2,AQI,北京,115.0
20170124,2,PM2.5,北京,87.0
20170124,2,PM2.5_24h,北京,41.0
20170124,2,PM10,北京,102.0
20170124,2,PM10_24h,北京,58.0
20170124,2,SO2,北京,31.0
20170124,2,SO2_24h,北京,15.0
20170124,2,NO2,北京,73.0
20170124,2,NO2_24h,北京,52.0
20170124,2,O3,北京,9.0
20170124,2,O3_24h,北京,56.0
20170124,2,O3_8h,北京,9.0
20170124,2,O3_8h_24h,北京,9.0
20170124,2,CO,北京,2.38
20170124,2,CO_24h,北京,1.15
20170124,3,AQI,北京,110.0
20170124,3,PM2.5,北京,83.0
20170124,3,PM2.5_24h,北京,44.0
20170124,3,PM10,北京,91.0
20170124,3,PM10_24h,北京,59.0
20170124,3,SO2,北京,29.0
20170124,3,SO2_24h,北京,16.0
20170124,3,NO2,北京,71.0
20170124,3,NO2_24h,北京,53.0
20170124,3,O3,北京,9.0
20170124,3,O3_24h,北京,56.0
20170124,3,O3_8h,北京,9.0
20170124,3,O3_8h_24h,北京,9.0
20170124,3,CO,北京,2.48
20170124,3,CO_24h,北京,1.24
20170124,4,AQI,北京,109.0
20170124,4,PM2.5,北京,82.0
20170124,4,PM2.5_24h,北京,46.0
20170124,4,PM10,北京,89.0
20170124,4,PM10_24h,北京,60.0
20170124,4,SO2,北京,30.0
20170124,4,SO2_24h,北京,17.0
20170124,4,NO2,北京,71.0
20170124,4,NO2_24h,北京,55.0
20170124,4,O3,北京,7.0
20170124,4,O3_24h,北京,56.0
20170124,4,O3_8h,北京,8.0
20170124,4,O3_8h_24h,北京,10.0
20170124,4,CO,北京,2.62
20170124,4,CO_24h,北京,1.32
20170124,5,AQI,北京,110.0
20170124,5,PM2.5,北京,83.0
20170124,5,PM2.5_24h,北京,49.0
20170124,5,PM10,北京,103.0
20170124,5,PM10_24h,北京,63.0
20170124,5,SO2,北京,32.0
20170124,5,SO2_24h,北京,18.0
20170124,5,NO2,北京,69.0
20170124,5,NO2_24h,北京,56.0
20170124,5,O3,北京,8.0
20170124,5,O3_24h,北京,56.0
20170124,5,O3_8h,北京,8.0
20170124,5,O3_8h_24h,北京,10.0
20170124,5,CO,北京,2.75
20170124,5,CO_24h,北京,1.39
20170124,6,AQI,北京,108.0
20170124,6,PM2.5,北京,81.0
20170124,6,PM2.5_24h,北京,52.0
20170124,6,PM10,北京,85.0
20170124,6,PM10_24h,北京,66.0
20170124,6,SO2,北京,32.0
20170124,6,SO2_24h,北京,19.0
20170124,6,NO2,北京,68.0
20170124,6,NO2_24h,北京,57.0
20170124,6,O3,北京,8.0
20170124,6,O3_24h,北京,55.0
20170124,6,O3_8h,北京,8.0
20170124,6,O3_8h_24h,北京,10.0
20170124,6,CO,北京,2.64
20170124,6,CO_24h,北京,1.47
20170124,7,AQI,北京,99.0
20170124,7,PM2.5,北京,74.0
20170124,7,PM2.5_24h,北京,54.0
20170124,7,PM10,北京,85.0
20170124,7,PM10_24h,北京,69.0
20170124,7,SO2,北京,25.0
20170124,7,SO2_24h,北京,20.0
20170124,7,NO2,北京,66.0
20170124,7,NO2_24h,北京,58.0
20170124,7,O3,北京,6.0
20170124,7,O3_24h,北京,55.0
20170124,7,O3_8h,北京,8.0
20170124,7,O3_8h_24h,北京,10.0
20170124,7,CO,北京,2.43
20170124,7,CO_24h,北京,1.55
20170124,8,AQI,北京,78.0
20170124,8,PM2.5,北京,57.0
20170124,8,PM2.5_24h,北京,56.0
20170124,8,PM10,北京,65.0
20170124,8,PM10_24h,北京,71.0
20170124,8,SO2,北京,19.0
20170124,8,SO2_24h,北京,20.0
20170124,8,NO2,北京,62.0
20170124,8,NO2_24h,北京,59.0
20170124,8,O3,北京,4.0
20170124,8,O3_24h,北京,55.0
20170124,8,O3_8h,北京,7.0
20170124,8,O3_8h_24h,北京,10.0
20170124,8,CO,北京,2.02
20170124,8,CO_24h,北京,1.6
20170124,9,AQI,北京,66.0
20170124,9,PM2.5,北京,48.0
20170124,9,PM2.5_24h,北京,57.0
20170124,9,PM10,北京,54.0
20170124,9,PM10_24h,北京,73.0
20170124,9,SO2,北京,20.0
20170124,9,SO2_24h,北京,20.0
20170124,9,NO2,北京,56.0
20170124,9,NO2_24h,北京,59.0
20170124,9,O3,北京,9.0
20170124,9,O3_24h,北京,55.0
20170124,9,O3_8h,北京,7.0
20170124,9,O3_8h_24h,北京,10.0
20170124,9,CO,北京,1.76
20170124,9,CO_24h,北京,1.64
20170124,10,AQI,北京,59.0
20170124,10,PM2.5,北京,42.0
20170124,10,PM2.5_24h,北京,58.0
20170124,10,PM10,北京,46.0
20170124,10,PM10_24h,北京,73.0
20170124,10,SO2,北京,20.0
20170124,10,SO2_24h,北京,21.0
20170124,10,NO2,北京,51.0
20170124,10,NO2_24h,北京,60.0
20170124,10,O3,北京,17.0
20170124,10,O3_24h,北京,55.0
20170124,10,O3_8h,北京,9.0
20170124,10,O3_8h_24h,北京,11.0
20170124,10,CO,北京,1.37
20170124,10,CO_24h,北京,1.65
20170124,11,AQI,北京,63.0
20170124,11,PM2.5,北京,45.0
20170124,11,PM2.5_24h,北京,59.0
20170124,11,PM10,北京,66.0
20170124,11,PM10_24h,北京,74.0
20170124,11,SO2,北京,19.0
20170124,11,SO2_24h,北京,21.0
20170124,11,NO2,北京,51.0
20170124,11,NO2_24h,北京,61.0
20170124,11,O3,北京,24.0
20170124,11,O3_24h,北京,55.0
20170124,11,O3_8h,北京,10.0
20170124,11,O3_8h_24h,北京,13.0
20170124,11,CO,北京,1.36
20170124,11,CO_24h,北京,1.66
20170124,12,AQI,北京,79.0
20170124,12,PM2.5,北京,58.0
20170124,12,PM2.5_24h,北京,61.0
20170124,12,PM10,北京,68.0
20170124,12,PM10_24h,北京,75.0
20170124,12,SO2,北京,20.0
20170124,12,SO2_24h,北京,22.0
20170124,12,NO2,北京,54.0
20170124,12,NO2_24h,北京,61.0
20170124,12,O3,北京,29.0
20170124,12,O3_24h,北京,55.0
20170124,12,O3_8h,北京,13.0
20170124,12,O3_8h_24h,北京,15.0
20170124,12,CO,北京,1.35
20170124,12,CO_24h,北京,1.69
20170124,13,AQI,北京,86.0
20170124,13,PM2.5,北京,64.0
20170124,13,PM2.5_24h,北京,62.0
20170124,13,PM10,北京,68.0
20170124,13,PM10_24h,北京,77.0
20170124,13,SO2,北京,22.0
20170124,13,SO2_24h,北京,22.0
20170124,13,NO2,北京,58.0
20170124,13,NO2_24h,北京,63.0
20170124,13,O3,北京,35.0
20170124,13,O3_24h,北京,54.0
20170124,13,O3_8h,北京,16.0
20170124,13,O3_8h_24h,北京,18.0
20170124,13,CO,北京,1.35
20170124,13,CO_24h,北京,1.71
20170124,14,AQI,北京,85.0
20170124,14,PM2.5,北京,63.0
20170124,14,PM2.5_24h,北京,64.0
20170124,14,PM10,北京,69.0
20170124,14,PM10_24h,北京,78.0
20170124,14,SO2,北京,22.0
20170124,14,SO2_24h,北京,23.0
20170124,14,NO2,北京,59.0
20170124,14,NO2_24h,北京,63.0
20170124,14,O3,北京,33.0
20170124,14,O3_24h,北京,49.0
20170124,14,O3_8h,北京,19.0
20170124,14,O3_8h_24h,北京,21.0
20170124,14,CO,北京,1.44
20170124,14,CO_24h,北京,1.75
20170124,15,AQI,北京,99.0
20170124,15,PM2.5,北京,74.0
20170124,15,PM2.5_24h,北京,66.0
20170124,15,PM10,北京,111.0
20170124,15,PM10_24h,北京,81.0
20170124,15,SO2,北京,23.0
20170124,15,SO2_24h,北京,23.0
20170124,15,NO2,北京,78.0
20170124,15,NO2_24h,北京,65.0
20170124,15,O3,北京,30.0
20170124,15,O3_24h,北京,45.0
20170124,15,O3_8h,北京,22.0
20170124,15,O3_8h_24h,北京,23.0
20170124,15,CO,北京,1.51
20170124,15,CO_24h,北京,1.8
20170124,16,AQI,北京,128.0
20170124,16,PM2.5,北京,97.0
20170124,16,PM2.5_24h,北京,68.0
20170124,16,PM10,北京,123.0
20170124,16,PM10_24h,北京,85.0
20170124,16,SO2,北京,32.0
20170124,16,SO2_24h,北京,24.0
20170124,16,NO2,北京,78.0
20170124,16,NO2_24h,北京,67.0
20170124,16,O3,北京,29.0
20170124,16,O3_24h,北京,39.0
20170124,16,O3_8h,北京,25.0
20170124,16,O3_8h_24h,北京,26.0
20170124,16,CO,北京,1.75
20170124,16,CO_24h,北京,1.83
20170124,17,AQI,北京,141.0
20170124,17,PM2.5,北京,108.0
20170124,17,PM2.5_24h,北京,72.0
20170124,17,PM10,北京,127.0
20170124,17,PM10_24h,北京,88.0
20170124,17,SO2,北京,33.0
20170124,17,SO2_24h,北京,25.0
20170124,17,NO2,北京,89.0
20170124,17,NO2_24h,北京,69.0
20170124,17,O3,北京,26.0
20170124,17,O3_24h,北京,37.0
20170124,17,O3_8h,北京,27.0
20170124,17,O3_8h_24h,北京,28.0
20170124,17,CO,北京,1.82
20170124,17,CO_24h,北京,1.86
20170124,18,AQI,北京,149.0
20170124,18,PM2.5,北京,114.0
20170124,18,PM2.5_24h,北京,75.0
20170124,18,PM10,北京,132.0
20170124,18,PM10_24h,北京,92.0
20170124,18,SO2,北京,31.0
20170124,18,SO2_24h,北京,26.0
20170124,18,NO2,北京,101.0
20170124,18,NO2_24h,北京,70.0
20170124,18,O3,北京,13.0
20170124,18,O3_24h,北京,37.0
20170124,18,O3_8h,北京,27.0
20170124,18,O3_8h_24h,北京,28.0
20170124,18,CO,北京,2.0
20170124,18,CO_24h,北京,1.91
20170124,19,AQI,北京,163.0
20170124,19,PM2.5,北京,124.0
20170124,19,PM2.5_24h,北京,78.0
20170124,19,PM10,北京,144.0
20170124,19,PM10_24h,北京,96.0
20170124,19,SO2,北京,35.0
20170124,19,SO2_24h,北京,26.0
20170124,19,NO2,北京,108.0
20170124,19,NO2_24h,北京,72.0
20170124,19,O3,北京,9.0
20170124,19,O3_24h,北京,37.0
20170124,19,O3_8h,北京,25.0
20170124,19,O3_8h_24h,北京,28.0
20170124,19,CO,北京,2.29
20170124,19,CO_24h,北京,1.97
20170124,20,AQI,北京,169.0
20170124,20,PM2.5,北京,128.0
20170124,20,PM2.5_24h,北京,81.0
20170124,20,PM10,北京,144.0
20170124,20,PM10_24h,北京,99.0
20170124,20,SO2,北京,34.0
20170124,20,SO2_24h,北京,27.0
20170124,20,NO2,北京,106.0
20170124,20,NO2_24h,北京,74.0
20170124,20,O3,北京,7.0
20170124,20,O3_24h,北京,37.0
20170124,20,O3_8h,北京,22.0
20170124,20,O3_8h_24h,北京,28.0
20170124,20,CO,北京,2.45
20170124,20,CO_24h,北京,2.01
20170124,21,AQI,北京,164.0
20170124,21,PM2.5,北京,125.0
20170124,21,PM2.5_24h,北京,83.0
20170124,21,PM10,北京,149.0
20170124,21,PM10_24h,北京,101.0
20170124,21,SO2,北京,35.0
20170124,21,SO2_24h,北京,27.0
20170124,21,NO2,北京,100.0
20170124,21,NO2_24h,北京,74.0
20170124,21,O3,北京,8.0
20170124,21,O3_24h,北京,37.0
20170124,21,O3_8h,北京,19.0
20170124,21,O3_8h_24h,北京,28.0
20170124,21,CO,北京,2.38
20170124,21,CO_24h,北京,2.05
20170124,22,AQI,北京,169.0
20170124,22,PM2.5,北京,128.0
20170124,22,PM2.5_24h,北京,85.0
20170124,22,PM10,北京,148.0
20170124,22,PM10_24h,北京,103.0
20170124,22,SO2,北京,40.0
20170124,22,SO2_24h,北京,28.0
20170124,22,NO2,北京,94.0
20170124,22,NO2_24h,北京,75.0
20170124,22,O3,北京,10.0
20170124,22,O3_24h,北京,37.0
20170124,22,O3_8h,北京,16.0
20170124,22,O3_8h_24h,北京,28.0
20170124,22,CO,北京,2.4
20170124,22,CO_24h,北京,2.05
20170124,23,AQI,北京,187.0
20170124,23,PM2.5,北京,141.0
20170124,23,PM2.5_24h,北京,87.0
20170124,23,PM10,北京,154.0
20170124,23,PM10_24h,北京,105.0
20170124,23,SO2,北京,43.0
20170124,23,SO2_24h,北京,29.0
20170124,23,NO2,北京,95.0
20170124,23,NO2_24h,北京,76.0
20170124,23,O3,北京,8.0
20170124,23,O3_24h,北京,37.0
20170124,23,O3_8h,北京,14.0
20170124,23,O3_8h_24h,北京,28.0
20170124,23,CO,北京,2.67
20170124,23,CO_24h,北京,2.09
20170124,0,AQI,天津,89.0
20170124,0,PM2.5,天津,66.0
20170124,0,PM2.5_24h,天津,55.0
20170124,0,PM10,天津,87.0
20170124,0,PM10_24h,天津,74.0
20170124,0,SO2,天津,30.0
20170124,0,SO2_24h,天津,45.0
20170124,0,NO2,天津,91.0
20170124,0,NO2_24h,天津,72.0
20170124,0,O3,天津,5.0
20170124,0,O3_24h,天津,60.0
20170124,0,O3_8h,天津,15.0
20170124,0,O3_8h_24h,天津,43.0
20170124,0,CO,天津,2.25
20170124,0,CO_24h,天津,1.9
20170124,1,AQI,天津,89.0
20170124,1,PM2.5,天津,66.0
20170124,1,PM2.5_24h,天津,56.0
20170124,1,PM10,天津,88.0
20170124,1,PM10_24h,天津,76.0
20170124,1,SO2,天津,31.0
20170124,1,SO2_24h,天津,46.0
20170124,1,NO2,天津,91.0
20170124,1,NO2_24h,天津,73.0
20170124,1,O3,天津,5.0
20170124,1,O3_24h,天津,60.0
20170124,1,O3_8h,天津,5.0
20170124,1,O3_8h_24h,天津,5.0
20170124,1,CO,天津,2.45
20170124,1,CO_24h,天津,1.93
20170124,2,AQI,天津,94.0
20170124,2,PM2.5,天津,70.0
20170124,2,PM2.5_24h,天津,57.0
20170124,2,PM10,天津,92.0
20170124,2,PM10_24h,天津,77.0
20170124,2,SO2,天津,28.0
20170124,2,SO2_24h,天津,46.0
20170124,2,NO2,天津,88.0
20170124,2,NO2_24h,天津,74.0
20170124,2,O3,天津,6.0
20170124,2,O3_24h,天津,60.0
20170124,2,O3_8h,天津,5.0
20170124,2,O3_8h_24h,天津,6.0
20170124,2,CO,天津,2.51
20170124,2,CO_24h,天津,1.99
20170124,3,AQI,天津,95.0
20170124,3,PM2.5,天津,71.0
20170124,3,PM2.5_24h,天津,58.0
20170124,3,PM10,天津,91.0
20170124,3,PM10_24h,天津,79.0
20170124,3,SO2,天津,21.0
20170124,3,SO2_24h,天津,45.0
20170124,3,NO2,天津,80.0
20170124,3,NO2_24h,天津,74.0
20170124,3,O3,天津,6.0
20170124,3,O3_24h,天津,60.0
20170124,3,O3_8h,天津,6.0
20170124,3,O3_8h_24h,天津,6.0
20170124,3,CO,天津,2.77
20170124,3,CO_24h,天津,2.06
20170124,4,AQI,天津,98.0
20170124,4,PM2.5,天津,73.0
20170124,4,PM2.5_24h,天津,60.0
20170124,4,PM10,天津,85.0
20170124,4,PM10_24h,天津,80.0
20170124,4,SO2,天津,19.0
20170124,4,SO2_24h,天津,44.0
20170124,4,NO2,天津,78.0
20170124,4,NO2_24h,天津,74.0
20170124,4,O3,天津,5.0
20170124,4,O3_24h,天津,60.0
20170124,4,O3_8h,天津,5.0
20170124,4,O3_8h_24h,天津,6.0
20170124,4,CO,天津,2.96
20170124,4,CO_24h,天津,2.1
20170124,5,AQI,天津,104.0
20170124,5,PM2.5,天津,78.0
20170124,5,PM2.5_24h,天津,61.0
20170124,5,PM10,天津,92.0
20170124,5,PM10_24h,天津,81.0
20170124,5,SO2,天津,20.0
20170124,5,SO2_24h,天津,43.0
20170124,5,NO2,天津,78.0
20170124,5,NO2_24h,天津,74.0
20170124,5,O3,天津,5.0
20170124,5,O3_24h,天津,60.0
20170124,5,O3_8h,天津,5.0
20170124,5,O3_8h_24h,天津,6.0
20170124,5,CO,天津,3.29
20170124,5,CO_24h,天津,2.16
20170124,6,AQI,天津,108.0
20170124,6,PM2.5,天津,81.0
20170124,6,PM2.5_24h,天津,62.0
20170124,6,PM10,天津,101.0
20170124,6,PM10_24h,天津,83.0
20170124,6,SO2,天津,23.0
20170124,6,SO2_24h,天津,42.0
20170124,6,NO2,天津,78.0
20170124,6,NO2_24h,天津,74.0
20170124,6,O3,天津,5.0
20170124,6,O3_24h,天津,60.0
20170124,6,O3_8h,天津,5.0
20170124,6,O3_8h_24h,天津,6.0
20170124,6,CO,天津,3.74
20170124,6,CO_24h,天津,2.24
20170124,7,AQI,天津,119.0
20170124,7,PM2.5,天津,90.0
20170124,7,PM2.5_24h,天津,63.0
20170124,7,PM10,天津,120.0
20170124,7,PM10_24h,天津,85.0
20170124,7,SO2,天津,27.0
20170124,7,SO2_24h,天津,41.0
20170124,7,NO2,天津,80.0
20170124,7,NO2_24h,天津,74.0
20170124,7,O3,天津,5.0
20170124,7,O3_24h,天津,60.0
20170124,7,O3_8h,天津,5.0
20170124,7,O3_8h_24h,天津,6.0
20170124,7,CO,天津,4.09
20170124,7,CO_24h,天津,2.33
20170124,8,AQI,天津,126.0
20170124,8,PM2.5,天津,96.0
20170124,8,PM2.5_24h,天津,65.0
20170124,8,PM10,天津,124.0
20170124,8,PM10_24h,天津,87.0
20170124,8,SO2,天津,30.0
20170124,8,SO2_24h,天津,40.0
20170124,8,NO2,天津,83.0
20170124,8,NO2_24h,天津,75.0
20170124,8,O3,天津,5.0
20170124,8,O3_24h,天津,60.0
20170124,8,O3_8h,天津,5.0
20170124,8,O3_8h_24h,天津,6.0
20170124,8,CO,天津,4.31
20170124,8,CO_24h,天津,2.4
20170124,9,AQI,天津,135.0
20170124,9,PM2.5,天津,103.0
20170124,9,PM2.5_24h,天津,67.0
20170124,9,PM10,天津,142.0
20170124,9,PM10_24h,天津,90.0
20170124,9,SO2,天津,38.0
20170124,9,SO2_24h,天津,39.0
20170124,9,NO2,天津,85.0
20170124,9,NO2_24h,天津,75.0
20170124,9,O3,天津,7.0
20170124,9,O3_24h,天津,60.0
20170124,9,O3_8h,天津,5.0
20170124,9,O3_8h_24h,天津,6.0
20170124,9,CO,天津,4.64
20170124,9,CO_24h,天津,2.51
20170124,10,AQI,天津,153.0
20170124,10,PM2.5,天津,117.0
20170124,10,PM2.5_24h,天津,69.0
20170124,10,PM10,天津,158.0
20170124,10,PM10_24h,天津,93.0
20170124,10,SO2,天津,46.0
20170124,10,SO2_24h,天津,37.0
20170124,10,NO2,天津,87.0
20170124,10,NO2_24h,天津,75.0
20170124,10,O3,天津,8.0
20170124,10,O3_24h,天津,60.0
20170124,10,O3_8h,天津,6.0
20170124,10,O3_8h_24h,天津,6.0
20170124,10,CO,天津,4.63
20170124,10,CO_24h,天津,2.6
20170124,11,AQI,天津,169.0
20170124,11,PM2.5,天津,128.0
20170124,11,PM2.5_24h,天津,72.0
20170124,11,PM10,天津,141.0
20170124,11,PM10_24h,天津,95.0
20170124,11,SO2,天津,55.0
20170124,11,SO2_24h,天津,37.0
20170124,11,NO2,天津,86.0
20170124,11,NO2_24h,天津,76.0
20170124,11,O3,天津,15.0
20170124,11,O3_24h,天津,60.0
20170124,11,O3_8h,天津,7.0
20170124,11,O3_8h_24h,天津,7.0
20170124,11,CO,天津,3.94
20170124,11,CO_24h,天津,2.69
20170124,12,AQI,天津,145.0
20170124,12,PM2.5,天津,111.0
20170124,12,PM2.5_24h,天津,74.0
20170124,12,PM10,天津,118.0
20170124,12,PM10_24h,天津,97.0
20170124,12,SO2,天津,53.0
20170124,12,SO2_24h,天津,36.0
20170124,12,NO2,天津,75.0
20170124,12,NO2_24h,天津,76.0
20170124,12,O3,天津,28.0
20170124,12,O3_24h,天津,60.0
20170124,12,O3_8h,天津,10.0
20170124,12,O3_8h_24h,天津,10.0
20170124,12,CO,天津,3.27
20170124,12,CO_24h,天津,2.73
20170124,13,AQI,天津,139.0
20170124,13,PM2.5,天津,106.0
20170124,13,PM2.5_24h,天津,76.0
20170124,13,PM10,天津,130.0
20170124,13,PM10_24h,天津,98.0
20170124,13,SO2,天津,48.0
20170124,13,SO2_24h,天津,36.0
20170124,13,NO2,天津,69.0
20170124,13,NO2_24h,天津,77.0
20170124,13,O3,天津,40.0
20170124,13,O3_24h,天津,60.0
20170124,13,O3_8h,天津,14.0
20170124,13,O3_8h_24h,天津,14.0
20170124,13,CO,天津,2.88
20170124,13,CO_24h,天津,2.79
20170124,14,AQI,天津,129.0
20170124,14,PM2.5,天津,98.0
20170124,14,PM2.5_24h,天津,77.0
20170124,14,PM10,天津,116.0
20170124,14,PM10_24h,天津,99.0
20170124,14,SO2,天津,45.0
20170124,14,SO2_24h,天津,36.0
20170124,14,NO2,天津,68.0
20170124,14,NO2_24h,天津,79.0
20170124,14,O3,天津,44.0
20170124,14,O3_24h,天津,59.0
20170124,14,O3_8h,天津,19.0
20170124,14,O3_8h_24h,天津,19.0
20170124,14,CO,天津,2.55
20170124,14,CO_24h,天津,2.81
20170124,15,AQI,天津,126.0
20170124,15,PM2.5,天津,96.0
20170124,15,PM2.5_24h,天津,79.0
20170124,15,PM10,天津,108.0
20170124,15,PM10_24h,天津,100.0
20170124,15,SO2,天津,56.0
20170124,15,SO2_24h,天津,37.0
20170124,15,NO2,天津,72.0
20170124,15,NO2_24h,天津,80.0
20170124,15,O3,天津,55.0
20170124,15,O3_24h,天津,63.0
20170124,15,O3_8h,天津,25.0
20170124,15,O3_8h_24h,天津,25.0
20170124,15,CO,天津,2.46
20170124,15,CO_24h,天津,2.85
20170124,16,AQI,天津,130.0
20170124,16,PM2.5,天津,99.0
20170124,16,PM2.5_24h,天津,81.0
20170124,16,PM10,天津,127.0
20170124,16,PM10_24h,天津,103.0
20170124,16,SO2,天津,42.0
20170124,16,SO2_24h,天津,37.0
20170124,16,NO2,天津,83.0
20170124,16,NO2_24h,天津,81.0
20170124,16,O3,天津,38.0
20170124,16,O3_24h,天津,61.0
20170124,16,O3_8h,天津,29.0
20170124,16,O3_8h_24h,天津,29.0
20170124,16,CO,天津,2.62
20170124,16,CO_24h,天津,2.89
20170124,17,AQI,天津,133.0
20170124,17,PM2.5,天津,101.0
20170124,17,PM2.5_24h,天津,83.0
20170124,17,PM10,天津,107.0
20170124,17,PM10_24h,天津,104.0
20170124,17,SO2,天津,35.0
20170124,17,SO2_24h,天津,36.0
20170124,17,NO2,天津,84.0
20170124,17,NO2_24h,天津,82.0
20170124,17,O3,天津,39.0
20170124,17,O3_24h,天津,61.0
20170124,17,O3_8h,天津,33.0
20170124,17,O3_8h_24h,天津,33.0
20170124,17,CO,天津,2.38
20170124,17,CO_24h,天津,2.92
20170124,18,AQI,天津,125.0
20170124,18,PM2.5,天津,95.0
20170124,18,PM2.5_24h,天津,85.0
20170124,18,PM10,天津,120.0
20170124,18,PM10_24h,天津,105.0
20170124,18,SO2,天津,29.0
20170124,18,SO2_24h,天津,35.0
20170124,18,NO2,天津,90.0
20170124,18,NO2_24h,天津,83.0
20170124,18,O3,天津,28.0
20170124,18,O3_24h,天津,61.0
20170124,18,O3_8h,天津,36.0
20170124,18,O3_8h_24h,天津,36.0
20170124,18,CO,天津,2.18
20170124,18,CO_24h,天津,2.95
20170124,19,AQI,天津,114.0
20170124,19,PM2.5,天津,86.0
20170124,19,PM2.5_24h,天津,86.0
20170124,19,PM10,天津,100.0
20170124,19,PM10_24h,天津,106.0
20170124,19,SO2,天津,28.0
20170124,19,SO2_24h,天津,35.0
20170124,19,NO2,天津,95.0
20170124,19,NO2_24h,天津,83.0
20170124,19,O3,天津,20.0
20170124,19,O3_24h,天津,61.0
20170124,19,O3_8h,天津,36.0
20170124,19,O3_8h_24h,天津,37.0
20170124,19,CO,天津,1.86
20170124,19,CO_24h,天津,2.96
20170124,20,AQI,天津,108.0
20170124,20,PM2.5,天津,81.0
20170124,20,PM2.5_24h,天津,87.0
20170124,20,PM10,天津,91.0
20170124,20,PM10_24h,天津,107.0
20170124,20,SO2,天津,29.0
20170124,20,SO2_24h,天津,35.0
20170124,20,NO2,天津,93.0
20170124,20,NO2_24h,天津,83.0
20170124,20,O3,天津,21.0
20170124,20,O3_24h,天津,61.0
20170124,20,O3_8h,天津,36.0
20170124,20,O3_8h_24h,天津,38.0
20170124,20,CO,天津,1.8
20170124,20,CO_24h,天津,2.94
20170124,21,AQI,天津,113.0
20170124,21,PM2.5,天津,85.0
20170124,21,PM2.5_24h,天津,88.0
20170124,21,PM10,天津,82.0
20170124,21,PM10_24h,天津,108.0
20170124,21,SO2,天津,33.0
20170124,21,SO2_24h,天津,35.0
20170124,21,NO2,天津,94.0
20170124,21,NO2_24h,天津,84.0
20170124,21,O3,天津,20.0
20170124,21,O3_24h,天津,61.0
20170124,21,O3_8h,天津,33.0
20170124,21,O3_8h_24h,天津,38.0
20170124,21,CO,天津,1.8
20170124,21,CO_24h,天津,2.92
20170124,22,AQI,天津,116.0
20170124,22,PM2.5,天津,88.0
20170124,22,PM2.5_24h,天津,89.0
20170124,22,PM10,天津,102.0
20170124,22,PM10_24h,天津,108.0
20170124,22,SO2,天津,37.0
20170124,22,SO2_24h,天津,35.0
20170124,22,NO2,天津,97.0
20170124,22,NO2_24h,天津,84.0
20170124,22,O3,天津,19.0
20170124,22,O3_24h,天津,61.0
20170124,22,O3_8h,天津,30.0
20170124,22,O3_8h_24h,天津,38.0
20170124,22,CO,天津,1.81
20170124,22,CO_24h,天津,2.91
20170124,23,AQI,天津,126.0
20170124,23,PM2.5,天津,96.0
20170124,23,PM2.5_24h,天津,91.0
20170124,23,PM10,天津,101.0
20170124,23,PM10_24h,天津,109.0
20170124,23,SO2,天津,39.0
20170124,23,SO2_24h,天津,35.0
20170124,23,NO2,天津,94.0
20170124,23,NO2_24h,天津,84.0
20170124,23,O3,天津,19.0
20170124,23,O3_24h,天津,61.0
20170124,23,O3_8h,天津,25.0
20170124,23,O3_8h_24h,天津,38.0
20170124,23,CO,天津,1.71
20170124,23,CO_24h,天津,2.9
20170124,0,AQI,石家庄,288.0
20170124,0,PM2.5,石家庄,238.0
20170124,0,PM2.5_24h,石家庄,206.0
20170124,0,PM10,石家庄,309.0
20170124,0,PM10_24h,石家庄,270.0
20170124,0,SO2,石家庄,103.0
20170124,0,SO2_24h,石家庄,106.0
20170124,0,NO2,石家庄,97.0
20170124,0,NO2_24h,石家庄,77.0
20170124,0,O3,石家庄,13.0
20170124,0,O3_24h,石家庄,52.0
20170124,0,O3_8h,石家庄,23.0
20170124,0,O3_8h_24h,石家庄,40.0
20170124,0,CO,石家庄,3.25
20170124,0,CO_24h,石家庄,3.1
20170124,1,AQI,石家庄,269.0
20170124,1,PM2.5,石家庄,219.0
20170124,1,PM2.5_24h,石家庄,207.0
20170124,1,PM10,石家庄,301.0
20170124,1,PM10_24h,石家庄,272.0
20170124,1,SO2,石家庄,89.0
20170124,1,SO2_24h,石家庄,105.0
20170124,1,NO2,石家庄,97.0
20170124,1,NO2_24h,石家庄,77.0
20170124,1,O3,石家庄,12.0
20170124,1,O3_24h,石家庄,52.0
20170124,1,O3_8h,石家庄,12.0
20170124,1,O3_8h_24h,石家庄,12.0
20170124,1,CO,石家庄,3.13
20170124,1,CO_24h,石家庄,3.08
20170124,2,AQI,石家庄,263.0
20170124,2,PM2.5,石家庄,213.0
20170124,2,PM2.5_24h,石家庄,208.0
20170124,2,PM10,石家庄,285.0
20170124,2,PM10_24h,石家庄,272.0
20170124,2,SO2,石家庄,84.0
20170124,2,SO2_24h,石家庄,102.0
20170124,2,NO2,石家庄,95.0
20170124,2,NO2_24h,石家庄,78.0
20170124,2,O3,石家庄,11.0
20170124,2,O3_24h,石家庄,52.0
20170124,2,O3_8h,石家庄,11.0
20170124,2,O3_8h_24h,石家庄,12.0
20170124,2,CO,石家庄,3.0
20170124,2,CO_24h,石家庄,3.07
20170124,3,AQI,石家庄,264.0
20170124,3,PM2.5,石家庄,214.0
20170124,3,PM2.5_24h,石家庄,208.0
20170124,3,PM10,石家庄,290.0
20170124,3,PM10_24h,石家庄,273.0
20170124,3,SO2,石家庄,78.0
20170124,3,SO2_24h,石家庄,99.0
20170124,3,NO2,石家庄,89.0
20170124,3,NO2_24h,石家庄,79.0
20170124,3,O3,石家庄,11.0
20170124,3,O3_24h,石家庄,52.0
20170124,3,O3_8h,石家庄,11.0
20170124,3,O3_8h_24h,石家庄,12.0
20170124,3,CO,石家庄,2.95
20170124,3,CO_24h,石家庄,3.05
20170124,4,AQI,石家庄,250.0
20170124,4,PM2.5,石家庄,200.0
20170124,4,PM2.5_24h,石家庄,208.0
20170124,4,PM10,石家庄,263.0
20170124,4,PM10_24h,石家庄,273.0
20170124,4,SO2,石家庄,78.0
20170124,4,SO2_24h,石家庄,98.0
20170124,4,NO2,石家庄,88.0
20170124,4,NO2_24h,石家庄,80.0
20170124,4,O3,石家庄,10.0
20170124,4,O3_24h,石家庄,52.0
20170124,4,O3_8h,石家庄,11.0
20170124,4,O3_8h_24h,石家庄,12.0
20170124,4,CO,石家庄,3.07
20170124,4,CO_24h,石家庄,3.07
20170124,5,AQI,石家庄,244.0
20170124,5,PM2.5,石家庄,194.0
20170124,5,PM2.5_24h,石家庄,208.0
20170124,5,PM10,石家庄,272.0
20170124,5,PM10_24h,石家庄,273.0
20170124,5,SO2,石家庄,84.0
20170124,5,SO2_24h,石家庄,97.0
20170124,5,NO2,石家庄,87.0
20170124,5,NO2_24h,石家庄,81.0
20170124,5,O3,石家庄,10.0
20170124,5,O3_24h,石家庄,52.0
20170124,5,O3_8h,石家庄,11.0
20170124,5,O3_8h_24h,石家庄,12.0
20170124,5,CO,石家庄,2.97
20170124,5,CO_24h,石家庄,3.05
20170124,6,AQI,石家庄,248.0
20170124,6,PM2.5,石家庄,198.0
20170124,6,PM2.5_24h,石家庄,208.0
20170124,6,PM10,石家庄,271.0
20170124,6,PM10_24h,石家庄,273.0
20170124,6,SO2,石家庄,93.0
20170124,6,SO2_24h,石家庄,96.0
20170124,6,NO2,石家庄,86.0
20170124,6,NO2_24h,石家庄,82.0
20170124,6,O3,石家庄,10.0
20170124,6,O3_24h,石家庄,52.0
20170124,6,O3_8h,石家庄,11.0
20170124,6,O3_8h_24h,石家庄,12.0
20170124,6,CO,石家庄,3.0
20170124,6,CO_24h,石家庄,3.05
20170124,7,AQI,石家庄,250.0
20170124,7,PM2.5,石家庄,200.0
20170124,7,PM2.5_24h,石家庄,208.0
20170124,7,PM10,石家庄,263.0
20170124,7,PM10_24h,石家庄,273.0
20170124,7,SO2,石家庄,108.0
20170124,7,SO2_24h,石家庄,97.0
20170124,7,NO2,石家庄,86.0
20170124,7,NO2_24h,石家庄,83.0
20170124,7,O3,石家庄,10.0
20170124,7,O3_24h,石家庄,52.0
20170124,7,O3_8h,石家庄,10.0
20170124,7,O3_8h_24h,石家庄,12.0
20170124,7,CO,石家庄,3.12
20170124,7,CO_24h,石家庄,3.03
20170124,8,AQI,石家庄,256.0
20170124,8,PM2.5,石家庄,206.0
20170124,8,PM2.5_24h,石家庄,210.0
20170124,8,PM10,石家庄,281.0
20170124,8,PM10_24h,石家庄,275.0
20170124,8,SO2,石家庄,112.0
20170124,8,SO2_24h,石家庄,98.0
20170124,8,NO2,石家庄,87.0
20170124,8,NO2_24h,石家庄,84.0
20170124,8,O3,石家庄,10.0
20170124,8,O3_24h,石家庄,52.0
20170124,8,O3_8h,石家庄,10.0
20170124,8,O3_8h_24h,石家庄,12.0
20170124,8,CO,石家庄,3.33
20170124,8,CO_24h,石家庄,3.05
20170124,9,AQI,石家庄,274.0
20170124,9,PM2.5,石家庄,224.0
20170124,9,PM2.5_24h,石家庄,212.0
20170124,9,PM10,石家庄,304.0
20170124,9,PM10_24h,石家庄,278.0
20170124,9,SO2,石家庄,116.0
20170124,9,SO2_24h,石家庄,99.0
20170124,9,NO2,石家庄,84.0
20170124,9,NO2_24h,石家庄,85.0
20170124,9,O3,石家庄,11.0
20170124,9,O3_24h,石家庄,52.0
20170124,9,O3_8h,石家庄,10.0
20170124,9,O3_8h_24h,石家庄,12.0
20170124,9,CO,石家庄,3.62
20170124,9,CO_24h,石家庄,3.05
20170124,10,AQI,石家庄,303.0
20170124,10,PM2.5,石家庄,253.0
20170124,10,PM2.5_24h,石家庄,214.0
20170124,10,PM10,石家庄,333.0
20170124,10,PM10_24h,石家庄,281.0
20170124,10,SO2,石家庄,122.0
20170124,10,SO2_24h,石家庄,100.0
20170124,10,NO2,石家庄,80.0
20170124,10,NO2_24h,石家庄,86.0
20170124,10,O3,石家庄,13.0
20170124,10,O3_24h,石家庄,52.0
20170124,10,O3_8h,石家庄,11.0
20170124,10,O3_8h_24h,石家庄,12.0
20170124,10,CO,石家庄,3.82
20170124,10,CO_24h,石家庄,3.07
20170124,11,AQI,石家庄,283.0
20170124,11,PM2.5,石家庄,233.0
20170124,11,PM2.5_24h,石家庄,215.0
20170124,11,PM10,石家庄,299.0
20170124,11,PM10_24h,石家庄,281.0
20170124,11,SO2,石家庄,108.0
20170124,11,SO2_24h,石家庄,101.0
20170124,11,NO2,石家庄,75.0
20170124,11,NO2_24h,石家庄,86.0
20170124,11,O3,石家庄,17.0
20170124,11,O3_24h,石家庄,52.0
20170124,11,O3_8h,石家庄,11.0
20170124,11,O3_8h_24h,石家庄,12.0
20170124,11,CO,石家庄,3.53
20170124,11,CO_24h,石家庄,3.07
20170124,12,AQI,石家庄,266.0
20170124,12,PM2.5,石家庄,216.0
20170124,12,PM2.5_24h,石家庄,214.0
20170124,12,PM10,石家庄,303.0
20170124,12,PM10_24h,石家庄,283.0
20170124,12,SO2,石家庄,105.0
20170124,12,SO2_24h,石家庄,101.0
20170124,12,NO2,石家庄,69.0
20170124,12,NO2_24h,石家庄,86.0
20170124,12,O3,石家庄,24.0
20170124,12,O3_24h,石家庄,52.0
20170124,12,O3_8h,石家庄,13.0
20170124,12,O3_8h_24h,石家庄,13.0
20170124,12,CO,石家庄,3.15
20170124,12,CO_24h,石家庄,3.1
20170124,13,AQI,石家庄,207.0
20170124,13,PM2.5,石家庄,157.0
20170124,13,PM2.5_24h,石家庄,213.0
20170124,13,PM10,石家庄,234.0
20170124,13,PM10_24h,石家庄,282.0
20170124,13,SO2,石家庄,83.0
20170124,13,SO2_24h,石家庄,100.0
20170124,13,NO2,石家庄,59.0
20170124,13,NO2_24h,石家庄,86.0
20170124,13,O3,石家庄,59.0
20170124,13,O3_24h,石家庄,69.0
20170124,13,O3_8h,石家庄,19.0
20170124,13,O3_8h_24h,石家庄,19.0
20170124,13,CO,石家庄,2.47
20170124,13,CO_24h,石家庄,3.07
20170124,14,AQI,石家庄,180.0
20170124,14,PM2.5,石家庄,136.0
20170124,14,PM2.5_24h,石家庄,209.0
20170124,14,PM10,石家庄,191.0
20170124,14,PM10_24h,石家庄,278.0
20170124,14,SO2,石家庄,69.0
20170124,14,SO2_24h,石家庄,98.0
20170124,14,NO2,石家庄,57.0
20170124,14,NO2_24h,石家庄,85.0
20170124,14,O3,石家庄,44.0
20170124,14,O3_24h,石家庄,69.0
20170124,14,O3_8h,石家庄,23.0
20170124,14,O3_8h_24h,石家庄,23.0
20170124,14,CO,石家庄,2.25
20170124,14,CO_24h,石家庄,3.03
20170124,15,AQI,石家庄,154.0
20170124,15,PM2.5,石家庄,118.0
20170124,15,PM2.5_24h,石家庄,205.0
20170124,15,PM10,石家庄,162.0
20170124,15,PM10_24h,石家庄,273.0
20170124,15,SO2,石家庄,61.0
20170124,15,SO2_24h,石家庄,97.0
20170124,15,NO2,石家庄,56.0
20170124,15,NO2_24h,石家庄,84.0
20170124,15,O3,石家庄,48.0
20170124,15,O3_24h,石家庄,72.0
20170124,15,O3_8h,石家庄,28.0
20170124,15,O3_8h_24h,石家庄,28.0
20170124,15,CO,石家庄,1.98
20170124,15,CO_24h,石家庄,3.0
20170124,16,AQI,石家庄,157.0
20170124,16,PM2.5,石家庄,120.0
20170124,16,PM2.5_24h,石家庄,202.0
20170124,16,PM10,石家庄,171.0
20170124,16,PM10_24h,石家庄,269.0
20170124,16,SO2,石家庄,62.0
20170124,16,SO2_24h,石家庄,96.0
20170124,16,NO2,石家庄,61.0
20170124,16,NO2_24h,石家庄,83.0
20170124,16,O3,石家庄,47.0
20170124,16,O3_24h,石家庄,70.0
20170124,16,O3_8h,石家庄,33.0
20170124,16,O3_8h_24h,石家庄,33.0
20170124,16,CO,石家庄,1.97
20170124,16,CO_24h,石家庄,2.97
20170124,17,AQI,石家庄,183.0
20170124,17,PM2.5,石家庄,138.0
20170124,17,PM2.5_24h,石家庄,199.0
20170124,17,PM10,石家庄,183.0
20170124,17,PM10_24h,石家庄,267.0
20170124,17,SO2,石家庄,64.0
20170124,17,SO2_24h,石家庄,95.0
20170124,17,NO2,石家庄,70.0
20170124,17,NO2_24h,石家庄,83.0
20170124,17,O3,石家庄,41.0
20170124,17,O3_24h,石家庄,70.0
20170124,17,O3_8h,石家庄,37.0
20170124,17,O3_8h_24h,石家庄,37.0
20170124,17,CO,石家庄,2.05
20170124,17,CO_24h,石家庄,2.97
20170124,18,AQI,石家庄,194.0
20170124,18,PM2.5,石家庄,146.0
20170124,18,PM2.5_24h,石家庄,198.0
20170124,18,PM10,石家庄,191.0
20170124,18,PM10_24h,石家庄,265.0
20170124,18,SO2,石家庄,76.0
20170124,18,SO2_24h,石家庄,94.0
20170124,18,NO2,石家庄,77.0
20170124,18,NO2_24h,石家庄,83.0
20170124,18,O3,石家庄,35.0
20170124,18,O3_24h,石家庄,70.0
20170124,18,O3_8h,石家庄,39.0
20170124,18,O3_8h_24h,石家庄,39.0
20170124,18,CO,石家庄,2.12
20170124,18,CO_24h,石家庄,2.95
20170124,19,AQI,石家庄,206.0
20170124,19,PM2.5,石家庄,156.0
20170124,19,PM2.5_24h,石家庄,197.0
20170124,19,PM10,石家庄,190.0
20170124,19,PM10_24h,石家庄,263.0
20170124,19,SO2,石家庄,84.0
20170124,19,SO2_24h,石家庄,94.0
20170124,19,NO2,石家庄,83.0
20170124,19,NO2_24h,石家庄,83.0
20170124,19,O3,石家庄,27.0
20170124,19,O3_24h,石家庄,70.0
20170124,19,O3_8h,石家庄,41.0
20170124,19,O3_8h_24h,石家庄,41.0
20170124,19,CO,石家庄,2.13
20170124,19,CO_24h,石家庄,2.92
20170124,20,AQI,石家庄,224.0
20170124,20,PM2.5,石家庄,174.0
20170124,20,PM2.5_24h,石家庄,195.0
20170124,20,PM10,石家庄,222.0
20170124,20,PM10_24h,石家庄,261.0
20170124,20,SO2,石家庄,108.0
20170124,20,SO2_24h,石家庄,94.0
20170124,20,NO2,石家庄,93.0
20170124,20,NO2_24h,石家庄,83.0
20170124,20,O3,石家庄,20.0
20170124,20,O3_24h,石家庄,70.0
20170124,20,O3_8h,石家庄,40.0
20170124,20,O3_8h_24h,石家庄,41.0
20170124,20,CO,石家庄,2.57
20170124,20,CO_24h,石家庄,2.92
20170124,21,AQI,石家庄,281.0
20170124,21,PM2.5,石家庄,231.0
20170124,21,PM2.5_24h,石家庄,195.0
20170124,21,PM10,石家庄,283.0
20170124,21,PM10_24h,石家庄,260.0
20170124,21,SO2,石家庄,151.0
20170124,21,SO2_24h,石家庄,95.0
20170124,21,NO2,石家庄,110.0
20170124,21,NO2_24h,石家庄,83.0
20170124,21,O3,石家庄,13.0
20170124,21,O3_24h,石家庄,70.0
20170124,21,O3_8h,石家庄,34.0
20170124,21,O3_8h_24h,石家庄,41.0
20170124,21,CO,石家庄,3.33
20170124,21,CO_24h,石家庄,2.9
20170124,22,AQI,石家庄,274.0
20170124,22,PM2.5,石家庄,224.0
20170124,22,PM2.5_24h,石家庄,194.0
20170124,22,PM10,石家庄,288.0
20170124,22,PM10_24h,石家庄,258.0
20170124,22,SO2,石家庄,140.0
20170124,22,SO2_24h,石家庄,96.0
20170124,22,NO2,石家庄,107.0
20170124,22,NO2_24h,石家庄,83.0
20170124,22,O3,石家庄,12.0
20170124,22,O3_24h,石家庄,68.0
20170124,22,O3_8h,石家庄,30.0
20170124,22,O3_8h_24h,石家庄,41.0
20170124,22,CO,石家庄,3.23
20170124,22,CO_24h,石家庄,2.92
20170124,23,AQI,石家庄,278.0
20170124,23,PM2.5,石家庄,228.0
20170124,23,PM2.5_24h,石家庄,193.0
20170124,23,PM10,石家庄,290.0
20170124,23,PM10_24h,石家庄,256.0
20170124,23,SO2,石家庄,141.0
20170124,23,SO2_24h,石家庄,97.0
20170124,23,NO2,石家庄,107.0
20170124,23,NO2_24h,石家庄,83.0
20170124,23,O3,石家庄,12.0
20170124,23,O3_24h,石家庄,68.0
20170124,23,O3_8h,石家庄,26.0
20170124,23,O3_8h_24h,石家庄,41.0
20170124,23,CO,石家庄,3.42
20170124,23,CO_24h,石家庄,2.9
20170124,0,AQI,唐山,140.0
20170124,0,PM2.5,唐山,107.0
20170124,0,PM2.5_24h,唐山,116.0
20170124,0,PM10,唐山,133.0
20170124,0,PM10_24h,唐山,156.0
20170124,0,SO2,唐山,89.0
20170124,0,SO2_24h,唐山,98.0
20170124,0,NO2,唐山,92.0
20170124,0,NO2_24h,唐山,91.0
20170124,0,O3,唐山,4.0
20170124,0,O3_24h,唐山,32.0
20170124,0,O3_8h,唐山,5.0
20170124,0,O3_8h_24h,唐山,23.0
20170124,0,CO,唐山,3.92
20170124,0,CO_24h,唐山,5.17
20170124,1,AQI,唐山,144.0
20170124,1,PM2.5,唐山,110.0
20170124,1,PM2.5_24h,唐山,117.0
20170124,1,PM10,唐山,135.0
20170124,1,PM10_24h,唐山,156.0
20170124,1,SO2,唐山,97.0
20170124,1,SO2_24h,唐山,99.0
20170124,1,NO2,唐山,93.0
20170124,1,NO2_24h,唐山,91.0
20170124,1,O3,唐山,5.0
20170124,1,O3_24h,唐山,32.0
20170124,1,O3_8h,唐山,5.0
20170124,1,O3_8h_24h,唐山,5.0
20170124,1,CO,唐山,4.15
20170124,1,CO_24h,唐山,5.2
20170124,2,AQI,唐山,145.0
20170124,2,PM2.5,唐山,111.0
20170124,2,PM2.5_24h,唐山,117.0
20170124,2,PM10,唐山,144.0
20170124,2,PM10_24h,唐山,156.0
20170124,2,SO2,唐山,96.0
20170124,2,SO2_24h,唐山,100.0
20170124,2,NO2,唐山,93.0
20170124,2,NO2_24h,唐山,91.0
20170124,2,O3,唐山,4.0
20170124,2,O3_24h,唐山,32.0
20170124,2,O3_8h,唐山,5.0
20170124,2,O3_8h_24h,唐山,5.0
20170124,2,CO,唐山,4.42
20170124,2,CO_24h,唐山,5.22
20170124,3,AQI,唐山,159.0
20170124,3,PM2.5,唐山,121.0
20170124,3,PM2.5_24h,唐山,117.0
20170124,3,PM10,唐山,158.0
20170124,3,PM10_24h,唐山,156.0
20170124,3,SO2,唐山,98.0
20170124,3,SO2_24h,唐山,101.0
20170124,3,NO2,唐山,95.0
20170124,3,NO2_24h,唐山,92.0
20170124,3,O3,唐山,4.0
20170124,3,O3_24h,唐山,32.0
20170124,3,O3_8h,唐山,5.0
20170124,3,O3_8h_24h,唐山,5.0
20170124,3,CO,唐山,4.9
20170124,3,CO_24h,唐山,5.22
20170124,4,AQI,唐山,203.0
20170124,4,PM2.5,唐山,153.0
20170124,4,PM2.5_24h,唐山,118.0
20170124,4,PM10,唐山,210.0
20170124,4,PM10_24h,唐山,158.0
20170124,4,SO2,唐山,102.0
20170124,4,SO2_24h,唐山,102.0
20170124,4,NO2,唐山,94.0
20170124,4,NO2_24h,唐山,93.0
20170124,4,O3,唐山,5.0
20170124,4,O3_24h,唐山,32.0
20170124,4,O3_8h,唐山,5.0
20170124,4,O3_8h_24h,唐山,5.0
20170124,4,CO,唐山,6.95
20170124,4,CO_24h,唐山,5.3
20170124,5,AQI,唐山,212.0
20170124,5,PM2.5,唐山,162.0
20170124,5,PM2.5_24h,唐山,120.0
20170124,5,PM10,唐山,244.0
20170124,5,PM10_24h,唐山,161.0
20170124,5,SO2,唐山,140.0
20170124,5,SO2_24h,唐山,105.0
20170124,5,NO2,唐山,101.0
20170124,5,NO2_24h,唐山,94.0
20170124,5,O3,唐山,4.0
20170124,5,O3_24h,唐山,32.0
20170124,5,O3_8h,唐山,4.0
20170124,5,O3_8h_24h,唐山,5.0
20170124,5,CO,唐山,8.93
20170124,5,CO_24h,唐山,5.43
20170124,6,AQI,唐山,224.0
20170124,6,PM2.5,唐山,174.0
20170124,6,PM2.5_24h,唐山,123.0
20170124,6,PM10,唐山,235.0
20170124,6,PM10_24h,唐山,165.0
20170124,6,SO2,唐山,155.0
20170124,6,SO2_24h,唐山,108.0
20170124,6,NO2,唐山,104.0
20170124,6,NO2_24h,唐山,95.0
20170124,6,O3,唐山,4.0
20170124,6,O3_24h,唐山,32.0
20170124,6,O3_8h,唐山,4.0
20170124,6,O3_8h_24h,唐山,5.0
20170124,6,CO,唐山,8.8
20170124,6,CO_24h,唐山,5.58
20170124,7,AQI,唐山,267.0
20170124,7,PM2.5,唐山,217.0
20170124,7,PM2.5_24h,唐山,127.0
20170124,7,PM10,唐山,311.0
20170124,7,PM10_24h,唐山,171.0
20170124,7,SO2,唐山,161.0
20170124,7,SO2_24h,唐山,111.0
20170124,7,NO2,唐山,108.0
20170124,7,NO2_24h,唐山,95.0
20170124,7,O3,唐山,5.0
20170124,7,O3_24h,唐山,32.0
20170124,7,O3_8h,唐山,4.0
20170124,7,O3_8h_24h,唐山,5.0
20170124,7,CO,唐山,12.5
20170124,7,CO_24h,唐山,5.82
20170124,8,AQI,唐山,305.0
20170124,8,PM2.5,唐山,255.0
20170124,8,PM2.5_24h,唐山,133.0
20170124,8,PM10,唐山,388.0
20170124,8,PM10_24h,唐山,181.0
20170124,8,SO2,唐山,177.0
20170124,8,SO2_24h,唐山,115.0
20170124,8,NO2,唐山,111.0
20170124,8,NO2_24h,唐山,97.0
20170124,8,O3,唐山,5.0
20170124,8,O3_24h,唐山,32.0
20170124,8,O3_8h,唐山,4.0
20170124,8,O3_8h_24h,唐山,5.0
20170124,8,CO,唐山,14.83
20170124,8,CO_24h,唐山,6.18
20170124,9,AQI,唐山,260.0
20170124,9,PM2.5,唐山,210.0
20170124,9,PM2.5_24h,唐山,137.0
20170124,9,PM10,唐山,313.0
20170124,9,PM10_24h,唐山,187.0
20170124,9,SO2,唐山,178.0
20170124,9,SO2_24h,唐山,118.0
20170124,9,NO2,唐山,107.0
20170124,9,NO2_24h,唐山,97.0
20170124,9,O3,唐山,6.0
20170124,9,O3_24h,唐山,32.0
20170124,9,O3_8h,唐山,5.0
20170124,9,O3_8h_24h,唐山,5.0
20170124,9,CO,唐山,12.52
20170124,9,CO_24h,唐山,6.45
20170124,10,AQI,唐山,301.0
20170124,10,PM2.5,唐山,251.0
20170124,10,PM2.5_24h,唐山,140.0
20170124,10,PM10,唐山,339.0
20170124,10,PM10_24h,唐山,191.0
20170124,10,SO2,唐山,196.0
20170124,10,SO2_24h,唐山,122.0
20170124,10,NO2,唐山,117.0
20170124,10,NO2_24h,唐山,98.0
20170124,10,O3,唐山,7.0
20170124,10,O3_24h,唐山,32.0
20170124,10,O3_8h,唐山,5.0
20170124,10,O3_8h_24h,唐山,5.0
20170124,10,CO,唐山,13.98
20170124,10,CO_24h,唐山,6.75
20170124,11,AQI,唐山,325.0
20170124,11,PM2.5,唐山,275.0
20170124,11,PM2.5_24h,唐山,144.0
20170124,11,PM10,唐山,379.0
20170124,11,PM10_24h,唐山,196.0
20170124,11,SO2,唐山,273.0
20170124,11,SO2_24h,唐山,128.0
20170124,11,NO2,唐山,144.0
20170124,11,NO2_24h,唐山,100.0
20170124,11,O3,唐山,11.0
20170124,11,O3_24h,唐山,32.0
20170124,11,O3_8h,唐山,6.0
20170124,11,O3_8h_24h,唐山,6.0
20170124,11,CO,唐山,16.45
20170124,11,CO_24h,唐山,7.18
20170124,12,AQI,唐山,357.0
20170124,12,PM2.5,唐山,307.0
20170124,12,PM2.5_24h,唐山,149.0
20170124,12,PM10,唐山,404.0
20170124,12,PM10_24h,唐山,203.0
20170124,12,SO2,唐山,350.0
20170124,12,SO2_24h,唐山,136.0
20170124,12,NO2,唐山,166.0
20170124,12,NO2_24h,唐山,104.0
20170124,12,O3,唐山,20.0
20170124,12,O3_24h,唐山,32.0
20170124,12,O3_8h,唐山,8.0
20170124,12,O3_8h_24h,唐山,8.0
20170124,12,CO,唐山,15.5
20170124,12,CO_24h,唐山,7.58
20170124,13,AQI,唐山,254.0
20170124,13,PM2.5,唐山,204.0
20170124,13,PM2.5_24h,唐山,152.0
20170124,13,PM10,唐山,251.0
20170124,13,PM10_24h,唐山,206.0
20170124,13,SO2,唐山,191.0
20170124,13,SO2_24h,唐山,138.0
20170124,13,NO2,唐山,129.0
20170124,13,NO2_24h,唐山,106.0
20170124,13,O3,唐山,34.0
20170124,13,O3_24h,唐山,34.0
20170124,13,O3_8h,唐山,11.0
20170124,13,O3_8h_24h,唐山,11.0
20170124,13,CO,唐山,9.15
20170124,13,CO_24h,唐山,7.72
20170124,14,AQI,唐山,209.0
20170124,14,PM2.5,唐山,159.0
20170124,14,PM2.5_24h,唐山,153.0
20170124,14,PM10,唐山,209.0
20170124,14,PM10_24h,唐山,208.0
20170124,14,SO2,唐山,130.0
20170124,14,SO2_24h,唐山,138.0
20170124,14,NO2,唐山,106.0
20170124,14,NO2_24h,唐山,107.0
20170124,14,O3,唐山,48.0
20170124,14,O3_24h,唐山,48.0
20170124,14,O3_8h,唐山,17.0
20170124,14,O3_8h_24h,唐山,17.0
20170124,14,CO,唐山,6.27
20170124,14,CO_24h,唐山,7.77
20170124,15,AQI,唐山,227.0
20170124,15,PM2.5,唐山,177.0
20170124,15,PM2.5_24h,唐山,156.0
20170124,15,PM10,唐山,214.0
20170124,15,PM10_24h,唐山,210.0
20170124,15,SO2,唐山,124.0
20170124,15,SO2_24h,唐山,139.0
20170124,15,NO2,唐山,108.0
20170124,15,NO2_24h,唐山,108.0
20170124,15,O3,唐山,51.0
20170124,15,O3_24h,唐山,52.0
20170124,15,O3_8h,唐山,23.0
20170124,15,O3_8h_24h,唐山,23.0
20170124,15,CO,唐山,6.13
20170124,15,CO_24h,唐山,7.78
20170124,16,AQI,唐山,219.0
20170124,16,PM2.5,唐山,169.0
20170124,16,PM2.5_24h,唐山,158.0
20170124,16,PM10,唐山,212.0
20170124,16,PM10_24h,唐山,212.0
20170124,16,SO2,唐山,103.0
20170124,16,SO2_24h,唐山,139.0
20170124,16,NO2,唐山,103.0
20170124,16,NO2_24h,唐山,108.0
20170124,16,O3,唐山,52.0
20170124,16,O3_24h,唐山,54.0
20170124,16,O3_8h,唐山,29.0
20170124,16,O3_8h_24h,唐山,29.0
20170124,16,CO,唐山,5.25
20170124,16,CO_24h,唐山,7.78
20170124,17,AQI,唐山,224.0
20170124,17,PM2.5,唐山,174.0
20170124,17,PM2.5_24h,唐山,161.0
20170124,17,PM10,唐山,211.0
20170124,17,PM10_24h,唐山,215.0
20170124,17,SO2,唐山,83.0
20170124,17,SO2_24h,唐山,137.0
20170124,17,NO2,唐山,112.0
20170124,17,NO2_24h,唐山,109.0
20170124,17,O3,唐山,36.0
20170124,17,O3_24h,唐山,54.0
20170124,17,O3_8h,唐山,33.0
20170124,17,O3_8h_24h,唐山,33.0
20170124,17,CO,唐山,4.95
20170124,17,CO_24h,唐山,7.77
20170124,18,AQI,唐山,211.0
20170124,18,PM2.5,唐山,161.0
20170124,18,PM2.5_24h,唐山,163.0
20170124,18,PM10,唐山,203.0
20170124,18,PM10_24h,唐山,217.0
20170124,18,SO2,唐山,82.0
20170124,18,SO2_24h,唐山,137.0
20170124,18,NO2,唐山,130.0
20170124,18,NO2_24h,唐山,109.0
20170124,18,O3,唐山,10.0
20170124,18,O3_24h,唐山,54.0
20170124,18,O3_8h,唐山,33.0
20170124,18,O3_8h_24h,唐山,33.0
20170124,18,CO,唐山,4.88
20170124,18,CO_24h,唐山,7.77
20170124,19,AQI,唐山,184.0
20170124,19,PM2.5,唐山,139.0
20170124,19,PM2.5_24h,唐山,164.0
20170124,19,PM10,唐山,169.0
20170124,19,PM10_24h,唐山,219.0
20170124,19,SO2,唐山,80.0
20170124,19,SO2_24h,唐山,136.0
20170124,19,NO2,唐山,117.0
20170124,19,NO2_24h,唐山,110.0
20170124,19,O3,唐山,6.0
20170124,19,O3_24h,唐山,54.0
20170124,19,O3_8h,唐山,32.0
20170124,19,O3_8h_24h,唐山,33.0
20170124,19,CO,唐山,3.7
20170124,19,CO_24h,唐山,7.75
20170124,20,AQI,唐山,170.0
20170124,20,PM2.5,唐山,129.0
20170124,20,PM2.5_24h,唐山,164.0
20170124,20,PM10,唐山,166.0
20170124,20,PM10_24h,唐山,219.0
20170124,20,SO2,唐山,67.0
20170124,20,SO2_24h,唐山,135.0
20170124,20,NO2,唐山,110.0
20170124,20,NO2_24h,唐山,110.0
20170124,20,O3,唐山,6.0
20170124,20,O3_24h,唐山,54.0
20170124,20,O3_8h,唐山,31.0
20170124,20,O3_8h_24h,唐山,33.0
20170124,20,CO,唐山,3.53
20170124,20,CO_24h,唐山,7.7
20170124,21,AQI,唐山,176.0
20170124,21,PM2.5,唐山,133.0
20170124,21,PM2.5_24h,唐山,165.0
20170124,21,PM10,唐山,167.0
20170124,21,PM10_24h,唐山,220.0
20170124,21,SO2,唐山,67.0
20170124,21,SO2_24h,唐山,134.0
20170124,21,NO2,唐山,108.0
20170124,21,NO2_24h,唐山,110.0
20170124,21,O3,唐山,4.0
20170124,21,O3_24h,唐山,54.0
20170124,21,O3_8h,唐山,27.0
20170124,21,O3_8h_24h,唐山,33.0
20170124,21,CO,唐山,3.67
20170124,21,CO_24h,唐山,7.65
20170124,22,AQI,唐山,167.0
20170124,22,PM2.5,唐山,127.0
20170124,22,PM2.5_24h,唐山,166.0
20170124,22,PM10,唐山,161.0
20170124,22,PM10_24h,唐山,220.0
20170124,22,SO2,唐山,69.0
20170124,22,SO2_24h,唐山,133.0
20170124,22,NO2,唐山,108.0
20170124,22,NO2_24h,唐山,111.0
20170124,22,O3,唐山,4.0
20170124,22,O3_24h,唐山,54.0
20170124,22,O3_8h,唐山,21.0
20170124,22,O3_8h_24h,唐山,33.0
20170124,22,CO,唐山,3.83
20170124,22,CO_24h,唐山,7.63
20170124,23,AQI,唐山,167.0
20170124,23,PM2.5,唐山,127.0
20170124,23,PM2.5_24h,唐山,167.0
20170124,23,PM10,唐山,163.0
20170124,23,PM10_24h,唐山,222.0
20170124,23,SO2,唐山,66.0
20170124,23,SO2_24h,唐山,133.0
20170124,23,NO2,唐山,106.0
20170124,23,NO2_24h,唐山,111.0
20170124,23,O3,唐山,3.0
20170124,23,O3_24h,唐山,54.0
20170124,23,O3_8h,唐山,15.0
20170124,23,O3_8h_24h,唐山,33.0
20170124,23,CO,唐山,3.8
20170124,23,CO_24h,唐山,7.6
20170124,0,AQI,秦皇岛,69.0
20170124,0,PM2.5,秦皇岛,48.0
20170124,0,PM2.5_24h,秦皇岛,38.0
20170124,0,PM10,秦皇岛,88.0
20170124,0,PM10_24h,秦皇岛,64.0
20170124,0,SO2,秦皇岛,48.0
20170124,0,SO2_24h,秦皇岛,47.0
20170124,0,NO2,秦皇岛,73.0
20170124,0,NO2_24h,秦皇岛,55.0
20170124,0,O3,秦皇岛,13.0
20170124,0,O3_24h,秦皇岛,72.0
20170124,0,O3_8h,秦皇岛,33.0
20170124,0,O3_8h_24h,秦皇岛,64.0
20170124,0,CO,秦皇岛,2.52
20170124,0,CO_24h,秦皇岛,1.68
20170124,1,AQI,秦皇岛,73.0
20170124,1,PM2.5,秦皇岛,53.0
20170124,1,PM2.5_24h,秦皇岛,37.0
20170124,1,PM10,秦皇岛,86.0
20170124,1,PM10_24h,秦皇岛,64.0
20170124,1,SO2,秦皇岛,48.0
20170124,1,SO2_24h,秦皇岛,48.0
20170124,1,NO2,秦皇岛,69.0
20170124,1,NO2_24h,秦皇岛,56.0
20170124,1,O3,秦皇岛,9.0
20170124,1,O3_24h,秦皇岛,72.0
20170124,1,O3_8h,秦皇岛,9.0
20170124,1,O3_8h_24h,秦皇岛,9.0
20170124,1,CO,秦皇岛,2.68
20170124,1,CO_24h,秦皇岛,1.7
20170124,2,AQI,秦皇岛,75.0
20170124,2,PM2.5,秦皇岛,55.0
20170124,2,PM2.5_24h,秦皇岛,38.0
20170124,2,PM10,秦皇岛,92.0
20170124,2,PM10_24h,秦皇岛,65.0
20170124,2,SO2,秦皇岛,54.0
20170124,2,SO2_24h,秦皇岛,48.0
20170124,2,NO2,秦皇岛,71.0
20170124,2,NO2_24h,秦皇岛,56.0
20170124,2,O3,秦皇岛,8.0
20170124,2,O3_24h,秦皇岛,72.0
20170124,2,O3_8h,秦皇岛,9.0
20170124,2,O3_8h_24h,秦皇岛,9.0
20170124,2,CO,秦皇岛,3.1
20170124,2,CO_24h,秦皇岛,1.7
20170124,3,AQI,秦皇岛,75.0
20170124,3,PM2.5,秦皇岛,55.0
20170124,3,PM2.5_24h,秦皇岛,38.0
20170124,3,PM10,秦皇岛,82.0
20170124,3,PM10_24h,秦皇岛,66.0
20170124,3,SO2,秦皇岛,50.0
20170124,3,SO2_24h,秦皇岛,48.0
20170124,3,NO2,秦皇岛,68.0
20170124,3,NO2_24h,秦皇岛,56.0
20170124,3,O3,秦皇岛,9.0
20170124,3,O3_24h,秦皇岛,72.0
20170124,3,O3_8h,秦皇岛,9.0
20170124,3,O3_8h_24h,秦皇岛,10.0
20170124,3,CO,秦皇岛,2.86
20170124,3,CO_24h,秦皇岛,1.7
20170124,4,AQI,秦皇岛,71.0
20170124,4,PM2.5,秦皇岛,52.0
20170124,4,PM2.5_24h,秦皇岛,39.0
20170124,4,PM10,秦皇岛,75.0
20170124,4,PM10_24h,秦皇岛,66.0
20170124,4,SO2,秦皇岛,51.0
20170124,4,SO2_24h,秦皇岛,48.0
20170124,4,NO2,秦皇岛,64.0
20170124,4,NO2_24h,秦皇岛,56.0
20170124,4,O3,秦皇岛,9.0
20170124,4,O3_24h,秦皇岛,72.0
20170124,4,O3_8h,秦皇岛,9.0
20170124,4,O3_8h_24h,秦皇岛,10.0
20170124,4,CO,秦皇岛,2.68
20170124,4,CO_24h,秦皇岛,1.74
20170124,5,AQI,秦皇岛,81.0
20170124,5,PM2.5,秦皇岛,60.0
20170124,5,PM2.5_24h,秦皇岛,39.0
20170124,5,PM10,秦皇岛,101.0
20170124,5,PM10_24h,秦皇岛,67.0
20170124,5,SO2,秦皇岛,48.0
20170124,5,SO2_24h,秦皇岛,48.0
20170124,5,NO2,秦皇岛,63.0
20170124,5,NO2_24h,秦皇岛,56.0
20170124,5,O3,秦皇岛,9.0
20170124,5,O3_24h,秦皇岛,72.0
20170124,5,O3_8h,秦皇岛,9.0
20170124,5,O3_8h_24h,秦皇岛,10.0
20170124,5,CO,秦皇岛,2.12
20170124,5,CO_24h,秦皇岛,1.74
20170124,6,AQI,秦皇岛,73.0
20170124,6,PM2.5,秦皇岛,53.0
20170124,6,PM2.5_24h,秦皇岛,40.0
20170124,6,PM10,秦皇岛,89.0
20170124,6,PM10_24h,秦皇岛,68.0
20170124,6,SO2,秦皇岛,68.0
20170124,6,SO2_24h,秦皇岛,48.0
20170124,6,NO2,秦皇岛,65.0
20170124,6,NO2_24h,秦皇岛,56.0
20170124,6,O3,秦皇岛,8.0
20170124,6,O3_24h,秦皇岛,72.0
20170124,6,O3_8h,秦皇岛,9.0
20170124,6,O3_8h_24h,秦皇岛,10.0
20170124,6,CO,秦皇岛,2.56
20170124,6,CO_24h,秦皇岛,1.78
20170124,7,AQI,秦皇岛,71.0
20170124,7,PM2.5,秦皇岛,52.0
20170124,7,PM2.5_24h,秦皇岛,41.0
20170124,7,PM10,秦皇岛,80.0
20170124,7,PM10_24h,秦皇岛,69.0
20170124,7,SO2,秦皇岛,74.0
20170124,7,SO2_24h,秦皇岛,48.0
20170124,7,NO2,秦皇岛,67.0
20170124,7,NO2_24h,秦皇岛,56.0
20170124,7,O3,秦皇岛,7.0
20170124,7,O3_24h,秦皇岛,72.0
20170124,7,O3_8h,秦皇岛,9.0
20170124,7,O3_8h_24h,秦皇岛,10.0
20170124,7,CO,秦皇岛,2.24
20170124,7,CO_24h,秦皇岛,1.8
20170124,8,AQI,秦皇岛,80.0
20170124,8,PM2.5,秦皇岛,59.0
20170124,8,PM2.5_24h,秦皇岛,42.0
20170124,8,PM10,秦皇岛,92.0
20170124,8,PM10_24h,秦皇岛,70.0
20170124,8,SO2,秦皇岛,76.0
20170124,8,SO2_24h,秦皇岛,48.0
20170124,8,NO2,秦皇岛,69.0
20170124,8,NO2_24h,秦皇岛,56.0
20170124,8,O3,秦皇岛,9.0
20170124,8,O3_24h,秦皇岛,72.0
20170124,8,O3_8h,秦皇岛,9.0
20170124,8,O3_8h_24h,秦皇岛,10.0
20170124,8,CO,秦皇岛,2.6
20170124,8,CO_24h,秦皇岛,1.84
20170124,9,AQI,秦皇岛,80.0
20170124,9,PM2.5,秦皇岛,59.0
20170124,9,PM2.5_24h,秦皇岛,42.0
20170124,9,PM10,秦皇岛,95.0
20170124,9,PM10_24h,秦皇岛,68.0
20170124,9,SO2,秦皇岛,125.0
20170124,9,SO2_24h,秦皇岛,49.0
20170124,9,NO2,秦皇岛,73.0
20170124,9,NO2_24h,秦皇岛,56.0
20170124,9,O3,秦皇岛,13.0
20170124,9,O3_24h,秦皇岛,72.0
20170124,9,O3_8h,秦皇岛,9.0
20170124,9,O3_8h_24h,秦皇岛,10.0
20170124,9,CO,秦皇岛,2.52
20170124,9,CO_24h,秦皇岛,1.78
20170124,10,AQI,秦皇岛,119.0
20170124,10,PM2.5,秦皇岛,90.0
20170124,10,PM2.5_24h,秦皇岛,44.0
20170124,10,PM10,秦皇岛,138.0
20170124,10,PM10_24h,秦皇岛,71.0
20170124,10,SO2,秦皇岛,118.0
20170124,10,SO2_24h,秦皇岛,51.0
20170124,10,NO2,秦皇岛,76.0
20170124,10,NO2_24h,秦皇岛,57.0
20170124,10,O3,秦皇岛,16.0
20170124,10,O3_24h,秦皇岛,72.0
20170124,10,O3_8h,秦皇岛,10.0
20170124,10,O3_8h_24h,秦皇岛,11.0
20170124,10,CO,秦皇岛,3.36
20170124,10,CO_24h,秦皇岛,1.88
20170124,11,AQI,秦皇岛,88.0
20170124,11,PM2.5,秦皇岛,65.0
20170124,11,PM2.5_24h,秦皇岛,44.0
20170124,11,PM10,秦皇岛,109.0
20170124,11,PM10_24h,秦皇岛,72.0
20170124,11,SO2,秦皇岛,84.0
20170124,11,SO2_24h,秦皇岛,53.0
20170124,11,NO2,秦皇岛,75.0
20170124,11,NO2_24h,秦皇岛,58.0
20170124,11,O3,秦皇岛,25.0
20170124,11,O3_24h,秦皇岛,72.0
20170124,11,O3_8h,秦皇岛,12.0
20170124,11,O3_8h_24h,秦皇岛,13.0
20170124,11,CO,秦皇岛,2.76
20170124,11,CO_24h,秦皇岛,1.92
20170124,12,AQI,秦皇岛,85.0
20170124,12,PM2.5,秦皇岛,63.0
20170124,12,PM2.5_24h,秦皇岛,46.0
20170124,12,PM10,秦皇岛,101.0
20170124,12,PM10_24h,秦皇岛,74.0
20170124,12,SO2,秦皇岛,104.0
20170124,12,SO2_24h,秦皇岛,56.0
20170124,12,NO2,秦皇岛,72.0
20170124,12,NO2_24h,秦皇岛,59.0
20170124,12,O3,秦皇岛,35.0
20170124,12,O3_24h,秦皇岛,72.0
20170124,12,O3_8h,秦皇岛,15.0
20170124,12,O3_8h_24h,秦皇岛,16.0
20170124,12,CO,秦皇岛,3.2
20170124,12,CO_24h,秦皇岛,2.04
20170124,13,AQI,秦皇岛,99.0
20170124,13,PM2.5,秦皇岛,74.0
20170124,13,PM2.5_24h,秦皇岛,48.0
20170124,13,PM10,秦皇岛,107.0
20170124,13,PM10_24h,秦皇岛,77.0
20170124,13,SO2,秦皇岛,93.0
20170124,13,SO2_24h,秦皇岛,59.0
20170124,13,NO2,秦皇岛,75.0
20170124,13,NO2_24h,秦皇岛,61.0
20170124,13,O3,秦皇岛,47.0
20170124,13,O3_24h,秦皇岛,72.0
20170124,13,O3_8h,秦皇岛,20.0
20170124,13,O3_8h_24h,秦皇岛,20.0
20170124,13,CO,秦皇岛,3.9
20170124,13,CO_24h,秦皇岛,2.14
20170124,14,AQI,秦皇岛,123.0
20170124,14,PM2.5,秦皇岛,93.0
20170124,14,PM2.5_24h,秦皇岛,51.0
20170124,14,PM10,秦皇岛,125.0
20170124,14,PM10_24h,秦皇岛,80.0
20170124,14,SO2,秦皇岛,94.0
20170124,14,SO2_24h,秦皇岛,61.0
20170124,14,NO2,秦皇岛,80.0
20170124,14,NO2_24h,秦皇岛,63.0
20170124,14,O3,秦皇岛,53.0
20170124,14,O3_24h,秦皇岛,72.0
20170124,14,O3_8h,秦皇岛,26.0
20170124,14,O3_8h_24h,秦皇岛,26.0
20170124,14,CO,秦皇岛,4.58
20170124,14,CO_24h,秦皇岛,2.32
20170124,15,AQI,秦皇岛,115.0
20170124,15,PM2.5,秦皇岛,87.0
20170124,15,PM2.5_24h,秦皇岛,53.0
20170124,15,PM10,秦皇岛,124.0
20170124,15,PM10_24h,秦皇岛,84.0
20170124,15,SO2,秦皇岛,89.0
20170124,15,SO2_24h,秦皇岛,64.0
20170124,15,NO2,秦皇岛,81.0
20170124,15,NO2_24h,秦皇岛,66.0
20170124,15,O3,秦皇岛,51.0
20170124,15,O3_24h,秦皇岛,71.0
20170124,15,O3_8h,秦皇岛,31.0
20170124,15,O3_8h_24h,秦皇岛,31.0
20170124,15,CO,秦皇岛,4.22
20170124,15,CO_24h,秦皇岛,2.44
20170124,16,AQI,秦皇岛,118.0
20170124,16,PM2.5,秦皇岛,89.0
20170124,16,PM2.5_24h,秦皇岛,56.0
20170124,16,PM10,秦皇岛,123.0
20170124,16,PM10_24h,秦皇岛,87.0
20170124,16,SO2,秦皇岛,81.0
20170124,16,SO2_24h,秦皇岛,66.0
20170124,16,NO2,秦皇岛,80.0
20170124,16,NO2_24h,秦皇岛,68.0
20170124,16,O3,秦皇岛,52.0
20170124,16,O3_24h,秦皇岛,66.0
20170124,16,O3_8h,秦皇岛,37.0
20170124,16,O3_8h_24h,秦皇岛,37.0
20170124,16,CO,秦皇岛,3.98
20170124,16,CO_24h,秦皇岛,2.58
20170124,17,AQI,秦皇岛,149.0
20170124,17,PM2.5,秦皇岛,114.0
20170124,17,PM2.5_24h,秦皇岛,60.0
20170124,17,PM10,秦皇岛,160.0
20170124,17,PM10_24h,秦皇岛,92.0
20170124,17,SO2,秦皇岛,85.0
20170124,17,SO2_24h,秦皇岛,68.0
20170124,17,NO2,秦皇岛,99.0
20170124,17,NO2_24h,秦皇岛,71.0
20170124,17,O3,秦皇岛,30.0
20170124,17,O3_24h,秦皇岛,62.0
20170124,17,O3_8h,秦皇岛,39.0
20170124,17,O3_8h_24h,秦皇岛,39.0
20170124,17,CO,秦皇岛,4.92
20170124,17,CO_24h,秦皇岛,2.74
20170124,18,AQI,秦皇岛,169.0
20170124,18,PM2.5,秦皇岛,128.0
20170124,18,PM2.5_24h,秦皇岛,64.0
20170124,18,PM10,秦皇岛,173.0
20170124,18,PM10_24h,秦皇岛,98.0
20170124,18,SO2,秦皇岛,88.0
20170124,18,SO2_24h,秦皇岛,71.0
20170124,18,NO2,秦皇岛,118.0
20170124,18,NO2_24h,秦皇岛,74.0
20170124,18,O3,秦皇岛,14.0
20170124,18,O3_24h,秦皇岛,58.0
20170124,18,O3_8h,秦皇岛,38.0
20170124,18,O3_8h_24h,秦皇岛,39.0
20170124,18,CO,秦皇岛,5.24
20170124,18,CO_24h,秦皇岛,2.88
20170124,19,AQI,秦皇岛,163.0
20170124,19,PM2.5,秦皇岛,124.0
20170124,19,PM2.5_24h,秦皇岛,68.0
20170124,19,PM10,秦皇岛,175.0
20170124,19,PM10_24h,秦皇岛,102.0
20170124,19,SO2,秦皇岛,84.0
20170124,19,SO2_24h,秦皇岛,73.0
20170124,19,NO2,秦皇岛,120.0
20170124,19,NO2_24h,秦皇岛,77.0
20170124,19,O3,秦皇岛,10.0
20170124,19,O3_24h,秦皇岛,56.0
20170124,19,O3_8h,秦皇岛,37.0
20170124,19,O3_8h_24h,秦皇岛,39.0
20170124,19,CO,秦皇岛,5.64
20170124,19,CO_24h,秦皇岛,3.12
20170124,20,AQI,秦皇岛,213.0
20170124,20,PM2.5,秦皇岛,163.0
20170124,20,PM2.5_24h,秦皇岛,73.0
20170124,20,PM10,秦皇岛,233.0
20170124,20,PM10_24h,秦皇岛,110.0
20170124,20,SO2,秦皇岛,102.0
20170124,20,SO2_24h,秦皇岛,75.0
20170124,20,NO2,秦皇岛,131.0
20170124,20,NO2_24h,秦皇岛,79.0
20170124,20,O3,秦皇岛,9.0
20170124,20,O3_24h,秦皇岛,56.0
20170124,20,O3_8h,秦皇岛,33.0
20170124,20,O3_8h_24h,秦皇岛,39.0
20170124,20,CO,秦皇岛,6.16
20170124,20,CO_24h,秦皇岛,3.32
20170124,21,AQI,秦皇岛,236.0
20170124,21,PM2.5,秦皇岛,186.0
20170124,21,PM2.5_24h,秦皇岛,79.0
20170124,21,PM10,秦皇岛,254.0
20170124,21,PM10_24h,秦皇岛,118.0
20170124,21,SO2,秦皇岛,129.0
20170124,21,SO2_24h,秦皇岛,79.0
20170124,21,NO2,秦皇岛,132.0
20170124,21,NO2_24h,秦皇岛,82.0
20170124,21,O3,秦皇岛,9.0
20170124,21,O3_24h,秦皇岛,56.0
20170124,21,O3_8h,秦皇岛,29.0
20170124,21,O3_8h_24h,秦皇岛,39.0
20170124,21,CO,秦皇岛,6.8
20170124,21,CO_24h,秦皇岛,3.52
20170124,22,AQI,秦皇岛,220.0
20170124,22,PM2.5,秦皇岛,170.0
20170124,22,PM2.5_24h,秦皇岛,84.0
20170124,22,PM10,秦皇岛,239.0
20170124,22,PM10_24h,秦皇岛,124.0
20170124,22,SO2,秦皇岛,149.0
20170124,22,SO2_24h,秦皇岛,83.0
20170124,22,NO2,秦皇岛,121.0
20170124,22,NO2_24h,秦皇岛,84.0
20170124,22,O3,秦皇岛,9.0
20170124,22,O3_24h,秦皇岛,56.0
20170124,22,O3_8h,秦皇岛,23.0
20170124,22,O3_8h_24h,秦皇岛,39.0
20170124,22,CO,秦皇岛,7.22
20170124,22,CO_24h,秦皇岛,3.76
20170124,23,AQI,秦皇岛,239.0
20170124,23,PM2.5,秦皇岛,189.0
20170124,23,PM2.5_24h,秦皇岛,90.0
20170124,23,PM10,秦皇岛,251.0
20170124,23,PM10_24h,秦皇岛,131.0
20170124,23,SO2,秦皇岛,141.0
20170124,23,SO2_24h,秦皇岛,87.0
20170124,23,NO2,秦皇岛,114.0
20170124,23,NO2_24h,秦皇岛,85.0
20170124,23,O3,秦皇岛,8.0
20170124,23,O3_24h,秦皇岛,56.0
20170124,23,O3_8h,秦皇岛,18.0
20170124,23,O3_8h_24h,秦皇岛,39.0
20170124,23,CO,秦皇岛,7.36
20170124,23,CO_24h,秦皇岛,4.0
20170124,0,AQI,邯郸,286.0
20170124,0,PM2.5,邯郸,236.0
20170124,0,PM2.5_24h,邯郸,220.0
20170124,0,PM10,邯郸,342.0
20170124,0,PM10_24h,邯郸,327.0
20170124,0,SO2,邯郸,156.0
20170124,0,SO2_24h,邯郸,171.0
20170124,0,NO2,邯郸,114.0
20170124,0,NO2_24h,邯郸,107.0
20170124,0,O3,邯郸,3.0
20170124,0,O3_24h,邯郸,47.0
20170124,0,O3_8h,邯郸,11.0
20170124,0,O3_8h_24h,邯郸,21.0
20170124,0,CO,邯郸,3.8
20170124,0,CO_24h,邯郸,4.15
20170124,1,AQI,邯郸,276.0
20170124,1,PM2.5,邯郸,226.0
20170124,1,PM2.5_24h,邯郸,222.0
20170124,1,PM10,邯郸,333.0
20170124,1,PM10_24h,邯郸,329.0
20170124,1,SO2,邯郸,141.0
20170124,1,SO2_24h,邯郸,169.0
20170124,1,NO2,邯郸,110.0
20170124,1,NO2_24h,邯郸,107.0
20170124,1,O3,邯郸,3.0
20170124,1,O3_24h,邯郸,47.0
20170124,1,O3_8h,邯郸,3.0
20170124,1,O3_8h_24h,邯郸,3.0
20170124,1,CO,邯郸,3.73
20170124,1,CO_24h,邯郸,4.15
20170124,2,AQI,邯郸,262.0
20170124,2,PM2.5,邯郸,212.0
20170124,2,PM2.5_24h,邯郸,223.0
20170124,2,PM10,邯郸,322.0
20170124,2,PM10_24h,邯郸,331.0
20170124,2,SO2,邯郸,130.0
20170124,2,SO2_24h,邯郸,167.0
20170124,2,NO2,邯郸,107.0
20170124,2,NO2_24h,邯郸,107.0
20170124,2,O3,邯郸,3.0
20170124,2,O3_24h,邯郸,47.0
20170124,2,O3_8h,邯郸,3.0
20170124,2,O3_8h_24h,邯郸,3.0
20170124,2,CO,邯郸,3.58
20170124,2,CO_24h,邯郸,4.08
20170124,3,AQI,邯郸,269.0
20170124,3,PM2.5,邯郸,219.0
20170124,3,PM2.5_24h,邯郸,224.0
20170124,3,PM10,邯郸,301.0
20170124,3,PM10_24h,邯郸,331.0
20170124,3,SO2,邯郸,113.0
20170124,3,SO2_24h,邯郸,165.0
20170124,3,NO2,邯郸,103.0
20170124,3,NO2_24h,邯郸,108.0
20170124,3,O3,邯郸,3.0
20170124,3,O3_24h,邯郸,47.0
20170124,3,O3_8h,邯郸,3.0
20170124,3,O3_8h_24h,邯郸,3.0
20170124,3,CO,邯郸,3.4
20170124,3,CO_24h,邯郸,4.08
20170124,4,AQI,邯郸,256.0
20170124,4,PM2.5,邯郸,206.0
20170124,4,PM2.5_24h,邯郸,225.0
20170124,4,PM10,邯郸,278.0
20170124,4,PM10_24h,邯郸,330.0
20170124,4,SO2,邯郸,100.0
20170124,4,SO2_24h,邯郸,162.0
20170124,4,NO2,邯郸,97.0
20170124,4,NO2_24h,邯郸,108.0
20170124,4,O3,邯郸,3.0
20170124,4,O3_24h,邯郸,47.0
20170124,4,O3_8h,邯郸,3.0
20170124,4,O3_8h_24h,邯郸,3.0
20170124,4,CO,邯郸,3.17
20170124,4,CO_24h,邯郸,4.0
20170124,5,AQI,邯郸,231.0
20170124,5,PM2.5,邯郸,181.0
20170124,5,PM2.5_24h,邯郸,225.0
20170124,5,PM10,邯郸,260.0
20170124,5,PM10_24h,邯郸,330.0
20170124,5,SO2,邯郸,98.0
20170124,5,SO2_24h,邯郸,160.0
20170124,5,NO2,邯郸,93.0
20170124,5,NO2_24h,邯郸,108.0
20170124,5,O3,邯郸,3.0
20170124,5,O3_24h,邯郸,47.0
20170124,5,O3_8h,邯郸,3.0
20170124,5,O3_8h_24h,邯郸,3.0
20170124,5,CO,邯郸,3.17
20170124,5,CO_24h,邯郸,3.95
20170124,6,AQI,邯郸,229.0
20170124,6,PM2.5,邯郸,179.0
20170124,6,PM2.5_24h,邯郸,226.0
20170124,6,PM10,邯郸,253.0
20170124,6,PM10_24h,邯郸,330.0
20170124,6,SO2,邯郸,101.0
20170124,6,SO2_24h,邯郸,158.0
20170124,6,NO2,邯郸,91.0
20170124,6,NO2_24h,邯郸,108.0
20170124,6,O3,邯郸,3.0
20170124,6,O3_24h,邯郸,47.0
20170124,6,O3_8h,邯郸,3.0
20170124,6,O3_8h_24h,邯郸,3.0
20170124,6,CO,邯郸,3.2
20170124,6,CO_24h,邯郸,3.92
20170124,7,AQI,邯郸,212.0
20170124,7,PM2.5,邯郸,162.0
20170124,7,PM2.5_24h,邯郸,223.0
20170124,7,PM10,邯郸,246.0
20170124,7,PM10_24h,邯郸,330.0
20170124,7,SO2,邯郸,109.0
20170124,7,SO2_24h,邯郸,157.0
20170124,7,NO2,邯郸,92.0
20170124,7,NO2_24h,邯郸,109.0
20170124,7,O3,邯郸,3.0
20170124,7,O3_24h,邯郸,47.0
20170124,7,O3_8h,邯郸,3.0
20170124,7,O3_8h_24h,邯郸,3.0
20170124,7,CO,邯郸,3.7
20170124,7,CO_24h,邯郸,3.95
20170124,8,AQI,邯郸,222.0
20170124,8,PM2.5,邯郸,172.0
20170124,8,PM2.5_24h,邯郸,223.0
20170124,8,PM10,邯郸,252.0
20170124,8,PM10_24h,邯郸,328.0
20170124,8,SO2,邯郸,114.0
20170124,8,SO2_24h,邯郸,155.0
20170124,8,NO2,邯郸,91.0
20170124,8,NO2_24h,邯郸,109.0
20170124,8,O3,邯郸,3.0
20170124,8,O3_24h,邯郸,47.0
20170124,8,O3_8h,邯郸,3.0
20170124,8,O3_8h_24h,邯郸,3.0
20170124,8,CO,邯郸,3.45
20170124,8,CO_24h,邯郸,3.9
20170124,9,AQI,邯郸,224.0
20170124,9,PM2.5,邯郸,174.0
20170124,9,PM2.5_24h,邯郸,223.0
20170124,9,PM10,邯郸,250.0
20170124,9,PM10_24h,邯郸,326.0
20170124,9,SO2,邯郸,114.0
20170124,9,SO2_24h,邯郸,154.0
20170124,9,NO2,邯郸,89.0
20170124,9,NO2_24h,邯郸,109.0
20170124,9,O3,邯郸,5.0
20170124,9,O3_24h,邯郸,47.0
20170124,9,O3_8h,邯郸,3.0
20170124,9,O3_8h_24h,邯郸,3.0
20170124,9,CO,邯郸,3.32
20170124,9,CO_24h,邯郸,3.83
20170124,10,AQI,邯郸,213.0
20170124,10,PM2.5,邯郸,163.0
20170124,10,PM2.5_24h,邯郸,222.0
20170124,10,PM10,邯郸,250.0
20170124,10,PM10_24h,邯郸,323.0
20170124,10,SO2,邯郸,116.0
20170124,10,SO2_24h,邯郸,151.0
20170124,10,NO2,邯郸,86.0
20170124,10,NO2_24h,邯郸,109.0
20170124,10,O3,邯郸,8.0
20170124,10,O3_24h,邯郸,47.0
20170124,10,O3_8h,邯郸,4.0
20170124,10,O3_8h_24h,邯郸,4.0
20170124,10,CO,邯郸,3.23
20170124,10,CO_24h,邯郸,3.72
20170124,11,AQI,邯郸,222.0
20170124,11,PM2.5,邯郸,172.0
20170124,11,PM2.5_24h,邯郸,219.0
20170124,11,PM10,邯郸,259.0
20170124,11,PM10_24h,邯郸,320.0
20170124,11,SO2,邯郸,120.0
20170124,11,SO2_24h,邯郸,147.0
20170124,11,NO2,邯郸,87.0
20170124,11,NO2_24h,邯郸,108.0
20170124,11,O3,邯郸,10.0
20170124,11,O3_24h,邯郸,47.0
20170124,11,O3_8h,邯郸,5.0
20170124,11,O3_8h_24h,邯郸,5.0
20170124,11,CO,邯郸,3.42
20170124,11,CO_24h,邯郸,3.67
20170124,12,AQI,邯郸,225.0
20170124,12,PM2.5,邯郸,175.0
20170124,12,PM2.5_24h,邯郸,216.0
20170124,12,PM10,邯郸,243.0
20170124,12,PM10_24h,邯郸,315.0
20170124,12,SO2,邯郸,118.0
20170124,12,SO2_24h,邯郸,144.0
20170124,12,NO2,邯郸,88.0
20170124,12,NO2_24h,邯郸,107.0
20170124,12,O3,邯郸,15.0
20170124,12,O3_24h,邯郸,47.0
20170124,12,O3_8h,邯郸,6.0
20170124,12,O3_8h_24h,邯郸,6.0
20170124,12,CO,邯郸,3.15
20170124,12,CO_24h,邯郸,3.58
20170124,13,AQI,邯郸,157.0
20170124,13,PM2.5,邯郸,120.0
20170124,13,PM2.5_24h,邯郸,211.0
20170124,13,PM10,邯郸,207.0
20170124,13,PM10_24h,邯郸,309.0
20170124,13,SO2,邯郸,84.0
20170124,13,SO2_24h,邯郸,138.0
20170124,13,NO2,邯郸,82.0
20170124,13,NO2_24h,邯郸,106.0
20170124,13,O3,邯郸,24.0
20170124,13,O3_24h,邯郸,47.0
20170124,13,O3_8h,邯郸,9.0
20170124,13,O3_8h_24h,邯郸,9.0
20170124,13,CO,邯郸,2.73
20170124,13,CO_24h,邯郸,3.5
20170124,14,AQI,邯郸,134.0
20170124,14,PM2.5,邯郸,102.0
20170124,14,PM2.5_24h,邯郸,205.0
20170124,14,PM10,邯郸,192.0
20170124,14,PM10_24h,邯郸,302.0
20170124,14,SO2,邯郸,97.0
20170124,14,SO2_24h,邯郸,133.0
20170124,14,NO2,邯郸,79.0
20170124,14,NO2_24h,邯郸,103.0
20170124,14,O3,邯郸,28.0
20170124,14,O3_24h,邯郸,47.0
20170124,14,O3_8h,邯郸,12.0
20170124,14,O3_8h_24h,邯郸,12.0
20170124,14,CO,邯郸,2.5
20170124,14,CO_24h,邯郸,3.42
20170124,15,AQI,邯郸,146.0
20170124,15,PM2.5,邯郸,112.0
20170124,15,PM2.5_24h,邯郸,199.0
20170124,15,PM10,邯郸,192.0
20170124,15,PM10_24h,邯郸,295.0
20170124,15,SO2,邯郸,99.0
20170124,15,SO2_24h,邯郸,130.0
20170124,15,NO2,邯郸,83.0
20170124,15,NO2_24h,邯郸,101.0
20170124,15,O3,邯郸,25.0
20170124,15,O3_24h,邯郸,47.0
20170124,15,O3_8h,邯郸,15.0
20170124,15,O3_8h_24h,邯郸,15.0
20170124,15,CO,邯郸,2.27
20170124,15,CO_24h,邯郸,3.4
20170124,16,AQI,邯郸,145.0
20170124,16,PM2.5,邯郸,111.0
20170124,16,PM2.5_24h,邯郸,195.0
20170124,16,PM10,邯郸,203.0
20170124,16,PM10_24h,邯郸,290.0
20170124,16,SO2,邯郸,103.0
20170124,16,SO2_24h,邯郸,128.0
20170124,16,NO2,邯郸,89.0
20170124,16,NO2_24h,邯郸,101.0
20170124,16,O3,邯郸,21.0
20170124,16,O3_24h,邯郸,43.0
20170124,16,O3_8h,邯郸,17.0
20170124,16,O3_8h_24h,邯郸,17.0
20170124,16,CO,邯郸,2.15
20170124,16,CO_24h,邯郸,3.38
20170124,17,AQI,邯郸,154.0
20170124,17,PM2.5,邯郸,118.0
20170124,17,PM2.5_24h,邯郸,190.0
20170124,17,PM10,邯郸,182.0
20170124,17,PM10_24h,邯郸,284.0
20170124,17,SO2,邯郸,101.0
20170124,17,SO2_24h,邯郸,128.0
20170124,17,NO2,邯郸,78.0
20170124,17,NO2_24h,邯郸,100.0
20170124,17,O3,邯郸,29.0
20170124,17,O3_24h,邯郸,31.0
20170124,17,O3_8h,邯郸,20.0
20170124,17,O3_8h_24h,邯郸,20.0
20170124,17,CO,邯郸,2.1
20170124,17,CO_24h,邯郸,3.35
20170124,18,AQI,邯郸,173.0
20170124,18,PM2.5,邯郸,131.0
20170124,18,PM2.5_24h,邯郸,185.0
20170124,18,PM10,邯郸,216.0
20170124,18,PM10_24h,邯郸,277.0
20170124,18,SO2,邯郸,115.0
20170124,18,SO2_24h,邯郸,127.0
20170124,18,NO2,邯郸,80.0
20170124,18,NO2_24h,邯郸,99.0
20170124,18,O3,邯郸,24.0
20170124,18,O3_24h,邯郸,33.0
20170124,18,O3_8h,邯郸,22.0
20170124,18,O3_8h_24h,邯郸,22.0
20170124,18,CO,邯郸,2.33
20170124,18,CO_24h,邯郸,3.3
20170124,19,AQI,邯郸,191.0
20170124,19,PM2.5,邯郸,144.0
20170124,19,PM2.5_24h,邯郸,180.0
20170124,19,PM10,邯郸,246.0
20170124,19,PM10_24h,邯郸,272.0
20170124,19,SO2,邯郸,141.0
20170124,19,SO2_24h,邯郸,125.0
20170124,19,NO2,邯郸,96.0
20170124,19,NO2_24h,邯郸,97.0
20170124,19,O3,邯郸,14.0
20170124,19,O3_24h,邯郸,33.0
20170124,19,O3_8h,邯郸,22.0
20170124,19,O3_8h_24h,邯郸,23.0
20170124,19,CO,邯郸,2.75
20170124,19,CO_24h,邯郸,3.25
20170124,20,AQI,邯郸,215.0
20170124,20,PM2.5,邯郸,165.0
20170124,20,PM2.5_24h,邯郸,177.0
20170124,20,PM10,邯郸,276.0
20170124,20,PM10_24h,邯郸,268.0
20170124,20,SO2,邯郸,144.0
20170124,20,SO2_24h,邯郸,123.0
20170124,20,NO2,邯郸,105.0
20170124,20,NO2_24h,邯郸,96.0
20170124,20,O3,邯郸,7.0
20170124,20,O3_24h,邯郸,33.0
20170124,20,O3_8h,邯郸,21.0
20170124,20,O3_8h_24h,邯郸,23.0
20170124,20,CO,邯郸,3.08
20170124,20,CO_24h,邯郸,3.2
20170124,21,AQI,邯郸,222.0
20170124,21,PM2.5,邯郸,172.0
20170124,21,PM2.5_24h,邯郸,172.0
20170124,21,PM10,邯郸,296.0
20170124,21,PM10_24h,邯郸,263.0
20170124,21,SO2,邯郸,145.0
20170124,21,SO2_24h,邯郸,121.0
20170124,21,NO2,邯郸,107.0
20170124,21,NO2_24h,邯郸,95.0
20170124,21,O3,邯郸,4.0
20170124,21,O3_24h,邯郸,33.0
20170124,21,O3_8h,邯郸,19.0
20170124,21,O3_8h_24h,邯郸,23.0
20170124,21,CO,邯郸,3.48
20170124,21,CO_24h,邯郸,3.15
20170124,22,AQI,邯郸,236.0
20170124,22,PM2.5,邯郸,186.0
20170124,22,PM2.5_24h,邯郸,168.0
20170124,22,PM10,邯郸,314.0
20170124,22,PM10_24h,邯郸,260.0
20170124,22,SO2,邯郸,166.0
20170124,22,SO2_24h,邯郸,121.0
20170124,22,NO2,邯郸,108.0
20170124,22,NO2_24h,邯郸,95.0
20170124,22,O3,邯郸,4.0
20170124,22,O3_24h,邯郸,33.0
20170124,22,O3_8h,邯郸,16.0
20170124,22,O3_8h_24h,邯郸,23.0
20170124,22,CO,邯郸,4.17
20170124,22,CO_24h,邯郸,3.15
20170124,23,AQI,邯郸,265.0
20170124,23,PM2.5,邯郸,215.0
20170124,23,PM2.5_24h,邯郸,165.0
20170124,23,PM10,邯郸,356.0
20170124,23,PM10_24h,邯郸,257.0
20170124,23,SO2,邯郸,193.0
20170124,23,SO2_24h,邯郸,121.0
20170124,23,NO2,邯郸,109.0
20170124,23,NO2_24h,邯郸,94.0
20170124,23,O3,邯郸,4.0
20170124,23,O3_24h,邯郸,33.0
20170124,23,O3_8h,邯郸,13.0
20170124,23,O3_8h_24h,邯郸,23.0
20170124,23,CO,邯郸,4.92
20170124,23,CO_24h,邯郸,3.2
20170124,0,AQI,保定,237.0
20170124,0,PM2.5,保定,187.0
20170124,0,PM2.5_24h,保定,163.0
20170124,0,PM10,保定,239.0
20170124,0,PM10_24h,保定,207.0
20170124,0,SO2,保定,82.0
20170124,0,SO2_24h,保定,83.0
20170124,0,NO2,保定,91.0
20170124,0,NO2_24h,保定,76.0
20170124,0,O3,保定,8.0
20170124,0,O3_24h,保定,64.0
20170124,0,O3_8h,保定,19.0
20170124,0,O3_8h_24h,保定,36.0
20170124,0,CO,保定,3.25
20170124,0,CO_24h,保定,2.92
20170124,1,AQI,保定,248.0
20170124,1,PM2.5,保定,198.0
20170124,1,PM2.5_24h,保定,163.0
20170124,1,PM10,保定,247.0
20170124,1,PM10_24h,保定,207.0
20170124,1,SO2,保定,79.0
20170124,1,SO2_24h,保定,83.0
20170124,1,NO2,保定,90.0
20170124,1,NO2_24h,保定,76.0
20170124,1,O3,保定,8.0
20170124,1,O3_24h,保定,64.0
20170124,1,O3_8h,保定,8.0
20170124,1,O3_8h_24h,保定,8.0
20170124,1,CO,保定,3.5
20170124,1,CO_24h,保定,2.95
20170124,2,AQI,保定,240.0
20170124,2,PM2.5,保定,190.0
20170124,2,PM2.5_24h,保定,161.0
20170124,2,PM10,保定,233.0
20170124,2,PM10_24h,保定,205.0
20170124,2,SO2,保定,72.0
20170124,2,SO2_24h,保定,80.0
20170124,2,NO2,保定,86.0
20170124,2,NO2_24h,保定,77.0
20170124,2,O3,保定,7.0
20170124,2,O3_24h,保定,64.0
20170124,2,O3_8h,保定,8.0
20170124,2,O3_8h_24h,保定,8.0
20170124,2,CO,保定,3.4
20170124,2,CO_24h,保定,2.9
20170124,3,AQI,保定,231.0
20170124,3,PM2.5,保定,181.0
20170124,3,PM2.5_24h,保定,158.0
20170124,3,PM10,保定,221.0
20170124,3,PM10_24h,保定,201.0
20170124,3,SO2,保定,75.0
20170124,3,SO2_24h,保定,76.0
20170124,3,NO2,保定,88.0
20170124,3,NO2_24h,保定,77.0
20170124,3,O3,保定,7.0
20170124,3,O3_24h,保定,64.0
20170124,3,O3_8h,保定,7.0
20170124,3,O3_8h_24h,保定,8.0
20170124,3,CO,保定,3.4
20170124,3,CO_24h,保定,2.9
20170124,4,AQI,保定,202.0
20170124,4,PM2.5,保定,152.0
20170124,4,PM2.5_24h,保定,154.0
20170124,4,PM10,保定,185.0
20170124,4,PM10_24h,保定,197.0
20170124,4,SO2,保定,73.0
20170124,4,SO2_24h,保定,74.0
20170124,4,NO2,保定,84.0
20170124,4,NO2_24h,保定,77.0
20170124,4,O3,保定,7.0
20170124,4,O3_24h,保定,64.0
20170124,4,O3_8h,保定,7.0
20170124,4,O3_8h_24h,保定,8.0
20170124,4,CO,保定,2.98
20170124,4,CO_24h,保定,2.83
20170124,5,AQI,保定,156.0
20170124,5,PM2.5,保定,119.0
20170124,5,PM2.5_24h,保定,149.0
20170124,5,PM10,保定,152.0
20170124,5,PM10_24h,保定,192.0
20170124,5,SO2,保定,68.0
20170124,5,SO2_24h,保定,73.0
20170124,5,NO2,保定,77.0
20170124,5,NO2_24h,保定,77.0
20170124,5,O3,保定,7.0
20170124,5,O3_24h,保定,64.0
20170124,5,O3_8h,保定,7.0
20170124,5,O3_8h_24h,保定,8.0
20170124,5,CO,保定,2.45
20170124,5,CO_24h,保定,2.73
20170124,6,AQI,保定,156.0
20170124,6,PM2.5,保定,119.0
20170124,6,PM2.5_24h,保定,145.0
20170124,6,PM10,保定,150.0
20170124,6,PM10_24h,保定,187.0
20170124,6,SO2,保定,81.0
20170124,6,SO2_24h,保定,73.0
20170124,6,NO2,保定,74.0
20170124,6,NO2_24h,保定,77.0
20170124,6,O3,保定,7.0
20170124,6,O3_24h,保定,64.0
20170124,6,O3_8h,保定,7.0
20170124,6,O3_8h_24h,保定,8.0
20170124,6,CO,保定,2.35
20170124,6,CO_24h,保定,2.67
20170124,7,AQI,保定,153.0
20170124,7,PM2.5,保定,117.0
20170124,7,PM2.5_24h,保定,144.0
20170124,7,PM10,保定,153.0
20170124,7,PM10_24h,保定,185.0
20170124,7,SO2,保定,92.0
20170124,7,SO2_24h,保定,74.0
20170124,7,NO2,保定,72.0
20170124,7,NO2_24h,保定,77.0
20170124,7,O3,保定,8.0
20170124,7,O3_24h,保定,64.0
20170124,7,O3_8h,保定,7.0
20170124,7,O3_8h_24h,保定,8.0
20170124,7,CO,保定,2.6
20170124,7,CO_24h,保定,2.65
20170124,8,AQI,保定,154.0
20170124,8,PM2.5,保定,118.0
20170124,8,PM2.5_24h,保定,144.0
20170124,8,PM10,保定,152.0
20170124,8,PM10_24h,保定,185.0
20170124,8,SO2,保定,69.0
20170124,8,SO2_24h,保定,74.0
20170124,8,NO2,保定,75.0
20170124,8,NO2_24h,保定,77.0
20170124,8,O3,保定,8.0
20170124,8,O3_24h,保定,64.0
20170124,8,O3_8h,保定,7.0
20170124,8,O3_8h_24h,保定,8.0
20170124,8,CO,保定,2.65
20170124,8,CO_24h,保定,2.65
20170124,9,AQI,保定,153.0
20170124,9,PM2.5,保定,117.0
20170124,9,PM2.5_24h,保定,144.0
20170124,9,PM10,保定,146.0
20170124,9,PM10_24h,保定,185.0
20170124,9,SO2,保定,57.0
20170124,9,SO2_24h,保定,74.0
20170124,9,NO2,保定,68.0
20170124,9,NO2_24h,保定,77.0
20170124,9,O3,保定,11.0
20170124,9,O3_24h,保定,64.0
20170124,9,O3_8h,保定,8.0
20170124,9,O3_8h_24h,保定,8.0
20170124,9,CO,保定,2.58
20170124,9,CO_24h,保定,2.63
20170124,10,AQI,保定,136.0
20170124,10,PM2.5,保定,104.0
20170124,10,PM2.5_24h,保定,144.0
20170124,10,PM10,保定,137.0
20170124,10,PM10_24h,保定,185.0
20170124,10,SO2,保定,51.0
20170124,10,SO2_24h,保定,73.0
20170124,10,NO2,保定,62.0
20170124,10,NO2_24h,保定,77.0
20170124,10,O3,保定,16.0
20170124,10,O3_24h,保定,64.0
20170124,10,O3_8h,保定,9.0
20170124,10,O3_8h_24h,保定,9.0
20170124,10,CO,保定,2.32
20170124,10,CO_24h,保定,2.58
20170124,11,AQI,保定,138.0
20170124,11,PM2.5,保定,105.0
20170124,11,PM2.5_24h,保定,144.0
20170124,11,PM10,保定,147.0
20170124,11,PM10_24h,保定,185.0
20170124,11,SO2,保定,71.0
20170124,11,SO2_24h,保定,74.0
20170124,11,NO2,保定,73.0
20170124,11,NO2_24h,保定,77.0
20170124,11,O3,保定,18.0
20170124,11,O3_24h,保定,64.0
20170124,11,O3_8h,保定,10.0
20170124,11,O3_8h_24h,保定,10.0
20170124,11,CO,保定,2.7
20170124,11,CO_24h,保定,2.58
20170124,12,AQI,保定,156.0
20170124,12,PM2.5,保定,119.0
20170124,12,PM2.5_24h,保定,145.0
20170124,12,PM10,保定,158.0
20170124,12,PM10_24h,保定,186.0
20170124,12,SO2,保定,87.0
20170124,12,SO2_24h,保定,75.0
20170124,12,NO2,保定,75.0
20170124,12,NO2_24h,保定,77.0
20170124,12,O3,保定,25.0
20170124,12,O3_24h,保定,64.0
20170124,12,O3_8h,保定,13.0
20170124,12,O3_8h_24h,保定,13.0
20170124,12,CO,保定,2.83
20170124,12,CO_24h,保定,2.62
20170124,13,AQI,保定,128.0
20170124,13,PM2.5,保定,97.0
20170124,13,PM2.5_24h,保定,145.0
20170124,13,PM10,保定,140.0
20170124,13,PM10_24h,保定,187.0
20170124,13,SO2,保定,76.0
20170124,13,SO2_24h,保定,75.0
20170124,13,NO2,保定,69.0
20170124,13,NO2_24h,保定,78.0
20170124,13,O3,保定,34.0
20170124,13,O3_24h,保定,64.0
20170124,13,O3_8h,保定,16.0
20170124,13,O3_8h_24h,保定,16.0
20170124,13,CO,保定,2.38
20170124,13,CO_24h,保定,2.62
20170124,14,AQI,保定,128.0
20170124,14,PM2.5,保定,97.0
20170124,14,PM2.5_24h,保定,144.0
20170124,14,PM10,保定,131.0
20170124,14,PM10_24h,保定,185.0
20170124,14,SO2,保定,81.0
20170124,14,SO2_24h,保定,76.0
20170124,14,NO2,保定,61.0
20170124,14,NO2_24h,保定,78.0
20170124,14,O3,保定,43.0
20170124,14,O3_24h,保定,64.0
20170124,14,O3_8h,保定,20.0
20170124,14,O3_8h_24h,保定,20.0
20170124,14,CO,保定,2.22
20170124,14,CO_24h,保定,2.62
20170124,15,AQI,保定,138.0
20170124,15,PM2.5,保定,105.0
20170124,15,PM2.5_24h,保定,143.0
20170124,15,PM10,保定,144.0
20170124,15,PM10_24h,保定,184.0
20170124,15,SO2,保定,83.0
20170124,15,SO2_24h,保定,77.0
20170124,15,NO2,保定,60.0
20170124,15,NO2_24h,保定,78.0
20170124,15,O3,保定,48.0
20170124,15,O3_24h,保定,65.0
20170124,15,O3_8h,保定,25.0
20170124,15,O3_8h_24h,保定,25.0
20170124,15,CO,保定,2.28
20170124,15,CO_24h,保定,2.62
20170124,16,AQI,保定,151.0
20170124,16,PM2.5,保定,116.0
20170124,16,PM2.5_24h,保定,142.0
20170124,16,PM10,保定,155.0
20170124,16,PM10_24h,保定,183.0
20170124,16,SO2,保定,88.0
20170124,16,SO2_24h,保定,78.0
20170124,16,NO2,保定,63.0
20170124,16,NO2_24h,保定,78.0
20170124,16,O3,保定,53.0
20170124,16,O3_24h,保定,56.0
20170124,16,O3_8h,保定,31.0
20170124,16,O3_8h_24h,保定,31.0
20170124,16,CO,保定,2.25
20170124,16,CO_24h,保定,2.63
20170124,17,AQI,保定,173.0
20170124,17,PM2.5,保定,131.0
20170124,17,PM2.5_24h,保定,141.0
20170124,17,PM10,保定,164.0
20170124,17,PM10_24h,保定,181.0
20170124,17,SO2,保定,82.0
20170124,17,SO2_24h,保定,79.0
20170124,17,NO2,保定,69.0
20170124,17,NO2_24h,保定,77.0
20170124,17,O3,保定,42.0
20170124,17,O3_24h,保定,54.0
20170124,17,O3_8h,保定,35.0
20170124,17,O3_8h_24h,保定,35.0
20170124,17,CO,保定,2.28
20170124,17,CO_24h,保定,2.67
20170124,18,AQI,保定,200.0
20170124,18,PM2.5,保定,150.0
20170124,18,PM2.5_24h,保定,140.0
20170124,18,PM10,保定,191.0
20170124,18,PM10_24h,保定,180.0
20170124,18,SO2,保定,93.0
20170124,18,SO2_24h,保定,79.0
20170124,18,NO2,保定,91.0
20170124,18,NO2_24h,保定,78.0
20170124,18,O3,保定,22.0
20170124,18,O3_24h,保定,54.0
20170124,18,O3_8h,保定,36.0
20170124,18,O3_8h_24h,保定,36.0
20170124,18,CO,保定,2.58
20170124,18,CO_24h,保定,2.67
20170124,19,AQI,保定,214.0
20170124,19,PM2.5,保定,164.0
20170124,19,PM2.5_24h,保定,140.0
20170124,19,PM10,保定,203.0
20170124,19,PM10_24h,保定,180.0
20170124,19,SO2,保定,83.0
20170124,19,SO2_24h,保定,78.0
20170124,19,NO2,保定,101.0
20170124,19,NO2_24h,保定,78.0
20170124,19,O3,保定,13.0
20170124,19,O3_24h,保定,54.0
20170124,19,O3_8h,保定,35.0
20170124,19,O3_8h_24h,保定,36.0
20170124,19,CO,保定,2.93
20170124,19,CO_24h,保定,2.68
20170124,20,AQI,保定,221.0
20170124,20,PM2.5,保定,171.0
20170124,20,PM2.5_24h,保定,140.0
20170124,20,PM10,保定,221.0
20170124,20,PM10_24h,保定,179.0
20170124,20,SO2,保定,94.0
20170124,20,SO2_24h,保定,79.0
20170124,20,NO2,保定,109.0
20170124,20,NO2_24h,保定,79.0
20170124,20,O3,保定,8.0
20170124,20,O3_24h,保定,54.0
20170124,20,O3_8h,保定,33.0
20170124,20,O3_8h_24h,保定,36.0
20170124,20,CO,保定,3.2
20170124,20,CO_24h,保定,2.72
20170124,21,AQI,保定,228.0
20170124,21,PM2.5,保定,178.0
20170124,21,PM2.5_24h,保定,140.0
20170124,21,PM10,保定,226.0
20170124,21,PM10_24h,保定,180.0
20170124,21,SO2,保定,74.0
20170124,21,SO2_24h,保定,79.0
20170124,21,NO2,保定,108.0
20170124,21,NO2_24h,保定,80.0
20170124,21,O3,保定,8.0
20170124,21,O3_24h,保定,54.0
20170124,21,O3_8h,保定,30.0
20170124,21,O3_8h_24h,保定,36.0
20170124,21,CO,保定,3.32
20170124,21,CO_24h,保定,2.73
20170124,22,AQI,保定,251.0
20170124,22,PM2.5,保定,201.0
20170124,22,PM2.5_24h,保定,142.0
20170124,22,PM10,保定,264.0
20170124,22,PM10_24h,保定,182.0
20170124,22,SO2,保定,90.0
20170124,22,SO2_24h,保定,79.0
20170124,22,NO2,保定,108.0
20170124,22,NO2_24h,保定,81.0
20170124,22,O3,保定,10.0
20170124,22,O3_24h,保定,54.0
20170124,22,O3_8h,保定,26.0
20170124,22,O3_8h_24h,保定,36.0
20170124,22,CO,保定,3.67
20170124,22,CO_24h,保定,2.8
20170124,23,AQI,保定,258.0
20170124,23,PM2.5,保定,208.0
20170124,23,PM2.5_24h,保定,144.0
20170124,23,PM10,保定,275.0
20170124,23,PM10_24h,保定,185.0
20170124,23,SO2,保定,100.0
20170124,23,SO2_24h,保定,79.0
20170124,23,NO2,保定,107.0
20170124,23,NO2_24h,保定,82.0
20170124,23,O3,保定,8.0
20170124,23,O3_24h,保定,54.0
20170124,23,O3_8h,保定,21.0
20170124,23,O3_8h_24h,保定,36.0
20170124,23,CO,保定,3.73
20170124,23,CO_24h,保定,2.83
20170124,0,AQI,张家口,52.0
20170124,0,PM2.5,张家口,36.0
20170124,0,PM2.5_24h,张家口,31.0
20170124,0,PM10,张家口,54.0
20170124,0,PM10_24h,张家口,57.0
20170124,0,SO2,张家口,21.0
20170124,0,SO2_24h,张家口,27.0
20170124,0,NO2,张家口,18.0
20170124,0,NO2_24h,张家口,30.0
20170124,0,O3,张家口,72.0
20170124,0,O3_24h,张家口,76.0
20170124,0,O3_8h,张家口,51.0
20170124,0,O3_8h_24h,张家口,64.0
20170124,0,CO,张家口,0.8
20170124,0,CO_24h,张家口,0.87
20170124,1,AQI,张家口,52.0
20170124,1,PM2.5,张家口,31.0
20170124,1,PM2.5_24h,张家口,31.0
20170124,1,PM10,张家口,53.0
20170124,1,PM10_24h,张家口,57.0
20170124,1,SO2,张家口,16.0
20170124,1,SO2_24h,张家口,28.0
20170124,1,NO2,张家口,15.0
20170124,1,NO2_24h,张家口,30.0
20170124,1,O3,张家口,72.0
20170124,1,O3_24h,张家口,76.0
20170124,1,O3_8h,张家口,72.0
20170124,1,O3_8h_24h,张家口,72.0
20170124,1,CO,张家口,0.77
20170124,1,CO_24h,张家口,0.87
20170124,2,AQI,张家口,53.0
20170124,2,PM2.5,张家口,36.0
20170124,2,PM2.5_24h,张家口,32.0
20170124,2,PM10,张家口,56.0
20170124,2,PM10_24h,张家口,59.0
20170124,2,SO2,张家口,12.0
20170124,2,SO2_24h,张家口,28.0
20170124,2,NO2,张家口,13.0
20170124,2,NO2_24h,张家口,30.0
20170124,2,O3,张家口,74.0
20170124,2,O3_24h,张家口,76.0
20170124,2,O3_8h,张家口,73.0
20170124,2,O3_8h_24h,张家口,73.0
20170124,2,CO,张家口,0.7
20170124,2,CO_24h,张家口,0.87
20170124,3,AQI,张家口,50.0
20170124,3,PM2.5,张家口,35.0
20170124,3,PM2.5_24h,张家口,32.0
20170124,3,PM10,张家口,41.0
20170124,3,PM10_24h,张家口,59.0
20170124,3,SO2,张家口,12.0
20170124,3,SO2_24h,张家口,28.0
20170124,3,NO2,张家口,11.0
20170124,3,NO2_24h,张家口,30.0
20170124,3,O3,张家口,73.0
20170124,3,O3_24h,张家口,76.0
20170124,3,O3_8h,张家口,73.0
20170124,3,O3_8h_24h,张家口,73.0
20170124,3,CO,张家口,0.67
20170124,3,CO_24h,张家口,0.87
20170124,4,AQI,张家口,44.0
20170124,4,PM2.5,张家口,31.0
20170124,4,PM2.5_24h,张家口,32.0
20170124,4,PM10,张家口,41.0
20170124,4,PM10_24h,张家口,60.0
20170124,4,SO2,张家口,12.0
20170124,4,SO2_24h,张家口,28.0
20170124,4,NO2,张家口,10.0
20170124,4,NO2_24h,张家口,31.0
20170124,4,O3,张家口,73.0
20170124,4,O3_24h,张家口,77.0
20170124,4,O3_8h,张家口,73.0
20170124,4,O3_8h_24h,张家口,73.0
20170124,4,CO,张家口,0.63
20170124,4,CO_24h,张家口,0.87
20170124,5,AQI,张家口,44.0
20170124,5,PM2.5,张家口,31.0
20170124,5,PM2.5_24h,张家口,33.0
20170124,5,PM10,张家口,36.0
20170124,5,PM10_24h,张家口,59.0
20170124,5,SO2,张家口,12.0
20170124,5,SO2_24h,张家口,28.0
20170124,5,NO2,张家口,10.0
20170124,5,NO2_24h,张家口,31.0
20170124,5,O3,张家口,72.0
20170124,5,O3_24h,张家口,77.0
20170124,5,O3_8h,张家口,73.0
20170124,5,O3_8h_24h,张家口,73.0
20170124,5,CO,张家口,0.67
20170124,5,CO_24h,张家口,0.87
20170124,6,AQI,张家口,40.0
20170124,6,PM2.5,张家口,26.0
20170124,6,PM2.5_24h,张家口,33.0
20170124,6,PM10,张家口,40.0
20170124,6,PM10_24h,张家口,60.0
20170124,6,SO2,张家口,18.0
20170124,6,SO2_24h,张家口,28.0
20170124,6,NO2,张家口,13.0
20170124,6,NO2_24h,张家口,31.0
20170124,6,O3,张家口,67.0
20170124,6,O3_24h,张家口,77.0
20170124,6,O3_8h,张家口,71.0
20170124,6,O3_8h_24h,张家口,73.0
20170124,6,CO,张家口,0.67
20170124,6,CO_24h,张家口,0.87
20170124,7,AQI,张家口,40.0
20170124,7,PM2.5,张家口,28.0
20170124,7,PM2.5_24h,张家口,33.0
20170124,7,PM10,张家口,38.0
20170124,7,PM10_24h,张家口,60.0
20170124,7,SO2,张家口,34.0
20170124,7,SO2_24h,张家口,28.0
20170124,7,NO2,张家口,22.0
20170124,7,NO2_24h,张家口,31.0
20170124,7,O3,张家口,58.0
20170124,7,O3_24h,张家口,77.0
20170124,7,O3_8h,张家口,70.0
20170124,7,O3_8h_24h,张家口,73.0
20170124,7,CO,张家口,0.7
20170124,7,CO_24h,张家口,0.87
20170124,8,AQI,张家口,49.0
20170124,8,PM2.5,张家口,25.0
20170124,8,PM2.5_24h,张家口,34.0
20170124,8,PM10,张家口,49.0
20170124,8,PM10_24h,张家口,60.0
20170124,8,SO2,张家口,39.0
20170124,8,SO2_24h,张家口,28.0
20170124,8,NO2,张家口,33.0
20170124,8,NO2_24h,张家口,31.0
20170124,8,O3,张家口,48.0
20170124,8,O3_24h,张家口,77.0
20170124,8,O3_8h,张家口,67.0
20170124,8,O3_8h_24h,张家口,73.0
20170124,8,CO,张家口,0.8
20170124,8,CO_24h,张家口,0.87
20170124,9,AQI,张家口,53.0
20170124,9,PM2.5,张家口,31.0
20170124,9,PM2.5_24h,张家口,34.0
20170124,9,PM10,张家口,55.0
20170124,9,PM10_24h,张家口,61.0
20170124,9,SO2,张家口,29.0
20170124,9,SO2_24h,张家口,28.0
20170124,9,NO2,张家口,29.0
20170124,9,NO2_24h,张家口,31.0
20170124,9,O3,张家口,53.0
20170124,9,O3_24h,张家口,77.0
20170124,9,O3_8h,张家口,65.0
20170124,9,O3_8h_24h,张家口,73.0
20170124,9,CO,张家口,0.87
20170124,9,CO_24h,张家口,0.87
20170124,10,AQI,张家口,54.0
20170124,10,PM2.5,张家口,35.0
20170124,10,PM2.5_24h,张家口,34.0
20170124,10,PM10,张家口,57.0
20170124,10,PM10_24h,张家口,61.0
20170124,10,SO2,张家口,22.0
20170124,10,SO2_24h,张家口,28.0
20170124,10,NO2,张家口,25.0
20170124,10,NO2_24h,张家口,31.0
20170124,10,O3,张家口,57.0
20170124,10,O3_24h,张家口,77.0
20170124,10,O3_8h,张家口,63.0
20170124,10,O3_8h_24h,张家口,73.0
20170124,10,CO,张家口,0.87
20170124,10,CO_24h,张家口,0.87
20170124,11,AQI,张家口,65.0
20170124,11,PM2.5,张家口,47.0
20170124,11,PM2.5_24h,张家口,35.0
20170124,11,PM10,张家口,50.0
20170124,11,PM10_24h,张家口,61.0
20170124,11,SO2,张家口,22.0
20170124,11,SO2_24h,张家口,28.0
20170124,11,NO2,张家口,24.0
20170124,11,NO2_24h,张家口,30.0
20170124,11,O3,张家口,66.0
20170124,11,O3_24h,张家口,77.0
20170124,11,O3_8h,张家口,62.0
20170124,11,O3_8h_24h,张家口,73.0
20170124,11,CO,张家口,0.8
20170124,11,CO_24h,张家口,0.87
20170124,12,AQI,张家口,63.0
20170124,12,PM2.5,张家口,17.0
20170124,12,PM2.5_24h,张家口,35.0
20170124,12,PM10,张家口,76.0
20170124,12,PM10_24h,张家口,62.0
20170124,12,SO2,张家口,26.0
20170124,12,SO2_24h,张家口,27.0
20170124,12,NO2,张家口,27.0
20170124,12,NO2_24h,张家口,30.0
20170124,12,O3,张家口,72.0
20170124,12,O3_24h,张家口,78.0
20170124,12,O3_8h,张家口,61.0
20170124,12,O3_8h_24h,张家口,73.0
20170124,12,CO,张家口,0.77
20170124,12,CO_24h,张家口,0.87
20170124,13,AQI,张家口,53.0
20170124,13,PM2.5,张家口,37.0
20170124,13,PM2.5_24h,张家口,36.0
20170124,13,PM10,张家口,41.0
20170124,13,PM10_24h,张家口,61.0
20170124,13,SO2,张家口,33.0
20170124,13,SO2_24h,张家口,27.0
20170124,13,NO2,张家口,28.0
20170124,13,NO2_24h,张家口,29.0
20170124,13,O3,张家口,70.0
20170124,13,O3_24h,张家口,78.0
20170124,13,O3_8h,张家口,61.0
20170124,13,O3_8h_24h,张家口,73.0
20170124,13,CO,张家口,0.8
20170124,13,CO_24h,张家口,0.87
20170124,14,AQI,张家口,46.0
20170124,14,PM2.5,张家口,19.0
20170124,14,PM2.5_24h,张家口,36.0
20170124,14,PM10,张家口,46.0
20170124,14,PM10_24h,张家口,60.0
20170124,14,SO2,张家口,27.0
20170124,14,SO2_24h,张家口,26.0
20170124,14,NO2,张家口,28.0
20170124,14,NO2_24h,张家口,29.0
20170124,14,O3,张家口,77.0
20170124,14,O3_24h,张家口,81.0
20170124,14,O3_8h,张家口,63.0
20170124,14,O3_8h_24h,张家口,73.0
20170124,14,CO,张家口,0.77
20170124,14,CO_24h,张家口,0.87
20170124,15,AQI,张家口,51.0
20170124,15,PM2.5,张家口,28.0
20170124,15,PM2.5_24h,张家口,36.0
20170124,15,PM10,张家口,51.0
20170124,15,PM10_24h,张家口,60.0
20170124,15,SO2,张家口,20.0
20170124,15,SO2_24h,张家口,26.0
20170124,15,NO2,张家口,29.0
20170124,15,NO2_24h,张家口,29.0
20170124,15,O3,张家口,81.0
20170124,15,O3_24h,张家口,82.0
20170124,15,O3_8h,张家口,65.0
20170124,15,O3_8h_24h,张家口,73.0
20170124,15,CO,张家口,0.73
20170124,15,CO_24h,张家口,0.87
20170124,16,AQI,张家口,43.0
20170124,16,PM2.5,张家口,30.0
20170124,16,PM2.5_24h,张家口,36.0
20170124,16,PM10,张家口,39.0
20170124,16,PM10_24h,张家口,59.0
20170124,16,SO2,张家口,18.0
20170124,16,SO2_24h,张家口,25.0
20170124,16,NO2,张家口,29.0
20170124,16,NO2_24h,张家口,28.0
20170124,16,O3,张家口,78.0
20170124,16,O3_24h,张家口,84.0
20170124,16,O3_8h,张家口,69.0
20170124,16,O3_8h_24h,张家口,74.0
20170124,16,CO,张家口,0.73
20170124,16,CO_24h,张家口,0.83
20170124,17,AQI,张家口,55.0
20170124,17,PM2.5,张家口,38.0
20170124,17,PM2.5_24h,张家口,35.0
20170124,17,PM10,张家口,59.0
20170124,17,PM10_24h,张家口,58.0
20170124,17,SO2,张家口,19.0
20170124,17,SO2_24h,张家口,24.0
20170124,17,NO2,张家口,37.0
20170124,17,NO2_24h,张家口,28.0
20170124,17,O3,张家口,66.0
20170124,17,O3_24h,张家口,84.0
20170124,17,O3_8h,张家口,71.0
20170124,17,O3_8h_24h,张家口,74.0
20170124,17,CO,张家口,0.83
20170124,17,CO_24h,张家口,0.87
20170124,18,AQI,张家口,67.0
20170124,18,PM2.5,张家口,43.0
20170124,18,PM2.5_24h,张家口,34.0
20170124,18,PM10,张家口,84.0
20170124,18,PM10_24h,张家口,58.0
20170124,18,SO2,张家口,38.0
20170124,18,SO2_24h,张家口,24.0
20170124,18,NO2,张家口,53.0
20170124,18,NO2_24h,张家口,28.0
20170124,18,O3,张家口,32.0
20170124,18,O3_24h,张家口,84.0
20170124,18,O3_8h,张家口,68.0
20170124,18,O3_8h_24h,张家口,74.0
20170124,18,CO,张家口,1.13
20170124,18,CO_24h,张家口,0.83
20170124,19,AQI,张家口,109.0
20170124,19,PM2.5,张家口,82.0
20170124,19,PM2.5_24h,张家口,35.0
20170124,19,PM10,张家口,126.0
20170124,19,PM10_24h,张家口,59.0
20170124,19,SO2,张家口,66.0
20170124,19,SO2_24h,张家口,26.0
20170124,19,NO2,张家口,73.0
20170124,19,NO2_24h,张家口,28.0
20170124,19,O3,张家口,12.0
20170124,19,O3_24h,张家口,84.0
20170124,19,O3_8h,张家口,61.0
20170124,19,O3_8h_24h,张家口,74.0
20170124,19,CO,张家口,1.6
20170124,19,CO_24h,张家口,0.87
20170124,20,AQI,张家口,108.0
20170124,20,PM2.5,张家口,81.0
20170124,20,PM2.5_24h,张家口,36.0
20170124,20,PM10,张家口,157.0
20170124,20,PM10_24h,张家口,62.0
20170124,20,SO2,张家口,63.0
20170124,20,SO2_24h,张家口,27.0
20170124,20,NO2,张家口,67.0
20170124,20,NO2_24h,张家口,28.0
20170124,20,O3,张家口,17.0
20170124,20,O3_24h,张家口,84.0
20170124,20,O3_8h,张家口,54.0
20170124,20,O3_8h_24h,张家口,74.0
20170124,20,CO,张家口,1.4
20170124,20,CO_24h,张家口,0.87
20170124,21,AQI,张家口,95.0
20170124,21,PM2.5,张家口,71.0
20170124,21,PM2.5_24h,张家口,38.0
20170124,21,PM10,张家口,138.0
20170124,21,PM10_24h,张家口,65.0
20170124,21,SO2,张家口,76.0
20170124,21,SO2_24h,张家口,29.0
20170124,21,NO2,张家口,73.0
20170124,21,NO2_24h,张家口,30.0
20170124,21,O3,张家口,10.0
20170124,21,O3_24h,张家口,84.0
20170124,21,O3_8h,张家口,47.0
20170124,21,O3_8h_24h,张家口,74.0
20170124,21,CO,张家口,1.8
20170124,21,CO_24h,张家口,0.87
20170124,22,AQI,张家口,110.0
20170124,22,PM2.5,张家口,83.0
20170124,22,PM2.5_24h,张家口,40.0
20170124,22,PM10,张家口,139.0
20170124,22,PM10_24h,张家口,69.0
20170124,22,SO2,张家口,70.0
20170124,22,SO2_24h,张家口,30.0
20170124,22,NO2,张家口,72.0
20170124,22,NO2_24h,张家口,32.0
20170124,22,O3,张家口,9.0
20170124,22,O3_24h,张家口,84.0
20170124,22,O3_8h,张家口,38.0
20170124,22,O3_8h_24h,张家口,74.0
20170124,22,CO,张家口,1.9
20170124,22,CO_24h,张家口,0.93
20170124,23,AQI,张家口,99.0
20170124,23,PM2.5,张家口,74.0
20170124,23,PM2.5_24h,张家口,41.0
20170124,23,PM10,张家口,133.0
20170124,23,PM10_24h,张家口,73.0
20170124,23,SO2,张家口,63.0
20170124,23,SO2_24h,张家口,32.0
20170124,23,NO2,张家口,66.0
20170124,23,NO2_24h,张家口,34.0
20170124,23,O3,张家口,15.0
20170124,23,O3_24h,张家口,84.0
20170124,23,O3_8h,张家口,30.0
20170124,23,O3_8h_24h,张家口,74.0
20170124,23,CO,张家口,1.73
20170124,23,CO_24h,张家口,0.93
20170124,0,AQI,承德,75.0
20170124,0,PM2.5,承德,55.0
20170124,0,PM2.5_24h,承德,33.0
20170124,0,PM10,承德,87.0
20170124,0,PM10_24h,承德,65.0
20170124,0,SO2,承德,29.0
20170124,0,SO2_24h,承德,29.0
20170124,0,NO2,承德,55.0
20170124,0,NO2_24h,承德,42.0
20170124,0,O3,承德,9.0
20170124,0,O3_24h,承德,68.0
20170124,0,O3_8h,承德,17.0
20170124,0,O3_8h_24h,承德,53.0
20170124,0,CO,承德,1.48
20170124,0,CO_24h,承德,1.02
20170124,1,AQI,承德,73.0
20170124,1,PM2.5,承德,53.0
20170124,1,PM2.5_24h,承德,34.0
20170124,1,PM10,承德,87.0
20170124,1,PM10_24h,承德,67.0
20170124,1,SO2,承德,25.0
20170124,1,SO2_24h,承德,30.0
20170124,1,NO2,承德,52.0
20170124,1,NO2_24h,承德,43.0
20170124,1,O3,承德,10.0
20170124,1,O3_24h,承德,68.0
20170124,1,O3_8h,承德,10.0
20170124,1,O3_8h_24h,承德,10.0
20170124,1,CO,承德,1.38
20170124,1,CO_24h,承德,1.05
20170124,2,AQI,承德,71.0
20170124,2,PM2.5,承德,52.0
20170124,2,PM2.5_24h,承德,34.0
20170124,2,PM10,承德,83.0
20170124,2,PM10_24h,承德,68.0
20170124,2,SO2,承德,24.0
20170124,2,SO2_24h,承德,30.0
20170124,2,NO2,承德,52.0
20170124,2,NO2_24h,承德,43.0
20170124,2,O3,承德,9.0
20170124,2,O3_24h,承德,68.0
20170124,2,O3_8h,承德,10.0
20170124,2,O3_8h_24h,承德,11.0
20170124,2,CO,承德,1.43
20170124,2,CO_24h,承德,1.05
20170124,3,AQI,承德,70.0
20170124,3,PM2.5,承德,51.0
20170124,3,PM2.5_24h,承德,35.0
20170124,3,PM10,承德,82.0
20170124,3,PM10_24h,承德,70.0
20170124,3,SO2,承德,22.0
20170124,3,SO2_24h,承德,30.0
20170124,3,NO2,承德,48.0
20170124,3,NO2_24h,承德,44.0
20170124,3,O3,承德,9.0
20170124,3,O3_24h,承德,68.0
20170124,3,O3_8h,承德,10.0
20170124,3,O3_8h_24h,承德,11.0
20170124,3,CO,承德,1.37
20170124,3,CO_24h,承德,1.07
20170124,4,AQI,承德,64.0
20170124,4,PM2.5,承德,46.0
20170124,4,PM2.5_24h,承德,36.0
20170124,4,PM10,承德,78.0
20170124,4,PM10_24h,承德,71.0
20170124,4,SO2,承德,20.0
20170124,4,SO2_24h,承德,30.0
20170124,4,NO2,承德,46.0
20170124,4,NO2_24h,承德,45.0
20170124,4,O3,承德,10.0
20170124,4,O3_24h,承德,68.0
20170124,4,O3_8h,承德,10.0
20170124,4,O3_8h_24h,承德,11.0
20170124,4,CO,承德,1.37
20170124,4,CO_24h,承德,1.1
20170124,5,AQI,承德,65.0
20170124,5,PM2.5,承德,46.0
20170124,5,PM2.5_24h,承德,37.0
20170124,5,PM10,承德,79.0
20170124,5,PM10_24h,承德,73.0
20170124,5,SO2,承德,19.0
20170124,5,SO2_24h,承德,30.0
20170124,5,NO2,承德,47.0
20170124,5,NO2_24h,承德,45.0
20170124,5,O3,承德,9.0
20170124,5,O3_24h,承德,68.0
20170124,5,O3_8h,承德,10.0
20170124,5,O3_8h_24h,承德,11.0
20170124,5,CO,承德,1.38
20170124,5,CO_24h,承德,1.13
20170124,6,AQI,承德,64.0
20170124,6,PM2.5,承德,45.0
20170124,6,PM2.5_24h,承德,37.0
20170124,6,PM10,承德,78.0
20170124,6,PM10_24h,承德,73.0
20170124,6,SO2,承德,19.0
20170124,6,SO2_24h,承德,30.0
20170124,6,NO2,承德,46.0
20170124,6,NO2_24h,承德,45.0
20170124,6,O3,承德,9.0
20170124,6,O3_24h,承德,68.0
20170124,6,O3_8h,承德,9.0
20170124,6,O3_8h_24h,承德,11.0
20170124,6,CO,承德,1.35
20170124,6,CO_24h,承德,1.13
20170124,7,AQI,承德,66.0
20170124,7,PM2.5,承德,48.0
20170124,7,PM2.5_24h,承德,38.0
20170124,7,PM10,承德,78.0
20170124,7,PM10_24h,承德,74.0
20170124,7,SO2,承德,23.0
20170124,7,SO2_24h,承德,30.0
20170124,7,NO2,承德,50.0
20170124,7,NO2_24h,承德,46.0
20170124,7,O3,承德,8.0
20170124,7,O3_24h,承德,68.0
20170124,7,O3_8h,承德,9.0
20170124,7,O3_8h_24h,承德,11.0
20170124,7,CO,承德,1.3
20170124,7,CO_24h,承德,1.13
20170124,8,AQI,承德,73.0
20170124,8,PM2.5,承德,50.0
20170124,8,PM2.5_24h,承德,39.0
20170124,8,PM10,承德,96.0
20170124,8,PM10_24h,承德,76.0
20170124,8,SO2,承德,28.0
20170124,8,SO2_24h,承德,31.0
20170124,8,NO2,承德,53.0
20170124,8,NO2_24h,承德,45.0
20170124,8,O3,承德,7.0
20170124,8,O3_24h,承德,68.0
20170124,8,O3_8h,承德,9.0
20170124,8,O3_8h_24h,承德,11.0
20170124,8,CO,承德,1.5
20170124,8,CO_24h,承德,1.15
20170124,9,AQI,承德,82.0
20170124,9,PM2.5,承德,59.0
20170124,9,PM2.5_24h,承德,39.0
20170124,9,PM10,承德,113.0
20170124,9,PM10_24h,承德,76.0
20170124,9,SO2,承德,31.0
20170124,9,SO2_24h,承德,31.0
20170124,9,NO2,承德,50.0
20170124,9,NO2_24h,承德,46.0
20170124,9,O3,承德,11.0
20170124,9,O3_24h,承德,68.0
20170124,9,O3_8h,承德,9.0
20170124,9,O3_8h_24h,承德,11.0
20170124,9,CO,承德,1.75
20170124,9,CO_24h,承德,1.18
20170124,10,AQI,承德,79.0
20170124,10,PM2.5,承德,51.0
20170124,10,PM2.5_24h,承德,39.0
20170124,10,PM10,承德,108.0
20170124,10,PM10_24h,承德,77.0
20170124,10,SO2,承德,36.0
20170124,10,SO2_24h,承德,31.0
20170124,10,NO2,承德,46.0
20170124,10,NO2_24h,承德,45.0
20170124,10,O3,承德,16.0
20170124,10,O3_24h,承德,68.0
20170124,10,O3_8h,承德,10.0
20170124,10,O3_8h_24h,承德,12.0
20170124,10,CO,承德,1.5
20170124,10,CO_24h,承德,1.18
20170124,11,AQI,承德,84.0
20170124,11,PM2.5,承德,44.0
20170124,11,PM2.5_24h,承德,40.0
20170124,11,PM10,承德,118.0
20170124,11,PM10_24h,承德,78.0
20170124,11,SO2,承德,41.0
20170124,11,SO2_24h,承德,30.0
20170124,11,NO2,承德,44.0
20170124,11,NO2_24h,承德,46.0
20170124,11,O3,承德,29.0
20170124,11,O3_24h,承德,68.0
20170124,11,O3_8h,承德,12.0
20170124,11,O3_8h_24h,承德,14.0
20170124,11,CO,承德,1.57
20170124,11,CO_24h,承德,1.2
20170124,12,AQI,承德,75.0
20170124,12,PM2.5,承德,38.0
20170124,12,PM2.5_24h,承德,40.0
20170124,12,PM10,承德,99.0
20170124,12,PM10_24h,承德,79.0
20170124,12,SO2,承德,37.0
20170124,12,SO2_24h,承德,31.0
20170124,12,NO2,承德,35.0
20170124,12,NO2_24h,承德,46.0
20170124,12,O3,承德,47.0
20170124,12,O3_24h,承德,68.0
20170124,12,O3_8h,承德,17.0
20170124,12,O3_8h_24h,承德,17.0
20170124,12,CO,承德,1.3
20170124,12,CO_24h,承德,1.23
20170124,13,AQI,承德,55.0
20170124,13,PM2.5,承德,27.0
20170124,13,PM2.5_24h,承德,41.0
20170124,13,PM10,承德,59.0
20170124,13,PM10_24h,承德,80.0
20170124,13,SO2,承德,30.0
20170124,13,SO2_24h,承德,31.0
20170124,13,NO2,承德,28.0
20170124,13,NO2_24h,承德,46.0
20170124,13,O3,承德,61.0
20170124,13,O3_24h,承德,68.0
20170124,13,O3_8h,承德,24.0
20170124,13,O3_8h_24h,承德,24.0
20170124,13,CO,承德,0.85
20170124,13,CO_24h,承德,1.23
20170124,14,AQI,承德,55.0
20170124,14,PM2.5,承德,19.0
20170124,14,PM2.5_24h,承德,41.0
20170124,14,PM10,承德,59.0
20170124,14,PM10_24h,承德,81.0
20170124,14,SO2,承德,44.0
20170124,14,SO2_24h,承德,31.0
20170124,14,NO2,承德,31.0
20170124,14,NO2_24h,承德,47.0
20170124,14,O3,承德,62.0
20170124,14,O3_24h,承德,67.0
20170124,14,O3_8h,承德,30.0
20170124,14,O3_8h_24h,承德,30.0
20170124,14,CO,承德,0.82
20170124,14,CO_24h,承德,1.23
20170124,15,AQI,承德,49.0
20170124,15,PM2.5,承德,16.0
20170124,15,PM2.5_24h,承德,41.0
20170124,15,PM10,承德,49.0
20170124,15,PM10_24h,承德,82.0
20170124,15,SO2,承德,44.0
20170124,15,SO2_24h,承德,31.0
20170124,15,NO2,承德,27.0
20170124,15,NO2_24h,承德,47.0
20170124,15,O3,承德,67.0
20170124,15,O3_24h,承德,67.0
20170124,15,O3_8h,承德,37.0
20170124,15,O3_8h_24h,承德,37.0
20170124,15,CO,承德,0.8
20170124,15,CO_24h,承德,1.25
20170124,16,AQI,承德,53.0
20170124,16,PM2.5,承德,17.0
20170124,16,PM2.5_24h,承德,41.0
20170124,16,PM10,承德,56.0
20170124,16,PM10_24h,承德,82.0
20170124,16,SO2,承德,70.0
20170124,16,SO2_24h,承德,32.0
20170124,16,NO2,承德,35.0
20170124,16,NO2_24h,承德,47.0
20170124,16,O3,承德,62.0
20170124,16,O3_24h,承德,67.0
20170124,16,O3_8h,承德,44.0
20170124,16,O3_8h_24h,承德,44.0
20170124,16,CO,承德,1.13
20170124,16,CO_24h,承德,1.25
20170124,17,AQI,承德,67.0
20170124,17,PM2.5,承德,27.0
20170124,17,PM2.5_24h,承德,41.0
20170124,17,PM10,承德,83.0
20170124,17,PM10_24h,承德,83.0
20170124,17,SO2,承德,74.0
20170124,17,SO2_24h,承德,34.0
20170124,17,NO2,承德,59.0
20170124,17,NO2_24h,承德,49.0
20170124,17,O3,承德,37.0
20170124,17,O3_24h,承德,67.0
20170124,17,O3_8h,承德,47.0
20170124,17,O3_8h_24h,承德,47.0
20170124,17,CO,承德,1.53
20170124,17,CO_24h,承德,1.32
20170124,18,AQI,承德,81.0
20170124,18,PM2.5,承德,57.0
20170124,18,PM2.5_24h,承德,43.0
20170124,18,PM10,承德,111.0
20170124,18,PM10_24h,承德,85.0
20170124,18,SO2,承德,63.0
20170124,18,SO2_24h,承德,36.0
20170124,18,NO2,承德,78.0
20170124,18,NO2_24h,承德,50.0
20170124,18,O3,承德,12.0
20170124,18,O3_24h,承德,67.0
20170124,18,O3_8h,承德,47.0
20170124,18,O3_8h_24h,承德,48.0
20170124,18,CO,承德,2.05
20170124,18,CO_24h,承德,1.38
20170124,19,AQI,承德,90.0
20170124,19,PM2.5,承德,63.0
20170124,19,PM2.5_24h,承德,44.0
20170124,19,PM10,承德,130.0
20170124,19,PM10_24h,承德,88.0
20170124,19,SO2,承德,54.0
20170124,19,SO2_24h,承德,36.0
20170124,19,NO2,承德,77.0
20170124,19,NO2_24h,承德,50.0
20170124,19,O3,承德,8.0
20170124,19,O3_24h,承德,67.0
20170124,19,O3_8h,承德,45.0
20170124,19,O3_8h_24h,承德,48.0
20170124,19,CO,承德,2.3
20170124,19,CO_24h,承德,1.38
20170124,20,AQI,承德,93.0
20170124,20,PM2.5,承德,69.0
20170124,20,PM2.5_24h,承德,45.0
20170124,20,PM10,承德,134.0
20170124,20,PM10_24h,承德,89.0
20170124,20,SO2,承德,48.0
20170124,20,SO2_24h,承德,37.0
20170124,20,NO2,承德,73.0
20170124,20,NO2_24h,承德,50.0
20170124,20,O3,承德,7.0
20170124,20,O3_24h,承德,67.0
20170124,20,O3_8h,承德,39.0
20170124,20,O3_8h_24h,承德,48.0
20170124,20,CO,承德,2.13
20170124,20,CO_24h,承德,1.42
20170124,21,AQI,承德,88.0
20170124,21,PM2.5,承德,65.0
20170124,21,PM2.5_24h,承德,46.0
20170124,21,PM10,承德,108.0
20170124,21,PM10_24h,承德,90.0
20170124,21,SO2,承德,46.0
20170124,21,SO2_24h,承德,37.0
20170124,21,NO2,承德,69.0
20170124,21,NO2_24h,承德,51.0
20170124,21,O3,承德,7.0
20170124,21,O3_24h,承德,67.0
20170124,21,O3_8h,承德,33.0
20170124,21,O3_8h_24h,承德,48.0
20170124,21,CO,承德,1.95
20170124,21,CO_24h,承德,1.42
20170124,22,AQI,承德,91.0
20170124,22,PM2.5,承德,68.0
20170124,22,PM2.5_24h,承德,47.0
20170124,22,PM10,承德,107.0
20170124,22,PM10_24h,承德,91.0
20170124,22,SO2,承德,45.0
20170124,22,SO2_24h,承德,38.0
20170124,22,NO2,承德,66.0
20170124,22,NO2_24h,承德,51.0
20170124,22,O3,承德,8.0
20170124,22,O3_24h,承德,67.0
20170124,22,O3_8h,承德,26.0
20170124,22,O3_8h_24h,承德,48.0
20170124,22,CO,承德,1.85
20170124,22,CO_24h,承德,1.5
20170124,23,AQI,承德,96.0
20170124,23,PM2.5,承德,72.0
20170124,23,PM2.5_24h,承德,47.0
20170124,23,PM10,承德,110.0
20170124,23,PM10_24h,承德,92.0
20170124,23,SO2,承德,44.0
20170124,23,SO2_24h,承德,38.0
20170124,23,NO2,承德,66.0
20170124,23,NO2_24h,承德,51.0
20170124,23,O3,承德,7.0
20170124,23,O3_24h,承德,67.0
20170124,23,O3_8h,承德,18.0
20170124,23,O3_8h_24h,承德,48.0
20170124,23,CO,承德,2.1
20170124,23,CO_24h,承德,1.53
20170124,0,AQI,廊坊,144.0
20170124,0,PM2.5,廊坊,110.0
20170124,0,PM2.5_24h,廊坊,108.0
20170124,0,PM10,廊坊,151.0
20170124,0,PM10_24h,廊坊,144.0
20170124,0,SO2,廊坊,42.0
20170124,0,SO2_24h,廊坊,45.0
20170124,0,NO2,廊坊,90.0
20170124,0,NO2_24h,廊坊,84.0
20170124,0,O3,廊坊,1.0
20170124,0,O3_24h,廊坊,38.0
20170124,0,O3_8h,廊坊,5.0
20170124,0,O3_8h_24h,廊坊,22.0
20170124,0,CO,廊坊,3.37
20170124,0,CO_24h,廊坊,3.0
20170124,1,AQI,廊坊,144.0
20170124,1,PM2.5,廊坊,110.0
20170124,1,PM2.5_24h,廊坊,110.0
20170124,1,PM10,廊坊,146.0
20170124,1,PM10_24h,廊坊,147.0
20170124,1,SO2,廊坊,38.0
20170124,1,SO2_24h,廊坊,46.0
20170124,1,NO2,廊坊,86.0
20170124,1,NO2_24h,廊坊,84.0
20170124,1,O3,廊坊,1.0
20170124,1,O3_24h,廊坊,38.0
20170124,1,O3_8h,廊坊,1.0
20170124,1,O3_8h_24h,廊坊,1.0
20170124,1,CO,廊坊,3.53
20170124,1,CO_24h,廊坊,3.13
20170124,2,AQI,廊坊,179.0
20170124,2,PM2.5,廊坊,135.0
20170124,2,PM2.5_24h,廊坊,112.0
20170124,2,PM10,廊坊,132.0
20170124,2,PM10_24h,廊坊,149.0
20170124,2,SO2,廊坊,43.0
20170124,2,SO2_24h,廊坊,46.0
20170124,2,NO2,廊坊,87.0
20170124,2,NO2_24h,廊坊,84.0
20170124,2,O3,廊坊,2.0
20170124,2,O3_24h,廊坊,38.0
20170124,2,O3_8h,廊坊,2.0
20170124,2,O3_8h_24h,廊坊,2.0
20170124,2,CO,廊坊,4.33
20170124,2,CO_24h,廊坊,3.23
20170124,3,AQI,廊坊,169.0
20170124,3,PM2.5,廊坊,128.0
20170124,3,PM2.5_24h,廊坊,114.0
20170124,3,PM10,廊坊,169.0
20170124,3,PM10_24h,廊坊,151.0
20170124,3,SO2,廊坊,39.0
20170124,3,SO2_24h,廊坊,46.0
20170124,3,NO2,廊坊,88.0
20170124,3,NO2_24h,廊坊,85.0
20170124,3,O3,廊坊,2.0
20170124,3,O3_24h,廊坊,38.0
20170124,3,O3_8h,廊坊,1.0
20170124,3,O3_8h_24h,廊坊,2.0
20170124,3,CO,廊坊,4.57
20170124,3,CO_24h,廊坊,3.27
20170124,4,AQI,廊坊,169.0
20170124,4,PM2.5,廊坊,128.0
20170124,4,PM2.5_24h,廊坊,115.0
20170124,4,PM10,廊坊,166.0
20170124,4,PM10_24h,廊坊,153.0
20170124,4,SO2,廊坊,36.0
20170124,4,SO2_24h,廊坊,45.0
20170124,4,NO2,廊坊,87.0
20170124,4,NO2_24h,廊坊,85.0
20170124,4,O3,廊坊,1.0
20170124,4,O3_24h,廊坊,38.0
20170124,4,O3_8h,廊坊,2.0
20170124,4,O3_8h_24h,廊坊,2.0
20170124,4,CO,廊坊,4.6
20170124,4,CO_24h,廊坊,3.37
20170124,5,AQI,廊坊,181.0
20170124,5,PM2.5,廊坊,137.0
20170124,5,PM2.5_24h,廊坊,117.0
20170124,5,PM10,廊坊,171.0
20170124,5,PM10_24h,廊坊,154.0
20170124,5,SO2,廊坊,37.0
20170124,5,SO2_24h,廊坊,45.0
20170124,5,NO2,廊坊,81.0
20170124,5,NO2_24h,廊坊,85.0
20170124,5,O3,廊坊,1.0
20170124,5,O3_24h,廊坊,38.0
20170124,5,O3_8h,廊坊,1.0
20170124,5,O3_8h_24h,廊坊,2.0
20170124,5,CO,廊坊,4.87
20170124,5,CO_24h,廊坊,3.4
20170124,6,AQI,廊坊,187.0
20170124,6,PM2.5,廊坊,141.0
20170124,6,PM2.5_24h,廊坊,117.0
20170124,6,PM10,廊坊,188.0
20170124,6,PM10_24h,廊坊,155.0
20170124,6,SO2,廊坊,34.0
20170124,6,SO2_24h,廊坊,45.0
20170124,6,NO2,廊坊,85.0
20170124,6,NO2_24h,廊坊,86.0
20170124,6,O3,廊坊,1.0
20170124,6,O3_24h,廊坊,38.0
20170124,6,O3_8h,廊坊,2.0
20170124,6,O3_8h_24h,廊坊,2.0
20170124,6,CO,廊坊,5.33
20170124,6,CO_24h,廊坊,3.43
20170124,7,AQI,廊坊,179.0
20170124,7,PM2.5,廊坊,135.0
20170124,7,PM2.5_24h,廊坊,118.0
20170124,7,PM10,廊坊,215.0
20170124,7,PM10_24h,廊坊,157.0
20170124,7,SO2,廊坊,38.0
20170124,7,SO2_24h,廊坊,45.0
20170124,7,NO2,廊坊,91.0
20170124,7,NO2_24h,廊坊,86.0
20170124,7,O3,廊坊,1.0
20170124,7,O3_24h,廊坊,38.0
20170124,7,O3_8h,廊坊,1.0
20170124,7,O3_8h_24h,廊坊,2.0
20170124,7,CO,廊坊,5.43
20170124,7,CO_24h,廊坊,3.5
20170124,8,AQI,廊坊,177.0
20170124,8,PM2.5,廊坊,134.0
20170124,8,PM2.5_24h,廊坊,117.0
20170124,8,PM10,廊坊,184.0
20170124,8,PM10_24h,廊坊,157.0
20170124,8,SO2,廊坊,43.0
20170124,8,SO2_24h,廊坊,46.0
20170124,8,NO2,廊坊,96.0
20170124,8,NO2_24h,廊坊,87.0
20170124,8,O3,廊坊,1.0
20170124,8,O3_24h,廊坊,38.0
20170124,8,O3_8h,廊坊,1.0
20170124,8,O3_8h_24h,廊坊,2.0
20170124,8,CO,廊坊,5.8
20170124,8,CO_24h,廊坊,3.5
20170124,9,AQI,廊坊,206.0
20170124,9,PM2.5,廊坊,156.0
20170124,9,PM2.5_24h,廊坊,118.0
20170124,9,PM10,廊坊,209.0
20170124,9,PM10_24h,廊坊,158.0
20170124,9,SO2,廊坊,58.0
20170124,9,SO2_24h,廊坊,46.0
20170124,9,NO2,廊坊,98.0
20170124,9,NO2_24h,廊坊,88.0
20170124,9,O3,廊坊,1.0
20170124,9,O3_24h,廊坊,38.0
20170124,9,O3_8h,廊坊,1.0
20170124,9,O3_8h_24h,廊坊,2.0
20170124,9,CO,廊坊,5.9
20170124,9,CO_24h,廊坊,3.57
20170124,10,AQI,廊坊,191.0
20170124,10,PM2.5,廊坊,144.0
20170124,10,PM2.5_24h,廊坊,119.0
20170124,10,PM10,廊坊,193.0
20170124,10,PM10_24h,廊坊,159.0
20170124,10,SO2,廊坊,83.0
20170124,10,SO2_24h,廊坊,48.0
20170124,10,NO2,廊坊,98.0
20170124,10,NO2_24h,廊坊,88.0
20170124,10,O3,廊坊,2.0
20170124,10,O3_24h,廊坊,38.0
20170124,10,O3_8h,廊坊,2.0
20170124,10,O3_8h_24h,廊坊,2.0
20170124,10,CO,廊坊,5.53
20170124,10,CO_24h,廊坊,3.63
20170124,11,AQI,廊坊,170.0
20170124,11,PM2.5,廊坊,129.0
20170124,11,PM2.5_24h,廊坊,120.0
20170124,11,PM10,廊坊,165.0
20170124,11,PM10_24h,廊坊,160.0
20170124,11,SO2,廊坊,77.0
20170124,11,SO2_24h,廊坊,49.0
20170124,11,NO2,廊坊,85.0
20170124,11,NO2_24h,廊坊,88.0
20170124,11,O3,廊坊,7.0
20170124,11,O3_24h,廊坊,38.0
20170124,11,O3_8h,廊坊,2.0
20170124,11,O3_8h_24h,廊坊,2.0
20170124,11,CO,廊坊,4.57
20170124,11,CO_24h,廊坊,3.67
20170124,12,AQI,廊坊,161.0
20170124,12,PM2.5,廊坊,123.0
20170124,12,PM2.5_24h,廊坊,122.0
20170124,12,PM10,廊坊,158.0
20170124,12,PM10_24h,廊坊,162.0
20170124,12,SO2,廊坊,70.0
20170124,12,SO2_24h,廊坊,50.0
20170124,12,NO2,廊坊,79.0
20170124,12,NO2_24h,廊坊,89.0
20170124,12,O3,廊坊,16.0
20170124,12,O3_24h,廊坊,38.0
20170124,12,O3_8h,廊坊,4.0
20170124,12,O3_8h_24h,廊坊,4.0
20170124,12,CO,廊坊,3.9
20170124,12,CO_24h,廊坊,3.77
20170124,13,AQI,廊坊,143.0
20170124,13,PM2.5,廊坊,109.0
20170124,13,PM2.5_24h,廊坊,122.0
20170124,13,PM10,廊坊,141.0
20170124,13,PM10_24h,廊坊,162.0
20170124,13,SO2,廊坊,72.0
20170124,13,SO2_24h,廊坊,50.0
20170124,13,NO2,廊坊,78.0
20170124,13,NO2_24h,廊坊,88.0
20170124,13,O3,廊坊,26.0
20170124,13,O3_24h,廊坊,38.0
20170124,13,O3_8h,廊坊,7.0
20170124,13,O3_8h_24h,廊坊,7.0
20170124,13,CO,廊坊,3.43
20170124,13,CO_24h,廊坊,3.8
20170124,14,AQI,廊坊,135.0
20170124,14,PM2.5,廊坊,103.0
20170124,14,PM2.5_24h,廊坊,123.0
20170124,14,PM10,廊坊,140.0
20170124,14,PM10_24h,廊坊,162.0
20170124,14,SO2,廊坊,64.0
20170124,14,SO2_24h,廊坊,51.0
20170124,14,NO2,廊坊,80.0
20170124,14,NO2_24h,廊坊,88.0
20170124,14,O3,廊坊,33.0
20170124,14,O3_24h,廊坊,39.0
20170124,14,O3_8h,廊坊,11.0
20170124,14,O3_8h_24h,廊坊,11.0
20170124,14,CO,廊坊,3.0
20170124,14,CO_24h,廊坊,3.83
20170124,15,AQI,廊坊,135.0
20170124,15,PM2.5,廊坊,103.0
20170124,15,PM2.5_24h,廊坊,123.0
20170124,15,PM10,廊坊,136.0
20170124,15,PM10_24h,廊坊,162.0
20170124,15,SO2,廊坊,52.0
20170124,15,SO2_24h,廊坊,51.0
20170124,15,NO2,廊坊,68.0
20170124,15,NO2_24h,廊坊,88.0
20170124,15,O3,廊坊,50.0
20170124,15,O3_24h,廊坊,50.0
20170124,15,O3_8h,廊坊,17.0
20170124,15,O3_8h_24h,廊坊,17.0
20170124,15,CO,廊坊,2.53
20170124,15,CO_24h,廊坊,3.87
20170124,16,AQI,廊坊,134.0
20170124,16,PM2.5,廊坊,102.0
20170124,16,PM2.5_24h,廊坊,123.0
20170124,16,PM10,廊坊,144.0
20170124,16,PM10_24h,廊坊,163.0
20170124,16,SO2,廊坊,46.0
20170124,16,SO2_24h,廊坊,51.0
20170124,16,NO2,廊坊,63.0
20170124,16,NO2_24h,廊坊,88.0
20170124,16,O3,廊坊,60.0
20170124,16,O3_24h,廊坊,60.0
20170124,16,O3_8h,廊坊,24.0
20170124,16,O3_8h_24h,廊坊,24.0
20170124,16,CO,廊坊,2.3
20170124,16,CO_24h,廊坊,3.9
20170124,17,AQI,廊坊,135.0
20170124,17,PM2.5,廊坊,103.0
20170124,17,PM2.5_24h,廊坊,123.0
20170124,17,PM10,廊坊,125.0
20170124,17,PM10_24h,廊坊,163.0
20170124,17,SO2,廊坊,45.0
20170124,17,SO2_24h,廊坊,51.0
20170124,17,NO2,廊坊,65.0
20170124,17,NO2_24h,廊坊,88.0
20170124,17,O3,廊坊,58.0
20170124,17,O3_24h,廊坊,60.0
20170124,17,O3_8h,廊坊,31.0
20170124,17,O3_8h_24h,廊坊,31.0
20170124,17,CO,廊坊,2.1
20170124,17,CO_24h,廊坊,3.87
20170124,18,AQI,廊坊,144.0
20170124,18,PM2.5,廊坊,110.0
20170124,18,PM2.5_24h,廊坊,124.0
20170124,18,PM10,廊坊,138.0
20170124,18,PM10_24h,廊坊,162.0
20170124,18,SO2,廊坊,44.0
20170124,18,SO2_24h,廊坊,51.0
20170124,18,NO2,廊坊,82.0
20170124,18,NO2_24h,廊坊,87.0
20170124,18,O3,廊坊,38.0
20170124,18,O3_24h,廊坊,60.0
20170124,18,O3_8h,廊坊,36.0
20170124,18,O3_8h_24h,廊坊,36.0
20170124,18,CO,廊坊,2.07
20170124,18,CO_24h,廊坊,3.87
20170124,19,AQI,廊坊,161.0
20170124,19,PM2.5,廊坊,123.0
20170124,19,PM2.5_24h,廊坊,124.0
20170124,19,PM10,廊坊,159.0
20170124,19,PM10_24h,廊坊,162.0
20170124,19,SO2,廊坊,46.0
20170124,19,SO2_24h,廊坊,51.0
20170124,19,NO2,廊坊,113.0
20170124,19,NO2_24h,廊坊,87.0
20170124,19,O3,廊坊,15.0
20170124,19,O3_24h,廊坊,60.0
20170124,19,O3_8h,廊坊,37.0
20170124,19,O3_8h_24h,廊坊,37.0
20170124,19,CO,廊坊,2.2
20170124,19,CO_24h,廊坊,3.83
20170124,20,AQI,廊坊,199.0
20170124,20,PM2.5,廊坊,149.0
20170124,20,PM2.5_24h,廊坊,124.0
20170124,20,PM10,廊坊,195.0
20170124,20,PM10_24h,廊坊,163.0
20170124,20,SO2,廊坊,61.0
20170124,20,SO2_24h,廊坊,51.0
20170124,20,NO2,廊坊,127.0
20170124,20,NO2_24h,廊坊,88.0
20170124,20,O3,廊坊,5.0
20170124,20,O3_24h,廊坊,60.0
20170124,20,O3_8h,廊坊,35.0
20170124,20,O3_8h_24h,廊坊,37.0
20170124,20,CO,廊坊,2.93
20170124,20,CO_24h,廊坊,3.83
20170124,21,AQI,廊坊,226.0
20170124,21,PM2.5,廊坊,176.0
20170124,21,PM2.5_24h,廊坊,126.0
20170124,21,PM10,廊坊,224.0
20170124,21,PM10_24h,廊坊,164.0
20170124,21,SO2,廊坊,80.0
20170124,21,SO2_24h,廊坊,52.0
20170124,21,NO2,廊坊,127.0
20170124,21,NO2_24h,廊坊,89.0
20170124,21,O3,廊坊,3.0
20170124,21,O3_24h,廊坊,60.0
20170124,21,O3_8h,廊坊,33.0
20170124,21,O3_8h_24h,廊坊,37.0
20170124,21,CO,廊坊,3.77
20170124,21,CO_24h,廊坊,3.83
20170124,22,AQI,廊坊,214.0
20170124,22,PM2.5,廊坊,164.0
20170124,22,PM2.5_24h,廊坊,126.0
20170124,22,PM10,廊坊,199.0
20170124,22,PM10_24h,廊坊,166.0
20170124,22,SO2,廊坊,67.0
20170124,22,SO2_24h,廊坊,52.0
20170124,22,NO2,廊坊,119.0
20170124,22,NO2_24h,廊坊,90.0
20170124,22,O3,廊坊,3.0
20170124,22,O3_24h,廊坊,60.0
20170124,22,O3_8h,廊坊,29.0
20170124,22,O3_8h_24h,廊坊,37.0
20170124,22,CO,廊坊,3.37
20170124,22,CO_24h,廊坊,3.87
20170124,23,AQI,廊坊,200.0
20170124,23,PM2.5,廊坊,150.0
20170124,23,PM2.5_24h,廊坊,129.0
20170124,23,PM10,廊坊,183.0
20170124,23,PM10_24h,廊坊,168.0
20170124,23,SO2,廊坊,62.0
20170124,23,SO2_24h,廊坊,53.0
20170124,23,NO2,廊坊,104.0
20170124,23,NO2_24h,廊坊,91.0
20170124,23,O3,廊坊,5.0
20170124,23,O3_24h,廊坊,60.0
20170124,23,O3_8h,廊坊,23.0
20170124,23,O3_8h_24h,廊坊,37.0
20170124,23,CO,廊坊,3.17
20170124,23,CO_24h,廊坊,3.87
20170124,0,AQI,沧州,94.0
20170124,0,PM2.5,沧州,70.0
20170124,0,PM2.5_24h,沧州,67.0
20170124,0,PM10,沧州,89.0
20170124,0,PM10_24h,沧州,92.0
20170124,0,SO2,沧州,49.0
20170124,0,SO2_24h,沧州,86.0
20170124,0,NO2,沧州,56.0
20170124,0,NO2_24h,沧州,61.0
20170124,0,O3,沧州,21.0
20170124,0,O3_24h,沧州,68.0
20170124,0,O3_8h,沧州,21.0
20170124,0,O3_8h_24h,沧州,48.0
20170124,0,CO,沧州,1.4
20170124,0,CO_24h,沧州,1.37
20170124,1,AQI,沧州,91.0
20170124,1,PM2.5,沧州,68.0
20170124,1,PM2.5_24h,沧州,67.0
20170124,1,PM10,沧州,91.0
20170124,1,PM10_24h,沧州,92.0
20170124,1,SO2,沧州,42.0
20170124,1,SO2_24h,沧州,85.0
20170124,1,NO2,沧州,52.0
20170124,1,NO2_24h,沧州,60.0
20170124,1,O3,沧州,24.0
20170124,1,O3_24h,沧州,68.0
20170124,1,O3_8h,沧州,24.0
20170124,1,O3_8h_24h,沧州,24.0
20170124,1,CO,沧州,1.33
20170124,1,CO_24h,沧州,1.33
20170124,2,AQI,沧州,99.0
20170124,2,PM2.5,沧州,74.0
20170124,2,PM2.5_24h,沧州,67.0
20170124,2,PM10,沧州,99.0
20170124,2,PM10_24h,沧州,92.0
20170124,2,SO2,沧州,40.0
20170124,2,SO2_24h,沧州,83.0
20170124,2,NO2,沧州,58.0
20170124,2,NO2_24h,沧州,60.0
20170124,2,O3,沧州,17.0
20170124,2,O3_24h,沧州,68.0
20170124,2,O3_8h,沧州,21.0
20170124,2,O3_8h_24h,沧州,24.0
20170124,2,CO,沧州,1.4
20170124,2,CO_24h,沧州,1.33
20170124,3,AQI,沧州,123.0
20170124,3,PM2.5,沧州,93.0
20170124,3,PM2.5_24h,沧州,68.0
20170124,3,PM10,沧州,97.0
20170124,3,PM10_24h,沧州,92.0
20170124,3,SO2,沧州,44.0
20170124,3,SO2_24h,沧州,81.0
20170124,3,NO2,沧州,62.0
20170124,3,NO2_24h,沧州,60.0
20170124,3,O3,沧州,11.0
20170124,3,O3_24h,沧州,68.0
20170124,3,O3_8h,沧州,18.0
20170124,3,O3_8h_24h,沧州,24.0
20170124,3,CO,沧州,1.67
20170124,3,CO_24h,沧州,1.33
20170124,4,AQI,沧州,111.0
20170124,4,PM2.5,沧州,84.0
20170124,4,PM2.5_24h,沧州,69.0
20170124,4,PM10,沧州,105.0
20170124,4,PM10_24h,沧州,94.0
20170124,4,SO2,沧州,52.0
20170124,4,SO2_24h,沧州,81.0
20170124,4,NO2,沧州,70.0
20170124,4,NO2_24h,沧州,61.0
20170124,4,O3,沧州,4.0
20170124,4,O3_24h,沧州,68.0
20170124,4,O3_8h,沧州,14.0
20170124,4,O3_8h_24h,沧州,24.0
20170124,4,CO,沧州,2.07
20170124,4,CO_24h,沧州,1.4
20170124,5,AQI,沧州,108.0
20170124,5,PM2.5,沧州,81.0
20170124,5,PM2.5_24h,沧州,70.0
20170124,5,PM10,沧州,99.0
20170124,5,PM10_24h,沧州,95.0
20170124,5,SO2,沧州,53.0
20170124,5,SO2_24h,沧州,80.0
20170124,5,NO2,沧州,69.0
20170124,5,NO2_24h,沧州,62.0
20170124,5,O3,沧州,4.0
20170124,5,O3_24h,沧州,68.0
20170124,5,O3_8h,沧州,12.0
20170124,5,O3_8h_24h,沧州,24.0
20170124,5,CO,沧州,2.1
20170124,5,CO_24h,沧州,1.43
20170124,6,AQI,沧州,106.0
20170124,6,PM2.5,沧州,80.0
20170124,6,PM2.5_24h,沧州,71.0
20170124,6,PM10,沧州,109.0
20170124,6,PM10_24h,沧州,97.0
20170124,6,SO2,沧州,56.0
20170124,6,SO2_24h,沧州,79.0
20170124,6,NO2,沧州,68.0
20170124,6,NO2_24h,沧州,62.0
20170124,6,O3,沧州,6.0
20170124,6,O3_24h,沧州,68.0
20170124,6,O3_8h,沧州,11.0
20170124,6,O3_8h_24h,沧州,24.0
20170124,6,CO,沧州,2.07
20170124,6,CO_24h,沧州,1.47
20170124,7,AQI,沧州,115.0
20170124,7,PM2.5,沧州,87.0
20170124,7,PM2.5_24h,沧州,72.0
20170124,7,PM10,沧州,115.0
20170124,7,PM10_24h,沧州,98.0
20170124,7,SO2,沧州,72.0
20170124,7,SO2_24h,沧州,76.0
20170124,7,NO2,沧州,70.0
20170124,7,NO2_24h,沧州,62.0
20170124,7,O3,沧州,5.0
20170124,7,O3_24h,沧州,68.0
20170124,7,O3_8h,沧州,10.0
20170124,7,O3_8h_24h,沧州,24.0
20170124,7,CO,沧州,2.27
20170124,7,CO_24h,沧州,1.5
20170124,8,AQI,沧州,128.0
20170124,8,PM2.5,沧州,97.0
20170124,8,PM2.5_24h,沧州,73.0
20170124,8,PM10,沧州,121.0
20170124,8,PM10_24h,沧州,99.0
20170124,8,SO2,沧州,81.0
20170124,8,SO2_24h,沧州,73.0
20170124,8,NO2,沧州,76.0
20170124,8,NO2_24h,沧州,62.0
20170124,8,O3,沧州,5.0
20170124,8,O3_24h,沧州,68.0
20170124,8,O3_8h,沧州,10.0
20170124,8,O3_8h_24h,沧州,24.0
20170124,8,CO,沧州,2.23
20170124,8,CO_24h,沧州,1.5
20170124,9,AQI,沧州,166.0
20170124,9,PM2.5,沧州,126.0
20170124,9,PM2.5_24h,沧州,76.0
20170124,9,PM10,沧州,145.0
20170124,9,PM10_24h,沧州,101.0
20170124,9,SO2,沧州,90.0
20170124,9,SO2_24h,沧州,70.0
20170124,9,NO2,沧州,75.0
20170124,9,NO2_24h,沧州,63.0
20170124,9,O3,沧州,6.0
20170124,9,O3_24h,沧州,68.0
20170124,9,O3_8h,沧州,7.0
20170124,9,O3_8h_24h,沧州,24.0
20170124,9,CO,沧州,2.53
20170124,9,CO_24h,沧州,1.6
20170124,10,AQI,沧州,159.0
20170124,10,PM2.5,沧州,121.0
20170124,10,PM2.5_24h,沧州,78.0
20170124,10,PM10,沧州,142.0
20170124,10,PM10_24h,沧州,102.0
20170124,10,SO2,沧州,82.0
20170124,10,SO2_24h,沧州,67.0
20170124,10,NO2,沧州,71.0
20170124,10,NO2_24h,沧州,62.0
20170124,10,O3,沧州,12.0
20170124,10,O3_24h,沧州,68.0
20170124,10,O3_8h,沧州,7.0
20170124,10,O3_8h_24h,沧州,24.0
20170124,10,CO,沧州,2.17
20170124,10,CO_24h,沧州,1.6
20170124,11,AQI,沧州,110.0
20170124,11,PM2.5,沧州,83.0
20170124,11,PM2.5_24h,沧州,78.0
20170124,11,PM10,沧州,137.0
20170124,11,PM10_24h,沧州,104.0
20170124,11,SO2,沧州,71.0
20170124,11,SO2_24h,沧州,65.0
20170124,11,NO2,沧州,54.0
20170124,11,NO2_24h,沧州,62.0
20170124,11,O3,沧州,27.0
20170124,11,O3_24h,沧州,68.0
20170124,11,O3_8h,沧州,9.0
20170124,11,O3_8h_24h,沧州,24.0
20170124,11,CO,沧州,1.47
20170124,11,CO_24h,沧州,1.6
20170124,12,AQI,沧州,80.0
20170124,12,PM2.5,沧州,59.0
20170124,12,PM2.5_24h,沧州,78.0
20170124,12,PM10,沧州,94.0
20170124,12,PM10_24h,沧州,103.0
20170124,12,SO2,沧州,57.0
20170124,12,SO2_24h,沧州,63.0
20170124,12,NO2,沧州,40.0
20170124,12,NO2_24h,沧州,61.0
20170124,12,O3,沧州,48.0
20170124,12,O3_24h,沧州,68.0
20170124,12,O3_8h,沧州,14.0
20170124,12,O3_8h_24h,沧州,24.0
20170124,12,CO,沧州,1.13
20170124,12,CO_24h,沧州,1.57
20170124,13,AQI,沧州,76.0
20170124,13,PM2.5,沧州,56.0
20170124,13,PM2.5_24h,沧州,77.0
20170124,13,PM10,沧州,79.0
20170124,13,PM10_24h,沧州,102.0
20170124,13,SO2,沧州,48.0
20170124,13,SO2_24h,沧州,62.0
20170124,13,NO2,沧州,36.0
20170124,13,NO2_24h,沧州,61.0
20170124,13,O3,沧州,57.0
20170124,13,O3_24h,沧州,68.0
20170124,13,O3_8h,沧州,21.0
20170124,13,O3_8h_24h,沧州,24.0
20170124,13,CO,沧州,1.07
20170124,13,CO_24h,沧州,1.57
20170124,14,AQI,沧州,91.0
20170124,14,PM2.5,沧州,68.0
20170124,14,PM2.5_24h,沧州,78.0
20170124,14,PM10,沧州,86.0
20170124,14,PM10_24h,沧州,103.0
20170124,14,SO2,沧州,45.0
20170124,14,SO2_24h,沧州,61.0
20170124,14,NO2,沧州,37.0
20170124,14,NO2_24h,沧州,61.0
20170124,14,O3,沧州,62.0
20170124,14,O3_24h,沧州,69.0
20170124,14,O3_8h,沧州,28.0
20170124,14,O3_8h_24h,沧州,28.0
20170124,14,CO,沧州,1.03
20170124,14,CO_24h,沧州,1.57
20170124,15,AQI,沧州,99.0
20170124,15,PM2.5,沧州,74.0
20170124,15,PM2.5_24h,沧州,79.0
20170124,15,PM10,沧州,103.0
20170124,15,PM10_24h,沧州,105.0
20170124,15,SO2,沧州,48.0
20170124,15,SO2_24h,沧州,62.0
20170124,15,NO2,沧州,42.0
20170124,15,NO2_24h,沧州,61.0
20170124,15,O3,沧州,63.0
20170124,15,O3_24h,沧州,68.0
20170124,15,O3_8h,沧州,35.0
20170124,15,O3_8h_24h,沧州,35.0
20170124,15,CO,沧州,1.1
20170124,15,CO_24h,沧州,1.57
20170124,16,AQI,沧州,119.0
20170124,16,PM2.5,沧州,90.0
20170124,16,PM2.5_24h,沧州,81.0
20170124,16,PM10,沧州,109.0
20170124,16,PM10_24h,沧州,107.0
20170124,16,SO2,沧州,52.0
20170124,16,SO2_24h,沧州,62.0
20170124,16,NO2,沧州,48.0
20170124,16,NO2_24h,沧州,62.0
20170124,16,O3,沧州,61.0
20170124,16,O3_24h,沧州,63.0
20170124,16,O3_8h,沧州,42.0
20170124,16,O3_8h_24h,沧州,42.0
20170124,16,CO,沧州,1.17
20170124,16,CO_24h,沧州,1.57
20170124,17,AQI,沧州,123.0
20170124,17,PM2.5,沧州,93.0
20170124,17,PM2.5_24h,沧州,83.0
20170124,17,PM10,沧州,127.0
20170124,17,PM10_24h,沧州,110.0
20170124,17,SO2,沧州,55.0
20170124,17,SO2_24h,沧州,62.0
20170124,17,NO2,沧州,53.0
20170124,17,NO2_24h,沧州,62.0
20170124,17,O3,沧州,57.0
20170124,17,O3_24h,沧州,63.0
20170124,17,O3_8h,沧州,48.0
20170124,17,O3_8h_24h,沧州,48.0
20170124,17,CO,沧州,1.27
20170124,17,CO_24h,沧州,1.57
20170124,18,AQI,沧州,156.0
20170124,18,PM2.5,沧州,119.0
20170124,18,PM2.5_24h,沧州,85.0
20170124,18,PM10,沧州,143.0
20170124,18,PM10_24h,沧州,111.0
20170124,18,SO2,沧州,65.0
20170124,18,SO2_24h,沧州,62.0
20170124,18,NO2,沧州,81.0
20170124,18,NO2_24h,沧州,62.0
20170124,18,O3,沧州,30.0
20170124,18,O3_24h,沧州,63.0
20170124,18,O3_8h,沧州,51.0
20170124,18,O3_8h_24h,沧州,51.0
20170124,18,CO,沧州,1.6
20170124,18,CO_24h,沧州,1.63
20170124,19,AQI,沧州,149.0
20170124,19,PM2.5,沧州,114.0
20170124,19,PM2.5_24h,沧州,86.0
20170124,19,PM10,沧州,166.0
20170124,19,PM10_24h,沧州,113.0
20170124,19,SO2,沧州,62.0
20170124,19,SO2_24h,沧州,61.0
20170124,19,NO2,沧州,76.0
20170124,19,NO2_24h,沧州,63.0
20170124,19,O3,沧州,27.0
20170124,19,O3_24h,沧州,63.0
20170124,19,O3_8h,沧州,51.0
20170124,19,O3_8h_24h,沧州,51.0
20170124,19,CO,沧州,1.6
20170124,19,CO_24h,沧州,1.63
20170124,20,AQI,沧州,150.0
20170124,20,PM2.5,沧州,115.0
20170124,20,PM2.5_24h,沧州,87.0
20170124,20,PM10,沧州,153.0
20170124,20,PM10_24h,沧州,114.0
20170124,20,SO2,沧州,54.0
20170124,20,SO2_24h,沧州,60.0
20170124,20,NO2,沧州,68.0
20170124,20,NO2_24h,沧州,62.0
20170124,20,O3,沧州,30.0
20170124,20,O3_24h,沧州,63.0
20170124,20,O3_8h,沧州,49.0
20170124,20,O3_8h_24h,沧州,51.0
20170124,20,CO,沧州,1.63
20170124,20,CO_24h,沧州,1.6
20170124,21,AQI,沧州,160.0
20170124,21,PM2.5,沧州,122.0
20170124,21,PM2.5_24h,沧州,89.0
20170124,21,PM10,沧州,145.0
20170124,21,PM10_24h,沧州,115.0
20170124,21,SO2,沧州,56.0
20170124,21,SO2_24h,沧州,59.0
20170124,21,NO2,沧州,68.0
20170124,21,NO2_24h,沧州,61.0
20170124,21,O3,沧州,24.0
20170124,21,O3_24h,沧州,63.0
20170124,21,O3_8h,沧州,44.0
20170124,21,O3_8h_24h,沧州,51.0
20170124,21,CO,沧州,1.73
20170124,21,CO_24h,沧州,1.63
20170124,22,AQI,沧州,156.0
20170124,22,PM2.5,沧州,119.0
20170124,22,PM2.5_24h,沧州,90.0
20170124,22,PM10,沧州,140.0
20170124,22,PM10_24h,沧州,116.0
20170124,22,SO2,沧州,57.0
20170124,22,SO2_24h,沧州,58.0
20170124,22,NO2,沧州,67.0
20170124,22,NO2_24h,沧州,61.0
20170124,22,O3,沧州,22.0
20170124,22,O3_24h,沧州,63.0
20170124,22,O3_8h,沧州,39.0
20170124,22,O3_8h_24h,沧州,51.0
20170124,22,CO,沧州,1.7
20170124,22,CO_24h,沧州,1.67
20170124,23,AQI,沧州,176.0
20170124,23,PM2.5,沧州,133.0
20170124,23,PM2.5_24h,沧州,93.0
20170124,23,PM10,沧州,157.0
20170124,23,PM10_24h,沧州,118.0
20170124,23,SO2,沧州,65.0
20170124,23,SO2_24h,沧州,58.0
20170124,23,NO2,沧州,76.0
20170124,23,NO2_24h,沧州,62.0
20170124,23,O3,沧州,13.0
20170124,23,O3_24h,沧州,63.0
20170124,23,O3_8h,沧州,33.0
20170124,23,O3_8h_24h,沧州,51.0
20170124,23,CO,沧州,2.0
20170124,23,CO_24h,沧州,1.67
20170124,0,AQI,衡水,276.0
20170124,0,PM2.5,衡水,226.0
20170124,0,PM2.5_24h,衡水,136.0
20170124,0,PM10,衡水,388.0
20170124,0,PM10_24h,衡水,217.0
20170124,0,SO2,衡水,95.0
20170124,0,SO2_24h,衡水,76.0
20170124,0,NO2,衡水,86.0
20170124,0,NO2_24h,衡水,70.0
20170124,0,O3,衡水,5.0
20170124,0,O3_24h,衡水,43.0
20170124,0,O3_8h,衡水,10.0
20170124,0,O3_8h_24h,衡水,31.0
20170124,0,CO,衡水,3.2
20170124,0,CO_24h,衡水,2.25
20170124,1,AQI,衡水,258.0
20170124,1,PM2.5,衡水,208.0
20170124,1,PM2.5_24h,衡水,142.0
20170124,1,PM10,衡水,338.0
20170124,1,PM10_24h,衡水,226.0
20170124,1,SO2,衡水,74.0
20170124,1,SO2_24h,衡水,78.0
20170124,1,NO2,衡水,77.0
20170124,1,NO2_24h,衡水,71.0
20170124,1,O3,衡水,5.0
20170124,1,O3_24h,衡水,43.0
20170124,1,O3_8h,衡水,5.0
20170124,1,O3_8h_24h,衡水,5.0
20170124,1,CO,衡水,2.9
20170124,1,CO_24h,衡水,2.3
20170124,2,AQI,衡水,234.0
20170124,2,PM2.5,衡水,184.0
20170124,2,PM2.5_24h,衡水,147.0
20170124,2,PM10,衡水,278.0
20170124,2,PM10_24h,衡水,233.0
20170124,2,SO2,衡水,67.0
20170124,2,SO2_24h,衡水,78.0
20170124,2,NO2,衡水,73.0
20170124,2,NO2_24h,衡水,72.0
20170124,2,O3,衡水,4.0
20170124,2,O3_24h,衡水,43.0
20170124,2,O3_8h,衡水,5.0
20170124,2,O3_8h_24h,衡水,5.0
20170124,2,CO,衡水,2.75
20170124,2,CO_24h,衡水,2.35
20170124,3,AQI,衡水,220.0
20170124,3,PM2.5,衡水,170.0
20170124,3,PM2.5_24h,衡水,151.0
20170124,3,PM10,衡水,258.0
20170124,3,PM10_24h,衡水,239.0
20170124,3,SO2,衡水,76.0
20170124,3,SO2_24h,衡水,79.0
20170124,3,NO2,衡水,74.0
20170124,3,NO2_24h,衡水,74.0
20170124,3,O3,衡水,5.0
20170124,3,O3_24h,衡水,43.0
20170124,3,O3_8h,衡水,5.0
20170124,3,O3_8h_24h,衡水,5.0
20170124,3,CO,衡水,2.7
20170124,3,CO_24h,衡水,2.4
20170124,4,AQI,衡水,212.0
20170124,4,PM2.5,衡水,162.0
20170124,4,PM2.5_24h,衡水,155.0
20170124,4,PM10,衡水,247.0
20170124,4,PM10_24h,衡水,245.0
20170124,4,SO2,衡水,64.0
20170124,4,SO2_24h,衡水,79.0
20170124,4,NO2,衡水,66.0
20170124,4,NO2_24h,衡水,74.0
20170124,4,O3,衡水,5.0
20170124,4,O3_24h,衡水,43.0
20170124,4,O3_8h,衡水,5.0
20170124,4,O3_8h_24h,衡水,5.0
20170124,4,CO,衡水,2.85
20170124,4,CO_24h,衡水,2.45
20170124,5,AQI,衡水,205.0
20170124,5,PM2.5,衡水,155.0
20170124,5,PM2.5_24h,衡水,157.0
20170124,5,PM10,衡水,246.0
20170124,5,PM10_24h,衡水,250.0
20170124,5,SO2,衡水,40.0
20170124,5,SO2_24h,衡水,78.0
20170124,5,NO2,衡水,56.0
20170124,5,NO2_24h,衡水,74.0
20170124,5,O3,衡水,4.0
20170124,5,O3_24h,衡水,43.0
20170124,5,O3_8h,衡水,5.0
20170124,5,O3_8h_24h,衡水,5.0
20170124,5,CO,衡水,2.45
20170124,5,CO_24h,衡水,2.5
20170124,6,AQI,衡水,161.0
20170124,6,PM2.5,衡水,123.0
20170124,6,PM2.5_24h,衡水,160.0
20170124,6,PM10,衡水,188.0
20170124,6,PM10_24h,衡水,252.0
20170124,6,SO2,衡水,34.0
20170124,6,SO2_24h,衡水,77.0
20170124,6,NO2,衡水,51.0
20170124,6,NO2_24h,衡水,74.0
20170124,6,O3,衡水,5.0
20170124,6,O3_24h,衡水,43.0
20170124,6,O3_8h,衡水,5.0
20170124,6,O3_8h_24h,衡水,5.0
20170124,6,CO,衡水,2.35
20170124,6,CO_24h,衡水,2.5
20170124,7,AQI,衡水,140.0
20170124,7,PM2.5,衡水,107.0
20170124,7,PM2.5_24h,衡水,161.0
20170124,7,PM10,衡水,162.0
20170124,7,PM10_24h,衡水,254.0
20170124,7,SO2,衡水,33.0
20170124,7,SO2_24h,衡水,75.0
20170124,7,NO2,衡水,52.0
20170124,7,NO2_24h,衡水,74.0
20170124,7,O3,衡水,5.0
20170124,7,O3_24h,衡水,43.0
20170124,7,O3_8h,衡水,5.0
20170124,7,O3_8h_24h,衡水,5.0
20170124,7,CO,衡水,2.35
20170124,7,CO_24h,衡水,2.55
20170124,8,AQI,衡水,141.0
20170124,8,PM2.5,衡水,108.0
20170124,8,PM2.5_24h,衡水,162.0
20170124,8,PM10,衡水,163.0
20170124,8,PM10_24h,衡水,256.0
20170124,8,SO2,衡水,36.0
20170124,8,SO2_24h,衡水,73.0
20170124,8,NO2,衡水,53.0
20170124,8,NO2_24h,衡水,74.0
20170124,8,O3,衡水,5.0
20170124,8,O3_24h,衡水,43.0
20170124,8,O3_8h,衡水,5.0
20170124,8,O3_8h_24h,衡水,5.0
20170124,8,CO,衡水,2.45
20170124,8,CO_24h,衡水,2.55
20170124,9,AQI,衡水,134.0
20170124,9,PM2.5,衡水,102.0
20170124,9,PM2.5_24h,衡水,162.0
20170124,9,PM10,衡水,157.0
20170124,9,PM10_24h,衡水,256.0
20170124,9,SO2,衡水,46.0
20170124,9,SO2_24h,衡水,70.0
20170124,9,NO2,衡水,52.0
20170124,9,NO2_24h,衡水,73.0
20170124,9,O3,衡水,6.0
20170124,9,O3_24h,衡水,43.0
20170124,9,O3_8h,衡水,5.0
20170124,9,O3_8h_24h,衡水,5.0
20170124,9,CO,衡水,2.5
20170124,9,CO_24h,衡水,2.6
20170124,10,AQI,衡水,150.0
20170124,10,PM2.5,衡水,115.0
20170124,10,PM2.5_24h,衡水,163.0
20170124,10,PM10,衡水,179.0
20170124,10,PM10_24h,衡水,258.0
20170124,10,SO2,衡水,54.0
20170124,10,SO2_24h,衡水,67.0
20170124,10,NO2,衡水,53.0
20170124,10,NO2_24h,衡水,73.0
20170124,10,O3,衡水,8.0
20170124,10,O3_24h,衡水,43.0
20170124,10,O3_8h,衡水,5.0
20170124,10,O3_8h_24h,衡水,5.0
20170124,10,CO,衡水,2.65
20170124,10,CO_24h,衡水,2.6
20170124,11,AQI,衡水,173.0
20170124,11,PM2.5,衡水,131.0
20170124,11,PM2.5_24h,衡水,163.0
20170124,11,PM10,衡水,205.0
20170124,11,PM10_24h,衡水,258.0
20170124,11,SO2,衡水,63.0
20170124,11,SO2_24h,衡水,65.0
20170124,11,NO2,衡水,54.0
20170124,11,NO2_24h,衡水,73.0
20170124,11,O3,衡水,11.0
20170124,11,O3_24h,衡水,43.0
20170124,11,O3_8h,衡水,6.0
20170124,11,O3_8h_24h,衡水,6.0
20170124,11,CO,衡水,2.55
20170124,11,CO_24h,衡水,2.6
20170124,12,AQI,衡水,180.0
20170124,12,PM2.5,衡水,136.0
20170124,12,PM2.5_24h,衡水,163.0
20170124,12,PM10,衡水,215.0
20170124,12,PM10_24h,衡水,258.0
20170124,12,SO2,衡水,79.0
20170124,12,SO2_24h,衡水,65.0
20170124,12,NO2,衡水,57.0
20170124,12,NO2_24h,衡水,73.0
20170124,12,O3,衡水,17.0
20170124,12,O3_24h,衡水,43.0
20170124,12,O3_8h,衡水,8.0
20170124,12,O3_8h_24h,衡水,8.0
20170124,12,CO,衡水,2.5
20170124,12,CO_24h,衡水,2.6
20170124,13,AQI,衡水,190.0
20170124,13,PM2.5,衡水,143.0
20170124,13,PM2.5_24h,衡水,164.0
20170124,13,PM10,衡水,233.0
20170124,13,PM10_24h,衡水,259.0
20170124,13,SO2,衡水,86.0
20170124,13,SO2_24h,衡水,65.0
20170124,13,NO2,衡水,62.0
20170124,13,NO2_24h,衡水,73.0
20170124,13,O3,衡水,23.0
20170124,13,O3_24h,衡水,43.0
20170124,13,O3_8h,衡水,10.0
20170124,13,O3_8h_24h,衡水,10.0
20170124,13,CO,衡水,2.5
20170124,13,CO_24h,衡水,2.6
20170124,14,AQI,衡水,219.0
20170124,14,PM2.5,衡水,169.0
20170124,14,PM2.5_24h,衡水,165.0
20170124,14,PM10,衡水,236.0
20170124,14,PM10_24h,衡水,259.0
20170124,14,SO2,衡水,90.0
20170124,14,SO2_24h,衡水,67.0
20170124,14,NO2,衡水,60.0
20170124,14,NO2_24h,衡水,73.0
20170124,14,O3,衡水,33.0
20170124,14,O3_24h,衡水,42.0
20170124,14,O3_8h,衡水,14.0
20170124,14,O3_8h_24h,衡水,14.0
20170124,14,CO,衡水,2.35
20170124,14,CO_24h,衡水,2.6
20170124,15,AQI,衡水,210.0
20170124,15,PM2.5,衡水,160.0
20170124,15,PM2.5_24h,衡水,165.0
20170124,15,PM10,衡水,245.0
20170124,15,PM10_24h,衡水,258.0
20170124,15,SO2,衡水,86.0
20170124,15,SO2_24h,衡水,69.0
20170124,15,NO2,衡水,64.0
20170124,15,NO2_24h,衡水,73.0
20170124,15,O3,衡水,39.0
20170124,15,O3_24h,衡水,43.0
20170124,15,O3_8h,衡水,18.0
20170124,15,O3_8h_24h,衡水,18.0
20170124,15,CO,衡水,2.2
20170124,15,CO_24h,衡水,2.6
20170124,16,AQI,衡水,211.0
20170124,16,PM2.5,衡水,161.0
20170124,16,PM2.5_24h,衡水,166.0
20170124,16,PM10,衡水,257.0
20170124,16,PM10_24h,衡水,258.0
20170124,16,SO2,衡水,75.0
20170124,16,SO2_24h,衡水,70.0
20170124,16,NO2,衡水,71.0
20170124,16,NO2_24h,衡水,73.0
20170124,16,O3,衡水,40.0
20170124,16,O3_24h,衡水,40.0
20170124,16,O3_8h,衡水,22.0
20170124,16,O3_8h_24h,衡水,22.0
20170124,16,CO,衡水,2.2
20170124,16,CO_24h,衡水,2.6
20170124,17,AQI,衡水,230.0
20170124,17,PM2.5,衡水,180.0
20170124,17,PM2.5_24h,衡水,167.0
20170124,17,PM10,衡水,281.0
20170124,17,PM10_24h,衡水,259.0
20170124,17,SO2,衡水,66.0
20170124,17,SO2_24h,衡水,71.0
20170124,17,NO2,衡水,78.0
20170124,17,NO2_24h,衡水,73.0
20170124,17,O3,衡水,33.0
20170124,17,O3_24h,衡水,40.0
20170124,17,O3_8h,衡水,25.0
20170124,17,O3_8h_24h,衡水,25.0
20170124,17,CO,衡水,2.2
20170124,17,CO_24h,衡水,2.65
20170124,18,AQI,衡水,245.0
20170124,18,PM2.5,衡水,195.0
20170124,18,PM2.5_24h,衡水,168.0
20170124,18,PM10,衡水,296.0
20170124,18,PM10_24h,衡水,260.0
20170124,18,SO2,衡水,66.0
20170124,18,SO2_24h,衡水,71.0
20170124,18,NO2,衡水,89.0
20170124,18,NO2_24h,衡水,73.0
20170124,18,O3,衡水,22.0
20170124,18,O3_24h,衡水,40.0
20170124,18,O3_8h,衡水,27.0
20170124,18,O3_8h_24h,衡水,27.0
20170124,18,CO,衡水,2.4
20170124,18,CO_24h,衡水,2.65
20170124,19,AQI,衡水,241.0
20170124,19,PM2.5,衡水,191.0
20170124,19,PM2.5_24h,衡水,168.0
20170124,19,PM10,衡水,315.0
20170124,19,PM10_24h,衡水,261.0
20170124,19,SO2,衡水,63.0
20170124,19,SO2_24h,衡水,70.0
20170124,19,NO2,衡水,101.0
20170124,19,NO2_24h,衡水,73.0
20170124,19,O3,衡水,9.0
20170124,19,O3_24h,衡水,40.0
20170124,19,O3_8h,衡水,27.0
20170124,19,O3_8h_24h,衡水,27.0
20170124,19,CO,衡水,2.65
20170124,19,CO_24h,衡水,2.65
20170124,20,AQI,衡水,272.0
20170124,20,PM2.5,衡水,222.0
20170124,20,PM2.5_24h,衡水,170.0
20170124,20,PM10,衡水,325.0
20170124,20,PM10_24h,衡水,261.0
20170124,20,SO2,衡水,73.0
20170124,20,SO2_24h,衡水,69.0
20170124,20,NO2,衡水,101.0
20170124,20,NO2_24h,衡水,73.0
20170124,20,O3,衡水,8.0
20170124,20,O3_24h,衡水,40.0
20170124,20,O3_8h,衡水,26.0
20170124,20,O3_8h_24h,衡水,27.0
20170124,20,CO,衡水,2.9
20170124,20,CO_24h,衡水,2.65
20170124,21,AQI,衡水,277.0
20170124,21,PM2.5,衡水,227.0
20170124,21,PM2.5_24h,衡水,170.0
20170124,21,PM10,衡水,334.0
20170124,21,PM10_24h,衡水,262.0
20170124,21,SO2,衡水,68.0
20170124,21,SO2_24h,衡水,68.0
20170124,21,NO2,衡水,99.0
20170124,21,NO2_24h,衡水,72.0
20170124,21,O3,衡水,10.0
20170124,21,O3_24h,衡水,40.0
20170124,21,O3_8h,衡水,24.0
20170124,21,O3_8h_24h,衡水,27.0
20170124,21,CO,衡水,2.95
20170124,21,CO_24h,衡水,2.65
20170124,22,AQI,衡水,293.0
20170124,22,PM2.5,衡水,243.0
20170124,22,PM2.5_24h,衡水,170.0
20170124,22,PM10,衡水,364.0
20170124,22,PM10_24h,衡水,262.0
20170124,22,SO2,衡水,80.0
20170124,22,SO2_24h,衡水,67.0
20170124,22,NO2,衡水,98.0
20170124,22,NO2_24h,衡水,72.0
20170124,22,O3,衡水,11.0
20170124,22,O3_24h,衡水,40.0
20170124,22,O3_8h,衡水,21.0
20170124,22,O3_8h_24h,衡水,27.0
20170124,22,CO,衡水,3.8
20170124,22,CO_24h,衡水,2.7
20170124,23,AQI,衡水,300.0
20170124,23,PM2.5,衡水,250.0
20170124,23,PM2.5_24h,衡水,170.0
20170124,23,PM10,衡水,406.0
20170124,23,PM10_24h,衡水,263.0
20170124,23,SO2,衡水,87.0
20170124,23,SO2_24h,衡水,67.0
20170124,23,NO2,衡水,92.0
20170124,23,NO2_24h,衡水,72.0
20170124,23,O3,衡水,9.0
20170124,23,O3_24h,衡水,40.0
20170124,23,O3_8h,衡水,18.0
20170124,23,O3_8h_24h,衡水,27.0
20170124,23,CO,衡水,3.55
20170124,23,CO_24h,衡水,2.65
20170124,0,AQI,邢台,262.0
20170124,0,PM2.5,邢台,212.0
20170124,0,PM2.5_24h,邢台,177.0
20170124,0,PM10,邢台,270.0
20170124,0,PM10_24h,邢台,255.0
20170124,0,SO2,邢台,84.0
20170124,0,SO2_24h,邢台,108.0
20170124,0,NO2,邢台,81.0
20170124,0,NO2_24h,邢台,89.0
20170124,0,O3,邢台,22.0
20170124,0,O3_24h,邢台,36.0
20170124,0,O3_8h,邢台,17.0
20170124,0,O3_8h_24h,邢台,24.0
20170124,0,CO,邢台,2.42
20170124,0,CO_24h,邢台,2.73
20170124,1,AQI,邢台,259.0
20170124,1,PM2.5,邢台,209.0
20170124,1,PM2.5_24h,邢台,180.0
20170124,1,PM10,邢台,278.0
20170124,1,PM10_24h,邢台,259.0
20170124,1,SO2,邢台,80.0
20170124,1,SO2_24h,邢台,108.0
20170124,1,NO2,邢台,86.0
20170124,1,NO2_24h,邢台,89.0
20170124,1,O3,邢台,15.0
20170124,1,O3_24h,邢台,36.0
20170124,1,O3_8h,邢台,15.0
20170124,1,O3_8h_24h,邢台,15.0
20170124,1,CO,邢台,2.55
20170124,1,CO_24h,邢台,2.73
20170124,2,AQI,邢台,248.0
20170124,2,PM2.5,邢台,198.0
20170124,2,PM2.5_24h,邢台,183.0
20170124,2,PM10,邢台,268.0
20170124,2,PM10_24h,邢台,261.0
20170124,2,SO2,邢台,77.0
20170124,2,SO2_24h,邢台,108.0
20170124,2,NO2,邢台,83.0
20170124,2,NO2_24h,邢台,89.0
20170124,2,O3,邢台,14.0
20170124,2,O3_24h,邢台,36.0
20170124,2,O3_8h,邢台,15.0
20170124,2,O3_8h_24h,邢台,15.0
20170124,2,CO,邢台,2.53
20170124,2,CO_24h,邢台,2.73
20170124,3,AQI,邢台,235.0
20170124,3,PM2.5,邢台,185.0
20170124,3,PM2.5_24h,邢台,184.0
20170124,3,PM10,邢台,243.0
20170124,3,PM10_24h,邢台,263.0
20170124,3,SO2,邢台,77.0
20170124,3,SO2_24h,邢台,108.0
20170124,3,NO2,邢台,79.0
20170124,3,NO2_24h,邢台,89.0
20170124,3,O3,邢台,14.0
20170124,3,O3_24h,邢台,36.0
20170124,3,O3_8h,邢台,14.0
20170124,3,O3_8h_24h,邢台,15.0
20170124,3,CO,邢台,2.42
20170124,3,CO_24h,邢台,2.7
20170124,4,AQI,邢台,221.0
20170124,4,PM2.5,邢台,171.0
20170124,4,PM2.5_24h,邢台,186.0
20170124,4,PM10,邢台,222.0
20170124,4,PM10_24h,邢台,263.0
20170124,4,SO2,邢台,71.0
20170124,4,SO2_24h,邢台,107.0
20170124,4,NO2,邢台,71.0
20170124,4,NO2_24h,邢台,89.0
20170124,4,O3,邢台,18.0
20170124,4,O3_24h,邢台,36.0
20170124,4,O3_8h,邢台,15.0
20170124,4,O3_8h_24h,邢台,15.0
20170124,4,CO,邢台,2.23
20170124,4,CO_24h,邢台,2.67
20170124,5,AQI,邢台,211.0
20170124,5,PM2.5,邢台,161.0
20170124,5,PM2.5_24h,邢台,187.0
20170124,5,PM10,邢台,211.0
20170124,5,PM10_24h,邢台,263.0
20170124,5,SO2,邢台,66.0
20170124,5,SO2_24h,邢台,106.0
20170124,5,NO2,邢台,70.0
20170124,5,NO2_24h,邢台,88.0
20170124,5,O3,邢台,17.0
20170124,5,O3_24h,邢台,36.0
20170124,5,O3_8h,邢台,15.0
20170124,5,O3_8h_24h,邢台,15.0
20170124,5,CO,邢台,2.15
20170124,5,CO_24h,邢台,2.63
20170124,6,AQI,邢台,209.0
20170124,6,PM2.5,邢台,159.0
20170124,6,PM2.5_24h,邢台,188.0
20170124,6,PM10,邢台,208.0
20170124,6,PM10_24h,邢台,263.0
20170124,6,SO2,邢台,63.0
20170124,6,SO2_24h,邢台,105.0
20170124,6,NO2,邢台,69.0
20170124,6,NO2_24h,邢台,88.0
20170124,6,O3,邢台,16.0
20170124,6,O3_24h,邢台,36.0
20170124,6,O3_8h,邢台,16.0
20170124,6,O3_8h_24h,邢台,16.0
20170124,6,CO,邢台,2.1
20170124,6,CO_24h,邢台,2.6
20170124,7,AQI,邢台,208.0
20170124,7,PM2.5,邢台,158.0
20170124,7,PM2.5_24h,邢台,188.0
20170124,7,PM10,邢台,231.0
20170124,7,PM10_24h,邢台,262.0
20170124,7,SO2,邢台,71.0
20170124,7,SO2_24h,邢台,103.0
20170124,7,NO2,邢台,77.0
20170124,7,NO2_24h,邢台,87.0
20170124,7,O3,邢台,10.0
20170124,7,O3_24h,邢台,36.0
20170124,7,O3_8h,邢台,15.0
20170124,7,O3_8h_24h,邢台,16.0
20170124,7,CO,邢台,2.2
20170124,7,CO_24h,邢台,2.55
20170124,8,AQI,邢台,212.0
20170124,8,PM2.5,邢台,162.0
20170124,8,PM2.5_24h,邢台,188.0
20170124,8,PM10,邢台,243.0
20170124,8,PM10_24h,邢台,262.0
20170124,8,SO2,邢台,86.0
20170124,8,SO2_24h,邢台,103.0
20170124,8,NO2,邢台,89.0
20170124,8,NO2_24h,邢台,88.0
20170124,8,O3,邢台,6.0
20170124,8,O3_24h,邢台,36.0
20170124,8,O3_8h,邢台,14.0
20170124,8,O3_8h_24h,邢台,16.0
20170124,8,CO,邢台,2.25
20170124,8,CO_24h,邢台,2.53
20170124,9,AQI,邢台,212.0
20170124,9,PM2.5,邢台,162.0
20170124,9,PM2.5_24h,邢台,188.0
20170124,9,PM10,邢台,255.0
20170124,9,PM10_24h,邢台,262.0
20170124,9,SO2,邢台,95.0
20170124,9,SO2_24h,邢台,102.0
20170124,9,NO2,邢台,86.0
20170124,9,NO2_24h,邢台,88.0
20170124,9,O3,邢台,10.0
20170124,9,O3_24h,邢台,36.0
20170124,9,O3_8h,邢台,13.0
20170124,9,O3_8h_24h,邢台,16.0
20170124,9,CO,邢台,2.33
20170124,9,CO_24h,邢台,2.5
20170124,10,AQI,邢台,217.0
20170124,10,PM2.5,邢台,167.0
20170124,10,PM2.5_24h,邢台,186.0
20170124,10,PM10,邢台,240.0
20170124,10,PM10_24h,邢台,259.0
20170124,10,SO2,邢台,96.0
20170124,10,SO2_24h,邢台,100.0
20170124,10,NO2,邢台,79.0
20170124,10,NO2_24h,邢台,88.0
20170124,10,O3,邢台,16.0
20170124,10,O3_24h,邢台,36.0
20170124,10,O3_8h,邢台,14.0
20170124,10,O3_8h_24h,邢台,16.0
20170124,10,CO,邢台,2.27
20170124,10,CO_24h,邢台,2.45
20170124,11,AQI,邢台,221.0
20170124,11,PM2.5,邢台,171.0
20170124,11,PM2.5_24h,邢台,184.0
20170124,11,PM10,邢台,238.0
20170124,11,PM10_24h,邢台,255.0
20170124,11,SO2,邢台,99.0
20170124,11,SO2_24h,邢台,98.0
20170124,11,NO2,邢台,78.0
20170124,11,NO2_24h,邢台,88.0
20170124,11,O3,邢台,18.0
20170124,11,O3_24h,邢台,36.0
20170124,11,O3_8h,邢台,14.0
20170124,11,O3_8h_24h,邢台,16.0
20170124,11,CO,邢台,2.38
20170124,11,CO_24h,邢台,2.42
20170124,12,AQI,邢台,194.0
20170124,12,PM2.5,邢台,146.0
20170124,12,PM2.5_24h,邢台,181.0
20170124,12,PM10,邢台,206.0
20170124,12,PM10_24h,邢台,251.0
20170124,12,SO2,邢台,90.0
20170124,12,SO2_24h,邢台,96.0
20170124,12,NO2,邢台,75.0
20170124,12,NO2_24h,邢台,87.0
20170124,12,O3,邢台,26.0
20170124,12,O3_24h,邢台,36.0
20170124,12,O3_8h,邢台,15.0
20170124,12,O3_8h_24h,邢台,17.0
20170124,12,CO,邢台,2.08
20170124,12,CO_24h,邢台,2.38
20170124,13,AQI,邢台,169.0
20170124,13,PM2.5,邢台,128.0
20170124,13,PM2.5_24h,邢台,181.0
20170124,13,PM10,邢台,185.0
20170124,13,PM10_24h,邢台,250.0
20170124,13,SO2,邢台,83.0
20170124,13,SO2_24h,邢台,95.0
20170124,13,NO2,邢台,70.0
20170124,13,NO2_24h,邢台,87.0
20170124,13,O3,邢台,35.0
20170124,13,O3_24h,邢台,37.0
20170124,13,O3_8h,邢台,17.0
20170124,13,O3_8h_24h,邢台,18.0
20170124,13,CO,邢台,1.9
20170124,13,CO_24h,邢台,2.38
20170124,14,AQI,邢台,151.0
20170124,14,PM2.5,邢台,116.0
20170124,14,PM2.5_24h,邢台,179.0
20170124,14,PM10,邢台,174.0
20170124,14,PM10_24h,邢台,247.0
20170124,14,SO2,邢台,79.0
20170124,14,SO2_24h,邢台,93.0
20170124,14,NO2,邢台,68.0
20170124,14,NO2_24h,邢台,86.0
20170124,14,O3,邢台,43.0
20170124,14,O3_24h,邢台,44.0
20170124,14,O3_8h,邢台,21.0
20170124,14,O3_8h_24h,邢台,21.0
20170124,14,CO,邢台,1.83
20170124,14,CO_24h,邢台,2.35
20170124,15,AQI,邢台,146.0
20170124,15,PM2.5,邢台,112.0
20170124,15,PM2.5_24h,邢台,177.0
20170124,15,PM10,邢台,161.0
20170124,15,PM10_24h,邢台,244.0
20170124,15,SO2,邢台,72.0
20170124,15,SO2_24h,邢台,91.0
20170124,15,NO2,邢台,65.0
20170124,15,NO2_24h,邢台,85.0
20170124,15,O3,邢台,46.0
20170124,15,O3_24h,邢台,48.0
20170124,15,O3_8h,邢台,25.0
20170124,15,O3_8h_24h,邢台,25.0
20170124,15,CO,邢台,1.68
20170124,15,CO_24h,邢台,2.33
20170124,16,AQI,邢台,145.0
20170124,16,PM2.5,邢台,111.0
20170124,16,PM2.5_24h,邢台,174.0
20170124,16,PM10,邢台,162.0
20170124,16,PM10_24h,邢台,242.0
20170124,16,SO2,邢台,73.0
20170124,16,SO2_24h,邢台,89.0
20170124,16,NO2,邢台,68.0
20170124,16,NO2_24h,邢台,84.0
20170124,16,O3,邢台,45.0
20170124,16,O3_24h,邢台,50.0
20170124,16,O3_8h,邢台,30.0
20170124,16,O3_8h_24h,邢台,30.0
20170124,16,CO,邢台,1.6
20170124,16,CO_24h,邢台,2.27
20170124,17,AQI,邢台,149.0
20170124,17,PM2.5,邢台,114.0
20170124,17,PM2.5_24h,邢台,171.0
20170124,17,PM10,邢台,173.0
20170124,17,PM10_24h,邢台,238.0
20170124,17,SO2,邢台,75.0
20170124,17,SO2_24h,邢台,87.0
20170124,17,NO2,邢台,70.0
20170124,17,NO2_24h,邢台,83.0
20170124,17,O3,邢台,43.0
20170124,17,O3_24h,邢台,50.0
20170124,17,O3_8h,邢台,34.0
20170124,17,O3_8h_24h,邢台,34.0
20170124,17,CO,邢台,1.75
20170124,17,CO_24h,邢台,2.27
20170124,18,AQI,邢台,189.0
20170124,18,PM2.5,邢台,142.0
20170124,18,PM2.5_24h,邢台,169.0
20170124,18,PM10,邢台,197.0
20170124,18,PM10_24h,邢台,234.0
20170124,18,SO2,邢台,90.0
20170124,18,SO2_24h,邢台,86.0
20170124,18,NO2,邢台,82.0
20170124,18,NO2_24h,邢台,82.0
20170124,18,O3,邢台,30.0
20170124,18,O3_24h,邢台,50.0
20170124,18,O3_8h,邢台,36.0
20170124,18,O3_8h_24h,邢台,36.0
20170124,18,CO,邢台,2.15
20170124,18,CO_24h,邢台,2.25
20170124,19,AQI,邢台,208.0
20170124,19,PM2.5,邢台,158.0
20170124,19,PM2.5_24h,邢台,167.0
20170124,19,PM10,邢台,228.0
20170124,19,PM10_24h,邢台,232.0
20170124,19,SO2,邢台,119.0
20170124,19,SO2_24h,邢台,86.0
20170124,19,NO2,邢台,102.0
20170124,19,NO2_24h,邢台,81.0
20170124,19,O3,邢台,14.0
20170124,19,O3_24h,邢台,50.0
20170124,19,O3_8h,邢台,35.0
20170124,19,O3_8h_24h,邢台,36.0
20170124,19,CO,邢台,2.7
20170124,19,CO_24h,邢台,2.23
20170124,20,AQI,邢台,232.0
20170124,20,PM2.5,邢台,182.0
20170124,20,PM2.5_24h,邢台,165.0
20170124,20,PM10,邢台,261.0
20170124,20,PM10_24h,邢台,231.0
20170124,20,SO2,邢台,158.0
20170124,20,SO2_24h,邢台,87.0
20170124,20,NO2,邢台,108.0
20170124,20,NO2_24h,邢台,81.0
20170124,20,O3,邢台,10.0
20170124,20,O3_24h,邢台,50.0
20170124,20,O3_8h,邢台,33.0
20170124,20,O3_8h_24h,邢台,36.0
20170124,20,CO,邢台,3.15
20170124,20,CO_24h,邢台,2.25
20170124,21,AQI,邢台,234.0
20170124,21,PM2.5,邢台,184.0
20170124,21,PM2.5_24h,邢台,164.0
20170124,21,PM10,邢台,285.0
20170124,21,PM10_24h,邢台,230.0
20170124,21,SO2,邢台,184.0
20170124,21,SO2_24h,邢台,90.0
20170124,21,NO2,邢台,111.0
20170124,21,NO2_24h,邢台,81.0
20170124,21,O3,邢台,6.0
20170124,21,O3_24h,邢台,50.0
20170124,21,O3_8h,邢台,30.0
20170124,21,O3_8h_24h,邢台,36.0
20170124,21,CO,邢台,3.73
20170124,21,CO_24h,邢台,2.3
20170124,22,AQI,邢台,270.0
20170124,22,PM2.5,邢台,220.0
20170124,22,PM2.5_24h,邢台,164.0
20170124,22,PM10,邢台,289.0
20170124,22,PM10_24h,邢台,230.0
20170124,22,SO2,邢台,155.0
20170124,22,SO2_24h,邢台,93.0
20170124,22,NO2,邢台,100.0
20170124,22,NO2_24h,邢台,81.0
20170124,22,O3,邢台,6.0
20170124,22,O3_24h,邢台,50.0
20170124,22,O3_8h,邢台,25.0
20170124,22,O3_8h_24h,邢台,36.0
20170124,22,CO,邢台,4.0
20170124,22,CO_24h,邢台,2.38
20170124,23,AQI,邢台,264.0
20170124,23,PM2.5,邢台,214.0
20170124,23,PM2.5_24h,邢台,164.0
20170124,23,PM10,邢台,288.0
20170124,23,PM10_24h,邢台,230.0
20170124,23,SO2,邢台,140.0
20170124,23,SO2_24h,邢台,95.0
20170124,23,NO2,邢台,94.0
20170124,23,NO2_24h,邢台,82.0
20170124,23,O3,邢台,6.0
20170124,23,O3_24h,邢台,50.0
20170124,23,O3_8h,邢台,20.0
20170124,23,O3_8h_24h,邢台,36.0
20170124,23,CO,邢台,4.4
20170124,23,CO_24h,邢台,2.48
20170124,0,AQI,太原,187.0
20170124,0,PM2.5,太原,141.0
20170124,0,PM2.5_24h,太原,94.0
20170124,0,PM10,太原,195.0
20170124,0,PM10_24h,太原,140.0
20170124,0,SO2,太原,217.0
20170124,0,SO2_24h,太原,186.0
20170124,0,NO2,太原,87.0
20170124,0,NO2_24h,太原,75.0
20170124,0,O3,太原,5.0
20170124,0,O3_24h,太原,44.0
20170124,0,O3_8h,太原,11.0
20170124,0,O3_8h_24h,太原,30.0
20170124,0,CO,太原,2.56
20170124,0,CO_24h,太原,2.23
20170124,1,AQI,太原,186.0
20170124,1,PM2.5,太原,140.0
20170124,1,PM2.5_24h,太原,96.0
20170124,1,PM10,太原,197.0
20170124,1,PM10_24h,太原,143.0
20170124,1,SO2,太原,201.0
20170124,1,SO2_24h,太原,188.0
20170124,1,NO2,太原,84.0
20170124,1,NO2_24h,太原,75.0
20170124,1,O3,太原,5.0
20170124,1,O3_24h,太原,44.0
20170124,1,O3_8h,太原,5.0
20170124,1,O3_8h_24h,太原,5.0
20170124,1,CO,太原,2.51
20170124,1,CO_24h,太原,2.24
20170124,2,AQI,太原,196.0
20170124,2,PM2.5,太原,147.0
20170124,2,PM2.5_24h,太原,99.0
20170124,2,PM10,太原,207.0
20170124,2,PM10_24h,太原,146.0
20170124,2,SO2,太原,180.0
20170124,2,SO2_24h,太原,189.0
20170124,2,NO2,太原,79.0
20170124,2,NO2_24h,太原,75.0
20170124,2,O3,太原,5.0
20170124,2,O3_24h,太原,44.0
20170124,2,O3_8h,太原,5.0
20170124,2,O3_8h_24h,太原,5.0
20170124,2,CO,太原,2.51
20170124,2,CO_24h,太原,2.24
20170124,3,AQI,太原,204.0
20170124,3,PM2.5,太原,154.0
20170124,3,PM2.5_24h,太原,102.0
20170124,3,PM10,太原,218.0
20170124,3,PM10_24h,太原,151.0
20170124,3,SO2,太原,181.0
20170124,3,SO2_24h,太原,191.0
20170124,3,NO2,太原,78.0
20170124,3,NO2_24h,太原,76.0
20170124,3,O3,太原,5.0
20170124,3,O3_24h,太原,44.0
20170124,3,O3_8h,太原,5.0
20170124,3,O3_8h_24h,太原,5.0
20170124,3,CO,太原,2.67
20170124,3,CO_24h,太原,2.3
20170124,4,AQI,太原,173.0
20170124,4,PM2.5,太原,131.0
20170124,4,PM2.5_24h,太原,104.0
20170124,4,PM10,太原,191.0
20170124,4,PM10_24h,太原,154.0
20170124,4,SO2,太原,168.0
20170124,4,SO2_24h,太原,192.0
20170124,4,NO2,太原,75.0
20170124,4,NO2_24h,太原,76.0
20170124,4,O3,太原,4.0
20170124,4,O3_24h,太原,44.0
20170124,4,O3_8h,太原,5.0
20170124,4,O3_8h_24h,太原,5.0
20170124,4,CO,太原,2.51
20170124,4,CO_24h,太原,2.31
20170124,5,AQI,太原,160.0
20170124,5,PM2.5,太原,122.0
20170124,5,PM2.5_24h,太原,107.0
20170124,5,PM10,太原,176.0
20170124,5,PM10_24h,太原,157.0
20170124,5,SO2,太原,177.0
20170124,5,SO2_24h,太原,194.0
20170124,5,NO2,太原,71.0
20170124,5,NO2_24h,太原,77.0
20170124,5,O3,太原,5.0
20170124,5,O3_24h,太原,44.0
20170124,5,O3_8h,太原,5.0
20170124,5,O3_8h_24h,太原,5.0
20170124,5,CO,太原,2.51
20170124,5,CO_24h,太原,2.33
20170124,6,AQI,太原,151.0
20170124,6,PM2.5,太原,116.0
20170124,6,PM2.5_24h,太原,109.0
20170124,6,PM10,太原,169.0
20170124,6,PM10_24h,太原,160.0
20170124,6,SO2,太原,164.0
20170124,6,SO2_24h,太原,195.0
20170124,6,NO2,太原,71.0
20170124,6,NO2_24h,太原,77.0
20170124,6,O3,太原,5.0
20170124,6,O3_24h,太原,44.0
20170124,6,O3_8h,太原,5.0
20170124,6,O3_8h_24h,太原,5.0
20170124,6,CO,太原,2.43
20170124,6,CO_24h,太原,2.34
20170124,7,AQI,太原,149.0
20170124,7,PM2.5,太原,114.0
20170124,7,PM2.5_24h,太原,111.0
20170124,7,PM10,太原,174.0
20170124,7,PM10_24h,太原,163.0
20170124,7,SO2,太原,172.0
20170124,7,SO2_24h,太原,197.0
20170124,7,NO2,太原,68.0
20170124,7,NO2_24h,太原,77.0
20170124,7,O3,太原,5.0
20170124,7,O3_24h,太原,44.0
20170124,7,O3_8h,太原,5.0
20170124,7,O3_8h_24h,太原,5.0
20170124,7,CO,太原,2.56
20170124,7,CO_24h,太原,2.34
20170124,8,AQI,太原,143.0
20170124,8,PM2.5,太原,109.0
20170124,8,PM2.5_24h,太原,112.0
20170124,8,PM10,太原,172.0
20170124,8,PM10_24h,太原,165.0
20170124,8,SO2,太原,160.0
20170124,8,SO2_24h,太原,198.0
20170124,8,NO2,太原,70.0
20170124,8,NO2_24h,太原,77.0
20170124,8,O3,太原,5.0
20170124,8,O3_24h,太原,44.0
20170124,8,O3_8h,太原,5.0
20170124,8,O3_8h_24h,太原,5.0
20170124,8,CO,太原,2.61
20170124,8,CO_24h,太原,2.34
20170124,9,AQI,太原,146.0
20170124,9,PM2.5,太原,112.0
20170124,9,PM2.5_24h,太原,114.0
20170124,9,PM10,太原,174.0
20170124,9,PM10_24h,太原,168.0
20170124,9,SO2,太原,185.0
20170124,9,SO2_24h,太原,198.0
20170124,9,NO2,太原,64.0
20170124,9,NO2_24h,太原,77.0
20170124,9,O3,太原,8.0
20170124,9,O3_24h,太原,44.0
20170124,9,O3_8h,太原,5.0
20170124,9,O3_8h_24h,太原,5.0
20170124,9,CO,太原,2.53
20170124,9,CO_24h,太原,2.34
20170124,10,AQI,太原,129.0
20170124,10,PM2.5,太原,98.0
20170124,10,PM2.5_24h,太原,114.0
20170124,10,PM10,太原,161.0
20170124,10,PM10_24h,太原,169.0
20170124,10,SO2,太原,165.0
20170124,10,SO2_24h,太原,198.0
20170124,10,NO2,太原,60.0
20170124,10,NO2_24h,太原,77.0
20170124,10,O3,太原,14.0
20170124,10,O3_24h,太原,44.0
20170124,10,O3_8h,太原,6.0
20170124,10,O3_8h_24h,太原,6.0
20170124,10,CO,太原,2.57
20170124,10,CO_24h,太原,2.36
20170124,11,AQI,太原,124.0
20170124,11,PM2.5,太原,94.0
20170124,11,PM2.5_24h,太原,115.0
20170124,11,PM10,太原,154.0
20170124,11,PM10_24h,太原,170.0
20170124,11,SO2,太原,151.0
20170124,11,SO2_24h,太原,196.0
20170124,11,NO2,太原,58.0
20170124,11,NO2_24h,太原,77.0
20170124,11,O3,太原,21.0
20170124,11,O3_24h,太原,44.0
20170124,11,O3_8h,太原,8.0
20170124,11,O3_8h_24h,太原,8.0
20170124,11,CO,太原,2.3
20170124,11,CO_24h,太原,2.36
20170124,12,AQI,太原,111.0
20170124,12,PM2.5,太原,84.0
20170124,12,PM2.5_24h,太原,115.0
20170124,12,PM10,太原,139.0
20170124,12,PM10_24h,太原,171.0
20170124,12,SO2,太原,158.0
20170124,12,SO2_24h,太原,195.0
20170124,12,NO2,太原,59.0
20170124,12,NO2_24h,太原,76.0
20170124,12,O3,太原,25.0
20170124,12,O3_24h,太原,45.0
20170124,12,O3_8h,太原,11.0
20170124,12,O3_8h_24h,太原,11.0
20170124,12,CO,太原,2.1
20170124,12,CO_24h,太原,2.36
20170124,13,AQI,太原,109.0
20170124,13,PM2.5,太原,82.0
20170124,13,PM2.5_24h,太原,116.0
20170124,13,PM10,太原,137.0
20170124,13,PM10_24h,太原,172.0
20170124,13,SO2,太原,156.0
20170124,13,SO2_24h,太原,192.0
20170124,13,NO2,太原,64.0
20170124,13,NO2_24h,太原,76.0
20170124,13,O3,太原,29.0
20170124,13,O3_24h,太原,46.0
20170124,13,O3_8h,太原,14.0
20170124,13,O3_8h_24h,太原,14.0
20170124,13,CO,太原,2.33
20170124,13,CO_24h,太原,2.34
20170124,14,AQI,太原,103.0
20170124,14,PM2.5,太原,77.0
20170124,14,PM2.5_24h,太原,115.0
20170124,14,PM10,太原,126.0
20170124,14,PM10_24h,太原,171.0
20170124,14,SO2,太原,142.0
20170124,14,SO2_24h,太原,188.0
20170124,14,NO2,太原,59.0
20170124,14,NO2_24h,太原,76.0
20170124,14,O3,太原,37.0
20170124,14,O3_24h,太原,47.0
20170124,14,O3_8h,太原,18.0
20170124,14,O3_8h_24h,太原,18.0
20170124,14,CO,太原,2.13
20170124,14,CO_24h,太原,2.34
20170124,15,AQI,太原,110.0
20170124,15,PM2.5,太原,83.0
20170124,15,PM2.5_24h,太原,116.0
20170124,15,PM10,太原,130.0
20170124,15,PM10_24h,太原,171.0
20170124,15,SO2,太原,163.0
20170124,15,SO2_24h,太原,185.0
20170124,15,NO2,太原,67.0
20170124,15,NO2_24h,太原,76.0
20170124,15,O3,太原,42.0
20170124,15,O3_24h,太原,46.0
20170124,15,O3_8h,太原,23.0
20170124,15,O3_8h_24h,太原,23.0
20170124,15,CO,太原,1.94
20170124,15,CO_24h,太原,2.36
20170124,16,AQI,太原,125.0
20170124,16,PM2.5,太原,95.0
20170124,16,PM2.5_24h,太原,116.0
20170124,16,PM10,太原,141.0
20170124,16,PM10_24h,太原,171.0
20170124,16,SO2,太原,213.0
20170124,16,SO2_24h,太原,186.0
20170124,16,NO2,太原,77.0
20170124,16,NO2_24h,太原,77.0
20170124,16,O3,太原,43.0
20170124,16,O3_24h,太原,47.0
20170124,16,O3_8h,太原,27.0
20170124,16,O3_8h_24h,太原,27.0
20170124,16,CO,太原,1.94
20170124,16,CO_24h,太原,2.37
20170124,17,AQI,太原,129.0
20170124,17,PM2.5,太原,98.0
20170124,17,PM2.5_24h,太原,116.0
20170124,17,PM10,太原,144.0
20170124,17,PM10_24h,太原,172.0
20170124,17,SO2,太原,188.0
20170124,17,SO2_24h,太原,186.0
20170124,17,NO2,太原,75.0
20170124,17,NO2_24h,太原,77.0
20170124,17,O3,太原,46.0
20170124,17,O3_24h,太原,49.0
20170124,17,O3_8h,太原,32.0
20170124,17,O3_8h_24h,太原,32.0
20170124,17,CO,太原,1.81
20170124,17,CO_24h,太原,2.39
20170124,18,AQI,太原,170.0
20170124,18,PM2.5,太原,129.0
20170124,18,PM2.5_24h,太原,117.0
20170124,18,PM10,太原,187.0
20170124,18,PM10_24h,太原,173.0
20170124,18,SO2,太原,204.0
20170124,18,SO2_24h,太原,186.0
20170124,18,NO2,太原,95.0
20170124,18,NO2_24h,太原,77.0
20170124,18,O3,太原,28.0
20170124,18,O3_24h,太原,49.0
20170124,18,O3_8h,太原,34.0
20170124,18,O3_8h_24h,太原,34.0
20170124,18,CO,太原,2.13
20170124,18,CO_24h,太原,2.39
20170124,19,AQI,太原,227.0
20170124,19,PM2.5,太原,177.0
20170124,19,PM2.5_24h,太原,118.0
20170124,19,PM10,太原,242.0
20170124,19,PM10_24h,太原,176.0
20170124,19,SO2,太原,254.0
20170124,19,SO2_24h,太原,186.0
20170124,19,NO2,太原,109.0
20170124,19,NO2_24h,太原,77.0
20170124,19,O3,太原,15.0
20170124,19,O3_24h,太原,49.0
20170124,19,O3_8h,太原,33.0
20170124,19,O3_8h_24h,太原,34.0
20170124,19,CO,太原,2.66
20170124,19,CO_24h,太原,2.4
20170124,20,AQI,太原,243.0
20170124,20,PM2.5,太原,193.0
20170124,20,PM2.5_24h,太原,121.0
20170124,20,PM10,太原,266.0
20170124,20,PM10_24h,太原,178.0
20170124,20,SO2,太原,264.0
20170124,20,SO2_24h,太原,188.0
20170124,20,NO2,太原,113.0
20170124,20,NO2_24h,太原,78.0
20170124,20,O3,太原,10.0
20170124,20,O3_24h,太原,49.0
20170124,20,O3_8h,太原,31.0
20170124,20,O3_8h_24h,太原,34.0
20170124,20,CO,太原,2.77
20170124,20,CO_24h,太原,2.4
20170124,21,AQI,太原,249.0
20170124,21,PM2.5,太原,199.0
20170124,21,PM2.5_24h,太原,124.0
20170124,21,PM10,太原,290.0
20170124,21,PM10_24h,太原,182.0
20170124,21,SO2,太原,334.0
20170124,21,SO2_24h,太原,192.0
20170124,21,NO2,太原,114.0
20170124,21,NO2_24h,太原,78.0
20170124,21,O3,太原,7.0
20170124,21,O3_24h,太原,49.0
20170124,21,O3_8h,太原,28.0
20170124,21,O3_8h_24h,太原,34.0
20170124,21,CO,太原,3.16
20170124,21,CO_24h,太原,2.4
20170124,22,AQI,太原,253.0
20170124,22,PM2.5,太原,203.0
20170124,22,PM2.5_24h,太原,127.0
20170124,22,PM10,太原,283.0
20170124,22,PM10_24h,太原,186.0
20170124,22,SO2,太原,326.0
20170124,22,SO2_24h,太原,197.0
20170124,22,NO2,太原,106.0
20170124,22,NO2_24h,太原,79.0
20170124,22,O3,太原,6.0
20170124,22,O3_24h,太原,49.0
20170124,22,O3_8h,太原,24.0
20170124,22,O3_8h_24h,太原,34.0
20170124,22,CO,太原,3.29
20170124,22,CO_24h,太原,2.46
20170124,23,AQI,太原,267.0
20170124,23,PM2.5,太原,217.0
20170124,23,PM2.5_24h,太原,130.0
20170124,23,PM10,太原,285.0
20170124,23,PM10_24h,太原,190.0
20170124,23,SO2,太原,339.0
20170124,23,SO2_24h,太原,203.0
20170124,23,NO2,太原,105.0
20170124,23,NO2_24h,太原,79.0
20170124,23,O3,太原,6.0
20170124,23,O3_24h,太原,49.0
20170124,23,O3_8h,太原,20.0
20170124,23,O3_8h_24h,太原,34.0
20170124,23,CO,太原,3.56
20170124,23,CO_24h,太原,2.5
20170124,0,AQI,呼和浩特,99.0
20170124,0,PM2.5,呼和浩特,74.0
20170124,0,PM2.5_24h,呼和浩特,65.0
20170124,0,PM10,呼和浩特,100.0
20170124,0,PM10_24h,呼和浩特,97.0
20170124,0,SO2,呼和浩特,71.0
20170124,0,SO2_24h,呼和浩特,77.0
20170124,0,NO2,呼和浩特,78.0
20170124,0,NO2_24h,呼和浩特,75.0
20170124,0,O3,呼和浩特,14.0
20170124,0,O3_24h,呼和浩特,79.0
20170124,0,O3_8h,呼和浩特,22.0
20170124,0,O3_8h_24h,呼和浩特,55.0
20170124,0,CO,呼和浩特,2.63
20170124,0,CO_24h,呼和浩特,2.7
20170124,1,AQI,呼和浩特,78.0
20170124,1,PM2.5,呼和浩特,57.0
20170124,1,PM2.5_24h,呼和浩特,63.0
20170124,1,PM10,呼和浩特,84.0
20170124,1,PM10_24h,呼和浩特,96.0
20170124,1,SO2,呼和浩特,53.0
20170124,1,SO2_24h,呼和浩特,76.0
20170124,1,NO2,呼和浩特,76.0
20170124,1,NO2_24h,呼和浩特,75.0
20170124,1,O3,呼和浩特,15.0
20170124,1,O3_24h,呼和浩特,79.0
20170124,1,O3_8h,呼和浩特,15.0
20170124,1,O3_8h_24h,呼和浩特,15.0
20170124,1,CO,呼和浩特,2.63
20170124,1,CO_24h,呼和浩特,2.68
20170124,2,AQI,呼和浩特,64.0
20170124,2,PM2.5,呼和浩特,46.0
20170124,2,PM2.5_24h,呼和浩特,62.0
20170124,2,PM10,呼和浩特,67.0
20170124,2,PM10_24h,呼和浩特,95.0
20170124,2,SO2,呼和浩特,41.0
20170124,2,SO2_24h,呼和浩特,74.0
20170124,2,NO2,呼和浩特,69.0
20170124,2,NO2_24h,呼和浩特,74.0
20170124,2,O3,呼和浩特,16.0
20170124,2,O3_24h,呼和浩特,79.0
20170124,2,O3_8h,呼和浩特,15.0
20170124,2,O3_8h_24h,呼和浩特,16.0
20170124,2,CO,呼和浩特,2.97
20170124,2,CO_24h,呼和浩特,2.65
20170124,3,AQI,呼和浩特,66.0
20170124,3,PM2.5,呼和浩特,48.0
20170124,3,PM2.5_24h,呼和浩特,61.0
20170124,3,PM10,呼和浩特,68.0
20170124,3,PM10_24h,呼和浩特,93.0
20170124,3,SO2,呼和浩特,33.0
20170124,3,SO2_24h,呼和浩特,74.0
20170124,3,NO2,呼和浩特,65.0
20170124,3,NO2_24h,呼和浩特,74.0
20170124,3,O3,呼和浩特,22.0
20170124,3,O3_24h,呼和浩特,79.0
20170124,3,O3_8h,呼和浩特,18.0
20170124,3,O3_8h_24h,呼和浩特,18.0
20170124,3,CO,呼和浩特,2.65
20170124,3,CO_24h,呼和浩特,2.63
20170124,4,AQI,呼和浩特,53.0
20170124,4,PM2.5,呼和浩特,37.0
20170124,4,PM2.5_24h,呼和浩特,61.0
20170124,4,PM10,呼和浩特,46.0
20170124,4,PM10_24h,呼和浩特,92.0
20170124,4,SO2,呼和浩特,31.0
20170124,4,SO2_24h,呼和浩特,74.0
20170124,4,NO2,呼和浩特,60.0
20170124,4,NO2_24h,呼和浩特,74.0
20170124,4,O3,呼和浩特,24.0
20170124,4,O3_24h,呼和浩特,79.0
20170124,4,O3_8h,呼和浩特,19.0
20170124,4,O3_8h_24h,呼和浩特,20.0
20170124,4,CO,呼和浩特,2.5
20170124,4,CO_24h,呼和浩特,2.62
20170124,5,AQI,呼和浩特,48.0
20170124,5,PM2.5,呼和浩特,32.0
20170124,5,PM2.5_24h,呼和浩特,60.0
20170124,5,PM10,呼和浩特,48.0
20170124,5,PM10_24h,呼和浩特,92.0
20170124,5,SO2,呼和浩特,38.0
20170124,5,SO2_24h,呼和浩特,73.0
20170124,5,NO2,呼和浩特,58.0
20170124,5,NO2_24h,呼和浩特,73.0
20170124,5,O3,呼和浩特,25.0
20170124,5,O3_24h,呼和浩特,79.0
20170124,5,O3_8h,呼和浩特,20.0
20170124,5,O3_8h_24h,呼和浩特,22.0
20170124,5,CO,呼和浩特,2.43
20170124,5,CO_24h,呼和浩特,2.6
20170124,6,AQI,呼和浩特,41.0
20170124,6,PM2.5,呼和浩特,28.0
20170124,6,PM2.5_24h,呼和浩特,59.0
20170124,6,PM10,呼和浩特,41.0
20170124,6,PM10_24h,呼和浩特,91.0
20170124,6,SO2,呼和浩特,55.0
20170124,6,SO2_24h,呼和浩特,73.0
20170124,6,NO2,呼和浩特,62.0
20170124,6,NO2_24h,呼和浩特,73.0
20170124,6,O3,呼和浩特,19.0
20170124,6,O3_24h,呼和浩特,79.0
20170124,6,O3_8h,呼和浩特,20.0
20170124,6,O3_8h_24h,呼和浩特,22.0
20170124,6,CO,呼和浩特,2.57
20170124,6,CO_24h,呼和浩特,2.6
20170124,7,AQI,呼和浩特,50.0
20170124,7,PM2.5,呼和浩特,35.0
20170124,7,PM2.5_24h,呼和浩特,59.0
20170124,7,PM10,呼和浩特,45.0
20170124,7,PM10_24h,呼和浩特,91.0
20170124,7,SO2,呼和浩特,74.0
20170124,7,SO2_24h,呼和浩特,73.0
20170124,7,NO2,呼和浩特,65.0
20170124,7,NO2_24h,呼和浩特,73.0
20170124,7,O3,呼和浩特,20.0
20170124,7,O3_24h,呼和浩特,79.0
20170124,7,O3_8h,呼和浩特,20.0
20170124,7,O3_8h_24h,呼和浩特,22.0
20170124,7,CO,呼和浩特,2.47
20170124,7,CO_24h,呼和浩特,2.6
20170124,8,AQI,呼和浩特,49.0
20170124,8,PM2.5,呼和浩特,34.0
20170124,8,PM2.5_24h,呼和浩特,58.0
20170124,8,PM10,呼和浩特,46.0
20170124,8,PM10_24h,呼和浩特,89.0
20170124,8,SO2,呼和浩特,93.0
20170124,8,SO2_24h,呼和浩特,73.0
20170124,8,NO2,呼和浩特,73.0
20170124,8,NO2_24h,呼和浩特,72.0
20170124,8,O3,呼和浩特,16.0
20170124,8,O3_24h,呼和浩特,79.0
20170124,8,O3_8h,呼和浩特,19.0
20170124,8,O3_8h_24h,呼和浩特,22.0
20170124,8,CO,呼和浩特,2.78
20170124,8,CO_24h,呼和浩特,2.57
20170124,9,AQI,呼和浩特,54.0
20170124,9,PM2.5,呼和浩特,38.0
20170124,9,PM2.5_24h,呼和浩特,57.0
20170124,9,PM10,呼和浩特,53.0
20170124,9,PM10_24h,呼和浩特,88.0
20170124,9,SO2,呼和浩特,103.0
20170124,9,SO2_24h,呼和浩特,73.0
20170124,9,NO2,呼和浩特,75.0
20170124,9,NO2_24h,呼和浩特,72.0
20170124,9,O3,呼和浩特,18.0
20170124,9,O3_24h,呼和浩特,79.0
20170124,9,O3_8h,呼和浩特,20.0
20170124,9,O3_8h_24h,呼和浩特,22.0
20170124,9,CO,呼和浩特,2.65
20170124,9,CO_24h,呼和浩特,2.57
20170124,10,AQI,呼和浩特,68.0
20170124,10,PM2.5,呼和浩特,49.0
20170124,10,PM2.5_24h,呼和浩特,56.0
20170124,10,PM10,呼和浩特,71.0
20170124,10,PM10_24h,呼和浩特,87.0
20170124,10,SO2,呼和浩特,93.0
20170124,10,SO2_24h,呼和浩特,74.0
20170124,10,NO2,呼和浩特,76.0
20170124,10,NO2_24h,呼和浩特,72.0
20170124,10,O3,呼和浩特,25.0
20170124,10,O3_24h,呼和浩特,79.0
20170124,10,O3_8h,呼和浩特,21.0
20170124,10,O3_8h_24h,呼和浩特,24.0
20170124,10,CO,呼和浩特,2.77
20170124,10,CO_24h,呼和浩特,2.57
20170124,11,AQI,呼和浩特,74.0
20170124,11,PM2.5,呼和浩特,54.0
20170124,11,PM2.5_24h,呼和浩特,55.0
20170124,11,PM10,呼和浩特,80.0
20170124,11,PM10_24h,呼和浩特,86.0
20170124,11,SO2,呼和浩特,94.0
20170124,11,SO2_24h,呼和浩特,74.0
20170124,11,NO2,呼和浩特,75.0
20170124,11,NO2_24h,呼和浩特,73.0
20170124,11,O3,呼和浩特,32.0
20170124,11,O3_24h,呼和浩特,79.0
20170124,11,O3_8h,呼和浩特,22.0
20170124,11,O3_8h_24h,呼和浩特,25.0
20170124,11,CO,呼和浩特,2.67
20170124,11,CO_24h,呼和浩特,2.57
20170124,12,AQI,呼和浩特,61.0
20170124,12,PM2.5,呼和浩特,44.0
20170124,12,PM2.5_24h,呼和浩特,54.0
20170124,12,PM10,呼和浩特,68.0
20170124,12,PM10_24h,呼和浩特,85.0
20170124,12,SO2,呼和浩特,80.0
20170124,12,SO2_24h,呼和浩特,73.0
20170124,12,NO2,呼和浩特,64.0
20170124,12,NO2_24h,呼和浩特,73.0
20170124,12,O3,呼和浩特,48.0
20170124,12,O3_24h,呼和浩特,79.0
20170124,12,O3_8h,呼和浩特,25.0
20170124,12,O3_8h_24h,呼和浩特,27.0
20170124,12,CO,呼和浩特,2.28
20170124,12,CO_24h,呼和浩特,2.58
20170124,13,AQI,呼和浩特,58.0
20170124,13,PM2.5,呼和浩特,40.0
20170124,13,PM2.5_24h,呼和浩特,54.0
20170124,13,PM10,呼和浩特,66.0
20170124,13,PM10_24h,呼和浩特,85.0
20170124,13,SO2,呼和浩特,85.0
20170124,13,SO2_24h,呼和浩特,73.0
20170124,13,NO2,呼和浩特,64.0
20170124,13,NO2_24h,呼和浩特,73.0
20170124,13,O3,呼和浩特,55.0
20170124,13,O3_24h,呼和浩特,77.0
20170124,13,O3_8h,呼和浩特,29.0
20170124,13,O3_8h_24h,呼和浩特,30.0
20170124,13,CO,呼和浩特,2.18
20170124,13,CO_24h,呼和浩特,2.57
20170124,14,AQI,呼和浩特,59.0
20170124,14,PM2.5,呼和浩特,38.0
20170124,14,PM2.5_24h,呼和浩特,53.0
20170124,14,PM10,呼和浩特,67.0
20170124,14,PM10_24h,呼和浩特,84.0
20170124,14,SO2,呼和浩特,57.0
20170124,14,SO2_24h,呼和浩特,73.0
20170124,14,NO2,呼和浩特,47.0
20170124,14,NO2_24h,呼和浩特,73.0
20170124,14,O3,呼和浩特,65.0
20170124,14,O3_24h,呼和浩特,77.0
20170124,14,O3_8h,呼和浩特,35.0
20170124,14,O3_8h_24h,呼和浩特,35.0
20170124,14,CO,呼和浩特,1.88
20170124,14,CO_24h,呼和浩特,2.55
20170124,15,AQI,呼和浩特,57.0
20170124,15,PM2.5,呼和浩特,33.0
20170124,15,PM2.5_24h,呼和浩特,53.0
20170124,15,PM10,呼和浩特,64.0
20170124,15,PM10_24h,呼和浩特,83.0
20170124,15,SO2,呼和浩特,44.0
20170124,15,SO2_24h,呼和浩特,72.0
20170124,15,NO2,呼和浩特,41.0
20170124,15,NO2_24h,呼和浩特,73.0
20170124,15,O3,呼和浩特,73.0
20170124,15,O3_24h,呼和浩特,77.0
20170124,15,O3_8h,呼和浩特,42.0
20170124,15,O3_8h_24h,呼和浩特,42.0
20170124,15,CO,呼和浩特,1.73
20170124,15,CO_24h,呼和浩特,2.53
20170124,16,AQI,呼和浩特,54.0
20170124,16,PM2.5,呼和浩特,34.0
20170124,16,PM2.5_24h,呼和浩特,53.0
20170124,16,PM10,呼和浩特,58.0
20170124,16,PM10_24h,呼和浩特,83.0
20170124,16,SO2,呼和浩特,42.0
20170124,16,SO2_24h,呼和浩特,71.0
20170124,16,NO2,呼和浩特,41.0
20170124,16,NO2_24h,呼和浩特,73.0
20170124,16,O3,呼和浩特,82.0
20170124,16,O3_24h,呼和浩特,83.0
20170124,16,O3_8h,呼和浩特,50.0
20170124,16,O3_8h_24h,呼和浩特,50.0
20170124,16,CO,呼和浩特,1.53
20170124,16,CO_24h,呼和浩特,2.52
20170124,17,AQI,呼和浩特,54.0
20170124,17,PM2.5,呼和浩特,38.0
20170124,17,PM2.5_24h,呼和浩特,52.0
20170124,17,PM10,呼和浩特,58.0
20170124,17,PM10_24h,呼和浩特,81.0
20170124,17,SO2,呼和浩特,41.0
20170124,17,SO2_24h,呼和浩特,70.0
20170124,17,NO2,呼和浩特,49.0
20170124,17,NO2_24h,呼和浩特,72.0
20170124,17,O3,呼和浩特,72.0
20170124,17,O3_24h,呼和浩特,83.0
20170124,17,O3_8h,呼和浩特,57.0
20170124,17,O3_8h_24h,呼和浩特,57.0
20170124,17,CO,呼和浩特,1.62
20170124,17,CO_24h,呼和浩特,2.52
20170124,18,AQI,呼和浩特,69.0
20170124,18,PM2.5,呼和浩特,50.0
20170124,18,PM2.5_24h,呼和浩特,52.0
20170124,18,PM10,呼和浩特,68.0
20170124,18,PM10_24h,呼和浩特,80.0
20170124,18,SO2,呼和浩特,49.0
20170124,18,SO2_24h,呼和浩特,70.0
20170124,18,NO2,呼和浩特,71.0
20170124,18,NO2_24h,呼和浩特,72.0
20170124,18,O3,呼和浩特,49.0
20170124,18,O3_24h,呼和浩特,83.0
20170124,18,O3_8h,呼和浩特,60.0
20170124,18,O3_8h_24h,呼和浩特,60.0
20170124,18,CO,呼和浩特,1.88
20170124,18,CO_24h,呼和浩特,2.5
20170124,19,AQI,呼和浩特,80.0
20170124,19,PM2.5,呼和浩特,59.0
20170124,19,PM2.5_24h,呼和浩特,51.0
20170124,19,PM10,呼和浩特,81.0
20170124,19,PM10_24h,呼和浩特,79.0
20170124,19,SO2,呼和浩特,68.0
20170124,19,SO2_24h,呼和浩特,69.0
20170124,19,NO2,呼和浩特,92.0
20170124,19,NO2_24h,呼和浩特,71.0
20170124,19,O3,呼和浩特,23.0
20170124,19,O3_24h,呼和浩特,83.0
20170124,19,O3_8h,呼和浩特,59.0
20170124,19,O3_8h_24h,呼和浩特,60.0
20170124,19,CO,呼和浩特,2.47
20170124,19,CO_24h,呼和浩特,2.52
20170124,20,AQI,呼和浩特,90.0
20170124,20,PM2.5,呼和浩特,67.0
20170124,20,PM2.5_24h,呼和浩特,50.0
20170124,20,PM10,呼和浩特,116.0
20170124,20,PM10_24h,呼和浩特,78.0
20170124,20,SO2,呼和浩特,101.0
20170124,20,SO2_24h,呼和浩特,67.0
20170124,20,NO2,呼和浩特,107.0
20170124,20,NO2_24h,呼和浩特,70.0
20170124,20,O3,呼和浩特,11.0
20170124,20,O3_24h,呼和浩特,83.0
20170124,20,O3_8h,呼和浩特,54.0
20170124,20,O3_8h_24h,呼和浩特,60.0
20170124,20,CO,呼和浩特,3.37
20170124,20,CO_24h,呼和浩特,2.52
20170124,21,AQI,呼和浩特,119.0
20170124,21,PM2.5,呼和浩特,90.0
20170124,21,PM2.5_24h,呼和浩特,50.0
20170124,21,PM10,呼和浩特,150.0
20170124,21,PM10_24h,呼和浩特,76.0
20170124,21,SO2,呼和浩特,123.0
20170124,21,SO2_24h,呼和浩特,67.0
20170124,21,NO2,呼和浩特,108.0
20170124,21,NO2_24h,呼和浩特,71.0
20170124,21,O3,呼和浩特,9.0
20170124,21,O3_24h,呼和浩特,83.0
20170124,21,O3_8h,呼和浩特,48.0
20170124,21,O3_8h_24h,呼和浩特,60.0
20170124,21,CO,呼和浩特,4.68
20170124,21,CO_24h,呼和浩特,2.57
20170124,22,AQI,呼和浩特,173.0
20170124,22,PM2.5,呼和浩特,131.0
20170124,22,PM2.5_24h,呼和浩特,52.0
20170124,22,PM10,呼和浩特,130.0
20170124,22,PM10_24h,呼和浩特,75.0
20170124,22,SO2,呼和浩特,101.0
20170124,22,SO2_24h,呼和浩特,68.0
20170124,22,NO2,呼和浩特,100.0
20170124,22,NO2_24h,呼和浩特,71.0
20170124,22,O3,呼和浩特,8.0
20170124,22,O3_24h,呼和浩特,83.0
20170124,22,O3_8h,呼和浩特,41.0
20170124,22,O3_8h_24h,呼和浩特,60.0
20170124,22,CO,呼和浩特,3.85
20170124,22,CO_24h,呼和浩特,2.57
20170124,23,AQI,呼和浩特,131.0
20170124,23,PM2.5,呼和浩特,100.0
20170124,23,PM2.5_24h,呼和浩特,52.0
20170124,23,PM10,呼和浩特,134.0
20170124,23,PM10_24h,呼和浩特,75.0
20170124,23,SO2,呼和浩特,90.0
20170124,23,SO2_24h,呼和浩特,69.0
20170124,23,NO2,呼和浩特,95.0
20170124,23,NO2_24h,呼和浩特,71.0
20170124,23,O3,呼和浩特,8.0
20170124,23,O3_24h,呼和浩特,83.0
20170124,23,O3_8h,呼和浩特,33.0
20170124,23,O3_8h_24h,呼和浩特,60.0
20170124,23,CO,呼和浩特,3.53
20170124,23,CO_24h,呼和浩特,2.63
20170124,0,AQI,沈阳,161.0
20170124,0,PM2.5,沈阳,123.0
20170124,0,PM2.5_24h,沈阳,110.0
20170124,0,PM10,沈阳,164.0
20170124,0,PM10_24h,沈阳,149.0
20170124,0,SO2,沈阳,120.0
20170124,0,SO2_24h,沈阳,113.0
20170124,0,NO2,沈阳,78.0
20170124,0,NO2_24h,沈阳,59.0
20170124,0,O3,沈阳,9.0
20170124,0,O3_24h,沈阳,70.0
20170124,0,O3_8h,沈阳,22.0
20170124,0,O3_8h_24h,沈阳,52.0
20170124,0,CO,沈阳,1.7
20170124,0,CO_24h,沈阳,1.58
20170124,1,AQI,沈阳,166.0
20170124,1,PM2.5,沈阳,126.0
20170124,1,PM2.5_24h,沈阳,108.0
20170124,1,PM10,沈阳,180.0
20170124,1,PM10_24h,沈阳,147.0
20170124,1,SO2,沈阳,118.0
20170124,1,SO2_24h,沈阳,114.0
20170124,1,NO2,沈阳,75.0
20170124,1,NO2_24h,沈阳,60.0
20170124,1,O3,沈阳,8.0
20170124,1,O3_24h,沈阳,70.0
20170124,1,O3_8h,沈阳,8.0
20170124,1,O3_8h_24h,沈阳,8.0
20170124,1,CO,沈阳,1.83
20170124,1,CO_24h,沈阳,1.56
20170124,2,AQI,沈阳,183.0
20170124,2,PM2.5,沈阳,138.0
20170124,2,PM2.5_24h,沈阳,107.0
20170124,2,PM10,沈阳,197.0
20170124,2,PM10_24h,沈阳,147.0
20170124,2,SO2,沈阳,165.0
20170124,2,SO2_24h,沈阳,118.0
20170124,2,NO2,沈阳,72.0
20170124,2,NO2_24h,沈阳,60.0
20170124,2,O3,沈阳,7.0
20170124,2,O3_24h,沈阳,70.0
20170124,2,O3_8h,沈阳,8.0
20170124,2,O3_8h_24h,沈阳,8.0
20170124,2,CO,沈阳,2.15
20170124,2,CO_24h,沈阳,1.57
20170124,3,AQI,沈阳,201.0
20170124,3,PM2.5,沈阳,151.0
20170124,3,PM2.5_24h,沈阳,107.0
20170124,3,PM10,沈阳,209.0
20170124,3,PM10_24h,沈阳,148.0
20170124,3,SO2,沈阳,197.0
20170124,3,SO2_24h,沈阳,120.0
20170124,3,NO2,沈阳,71.0
20170124,3,NO2_24h,沈阳,60.0
20170124,3,O3,沈阳,7.0
20170124,3,O3_24h,沈阳,70.0
20170124,3,O3_8h,沈阳,8.0
20170124,3,O3_8h_24h,沈阳,8.0
20170124,3,CO,沈阳,2.29
20170124,3,CO_24h,沈阳,1.57
20170124,4,AQI,沈阳,209.0
20170124,4,PM2.5,沈阳,159.0
20170124,4,PM2.5_24h,沈阳,106.0
20170124,4,PM10,沈阳,217.0
20170124,4,PM10_24h,沈阳,147.0
20170124,4,SO2,沈阳,223.0
20170124,4,SO2_24h,沈阳,123.0
20170124,4,NO2,沈阳,70.0
20170124,4,NO2_24h,沈阳,60.0
20170124,4,O3,沈阳,7.0
20170124,4,O3_24h,沈阳,70.0
20170124,4,O3_8h,沈阳,7.0
20170124,4,O3_8h_24h,沈阳,8.0
20170124,4,CO,沈阳,2.31
20170124,4,CO_24h,沈阳,1.57
20170124,5,AQI,沈阳,222.0
20170124,5,PM2.5,沈阳,172.0
20170124,5,PM2.5_24h,沈阳,106.0
20170124,5,PM10,沈阳,235.0
20170124,5,PM10_24h,沈阳,148.0
20170124,5,SO2,沈阳,189.0
20170124,5,SO2_24h,沈阳,123.0
20170124,5,NO2,沈阳,70.0
20170124,5,NO2_24h,沈阳,60.0
20170124,5,O3,沈阳,7.0
20170124,5,O3_24h,沈阳,70.0
20170124,5,O3_8h,沈阳,7.0
20170124,5,O3_8h_24h,沈阳,9.0
20170124,5,CO,沈阳,2.25
20170124,5,CO_24h,沈阳,1.57
20170124,6,AQI,沈阳,222.0
20170124,6,PM2.5,沈阳,172.0
20170124,6,PM2.5_24h,沈阳,105.0
20170124,6,PM10,沈阳,233.0
20170124,6,PM10_24h,沈阳,148.0
20170124,6,SO2,沈阳,222.0
20170124,6,SO2_24h,沈阳,125.0
20170124,6,NO2,沈阳,69.0
20170124,6,NO2_24h,沈阳,61.0
20170124,6,O3,沈阳,7.0
20170124,6,O3_24h,沈阳,70.0
20170124,6,O3_8h,沈阳,7.0
20170124,6,O3_8h_24h,沈阳,9.0
20170124,6,CO,沈阳,2.29
20170124,6,CO_24h,沈阳,1.58
20170124,7,AQI,沈阳,225.0
20170124,7,PM2.5,沈阳,175.0
20170124,7,PM2.5_24h,沈阳,106.0
20170124,7,PM10,沈阳,236.0
20170124,7,PM10_24h,沈阳,149.0
20170124,7,SO2,沈阳,315.0
20170124,7,SO2_24h,沈阳,128.0
20170124,7,NO2,沈阳,71.0
20170124,7,NO2_24h,沈阳,61.0
20170124,7,O3,沈阳,6.0
20170124,7,O3_24h,沈阳,70.0
20170124,7,O3_8h,沈阳,7.0
20170124,7,O3_8h_24h,沈阳,9.0
20170124,7,CO,沈阳,2.36
20170124,7,CO_24h,沈阳,1.59
20170124,8,AQI,沈阳,235.0
20170124,8,PM2.5,沈阳,185.0
20170124,8,PM2.5_24h,沈阳,107.0
20170124,8,PM10,沈阳,250.0
20170124,8,PM10_24h,沈阳,151.0
20170124,8,SO2,沈阳,241.0
20170124,8,SO2_24h,沈阳,130.0
20170124,8,NO2,沈阳,71.0
20170124,8,NO2_24h,沈阳,61.0
20170124,8,O3,沈阳,8.0
20170124,8,O3_24h,沈阳,70.0
20170124,8,O3_8h,沈阳,7.0
20170124,8,O3_8h_24h,沈阳,9.0
20170124,8,CO,沈阳,2.51
20170124,8,CO_24h,沈阳,1.59
20170124,9,AQI,沈阳,242.0
20170124,9,PM2.5,沈阳,192.0
20170124,9,PM2.5_24h,沈阳,109.0
20170124,9,PM10,沈阳,256.0
20170124,9,PM10_24h,沈阳,153.0
20170124,9,SO2,沈阳,292.0
20170124,9,SO2_24h,沈阳,134.0
20170124,9,NO2,沈阳,72.0
20170124,9,NO2_24h,沈阳,62.0
20170124,9,O3,沈阳,11.0
20170124,9,O3_24h,沈阳,70.0
20170124,9,O3_8h,沈阳,8.0
20170124,9,O3_8h_24h,沈阳,9.0
20170124,9,CO,沈阳,2.66
20170124,9,CO_24h,沈阳,1.59
20170124,10,AQI,沈阳,237.0
20170124,10,PM2.5,沈阳,187.0
20170124,10,PM2.5_24h,沈阳,112.0
20170124,10,PM10,沈阳,254.0
20170124,10,PM10_24h,沈阳,157.0
20170124,10,SO2,沈阳,236.0
20170124,10,SO2_24h,沈阳,131.0
20170124,10,NO2,沈阳,75.0
20170124,10,NO2_24h,沈阳,63.0
20170124,10,O3,沈阳,16.0
20170124,10,O3_24h,沈阳,67.0
20170124,10,O3_8h,沈阳,9.0
20170124,10,O3_8h_24h,沈阳,10.0
20170124,10,CO,沈阳,2.61
20170124,10,CO_24h,沈阳,1.63
20170124,11,AQI,沈阳,231.0
20170124,11,PM2.5,沈阳,181.0
20170124,11,PM2.5_24h,沈阳,111.0
20170124,11,PM10,沈阳,248.0
20170124,11,PM10_24h,沈阳,156.0
20170124,11,SO2,沈阳,299.0
20170124,11,SO2_24h,沈阳,142.0
20170124,11,NO2,沈阳,82.0
20170124,11,NO2_24h,沈阳,63.0
20170124,11,O3,沈阳,20.0
20170124,11,O3_24h,沈阳,70.0
20170124,11,O3_8h,沈阳,10.0
20170124,11,O3_8h_24h,沈阳,11.0
20170124,11,CO,沈阳,2.73
20170124,11,CO_24h,沈阳,1.64
20170124,12,AQI,沈阳,217.0
20170124,12,PM2.5,沈阳,167.0
20170124,12,PM2.5_24h,沈阳,115.0
20170124,12,PM10,沈阳,235.0
20170124,12,PM10_24h,沈阳,161.0
20170124,12,SO2,沈阳,270.0
20170124,12,SO2_24h,沈阳,149.0
20170124,12,NO2,沈阳,85.0
20170124,12,NO2_24h,沈阳,65.0
20170124,12,O3,沈阳,27.0
20170124,12,O3_24h,沈阳,70.0
20170124,12,O3_8h,沈阳,13.0
20170124,12,O3_8h_24h,沈阳,13.0
20170124,12,CO,沈阳,2.66
20170124,12,CO_24h,沈阳,1.72
20170124,13,AQI,沈阳,174.0
20170124,13,PM2.5,沈阳,132.0
20170124,13,PM2.5_24h,沈阳,118.0
20170124,13,PM10,沈阳,192.0
20170124,13,PM10_24h,沈阳,165.0
20170124,13,SO2,沈阳,166.0
20170124,13,SO2_24h,沈阳,152.0
20170124,13,NO2,沈阳,74.0
20170124,13,NO2_24h,沈阳,66.0
20170124,13,O3,沈阳,36.0
20170124,13,O3_24h,沈阳,70.0
20170124,13,O3_8h,沈阳,16.0
20170124,13,O3_8h_24h,沈阳,17.0
20170124,13,CO,沈阳,2.24
20170124,13,CO_24h,沈阳,1.75
20170124,14,AQI,沈阳,159.0
20170124,14,PM2.5,沈阳,121.0
20170124,14,PM2.5_24h,沈阳,123.0
20170124,14,PM10,沈阳,168.0
20170124,14,PM10_24h,沈阳,170.0
20170124,14,SO2,沈阳,127.0
20170124,14,SO2_24h,沈阳,150.0
20170124,14,NO2,沈阳,71.0
20170124,14,NO2_24h,沈阳,68.0
20170124,14,O3,沈阳,38.0
20170124,14,O3_24h,沈阳,67.0
20170124,14,O3_8h,沈阳,20.0
20170124,14,O3_8h_24h,沈阳,20.0
20170124,14,CO,沈阳,1.91
20170124,14,CO_24h,沈阳,1.83
20170124,15,AQI,沈阳,119.0
20170124,15,PM2.5,沈阳,90.0
20170124,15,PM2.5_24h,沈阳,124.0
20170124,15,PM10,沈阳,130.0
20170124,15,PM10_24h,沈阳,173.0
20170124,15,SO2,沈阳,103.0
20170124,15,SO2_24h,沈阳,159.0
20170124,15,NO2,沈阳,61.0
20170124,15,NO2_24h,沈阳,69.0
20170124,15,O3,沈阳,46.0
20170124,15,O3_24h,沈阳,66.0
20170124,15,O3_8h,沈阳,26.0
20170124,15,O3_8h_24h,沈阳,26.0
20170124,15,CO,沈阳,1.44
20170124,15,CO_24h,沈阳,1.84
20170124,16,AQI,沈阳,93.0
20170124,16,PM2.5,沈阳,69.0
20170124,16,PM2.5_24h,沈阳,127.0
20170124,16,PM10,沈阳,106.0
20170124,16,PM10_24h,沈阳,176.0
20170124,16,SO2,沈阳,85.0
20170124,16,SO2_24h,沈阳,161.0
20170124,16,NO2,沈阳,55.0
20170124,16,NO2_24h,沈阳,70.0
20170124,16,O3,沈阳,47.0
20170124,16,O3_24h,沈阳,58.0
20170124,16,O3_8h,沈阳,31.0
20170124,16,O3_8h_24h,沈阳,31.0
20170124,16,CO,沈阳,1.11
20170124,16,CO_24h,沈阳,1.89
20170124,17,AQI,沈阳,81.0
20170124,17,PM2.5,沈阳,60.0
20170124,17,PM2.5_24h,沈阳,128.0
20170124,17,PM10,沈阳,93.0
20170124,17,PM10_24h,沈阳,179.0
20170124,17,SO2,沈阳,76.0
20170124,17,SO2_24h,沈阳,163.0
20170124,17,NO2,沈阳,59.0
20170124,17,NO2_24h,沈阳,71.0
20170124,17,O3,沈阳,39.0
20170124,17,O3_24h,沈阳,52.0
20170124,17,O3_8h,沈阳,35.0
20170124,17,O3_8h_24h,沈阳,35.0
20170124,17,CO,沈阳,1.08
20170124,17,CO_24h,沈阳,1.89
20170124,18,AQI,沈阳,99.0
20170124,18,PM2.5,沈阳,74.0
20170124,18,PM2.5_24h,沈阳,130.0
20170124,18,PM10,沈阳,105.0
20170124,18,PM10_24h,沈阳,181.0
20170124,18,SO2,沈阳,84.0
20170124,18,SO2_24h,沈阳,165.0
20170124,18,NO2,沈阳,72.0
20170124,18,NO2_24h,沈阳,72.0
20170124,18,O3,沈阳,25.0
20170124,18,O3_24h,沈阳,52.0
20170124,18,O3_8h,沈阳,35.0
20170124,18,O3_8h_24h,沈阳,36.0
20170124,18,CO,沈阳,1.21
20170124,18,CO_24h,沈阳,1.91
20170124,19,AQI,沈阳,125.0
20170124,19,PM2.5,沈阳,95.0
20170124,19,PM2.5_24h,沈阳,132.0
20170124,19,PM10,沈阳,127.0
20170124,19,PM10_24h,沈阳,183.0
20170124,19,SO2,沈阳,112.0
20170124,19,SO2_24h,沈阳,167.0
20170124,19,NO2,沈阳,83.0
20170124,19,NO2_24h,沈阳,73.0
20170124,19,O3,沈阳,15.0
20170124,19,O3_24h,沈阳,52.0
20170124,19,O3_8h,沈阳,35.0
20170124,19,O3_8h_24h,沈阳,36.0
20170124,19,CO,沈阳,1.39
20170124,19,CO_24h,沈阳,1.93
20170124,20,AQI,沈阳,151.0
20170124,20,PM2.5,沈阳,116.0
20170124,20,PM2.5_24h,沈阳,133.0
20170124,20,PM10,沈阳,154.0
20170124,20,PM10_24h,沈阳,184.0
20170124,20,SO2,沈阳,124.0
20170124,20,SO2_24h,沈阳,168.0
20170124,20,NO2,沈阳,85.0
20170124,20,NO2_24h,沈阳,73.0
20170124,20,O3,沈阳,14.0
20170124,20,O3_24h,沈阳,52.0
20170124,20,O3_8h,沈阳,33.0
20170124,20,O3_8h_24h,沈阳,36.0
20170124,20,CO,沈阳,1.57
20170124,20,CO_24h,沈阳,1.94
20170124,21,AQI,沈阳,146.0
20170124,21,PM2.5,沈阳,112.0
20170124,21,PM2.5_24h,沈阳,134.0
20170124,21,PM10,沈阳,147.0
20170124,21,PM10_24h,沈阳,185.0
20170124,21,SO2,沈阳,125.0
20170124,21,SO2_24h,沈阳,169.0
20170124,21,NO2,沈阳,82.0
20170124,21,NO2_24h,沈阳,74.0
20170124,21,O3,沈阳,14.0
20170124,21,O3_24h,沈阳,52.0
20170124,21,O3_8h,沈阳,30.0
20170124,21,O3_8h_24h,沈阳,36.0
20170124,21,CO,沈阳,1.59
20170124,21,CO_24h,沈阳,1.95
20170124,22,AQI,沈阳,183.0
20170124,22,PM2.5,沈阳,138.0
20170124,22,PM2.5_24h,沈阳,135.0
20170124,22,PM10,沈阳,176.0
20170124,22,PM10_24h,沈阳,186.0
20170124,22,SO2,沈阳,117.0
20170124,22,SO2_24h,沈阳,169.0
20170124,22,NO2,沈阳,86.0
20170124,22,NO2_24h,沈阳,74.0
20170124,22,O3,沈阳,11.0
20170124,22,O3_24h,沈阳,52.0
20170124,22,O3_8h,沈阳,26.0
20170124,22,O3_8h_24h,沈阳,36.0
20170124,22,CO,沈阳,1.95
20170124,22,CO_24h,沈阳,1.96
20170124,23,AQI,沈阳,191.0
20170124,23,PM2.5,沈阳,144.0
20170124,23,PM2.5_24h,沈阳,136.0
20170124,23,PM10,沈阳,184.0
20170124,23,PM10_24h,沈阳,187.0
20170124,23,SO2,沈阳,137.0
20170124,23,SO2_24h,沈阳,170.0
20170124,23,NO2,沈阳,84.0
20170124,23,NO2_24h,沈阳,74.0
20170124,23,O3,沈阳,10.0
20170124,23,O3_24h,沈阳,52.0
20170124,23,O3_8h,沈阳,22.0
20170124,23,O3_8h_24h,沈阳,36.0
20170124,23,CO,沈阳,2.11
20170124,23,CO_24h,沈阳,1.99
20170124,0,AQI,大连,40.0
20170124,0,PM2.5,大连,27.0
20170124,0,PM2.5_24h,大连,26.0
20170124,0,PM10,大连,40.0
20170124,0,PM10_24h,大连,41.0
20170124,0,SO2,大连,30.0
20170124,0,SO2_24h,大连,37.0
20170124,0,NO2,大连,31.0
20170124,0,NO2_24h,大连,34.0
20170124,0,O3,大连,55.0
20170124,0,O3_24h,大连,78.0
20170124,0,O3_8h,大连,52.0
20170124,0,O3_8h_24h,大连,70.0
20170124,0,CO,大连,0.79
20170124,0,CO_24h,大连,0.82
20170124,1,AQI,大连,38.0
20170124,1,PM2.5,大连,26.0
20170124,1,PM2.5_24h,大连,26.0
20170124,1,PM10,大连,38.0
20170124,1,PM10_24h,大连,40.0
20170124,1,SO2,大连,33.0
20170124,1,SO2_24h,大连,37.0
20170124,1,NO2,大连,29.0
20170124,1,NO2_24h,大连,34.0
20170124,1,O3,大连,57.0
20170124,1,O3_24h,大连,78.0
20170124,1,O3_8h,大连,57.0
20170124,1,O3_8h_24h,大连,57.0
20170124,1,CO,大连,0.73
20170124,1,CO_24h,大连,0.83
20170124,2,AQI,大连,39.0
20170124,2,PM2.5,大连,27.0
20170124,2,PM2.5_24h,大连,26.0
20170124,2,PM10,大连,39.0
20170124,2,PM10_24h,大连,40.0
20170124,2,SO2,大连,42.0
20170124,2,SO2_24h,大连,38.0
20170124,2,NO2,大连,32.0
20170124,2,NO2_24h,大连,34.0
20170124,2,O3,大连,55.0
20170124,2,O3_24h,大连,78.0
20170124,2,O3_8h,大连,56.0
20170124,2,O3_8h_24h,大连,58.0
20170124,2,CO,大连,0.72
20170124,2,CO_24h,大连,0.82
20170124,3,AQI,大连,36.0
20170124,3,PM2.5,大连,24.0
20170124,3,PM2.5_24h,大连,26.0
20170124,3,PM10,大连,36.0
20170124,3,PM10_24h,大连,40.0
20170124,3,SO2,大连,36.0
20170124,3,SO2_24h,大连,38.0
20170124,3,NO2,大连,26.0
20170124,3,NO2_24h,大连,34.0
20170124,3,O3,大连,60.0
20170124,3,O3_24h,大连,79.0
20170124,3,O3_8h,大连,57.0
20170124,3,O3_8h_24h,大连,59.0
20170124,3,CO,大连,0.72
20170124,3,CO_24h,大连,0.83
20170124,4,AQI,大连,32.0
20170124,4,PM2.5,大连,21.0
20170124,4,PM2.5_24h,大连,26.0
20170124,4,PM10,大连,32.0
20170124,4,PM10_24h,大连,40.0
20170124,4,SO2,大连,33.0
20170124,4,SO2_24h,大连,39.0
20170124,4,NO2,大连,23.0
20170124,4,NO2_24h,大连,34.0
20170124,4,O3,大连,62.0
20170124,4,O3_24h,大连,79.0
20170124,4,O3_8h,大连,58.0
20170124,4,O3_8h_24h,大连,59.0
20170124,4,CO,大连,0.7
20170124,4,CO_24h,大连,0.81
20170124,5,AQI,大连,31.0
20170124,5,PM2.5,大连,20.0
20170124,5,PM2.5_24h,大连,26.0
20170124,5,PM10,大连,31.0
20170124,5,PM10_24h,大连,40.0
20170124,5,SO2,大连,49.0
20170124,5,SO2_24h,大连,39.0
20170124,5,NO2,大连,31.0
20170124,5,NO2_24h,大连,33.0
20170124,5,O3,大连,54.0
20170124,5,O3_24h,大连,79.0
20170124,5,O3_8h,大连,57.0
20170124,5,O3_8h_24h,大连,60.0
20170124,5,CO,大连,0.74
20170124,5,CO_24h,大连,0.8
20170124,6,AQI,大连,34.0
20170124,6,PM2.5,大连,23.0
20170124,6,PM2.5_24h,大连,26.0
20170124,6,PM10,大连,34.0
20170124,6,PM10_24h,大连,39.0
20170124,6,SO2,大连,77.0
20170124,6,SO2_24h,大连,40.0
20170124,6,NO2,大连,38.0
20170124,6,NO2_24h,大连,33.0
20170124,6,O3,大连,47.0
20170124,6,O3_24h,大连,79.0
20170124,6,O3_8h,大连,56.0
20170124,6,O3_8h_24h,大连,60.0
20170124,6,CO,大连,0.9
20170124,6,CO_24h,大连,0.81
20170124,7,AQI,大连,39.0
20170124,7,PM2.5,大连,26.0
20170124,7,PM2.5_24h,大连,26.0
20170124,7,PM10,大连,39.0
20170124,7,PM10_24h,大连,39.0
20170124,7,SO2,大连,70.0
20170124,7,SO2_24h,大连,41.0
20170124,7,NO2,大连,52.0
20170124,7,NO2_24h,大连,33.0
20170124,7,O3,大连,34.0
20170124,7,O3_24h,大连,79.0
20170124,7,O3_8h,大连,53.0
20170124,7,O3_8h_24h,大连,60.0
20170124,7,CO,大连,0.93
20170124,7,CO_24h,大连,0.81
20170124,8,AQI,大连,41.0
20170124,8,PM2.5,大连,28.0
20170124,8,PM2.5_24h,大连,25.0
20170124,8,PM10,大连,41.0
20170124,8,PM10_24h,大连,38.0
20170124,8,SO2,大连,91.0
20170124,8,SO2_24h,大连,42.0
20170124,8,NO2,大连,57.0
20170124,8,NO2_24h,大连,33.0
20170124,8,O3,大连,29.0
20170124,8,O3_24h,大连,79.0
20170124,8,O3_8h,大连,50.0
20170124,8,O3_8h_24h,大连,60.0
20170124,8,CO,大连,0.97
20170124,8,CO_24h,大连,0.81
20170124,9,AQI,大连,53.0
20170124,9,PM2.5,大连,37.0
20170124,9,PM2.5_24h,大连,25.0
20170124,9,PM10,大连,53.0
20170124,9,PM10_24h,大连,38.0
20170124,9,SO2,大连,92.0
20170124,9,SO2_24h,大连,42.0
20170124,9,NO2,大连,59.0
20170124,9,NO2_24h,大连,33.0
20170124,9,O3,大连,31.0
20170124,9,O3_24h,大连,79.0
20170124,9,O3_8h,大连,47.0
20170124,9,O3_8h_24h,大连,60.0
20170124,9,CO,大连,1.13
20170124,9,CO_24h,大连,0.8
20170124,10,AQI,大连,49.0
20170124,10,PM2.5,大连,33.0
20170124,10,PM2.5_24h,大连,26.0
20170124,10,PM10,大连,49.0
20170124,10,PM10_24h,大连,38.0
20170124,10,SO2,大连,59.0
20170124,10,SO2_24h,大连,43.0
20170124,10,NO2,大连,46.0
20170124,10,NO2_24h,大连,34.0
20170124,10,O3,大连,47.0
20170124,10,O3_24h,大连,79.0
20170124,10,O3_8h,大连,46.0
20170124,10,O3_8h_24h,大连,60.0
20170124,10,CO,大连,1.0
20170124,10,CO_24h,大连,0.8
20170124,11,AQI,大连,35.0
20170124,11,PM2.5,大连,24.0
20170124,11,PM2.5_24h,大连,26.0
20170124,11,PM10,大连,35.0
20170124,11,PM10_24h,大连,38.0
20170124,11,SO2,大连,38.0
20170124,11,SO2_24h,大连,43.0
20170124,11,NO2,大连,29.0
20170124,11,NO2_24h,大连,34.0
20170124,11,O3,大连,66.0
20170124,11,O3_24h,大连,79.0
20170124,11,O3_8h,大连,46.0
20170124,11,O3_8h_24h,大连,60.0
20170124,11,CO,大连,0.82
20170124,11,CO_24h,大连,0.8
20170124,12,AQI,大连,33.0
20170124,12,PM2.5,大连,23.0
20170124,12,PM2.5_24h,大连,26.0
20170124,12,PM10,大连,32.0
20170124,12,PM10_24h,大连,38.0
20170124,12,SO2,大连,28.0
20170124,12,SO2_24h,大连,42.0
20170124,12,NO2,大连,21.0
20170124,12,NO2_24h,大连,34.0
20170124,12,O3,大连,74.0
20170124,12,O3_24h,大连,80.0
20170124,12,O3_8h,大连,48.0
20170124,12,O3_8h_24h,大连,61.0
20170124,12,CO,大连,0.74
20170124,12,CO_24h,大连,0.79
20170124,13,AQI,大连,31.0
20170124,13,PM2.5,大连,22.0
20170124,13,PM2.5_24h,大连,26.0
20170124,13,PM10,大连,31.0
20170124,13,PM10_24h,大连,38.0
20170124,13,SO2,大连,23.0
20170124,13,SO2_24h,大连,42.0
20170124,13,NO2,大连,17.0
20170124,13,NO2_24h,大连,34.0
20170124,13,O3,大连,80.0
20170124,13,O3_24h,大连,81.0
20170124,13,O3_8h,大连,51.0
20170124,13,O3_8h_24h,大连,62.0
20170124,13,CO,大连,0.75
20170124,13,CO_24h,大连,0.79
20170124,14,AQI,大连,29.0
20170124,14,PM2.5,大连,20.0
20170124,14,PM2.5_24h,大连,26.0
20170124,14,PM10,大连,29.0
20170124,14,PM10_24h,大连,38.0
20170124,14,SO2,大连,21.0
20170124,14,SO2_24h,大连,42.0
20170124,14,NO2,大连,16.0
20170124,14,NO2_24h,大连,34.0
20170124,14,O3,大连,83.0
20170124,14,O3_24h,大连,84.0
20170124,14,O3_8h,大连,55.0
20170124,14,O3_8h_24h,大连,63.0
20170124,14,CO,大连,0.73
20170124,14,CO_24h,大连,0.79
20170124,15,AQI,大连,30.0
20170124,15,PM2.5,大连,20.0
20170124,15,PM2.5_24h,大连,26.0
20170124,15,PM10,大连,30.0
20170124,15,PM10_24h,大连,38.0
20170124,15,SO2,大连,20.0
20170124,15,SO2_24h,大连,42.0
20170124,15,NO2,大连,17.0
20170124,15,NO2_24h,大连,34.0
20170124,15,O3,大连,84.0
20170124,15,O3_24h,大连,85.0
20170124,15,O3_8h,大连,62.0
20170124,15,O3_8h_24h,大连,66.0
20170124,15,CO,大连,0.7
20170124,15,CO_24h,大连,0.79
20170124,16,AQI,大连,29.0
20170124,16,PM2.5,大连,20.0
20170124,16,PM2.5_24h,大连,26.0
20170124,16,PM10,大连,29.0
20170124,16,PM10_24h,大连,38.0
20170124,16,SO2,大连,19.0
20170124,16,SO2_24h,大连,41.0
20170124,16,NO2,大连,18.0
20170124,16,NO2_24h,大连,33.0
20170124,16,O3,大连,85.0
20170124,16,O3_24h,大连,87.0
20170124,16,O3_8h,大连,69.0
20170124,16,O3_8h_24h,大连,71.0
20170124,16,CO,大连,0.7
20170124,16,CO_24h,大连,0.79
20170124,17,AQI,大连,31.0
20170124,17,PM2.5,大连,21.0
20170124,17,PM2.5_24h,大连,26.0
20170124,17,PM10,大连,31.0
20170124,17,PM10_24h,大连,38.0
20170124,17,SO2,大连,28.0
20170124,17,SO2_24h,大连,41.0
20170124,17,NO2,大连,24.0
20170124,17,NO2_24h,大连,34.0
20170124,17,O3,大连,78.0
20170124,17,O3_24h,大连,87.0
20170124,17,O3_8h,大连,75.0
20170124,17,O3_8h_24h,大连,76.0
20170124,17,CO,大连,0.72
20170124,17,CO_24h,大连,0.79
20170124,18,AQI,大连,37.0
20170124,18,PM2.5,大连,26.0
20170124,18,PM2.5_24h,大连,26.0
20170124,18,PM10,大连,37.0
20170124,18,PM10_24h,大连,38.0
20170124,18,SO2,大连,28.0
20170124,18,SO2_24h,大连,41.0
20170124,18,NO2,大连,38.0
20170124,18,NO2_24h,大连,34.0
20170124,18,O3,大连,63.0
20170124,18,O3_24h,大连,87.0
20170124,18,O3_8h,大连,77.0
20170124,18,O3_8h_24h,大连,77.0
20170124,18,CO,大连,0.83
20170124,18,CO_24h,大连,0.8
20170124,19,AQI,大连,49.0
20170124,19,PM2.5,大连,34.0
20170124,19,PM2.5_24h,大连,26.0
20170124,19,PM10,大连,49.0
20170124,19,PM10_24h,大连,38.0
20170124,19,SO2,大连,30.0
20170124,19,SO2_24h,大连,41.0
20170124,19,NO2,大连,47.0
20170124,19,NO2_24h,大连,34.0
20170124,19,O3,大连,51.0
20170124,19,O3_24h,大连,87.0
20170124,19,O3_8h,大连,75.0
20170124,19,O3_8h_24h,大连,78.0
20170124,19,CO,大连,0.91
20170124,19,CO_24h,大连,0.82
20170124,20,AQI,大连,56.0
20170124,20,PM2.5,大连,40.0
20170124,20,PM2.5_24h,大连,26.0
20170124,20,PM10,大连,55.0
20170124,20,PM10_24h,大连,38.0
20170124,20,SO2,大连,49.0
20170124,20,SO2_24h,大连,42.0
20170124,20,NO2,大连,55.0
20170124,20,NO2_24h,大连,34.0
20170124,20,O3,大连,41.0
20170124,20,O3_24h,大连,87.0
20170124,20,O3_8h,大连,71.0
20170124,20,O3_8h_24h,大连,78.0
20170124,20,CO,大连,1.03
20170124,20,CO_24h,大连,0.82
20170124,21,AQI,大连,55.0
20170124,21,PM2.5,大连,39.0
20170124,21,PM2.5_24h,大连,27.0
20170124,21,PM10,大连,48.0
20170124,21,PM10_24h,大连,38.0
20170124,21,SO2,大连,62.0
20170124,21,SO2_24h,大连,43.0
20170124,21,NO2,大连,51.0
20170124,21,NO2_24h,大连,35.0
20170124,21,O3,大连,44.0
20170124,21,O3_24h,大连,87.0
20170124,21,O3_8h,大连,66.0
20170124,21,O3_8h_24h,大连,78.0
20170124,21,CO,大连,0.95
20170124,21,CO_24h,大连,0.82
20170124,22,AQI,大连,51.0
20170124,22,PM2.5,大连,35.0
20170124,22,PM2.5_24h,大连,27.0
20170124,22,PM10,大连,52.0
20170124,22,PM10_24h,大连,38.0
20170124,22,SO2,大连,59.0
20170124,22,SO2_24h,大连,44.0
20170124,22,NO2,大连,54.0
20170124,22,NO2_24h,大连,35.0
20170124,22,O3,大连,39.0
20170124,22,O3_24h,大连,87.0
20170124,22,O3_8h,大连,61.0
20170124,22,O3_8h_24h,大连,78.0
20170124,22,CO,大连,1.04
20170124,22,CO_24h,大连,0.82
20170124,23,AQI,大连,49.0
20170124,23,PM2.5,大连,34.0
20170124,23,PM2.5_24h,大连,27.0
20170124,23,PM10,大连,49.0
20170124,23,PM10_24h,大连,39.0
20170124,23,SO2,大连,59.0
20170124,23,SO2_24h,大连,45.0
20170124,23,NO2,大连,57.0
20170124,23,NO2_24h,大连,36.0
20170124,23,O3,大连,34.0
20170124,23,O3_24h,大连,87.0
20170124,23,O3_8h,大连,54.0
20170124,23,O3_8h_24h,大连,78.0
20170124,23,CO,大连,1.09
20170124,23,CO_24h,大连,0.84
20170124,0,AQI,长春,208.0
20170124,0,PM2.5,长春,158.0
20170124,0,PM2.5_24h,长春,109.0
20170124,0,PM10,长春,192.0
20170124,0,PM10_24h,长春,150.0
20170124,0,SO2,长春,75.0
20170124,0,SO2_24h,长春,75.0
20170124,0,NO2,长春,77.0
20170124,0,NO2_24h,长春,57.0
20170124,0,O3,长春,11.0
20170124,0,O3_24h,长春,75.0
20170124,0,O3_8h,长春,24.0
20170124,0,O3_8h_24h,长春,59.0
20170124,0,CO,长春,2.16
20170124,0,CO_24h,长春,1.76
20170124,1,AQI,长春,200.0
20170124,1,PM2.5,长春,150.0
20170124,1,PM2.5_24h,长春,109.0
20170124,1,PM10,长春,182.0
20170124,1,PM10_24h,长春,151.0
20170124,1,SO2,长春,73.0
20170124,1,SO2_24h,长春,76.0
20170124,1,NO2,长春,75.0
20170124,1,NO2_24h,长春,58.0
20170124,1,O3,长春,11.0
20170124,1,O3_24h,长春,75.0
20170124,1,O3_8h,长春,11.0
20170124,1,O3_8h_24h,长春,11.0
20170124,1,CO,长春,2.13
20170124,1,CO_24h,长春,1.76
20170124,2,AQI,长春,190.0
20170124,2,PM2.5,长春,143.0
20170124,2,PM2.5_24h,长春,109.0
20170124,2,PM10,长春,173.0
20170124,2,PM10_24h,长春,151.0
20170124,2,SO2,长春,66.0
20170124,2,SO2_24h,长春,77.0
20170124,2,NO2,长春,71.0
20170124,2,NO2_24h,长春,58.0
20170124,2,O3,长春,12.0
20170124,2,O3_24h,长春,75.0
20170124,2,O3_8h,长春,12.0
20170124,2,O3_8h_24h,长春,12.0
20170124,2,CO,长春,2.14
20170124,2,CO_24h,长春,1.74
20170124,3,AQI,长春,184.0
20170124,3,PM2.5,长春,139.0
20170124,3,PM2.5_24h,长春,109.0
20170124,3,PM10,长春,168.0
20170124,3,PM10_24h,长春,152.0
20170124,3,SO2,长春,53.0
20170124,3,SO2_24h,长春,78.0
20170124,3,NO2,长春,68.0
20170124,3,NO2_24h,长春,58.0
20170124,3,O3,长春,12.0
20170124,3,O3_24h,长春,75.0
20170124,3,O3_8h,长春,12.0
20170124,3,O3_8h_24h,长春,13.0
20170124,3,CO,长春,2.18
20170124,3,CO_24h,长春,1.76
20170124,4,AQI,长春,170.0
20170124,4,PM2.5,长春,129.0
20170124,4,PM2.5_24h,长春,109.0
20170124,4,PM10,长春,164.0
20170124,4,PM10_24h,长春,150.0
20170124,4,SO2,长春,64.0
20170124,4,SO2_24h,长春,79.0
20170124,4,NO2,长春,68.0
20170124,4,NO2_24h,长春,59.0
20170124,4,O3,长春,12.0
20170124,4,O3_24h,长春,75.0
20170124,4,O3_8h,长春,12.0
20170124,4,O3_8h_24h,长春,13.0
20170124,4,CO,长春,2.03
20170124,4,CO_24h,长春,1.76
20170124,5,AQI,长春,151.0
20170124,5,PM2.5,长春,116.0
20170124,5,PM2.5_24h,长春,109.0
20170124,5,PM10,长春,149.0
20170124,5,PM10_24h,长春,148.0
20170124,5,SO2,长春,71.0
20170124,5,SO2_24h,长春,79.0
20170124,5,NO2,长春,64.0
20170124,5,NO2_24h,长春,59.0
20170124,5,O3,长春,13.0
20170124,5,O3_24h,长春,75.0
20170124,5,O3_8h,长春,12.0
20170124,5,O3_8h_24h,长春,13.0
20170124,5,CO,长春,1.93
20170124,5,CO_24h,长春,1.77
20170124,6,AQI,长春,139.0
20170124,6,PM2.5,长春,106.0
20170124,6,PM2.5_24h,长春,110.0
20170124,6,PM10,长春,137.0
20170124,6,PM10_24h,长春,147.0
20170124,6,SO2,长春,72.0
20170124,6,SO2_24h,长春,79.0
20170124,6,NO2,长春,59.0
20170124,6,NO2_24h,长春,59.0
20170124,6,O3,长春,15.0
20170124,6,O3_24h,长春,75.0
20170124,6,O3_8h,长春,13.0
20170124,6,O3_8h_24h,长春,14.0
20170124,6,CO,长春,1.91
20170124,6,CO_24h,长春,1.77
20170124,7,AQI,长春,140.0
20170124,7,PM2.5,长春,107.0
20170124,7,PM2.5_24h,长春,112.0
20170124,7,PM10,长春,134.0
20170124,7,PM10_24h,长春,150.0
20170124,7,SO2,长春,74.0
20170124,7,SO2_24h,长春,78.0
20170124,7,NO2,长春,61.0
20170124,7,NO2_24h,长春,58.0
20170124,7,O3,长春,15.0
20170124,7,O3_24h,长春,76.0
20170124,7,O3_8h,长春,14.0
20170124,7,O3_8h_24h,长春,16.0
20170124,7,CO,长春,2.0
20170124,7,CO_24h,长春,1.76
20170124,8,AQI,长春,141.0
20170124,8,PM2.5,长春,108.0
20170124,8,PM2.5_24h,长春,113.0
20170124,8,PM10,长春,143.0
20170124,8,PM10_24h,长春,150.0
20170124,8,SO2,长春,89.0
20170124,8,SO2_24h,长春,77.0
20170124,8,NO2,长春,62.0
20170124,8,NO2_24h,长春,58.0
20170124,8,O3,长春,16.0
20170124,8,O3_24h,长春,76.0
20170124,8,O3_8h,长春,15.0
20170124,8,O3_8h_24h,长春,16.0
20170124,8,CO,长春,2.1
20170124,8,CO_24h,长春,1.79
20170124,9,AQI,长春,160.0
20170124,9,PM2.5,长春,122.0
20170124,9,PM2.5_24h,长春,114.0
20170124,9,PM10,长春,131.0
20170124,9,PM10_24h,长春,146.0
20170124,9,SO2,长春,86.0
20170124,9,SO2_24h,长春,76.0
20170124,9,NO2,长春,60.0
20170124,9,NO2_24h,长春,59.0
20170124,9,O3,长春,20.0
20170124,9,O3_24h,长春,76.0
20170124,9,O3_8h,长春,15.0
20170124,9,O3_8h_24h,长春,17.0
20170124,9,CO,长春,2.19
20170124,9,CO_24h,长春,1.8
20170124,10,AQI,长春,159.0
20170124,10,PM2.5,长春,121.0
20170124,10,PM2.5_24h,长春,115.0
20170124,10,PM10,长春,153.0
20170124,10,PM10_24h,长春,139.0
20170124,10,SO2,长春,83.0
20170124,10,SO2_24h,长春,75.0
20170124,10,NO2,长春,56.0
20170124,10,NO2_24h,长春,59.0
20170124,10,O3,长春,32.0
20170124,10,O3_24h,长春,76.0
20170124,10,O3_8h,长春,18.0
20170124,10,O3_8h_24h,长春,18.0
20170124,10,CO,长春,2.0
20170124,10,CO_24h,长春,1.82
20170124,11,AQI,长春,138.0
20170124,11,PM2.5,长春,105.0
20170124,11,PM2.5_24h,长春,115.0
20170124,11,PM10,长春,143.0
20170124,11,PM10_24h,长春,138.0
20170124,11,SO2,长春,77.0
20170124,11,SO2_24h,长春,74.0
20170124,11,NO2,长春,50.0
20170124,11,NO2_24h,长春,60.0
20170124,11,O3,长春,46.0
20170124,11,O3_24h,长春,76.0
20170124,11,O3_8h,长春,22.0
20170124,11,O3_8h_24h,长春,22.0
20170124,11,CO,长春,1.76
20170124,11,CO_24h,长春,1.84
20170124,12,AQI,长春,108.0
20170124,12,PM2.5,长春,81.0
20170124,12,PM2.5_24h,长春,115.0
20170124,12,PM10,长春,117.0
20170124,12,PM10_24h,长春,139.0
20170124,12,SO2,长春,77.0
20170124,12,SO2_24h,长春,74.0
20170124,12,NO2,长春,44.0
20170124,12,NO2_24h,长春,60.0
20170124,12,O3,长春,57.0
20170124,12,O3_24h,长春,76.0
20170124,12,O3_8h,长春,27.0
20170124,12,O3_8h_24h,长春,27.0
20170124,12,CO,长春,1.56
20170124,12,CO_24h,长春,1.82
20170124,13,AQI,长春,90.0
20170124,13,PM2.5,长春,67.0
20170124,13,PM2.5_24h,长春,115.0
20170124,13,PM10,长春,97.0
20170124,13,PM10_24h,长春,139.0
20170124,13,SO2,长春,69.0
20170124,13,SO2_24h,长春,74.0
20170124,13,NO2,长春,38.0
20170124,13,NO2_24h,长春,61.0
20170124,13,O3,长春,66.0
20170124,13,O3_24h,长春,76.0
20170124,13,O3_8h,长春,34.0
20170124,13,O3_8h_24h,长春,34.0
20170124,13,CO,长春,1.39
20170124,13,CO_24h,长春,1.84
20170124,14,AQI,长春,76.0
20170124,14,PM2.5,长春,56.0
20170124,14,PM2.5_24h,长春,113.0
20170124,14,PM10,长春,81.0
20170124,14,PM10_24h,长春,138.0
20170124,14,SO2,长春,63.0
20170124,14,SO2_24h,长春,75.0
20170124,14,NO2,长春,36.0
20170124,14,NO2_24h,长春,61.0
20170124,14,O3,长春,70.0
20170124,14,O3_24h,长春,75.0
20170124,14,O3_8h,长春,40.0
20170124,14,O3_8h_24h,长春,40.0
20170124,14,CO,长春,1.26
20170124,14,CO_24h,长春,1.85
20170124,15,AQI,长春,75.0
20170124,15,PM2.5,长春,55.0
20170124,15,PM2.5_24h,长春,112.0
20170124,15,PM10,长春,77.0
20170124,15,PM10_24h,长春,133.0
20170124,15,SO2,长春,66.0
20170124,15,SO2_24h,长春,74.0
20170124,15,NO2,长春,41.0
20170124,15,NO2_24h,长春,62.0
20170124,15,O3,长春,66.0
20170124,15,O3_24h,长春,71.0
20170124,15,O3_8h,长春,47.0
20170124,15,O3_8h_24h,长春,47.0
20170124,15,CO,长春,1.26
20170124,15,CO_24h,长春,1.87
20170124,16,AQI,长春,83.0
20170124,16,PM2.5,长春,61.0
20170124,16,PM2.5_24h,长春,111.0
20170124,16,PM10,长春,83.0
20170124,16,PM10_24h,长春,132.0
20170124,16,SO2,长春,82.0
20170124,16,SO2_24h,长春,75.0
20170124,16,NO2,长春,51.0
20170124,16,NO2_24h,长春,63.0
20170124,16,O3,长春,57.0
20170124,16,O3_24h,长春,68.0
20170124,16,O3_8h,长春,51.0
20170124,16,O3_8h_24h,长春,51.0
20170124,16,CO,长春,1.34
20170124,16,CO_24h,长春,1.87
20170124,17,AQI,长春,103.0
20170124,17,PM2.5,长春,77.0
20170124,17,PM2.5_24h,长春,110.0
20170124,17,PM10,长春,104.0
20170124,17,PM10_24h,长春,133.0
20170124,17,SO2,长春,99.0
20170124,17,SO2_24h,长春,77.0
20170124,17,NO2,长春,68.0
20170124,17,NO2_24h,长春,64.0
20170124,17,O3,长春,42.0
20170124,17,O3_24h,长春,68.0
20170124,17,O3_8h,长春,53.0
20170124,17,O3_8h_24h,长春,54.0
20170124,17,CO,长春,1.53
20170124,17,CO_24h,长春,1.87
20170124,18,AQI,长春,125.0
20170124,18,PM2.5,长春,95.0
20170124,18,PM2.5_24h,长春,111.0
20170124,18,PM10,长春,121.0
20170124,18,PM10_24h,长春,134.0
20170124,18,SO2,长春,102.0
20170124,18,SO2_24h,长春,78.0
20170124,18,NO2,长春,79.0
20170124,18,NO2_24h,长春,64.0
20170124,18,O3,长春,32.0
20170124,18,O3_24h,长春,68.0
20170124,18,O3_8h,长春,53.0
20170124,18,O3_8h_24h,长春,54.0
20170124,18,CO,长春,1.77
20170124,18,CO_24h,长春,1.87
20170124,19,AQI,长春,145.0
20170124,19,PM2.5,长春,111.0
20170124,19,PM2.5_24h,长春,111.0
20170124,19,PM10,长春,140.0
20170124,19,PM10_24h,长春,135.0
20170124,19,SO2,长春,102.0
20170124,19,SO2_24h,长春,79.0
20170124,19,NO2,长春,90.0
20170124,19,NO2_24h,长春,65.0
20170124,19,O3,长春,21.0
20170124,19,O3_24h,长春,68.0
20170124,19,O3_8h,长春,50.0
20170124,19,O3_8h_24h,长春,54.0
20170124,19,CO,长春,1.9
20170124,19,CO_24h,长春,1.87
20170124,20,AQI,长春,169.0
20170124,20,PM2.5,长春,128.0
20170124,20,PM2.5_24h,长春,112.0
20170124,20,PM10,长春,155.0
20170124,20,PM10_24h,长春,137.0
20170124,20,SO2,长春,112.0
20170124,20,SO2_24h,长春,81.0
20170124,20,NO2,长春,89.0
20170124,20,NO2_24h,长春,65.0
20170124,20,O3,长春,16.0
20170124,20,O3_24h,长春,68.0
20170124,20,O3_8h,长春,45.0
20170124,20,O3_8h_24h,长春,54.0
20170124,20,CO,长春,2.08
20170124,20,CO_24h,长春,1.89
20170124,21,AQI,长春,170.0
20170124,21,PM2.5,长春,129.0
20170124,21,PM2.5_24h,长春,112.0
20170124,21,PM10,长春,162.0
20170124,21,PM10_24h,长春,138.0
20170124,21,SO2,长春,116.0
20170124,21,SO2_24h,长春,82.0
20170124,21,NO2,长春,89.0
20170124,21,NO2_24h,长春,66.0
20170124,21,O3,长春,13.0
20170124,21,O3_24h,长春,68.0
20170124,21,O3_8h,长春,39.0
20170124,21,O3_8h_24h,长春,54.0
20170124,21,CO,长春,2.16
20170124,21,CO_24h,长春,1.9
20170124,22,AQI,长春,159.0
20170124,22,PM2.5,长春,121.0
20170124,22,PM2.5_24h,长春,111.0
20170124,22,PM10,长春,161.0
20170124,22,PM10_24h,长春,138.0
20170124,22,SO2,长春,104.0
20170124,22,SO2_24h,长春,84.0
20170124,22,NO2,长春,83.0
20170124,22,NO2_24h,长春,66.0
20170124,22,O3,长春,13.0
20170124,22,O3_24h,长春,68.0
20170124,22,O3_8h,长春,32.0
20170124,22,O3_8h_24h,长春,54.0
20170124,22,CO,长春,2.2
20170124,22,CO_24h,长春,1.9
20170124,23,AQI,长春,163.0
20170124,23,PM2.5,长春,124.0
20170124,23,PM2.5_24h,长春,109.0
20170124,23,PM10,长春,142.0
20170124,23,PM10_24h,长春,137.0
20170124,23,SO2,长春,88.0
20170124,23,SO2_24h,长春,84.0
20170124,23,NO2,长春,74.0
20170124,23,NO2_24h,长春,66.0
20170124,23,O3,长春,17.0
20170124,23,O3_24h,长春,68.0
20170124,23,O3_8h,长春,26.0
20170124,23,O3_8h_24h,长春,54.0
20170124,23,CO,长春,2.2
20170124,23,CO_24h,长春,1.89
20170124,0,AQI,哈尔滨,120.0
20170124,0,PM2.5,哈尔滨,91.0
20170124,0,PM2.5_24h,哈尔滨,83.0
20170124,0,PM10,哈尔滨,113.0
20170124,0,PM10_24h,哈尔滨,90.0
20170124,0,SO2,哈尔滨,46.0
20170124,0,SO2_24h,哈尔滨,50.0
20170124,0,NO2,哈尔滨,68.0
20170124,0,NO2_24h,哈尔滨,57.0
20170124,0,O3,哈尔滨,23.0
20170124,0,O3_24h,哈尔滨,72.0
20170124,0,O3_8h,哈尔滨,28.0
20170124,0,O3_8h_24h,哈尔滨,54.0
20170124,0,CO,哈尔滨,1.76
20170124,0,CO_24h,哈尔滨,1.26
20170124,1,AQI,哈尔滨,119.0
20170124,1,PM2.5,哈尔滨,90.0
20170124,1,PM2.5_24h,哈尔滨,84.0
20170124,1,PM10,哈尔滨,112.0
20170124,1,PM10_24h,哈尔滨,91.0
20170124,1,SO2,哈尔滨,40.0
20170124,1,SO2_24h,哈尔滨,50.0
20170124,1,NO2,哈尔滨,65.0
20170124,1,NO2_24h,哈尔滨,58.0
20170124,1,O3,哈尔滨,24.0
20170124,1,O3_24h,哈尔滨,72.0
20170124,1,O3_8h,哈尔滨,24.0
20170124,1,O3_8h_24h,哈尔滨,24.0
20170124,1,CO,哈尔滨,1.85
20170124,1,CO_24h,哈尔滨,1.3
20170124,2,AQI,哈尔滨,128.0
20170124,2,PM2.5,哈尔滨,97.0
20170124,2,PM2.5_24h,哈尔滨,86.0
20170124,2,PM10,哈尔滨,115.0
20170124,2,PM10_24h,哈尔滨,93.0
20170124,2,SO2,哈尔滨,34.0
20170124,2,SO2_24h,哈尔滨,50.0
20170124,2,NO2,哈尔滨,66.0
20170124,2,NO2_24h,哈尔滨,58.0
20170124,2,O3,哈尔滨,21.0
20170124,2,O3_24h,哈尔滨,72.0
20170124,2,O3_8h,哈尔滨,22.0
20170124,2,O3_8h_24h,哈尔滨,24.0
20170124,2,CO,哈尔滨,1.98
20170124,2,CO_24h,哈尔滨,1.31
20170124,3,AQI,哈尔滨,126.0
20170124,3,PM2.5,哈尔滨,96.0
20170124,3,PM2.5_24h,哈尔滨,87.0
20170124,3,PM10,哈尔滨,125.0
20170124,3,PM10_24h,哈尔滨,96.0
20170124,3,SO2,哈尔滨,32.0
20170124,3,SO2_24h,哈尔滨,50.0
20170124,3,NO2,哈尔滨,66.0
20170124,3,NO2_24h,哈尔滨,59.0
20170124,3,O3,哈尔滨,21.0
20170124,3,O3_24h,哈尔滨,72.0
20170124,3,O3_8h,哈尔滨,22.0
20170124,3,O3_8h_24h,哈尔滨,24.0
20170124,3,CO,哈尔滨,2.08
20170124,3,CO_24h,哈尔滨,1.35
20170124,4,AQI,哈尔滨,143.0
20170124,4,PM2.5,哈尔滨,109.0
20170124,4,PM2.5_24h,哈尔滨,90.0
20170124,4,PM10,哈尔滨,106.0
20170124,4,PM10_24h,哈尔滨,97.0
20170124,4,SO2,哈尔滨,34.0
20170124,4,SO2_24h,哈尔滨,50.0
20170124,4,NO2,哈尔滨,68.0
20170124,4,NO2_24h,哈尔滨,60.0
20170124,4,O3,哈尔滨,21.0
20170124,4,O3_24h,哈尔滨,72.0
20170124,4,O3_8h,哈尔滨,22.0
20170124,4,O3_8h_24h,哈尔滨,25.0
20170124,4,CO,哈尔滨,2.0
20170124,4,CO_24h,哈尔滨,1.37
20170124,5,AQI,哈尔滨,138.0
20170124,5,PM2.5,哈尔滨,105.0
20170124,5,PM2.5_24h,哈尔滨,92.0
20170124,5,PM10,哈尔滨,110.0
20170124,5,PM10_24h,哈尔滨,99.0
20170124,5,SO2,哈尔滨,44.0
20170124,5,SO2_24h,哈尔滨,49.0
20170124,5,NO2,哈尔滨,65.0
20170124,5,NO2_24h,哈尔滨,60.0
20170124,5,O3,哈尔滨,21.0
20170124,5,O3_24h,哈尔滨,72.0
20170124,5,O3_8h,哈尔滨,22.0
20170124,5,O3_8h_24h,哈尔滨,25.0
20170124,5,CO,哈尔滨,1.93
20170124,5,CO_24h,哈尔滨,1.41
20170124,6,AQI,哈尔滨,146.0
20170124,6,PM2.5,哈尔滨,112.0
20170124,6,PM2.5_24h,哈尔滨,94.0
20170124,6,PM10,哈尔滨,110.0
20170124,6,PM10_24h,哈尔滨,101.0
20170124,6,SO2,哈尔滨,63.0
20170124,6,SO2_24h,哈尔滨,49.0
20170124,6,NO2,哈尔滨,66.0
20170124,6,NO2_24h,哈尔滨,61.0
20170124,6,O3,哈尔滨,21.0
20170124,6,O3_24h,哈尔滨,72.0
20170124,6,O3_8h,哈尔滨,22.0
20170124,6,O3_8h_24h,哈尔滨,25.0
20170124,6,CO,哈尔滨,1.93
20170124,6,CO_24h,哈尔滨,1.45
20170124,7,AQI,哈尔滨,160.0
20170124,7,PM2.5,哈尔滨,122.0
20170124,7,PM2.5_24h,哈尔滨,95.0
20170124,7,PM10,哈尔滨,142.0
20170124,7,PM10_24h,哈尔滨,104.0
20170124,7,SO2,哈尔滨,84.0
20170124,7,SO2_24h,哈尔滨,50.0
20170124,7,NO2,哈尔滨,70.0
20170124,7,NO2_24h,哈尔滨,61.0
20170124,7,O3,哈尔滨,19.0
20170124,7,O3_24h,哈尔滨,72.0
20170124,7,O3_8h,哈尔滨,21.0
20170124,7,O3_8h_24h,哈尔滨,25.0
20170124,7,CO,哈尔滨,1.97
20170124,7,CO_24h,哈尔滨,1.49
20170124,8,AQI,哈尔滨,183.0
20170124,8,PM2.5,哈尔滨,138.0
20170124,8,PM2.5_24h,哈尔滨,96.0
20170124,8,PM10,哈尔滨,183.0
20170124,8,PM10_24h,哈尔滨,106.0
20170124,8,SO2,哈尔滨,92.0
20170124,8,SO2_24h,哈尔滨,51.0
20170124,8,NO2,哈尔滨,74.0
20170124,8,NO2_24h,哈尔滨,62.0
20170124,8,O3,哈尔滨,18.0
20170124,8,O3_24h,哈尔滨,72.0
20170124,8,O3_8h,哈尔滨,21.0
20170124,8,O3_8h_24h,哈尔滨,25.0
20170124,8,CO,哈尔滨,2.07
20170124,8,CO_24h,哈尔滨,1.51
20170124,9,AQI,哈尔滨,181.0
20170124,9,PM2.5,哈尔滨,137.0
20170124,9,PM2.5_24h,哈尔滨,96.0
20170124,9,PM10,哈尔滨,140.0
20170124,9,PM10_24h,哈尔滨,107.0
20170124,9,SO2,哈尔滨,99.0
20170124,9,SO2_24h,哈尔滨,52.0
20170124,9,NO2,哈尔滨,68.0
20170124,9,NO2_24h,哈尔滨,62.0
20170124,9,O3,哈尔滨,24.0
20170124,9,O3_24h,哈尔滨,72.0
20170124,9,O3_8h,哈尔滨,21.0
20170124,9,O3_8h_24h,哈尔滨,25.0
20170124,9,CO,哈尔滨,1.95
20170124,9,CO_24h,哈尔滨,1.52
20170124,10,AQI,哈尔滨,183.0
20170124,10,PM2.5,哈尔滨,138.0
20170124,10,PM2.5_24h,哈尔滨,95.0
20170124,10,PM10,哈尔滨,168.0
20170124,10,PM10_24h,哈尔滨,107.0
20170124,10,SO2,哈尔滨,88.0
20170124,10,SO2_24h,哈尔滨,52.0
20170124,10,NO2,哈尔滨,67.0
20170124,10,NO2_24h,哈尔滨,63.0
20170124,10,O3,哈尔滨,30.0
20170124,10,O3_24h,哈尔滨,72.0
20170124,10,O3_8h,哈尔滨,22.0
20170124,10,O3_8h_24h,哈尔滨,26.0
20170124,10,CO,哈尔滨,1.98
20170124,10,CO_24h,哈尔滨,1.53
20170124,11,AQI,哈尔滨,177.0
20170124,11,PM2.5,哈尔滨,134.0
20170124,11,PM2.5_24h,哈尔滨,96.0
20170124,11,PM10,哈尔滨,154.0
20170124,11,PM10_24h,哈尔滨,108.0
20170124,11,SO2,哈尔滨,84.0
20170124,11,SO2_24h,哈尔滨,53.0
20170124,11,NO2,哈尔滨,66.0
20170124,11,NO2_24h,哈尔滨,63.0
20170124,11,O3,哈尔滨,39.0
20170124,11,O3_24h,哈尔滨,72.0
20170124,11,O3_8h,哈尔滨,24.0
20170124,11,O3_8h_24h,哈尔滨,28.0
20170124,11,CO,哈尔滨,1.83
20170124,11,CO_24h,哈尔滨,1.54
20170124,12,AQI,哈尔滨,161.0
20170124,12,PM2.5,哈尔滨,123.0
20170124,12,PM2.5_24h,哈尔滨,98.0
20170124,12,PM10,哈尔滨,148.0
20170124,12,PM10_24h,哈尔滨,109.0
20170124,12,SO2,哈尔滨,70.0
20170124,12,SO2_24h,哈尔滨,54.0
20170124,12,NO2,哈尔滨,59.0
20170124,12,NO2_24h,哈尔滨,64.0
20170124,12,O3,哈尔滨,54.0
20170124,12,O3_24h,哈尔滨,72.0
20170124,12,O3_8h,哈尔滨,28.0
20170124,12,O3_8h_24h,哈尔滨,31.0
20170124,12,CO,哈尔滨,1.56
20170124,12,CO_24h,哈尔滨,1.55
20170124,13,AQI,哈尔滨,176.0
20170124,13,PM2.5,哈尔滨,133.0
20170124,13,PM2.5_24h,哈尔滨,101.0
20170124,13,PM10,哈尔滨,144.0
20170124,13,PM10_24h,哈尔滨,111.0
20170124,13,SO2,哈尔滨,64.0
20170124,13,SO2_24h,哈尔滨,55.0
20170124,13,NO2,哈尔滨,57.0
20170124,13,NO2_24h,哈尔滨,65.0
20170124,13,O3,哈尔滨,69.0
20170124,13,O3_24h,哈尔滨,76.0
20170124,13,O3_8h,哈尔滨,34.0
20170124,13,O3_8h_24h,哈尔滨,36.0
20170124,13,CO,哈尔滨,1.43
20170124,13,CO_24h,哈尔滨,1.57
20170124,14,AQI,哈尔滨,204.0
20170124,14,PM2.5,哈尔滨,154.0
20170124,14,PM2.5_24h,哈尔滨,105.0
20170124,14,PM10,哈尔滨,182.0
20170124,14,PM10_24h,哈尔滨,115.0
20170124,14,SO2,哈尔滨,62.0
20170124,14,SO2_24h,哈尔滨,57.0
20170124,14,NO2,哈尔滨,63.0
20170124,14,NO2_24h,哈尔滨,66.0
20170124,14,O3,哈尔滨,82.0
20170124,14,O3_24h,哈尔滨,83.0
20170124,14,O3_8h,哈尔滨,42.0
20170124,14,O3_8h_24h,哈尔滨,42.0
20170124,14,CO,哈尔滨,1.52
20170124,14,CO_24h,哈尔滨,1.6
20170124,15,AQI,哈尔滨,199.0
20170124,15,PM2.5,哈尔滨,149.0
20170124,15,PM2.5_24h,哈尔滨,109.0
20170124,15,PM10,哈尔滨,194.0
20170124,15,PM10_24h,哈尔滨,121.0
20170124,15,SO2,哈尔滨,68.0
20170124,15,SO2_24h,哈尔滨,58.0
20170124,15,NO2,哈尔滨,70.0
20170124,15,NO2_24h,哈尔滨,67.0
20170124,15,O3,哈尔滨,76.0
20170124,15,O3_24h,哈尔滨,84.0
20170124,15,O3_8h,哈尔滨,49.0
20170124,15,O3_8h_24h,哈尔滨,49.0
20170124,15,CO,哈尔滨,1.49
20170124,15,CO_24h,哈尔滨,1.63
20170124,16,AQI,哈尔滨,190.0
20170124,16,PM2.5,哈尔滨,143.0
20170124,16,PM2.5_24h,哈尔滨,112.0
20170124,16,PM10,哈尔滨,180.0
20170124,16,PM10_24h,哈尔滨,127.0
20170124,16,SO2,哈尔滨,74.0
20170124,16,SO2_24h,哈尔滨,59.0
20170124,16,NO2,哈尔滨,83.0
20170124,16,NO2_24h,哈尔滨,69.0
20170124,16,O3,哈尔滨,61.0
20170124,16,O3_24h,哈尔滨,84.0
20170124,16,O3_8h,哈尔滨,54.0
20170124,16,O3_8h_24h,哈尔滨,54.0
20170124,16,CO,哈尔滨,1.39
20170124,16,CO_24h,哈尔滨,1.66
20170124,17,AQI,哈尔滨,211.0
20170124,17,PM2.5,哈尔滨,161.0
20170124,17,PM2.5_24h,哈尔滨,117.0
20170124,17,PM10,哈尔滨,166.0
20170124,17,PM10_24h,哈尔滨,132.0
20170124,17,SO2,哈尔滨,82.0
20170124,17,SO2_24h,哈尔滨,61.0
20170124,17,NO2,哈尔滨,103.0
20170124,17,NO2_24h,哈尔滨,70.0
20170124,17,O3,哈尔滨,39.0
20170124,17,O3_24h,哈尔滨,83.0
20170124,17,O3_8h,哈尔滨,56.0
20170124,17,O3_8h_24h,哈尔滨,56.0
20170124,17,CO,哈尔滨,1.58
20170124,17,CO_24h,哈尔滨,1.69
20170124,18,AQI,哈尔滨,183.0
20170124,18,PM2.5,哈尔滨,138.0
20170124,18,PM2.5_24h,哈尔滨,120.0
20170124,18,PM10,哈尔滨,167.0
20170124,18,PM10_24h,哈尔滨,136.0
20170124,18,SO2,哈尔滨,105.0
20170124,18,SO2_24h,哈尔滨,63.0
20170124,18,NO2,哈尔滨,108.0
20170124,18,NO2_24h,哈尔滨,72.0
20170124,18,O3,哈尔滨,30.0
20170124,18,O3_24h,哈尔滨,83.0
20170124,18,O3_8h,哈尔滨,56.0
20170124,18,O3_8h_24h,哈尔滨,57.0
20170124,18,CO,哈尔滨,1.81
20170124,18,CO_24h,哈尔滨,1.7
20170124,19,AQI,哈尔滨,229.0
20170124,19,PM2.5,哈尔滨,179.0
20170124,19,PM2.5_24h,哈尔滨,123.0
20170124,19,PM10,哈尔滨,182.0
20170124,19,PM10_24h,哈尔滨,140.0
20170124,19,SO2,哈尔滨,107.0
20170124,19,SO2_24h,哈尔滨,65.0
20170124,19,NO2,哈尔滨,104.0
20170124,19,NO2_24h,哈尔滨,73.0
20170124,19,O3,哈尔滨,30.0
20170124,19,O3_24h,哈尔滨,83.0
20170124,19,O3_8h,哈尔滨,55.0
20170124,19,O3_8h_24h,哈尔滨,57.0
20170124,19,CO,哈尔滨,1.97
20170124,19,CO_24h,哈尔滨,1.75
20170124,20,AQI,哈尔滨,227.0
20170124,20,PM2.5,哈尔滨,177.0
20170124,20,PM2.5_24h,哈尔滨,127.0
20170124,20,PM10,哈尔滨,221.0
20170124,20,PM10_24h,哈尔滨,144.0
20170124,20,SO2,哈尔滨,101.0
20170124,20,SO2_24h,哈尔滨,67.0
20170124,20,NO2,哈尔滨,101.0
20170124,20,NO2_24h,哈尔滨,74.0
20170124,20,O3,哈尔滨,28.0
20170124,20,O3_24h,哈尔滨,83.0
20170124,20,O3_8h,哈尔滨,52.0
20170124,20,O3_8h_24h,哈尔滨,57.0
20170124,20,CO,哈尔滨,2.0
20170124,20,CO_24h,哈尔滨,1.77
20170124,21,AQI,哈尔滨,226.0
20170124,21,PM2.5,哈尔滨,176.0
20170124,21,PM2.5_24h,哈尔滨,130.0
20170124,21,PM10,哈尔滨,200.0
20170124,21,PM10_24h,哈尔滨,150.0
20170124,21,SO2,哈尔滨,94.0
20170124,21,SO2_24h,哈尔滨,69.0
20170124,21,NO2,哈尔滨,94.0
20170124,21,NO2_24h,哈尔滨,75.0
20170124,21,O3,哈尔滨,26.0
20170124,21,O3_24h,哈尔滨,83.0
20170124,21,O3_8h,哈尔滨,46.0
20170124,21,O3_8h_24h,哈尔滨,57.0
20170124,21,CO,哈尔滨,2.08
20170124,21,CO_24h,哈尔滨,1.78
20170124,22,AQI,哈尔滨,189.0
20170124,22,PM2.5,哈尔滨,142.0
20170124,22,PM2.5_24h,哈尔滨,132.0
20170124,22,PM10,哈尔滨,188.0
20170124,22,PM10_24h,哈尔滨,154.0
20170124,22,SO2,哈尔滨,82.0
20170124,22,SO2_24h,哈尔滨,71.0
20170124,22,NO2,哈尔滨,82.0
20170124,22,NO2_24h,哈尔滨,75.0
20170124,22,O3,哈尔滨,27.0
20170124,22,O3_24h,哈尔滨,83.0
20170124,22,O3_8h,哈尔滨,39.0
20170124,22,O3_8h_24h,哈尔滨,57.0
20170124,22,CO,哈尔滨,1.84
20170124,22,CO_24h,哈尔滨,1.81
20170124,23,AQI,哈尔滨,160.0
20170124,23,PM2.5,哈尔滨,122.0
20170124,23,PM2.5_24h,哈尔滨,133.0
20170124,23,PM10,哈尔滨,150.0
20170124,23,PM10_24h,哈尔滨,154.0
20170124,23,SO2,哈尔滨,70.0
20170124,23,SO2_24h,哈尔滨,72.0
20170124,23,NO2,哈尔滨,73.0
20170124,23,NO2_24h,哈尔滨,75.0
20170124,23,O3,哈尔滨,31.0
20170124,23,O3_24h,哈尔滨,83.0
20170124,23,O3_8h,哈尔滨,34.0
20170124,23,O3_8h_24h,哈尔滨,57.0
20170124,23,CO,哈尔滨,1.6
20170124,23,CO_24h,哈尔滨,1.82
20170124,0,AQI,上海,24.0
20170124,0,PM2.5,上海,14.0
20170124,0,PM2.5_24h,上海,22.0
20170124,0,PM10,上海,22.0
20170124,0,PM10_24h,上海,36.0
20170124,0,SO2,上海,14.0
20170124,0,SO2_24h,上海,17.0
20170124,0,NO2,上海,48.0
20170124,0,NO2_24h,上海,35.0
20170124,0,O3,上海,46.0
20170124,0,O3_24h,上海,93.0
20170124,0,O3_8h,上海,66.0
20170124,0,O3_8h_24h,上海,85.0
20170124,0,CO,上海,0.64
20170124,0,CO_24h,上海,0.75
20170124,1,AQI,上海,24.0
20170124,1,PM2.5,上海,15.0
20170124,1,PM2.5_24h,上海,22.0
20170124,1,PM10,上海,23.0
20170124,1,PM10_24h,上海,35.0
20170124,1,SO2,上海,14.0
20170124,1,SO2_24h,上海,17.0
20170124,1,NO2,上海,47.0
20170124,1,NO2_24h,上海,35.0
20170124,1,O3,上海,45.0
20170124,1,O3_24h,上海,93.0
20170124,1,O3_8h,上海,45.0
20170124,1,O3_8h_24h,上海,45.0
20170124,1,CO,上海,0.65
20170124,1,CO_24h,上海,0.75
20170124,2,AQI,上海,26.0
20170124,2,PM2.5,上海,16.0
20170124,2,PM2.5_24h,上海,22.0
20170124,2,PM10,上海,23.0
20170124,2,PM10_24h,上海,35.0
20170124,2,SO2,上海,14.0
20170124,2,SO2_24h,上海,17.0
20170124,2,NO2,上海,51.0
20170124,2,NO2_24h,上海,36.0
20170124,2,O3,上海,42.0
20170124,2,O3_24h,上海,93.0
20170124,2,O3_8h,上海,44.0
20170124,2,O3_8h_24h,上海,46.0
20170124,2,CO,上海,0.61
20170124,2,CO_24h,上海,0.75
20170124,3,AQI,上海,26.0
20170124,3,PM2.5,上海,16.0
20170124,3,PM2.5_24h,上海,22.0
20170124,3,PM10,上海,22.0
20170124,3,PM10_24h,上海,34.0
20170124,3,SO2,上海,13.0
20170124,3,SO2_24h,上海,17.0
20170124,3,NO2,上海,51.0
20170124,3,NO2_24h,上海,38.0
20170124,3,O3,上海,41.0
20170124,3,O3_24h,上海,93.0
20170124,3,O3_8h,上海,43.0
20170124,3,O3_8h_24h,上海,47.0
20170124,3,CO,上海,0.61
20170124,3,CO_24h,上海,0.75
20170124,4,AQI,上海,26.0
20170124,4,PM2.5,上海,15.0
20170124,4,PM2.5_24h,上海,22.0
20170124,4,PM10,上海,21.0
20170124,4,PM10_24h,上海,34.0
20170124,4,SO2,上海,13.0
20170124,4,SO2_24h,上海,17.0
20170124,4,NO2,上海,51.0
20170124,4,NO2_24h,上海,39.0
20170124,4,O3,上海,43.0
20170124,4,O3_24h,上海,93.0
20170124,4,O3_8h,上海,43.0
20170124,4,O3_8h_24h,上海,48.0
20170124,4,CO,上海,0.61
20170124,4,CO_24h,上海,0.74
20170124,5,AQI,上海,24.0
20170124,5,PM2.5,上海,16.0
20170124,5,PM2.5_24h,上海,22.0
20170124,5,PM10,上海,22.0
20170124,5,PM10_24h,上海,33.0
20170124,5,SO2,上海,13.0
20170124,5,SO2_24h,上海,17.0
20170124,5,NO2,上海,48.0
20170124,5,NO2_24h,上海,40.0
20170124,5,O3,上海,43.0
20170124,5,O3_24h,上海,93.0
20170124,5,O3_8h,上海,43.0
20170124,5,O3_8h_24h,上海,49.0
20170124,5,CO,上海,0.63
20170124,5,CO_24h,上海,0.73
20170124,6,AQI,上海,27.0
20170124,6,PM2.5,上海,17.0
20170124,6,PM2.5_24h,上海,22.0
20170124,6,PM10,上海,24.0
20170124,6,PM10_24h,上海,32.0
20170124,6,SO2,上海,13.0
20170124,6,SO2_24h,上海,16.0
20170124,6,NO2,上海,53.0
20170124,6,NO2_24h,上海,40.0
20170124,6,O3,上海,39.0
20170124,6,O3_24h,上海,93.0
20170124,6,O3_8h,上海,43.0
20170124,6,O3_8h_24h,上海,49.0
20170124,6,CO,上海,0.61
20170124,6,CO_24h,上海,0.73
20170124,7,AQI,上海,33.0
20170124,7,PM2.5,上海,19.0
20170124,7,PM2.5_24h,上海,21.0
20170124,7,PM10,上海,28.0
20170124,7,PM10_24h,上海,32.0
20170124,7,SO2,上海,13.0
20170124,7,SO2_24h,上海,16.0
20170124,7,NO2,上海,65.0
20170124,7,NO2_24h,上海,40.0
20170124,7,O3,上海,29.0
20170124,7,O3_24h,上海,93.0
20170124,7,O3_8h,上海,41.0
20170124,7,O3_8h_24h,上海,49.0
20170124,7,CO,上海,0.66
20170124,7,CO_24h,上海,0.73
20170124,8,AQI,上海,38.0
20170124,8,PM2.5,上海,20.0
20170124,8,PM2.5_24h,上海,21.0
20170124,8,PM10,上海,32.0
20170124,8,PM10_24h,上海,31.0
20170124,8,SO2,上海,14.0
20170124,8,SO2_24h,上海,16.0
20170124,8,NO2,上海,76.0
20170124,8,NO2_24h,上海,40.0
20170124,8,O3,上海,23.0
20170124,8,O3_24h,上海,93.0
20170124,8,O3_8h,上海,38.0
20170124,8,O3_8h_24h,上海,49.0
20170124,8,CO,上海,0.81
20170124,8,CO_24h,上海,0.71
20170124,9,AQI,上海,37.0
20170124,9,PM2.5,上海,22.0
20170124,9,PM2.5_24h,上海,21.0
20170124,9,PM10,上海,37.0
20170124,9,PM10_24h,上海,30.0
20170124,9,SO2,上海,17.0
20170124,9,SO2_24h,上海,16.0
20170124,9,NO2,上海,62.0
20170124,9,NO2_24h,上海,41.0
20170124,9,O3,上海,37.0
20170124,9,O3_24h,上海,93.0
20170124,9,O3_8h,上海,37.0
20170124,9,O3_8h_24h,上海,49.0
20170124,9,CO,上海,0.79
20170124,9,CO_24h,上海,0.71
20170124,10,AQI,上海,31.0
20170124,10,PM2.5,上海,21.0
20170124,10,PM2.5_24h,上海,20.0
20170124,10,PM10,上海,31.0
20170124,10,PM10_24h,上海,29.0
20170124,10,SO2,上海,18.0
20170124,10,SO2_24h,上海,16.0
20170124,10,NO2,上海,34.0
20170124,10,NO2_24h,上海,41.0
20170124,10,O3,上海,66.0
20170124,10,O3_24h,上海,93.0
20170124,10,O3_8h,上海,40.0
20170124,10,O3_8h_24h,上海,49.0
20170124,10,CO,上海,0.67
20170124,10,CO_24h,上海,0.7
20170124,11,AQI,上海,30.0
20170124,11,PM2.5,上海,20.0
20170124,11,PM2.5_24h,上海,20.0
20170124,11,PM10,上海,30.0
20170124,11,PM10_24h,上海,29.0
20170124,11,SO2,上海,19.0
20170124,11,SO2_24h,上海,15.0
20170124,11,NO2,上海,22.0
20170124,11,NO2_24h,上海,40.0
20170124,11,O3,上海,79.0
20170124,11,O3_24h,上海,93.0
20170124,11,O3_8h,上海,45.0
20170124,11,O3_8h_24h,上海,50.0
20170124,11,CO,上海,0.65
20170124,11,CO_24h,上海,0.7
20170124,12,AQI,上海,31.0
20170124,12,PM2.5,上海,20.0
20170124,12,PM2.5_24h,上海,19.0
20170124,12,PM10,上海,31.0
20170124,12,PM10_24h,上海,28.0
20170124,12,SO2,上海,20.0
20170124,12,SO2_24h,上海,15.0
20170124,12,NO2,上海,20.0
20170124,12,NO2_24h,上海,40.0
20170124,12,O3,上海,86.0
20170124,12,O3_24h,上海,93.0
20170124,12,O3_8h,上海,51.0
20170124,12,O3_8h_24h,上海,53.0
20170124,12,CO,上海,0.63
20170124,12,CO_24h,上海,0.69
20170124,13,AQI,上海,33.0
20170124,13,PM2.5,上海,22.0
20170124,13,PM2.5_24h,上海,19.0
20170124,13,PM10,上海,33.0
20170124,13,PM10_24h,上海,29.0
20170124,13,SO2,上海,21.0
20170124,13,SO2_24h,上海,15.0
20170124,13,NO2,上海,18.0
20170124,13,NO2_24h,上海,40.0
20170124,13,O3,上海,91.0
20170124,13,O3_24h,上海,93.0
20170124,13,O3_8h,上海,56.0
20170124,13,O3_8h_24h,上海,57.0
20170124,13,CO,上海,0.65
20170124,13,CO_24h,上海,0.69
20170124,14,AQI,上海,35.0
20170124,14,PM2.5,上海,22.0
20170124,14,PM2.5_24h,上海,19.0
20170124,14,PM10,上海,35.0
20170124,14,PM10_24h,上海,28.0
20170124,14,SO2,上海,20.0
20170124,14,SO2_24h,上海,15.0
20170124,14,NO2,上海,19.0
20170124,14,NO2_24h,上海,39.0
20170124,14,O3,上海,96.0
20170124,14,O3_24h,上海,96.0
20170124,14,O3_8h,上海,65.0
20170124,14,O3_8h_24h,上海,65.0
20170124,14,CO,上海,0.63
20170124,14,CO_24h,上海,0.67
20170124,15,AQI,上海,41.0
20170124,15,PM2.5,上海,24.0
20170124,15,PM2.5_24h,上海,19.0
20170124,15,PM10,上海,41.0
20170124,15,PM10_24h,上海,28.0
20170124,15,SO2,上海,21.0
20170124,15,SO2_24h,上海,15.0
20170124,15,NO2,上海,23.0
20170124,15,NO2_24h,上海,40.0
20170124,15,O3,上海,99.0
20170124,15,O3_24h,上海,99.0
20170124,15,O3_8h,上海,72.0
20170124,15,O3_8h_24h,上海,72.0
20170124,15,CO,上海,0.66
20170124,15,CO_24h,上海,0.67
20170124,16,AQI,上海,44.0
20170124,16,PM2.5,上海,29.0
20170124,16,PM2.5_24h,上海,19.0
20170124,16,PM10,上海,44.0
20170124,16,PM10_24h,上海,29.0
20170124,16,SO2,上海,22.0
20170124,16,SO2_24h,上海,16.0
20170124,16,NO2,上海,25.0
20170124,16,NO2_24h,上海,40.0
20170124,16,O3,上海,103.0
20170124,16,O3_24h,上海,104.0
20170124,16,O3_8h,上海,82.0
20170124,16,O3_8h_24h,上海,82.0
20170124,16,CO,上海,0.72
20170124,16,CO_24h,上海,0.67
20170124,17,AQI,上海,52.0
20170124,17,PM2.5,上海,36.0
20170124,17,PM2.5_24h,上海,19.0
20170124,17,PM10,上海,54.0
20170124,17,PM10_24h,上海,29.0
20170124,17,SO2,上海,22.0
20170124,17,SO2_24h,上海,16.0
20170124,17,NO2,上海,29.0
20170124,17,NO2_24h,上海,40.0
20170124,17,O3,上海,103.0
20170124,17,O3_24h,上海,105.0
20170124,17,O3_8h,上海,90.0
20170124,17,O3_8h_24h,上海,90.0
20170124,17,CO,上海,0.79
20170124,17,CO_24h,上海,0.67
20170124,18,AQI,上海,55.0
20170124,18,PM2.5,上海,39.0
20170124,18,PM2.5_24h,上海,20.0
20170124,18,PM10,上海,55.0
20170124,18,PM10_24h,上海,31.0
20170124,18,SO2,上海,21.0
20170124,18,SO2_24h,上海,16.0
20170124,18,NO2,上海,36.0
20170124,18,NO2_24h,上海,40.0
20170124,18,O3,上海,95.0
20170124,18,O3_24h,上海,105.0
20170124,18,O3_8h,上海,94.0
20170124,18,O3_8h_24h,上海,94.0
20170124,18,CO,上海,0.86
20170124,18,CO_24h,上海,0.67
20170124,19,AQI,上海,59.0
20170124,19,PM2.5,上海,42.0
20170124,19,PM2.5_24h,上海,21.0
20170124,19,PM10,上海,58.0
20170124,19,PM10_24h,上海,32.0
20170124,19,SO2,上海,19.0
20170124,19,SO2_24h,上海,16.0
20170124,19,NO2,上海,42.0
20170124,19,NO2_24h,上海,41.0
20170124,19,O3,上海,86.0
20170124,19,O3_24h,上海,105.0
20170124,19,O3_8h,上海,95.0
20170124,19,O3_8h_24h,上海,95.0
20170124,19,CO,上海,0.9
20170124,19,CO_24h,上海,0.67
20170124,20,AQI,上海,63.0
20170124,20,PM2.5,上海,45.0
20170124,20,PM2.5_24h,上海,22.0
20170124,20,PM10,上海,61.0
20170124,20,PM10_24h,上海,33.0
20170124,20,SO2,上海,19.0
20170124,20,SO2_24h,上海,17.0
20170124,20,NO2,上海,41.0
20170124,20,NO2_24h,上海,41.0
20170124,20,O3,上海,87.0
20170124,20,O3_24h,上海,105.0
20170124,20,O3_8h,上海,95.0
20170124,20,O3_8h_24h,上海,95.0
20170124,20,CO,上海,0.89
20170124,20,CO_24h,上海,0.69
20170124,21,AQI,上海,64.0
20170124,21,PM2.5,上海,46.0
20170124,21,PM2.5_24h,上海,24.0
20170124,21,PM10,上海,63.0
20170124,21,PM10_24h,上海,35.0
20170124,21,SO2,上海,20.0
20170124,21,SO2_24h,上海,17.0
20170124,21,NO2,上海,43.0
20170124,21,NO2_24h,上海,41.0
20170124,21,O3,上海,87.0
20170124,21,O3_24h,上海,105.0
20170124,21,O3_8h,上海,95.0
20170124,21,O3_8h_24h,上海,95.0
20170124,21,CO,上海,0.93
20170124,21,CO_24h,上海,0.7
20170124,22,AQI,上海,71.0
20170124,22,PM2.5,上海,52.0
20170124,22,PM2.5_24h,上海,25.0
20170124,22,PM10,上海,67.0
20170124,22,PM10_24h,上海,37.0
20170124,22,SO2,上海,21.0
20170124,22,SO2_24h,上海,17.0
20170124,22,NO2,上海,47.0
20170124,22,NO2_24h,上海,42.0
20170124,22,O3,上海,85.0
20170124,22,O3_24h,上海,105.0
20170124,22,O3_8h,上海,93.0
20170124,22,O3_8h_24h,上海,95.0
20170124,22,CO,上海,0.98
20170124,22,CO_24h,上海,0.71
20170124,23,AQI,上海,79.0
20170124,23,PM2.5,上海,58.0
20170124,23,PM2.5_24h,上海,27.0
20170124,23,PM10,上海,71.0
20170124,23,PM10_24h,上海,39.0
20170124,23,SO2,上海,22.0
20170124,23,SO2_24h,上海,18.0
20170124,23,NO2,上海,50.0
20170124,23,NO2_24h,上海,42.0
20170124,23,O3,上海,82.0
20170124,23,O3_24h,上海,105.0
20170124,23,O3_8h,上海,91.0
20170124,23,O3_8h_24h,上海,96.0
20170124,23,CO,上海,0.96
20170124,23,CO_24h,上海,0.72
20170124,0,AQI,南京,68.0
20170124,0,PM2.5,南京,49.0
20170124,0,PM2.5_24h,南京,39.0
20170124,0,PM10,南京,82.0
20170124,0,PM10_24h,南京,76.0
20170124,0,SO2,南京,19.0
20170124,0,SO2_24h,南京,27.0
20170124,0,NO2,南京,43.0
20170124,0,NO2_24h,南京,45.0
20170124,0,O3,南京,61.0
20170124,0,O3_24h,南京,104.0
20170124,0,O3_8h,南京,68.0
20170124,0,O3_8h_24h,南京,87.0
20170124,0,CO,南京,0.96
20170124,0,CO_24h,南京,1.09
20170124,1,AQI,南京,63.0
20170124,1,PM2.5,南京,43.0
20170124,1,PM2.5_24h,南京,39.0
20170124,1,PM10,南京,76.0
20170124,1,PM10_24h,南京,75.0
20170124,1,SO2,南京,18.0
20170124,1,SO2_24h,南京,26.0
20170124,1,NO2,南京,36.0
20170124,1,NO2_24h,南京,44.0
20170124,1,O3,南京,67.0
20170124,1,O3_24h,南京,104.0
20170124,1,O3_8h,南京,67.0
20170124,1,O3_8h_24h,南京,67.0
20170124,1,CO,南京,0.9
20170124,1,CO_24h,南京,1.09
20170124,2,AQI,南京,58.0
20170124,2,PM2.5,南京,38.0
20170124,2,PM2.5_24h,南京,39.0
20170124,2,PM10,南京,65.0
20170124,2,PM10_24h,南京,74.0
20170124,2,SO2,南京,17.0
20170124,2,SO2_24h,南京,26.0
20170124,2,NO2,南京,37.0
20170124,2,NO2_24h,南京,43.0
20170124,2,O3,南京,64.0
20170124,2,O3_24h,南京,104.0
20170124,2,O3_8h,南京,66.0
20170124,2,O3_8h_24h,南京,68.0
20170124,2,CO,南京,0.91
20170124,2,CO_24h,南京,1.1
20170124,3,AQI,南京,57.0
20170124,3,PM2.5,南京,39.0
20170124,3,PM2.5_24h,南京,39.0
20170124,3,PM10,南京,64.0
20170124,3,PM10_24h,南京,73.0
20170124,3,SO2,南京,16.0
20170124,3,SO2_24h,南京,25.0
20170124,3,NO2,南京,40.0
20170124,3,NO2_24h,南京,43.0
20170124,3,O3,南京,54.0
20170124,3,O3_24h,南京,104.0
20170124,3,O3_8h,南京,62.0
20170124,3,O3_8h_24h,南京,68.0
20170124,3,CO,南京,0.93
20170124,3,CO_24h,南京,1.09
20170124,4,AQI,南京,56.0
20170124,4,PM2.5,南京,38.0
20170124,4,PM2.5_24h,南京,38.0
20170124,4,PM10,南京,61.0
20170124,4,PM10_24h,南京,72.0
20170124,4,SO2,南京,15.0
20170124,4,SO2_24h,南京,25.0
20170124,4,NO2,南京,39.0
20170124,4,NO2_24h,南京,43.0
20170124,4,O3,南京,50.0
20170124,4,O3_24h,南京,104.0
20170124,4,O3_8h,南京,59.0
20170124,4,O3_8h_24h,南京,68.0
20170124,4,CO,南京,0.91
20170124,4,CO_24h,南京,1.09
20170124,5,AQI,南京,52.0
20170124,5,PM2.5,南京,35.0
20170124,5,PM2.5_24h,南京,38.0
20170124,5,PM10,南京,54.0
20170124,5,PM10_24h,南京,71.0
20170124,5,SO2,南京,14.0
20170124,5,SO2_24h,南京,24.0
20170124,5,NO2,南京,39.0
20170124,5,NO2_24h,南京,42.0
20170124,5,O3,南京,45.0
20170124,5,O3_24h,南京,104.0
20170124,5,O3_8h,南京,56.0
20170124,5,O3_8h_24h,南京,68.0
20170124,5,CO,南京,0.92
20170124,5,CO_24h,南京,1.09
20170124,6,AQI,南京,47.0
20170124,6,PM2.5,南京,27.0
20170124,6,PM2.5_24h,南京,37.0
20170124,6,PM10,南京,47.0
20170124,6,PM10_24h,南京,70.0
20170124,6,SO2,南京,13.0
20170124,6,SO2_24h,南京,23.0
20170124,6,NO2,南京,41.0
20170124,6,NO2_24h,南京,42.0
20170124,6,O3,南京,40.0
20170124,6,O3_24h,南京,104.0
20170124,6,O3_8h,南京,54.0
20170124,6,O3_8h_24h,南京,68.0
20170124,6,CO,南京,0.9
20170124,6,CO_24h,南京,1.08
20170124,7,AQI,南京,45.0
20170124,7,PM2.5,南京,28.0
20170124,7,PM2.5_24h,南京,37.0
20170124,7,PM10,南京,45.0
20170124,7,PM10_24h,南京,69.0
20170124,7,SO2,南京,13.0
20170124,7,SO2_24h,南京,23.0
20170124,7,NO2,南京,48.0
20170124,7,NO2_24h,南京,42.0
20170124,7,O3,南京,32.0
20170124,7,O3_24h,南京,104.0
20170124,7,O3_8h,南京,50.0
20170124,7,O3_8h_24h,南京,68.0
20170124,7,CO,南京,0.92
20170124,7,CO_24h,南京,1.06
20170124,8,AQI,南京,43.0
20170124,8,PM2.5,南京,25.0
20170124,8,PM2.5_24h,南京,36.0
20170124,8,PM10,南京,43.0
20170124,8,PM10_24h,南京,68.0
20170124,8,SO2,南京,14.0
20170124,8,SO2_24h,南京,22.0
20170124,8,NO2,南京,52.0
20170124,8,NO2_24h,南京,41.0
20170124,8,O3,南京,29.0
20170124,8,O3_24h,南京,104.0
20170124,8,O3_8h,南京,48.0
20170124,8,O3_8h_24h,南京,68.0
20170124,8,CO,南京,0.91
20170124,8,CO_24h,南京,1.04
20170124,9,AQI,南京,46.0
20170124,9,PM2.5,南京,25.0
20170124,9,PM2.5_24h,南京,36.0
20170124,9,PM10,南京,46.0
20170124,9,PM10_24h,南京,67.0
20170124,9,SO2,南京,15.0
20170124,9,SO2_24h,南京,22.0
20170124,9,NO2,南京,40.0
20170124,9,NO2_24h,南京,41.0
20170124,9,O3,南京,44.0
20170124,9,O3_24h,南京,104.0
20170124,9,O3_8h,南京,45.0
20170124,9,O3_8h_24h,南京,68.0
20170124,9,CO,南京,0.87
20170124,9,CO_24h,南京,1.03
20170124,10,AQI,南京,42.0
20170124,10,PM2.5,南京,18.0
20170124,10,PM2.5_24h,南京,35.0
20170124,10,PM10,南京,42.0
20170124,10,PM10_24h,南京,66.0
20170124,10,SO2,南京,16.0
20170124,10,SO2_24h,南京,21.0
20170124,10,NO2,南京,32.0
20170124,10,NO2_24h,南京,40.0
20170124,10,O3,南京,61.0
20170124,10,O3_24h,南京,104.0
20170124,10,O3_8h,南京,44.0
20170124,10,O3_8h_24h,南京,68.0
20170124,10,CO,南京,0.77
20170124,10,CO_24h,南京,1.0
20170124,11,AQI,南京,40.0
20170124,11,PM2.5,南京,17.0
20170124,11,PM2.5_24h,南京,35.0
20170124,11,PM10,南京,40.0
20170124,11,PM10_24h,南京,64.0
20170124,11,SO2,南京,17.0
20170124,11,SO2_24h,南京,21.0
20170124,11,NO2,南京,25.0
20170124,11,NO2_24h,南京,39.0
20170124,11,O3,南京,75.0
20170124,11,O3_24h,南京,104.0
20170124,11,O3_8h,南京,47.0
20170124,11,O3_8h_24h,南京,68.0
20170124,11,CO,南京,0.74
20170124,11,CO_24h,南京,0.97
20170124,12,AQI,南京,45.0
20170124,12,PM2.5,南京,20.0
20170124,12,PM2.5_24h,南京,35.0
20170124,12,PM10,南京,45.0
20170124,12,PM10_24h,南京,63.0
20170124,12,SO2,南京,18.0
20170124,12,SO2_24h,南京,20.0
20170124,12,NO2,南京,24.0
20170124,12,NO2_24h,南京,39.0
20170124,12,O3,南京,83.0
20170124,12,O3_24h,南京,103.0
20170124,12,O3_8h,南京,51.0
20170124,12,O3_8h_24h,南京,68.0
20170124,12,CO,南京,0.78
20170124,12,CO_24h,南京,0.94
20170124,13,AQI,南京,48.0
20170124,13,PM2.5,南京,20.0
20170124,13,PM2.5_24h,南京,34.0
20170124,13,PM10,南京,48.0
20170124,13,PM10_24h,南京,62.0
20170124,13,SO2,南京,19.0
20170124,13,SO2_24h,南京,20.0
20170124,13,NO2,南京,27.0
20170124,13,NO2_24h,南京,39.0
20170124,13,O3,南京,86.0
20170124,13,O3_24h,南京,103.0
20170124,13,O3_8h,南京,56.0
20170124,13,O3_8h_24h,南京,68.0
20170124,13,CO,南京,0.82
20170124,13,CO_24h,南京,0.93
20170124,14,AQI,南京,51.0
20170124,14,PM2.5,南京,22.0
20170124,14,PM2.5_24h,南京,33.0
20170124,14,PM10,南京,51.0
20170124,14,PM10_24h,南京,61.0
20170124,14,SO2,南京,19.0
20170124,14,SO2_24h,南京,19.0
20170124,14,NO2,南京,25.0
20170124,14,NO2_24h,南京,39.0
20170124,14,O3,南京,93.0
20170124,14,O3_24h,南京,104.0
20170124,14,O3_8h,南京,63.0
20170124,14,O3_8h_24h,南京,68.0
20170124,14,CO,南京,0.73
20170124,14,CO_24h,南京,0.91
20170124,15,AQI,南京,51.0
20170124,15,PM2.5,南京,22.0
20170124,15,PM2.5_24h,南京,33.0
20170124,15,PM10,南京,51.0
20170124,15,PM10_24h,南京,60.0
20170124,15,SO2,南京,19.0
20170124,15,SO2_24h,南京,19.0
20170124,15,NO2,南京,25.0
20170124,15,NO2_24h,南京,39.0
20170124,15,O3,南京,96.0
20170124,15,O3_24h,南京,106.0
20170124,15,O3_8h,南京,71.0
20170124,15,O3_8h_24h,南京,72.0
20170124,15,CO,南京,0.71
20170124,15,CO_24h,南京,0.89
20170124,16,AQI,南京,47.0
20170124,16,PM2.5,南京,21.0
20170124,16,PM2.5_24h,南京,32.0
20170124,16,PM10,南京,47.0
20170124,16,PM10_24h,南京,59.0
20170124,16,SO2,南京,18.0
20170124,16,SO2_24h,南京,19.0
20170124,16,NO2,南京,28.0
20170124,16,NO2_24h,南京,39.0
20170124,16,O3,南京,94.0
20170124,16,O3_24h,南京,99.0
20170124,16,O3_8h,南京,79.0
20170124,16,O3_8h_24h,南京,79.0
20170124,16,CO,南京,0.71
20170124,16,CO_24h,南京,0.88
20170124,17,AQI,南京,49.0
20170124,17,PM2.5,南京,23.0
20170124,17,PM2.5_24h,南京,32.0
20170124,17,PM10,南京,49.0
20170124,17,PM10_24h,南京,59.0
20170124,17,SO2,南京,18.0
20170124,17,SO2_24h,南京,19.0
20170124,17,NO2,南京,36.0
20170124,17,NO2_24h,南京,39.0
20170124,17,O3,南京,87.0
20170124,17,O3_24h,南京,96.0
20170124,17,O3_8h,南京,85.0
20170124,17,O3_8h_24h,南京,85.0
20170124,17,CO,南京,0.74
20170124,17,CO_24h,南京,0.88
20170124,18,AQI,南京,52.0
20170124,18,PM2.5,南京,28.0
20170124,18,PM2.5_24h,南京,32.0
20170124,18,PM10,南京,54.0
20170124,18,PM10_24h,南京,58.0
20170124,18,SO2,南京,19.0
20170124,18,SO2_24h,南京,18.0
20170124,18,NO2,南京,48.0
20170124,18,NO2_24h,南京,39.0
20170124,18,O3,南京,73.0
20170124,18,O3_24h,南京,96.0
20170124,18,O3_8h,南京,86.0
20170124,18,O3_8h_24h,南京,86.0
20170124,18,CO,南京,0.83
20170124,18,CO_24h,南京,0.86
20170124,19,AQI,南京,56.0
20170124,19,PM2.5,南京,31.0
20170124,19,PM2.5_24h,南京,32.0
20170124,19,PM10,南京,61.0
20170124,19,PM10_24h,南京,58.0
20170124,19,SO2,南京,18.0
20170124,19,SO2_24h,南京,18.0
20170124,19,NO2,南京,57.0
20170124,19,NO2_24h,南京,39.0
20170124,19,O3,南京,57.0
20170124,19,O3_24h,南京,96.0
20170124,19,O3_8h,南京,84.0
20170124,19,O3_8h_24h,南京,86.0
20170124,19,CO,南京,0.96
20170124,19,CO_24h,南京,0.84
20170124,20,AQI,南京,57.0
20170124,20,PM2.5,南京,35.0
20170124,20,PM2.5_24h,南京,31.0
20170124,20,PM10,南京,64.0
20170124,20,PM10_24h,南京,58.0
20170124,20,SO2,南京,21.0
20170124,20,SO2_24h,南京,18.0
20170124,20,NO2,南京,59.0
20170124,20,NO2_24h,南京,40.0
20170124,20,O3,南京,51.0
20170124,20,O3_24h,南京,96.0
20170124,20,O3_8h,南京,80.0
20170124,20,O3_8h_24h,南京,86.0
20170124,20,CO,南京,0.96
20170124,20,CO_24h,南京,0.88
20170124,21,AQI,南京,59.0
20170124,21,PM2.5,南京,39.0
20170124,21,PM2.5_24h,南京,31.0
20170124,21,PM10,南京,68.0
20170124,21,PM10_24h,南京,57.0
20170124,21,SO2,南京,24.0
20170124,21,SO2_24h,南京,18.0
20170124,21,NO2,南京,54.0
20170124,21,NO2_24h,南京,40.0
20170124,21,O3,南京,56.0
20170124,21,O3_24h,南京,96.0
20170124,21,O3_8h,南京,76.0
20170124,21,O3_8h_24h,南京,86.0
20170124,21,CO,南京,0.93
20170124,21,CO_24h,南京,0.88
20170124,22,AQI,南京,60.0
20170124,22,PM2.5,南京,37.0
20170124,22,PM2.5_24h,南京,31.0
20170124,22,PM10,南京,69.0
20170124,22,PM10_24h,南京,57.0
20170124,22,SO2,南京,28.0
20170124,22,SO2_24h,南京,18.0
20170124,22,NO2,南京,52.0
20170124,22,NO2_24h,南京,40.0
20170124,22,O3,南京,55.0
20170124,22,O3_24h,南京,96.0
20170124,22,O3_8h,南京,71.0
20170124,22,O3_8h_24h,南京,86.0
20170124,22,CO,南京,1.02
20170124,22,CO_24h,南京,0.88
20170124,23,AQI,南京,64.0
20170124,23,PM2.5,南京,43.0
20170124,23,PM2.5_24h,南京,30.0
20170124,23,PM10,南京,78.0
20170124,23,PM10_24h,南京,56.0
20170124,23,SO2,南京,26.0
20170124,23,SO2_24h,南京,18.0
20170124,23,NO2,南京,47.0
20170124,23,NO2_24h,南京,40.0
20170124,23,O3,南京,59.0
20170124,23,O3_24h,南京,96.0
20170124,23,O3_8h,南京,67.0
20170124,23,O3_8h_24h,南京,86.0
20170124,23,CO,南京,1.0
20170124,23,CO_24h,南京,0.88
20170124,0,AQI,苏州,37.0
20170124,0,PM2.5,苏州,26.0
20170124,0,PM2.5_24h,苏州,34.0
20170124,0,PM10,苏州,31.0
20170124,0,PM10_24h,苏州,44.0
20170124,0,SO2,苏州,13.0
20170124,0,SO2_24h,苏州,17.0
20170124,0,NO2,苏州,42.0
20170124,0,NO2_24h,苏州,44.0
20170124,0,O3,苏州,51.0
20170124,0,O3_24h,苏州,89.0
20170124,0,O3_8h,苏州,55.0
20170124,0,O3_8h_24h,苏州,80.0
20170124,0,CO,苏州,0.61
20170124,0,CO_24h,苏州,0.67
20170124,1,AQI,苏州,34.0
20170124,1,PM2.5,苏州,24.0
20170124,1,PM2.5_24h,苏州,33.0
20170124,1,PM10,苏州,30.0
20170124,1,PM10_24h,苏州,44.0
20170124,1,SO2,苏州,13.0
20170124,1,SO2_24h,苏州,17.0
20170124,1,NO2,苏州,43.0
20170124,1,NO2_24h,苏州,45.0
20170124,1,O3,苏州,47.0
20170124,1,O3_24h,苏州,89.0
20170124,1,O3_8h,苏州,47.0
20170124,1,O3_8h_24h,苏州,47.0
20170124,1,CO,苏州,0.54
20170124,1,CO_24h,苏州,0.66
20170124,2,AQI,苏州,31.0
20170124,2,PM2.5,苏州,22.0
20170124,2,PM2.5_24h,苏州,33.0
20170124,2,PM10,苏州,28.0
20170124,2,PM10_24h,苏州,44.0
20170124,2,SO2,苏州,14.0
20170124,2,SO2_24h,苏州,17.0
20170124,2,NO2,苏州,39.0
20170124,2,NO2_24h,苏州,45.0
20170124,2,O3,苏州,49.0
20170124,2,O3_24h,苏州,89.0
20170124,2,O3_8h,苏州,48.0
20170124,2,O3_8h_24h,苏州,49.0
20170124,2,CO,苏州,0.51
20170124,2,CO_24h,苏州,0.66
20170124,3,AQI,苏州,31.0
20170124,3,PM2.5,苏州,22.0
20170124,3,PM2.5_24h,苏州,33.0
20170124,3,PM10,苏州,25.0
20170124,3,PM10_24h,苏州,43.0
20170124,3,SO2,苏州,14.0
20170124,3,SO2_24h,苏州,17.0
20170124,3,NO2,苏州,38.0
20170124,3,NO2_24h,苏州,45.0
20170124,3,O3,苏州,49.0
20170124,3,O3_24h,苏州,89.0
20170124,3,O3_8h,苏州,49.0
20170124,3,O3_8h_24h,苏州,49.0
20170124,3,CO,苏州,0.5
20170124,3,CO_24h,苏州,0.66
20170124,4,AQI,苏州,30.0
20170124,4,PM2.5,苏州,21.0
20170124,4,PM2.5_24h,苏州,33.0
20170124,4,PM10,苏州,23.0
20170124,4,PM10_24h,苏州,43.0
20170124,4,SO2,苏州,14.0
20170124,4,SO2_24h,苏州,17.0
20170124,4,NO2,苏州,37.0
20170124,4,NO2_24h,苏州,45.0
20170124,4,O3,苏州,49.0
20170124,4,O3_24h,苏州,89.0
20170124,4,O3_8h,苏州,48.0
20170124,4,O3_8h_24h,苏州,49.0
20170124,4,CO,苏州,0.5
20170124,4,CO_24h,苏州,0.66
20170124,5,AQI,苏州,31.0
20170124,5,PM2.5,苏州,22.0
20170124,5,PM2.5_24h,苏州,33.0
20170124,5,PM10,苏州,23.0
20170124,5,PM10_24h,苏州,43.0
20170124,5,SO2,苏州,14.0
20170124,5,SO2_24h,苏州,17.0
20170124,5,NO2,苏州,40.0
20170124,5,NO2_24h,苏州,45.0
20170124,5,O3,苏州,46.0
20170124,5,O3_24h,苏州,89.0
20170124,5,O3_8h,苏州,48.0
20170124,5,O3_8h_24h,苏州,49.0
20170124,5,CO,苏州,0.53
20170124,5,CO_24h,苏州,0.66
20170124,6,AQI,苏州,33.0
20170124,6,PM2.5,苏州,23.0
20170124,6,PM2.5_24h,苏州,32.0
20170124,6,PM10,苏州,27.0
20170124,6,PM10_24h,苏州,43.0
20170124,6,SO2,苏州,14.0
20170124,6,SO2_24h,苏州,17.0
20170124,6,NO2,苏州,46.0
20170124,6,NO2_24h,苏州,45.0
20170124,6,O3,苏州,41.0
20170124,6,O3_24h,苏州,89.0
20170124,6,O3_8h,苏州,47.0
20170124,6,O3_8h_24h,苏州,49.0
20170124,6,CO,苏州,0.5
20170124,6,CO_24h,苏州,0.66
20170124,7,AQI,苏州,36.0
20170124,7,PM2.5,苏州,25.0
20170124,7,PM2.5_24h,苏州,32.0
20170124,7,PM10,苏州,32.0
20170124,7,PM10_24h,苏州,42.0
20170124,7,SO2,苏州,14.0
20170124,7,SO2_24h,苏州,17.0
20170124,7,NO2,苏州,59.0
20170124,7,NO2_24h,苏州,45.0
20170124,7,O3,苏州,32.0
20170124,7,O3_24h,苏州,89.0
20170124,7,O3_8h,苏州,45.0
20170124,7,O3_8h_24h,苏州,49.0
20170124,7,CO,苏州,0.54
20170124,7,CO_24h,苏州,0.63
20170124,8,AQI,苏州,40.0
20170124,8,PM2.5,苏州,28.0
20170124,8,PM2.5_24h,苏州,32.0
20170124,8,PM10,苏州,40.0
20170124,8,PM10_24h,苏州,41.0
20170124,8,SO2,苏州,15.0
20170124,8,SO2_24h,苏州,17.0
20170124,8,NO2,苏州,67.0
20170124,8,NO2_24h,苏州,44.0
20170124,8,O3,苏州,29.0
20170124,8,O3_24h,苏州,89.0
20170124,8,O3_8h,苏州,43.0
20170124,8,O3_8h_24h,苏州,49.0
20170124,8,CO,苏州,0.71
20170124,8,CO_24h,苏州,0.63
20170124,9,AQI,苏州,41.0
20170124,9,PM2.5,苏州,29.0
20170124,9,PM2.5_24h,苏州,32.0
20170124,9,PM10,苏州,40.0
20170124,9,PM10_24h,苏州,41.0
20170124,9,SO2,苏州,15.0
20170124,9,SO2_24h,苏州,16.0
20170124,9,NO2,苏州,57.0
20170124,9,NO2_24h,苏州,44.0
20170124,9,O3,苏州,41.0
20170124,9,O3_24h,苏州,89.0
20170124,9,O3_8h,苏州,42.0
20170124,9,O3_8h_24h,苏州,49.0
20170124,9,CO,苏州,0.69
20170124,9,CO_24h,苏州,0.63
20170124,10,AQI,苏州,36.0
20170124,10,PM2.5,苏州,25.0
20170124,10,PM2.5_24h,苏州,31.0
20170124,10,PM10,苏州,36.0
20170124,10,PM10_24h,苏州,40.0
20170124,10,SO2,苏州,17.0
20170124,10,SO2_24h,苏州,16.0
20170124,10,NO2,苏州,36.0
20170124,10,NO2_24h,苏州,44.0
20170124,10,O3,苏州,62.0
20170124,10,O3_24h,苏州,89.0
20170124,10,O3_8h,苏州,44.0
20170124,10,O3_8h_24h,苏州,49.0
20170124,10,CO,苏州,0.54
20170124,10,CO_24h,苏州,0.63
20170124,11,AQI,苏州,34.0
20170124,11,PM2.5,苏州,24.0
20170124,11,PM2.5_24h,苏州,31.0
20170124,11,PM10,苏州,33.0
20170124,11,PM10_24h,苏州,39.0
20170124,11,SO2,苏州,17.0
20170124,11,SO2_24h,苏州,16.0
20170124,11,NO2,苏州,31.0
20170124,11,NO2_24h,苏州,44.0
20170124,11,O3,苏州,69.0
20170124,11,O3_24h,苏州,89.0
20170124,11,O3_8h,苏州,46.0
20170124,11,O3_8h_24h,苏州,49.0
20170124,11,CO,苏州,0.49
20170124,11,CO_24h,苏州,0.61
20170124,12,AQI,苏州,37.0
20170124,12,PM2.5,苏州,26.0
20170124,12,PM2.5_24h,苏州,30.0
20170124,12,PM10,苏州,30.0
20170124,12,PM10_24h,苏州,39.0
20170124,12,SO2,苏州,18.0
20170124,12,SO2_24h,苏州,16.0
20170124,12,NO2,苏州,32.0
20170124,12,NO2_24h,苏州,44.0
20170124,12,O3,苏州,69.0
20170124,12,O3_24h,苏州,89.0
20170124,12,O3_8h,苏州,49.0
20170124,12,O3_8h_24h,苏州,51.0
20170124,12,CO,苏州,0.44
20170124,12,CO_24h,苏州,0.59
20170124,13,AQI,苏州,41.0
20170124,13,PM2.5,苏州,29.0
20170124,13,PM2.5_24h,苏州,30.0
20170124,13,PM10,苏州,36.0
20170124,13,PM10_24h,苏州,39.0
20170124,13,SO2,苏州,19.0
20170124,13,SO2_24h,苏州,16.0
20170124,13,NO2,苏州,38.0
20170124,13,NO2_24h,苏州,45.0
20170124,13,O3,苏州,68.0
20170124,13,O3_24h,苏州,88.0
20170124,13,O3_8h,苏州,52.0
20170124,13,O3_8h_24h,苏州,53.0
20170124,13,CO,苏州,0.5
20170124,13,CO_24h,苏州,0.59
20170124,14,AQI,苏州,44.0
20170124,14,PM2.5,苏州,31.0
20170124,14,PM2.5_24h,苏州,30.0
20170124,14,PM10,苏州,40.0
20170124,14,PM10_24h,苏州,38.0
20170124,14,SO2,苏州,20.0
20170124,14,SO2_24h,苏州,16.0
20170124,14,NO2,苏州,39.0
20170124,14,NO2_24h,苏州,45.0
20170124,14,O3,苏州,71.0
20170124,14,O3_24h,苏州,87.0
20170124,14,O3_8h,苏州,55.0
20170124,14,O3_8h_24h,苏州,56.0
20170124,14,CO,苏州,0.54
20170124,14,CO_24h,苏州,0.59
20170124,15,AQI,苏州,46.0
20170124,15,PM2.5,苏州,32.0
20170124,15,PM2.5_24h,苏州,30.0
20170124,15,PM10,苏州,39.0
20170124,15,PM10_24h,苏州,38.0
20170124,15,SO2,苏州,21.0
20170124,15,SO2_24h,苏州,16.0
20170124,15,NO2,苏州,36.0
20170124,15,NO2_24h,苏州,45.0
20170124,15,O3,苏州,74.0
20170124,15,O3_24h,苏州,86.0
20170124,15,O3_8h,苏州,60.0
20170124,15,O3_8h_24h,苏州,60.0
20170124,15,CO,苏州,0.54
20170124,15,CO_24h,苏州,0.57
20170124,16,AQI,苏州,49.0
20170124,16,PM2.5,苏州,34.0
20170124,16,PM2.5_24h,苏州,30.0
20170124,16,PM10,苏州,43.0
20170124,16,PM10_24h,苏州,38.0
20170124,16,SO2,苏州,21.0
20170124,16,SO2_24h,苏州,16.0
20170124,16,NO2,苏州,40.0
20170124,16,NO2_24h,苏州,46.0
20170124,16,O3,苏州,71.0
20170124,16,O3_24h,苏州,80.0
20170124,16,O3_8h,苏州,66.0
20170124,16,O3_8h_24h,苏州,66.0
20170124,16,CO,苏州,0.56
20170124,16,CO_24h,苏州,0.57
20170124,17,AQI,苏州,50.0
20170124,17,PM2.5,苏州,35.0
20170124,17,PM2.5_24h,苏州,29.0
20170124,17,PM10,苏州,45.0
20170124,17,PM10_24h,苏州,38.0
20170124,17,SO2,苏州,21.0
20170124,17,SO2_24h,苏州,16.0
20170124,17,NO2,苏州,46.0
20170124,17,NO2_24h,苏州,46.0
20170124,17,O3,苏州,65.0
20170124,17,O3_24h,苏州,75.0
20170124,17,O3_8h,苏州,69.0
20170124,17,O3_8h_24h,苏州,69.0
20170124,17,CO,苏州,0.59
20170124,17,CO_24h,苏州,0.57
20170124,18,AQI,苏州,58.0
20170124,18,PM2.5,苏州,41.0
20170124,18,PM2.5_24h,苏州,29.0
20170124,18,PM10,苏州,55.0
20170124,18,PM10_24h,苏州,38.0
20170124,18,SO2,苏州,20.0
20170124,18,SO2_24h,苏州,16.0
20170124,18,NO2,苏州,58.0
20170124,18,NO2_24h,苏州,46.0
20170124,18,O3,苏州,56.0
20170124,18,O3_24h,苏州,75.0
20170124,18,O3_8h,苏州,68.0
20170124,18,O3_8h_24h,苏州,69.0
20170124,18,CO,苏州,0.76
20170124,18,CO_24h,苏州,0.59
20170124,19,AQI,苏州,70.0
20170124,19,PM2.5,苏州,51.0
20170124,19,PM2.5_24h,苏州,29.0
20170124,19,PM10,苏州,67.0
20170124,19,PM10_24h,苏州,38.0
20170124,19,SO2,苏州,21.0
20170124,19,SO2_24h,苏州,16.0
20170124,19,NO2,苏州,73.0
20170124,19,NO2_24h,苏州,47.0
20170124,19,O3,苏州,42.0
20170124,19,O3_24h,苏州,75.0
20170124,19,O3_8h,苏州,65.0
20170124,19,O3_8h_24h,苏州,69.0
20170124,19,CO,苏州,0.87
20170124,19,CO_24h,苏州,0.59
20170124,20,AQI,苏州,86.0
20170124,20,PM2.5,苏州,64.0
20170124,20,PM2.5_24h,苏州,30.0
20170124,20,PM10,苏州,73.0
20170124,20,PM10_24h,苏州,38.0
20170124,20,SO2,苏州,23.0
20170124,20,SO2_24h,苏州,17.0
20170124,20,NO2,苏州,65.0
20170124,20,NO2_24h,苏州,46.0
20170124,20,O3,苏州,53.0
20170124,20,O3_24h,苏州,75.0
20170124,20,O3_8h,苏州,63.0
20170124,20,O3_8h_24h,苏州,69.0
20170124,20,CO,苏州,0.89
20170124,20,CO_24h,苏州,0.59
20170124,21,AQI,苏州,89.0
20170124,21,PM2.5,苏州,66.0
20170124,21,PM2.5_24h,苏州,31.0
20170124,21,PM10,苏州,72.0
20170124,21,PM10_24h,苏州,38.0
20170124,21,SO2,苏州,23.0
20170124,21,SO2_24h,苏州,17.0
20170124,21,NO2,苏州,64.0
20170124,21,NO2_24h,苏州,46.0
20170124,21,O3,苏州,52.0
20170124,21,O3_24h,苏州,75.0
20170124,21,O3_8h,苏州,61.0
20170124,21,O3_8h_24h,苏州,69.0
20170124,21,CO,苏州,0.86
20170124,21,CO_24h,苏州,0.59
20170124,22,AQI,苏州,90.0
20170124,22,PM2.5,苏州,67.0
20170124,22,PM2.5_24h,苏州,33.0
20170124,22,PM10,苏州,70.0
20170124,22,PM10_24h,苏州,39.0
20170124,22,SO2,苏州,20.0
20170124,22,SO2_24h,苏州,17.0
20170124,22,NO2,苏州,65.0
20170124,22,NO2_24h,苏州,47.0
20170124,22,O3,苏州,48.0
20170124,22,O3_24h,苏州,75.0
20170124,22,O3_8h,苏州,58.0
20170124,22,O3_8h_24h,苏州,69.0
20170124,22,CO,苏州,0.86
20170124,22,CO_24h,苏州,0.61
20170124,23,AQI,苏州,91.0
20170124,23,PM2.5,苏州,68.0
20170124,23,PM2.5_24h,苏州,35.0
20170124,23,PM10,苏州,73.0
20170124,23,PM10_24h,苏州,39.0
20170124,23,SO2,苏州,20.0
20170124,23,SO2_24h,苏州,17.0
20170124,23,NO2,苏州,62.0
20170124,23,NO2_24h,苏州,48.0
20170124,23,O3,苏州,48.0
20170124,23,O3_24h,苏州,75.0
20170124,23,O3_8h,苏州,55.0
20170124,23,O3_8h_24h,苏州,69.0
20170124,23,CO,苏州,0.87
20170124,23,CO_24h,苏州,0.63
20170124,0,AQI,南通,31.0
20170124,0,PM2.5,南通,22.0
20170124,0,PM2.5_24h,南通,30.0
20170124,0,PM10,南通,23.0
20170124,0,PM10_24h,南通,39.0
20170124,0,SO2,南通,10.0
20170124,0,SO2_24h,南通,13.0
20170124,0,NO2,南通,18.0
20170124,0,NO2_24h,南通,19.0
20170124,0,O3,南通,71.0
20170124,0,O3_24h,南通,103.0
20170124,0,O3_8h,南通,79.0
20170124,0,O3_8h_24h,南通,93.0
20170124,0,CO,南通,0.58
20170124,0,CO_24h,南通,0.67
20170124,1,AQI,南通,33.0
20170124,1,PM2.5,南通,23.0
20170124,1,PM2.5_24h,南通,29.0
20170124,1,PM10,南通,29.0
20170124,1,PM10_24h,南通,38.0
20170124,1,SO2,南通,12.0
20170124,1,SO2_24h,南通,13.0
20170124,1,NO2,南通,20.0
20170124,1,NO2_24h,南通,19.0
20170124,1,O3,南通,66.0
20170124,1,O3_24h,南通,103.0
20170124,1,O3_8h,南通,66.0
20170124,1,O3_8h_24h,南通,66.0
20170124,1,CO,南通,0.55
20170124,1,CO_24h,南通,0.65
20170124,2,AQI,南通,33.0
20170124,2,PM2.5,南通,23.0
20170124,2,PM2.5_24h,南通,29.0
20170124,2,PM10,南通,29.0
20170124,2,PM10_24h,南通,38.0
20170124,2,SO2,南通,10.0
20170124,2,SO2_24h,南通,13.0
20170124,2,NO2,南通,20.0
20170124,2,NO2_24h,南通,19.0
20170124,2,O3,南通,61.0
20170124,2,O3_24h,南通,103.0
20170124,2,O3_8h,南通,64.0
20170124,2,O3_8h_24h,南通,67.0
20170124,2,CO,南通,0.55
20170124,2,CO_24h,南通,0.62
20170124,3,AQI,南通,36.0
20170124,3,PM2.5,南通,25.0
20170124,3,PM2.5_24h,南通,29.0
20170124,3,PM10,南通,32.0
20170124,3,PM10_24h,南通,38.0
20170124,3,SO2,南通,10.0
20170124,3,SO2_24h,南通,13.0
20170124,3,NO2,南通,22.0
20170124,3,NO2_24h,南通,19.0
20170124,3,O3,南通,57.0
20170124,3,O3_24h,南通,103.0
20170124,3,O3_8h,南通,62.0
20170124,3,O3_8h_24h,南通,67.0
20170124,3,CO,南通,0.57
20170124,3,CO_24h,南通,0.62
20170124,4,AQI,南通,37.0
20170124,4,PM2.5,南通,26.0
20170124,4,PM2.5_24h,南通,29.0
20170124,4,PM10,南通,32.0
20170124,4,PM10_24h,南通,38.0
20170124,4,SO2,南通,13.0
20170124,4,SO2_24h,南通,13.0
20170124,4,NO2,南通,20.0
20170124,4,NO2_24h,南通,19.0
20170124,4,O3,南通,59.0
20170124,4,O3_24h,南通,103.0
20170124,4,O3_8h,南通,61.0
20170124,4,O3_8h_24h,南通,67.0
20170124,4,CO,南通,0.53
20170124,4,CO_24h,南通,0.62
20170124,5,AQI,南通,36.0
20170124,5,PM2.5,南通,25.0
20170124,5,PM2.5_24h,南通,29.0
20170124,5,PM10,南通,31.0
20170124,5,PM10_24h,南通,37.0
20170124,5,SO2,南通,12.0
20170124,5,SO2_24h,南通,13.0
20170124,5,NO2,南通,23.0
20170124,5,NO2_24h,南通,20.0
20170124,5,O3,南通,59.0
20170124,5,O3_24h,南通,103.0
20170124,5,O3_8h,南通,61.0
20170124,5,O3_8h_24h,南通,67.0
20170124,5,CO,南通,0.53
20170124,5,CO_24h,南通,0.62
20170124,6,AQI,南通,36.0
20170124,6,PM2.5,南通,25.0
20170124,6,PM2.5_24h,南通,29.0
20170124,6,PM10,南通,31.0
20170124,6,PM10_24h,南通,37.0
20170124,6,SO2,南通,10.0
20170124,6,SO2_24h,南通,13.0
20170124,6,NO2,南通,28.0
20170124,6,NO2_24h,南通,20.0
20170124,6,O3,南通,51.0
20170124,6,O3_24h,南通,103.0
20170124,6,O3_8h,南通,59.0
20170124,6,O3_8h_24h,南通,67.0
20170124,6,CO,南通,0.57
20170124,6,CO_24h,南通,0.62
20170124,7,AQI,南通,44.0
20170124,7,PM2.5,南通,31.0
20170124,7,PM2.5_24h,南通,28.0
20170124,7,PM10,南通,38.0
20170124,7,PM10_24h,南通,36.0
20170124,7,SO2,南通,11.0
20170124,7,SO2_24h,南通,13.0
20170124,7,NO2,南通,38.0
20170124,7,NO2_24h,南通,20.0
20170124,7,O3,南通,39.0
20170124,7,O3_24h,南通,103.0
20170124,7,O3_8h,南通,56.0
20170124,7,O3_8h_24h,南通,67.0
20170124,7,CO,南通,0.63
20170124,7,CO_24h,南通,0.6
20170124,8,AQI,南通,49.0
20170124,8,PM2.5,南通,34.0
20170124,8,PM2.5_24h,南通,28.0
20170124,8,PM10,南通,44.0
20170124,8,PM10_24h,南通,37.0
20170124,8,SO2,南通,11.0
20170124,8,SO2_24h,南通,13.0
20170124,8,NO2,南通,55.0
20170124,8,NO2_24h,南通,21.0
20170124,8,O3,南通,22.0
20170124,8,O3_24h,南通,103.0
20170124,8,O3_8h,南通,52.0
20170124,8,O3_8h_24h,南通,67.0
20170124,8,CO,南通,0.72
20170124,8,CO_24h,南通,0.6
20170124,9,AQI,南通,43.0
20170124,9,PM2.5,南通,30.0
20170124,9,PM2.5_24h,南通,28.0
20170124,9,PM10,南通,42.0
20170124,9,PM10_24h,南通,36.0
20170124,9,SO2,南通,13.0
20170124,9,SO2_24h,南通,12.0
20170124,9,NO2,南通,43.0
20170124,9,NO2_24h,南通,21.0
20170124,9,O3,南通,40.0
20170124,9,O3_24h,南通,103.0
20170124,9,O3_8h,南通,49.0
20170124,9,O3_8h_24h,南通,67.0
20170124,9,CO,南通,0.78
20170124,9,CO_24h,南通,0.6
20170124,10,AQI,南通,43.0
20170124,10,PM2.5,南通,26.0
20170124,10,PM2.5_24h,南通,27.0
20170124,10,PM10,南通,43.0
20170124,10,PM10_24h,南通,36.0
20170124,10,SO2,南通,13.0
20170124,10,SO2_24h,南通,12.0
20170124,10,NO2,南通,23.0
20170124,10,NO2_24h,南通,21.0
20170124,10,O3,南通,70.0
20170124,10,O3_24h,南通,103.0
20170124,10,O3_8h,南通,50.0
20170124,10,O3_8h_24h,南通,67.0
20170124,10,CO,南通,0.65
20170124,10,CO_24h,南通,0.6
20170124,11,AQI,南通,39.0
20170124,11,PM2.5,南通,27.0
20170124,11,PM2.5_24h,南通,27.0
20170124,11,PM10,南通,37.0
20170124,11,PM10_24h,南通,35.0
20170124,11,SO2,南通,14.0
20170124,11,SO2_24h,南通,12.0
20170124,11,NO2,南通,9.0
20170124,11,NO2_24h,南通,21.0
20170124,11,O3,南通,87.0
20170124,11,O3_24h,南通,103.0
20170124,11,O3_8h,南通,53.0
20170124,11,O3_8h_24h,南通,67.0
20170124,11,CO,南通,0.6
20170124,11,CO_24h,南通,0.6
20170124,12,AQI,南通,55.0
20170124,12,PM2.5,南通,39.0
20170124,12,PM2.5_24h,南通,27.0
20170124,12,PM10,南通,43.0
20170124,12,PM10_24h,南通,34.0
20170124,12,SO2,南通,15.0
20170124,12,SO2_24h,南通,12.0
20170124,12,NO2,南通,8.0
20170124,12,NO2_24h,南通,21.0
20170124,12,O3,南通,93.0
20170124,12,O3_24h,南通,103.0
20170124,12,O3_8h,南通,58.0
20170124,12,O3_8h_24h,南通,67.0
20170124,12,CO,南通,0.62
20170124,12,CO_24h,南通,0.6
20170124,13,AQI,南通,58.0
20170124,13,PM2.5,南通,41.0
20170124,13,PM2.5_24h,南通,27.0
20170124,13,PM10,南通,47.0
20170124,13,PM10_24h,南通,34.0
20170124,13,SO2,南通,17.0
20170124,13,SO2_24h,南通,12.0
20170124,13,NO2,南通,7.0
20170124,13,NO2_24h,南通,20.0
20170124,13,O3,南通,103.0
20170124,13,O3_24h,南通,106.0
20170124,13,O3_8h,南通,63.0
20170124,13,O3_8h_24h,南通,69.0
20170124,13,CO,南通,0.62
20170124,13,CO_24h,南通,0.6
20170124,14,AQI,南通,58.0
20170124,14,PM2.5,南通,41.0
20170124,14,PM2.5_24h,南通,27.0
20170124,14,PM10,南通,51.0
20170124,14,PM10_24h,南通,34.0
20170124,14,SO2,南通,18.0
20170124,14,SO2_24h,南通,12.0
20170124,14,NO2,南通,7.0
20170124,14,NO2_24h,南通,20.0
20170124,14,O3,南通,108.0
20170124,14,O3_24h,南通,108.0
20170124,14,O3_8h,南通,70.0
20170124,14,O3_8h_24h,南通,73.0
20170124,14,CO,南通,0.62
20170124,14,CO_24h,南通,0.6
20170124,15,AQI,南通,56.0
20170124,15,PM2.5,南通,40.0
20170124,15,PM2.5_24h,南通,27.0
20170124,15,PM10,南通,50.0
20170124,15,PM10_24h,南通,35.0
20170124,15,SO2,南通,18.0
20170124,15,SO2_24h,南通,12.0
20170124,15,NO2,南通,8.0
20170124,15,NO2_24h,南通,20.0
20170124,15,O3,南通,111.0
20170124,15,O3_24h,南通,111.0
20170124,15,O3_8h,南通,79.0
20170124,15,O3_8h_24h,南通,79.0
20170124,15,CO,南通,0.6
20170124,15,CO_24h,南通,0.6
20170124,16,AQI,南通,59.0
20170124,16,PM2.5,南通,42.0
20170124,16,PM2.5_24h,南通,28.0
20170124,16,PM10,南通,52.0
20170124,16,PM10_24h,南通,35.0
20170124,16,SO2,南通,17.0
20170124,16,SO2_24h,南通,12.0
20170124,16,NO2,南通,10.0
20170124,16,NO2_24h,南通,20.0
20170124,16,O3,南通,112.0
20170124,16,O3_24h,南通,112.0
20170124,16,O3_8h,南通,90.0
20170124,16,O3_8h_24h,南通,90.0
20170124,16,CO,南通,0.6
20170124,16,CO_24h,南通,0.6
20170124,17,AQI,南通,63.0
20170124,17,PM2.5,南通,45.0
20170124,17,PM2.5_24h,南通,29.0
20170124,17,PM10,南通,55.0
20170124,17,PM10_24h,南通,36.0
20170124,17,SO2,南通,17.0
20170124,17,SO2_24h,南通,13.0
20170124,17,NO2,南通,14.0
20170124,17,NO2_24h,南通,20.0
20170124,17,O3,南通,109.0
20170124,17,O3_24h,南通,112.0
20170124,17,O3_8h,南通,99.0
20170124,17,O3_8h_24h,南通,99.0
20170124,17,CO,南通,0.62
20170124,17,CO_24h,南通,0.6
20170124,18,AQI,南通,78.0
20170124,18,PM2.5,南通,57.0
20170124,18,PM2.5_24h,南通,30.0
20170124,18,PM10,南通,61.0
20170124,18,PM10_24h,南通,36.0
20170124,18,SO2,南通,15.0
20170124,18,SO2_24h,南通,13.0
20170124,18,NO2,南通,22.0
20170124,18,NO2_24h,南通,21.0
20170124,18,O3,南通,97.0
20170124,18,O3_24h,南通,112.0
20170124,18,O3_8h,南通,102.0
20170124,18,O3_8h_24h,南通,102.0
20170124,18,CO,南通,0.7
20170124,18,CO_24h,南通,0.6
20170124,19,AQI,南通,95.0
20170124,19,PM2.5,南通,71.0
20170124,19,PM2.5_24h,南通,32.0
20170124,19,PM10,南通,71.0
20170124,19,PM10_24h,南通,37.0
20170124,19,SO2,南通,14.0
20170124,19,SO2_24h,南通,13.0
20170124,19,NO2,南通,24.0
20170124,19,NO2_24h,南通,21.0
20170124,19,O3,南通,94.0
20170124,19,O3_24h,南通,112.0
20170124,19,O3_8h,南通,103.0
20170124,19,O3_8h_24h,南通,103.0
20170124,19,CO,南通,0.82
20170124,19,CO_24h,南通,0.6
20170124,20,AQI,南通,100.0
20170124,20,PM2.5,南通,75.0
20170124,20,PM2.5_24h,南通,34.0
20170124,20,PM10,南通,81.0
20170124,20,PM10_24h,南通,38.0
20170124,20,SO2,南通,14.0
20170124,20,SO2_24h,南通,13.0
20170124,20,NO2,南通,26.0
20170124,20,NO2_24h,南通,21.0
20170124,20,O3,南通,90.0
20170124,20,O3_24h,南通,112.0
20170124,20,O3_8h,南通,103.0
20170124,20,O3_8h_24h,南通,104.0
20170124,20,CO,南通,0.85
20170124,20,CO_24h,南通,0.65
20170124,21,AQI,南通,101.0
20170124,21,PM2.5,南通,76.0
20170124,21,PM2.5_24h,南通,36.0
20170124,21,PM10,南通,85.0
20170124,21,PM10_24h,南通,40.0
20170124,21,SO2,南通,15.0
20170124,21,SO2_24h,南通,13.0
20170124,21,NO2,南通,23.0
20170124,21,NO2_24h,南通,21.0
20170124,21,O3,南通,95.0
20170124,21,O3_24h,南通,112.0
20170124,21,O3_8h,南通,102.0
20170124,21,O3_8h_24h,南通,104.0
20170124,21,CO,南通,0.85
20170124,21,CO_24h,南通,0.65
20170124,22,AQI,南通,103.0
20170124,22,PM2.5,南通,77.0
20170124,22,PM2.5_24h,南通,39.0
20170124,22,PM10,南通,78.0
20170124,22,PM10_24h,南通,42.0
20170124,22,SO2,南通,15.0
20170124,22,SO2_24h,南通,14.0
20170124,22,NO2,南通,22.0
20170124,22,NO2_24h,南通,21.0
20170124,22,O3,南通,98.0
20170124,22,O3_24h,南通,112.0
20170124,22,O3_8h,南通,101.0
20170124,22,O3_8h_24h,南通,104.0
20170124,22,CO,南通,0.85
20170124,22,CO_24h,南通,0.65
20170124,23,AQI,南通,100.0
20170124,23,PM2.5,南通,75.0
20170124,23,PM2.5_24h,南通,41.0
20170124,23,PM10,南通,77.0
20170124,23,PM10_24h,南通,43.0
20170124,23,SO2,南通,15.0
20170124,23,SO2_24h,南通,14.0
20170124,23,NO2,南通,18.0
20170124,23,NO2_24h,南通,21.0
20170124,23,O3,南通,103.0
20170124,23,O3_24h,南通,112.0
20170124,23,O3_8h,南通,100.0
20170124,23,O3_8h_24h,南通,104.0
20170124,23,CO,南通,0.8
20170124,23,CO_24h,南通,0.65
20170124,0,AQI,连云港,34.0
20170124,0,PM2.5,连云港,24.0
20170124,0,PM2.5_24h,连云港,39.0
20170124,0,PM10,连云港,33.0
20170124,0,PM10_24h,连云港,57.0
20170124,0,SO2,连云港,41.0
20170124,0,SO2_24h,连云港,41.0
20170124,0,NO2,连云港,18.0
20170124,0,NO2_24h,连云港,43.0
20170124,0,O3,连云港,60.0
20170124,0,O3_24h,连云港,86.0
20170124,0,O3_8h,连云港,66.0
20170124,0,O3_8h_24h,连云港,76.0
20170124,0,CO,连云港,0.6
20170124,0,CO_24h,连云港,1.2
20170124,1,AQI,连云港,33.0
20170124,1,PM2.5,连云港,23.0
20170124,1,PM2.5_24h,连云港,38.0
20170124,1,PM10,连云港,32.0
20170124,1,PM10_24h,连云港,56.0
20170124,1,SO2,连云港,42.0
20170124,1,SO2_24h,连云港,41.0
20170124,1,NO2,连云港,19.0
20170124,1,NO2_24h,连云港,41.0
20170124,1,O3,连云港,58.0
20170124,1,O3_24h,连云港,86.0
20170124,1,O3_8h,连云港,58.0
20170124,1,O3_8h_24h,连云港,58.0
20170124,1,CO,连云港,0.6
20170124,1,CO_24h,连云港,1.1
20170124,2,AQI,连云港,30.0
20170124,2,PM2.5,连云港,21.0
20170124,2,PM2.5_24h,连云港,37.0
20170124,2,PM10_24h,连云港,56.0
20170124,2,SO2,连云港,23.0
20170124,2,SO2_24h,连云港,40.0
20170124,2,NO2,连云港,14.0
20170124,2,NO2_24h,连云港,39.0
20170124,2,O3,连云港,64.0
20170124,2,O3_24h,连云港,86.0
20170124,2,O3_8h,连云港,61.0
20170124,2,O3_8h_24h,连云港,61.0
20170124,2,CO,连云港,0.5
20170124,2,CO_24h,连云港,1.1
20170124,3,AQI,连云港,27.0
20170124,3,PM2.5,连云港,19.0
20170124,3,PM2.5_24h,连云港,36.0
20170124,3,PM10,连云港,20.0
20170124,3,PM10_24h,连云港,55.0
20170124,3,SO2,连云港,18.0
20170124,3,SO2_24h,连云港,39.0
20170124,3,NO2,连云港,13.0
20170124,3,NO2_24h,连云港,36.0
20170124,3,O3,连云港,67.0
20170124,3,O3_24h,连云港,86.0
20170124,3,O3_8h,连云港,63.0
20170124,3,O3_8h_24h,连云港,63.0
20170124,3,CO,连云港,0.5
20170124,3,CO_24h,连云港,1.1
20170124,4,AQI,连云港,26.0
20170124,4,PM2.5,连云港,18.0
20170124,4,PM2.5_24h,连云港,36.0
20170124,4,PM10,连云港,19.0
20170124,4,PM10_24h,连云港,53.0
20170124,4,SO2,连云港,19.0
20170124,4,SO2_24h,连云港,38.0
20170124,4,NO2,连云港,14.0
20170124,4,NO2_24h,连云港,34.0
20170124,4,O3,连云港,66.0
20170124,4,O3_24h,连云港,86.0
20170124,4,O3_8h,连云港,64.0
20170124,4,O3_8h_24h,连云港,64.0
20170124,4,CO,连云港,0.5
20170124,4,CO_24h,连云港,1.0
20170124,5,AQI,连云港,24.0
20170124,5,PM2.5,连云港,17.0
20170124,5,PM2.5_24h,连云港,35.0
20170124,5,PM10_24h,连云港,54.0
20170124,5,SO2,连云港,19.0
20170124,5,SO2_24h,连云港,38.0
20170124,5,NO2,连云港,16.0
20170124,5,NO2_24h,连云港,32.0
20170124,5,O3,连云港,63.0
20170124,5,O3_24h,连云港,86.0
20170124,5,O3_8h,连云港,64.0
20170124,5,O3_8h_24h,连云港,64.0
20170124,5,CO,连云港,0.5
20170124,5,CO_24h,连云港,1.0
20170124,6,AQI,连云港,27.0
20170124,6,PM2.5,连云港,19.0
20170124,6,PM2.5_24h,连云港,34.0
20170124,6,PM10,连云港,23.0
20170124,6,PM10_24h,连云港,52.0
20170124,6,SO2,连云港,19.0
20170124,6,SO2_24h,连云港,37.0
20170124,6,NO2,连云港,20.0
20170124,6,NO2_24h,连云港,29.0
20170124,6,O3,连云港,59.0
20170124,6,O3_24h,连云港,86.0
20170124,6,O3_8h,连云港,63.0
20170124,6,O3_8h_24h,连云港,64.0
20170124,6,CO,连云港,0.6
20170124,6,CO_24h,连云港,1.0
20170124,7,AQI,连云港,29.0
20170124,7,PM2.5,连云港,20.0
20170124,7,PM2.5_24h,连云港,33.0
20170124,7,PM10,连云港,26.0
20170124,7,PM10_24h,连云港,50.0
20170124,7,SO2,连云港,25.0
20170124,7,SO2_24h,连云港,36.0
20170124,7,NO2,连云港,25.0
20170124,7,NO2_24h,连云港,28.0
20170124,7,O3,连云港,54.0
20170124,7,O3_24h,连云港,86.0
20170124,7,O3_8h,连云港,62.0
20170124,7,O3_8h_24h,连云港,64.0
20170124,7,CO,连云港,0.7
20170124,7,CO_24h,连云港,0.9
20170124,8,AQI,连云港,40.0
20170124,8,PM2.5,连云港,24.0
20170124,8,PM2.5_24h,连云港,30.0
20170124,8,PM10,连云港,40.0
20170124,8,PM10_24h,连云港,47.0
20170124,8,SO2,连云港,25.0
20170124,8,SO2_24h,连云港,33.0
20170124,8,NO2,连云港,38.0
20170124,8,NO2_24h,连云港,26.0
20170124,8,O3,连云港,42.0
20170124,8,O3_24h,连云港,86.0
20170124,8,O3_8h,连云港,59.0
20170124,8,O3_8h_24h,连云港,64.0
20170124,8,CO,连云港,0.8
20170124,8,CO_24h,连云港,0.8
20170124,9,AQI,连云港,44.0
20170124,9,PM2.5,连云港,24.0
20170124,9,PM2.5_24h,连云港,29.0
20170124,9,PM10,连云港,44.0
20170124,9,PM10_24h,连云港,44.0
20170124,9,SO2,连云港,37.0
20170124,9,SO2_24h,连云港,32.0
20170124,9,NO2,连云港,28.0
20170124,9,NO2_24h,连云港,24.0
20170124,9,O3,连云港,56.0
20170124,9,O3_24h,连云港,86.0
20170124,9,O3_8h,连云港,59.0
20170124,9,O3_8h_24h,连云港,64.0
20170124,9,CO,连云港,0.6
20170124,9,CO_24h,连云港,0.7
20170124,10,AQI,连云港,36.0
20170124,10,PM2.5,连云港,21.0
20170124,10,PM2.5_24h,连云港,27.0
20170124,10,PM10,连云港,36.0
20170124,10,PM10_24h,连云港,40.0
20170124,10,SO2,连云港,44.0
20170124,10,SO2_24h,连云港,32.0
20170124,10,NO2,连云港,19.0
20170124,10,NO2_24h,连云港,22.0
20170124,10,O3,连云港,68.0
20170124,10,O3_24h,连云港,86.0
20170124,10,O3_8h,连云港,59.0
20170124,10,O3_8h_24h,连云港,64.0
20170124,10,CO,连云港,0.7
20170124,10,CO_24h,连云港,0.7
20170124,11,AQI,连云港,38.0
20170124,11,PM2.5,连云港,20.0
20170124,11,PM2.5_24h,连云港,27.0
20170124,11,PM10,连云港,38.0
20170124,11,PM10_24h,连云港,39.0
20170124,11,SO2,连云港,32.0
20170124,11,SO2_24h,连云港,31.0
20170124,11,NO2,连云港,15.0
20170124,11,NO2_24h,连云港,21.0
20170124,11,O3,连云港,74.0
20170124,11,O3_24h,连云港,86.0
20170124,11,O3_8h,连云港,60.0
20170124,11,O3_8h_24h,连云港,64.0
20170124,11,CO,连云港,0.6
20170124,11,CO_24h,连云港,0.7
20170124,12,AQI,连云港,48.0
20170124,12,PM2.5,连云港,26.0
20170124,12,PM2.5_24h,连云港,26.0
20170124,12,PM10,连云港,48.0
20170124,12,PM10_24h,连云港,38.0
20170124,12,SO2,连云港,26.0
20170124,12,SO2_24h,连云港,30.0
20170124,12,NO2,连云港,14.0
20170124,12,NO2_24h,连云港,21.0
20170124,12,O3,连云港,81.0
20170124,12,O3_24h,连云港,86.0
20170124,12,O3_8h,连云港,62.0
20170124,12,O3_8h_24h,连云港,64.0
20170124,12,CO,连云港,0.6
20170124,12,CO_24h,连云港,0.7
20170124,13,AQI,连云港,52.0
20170124,13,PM2.5,连云港,27.0
20170124,13,PM2.5_24h,连云港,26.0
20170124,13,PM10,连云港,53.0
20170124,13,PM10_24h,连云港,38.0
20170124,13,SO2,连云港,23.0
20170124,13,SO2_24h,连云港,30.0
20170124,13,NO2,连云港,13.0
20170124,13,NO2_24h,连云港,20.0
20170124,13,O3,连云港,88.0
20170124,13,O3_24h,连云港,88.0
20170124,13,O3_8h,连云港,65.0
20170124,13,O3_8h_24h,连云港,65.0
20170124,13,CO,连云港,0.6
20170124,13,CO_24h,连云港,0.7
20170124,14,AQI,连云港,49.0
20170124,14,PM2.5,连云港,26.0
20170124,14,PM2.5_24h,连云港,25.0
20170124,14,PM10,连云港,49.0
20170124,14,PM10_24h,连云港,38.0
20170124,14,SO2,连云港,34.0
20170124,14,SO2_24h,连云港,30.0
20170124,14,NO2,连云港,15.0
20170124,14,NO2_24h,连云港,20.0
20170124,14,O3,连云港,90.0
20170124,14,O3_24h,连云港,90.0
20170124,14,O3_8h,连云港,69.0
20170124,14,O3_8h_24h,连云港,69.0
20170124,14,CO,连云港,0.6
20170124,14,CO_24h,连云港,0.7
20170124,15,AQI,连云港,48.0
20170124,15,PM2.5,连云港,27.0
20170124,15,PM2.5_24h,连云港,25.0
20170124,15,PM10,连云港,48.0
20170124,15,PM10_24h,连云港,37.0
20170124,15,SO2,连云港,26.0
20170124,15,SO2_24h,连云港,30.0
20170124,15,NO2,连云港,17.0
20170124,15,NO2_24h,连云港,20.0
20170124,15,O3,连云港,91.0
20170124,15,O3_24h,连云港,91.0
20170124,15,O3_8h,连云港,74.0
20170124,15,O3_8h_24h,连云港,74.0
20170124,15,CO,连云港,0.6
20170124,15,CO_24h,连云港,0.6
20170124,16,AQI,连云港,55.0
20170124,16,PM2.5,连云港,35.0
20170124,16,PM2.5_24h,连云港,25.0
20170124,16,PM10,连云港,60.0
20170124,16,PM10_24h,连云港,38.0
20170124,16,SO2,连云港,32.0
20170124,16,SO2_24h,连云港,30.0
20170124,16,NO2,连云港,37.0
20170124,16,NO2_24h,连云港,21.0
20170124,16,O3,连云港,72.0
20170124,16,O3_24h,连云港,91.0
20170124,16,O3_8h,连云港,78.0
20170124,16,O3_8h_24h,连云港,78.0
20170124,16,CO,连云港,0.8
20170124,16,CO_24h,连云港,0.7
20170124,17,AQI,连云港,56.0
20170124,17,PM2.5,连云港,35.0
20170124,17,PM2.5_24h,连云港,25.0
20170124,17,PM10,连云港,61.0
20170124,17,PM10_24h,连云港,38.0
20170124,17,SO2,连云港,38.0
20170124,17,SO2_24h,连云港,29.0
20170124,17,NO2,连云港,27.0
20170124,17,NO2_24h,连云港,21.0
20170124,17,O3,连云港,85.0
20170124,17,O3_24h,连云港,91.0
20170124,17,O3_8h,连云港,81.0
20170124,17,O3_8h_24h,连云港,81.0
20170124,17,CO,连云港,0.8
20170124,17,CO_24h,连云港,0.6
20170124,18,AQI,连云港,47.0
20170124,18,PM2.5,连云港,29.0
20170124,18,PM2.5_24h,连云港,24.0
20170124,18,PM10,连云港,47.0
20170124,18,PM10_24h,连云港,38.0
20170124,18,SO2,连云港,36.0
20170124,18,SO2_24h,连云港,30.0
20170124,18,NO2,连云港,28.0
20170124,18,NO2_24h,连云港,21.0
20170124,18,O3,连云港,80.0
20170124,18,O3_24h,连云港,91.0
20170124,18,O3_8h,连云港,83.0
20170124,18,O3_8h_24h,连云港,83.0
20170124,18,CO,连云港,0.7
20170124,18,CO_24h,连云港,0.6
20170124,19,AQI,连云港,37.0
20170124,19,PM2.5,连云港,26.0
20170124,19,PM2.5_24h,连云港,24.0
20170124,19,PM10,连云港,35.0
20170124,19,PM10_24h,连云港,38.0
20170124,19,SO2,连云港,45.0
20170124,19,SO2_24h,连云港,30.0
20170124,19,NO2,连云港,27.0
20170124,19,NO2_24h,连云港,21.0
20170124,19,O3,连云港,73.0
20170124,19,O3_24h,连云港,91.0
20170124,19,O3_8h,连云港,82.0
20170124,19,O3_8h_24h,连云港,83.0
20170124,19,CO,连云港,0.6
20170124,19,CO_24h,连云港,0.6
20170124,20,AQI,连云港,37.0
20170124,20,PM2.5,连云港,26.0
20170124,20,PM2.5_24h,连云港,24.0
20170124,20,PM10,连云港,28.0
20170124,20,PM10_24h,连云港,38.0
20170124,20,SO2,连云港,36.0
20170124,20,SO2_24h,连云港,30.0
20170124,20,NO2,连云港,24.0
20170124,20,NO2_24h,连云港,21.0
20170124,20,O3,连云港,74.0
20170124,20,O3_24h,连云港,91.0
20170124,20,O3_8h,连云港,82.0
20170124,20,O3_8h_24h,连云港,83.0
20170124,20,CO,连云港,0.6
20170124,20,CO_24h,连云港,0.6
20170124,21,AQI,连云港,40.0
20170124,21,PM2.5,连云港,27.0
20170124,21,PM2.5_24h,连云港,24.0
20170124,21,PM10,连云港,40.0
20170124,21,PM10_24h,连云港,38.0
20170124,21,SO2,连云港,26.0
20170124,21,SO2_24h,连云港,30.0
20170124,21,NO2,连云港,20.0
20170124,21,NO2_24h,连云港,21.0
20170124,21,O3,连云港,79.0
20170124,21,O3_24h,连云港,91.0
20170124,21,O3_8h,连云港,80.0
20170124,21,O3_8h_24h,连云港,83.0
20170124,21,CO,连云港,0.6
20170124,21,CO_24h,连云港,0.6
20170124,22,AQI,连云港,40.0
20170124,22,PM2.5,连云港,28.0
20170124,22,PM2.5_24h,连云港,24.0
20170124,22,PM10,连云港,37.0
20170124,22,PM10_24h,连云港,38.0
20170124,22,SO2,连云港,28.0
20170124,22,SO2_24h,连云港,30.0
20170124,22,NO2,连云港,19.0
20170124,22,NO2_24h,连云港,21.0
20170124,22,O3,连云港,80.0
20170124,22,O3_24h,连云港,91.0
20170124,22,O3_8h,连云港,79.0
20170124,22,O3_8h_24h,连云港,83.0
20170124,22,CO,连云港,0.6
20170124,22,CO_24h,连云港,0.6
20170124,23,AQI,连云港,49.0
20170124,23,PM2.5,连云港,34.0
20170124,23,PM2.5_24h,连云港,25.0
20170124,23,PM10,连云港,39.0
20170124,23,PM10_24h,连云港,39.0
20170124,23,SO2,连云港,27.0
20170124,23,SO2_24h,连云港,30.0
20170124,23,NO2,连云港,18.0
20170124,23,NO2_24h,连云港,21.0
20170124,23,O3,连云港,80.0
20170124,23,O3_24h,连云港,91.0
20170124,23,O3_8h,连云港,78.0
20170124,23,O3_8h_24h,连云港,83.0
20170124,23,CO,连云港,0.6
20170124,23,CO_24h,连云港,0.6
20170124,0,AQI,徐州,88.0
20170124,0,PM2.5,徐州,65.0
20170124,0,PM2.5_24h,徐州,73.0
20170124,0,PM10,徐州,96.0
20170124,0,PM10_24h,徐州,124.0
20170124,0,SO2,徐州,22.0
20170124,0,SO2_24h,徐州,27.0
20170124,0,NO2,徐州,49.0
20170124,0,NO2_24h,徐州,47.0
20170124,0,O3,徐州,45.0
20170124,0,O3_24h,徐州,90.0
20170124,0,O3_8h,徐州,59.0
20170124,0,O3_8h_24h,徐州,77.0
20170124,0,CO,徐州,1.0
20170124,0,CO_24h,徐州,1.06
20170124,1,AQI,徐州,90.0
20170124,1,PM2.5,徐州,67.0
20170124,1,PM2.5_24h,徐州,72.0
20170124,1,PM10,徐州,94.0
20170124,1,PM10_24h,徐州,122.0
20170124,1,SO2,徐州,19.0
20170124,1,SO2_24h,徐州,26.0
20170124,1,NO2,徐州,51.0
20170124,1,NO2_24h,徐州,46.0
20170124,1,O3,徐州,39.0
20170124,1,O3_24h,徐州,90.0
20170124,1,O3_8h,徐州,39.0
20170124,1,O3_8h_24h,徐州,39.0
20170124,1,CO,徐州,0.92
20170124,1,CO_24h,徐州,1.06
20170124,2,AQI,徐州,96.0
20170124,2,PM2.5,徐州,72.0
20170124,2,PM2.5_24h,徐州,71.0
20170124,2,PM10,徐州,101.0
20170124,2,PM10_24h,徐州,120.0
20170124,2,SO2,徐州,16.0
20170124,2,SO2_24h,徐州,26.0
20170124,2,NO2,徐州,46.0
20170124,2,NO2_24h,徐州,44.0
20170124,2,O3,徐州,39.0
20170124,2,O3_24h,徐州,90.0
20170124,2,O3_8h,徐州,39.0
20170124,2,O3_8h_24h,徐州,40.0
20170124,2,CO,徐州,0.92
20170124,2,CO_24h,徐州,1.06
20170124,3,AQI,徐州,103.0
20170124,3,PM2.5,徐州,77.0
20170124,3,PM2.5_24h,徐州,70.0
20170124,3,PM10,徐州,108.0
20170124,3,PM10_24h,徐州,118.0
20170124,3,SO2,徐州,17.0
20170124,3,SO2_24h,徐州,25.0
20170124,3,NO2,徐州,54.0
20170124,3,NO2_24h,徐州,43.0
20170124,3,O3,徐州,28.0
20170124,3,O3_24h,徐州,90.0
20170124,3,O3_8h,徐州,35.0
20170124,3,O3_8h_24h,徐州,40.0
20170124,3,CO,徐州,0.96
20170124,3,CO_24h,徐州,1.04
20170124,4,AQI,徐州,108.0
20170124,4,PM2.5,徐州,81.0
20170124,4,PM2.5_24h,徐州,68.0
20170124,4,PM10,徐州,113.0
20170124,4,PM10_24h,徐州,116.0
20170124,4,SO2,徐州,22.0
20170124,4,SO2_24h,徐州,25.0
20170124,4,NO2,徐州,54.0
20170124,4,NO2_24h,徐州,43.0
20170124,4,O3,徐州,24.0
20170124,4,O3_24h,徐州,90.0
20170124,4,O3_8h,徐州,32.0
20170124,4,O3_8h_24h,徐州,40.0
20170124,4,CO,徐州,1.0
20170124,4,CO_24h,徐州,1.04
20170124,5,AQI,徐州,124.0
20170124,5,PM2.5,徐州,94.0
20170124,5,PM2.5_24h,徐州,67.0
20170124,5,PM10,徐州,116.0
20170124,5,PM10_24h,徐州,114.0
20170124,5,SO2,徐州,22.0
20170124,5,SO2_24h,徐州,25.0
20170124,5,NO2,徐州,49.0
20170124,5,NO2_24h,徐州,42.0
20170124,5,O3,徐州,23.0
20170124,5,O3_24h,徐州,90.0
20170124,5,O3_8h,徐州,30.0
20170124,5,O3_8h_24h,徐州,40.0
20170124,5,CO,徐州,1.0
20170124,5,CO_24h,徐州,1.0
20170124,6,AQI,徐州,134.0
20170124,6,PM2.5,徐州,102.0
20170124,6,PM2.5_24h,徐州,66.0
20170124,6,PM10,徐州,131.0
20170124,6,PM10_24h,徐州,112.0
20170124,6,SO2,徐州,18.0
20170124,6,SO2_24h,徐州,25.0
20170124,6,NO2,徐州,45.0
20170124,6,NO2_24h,徐州,41.0
20170124,6,O3,徐州,21.0
20170124,6,O3_24h,徐州,90.0
20170124,6,O3_8h,徐州,29.0
20170124,6,O3_8h_24h,徐州,40.0
20170124,6,CO,徐州,1.04
20170124,6,CO_24h,徐州,1.0
20170124,7,AQI,徐州,129.0
20170124,7,PM2.5,徐州,98.0
20170124,7,PM2.5_24h,徐州,66.0
20170124,7,PM10,徐州,135.0
20170124,7,PM10_24h,徐州,110.0
20170124,7,SO2,徐州,17.0
20170124,7,SO2_24h,徐州,24.0
20170124,7,NO2,徐州,44.0
20170124,7,NO2_24h,徐州,41.0
20170124,7,O3,徐州,18.0
20170124,7,O3_24h,徐州,90.0
20170124,7,O3_8h,徐州,28.0
20170124,7,O3_8h_24h,徐州,40.0
20170124,7,CO,徐州,1.08
20170124,7,CO_24h,徐州,0.98
20170124,8,AQI,徐州,114.0
20170124,8,PM2.5,徐州,86.0
20170124,8,PM2.5_24h,徐州,66.0
20170124,8,PM10,徐州,126.0
20170124,8,PM10_24h,徐州,109.0
20170124,8,SO2,徐州,16.0
20170124,8,SO2_24h,徐州,24.0
20170124,8,NO2,徐州,44.0
20170124,8,NO2_24h,徐州,40.0
20170124,8,O3,徐州,16.0
20170124,8,O3_24h,徐州,90.0
20170124,8,O3_8h,徐州,26.0
20170124,8,O3_8h_24h,徐州,40.0
20170124,8,CO,徐州,1.06
20170124,8,CO_24h,徐州,0.96
20170124,9,AQI,徐州,94.0
20170124,9,PM2.5,徐州,70.0
20170124,9,PM2.5_24h,徐州,65.0
20170124,9,PM10,徐州,130.0
20170124,9,PM10_24h,徐州,108.0
20170124,9,SO2,徐州,19.0
20170124,9,SO2_24h,徐州,23.0
20170124,9,NO2,徐州,38.0
20170124,9,NO2_24h,徐州,39.0
20170124,9,O3,徐州,24.0
20170124,9,O3_24h,徐州,90.0
20170124,9,O3_8h,徐州,24.0
20170124,9,O3_8h_24h,徐州,40.0
20170124,9,CO,徐州,1.0
20170124,9,CO_24h,徐州,0.96
20170124,10,AQI,徐州,84.0
20170124,10,PM2.5,徐州,62.0
20170124,10,PM2.5_24h,徐州,65.0
20170124,10,PM10,徐州,112.0
20170124,10,PM10_24h,徐州,107.0
20170124,10,SO2,徐州,22.0
20170124,10,SO2_24h,徐州,22.0
20170124,10,NO2,徐州,35.0
20170124,10,NO2_24h,徐州,39.0
20170124,10,O3,徐州,32.0
20170124,10,O3_24h,徐州,90.0
20170124,10,O3_8h,徐州,24.0
20170124,10,O3_8h_24h,徐州,40.0
20170124,10,CO,徐州,0.98
20170124,10,CO_24h,徐州,0.96
20170124,11,AQI,徐州,79.0
20170124,11,PM2.5,徐州,58.0
20170124,11,PM2.5_24h,徐州,66.0
20170124,11,PM10,徐州,96.0
20170124,11,PM10_24h,徐州,106.0
20170124,11,SO2,徐州,23.0
20170124,11,SO2_24h,徐州,22.0
20170124,11,NO2,徐州,31.0
20170124,11,NO2_24h,徐州,39.0
20170124,11,O3,徐州,43.0
20170124,11,O3_24h,徐州,90.0
20170124,11,O3_8h,徐州,25.0
20170124,11,O3_8h_24h,徐州,41.0
20170124,11,CO,徐州,1.06
20170124,11,CO_24h,徐州,0.96
20170124,12,AQI,徐州,73.0
20170124,12,PM2.5,徐州,53.0
20170124,12,PM2.5_24h,徐州,66.0
20170124,12,PM10,徐州,89.0
20170124,12,PM10_24h,徐州,105.0
20170124,12,SO2,徐州,24.0
20170124,12,SO2_24h,徐州,22.0
20170124,12,NO2,徐州,29.0
20170124,12,NO2_24h,徐州,39.0
20170124,12,O3,徐州,54.0
20170124,12,O3_24h,徐州,90.0
20170124,12,O3_8h,徐州,29.0
20170124,12,O3_8h_24h,徐州,42.0
20170124,12,CO,徐州,1.1
20170124,12,CO_24h,徐州,0.96
20170124,13,AQI,徐州,66.0
20170124,13,PM2.5,徐州,48.0
20170124,13,PM2.5_24h,徐州,66.0
20170124,13,PM10,徐州,79.0
20170124,13,PM10_24h,徐州,104.0
20170124,13,SO2,徐州,23.0
20170124,13,SO2_24h,徐州,21.0
20170124,13,NO2,徐州,29.0
20170124,13,NO2_24h,徐州,40.0
20170124,13,O3,徐州,63.0
20170124,13,O3_24h,徐州,90.0
20170124,13,O3_8h,徐州,34.0
20170124,13,O3_8h_24h,徐州,43.0
20170124,13,CO,徐州,1.06
20170124,13,CO_24h,徐州,0.96
20170124,14,AQI,徐州,74.0
20170124,14,PM2.5,徐州,54.0
20170124,14,PM2.5_24h,徐州,66.0
20170124,14,PM10,徐州,77.0
20170124,14,PM10_24h,徐州,103.0
20170124,14,SO2,徐州,22.0
20170124,14,SO2_24h,徐州,21.0
20170124,14,NO2,徐州,28.0
20170124,14,NO2_24h,徐州,40.0
20170124,14,O3,徐州,72.0
20170124,14,O3_24h,徐州,90.0
20170124,14,O3_8h,徐州,40.0
20170124,14,O3_8h_24h,徐州,45.0
20170124,14,CO,徐州,0.96
20170124,14,CO_24h,徐州,0.98
20170124,15,AQI,徐州,65.0
20170124,15,PM2.5,徐州,43.0
20170124,15,PM2.5_24h,徐州,66.0
20170124,15,PM10,徐州,80.0
20170124,15,PM10_24h,徐州,102.0
20170124,15,SO2,徐州,18.0
20170124,15,SO2_24h,徐州,21.0
20170124,15,NO2,徐州,27.0
20170124,15,NO2_24h,徐州,40.0
20170124,15,O3,徐州,77.0
20170124,15,O3_24h,徐州,88.0
20170124,15,O3_8h,徐州,48.0
20170124,15,O3_8h_24h,徐州,50.0
20170124,15,CO,徐州,0.82
20170124,15,CO_24h,徐州,0.98
20170124,16,AQI,徐州,66.0
20170124,16,PM2.5,徐州,43.0
20170124,16,PM2.5_24h,徐州,66.0
20170124,16,PM10,徐州,81.0
20170124,16,PM10_24h,徐州,101.0
20170124,16,SO2,徐州,17.0
20170124,16,SO2_24h,徐州,21.0
20170124,16,NO2,徐州,28.0
20170124,16,NO2_24h,徐州,41.0
20170124,16,O3,徐州,77.0
20170124,16,O3_24h,徐州,83.0
20170124,16,O3_8h,徐州,55.0
20170124,16,O3_8h_24h,徐州,56.0
20170124,16,CO,徐州,0.76
20170124,16,CO_24h,徐州,0.98
20170124,17,AQI,徐州,64.0
20170124,17,PM2.5,徐州,44.0
20170124,17,PM2.5_24h,徐州,66.0
20170124,17,PM10,徐州,78.0
20170124,17,PM10_24h,徐州,101.0
20170124,17,SO2,徐州,16.0
20170124,17,SO2_24h,徐州,21.0
20170124,17,NO2,徐州,33.0
20170124,17,NO2_24h,徐州,41.0
20170124,17,O3,徐州,71.0
20170124,17,O3_24h,徐州,77.0
20170124,17,O3_8h,徐州,61.0
20170124,17,O3_8h_24h,徐州,61.0
20170124,17,CO,徐州,0.76
20170124,17,CO_24h,徐州,0.98
20170124,18,AQI,徐州,71.0
20170124,18,PM2.5,徐州,52.0
20170124,18,PM2.5_24h,徐州,65.0
20170124,18,PM10,徐州,80.0
20170124,18,PM10_24h,徐州,100.0
20170124,18,SO2,徐州,16.0
20170124,18,SO2_24h,徐州,20.0
20170124,18,NO2,徐州,50.0
20170124,18,NO2_24h,徐州,41.0
20170124,18,O3,徐州,50.0
20170124,18,O3_24h,徐州,77.0
20170124,18,O3_8h,徐州,63.0
20170124,18,O3_8h_24h,徐州,63.0
20170124,18,CO,徐州,0.88
20170124,18,CO_24h,徐州,0.98
20170124,19,AQI,徐州,81.0
20170124,19,PM2.5,徐州,60.0
20170124,19,PM2.5_24h,徐州,66.0
20170124,19,PM10,徐州,97.0
20170124,19,PM10_24h,徐州,101.0
20170124,19,SO2,徐州,17.0
20170124,19,SO2_24h,徐州,20.0
20170124,19,NO2,徐州,63.0
20170124,19,NO2_24h,徐州,42.0
20170124,19,O3,徐州,34.0
20170124,19,O3_24h,徐州,77.0
20170124,19,O3_8h,徐州,62.0
20170124,19,O3_8h_24h,徐州,63.0
20170124,19,CO,徐州,0.98
20170124,19,CO_24h,徐州,0.98
20170124,20,AQI,徐州,88.0
20170124,20,PM2.5,徐州,65.0
20170124,20,PM2.5_24h,徐州,66.0
20170124,20,PM10,徐州,107.0
20170124,20,PM10_24h,徐州,101.0
20170124,20,SO2,徐州,19.0
20170124,20,SO2_24h,徐州,20.0
20170124,20,NO2,徐州,66.0
20170124,20,NO2_24h,徐州,42.0
20170124,20,O3,徐州,32.0
20170124,20,O3_24h,徐州,77.0
20170124,20,O3_8h,徐州,59.0
20170124,20,O3_8h_24h,徐州,63.0
20170124,20,CO,徐州,0.98
20170124,20,CO_24h,徐州,0.98
20170124,21,AQI,徐州,94.0
20170124,21,PM2.5,徐州,70.0
20170124,21,PM2.5_24h,徐州,66.0
20170124,21,PM10,徐州,113.0
20170124,21,PM10_24h,徐州,101.0
20170124,21,SO2,徐州,20.0
20170124,21,SO2_24h,徐州,20.0
20170124,21,NO2,徐州,59.0
20170124,21,NO2_24h,徐州,43.0
20170124,21,O3,徐州,37.0
20170124,21,O3_24h,徐州,77.0
20170124,21,O3_8h,徐州,56.0
20170124,21,O3_8h_24h,徐州,63.0
20170124,21,CO,徐州,1.0
20170124,21,CO_24h,徐州,0.98
20170124,22,AQI,徐州,99.0
20170124,22,PM2.5,徐州,74.0
20170124,22,PM2.5_24h,徐州,67.0
20170124,22,PM10,徐州,115.0
20170124,22,PM10_24h,徐州,101.0
20170124,22,SO2,徐州,25.0
20170124,22,SO2_24h,徐州,20.0
20170124,22,NO2,徐州,58.0
20170124,22,NO2_24h,徐州,44.0
20170124,22,O3,徐州,38.0
20170124,22,O3_24h,徐州,77.0
20170124,22,O3_8h,徐州,52.0
20170124,22,O3_8h_24h,徐州,63.0
20170124,22,CO,徐州,1.04
20170124,22,CO_24h,徐州,0.98
20170124,23,AQI,徐州,99.0
20170124,23,PM2.5,徐州,74.0
20170124,23,PM2.5_24h,徐州,67.0
20170124,23,PM10,徐州,121.0
20170124,23,PM10_24h,徐州,102.0
20170124,23,SO2,徐州,21.0
20170124,23,SO2_24h,徐州,19.0
20170124,23,NO2,徐州,61.0
20170124,23,NO2_24h,徐州,45.0
20170124,23,O3,徐州,31.0
20170124,23,O3_24h,徐州,77.0
20170124,23,O3_8h,徐州,46.0
20170124,23,O3_8h_24h,徐州,63.0
20170124,23,CO,徐州,1.06
20170124,23,CO_24h,徐州,0.98
20170124,0,AQI,扬州,75.0
20170124,0,PM2.5,扬州,55.0
20170124,0,PM2.5_24h,扬州,55.0
20170124,0,PM10,扬州,91.0
20170124,0,PM10_24h,扬州,87.0
20170124,0,SO2,扬州,10.0
20170124,0,SO2_24h,扬州,19.0
20170124,0,NO2,扬州,57.0
20170124,0,NO2_24h,扬州,46.0
20170124,0,O3,扬州,26.0
20170124,0,O3_24h,扬州,97.0
20170124,0,O3_8h,扬州,49.0
20170124,0,O3_8h_24h,扬州,83.0
20170124,0,CO,扬州,0.8
20170124,0,CO_24h,扬州,0.8
20170124,1,AQI,扬州,61.0
20170124,1,PM2.5,扬州,44.0
20170124,1,PM2.5_24h,扬州,54.0
20170124,1,PM10,扬州,61.0
20170124,1,PM10_24h,扬州,85.0
20170124,1,SO2,扬州,10.0
20170124,1,SO2_24h,扬州,19.0
20170124,1,NO2,扬州,49.0
20170124,1,NO2_24h,扬州,46.0
20170124,1,O3,扬州,32.0
20170124,1,O3_24h,扬州,97.0
20170124,1,O3_8h,扬州,32.0
20170124,1,O3_8h_24h,扬州,32.0
20170124,1,CO,扬州,0.8
20170124,1,CO_24h,扬州,0.8
20170124,2,AQI,扬州,54.0
20170124,2,PM2.5,扬州,28.0
20170124,2,PM2.5_24h,扬州,53.0
20170124,2,PM10,扬州,57.0
20170124,2,PM10_24h,扬州,82.0
20170124,2,SO2,扬州,9.0
20170124,2,SO2_24h,扬州,18.0
20170124,2,NO2,扬州,32.0
20170124,2,NO2_24h,扬州,46.0
20170124,2,O3,扬州,42.0
20170124,2,O3_24h,扬州,97.0
20170124,2,O3_8h,扬州,37.0
20170124,2,O3_8h_24h,扬州,37.0
20170124,2,CO,扬州,0.9
20170124,2,CO_24h,扬州,0.8
20170124,3,AQI,扬州,58.0
20170124,3,PM2.5,扬州,34.0
20170124,3,PM2.5_24h,扬州,52.0
20170124,3,PM10,扬州,66.0
20170124,3,PM10_24h,扬州,82.0
20170124,3,SO2,扬州,12.0
20170124,3,SO2_24h,扬州,19.0
20170124,3,NO2,扬州,44.0
20170124,3,NO2_24h,扬州,46.0
20170124,3,O3,扬州,31.0
20170124,3,O3_24h,扬州,97.0
20170124,3,O3_8h,扬州,35.0
20170124,3,O3_8h_24h,扬州,37.0
20170124,3,CO,扬州,1.4
20170124,3,CO_24h,扬州,0.9
20170124,4,AQI,扬州,51.0
20170124,4,PM2.5,扬州,30.0
20170124,4,PM2.5_24h,扬州,51.0
20170124,4,PM10,扬州,51.0
20170124,4,PM10_24h,扬州,81.0
20170124,4,SO2,扬州,13.0
20170124,4,SO2_24h,扬州,19.0
20170124,4,NO2,扬州,45.0
20170124,4,NO2_24h,扬州,46.0
20170124,4,O3,扬州,30.0
20170124,4,O3_24h,扬州,97.0
20170124,4,O3_8h,扬州,34.0
20170124,4,O3_8h_24h,扬州,37.0
20170124,4,CO,扬州,1.3
20170124,4,CO_24h,扬州,0.9
20170124,5,AQI,扬州,56.0
20170124,5,PM2.5,扬州,34.0
20170124,5,PM2.5_24h,扬州,50.0
20170124,5,PM10,扬州,62.0
20170124,5,PM10_24h,扬州,80.0
20170124,5,SO2,扬州,13.0
20170124,5,SO2_24h,扬州,19.0
20170124,5,NO2,扬州,48.0
20170124,5,NO2_24h,扬州,46.0
20170124,5,O3,扬州,26.0
20170124,5,O3_24h,扬州,97.0
20170124,5,O3_8h,扬州,32.0
20170124,5,O3_8h_24h,扬州,37.0
20170124,5,CO,扬州,1.3
20170124,5,CO_24h,扬州,0.9
20170124,6,AQI,扬州,59.0
20170124,6,PM2.5,扬州,42.0
20170124,6,PM2.5_24h,扬州,50.0
20170124,6,PM10,扬州,59.0
20170124,6,PM10_24h,扬州,79.0
20170124,6,SO2,扬州,14.0
20170124,6,SO2_24h,扬州,19.0
20170124,6,NO2,扬州,63.0
20170124,6,NO2_24h,扬州,47.0
20170124,6,O3,扬州,11.0
20170124,6,O3_24h,扬州,97.0
20170124,6,O3_8h,扬州,29.0
20170124,6,O3_8h_24h,扬州,37.0
20170124,6,CO,扬州,1.5
20170124,6,CO_24h,扬州,1.0
20170124,7,AQI,扬州,64.0
20170124,7,PM2.5,扬州,42.0
20170124,7,PM2.5_24h,扬州,49.0
20170124,7,PM10,扬州,77.0
20170124,7,PM10_24h,扬州,79.0
20170124,7,SO2,扬州,13.0
20170124,7,SO2_24h,扬州,19.0
20170124,7,NO2,扬州,63.0
20170124,7,NO2_24h,扬州,48.0
20170124,7,O3,扬州,10.0
20170124,7,O3_24h,扬州,97.0
20170124,7,O3_8h,扬州,26.0
20170124,7,O3_8h_24h,扬州,37.0
20170124,7,CO,扬州,1.2
20170124,7,CO_24h,扬州,1.0
20170124,8,AQI,扬州,64.0
20170124,8,PM2.5,扬州,43.0
20170124,8,PM2.5_24h,扬州,50.0
20170124,8,PM10,扬州,77.0
20170124,8,PM10_24h,扬州,79.0
20170124,8,SO2,扬州,13.0
20170124,8,SO2_24h,扬州,18.0
20170124,8,NO2,扬州,61.0
20170124,8,NO2_24h,扬州,48.0
20170124,8,O3,扬州,10.0
20170124,8,O3_24h,扬州,97.0
20170124,8,O3_8h,扬州,24.0
20170124,8,O3_8h_24h,扬州,37.0
20170124,8,CO,扬州,1.2
20170124,8,CO_24h,扬州,1.0
20170124,9,AQI,扬州,66.0
20170124,9,PM2.5,扬州,43.0
20170124,9,PM2.5_24h,扬州,50.0
20170124,9,PM10,扬州,81.0
20170124,9,PM10_24h,扬州,78.0
20170124,9,SO2,扬州,14.0
20170124,9,SO2_24h,扬州,17.0
20170124,9,NO2,扬州,46.0
20170124,9,NO2_24h,扬州,47.0
20170124,9,O3,扬州,27.0
20170124,9,O3_24h,扬州,97.0
20170124,9,O3_8h,扬州,23.0
20170124,9,O3_8h_24h,扬州,37.0
20170124,9,CO,扬州,1.0
20170124,9,CO_24h,扬州,1.0
20170124,10,AQI,扬州,65.0
20170124,10,PM2.5,扬州,47.0
20170124,10,PM2.5_24h,扬州,49.0
20170124,10,PM10,扬州,72.0
20170124,10,PM10_24h,扬州,76.0
20170124,10,SO2,扬州,21.0
20170124,10,SO2_24h,扬州,17.0
20170124,10,NO2,扬州,44.0
20170124,10,NO2_24h,扬州,47.0
20170124,10,O3,扬州,38.0
20170124,10,O3_24h,扬州,97.0
20170124,10,O3_8h,扬州,23.0
20170124,10,O3_8h_24h,扬州,37.0
20170124,10,CO,扬州,1.2
20170124,10,CO_24h,扬州,1.0
20170124,11,AQI,扬州,67.0
20170124,11,PM2.5,扬州,35.0
20170124,11,PM2.5_24h,扬州,50.0
20170124,11,PM10,扬州,84.0
20170124,11,PM10_24h,扬州,78.0
20170124,11,SO2,扬州,23.0
20170124,11,SO2_24h,扬州,17.0
20170124,11,NO2,扬州,32.0
20170124,11,NO2_24h,扬州,47.0
20170124,11,O3,扬州,61.0
20170124,11,O3_24h,扬州,97.0
20170124,11,O3_8h,扬州,27.0
20170124,11,O3_8h_24h,扬州,37.0
20170124,11,CO,扬州,1.1
20170124,11,CO_24h,扬州,1.0
20170124,12,AQI,扬州,66.0
20170124,12,PM2.5,扬州,28.0
20170124,12,PM2.5_24h,扬州,49.0
20170124,12,PM10,扬州,81.0
20170124,12,PM10_24h,扬州,79.0
20170124,12,SO2,扬州,24.0
20170124,12,SO2_24h,扬州,17.0
20170124,12,NO2,扬州,26.0
20170124,12,NO2_24h,扬州,47.0
20170124,12,O3,扬州,75.0
20170124,12,O3_24h,扬州,97.0
20170124,12,O3_8h,扬州,32.0
20170124,12,O3_8h_24h,扬州,37.0
20170124,12,CO,扬州,1.0
20170124,12,CO_24h,扬州,1.0
20170124,13,AQI,扬州,59.0
20170124,13,PM2.5,扬州,32.0
20170124,13,PM2.5_24h,扬州,49.0
20170124,13,PM10,扬州,67.0
20170124,13,PM10_24h,扬州,78.0
20170124,13,SO2,扬州,27.0
20170124,13,SO2_24h,扬州,18.0
20170124,13,NO2,扬州,30.0
20170124,13,NO2_24h,扬州,47.0
20170124,13,O3,扬州,76.0
20170124,13,O3_24h,扬州,97.0
20170124,13,O3_8h,扬州,38.0
20170124,13,O3_8h_24h,扬州,38.0
20170124,13,CO,扬州,1.1
20170124,13,CO_24h,扬州,1.1
20170124,14,AQI,扬州,64.0
20170124,14,PM2.5,扬州,30.0
20170124,14,PM2.5_24h,扬州,49.0
20170124,14,PM10,扬州,78.0
20170124,14,PM10_24h,扬州,79.0
20170124,14,SO2,扬州,30.0
20170124,14,SO2_24h,扬州,18.0
20170124,14,NO2,扬州,33.0
20170124,14,NO2_24h,扬州,47.0
20170124,14,O3,扬州,78.0
20170124,14,O3_24h,扬州,97.0
20170124,14,O3_8h,扬州,47.0
20170124,14,O3_8h_24h,扬州,47.0
20170124,14,CO,扬州,1.1
20170124,14,CO_24h,扬州,1.1
20170124,15,AQI,扬州,72.0
20170124,15,PM2.5,扬州,34.0
20170124,15,PM2.5_24h,扬州,48.0
20170124,15,PM10,扬州,94.0
20170124,15,PM10_24h,扬州,81.0
20170124,15,SO2,扬州,32.0
20170124,15,SO2_24h,扬州,19.0
20170124,15,NO2,扬州,34.0
20170124,15,NO2_24h,扬州,48.0
20170124,15,O3,扬州,71.0
20170124,15,O3_24h,扬州,90.0
20170124,15,O3_8h,扬州,54.0
20170124,15,O3_8h_24h,扬州,54.0
20170124,15,CO,扬州,1.2
20170124,15,CO_24h,扬州,1.1
20170124,16,AQI,扬州,65.0
20170124,16,PM2.5,扬州,40.0
20170124,16,PM2.5_24h,扬州,48.0
20170124,16,PM10,扬州,80.0
20170124,16,PM10_24h,扬州,82.0
20170124,16,SO2,扬州,23.0
20170124,16,SO2_24h,扬州,19.0
20170124,16,NO2,扬州,34.0
20170124,16,NO2_24h,扬州,48.0
20170124,16,O3,扬州,68.0
20170124,16,O3_24h,扬州,82.0
20170124,16,O3_8h,扬州,62.0
20170124,16,O3_8h_24h,扬州,62.0
20170124,16,CO,扬州,1.0
20170124,16,CO_24h,扬州,1.1
20170124,17,AQI,扬州,63.0
20170124,17,PM2.5,扬州,44.0
20170124,17,PM2.5_24h,扬州,48.0
20170124,17,PM10,扬州,76.0
20170124,17,PM10_24h,扬州,82.0
20170124,17,SO2,扬州,24.0
20170124,17,SO2_24h,扬州,19.0
20170124,17,NO2,扬州,56.0
20170124,17,NO2_24h,扬州,48.0
20170124,17,O3,扬州,56.0
20170124,17,O3_24h,扬州,78.0
20170124,17,O3_8h,扬州,65.0
20170124,17,O3_8h_24h,扬州,65.0
20170124,17,CO,扬州,1.0
20170124,17,CO_24h,扬州,1.1
20170124,18,AQI,扬州,82.0
20170124,18,PM2.5,扬州,50.0
20170124,18,PM2.5_24h,扬州,48.0
20170124,18,PM10,扬州,114.0
20170124,18,PM10_24h,扬州,84.0
20170124,18,SO2,扬州,29.0
20170124,18,SO2_24h,扬州,18.0
20170124,18,NO2,扬州,67.0
20170124,18,NO2_24h,扬州,48.0
20170124,18,O3,扬州,47.0
20170124,18,O3_24h,扬州,78.0
20170124,18,O3_8h,扬州,66.0
20170124,18,O3_8h_24h,扬州,66.0
20170124,18,CO,扬州,1.4
20170124,18,CO_24h,扬州,1.1
20170124,19,AQI,扬州,88.0
20170124,19,PM2.5,扬州,65.0
20170124,19,PM2.5_24h,扬州,47.0
20170124,19,PM10,扬州,116.0
20170124,19,PM10_24h,扬州,84.0
20170124,19,SO2,扬州,27.0
20170124,19,SO2_24h,扬州,19.0
20170124,19,NO2,扬州,70.0
20170124,19,NO2_24h,扬州,49.0
20170124,19,O3,扬州,56.0
20170124,19,O3_24h,扬州,78.0
20170124,19,O3_8h,扬州,66.0
20170124,19,O3_8h_24h,扬州,66.0
20170124,19,CO,扬州,1.1
20170124,19,CO_24h,扬州,1.1
20170124,20,AQI,扬州,96.0
20170124,20,PM2.5,扬州,72.0
20170124,20,PM2.5_24h,扬州,47.0
20170124,20,PM10,扬州,90.0
20170124,20,PM10_24h,扬州,82.0
20170124,20,SO2,扬州,17.0
20170124,20,SO2_24h,扬州,19.0
20170124,20,NO2,扬州,48.0
20170124,20,NO2_24h,扬州,49.0
20170124,20,O3,扬州,64.0
20170124,20,O3_24h,扬州,78.0
20170124,20,O3_8h,扬州,64.0
20170124,20,O3_8h_24h,扬州,66.0
20170124,20,CO,扬州,0.9
20170124,20,CO_24h,扬州,1.1
20170124,21,AQI,扬州,103.0
20170124,21,PM2.5,扬州,77.0
20170124,21,PM2.5_24h,扬州,46.0
20170124,21,PM10,扬州,89.0
20170124,21,PM10_24h,扬州,82.0
20170124,21,SO2,扬州,15.0
20170124,21,SO2_24h,扬州,18.0
20170124,21,NO2,扬州,34.0
20170124,21,NO2_24h,扬州,47.0
20170124,21,O3,扬州,81.0
20170124,21,O3_24h,扬州,81.0
20170124,21,O3_8h,扬州,65.0
20170124,21,O3_8h_24h,扬州,66.0
20170124,21,CO,扬州,0.9
20170124,21,CO_24h,扬州,1.1
20170124,22,AQI,扬州,123.0
20170124,22,PM2.5,扬州,93.0
20170124,22,PM2.5_24h,扬州,46.0
20170124,22,PM10,扬州,103.0
20170124,22,PM10_24h,扬州,81.0
20170124,22,SO2,扬州,14.0
20170124,22,SO2_24h,扬州,18.0
20170124,22,NO2,扬州,29.0
20170124,22,NO2_24h,扬州,46.0
20170124,22,O3,扬州,84.0
20170124,22,O3_24h,扬州,84.0
20170124,22,O3_8h,扬州,66.0
20170124,22,O3_8h_24h,扬州,66.0
20170124,22,CO,扬州,0.9
20170124,22,CO_24h,扬州,1.1
20170124,23,AQI,扬州,138.0
20170124,23,PM2.5,扬州,105.0
20170124,23,PM2.5_24h,扬州,48.0
20170124,23,PM10,扬州,109.0
20170124,23,PM10_24h,扬州,81.0
20170124,23,SO2,扬州,25.0
20170124,23,SO2_24h,扬州,19.0
20170124,23,NO2,扬州,35.0
20170124,23,NO2_24h,扬州,45.0
20170124,23,O3,扬州,70.0
20170124,23,O3_24h,扬州,84.0
20170124,23,O3_8h,扬州,66.0
20170124,23,O3_8h_24h,扬州,66.0
20170124,23,CO,扬州,1.0
20170124,23,CO_24h,扬州,1.1
20170124,0,AQI,无锡,34.0
20170124,0,PM2.5,无锡,17.0
20170124,0,PM2.5_24h,无锡,36.0
20170124,0,PM10,无锡,34.0
20170124,0,PM10_24h,无锡,63.0
20170124,0,SO2,无锡,12.0
20170124,0,SO2_24h,无锡,20.0
20170124,0,NO2,无锡,30.0
20170124,0,NO2_24h,无锡,45.0
20170124,0,O3,无锡,52.0
20170124,0,O3_24h,无锡,82.0
20170124,0,O3_8h,无锡,53.0
20170124,0,O3_8h_24h,无锡,75.0
20170124,0,CO,无锡,0.67
20170124,0,CO_24h,无锡,0.98
20170124,1,AQI,无锡,30.0
20170124,1,PM2.5,无锡,16.0
20170124,1,PM2.5_24h,无锡,35.0
20170124,1,PM10,无锡,30.0
20170124,1,PM10_24h,无锡,61.0
20170124,1,SO2,无锡,12.0
20170124,1,SO2_24h,无锡,20.0
20170124,1,NO2,无锡,32.0
20170124,1,NO2_24h,无锡,44.0
20170124,1,O3,无锡,49.0
20170124,1,O3_24h,无锡,82.0
20170124,1,O3_8h,无锡,49.0
20170124,1,O3_8h_24h,无锡,49.0
20170124,1,CO,无锡,0.68
20170124,1,CO_24h,无锡,0.97
20170124,2,AQI,无锡,29.0
20170124,2,PM2.5,无锡,18.0
20170124,2,PM2.5_24h,无锡,34.0
20170124,2,PM10,无锡,29.0
20170124,2,PM10_24h,无锡,60.0
20170124,2,SO2,无锡,12.0
20170124,2,SO2_24h,无锡,19.0
20170124,2,NO2,无锡,32.0
20170124,2,NO2_24h,无锡,43.0
20170124,2,O3,无锡,46.0
20170124,2,O3_24h,无锡,82.0
20170124,2,O3_8h,无锡,47.0
20170124,2,O3_8h_24h,无锡,49.0
20170124,2,CO,无锡,0.72
20170124,2,CO_24h,无锡,0.97
20170124,3,AQI,无锡,31.0
20170124,3,PM2.5,无锡,17.0
20170124,3,PM2.5_24h,无锡,33.0
20170124,3,PM10,无锡,31.0
20170124,3,PM10_24h,无锡,59.0
20170124,3,SO2,无锡,12.0
20170124,3,SO2_24h,无锡,19.0
20170124,3,NO2,无锡,33.0
20170124,3,NO2_24h,无锡,42.0
20170124,3,O3,无锡,44.0
20170124,3,O3_24h,无锡,82.0
20170124,3,O3_8h,无锡,46.0
20170124,3,O3_8h_24h,无锡,49.0
20170124,3,CO,无锡,0.7
20170124,3,CO_24h,无锡,0.97
20170124,4,AQI,无锡,32.0
20170124,4,PM2.5,无锡,16.0
20170124,4,PM2.5_24h,无锡,32.0
20170124,4,PM10,无锡,32.0
20170124,4,PM10_24h,无锡,58.0
20170124,4,SO2,无锡,13.0
20170124,4,SO2_24h,无锡,19.0
20170124,4,NO2,无锡,33.0
20170124,4,NO2_24h,无锡,42.0
20170124,4,O3,无锡,43.0
20170124,4,O3_24h,无锡,82.0
20170124,4,O3_8h,无锡,45.0
20170124,4,O3_8h_24h,无锡,49.0
20170124,4,CO,无锡,0.72
20170124,4,CO_24h,无锡,0.97
20170124,5,AQI,无锡,37.0
20170124,5,PM2.5,无锡,18.0
20170124,5,PM2.5_24h,无锡,32.0
20170124,5,PM10,无锡,37.0
20170124,5,PM10_24h,无锡,57.0
20170124,5,SO2,无锡,14.0
20170124,5,SO2_24h,无锡,19.0
20170124,5,NO2,无锡,36.0
20170124,5,NO2_24h,无锡,41.0
20170124,5,O3,无锡,41.0
20170124,5,O3_24h,无锡,82.0
20170124,5,O3_8h,无锡,44.0
20170124,5,O3_8h_24h,无锡,49.0
20170124,5,CO,无锡,0.72
20170124,5,CO_24h,无锡,0.97
20170124,6,AQI,无锡,35.0
20170124,6,PM2.5,无锡,19.0
20170124,6,PM2.5_24h,无锡,31.0
20170124,6,PM10,无锡,35.0
20170124,6,PM10_24h,无锡,56.0
20170124,6,SO2,无锡,14.0
20170124,6,SO2_24h,无锡,19.0
20170124,6,NO2,无锡,42.0
20170124,6,NO2_24h,无锡,41.0
20170124,6,O3,无锡,36.0
20170124,6,O3_24h,无锡,82.0
20170124,6,O3_8h,无锡,43.0
20170124,6,O3_8h_24h,无锡,49.0
20170124,6,CO,无锡,0.73
20170124,6,CO_24h,无锡,0.97
20170124,7,AQI,无锡,39.0
20170124,7,PM2.5,无锡,19.0
20170124,7,PM2.5_24h,无锡,31.0
20170124,7,PM10,无锡,39.0
20170124,7,PM10_24h,无锡,55.0
20170124,7,SO2,无锡,13.0
20170124,7,SO2_24h,无锡,19.0
20170124,7,NO2,无锡,54.0
20170124,7,NO2_24h,无锡,41.0
20170124,7,O3,无锡,23.0
20170124,7,O3_24h,无锡,82.0
20170124,7,O3_8h,无锡,40.0
20170124,7,O3_8h_24h,无锡,49.0
20170124,7,CO,无锡,0.77
20170124,7,CO_24h,无锡,0.97
20170124,8,AQI,无锡,45.0
20170124,8,PM2.5,无锡,25.0
20170124,8,PM2.5_24h,无锡,30.0
20170124,8,PM10,无锡,45.0
20170124,8,PM10_24h,无锡,55.0
20170124,8,SO2,无锡,13.0
20170124,8,SO2_24h,无锡,19.0
20170124,8,NO2,无锡,59.0
20170124,8,NO2_24h,无锡,40.0
20170124,8,O3,无锡,19.0
20170124,8,O3_24h,无锡,82.0
20170124,8,O3_8h,无锡,37.0
20170124,8,O3_8h_24h,无锡,49.0
20170124,8,CO,无锡,0.9
20170124,8,CO_24h,无锡,0.93
20170124,9,AQI,无锡,51.0
20170124,9,PM2.5,无锡,27.0
20170124,9,PM2.5_24h,无锡,30.0
20170124,9,PM10,无锡,51.0
20170124,9,PM10_24h,无锡,54.0
20170124,9,SO2,无锡,15.0
20170124,9,SO2_24h,无锡,18.0
20170124,9,NO2,无锡,50.0
20170124,9,NO2_24h,无锡,40.0
20170124,9,O3,无锡,35.0
20170124,9,O3_24h,无锡,82.0
20170124,9,O3_8h,无锡,36.0
20170124,9,O3_8h_24h,无锡,49.0
20170124,9,CO,无锡,0.87
20170124,9,CO_24h,无锡,0.93
20170124,10,AQI,无锡,53.0
20170124,10,PM2.5,无锡,25.0
20170124,10,PM2.5_24h,无锡,31.0
20170124,10,PM10,无锡,55.0
20170124,10,PM10_24h,无锡,56.0
20170124,10,SO2,无锡,15.0
20170124,10,SO2_24h,无锡,18.0
20170124,10,NO2,无锡,31.0
20170124,10,NO2_24h,无锡,38.0
20170124,10,O3,无锡,58.0
20170124,10,O3_24h,无锡,85.0
20170124,10,O3_8h,无锡,41.0
20170124,10,O3_8h_24h,无锡,51.0
20170124,10,CO,无锡,0.76
20170124,10,CO_24h,无锡,0.9
20170124,11,AQI,无锡,43.0
20170124,11,PM2.5,无锡,18.0
20170124,11,PM2.5_24h,无锡,30.0
20170124,11,PM10,无锡,43.0
20170124,11,PM10_24h,无锡,55.0
20170124,11,SO2,无锡,16.0
20170124,11,SO2_24h,无锡,17.0
20170124,11,NO2,无锡,24.0
20170124,11,NO2_24h,无锡,37.0
20170124,11,O3,无锡,68.0
20170124,11,O3_24h,无锡,85.0
20170124,11,O3_8h,无锡,45.0
20170124,11,O3_8h_24h,无锡,52.0
20170124,11,CO,无锡,0.71
20170124,11,CO_24h,无锡,0.87
20170124,12,AQI,无锡,38.0
20170124,12,PM2.5,无锡,16.0
20170124,12,PM2.5_24h,无锡,28.0
20170124,12,PM10,无锡,38.0
20170124,12,PM10_24h,无锡,53.0
20170124,12,SO2,无锡,17.0
20170124,12,SO2_24h,无锡,17.0
20170124,12,NO2,无锡,26.0
20170124,12,NO2_24h,无锡,37.0
20170124,12,O3,无锡,70.0
20170124,12,O3_24h,无锡,85.0
20170124,12,O3_8h,无锡,47.0
20170124,12,O3_8h_24h,无锡,52.0
20170124,12,CO,无锡,0.71
20170124,12,CO_24h,无锡,0.86
20170124,13,AQI,无锡,41.0
20170124,13,PM2.5,无锡,19.0
20170124,13,PM2.5_24h,无锡,27.0
20170124,13,PM10,无锡,41.0
20170124,13,PM10_24h,无锡,51.0
20170124,13,SO2,无锡,18.0
20170124,13,SO2_24h,无锡,16.0
20170124,13,NO2,无锡,25.0
20170124,13,NO2_24h,无锡,37.0
20170124,13,O3,无锡,74.0
20170124,13,O3_24h,无锡,85.0
20170124,13,O3_8h,无锡,51.0
20170124,13,O3_8h_24h,无锡,53.0
20170124,13,CO,无锡,0.71
20170124,13,CO_24h,无锡,0.83
20170124,14,AQI,无锡,40.0
20170124,14,PM2.5,无锡,24.0
20170124,14,PM2.5_24h,无锡,29.0
20170124,14,PM10,无锡,40.0
20170124,14,PM10_24h,无锡,51.0
20170124,14,SO2,无锡,20.0
20170124,14,SO2_24h,无锡,16.0
20170124,14,NO2,无锡,28.0
20170124,14,NO2_24h,无锡,39.0
20170124,14,O3,无锡,76.0
20170124,14,O3_24h,无锡,88.0
20170124,14,O3_8h,无锡,59.0
20170124,14,O3_8h_24h,无锡,59.0
20170124,14,CO,无锡,0.72
20170124,14,CO_24h,无锡,0.8
20170124,15,AQI,无锡,46.0
20170124,15,PM2.5,无锡,24.0
20170124,15,PM2.5_24h,无锡,28.0
20170124,15,PM10,无锡,46.0
20170124,15,PM10_24h,无锡,50.0
20170124,15,SO2,无锡,20.0
20170124,15,SO2_24h,无锡,16.0
20170124,15,NO2,无锡,33.0
20170124,15,NO2_24h,无锡,39.0
20170124,15,O3,无锡,72.0
20170124,15,O3_24h,无锡,87.0
20170124,15,O3_8h,无锡,64.0
20170124,15,O3_8h_24h,无锡,64.0
20170124,15,CO,无锡,0.72
20170124,15,CO_24h,无锡,0.8
20170124,16,AQI,无锡,52.0
20170124,16,PM2.5,无锡,28.0
20170124,16,PM2.5_24h,无锡,28.0
20170124,16,PM10,无锡,54.0
20170124,16,PM10_24h,无锡,49.0
20170124,16,SO2,无锡,19.0
20170124,16,SO2_24h,无锡,16.0
20170124,16,NO2,无锡,41.0
20170124,16,NO2_24h,无锡,40.0
20170124,16,O3,无锡,65.0
20170124,16,O3_24h,无锡,80.0
20170124,16,O3_8h,无锡,67.0
20170124,16,O3_8h_24h,无锡,68.0
20170124,16,CO,无锡,0.73
20170124,16,CO_24h,无锡,0.78
20170124,17,AQI,无锡,53.0
20170124,17,PM2.5,无锡,33.0
20170124,17,PM2.5_24h,无锡,28.0
20170124,17,PM10,无锡,55.0
20170124,17,PM10_24h,无锡,49.0
20170124,17,SO2,无锡,19.0
20170124,17,SO2_24h,无锡,16.0
20170124,17,NO2,无锡,51.0
20170124,17,NO2_24h,无锡,40.0
20170124,17,O3,无锡,54.0
20170124,17,O3_24h,无锡,78.0
20170124,17,O3_8h,无锡,68.0
20170124,17,O3_8h_24h,无锡,69.0
20170124,17,CO,无锡,0.75
20170124,17,CO_24h,无锡,0.76
20170124,18,AQI,无锡,54.0
20170124,18,PM2.5,无锡,32.0
20170124,18,PM2.5_24h,无锡,27.0
20170124,18,PM10,无锡,58.0
20170124,18,PM10_24h,无锡,49.0
20170124,18,SO2,无锡,18.0
20170124,18,SO2_24h,无锡,16.0
20170124,18,NO2,无锡,53.0
20170124,18,NO2_24h,无锡,41.0
20170124,18,O3,无锡,50.0
20170124,18,O3_24h,无锡,78.0
20170124,18,O3_8h,无锡,67.0
20170124,18,O3_8h_24h,无锡,69.0
20170124,18,CO,无锡,0.86
20170124,18,CO_24h,无锡,0.76
20170124,19,AQI,无锡,54.0
20170124,19,PM2.5,无锡,38.0
20170124,19,PM2.5_24h,无锡,27.0
20170124,19,PM10,无锡,58.0
20170124,19,PM10_24h,无锡,48.0
20170124,19,SO2,无锡,18.0
20170124,19,SO2_24h,无锡,16.0
20170124,19,NO2,无锡,43.0
20170124,19,NO2_24h,无锡,40.0
20170124,19,O3,无锡,63.0
20170124,19,O3_24h,无锡,77.0
20170124,19,O3_8h,无锡,66.0
20170124,19,O3_8h_24h,无锡,69.0
20170124,19,CO,无锡,0.85
20170124,19,CO_24h,无锡,0.75
20170124,20,AQI,无锡,57.0
20170124,20,PM2.5,无锡,40.0
20170124,20,PM2.5_24h,无锡,27.0
20170124,20,PM10,无锡,63.0
20170124,20,PM10_24h,无锡,48.0
20170124,20,SO2,无锡,18.0
20170124,20,SO2_24h,无锡,16.0
20170124,20,NO2,无锡,37.0
20170124,20,NO2_24h,无锡,39.0
20170124,20,O3,无锡,71.0
20170124,20,O3_24h,无锡,78.0
20170124,20,O3_8h,无锡,66.0
20170124,20,O3_8h_24h,无锡,69.0
20170124,20,CO,无锡,0.8
20170124,20,CO_24h,无锡,0.74
20170124,21,AQI,无锡,64.0
20170124,21,PM2.5,无锡,46.0
20170124,21,PM2.5_24h,无锡,27.0
20170124,21,PM10,无锡,65.0
20170124,21,PM10_24h,无锡,48.0
20170124,21,SO2,无锡,20.0
20170124,21,SO2_24h,无锡,16.0
20170124,21,NO2,无锡,36.0
20170124,21,NO2_24h,无锡,37.0
20170124,21,O3,无锡,73.0
20170124,21,O3_24h,无锡,79.0
20170124,21,O3_8h,无锡,66.0
20170124,21,O3_8h_24h,无锡,69.0
20170124,21,CO,无锡,0.9
20170124,21,CO_24h,无锡,0.75
20170124,22,AQI,无锡,68.0
20170124,22,PM2.5,无锡,49.0
20170124,22,PM2.5_24h,无锡,28.0
20170124,22,PM10,无锡,69.0
20170124,22,PM10_24h,无锡,48.0
20170124,22,SO2,无锡,19.0
20170124,22,SO2_24h,无锡,16.0
20170124,22,NO2,无锡,35.0
20170124,22,NO2_24h,无锡,37.0
20170124,22,O3,无锡,70.0
20170124,22,O3_24h,无锡,79.0
20170124,22,O3_8h,无锡,65.0
20170124,22,O3_8h_24h,无锡,69.0
20170124,22,CO,无锡,0.93
20170124,22,CO_24h,无锡,0.75
20170124,23,AQI,无锡,66.0
20170124,23,PM2.5,无锡,48.0
20170124,23,PM2.5_24h,无锡,29.0
20170124,23,PM10,无锡,69.0
20170124,23,PM10_24h,无锡,48.0
20170124,23,SO2,无锡,18.0
20170124,23,SO2_24h,无锡,16.0
20170124,23,NO2,无锡,33.0
20170124,23,NO2_24h,无锡,37.0
20170124,23,O3,无锡,68.0
20170124,23,O3_24h,无锡,79.0
20170124,23,O3_8h,无锡,65.0
20170124,23,O3_8h_24h,无锡,69.0
20170124,23,CO,无锡,0.94
20170124,23,CO_24h,无锡,0.76
20170124,0,AQI,常州,51.0
20170124,0,PM2.5,常州,34.0
20170124,0,PM2.5_24h,常州,48.0
20170124,0,PM10,常州,52.0
20170124,0,PM10_24h,常州,76.0
20170124,0,SO2,常州,13.0
20170124,0,SO2_24h,常州,20.0
20170124,0,NO2,常州,38.0
20170124,0,NO2_24h,常州,48.0
20170124,0,O3,常州,40.0
20170124,0,O3_24h,常州,75.0
20170124,0,O3_8h,常州,44.0
20170124,0,O3_8h_24h,常州,65.0
20170124,0,CO,常州,0.87
20170124,0,CO_24h,常州,1.23
20170124,1,AQI,常州,39.0
20170124,1,PM2.5,常州,23.0
20170124,1,PM2.5_24h,常州,47.0
20170124,1,PM10,常州,39.0
20170124,1,PM10_24h,常州,74.0
20170124,1,SO2,常州,12.0
20170124,1,SO2_24h,常州,20.0
20170124,1,NO2,常州,32.0
20170124,1,NO2_24h,常州,47.0
20170124,1,O3,常州,44.0
20170124,1,O3_24h,常州,75.0
20170124,1,O3_8h,常州,44.0
20170124,1,O3_8h_24h,常州,44.0
20170124,1,CO,常州,0.83
20170124,1,CO_24h,常州,1.23
20170124,2,AQI,常州,37.0
20170124,2,PM2.5,常州,21.0
20170124,2,PM2.5_24h,常州,46.0
20170124,2,PM10,常州,37.0
20170124,2,PM10_24h,常州,73.0
20170124,2,SO2,常州,13.0
20170124,2,SO2_24h,常州,20.0
20170124,2,NO2,常州,30.0
20170124,2,NO2_24h,常州,46.0
20170124,2,O3,常州,45.0
20170124,2,O3_24h,常州,75.0
20170124,2,O3_8h,常州,45.0
20170124,2,O3_8h_24h,常州,45.0
20170124,2,CO,常州,0.83
20170124,2,CO_24h,常州,1.23
20170124,3,AQI,常州,37.0
20170124,3,PM2.5,常州,21.0
20170124,3,PM2.5_24h,常州,45.0
20170124,3,PM10,常州,37.0
20170124,3,PM10_24h,常州,72.0
20170124,3,SO2,常州,14.0
20170124,3,SO2_24h,常州,20.0
20170124,3,NO2,常州,31.0
20170124,3,NO2_24h,常州,45.0
20170124,3,O3,常州,42.0
20170124,3,O3_24h,常州,75.0
20170124,3,O3_8h,常州,44.0
20170124,3,O3_8h_24h,常州,45.0
20170124,3,CO,常州,0.93
20170124,3,CO_24h,常州,1.23
20170124,4,AQI,常州,39.0
20170124,4,PM2.5,常州,22.0
20170124,4,PM2.5_24h,常州,44.0
20170124,4,PM10,常州,39.0
20170124,4,PM10_24h,常州,70.0
20170124,4,SO2,常州,13.0
20170124,4,SO2_24h,常州,20.0
20170124,4,NO2,常州,32.0
20170124,4,NO2_24h,常州,44.0
20170124,4,O3,常州,42.0
20170124,4,O3_24h,常州,75.0
20170124,4,O3_8h,常州,43.0
20170124,4,O3_8h_24h,常州,46.0
20170124,4,CO,常州,0.93
20170124,4,CO_24h,常州,1.2
20170124,5,AQI,常州,40.0
20170124,5,PM2.5,常州,22.0
20170124,5,PM2.5_24h,常州,43.0
20170124,5,PM10,常州,40.0
20170124,5,PM10_24h,常州,69.0
20170124,5,SO2,常州,15.0
20170124,5,SO2_24h,常州,20.0
20170124,5,NO2,常州,35.0
20170124,5,NO2_24h,常州,43.0
20170124,5,O3,常州,39.0
20170124,5,O3_24h,常州,75.0
20170124,5,O3_8h,常州,42.0
20170124,5,O3_8h_24h,常州,46.0
20170124,5,CO,常州,1.17
20170124,5,CO_24h,常州,1.2
20170124,6,AQI,常州,43.0
20170124,6,PM2.5,常州,24.0
20170124,6,PM2.5_24h,常州,42.0
20170124,6,PM10,常州,43.0
20170124,6,PM10_24h,常州,67.0
20170124,6,SO2,常州,14.0
20170124,6,SO2_24h,常州,20.0
20170124,6,NO2,常州,33.0
20170124,6,NO2_24h,常州,43.0
20170124,6,O3,常州,37.0
20170124,6,O3_24h,常州,75.0
20170124,6,O3_8h,常州,42.0
20170124,6,O3_8h_24h,常州,46.0
20170124,6,CO,常州,1.03
20170124,6,CO_24h,常州,1.2
20170124,7,AQI,常州,50.0
20170124,7,PM2.5,常州,29.0
20170124,7,PM2.5_24h,常州,41.0
20170124,7,PM10,常州,50.0
20170124,7,PM10_24h,常州,67.0
20170124,7,SO2,常州,14.0
20170124,7,SO2_24h,常州,20.0
20170124,7,NO2,常州,40.0
20170124,7,NO2_24h,常州,42.0
20170124,7,O3,常州,30.0
20170124,7,O3_24h,常州,75.0
20170124,7,O3_8h,常州,40.0
20170124,7,O3_8h_24h,常州,46.0
20170124,7,CO,常州,0.87
20170124,7,CO_24h,常州,1.2
20170124,8,AQI,常州,53.0
20170124,8,PM2.5,常州,34.0
20170124,8,PM2.5_24h,常州,41.0
20170124,8,PM10,常州,55.0
20170124,8,PM10_24h,常州,66.0
20170124,8,SO2,常州,15.0
20170124,8,SO2_24h,常州,20.0
20170124,8,NO2,常州,47.0
20170124,8,NO2_24h,常州,41.0
20170124,8,O3,常州,25.0
20170124,8,O3_24h,常州,75.0
20170124,8,O3_8h,常州,38.0
20170124,8,O3_8h_24h,常州,46.0
20170124,8,CO,常州,1.0
20170124,8,CO_24h,常州,1.2
20170124,9,AQI,常州,53.0
20170124,9,PM2.5,常州,37.0
20170124,9,PM2.5_24h,常州,40.0
20170124,9,PM10,常州,56.0
20170124,9,PM10_24h,常州,65.0
20170124,9,SO2,常州,17.0
20170124,9,SO2_24h,常州,20.0
20170124,9,NO2,常州,42.0
20170124,9,NO2_24h,常州,41.0
20170124,9,O3,常州,38.0
20170124,9,O3_24h,常州,75.0
20170124,9,O3_8h,常州,37.0
20170124,9,O3_8h_24h,常州,46.0
20170124,9,CO,常州,0.97
20170124,9,CO_24h,常州,1.13
20170124,10,AQI,常州,46.0
20170124,10,PM2.5,常州,27.0
20170124,10,PM2.5_24h,常州,40.0
20170124,10,PM10,常州,46.0
20170124,10,PM10_24h,常州,64.0
20170124,10,SO2,常州,17.0
20170124,10,SO2_24h,常州,19.0
20170124,10,NO2,常州,34.0
20170124,10,NO2_24h,常州,41.0
20170124,10,O3,常州,53.0
20170124,10,O3_24h,常州,75.0
20170124,10,O3_8h,常州,38.0
20170124,10,O3_8h_24h,常州,46.0
20170124,10,CO,常州,0.97
20170124,10,CO_24h,常州,1.13
20170124,11,AQI,常州,43.0
20170124,11,PM2.5,常州,24.0
20170124,11,PM2.5_24h,常州,39.0
20170124,11,PM10,常州,43.0
20170124,11,PM10_24h,常州,62.0
20170124,11,SO2,常州,18.0
20170124,11,SO2_24h,常州,19.0
20170124,11,NO2,常州,27.0
20170124,11,NO2_24h,常州,40.0
20170124,11,O3,常州,64.0
20170124,11,O3_24h,常州,75.0
20170124,11,O3_8h,常州,41.0
20170124,11,O3_8h_24h,常州,46.0
20170124,11,CO,常州,1.0
20170124,11,CO_24h,常州,1.1
20170124,12,AQI,常州,45.0
20170124,12,PM2.5,常州,27.0
20170124,12,PM2.5_24h,常州,38.0
20170124,12,PM10,常州,45.0
20170124,12,PM10_24h,常州,61.0
20170124,12,SO2,常州,18.0
20170124,12,SO2_24h,常州,18.0
20170124,12,NO2,常州,25.0
20170124,12,NO2_24h,常州,40.0
20170124,12,O3,常州,69.0
20170124,12,O3_24h,常州,77.0
20170124,12,O3_8h,常州,44.0
20170124,12,O3_8h_24h,常州,47.0
20170124,12,CO,常州,1.0
20170124,12,CO_24h,常州,1.1
20170124,13,AQI,常州,47.0
20170124,13,PM2.5,常州,28.0
20170124,13,PM2.5_24h,常州,37.0
20170124,13,PM10,常州,47.0
20170124,13,PM10_24h,常州,60.0
20170124,13,SO2,常州,19.0
20170124,13,SO2_24h,常州,18.0
20170124,13,NO2,常州,24.0
20170124,13,NO2_24h,常州,39.0
20170124,13,O3,常州,73.0
20170124,13,O3_24h,常州,78.0
20170124,13,O3_8h,常州,48.0
20170124,13,O3_8h_24h,常州,49.0
20170124,13,CO,常州,1.0
20170124,13,CO_24h,常州,1.1
20170124,14,AQI,常州,50.0
20170124,14,PM2.5,常州,31.0
20170124,14,PM2.5_24h,常州,37.0
20170124,14,PM10,常州,50.0
20170124,14,PM10_24h,常州,59.0
20170124,14,SO2,常州,19.0
20170124,14,SO2_24h,常州,18.0
20170124,14,NO2,常州,26.0
20170124,14,NO2_24h,常州,39.0
20170124,14,O3,常州,73.0
20170124,14,O3_24h,常州,78.0
20170124,14,O3_8h,常州,53.0
20170124,14,O3_8h_24h,常州,53.0
20170124,14,CO,常州,1.0
20170124,14,CO_24h,常州,1.07
20170124,15,AQI,常州,52.0
20170124,15,PM2.5,常州,34.0
20170124,15,PM2.5_24h,常州,37.0
20170124,15,PM10,常州,54.0
20170124,15,PM10_24h,常州,59.0
20170124,15,SO2,常州,19.0
20170124,15,SO2_24h,常州,17.0
20170124,15,NO2,常州,30.0
20170124,15,NO2_24h,常州,39.0
20170124,15,O3,常州,72.0
20170124,15,O3_24h,常州,77.0
20170124,15,O3_8h,常州,58.0
20170124,15,O3_8h_24h,常州,58.0
20170124,15,CO,常州,0.97
20170124,15,CO_24h,常州,1.07
20170124,16,AQI,常州,53.0
20170124,16,PM2.5,常州,37.0
20170124,16,PM2.5_24h,常州,37.0
20170124,16,PM10,常州,56.0
20170124,16,PM10_24h,常州,58.0
20170124,16,SO2,常州,19.0
20170124,16,SO2_24h,常州,17.0
20170124,16,NO2,常州,34.0
20170124,16,NO2_24h,常州,38.0
20170124,16,O3,常州,69.0
20170124,16,O3_24h,常州,75.0
20170124,16,O3_8h,常州,64.0
20170124,16,O3_8h_24h,常州,64.0
20170124,16,CO,常州,0.87
20170124,16,CO_24h,常州,1.03
20170124,17,AQI,常州,55.0
20170124,17,PM2.5,常州,39.0
20170124,17,PM2.5_24h,常州,36.0
20170124,17,PM10,常州,59.0
20170124,17,PM10_24h,常州,58.0
20170124,17,SO2,常州,18.0
20170124,17,SO2_24h,常州,17.0
20170124,17,NO2,常州,38.0
20170124,17,NO2_24h,常州,38.0
20170124,17,O3,常州,51.0
20170124,17,O3_24h,常州,74.0
20170124,17,O3_8h,常州,66.0
20170124,17,O3_8h_24h,常州,66.0
20170124,17,CO,常州,0.77
20170124,17,CO_24h,常州,1.0
20170124,18,AQI,常州,63.0
20170124,18,PM2.5,常州,45.0
20170124,18,PM2.5_24h,常州,36.0
20170124,18,PM10,常州,66.0
20170124,18,PM10_24h,常州,57.0
20170124,18,SO2,常州,17.0
20170124,18,SO2_24h,常州,17.0
20170124,18,NO2,常州,45.0
20170124,18,NO2_24h,常州,38.0
20170124,18,O3,常州,50.0
20170124,18,O3_24h,常州,74.0
20170124,18,O3_8h,常州,65.0
20170124,18,O3_8h_24h,常州,66.0
20170124,18,CO,常州,0.93
20170124,18,CO_24h,常州,1.0
20170124,19,AQI,常州,69.0
20170124,19,PM2.5,常州,50.0
20170124,19,PM2.5_24h,常州,35.0
20170124,19,PM10,常州,70.0
20170124,19,PM10_24h,常州,56.0
20170124,19,SO2,常州,17.0
20170124,19,SO2_24h,常州,17.0
20170124,19,NO2,常州,47.0
20170124,19,NO2_24h,常州,37.0
20170124,19,O3,常州,47.0
20170124,19,O3_24h,常州,74.0
20170124,19,O3_8h,常州,63.0
20170124,19,O3_8h_24h,常州,66.0
20170124,19,CO,常州,0.97
20170124,19,CO_24h,常州,1.0
20170124,20,AQI,常州,75.0
20170124,20,PM2.5,常州,55.0
20170124,20,PM2.5_24h,常州,35.0
20170124,20,PM10,常州,77.0
20170124,20,PM10_24h,常州,55.0
20170124,20,SO2,常州,17.0
20170124,20,SO2_24h,常州,16.0
20170124,20,NO2,常州,43.0
20170124,20,NO2_24h,常州,37.0
20170124,20,O3,常州,49.0
20170124,20,O3_24h,常州,74.0
20170124,20,O3_8h,常州,61.0
20170124,20,O3_8h_24h,常州,66.0
20170124,20,CO,常州,1.03
20170124,20,CO_24h,常州,0.97
20170124,21,AQI,常州,86.0
20170124,21,PM2.5,常州,64.0
20170124,21,PM2.5_24h,常州,35.0
20170124,21,PM10,常州,88.0
20170124,21,PM10_24h,常州,55.0
20170124,21,SO2,常州,18.0
20170124,21,SO2_24h,常州,16.0
20170124,21,NO2,常州,38.0
20170124,21,NO2_24h,常州,36.0
20170124,21,O3,常州,56.0
20170124,21,O3_24h,常州,74.0
20170124,21,O3_8h,常州,58.0
20170124,21,O3_8h_24h,常州,66.0
20170124,21,CO,常州,1.03
20170124,21,CO_24h,常州,0.97
20170124,22,AQI,常州,101.0
20170124,22,PM2.5,常州,76.0
20170124,22,PM2.5_24h,常州,36.0
20170124,22,PM10,常州,102.0
20170124,22,PM10_24h,常州,55.0
20170124,22,SO2,常州,20.0
20170124,22,SO2_24h,常州,16.0
20170124,22,NO2,常州,40.0
20170124,22,NO2_24h,常州,36.0
20170124,22,O3,常州,54.0
20170124,22,O3_24h,常州,74.0
20170124,22,O3_8h,常州,56.0
20170124,22,O3_8h_24h,常州,66.0
20170124,22,CO,常州,0.97
20170124,22,CO_24h,常州,0.97
20170124,23,AQI,常州,96.0
20170124,23,PM2.5,常州,72.0
20170124,23,PM2.5_24h,常州,37.0
20170124,23,PM10,常州,98.0
20170124,23,PM10_24h,常州,56.0
20170124,23,SO2,常州,20.0
20170124,23,SO2_24h,常州,17.0
20170124,23,NO2,常州,35.0
20170124,23,NO2_24h,常州,35.0
20170124,23,O3,常州,58.0
20170124,23,O3_24h,常州,74.0
20170124,23,O3_8h,常州,54.0
20170124,23,O3_8h_24h,常州,66.0
20170124,23,CO,常州,1.07
20170124,23,CO_24h,常州,0.97
20170124,0,AQI,镇江,70.0
20170124,0,PM2.5,镇江,42.0
20170124,0,PM2.5_24h,镇江,49.0
20170124,0,PM10,镇江,90.0
20170124,0,PM10_24h,镇江,87.0
20170124,0,SO2,镇江,9.0
20170124,0,SO2_24h,镇江,16.0
20170124,0,NO2,镇江,31.0
20170124,0,NO2_24h,镇江,34.0
20170124,0,O3,镇江,42.0
20170124,0,O3_24h,镇江,81.0
20170124,0,O3_8h,镇江,57.0
20170124,0,O3_8h_24h,镇江,75.0
20170124,0,CO,镇江,0.77
20170124,0,CO_24h,镇江,0.83
20170124,1,AQI,镇江,63.0
20170124,1,PM2.5,镇江,38.0
20170124,1,PM2.5_24h,镇江,48.0
20170124,1,PM10,镇江,76.0
20170124,1,PM10_24h,镇江,86.0
20170124,1,SO2,镇江,9.0
20170124,1,SO2_24h,镇江,16.0
20170124,1,NO2,镇江,34.0
20170124,1,NO2_24h,镇江,34.0
20170124,1,O3,镇江,37.0
20170124,1,O3_24h,镇江,81.0
20170124,1,O3_8h,镇江,37.0
20170124,1,O3_8h_24h,镇江,37.0
20170124,1,CO,镇江,0.87
20170124,1,CO_24h,镇江,0.87
20170124,2,AQI,镇江,59.0
20170124,2,PM2.5,镇江,32.0
20170124,2,PM2.5_24h,镇江,47.0
20170124,2,PM10,镇江,67.0
20170124,2,PM10_24h,镇江,84.0
20170124,2,SO2,镇江,11.0
20170124,2,SO2_24h,镇江,16.0
20170124,2,NO2,镇江,29.0
20170124,2,NO2_24h,镇江,34.0
20170124,2,O3,镇江,40.0
20170124,2,O3_24h,镇江,81.0
20170124,2,O3_8h,镇江,38.0
20170124,2,O3_8h_24h,镇江,38.0
20170124,2,CO,镇江,0.93
20170124,2,CO_24h,镇江,0.87
20170124,3,AQI,镇江,53.0
20170124,3,PM2.5,镇江,32.0
20170124,3,PM2.5_24h,镇江,47.0
20170124,3,PM10,镇江,56.0
20170124,3,PM10_24h,镇江,83.0
20170124,3,SO2,镇江,31.0
20170124,3,SO2_24h,镇江,17.0
20170124,3,NO2,镇江,25.0
20170124,3,NO2_24h,镇江,34.0
20170124,3,O3,镇江,42.0
20170124,3,O3_24h,镇江,81.0
20170124,3,O3_8h,镇江,40.0
20170124,3,O3_8h_24h,镇江,40.0
20170124,3,CO,镇江,0.87
20170124,3,CO_24h,镇江,0.87
20170124,4,AQI,镇江,52.0
20170124,4,PM2.5,镇江,30.0
20170124,4,PM2.5_24h,镇江,46.0
20170124,4,PM10,镇江,54.0
20170124,4,PM10_24h,镇江,82.0
20170124,4,SO2,镇江,46.0
20170124,4,SO2_24h,镇江,18.0
20170124,4,NO2,镇江,25.0
20170124,4,NO2_24h,镇江,33.0
20170124,4,O3,镇江,44.0
20170124,4,O3_24h,镇江,81.0
20170124,4,O3_8h,镇江,41.0
20170124,4,O3_8h_24h,镇江,41.0
20170124,4,CO,镇江,0.8
20170124,4,CO_24h,镇江,0.87
20170124,5,AQI,镇江,51.0
20170124,5,PM2.5,镇江,28.0
20170124,5,PM2.5_24h,镇江,46.0
20170124,5,PM10,镇江,51.0
20170124,5,PM10_24h,镇江,81.0
20170124,5,SO2,镇江,48.0
20170124,5,SO2_24h,镇江,20.0
20170124,5,NO2,镇江,26.0
20170124,5,NO2_24h,镇江,33.0
20170124,5,O3,镇江,42.0
20170124,5,O3_24h,镇江,81.0
20170124,5,O3_8h,镇江,41.0
20170124,5,O3_8h_24h,镇江,42.0
20170124,5,CO,镇江,0.8
20170124,5,CO_24h,镇江,0.87
20170124,6,AQI,镇江,44.0
20170124,6,PM2.5,镇江,31.0
20170124,6,PM2.5_24h,镇江,45.0
20170124,6,PM10,镇江,43.0
20170124,6,PM10_24h,镇江,80.0
20170124,6,SO2,镇江,19.0
20170124,6,SO2_24h,镇江,20.0
20170124,6,NO2,镇江,29.0
20170124,6,NO2_24h,镇江,32.0
20170124,6,O3,镇江,40.0
20170124,6,O3_24h,镇江,81.0
20170124,6,O3_8h,镇江,41.0
20170124,6,O3_8h_24h,镇江,42.0
20170124,6,CO,镇江,0.87
20170124,6,CO_24h,镇江,0.83
20170124,7,AQI,镇江,49.0
20170124,7,PM2.5,镇江,34.0
20170124,7,PM2.5_24h,镇江,46.0
20170124,7,PM10,镇江,43.0
20170124,7,PM10_24h,镇江,79.0
20170124,7,SO2,镇江,17.0
20170124,7,SO2_24h,镇江,20.0
20170124,7,NO2,镇江,35.0
20170124,7,NO2_24h,镇江,32.0
20170124,7,O3,镇江,34.0
20170124,7,O3_24h,镇江,81.0
20170124,7,O3_8h,镇江,40.0
20170124,7,O3_8h_24h,镇江,42.0
20170124,7,CO,镇江,0.9
20170124,7,CO_24h,镇江,0.87
20170124,8,AQI,镇江,53.0
20170124,8,PM2.5,镇江,37.0
20170124,8,PM2.5_24h,镇江,45.0
20170124,8,PM10,镇江,52.0
20170124,8,PM10_24h,镇江,78.0
20170124,8,SO2,镇江,10.0
20170124,8,SO2_24h,镇江,20.0
20170124,8,NO2,镇江,41.0
20170124,8,NO2_24h,镇江,32.0
20170124,8,O3,镇江,26.0
20170124,8,O3_24h,镇江,81.0
20170124,8,O3_8h,镇江,38.0
20170124,8,O3_8h_24h,镇江,42.0
20170124,8,CO,镇江,0.93
20170124,8,CO_24h,镇江,0.87
20170124,9,AQI,镇江,54.0
20170124,9,PM2.5,镇江,37.0
20170124,9,PM2.5_24h,镇江,45.0
20170124,9,PM10,镇江,58.0
20170124,9,PM10_24h,镇江,76.0
20170124,9,SO2,镇江,13.0
20170124,9,SO2_24h,镇江,20.0
20170124,9,NO2,镇江,36.0
20170124,9,NO2_24h,镇江,31.0
20170124,9,O3,镇江,34.0
20170124,9,O3_24h,镇江,81.0
20170124,9,O3_8h,镇江,38.0
20170124,9,O3_8h_24h,镇江,43.0
20170124,9,CO,镇江,0.9
20170124,9,CO_24h,镇江,0.87
20170124,10,AQI,镇江,58.0
20170124,10,PM2.5,镇江,33.0
20170124,10,PM2.5_24h,镇江,44.0
20170124,10,PM10,镇江,65.0
20170124,10,PM10_24h,镇江,75.0
20170124,10,SO2,镇江,18.0
20170124,10,SO2_24h,镇江,19.0
20170124,10,NO2,镇江,30.0
20170124,10,NO2_24h,镇江,31.0
20170124,10,O3,镇江,50.0
20170124,10,O3_24h,镇江,81.0
20170124,10,O3_8h,镇江,39.0
20170124,10,O3_8h_24h,镇江,43.0
20170124,10,CO,镇江,1.0
20170124,10,CO_24h,镇江,0.87
20170124,11,AQI,镇江,58.0
20170124,11,PM2.5,镇江,29.0
20170124,11,PM2.5_24h,镇江,44.0
20170124,11,PM10,镇江,65.0
20170124,11,PM10_24h,镇江,74.0
20170124,11,SO2,镇江,20.0
20170124,11,SO2_24h,镇江,20.0
20170124,11,NO2,镇江,26.0
20170124,11,NO2_24h,镇江,31.0
20170124,11,O3,镇江,60.0
20170124,11,O3_24h,镇江,81.0
20170124,11,O3_8h,镇江,42.0
20170124,11,O3_8h_24h,镇江,44.0
20170124,11,CO,镇江,0.8
20170124,11,CO_24h,镇江,0.87
20170124,12,AQI,镇江,58.0
20170124,12,PM2.5,镇江,30.0
20170124,12,PM2.5_24h,镇江,43.0
20170124,12,PM10,镇江,65.0
20170124,12,PM10_24h,镇江,73.0
20170124,12,SO2,镇江,23.0
20170124,12,SO2_24h,镇江,20.0
20170124,12,NO2,镇江,25.0
20170124,12,NO2_24h,镇江,31.0
20170124,12,O3,镇江,65.0
20170124,12,O3_24h,镇江,81.0
20170124,12,O3_8h,镇江,44.0
20170124,12,O3_8h_24h,镇江,45.0
20170124,12,CO,镇江,0.87
20170124,12,CO_24h,镇江,0.87
20170124,13,AQI,镇江,55.0
20170124,13,PM2.5,镇江,31.0
20170124,13,PM2.5_24h,镇江,43.0
20170124,13,PM10,镇江,60.0
20170124,13,PM10_24h,镇江,73.0
20170124,13,SO2,镇江,23.0
20170124,13,SO2_24h,镇江,20.0
20170124,13,NO2,镇江,27.0
20170124,13,NO2_24h,镇江,31.0
20170124,13,O3,镇江,70.0
20170124,13,O3_24h,镇江,81.0
20170124,13,O3_8h,镇江,47.0
20170124,13,O3_8h_24h,镇江,47.0
20170124,13,CO,镇江,0.87
20170124,13,CO_24h,镇江,0.87
20170124,14,AQI,镇江,56.0
20170124,14,PM2.5,镇江,36.0
20170124,14,PM2.5_24h,镇江,42.0
20170124,14,PM10,镇江,61.0
20170124,14,PM10_24h,镇江,72.0
20170124,14,SO2,镇江,23.0
20170124,14,SO2_24h,镇江,20.0
20170124,14,NO2,镇江,27.0
20170124,14,NO2_24h,镇江,31.0
20170124,14,O3,镇江,72.0
20170124,14,O3_24h,镇江,81.0
20170124,14,O3_8h,镇江,51.0
20170124,14,O3_8h_24h,镇江,51.0
20170124,14,CO,镇江,0.8
20170124,14,CO_24h,镇江,0.87
20170124,15,AQI,镇江,55.0
20170124,15,PM2.5,镇江,36.0
20170124,15,PM2.5_24h,镇江,42.0
20170124,15,PM10,镇江,60.0
20170124,15,PM10_24h,镇江,72.0
20170124,15,SO2,镇江,21.0
20170124,15,SO2_24h,镇江,19.0
20170124,15,NO2,镇江,30.0
20170124,15,NO2_24h,镇江,31.0
20170124,15,O3,镇江,69.0
20170124,15,O3_24h,镇江,80.0
20170124,15,O3_8h,镇江,56.0
20170124,15,O3_8h_24h,镇江,56.0
20170124,15,CO,镇江,0.83
20170124,15,CO_24h,镇江,0.87
20170124,16,AQI,镇江,56.0
20170124,16,PM2.5,镇江,38.0
20170124,16,PM2.5_24h,镇江,41.0
20170124,16,PM10,镇江,62.0
20170124,16,PM10_24h,镇江,71.0
20170124,16,SO2,镇江,21.0
20170124,16,SO2_24h,镇江,19.0
20170124,16,NO2,镇江,32.0
20170124,16,NO2_24h,镇江,31.0
20170124,16,O3,镇江,69.0
20170124,16,O3_24h,镇江,76.0
20170124,16,O3_8h,镇江,62.0
20170124,16,O3_8h_24h,镇江,62.0
20170124,16,CO,镇江,0.83
20170124,16,CO_24h,镇江,0.87
20170124,17,AQI,镇江,59.0
20170124,17,PM2.5,镇江,42.0
20170124,17,PM2.5_24h,镇江,41.0
20170124,17,PM10,镇江,64.0
20170124,17,PM10_24h,镇江,70.0
20170124,17,SO2,镇江,19.0
20170124,17,SO2_24h,镇江,20.0
20170124,17,NO2,镇江,33.0
20170124,17,NO2_24h,镇江,31.0
20170124,17,O3,镇江,68.0
20170124,17,O3_24h,镇江,73.0
20170124,17,O3_8h,镇江,66.0
20170124,17,O3_8h_24h,镇江,66.0
20170124,17,CO,镇江,0.87
20170124,17,CO_24h,镇江,0.87
20170124,18,AQI,镇江,70.0
20170124,18,PM2.5,镇江,51.0
20170124,18,PM2.5_24h,镇江,41.0
20170124,18,PM10,镇江,68.0
20170124,18,PM10_24h,镇江,69.0
20170124,18,SO2,镇江,18.0
20170124,18,SO2_24h,镇江,20.0
20170124,18,NO2,镇江,46.0
20170124,18,NO2_24h,镇江,32.0
20170124,18,O3,镇江,54.0
20170124,18,O3_24h,镇江,73.0
20170124,18,O3_8h,镇江,66.0
20170124,18,O3_8h_24h,镇江,66.0
20170124,18,CO,镇江,1.0
20170124,18,CO_24h,镇江,0.87
20170124,19,AQI,镇江,83.0
20170124,19,PM2.5,镇江,61.0
20170124,19,PM2.5_24h,镇江,41.0
20170124,19,PM10,镇江,76.0
20170124,19,PM10_24h,镇江,69.0
20170124,19,SO2,镇江,17.0
20170124,19,SO2_24h,镇江,20.0
20170124,19,NO2,镇江,51.0
20170124,19,NO2_24h,镇江,32.0
20170124,19,O3,镇江,47.0
20170124,19,O3_24h,镇江,73.0
20170124,19,O3_8h,镇江,64.0
20170124,19,O3_8h_24h,镇江,66.0
20170124,19,CO,镇江,1.17
20170124,19,CO_24h,镇江,0.9
20170124,20,AQI,镇江,91.0
20170124,20,PM2.5,镇江,68.0
20170124,20,PM2.5_24h,镇江,41.0
20170124,20,PM10,镇江,87.0
20170124,20,PM10_24h,镇江,68.0
20170124,20,SO2,镇江,18.0
20170124,20,SO2_24h,镇江,19.0
20170124,20,NO2,镇江,51.0
20170124,20,NO2_24h,镇江,32.0
20170124,20,O3,镇江,47.0
20170124,20,O3_24h,镇江,73.0
20170124,20,O3_8h,镇江,62.0
20170124,20,O3_8h_24h,镇江,66.0
20170124,20,CO,镇江,1.2
20170124,20,CO_24h,镇江,0.9
20170124,21,AQI,镇江,108.0
20170124,21,PM2.5,镇江,81.0
20170124,21,PM2.5_24h,镇江,41.0
20170124,21,PM10,镇江,100.0
20170124,21,PM10_24h,镇江,68.0
20170124,21,SO2,镇江,16.0
20170124,21,SO2_24h,镇江,19.0
20170124,21,NO2,镇江,42.0
20170124,21,NO2_24h,镇江,33.0
20170124,21,O3,镇江,53.0
20170124,21,O3_24h,镇江,73.0
20170124,21,O3_8h,镇江,60.0
20170124,21,O3_8h_24h,镇江,66.0
20170124,21,CO,镇江,1.1
20170124,21,CO_24h,镇江,0.9
20170124,22,AQI,镇江,128.0
20170124,22,PM2.5,镇江,97.0
20170124,22,PM2.5_24h,镇江,42.0
20170124,22,PM10,镇江,112.0
20170124,22,PM10_24h,镇江,68.0
20170124,22,SO2,镇江,14.0
20170124,22,SO2_24h,镇江,20.0
20170124,22,NO2,镇江,32.0
20170124,22,NO2_24h,镇江,33.0
20170124,22,O3,镇江,66.0
20170124,22,O3_24h,镇江,74.0
20170124,22,O3_8h,镇江,59.0
20170124,22,O3_8h_24h,镇江,66.0
20170124,22,CO,镇江,0.97
20170124,22,CO_24h,镇江,0.9
20170124,23,AQI,镇江,124.0
20170124,23,PM2.5,镇江,94.0
20170124,23,PM2.5_24h,镇江,44.0
20170124,23,PM10,镇江,112.0
20170124,23,PM10_24h,镇江,68.0
20170124,23,SO2,镇江,14.0
20170124,23,SO2_24h,镇江,20.0
20170124,23,NO2,镇江,34.0
20170124,23,NO2_24h,镇江,33.0
20170124,23,O3,镇江,61.0
20170124,23,O3_24h,镇江,74.0
20170124,23,O3_8h,镇江,58.0
20170124,23,O3_8h_24h,镇江,66.0
20170124,23,CO,镇江,0.97
20170124,23,CO_24h,镇江,0.9
20170124,0,AQI,泰州,43.0
20170124,0,PM2.5,泰州,30.0
20170124,0,PM2.5_24h,泰州,45.0
20170124,0,PM10,泰州,43.0
20170124,0,PM10_24h,泰州,65.0
20170124,0,SO2,泰州,12.0
20170124,0,SO2_24h,泰州,15.0
20170124,0,NO2,泰州,17.0
20170124,0,NO2_24h,泰州,29.0
20170124,0,O3,泰州,60.0
20170124,0,O3_24h,泰州,84.0
20170124,0,O3_8h,泰州,63.0
20170124,0,O3_8h_24h,泰州,74.0
20170124,0,CO,泰州,0.57
20170124,0,CO_24h,泰州,0.73
20170124,1,AQI,泰州,40.0
20170124,1,PM2.5,泰州,25.0
20170124,1,PM2.5_24h,泰州,45.0
20170124,1,PM10,泰州,40.0
20170124,1,PM10_24h,泰州,64.0
20170124,1,SO2,泰州,12.0
20170124,1,SO2_24h,泰州,15.0
20170124,1,NO2,泰州,16.0
20170124,1,NO2_24h,泰州,28.0
20170124,1,O3,泰州,61.0
20170124,1,O3_24h,泰州,84.0
20170124,1,O3_8h,泰州,61.0
20170124,1,O3_8h_24h,泰州,61.0
20170124,1,CO,泰州,0.57
20170124,1,CO_24h,泰州,0.73
20170124,2,AQI,泰州,33.0
20170124,2,PM2.5,泰州,23.0
20170124,2,PM2.5_24h,泰州,44.0
20170124,2,PM10,泰州,33.0
20170124,2,PM10_24h,泰州,63.0
20170124,2,SO2,泰州,11.0
20170124,2,SO2_24h,泰州,15.0
20170124,2,NO2,泰州,15.0
20170124,2,NO2_24h,泰州,28.0
20170124,2,O3,泰州,61.0
20170124,2,O3_24h,泰州,84.0
20170124,2,O3_8h,泰州,61.0
20170124,2,O3_8h_24h,泰州,61.0
20170124,2,CO,泰州,0.53
20170124,2,CO_24h,泰州,0.73
20170124,3,AQI,泰州,27.0
20170124,3,PM2.5,泰州,18.0
20170124,3,PM2.5_24h,泰州,43.0
20170124,3,PM10,泰州,27.0
20170124,3,PM10_24h,泰州,62.0
20170124,3,SO2,泰州,11.0
20170124,3,SO2_24h,泰州,15.0
20170124,3,NO2,泰州,15.0
20170124,3,NO2_24h,泰州,27.0
20170124,3,O3,泰州,59.0
20170124,3,O3_24h,泰州,84.0
20170124,3,O3_8h,泰州,60.0
20170124,3,O3_8h_24h,泰州,61.0
20170124,3,CO,泰州,0.5
20170124,3,CO_24h,泰州,0.7
20170124,4,AQI,泰州,27.0
20170124,4,PM2.5,泰州,17.0
20170124,4,PM2.5_24h,泰州,42.0
20170124,4,PM10,泰州,27.0
20170124,4,PM10_24h,泰州,61.0
20170124,4,SO2,泰州,11.0
20170124,4,SO2_24h,泰州,15.0
20170124,4,NO2,泰州,14.0
20170124,4,NO2_24h,泰州,27.0
20170124,4,O3,泰州,60.0
20170124,4,O3_24h,泰州,84.0
20170124,4,O3_8h,泰州,60.0
20170124,4,O3_8h_24h,泰州,62.0
20170124,4,CO,泰州,0.47
20170124,4,CO_24h,泰州,0.7
20170124,5,AQI,泰州,26.0
20170124,5,PM2.5,泰州,18.0
20170124,5,PM2.5_24h,泰州,42.0
20170124,5,PM10,泰州,26.0
20170124,5,PM10_24h,泰州,60.0
20170124,5,SO2,泰州,11.0
20170124,5,SO2_24h,泰州,15.0
20170124,5,NO2,泰州,15.0
20170124,5,NO2_24h,泰州,26.0
20170124,5,O3,泰州,57.0
20170124,5,O3_24h,泰州,84.0
20170124,5,O3_8h,泰州,60.0
20170124,5,O3_8h_24h,泰州,62.0
20170124,5,CO,泰州,0.47
20170124,5,CO_24h,泰州,0.7
20170124,6,AQI,泰州,32.0
20170124,6,PM2.5,泰州,19.0
20170124,6,PM2.5_24h,泰州,41.0
20170124,6,PM10,泰州,32.0
20170124,6,PM10_24h,泰州,59.0
20170124,6,SO2,泰州,11.0
20170124,6,SO2_24h,泰州,15.0
20170124,6,NO2,泰州,16.0
20170124,6,NO2_24h,泰州,26.0
20170124,6,O3,泰州,59.0
20170124,6,O3_24h,泰州,84.0
20170124,6,O3_8h,泰州,60.0
20170124,6,O3_8h_24h,泰州,62.0
20170124,6,CO,泰州,0.47
20170124,6,CO_24h,泰州,0.7
20170124,7,AQI,泰州,34.0
20170124,7,PM2.5,泰州,21.0
20170124,7,PM2.5_24h,泰州,40.0
20170124,7,PM10,泰州,34.0
20170124,7,PM10_24h,泰州,58.0
20170124,7,SO2,泰州,11.0
20170124,7,SO2_24h,泰州,15.0
20170124,7,NO2,泰州,21.0
20170124,7,NO2_24h,泰州,25.0
20170124,7,O3,泰州,56.0
20170124,7,O3_24h,泰州,84.0
20170124,7,O3_8h,泰州,59.0
20170124,7,O3_8h_24h,泰州,62.0
20170124,7,CO,泰州,0.5
20170124,7,CO_24h,泰州,0.7
20170124,8,AQI,泰州,35.0
20170124,8,PM2.5,泰州,22.0
20170124,8,PM2.5_24h,泰州,40.0
20170124,8,PM10,泰州,35.0
20170124,8,PM10_24h,泰州,57.0
20170124,8,SO2,泰州,11.0
20170124,8,SO2_24h,泰州,15.0
20170124,8,NO2,泰州,24.0
20170124,8,NO2_24h,泰州,24.0
20170124,8,O3,泰州,55.0
20170124,8,O3_24h,泰州,84.0
20170124,8,O3_8h,泰州,59.0
20170124,8,O3_8h_24h,泰州,62.0
20170124,8,CO,泰州,0.57
20170124,8,CO_24h,泰州,0.67
20170124,9,AQI,泰州,42.0
20170124,9,PM2.5,泰州,27.0
20170124,9,PM2.5_24h,泰州,39.0
20170124,9,PM10,泰州,42.0
20170124,9,PM10_24h,泰州,55.0
20170124,9,SO2,泰州,12.0
20170124,9,SO2_24h,泰州,15.0
20170124,9,NO2,泰州,23.0
20170124,9,NO2_24h,泰州,23.0
20170124,9,O3,泰州,56.0
20170124,9,O3_24h,泰州,84.0
20170124,9,O3_8h,泰州,58.0
20170124,9,O3_8h_24h,泰州,62.0
20170124,9,CO,泰州,0.6
20170124,9,CO_24h,泰州,0.63
20170124,10,AQI,泰州,49.0
20170124,10,PM2.5,泰州,34.0
20170124,10,PM2.5_24h,泰州,37.0
20170124,10,PM10,泰州,43.0
20170124,10,PM10_24h,泰州,53.0
20170124,10,SO2,泰州,13.0
20170124,10,SO2_24h,泰州,14.0
20170124,10,NO2,泰州,19.0
20170124,10,NO2_24h,泰州,22.0
20170124,10,O3,泰州,65.0
20170124,10,O3_24h,泰州,84.0
20170124,10,O3_8h,泰州,58.0
20170124,10,O3_8h_24h,泰州,62.0
20170124,10,CO,泰州,0.57
20170124,10,CO_24h,泰州,0.63
20170124,11,AQI,泰州,42.0
20170124,11,PM2.5,泰州,25.0
20170124,11,PM2.5_24h,泰州,36.0
20170124,11,PM10,泰州,42.0
20170124,11,PM10_24h,泰州,52.0
20170124,11,SO2,泰州,14.0
20170124,11,SO2_24h,泰州,14.0
20170124,11,NO2,泰州,16.0
20170124,11,NO2_24h,泰州,22.0
20170124,11,O3,泰州,70.0
20170124,11,O3_24h,泰州,84.0
20170124,11,O3_8h,泰州,60.0
20170124,11,O3_8h_24h,泰州,62.0
20170124,11,CO,泰州,0.5
20170124,11,CO_24h,泰州,0.63
20170124,12,AQI,泰州,41.0
20170124,12,PM2.5,泰州,24.0
20170124,12,PM2.5_24h,泰州,35.0
20170124,12,PM10,泰州,41.0
20170124,12,PM10_24h,泰州,50.0
20170124,12,SO2,泰州,15.0
20170124,12,SO2_24h,泰州,14.0
20170124,12,NO2,泰州,16.0
20170124,12,NO2_24h,泰州,21.0
20170124,12,O3,泰州,72.0
20170124,12,O3_24h,泰州,84.0
20170124,12,O3_8h,泰州,61.0
20170124,12,O3_8h_24h,泰州,62.0
20170124,12,CO,泰州,0.5
20170124,12,CO_24h,泰州,0.63
20170124,13,AQI,泰州,44.0
20170124,13,PM2.5,泰州,31.0
20170124,13,PM2.5_24h,泰州,34.0
20170124,13,PM10,泰州,39.0
20170124,13,PM10_24h,泰州,49.0
20170124,13,SO2,泰州,15.0
20170124,13,SO2_24h,泰州,13.0
20170124,13,NO2,泰州,16.0
20170124,13,NO2_24h,泰州,21.0
20170124,13,O3,泰州,77.0
20170124,13,O3_24h,泰州,85.0
20170124,13,O3_8h,泰州,63.0
20170124,13,O3_8h_24h,泰州,64.0
20170124,13,CO,泰州,0.53
20170124,13,CO_24h,泰州,0.63
20170124,14,AQI,泰州,48.0
20170124,14,PM2.5,泰州,32.0
20170124,14,PM2.5_24h,泰州,33.0
20170124,14,PM10,泰州,48.0
20170124,14,PM10_24h,泰州,47.0
20170124,14,SO2,泰州,17.0
20170124,14,SO2_24h,泰州,13.0
20170124,14,NO2,泰州,18.0
20170124,14,NO2_24h,泰州,20.0
20170124,14,O3,泰州,80.0
20170124,14,O3_24h,泰州,83.0
20170124,14,O3_8h,泰州,66.0
20170124,14,O3_8h_24h,泰州,67.0
20170124,14,CO,泰州,0.53
20170124,14,CO_24h,泰州,0.6
20170124,15,AQI,泰州,48.0
20170124,15,PM2.5,泰州,30.0
20170124,15,PM2.5_24h,泰州,32.0
20170124,15,PM10,泰州,48.0
20170124,15,PM10_24h,泰州,46.0
20170124,15,SO2,泰州,17.0
20170124,15,SO2_24h,泰州,13.0
20170124,15,NO2,泰州,18.0
20170124,15,NO2_24h,泰州,20.0
20170124,15,O3,泰州,79.0
20170124,15,O3_24h,泰州,84.0
20170124,15,O3_8h,泰州,69.0
20170124,15,O3_8h_24h,泰州,70.0
20170124,15,CO,泰州,0.53
20170124,15,CO_24h,泰州,0.6
20170124,16,AQI,泰州,53.0
20170124,16,PM2.5,泰州,23.0
20170124,16,PM2.5_24h,泰州,31.0
20170124,16,PM10,泰州,56.0
20170124,16,PM10_24h,泰州,46.0
20170124,16,SO2,泰州,16.0
20170124,16,SO2_24h,泰州,13.0
20170124,16,NO2,泰州,20.0
20170124,16,NO2_24h,泰州,21.0
20170124,16,O3,泰州,80.0
20170124,16,O3_24h,泰州,85.0
20170124,16,O3_8h,泰州,72.0
20170124,16,O3_8h_24h,泰州,73.0
20170124,16,CO,泰州,0.6
20170124,16,CO_24h,泰州,0.6
20170124,17,AQI,泰州,55.0
20170124,17,PM2.5,泰州,39.0
20170124,17,PM2.5_24h,泰州,30.0
20170124,17,PM10,泰州,56.0
20170124,17,PM10_24h,泰州,45.0
20170124,17,SO2,泰州,16.0
20170124,17,SO2_24h,泰州,13.0
20170124,17,NO2,泰州,22.0
20170124,17,NO2_24h,泰州,20.0
20170124,17,O3,泰州,79.0
20170124,17,O3_24h,泰州,86.0
20170124,17,O3_8h,泰州,75.0
20170124,17,O3_8h_24h,泰州,76.0
20170124,17,CO,泰州,0.6
20170124,17,CO_24h,泰州,0.57
20170124,18,AQI,泰州,56.0
20170124,18,PM2.5,泰州,40.0
20170124,18,PM2.5_24h,泰州,29.0
20170124,18,PM10,泰州,58.0
20170124,18,PM10_24h,泰州,45.0
20170124,18,SO2,泰州,14.0
20170124,18,SO2_24h,泰州,13.0
20170124,18,NO2,泰州,28.0
20170124,18,NO2_24h,泰州,20.0
20170124,18,O3,泰州,71.0
20170124,18,O3_24h,泰州,86.0
20170124,18,O3_8h,泰州,76.0
20170124,18,O3_8h_24h,泰州,76.0
20170124,18,CO,泰州,0.67
20170124,18,CO_24h,泰州,0.57
20170124,19,AQI,泰州,70.0
20170124,19,PM2.5,泰州,51.0
20170124,19,PM2.5_24h,泰州,30.0
20170124,19,PM10,泰州,71.0
20170124,19,PM10_24h,泰州,45.0
20170124,19,SO2,泰州,14.0
20170124,19,SO2_24h,泰州,13.0
20170124,19,NO2,泰州,40.0
20170124,19,NO2_24h,泰州,20.0
20170124,19,O3,泰州,67.0
20170124,19,O3_24h,泰州,87.0
20170124,19,O3_8h,泰州,76.0
20170124,19,O3_8h_24h,泰州,77.0
20170124,19,CO,泰州,0.77
20170124,19,CO_24h,泰州,0.57
20170124,20,AQI,泰州,104.0
20170124,20,PM2.5,泰州,78.0
20170124,20,PM2.5_24h,泰州,31.0
20170124,20,PM10,泰州,99.0
20170124,20,PM10_24h,泰州,46.0
20170124,20,SO2,泰州,16.0
20170124,20,SO2_24h,泰州,13.0
20170124,20,NO2,泰州,42.0
20170124,20,NO2_24h,泰州,20.0
20170124,20,O3,泰州,82.0
20170124,20,O3_24h,泰州,102.0
20170124,20,O3_8h,泰州,77.0
20170124,20,O3_8h_24h,泰州,79.0
20170124,20,CO,泰州,0.93
20170124,20,CO_24h,泰州,0.57
20170124,21,AQI,泰州,133.0
20170124,21,PM2.5,泰州,101.0
20170124,21,PM2.5_24h,泰州,33.0
20170124,21,PM10,泰州,121.0
20170124,21,PM10_24h,泰州,49.0
20170124,21,SO2,泰州,13.0
20170124,21,SO2_24h,泰州,13.0
20170124,21,NO2,泰州,31.0
20170124,21,NO2_24h,泰州,21.0
20170124,21,O3,泰州,85.0
20170124,21,O3_24h,泰州,103.0
20170124,21,O3_8h,泰州,77.0
20170124,21,O3_8h_24h,泰州,82.0
20170124,21,CO,泰州,0.87
20170124,21,CO_24h,泰州,0.57
20170124,22,AQI,泰州,109.0
20170124,22,PM2.5,泰州,82.0
20170124,22,PM2.5_24h,泰州,35.0
20170124,22,PM10,泰州,103.0
20170124,22,PM10_24h,泰州,51.0
20170124,22,SO2,泰州,12.0
20170124,22,SO2_24h,泰州,13.0
20170124,22,NO2,泰州,23.0
20170124,22,NO2_24h,泰州,21.0
20170124,22,O3,泰州,92.0
20170124,22,O3_24h,泰州,104.0
20170124,22,O3_8h,泰州,80.0
20170124,22,O3_8h_24h,泰州,85.0
20170124,22,CO,泰州,0.77
20170124,22,CO_24h,泰州,0.57
20170124,23,AQI,泰州,86.0
20170124,23,PM2.5,泰州,64.0
20170124,23,PM2.5_24h,泰州,37.0
20170124,23,PM10,泰州,81.0
20170124,23,PM10_24h,泰州,52.0
20170124,23,SO2,泰州,12.0
20170124,23,SO2_24h,泰州,13.0
20170124,23,NO2,泰州,20.0
20170124,23,NO2_24h,泰州,21.0
20170124,23,O3,泰州,95.0
20170124,23,O3_24h,泰州,105.0
20170124,23,O3_8h,泰州,82.0
20170124,23,O3_8h_24h,泰州,88.0
20170124,23,CO,泰州,0.73
20170124,23,CO_24h,泰州,0.57
20170124,0,AQI,淮安,64.0
20170124,0,PM2.5,淮安,32.0
20170124,0,PM2.5_24h,淮安,44.0
20170124,0,PM10,淮安,77.0
20170124,0,PM10_24h,淮安,83.0
20170124,0,SO2,淮安,6.0
20170124,0,SO2_24h,淮安,16.0
20170124,0,NO2,淮安,15.0
20170124,0,NO2_24h,淮安,25.0
20170124,0,O3,淮安,54.0
20170124,0,O3_24h,淮安,87.0
20170124,0,O3_8h,淮安,61.0
20170124,0,O3_8h_24h,淮安,77.0
20170124,0,CO,淮安,0.58
20170124,0,CO_24h,淮安,0.74
20170124,1,AQI,淮安,52.0
20170124,1,PM2.5,淮安,29.0
20170124,1,PM2.5_24h,淮安,44.0
20170124,1,PM10,淮安,53.0
20170124,1,PM10_24h,淮安,82.0
20170124,1,SO2,淮安,5.0
20170124,1,SO2_24h,淮安,15.0
20170124,1,NO2,淮安,15.0
20170124,1,NO2_24h,淮安,25.0
20170124,1,O3,淮安,54.0
20170124,1,O3_24h,淮安,87.0
20170124,1,O3_8h,淮安,54.0
20170124,1,O3_8h_24h,淮安,54.0
20170124,1,CO,淮安,0.54
20170124,1,CO_24h,淮安,0.74
20170124,2,AQI,淮安,45.0
20170124,2,PM2.5,淮安,27.0
20170124,2,PM2.5_24h,淮安,43.0
20170124,2,PM10,淮安,45.0
20170124,2,PM10_24h,淮安,80.0
20170124,2,SO2,淮安,6.0
20170124,2,SO2_24h,淮安,15.0
20170124,2,NO2,淮安,16.0
20170124,2,NO2_24h,淮安,25.0
20170124,2,O3,淮安,51.0
20170124,2,O3_24h,淮安,87.0
20170124,2,O3_8h,淮安,53.0
20170124,2,O3_8h_24h,淮安,54.0
20170124,2,CO,淮安,0.52
20170124,2,CO_24h,淮安,0.72
20170124,3,AQI,淮安,44.0
20170124,3,PM2.5,淮安,28.0
20170124,3,PM2.5_24h,淮安,42.0
20170124,3,PM10,淮安,44.0
20170124,3,PM10_24h,淮安,79.0
20170124,3,SO2,淮安,4.0
20170124,3,SO2_24h,淮安,15.0
20170124,3,NO2,淮安,14.0
20170124,3,NO2_24h,淮安,24.0
20170124,3,O3,淮安,52.0
20170124,3,O3_24h,淮安,87.0
20170124,3,O3_8h,淮安,52.0
20170124,3,O3_8h_24h,淮安,54.0
20170124,3,CO,淮安,0.5
20170124,3,CO_24h,淮安,0.7
20170124,4,AQI,淮安,43.0
20170124,4,PM2.5,淮安,26.0
20170124,4,PM2.5_24h,淮安,41.0
20170124,4,PM10,淮安,43.0
20170124,4,PM10_24h,淮安,78.0
20170124,4,SO2,淮安,4.0
20170124,4,SO2_24h,淮安,14.0
20170124,4,NO2,淮安,14.0
20170124,4,NO2_24h,淮安,24.0
20170124,4,O3,淮安,50.0
20170124,4,O3_24h,淮安,87.0
20170124,4,O3_8h,淮安,52.0
20170124,4,O3_8h_24h,淮安,54.0
20170124,4,CO,淮安,0.5
20170124,4,CO_24h,淮安,0.7
20170124,5,AQI,淮安,42.0
20170124,5,PM2.5,淮安,25.0
20170124,5,PM2.5_24h,淮安,41.0
20170124,5,PM10,淮安,42.0
20170124,5,PM10_24h,淮安,77.0
20170124,5,SO2,淮安,5.0
20170124,5,SO2_24h,淮安,14.0
20170124,5,NO2,淮安,14.0
20170124,5,NO2_24h,淮安,24.0
20170124,5,O3,淮安,50.0
20170124,5,O3_24h,淮安,87.0
20170124,5,O3_8h,淮安,51.0
20170124,5,O3_8h_24h,淮安,54.0
20170124,5,CO,淮安,0.5
20170124,5,CO_24h,淮安,0.7
20170124,6,AQI,淮安,42.0
20170124,6,PM2.5,淮安,27.0
20170124,6,PM2.5_24h,淮安,40.0
20170124,6,PM10,淮安,42.0
20170124,6,PM10_24h,淮安,76.0
20170124,6,SO2,淮安,5.0
20170124,6,SO2_24h,淮安,13.0
20170124,6,NO2,淮安,15.0
20170124,6,NO2_24h,淮安,24.0
20170124,6,O3,淮安,49.0
20170124,6,O3_24h,淮安,87.0
20170124,6,O3_8h,淮安,51.0
20170124,6,O3_8h_24h,淮安,54.0
20170124,6,CO,淮安,0.56
20170124,6,CO_24h,淮安,0.7
20170124,7,AQI,淮安,48.0
20170124,7,PM2.5,淮安,24.0
20170124,7,PM2.5_24h,淮安,39.0
20170124,7,PM10,淮安,48.0
20170124,7,PM10_24h,淮安,75.0
20170124,7,SO2,淮安,5.0
20170124,7,SO2_24h,淮安,12.0
20170124,7,NO2,淮安,19.0
20170124,7,NO2_24h,淮安,23.0
20170124,7,O3,淮安,46.0
20170124,7,O3_24h,淮安,87.0
20170124,7,O3_8h,淮安,50.0
20170124,7,O3_8h_24h,淮安,54.0
20170124,7,CO,淮安,0.54
20170124,7,CO_24h,淮安,0.66
20170124,8,AQI,淮安,45.0
20170124,8,PM2.5,淮安,23.0
20170124,8,PM2.5_24h,淮安,38.0
20170124,8,PM10,淮安,45.0
20170124,8,PM10_24h,淮安,73.0
20170124,8,SO2,淮安,6.0
20170124,8,SO2_24h,淮安,12.0
20170124,8,NO2,淮安,27.0
20170124,8,NO2_24h,淮安,22.0
20170124,8,O3,淮安,40.0
20170124,8,O3_24h,淮安,87.0
20170124,8,O3_8h,淮安,49.0
20170124,8,O3_8h_24h,淮安,54.0
20170124,8,CO,淮安,0.6
20170124,8,CO_24h,淮安,0.66
20170124,9,AQI,淮安,46.0
20170124,9,PM2.5,淮安,23.0
20170124,9,PM2.5_24h,淮安,37.0
20170124,9,PM10,淮安,46.0
20170124,9,PM10_24h,淮安,70.0
20170124,9,SO2,淮安,8.0
20170124,9,SO2_24h,淮安,11.0
20170124,9,NO2,淮安,26.0
20170124,9,NO2_24h,淮安,21.0
20170124,9,O3,淮安,46.0
20170124,9,O3_24h,淮安,87.0
20170124,9,O3_8h,淮安,48.0
20170124,9,O3_8h_24h,淮安,54.0
20170124,9,CO,淮安,0.6
20170124,9,CO_24h,淮安,0.66
20170124,10,AQI,淮安,51.0
20170124,10,PM2.5,淮安,21.0
20170124,10,PM2.5_24h,淮安,36.0
20170124,10,PM10,淮安,52.0
20170124,10,PM10_24h,淮安,69.0
20170124,10,SO2,淮安,9.0
20170124,10,SO2_24h,淮安,11.0
20170124,10,NO2,淮安,20.0
20170124,10,NO2_24h,淮安,21.0
20170124,10,O3,淮安,59.0
20170124,10,O3_24h,淮安,87.0
20170124,10,O3_8h,淮安,49.0
20170124,10,O3_8h_24h,淮安,54.0
20170124,10,CO,淮安,0.58
20170124,10,CO_24h,淮安,0.64
20170124,11,AQI,淮安,53.0
20170124,11,PM2.5,淮安,20.0
20170124,11,PM2.5_24h,淮安,36.0
20170124,11,PM10,淮安,55.0
20170124,11,PM10_24h,淮安,68.0
20170124,11,SO2,淮安,9.0
20170124,11,SO2_24h,淮安,10.0
20170124,11,NO2,淮安,14.0
20170124,11,NO2_24h,淮安,21.0
20170124,11,O3,淮安,69.0
20170124,11,O3_24h,淮安,87.0
20170124,11,O3_8h,淮安,51.0
20170124,11,O3_8h_24h,淮安,55.0
20170124,11,CO,淮安,0.54
20170124,11,CO_24h,淮安,0.64
20170124,12,AQI,淮安,51.0
20170124,12,PM2.5,淮安,20.0
20170124,12,PM2.5_24h,淮安,35.0
20170124,12,PM10,淮安,52.0
20170124,12,PM10_24h,淮安,67.0
20170124,12,SO2,淮安,11.0
20170124,12,SO2_24h,淮安,10.0
20170124,12,NO2,淮安,13.0
20170124,12,NO2_24h,淮安,21.0
20170124,12,O3,淮安,74.0
20170124,12,O3_24h,淮安,87.0
20170124,12,O3_8h,淮安,54.0
20170124,12,O3_8h_24h,淮安,56.0
20170124,12,CO,淮安,0.54
20170124,12,CO_24h,淮安,0.62
20170124,13,AQI,淮安,51.0
20170124,13,PM2.5,淮安,23.0
20170124,13,PM2.5_24h,淮安,34.0
20170124,13,PM10,淮安,52.0
20170124,13,PM10_24h,淮安,66.0
20170124,13,SO2,淮安,12.0
20170124,13,SO2_24h,淮安,10.0
20170124,13,NO2,淮安,13.0
20170124,13,NO2_24h,淮安,21.0
20170124,13,O3,淮安,78.0
20170124,13,O3_24h,淮安,87.0
20170124,13,O3_8h,淮安,57.0
20170124,13,O3_8h_24h,淮安,58.0
20170124,13,CO,淮安,0.54
20170124,13,CO_24h,淮安,0.62
20170124,14,AQI,淮安,52.0
20170124,14,PM2.5,淮安,22.0
20170124,14,PM2.5_24h,淮安,33.0
20170124,14,PM10,淮安,54.0
20170124,14,PM10_24h,淮安,65.0
20170124,14,SO2,淮安,11.0
20170124,14,SO2_24h,淮安,9.0
20170124,14,NO2,淮安,11.0
20170124,14,NO2_24h,淮安,20.0
20170124,14,O3,淮安,83.0
20170124,14,O3_24h,淮安,87.0
20170124,14,O3_8h,淮安,62.0
20170124,14,O3_8h_24h,淮安,62.0
20170124,14,CO,淮安,0.54
20170124,14,CO_24h,淮安,0.62
20170124,15,AQI,淮安,51.0
20170124,15,PM2.5,淮安,21.0
20170124,15,PM2.5_24h,淮安,33.0
20170124,15,PM10,淮安,52.0
20170124,15,PM10_24h,淮安,64.0
20170124,15,SO2,淮安,11.0
20170124,15,SO2_24h,淮安,9.0
20170124,15,NO2,淮安,10.0
20170124,15,NO2_24h,淮安,20.0
20170124,15,O3,淮安,87.0
20170124,15,O3_24h,淮安,87.0
20170124,15,O3_8h,淮安,67.0
20170124,15,O3_8h_24h,淮安,67.0
20170124,15,CO,淮安,0.52
20170124,15,CO_24h,淮安,0.62
20170124,16,AQI,淮安,53.0
20170124,16,PM2.5,淮安,24.0
20170124,16,PM2.5_24h,淮安,32.0
20170124,16,PM10,淮安,55.0
20170124,16,PM10_24h,淮安,63.0
20170124,16,SO2,淮安,11.0
20170124,16,SO2_24h,淮安,9.0
20170124,16,NO2,淮安,12.0
20170124,16,NO2_24h,淮安,20.0
20170124,16,O3,淮安,87.0
20170124,16,O3_24h,淮安,88.0
20170124,16,O3_8h,淮安,73.0
20170124,16,O3_8h_24h,淮安,73.0
20170124,16,CO,淮安,0.54
20170124,16,CO_24h,淮安,0.62
20170124,17,AQI,淮安,52.0
20170124,17,PM2.5,淮安,32.0
20170124,17,PM2.5_24h,淮安,32.0
20170124,17,PM10,淮安,53.0
20170124,17,PM10_24h,淮安,62.0
20170124,17,SO2,淮安,11.0
20170124,17,SO2_24h,淮安,9.0
20170124,17,NO2,淮安,18.0
20170124,17,NO2_24h,淮安,20.0
20170124,17,O3,淮安,82.0
20170124,17,O3_24h,淮安,88.0
20170124,17,O3_8h,淮安,77.0
20170124,17,O3_8h_24h,淮安,77.0
20170124,17,CO,淮安,0.62
20170124,17,CO_24h,淮安,0.62
20170124,18,AQI,淮安,58.0
20170124,18,PM2.5,淮安,41.0
20170124,18,PM2.5_24h,淮安,31.0
20170124,18,PM10,淮安,63.0
20170124,18,PM10_24h,淮安,61.0
20170124,18,SO2,淮安,12.0
20170124,18,SO2_24h,淮安,9.0
20170124,18,NO2,淮安,27.0
20170124,18,NO2_24h,淮安,19.0
20170124,18,O3,淮安,69.0
20170124,18,O3_24h,淮安,88.0
20170124,18,O3_8h,淮安,79.0
20170124,18,O3_8h_24h,淮安,79.0
20170124,18,CO,淮安,0.74
20170124,18,CO_24h,淮安,0.62
20170124,19,AQI,淮安,79.0
20170124,19,PM2.5,淮安,58.0
20170124,19,PM2.5_24h,淮安,31.0
20170124,19,PM10,淮安,78.0
20170124,19,PM10_24h,淮安,60.0
20170124,19,SO2,淮安,12.0
20170124,19,SO2_24h,淮安,9.0
20170124,19,NO2,淮安,39.0
20170124,19,NO2_24h,淮安,20.0
20170124,19,O3,淮安,51.0
20170124,19,O3_24h,淮安,88.0
20170124,19,O3_8h,淮安,76.0
20170124,19,O3_8h_24h,淮安,79.0
20170124,19,CO,淮安,0.94
20170124,19,CO_24h,淮安,0.62
20170124,20,AQI,淮安,105.0
20170124,20,PM2.5,淮安,79.0
20170124,20,PM2.5_24h,淮安,32.0
20170124,20,PM10,淮安,100.0
20170124,20,PM10_24h,淮安,59.0
20170124,20,SO2,淮安,12.0
20170124,20,SO2_24h,淮安,8.0
20170124,20,NO2,淮安,48.0
20170124,20,NO2_24h,淮安,20.0
20170124,20,O3,淮安,36.0
20170124,20,O3_24h,淮安,88.0
20170124,20,O3_8h,淮安,71.0
20170124,20,O3_8h_24h,淮安,79.0
20170124,20,CO,淮安,1.16
20170124,20,CO_24h,淮安,0.62
20170124,21,AQI,淮安,126.0
20170124,21,PM2.5,淮安,96.0
20170124,21,PM2.5_24h,淮安,34.0
20170124,21,PM10,淮安,126.0
20170124,21,PM10_24h,淮安,59.0
20170124,21,SO2,淮安,10.0
20170124,21,SO2_24h,淮安,8.0
20170124,21,NO2,淮安,36.0
20170124,21,NO2_24h,淮安,20.0
20170124,21,O3,淮安,47.0
20170124,21,O3_24h,淮安,88.0
20170124,21,O3_8h,淮安,67.0
20170124,21,O3_8h_24h,淮安,79.0
20170124,21,CO,淮安,0.94
20170124,21,CO_24h,淮安,0.62
20170124,22,AQI,淮安,125.0
20170124,22,PM2.5,淮安,95.0
20170124,22,PM2.5_24h,淮安,36.0
20170124,22,PM10,淮安,124.0
20170124,22,PM10_24h,淮安,60.0
20170124,22,SO2,淮安,8.0
20170124,22,SO2_24h,淮安,8.0
20170124,22,NO2,淮安,22.0
20170124,22,NO2_24h,淮安,20.0
20170124,22,O3,淮安,58.0
20170124,22,O3_24h,淮安,88.0
20170124,22,O3_8h,淮安,64.0
20170124,22,O3_8h_24h,淮安,79.0
20170124,22,CO,淮安,0.78
20170124,22,CO_24h,淮安,0.62
20170124,23,AQI,淮安,121.0
20170124,23,PM2.5,淮安,92.0
20170124,23,PM2.5_24h,淮安,38.0
20170124,23,PM10,淮安,108.0
20170124,23,PM10_24h,淮安,61.0
20170124,23,SO2,淮安,7.0
20170124,23,SO2_24h,淮安,8.0
20170124,23,NO2,淮安,22.0
20170124,23,NO2_24h,淮安,20.0
20170124,23,O3,淮安,56.0
20170124,23,O3_24h,淮安,88.0
20170124,23,O3_8h,淮安,61.0
20170124,23,O3_8h_24h,淮安,79.0
20170124,23,CO,淮安,0.78
20170124,23,CO_24h,淮安,0.62
20170124,0,AQI,盐城,35.0
20170124,0,PM2.5,盐城,17.0
20170124,0,PM2.5_24h,盐城,28.0
20170124,0,PM10,盐城,35.0
20170124,0,PM10_24h,盐城,56.0
20170124,0,SO2,盐城,12.0
20170124,0,SO2_24h,盐城,17.0
20170124,0,NO2,盐城,40.0
20170124,0,NO2_24h,盐城,31.0
20170124,0,O3,盐城,40.0
20170124,0,O3_24h,盐城,77.0
20170124,0,O3_8h,盐城,55.0
20170124,0,O3_8h_24h,盐城,71.0
20170124,0,CO,盐城,0.5
20170124,0,CO_24h,盐城,0.57
20170124,1,AQI,盐城,44.0
20170124,1,PM2.5,盐城,20.0
20170124,1,PM2.5_24h,盐城,28.0
20170124,1,PM10,盐城,44.0
20170124,1,PM10_24h,盐城,55.0
20170124,1,SO2,盐城,11.0
20170124,1,SO2_24h,盐城,17.0
20170124,1,NO2,盐城,32.0
20170124,1,NO2_24h,盐城,30.0
20170124,1,O3,盐城,41.0
20170124,1,O3_24h,盐城,77.0
20170124,1,O3_8h,盐城,41.0
20170124,1,O3_8h_24h,盐城,41.0
20170124,1,CO,盐城,0.5
20170124,1,CO_24h,盐城,0.57
20170124,2,AQI,盐城,45.0
20170124,2,PM2.5,盐城,19.0
20170124,2,PM2.5_24h,盐城,27.0
20170124,2,PM10,盐城,45.0
20170124,2,PM10_24h,盐城,54.0
20170124,2,SO2,盐城,11.0
20170124,2,SO2_24h,盐城,16.0
20170124,2,NO2,盐城,41.0
20170124,2,NO2_24h,盐城,30.0
20170124,2,O3,盐城,32.0
20170124,2,O3_24h,盐城,77.0
20170124,2,O3_8h,盐城,37.0
20170124,2,O3_8h_24h,盐城,41.0
20170124,2,CO,盐城,0.47
20170124,2,CO_24h,盐城,0.57
20170124,3,AQI,盐城,43.0
20170124,3,PM2.5,盐城,30.0
20170124,3,PM2.5_24h,盐城,26.0
20170124,3,PM10,盐城,36.0
20170124,3,PM10_24h,盐城,52.0
20170124,3,SO2,盐城,11.0
20170124,3,SO2_24h,盐城,16.0
20170124,3,NO2,盐城,35.0
20170124,3,NO2_24h,盐城,29.0
20170124,3,O3,盐城,38.0
20170124,3,O3_24h,盐城,77.0
20170124,3,O3_8h,盐城,37.0
20170124,3,O3_8h_24h,盐城,41.0
20170124,3,CO,盐城,0.53
20170124,3,CO_24h,盐城,0.57
20170124,4,AQI,盐城,37.0
20170124,4,PM2.5,盐城,19.0
20170124,4,PM2.5_24h,盐城,26.0
20170124,4,PM10,盐城,37.0
20170124,4,PM10_24h,盐城,51.0
20170124,4,SO2,盐城,11.0
20170124,4,SO2_24h,盐城,16.0
20170124,4,NO2,盐城,32.0
20170124,4,NO2_24h,盐城,29.0
20170124,4,O3,盐城,39.0
20170124,4,O3_24h,盐城,77.0
20170124,4,O3_8h,盐城,38.0
20170124,4,O3_8h_24h,盐城,41.0
20170124,4,CO,盐城,0.6
20170124,4,CO_24h,盐城,0.6
20170124,5,AQI,盐城,58.0
20170124,5,PM2.5,盐城,18.0
20170124,5,PM2.5_24h,盐城,25.0
20170124,5,PM10,盐城,66.0
20170124,5,PM10_24h,盐城,51.0
20170124,5,SO2,盐城,10.0
20170124,5,SO2_24h,盐城,16.0
20170124,5,NO2,盐城,34.0
20170124,5,NO2_24h,盐城,29.0
20170124,5,O3,盐城,39.0
20170124,5,O3_24h,盐城,77.0
20170124,5,O3_8h,盐城,38.0
20170124,5,O3_8h_24h,盐城,41.0
20170124,5,CO,盐城,0.53
20170124,5,CO_24h,盐城,0.6
20170124,6,AQI,盐城,50.0
20170124,6,PM2.5,盐城,22.0
20170124,6,PM2.5_24h,盐城,25.0
20170124,6,PM10,盐城,50.0
20170124,6,PM10_24h,盐城,50.0
20170124,6,SO2,盐城,11.0
20170124,6,SO2_24h,盐城,15.0
20170124,6,NO2,盐城,31.0
20170124,6,NO2_24h,盐城,28.0
20170124,6,O3,盐城,39.0
20170124,6,O3_24h,盐城,77.0
20170124,6,O3_8h,盐城,38.0
20170124,6,O3_8h_24h,盐城,41.0
20170124,6,CO,盐城,0.47
20170124,6,CO_24h,盐城,0.6
20170124,7,AQI,盐城,55.0
20170124,7,PM2.5,盐城,29.0
20170124,7,PM2.5_24h,盐城,24.0
20170124,7,PM10,盐城,60.0
20170124,7,PM10_24h,盐城,49.0
20170124,7,SO2,盐城,12.0
20170124,7,SO2_24h,盐城,14.0
20170124,7,NO2,盐城,45.0
20170124,7,NO2_24h,盐城,28.0
20170124,7,O3,盐城,30.0
20170124,7,O3_24h,盐城,77.0
20170124,7,O3_8h,盐城,37.0
20170124,7,O3_8h_24h,盐城,41.0
20170124,7,CO,盐城,0.67
20170124,7,CO_24h,盐城,0.57
20170124,8,AQI,盐城,54.0
20170124,8,PM2.5,盐城,26.0
20170124,8,PM2.5_24h,盐城,24.0
20170124,8,PM10,盐城,58.0
20170124,8,PM10_24h,盐城,49.0
20170124,8,SO2,盐城,12.0
20170124,8,SO2_24h,盐城,13.0
20170124,8,NO2,盐城,45.0
20170124,8,NO2_24h,盐城,28.0
20170124,8,O3,盐城,27.0
20170124,8,O3_24h,盐城,77.0
20170124,8,O3_8h,盐城,36.0
20170124,8,O3_8h_24h,盐城,41.0
20170124,8,CO,盐城,0.67
20170124,8,CO_24h,盐城,0.57
20170124,9,AQI,盐城,58.0
20170124,9,PM2.5,盐城,19.0
20170124,9,PM2.5_24h,盐城,22.0
20170124,9,PM10,盐城,66.0
20170124,9,PM10_24h,盐城,48.0
20170124,9,SO2,盐城,14.0
20170124,9,SO2_24h,盐城,13.0
20170124,9,NO2,盐城,32.0
20170124,9,NO2_24h,盐城,27.0
20170124,9,O3,盐城,47.0
20170124,9,O3_24h,盐城,77.0
20170124,9,O3_8h,盐城,36.0
20170124,9,O3_8h_24h,盐城,41.0
20170124,9,CO,盐城,0.63
20170124,9,CO_24h,盐城,0.53
20170124,10,AQI,盐城,46.0
20170124,10,PM2.5,盐城,22.0
20170124,10,PM2.5_24h,盐城,21.0
20170124,10,PM10,盐城,46.0
20170124,10,PM10_24h,盐城,46.0
20170124,10,SO2,盐城,14.0
20170124,10,SO2_24h,盐城,13.0
20170124,10,NO2,盐城,20.0
20170124,10,NO2_24h,盐城,27.0
20170124,10,O3,盐城,67.0
20170124,10,O3_24h,盐城,79.0
20170124,10,O3_8h,盐城,41.0
20170124,10,O3_8h_24h,盐城,43.0
20170124,10,CO,盐城,0.47
20170124,10,CO_24h,盐城,0.53
20170124,11,AQI,盐城,36.0
20170124,11,PM2.5,盐城,16.0
20170124,11,PM2.5_24h,盐城,21.0
20170124,11,PM10,盐城,36.0
20170124,11,PM10_24h,盐城,45.0
20170124,11,SO2,盐城,15.0
20170124,11,SO2_24h,盐城,12.0
20170124,11,NO2,盐城,16.0
20170124,11,NO2_24h,盐城,27.0
20170124,11,O3,盐城,75.0
20170124,11,O3_24h,盐城,80.0
20170124,11,O3_8h,盐城,45.0
20170124,11,O3_8h_24h,盐城,46.0
20170124,11,CO,盐城,0.43
20170124,11,CO_24h,盐城,0.53
20170124,12,AQI,盐城,37.0
20170124,12,PM2.5,盐城,16.0
20170124,12,PM2.5_24h,盐城,20.0
20170124,12,PM10,盐城,37.0
20170124,12,PM10_24h,盐城,44.0
20170124,12,SO2,盐城,15.0
20170124,12,SO2_24h,盐城,12.0
20170124,12,NO2,盐城,13.0
20170124,12,NO2_24h,盐城,27.0
20170124,12,O3,盐城,80.0
20170124,12,O3_24h,盐城,80.0
20170124,12,O3_8h,盐城,50.0
20170124,12,O3_8h_24h,盐城,50.0
20170124,12,CO,盐城,0.47
20170124,12,CO_24h,盐城,0.53
20170124,13,AQI,盐城,42.0
20170124,13,PM2.5,盐城,21.0
20170124,13,PM2.5_24h,盐城,20.0
20170124,13,PM10,盐城,42.0
20170124,13,PM10_24h,盐城,44.0
20170124,13,SO2,盐城,16.0
20170124,13,SO2_24h,盐城,12.0
20170124,13,NO2,盐城,13.0
20170124,13,NO2_24h,盐城,27.0
20170124,13,O3,盐城,87.0
20170124,13,O3_24h,盐城,87.0
20170124,13,O3_8h,盐城,57.0
20170124,13,O3_8h_24h,盐城,57.0
20170124,13,CO,盐城,0.5
20170124,13,CO_24h,盐城,0.53
20170124,14,AQI,盐城,44.0
20170124,14,PM2.5,盐城,21.0
20170124,14,PM2.5_24h,盐城,20.0
20170124,14,PM10,盐城,44.0
20170124,14,PM10_24h,盐城,44.0
20170124,14,SO2,盐城,17.0
20170124,14,SO2_24h,盐城,12.0
20170124,14,NO2,盐城,13.0
20170124,14,NO2_24h,盐城,27.0
20170124,14,O3,盐城,89.0
20170124,14,O3_24h,盐城,89.0
20170124,14,O3_8h,盐城,63.0
20170124,14,O3_8h_24h,盐城,63.0
20170124,14,CO,盐城,0.5
20170124,14,CO_24h,盐城,0.53
20170124,15,AQI,盐城,49.0
20170124,15,PM2.5,盐城,28.0
20170124,15,PM2.5_24h,盐城,21.0
20170124,15,PM10,盐城,49.0
20170124,15,PM10_24h,盐城,45.0
20170124,15,SO2,盐城,18.0
20170124,15,SO2_24h,盐城,13.0
20170124,15,NO2,盐城,14.0
20170124,15,NO2_24h,盐城,27.0
20170124,15,O3,盐城,89.0
20170124,15,O3_24h,盐城,90.0
20170124,15,O3_8h,盐城,70.0
20170124,15,O3_8h_24h,盐城,70.0
20170124,15,CO,盐城,0.53
20170124,15,CO_24h,盐城,0.53
20170124,16,AQI,盐城,54.0
20170124,16,PM2.5,盐城,25.0
20170124,16,PM2.5_24h,盐城,21.0
20170124,16,PM10,盐城,58.0
20170124,16,PM10_24h,盐城,46.0
20170124,16,SO2,盐城,17.0
20170124,16,SO2_24h,盐城,13.0
20170124,16,NO2,盐城,13.0
20170124,16,NO2_24h,盐城,27.0
20170124,16,O3,盐城,90.0
20170124,16,O3_24h,盐城,90.0
20170124,16,O3_8h,盐城,78.0
20170124,16,O3_8h_24h,盐城,78.0
20170124,16,CO,盐城,0.5
20170124,16,CO_24h,盐城,0.53
20170124,17,AQI,盐城,55.0
20170124,17,PM2.5,盐城,29.0
20170124,17,PM2.5_24h,盐城,21.0
20170124,17,PM10,盐城,60.0
20170124,17,PM10_24h,盐城,47.0
20170124,17,SO2,盐城,17.0
20170124,17,SO2_24h,盐城,13.0
20170124,17,NO2,盐城,15.0
20170124,17,NO2_24h,盐城,26.0
20170124,17,O3,盐城,86.0
20170124,17,O3_24h,盐城,90.0
20170124,17,O3_8h,盐城,83.0
20170124,17,O3_8h_24h,盐城,83.0
20170124,17,CO,盐城,0.57
20170124,17,CO_24h,盐城,0.53
20170124,18,AQI,盐城,59.0
20170124,18,PM2.5,盐城,42.0
20170124,18,PM2.5_24h,盐城,23.0
20170124,18,PM10,盐城,62.0
20170124,18,PM10_24h,盐城,48.0
20170124,18,SO2,盐城,12.0
20170124,18,SO2_24h,盐城,10.0
20170124,18,NO2,盐城,24.0
20170124,18,NO2_24h,盐城,30.0
20170124,18,O3,盐城,73.0
20170124,18,O3_24h,盐城,82.0
20170124,18,O3_8h,盐城,77.0
20170124,18,O3_8h_24h,盐城,77.0
20170124,18,CO,盐城,0.55
20170124,18,CO_24h,盐城,0.5
20170124,19,AQI,盐城,63.0
20170124,19,PM2.5,盐城,39.0
20170124,19,PM2.5_24h,盐城,24.0
20170124,19,PM10,盐城,76.0
20170124,19,PM10_24h,盐城,49.0
20170124,19,SO2,盐城,10.0
20170124,19,SO2_24h,盐城,10.0
20170124,19,NO2,盐城,26.0
20170124,19,NO2_24h,盐城,30.0
20170124,19,O3,盐城,65.0
20170124,19,O3_24h,盐城,82.0
20170124,19,O3_8h,盐城,77.0
20170124,19,O3_8h_24h,盐城,77.0
20170124,19,CO,盐城,0.55
20170124,19,CO_24h,盐城,0.5
20170124,20,AQI,盐城,60.0
20170124,20,PM2.5,盐城,43.0
20170124,20,PM2.5_24h,盐城,24.0
20170124,20,PM10,盐城,68.0
20170124,20,PM10_24h,盐城,50.0
20170124,20,SO2,盐城,14.0
20170124,20,SO2_24h,盐城,13.0
20170124,20,NO2,盐城,31.0
20170124,20,NO2_24h,盐城,26.0
20170124,20,O3,盐城,51.0
20170124,20,O3_24h,盐城,90.0
20170124,20,O3_8h,盐城,80.0
20170124,20,O3_8h_24h,盐城,84.0
20170124,20,CO,盐城,0.7
20170124,20,CO_24h,盐城,0.53
20170124,21,AQI,盐城,65.0
20170124,21,PM2.5,盐城,47.0
20170124,21,PM2.5_24h,盐城,25.0
20170124,21,PM10,盐城,79.0
20170124,21,PM10_24h,盐城,51.0
20170124,21,SO2,盐城,14.0
20170124,21,SO2_24h,盐城,13.0
20170124,21,NO2,盐城,29.0
20170124,21,NO2_24h,盐城,27.0
20170124,21,O3,盐城,51.0
20170124,21,O3_24h,盐城,90.0
20170124,21,O3_8h,盐城,76.0
20170124,21,O3_8h_24h,盐城,84.0
20170124,21,CO,盐城,0.67
20170124,21,CO_24h,盐城,0.53
20170124,22,AQI,盐城,63.0
20170124,22,PM2.5,盐城,45.0
20170124,22,PM2.5_24h,盐城,26.0
20170124,22,PM10,盐城,62.0
20170124,22,PM10_24h,盐城,52.0
20170124,22,SO2,盐城,13.0
20170124,22,SO2_24h,盐城,13.0
20170124,22,NO2,盐城,23.0
20170124,22,NO2_24h,盐城,27.0
20170124,22,O3,盐城,61.0
20170124,22,O3_24h,盐城,90.0
20170124,22,O3_8h,盐城,72.0
20170124,22,O3_8h_24h,盐城,84.0
20170124,22,CO,盐城,0.63
20170124,22,CO_24h,盐城,0.57
20170124,23,AQI,盐城,64.0
20170124,23,PM2.5,盐城,46.0
20170124,23,PM2.5_24h,盐城,28.0
20170124,23,PM10,盐城,73.0
20170124,23,PM10_24h,盐城,54.0
20170124,23,SO2,盐城,13.0
20170124,23,SO2_24h,盐城,14.0
20170124,23,NO2,盐城,25.0
20170124,23,NO2_24h,盐城,26.0
20170124,23,O3,盐城,64.0
20170124,23,O3_24h,盐城,90.0
20170124,23,O3_8h,盐城,69.0
20170124,23,O3_8h_24h,盐城,84.0
20170124,23,CO,盐城,0.6
20170124,23,CO_24h,盐城,0.57
20170124,0,AQI,宿迁,98.0
20170124,0,PM2.5,宿迁,73.0
20170124,0,PM2.5_24h,宿迁,51.0
20170124,0,PM10,宿迁,79.0
20170124,0,PM10_24h,宿迁,64.0
20170124,0,SO2,宿迁,20.0
20170124,0,SO2_24h,宿迁,24.0
20170124,0,NO2,宿迁,42.0
20170124,0,NO2_24h,宿迁,35.0
20170124,0,O3,宿迁,41.0
20170124,0,O3_24h,宿迁,91.0
20170124,0,O3_8h,宿迁,49.0
20170124,0,O3_8h_24h,宿迁,77.0
20170124,0,CO,宿迁,1.1
20170124,0,CO_24h,宿迁,1.05
20170124,1,AQI,宿迁,96.0
20170124,1,PM2.5,宿迁,72.0
20170124,1,PM2.5_24h,宿迁,51.0
20170124,1,PM10,宿迁,92.0
20170124,1,PM10_24h,宿迁,63.0
20170124,1,SO2,宿迁,15.0
20170124,1,SO2_24h,宿迁,24.0
20170124,1,NO2,宿迁,34.0
20170124,1,NO2_24h,宿迁,35.0
20170124,1,O3,宿迁,43.0
20170124,1,O3_24h,宿迁,91.0
20170124,1,O3_8h,宿迁,43.0
20170124,1,O3_8h_24h,宿迁,43.0
20170124,1,CO,宿迁,1.1
20170124,1,CO_24h,宿迁,1.0
20170124,2,AQI,宿迁,103.0
20170124,2,PM2.5,宿迁,77.0
20170124,2,PM2.5_24h,宿迁,52.0
20170124,2,PM10,宿迁,98.0
20170124,2,PM10_24h,宿迁,64.0
20170124,2,SO2,宿迁,10.0
20170124,2,SO2_24h,宿迁,24.0
20170124,2,NO2,宿迁,29.0
20170124,2,NO2_24h,宿迁,35.0
20170124,2,O3,宿迁,39.0
20170124,2,O3_24h,宿迁,91.0
20170124,2,O3_8h,宿迁,41.0
20170124,2,O3_8h_24h,宿迁,43.0
20170124,2,CO,宿迁,1.1
20170124,2,CO_24h,宿迁,1.0
20170124,3,AQI,宿迁,84.0
20170124,3,PM2.5,宿迁,62.0
20170124,3,PM2.5_24h,宿迁,52.0
20170124,3,PM10,宿迁,81.0
20170124,3,PM10_24h,宿迁,64.0
20170124,3,SO2,宿迁,8.0
20170124,3,SO2_24h,宿迁,23.0
20170124,3,NO2,宿迁,26.0
20170124,3,NO2_24h,宿迁,35.0
20170124,3,O3,宿迁,39.0
20170124,3,O3_24h,宿迁,91.0
20170124,3,O3_8h,宿迁,41.0
20170124,3,O3_8h_24h,宿迁,43.0
20170124,3,CO,宿迁,1.0
20170124,3,CO_24h,宿迁,1.0
20170124,4,AQI,宿迁,65.0
20170124,4,PM2.5,宿迁,47.0
20170124,4,PM2.5_24h,宿迁,52.0
20170124,4,PM10,宿迁,56.0
20170124,4,PM10_24h,宿迁,64.0
20170124,4,SO2,宿迁,7.0
20170124,4,SO2_24h,宿迁,23.0
20170124,4,NO2,宿迁,22.0
20170124,4,NO2_24h,宿迁,35.0
20170124,4,O3,宿迁,41.0
20170124,4,O3_24h,宿迁,91.0
20170124,4,O3_8h,宿迁,41.0
20170124,4,O3_8h_24h,宿迁,43.0
20170124,4,CO,宿迁,0.9
20170124,4,CO_24h,宿迁,1.0
20170124,5,AQI,宿迁,54.0
20170124,5,PM2.5,宿迁,38.0
20170124,5,PM2.5_24h,宿迁,52.0
20170124,5,PM10,宿迁,42.0
20170124,5,PM10_24h,宿迁,64.0
20170124,5,SO2,宿迁,7.0
20170124,5,SO2_24h,宿迁,22.0
20170124,5,NO2,宿迁,19.0
20170124,5,NO2_24h,宿迁,35.0
20170124,5,O3,宿迁,43.0
20170124,5,O3_24h,宿迁,91.0
20170124,5,O3_8h,宿迁,41.0
20170124,5,O3_8h_24h,宿迁,43.0
20170124,5,CO,宿迁,0.85
20170124,5,CO_24h,宿迁,1.0
20170124,6,AQI,宿迁,44.0
20170124,6,PM2.5,宿迁,31.0
20170124,6,PM2.5_24h,宿迁,52.0
20170124,6,PM10,宿迁,36.0
20170124,6,PM10_24h,宿迁,63.0
20170124,6,SO2,宿迁,6.0
20170124,6,SO2_24h,宿迁,22.0
20170124,6,NO2,宿迁,18.0
20170124,6,NO2_24h,宿迁,35.0
20170124,6,O3,宿迁,46.0
20170124,6,O3_24h,宿迁,91.0
20170124,6,O3_8h,宿迁,42.0
20170124,6,O3_8h_24h,宿迁,43.0
20170124,6,CO,宿迁,0.8
20170124,6,CO_24h,宿迁,1.0
20170124,7,AQI,宿迁,41.0
20170124,7,PM2.5,宿迁,29.0
20170124,7,PM2.5_24h,宿迁,51.0
20170124,7,PM10,宿迁,31.0
20170124,7,PM10_24h,宿迁,63.0
20170124,7,SO2,宿迁,6.0
20170124,7,SO2_24h,宿迁,22.0
20170124,7,NO2,宿迁,20.0
20170124,7,NO2_24h,宿迁,34.0
20170124,7,O3,宿迁,43.0
20170124,7,O3_24h,宿迁,91.0
20170124,7,O3_8h,宿迁,42.0
20170124,7,O3_8h_24h,宿迁,43.0
20170124,7,CO,宿迁,0.85
20170124,7,CO_24h,宿迁,1.0
20170124,8,AQI,宿迁,40.0
20170124,8,PM2.5,宿迁,28.0
20170124,8,PM2.5_24h,宿迁,51.0
20170124,8,PM10,宿迁,29.0
20170124,8,PM10_24h,宿迁,62.0
20170124,8,SO2,宿迁,6.0
20170124,8,SO2_24h,宿迁,21.0
20170124,8,NO2,宿迁,26.0
20170124,8,NO2_24h,宿迁,33.0
20170124,8,O3,宿迁,37.0
20170124,8,O3_24h,宿迁,91.0
20170124,8,O3_8h,宿迁,42.0
20170124,8,O3_8h_24h,宿迁,43.0
20170124,8,CO,宿迁,0.9
20170124,8,CO_24h,宿迁,1.0
20170124,9,AQI,宿迁,43.0
20170124,9,PM2.5,宿迁,30.0
20170124,9,PM2.5_24h,宿迁,50.0
20170124,9,PM10,宿迁,34.0
20170124,9,PM10_24h,宿迁,61.0
20170124,9,SO2,宿迁,7.0
20170124,9,SO2_24h,宿迁,20.0
20170124,9,NO2,宿迁,28.0
20170124,9,NO2_24h,宿迁,33.0
20170124,9,O3,宿迁,39.0
20170124,9,O3_24h,宿迁,91.0
20170124,9,O3_8h,宿迁,41.0
20170124,9,O3_8h_24h,宿迁,43.0
20170124,9,CO,宿迁,1.1
20170124,9,CO_24h,宿迁,1.0
20170124,10,AQI,宿迁,44.0
20170124,10,PM2.5,宿迁,31.0
20170124,10,PM2.5_24h,宿迁,49.0
20170124,10,PM10,宿迁,41.0
20170124,10,PM10_24h,宿迁,61.0
20170124,10,SO2,宿迁,11.0
20170124,10,SO2_24h,宿迁,20.0
20170124,10,NO2,宿迁,24.0
20170124,10,NO2_24h,宿迁,32.0
20170124,10,O3,宿迁,51.0
20170124,10,O3_24h,宿迁,91.0
20170124,10,O3_8h,宿迁,42.0
20170124,10,O3_8h_24h,宿迁,43.0
20170124,10,CO,宿迁,1.0
20170124,10,CO_24h,宿迁,1.0
20170124,11,AQI,宿迁,40.0
20170124,11,PM2.5,宿迁,28.0
20170124,11,PM2.5_24h,宿迁,49.0
20170124,11,PM10,宿迁,36.0
20170124,11,PM10_24h,宿迁,60.0
20170124,11,SO2,宿迁,14.0
20170124,11,SO2_24h,宿迁,19.0
20170124,11,NO2,宿迁,23.0
20170124,11,NO2_24h,宿迁,32.0
20170124,11,O3,宿迁,62.0
20170124,11,O3_24h,宿迁,91.0
20170124,11,O3_8h,宿迁,45.0
20170124,11,O3_8h_24h,宿迁,45.0
20170124,11,CO,宿迁,0.95
20170124,11,CO_24h,宿迁,1.0
20170124,12,AQI,宿迁,39.0
20170124,12,PM2.5,宿迁,27.0
20170124,12,PM2.5_24h,宿迁,48.0
20170124,12,PM10,宿迁,32.0
20170124,12,PM10_24h,宿迁,59.0
20170124,12,SO2,宿迁,18.0
20170124,12,SO2_24h,宿迁,19.0
20170124,12,NO2,宿迁,23.0
20170124,12,NO2_24h,宿迁,32.0
20170124,12,O3,宿迁,67.0
20170124,12,O3_24h,宿迁,91.0
20170124,12,O3_8h,宿迁,48.0
20170124,12,O3_8h_24h,宿迁,48.0
20170124,12,CO,宿迁,0.85
20170124,12,CO_24h,宿迁,1.0
20170124,13,AQI,宿迁,41.0
20170124,13,PM2.5,宿迁,29.0
20170124,13,PM2.5_24h,宿迁,47.0
20170124,13,PM10,宿迁,37.0
20170124,13,PM10_24h,宿迁,58.0
20170124,13,SO2,宿迁,19.0
20170124,13,SO2_24h,宿迁,18.0
20170124,13,NO2,宿迁,20.0
20170124,13,NO2_24h,宿迁,32.0
20170124,13,O3,宿迁,76.0
20170124,13,O3_24h,宿迁,91.0
20170124,13,O3_8h,宿迁,53.0
20170124,13,O3_8h_24h,宿迁,53.0
20170124,13,CO,宿迁,0.8
20170124,13,CO_24h,宿迁,1.0
20170124,14,AQI,宿迁,43.0
20170124,14,PM2.5,宿迁,30.0
20170124,14,PM2.5_24h,宿迁,46.0
20170124,14,PM10,宿迁,38.0
20170124,14,PM10_24h,宿迁,57.0
20170124,14,SO2,宿迁,19.0
20170124,14,SO2_24h,宿迁,18.0
20170124,14,NO2,宿迁,20.0
20170124,14,NO2_24h,宿迁,31.0
20170124,14,O3,宿迁,81.0
20170124,14,O3_24h,宿迁,91.0
20170124,14,O3_8h,宿迁,57.0
20170124,14,O3_8h_24h,宿迁,57.0
20170124,14,CO,宿迁,0.8
20170124,14,CO_24h,宿迁,0.95
20170124,15,AQI,宿迁,43.0
20170124,15,PM2.5,宿迁,30.0
20170124,15,PM2.5_24h,宿迁,46.0
20170124,15,PM10,宿迁,40.0
20170124,15,PM10_24h,宿迁,56.0
20170124,15,SO2,宿迁,16.0
20170124,15,SO2_24h,宿迁,17.0
20170124,15,NO2,宿迁,21.0
20170124,15,NO2_24h,宿迁,31.0
20170124,15,O3,宿迁,81.0
20170124,15,O3_24h,宿迁,91.0
20170124,15,O3_8h,宿迁,62.0
20170124,15,O3_8h_24h,宿迁,62.0
20170124,15,CO,宿迁,0.8
20170124,15,CO_24h,宿迁,0.95
20170124,16,AQI,宿迁,43.0
20170124,16,PM2.5,宿迁,30.0
20170124,16,PM2.5_24h,宿迁,45.0
20170124,16,PM10,宿迁,43.0
20170124,16,PM10_24h,宿迁,55.0
20170124,16,SO2,宿迁,16.0
20170124,16,SO2_24h,宿迁,17.0
20170124,16,NO2,宿迁,24.0
20170124,16,NO2_24h,宿迁,32.0
20170124,16,O3,宿迁,78.0
20170124,16,O3_24h,宿迁,88.0
20170124,16,O3_8h,宿迁,67.0
20170124,16,O3_8h_24h,宿迁,67.0
20170124,16,CO,宿迁,0.9
20170124,16,CO_24h,宿迁,0.95
20170124,17,AQI,宿迁,46.0
20170124,17,PM2.5,宿迁,32.0
20170124,17,PM2.5_24h,宿迁,45.0
20170124,17,PM10,宿迁,46.0
20170124,17,PM10_24h,宿迁,55.0
20170124,17,SO2,宿迁,13.0
20170124,17,SO2_24h,宿迁,16.0
20170124,17,NO2,宿迁,26.0
20170124,17,NO2_24h,宿迁,32.0
20170124,17,O3,宿迁,76.0
20170124,17,O3_24h,宿迁,82.0
20170124,17,O3_8h,宿迁,71.0
20170124,17,O3_8h_24h,宿迁,71.0
20170124,17,CO,宿迁,0.9
20170124,17,CO_24h,宿迁,0.95
20170124,18,AQI,宿迁,56.0
20170124,18,PM2.5,宿迁,40.0
20170124,18,PM2.5_24h,宿迁,45.0
20170124,18,PM10,宿迁,51.0
20170124,18,PM10_24h,宿迁,55.0
20170124,18,SO2,宿迁,12.0
20170124,18,SO2_24h,宿迁,16.0
20170124,18,NO2,宿迁,34.0
20170124,18,NO2_24h,宿迁,32.0
20170124,18,O3,宿迁,65.0
20170124,18,O3_24h,宿迁,82.0
20170124,18,O3_8h,宿迁,73.0
20170124,18,O3_8h_24h,宿迁,73.0
20170124,18,CO,宿迁,0.95
20170124,18,CO_24h,宿迁,1.0
20170124,19,AQI,宿迁,66.0
20170124,19,PM2.5,宿迁,48.0
20170124,19,PM2.5_24h,宿迁,45.0
20170124,19,PM10,宿迁,69.0
20170124,19,PM10_24h,宿迁,56.0
20170124,19,SO2,宿迁,16.0
20170124,19,SO2_24h,宿迁,15.0
20170124,19,NO2,宿迁,51.0
20170124,19,NO2_24h,宿迁,32.0
20170124,19,O3,宿迁,45.0
20170124,19,O3_24h,宿迁,82.0
20170124,19,O3_8h,宿迁,71.0
20170124,19,O3_8h_24h,宿迁,73.0
20170124,19,CO,宿迁,1.1
20170124,19,CO_24h,宿迁,1.0
20170124,20,AQI,宿迁,70.0
20170124,20,PM2.5,宿迁,51.0
20170124,20,PM2.5_24h,宿迁,45.0
20170124,20,PM10,宿迁,66.0
20170124,20,PM10_24h,宿迁,56.0
20170124,20,SO2,宿迁,15.0
20170124,20,SO2_24h,宿迁,15.0
20170124,20,NO2,宿迁,46.0
20170124,20,NO2_24h,宿迁,31.0
20170124,20,O3,宿迁,51.0
20170124,20,O3_24h,宿迁,82.0
20170124,20,O3_8h,宿迁,69.0
20170124,20,O3_8h_24h,宿迁,73.0
20170124,20,CO,宿迁,1.15
20170124,20,CO_24h,宿迁,1.0
20170124,21,AQI,宿迁,70.0
20170124,21,PM2.5,宿迁,51.0
20170124,21,PM2.5_24h,宿迁,44.0
20170124,21,PM10,宿迁,69.0
20170124,21,PM10_24h,宿迁,56.0
20170124,21,SO2,宿迁,14.0
20170124,21,SO2_24h,宿迁,14.0
20170124,21,NO2,宿迁,42.0
20170124,21,NO2_24h,宿迁,30.0
20170124,21,O3,宿迁,53.0
20170124,21,O3_24h,宿迁,82.0
20170124,21,O3_8h,宿迁,66.0
20170124,21,O3_8h_24h,宿迁,73.0
20170124,21,CO,宿迁,1.1
20170124,21,CO_24h,宿迁,1.0
20170124,22,AQI,宿迁,76.0
20170124,22,PM2.5,宿迁,56.0
20170124,22,PM2.5_24h,宿迁,43.0
20170124,22,PM10,宿迁,67.0
20170124,22,PM10_24h,宿迁,54.0
20170124,22,SO2,宿迁,15.0
20170124,22,SO2_24h,宿迁,13.0
20170124,22,NO2,宿迁,41.0
20170124,22,NO2_24h,宿迁,30.0
20170124,22,O3,宿迁,50.0
20170124,22,O3_24h,宿迁,82.0
20170124,22,O3_8h,宿迁,63.0
20170124,22,O3_8h_24h,宿迁,73.0
20170124,22,CO,宿迁,1.15
20170124,22,CO_24h,宿迁,1.0
20170124,23,AQI,宿迁,98.0
20170124,23,PM2.5,宿迁,73.0
20170124,23,PM2.5_24h,宿迁,43.0
20170124,23,PM10,宿迁,82.0
20170124,23,PM10_24h,宿迁,54.0
20170124,23,SO2,宿迁,12.0
20170124,23,SO2_24h,宿迁,13.0
20170124,23,NO2,宿迁,42.0
20170124,23,NO2_24h,宿迁,29.0
20170124,23,O3,宿迁,38.0
20170124,23,O3_24h,宿迁,82.0
20170124,23,O3_8h,宿迁,57.0
20170124,23,O3_8h_24h,宿迁,73.0
20170124,23,CO,宿迁,1.2
20170124,23,CO_24h,宿迁,1.0
20170124,0,AQI,杭州,63.0
20170124,0,PM2.5,杭州,45.0
20170124,0,PM2.5_24h,杭州,48.0
20170124,0,PM10,杭州,69.0
20170124,0,PM10_24h,杭州,75.0
20170124,0,SO2,杭州,14.0
20170124,0,SO2_24h,杭州,18.0
20170124,0,NO2,杭州,41.0
20170124,0,NO2_24h,杭州,52.0
20170124,0,O3,杭州,43.0
20170124,0,O3_24h,杭州,87.0
20170124,0,O3_8h,杭州,51.0
20170124,0,O3_8h_24h,杭州,73.0
20170124,0,CO,杭州,0.88
20170124,0,CO_24h,杭州,1.06
20170124,1,AQI,杭州,57.0
20170124,1,PM2.5,杭州,40.0
20170124,1,PM2.5_24h,杭州,47.0
20170124,1,PM10,杭州,63.0
20170124,1,PM10_24h,杭州,73.0
20170124,1,SO2,杭州,13.0
20170124,1,SO2_24h,杭州,17.0
20170124,1,NO2,杭州,34.0
20170124,1,NO2_24h,杭州,50.0
20170124,1,O3,杭州,50.0
20170124,1,O3_24h,杭州,87.0
20170124,1,O3_8h,杭州,50.0
20170124,1,O3_8h_24h,杭州,50.0
20170124,1,CO,杭州,0.83
20170124,1,CO_24h,杭州,1.02
20170124,2,AQI,杭州,53.0
20170124,2,PM2.5,杭州,35.0
20170124,2,PM2.5_24h,杭州,46.0
20170124,2,PM10,杭州,55.0
20170124,2,PM10_24h,杭州,72.0
20170124,2,SO2,杭州,11.0
20170124,2,SO2_24h,杭州,17.0
20170124,2,NO2,杭州,30.0
20170124,2,NO2_24h,杭州,49.0
20170124,2,O3,杭州,53.0
20170124,2,O3_24h,杭州,87.0
20170124,2,O3_8h,杭州,52.0
20170124,2,O3_8h_24h,杭州,53.0
20170124,2,CO,杭州,0.8
20170124,2,CO_24h,杭州,1.0
20170124,3,AQI,杭州,44.0
20170124,3,PM2.5,杭州,29.0
20170124,3,PM2.5_24h,杭州,45.0
20170124,3,PM10,杭州,44.0
20170124,3,PM10_24h,杭州,70.0
20170124,3,SO2,杭州,11.0
20170124,3,SO2_24h,杭州,17.0
20170124,3,NO2,杭州,27.0
20170124,3,NO2_24h,杭州,47.0
20170124,3,O3,杭州,52.0
20170124,3,O3_24h,杭州,87.0
20170124,3,O3_8h,杭州,52.0
20170124,3,O3_8h_24h,杭州,54.0
20170124,3,CO,杭州,0.76
20170124,3,CO_24h,杭州,0.99
20170124,4,AQI,杭州,42.0
20170124,4,PM2.5,杭州,28.0
20170124,4,PM2.5_24h,杭州,44.0
20170124,4,PM10,杭州,42.0
20170124,4,PM10_24h,杭州,68.0
20170124,4,SO2,杭州,10.0
20170124,4,SO2_24h,杭州,17.0
20170124,4,NO2,杭州,27.0
20170124,4,NO2_24h,杭州,46.0
20170124,4,O3,杭州,46.0
20170124,4,O3_24h,杭州,87.0
20170124,4,O3_8h,杭州,51.0
20170124,4,O3_8h_24h,杭州,54.0
20170124,4,CO,杭州,0.78
20170124,4,CO_24h,杭州,0.98
20170124,5,AQI,杭州,41.0
20170124,5,PM2.5,杭州,26.0
20170124,5,PM2.5_24h,杭州,43.0
20170124,5,PM10,杭州,41.0
20170124,5,PM10_24h,杭州,67.0
20170124,5,SO2,杭州,10.0
20170124,5,SO2_24h,杭州,17.0
20170124,5,NO2,杭州,28.0
20170124,5,NO2_24h,杭州,44.0
20170124,5,O3,杭州,43.0
20170124,5,O3_24h,杭州,87.0
20170124,5,O3_8h,杭州,49.0
20170124,5,O3_8h_24h,杭州,54.0
20170124,5,CO,杭州,0.75
20170124,5,CO_24h,杭州,0.97
20170124,6,AQI,杭州,40.0
20170124,6,PM2.5,杭州,26.0
20170124,6,PM2.5_24h,杭州,42.0
20170124,6,PM10,杭州,40.0
20170124,6,PM10_24h,杭州,66.0
20170124,6,SO2,杭州,10.0
20170124,6,SO2_24h,杭州,17.0
20170124,6,NO2,杭州,31.0
20170124,6,NO2_24h,杭州,43.0
20170124,6,O3,杭州,37.0
20170124,6,O3_24h,杭州,87.0
20170124,6,O3_8h,杭州,47.0
20170124,6,O3_8h_24h,杭州,54.0
20170124,6,CO,杭州,0.77
20170124,6,CO_24h,杭州,0.96
20170124,7,AQI,杭州,47.0
20170124,7,PM2.5,杭州,31.0
20170124,7,PM2.5_24h,杭州,41.0
20170124,7,PM10,杭州,47.0
20170124,7,PM10_24h,杭州,65.0
20170124,7,SO2,杭州,10.0
20170124,7,SO2_24h,杭州,17.0
20170124,7,NO2,杭州,39.0
20170124,7,NO2_24h,杭州,42.0
20170124,7,O3,杭州,28.0
20170124,7,O3_24h,杭州,87.0
20170124,7,O3_8h,杭州,44.0
20170124,7,O3_8h_24h,杭州,54.0
20170124,7,CO,杭州,0.8
20170124,7,CO_24h,杭州,0.93
20170124,8,AQI,杭州,51.0
20170124,8,PM2.5,杭州,34.0
20170124,8,PM2.5_24h,杭州,40.0
20170124,8,PM10,杭州,52.0
20170124,8,PM10_24h,杭州,64.0
20170124,8,SO2,杭州,11.0
20170124,8,SO2_24h,杭州,17.0
20170124,8,NO2,杭州,47.0
20170124,8,NO2_24h,杭州,41.0
20170124,8,O3,杭州,20.0
20170124,8,O3_24h,杭州,87.0
20170124,8,O3_8h,杭州,41.0
20170124,8,O3_8h_24h,杭州,54.0
20170124,8,CO,杭州,0.87
20170124,8,CO_24h,杭州,0.92
20170124,9,AQI,杭州,55.0
20170124,9,PM2.5,杭州,39.0
20170124,9,PM2.5_24h,杭州,40.0
20170124,9,PM10,杭州,57.0
20170124,9,PM10_24h,杭州,63.0
20170124,9,SO2,杭州,14.0
20170124,9,SO2_24h,杭州,16.0
20170124,9,NO2,杭州,41.0
20170124,9,NO2_24h,杭州,40.0
20170124,9,O3,杭州,33.0
20170124,9,O3_24h,杭州,87.0
20170124,9,O3_8h,杭州,39.0
20170124,9,O3_8h_24h,杭州,54.0
20170124,9,CO,杭州,0.9
20170124,9,CO_24h,杭州,0.92
20170124,10,AQI,杭州,51.0
20170124,10,PM2.5,杭州,35.0
20170124,10,PM2.5_24h,杭州,40.0
20170124,10,PM10,杭州,52.0
20170124,10,PM10_24h,杭州,62.0
20170124,10,SO2,杭州,15.0
20170124,10,SO2_24h,杭州,16.0
20170124,10,NO2,杭州,34.0
20170124,10,NO2_24h,杭州,40.0
20170124,10,O3,杭州,50.0
20170124,10,O3_24h,杭州,87.0
20170124,10,O3_8h,杭州,39.0
20170124,10,O3_8h_24h,杭州,54.0
20170124,10,CO,杭州,0.86
20170124,10,CO_24h,杭州,0.91
20170124,11,AQI,杭州,43.0
20170124,11,PM2.5,杭州,27.0
20170124,11,PM2.5_24h,杭州,39.0
20170124,11,PM10,杭州,43.0
20170124,11,PM10_24h,杭州,62.0
20170124,11,SO2,杭州,15.0
20170124,11,SO2_24h,杭州,16.0
20170124,11,NO2,杭州,24.0
20170124,11,NO2_24h,杭州,38.0
20170124,11,O3,杭州,69.0
20170124,11,O3_24h,杭州,87.0
20170124,11,O3_8h,杭州,41.0
20170124,11,O3_8h_24h,杭州,55.0
20170124,11,CO,杭州,0.75
20170124,11,CO_24h,杭州,0.9
20170124,12,AQI,杭州,41.0
20170124,12,PM2.5,杭州,27.0
20170124,12,PM2.5_24h,杭州,39.0
20170124,12,PM10,杭州,41.0
20170124,12,PM10_24h,杭州,61.0
20170124,12,SO2,杭州,16.0
20170124,12,SO2_24h,杭州,16.0
20170124,12,NO2,杭州,20.0
20170124,12,NO2_24h,杭州,37.0
20170124,12,O3,杭州,78.0
20170124,12,O3_24h,杭州,87.0
20170124,12,O3_8h,杭州,45.0
20170124,12,O3_8h_24h,杭州,55.0
20170124,12,CO,杭州,0.71
20170124,12,CO_24h,杭州,0.88
20170124,13,AQI,杭州,43.0
20170124,13,PM2.5,杭州,28.0
20170124,13,PM2.5_24h,杭州,38.0
20170124,13,PM10,杭州,43.0
20170124,13,PM10_24h,杭州,60.0
20170124,13,SO2,杭州,18.0
20170124,13,SO2_24h,杭州,16.0
20170124,13,NO2,杭州,19.0
20170124,13,NO2_24h,杭州,37.0
20170124,13,O3,杭州,86.0
20170124,13,O3_24h,杭州,88.0
20170124,13,O3_8h,杭州,50.0
20170124,13,O3_8h_24h,杭州,56.0
20170124,13,CO,杭州,0.68
20170124,13,CO_24h,杭州,0.87
20170124,14,AQI,杭州,49.0
20170124,14,PM2.5,杭州,32.0
20170124,14,PM2.5_24h,杭州,38.0
20170124,14,PM10,杭州,49.0
20170124,14,PM10_24h,杭州,59.0
20170124,14,SO2,杭州,19.0
20170124,14,SO2_24h,杭州,15.0
20170124,14,NO2,杭州,20.0
20170124,14,NO2_24h,杭州,36.0
20170124,14,O3,杭州,90.0
20170124,14,O3_24h,杭州,91.0
20170124,14,O3_8h,杭州,57.0
20170124,14,O3_8h_24h,杭州,59.0
20170124,14,CO,杭州,0.69
20170124,14,CO_24h,杭州,0.87
20170124,15,AQI,杭州,51.0
20170124,15,PM2.5,杭州,34.0
20170124,15,PM2.5_24h,杭州,37.0
20170124,15,PM10,杭州,51.0
20170124,15,PM10_24h,杭州,58.0
20170124,15,SO2,杭州,19.0
20170124,15,SO2_24h,杭州,15.0
20170124,15,NO2,杭州,20.0
20170124,15,NO2_24h,杭州,35.0
20170124,15,O3,杭州,95.0
20170124,15,O3_24h,杭州,95.0
20170124,15,O3_8h,杭州,65.0
20170124,15,O3_8h_24h,杭州,65.0
20170124,15,CO,杭州,0.65
20170124,15,CO_24h,杭州,0.86
20170124,16,AQI,杭州,52.0
20170124,16,PM2.5,杭州,35.0
20170124,16,PM2.5_24h,杭州,37.0
20170124,16,PM10,杭州,53.0
20170124,16,PM10_24h,杭州,57.0
20170124,16,SO2,杭州,19.0
20170124,16,SO2_24h,杭州,15.0
20170124,16,NO2,杭州,21.0
20170124,16,NO2_24h,杭州,35.0
20170124,16,O3,杭州,99.0
20170124,16,O3_24h,杭州,99.0
20170124,16,O3_8h,杭州,75.0
20170124,16,O3_8h_24h,杭州,75.0
20170124,16,CO,杭州,0.65
20170124,16,CO_24h,杭州,0.83
20170124,17,AQI,杭州,51.0
20170124,17,PM2.5,杭州,33.0
20170124,17,PM2.5_24h,杭州,36.0
20170124,17,PM10,杭州,51.0
20170124,17,PM10_24h,杭州,56.0
20170124,17,SO2,杭州,17.0
20170124,17,SO2_24h,杭州,15.0
20170124,17,NO2,杭州,24.0
20170124,17,NO2_24h,杭州,34.0
20170124,17,O3,杭州,93.0
20170124,17,O3_24h,杭州,100.0
20170124,17,O3_8h,杭州,83.0
20170124,17,O3_8h_24h,杭州,83.0
20170124,17,CO,杭州,0.65
20170124,17,CO_24h,杭州,0.81
20170124,18,AQI,杭州,46.0
20170124,18,PM2.5,杭州,30.0
20170124,18,PM2.5_24h,杭州,36.0
20170124,18,PM10,杭州,46.0
20170124,18,PM10_24h,杭州,55.0
20170124,18,SO2,杭州,15.0
20170124,18,SO2_24h,杭州,15.0
20170124,18,NO2,杭州,25.0
20170124,18,NO2_24h,杭州,34.0
20170124,18,O3,杭州,83.0
20170124,18,O3_24h,杭州,100.0
20170124,18,O3_8h,杭州,87.0
20170124,18,O3_8h_24h,杭州,87.0
20170124,18,CO,杭州,0.65
20170124,18,CO_24h,杭州,0.81
20170124,19,AQI,杭州,45.0
20170124,19,PM2.5,杭州,30.0
20170124,19,PM2.5_24h,杭州,35.0
20170124,19,PM10,杭州,45.0
20170124,19,PM10_24h,杭州,54.0
20170124,19,SO2,杭州,14.0
20170124,19,SO2_24h,杭州,14.0
20170124,19,NO2,杭州,25.0
20170124,19,NO2_24h,杭州,33.0
20170124,19,O3,杭州,79.0
20170124,19,O3_24h,杭州,100.0
20170124,19,O3_8h,杭州,88.0
20170124,19,O3_8h_24h,杭州,88.0
20170124,19,CO,杭州,0.63
20170124,19,CO_24h,杭州,0.8
20170124,20,AQI,杭州,46.0
20170124,20,PM2.5,杭州,30.0
20170124,20,PM2.5_24h,杭州,34.0
20170124,20,PM10,杭州,46.0
20170124,20,PM10_24h,杭州,53.0
20170124,20,SO2,杭州,13.0
20170124,20,SO2_24h,杭州,14.0
20170124,20,NO2,杭州,24.0
20170124,20,NO2_24h,杭州,32.0
20170124,20,O3,杭州,79.0
20170124,20,O3_24h,杭州,100.0
20170124,20,O3_8h,杭州,88.0
20170124,20,O3_8h_24h,杭州,88.0
20170124,20,CO,杭州,0.64
20170124,20,CO_24h,杭州,0.78
20170124,21,AQI,杭州,46.0
20170124,21,PM2.5,杭州,30.0
20170124,21,PM2.5_24h,杭州,33.0
20170124,21,PM10,杭州,46.0
20170124,21,PM10_24h,杭州,51.0
20170124,21,SO2,杭州,13.0
20170124,21,SO2_24h,杭州,14.0
20170124,21,NO2,杭州,25.0
20170124,21,NO2_24h,杭州,30.0
20170124,21,O3,杭州,76.0
20170124,21,O3_24h,杭州,100.0
20170124,21,O3_8h,杭州,87.0
20170124,21,O3_8h_24h,杭州,88.0
20170124,21,CO,杭州,0.65
20170124,21,CO_24h,杭州,0.77
20170124,22,AQI,杭州,49.0
20170124,22,PM2.5,杭州,32.0
20170124,22,PM2.5_24h,杭州,33.0
20170124,22,PM10,杭州,49.0
20170124,22,PM10_24h,杭州,50.0
20170124,22,SO2,杭州,13.0
20170124,22,SO2_24h,杭州,14.0
20170124,22,NO2,杭州,22.0
20170124,22,NO2_24h,杭州,29.0
20170124,22,O3,杭州,78.0
20170124,22,O3_24h,杭州,100.0
20170124,22,O3_8h,杭州,85.0
20170124,22,O3_8h_24h,杭州,88.0
20170124,22,CO,杭州,0.65
20170124,22,CO_24h,杭州,0.75
20170124,23,AQI,杭州,51.0
20170124,23,PM2.5,杭州,34.0
20170124,23,PM2.5_24h,杭州,32.0
20170124,23,PM10,杭州,51.0
20170124,23,PM10_24h,杭州,49.0
20170124,23,SO2,杭州,12.0
20170124,23,SO2_24h,杭州,14.0
20170124,23,NO2,杭州,23.0
20170124,23,NO2_24h,杭州,28.0
20170124,23,O3,杭州,74.0
20170124,23,O3_24h,杭州,100.0
20170124,23,O3_8h,杭州,83.0
20170124,23,O3_8h_24h,杭州,88.0
20170124,23,CO,杭州,0.68
20170124,23,CO_24h,杭州,0.72
20170124,0,AQI,宁波,56.0
20170124,0,PM2.5,宁波,38.0
20170124,0,PM2.5_24h,宁波,33.0
20170124,0,PM10,宁波,61.0
20170124,0,PM10_24h,宁波,54.0
20170124,0,SO2,宁波,8.0
20170124,0,SO2_24h,宁波,10.0
20170124,0,NO2,宁波,61.0
20170124,0,NO2_24h,宁波,42.0
20170124,0,O3,宁波,22.0
20170124,0,O3_24h,宁波,85.0
20170124,0,O3_8h,宁波,48.0
20170124,0,O3_8h_24h,宁波,78.0
20170124,0,CO,宁波,0.87
20170124,0,CO_24h,宁波,0.76
20170124,1,AQI,宁波,53.0
20170124,1,PM2.5,宁波,36.0
20170124,1,PM2.5_24h,宁波,32.0
20170124,1,PM10,宁波,56.0
20170124,1,PM10_24h,宁波,53.0
20170124,1,SO2,宁波,7.0
20170124,1,SO2_24h,宁波,10.0
20170124,1,NO2,宁波,55.0
20170124,1,NO2_24h,宁波,42.0
20170124,1,O3,宁波,21.0
20170124,1,O3_24h,宁波,85.0
20170124,1,O3_8h,宁波,21.0
20170124,1,O3_8h_24h,宁波,21.0
20170124,1,CO,宁波,0.81
20170124,1,CO_24h,宁波,0.76
20170124,2,AQI,宁波,53.0
20170124,2,PM2.5,宁波,37.0
20170124,2,PM2.5_24h,宁波,32.0
20170124,2,PM10,宁波,56.0
20170124,2,PM10_24h,宁波,52.0
20170124,2,SO2,宁波,7.0
20170124,2,SO2_24h,宁波,10.0
20170124,2,NO2,宁波,54.0
20170124,2,NO2_24h,宁波,42.0
20170124,2,O3,宁波,20.0
20170124,2,O3_24h,宁波,85.0
20170124,2,O3_8h,宁波,20.0
20170124,2,O3_8h_24h,宁波,22.0
20170124,2,CO,宁波,0.79
20170124,2,CO_24h,宁波,0.74
20170124,3,AQI,宁波,53.0
20170124,3,PM2.5,宁波,37.0
20170124,3,PM2.5_24h,宁波,32.0
20170124,3,PM10,宁波,56.0
20170124,3,PM10_24h,宁波,52.0
20170124,3,SO2,宁波,8.0
20170124,3,SO2_24h,宁波,10.0
20170124,3,NO2,宁波,53.0
20170124,3,NO2_24h,宁波,42.0
20170124,3,O3,宁波,16.0
20170124,3,O3_24h,宁波,85.0
20170124,3,O3_8h,宁波,19.0
20170124,3,O3_8h_24h,宁波,22.0
20170124,3,CO,宁波,0.8
20170124,3,CO_24h,宁波,0.74
20170124,4,AQI,宁波,52.0
20170124,4,PM2.5,宁波,36.0
20170124,4,PM2.5_24h,宁波,32.0
20170124,4,PM10,宁波,54.0
20170124,4,PM10_24h,宁波,51.0
20170124,4,SO2,宁波,8.0
20170124,4,SO2_24h,宁波,10.0
20170124,4,NO2,宁波,49.0
20170124,4,NO2_24h,宁波,42.0
20170124,4,O3,宁波,17.0
20170124,4,O3_24h,宁波,85.0
20170124,4,O3_8h,宁波,18.0
20170124,4,O3_8h_24h,宁波,23.0
20170124,4,CO,宁波,0.79
20170124,4,CO_24h,宁波,0.74
20170124,5,AQI,宁波,51.0
20170124,5,PM2.5,宁波,34.0
20170124,5,PM2.5_24h,宁波,31.0
20170124,5,PM10,宁波,52.0
20170124,5,PM10_24h,宁波,51.0
20170124,5,SO2,宁波,7.0
20170124,5,SO2_24h,宁波,10.0
20170124,5,NO2,宁波,47.0
20170124,5,NO2_24h,宁波,42.0
20170124,5,O3,宁波,17.0
20170124,5,O3_24h,宁波,85.0
20170124,5,O3_8h,宁波,18.0
20170124,5,O3_8h_24h,宁波,23.0
20170124,5,CO,宁波,0.77
20170124,5,CO_24h,宁波,0.74
20170124,6,AQI,宁波,51.0
20170124,6,PM2.5,宁波,33.0
20170124,6,PM2.5_24h,宁波,31.0
20170124,6,PM10,宁波,51.0
20170124,6,PM10_24h,宁波,50.0
20170124,6,SO2,宁波,8.0
20170124,6,SO2_24h,宁波,10.0
20170124,6,NO2,宁波,45.0
20170124,6,NO2_24h,宁波,42.0
20170124,6,O3,宁波,17.0
20170124,6,O3_24h,宁波,85.0
20170124,6,O3_8h,宁波,18.0
20170124,6,O3_8h_24h,宁波,23.0
20170124,6,CO,宁波,0.77
20170124,6,CO_24h,宁波,0.74
20170124,7,AQI,宁波,52.0
20170124,7,PM2.5,宁波,35.0
20170124,7,PM2.5_24h,宁波,31.0
20170124,7,PM10,宁波,53.0
20170124,7,PM10_24h,宁波,49.0
20170124,7,SO2,宁波,7.0
20170124,7,SO2_24h,宁波,10.0
20170124,7,NO2,宁波,46.0
20170124,7,NO2_24h,宁波,42.0
20170124,7,O3,宁波,15.0
20170124,7,O3_24h,宁波,85.0
20170124,7,O3_8h,宁波,17.0
20170124,7,O3_8h_24h,宁波,23.0
20170124,7,CO,宁波,0.83
20170124,7,CO_24h,宁波,0.73
20170124,8,AQI,宁波,54.0
20170124,8,PM2.5,宁波,38.0
20170124,8,PM2.5_24h,宁波,30.0
20170124,8,PM10,宁波,53.0
20170124,8,PM10_24h,宁波,49.0
20170124,8,SO2,宁波,8.0
20170124,8,SO2_24h,宁波,10.0
20170124,8,NO2,宁波,49.0
20170124,8,NO2_24h,宁波,42.0
20170124,8,O3,宁波,15.0
20170124,8,O3_24h,宁波,85.0
20170124,8,O3_8h,宁波,17.0
20170124,8,O3_8h_24h,宁波,23.0
20170124,8,CO,宁波,0.91
20170124,8,CO_24h,宁波,0.73
20170124,9,AQI,宁波,54.0
20170124,9,PM2.5,宁波,38.0
20170124,9,PM2.5_24h,宁波,30.0
20170124,9,PM10,宁波,57.0
20170124,9,PM10_24h,宁波,48.0
20170124,9,SO2,宁波,10.0
20170124,9,SO2_24h,宁波,10.0
20170124,9,NO2,宁波,51.0
20170124,9,NO2_24h,宁波,42.0
20170124,9,O3,宁波,17.0
20170124,9,O3_24h,宁波,85.0
20170124,9,O3_8h,宁波,17.0
20170124,9,O3_8h_24h,宁波,23.0
20170124,9,CO,宁波,0.97
20170124,9,CO_24h,宁波,0.73
20170124,10,AQI,宁波,53.0
20170124,10,PM2.5,宁波,37.0
20170124,10,PM2.5_24h,宁波,30.0
20170124,10,PM10,宁波,54.0
20170124,10,PM10_24h,宁波,49.0
20170124,10,SO2,宁波,11.0
20170124,10,SO2_24h,宁波,9.0
20170124,10,NO2,宁波,49.0
20170124,10,NO2_24h,宁波,42.0
20170124,10,O3,宁波,26.0
20170124,10,O3_24h,宁波,85.0
20170124,10,O3_8h,宁波,17.0
20170124,10,O3_8h_24h,宁波,24.0
20170124,10,CO,宁波,0.93
20170124,10,CO_24h,宁波,0.73
20170124,11,AQI,宁波,41.0
20170124,11,PM2.5,宁波,28.0
20170124,11,PM2.5_24h,宁波,30.0
20170124,11,PM10,宁波,41.0
20170124,11,PM10_24h,宁波,49.0
20170124,11,SO2,宁波,14.0
20170124,11,SO2_24h,宁波,10.0
20170124,11,NO2,宁波,41.0
20170124,11,NO2_24h,宁波,43.0
20170124,11,O3,宁波,44.0
20170124,11,O3_24h,宁波,85.0
20170124,11,O3_8h,宁波,21.0
20170124,11,O3_8h_24h,宁波,25.0
20170124,11,CO,宁波,0.77
20170124,11,CO_24h,宁波,0.73
20170124,12,AQI,宁波,32.0
20170124,12,PM2.5,宁波,21.0
20170124,12,PM2.5_24h,宁波,30.0
20170124,12,PM10,宁波,32.0
20170124,12,PM10_24h,宁波,49.0
20170124,12,SO2,宁波,14.0
20170124,12,SO2_24h,宁波,10.0
20170124,12,NO2,宁波,29.0
20170124,12,NO2_24h,宁波,44.0
20170124,12,O3,宁波,64.0
20170124,12,O3_24h,宁波,85.0
20170124,12,O3_8h,宁波,27.0
20170124,12,O3_8h_24h,宁波,30.0
20170124,12,CO,宁波,0.69
20170124,12,CO_24h,宁波,0.76
20170124,13,AQI,宁波,31.0
20170124,13,PM2.5,宁波,20.0
20170124,13,PM2.5_24h,宁波,30.0
20170124,13,PM10,宁波,31.0
20170124,13,PM10_24h,宁波,49.0
20170124,13,SO2,宁波,14.0
20170124,13,SO2_24h,宁波,10.0
20170124,13,NO2,宁波,23.0
20170124,13,NO2_24h,宁波,44.0
20170124,13,O3,宁波,75.0
20170124,13,O3_24h,宁波,85.0
20170124,13,O3_8h,宁波,34.0
20170124,13,O3_8h_24h,宁波,35.0
20170124,13,CO,宁波,0.66
20170124,13,CO_24h,宁波,0.77
20170124,14,AQI,宁波,34.0
20170124,14,PM2.5,宁波,22.0
20170124,14,PM2.5_24h,宁波,31.0
20170124,14,PM10,宁波,34.0
20170124,14,PM10_24h,宁波,49.0
20170124,14,SO2,宁波,15.0
20170124,14,SO2_24h,宁波,10.0
20170124,14,NO2,宁波,24.0
20170124,14,NO2_24h,宁波,44.0
20170124,14,O3,宁波,80.0
20170124,14,O3_24h,宁波,84.0
20170124,14,O3_8h,宁波,42.0
20170124,14,O3_8h_24h,宁波,42.0
20170124,14,CO,宁波,0.63
20170124,14,CO_24h,宁波,0.77
20170124,15,AQI,宁波,39.0
20170124,15,PM2.5,宁波,25.0
20170124,15,PM2.5_24h,宁波,31.0
20170124,15,PM10,宁波,39.0
20170124,15,PM10_24h,宁波,49.0
20170124,15,SO2,宁波,15.0
20170124,15,SO2_24h,宁波,10.0
20170124,15,NO2,宁波,27.0
20170124,15,NO2_24h,宁波,44.0
20170124,15,O3,宁波,86.0
20170124,15,O3_24h,宁波,87.0
20170124,15,O3_8h,宁波,51.0
20170124,15,O3_8h_24h,宁波,51.0
20170124,15,CO,宁波,0.6
20170124,15,CO_24h,宁波,0.77
20170124,16,AQI,宁波,40.0
20170124,16,PM2.5,宁波,25.0
20170124,16,PM2.5_24h,宁波,31.0
20170124,16,PM10,宁波,40.0
20170124,16,PM10_24h,宁波,49.0
20170124,16,SO2,宁波,14.0
20170124,16,SO2_24h,宁波,10.0
20170124,16,NO2,宁波,30.0
20170124,16,NO2_24h,宁波,44.0
20170124,16,O3,宁波,86.0
20170124,16,O3_24h,宁波,87.0
20170124,16,O3_8h,宁波,60.0
20170124,16,O3_8h_24h,宁波,60.0
20170124,16,CO,宁波,0.6
20170124,16,CO_24h,宁波,0.76
20170124,17,AQI,宁波,40.0
20170124,17,PM2.5,宁波,25.0
20170124,17,PM2.5_24h,宁波,31.0
20170124,17,PM10,宁波,40.0
20170124,17,PM10_24h,宁波,49.0
20170124,17,SO2,宁波,14.0
20170124,17,SO2_24h,宁波,10.0
20170124,17,NO2,宁波,31.0
20170124,17,NO2_24h,宁波,44.0
20170124,17,O3,宁波,86.0
20170124,17,O3_24h,宁波,89.0
20170124,17,O3_8h,宁波,68.0
20170124,17,O3_8h_24h,宁波,68.0
20170124,17,CO,宁波,0.56
20170124,17,CO_24h,宁波,0.76
20170124,18,AQI,宁波,51.0
20170124,18,PM2.5,宁波,33.0
20170124,18,PM2.5_24h,宁波,31.0
20170124,18,PM10,宁波,52.0
20170124,18,PM10_24h,宁波,49.0
20170124,18,SO2,宁波,13.0
20170124,18,SO2_24h,宁波,10.0
20170124,18,NO2,宁波,34.0
20170124,18,NO2_24h,宁波,44.0
20170124,18,O3,宁波,77.0
20170124,18,O3_24h,宁波,89.0
20170124,18,O3_8h,宁波,75.0
20170124,18,O3_8h_24h,宁波,75.0
20170124,18,CO,宁波,0.54
20170124,18,CO_24h,宁波,0.74
20170124,19,AQI,宁波,50.0
20170124,19,PM2.5,宁波,31.0
20170124,19,PM2.5_24h,宁波,31.0
20170124,19,PM10,宁波,50.0
20170124,19,PM10_24h,宁波,49.0
20170124,19,SO2,宁波,13.0
20170124,19,SO2_24h,宁波,11.0
20170124,19,NO2,宁波,40.0
20170124,19,NO2_24h,宁波,44.0
20170124,19,O3,宁波,68.0
20170124,19,O3_24h,宁波,89.0
20170124,19,O3_8h,宁波,78.0
20170124,19,O3_8h_24h,宁波,78.0
20170124,19,CO,宁波,0.59
20170124,19,CO_24h,宁波,0.74
20170124,20,AQI,宁波,46.0
20170124,20,PM2.5,宁波,28.0
20170124,20,PM2.5_24h,宁波,31.0
20170124,20,PM10,宁波,46.0
20170124,20,PM10_24h,宁波,49.0
20170124,20,SO2,宁波,12.0
20170124,20,SO2_24h,宁波,11.0
20170124,20,NO2,宁波,44.0
20170124,20,NO2_24h,宁波,44.0
20170124,20,O3,宁波,59.0
20170124,20,O3_24h,宁波,89.0
20170124,20,O3_8h,宁波,77.0
20170124,20,O3_8h_24h,宁波,78.0
20170124,20,CO,宁波,0.64
20170124,20,CO_24h,宁波,0.73
20170124,21,AQI,宁波,49.0
20170124,21,PM2.5,宁波,31.0
20170124,21,PM2.5_24h,宁波,32.0
20170124,21,PM10,宁波,49.0
20170124,21,PM10_24h,宁波,49.0
20170124,21,SO2,宁波,12.0
20170124,21,SO2_24h,宁波,11.0
20170124,21,NO2,宁波,51.0
20170124,21,NO2_24h,宁波,44.0
20170124,21,O3,宁波,52.0
20170124,21,O3_24h,宁波,89.0
20170124,21,O3_8h,宁波,74.0
20170124,21,O3_8h_24h,宁波,78.0
20170124,21,CO,宁波,0.61
20170124,21,CO_24h,宁波,0.74
20170124,22,AQI,宁波,50.0
20170124,22,PM2.5,宁波,31.0
20170124,22,PM2.5_24h,宁波,32.0
20170124,22,PM10,宁波,50.0
20170124,22,PM10_24h,宁波,49.0
20170124,22,SO2,宁波,11.0
20170124,22,SO2_24h,宁波,11.0
20170124,22,NO2,宁波,47.0
20170124,22,NO2_24h,宁波,43.0
20170124,22,O3,宁波,51.0
20170124,22,O3_24h,宁波,89.0
20170124,22,O3_8h,宁波,71.0
20170124,22,O3_8h_24h,宁波,78.0
20170124,22,CO,宁波,0.64
20170124,22,CO_24h,宁波,0.74
20170124,23,AQI,宁波,52.0
20170124,23,PM2.5,宁波,34.0
20170124,23,PM2.5_24h,宁波,31.0
20170124,23,PM10,宁波,53.0
20170124,23,PM10_24h,宁波,48.0
20170124,23,SO2,宁波,10.0
20170124,23,SO2_24h,宁波,11.0
20170124,23,NO2,宁波,48.0
20170124,23,NO2_24h,宁波,43.0
20170124,23,O3,宁波,49.0
20170124,23,O3_24h,宁波,89.0
20170124,23,O3_8h,宁波,66.0
20170124,23,O3_8h_24h,宁波,78.0
20170124,23,CO,宁波,0.66
20170124,23,CO_24h,宁波,0.74
20170124,0,AQI,温州,51.0
20170124,0,PM2.5,温州,26.0
20170124,0,PM2.5_24h,温州,49.0
20170124,0,PM10,温州,52.0
20170124,0,PM10_24h,温州,84.0
20170124,0,SO2,温州,6.0
20170124,0,SO2_24h,温州,9.0
20170124,0,NO2,温州,21.0
20170124,0,NO2_24h,温州,29.0
20170124,0,O3,温州,73.0
20170124,0,O3_24h,温州,116.0
20170124,0,O3_8h,温州,87.0
20170124,0,O3_8h_24h,温州,103.0
20170124,0,CO,温州,0.53
20170124,0,CO_24h,温州,0.67
20170124,1,AQI,温州,51.0
20170124,1,PM2.5,温州,25.0
20170124,1,PM2.5_24h,温州,48.0
20170124,1,PM10,温州,51.0
20170124,1,PM10_24h,温州,82.0
20170124,1,SO2,温州,5.0
20170124,1,SO2_24h,温州,9.0
20170124,1,NO2,温州,20.0
20170124,1,NO2_24h,温州,28.0
20170124,1,O3,温州,69.0
20170124,1,O3_24h,温州,116.0
20170124,1,O3_8h,温州,69.0
20170124,1,O3_8h_24h,温州,69.0
20170124,1,CO,温州,0.53
20170124,1,CO_24h,温州,0.65
20170124,2,AQI,温州,52.0
20170124,2,PM2.5,温州,28.0
20170124,2,PM2.5_24h,温州,47.0
20170124,2,PM10,温州,54.0
20170124,2,PM10_24h,温州,80.0
20170124,2,SO2,温州,4.0
20170124,2,SO2_24h,温州,9.0
20170124,2,NO2,温州,22.0
20170124,2,NO2_24h,温州,28.0
20170124,2,O3,温州,58.0
20170124,2,O3_24h,温州,116.0
20170124,2,O3_8h,温州,63.0
20170124,2,O3_8h_24h,温州,69.0
20170124,2,CO,温州,0.55
20170124,2,CO_24h,温州,0.65
20170124,3,AQI,温州,54.0
20170124,3,PM2.5,温州,32.0
20170124,3,PM2.5_24h,温州,46.0
20170124,3,PM10,温州,58.0
20170124,3,PM10_24h,温州,78.0
20170124,3,SO2,温州,4.0
20170124,3,SO2_24h,温州,9.0
20170124,3,NO2,温州,21.0
20170124,3,NO2_24h,温州,28.0
20170124,3,O3,温州,53.0
20170124,3,O3_24h,温州,116.0
20170124,3,O3_8h,温州,60.0
20170124,3,O3_8h_24h,温州,69.0
20170124,3,CO,温州,0.57
20170124,3,CO_24h,温州,0.65
20170124,4,AQI,温州,55.0
20170124,4,PM2.5,温州,36.0
20170124,4,PM2.5_24h,温州,45.0
20170124,4,PM10,温州,60.0
20170124,4,PM10_24h,温州,77.0
20170124,4,SO2,温州,3.0
20170124,4,SO2_24h,温州,8.0
20170124,4,NO2,温州,24.0
20170124,4,NO2_24h,温州,27.0
20170124,4,O3,温州,43.0
20170124,4,O3_24h,温州,116.0
20170124,4,O3_8h,温州,56.0
20170124,4,O3_8h_24h,温州,69.0
20170124,4,CO,温州,0.63
20170124,4,CO_24h,温州,0.65
20170124,5,AQI,温州,53.0
20170124,5,PM2.5,温州,31.0
20170124,5,PM2.5_24h,温州,43.0
20170124,5,PM10,温州,56.0
20170124,5,PM10_24h,温州,75.0
20170124,5,SO2,温州,3.0
20170124,5,SO2_24h,温州,8.0
20170124,5,NO2,温州,25.0
20170124,5,NO2_24h,温州,28.0
20170124,5,O3,温州,42.0
20170124,5,O3_24h,温州,116.0
20170124,5,O3_8h,温州,53.0
20170124,5,O3_8h_24h,温州,69.0
20170124,5,CO,温州,0.6
20170124,5,CO_24h,温州,0.65
20170124,6,AQI,温州,53.0
20170124,6,PM2.5,温州,30.0
20170124,6,PM2.5_24h,温州,42.0
20170124,6,PM10,温州,55.0
20170124,6,PM10_24h,温州,73.0
20170124,6,SO2,温州,3.0
20170124,6,SO2_24h,温州,8.0
20170124,6,NO2,温州,22.0
20170124,6,NO2_24h,温州,27.0
20170124,6,O3,温州,48.0
20170124,6,O3_24h,温州,116.0
20170124,6,O3_8h,温州,52.0
20170124,6,O3_8h_24h,温州,69.0
20170124,6,CO,温州,0.6
20170124,6,CO_24h,温州,0.63
20170124,7,AQI,温州,57.0
20170124,7,PM2.5,温州,37.0
20170124,7,PM2.5_24h,温州,41.0
20170124,7,PM10,温州,64.0
20170124,7,PM10_24h,温州,72.0
20170124,7,SO2,温州,3.0
20170124,7,SO2_24h,温州,8.0
20170124,7,NO2,温州,31.0
20170124,7,NO2_24h,温州,27.0
20170124,7,O3,温州,33.0
20170124,7,O3_24h,温州,116.0
20170124,7,O3_8h,温州,49.0
20170124,7,O3_8h_24h,温州,69.0
20170124,7,CO,温州,0.7
20170124,7,CO_24h,温州,0.63
20170124,8,AQI,温州,61.0
20170124,8,PM2.5,温州,41.0
20170124,8,PM2.5_24h,温州,41.0
20170124,8,PM10,温州,72.0
20170124,8,PM10_24h,温州,71.0
20170124,8,SO2,温州,4.0
20170124,8,SO2_24h,温州,8.0
20170124,8,NO2,温州,37.0
20170124,8,NO2_24h,温州,27.0
20170124,8,O3,温州,25.0
20170124,8,O3_24h,温州,116.0
20170124,8,O3_8h,温州,46.0
20170124,8,O3_8h_24h,温州,69.0
20170124,8,CO,温州,0.75
20170124,8,CO_24h,温州,0.63
20170124,9,AQI,温州,56.0
20170124,9,PM2.5,温州,37.0
20170124,9,PM2.5_24h,温州,40.0
20170124,9,PM10,温州,62.0
20170124,9,PM10_24h,温州,70.0
20170124,9,SO2,温州,6.0
20170124,9,SO2_24h,温州,8.0
20170124,9,NO2,温州,26.0
20170124,9,NO2_24h,温州,26.0
20170124,9,O3,温州,42.0
20170124,9,O3_24h,温州,116.0
20170124,9,O3_8h,温州,43.0
20170124,9,O3_8h_24h,温州,69.0
20170124,9,CO,温州,0.8
20170124,9,CO_24h,温州,0.63
20170124,10,AQI,温州,56.0
20170124,10,PM2.5,温州,36.0
20170124,10,PM2.5_24h,温州,39.0
20170124,10,PM10,温州,61.0
20170124,10,PM10_24h,温州,68.0
20170124,10,SO2,温州,10.0
20170124,10,SO2_24h,温州,8.0
20170124,10,NO2,温州,23.0
20170124,10,NO2_24h,温州,26.0
20170124,10,O3,温州,51.0
20170124,10,O3_24h,温州,116.0
20170124,10,O3_8h,温州,42.0
20170124,10,O3_8h_24h,温州,69.0
20170124,10,CO,温州,0.78
20170124,10,CO_24h,温州,0.63
20170124,11,AQI,温州,53.0
20170124,11,PM2.5,温州,31.0
20170124,11,PM2.5_24h,温州,38.0
20170124,11,PM10,温州,56.0
20170124,11,PM10_24h,温州,67.0
20170124,11,SO2,温州,9.0
20170124,11,SO2_24h,温州,8.0
20170124,11,NO2,温州,21.0
20170124,11,NO2_24h,温州,26.0
20170124,11,O3,温州,68.0
20170124,11,O3_24h,温州,116.0
20170124,11,O3_8h,温州,44.0
20170124,11,O3_8h_24h,温州,69.0
20170124,11,CO,温州,0.7
20170124,11,CO_24h,温州,0.6
20170124,12,AQI,温州,47.0
20170124,12,PM2.5,温州,25.0
20170124,12,PM2.5_24h,温州,37.0
20170124,12,PM10,温州,47.0
20170124,12,PM10_24h,温州,65.0
20170124,12,SO2,温州,8.0
20170124,12,SO2_24h,温州,8.0
20170124,12,NO2,温州,19.0
20170124,12,NO2_24h,温州,25.0
20170124,12,O3,温州,79.0
20170124,12,O3_24h,温州,116.0
20170124,12,O3_8h,温州,48.0
20170124,12,O3_8h_24h,温州,70.0
20170124,12,CO,温州,0.53
20170124,12,CO_24h,温州,0.6
20170124,13,AQI,温州,39.0
20170124,13,PM2.5,温州,20.0
20170124,13,PM2.5_24h,温州,35.0
20170124,13,PM10,温州,39.0
20170124,13,PM10_24h,温州,62.0
20170124,13,SO2,温州,7.0
20170124,13,SO2_24h,温州,8.0
20170124,13,NO2,温州,17.0
20170124,13,NO2_24h,温州,25.0
20170124,13,O3,温州,87.0
20170124,13,O3_24h,温州,116.0
20170124,13,O3_8h,温州,54.0
20170124,13,O3_8h_24h,温州,71.0
20170124,13,CO,温州,0.4
20170124,13,CO_24h,温州,0.6
20170124,14,AQI,温州,33.0
20170124,14,PM2.5,温州,16.0
20170124,14,PM2.5_24h,温州,33.0
20170124,14,PM10,温州,33.0
20170124,14,PM10_24h,温州,60.0
20170124,14,SO2,温州,5.0
20170124,14,SO2_24h,温州,7.0
20170124,14,NO2,温州,12.0
20170124,14,NO2_24h,温州,24.0
20170124,14,O3,温州,97.0
20170124,14,O3_24h,温州,116.0
20170124,14,O3_8h,温州,60.0
20170124,14,O3_8h_24h,温州,72.0
20170124,14,CO,温州,0.33
20170124,14,CO_24h,温州,0.6
20170124,15,AQI,温州,35.0
20170124,15,PM2.5,温州,16.0
20170124,15,PM2.5_24h,温州,32.0
20170124,15,PM10,温州,35.0
20170124,15,PM10_24h,温州,58.0
20170124,15,SO2,温州,5.0
20170124,15,SO2_24h,温州,7.0
20170124,15,NO2,温州,16.0
20170124,15,NO2_24h,温州,24.0
20170124,15,O3,温州,96.0
20170124,15,O3_24h,温州,116.0
20170124,15,O3_8h,温州,68.0
20170124,15,O3_8h_24h,温州,74.0
20170124,15,CO,温州,0.33
20170124,15,CO_24h,温州,0.57
20170124,16,AQI,温州,36.0
20170124,16,PM2.5,温州,17.0
20170124,16,PM2.5_24h,温州,31.0
20170124,16,PM10,温州,36.0
20170124,16,PM10_24h,温州,57.0
20170124,16,SO2,温州,11.0
20170124,16,SO2_24h,温州,7.0
20170124,16,NO2,温州,17.0
20170124,16,NO2_24h,温州,23.0
20170124,16,O3,温州,96.0
20170124,16,O3_24h,温州,109.0
20170124,16,O3_8h,温州,77.0
20170124,16,O3_8h_24h,温州,78.0
20170124,16,CO,温州,0.3
20170124,16,CO_24h,温州,0.57
20170124,17,AQI,温州,34.0
20170124,17,PM2.5,温州,16.0
20170124,17,PM2.5_24h,温州,30.0
20170124,17,PM10,温州,34.0
20170124,17,PM10_24h,温州,55.0
20170124,17,SO2,温州,10.0
20170124,17,SO2_24h,温州,7.0
20170124,17,NO2,温州,18.0
20170124,17,NO2_24h,温州,23.0
20170124,17,O3,温州,97.0
20170124,17,O3_24h,温州,103.0
20170124,17,O3_8h,温州,84.0
20170124,17,O3_8h_24h,温州,84.0
20170124,17,CO,温州,0.35
20170124,17,CO_24h,温州,0.57
20170124,18,AQI,温州,35.0
20170124,18,PM2.5,温州,17.0
20170124,18,PM2.5_24h,温州,29.0
20170124,18,PM10,温州,35.0
20170124,18,PM10_24h,温州,53.0
20170124,18,SO2,温州,7.0
20170124,18,SO2_24h,温州,6.0
20170124,18,NO2,温州,20.0
20170124,18,NO2_24h,温州,23.0
20170124,18,O3,温州,92.0
20170124,18,O3_24h,温州,101.0
20170124,18,O3_8h,温州,89.0
20170124,18,O3_8h_24h,温州,89.0
20170124,18,CO,温州,0.4
20170124,18,CO_24h,温州,0.55
20170124,19,AQI,温州,36.0
20170124,19,PM2.5,温州,18.0
20170124,19,PM2.5_24h,温州,27.0
20170124,19,PM10,温州,36.0
20170124,19,PM10_24h,温州,52.0
20170124,19,SO2,温州,6.0
20170124,19,SO2_24h,温州,6.0
20170124,19,NO2,温州,19.0
20170124,19,NO2_24h,温州,22.0
20170124,19,O3,温州,90.0
20170124,19,O3_24h,温州,101.0
20170124,19,O3_8h,温州,92.0
20170124,19,O3_8h_24h,温州,92.0
20170124,19,CO,温州,0.4
20170124,19,CO_24h,温州,0.53
20170124,20,AQI,温州,37.0
20170124,20,PM2.5,温州,19.0
20170124,20,PM2.5_24h,温州,27.0
20170124,20,PM10,温州,37.0
20170124,20,PM10_24h,温州,50.0
20170124,20,SO2,温州,6.0
20170124,20,SO2_24h,温州,6.0
20170124,20,NO2,温州,16.0
20170124,20,NO2_24h,温州,22.0
20170124,20,O3,温州,88.0
20170124,20,O3_24h,温州,101.0
20170124,20,O3_8h,温州,93.0
20170124,20,O3_8h_24h,温州,93.0
20170124,20,CO,温州,0.35
20170124,20,CO_24h,温州,0.53
20170124,21,AQI,温州,37.0
20170124,21,PM2.5,温州,18.0
20170124,21,PM2.5_24h,温州,26.0
20170124,21,PM10,温州,37.0
20170124,21,PM10_24h,温州,49.0
20170124,21,SO2,温州,6.0
20170124,21,SO2_24h,温州,6.0
20170124,21,NO2,温州,15.0
20170124,21,NO2_24h,温州,21.0
20170124,21,O3,温州,88.0
20170124,21,O3_24h,温州,101.0
20170124,21,O3_8h,温州,93.0
20170124,21,O3_8h_24h,温州,93.0
20170124,21,CO,温州,0.4
20170124,21,CO_24h,温州,0.53
20170124,22,AQI,温州,37.0
20170124,22,PM2.5,温州,19.0
20170124,22,PM2.5_24h,温州,25.0
20170124,22,PM10,温州,37.0
20170124,22,PM10_24h,温州,48.0
20170124,22,SO2,温州,8.0
20170124,22,SO2_24h,温州,6.0
20170124,22,NO2,温州,17.0
20170124,22,NO2_24h,温州,21.0
20170124,22,O3,温州,85.0
20170124,22,O3_24h,温州,101.0
20170124,22,O3_8h,温州,91.0
20170124,22,O3_8h_24h,温州,93.0
20170124,22,CO,温州,0.4
20170124,22,CO_24h,温州,0.53
20170124,23,AQI,温州,37.0
20170124,23,PM2.5,温州,19.0
20170124,23,PM2.5_24h,温州,25.0
20170124,23,PM10,温州,37.0
20170124,23,PM10_24h,温州,47.0
20170124,23,SO2,温州,7.0
20170124,23,SO2_24h,温州,6.0
20170124,23,NO2,温州,17.0
20170124,23,NO2_24h,温州,21.0
20170124,23,O3,温州,84.0
20170124,23,O3_24h,温州,101.0
20170124,23,O3_8h,温州,90.0
20170124,23,O3_8h_24h,温州,93.0
20170124,23,CO,温州,0.38
20170124,23,CO_24h,温州,0.5
20170124,0,AQI,绍兴,56.0
20170124,0,PM2.5,绍兴,40.0
20170124,0,PM2.5_24h,绍兴,38.0
20170124,0,PM10,绍兴,59.0
20170124,0,PM10_24h,绍兴,62.0
20170124,0,SO2,绍兴,10.0
20170124,0,SO2_24h,绍兴,16.0
20170124,0,NO2,绍兴,42.0
20170124,0,NO2_24h,绍兴,42.0
20170124,0,O3,绍兴,41.0
20170124,0,O3_24h,绍兴,94.0
20170124,0,O3_8h,绍兴,55.0
20170124,0,O3_8h_24h,绍兴,85.0
20170124,0,CO,绍兴,0.55
20170124,0,CO_24h,绍兴,0.6
20170124,1,AQI,绍兴,56.0
20170124,1,PM2.5,绍兴,40.0
20170124,1,PM2.5_24h,绍兴,38.0
20170124,1,PM10,绍兴,59.0
20170124,1,PM10_24h,绍兴,62.0
20170124,1,SO2,绍兴,9.0
20170124,1,SO2_24h,绍兴,16.0
20170124,1,NO2,绍兴,33.0
20170124,1,NO2_24h,绍兴,40.0
20170124,1,O3,绍兴,45.0
20170124,1,O3_24h,绍兴,94.0
20170124,1,O3_8h,绍兴,45.0
20170124,1,O3_8h_24h,绍兴,45.0
20170124,1,CO,绍兴,0.55
20170124,1,CO_24h,绍兴,0.6
20170124,2,AQI,绍兴,55.0
20170124,2,PM2.5,绍兴,39.0
20170124,2,PM2.5_24h,绍兴,38.0
20170124,2,PM10,绍兴,57.0
20170124,2,PM10_24h,绍兴,61.0
20170124,2,SO2,绍兴,9.0
20170124,2,SO2_24h,绍兴,15.0
20170124,2,NO2,绍兴,41.0
20170124,2,NO2_24h,绍兴,40.0
20170124,2,O3,绍兴,35.0
20170124,2,O3_24h,绍兴,94.0
20170124,2,O3_8h,绍兴,40.0
20170124,2,O3_8h_24h,绍兴,45.0
20170124,2,CO,绍兴,0.55
20170124,2,CO_24h,绍兴,0.6
20170124,3,AQI,绍兴,51.0
20170124,3,PM2.5,绍兴,31.0
20170124,3,PM2.5_24h,绍兴,38.0
20170124,3,PM10,绍兴,52.0
20170124,3,PM10_24h,绍兴,65.0
20170124,3,SO2,绍兴,8.0
20170124,3,SO2_24h,绍兴,14.0
20170124,3,NO2,绍兴,61.0
20170124,3,NO2_24h,绍兴,49.0
20170124,3,O3,绍兴,24.0
20170124,3,O3_24h,绍兴,89.0
20170124,3,O3_8h,绍兴,31.0
20170124,3,O3_8h_24h,绍兴,44.0
20170124,3,CO,绍兴,0.6
20170124,3,CO_24h,绍兴,0.7
20170124,4,AQI,绍兴,52.0
20170124,4,PM2.5,绍兴,32.0
20170124,4,PM2.5_24h,绍兴,37.0
20170124,4,PM10,绍兴,54.0
20170124,4,PM10_24h,绍兴,64.0
20170124,4,SO2,绍兴,9.0
20170124,4,SO2_24h,绍兴,14.0
20170124,4,NO2,绍兴,32.0
20170124,4,NO2_24h,绍兴,48.0
20170124,4,O3,绍兴,41.0
20170124,4,O3_24h,绍兴,89.0
20170124,4,O3_8h,绍兴,34.0
20170124,4,O3_8h_24h,绍兴,44.0
20170124,4,CO,绍兴,0.6
20170124,4,CO_24h,绍兴,0.7
20170124,5,AQI,绍兴,54.0
20170124,5,PM2.5,绍兴,33.0
20170124,5,PM2.5_24h,绍兴,37.0
20170124,5,PM10,绍兴,57.0
20170124,5,PM10_24h,绍兴,63.0
20170124,5,SO2,绍兴,11.0
20170124,5,SO2_24h,绍兴,14.0
20170124,5,NO2,绍兴,32.0
20170124,5,NO2_24h,绍兴,47.0
20170124,5,O3,绍兴,40.0
20170124,5,O3_24h,绍兴,89.0
20170124,5,O3_8h,绍兴,35.0
20170124,5,O3_8h_24h,绍兴,44.0
20170124,5,CO,绍兴,0.6
20170124,5,CO_24h,绍兴,0.7
20170124,6,AQI,绍兴,55.0
20170124,6,PM2.5,绍兴,33.0
20170124,6,PM2.5_24h,绍兴,36.0
20170124,6,PM10,绍兴,59.0
20170124,6,PM10_24h,绍兴,63.0
20170124,6,SO2,绍兴,10.0
20170124,6,SO2_24h,绍兴,13.0
20170124,6,NO2,绍兴,33.0
20170124,6,NO2_24h,绍兴,45.0
20170124,6,O3,绍兴,38.0
20170124,6,O3_24h,绍兴,89.0
20170124,6,O3_8h,绍兴,36.0
20170124,6,O3_8h_24h,绍兴,44.0
20170124,6,CO,绍兴,0.6
20170124,6,CO_24h,绍兴,0.7
20170124,7,AQI,绍兴,56.0
20170124,7,PM2.5,绍兴,34.0
20170124,7,PM2.5_24h,绍兴,36.0
20170124,7,PM10,绍兴,61.0
20170124,7,PM10_24h,绍兴,62.0
20170124,7,SO2,绍兴,10.0
20170124,7,SO2_24h,绍兴,13.0
20170124,7,NO2,绍兴,40.0
20170124,7,NO2_24h,绍兴,44.0
20170124,7,O3,绍兴,31.0
20170124,7,O3_24h,绍兴,89.0
20170124,7,O3_8h,绍兴,35.0
20170124,7,O3_8h_24h,绍兴,44.0
20170124,7,CO,绍兴,0.6
20170124,7,CO_24h,绍兴,0.7
20170124,8,AQI,绍兴,56.0
20170124,8,PM2.5,绍兴,34.0
20170124,8,PM2.5_24h,绍兴,36.0
20170124,8,PM10,绍兴,62.0
20170124,8,PM10_24h,绍兴,62.0
20170124,8,SO2,绍兴,9.0
20170124,8,SO2_24h,绍兴,13.0
20170124,8,NO2,绍兴,40.0
20170124,8,NO2_24h,绍兴,43.0
20170124,8,O3,绍兴,30.0
20170124,8,O3_24h,绍兴,89.0
20170124,8,O3_8h,绍兴,34.0
20170124,8,O3_8h_24h,绍兴,44.0
20170124,8,CO,绍兴,0.7
20170124,8,CO_24h,绍兴,0.6
20170124,9,AQI,绍兴,55.0
20170124,9,PM2.5,绍兴,33.0
20170124,9,PM2.5_24h,绍兴,35.0
20170124,9,PM10,绍兴,59.0
20170124,9,PM10_24h,绍兴,61.0
20170124,9,SO2,绍兴,14.0
20170124,9,SO2_24h,绍兴,13.0
20170124,9,NO2,绍兴,36.0
20170124,9,NO2_24h,绍兴,42.0
20170124,9,O3,绍兴,43.0
20170124,9,O3_24h,绍兴,89.0
20170124,9,O3_8h,绍兴,34.0
20170124,9,O3_8h_24h,绍兴,44.0
20170124,9,CO,绍兴,0.7
20170124,9,CO_24h,绍兴,0.6
20170124,10,AQI,绍兴,43.0
20170124,10,PM2.5,绍兴,28.0
20170124,10,PM2.5_24h,绍兴,35.0
20170124,10,PM10,绍兴,43.0
20170124,10,PM10_24h,绍兴,57.0
20170124,10,SO2,绍兴,12.0
20170124,10,SO2_24h,绍兴,14.0
20170124,10,NO2,绍兴,22.0
20170124,10,NO2_24h,绍兴,36.0
20170124,10,O3,绍兴,61.0
20170124,10,O3_24h,绍兴,94.0
20170124,10,O3_8h,绍兴,52.0
20170124,10,O3_8h_24h,绍兴,55.0
20170124,10,CO,绍兴,0.5
20170124,10,CO_24h,绍兴,0.55
20170124,11,AQI,绍兴,35.0
20170124,11,PM2.5,绍兴,24.0
20170124,11,PM2.5_24h,绍兴,35.0
20170124,11,PM10,绍兴,35.0
20170124,11,PM10_24h,绍兴,56.0
20170124,11,SO2,绍兴,11.0
20170124,11,SO2_24h,绍兴,14.0
20170124,11,NO2,绍兴,17.0
20170124,11,NO2_24h,绍兴,35.0
20170124,11,O3,绍兴,71.0
20170124,11,O3_24h,绍兴,94.0
20170124,11,O3_8h,绍兴,58.0
20170124,11,O3_8h_24h,绍兴,58.0
20170124,11,CO,绍兴,0.4
20170124,11,CO_24h,绍兴,0.55
20170124,12,AQI,绍兴,34.0
20170124,12,PM2.5,绍兴,22.0
20170124,12,PM2.5_24h,绍兴,34.0
20170124,12,PM10,绍兴,34.0
20170124,12,PM10_24h,绍兴,55.0
20170124,12,SO2,绍兴,12.0
20170124,12,SO2_24h,绍兴,14.0
20170124,12,NO2,绍兴,17.0
20170124,12,NO2_24h,绍兴,35.0
20170124,12,O3,绍兴,77.0
20170124,12,O3_24h,绍兴,94.0
20170124,12,O3_8h,绍兴,62.0
20170124,12,O3_8h_24h,绍兴,62.0
20170124,12,CO,绍兴,0.45
20170124,12,CO_24h,绍兴,0.55
20170124,13,AQI,绍兴,33.0
20170124,13,PM2.5,绍兴,22.0
20170124,13,PM2.5_24h,绍兴,34.0
20170124,13,PM10,绍兴,33.0
20170124,13,PM10_24h,绍兴,54.0
20170124,13,SO2,绍兴,13.0
20170124,13,SO2_24h,绍兴,14.0
20170124,13,NO2,绍兴,16.0
20170124,13,NO2_24h,绍兴,34.0
20170124,13,O3,绍兴,83.0
20170124,13,O3_24h,绍兴,94.0
20170124,13,O3_8h,绍兴,66.0
20170124,13,O3_8h_24h,绍兴,66.0
20170124,13,CO,绍兴,0.4
20170124,13,CO_24h,绍兴,0.55
20170124,14,AQI,绍兴,36.0
20170124,14,PM2.5,绍兴,24.0
20170124,14,PM2.5_24h,绍兴,33.0
20170124,14,PM10,绍兴,36.0
20170124,14,PM10_24h,绍兴,53.0
20170124,14,SO2,绍兴,15.0
20170124,14,SO2_24h,绍兴,13.0
20170124,14,NO2,绍兴,17.0
20170124,14,NO2_24h,绍兴,34.0
20170124,14,O3,绍兴,89.0
20170124,14,O3_24h,绍兴,94.0
20170124,14,O3_8h,绍兴,70.0
20170124,14,O3_8h_24h,绍兴,70.0
20170124,14,CO,绍兴,0.4
20170124,14,CO_24h,绍兴,0.5
20170124,15,AQI,绍兴,39.0
20170124,15,PM2.5,绍兴,26.0
20170124,15,PM2.5_24h,绍兴,33.0
20170124,15,PM10,绍兴,39.0
20170124,15,PM10_24h,绍兴,52.0
20170124,15,SO2,绍兴,14.0
20170124,15,SO2_24h,绍兴,13.0
20170124,15,NO2,绍兴,18.0
20170124,15,NO2_24h,绍兴,33.0
20170124,15,O3,绍兴,91.0
20170124,15,O3_24h,绍兴,94.0
20170124,15,O3_8h,绍兴,74.0
20170124,15,O3_8h_24h,绍兴,74.0
20170124,15,CO,绍兴,0.4
20170124,15,CO_24h,绍兴,0.5
20170124,16,AQI,绍兴,40.0
20170124,16,PM2.5,绍兴,24.0
20170124,16,PM2.5_24h,绍兴,32.0
20170124,16,PM10,绍兴,40.0
20170124,16,PM10_24h,绍兴,56.0
20170124,16,SO2,绍兴,11.0
20170124,16,SO2_24h,绍兴,11.0
20170124,16,NO2,绍兴,20.0
20170124,16,NO2_24h,绍兴,39.0
20170124,16,O3,绍兴,79.0
20170124,16,O3_24h,绍兴,88.0
20170124,16,O3_8h,绍兴,70.0
20170124,16,O3_8h_24h,绍兴,70.0
20170124,16,CO,绍兴,0.5
20170124,16,CO_24h,绍兴,0.6
20170124,17,AQI,绍兴,43.0
20170124,17,PM2.5,绍兴,25.0
20170124,17,PM2.5_24h,绍兴,32.0
20170124,17,PM10,绍兴,43.0
20170124,17,PM10_24h,绍兴,51.0
20170124,17,SO2,绍兴,12.0
20170124,17,SO2_24h,绍兴,12.0
20170124,17,NO2,绍兴,19.0
20170124,17,NO2_24h,绍兴,33.0
20170124,17,O3,绍兴,84.0
20170124,17,O3_24h,绍兴,93.0
20170124,17,O3_8h,绍兴,81.0
20170124,17,O3_8h_24h,绍兴,81.0
20170124,17,CO,绍兴,0.4
20170124,17,CO_24h,绍兴,0.5
20170124,18,AQI,绍兴,48.0
20170124,18,PM2.5,绍兴,28.0
20170124,18,PM2.5_24h,绍兴,32.0
20170124,18,PM10,绍兴,48.0
20170124,18,PM10_24h,绍兴,51.0
20170124,18,SO2,绍兴,14.0
20170124,18,SO2_24h,绍兴,12.0
20170124,18,NO2,绍兴,23.0
20170124,18,NO2_24h,绍兴,32.0
20170124,18,O3,绍兴,81.0
20170124,18,O3_24h,绍兴,93.0
20170124,18,O3_8h,绍兴,84.0
20170124,18,O3_8h_24h,绍兴,84.0
20170124,18,CO,绍兴,0.45
20170124,18,CO_24h,绍兴,0.5
20170124,19,AQI,绍兴,51.0
20170124,19,PM2.5,绍兴,30.0
20170124,19,PM2.5_24h,绍兴,32.0
20170124,19,PM10,绍兴,52.0
20170124,19,PM10_24h,绍兴,51.0
20170124,19,SO2,绍兴,15.0
20170124,19,SO2_24h,绍兴,12.0
20170124,19,NO2,绍兴,23.0
20170124,19,NO2_24h,绍兴,31.0
20170124,19,O3,绍兴,79.0
20170124,19,O3_24h,绍兴,93.0
20170124,19,O3_8h,绍兴,84.0
20170124,19,O3_8h_24h,绍兴,84.0
20170124,19,CO,绍兴,0.45
20170124,19,CO_24h,绍兴,0.5
20170124,20,AQI,绍兴,52.0
20170124,20,PM2.5,绍兴,31.0
20170124,20,PM2.5_24h,绍兴,31.0
20170124,20,PM10,绍兴,53.0
20170124,20,PM10_24h,绍兴,50.0
20170124,20,SO2,绍兴,14.0
20170124,20,SO2_24h,绍兴,12.0
20170124,20,NO2,绍兴,23.0
20170124,20,NO2_24h,绍兴,29.0
20170124,20,O3,绍兴,75.0
20170124,20,O3_24h,绍兴,93.0
20170124,20,O3_8h,绍兴,84.0
20170124,20,O3_8h_24h,绍兴,84.0
20170124,20,CO,绍兴,0.45
20170124,20,CO_24h,绍兴,0.5
20170124,21,AQI,绍兴,52.0
20170124,21,PM2.5,绍兴,31.0
20170124,21,PM2.5_24h,绍兴,31.0
20170124,21,PM10,绍兴,53.0
20170124,21,PM10_24h,绍兴,49.0
20170124,21,SO2,绍兴,14.0
20170124,21,SO2_24h,绍兴,12.0
20170124,21,NO2,绍兴,23.0
20170124,21,NO2_24h,绍兴,28.0
20170124,21,O3,绍兴,72.0
20170124,21,O3_24h,绍兴,93.0
20170124,21,O3_8h,绍兴,83.0
20170124,21,O3_8h_24h,绍兴,84.0
20170124,21,CO,绍兴,0.5
20170124,21,CO_24h,绍兴,0.5
20170124,22,AQI,绍兴,51.0
20170124,22,PM2.5,绍兴,31.0
20170124,22,PM2.5_24h,绍兴,31.0
20170124,22,PM10,绍兴,52.0
20170124,22,PM10_24h,绍兴,48.0
20170124,22,SO2,绍兴,11.0
20170124,22,SO2_24h,绍兴,12.0
20170124,22,NO2,绍兴,26.0
20170124,22,NO2_24h,绍兴,26.0
20170124,22,O3,绍兴,63.0
20170124,22,O3_24h,绍兴,93.0
20170124,22,O3_8h,绍兴,79.0
20170124,22,O3_8h_24h,绍兴,84.0
20170124,22,CO,绍兴,0.45
20170124,22,CO_24h,绍兴,0.5
20170124,23,AQI,绍兴,51.0
20170124,23,PM2.5,绍兴,30.0
20170124,23,PM2.5_24h,绍兴,29.0
20170124,23,PM10,绍兴,52.0
20170124,23,PM10_24h,绍兴,51.0
20170124,23,SO2,绍兴,9.0
20170124,23,SO2_24h,绍兴,11.0
20170124,23,NO2,绍兴,24.0
20170124,23,NO2_24h,绍兴,31.0
20170124,23,O3,绍兴,64.0
20170124,23,O3_24h,绍兴,85.0
20170124,23,O3_8h,绍兴,73.0
20170124,23,O3_8h_24h,绍兴,78.0
20170124,23,CO,绍兴,0.5
20170124,23,CO_24h,绍兴,0.6
20170124,0,AQI,湖州,64.0
20170124,0,PM2.5,湖州,46.0
20170124,0,PM2.5_24h,湖州,38.0
20170124,0,PM10,湖州,52.0
20170124,0,PM10_24h,湖州,54.0
20170124,0,SO2,湖州,17.0
20170124,0,SO2_24h,湖州,15.0
20170124,0,NO2,湖州,44.0
20170124,0,NO2_24h,湖州,40.0
20170124,0,O3,湖州,36.0
20170124,0,O3_24h,湖州,102.0
20170124,0,O3_8h,湖州,62.0
20170124,0,O3_8h_24h,湖州,89.0
20170124,0,CO,湖州,0.9
20170124,0,CO_24h,湖州,0.9
20170124,1,AQI,湖州,59.0
20170124,1,PM2.5,湖州,42.0
20170124,1,PM2.5_24h,湖州,38.0
20170124,1,PM10,湖州,53.0
20170124,1,PM10_24h,湖州,54.0
20170124,1,SO2,湖州,13.0
20170124,1,SO2_24h,湖州,15.0
20170124,1,NO2,湖州,48.0
20170124,1,NO2_24h,湖州,39.0
20170124,1,O3,湖州,30.0
20170124,1,O3_24h,湖州,102.0
20170124,1,O3_8h,湖州,30.0
20170124,1,O3_8h_24h,湖州,30.0
20170124,1,CO,湖州,0.9
20170124,1,CO_24h,湖州,0.9
20170124,2,AQI,湖州,56.0
20170124,2,PM2.5,湖州,40.0
20170124,2,PM2.5_24h,湖州,38.0
20170124,2,PM10,湖州,52.0
20170124,2,PM10_24h,湖州,54.0
20170124,2,SO2,湖州,11.0
20170124,2,SO2_24h,湖州,15.0
20170124,2,NO2,湖州,40.0
20170124,2,NO2_24h,湖州,39.0
20170124,2,O3,湖州,35.0
20170124,2,O3_24h,湖州,102.0
20170124,2,O3_8h,湖州,32.0
20170124,2,O3_8h_24h,湖州,32.0
20170124,2,CO,湖州,0.9
20170124,2,CO_24h,湖州,0.9
20170124,3,AQI,湖州,49.0
20170124,3,PM2.5,湖州,34.0
20170124,3,PM2.5_24h,湖州,38.0
20170124,3,PM10,湖州,37.0
20170124,3,PM10_24h,湖州,54.0
20170124,3,SO2,湖州,10.0
20170124,3,SO2_24h,湖州,15.0
20170124,3,NO2,湖州,27.0
20170124,3,NO2_24h,湖州,39.0
20170124,3,O3,湖州,47.0
20170124,3,O3_24h,湖州,102.0
20170124,3,O3_8h,湖州,37.0
20170124,3,O3_8h_24h,湖州,37.0
20170124,3,CO,湖州,0.8
20170124,3,CO_24h,湖州,0.9
20170124,4,AQI,湖州,40.0
20170124,4,PM2.5,湖州,28.0
20170124,4,PM2.5_24h,湖州,38.0
20170124,4,PM10,湖州,28.0
20170124,4,PM10_24h,湖州,54.0
20170124,4,SO2,湖州,13.0
20170124,4,SO2_24h,湖州,15.0
20170124,4,NO2,湖州,23.0
20170124,4,NO2_24h,湖州,38.0
20170124,4,O3,湖州,51.0
20170124,4,O3_24h,湖州,102.0
20170124,4,O3_8h,湖州,41.0
20170124,4,O3_8h_24h,湖州,41.0
20170124,4,CO,湖州,0.7
20170124,4,CO_24h,湖州,0.9
20170124,5,AQI,湖州,37.0
20170124,5,PM2.5,湖州,26.0
20170124,5,PM2.5_24h,湖州,38.0
20170124,5,PM10_24h,湖州,54.0
20170124,5,SO2,湖州,15.0
20170124,5,SO2_24h,湖州,15.0
20170124,5,NO2,湖州,23.0
20170124,5,NO2_24h,湖州,37.0
20170124,5,O3,湖州,49.0
20170124,5,O3_24h,湖州,102.0
20170124,5,O3_8h,湖州,42.0
20170124,5,O3_8h_24h,湖州,42.0
20170124,5,CO,湖州,0.7
20170124,5,CO_24h,湖州,0.9
20170124,6,AQI,湖州,33.0
20170124,6,PM2.5,湖州,23.0
20170124,6,PM2.5_24h,湖州,37.0
20170124,6,PM10_24h,湖州,55.0
20170124,6,SO2,湖州,11.0
20170124,6,SO2_24h,湖州,15.0
20170124,6,NO2,湖州,23.0
20170124,6,NO2_24h,湖州,36.0
20170124,6,O3,湖州,49.0
20170124,6,O3_24h,湖州,102.0
20170124,6,O3_8h,湖州,44.0
20170124,6,O3_8h_24h,湖州,44.0
20170124,6,CO,湖州,0.6
20170124,6,CO_24h,湖州,0.9
20170124,7,AQI,湖州,31.0
20170124,7,PM2.5,湖州,22.0
20170124,7,PM2.5_24h,湖州,36.0
20170124,7,PM10_24h,湖州,55.0
20170124,7,SO2,湖州,9.0
20170124,7,SO2_24h,湖州,15.0
20170124,7,NO2,湖州,24.0
20170124,7,NO2_24h,湖州,35.0
20170124,7,O3,湖州,47.0
20170124,7,O3_24h,湖州,102.0
20170124,7,O3_8h,湖州,44.0
20170124,7,O3_8h_24h,湖州,44.0
20170124,7,CO,湖州,0.6
20170124,7,CO_24h,湖州,0.9
20170124,8,AQI,湖州,36.0
20170124,8,PM2.5,湖州,25.0
20170124,8,PM2.5_24h,湖州,35.0
20170124,8,PM10_24h,湖州,55.0
20170124,8,SO2,湖州,13.0
20170124,8,SO2_24h,湖州,15.0
20170124,8,NO2,湖州,38.0
20170124,8,NO2_24h,湖州,34.0
20170124,8,O3,湖州,31.0
20170124,8,O3_24h,湖州,102.0
20170124,8,O3_8h,湖州,42.0
20170124,8,O3_8h_24h,湖州,44.0
20170124,8,CO,湖州,0.7
20170124,8,CO_24h,湖州,0.8
20170124,9,AQI,湖州,47.0
20170124,9,PM2.5,湖州,33.0
20170124,9,PM2.5_24h,湖州,34.0
20170124,9,PM10,湖州,46.0
20170124,9,PM10_24h,湖州,54.0
20170124,9,SO2,湖州,24.0
20170124,9,SO2_24h,湖州,16.0
20170124,9,NO2,湖州,37.0
20170124,9,NO2_24h,湖州,34.0
20170124,9,O3,湖州,38.0
20170124,9,O3_24h,湖州,102.0
20170124,9,O3_8h,湖州,43.0
20170124,9,O3_8h_24h,湖州,44.0
20170124,9,CO,湖州,0.8
20170124,9,CO_24h,湖州,0.8
20170124,10,AQI,湖州,37.0
20170124,10,PM2.5,湖州,25.0
20170124,10,PM2.5_24h,湖州,34.0
20170124,10,PM10,湖州,37.0
20170124,10,PM10_24h,湖州,53.0
20170124,10,SO2,湖州,19.0
20170124,10,SO2_24h,湖州,16.0
20170124,10,NO2,湖州,24.0
20170124,10,NO2_24h,湖州,33.0
20170124,10,O3,湖州,62.0
20170124,10,O3_24h,湖州,102.0
20170124,10,O3_8h,湖州,47.0
20170124,10,O3_8h_24h,湖州,47.0
20170124,10,CO,湖州,0.7
20170124,10,CO_24h,湖州,0.8
20170124,11,AQI,湖州,43.0
20170124,11,PM2.5,湖州,26.0
20170124,11,PM2.5_24h,湖州,34.0
20170124,11,PM10,湖州,43.0
20170124,11,PM10_24h,湖州,52.0
20170124,11,SO2,湖州,18.0
20170124,11,SO2_24h,湖州,16.0
20170124,11,NO2,湖州,21.0
20170124,11,NO2_24h,湖州,33.0
20170124,11,O3,湖州,74.0
20170124,11,O3_24h,湖州,102.0
20170124,11,O3_8h,湖州,50.0
20170124,11,O3_8h_24h,湖州,50.0
20170124,11,CO,湖州,0.7
20170124,11,CO_24h,湖州,0.8
20170124,12,AQI,湖州,46.0
20170124,12,PM2.5,湖州,26.0
20170124,12,PM2.5_24h,湖州,34.0
20170124,12,PM10,湖州,46.0
20170124,12,PM10_24h,湖州,51.0
20170124,12,SO2,湖州,17.0
20170124,12,SO2_24h,湖州,16.0
20170124,12,NO2,湖州,19.0
20170124,12,NO2_24h,湖州,32.0
20170124,12,O3,湖州,82.0
20170124,12,O3_24h,湖州,102.0
20170124,12,O3_8h,湖州,54.0
20170124,12,O3_8h_24h,湖州,54.0
20170124,12,CO,湖州,0.7
20170124,12,CO_24h,湖州,0.8
20170124,13,AQI,湖州,51.0
20170124,13,PM2.5,湖州,29.0
20170124,13,PM2.5_24h,湖州,34.0
20170124,13,PM10,湖州,52.0
20170124,13,PM10_24h,湖州,50.0
20170124,13,SO2,湖州,19.0
20170124,13,SO2_24h,湖州,16.0
20170124,13,NO2,湖州,19.0
20170124,13,NO2_24h,湖州,32.0
20170124,13,O3,湖州,92.0
20170124,13,O3_24h,湖州,102.0
20170124,13,O3_8h,湖州,59.0
20170124,13,O3_8h_24h,湖州,59.0
20170124,13,CO,湖州,0.7
20170124,13,CO_24h,湖州,0.8
20170124,14,AQI,湖州,53.0
20170124,14,PM2.5,湖州,31.0
20170124,14,PM2.5_24h,湖州,33.0
20170124,14,PM10,湖州,55.0
20170124,14,PM10_24h,湖州,49.0
20170124,14,SO2,湖州,19.0
20170124,14,SO2_24h,湖州,16.0
20170124,14,NO2,湖州,20.0
20170124,14,NO2_24h,湖州,32.0
20170124,14,O3,湖州,97.0
20170124,14,O3_24h,湖州,102.0
20170124,14,O3_8h,湖州,65.0
20170124,14,O3_8h_24h,湖州,65.0
20170124,14,CO,湖州,0.7
20170124,14,CO_24h,湖州,0.8
20170124,15,AQI,湖州,57.0
20170124,15,PM2.5,湖州,28.0
20170124,15,PM2.5_24h,湖州,33.0
20170124,15,PM10,湖州,63.0
20170124,15,PM10_24h,湖州,47.0
20170124,15,SO2,湖州,17.0
20170124,15,SO2_24h,湖州,15.0
20170124,15,NO2,湖州,19.0
20170124,15,NO2_24h,湖州,31.0
20170124,15,O3,湖州,101.0
20170124,15,O3_24h,湖州,102.0
20170124,15,O3_8h,湖州,72.0
20170124,15,O3_8h_24h,湖州,72.0
20170124,15,CO,湖州,0.7
20170124,15,CO_24h,湖州,0.8
20170124,16,AQI,湖州,53.0
20170124,16,PM2.5,湖州,28.0
20170124,16,PM2.5_24h,湖州,32.0
20170124,16,PM10,湖州,55.0
20170124,16,PM10_24h,湖州,46.0
20170124,16,SO2,湖州,16.0
20170124,16,SO2_24h,湖州,15.0
20170124,16,NO2,湖州,21.0
20170124,16,NO2_24h,湖州,31.0
20170124,16,O3,湖州,99.0
20170124,16,O3_24h,湖州,101.0
20170124,16,O3_8h,湖州,81.0
20170124,16,O3_8h_24h,湖州,81.0
20170124,16,CO,湖州,0.7
20170124,16,CO_24h,湖州,0.8
20170124,17,AQI,湖州,40.0
20170124,17,PM2.5,湖州,28.0
20170124,17,PM2.5_24h,湖州,32.0
20170124,17,PM10,湖州,40.0
20170124,17,PM10_24h,湖州,45.0
20170124,17,SO2,湖州,16.0
20170124,17,SO2_24h,湖州,15.0
20170124,17,NO2,湖州,25.0
20170124,17,NO2_24h,湖州,31.0
20170124,17,O3,湖州,92.0
20170124,17,O3_24h,湖州,101.0
20170124,17,O3_8h,湖州,87.0
20170124,17,O3_8h_24h,湖州,87.0
20170124,17,CO,湖州,0.7
20170124,17,CO_24h,湖州,0.8
20170124,18,AQI,湖州,41.0
20170124,18,PM2.5,湖州,29.0
20170124,18,PM2.5_24h,湖州,32.0
20170124,18,PM10,湖州,35.0
20170124,18,PM10_24h,湖州,45.0
20170124,18,SO2,湖州,16.0
20170124,18,SO2_24h,湖州,15.0
20170124,18,NO2,湖州,30.0
20170124,18,NO2_24h,湖州,31.0
20170124,18,O3,湖州,85.0
20170124,18,O3_24h,湖州,101.0
20170124,18,O3_8h,湖州,90.0
20170124,18,O3_8h_24h,湖州,90.0
20170124,18,CO,湖州,0.8
20170124,18,CO_24h,湖州,0.8
20170124,19,AQI,湖州,43.0
20170124,19,PM2.5,湖州,30.0
20170124,19,PM2.5_24h,湖州,31.0
20170124,19,PM10,湖州,39.0
20170124,19,PM10_24h,湖州,45.0
20170124,19,SO2,湖州,16.0
20170124,19,SO2_24h,湖州,16.0
20170124,19,NO2,湖州,29.0
20170124,19,NO2_24h,湖州,30.0
20170124,19,O3,湖州,79.0
20170124,19,O3_24h,湖州,101.0
20170124,19,O3_8h,湖州,91.0
20170124,19,O3_8h_24h,湖州,91.0
20170124,19,CO,湖州,0.8
20170124,19,CO_24h,湖州,0.8
20170124,20,AQI,湖州,43.0
20170124,20,PM2.5,湖州,30.0
20170124,20,PM2.5_24h,湖州,31.0
20170124,20,PM10,湖州,33.0
20170124,20,PM10_24h,湖州,44.0
20170124,20,SO2,湖州,16.0
20170124,20,SO2_24h,湖州,15.0
20170124,20,NO2,湖州,28.0
20170124,20,NO2_24h,湖州,29.0
20170124,20,O3,湖州,76.0
20170124,20,O3_24h,湖州,101.0
20170124,20,O3_8h,湖州,90.0
20170124,20,O3_8h_24h,湖州,91.0
20170124,20,CO,湖州,0.8
20170124,20,CO_24h,湖州,0.8
20170124,21,AQI,湖州,46.0
20170124,21,PM2.5,湖州,32.0
20170124,21,PM2.5_24h,湖州,31.0
20170124,21,PM10,湖州,32.0
20170124,21,PM10_24h,湖州,44.0
20170124,21,SO2,湖州,14.0
20170124,21,SO2_24h,湖州,15.0
20170124,21,NO2,湖州,31.0
20170124,21,NO2_24h,湖州,29.0
20170124,21,O3,湖州,65.0
20170124,21,O3_24h,湖州,101.0
20170124,21,O3_8h,湖州,87.0
20170124,21,O3_8h_24h,湖州,91.0
20170124,21,CO,湖州,0.8
20170124,21,CO_24h,湖州,0.8
20170124,22,AQI,湖州,46.0
20170124,22,PM2.5,湖州,32.0
20170124,22,PM2.5_24h,湖州,30.0
20170124,22,PM10,湖州,40.0
20170124,22,PM10_24h,湖州,44.0
20170124,22,SO2,湖州,15.0
20170124,22,SO2_24h,湖州,15.0
20170124,22,NO2,湖州,32.0
20170124,22,NO2_24h,湖州,28.0
20170124,22,O3,湖州,60.0
20170124,22,O3_24h,湖州,101.0
20170124,22,O3_8h,湖州,82.0
20170124,22,O3_8h_24h,湖州,91.0
20170124,22,CO,湖州,0.8
20170124,22,CO_24h,湖州,0.8
20170124,23,AQI,湖州,47.0
20170124,23,PM2.5,湖州,33.0
20170124,23,PM2.5_24h,湖州,30.0
20170124,23,PM10,湖州,44.0
20170124,23,PM10_24h,湖州,44.0
20170124,23,SO2,湖州,15.0
20170124,23,SO2_24h,湖州,15.0
20170124,23,NO2,湖州,32.0
20170124,23,NO2_24h,湖州,28.0
20170124,23,O3,湖州,57.0
20170124,23,O3_24h,湖州,101.0
20170124,23,O3_8h,湖州,77.0
20170124,23,O3_8h_24h,湖州,91.0
20170124,23,CO,湖州,0.8
20170124,23,CO_24h,湖州,0.8
20170124,0,AQI,嘉兴,31.0
20170124,0,PM2.5,嘉兴,18.0
20170124,0,PM2.5_24h,嘉兴,33.0
20170124,0,PM10,嘉兴,31.0
20170124,0,PM10_24h,嘉兴,53.0
20170124,0,SO2,嘉兴,6.0
20170124,0,SO2_24h,嘉兴,11.0
20170124,0,NO2,嘉兴,23.0
20170124,0,NO2_24h,嘉兴,42.0
20170124,0,O3,嘉兴,61.0
20170124,0,O3_24h,嘉兴,94.0
20170124,0,O3_8h,嘉兴,56.0
20170124,0,O3_8h_24h,嘉兴,85.0
20170124,0,CO,嘉兴,0.45
20170124,0,CO_24h,嘉兴,0.6
20170124,1,AQI,嘉兴,46.0
20170124,1,PM2.5,嘉兴,15.0
20170124,1,PM2.5_24h,嘉兴,32.0
20170124,1,PM10,嘉兴,46.0
20170124,1,PM10_24h,嘉兴,52.0
20170124,1,SO2,嘉兴,6.0
20170124,1,SO2_24h,嘉兴,10.0
20170124,1,NO2,嘉兴,23.0
20170124,1,NO2_24h,嘉兴,40.0
20170124,1,O3,嘉兴,59.0
20170124,1,O3_24h,嘉兴,94.0
20170124,1,O3_8h,嘉兴,59.0
20170124,1,O3_8h_24h,嘉兴,59.0
20170124,1,CO,嘉兴,0.45
20170124,1,CO_24h,嘉兴,0.6
20170124,2,AQI,嘉兴,35.0
20170124,2,PM2.5,嘉兴,14.0
20170124,2,PM2.5_24h,嘉兴,32.0
20170124,2,PM10,嘉兴,35.0
20170124,2,PM10_24h,嘉兴,51.0
20170124,2,SO2,嘉兴,6.0
20170124,2,SO2_24h,嘉兴,10.0
20170124,2,NO2,嘉兴,22.0
20170124,2,NO2_24h,嘉兴,38.0
20170124,2,O3,嘉兴,59.0
20170124,2,O3_24h,嘉兴,94.0
20170124,2,O3_8h,嘉兴,59.0
20170124,2,O3_8h_24h,嘉兴,60.0
20170124,2,CO,嘉兴,0.45
20170124,2,CO_24h,嘉兴,0.6
20170124,3,AQI,嘉兴,29.0
20170124,3,PM2.5,嘉兴,13.0
20170124,3,PM2.5_24h,嘉兴,31.0
20170124,3,PM10,嘉兴,29.0
20170124,3,PM10_24h,嘉兴,50.0
20170124,3,SO2,嘉兴,6.0
20170124,3,SO2_24h,嘉兴,10.0
20170124,3,NO2,嘉兴,21.0
20170124,3,NO2_24h,嘉兴,37.0
20170124,3,O3,嘉兴,58.0
20170124,3,O3_24h,嘉兴,94.0
20170124,3,O3_8h,嘉兴,58.0
20170124,3,O3_8h_24h,嘉兴,60.0
20170124,3,CO,嘉兴,0.45
20170124,3,CO_24h,嘉兴,0.55
20170124,4,AQI,嘉兴,34.0
20170124,4,PM2.5,嘉兴,16.0
20170124,4,PM2.5_24h,嘉兴,31.0
20170124,4,PM10,嘉兴,34.0
20170124,4,PM10_24h,嘉兴,50.0
20170124,4,SO2,嘉兴,6.0
20170124,4,SO2_24h,嘉兴,10.0
20170124,4,NO2,嘉兴,22.0
20170124,4,NO2_24h,嘉兴,36.0
20170124,4,O3,嘉兴,55.0
20170124,4,O3_24h,嘉兴,94.0
20170124,4,O3_8h,嘉兴,58.0
20170124,4,O3_8h_24h,嘉兴,60.0
20170124,4,CO,嘉兴,0.45
20170124,4,CO_24h,嘉兴,0.55
20170124,5,AQI,嘉兴,26.0
20170124,5,PM2.5,嘉兴,15.0
20170124,5,PM2.5_24h,嘉兴,30.0
20170124,5,PM10,嘉兴,26.0
20170124,5,PM10_24h,嘉兴,48.0
20170124,5,SO2,嘉兴,6.0
20170124,5,SO2_24h,嘉兴,10.0
20170124,5,NO2,嘉兴,26.0
20170124,5,NO2_24h,嘉兴,35.0
20170124,5,O3,嘉兴,51.0
20170124,5,O3_24h,嘉兴,94.0
20170124,5,O3_8h,嘉兴,56.0
20170124,5,O3_8h_24h,嘉兴,60.0
20170124,5,CO,嘉兴,0.45
20170124,5,CO_24h,嘉兴,0.55
20170124,6,AQI,嘉兴,30.0
20170124,6,PM2.5,嘉兴,14.0
20170124,6,PM2.5_24h,嘉兴,30.0
20170124,6,PM10,嘉兴,30.0
20170124,6,PM10_24h,嘉兴,48.0
20170124,6,SO2,嘉兴,7.0
20170124,6,SO2_24h,嘉兴,10.0
20170124,6,NO2,嘉兴,32.0
20170124,6,NO2_24h,嘉兴,34.0
20170124,6,O3,嘉兴,46.0
20170124,6,O3_24h,嘉兴,94.0
20170124,6,O3_8h,嘉兴,55.0
20170124,6,O3_8h_24h,嘉兴,60.0
20170124,6,CO,嘉兴,0.5
20170124,6,CO_24h,嘉兴,0.55
20170124,7,AQI,嘉兴,28.0
20170124,7,PM2.5,嘉兴,15.0
20170124,7,PM2.5_24h,嘉兴,29.0
20170124,7,PM10,嘉兴,28.0
20170124,7,PM10_24h,嘉兴,47.0
20170124,7,SO2,嘉兴,7.0
20170124,7,SO2_24h,嘉兴,10.0
20170124,7,NO2,嘉兴,42.0
20170124,7,NO2_24h,嘉兴,34.0
20170124,7,O3,嘉兴,37.0
20170124,7,O3_24h,嘉兴,94.0
20170124,7,O3_8h,嘉兴,52.0
20170124,7,O3_8h_24h,嘉兴,60.0
20170124,7,CO,嘉兴,0.55
20170124,7,CO_24h,嘉兴,0.55
20170124,8,AQI,嘉兴,35.0
20170124,8,PM2.5,嘉兴,21.0
20170124,8,PM2.5_24h,嘉兴,29.0
20170124,8,PM10,嘉兴,35.0
20170124,8,PM10_24h,嘉兴,47.0
20170124,8,SO2,嘉兴,8.0
20170124,8,SO2_24h,嘉兴,10.0
20170124,8,NO2,嘉兴,56.0
20170124,8,NO2_24h,嘉兴,34.0
20170124,8,O3,嘉兴,26.0
20170124,8,O3_24h,嘉兴,94.0
20170124,8,O3_8h,嘉兴,49.0
20170124,8,O3_8h_24h,嘉兴,60.0
20170124,8,CO,嘉兴,0.65
20170124,8,CO_24h,嘉兴,0.55
20170124,9,AQI,嘉兴,36.0
20170124,9,PM2.5,嘉兴,23.0
20170124,9,PM2.5_24h,嘉兴,29.0
20170124,9,PM10,嘉兴,36.0
20170124,9,PM10_24h,嘉兴,46.0
20170124,9,SO2,嘉兴,10.0
20170124,9,SO2_24h,嘉兴,10.0
20170124,9,NO2,嘉兴,42.0
20170124,9,NO2_24h,嘉兴,34.0
20170124,9,O3,嘉兴,44.0
20170124,9,O3_24h,嘉兴,94.0
20170124,9,O3_8h,嘉兴,47.0
20170124,9,O3_8h_24h,嘉兴,60.0
20170124,9,CO,嘉兴,0.6
20170124,9,CO_24h,嘉兴,0.55
20170124,10,AQI,嘉兴,35.0
20170124,10,PM2.5,嘉兴,22.0
20170124,10,PM2.5_24h,嘉兴,29.0
20170124,10,PM10,嘉兴,35.0
20170124,10,PM10_24h,嘉兴,46.0
20170124,10,SO2,嘉兴,10.0
20170124,10,SO2_24h,嘉兴,9.0
20170124,10,NO2,嘉兴,30.0
20170124,10,NO2_24h,嘉兴,34.0
20170124,10,O3,嘉兴,62.0
20170124,10,O3_24h,嘉兴,94.0
20170124,10,O3_8h,嘉兴,47.0
20170124,10,O3_8h_24h,嘉兴,60.0
20170124,10,CO,嘉兴,0.6
20170124,10,CO_24h,嘉兴,0.55
20170124,11,AQI,嘉兴,36.0
20170124,11,PM2.5,嘉兴,21.0
20170124,11,PM2.5_24h,嘉兴,28.0
20170124,11,PM10,嘉兴,36.0
20170124,11,PM10_24h,嘉兴,46.0
20170124,11,SO2,嘉兴,11.0
20170124,11,SO2_24h,嘉兴,9.0
20170124,11,NO2,嘉兴,25.0
20170124,11,NO2_24h,嘉兴,34.0
20170124,11,O3,嘉兴,69.0
20170124,11,O3_24h,嘉兴,94.0
20170124,11,O3_8h,嘉兴,49.0
20170124,11,O3_8h_24h,嘉兴,60.0
20170124,11,CO,嘉兴,0.5
20170124,11,CO_24h,嘉兴,0.55
20170124,12,AQI,嘉兴,36.0
20170124,12,PM2.5,嘉兴,21.0
20170124,12,PM2.5_24h,嘉兴,27.0
20170124,12,PM10,嘉兴,36.0
20170124,12,PM10_24h,嘉兴,45.0
20170124,12,SO2,嘉兴,12.0
20170124,12,SO2_24h,嘉兴,9.0
20170124,12,NO2,嘉兴,24.0
20170124,12,NO2_24h,嘉兴,34.0
20170124,12,O3,嘉兴,75.0
20170124,12,O3_24h,嘉兴,94.0
20170124,12,O3_8h,嘉兴,51.0
20170124,12,O3_8h_24h,嘉兴,60.0
20170124,12,CO,嘉兴,0.45
20170124,12,CO_24h,嘉兴,0.55
20170124,13,AQI,嘉兴,38.0
20170124,13,PM2.5,嘉兴,19.0
20170124,13,PM2.5_24h,嘉兴,27.0
20170124,13,PM10,嘉兴,38.0
20170124,13,PM10_24h,嘉兴,44.0
20170124,13,SO2,嘉兴,13.0
20170124,13,SO2_24h,嘉兴,9.0
20170124,13,NO2,嘉兴,19.0
20170124,13,NO2_24h,嘉兴,34.0
20170124,13,O3,嘉兴,83.0
20170124,13,O3_24h,嘉兴,94.0
20170124,13,O3_8h,嘉兴,55.0
20170124,13,O3_8h_24h,嘉兴,60.0
20170124,13,CO,嘉兴,0.45
20170124,13,CO_24h,嘉兴,0.5
20170124,14,AQI,嘉兴,41.0
20170124,14,PM2.5,嘉兴,20.0
20170124,14,PM2.5_24h,嘉兴,26.0
20170124,14,PM10,嘉兴,41.0
20170124,14,PM10_24h,嘉兴,43.0
20170124,14,SO2,嘉兴,14.0
20170124,14,SO2_24h,嘉兴,9.0
20170124,14,NO2,嘉兴,19.0
20170124,14,NO2_24h,嘉兴,34.0
20170124,14,O3,嘉兴,86.0
20170124,14,O3_24h,嘉兴,92.0
20170124,14,O3_8h,嘉兴,60.0
20170124,14,O3_8h_24h,嘉兴,61.0
20170124,14,CO,嘉兴,0.45
20170124,14,CO_24h,嘉兴,0.5
20170124,15,AQI,嘉兴,44.0
20170124,15,PM2.5,嘉兴,22.0
20170124,15,PM2.5_24h,嘉兴,26.0
20170124,15,PM10,嘉兴,44.0
20170124,15,PM10_24h,嘉兴,43.0
20170124,15,SO2,嘉兴,17.0
20170124,15,SO2_24h,嘉兴,9.0
20170124,15,NO2,嘉兴,23.0
20170124,15,NO2_24h,嘉兴,34.0
20170124,15,O3,嘉兴,87.0
20170124,15,O3_24h,嘉兴,91.0
20170124,15,O3_8h,嘉兴,66.0
20170124,15,O3_8h_24h,嘉兴,66.0
20170124,15,CO,嘉兴,0.5
20170124,15,CO_24h,嘉兴,0.5
20170124,16,AQI,嘉兴,48.0
20170124,16,PM2.5,嘉兴,25.0
20170124,16,PM2.5_24h,嘉兴,26.0
20170124,16,PM10,嘉兴,48.0
20170124,16,PM10_24h,嘉兴,43.0
20170124,16,SO2,嘉兴,16.0
20170124,16,SO2_24h,嘉兴,10.0
20170124,16,NO2,嘉兴,24.0
20170124,16,NO2_24h,嘉兴,34.0
20170124,16,O3,嘉兴,92.0
20170124,16,O3_24h,嘉兴,92.0
20170124,16,O3_8h,嘉兴,75.0
20170124,16,O3_8h_24h,嘉兴,75.0
20170124,16,CO,嘉兴,0.5
20170124,16,CO_24h,嘉兴,0.5
20170124,17,AQI,嘉兴,46.0
20170124,17,PM2.5,嘉兴,27.0
20170124,17,PM2.5_24h,嘉兴,25.0
20170124,17,PM10,嘉兴,46.0
20170124,17,PM10_24h,嘉兴,43.0
20170124,17,SO2,嘉兴,16.0
20170124,17,SO2_24h,嘉兴,10.0
20170124,17,NO2,嘉兴,29.0
20170124,17,NO2_24h,嘉兴,34.0
20170124,17,O3,嘉兴,88.0
20170124,17,O3_24h,嘉兴,92.0
20170124,17,O3_8h,嘉兴,80.0
20170124,17,O3_8h_24h,嘉兴,80.0
20170124,17,CO,嘉兴,0.5
20170124,17,CO_24h,嘉兴,0.5
20170124,18,AQI,嘉兴,52.0
20170124,18,PM2.5,嘉兴,30.0
20170124,18,PM2.5_24h,嘉兴,25.0
20170124,18,PM10,嘉兴,53.0
20170124,18,PM10_24h,嘉兴,43.0
20170124,18,SO2,嘉兴,14.0
20170124,18,SO2_24h,嘉兴,10.0
20170124,18,NO2,嘉兴,38.0
20170124,18,NO2_24h,嘉兴,34.0
20170124,18,O3,嘉兴,76.0
20170124,18,O3_24h,嘉兴,92.0
20170124,18,O3_8h,嘉兴,82.0
20170124,18,O3_8h_24h,嘉兴,82.0
20170124,18,CO,嘉兴,0.6
20170124,18,CO_24h,嘉兴,0.5
20170124,19,AQI,嘉兴,52.0
20170124,19,PM2.5,嘉兴,34.0
20170124,19,PM2.5_24h,嘉兴,25.0
20170124,19,PM10,嘉兴,54.0
20170124,19,PM10_24h,嘉兴,42.0
20170124,19,SO2,嘉兴,14.0
20170124,19,SO2_24h,嘉兴,10.0
20170124,19,NO2,嘉兴,35.0
20170124,19,NO2_24h,嘉兴,34.0
20170124,19,O3,嘉兴,76.0
20170124,19,O3_24h,嘉兴,92.0
20170124,19,O3_8h,嘉兴,83.0
20170124,19,O3_8h_24h,嘉兴,83.0
20170124,19,CO,嘉兴,0.6
20170124,19,CO_24h,嘉兴,0.5
20170124,20,AQI,嘉兴,54.0
20170124,20,PM2.5,嘉兴,38.0
20170124,20,PM2.5_24h,嘉兴,24.0
20170124,20,PM10,嘉兴,57.0
20170124,20,PM10_24h,嘉兴,42.0
20170124,20,SO2,嘉兴,13.0
20170124,20,SO2_24h,嘉兴,10.0
20170124,20,NO2,嘉兴,28.0
20170124,20,NO2_24h,嘉兴,33.0
20170124,20,O3,嘉兴,80.0
20170124,20,O3_24h,嘉兴,92.0
20170124,20,O3_8h,嘉兴,84.0
20170124,20,O3_8h_24h,嘉兴,84.0
20170124,20,CO,嘉兴,0.6
20170124,20,CO_24h,嘉兴,0.5
20170124,21,AQI,嘉兴,58.0
20170124,21,PM2.5,嘉兴,41.0
20170124,21,PM2.5_24h,嘉兴,24.0
20170124,21,PM10,嘉兴,60.0
20170124,21,PM10_24h,嘉兴,42.0
20170124,21,SO2,嘉兴,11.0
20170124,21,SO2_24h,嘉兴,10.0
20170124,21,NO2,嘉兴,26.0
20170124,21,NO2_24h,嘉兴,31.0
20170124,21,O3,嘉兴,80.0
20170124,21,O3_24h,嘉兴,92.0
20170124,21,O3_8h,嘉兴,83.0
20170124,21,O3_8h_24h,嘉兴,84.0
20170124,21,CO,嘉兴,0.65
20170124,21,CO_24h,嘉兴,0.5
20170124,22,AQI,嘉兴,75.0
20170124,22,PM2.5,嘉兴,55.0
20170124,22,PM2.5_24h,嘉兴,24.0
20170124,22,PM10,嘉兴,67.0
20170124,22,PM10_24h,嘉兴,41.0
20170124,22,SO2,嘉兴,11.0
20170124,22,SO2_24h,嘉兴,10.0
20170124,22,NO2,嘉兴,26.0
20170124,22,NO2_24h,嘉兴,29.0
20170124,22,O3,嘉兴,79.0
20170124,22,O3_24h,嘉兴,92.0
20170124,22,O3_8h,嘉兴,82.0
20170124,22,O3_8h_24h,嘉兴,84.0
20170124,22,CO,嘉兴,0.75
20170124,22,CO_24h,嘉兴,0.5
20170124,23,AQI,嘉兴,76.0
20170124,23,PM2.5,嘉兴,56.0
20170124,23,PM2.5_24h,嘉兴,25.0
20170124,23,PM10,嘉兴,70.0
20170124,23,PM10_24h,嘉兴,43.0
20170124,23,SO2,嘉兴,10.0
20170124,23,SO2_24h,嘉兴,11.0
20170124,23,NO2,嘉兴,25.0
20170124,23,NO2_24h,嘉兴,28.0
20170124,23,O3,嘉兴,79.0
20170124,23,O3_24h,嘉兴,92.0
20170124,23,O3_8h,嘉兴,81.0
20170124,23,O3_8h_24h,嘉兴,84.0
20170124,23,CO,嘉兴,0.75
20170124,23,CO_24h,嘉兴,0.5
20170124,0,AQI,台州,50.0
20170124,0,PM2.5,台州,21.0
20170124,0,PM2.5_24h,台州,43.0
20170124,0,PM10,台州,50.0
20170124,0,PM10_24h,台州,77.0
20170124,0,SO2,台州,6.0
20170124,0,SO2_24h,台州,11.0
20170124,0,NO2,台州,16.0
20170124,0,NO2_24h,台州,22.0
20170124,0,O3,台州,65.0
20170124,0,O3_24h,台州,104.0
20170124,0,O3_8h,台州,75.0
20170124,0,O3_8h_24h,台州,90.0
20170124,0,CO,台州,0.63
20170124,0,CO_24h,台州,0.77
20170124,1,AQI,台州,45.0
20170124,1,PM2.5,台州,22.0
20170124,1,PM2.5_24h,台州,42.0
20170124,1,PM10,台州,45.0
20170124,1,PM10_24h,台州,74.0
20170124,1,SO2,台州,6.0
20170124,1,SO2_24h,台州,10.0
20170124,1,NO2,台州,14.0
20170124,1,NO2_24h,台州,22.0
20170124,1,O3,台州,62.0
20170124,1,O3_24h,台州,104.0
20170124,1,O3_8h,台州,62.0
20170124,1,O3_8h_24h,台州,62.0
20170124,1,CO,台州,0.63
20170124,1,CO_24h,台州,0.77
20170124,2,AQI,台州,44.0
20170124,2,PM2.5,台州,22.0
20170124,2,PM2.5_24h,台州,40.0
20170124,2,PM10,台州,44.0
20170124,2,PM10_24h,台州,72.0
20170124,2,SO2,台州,5.0
20170124,2,SO2_24h,台州,10.0
20170124,2,NO2,台州,16.0
20170124,2,NO2_24h,台州,21.0
20170124,2,O3,台州,55.0
20170124,2,O3_24h,台州,104.0
20170124,2,O3_8h,台州,59.0
20170124,2,O3_8h_24h,台州,62.0
20170124,2,CO,台州,0.63
20170124,2,CO_24h,台州,0.77
20170124,3,AQI,台州,48.0
20170124,3,PM2.5,台州,27.0
20170124,3,PM2.5_24h,台州,39.0
20170124,3,PM10,台州,48.0
20170124,3,PM10_24h,台州,70.0
20170124,3,SO2,台州,7.0
20170124,3,SO2_24h,台州,10.0
20170124,3,NO2,台州,20.0
20170124,3,NO2_24h,台州,21.0
20170124,3,O3,台州,43.0
20170124,3,O3_24h,台州,104.0
20170124,3,O3_8h,台州,53.0
20170124,3,O3_8h_24h,台州,62.0
20170124,3,CO,台州,0.7
20170124,3,CO_24h,台州,0.73
20170124,4,AQI,台州,48.0
20170124,4,PM2.5,台州,28.0
20170124,4,PM2.5_24h,台州,37.0
20170124,4,PM10,台州,48.0
20170124,4,PM10_24h,台州,68.0
20170124,4,SO2,台州,7.0
20170124,4,SO2_24h,台州,10.0
20170124,4,NO2,台州,17.0
20170124,4,NO2_24h,台州,20.0
20170124,4,O3,台州,47.0
20170124,4,O3_24h,台州,104.0
20170124,4,O3_8h,台州,52.0
20170124,4,O3_8h_24h,台州,62.0
20170124,4,CO,台州,0.67
20170124,4,CO_24h,台州,0.7
20170124,5,AQI,台州,52.0
20170124,5,PM2.5,台州,34.0
20170124,5,PM2.5_24h,台州,36.0
20170124,5,PM10,台州,53.0
20170124,5,PM10_24h,台州,66.0
20170124,5,SO2,台州,8.0
20170124,5,SO2_24h,台州,10.0
20170124,5,NO2,台州,16.0
20170124,5,NO2_24h,台州,20.0
20170124,5,O3,台州,47.0
20170124,5,O3_24h,台州,104.0
20170124,5,O3_8h,台州,51.0
20170124,5,O3_8h_24h,台州,62.0
20170124,5,CO,台州,0.7
20170124,5,CO_24h,台州,0.7
20170124,6,AQI,台州,53.0
20170124,6,PM2.5,台州,37.0
20170124,6,PM2.5_24h,台州,35.0
20170124,6,PM10,台州,55.0
20170124,6,PM10_24h,台州,64.0
20170124,6,SO2,台州,9.0
20170124,6,SO2_24h,台州,10.0
20170124,6,NO2,台州,16.0
20170124,6,NO2_24h,台州,20.0
20170124,6,O3,台州,46.0
20170124,6,O3_24h,台州,104.0
20170124,6,O3_8h,台州,50.0
20170124,6,O3_8h_24h,台州,62.0
20170124,6,CO,台州,0.73
20170124,6,CO_24h,台州,0.7
20170124,7,AQI,台州,61.0
20170124,7,PM2.5,台州,42.0
20170124,7,PM2.5_24h,台州,34.0
20170124,7,PM10,台州,71.0
20170124,7,PM10_24h,台州,63.0
20170124,7,SO2,台州,10.0
20170124,7,SO2_24h,台州,10.0
20170124,7,NO2,台州,25.0
20170124,7,NO2_24h,台州,19.0
20170124,7,O3,台州,34.0
20170124,7,O3_24h,台州,104.0
20170124,7,O3_8h,台州,48.0
20170124,7,O3_8h_24h,台州,62.0
20170124,7,CO,台州,0.77
20170124,7,CO_24h,台州,0.7
20170124,8,AQI,台州,59.0
20170124,8,PM2.5,台州,40.0
20170124,8,PM2.5_24h,台州,33.0
20170124,8,PM10,台州,67.0
20170124,8,PM10_24h,台州,60.0
20170124,8,SO2,台州,10.0
20170124,8,SO2_24h,台州,10.0
20170124,8,NO2,台州,29.0
20170124,8,NO2_24h,台州,19.0
20170124,8,O3,台州,30.0
20170124,8,O3_24h,台州,104.0
20170124,8,O3_8h,台州,46.0
20170124,8,O3_8h_24h,台州,62.0
20170124,8,CO,台州,0.8
20170124,8,CO_24h,台州,0.7
20170124,9,AQI,台州,53.0
20170124,9,PM2.5,台州,37.0
20170124,9,PM2.5_24h,台州,32.0
20170124,9,PM10,台州,55.0
20170124,9,PM10_24h,台州,58.0
20170124,9,SO2,台州,10.0
20170124,9,SO2_24h,台州,10.0
20170124,9,NO2,台州,24.0
20170124,9,NO2_24h,台州,18.0
20170124,9,O3,台州,43.0
20170124,9,O3_24h,台州,104.0
20170124,9,O3_8h,台州,43.0
20170124,9,O3_8h_24h,台州,62.0
20170124,9,CO,台州,0.83
20170124,9,CO_24h,台州,0.67
20170124,10,AQI,台州,52.0
20170124,10,PM2.5,台州,32.0
20170124,10,PM2.5_24h,台州,31.0
20170124,10,PM10,台州,53.0
20170124,10,PM10_24h,台州,56.0
20170124,10,SO2,台州,14.0
20170124,10,SO2_24h,台州,10.0
20170124,10,NO2,台州,24.0
20170124,10,NO2_24h,台州,18.0
20170124,10,O3,台州,51.0
20170124,10,O3_24h,台州,104.0
20170124,10,O3_8h,台州,43.0
20170124,10,O3_8h_24h,台州,62.0
20170124,10,CO,台州,0.8
20170124,10,CO_24h,台州,0.67
20170124,11,AQI,台州,46.0
20170124,11,PM2.5,台州,25.0
20170124,11,PM2.5_24h,台州,30.0
20170124,11,PM10,台州,46.0
20170124,11,PM10_24h,台州,55.0
20170124,11,SO2,台州,11.0
20170124,11,SO2_24h,台州,10.0
20170124,11,NO2,台州,16.0
20170124,11,NO2_24h,台州,18.0
20170124,11,O3,台州,66.0
20170124,11,O3_24h,台州,104.0
20170124,11,O3_8h,台州,45.0
20170124,11,O3_8h_24h,台州,62.0
20170124,11,CO,台州,0.7
20170124,11,CO_24h,台州,0.67
20170124,12,AQI,台州,42.0
20170124,12,PM2.5,台州,20.0
20170124,12,PM2.5_24h,台州,30.0
20170124,12,PM10,台州,42.0
20170124,12,PM10_24h,台州,54.0
20170124,12,SO2,台州,9.0
20170124,12,SO2_24h,台州,9.0
20170124,12,NO2,台州,9.0
20170124,12,NO2_24h,台州,18.0
20170124,12,O3,台州,81.0
20170124,12,O3_24h,台州,104.0
20170124,12,O3_8h,台州,50.0
20170124,12,O3_8h_24h,台州,63.0
20170124,12,CO,台州,0.57
20170124,12,CO_24h,台州,0.67
20170124,13,AQI,台州,39.0
20170124,13,PM2.5,台州,17.0
20170124,13,PM2.5_24h,台州,29.0
20170124,13,PM10,台州,39.0
20170124,13,PM10_24h,台州,53.0
20170124,13,SO2,台州,8.0
20170124,13,SO2_24h,台州,9.0
20170124,13,NO2,台州,7.0
20170124,13,NO2_24h,台州,17.0
20170124,13,O3,台州,89.0
20170124,13,O3_24h,台州,104.0
20170124,13,O3_8h,台州,55.0
20170124,13,O3_8h_24h,台州,65.0
20170124,13,CO,台州,0.5
20170124,13,CO_24h,台州,0.67
20170124,14,AQI,台州,38.0
20170124,14,PM2.5,台州,16.0
20170124,14,PM2.5_24h,台州,28.0
20170124,14,PM10,台州,38.0
20170124,14,PM10_24h,台州,51.0
20170124,14,SO2,台州,8.0
20170124,14,SO2_24h,台州,9.0
20170124,14,NO2,台州,6.0
20170124,14,NO2_24h,台州,17.0
20170124,14,O3,台州,96.0
20170124,14,O3_24h,台州,104.0
20170124,14,O3_8h,台州,61.0
20170124,14,O3_8h_24h,台州,67.0
20170124,14,CO,台州,0.5
20170124,14,CO_24h,台州,0.67
20170124,15,AQI,台州,37.0
20170124,15,PM2.5,台州,16.0
20170124,15,PM2.5_24h,台州,27.0
20170124,15,PM10,台州,37.0
20170124,15,PM10_24h,台州,50.0
20170124,15,SO2,台州,9.0
20170124,15,SO2_24h,台州,9.0
20170124,15,NO2,台州,7.0
20170124,15,NO2_24h,台州,17.0
20170124,15,O3,台州,98.0
20170124,15,O3_24h,台州,102.0
20170124,15,O3_8h,台州,69.0
20170124,15,O3_8h_24h,台州,71.0
20170124,15,CO,台州,0.5
20170124,15,CO_24h,台州,0.67
20170124,16,AQI,台州,39.0
20170124,16,PM2.5,台州,17.0
20170124,16,PM2.5_24h,台州,26.0
20170124,16,PM10,台州,39.0
20170124,16,PM10_24h,台州,49.0
20170124,16,SO2,台州,8.0
20170124,16,SO2_24h,台州,8.0
20170124,16,NO2,台州,8.0
20170124,16,NO2_24h,台州,16.0
20170124,16,O3,台州,94.0
20170124,16,O3_24h,台州,98.0
20170124,16,O3_8h,台州,77.0
20170124,16,O3_8h_24h,台州,77.0
20170124,16,CO,台州,0.47
20170124,16,CO_24h,台州,0.67
20170124,17,AQI,台州,47.0
20170124,17,PM2.5,台州,20.0
20170124,17,PM2.5_24h,台州,25.0
20170124,17,PM10,台州,47.0
20170124,17,PM10_24h,台州,48.0
20170124,17,SO2,台州,8.0
20170124,17,SO2_24h,台州,8.0
20170124,17,NO2,台州,10.0
20170124,17,NO2_24h,台州,16.0
20170124,17,O3,台州,91.0
20170124,17,O3_24h,台州,98.0
20170124,17,O3_8h,台州,83.0
20170124,17,O3_8h_24h,台州,83.0
20170124,17,CO,台州,0.5
20170124,17,CO_24h,台州,0.67
20170124,18,AQI,台州,56.0
20170124,18,PM2.5,台州,24.0
20170124,18,PM2.5_24h,台州,25.0
20170124,18,PM10,台州,61.0
20170124,18,PM10_24h,台州,48.0
20170124,18,SO2,台州,9.0
20170124,18,SO2_24h,台州,8.0
20170124,18,NO2,台州,16.0
20170124,18,NO2_24h,台州,16.0
20170124,18,O3,台州,84.0
20170124,18,O3_24h,台州,98.0
20170124,18,O3_8h,台州,87.0
20170124,18,O3_8h_24h,台州,87.0
20170124,18,CO,台州,0.6
20170124,18,CO_24h,台州,0.67
20170124,19,AQI,台州,55.0
20170124,19,PM2.5,台州,24.0
20170124,19,PM2.5_24h,台州,25.0
20170124,19,PM10,台州,59.0
20170124,19,PM10_24h,台州,48.0
20170124,19,SO2,台州,7.0
20170124,19,SO2_24h,台州,8.0
20170124,19,NO2,台州,13.0
20170124,19,NO2_24h,台州,15.0
20170124,19,O3,台州,87.0
20170124,19,O3_24h,台州,98.0
20170124,19,O3_8h,台州,90.0
20170124,19,O3_8h_24h,台州,90.0
20170124,19,CO,台州,0.57
20170124,19,CO_24h,台州,0.67
20170124,20,AQI,台州,55.0
20170124,20,PM2.5,台州,28.0
20170124,20,PM2.5_24h,台州,26.0
20170124,20,PM10,台州,60.0
20170124,20,PM10_24h,台州,49.0
20170124,20,SO2,台州,8.0
20170124,20,SO2_24h,台州,8.0
20170124,20,NO2,台州,10.0
20170124,20,NO2_24h,台州,15.0
20170124,20,O3,台州,89.0
20170124,20,O3_24h,台州,98.0
20170124,20,O3_8h,台州,91.0
20170124,20,O3_8h_24h,台州,91.0
20170124,20,CO,台州,0.6
20170124,20,CO_24h,台州,0.67
20170124,21,AQI,台州,53.0
20170124,21,PM2.5,台州,26.0
20170124,21,PM2.5_24h,台州,26.0
20170124,21,PM10,台州,56.0
20170124,21,PM10_24h,台州,49.0
20170124,21,SO2,台州,8.0
20170124,21,SO2_24h,台州,8.0
20170124,21,NO2,台州,11.0
20170124,21,NO2_24h,台州,15.0
20170124,21,O3,台州,87.0
20170124,21,O3_24h,台州,98.0
20170124,21,O3_8h,台州,91.0
20170124,21,O3_8h_24h,台州,91.0
20170124,21,CO,台州,0.63
20170124,21,CO_24h,台州,0.67
20170124,22,AQI,台州,52.0
20170124,22,PM2.5,台州,28.0
20170124,22,PM2.5_24h,台州,26.0
20170124,22,PM10,台州,54.0
20170124,22,PM10_24h,台州,50.0
20170124,22,SO2,台州,8.0
20170124,22,SO2_24h,台州,8.0
20170124,22,NO2,台州,17.0
20170124,22,NO2_24h,台州,15.0
20170124,22,O3,台州,75.0
20170124,22,O3_24h,台州,98.0
20170124,22,O3_8h,台州,88.0
20170124,22,O3_8h_24h,台州,91.0
20170124,22,CO,台州,0.67
20170124,22,CO_24h,台州,0.67
20170124,23,AQI,台州,52.0
20170124,23,PM2.5,台州,30.0
20170124,23,PM2.5_24h,台州,27.0
20170124,23,PM10,台州,54.0
20170124,23,PM10_24h,台州,50.0
20170124,23,SO2,台州,7.0
20170124,23,SO2_24h,台州,8.0
20170124,23,NO2,台州,18.0
20170124,23,NO2_24h,台州,15.0
20170124,23,O3,台州,69.0
20170124,23,O3_24h,台州,98.0
20170124,23,O3_8h,台州,85.0
20170124,23,O3_8h_24h,台州,91.0
20170124,23,CO,台州,0.73
20170124,23,CO_24h,台州,0.67
20170124,0,AQI,舟山,20.0
20170124,0,PM2.5,舟山,9.0
20170124,0,PM2.5_24h,舟山,15.0
20170124,0,PM10,舟山,15.0
20170124,0,PM10_24h,舟山,30.0
20170124,0,SO2,舟山,8.0
20170124,0,SO2_24h,舟山,11.0
20170124,0,NO2,舟山,11.0
20170124,0,NO2_24h,舟山,10.0
20170124,0,O3,舟山,63.0
20170124,0,O3_24h,舟山,101.0
20170124,0,O3_8h,舟山,83.0
20170124,0,O3_8h_24h,舟山,95.0
20170124,0,CO,舟山,0.73
20170124,0,CO_24h,舟山,0.77
20170124,1,AQI,舟山,17.0
20170124,1,PM2.5,舟山,9.0
20170124,1,PM2.5_24h,舟山,15.0
20170124,1,PM10,舟山,16.0
20170124,1,PM10_24h,舟山,29.0
20170124,1,SO2,舟山,8.0
20170124,1,SO2_24h,舟山,11.0
20170124,1,NO2,舟山,13.0
20170124,1,NO2_24h,舟山,10.0
20170124,1,O3,舟山,55.0
20170124,1,O3_24h,舟山,101.0
20170124,1,O3_8h,舟山,55.0
20170124,1,O3_8h_24h,舟山,55.0
20170124,1,CO,舟山,0.73
20170124,1,CO_24h,舟山,0.77
20170124,2,AQI,舟山,18.0
20170124,2,PM2.5,舟山,9.0
20170124,2,PM2.5_24h,舟山,15.0
20170124,2,PM10,舟山,15.0
20170124,2,PM10_24h,舟山,29.0
20170124,2,SO2,舟山,8.0
20170124,2,SO2_24h,舟山,11.0
20170124,2,NO2,舟山,7.0
20170124,2,NO2_24h,舟山,10.0
20170124,2,O3,舟山,59.0
20170124,2,O3_24h,舟山,101.0
20170124,2,O3_8h,舟山,57.0
20170124,2,O3_8h_24h,舟山,57.0
20170124,2,CO,舟山,0.7
20170124,2,CO_24h,舟山,0.77
20170124,3,AQI,舟山,19.0
20170124,3,PM2.5,舟山,9.0
20170124,3,PM2.5_24h,舟山,15.0
20170124,3,PM10,舟山,15.0
20170124,3,PM10_24h,舟山,28.0
20170124,3,SO2,舟山,8.0
20170124,3,SO2_24h,舟山,11.0
20170124,3,NO2,舟山,7.0
20170124,3,NO2_24h,舟山,10.0
20170124,3,O3,舟山,60.0
20170124,3,O3_24h,舟山,101.0
20170124,3,O3_8h,舟山,58.0
20170124,3,O3_8h_24h,舟山,58.0
20170124,3,CO,舟山,0.67
20170124,3,CO_24h,舟山,0.77
20170124,4,AQI,舟山,19.0
20170124,4,PM2.5,舟山,9.0
20170124,4,PM2.5_24h,舟山,15.0
20170124,4,PM10,舟山,16.0
20170124,4,PM10_24h,舟山,27.0
20170124,4,SO2,舟山,8.0
20170124,4,SO2_24h,舟山,10.0
20170124,4,NO2,舟山,6.0
20170124,4,NO2_24h,舟山,10.0
20170124,4,O3,舟山,61.0
20170124,4,O3_24h,舟山,101.0
20170124,4,O3_8h,舟山,59.0
20170124,4,O3_8h_24h,舟山,59.0
20170124,4,CO,舟山,0.7
20170124,4,CO_24h,舟山,0.77
20170124,5,AQI,舟山,20.0
20170124,5,PM2.5,舟山,10.0
20170124,5,PM2.5_24h,舟山,14.0
20170124,5,PM10,舟山,20.0
20170124,5,PM10_24h,舟山,27.0
20170124,5,SO2,舟山,8.0
20170124,5,SO2_24h,舟山,10.0
20170124,5,NO2,舟山,8.0
20170124,5,NO2_24h,舟山,10.0
20170124,5,O3,舟山,57.0
20170124,5,O3_24h,舟山,101.0
20170124,5,O3_8h,舟山,58.0
20170124,5,O3_8h_24h,舟山,59.0
20170124,5,CO,舟山,0.7
20170124,5,CO_24h,舟山,0.77
20170124,6,AQI,舟山,24.0
20170124,6,PM2.5,舟山,12.0
20170124,6,PM2.5_24h,舟山,14.0
20170124,6,PM10,舟山,24.0
20170124,6,PM10_24h,舟山,26.0
20170124,6,SO2,舟山,9.0
20170124,6,SO2_24h,舟山,10.0
20170124,6,NO2,舟山,9.0
20170124,6,NO2_24h,舟山,10.0
20170124,6,O3,舟山,55.0
20170124,6,O3_24h,舟山,101.0
20170124,6,O3_8h,舟山,58.0
20170124,6,O3_8h_24h,舟山,59.0
20170124,6,CO,舟山,0.73
20170124,6,CO_24h,舟山,0.73
20170124,7,AQI,舟山,33.0
20170124,7,PM2.5,舟山,16.0
20170124,7,PM2.5_24h,舟山,14.0
20170124,7,PM10,舟山,33.0
20170124,7,PM10_24h,舟山,25.0
20170124,7,SO2,舟山,9.0
20170124,7,SO2_24h,舟山,10.0
20170124,7,NO2,舟山,19.0
20170124,7,NO2_24h,舟山,11.0
20170124,7,O3,舟山,45.0
20170124,7,O3_24h,舟山,101.0
20170124,7,O3_8h,舟山,56.0
20170124,7,O3_8h_24h,舟山,59.0
20170124,7,CO,舟山,0.83
20170124,7,CO_24h,舟山,0.73
20170124,8,AQI,舟山,35.0
20170124,8,PM2.5,舟山,17.0
20170124,8,PM2.5_24h,舟山,14.0
20170124,8,PM10,舟山,35.0
20170124,8,PM10_24h,舟山,25.0
20170124,8,SO2,舟山,9.0
20170124,8,SO2_24h,舟山,10.0
20170124,8,NO2,舟山,29.0
20170124,8,NO2_24h,舟山,11.0
20170124,8,O3,舟山,35.0
20170124,8,O3_24h,舟山,101.0
20170124,8,O3_8h,舟山,53.0
20170124,8,O3_8h_24h,舟山,59.0
20170124,8,CO,舟山,0.93
20170124,8,CO_24h,舟山,0.73
20170124,9,AQI,舟山,33.0
20170124,9,PM2.5,舟山,15.0
20170124,9,PM2.5_24h,舟山,13.0
20170124,9,PM10,舟山,33.0
20170124,9,PM10_24h,舟山,25.0
20170124,9,SO2,舟山,11.0
20170124,9,SO2_24h,舟山,10.0
20170124,9,NO2,舟山,29.0
20170124,9,NO2_24h,舟山,12.0
20170124,9,O3,舟山,49.0
20170124,9,O3_24h,舟山,101.0
20170124,9,O3_8h,舟山,53.0
20170124,9,O3_8h_24h,舟山,59.0
20170124,9,CO,舟山,1.0
20170124,9,CO_24h,舟山,0.73
20170124,10,AQI,舟山,26.0
20170124,10,PM2.5,舟山,13.0
20170124,10,PM2.5_24h,舟山,13.0
20170124,10,PM10,舟山,26.0
20170124,10,PM10_24h,舟山,25.0
20170124,10,SO2,舟山,13.0
20170124,10,SO2_24h,舟山,10.0
20170124,10,NO2,舟山,9.0
20170124,10,NO2_24h,舟山,12.0
20170124,10,O3,舟山,82.0
20170124,10,O3_24h,舟山,101.0
20170124,10,O3_8h,舟山,55.0
20170124,10,O3_8h_24h,舟山,59.0
20170124,10,CO,舟山,0.73
20170124,10,CO_24h,舟山,0.73
20170124,11,AQI,舟山,28.0
20170124,11,PM2.5,舟山,13.0
20170124,11,PM2.5_24h,舟山,13.0
20170124,11,PM10,舟山,25.0
20170124,11,PM10_24h,舟山,25.0
20170124,11,SO2,舟山,13.0
20170124,11,SO2_24h,舟山,10.0
20170124,11,NO2,舟山,6.0
20170124,11,NO2_24h,舟山,11.0
20170124,11,O3,舟山,91.0
20170124,11,O3_24h,舟山,101.0
20170124,11,O3_8h,舟山,59.0
20170124,11,O3_8h_24h,舟山,60.0
20170124,11,CO,舟山,0.73
20170124,11,CO_24h,舟山,0.73
20170124,12,AQI,舟山,29.0
20170124,12,PM2.5,舟山,14.0
20170124,12,PM2.5_24h,舟山,13.0
20170124,12,PM10,舟山,26.0
20170124,12,PM10_24h,舟山,25.0
20170124,12,SO2,舟山,13.0
20170124,12,SO2_24h,舟山,10.0
20170124,12,NO2,舟山,6.0
20170124,12,NO2_24h,舟山,11.0
20170124,12,O3,舟山,93.0
20170124,12,O3_24h,舟山,101.0
20170124,12,O3_8h,舟山,64.0
20170124,12,O3_8h_24h,舟山,64.0
20170124,12,CO,舟山,0.7
20170124,12,CO_24h,舟山,0.73
20170124,13,AQI,舟山,31.0
20170124,13,PM2.5,舟山,15.0
20170124,13,PM2.5_24h,舟山,13.0
20170124,13,PM10,舟山,29.0
20170124,13,PM10_24h,舟山,24.0
20170124,13,SO2,舟山,13.0
20170124,13,SO2_24h,舟山,10.0
20170124,13,NO2,舟山,6.0
20170124,13,NO2_24h,舟山,11.0
20170124,13,O3,舟山,98.0
20170124,13,O3_24h,舟山,101.0
20170124,13,O3_8h,舟山,69.0
20170124,13,O3_8h_24h,舟山,69.0
20170124,13,CO,舟山,0.73
20170124,13,CO_24h,舟山,0.73
20170124,14,AQI,舟山,34.0
20170124,14,PM2.5,舟山,17.0
20170124,14,PM2.5_24h,舟山,13.0
20170124,14,PM10,舟山,34.0
20170124,14,PM10_24h,舟山,24.0
20170124,14,SO2,舟山,13.0
20170124,14,SO2_24h,舟山,10.0
20170124,14,NO2,舟山,6.0
20170124,14,NO2_24h,舟山,11.0
20170124,14,O3,舟山,104.0
20170124,14,O3_24h,舟山,104.0
20170124,14,O3_8h,舟山,75.0
20170124,14,O3_8h_24h,舟山,75.0
20170124,14,CO,舟山,0.73
20170124,14,CO_24h,舟山,0.73
20170124,15,AQI,舟山,40.0
20170124,15,PM2.5,舟山,19.0
20170124,15,PM2.5_24h,舟山,13.0
20170124,15,PM10,舟山,40.0
20170124,15,PM10_24h,舟山,24.0
20170124,15,SO2,舟山,14.0
20170124,15,SO2_24h,舟山,10.0
20170124,15,NO2,舟山,6.0
20170124,15,NO2_24h,舟山,11.0
20170124,15,O3,舟山,107.0
20170124,15,O3_24h,舟山,107.0
20170124,15,O3_8h,舟山,83.0
20170124,15,O3_8h_24h,舟山,83.0
20170124,15,CO,舟山,0.73
20170124,15,CO_24h,舟山,0.73
20170124,16,AQI,舟山,44.0
20170124,16,PM2.5,舟山,21.0
20170124,16,PM2.5_24h,舟山,13.0
20170124,16,PM10,舟山,44.0
20170124,16,PM10_24h,舟山,24.0
20170124,16,SO2,舟山,14.0
20170124,16,SO2_24h,舟山,10.0
20170124,16,NO2,舟山,7.0
20170124,16,NO2_24h,舟山,11.0
20170124,16,O3,舟山,109.0
20170124,16,O3_24h,舟山,109.0
20170124,16,O3_8h,舟山,92.0
20170124,16,O3_8h_24h,舟山,92.0
20170124,16,CO,舟山,0.77
20170124,16,CO_24h,舟山,0.73
20170124,17,AQI,舟山,47.0
20170124,17,PM2.5,舟山,24.0
20170124,17,PM2.5_24h,舟山,13.0
20170124,17,PM10,舟山,47.0
20170124,17,PM10_24h,舟山,25.0
20170124,17,SO2,舟山,14.0
20170124,17,SO2_24h,舟山,10.0
20170124,17,NO2,舟山,8.0
20170124,17,NO2_24h,舟山,11.0
20170124,17,O3,舟山,109.0
20170124,17,O3_24h,舟山,109.0
20170124,17,O3_8h,舟山,99.0
20170124,17,O3_8h_24h,舟山,99.0
20170124,17,CO,舟山,0.77
20170124,17,CO_24h,舟山,0.73
20170124,18,AQI,舟山,54.0
20170124,18,PM2.5,舟山,28.0
20170124,18,PM2.5_24h,舟山,14.0
20170124,18,PM10,舟山,57.0
20170124,18,PM10_24h,舟山,27.0
20170124,18,SO2,舟山,14.0
20170124,18,SO2_24h,舟山,10.0
20170124,18,NO2,舟山,14.0
20170124,18,NO2_24h,舟山,11.0
20170124,18,O3,舟山,102.0
20170124,18,O3_24h,舟山,109.0
20170124,18,O3_8h,舟山,101.0
20170124,18,O3_8h_24h,舟山,101.0
20170124,18,CO,舟山,0.87
20170124,18,CO_24h,舟山,0.73
20170124,19,AQI,舟山,52.0
20170124,19,PM2.5,舟山,27.0
20170124,19,PM2.5_24h,舟山,14.0
20170124,19,PM10,舟山,53.0
20170124,19,PM10_24h,舟山,28.0
20170124,19,SO2,舟山,14.0
20170124,19,SO2_24h,舟山,11.0
20170124,19,NO2,舟山,15.0
20170124,19,NO2_24h,舟山,11.0
20170124,19,O3,舟山,98.0
20170124,19,O3_24h,舟山,109.0
20170124,19,O3_8h,舟山,102.0
20170124,19,O3_8h_24h,舟山,102.0
20170124,19,CO,舟山,0.83
20170124,19,CO_24h,舟山,0.73
20170124,20,AQI,舟山,51.0
20170124,20,PM2.5,舟山,27.0
20170124,20,PM2.5_24h,舟山,15.0
20170124,20,PM10,舟山,52.0
20170124,20,PM10_24h,舟山,29.0
20170124,20,SO2,舟山,13.0
20170124,20,SO2_24h,舟山,11.0
20170124,20,NO2,舟山,16.0
20170124,20,NO2_24h,舟山,11.0
20170124,20,O3,舟山,92.0
20170124,20,O3_24h,舟山,109.0
20170124,20,O3_8h,舟山,102.0
20170124,20,O3_8h_24h,舟山,103.0
20170124,20,CO,舟山,0.83
20170124,20,CO_24h,舟山,0.77
20170124,21,AQI,舟山,53.0
20170124,21,PM2.5,舟山,30.0
20170124,21,PM2.5_24h,舟山,16.0
20170124,21,PM10,舟山,55.0
20170124,21,PM10_24h,舟山,31.0
20170124,21,SO2,舟山,14.0
20170124,21,SO2_24h,舟山,11.0
20170124,21,NO2,舟山,15.0
20170124,21,NO2_24h,舟山,12.0
20170124,21,O3,舟山,91.0
20170124,21,O3_24h,舟山,109.0
20170124,21,O3_8h,舟山,102.0
20170124,21,O3_8h_24h,舟山,103.0
20170124,21,CO,舟山,0.8
20170124,21,CO_24h,舟山,0.77
20170124,22,AQI,舟山,53.0
20170124,22,PM2.5,舟山,31.0
20170124,22,PM2.5_24h,舟山,17.0
20170124,22,PM10,舟山,55.0
20170124,22,PM10_24h,舟山,33.0
20170124,22,SO2,舟山,13.0
20170124,22,SO2_24h,舟山,11.0
20170124,22,NO2,舟山,19.0
20170124,22,NO2_24h,舟山,12.0
20170124,22,O3,舟山,82.0
20170124,22,O3_24h,舟山,109.0
20170124,22,O3_8h,舟山,99.0
20170124,22,O3_8h_24h,舟山,103.0
20170124,22,CO,舟山,0.83
20170124,22,CO_24h,舟山,0.77
20170124,23,AQI,舟山,53.0
20170124,23,PM2.5,舟山,31.0
20170124,23,PM2.5_24h,舟山,18.0
20170124,23,PM10,舟山,55.0
20170124,23,PM10_24h,舟山,34.0
20170124,23,SO2,舟山,12.0
20170124,23,SO2_24h,舟山,11.0
20170124,23,NO2,舟山,20.0
20170124,23,NO2_24h,舟山,12.0
20170124,23,O3,舟山,75.0
20170124,23,O3_24h,舟山,109.0
20170124,23,O3_8h,舟山,95.0
20170124,23,O3_8h_24h,舟山,103.0
20170124,23,CO,舟山,0.9
20170124,23,CO_24h,舟山,0.77
20170124,0,AQI,金华,51.0
20170124,0,PM2.5,金华,36.0
20170124,0,PM2.5_24h,金华,53.0
20170124,0,PM10,金华,45.0
20170124,0,PM10_24h,金华,72.0
20170124,0,SO2,金华,12.0
20170124,0,SO2_24h,金华,16.0
20170124,0,NO2,金华,29.0
20170124,0,NO2_24h,金华,30.0
20170124,0,O3,金华,51.0
20170124,0,O3_24h,金华,97.0
20170124,0,O3_8h,金华,66.0
20170124,0,O3_8h_24h,金华,85.0
20170124,0,CO,金华,0.65
20170124,0,CO_24h,金华,0.8
20170124,1,AQI,金华,47.0
20170124,1,PM2.5,金华,33.0
20170124,1,PM2.5_24h,金华,52.0
20170124,1,PM10,金华,41.0
20170124,1,PM10_24h,金华,70.0
20170124,1,SO2,金华,11.0
20170124,1,SO2_24h,金华,16.0
20170124,1,NO2,金华,23.0
20170124,1,NO2_24h,金华,29.0
20170124,1,O3,金华,50.0
20170124,1,O3_24h,金华,97.0
20170124,1,O3_8h,金华,50.0
20170124,1,O3_8h_24h,金华,50.0
20170124,1,CO,金华,0.65
20170124,1,CO_24h,金华,0.8
20170124,2,AQI,金华,47.0
20170124,2,PM2.5,金华,33.0
20170124,2,PM2.5_24h,金华,50.0
20170124,2,PM10,金华,38.0
20170124,2,PM10_24h,金华,68.0
20170124,2,SO2,金华,10.0
20170124,2,SO2_24h,金华,15.0
20170124,2,NO2,金华,22.0
20170124,2,NO2_24h,金华,29.0
20170124,2,O3,金华,48.0
20170124,2,O3_24h,金华,97.0
20170124,2,O3_8h,金华,49.0
20170124,2,O3_8h_24h,金华,50.0
20170124,2,CO,金华,0.65
20170124,2,CO_24h,金华,0.8
20170124,3,AQI,金华,49.0
20170124,3,PM2.5,金华,34.0
20170124,3,PM2.5_24h,金华,48.0
20170124,3,PM10,金华,46.0
20170124,3,PM10_24h,金华,66.0
20170124,3,SO2,金华,9.0
20170124,3,SO2_24h,金华,15.0
20170124,3,NO2,金华,23.0
20170124,3,NO2_24h,金华,28.0
20170124,3,O3,金华,44.0
20170124,3,O3_24h,金华,97.0
20170124,3,O3_8h,金华,48.0
20170124,3,O3_8h_24h,金华,50.0
20170124,3,CO,金华,0.65
20170124,3,CO_24h,金华,0.8
20170124,4,AQI,金华,57.0
20170124,4,PM2.5,金华,38.0
20170124,4,PM2.5_24h,金华,47.0
20170124,4,PM10,金华,64.0
20170124,4,PM10_24h,金华,65.0
20170124,4,SO2,金华,8.0
20170124,4,SO2_24h,金华,15.0
20170124,4,NO2,金华,24.0
20170124,4,NO2_24h,金华,27.0
20170124,4,O3,金华,38.0
20170124,4,O3_24h,金华,97.0
20170124,4,O3_8h,金华,45.0
20170124,4,O3_8h_24h,金华,50.0
20170124,4,CO,金华,0.65
20170124,4,CO_24h,金华,0.8
20170124,5,AQI,金华,53.0
20170124,5,PM2.5,金华,37.0
20170124,5,PM2.5_24h,金华,46.0
20170124,5,PM10,金华,49.0
20170124,5,PM10_24h,金华,63.0
20170124,5,SO2,金华,8.0
20170124,5,SO2_24h,金华,15.0
20170124,5,NO2,金华,31.0
20170124,5,NO2_24h,金华,27.0
20170124,5,O3,金华,33.0
20170124,5,O3_24h,金华,97.0
20170124,5,O3_8h,金华,43.0
20170124,5,O3_8h_24h,金华,50.0
20170124,5,CO,金华,0.65
20170124,5,CO_24h,金华,0.8
20170124,6,AQI,金华,51.0
20170124,6,PM2.5,金华,36.0
20170124,6,PM2.5_24h,金华,44.0
20170124,6,PM10,金华,46.0
20170124,6,PM10_24h,金华,61.0
20170124,6,SO2,金华,8.0
20170124,6,SO2_24h,金华,15.0
20170124,6,NO2,金华,34.0
20170124,6,NO2_24h,金华,27.0
20170124,6,O3,金华,28.0
20170124,6,O3_24h,金华,97.0
20170124,6,O3_8h,金华,40.0
20170124,6,O3_8h_24h,金华,50.0
20170124,6,CO,金华,0.7
20170124,6,CO_24h,金华,0.75
20170124,7,AQI,金华,54.0
20170124,7,PM2.5,金华,38.0
20170124,7,PM2.5_24h,金华,43.0
20170124,7,PM10,金华,46.0
20170124,7,PM10_24h,金华,60.0
20170124,7,SO2,金华,8.0
20170124,7,SO2_24h,金华,15.0
20170124,7,NO2,金华,32.0
20170124,7,NO2_24h,金华,26.0
20170124,7,O3,金华,25.0
20170124,7,O3_24h,金华,97.0
20170124,7,O3_8h,金华,38.0
20170124,7,O3_8h_24h,金华,50.0
20170124,7,CO,金华,0.7
20170124,7,CO_24h,金华,0.75
20170124,8,AQI,金华,56.0
20170124,8,PM2.5,金华,40.0
20170124,8,PM2.5_24h,金华,42.0
20170124,8,PM10,金华,58.0
20170124,8,PM10_24h,金华,60.0
20170124,8,SO2,金华,9.0
20170124,8,SO2_24h,金华,14.0
20170124,8,NO2,金华,33.0
20170124,8,NO2_24h,金华,26.0
20170124,8,O3,金华,23.0
20170124,8,O3_24h,金华,97.0
20170124,8,O3_8h,金华,36.0
20170124,8,O3_8h_24h,金华,50.0
20170124,8,CO,金华,0.75
20170124,8,CO_24h,金华,0.7
20170124,9,AQI,金华,75.0
20170124,9,PM2.5,金华,55.0
20170124,9,PM2.5_24h,金华,41.0
20170124,9,PM10,金华,55.0
20170124,9,PM10_24h,金华,59.0
20170124,9,SO2,金华,9.0
20170124,9,SO2_24h,金华,14.0
20170124,9,NO2,金华,28.0
20170124,9,NO2_24h,金华,25.0
20170124,9,O3,金华,30.0
20170124,9,O3_24h,金华,97.0
20170124,9,O3_8h,金华,34.0
20170124,9,O3_8h_24h,金华,50.0
20170124,9,CO,金华,0.8
20170124,9,CO_24h,金华,0.7
20170124,10,AQI,金华,52.0
20170124,10,PM2.5,金华,36.0
20170124,10,PM2.5_24h,金华,40.0
20170124,10,PM10,金华,53.0
20170124,10,PM10_24h,金华,56.0
20170124,10,SO2,金华,12.0
20170124,10,SO2_24h,金华,14.0
20170124,10,NO2,金华,21.0
20170124,10,NO2_24h,金华,25.0
20170124,10,O3,金华,47.0
20170124,10,O3_24h,金华,97.0
20170124,10,O3_8h,金华,34.0
20170124,10,O3_8h_24h,金华,50.0
20170124,10,CO,金华,0.7
20170124,10,CO_24h,金华,0.7
20170124,11,AQI,金华,50.0
20170124,11,PM2.5,金华,35.0
20170124,11,PM2.5_24h,金华,39.0
20170124,11,PM10,金华,50.0
20170124,11,PM10_24h,金华,55.0
20170124,11,SO2,金华,14.0
20170124,11,SO2_24h,金华,13.0
20170124,11,NO2,金华,18.0
20170124,11,NO2_24h,金华,24.0
20170124,11,O3,金华,59.0
20170124,11,O3_24h,金华,97.0
20170124,11,O3_8h,金华,35.0
20170124,11,O3_8h_24h,金华,50.0
20170124,11,CO,金华,0.7
20170124,11,CO_24h,金华,0.7
20170124,12,AQI,金华,54.0
20170124,12,PM2.5,金华,35.0
20170124,12,PM2.5_24h,金华,39.0
20170124,12,PM10,金华,57.0
20170124,12,PM10_24h,金华,54.0
20170124,12,SO2,金华,14.0
20170124,12,SO2_24h,金华,13.0
20170124,12,NO2,金华,16.0
20170124,12,NO2_24h,金华,24.0
20170124,12,O3,金华,69.0
20170124,12,O3_24h,金华,97.0
20170124,12,O3_8h,金华,39.0
20170124,12,O3_8h_24h,金华,50.0
20170124,12,CO,金华,0.65
20170124,12,CO_24h,金华,0.7
20170124,13,AQI,金华,50.0
20170124,13,PM2.5,金华,34.0
20170124,13,PM2.5_24h,金华,38.0
20170124,13,PM10,金华,50.0
20170124,13,PM10_24h,金华,54.0
20170124,13,SO2,金华,15.0
20170124,13,SO2_24h,金华,13.0
20170124,13,NO2,金华,14.0
20170124,13,NO2_24h,金华,24.0
20170124,13,O3,金华,81.0
20170124,13,O3_24h,金华,97.0
20170124,13,O3_8h,金华,45.0
20170124,13,O3_8h_24h,金华,50.0
20170124,13,CO,金华,0.65
20170124,13,CO_24h,金华,0.7
20170124,14,AQI,金华,50.0
20170124,14,PM2.5,金华,34.0
20170124,14,PM2.5_24h,金华,38.0
20170124,14,PM10,金华,50.0
20170124,14,PM10_24h,金华,53.0
20170124,14,SO2,金华,15.0
20170124,14,SO2_24h,金华,13.0
20170124,14,NO2,金华,14.0
20170124,14,NO2_24h,金华,24.0
20170124,14,O3,金华,89.0
20170124,14,O3_24h,金华,97.0
20170124,14,O3_8h,金华,53.0
20170124,14,O3_8h_24h,金华,53.0
20170124,14,CO,金华,0.65
20170124,14,CO_24h,金华,0.7
20170124,15,AQI,金华,53.0
20170124,15,PM2.5,金华,34.0
20170124,15,PM2.5_24h,金华,38.0
20170124,15,PM10,金华,55.0
20170124,15,PM10_24h,金华,53.0
20170124,15,SO2,金华,14.0
20170124,15,SO2_24h,金华,13.0
20170124,15,NO2,金华,15.0
20170124,15,NO2_24h,金华,24.0
20170124,15,O3,金华,90.0
20170124,15,O3_24h,金华,97.0
20170124,15,O3_8h,金华,61.0
20170124,15,O3_8h_24h,金华,61.0
20170124,15,CO,金华,0.65
20170124,15,CO_24h,金华,0.7
20170124,16,AQI,金华,47.0
20170124,16,PM2.5,金华,33.0
20170124,16,PM2.5_24h,金华,38.0
20170124,16,PM10,金华,47.0
20170124,16,PM10_24h,金华,52.0
20170124,16,SO2,金华,14.0
20170124,16,SO2_24h,金华,12.0
20170124,16,NO2,金华,16.0
20170124,16,NO2_24h,金华,24.0
20170124,16,O3,金华,89.0
20170124,16,O3_24h,金华,93.0
20170124,16,O3_8h,金华,69.0
20170124,16,O3_8h_24h,金华,69.0
20170124,16,CO,金华,0.65
20170124,16,CO_24h,金华,0.7
20170124,17,AQI,金华,46.0
20170124,17,PM2.5,金华,30.0
20170124,17,PM2.5_24h,金华,38.0
20170124,17,PM10,金华,46.0
20170124,17,PM10_24h,金华,51.0
20170124,17,SO2,金华,13.0
20170124,17,SO2_24h,金华,12.0
20170124,17,NO2,金华,19.0
20170124,17,NO2_24h,金华,23.0
20170124,17,O3,金华,83.0
20170124,17,O3_24h,金华,90.0
20170124,17,O3_8h,金华,75.0
20170124,17,O3_8h_24h,金华,75.0
20170124,17,CO,金华,0.6
20170124,17,CO_24h,金华,0.7
20170124,18,AQI,金华,49.0
20170124,18,PM2.5,金华,31.0
20170124,18,PM2.5_24h,金华,37.0
20170124,18,PM10,金华,49.0
20170124,18,PM10_24h,金华,51.0
20170124,18,SO2,金华,14.0
20170124,18,SO2_24h,金华,12.0
20170124,18,NO2,金华,32.0
20170124,18,NO2_24h,金华,24.0
20170124,18,O3,金华,66.0
20170124,18,O3_24h,金华,90.0
20170124,18,O3_8h,金华,78.0
20170124,18,O3_8h_24h,金华,78.0
20170124,18,CO,金华,0.75
20170124,18,CO_24h,金华,0.7
20170124,19,AQI,金华,53.0
20170124,19,PM2.5,金华,37.0
20170124,19,PM2.5_24h,金华,37.0
20170124,19,PM10,金华,53.0
20170124,19,PM10_24h,金华,51.0
20170124,19,SO2,金华,13.0
20170124,19,SO2_24h,金华,12.0
20170124,19,NO2,金华,37.0
20170124,19,NO2_24h,金华,24.0
20170124,19,O3,金华,55.0
20170124,19,O3_24h,金华,90.0
20170124,19,O3_8h,金华,77.0
20170124,19,O3_8h_24h,金华,78.0
20170124,19,CO,金华,0.75
20170124,19,CO_24h,金华,0.7
20170124,20,AQI,金华,54.0
20170124,20,PM2.5,金华,35.0
20170124,20,PM2.5_24h,金华,37.0
20170124,20,PM10,金华,58.0
20170124,20,PM10_24h,金华,50.0
20170124,20,SO2,金华,11.0
20170124,20,SO2_24h,金华,12.0
20170124,20,NO2,金华,24.0
20170124,20,NO2_24h,金华,24.0
20170124,20,O3,金华,58.0
20170124,20,O3_24h,金华,90.0
20170124,20,O3_8h,金华,76.0
20170124,20,O3_8h_24h,金华,78.0
20170124,20,CO,金华,0.7
20170124,20,CO_24h,金华,0.7
20170124,21,AQI,金华,45.0
20170124,21,PM2.5,金华,27.0
20170124,21,PM2.5_24h,金华,36.0
20170124,21,PM10,金华,45.0
20170124,21,PM10_24h,金华,50.0
20170124,21,SO2,金华,11.0
20170124,21,SO2_24h,金华,12.0
20170124,21,NO2,金华,20.0
20170124,21,NO2_24h,金华,24.0
20170124,21,O3,金华,59.0
20170124,21,O3_24h,金华,90.0
20170124,21,O3_8h,金华,74.0
20170124,21,O3_8h_24h,金华,78.0
20170124,21,CO,金华,0.6
20170124,21,CO_24h,金华,0.7
20170124,22,AQI,金华,42.0
20170124,22,PM2.5,金华,29.0
20170124,22,PM2.5_24h,金华,35.0
20170124,22,PM10,金华,42.0
20170124,22,PM10_24h,金华,49.0
20170124,22,SO2,金华,10.0
20170124,22,SO2_24h,金华,12.0
20170124,22,NO2,金华,21.0
20170124,22,NO2_24h,金华,24.0
20170124,22,O3,金华,55.0
20170124,22,O3_24h,金华,90.0
20170124,22,O3_8h,金华,69.0
20170124,22,O3_8h_24h,金华,78.0
20170124,22,CO,金华,0.6
20170124,22,CO_24h,金华,0.7
20170124,23,AQI,金华,46.0
20170124,23,PM2.5,金华,32.0
20170124,23,PM2.5_24h,金华,35.0
20170124,23,PM10,金华,42.0
20170124,23,PM10_24h,金华,48.0
20170124,23,SO2,金华,9.0
20170124,23,SO2_24h,金华,11.0
20170124,23,NO2,金华,29.0
20170124,23,NO2_24h,金华,24.0
20170124,23,O3,金华,48.0
20170124,23,O3_24h,金华,90.0
20170124,23,O3_8h,金华,64.0
20170124,23,O3_8h_24h,金华,78.0
20170124,23,CO,金华,0.65
20170124,23,CO_24h,金华,0.7
20170124,0,AQI,衢州,64.0
20170124,0,PM2.5,衢州,46.0
20170124,0,PM2.5_24h,衢州,58.0
20170124,0,PM10,衢州,77.0
20170124,0,PM10_24h,衢州,90.0
20170124,0,SO2,衢州,11.0
20170124,0,SO2_24h,衢州,14.0
20170124,0,NO2,衢州,18.0
20170124,0,NO2_24h,衢州,31.0
20170124,0,O3,衢州,72.0
20170124,0,O3_24h,衢州,105.0
20170124,0,O3_8h,衢州,77.0
20170124,0,O3_8h_24h,衢州,88.0
20170124,0,CO,衢州,0.77
20170124,0,CO_24h,衢州,0.87
20170124,1,AQI,衢州,66.0
20170124,1,PM2.5,衢州,48.0
20170124,1,PM2.5_24h,衢州,57.0
20170124,1,PM10,衢州,72.0
20170124,1,PM10_24h,衢州,89.0
20170124,1,SO2,衢州,11.0
20170124,1,SO2_24h,衢州,14.0
20170124,1,NO2,衢州,19.0
20170124,1,NO2_24h,衢州,31.0
20170124,1,O3,衢州,68.0
20170124,1,O3_24h,衢州,105.0
20170124,1,O3_8h,衢州,68.0
20170124,1,O3_8h_24h,衢州,68.0
20170124,1,CO,衢州,0.77
20170124,1,CO_24h,衢州,0.87
20170124,2,AQI,衢州,61.0
20170124,2,PM2.5,衢州,44.0
20170124,2,PM2.5_24h,衢州,56.0
20170124,2,PM10,衢州,72.0
20170124,2,PM10_24h,衢州,88.0
20170124,2,SO2,衢州,11.0
20170124,2,SO2_24h,衢州,13.0
20170124,2,NO2,衢州,20.0
20170124,2,NO2_24h,衢州,30.0
20170124,2,O3,衢州,63.0
20170124,2,O3_24h,衢州,105.0
20170124,2,O3_8h,衢州,65.0
20170124,2,O3_8h_24h,衢州,68.0
20170124,2,CO,衢州,0.77
20170124,2,CO_24h,衢州,0.87
20170124,3,AQI,衢州,64.0
20170124,3,PM2.5,衢州,46.0
20170124,3,PM2.5_24h,衢州,56.0
20170124,3,PM10,衢州,71.0
20170124,3,PM10_24h,衢州,87.0
20170124,3,SO2,衢州,9.0
20170124,3,SO2_24h,衢州,13.0
20170124,3,NO2,衢州,21.0
20170124,3,NO2_24h,衢州,29.0
20170124,3,O3,衢州,57.0
20170124,3,O3_24h,衢州,105.0
20170124,3,O3_8h,衢州,63.0
20170124,3,O3_8h_24h,衢州,68.0
20170124,3,CO,衢州,0.8
20170124,3,CO_24h,衢州,0.87
20170124,4,AQI,衢州,63.0
20170124,4,PM2.5,衢州,45.0
20170124,4,PM2.5_24h,衢州,55.0
20170124,4,PM10,衢州,68.0
20170124,4,PM10_24h,衢州,86.0
20170124,4,SO2,衢州,9.0
20170124,4,SO2_24h,衢州,13.0
20170124,4,NO2,衢州,21.0
20170124,4,NO2_24h,衢州,29.0
20170124,4,O3,衢州,57.0
20170124,4,O3_24h,衢州,105.0
20170124,4,O3_8h,衢州,61.0
20170124,4,O3_8h_24h,衢州,68.0
20170124,4,CO,衢州,0.77
20170124,4,CO_24h,衢州,0.87
20170124,5,AQI,衢州,64.0
20170124,5,PM2.5,衢州,46.0
20170124,5,PM2.5_24h,衢州,54.0
20170124,5,PM10,衢州,64.0
20170124,5,PM10_24h,衢州,84.0
20170124,5,SO2,衢州,8.0
20170124,5,SO2_24h,衢州,13.0
20170124,5,NO2,衢州,24.0
20170124,5,NO2_24h,衢州,28.0
20170124,5,O3,衢州,52.0
20170124,5,O3_24h,衢州,105.0
20170124,5,O3_8h,衢州,59.0
20170124,5,O3_8h_24h,衢州,68.0
20170124,5,CO,衢州,0.77
20170124,5,CO_24h,衢州,0.87
20170124,6,AQI,衢州,66.0
20170124,6,PM2.5,衢州,48.0
20170124,6,PM2.5_24h,衢州,54.0
20170124,6,PM10,衢州,68.0
20170124,6,PM10_24h,衢州,83.0
20170124,6,SO2,衢州,7.0
20170124,6,SO2_24h,衢州,13.0
20170124,6,NO2,衢州,28.0
20170124,6,NO2_24h,衢州,27.0
20170124,6,O3,衢州,45.0
20170124,6,O3_24h,衢州,105.0
20170124,6,O3_8h,衢州,57.0
20170124,6,O3_8h_24h,衢州,68.0
20170124,6,CO,衢州,0.8
20170124,6,CO_24h,衢州,0.87
20170124,7,AQI,衢州,68.0
20170124,7,PM2.5,衢州,49.0
20170124,7,PM2.5_24h,衢州,53.0
20170124,7,PM10,衢州,63.0
20170124,7,PM10_24h,衢州,82.0
20170124,7,SO2,衢州,7.0
20170124,7,SO2_24h,衢州,13.0
20170124,7,NO2,衢州,33.0
20170124,7,NO2_24h,衢州,27.0
20170124,7,O3,衢州,41.0
20170124,7,O3_24h,衢州,105.0
20170124,7,O3_8h,衢州,55.0
20170124,7,O3_8h_24h,衢州,68.0
20170124,7,CO,衢州,0.83
20170124,7,CO_24h,衢州,0.87
20170124,8,AQI,衢州,66.0
20170124,8,PM2.5,衢州,48.0
20170124,8,PM2.5_24h,衢州,52.0
20170124,8,PM10,衢州,63.0
20170124,8,PM10_24h,衢州,81.0
20170124,8,SO2,衢州,7.0
20170124,8,SO2_24h,衢州,13.0
20170124,8,NO2,衢州,37.0
20170124,8,NO2_24h,衢州,27.0
20170124,8,O3,衢州,35.0
20170124,8,O3_24h,衢州,105.0
20170124,8,O3_8h,衢州,53.0
20170124,8,O3_8h_24h,衢州,68.0
20170124,8,CO,衢州,0.87
20170124,8,CO_24h,衢州,0.87
20170124,9,AQI,衢州,64.0
20170124,9,PM2.5,衢州,46.0
20170124,9,PM2.5_24h,衢州,52.0
20170124,9,PM10,衢州,61.0
20170124,9,PM10_24h,衢州,80.0
20170124,9,SO2,衢州,9.0
20170124,9,SO2_24h,衢州,13.0
20170124,9,NO2,衢州,35.0
20170124,9,NO2_24h,衢州,26.0
20170124,9,O3,衢州,43.0
20170124,9,O3_24h,衢州,105.0
20170124,9,O3_8h,衢州,49.0
20170124,9,O3_8h_24h,衢州,68.0
20170124,9,CO,衢州,0.87
20170124,9,CO_24h,衢州,0.87
20170124,10,AQI,衢州,59.0
20170124,10,PM2.5,衢州,42.0
20170124,10,PM2.5_24h,衢州,51.0
20170124,10,PM10,衢州,58.0
20170124,10,PM10_24h,衢州,78.0
20170124,10,SO2,衢州,11.0
20170124,10,SO2_24h,衢州,13.0
20170124,10,NO2,衢州,27.0
20170124,10,NO2_24h,衢州,27.0
20170124,10,O3,衢州,59.0
20170124,10,O3_24h,衢州,105.0
20170124,10,O3_8h,衢州,49.0
20170124,10,O3_8h_24h,衢州,68.0
20170124,10,CO,衢州,0.8
20170124,10,CO_24h,衢州,0.87
20170124,11,AQI,衢州,55.0
20170124,11,PM2.5,衢州,39.0
20170124,11,PM2.5_24h,衢州,50.0
20170124,11,PM10,衢州,53.0
20170124,11,PM10_24h,衢州,77.0
20170124,11,SO2,衢州,12.0
20170124,11,SO2_24h,衢州,12.0
20170124,11,NO2,衢州,19.0
20170124,11,NO2_24h,衢州,26.0
20170124,11,O3,衢州,76.0
20170124,11,O3_24h,衢州,105.0
20170124,11,O3_8h,衢州,51.0
20170124,11,O3_8h_24h,衢州,68.0
20170124,11,CO,衢州,0.77
20170124,11,CO_24h,衢州,0.87
20170124,12,AQI,衢州,58.0
20170124,12,PM2.5,衢州,41.0
20170124,12,PM2.5_24h,衢州,49.0
20170124,12,PM10,衢州,62.0
20170124,12,PM10_24h,衢州,76.0
20170124,12,SO2,衢州,11.0
20170124,12,SO2_24h,衢州,12.0
20170124,12,NO2,衢州,14.0
20170124,12,NO2_24h,衢州,26.0
20170124,12,O3,衢州,87.0
20170124,12,O3_24h,衢州,105.0
20170124,12,O3_8h,衢州,55.0
20170124,12,O3_8h_24h,衢州,68.0
20170124,12,CO,衢州,0.77
20170124,12,CO_24h,衢州,0.83
20170124,13,AQI,衢州,63.0
20170124,13,PM2.5,衢州,45.0
20170124,13,PM2.5_24h,衢州,48.0
20170124,13,PM10,衢州,68.0
20170124,13,PM10_24h,衢州,75.0
20170124,13,SO2,衢州,11.0
20170124,13,SO2_24h,衢州,12.0
20170124,13,NO2,衢州,11.0
20170124,13,NO2_24h,衢州,25.0
20170124,13,O3,衢州,99.0
20170124,13,O3_24h,衢州,106.0
20170124,13,O3_8h,衢州,61.0
20170124,13,O3_8h_24h,衢州,68.0
20170124,13,CO,衢州,0.77
20170124,13,CO_24h,衢州,0.8
20170124,14,AQI,衢州,61.0
20170124,14,PM2.5,衢州,44.0
20170124,14,PM2.5_24h,衢州,48.0
20170124,14,PM10,衢州,71.0
20170124,14,PM10_24h,衢州,74.0
20170124,14,SO2,衢州,11.0
20170124,14,SO2_24h,衢州,12.0
20170124,14,NO2,衢州,18.0
20170124,14,NO2_24h,衢州,25.0
20170124,14,O3,衢州,100.0
20170124,14,O3_24h,衢州,106.0
20170124,14,O3_8h,衢州,68.0
20170124,14,O3_8h_24h,衢州,71.0
20170124,14,CO,衢州,0.77
20170124,14,CO_24h,衢州,0.77
20170124,15,AQI,衢州,62.0
20170124,15,PM2.5,衢州,44.0
20170124,15,PM2.5_24h,衢州,47.0
20170124,15,PM10,衢州,73.0
20170124,15,PM10_24h,衢州,73.0
20170124,15,SO2,衢州,11.0
20170124,15,SO2_24h,衢州,11.0
20170124,15,NO2,衢州,19.0
20170124,15,NO2_24h,衢州,25.0
20170124,15,O3,衢州,102.0
20170124,15,O3_24h,衢州,106.0
20170124,15,O3_8h,衢州,75.0
20170124,15,O3_8h_24h,衢州,76.0
20170124,15,CO,衢州,0.77
20170124,15,CO_24h,衢州,0.77
20170124,16,AQI,衢州,63.0
20170124,16,PM2.5,衢州,43.0
20170124,16,PM2.5_24h,衢州,47.0
20170124,16,PM10,衢州,76.0
20170124,16,PM10_24h,衢州,72.0
20170124,16,SO2,衢州,12.0
20170124,16,SO2_24h,衢州,11.0
20170124,16,NO2,衢州,16.0
20170124,16,NO2_24h,衢州,25.0
20170124,16,O3,衢州,110.0
20170124,16,O3_24h,衢州,110.0
20170124,16,O3_8h,衢州,84.0
20170124,16,O3_8h_24h,衢州,84.0
20170124,16,CO,衢州,0.73
20170124,16,CO_24h,衢州,0.77
20170124,17,AQI,衢州,61.0
20170124,17,PM2.5,衢州,43.0
20170124,17,PM2.5_24h,衢州,46.0
20170124,17,PM10,衢州,71.0
20170124,17,PM10_24h,衢州,72.0
20170124,17,SO2,衢州,13.0
20170124,17,SO2_24h,衢州,11.0
20170124,17,NO2,衢州,19.0
20170124,17,NO2_24h,衢州,25.0
20170124,17,O3,衢州,111.0
20170124,17,O3_24h,衢州,111.0
20170124,17,O3_8h,衢州,93.0
20170124,17,O3_8h_24h,衢州,93.0
20170124,17,CO,衢州,0.73
20170124,17,CO_24h,衢州,0.77
20170124,18,AQI,衢州,61.0
20170124,18,PM2.5,衢州,42.0
20170124,18,PM2.5_24h,衢州,46.0
20170124,18,PM10,衢州,72.0
20170124,18,PM10_24h,衢州,71.0
20170124,18,SO2,衢州,11.0
20170124,18,SO2_24h,衢州,11.0
20170124,18,NO2,衢州,23.0
20170124,18,NO2_24h,衢州,24.0
20170124,18,O3,衢州,103.0
20170124,18,O3_24h,衢州,111.0
20170124,18,O3_8h,衢州,99.0
20170124,18,O3_8h_24h,衢州,99.0
20170124,18,CO,衢州,0.77
20170124,18,CO_24h,衢州,0.77
20170124,19,AQI,衢州,63.0
20170124,19,PM2.5,衢州,45.0
20170124,19,PM2.5_24h,衢州,45.0
20170124,19,PM10,衢州,74.0
20170124,19,PM10_24h,衢州,70.0
20170124,19,SO2,衢州,10.0
20170124,19,SO2_24h,衢州,10.0
20170124,19,NO2,衢州,25.0
20170124,19,NO2_24h,衢州,23.0
20170124,19,O3,衢州,94.0
20170124,19,O3_24h,衢州,111.0
20170124,19,O3_8h,衢州,100.0
20170124,19,O3_8h_24h,衢州,100.0
20170124,19,CO,衢州,0.8
20170124,19,CO_24h,衢州,0.77
20170124,20,AQI,衢州,59.0
20170124,20,PM2.5,衢州,41.0
20170124,20,PM2.5_24h,衢州,45.0
20170124,20,PM10,衢州,67.0
20170124,20,PM10_24h,衢州,69.0
20170124,20,SO2,衢州,9.0
20170124,20,SO2_24h,衢州,10.0
20170124,20,NO2,衢州,21.0
20170124,20,NO2_24h,衢州,22.0
20170124,20,O3,衢州,92.0
20170124,20,O3_24h,衢州,111.0
20170124,20,O3_8h,衢州,101.0
20170124,20,O3_8h_24h,衢州,101.0
20170124,20,CO,衢州,0.73
20170124,20,CO_24h,衢州,0.77
20170124,21,AQI,衢州,56.0
20170124,21,PM2.5,衢州,37.0
20170124,21,PM2.5_24h,衢州,44.0
20170124,21,PM10,衢州,61.0
20170124,21,PM10_24h,衢州,68.0
20170124,21,SO2,衢州,8.0
20170124,21,SO2_24h,衢州,10.0
20170124,21,NO2,衢州,19.0
20170124,21,NO2_24h,衢州,22.0
20170124,21,O3,衢州,89.0
20170124,21,O3_24h,衢州,111.0
20170124,21,O3_8h,衢州,100.0
20170124,21,O3_8h_24h,衢州,101.0
20170124,21,CO,衢州,0.7
20170124,21,CO_24h,衢州,0.77
20170124,22,AQI,衢州,53.0
20170124,22,PM2.5,衢州,36.0
20170124,22,PM2.5_24h,衢州,44.0
20170124,22,PM10,衢州,55.0
20170124,22,PM10_24h,衢州,67.0
20170124,22,SO2,衢州,8.0
20170124,22,SO2_24h,衢州,10.0
20170124,22,NO2,衢州,15.0
20170124,22,NO2_24h,衢州,22.0
20170124,22,O3,衢州,89.0
20170124,22,O3_24h,衢州,111.0
20170124,22,O3_8h,衢州,99.0
20170124,22,O3_8h_24h,衢州,101.0
20170124,22,CO,衢州,0.7
20170124,22,CO_24h,衢州,0.77
20170124,23,AQI,衢州,52.0
20170124,23,PM2.5,衢州,36.0
20170124,23,PM2.5_24h,衢州,44.0
20170124,23,PM10,衢州,54.0
20170124,23,PM10_24h,衢州,66.0
20170124,23,SO2,衢州,7.0
20170124,23,SO2_24h,衢州,10.0
20170124,23,NO2,衢州,15.0
20170124,23,NO2_24h,衢州,21.0
20170124,23,O3,衢州,81.0
20170124,23,O3_24h,衢州,111.0
20170124,23,O3_8h,衢州,96.0
20170124,23,O3_8h_24h,衢州,101.0
20170124,23,CO,衢州,0.7
20170124,23,CO_24h,衢州,0.77
20170124,0,AQI,丽水,66.0
20170124,0,PM2.5,丽水,48.0
20170124,0,PM2.5_24h,丽水,38.0
20170124,0,PM10,丽水,65.0
20170124,0,PM10_24h,丽水,58.0
20170124,0,SO2,丽水,9.0
20170124,0,SO2_24h,丽水,10.0
20170124,0,NO2,丽水,17.0
20170124,0,NO2_24h,丽水,17.0
20170124,0,O3,丽水,71.0
20170124,0,O3_24h,丽水,123.0
20170124,0,O3_8h,丽水,93.0
20170124,0,O3_8h_24h,丽水,111.0
20170124,0,CO,丽水,0.7
20170124,0,CO_24h,丽水,0.67
20170124,1,AQI,丽水,63.0
20170124,1,PM2.5,丽水,45.0
20170124,1,PM2.5_24h,丽水,39.0
20170124,1,PM10,丽水,68.0
20170124,1,PM10_24h,丽水,59.0
20170124,1,SO2,丽水,9.0
20170124,1,SO2_24h,丽水,10.0
20170124,1,NO2,丽水,17.0
20170124,1,NO2_24h,丽水,17.0
20170124,1,O3,丽水,71.0
20170124,1,O3_24h,丽水,123.0
20170124,1,O3_8h,丽水,71.0
20170124,1,O3_8h_24h,丽水,71.0
20170124,1,CO,丽水,0.7
20170124,1,CO_24h,丽水,0.67
20170124,2,AQI,丽水,61.0
20170124,2,PM2.5,丽水,44.0
20170124,2,PM2.5_24h,丽水,39.0
20170124,2,PM10,丽水,68.0
20170124,2,PM10_24h,丽水,60.0
20170124,2,SO2,丽水,9.0
20170124,2,SO2_24h,丽水,10.0
20170124,2,NO2,丽水,15.0
20170124,2,NO2_24h,丽水,17.0
20170124,2,O3,丽水,68.0
20170124,2,O3_24h,丽水,123.0
20170124,2,O3_8h,丽水,69.0
20170124,2,O3_8h_24h,丽水,71.0
20170124,2,CO,丽水,0.7
20170124,2,CO_24h,丽水,0.67
20170124,3,AQI,丽水,59.0
20170124,3,PM2.5,丽水,42.0
20170124,3,PM2.5_24h,丽水,40.0
20170124,3,PM10,丽水,64.0
20170124,3,PM10_24h,丽水,60.0
20170124,3,SO2,丽水,8.0
20170124,3,SO2_24h,丽水,10.0
20170124,3,NO2,丽水,13.0
20170124,3,NO2_24h,丽水,17.0
20170124,3,O3,丽水,65.0
20170124,3,O3_24h,丽水,123.0
20170124,3,O3_8h,丽水,68.0
20170124,3,O3_8h_24h,丽水,71.0
20170124,3,CO,丽水,0.67
20170124,3,CO_24h,丽水,0.67
20170124,4,AQI,丽水,56.0
20170124,4,PM2.5,丽水,40.0
20170124,4,PM2.5_24h,丽水,40.0
20170124,4,PM10,丽水,61.0
20170124,4,PM10_24h,丽水,61.0
20170124,4,SO2,丽水,7.0
20170124,4,SO2_24h,丽水,10.0
20170124,4,NO2,丽水,14.0
20170124,4,NO2_24h,丽水,17.0
20170124,4,O3,丽水,59.0
20170124,4,O3_24h,丽水,123.0
20170124,4,O3_8h,丽水,66.0
20170124,4,O3_8h_24h,丽水,71.0
20170124,4,CO,丽水,0.63
20170124,4,CO_24h,丽水,0.67
20170124,5,AQI,丽水,54.0
20170124,5,PM2.5,丽水,38.0
20170124,5,PM2.5_24h,丽水,40.0
20170124,5,PM10,丽水,56.0
20170124,5,PM10_24h,丽水,61.0
20170124,5,SO2,丽水,7.0
20170124,5,SO2_24h,丽水,11.0
20170124,5,NO2,丽水,13.0
20170124,5,NO2_24h,丽水,17.0
20170124,5,O3,丽水,54.0
20170124,5,O3_24h,丽水,123.0
20170124,5,O3_8h,丽水,63.0
20170124,5,O3_8h_24h,丽水,71.0
20170124,5,CO,丽水,0.63
20170124,5,CO_24h,丽水,0.67
20170124,6,AQI,丽水,53.0
20170124,6,PM2.5,丽水,37.0
20170124,6,PM2.5_24h,丽水,40.0
20170124,6,PM10,丽水,54.0
20170124,6,PM10_24h,丽水,62.0
20170124,6,SO2,丽水,7.0
20170124,6,SO2_24h,丽水,11.0
20170124,6,NO2,丽水,14.0
20170124,6,NO2_24h,丽水,17.0
20170124,6,O3,丽水,48.0
20170124,6,O3_24h,丽水,123.0
20170124,6,O3_8h,丽水,61.0
20170124,6,O3_8h_24h,丽水,71.0
20170124,6,CO,丽水,0.67
20170124,6,CO_24h,丽水,0.67
20170124,7,AQI,丽水,53.0
20170124,7,PM2.5,丽水,37.0
20170124,7,PM2.5_24h,丽水,40.0
20170124,7,PM10,丽水,49.0
20170124,7,PM10_24h,丽水,62.0
20170124,7,SO2,丽水,7.0
20170124,7,SO2_24h,丽水,11.0
20170124,7,NO2,丽水,15.0
20170124,7,NO2_24h,丽水,17.0
20170124,7,O3,丽水,44.0
20170124,7,O3_24h,丽水,123.0
20170124,7,O3_8h,丽水,58.0
20170124,7,O3_8h_24h,丽水,71.0
20170124,7,CO,丽水,0.63
20170124,7,CO_24h,丽水,0.67
20170124,8,AQI,丽水,56.0
20170124,8,PM2.5,丽水,40.0
20170124,8,PM2.5_24h,丽水,41.0
20170124,8,PM10,丽水,48.0
20170124,8,PM10_24h,丽水,62.0
20170124,8,SO2,丽水,7.0
20170124,8,SO2_24h,丽水,10.0
20170124,8,NO2,丽水,18.0
20170124,8,NO2_24h,丽水,17.0
20170124,8,O3,丽水,38.0
20170124,8,O3_24h,丽水,123.0
20170124,8,O3_8h,丽水,56.0
20170124,8,O3_8h_24h,丽水,71.0
20170124,8,CO,丽水,0.77
20170124,8,CO_24h,丽水,0.67
20170124,9,AQI,丽水,59.0
20170124,9,PM2.5,丽水,42.0
20170124,9,PM2.5_24h,丽水,41.0
20170124,9,PM10,丽水,59.0
20170124,9,PM10_24h,丽水,62.0
20170124,9,SO2,丽水,8.0
20170124,9,SO2_24h,丽水,10.0
20170124,9,NO2,丽水,21.0
20170124,9,NO2_24h,丽水,17.0
20170124,9,O3,丽水,39.0
20170124,9,O3_24h,丽水,123.0
20170124,9,O3_8h,丽水,52.0
20170124,9,O3_8h_24h,丽水,71.0
20170124,9,CO,丽水,0.83
20170124,9,CO_24h,丽水,0.67
20170124,10,AQI,丽水,59.0
20170124,10,PM2.5,丽水,42.0
20170124,10,PM2.5_24h,丽水,41.0
20170124,10,PM10,丽水,60.0
20170124,10,PM10_24h,丽水,61.0
20170124,10,SO2,丽水,10.0
20170124,10,SO2_24h,丽水,11.0
20170124,10,NO2,丽水,18.0
20170124,10,NO2_24h,丽水,17.0
20170124,10,O3,丽水,54.0
20170124,10,O3_24h,丽水,123.0
20170124,10,O3_8h,丽水,50.0
20170124,10,O3_8h_24h,丽水,71.0
20170124,10,CO,丽水,0.8
20170124,10,CO_24h,丽水,0.67
20170124,11,AQI,丽水,59.0
20170124,11,PM2.5,丽水,42.0
20170124,11,PM2.5_24h,丽水,41.0
20170124,11,PM10,丽水,59.0
20170124,11,PM10_24h,丽水,61.0
20170124,11,SO2,丽水,12.0
20170124,11,SO2_24h,丽水,11.0
20170124,11,NO2,丽水,19.0
20170124,11,NO2_24h,丽水,17.0
20170124,11,O3,丽水,72.0
20170124,11,O3_24h,丽水,123.0
20170124,11,O3_8h,丽水,51.0
20170124,11,O3_8h_24h,丽水,71.0
20170124,11,CO,丽水,0.83
20170124,11,CO_24h,丽水,0.67
20170124,12,AQI,丽水,57.0
20170124,12,PM2.5,丽水,37.0
20170124,12,PM2.5_24h,丽水,41.0
20170124,12,PM10,丽水,63.0
20170124,12,PM10_24h,丽水,62.0
20170124,12,SO2,丽水,14.0
20170124,12,SO2_24h,丽水,11.0
20170124,12,NO2,丽水,15.0
20170124,12,NO2_24h,丽水,17.0
20170124,12,O3,丽水,91.0
20170124,12,O3_24h,丽水,123.0
20170124,12,O3_8h,丽水,55.0
20170124,12,O3_8h_24h,丽水,71.0
20170124,12,CO,丽水,0.77
20170124,12,CO_24h,丽水,0.67
20170124,13,AQI,丽水,53.0
20170124,13,PM2.5,丽水,29.0
20170124,13,PM2.5_24h,丽水,40.0
20170124,13,PM10,丽水,56.0
20170124,13,PM10_24h,丽水,61.0
20170124,13,SO2,丽水,15.0
20170124,13,SO2_24h,丽水,11.0
20170124,13,NO2,丽水,12.0
20170124,13,NO2_24h,丽水,17.0
20170124,13,O3,丽水,107.0
20170124,13,O3_24h,丽水,123.0
20170124,13,O3_8h,丽水,62.0
20170124,13,O3_8h_24h,丽水,71.0
20170124,13,CO,丽水,0.63
20170124,13,CO_24h,丽水,0.67
20170124,14,AQI,丽水,52.0
20170124,14,PM2.5,丽水,28.0
20170124,14,PM2.5_24h,丽水,40.0
20170124,14,PM10,丽水,53.0
20170124,14,PM10_24h,丽水,60.0
20170124,14,SO2,丽水,14.0
20170124,14,SO2_24h,丽水,11.0
20170124,14,NO2,丽水,11.0
20170124,14,NO2_24h,丽水,17.0
20170124,14,O3,丽水,111.0
20170124,14,O3_24h,丽水,123.0
20170124,14,O3_8h,丽水,70.0
20170124,14,O3_8h_24h,丽水,73.0
20170124,14,CO,丽水,0.6
20170124,14,CO_24h,丽水,0.67
20170124,15,AQI,丽水,47.0
20170124,15,PM2.5,丽水,27.0
20170124,15,PM2.5_24h,丽水,39.0
20170124,15,PM10,丽水,47.0
20170124,15,PM10_24h,丽水,59.0
20170124,15,SO2,丽水,15.0
20170124,15,SO2_24h,丽水,11.0
20170124,15,NO2,丽水,11.0
20170124,15,NO2_24h,丽水,17.0
20170124,15,O3,丽水,109.0
20170124,15,O3_24h,丽水,120.0
20170124,15,O3_8h,丽水,78.0
20170124,15,O3_8h_24h,丽水,78.0
20170124,15,CO,丽水,0.6
20170124,15,CO_24h,丽水,0.67
20170124,16,AQI,丽水,46.0
20170124,16,PM2.5,丽水,25.0
20170124,16,PM2.5_24h,丽水,39.0
20170124,16,PM10,丽水,46.0
20170124,16,PM10_24h,丽水,58.0
20170124,16,SO2,丽水,14.0
20170124,16,SO2_24h,丽水,11.0
20170124,16,NO2,丽水,11.0
20170124,16,NO2_24h,丽水,16.0
20170124,16,O3,丽水,112.0
20170124,16,O3_24h,丽水,118.0
20170124,16,O3_8h,丽水,87.0
20170124,16,O3_8h_24h,丽水,87.0
20170124,16,CO,丽水,0.57
20170124,16,CO_24h,丽水,0.67
20170124,17,AQI,丽水,43.0
20170124,17,PM2.5,丽水,24.0
20170124,17,PM2.5_24h,丽水,39.0
20170124,17,PM10,丽水,43.0
20170124,17,PM10_24h,丽水,58.0
20170124,17,SO2,丽水,13.0
20170124,17,SO2_24h,丽水,11.0
20170124,17,NO2,丽水,14.0
20170124,17,NO2_24h,丽水,16.0
20170124,17,O3,丽水,102.0
20170124,17,O3_24h,丽水,114.0
20170124,17,O3_8h,丽水,95.0
20170124,17,O3_8h_24h,丽水,95.0
20170124,17,CO,丽水,0.53
20170124,17,CO_24h,丽水,0.67
20170124,18,AQI,丽水,47.0
20170124,18,PM2.5,丽水,24.0
20170124,18,PM2.5_24h,丽水,38.0
20170124,18,PM10,丽水,47.0
20170124,18,PM10_24h,丽水,57.0
20170124,18,SO2,丽水,11.0
20170124,18,SO2_24h,丽水,11.0
20170124,18,NO2,丽水,16.0
20170124,18,NO2_24h,丽水,16.0
20170124,18,O3,丽水,93.0
20170124,18,O3_24h,丽水,114.0
20170124,18,O3_8h,丽水,100.0
20170124,18,O3_8h_24h,丽水,100.0
20170124,18,CO,丽水,0.5
20170124,18,CO_24h,丽水,0.67
20170124,19,AQI,丽水,35.0
20170124,19,PM2.5,丽水,24.0
20170124,19,PM2.5_24h,丽水,37.0
20170124,19,PM10,丽水,35.0
20170124,19,PM10_24h,丽水,56.0
20170124,19,SO2,丽水,9.0
20170124,19,SO2_24h,丽水,10.0
20170124,19,NO2,丽水,17.0
20170124,19,NO2_24h,丽水,16.0
20170124,19,O3,丽水,85.0
20170124,19,O3_24h,丽水,113.0
20170124,19,O3_8h,丽水,101.0
20170124,19,O3_8h_24h,丽水,101.0
20170124,19,CO,丽水,0.47
20170124,19,CO_24h,丽水,0.67
20170124,20,AQI,丽水,35.0
20170124,20,PM2.5,丽水,22.0
20170124,20,PM2.5_24h,丽水,36.0
20170124,20,PM10,丽水,35.0
20170124,20,PM10_24h,丽水,54.0
20170124,20,SO2,丽水,9.0
20170124,20,SO2_24h,丽水,10.0
20170124,20,NO2,丽水,18.0
20170124,20,NO2_24h,丽水,15.0
20170124,20,O3,丽水,86.0
20170124,20,O3_24h,丽水,113.0
20170124,20,O3_8h,丽水,100.0
20170124,20,O3_8h_24h,丽水,102.0
20170124,20,CO,丽水,0.47
20170124,20,CO_24h,丽水,0.67
20170124,21,AQI,丽水,32.0
20170124,21,PM2.5,丽水,19.0
20170124,21,PM2.5_24h,丽水,36.0
20170124,21,PM10,丽水,32.0
20170124,21,PM10_24h,丽水,53.0
20170124,21,SO2,丽水,9.0
20170124,21,SO2_24h,丽水,10.0
20170124,21,NO2,丽水,13.0
20170124,21,NO2_24h,丽水,15.0
20170124,21,O3,丽水,87.0
20170124,21,O3_24h,丽水,113.0
20170124,21,O3_8h,丽水,98.0
20170124,21,O3_8h_24h,丽水,102.0
20170124,21,CO,丽水,0.43
20170124,21,CO_24h,丽水,0.67
20170124,22,AQI,丽水,34.0
20170124,22,PM2.5,丽水,18.0
20170124,22,PM2.5_24h,丽水,35.0
20170124,22,PM10,丽水,34.0
20170124,22,PM10_24h,丽水,52.0
20170124,22,SO2,丽水,9.0
20170124,22,SO2_24h,丽水,10.0
20170124,22,NO2,丽水,12.0
20170124,22,NO2_24h,丽水,15.0
20170124,22,O3,丽水,88.0
20170124,22,O3_24h,丽水,113.0
20170124,22,O3_8h,丽水,95.0
20170124,22,O3_8h_24h,丽水,102.0
20170124,22,CO,丽水,0.43
20170124,22,CO_24h,丽水,0.67
20170124,23,AQI,丽水,28.0
20170124,23,PM2.5,丽水,18.0
20170124,23,PM2.5_24h,丽水,33.0
20170124,23,PM10,丽水,28.0
20170124,23,PM10_24h,丽水,51.0
20170124,23,SO2,丽水,9.0
20170124,23,SO2_24h,丽水,10.0
20170124,23,NO2,丽水,12.0
20170124,23,NO2_24h,丽水,15.0
20170124,23,O3,丽水,85.0
20170124,23,O3_24h,丽水,113.0
20170124,23,O3_8h,丽水,92.0
20170124,23,O3_8h_24h,丽水,102.0
20170124,23,CO,丽水,0.43
20170124,23,CO_24h,丽水,0.63
20170124,0,AQI,合肥,71.0
20170124,0,PM2.5,合肥,52.0
20170124,0,PM2.5_24h,合肥,74.0
20170124,0,PM10,合肥,59.0
20170124,0,PM10_24h,合肥,89.0
20170124,0,SO2,合肥,17.0
20170124,0,SO2_24h,合肥,22.0
20170124,0,NO2,合肥,53.0
20170124,0,NO2_24h,合肥,70.0
20170124,0,O3,合肥,54.0
20170124,0,O3_24h,合肥,84.0
20170124,0,O3_8h,合肥,56.0
20170124,0,O3_8h_24h,合肥,70.0
20170124,0,CO,合肥,0.9
20170124,0,CO_24h,合肥,1.11
20170124,1,AQI,合肥,68.0
20170124,1,PM2.5,合肥,49.0
20170124,1,PM2.5_24h,合肥,72.0
20170124,1,PM10,合肥,61.0
20170124,1,PM10_24h,合肥,86.0
20170124,1,SO2,合肥,16.0
20170124,1,SO2_24h,合肥,22.0
20170124,1,NO2,合肥,58.0
20170124,1,NO2_24h,合肥,68.0
20170124,1,O3,合肥,48.0
20170124,1,O3_24h,合肥,84.0
20170124,1,O3_8h,合肥,48.0
20170124,1,O3_8h_24h,合肥,48.0
20170124,1,CO,合肥,0.89
20170124,1,CO_24h,合肥,1.1
20170124,2,AQI,合肥,68.0
20170124,2,PM2.5,合肥,49.0
20170124,2,PM2.5_24h,合肥,70.0
20170124,2,PM10,合肥,63.0
20170124,2,PM10_24h,合肥,85.0
20170124,2,SO2,合肥,16.0
20170124,2,SO2_24h,合肥,22.0
20170124,2,NO2,合肥,59.0
20170124,2,NO2_24h,合肥,67.0
20170124,2,O3,合肥,43.0
20170124,2,O3_24h,合肥,84.0
20170124,2,O3_8h,合肥,45.0
20170124,2,O3_8h_24h,合肥,48.0
20170124,2,CO,合肥,0.89
20170124,2,CO_24h,合肥,1.08
20170124,3,AQI,合肥,69.0
20170124,3,PM2.5,合肥,50.0
20170124,3,PM2.5_24h,合肥,68.0
20170124,3,PM10,合肥,59.0
20170124,3,PM10_24h,合肥,83.0
20170124,3,SO2,合肥,18.0
20170124,3,SO2_24h,合肥,22.0
20170124,3,NO2,合肥,62.0
20170124,3,NO2_24h,合肥,65.0
20170124,3,O3,合肥,38.0
20170124,3,O3_24h,合肥,84.0
20170124,3,O3_8h,合肥,43.0
20170124,3,O3_8h_24h,合肥,48.0
20170124,3,CO,合肥,0.89
20170124,3,CO_24h,合肥,1.04
20170124,4,AQI,合肥,69.0
20170124,4,PM2.5,合肥,50.0
20170124,4,PM2.5_24h,合肥,67.0
20170124,4,PM10,合肥,59.0
20170124,4,PM10_24h,合肥,82.0
20170124,4,SO2,合肥,15.0
20170124,4,SO2_24h,合肥,21.0
20170124,4,NO2,合肥,60.0
20170124,4,NO2_24h,合肥,64.0
20170124,4,O3,合肥,37.0
20170124,4,O3_24h,合肥,84.0
20170124,4,O3_8h,合肥,41.0
20170124,4,O3_8h_24h,合肥,49.0
20170124,4,CO,合肥,0.88
20170124,4,CO_24h,合肥,1.04
20170124,5,AQI,合肥,66.0
20170124,5,PM2.5,合肥,48.0
20170124,5,PM2.5_24h,合肥,66.0
20170124,5,PM10,合肥,62.0
20170124,5,PM10_24h,合肥,81.0
20170124,5,SO2,合肥,16.0
20170124,5,SO2_24h,合肥,21.0
20170124,5,NO2,合肥,59.0
20170124,5,NO2_24h,合肥,63.0
20170124,5,O3,合肥,34.0
20170124,5,O3_24h,合肥,84.0
20170124,5,O3_8h,合肥,40.0
20170124,5,O3_8h_24h,合肥,49.0
20170124,5,CO,合肥,0.91
20170124,5,CO_24h,合肥,1.01
20170124,6,AQI,合肥,75.0
20170124,6,PM2.5,合肥,55.0
20170124,6,PM2.5_24h,合肥,65.0
20170124,6,PM10,合肥,65.0
20170124,6,PM10_24h,合肥,80.0
20170124,6,SO2,合肥,15.0
20170124,6,SO2_24h,合肥,21.0
20170124,6,NO2,合肥,61.0
20170124,6,NO2_24h,合肥,62.0
20170124,6,O3,合肥,29.0
20170124,6,O3_24h,合肥,84.0
20170124,6,O3_8h,合肥,38.0
20170124,6,O3_8h_24h,合肥,49.0
20170124,6,CO,合肥,0.97
20170124,6,CO_24h,合肥,1.01
20170124,7,AQI,合肥,79.0
20170124,7,PM2.5,合肥,58.0
20170124,7,PM2.5_24h,合肥,64.0
20170124,7,PM10,合肥,72.0
20170124,7,PM10_24h,合肥,79.0
20170124,7,SO2,合肥,13.0
20170124,7,SO2_24h,合肥,20.0
20170124,7,NO2,合肥,69.0
20170124,7,NO2_24h,合肥,62.0
20170124,7,O3,合肥,23.0
20170124,7,O3_24h,合肥,84.0
20170124,7,O3_8h,合肥,36.0
20170124,7,O3_8h_24h,合肥,49.0
20170124,7,CO,合肥,1.07
20170124,7,CO_24h,合肥,1.01
20170124,8,AQI,合肥,88.0
20170124,8,PM2.5,合肥,65.0
20170124,8,PM2.5_24h,合肥,63.0
20170124,8,PM10,合肥,84.0
20170124,8,PM10_24h,合肥,78.0
20170124,8,SO2,合肥,14.0
20170124,8,SO2_24h,合肥,20.0
20170124,8,NO2,合肥,74.0
20170124,8,NO2_24h,合肥,61.0
20170124,8,O3,合肥,21.0
20170124,8,O3_24h,合肥,84.0
20170124,8,O3_8h,合肥,34.0
20170124,8,O3_8h_24h,合肥,49.0
20170124,8,CO,合肥,1.16
20170124,8,CO_24h,合肥,1.01
20170124,9,AQI,合肥,93.0
20170124,9,PM2.5,合肥,69.0
20170124,9,PM2.5_24h,合肥,63.0
20170124,9,PM10,合肥,85.0
20170124,9,PM10_24h,合肥,77.0
20170124,9,SO2,合肥,16.0
20170124,9,SO2_24h,合肥,19.0
20170124,9,NO2,合肥,63.0
20170124,9,NO2_24h,合肥,60.0
20170124,9,O3,合肥,27.0
20170124,9,O3_24h,合肥,84.0
20170124,9,O3_8h,合肥,32.0
20170124,9,O3_8h_24h,合肥,49.0
20170124,9,CO,合肥,1.17
20170124,9,CO_24h,合肥,1.01
20170124,10,AQI,合肥,91.0
20170124,10,PM2.5,合肥,68.0
20170124,10,PM2.5_24h,合肥,63.0
20170124,10,PM10,合肥,84.0
20170124,10,PM10_24h,合肥,77.0
20170124,10,SO2,合肥,19.0
20170124,10,SO2_24h,合肥,19.0
20170124,10,NO2,合肥,53.0
20170124,10,NO2_24h,合肥,60.0
20170124,10,O3,合肥,38.0
20170124,10,O3_24h,合肥,84.0
20170124,10,O3_8h,合肥,31.0
20170124,10,O3_8h_24h,合肥,49.0
20170124,10,CO,合肥,1.17
20170124,10,CO_24h,合肥,0.99
20170124,11,AQI,合肥,90.0
20170124,11,PM2.5,合肥,67.0
20170124,11,PM2.5_24h,合肥,63.0
20170124,11,PM10,合肥,77.0
20170124,11,PM10_24h,合肥,76.0
20170124,11,SO2,合肥,20.0
20170124,11,SO2_24h,合肥,19.0
20170124,11,NO2,合肥,47.0
20170124,11,NO2_24h,合肥,59.0
20170124,11,O3,合肥,51.0
20170124,11,O3_24h,合肥,84.0
20170124,11,O3_8h,合肥,32.0
20170124,11,O3_8h_24h,合肥,49.0
20170124,11,CO,合肥,1.12
20170124,11,CO_24h,合肥,0.99
20170124,12,AQI,合肥,84.0
20170124,12,PM2.5,合肥,62.0
20170124,12,PM2.5_24h,合肥,62.0
20170124,12,PM10,合肥,65.0
20170124,12,PM10_24h,合肥,75.0
20170124,12,SO2,合肥,19.0
20170124,12,SO2_24h,合肥,18.0
20170124,12,NO2,合肥,43.0
20170124,12,NO2_24h,合肥,59.0
20170124,12,O3,合肥,61.0
20170124,12,O3_24h,合肥,84.0
20170124,12,O3_8h,合肥,36.0
20170124,12,O3_8h_24h,合肥,50.0
20170124,12,CO,合肥,1.03
20170124,12,CO_24h,合肥,0.99
20170124,13,AQI,合肥,76.0
20170124,13,PM2.5,合肥,56.0
20170124,13,PM2.5_24h,合肥,62.0
20170124,13,PM10,合肥,55.0
20170124,13,PM10_24h,合肥,74.0
20170124,13,SO2,合肥,20.0
20170124,13,SO2_24h,合肥,18.0
20170124,13,NO2,合肥,41.0
20170124,13,NO2_24h,合肥,58.0
20170124,13,O3,合肥,69.0
20170124,13,O3_24h,合肥,85.0
20170124,13,O3_8h,合肥,40.0
20170124,13,O3_8h_24h,合肥,51.0
20170124,13,CO,合肥,0.92
20170124,13,CO_24h,合肥,0.99
20170124,14,AQI,合肥,70.0
20170124,14,PM2.5,合肥,51.0
20170124,14,PM2.5_24h,合肥,61.0
20170124,14,PM10,合肥,66.0
20170124,14,PM10_24h,合肥,73.0
20170124,14,SO2,合肥,20.0
20170124,14,SO2_24h,合肥,18.0
20170124,14,NO2,合肥,39.0
20170124,14,NO2_24h,合肥,58.0
20170124,14,O3,合肥,75.0
20170124,14,O3_24h,合肥,83.0
20170124,14,O3_8h,合肥,46.0
20170124,14,O3_8h_24h,合肥,53.0
20170124,14,CO,合肥,0.87
20170124,14,CO_24h,合肥,0.98
20170124,15,AQI,合肥,63.0
20170124,15,PM2.5,合肥,45.0
20170124,15,PM2.5_24h,合肥,59.0
20170124,15,PM10,合肥,54.0
20170124,15,PM10_24h,合肥,72.0
20170124,15,SO2,合肥,20.0
20170124,15,SO2_24h,合肥,18.0
20170124,15,NO2,合肥,42.0
20170124,15,NO2_24h,合肥,58.0
20170124,15,O3,合肥,74.0
20170124,15,O3_24h,合肥,80.0
20170124,15,O3_8h,合肥,52.0
20170124,15,O3_8h_24h,合肥,56.0
20170124,15,CO,合肥,0.78
20170124,15,CO_24h,合肥,0.97
20170124,16,AQI,合肥,60.0
20170124,16,PM2.5,合肥,43.0
20170124,16,PM2.5_24h,合肥,58.0
20170124,16,PM10,合肥,51.0
20170124,16,PM10_24h,合肥,71.0
20170124,16,SO2,合肥,18.0
20170124,16,SO2_24h,合肥,18.0
20170124,16,NO2,合肥,46.0
20170124,16,NO2_24h,合肥,58.0
20170124,16,O3,合肥,81.0
20170124,16,O3_24h,合肥,85.0
20170124,16,O3_8h,合肥,60.0
20170124,16,O3_8h_24h,合肥,61.0
20170124,16,CO,合肥,0.7
20170124,16,CO_24h,合肥,0.96
20170124,17,AQI,合肥,59.0
20170124,17,PM2.5,合肥,42.0
20170124,17,PM2.5_24h,合肥,57.0
20170124,17,PM10,合肥,57.0
20170124,17,PM10_24h,合肥,70.0
20170124,17,SO2,合肥,19.0
20170124,17,SO2_24h,合肥,17.0
20170124,17,NO2,合肥,49.0
20170124,17,NO2_24h,合肥,57.0
20170124,17,O3,合肥,67.0
20170124,17,O3_24h,合肥,86.0
20170124,17,O3_8h,合肥,65.0
20170124,17,O3_8h_24h,合肥,65.0
20170124,17,CO,合肥,0.81
20170124,17,CO_24h,合肥,0.93
20170124,18,AQI,合肥,65.0
20170124,18,PM2.5,合肥,46.0
20170124,18,PM2.5_24h,合肥,57.0
20170124,18,PM10,合肥,80.0
20170124,18,PM10_24h,合肥,69.0
20170124,18,SO2,合肥,17.0
20170124,18,SO2_24h,合肥,17.0
20170124,18,NO2,合肥,66.0
20170124,18,NO2_24h,合肥,57.0
20170124,18,O3,合肥,50.0
20170124,18,O3_24h,合肥,86.0
20170124,18,O3_8h,合肥,66.0
20170124,18,O3_8h_24h,合肥,66.0
20170124,18,CO,合肥,0.88
20170124,18,CO_24h,合肥,0.94
20170124,19,AQI,合肥,76.0
20170124,19,PM2.5,合肥,56.0
20170124,19,PM2.5_24h,合肥,56.0
20170124,19,PM10,合肥,80.0
20170124,19,PM10_24h,合肥,69.0
20170124,19,SO2,合肥,16.0
20170124,19,SO2_24h,合肥,17.0
20170124,19,NO2,合肥,66.0
20170124,19,NO2_24h,合肥,57.0
20170124,19,O3,合肥,46.0
20170124,19,O3_24h,合肥,86.0
20170124,19,O3_8h,合肥,65.0
20170124,19,O3_8h_24h,合肥,67.0
20170124,19,CO,合肥,0.84
20170124,19,CO_24h,合肥,0.93
20170124,20,AQI,合肥,83.0
20170124,20,PM2.5,合肥,61.0
20170124,20,PM2.5_24h,合肥,56.0
20170124,20,PM10,合肥,72.0
20170124,20,PM10_24h,合肥,69.0
20170124,20,SO2,合肥,16.0
20170124,20,SO2_24h,合肥,17.0
20170124,20,NO2,合肥,66.0
20170124,20,NO2_24h,合肥,57.0
20170124,20,O3,合肥,45.0
20170124,20,O3_24h,合肥,86.0
20170124,20,O3_8h,合肥,64.0
20170124,20,O3_8h_24h,合肥,67.0
20170124,20,CO,合肥,0.81
20170124,20,CO_24h,合肥,0.92
20170124,21,AQI,合肥,78.0
20170124,21,PM2.5,合肥,57.0
20170124,21,PM2.5_24h,合肥,55.0
20170124,21,PM10,合肥,65.0
20170124,21,PM10_24h,合肥,68.0
20170124,21,SO2,合肥,16.0
20170124,21,SO2_24h,合肥,17.0
20170124,21,NO2,合肥,62.0
20170124,21,NO2_24h,合肥,57.0
20170124,21,O3,合肥,45.0
20170124,21,O3_24h,合肥,86.0
20170124,21,O3_8h,合肥,60.0
20170124,21,O3_8h_24h,合肥,67.0
20170124,21,CO,合肥,0.77
20170124,21,CO_24h,合肥,0.92
20170124,22,AQI,合肥,71.0
20170124,22,PM2.5,合肥,52.0
20170124,22,PM2.5_24h,合肥,55.0
20170124,22,PM10,合肥,60.0
20170124,22,PM10_24h,合肥,67.0
20170124,22,SO2,合肥,15.0
20170124,22,SO2_24h,合肥,17.0
20170124,22,NO2,合肥,61.0
20170124,22,NO2_24h,合肥,56.0
20170124,22,O3,合肥,43.0
20170124,22,O3_24h,合肥,86.0
20170124,22,O3_8h,合肥,57.0
20170124,22,O3_8h_24h,合肥,67.0
20170124,22,CO,合肥,0.76
20170124,22,CO_24h,合肥,0.93
20170124,23,AQI,合肥,70.0
20170124,23,PM2.5,合肥,51.0
20170124,23,PM2.5_24h,合肥,54.0
20170124,23,PM10,合肥,59.0
20170124,23,PM10_24h,合肥,67.0
20170124,23,SO2,合肥,15.0
20170124,23,SO2_24h,合肥,17.0
20170124,23,NO2,合肥,67.0
20170124,23,NO2_24h,合肥,57.0
20170124,23,O3,合肥,36.0
20170124,23,O3_24h,合肥,86.0
20170124,23,O3_8h,合肥,52.0
20170124,23,O3_8h_24h,合肥,67.0
20170124,23,CO,合肥,0.78
20170124,23,CO_24h,合肥,0.92
20170124,0,AQI,福州,43.0
20170124,0,PM2.5,福州,24.0
20170124,0,PM2.5_24h,福州,43.0
20170124,0,PM10,福州,43.0
20170124,0,PM10_24h,福州,68.0
20170124,0,SO2,福州,8.0
20170124,0,SO2_24h,福州,9.0
20170124,0,NO2,福州,12.0
20170124,0,NO2_24h,福州,20.0
20170124,0,O3,福州,103.0
20170124,0,O3_24h,福州,121.0
20170124,0,O3_8h,福州,114.0
20170124,0,O3_8h_24h,福州,117.0
20170124,0,CO,福州,0.48
20170124,0,CO_24h,福州,0.7
20170124,1,AQI,福州,38.0
20170124,1,PM2.5,福州,20.0
20170124,1,PM2.5_24h,福州,42.0
20170124,1,PM10,福州,38.0
20170124,1,PM10_24h,福州,66.0
20170124,1,SO2,福州,8.0
20170124,1,SO2_24h,福州,9.0
20170124,1,NO2,福州,11.0
20170124,1,NO2_24h,福州,19.0
20170124,1,O3,福州,99.0
20170124,1,O3_24h,福州,121.0
20170124,1,O3_8h,福州,99.0
20170124,1,O3_8h_24h,福州,99.0
20170124,1,CO,福州,0.5
20170124,1,CO_24h,福州,0.7
20170124,2,AQI,福州,40.0
20170124,2,PM2.5,福州,22.0
20170124,2,PM2.5_24h,福州,41.0
20170124,2,PM10,福州,40.0
20170124,2,PM10_24h,福州,65.0
20170124,2,SO2,福州,8.0
20170124,2,SO2_24h,福州,9.0
20170124,2,NO2,福州,11.0
20170124,2,NO2_24h,福州,19.0
20170124,2,O3,福州,95.0
20170124,2,O3_24h,福州,121.0
20170124,2,O3_8h,福州,97.0
20170124,2,O3_8h_24h,福州,99.0
20170124,2,CO,福州,0.58
20170124,2,CO_24h,福州,0.7
20170124,3,AQI,福州,38.0
20170124,3,PM2.5,福州,20.0
20170124,3,PM2.5_24h,福州,39.0
20170124,3,PM10,福州,38.0
20170124,3,PM10_24h,福州,64.0
20170124,3,SO2,福州,8.0
20170124,3,SO2_24h,福州,9.0
20170124,3,NO2,福州,10.0
20170124,3,NO2_24h,福州,19.0
20170124,3,O3,福州,94.0
20170124,3,O3_24h,福州,121.0
20170124,3,O3_8h,福州,96.0
20170124,3,O3_8h_24h,福州,99.0
20170124,3,CO,福州,0.54
20170124,3,CO_24h,福州,0.66
20170124,4,AQI,福州,38.0
20170124,4,PM2.5,福州,21.0
20170124,4,PM2.5_24h,福州,38.0
20170124,4,PM10,福州,38.0
20170124,4,PM10_24h,福州,62.0
20170124,4,SO2,福州,8.0
20170124,4,SO2_24h,福州,9.0
20170124,4,NO2,福州,9.0
20170124,4,NO2_24h,福州,18.0
20170124,4,O3,福州,91.0
20170124,4,O3_24h,福州,121.0
20170124,4,O3_8h,福州,95.0
20170124,4,O3_8h_24h,福州,99.0
20170124,4,CO,福州,0.52
20170124,4,CO_24h,福州,0.66
20170124,5,AQI,福州,39.0
20170124,5,PM2.5,福州,22.0
20170124,5,PM2.5_24h,福州,37.0
20170124,5,PM10,福州,39.0
20170124,5,PM10_24h,福州,61.0
20170124,5,SO2,福州,7.0
20170124,5,SO2_24h,福州,9.0
20170124,5,NO2,福州,10.0
20170124,5,NO2_24h,福州,18.0
20170124,5,O3,福州,88.0
20170124,5,O3_24h,福州,121.0
20170124,5,O3_8h,福州,94.0
20170124,5,O3_8h_24h,福州,99.0
20170124,5,CO,福州,0.52
20170124,5,CO_24h,福州,0.64
20170124,6,AQI,福州,42.0
20170124,6,PM2.5,福州,23.0
20170124,6,PM2.5_24h,福州,36.0
20170124,6,PM10,福州,42.0
20170124,6,PM10_24h,福州,60.0
20170124,6,SO2,福州,8.0
20170124,6,SO2_24h,福州,9.0
20170124,6,NO2,福州,11.0
20170124,6,NO2_24h,福州,18.0
20170124,6,O3,福州,85.0
20170124,6,O3_24h,福州,121.0
20170124,6,O3_8h,福州,92.0
20170124,6,O3_8h_24h,福州,99.0
20170124,6,CO,福州,0.52
20170124,6,CO_24h,福州,0.64
20170124,7,AQI,福州,44.0
20170124,7,PM2.5,福州,24.0
20170124,7,PM2.5_24h,福州,35.0
20170124,7,PM10,福州,44.0
20170124,7,PM10_24h,福州,59.0
20170124,7,SO2,福州,8.0
20170124,7,SO2_24h,福州,9.0
20170124,7,NO2,福州,15.0
20170124,7,NO2_24h,福州,17.0
20170124,7,O3,福州,78.0
20170124,7,O3_24h,福州,121.0
20170124,7,O3_8h,福州,90.0
20170124,7,O3_8h_24h,福州,99.0
20170124,7,CO,福州,0.52
20170124,7,CO_24h,福州,0.64
20170124,8,AQI,福州,44.0
20170124,8,PM2.5,福州,24.0
20170124,8,PM2.5_24h,福州,34.0
20170124,8,PM10,福州,44.0
20170124,8,PM10_24h,福州,58.0
20170124,8,SO2,福州,7.0
20170124,8,SO2_24h,福州,9.0
20170124,8,NO2,福州,24.0
20170124,8,NO2_24h,福州,17.0
20170124,8,O3,福州,69.0
20170124,8,O3_24h,福州,121.0
20170124,8,O3_8h,福州,88.0
20170124,8,O3_8h_24h,福州,99.0
20170124,8,CO,福州,0.54
20170124,8,CO_24h,福州,0.64
20170124,9,AQI,福州,47.0
20170124,9,PM2.5,福州,24.0
20170124,9,PM2.5_24h,福州,33.0
20170124,9,PM10,福州,47.0
20170124,9,PM10_24h,福州,57.0
20170124,9,SO2,福州,7.0
20170124,9,SO2_24h,福州,9.0
20170124,9,NO2,福州,29.0
20170124,9,NO2_24h,福州,17.0
20170124,9,O3,福州,63.0
20170124,9,O3_24h,福州,121.0
20170124,9,O3_8h,福州,83.0
20170124,9,O3_8h_24h,福州,99.0
20170124,9,CO,福州,0.54
20170124,9,CO_24h,福州,0.6
20170124,10,AQI,福州,50.0
20170124,10,PM2.5,福州,25.0
20170124,10,PM2.5_24h,福州,32.0
20170124,10,PM10,福州,50.0
20170124,10,PM10_24h,福州,56.0
20170124,10,SO2,福州,8.0
20170124,10,SO2_24h,福州,9.0
20170124,10,NO2,福州,31.0
20170124,10,NO2_24h,福州,17.0
20170124,10,O3,福州,60.0
20170124,10,O3_24h,福州,121.0
20170124,10,O3_8h,福州,79.0
20170124,10,O3_8h_24h,福州,99.0
20170124,10,CO,福州,0.58
20170124,10,CO_24h,福州,0.58
20170124,11,AQI,福州,48.0
20170124,11,PM2.5,福州,25.0
20170124,11,PM2.5_24h,福州,31.0
20170124,11,PM10,福州,48.0
20170124,11,PM10_24h,福州,55.0
20170124,11,SO2,福州,7.0
20170124,11,SO2_24h,福州,9.0
20170124,11,NO2,福州,28.0
20170124,11,NO2_24h,福州,18.0
20170124,11,O3,福州,63.0
20170124,11,O3_24h,福州,121.0
20170124,11,O3_8h,福州,75.0
20170124,11,O3_8h_24h,福州,99.0
20170124,11,CO,福州,0.6
20170124,11,CO_24h,福州,0.58
20170124,12,AQI,福州,46.0
20170124,12,PM2.5,福州,26.0
20170124,12,PM2.5_24h,福州,31.0
20170124,12,PM10,福州,46.0
20170124,12,PM10_24h,福州,54.0
20170124,12,SO2,福州,7.0
20170124,12,SO2_24h,福州,9.0
20170124,12,NO2,福州,26.0
20170124,12,NO2_24h,福州,18.0
20170124,12,O3,福州,66.0
20170124,12,O3_24h,福州,121.0
20170124,12,O3_8h,福州,72.0
20170124,12,O3_8h_24h,福州,99.0
20170124,12,CO,福州,0.56
20170124,12,CO_24h,福州,0.58
20170124,13,AQI,福州,43.0
20170124,13,PM2.5,福州,23.0
20170124,13,PM2.5_24h,福州,30.0
20170124,13,PM10,福州,43.0
20170124,13,PM10_24h,福州,53.0
20170124,13,SO2,福州,7.0
20170124,13,SO2_24h,福州,9.0
20170124,13,NO2,福州,22.0
20170124,13,NO2_24h,福州,18.0
20170124,13,O3,福州,72.0
20170124,13,O3_24h,福州,121.0
20170124,13,O3_8h,福州,70.0
20170124,13,O3_8h_24h,福州,99.0
20170124,13,CO,福州,0.52
20170124,13,CO_24h,福州,0.58
20170124,14,AQI,福州,43.0
20170124,14,PM2.5,福州,21.0
20170124,14,PM2.5_24h,福州,29.0
20170124,14,PM10,福州,43.0
20170124,14,PM10_24h,福州,52.0
20170124,14,SO2,福州,6.0
20170124,14,SO2_24h,福州,8.0
20170124,14,NO2,福州,22.0
20170124,14,NO2_24h,福州,18.0
20170124,14,O3,福州,71.0
20170124,14,O3_24h,福州,121.0
20170124,14,O3_8h,福州,68.0
20170124,14,O3_8h_24h,福州,99.0
20170124,14,CO,福州,0.52
20170124,14,CO_24h,福州,0.56
20170124,15,AQI,福州,45.0
20170124,15,PM2.5,福州,21.0
20170124,15,PM2.5_24h,福州,29.0
20170124,15,PM10,福州,45.0
20170124,15,PM10_24h,福州,51.0
20170124,15,SO2,福州,6.0
20170124,15,SO2_24h,福州,8.0
20170124,15,NO2,福州,23.0
20170124,15,NO2_24h,福州,18.0
20170124,15,O3,福州,70.0
20170124,15,O3_24h,福州,121.0
20170124,15,O3_8h,福州,67.0
20170124,15,O3_8h_24h,福州,99.0
20170124,15,CO,福州,0.54
20170124,15,CO_24h,福州,0.54
20170124,16,AQI,福州,42.0
20170124,16,PM2.5,福州,18.0
20170124,16,PM2.5_24h,福州,28.0
20170124,16,PM10,福州,42.0
20170124,16,PM10_24h,福州,51.0
20170124,16,SO2,福州,6.0
20170124,16,SO2_24h,福州,8.0
20170124,16,NO2,福州,18.0
20170124,16,NO2_24h,福州,19.0
20170124,16,O3,福州,72.0
20170124,16,O3_24h,福州,121.0
20170124,16,O3_8h,福州,67.0
20170124,16,O3_8h_24h,福州,99.0
20170124,16,CO,福州,0.52
20170124,16,CO_24h,福州,0.54
20170124,17,AQI,福州,30.0
20170124,17,PM2.5,福州,16.0
20170124,17,PM2.5_24h,福州,27.0
20170124,17,PM10,福州,30.0
20170124,17,PM10_24h,福州,49.0
20170124,17,SO2,福州,5.0
20170124,17,SO2_24h,福州,8.0
20170124,17,NO2,福州,15.0
20170124,17,NO2_24h,福州,18.0
20170124,17,O3,福州,77.0
20170124,17,O3_24h,福州,120.0
20170124,17,O3_8h,福州,69.0
20170124,17,O3_8h_24h,福州,99.0
20170124,17,CO,福州,0.44
20170124,17,CO_24h,福州,0.54
20170124,18,AQI,福州,29.0
20170124,18,PM2.5,福州,16.0
20170124,18,PM2.5_24h,福州,25.0
20170124,18,PM10,福州,29.0
20170124,18,PM10_24h,福州,47.0
20170124,18,SO2,福州,5.0
20170124,18,SO2_24h,福州,8.0
20170124,18,NO2,福州,16.0
20170124,18,NO2_24h,福州,18.0
20170124,18,O3,福州,79.0
20170124,18,O3_24h,福州,120.0
20170124,18,O3_8h,福州,71.0
20170124,18,O3_8h_24h,福州,99.0
20170124,18,CO,福州,0.44
20170124,18,CO_24h,福州,0.52
20170124,19,AQI,福州,26.0
20170124,19,PM2.5,福州,15.0
20170124,19,PM2.5_24h,福州,24.0
20170124,19,PM10,福州,26.0
20170124,19,PM10_24h,福州,45.0
20170124,19,SO2,福州,5.0
20170124,19,SO2_24h,福州,8.0
20170124,19,NO2,福州,18.0
20170124,19,NO2_24h,福州,18.0
20170124,19,O3,福州,77.0
20170124,19,O3_24h,福州,118.0
20170124,19,O3_8h,福州,73.0
20170124,19,O3_8h_24h,福州,99.0
20170124,19,CO,福州,0.44
20170124,19,CO_24h,福州,0.52
20170124,20,AQI,福州,28.0
20170124,20,PM2.5,福州,15.0
20170124,20,PM2.5_24h,福州,23.0
20170124,20,PM10,福州,28.0
20170124,20,PM10_24h,福州,43.0
20170124,20,SO2,福州,5.0
20170124,20,SO2_24h,福州,8.0
20170124,20,NO2,福州,18.0
20170124,20,NO2_24h,福州,18.0
20170124,20,O3,福州,75.0
20170124,20,O3_24h,福州,117.0
20170124,20,O3_8h,福州,74.0
20170124,20,O3_8h_24h,福州,99.0
20170124,20,CO,福州,0.4
20170124,20,CO_24h,福州,0.52
20170124,21,AQI,福州,25.0
20170124,21,PM2.5,福州,14.0
20170124,21,PM2.5_24h,福州,22.0
20170124,21,PM10,福州,25.0
20170124,21,PM10_24h,福州,42.0
20170124,21,SO2,福州,5.0
20170124,21,SO2_24h,福州,7.0
20170124,21,NO2,福州,15.0
20170124,21,NO2_24h,福州,18.0
20170124,21,O3,福州,77.0
20170124,21,O3_24h,福州,114.0
20170124,21,O3_8h,福州,75.0
20170124,21,O3_8h_24h,福州,99.0
20170124,21,CO,福州,0.34
20170124,21,CO_24h,福州,0.52
20170124,22,AQI,福州,25.0
20170124,22,PM2.5,福州,13.0
20170124,22,PM2.5_24h,福州,21.0
20170124,22,PM10,福州,22.0
20170124,22,PM10_24h,福州,40.0
20170124,22,SO2,福州,5.0
20170124,22,SO2_24h,福州,7.0
20170124,22,NO2,福州,14.0
20170124,22,NO2_24h,福州,18.0
20170124,22,O3,福州,79.0
20170124,22,O3_24h,福州,108.0
20170124,22,O3_8h,福州,75.0
20170124,22,O3_8h_24h,福州,99.0
20170124,22,CO,福州,0.34
20170124,22,CO_24h,福州,0.52
20170124,23,AQI,福州,24.0
20170124,23,PM2.5,福州,13.0
20170124,23,PM2.5_24h,福州,20.0
20170124,23,PM10,福州,23.0
20170124,23,PM10_24h,福州,38.0
20170124,23,SO2,福州,4.0
20170124,23,SO2_24h,福州,7.0
20170124,23,NO2,福州,14.0
20170124,23,NO2_24h,福州,18.0
20170124,23,O3,福州,78.0
20170124,23,O3_24h,福州,103.0
20170124,23,O3_8h,福州,77.0
20170124,23,O3_8h_24h,福州,99.0
20170124,23,CO,福州,0.34
20170124,23,CO_24h,福州,0.5
20170124,0,AQI,厦门,55.0
20170124,0,PM2.5,厦门,33.0
20170124,0,PM2.5_24h,厦门,38.0
20170124,0,PM10,厦门,59.0
20170124,0,PM10_24h,厦门,61.0
20170124,0,SO2,厦门,12.0
20170124,0,SO2_24h,厦门,11.0
20170124,0,NO2,厦门,22.0
20170124,0,NO2_24h,厦门,18.0
20170124,0,O3,厦门,85.0
20170124,0,O3_24h,厦门,100.0
20170124,0,O3_8h,厦门,90.0
20170124,0,O3_8h_24h,厦门,93.0
20170124,0,CO,厦门,0.57
20170124,0,CO_24h,厦门,0.63
20170124,1,AQI,厦门,54.0
20170124,1,PM2.5,厦门,34.0
20170124,1,PM2.5_24h,厦门,38.0
20170124,1,PM10,厦门,57.0
20170124,1,PM10_24h,厦门,61.0
20170124,1,SO2,厦门,11.0
20170124,1,SO2_24h,厦门,11.0
20170124,1,NO2,厦门,17.0
20170124,1,NO2_24h,厦门,18.0
20170124,1,O3,厦门,86.0
20170124,1,O3_24h,厦门,100.0
20170124,1,O3_8h,厦门,86.0
20170124,1,O3_8h_24h,厦门,86.0
20170124,1,CO,厦门,0.53
20170124,1,CO_24h,厦门,0.63
20170124,2,AQI,厦门,50.0
20170124,2,PM2.5,厦门,30.0
20170124,2,PM2.5_24h,厦门,38.0
20170124,2,PM10,厦门,50.0
20170124,2,PM10_24h,厦门,61.0
20170124,2,SO2,厦门,11.0
20170124,2,SO2_24h,厦门,11.0
20170124,2,NO2,厦门,13.0
20170124,2,NO2_24h,厦门,18.0
20170124,2,O3,厦门,88.0
20170124,2,O3_24h,厦门,100.0
20170124,2,O3_8h,厦门,87.0
20170124,2,O3_8h_24h,厦门,88.0
20170124,2,CO,厦门,0.5
20170124,2,CO_24h,厦门,0.63
20170124,3,AQI,厦门,48.0
20170124,3,PM2.5,厦门,26.0
20170124,3,PM2.5_24h,厦门,37.0
20170124,3,PM10,厦门,48.0
20170124,3,PM10_24h,厦门,61.0
20170124,3,SO2,厦门,10.0
20170124,3,SO2_24h,厦门,11.0
20170124,3,NO2,厦门,10.0
20170124,3,NO2_24h,厦门,18.0
20170124,3,O3,厦门,90.0
20170124,3,O3_24h,厦门,100.0
20170124,3,O3_8h,厦门,88.0
20170124,3,O3_8h_24h,厦门,89.0
20170124,3,CO,厦门,0.5
20170124,3,CO_24h,厦门,0.6
20170124,4,AQI,厦门,47.0
20170124,4,PM2.5,厦门,24.0
20170124,4,PM2.5_24h,厦门,37.0
20170124,4,PM10,厦门,47.0
20170124,4,PM10_24h,厦门,61.0
20170124,4,SO2,厦门,9.0
20170124,4,SO2_24h,厦门,11.0
20170124,4,NO2,厦门,8.0
20170124,4,NO2_24h,厦门,18.0
20170124,4,O3,厦门,88.0
20170124,4,O3_24h,厦门,100.0
20170124,4,O3_8h,厦门,88.0
20170124,4,O3_8h_24h,厦门,89.0
20170124,4,CO,厦门,0.47
20170124,4,CO_24h,厦门,0.6
20170124,5,AQI,厦门,43.0
20170124,5,PM2.5,厦门,23.0
20170124,5,PM2.5_24h,厦门,36.0
20170124,5,PM10,厦门,43.0
20170124,5,PM10_24h,厦门,60.0
20170124,5,SO2,厦门,8.0
20170124,5,SO2_24h,厦门,11.0
20170124,5,NO2,厦门,8.0
20170124,5,NO2_24h,厦门,17.0
20170124,5,O3,厦门,83.0
20170124,5,O3_24h,厦门,100.0
20170124,5,O3_8h,厦门,87.0
20170124,5,O3_8h_24h,厦门,89.0
20170124,5,CO,厦门,0.43
20170124,5,CO_24h,厦门,0.6
20170124,6,AQI,厦门,41.0
20170124,6,PM2.5,厦门,23.0
20170124,6,PM2.5_24h,厦门,36.0
20170124,6,PM10,厦门,41.0
20170124,6,PM10_24h,厦门,60.0
20170124,6,SO2,厦门,9.0
20170124,6,SO2_24h,厦门,11.0
20170124,6,NO2,厦门,13.0
20170124,6,NO2_24h,厦门,17.0
20170124,6,O3,厦门,79.0
20170124,6,O3_24h,厦门,100.0
20170124,6,O3_8h,厦门,86.0
20170124,6,O3_8h_24h,厦门,89.0
20170124,6,CO,厦门,0.47
20170124,6,CO_24h,厦门,0.6
20170124,7,AQI,厦门,40.0
20170124,7,PM2.5,厦门,21.0
20170124,7,PM2.5_24h,厦门,35.0
20170124,7,PM10,厦门,40.0
20170124,7,PM10_24h,厦门,59.0
20170124,7,SO2,厦门,7.0
20170124,7,SO2_24h,厦门,11.0
20170124,7,NO2,厦门,17.0
20170124,7,NO2_24h,厦门,17.0
20170124,7,O3,厦门,75.0
20170124,7,O3_24h,厦门,100.0
20170124,7,O3_8h,厦门,84.0
20170124,7,O3_8h_24h,厦门,89.0
20170124,7,CO,厦门,0.43
20170124,7,CO_24h,厦门,0.6
20170124,8,AQI,厦门,37.0
20170124,8,PM2.5,厦门,20.0
20170124,8,PM2.5_24h,厦门,34.0
20170124,8,PM10,厦门,37.0
20170124,8,PM10_24h,厦门,58.0
20170124,8,SO2,厦门,7.0
20170124,8,SO2_24h,厦门,11.0
20170124,8,NO2,厦门,28.0
20170124,8,NO2_24h,厦门,17.0
20170124,8,O3,厦门,68.0
20170124,8,O3_24h,厦门,100.0
20170124,8,O3_8h,厦门,82.0
20170124,8,O3_8h_24h,厦门,89.0
20170124,8,CO,厦门,0.5
20170124,8,CO_24h,厦门,0.6
20170124,9,AQI,厦门,37.0
20170124,9,PM2.5,厦门,19.0
20170124,9,PM2.5_24h,厦门,34.0
20170124,9,PM10,厦门,37.0
20170124,9,PM10_24h,厦门,58.0
20170124,9,SO2,厦门,6.0
20170124,9,SO2_24h,厦门,10.0
20170124,9,NO2,厦门,26.0
20170124,9,NO2_24h,厦门,16.0
20170124,9,O3,厦门,68.0
20170124,9,O3_24h,厦门,100.0
20170124,9,O3_8h,厦门,80.0
20170124,9,O3_8h_24h,厦门,89.0
20170124,9,CO,厦门,0.5
20170124,9,CO_24h,厦门,0.6
20170124,10,AQI,厦门,38.0
20170124,10,PM2.5,厦门,18.0
20170124,10,PM2.5_24h,厦门,33.0
20170124,10,PM10,厦门,38.0
20170124,10,PM10_24h,厦门,57.0
20170124,10,SO2,厦门,6.0
20170124,10,SO2_24h,厦门,10.0
20170124,10,NO2,厦门,20.0
20170124,10,NO2_24h,厦门,16.0
20170124,10,O3,厦门,70.0
20170124,10,O3_24h,厦门,100.0
20170124,10,O3_8h,厦门,78.0
20170124,10,O3_8h_24h,厦门,89.0
20170124,10,CO,厦门,0.47
20170124,10,CO_24h,厦门,0.57
20170124,11,AQI,厦门,27.0
20170124,11,PM2.5,厦门,14.0
20170124,11,PM2.5_24h,厦门,32.0
20170124,11,PM10,厦门,27.0
20170124,11,PM10_24h,厦门,56.0
20170124,11,SO2,厦门,6.0
20170124,11,SO2_24h,厦门,10.0
20170124,11,NO2,厦门,20.0
20170124,11,NO2_24h,厦门,16.0
20170124,11,O3,厦门,74.0
20170124,11,O3_24h,厦门,100.0
20170124,11,O3_8h,厦门,76.0
20170124,11,O3_8h_24h,厦门,89.0
20170124,11,CO,厦门,0.43
20170124,11,CO_24h,厦门,0.57
20170124,12,AQI,厦门,28.0
20170124,12,PM2.5,厦门,17.0
20170124,12,PM2.5_24h,厦门,31.0
20170124,12,PM10,厦门,28.0
20170124,12,PM10_24h,厦门,55.0
20170124,12,SO2,厦门,6.0
20170124,12,SO2_24h,厦门,10.0
20170124,12,NO2,厦门,16.0
20170124,12,NO2_24h,厦门,17.0
20170124,12,O3,厦门,73.0
20170124,12,O3_24h,厦门,100.0
20170124,12,O3_8h,厦门,74.0
20170124,12,O3_8h_24h,厦门,89.0
20170124,12,CO,厦门,0.4
20170124,12,CO_24h,厦门,0.53
20170124,13,AQI,厦门,36.0
20170124,13,PM2.5,厦门,21.0
20170124,13,PM2.5_24h,厦门,30.0
20170124,13,PM10,厦门,36.0
20170124,13,PM10_24h,厦门,53.0
20170124,13,SO2,厦门,6.0
20170124,13,SO2_24h,厦门,10.0
20170124,13,NO2,厦门,13.0
20170124,13,NO2_24h,厦门,17.0
20170124,13,O3,厦门,76.0
20170124,13,O3_24h,厦门,100.0
20170124,13,O3_8h,厦门,73.0
20170124,13,O3_8h_24h,厦门,89.0
20170124,13,CO,厦门,0.43
20170124,13,CO_24h,厦门,0.53
20170124,14,AQI,厦门,40.0
20170124,14,PM2.5,厦门,22.0
20170124,14,PM2.5_24h,厦门,30.0
20170124,14,PM10,厦门,40.0
20170124,14,PM10_24h,厦门,52.0
20170124,14,SO2,厦门,7.0
20170124,14,SO2_24h,厦门,9.0
20170124,14,NO2,厦门,12.0
20170124,14,NO2_24h,厦门,17.0
20170124,14,O3,厦门,82.0
20170124,14,O3_24h,厦门,100.0
20170124,14,O3_8h,厦门,73.0
20170124,14,O3_8h_24h,厦门,89.0
20170124,14,CO,厦门,0.43
20170124,14,CO_24h,厦门,0.53
20170124,15,AQI,厦门,40.0
20170124,15,PM2.5,厦门,21.0
20170124,15,PM2.5_24h,厦门,28.0
20170124,15,PM10,厦门,40.0
20170124,15,PM10_24h,厦门,51.0
20170124,15,SO2,厦门,7.0
20170124,15,SO2_24h,厦门,9.0
20170124,15,NO2,厦门,7.0
20170124,15,NO2_24h,厦门,16.0
20170124,15,O3,厦门,86.0
20170124,15,O3_24h,厦门,99.0
20170124,15,O3_8h,厦门,75.0
20170124,15,O3_8h_24h,厦门,89.0
20170124,15,CO,厦门,0.4
20170124,15,CO_24h,厦门,0.53
20170124,16,AQI,厦门,41.0
20170124,16,PM2.5,厦门,20.0
20170124,16,PM2.5_24h,厦门,27.0
20170124,16,PM10,厦门,41.0
20170124,16,PM10_24h,厦门,50.0
20170124,16,SO2,厦门,7.0
20170124,16,SO2_24h,厦门,9.0
20170124,16,NO2,厦门,9.0
20170124,16,NO2_24h,厦门,16.0
20170124,16,O3,厦门,84.0
20170124,16,O3_24h,厦门,97.0
20170124,16,O3_8h,厦门,77.0
20170124,16,O3_8h_24h,厦门,89.0
20170124,16,CO,厦门,0.4
20170124,16,CO_24h,厦门,0.53
20170124,17,AQI,厦门,39.0
20170124,17,PM2.5,厦门,20.0
20170124,17,PM2.5_24h,厦门,26.0
20170124,17,PM10,厦门,39.0
20170124,17,PM10_24h,厦门,48.0
20170124,17,SO2,厦门,7.0
20170124,17,SO2_24h,厦门,9.0
20170124,17,NO2,厦门,14.0
20170124,17,NO2_24h,厦门,16.0
20170124,17,O3,厦门,83.0
20170124,17,O3_24h,厦门,95.0
20170124,17,O3_8h,厦门,79.0
20170124,17,O3_8h_24h,厦门,89.0
20170124,17,CO,厦门,0.4
20170124,17,CO_24h,厦门,0.53
20170124,18,AQI,厦门,40.0
20170124,18,PM2.5,厦门,21.0
20170124,18,PM2.5_24h,厦门,25.0
20170124,18,PM10,厦门,40.0
20170124,18,PM10_24h,厦门,47.0
20170124,18,SO2,厦门,6.0
20170124,18,SO2_24h,厦门,9.0
20170124,18,NO2,厦门,17.0
20170124,18,NO2_24h,厦门,16.0
20170124,18,O3,厦门,76.0
20170124,18,O3_24h,厦门,95.0
20170124,18,O3_8h,厦门,79.0
20170124,18,O3_8h_24h,厦门,89.0
20170124,18,CO,厦门,0.4
20170124,18,CO_24h,厦门,0.5
20170124,19,AQI,厦门,43.0
20170124,19,PM2.5,厦门,20.0
20170124,19,PM2.5_24h,厦门,25.0
20170124,19,PM10,厦门,43.0
20170124,19,PM10_24h,厦门,46.0
20170124,19,SO2,厦门,6.0
20170124,19,SO2_24h,厦门,9.0
20170124,19,NO2,厦门,21.0
20170124,19,NO2_24h,厦门,17.0
20170124,19,O3,厦门,66.0
20170124,19,O3_24h,厦门,95.0
20170124,19,O3_8h,厦门,78.0
20170124,19,O3_8h_24h,厦门,89.0
20170124,19,CO,厦门,0.43
20170124,19,CO_24h,厦门,0.5
20170124,20,AQI,厦门,41.0
20170124,20,PM2.5,厦门,21.0
20170124,20,PM2.5_24h,厦门,24.0
20170124,20,PM10,厦门,41.0
20170124,20,PM10_24h,厦门,45.0
20170124,20,SO2,厦门,6.0
20170124,20,SO2_24h,厦门,8.0
20170124,20,NO2,厦门,23.0
20170124,20,NO2_24h,厦门,17.0
20170124,20,O3,厦门,65.0
20170124,20,O3_24h,厦门,95.0
20170124,20,O3_8h,厦门,77.0
20170124,20,O3_8h_24h,厦门,89.0
20170124,20,CO,厦门,0.43
20170124,20,CO_24h,厦门,0.43
20170124,21,AQI,厦门,33.0
20170124,21,PM2.5,厦门,19.0
20170124,21,PM2.5_24h,厦门,23.0
20170124,21,PM10,厦门,33.0
20170124,21,PM10_24h,厦门,44.0
20170124,21,SO2,厦门,7.0
20170124,21,SO2_24h,厦门,8.0
20170124,21,NO2,厦门,22.0
20170124,21,NO2_24h,厦门,17.0
20170124,21,O3,厦门,65.0
20170124,21,O3_24h,厦门,95.0
20170124,21,O3_8h,厦门,76.0
20170124,21,O3_8h_24h,厦门,89.0
20170124,21,CO,厦门,0.43
20170124,21,CO_24h,厦门,0.43
20170124,22,AQI,厦门,27.0
20170124,22,PM2.5,厦门,17.0
20170124,22,PM2.5_24h,厦门,22.0
20170124,22,PM10,厦门,27.0
20170124,22,PM10_24h,厦门,42.0
20170124,22,SO2,厦门,6.0
20170124,22,SO2_24h,厦门,8.0
20170124,22,NO2,厦门,19.0
20170124,22,NO2_24h,厦门,17.0
20170124,22,O3,厦门,65.0
20170124,22,O3_24h,厦门,93.0
20170124,22,O3_8h,厦门,74.0
20170124,22,O3_8h_24h,厦门,89.0
20170124,22,CO,厦门,0.37
20170124,22,CO_24h,厦门,0.43
20170124,23,AQI,厦门,29.0
20170124,23,PM2.5,厦门,16.0
20170124,23,PM2.5_24h,厦门,22.0
20170124,23,PM10,厦门,29.0
20170124,23,PM10_24h,厦门,40.0
20170124,23,SO2,厦门,6.0
20170124,23,SO2_24h,厦门,8.0
20170124,23,NO2,厦门,20.0
20170124,23,NO2_24h,厦门,17.0
20170124,23,O3,厦门,63.0
20170124,23,O3_24h,厦门,93.0
20170124,23,O3_8h,厦门,71.0
20170124,23,O3_8h_24h,厦门,89.0
20170124,23,CO,厦门,0.4
20170124,23,CO_24h,厦门,0.43
20170124,0,AQI,南昌,88.0
20170124,0,PM2.5,南昌,65.0
20170124,0,PM2.5_24h,南昌,53.0
20170124,0,PM10,南昌,116.0
20170124,0,PM10_24h,南昌,97.0
20170124,0,SO2,南昌,26.0
20170124,0,SO2_24h,南昌,23.0
20170124,0,NO2,南昌,38.0
20170124,0,NO2_24h,南昌,36.0
20170124,0,O3,南昌,53.0
20170124,0,O3_24h,南昌,108.0
20170124,0,O3_8h,南昌,66.0
20170124,0,O3_8h_24h,南昌,89.0
20170124,0,CO,南昌,1.35
20170124,0,CO_24h,南昌,1.07
20170124,1,AQI,南昌,90.0
20170124,1,PM2.5,南昌,67.0
20170124,1,PM2.5_24h,南昌,53.0
20170124,1,PM10,南昌,115.0
20170124,1,PM10_24h,南昌,97.0
20170124,1,SO2,南昌,28.0
20170124,1,SO2_24h,南昌,23.0
20170124,1,NO2,南昌,40.0
20170124,1,NO2_24h,南昌,37.0
20170124,1,O3,南昌,50.0
20170124,1,O3_24h,南昌,108.0
20170124,1,O3_8h,南昌,50.0
20170124,1,O3_8h_24h,南昌,50.0
20170124,1,CO,南昌,1.4
20170124,1,CO_24h,南昌,1.1
20170124,2,AQI,南昌,86.0
20170124,2,PM2.5,南昌,64.0
20170124,2,PM2.5_24h,南昌,53.0
20170124,2,PM10,南昌,109.0
20170124,2,PM10_24h,南昌,98.0
20170124,2,SO2,南昌,26.0
20170124,2,SO2_24h,南昌,24.0
20170124,2,NO2,南昌,37.0
20170124,2,NO2_24h,南昌,37.0
20170124,2,O3,南昌,50.0
20170124,2,O3_24h,南昌,108.0
20170124,2,O3_8h,南昌,50.0
20170124,2,O3_8h_24h,南昌,51.0
20170124,2,CO,南昌,1.35
20170124,2,CO_24h,南昌,1.12
20170124,3,AQI,南昌,88.0
20170124,3,PM2.5,南昌,65.0
20170124,3,PM2.5_24h,南昌,53.0
20170124,3,PM10,南昌,106.0
20170124,3,PM10_24h,南昌,98.0
20170124,3,SO2,南昌,24.0
20170124,3,SO2_24h,南昌,24.0
20170124,3,NO2,南昌,34.0
20170124,3,NO2_24h,南昌,37.0
20170124,3,O3,南昌,48.0
20170124,3,O3_24h,南昌,108.0
20170124,3,O3_8h,南昌,50.0
20170124,3,O3_8h_24h,南昌,51.0
20170124,3,CO,南昌,1.28
20170124,3,CO_24h,南昌,1.12
20170124,4,AQI,南昌,86.0
20170124,4,PM2.5,南昌,64.0
20170124,4,PM2.5_24h,南昌,54.0
20170124,4,PM10,南昌,103.0
20170124,4,PM10_24h,南昌,98.0
20170124,4,SO2,南昌,21.0
20170124,4,SO2_24h,南昌,23.0
20170124,4,NO2,南昌,30.0
20170124,4,NO2_24h,南昌,37.0
20170124,4,O3,南昌,48.0
20170124,4,O3_24h,南昌,108.0
20170124,4,O3_8h,南昌,49.0
20170124,4,O3_8h_24h,南昌,51.0
20170124,4,CO,南昌,1.2
20170124,4,CO_24h,南昌,1.13
20170124,5,AQI,南昌,84.0
20170124,5,PM2.5,南昌,62.0
20170124,5,PM2.5_24h,南昌,54.0
20170124,5,PM10,南昌,101.0
20170124,5,PM10_24h,南昌,98.0
20170124,5,SO2,南昌,17.0
20170124,5,SO2_24h,南昌,23.0
20170124,5,NO2,南昌,28.0
20170124,5,NO2_24h,南昌,37.0
20170124,5,O3,南昌,44.0
20170124,5,O3_24h,南昌,108.0
20170124,5,O3_8h,南昌,48.0
20170124,5,O3_8h_24h,南昌,51.0
20170124,5,CO,南昌,1.18
20170124,5,CO_24h,南昌,1.13
20170124,6,AQI,南昌,84.0
20170124,6,PM2.5,南昌,62.0
20170124,6,PM2.5_24h,南昌,55.0
20170124,6,PM10,南昌,99.0
20170124,6,PM10_24h,南昌,99.0
20170124,6,SO2,南昌,15.0
20170124,6,SO2_24h,南昌,23.0
20170124,6,NO2,南昌,26.0
20170124,6,NO2_24h,南昌,36.0
20170124,6,O3,南昌,43.0
20170124,6,O3_24h,南昌,108.0
20170124,6,O3_8h,南昌,47.0
20170124,6,O3_8h_24h,南昌,51.0
20170124,6,CO,南昌,1.17
20170124,6,CO_24h,南昌,1.13
20170124,7,AQI,南昌,86.0
20170124,7,PM2.5,南昌,64.0
20170124,7,PM2.5_24h,南昌,55.0
20170124,7,PM10,南昌,98.0
20170124,7,PM10_24h,南昌,99.0
20170124,7,SO2,南昌,15.0
20170124,7,SO2_24h,南昌,22.0
20170124,7,NO2,南昌,31.0
20170124,7,NO2_24h,南昌,36.0
20170124,7,O3,南昌,40.0
20170124,7,O3_24h,南昌,108.0
20170124,7,O3_8h,南昌,46.0
20170124,7,O3_8h_24h,南昌,51.0
20170124,7,CO,南昌,1.17
20170124,7,CO_24h,南昌,1.13
20170124,8,AQI,南昌,86.0
20170124,8,PM2.5,南昌,64.0
20170124,8,PM2.5_24h,南昌,56.0
20170124,8,PM10,南昌,96.0
20170124,8,PM10_24h,南昌,99.0
20170124,8,SO2,南昌,15.0
20170124,8,SO2_24h,南昌,21.0
20170124,8,NO2,南昌,35.0
20170124,8,NO2_24h,南昌,36.0
20170124,8,O3,南昌,35.0
20170124,8,O3_24h,南昌,108.0
20170124,8,O3_8h,南昌,45.0
20170124,8,O3_8h_24h,南昌,51.0
20170124,8,CO,南昌,1.15
20170124,8,CO_24h,南昌,1.13
20170124,9,AQI,南昌,86.0
20170124,9,PM2.5,南昌,64.0
20170124,9,PM2.5_24h,南昌,56.0
20170124,9,PM10,南昌,99.0
20170124,9,PM10_24h,南昌,98.0
20170124,9,SO2,南昌,15.0
20170124,9,SO2_24h,南昌,20.0
20170124,9,NO2,南昌,37.0
20170124,9,NO2_24h,南昌,35.0
20170124,9,O3,南昌,35.0
20170124,9,O3_24h,南昌,108.0
20170124,9,O3_8h,南昌,43.0
20170124,9,O3_8h_24h,南昌,51.0
20170124,9,CO,南昌,1.23
20170124,9,CO_24h,南昌,1.12
20170124,10,AQI,南昌,86.0
20170124,10,PM2.5,南昌,64.0
20170124,10,PM2.5_24h,南昌,56.0
20170124,10,PM10,南昌,97.0
20170124,10,PM10_24h,南昌,98.0
20170124,10,SO2,南昌,18.0
20170124,10,SO2_24h,南昌,19.0
20170124,10,NO2,南昌,32.0
20170124,10,NO2_24h,南昌,34.0
20170124,10,O3,南昌,48.0
20170124,10,O3_24h,南昌,108.0
20170124,10,O3_8h,南昌,42.0
20170124,10,O3_8h_24h,南昌,51.0
20170124,10,CO,南昌,1.05
20170124,10,CO_24h,南昌,1.12
20170124,11,AQI,南昌,84.0
20170124,11,PM2.5,南昌,62.0
20170124,11,PM2.5_24h,南昌,56.0
20170124,11,PM10,南昌,98.0
20170124,11,PM10_24h,南昌,97.0
20170124,11,SO2,南昌,15.0
20170124,11,SO2_24h,南昌,18.0
20170124,11,NO2,南昌,27.0
20170124,11,NO2_24h,南昌,34.0
20170124,11,O3,南昌,61.0
20170124,11,O3_24h,南昌,108.0
20170124,11,O3_8h,南昌,44.0
20170124,11,O3_8h_24h,南昌,51.0
20170124,11,CO,南昌,0.93
20170124,11,CO_24h,南昌,1.1
20170124,12,AQI,南昌,81.0
20170124,12,PM2.5,南昌,60.0
20170124,12,PM2.5_24h,南昌,55.0
20170124,12,PM10,南昌,91.0
20170124,12,PM10_24h,南昌,97.0
20170124,12,SO2,南昌,15.0
20170124,12,SO2_24h,南昌,18.0
20170124,12,NO2,南昌,22.0
20170124,12,NO2_24h,南昌,34.0
20170124,12,O3,南昌,72.0
20170124,12,O3_24h,南昌,108.0
20170124,12,O3_8h,南昌,47.0
20170124,12,O3_8h_24h,南昌,52.0
20170124,12,CO,南昌,0.8
20170124,12,CO_24h,南昌,1.08
20170124,13,AQI,南昌,75.0
20170124,13,PM2.5,南昌,55.0
20170124,13,PM2.5_24h,南昌,55.0
20170124,13,PM10,南昌,87.0
20170124,13,PM10_24h,南昌,96.0
20170124,13,SO2,南昌,13.0
20170124,13,SO2_24h,南昌,18.0
20170124,13,NO2,南昌,20.0
20170124,13,NO2_24h,南昌,33.0
20170124,13,O3,南昌,83.0
20170124,13,O3_24h,南昌,108.0
20170124,13,O3_8h,南昌,52.0
20170124,13,O3_8h_24h,南昌,53.0
20170124,13,CO,南昌,0.72
20170124,13,CO_24h,南昌,1.07
20170124,14,AQI,南昌,69.0
20170124,14,PM2.5,南昌,50.0
20170124,14,PM2.5_24h,南昌,55.0
20170124,14,PM10,南昌,80.0
20170124,14,PM10_24h,南昌,95.0
20170124,14,SO2,南昌,13.0
20170124,14,SO2_24h,南昌,18.0
20170124,14,NO2,南昌,17.0
20170124,14,NO2_24h,南昌,33.0
20170124,14,O3,南昌,95.0
20170124,14,O3_24h,南昌,108.0
20170124,14,O3_8h,南昌,59.0
20170124,14,O3_8h_24h,南昌,59.0
20170124,14,CO,南昌,0.75
20170124,14,CO_24h,南昌,1.05
20170124,15,AQI,南昌,65.0
20170124,15,PM2.5,南昌,47.0
20170124,15,PM2.5_24h,南昌,54.0
20170124,15,PM10,南昌,78.0
20170124,15,PM10_24h,南昌,95.0
20170124,15,SO2,南昌,11.0
20170124,15,SO2_24h,南昌,18.0
20170124,15,NO2,南昌,18.0
20170124,15,NO2_24h,南昌,33.0
20170124,15,O3,南昌,100.0
20170124,15,O3_24h,南昌,108.0
20170124,15,O3_8h,南昌,66.0
20170124,15,O3_8h_24h,南昌,66.0
20170124,15,CO,南昌,0.78
20170124,15,CO_24h,南昌,1.05
20170124,16,AQI,南昌,63.0
20170124,16,PM2.5,南昌,45.0
20170124,16,PM2.5_24h,南昌,54.0
20170124,16,PM10,南昌,75.0
20170124,16,PM10_24h,南昌,94.0
20170124,16,SO2,南昌,11.0
20170124,16,SO2_24h,南昌,18.0
20170124,16,NO2,南昌,20.0
20170124,16,NO2_24h,南昌,34.0
20170124,16,O3,南昌,99.0
20170124,16,O3_24h,南昌,105.0
20170124,16,O3_8h,南昌,74.0
20170124,16,O3_8h_24h,南昌,74.0
20170124,16,CO,南昌,0.8
20170124,16,CO_24h,南昌,1.07
20170124,17,AQI,南昌,62.0
20170124,17,PM2.5,南昌,42.0
20170124,17,PM2.5_24h,南昌,55.0
20170124,17,PM10,南昌,74.0
20170124,17,PM10_24h,南昌,95.0
20170124,17,SO2,南昌,10.0
20170124,17,SO2_24h,南昌,18.0
20170124,17,NO2,南昌,25.0
20170124,17,NO2_24h,南昌,34.0
20170124,17,O3,南昌,93.0
20170124,17,O3_24h,南昌,101.0
20170124,17,O3_8h,南昌,81.0
20170124,17,O3_8h_24h,南昌,81.0
20170124,17,CO,南昌,0.85
20170124,17,CO_24h,南昌,1.07
20170124,18,AQI,南昌,64.0
20170124,18,PM2.5,南昌,42.0
20170124,18,PM2.5_24h,南昌,56.0
20170124,18,PM10,南昌,77.0
20170124,18,PM10_24h,南昌,95.0
20170124,18,SO2,南昌,11.0
20170124,18,SO2_24h,南昌,18.0
20170124,18,NO2,南昌,39.0
20170124,18,NO2_24h,南昌,34.0
20170124,18,O3,南昌,80.0
20170124,18,O3_24h,南昌,101.0
20170124,18,O3_8h,南昌,85.0
20170124,18,O3_8h_24h,南昌,85.0
20170124,18,CO,南昌,0.87
20170124,18,CO_24h,南昌,1.08
20170124,19,AQI,南昌,69.0
20170124,19,PM2.5,南昌,44.0
20170124,19,PM2.5_24h,南昌,56.0
20170124,19,PM10,南昌,87.0
20170124,19,PM10_24h,南昌,95.0
20170124,19,SO2,南昌,11.0
20170124,19,SO2_24h,南昌,17.0
20170124,19,NO2,南昌,57.0
20170124,19,NO2_24h,南昌,34.0
20170124,19,O3,南昌,60.0
20170124,19,O3_24h,南昌,101.0
20170124,19,O3_8h,南昌,85.0
20170124,19,O3_8h_24h,南昌,86.0
20170124,19,CO,南昌,0.98
20170124,19,CO_24h,南昌,1.08
20170124,20,AQI,南昌,69.0
20170124,20,PM2.5,南昌,45.0
20170124,20,PM2.5_24h,南昌,56.0
20170124,20,PM10,南昌,88.0
20170124,20,PM10_24h,南昌,95.0
20170124,20,SO2,南昌,12.0
20170124,20,SO2_24h,南昌,17.0
20170124,20,NO2,南昌,46.0
20170124,20,NO2_24h,南昌,33.0
20170124,20,O3,南昌,65.0
20170124,20,O3_24h,南昌,101.0
20170124,20,O3_8h,南昌,84.0
20170124,20,O3_8h_24h,南昌,86.0
20170124,20,CO,南昌,1.02
20170124,20,CO_24h,南昌,1.08
20170124,21,AQI,南昌,71.0
20170124,21,PM2.5,南昌,48.0
20170124,21,PM2.5_24h,南昌,57.0
20170124,21,PM10,南昌,91.0
20170124,21,PM10_24h,南昌,95.0
20170124,21,SO2,南昌,14.0
20170124,21,SO2_24h,南昌,17.0
20170124,21,NO2,南昌,36.0
20170124,21,NO2_24h,南昌,32.0
20170124,21,O3,南昌,76.0
20170124,21,O3_24h,南昌,101.0
20170124,21,O3_8h,南昌,84.0
20170124,21,O3_8h_24h,南昌,86.0
20170124,21,CO,南昌,1.02
20170124,21,CO_24h,南昌,1.08
20170124,22,AQI,南昌,74.0
20170124,22,PM2.5,南昌,54.0
20170124,22,PM2.5_24h,南昌,56.0
20170124,22,PM10,南昌,88.0
20170124,22,PM10_24h,南昌,94.0
20170124,22,SO2,南昌,23.0
20170124,22,SO2_24h,南昌,17.0
20170124,22,NO2,南昌,36.0
20170124,22,NO2_24h,南昌,32.0
20170124,22,O3,南昌,60.0
20170124,22,O3_24h,南昌,101.0
20170124,22,O3_8h,南昌,79.0
20170124,22,O3_8h_24h,南昌,86.0
20170124,22,CO,南昌,1.4
20170124,22,CO_24h,南昌,1.08
20170124,23,AQI,南昌,79.0
20170124,23,PM2.5,南昌,58.0
20170124,23,PM2.5_24h,南昌,56.0
20170124,23,PM10,南昌,100.0
20170124,23,PM10_24h,南昌,94.0
20170124,23,SO2,南昌,24.0
20170124,23,SO2_24h,南昌,17.0
20170124,23,NO2,南昌,38.0
20170124,23,NO2_24h,南昌,32.0
20170124,23,O3,南昌,55.0
20170124,23,O3_24h,南昌,101.0
20170124,23,O3_8h,南昌,74.0
20170124,23,O3_8h_24h,南昌,86.0
20170124,23,CO,南昌,1.3
20170124,23,CO_24h,南昌,1.08
20170124,0,AQI,济南,157.0
20170124,0,PM2.5,济南,120.0
20170124,0,PM2.5_24h,济南,96.0
20170124,0,PM10,济南,184.0
20170124,0,PM10_24h,济南,170.0
20170124,0,SO2,济南,67.0
20170124,0,SO2_24h,济南,64.0
20170124,0,NO2,济南,74.0
20170124,0,NO2_24h,济南,65.0
20170124,0,O3,济南,11.0
20170124,0,O3_24h,济南,86.0
20170124,0,O3_8h,济南,20.0
20170124,0,O3_8h_24h,济南,47.0
20170124,0,CO,济南,1.78
20170124,0,CO_24h,济南,1.83
20170124,1,AQI,济南,148.0
20170124,1,PM2.5,济南,113.0
20170124,1,PM2.5_24h,济南,98.0
20170124,1,PM10,济南,177.0
20170124,1,PM10_24h,济南,173.0
20170124,1,SO2,济南,71.0
20170124,1,SO2_24h,济南,64.0
20170124,1,NO2,济南,69.0
20170124,1,NO2_24h,济南,65.0
20170124,1,O3,济南,13.0
20170124,1,O3_24h,济南,86.0
20170124,1,O3_8h,济南,13.0
20170124,1,O3_8h_24h,济南,13.0
20170124,1,CO,济南,1.82
20170124,1,CO_24h,济南,1.83
20170124,2,AQI,济南,164.0
20170124,2,PM2.5,济南,125.0
20170124,2,PM2.5_24h,济南,100.0
20170124,2,PM10,济南,184.0
20170124,2,PM10_24h,济南,175.0
20170124,2,SO2,济南,67.0
20170124,2,SO2_24h,济南,65.0
20170124,2,NO2,济南,73.0
20170124,2,NO2_24h,济南,65.0
20170124,2,O3,济南,10.0
20170124,2,O3_24h,济南,86.0
20170124,2,O3_8h,济南,11.0
20170124,2,O3_8h_24h,济南,13.0
20170124,2,CO,济南,1.94
20170124,2,CO_24h,济南,1.85
20170124,3,AQI,济南,153.0
20170124,3,PM2.5,济南,117.0
20170124,3,PM2.5_24h,济南,102.0
20170124,3,PM10,济南,176.0
20170124,3,PM10_24h,济南,178.0
20170124,3,SO2,济南,56.0
20170124,3,SO2_24h,济南,66.0
20170124,3,NO2,济南,64.0
20170124,3,NO2_24h,济南,65.0
20170124,3,O3,济南,16.0
20170124,3,O3_24h,济南,86.0
20170124,3,O3_8h,济南,13.0
20170124,3,O3_8h_24h,济南,14.0
20170124,3,CO,济南,1.9
20170124,3,CO_24h,济南,1.86
20170124,4,AQI,济南,157.0
20170124,4,PM2.5,济南,120.0
20170124,4,PM2.5_24h,济南,104.0
20170124,4,PM10,济南,171.0
20170124,4,PM10_24h,济南,180.0
20170124,4,SO2,济南,59.0
20170124,4,SO2_24h,济南,67.0
20170124,4,NO2,济南,64.0
20170124,4,NO2_24h,济南,65.0
20170124,4,O3,济南,16.0
20170124,4,O3_24h,济南,86.0
20170124,4,O3_8h,济南,13.0
20170124,4,O3_8h_24h,济南,15.0
20170124,4,CO,济南,2.25
20170124,4,CO_24h,济南,1.91
20170124,5,AQI,济南,160.0
20170124,5,PM2.5,济南,122.0
20170124,5,PM2.5_24h,济南,106.0
20170124,5,PM10,济南,182.0
20170124,5,PM10_24h,济南,183.0
20170124,5,SO2,济南,55.0
20170124,5,SO2_24h,济南,67.0
20170124,5,NO2,济南,61.0
20170124,5,NO2_24h,济南,65.0
20170124,5,O3,济南,16.0
20170124,5,O3_24h,济南,86.0
20170124,5,O3_8h,济南,14.0
20170124,5,O3_8h_24h,济南,15.0
20170124,5,CO,济南,2.19
20170124,5,CO_24h,济南,1.93
20170124,6,AQI,济南,153.0
20170124,6,PM2.5,济南,117.0
20170124,6,PM2.5_24h,济南,108.0
20170124,6,PM10,济南,176.0
20170124,6,PM10_24h,济南,186.0
20170124,6,SO2,济南,52.0
20170124,6,SO2_24h,济南,68.0
20170124,6,NO2,济南,60.0
20170124,6,NO2_24h,济南,65.0
20170124,6,O3,济南,16.0
20170124,6,O3_24h,济南,86.0
20170124,6,O3_8h,济南,15.0
20170124,6,O3_8h_24h,济南,16.0
20170124,6,CO,济南,2.17
20170124,6,CO_24h,济南,1.94
20170124,7,AQI,济南,148.0
20170124,7,PM2.5,济南,113.0
20170124,7,PM2.5_24h,济南,110.0
20170124,7,PM10,济南,172.0
20170124,7,PM10_24h,济南,188.0
20170124,7,SO2,济南,50.0
20170124,7,SO2_24h,济南,67.0
20170124,7,NO2,济南,64.0
20170124,7,NO2_24h,济南,66.0
20170124,7,O3,济南,12.0
20170124,7,O3_24h,济南,86.0
20170124,7,O3_8h,济南,14.0
20170124,7,O3_8h_24h,济南,16.0
20170124,7,CO,济南,2.21
20170124,7,CO_24h,济南,1.98
20170124,8,AQI,济南,141.0
20170124,8,PM2.5,济南,108.0
20170124,8,PM2.5_24h,济南,110.0
20170124,8,PM10,济南,166.0
20170124,8,PM10_24h,济南,188.0
20170124,8,SO2,济南,54.0
20170124,8,SO2_24h,济南,67.0
20170124,8,NO2,济南,71.0
20170124,8,NO2_24h,济南,66.0
20170124,8,O3,济南,9.0
20170124,8,O3_24h,济南,86.0
20170124,8,O3_8h,济南,14.0
20170124,8,O3_8h_24h,济南,16.0
20170124,8,CO,济南,2.34
20170124,8,CO_24h,济南,1.96
20170124,9,AQI,济南,146.0
20170124,9,PM2.5,济南,112.0
20170124,9,PM2.5_24h,济南,111.0
20170124,9,PM10,济南,184.0
20170124,9,PM10_24h,济南,189.0
20170124,9,SO2,济南,66.0
20170124,9,SO2_24h,济南,67.0
20170124,9,NO2,济南,77.0
20170124,9,NO2_24h,济南,66.0
20170124,9,O3,济南,9.0
20170124,9,O3_24h,济南,86.0
20170124,9,O3_8h,济南,13.0
20170124,9,O3_8h_24h,济南,16.0
20170124,9,CO,济南,2.42
20170124,9,CO_24h,济南,1.96
20170124,10,AQI,济南,153.0
20170124,10,PM2.5,济南,117.0
20170124,10,PM2.5_24h,济南,112.0
20170124,10,PM10,济南,203.0
20170124,10,PM10_24h,济南,189.0
20170124,10,SO2,济南,70.0
20170124,10,SO2_24h,济南,67.0
20170124,10,NO2,济南,81.0
20170124,10,NO2_24h,济南,67.0
20170124,10,O3,济南,10.0
20170124,10,O3_24h,济南,86.0
20170124,10,O3_8h,济南,13.0
20170124,10,O3_8h_24h,济南,16.0
20170124,10,CO,济南,2.4
20170124,10,CO_24h,济南,1.95
20170124,11,AQI,济南,161.0
20170124,11,PM2.5,济南,123.0
20170124,11,PM2.5_24h,济南,112.0
20170124,11,PM10,济南,218.0
20170124,11,PM10_24h,济南,188.0
20170124,11,SO2,济南,84.0
20170124,11,SO2_24h,济南,67.0
20170124,11,NO2,济南,83.0
20170124,11,NO2_24h,济南,68.0
20170124,11,O3,济南,11.0
20170124,11,O3_24h,济南,86.0
20170124,11,O3_8h,济南,13.0
20170124,11,O3_8h_24h,济南,16.0
20170124,11,CO,济南,2.32
20170124,11,CO_24h,济南,1.97
20170124,12,AQI,济南,179.0
20170124,12,PM2.5,济南,135.0
20170124,12,PM2.5_24h,济南,113.0
20170124,12,PM10,济南,220.0
20170124,12,PM10_24h,济南,188.0
20170124,12,SO2,济南,93.0
20170124,12,SO2_24h,济南,68.0
20170124,12,NO2,济南,94.0
20170124,12,NO2_24h,济南,70.0
20170124,12,O3,济南,14.0
20170124,12,O3_24h,济南,81.0
20170124,12,O3_8h,济南,12.0
20170124,12,O3_8h_24h,济南,17.0
20170124,12,CO,济南,3.0
20170124,12,CO_24h,济南,2.0
20170124,13,AQI,济南,211.0
20170124,13,PM2.5,济南,161.0
20170124,13,PM2.5_24h,济南,115.0
20170124,13,PM10,济南,272.0
20170124,13,PM10_24h,济南,190.0
20170124,13,SO2,济南,89.0
20170124,13,SO2_24h,济南,69.0
20170124,13,NO2,济南,81.0
20170124,13,NO2_24h,济南,71.0
20170124,13,O3,济南,32.0
20170124,13,O3_24h,济南,81.0
20170124,13,O3_8h,济南,14.0
20170124,13,O3_8h_24h,济南,18.0
20170124,13,CO,济南,2.39
20170124,13,CO_24h,济南,2.01
20170124,14,AQI,济南,176.0
20170124,14,PM2.5,济南,133.0
20170124,14,PM2.5_24h,济南,116.0
20170124,14,PM10,济南,216.0
20170124,14,PM10_24h,济南,191.0
20170124,14,SO2,济南,75.0
20170124,14,SO2_24h,济南,69.0
20170124,14,NO2,济南,62.0
20170124,14,NO2_24h,济南,71.0
20170124,14,O3,济南,49.0
20170124,14,O3_24h,济南,82.0
20170124,14,O3_8h,济南,19.0
20170124,14,O3_8h_24h,济南,22.0
20170124,14,CO,济南,1.85
20170124,14,CO_24h,济南,2.06
20170124,15,AQI,济南,154.0
20170124,15,PM2.5,济南,118.0
20170124,15,PM2.5_24h,济南,117.0
20170124,15,PM10,济南,186.0
20170124,15,PM10_24h,济南,192.0
20170124,15,SO2,济南,71.0
20170124,15,SO2_24h,济南,70.0
20170124,15,NO2,济南,57.0
20170124,15,NO2_24h,济南,72.0
20170124,15,O3,济南,58.0
20170124,15,O3_24h,济南,78.0
20170124,15,O3_8h,济南,24.0
20170124,15,O3_8h_24h,济南,27.0
20170124,15,CO,济南,1.8
20170124,15,CO_24h,济南,2.08
20170124,16,AQI,济南,164.0
20170124,16,PM2.5,济南,125.0
20170124,16,PM2.5_24h,济南,119.0
20170124,16,PM10,济南,183.0
20170124,16,PM10_24h,济南,194.0
20170124,16,SO2,济南,75.0
20170124,16,SO2_24h,济南,70.0
20170124,16,NO2,济南,60.0
20170124,16,NO2_24h,济南,72.0
20170124,16,O3,济南,58.0
20170124,16,O3_24h,济南,70.0
20170124,16,O3_8h,济南,31.0
20170124,16,O3_8h_24h,济南,33.0
20170124,16,CO,济南,1.95
20170124,16,CO_24h,济南,2.1
20170124,17,AQI,济南,177.0
20170124,17,PM2.5,济南,134.0
20170124,17,PM2.5_24h,济南,120.0
20170124,17,PM10,济南,192.0
20170124,17,PM10_24h,济南,195.0
20170124,17,SO2,济南,94.0
20170124,17,SO2_24h,济南,72.0
20170124,17,NO2,济南,73.0
20170124,17,NO2_24h,济南,73.0
20170124,17,O3,济南,53.0
20170124,17,O3_24h,济南,67.0
20170124,17,O3_8h,济南,36.0
20170124,17,O3_8h_24h,济南,38.0
20170124,17,CO,济南,2.48
20170124,17,CO_24h,济南,2.09
20170124,18,AQI,济南,189.0
20170124,18,PM2.5,济南,142.0
20170124,18,PM2.5_24h,济南,122.0
20170124,18,PM10,济南,212.0
20170124,18,PM10_24h,济南,196.0
20170124,18,SO2,济南,86.0
20170124,18,SO2_24h,济南,73.0
20170124,18,NO2,济南,92.0
20170124,18,NO2_24h,济南,74.0
20170124,18,O3,济南,27.0
20170124,18,O3_24h,济南,65.0
20170124,18,O3_8h,济南,38.0
20170124,18,O3_8h_24h,济南,40.0
20170124,18,CO,济南,2.19
20170124,18,CO_24h,济南,2.12
20170124,19,AQI,济南,183.0
20170124,19,PM2.5,济南,138.0
20170124,19,PM2.5_24h,济南,123.0
20170124,19,PM10,济南,209.0
20170124,19,PM10_24h,济南,197.0
20170124,19,SO2,济南,104.0
20170124,19,SO2_24h,济南,74.0
20170124,19,NO2,济南,106.0
20170124,19,NO2_24h,济南,75.0
20170124,19,O3,济南,12.0
20170124,19,O3_24h,济南,65.0
20170124,19,O3_8h,济南,38.0
20170124,19,O3_8h_24h,济南,40.0
20170124,19,CO,济南,2.23
20170124,19,CO_24h,济南,2.15
20170124,20,AQI,济南,212.0
20170124,20,PM2.5,济南,162.0
20170124,20,PM2.5_24h,济南,125.0
20170124,20,PM10,济南,239.0
20170124,20,PM10_24h,济南,199.0
20170124,20,SO2,济南,108.0
20170124,20,SO2_24h,济南,75.0
20170124,20,NO2,济南,108.0
20170124,20,NO2_24h,济南,76.0
20170124,20,O3,济南,8.0
20170124,20,O3_24h,济南,65.0
20170124,20,O3_8h,济南,37.0
20170124,20,O3_8h_24h,济南,40.0
20170124,20,CO,济南,2.48
20170124,20,CO_24h,济南,2.19
20170124,21,AQI,济南,227.0
20170124,21,PM2.5,济南,177.0
20170124,21,PM2.5_24h,济南,128.0
20170124,21,PM10,济南,253.0
20170124,21,PM10_24h,济南,202.0
20170124,21,SO2,济南,109.0
20170124,21,SO2_24h,济南,76.0
20170124,21,NO2,济南,102.0
20170124,21,NO2_24h,济南,77.0
20170124,21,O3,济南,8.0
20170124,21,O3_24h,济南,65.0
20170124,21,O3_8h,济南,35.0
20170124,21,O3_8h_24h,济南,40.0
20170124,21,CO,济南,2.58
20170124,21,CO_24h,济南,2.21
20170124,22,AQI,济南,227.0
20170124,22,PM2.5,济南,177.0
20170124,22,PM2.5_24h,济南,130.0
20170124,22,PM10,济南,256.0
20170124,22,PM10_24h,济南,205.0
20170124,22,SO2,济南,111.0
20170124,22,SO2_24h,济南,77.0
20170124,22,NO2,济南,98.0
20170124,22,NO2_24h,济南,77.0
20170124,22,O3,济南,9.0
20170124,22,O3_24h,济南,65.0
20170124,22,O3_8h,济南,30.0
20170124,22,O3_8h_24h,济南,40.0
20170124,22,CO,济南,2.9
20170124,22,CO_24h,济南,2.22
20170124,23,AQI,济南,241.0
20170124,23,PM2.5,济南,191.0
20170124,23,PM2.5_24h,济南,133.0
20170124,23,PM10,济南,266.0
20170124,23,PM10_24h,济南,208.0
20170124,23,SO2,济南,99.0
20170124,23,SO2_24h,济南,78.0
20170124,23,NO2,济南,89.0
20170124,23,NO2_24h,济南,78.0
20170124,23,O3,济南,11.0
20170124,23,O3_24h,济南,65.0
20170124,23,O3_8h,济南,24.0
20170124,23,O3_8h_24h,济南,40.0
20170124,23,CO,济南,2.85
20170124,23,CO_24h,济南,2.25
20170124,0,AQI,青岛,53.0
20170124,0,PM2.5,青岛,33.0
20170124,0,PM2.5_24h,青岛,23.0
20170124,0,PM10,青岛,56.0
20170124,0,PM10_24h,青岛,41.0
20170124,0,SO2,青岛,23.0
20170124,0,SO2_24h,青岛,23.0
20170124,0,NO2,青岛,40.0
20170124,0,NO2_24h,青岛,34.0
20170124,0,O3,青岛,46.0
20170124,0,O3_24h,青岛,87.0
20170124,0,O3_8h,青岛,48.0
20170124,0,O3_8h_24h,青岛,66.0
20170124,0,CO,青岛,1.01
20170124,0,CO_24h,青岛,0.74
20170124,1,AQI,青岛,51.0
20170124,1,PM2.5,青岛,31.0
20170124,1,PM2.5_24h,青岛,23.0
20170124,1,PM10,青岛,52.0
20170124,1,PM10_24h,青岛,42.0
20170124,1,SO2,青岛,24.0
20170124,1,SO2_24h,青岛,23.0
20170124,1,NO2,青岛,39.0
20170124,1,NO2_24h,青岛,34.0
20170124,1,O3,青岛,45.0
20170124,1,O3_24h,青岛,87.0
20170124,1,O3_8h,青岛,45.0
20170124,1,O3_8h_24h,青岛,45.0
20170124,1,CO,青岛,0.97
20170124,1,CO_24h,青岛,0.75
20170124,2,AQI,青岛,50.0
20170124,2,PM2.5,青岛,30.0
20170124,2,PM2.5_24h,青岛,23.0
20170124,2,PM10,青岛,50.0
20170124,2,PM10_24h,青岛,43.0
20170124,2,SO2,青岛,21.0
20170124,2,SO2_24h,青岛,23.0
20170124,2,NO2,青岛,49.0
20170124,2,NO2_24h,青岛,35.0
20170124,2,O3,青岛,37.0
20170124,2,O3_24h,青岛,87.0
20170124,2,O3_8h,青岛,41.0
20170124,2,O3_8h_24h,青岛,46.0
20170124,2,CO,青岛,0.95
20170124,2,CO_24h,青岛,0.74
20170124,3,AQI,青岛,51.0
20170124,3,PM2.5,青岛,36.0
20170124,3,PM2.5_24h,青岛,24.0
20170124,3,PM10,青岛,51.0
20170124,3,PM10_24h,青岛,43.0
20170124,3,SO2,青岛,22.0
20170124,3,SO2_24h,青岛,23.0
20170124,3,NO2,青岛,45.0
20170124,3,NO2_24h,青岛,36.0
20170124,3,O3,青岛,38.0
20170124,3,O3_24h,青岛,87.0
20170124,3,O3_8h,青岛,40.0
20170124,3,O3_8h_24h,青岛,47.0
20170124,3,CO,青岛,1.01
20170124,3,CO_24h,青岛,0.74
20170124,4,AQI,青岛,51.0
20170124,4,PM2.5,青岛,36.0
20170124,4,PM2.5_24h,青岛,24.0
20170124,4,PM10,青岛,52.0
20170124,4,PM10_24h,青岛,44.0
20170124,4,SO2,青岛,25.0
20170124,4,SO2_24h,青岛,23.0
20170124,4,NO2,青岛,48.0
20170124,4,NO2_24h,青岛,37.0
20170124,4,O3,青岛,35.0
20170124,4,O3_24h,青岛,87.0
20170124,4,O3_8h,青岛,39.0
20170124,4,O3_8h_24h,青岛,47.0
20170124,4,CO,青岛,1.11
20170124,4,CO_24h,青岛,0.79
20170124,5,AQI,青岛,52.0
20170124,5,PM2.5,青岛,35.0
20170124,5,PM2.5_24h,青岛,25.0
20170124,5,PM10,青岛,53.0
20170124,5,PM10_24h,青岛,45.0
20170124,5,SO2,青岛,25.0
20170124,5,SO2_24h,青岛,23.0
20170124,5,NO2,青岛,58.0
20170124,5,NO2_24h,青岛,39.0
20170124,5,O3,青岛,26.0
20170124,5,O3_24h,青岛,87.0
20170124,5,O3_8h,青岛,36.0
20170124,5,O3_8h_24h,青岛,47.0
20170124,5,CO,青岛,1.06
20170124,5,CO_24h,青岛,0.79
20170124,6,AQI,青岛,53.0
20170124,6,PM2.5,青岛,36.0
20170124,6,PM2.5_24h,青岛,26.0
20170124,6,PM10,青岛,56.0
20170124,6,PM10_24h,青岛,46.0
20170124,6,SO2,青岛,29.0
20170124,6,SO2_24h,青岛,24.0
20170124,6,NO2,青岛,68.0
20170124,6,NO2_24h,青岛,41.0
20170124,6,O3,青岛,16.0
20170124,6,O3_24h,青岛,87.0
20170124,6,O3_8h,青岛,33.0
20170124,6,O3_8h_24h,青岛,47.0
20170124,6,CO,青岛,1.13
20170124,6,CO_24h,青岛,0.81
20170124,7,AQI,青岛,68.0
20170124,7,PM2.5,青岛,49.0
20170124,7,PM2.5_24h,青岛,27.0
20170124,7,PM10,青岛,82.0
20170124,7,PM10_24h,青岛,47.0
20170124,7,SO2,青岛,33.0
20170124,7,SO2_24h,青岛,24.0
20170124,7,NO2,青岛,75.0
20170124,7,NO2_24h,青岛,42.0
20170124,7,O3,青岛,13.0
20170124,7,O3_24h,青岛,87.0
20170124,7,O3_8h,青岛,30.0
20170124,7,O3_8h_24h,青岛,48.0
20170124,7,CO,青岛,1.39
20170124,7,CO_24h,青岛,0.83
20170124,8,AQI,青岛,75.0
20170124,8,PM2.5,青岛,55.0
20170124,8,PM2.5_24h,青岛,28.0
20170124,8,PM10,青岛,80.0
20170124,8,PM10_24h,青岛,49.0
20170124,8,SO2,青岛,34.0
20170124,8,SO2_24h,青岛,24.0
20170124,8,NO2,青岛,79.0
20170124,8,NO2_24h,青岛,44.0
20170124,8,O3,青岛,11.0
20170124,8,O3_24h,青岛,87.0
20170124,8,O3_8h,青岛,28.0
20170124,8,O3_8h_24h,青岛,48.0
20170124,8,CO,青岛,1.53
20170124,8,CO_24h,青岛,0.86
20170124,9,AQI,青岛,84.0
20170124,9,PM2.5,青岛,62.0
20170124,9,PM2.5_24h,青岛,30.0
20170124,9,PM10,青岛,93.0
20170124,9,PM10_24h,青岛,52.0
20170124,9,SO2,青岛,37.0
20170124,9,SO2_24h,青岛,25.0
20170124,9,NO2,青岛,72.0
20170124,9,NO2_24h,青岛,46.0
20170124,9,O3,青岛,16.0
20170124,9,O3_24h,青岛,87.0
20170124,9,O3_8h,青岛,24.0
20170124,9,O3_8h_24h,青岛,48.0
20170124,9,CO,青岛,1.69
20170124,9,CO_24h,青岛,0.9
20170124,10,AQI,青岛,90.0
20170124,10,PM2.5,青岛,67.0
20170124,10,PM2.5_24h,青岛,32.0
20170124,10,PM10,青岛,102.0
20170124,10,PM10_24h,青岛,55.0
20170124,10,SO2,青岛,48.0
20170124,10,SO2_24h,青岛,26.0
20170124,10,NO2,青岛,71.0
20170124,10,NO2_24h,青岛,47.0
20170124,10,O3,青岛,21.0
20170124,10,O3_24h,青岛,87.0
20170124,10,O3_8h,青岛,22.0
20170124,10,O3_8h_24h,青岛,48.0
20170124,10,CO,青岛,1.69
20170124,10,CO_24h,青岛,0.95
20170124,11,AQI,青岛,88.0
20170124,11,PM2.5,青岛,65.0
20170124,11,PM2.5_24h,青岛,34.0
20170124,11,PM10,青岛,106.0
20170124,11,PM10_24h,青岛,57.0
20170124,11,SO2,青岛,49.0
20170124,11,SO2_24h,青岛,27.0
20170124,11,NO2,青岛,64.0
20170124,11,NO2_24h,青岛,49.0
20170124,11,O3,青岛,34.0
20170124,11,O3_24h,青岛,87.0
20170124,11,O3_8h,青岛,21.0
20170124,11,O3_8h_24h,青岛,48.0
20170124,11,CO,青岛,1.49
20170124,11,CO_24h,青岛,0.98
20170124,12,AQI,青岛,80.0
20170124,12,PM2.5,青岛,59.0
20170124,12,PM2.5_24h,青岛,36.0
20170124,12,PM10,青岛,88.0
20170124,12,PM10_24h,青岛,59.0
20170124,12,SO2,青岛,42.0
20170124,12,SO2_24h,青岛,27.0
20170124,12,NO2,青岛,48.0
20170124,12,NO2_24h,青岛,49.0
20170124,12,O3,青岛,50.0
20170124,12,O3_24h,青岛,78.0
20170124,12,O3_8h,青岛,23.0
20170124,12,O3_8h_24h,青岛,49.0
20170124,12,CO,青岛,1.25
20170124,12,CO_24h,青岛,1.0
20170124,13,AQI,青岛,74.0
20170124,13,PM2.5,青岛,54.0
20170124,13,PM2.5_24h,青岛,37.0
20170124,13,PM10,青岛,84.0
20170124,13,PM10_24h,青岛,62.0
20170124,13,SO2,青岛,42.0
20170124,13,SO2_24h,青岛,28.0
20170124,13,NO2,青岛,43.0
20170124,13,NO2_24h,青岛,50.0
20170124,13,O3,青岛,57.0
20170124,13,O3_24h,青岛,77.0
20170124,13,O3_8h,青岛,27.0
20170124,13,O3_8h_24h,青岛,51.0
20170124,13,CO,青岛,1.13
20170124,13,CO_24h,青岛,1.01
20170124,14,AQI,青岛,75.0
20170124,14,PM2.5,青岛,55.0
20170124,14,PM2.5_24h,青岛,39.0
20170124,14,PM10,青岛,87.0
20170124,14,PM10_24h,青岛,63.0
20170124,14,SO2,青岛,37.0
20170124,14,SO2_24h,青岛,29.0
20170124,14,NO2,青岛,39.0
20170124,14,NO2_24h,青岛,51.0
20170124,14,O3,青岛,65.0
20170124,14,O3_24h,青岛,78.0
20170124,14,O3_8h,青岛,33.0
20170124,14,O3_8h_24h,青岛,52.0
20170124,14,CO,青岛,1.07
20170124,14,CO_24h,青岛,1.04
20170124,15,AQI,青岛,66.0
20170124,15,PM2.5,青岛,48.0
20170124,15,PM2.5_24h,青岛,40.0
20170124,15,PM10,青岛,79.0
20170124,15,PM10_24h,青岛,65.0
20170124,15,SO2,青岛,32.0
20170124,15,SO2_24h,青岛,29.0
20170124,15,NO2,青岛,37.0
20170124,15,NO2_24h,青岛,51.0
20170124,15,O3,青岛,68.0
20170124,15,O3_24h,青岛,77.0
20170124,15,O3_8h,青岛,40.0
20170124,15,O3_8h_24h,青岛,54.0
20170124,15,CO,青岛,1.04
20170124,15,CO_24h,青岛,1.06
20170124,16,AQI,青岛,66.0
20170124,16,PM2.5,青岛,48.0
20170124,16,PM2.5_24h,青岛,41.0
20170124,16,PM10,青岛,73.0
20170124,16,PM10_24h,青岛,66.0
20170124,16,SO2,青岛,29.0
20170124,16,SO2_24h,青岛,30.0
20170124,16,NO2,青岛,38.0
20170124,16,NO2_24h,青岛,51.0
20170124,16,O3,青岛,69.0
20170124,16,O3_24h,青岛,76.0
20170124,16,O3_8h,青岛,47.0
20170124,16,O3_8h_24h,青岛,56.0
20170124,16,CO,青岛,1.01
20170124,16,CO_24h,青岛,1.07
20170124,17,AQI,青岛,64.0
20170124,17,PM2.5,青岛,46.0
20170124,17,PM2.5_24h,青岛,42.0
20170124,17,PM10,青岛,67.0
20170124,17,PM10_24h,青岛,66.0
20170124,17,SO2,青岛,24.0
20170124,17,SO2_24h,青岛,30.0
20170124,17,NO2,青岛,39.0
20170124,17,NO2_24h,青岛,51.0
20170124,17,O3,青岛,69.0
20170124,17,O3_24h,青岛,77.0
20170124,17,O3_8h,青岛,54.0
20170124,17,O3_8h_24h,青岛,59.0
20170124,17,CO,青岛,0.99
20170124,17,CO_24h,青岛,1.09
20170124,18,AQI,青岛,60.0
20170124,18,PM2.5,青岛,43.0
20170124,18,PM2.5_24h,青岛,42.0
20170124,18,PM10,青岛,69.0
20170124,18,PM10_24h,青岛,67.0
20170124,18,SO2,青岛,21.0
20170124,18,SO2_24h,青岛,29.0
20170124,18,NO2,青岛,46.0
20170124,18,NO2_24h,青岛,51.0
20170124,18,O3,青岛,57.0
20170124,18,O3_24h,青岛,77.0
20170124,18,O3_8h,青岛,59.0
20170124,18,O3_8h_24h,青岛,61.0
20170124,18,CO,青岛,1.07
20170124,18,CO_24h,青岛,1.1
20170124,19,AQI,青岛,70.0
20170124,19,PM2.5,青岛,51.0
20170124,19,PM2.5_24h,青岛,44.0
20170124,19,PM10,青岛,73.0
20170124,19,PM10_24h,青岛,68.0
20170124,19,SO2,青岛,20.0
20170124,19,SO2_24h,青岛,29.0
20170124,19,NO2,青岛,53.0
20170124,19,NO2_24h,青岛,51.0
20170124,19,O3,青岛,49.0
20170124,19,O3_24h,青岛,77.0
20170124,19,O3_8h,青岛,60.0
20170124,19,O3_8h_24h,青岛,62.0
20170124,19,CO,青岛,1.15
20170124,19,CO_24h,青岛,1.13
20170124,20,AQI,青岛,73.0
20170124,20,PM2.5,青岛,53.0
20170124,20,PM2.5_24h,青岛,45.0
20170124,20,PM10,青岛,81.0
20170124,20,PM10_24h,青岛,70.0
20170124,20,SO2,青岛,21.0
20170124,20,SO2_24h,青岛,29.0
20170124,20,NO2,青岛,52.0
20170124,20,NO2_24h,青岛,51.0
20170124,20,O3,青岛,48.0
20170124,20,O3_24h,青岛,77.0
20170124,20,O3_8h,青岛,60.0
20170124,20,O3_8h_24h,青岛,63.0
20170124,20,CO,青岛,1.18
20170124,20,CO_24h,青岛,1.15
20170124,21,AQI,青岛,73.0
20170124,21,PM2.5,青岛,53.0
20170124,21,PM2.5_24h,青岛,46.0
20170124,21,PM10,青岛,79.0
20170124,21,PM10_24h,青岛,71.0
20170124,21,SO2,青岛,21.0
20170124,21,SO2_24h,青岛,29.0
20170124,21,NO2,青岛,51.0
20170124,21,NO2_24h,青岛,52.0
20170124,21,O3,青岛,46.0
20170124,21,O3_24h,青岛,77.0
20170124,21,O3_8h,青岛,59.0
20170124,21,O3_8h_24h,青岛,64.0
20170124,21,CO,青岛,1.16
20170124,21,CO_24h,青岛,1.15
20170124,22,AQI,青岛,74.0
20170124,22,PM2.5,青岛,54.0
20170124,22,PM2.5_24h,青岛,47.0
20170124,22,PM10,青岛,81.0
20170124,22,PM10_24h,青岛,73.0
20170124,22,SO2,青岛,21.0
20170124,22,SO2_24h,青岛,29.0
20170124,22,NO2,青岛,58.0
20170124,22,NO2_24h,青岛,52.0
20170124,22,O3,青岛,39.0
20170124,22,O3_24h,青岛,76.0
20170124,22,O3_8h,青岛,56.0
20170124,22,O3_8h_24h,青岛,64.0
20170124,22,CO,青岛,1.16
20170124,22,CO_24h,青岛,1.16
20170124,23,AQI,青岛,74.0
20170124,23,PM2.5,青岛,54.0
20170124,23,PM2.5_24h,青岛,48.0
20170124,23,PM10,青岛,77.0
20170124,23,PM10_24h,青岛,74.0
20170124,23,SO2,青岛,20.0
20170124,23,SO2_24h,青岛,30.0
20170124,23,NO2,青岛,54.0
20170124,23,NO2_24h,青岛,53.0
20170124,23,O3,青岛,41.0
20170124,23,O3_24h,青岛,76.0
20170124,23,O3_8h,青岛,52.0
20170124,23,O3_8h_24h,青岛,64.0
20170124,23,CO,青岛,1.21
20170124,23,CO_24h,青岛,1.17
20170124,0,AQI,郑州,221.0
20170124,0,PM2.5,郑州,171.0
20170124,0,PM2.5_24h,郑州,176.0
20170124,0,PM10,郑州,236.0
20170124,0,PM10_24h,郑州,261.0
20170124,0,SO2,郑州,26.0
20170124,0,SO2_24h,郑州,33.0
20170124,0,NO2,郑州,95.0
20170124,0,NO2_24h,郑州,79.0
20170124,0,O3,郑州,6.0
20170124,0,O3_24h,郑州,90.0
20170124,0,O3_8h,郑州,29.0
20170124,0,O3_8h_24h,郑州,49.0
20170124,0,CO,郑州,2.21
20170124,0,CO_24h,郑州,2.06
20170124,1,AQI,郑州,229.0
20170124,1,PM2.5,郑州,179.0
20170124,1,PM2.5_24h,郑州,176.0
20170124,1,PM10,郑州,264.0
20170124,1,PM10_24h,郑州,260.0
20170124,1,SO2,郑州,23.0
20170124,1,SO2_24h,郑州,32.0
20170124,1,NO2,郑州,84.0
20170124,1,NO2_24h,郑州,78.0
20170124,1,O3,郑州,6.0
20170124,1,O3_24h,郑州,95.0
20170124,1,O3_8h,郑州,6.0
20170124,1,O3_8h_24h,郑州,6.0
20170124,1,CO,郑州,2.05
20170124,1,CO_24h,郑州,2.05
20170124,2,AQI,郑州,213.0
20170124,2,PM2.5,郑州,163.0
20170124,2,PM2.5_24h,郑州,172.0
20170124,2,PM10,郑州,248.0
20170124,2,PM10_24h,郑州,251.0
20170124,2,SO2,郑州,24.0
20170124,2,SO2_24h,郑州,31.0
20170124,2,NO2,郑州,77.0
20170124,2,NO2_24h,郑州,75.0
20170124,2,O3,郑州,7.0
20170124,2,O3_24h,郑州,100.0
20170124,2,O3_8h,郑州,7.0
20170124,2,O3_8h_24h,郑州,7.0
20170124,2,CO,郑州,1.91
20170124,2,CO_24h,郑州,1.97
20170124,3,AQI,郑州,217.0
20170124,3,PM2.5,郑州,167.0
20170124,3,PM2.5_24h,郑州,174.0
20170124,3,PM10,郑州,236.0
20170124,3,PM10_24h,郑州,255.0
20170124,3,SO2,郑州,28.0
20170124,3,SO2_24h,郑州,32.0
20170124,3,NO2,郑州,70.0
20170124,3,NO2_24h,郑州,77.0
20170124,3,O3,郑州,11.0
20170124,3,O3_24h,郑州,95.0
20170124,3,O3_8h,郑州,8.0
20170124,3,O3_8h_24h,郑州,8.0
20170124,3,CO,郑州,1.9
20170124,3,CO_24h,郑州,2.01
20170124,4,AQI,郑州,231.0
20170124,4,PM2.5,郑州,181.0
20170124,4,PM2.5_24h,郑州,173.0
20170124,4,PM10,郑州,232.0
20170124,4,PM10_24h,郑州,251.0
20170124,4,SO2,郑州,28.0
20170124,4,SO2_24h,郑州,31.0
20170124,4,NO2,郑州,64.0
20170124,4,NO2_24h,郑州,76.0
20170124,4,O3,郑州,9.0
20170124,4,O3_24h,郑州,95.0
20170124,4,O3_8h,郑州,8.0
20170124,4,O3_8h_24h,郑州,8.0
20170124,4,CO,郑州,2.02
20170124,4,CO_24h,郑州,2.0
20170124,5,AQI,郑州,327.0
20170124,5,PM2.5,郑州,277.0
20170124,5,PM2.5_24h,郑州,175.0
20170124,5,PM10,郑州,263.0
20170124,5,PM10_24h,郑州,248.0
20170124,5,SO2,郑州,54.0
20170124,5,SO2_24h,郑州,32.0
20170124,5,NO2,郑州,75.0
20170124,5,NO2_24h,郑州,76.0
20170124,5,O3,郑州,9.0
20170124,5,O3_24h,郑州,95.0
20170124,5,O3_8h,郑州,8.0
20170124,5,O3_8h_24h,郑州,9.0
20170124,5,CO,郑州,3.12
20170124,5,CO_24h,郑州,2.01
20170124,6,AQI,郑州,352.0
20170124,6,PM2.5,郑州,302.0
20170124,6,PM2.5_24h,郑州,179.0
20170124,6,PM10,郑州,332.0
20170124,6,PM10_24h,郑州,246.0
20170124,6,SO2,郑州,78.0
20170124,6,SO2_24h,郑州,34.0
20170124,6,NO2,郑州,84.0
20170124,6,NO2_24h,郑州,76.0
20170124,6,O3,郑州,7.0
20170124,6,O3_24h,郑州,95.0
20170124,6,O3_8h,郑州,8.0
20170124,6,O3_8h_24h,郑州,9.0
20170124,6,CO,郑州,3.64
20170124,6,CO_24h,郑州,2.08
20170124,7,AQI,郑州,327.0
20170124,7,PM2.5,郑州,277.0
20170124,7,PM2.5_24h,郑州,181.0
20170124,7,PM10,郑州,340.0
20170124,7,PM10_24h,郑州,247.0
20170124,7,SO2,郑州,84.0
20170124,7,SO2_24h,郑州,36.0
20170124,7,NO2,郑州,85.0
20170124,7,NO2_24h,郑州,76.0
20170124,7,O3,郑州,6.0
20170124,7,O3_24h,郑州,95.0
20170124,7,O3_8h,郑州,8.0
20170124,7,O3_8h_24h,郑州,9.0
20170124,7,CO,郑州,3.66
20170124,7,CO_24h,郑州,2.11
20170124,8,AQI,郑州,308.0
20170124,8,PM2.5,郑州,258.0
20170124,8,PM2.5_24h,郑州,183.0
20170124,8,PM10,郑州,319.0
20170124,8,PM10_24h,郑州,247.0
20170124,8,SO2,郑州,90.0
20170124,8,SO2_24h,郑州,38.0
20170124,8,NO2,郑州,83.0
20170124,8,NO2_24h,郑州,77.0
20170124,8,O3,郑州,7.0
20170124,8,O3_24h,郑州,95.0
20170124,8,O3_8h,郑州,8.0
20170124,8,O3_8h_24h,郑州,9.0
20170124,8,CO,郑州,3.59
20170124,8,CO_24h,郑州,2.17
20170124,9,AQI,郑州,294.0
20170124,9,PM2.5,郑州,244.0
20170124,9,PM2.5_24h,郑州,184.0
20170124,9,PM10,郑州,301.0
20170124,9,PM10_24h,郑州,246.0
20170124,9,SO2,郑州,89.0
20170124,9,SO2_24h,郑州,41.0
20170124,9,NO2,郑州,77.0
20170124,9,NO2_24h,郑州,76.0
20170124,9,O3,郑州,11.0
20170124,9,O3_24h,郑州,95.0
20170124,9,O3_8h,郑州,8.0
20170124,9,O3_8h_24h,郑州,9.0
20170124,9,CO,郑州,3.61
20170124,9,CO_24h,郑州,2.2
20170124,10,AQI,郑州,289.0
20170124,10,PM2.5,郑州,239.0
20170124,10,PM2.5_24h,郑州,185.0
20170124,10,PM10,郑州,290.0
20170124,10,PM10_24h,郑州,244.0
20170124,10,SO2,郑州,86.0
20170124,10,SO2_24h,郑州,43.0
20170124,10,NO2,郑州,71.0
20170124,10,NO2_24h,郑州,76.0
20170124,10,O3,郑州,17.0
20170124,10,O3_24h,郑州,95.0
20170124,10,O3_8h,郑州,10.0
20170124,10,O3_8h_24h,郑州,10.0
20170124,10,CO,郑州,3.76
20170124,10,CO_24h,郑州,2.25
20170124,11,AQI,郑州,281.0
20170124,11,PM2.5,郑州,231.0
20170124,11,PM2.5_24h,郑州,186.0
20170124,11,PM10,郑州,295.0
20170124,11,PM10_24h,郑州,244.0
20170124,11,SO2,郑州,77.0
20170124,11,SO2_24h,郑州,44.0
20170124,11,NO2,郑州,66.0
20170124,11,NO2_24h,郑州,76.0
20170124,11,O3,郑州,25.0
20170124,11,O3_24h,郑州,95.0
20170124,11,O3_8h,郑州,11.0
20170124,11,O3_8h_24h,郑州,11.0
20170124,11,CO,郑州,3.41
20170124,11,CO_24h,郑州,2.3
20170124,12,AQI,郑州,259.0
20170124,12,PM2.5,郑州,209.0
20170124,12,PM2.5_24h,郑州,187.0
20170124,12,PM10,郑州,298.0
20170124,12,PM10_24h,郑州,245.0
20170124,12,SO2,郑州,85.0
20170124,12,SO2_24h,郑州,46.0
20170124,12,NO2,郑州,65.0
20170124,12,NO2_24h,郑州,75.0
20170124,12,O3,郑州,31.0
20170124,12,O3_24h,郑州,95.0
20170124,12,O3_8h,郑州,14.0
20170124,12,O3_8h_24h,郑州,14.0
20170124,12,CO,郑州,2.86
20170124,12,CO_24h,郑州,2.34
20170124,13,AQI,郑州,240.0
20170124,13,PM2.5,郑州,190.0
20170124,13,PM2.5_24h,郑州,187.0
20170124,13,PM10,郑州,277.0
20170124,13,PM10_24h,郑州,245.0
20170124,13,SO2,郑州,65.0
20170124,13,SO2_24h,郑州,47.0
20170124,13,NO2,郑州,60.0
20170124,13,NO2_24h,郑州,75.0
20170124,13,O3,郑州,38.0
20170124,13,O3_24h,郑州,95.0
20170124,13,O3_8h,郑州,18.0
20170124,13,O3_8h_24h,郑州,18.0
20170124,13,CO,郑州,2.44
20170124,13,CO_24h,郑州,2.38
20170124,14,AQI,郑州,225.0
20170124,14,PM2.5,郑州,175.0
20170124,14,PM2.5_24h,郑州,188.0
20170124,14,PM10,郑州,256.0
20170124,14,PM10_24h,郑州,246.0
20170124,14,SO2,郑州,59.0
20170124,14,SO2_24h,郑州,48.0
20170124,14,NO2,郑州,57.0
20170124,14,NO2_24h,郑州,77.0
20170124,14,O3,郑州,43.0
20170124,14,O3_24h,郑州,85.0
20170124,14,O3_8h,郑州,22.0
20170124,14,O3_8h_24h,郑州,22.0
20170124,14,CO,郑州,2.29
20170124,14,CO_24h,郑州,2.41
20170124,15,AQI,郑州,216.0
20170124,15,PM2.5,郑州,166.0
20170124,15,PM2.5_24h,郑州,188.0
20170124,15,PM10,郑州,239.0
20170124,15,PM10_24h,郑州,247.0
20170124,15,SO2,郑州,57.0
20170124,15,SO2_24h,郑州,49.0
20170124,15,NO2,郑州,54.0
20170124,15,NO2_24h,郑州,75.0
20170124,15,O3,郑州,48.0
20170124,15,O3_24h,郑州,86.0
20170124,15,O3_8h,郑州,27.0
20170124,15,O3_8h_24h,郑州,27.0
20170124,15,CO,郑州,2.19
20170124,15,CO_24h,郑州,2.44
20170124,16,AQI,郑州,222.0
20170124,16,PM2.5,郑州,172.0
20170124,16,PM2.5_24h,郑州,189.0
20170124,16,PM10,郑州,222.0
20170124,16,PM10_24h,郑州,248.0
20170124,16,SO2,郑州,57.0
20170124,16,SO2_24h,郑州,50.0
20170124,16,NO2,郑州,55.0
20170124,16,NO2_24h,郑州,75.0
20170124,16,O3,郑州,50.0
20170124,16,O3_24h,郑州,86.0
20170124,16,O3_8h,郑州,33.0
20170124,16,O3_8h_24h,郑州,33.0
20170124,16,CO,郑州,2.21
20170124,16,CO_24h,郑州,2.46
20170124,17,AQI,郑州,230.0
20170124,17,PM2.5,郑州,180.0
20170124,17,PM2.5_24h,郑州,191.0
20170124,17,PM10,郑州,233.0
20170124,17,PM10_24h,郑州,250.0
20170124,17,SO2,郑州,76.0
20170124,17,SO2_24h,郑州,52.0
20170124,17,NO2,郑州,56.0
20170124,17,NO2_24h,郑州,74.0
20170124,17,O3,郑州,48.0
20170124,17,O3_24h,郑州,72.0
20170124,17,O3_8h,郑州,37.0
20170124,17,O3_8h_24h,郑州,37.0
20170124,17,CO,郑州,2.27
20170124,17,CO_24h,郑州,2.47
20170124,18,AQI,郑州,238.0
20170124,18,PM2.5,郑州,188.0
20170124,18,PM2.5_24h,郑州,194.0
20170124,18,PM10,郑州,232.0
20170124,18,PM10_24h,郑州,252.0
20170124,18,SO2,郑州,56.0
20170124,18,SO2_24h,郑州,53.0
20170124,18,NO2,郑州,65.0
20170124,18,NO2_24h,郑州,74.0
20170124,18,O3,郑州,39.0
20170124,18,O3_24h,郑州,51.0
20170124,18,O3_8h,郑州,40.0
20170124,18,O3_8h_24h,郑州,40.0
20170124,18,CO,郑州,2.3
20170124,18,CO_24h,郑州,2.52
20170124,19,AQI,郑州,249.0
20170124,19,PM2.5,郑州,199.0
20170124,19,PM2.5_24h,郑州,196.0
20170124,19,PM10,郑州,241.0
20170124,19,PM10_24h,郑州,255.0
20170124,19,SO2,郑州,58.0
20170124,19,SO2_24h,郑州,55.0
20170124,19,NO2,郑州,76.0
20170124,19,NO2_24h,郑州,74.0
20170124,19,O3,郑州,40.0
20170124,19,O3_24h,郑州,61.0
20170124,19,O3_8h,郑州,42.0
20170124,19,O3_8h_24h,郑州,42.0
20170124,19,CO,郑州,2.48
20170124,19,CO_24h,郑州,2.56
20170124,20,AQI,郑州,259.0
20170124,20,PM2.5,郑州,209.0
20170124,20,PM2.5_24h,郑州,200.0
20170124,20,PM10,郑州,259.0
20170124,20,PM10_24h,郑州,257.0
20170124,20,SO2,郑州,60.0
20170124,20,SO2_24h,郑州,56.0
20170124,20,NO2,郑州,81.0
20170124,20,NO2_24h,郑州,74.0
20170124,20,O3,郑州,21.0
20170124,20,O3_24h,郑州,61.0
20170124,20,O3_8h,郑州,41.0
20170124,20,O3_8h_24h,郑州,42.0
20170124,20,CO,郑州,2.55
20170124,20,CO_24h,郑州,2.6
20170124,21,AQI,郑州,268.0
20170124,21,PM2.5,郑州,218.0
20170124,21,PM2.5_24h,郑州,204.0
20170124,21,PM10,郑州,275.0
20170124,21,PM10_24h,郑州,261.0
20170124,21,SO2,郑州,61.0
20170124,21,SO2_24h,郑州,58.0
20170124,21,NO2,郑州,92.0
20170124,21,NO2_24h,郑州,74.0
20170124,21,O3,郑州,15.0
20170124,21,O3_24h,郑州,61.0
20170124,21,O3_8h,郑州,38.0
20170124,21,O3_8h_24h,郑州,42.0
20170124,21,CO,郑州,2.64
20170124,21,CO_24h,郑州,2.63
20170124,22,AQI,郑州,272.0
20170124,22,PM2.5,郑州,222.0
20170124,22,PM2.5_24h,郑州,208.0
20170124,22,PM10,郑州,271.0
20170124,22,PM10_24h,郑州,264.0
20170124,22,SO2,郑州,60.0
20170124,22,SO2_24h,郑州,59.0
20170124,22,NO2,郑州,95.0
20170124,22,NO2_24h,郑州,74.0
20170124,22,O3,郑州,11.0
20170124,22,O3_24h,郑州,61.0
20170124,22,O3_8h,郑州,34.0
20170124,22,O3_8h_24h,郑州,42.0
20170124,22,CO,郑州,2.7
20170124,22,CO_24h,郑州,2.68
20170124,23,AQI,郑州,276.0
20170124,23,PM2.5,郑州,226.0
20170124,23,PM2.5_24h,郑州,211.0
20170124,23,PM10,郑州,275.0
20170124,23,PM10_24h,郑州,267.0
20170124,23,SO2,郑州,56.0
20170124,23,SO2_24h,郑州,60.0
20170124,23,NO2,郑州,98.0
20170124,23,NO2_24h,郑州,74.0
20170124,23,O3,郑州,8.0
20170124,23,O3_24h,郑州,61.0
20170124,23,O3_8h,郑州,29.0
20170124,23,O3_8h_24h,郑州,42.0
20170124,23,CO,郑州,2.69
20170124,23,CO_24h,郑州,2.69
20170124,0,AQI,武汉,94.0
20170124,0,PM2.5,武汉,70.0
20170124,0,PM2.5_24h,武汉,87.0
20170124,0,PM10,武汉,94.0
20170124,0,PM10_24h,武汉,124.0
20170124,0,SO2,武汉,16.0
20170124,0,SO2_24h,武汉,22.0
20170124,0,NO2,武汉,58.0
20170124,0,NO2_24h,武汉,70.0
20170124,0,O3,武汉,52.0
20170124,0,O3_24h,武汉,88.0
20170124,0,O3_8h,武汉,51.0
20170124,0,O3_8h_24h,武汉,72.0
20170124,0,CO,武汉,1.02
20170124,0,CO_24h,武汉,1.32
20170124,1,AQI,武汉,86.0
20170124,1,PM2.5,武汉,64.0
20170124,1,PM2.5_24h,武汉,86.0
20170124,1,PM10,武汉,83.0
20170124,1,PM10_24h,武汉,122.0
20170124,1,SO2,武汉,18.0
20170124,1,SO2_24h,武汉,22.0
20170124,1,NO2,武汉,56.0
20170124,1,NO2_24h,武汉,68.0
20170124,1,O3,武汉,50.0
20170124,1,O3_24h,武汉,88.0
20170124,1,O3_8h,武汉,50.0
20170124,1,O3_8h_24h,武汉,50.0
20170124,1,CO,武汉,0.99
20170124,1,CO_24h,武汉,1.31
20170124,2,AQI,武汉,83.0
20170124,2,PM2.5,武汉,61.0
20170124,2,PM2.5_24h,武汉,84.0
20170124,2,PM10,武汉,81.0
20170124,2,PM10_24h,武汉,119.0
20170124,2,SO2,武汉,18.0
20170124,2,SO2_24h,武汉,22.0
20170124,2,NO2,武汉,51.0
20170124,2,NO2_24h,武汉,65.0
20170124,2,O3,武汉,50.0
20170124,2,O3_24h,武汉,88.0
20170124,2,O3_8h,武汉,50.0
20170124,2,O3_8h_24h,武汉,51.0
20170124,2,CO,武汉,1.03
20170124,2,CO_24h,武汉,1.28
20170124,3,AQI,武汉,78.0
20170124,3,PM2.5,武汉,57.0
20170124,3,PM2.5_24h,武汉,82.0
20170124,3,PM10,武汉,74.0
20170124,3,PM10_24h,武汉,116.0
20170124,3,SO2,武汉,18.0
20170124,3,SO2_24h,武汉,22.0
20170124,3,NO2,武汉,44.0
20170124,3,NO2_24h,武汉,63.0
20170124,3,O3,武汉,54.0
20170124,3,O3_24h,武汉,88.0
20170124,3,O3_8h,武汉,51.0
20170124,3,O3_8h_24h,武汉,53.0
20170124,3,CO,武汉,0.96
20170124,3,CO_24h,武汉,1.26
20170124,4,AQI,武汉,71.0
20170124,4,PM2.5,武汉,52.0
20170124,4,PM2.5_24h,武汉,80.0
20170124,4,PM10,武汉,71.0
20170124,4,PM10_24h,武汉,113.0
20170124,4,SO2,武汉,18.0
20170124,4,SO2_24h,武汉,22.0
20170124,4,NO2,武汉,45.0
20170124,4,NO2_24h,武汉,61.0
20170124,4,O3,武汉,50.0
20170124,4,O3_24h,武汉,88.0
20170124,4,O3_8h,武汉,51.0
20170124,4,O3_8h_24h,武汉,54.0
20170124,4,CO,武汉,0.98
20170124,4,CO_24h,武汉,1.26
20170124,5,AQI,武汉,71.0
20170124,5,PM2.5,武汉,52.0
20170124,5,PM2.5_24h,武汉,78.0
20170124,5,PM10,武汉,68.0
20170124,5,PM10_24h,武汉,110.0
20170124,5,SO2,武汉,19.0
20170124,5,SO2_24h,武汉,22.0
20170124,5,NO2,武汉,43.0
20170124,5,NO2_24h,武汉,59.0
20170124,5,O3,武汉,52.0
20170124,5,O3_24h,武汉,88.0
20170124,5,O3_8h,武汉,51.0
20170124,5,O3_8h_24h,武汉,55.0
20170124,5,CO,武汉,0.97
20170124,5,CO_24h,武汉,1.23
20170124,6,AQI,武汉,71.0
20170124,6,PM2.5,武汉,52.0
20170124,6,PM2.5_24h,武汉,75.0
20170124,6,PM10,武汉,71.0
20170124,6,PM10_24h,武汉,106.0
20170124,6,SO2,武汉,20.0
20170124,6,SO2_24h,武汉,23.0
20170124,6,NO2,武汉,52.0
20170124,6,NO2_24h,武汉,58.0
20170124,6,O3,武汉,40.0
20170124,6,O3_24h,武汉,88.0
20170124,6,O3_8h,武汉,49.0
20170124,6,O3_8h_24h,武汉,55.0
20170124,6,CO,武汉,1.08
20170124,6,CO_24h,武汉,1.21
20170124,7,AQI,武汉,75.0
20170124,7,PM2.5,武汉,55.0
20170124,7,PM2.5_24h,武汉,73.0
20170124,7,PM10,武汉,78.0
20170124,7,PM10_24h,武汉,103.0
20170124,7,SO2,武汉,24.0
20170124,7,SO2_24h,武汉,23.0
20170124,7,NO2,武汉,61.0
20170124,7,NO2_24h,武汉,57.0
20170124,7,O3,武汉,29.0
20170124,7,O3_24h,武汉,88.0
20170124,7,O3_8h,武汉,46.0
20170124,7,O3_8h_24h,武汉,55.0
20170124,7,CO,武汉,1.22
20170124,7,CO_24h,武汉,1.2
20170124,8,AQI,武汉,81.0
20170124,8,PM2.5,武汉,60.0
20170124,8,PM2.5_24h,武汉,71.0
20170124,8,PM10,武汉,85.0
20170124,8,PM10_24h,武汉,101.0
20170124,8,SO2,武汉,22.0
20170124,8,SO2_24h,武汉,23.0
20170124,8,NO2,武汉,74.0
20170124,8,NO2_24h,武汉,57.0
20170124,8,O3,武汉,18.0
20170124,8,O3_24h,武汉,88.0
20170124,8,O3_8h,武汉,43.0
20170124,8,O3_8h_24h,武汉,55.0
20170124,8,CO,武汉,1.32
20170124,8,CO_24h,武汉,1.18
20170124,9,AQI,武汉,85.0
20170124,9,PM2.5,武汉,63.0
20170124,9,PM2.5_24h,武汉,68.0
20170124,9,PM10,武汉,98.0
20170124,9,PM10_24h,武汉,98.0
20170124,9,SO2,武汉,31.0
20170124,9,SO2_24h,武汉,24.0
20170124,9,NO2,武汉,72.0
20170124,9,NO2_24h,武汉,57.0
20170124,9,O3,武汉,22.0
20170124,9,O3_24h,武汉,88.0
20170124,9,O3_8h,武汉,39.0
20170124,9,O3_8h_24h,武汉,55.0
20170124,9,CO,武汉,1.67
20170124,9,CO_24h,武汉,1.18
20170124,10,AQI,武汉,94.0
20170124,10,PM2.5,武汉,70.0
20170124,10,PM2.5_24h,武汉,67.0
20170124,10,PM10,武汉,109.0
20170124,10,PM10_24h,武汉,96.0
20170124,10,SO2,武汉,37.0
20170124,10,SO2_24h,武汉,24.0
20170124,10,NO2,武汉,65.0
20170124,10,NO2_24h,武汉,57.0
20170124,10,O3,武汉,32.0
20170124,10,O3_24h,武汉,88.0
20170124,10,O3_8h,武汉,37.0
20170124,10,O3_8h_24h,武汉,55.0
20170124,10,CO,武汉,1.8
20170124,10,CO_24h,武汉,1.18
20170124,11,AQI,武汉,95.0
20170124,11,PM2.5,武汉,71.0
20170124,11,PM2.5_24h,武汉,65.0
20170124,11,PM10,武汉,107.0
20170124,11,PM10_24h,武汉,95.0
20170124,11,SO2,武汉,33.0
20170124,11,SO2_24h,武汉,24.0
20170124,11,NO2,武汉,55.0
20170124,11,NO2_24h,武汉,58.0
20170124,11,O3,武汉,47.0
20170124,11,O3_24h,武汉,86.0
20170124,11,O3_8h,武汉,35.0
20170124,11,O3_8h_24h,武汉,54.0
20170124,11,CO,武汉,1.74
20170124,11,CO_24h,武汉,1.21
20170124,12,AQI,武汉,90.0
20170124,12,PM2.5,武汉,67.0
20170124,12,PM2.5_24h,武汉,64.0
20170124,12,PM10,武汉,86.0
20170124,12,PM10_24h,武汉,94.0
20170124,12,SO2,武汉,26.0
20170124,12,SO2_24h,武汉,24.0
20170124,12,NO2,武汉,40.0
20170124,12,NO2_24h,武汉,58.0
20170124,12,O3,武汉,70.0
20170124,12,O3_24h,武汉,86.0
20170124,12,O3_8h,武汉,38.0
20170124,12,O3_8h_24h,武汉,54.0
20170124,12,CO,武汉,1.29
20170124,12,CO_24h,武汉,1.2
20170124,13,AQI,武汉,85.0
20170124,13,PM2.5,武汉,63.0
20170124,13,PM2.5_24h,武汉,63.0
20170124,13,PM10,武汉,76.0
20170124,13,PM10_24h,武汉,93.0
20170124,13,SO2,武汉,21.0
20170124,13,SO2_24h,武汉,23.0
20170124,13,NO2,武汉,33.0
20170124,13,NO2_24h,武汉,57.0
20170124,13,O3,武汉,85.0
20170124,13,O3_24h,武汉,91.0
20170124,13,O3_8h,武汉,42.0
20170124,13,O3_8h_24h,武汉,55.0
20170124,13,CO,武汉,1.04
20170124,13,CO_24h,武汉,1.19
20170124,14,AQI,武汉,75.0
20170124,14,PM2.5,武汉,55.0
20170124,14,PM2.5_24h,武汉,63.0
20170124,14,PM10,武汉,73.0
20170124,14,PM10_24h,武汉,92.0
20170124,14,SO2,武汉,19.0
20170124,14,SO2_24h,武汉,23.0
20170124,14,NO2,武汉,32.0
20170124,14,NO2_24h,武汉,57.0
20170124,14,O3,武汉,91.0
20170124,14,O3_24h,武汉,94.0
20170124,14,O3_8h,武汉,49.0
20170124,14,O3_8h_24h,武汉,56.0
20170124,14,CO,武汉,0.94
20170124,14,CO_24h,武汉,1.16
20170124,15,AQI,武汉,74.0
20170124,15,PM2.5,武汉,54.0
20170124,15,PM2.5_24h,武汉,63.0
20170124,15,PM10,武汉,75.0
20170124,15,PM10_24h,武汉,91.0
20170124,15,SO2,武汉,18.0
20170124,15,SO2_24h,武汉,23.0
20170124,15,NO2,武汉,34.0
20170124,15,NO2_24h,武汉,57.0
20170124,15,O3,武汉,91.0
20170124,15,O3_24h,武汉,94.0
20170124,15,O3_8h,武汉,56.0
20170124,15,O3_8h_24h,武汉,60.0
20170124,15,CO,武汉,0.96
20170124,15,CO_24h,武汉,1.16
20170124,16,AQI,武汉,74.0
20170124,16,PM2.5,武汉,54.0
20170124,16,PM2.5_24h,武汉,63.0
20170124,16,PM10,武汉,74.0
20170124,16,PM10_24h,武汉,90.0
20170124,16,SO2,武汉,19.0
20170124,16,SO2_24h,武汉,22.0
20170124,16,NO2,武汉,42.0
20170124,16,NO2_24h,武汉,56.0
20170124,16,O3,武汉,83.0
20170124,16,O3_24h,武汉,93.0
20170124,16,O3_8h,武汉,64.0
20170124,16,O3_8h_24h,武汉,65.0
20170124,16,CO,武汉,1.08
20170124,16,CO_24h,武汉,1.14
20170124,17,AQI,武汉,71.0
20170124,17,PM2.5,武汉,52.0
20170124,17,PM2.5_24h,武汉,63.0
20170124,17,PM10,武汉,80.0
20170124,17,PM10_24h,武汉,90.0
20170124,17,SO2,武汉,20.0
20170124,17,SO2_24h,武汉,22.0
20170124,17,NO2,武汉,52.0
20170124,17,NO2_24h,武汉,56.0
20170124,17,O3,武汉,74.0
20170124,17,O3_24h,武汉,93.0
20170124,17,O3_8h,武汉,71.0
20170124,17,O3_8h_24h,武汉,71.0
20170124,17,CO,武汉,1.21
20170124,17,CO_24h,武汉,1.18
20170124,18,AQI,武汉,76.0
20170124,18,PM2.5,武汉,56.0
20170124,18,PM2.5_24h,武汉,62.0
20170124,18,PM10,武汉,87.0
20170124,18,PM10_24h,武汉,90.0
20170124,18,SO2,武汉,20.0
20170124,18,SO2_24h,武汉,22.0
20170124,18,NO2,武汉,74.0
20170124,18,NO2_24h,武汉,57.0
20170124,18,O3,武汉,51.0
20170124,18,O3_24h,武汉,93.0
20170124,18,O3_8h,武汉,73.0
20170124,18,O3_8h_24h,武汉,73.0
20170124,18,CO,武汉,1.24
20170124,18,CO_24h,武汉,1.19
20170124,19,AQI,武汉,79.0
20170124,19,PM2.5,武汉,58.0
20170124,19,PM2.5_24h,武汉,62.0
20170124,19,PM10,武汉,99.0
20170124,19,PM10_24h,武汉,89.0
20170124,19,SO2,武汉,19.0
20170124,19,SO2_24h,武汉,21.0
20170124,19,NO2,武汉,93.0
20170124,19,NO2_24h,武汉,57.0
20170124,19,O3,武汉,28.0
20170124,19,O3_24h,武汉,93.0
20170124,19,O3_8h,武汉,70.0
20170124,19,O3_8h_24h,武汉,74.0
20170124,19,CO,武汉,1.27
20170124,19,CO_24h,武汉,1.21
20170124,20,AQI,武汉,91.0
20170124,20,PM2.5,武汉,68.0
20170124,20,PM2.5_24h,武汉,62.0
20170124,20,PM10,武汉,127.0
20170124,20,PM10_24h,武汉,89.0
20170124,20,SO2,武汉,17.0
20170124,20,SO2_24h,武汉,21.0
20170124,20,NO2,武汉,84.0
20170124,20,NO2_24h,武汉,57.0
20170124,20,O3,武汉,28.0
20170124,20,O3_24h,武汉,93.0
20170124,20,O3_8h,武汉,65.0
20170124,20,O3_8h_24h,武汉,74.0
20170124,20,CO,武汉,1.29
20170124,20,CO_24h,武汉,1.2
20170124,21,AQI,武汉,130.0
20170124,21,PM2.5,武汉,99.0
20170124,21,PM2.5_24h,武汉,63.0
20170124,21,PM10,武汉,138.0
20170124,21,PM10_24h,武汉,90.0
20170124,21,SO2,武汉,13.0
20170124,21,SO2_24h,武汉,21.0
20170124,21,NO2,武汉,56.0
20170124,21,NO2_24h,武汉,56.0
20170124,21,O3,武汉,39.0
20170124,21,O3_24h,武汉,93.0
20170124,21,O3_8h,武汉,60.0
20170124,21,O3_8h_24h,武汉,74.0
20170124,21,CO,武汉,1.24
20170124,21,CO_24h,武汉,1.19
20170124,22,AQI,武汉,138.0
20170124,22,PM2.5,武汉,105.0
20170124,22,PM2.5_24h,武汉,64.0
20170124,22,PM10,武汉,128.0
20170124,22,PM10_24h,武汉,91.0
20170124,22,SO2,武汉,12.0
20170124,22,SO2_24h,武汉,20.0
20170124,22,NO2,武汉,49.0
20170124,22,NO2_24h,武汉,56.0
20170124,22,O3,武汉,34.0
20170124,22,O3_24h,武汉,93.0
20170124,22,O3_8h,武汉,53.0
20170124,22,O3_8h_24h,武汉,74.0
20170124,22,CO,武汉,1.28
20170124,22,CO_24h,武汉,1.2
20170124,23,AQI,武汉,130.0
20170124,23,PM2.5,武汉,99.0
20170124,23,PM2.5_24h,武汉,65.0
20170124,23,PM10,武汉,117.0
20170124,23,PM10_24h,武汉,91.0
20170124,23,SO2,武汉,13.0
20170124,23,SO2_24h,武汉,20.0
20170124,23,NO2,武汉,44.0
20170124,23,NO2_24h,武汉,55.0
20170124,23,O3,武汉,32.0
20170124,23,O3_24h,武汉,93.0
20170124,23,O3_8h,武汉,46.0
20170124,23,O3_8h_24h,武汉,74.0
20170124,23,CO,武汉,1.38
20170124,23,CO_24h,武汉,1.2
20170124,0,AQI,长沙,154.0
20170124,0,PM2.5,长沙,118.0
20170124,0,PM2.5_24h,长沙,89.0
20170124,0,PM10,长沙,135.0
20170124,0,PM10_24h,长沙,113.0
20170124,0,SO2,长沙,14.0
20170124,0,SO2_24h,长沙,13.0
20170124,0,NO2,长沙,81.0
20170124,0,NO2_24h,长沙,65.0
20170124,0,O3,长沙,34.0
20170124,0,O3_24h,长沙,118.0
20170124,0,O3_8h,长沙,62.0
20170124,0,O3_8h_24h,长沙,97.0
20170124,0,CO,长沙,1.4
20170124,0,CO_24h,长沙,1.19
20170124,1,AQI,长沙,138.0
20170124,1,PM2.5,长沙,105.0
20170124,1,PM2.5_24h,长沙,89.0
20170124,1,PM10,长沙,141.0
20170124,1,PM10_24h,长沙,113.0
20170124,1,SO2,长沙,12.0
20170124,1,SO2_24h,长沙,13.0
20170124,1,NO2,长沙,86.0
20170124,1,NO2_24h,长沙,65.0
20170124,1,O3,长沙,24.0
20170124,1,O3_24h,长沙,118.0
20170124,1,O3_8h,长沙,24.0
20170124,1,O3_8h_24h,长沙,24.0
20170124,1,CO,长沙,1.29
20170124,1,CO_24h,长沙,1.19
20170124,2,AQI,长沙,126.0
20170124,2,PM2.5,长沙,96.0
20170124,2,PM2.5_24h,长沙,89.0
20170124,2,PM10,长沙,123.0
20170124,2,PM10_24h,长沙,113.0
20170124,2,SO2,长沙,13.0
20170124,2,SO2_24h,长沙,13.0
20170124,2,NO2,长沙,77.0
20170124,2,NO2_24h,长沙,64.0
20170124,2,O3,长沙,25.0
20170124,2,O3_24h,长沙,118.0
20170124,2,O3_8h,长沙,23.0
20170124,2,O3_8h_24h,长沙,25.0
20170124,2,CO,长沙,1.18
20170124,2,CO_24h,长沙,1.18
20170124,3,AQI,长沙,115.0
20170124,3,PM2.5,长沙,87.0
20170124,3,PM2.5_24h,长沙,88.0
20170124,3,PM10,长沙,104.0
20170124,3,PM10_24h,长沙,111.0
20170124,3,SO2,长沙,11.0
20170124,3,SO2_24h,长沙,13.0
20170124,3,NO2,长沙,70.0
20170124,3,NO2_24h,长沙,64.0
20170124,3,O3,长沙,27.0
20170124,3,O3_24h,长沙,118.0
20170124,3,O3_8h,长沙,25.0
20170124,3,O3_8h_24h,长沙,28.0
20170124,3,CO,长沙,1.06
20170124,3,CO_24h,长沙,1.14
20170124,4,AQI,长沙,108.0
20170124,4,PM2.5,长沙,81.0
20170124,4,PM2.5_24h,长沙,87.0
20170124,4,PM10,长沙,97.0
20170124,4,PM10_24h,长沙,110.0
20170124,4,SO2,长沙,11.0
20170124,4,SO2_24h,长沙,13.0
20170124,4,NO2,长沙,59.0
20170124,4,NO2_24h,长沙,64.0
20170124,4,O3,长沙,32.0
20170124,4,O3_24h,长沙,118.0
20170124,4,O3_8h,长沙,26.0
20170124,4,O3_8h_24h,长沙,30.0
20170124,4,CO,长沙,0.99
20170124,4,CO_24h,长沙,1.13
20170124,5,AQI,长沙,96.0
20170124,5,PM2.5,长沙,72.0
20170124,5,PM2.5_24h,长沙,85.0
20170124,5,PM10,长沙,85.0
20170124,5,PM10_24h,长沙,107.0
20170124,5,SO2,长沙,10.0
20170124,5,SO2_24h,长沙,13.0
20170124,5,NO2,长沙,50.0
20170124,5,NO2_24h,长沙,63.0
20170124,5,O3,长沙,38.0
20170124,5,O3_24h,长沙,118.0
20170124,5,O3_8h,长沙,29.0
20170124,5,O3_8h_24h,长沙,32.0
20170124,5,CO,长沙,0.93
20170124,5,CO_24h,长沙,1.12
20170124,6,AQI,长沙,90.0
20170124,6,PM2.5,长沙,67.0
20170124,6,PM2.5_24h,长沙,84.0
20170124,6,PM10,长沙,81.0
20170124,6,PM10_24h,长沙,105.0
20170124,6,SO2,长沙,10.0
20170124,6,SO2_24h,长沙,13.0
20170124,6,NO2,长沙,43.0
20170124,6,NO2_24h,长沙,61.0
20170124,6,O3,长沙,43.0
20170124,6,O3_24h,长沙,118.0
20170124,6,O3_8h,长沙,31.0
20170124,6,O3_8h_24h,长沙,34.0
20170124,6,CO,长沙,0.87
20170124,6,CO_24h,长沙,1.1
20170124,7,AQI,长沙,85.0
20170124,7,PM2.5,长沙,63.0
20170124,7,PM2.5_24h,长沙,82.0
20170124,7,PM10,长沙,80.0
20170124,7,PM10_24h,长沙,104.0
20170124,7,SO2,长沙,10.0
20170124,7,SO2_24h,长沙,13.0
20170124,7,NO2,长沙,44.0
20170124,7,NO2_24h,长沙,61.0
20170124,7,O3,长沙,42.0
20170124,7,O3_24h,长沙,118.0
20170124,7,O3_8h,长沙,33.0
20170124,7,O3_8h_24h,长沙,35.0
20170124,7,CO,长沙,0.88
20170124,7,CO_24h,长沙,1.08
20170124,8,AQI,长沙,80.0
20170124,8,PM2.5,长沙,59.0
20170124,8,PM2.5_24h,长沙,80.0
20170124,8,PM10,长沙,74.0
20170124,8,PM10_24h,长沙,102.0
20170124,8,SO2,长沙,11.0
20170124,8,SO2_24h,长沙,13.0
20170124,8,NO2,长沙,53.0
20170124,8,NO2_24h,长沙,60.0
20170124,8,O3,长沙,33.0
20170124,8,O3_24h,长沙,118.0
20170124,8,O3_8h,长沙,33.0
20170124,8,O3_8h_24h,长沙,35.0
20170124,8,CO,长沙,0.91
20170124,8,CO_24h,长沙,1.06
20170124,9,AQI,长沙,81.0
20170124,9,PM2.5,长沙,60.0
20170124,9,PM2.5_24h,长沙,79.0
20170124,9,PM10,长沙,79.0
20170124,9,PM10_24h,长沙,101.0
20170124,9,SO2,长沙,11.0
20170124,9,SO2_24h,长沙,13.0
20170124,9,NO2,长沙,58.0
20170124,9,NO2_24h,长沙,60.0
20170124,9,O3,长沙,26.0
20170124,9,O3_24h,长沙,118.0
20170124,9,O3_8h,长沙,33.0
20170124,9,O3_8h_24h,长沙,37.0
20170124,9,CO,长沙,1.03
20170124,9,CO_24h,长沙,1.03
20170124,10,AQI,长沙,76.0
20170124,10,PM2.5,长沙,56.0
20170124,10,PM2.5_24h,长沙,77.0
20170124,10,PM10,长沙,77.0
20170124,10,PM10_24h,长沙,100.0
20170124,10,SO2,长沙,12.0
20170124,10,SO2_24h,长沙,13.0
20170124,10,NO2,长沙,60.0
20170124,10,NO2_24h,长沙,60.0
20170124,10,O3,长沙,31.0
20170124,10,O3_24h,长沙,118.0
20170124,10,O3_8h,长沙,34.0
20170124,10,O3_8h_24h,长沙,38.0
20170124,10,CO,长沙,1.0
20170124,10,CO_24h,长沙,1.03
20170124,11,AQI,长沙,75.0
20170124,11,PM2.5,长沙,55.0
20170124,11,PM2.5_24h,长沙,76.0
20170124,11,PM10,长沙,77.0
20170124,11,PM10_24h,长沙,98.0
20170124,11,SO2,长沙,13.0
20170124,11,SO2_24h,长沙,13.0
20170124,11,NO2,长沙,56.0
20170124,11,NO2_24h,长沙,60.0
20170124,11,O3,长沙,42.0
20170124,11,O3_24h,长沙,118.0
20170124,11,O3_8h,长沙,36.0
20170124,11,O3_8h_24h,长沙,40.0
20170124,11,CO,长沙,0.99
20170124,11,CO_24h,长沙,1.03
20170124,12,AQI,长沙,76.0
20170124,12,PM2.5,长沙,56.0
20170124,12,PM2.5_24h,长沙,75.0
20170124,12,PM10,长沙,74.0
20170124,12,PM10_24h,长沙,97.0
20170124,12,SO2,长沙,14.0
20170124,12,SO2_24h,长沙,13.0
20170124,12,NO2,长沙,46.0
20170124,12,NO2_24h,长沙,59.0
20170124,12,O3,长沙,56.0
20170124,12,O3_24h,长沙,118.0
20170124,12,O3_8h,长沙,39.0
20170124,12,O3_8h_24h,长沙,42.0
20170124,12,CO,长沙,0.91
20170124,12,CO_24h,长沙,1.02
20170124,13,AQI,长沙,74.0
20170124,13,PM2.5,长沙,54.0
20170124,13,PM2.5_24h,长沙,75.0
20170124,13,PM10,长沙,72.0
20170124,13,PM10_24h,长沙,96.0
20170124,13,SO2,长沙,13.0
20170124,13,SO2_24h,长沙,13.0
20170124,13,NO2,长沙,43.0
20170124,13,NO2_24h,长沙,59.0
20170124,13,O3,长沙,64.0
20170124,13,O3_24h,长沙,118.0
20170124,13,O3_8h,长沙,42.0
20170124,13,O3_8h_24h,长沙,45.0
20170124,13,CO,长沙,0.84
20170124,13,CO_24h,长沙,1.01
20170124,14,AQI,长沙,81.0
20170124,14,PM2.5,长沙,60.0
20170124,14,PM2.5_24h,长沙,75.0
20170124,14,PM10,长沙,87.0
20170124,14,PM10_24h,长沙,97.0
20170124,14,SO2,长沙,12.0
20170124,14,SO2_24h,长沙,12.0
20170124,14,NO2,长沙,48.0
20170124,14,NO2_24h,长沙,59.0
20170124,14,O3,长沙,57.0
20170124,14,O3_24h,长沙,118.0
20170124,14,O3_8h,长沙,44.0
20170124,14,O3_8h_24h,长沙,47.0
20170124,14,CO,长沙,0.91
20170124,14,CO_24h,长沙,1.02
20170124,15,AQI,长沙,104.0
20170124,15,PM2.5,长沙,78.0
20170124,15,PM2.5_24h,长沙,76.0
20170124,15,PM10,长沙,96.0
20170124,15,PM10_24h,长沙,98.0
20170124,15,SO2,长沙,11.0
20170124,15,SO2_24h,长沙,12.0
20170124,15,NO2,长沙,44.0
20170124,15,NO2_24h,长沙,59.0
20170124,15,O3,长沙,57.0
20170124,15,O3_24h,长沙,118.0
20170124,15,O3_8h,长沙,46.0
20170124,15,O3_8h_24h,长沙,49.0
20170124,15,CO,长沙,0.94
20170124,15,CO_24h,长沙,1.02
20170124,16,AQI,长沙,149.0
20170124,16,PM2.5,长沙,114.0
20170124,16,PM2.5_24h,长沙,79.0
20170124,16,PM10,长沙,134.0
20170124,16,PM10_24h,长沙,101.0
20170124,16,SO2,长沙,11.0
20170124,16,SO2_24h,长沙,12.0
20170124,16,NO2,长沙,43.0
20170124,16,NO2_24h,长沙,60.0
20170124,16,O3,长沙,53.0
20170124,16,O3_24h,长沙,113.0
20170124,16,O3_8h,长沙,48.0
20170124,16,O3_8h_24h,长沙,52.0
20170124,16,CO,长沙,1.13
20170124,16,CO_24h,长沙,1.03
20170124,17,AQI,长沙,169.0
20170124,17,PM2.5,长沙,128.0
20170124,17,PM2.5_24h,长沙,82.0
20170124,17,PM10,长沙,146.0
20170124,17,PM10_24h,长沙,103.0
20170124,17,SO2,长沙,13.0
20170124,17,SO2_24h,长沙,12.0
20170124,17,NO2,长沙,38.0
20170124,17,NO2_24h,长沙,60.0
20170124,17,O3,长沙,57.0
20170124,17,O3_24h,长沙,100.0
20170124,17,O3_8h,长沙,52.0
20170124,17,O3_8h_24h,长沙,56.0
20170124,17,CO,长沙,1.16
20170124,17,CO_24h,长沙,1.04
20170124,18,AQI,长沙,154.0
20170124,18,PM2.5,长沙,118.0
20170124,18,PM2.5_24h,长沙,85.0
20170124,18,PM10,长沙,134.0
20170124,18,PM10_24h,长沙,105.0
20170124,18,SO2,长沙,12.0
20170124,18,SO2_24h,长沙,12.0
20170124,18,NO2,长沙,43.0
20170124,18,NO2_24h,长沙,60.0
20170124,18,O3,长沙,57.0
20170124,18,O3_24h,长沙,83.0
20170124,18,O3_8h,长沙,55.0
20170124,18,O3_8h_24h,长沙,59.0
20170124,18,CO,长沙,1.14
20170124,18,CO_24h,长沙,1.08
20170124,19,AQI,长沙,159.0
20170124,19,PM2.5,长沙,121.0
20170124,19,PM2.5_24h,长沙,87.0
20170124,19,PM10,长沙,135.0
20170124,19,PM10_24h,长沙,106.0
20170124,19,SO2,长沙,12.0
20170124,19,SO2_24h,长沙,12.0
20170124,19,NO2,长沙,44.0
20170124,19,NO2_24h,长沙,59.0
20170124,19,O3,长沙,49.0
20170124,19,O3_24h,长沙,78.0
20170124,19,O3_8h,长沙,56.0
20170124,19,O3_8h_24h,长沙,60.0
20170124,19,CO,长沙,1.16
20170124,19,CO_24h,长沙,1.08
20170124,20,AQI,长沙,166.0
20170124,20,PM2.5,长沙,126.0
20170124,20,PM2.5_24h,长沙,88.0
20170124,20,PM10,长沙,140.0
20170124,20,PM10_24h,长沙,106.0
20170124,20,SO2,长沙,13.0
20170124,20,SO2_24h,长沙,12.0
20170124,20,NO2,长沙,39.0
20170124,20,NO2_24h,长沙,57.0
20170124,20,O3,长沙,44.0
20170124,20,O3_24h,长沙,77.0
20170124,20,O3_8h,长沙,55.0
20170124,20,O3_8h_24h,长沙,60.0
20170124,20,CO,长沙,1.21
20170124,20,CO_24h,长沙,1.07
20170124,21,AQI,长沙,161.0
20170124,21,PM2.5,长沙,123.0
20170124,21,PM2.5_24h,长沙,88.0
20170124,21,PM10,长沙,133.0
20170124,21,PM10_24h,长沙,106.0
20170124,21,SO2,长沙,14.0
20170124,21,SO2_24h,长沙,12.0
20170124,21,NO2,长沙,39.0
20170124,21,NO2_24h,长沙,56.0
20170124,21,O3,长沙,37.0
20170124,21,O3_24h,长沙,74.0
20170124,21,O3_8h,长沙,51.0
20170124,21,O3_8h_24h,长沙,60.0
20170124,21,CO,长沙,1.2
20170124,21,CO_24h,长沙,1.08
20170124,22,AQI,长沙,154.0
20170124,22,PM2.5,长沙,118.0
20170124,22,PM2.5_24h,长沙,89.0
20170124,22,PM10,长沙,122.0
20170124,22,PM10_24h,长沙,103.0
20170124,22,SO2,长沙,11.0
20170124,22,SO2_24h,长沙,12.0
20170124,22,NO2,长沙,37.0
20170124,22,NO2_24h,长沙,53.0
20170124,22,O3,长沙,36.0
20170124,22,O3_24h,长沙,74.0
20170124,22,O3_8h,长沙,49.0
20170124,22,O3_8h_24h,长沙,60.0
20170124,22,CO,长沙,1.19
20170124,22,CO_24h,长沙,1.07
20170124,23,AQI,长沙,159.0
20170124,23,PM2.5,长沙,121.0
20170124,23,PM2.5_24h,长沙,89.0
20170124,23,PM10,长沙,130.0
20170124,23,PM10_24h,长沙,102.0
20170124,23,SO2,长沙,11.0
20170124,23,SO2_24h,长沙,12.0
20170124,23,NO2,长沙,34.0
20170124,23,NO2_24h,长沙,51.0
20170124,23,O3,长沙,34.0
20170124,23,O3_24h,长沙,73.0
20170124,23,O3_8h,长沙,46.0
20170124,23,O3_8h_24h,长沙,60.0
20170124,23,CO,长沙,1.18
20170124,23,CO_24h,长沙,1.07
20170124,0,AQI,广州,86.0
20170124,0,PM2.5,广州,64.0
20170124,0,PM2.5_24h,广州,47.0
20170124,0,PM10,广州,99.0
20170124,0,PM10_24h,广州,68.0
20170124,0,SO2,广州,11.0
20170124,0,SO2_24h,广州,11.0
20170124,0,NO2,广州,115.0
20170124,0,NO2_24h,广州,65.0
20170124,0,O3,广州,15.0
20170124,0,O3_24h,广州,129.0
20170124,0,O3_8h,广州,47.0
20170124,0,O3_8h_24h,广州,108.0
20170124,0,CO,广州,1.47
20170124,0,CO_24h,广州,0.95
20170124,1,AQI,广州,90.0
20170124,1,PM2.5,广州,67.0
20170124,1,PM2.5_24h,广州,48.0
20170124,1,PM10,广州,96.0
20170124,1,PM10_24h,广州,69.0
20170124,1,SO2,广州,11.0
20170124,1,SO2_24h,广州,11.0
20170124,1,NO2,广州,109.0
20170124,1,NO2_24h,广州,66.0
20170124,1,O3,广州,10.0
20170124,1,O3_24h,广州,129.0
20170124,1,O3_8h,广州,10.0
20170124,1,O3_8h_24h,广州,10.0
20170124,1,CO,广州,1.34
20170124,1,CO_24h,广州,0.97
20170124,2,AQI,广州,94.0
20170124,2,PM2.5,广州,70.0
20170124,2,PM2.5_24h,广州,49.0
20170124,2,PM10,广州,93.0
20170124,2,PM10_24h,广州,70.0
20170124,2,SO2,广州,11.0
20170124,2,SO2_24h,广州,11.0
20170124,2,NO2,广州,102.0
20170124,2,NO2_24h,广州,68.0
20170124,2,O3,广州,10.0
20170124,2,O3_24h,广州,129.0
20170124,2,O3_8h,广州,10.0
20170124,2,O3_8h_24h,广州,10.0
20170124,2,CO,广州,1.27
20170124,2,CO_24h,广州,0.98
20170124,3,AQI,广州,93.0
20170124,3,PM2.5,广州,69.0
20170124,3,PM2.5_24h,广州,50.0
20170124,3,PM10,广州,96.0
20170124,3,PM10_24h,广州,71.0
20170124,3,SO2,广州,11.0
20170124,3,SO2_24h,广州,11.0
20170124,3,NO2,广州,91.0
20170124,3,NO2_24h,广州,69.0
20170124,3,O3,广州,12.0
20170124,3,O3_24h,广州,129.0
20170124,3,O3_8h,广州,11.0
20170124,3,O3_8h_24h,广州,11.0
20170124,3,CO,广州,1.17
20170124,3,CO_24h,广州,0.99
20170124,4,AQI,广州,89.0
20170124,4,PM2.5,广州,66.0
20170124,4,PM2.5_24h,广州,51.0
20170124,4,PM10,广州,91.0
20170124,4,PM10_24h,广州,72.0
20170124,4,SO2,广州,11.0
20170124,4,SO2_24h,广州,11.0
20170124,4,NO2,广州,77.0
20170124,4,NO2_24h,广州,70.0
20170124,4,O3,广州,20.0
20170124,4,O3_24h,广州,129.0
20170124,4,O3_8h,广州,13.0
20170124,4,O3_8h_24h,广州,13.0
20170124,4,CO,广州,1.04
20170124,4,CO_24h,广州,0.99
20170124,5,AQI,广州,83.0
20170124,5,PM2.5,广州,61.0
20170124,5,PM2.5_24h,广州,52.0
20170124,5,PM10,广州,81.0
20170124,5,PM10_24h,广州,73.0
20170124,5,SO2,广州,10.0
20170124,5,SO2_24h,广州,11.0
20170124,5,NO2,广州,59.0
20170124,5,NO2_24h,广州,71.0
20170124,5,O3,广州,33.0
20170124,5,O3_24h,广州,129.0
20170124,5,O3_8h,广州,17.0
20170124,5,O3_8h_24h,广州,17.0
20170124,5,CO,广州,0.94
20170124,5,CO_24h,广州,0.99
20170124,6,AQI,广州,80.0
20170124,6,PM2.5,广州,59.0
20170124,6,PM2.5_24h,广州,53.0
20170124,6,PM10,广州,80.0
20170124,6,PM10_24h,广州,74.0
20170124,6,SO2,广州,10.0
20170124,6,SO2_24h,广州,11.0
20170124,6,NO2,广州,52.0
20170124,6,NO2_24h,广州,72.0
20170124,6,O3,广州,38.0
20170124,6,O3_24h,广州,129.0
20170124,6,O3_8h,广州,20.0
20170124,6,O3_8h_24h,广州,21.0
20170124,6,CO,广州,0.93
20170124,6,CO_24h,广州,1.0
20170124,7,AQI,广州,75.0
20170124,7,PM2.5,广州,55.0
20170124,7,PM2.5_24h,广州,53.0
20170124,7,PM10,广州,78.0
20170124,7,PM10_24h,广州,74.0
20170124,7,SO2,广州,10.0
20170124,7,SO2_24h,广州,11.0
20170124,7,NO2,广州,54.0
20170124,7,NO2_24h,广州,72.0
20170124,7,O3,广州,38.0
20170124,7,O3_24h,广州,129.0
20170124,7,O3_8h,广州,23.0
20170124,7,O3_8h_24h,广州,23.0
20170124,7,CO,广州,0.93
20170124,7,CO_24h,广州,1.02
20170124,8,AQI,广州,71.0
20170124,8,PM2.5,广州,52.0
20170124,8,PM2.5_24h,广州,54.0
20170124,8,PM10,广州,76.0
20170124,8,PM10_24h,广州,75.0
20170124,8,SO2,广州,11.0
20170124,8,SO2_24h,广州,11.0
20170124,8,NO2,广州,63.0
20170124,8,NO2_24h,广州,72.0
20170124,8,O3,广州,31.0
20170124,8,O3_24h,广州,129.0
20170124,8,O3_8h,广州,24.0
20170124,8,O3_8h_24h,广州,24.0
20170124,8,CO,广州,0.98
20170124,8,CO_24h,广州,1.03
20170124,9,AQI,广州,69.0
20170124,9,PM2.5,广州,50.0
20170124,9,PM2.5_24h,广州,54.0
20170124,9,PM10,广州,69.0
20170124,9,PM10_24h,广州,76.0
20170124,9,SO2,广州,13.0
20170124,9,SO2_24h,广州,11.0
20170124,9,NO2,广州,64.0
20170124,9,NO2_24h,广州,72.0
20170124,9,O3,广州,33.0
20170124,9,O3_24h,广州,129.0
20170124,9,O3_8h,广州,27.0
20170124,9,O3_8h_24h,广州,27.0
20170124,9,CO,广州,0.91
20170124,9,CO_24h,广州,1.04
20170124,10,AQI,广州,63.0
20170124,10,PM2.5,广州,45.0
20170124,10,PM2.5_24h,广州,54.0
20170124,10,PM10,广州,67.0
20170124,10,PM10_24h,广州,76.0
20170124,10,SO2,广州,13.0
20170124,10,SO2_24h,广州,11.0
20170124,10,NO2,广州,53.0
20170124,10,NO2_24h,广州,72.0
20170124,10,O3,广州,50.0
20170124,10,O3_24h,广州,129.0
20170124,10,O3_8h,广州,32.0
20170124,10,O3_8h_24h,广州,32.0
20170124,10,CO,广州,0.89
20170124,10,CO_24h,广州,1.05
20170124,11,AQI,广州,59.0
20170124,11,PM2.5,广州,42.0
20170124,11,PM2.5_24h,广州,55.0
20170124,11,PM10,广州,62.0
20170124,11,PM10_24h,广州,76.0
20170124,11,SO2,广州,13.0
20170124,11,SO2_24h,广州,11.0
20170124,11,NO2,广州,42.0
20170124,11,NO2_24h,广州,72.0
20170124,11,O3,广州,68.0
20170124,11,O3_24h,广州,129.0
20170124,11,O3_8h,广州,39.0
20170124,11,O3_8h_24h,广州,39.0
20170124,11,CO,广州,0.84
20170124,11,CO_24h,广州,1.06
20170124,12,AQI,广州,58.0
20170124,12,PM2.5,广州,41.0
20170124,12,PM2.5_24h,广州,55.0
20170124,12,PM10,广州,59.0
20170124,12,PM10_24h,广州,76.0
20170124,12,SO2,广州,13.0
20170124,12,SO2_24h,广州,11.0
20170124,12,NO2,广州,37.0
20170124,12,NO2_24h,广州,72.0
20170124,12,O3,广州,80.0
20170124,12,O3_24h,广州,129.0
20170124,12,O3_8h,广州,46.0
20170124,12,O3_8h_24h,广州,46.0
20170124,12,CO,广州,0.81
20170124,12,CO_24h,广州,1.06
20170124,13,AQI,广州,59.0
20170124,13,PM2.5,广州,42.0
20170124,13,PM2.5_24h,广州,55.0
20170124,13,PM10,广州,62.0
20170124,13,PM10_24h,广州,76.0
20170124,13,SO2,广州,13.0
20170124,13,SO2_24h,广州,11.0
20170124,13,NO2,广州,34.0
20170124,13,NO2_24h,广州,73.0
20170124,13,O3,广州,90.0
20170124,13,O3_24h,广州,129.0
20170124,13,O3_8h,广州,53.0
20170124,13,O3_8h_24h,广州,53.0
20170124,13,CO,广州,0.82
20170124,13,CO_24h,广州,1.06
20170124,14,AQI,广州,64.0
20170124,14,PM2.5,广州,46.0
20170124,14,PM2.5_24h,广州,55.0
20170124,14,PM10,广州,65.0
20170124,14,PM10_24h,广州,77.0
20170124,14,SO2,广州,12.0
20170124,14,SO2_24h,广州,11.0
20170124,14,NO2,广州,31.0
20170124,14,NO2_24h,广州,73.0
20170124,14,O3,广州,105.0
20170124,14,O3_24h,广州,129.0
20170124,14,O3_8h,广州,62.0
20170124,14,O3_8h_24h,广州,62.0
20170124,14,CO,广州,0.82
20170124,14,CO_24h,广州,1.06
20170124,15,AQI,广州,61.0
20170124,15,PM2.5,广州,44.0
20170124,15,PM2.5_24h,广州,55.0
20170124,15,PM10,广州,64.0
20170124,15,PM10_24h,广州,77.0
20170124,15,SO2,广州,11.0
20170124,15,SO2_24h,广州,11.0
20170124,15,NO2,广州,31.0
20170124,15,NO2_24h,广州,73.0
20170124,15,O3,广州,116.0
20170124,15,O3_24h,广州,129.0
20170124,15,O3_8h,广州,72.0
20170124,15,O3_8h_24h,广州,72.0
20170124,15,CO,广州,0.81
20170124,15,CO_24h,广州,1.07
20170124,16,AQI,广州,61.0
20170124,16,PM2.5,广州,44.0
20170124,16,PM2.5_24h,广州,55.0
20170124,16,PM10,广州,64.0
20170124,16,PM10_24h,广州,77.0
20170124,16,SO2,广州,11.0
20170124,16,SO2_24h,广州,11.0
20170124,16,NO2,广州,34.0
20170124,16,NO2_24h,广州,72.0
20170124,16,O3,广州,116.0
20170124,16,O3_24h,广州,126.0
20170124,16,O3_8h,广州,82.0
20170124,16,O3_8h_24h,广州,82.0
20170124,16,CO,广州,0.8
20170124,16,CO_24h,广州,1.07
20170124,17,AQI,广州,60.0
20170124,17,PM2.5,广州,43.0
20170124,17,PM2.5_24h,广州,55.0
20170124,17,PM10,广州,65.0
20170124,17,PM10_24h,广州,77.0
20170124,17,SO2,广州,10.0
20170124,17,SO2_24h,广州,11.0
20170124,17,NO2,广州,40.0
20170124,17,NO2_24h,广州,73.0
20170124,17,O3,广州,111.0
20170124,17,O3_24h,广州,121.0
20170124,17,O3_8h,广州,92.0
20170124,17,O3_8h_24h,广州,92.0
20170124,17,CO,广州,0.82
20170124,17,CO_24h,广州,1.07
20170124,18,AQI,广州,64.0
20170124,18,PM2.5,广州,46.0
20170124,18,PM2.5_24h,广州,55.0
20170124,18,PM10,广州,63.0
20170124,18,PM10_24h,广州,77.0
20170124,18,SO2,广州,10.0
20170124,18,SO2_24h,广州,11.0
20170124,18,NO2,广州,52.0
20170124,18,NO2_24h,广州,72.0
20170124,18,O3,广州,95.0
20170124,18,O3_24h,广州,118.0
20170124,18,O3_8h,广州,97.0
20170124,18,O3_8h_24h,广州,97.0
20170124,18,CO,广州,0.86
20170124,18,CO_24h,广州,1.07
20170124,19,AQI,广州,75.0
20170124,19,PM2.5,广州,55.0
20170124,19,PM2.5_24h,广州,55.0
20170124,19,PM10,广州,70.0
20170124,19,PM10_24h,广州,77.0
20170124,19,SO2,广州,10.0
20170124,19,SO2_24h,广州,11.0
20170124,19,NO2,广州,84.0
20170124,19,NO2_24h,广州,72.0
20170124,19,O3,广州,58.0
20170124,19,O3_24h,广州,118.0
20170124,19,O3_8h,广州,96.0
20170124,19,O3_8h_24h,广州,98.0
20170124,19,CO,广州,1.05
20170124,19,CO_24h,广州,1.07
20170124,20,AQI,广州,89.0
20170124,20,PM2.5,广州,66.0
20170124,20,PM2.5_24h,广州,55.0
20170124,20,PM10,广州,88.0
20170124,20,PM10_24h,广州,77.0
20170124,20,SO2,广州,10.0
20170124,20,SO2_24h,广州,11.0
20170124,20,NO2,广州,112.0
20170124,20,NO2_24h,广州,71.0
20170124,20,O3,广州,21.0
20170124,20,O3_24h,广州,118.0
20170124,20,O3_8h,广州,89.0
20170124,20,O3_8h_24h,广州,98.0
20170124,20,CO,广州,1.25
20170124,20,CO_24h,广州,1.07
20170124,21,AQI,广州,84.0
20170124,21,PM2.5,广州,62.0
20170124,21,PM2.5_24h,广州,55.0
20170124,21,PM10,广州,95.0
20170124,21,PM10_24h,广州,77.0
20170124,21,SO2,广州,10.0
20170124,21,SO2_24h,广州,11.0
20170124,21,NO2,广州,112.0
20170124,21,NO2_24h,广州,71.0
20170124,21,O3,广州,16.0
20170124,21,O3_24h,广州,118.0
20170124,21,O3_8h,广州,80.0
20170124,21,O3_8h_24h,广州,98.0
20170124,21,CO,广州,1.28
20170124,21,CO_24h,广州,1.04
20170124,22,AQI,广州,81.0
20170124,22,PM2.5,广州,60.0
20170124,22,PM2.5_24h,广州,54.0
20170124,22,PM10,广州,84.0
20170124,22,PM10_24h,广州,76.0
20170124,22,SO2,广州,10.0
20170124,22,SO2_24h,广州,11.0
20170124,22,NO2,广州,103.0
20170124,22,NO2_24h,广州,70.0
20170124,22,O3,广州,19.0
20170124,22,O3_24h,广州,118.0
20170124,22,O3_8h,广州,69.0
20170124,22,O3_8h_24h,广州,98.0
20170124,22,CO,广州,1.16
20170124,22,CO_24h,广州,1.03
20170124,23,AQI,广州,76.0
20170124,23,PM2.5,广州,56.0
20170124,23,PM2.5_24h,广州,54.0
20170124,23,PM10,广州,82.0
20170124,23,PM10_24h,广州,75.0
20170124,23,SO2,广州,10.0
20170124,23,SO2_24h,广州,11.0
20170124,23,NO2,广州,98.0
20170124,23,NO2_24h,广州,69.0
20170124,23,O3,广州,23.0
20170124,23,O3_24h,广州,118.0
20170124,23,O3_8h,广州,57.0
20170124,23,O3_8h_24h,广州,98.0
20170124,23,CO,广州,1.13
20170124,23,CO_24h,广州,1.01
20170124,0,AQI,深圳,53.0
20170124,0,PM2.5,深圳,37.0
20170124,0,PM2.5_24h,深圳,44.0
20170124,0,PM10,深圳,56.0
20170124,0,PM10_24h,深圳,62.0
20170124,0,SO2,深圳,8.0
20170124,0,SO2_24h,深圳,8.0
20170124,0,NO2,深圳,18.0
20170124,0,NO2_24h,深圳,30.0
20170124,0,O3,深圳,114.0
20170124,0,O3_24h,深圳,144.0
20170124,0,O3_8h,深圳,117.0
20170124,0,O3_8h_24h,深圳,127.0
20170124,0,CO,深圳,0.74
20170124,0,CO_24h,深圳,0.84
20170124,1,AQI,深圳,54.0
20170124,1,PM2.5,深圳,37.0
20170124,1,PM2.5_24h,深圳,44.0
20170124,1,PM10,深圳,58.0
20170124,1,PM10_24h,深圳,62.0
20170124,1,SO2,深圳,8.0
20170124,1,SO2_24h,深圳,8.0
20170124,1,NO2,深圳,17.0
20170124,1,NO2_24h,深圳,29.0
20170124,1,O3,深圳,114.0
20170124,1,O3_24h,深圳,144.0
20170124,1,O3_8h,深圳,114.0
20170124,1,O3_8h_24h,深圳,114.0
20170124,1,CO,深圳,0.74
20170124,1,CO_24h,深圳,0.84
20170124,2,AQI,深圳,55.0
20170124,2,PM2.5,深圳,38.0
20170124,2,PM2.5_24h,深圳,43.0
20170124,2,PM10,深圳,60.0
20170124,2,PM10_24h,深圳,62.0
20170124,2,SO2,深圳,9.0
20170124,2,SO2_24h,深圳,8.0
20170124,2,NO2,深圳,16.0
20170124,2,NO2_24h,深圳,28.0
20170124,2,O3,深圳,115.0
20170124,2,O3_24h,深圳,144.0
20170124,2,O3_8h,深圳,114.0
20170124,2,O3_8h_24h,深圳,115.0
20170124,2,CO,深圳,0.75
20170124,2,CO_24h,深圳,0.84
20170124,3,AQI,深圳,55.0
20170124,3,PM2.5,深圳,39.0
20170124,3,PM2.5_24h,深圳,43.0
20170124,3,PM10,深圳,60.0
20170124,3,PM10_24h,深圳,61.0
20170124,3,SO2,深圳,8.0
20170124,3,SO2_24h,深圳,8.0
20170124,3,NO2,深圳,16.0
20170124,3,NO2_24h,深圳,27.0
20170124,3,O3,深圳,109.0
20170124,3,O3_24h,深圳,144.0
20170124,3,O3_8h,深圳,112.0
20170124,3,O3_8h_24h,深圳,115.0
20170124,3,CO,深圳,0.76
20170124,3,CO_24h,深圳,0.83
20170124,4,AQI,深圳,56.0
20170124,4,PM2.5,深圳,39.0
20170124,4,PM2.5_24h,深圳,42.0
20170124,4,PM10,深圳,62.0
20170124,4,PM10_24h,深圳,61.0
20170124,4,SO2,深圳,9.0
20170124,4,SO2_24h,深圳,8.0
20170124,4,NO2,深圳,17.0
20170124,4,NO2_24h,深圳,26.0
20170124,4,O3,深圳,102.0
20170124,4,O3_24h,深圳,144.0
20170124,4,O3_8h,深圳,110.0
20170124,4,O3_8h_24h,深圳,115.0
20170124,4,CO,深圳,0.76
20170124,4,CO_24h,深圳,0.83
20170124,5,AQI,深圳,56.0
20170124,5,PM2.5,深圳,39.0
20170124,5,PM2.5_24h,深圳,42.0
20170124,5,PM10,深圳,62.0
20170124,5,PM10_24h,深圳,61.0
20170124,5,SO2,深圳,9.0
20170124,5,SO2_24h,深圳,8.0
20170124,5,NO2,深圳,17.0
20170124,5,NO2_24h,深圳,25.0
20170124,5,O3,深圳,99.0
20170124,5,O3_24h,深圳,144.0
20170124,5,O3_8h,深圳,108.0
20170124,5,O3_8h_24h,深圳,115.0
20170124,5,CO,深圳,0.76
20170124,5,CO_24h,深圳,0.81
20170124,6,AQI,深圳,57.0
20170124,6,PM2.5,深圳,40.0
20170124,6,PM2.5_24h,深圳,41.0
20170124,6,PM10,深圳,63.0
20170124,6,PM10_24h,深圳,60.0
20170124,6,SO2,深圳,8.0
20170124,6,SO2_24h,深圳,9.0
20170124,6,NO2,深圳,19.0
20170124,6,NO2_24h,深圳,24.0
20170124,6,O3,深圳,93.0
20170124,6,O3_24h,深圳,144.0
20170124,6,O3_8h,深圳,105.0
20170124,6,O3_8h_24h,深圳,115.0
20170124,6,CO,深圳,0.77
20170124,6,CO_24h,深圳,0.8
20170124,7,AQI,深圳,58.0
20170124,7,PM2.5,深圳,41.0
20170124,7,PM2.5_24h,深圳,41.0
20170124,7,PM10,深圳,65.0
20170124,7,PM10_24h,深圳,60.0
20170124,7,SO2,深圳,8.0
20170124,7,SO2_24h,深圳,9.0
20170124,7,NO2,深圳,24.0
20170124,7,NO2_24h,深圳,24.0
20170124,7,O3,深圳,84.0
20170124,7,O3_24h,深圳,144.0
20170124,7,O3_8h,深圳,102.0
20170124,7,O3_8h_24h,深圳,115.0
20170124,7,CO,深圳,0.8
20170124,7,CO_24h,深圳,0.79
20170124,8,AQI,深圳,61.0
20170124,8,PM2.5,深圳,44.0
20170124,8,PM2.5_24h,深圳,41.0
20170124,8,PM10,深圳,67.0
20170124,8,PM10_24h,深圳,60.0
20170124,8,SO2,深圳,9.0
20170124,8,SO2_24h,深圳,9.0
20170124,8,NO2,深圳,33.0
20170124,8,NO2_24h,深圳,24.0
20170124,8,O3,深圳,73.0
20170124,8,O3_24h,深圳,144.0
20170124,8,O3_8h,深圳,98.0
20170124,8,O3_8h_24h,深圳,115.0
20170124,8,CO,深圳,0.85
20170124,8,CO_24h,深圳,0.78
20170124,9,AQI,深圳,61.0
20170124,9,PM2.5,深圳,44.0
20170124,9,PM2.5_24h,深圳,41.0
20170124,9,PM10,深圳,70.0
20170124,9,PM10_24h,深圳,61.0
20170124,9,SO2,深圳,8.0
20170124,9,SO2_24h,深圳,9.0
20170124,9,NO2,深圳,33.0
20170124,9,NO2_24h,深圳,24.0
20170124,9,O3,深圳,77.0
20170124,9,O3_24h,深圳,144.0
20170124,9,O3_8h,深圳,94.0
20170124,9,O3_8h_24h,深圳,115.0
20170124,9,CO,深圳,0.86
20170124,9,CO_24h,深圳,0.78
20170124,10,AQI,深圳,63.0
20170124,10,PM2.5,深圳,45.0
20170124,10,PM2.5_24h,深圳,41.0
20170124,10,PM10,深圳,72.0
20170124,10,PM10_24h,深圳,62.0
20170124,10,SO2,深圳,9.0
20170124,10,SO2_24h,深圳,9.0
20170124,10,NO2,深圳,28.0
20170124,10,NO2_24h,深圳,24.0
20170124,10,O3,深圳,88.0
20170124,10,O3_24h,深圳,144.0
20170124,10,O3_8h,深圳,90.0
20170124,10,O3_8h_24h,深圳,115.0
20170124,10,CO,深圳,0.86
20170124,10,CO_24h,深圳,0.78
20170124,11,AQI,深圳,64.0
20170124,11,PM2.5,深圳,46.0
20170124,11,PM2.5_24h,深圳,42.0
20170124,11,PM10,深圳,72.0
20170124,11,PM10_24h,深圳,62.0
20170124,11,SO2,深圳,9.0
20170124,11,SO2_24h,深圳,9.0
20170124,11,NO2,深圳,24.0
20170124,11,NO2_24h,深圳,24.0
20170124,11,O3,深圳,98.0
20170124,11,O3_24h,深圳,144.0
20170124,11,O3_8h,深圳,89.0
20170124,11,O3_8h_24h,深圳,115.0
20170124,11,CO,深圳,0.86
20170124,11,CO_24h,深圳,0.79
20170124,12,AQI,深圳,61.0
20170124,12,PM2.5,深圳,44.0
20170124,12,PM2.5_24h,深圳,42.0
20170124,12,PM10,深圳,70.0
20170124,12,PM10_24h,深圳,63.0
20170124,12,SO2,深圳,11.0
20170124,12,SO2_24h,深圳,9.0
20170124,12,NO2,深圳,22.0
20170124,12,NO2_24h,深圳,24.0
20170124,12,O3,深圳,109.0
20170124,12,O3_24h,深圳,144.0
20170124,12,O3_8h,深圳,90.0
20170124,12,O3_8h_24h,深圳,115.0
20170124,12,CO,深圳,0.87
20170124,12,CO_24h,深圳,0.8
20170124,13,AQI,深圳,60.0
20170124,13,PM2.5,深圳,43.0
20170124,13,PM2.5_24h,深圳,42.0
20170124,13,PM10,深圳,69.0
20170124,13,PM10_24h,深圳,64.0
20170124,13,SO2,深圳,10.0
20170124,13,SO2_24h,深圳,9.0
20170124,13,NO2,深圳,22.0
20170124,13,NO2_24h,深圳,24.0
20170124,13,O3,深圳,120.0
20170124,13,O3_24h,深圳,144.0
20170124,13,O3_8h,深圳,93.0
20170124,13,O3_8h_24h,深圳,115.0
20170124,13,CO,深圳,0.84
20170124,13,CO_24h,深圳,0.81
20170124,14,AQI,深圳,59.0
20170124,14,PM2.5,深圳,42.0
20170124,14,PM2.5_24h,深圳,42.0
20170124,14,PM10,深圳,66.0
20170124,14,PM10_24h,深圳,64.0
20170124,14,SO2,深圳,9.0
20170124,14,SO2_24h,深圳,9.0
20170124,14,NO2,深圳,22.0
20170124,14,NO2_24h,深圳,25.0
20170124,14,O3,深圳,132.0
20170124,14,O3_24h,深圳,146.0
20170124,14,O3_8h,深圳,99.0
20170124,14,O3_8h_24h,深圳,116.0
20170124,14,CO,深圳,0.79
20170124,14,CO_24h,深圳,0.79
20170124,15,AQI,深圳,58.0
20170124,15,PM2.5,深圳,41.0
20170124,15,PM2.5_24h,深圳,42.0
20170124,15,PM10,深圳,64.0
20170124,15,PM10_24h,深圳,64.0
20170124,15,SO2,深圳,9.0
20170124,15,SO2_24h,深圳,9.0
20170124,15,NO2,深圳,19.0
20170124,15,NO2_24h,深圳,24.0
20170124,15,O3,深圳,137.0
20170124,15,O3_24h,深圳,144.0
20170124,15,O3_8h,深圳,104.0
20170124,15,O3_8h_24h,深圳,117.0
20170124,15,CO,深圳,0.77
20170124,15,CO_24h,深圳,0.8
20170124,16,AQI,深圳,60.0
20170124,16,PM2.5,深圳,42.0
20170124,16,PM2.5_24h,深圳,42.0
20170124,16,PM10,深圳,70.0
20170124,16,PM10_24h,深圳,64.0
20170124,16,SO2,深圳,9.0
20170124,16,SO2_24h,深圳,9.0
20170124,16,NO2,深圳,21.0
20170124,16,NO2_24h,深圳,24.0
20170124,16,O3,深圳,143.0
20170124,16,O3_24h,深圳,147.0
20170124,16,O3_8h,深圳,113.0
20170124,16,O3_8h_24h,深圳,119.0
20170124,16,CO,深圳,0.77
20170124,16,CO_24h,深圳,0.8
20170124,17,AQI,深圳,60.0
20170124,17,PM2.5,深圳,43.0
20170124,17,PM2.5_24h,深圳,42.0
20170124,17,PM10,深圳,67.0
20170124,17,PM10_24h,深圳,64.0
20170124,17,SO2,深圳,9.0
20170124,17,SO2_24h,深圳,9.0
20170124,17,NO2,深圳,24.0
20170124,17,NO2_24h,深圳,24.0
20170124,17,O3,深圳,139.0
20170124,17,O3_24h,深圳,146.0
20170124,17,O3_8h,深圳,120.0
20170124,17,O3_8h_24h,深圳,124.0
20170124,17,CO,深圳,0.75
20170124,17,CO_24h,深圳,0.8
20170124,18,AQI,深圳,59.0
20170124,18,PM2.5,深圳,42.0
20170124,18,PM2.5_24h,深圳,41.0
20170124,18,PM10,深圳,64.0
20170124,18,PM10_24h,深圳,64.0
20170124,18,SO2,深圳,10.0
20170124,18,SO2_24h,深圳,9.0
20170124,18,NO2,深圳,31.0
20170124,18,NO2_24h,深圳,24.0
20170124,18,O3,深圳,122.0
20170124,18,O3_24h,深圳,145.0
20170124,18,O3_8h,深圳,125.0
20170124,18,O3_8h_24h,深圳,126.0
20170124,18,CO,深圳,0.75
20170124,18,CO_24h,深圳,0.8
20170124,19,AQI,深圳,55.0
20170124,19,PM2.5,深圳,39.0
20170124,19,PM2.5_24h,深圳,41.0
20170124,19,PM10,深圳,59.0
20170124,19,PM10_24h,深圳,64.0
20170124,19,SO2,深圳,9.0
20170124,19,SO2_24h,深圳,9.0
20170124,19,NO2,深圳,31.0
20170124,19,NO2_24h,深圳,23.0
20170124,19,O3,深圳,108.0
20170124,19,O3_24h,深圳,145.0
20170124,19,O3_8h,深圳,126.0
20170124,19,O3_8h_24h,深圳,128.0
20170124,19,CO,深圳,0.72
20170124,19,CO_24h,深圳,0.78
20170124,20,AQI,深圳,53.0
20170124,20,PM2.5,深圳,36.0
20170124,20,PM2.5_24h,深圳,41.0
20170124,20,PM10,深圳,55.0
20170124,20,PM10_24h,深圳,63.0
20170124,20,SO2,深圳,7.0
20170124,20,SO2_24h,深圳,9.0
20170124,20,NO2,深圳,26.0
20170124,20,NO2_24h,深圳,23.0
20170124,20,O3,深圳,106.0
20170124,20,O3_24h,深圳,145.0
20170124,20,O3_8h,深圳,126.0
20170124,20,O3_8h_24h,深圳,128.0
20170124,20,CO,深圳,0.71
20170124,20,CO_24h,深圳,0.77
20170124,21,AQI,深圳,50.0
20170124,21,PM2.5,深圳,32.0
20170124,21,PM2.5_24h,深圳,40.0
20170124,21,PM10,深圳,50.0
20170124,21,PM10_24h,深圳,63.0
20170124,21,SO2,深圳,8.0
20170124,21,SO2_24h,深圳,9.0
20170124,21,NO2,深圳,23.0
20170124,21,NO2_24h,深圳,23.0
20170124,21,O3,深圳,102.0
20170124,21,O3_24h,深圳,145.0
20170124,21,O3_8h,深圳,123.0
20170124,21,O3_8h_24h,深圳,128.0
20170124,21,CO,深圳,0.64
20170124,21,CO_24h,深圳,0.76
20170124,22,AQI,深圳,47.0
20170124,22,PM2.5,深圳,30.0
20170124,22,PM2.5_24h,深圳,40.0
20170124,22,PM10,深圳,47.0
20170124,22,PM10_24h,深圳,63.0
20170124,22,SO2,深圳,7.0
20170124,22,SO2_24h,深圳,9.0
20170124,22,NO2,深圳,23.0
20170124,22,NO2_24h,深圳,23.0
20170124,22,O3,深圳,98.0
20170124,22,O3_24h,深圳,145.0
20170124,22,O3_8h,深圳,119.0
20170124,22,O3_8h_24h,深圳,128.0
20170124,22,CO,深圳,0.61
20170124,22,CO_24h,深圳,0.76
20170124,23,AQI,深圳,46.0
20170124,23,PM2.5,深圳,28.0
20170124,23,PM2.5_24h,深圳,40.0
20170124,23,PM10,深圳,46.0
20170124,23,PM10_24h,深圳,62.0
20170124,23,SO2,深圳,7.0
20170124,23,SO2_24h,深圳,9.0
20170124,23,NO2,深圳,20.0
20170124,23,NO2_24h,深圳,23.0
20170124,23,O3,深圳,98.0
20170124,23,O3_24h,深圳,145.0
20170124,23,O3_8h,深圳,114.0
20170124,23,O3_8h_24h,深圳,128.0
20170124,23,CO,深圳,0.61
20170124,23,CO_24h,深圳,0.76
20170124,0,AQI,珠海,54.0
20170124,0,PM2.5,珠海,34.0
20170124,0,PM2.5_24h,珠海,49.0
20170124,0,PM10,珠海,58.0
20170124,0,PM10_24h,珠海,68.0
20170124,0,SO2,珠海,6.0
20170124,0,SO2_24h,珠海,8.0
20170124,0,NO2,珠海,23.0
20170124,0,NO2_24h,珠海,38.0
20170124,0,O3,珠海,93.0
20170124,0,O3_24h,珠海,130.0
20170124,0,O3_8h,珠海,101.0
20170124,0,O3_8h_24h,珠海,111.0
20170124,0,CO,珠海,0.78
20170124,0,CO_24h,珠海,0.92
20170124,1,AQI,珠海,54.0
20170124,1,PM2.5,珠海,33.0
20170124,1,PM2.5_24h,珠海,48.0
20170124,1,PM10,珠海,57.0
20170124,1,PM10_24h,珠海,67.0
20170124,1,SO2,珠海,6.0
20170124,1,SO2_24h,珠海,8.0
20170124,1,NO2,珠海,18.0
20170124,1,NO2_24h,珠海,37.0
20170124,1,O3,珠海,96.0
20170124,1,O3_24h,珠海,130.0
20170124,1,O3_8h,珠海,96.0
20170124,1,O3_8h_24h,珠海,96.0
20170124,1,CO,珠海,0.73
20170124,1,CO_24h,珠海,0.92
20170124,2,AQI,珠海,54.0
20170124,2,PM2.5,珠海,32.0
20170124,2,PM2.5_24h,珠海,47.0
20170124,2,PM10,珠海,58.0
20170124,2,PM10_24h,珠海,66.0
20170124,2,SO2,珠海,6.0
20170124,2,SO2_24h,珠海,7.0
20170124,2,NO2,珠海,21.0
20170124,2,NO2_24h,珠海,36.0
20170124,2,O3,珠海,91.0
20170124,2,O3_24h,珠海,130.0
20170124,2,O3_8h,珠海,93.0
20170124,2,O3_8h_24h,珠海,96.0
20170124,2,CO,珠海,0.75
20170124,2,CO_24h,珠海,0.92
20170124,3,AQI,珠海,53.0
20170124,3,PM2.5,珠海,35.0
20170124,3,PM2.5_24h,珠海,46.0
20170124,3,PM10,珠海,55.0
20170124,3,PM10_24h,珠海,66.0
20170124,3,SO2,珠海,7.0
20170124,3,SO2_24h,珠海,8.0
20170124,3,NO2,珠海,24.0
20170124,3,NO2_24h,珠海,35.0
20170124,3,O3,珠海,83.0
20170124,3,O3_24h,珠海,130.0
20170124,3,O3_8h,珠海,90.0
20170124,3,O3_8h_24h,珠海,96.0
20170124,3,CO,珠海,0.75
20170124,3,CO_24h,珠海,0.85
20170124,4,AQI,珠海,53.0
20170124,4,PM2.5,珠海,34.0
20170124,4,PM2.5_24h,珠海,44.0
20170124,4,PM10,珠海,56.0
20170124,4,PM10_24h,珠海,65.0
20170124,4,SO2,珠海,6.0
20170124,4,SO2_24h,珠海,7.0
20170124,4,NO2,珠海,23.0
20170124,4,NO2_24h,珠海,34.0
20170124,4,O3,珠海,86.0
20170124,4,O3_24h,珠海,130.0
20170124,4,O3_8h,珠海,89.0
20170124,4,O3_8h_24h,珠海,96.0
20170124,4,CO,珠海,0.75
20170124,4,CO_24h,珠海,0.85
20170124,5,AQI,珠海,54.0
20170124,5,PM2.5,珠海,34.0
20170124,5,PM2.5_24h,珠海,43.0
20170124,5,PM10,珠海,57.0
20170124,5,PM10_24h,珠海,64.0
20170124,5,SO2,珠海,6.0
20170124,5,SO2_24h,珠海,7.0
20170124,5,NO2,珠海,15.0
20170124,5,NO2_24h,珠海,32.0
20170124,5,O3,珠海,95.0
20170124,5,O3_24h,珠海,130.0
20170124,5,O3_8h,珠海,90.0
20170124,5,O3_8h_24h,珠海,96.0
20170124,5,CO,珠海,0.75
20170124,5,CO_24h,珠海,0.85
20170124,6,AQI,珠海,56.0
20170124,6,PM2.5,珠海,36.0
20170124,6,PM2.5_24h,珠海,42.0
20170124,6,PM10,珠海,62.0
20170124,6,PM10_24h,珠海,64.0
20170124,6,SO2,珠海,6.0
20170124,6,SO2_24h,珠海,7.0
20170124,6,NO2,珠海,17.0
20170124,6,NO2_24h,珠海,30.0
20170124,6,O3,珠海,85.0
20170124,6,O3_24h,珠海,130.0
20170124,6,O3_8h,珠海,89.0
20170124,6,O3_8h_24h,珠海,96.0
20170124,6,CO,珠海,0.75
20170124,6,CO_24h,珠海,0.85
20170124,7,AQI,珠海,55.0
20170124,7,PM2.5,珠海,36.0
20170124,7,PM2.5_24h,珠海,41.0
20170124,7,PM10,珠海,59.0
20170124,7,PM10_24h,珠海,63.0
20170124,7,SO2,珠海,6.0
20170124,7,SO2_24h,珠海,7.0
20170124,7,NO2,珠海,24.0
20170124,7,NO2_24h,珠海,28.0
20170124,7,O3,珠海,82.0
20170124,7,O3_24h,珠海,130.0
20170124,7,O3_8h,珠海,88.0
20170124,7,O3_8h_24h,珠海,96.0
20170124,7,CO,珠海,0.78
20170124,7,CO_24h,珠海,0.82
20170124,8,AQI,珠海,54.0
20170124,8,PM2.5,珠海,36.0
20170124,8,PM2.5_24h,珠海,40.0
20170124,8,PM10,珠海,58.0
20170124,8,PM10_24h,珠海,62.0
20170124,8,SO2,珠海,4.0
20170124,8,SO2_24h,珠海,7.0
20170124,8,NO2,珠海,26.0
20170124,8,NO2_24h,珠海,27.0
20170124,8,O3,珠海,79.0
20170124,8,O3_24h,珠海,130.0
20170124,8,O3_8h,珠海,87.0
20170124,8,O3_8h_24h,珠海,96.0
20170124,8,CO,珠海,0.78
20170124,8,CO_24h,珠海,0.8
20170124,9,AQI,珠海,54.0
20170124,9,PM2.5,珠海,36.0
20170124,9,PM2.5_24h,珠海,39.0
20170124,9,PM10,珠海,57.0
20170124,9,PM10_24h,珠海,62.0
20170124,9,SO2,珠海,5.0
20170124,9,SO2_24h,珠海,7.0
20170124,9,NO2,珠海,30.0
20170124,9,NO2_24h,珠海,26.0
20170124,9,O3,珠海,77.0
20170124,9,O3_24h,珠海,130.0
20170124,9,O3_8h,珠海,85.0
20170124,9,O3_8h_24h,珠海,96.0
20170124,9,CO,珠海,0.78
20170124,9,CO_24h,珠海,0.78
20170124,10,AQI,珠海,55.0
20170124,10,PM2.5,珠海,37.0
20170124,10,PM2.5_24h,珠海,39.0
20170124,10,PM10,珠海,59.0
20170124,10,PM10_24h,珠海,61.0
20170124,10,SO2,珠海,7.0
20170124,10,SO2_24h,珠海,7.0
20170124,10,NO2,珠海,27.0
20170124,10,NO2_24h,珠海,26.0
20170124,10,O3,珠海,80.0
20170124,10,O3_24h,珠海,130.0
20170124,10,O3_8h,珠海,83.0
20170124,10,O3_8h_24h,珠海,96.0
20170124,10,CO,珠海,0.78
20170124,10,CO_24h,珠海,0.78
20170124,11,AQI,珠海,57.0
20170124,11,PM2.5,珠海,37.0
20170124,11,PM2.5_24h,珠海,38.0
20170124,11,PM10,珠海,64.0
20170124,11,PM10_24h,珠海,61.0
20170124,11,SO2,珠海,8.0
20170124,11,SO2_24h,珠海,7.0
20170124,11,NO2,珠海,25.0
20170124,11,NO2_24h,珠海,26.0
20170124,11,O3,珠海,89.0
20170124,11,O3_24h,珠海,130.0
20170124,11,O3_8h,珠海,84.0
20170124,11,O3_8h_24h,珠海,96.0
20170124,11,CO,珠海,0.78
20170124,11,CO_24h,珠海,0.78
20170124,12,AQI,珠海,56.0
20170124,12,PM2.5,珠海,40.0
20170124,12,PM2.5_24h,珠海,38.0
20170124,12,PM10,珠海,61.0
20170124,12,PM10_24h,珠海,61.0
20170124,12,SO2,珠海,7.0
20170124,12,SO2_24h,珠海,7.0
20170124,12,NO2,珠海,21.0
20170124,12,NO2_24h,珠海,26.0
20170124,12,O3,珠海,103.0
20170124,12,O3_24h,珠海,130.0
20170124,12,O3_8h,珠海,86.0
20170124,12,O3_8h_24h,珠海,97.0
20170124,12,CO,珠海,0.8
20170124,12,CO_24h,珠海,0.78
20170124,13,AQI,珠海,60.0
20170124,13,PM2.5,珠海,43.0
20170124,13,PM2.5_24h,珠海,39.0
20170124,13,PM10,珠海,66.0
20170124,13,PM10_24h,珠海,61.0
20170124,13,SO2,珠海,6.0
20170124,13,SO2_24h,珠海,7.0
20170124,13,NO2,珠海,16.0
20170124,13,NO2_24h,珠海,26.0
20170124,13,O3,珠海,111.0
20170124,13,O3_24h,珠海,130.0
20170124,13,O3_8h,珠海,88.0
20170124,13,O3_8h_24h,珠海,98.0
20170124,13,CO,珠海,0.78
20170124,13,CO_24h,珠海,0.78
20170124,14,AQI,珠海,65.0
20170124,14,PM2.5,珠海,47.0
20170124,14,PM2.5_24h,珠海,38.0
20170124,14,PM10,珠海,77.0
20170124,14,PM10_24h,珠海,61.0
20170124,14,SO2,珠海,6.0
20170124,14,SO2_24h,珠海,7.0
20170124,14,NO2,珠海,17.0
20170124,14,NO2_24h,珠海,25.0
20170124,14,O3,珠海,122.0
20170124,14,O3_24h,珠海,131.0
20170124,14,O3_8h,珠海,93.0
20170124,14,O3_8h_24h,珠海,100.0
20170124,14,CO,珠海,0.82
20170124,14,CO_24h,珠海,0.78
20170124,15,AQI,珠海,68.0
20170124,15,PM2.5,珠海,49.0
20170124,15,PM2.5_24h,珠海,39.0
20170124,15,PM10,珠海,75.0
20170124,15,PM10_24h,珠海,61.0
20170124,15,SO2,珠海,6.0
20170124,15,SO2_24h,珠海,7.0
20170124,15,NO2,珠海,19.0
20170124,15,NO2_24h,珠海,25.0
20170124,15,O3,珠海,127.0
20170124,15,O3_24h,珠海,130.0
20170124,15,O3_8h,珠海,98.0
20170124,15,O3_8h_24h,珠海,102.0
20170124,15,CO,珠海,0.82
20170124,15,CO_24h,珠海,0.78
20170124,16,AQI,珠海,68.0
20170124,16,PM2.5,珠海,49.0
20170124,16,PM2.5_24h,珠海,39.0
20170124,16,PM10,珠海,77.0
20170124,16,PM10_24h,珠海,61.0
20170124,16,SO2,珠海,7.0
20170124,16,SO2_24h,珠海,7.0
20170124,16,NO2,珠海,24.0
20170124,16,NO2_24h,珠海,25.0
20170124,16,O3,珠海,126.0
20170124,16,O3_24h,珠海,132.0
20170124,16,O3_8h,珠海,104.0
20170124,16,O3_8h_24h,珠海,106.0
20170124,16,CO,珠海,0.78
20170124,16,CO_24h,珠海,0.78
20170124,17,AQI,珠海,68.0
20170124,17,PM2.5,珠海,44.0
20170124,17,PM2.5_24h,珠海,39.0
20170124,17,PM10,珠海,85.0
20170124,17,PM10_24h,珠海,61.0
20170124,17,SO2,珠海,7.0
20170124,17,SO2_24h,珠海,7.0
20170124,17,NO2,珠海,30.0
20170124,17,NO2_24h,珠海,25.0
20170124,17,O3,珠海,115.0
20170124,17,O3_24h,珠海,132.0
20170124,17,O3_8h,珠海,109.0
20170124,17,O3_8h_24h,珠海,110.0
20170124,17,CO,珠海,0.77
20170124,17,CO_24h,珠海,0.78
20170124,18,AQI,珠海,64.0
20170124,18,PM2.5,珠海,33.0
20170124,18,PM2.5_24h,珠海,39.0
20170124,18,PM10,珠海,78.0
20170124,18,PM10_24h,珠海,62.0
20170124,18,SO2,珠海,9.0
20170124,18,SO2_24h,珠海,7.0
20170124,18,NO2,珠海,29.0
20170124,18,NO2_24h,珠海,25.0
20170124,18,O3,珠海,102.0
20170124,18,O3_24h,珠海,131.0
20170124,18,O3_8h,珠海,112.0
20170124,18,O3_8h_24h,珠海,112.0
20170124,18,CO,珠海,0.68
20170124,18,CO_24h,珠海,0.78
20170124,19,AQI,珠海,58.0
20170124,19,PM2.5,珠海,30.0
20170124,19,PM2.5_24h,珠海,38.0
20170124,19,PM10,珠海,65.0
20170124,19,PM10_24h,珠海,62.0
20170124,19,SO2,珠海,9.0
20170124,19,SO2_24h,珠海,7.0
20170124,19,NO2,珠海,29.0
20170124,19,NO2_24h,珠海,25.0
20170124,19,O3,珠海,103.0
20170124,19,O3_24h,珠海,131.0
20170124,19,O3_8h,珠海,114.0
20170124,19,O3_8h_24h,珠海,114.0
20170124,19,CO,珠海,0.68
20170124,19,CO_24h,珠海,0.78
20170124,20,AQI,珠海,59.0
20170124,20,PM2.5,珠海,34.0
20170124,20,PM2.5_24h,珠海,38.0
20170124,20,PM10,珠海,68.0
20170124,20,PM10_24h,珠海,61.0
20170124,20,SO2,珠海,7.0
20170124,20,SO2_24h,珠海,7.0
20170124,20,NO2,珠海,32.0
20170124,20,NO2_24h,珠海,25.0
20170124,20,O3,珠海,89.0
20170124,20,O3_24h,珠海,131.0
20170124,20,O3_8h,珠海,112.0
20170124,20,O3_8h_24h,珠海,114.0
20170124,20,CO,珠海,0.67
20170124,20,CO_24h,珠海,0.78
20170124,21,AQI,珠海,63.0
20170124,21,PM2.5,珠海,35.0
20170124,21,PM2.5_24h,珠海,38.0
20170124,21,PM10,珠海,75.0
20170124,21,PM10_24h,珠海,62.0
20170124,21,SO2,珠海,10.0
20170124,21,SO2_24h,珠海,7.0
20170124,21,NO2,珠海,40.0
20170124,21,NO2_24h,珠海,25.0
20170124,21,O3,珠海,73.0
20170124,21,O3_24h,珠海,131.0
20170124,21,O3_8h,珠海,107.0
20170124,21,O3_8h_24h,珠海,114.0
20170124,21,CO,珠海,0.67
20170124,21,CO_24h,珠海,0.78
20170124,22,AQI,珠海,54.0
20170124,22,PM2.5,珠海,32.0
20170124,22,PM2.5_24h,珠海,37.0
20170124,22,PM10,珠海,58.0
20170124,22,PM10_24h,珠海,62.0
20170124,22,SO2,珠海,10.0
20170124,22,SO2_24h,珠海,7.0
20170124,22,NO2,珠海,32.0
20170124,22,NO2_24h,珠海,25.0
20170124,22,O3,珠海,79.0
20170124,22,O3_24h,珠海,131.0
20170124,22,O3_8h,珠海,102.0
20170124,22,O3_8h_24h,珠海,114.0
20170124,22,CO,珠海,0.65
20170124,22,CO_24h,珠海,0.78
20170124,23,AQI,珠海,51.0
20170124,23,PM2.5,珠海,30.0
20170124,23,PM2.5_24h,珠海,37.0
20170124,23,PM10,珠海,52.0
20170124,23,PM10_24h,珠海,61.0
20170124,23,SO2,珠海,8.0
20170124,23,SO2_24h,珠海,7.0
20170124,23,NO2,珠海,28.0
20170124,23,NO2_24h,珠海,25.0
20170124,23,O3,珠海,76.0
20170124,23,O3_24h,珠海,131.0
20170124,23,O3_8h,珠海,95.0
20170124,23,O3_8h_24h,珠海,114.0
20170124,23,CO,珠海,0.65
20170124,23,CO_24h,珠海,0.75
20170124,0,AQI,佛山,96.0
20170124,0,PM2.5,佛山,72.0
20170124,0,PM2.5_24h,佛山,55.0
20170124,0,PM10,佛山,98.0
20170124,0,PM10_24h,佛山,78.0
20170124,0,SO2,佛山,10.0
20170124,0,SO2_24h,佛山,10.0
20170124,0,NO2,佛山,82.0
20170124,0,NO2_24h,佛山,54.0
20170124,0,O3,佛山,28.0
20170124,0,O3_24h,佛山,140.0
20170124,0,O3_8h,佛山,67.0
20170124,0,O3_8h_24h,佛山,114.0
20170124,0,CO,佛山,1.13
20170124,0,CO_24h,佛山,0.88
20170124,1,AQI,佛山,96.0
20170124,1,PM2.5,佛山,72.0
20170124,1,PM2.5_24h,佛山,55.0
20170124,1,PM10,佛山,100.0
20170124,1,PM10_24h,佛山,78.0
20170124,1,SO2,佛山,8.0
20170124,1,SO2_24h,佛山,10.0
20170124,1,NO2,佛山,67.0
20170124,1,NO2_24h,佛山,53.0
20170124,1,O3,佛山,40.0
20170124,1,O3_24h,佛山,140.0
20170124,1,O3_8h,佛山,40.0
20170124,1,O3_8h_24h,佛山,40.0
20170124,1,CO,佛山,0.94
20170124,1,CO_24h,佛山,0.86
20170124,2,AQI,佛山,84.0
20170124,2,PM2.5,佛山,62.0
20170124,2,PM2.5_24h,佛山,55.0
20170124,2,PM10,佛山,91.0
20170124,2,PM10_24h,佛山,78.0
20170124,2,SO2,佛山,8.0
20170124,2,SO2_24h,佛山,10.0
20170124,2,NO2,佛山,45.0
20170124,2,NO2_24h,佛山,52.0
20170124,2,O3,佛山,54.0
20170124,2,O3_24h,佛山,140.0
20170124,2,O3_8h,佛山,47.0
20170124,2,O3_8h_24h,佛山,48.0
20170124,2,CO,佛山,0.79
20170124,2,CO_24h,佛山,0.85
20170124,3,AQI,佛山,75.0
20170124,3,PM2.5,佛山,55.0
20170124,3,PM2.5_24h,佛山,55.0
20170124,3,PM10,佛山,80.0
20170124,3,PM10_24h,佛山,77.0
20170124,3,SO2,佛山,7.0
20170124,3,SO2_24h,佛山,10.0
20170124,3,NO2,佛山,36.0
20170124,3,NO2_24h,佛山,50.0
20170124,3,O3,佛山,58.0
20170124,3,O3_24h,佛山,140.0
20170124,3,O3_8h,佛山,51.0
20170124,3,O3_8h_24h,佛山,52.0
20170124,3,CO,佛山,0.7
20170124,3,CO_24h,佛山,0.84
20170124,4,AQI,佛山,74.0
20170124,4,PM2.5,佛山,54.0
20170124,4,PM2.5_24h,佛山,55.0
20170124,4,PM10,佛山,76.0
20170124,4,PM10_24h,佛山,77.0
20170124,4,SO2,佛山,8.0
20170124,4,SO2_24h,佛山,10.0
20170124,4,NO2,佛山,33.0
20170124,4,NO2_24h,佛山,49.0
20170124,4,O3,佛山,53.0
20170124,4,O3_24h,佛山,140.0
20170124,4,O3_8h,佛山,51.0
20170124,4,O3_8h_24h,佛山,54.0
20170124,4,CO,佛山,0.71
20170124,4,CO_24h,佛山,0.85
20170124,5,AQI,佛山,76.0
20170124,5,PM2.5,佛山,56.0
20170124,5,PM2.5_24h,佛山,55.0
20170124,5,PM10,佛山,74.0
20170124,5,PM10_24h,佛山,77.0
20170124,5,SO2,佛山,8.0
20170124,5,SO2_24h,佛山,9.0
20170124,5,NO2,佛山,42.0
20170124,5,NO2_24h,佛山,49.0
20170124,5,O3,佛山,40.0
20170124,5,O3_24h,佛山,140.0
20170124,5,O3_8h,佛山,49.0
20170124,5,O3_8h_24h,佛山,55.0
20170124,5,CO,佛山,0.79
20170124,5,CO_24h,佛山,0.85
20170124,6,AQI,佛山,81.0
20170124,6,PM2.5,佛山,60.0
20170124,6,PM2.5_24h,佛山,55.0
20170124,6,PM10,佛山,77.0
20170124,6,PM10_24h,佛山,77.0
20170124,6,SO2,佛山,9.0
20170124,6,SO2_24h,佛山,9.0
20170124,6,NO2,佛山,55.0
20170124,6,NO2_24h,佛山,49.0
20170124,6,O3,佛山,29.0
20170124,6,O3_24h,佛山,140.0
20170124,6,O3_8h,佛山,46.0
20170124,6,O3_8h_24h,佛山,56.0
20170124,6,CO,佛山,0.92
20170124,6,CO_24h,佛山,0.84
20170124,7,AQI,佛山,81.0
20170124,7,PM2.5,佛山,60.0
20170124,7,PM2.5_24h,佛山,56.0
20170124,7,PM10,佛山,84.0
20170124,7,PM10_24h,佛山,78.0
20170124,7,SO2,佛山,9.0
20170124,7,SO2_24h,佛山,9.0
20170124,7,NO2,佛山,55.0
20170124,7,NO2_24h,佛山,49.0
20170124,7,O3,佛山,28.0
20170124,7,O3_24h,佛山,140.0
20170124,7,O3_8h,佛山,43.0
20170124,7,O3_8h_24h,佛山,56.0
20170124,7,CO,佛山,0.91
20170124,7,CO_24h,佛山,0.84
20170124,8,AQI,佛山,83.0
20170124,8,PM2.5,佛山,61.0
20170124,8,PM2.5_24h,佛山,56.0
20170124,8,PM10,佛山,83.0
20170124,8,PM10_24h,佛山,79.0
20170124,8,SO2,佛山,9.0
20170124,8,SO2_24h,佛山,9.0
20170124,8,NO2,佛山,55.0
20170124,8,NO2_24h,佛山,49.0
20170124,8,O3,佛山,27.0
20170124,8,O3_24h,佛山,140.0
20170124,8,O3_8h,佛山,41.0
20170124,8,O3_8h_24h,佛山,57.0
20170124,8,CO,佛山,0.94
20170124,8,CO_24h,佛山,0.85
20170124,9,AQI,佛山,85.0
20170124,9,PM2.5,佛山,63.0
20170124,9,PM2.5_24h,佛山,57.0
20170124,9,PM10,佛山,91.0
20170124,9,PM10_24h,佛山,80.0
20170124,9,SO2,佛山,11.0
20170124,9,SO2_24h,佛山,9.0
20170124,9,NO2,佛山,53.0
20170124,9,NO2_24h,佛山,50.0
20170124,9,O3,佛山,31.0
20170124,9,O3_24h,佛山,140.0
20170124,9,O3_8h,佛山,40.0
20170124,9,O3_8h_24h,佛山,59.0
20170124,9,CO,佛山,0.91
20170124,9,CO_24h,佛山,0.85
20170124,10,AQI,佛山,81.0
20170124,10,PM2.5,佛山,60.0
20170124,10,PM2.5_24h,佛山,57.0
20170124,10,PM10,佛山,86.0
20170124,10,PM10_24h,佛山,80.0
20170124,10,SO2,佛山,13.0
20170124,10,SO2_24h,佛山,9.0
20170124,10,NO2,佛山,45.0
20170124,10,NO2_24h,佛山,50.0
20170124,10,O3,佛山,50.0
20170124,10,O3_24h,佛山,140.0
20170124,10,O3_8h,佛山,39.0
20170124,10,O3_8h_24h,佛山,60.0
20170124,10,CO,佛山,0.83
20170124,10,CO_24h,佛山,0.85
20170124,11,AQI,佛山,76.0
20170124,11,PM2.5,佛山,56.0
20170124,11,PM2.5_24h,佛山,58.0
20170124,11,PM10,佛山,79.0
20170124,11,PM10_24h,佛山,81.0
20170124,11,SO2,佛山,13.0
20170124,11,SO2_24h,佛山,9.0
20170124,11,NO2,佛山,45.0
20170124,11,NO2_24h,佛山,50.0
20170124,11,O3,佛山,59.0
20170124,11,O3_24h,佛山,140.0
20170124,11,O3_8h,佛山,39.0
20170124,11,O3_8h_24h,佛山,62.0
20170124,11,CO,佛山,0.78
20170124,11,CO_24h,佛山,0.86
20170124,12,AQI,佛山,75.0
20170124,12,PM2.5,佛山,55.0
20170124,12,PM2.5_24h,佛山,58.0
20170124,12,PM10,佛山,77.0
20170124,12,PM10_24h,佛山,81.0
20170124,12,SO2,佛山,13.0
20170124,12,SO2_24h,佛山,10.0
20170124,12,NO2,佛山,40.0
20170124,12,NO2_24h,佛山,51.0
20170124,12,O3,佛山,69.0
20170124,12,O3_24h,佛山,140.0
20170124,12,O3_8h,佛山,41.0
20170124,12,O3_8h_24h,佛山,64.0
20170124,12,CO,佛山,0.76
20170124,12,CO_24h,佛山,0.86
20170124,13,AQI,佛山,74.0
20170124,13,PM2.5,佛山,54.0
20170124,13,PM2.5_24h,佛山,59.0
20170124,13,PM10,佛山,78.0
20170124,13,PM10_24h,佛山,81.0
20170124,13,SO2,佛山,14.0
20170124,13,SO2_24h,佛山,10.0
20170124,13,NO2,佛山,35.0
20170124,13,NO2_24h,佛山,51.0
20170124,13,O3,佛山,81.0
20170124,13,O3_24h,佛山,140.0
20170124,13,O3_8h,佛山,46.0
20170124,13,O3_8h_24h,佛山,66.0
20170124,13,CO,佛山,0.71
20170124,13,CO_24h,佛山,0.88
20170124,14,AQI,佛山,73.0
20170124,14,PM2.5,佛山,53.0
20170124,14,PM2.5_24h,佛山,59.0
20170124,14,PM10,佛山,77.0
20170124,14,PM10_24h,佛山,82.0
20170124,14,SO2,佛山,13.0
20170124,14,SO2_24h,佛山,10.0
20170124,14,NO2,佛山,28.0
20170124,14,NO2_24h,佛山,51.0
20170124,14,O3,佛山,107.0
20170124,14,O3_24h,佛山,140.0
20170124,14,O3_8h,佛山,56.0
20170124,14,O3_8h_24h,佛山,69.0
20170124,14,CO,佛山,0.71
20170124,14,CO_24h,佛山,0.86
20170124,15,AQI,佛山,76.0
20170124,15,PM2.5,佛山,56.0
20170124,15,PM2.5_24h,佛山,59.0
20170124,15,PM10,佛山,77.0
20170124,15,PM10_24h,佛山,82.0
20170124,15,SO2,佛山,13.0
20170124,15,SO2_24h,佛山,10.0
20170124,15,NO2,佛山,26.0
20170124,15,NO2_24h,佛山,51.0
20170124,15,O3,佛山,120.0
20170124,15,O3_24h,佛山,140.0
20170124,15,O3_8h,佛山,68.0
20170124,15,O3_8h_24h,佛山,74.0
20170124,15,CO,佛山,0.69
20170124,15,CO_24h,佛山,0.89
20170124,16,AQI,佛山,76.0
20170124,16,PM2.5,佛山,56.0
20170124,16,PM2.5_24h,佛山,60.0
20170124,16,PM10,佛山,77.0
20170124,16,PM10_24h,佛山,82.0
20170124,16,SO2,佛山,12.0
20170124,16,SO2_24h,佛山,10.0
20170124,16,NO2,佛山,28.0
20170124,16,NO2_24h,佛山,51.0
20170124,16,O3,佛山,125.0
20170124,16,O3_24h,佛山,139.0
20170124,16,O3_8h,佛山,80.0
20170124,16,O3_8h_24h,佛山,83.0
20170124,16,CO,佛山,0.72
20170124,16,CO_24h,佛山,0.89
20170124,17,AQI,佛山,79.0
20170124,17,PM2.5,佛山,58.0
20170124,17,PM2.5_24h,佛山,60.0
20170124,17,PM10,佛山,81.0
20170124,17,PM10_24h,佛山,83.0
20170124,17,SO2,佛山,12.0
20170124,17,SO2_24h,佛山,10.0
20170124,17,NO2,佛山,31.0
20170124,17,NO2_24h,佛山,51.0
20170124,17,O3,佛山,124.0
20170124,17,O3_24h,佛山,133.0
20170124,17,O3_8h,佛山,92.0
20170124,17,O3_8h_24h,佛山,92.0
20170124,17,CO,佛山,0.75
20170124,17,CO_24h,佛山,0.89
20170124,18,AQI,佛山,80.0
20170124,18,PM2.5,佛山,59.0
20170124,18,PM2.5_24h,佛山,60.0
20170124,18,PM10,佛山,83.0
20170124,18,PM10_24h,佛山,83.0
20170124,18,SO2,佛山,11.0
20170124,18,SO2_24h,佛山,10.0
20170124,18,NO2,佛山,39.0
20170124,18,NO2_24h,佛山,51.0
20170124,18,O3,佛山,108.0
20170124,18,O3_24h,佛山,126.0
20170124,18,O3_8h,佛山,99.0
20170124,18,O3_8h_24h,佛山,99.0
20170124,18,CO,佛山,0.78
20170124,18,CO_24h,佛山,0.89
20170124,19,AQI,佛山,83.0
20170124,19,PM2.5,佛山,61.0
20170124,19,PM2.5_24h,佛山,61.0
20170124,19,PM10,佛山,82.0
20170124,19,PM10_24h,佛山,83.0
20170124,19,SO2,佛山,10.0
20170124,19,SO2_24h,佛山,10.0
20170124,19,NO2,佛山,62.0
20170124,19,NO2_24h,佛山,52.0
20170124,19,O3,佛山,74.0
20170124,19,O3_24h,佛山,126.0
20170124,19,O3_8h,佛山,101.0
20170124,19,O3_8h_24h,佛山,102.0
20170124,19,CO,佛山,0.9
20170124,19,CO_24h,佛山,0.89
20170124,20,AQI,佛山,88.0
20170124,20,PM2.5,佛山,65.0
20170124,20,PM2.5_24h,佛山,61.0
20170124,20,PM10,佛山,85.0
20170124,20,PM10_24h,佛山,84.0
20170124,20,SO2,佛山,10.0
20170124,20,SO2_24h,佛山,10.0
20170124,20,NO2,佛山,72.0
20170124,20,NO2_24h,佛山,52.0
20170124,20,O3,佛山,53.0
20170124,20,O3_24h,佛山,126.0
20170124,20,O3_8h,佛山,99.0
20170124,20,O3_8h_24h,佛山,102.0
20170124,20,CO,佛山,1.05
20170124,20,CO_24h,佛山,0.88
20170124,21,AQI,佛山,100.0
20170124,21,PM2.5,佛山,75.0
20170124,21,PM2.5_24h,佛山,61.0
20170124,21,PM10,佛山,95.0
20170124,21,PM10_24h,佛山,84.0
20170124,21,SO2,佛山,11.0
20170124,21,SO2_24h,佛山,10.0
20170124,21,NO2,佛山,85.0
20170124,21,NO2_24h,佛山,52.0
20170124,21,O3,佛山,34.0
20170124,21,O3_24h,佛山,126.0
20170124,21,O3_8h,佛山,93.0
20170124,21,O3_8h_24h,佛山,102.0
20170124,21,CO,佛山,1.14
20170124,21,CO_24h,佛山,0.86
20170124,22,AQI,佛山,108.0
20170124,22,PM2.5,佛山,81.0
20170124,22,PM2.5_24h,佛山,62.0
20170124,22,PM10,佛山,109.0
20170124,22,PM10_24h,佛山,85.0
20170124,22,SO2,佛山,11.0
20170124,22,SO2_24h,佛山,10.0
20170124,22,NO2,佛山,90.0
20170124,22,NO2_24h,佛山,52.0
20170124,22,O3,佛山,23.0
20170124,22,O3_24h,佛山,126.0
20170124,22,O3_8h,佛山,83.0
20170124,22,O3_8h_24h,佛山,102.0
20170124,22,CO,佛山,1.17
20170124,22,CO_24h,佛山,0.86
20170124,23,AQI,佛山,110.0
20170124,23,PM2.5,佛山,83.0
20170124,23,PM2.5_24h,佛山,62.0
20170124,23,PM10,佛山,114.0
20170124,23,PM10_24h,佛山,86.0
20170124,23,SO2,佛山,10.0
20170124,23,SO2_24h,佛山,10.0
20170124,23,NO2,佛山,75.0
20170124,23,NO2_24h,佛山,51.0
20170124,23,O3,佛山,33.0
20170124,23,O3_24h,佛山,126.0
20170124,23,O3_8h,佛山,72.0
20170124,23,O3_8h_24h,佛山,102.0
20170124,23,CO,佛山,1.01
20170124,23,CO_24h,佛山,0.85
20170124,0,AQI,中山,64.0
20170124,0,PM2.5,中山,46.0
20170124,0,PM2.5_24h,中山,55.0
20170124,0,PM10,中山,66.0
20170124,0,PM10_24h,中山,74.0
20170124,0,SO2,中山,11.0
20170124,0,SO2_24h,中山,13.0
20170124,0,NO2,中山,35.0
20170124,0,NO2_24h,中山,44.0
20170124,0,O3,中山,77.0
20170124,0,O3_24h,中山,160.0
20170124,0,O3_8h,中山,108.0
20170124,0,O3_8h_24h,中山,136.0
20170124,0,CO,中山,0.9
20170124,0,CO_24h,中山,1.05
20170124,1,AQI,中山,59.0
20170124,1,PM2.5,中山,42.0
20170124,1,PM2.5_24h,中山,55.0
20170124,1,PM10,中山,63.0
20170124,1,PM10_24h,中山,73.0
20170124,1,SO2,中山,10.0
20170124,1,SO2_24h,中山,13.0
20170124,1,NO2,中山,30.0
20170124,1,NO2_24h,中山,42.0
20170124,1,O3,中山,79.0
20170124,1,O3_24h,中山,160.0
20170124,1,O3_8h,中山,79.0
20170124,1,O3_8h_24h,中山,79.0
20170124,1,CO,中山,0.9
20170124,1,CO_24h,中山,1.05
20170124,2,AQI,中山,57.0
20170124,2,PM2.5,中山,40.0
20170124,2,PM2.5_24h,中山,54.0
20170124,2,PM10,中山,63.0
20170124,2,PM10_24h,中山,73.0
20170124,2,SO2,中山,11.0
20170124,2,SO2_24h,中山,13.0
20170124,2,NO2,中山,26.0
20170124,2,NO2_24h,中山,41.0
20170124,2,O3,中山,82.0
20170124,2,O3_24h,中山,160.0
20170124,2,O3_8h,中山,81.0
20170124,2,O3_8h_24h,中山,81.0
20170124,2,CO,中山,0.85
20170124,2,CO_24h,中山,1.05
20170124,3,AQI,中山,58.0
20170124,3,PM2.5,中山,41.0
20170124,3,PM2.5_24h,中山,53.0
20170124,3,PM10,中山,66.0
20170124,3,PM10_24h,中山,72.0
20170124,3,SO2,中山,10.0
20170124,3,SO2_24h,中山,14.0
20170124,3,NO2,中山,24.0
20170124,3,NO2_24h,中山,39.0
20170124,3,O3,中山,73.0
20170124,3,O3_24h,中山,160.0
20170124,3,O3_8h,中山,78.0
20170124,3,O3_8h_24h,中山,82.0
20170124,3,CO,中山,0.9
20170124,3,CO_24h,中山,1.0
20170124,4,AQI,中山,57.0
20170124,4,PM2.5,中山,40.0
20170124,4,PM2.5_24h,中山,52.0
20170124,4,PM10,中山,63.0
20170124,4,PM10_24h,中山,71.0
20170124,4,SO2,中山,10.0
20170124,4,SO2_24h,中山,14.0
20170124,4,NO2,中山,18.0
20170124,4,NO2_24h,中山,37.0
20170124,4,O3,中山,83.0
20170124,4,O3_24h,中山,160.0
20170124,4,O3_8h,中山,79.0
20170124,4,O3_8h_24h,中山,83.0
20170124,4,CO,中山,0.8
20170124,4,CO_24h,中山,1.0
20170124,5,AQI,中山,55.0
20170124,5,PM2.5,中山,36.0
20170124,5,PM2.5_24h,中山,51.0
20170124,5,PM10,中山,59.0
20170124,5,PM10_24h,中山,70.0
20170124,5,SO2,中山,10.0
20170124,5,SO2_24h,中山,14.0
20170124,5,NO2,中山,14.0
20170124,5,NO2_24h,中山,35.0
20170124,5,O3,中山,88.0
20170124,5,O3_24h,中山,160.0
20170124,5,O3_8h,中山,81.0
20170124,5,O3_8h_24h,中山,84.0
20170124,5,CO,中山,0.85
20170124,5,CO_24h,中山,1.0
20170124,6,AQI,中山,57.0
20170124,6,PM2.5,中山,39.0
20170124,6,PM2.5_24h,中山,50.0
20170124,6,PM10,中山,63.0
20170124,6,PM10_24h,中山,70.0
20170124,6,SO2,中山,10.0
20170124,6,SO2_24h,中山,14.0
20170124,6,NO2,中山,15.0
20170124,6,NO2_24h,中山,33.0
20170124,6,O3,中山,85.0
20170124,6,O3_24h,中山,160.0
20170124,6,O3_8h,中山,81.0
20170124,6,O3_8h_24h,中山,85.0
20170124,6,CO,中山,0.85
20170124,6,CO_24h,中山,1.0
20170124,7,AQI,中山,58.0
20170124,7,PM2.5,中山,41.0
20170124,7,PM2.5_24h,中山,49.0
20170124,7,PM10,中山,62.0
20170124,7,PM10_24h,中山,69.0
20170124,7,SO2,中山,11.0
20170124,7,SO2_24h,中山,14.0
20170124,7,NO2,中山,19.0
20170124,7,NO2_24h,中山,31.0
20170124,7,O3,中山,80.0
20170124,7,O3_24h,中山,160.0
20170124,7,O3_8h,中山,81.0
20170124,7,O3_8h_24h,中山,85.0
20170124,7,CO,中山,0.85
20170124,7,CO_24h,中山,0.95
20170124,8,AQI,中山,60.0
20170124,8,PM2.5,中山,43.0
20170124,8,PM2.5_24h,中山,49.0
20170124,8,PM10,中山,65.0
20170124,8,PM10_24h,中山,69.0
20170124,8,SO2,中山,12.0
20170124,8,SO2_24h,中山,14.0
20170124,8,NO2,中山,23.0
20170124,8,NO2_24h,中山,30.0
20170124,8,O3,中山,76.0
20170124,8,O3_24h,中山,160.0
20170124,8,O3_8h,中山,81.0
20170124,8,O3_8h_24h,中山,85.0
20170124,8,CO,中山,0.9
20170124,8,CO_24h,中山,0.9
20170124,9,AQI,中山,64.0
20170124,9,PM2.5,中山,46.0
20170124,9,PM2.5_24h,中山,49.0
20170124,9,PM10,中山,67.0
20170124,9,PM10_24h,中山,68.0
20170124,9,SO2,中山,12.0
20170124,9,SO2_24h,中山,13.0
20170124,9,NO2,中山,29.0
20170124,9,NO2_24h,中山,29.0
20170124,9,O3,中山,73.0
20170124,9,O3_24h,中山,160.0
20170124,9,O3_8h,中山,80.0
20170124,9,O3_8h_24h,中山,85.0
20170124,9,CO,中山,0.95
20170124,9,CO_24h,中山,0.9
20170124,10,AQI,中山,69.0
20170124,10,PM2.5,中山,50.0
20170124,10,PM2.5_24h,中山,50.0
20170124,10,PM10,中山,74.0
20170124,10,PM10_24h,中山,71.0
20170124,10,SO2,中山,12.0
20170124,10,SO2_24h,中山,13.0
20170124,10,NO2,中山,37.0
20170124,10,NO2_24h,中山,36.0
20170124,10,O3,中山,74.0
20170124,10,O3_24h,中山,145.0
20170124,10,O3_8h,中山,74.0
20170124,10,O3_8h_24h,中山,78.0
20170124,10,CO,中山,0.9
20170124,10,CO_24h,中山,0.87
20170124,11,AQI,中山,73.0
20170124,11,PM2.5,中山,53.0
20170124,11,PM2.5_24h,中山,50.0
20170124,11,PM10,中山,75.0
20170124,11,PM10_24h,中山,72.0
20170124,11,SO2,中山,8.0
20170124,11,SO2_24h,中山,12.0
20170124,11,NO2,中山,14.0
20170124,11,NO2_24h,中山,31.0
20170124,11,O3,中山,49.0
20170124,11,O3_24h,中山,145.0
20170124,11,O3_8h,中山,65.0
20170124,11,O3_8h_24h,中山,79.0
20170124,11,CO,中山,0.4
20170124,11,CO_24h,中山,0.83
20170124,12,AQI,中山,76.0
20170124,12,PM2.5,中山,56.0
20170124,12,PM2.5_24h,中山,51.0
20170124,12,PM10,中山,79.0
20170124,12,PM10_24h,中山,72.0
20170124,12,SO2,中山,14.0
20170124,12,SO2_24h,中山,11.0
20170124,12,NO2,中山,28.0
20170124,12,NO2_24h,中山,30.0
20170124,12,O3,中山,106.0
20170124,12,O3_24h,中山,145.0
20170124,12,O3_8h,中山,75.0
20170124,12,O3_8h_24h,中山,80.0
20170124,12,CO,中山,0.73
20170124,12,CO_24h,中山,0.8
20170124,13,AQI,中山,78.0
20170124,13,PM2.5,中山,57.0
20170124,13,PM2.5_24h,中山,52.0
20170124,13,PM10,中山,88.0
20170124,13,PM10_24h,中山,74.0
20170124,13,SO2,中山,14.0
20170124,13,SO2_24h,中山,11.0
20170124,13,NO2,中山,27.0
20170124,13,NO2_24h,中山,30.0
20170124,13,O3,中山,122.0
20170124,13,O3_24h,中山,145.0
20170124,13,O3_8h,中山,83.0
20170124,13,O3_8h_24h,中山,83.0
20170124,13,CO,中山,0.73
20170124,13,CO_24h,中山,0.8
20170124,14,AQI,中山,78.0
20170124,14,PM2.5,中山,57.0
20170124,14,PM2.5_24h,中山,52.0
20170124,14,PM10,中山,81.0
20170124,14,PM10_24h,中山,75.0
20170124,14,SO2,中山,13.0
20170124,14,SO2_24h,中山,11.0
20170124,14,NO2,中山,26.0
20170124,14,NO2_24h,中山,30.0
20170124,14,O3,中山,139.0
20170124,14,O3_24h,中山,150.0
20170124,14,O3_8h,中山,92.0
20170124,14,O3_8h_24h,中山,92.0
20170124,14,CO,中山,0.7
20170124,14,CO_24h,中山,0.8
20170124,15,AQI,中山,80.0
20170124,15,PM2.5,中山,59.0
20170124,15,PM2.5_24h,中山,53.0
20170124,15,PM10,中山,81.0
20170124,15,PM10_24h,中山,75.0
20170124,15,SO2,中山,12.0
20170124,15,SO2_24h,中山,11.0
20170124,15,NO2,中山,27.0
20170124,15,NO2_24h,中山,30.0
20170124,15,O3,中山,157.0
20170124,15,O3_24h,中山,157.0
20170124,15,O3_8h,中山,103.0
20170124,15,O3_8h_24h,中山,103.0
20170124,15,CO,中山,0.73
20170124,15,CO_24h,中山,0.83
20170124,16,AQI,中山,86.0
20170124,16,PM2.5,中山,64.0
20170124,16,PM2.5_24h,中山,54.0
20170124,16,PM10,中山,87.0
20170124,16,PM10_24h,中山,76.0
20170124,16,SO2,中山,13.0
20170124,16,SO2_24h,中山,11.0
20170124,16,NO2,中山,30.0
20170124,16,NO2_24h,中山,30.0
20170124,16,O3,中山,163.0
20170124,16,O3_24h,中山,163.0
20170124,16,O3_8h,中山,114.0
20170124,16,O3_8h_24h,中山,114.0
20170124,16,CO,中山,0.77
20170124,16,CO_24h,中山,0.8
20170124,17,AQI,中山,89.0
20170124,17,PM2.5,中山,66.0
20170124,17,PM2.5_24h,中山,55.0
20170124,17,PM10,中山,84.0
20170124,17,PM10_24h,中山,77.0
20170124,17,SO2,中山,12.0
20170124,17,SO2_24h,中山,11.0
20170124,17,NO2,中山,37.0
20170124,17,NO2_24h,中山,32.0
20170124,17,O3,中山,159.0
20170124,17,O3_24h,中山,165.0
20170124,17,O3_8h,中山,125.0
20170124,17,O3_8h_24h,中山,125.0
20170124,17,CO,中山,0.77
20170124,17,CO_24h,中山,0.8
20170124,18,AQI,中山,91.0
20170124,18,PM2.5,中山,68.0
20170124,18,PM2.5_24h,中山,55.0
20170124,18,PM10,中山,85.0
20170124,18,PM10_24h,中山,78.0
20170124,18,SO2,中山,12.0
20170124,18,SO2_24h,中山,11.0
20170124,18,NO2,中山,46.0
20170124,18,NO2_24h,中山,33.0
20170124,18,O3,中山,144.0
20170124,18,O3_24h,中山,165.0
20170124,18,O3_8h,中山,134.0
20170124,18,O3_8h_24h,中山,134.0
20170124,18,CO,中山,0.87
20170124,18,CO_24h,中山,0.8
20170124,19,AQI,中山,103.0
20170124,19,PM2.5,中山,77.0
20170124,19,PM2.5_24h,中山,60.0
20170124,19,PM10,中山,90.0
20170124,19,PM10_24h,中山,84.0
20170124,19,SO2,中山,11.0
20170124,19,SO2_24h,中山,11.0
20170124,19,NO2,中山,80.0
20170124,19,NO2_24h,中山,41.0
20170124,19,O3,中山,98.0
20170124,19,O3_24h,中山,158.0
20170124,19,O3_8h,中山,130.0
20170124,19,O3_8h_24h,中山,130.0
20170124,19,CO,中山,1.15
20170124,19,CO_24h,中山,0.75
20170124,20,AQI,中山,88.0
20170124,20,PM2.5,中山,65.0
20170124,20,PM2.5_24h,中山,59.0
20170124,20,PM10,中山,97.0
20170124,20,PM10_24h,中山,84.0
20170124,20,SO2,中山,9.0
20170124,20,SO2_24h,中山,11.0
20170124,20,NO2,中山,86.0
20170124,20,NO2_24h,中山,38.0
20170124,20,O3,中山,82.0
20170124,20,O3_24h,中山,158.0
20170124,20,O3_8h,中山,127.0
20170124,20,O3_8h_24h,中山,139.0
20170124,20,CO,中山,1.0
20170124,20,CO_24h,中山,0.83
20170124,21,AQI,中山,78.0
20170124,21,PM2.5,中山,57.0
20170124,21,PM2.5_24h,中山,55.0
20170124,21,PM10,中山,82.0
20170124,21,PM10_24h,中山,78.0
20170124,21,SO2,中山,9.0
20170124,21,SO2_24h,中山,11.0
20170124,21,NO2,中山,54.0
20170124,21,NO2_24h,中山,38.0
20170124,21,O3,中山,92.0
20170124,21,O3_24h,中山,165.0
20170124,21,O3_8h,中山,135.0
20170124,21,O3_8h_24h,中山,141.0
20170124,21,CO,中山,0.9
20170124,21,CO_24h,中山,0.87
20170124,22,AQI,中山,68.0
20170124,22,PM2.5,中山,49.0
20170124,22,PM2.5_24h,中山,54.0
20170124,22,PM10,中山,76.0
20170124,22,PM10_24h,中山,78.0
20170124,22,SO2,中山,10.0
20170124,22,SO2_24h,中山,11.0
20170124,22,NO2,中山,40.0
20170124,22,NO2_24h,中山,38.0
20170124,22,O3,中山,94.0
20170124,22,O3_24h,中山,165.0
20170124,22,O3_8h,中山,129.0
20170124,22,O3_8h_24h,中山,141.0
20170124,22,CO,中山,0.7
20170124,22,CO_24h,中山,0.83
20170124,23,AQI,中山,57.0
20170124,23,PM2.5,中山,40.0
20170124,23,PM2.5_24h,中山,54.0
20170124,23,PM10,中山,64.0
20170124,23,PM10_24h,中山,77.0
20170124,23,SO2,中山,9.0
20170124,23,SO2_24h,中山,11.0
20170124,23,NO2,中山,42.0
20170124,23,NO2_24h,中山,38.0
20170124,23,O3,中山,70.0
20170124,23,O3_24h,中山,165.0
20170124,23,O3_8h,中山,117.0
20170124,23,O3_8h_24h,中山,141.0
20170124,23,CO,中山,0.67
20170124,23,CO_24h,中山,0.8
20170124,0,AQI,江门,96.0
20170124,0,PM2.5,江门,72.0
20170124,0,PM2.5_24h,江门,54.0
20170124,0,PM10,江门,102.0
20170124,0,PM10_24h,江门,82.0
20170124,0,SO2,江门,9.0
20170124,0,SO2_24h,江门,10.0
20170124,0,NO2,江门,61.0
20170124,0,NO2_24h,江门,50.0
20170124,0,O3,江门,42.0
20170124,0,O3_24h,江门,131.0
20170124,0,O3_8h,江门,73.0
20170124,0,O3_8h_24h,江门,108.0
20170124,0,CO,江门,1.03
20170124,0,CO_24h,江门,0.97
20170124,1,AQI,江门,96.0
20170124,1,PM2.5,江门,72.0
20170124,1,PM2.5_24h,江门,54.0
20170124,1,PM10,江门,99.0
20170124,1,PM10_24h,江门,83.0
20170124,1,SO2,江门,9.0
20170124,1,SO2_24h,江门,10.0
20170124,1,NO2,江门,50.0
20170124,1,NO2_24h,江门,50.0
20170124,1,O3,江门,46.0
20170124,1,O3_24h,江门,131.0
20170124,1,O3_8h,江门,46.0
20170124,1,O3_8h_24h,江门,46.0
20170124,1,CO,江门,0.87
20170124,1,CO_24h,江门,0.97
20170124,2,AQI,江门,91.0
20170124,2,PM2.5,江门,68.0
20170124,2,PM2.5_24h,江门,55.0
20170124,2,PM10,江门,91.0
20170124,2,PM10_24h,江门,84.0
20170124,2,SO2,江门,9.0
20170124,2,SO2_24h,江门,10.0
20170124,2,NO2,江门,48.0
20170124,2,NO2_24h,江门,49.0
20170124,2,O3,江门,45.0
20170124,2,O3_24h,江门,131.0
20170124,2,O3_8h,江门,45.0
20170124,2,O3_8h_24h,江门,47.0
20170124,2,CO,江门,0.83
20170124,2,CO_24h,江门,0.97
20170124,3,AQI,江门,84.0
20170124,3,PM2.5,江门,62.0
20170124,3,PM2.5_24h,江门,55.0
20170124,3,PM10,江门,91.0
20170124,3,PM10_24h,江门,84.0
20170124,3,SO2,江门,9.0
20170124,3,SO2_24h,江门,10.0
20170124,3,NO2,江门,44.0
20170124,3,NO2_24h,江门,49.0
20170124,3,O3,江门,47.0
20170124,3,O3_24h,江门,131.0
20170124,3,O3_8h,江门,46.0
20170124,3,O3_8h_24h,江门,47.0
20170124,3,CO,江门,0.7
20170124,3,CO_24h,江门,0.97
20170124,4,AQI,江门,78.0
20170124,4,PM2.5,江门,57.0
20170124,4,PM2.5_24h,江门,55.0
20170124,4,PM10,江门,80.0
20170124,4,PM10_24h,江门,84.0
20170124,4,SO2,江门,8.0
20170124,4,SO2_24h,江门,10.0
20170124,4,NO2,江门,43.0
20170124,4,NO2_24h,江门,49.0
20170124,4,O3,江门,44.0
20170124,4,O3_24h,江门,131.0
20170124,4,O3_8h,江门,45.0
20170124,4,O3_8h_24h,江门,47.0
20170124,4,CO,江门,0.7
20170124,4,CO_24h,江门,0.93
20170124,5,AQI,江门,71.0
20170124,5,PM2.5,江门,52.0
20170124,5,PM2.5_24h,江门,55.0
20170124,5,PM10,江门,76.0
20170124,5,PM10_24h,江门,84.0
20170124,5,SO2,江门,8.0
20170124,5,SO2_24h,江门,10.0
20170124,5,NO2,江门,34.0
20170124,5,NO2_24h,江门,48.0
20170124,5,O3,江门,56.0
20170124,5,O3_24h,江门,131.0
20170124,5,O3_8h,江门,47.0
20170124,5,O3_8h_24h,江门,49.0
20170124,5,CO,江门,0.67
20170124,5,CO_24h,江门,0.93
20170124,6,AQI,江门,63.0
20170124,6,PM2.5,江门,45.0
20170124,6,PM2.5_24h,江门,55.0
20170124,6,PM10,江门,75.0
20170124,6,PM10_24h,江门,84.0
20170124,6,SO2,江门,9.0
20170124,6,SO2_24h,江门,10.0
20170124,6,NO2,江门,28.0
20170124,6,NO2_24h,江门,47.0
20170124,6,O3,江门,65.0
20170124,6,O3_24h,江门,131.0
20170124,6,O3_8h,江门,51.0
20170124,6,O3_8h_24h,江门,51.0
20170124,6,CO,江门,0.67
20170124,6,CO_24h,江门,0.93
20170124,7,AQI,江门,64.0
20170124,7,PM2.5,江门,46.0
20170124,7,PM2.5_24h,江门,56.0
20170124,7,PM10,江门,61.0
20170124,7,PM10_24h,江门,83.0
20170124,7,SO2,江门,9.0
20170124,7,SO2_24h,江门,10.0
20170124,7,NO2,江门,33.0
20170124,7,NO2_24h,江门,47.0
20170124,7,O3,江门,57.0
20170124,7,O3_24h,江门,131.0
20170124,7,O3_8h,江门,51.0
20170124,7,O3_8h_24h,江门,52.0
20170124,7,CO,江门,0.67
20170124,7,CO_24h,江门,0.93
20170124,8,AQI,江门,65.0
20170124,8,PM2.5,江门,47.0
20170124,8,PM2.5_24h,江门,56.0
20170124,8,PM10,江门,69.0
20170124,8,PM10_24h,江门,83.0
20170124,8,SO2,江门,10.0
20170124,8,SO2_24h,江门,10.0
20170124,8,NO2,江门,40.0
20170124,8,NO2_24h,江门,46.0
20170124,8,O3,江门,50.0
20170124,8,O3_24h,江门,131.0
20170124,8,O3_8h,江门,51.0
20170124,8,O3_8h_24h,江门,52.0
20170124,8,CO,江门,0.83
20170124,8,CO_24h,江门,0.9
20170124,9,AQI,江门,66.0
20170124,9,PM2.5,江门,48.0
20170124,9,PM2.5_24h,江门,56.0
20170124,9,PM10,江门,74.0
20170124,9,PM10_24h,江门,83.0
20170124,9,SO2,江门,11.0
20170124,9,SO2_24h,江门,10.0
20170124,9,NO2,江门,40.0
20170124,9,NO2_24h,江门,46.0
20170124,9,O3,江门,60.0
20170124,9,O3_24h,江门,131.0
20170124,9,O3_8h,江门,53.0
20170124,9,O3_8h_24h,江门,54.0
20170124,9,CO,江门,0.87
20170124,9,CO_24h,江门,0.9
20170124,10,AQI,江门,70.0
20170124,10,PM2.5,江门,51.0
20170124,10,PM2.5_24h,江门,56.0
20170124,10,PM10,江门,81.0
20170124,10,PM10_24h,江门,84.0
20170124,10,SO2,江门,15.0
20170124,10,SO2_24h,江门,10.0
20170124,10,NO2,江门,40.0
20170124,10,NO2_24h,江门,46.0
20170124,10,O3,江门,63.0
20170124,10,O3_24h,江门,131.0
20170124,10,O3_8h,江门,55.0
20170124,10,O3_8h_24h,江门,55.0
20170124,10,CO,江门,0.83
20170124,10,CO_24h,江门,0.9
20170124,11,AQI,江门,74.0
20170124,11,PM2.5,江门,54.0
20170124,11,PM2.5_24h,江门,56.0
20170124,11,PM10,江门,86.0
20170124,11,PM10_24h,江门,84.0
20170124,11,SO2,江门,14.0
20170124,11,SO2_24h,江门,10.0
20170124,11,NO2,江门,37.0
20170124,11,NO2_24h,江门,46.0
20170124,11,O3,江门,80.0
20170124,11,O3_24h,江门,131.0
20170124,11,O3_8h,江门,60.0
20170124,11,O3_8h_24h,江门,60.0
20170124,11,CO,江门,0.87
20170124,11,CO_24h,江门,0.9
20170124,12,AQI,江门,75.0
20170124,12,PM2.5,江门,55.0
20170124,12,PM2.5_24h,江门,57.0
20170124,12,PM10,江门,89.0
20170124,12,PM10_24h,江门,85.0
20170124,12,SO2,江门,13.0
20170124,12,SO2_24h,江门,10.0
20170124,12,NO2,江门,33.0
20170124,12,NO2_24h,江门,46.0
20170124,12,O3,江门,101.0
20170124,12,O3_24h,江门,131.0
20170124,12,O3_8h,江门,67.0
20170124,12,O3_8h_24h,江门,67.0
20170124,12,CO,江门,0.8
20170124,12,CO_24h,江门,0.9
20170124,13,AQI,江门,75.0
20170124,13,PM2.5,江门,55.0
20170124,13,PM2.5_24h,江门,57.0
20170124,13,PM10,江门,94.0
20170124,13,PM10_24h,江门,85.0
20170124,13,SO2,江门,12.0
20170124,13,SO2_24h,江门,10.0
20170124,13,NO2,江门,30.0
20170124,13,NO2_24h,江门,46.0
20170124,13,O3,江门,115.0
20170124,13,O3_24h,江门,131.0
20170124,13,O3_8h,江门,74.0
20170124,13,O3_8h_24h,江门,74.0
20170124,13,CO,江门,0.77
20170124,13,CO_24h,江门,0.9
20170124,14,AQI,江门,74.0
20170124,14,PM2.5,江门,54.0
20170124,14,PM2.5_24h,江门,57.0
20170124,14,PM10,江门,81.0
20170124,14,PM10_24h,江门,85.0
20170124,14,SO2,江门,11.0
20170124,14,SO2_24h,江门,10.0
20170124,14,NO2,江门,27.0
20170124,14,NO2_24h,江门,45.0
20170124,14,O3,江门,130.0
20170124,14,O3_24h,江门,133.0
20170124,14,O3_8h,江门,82.0
20170124,14,O3_8h_24h,江门,82.0
20170124,14,CO,江门,0.73
20170124,14,CO_24h,江门,0.9
20170124,15,AQI,江门,76.0
20170124,15,PM2.5,江门,56.0
20170124,15,PM2.5_24h,江门,58.0
20170124,15,PM10,江门,92.0
20170124,15,PM10_24h,江门,86.0
20170124,15,SO2,江门,12.0
20170124,15,SO2_24h,江门,10.0
20170124,15,NO2,江门,30.0
20170124,15,NO2_24h,江门,45.0
20170124,15,O3,江门,136.0
20170124,15,O3_24h,江门,137.0
20170124,15,O3_8h,江门,92.0
20170124,15,O3_8h_24h,江门,92.0
20170124,15,CO,江门,0.77
20170124,15,CO_24h,江门,0.9
20170124,16,AQI,江门,75.0
20170124,16,PM2.5,江门,55.0
20170124,16,PM2.5_24h,江门,58.0
20170124,16,PM10,江门,91.0
20170124,16,PM10_24h,江门,85.0
20170124,16,SO2,江门,13.0
20170124,16,SO2_24h,江门,10.0
20170124,16,NO2,江门,33.0
20170124,16,NO2_24h,江门,45.0
20170124,16,O3,江门,138.0
20170124,16,O3_24h,江门,139.0
20170124,16,O3_8h,江门,103.0
20170124,16,O3_8h_24h,江门,103.0
20170124,16,CO,江门,0.8
20170124,16,CO_24h,江门,0.9
20170124,17,AQI,江门,79.0
20170124,17,PM2.5,江门,58.0
20170124,17,PM2.5_24h,江门,58.0
20170124,17,PM10,江门,88.0
20170124,17,PM10_24h,江门,86.0
20170124,17,SO2,江门,14.0
20170124,17,SO2_24h,江门,10.0
20170124,17,NO2,江门,37.0
20170124,17,NO2_24h,江门,45.0
20170124,17,O3,江门,137.0
20170124,17,O3_24h,江门,139.0
20170124,17,O3_8h,江门,113.0
20170124,17,O3_8h_24h,江门,113.0
20170124,17,CO,江门,0.8
20170124,17,CO_24h,江门,0.9
20170124,18,AQI,江门,80.0
20170124,18,PM2.5,江门,59.0
20170124,18,PM2.5_24h,江门,58.0
20170124,18,PM10,江门,82.0
20170124,18,PM10_24h,江门,86.0
20170124,18,SO2,江门,14.0
20170124,18,SO2_24h,江门,11.0
20170124,18,NO2,江门,41.0
20170124,18,NO2_24h,江门,45.0
20170124,18,O3,江门,131.0
20170124,18,O3_24h,江门,139.0
20170124,18,O3_8h,江门,121.0
20170124,18,O3_8h_24h,江门,121.0
20170124,18,CO,江门,0.93
20170124,18,CO_24h,江门,0.9
20170124,19,AQI,江门,85.0
20170124,19,PM2.5,江门,63.0
20170124,19,PM2.5_24h,江门,58.0
20170124,19,PM10,江门,79.0
20170124,19,PM10_24h,江门,86.0
20170124,19,SO2,江门,12.0
20170124,19,SO2_24h,江门,11.0
20170124,19,NO2,江门,46.0
20170124,19,NO2_24h,江门,44.0
20170124,19,O3,江门,118.0
20170124,19,O3_24h,江门,139.0
20170124,19,O3_8h,江门,126.0
20170124,19,O3_8h_24h,江门,126.0
20170124,19,CO,江门,1.1
20170124,19,CO_24h,江门,0.9
20170124,20,AQI,江门,90.0
20170124,20,PM2.5,江门,67.0
20170124,20,PM2.5_24h,江门,58.0
20170124,20,PM10,江门,94.0
20170124,20,PM10_24h,江门,86.0
20170124,20,SO2,江门,12.0
20170124,20,SO2_24h,江门,11.0
20170124,20,NO2,江门,49.0
20170124,20,NO2_24h,江门,43.0
20170124,20,O3,江门,108.0
20170124,20,O3_24h,江门,139.0
20170124,20,O3_8h,江门,126.0
20170124,20,O3_8h_24h,江门,127.0
20170124,20,CO,江门,1.1
20170124,20,CO_24h,江门,0.87
20170124,21,AQI,江门,81.0
20170124,21,PM2.5,江门,60.0
20170124,21,PM2.5_24h,江门,58.0
20170124,21,PM10,江门,103.0
20170124,21,PM10_24h,江门,86.0
20170124,21,SO2,江门,10.0
20170124,21,SO2_24h,江门,11.0
20170124,21,NO2,江门,51.0
20170124,21,NO2_24h,江门,43.0
20170124,21,O3,江门,79.0
20170124,21,O3_24h,江门,139.0
20170124,21,O3_8h,江门,122.0
20170124,21,O3_8h_24h,江门,127.0
20170124,21,CO,江门,0.87
20170124,21,CO_24h,江门,0.9
20170124,22,AQI,江门,74.0
20170124,22,PM2.5,江门,54.0
20170124,22,PM2.5_24h,江门,57.0
20170124,22,PM10,江门,88.0
20170124,22,PM10_24h,江门,86.0
20170124,22,SO2,江门,12.0
20170124,22,SO2_24h,江门,11.0
20170124,22,NO2,江门,47.0
20170124,22,NO2_24h,江门,41.0
20170124,22,O3,江门,63.0
20170124,22,O3_24h,江门,139.0
20170124,22,O3_8h,江门,114.0
20170124,22,O3_8h_24h,江门,127.0
20170124,22,CO,江门,0.83
20170124,22,CO_24h,江门,0.83
20170124,23,AQI,江门,69.0
20170124,23,PM2.5,江门,50.0
20170124,23,PM2.5_24h,江门,57.0
20170124,23,PM10,江门,82.0
20170124,23,PM10_24h,江门,86.0
20170124,23,SO2,江门,11.0
20170124,23,SO2_24h,江门,11.0
20170124,23,NO2,江门,44.0
20170124,23,NO2_24h,江门,40.0
20170124,23,O3,江门,57.0
20170124,23,O3_24h,江门,139.0
20170124,23,O3_8h,江门,104.0
20170124,23,O3_8h_24h,江门,127.0
20170124,23,CO,江门,0.77
20170124,23,CO_24h,江门,0.8
20170124,0,AQI,东莞,73.0
20170124,0,PM2.5,东莞,53.0
20170124,0,PM2.5_24h,东莞,50.0
20170124,0,PM10,东莞,68.0
20170124,0,PM10_24h,东莞,65.0
20170124,0,SO2,东莞,9.0
20170124,0,SO2_24h,东莞,11.0
20170124,0,NO2,东莞,38.0
20170124,0,NO2_24h,东莞,45.0
20170124,0,O3,东莞,81.0
20170124,0,O3_24h,东莞,133.0
20170124,0,O3_8h,东莞,79.0
20170124,0,O3_8h_24h,东莞,116.0
20170124,0,CO,东莞,0.92
20170124,0,CO_24h,东莞,0.96
20170124,1,AQI,东莞,66.0
20170124,1,PM2.5,东莞,48.0
20170124,1,PM2.5_24h,东莞,50.0
20170124,1,PM10,东莞,72.0
20170124,1,PM10_24h,东莞,65.0
20170124,1,SO2,东莞,8.0
20170124,1,SO2_24h,东莞,11.0
20170124,1,NO2,东莞,34.0
20170124,1,NO2_24h,东莞,43.0
20170124,1,O3,东莞,84.0
20170124,1,O3_24h,东莞,133.0
20170124,1,O3_8h,东莞,84.0
20170124,1,O3_8h_24h,东莞,84.0
20170124,1,CO,东莞,0.86
20170124,1,CO_24h,东莞,0.94
20170124,2,AQI,东莞,63.0
20170124,2,PM2.5,东莞,45.0
20170124,2,PM2.5_24h,东莞,49.0
20170124,2,PM10,东莞,71.0
20170124,2,PM10_24h,东莞,64.0
20170124,2,SO2,东莞,8.0
20170124,2,SO2_24h,东莞,11.0
20170124,2,NO2,东莞,30.0
20170124,2,NO2_24h,东莞,42.0
20170124,2,O3,东莞,84.0
20170124,2,O3_24h,东莞,133.0
20170124,2,O3_8h,东莞,84.0
20170124,2,O3_8h_24h,东莞,86.0
20170124,2,CO,东莞,0.82
20170124,2,CO_24h,东莞,0.94
20170124,3,AQI,东莞,70.0
20170124,3,PM2.5,东莞,51.0
20170124,3,PM2.5_24h,东莞,49.0
20170124,3,PM10,东莞,71.0
20170124,3,PM10_24h,东莞,64.0
20170124,3,SO2,东莞,8.0
20170124,3,SO2_24h,东莞,11.0
20170124,3,NO2,东莞,28.0
20170124,3,NO2_24h,东莞,41.0
20170124,3,O3,东莞,77.0
20170124,3,O3_24h,东莞,133.0
20170124,3,O3_8h,东莞,82.0
20170124,3,O3_8h_24h,东莞,87.0
20170124,3,CO,东莞,0.88
20170124,3,CO_24h,东莞,0.94
20170124,4,AQI,东莞,73.0
20170124,4,PM2.5,东莞,53.0
20170124,4,PM2.5_24h,东莞,50.0
20170124,4,PM10,东莞,72.0
20170124,4,PM10_24h,东莞,64.0
20170124,4,SO2,东莞,8.0
20170124,4,SO2_24h,东莞,11.0
20170124,4,NO2,东莞,26.0
20170124,4,NO2_24h,东莞,40.0
20170124,4,O3,东莞,76.0
20170124,4,O3_24h,东莞,133.0
20170124,4,O3_8h,东莞,80.0
20170124,4,O3_8h_24h,东莞,87.0
20170124,4,CO,东莞,0.88
20170124,4,CO_24h,东莞,0.94
20170124,5,AQI,东莞,73.0
20170124,5,PM2.5,东莞,53.0
20170124,5,PM2.5_24h,东莞,50.0
20170124,5,PM10,东莞,72.0
20170124,5,PM10_24h,东莞,65.0
20170124,5,SO2,东莞,10.0
20170124,5,SO2_24h,东莞,11.0
20170124,5,NO2,东莞,26.0
20170124,5,NO2_24h,东莞,39.0
20170124,5,O3,东莞,77.0
20170124,5,O3_24h,东莞,133.0
20170124,5,O3_8h,东莞,80.0
20170124,5,O3_8h_24h,东莞,87.0
20170124,5,CO,东莞,0.86
20170124,5,CO_24h,东莞,0.94
20170124,6,AQI,东莞,74.0
20170124,6,PM2.5,东莞,54.0
20170124,6,PM2.5_24h,东莞,50.0
20170124,6,PM10,东莞,68.0
20170124,6,PM10_24h,东莞,65.0
20170124,6,SO2,东莞,10.0
20170124,6,SO2_24h,东莞,11.0
20170124,6,NO2,东莞,27.0
20170124,6,NO2_24h,东莞,38.0
20170124,6,O3,东莞,74.0
20170124,6,O3_24h,东莞,133.0
20170124,6,O3_8h,东莞,79.0
20170124,6,O3_8h_24h,东莞,87.0
20170124,6,CO,东莞,0.88
20170124,6,CO_24h,东莞,0.92
20170124,7,AQI,东莞,73.0
20170124,7,PM2.5,东莞,53.0
20170124,7,PM2.5_24h,东莞,50.0
20170124,7,PM10,东莞,68.0
20170124,7,PM10_24h,东莞,66.0
20170124,7,SO2,东莞,10.0
20170124,7,SO2_24h,东莞,11.0
20170124,7,NO2,东莞,31.0
20170124,7,NO2_24h,东莞,38.0
20170124,7,O3,东莞,67.0
20170124,7,O3_24h,东莞,133.0
20170124,7,O3_8h,东莞,77.0
20170124,7,O3_8h_24h,东莞,87.0
20170124,7,CO,东莞,0.9
20170124,7,CO_24h,东莞,0.92
20170124,8,AQI,东莞,69.0
20170124,8,PM2.5,东莞,50.0
20170124,8,PM2.5_24h,东莞,50.0
20170124,8,PM10,东莞,66.0
20170124,8,PM10_24h,东莞,66.0
20170124,8,SO2,东莞,10.0
20170124,8,SO2_24h,东莞,11.0
20170124,8,NO2,东莞,33.0
20170124,8,NO2_24h,东莞,37.0
20170124,8,O3,东莞,65.0
20170124,8,O3_24h,东莞,133.0
20170124,8,O3_8h,东莞,75.0
20170124,8,O3_8h_24h,东莞,87.0
20170124,8,CO,东莞,0.92
20170124,8,CO_24h,东莞,0.92
20170124,9,AQI,东莞,70.0
20170124,9,PM2.5,东莞,51.0
20170124,9,PM2.5_24h,东莞,50.0
20170124,9,PM10,东莞,63.0
20170124,9,PM10_24h,东莞,66.0
20170124,9,SO2,东莞,10.0
20170124,9,SO2_24h,东莞,11.0
20170124,9,NO2,东莞,33.0
20170124,9,NO2_24h,东莞,36.0
20170124,9,O3,东莞,67.0
20170124,9,O3_24h,东莞,133.0
20170124,9,O3_8h,东莞,73.0
20170124,9,O3_8h_24h,东莞,87.0
20170124,9,CO,东莞,0.94
20170124,9,CO_24h,东莞,0.92
20170124,10,AQI,东莞,70.0
20170124,10,PM2.5,东莞,51.0
20170124,10,PM2.5_24h,东莞,51.0
20170124,10,PM10,东莞,65.0
20170124,10,PM10_24h,东莞,67.0
20170124,10,SO2,东莞,12.0
20170124,10,SO2_24h,东莞,10.0
20170124,10,NO2,东莞,28.0
20170124,10,NO2_24h,东莞,36.0
20170124,10,O3,东莞,76.0
20170124,10,O3_24h,东莞,133.0
20170124,10,O3_8h,东莞,72.0
20170124,10,O3_8h_24h,东莞,87.0
20170124,10,CO,东莞,0.98
20170124,10,CO_24h,东莞,0.92
20170124,11,AQI,东莞,70.0
20170124,11,PM2.5,东莞,51.0
20170124,11,PM2.5_24h,东莞,51.0
20170124,11,PM10,东莞,71.0
20170124,11,PM10_24h,东莞,67.0
20170124,11,SO2,东莞,12.0
20170124,11,SO2_24h,东莞,10.0
20170124,11,NO2,东莞,27.0
20170124,11,NO2_24h,东莞,36.0
20170124,11,O3,东莞,83.0
20170124,11,O3_24h,东莞,133.0
20170124,11,O3_8h,东莞,73.0
20170124,11,O3_8h_24h,东莞,87.0
20170124,11,CO,东莞,1.0
20170124,11,CO_24h,东莞,0.96
20170124,12,AQI,东莞,70.0
20170124,12,PM2.5,东莞,51.0
20170124,12,PM2.5_24h,东莞,51.0
20170124,12,PM10,东莞,67.0
20170124,12,PM10_24h,东莞,67.0
20170124,12,SO2,东莞,12.0
20170124,12,SO2_24h,东莞,10.0
20170124,12,NO2,东莞,26.0
20170124,12,NO2_24h,东莞,36.0
20170124,12,O3,东莞,91.0
20170124,12,O3_24h,东莞,133.0
20170124,12,O3_8h,东莞,75.0
20170124,12,O3_8h_24h,东莞,87.0
20170124,12,CO,东莞,0.98
20170124,12,CO_24h,东莞,0.96
20170124,13,AQI,东莞,71.0
20170124,13,PM2.5,东莞,52.0
20170124,13,PM2.5_24h,东莞,52.0
20170124,13,PM10,东莞,66.0
20170124,13,PM10_24h,东莞,67.0
20170124,13,SO2,东莞,13.0
20170124,13,SO2_24h,东莞,10.0
20170124,13,NO2,东莞,25.0
20170124,13,NO2_24h,东莞,36.0
20170124,13,O3,东莞,103.0
20170124,13,O3_24h,东莞,133.0
20170124,13,O3_8h,东莞,78.0
20170124,13,O3_8h_24h,东莞,87.0
20170124,13,CO,东莞,0.94
20170124,13,CO_24h,东莞,0.96
20170124,14,AQI,东莞,73.0
20170124,14,PM2.5,东莞,53.0
20170124,14,PM2.5_24h,东莞,52.0
20170124,14,PM10,东莞,72.0
20170124,14,PM10_24h,东莞,68.0
20170124,14,SO2,东莞,12.0
20170124,14,SO2_24h,东莞,10.0
20170124,14,NO2,东莞,24.0
20170124,14,NO2_24h,东莞,36.0
20170124,14,O3,东莞,117.0
20170124,14,O3_24h,东莞,133.0
20170124,14,O3_8h,东莞,84.0
20170124,14,O3_8h_24h,东莞,88.0
20170124,14,CO,东莞,0.94
20170124,14,CO_24h,东莞,0.96
20170124,15,AQI,东莞,73.0
20170124,15,PM2.5,东莞,53.0
20170124,15,PM2.5_24h,东莞,52.0
20170124,15,PM10,东莞,68.0
20170124,15,PM10_24h,东莞,68.0
20170124,15,SO2,东莞,13.0
20170124,15,SO2_24h,东莞,10.0
20170124,15,NO2,东莞,24.0
20170124,15,NO2_24h,东莞,36.0
20170124,15,O3,东莞,128.0
20170124,15,O3_24h,东莞,133.0
20170124,15,O3_8h,东莞,91.0
20170124,15,O3_8h_24h,东莞,92.0
20170124,15,CO,东莞,0.92
20170124,15,CO_24h,东莞,0.96
20170124,16,AQI,东莞,73.0
20170124,16,PM2.5,东莞,53.0
20170124,16,PM2.5_24h,东莞,52.0
20170124,16,PM10,东莞,73.0
20170124,16,PM10_24h,东莞,69.0
20170124,16,SO2,东莞,12.0
20170124,16,SO2_24h,东莞,10.0
20170124,16,NO2,东莞,24.0
20170124,16,NO2_24h,东莞,36.0
20170124,16,O3,东莞,132.0
20170124,16,O3_24h,东莞,133.0
20170124,16,O3_8h,东莞,100.0
20170124,16,O3_8h_24h,东莞,100.0
20170124,16,CO,东莞,0.9
20170124,16,CO_24h,东莞,0.96
20170124,17,AQI,东莞,73.0
20170124,17,PM2.5,东莞,53.0
20170124,17,PM2.5_24h,东莞,53.0
20170124,17,PM10,东莞,67.0
20170124,17,PM10_24h,东莞,69.0
20170124,17,SO2,东莞,11.0
20170124,17,SO2_24h,东莞,11.0
20170124,17,NO2,东莞,27.0
20170124,17,NO2_24h,东莞,36.0
20170124,17,O3,东莞,129.0
20170124,17,O3_24h,东莞,132.0
20170124,17,O3_8h,东莞,108.0
20170124,17,O3_8h_24h,东莞,108.0
20170124,17,CO,东莞,0.92
20170124,17,CO_24h,东莞,0.94
20170124,18,AQI,东莞,70.0
20170124,18,PM2.5,东莞,51.0
20170124,18,PM2.5_24h,东莞,53.0
20170124,18,PM10,东莞,64.0
20170124,18,PM10_24h,东莞,69.0
20170124,18,SO2,东莞,10.0
20170124,18,SO2_24h,东莞,11.0
20170124,18,NO2,东莞,26.0
20170124,18,NO2_24h,东莞,36.0
20170124,18,O3,东莞,119.0
20170124,18,O3_24h,东莞,132.0
20170124,18,O3_8h,东莞,113.0
20170124,18,O3_8h_24h,东莞,113.0
20170124,18,CO,东莞,0.94
20170124,18,CO_24h,东莞,0.94
20170124,19,AQI,东莞,79.0
20170124,19,PM2.5,东莞,58.0
20170124,19,PM2.5_24h,东莞,53.0
20170124,19,PM10,东莞,67.0
20170124,19,PM10_24h,东莞,69.0
20170124,19,SO2,东莞,10.0
20170124,19,SO2_24h,东莞,11.0
20170124,19,NO2,东莞,40.0
20170124,19,NO2_24h,东莞,36.0
20170124,19,O3,东莞,96.0
20170124,19,O3_24h,东莞,132.0
20170124,19,O3_8h,东莞,114.0
20170124,19,O3_8h_24h,东莞,114.0
20170124,19,CO,东莞,1.02
20170124,19,CO_24h,东莞,0.94
20170124,20,AQI,东莞,85.0
20170124,20,PM2.5,东莞,63.0
20170124,20,PM2.5_24h,东莞,53.0
20170124,20,PM10,东莞,78.0
20170124,20,PM10_24h,东莞,70.0
20170124,20,SO2,东莞,10.0
20170124,20,SO2_24h,东莞,11.0
20170124,20,NO2,东莞,58.0
20170124,20,NO2_24h,东莞,35.0
20170124,20,O3,东莞,72.0
20170124,20,O3_24h,东莞,132.0
20170124,20,O3_8h,东莞,112.0
20170124,20,O3_8h_24h,东莞,115.0
20170124,20,CO,东莞,1.1
20170124,20,CO_24h,东莞,0.96
20170124,21,AQI,东莞,86.0
20170124,21,PM2.5,东莞,64.0
20170124,21,PM2.5_24h,东莞,53.0
20170124,21,PM10,东莞,82.0
20170124,21,PM10_24h,东莞,70.0
20170124,21,SO2,东莞,9.0
20170124,21,SO2_24h,东莞,11.0
20170124,21,NO2,东莞,56.0
20170124,21,NO2_24h,东莞,34.0
20170124,21,O3,东莞,63.0
20170124,21,O3_24h,东莞,132.0
20170124,21,O3_8h,东莞,107.0
20170124,21,O3_8h_24h,东莞,115.0
20170124,21,CO,东莞,1.12
20170124,21,CO_24h,东莞,0.94
20170124,22,AQI,东莞,81.0
20170124,22,PM2.5,东莞,60.0
20170124,22,PM2.5_24h,东莞,53.0
20170124,22,PM10,东莞,73.0
20170124,22,PM10_24h,东莞,69.0
20170124,22,SO2,东莞,9.0
20170124,22,SO2_24h,东莞,11.0
20170124,22,NO2,东莞,48.0
20170124,22,NO2_24h,东莞,33.0
20170124,22,O3,东莞,66.0
20170124,22,O3_24h,东莞,132.0
20170124,22,O3_8h,东莞,101.0
20170124,22,O3_8h_24h,东莞,115.0
20170124,22,CO,东莞,1.06
20170124,22,CO_24h,东莞,0.94
20170124,23,AQI,东莞,63.0
20170124,23,PM2.5,东莞,45.0
20170124,23,PM2.5_24h,东莞,53.0
20170124,23,PM10,东莞,72.0
20170124,23,PM10_24h,东莞,70.0
20170124,23,SO2,东莞,9.0
20170124,23,SO2_24h,东莞,11.0
20170124,23,NO2,东莞,39.0
20170124,23,NO2_24h,东莞,33.0
20170124,23,O3,东莞,77.0
20170124,23,O3_24h,东莞,132.0
20170124,23,O3_8h,东莞,94.0
20170124,23,O3_8h_24h,东莞,115.0
20170124,23,CO,东莞,0.92
20170124,23,CO_24h,东莞,0.94
20170124,0,AQI,惠州,57.0
20170124,0,PM2.5,惠州,35.0
20170124,0,PM2.5_24h,惠州,42.0
20170124,0,PM10,惠州,64.0
20170124,0,PM10_24h,惠州,67.0
20170124,0,SO2,惠州,7.0
20170124,0,SO2_24h,惠州,7.0
20170124,0,NO2,惠州,15.0
20170124,0,NO2_24h,惠州,21.0
20170124,0,O3,惠州,113.0
20170124,0,O3_24h,惠州,140.0
20170124,0,O3_8h,惠州,118.0
20170124,0,O3_8h_24h,惠州,126.0
20170124,0,CO,惠州,0.74
20170124,0,CO_24h,惠州,0.76
20170124,1,AQI,惠州,58.0
20170124,1,PM2.5,惠州,37.0
20170124,1,PM2.5_24h,惠州,41.0
20170124,1,PM10,惠州,65.0
20170124,1,PM10_24h,惠州,66.0
20170124,1,SO2,惠州,7.0
20170124,1,SO2_24h,惠州,7.0
20170124,1,NO2,惠州,13.0
20170124,1,NO2_24h,惠州,20.0
20170124,1,O3,惠州,113.0
20170124,1,O3_24h,惠州,140.0
20170124,1,O3_8h,惠州,113.0
20170124,1,O3_8h_24h,惠州,113.0
20170124,1,CO,惠州,0.74
20170124,1,CO_24h,惠州,0.76
20170124,2,AQI,惠州,61.0
20170124,2,PM2.5,惠州,38.0
20170124,2,PM2.5_24h,惠州,41.0
20170124,2,PM10,惠州,72.0
20170124,2,PM10_24h,惠州,66.0
20170124,2,SO2,惠州,7.0
20170124,2,SO2_24h,惠州,7.0
20170124,2,NO2,惠州,13.0
20170124,2,NO2_24h,惠州,20.0
20170124,2,O3,惠州,110.0
20170124,2,O3_24h,惠州,140.0
20170124,2,O3_8h,惠州,112.0
20170124,2,O3_8h_24h,惠州,113.0
20170124,2,CO,惠州,0.74
20170124,2,CO_24h,惠州,0.76
20170124,3,AQI,惠州,60.0
20170124,3,PM2.5,惠州,39.0
20170124,3,PM2.5_24h,惠州,40.0
20170124,3,PM10,惠州,70.0
20170124,3,PM10_24h,惠州,66.0
20170124,3,SO2,惠州,7.0
20170124,3,SO2_24h,惠州,7.0
20170124,3,NO2,惠州,14.0
20170124,3,NO2_24h,惠州,19.0
20170124,3,O3,惠州,104.0
20170124,3,O3_24h,惠州,140.0
20170124,3,O3_8h,惠州,109.0
20170124,3,O3_8h_24h,惠州,113.0
20170124,3,CO,惠州,0.74
20170124,3,CO_24h,惠州,0.76
20170124,4,AQI,惠州,61.0
20170124,4,PM2.5,惠州,41.0
20170124,4,PM2.5_24h,惠州,40.0
20170124,4,PM10,惠州,72.0
20170124,4,PM10_24h,惠州,66.0
20170124,4,SO2,惠州,7.0
20170124,4,SO2_24h,惠州,7.0
20170124,4,NO2,惠州,14.0
20170124,4,NO2_24h,惠州,19.0
20170124,4,O3,惠州,98.0
20170124,4,O3_24h,惠州,140.0
20170124,4,O3_8h,惠州,106.0
20170124,4,O3_8h_24h,惠州,113.0
20170124,4,CO,惠州,0.76
20170124,4,CO_24h,惠州,0.76
20170124,5,AQI,惠州,62.0
20170124,5,PM2.5,惠州,43.0
20170124,5,PM2.5_24h,惠州,40.0
20170124,5,PM10,惠州,74.0
20170124,5,PM10_24h,惠州,67.0
20170124,5,SO2,惠州,8.0
20170124,5,SO2_24h,惠州,7.0
20170124,5,NO2,惠州,17.0
20170124,5,NO2_24h,惠州,19.0
20170124,5,O3,惠州,89.0
20170124,5,O3_24h,惠州,140.0
20170124,5,O3_8h,惠州,103.0
20170124,5,O3_8h_24h,惠州,113.0
20170124,5,CO,惠州,0.78
20170124,5,CO_24h,惠州,0.78
20170124,6,AQI,惠州,66.0
20170124,6,PM2.5,惠州,48.0
20170124,6,PM2.5_24h,惠州,40.0
20170124,6,PM10,惠州,76.0
20170124,6,PM10_24h,惠州,67.0
20170124,6,SO2,惠州,8.0
20170124,6,SO2_24h,惠州,7.0
20170124,6,NO2,惠州,19.0
20170124,6,NO2_24h,惠州,19.0
20170124,6,O3,惠州,75.0
20170124,6,O3_24h,惠州,140.0
20170124,6,O3_8h,惠州,98.0
20170124,6,O3_8h_24h,惠州,113.0
20170124,6,CO,惠州,0.78
20170124,6,CO_24h,惠州,0.78
20170124,7,AQI,惠州,69.0
20170124,7,PM2.5,惠州,50.0
20170124,7,PM2.5_24h,惠州,40.0
20170124,7,PM10,惠州,71.0
20170124,7,PM10_24h,惠州,68.0
20170124,7,SO2,惠州,7.0
20170124,7,SO2_24h,惠州,7.0
20170124,7,NO2,惠州,26.0
20170124,7,NO2_24h,惠州,19.0
20170124,7,O3,惠州,59.0
20170124,7,O3_24h,惠州,140.0
20170124,7,O3_8h,惠州,93.0
20170124,7,O3_8h_24h,惠州,113.0
20170124,7,CO,惠州,0.84
20170124,7,CO_24h,惠州,0.8
20170124,8,AQI,惠州,68.0
20170124,8,PM2.5,惠州,49.0
20170124,8,PM2.5_24h,惠州,40.0
20170124,8,PM10,惠州,71.0
20170124,8,PM10_24h,惠州,68.0
20170124,8,SO2,惠州,7.0
20170124,8,SO2_24h,惠州,7.0
20170124,8,NO2,惠州,30.0
20170124,8,NO2_24h,惠州,19.0
20170124,8,O3,惠州,57.0
20170124,8,O3_24h,惠州,140.0
20170124,8,O3_8h,惠州,88.0
20170124,8,O3_8h_24h,惠州,113.0
20170124,8,CO,惠州,0.88
20170124,8,CO_24h,惠州,0.8
20170124,9,AQI,惠州,69.0
20170124,9,PM2.5,惠州,50.0
20170124,9,PM2.5_24h,惠州,41.0
20170124,9,PM10,惠州,69.0
20170124,9,PM10_24h,惠州,68.0
20170124,9,SO2,惠州,7.0
20170124,9,SO2_24h,惠州,7.0
20170124,9,NO2,惠州,25.0
20170124,9,NO2_24h,惠州,19.0
20170124,9,O3,惠州,65.0
20170124,9,O3_24h,惠州,140.0
20170124,9,O3_8h,惠州,82.0
20170124,9,O3_8h_24h,惠州,113.0
20170124,9,CO,惠州,0.88
20170124,9,CO_24h,惠州,0.8
20170124,10,AQI,惠州,68.0
20170124,10,PM2.5,惠州,49.0
20170124,10,PM2.5_24h,惠州,41.0
20170124,10,PM10,惠州,73.0
20170124,10,PM10_24h,惠州,69.0
20170124,10,SO2,惠州,8.0
20170124,10,SO2_24h,惠州,7.0
20170124,10,NO2,惠州,23.0
20170124,10,NO2_24h,惠州,19.0
20170124,10,O3,惠州,72.0
20170124,10,O3_24h,惠州,140.0
20170124,10,O3_8h,惠州,77.0
20170124,10,O3_8h_24h,惠州,113.0
20170124,10,CO,惠州,0.88
20170124,10,CO_24h,惠州,0.8
20170124,11,AQI,惠州,61.0
20170124,11,PM2.5,惠州,43.0
20170124,11,PM2.5_24h,惠州,41.0
20170124,11,PM10,惠州,71.0
20170124,11,PM10_24h,惠州,69.0
20170124,11,SO2,惠州,9.0
20170124,11,SO2_24h,惠州,7.0
20170124,11,NO2,惠州,19.0
20170124,11,NO2_24h,惠州,19.0
20170124,11,O3,惠州,88.0
20170124,11,O3_24h,惠州,140.0
20170124,11,O3_8h,惠州,75.0
20170124,11,O3_8h_24h,惠州,113.0
20170124,11,CO,惠州,0.82
20170124,11,CO_24h,惠州,0.8
20170124,12,AQI,惠州,62.0
20170124,12,PM2.5,惠州,43.0
20170124,12,PM2.5_24h,惠州,42.0
20170124,12,PM10,惠州,74.0
20170124,12,PM10_24h,惠州,69.0
20170124,12,SO2,惠州,8.0
20170124,12,SO2_24h,惠州,7.0
20170124,12,NO2,惠州,17.0
20170124,12,NO2_24h,惠州,20.0
20170124,12,O3,惠州,103.0
20170124,12,O3_24h,惠州,140.0
20170124,12,O3_8h,惠州,76.0
20170124,12,O3_8h_24h,惠州,113.0
20170124,12,CO,惠州,0.82
20170124,12,CO_24h,惠州,0.8
20170124,13,AQI,惠州,65.0
20170124,13,PM2.5,惠州,44.0
20170124,13,PM2.5_24h,惠州,42.0
20170124,13,PM10,惠州,80.0
20170124,13,PM10_24h,惠州,70.0
20170124,13,SO2,惠州,8.0
20170124,13,SO2_24h,惠州,7.0
20170124,13,NO2,惠州,16.0
20170124,13,NO2_24h,惠州,20.0
20170124,13,O3,惠州,115.0
20170124,13,O3_24h,惠州,140.0
20170124,13,O3_8h,惠州,79.0
20170124,13,O3_8h_24h,惠州,113.0
20170124,13,CO,惠州,0.82
20170124,13,CO_24h,惠州,0.8
20170124,14,AQI,惠州,65.0
20170124,14,PM2.5,惠州,43.0
20170124,14,PM2.5_24h,惠州,42.0
20170124,14,PM10,惠州,79.0
20170124,14,PM10_24h,惠州,70.0
20170124,14,SO2,惠州,8.0
20170124,14,SO2_24h,惠州,7.0
20170124,14,NO2,惠州,14.0
20170124,14,NO2_24h,惠州,20.0
20170124,14,O3,惠州,127.0
20170124,14,O3_24h,惠州,139.0
20170124,14,O3_8h,惠州,86.0
20170124,14,O3_8h_24h,惠州,113.0
20170124,14,CO,惠州,0.82
20170124,14,CO_24h,惠州,0.8
20170124,15,AQI,惠州,63.0
20170124,15,PM2.5,惠州,44.0
20170124,15,PM2.5_24h,惠州,42.0
20170124,15,PM10,惠州,75.0
20170124,15,PM10_24h,惠州,71.0
20170124,15,SO2,惠州,8.0
20170124,15,SO2_24h,惠州,7.0
20170124,15,NO2,惠州,15.0
20170124,15,NO2_24h,惠州,20.0
20170124,15,O3,惠州,134.0
20170124,15,O3_24h,惠州,139.0
20170124,15,O3_8h,惠州,95.0
20170124,15,O3_8h_24h,惠州,113.0
20170124,15,CO,惠州,0.82
20170124,15,CO_24h,惠州,0.8
20170124,16,AQI,惠州,62.0
20170124,16,PM2.5,惠州,42.0
20170124,16,PM2.5_24h,惠州,43.0
20170124,16,PM10,惠州,74.0
20170124,16,PM10_24h,惠州,71.0
20170124,16,SO2,惠州,8.0
20170124,16,SO2_24h,惠州,7.0
20170124,16,NO2,惠州,16.0
20170124,16,NO2_24h,惠州,20.0
20170124,16,O3,惠州,136.0
20170124,16,O3_24h,惠州,138.0
20170124,16,O3_8h,惠州,105.0
20170124,16,O3_8h_24h,惠州,114.0
20170124,16,CO,惠州,0.82
20170124,16,CO_24h,惠州,0.8
20170124,17,AQI,惠州,63.0
20170124,17,PM2.5,惠州,40.0
20170124,17,PM2.5_24h,惠州,43.0
20170124,17,PM10,惠州,75.0
20170124,17,PM10_24h,惠州,71.0
20170124,17,SO2,惠州,7.0
20170124,17,SO2_24h,惠州,7.0
20170124,17,NO2,惠州,16.0
20170124,17,NO2_24h,惠州,20.0
20170124,17,O3,惠州,132.0
20170124,17,O3_24h,惠州,137.0
20170124,17,O3_8h,惠州,114.0
20170124,17,O3_8h_24h,惠州,116.0
20170124,17,CO,惠州,0.78
20170124,17,CO_24h,惠州,0.82
20170124,18,AQI,惠州,59.0
20170124,18,PM2.5,惠州,41.0
20170124,18,PM2.5_24h,惠州,43.0
20170124,18,PM10,惠州,68.0
20170124,18,PM10_24h,惠州,71.0
20170124,18,SO2,惠州,7.0
20170124,18,SO2_24h,惠州,7.0
20170124,18,NO2,惠州,21.0
20170124,18,NO2_24h,惠州,20.0
20170124,18,O3,惠州,121.0
20170124,18,O3_24h,惠州,137.0
20170124,18,O3_8h,惠州,120.0
20170124,18,O3_8h_24h,惠州,120.0
20170124,18,CO,惠州,0.8
20170124,18,CO_24h,惠州,0.82
20170124,19,AQI,惠州,63.0
20170124,19,PM2.5,惠州,45.0
20170124,19,PM2.5_24h,惠州,43.0
20170124,19,PM10,惠州,68.0
20170124,19,PM10_24h,惠州,71.0
20170124,19,SO2,惠州,7.0
20170124,19,SO2_24h,惠州,7.0
20170124,19,NO2,惠州,25.0
20170124,19,NO2_24h,惠州,19.0
20170124,19,O3,惠州,107.0
20170124,19,O3_24h,惠州,137.0
20170124,19,O3_8h,惠州,122.0
20170124,19,O3_8h_24h,惠州,122.0
20170124,19,CO,惠州,0.84
20170124,19,CO_24h,惠州,0.82
20170124,20,AQI,惠州,59.0
20170124,20,PM2.5,惠州,40.0
20170124,20,PM2.5_24h,惠州,42.0
20170124,20,PM10,惠州,68.0
20170124,20,PM10_24h,惠州,71.0
20170124,20,SO2,惠州,7.0
20170124,20,SO2_24h,惠州,7.0
20170124,20,NO2,惠州,21.0
20170124,20,NO2_24h,惠州,19.0
20170124,20,O3,惠州,108.0
20170124,20,O3_24h,惠州,137.0
20170124,20,O3_8h,惠州,123.0
20170124,20,O3_8h_24h,惠州,123.0
20170124,20,CO,惠州,0.76
20170124,20,CO_24h,惠州,0.82
20170124,21,AQI,惠州,51.0
20170124,21,PM2.5,惠州,35.0
20170124,21,PM2.5_24h,惠州,42.0
20170124,21,PM10,惠州,51.0
20170124,21,PM10_24h,惠州,70.0
20170124,21,SO2,惠州,6.0
20170124,21,SO2_24h,惠州,7.0
20170124,21,NO2,惠州,18.0
20170124,21,NO2_24h,惠州,19.0
20170124,21,O3,惠州,103.0
20170124,21,O3_24h,惠州,137.0
20170124,21,O3_8h,惠州,121.0
20170124,21,O3_8h_24h,惠州,123.0
20170124,21,CO,惠州,0.68
20170124,21,CO_24h,惠州,0.82
20170124,22,AQI,惠州,46.0
20170124,22,PM2.5,惠州,32.0
20170124,22,PM2.5_24h,惠州,42.0
20170124,22,PM10,惠州,46.0
20170124,22,PM10_24h,惠州,70.0
20170124,22,SO2,惠州,6.0
20170124,22,SO2_24h,惠州,7.0
20170124,22,NO2,惠州,19.0
20170124,22,NO2_24h,惠州,19.0
20170124,22,O3,惠州,97.0
20170124,22,O3_24h,惠州,137.0
20170124,22,O3_8h,惠州,117.0
20170124,22,O3_8h_24h,惠州,123.0
20170124,22,CO,惠州,0.7
20170124,22,CO_24h,惠州,0.82
20170124,23,AQI,惠州,51.0
20170124,23,PM2.5,惠州,31.0
20170124,23,PM2.5_24h,惠州,42.0
20170124,23,PM10,惠州,51.0
20170124,23,PM10_24h,惠州,69.0
20170124,23,SO2,惠州,6.0
20170124,23,SO2_24h,惠州,7.0
20170124,23,NO2,惠州,18.0
20170124,23,NO2_24h,惠州,19.0
20170124,23,O3,惠州,93.0
20170124,23,O3_24h,惠州,137.0
20170124,23,O3_8h,惠州,112.0
20170124,23,O3_8h_24h,惠州,123.0
20170124,23,CO,惠州,0.68
20170124,23,CO_24h,惠州,0.8
20170124,0,AQI,肇庆,98.0
20170124,0,PM2.5,肇庆,73.0
20170124,0,PM2.5_24h,肇庆,55.0
20170124,0,PM10,肇庆,79.0
20170124,0,PM10_24h,肇庆,67.0
20170124,0,SO2,肇庆,8.0
20170124,0,SO2_24h,肇庆,10.0
20170124,0,NO2,肇庆,45.0
20170124,0,NO2_24h,肇庆,34.0
20170124,0,O3,肇庆,40.0
20170124,0,O3_24h,肇庆,132.0
20170124,0,O3_8h,肇庆,74.0
20170124,0,O3_8h_24h,肇庆,115.0
20170124,0,CO,肇庆,1.23
20170124,0,CO_24h,肇庆,1.1
20170124,1,AQI,肇庆,100.0
20170124,1,PM2.5,肇庆,75.0
20170124,1,PM2.5_24h,肇庆,55.0
20170124,1,PM10,肇庆,99.0
20170124,1,PM10_24h,肇庆,69.0
20170124,1,SO2,肇庆,9.0
20170124,1,SO2_24h,肇庆,10.0
20170124,1,NO2,肇庆,59.0
20170124,1,NO2_24h,肇庆,35.0
20170124,1,O3,肇庆,21.0
20170124,1,O3_24h,肇庆,132.0
20170124,1,O3_8h,肇庆,21.0
20170124,1,O3_8h_24h,肇庆,21.0
20170124,1,CO,肇庆,1.37
20170124,1,CO_24h,肇庆,1.13
20170124,2,AQI,肇庆,118.0
20170124,2,PM2.5,肇庆,89.0
20170124,2,PM2.5_24h,肇庆,57.0
20170124,2,PM10,肇庆,102.0
20170124,2,PM10_24h,肇庆,70.0
20170124,2,SO2,肇庆,9.0
20170124,2,SO2_24h,肇庆,10.0
20170124,2,NO2,肇庆,59.0
20170124,2,NO2_24h,肇庆,36.0
20170124,2,O3,肇庆,16.0
20170124,2,O3_24h,肇庆,132.0
20170124,2,O3_8h,肇庆,19.0
20170124,2,O3_8h_24h,肇庆,21.0
20170124,2,CO,肇庆,1.47
20170124,2,CO_24h,肇庆,1.13
20170124,3,AQI,肇庆,108.0
20170124,3,PM2.5,肇庆,81.0
20170124,3,PM2.5_24h,肇庆,59.0
20170124,3,PM10,肇庆,96.0
20170124,3,PM10_24h,肇庆,72.0
20170124,3,SO2,肇庆,8.0
20170124,3,SO2_24h,肇庆,10.0
20170124,3,NO2,肇庆,47.0
20170124,3,NO2_24h,肇庆,36.0
20170124,3,O3,肇庆,28.0
20170124,3,O3_24h,肇庆,132.0
20170124,3,O3_8h,肇庆,22.0
20170124,3,O3_8h_24h,肇庆,23.0
20170124,3,CO,肇庆,1.23
20170124,3,CO_24h,肇庆,1.13
20170124,4,AQI,肇庆,90.0
20170124,4,PM2.5,肇庆,67.0
20170124,4,PM2.5_24h,肇庆,59.0
20170124,4,PM10,肇庆,80.0
20170124,4,PM10_24h,肇庆,73.0
20170124,4,SO2,肇庆,8.0
20170124,4,SO2_24h,肇庆,10.0
20170124,4,NO2,肇庆,43.0
20170124,4,NO2_24h,肇庆,37.0
20170124,4,O3,肇庆,30.0
20170124,4,O3_24h,肇庆,132.0
20170124,4,O3_8h,肇庆,24.0
20170124,4,O3_8h_24h,肇庆,25.0
20170124,4,CO,肇庆,1.13
20170124,4,CO_24h,肇庆,1.13
20170124,5,AQI,肇庆,89.0
20170124,5,PM2.5,肇庆,66.0
20170124,5,PM2.5_24h,肇庆,60.0
20170124,5,PM10,肇庆,71.0
20170124,5,PM10_24h,肇庆,74.0
20170124,5,SO2,肇庆,8.0
20170124,5,SO2_24h,肇庆,10.0
20170124,5,NO2,肇庆,44.0
20170124,5,NO2_24h,肇庆,37.0
20170124,5,O3,肇庆,26.0
20170124,5,O3_24h,肇庆,132.0
20170124,5,O3_8h,肇庆,24.0
20170124,5,O3_8h_24h,肇庆,27.0
20170124,5,CO,肇庆,1.17
20170124,5,CO_24h,肇庆,1.13
20170124,6,AQI,肇庆,83.0
20170124,6,PM2.5,肇庆,61.0
20170124,6,PM2.5_24h,肇庆,61.0
20170124,6,PM10,肇庆,75.0
20170124,6,PM10_24h,肇庆,75.0
20170124,6,SO2,肇庆,9.0
20170124,6,SO2_24h,肇庆,10.0
20170124,6,NO2,肇庆,39.0
20170124,6,NO2_24h,肇庆,37.0
20170124,6,O3,肇庆,31.0
20170124,6,O3_24h,肇庆,132.0
20170124,6,O3_8h,肇庆,25.0
20170124,6,O3_8h_24h,肇庆,27.0
20170124,6,CO,肇庆,1.17
20170124,6,CO_24h,肇庆,1.13
20170124,7,AQI,肇庆,81.0
20170124,7,PM2.5,肇庆,60.0
20170124,7,PM2.5_24h,肇庆,61.0
20170124,7,PM10,肇庆,64.0
20170124,7,PM10_24h,肇庆,75.0
20170124,7,SO2,肇庆,10.0
20170124,7,SO2_24h,肇庆,11.0
20170124,7,NO2,肇庆,35.0
20170124,7,NO2_24h,肇庆,38.0
20170124,7,O3,肇庆,35.0
20170124,7,O3_24h,肇庆,132.0
20170124,7,O3_8h,肇庆,27.0
20170124,7,O3_8h_24h,肇庆,29.0
20170124,7,CO,肇庆,1.13
20170124,7,CO_24h,肇庆,1.13
20170124,8,AQI,肇庆,84.0
20170124,8,PM2.5,肇庆,62.0
20170124,8,PM2.5_24h,肇庆,62.0
20170124,8,PM10,肇庆,75.0
20170124,8,PM10_24h,肇庆,76.0
20170124,8,SO2,肇庆,11.0
20170124,8,SO2_24h,肇庆,11.0
20170124,8,NO2,肇庆,46.0
20170124,8,NO2_24h,肇庆,38.0
20170124,8,O3,肇庆,24.0
20170124,8,O3_24h,肇庆,132.0
20170124,8,O3_8h,肇庆,26.0
20170124,8,O3_8h_24h,肇庆,30.0
20170124,8,CO,肇庆,1.37
20170124,8,CO_24h,肇庆,1.2
20170124,9,AQI,肇庆,89.0
20170124,9,PM2.5,肇庆,66.0
20170124,9,PM2.5_24h,肇庆,62.0
20170124,9,PM10,肇庆,80.0
20170124,9,PM10_24h,肇庆,77.0
20170124,9,SO2,肇庆,12.0
20170124,9,SO2_24h,肇庆,11.0
20170124,9,NO2,肇庆,43.0
20170124,9,NO2_24h,肇庆,38.0
20170124,9,O3,肇庆,33.0
20170124,9,O3_24h,肇庆,132.0
20170124,9,O3_8h,肇庆,28.0
20170124,9,O3_8h_24h,肇庆,31.0
20170124,9,CO,肇庆,1.33
20170124,9,CO_24h,肇庆,1.17
20170124,10,AQI,肇庆,88.0
20170124,10,PM2.5,肇庆,65.0
20170124,10,PM2.5_24h,肇庆,63.0
20170124,10,PM10,肇庆,70.0
20170124,10,PM10_24h,肇庆,77.0
20170124,10,SO2,肇庆,13.0
20170124,10,SO2_24h,肇庆,11.0
20170124,10,NO2,肇庆,34.0
20170124,10,NO2_24h,肇庆,39.0
20170124,10,O3,肇庆,54.0
20170124,10,O3_24h,肇庆,132.0
20170124,10,O3_8h,肇庆,33.0
20170124,10,O3_8h_24h,肇庆,34.0
20170124,10,CO,肇庆,1.17
20170124,10,CO_24h,肇庆,1.17
20170124,11,AQI,肇庆,79.0
20170124,11,PM2.5,肇庆,58.0
20170124,11,PM2.5_24h,肇庆,63.0
20170124,11,PM10,肇庆,69.0
20170124,11,PM10_24h,肇庆,77.0
20170124,11,SO2,肇庆,15.0
20170124,11,SO2_24h,肇庆,11.0
20170124,11,NO2,肇庆,27.0
20170124,11,NO2_24h,肇庆,38.0
20170124,11,O3,肇庆,72.0
20170124,11,O3_24h,肇庆,132.0
20170124,11,O3_8h,肇庆,38.0
20170124,11,O3_8h_24h,肇庆,39.0
20170124,11,CO,肇庆,1.1
20170124,11,CO_24h,肇庆,1.17
20170124,12,AQI,肇庆,76.0
20170124,12,PM2.5,肇庆,56.0
20170124,12,PM2.5_24h,肇庆,63.0
20170124,12,PM10,肇庆,69.0
20170124,12,PM10_24h,肇庆,77.0
20170124,12,SO2,肇庆,15.0
20170124,12,SO2_24h,肇庆,11.0
20170124,12,NO2,肇庆,21.0
20170124,12,NO2_24h,肇庆,38.0
20170124,12,O3,肇庆,89.0
20170124,12,O3_24h,肇庆,132.0
20170124,12,O3_8h,肇庆,45.0
20170124,12,O3_8h_24h,肇庆,45.0
20170124,12,CO,肇庆,1.03
20170124,12,CO_24h,肇庆,1.17
20170124,13,AQI,肇庆,73.0
20170124,13,PM2.5,肇庆,53.0
20170124,13,PM2.5_24h,肇庆,64.0
20170124,13,PM10,肇庆,70.0
20170124,13,PM10_24h,肇庆,77.0
20170124,13,SO2,肇庆,13.0
20170124,13,SO2_24h,肇庆,11.0
20170124,13,NO2,肇庆,18.0
20170124,13,NO2_24h,肇庆,38.0
20170124,13,O3,肇庆,126.0
20170124,13,O3_24h,肇庆,146.0
20170124,13,O3_8h,肇庆,58.0
20170124,13,O3_8h_24h,肇庆,58.0
20170124,13,CO,肇庆,0.97
20170124,13,CO_24h,肇庆,1.2
20170124,14,AQI,肇庆,76.0
20170124,14,PM2.5,肇庆,56.0
20170124,14,PM2.5_24h,肇庆,64.0
20170124,14,PM10,肇庆,65.0
20170124,14,PM10_24h,肇庆,76.0
20170124,14,SO2,肇庆,14.0
20170124,14,SO2_24h,肇庆,11.0
20170124,14,NO2,肇庆,20.0
20170124,14,NO2_24h,肇庆,38.0
20170124,14,O3,肇庆,112.0
20170124,14,O3_24h,肇庆,146.0
20170124,14,O3_8h,肇庆,68.0
20170124,14,O3_8h_24h,肇庆,68.0
20170124,14,CO,肇庆,1.03
20170124,14,CO_24h,肇庆,1.2
20170124,15,AQI,肇庆,71.0
20170124,15,PM2.5,肇庆,52.0
20170124,15,PM2.5_24h,肇庆,64.0
20170124,15,PM10,肇庆,66.0
20170124,15,PM10_24h,肇庆,76.0
20170124,15,SO2,肇庆,13.0
20170124,15,SO2_24h,肇庆,12.0
20170124,15,NO2,肇庆,21.0
20170124,15,NO2_24h,肇庆,38.0
20170124,15,O3,肇庆,113.0
20170124,15,O3_24h,肇庆,146.0
20170124,15,O3_8h,肇庆,78.0
20170124,15,O3_8h_24h,肇庆,78.0
20170124,15,CO,肇庆,1.03
20170124,15,CO_24h,肇庆,1.2
20170124,16,AQI,肇庆,73.0
20170124,16,PM2.5,肇庆,53.0
20170124,16,PM2.5_24h,肇庆,64.0
20170124,16,PM10,肇庆,74.0
20170124,16,PM10_24h,肇庆,77.0
20170124,16,SO2,肇庆,12.0
20170124,16,SO2_24h,肇庆,12.0
20170124,16,NO2,肇庆,25.0
20170124,16,NO2_24h,肇庆,39.0
20170124,16,O3,肇庆,114.0
20170124,16,O3_24h,肇庆,145.0
20170124,16,O3_8h,肇庆,89.0
20170124,16,O3_8h_24h,肇庆,89.0
20170124,16,CO,肇庆,1.03
20170124,16,CO_24h,肇庆,1.2
20170124,17,AQI,肇庆,78.0
20170124,17,PM2.5,肇庆,57.0
20170124,17,PM2.5_24h,肇庆,65.0
20170124,17,PM10,肇庆,73.0
20170124,17,PM10_24h,肇庆,77.0
20170124,17,SO2,肇庆,11.0
20170124,17,SO2_24h,肇庆,12.0
20170124,17,NO2,肇庆,26.0
20170124,17,NO2_24h,肇庆,39.0
20170124,17,O3,肇庆,110.0
20170124,17,O3_24h,肇庆,135.0
20170124,17,O3_8h,肇庆,98.0
20170124,17,O3_8h_24h,肇庆,98.0
20170124,17,CO,肇庆,1.1
20170124,17,CO_24h,肇庆,1.23
20170124,18,AQI,肇庆,81.0
20170124,18,PM2.5,肇庆,60.0
20170124,18,PM2.5_24h,肇庆,65.0
20170124,18,PM10,肇庆,75.0
20170124,18,PM10_24h,肇庆,78.0
20170124,18,SO2,肇庆,21.0
20170124,18,SO2_24h,肇庆,12.0
20170124,18,NO2,肇庆,34.0
20170124,18,NO2_24h,肇庆,39.0
20170124,18,O3,肇庆,95.0
20170124,18,O3_24h,肇庆,135.0
20170124,18,O3_8h,肇庆,104.0
20170124,18,O3_8h_24h,肇庆,104.0
20170124,18,CO,肇庆,1.23
20170124,18,CO_24h,肇庆,1.23
20170124,19,AQI,肇庆,95.0
20170124,19,PM2.5,肇庆,71.0
20170124,19,PM2.5_24h,肇庆,65.0
20170124,19,PM10,肇庆,76.0
20170124,19,PM10_24h,肇庆,77.0
20170124,19,SO2,肇庆,12.0
20170124,19,SO2_24h,肇庆,12.0
20170124,19,NO2,肇庆,48.0
20170124,19,NO2_24h,肇庆,39.0
20170124,19,O3,肇庆,72.0
20170124,19,O3_24h,肇庆,135.0
20170124,19,O3_8h,肇庆,104.0
20170124,19,O3_8h_24h,肇庆,105.0
20170124,19,CO,肇庆,1.43
20170124,19,CO_24h,肇庆,1.23
20170124,20,AQI,肇庆,106.0
20170124,20,PM2.5,肇庆,80.0
20170124,20,PM2.5_24h,肇庆,66.0
20170124,20,PM10,肇庆,93.0
20170124,20,PM10_24h,肇庆,78.0
20170124,20,SO2,肇庆,10.0
20170124,20,SO2_24h,肇庆,11.0
20170124,20,NO2,肇庆,48.0
20170124,20,NO2_24h,肇庆,39.0
20170124,20,O3,肇庆,67.0
20170124,20,O3_24h,肇庆,135.0
20170124,20,O3_8h,肇庆,101.0
20170124,20,O3_8h_24h,肇庆,105.0
20170124,20,CO,肇庆,1.37
20170124,20,CO_24h,肇庆,1.23
20170124,21,AQI,肇庆,95.0
20170124,21,PM2.5,肇庆,71.0
20170124,21,PM2.5_24h,肇庆,65.0
20170124,21,PM10,肇庆,81.0
20170124,21,PM10_24h,肇庆,78.0
20170124,21,SO2,肇庆,10.0
20170124,21,SO2_24h,肇庆,11.0
20170124,21,NO2,肇庆,54.0
20170124,21,NO2_24h,肇庆,40.0
20170124,21,O3,肇庆,51.0
20170124,21,O3_24h,肇庆,135.0
20170124,21,O3_8h,肇庆,92.0
20170124,21,O3_8h_24h,肇庆,105.0
20170124,21,CO,肇庆,1.43
20170124,21,CO_24h,肇庆,1.23
20170124,22,AQI,肇庆,96.0
20170124,22,PM2.5,肇庆,72.0
20170124,22,PM2.5_24h,肇庆,65.0
20170124,22,PM10,肇庆,99.0
20170124,22,PM10_24h,肇庆,78.0
20170124,22,SO2,肇庆,10.0
20170124,22,SO2_24h,肇庆,11.0
20170124,22,NO2,肇庆,60.0
20170124,22,NO2_24h,肇庆,40.0
20170124,22,O3,肇庆,35.0
20170124,22,O3_24h,肇庆,135.0
20170124,22,O3_8h,肇庆,82.0
20170124,22,O3_8h_24h,肇庆,105.0
20170124,22,CO,肇庆,1.63
20170124,22,CO_24h,肇庆,1.23
20170124,23,AQI,肇庆,119.0
20170124,23,PM2.5,肇庆,90.0
20170124,23,PM2.5_24h,肇庆,66.0
20170124,23,PM10,肇庆,108.0
20170124,23,PM10_24h,肇庆,79.0
20170124,23,SO2,肇庆,10.0
20170124,23,SO2_24h,肇庆,11.0
20170124,23,NO2,肇庆,55.0
20170124,23,NO2_24h,肇庆,39.0
20170124,23,O3,肇庆,37.0
20170124,23,O3_24h,肇庆,135.0
20170124,23,O3_8h,肇庆,72.0
20170124,23,O3_8h_24h,肇庆,105.0
20170124,23,CO,肇庆,1.57
20170124,23,CO_24h,肇庆,1.23
20170124,0,AQI,南宁,119.0
20170124,0,PM2.5,南宁,90.0
20170124,0,PM2.5_24h,南宁,67.0
20170124,0,PM10,南宁,130.0
20170124,0,PM10_24h,南宁,102.0
20170124,0,SO2,南宁,15.0
20170124,0,SO2_24h,南宁,16.0
20170124,0,NO2,南宁,85.0
20170124,0,NO2_24h,南宁,50.0
20170124,0,O3,南宁,16.0
20170124,0,O3_24h,南宁,122.0
20170124,0,O3_8h,南宁,62.0
20170124,0,O3_8h_24h,南宁,104.0
20170124,0,CO,南宁,1.41
20170124,0,CO_24h,南宁,1.16
20170124,1,AQI,南宁,121.0
20170124,1,PM2.5,南宁,92.0
20170124,1,PM2.5_24h,南宁,68.0
20170124,1,PM10,南宁,129.0
20170124,1,PM10_24h,南宁,103.0
20170124,1,SO2,南宁,15.0
20170124,1,SO2_24h,南宁,16.0
20170124,1,NO2,南宁,69.0
20170124,1,NO2_24h,南宁,50.0
20170124,1,O3,南宁,21.0
20170124,1,O3_24h,南宁,122.0
20170124,1,O3_8h,南宁,21.0
20170124,1,O3_8h_24h,南宁,21.0
20170124,1,CO,南宁,1.34
20170124,1,CO_24h,南宁,1.17
20170124,2,AQI,南宁,118.0
20170124,2,PM2.5,南宁,89.0
20170124,2,PM2.5_24h,南宁,69.0
20170124,2,PM10,南宁,125.0
20170124,2,PM10_24h,南宁,103.0
20170124,2,SO2,南宁,14.0
20170124,2,SO2_24h,南宁,16.0
20170124,2,NO2,南宁,56.0
20170124,2,NO2_24h,南宁,50.0
20170124,2,O3,南宁,27.0
20170124,2,O3_24h,南宁,122.0
20170124,2,O3_8h,南宁,24.0
20170124,2,O3_8h_24h,南宁,25.0
20170124,2,CO,南宁,1.26
20170124,2,CO_24h,南宁,1.17
20170124,3,AQI,南宁,114.0
20170124,3,PM2.5,南宁,86.0
20170124,3,PM2.5_24h,南宁,70.0
20170124,3,PM10,南宁,110.0
20170124,3,PM10_24h,南宁,104.0
20170124,3,SO2,南宁,14.0
20170124,3,SO2_24h,南宁,16.0
20170124,3,NO2,南宁,54.0
20170124,3,NO2_24h,南宁,51.0
20170124,3,O3,南宁,25.0
20170124,3,O3_24h,南宁,122.0
20170124,3,O3_8h,南宁,24.0
20170124,3,O3_8h_24h,南宁,26.0
20170124,3,CO,南宁,1.23
20170124,3,CO_24h,南宁,1.19
20170124,4,AQI,南宁,113.0
20170124,4,PM2.5,南宁,85.0
20170124,4,PM2.5_24h,南宁,70.0
20170124,4,PM10,南宁,106.0
20170124,4,PM10_24h,南宁,104.0
20170124,4,SO2,南宁,14.0
20170124,4,SO2_24h,南宁,15.0
20170124,4,NO2,南宁,50.0
20170124,4,NO2_24h,南宁,51.0
20170124,4,O3,南宁,27.0
20170124,4,O3_24h,南宁,122.0
20170124,4,O3_8h,南宁,25.0
20170124,4,O3_8h_24h,南宁,26.0
20170124,4,CO,南宁,1.17
20170124,4,CO_24h,南宁,1.19
20170124,5,AQI,南宁,118.0
20170124,5,PM2.5,南宁,89.0
20170124,5,PM2.5_24h,南宁,71.0
20170124,5,PM10,南宁,103.0
20170124,5,PM10_24h,南宁,104.0
20170124,5,SO2,南宁,15.0
20170124,5,SO2_24h,南宁,15.0
20170124,5,NO2,南宁,44.0
20170124,5,NO2_24h,南宁,51.0
20170124,5,O3,南宁,30.0
20170124,5,O3_24h,南宁,122.0
20170124,5,O3_8h,南宁,26.0
20170124,5,O3_8h_24h,南宁,27.0
20170124,5,CO,南宁,1.16
20170124,5,CO_24h,南宁,1.19
20170124,6,AQI,南宁,114.0
20170124,6,PM2.5,南宁,86.0
20170124,6,PM2.5_24h,南宁,71.0
20170124,6,PM10,南宁,99.0
20170124,6,PM10_24h,南宁,104.0
20170124,6,SO2,南宁,14.0
20170124,6,SO2_24h,南宁,15.0
20170124,6,NO2,南宁,42.0
20170124,6,NO2_24h,南宁,50.0
20170124,6,O3,南宁,26.0
20170124,6,O3_24h,南宁,122.0
20170124,6,O3_8h,南宁,26.0
20170124,6,O3_8h_24h,南宁,27.0
20170124,6,CO,南宁,1.17
20170124,6,CO_24h,南宁,1.19
20170124,7,AQI,南宁,111.0
20170124,7,PM2.5,南宁,84.0
20170124,7,PM2.5_24h,南宁,72.0
20170124,7,PM10,南宁,103.0
20170124,7,PM10_24h,南宁,104.0
20170124,7,SO2,南宁,14.0
20170124,7,SO2_24h,南宁,15.0
20170124,7,NO2,南宁,51.0
20170124,7,NO2_24h,南宁,50.0
20170124,7,O3,南宁,16.0
20170124,7,O3_24h,南宁,122.0
20170124,7,O3_8h,南宁,25.0
20170124,7,O3_8h_24h,南宁,27.0
20170124,7,CO,南宁,1.17
20170124,7,CO_24h,南宁,1.19
20170124,8,AQI,南宁,113.0
20170124,8,PM2.5,南宁,85.0
20170124,8,PM2.5_24h,南宁,72.0
20170124,8,PM10,南宁,106.0
20170124,8,PM10_24h,南宁,103.0
20170124,8,SO2,南宁,14.0
20170124,8,SO2_24h,南宁,15.0
20170124,8,NO2,南宁,58.0
20170124,8,NO2_24h,南宁,50.0
20170124,8,O3,南宁,14.0
20170124,8,O3_24h,南宁,122.0
20170124,8,O3_8h,南宁,23.0
20170124,8,O3_8h_24h,南宁,27.0
20170124,8,CO,南宁,1.21
20170124,8,CO_24h,南宁,1.19
20170124,9,AQI,南宁,114.0
20170124,9,PM2.5,南宁,86.0
20170124,9,PM2.5_24h,南宁,72.0
20170124,9,PM10,南宁,110.0
20170124,9,PM10_24h,南宁,103.0
20170124,9,SO2,南宁,14.0
20170124,9,SO2_24h,南宁,15.0
20170124,9,NO2,南宁,55.0
20170124,9,NO2_24h,南宁,50.0
20170124,9,O3,南宁,16.0
20170124,9,O3_24h,南宁,122.0
20170124,9,O3_8h,南宁,23.0
20170124,9,O3_8h_24h,南宁,27.0
20170124,9,CO,南宁,1.3
20170124,9,CO_24h,南宁,1.19
20170124,10,AQI,南宁,110.0
20170124,10,PM2.5,南宁,83.0
20170124,10,PM2.5_24h,南宁,72.0
20170124,10,PM10,南宁,109.0
20170124,10,PM10_24h,南宁,102.0
20170124,10,SO2,南宁,17.0
20170124,10,SO2_24h,南宁,15.0
20170124,10,NO2,南宁,54.0
20170124,10,NO2_24h,南宁,50.0
20170124,10,O3,南宁,30.0
20170124,10,O3_24h,南宁,122.0
20170124,10,O3_8h,南宁,23.0
20170124,10,O3_8h_24h,南宁,27.0
20170124,10,CO,南宁,1.24
20170124,10,CO_24h,南宁,1.17
20170124,11,AQI,南宁,101.0
20170124,11,PM2.5,南宁,76.0
20170124,11,PM2.5_24h,南宁,72.0
20170124,11,PM10,南宁,110.0
20170124,11,PM10_24h,南宁,101.0
20170124,11,SO2,南宁,18.0
20170124,11,SO2_24h,南宁,15.0
20170124,11,NO2,南宁,50.0
20170124,11,NO2_24h,南宁,50.0
20170124,11,O3,南宁,46.0
20170124,11,O3_24h,南宁,122.0
20170124,11,O3_8h,南宁,26.0
20170124,11,O3_8h_24h,南宁,29.0
20170124,11,CO,南宁,1.19
20170124,11,CO_24h,南宁,1.16
20170124,12,AQI,南宁,96.0
20170124,12,PM2.5,南宁,72.0
20170124,12,PM2.5_24h,南宁,73.0
20170124,12,PM10,南宁,95.0
20170124,12,PM10_24h,南宁,101.0
20170124,12,SO2,南宁,18.0
20170124,12,SO2_24h,南宁,15.0
20170124,12,NO2,南宁,39.0
20170124,12,NO2_24h,南宁,50.0
20170124,12,O3,南宁,73.0
20170124,12,O3_24h,南宁,122.0
20170124,12,O3_8h,南宁,31.0
20170124,12,O3_8h_24h,南宁,33.0
20170124,12,CO,南宁,1.13
20170124,12,CO_24h,南宁,1.16
20170124,13,AQI,南宁,90.0
20170124,13,PM2.5,南宁,67.0
20170124,13,PM2.5_24h,南宁,73.0
20170124,13,PM10,南宁,89.0
20170124,13,PM10_24h,南宁,101.0
20170124,13,SO2,南宁,17.0
20170124,13,SO2_24h,南宁,15.0
20170124,13,NO2,南宁,32.0
20170124,13,NO2_24h,南宁,50.0
20170124,13,O3,南宁,90.0
20170124,13,O3_24h,南宁,122.0
20170124,13,O3_8h,南宁,38.0
20170124,13,O3_8h_24h,南宁,39.0
20170124,13,CO,南宁,1.06
20170124,13,CO_24h,南宁,1.16
20170124,14,AQI,南宁,86.0
20170124,14,PM2.5,南宁,64.0
20170124,14,PM2.5_24h,南宁,74.0
20170124,14,PM10,南宁,87.0
20170124,14,PM10_24h,南宁,102.0
20170124,14,SO2,南宁,16.0
20170124,14,SO2_24h,南宁,15.0
20170124,14,NO2,南宁,26.0
20170124,14,NO2_24h,南宁,50.0
20170124,14,O3,南宁,108.0
20170124,14,O3_24h,南宁,122.0
20170124,14,O3_8h,南宁,49.0
20170124,14,O3_8h_24h,南宁,49.0
20170124,14,CO,南宁,1.01
20170124,14,CO_24h,南宁,1.16
20170124,15,AQI,南宁,89.0
20170124,15,PM2.5,南宁,66.0
20170124,15,PM2.5_24h,南宁,74.0
20170124,15,PM10,南宁,91.0
20170124,15,PM10_24h,南宁,102.0
20170124,15,SO2,南宁,16.0
20170124,15,SO2_24h,南宁,15.0
20170124,15,NO2,南宁,24.0
20170124,15,NO2_24h,南宁,50.0
20170124,15,O3,南宁,119.0
20170124,15,O3_24h,南宁,122.0
20170124,15,O3_8h,南宁,62.0
20170124,15,O3_8h_24h,南宁,62.0
20170124,15,CO,南宁,1.01
20170124,15,CO_24h,南宁,1.19
20170124,16,AQI,南宁,88.0
20170124,16,PM2.5,南宁,65.0
20170124,16,PM2.5_24h,南宁,75.0
20170124,16,PM10,南宁,89.0
20170124,16,PM10_24h,南宁,103.0
20170124,16,SO2,南宁,16.0
20170124,16,SO2_24h,南宁,15.0
20170124,16,NO2,南宁,25.0
20170124,16,NO2_24h,南宁,50.0
20170124,16,O3,南宁,127.0
20170124,16,O3_24h,南宁,127.0
20170124,16,O3_8h,南宁,76.0
20170124,16,O3_8h_24h,南宁,76.0
20170124,16,CO,南宁,1.0
20170124,16,CO_24h,南宁,1.19
20170124,17,AQI,南宁,83.0
20170124,17,PM2.5,南宁,61.0
20170124,17,PM2.5_24h,南宁,75.0
20170124,17,PM10,南宁,84.0
20170124,17,PM10_24h,南宁,103.0
20170124,17,SO2,南宁,15.0
20170124,17,SO2_24h,南宁,15.0
20170124,17,NO2,南宁,24.0
20170124,17,NO2_24h,南宁,50.0
20170124,17,O3,南宁,130.0
20170124,17,O3_24h,南宁,131.0
20170124,17,O3_8h,南宁,90.0
20170124,17,O3_8h_24h,南宁,90.0
20170124,17,CO,南宁,1.0
20170124,17,CO_24h,南宁,1.19
20170124,18,AQI,南宁,83.0
20170124,18,PM2.5,南宁,61.0
20170124,18,PM2.5_24h,南宁,76.0
20170124,18,PM10,南宁,89.0
20170124,18,PM10_24h,南宁,104.0
20170124,18,SO2,南宁,15.0
20170124,18,SO2_24h,南宁,15.0
20170124,18,NO2,南宁,27.0
20170124,18,NO2_24h,南宁,50.0
20170124,18,O3,南宁,124.0
20170124,18,O3_24h,南宁,131.0
20170124,18,O3_8h,南宁,102.0
20170124,18,O3_8h_24h,南宁,102.0
20170124,18,CO,南宁,1.0
20170124,18,CO_24h,南宁,1.19
20170124,19,AQI,南宁,89.0
20170124,19,PM2.5,南宁,66.0
20170124,19,PM2.5_24h,南宁,77.0
20170124,19,PM10,南宁,90.0
20170124,19,PM10_24h,南宁,104.0
20170124,19,SO2,南宁,15.0
20170124,19,SO2_24h,南宁,15.0
20170124,19,NO2,南宁,44.0
20170124,19,NO2_24h,南宁,50.0
20170124,19,O3,南宁,100.0
20170124,19,O3_24h,南宁,131.0
20170124,19,O3_8h,南宁,109.0
20170124,19,O3_8h_24h,南宁,109.0
20170124,19,CO,南宁,1.11
20170124,19,CO_24h,南宁,1.2
20170124,20,AQI,南宁,101.0
20170124,20,PM2.5,南宁,76.0
20170124,20,PM2.5_24h,南宁,77.0
20170124,20,PM10,南宁,109.0
20170124,20,PM10_24h,南宁,105.0
20170124,20,SO2,南宁,15.0
20170124,20,SO2_24h,南宁,15.0
20170124,20,NO2,南宁,55.0
20170124,20,NO2_24h,南宁,50.0
20170124,20,O3,南宁,74.0
20170124,20,O3_24h,南宁,131.0
20170124,20,O3_8h,南宁,109.0
20170124,20,O3_8h_24h,南宁,110.0
20170124,20,CO,南宁,1.24
20170124,20,CO_24h,南宁,1.2
20170124,21,AQI,南宁,113.0
20170124,21,PM2.5,南宁,85.0
20170124,21,PM2.5_24h,南宁,78.0
20170124,21,PM10,南宁,121.0
20170124,21,PM10_24h,南宁,106.0
20170124,21,SO2,南宁,16.0
20170124,21,SO2_24h,南宁,15.0
20170124,21,NO2,南宁,75.0
20170124,21,NO2_24h,南宁,51.0
20170124,21,O3,南宁,46.0
20170124,21,O3_24h,南宁,131.0
20170124,21,O3_8h,南宁,104.0
20170124,21,O3_8h_24h,南宁,110.0
20170124,21,CO,南宁,1.4
20170124,21,CO_24h,南宁,1.2
20170124,22,AQI,南宁,125.0
20170124,22,PM2.5,南宁,95.0
20170124,22,PM2.5_24h,南宁,79.0
20170124,22,PM10,南宁,139.0
20170124,22,PM10_24h,南宁,107.0
20170124,22,SO2,南宁,16.0
20170124,22,SO2_24h,南宁,15.0
20170124,22,NO2,南宁,79.0
20170124,22,NO2_24h,南宁,50.0
20170124,22,O3,南宁,35.0
20170124,22,O3_24h,南宁,131.0
20170124,22,O3_8h,南宁,94.0
20170124,22,O3_8h_24h,南宁,110.0
20170124,22,CO,南宁,1.5
20170124,22,CO_24h,南宁,1.2
20170124,23,AQI,南宁,135.0
20170124,23,PM2.5,南宁,103.0
20170124,23,PM2.5_24h,南宁,80.0
20170124,23,PM10,南宁,148.0
20170124,23,PM10_24h,南宁,108.0
20170124,23,SO2,南宁,16.0
20170124,23,SO2_24h,南宁,15.0
20170124,23,NO2,南宁,83.0
20170124,23,NO2_24h,南宁,50.0
20170124,23,O3,南宁,23.0
20170124,23,O3_24h,南宁,131.0
20170124,23,O3_8h,南宁,82.0
20170124,23,O3_8h_24h,南宁,110.0
20170124,23,CO,南宁,1.54
20170124,23,CO_24h,南宁,1.2
20170124,0,AQI,海口,47.0
20170124,0,PM2.5,海口,23.0
20170124,0,PM2.5_24h,海口,40.0
20170124,0,PM10,海口,47.0
20170124,0,PM10_24h,海口,60.0
20170124,0,SO2,海口,6.0
20170124,0,SO2_24h,海口,8.0
20170124,0,NO2,海口,4.0
20170124,0,NO2_24h,海口,8.0
20170124,0,O3,海口,118.0
20170124,0,O3_24h,海口,163.0
20170124,0,O3_8h,海口,142.0
20170124,0,O3_8h_24h,海口,154.0
20170124,0,CO,海口,0.55
20170124,0,CO_24h,海口,0.75
20170124,1,AQI,海口,48.0
20170124,1,PM2.5,海口,22.0
20170124,1,PM2.5_24h,海口,39.0
20170124,1,PM10,海口,48.0
20170124,1,PM10_24h,海口,59.0
20170124,1,SO2,海口,6.0
20170124,1,SO2_24h,海口,8.0
20170124,1,NO2,海口,4.0
20170124,1,NO2_24h,海口,7.0
20170124,1,O3,海口,113.0
20170124,1,O3_24h,海口,163.0
20170124,1,O3_8h,海口,113.0
20170124,1,O3_8h_24h,海口,113.0
20170124,1,CO,海口,0.57
20170124,1,CO_24h,海口,0.75
20170124,2,AQI,海口,45.0
20170124,2,PM2.5,海口,22.0
20170124,2,PM2.5_24h,海口,38.0
20170124,2,PM10,海口,45.0
20170124,2,PM10_24h,海口,58.0
20170124,2,SO2,海口,5.0
20170124,2,SO2_24h,海口,7.0
20170124,2,NO2,海口,3.0
20170124,2,NO2_24h,海口,7.0
20170124,2,O3,海口,108.0
20170124,2,O3_24h,海口,163.0
20170124,2,O3_8h,海口,110.0
20170124,2,O3_8h_24h,海口,113.0
20170124,2,CO,海口,0.57
20170124,2,CO_24h,海口,0.75
20170124,3,AQI,海口,45.0
20170124,3,PM2.5,海口,22.0
20170124,3,PM2.5_24h,海口,37.0
20170124,3,PM10,海口,45.0
20170124,3,PM10_24h,海口,58.0
20170124,3,SO2,海口,5.0
20170124,3,SO2_24h,海口,7.0
20170124,3,NO2,海口,3.0
20170124,3,NO2_24h,海口,7.0
20170124,3,O3,海口,111.0
20170124,3,O3_24h,海口,163.0
20170124,3,O3_8h,海口,111.0
20170124,3,O3_8h_24h,海口,113.0
20170124,3,CO,海口,0.57
20170124,3,CO_24h,海口,0.7
20170124,4,AQI,海口,49.0
20170124,4,PM2.5,海口,22.0
20170124,4,PM2.5_24h,海口,36.0
20170124,4,PM10,海口,49.0
20170124,4,PM10_24h,海口,58.0
20170124,4,SO2,海口,6.0
20170124,4,SO2_24h,海口,7.0
20170124,4,NO2,海口,3.0
20170124,4,NO2_24h,海口,7.0
20170124,4,O3,海口,115.0
20170124,4,O3_24h,海口,163.0
20170124,4,O3_8h,海口,112.0
20170124,4,O3_8h_24h,海口,113.0
20170124,4,CO,海口,0.57
20170124,4,CO_24h,海口,0.7
20170124,5,AQI,海口,52.0
20170124,5,PM2.5,海口,23.0
20170124,5,PM2.5_24h,海口,36.0
20170124,5,PM10,海口,54.0
20170124,5,PM10_24h,海口,59.0
20170124,5,SO2,海口,5.0
20170124,5,SO2_24h,海口,7.0
20170124,5,NO2,海口,3.0
20170124,5,NO2_24h,海口,7.0
20170124,5,O3,海口,121.0
20170124,5,O3_24h,海口,163.0
20170124,5,O3_8h,海口,114.0
20170124,5,O3_8h_24h,海口,114.0
20170124,5,CO,海口,0.57
20170124,5,CO_24h,海口,0.68
20170124,6,AQI,海口,53.0
20170124,6,PM2.5,海口,24.0
20170124,6,PM2.5_24h,海口,36.0
20170124,6,PM10,海口,56.0
20170124,6,PM10_24h,海口,59.0
20170124,6,SO2,海口,5.0
20170124,6,SO2_24h,海口,7.0
20170124,6,NO2,海口,3.0
20170124,6,NO2_24h,海口,7.0
20170124,6,O3,海口,111.0
20170124,6,O3_24h,海口,163.0
20170124,6,O3_8h,海口,113.0
20170124,6,O3_8h_24h,海口,114.0
20170124,6,CO,海口,0.57
20170124,6,CO_24h,海口,0.68
20170124,7,AQI,海口,55.0
20170124,7,PM2.5,海口,25.0
20170124,7,PM2.5_24h,海口,35.0
20170124,7,PM10,海口,60.0
20170124,7,PM10_24h,海口,60.0
20170124,7,SO2,海口,6.0
20170124,7,SO2_24h,海口,7.0
20170124,7,NO2,海口,3.0
20170124,7,NO2_24h,海口,7.0
20170124,7,O3,海口,110.0
20170124,7,O3_24h,海口,163.0
20170124,7,O3_8h,海口,113.0
20170124,7,O3_8h_24h,海口,114.0
20170124,7,CO,海口,0.6
20170124,7,CO_24h,海口,0.68
20170124,8,AQI,海口,55.0
20170124,8,PM2.5,海口,26.0
20170124,8,PM2.5_24h,海口,34.0
20170124,8,PM10,海口,59.0
20170124,8,PM10_24h,海口,60.0
20170124,8,SO2,海口,5.0
20170124,8,SO2_24h,海口,7.0
20170124,8,NO2,海口,4.0
20170124,8,NO2_24h,海口,6.0
20170124,8,O3,海口,107.0
20170124,8,O3_24h,海口,163.0
20170124,8,O3_8h,海口,112.0
20170124,8,O3_8h_24h,海口,114.0
20170124,8,CO,海口,0.57
20170124,8,CO_24h,海口,0.65
20170124,9,AQI,海口,57.0
20170124,9,PM2.5,海口,26.0
20170124,9,PM2.5_24h,海口,33.0
20170124,9,PM10,海口,63.0
20170124,9,PM10_24h,海口,60.0
20170124,9,SO2,海口,6.0
20170124,9,SO2_24h,海口,7.0
20170124,9,NO2,海口,5.0
20170124,9,NO2_24h,海口,6.0
20170124,9,O3,海口,102.0
20170124,9,O3_24h,海口,163.0
20170124,9,O3_8h,海口,111.0
20170124,9,O3_8h_24h,海口,114.0
20170124,9,CO,海口,0.57
20170124,9,CO_24h,海口,0.65
20170124,10,AQI,海口,58.0
20170124,10,PM2.5,海口,26.0
20170124,10,PM2.5_24h,海口,32.0
20170124,10,PM10,海口,65.0
20170124,10,PM10_24h,海口,60.0
20170124,10,SO2,海口,6.0
20170124,10,SO2_24h,海口,7.0
20170124,10,NO2,海口,5.0
20170124,10,NO2_24h,海口,6.0
20170124,10,O3,海口,97.0
20170124,10,O3_24h,海口,163.0
20170124,10,O3_8h,海口,109.0
20170124,10,O3_8h_24h,海口,114.0
20170124,10,CO,海口,0.6
20170124,10,CO_24h,海口,0.65
20170124,11,AQI,海口,60.0
20170124,11,PM2.5,海口,29.0
20170124,11,PM2.5_24h,海口,32.0
20170124,11,PM10,海口,70.0
20170124,11,PM10_24h,海口,61.0
20170124,11,SO2,海口,6.0
20170124,11,SO2_24h,海口,6.0
20170124,11,NO2,海口,6.0
20170124,11,NO2_24h,海口,5.0
20170124,11,O3,海口,104.0
20170124,11,O3_24h,海口,163.0
20170124,11,O3_8h,海口,108.0
20170124,11,O3_8h_24h,海口,114.0
20170124,11,CO,海口,0.63
20170124,11,CO_24h,海口,0.65
20170124,12,AQI,海口,61.0
20170124,12,PM2.5,海口,30.0
20170124,12,PM2.5_24h,海口,32.0
20170124,12,PM10,海口,72.0
20170124,12,PM10_24h,海口,61.0
20170124,12,SO2,海口,6.0
20170124,12,SO2_24h,海口,6.0
20170124,12,NO2,海口,5.0
20170124,12,NO2_24h,海口,5.0
20170124,12,O3,海口,101.0
20170124,12,O3_24h,海口,163.0
20170124,12,O3_8h,海口,107.0
20170124,12,O3_8h_24h,海口,114.0
20170124,12,CO,海口,0.63
20170124,12,CO_24h,海口,0.65
20170124,13,AQI,海口,62.0
20170124,13,PM2.5,海口,29.0
20170124,13,PM2.5_24h,海口,32.0
20170124,13,PM10,海口,73.0
20170124,13,PM10_24h,海口,61.0
20170124,13,SO2,海口,5.0
20170124,13,SO2_24h,海口,6.0
20170124,13,NO2,海口,4.0
20170124,13,NO2_24h,海口,5.0
20170124,13,O3,海口,102.0
20170124,13,O3_24h,海口,163.0
20170124,13,O3_8h,海口,104.0
20170124,13,O3_8h_24h,海口,114.0
20170124,13,CO,海口,0.63
20170124,13,CO_24h,海口,0.65
20170124,14,AQI,海口,61.0
20170124,14,PM2.5,海口,31.0
20170124,14,PM2.5_24h,海口,32.0
20170124,14,PM10,海口,72.0
20170124,14,PM10_24h,海口,62.0
20170124,14,SO2,海口,5.0
20170124,14,SO2_24h,海口,6.0
20170124,14,NO2,海口,4.0
20170124,14,NO2_24h,海口,5.0
20170124,14,O3,海口,106.0
20170124,14,O3_24h,海口,163.0
20170124,14,O3_8h,海口,103.0
20170124,14,O3_8h_24h,海口,114.0
20170124,14,CO,海口,0.63
20170124,14,CO_24h,海口,0.65
20170124,15,AQI,海口,60.0
20170124,15,PM2.5,海口,31.0
20170124,15,PM2.5_24h,海口,31.0
20170124,15,PM10,海口,70.0
20170124,15,PM10_24h,海口,62.0
20170124,15,SO2,海口,5.0
20170124,15,SO2_24h,海口,6.0
20170124,15,NO2,海口,5.0
20170124,15,NO2_24h,海口,5.0
20170124,15,O3,海口,104.0
20170124,15,O3_24h,海口,163.0
20170124,15,O3_8h,海口,103.0
20170124,15,O3_8h_24h,海口,114.0
20170124,15,CO,海口,0.63
20170124,15,CO_24h,海口,0.65
20170124,16,AQI,海口,60.0
20170124,16,PM2.5,海口,31.0
20170124,16,PM2.5_24h,海口,31.0
20170124,16,PM10,海口,70.0
20170124,16,PM10_24h,海口,62.0
20170124,16,SO2,海口,5.0
20170124,16,SO2_24h,海口,6.0
20170124,16,NO2,海口,6.0
20170124,16,NO2_24h,海口,5.0
20170124,16,O3,海口,107.0
20170124,16,O3_24h,海口,163.0
20170124,16,O3_8h,海口,103.0
20170124,16,O3_8h_24h,海口,114.0
20170124,16,CO,海口,0.63
20170124,16,CO_24h,海口,0.63
20170124,17,AQI,海口,58.0
20170124,17,PM2.5,海口,30.0
20170124,17,PM2.5_24h,海口,30.0
20170124,17,PM10,海口,66.0
20170124,17,PM10_24h,海口,62.0
20170124,17,SO2,海口,5.0
20170124,17,SO2_24h,海口,6.0
20170124,17,NO2,海口,6.0
20170124,17,NO2_24h,海口,5.0
20170124,17,O3,海口,110.0
20170124,17,O3_24h,海口,161.0
20170124,17,O3_8h,海口,104.0
20170124,17,O3_8h_24h,海口,114.0
20170124,17,CO,海口,0.63
20170124,17,CO_24h,海口,0.63
20170124,18,AQI,海口,60.0
20170124,18,PM2.5,海口,30.0
20170124,18,PM2.5_24h,海口,30.0
20170124,18,PM10,海口,69.0
20170124,18,PM10_24h,海口,62.0
20170124,18,SO2,海口,6.0
20170124,18,SO2_24h,海口,5.0
20170124,18,NO2,海口,7.0
20170124,18,NO2_24h,海口,5.0
20170124,18,O3,海口,108.0
20170124,18,O3_24h,海口,156.0
20170124,18,O3_8h,海口,105.0
20170124,18,O3_8h_24h,海口,114.0
20170124,18,CO,海口,0.65
20170124,18,CO_24h,海口,0.63
20170124,19,AQI,海口,62.0
20170124,19,PM2.5,海口,31.0
20170124,19,PM2.5_24h,海口,29.0
20170124,19,PM10,海口,74.0
20170124,19,PM10_24h,海口,62.0
20170124,19,SO2,海口,6.0
20170124,19,SO2_24h,海口,5.0
20170124,19,NO2,海口,7.0
20170124,19,NO2_24h,海口,5.0
20170124,19,O3,海口,110.0
20170124,19,O3_24h,海口,153.0
20170124,19,O3_8h,海口,106.0
20170124,19,O3_8h_24h,海口,114.0
20170124,19,CO,海口,0.63
20170124,19,CO_24h,海口,0.63
20170124,20,AQI,海口,58.0
20170124,20,PM2.5,海口,31.0
20170124,20,PM2.5_24h,海口,28.0
20170124,20,PM10,海口,66.0
20170124,20,PM10_24h,海口,62.0
20170124,20,SO2,海口,5.0
20170124,20,SO2_24h,海口,5.0
20170124,20,NO2,海口,7.0
20170124,20,NO2_24h,海口,5.0
20170124,20,O3,海口,105.0
20170124,20,O3_24h,海口,147.0
20170124,20,O3_8h,海口,107.0
20170124,20,O3_8h_24h,海口,114.0
20170124,20,CO,海口,0.6
20170124,20,CO_24h,海口,0.63
20170124,21,AQI,海口,55.0
20170124,21,PM2.5,海口,27.0
20170124,21,PM2.5_24h,海口,27.0
20170124,21,PM10,海口,60.0
20170124,21,PM10_24h,海口,61.0
20170124,21,SO2,海口,5.0
20170124,21,SO2_24h,海口,5.0
20170124,21,NO2,海口,7.0
20170124,21,NO2_24h,海口,5.0
20170124,21,O3,海口,99.0
20170124,21,O3_24h,海口,127.0
20170124,21,O3_8h,海口,106.0
20170124,21,O3_8h_24h,海口,114.0
20170124,21,CO,海口,0.57
20170124,21,CO_24h,海口,0.6
20170124,22,AQI,海口,52.0
20170124,22,PM2.5,海口,23.0
20170124,22,PM2.5_24h,海口,27.0
20170124,22,PM10,海口,53.0
20170124,22,PM10_24h,海口,61.0
20170124,22,SO2,海口,5.0
20170124,22,SO2_24h,海口,5.0
20170124,22,NO2,海口,9.0
20170124,22,NO2_24h,海口,5.0
20170124,22,O3,海口,94.0
20170124,22,O3_24h,海口,122.0
20170124,22,O3_8h,海口,105.0
20170124,22,O3_8h_24h,海口,114.0
20170124,22,CO,海口,0.55
20170124,22,CO_24h,海口,0.57
20170124,23,AQI,海口,48.0
20170124,23,PM2.5,海口,21.0
20170124,23,PM2.5_24h,海口,27.0
20170124,23,PM10,海口,48.0
20170124,23,PM10_24h,海口,61.0
20170124,23,SO2,海口,5.0
20170124,23,SO2_24h,海口,5.0
20170124,23,NO2,海口,6.0
20170124,23,NO2_24h,海口,5.0
20170124,23,O3,海口,93.0
20170124,23,O3_24h,海口,122.0
20170124,23,O3_8h,海口,103.0
20170124,23,O3_8h_24h,海口,114.0
20170124,23,CO,海口,0.53
20170124,23,CO_24h,海口,0.57
20170124,0,AQI,重庆,164.0
20170124,0,PM2.5,重庆,125.0
20170124,0,PM2.5_24h,重庆,130.0
20170124,0,PM10,重庆,161.0
20170124,0,PM10_24h,重庆,169.0
20170124,0,SO2,重庆,14.0
20170124,0,SO2_24h,重庆,18.0
20170124,0,NO2,重庆,65.0
20170124,0,NO2_24h,重庆,71.0
20170124,0,O3,重庆,19.0
20170124,0,O3_24h,重庆,29.0
20170124,0,O3_8h,重庆,16.0
20170124,0,O3_8h_24h,重庆,20.0
20170124,0,CO,重庆,1.47
20170124,0,CO_24h,重庆,1.47
20170124,1,AQI,重庆,160.0
20170124,1,PM2.5,重庆,122.0
20170124,1,PM2.5_24h,重庆,131.0
20170124,1,PM10,重庆,162.0
20170124,1,PM10_24h,重庆,170.0
20170124,1,SO2,重庆,13.0
20170124,1,SO2_24h,重庆,18.0
20170124,1,NO2,重庆,67.0
20170124,1,NO2_24h,重庆,70.0
20170124,1,O3,重庆,13.0
20170124,1,O3_24h,重庆,28.0
20170124,1,O3_8h,重庆,13.0
20170124,1,O3_8h_24h,重庆,13.0
20170124,1,CO,重庆,1.44
20170124,1,CO_24h,重庆,1.47
20170124,2,AQI,重庆,161.0
20170124,2,PM2.5,重庆,123.0
20170124,2,PM2.5_24h,重庆,132.0
20170124,2,PM10,重庆,152.0
20170124,2,PM10_24h,重庆,171.0
20170124,2,SO2,重庆,13.0
20170124,2,SO2_24h,重庆,18.0
20170124,2,NO2,重庆,66.0
20170124,2,NO2_24h,重庆,70.0
20170124,2,O3,重庆,12.0
20170124,2,O3_24h,重庆,26.0
20170124,2,O3_8h,重庆,13.0
20170124,2,O3_8h_24h,重庆,14.0
20170124,2,CO,重庆,1.41
20170124,2,CO_24h,重庆,1.48
20170124,3,AQI,重庆,160.0
20170124,3,PM2.5,重庆,122.0
20170124,3,PM2.5_24h,重庆,132.0
20170124,3,PM10,重庆,151.0
20170124,3,PM10_24h,重庆,171.0
20170124,3,SO2,重庆,14.0
20170124,3,SO2_24h,重庆,18.0
20170124,3,NO2,重庆,65.0
20170124,3,NO2_24h,重庆,69.0
20170124,3,O3,重庆,12.0
20170124,3,O3_24h,重庆,26.0
20170124,3,O3_8h,重庆,12.0
20170124,3,O3_8h_24h,重庆,14.0
20170124,3,CO,重庆,1.4
20170124,3,CO_24h,重庆,1.48
20170124,4,AQI,重庆,159.0
20170124,4,PM2.5,重庆,121.0
20170124,4,PM2.5_24h,重庆,133.0
20170124,4,PM10,重庆,152.0
20170124,4,PM10_24h,重庆,171.0
20170124,4,SO2,重庆,13.0
20170124,4,SO2_24h,重庆,18.0
20170124,4,NO2,重庆,63.0
20170124,4,NO2_24h,重庆,69.0
20170124,4,O3,重庆,11.0
20170124,4,O3_24h,重庆,26.0
20170124,4,O3_8h,重庆,12.0
20170124,4,O3_8h_24h,重庆,14.0
20170124,4,CO,重庆,1.4
20170124,4,CO_24h,重庆,1.48
20170124,5,AQI,重庆,156.0
20170124,5,PM2.5,重庆,119.0
20170124,5,PM2.5_24h,重庆,133.0
20170124,5,PM10,重庆,149.0
20170124,5,PM10_24h,重庆,172.0
20170124,5,SO2,重庆,13.0
20170124,5,SO2_24h,重庆,18.0
20170124,5,NO2,重庆,64.0
20170124,5,NO2_24h,重庆,69.0
20170124,5,O3,重庆,9.0
20170124,5,O3_24h,重庆,26.0
20170124,5,O3_8h,重庆,11.0
20170124,5,O3_8h_24h,重庆,14.0
20170124,5,CO,重庆,1.4
20170124,5,CO_24h,重庆,1.48
20170124,6,AQI,重庆,157.0
20170124,6,PM2.5,重庆,120.0
20170124,6,PM2.5_24h,重庆,133.0
20170124,6,PM10,重庆,153.0
20170124,6,PM10_24h,重庆,172.0
20170124,6,SO2,重庆,13.0
20170124,6,SO2_24h,重庆,17.0
20170124,6,NO2,重庆,65.0
20170124,6,NO2_24h,重庆,69.0
20170124,6,O3,重庆,7.0
20170124,6,O3_24h,重庆,25.0
20170124,6,O3_8h,重庆,11.0
20170124,6,O3_8h_24h,重庆,14.0
20170124,6,CO,重庆,1.39
20170124,6,CO_24h,重庆,1.48
20170124,7,AQI,重庆,166.0
20170124,7,PM2.5,重庆,126.0
20170124,7,PM2.5_24h,重庆,133.0
20170124,7,PM10,重庆,156.0
20170124,7,PM10_24h,重庆,171.0
20170124,7,SO2,重庆,15.0
20170124,7,SO2_24h,重庆,17.0
20170124,7,NO2,重庆,65.0
20170124,7,NO2_24h,重庆,69.0
20170124,7,O3,重庆,6.0
20170124,7,O3_24h,重庆,25.0
20170124,7,O3_8h,重庆,10.0
20170124,7,O3_8h_24h,重庆,14.0
20170124,7,CO,重庆,1.49
20170124,7,CO_24h,重庆,1.5
20170124,8,AQI,重庆,184.0
20170124,8,PM2.5,重庆,139.0
20170124,8,PM2.5_24h,重庆,134.0
20170124,8,PM10,重庆,172.0
20170124,8,PM10_24h,重庆,171.0
20170124,8,SO2,重庆,17.0
20170124,8,SO2_24h,重庆,17.0
20170124,8,NO2,重庆,68.0
20170124,8,NO2_24h,重庆,69.0
20170124,8,O3,重庆,6.0
20170124,8,O3_24h,重庆,25.0
20170124,8,O3_8h,重庆,10.0
20170124,8,O3_8h_24h,重庆,14.0
20170124,8,CO,重庆,1.63
20170124,8,CO_24h,重庆,1.5
20170124,9,AQI,重庆,189.0
20170124,9,PM2.5,重庆,142.0
20170124,9,PM2.5_24h,重庆,134.0
20170124,9,PM10,重庆,180.0
20170124,9,PM10_24h,重庆,172.0
20170124,9,SO2,重庆,18.0
20170124,9,SO2_24h,重庆,17.0
20170124,9,NO2,重庆,65.0
20170124,9,NO2_24h,重庆,69.0
20170124,9,O3,重庆,6.0
20170124,9,O3_24h,重庆,24.0
20170124,9,O3_8h,重庆,9.0
20170124,9,O3_8h_24h,重庆,14.0
20170124,9,CO,重庆,1.68
20170124,9,CO_24h,重庆,1.51
20170124,10,AQI,重庆,200.0
20170124,10,PM2.5,重庆,150.0
20170124,10,PM2.5_24h,重庆,135.0
20170124,10,PM10,重庆,189.0
20170124,10,PM10_24h,重庆,172.0
20170124,10,SO2,重庆,20.0
20170124,10,SO2_24h,重庆,17.0
20170124,10,NO2,重庆,66.0
20170124,10,NO2_24h,重庆,69.0
20170124,10,O3,重庆,7.0
20170124,10,O3_24h,重庆,24.0
20170124,10,O3_8h,重庆,8.0
20170124,10,O3_8h_24h,重庆,14.0
20170124,10,CO,重庆,1.73
20170124,10,CO_24h,重庆,1.52
20170124,11,AQI,重庆,207.0
20170124,11,PM2.5,重庆,157.0
20170124,11,PM2.5_24h,重庆,135.0
20170124,11,PM10,重庆,196.0
20170124,11,PM10_24h,重庆,173.0
20170124,11,SO2,重庆,21.0
20170124,11,SO2_24h,重庆,17.0
20170124,11,NO2,重庆,68.0
20170124,11,NO2_24h,重庆,69.0
20170124,11,O3,重庆,7.0
20170124,11,O3_24h,重庆,24.0
20170124,11,O3_8h,重庆,7.0
20170124,11,O3_8h_24h,重庆,14.0
20170124,11,CO,重庆,1.73
20170124,11,CO_24h,重庆,1.52
20170124,12,AQI,重庆,216.0
20170124,12,PM2.5,重庆,166.0
20170124,12,PM2.5_24h,重庆,136.0
20170124,12,PM10,重庆,202.0
20170124,12,PM10_24h,重庆,174.0
20170124,12,SO2,重庆,27.0
20170124,12,SO2_24h,重庆,17.0
20170124,12,NO2,重庆,73.0
20170124,12,NO2_24h,重庆,70.0
20170124,12,O3,重庆,8.0
20170124,12,O3_24h,重庆,24.0
20170124,12,O3_8h,重庆,7.0
20170124,12,O3_8h_24h,重庆,14.0
20170124,12,CO,重庆,1.78
20170124,12,CO_24h,重庆,1.53
20170124,13,AQI,重庆,221.0
20170124,13,PM2.5,重庆,171.0
20170124,13,PM2.5_24h,重庆,137.0
20170124,13,PM10,重庆,215.0
20170124,13,PM10_24h,重庆,175.0
20170124,13,SO2,重庆,26.0
20170124,13,SO2_24h,重庆,17.0
20170124,13,NO2,重庆,76.0
20170124,13,NO2_24h,重庆,70.0
20170124,13,O3,重庆,10.0
20170124,13,O3_24h,重庆,25.0
20170124,13,O3_8h,重庆,7.0
20170124,13,O3_8h_24h,重庆,14.0
20170124,13,CO,重庆,1.79
20170124,13,CO_24h,重庆,1.53
20170124,14,AQI,重庆,231.0
20170124,14,PM2.5,重庆,181.0
20170124,14,PM2.5_24h,重庆,139.0
20170124,14,PM10,重庆,230.0
20170124,14,PM10_24h,重庆,176.0
20170124,14,SO2,重庆,30.0
20170124,14,SO2_24h,重庆,17.0
20170124,14,NO2,重庆,78.0
20170124,14,NO2_24h,重庆,70.0
20170124,14,O3,重庆,15.0
20170124,14,O3_24h,重庆,26.0
20170124,14,O3_8h,重庆,8.0
20170124,14,O3_8h_24h,重庆,15.0
20170124,14,CO,重庆,1.73
20170124,14,CO_24h,重庆,1.53
20170124,15,AQI,重庆,233.0
20170124,15,PM2.5,重庆,183.0
20170124,15,PM2.5_24h,重庆,140.0
20170124,15,PM10,重庆,231.0
20170124,15,PM10_24h,重庆,178.0
20170124,15,SO2,重庆,30.0
20170124,15,SO2_24h,重庆,17.0
20170124,15,NO2,重庆,73.0
20170124,15,NO2_24h,重庆,70.0
20170124,15,O3,重庆,23.0
20170124,15,O3_24h,重庆,32.0
20170124,15,O3_8h,重庆,10.0
20170124,15,O3_8h_24h,重庆,16.0
20170124,15,CO,重庆,1.63
20170124,15,CO_24h,重庆,1.54
20170124,16,AQI,重庆,215.0
20170124,16,PM2.5,重庆,165.0
20170124,16,PM2.5_24h,重庆,141.0
20170124,16,PM10,重庆,201.0
20170124,16,PM10_24h,重庆,178.0
20170124,16,SO2,重庆,27.0
20170124,16,SO2_24h,重庆,18.0
20170124,16,NO2,重庆,69.0
20170124,16,NO2_24h,重庆,70.0
20170124,16,O3,重庆,31.0
20170124,16,O3_24h,重庆,37.0
20170124,16,O3_8h,重庆,13.0
20170124,16,O3_8h_24h,重庆,18.0
20170124,16,CO,重庆,1.54
20170124,16,CO_24h,重庆,1.54
20170124,17,AQI,重庆,201.0
20170124,17,PM2.5,重庆,151.0
20170124,17,PM2.5_24h,重庆,142.0
20170124,17,PM10,重庆,189.0
20170124,17,PM10_24h,重庆,179.0
20170124,17,SO2,重庆,26.0
20170124,17,SO2_24h,重庆,18.0
20170124,17,NO2,重庆,67.0
20170124,17,NO2_24h,重庆,70.0
20170124,17,O3,重庆,36.0
20170124,17,O3_24h,重庆,40.0
20170124,17,O3_8h,重庆,17.0
20170124,17,O3_8h_24h,重庆,21.0
20170124,17,CO,重庆,1.39
20170124,17,CO_24h,重庆,1.54
20170124,18,AQI,重庆,194.0
20170124,18,PM2.5,重庆,146.0
20170124,18,PM2.5_24h,重庆,142.0
20170124,18,PM10,重庆,189.0
20170124,18,PM10_24h,重庆,179.0
20170124,18,SO2,重庆,23.0
20170124,18,SO2_24h,重庆,18.0
20170124,18,NO2,重庆,72.0
20170124,18,NO2_24h,重庆,69.0
20170124,18,O3,重庆,33.0
20170124,18,O3_24h,重庆,41.0
20170124,18,O3_8h,重庆,20.0
20170124,18,O3_8h_24h,重庆,23.0
20170124,18,CO,重庆,1.38
20170124,18,CO_24h,重庆,1.53
20170124,19,AQI,重庆,193.0
20170124,19,PM2.5,重庆,145.0
20170124,19,PM2.5_24h,重庆,142.0
20170124,19,PM10,重庆,182.0
20170124,19,PM10_24h,重庆,179.0
20170124,19,SO2,重庆,19.0
20170124,19,SO2_24h,重庆,19.0
20170124,19,NO2,重庆,85.0
20170124,19,NO2_24h,重庆,70.0
20170124,19,O3,重庆,21.0
20170124,19,O3_24h,重庆,41.0
20170124,19,O3_8h,重庆,22.0
20170124,19,O3_8h_24h,重庆,24.0
20170124,19,CO,重庆,1.5
20170124,19,CO_24h,重庆,1.53
20170124,20,AQI,重庆,201.0
20170124,20,PM2.5,重庆,151.0
20170124,20,PM2.5_24h,重庆,143.0
20170124,20,PM10,重庆,183.0
20170124,20,PM10_24h,重庆,179.0
20170124,20,SO2,重庆,19.0
20170124,20,SO2_24h,重庆,19.0
20170124,20,NO2,重庆,84.0
20170124,20,NO2_24h,重庆,70.0
20170124,20,O3,重庆,17.0
20170124,20,O3_24h,重庆,41.0
20170124,20,O3_8h,重庆,23.0
20170124,20,O3_8h_24h,重庆,25.0
20170124,20,CO,重庆,1.57
20170124,20,CO_24h,重庆,1.53
20170124,21,AQI,重庆,190.0
20170124,21,PM2.5,重庆,143.0
20170124,21,PM2.5_24h,重庆,143.0
20170124,21,PM10,重庆,181.0
20170124,21,PM10_24h,重庆,179.0
20170124,21,SO2,重庆,17.0
20170124,21,SO2_24h,重庆,19.0
20170124,21,NO2,重庆,80.0
20170124,21,NO2_24h,重庆,70.0
20170124,21,O3,重庆,15.0
20170124,21,O3_24h,重庆,41.0
20170124,21,O3_8h,重庆,24.0
20170124,21,O3_8h_24h,重庆,26.0
20170124,21,CO,重庆,1.62
20170124,21,CO_24h,重庆,1.55
20170124,22,AQI,重庆,186.0
20170124,22,PM2.5,重庆,140.0
20170124,22,PM2.5_24h,重庆,143.0
20170124,22,PM10,重庆,179.0
20170124,22,PM10_24h,重庆,180.0
20170124,22,SO2,重庆,15.0
20170124,22,SO2_24h,重庆,19.0
20170124,22,NO2,重庆,77.0
20170124,22,NO2_24h,重庆,70.0
20170124,22,O3,重庆,14.0
20170124,22,O3_24h,重庆,41.0
20170124,22,O3_8h,重庆,24.0
20170124,22,O3_8h_24h,重庆,26.0
20170124,22,CO,重庆,1.59
20170124,22,CO_24h,重庆,1.55
20170124,23,AQI,重庆,170.0
20170124,23,PM2.5,重庆,129.0
20170124,23,PM2.5_24h,重庆,143.0
20170124,23,PM10,重庆,170.0
20170124,23,PM10_24h,重庆,180.0
20170124,23,SO2,重庆,14.0
20170124,23,SO2_24h,重庆,19.0
20170124,23,NO2,重庆,72.0
20170124,23,NO2_24h,重庆,70.0
20170124,23,O3,重庆,13.0
20170124,23,O3_24h,重庆,41.0
20170124,23,O3_8h,重庆,23.0
20170124,23,O3_8h_24h,重庆,26.0
20170124,23,CO,重庆,1.61
20170124,23,CO_24h,重庆,1.55
20170124,0,AQI,成都,211.0
20170124,0,PM2.5,成都,161.0
20170124,0,PM2.5_24h,成都,198.0
20170124,0,PM10,成都,230.0
20170124,0,PM10_24h,成都,289.0
20170124,0,SO2,成都,11.0
20170124,0,SO2_24h,成都,16.0
20170124,0,NO2,成都,62.0
20170124,0,NO2_24h,成都,66.0
20170124,0,O3,成都,17.0
20170124,0,O3_24h,成都,70.0
20170124,0,O3_8h,成都,41.0
20170124,0,O3_8h_24h,成都,56.0
20170124,0,CO,成都,1.27
20170124,0,CO_24h,成都,1.83
20170124,1,AQI,成都,249.0
20170124,1,PM2.5,成都,199.0
20170124,1,PM2.5_24h,成都,197.0
20170124,1,PM10,成都,293.0
20170124,1,PM10_24h,成都,288.0
20170124,1,SO2,成都,15.0
20170124,1,SO2_24h,成都,16.0
20170124,1,NO2,成都,57.0
20170124,1,NO2_24h,成都,65.0
20170124,1,O3,成都,16.0
20170124,1,O3_24h,成都,70.0
20170124,1,O3_8h,成都,16.0
20170124,1,O3_8h_24h,成都,16.0
20170124,1,CO,成都,1.3
20170124,1,CO_24h,成都,1.82
20170124,2,AQI,成都,252.0
20170124,2,PM2.5,成都,202.0
20170124,2,PM2.5_24h,成都,196.0
20170124,2,PM10,成都,309.0
20170124,2,PM10_24h,成都,287.0
20170124,2,SO2,成都,15.0
20170124,2,SO2_24h,成都,16.0
20170124,2,NO2,成都,48.0
20170124,2,NO2_24h,成都,64.0
20170124,2,O3,成都,22.0
20170124,2,O3_24h,成都,70.0
20170124,2,O3_8h,成都,19.0
20170124,2,O3_8h_24h,成都,19.0
20170124,2,CO,成都,1.27
20170124,2,CO_24h,成都,1.75
20170124,3,AQI,成都,248.0
20170124,3,PM2.5,成都,198.0
20170124,3,PM2.5_24h,成都,195.0
20170124,3,PM10,成都,282.0
20170124,3,PM10_24h,成都,285.0
20170124,3,SO2,成都,15.0
20170124,3,SO2_24h,成都,16.0
20170124,3,NO2,成都,45.0
20170124,3,NO2_24h,成都,63.0
20170124,3,O3,成都,22.0
20170124,3,O3_24h,成都,70.0
20170124,3,O3_8h,成都,20.0
20170124,3,O3_8h_24h,成都,20.0
20170124,3,CO,成都,1.22
20170124,3,CO_24h,成都,1.75
20170124,4,AQI,成都,245.0
20170124,4,PM2.5,成都,195.0
20170124,4,PM2.5_24h,成都,194.0
20170124,4,PM10,成都,282.0
20170124,4,PM10_24h,成都,283.0
20170124,4,SO2,成都,16.0
20170124,4,SO2_24h,成都,16.0
20170124,4,NO2,成都,44.0
20170124,4,NO2_24h,成都,62.0
20170124,4,O3,成都,20.0
20170124,4,O3_24h,成都,70.0
20170124,4,O3_8h,成都,20.0
20170124,4,O3_8h_24h,成都,20.0
20170124,4,CO,成都,1.18
20170124,4,CO_24h,成都,1.68
20170124,5,AQI,成都,242.0
20170124,5,PM2.5,成都,192.0
20170124,5,PM2.5_24h,成都,193.0
20170124,5,PM10,成都,276.0
20170124,5,PM10_24h,成都,280.0
20170124,5,SO2,成都,21.0
20170124,5,SO2_24h,成都,16.0
20170124,5,NO2,成都,44.0
20170124,5,NO2_24h,成都,61.0
20170124,5,O3,成都,20.0
20170124,5,O3_24h,成都,70.0
20170124,5,O3_8h,成都,20.0
20170124,5,O3_8h_24h,成都,20.0
20170124,5,CO,成都,1.1
20170124,5,CO_24h,成都,1.65
20170124,6,AQI,成都,239.0
20170124,6,PM2.5,成都,189.0
20170124,6,PM2.5_24h,成都,191.0
20170124,6,PM10,成都,274.0
20170124,6,PM10_24h,成都,277.0
20170124,6,SO2,成都,21.0
20170124,6,SO2_24h,成都,17.0
20170124,6,NO2,成都,46.0
20170124,6,NO2_24h,成都,60.0
20170124,6,O3,成都,19.0
20170124,6,O3_24h,成都,70.0
20170124,6,O3_8h,成都,20.0
20170124,6,O3_8h_24h,成都,21.0
20170124,6,CO,成都,1.13
20170124,6,CO_24h,成都,1.6
20170124,7,AQI,成都,238.0
20170124,7,PM2.5,成都,188.0
20170124,7,PM2.5_24h,成都,188.0
20170124,7,PM10,成都,271.0
20170124,7,PM10_24h,成都,273.0
20170124,7,SO2,成都,18.0
20170124,7,SO2_24h,成都,17.0
20170124,7,NO2,成都,49.0
20170124,7,NO2_24h,成都,60.0
20170124,7,O3,成都,16.0
20170124,7,O3_24h,成都,70.0
20170124,7,O3_8h,成都,19.0
20170124,7,O3_8h_24h,成都,21.0
20170124,7,CO,成都,1.15
20170124,7,CO_24h,成都,1.57
20170124,8,AQI,成都,242.0
20170124,8,PM2.5,成都,192.0
20170124,8,PM2.5_24h,成都,186.0
20170124,8,PM10,成都,273.0
20170124,8,PM10_24h,成都,269.0
20170124,8,SO2,成都,20.0
20170124,8,SO2_24h,成都,17.0
20170124,8,NO2,成都,59.0
20170124,8,NO2_24h,成都,60.0
20170124,8,O3,成都,9.0
20170124,8,O3_24h,成都,70.0
20170124,8,O3_8h,成都,18.0
20170124,8,O3_8h_24h,成都,21.0
20170124,8,CO,成都,1.2
20170124,8,CO_24h,成都,1.5
20170124,9,AQI,成都,240.0
20170124,9,PM2.5,成都,190.0
20170124,9,PM2.5_24h,成都,182.0
20170124,9,PM10,成都,271.0
20170124,9,PM10_24h,成都,263.0
20170124,9,SO2,成都,21.0
20170124,9,SO2_24h,成都,17.0
20170124,9,NO2,成都,63.0
20170124,9,NO2_24h,成都,61.0
20170124,9,O3,成都,7.0
20170124,9,O3_24h,成都,70.0
20170124,9,O3_8h,成都,17.0
20170124,9,O3_8h_24h,成都,21.0
20170124,9,CO,成都,1.32
20170124,9,CO_24h,成都,1.42
20170124,10,AQI,成都,241.0
20170124,10,PM2.5,成都,191.0
20170124,10,PM2.5_24h,成都,180.0
20170124,10,PM10,成都,277.0
20170124,10,PM10_24h,成都,259.0
20170124,10,SO2,成都,22.0
20170124,10,SO2_24h,成都,17.0
20170124,10,NO2,成都,65.0
20170124,10,NO2_24h,成都,60.0
20170124,10,O3,成都,8.0
20170124,10,O3_24h,成都,70.0
20170124,10,O3_8h,成都,15.0
20170124,10,O3_8h_24h,成都,21.0
20170124,10,CO,成都,1.45
20170124,10,CO_24h,成都,1.35
20170124,11,AQI,成都,240.0
20170124,11,PM2.5,成都,190.0
20170124,11,PM2.5_24h,成都,177.0
20170124,11,PM10,成都,273.0
20170124,11,PM10_24h,成都,253.0
20170124,11,SO2,成都,23.0
20170124,11,SO2_24h,成都,17.0
20170124,11,NO2,成都,70.0
20170124,11,NO2_24h,成都,60.0
20170124,11,O3,成都,12.0
20170124,11,O3_24h,成都,70.0
20170124,11,O3_8h,成都,14.0
20170124,11,O3_8h_24h,成都,21.0
20170124,11,CO,成都,1.55
20170124,11,CO_24h,成都,1.32
20170124,12,AQI,成都,229.0
20170124,12,PM2.5,成都,179.0
20170124,12,PM2.5_24h,成都,173.0
20170124,12,PM10,成都,260.0
20170124,12,PM10_24h,成都,248.0
20170124,12,SO2,成都,20.0
20170124,12,SO2_24h,成都,17.0
20170124,12,NO2,成都,76.0
20170124,12,NO2_24h,成都,59.0
20170124,12,O3,成都,19.0
20170124,12,O3_24h,成都,70.0
20170124,12,O3_8h,成都,14.0
20170124,12,O3_8h_24h,成都,21.0
20170124,12,CO,成都,1.53
20170124,12,CO_24h,成都,1.28
20170124,13,AQI,成都,222.0
20170124,13,PM2.5,成都,172.0
20170124,13,PM2.5_24h,成都,171.0
20170124,13,PM10,成都,247.0
20170124,13,PM10_24h,成都,245.0
20170124,13,SO2,成都,18.0
20170124,13,SO2_24h,成都,17.0
20170124,13,NO2,成都,69.0
20170124,13,NO2_24h,成都,58.0
20170124,13,O3,成都,33.0
20170124,13,O3_24h,成都,70.0
20170124,13,O3_8h,成都,16.0
20170124,13,O3_8h_24h,成都,21.0
20170124,13,CO,成都,1.38
20170124,13,CO_24h,成都,1.27
20170124,14,AQI,成都,215.0
20170124,14,PM2.5,成都,165.0
20170124,14,PM2.5_24h,成都,170.0
20170124,14,PM10,成都,236.0
20170124,14,PM10_24h,成都,244.0
20170124,14,SO2,成都,17.0
20170124,14,SO2_24h,成都,17.0
20170124,14,NO2,成都,58.0
20170124,14,NO2_24h,成都,57.0
20170124,14,O3,成都,47.0
20170124,14,O3_24h,成都,71.0
20170124,14,O3_8h,成都,19.0
20170124,14,O3_8h_24h,成都,21.0
20170124,14,CO,成都,1.25
20170124,14,CO_24h,成都,1.27
20170124,15,AQI,成都,208.0
20170124,15,PM2.5,成都,158.0
20170124,15,PM2.5_24h,成都,170.0
20170124,15,PM10,成都,225.0
20170124,15,PM10_24h,成都,243.0
20170124,15,SO2,成都,15.0
20170124,15,SO2_24h,成都,17.0
20170124,15,NO2,成都,52.0
20170124,15,NO2_24h,成都,57.0
20170124,15,O3,成都,53.0
20170124,15,O3_24h,成都,72.0
20170124,15,O3_8h,成都,24.0
20170124,15,O3_8h_24h,成都,24.0
20170124,15,CO,成都,1.18
20170124,15,CO_24h,成都,1.25
20170124,16,AQI,成都,204.0
20170124,16,PM2.5,成都,154.0
20170124,16,PM2.5_24h,成都,169.0
20170124,16,PM10,成都,218.0
20170124,16,PM10_24h,成都,242.0
20170124,16,SO2,成都,18.0
20170124,16,SO2_24h,成都,17.0
20170124,16,NO2,成都,52.0
20170124,16,NO2_24h,成都,57.0
20170124,16,O3,成都,55.0
20170124,16,O3_24h,成都,73.0
20170124,16,O3_8h,成都,29.0
20170124,16,O3_8h_24h,成都,29.0
20170124,16,CO,成都,1.23
20170124,16,CO_24h,成都,1.25
20170124,17,AQI,成都,204.0
20170124,17,PM2.5,成都,154.0
20170124,17,PM2.5_24h,成都,169.0
20170124,17,PM10,成都,222.0
20170124,17,PM10_24h,成都,243.0
20170124,17,SO2,成都,14.0
20170124,17,SO2_24h,成都,17.0
20170124,17,NO2,成都,60.0
20170124,17,NO2_24h,成都,57.0
20170124,17,O3,成都,53.0
20170124,17,O3_24h,成都,68.0
20170124,17,O3_8h,成都,35.0
20170124,17,O3_8h_24h,成都,35.0
20170124,17,CO,成都,1.22
20170124,17,CO_24h,成都,1.25
20170124,18,AQI,成都,203.0
20170124,18,PM2.5,成都,153.0
20170124,18,PM2.5_24h,成都,170.0
20170124,18,PM10,成都,219.0
20170124,18,PM10_24h,成都,244.0
20170124,18,SO2,成都,13.0
20170124,18,SO2_24h,成都,16.0
20170124,18,NO2,成都,71.0
20170124,18,NO2_24h,成都,58.0
20170124,18,O3,成都,43.0
20170124,18,O3_24h,成都,61.0
20170124,18,O3_8h,成都,39.0
20170124,18,O3_8h_24h,成都,39.0
20170124,18,CO,成都,1.32
20170124,18,CO_24h,成都,1.23
20170124,19,AQI,成都,204.0
20170124,19,PM2.5,成都,154.0
20170124,19,PM2.5_24h,成都,171.0
20170124,19,PM10,成都,222.0
20170124,19,PM10_24h,成都,246.0
20170124,19,SO2,成都,12.0
20170124,19,SO2_24h,成都,16.0
20170124,19,NO2,成都,97.0
20170124,19,NO2_24h,成都,60.0
20170124,19,O3,成都,18.0
20170124,19,O3_24h,成都,59.0
20170124,19,O3_8h,成都,40.0
20170124,19,O3_8h_24h,成都,40.0
20170124,19,CO,成都,1.5
20170124,19,CO_24h,成都,1.27
20170124,20,AQI,成都,207.0
20170124,20,PM2.5,成都,157.0
20170124,20,PM2.5_24h,成都,172.0
20170124,20,PM10,成都,230.0
20170124,20,PM10_24h,成都,248.0
20170124,20,SO2,成都,12.0
20170124,20,SO2_24h,成都,16.0
20170124,20,NO2,成都,106.0
20170124,20,NO2_24h,成都,61.0
20170124,20,O3,成都,6.0
20170124,20,O3_24h,成都,59.0
20170124,20,O3_8h,成都,38.0
20170124,20,O3_8h_24h,成都,40.0
20170124,20,CO,成都,1.67
20170124,20,CO_24h,成都,1.3
20170124,21,AQI,成都,217.0
20170124,21,PM2.5,成都,167.0
20170124,21,PM2.5_24h,成都,174.0
20170124,21,PM10,成都,244.0
20170124,21,PM10_24h,成都,251.0
20170124,21,SO2,成都,12.0
20170124,21,SO2_24h,成都,16.0
20170124,21,NO2,成都,99.0
20170124,21,NO2_24h,成都,63.0
20170124,21,O3,成都,6.0
20170124,21,O3_24h,成都,58.0
20170124,21,O3_8h,成都,35.0
20170124,21,O3_8h_24h,成都,40.0
20170124,21,CO,成都,1.8
20170124,21,CO_24h,成都,1.3
20170124,22,AQI,成都,227.0
20170124,22,PM2.5,成都,177.0
20170124,22,PM2.5_24h,成都,176.0
20170124,22,PM10,成都,260.0
20170124,22,PM10_24h,成都,254.0
20170124,22,SO2,成都,12.0
20170124,22,SO2_24h,成都,16.0
20170124,22,NO2,成都,97.0
20170124,22,NO2_24h,成都,64.0
20170124,22,O3,成都,5.0
20170124,22,O3_24h,成都,58.0
20170124,22,O3_8h,成都,30.0
20170124,22,O3_8h_24h,成都,40.0
20170124,22,CO,成都,1.88
20170124,22,CO_24h,成都,1.33
20170124,23,AQI,成都,238.0
20170124,23,PM2.5,成都,188.0
20170124,23,PM2.5_24h,成都,178.0
20170124,23,PM10,成都,275.0
20170124,23,PM10_24h,成都,256.0
20170124,23,SO2,成都,12.0
20170124,23,SO2_24h,成都,16.0
20170124,23,NO2,成都,89.0
20170124,23,NO2_24h,成都,66.0
20170124,23,O3,成都,5.0
20170124,23,O3_24h,成都,58.0
20170124,23,O3_8h,成都,24.0
20170124,23,O3_8h_24h,成都,40.0
20170124,23,CO,成都,2.25
20170124,23,CO_24h,成都,1.38
20170124,0,AQI,贵阳,64.0
20170124,0,PM2.5,贵阳,46.0
20170124,0,PM2.5_24h,贵阳,60.0
20170124,0,PM10,贵阳,64.0
20170124,0,PM10_24h,贵阳,86.0
20170124,0,SO2,贵阳,20.0
20170124,0,SO2_24h,贵阳,36.0
20170124,0,NO2,贵阳,19.0
20170124,0,NO2_24h,贵阳,37.0
20170124,0,O3,贵阳,85.0
20170124,0,O3_24h,贵阳,89.0
20170124,0,O3_8h,贵阳,70.0
20170124,0,O3_8h_24h,贵阳,76.0
20170124,0,CO,贵阳,0.74
20170124,0,CO_24h,贵阳,0.97
20170124,1,AQI,贵阳,64.0
20170124,1,PM2.5,贵阳,46.0
20170124,1,PM2.5_24h,贵阳,59.0
20170124,1,PM10,贵阳,65.0
20170124,1,PM10_24h,贵阳,85.0
20170124,1,SO2,贵阳,17.0
20170124,1,SO2_24h,贵阳,36.0
20170124,1,NO2,贵阳,20.0
20170124,1,NO2_24h,贵阳,37.0
20170124,1,O3,贵阳,82.0
20170124,1,O3_24h,贵阳,89.0
20170124,1,O3_8h,贵阳,82.0
20170124,1,O3_8h_24h,贵阳,82.0
20170124,1,CO,贵阳,0.77
20170124,1,CO_24h,贵阳,0.94
20170124,2,AQI,贵阳,61.0
20170124,2,PM2.5,贵阳,44.0
20170124,2,PM2.5_24h,贵阳,58.0
20170124,2,PM10,贵阳,63.0
20170124,2,PM10_24h,贵阳,83.0
20170124,2,SO2,贵阳,17.0
20170124,2,SO2_24h,贵阳,36.0
20170124,2,NO2,贵阳,19.0
20170124,2,NO2_24h,贵阳,37.0
20170124,2,O3,贵阳,76.0
20170124,2,O3_24h,贵阳,89.0
20170124,2,O3_8h,贵阳,79.0
20170124,2,O3_8h_24h,贵阳,83.0
20170124,2,CO,贵阳,0.81
20170124,2,CO_24h,贵阳,0.94
20170124,3,AQI,贵阳,66.0
20170124,3,PM2.5,贵阳,48.0
20170124,3,PM2.5_24h,贵阳,57.0
20170124,3,PM10,贵阳,66.0
20170124,3,PM10_24h,贵阳,83.0
20170124,3,SO2,贵阳,14.0
20170124,3,SO2_24h,贵阳,35.0
20170124,3,NO2,贵阳,20.0
20170124,3,NO2_24h,贵阳,37.0
20170124,3,O3,贵阳,70.0
20170124,3,O3_24h,贵阳,89.0
20170124,3,O3_8h,贵阳,76.0
20170124,3,O3_8h_24h,贵阳,83.0
20170124,3,CO,贵阳,0.81
20170124,3,CO_24h,贵阳,0.94
20170124,4,AQI,贵阳,69.0
20170124,4,PM2.5,贵阳,50.0
20170124,4,PM2.5_24h,贵阳,57.0
20170124,4,PM10,贵阳,66.0
20170124,4,PM10_24h,贵阳,82.0
20170124,4,SO2,贵阳,14.0
20170124,4,SO2_24h,贵阳,35.0
20170124,4,NO2,贵阳,20.0
20170124,4,NO2_24h,贵阳,37.0
20170124,4,O3,贵阳,63.0
20170124,4,O3_24h,贵阳,89.0
20170124,4,O3_8h,贵阳,73.0
20170124,4,O3_8h_24h,贵阳,83.0
20170124,4,CO,贵阳,0.87
20170124,4,CO_24h,贵阳,0.94
20170124,5,AQI,贵阳,71.0
20170124,5,PM2.5,贵阳,52.0
20170124,5,PM2.5_24h,贵阳,57.0
20170124,5,PM10,贵阳,69.0
20170124,5,PM10_24h,贵阳,82.0
20170124,5,SO2,贵阳,15.0
20170124,5,SO2_24h,贵阳,34.0
20170124,5,NO2,贵阳,19.0
20170124,5,NO2_24h,贵阳,37.0
20170124,5,O3,贵阳,60.0
20170124,5,O3_24h,贵阳,89.0
20170124,5,O3_8h,贵阳,70.0
20170124,5,O3_8h_24h,贵阳,83.0
20170124,5,CO,贵阳,0.82
20170124,5,CO_24h,贵阳,0.94
20170124,6,AQI,贵阳,71.0
20170124,6,PM2.5,贵阳,52.0
20170124,6,PM2.5_24h,贵阳,56.0
20170124,6,PM10,贵阳,65.0
20170124,6,PM10_24h,贵阳,81.0
20170124,6,SO2,贵阳,12.0
20170124,6,SO2_24h,贵阳,34.0
20170124,6,NO2,贵阳,17.0
20170124,6,NO2_24h,贵阳,37.0
20170124,6,O3,贵阳,62.0
20170124,6,O3_24h,贵阳,89.0
20170124,6,O3_8h,贵阳,69.0
20170124,6,O3_8h_24h,贵阳,83.0
20170124,6,CO,贵阳,0.77
20170124,6,CO_24h,贵阳,0.94
20170124,7,AQI,贵阳,66.0
20170124,7,PM2.5,贵阳,48.0
20170124,7,PM2.5_24h,贵阳,56.0
20170124,7,PM10,贵阳,62.0
20170124,7,PM10_24h,贵阳,81.0
20170124,7,SO2,贵阳,10.0
20170124,7,SO2_24h,贵阳,33.0
20170124,7,NO2,贵阳,19.0
20170124,7,NO2_24h,贵阳,37.0
20170124,7,O3,贵阳,61.0
20170124,7,O3_24h,贵阳,89.0
20170124,7,O3_8h,贵阳,68.0
20170124,7,O3_8h_24h,贵阳,83.0
20170124,7,CO,贵阳,0.78
20170124,7,CO_24h,贵阳,0.94
20170124,8,AQI,贵阳,70.0
20170124,8,PM2.5,贵阳,51.0
20170124,8,PM2.5_24h,贵阳,56.0
20170124,8,PM10,贵阳,64.0
20170124,8,PM10_24h,贵阳,80.0
20170124,8,SO2,贵阳,12.0
20170124,8,SO2_24h,贵阳,33.0
20170124,8,NO2,贵阳,27.0
20170124,8,NO2_24h,贵阳,36.0
20170124,8,O3,贵阳,49.0
20170124,8,O3_24h,贵阳,89.0
20170124,8,O3_8h,贵阳,65.0
20170124,8,O3_8h_24h,贵阳,83.0
20170124,8,CO,贵阳,0.82
20170124,8,CO_24h,贵阳,0.93
20170124,9,AQI,贵阳,74.0
20170124,9,PM2.5,贵阳,54.0
20170124,9,PM2.5_24h,贵阳,56.0
20170124,9,PM10,贵阳,67.0
20170124,9,PM10_24h,贵阳,79.0
20170124,9,SO2,贵阳,16.0
20170124,9,SO2_24h,贵阳,32.0
20170124,9,NO2,贵阳,45.0
20170124,9,NO2_24h,贵阳,35.0
20170124,9,O3,贵阳,27.0
20170124,9,O3_24h,贵阳,89.0
20170124,9,O3_8h,贵阳,58.0
20170124,9,O3_8h_24h,贵阳,83.0
20170124,9,CO,贵阳,0.94
20170124,9,CO_24h,贵阳,0.93
20170124,10,AQI,贵阳,74.0
20170124,10,PM2.5,贵阳,54.0
20170124,10,PM2.5_24h,贵阳,56.0
20170124,10,PM10,贵阳,69.0
20170124,10,PM10_24h,贵阳,79.0
20170124,10,SO2,贵阳,24.0
20170124,10,SO2_24h,贵阳,31.0
20170124,10,NO2,贵阳,54.0
20170124,10,NO2_24h,贵阳,35.0
20170124,10,O3,贵阳,19.0
20170124,10,O3_24h,贵阳,89.0
20170124,10,O3_8h,贵阳,51.0
20170124,10,O3_8h_24h,贵阳,83.0
20170124,10,CO,贵阳,1.13
20170124,10,CO_24h,贵阳,0.93
20170124,11,AQI,贵阳,84.0
20170124,11,PM2.5,贵阳,62.0
20170124,11,PM2.5_24h,贵阳,56.0
20170124,11,PM10,贵阳,78.0
20170124,11,PM10_24h,贵阳,78.0
20170124,11,SO2,贵阳,32.0
20170124,11,SO2_24h,贵阳,30.0
20170124,11,NO2,贵阳,55.0
20170124,11,NO2_24h,贵阳,35.0
20170124,11,O3,贵阳,21.0
20170124,11,O3_24h,贵阳,89.0
20170124,11,O3_8h,贵阳,45.0
20170124,11,O3_8h_24h,贵阳,83.0
20170124,11,CO,贵阳,1.21
20170124,11,CO_24h,贵阳,0.93
20170124,12,AQI,贵阳,95.0
20170124,12,PM2.5,贵阳,71.0
20170124,12,PM2.5_24h,贵阳,56.0
20170124,12,PM10,贵阳,89.0
20170124,12,PM10_24h,贵阳,77.0
20170124,12,SO2,贵阳,42.0
20170124,12,SO2_24h,贵阳,29.0
20170124,12,NO2,贵阳,58.0
20170124,12,NO2_24h,贵阳,34.0
20170124,12,O3,贵阳,21.0
20170124,12,O3_24h,贵阳,89.0
20170124,12,O3_8h,贵阳,40.0
20170124,12,O3_8h_24h,贵阳,83.0
20170124,12,CO,贵阳,1.31
20170124,12,CO_24h,贵阳,0.92
20170124,13,AQI,贵阳,100.0
20170124,13,PM2.5,贵阳,75.0
20170124,13,PM2.5_24h,贵阳,56.0
20170124,13,PM10,贵阳,99.0
20170124,13,PM10_24h,贵阳,77.0
20170124,13,SO2,贵阳,54.0
20170124,13,SO2_24h,贵阳,29.0
20170124,13,NO2,贵阳,58.0
20170124,13,NO2_24h,贵阳,35.0
20170124,13,O3,贵阳,31.0
20170124,13,O3_24h,贵阳,89.0
20170124,13,O3_8h,贵阳,36.0
20170124,13,O3_8h_24h,贵阳,83.0
20170124,13,CO,贵阳,1.3
20170124,13,CO_24h,贵阳,0.93
20170124,14,AQI,贵阳,106.0
20170124,14,PM2.5,贵阳,80.0
20170124,14,PM2.5_24h,贵阳,56.0
20170124,14,PM10,贵阳,110.0
20170124,14,PM10_24h,贵阳,76.0
20170124,14,SO2,贵阳,48.0
20170124,14,SO2_24h,贵阳,29.0
20170124,14,NO2,贵阳,49.0
20170124,14,NO2_24h,贵阳,35.0
20170124,14,O3,贵阳,60.0
20170124,14,O3_24h,贵阳,89.0
20170124,14,O3_8h,贵阳,36.0
20170124,14,O3_8h_24h,贵阳,83.0
20170124,14,CO,贵阳,1.14
20170124,14,CO_24h,贵阳,0.93
20170124,15,AQI,贵阳,100.0
20170124,15,PM2.5,贵阳,75.0
20170124,15,PM2.5_24h,贵阳,57.0
20170124,15,PM10,贵阳,110.0
20170124,15,PM10_24h,贵阳,77.0
20170124,15,SO2,贵阳,42.0
20170124,15,SO2_24h,贵阳,29.0
20170124,15,NO2,贵阳,46.0
20170124,15,NO2_24h,贵阳,35.0
20170124,15,O3,贵阳,72.0
20170124,15,O3_24h,贵阳,89.0
20170124,15,O3_8h,贵阳,37.0
20170124,15,O3_8h_24h,贵阳,83.0
20170124,15,CO,贵阳,1.11
20170124,15,CO_24h,贵阳,0.93
20170124,16,AQI,贵阳,105.0
20170124,16,PM2.5,贵阳,79.0
20170124,16,PM2.5_24h,贵阳,57.0
20170124,16,PM10,贵阳,114.0
20170124,16,PM10_24h,贵阳,78.0
20170124,16,SO2,贵阳,43.0
20170124,16,SO2_24h,贵阳,29.0
20170124,16,NO2,贵阳,48.0
20170124,16,NO2_24h,贵阳,36.0
20170124,16,O3,贵阳,72.0
20170124,16,O3_24h,贵阳,89.0
20170124,16,O3_8h,贵阳,40.0
20170124,16,O3_8h_24h,贵阳,83.0
20170124,16,CO,贵阳,1.14
20170124,16,CO_24h,贵阳,0.94
20170124,17,AQI,贵阳,113.0
20170124,17,PM2.5,贵阳,85.0
20170124,17,PM2.5_24h,贵阳,58.0
20170124,17,PM10,贵阳,120.0
20170124,17,PM10_24h,贵阳,80.0
20170124,17,SO2,贵阳,40.0
20170124,17,SO2_24h,贵阳,29.0
20170124,17,NO2,贵阳,48.0
20170124,17,NO2_24h,贵阳,36.0
20170124,17,O3,贵阳,60.0
20170124,17,O3_24h,贵阳,89.0
20170124,17,O3_8h,贵阳,45.0
20170124,17,O3_8h_24h,贵阳,83.0
20170124,17,CO,贵阳,1.13
20170124,17,CO_24h,贵阳,0.97
20170124,18,AQI,贵阳,110.0
20170124,18,PM2.5,贵阳,83.0
20170124,18,PM2.5_24h,贵阳,59.0
20170124,18,PM10,贵阳,117.0
20170124,18,PM10_24h,贵阳,81.0
20170124,18,SO2,贵阳,38.0
20170124,18,SO2_24h,贵阳,29.0
20170124,18,NO2,贵阳,37.0
20170124,18,NO2_24h,贵阳,36.0
20170124,18,O3,贵阳,56.0
20170124,18,O3_24h,贵阳,89.0
20170124,18,O3_8h,贵阳,49.0
20170124,18,O3_8h_24h,贵阳,83.0
20170124,18,CO,贵阳,0.97
20170124,18,CO_24h,贵阳,0.97
20170124,19,AQI,贵阳,108.0
20170124,19,PM2.5,贵阳,81.0
20170124,19,PM2.5_24h,贵阳,60.0
20170124,19,PM10,贵阳,109.0
20170124,19,PM10_24h,贵阳,82.0
20170124,19,SO2,贵阳,40.0
20170124,19,SO2_24h,贵阳,29.0
20170124,19,NO2,贵阳,30.0
20170124,19,NO2_24h,贵阳,36.0
20170124,19,O3,贵阳,57.0
20170124,19,O3_24h,贵阳,89.0
20170124,19,O3_8h,贵阳,54.0
20170124,19,O3_8h_24h,贵阳,83.0
20170124,19,CO,贵阳,0.89
20170124,19,CO_24h,贵阳,0.98
20170124,20,AQI,贵阳,109.0
20170124,20,PM2.5,贵阳,82.0
20170124,20,PM2.5_24h,贵阳,61.0
20170124,20,PM10,贵阳,112.0
20170124,20,PM10_24h,贵阳,84.0
20170124,20,SO2,贵阳,37.0
20170124,20,SO2_24h,贵阳,30.0
20170124,20,NO2,贵阳,30.0
20170124,20,NO2_24h,贵阳,35.0
20170124,20,O3,贵阳,60.0
20170124,20,O3_24h,贵阳,88.0
20170124,20,O3_8h,贵阳,59.0
20170124,20,O3_8h_24h,贵阳,83.0
20170124,20,CO,贵阳,0.88
20170124,20,CO_24h,贵阳,0.98
20170124,21,AQI,贵阳,105.0
20170124,21,PM2.5,贵阳,79.0
20170124,21,PM2.5_24h,贵阳,63.0
20170124,21,PM10,贵阳,110.0
20170124,21,PM10_24h,贵阳,85.0
20170124,21,SO2,贵阳,42.0
20170124,21,SO2_24h,贵阳,29.0
20170124,21,NO2,贵阳,27.0
20170124,21,NO2_24h,贵阳,35.0
20170124,21,O3,贵阳,63.0
20170124,21,O3_24h,贵阳,88.0
20170124,21,O3_8h,贵阳,63.0
20170124,21,O3_8h_24h,贵阳,83.0
20170124,21,CO,贵阳,0.88
20170124,21,CO_24h,贵阳,0.98
20170124,22,AQI,贵阳,100.0
20170124,22,PM2.5,贵阳,75.0
20170124,22,PM2.5_24h,贵阳,64.0
20170124,22,PM10,贵阳,110.0
20170124,22,PM10_24h,贵阳,87.0
20170124,22,SO2,贵阳,41.0
20170124,22,SO2_24h,贵阳,29.0
20170124,22,NO2,贵阳,25.0
20170124,22,NO2_24h,贵阳,34.0
20170124,22,O3,贵阳,67.0
20170124,22,O3_24h,贵阳,88.0
20170124,22,O3_8h,贵阳,63.0
20170124,22,O3_8h_24h,贵阳,83.0
20170124,22,CO,贵阳,0.88
20170124,22,CO_24h,贵阳,0.98
20170124,23,AQI,贵阳,94.0
20170124,23,PM2.5,贵阳,70.0
20170124,23,PM2.5_24h,贵阳,64.0
20170124,23,PM10,贵阳,102.0
20170124,23,PM10_24h,贵阳,88.0
20170124,23,SO2,贵阳,40.0
20170124,23,SO2_24h,贵阳,30.0
20170124,23,NO2,贵阳,24.0
20170124,23,NO2_24h,贵阳,34.0
20170124,23,O3,贵阳,69.0
20170124,23,O3_24h,贵阳,88.0
20170124,23,O3_8h,贵阳,63.0
20170124,23,O3_8h_24h,贵阳,83.0
20170124,23,CO,贵阳,0.86
20170124,23,CO_24h,贵阳,0.97
20170124,0,AQI,昆明,44.0
20170124,0,PM2.5,昆明,23.0
20170124,0,PM2.5_24h,昆明,23.0
20170124,0,PM10,昆明,44.0
20170124,0,PM10_24h,昆明,48.0
20170124,0,SO2,昆明,15.0
20170124,0,SO2_24h,昆明,13.0
20170124,0,NO2,昆明,28.0
20170124,0,NO2_24h,昆明,29.0
20170124,0,O3,昆明,44.0
20170124,0,O3_24h,昆明,92.0
20170124,0,O3_8h,昆明,61.0
20170124,0,O3_8h_24h,昆明,81.0
20170124,0,CO,昆明,1.18
20170124,0,CO_24h,昆明,0.98
20170124,1,AQI,昆明,39.0
20170124,1,PM2.5,昆明,23.0
20170124,1,PM2.5_24h,昆明,22.0
20170124,1,PM10,昆明,39.0
20170124,1,PM10_24h,昆明,47.0
20170124,1,SO2,昆明,19.0
20170124,1,SO2_24h,昆明,14.0
20170124,1,NO2,昆明,23.0
20170124,1,NO2_24h,昆明,28.0
20170124,1,O3,昆明,47.0
20170124,1,O3_24h,昆明,92.0
20170124,1,O3_8h,昆明,47.0
20170124,1,O3_8h_24h,昆明,47.0
20170124,1,CO,昆明,1.2
20170124,1,CO_24h,昆明,0.98
20170124,2,AQI,昆明,40.0
20170124,2,PM2.5,昆明,23.0
20170124,2,PM2.5_24h,昆明,22.0
20170124,2,PM10,昆明,40.0
20170124,2,PM10_24h,昆明,47.0
20170124,2,SO2,昆明,25.0
20170124,2,SO2_24h,昆明,14.0
20170124,2,NO2,昆明,24.0
20170124,2,NO2_24h,昆明,28.0
20170124,2,O3,昆明,43.0
20170124,2,O3_24h,昆明,92.0
20170124,2,O3_8h,昆明,45.0
20170124,2,O3_8h_24h,昆明,47.0
20170124,2,CO,昆明,1.2
20170124,2,CO_24h,昆明,0.98
20170124,3,AQI,昆明,43.0
20170124,3,PM2.5,昆明,23.0
20170124,3,PM2.5_24h,昆明,22.0
20170124,3,PM10,昆明,43.0
20170124,3,PM10_24h,昆明,46.0
20170124,3,SO2,昆明,25.0
20170124,3,SO2_24h,昆明,14.0
20170124,3,NO2,昆明,25.0
20170124,3,NO2_24h,昆明,27.0
20170124,3,O3,昆明,38.0
20170124,3,O3_24h,昆明,92.0
20170124,3,O3_8h,昆明,43.0
20170124,3,O3_8h_24h,昆明,47.0
20170124,3,CO,昆明,1.22
20170124,3,CO_24h,昆明,0.96
20170124,4,AQI,昆明,41.0
20170124,4,PM2.5,昆明,23.0
20170124,4,PM2.5_24h,昆明,21.0
20170124,4,PM10,昆明,41.0
20170124,4,PM10_24h,昆明,44.0
20170124,4,SO2,昆明,26.0
20170124,4,SO2_24h,昆明,15.0
20170124,4,NO2,昆明,24.0
20170124,4,NO2_24h,昆明,27.0
20170124,4,O3,昆明,35.0
20170124,4,O3_24h,昆明,92.0
20170124,4,O3_8h,昆明,41.0
20170124,4,O3_8h_24h,昆明,47.0
20170124,4,CO,昆明,1.12
20170124,4,CO_24h,昆明,0.98
20170124,5,AQI,昆明,42.0
20170124,5,PM2.5,昆明,23.0
20170124,5,PM2.5_24h,昆明,21.0
20170124,5,PM10,昆明,42.0
20170124,5,PM10_24h,昆明,44.0
20170124,5,SO2,昆明,26.0
20170124,5,SO2_24h,昆明,15.0
20170124,5,NO2,昆明,24.0
20170124,5,NO2_24h,昆明,26.0
20170124,5,O3,昆明,36.0
20170124,5,O3_24h,昆明,92.0
20170124,5,O3_8h,昆明,40.0
20170124,5,O3_8h_24h,昆明,47.0
20170124,5,CO,昆明,1.14
20170124,5,CO_24h,昆明,0.98
20170124,6,AQI,昆明,44.0
20170124,6,PM2.5,昆明,24.0
20170124,6,PM2.5_24h,昆明,21.0
20170124,6,PM10,昆明,44.0
20170124,6,PM10_24h,昆明,44.0
20170124,6,SO2,昆明,28.0
20170124,6,SO2_24h,昆明,16.0
20170124,6,NO2,昆明,26.0
20170124,6,NO2_24h,昆明,26.0
20170124,6,O3,昆明,32.0
20170124,6,O3_24h,昆明,92.0
20170124,6,O3_8h,昆明,38.0
20170124,6,O3_8h_24h,昆明,47.0
20170124,6,CO,昆明,1.16
20170124,6,CO_24h,昆明,1.0
20170124,7,AQI,昆明,44.0
20170124,7,PM2.5,昆明,25.0
20170124,7,PM2.5_24h,昆明,21.0
20170124,7,PM10,昆明,44.0
20170124,7,PM10_24h,昆明,43.0
20170124,7,SO2,昆明,22.0
20170124,7,SO2_24h,昆明,16.0
20170124,7,NO2,昆明,28.0
20170124,7,NO2_24h,昆明,26.0
20170124,7,O3,昆明,30.0
20170124,7,O3_24h,昆明,92.0
20170124,7,O3_8h,昆明,37.0
20170124,7,O3_8h_24h,昆明,47.0
20170124,7,CO,昆明,1.0
20170124,7,CO_24h,昆明,1.0
20170124,8,AQI,昆明,47.0
20170124,8,PM2.5,昆明,25.0
20170124,8,PM2.5_24h,昆明,20.0
20170124,8,PM10,昆明,47.0
20170124,8,PM10_24h,昆明,42.0
20170124,8,SO2,昆明,18.0
20170124,8,SO2_24h,昆明,17.0
20170124,8,NO2,昆明,38.0
20170124,8,NO2_24h,昆明,25.0
20170124,8,O3,昆明,21.0
20170124,8,O3_24h,昆明,92.0
20170124,8,O3_8h,昆明,35.0
20170124,8,O3_8h_24h,昆明,47.0
20170124,8,CO,昆明,1.04
20170124,8,CO_24h,昆明,0.98
20170124,9,AQI,昆明,51.0
20170124,9,PM2.5,昆明,27.0
20170124,9,PM2.5_24h,昆明,20.0
20170124,9,PM10,昆明,51.0
20170124,9,PM10_24h,昆明,42.0
20170124,9,SO2,昆明,21.0
20170124,9,SO2_24h,昆明,17.0
20170124,9,NO2,昆明,37.0
20170124,9,NO2_24h,昆明,25.0
20170124,9,O3,昆明,22.0
20170124,9,O3_24h,昆明,92.0
20170124,9,O3_8h,昆明,32.0
20170124,9,O3_8h_24h,昆明,47.0
20170124,9,CO,昆明,1.12
20170124,9,CO_24h,昆明,0.98
20170124,10,AQI,昆明,49.0
20170124,10,PM2.5,昆明,24.0
20170124,10,PM2.5_24h,昆明,20.0
20170124,10,PM10,昆明,49.0
20170124,10,PM10_24h,昆明,41.0
20170124,10,SO2,昆明,17.0
20170124,10,SO2_24h,昆明,17.0
20170124,10,NO2,昆明,29.0
20170124,10,NO2_24h,昆明,24.0
20170124,10,O3,昆明,38.0
20170124,10,O3_24h,昆明,92.0
20170124,10,O3_8h,昆明,31.0
20170124,10,O3_8h_24h,昆明,47.0
20170124,10,CO,昆明,1.04
20170124,10,CO_24h,昆明,0.96
20170124,11,AQI,昆明,33.0
20170124,11,PM2.5,昆明,23.0
20170124,11,PM2.5_24h,昆明,20.0
20170124,11,PM10,昆明,31.0
20170124,11,PM10_24h,昆明,41.0
20170124,11,SO2,昆明,17.0
20170124,11,SO2_24h,昆明,17.0
20170124,11,NO2,昆明,19.0
20170124,11,NO2_24h,昆明,24.0
20170124,11,O3,昆明,55.0
20170124,11,O3_24h,昆明,92.0
20170124,11,O3_8h,昆明,33.0
20170124,11,O3_8h_24h,昆明,47.0
20170124,11,CO,昆明,0.94
20170124,11,CO_24h,昆明,0.96
20170124,12,AQI,昆明,33.0
20170124,12,PM2.5,昆明,23.0
20170124,12,PM2.5_24h,昆明,20.0
20170124,12,PM10,昆明,30.0
20170124,12,PM10_24h,昆明,41.0
20170124,12,SO2,昆明,21.0
20170124,12,SO2_24h,昆明,18.0
20170124,12,NO2,昆明,18.0
20170124,12,NO2_24h,昆明,24.0
20170124,12,O3,昆明,65.0
20170124,12,O3_24h,昆明,92.0
20170124,12,O3_8h,昆明,37.0
20170124,12,O3_8h_24h,昆明,47.0
20170124,12,CO,昆明,0.86
20170124,12,CO_24h,昆明,0.96
20170124,13,AQI,昆明,33.0
20170124,13,PM2.5,昆明,17.0
20170124,13,PM2.5_24h,昆明,20.0
20170124,13,PM10,昆明,33.0
20170124,13,PM10_24h,昆明,41.0
20170124,13,SO2,昆明,13.0
20170124,13,SO2_24h,昆明,18.0
20170124,13,NO2,昆明,11.0
20170124,13,NO2_24h,昆明,24.0
20170124,13,O3,昆明,82.0
20170124,13,O3_24h,昆明,92.0
20170124,13,O3_8h,昆明,43.0
20170124,13,O3_8h_24h,昆明,49.0
20170124,13,CO,昆明,0.7
20170124,13,CO_24h,昆明,0.96
20170124,14,AQI,昆明,26.0
20170124,14,PM2.5,昆明,13.0
20170124,14,PM2.5_24h,昆明,19.0
20170124,14,PM10,昆明,22.0
20170124,14,PM10_24h,昆明,41.0
20170124,14,SO2,昆明,10.0
20170124,14,SO2_24h,昆明,18.0
20170124,14,NO2,昆明,10.0
20170124,14,NO2_24h,昆明,24.0
20170124,14,O3,昆明,84.0
20170124,14,O3_24h,昆明,92.0
20170124,14,O3_8h,昆明,50.0
20170124,14,O3_8h_24h,昆明,52.0
20170124,14,CO,昆明,0.64
20170124,14,CO_24h,昆明,0.96
20170124,15,AQI,昆明,27.0
20170124,15,PM2.5,昆明,11.0
20170124,15,PM2.5_24h,昆明,19.0
20170124,15,PM10,昆明,19.0
20170124,15,PM10_24h,昆明,40.0
20170124,15,SO2,昆明,8.0
20170124,15,SO2_24h,昆明,17.0
20170124,15,NO2,昆明,10.0
20170124,15,NO2_24h,昆明,23.0
20170124,15,O3,昆明,85.0
20170124,15,O3_24h,昆明,99.0
20170124,15,O3_8h,昆明,57.0
20170124,15,O3_8h_24h,昆明,58.0
20170124,15,CO,昆明,0.6
20170124,15,CO_24h,昆明,0.96
20170124,16,AQI,昆明,24.0
20170124,16,PM2.5,昆明,10.0
20170124,16,PM2.5_24h,昆明,20.0
20170124,16,PM10,昆明,22.0
20170124,16,PM10_24h,昆明,39.0
20170124,16,SO2,昆明,7.0
20170124,16,SO2_24h,昆明,17.0
20170124,16,NO2,昆明,11.0
20170124,16,NO2_24h,昆明,23.0
20170124,16,O3,昆明,78.0
20170124,16,O3_24h,昆明,96.0
20170124,16,O3_8h,昆明,63.0
20170124,16,O3_8h_24h,昆明,64.0
20170124,16,CO,昆明,0.6
20170124,16,CO_24h,昆明,0.96
20170124,17,AQI,昆明,25.0
20170124,17,PM2.5,昆明,10.0
20170124,17,PM2.5_24h,昆明,19.0
20170124,17,PM10,昆明,21.0
20170124,17,PM10_24h,昆明,39.0
20170124,17,SO2,昆明,8.0
20170124,17,SO2_24h,昆明,17.0
20170124,17,NO2,昆明,12.0
20170124,17,NO2_24h,昆明,23.0
20170124,17,O3,昆明,80.0
20170124,17,O3_24h,昆明,94.0
20170124,17,O3_8h,昆明,71.0
20170124,17,O3_8h_24h,昆明,71.0
20170124,17,CO,昆明,0.6
20170124,17,CO_24h,昆明,0.94
20170124,18,AQI,昆明,27.0
20170124,18,PM2.5,昆明,10.0
20170124,18,PM2.5_24h,昆明,19.0
20170124,18,PM10,昆明,27.0
20170124,18,PM10_24h,昆明,39.0
20170124,18,SO2,昆明,7.0
20170124,18,SO2_24h,昆明,17.0
20170124,18,NO2,昆明,15.0
20170124,18,NO2_24h,昆明,23.0
20170124,18,O3,昆明,77.0
20170124,18,O3_24h,昆明,94.0
20170124,18,O3_8h,昆明,76.0
20170124,18,O3_8h_24h,昆明,76.0
20170124,18,CO,昆明,0.64
20170124,18,CO_24h,昆明,0.94
20170124,19,AQI,昆明,39.0
20170124,19,PM2.5,昆明,13.0
20170124,19,PM2.5_24h,昆明,20.0
20170124,19,PM10,昆明,39.0
20170124,19,PM10_24h,昆明,38.0
20170124,19,SO2,昆明,8.0
20170124,19,SO2_24h,昆明,16.0
20170124,19,NO2,昆明,20.0
20170124,19,NO2_24h,昆明,23.0
20170124,19,O3,昆明,71.0
20170124,19,O3_24h,昆明,94.0
20170124,19,O3_8h,昆明,78.0
20170124,19,O3_8h_24h,昆明,78.0
20170124,19,CO,昆明,0.68
20170124,19,CO_24h,昆明,0.92
20170124,20,AQI,昆明,40.0
20170124,20,PM2.5,昆明,16.0
20170124,20,PM2.5_24h,昆明,20.0
20170124,20,PM10,昆明,40.0
20170124,20,PM10_24h,昆明,38.0
20170124,20,SO2,昆明,10.0
20170124,20,SO2_24h,昆明,16.0
20170124,20,NO2,昆明,33.0
20170124,20,NO2_24h,昆明,23.0
20170124,20,O3,昆明,54.0
20170124,20,O3_24h,昆明,94.0
20170124,20,O3_8h,昆明,77.0
20170124,20,O3_8h_24h,昆明,78.0
20170124,20,CO,昆明,0.78
20170124,20,CO_24h,昆明,0.92
20170124,21,AQI,昆明,51.0
20170124,21,PM2.5,昆明,21.0
20170124,21,PM2.5_24h,昆明,20.0
20170124,21,PM10,昆明,51.0
20170124,21,PM10_24h,昆明,38.0
20170124,21,SO2,昆明,15.0
20170124,21,SO2_24h,昆明,16.0
20170124,21,NO2,昆明,42.0
20170124,21,NO2_24h,昆明,24.0
20170124,21,O3,昆明,41.0
20170124,21,O3_24h,昆明,94.0
20170124,21,O3_8h,昆明,71.0
20170124,21,O3_8h_24h,昆明,78.0
20170124,21,CO,昆明,0.86
20170124,21,CO_24h,昆明,0.92
20170124,22,AQI,昆明,57.0
20170124,22,PM2.5,昆明,26.0
20170124,22,PM2.5_24h,昆明,20.0
20170124,22,PM10,昆明,63.0
20170124,22,PM10_24h,昆明,39.0
20170124,22,SO2,昆明,14.0
20170124,22,SO2_24h,昆明,16.0
20170124,22,NO2,昆明,53.0
20170124,22,NO2_24h,昆明,25.0
20170124,22,O3,昆明,27.0
20170124,22,O3_24h,昆明,94.0
20170124,22,O3_8h,昆明,64.0
20170124,22,O3_8h_24h,昆明,78.0
20170124,22,CO,昆明,0.98
20170124,22,CO_24h,昆明,0.96
20170124,23,AQI,昆明,55.0
20170124,23,PM2.5,昆明,27.0
20170124,23,PM2.5_24h,昆明,20.0
20170124,23,PM10,昆明,60.0
20170124,23,PM10_24h,昆明,40.0
20170124,23,SO2,昆明,13.0
20170124,23,SO2_24h,昆明,16.0
20170124,23,NO2,昆明,48.0
20170124,23,NO2_24h,昆明,25.0
20170124,23,O3,昆明,27.0
20170124,23,O3_24h,昆明,94.0
20170124,23,O3_8h,昆明,57.0
20170124,23,O3_8h_24h,昆明,78.0
20170124,23,CO,昆明,1.0
20170124,23,CO_24h,昆明,0.94
20170124,0,AQI,拉萨,30.0
20170124,0,PM2.5,拉萨,11.0
20170124,0,PM2.5_24h,拉萨,16.0
20170124,0,PM10,拉萨,30.0
20170124,0,PM10_24h,拉萨,50.0
20170124,0,SO2,拉萨,4.0
20170124,0,SO2_24h,拉萨,6.0
20170124,0,NO2,拉萨,11.0
20170124,0,NO2_24h,拉萨,17.0
20170124,0,O3,拉萨,80.0
20170124,0,O3_24h,拉萨,92.0
20170124,0,O3_8h,拉萨,82.0
20170124,0,O3_8h_24h,拉萨,86.0
20170124,0,CO,拉萨,0.57
20170124,0,CO_24h,拉萨,0.67
20170124,1,AQI,拉萨,27.0
20170124,1,PM2.5,拉萨,10.0
20170124,1,PM2.5_24h,拉萨,16.0
20170124,1,PM10,拉萨,27.0
20170124,1,PM10_24h,拉萨,45.0
20170124,1,SO2,拉萨,4.0
20170124,1,SO2_24h,拉萨,6.0
20170124,1,NO2,拉萨,15.0
20170124,1,NO2_24h,拉萨,18.0
20170124,1,O3,拉萨,77.0
20170124,1,O3_24h,拉萨,92.0
20170124,1,O3_8h,拉萨,77.0
20170124,1,O3_8h_24h,拉萨,77.0
20170124,1,CO,拉萨,0.63
20170124,1,CO_24h,拉萨,0.67
20170124,2,AQI,拉萨,29.0
20170124,2,PM2.5,拉萨,12.0
20170124,2,PM2.5_24h,拉萨,15.0
20170124,2,PM10,拉萨,29.0
20170124,2,PM10_24h,拉萨,42.0
20170124,2,SO2,拉萨,5.0
20170124,2,SO2_24h,拉萨,6.0
20170124,2,NO2,拉萨,21.0
20170124,2,NO2_24h,拉萨,18.0
20170124,2,O3,拉萨,68.0
20170124,2,O3_24h,拉萨,92.0
20170124,2,O3_8h,拉萨,73.0
20170124,2,O3_8h_24h,拉萨,77.0
20170124,2,CO,拉萨,0.8
20170124,2,CO_24h,拉萨,0.65
20170124,3,AQI,拉萨,23.0
20170124,3,PM2.5,拉萨,11.0
20170124,3,PM2.5_24h,拉萨,15.0
20170124,3,PM10,拉萨,23.0
20170124,3,PM10_24h,拉萨,41.0
20170124,3,SO2,拉萨,4.0
20170124,3,SO2_24h,拉萨,6.0
20170124,3,NO2,拉萨,19.0
20170124,3,NO2_24h,拉萨,19.0
20170124,3,O3,拉萨,63.0
20170124,3,O3_24h,拉萨,92.0
20170124,3,O3_8h,拉萨,69.0
20170124,3,O3_8h_24h,拉萨,77.0
20170124,3,CO,拉萨,0.72
20170124,3,CO_24h,拉萨,0.67
20170124,4,AQI,拉萨,23.0
20170124,4,PM2.5,拉萨,10.0
20170124,4,PM2.5_24h,拉萨,15.0
20170124,4,PM10,拉萨,23.0
20170124,4,PM10_24h,拉萨,40.0
20170124,4,SO2,拉萨,4.0
20170124,4,SO2_24h,拉萨,6.0
20170124,4,NO2,拉萨,18.0
20170124,4,NO2_24h,拉萨,19.0
20170124,4,O3,拉萨,61.0
20170124,4,O3_24h,拉萨,92.0
20170124,4,O3_8h,拉萨,67.0
20170124,4,O3_8h_24h,拉萨,78.0
20170124,4,CO,拉萨,0.65
20170124,4,CO_24h,拉萨,0.67
20170124,5,AQI,拉萨,18.0
20170124,5,PM2.5,拉萨,8.0
20170124,5,PM2.5_24h,拉萨,15.0
20170124,5,PM10,拉萨,18.0
20170124,5,PM10_24h,拉萨,39.0
20170124,5,SO2,拉萨,5.0
20170124,5,SO2_24h,拉萨,6.0
20170124,5,NO2,拉萨,24.0
20170124,5,NO2_24h,拉萨,20.0
20170124,5,O3,拉萨,50.0
20170124,5,O3_24h,拉萨,92.0
20170124,5,O3_8h,拉萨,64.0
20170124,5,O3_8h_24h,拉萨,78.0
20170124,5,CO,拉萨,0.8
20170124,5,CO_24h,拉萨,0.67
20170124,6,AQI,拉萨,23.0
20170124,6,PM2.5,拉萨,10.0
20170124,6,PM2.5_24h,拉萨,15.0
20170124,6,PM10,拉萨,23.0
20170124,6,PM10_24h,拉萨,39.0
20170124,6,SO2,拉萨,5.0
20170124,6,SO2_24h,拉萨,6.0
20170124,6,NO2,拉萨,19.0
20170124,6,NO2_24h,拉萨,20.0
20170124,6,O3,拉萨,53.0
20170124,6,O3_24h,拉萨,92.0
20170124,6,O3_8h,拉萨,62.0
20170124,6,O3_8h_24h,拉萨,78.0
20170124,6,CO,拉萨,0.7
20170124,6,CO_24h,拉萨,0.67
20170124,7,AQI,拉萨,21.0
20170124,7,PM2.5,拉萨,8.0
20170124,7,PM2.5_24h,拉萨,15.0
20170124,7,PM10,拉萨,21.0
20170124,7,PM10_24h,拉萨,39.0
20170124,7,SO2,拉萨,5.0
20170124,7,SO2_24h,拉萨,6.0
20170124,7,NO2,拉萨,19.0
20170124,7,NO2_24h,拉萨,20.0
20170124,7,O3,拉萨,52.0
20170124,7,O3_24h,拉萨,92.0
20170124,7,O3_8h,拉萨,61.0
20170124,7,O3_8h_24h,拉萨,78.0
20170124,7,CO,拉萨,0.62
20170124,7,CO_24h,拉萨,0.67
20170124,8,AQI,拉萨,24.0
20170124,8,PM2.5,拉萨,15.0
20170124,8,PM2.5_24h,拉萨,15.0
20170124,8,PM10,拉萨,24.0
20170124,8,PM10_24h,拉萨,39.0
20170124,8,SO2,拉萨,6.0
20170124,8,SO2_24h,拉萨,6.0
20170124,8,NO2,拉萨,29.0
20170124,8,NO2_24h,拉萨,19.0
20170124,8,O3,拉萨,42.0
20170124,8,O3_24h,拉萨,92.0
20170124,8,O3_8h,拉萨,58.0
20170124,8,O3_8h_24h,拉萨,78.0
20170124,8,CO,拉萨,0.72
20170124,8,CO_24h,拉萨,0.68
20170124,9,AQI,拉萨,37.0
20170124,9,PM2.5,拉萨,16.0
20170124,9,PM2.5_24h,拉萨,15.0
20170124,9,PM10,拉萨,37.0
20170124,9,PM10_24h,拉萨,38.0
20170124,9,SO2,拉萨,7.0
20170124,9,SO2_24h,拉萨,6.0
20170124,9,NO2,拉萨,36.0
20170124,9,NO2_24h,拉萨,19.0
20170124,9,O3,拉萨,36.0
20170124,9,O3_24h,拉萨,92.0
20170124,9,O3_8h,拉萨,53.0
20170124,9,O3_8h_24h,拉萨,78.0
20170124,9,CO,拉萨,0.77
20170124,9,CO_24h,拉萨,0.67
20170124,10,AQI,拉萨,53.0
20170124,10,PM2.5,拉萨,24.0
20170124,10,PM2.5_24h,拉萨,14.0
20170124,10,PM10,拉萨,56.0
20170124,10,PM10_24h,拉萨,37.0
20170124,10,SO2,拉萨,8.0
20170124,10,SO2_24h,拉萨,5.0
20170124,10,NO2,拉萨,38.0
20170124,10,NO2_24h,拉萨,18.0
20170124,10,O3,拉萨,38.0
20170124,10,O3_24h,拉萨,92.0
20170124,10,O3_8h,拉萨,49.0
20170124,10,O3_8h_24h,拉萨,78.0
20170124,10,CO,拉萨,0.85
20170124,10,CO_24h,拉萨,0.63
20170124,11,AQI,拉萨,57.0
20170124,11,PM2.5,拉萨,31.0
20170124,11,PM2.5_24h,拉萨,14.0
20170124,11,PM10,拉萨,64.0
20170124,11,PM10_24h,拉萨,35.0
20170124,11,SO2,拉萨,7.0
20170124,11,SO2_24h,拉萨,5.0
20170124,11,NO2,拉萨,27.0
20170124,11,NO2_24h,拉萨,18.0
20170124,11,O3,拉萨,51.0
20170124,11,O3_24h,拉萨,92.0
20170124,11,O3_8h,拉萨,48.0
20170124,11,O3_8h_24h,拉萨,78.0
20170124,11,CO,拉萨,0.8
20170124,11,CO_24h,拉萨,0.63
20170124,12,AQI,拉萨,57.0
20170124,12,PM2.5,拉萨,31.0
20170124,12,PM2.5_24h,拉萨,14.0
20170124,12,PM10,拉萨,64.0
20170124,12,PM10_24h,拉萨,35.0
20170124,12,SO2,拉萨,6.0
20170124,12,SO2_24h,拉萨,5.0
20170124,12,NO2,拉萨,24.0
20170124,12,NO2_24h,拉萨,18.0
20170124,12,O3,拉萨,60.0
20170124,12,O3_24h,拉萨,92.0
20170124,12,O3_8h,拉萨,48.0
20170124,12,O3_8h_24h,拉萨,78.0
20170124,12,CO,拉萨,0.73
20170124,12,CO_24h,拉萨,0.65
20170124,13,AQI,拉萨,59.0
20170124,13,PM2.5,拉萨,34.0
20170124,13,PM2.5_24h,拉萨,14.0
20170124,13,PM10,拉萨,67.0
20170124,13,PM10_24h,拉萨,35.0
20170124,13,SO2,拉萨,6.0
20170124,13,SO2_24h,拉萨,5.0
20170124,13,NO2,拉萨,17.0
20170124,13,NO2_24h,拉萨,18.0
20170124,13,O3,拉萨,72.0
20170124,13,O3_24h,拉萨,92.0
20170124,13,O3_8h,拉萨,50.0
20170124,13,O3_8h_24h,拉萨,78.0
20170124,13,CO,拉萨,0.67
20170124,13,CO_24h,拉萨,0.65
20170124,14,AQI,拉萨,40.0
20170124,14,PM2.5,拉萨,19.0
20170124,14,PM2.5_24h,拉萨,15.0
20170124,14,PM10,拉萨,40.0
20170124,14,PM10_24h,拉萨,35.0
20170124,14,SO2,拉萨,6.0
20170124,14,SO2_24h,拉萨,5.0
20170124,14,NO2,拉萨,13.0
20170124,14,NO2_24h,拉萨,18.0
20170124,14,O3,拉萨,82.0
20170124,14,O3_24h,拉萨,92.0
20170124,14,O3_8h,拉萨,54.0
20170124,14,O3_8h_24h,拉萨,78.0
20170124,14,CO,拉萨,0.62
20170124,14,CO_24h,拉萨,0.65
20170124,15,AQI,拉萨,30.0
20170124,15,PM2.5,拉萨,11.0
20170124,15,PM2.5_24h,拉萨,15.0
20170124,15,PM10,拉萨,30.0
20170124,15,PM10_24h,拉萨,35.0
20170124,15,SO2,拉萨,5.0
20170124,15,SO2_24h,拉萨,5.0
20170124,15,NO2,拉萨,10.0
20170124,15,NO2_24h,拉萨,18.0
20170124,15,O3,拉萨,82.0
20170124,15,O3_24h,拉萨,92.0
20170124,15,O3_8h,拉萨,58.0
20170124,15,O3_8h_24h,拉萨,79.0
20170124,15,CO,拉萨,0.57
20170124,15,CO_24h,拉萨,0.65
20170124,16,AQI,拉萨,27.0
20170124,16,PM2.5,拉萨,8.0
20170124,16,PM2.5_24h,拉萨,15.0
20170124,16,PM10,拉萨,27.0
20170124,16,PM10_24h,拉萨,35.0
20170124,16,SO2,拉萨,5.0
20170124,16,SO2_24h,拉萨,5.0
20170124,16,NO2,拉萨,11.0
20170124,16,NO2_24h,拉萨,19.0
20170124,16,O3,拉萨,83.0
20170124,16,O3_24h,拉萨,92.0
20170124,16,O3_8h,拉萨,63.0
20170124,16,O3_8h_24h,拉萨,80.0
20170124,16,CO,拉萨,0.57
20170124,16,CO_24h,拉萨,0.65
20170124,17,AQI,拉萨,27.0
20170124,17,PM2.5,拉萨,10.0
20170124,17,PM2.5_24h,拉萨,15.0
20170124,17,PM10,拉萨,24.0
20170124,17,PM10_24h,拉萨,34.0
20170124,17,SO2,拉萨,5.0
20170124,17,SO2_24h,拉萨,5.0
20170124,17,NO2,拉萨,11.0
20170124,17,NO2_24h,拉萨,19.0
20170124,17,O3,拉萨,86.0
20170124,17,O3_24h,拉萨,90.0
20170124,17,O3_8h,拉萨,69.0
20170124,17,O3_8h_24h,拉萨,81.0
20170124,17,CO,拉萨,0.6
20170124,17,CO_24h,拉萨,0.65
20170124,18,AQI,拉萨,27.0
20170124,18,PM2.5,拉萨,11.0
20170124,18,PM2.5_24h,拉萨,15.0
20170124,18,PM10,拉萨,26.0
20170124,18,PM10_24h,拉萨,34.0
20170124,18,SO2,拉萨,5.0
20170124,18,SO2_24h,拉萨,5.0
20170124,18,NO2,拉萨,10.0
20170124,18,NO2_24h,拉萨,19.0
20170124,18,O3,拉萨,87.0
20170124,18,O3_24h,拉萨,90.0
20170124,18,O3_8h,拉萨,75.0
20170124,18,O3_8h_24h,拉萨,83.0
20170124,18,CO,拉萨,0.53
20170124,18,CO_24h,拉萨,0.65
20170124,19,AQI,拉萨,26.0
20170124,19,PM2.5,拉萨,10.0
20170124,19,PM2.5_24h,拉萨,15.0
20170124,19,PM10,拉萨,22.0
20170124,19,PM10_24h,拉萨,34.0
20170124,19,SO2,拉萨,5.0
20170124,19,SO2_24h,拉萨,5.0
20170124,19,NO2,拉萨,14.0
20170124,19,NO2_24h,拉萨,19.0
20170124,19,O3,拉萨,83.0
20170124,19,O3_24h,拉萨,89.0
20170124,19,O3_8h,拉萨,79.0
20170124,19,O3_8h_24h,拉萨,85.0
20170124,19,CO,拉萨,0.58
20170124,19,CO_24h,拉萨,0.67
20170124,20,AQI,拉萨,41.0
20170124,20,PM2.5,拉萨,17.0
20170124,20,PM2.5_24h,拉萨,15.0
20170124,20,PM10,拉萨,41.0
20170124,20,PM10_24h,拉萨,34.0
20170124,20,SO2,拉萨,9.0
20170124,20,SO2_24h,拉萨,5.0
20170124,20,NO2,拉萨,39.0
20170124,20,NO2_24h,拉萨,20.0
20170124,20,O3,拉萨,59.0
20170124,20,O3_24h,拉萨,89.0
20170124,20,O3_8h,拉萨,79.0
20170124,20,O3_8h_24h,拉萨,85.0
20170124,20,CO,拉萨,0.95
20170124,20,CO_24h,拉萨,0.68
20170124,21,AQI,拉萨,68.0
20170124,21,PM2.5,拉萨,37.0
20170124,21,PM2.5_24h,拉萨,16.0
20170124,21,PM10,拉萨,86.0
20170124,21,PM10_24h,拉萨,36.0
20170124,21,SO2,拉萨,10.0
20170124,21,SO2_24h,拉萨,5.0
20170124,21,NO2,拉萨,50.0
20170124,21,NO2_24h,拉萨,21.0
20170124,21,O3,拉萨,45.0
20170124,21,O3_24h,拉萨,89.0
20170124,21,O3_8h,拉萨,76.0
20170124,21,O3_8h_24h,拉萨,85.0
20170124,21,CO,拉萨,1.15
20170124,21,CO_24h,拉萨,0.7
20170124,22,AQI,拉萨,70.0
20170124,22,PM2.5,拉萨,44.0
20170124,22,PM2.5_24h,拉萨,17.0
20170124,22,PM10,拉萨,90.0
20170124,22,PM10_24h,拉萨,39.0
20170124,22,SO2,拉萨,9.0
20170124,22,SO2_24h,拉萨,6.0
20170124,22,NO2,拉萨,51.0
20170124,22,NO2_24h,拉萨,23.0
20170124,22,O3,拉萨,39.0
20170124,22,O3_24h,拉萨,89.0
20170124,22,O3_8h,拉萨,71.0
20170124,22,O3_8h_24h,拉萨,85.0
20170124,22,CO,拉萨,1.23
20170124,22,CO_24h,拉萨,0.72
20170124,23,AQI,拉萨,75.0
20170124,23,PM2.5,拉萨,51.0
20170124,23,PM2.5_24h,拉萨,18.0
20170124,23,PM10,拉萨,99.0
20170124,23,PM10_24h,拉萨,41.0
20170124,23,SO2,拉萨,10.0
20170124,23,SO2_24h,拉萨,6.0
20170124,23,NO2,拉萨,50.0
20170124,23,NO2_24h,拉萨,24.0
20170124,23,O3,拉萨,35.0
20170124,23,O3_24h,拉萨,89.0
20170124,23,O3_8h,拉萨,64.0
20170124,23,O3_8h_24h,拉萨,85.0
20170124,23,CO,拉萨,1.4
20170124,23,CO_24h,拉萨,0.77
20170124,0,AQI,西安,335.0
20170124,0,PM2.5,西安,285.0
20170124,0,PM2.5_24h,西安,206.0
20170124,0,PM10,西安,348.0
20170124,0,PM10_24h,西安,281.0
20170124,0,SO2,西安,51.0
20170124,0,SO2_24h,西安,51.0
20170124,0,NO2,西安,107.0
20170124,0,NO2_24h,西安,96.0
20170124,0,O3,西安,10.0
20170124,0,O3_24h,西安,66.0
20170124,0,O3_8h,西安,27.0
20170124,0,O3_8h_24h,西安,49.0
20170124,0,CO,西安,3.9
20170124,0,CO_24h,西安,3.09
20170124,1,AQI,西安,347.0
20170124,1,PM2.5,西安,297.0
20170124,1,PM2.5_24h,西安,210.0
20170124,1,PM10,西安,376.0
20170124,1,PM10_24h,西安,285.0
20170124,1,SO2,西安,51.0
20170124,1,SO2_24h,西安,52.0
20170124,1,NO2,西安,109.0
20170124,1,NO2_24h,西安,96.0
20170124,1,O3,西安,11.0
20170124,1,O3_24h,西安,66.0
20170124,1,O3_8h,西安,11.0
20170124,1,O3_8h_24h,西安,11.0
20170124,1,CO,西安,4.03
20170124,1,CO_24h,西安,3.12
20170124,2,AQI,西安,347.0
20170124,2,PM2.5,西安,297.0
20170124,2,PM2.5_24h,西安,213.0
20170124,2,PM10,西安,370.0
20170124,2,PM10_24h,西安,289.0
20170124,2,SO2,西安,48.0
20170124,2,SO2_24h,西安,52.0
20170124,2,NO2,西安,110.0
20170124,2,NO2_24h,西安,97.0
20170124,2,O3,西安,11.0
20170124,2,O3_24h,西安,66.0
20170124,2,O3_8h,西安,11.0
20170124,2,O3_8h_24h,西安,11.0
20170124,2,CO,西安,3.99
20170124,2,CO_24h,西安,3.14
20170124,3,AQI,西安,339.0
20170124,3,PM2.5,西安,289.0
20170124,3,PM2.5_24h,西安,217.0
20170124,3,PM10,西安,357.0
20170124,3,PM10_24h,西安,291.0
20170124,3,SO2,西安,46.0
20170124,3,SO2_24h,西安,52.0
20170124,3,NO2,西安,104.0
20170124,3,NO2_24h,西安,98.0
20170124,3,O3,西安,11.0
20170124,3,O3_24h,西安,66.0
20170124,3,O3_8h,西安,11.0
20170124,3,O3_8h_24h,西安,11.0
20170124,3,CO,西安,3.63
20170124,3,CO_24h,西安,3.19
20170124,4,AQI,西安,340.0
20170124,4,PM2.5,西安,290.0
20170124,4,PM2.5_24h,西安,220.0
20170124,4,PM10,西安,355.0
20170124,4,PM10_24h,西安,294.0
20170124,4,SO2,西安,48.0
20170124,4,SO2_24h,西安,53.0
20170124,4,NO2,西安,98.0
20170124,4,NO2_24h,西安,98.0
20170124,4,O3,西安,12.0
20170124,4,O3_24h,西安,66.0
20170124,4,O3_8h,西安,11.0
20170124,4,O3_8h_24h,西安,12.0
20170124,4,CO,西安,3.52
20170124,4,CO_24h,西安,3.2
20170124,5,AQI,西安,336.0
20170124,5,PM2.5,西安,286.0
20170124,5,PM2.5_24h,西安,223.0
20170124,5,PM10,西安,378.0
20170124,5,PM10_24h,西安,297.0
20170124,5,SO2,西安,47.0
20170124,5,SO2_24h,西安,53.0
20170124,5,NO2,西安,93.0
20170124,5,NO2_24h,西安,99.0
20170124,5,O3,西安,12.0
20170124,5,O3_24h,西安,66.0
20170124,5,O3_8h,西安,11.0
20170124,5,O3_8h_24h,西安,12.0
20170124,5,CO,西安,3.29
20170124,5,CO_24h,西安,3.22
20170124,6,AQI,西安,331.0
20170124,6,PM2.5,西安,281.0
20170124,6,PM2.5_24h,西安,227.0
20170124,6,PM10,西安,363.0
20170124,6,PM10_24h,西安,299.0
20170124,6,SO2,西安,44.0
20170124,6,SO2_24h,西安,54.0
20170124,6,NO2,西安,90.0
20170124,6,NO2_24h,西安,99.0
20170124,6,O3,西安,12.0
20170124,6,O3_24h,西安,66.0
20170124,6,O3_8h,西安,12.0
20170124,6,O3_8h_24h,西安,12.0
20170124,6,CO,西安,3.27
20170124,6,CO_24h,西安,3.22
20170124,7,AQI,西安,329.0
20170124,7,PM2.5,西安,279.0
20170124,7,PM2.5_24h,西安,230.0
20170124,7,PM10,西安,351.0
20170124,7,PM10_24h,西安,302.0
20170124,7,SO2,西安,42.0
20170124,7,SO2_24h,西安,54.0
20170124,7,NO2,西安,92.0
20170124,7,NO2_24h,西安,100.0
20170124,7,O3,西安,11.0
20170124,7,O3_24h,西安,66.0
20170124,7,O3_8h,西安,11.0
20170124,7,O3_8h_24h,西安,12.0
20170124,7,CO,西安,3.4
20170124,7,CO_24h,西安,3.23
20170124,8,AQI,西安,326.0
20170124,8,PM2.5,西安,276.0
20170124,8,PM2.5_24h,西安,234.0
20170124,8,PM10,西安,344.0
20170124,8,PM10_24h,西安,306.0
20170124,8,SO2,西安,43.0
20170124,8,SO2_24h,西安,54.0
20170124,8,NO2,西安,92.0
20170124,8,NO2_24h,西安,100.0
20170124,8,O3,西安,11.0
20170124,8,O3_24h,西安,66.0
20170124,8,O3_8h,西安,11.0
20170124,8,O3_8h_24h,西安,12.0
20170124,8,CO,西安,3.58
20170124,8,CO_24h,西安,3.25
20170124,9,AQI,西安,320.0
20170124,9,PM2.5,西安,270.0
20170124,9,PM2.5_24h,西安,236.0
20170124,9,PM10,西安,343.0
20170124,9,PM10_24h,西安,309.0
20170124,9,SO2,西安,50.0
20170124,9,SO2_24h,西安,54.0
20170124,9,NO2,西安,91.0
20170124,9,NO2_24h,西安,101.0
20170124,9,O3,西安,11.0
20170124,9,O3_24h,西安,66.0
20170124,9,O3_8h,西安,11.0
20170124,9,O3_8h_24h,西安,12.0
20170124,9,CO,西安,3.82
20170124,9,CO_24h,西安,3.27
20170124,10,AQI,西安,314.0
20170124,10,PM2.5,西安,264.0
20170124,10,PM2.5_24h,西安,239.0
20170124,10,PM10,西安,341.0
20170124,10,PM10_24h,西安,311.0
20170124,10,SO2,西安,56.0
20170124,10,SO2_24h,西安,55.0
20170124,10,NO2,西安,85.0
20170124,10,NO2_24h,西安,101.0
20170124,10,O3,西安,13.0
20170124,10,O3_24h,西安,66.0
20170124,10,O3_8h,西安,12.0
20170124,10,O3_8h_24h,西安,13.0
20170124,10,CO,西安,3.68
20170124,10,CO_24h,西安,3.28
20170124,11,AQI,西安,318.0
20170124,11,PM2.5,西安,268.0
20170124,11,PM2.5_24h,西安,241.0
20170124,11,PM10,西安,333.0
20170124,11,PM10_24h,西安,312.0
20170124,11,SO2,西安,62.0
20170124,11,SO2_24h,西安,55.0
20170124,11,NO2,西安,85.0
20170124,11,NO2_24h,西安,101.0
20170124,11,O3,西安,15.0
20170124,11,O3_24h,西安,66.0
20170124,11,O3_8h,西安,12.0
20170124,11,O3_8h_24h,西安,13.0
20170124,11,CO,西安,3.59
20170124,11,CO_24h,西安,3.31
20170124,12,AQI,西安,330.0
20170124,12,PM2.5,西安,280.0
20170124,12,PM2.5_24h,西安,243.0
20170124,12,PM10,西安,337.0
20170124,12,PM10_24h,西安,314.0
20170124,12,SO2,西安,59.0
20170124,12,SO2_24h,西安,55.0
20170124,12,NO2,西安,89.0
20170124,12,NO2_24h,西安,100.0
20170124,12,O3,西安,17.0
20170124,12,O3_24h,西安,66.0
20170124,12,O3_8h,西安,13.0
20170124,12,O3_8h_24h,西安,14.0
20170124,12,CO,西安,3.72
20170124,12,CO_24h,西安,3.32
20170124,13,AQI,西安,340.0
20170124,13,PM2.5,西安,290.0
20170124,13,PM2.5_24h,西安,246.0
20170124,13,PM10,西安,381.0
20170124,13,PM10_24h,西安,317.0
20170124,13,SO2,西安,60.0
20170124,13,SO2_24h,西安,55.0
20170124,13,NO2,西安,95.0
20170124,13,NO2_24h,西安,100.0
20170124,13,O3,西安,21.0
20170124,13,O3_24h,西安,66.0
20170124,13,O3_8h,西安,14.0
20170124,13,O3_8h_24h,西安,15.0
20170124,13,CO,西安,3.69
20170124,13,CO_24h,西安,3.35
20170124,14,AQI,西安,346.0
20170124,14,PM2.5,西安,296.0
20170124,14,PM2.5_24h,西安,250.0
20170124,14,PM10,西安,387.0
20170124,14,PM10_24h,西安,322.0
20170124,14,SO2,西安,63.0
20170124,14,SO2_24h,西安,55.0
20170124,14,NO2,西安,95.0
20170124,14,NO2_24h,西安,100.0
20170124,14,O3,西安,28.0
20170124,14,O3_24h,西安,66.0
20170124,14,O3_8h,西安,16.0
20170124,14,O3_8h_24h,西安,16.0
20170124,14,CO,西安,3.52
20170124,14,CO_24h,西安,3.39
20170124,15,AQI,西安,338.0
20170124,15,PM2.5,西安,288.0
20170124,15,PM2.5_24h,西安,254.0
20170124,15,PM10,西安,377.0
20170124,15,PM10_24h,西安,326.0
20170124,15,SO2,西安,64.0
20170124,15,SO2_24h,西安,54.0
20170124,15,NO2,西安,91.0
20170124,15,NO2_24h,西安,100.0
20170124,15,O3,西安,31.0
20170124,15,O3_24h,西安,65.0
20170124,15,O3_8h,西安,18.0
20170124,15,O3_8h_24h,西安,19.0
20170124,15,CO,西安,3.25
20170124,15,CO_24h,西安,3.41
20170124,16,AQI,西安,350.0
20170124,16,PM2.5,西安,300.0
20170124,16,PM2.5_24h,西安,260.0
20170124,16,PM10,西安,385.0
20170124,16,PM10_24h,西安,331.0
20170124,16,SO2,西安,60.0
20170124,16,SO2_24h,西安,55.0
20170124,16,NO2,西安,94.0
20170124,16,NO2_24h,西安,100.0
20170124,16,O3,西安,31.0
20170124,16,O3_24h,西安,63.0
20170124,16,O3_8h,西安,21.0
20170124,16,O3_8h_24h,西安,21.0
20170124,16,CO,西安,2.99
20170124,16,CO_24h,西安,3.42
20170124,17,AQI,西安,349.0
20170124,17,PM2.5,西安,299.0
20170124,17,PM2.5_24h,西安,266.0
20170124,17,PM10,西安,389.0
20170124,17,PM10_24h,西安,337.0
20170124,17,SO2,西安,56.0
20170124,17,SO2_24h,西安,54.0
20170124,17,NO2,西安,94.0
20170124,17,NO2_24h,西安,99.0
20170124,17,O3,西安,31.0
20170124,17,O3_24h,西安,56.0
20170124,17,O3_8h,西安,23.0
20170124,17,O3_8h_24h,西安,24.0
20170124,17,CO,西安,3.08
20170124,17,CO_24h,西安,3.45
20170124,18,AQI,西安,339.0
20170124,18,PM2.5,西安,289.0
20170124,18,PM2.5_24h,西安,272.0
20170124,18,PM10,西安,363.0
20170124,18,PM10_24h,西安,343.0
20170124,18,SO2,西安,56.0
20170124,18,SO2_24h,西安,54.0
20170124,18,NO2,西安,92.0
20170124,18,NO2_24h,西安,99.0
20170124,18,O3,西安,30.0
20170124,18,O3_24h,西安,44.0
20170124,18,O3_8h,西安,26.0
20170124,18,O3_8h_24h,西安,26.0
20170124,18,CO,西安,3.07
20170124,18,CO_24h,西安,3.48
20170124,19,AQI,西安,339.0
20170124,19,PM2.5,西安,289.0
20170124,19,PM2.5_24h,西安,276.0
20170124,19,PM10,西安,357.0
20170124,19,PM10_24h,西安,348.0
20170124,19,SO2,西安,55.0
20170124,19,SO2_24h,西安,54.0
20170124,19,NO2,西安,90.0
20170124,19,NO2_24h,西安,98.0
20170124,19,O3,西安,29.0
20170124,19,O3_24h,西安,39.0
20170124,19,O3_8h,西安,28.0
20170124,19,O3_8h_24h,西安,28.0
20170124,19,CO,西安,3.05
20170124,19,CO_24h,西安,3.5
20170124,20,AQI,西安,347.0
20170124,20,PM2.5,西安,297.0
20170124,20,PM2.5_24h,西安,280.0
20170124,20,PM10,西安,382.0
20170124,20,PM10_24h,西安,351.0
20170124,20,SO2,西安,55.0
20170124,20,SO2_24h,西安,54.0
20170124,20,NO2,西安,92.0
20170124,20,NO2_24h,西安,97.0
20170124,20,O3,西安,22.0
20170124,20,O3_24h,西安,36.0
20170124,20,O3_8h,西安,28.0
20170124,20,O3_8h_24h,西安,28.0
20170124,20,CO,西安,3.08
20170124,20,CO_24h,西安,3.49
20170124,21,AQI,西安,365.0
20170124,21,PM2.5,西安,315.0
20170124,21,PM2.5_24h,西安,284.0
20170124,21,PM10,西安,415.0
20170124,21,PM10_24h,西安,355.0
20170124,21,SO2,西安,56.0
20170124,21,SO2_24h,西安,53.0
20170124,21,NO2,西安,93.0
20170124,21,NO2_24h,西安,96.0
20170124,21,O3,西安,19.0
20170124,21,O3_24h,西安,37.0
20170124,21,O3_8h,西安,28.0
20170124,21,O3_8h_24h,西安,29.0
20170124,21,CO,西安,3.23
20170124,21,CO_24h,西安,3.49
20170124,22,AQI,西安,368.0
20170124,22,PM2.5,西安,318.0
20170124,22,PM2.5_24h,西安,288.0
20170124,22,PM10,西安,395.0
20170124,22,PM10_24h,西安,359.0
20170124,22,SO2,西安,50.0
20170124,22,SO2_24h,西安,53.0
20170124,22,NO2,西安,93.0
20170124,22,NO2_24h,西安,95.0
20170124,22,O3,西安,15.0
20170124,22,O3_24h,西安,37.0
20170124,22,O3_8h,西安,26.0
20170124,22,O3_8h_24h,西安,29.0
20170124,22,CO,西安,3.19
20170124,22,CO_24h,西安,3.47
20170124,23,AQI,西安,374.0
20170124,23,PM2.5,西安,324.0
20170124,23,PM2.5_24h,西安,290.0
20170124,23,PM10,西安,398.0
20170124,23,PM10_24h,西安,362.0
20170124,23,SO2,西安,45.0
20170124,23,SO2_24h,西安,53.0
20170124,23,NO2,西安,92.0
20170124,23,NO2_24h,西安,94.0
20170124,23,O3,西安,13.0
20170124,23,O3_24h,西安,37.0
20170124,23,O3_8h,西安,24.0
20170124,23,O3_8h_24h,西安,29.0
20170124,23,CO,西安,3.28
20170124,23,CO_24h,西安,3.45
20170124,0,AQI,兰州,143.0
20170124,0,PM2.5,兰州,109.0
20170124,0,PM2.5_24h,兰州,89.0
20170124,0,PM10,兰州,178.0
20170124,0,PM10_24h,兰州,161.0
20170124,0,SO2,兰州,54.0
20170124,0,SO2_24h,兰州,51.0
20170124,0,NO2,兰州,117.0
20170124,0,NO2_24h,兰州,100.0
20170124,0,O3,兰州,8.0
20170124,0,O3_24h,兰州,109.0
20170124,0,O3_8h,兰州,29.0
20170124,0,O3_8h_24h,兰州,73.0
20170124,0,CO,兰州,3.55
20170124,0,CO_24h,兰州,2.8
20170124,1,AQI,兰州,139.0
20170124,1,PM2.5,兰州,106.0
20170124,1,PM2.5_24h,兰州,90.0
20170124,1,PM10,兰州,183.0
20170124,1,PM10_24h,兰州,163.0
20170124,1,SO2,兰州,56.0
20170124,1,SO2_24h,兰州,51.0
20170124,1,NO2,兰州,108.0
20170124,1,NO2_24h,兰州,100.0
20170124,1,O3,兰州,8.0
20170124,1,O3_24h,兰州,109.0
20170124,1,O3_8h,兰州,8.0
20170124,1,O3_8h_24h,兰州,8.0
20170124,1,CO,兰州,3.58
20170124,1,CO_24h,兰州,2.85
20170124,2,AQI,兰州,143.0
20170124,2,PM2.5,兰州,109.0
20170124,2,PM2.5_24h,兰州,92.0
20170124,2,PM10,兰州,176.0
20170124,2,PM10_24h,兰州,165.0
20170124,2,SO2,兰州,56.0
20170124,2,SO2_24h,兰州,52.0
20170124,2,NO2,兰州,103.0
20170124,2,NO2_24h,兰州,101.0
20170124,2,O3,兰州,8.0
20170124,2,O3_24h,兰州,109.0
20170124,2,O3_8h,兰州,8.0
20170124,2,O3_8h_24h,兰州,8.0
20170124,2,CO,兰州,3.33
20170124,2,CO_24h,兰州,2.87
20170124,3,AQI,兰州,133.0
20170124,3,PM2.5,兰州,101.0
20170124,3,PM2.5_24h,兰州,93.0
20170124,3,PM10,兰州,179.0
20170124,3,PM10_24h,兰州,166.0
20170124,3,SO2,兰州,52.0
20170124,3,SO2_24h,兰州,53.0
20170124,3,NO2,兰州,98.0
20170124,3,NO2_24h,兰州,102.0
20170124,3,O3,兰州,7.0
20170124,3,O3_24h,兰州,109.0
20170124,3,O3_8h,兰州,7.0
20170124,3,O3_8h_24h,兰州,8.0
20170124,3,CO,兰州,2.95
20170124,3,CO_24h,兰州,2.9
20170124,4,AQI,兰州,129.0
20170124,4,PM2.5,兰州,98.0
20170124,4,PM2.5_24h,兰州,94.0
20170124,4,PM10,兰州,173.0
20170124,4,PM10_24h,兰州,168.0
20170124,4,SO2,兰州,48.0
20170124,4,SO2_24h,兰州,53.0
20170124,4,NO2,兰州,89.0
20170124,4,NO2_24h,兰州,102.0
20170124,4,O3,兰州,7.0
20170124,4,O3_24h,兰州,109.0
20170124,4,O3_8h,兰州,7.0
20170124,4,O3_8h_24h,兰州,8.0
20170124,4,CO,兰州,2.98
20170124,4,CO_24h,兰州,2.9
20170124,5,AQI,兰州,116.0
20170124,5,PM2.5,兰州,88.0
20170124,5,PM2.5_24h,兰州,95.0
20170124,5,PM10,兰州,167.0
20170124,5,PM10_24h,兰州,169.0
20170124,5,SO2,兰州,47.0
20170124,5,SO2_24h,兰州,53.0
20170124,5,NO2,兰州,86.0
20170124,5,NO2_24h,兰州,103.0
20170124,5,O3,兰州,6.0
20170124,5,O3_24h,兰州,109.0
20170124,5,O3_8h,兰州,7.0
20170124,5,O3_8h_24h,兰州,8.0
20170124,5,CO,兰州,3.03
20170124,5,CO_24h,兰州,2.92
20170124,6,AQI,兰州,119.0
20170124,6,PM2.5,兰州,90.0
20170124,6,PM2.5_24h,兰州,96.0
20170124,6,PM10,兰州,159.0
20170124,6,PM10_24h,兰州,169.0
20170124,6,SO2,兰州,40.0
20170124,6,SO2_24h,兰州,54.0
20170124,6,NO2,兰州,83.0
20170124,6,NO2_24h,兰州,103.0
20170124,6,O3,兰州,6.0
20170124,6,O3_24h,兰州,109.0
20170124,6,O3_8h,兰州,7.0
20170124,6,O3_8h_24h,兰州,8.0
20170124,6,CO,兰州,3.0
20170124,6,CO_24h,兰州,2.95
20170124,7,AQI,兰州,121.0
20170124,7,PM2.5,兰州,92.0
20170124,7,PM2.5_24h,兰州,97.0
20170124,7,PM10,兰州,172.0
20170124,7,PM10_24h,兰州,170.0
20170124,7,SO2,兰州,41.0
20170124,7,SO2_24h,兰州,54.0
20170124,7,NO2,兰州,84.0
20170124,7,NO2_24h,兰州,104.0
20170124,7,O3,兰州,6.0
20170124,7,O3_24h,兰州,109.0
20170124,7,O3_8h,兰州,7.0
20170124,7,O3_8h_24h,兰州,8.0
20170124,7,CO,兰州,3.3
20170124,7,CO_24h,兰州,2.98
20170124,8,AQI,兰州,120.0
20170124,8,PM2.5,兰州,91.0
20170124,8,PM2.5_24h,兰州,98.0
20170124,8,PM10,兰州,155.0
20170124,8,PM10_24h,兰州,170.0
20170124,8,SO2,兰州,49.0
20170124,8,SO2_24h,兰州,54.0
20170124,8,NO2,兰州,85.0
20170124,8,NO2_24h,兰州,104.0
20170124,8,O3,兰州,7.0
20170124,8,O3_24h,兰州,109.0
20170124,8,O3_8h,兰州,7.0
20170124,8,O3_8h_24h,兰州,8.0
20170124,8,CO,兰州,3.15
20170124,8,CO_24h,兰州,3.0
20170124,9,AQI,兰州,130.0
20170124,9,PM2.5,兰州,99.0
20170124,9,PM2.5_24h,兰州,98.0
20170124,9,PM10,兰州,187.0
20170124,9,PM10_24h,兰州,171.0
20170124,9,SO2,兰州,56.0
20170124,9,SO2_24h,兰州,55.0
20170124,9,NO2,兰州,84.0
20170124,9,NO2_24h,兰州,105.0
20170124,9,O3,兰州,7.0
20170124,9,O3_24h,兰州,109.0
20170124,9,O3_8h,兰州,7.0
20170124,9,O3_8h_24h,兰州,8.0
20170124,9,CO,兰州,3.5
20170124,9,CO_24h,兰州,3.03
20170124,10,AQI,兰州,139.0
20170124,10,PM2.5,兰州,106.0
20170124,10,PM2.5_24h,兰州,100.0
20170124,10,PM10,兰州,198.0
20170124,10,PM10_24h,兰州,172.0
20170124,10,SO2,兰州,62.0
20170124,10,SO2_24h,兰州,55.0
20170124,10,NO2,兰州,91.0
20170124,10,NO2_24h,兰州,105.0
20170124,10,O3,兰州,11.0
20170124,10,O3_24h,兰州,109.0
20170124,10,O3_8h,兰州,7.0
20170124,10,O3_8h_24h,兰州,8.0
20170124,10,CO,兰州,3.57
20170124,10,CO_24h,兰州,3.05
20170124,11,AQI,兰州,139.0
20170124,11,PM2.5,兰州,106.0
20170124,11,PM2.5_24h,兰州,101.0
20170124,11,PM10,兰州,194.0
20170124,11,PM10_24h,兰州,173.0
20170124,11,SO2,兰州,87.0
20170124,11,SO2_24h,兰州,56.0
20170124,11,NO2,兰州,100.0
20170124,11,NO2_24h,兰州,105.0
20170124,11,O3,兰州,24.0
20170124,11,O3_24h,兰州,109.0
20170124,11,O3_8h,兰州,9.0
20170124,11,O3_8h_24h,兰州,10.0
20170124,11,CO,兰州,3.17
20170124,11,CO_24h,兰州,3.05
20170124,12,AQI,兰州,159.0
20170124,12,PM2.5,兰州,121.0
20170124,12,PM2.5_24h,兰州,102.0
20170124,12,PM10,兰州,188.0
20170124,12,PM10_24h,兰州,174.0
20170124,12,SO2,兰州,100.0
20170124,12,SO2_24h,兰州,58.0
20170124,12,NO2,兰州,114.0
20170124,12,NO2_24h,兰州,105.0
20170124,12,O3,兰州,49.0
20170124,12,O3_24h,兰州,109.0
20170124,12,O3_8h,兰州,15.0
20170124,12,O3_8h_24h,兰州,15.0
20170124,12,CO,兰州,3.28
20170124,12,CO_24h,兰州,3.05
20170124,13,AQI,兰州,153.0
20170124,13,PM2.5,兰州,117.0
20170124,13,PM2.5_24h,兰州,103.0
20170124,13,PM10,兰州,190.0
20170124,13,PM10_24h,兰州,176.0
20170124,13,SO2,兰州,88.0
20170124,13,SO2_24h,兰州,59.0
20170124,13,NO2,兰州,127.0
20170124,13,NO2_24h,兰州,106.0
20170124,13,O3,兰州,55.0
20170124,13,O3_24h,兰州,109.0
20170124,13,O3_8h,兰州,20.0
20170124,13,O3_8h_24h,兰州,20.0
20170124,13,CO,兰州,3.23
20170124,13,CO_24h,兰州,3.05
20170124,14,AQI,兰州,184.0
20170124,14,PM2.5,兰州,139.0
20170124,14,PM2.5_24h,兰州,104.0
20170124,14,PM10,兰州,198.0
20170124,14,PM10_24h,兰州,177.0
20170124,14,SO2,兰州,89.0
20170124,14,SO2_24h,兰州,60.0
20170124,14,NO2,兰州,104.0
20170124,14,NO2_24h,兰州,107.0
20170124,14,O3,兰州,100.0
20170124,14,O3_24h,兰州,110.0
20170124,14,O3_8h,兰州,32.0
20170124,14,O3_8h_24h,兰州,32.0
20170124,14,CO,兰州,2.65
20170124,14,CO_24h,兰州,3.1
20170124,15,AQI,兰州,140.0
20170124,15,PM2.5,兰州,107.0
20170124,15,PM2.5_24h,兰州,105.0
20170124,15,PM10,兰州,176.0
20170124,15,PM10_24h,兰州,178.0
20170124,15,SO2,兰州,76.0
20170124,15,SO2_24h,兰州,60.0
20170124,15,NO2,兰州,104.0
20170124,15,NO2_24h,兰州,106.0
20170124,15,O3,兰州,102.0
20170124,15,O3_24h,兰州,116.0
20170124,15,O3_8h,兰州,45.0
20170124,15,O3_8h_24h,兰州,45.0
20170124,15,CO,兰州,2.33
20170124,15,CO_24h,兰州,3.1
20170124,16,AQI,兰州,138.0
20170124,16,PM2.5,兰州,105.0
20170124,16,PM2.5_24h,兰州,105.0
20170124,16,PM10,兰州,169.0
20170124,16,PM10_24h,兰州,179.0
20170124,16,SO2,兰州,68.0
20170124,16,SO2_24h,兰州,60.0
20170124,16,NO2,兰州,107.0
20170124,16,NO2_24h,兰州,107.0
20170124,16,O3,兰州,99.0
20170124,16,O3_24h,兰州,114.0
20170124,16,O3_8h,兰州,57.0
20170124,16,O3_8h_24h,兰州,57.0
20170124,16,CO,兰州,2.23
20170124,16,CO_24h,兰州,3.1
20170124,17,AQI,兰州,131.0
20170124,17,PM2.5,兰州,100.0
20170124,17,PM2.5_24h,兰州,105.0
20170124,17,PM10,兰州,164.0
20170124,17,PM10_24h,兰州,180.0
20170124,17,SO2,兰州,73.0
20170124,17,SO2_24h,兰州,61.0
20170124,17,NO2,兰州,129.0
20170124,17,NO2_24h,兰州,108.0
20170124,17,O3,兰州,77.0
20170124,17,O3_24h,兰州,109.0
20170124,17,O3_8h,兰州,66.0
20170124,17,O3_8h_24h,兰州,66.0
20170124,17,CO,兰州,2.45
20170124,17,CO_24h,兰州,3.13
20170124,18,AQI,兰州,128.0
20170124,18,PM2.5,兰州,97.0
20170124,18,PM2.5_24h,兰州,105.0
20170124,18,PM10,兰州,162.0
20170124,18,PM10_24h,兰州,180.0
20170124,18,SO2,兰州,59.0
20170124,18,SO2_24h,兰州,61.0
20170124,18,NO2,兰州,138.0
20170124,18,NO2_24h,兰州,108.0
20170124,18,O3,兰州,50.0
20170124,18,O3_24h,兰州,109.0
20170124,18,O3_8h,兰州,71.0
20170124,18,O3_8h_24h,兰州,71.0
20170124,18,CO,兰州,2.52
20170124,18,CO_24h,兰州,3.13
20170124,19,AQI,兰州,136.0
20170124,19,PM2.5,兰州,104.0
20170124,19,PM2.5_24h,兰州,105.0
20170124,19,PM10,兰州,171.0
20170124,19,PM10_24h,兰州,179.0
20170124,19,SO2,兰州,55.0
20170124,19,SO2_24h,兰州,61.0
20170124,19,NO2,兰州,147.0
20170124,19,NO2_24h,兰州,109.0
20170124,19,O3,兰州,25.0
20170124,19,O3_24h,兰州,109.0
20170124,19,O3_8h,兰州,72.0
20170124,19,O3_8h_24h,兰州,72.0
20170124,19,CO,兰州,3.0
20170124,19,CO_24h,兰州,3.13
20170124,20,AQI,兰州,135.0
20170124,20,PM2.5,兰州,103.0
20170124,20,PM2.5_24h,兰州,104.0
20170124,20,PM10,兰州,185.0
20170124,20,PM10_24h,兰州,179.0
20170124,20,SO2,兰州,53.0
20170124,20,SO2_24h,兰州,61.0
20170124,20,NO2,兰州,148.0
20170124,20,NO2_24h,兰州,109.0
20170124,20,O3,兰州,11.0
20170124,20,O3_24h,兰州,109.0
20170124,20,O3_8h,兰州,67.0
20170124,20,O3_8h_24h,兰州,72.0
20170124,20,CO,兰州,3.5
20170124,20,CO_24h,兰州,3.13
20170124,21,AQI,兰州,129.0
20170124,21,PM2.5,兰州,98.0
20170124,21,PM2.5_24h,兰州,104.0
20170124,21,PM10,兰州,172.0
20170124,21,PM10_24h,兰州,178.0
20170124,21,SO2,兰州,50.0
20170124,21,SO2_24h,兰州,61.0
20170124,21,NO2,兰州,145.0
20170124,21,NO2_24h,兰州,110.0
20170124,21,O3,兰州,9.0
20170124,21,O3_24h,兰州,109.0
20170124,21,O3_8h,兰州,59.0
20170124,21,O3_8h_24h,兰州,72.0
20170124,21,CO,兰州,3.75
20170124,21,CO_24h,兰州,3.13
20170124,22,AQI,兰州,135.0
20170124,22,PM2.5,兰州,103.0
20170124,22,PM2.5_24h,兰州,104.0
20170124,22,PM10,兰州,192.0
20170124,22,PM10_24h,兰州,178.0
20170124,22,SO2,兰州,56.0
20170124,22,SO2_24h,兰州,61.0
20170124,22,NO2,兰州,137.0
20170124,22,NO2_24h,兰州,110.0
20170124,22,O3,兰州,9.0
20170124,22,O3_24h,兰州,109.0
20170124,22,O3_8h,兰州,48.0
20170124,22,O3_8h_24h,兰州,72.0
20170124,22,CO,兰州,3.48
20170124,22,CO_24h,兰州,3.13
20170124,23,AQI,兰州,134.0
20170124,23,PM2.5,兰州,102.0
20170124,23,PM2.5_24h,兰州,103.0
20170124,23,PM10,兰州,186.0
20170124,23,PM10_24h,兰州,178.0
20170124,23,SO2,兰州,58.0
20170124,23,SO2_24h,兰州,61.0
20170124,23,NO2,兰州,123.0
20170124,23,NO2_24h,兰州,110.0
20170124,23,O3,兰州,8.0
20170124,23,O3_24h,兰州,109.0
20170124,23,O3_8h,兰州,36.0
20170124,23,O3_8h_24h,兰州,72.0
20170124,23,CO,兰州,3.92
20170124,23,CO_24h,兰州,3.13
20170124,0,AQI,西宁,81.0
20170124,0,PM2.5,西宁,57.0
20170124,0,PM2.5_24h,西宁,50.0
20170124,0,PM10,西宁,112.0
20170124,0,PM10_24h,西宁,111.0
20170124,0,SO2,西宁,56.0
20170124,0,SO2_24h,西宁,44.0
20170124,0,NO2,西宁,52.0
20170124,0,NO2_24h,西宁,57.0
20170124,0,O3,西宁,31.0
20170124,0,O3_24h,西宁,53.0
20170124,0,O3_8h,西宁,20.0
20170124,0,O3_8h_24h,西宁,35.0
20170124,0,CO,西宁,2.8
20170124,0,CO_24h,西宁,3.4
20170124,1,AQI,西宁,72.0
20170124,1,PM2.5,西宁,48.0
20170124,1,PM2.5_24h,西宁,50.0
20170124,1,PM10,西宁,93.0
20170124,1,PM10_24h,西宁,110.0
20170124,1,SO2,西宁,46.0
20170124,1,SO2_24h,西宁,45.0
20170124,1,NO2,西宁,58.0
20170124,1,NO2_24h,西宁,57.0
20170124,1,O3,西宁,25.0
20170124,1,O3_24h,西宁,52.0
20170124,1,O3_8h,西宁,25.0
20170124,1,O3_8h_24h,西宁,25.0
20170124,1,CO,西宁,3.05
20170124,1,CO_24h,西宁,3.4
20170124,2,AQI,西宁,106.0
20170124,2,PM2.5,西宁,80.0
20170124,2,PM2.5_24h,西宁,52.0
20170124,2,PM10,西宁,132.0
20170124,2,PM10_24h,西宁,111.0
20170124,2,SO2,西宁,40.0
20170124,2,SO2_24h,西宁,45.0
20170124,2,NO2,西宁,50.0
20170124,2,NO2_24h,西宁,57.0
20170124,2,O3,西宁,25.0
20170124,2,O3_24h,西宁,54.0
20170124,2,O3_8h,西宁,25.0
20170124,2,O3_8h_24h,西宁,26.0
20170124,2,CO,西宁,2.95
20170124,2,CO_24h,西宁,3.4
20170124,3,AQI,西宁,108.0
20170124,3,PM2.5,西宁,81.0
20170124,3,PM2.5_24h,西宁,54.0
20170124,3,PM10,西宁,143.0
20170124,3,PM10_24h,西宁,113.0
20170124,3,SO2,西宁,32.0
20170124,3,SO2_24h,西宁,45.0
20170124,3,NO2,西宁,49.0
20170124,3,NO2_24h,西宁,58.0
20170124,3,O3,西宁,23.0
20170124,3,O3_24h,西宁,54.0
20170124,3,O3_8h,西宁,25.0
20170124,3,O3_8h_24h,西宁,26.0
20170124,3,CO,西宁,2.4
20170124,3,CO_24h,西宁,3.35
20170124,4,AQI,西宁,88.0
20170124,4,PM2.5,西宁,64.0
20170124,4,PM2.5_24h,西宁,55.0
20170124,4,PM10,西宁,125.0
20170124,4,PM10_24h,西宁,115.0
20170124,4,SO2,西宁,29.0
20170124,4,SO2_24h,西宁,45.0
20170124,4,NO2,西宁,49.0
20170124,4,NO2_24h,西宁,58.0
20170124,4,O3,西宁,20.0
20170124,4,O3_24h,西宁,54.0
20170124,4,O3_8h,西宁,23.0
20170124,4,O3_8h_24h,西宁,26.0
20170124,4,CO,西宁,2.25
20170124,4,CO_24h,西宁,3.35
20170124,5,AQI,西宁,120.0
20170124,5,PM2.5,西宁,91.0
20170124,5,PM2.5_24h,西宁,57.0
20170124,5,PM10,西宁,141.0
20170124,5,PM10_24h,西宁,116.0
20170124,5,SO2,西宁,27.0
20170124,5,SO2_24h,西宁,45.0
20170124,5,NO2,西宁,49.0
20170124,5,NO2_24h,西宁,58.0
20170124,5,O3,西宁,17.0
20170124,5,O3_24h,西宁,54.0
20170124,5,O3_8h,西宁,22.0
20170124,5,O3_8h_24h,西宁,26.0
20170124,5,CO,西宁,2.3
20170124,5,CO_24h,西宁,3.35
20170124,6,AQI,西宁,101.0
20170124,6,PM2.5,西宁,76.0
20170124,6,PM2.5_24h,西宁,58.0
20170124,6,PM10,西宁,124.0
20170124,6,PM10_24h,西宁,116.0
20170124,6,SO2,西宁,31.0
20170124,6,SO2_24h,西宁,46.0
20170124,6,NO2,西宁,50.0
20170124,6,NO2_24h,西宁,58.0
20170124,6,O3,西宁,12.0
20170124,6,O3_24h,西宁,54.0
20170124,6,O3_8h,西宁,20.0
20170124,6,O3_8h_24h,西宁,26.0
20170124,6,CO,西宁,2.7
20170124,6,CO_24h,西宁,3.3
20170124,7,AQI,西宁,77.0
20170124,7,PM2.5,西宁,49.0
20170124,7,PM2.5_24h,西宁,58.0
20170124,7,PM10,西宁,104.0
20170124,7,PM10_24h,西宁,115.0
20170124,7,SO2,西宁,33.0
20170124,7,SO2_24h,西宁,46.0
20170124,7,NO2,西宁,52.0
20170124,7,NO2_24h,西宁,58.0
20170124,7,O3,西宁,8.0
20170124,7,O3_24h,西宁,54.0
20170124,7,O3_8h,西宁,19.0
20170124,7,O3_8h_24h,西宁,26.0
20170124,7,CO,西宁,2.8
20170124,7,CO_24h,西宁,3.25
20170124,8,AQI,西宁,106.0
20170124,8,PM2.5,西宁,80.0
20170124,8,PM2.5_24h,西宁,59.0
20170124,8,PM10,西宁,143.0
20170124,8,PM10_24h,西宁,116.0
20170124,8,SO2,西宁,35.0
20170124,8,SO2_24h,西宁,46.0
20170124,8,NO2,西宁,54.0
20170124,8,NO2_24h,西宁,59.0
20170124,8,O3,西宁,7.0
20170124,8,O3_24h,西宁,54.0
20170124,8,O3_8h,西宁,17.0
20170124,8,O3_8h_24h,西宁,26.0
20170124,8,CO,西宁,3.1
20170124,8,CO_24h,西宁,3.2
20170124,9,AQI,西宁,95.0
20170124,9,PM2.5,西宁,71.0
20170124,9,PM2.5_24h,西宁,60.0
20170124,9,PM10,西宁,139.0
20170124,9,PM10_24h,西宁,117.0
20170124,9,SO2,西宁,39.0
20170124,9,SO2_24h,西宁,46.0
20170124,9,NO2,西宁,53.0
20170124,9,NO2_24h,西宁,59.0
20170124,9,O3,西宁,8.0
20170124,9,O3_24h,西宁,54.0
20170124,9,O3_8h,西宁,15.0
20170124,9,O3_8h_24h,西宁,26.0
20170124,9,CO,西宁,3.45
20170124,9,CO_24h,西宁,3.25
20170124,10,AQI,西宁,96.0
20170124,10,PM2.5,西宁,72.0
20170124,10,PM2.5_24h,西宁,61.0
20170124,10,PM10,西宁,140.0
20170124,10,PM10_24h,西宁,117.0
20170124,10,SO2,西宁,45.0
20170124,10,SO2_24h,西宁,46.0
20170124,10,NO2,西宁,53.0
20170124,10,NO2_24h,西宁,59.0
20170124,10,O3,西宁,11.0
20170124,10,O3_24h,西宁,54.0
20170124,10,O3_8h,西宁,13.0
20170124,10,O3_8h_24h,西宁,26.0
20170124,10,CO,西宁,3.75
20170124,10,CO_24h,西宁,3.2
20170124,11,AQI,西宁,105.0
20170124,11,PM2.5,西宁,72.0
20170124,11,PM2.5_24h,西宁,61.0
20170124,11,PM10,西宁,160.0
20170124,11,PM10_24h,西宁,117.0
20170124,11,SO2,西宁,81.0
20170124,11,SO2_24h,西宁,46.0
20170124,11,NO2,西宁,61.0
20170124,11,NO2_24h,西宁,59.0
20170124,11,O3,西宁,16.0
20170124,11,O3_24h,西宁,54.0
20170124,11,O3_8h,西宁,12.0
20170124,11,O3_8h_24h,西宁,26.0
20170124,11,CO,西宁,4.2
20170124,11,CO_24h,西宁,3.2
20170124,12,AQI,西宁,148.0
20170124,12,PM2.5,西宁,113.0
20170124,12,PM2.5_24h,西宁,62.0
20170124,12,PM10,西宁,206.0
20170124,12,PM10_24h,西宁,119.0
20170124,12,SO2,西宁,142.0
20170124,12,SO2_24h,西宁,48.0
20170124,12,NO2,西宁,61.0
20170124,12,NO2_24h,西宁,60.0
20170124,12,O3,西宁,33.0
20170124,12,O3_24h,西宁,54.0
20170124,12,O3_8h,西宁,14.0
20170124,12,O3_8h_24h,西宁,26.0
20170124,12,CO,西宁,4.25
20170124,12,CO_24h,西宁,3.2
20170124,13,AQI,西宁,201.0
20170124,13,PM2.5,西宁,151.0
20170124,13,PM2.5_24h,西宁,65.0
20170124,13,PM10,西宁,228.0
20170124,13,PM10_24h,西宁,121.0
20170124,13,SO2,西宁,121.0
20170124,13,SO2_24h,西宁,50.0
20170124,13,NO2,西宁,57.0
20170124,13,NO2_24h,西宁,59.0
20170124,13,O3,西宁,49.0
20170124,13,O3_24h,西宁,54.0
20170124,13,O3_8h,西宁,18.0
20170124,13,O3_8h_24h,西宁,30.0
20170124,13,CO,西宁,3.65
20170124,13,CO_24h,西宁,3.2
20170124,14,AQI,西宁,118.0
20170124,14,PM2.5,西宁,89.0
20170124,14,PM2.5_24h,西宁,67.0
20170124,14,PM10,西宁,159.0
20170124,14,PM10_24h,西宁,124.0
20170124,14,SO2,西宁,68.0
20170124,14,SO2_24h,西宁,51.0
20170124,14,NO2,西宁,58.0
20170124,14,NO2_24h,西宁,60.0
20170124,14,O3,西宁,43.0
20170124,14,O3_24h,西宁,54.0
20170124,14,O3_8h,西宁,22.0
20170124,14,O3_8h_24h,西宁,33.0
20170124,14,CO,西宁,3.1
20170124,14,CO_24h,西宁,3.2
20170124,15,AQI,西宁,81.0
20170124,15,PM2.5,西宁,51.0
20170124,15,PM2.5_24h,西宁,66.0
20170124,15,PM10,西宁,111.0
20170124,15,PM10_24h,西宁,124.0
20170124,15,SO2,西宁,40.0
20170124,15,SO2_24h,西宁,51.0
20170124,15,NO2,西宁,49.0
20170124,15,NO2_24h,西宁,60.0
20170124,15,O3,西宁,49.0
20170124,15,O3_24h,西宁,55.0
20170124,15,O3_8h,西宁,27.0
20170124,15,O3_8h_24h,西宁,37.0
20170124,15,CO,西宁,2.6
20170124,15,CO_24h,西宁,3.2
20170124,16,AQI,西宁,67.0
20170124,16,PM2.5,西宁,47.0
20170124,16,PM2.5_24h,西宁,67.0
20170124,16,PM10,西宁,83.0
20170124,16,PM10_24h,西宁,124.0
20170124,16,SO2,西宁,25.0
20170124,16,SO2_24h,西宁,51.0
20170124,16,NO2,西宁,37.0
20170124,16,NO2_24h,西宁,59.0
20170124,16,O3,西宁,56.0
20170124,16,O3_24h,西宁,58.0
20170124,16,O3_8h,西宁,33.0
20170124,16,O3_8h_24h,西宁,42.0
20170124,16,CO,西宁,2.3
20170124,16,CO_24h,西宁,3.1
20170124,17,AQI,西宁,62.0
20170124,17,PM2.5,西宁,35.0
20170124,17,PM2.5_24h,西宁,67.0
20170124,17,PM10,西宁,73.0
20170124,17,PM10_24h,西宁,124.0
20170124,17,SO2,西宁,12.0
20170124,17,SO2_24h,西宁,50.0
20170124,17,NO2,西宁,29.0
20170124,17,NO2_24h,西宁,59.0
20170124,17,O3,西宁,62.0
20170124,17,O3_24h,西宁,62.0
20170124,17,O3_8h,西宁,40.0
20170124,17,O3_8h_24h,西宁,46.0
20170124,17,CO,西宁,1.65
20170124,17,CO_24h,西宁,3.1
20170124,18,AQI,西宁,65.0
20170124,18,PM2.5,西宁,47.0
20170124,18,PM2.5_24h,西宁,68.0
20170124,18,PM10,西宁,64.0
20170124,18,PM10_24h,西宁,124.0
20170124,18,SO2,西宁,8.0
20170124,18,SO2_24h,西宁,49.0
20170124,18,NO2,西宁,44.0
20170124,18,NO2_24h,西宁,57.0
20170124,18,O3,西宁,49.0
20170124,18,O3_24h,西宁,62.0
20170124,18,O3_8h,西宁,45.0
20170124,18,O3_8h_24h,西宁,49.0
20170124,18,CO,西宁,1.45
20170124,18,CO_24h,西宁,3.0
20170124,19,AQI,西宁,38.0
20170124,19,PM2.5,西宁,17.0
20170124,19,PM2.5_24h,西宁,66.0
20170124,19,PM10,西宁,27.0
20170124,19,PM10_24h,西宁,121.0
20170124,19,SO2,西宁,14.0
20170124,19,SO2_24h,西宁,48.0
20170124,19,NO2,西宁,76.0
20170124,19,NO2_24h,西宁,57.0
20170124,19,O3,西宁,21.0
20170124,19,O3_24h,西宁,62.0
20170124,19,O3_8h,西宁,45.0
20170124,19,O3_8h_24h,西宁,49.0
20170124,19,CO,西宁,2.4
20170124,19,CO_24h,西宁,2.95
20170124,20,AQI,西宁,42.0
20170124,20,PM2.5,西宁,28.0
20170124,20,PM2.5_24h,西宁,66.0
20170124,20,PM10,西宁,42.0
20170124,20,PM10_24h,西宁,119.0
20170124,20,SO2,西宁,21.0
20170124,20,SO2_24h,西宁,47.0
20170124,20,NO2,西宁,79.0
20170124,20,NO2_24h,西宁,57.0
20170124,20,O3,西宁,14.0
20170124,20,O3_24h,西宁,62.0
20170124,20,O3_8h,西宁,43.0
20170124,20,O3_8h_24h,西宁,49.0
20170124,20,CO,西宁,2.55
20170124,20,CO_24h,西宁,2.9
20170124,21,AQI,西宁,73.0
20170124,21,PM2.5,西宁,53.0
20170124,21,PM2.5_24h,西宁,66.0
20170124,21,PM10,西宁,75.0
20170124,21,PM10_24h,西宁,118.0
20170124,21,SO2,西宁,23.0
20170124,21,SO2_24h,西宁,46.0
20170124,21,NO2,西宁,70.0
20170124,21,NO2_24h,西宁,56.0
20170124,21,O3,西宁,15.0
20170124,21,O3_24h,西宁,62.0
20170124,21,O3_8h,西宁,39.0
20170124,21,O3_8h_24h,西宁,49.0
20170124,21,CO,西宁,2.75
20170124,21,CO_24h,西宁,2.9
20170124,22,AQI,西宁,73.0
20170124,22,PM2.5,西宁,44.0
20170124,22,PM2.5_24h,西宁,66.0
20170124,22,PM10,西宁,95.0
20170124,22,PM10_24h,西宁,118.0
20170124,22,SO2,西宁,25.0
20170124,22,SO2_24h,西宁,44.0
20170124,22,NO2,西宁,57.0
20170124,22,NO2_24h,西宁,55.0
20170124,22,O3,西宁,19.0
20170124,22,O3_24h,西宁,62.0
20170124,22,O3_8h,西宁,36.0
20170124,22,O3_8h_24h,西宁,49.0
20170124,22,CO,西宁,2.7
20170124,22,CO_24h,西宁,2.85
20170124,23,AQI,西宁,72.0
20170124,23,PM2.5,西宁,44.0
20170124,23,PM2.5_24h,西宁,65.0
20170124,23,PM10,西宁,93.0
20170124,23,PM10_24h,西宁,117.0
20170124,23,SO2,西宁,28.0
20170124,23,SO2_24h,西宁,42.0
20170124,23,NO2,西宁,56.0
20170124,23,NO2_24h,西宁,54.0
20170124,23,O3,西宁,15.0
20170124,23,O3_24h,西宁,62.0
20170124,23,O3_8h,西宁,32.0
20170124,23,O3_8h_24h,西宁,49.0
20170124,23,CO,西宁,2.95
20170124,23,CO_24h,西宁,2.85
20170124,0,AQI,银川,73.0
20170124,0,PM2.5,银川,53.0
20170124,0,PM2.5_24h,银川,101.0
20170124,0,PM10,银川,67.0
20170124,0,PM10_24h,银川,161.0
20170124,0,SO2,银川,73.0
20170124,0,SO2_24h,银川,146.0
20170124,0,NO2,银川,71.0
20170124,0,NO2_24h,银川,69.0
20170124,0,O3,银川,30.0
20170124,0,O3_24h,银川,82.0
20170124,0,O3_8h,银川,48.0
20170124,0,O3_8h_24h,银川,63.0
20170124,0,CO,银川,2.25
20170124,0,CO_24h,银川,3.15
20170124,1,AQI,银川,94.0
20170124,1,PM2.5,银川,70.0
20170124,1,PM2.5_24h,银川,100.0
20170124,1,PM10,银川,108.0
20170124,1,PM10_24h,银川,160.0
20170124,1,SO2,银川,76.0
20170124,1,SO2_24h,银川,145.0
20170124,1,NO2,银川,65.0
20170124,1,NO2_24h,银川,67.0
20170124,1,O3,银川,29.0
20170124,1,O3_24h,银川,82.0
20170124,1,O3_8h,银川,29.0
20170124,1,O3_8h_24h,银川,29.0
20170124,1,CO,银川,2.4
20170124,1,CO_24h,银川,3.1
20170124,2,AQI,银川,94.0
20170124,2,PM2.5,银川,70.0
20170124,2,PM2.5_24h,银川,99.0
20170124,2,PM10,银川,122.0
20170124,2,PM10_24h,银川,158.0
20170124,2,SO2,银川,93.0
20170124,2,SO2_24h,银川,145.0
20170124,2,NO2,银川,53.0
20170124,2,NO2_24h,银川,65.0
20170124,2,O3,银川,31.0
20170124,2,O3_24h,银川,82.0
20170124,2,O3_8h,银川,30.0
20170124,2,O3_8h_24h,银川,30.0
20170124,2,CO,银川,2.1
20170124,2,CO_24h,银川,3.0
20170124,3,AQI,银川,88.0
20170124,3,PM2.5,银川,65.0
20170124,3,PM2.5_24h,银川,97.0
20170124,3,PM10,银川,108.0
20170124,3,PM10_24h,银川,156.0
20170124,3,SO2,银川,138.0
20170124,3,SO2_24h,银川,146.0
20170124,3,NO2,银川,62.0
20170124,3,NO2_24h,银川,64.0
20170124,3,O3,银川,31.0
20170124,3,O3_24h,银川,82.0
20170124,3,O3_8h,银川,30.0
20170124,3,O3_8h_24h,银川,30.0
20170124,3,CO,银川,2.45
20170124,3,CO_24h,银川,2.95
20170124,4,AQI,银川,105.0
20170124,4,PM2.5,银川,79.0
20170124,4,PM2.5_24h,银川,95.0
20170124,4,PM10,银川,132.0
20170124,4,PM10_24h,银川,153.0
20170124,4,SO2,银川,216.0
20170124,4,SO2_24h,银川,151.0
20170124,4,NO2,银川,66.0
20170124,4,NO2_24h,银川,63.0
20170124,4,O3,银川,28.0
20170124,4,O3_24h,银川,82.0
20170124,4,O3_8h,银川,30.0
20170124,4,O3_8h_24h,银川,31.0
20170124,4,CO,银川,3.1
20170124,4,CO_24h,银川,2.9
20170124,5,AQI,银川,114.0
20170124,5,PM2.5,银川,86.0
20170124,5,PM2.5_24h,银川,94.0
20170124,5,PM10,银川,135.0
20170124,5,PM10_24h,银川,151.0
20170124,5,SO2,银川,212.0
20170124,5,SO2_24h,银川,156.0
20170124,5,NO2,银川,67.0
20170124,5,NO2_24h,银川,62.0
20170124,5,O3,银川,26.0
20170124,5,O3_24h,银川,82.0
20170124,5,O3_8h,银川,29.0
20170124,5,O3_8h_24h,银川,31.0
20170124,5,CO,银川,3.2
20170124,5,CO_24h,银川,2.9
20170124,6,AQI,银川,118.0
20170124,6,PM2.5,银川,89.0
20170124,6,PM2.5_24h,银川,92.0
20170124,6,PM10,银川,154.0
20170124,6,PM10_24h,银川,149.0
20170124,6,SO2,银川,199.0
20170124,6,SO2_24h,银川,159.0
20170124,6,NO2,银川,68.0
20170124,6,NO2_24h,银川,61.0
20170124,6,O3,银川,24.0
20170124,6,O3_24h,银川,82.0
20170124,6,O3_8h,银川,28.0
20170124,6,O3_8h_24h,银川,31.0
20170124,6,CO,银川,3.1
20170124,6,CO_24h,银川,2.85
20170124,7,AQI,银川,104.0
20170124,7,PM2.5,银川,78.0
20170124,7,PM2.5_24h,银川,91.0
20170124,7,PM10,银川,138.0
20170124,7,PM10_24h,银川,146.0
20170124,7,SO2,银川,176.0
20170124,7,SO2_24h,银川,162.0
20170124,7,NO2,银川,68.0
20170124,7,NO2_24h,银川,61.0
20170124,7,O3,银川,22.0
20170124,7,O3_24h,银川,82.0
20170124,7,O3_8h,银川,27.0
20170124,7,O3_8h_24h,银川,31.0
20170124,7,CO,银川,2.9
20170124,7,CO_24h,银川,2.8
20170124,8,AQI,银川,108.0
20170124,8,PM2.5,银川,81.0
20170124,8,PM2.5_24h,银川,89.0
20170124,8,PM10,银川,145.0
20170124,8,PM10_24h,银川,145.0
20170124,8,SO2,银川,155.0
20170124,8,SO2_24h,银川,166.0
20170124,8,NO2,银川,68.0
20170124,8,NO2_24h,银川,61.0
20170124,8,O3,银川,21.0
20170124,8,O3_24h,银川,82.0
20170124,8,O3_8h,银川,26.0
20170124,8,O3_8h_24h,银川,31.0
20170124,8,CO,银川,3.0
20170124,8,CO_24h,银川,2.8
20170124,9,AQI,银川,111.0
20170124,9,PM2.5,银川,84.0
20170124,9,PM2.5_24h,银川,89.0
20170124,9,PM10,银川,146.0
20170124,9,PM10_24h,银川,145.0
20170124,9,SO2,银川,145.0
20170124,9,SO2_24h,银川,169.0
20170124,9,NO2,银川,64.0
20170124,9,NO2_24h,银川,61.0
20170124,9,O3,银川,26.0
20170124,9,O3_24h,银川,82.0
20170124,9,O3_8h,银川,26.0
20170124,9,O3_8h_24h,银川,31.0
20170124,9,CO,银川,3.2
20170124,9,CO_24h,银川,2.8
20170124,10,AQI,银川,106.0
20170124,10,PM2.5,银川,80.0
20170124,10,PM2.5_24h,银川,88.0
20170124,10,PM10,银川,132.0
20170124,10,PM10_24h,银川,143.0
20170124,10,SO2,银川,140.0
20170124,10,SO2_24h,银川,168.0
20170124,10,NO2,银川,59.0
20170124,10,NO2_24h,银川,62.0
20170124,10,O3,银川,34.0
20170124,10,O3_24h,银川,82.0
20170124,10,O3_8h,银川,26.0
20170124,10,O3_8h_24h,银川,31.0
20170124,10,CO,银川,3.25
20170124,10,CO_24h,银川,2.75
20170124,11,AQI,银川,99.0
20170124,11,PM2.5,银川,74.0
20170124,11,PM2.5_24h,银川,87.0
20170124,11,PM10,银川,132.0
20170124,11,PM10_24h,银川,142.0
20170124,11,SO2,银川,165.0
20170124,11,SO2_24h,银川,165.0
20170124,11,NO2,银川,45.0
20170124,11,NO2_24h,银川,61.0
20170124,11,O3,银川,48.0
20170124,11,O3_24h,银川,82.0
20170124,11,O3_8h,银川,29.0
20170124,11,O3_8h_24h,银川,33.0
20170124,11,CO,银川,3.65
20170124,11,CO_24h,银川,2.7
20170124,12,AQI,银川,110.0
20170124,12,PM2.5,银川,83.0
20170124,12,PM2.5_24h,银川,85.0
20170124,12,PM10,银川,159.0
20170124,12,PM10_24h,银川,139.0
20170124,12,SO2,银川,179.0
20170124,12,SO2_24h,银川,161.0
20170124,12,NO2,银川,43.0
20170124,12,NO2_24h,银川,61.0
20170124,12,O3,银川,59.0
20170124,12,O3_24h,银川,82.0
20170124,12,O3_8h,银川,33.0
20170124,12,O3_8h_24h,银川,35.0
20170124,12,CO,银川,3.4
20170124,12,CO_24h,银川,2.65
20170124,13,AQI,银川,104.0
20170124,13,PM2.5,银川,78.0
20170124,13,PM2.5_24h,银川,82.0
20170124,13,PM10,银川,135.0
20170124,13,PM10_24h,银川,134.0
20170124,13,SO2,银川,155.0
20170124,13,SO2_24h,银川,156.0
20170124,13,NO2,银川,41.0
20170124,13,NO2_24h,银川,60.0
20170124,13,O3,银川,77.0
20170124,13,O3_24h,银川,82.0
20170124,13,O3_8h,银川,39.0
20170124,13,O3_8h_24h,银川,39.0
20170124,13,CO,银川,2.75
20170124,13,CO_24h,银川,2.6
20170124,14,AQI,银川,85.0
20170124,14,PM2.5,银川,63.0
20170124,14,PM2.5_24h,银川,78.0
20170124,14,PM10,银川,108.0
20170124,14,PM10_24h,银川,129.0
20170124,14,SO2,银川,217.0
20170124,14,SO2_24h,银川,158.0
20170124,14,NO2,银川,54.0
20170124,14,NO2_24h,银川,61.0
20170124,14,O3,银川,81.0
20170124,14,O3_24h,银川,85.0
20170124,14,O3_8h,银川,46.0
20170124,14,O3_8h_24h,银川,46.0
20170124,14,CO,银川,2.9
20170124,14,CO_24h,银川,2.55
20170124,15,AQI,银川,99.0
20170124,15,PM2.5,银川,74.0
20170124,15,PM2.5_24h,银川,77.0
20170124,15,PM10,银川,140.0
20170124,15,PM10_24h,银川,128.0
20170124,15,SO2,银川,207.0
20170124,15,SO2_24h,银川,159.0
20170124,15,NO2,银川,50.0
20170124,15,NO2_24h,银川,61.0
20170124,15,O3,银川,81.0
20170124,15,O3_24h,银川,85.0
20170124,15,O3_8h,银川,53.0
20170124,15,O3_8h_24h,银川,53.0
20170124,15,CO,银川,2.2
20170124,15,CO_24h,银川,2.55
20170124,16,AQI,银川,75.0
20170124,16,PM2.5,银川,55.0
20170124,16,PM2.5_24h,银川,76.0
20170124,16,PM10,银川,82.0
20170124,16,PM10_24h,银川,125.0
20170124,16,SO2,银川,155.0
20170124,16,SO2_24h,银川,158.0
20170124,16,NO2,银川,40.0
20170124,16,NO2_24h,银川,61.0
20170124,16,O3,银川,93.0
20170124,16,O3_24h,银川,93.0
20170124,16,O3_8h,银川,62.0
20170124,16,O3_8h_24h,银川,62.0
20170124,16,CO,银川,1.55
20170124,16,CO_24h,银川,2.55
20170124,17,AQI,银川,65.0
20170124,17,PM2.5,银川,47.0
20170124,17,PM2.5_24h,银川,75.0
20170124,17,PM10,银川,73.0
20170124,17,PM10_24h,银川,124.0
20170124,17,SO2,银川,203.0
20170124,17,SO2_24h,银川,156.0
20170124,17,NO2,银川,58.0
20170124,17,NO2_24h,银川,62.0
20170124,17,O3,银川,81.0
20170124,17,O3_24h,银川,93.0
20170124,17,O3_8h,银川,69.0
20170124,17,O3_8h_24h,银川,69.0
20170124,17,CO,银川,1.65
20170124,17,CO_24h,银川,2.55
20170124,18,AQI,银川,66.0
20170124,18,PM2.5,银川,48.0
20170124,18,PM2.5_24h,银川,73.0
20170124,18,PM10,银川,75.0
20170124,18,PM10_24h,银川,121.0
20170124,18,SO2,银川,190.0
20170124,18,SO2_24h,银川,155.0
20170124,18,NO2,银川,83.0
20170124,18,NO2_24h,银川,62.0
20170124,18,O3,银川,52.0
20170124,18,O3_24h,银川,93.0
20170124,18,O3_8h,银川,71.0
20170124,18,O3_8h_24h,银川,71.0
20170124,18,CO,银川,1.8
20170124,18,CO_24h,银川,2.5
20170124,19,AQI,银川,73.0
20170124,19,PM2.5,银川,53.0
20170124,19,PM2.5_24h,银川,72.0
20170124,19,PM10,银川,81.0
20170124,19,PM10_24h,银川,119.0
20170124,19,SO2,银川,105.0
20170124,19,SO2_24h,银川,151.0
20170124,19,NO2,银川,87.0
20170124,19,NO2_24h,银川,62.0
20170124,19,O3,银川,46.0
20170124,19,O3_24h,银川,93.0
20170124,19,O3_8h,银川,71.0
20170124,19,O3_8h_24h,银川,72.0
20170124,19,CO,银川,1.85
20170124,19,CO_24h,银川,2.5
20170124,20,AQI,银川,82.0
20170124,20,PM2.5,银川,54.0
20170124,20,PM2.5_24h,银川,70.0
20170124,20,PM10,银川,113.0
20170124,20,PM10_24h,银川,117.0
20170124,20,SO2,银川,104.0
20170124,20,SO2_24h,银川,149.0
20170124,20,NO2,银川,105.0
20170124,20,NO2_24h,银川,63.0
20170124,20,O3,银川,32.0
20170124,20,O3_24h,银川,93.0
20170124,20,O3_8h,银川,68.0
20170124,20,O3_8h_24h,银川,72.0
20170124,20,CO,银川,1.75
20170124,20,CO_24h,银川,2.5
20170124,21,AQI,银川,81.0
20170124,21,PM2.5,银川,57.0
20170124,21,PM2.5_24h,银川,69.0
20170124,21,PM10,银川,111.0
20170124,21,PM10_24h,银川,116.0
20170124,21,SO2,银川,121.0
20170124,21,SO2_24h,银川,149.0
20170124,21,NO2,银川,118.0
20170124,21,NO2_24h,银川,65.0
20170124,21,O3,银川,31.0
20170124,21,O3_24h,银川,93.0
20170124,21,O3_8h,银川,62.0
20170124,21,O3_8h_24h,银川,72.0
20170124,21,CO,银川,2.9
20170124,21,CO_24h,银川,2.5
20170124,22,AQI,银川,131.0
20170124,22,PM2.5,银川,100.0
20170124,22,PM2.5_24h,银川,70.0
20170124,22,PM10,银川,173.0
20170124,22,PM10_24h,银川,119.0
20170124,22,SO2,银川,101.0
20170124,22,SO2_24h,银川,149.0
20170124,22,NO2,银川,119.0
20170124,22,NO2_24h,银川,67.0
20170124,22,O3,银川,25.0
20170124,22,O3_24h,银川,93.0
20170124,22,O3_8h,银川,55.0
20170124,22,O3_8h_24h,银川,72.0
20170124,22,CO,银川,2.7
20170124,22,CO_24h,银川,2.6
20170124,23,AQI,银川,90.0
20170124,23,PM2.5,银川,67.0
20170124,23,PM2.5_24h,银川,70.0
20170124,23,PM10,银川,126.0
20170124,23,PM10_24h,银川,121.0
20170124,23,SO2,银川,90.0
20170124,23,SO2_24h,银川,151.0
20170124,23,NO2,银川,101.0
20170124,23,NO2_24h,银川,69.0
20170124,23,O3,银川,26.0
20170124,23,O3_24h,银川,93.0
20170124,23,O3_8h,银川,48.0
20170124,23,O3_8h_24h,银川,72.0
20170124,23,CO,银川,2.65
20170124,23,CO_24h,银川,2.6
20170124,0,AQI,乌鲁木齐,245.0
20170124,0,PM2.5,乌鲁木齐,195.0
20170124,0,PM2.5_24h,乌鲁木齐,232.0
20170124,0,PM10_24h,乌鲁木齐,186.0
20170124,0,SO2,乌鲁木齐,40.0
20170124,0,SO2_24h,乌鲁木齐,42.0
20170124,0,NO2,乌鲁木齐,83.0
20170124,0,NO2_24h,乌鲁木齐,95.0
20170124,0,O3,乌鲁木齐,38.0
20170124,0,O3_24h,乌鲁木齐,55.0
20170124,0,O3_8h,乌鲁木齐,37.0
20170124,0,O3_8h_24h,乌鲁木齐,39.0
20170124,0,CO,乌鲁木齐,2.13
20170124,0,CO_24h,乌鲁木齐,3.13
20170124,1,AQI,乌鲁木齐,216.0
20170124,1,PM2.5,乌鲁木齐,166.0
20170124,1,PM2.5_24h,乌鲁木齐,229.0
20170124,1,PM10_24h,乌鲁木齐,186.0
20170124,1,SO2,乌鲁木齐,38.0
20170124,1,SO2_24h,乌鲁木齐,43.0
20170124,1,NO2,乌鲁木齐,93.0
20170124,1,NO2_24h,乌鲁木齐,95.0
20170124,1,O3,乌鲁木齐,30.0
20170124,1,O3_24h,乌鲁木齐,55.0
20170124,1,O3_8h,乌鲁木齐,30.0
20170124,1,O3_8h_24h,乌鲁木齐,30.0
20170124,1,CO,乌鲁木齐,2.2
20170124,1,CO_24h,乌鲁木齐,3.07
20170124,2,AQI,乌鲁木齐,191.0
20170124,2,PM2.5,乌鲁木齐,144.0
20170124,2,PM2.5_24h,乌鲁木齐,226.0
20170124,2,PM10_24h,乌鲁木齐,227.0
20170124,2,SO2,乌鲁木齐,32.0
20170124,2,SO2_24h,乌鲁木齐,43.0
20170124,2,NO2,乌鲁木齐,66.0
20170124,2,NO2_24h,乌鲁木齐,94.0
20170124,2,O3,乌鲁木齐,36.0
20170124,2,O3_24h,乌鲁木齐,56.0
20170124,2,O3_8h,乌鲁木齐,33.0
20170124,2,O3_8h_24h,乌鲁木齐,35.0
20170124,2,CO,乌鲁木齐,2.07
20170124,2,CO_24h,乌鲁木齐,3.05
20170124,3,AQI,乌鲁木齐,134.0
20170124,3,PM2.5,乌鲁木齐,102.0
20170124,3,PM2.5_24h,乌鲁木齐,221.0
20170124,3,PM10_24h,乌鲁木齐,249.0
20170124,3,SO2,乌鲁木齐,27.0
20170124,3,SO2_24h,乌鲁木齐,42.0
20170124,3,NO2,乌鲁木齐,42.0
20170124,3,NO2_24h,乌鲁木齐,92.0
20170124,3,O3,乌鲁木齐,45.0
20170124,3,O3_24h,乌鲁木齐,61.0
20170124,3,O3_8h,乌鲁木齐,37.0
20170124,3,O3_8h_24h,乌鲁木齐,41.0
20170124,3,CO,乌鲁木齐,1.6
20170124,3,CO_24h,乌鲁木齐,3.02
20170124,4,AQI,乌鲁木齐,200.0
20170124,4,PM2.5,乌鲁木齐,150.0
20170124,4,PM2.5_24h,乌鲁木齐,219.0
20170124,4,PM10,乌鲁木齐,163.0
20170124,4,PM10_24h,乌鲁木齐,212.0
20170124,4,SO2,乌鲁木齐,39.0
20170124,4,SO2_24h,乌鲁木齐,42.0
20170124,4,NO2,乌鲁木齐,88.0
20170124,4,NO2_24h,乌鲁木齐,91.0
20170124,4,O3,乌鲁木齐,18.0
20170124,4,O3_24h,乌鲁木齐,61.0
20170124,4,O3_8h,乌鲁木齐,32.0
20170124,4,O3_8h_24h,乌鲁木齐,41.0
20170124,4,CO,乌鲁木齐,2.6
20170124,4,CO_24h,乌鲁木齐,3.0
20170124,5,AQI,乌鲁木齐,269.0
20170124,5,PM2.5,乌鲁木齐,219.0
20170124,5,PM2.5_24h,乌鲁木齐,233.0
20170124,5,PM10_24h,乌鲁木齐,163.0
20170124,5,SO2,乌鲁木齐,45.0
20170124,5,SO2_24h,乌鲁木齐,42.0
20170124,5,NO2,乌鲁木齐,92.0
20170124,5,NO2_24h,乌鲁木齐,86.0
20170124,5,O3,乌鲁木齐,18.0
20170124,5,O3_24h,乌鲁木齐,70.0
20170124,5,O3_8h,乌鲁木齐,30.0
20170124,5,O3_8h_24h,乌鲁木齐,44.0
20170124,5,CO,乌鲁木齐,3.1
20170124,5,CO_24h,乌鲁木齐,3.23
20170124,6,AQI,乌鲁木齐,224.0
20170124,6,PM2.5,乌鲁木齐,174.0
20170124,6,PM2.5_24h,乌鲁木齐,219.0
20170124,6,PM10_24h,乌鲁木齐,224.0
20170124,6,SO2,乌鲁木齐,34.0
20170124,6,SO2_24h,乌鲁木齐,38.0
20170124,6,NO2,乌鲁木齐,71.0
20170124,6,NO2_24h,乌鲁木齐,88.0
20170124,6,O3,乌鲁木齐,31.0
20170124,6,O3_24h,乌鲁木齐,63.0
20170124,6,O3_8h,乌鲁木齐,31.0
20170124,6,O3_8h_24h,乌鲁木齐,42.0
20170124,6,CO,乌鲁木齐,2.75
20170124,6,CO_24h,乌鲁木齐,3.2
20170124,7,AQI,乌鲁木齐,320.0
20170124,7,PM2.5,乌鲁木齐,270.0
20170124,7,PM2.5_24h,乌鲁木齐,223.0
20170124,7,PM10,乌鲁木齐,288.0
20170124,7,PM10_24h,乌鲁木齐,304.0
20170124,7,SO2,乌鲁木齐,24.0
20170124,7,SO2_24h,乌鲁木齐,43.0
20170124,7,NO2,乌鲁木齐,91.0
20170124,7,NO2_24h,乌鲁木齐,91.0
20170124,7,O3,乌鲁木齐,13.0
20170124,7,O3_24h,乌鲁木齐,61.0
20170124,7,O3_8h,乌鲁木齐,28.0
20170124,7,O3_8h_24h,乌鲁木齐,41.0
20170124,7,CO,乌鲁木齐,3.18
20170124,7,CO_24h,乌鲁木齐,3.02
20170124,8,AQI,乌鲁木齐,359.0
20170124,8,PM2.5,乌鲁木齐,309.0
20170124,8,PM2.5_24h,乌鲁木齐,228.0
20170124,8,PM10,乌鲁木齐,290.0
20170124,8,PM10_24h,乌鲁木齐,305.0
20170124,8,SO2,乌鲁木齐,25.0
20170124,8,SO2_24h,乌鲁木齐,43.0
20170124,8,NO2,乌鲁木齐,98.0
20170124,8,NO2_24h,乌鲁木齐,90.0
20170124,8,O3,乌鲁木齐,8.0
20170124,8,O3_24h,乌鲁木齐,61.0
20170124,8,O3_8h,乌鲁木齐,25.0
20170124,8,O3_8h_24h,乌鲁木齐,41.0
20170124,8,CO,乌鲁木齐,3.62
20170124,8,CO_24h,乌鲁木齐,3.03
20170124,9,AQI,乌鲁木齐,374.0
20170124,9,PM2.5,乌鲁木齐,324.0
20170124,9,PM2.5_24h,乌鲁木齐,233.0
20170124,9,PM10_24h,乌鲁木齐,305.0
20170124,9,SO2,乌鲁木齐,29.0
20170124,9,SO2_24h,乌鲁木齐,42.0
20170124,9,NO2,乌鲁木齐,100.0
20170124,9,NO2_24h,乌鲁木齐,91.0
20170124,9,O3,乌鲁木齐,7.0
20170124,9,O3_24h,乌鲁木齐,61.0
20170124,9,O3_8h,乌鲁木齐,22.0
20170124,9,O3_8h_24h,乌鲁木齐,41.0
20170124,9,CO,乌鲁木齐,3.62
20170124,9,CO_24h,乌鲁木齐,3.1
20170124,10,AQI,乌鲁木齐,323.0
20170124,10,PM2.5,乌鲁木齐,273.0
20170124,10,PM2.5_24h,乌鲁木齐,238.0
20170124,10,PM10_24h,乌鲁木齐,305.0
20170124,10,SO2,乌鲁木齐,32.0
20170124,10,SO2_24h,乌鲁木齐,43.0
20170124,10,NO2,乌鲁木齐,98.0
20170124,10,NO2_24h,乌鲁木齐,91.0
20170124,10,O3,乌鲁木齐,7.0
20170124,10,O3_24h,乌鲁木齐,61.0
20170124,10,O3_8h,乌鲁木齐,18.0
20170124,10,O3_8h_24h,乌鲁木齐,41.0
20170124,10,CO,乌鲁木齐,3.65
20170124,10,CO_24h,乌鲁木齐,3.13
20170124,11,AQI,乌鲁木齐,268.0
20170124,11,PM2.5,乌鲁木齐,218.0
20170124,11,PM2.5_24h,乌鲁木齐,240.0
20170124,11,PM10_24h,乌鲁木齐,305.0
20170124,11,SO2,乌鲁木齐,31.0
20170124,11,SO2_24h,乌鲁木齐,42.0
20170124,11,NO2,乌鲁木齐,86.0
20170124,11,NO2_24h,乌鲁木齐,90.0
20170124,11,O3,乌鲁木齐,15.0
20170124,11,O3_24h,乌鲁木齐,61.0
20170124,11,O3_8h,乌鲁木齐,13.0
20170124,11,O3_8h_24h,乌鲁木齐,41.0
20170124,11,CO,乌鲁木齐,3.53
20170124,11,CO_24h,乌鲁木齐,3.1
20170124,12,AQI,乌鲁木齐,230.0
20170124,12,PM2.5,乌鲁木齐,180.0
20170124,12,PM2.5_24h,乌鲁木齐,238.0
20170124,12,PM10,乌鲁木齐,106.0
20170124,12,PM10_24h,乌鲁木齐,267.0
20170124,12,SO2,乌鲁木齐,33.0
20170124,12,SO2_24h,乌鲁木齐,41.0
20170124,12,NO2,乌鲁木齐,82.0
20170124,12,NO2_24h,乌鲁木齐,90.0
20170124,12,O3,乌鲁木齐,20.0
20170124,12,O3_24h,乌鲁木齐,61.0
20170124,12,O3_8h,乌鲁木齐,14.0
20170124,12,O3_8h_24h,乌鲁木齐,41.0
20170124,12,CO,乌鲁木齐,3.32
20170124,12,CO_24h,乌鲁木齐,3.07
20170124,13,AQI,乌鲁木齐,190.0
20170124,13,PM2.5,乌鲁木齐,143.0
20170124,13,PM2.5_24h,乌鲁木齐,233.0
20170124,13,PM10,乌鲁木齐,96.0
20170124,13,PM10_24h,乌鲁木齐,259.0
20170124,13,SO2,乌鲁木齐,33.0
20170124,13,SO2_24h,乌鲁木齐,40.0
20170124,13,NO2,乌鲁木齐,78.0
20170124,13,NO2_24h,乌鲁木齐,88.0
20170124,13,O3,乌鲁木齐,24.0
20170124,13,O3_24h,乌鲁木齐,61.0
20170124,13,O3_8h,乌鲁木齐,15.0
20170124,13,O3_8h_24h,乌鲁木齐,41.0
20170124,13,CO,乌鲁木齐,2.6
20170124,13,CO_24h,乌鲁木齐,3.0
20170124,14,AQI,乌鲁木齐,138.0
20170124,14,PM2.5,乌鲁木齐,105.0
20170124,14,PM2.5_24h,乌鲁木齐,224.0
20170124,14,PM10_24h,乌鲁木齐,256.0
20170124,14,SO2,乌鲁木齐,27.0
20170124,14,SO2_24h,乌鲁木齐,38.0
20170124,14,NO2,乌鲁木齐,61.0
20170124,14,NO2_24h,乌鲁木齐,86.0
20170124,14,O3,乌鲁木齐,53.0
20170124,14,O3_24h,乌鲁木齐,69.0
20170124,14,O3_8h,乌鲁木齐,18.0
20170124,14,O3_8h_24h,乌鲁木齐,41.0
20170124,14,CO,乌鲁木齐,1.67
20170124,14,CO_24h,乌鲁木齐,2.88
20170124,15,AQI,乌鲁木齐,111.0
20170124,15,PM2.5,乌鲁木齐,84.0
20170124,15,PM2.5_24h,乌鲁木齐,216.0
20170124,15,PM10,乌鲁木齐,34.0
20170124,15,PM10_24h,乌鲁木齐,252.0
20170124,15,SO2,乌鲁木齐,25.0
20170124,15,SO2_24h,乌鲁木齐,37.0
20170124,15,NO2,乌鲁木齐,49.0
20170124,15,NO2_24h,乌鲁木齐,84.0
20170124,15,O3,乌鲁木齐,53.0
20170124,15,O3_24h,乌鲁木齐,72.0
20170124,15,O3_8h,乌鲁木齐,24.0
20170124,15,O3_8h_24h,乌鲁木齐,41.0
20170124,15,CO,乌鲁木齐,1.3
20170124,15,CO_24h,乌鲁木齐,2.78
20170124,16,AQI,乌鲁木齐,100.0
20170124,16,PM2.5,乌鲁木齐,75.0
20170124,16,PM2.5_24h,乌鲁木齐,208.0
20170124,16,PM10,乌鲁木齐,91.0
20170124,16,PM10_24h,乌鲁木齐,225.0
20170124,16,SO2,乌鲁木齐,28.0
20170124,16,SO2_24h,乌鲁木齐,36.0
20170124,16,NO2,乌鲁木齐,72.0
20170124,16,NO2_24h,乌鲁木齐,83.0
20170124,16,O3,乌鲁木齐,44.0
20170124,16,O3_24h,乌鲁木齐,72.0
20170124,16,O3_8h,乌鲁木齐,28.0
20170124,16,O3_8h_24h,乌鲁木齐,41.0
20170124,16,CO,乌鲁木齐,1.82
20170124,16,CO_24h,乌鲁木齐,2.73
20170124,17,AQI,乌鲁木齐,211.0
20170124,17,PM2.5,乌鲁木齐,161.0
20170124,17,PM2.5_24h,乌鲁木齐,204.0
20170124,17,PM10,乌鲁木齐,37.0
20170124,17,PM10_24h,乌鲁木齐,222.0
20170124,17,SO2,乌鲁木齐,32.0
20170124,17,SO2_24h,乌鲁木齐,35.0
20170124,17,NO2,乌鲁木齐,98.0
20170124,17,NO2_24h,乌鲁木齐,83.0
20170124,17,O3,乌鲁木齐,33.0
20170124,17,O3_24h,乌鲁木齐,72.0
20170124,17,O3_8h,乌鲁木齐,31.0
20170124,17,O3_8h_24h,乌鲁木齐,43.0
20170124,17,CO,乌鲁木齐,2.8
20170124,17,CO_24h,乌鲁木齐,2.7
20170124,18,AQI,乌鲁木齐,229.0
20170124,18,PM2.5,乌鲁木齐,179.0
20170124,18,PM2.5_24h,乌鲁木齐,199.0
20170124,18,PM10,乌鲁木齐,147.0
20170124,18,PM10_24h,乌鲁木齐,198.0
20170124,18,SO2,乌鲁木齐,51.0
20170124,18,SO2_24h,乌鲁木齐,35.0
20170124,18,NO2,乌鲁木齐,90.0
20170124,18,NO2_24h,乌鲁木齐,82.0
20170124,18,O3,乌鲁木齐,36.0
20170124,18,O3_24h,乌鲁木齐,72.0
20170124,18,O3_8h,乌鲁木齐,35.0
20170124,18,O3_8h_24h,乌鲁木齐,45.0
20170124,18,CO,乌鲁木齐,2.47
20170124,18,CO_24h,乌鲁木齐,2.67
20170124,19,AQI,乌鲁木齐,221.0
20170124,19,PM2.5,乌鲁木齐,171.0
20170124,19,PM2.5_24h,乌鲁木齐,194.0
20170124,19,PM10,乌鲁木齐,95.0
20170124,19,PM10_24h,乌鲁木齐,183.0
20170124,19,SO2,乌鲁木齐,27.0
20170124,19,SO2_24h,乌鲁木齐,34.0
20170124,19,NO2,乌鲁木齐,99.0
20170124,19,NO2_24h,乌鲁木齐,82.0
20170124,19,O3,乌鲁木齐,25.0
20170124,19,O3_24h,乌鲁木齐,70.0
20170124,19,O3_8h,乌鲁木齐,36.0
20170124,19,O3_8h_24h,乌鲁木齐,46.0
20170124,19,CO,乌鲁木齐,2.72
20170124,19,CO_24h,乌鲁木齐,2.63
20170124,20,AQI,乌鲁木齐,269.0
20170124,20,PM2.5,乌鲁木齐,219.0
20170124,20,PM2.5_24h,乌鲁木齐,191.0
20170124,20,PM10,乌鲁木齐,126.0
20170124,20,PM10_24h,乌鲁木齐,175.0
20170124,20,SO2,乌鲁木齐,27.0
20170124,20,SO2_24h,乌鲁木齐,34.0
20170124,20,NO2,乌鲁木齐,91.0
20170124,20,NO2_24h,乌鲁木齐,83.0
20170124,20,O3,乌鲁木齐,28.0
20170124,20,O3_24h,乌鲁木齐,70.0
20170124,20,O3_8h,乌鲁木齐,37.0
20170124,20,O3_8h_24h,乌鲁木齐,47.0
20170124,20,CO,乌鲁木齐,2.57
20170124,20,CO_24h,乌鲁木齐,2.62
20170124,21,AQI,乌鲁木齐,277.0
20170124,21,PM2.5,乌鲁木齐,227.0
20170124,21,PM2.5_24h,乌鲁木齐,190.0
20170124,21,PM10,乌鲁木齐,182.0
20170124,21,PM10_24h,乌鲁木齐,172.0
20170124,21,SO2,乌鲁木齐,27.0
20170124,21,SO2_24h,乌鲁木齐,33.0
20170124,21,NO2,乌鲁木齐,77.0
20170124,21,NO2_24h,乌鲁木齐,83.0
20170124,21,O3,乌鲁木齐,37.0
20170124,21,O3_24h,乌鲁木齐,70.0
20170124,21,O3_8h,乌鲁木齐,39.0
20170124,21,O3_8h_24h,乌鲁木齐,47.0
20170124,21,CO,乌鲁木齐,2.23
20170124,21,CO_24h,乌鲁木齐,2.6
20170124,22,AQI,乌鲁木齐,253.0
20170124,22,PM2.5,乌鲁木齐,203.0
20170124,22,PM2.5_24h,乌鲁木齐,188.0
20170124,22,PM10_24h,乌鲁木齐,172.0
20170124,22,SO2,乌鲁木齐,32.0
20170124,22,SO2_24h,乌鲁木齐,32.0
20170124,22,NO2,乌鲁木齐,89.0
20170124,22,NO2_24h,乌鲁木齐,83.0
20170124,22,O3,乌鲁木齐,26.0
20170124,22,O3_24h,乌鲁木齐,70.0
20170124,22,O3_8h,乌鲁木齐,35.0
20170124,22,O3_8h_24h,乌鲁木齐,47.0
20170124,22,CO,乌鲁木齐,2.23
20170124,22,CO_24h,乌鲁木齐,2.57
20170124,23,AQI,乌鲁木齐,230.0
20170124,23,PM2.5,乌鲁木齐,180.0
20170124,23,PM2.5_24h,乌鲁木齐,186.0
20170124,23,PM10,乌鲁木齐,126.0
20170124,23,PM10_24h,乌鲁木齐,169.0
20170124,23,SO2,乌鲁木齐,35.0
20170124,23,SO2_24h,乌鲁木齐,32.0
20170124,23,NO2,乌鲁木齐,80.0
20170124,23,NO2_24h,乌鲁木齐,83.0
20170124,23,O3,乌鲁木齐,34.0
20170124,23,O3_24h,乌鲁木齐,70.0
20170124,23,O3_8h,乌鲁木齐,33.0
20170124,23,O3_8h_24h,乌鲁木齐,47.0
20170124,23,CO,乌鲁木齐,1.97
20170124,23,CO_24h,乌鲁木齐,2.55
20170124,0,AQI,湘潭,114.0
20170124,0,PM2.5,湘潭,86.0
20170124,0,PM2.5_24h,湘潭,77.0
20170124,0,PM10,湘潭,175.0
20170124,0,PM10_24h,湘潭,136.0
20170124,0,SO2,湘潭,21.0
20170124,0,SO2_24h,湘潭,24.0
20170124,0,NO2,湘潭,93.0
20170124,0,NO2_24h,湘潭,64.0
20170124,0,O3,湘潭,16.0
20170124,0,O3_24h,湘潭,117.0
20170124,0,O3_8h,湘潭,54.0
20170124,0,O3_8h_24h,湘潭,97.0
20170124,0,CO,湘潭,1.2
20170124,0,CO_24h,湘潭,1.15
20170124,1,AQI,湘潭,109.0
20170124,1,PM2.5,湘潭,82.0
20170124,1,PM2.5_24h,湘潭,76.0
20170124,1,PM10,湘潭,162.0
20170124,1,PM10_24h,湘潭,135.0
20170124,1,SO2,湘潭,22.0
20170124,1,SO2_24h,湘潭,24.0
20170124,1,NO2,湘潭,91.0
20170124,1,NO2_24h,湘潭,65.0
20170124,1,O3,湘潭,15.0
20170124,1,O3_24h,湘潭,117.0
20170124,1,O3_8h,湘潭,15.0
20170124,1,O3_8h_24h,湘潭,15.0
20170124,1,CO,湘潭,1.23
20170124,1,CO_24h,湘潭,1.13
20170124,2,AQI,湘潭,102.0
20170124,2,PM2.5,湘潭,75.0
20170124,2,PM2.5_24h,湘潭,75.0
20170124,2,PM10,湘潭,154.0
20170124,2,PM10_24h,湘潭,134.0
20170124,2,SO2,湘潭,23.0
20170124,2,SO2_24h,湘潭,24.0
20170124,2,NO2,湘潭,79.0
20170124,2,NO2_24h,湘潭,64.0
20170124,2,O3,湘潭,26.0
20170124,2,O3_24h,湘潭,117.0
20170124,2,O3_8h,湘潭,21.0
20170124,2,O3_8h_24h,湘潭,21.0
20170124,2,CO,湘潭,1.17
20170124,2,CO_24h,湘潭,1.12
20170124,3,AQI,湘潭,84.0
20170124,3,PM2.5,湘潭,62.0
20170124,3,PM2.5_24h,湘潭,73.0
20170124,3,PM10,湘潭,116.0
20170124,3,PM10_24h,湘潭,131.0
20170124,3,SO2,湘潭,23.0
20170124,3,SO2_24h,湘潭,24.0
20170124,3,NO2,湘潭,61.0
20170124,3,NO2_24h,湘潭,64.0
20170124,3,O3,湘潭,42.0
20170124,3,O3_24h,湘潭,117.0
20170124,3,O3_8h,湘潭,28.0
20170124,3,O3_8h_24h,湘潭,28.0
20170124,3,CO,湘潭,1.03
20170124,3,CO_24h,湘潭,1.12
20170124,4,AQI,湘潭,75.0
20170124,4,PM2.5,湘潭,48.0
20170124,4,PM2.5_24h,湘潭,71.0
20170124,4,PM10,湘潭,100.0
20170124,4,PM10_24h,湘潭,129.0
20170124,4,SO2,湘潭,22.0
20170124,4,SO2_24h,湘潭,24.0
20170124,4,NO2,湘潭,36.0
20170124,4,NO2_24h,湘潭,63.0
20170124,4,O3,湘潭,64.0
20170124,4,O3_24h,湘潭,117.0
20170124,4,O3_8h,湘潭,37.0
20170124,4,O3_8h_24h,湘潭,37.0
20170124,4,CO,湘潭,0.82
20170124,4,CO_24h,湘潭,1.1
20170124,5,AQI,湘潭,66.0
20170124,5,PM2.5,湘潭,45.0
20170124,5,PM2.5_24h,湘潭,69.0
20170124,5,PM10,湘潭,82.0
20170124,5,PM10_24h,湘潭,126.0
20170124,5,SO2,湘潭,48.0
20170124,5,SO2_24h,湘潭,25.0
20170124,5,NO2,湘潭,27.0
20170124,5,NO2_24h,湘潭,61.0
20170124,5,O3,湘潭,74.0
20170124,5,O3_24h,湘潭,117.0
20170124,5,O3_8h,湘潭,44.0
20170124,5,O3_8h_24h,湘潭,44.0
20170124,5,CO,湘潭,0.77
20170124,5,CO_24h,湘潭,1.1
20170124,6,AQI,湘潭,68.0
20170124,6,PM2.5,湘潭,49.0
20170124,6,PM2.5_24h,湘潭,67.0
20170124,6,PM10,湘潭,83.0
20170124,6,PM10_24h,湘潭,124.0
20170124,6,SO2,湘潭,89.0
20170124,6,SO2_24h,湘潭,28.0
20170124,6,NO2,湘潭,34.0
20170124,6,NO2_24h,湘潭,60.0
20170124,6,O3,湘潭,65.0
20170124,6,O3_24h,湘潭,117.0
20170124,6,O3_8h,湘潭,48.0
20170124,6,O3_8h_24h,湘潭,48.0
20170124,6,CO,湘潭,0.87
20170124,6,CO_24h,湘潭,1.07
20170124,7,AQI,湘潭,72.0
20170124,7,PM2.5,湘潭,52.0
20170124,7,PM2.5_24h,湘潭,66.0
20170124,7,PM10,湘潭,94.0
20170124,7,PM10_24h,湘潭,122.0
20170124,7,SO2,湘潭,106.0
20170124,7,SO2_24h,湘潭,32.0
20170124,7,NO2,湘潭,40.0
20170124,7,NO2_24h,湘潭,59.0
20170124,7,O3,湘潭,56.0
20170124,7,O3_24h,湘潭,117.0
20170124,7,O3_8h,湘潭,49.0
20170124,7,O3_8h_24h,湘潭,49.0
20170124,7,CO,湘潭,0.95
20170124,7,CO_24h,湘潭,1.03
20170124,8,AQI,湘潭,73.0
20170124,8,PM2.5,湘潭,49.0
20170124,8,PM2.5_24h,湘潭,64.0
20170124,8,PM10,湘潭,96.0
20170124,8,PM10_24h,湘潭,120.0
20170124,8,SO2,湘潭,54.0
20170124,8,SO2_24h,湘潭,33.0
20170124,8,NO2,湘潭,48.0
20170124,8,NO2_24h,湘潭,58.0
20170124,8,O3,湘潭,50.0
20170124,8,O3_24h,湘潭,117.0
20170124,8,O3_8h,湘潭,49.0
20170124,8,O3_8h_24h,湘潭,49.0
20170124,8,CO,湘潭,0.95
20170124,8,CO_24h,湘潭,1.02
20170124,9,AQI,湘潭,71.0
20170124,9,PM2.5,湘潭,52.0
20170124,9,PM2.5_24h,湘潭,63.0
20170124,9,PM10,湘潭,91.0
20170124,9,PM10_24h,湘潭,119.0
20170124,9,SO2,湘潭,49.0
20170124,9,SO2_24h,湘潭,34.0
20170124,9,NO2,湘潭,61.0
20170124,9,NO2_24h,湘潭,58.0
20170124,9,O3,湘潭,38.0
20170124,9,O3_24h,湘潭,117.0
20170124,9,O3_8h,湘潭,52.0
20170124,9,O3_8h_24h,湘潭,52.0
20170124,9,CO,湘潭,1.0
20170124,9,CO_24h,湘潭,1.02
20170124,10,AQI,湘潭,78.0
20170124,10,PM2.5,湘潭,57.0
20170124,10,PM2.5_24h,湘潭,62.0
20170124,10,PM10,湘潭,104.0
20170124,10,PM10_24h,湘潭,118.0
20170124,10,SO2,湘潭,66.0
20170124,10,SO2_24h,湘潭,35.0
20170124,10,NO2,湘潭,68.0
20170124,10,NO2_24h,湘潭,58.0
20170124,10,O3,湘潭,35.0
20170124,10,O3_24h,湘潭,117.0
20170124,10,O3_8h,湘潭,53.0
20170124,10,O3_8h_24h,湘潭,54.0
20170124,10,CO,湘潭,1.07
20170124,10,CO_24h,湘潭,1.02
20170124,11,AQI,湘潭,81.0
20170124,11,PM2.5,湘潭,59.0
20170124,11,PM2.5_24h,湘潭,62.0
20170124,11,PM10,湘潭,111.0
20170124,11,PM10_24h,湘潭,117.0
20170124,11,SO2,湘潭,64.0
20170124,11,SO2_24h,湘潭,36.0
20170124,11,NO2,湘潭,59.0
20170124,11,NO2_24h,湘潭,57.0
20170124,11,O3,湘潭,44.0
20170124,11,O3_24h,湘潭,117.0
20170124,11,O3_8h,湘潭,53.0
20170124,11,O3_8h_24h,湘潭,55.0
20170124,11,CO,湘潭,0.92
20170124,11,CO_24h,湘潭,1.02
20170124,12,AQI,湘潭,82.0
20170124,12,PM2.5,湘潭,57.0
20170124,12,PM2.5_24h,湘潭,61.0
20170124,12,PM10,湘潭,114.0
20170124,12,PM10_24h,湘潭,116.0
20170124,12,SO2,湘潭,74.0
20170124,12,SO2_24h,湘潭,38.0
20170124,12,NO2,湘潭,49.0
20170124,12,NO2_24h,湘潭,58.0
20170124,12,O3,湘潭,62.0
20170124,12,O3_24h,湘潭,117.0
20170124,12,O3_8h,湘潭,53.0
20170124,12,O3_8h_24h,湘潭,56.0
20170124,12,CO,湘潭,0.92
20170124,12,CO_24h,湘潭,1.0
20170124,13,AQI,湘潭,82.0
20170124,13,PM2.5,湘潭,56.0
20170124,13,PM2.5_24h,湘潭,61.0
20170124,13,PM10,湘潭,113.0
20170124,13,PM10_24h,湘潭,115.0
20170124,13,SO2,湘潭,57.0
20170124,13,SO2_24h,湘潭,39.0
20170124,13,NO2,湘潭,40.0
20170124,13,NO2_24h,湘潭,58.0
20170124,13,O3,湘潭,72.0
20170124,13,O3_24h,湘潭,117.0
20170124,13,O3_8h,湘潭,53.0
20170124,13,O3_8h_24h,湘潭,56.0
20170124,13,CO,湘潭,0.9
20170124,13,CO_24h,湘潭,1.0
20170124,14,AQI,湘潭,75.0
20170124,14,PM2.5,湘潭,55.0
20170124,14,PM2.5_24h,湘潭,61.0
20170124,14,PM10,湘潭,100.0
20170124,14,PM10_24h,湘潭,115.0
20170124,14,SO2,湘潭,28.0
20170124,14,SO2_24h,湘潭,39.0
20170124,14,NO2,湘潭,30.0
20170124,14,NO2_24h,湘潭,58.0
20170124,14,O3,湘潭,86.0
20170124,14,O3_24h,湘潭,117.0
20170124,14,O3_8h,湘潭,55.0
20170124,14,O3_8h_24h,湘潭,57.0
20170124,14,CO,湘潭,0.85
20170124,14,CO_24h,湘潭,1.0
20170124,15,AQI,湘潭,85.0
20170124,15,PM2.5,湘潭,63.0
20170124,15,PM2.5_24h,湘潭,61.0
20170124,15,PM10,湘潭,99.0
20170124,15,PM10_24h,湘潭,115.0
20170124,15,SO2,湘潭,22.0
20170124,15,SO2_24h,湘潭,39.0
20170124,15,NO2,湘潭,29.0
20170124,15,NO2_24h,湘潭,58.0
20170124,15,O3,湘潭,87.0
20170124,15,O3_24h,湘潭,117.0
20170124,15,O3_8h,湘潭,59.0
20170124,15,O3_8h_24h,湘潭,60.0
20170124,15,CO,湘潭,0.92
20170124,15,CO_24h,湘潭,1.02
20170124,16,AQI,湘潭,86.0
20170124,16,PM2.5,湘潭,64.0
20170124,16,PM2.5_24h,湘潭,61.0
20170124,16,PM10,湘潭,105.0
20170124,16,PM10_24h,湘潭,110.0
20170124,16,SO2,湘潭,22.0
20170124,16,SO2_24h,湘潭,38.0
20170124,16,NO2,湘潭,45.0
20170124,16,NO2_24h,湘潭,56.0
20170124,16,O3,湘潭,72.0
20170124,16,O3_24h,湘潭,117.0
20170124,16,O3_8h,湘潭,65.0
20170124,16,O3_8h_24h,湘潭,66.0
20170124,16,CO,湘潭,1.04
20170124,16,CO_24h,湘潭,1.02
20170124,17,AQI,湘潭,88.0
20170124,17,PM2.5,湘潭,65.0
20170124,17,PM2.5_24h,湘潭,62.0
20170124,17,PM10,湘潭,111.0
20170124,17,PM10_24h,湘潭,117.0
20170124,17,SO2,湘潭,20.0
20170124,17,SO2_24h,湘潭,39.0
20170124,17,NO2,湘潭,56.0
20170124,17,NO2_24h,湘潭,60.0
20170124,17,O3,湘潭,59.0
20170124,17,O3_24h,湘潭,102.0
20170124,17,O3_8h,湘潭,64.0
20170124,17,O3_8h_24h,湘潭,64.0
20170124,17,CO,湘潭,1.03
20170124,17,CO_24h,湘潭,1.02
20170124,18,AQI,湘潭,144.0
20170124,18,PM2.5,湘潭,110.0
20170124,18,PM2.5_24h,湘潭,65.0
20170124,18,PM10,湘潭,124.0
20170124,18,PM10_24h,湘潭,118.0
20170124,18,SO2,湘潭,20.0
20170124,18,SO2_24h,湘潭,39.0
20170124,18,NO2,湘潭,42.0
20170124,18,NO2_24h,湘潭,60.0
20170124,18,O3,湘潭,60.0
20170124,18,O3_24h,湘潭,88.0
20170124,18,O3_8h,湘潭,67.0
20170124,18,O3_8h_24h,湘潭,67.0
20170124,18,CO,湘潭,1.17
20170124,18,CO_24h,湘潭,1.03
20170124,19,AQI,湘潭,146.0
20170124,19,PM2.5,湘潭,112.0
20170124,19,PM2.5_24h,湘潭,67.0
20170124,19,PM10,湘潭,156.0
20170124,19,PM10_24h,湘潭,120.0
20170124,19,SO2,湘潭,21.0
20170124,19,SO2_24h,湘潭,39.0
20170124,19,NO2,湘潭,38.0
20170124,19,NO2_24h,湘潭,58.0
20170124,19,O3,湘潭,64.0
20170124,19,O3_24h,湘潭,88.0
20170124,19,O3_8h,湘潭,70.0
20170124,19,O3_8h_24h,湘潭,70.0
20170124,19,CO,湘潭,1.1
20170124,19,CO_24h,湘潭,1.03
20170124,20,AQI,湘潭,160.0
20170124,20,PM2.5,湘潭,122.0
20170124,20,PM2.5_24h,湘潭,69.0
20170124,20,PM10,湘潭,155.0
20170124,20,PM10_24h,湘潭,121.0
20170124,20,SO2,湘潭,20.0
20170124,20,SO2_24h,湘潭,39.0
20170124,20,NO2,湘潭,37.0
20170124,20,NO2_24h,湘潭,56.0
20170124,20,O3,湘潭,53.0
20170124,20,O3_24h,湘潭,88.0
20170124,20,O3_8h,湘潭,69.0
20170124,20,O3_8h_24h,湘潭,70.0
20170124,20,CO,湘潭,1.17
20170124,20,CO_24h,湘潭,1.03
20170124,21,AQI,湘潭,171.0
20170124,21,PM2.5,湘潭,130.0
20170124,21,PM2.5_24h,湘潭,71.0
20170124,21,PM10,湘潭,162.0
20170124,21,PM10_24h,湘潭,121.0
20170124,21,SO2,湘潭,21.0
20170124,21,SO2_24h,湘潭,39.0
20170124,21,NO2,湘潭,34.0
20170124,21,NO2_24h,湘潭,54.0
20170124,21,O3,湘潭,46.0
20170124,21,O3_24h,湘潭,88.0
20170124,21,O3_8h,湘潭,65.0
20170124,21,O3_8h_24h,湘潭,70.0
20170124,21,CO,湘潭,1.22
20170124,21,CO_24h,湘潭,1.03
20170124,22,AQI,湘潭,166.0
20170124,22,PM2.5,湘潭,126.0
20170124,22,PM2.5_24h,湘潭,73.0
20170124,22,PM10,湘潭,167.0
20170124,22,PM10_24h,湘潭,122.0
20170124,22,SO2,湘潭,24.0
20170124,22,SO2_24h,湘潭,39.0
20170124,22,NO2,湘潭,35.0
20170124,22,NO2_24h,湘潭,51.0
20170124,22,O3,湘潭,43.0
20170124,22,O3_24h,湘潭,88.0
20170124,22,O3_8h,湘潭,60.0
20170124,22,O3_8h_24h,湘潭,70.0
20170124,22,CO,湘潭,1.2
20170124,22,CO_24h,湘潭,1.02
20170124,23,AQI,湘潭,153.0
20170124,23,PM2.5,湘潭,117.0
20170124,23,PM2.5_24h,湘潭,75.0
20170124,23,PM10,湘潭,147.0
20170124,23,PM10_24h,湘潭,122.0
20170124,23,SO2,湘潭,19.0
20170124,23,SO2_24h,湘潭,39.0
20170124,23,NO2,湘潭,36.0
20170124,23,NO2_24h,湘潭,49.0
20170124,23,O3,湘潭,40.0
20170124,23,O3_24h,湘潭,88.0
20170124,23,O3_8h,湘潭,54.0
20170124,23,O3_8h_24h,湘潭,70.0
20170124,23,CO,湘潭,1.15
20170124,23,CO_24h,湘潭,1.02
20170124,0,AQI,株洲,115.0
20170124,0,PM2.5,株洲,87.0
20170124,0,PM2.5_24h,株洲,87.0
20170124,0,PM10,株洲,146.0
20170124,0,PM10_24h,株洲,133.0
20170124,0,SO2,株洲,15.0
20170124,0,SO2_24h,株洲,26.0
20170124,0,NO2,株洲,55.0
20170124,0,NO2_24h,株洲,52.0
20170124,0,O3,株洲,39.0
20170124,0,O3_24h,株洲,99.0
20170124,0,O3_8h,株洲,47.0
20170124,0,O3_8h_24h,株洲,79.0
20170124,0,CO,株洲,0.98
20170124,0,CO_24h,株洲,0.95
20170124,1,AQI,株洲,103.0
20170124,1,PM2.5,株洲,77.0
20170124,1,PM2.5_24h,株洲,86.0
20170124,1,PM10,株洲,128.0
20170124,1,PM10_24h,株洲,132.0
20170124,1,SO2,株洲,15.0
20170124,1,SO2_24h,株洲,26.0
20170124,1,NO2,株洲,53.0
20170124,1,NO2_24h,株洲,52.0
20170124,1,O3,株洲,41.0
20170124,1,O3_24h,株洲,99.0
20170124,1,O3_8h,株洲,41.0
20170124,1,O3_8h_24h,株洲,41.0
20170124,1,CO,株洲,0.85
20170124,1,CO_24h,株洲,0.95
20170124,2,AQI,株洲,90.0
20170124,2,PM2.5,株洲,67.0
20170124,2,PM2.5_24h,株洲,84.0
20170124,2,PM10,株洲,115.0
20170124,2,PM10_24h,株洲,130.0
20170124,2,SO2,株洲,13.0
20170124,2,SO2_24h,株洲,26.0
20170124,2,NO2,株洲,37.0
20170124,2,NO2_24h,株洲,51.0
20170124,2,O3,株洲,49.0
20170124,2,O3_24h,株洲,99.0
20170124,2,O3_8h,株洲,45.0
20170124,2,O3_8h_24h,株洲,45.0
20170124,2,CO,株洲,0.67
20170124,2,CO_24h,株洲,0.95
20170124,3,AQI,株洲,78.0
20170124,3,PM2.5,株洲,57.0
20170124,3,PM2.5_24h,株洲,82.0
20170124,3,PM10,株洲,100.0
20170124,3,PM10_24h,株洲,128.0
20170124,3,SO2,株洲,11.0
20170124,3,SO2_24h,株洲,26.0
20170124,3,NO2,株洲,27.0
20170124,3,NO2_24h,株洲,50.0
20170124,3,O3,株洲,58.0
20170124,3,O3_24h,株洲,99.0
20170124,3,O3_8h,株洲,49.0
20170124,3,O3_8h_24h,株洲,49.0
20170124,3,CO,株洲,0.55
20170124,3,CO_24h,株洲,0.92
20170124,4,AQI,株洲,83.0
20170124,4,PM2.5,株洲,61.0
20170124,4,PM2.5_24h,株洲,80.0
20170124,4,PM10,株洲,91.0
20170124,4,PM10_24h,株洲,126.0
20170124,4,SO2,株洲,11.0
20170124,4,SO2_24h,株洲,26.0
20170124,4,NO2,株洲,23.0
20170124,4,NO2_24h,株洲,48.0
20170124,4,O3,株洲,59.0
20170124,4,O3_24h,株洲,99.0
20170124,4,O3_8h,株洲,52.0
20170124,4,O3_8h_24h,株洲,53.0
20170124,4,CO,株洲,0.55
20170124,4,CO_24h,株洲,0.88
20170124,5,AQI,株洲,78.0
20170124,5,PM2.5,株洲,57.0
20170124,5,PM2.5_24h,株洲,78.0
20170124,5,PM10,株洲,85.0
20170124,5,PM10_24h,株洲,124.0
20170124,5,SO2,株洲,11.0
20170124,5,SO2_24h,株洲,26.0
20170124,5,NO2,株洲,24.0
20170124,5,NO2_24h,株洲,47.0
20170124,5,O3,株洲,57.0
20170124,5,O3_24h,株洲,99.0
20170124,5,O3_8h,株洲,53.0
20170124,5,O3_8h_24h,株洲,55.0
20170124,5,CO,株洲,0.57
20170124,5,CO_24h,株洲,0.87
20170124,6,AQI,株洲,74.0
20170124,6,PM2.5,株洲,54.0
20170124,6,PM2.5_24h,株洲,76.0
20170124,6,PM10,株洲,86.0
20170124,6,PM10_24h,株洲,123.0
20170124,6,SO2,株洲,11.0
20170124,6,SO2_24h,株洲,26.0
20170124,6,NO2,株洲,23.0
20170124,6,NO2_24h,株洲,46.0
20170124,6,O3,株洲,59.0
20170124,6,O3_24h,株洲,99.0
20170124,6,O3_8h,株洲,54.0
20170124,6,O3_8h_24h,株洲,56.0
20170124,6,CO,株洲,0.52
20170124,6,CO_24h,株洲,0.87
20170124,7,AQI,株洲,76.0
20170124,7,PM2.5,株洲,56.0
20170124,7,PM2.5_24h,株洲,75.0
20170124,7,PM10,株洲,80.0
20170124,7,PM10_24h,株洲,121.0
20170124,7,SO2,株洲,12.0
20170124,7,SO2_24h,株洲,26.0
20170124,7,NO2,株洲,28.0
20170124,7,NO2_24h,株洲,45.0
20170124,7,O3,株洲,51.0
20170124,7,O3_24h,株洲,99.0
20170124,7,O3_8h,株洲,53.0
20170124,7,O3_8h_24h,株洲,56.0
20170124,7,CO,株洲,0.58
20170124,7,CO_24h,株洲,0.85
20170124,8,AQI,株洲,79.0
20170124,8,PM2.5,株洲,58.0
20170124,8,PM2.5_24h,株洲,73.0
20170124,8,PM10,株洲,81.0
20170124,8,PM10_24h,株洲,120.0
20170124,8,SO2,株洲,12.0
20170124,8,SO2_24h,株洲,26.0
20170124,8,NO2,株洲,34.0
20170124,8,NO2_24h,株洲,45.0
20170124,8,O3,株洲,48.0
20170124,8,O3_24h,株洲,99.0
20170124,8,O3_8h,株洲,53.0
20170124,8,O3_8h_24h,株洲,56.0
20170124,8,CO,株洲,0.63
20170124,8,CO_24h,株洲,0.85
20170124,9,AQI,株洲,81.0
20170124,9,PM2.5,株洲,60.0
20170124,9,PM2.5_24h,株洲,72.0
20170124,9,PM10,株洲,86.0
20170124,9,PM10_24h,株洲,119.0
20170124,9,SO2,株洲,15.0
20170124,9,SO2_24h,株洲,26.0
20170124,9,NO2,株洲,49.0
20170124,9,NO2_24h,株洲,45.0
20170124,9,O3,株洲,40.0
20170124,9,O3_24h,株洲,99.0
20170124,9,O3_8h,株洲,53.0
20170124,9,O3_8h_24h,株洲,57.0
20170124,9,CO,株洲,0.9
20170124,9,CO_24h,株洲,0.85
20170124,10,AQI,株洲,84.0
20170124,10,PM2.5,株洲,62.0
20170124,10,PM2.5_24h,株洲,72.0
20170124,10,PM10,株洲,90.0
20170124,10,PM10_24h,株洲,118.0
20170124,10,SO2,株洲,16.0
20170124,10,SO2_24h,株洲,27.0
20170124,10,NO2,株洲,49.0
20170124,10,NO2_24h,株洲,45.0
20170124,10,O3,株洲,43.0
20170124,10,O3_24h,株洲,99.0
20170124,10,O3_8h,株洲,52.0
20170124,10,O3_8h_24h,株洲,57.0
20170124,10,CO,株洲,0.88
20170124,10,CO_24h,株洲,0.83
20170124,11,AQI,株洲,91.0
20170124,11,PM2.5,株洲,68.0
20170124,11,PM2.5_24h,株洲,71.0
20170124,11,PM10,株洲,95.0
20170124,11,PM10_24h,株洲,116.0
20170124,11,SO2,株洲,17.0
20170124,11,SO2_24h,株洲,26.0
20170124,11,NO2,株洲,47.0
20170124,11,NO2_24h,株洲,45.0
20170124,11,O3,株洲,49.0
20170124,11,O3_24h,株洲,99.0
20170124,11,O3_8h,株洲,51.0
20170124,11,O3_8h_24h,株洲,57.0
20170124,11,CO,株洲,0.92
20170124,11,CO_24h,株洲,0.83
20170124,12,AQI,株洲,90.0
20170124,12,PM2.5,株洲,67.0
20170124,12,PM2.5_24h,株洲,71.0
20170124,12,PM10,株洲,109.0
20170124,12,PM10_24h,株洲,116.0
20170124,12,SO2,株洲,17.0
20170124,12,SO2_24h,株洲,26.0
20170124,12,NO2,株洲,45.0
20170124,12,NO2_24h,株洲,46.0
20170124,12,O3,株洲,56.0
20170124,12,O3_24h,株洲,99.0
20170124,12,O3_8h,株洲,50.0
20170124,12,O3_8h_24h,株洲,57.0
20170124,12,CO,株洲,0.88
20170124,12,CO_24h,株洲,0.85
20170124,13,AQI,株洲,89.0
20170124,13,PM2.5,株洲,66.0
20170124,13,PM2.5_24h,株洲,72.0
20170124,13,PM10,株洲,116.0
20170124,13,PM10_24h,株洲,116.0
20170124,13,SO2,株洲,17.0
20170124,13,SO2_24h,株洲,26.0
20170124,13,NO2,株洲,36.0
20170124,13,NO2_24h,株洲,46.0
20170124,13,O3,株洲,63.0
20170124,13,O3_24h,株洲,99.0
20170124,13,O3_8h,株洲,51.0
20170124,13,O3_8h_24h,株洲,57.0
20170124,13,CO,株洲,0.73
20170124,13,CO_24h,株洲,0.87
20170124,14,AQI,株洲,89.0
20170124,14,PM2.5,株洲,66.0
20170124,14,PM2.5_24h,株洲,72.0
20170124,14,PM10,株洲,112.0
20170124,14,PM10_24h,株洲,116.0
20170124,14,SO2,株洲,17.0
20170124,14,SO2_24h,株洲,24.0
20170124,14,NO2,株洲,26.0
20170124,14,NO2_24h,株洲,46.0
20170124,14,O3,株洲,75.0
20170124,14,O3_24h,株洲,99.0
20170124,14,O3_8h,株洲,53.0
20170124,14,O3_8h_24h,株洲,57.0
20170124,14,CO,株洲,0.67
20170124,14,CO_24h,株洲,0.87
20170124,15,AQI,株洲,85.0
20170124,15,PM2.5,株洲,63.0
20170124,15,PM2.5_24h,株洲,72.0
20170124,15,PM10,株洲,104.0
20170124,15,PM10_24h,株洲,116.0
20170124,15,SO2,株洲,14.0
20170124,15,SO2_24h,株洲,23.0
20170124,15,NO2,株洲,22.0
20170124,15,NO2_24h,株洲,46.0
20170124,15,O3,株洲,79.0
20170124,15,O3_24h,株洲,96.0
20170124,15,O3_8h,株洲,57.0
20170124,15,O3_8h_24h,株洲,59.0
20170124,15,CO,株洲,0.63
20170124,15,CO_24h,株洲,0.87
20170124,16,AQI,株洲,96.0
20170124,16,PM2.5,株洲,72.0
20170124,16,PM2.5_24h,株洲,73.0
20170124,16,PM10,株洲,101.0
20170124,16,PM10_24h,株洲,116.0
20170124,16,SO2,株洲,11.0
20170124,16,SO2_24h,株洲,20.0
20170124,16,NO2,株洲,25.0
20170124,16,NO2_24h,株洲,46.0
20170124,16,O3,株洲,70.0
20170124,16,O3_24h,株洲,94.0
20170124,16,O3_8h,株洲,59.0
20170124,16,O3_8h_24h,株洲,61.0
20170124,16,CO,株洲,0.63
20170124,16,CO_24h,株洲,0.85
20170124,17,AQI,株洲,98.0
20170124,17,PM2.5,株洲,73.0
20170124,17,PM2.5_24h,株洲,74.0
20170124,17,PM10,株洲,104.0
20170124,17,PM10_24h,株洲,116.0
20170124,17,SO2,株洲,13.0
20170124,17,SO2_24h,株洲,18.0
20170124,17,NO2,株洲,28.0
20170124,17,NO2_24h,株洲,45.0
20170124,17,O3,株洲,68.0
20170124,17,O3_24h,株洲,85.0
20170124,17,O3_8h,株洲,63.0
20170124,17,O3_8h_24h,株洲,65.0
20170124,17,CO,株洲,0.63
20170124,17,CO_24h,株洲,0.85
20170124,18,AQI,株洲,116.0
20170124,18,PM2.5,株洲,88.0
20170124,18,PM2.5_24h,株洲,74.0
20170124,18,PM10,株洲,102.0
20170124,18,PM10_24h,株洲,115.0
20170124,18,SO2,株洲,12.0
20170124,18,SO2_24h,株洲,17.0
20170124,18,NO2,株洲,35.0
20170124,18,NO2_24h,株洲,44.0
20170124,18,O3,株洲,55.0
20170124,18,O3_24h,株洲,83.0
20170124,18,O3_8h,株洲,64.0
20170124,18,O3_8h_24h,株洲,67.0
20170124,18,CO,株洲,0.72
20170124,18,CO_24h,株洲,0.83
20170124,19,AQI,株洲,169.0
20170124,19,PM2.5,株洲,128.0
20170124,19,PM2.5_24h,株洲,76.0
20170124,19,PM10,株洲,129.0
20170124,19,PM10_24h,株洲,115.0
20170124,19,SO2,株洲,12.0
20170124,19,SO2_24h,株洲,15.0
20170124,19,NO2,株洲,45.0
20170124,19,NO2_24h,株洲,43.0
20170124,19,O3,株洲,42.0
20170124,19,O3_24h,株洲,83.0
20170124,19,O3_8h,株洲,63.0
20170124,19,O3_8h_24h,株洲,67.0
20170124,19,CO,株洲,0.9
20170124,19,CO_24h,株洲,0.83
20170124,20,AQI,株洲,171.0
20170124,20,PM2.5,株洲,130.0
20170124,20,PM2.5_24h,株洲,77.0
20170124,20,PM10,株洲,150.0
20170124,20,PM10_24h,株洲,114.0
20170124,20,SO2,株洲,13.0
20170124,20,SO2_24h,株洲,15.0
20170124,20,NO2,株洲,40.0
20170124,20,NO2_24h,株洲,41.0
20170124,20,O3,株洲,45.0
20170124,20,O3_24h,株洲,83.0
20170124,20,O3_8h,株洲,62.0
20170124,20,O3_8h_24h,株洲,68.0
20170124,20,CO,株洲,0.9
20170124,20,CO_24h,株洲,0.8
20170124,21,AQI,株洲,156.0
20170124,21,PM2.5,株洲,119.0
20170124,21,PM2.5_24h,株洲,77.0
20170124,21,PM10,株洲,152.0
20170124,21,PM10_24h,株洲,112.0
20170124,21,SO2,株洲,15.0
20170124,21,SO2_24h,株洲,14.0
20170124,21,NO2,株洲,38.0
20170124,21,NO2_24h,株洲,39.0
20170124,21,O3,株洲,48.0
20170124,21,O3_24h,株洲,83.0
20170124,21,O3_8h,株洲,60.0
20170124,21,O3_8h_24h,株洲,68.0
20170124,21,CO,株洲,0.85
20170124,21,CO_24h,株洲,0.8
20170124,22,AQI,株洲,166.0
20170124,22,PM2.5,株洲,126.0
20170124,22,PM2.5_24h,株洲,78.0
20170124,22,PM10,株洲,149.0
20170124,22,PM10_24h,株洲,110.0
20170124,22,SO2,株洲,17.0
20170124,22,SO2_24h,株洲,14.0
20170124,22,NO2,株洲,41.0
20170124,22,NO2_24h,株洲,37.0
20170124,22,O3,株洲,39.0
20170124,22,O3_24h,株洲,83.0
20170124,22,O3_8h,株洲,56.0
20170124,22,O3_8h_24h,株洲,68.0
20170124,22,CO,株洲,0.88
20170124,22,CO_24h,株洲,0.77
20170124,23,AQI,株洲,179.0
20170124,23,PM2.5,株洲,135.0
20170124,23,PM2.5_24h,株洲,79.0
20170124,23,PM10,株洲,156.0
20170124,23,PM10_24h,株洲,110.0
20170124,23,SO2,株洲,26.0
20170124,23,SO2_24h,株洲,14.0
20170124,23,NO2,株洲,38.0
20170124,23,NO2_24h,株洲,36.0
20170124,23,O3,株洲,33.0
20170124,23,O3_24h,株洲,83.0
20170124,23,O3_8h,株洲,50.0
20170124,23,O3_8h_24h,株洲,68.0
20170124,23,CO,株洲,0.9
20170124,23,CO_24h,株洲,0.77
20170124,0,AQI,包头,130.0
20170124,0,PM2.5,包头,99.0
20170124,0,PM2.5_24h,包头,98.0
20170124,0,PM10,包头,139.0
20170124,0,PM10_24h,包头,136.0
20170124,0,SO2,包头,44.0
20170124,0,SO2_24h,包头,79.0
20170124,0,NO2,包头,60.0
20170124,0,NO2_24h,包头,69.0
20170124,0,O3,包头,20.0
20170124,0,O3_24h,包头,55.0
20170124,0,O3_8h,包头,18.0
20170124,0,O3_8h_24h,包头,36.0
20170124,0,CO,包头,2.24
20170124,0,CO_24h,包头,3.16
20170124,1,AQI,包头,113.0
20170124,1,PM2.5,包头,85.0
20170124,1,PM2.5_24h,包头,98.0
20170124,1,PM10,包头,114.0
20170124,1,PM10_24h,包头,135.0
20170124,1,SO2,包头,46.0
20170124,1,SO2_24h,包头,78.0
20170124,1,NO2,包头,57.0
20170124,1,NO2_24h,包头,68.0
20170124,1,O3,包头,22.0
20170124,1,O3_24h,包头,55.0
20170124,1,O3_8h,包头,22.0
20170124,1,O3_8h_24h,包头,22.0
20170124,1,CO,包头,2.68
20170124,1,CO_24h,包头,3.1
20170124,2,AQI,包头,106.0
20170124,2,PM2.5,包头,80.0
20170124,2,PM2.5_24h,包头,97.0
20170124,2,PM10,包头,108.0
20170124,2,PM10_24h,包头,135.0
20170124,2,SO2,包头,41.0
20170124,2,SO2_24h,包头,77.0
20170124,2,NO2,包头,55.0
20170124,2,NO2_24h,包头,67.0
20170124,2,O3,包头,20.0
20170124,2,O3_24h,包头,55.0
20170124,2,O3_8h,包头,21.0
20170124,2,O3_8h_24h,包头,23.0
20170124,2,CO,包头,2.74
20170124,2,CO_24h,包头,3.06
20170124,3,AQI,包头,94.0
20170124,3,PM2.5,包头,70.0
20170124,3,PM2.5_24h,包头,95.0
20170124,3,PM10,包头,91.0
20170124,3,PM10_24h,包头,133.0
20170124,3,SO2,包头,45.0
20170124,3,SO2_24h,包头,77.0
20170124,3,NO2,包头,56.0
20170124,3,NO2_24h,包头,67.0
20170124,3,O3,包头,15.0
20170124,3,O3_24h,包头,55.0
20170124,3,O3_8h,包头,19.0
20170124,3,O3_8h_24h,包头,23.0
20170124,3,CO,包头,3.02
20170124,3,CO_24h,包头,3.04
20170124,4,AQI,包头,86.0
20170124,4,PM2.5,包头,64.0
20170124,4,PM2.5_24h,包头,94.0
20170124,4,PM10,包头,86.0
20170124,4,PM10_24h,包头,131.0
20170124,4,SO2,包头,36.0
20170124,4,SO2_24h,包头,77.0
20170124,4,NO2,包头,48.0
20170124,4,NO2_24h,包头,66.0
20170124,4,O3,包头,18.0
20170124,4,O3_24h,包头,55.0
20170124,4,O3_8h,包头,19.0
20170124,4,O3_8h_24h,包头,23.0
20170124,4,CO,包头,2.92
20170124,4,CO_24h,包头,2.94
20170124,5,AQI,包头,81.0
20170124,5,PM2.5,包头,60.0
20170124,5,PM2.5_24h,包头,93.0
20170124,5,PM10,包头,84.0
20170124,5,PM10_24h,包头,129.0
20170124,5,SO2,包头,36.0
20170124,5,SO2_24h,包头,76.0
20170124,5,NO2,包头,45.0
20170124,5,NO2_24h,包头,65.0
20170124,5,O3,包头,19.0
20170124,5,O3_24h,包头,55.0
20170124,5,O3_8h,包头,19.0
20170124,5,O3_8h_24h,包头,23.0
20170124,5,CO,包头,3.42
20170124,5,CO_24h,包头,2.96
20170124,6,AQI,包头,86.0
20170124,6,PM2.5,包头,64.0
20170124,6,PM2.5_24h,包头,93.0
20170124,6,PM10,包头,84.0
20170124,6,PM10_24h,包头,128.0
20170124,6,SO2,包头,41.0
20170124,6,SO2_24h,包头,76.0
20170124,6,NO2,包头,51.0
20170124,6,NO2_24h,包头,65.0
20170124,6,O3,包头,14.0
20170124,6,O3_24h,包头,55.0
20170124,6,O3_8h,包头,18.0
20170124,6,O3_8h_24h,包头,23.0
20170124,6,CO,包头,3.6
20170124,6,CO_24h,包头,2.96
20170124,7,AQI,包头,89.0
20170124,7,PM2.5,包头,66.0
20170124,7,PM2.5_24h,包头,93.0
20170124,7,PM10,包头,91.0
20170124,7,PM10_24h,包头,128.0
20170124,7,SO2,包头,43.0
20170124,7,SO2_24h,包头,76.0
20170124,7,NO2,包头,57.0
20170124,7,NO2_24h,包头,65.0
20170124,7,O3,包头,9.0
20170124,7,O3_24h,包头,55.0
20170124,7,O3_8h,包头,17.0
20170124,7,O3_8h_24h,包头,23.0
20170124,7,CO,包头,3.74
20170124,7,CO_24h,包头,3.0
20170124,8,AQI,包头,98.0
20170124,8,PM2.5,包头,73.0
20170124,8,PM2.5_24h,包头,93.0
20170124,8,PM10,包头,97.0
20170124,8,PM10_24h,包头,128.0
20170124,8,SO2,包头,45.0
20170124,8,SO2_24h,包头,75.0
20170124,8,NO2,包头,61.0
20170124,8,NO2_24h,包头,65.0
20170124,8,O3,包头,7.0
20170124,8,O3_24h,包头,55.0
20170124,8,O3_8h,包头,15.0
20170124,8,O3_8h_24h,包头,23.0
20170124,8,CO,包头,3.22
20170124,8,CO_24h,包头,3.02
20170124,9,AQI,包头,113.0
20170124,9,PM2.5,包头,85.0
20170124,9,PM2.5_24h,包头,93.0
20170124,9,PM10,包头,116.0
20170124,9,PM10_24h,包头,128.0
20170124,9,SO2,包头,51.0
20170124,9,SO2_24h,包头,74.0
20170124,9,NO2,包头,59.0
20170124,9,NO2_24h,包头,65.0
20170124,9,O3,包头,7.0
20170124,9,O3_24h,包头,55.0
20170124,9,O3_8h,包头,14.0
20170124,9,O3_8h_24h,包头,23.0
20170124,9,CO,包头,2.7
20170124,9,CO_24h,包头,3.0
20170124,10,AQI,包头,124.0
20170124,10,PM2.5,包头,94.0
20170124,10,PM2.5_24h,包头,93.0
20170124,10,PM10,包头,139.0
20170124,10,PM10_24h,包头,128.0
20170124,10,SO2,包头,75.0
20170124,10,SO2_24h,包头,74.0
20170124,10,NO2,包头,60.0
20170124,10,NO2_24h,包头,64.0
20170124,10,O3,包头,18.0
20170124,10,O3_24h,包头,55.0
20170124,10,O3_8h,包头,13.0
20170124,10,O3_8h_24h,包头,23.0
20170124,10,CO,包头,2.62
20170124,10,CO_24h,包头,2.94
20170124,11,AQI,包头,143.0
20170124,11,PM2.5,包头,109.0
20170124,11,PM2.5_24h,包头,92.0
20170124,11,PM10,包头,154.0
20170124,11,PM10_24h,包头,127.0
20170124,11,SO2,包头,89.0
20170124,11,SO2_24h,包头,73.0
20170124,11,NO2,包头,61.0
20170124,11,NO2_24h,包头,64.0
20170124,11,O3,包头,29.0
20170124,11,O3_24h,包头,55.0
20170124,11,O3_8h,包头,15.0
20170124,11,O3_8h_24h,包头,25.0
20170124,11,CO,包头,2.42
20170124,11,CO_24h,包头,2.88
20170124,12,AQI,包头,149.0
20170124,12,PM2.5,包头,114.0
20170124,12,PM2.5_24h,包头,91.0
20170124,12,PM10,包头,165.0
20170124,12,PM10_24h,包头,126.0
20170124,12,SO2,包头,102.0
20170124,12,SO2_24h,包头,74.0
20170124,12,NO2,包头,61.0
20170124,12,NO2_24h,包头,64.0
20170124,12,O3,包头,38.0
20170124,12,O3_24h,包头,55.0
20170124,12,O3_8h,包头,18.0
20170124,12,O3_8h_24h,包头,27.0
20170124,12,CO,包头,2.48
20170124,12,CO_24h,包头,2.84
20170124,13,AQI,包头,157.0
20170124,13,PM2.5,包头,120.0
20170124,13,PM2.5_24h,包头,91.0
20170124,13,PM10,包头,156.0
20170124,13,PM10_24h,包头,126.0
20170124,13,SO2,包头,83.0
20170124,13,SO2_24h,包头,73.0
20170124,13,NO2,包头,57.0
20170124,13,NO2_24h,包头,64.0
20170124,13,O3,包头,51.0
20170124,13,O3_24h,包头,56.0
20170124,13,O3_8h,包头,22.0
20170124,13,O3_8h_24h,包头,29.0
20170124,13,CO,包头,2.2
20170124,13,CO_24h,包头,2.82
20170124,14,AQI,包头,140.0
20170124,14,PM2.5,包头,107.0
20170124,14,PM2.5_24h,包头,90.0
20170124,14,PM10,包头,149.0
20170124,14,PM10_24h,包头,126.0
20170124,14,SO2,包头,59.0
20170124,14,SO2_24h,包头,72.0
20170124,14,NO2,包头,37.0
20170124,14,NO2_24h,包头,63.0
20170124,14,O3,包头,64.0
20170124,14,O3_24h,包头,64.0
20170124,14,O3_8h,包头,28.0
20170124,14,O3_8h_24h,包头,34.0
20170124,14,CO,包头,1.68
20170124,14,CO_24h,包头,2.8
20170124,15,AQI,包头,111.0
20170124,15,PM2.5,包头,84.0
20170124,15,PM2.5_24h,包头,90.0
20170124,15,PM10,包头,119.0
20170124,15,PM10_24h,包头,125.0
20170124,15,SO2,包头,40.0
20170124,15,SO2_24h,包头,71.0
20170124,15,NO2,包头,32.0
20170124,15,NO2_24h,包头,62.0
20170124,15,O3,包头,73.0
20170124,15,O3_24h,包头,73.0
20170124,15,O3_8h,包头,36.0
20170124,15,O3_8h_24h,包头,39.0
20170124,15,CO,包头,1.42
20170124,15,CO_24h,包头,2.76
20170124,16,AQI,包头,89.0
20170124,16,PM2.5,包头,66.0
20170124,16,PM2.5_24h,包头,89.0
20170124,16,PM10,包头,92.0
20170124,16,PM10_24h,包头,125.0
20170124,16,SO2,包头,37.0
20170124,16,SO2_24h,包头,68.0
20170124,16,NO2,包头,30.0
20170124,16,NO2_24h,包头,61.0
20170124,16,O3,包头,75.0
20170124,16,O3_24h,包头,75.0
20170124,16,O3_8h,包头,44.0
20170124,16,O3_8h_24h,包头,44.0
20170124,16,CO,包头,1.12
20170124,16,CO_24h,包头,2.7
20170124,17,AQI,包头,66.0
20170124,17,PM2.5,包头,48.0
20170124,17,PM2.5_24h,包头,88.0
20170124,17,PM10,包头,72.0
20170124,17,PM10_24h,包头,124.0
20170124,17,SO2,包头,46.0
20170124,17,SO2_24h,包头,64.0
20170124,17,NO2,包头,42.0
20170124,17,NO2_24h,包头,59.0
20170124,17,O3,包头,63.0
20170124,17,O3_24h,包头,75.0
20170124,17,O3_8h,包头,51.0
20170124,17,O3_8h_24h,包头,51.0
20170124,17,CO,包头,0.95
20170124,17,CO_24h,包头,2.62
20170124,18,AQI,包头,60.0
20170124,18,PM2.5,包头,43.0
20170124,18,PM2.5_24h,包头,86.0
20170124,18,PM10,包头,64.0
20170124,18,PM10_24h,包头,121.0
20170124,18,SO2,包头,40.0
20170124,18,SO2_24h,包头,58.0
20170124,18,NO2,包头,60.0
20170124,18,NO2_24h,包头,58.0
20170124,18,O3,包头,40.0
20170124,18,O3_24h,包头,75.0
20170124,18,O3_8h,包头,54.0
20170124,18,O3_8h_24h,包头,54.0
20170124,18,CO,包头,1.22
20170124,18,CO_24h,包头,2.54
20170124,19,AQI,包头,62.0
20170124,19,PM2.5,包头,43.0
20170124,19,PM2.5_24h,包头,85.0
20170124,19,PM10,包头,74.0
20170124,19,PM10_24h,包头,117.0
20170124,19,SO2,包头,42.0
20170124,19,SO2_24h,包头,55.0
20170124,19,NO2,包头,71.0
20170124,19,NO2_24h,包头,58.0
20170124,19,O3,包头,27.0
20170124,19,O3_24h,包头,75.0
20170124,19,O3_8h,包头,54.0
20170124,19,O3_8h_24h,包头,54.0
20170124,19,CO,包头,1.64
20170124,19,CO_24h,包头,2.46
20170124,20,AQI,包头,76.0
20170124,20,PM2.5,包头,56.0
20170124,20,PM2.5_24h,包头,82.0
20170124,20,PM10,包头,94.0
20170124,20,PM10_24h,包头,114.0
20170124,20,SO2,包头,69.0
20170124,20,SO2_24h,包头,55.0
20170124,20,NO2,包头,85.0
20170124,20,NO2_24h,包头,58.0
20170124,20,O3,包头,16.0
20170124,20,O3_24h,包头,75.0
20170124,20,O3_8h,包头,51.0
20170124,20,O3_8h_24h,包头,54.0
20170124,20,CO,包头,2.34
20170124,20,CO_24h,包头,2.42
20170124,21,AQI,包头,103.0
20170124,21,PM2.5,包头,77.0
20170124,21,PM2.5_24h,包头,80.0
20170124,21,PM10,包头,123.0
20170124,21,PM10_24h,包头,112.0
20170124,21,SO2,包头,76.0
20170124,21,SO2_24h,包头,54.0
20170124,21,NO2,包头,86.0
20170124,21,NO2_24h,包头,57.0
20170124,21,O3,包头,12.0
20170124,21,O3_24h,包头,75.0
20170124,21,O3_8h,包头,46.0
20170124,21,O3_8h_24h,包头,54.0
20170124,21,CO,包头,3.02
20170124,21,CO_24h,包头,2.42
20170124,22,AQI,包头,133.0
20170124,22,PM2.5,包头,101.0
20170124,22,PM2.5_24h,包头,80.0
20170124,22,PM10,包头,153.0
20170124,22,PM10_24h,包头,112.0
20170124,22,SO2,包头,63.0
20170124,22,SO2_24h,包头,54.0
20170124,22,NO2,包头,80.0
20170124,22,NO2_24h,包头,58.0
20170124,22,O3,包头,8.0
20170124,22,O3_24h,包头,75.0
20170124,22,O3_8h,包头,39.0
20170124,22,O3_8h_24h,包头,54.0
20170124,22,CO,包头,2.74
20170124,22,CO_24h,包头,2.46
20170124,23,AQI,包头,149.0
20170124,23,PM2.5,包头,114.0
20170124,23,PM2.5_24h,包头,80.0
20170124,23,PM10,包头,164.0
20170124,23,PM10_24h,包头,113.0
20170124,23,SO2,包头,70.0
20170124,23,SO2_24h,包头,55.0
20170124,23,NO2,包头,77.0
20170124,23,NO2_24h,包头,58.0
20170124,23,O3,包头,7.0
20170124,23,O3_24h,包头,75.0
20170124,23,O3_8h,包头,31.0
20170124,23,O3_8h_24h,包头,54.0
20170124,23,CO,包头,3.34
20170124,23,CO_24h,包头,2.5
20170124,0,AQI,鄂尔多斯,54.0
20170124,0,PM2.5,鄂尔多斯,31.0
20170124,0,PM2.5_24h,鄂尔多斯,19.0
20170124,0,PM10,鄂尔多斯,58.0
20170124,0,PM10_24h,鄂尔多斯,43.0
20170124,0,SO2,鄂尔多斯,33.0
20170124,0,SO2_24h,鄂尔多斯,26.0
20170124,0,NO2,鄂尔多斯,51.0
20170124,0,NO2_24h,鄂尔多斯,34.0
20170124,0,O3,鄂尔多斯,32.0
20170124,0,O3_24h,鄂尔多斯,99.0
20170124,0,O3_8h,鄂尔多斯,47.0
20170124,0,O3_8h_24h,鄂尔多斯,81.0
20170124,0,CO,鄂尔多斯,1.32
20170124,0,CO_24h,鄂尔多斯,0.9
20170124,1,AQI,鄂尔多斯,54.0
20170124,1,PM2.5,鄂尔多斯,36.0
20170124,1,PM2.5_24h,鄂尔多斯,19.0
20170124,1,PM10,鄂尔多斯,58.0
20170124,1,PM10_24h,鄂尔多斯,44.0
20170124,1,SO2,鄂尔多斯,33.0
20170124,1,SO2_24h,鄂尔多斯,27.0
20170124,1,NO2,鄂尔多斯,52.0
20170124,1,NO2_24h,鄂尔多斯,35.0
20170124,1,O3,鄂尔多斯,27.0
20170124,1,O3_24h,鄂尔多斯,99.0
20170124,1,O3_8h,鄂尔多斯,27.0
20170124,1,O3_8h_24h,鄂尔多斯,27.0
20170124,1,CO,鄂尔多斯,1.52
20170124,1,CO_24h,鄂尔多斯,0.92
20170124,2,AQI,鄂尔多斯,56.0
20170124,2,PM2.5,鄂尔多斯,38.0
20170124,2,PM2.5_24h,鄂尔多斯,20.0
20170124,2,PM10,鄂尔多斯,62.0
20170124,2,PM10_24h,鄂尔多斯,45.0
20170124,2,SO2,鄂尔多斯,36.0
20170124,2,SO2_24h,鄂尔多斯,28.0
20170124,2,NO2,鄂尔多斯,53.0
20170124,2,NO2_24h,鄂尔多斯,36.0
20170124,2,O3,鄂尔多斯,27.0
20170124,2,O3_24h,鄂尔多斯,99.0
20170124,2,O3_8h,鄂尔多斯,27.0
20170124,2,O3_8h_24h,鄂尔多斯,27.0
20170124,2,CO,鄂尔多斯,1.66
20170124,2,CO_24h,鄂尔多斯,0.96
20170124,3,AQI,鄂尔多斯,55.0
20170124,3,PM2.5,鄂尔多斯,38.0
20170124,3,PM2.5_24h,鄂尔多斯,21.0
20170124,3,PM10,鄂尔多斯,60.0
20170124,3,PM10_24h,鄂尔多斯,46.0
20170124,3,SO2,鄂尔多斯,36.0
20170124,3,SO2_24h,鄂尔多斯,29.0
20170124,3,NO2,鄂尔多斯,42.0
20170124,3,NO2_24h,鄂尔多斯,37.0
20170124,3,O3,鄂尔多斯,35.0
20170124,3,O3_24h,鄂尔多斯,99.0
20170124,3,O3_8h,鄂尔多斯,30.0
20170124,3,O3_8h_24h,鄂尔多斯,30.0
20170124,3,CO,鄂尔多斯,1.5
20170124,3,CO_24h,鄂尔多斯,0.98
20170124,4,AQI,鄂尔多斯,54.0
20170124,4,PM2.5,鄂尔多斯,37.0
20170124,4,PM2.5_24h,鄂尔多斯,22.0
20170124,4,PM10,鄂尔多斯,57.0
20170124,4,PM10_24h,鄂尔多斯,47.0
20170124,4,SO2,鄂尔多斯,35.0
20170124,4,SO2_24h,鄂尔多斯,30.0
20170124,4,NO2,鄂尔多斯,40.0
20170124,4,NO2_24h,鄂尔多斯,37.0
20170124,4,O3,鄂尔多斯,38.0
20170124,4,O3_24h,鄂尔多斯,99.0
20170124,4,O3_8h,鄂尔多斯,32.0
20170124,4,O3_8h_24h,鄂尔多斯,32.0
20170124,4,CO,鄂尔多斯,1.6
20170124,4,CO_24h,鄂尔多斯,1.0
20170124,5,AQI,鄂尔多斯,55.0
20170124,5,PM2.5,鄂尔多斯,34.0
20170124,5,PM2.5_24h,鄂尔多斯,23.0
20170124,5,PM10,鄂尔多斯,59.0
20170124,5,PM10_24h,鄂尔多斯,48.0
20170124,5,SO2,鄂尔多斯,31.0
20170124,5,SO2_24h,鄂尔多斯,30.0
20170124,5,NO2,鄂尔多斯,40.0
20170124,5,NO2_24h,鄂尔多斯,38.0
20170124,5,O3,鄂尔多斯,34.0
20170124,5,O3_24h,鄂尔多斯,99.0
20170124,5,O3_8h,鄂尔多斯,32.0
20170124,5,O3_8h_24h,鄂尔多斯,33.0
20170124,5,CO,鄂尔多斯,1.74
20170124,5,CO_24h,鄂尔多斯,1.04
20170124,6,AQI,鄂尔多斯,55.0
20170124,6,PM2.5,鄂尔多斯,35.0
20170124,6,PM2.5_24h,鄂尔多斯,24.0
20170124,6,PM10,鄂尔多斯,60.0
20170124,6,PM10_24h,鄂尔多斯,50.0
20170124,6,SO2,鄂尔多斯,43.0
20170124,6,SO2_24h,鄂尔多斯,32.0
20170124,6,NO2,鄂尔多斯,41.0
20170124,6,NO2_24h,鄂尔多斯,39.0
20170124,6,O3,鄂尔多斯,35.0
20170124,6,O3_24h,鄂尔多斯,99.0
20170124,6,O3_8h,鄂尔多斯,33.0
20170124,6,O3_8h_24h,鄂尔多斯,33.0
20170124,6,CO,鄂尔多斯,1.6
20170124,6,CO_24h,鄂尔多斯,1.1
20170124,7,AQI,鄂尔多斯,56.0
20170124,7,PM2.5,鄂尔多斯,35.0
20170124,7,PM2.5_24h,鄂尔多斯,25.0
20170124,7,PM10,鄂尔多斯,61.0
20170124,7,PM10_24h,鄂尔多斯,51.0
20170124,7,SO2,鄂尔多斯,37.0
20170124,7,SO2_24h,鄂尔多斯,32.0
20170124,7,NO2,鄂尔多斯,48.0
20170124,7,NO2_24h,鄂尔多斯,40.0
20170124,7,O3,鄂尔多斯,27.0
20170124,7,O3_24h,鄂尔多斯,99.0
20170124,7,O3_8h,鄂尔多斯,32.0
20170124,7,O3_8h_24h,鄂尔多斯,33.0
20170124,7,CO,鄂尔多斯,1.72
20170124,7,CO_24h,鄂尔多斯,1.12
20170124,8,AQI,鄂尔多斯,56.0
20170124,8,PM2.5,鄂尔多斯,36.0
20170124,8,PM2.5_24h,鄂尔多斯,26.0
20170124,8,PM10,鄂尔多斯,61.0
20170124,8,PM10_24h,鄂尔多斯,51.0
20170124,8,SO2,鄂尔多斯,38.0
20170124,8,SO2_24h,鄂尔多斯,33.0
20170124,8,NO2,鄂尔多斯,54.0
20170124,8,NO2_24h,鄂尔多斯,41.0
20170124,8,O3,鄂尔多斯,26.0
20170124,8,O3_24h,鄂尔多斯,99.0
20170124,8,O3_8h,鄂尔多斯,31.0
20170124,8,O3_8h_24h,鄂尔多斯,34.0
20170124,8,CO,鄂尔多斯,1.48
20170124,8,CO_24h,鄂尔多斯,1.16
20170124,9,AQI,鄂尔多斯,54.0
20170124,9,PM2.5,鄂尔多斯,36.0
20170124,9,PM2.5_24h,鄂尔多斯,27.0
20170124,9,PM10,鄂尔多斯,58.0
20170124,9,PM10_24h,鄂尔多斯,52.0
20170124,9,SO2,鄂尔多斯,39.0
20170124,9,SO2_24h,鄂尔多斯,33.0
20170124,9,NO2,鄂尔多斯,52.0
20170124,9,NO2_24h,鄂尔多斯,41.0
20170124,9,O3,鄂尔多斯,27.0
20170124,9,O3_24h,鄂尔多斯,99.0
20170124,9,O3_8h,鄂尔多斯,31.0
20170124,9,O3_8h_24h,鄂尔多斯,34.0
20170124,9,CO,鄂尔多斯,1.5
20170124,9,CO_24h,鄂尔多斯,1.16
20170124,10,AQI,鄂尔多斯,59.0
20170124,10,PM2.5,鄂尔多斯,36.0
20170124,10,PM2.5_24h,鄂尔多斯,27.0
20170124,10,PM10,鄂尔多斯,68.0
20170124,10,PM10_24h,鄂尔多斯,53.0
20170124,10,SO2,鄂尔多斯,52.0
20170124,10,SO2_24h,鄂尔多斯,33.0
20170124,10,NO2,鄂尔多斯,47.0
20170124,10,NO2_24h,鄂尔多斯,41.0
20170124,10,O3,鄂尔多斯,39.0
20170124,10,O3_24h,鄂尔多斯,99.0
20170124,10,O3_8h,鄂尔多斯,33.0
20170124,10,O3_8h_24h,鄂尔多斯,36.0
20170124,10,CO,鄂尔多斯,1.46
20170124,10,CO_24h,鄂尔多斯,1.18
20170124,11,AQI,鄂尔多斯,61.0
20170124,11,PM2.5,鄂尔多斯,36.0
20170124,11,PM2.5_24h,鄂尔多斯,28.0
20170124,11,PM10,鄂尔多斯,71.0
20170124,11,PM10_24h,鄂尔多斯,53.0
20170124,11,SO2,鄂尔多斯,53.0
20170124,11,SO2_24h,鄂尔多斯,34.0
20170124,11,NO2,鄂尔多斯,45.0
20170124,11,NO2_24h,鄂尔多斯,41.0
20170124,11,O3,鄂尔多斯,51.0
20170124,11,O3_24h,鄂尔多斯,99.0
20170124,11,O3_8h,鄂尔多斯,35.0
20170124,11,O3_8h_24h,鄂尔多斯,38.0
20170124,11,CO,鄂尔多斯,1.3
20170124,11,CO_24h,鄂尔多斯,1.2
20170124,12,AQI,鄂尔多斯,63.0
20170124,12,PM2.5,鄂尔多斯,36.0
20170124,12,PM2.5_24h,鄂尔多斯,29.0
20170124,12,PM10,鄂尔多斯,76.0
20170124,12,PM10_24h,鄂尔多斯,55.0
20170124,12,SO2,鄂尔多斯,54.0
20170124,12,SO2_24h,鄂尔多斯,35.0
20170124,12,NO2,鄂尔多斯,41.0
20170124,12,NO2_24h,鄂尔多斯,42.0
20170124,12,O3,鄂尔多斯,63.0
20170124,12,O3_24h,鄂尔多斯,99.0
20170124,12,O3_8h,鄂尔多斯,38.0
20170124,12,O3_8h_24h,鄂尔多斯,41.0
20170124,12,CO,鄂尔多斯,1.14
20170124,12,CO_24h,鄂尔多斯,1.24
20170124,13,AQI,鄂尔多斯,61.0
20170124,13,PM2.5,鄂尔多斯,39.0
20170124,13,PM2.5_24h,鄂尔多斯,30.0
20170124,13,PM10,鄂尔多斯,71.0
20170124,13,PM10_24h,鄂尔多斯,56.0
20170124,13,SO2,鄂尔多斯,48.0
20170124,13,SO2_24h,鄂尔多斯,35.0
20170124,13,NO2,鄂尔多斯,36.0
20170124,13,NO2_24h,鄂尔多斯,43.0
20170124,13,O3,鄂尔多斯,74.0
20170124,13,O3_24h,鄂尔多斯,99.0
20170124,13,O3_8h,鄂尔多斯,43.0
20170124,13,O3_8h_24h,鄂尔多斯,46.0
20170124,13,CO,鄂尔多斯,1.02
20170124,13,CO_24h,鄂尔多斯,1.26
20170124,14,AQI,鄂尔多斯,57.0
20170124,14,PM2.5,鄂尔多斯,38.0
20170124,14,PM2.5_24h,鄂尔多斯,31.0
20170124,14,PM10,鄂尔多斯,64.0
20170124,14,PM10_24h,鄂尔多斯,57.0
20170124,14,SO2,鄂尔多斯,37.0
20170124,14,SO2_24h,鄂尔多斯,36.0
20170124,14,NO2,鄂尔多斯,28.0
20170124,14,NO2_24h,鄂尔多斯,43.0
20170124,14,O3,鄂尔多斯,86.0
20170124,14,O3_24h,鄂尔多斯,98.0
20170124,14,O3_8h,鄂尔多斯,49.0
20170124,14,O3_8h_24h,鄂尔多斯,51.0
20170124,14,CO,鄂尔多斯,0.88
20170124,14,CO_24h,鄂尔多斯,1.26
20170124,15,AQI,鄂尔多斯,51.0
20170124,15,PM2.5,鄂尔多斯,33.0
20170124,15,PM2.5_24h,鄂尔多斯,32.0
20170124,15,PM10,鄂尔多斯,52.0
20170124,15,PM10_24h,鄂尔多斯,58.0
20170124,15,SO2,鄂尔多斯,31.0
20170124,15,SO2_24h,鄂尔多斯,36.0
20170124,15,NO2,鄂尔多斯,24.0
20170124,15,NO2_24h,鄂尔多斯,43.0
20170124,15,O3,鄂尔多斯,98.0
20170124,15,O3_24h,鄂尔多斯,103.0
20170124,15,O3_8h,鄂尔多斯,58.0
20170124,15,O3_8h_24h,鄂尔多斯,59.0
20170124,15,CO,鄂尔多斯,0.72
20170124,15,CO_24h,鄂尔多斯,1.26
20170124,16,AQI,鄂尔多斯,40.0
20170124,16,PM2.5,鄂尔多斯,22.0
20170124,16,PM2.5_24h,鄂尔多斯,32.0
20170124,16,PM10,鄂尔多斯,40.0
20170124,16,PM10_24h,鄂尔多斯,59.0
20170124,16,SO2,鄂尔多斯,33.0
20170124,16,SO2_24h,鄂尔多斯,37.0
20170124,16,NO2,鄂尔多斯,26.0
20170124,16,NO2_24h,鄂尔多斯,44.0
20170124,16,O3,鄂尔多斯,99.0
20170124,16,O3_24h,鄂尔多斯,103.0
20170124,16,O3_8h,鄂尔多斯,67.0
20170124,16,O3_8h_24h,鄂尔多斯,67.0
20170124,16,CO,鄂尔多斯,0.76
20170124,16,CO_24h,鄂尔多斯,1.26
20170124,17,AQI,鄂尔多斯,51.0
20170124,17,PM2.5,鄂尔多斯,25.0
20170124,17,PM2.5_24h,鄂尔多斯,33.0
20170124,17,PM10,鄂尔多斯,52.0
20170124,17,PM10_24h,鄂尔多斯,59.0
20170124,17,SO2,鄂尔多斯,41.0
20170124,17,SO2_24h,鄂尔多斯,38.0
20170124,17,NO2,鄂尔多斯,34.0
20170124,17,NO2_24h,鄂尔多斯,44.0
20170124,17,O3,鄂尔多斯,96.0
20170124,17,O3_24h,鄂尔多斯,104.0
20170124,17,O3_8h,鄂尔多斯,76.0
20170124,17,O3_8h_24h,鄂尔多斯,76.0
20170124,17,CO,鄂尔多斯,0.76
20170124,17,CO_24h,鄂尔多斯,1.26
20170124,18,AQI,鄂尔多斯,51.0
20170124,18,PM2.5,鄂尔多斯,28.0
20170124,18,PM2.5_24h,鄂尔多斯,33.0
20170124,18,PM10,鄂尔多斯,52.0
20170124,18,PM10_24h,鄂尔多斯,60.0
20170124,18,SO2,鄂尔多斯,40.0
20170124,18,SO2_24h,鄂尔多斯,38.0
20170124,18,NO2,鄂尔多斯,59.0
20170124,18,NO2_24h,鄂尔多斯,46.0
20170124,18,O3,鄂尔多斯,68.0
20170124,18,O3_24h,鄂尔多斯,104.0
20170124,18,O3_8h,鄂尔多斯,79.0
20170124,18,O3_8h_24h,鄂尔多斯,79.0
20170124,18,CO,鄂尔多斯,0.92
20170124,18,CO_24h,鄂尔多斯,1.26
20170124,19,AQI,鄂尔多斯,55.0
20170124,19,PM2.5,鄂尔多斯,30.0
20170124,19,PM2.5_24h,鄂尔多斯,34.0
20170124,19,PM10,鄂尔多斯,60.0
20170124,19,PM10_24h,鄂尔多斯,60.0
20170124,19,SO2,鄂尔多斯,43.0
20170124,19,SO2_24h,鄂尔多斯,39.0
20170124,19,NO2,鄂尔多斯,86.0
20170124,19,NO2_24h,鄂尔多斯,47.0
20170124,19,O3,鄂尔多斯,31.0
20170124,19,O3_24h,鄂尔多斯,104.0
20170124,19,O3_8h,鄂尔多斯,77.0
20170124,19,O3_8h_24h,鄂尔多斯,80.0
20170124,19,CO,鄂尔多斯,1.22
20170124,19,CO_24h,鄂尔多斯,1.26
20170124,20,AQI,鄂尔多斯,67.0
20170124,20,PM2.5,鄂尔多斯,40.0
20170124,20,PM2.5_24h,鄂尔多斯,34.0
20170124,20,PM10,鄂尔多斯,83.0
20170124,20,PM10_24h,鄂尔多斯,61.0
20170124,20,SO2,鄂尔多斯,51.0
20170124,20,SO2_24h,鄂尔多斯,40.0
20170124,20,NO2,鄂尔多斯,88.0
20170124,20,NO2_24h,鄂尔多斯,48.0
20170124,20,O3,鄂尔多斯,17.0
20170124,20,O3_24h,鄂尔多斯,104.0
20170124,20,O3_8h,鄂尔多斯,71.0
20170124,20,O3_8h_24h,鄂尔多斯,80.0
20170124,20,CO,鄂尔多斯,1.72
20170124,20,CO_24h,鄂尔多斯,1.3
20170124,21,AQI,鄂尔多斯,76.0
20170124,21,PM2.5,鄂尔多斯,52.0
20170124,21,PM2.5_24h,鄂尔多斯,35.0
20170124,21,PM10,鄂尔多斯,102.0
20170124,21,PM10_24h,鄂尔多斯,63.0
20170124,21,SO2,鄂尔多斯,46.0
20170124,21,SO2_24h,鄂尔多斯,40.0
20170124,21,NO2,鄂尔多斯,83.0
20170124,21,NO2_24h,鄂尔多斯,49.0
20170124,21,O3,鄂尔多斯,25.0
20170124,21,O3_24h,鄂尔多斯,104.0
20170124,21,O3_8h,鄂尔多斯,65.0
20170124,21,O3_8h_24h,鄂尔多斯,80.0
20170124,21,CO,鄂尔多斯,1.6
20170124,21,CO_24h,鄂尔多斯,1.32
20170124,22,AQI,鄂尔多斯,70.0
20170124,22,PM2.5,鄂尔多斯,48.0
20170124,22,PM2.5_24h,鄂尔多斯,36.0
20170124,22,PM10,鄂尔多斯,90.0
20170124,22,PM10_24h,鄂尔多斯,64.0
20170124,22,SO2,鄂尔多斯,38.0
20170124,22,SO2_24h,鄂尔多斯,40.0
20170124,22,NO2,鄂尔多斯,62.0
20170124,22,NO2_24h,鄂尔多斯,49.0
20170124,22,O3,鄂尔多斯,43.0
20170124,22,O3_24h,鄂尔多斯,104.0
20170124,22,O3_8h,鄂尔多斯,60.0
20170124,22,O3_8h_24h,鄂尔多斯,80.0
20170124,22,CO,鄂尔多斯,1.06
20170124,22,CO_24h,鄂尔多斯,1.32
20170124,23,AQI,鄂尔多斯,59.0
20170124,23,PM2.5,鄂尔多斯,36.0
20170124,23,PM2.5_24h,鄂尔多斯,36.0
20170124,23,PM10,鄂尔多斯,68.0
20170124,23,PM10_24h,鄂尔多斯,64.0
20170124,23,SO2,鄂尔多斯,33.0
20170124,23,SO2_24h,鄂尔多斯,40.0
20170124,23,NO2,鄂尔多斯,58.0
20170124,23,NO2_24h,鄂尔多斯,50.0
20170124,23,O3,鄂尔多斯,43.0
20170124,23,O3_24h,鄂尔多斯,104.0
20170124,23,O3_8h,鄂尔多斯,53.0
20170124,23,O3_8h_24h,鄂尔多斯,80.0
20170124,23,CO,鄂尔多斯,1.12
20170124,23,CO_24h,鄂尔多斯,1.3
20170124,0,AQI,营口,113.0
20170124,0,PM2.5,营口,85.0
20170124,0,PM2.5_24h,营口,80.0
20170124,0,PM10,营口,120.0
20170124,0,PM10_24h,营口,109.0
20170124,0,SO2,营口,35.0
20170124,0,SO2_24h,营口,51.0
20170124,0,NO2,营口,74.0
20170124,0,NO2_24h,营口,53.0
20170124,0,O3,营口,18.0
20170124,0,O3_24h,营口,78.0
20170124,0,O3_8h,营口,31.0
20170124,0,O3_8h_24h,营口,62.0
20170124,0,CO,营口,1.57
20170124,0,CO_24h,营口,1.65
20170124,1,AQI,营口,116.0
20170124,1,PM2.5,营口,88.0
20170124,1,PM2.5_24h,营口,79.0
20170124,1,PM10,营口,121.0
20170124,1,PM10_24h,营口,107.0
20170124,1,SO2,营口,42.0
20170124,1,SO2_24h,营口,50.0
20170124,1,NO2,营口,65.0
20170124,1,NO2_24h,营口,53.0
20170124,1,O3,营口,19.0
20170124,1,O3_24h,营口,78.0
20170124,1,O3_8h,营口,19.0
20170124,1,O3_8h_24h,营口,19.0
20170124,1,CO,营口,1.75
20170124,1,CO_24h,营口,1.63
20170124,2,AQI,营口,116.0
20170124,2,PM2.5,营口,88.0
20170124,2,PM2.5_24h,营口,77.0
20170124,2,PM10,营口,119.0
20170124,2,PM10_24h,营口,106.0
20170124,2,SO2,营口,34.0
20170124,2,SO2_24h,营口,49.0
20170124,2,NO2,营口,63.0
20170124,2,NO2_24h,营口,54.0
20170124,2,O3,营口,19.0
20170124,2,O3_24h,营口,78.0
20170124,2,O3_8h,营口,19.0
20170124,2,O3_8h_24h,营口,20.0
20170124,2,CO,营口,1.8
20170124,2,CO_24h,营口,1.58
20170124,3,AQI,营口,109.0
20170124,3,PM2.5,营口,82.0
20170124,3,PM2.5_24h,营口,77.0
20170124,3,PM10,营口,114.0
20170124,3,PM10_24h,营口,105.0
20170124,3,SO2,营口,30.0
20170124,3,SO2_24h,营口,49.0
20170124,3,NO2,营口,64.0
20170124,3,NO2_24h,营口,54.0
20170124,3,O3,营口,16.0
20170124,3,O3_24h,营口,78.0
20170124,3,O3_8h,营口,18.0
20170124,3,O3_8h_24h,营口,20.0
20170124,3,CO,营口,1.77
20170124,3,CO_24h,营口,1.55
20170124,4,AQI,营口,108.0
20170124,4,PM2.5,营口,81.0
20170124,4,PM2.5_24h,营口,76.0
20170124,4,PM10,营口,109.0
20170124,4,PM10_24h,营口,104.0
20170124,4,SO2,营口,29.0
20170124,4,SO2_24h,营口,49.0
20170124,4,NO2,营口,62.0
20170124,4,NO2_24h,营口,54.0
20170124,4,O3,营口,16.0
20170124,4,O3_24h,营口,78.0
20170124,4,O3_8h,营口,17.0
20170124,4,O3_8h_24h,营口,20.0
20170124,4,CO,营口,1.65
20170124,4,CO_24h,营口,1.55
20170124,5,AQI,营口,113.0
20170124,5,PM2.5,营口,85.0
20170124,5,PM2.5_24h,营口,75.0
20170124,5,PM10,营口,114.0
20170124,5,PM10_24h,营口,102.0
20170124,5,SO2,营口,29.0
20170124,5,SO2_24h,营口,49.0
20170124,5,NO2,营口,60.0
20170124,5,NO2_24h,营口,54.0
20170124,5,O3,营口,14.0
20170124,5,O3_24h,营口,78.0
20170124,5,O3_8h,营口,17.0
20170124,5,O3_8h_24h,营口,20.0
20170124,5,CO,营口,1.77
20170124,5,CO_24h,营口,1.5
20170124,6,AQI,营口,113.0
20170124,6,PM2.5,营口,85.0
20170124,6,PM2.5_24h,营口,74.0
20170124,6,PM10,营口,113.0
20170124,6,PM10_24h,营口,101.0
20170124,6,SO2,营口,29.0
20170124,6,SO2_24h,营口,49.0
20170124,6,NO2,营口,60.0
20170124,6,NO2_24h,营口,54.0
20170124,6,O3,营口,17.0
20170124,6,O3_24h,营口,78.0
20170124,6,O3_8h,营口,17.0
20170124,6,O3_8h_24h,营口,20.0
20170124,6,CO,营口,1.82
20170124,6,CO_24h,营口,1.5
20170124,7,AQI,营口,111.0
20170124,7,PM2.5,营口,84.0
20170124,7,PM2.5_24h,营口,73.0
20170124,7,PM10,营口,112.0
20170124,7,PM10_24h,营口,100.0
20170124,7,SO2,营口,37.0
20170124,7,SO2_24h,营口,50.0
20170124,7,NO2,营口,62.0
20170124,7,NO2_24h,营口,54.0
20170124,7,O3,营口,15.0
20170124,7,O3_24h,营口,78.0
20170124,7,O3_8h,营口,16.0
20170124,7,O3_8h_24h,营口,20.0
20170124,7,CO,营口,1.7
20170124,7,CO_24h,营口,1.45
20170124,8,AQI,营口,145.0
20170124,8,PM2.5,营口,111.0
20170124,8,PM2.5_24h,营口,73.0
20170124,8,PM10,营口,145.0
20170124,8,PM10_24h,营口,101.0
20170124,8,SO2,营口,43.0
20170124,8,SO2_24h,营口,49.0
20170124,8,NO2,营口,66.0
20170124,8,NO2_24h,营口,54.0
20170124,8,O3,营口,21.0
20170124,8,O3_24h,营口,78.0
20170124,8,O3_8h,营口,17.0
20170124,8,O3_8h_24h,营口,20.0
20170124,8,CO,营口,2.0
20170124,8,CO_24h,营口,1.38
20170124,9,AQI,营口,201.0
20170124,9,PM2.5,营口,151.0
20170124,9,PM2.5_24h,营口,72.0
20170124,9,PM10,营口,195.0
20170124,9,PM10_24h,营口,100.0
20170124,9,SO2,营口,72.0
20170124,9,SO2_24h,营口,48.0
20170124,9,NO2,营口,71.0
20170124,9,NO2_24h,营口,54.0
20170124,9,O3,营口,23.0
20170124,9,O3_24h,营口,78.0
20170124,9,O3_8h,营口,18.0
20170124,9,O3_8h_24h,营口,20.0
20170124,9,CO,营口,2.38
20170124,9,CO_24h,营口,1.32
20170124,10,AQI,营口,136.0
20170124,10,PM2.5,营口,104.0
20170124,10,PM2.5_24h,营口,72.0
20170124,10,PM10,营口,132.0
20170124,10,PM10_24h,营口,100.0
20170124,10,SO2,营口,66.0
20170124,10,SO2_24h,营口,47.0
20170124,10,NO2,营口,66.0
20170124,10,NO2_24h,营口,54.0
20170124,10,O3,营口,30.0
20170124,10,O3_24h,营口,78.0
20170124,10,O3_8h,营口,19.0
20170124,10,O3_8h_24h,营口,21.0
20170124,10,CO,营口,1.75
20170124,10,CO_24h,营口,1.3
20170124,11,AQI,营口,116.0
20170124,11,PM2.5,营口,88.0
20170124,11,PM2.5_24h,营口,73.0
20170124,11,PM10,营口,112.0
20170124,11,PM10_24h,营口,102.0
20170124,11,SO2,营口,71.0
20170124,11,SO2_24h,营口,47.0
20170124,11,NO2,营口,61.0
20170124,11,NO2_24h,营口,54.0
20170124,11,O3,营口,44.0
20170124,11,O3_24h,营口,78.0
20170124,11,O3_8h,营口,23.0
20170124,11,O3_8h_24h,营口,24.0
20170124,11,CO,营口,1.48
20170124,11,CO_24h,营口,1.3
20170124,12,AQI,营口,121.0
20170124,12,PM2.5,营口,92.0
20170124,12,PM2.5_24h,营口,75.0
20170124,12,PM10,营口,117.0
20170124,12,PM10_24h,营口,104.0
20170124,12,SO2,营口,105.0
20170124,12,SO2_24h,营口,48.0
20170124,12,NO2,营口,65.0
20170124,12,NO2_24h,营口,56.0
20170124,12,O3,营口,52.0
20170124,12,O3_24h,营口,77.0
20170124,12,O3_8h,营口,27.0
20170124,12,O3_8h_24h,营口,27.0
20170124,12,CO,营口,1.48
20170124,12,CO_24h,营口,1.35
20170124,13,AQI,营口,101.0
20170124,13,PM2.5,营口,76.0
20170124,13,PM2.5_24h,营口,78.0
20170124,13,PM10,营口,95.0
20170124,13,PM10_24h,营口,105.0
20170124,13,SO2,营口,117.0
20170124,13,SO2_24h,营口,51.0
20170124,13,NO2,营口,53.0
20170124,13,NO2_24h,营口,57.0
20170124,13,O3,营口,57.0
20170124,13,O3_24h,营口,77.0
20170124,13,O3_8h,营口,32.0
20170124,13,O3_8h_24h,营口,32.0
20170124,13,CO,营口,1.1
20170124,13,CO_24h,营口,1.4
20170124,14,AQI,营口,88.0
20170124,14,PM2.5,营口,65.0
20170124,14,PM2.5_24h,营口,79.0
20170124,14,PM10,营口,80.0
20170124,14,PM10_24h,营口,107.0
20170124,14,SO2,营口,82.0
20170124,14,SO2_24h,营口,47.0
20170124,14,NO2,营口,46.0
20170124,14,NO2_24h,营口,57.0
20170124,14,O3,营口,70.0
20170124,14,O3_24h,营口,79.0
20170124,14,O3_8h,营口,39.0
20170124,14,O3_8h_24h,营口,39.0
20170124,14,CO,营口,0.93
20170124,14,CO_24h,营口,1.4
20170124,15,AQI,营口,76.0
20170124,15,PM2.5,营口,56.0
20170124,15,PM2.5_24h,营口,80.0
20170124,15,PM10,营口,70.0
20170124,15,PM10_24h,营口,108.0
20170124,15,SO2,营口,100.0
20170124,15,SO2_24h,营口,50.0
20170124,15,NO2,营口,38.0
20170124,15,NO2_24h,营口,58.0
20170124,15,O3,营口,82.0
20170124,15,O3_24h,营口,84.0
20170124,15,O3_8h,营口,48.0
20170124,15,O3_8h_24h,营口,48.0
20170124,15,CO,营口,0.75
20170124,15,CO_24h,营口,1.4
20170124,16,AQI,营口,69.0
20170124,16,PM2.5,营口,50.0
20170124,16,PM2.5_24h,营口,82.0
20170124,16,PM10,营口,63.0
20170124,16,PM10_24h,营口,108.0
20170124,16,SO2,营口,81.0
20170124,16,SO2_24h,营口,52.0
20170124,16,NO2,营口,34.0
20170124,16,NO2_24h,营口,59.0
20170124,16,O3,营口,85.0
20170124,16,O3_24h,营口,87.0
20170124,16,O3_8h,营口,55.0
20170124,16,O3_8h_24h,营口,55.0
20170124,16,CO,营口,0.7
20170124,16,CO_24h,营口,1.4
20170124,17,AQI,营口,76.0
20170124,17,PM2.5,营口,56.0
20170124,17,PM2.5_24h,营口,83.0
20170124,17,PM10,营口,72.0
20170124,17,PM10_24h,营口,109.0
20170124,17,SO2,营口,51.0
20170124,17,SO2_24h,营口,53.0
20170124,17,NO2,营口,47.0
20170124,17,NO2_24h,营口,60.0
20170124,17,O3,营口,72.0
20170124,17,O3_24h,营口,87.0
20170124,17,O3_8h,营口,62.0
20170124,17,O3_8h_24h,营口,62.0
20170124,17,CO,营口,0.75
20170124,17,CO_24h,营口,1.48
20170124,18,AQI,营口,73.0
20170124,18,PM2.5,营口,53.0
20170124,18,PM2.5_24h,营口,83.0
20170124,18,PM10,营口,69.0
20170124,18,PM10_24h,营口,110.0
20170124,18,SO2,营口,40.0
20170124,18,SO2_24h,营口,53.0
20170124,18,NO2,营口,57.0
20170124,18,NO2_24h,营口,60.0
20170124,18,O3,营口,66.0
20170124,18,O3_24h,营口,87.0
20170124,18,O3_8h,营口,66.0
20170124,18,O3_8h_24h,营口,66.0
20170124,18,CO,营口,0.67
20170124,18,CO_24h,营口,1.48
20170124,19,AQI,营口,80.0
20170124,19,PM2.5,营口,59.0
20170124,19,PM2.5_24h,营口,83.0
20170124,19,PM10,营口,77.0
20170124,19,PM10_24h,营口,110.0
20170124,19,SO2,营口,37.0
20170124,19,SO2_24h,营口,53.0
20170124,19,NO2,营口,68.0
20170124,19,NO2_24h,营口,61.0
20170124,19,O3,营口,45.0
20170124,19,O3_24h,营口,87.0
20170124,19,O3_8h,营口,66.0
20170124,19,O3_8h_24h,营口,67.0
20170124,19,CO,营口,0.75
20170124,19,CO_24h,营口,1.48
20170124,20,AQI,营口,153.0
20170124,20,PM2.5,营口,117.0
20170124,20,PM2.5_24h,营口,85.0
20170124,20,PM10,营口,150.0
20170124,20,PM10_24h,营口,112.0
20170124,20,SO2,营口,39.0
20170124,20,SO2_24h,营口,53.0
20170124,20,NO2,营口,76.0
20170124,20,NO2_24h,营口,61.0
20170124,20,O3,营口,38.0
20170124,20,O3_24h,营口,87.0
20170124,20,O3_8h,营口,65.0
20170124,20,O3_8h_24h,营口,67.0
20170124,20,CO,营口,1.45
20170124,20,CO_24h,营口,1.48
20170124,21,AQI,营口,130.0
20170124,21,PM2.5,营口,99.0
20170124,21,PM2.5_24h,营口,84.0
20170124,21,PM10,营口,129.0
20170124,21,PM10_24h,营口,111.0
20170124,21,SO2,营口,40.0
20170124,21,SO2_24h,营口,53.0
20170124,21,NO2,营口,80.0
20170124,21,NO2_24h,营口,62.0
20170124,21,O3,营口,35.0
20170124,21,O3_24h,营口,87.0
20170124,21,O3_8h,营口,62.0
20170124,21,O3_8h_24h,营口,67.0
20170124,21,CO,营口,1.65
20170124,21,CO_24h,营口,1.48
20170124,22,AQI,营口,163.0
20170124,22,PM2.5,营口,124.0
20170124,22,PM2.5_24h,营口,86.0
20170124,22,PM10,营口,163.0
20170124,22,PM10_24h,营口,113.0
20170124,22,SO2,营口,32.0
20170124,22,SO2_24h,营口,53.0
20170124,22,NO2,营口,78.0
20170124,22,NO2_24h,营口,62.0
20170124,22,O3,营口,30.0
20170124,22,O3_24h,营口,87.0
20170124,22,O3_8h,营口,57.0
20170124,22,O3_8h_24h,营口,67.0
20170124,22,CO,营口,2.05
20170124,22,CO_24h,营口,1.48
20170124,23,AQI,营口,130.0
20170124,23,PM2.5,营口,99.0
20170124,23,PM2.5_24h,营口,86.0
20170124,23,PM10,营口,132.0
20170124,23,PM10_24h,营口,114.0
20170124,23,SO2,营口,26.0
20170124,23,SO2_24h,营口,53.0
20170124,23,NO2,营口,78.0
20170124,23,NO2_24h,营口,62.0
20170124,23,O3,营口,22.0
20170124,23,O3_24h,营口,87.0
20170124,23,O3_8h,营口,49.0
20170124,23,O3_8h_24h,营口,67.0
20170124,23,CO,营口,1.45
20170124,23,CO_24h,营口,1.47
20170124,0,AQI,丹东,50.0
20170124,0,PM2.5,丹东,32.0
20170124,0,PM2.5_24h,丹东,39.0
20170124,0,PM10,丹东,50.0
20170124,0,PM10_24h,丹东,59.0
20170124,0,SO2,丹东,31.0
20170124,0,SO2_24h,丹东,33.0
20170124,0,NO2,丹东,24.0
20170124,0,NO2_24h,丹东,26.0
20170124,0,O3,丹东,55.0
20170124,0,O3_24h,丹东,71.0
20170124,0,O3_8h,丹东,49.0
20170124,0,O3_8h_24h,丹东,64.0
20170124,0,CO,丹东,1.32
20170124,0,CO_24h,丹东,1.15
20170124,1,AQI,丹东,52.0
20170124,1,PM2.5,丹东,34.0
20170124,1,PM2.5_24h,丹东,38.0
20170124,1,PM10,丹东,54.0
20170124,1,PM10_24h,丹东,58.0
20170124,1,SO2,丹东,31.0
20170124,1,SO2_24h,丹东,33.0
20170124,1,NO2,丹东,34.0
20170124,1,NO2_24h,丹东,27.0
20170124,1,O3,丹东,49.0
20170124,1,O3_24h,丹东,71.0
20170124,1,O3_8h,丹东,49.0
20170124,1,O3_8h_24h,丹东,49.0
20170124,1,CO,丹东,1.45
20170124,1,CO_24h,丹东,1.2
20170124,2,AQI,丹东,51.0
20170124,2,PM2.5,丹东,33.0
20170124,2,PM2.5_24h,丹东,37.0
20170124,2,PM10,丹东,51.0
20170124,2,PM10_24h,丹东,57.0
20170124,2,SO2,丹东,28.0
20170124,2,SO2_24h,丹东,33.0
20170124,2,NO2,丹东,23.0
20170124,2,NO2_24h,丹东,26.0
20170124,2,O3,丹东,53.0
20170124,2,O3_24h,丹东,71.0
20170124,2,O3_8h,丹东,51.0
20170124,2,O3_8h_24h,丹东,51.0
20170124,2,CO,丹东,1.4
20170124,2,CO_24h,丹东,1.2
20170124,3,AQI,丹东,48.0
20170124,3,PM2.5,丹东,33.0
20170124,3,PM2.5_24h,丹东,37.0
20170124,3,PM10,丹东,48.0
20170124,3,PM10_24h,丹东,56.0
20170124,3,SO2,丹东,27.0
20170124,3,SO2_24h,丹东,33.0
20170124,3,NO2,丹东,25.0
20170124,3,NO2_24h,丹东,26.0
20170124,3,O3,丹东,53.0
20170124,3,O3_24h,丹东,71.0
20170124,3,O3_8h,丹东,52.0
20170124,3,O3_8h_24h,丹东,52.0
20170124,3,CO,丹东,1.3
20170124,3,CO_24h,丹东,1.2
20170124,4,AQI,丹东,48.0
20170124,4,PM2.5,丹东,31.0
20170124,4,PM2.5_24h,丹东,36.0
20170124,4,PM10,丹东,48.0
20170124,4,PM10_24h,丹东,55.0
20170124,4,SO2,丹东,32.0
20170124,4,SO2_24h,丹东,33.0
20170124,4,NO2,丹东,25.0
20170124,4,NO2_24h,丹东,26.0
20170124,4,O3,丹东,50.0
20170124,4,O3_24h,丹东,71.0
20170124,4,O3_8h,丹东,51.0
20170124,4,O3_8h_24h,丹东,52.0
20170124,4,CO,丹东,1.25
20170124,4,CO_24h,丹东,1.2
20170124,5,AQI,丹东,51.0
20170124,5,PM2.5,丹东,33.0
20170124,5,PM2.5_24h,丹东,36.0
20170124,5,PM10,丹东,51.0
20170124,5,PM10_24h,丹东,54.0
20170124,5,SO2,丹东,45.0
20170124,5,SO2_24h,丹东,33.0
20170124,5,NO2,丹东,26.0
20170124,5,NO2_24h,丹东,27.0
20170124,5,O3,丹东,44.0
20170124,5,O3_24h,丹东,71.0
20170124,5,O3_8h,丹东,50.0
20170124,5,O3_8h_24h,丹东,52.0
20170124,5,CO,丹东,1.32
20170124,5,CO_24h,丹东,1.22
20170124,6,AQI,丹东,60.0
20170124,6,PM2.5,丹东,43.0
20170124,6,PM2.5_24h,丹东,35.0
20170124,6,PM10,丹东,63.0
20170124,6,PM10_24h,丹东,54.0
20170124,6,SO2,丹东,64.0
20170124,6,SO2_24h,丹东,35.0
20170124,6,NO2,丹东,35.0
20170124,6,NO2_24h,丹东,27.0
20170124,6,O3,丹东,36.0
20170124,6,O3_24h,丹东,71.0
20170124,6,O3_8h,丹东,47.0
20170124,6,O3_8h_24h,丹东,52.0
20170124,6,CO,丹东,1.42
20170124,6,CO_24h,丹东,1.22
20170124,7,AQI,丹东,61.0
20170124,7,PM2.5,丹东,44.0
20170124,7,PM2.5_24h,丹东,35.0
20170124,7,PM10,丹东,66.0
20170124,7,PM10_24h,丹东,54.0
20170124,7,SO2,丹东,96.0
20170124,7,SO2_24h,丹东,37.0
20170124,7,NO2,丹东,45.0
20170124,7,NO2_24h,丹东,28.0
20170124,7,O3,丹东,30.0
20170124,7,O3_24h,丹东,71.0
20170124,7,O3_8h,丹东,45.0
20170124,7,O3_8h_24h,丹东,52.0
20170124,7,CO,丹东,1.42
20170124,7,CO_24h,丹东,1.22
20170124,8,AQI,丹东,88.0
20170124,8,PM2.5,丹东,65.0
20170124,8,PM2.5_24h,丹东,35.0
20170124,8,PM10,丹东,94.0
20170124,8,PM10_24h,丹东,54.0
20170124,8,SO2,丹东,116.0
20170124,8,SO2_24h,丹东,40.0
20170124,8,NO2,丹东,56.0
20170124,8,NO2_24h,丹东,29.0
20170124,8,O3,丹东,21.0
20170124,8,O3_24h,丹东,71.0
20170124,8,O3_8h,丹东,42.0
20170124,8,O3_8h_24h,丹东,52.0
20170124,8,CO,丹东,1.7
20170124,8,CO_24h,丹东,1.25
20170124,9,AQI,丹东,81.0
20170124,9,PM2.5,丹东,60.0
20170124,9,PM2.5_24h,丹东,36.0
20170124,9,PM10,丹东,88.0
20170124,9,PM10_24h,丹东,55.0
20170124,9,SO2,丹东,97.0
20170124,9,SO2_24h,丹东,43.0
20170124,9,NO2,丹东,43.0
20170124,9,NO2_24h,丹东,29.0
20170124,9,O3,丹东,35.0
20170124,9,O3_24h,丹东,71.0
20170124,9,O3_8h,丹东,40.0
20170124,9,O3_8h_24h,丹东,52.0
20170124,9,CO,丹东,1.53
20170124,9,CO_24h,丹东,1.27
20170124,10,AQI,丹东,60.0
20170124,10,PM2.5,丹东,43.0
20170124,10,PM2.5_24h,丹东,36.0
20170124,10,PM10,丹东,63.0
20170124,10,PM10_24h,丹东,56.0
20170124,10,SO2,丹东,67.0
20170124,10,SO2_24h,丹东,45.0
20170124,10,NO2,丹东,31.0
20170124,10,NO2_24h,丹东,30.0
20170124,10,O3,丹东,49.0
20170124,10,O3_24h,丹东,71.0
20170124,10,O3_8h,丹东,40.0
20170124,10,O3_8h_24h,丹东,52.0
20170124,10,CO,丹东,1.32
20170124,10,CO_24h,丹东,1.27
20170124,11,AQI,丹东,39.0
20170124,11,PM2.5,丹东,25.0
20170124,11,PM2.5_24h,丹东,36.0
20170124,11,PM10,丹东,39.0
20170124,11,PM10_24h,丹东,55.0
20170124,11,SO2,丹东,36.0
20170124,11,SO2_24h,丹东,46.0
20170124,11,NO2,丹东,18.0
20170124,11,NO2_24h,丹东,31.0
20170124,11,O3,丹东,61.0
20170124,11,O3_24h,丹东,71.0
20170124,11,O3_8h,丹东,41.0
20170124,11,O3_8h_24h,丹东,52.0
20170124,11,CO,丹东,1.08
20170124,11,CO_24h,丹东,1.3
20170124,12,AQI,丹东,33.0
20170124,12,PM2.5,丹东,20.0
20170124,12,PM2.5_24h,丹东,36.0
20170124,12,PM10,丹东,33.0
20170124,12,PM10_24h,丹东,55.0
20170124,12,SO2,丹东,30.0
20170124,12,SO2_24h,丹东,46.0
20170124,12,NO2,丹东,16.0
20170124,12,NO2_24h,丹东,31.0
20170124,12,O3,丹东,57.0
20170124,12,O3_24h,丹东,71.0
20170124,12,O3_8h,丹东,41.0
20170124,12,O3_8h_24h,丹东,52.0
20170124,12,CO,丹东,1.0
20170124,12,CO_24h,丹东,1.3
20170124,13,AQI,丹东,29.0
20170124,13,PM2.5,丹东,18.0
20170124,13,PM2.5_24h,丹东,36.0
20170124,13,PM10,丹东,29.0
20170124,13,PM10_24h,丹东,55.0
20170124,13,SO2,丹东,29.0
20170124,13,SO2_24h,丹东,46.0
20170124,13,NO2,丹东,16.0
20170124,13,NO2_24h,丹东,31.0
20170124,13,O3,丹东,59.0
20170124,13,O3_24h,丹东,70.0
20170124,13,O3_8h,丹东,43.0
20170124,13,O3_8h_24h,丹东,54.0
20170124,13,CO,丹东,0.9
20170124,13,CO_24h,丹东,1.3
20170124,14,AQI,丹东,26.0
20170124,14,PM2.5,丹东,16.0
20170124,14,PM2.5_24h,丹东,35.0
20170124,14,PM10,丹东,26.0
20170124,14,PM10_24h,丹东,55.0
20170124,14,SO2,丹东,23.0
20170124,14,SO2_24h,丹东,46.0
20170124,14,NO2,丹东,14.0
20170124,14,NO2_24h,丹东,30.0
20170124,14,O3,丹东,72.0
20170124,14,O3_24h,丹东,72.0
20170124,14,O3_8h,丹东,48.0
20170124,14,O3_8h_24h,丹东,56.0
20170124,14,CO,丹东,0.82
20170124,14,CO_24h,丹东,1.3
20170124,15,AQI,丹东,25.0
20170124,15,PM2.5,丹东,15.0
20170124,15,PM2.5_24h,丹东,35.0
20170124,15,PM10,丹东,25.0
20170124,15,PM10_24h,丹东,55.0
20170124,15,SO2,丹东,22.0
20170124,15,SO2_24h,丹东,46.0
20170124,15,NO2,丹东,13.0
20170124,15,NO2_24h,丹东,30.0
20170124,15,O3,丹东,75.0
20170124,15,O3_24h,丹东,75.0
20170124,15,O3_8h,丹东,54.0
20170124,15,O3_8h_24h,丹东,58.0
20170124,15,CO,丹东,0.82
20170124,15,CO_24h,丹东,1.27
20170124,16,AQI,丹东,30.0
20170124,16,PM2.5,丹东,19.0
20170124,16,PM2.5_24h,丹东,35.0
20170124,16,PM10,丹东,30.0
20170124,16,PM10_24h,丹东,54.0
20170124,16,SO2,丹东,21.0
20170124,16,SO2_24h,丹东,46.0
20170124,16,NO2,丹东,17.0
20170124,16,NO2_24h,丹东,30.0
20170124,16,O3,丹东,72.0
20170124,16,O3_24h,丹东,75.0
20170124,16,O3_8h,丹东,60.0
20170124,16,O3_8h_24h,丹东,62.0
20170124,16,CO,丹东,0.9
20170124,16,CO_24h,丹东,1.27
20170124,17,AQI,丹东,42.0
20170124,17,PM2.5,丹东,26.0
20170124,17,PM2.5_24h,丹东,35.0
20170124,17,PM10,丹东,42.0
20170124,17,PM10_24h,丹东,54.0
20170124,17,SO2,丹东,20.0
20170124,17,SO2_24h,丹东,44.0
20170124,17,NO2,丹东,32.0
20170124,17,NO2_24h,丹东,30.0
20170124,17,O3,丹东,60.0
20170124,17,O3_24h,丹东,75.0
20170124,17,O3_8h,丹东,63.0
20170124,17,O3_8h_24h,丹东,66.0
20170124,17,CO,丹东,1.05
20170124,17,CO_24h,丹东,1.27
20170124,18,AQI,丹东,60.0
20170124,18,PM2.5,丹东,42.0
20170124,18,PM2.5_24h,丹东,34.0
20170124,18,PM10,丹东,69.0
20170124,18,PM10_24h,丹东,53.0
20170124,18,SO2,丹东,40.0
20170124,18,SO2_24h,丹东,44.0
20170124,18,NO2,丹东,57.0
20170124,18,NO2_24h,丹东,30.0
20170124,18,O3,丹东,38.0
20170124,18,O3_24h,丹东,75.0
20170124,18,O3_8h,丹东,62.0
20170124,18,O3_8h_24h,丹东,66.0
20170124,18,CO,丹东,1.32
20170124,18,CO_24h,丹东,1.25
20170124,19,AQI,丹东,140.0
20170124,19,PM2.5,丹东,107.0
20170124,19,PM2.5_24h,丹东,36.0
20170124,19,PM10,丹东,169.0
20170124,19,PM10_24h,丹东,56.0
20170124,19,SO2,丹东,68.0
20170124,19,SO2_24h,丹东,44.0
20170124,19,NO2,丹东,76.0
20170124,19,NO2_24h,丹东,31.0
20170124,19,O3,丹东,25.0
20170124,19,O3_24h,丹东,75.0
20170124,19,O3_8h,丹东,57.0
20170124,19,O3_8h_24h,丹东,66.0
20170124,19,CO,丹东,2.35
20170124,19,CO_24h,丹东,1.3
20170124,20,AQI,丹东,153.0
20170124,20,PM2.5,丹东,117.0
20170124,20,PM2.5_24h,丹东,39.0
20170124,20,PM10,丹东,186.0
20170124,20,PM10_24h,丹东,61.0
20170124,20,SO2,丹东,70.0
20170124,20,SO2_24h,丹东,45.0
20170124,20,NO2,丹东,78.0
20170124,20,NO2_24h,丹东,32.0
20170124,20,O3,丹东,19.0
20170124,20,O3_24h,丹东,75.0
20170124,20,O3_8h,丹东,52.0
20170124,20,O3_8h_24h,丹东,66.0
20170124,20,CO,丹东,2.5
20170124,20,CO_24h,丹东,1.33
20170124,21,AQI,丹东,129.0
20170124,21,PM2.5,丹东,98.0
20170124,21,PM2.5_24h,丹东,42.0
20170124,21,PM10,丹东,154.0
20170124,21,PM10_24h,丹东,66.0
20170124,21,SO2,丹东,82.0
20170124,21,SO2_24h,丹东,47.0
20170124,21,NO2,丹东,71.0
20170124,21,NO2_24h,丹东,34.0
20170124,21,O3,丹东,18.0
20170124,21,O3_24h,丹东,75.0
20170124,21,O3_8h,丹东,47.0
20170124,21,O3_8h_24h,丹东,66.0
20170124,21,CO,丹东,2.45
20170124,21,CO_24h,丹东,1.38
20170124,22,AQI,丹东,129.0
20170124,22,PM2.5,丹东,98.0
20170124,22,PM2.5_24h,丹东,45.0
20170124,22,PM10,丹东,150.0
20170124,22,PM10_24h,丹东,70.0
20170124,22,SO2,丹东,131.0
20170124,22,SO2_24h,丹东,52.0
20170124,22,NO2,丹东,66.0
20170124,22,NO2_24h,丹东,36.0
20170124,22,O3,丹东,16.0
20170124,22,O3_24h,丹东,75.0
20170124,22,O3_8h,丹东,40.0
20170124,22,O3_8h_24h,丹东,66.0
20170124,22,CO,丹东,2.92
20170124,22,CO_24h,丹东,1.48
20170124,23,AQI,丹东,141.0
20170124,23,PM2.5,丹东,108.0
20170124,23,PM2.5_24h,丹东,48.0
20170124,23,PM10,丹东,152.0
20170124,23,PM10_24h,丹东,74.0
20170124,23,SO2,丹东,108.0
20170124,23,SO2_24h,丹东,55.0
20170124,23,NO2,丹东,65.0
20170124,23,NO2_24h,丹东,38.0
20170124,23,O3,丹东,14.0
20170124,23,O3_24h,丹东,75.0
20170124,23,O3_8h,丹东,33.0
20170124,23,O3_8h_24h,丹东,66.0
20170124,23,CO,丹东,2.9
20170124,23,CO_24h,丹东,1.5
20170124,0,AQI,盘锦,81.0
20170124,0,PM2.5,盘锦,60.0
20170124,0,PM2.5_24h,盘锦,52.0
20170124,0,PM10,盘锦,92.0
20170124,0,PM10_24h,盘锦,81.0
20170124,0,SO2,盘锦,95.0
20170124,0,SO2_24h,盘锦,55.0
20170124,0,NO2,盘锦,69.0
20170124,0,NO2_24h,盘锦,51.0
20170124,0,O3,盘锦,14.0
20170124,0,O3_24h,盘锦,87.0
20170124,0,O3_8h,盘锦,32.0
20170124,0,O3_8h_24h,盘锦,75.0
20170124,0,CO,盘锦,1.4
20170124,0,CO_24h,盘锦,1.37
20170124,1,AQI,盘锦,75.0
20170124,1,PM2.5,盘锦,55.0
20170124,1,PM2.5_24h,盘锦,52.0
20170124,1,PM10,盘锦,88.0
20170124,1,PM10_24h,盘锦,80.0
20170124,1,SO2,盘锦,87.0
20170124,1,SO2_24h,盘锦,57.0
20170124,1,NO2,盘锦,70.0
20170124,1,NO2_24h,盘锦,51.0
20170124,1,O3,盘锦,10.0
20170124,1,O3_24h,盘锦,87.0
20170124,1,O3_8h,盘锦,10.0
20170124,1,O3_8h_24h,盘锦,10.0
20170124,1,CO,盘锦,1.37
20170124,1,CO_24h,盘锦,1.33
20170124,2,AQI,盘锦,83.0
20170124,2,PM2.5,盘锦,61.0
20170124,2,PM2.5_24h,盘锦,51.0
20170124,2,PM10,盘锦,93.0
20170124,2,PM10_24h,盘锦,80.0
20170124,2,SO2,盘锦,90.0
20170124,2,SO2_24h,盘锦,58.0
20170124,2,NO2,盘锦,74.0
20170124,2,NO2_24h,盘锦,52.0
20170124,2,O3,盘锦,8.0
20170124,2,O3_24h,盘锦,87.0
20170124,2,O3_8h,盘锦,9.0
20170124,2,O3_8h_24h,盘锦,11.0
20170124,2,CO,盘锦,1.5
20170124,2,CO_24h,盘锦,1.33
20170124,3,AQI,盘锦,85.0
20170124,3,PM2.5,盘锦,63.0
20170124,3,PM2.5_24h,盘锦,51.0
20170124,3,PM10,盘锦,100.0
20170124,3,PM10_24h,盘锦,80.0
20170124,3,SO2,盘锦,90.0
20170124,3,SO2_24h,盘锦,60.0
20170124,3,NO2,盘锦,69.0
20170124,3,NO2_24h,盘锦,51.0
20170124,3,O3,盘锦,8.0
20170124,3,O3_24h,盘锦,87.0
20170124,3,O3_8h,盘锦,9.0
20170124,3,O3_8h_24h,盘锦,11.0
20170124,3,CO,盘锦,1.6
20170124,3,CO_24h,盘锦,1.3
20170124,4,AQI,盘锦,95.0
20170124,4,PM2.5,盘锦,71.0
20170124,4,PM2.5_24h,盘锦,52.0
20170124,4,PM10,盘锦,102.0
20170124,4,PM10_24h,盘锦,80.0
20170124,4,SO2,盘锦,97.0
20170124,4,SO2_24h,盘锦,61.0
20170124,4,NO2,盘锦,70.0
20170124,4,NO2_24h,盘锦,51.0
20170124,4,O3,盘锦,8.0
20170124,4,O3_24h,盘锦,87.0
20170124,4,O3_8h,盘锦,8.0
20170124,4,O3_8h_24h,盘锦,11.0
20170124,4,CO,盘锦,1.83
20170124,4,CO_24h,盘锦,1.3
20170124,5,AQI,盘锦,105.0
20170124,5,PM2.5,盘锦,79.0
20170124,5,PM2.5_24h,盘锦,53.0
20170124,5,PM10,盘锦,123.0
20170124,5,PM10_24h,盘锦,81.0
20170124,5,SO2,盘锦,113.0
20170124,5,SO2_24h,盘锦,63.0
20170124,5,NO2,盘锦,67.0
20170124,5,NO2_24h,盘锦,51.0
20170124,5,O3,盘锦,8.0
20170124,5,O3_24h,盘锦,87.0
20170124,5,O3_8h,盘锦,8.0
20170124,5,O3_8h_24h,盘锦,11.0
20170124,5,CO,盘锦,2.0
20170124,5,CO_24h,盘锦,1.3
20170124,6,AQI,盘锦,105.0
20170124,6,PM2.5,盘锦,79.0
20170124,6,PM2.5_24h,盘锦,54.0
20170124,6,PM10,盘锦,116.0
20170124,6,PM10_24h,盘锦,82.0
20170124,6,SO2,盘锦,122.0
20170124,6,SO2_24h,盘锦,66.0
20170124,6,NO2,盘锦,65.0
20170124,6,NO2_24h,盘锦,51.0
20170124,6,O3,盘锦,7.0
20170124,6,O3_24h,盘锦,87.0
20170124,6,O3_8h,盘锦,8.0
20170124,6,O3_8h_24h,盘锦,11.0
20170124,6,CO,盘锦,1.87
20170124,6,CO_24h,盘锦,1.3
20170124,7,AQI,盘锦,129.0
20170124,7,PM2.5,盘锦,98.0
20170124,7,PM2.5_24h,盘锦,55.0
20170124,7,PM10,盘锦,127.0
20170124,7,PM10_24h,盘锦,83.0
20170124,7,SO2,盘锦,128.0
20170124,7,SO2_24h,盘锦,69.0
20170124,7,NO2,盘锦,67.0
20170124,7,NO2_24h,盘锦,51.0
20170124,7,O3,盘锦,8.0
20170124,7,O3_24h,盘锦,87.0
20170124,7,O3_8h,盘锦,8.0
20170124,7,O3_8h_24h,盘锦,11.0
20170124,7,CO,盘锦,2.0
20170124,7,CO_24h,盘锦,1.33
20170124,8,AQI,盘锦,149.0
20170124,8,PM2.5,盘锦,114.0
20170124,8,PM2.5_24h,盘锦,56.0
20170124,8,PM10,盘锦,156.0
20170124,8,PM10_24h,盘锦,85.0
20170124,8,SO2,盘锦,122.0
20170124,8,SO2_24h,盘锦,71.0
20170124,8,NO2,盘锦,68.0
20170124,8,NO2_24h,盘锦,52.0
20170124,8,O3,盘锦,9.0
20170124,8,O3_24h,盘锦,87.0
20170124,8,O3_8h,盘锦,8.0
20170124,8,O3_8h_24h,盘锦,11.0
20170124,8,CO,盘锦,2.27
20170124,8,CO_24h,盘锦,1.33
20170124,9,AQI,盘锦,156.0
20170124,9,PM2.5,盘锦,119.0
20170124,9,PM2.5_24h,盘锦,56.0
20170124,9,PM10,盘锦,157.0
20170124,9,PM10_24h,盘锦,87.0
20170124,9,SO2,盘锦,130.0
20170124,9,SO2_24h,盘锦,73.0
20170124,9,NO2,盘锦,74.0
20170124,9,NO2_24h,盘锦,52.0
20170124,9,O3,盘锦,14.0
20170124,9,O3_24h,盘锦,87.0
20170124,9,O3_8h,盘锦,9.0
20170124,9,O3_8h_24h,盘锦,12.0
20170124,9,CO,盘锦,2.13
20170124,9,CO_24h,盘锦,1.3
20170124,10,AQI,盘锦,135.0
20170124,10,PM2.5,盘锦,103.0
20170124,10,PM2.5_24h,盘锦,56.0
20170124,10,PM10,盘锦,156.0
20170124,10,PM10_24h,盘锦,86.0
20170124,10,SO2,盘锦,116.0
20170124,10,SO2_24h,盘锦,74.0
20170124,10,NO2,盘锦,56.0
20170124,10,NO2_24h,盘锦,52.0
20170124,10,O3,盘锦,32.0
20170124,10,O3_24h,盘锦,87.0
20170124,10,O3_8h,盘锦,12.0
20170124,10,O3_8h_24h,盘锦,13.0
20170124,10,CO,盘锦,1.7
20170124,10,CO_24h,盘锦,1.3
20170124,11,AQI,盘锦,98.0
20170124,11,PM2.5,盘锦,73.0
20170124,11,PM2.5_24h,盘锦,58.0
20170124,11,PM10,盘锦,128.0
20170124,11,PM10_24h,盘锦,87.0
20170124,11,SO2,盘锦,142.0
20170124,11,SO2_24h,盘锦,77.0
20170124,11,NO2,盘锦,43.0
20170124,11,NO2_24h,盘锦,52.0
20170124,11,O3,盘锦,54.0
20170124,11,O3_24h,盘锦,87.0
20170124,11,O3_8h,盘锦,18.0
20170124,11,O3_8h_24h,盘锦,18.0
20170124,11,CO,盘锦,1.37
20170124,11,CO_24h,盘锦,1.33
20170124,12,AQI,盘锦,79.0
20170124,12,PM2.5,盘锦,58.0
20170124,12,PM2.5_24h,盘锦,60.0
20170124,12,PM10,盘锦,99.0
20170124,12,PM10_24h,盘锦,90.0
20170124,12,SO2,盘锦,81.0
20170124,12,SO2_24h,盘锦,80.0
20170124,12,NO2,盘锦,37.0
20170124,12,NO2_24h,盘锦,52.0
20170124,12,O3,盘锦,67.0
20170124,12,O3_24h,盘锦,87.0
20170124,12,O3_8h,盘锦,25.0
20170124,12,O3_8h_24h,盘锦,25.0
20170124,12,CO,盘锦,1.17
20170124,12,CO_24h,盘锦,1.33
20170124,13,AQI,盘锦,68.0
20170124,13,PM2.5,盘锦,44.0
20170124,13,PM2.5_24h,盘锦,60.0
20170124,13,PM10,盘锦,85.0
20170124,13,PM10_24h,盘锦,92.0
20170124,13,SO2,盘锦,68.0
20170124,13,SO2_24h,盘锦,82.0
20170124,13,NO2,盘锦,31.0
20170124,13,NO2_24h,盘锦,53.0
20170124,13,O3,盘锦,72.0
20170124,13,O3_24h,盘锦,87.0
20170124,13,O3_8h,盘锦,33.0
20170124,13,O3_8h_24h,盘锦,33.0
20170124,13,CO,盘锦,0.97
20170124,13,CO_24h,盘锦,1.4
20170124,14,AQI,盘锦,56.0
20170124,14,PM2.5,盘锦,39.0
20170124,14,PM2.5_24h,盘锦,62.0
20170124,14,PM10,盘锦,62.0
20170124,14,PM10_24h,盘锦,94.0
20170124,14,SO2,盘锦,51.0
20170124,14,SO2_24h,盘锦,84.0
20170124,14,NO2,盘锦,30.0
20170124,14,NO2_24h,盘锦,54.0
20170124,14,O3,盘锦,79.0
20170124,14,O3_24h,盘锦,87.0
20170124,14,O3_8h,盘锦,42.0
20170124,14,O3_8h_24h,盘锦,42.0
20170124,14,CO,盘锦,0.83
20170124,14,CO_24h,盘锦,1.4
20170124,15,AQI,盘锦,56.0
20170124,15,PM2.5,盘锦,40.0
20170124,15,PM2.5_24h,盘锦,63.0
20170124,15,PM10,盘锦,62.0
20170124,15,PM10_24h,盘锦,95.0
20170124,15,SO2,盘锦,46.0
20170124,15,SO2_24h,盘锦,85.0
20170124,15,NO2,盘锦,29.0
20170124,15,NO2_24h,盘锦,55.0
20170124,15,O3,盘锦,85.0
20170124,15,O3_24h,盘锦,87.0
20170124,15,O3_8h,盘锦,52.0
20170124,15,O3_8h_24h,盘锦,52.0
20170124,15,CO,盘锦,0.87
20170124,15,CO_24h,盘锦,1.4
20170124,16,AQI,盘锦,55.0
20170124,16,PM2.5,盘锦,38.0
20170124,16,PM2.5_24h,盘锦,63.0
20170124,16,PM10,盘锦,59.0
20170124,16,PM10_24h,盘锦,97.0
20170124,16,SO2,盘锦,38.0
20170124,16,SO2_24h,盘锦,86.0
20170124,16,NO2,盘锦,25.0
20170124,16,NO2_24h,盘锦,55.0
20170124,16,O3,盘锦,87.0
20170124,16,O3_24h,盘锦,89.0
20170124,16,O3_8h,盘锦,61.0
20170124,16,O3_8h_24h,盘锦,61.0
20170124,16,CO,盘锦,0.77
20170124,16,CO_24h,盘锦,1.4
20170124,17,AQI,盘锦,59.0
20170124,17,PM2.5,盘锦,39.0
20170124,17,PM2.5_24h,盘锦,64.0
20170124,17,PM10,盘锦,68.0
20170124,17,PM10_24h,盘锦,98.0
20170124,17,SO2,盘锦,39.0
20170124,17,SO2_24h,盘锦,87.0
20170124,17,NO2,盘锦,37.0
20170124,17,NO2_24h,盘锦,56.0
20170124,17,O3,盘锦,67.0
20170124,17,O3_24h,盘锦,89.0
20170124,17,O3_8h,盘锦,68.0
20170124,17,O3_8h_24h,盘锦,68.0
20170124,17,CO,盘锦,0.87
20170124,17,CO_24h,盘锦,1.4
20170124,18,AQI,盘锦,78.0
20170124,18,PM2.5,盘锦,57.0
20170124,18,PM2.5_24h,盘锦,65.0
20170124,18,PM10,盘锦,82.0
20170124,18,PM10_24h,盘锦,100.0
20170124,18,SO2,盘锦,43.0
20170124,18,SO2_24h,盘锦,88.0
20170124,18,NO2,盘锦,61.0
20170124,18,NO2_24h,盘锦,57.0
20170124,18,O3,盘锦,38.0
20170124,18,O3_24h,盘锦,89.0
20170124,18,O3_8h,盘锦,69.0
20170124,18,O3_8h_24h,盘锦,69.0
20170124,18,CO,盘锦,1.17
20170124,18,CO_24h,盘锦,1.4
20170124,19,AQI,盘锦,99.0
20170124,19,PM2.5,盘锦,74.0
20170124,19,PM2.5_24h,盘锦,66.0
20170124,19,PM10,盘锦,97.0
20170124,19,PM10_24h,盘锦,100.0
20170124,19,SO2,盘锦,47.0
20170124,19,SO2_24h,盘锦,88.0
20170124,19,NO2,盘锦,68.0
20170124,19,NO2_24h,盘锦,58.0
20170124,19,O3,盘锦,28.0
20170124,19,O3_24h,盘锦,89.0
20170124,19,O3_8h,盘锦,65.0
20170124,19,O3_8h_24h,盘锦,69.0
20170124,19,CO,盘锦,1.37
20170124,19,CO_24h,盘锦,1.43
20170124,20,AQI,盘锦,110.0
20170124,20,PM2.5,盘锦,83.0
20170124,20,PM2.5_24h,盘锦,67.0
20170124,20,PM10,盘锦,101.0
20170124,20,PM10_24h,盘锦,101.0
20170124,20,SO2,盘锦,59.0
20170124,20,SO2_24h,盘锦,86.0
20170124,20,NO2,盘锦,71.0
20170124,20,NO2_24h,盘锦,58.0
20170124,20,O3,盘锦,25.0
20170124,20,O3_24h,盘锦,89.0
20170124,20,O3_8h,盘锦,60.0
20170124,20,O3_8h_24h,盘锦,69.0
20170124,20,CO,盘锦,1.57
20170124,20,CO_24h,盘锦,1.47
20170124,21,AQI,盘锦,99.0
20170124,21,PM2.5,盘锦,74.0
20170124,21,PM2.5_24h,盘锦,68.0
20170124,21,PM10,盘锦,111.0
20170124,21,PM10_24h,盘锦,102.0
20170124,21,SO2,盘锦,64.0
20170124,21,SO2_24h,盘锦,85.0
20170124,21,NO2,盘锦,76.0
20170124,21,NO2_24h,盘锦,58.0
20170124,21,O3,盘锦,21.0
20170124,21,O3_24h,盘锦,89.0
20170124,21,O3_8h,盘锦,54.0
20170124,21,O3_8h_24h,盘锦,69.0
20170124,21,CO,盘锦,1.5
20170124,21,CO_24h,盘锦,1.43
20170124,22,AQI,盘锦,89.0
20170124,22,PM2.5,盘锦,66.0
20170124,22,PM2.5_24h,盘锦,68.0
20170124,22,PM10,盘锦,87.0
20170124,22,PM10_24h,盘锦,102.0
20170124,22,SO2,盘锦,49.0
20170124,22,SO2_24h,盘锦,84.0
20170124,22,NO2,盘锦,69.0
20170124,22,NO2_24h,盘锦,58.0
20170124,22,O3,盘锦,23.0
20170124,22,O3_24h,盘锦,89.0
20170124,22,O3_8h,盘锦,47.0
20170124,22,O3_8h_24h,盘锦,69.0
20170124,22,CO,盘锦,1.4
20170124,22,CO_24h,盘锦,1.43
20170124,23,AQI,盘锦,70.0
20170124,23,PM2.5,盘锦,51.0
20170124,23,PM2.5_24h,盘锦,68.0
20170124,23,PM10,盘锦,68.0
20170124,23,PM10_24h,盘锦,101.0
20170124,23,SO2,盘锦,40.0
20170124,23,SO2_24h,盘锦,82.0
20170124,23,NO2,盘锦,55.0
20170124,23,NO2_24h,盘锦,57.0
20170124,23,O3,盘锦,33.0
20170124,23,O3_24h,盘锦,89.0
20170124,23,O3_8h,盘锦,40.0
20170124,23,O3_8h_24h,盘锦,69.0
20170124,23,CO,盘锦,1.17
20170124,23,CO_24h,盘锦,1.43
20170124,0,AQI,葫芦岛,108.0
20170124,0,PM2.5,葫芦岛,81.0
20170124,0,PM2.5_24h,葫芦岛,57.0
20170124,0,PM10,葫芦岛,101.0
20170124,0,PM10_24h,葫芦岛,93.0
20170124,0,SO2,葫芦岛,64.0
20170124,0,SO2_24h,葫芦岛,97.0
20170124,0,NO2,葫芦岛,57.0
20170124,0,NO2_24h,葫芦岛,45.0
20170124,0,O3,葫芦岛,16.0
20170124,0,O3_24h,葫芦岛,83.0
20170124,0,O3_8h,葫芦岛,37.0
20170124,0,O3_8h_24h,葫芦岛,70.0
20170124,0,CO,葫芦岛,2.23
20170124,0,CO_24h,葫芦岛,1.7
20170124,1,AQI,葫芦岛,91.0
20170124,1,PM2.5,葫芦岛,68.0
20170124,1,PM2.5_24h,葫芦岛,58.0
20170124,1,PM10,葫芦岛,98.0
20170124,1,PM10_24h,葫芦岛,94.0
20170124,1,SO2,葫芦岛,63.0
20170124,1,SO2_24h,葫芦岛,98.0
20170124,1,NO2,葫芦岛,57.0
20170124,1,NO2_24h,葫芦岛,45.0
20170124,1,O3,葫芦岛,14.0
20170124,1,O3_24h,葫芦岛,83.0
20170124,1,O3_8h,葫芦岛,14.0
20170124,1,O3_8h_24h,葫芦岛,14.0
20170124,1,CO,葫芦岛,2.05
20170124,1,CO_24h,葫芦岛,1.73
20170124,2,AQI,葫芦岛,84.0
20170124,2,PM2.5,葫芦岛,62.0
20170124,2,PM2.5_24h,葫芦岛,59.0
20170124,2,PM10,葫芦岛,95.0
20170124,2,PM10_24h,葫芦岛,94.0
20170124,2,SO2,葫芦岛,60.0
20170124,2,SO2_24h,葫芦岛,98.0
20170124,2,NO2,葫芦岛,55.0
20170124,2,NO2_24h,葫芦岛,45.0
20170124,2,O3,葫芦岛,14.0
20170124,2,O3_24h,葫芦岛,83.0
20170124,2,O3_8h,葫芦岛,14.0
20170124,2,O3_8h_24h,葫芦岛,15.0
20170124,2,CO,葫芦岛,2.1
20170124,2,CO_24h,葫芦岛,1.73
20170124,3,AQI,葫芦岛,89.0
20170124,3,PM2.5,葫芦岛,66.0
20170124,3,PM2.5_24h,葫芦岛,59.0
20170124,3,PM10,葫芦岛,93.0
20170124,3,PM10_24h,葫芦岛,96.0
20170124,3,SO2,葫芦岛,65.0
20170124,3,SO2_24h,葫芦岛,99.0
20170124,3,NO2,葫芦岛,56.0
20170124,3,NO2_24h,葫芦岛,45.0
20170124,3,O3,葫芦岛,9.0
20170124,3,O3_24h,葫芦岛,83.0
20170124,3,O3_8h,葫芦岛,12.0
20170124,3,O3_8h_24h,葫芦岛,15.0
20170124,3,CO,葫芦岛,2.15
20170124,3,CO_24h,葫芦岛,1.75
20170124,4,AQI,葫芦岛,76.0
20170124,4,PM2.5,葫芦岛,56.0
20170124,4,PM2.5_24h,葫芦岛,60.0
20170124,4,PM10,葫芦岛,92.0
20170124,4,PM10_24h,葫芦岛,96.0
20170124,4,SO2,葫芦岛,67.0
20170124,4,SO2_24h,葫芦岛,99.0
20170124,4,NO2,葫芦岛,51.0
20170124,4,NO2_24h,葫芦岛,45.0
20170124,4,O3,葫芦岛,11.0
20170124,4,O3_24h,葫芦岛,83.0
20170124,4,O3_8h,葫芦岛,12.0
20170124,4,O3_8h_24h,葫芦岛,15.0
20170124,4,CO,葫芦岛,1.88
20170124,4,CO_24h,葫芦岛,1.75
20170124,5,AQI,葫芦岛,104.0
20170124,5,PM2.5,葫芦岛,78.0
20170124,5,PM2.5_24h,葫芦岛,61.0
20170124,5,PM10,葫芦岛,91.0
20170124,5,PM10_24h,葫芦岛,96.0
20170124,5,SO2,葫芦岛,71.0
20170124,5,SO2_24h,葫芦岛,100.0
20170124,5,NO2,葫芦岛,50.0
20170124,5,NO2_24h,葫芦岛,45.0
20170124,5,O3,葫芦岛,11.0
20170124,5,O3_24h,葫芦岛,83.0
20170124,5,O3_8h,葫芦岛,12.0
20170124,5,O3_8h_24h,葫芦岛,15.0
20170124,5,CO,葫芦岛,1.93
20170124,5,CO_24h,葫芦岛,1.77
20170124,6,AQI,葫芦岛,89.0
20170124,6,PM2.5,葫芦岛,66.0
20170124,6,PM2.5_24h,葫芦岛,62.0
20170124,6,PM10,葫芦岛,101.0
20170124,6,PM10_24h,葫芦岛,97.0
20170124,6,SO2,葫芦岛,80.0
20170124,6,SO2_24h,葫芦岛,99.0
20170124,6,NO2,葫芦岛,53.0
20170124,6,NO2_24h,葫芦岛,45.0
20170124,6,O3,葫芦岛,9.0
20170124,6,O3_24h,葫芦岛,83.0
20170124,6,O3_8h,葫芦岛,11.0
20170124,6,O3_8h_24h,葫芦岛,15.0
20170124,6,CO,葫芦岛,2.08
20170124,6,CO_24h,葫芦岛,1.77
20170124,7,AQI,葫芦岛,124.0
20170124,7,PM2.5,葫芦岛,94.0
20170124,7,PM2.5_24h,葫芦岛,63.0
20170124,7,PM10,葫芦岛,82.0
20170124,7,PM10_24h,葫芦岛,98.0
20170124,7,SO2,葫芦岛,100.0
20170124,7,SO2_24h,葫芦岛,99.0
20170124,7,NO2,葫芦岛,54.0
20170124,7,NO2_24h,葫芦岛,46.0
20170124,7,O3,葫芦岛,8.0
20170124,7,O3_24h,葫芦岛,83.0
20170124,7,O3_8h,葫芦岛,11.0
20170124,7,O3_8h_24h,葫芦岛,15.0
20170124,7,CO,葫芦岛,2.07
20170124,7,CO_24h,葫芦岛,1.8
20170124,8,AQI,葫芦岛,157.0
20170124,8,PM2.5,葫芦岛,120.0
20170124,8,PM2.5_24h,葫芦岛,65.0
20170124,8,PM10,葫芦岛,90.0
20170124,8,PM10_24h,葫芦岛,96.0
20170124,8,SO2,葫芦岛,128.0
20170124,8,SO2_24h,葫芦岛,99.0
20170124,8,NO2,葫芦岛,60.0
20170124,8,NO2_24h,葫芦岛,46.0
20170124,8,O3,葫芦岛,16.0
20170124,8,O3_24h,葫芦岛,83.0
20170124,8,O3_8h,葫芦岛,11.0
20170124,8,O3_8h_24h,葫芦岛,15.0
20170124,8,CO,葫芦岛,3.4
20170124,8,CO_24h,葫芦岛,1.83
20170124,9,AQI,葫芦岛,153.0
20170124,9,PM2.5,葫芦岛,113.0
20170124,9,PM2.5_24h,葫芦岛,65.0
20170124,9,PM10,葫芦岛,255.0
20170124,9,PM10_24h,葫芦岛,100.0
20170124,9,SO2,葫芦岛,270.0
20170124,9,SO2_24h,葫芦岛,104.0
20170124,9,NO2,葫芦岛,68.0
20170124,9,NO2_24h,葫芦岛,46.0
20170124,9,O3,葫芦岛,24.0
20170124,9,O3_24h,葫芦岛,83.0
20170124,9,O3_8h,葫芦岛,13.0
20170124,9,O3_8h_24h,葫芦岛,16.0
20170124,9,CO,葫芦岛,4.3
20170124,9,CO_24h,葫芦岛,1.9
20170124,10,AQI,葫芦岛,264.0
20170124,10,PM2.5,葫芦岛,214.0
20170124,10,PM2.5_24h,葫芦岛,69.0
20170124,10,PM10,葫芦岛,379.0
20170124,10,PM10_24h,葫芦岛,106.0
20170124,10,SO2,葫芦岛,277.0
20170124,10,SO2_24h,葫芦岛,109.0
20170124,10,NO2,葫芦岛,74.0
20170124,10,NO2_24h,葫芦岛,47.0
20170124,10,O3,葫芦岛,26.0
20170124,10,O3_24h,葫芦岛,83.0
20170124,10,O3_8h,葫芦岛,14.0
20170124,10,O3_8h_24h,葫芦岛,17.0
20170124,10,CO,葫芦岛,4.1
20170124,10,CO_24h,葫芦岛,1.97
20170124,11,AQI,葫芦岛,153.0
20170124,11,PM2.5,葫芦岛,117.0
20170124,11,PM2.5_24h,葫芦岛,71.0
20170124,11,PM10,葫芦岛,245.0
20170124,11,PM10_24h,葫芦岛,111.0
20170124,11,SO2,葫芦岛,411.0
20170124,11,SO2_24h,葫芦岛,116.0
20170124,11,NO2,葫芦岛,57.0
20170124,11,NO2_24h,葫芦岛,47.0
20170124,11,O3,葫芦岛,40.0
20170124,11,O3_24h,葫芦岛,83.0
20170124,11,O3_8h,葫芦岛,18.0
20170124,11,O3_8h_24h,葫芦岛,20.0
20170124,11,CO,葫芦岛,4.0
20170124,11,CO_24h,葫芦岛,2.08
20170124,12,AQI,葫芦岛,102.0
20170124,12,PM2.5,葫芦岛,70.0
20170124,12,PM2.5_24h,葫芦岛,72.0
20170124,12,PM10,葫芦岛,154.0
20170124,12,PM10_24h,葫芦岛,114.0
20170124,12,SO2,葫芦岛,331.0
20170124,12,SO2_24h,葫芦岛,124.0
20170124,12,NO2,葫芦岛,39.0
20170124,12,NO2_24h,葫芦岛,47.0
20170124,12,O3,葫芦岛,57.0
20170124,12,O3_24h,葫芦岛,83.0
20170124,12,O3_8h,葫芦岛,24.0
20170124,12,O3_8h_24h,葫芦岛,24.0
20170124,12,CO,葫芦岛,2.0
20170124,12,CO_24h,葫芦岛,2.1
20170124,13,AQI,葫芦岛,80.0
20170124,13,PM2.5,葫芦岛,52.0
20170124,13,PM2.5_24h,葫芦岛,74.0
20170124,13,PM10,葫芦岛,110.0
20170124,13,PM10_24h,葫芦岛,117.0
20170124,13,SO2,葫芦岛,177.0
20170124,13,SO2_24h,葫芦岛,127.0
20170124,13,NO2,葫芦岛,32.0
20170124,13,NO2_24h,葫芦岛,48.0
20170124,13,O3,葫芦岛,66.0
20170124,13,O3_24h,葫芦岛,83.0
20170124,13,O3_8h,葫芦岛,31.0
20170124,13,O3_8h_24h,葫芦岛,31.0
20170124,13,CO,葫芦岛,1.45
20170124,13,CO_24h,葫芦岛,2.15
20170124,14,AQI,葫芦岛,61.0
20170124,14,PM2.5,葫芦岛,38.0
20170124,14,PM2.5_24h,葫芦岛,74.0
20170124,14,PM10,葫芦岛,72.0
20170124,14,PM10_24h,葫芦岛,118.0
20170124,14,SO2,葫芦岛,169.0
20170124,14,SO2_24h,葫芦岛,130.0
20170124,14,NO2,葫芦岛,26.0
20170124,14,NO2_24h,葫芦岛,48.0
20170124,14,O3,葫芦岛,73.0
20170124,14,O3_24h,葫芦岛,83.0
20170124,14,O3_8h,葫芦岛,39.0
20170124,14,O3_8h_24h,葫芦岛,39.0
20170124,14,CO,葫芦岛,1.35
20170124,14,CO_24h,葫芦岛,2.15
20170124,15,AQI,葫芦岛,63.0
20170124,15,PM2.5,葫芦岛,38.0
20170124,15,PM2.5_24h,葫芦岛,74.0
20170124,15,PM10,葫芦岛,75.0
20170124,15,PM10_24h,葫芦岛,119.0
20170124,15,SO2,葫芦岛,99.0
20170124,15,SO2_24h,葫芦岛,130.0
20170124,15,NO2,葫芦岛,21.0
20170124,15,NO2_24h,葫芦岛,48.0
20170124,15,O3,葫芦岛,73.0
20170124,15,O3_24h,葫芦岛,82.0
20170124,15,O3_8h,葫芦岛,47.0
20170124,15,O3_8h_24h,葫芦岛,47.0
20170124,15,CO,葫芦岛,1.15
20170124,15,CO_24h,葫芦岛,2.15
20170124,16,AQI,葫芦岛,50.0
20170124,16,PM2.5,葫芦岛,35.0
20170124,16,PM2.5_24h,葫芦岛,75.0
20170124,16,PM10,葫芦岛,50.0
20170124,16,PM10_24h,葫芦岛,120.0
20170124,16,SO2,葫芦岛,99.0
20170124,16,SO2_24h,葫芦岛,131.0
20170124,16,NO2,葫芦岛,20.0
20170124,16,NO2_24h,葫芦岛,48.0
20170124,16,O3,葫芦岛,68.0
20170124,16,O3_24h,葫芦岛,77.0
20170124,16,O3_8h,葫芦岛,54.0
20170124,16,O3_8h_24h,葫芦岛,54.0
20170124,16,CO,葫芦岛,0.95
20170124,16,CO_24h,葫芦岛,2.15
20170124,17,AQI,葫芦岛,43.0
20170124,17,PM2.5,葫芦岛,29.0
20170124,17,PM2.5_24h,葫芦岛,75.0
20170124,17,PM10,葫芦岛,43.0
20170124,17,PM10_24h,葫芦岛,120.0
20170124,17,SO2,葫芦岛,79.0
20170124,17,SO2_24h,葫芦岛,132.0
20170124,17,NO2,葫芦岛,21.0
20170124,17,NO2_24h,葫芦岛,47.0
20170124,17,O3,葫芦岛,67.0
20170124,17,O3_24h,葫芦岛,76.0
20170124,17,O3_8h,葫芦岛,59.0
20170124,17,O3_8h_24h,葫芦岛,59.0
20170124,17,CO,葫芦岛,0.93
20170124,17,CO_24h,葫芦岛,2.15
20170124,18,AQI,葫芦岛,61.0
20170124,18,PM2.5,葫芦岛,44.0
20170124,18,PM2.5_24h,葫芦岛,75.0
20170124,18,PM10_24h,葫芦岛,120.0
20170124,18,SO2,葫芦岛,63.0
20170124,18,SO2_24h,葫芦岛,131.0
20170124,18,NO2,葫芦岛,30.0
20170124,18,NO2_24h,葫芦岛,47.0
20170124,18,O3,葫芦岛,55.0
20170124,18,O3_24h,葫芦岛,76.0
20170124,18,O3_8h,葫芦岛,63.0
20170124,18,O3_8h_24h,葫芦岛,63.0
20170124,18,CO,葫芦岛,1.05
20170124,18,CO_24h,葫芦岛,2.13
20170124,19,AQI,葫芦岛,69.0
20170124,19,PM2.5,葫芦岛,39.0
20170124,19,PM2.5_24h,葫芦岛,75.0
20170124,19,PM10,葫芦岛,87.0
20170124,19,PM10_24h,葫芦岛,121.0
20170124,19,SO2,葫芦岛,85.0
20170124,19,SO2_24h,葫芦岛,132.0
20170124,19,NO2,葫芦岛,47.0
20170124,19,NO2_24h,葫芦岛,48.0
20170124,19,O3,葫芦岛,39.0
20170124,19,O3_24h,葫芦岛,76.0
20170124,19,O3_8h,葫芦岛,62.0
20170124,19,O3_8h_24h,葫芦岛,63.0
20170124,19,CO,葫芦岛,1.4
20170124,19,CO_24h,葫芦岛,2.13
20170124,20,AQI,葫芦岛,74.0
20170124,20,PM2.5,葫芦岛,54.0
20170124,20,PM2.5_24h,葫芦岛,73.0
20170124,20,PM10,葫芦岛,65.0
20170124,20,PM10_24h,葫芦岛,120.0
20170124,20,SO2,葫芦岛,95.0
20170124,20,SO2_24h,葫芦岛,130.0
20170124,20,NO2,葫芦岛,48.0
20170124,20,NO2_24h,葫芦岛,48.0
20170124,20,O3,葫芦岛,36.0
20170124,20,O3_24h,葫芦岛,76.0
20170124,20,O3_8h,葫芦岛,60.0
20170124,20,O3_8h_24h,葫芦岛,63.0
20170124,20,CO,葫芦岛,1.83
20170124,20,CO_24h,葫芦岛,2.13
20170124,21,AQI,葫芦岛,101.0
20170124,21,PM2.5,葫芦岛,76.0
20170124,21,PM2.5_24h,葫芦岛,73.0
20170124,21,PM10,葫芦岛,103.0
20170124,21,PM10_24h,葫芦岛,120.0
20170124,21,SO2,葫芦岛,99.0
20170124,21,SO2_24h,葫芦岛,131.0
20170124,21,NO2,葫芦岛,57.0
20170124,21,NO2_24h,葫芦岛,48.0
20170124,21,O3,葫芦岛,28.0
20170124,21,O3_24h,葫芦岛,76.0
20170124,21,O3_8h,葫芦岛,55.0
20170124,21,O3_8h_24h,葫芦岛,63.0
20170124,21,CO,葫芦岛,2.35
20170124,21,CO_24h,葫芦岛,2.13
20170124,22,AQI,葫芦岛,128.0
20170124,22,PM2.5,葫芦岛,97.0
20170124,22,PM2.5_24h,葫芦岛,74.0
20170124,22,PM10,葫芦岛,128.0
20170124,22,PM10_24h,葫芦岛,121.0
20170124,22,SO2,葫芦岛,98.0
20170124,22,SO2_24h,葫芦岛,131.0
20170124,22,NO2,葫芦岛,61.0
20170124,22,NO2_24h,葫芦岛,48.0
20170124,22,O3,葫芦岛,21.0
20170124,22,O3_24h,葫芦岛,76.0
20170124,22,O3_8h,葫芦岛,49.0
20170124,22,O3_8h_24h,葫芦岛,63.0
20170124,22,CO,葫芦岛,2.65
20170124,22,CO_24h,葫芦岛,2.15
20170124,23,AQI,葫芦岛,138.0
20170124,23,PM2.5,葫芦岛,105.0
20170124,23,PM2.5_24h,葫芦岛,75.0
20170124,23,PM10,葫芦岛,137.0
20170124,23,PM10_24h,葫芦岛,123.0
20170124,23,SO2,葫芦岛,100.0
20170124,23,SO2_24h,葫芦岛,131.0
20170124,23,NO2,葫芦岛,60.0
20170124,23,NO2_24h,葫芦岛,48.0
20170124,23,O3,葫芦岛,19.0
20170124,23,O3_24h,葫芦岛,76.0
20170124,23,O3_8h,葫芦岛,42.0
20170124,23,O3_8h_24h,葫芦岛,63.0
20170124,23,CO,葫芦岛,3.08
20170124,23,CO_24h,葫芦岛,2.17
20170124,0,AQI,泉州,51.0
20170124,0,PM2.5,泉州,27.0
20170124,0,PM2.5_24h,泉州,33.0
20170124,0,PM10,泉州,52.0
20170124,0,PM10_24h,泉州,57.0
20170124,0,SO2,泉州,13.0
20170124,0,SO2_24h,泉州,13.0
20170124,0,NO2,泉州,22.0
20170124,0,NO2_24h,泉州,25.0
20170124,0,O3,泉州,105.0
20170124,0,O3_24h,泉州,116.0
20170124,0,O3_8h,泉州,107.0
20170124,0,O3_8h_24h,泉州,108.0
20170124,0,CO,泉州,0.53
20170124,0,CO_24h,泉州,0.63
20170124,1,AQI,泉州,48.0
20170124,1,PM2.5,泉州,25.0
20170124,1,PM2.5_24h,泉州,33.0
20170124,1,PM10,泉州,48.0
20170124,1,PM10_24h,泉州,56.0
20170124,1,SO2,泉州,12.0
20170124,1,SO2_24h,泉州,13.0
20170124,1,NO2,泉州,20.0
20170124,1,NO2_24h,泉州,25.0
20170124,1,O3,泉州,104.0
20170124,1,O3_24h,泉州,116.0
20170124,1,O3_8h,泉州,104.0
20170124,1,O3_8h_24h,泉州,104.0
20170124,1,CO,泉州,0.53
20170124,1,CO_24h,泉州,0.63
20170124,2,AQI,泉州,43.0
20170124,2,PM2.5,泉州,22.0
20170124,2,PM2.5_24h,泉州,32.0
20170124,2,PM10,泉州,43.0
20170124,2,PM10_24h,泉州,56.0
20170124,2,SO2,泉州,12.0
20170124,2,SO2_24h,泉州,13.0
20170124,2,NO2,泉州,19.0
20170124,2,NO2_24h,泉州,25.0
20170124,2,O3,泉州,100.0
20170124,2,O3_24h,泉州,116.0
20170124,2,O3_8h,泉州,102.0
20170124,2,O3_8h_24h,泉州,104.0
20170124,2,CO,泉州,0.5
20170124,2,CO_24h,泉州,0.6
20170124,3,AQI,泉州,38.0
20170124,3,PM2.5,泉州,18.0
20170124,3,PM2.5_24h,泉州,32.0
20170124,3,PM10,泉州,38.0
20170124,3,PM10_24h,泉州,56.0
20170124,3,SO2,泉州,11.0
20170124,3,SO2_24h,泉州,13.0
20170124,3,NO2,泉州,18.0
20170124,3,NO2_24h,泉州,25.0
20170124,3,O3,泉州,95.0
20170124,3,O3_24h,泉州,116.0
20170124,3,O3_8h,泉州,100.0
20170124,3,O3_8h_24h,泉州,104.0
20170124,3,CO,泉州,0.43
20170124,3,CO_24h,泉州,0.6
20170124,4,AQI,泉州,34.0
20170124,4,PM2.5,泉州,18.0
20170124,4,PM2.5_24h,泉州,31.0
20170124,4,PM10,泉州,34.0
20170124,4,PM10_24h,泉州,55.0
20170124,4,SO2,泉州,10.0
20170124,4,SO2_24h,泉州,13.0
20170124,4,NO2,泉州,17.0
20170124,4,NO2_24h,泉州,24.0
20170124,4,O3,泉州,91.0
20170124,4,O3_24h,泉州,116.0
20170124,4,O3_8h,泉州,98.0
20170124,4,O3_8h_24h,泉州,104.0
20170124,4,CO,泉州,0.43
20170124,4,CO_24h,泉州,0.6
20170124,5,AQI,泉州,37.0
20170124,5,PM2.5,泉州,20.0
20170124,5,PM2.5_24h,泉州,31.0
20170124,5,PM10,泉州,37.0
20170124,5,PM10_24h,泉州,55.0
20170124,5,SO2,泉州,10.0
20170124,5,SO2_24h,泉州,13.0
20170124,5,NO2,泉州,18.0
20170124,5,NO2_24h,泉州,24.0
20170124,5,O3,泉州,89.0
20170124,5,O3_24h,泉州,116.0
20170124,5,O3_8h,泉州,96.0
20170124,5,O3_8h_24h,泉州,104.0
20170124,5,CO,泉州,0.47
20170124,5,CO_24h,泉州,0.57
20170124,6,AQI,泉州,37.0
20170124,6,PM2.5,泉州,19.0
20170124,6,PM2.5_24h,泉州,30.0
20170124,6,PM10,泉州,37.0
20170124,6,PM10_24h,泉州,54.0
20170124,6,SO2,泉州,9.0
20170124,6,SO2_24h,泉州,13.0
20170124,6,NO2,泉州,18.0
20170124,6,NO2_24h,泉州,24.0
20170124,6,O3,泉州,85.0
20170124,6,O3_24h,泉州,116.0
20170124,6,O3_8h,泉州,94.0
20170124,6,O3_8h_24h,泉州,104.0
20170124,6,CO,泉州,0.4
20170124,6,CO_24h,泉州,0.57
20170124,7,AQI,泉州,36.0
20170124,7,PM2.5,泉州,18.0
20170124,7,PM2.5_24h,泉州,30.0
20170124,7,PM10,泉州,36.0
20170124,7,PM10_24h,泉州,53.0
20170124,7,SO2,泉州,9.0
20170124,7,SO2_24h,泉州,13.0
20170124,7,NO2,泉州,20.0
20170124,7,NO2_24h,泉州,24.0
20170124,7,O3,泉州,80.0
20170124,7,O3_24h,泉州,116.0
20170124,7,O3_8h,泉州,92.0
20170124,7,O3_8h_24h,泉州,104.0
20170124,7,CO,泉州,0.47
20170124,7,CO_24h,泉州,0.57
20170124,8,AQI,泉州,36.0
20170124,8,PM2.5,泉州,18.0
20170124,8,PM2.5_24h,泉州,29.0
20170124,8,PM10,泉州,36.0
20170124,8,PM10_24h,泉州,53.0
20170124,8,SO2,泉州,9.0
20170124,8,SO2_24h,泉州,13.0
20170124,8,NO2,泉州,24.0
20170124,8,NO2_24h,泉州,24.0
20170124,8,O3,泉州,72.0
20170124,8,O3_24h,泉州,116.0
20170124,8,O3_8h,泉州,90.0
20170124,8,O3_8h_24h,泉州,104.0
20170124,8,CO,泉州,0.5
20170124,8,CO_24h,泉州,0.57
20170124,9,AQI,泉州,37.0
20170124,9,PM2.5,泉州,19.0
20170124,9,PM2.5_24h,泉州,28.0
20170124,9,PM10,泉州,37.0
20170124,9,PM10_24h,泉州,52.0
20170124,9,SO2,泉州,9.0
20170124,9,SO2_24h,泉州,13.0
20170124,9,NO2,泉州,26.0
20170124,9,NO2_24h,泉州,24.0
20170124,9,O3,泉州,68.0
20170124,9,O3_24h,泉州,116.0
20170124,9,O3_8h,泉州,85.0
20170124,9,O3_8h_24h,泉州,104.0
20170124,9,CO,泉州,0.57
20170124,9,CO_24h,泉州,0.57
20170124,10,AQI,泉州,37.0
20170124,10,PM2.5,泉州,18.0
20170124,10,PM2.5_24h,泉州,27.0
20170124,10,PM10,泉州,37.0
20170124,10,PM10_24h,泉州,51.0
20170124,10,SO2,泉州,9.0
20170124,10,SO2_24h,泉州,13.0
20170124,10,NO2,泉州,25.0
20170124,10,NO2_24h,泉州,24.0
20170124,10,O3,泉州,68.0
20170124,10,O3_24h,泉州,116.0
20170124,10,O3_8h,泉州,81.0
20170124,10,O3_8h_24h,泉州,104.0
20170124,10,CO,泉州,0.53
20170124,10,CO_24h,泉州,0.57
20170124,11,AQI,泉州,32.0
20170124,11,PM2.5,泉州,15.0
20170124,11,PM2.5_24h,泉州,27.0
20170124,11,PM10,泉州,32.0
20170124,11,PM10_24h,泉州,50.0
20170124,11,SO2,泉州,8.0
20170124,11,SO2_24h,泉州,12.0
20170124,11,NO2,泉州,22.0
20170124,11,NO2_24h,泉州,24.0
20170124,11,O3,泉州,72.0
20170124,11,O3_24h,泉州,116.0
20170124,11,O3_8h,泉州,78.0
20170124,11,O3_8h_24h,泉州,104.0
20170124,11,CO,泉州,0.47
20170124,11,CO_24h,泉州,0.57
20170124,12,AQI,泉州,28.0
20170124,12,PM2.5,泉州,16.0
20170124,12,PM2.5_24h,泉州,26.0
20170124,12,PM10,泉州,28.0
20170124,12,PM10_24h,泉州,49.0
20170124,12,SO2,泉州,8.0
20170124,12,SO2_24h,泉州,12.0
20170124,12,NO2,泉州,22.0
20170124,12,NO2_24h,泉州,23.0
20170124,12,O3,泉州,75.0
20170124,12,O3_24h,泉州,116.0
20170124,12,O3_8h,泉州,76.0
20170124,12,O3_8h_24h,泉州,104.0
20170124,12,CO,泉州,0.47
20170124,12,CO_24h,泉州,0.53
20170124,13,AQI,泉州,30.0
20170124,13,PM2.5,泉州,16.0
20170124,13,PM2.5_24h,泉州,26.0
20170124,13,PM10,泉州,30.0
20170124,13,PM10_24h,泉州,48.0
20170124,13,SO2,泉州,7.0
20170124,13,SO2_24h,泉州,12.0
20170124,13,NO2,泉州,22.0
20170124,13,NO2_24h,泉州,23.0
20170124,13,O3,泉州,79.0
20170124,13,O3_24h,泉州,116.0
20170124,13,O3_8h,泉州,75.0
20170124,13,O3_8h_24h,泉州,104.0
20170124,13,CO,泉州,0.5
20170124,13,CO_24h,泉州,0.53
20170124,14,AQI,泉州,29.0
20170124,14,PM2.5,泉州,16.0
20170124,14,PM2.5_24h,泉州,25.0
20170124,14,PM10,泉州,29.0
20170124,14,PM10_24h,泉州,46.0
20170124,14,SO2,泉州,8.0
20170124,14,SO2_24h,泉州,11.0
20170124,14,NO2,泉州,21.0
20170124,14,NO2_24h,泉州,23.0
20170124,14,O3,泉州,81.0
20170124,14,O3_24h,泉州,116.0
20170124,14,O3_8h,泉州,74.0
20170124,14,O3_8h_24h,泉州,104.0
20170124,14,CO,泉州,0.47
20170124,14,CO_24h,泉州,0.53
20170124,15,AQI,泉州,31.0
20170124,15,PM2.5,泉州,16.0
20170124,15,PM2.5_24h,泉州,24.0
20170124,15,PM10,泉州,31.0
20170124,15,PM10_24h,泉州,45.0
20170124,15,SO2,泉州,9.0
20170124,15,SO2_24h,泉州,11.0
20170124,15,NO2,泉州,21.0
20170124,15,NO2_24h,泉州,23.0
20170124,15,O3,泉州,82.0
20170124,15,O3_24h,泉州,116.0
20170124,15,O3_8h,泉州,75.0
20170124,15,O3_8h_24h,泉州,104.0
20170124,15,CO,泉州,0.5
20170124,15,CO_24h,泉州,0.53
20170124,16,AQI,泉州,33.0
20170124,16,PM2.5,泉州,18.0
20170124,16,PM2.5_24h,泉州,23.0
20170124,16,PM10,泉州,33.0
20170124,16,PM10_24h,泉州,43.0
20170124,16,SO2,泉州,9.0
20170124,16,SO2_24h,泉州,11.0
20170124,16,NO2,泉州,21.0
20170124,16,NO2_24h,泉州,23.0
20170124,16,O3,泉州,80.0
20170124,16,O3_24h,泉州,116.0
20170124,16,O3_8h,泉州,75.0
20170124,16,O3_8h_24h,泉州,104.0
20170124,16,CO,泉州,0.53
20170124,16,CO_24h,泉州,0.53
20170124,17,AQI,泉州,34.0
20170124,17,PM2.5,泉州,19.0
20170124,17,PM2.5_24h,泉州,22.0
20170124,17,PM10,泉州,34.0
20170124,17,PM10_24h,泉州,42.0
20170124,17,SO2,泉州,9.0
20170124,17,SO2_24h,泉州,11.0
20170124,17,NO2,泉州,23.0
20170124,17,NO2_24h,泉州,23.0
20170124,17,O3,泉州,75.0
20170124,17,O3_24h,泉州,116.0
20170124,17,O3_8h,泉州,76.0
20170124,17,O3_8h_24h,泉州,104.0
20170124,17,CO,泉州,0.5
20170124,17,CO_24h,泉州,0.53
20170124,18,AQI,泉州,31.0
20170124,18,PM2.5,泉州,18.0
20170124,18,PM2.5_24h,泉州,22.0
20170124,18,PM10,泉州,31.0
20170124,18,PM10_24h,泉州,40.0
20170124,18,SO2,泉州,8.0
20170124,18,SO2_24h,泉州,10.0
20170124,18,NO2,泉州,22.0
20170124,18,NO2_24h,泉州,22.0
20170124,18,O3,泉州,71.0
20170124,18,O3_24h,泉州,116.0
20170124,18,O3_8h,泉州,77.0
20170124,18,O3_8h_24h,泉州,104.0
20170124,18,CO,泉州,0.5
20170124,18,CO_24h,泉州,0.53
20170124,19,AQI,泉州,28.0
20170124,19,PM2.5,泉州,18.0
20170124,19,PM2.5_24h,泉州,21.0
20170124,19,PM10,泉州,28.0
20170124,19,PM10_24h,泉州,39.0
20170124,19,SO2,泉州,7.0
20170124,19,SO2_24h,泉州,10.0
20170124,19,NO2,泉州,21.0
20170124,19,NO2_24h,泉州,22.0
20170124,19,O3,泉州,69.0
20170124,19,O3_24h,泉州,116.0
20170124,19,O3_8h,泉州,76.0
20170124,19,O3_8h_24h,泉州,104.0
20170124,19,CO,泉州,0.43
20170124,19,CO_24h,泉州,0.53
20170124,20,AQI,泉州,27.0
20170124,20,PM2.5,泉州,16.0
20170124,20,PM2.5_24h,泉州,20.0
20170124,20,PM10,泉州,27.0
20170124,20,PM10_24h,泉州,38.0
20170124,20,SO2,泉州,8.0
20170124,20,SO2_24h,泉州,10.0
20170124,20,NO2,泉州,21.0
20170124,20,NO2_24h,泉州,22.0
20170124,20,O3,泉州,69.0
20170124,20,O3_24h,泉州,116.0
20170124,20,O3_8h,泉州,76.0
20170124,20,O3_8h_24h,泉州,104.0
20170124,20,CO,泉州,0.43
20170124,20,CO_24h,泉州,0.47
20170124,21,AQI,泉州,22.0
20170124,21,PM2.5,泉州,13.0
20170124,21,PM2.5_24h,泉州,19.0
20170124,21,PM10,泉州,22.0
20170124,21,PM10_24h,泉州,36.0
20170124,21,SO2,泉州,7.0
20170124,21,SO2_24h,泉州,9.0
20170124,21,NO2,泉州,20.0
20170124,21,NO2_24h,泉州,21.0
20170124,21,O3,泉州,70.0
20170124,21,O3_24h,泉州,112.0
20170124,21,O3_8h,泉州,74.0
20170124,21,O3_8h_24h,泉州,104.0
20170124,21,CO,泉州,0.43
20170124,21,CO_24h,泉州,0.47
20170124,22,AQI,泉州,22.0
20170124,22,PM2.5,泉州,11.0
20170124,22,PM2.5_24h,泉州,18.0
20170124,22,PM10,泉州,18.0
20170124,22,PM10_24h,泉州,35.0
20170124,22,SO2,泉州,7.0
20170124,22,SO2_24h,泉州,9.0
20170124,22,NO2,泉州,20.0
20170124,22,NO2_24h,泉州,21.0
20170124,22,O3,泉州,70.0
20170124,22,O3_24h,泉州,108.0
20170124,22,O3_8h,泉州,73.0
20170124,22,O3_8h_24h,泉州,104.0
20170124,22,CO,泉州,0.4
20170124,22,CO_24h,泉州,0.47
20170124,23,AQI,泉州,22.0
20170124,23,PM2.5,泉州,10.0
20170124,23,PM2.5_24h,泉州,18.0
20170124,23,PM10,泉州,16.0
20170124,23,PM10_24h,泉州,33.0
20170124,23,SO2,泉州,7.0
20170124,23,SO2_24h,泉州,9.0
20170124,23,NO2,泉州,19.0
20170124,23,NO2_24h,泉州,21.0
20170124,23,O3,泉州,71.0
20170124,23,O3_24h,泉州,105.0
20170124,23,O3_8h,泉州,72.0
20170124,23,O3_8h_24h,泉州,104.0
20170124,23,CO,泉州,0.4
20170124,23,CO_24h,泉州,0.47
20170124,0,AQI,临沂,70.0
20170124,0,PM2.5,临沂,51.0
20170124,0,PM2.5_24h,临沂,56.0
20170124,0,PM10,临沂,76.0
20170124,0,PM10_24h,临沂,95.0
20170124,0,SO2,临沂,15.0
20170124,0,SO2_24h,临沂,40.0
20170124,0,NO2,临沂,38.0
20170124,0,NO2_24h,临沂,46.0
20170124,0,O3,临沂,32.0
20170124,0,O3_24h,临沂,70.0
20170124,0,O3_8h,临沂,39.0
20170124,0,O3_8h_24h,临沂,55.0
20170124,0,CO,临沂,0.92
20170124,0,CO_24h,临沂,1.28
20170124,1,AQI,临沂,65.0
20170124,1,PM2.5,临沂,47.0
20170124,1,PM2.5_24h,临沂,55.0
20170124,1,PM10,临沂,69.0
20170124,1,PM10_24h,临沂,92.0
20170124,1,SO2,临沂,11.0
20170124,1,SO2_24h,临沂,39.0
20170124,1,NO2,临沂,34.0
20170124,1,NO2_24h,临沂,45.0
20170124,1,O3,临沂,34.0
20170124,1,O3_24h,临沂,70.0
20170124,1,O3_8h,临沂,34.0
20170124,1,O3_8h_24h,临沂,34.0
20170124,1,CO,临沂,0.82
20170124,1,CO_24h,临沂,1.23
20170124,2,AQI,临沂,64.0
20170124,2,PM2.5,临沂,46.0
20170124,2,PM2.5_24h,临沂,54.0
20170124,2,PM10,临沂,67.0
20170124,2,PM10_24h,临沂,91.0
20170124,2,SO2,临沂,13.0
20170124,2,SO2_24h,临沂,37.0
20170124,2,NO2,临沂,33.0
20170124,2,NO2_24h,临沂,43.0
20170124,2,O3,临沂,34.0
20170124,2,O3_24h,临沂,70.0
20170124,2,O3_8h,临沂,34.0
20170124,2,O3_8h_24h,临沂,34.0
20170124,2,CO,临沂,0.82
20170124,2,CO_24h,临沂,1.23
20170124,3,AQI,临沂,64.0
20170124,3,PM2.5,临沂,46.0
20170124,3,PM2.5_24h,临沂,54.0
20170124,3,PM10,临沂,66.0
20170124,3,PM10_24h,临沂,90.0
20170124,3,SO2,临沂,17.0
20170124,3,SO2_24h,临沂,35.0
20170124,3,NO2,临沂,37.0
20170124,3,NO2_24h,临沂,43.0
20170124,3,O3,临沂,31.0
20170124,3,O3_24h,临沂,70.0
20170124,3,O3_8h,临沂,33.0
20170124,3,O3_8h_24h,临沂,34.0
20170124,3,CO,临沂,0.85
20170124,3,CO_24h,临沂,1.23
20170124,4,AQI,临沂,66.0
20170124,4,PM2.5,临沂,48.0
20170124,4,PM2.5_24h,临沂,53.0
20170124,4,PM10,临沂,61.0
20170124,4,PM10_24h,临沂,88.0
20170124,4,SO2,临沂,20.0
20170124,4,SO2_24h,临沂,34.0
20170124,4,NO2,临沂,36.0
20170124,4,NO2_24h,临沂,42.0
20170124,4,O3,临沂,27.0
20170124,4,O3_24h,临沂,70.0
20170124,4,O3_8h,临沂,32.0
20170124,4,O3_8h_24h,临沂,35.0
20170124,4,CO,临沂,1.0
20170124,4,CO_24h,临沂,1.23
20170124,5,AQI,临沂,70.0
20170124,5,PM2.5,临沂,51.0
20170124,5,PM2.5_24h,临沂,53.0
20170124,5,PM10,临沂,67.0
20170124,5,PM10_24h,临沂,87.0
20170124,5,SO2,临沂,15.0
20170124,5,SO2_24h,临沂,33.0
20170124,5,NO2,临沂,35.0
20170124,5,NO2_24h,临沂,41.0
20170124,5,O3,临沂,26.0
20170124,5,O3_24h,临沂,70.0
20170124,5,O3_8h,临沂,31.0
20170124,5,O3_8h_24h,临沂,35.0
20170124,5,CO,临沂,1.13
20170124,5,CO_24h,临沂,1.23
20170124,6,AQI,临沂,75.0
20170124,6,PM2.5,临沂,55.0
20170124,6,PM2.5_24h,临沂,53.0
20170124,6,PM10,临沂,72.0
20170124,6,PM10_24h,临沂,86.0
20170124,6,SO2,临沂,13.0
20170124,6,SO2_24h,临沂,32.0
20170124,6,NO2,临沂,36.0
20170124,6,NO2_24h,临沂,41.0
20170124,6,O3,临沂,26.0
20170124,6,O3_24h,临沂,70.0
20170124,6,O3_8h,临沂,30.0
20170124,6,O3_8h_24h,临沂,35.0
20170124,6,CO,临沂,1.18
20170124,6,CO_24h,临沂,1.25
20170124,7,AQI,临沂,85.0
20170124,7,PM2.5,临沂,63.0
20170124,7,PM2.5_24h,临沂,53.0
20170124,7,PM10,临沂,81.0
20170124,7,PM10_24h,临沂,86.0
20170124,7,SO2,临沂,15.0
20170124,7,SO2_24h,临沂,31.0
20170124,7,NO2,临沂,41.0
20170124,7,NO2_24h,临沂,40.0
20170124,7,O3,临沂,20.0
20170124,7,O3_24h,临沂,70.0
20170124,7,O3_8h,临沂,28.0
20170124,7,O3_8h_24h,临沂,35.0
20170124,7,CO,临沂,1.32
20170124,7,CO_24h,临沂,1.23
20170124,8,AQI,临沂,100.0
20170124,8,PM2.5,临沂,75.0
20170124,8,PM2.5_24h,临沂,54.0
20170124,8,PM10,临沂,78.0
20170124,8,PM10_24h,临沂,86.0
20170124,8,SO2,临沂,20.0
20170124,8,SO2_24h,临沂,29.0
20170124,8,NO2,临沂,51.0
20170124,8,NO2_24h,临沂,40.0
20170124,8,O3,临沂,12.0
20170124,8,O3_24h,临沂,70.0
20170124,8,O3_8h,临沂,26.0
20170124,8,O3_8h_24h,临沂,35.0
20170124,8,CO,临沂,1.52
20170124,8,CO_24h,临沂,1.23
20170124,9,AQI,临沂,106.0
20170124,9,PM2.5,临沂,80.0
20170124,9,PM2.5_24h,临沂,55.0
20170124,9,PM10,临沂,109.0
20170124,9,PM10_24h,临沂,87.0
20170124,9,SO2,临沂,33.0
20170124,9,SO2_24h,临沂,29.0
20170124,9,NO2,临沂,57.0
20170124,9,NO2_24h,临沂,41.0
20170124,9,O3,临沂,11.0
20170124,9,O3_24h,临沂,70.0
20170124,9,O3_8h,临沂,23.0
20170124,9,O3_8h_24h,临沂,35.0
20170124,9,CO,临沂,1.73
20170124,9,CO_24h,临沂,1.23
20170124,10,AQI,临沂,91.0
20170124,10,PM2.5,临沂,68.0
20170124,10,PM2.5_24h,临沂,55.0
20170124,10,PM10,临沂,97.0
20170124,10,PM10_24h,临沂,87.0
20170124,10,SO2,临沂,29.0
20170124,10,SO2_24h,临沂,27.0
20170124,10,NO2,临沂,46.0
20170124,10,NO2_24h,临沂,40.0
20170124,10,O3,临沂,28.0
20170124,10,O3_24h,临沂,70.0
20170124,10,O3_8h,临沂,23.0
20170124,10,O3_8h_24h,临沂,35.0
20170124,10,CO,临沂,1.25
20170124,10,CO_24h,临沂,1.25
20170124,11,AQI,临沂,85.0
20170124,11,PM2.5,临沂,63.0
20170124,11,PM2.5_24h,临沂,56.0
20170124,11,PM10,临沂,90.0
20170124,11,PM10_24h,临沂,88.0
20170124,11,SO2,临沂,30.0
20170124,11,SO2_24h,临沂,27.0
20170124,11,NO2,临沂,42.0
20170124,11,NO2_24h,临沂,40.0
20170124,11,O3,临沂,36.0
20170124,11,O3_24h,临沂,70.0
20170124,11,O3_8h,临沂,23.0
20170124,11,O3_8h_24h,临沂,35.0
20170124,11,CO,临沂,1.13
20170124,11,CO_24h,临沂,1.2
20170124,12,AQI,临沂,86.0
20170124,12,PM2.5,临沂,64.0
20170124,12,PM2.5_24h,临沂,56.0
20170124,12,PM10,临沂,104.0
20170124,12,PM10_24h,临沂,89.0
20170124,12,SO2,临沂,32.0
20170124,12,SO2_24h,临沂,26.0
20170124,12,NO2,临沂,38.0
20170124,12,NO2_24h,临沂,40.0
20170124,12,O3,临沂,46.0
20170124,12,O3_24h,临沂,70.0
20170124,12,O3_8h,临沂,26.0
20170124,12,O3_8h_24h,临沂,35.0
20170124,12,CO,临沂,1.15
20170124,12,CO_24h,临沂,1.15
20170124,13,AQI,临沂,79.0
20170124,13,PM2.5,临沂,58.0
20170124,13,PM2.5_24h,临沂,57.0
20170124,13,PM10,临沂,98.0
20170124,13,PM10_24h,临沂,89.0
20170124,13,SO2,临沂,30.0
20170124,13,SO2_24h,临沂,26.0
20170124,13,NO2,临沂,34.0
20170124,13,NO2_24h,临沂,40.0
20170124,13,O3,临沂,56.0
20170124,13,O3_24h,临沂,70.0
20170124,13,O3_8h,临沂,29.0
20170124,13,O3_8h_24h,临沂,36.0
20170124,13,CO,临沂,1.05
20170124,13,CO_24h,临沂,1.15
20170124,14,AQI,临沂,74.0
20170124,14,PM2.5,临沂,54.0
20170124,14,PM2.5_24h,临沂,57.0
20170124,14,PM10,临沂,92.0
20170124,14,PM10_24h,临沂,89.0
20170124,14,SO2,临沂,31.0
20170124,14,SO2_24h,临沂,25.0
20170124,14,NO2,临沂,30.0
20170124,14,NO2_24h,临沂,40.0
20170124,14,O3,临沂,66.0
20170124,14,O3_24h,临沂,71.0
20170124,14,O3_8h,临沂,34.0
20170124,14,O3_8h_24h,临沂,37.0
20170124,14,CO,临沂,1.02
20170124,14,CO_24h,临沂,1.13
20170124,15,AQI,临沂,73.0
20170124,15,PM2.5,临沂,53.0
20170124,15,PM2.5_24h,临沂,57.0
20170124,15,PM10,临沂,91.0
20170124,15,PM10_24h,临沂,89.0
20170124,15,SO2,临沂,21.0
20170124,15,SO2_24h,临沂,25.0
20170124,15,NO2,临沂,26.0
20170124,15,NO2_24h,临沂,40.0
20170124,15,O3,临沂,71.0
20170124,15,O3_24h,临沂,75.0
20170124,15,O3_8h,临沂,41.0
20170124,15,O3_8h_24h,临沂,41.0
20170124,15,CO,临沂,0.97
20170124,15,CO_24h,临沂,1.13
20170124,16,AQI,临沂,73.0
20170124,16,PM2.5,临沂,52.0
20170124,16,PM2.5_24h,临沂,58.0
20170124,16,PM10,临沂,95.0
20170124,16,PM10_24h,临沂,89.0
20170124,16,SO2,临沂,19.0
20170124,16,SO2_24h,临沂,24.0
20170124,16,NO2,临沂,23.0
20170124,16,NO2_24h,临沂,40.0
20170124,16,O3,临沂,67.0
20170124,16,O3_24h,临沂,76.0
20170124,16,O3_8h,临沂,48.0
20170124,16,O3_8h_24h,临沂,48.0
20170124,16,CO,临沂,0.88
20170124,16,CO_24h,临沂,1.1
20170124,17,AQI,临沂,77.0
20170124,17,PM2.5,临沂,55.0
20170124,17,PM2.5_24h,临沂,58.0
20170124,17,PM10,临沂,103.0
20170124,17,PM10_24h,临沂,90.0
20170124,17,SO2,临沂,21.0
20170124,17,SO2_24h,临沂,24.0
20170124,17,NO2,临沂,33.0
20170124,17,NO2_24h,临沂,40.0
20170124,17,O3,临沂,58.0
20170124,17,O3_24h,临沂,74.0
20170124,17,O3_8h,临沂,54.0
20170124,17,O3_8h_24h,临沂,54.0
20170124,17,CO,临沂,0.93
20170124,17,CO_24h,临沂,1.08
20170124,18,AQI,临沂,88.0
20170124,18,PM2.5,临沂,65.0
20170124,18,PM2.5_24h,临沂,59.0
20170124,18,PM10,临沂,110.0
20170124,18,PM10_24h,临沂,90.0
20170124,18,SO2,临沂,33.0
20170124,18,SO2_24h,临沂,23.0
20170124,18,NO2,临沂,49.0
20170124,18,NO2_24h,临沂,40.0
20170124,18,O3,临沂,43.0
20170124,18,O3_24h,临沂,74.0
20170124,18,O3_8h,临沂,55.0
20170124,18,O3_8h_24h,临沂,55.0
20170124,18,CO,临沂,1.13
20170124,18,CO_24h,临沂,1.1
20170124,19,AQI,临沂,91.0
20170124,19,PM2.5,临沂,68.0
20170124,19,PM2.5_24h,临沂,59.0
20170124,19,PM10,临沂,121.0
20170124,19,PM10_24h,临沂,91.0
20170124,19,SO2,临沂,39.0
20170124,19,SO2_24h,临沂,24.0
20170124,19,NO2,临沂,54.0
20170124,19,NO2_24h,临沂,41.0
20170124,19,O3,临沂,37.0
20170124,19,O3_24h,临沂,74.0
20170124,19,O3_8h,临沂,55.0
20170124,19,O3_8h_24h,临沂,56.0
20170124,19,CO,临沂,1.15
20170124,19,CO_24h,临沂,1.1
20170124,20,AQI,临沂,99.0
20170124,20,PM2.5,临沂,74.0
20170124,20,PM2.5_24h,临沂,60.0
20170124,20,PM10,临沂,124.0
20170124,20,PM10_24h,临沂,92.0
20170124,20,SO2,临沂,40.0
20170124,20,SO2_24h,临沂,23.0
20170124,20,NO2,临沂,55.0
20170124,20,NO2_24h,临沂,40.0
20170124,20,O3,临沂,35.0
20170124,20,O3_24h,临沂,74.0
20170124,20,O3_8h,临沂,54.0
20170124,20,O3_8h_24h,临沂,56.0
20170124,20,CO,临沂,1.2
20170124,20,CO_24h,临沂,1.13
20170124,21,AQI,临沂,103.0
20170124,21,PM2.5,临沂,77.0
20170124,21,PM2.5_24h,临沂,60.0
20170124,21,PM10,临沂,131.0
20170124,21,PM10_24h,临沂,92.0
20170124,21,SO2,临沂,30.0
20170124,21,SO2_24h,临沂,23.0
20170124,21,NO2,临沂,47.0
20170124,21,NO2_24h,临沂,40.0
20170124,21,O3,临沂,42.0
20170124,21,O3_24h,临沂,74.0
20170124,21,O3_8h,临沂,52.0
20170124,21,O3_8h_24h,临沂,56.0
20170124,21,CO,临沂,1.25
20170124,21,CO_24h,临沂,1.13
20170124,22,AQI,临沂,103.0
20170124,22,PM2.5,临沂,77.0
20170124,22,PM2.5_24h,临沂,60.0
20170124,22,PM10,临沂,118.0
20170124,22,PM10_24h,临沂,92.0
20170124,22,SO2,临沂,34.0
20170124,22,SO2_24h,临沂,24.0
20170124,22,NO2,临沂,42.0
20170124,22,NO2_24h,临沂,40.0
20170124,22,O3,临沂,47.0
20170124,22,O3_24h,临沂,74.0
20170124,22,O3_8h,临沂,50.0
20170124,22,O3_8h_24h,临沂,56.0
20170124,22,CO,临沂,1.23
20170124,22,CO_24h,临沂,1.13
20170124,23,AQI,临沂,106.0
20170124,23,PM2.5,临沂,80.0
20170124,23,PM2.5_24h,临沂,61.0
20170124,23,PM10,临沂,111.0
20170124,23,PM10_24h,临沂,93.0
20170124,23,SO2,临沂,23.0
20170124,23,SO2_24h,临沂,24.0
20170124,23,NO2,临沂,42.0
20170124,23,NO2_24h,临沂,40.0
20170124,23,O3,临沂,40.0
20170124,23,O3_24h,临沂,74.0
20170124,23,O3_8h,临沂,46.0
20170124,23,O3_8h_24h,临沂,56.0
20170124,23,CO,临沂,1.2
20170124,23,CO_24h,临沂,1.13
20170124,0,AQI,德州,234.0
20170124,0,PM2.5,德州,184.0
20170124,0,PM2.5_24h,德州,109.0
20170124,0,PM10,德州,237.0
20170124,0,PM10_24h,德州,167.0
20170124,0,SO2,德州,131.0
20170124,0,SO2_24h,德州,93.0
20170124,0,NO2,德州,87.0
20170124,0,NO2_24h,德州,65.0
20170124,0,O3,德州,4.0
20170124,0,O3_24h,德州,62.0
20170124,0,O3_8h,德州,13.0
20170124,0,O3_8h_24h,德州,40.0
20170124,0,CO,德州,2.5
20170124,0,CO_24h,德州,1.87
20170124,1,AQI,德州,224.0
20170124,1,PM2.5,德州,174.0
20170124,1,PM2.5_24h,德州,114.0
20170124,1,PM10,德州,245.0
20170124,1,PM10_24h,德州,173.0
20170124,1,SO2,德州,100.0
20170124,1,SO2_24h,德州,95.0
20170124,1,NO2,德州,75.0
20170124,1,NO2_24h,德州,66.0
20170124,1,O3,德州,7.0
20170124,1,O3_24h,德州,62.0
20170124,1,O3_8h,德州,7.0
20170124,1,O3_8h_24h,德州,7.0
20170124,1,CO,德州,2.07
20170124,1,CO_24h,德州,1.9
20170124,2,AQI,德州,229.0
20170124,2,PM2.5,德州,179.0
20170124,2,PM2.5_24h,德州,119.0
20170124,2,PM10,德州,225.0
20170124,2,PM10_24h,德州,178.0
20170124,2,SO2,德州,123.0
20170124,2,SO2_24h,德州,96.0
20170124,2,NO2,德州,62.0
20170124,2,NO2_24h,德州,67.0
20170124,2,O3,德州,3.0
20170124,2,O3_24h,德州,62.0
20170124,2,O3_8h,德州,4.0
20170124,2,O3_8h_24h,德州,7.0
20170124,2,CO,德州,2.03
20170124,2,CO_24h,德州,1.93
20170124,3,AQI,德州,210.0
20170124,3,PM2.5,德州,160.0
20170124,3,PM2.5_24h,德州,124.0
20170124,3,PM10,德州,203.0
20170124,3,PM10_24h,德州,181.0
20170124,3,SO2,德州,123.0
20170124,3,SO2_24h,德州,96.0
20170124,3,NO2,德州,73.0
20170124,3,NO2_24h,德州,68.0
20170124,3,O3,德州,2.0
20170124,3,O3_24h,德州,62.0
20170124,3,O3_8h,德州,3.0
20170124,3,O3_8h_24h,德州,7.0
20170124,3,CO,德州,1.77
20170124,3,CO_24h,德州,1.93
20170124,4,AQI,德州,201.0
20170124,4,PM2.5,德州,151.0
20170124,4,PM2.5_24h,德州,127.0
20170124,4,PM10,德州,192.0
20170124,4,PM10_24h,德州,184.0
20170124,4,SO2,德州,129.0
20170124,4,SO2_24h,德州,97.0
20170124,4,NO2,德州,70.0
20170124,4,NO2_24h,德州,68.0
20170124,4,O3,德州,2.0
20170124,4,O3_24h,德州,62.0
20170124,4,O3_8h,德州,4.0
20170124,4,O3_8h_24h,德州,7.0
20170124,4,CO,德州,2.17
20170124,4,CO_24h,德州,1.97
20170124,5,AQI,德州,197.0
20170124,5,PM2.5,德州,148.0
20170124,5,PM2.5_24h,德州,131.0
20170124,5,PM10,德州,200.0
20170124,5,PM10_24h,德州,189.0
20170124,5,SO2,德州,134.0
20170124,5,SO2_24h,德州,98.0
20170124,5,NO2,德州,70.0
20170124,5,NO2_24h,德州,68.0
20170124,5,O3_24h,德州,62.0
20170124,5,O3_8h,德州,3.0
20170124,5,O3_8h_24h,德州,7.0
20170124,5,CO,德州,2.37
20170124,5,CO_24h,德州,2.03
20170124,6,AQI,德州,203.0
20170124,6,PM2.5,德州,153.0
20170124,6,PM2.5_24h,德州,135.0
20170124,6,PM10,德州,202.0
20170124,6,PM10_24h,德州,193.0
20170124,6,SO2,德州,128.0
20170124,6,SO2_24h,德州,100.0
20170124,6,NO2,德州,69.0
20170124,6,NO2_24h,德州,69.0
20170124,6,O3_24h,德州,62.0
20170124,6,O3_8h,德州,3.0
20170124,6,O3_8h_24h,德州,7.0
20170124,6,CO,德州,2.43
20170124,6,CO_24h,德州,2.03
20170124,7,AQI,德州,196.0
20170124,7,PM2.5,德州,147.0
20170124,7,PM2.5_24h,德州,138.0
20170124,7,PM10,德州,207.0
20170124,7,PM10_24h,德州,197.0
20170124,7,SO2,德州,123.0
20170124,7,SO2_24h,德州,101.0
20170124,7,NO2,德州,68.0
20170124,7,NO2_24h,德州,69.0
20170124,7,O3_24h,德州,62.0
20170124,7,O3_8h,德州,2.0
20170124,7,O3_8h_24h,德州,7.0
20170124,7,CO,德州,2.37
20170124,7,CO_24h,德州,2.03
20170124,8,AQI,德州,199.0
20170124,8,PM2.5,德州,149.0
20170124,8,PM2.5_24h,德州,142.0
20170124,8,PM10,德州,213.0
20170124,8,PM10_24h,德州,200.0
20170124,8,SO2,德州,118.0
20170124,8,SO2_24h,德州,101.0
20170124,8,NO2,德州,68.0
20170124,8,NO2_24h,德州,69.0
20170124,8,O3,德州,1.0
20170124,8,O3_24h,德州,62.0
20170124,8,O3_8h,德州,2.0
20170124,8,O3_8h_24h,德州,7.0
20170124,8,CO,德州,2.57
20170124,8,CO_24h,德州,2.1
20170124,9,AQI,德州,211.0
20170124,9,PM2.5,德州,161.0
20170124,9,PM2.5_24h,德州,145.0
20170124,9,PM10,德州,236.0
20170124,9,PM10_24h,德州,204.0
20170124,9,SO2,德州,120.0
20170124,9,SO2_24h,德州,99.0
20170124,9,NO2,德州,70.0
20170124,9,NO2_24h,德州,69.0
20170124,9,O3,德州,3.0
20170124,9,O3_24h,德州,62.0
20170124,9,O3_8h,德州,2.0
20170124,9,O3_8h_24h,德州,7.0
20170124,9,CO,德州,3.17
20170124,9,CO_24h,德州,2.1
20170124,10,AQI,德州,245.0
20170124,10,PM2.5,德州,195.0
20170124,10,PM2.5_24h,德州,149.0
20170124,10,PM10,德州,276.0
20170124,10,PM10_24h,德州,208.0
20170124,10,SO2,德州,111.0
20170124,10,SO2_24h,德州,95.0
20170124,10,NO2,德州,69.0
20170124,10,NO2_24h,德州,69.0
20170124,10,O3,德州,4.0
20170124,10,O3_24h,德州,62.0
20170124,10,O3_8h,德州,2.0
20170124,10,O3_8h_24h,德州,7.0
20170124,10,CO,德州,3.23
20170124,10,CO_24h,德州,2.1
20170124,11,AQI,德州,233.0
20170124,11,PM2.5,德州,183.0
20170124,11,PM2.5_24h,德州,152.0
20170124,11,PM10,德州,257.0
20170124,11,PM10_24h,德州,211.0
20170124,11,SO2,德州,104.0
20170124,11,SO2_24h,德州,94.0
20170124,11,NO2,德州,77.0
20170124,11,NO2_24h,德州,70.0
20170124,11,O3,德州,7.0
20170124,11,O3_24h,德州,62.0
20170124,11,O3_8h,德州,1.0
20170124,11,O3_8h_24h,德州,7.0
20170124,11,CO,德州,2.9
20170124,11,CO_24h,德州,2.1
20170124,12,AQI,德州,244.0
20170124,12,PM2.5,德州,194.0
20170124,12,PM2.5_24h,德州,154.0
20170124,12,PM10,德州,276.0
20170124,12,PM10_24h,德州,215.0
20170124,12,SO2,德州,104.0
20170124,12,SO2_24h,德州,94.0
20170124,12,NO2,德州,91.0
20170124,12,NO2_24h,德州,71.0
20170124,12,O3,德州,11.0
20170124,12,O3_24h,德州,62.0
20170124,12,O3_8h,德州,3.0
20170124,12,O3_8h_24h,德州,7.0
20170124,12,CO,德州,2.9
20170124,12,CO_24h,德州,2.1
20170124,13,AQI,德州,251.0
20170124,13,PM2.5,德州,201.0
20170124,13,PM2.5_24h,德州,156.0
20170124,13,PM10,德州,300.0
20170124,13,PM10_24h,德州,219.0
20170124,13,SO2,德州,100.0
20170124,13,SO2_24h,德州,95.0
20170124,13,NO2,德州,87.0
20170124,13,NO2_24h,德州,72.0
20170124,13,O3,德州,23.0
20170124,13,O3_24h,德州,62.0
20170124,13,O3_8h,德州,6.0
20170124,13,O3_8h_24h,德州,8.0
20170124,13,CO,德州,2.5
20170124,13,CO_24h,德州,2.17
20170124,14,AQI,德州,246.0
20170124,14,PM2.5,德州,196.0
20170124,14,PM2.5_24h,德州,159.0
20170124,14,PM10,德州,262.0
20170124,14,PM10_24h,德州,223.0
20170124,14,SO2,德州,89.0
20170124,14,SO2_24h,德州,95.0
20170124,14,NO2,德州,62.0
20170124,14,NO2_24h,德州,73.0
20170124,14,O3,德州,44.0
20170124,14,O3_24h,德州,62.0
20170124,14,O3_8h,德州,11.0
20170124,14,O3_8h_24h,德州,11.0
20170124,14,CO,德州,1.87
20170124,14,CO_24h,德州,2.17
20170124,15,AQI,德州,220.0
20170124,15,PM2.5,德州,170.0
20170124,15,PM2.5_24h,德州,160.0
20170124,15,PM10,德州,229.0
20170124,15,PM10_24h,德州,225.0
20170124,15,SO2,德州,79.0
20170124,15,SO2_24h,德州,97.0
20170124,15,NO2,德州,55.0
20170124,15,NO2_24h,德州,73.0
20170124,15,O3,德州,54.0
20170124,15,O3_24h,德州,64.0
20170124,15,O3_8h,德州,18.0
20170124,15,O3_8h_24h,德州,18.0
20170124,15,CO,德州,1.67
20170124,15,CO_24h,德州,2.2
20170124,16,AQI,德州,207.0
20170124,16,PM2.5,德州,157.0
20170124,16,PM2.5_24h,德州,162.0
20170124,16,PM10,德州,212.0
20170124,16,PM10_24h,德州,226.0
20170124,16,SO2,德州,69.0
20170124,16,SO2_24h,德州,97.0
20170124,16,NO2,德州,46.0
20170124,16,NO2_24h,德州,73.0
20170124,16,O3,德州,62.0
20170124,16,O3_24h,德州,62.0
20170124,16,O3_8h,德州,26.0
20170124,16,O3_8h_24h,德州,26.0
20170124,16,CO,德州,1.43
20170124,16,CO_24h,德州,2.2
20170124,17,AQI,德州,190.0
20170124,17,PM2.5,德州,143.0
20170124,17,PM2.5_24h,德州,162.0
20170124,17,PM10,德州,188.0
20170124,17,PM10_24h,德州,226.0
20170124,17,SO2,德州,69.0
20170124,17,SO2_24h,德州,99.0
20170124,17,NO2,德州,54.0
20170124,17,NO2_24h,德州,74.0
20170124,17,O3,德州,55.0
20170124,17,O3_24h,德州,62.0
20170124,17,O3_8h,德州,32.0
20170124,17,O3_8h_24h,德州,32.0
20170124,17,CO,德州,1.47
20170124,17,CO_24h,德州,2.2
20170124,18,AQI,德州,197.0
20170124,18,PM2.5,德州,148.0
20170124,18,PM2.5_24h,德州,163.0
20170124,18,PM10,德州,207.0
20170124,18,PM10_24h,德州,226.0
20170124,18,SO2,德州,72.0
20170124,18,SO2_24h,德州,99.0
20170124,18,NO2,德州,83.0
20170124,18,NO2_24h,德州,74.0
20170124,18,O3,德州,26.0
20170124,18,O3_24h,德州,62.0
20170124,18,O3_8h,德州,35.0
20170124,18,O3_8h_24h,德州,35.0
20170124,18,CO,德州,1.73
20170124,18,CO_24h,德州,2.23
20170124,19,AQI,德州,194.0
20170124,19,PM2.5,德州,146.0
20170124,19,PM2.5_24h,德州,164.0
20170124,19,PM10,德州,215.0
20170124,19,PM10_24h,德州,226.0
20170124,19,SO2,德州,92.0
20170124,19,SO2_24h,德州,100.0
20170124,19,NO2,德州,101.0
20170124,19,NO2_24h,德州,74.0
20170124,19,O3,德州,10.0
20170124,19,O3_24h,德州,62.0
20170124,19,O3_8h,德州,36.0
20170124,19,O3_8h_24h,德州,36.0
20170124,19,CO,德州,2.2
20170124,19,CO_24h,德州,2.23
20170124,20,AQI,德州,230.0
20170124,20,PM2.5,德州,180.0
20170124,20,PM2.5_24h,德州,166.0
20170124,20,PM10,德州,258.0
20170124,20,PM10_24h,德州,228.0
20170124,20,SO2,德州,108.0
20170124,20,SO2_24h,德州,102.0
20170124,20,NO2,德州,102.0
20170124,20,NO2_24h,德州,75.0
20170124,20,O3,德州,8.0
20170124,20,O3_24h,德州,62.0
20170124,20,O3_8h,德州,35.0
20170124,20,O3_8h_24h,德州,36.0
20170124,20,CO,德州,2.77
20170124,20,CO_24h,德州,2.27
20170124,21,AQI,德州,256.0
20170124,21,PM2.5,德州,206.0
20170124,21,PM2.5_24h,德州,168.0
20170124,21,PM10,德州,277.0
20170124,21,PM10_24h,德州,231.0
20170124,21,SO2,德州,109.0
20170124,21,SO2_24h,德州,104.0
20170124,21,NO2,德州,98.0
20170124,21,NO2_24h,德州,75.0
20170124,21,O3,德州,7.0
20170124,21,O3_24h,德州,62.0
20170124,21,O3_8h,德州,33.0
20170124,21,O3_8h_24h,德州,36.0
20170124,21,CO,德州,2.93
20170124,21,CO_24h,德州,2.33
20170124,22,AQI,德州,263.0
20170124,22,PM2.5,德州,213.0
20170124,22,PM2.5_24h,德州,171.0
20170124,22,PM10,德州,287.0
20170124,22,PM10_24h,德州,235.0
20170124,22,SO2,德州,135.0
20170124,22,SO2_24h,德州,107.0
20170124,22,NO2,德州,95.0
20170124,22,NO2_24h,德州,76.0
20170124,22,O3,德州,7.0
20170124,22,O3_24h,德州,62.0
20170124,22,O3_8h,德州,29.0
20170124,22,O3_8h_24h,德州,36.0
20170124,22,CO,德州,3.1
20170124,22,CO_24h,德州,2.37
20170124,23,AQI,德州,293.0
20170124,23,PM2.5,德州,243.0
20170124,23,PM2.5_24h,德州,174.0
20170124,23,PM10,德州,314.0
20170124,23,PM10_24h,德州,238.0
20170124,23,SO2,德州,128.0
20170124,23,SO2_24h,德州,108.0
20170124,23,NO2,德州,90.0
20170124,23,NO2_24h,德州,76.0
20170124,23,O3,德州,9.0
20170124,23,O3_24h,德州,62.0
20170124,23,O3_8h,德州,23.0
20170124,23,O3_8h_24h,德州,36.0
20170124,23,CO,德州,2.87
20170124,23,CO_24h,德州,2.37
20170124,0,AQI,聊城,151.0
20170124,0,PM2.5,聊城,116.0
20170124,0,PM2.5_24h,聊城,98.0
20170124,0,PM10,聊城,208.0
20170124,0,PM10_24h,聊城,200.0
20170124,0,SO2,聊城,56.0
20170124,0,SO2_24h,聊城,59.0
20170124,0,NO2,聊城,73.0
20170124,0,NO2_24h,聊城,67.0
20170124,0,O3,聊城,19.0
20170124,0,O3_24h,聊城,55.0
20170124,0,O3_8h,聊城,31.0
20170124,0,O3_8h_24h,聊城,48.0
20170124,0,CO,聊城,2.1
20170124,0,CO_24h,聊城,2.1
20170124,1,AQI,聊城,154.0
20170124,1,PM2.5,聊城,118.0
20170124,1,PM2.5_24h,聊城,99.0
20170124,1,PM10,聊城,237.0
20170124,1,PM10_24h,聊城,201.0
20170124,1,SO2,聊城,62.0
20170124,1,SO2_24h,聊城,59.0
20170124,1,NO2,聊城,71.0
20170124,1,NO2_24h,聊城,66.0
20170124,1,O3,聊城,18.0
20170124,1,O3_24h,聊城,55.0
20170124,1,O3_8h,聊城,18.0
20170124,1,O3_8h_24h,聊城,18.0
20170124,1,CO,聊城,2.1
20170124,1,CO_24h,聊城,2.1
20170124,2,AQI,聊城,164.0
20170124,2,PM2.5,聊城,125.0
20170124,2,PM2.5_24h,聊城,101.0
20170124,2,PM10,聊城,211.0
20170124,2,PM10_24h,聊城,203.0
20170124,2,SO2,聊城,60.0
20170124,2,SO2_24h,聊城,59.0
20170124,2,NO2,聊城,67.0
20170124,2,NO2_24h,聊城,65.0
20170124,2,O3,聊城,20.0
20170124,2,O3_24h,聊城,55.0
20170124,2,O3_8h,聊城,19.0
20170124,2,O3_8h_24h,聊城,19.0
20170124,2,CO,聊城,2.0
20170124,2,CO_24h,聊城,2.0
20170124,3,AQI,聊城,154.0
20170124,3,PM2.5,聊城,118.0
20170124,3,PM2.5_24h,聊城,102.0
20170124,3,PM10,聊城,203.0
20170124,3,PM10_24h,聊城,203.0
20170124,3,SO2,聊城,43.0
20170124,3,SO2_24h,聊城,59.0
20170124,3,NO2,聊城,61.0
20170124,3,NO2_24h,聊城,64.0
20170124,3,O3,聊城,23.0
20170124,3,O3_24h,聊城,55.0
20170124,3,O3_8h,聊城,20.0
20170124,3,O3_8h_24h,聊城,20.0
20170124,3,CO,聊城,1.9
20170124,3,CO_24h,聊城,2.0
20170124,4,AQI,聊城,138.0
20170124,4,PM2.5,聊城,105.0
20170124,4,PM2.5_24h,聊城,103.0
20170124,4,PM10,聊城,177.0
20170124,4,PM10_24h,聊城,202.0
20170124,4,SO2,聊城,49.0
20170124,4,SO2_24h,聊城,57.0
20170124,4,NO2,聊城,46.0
20170124,4,NO2_24h,聊城,63.0
20170124,4,O3,聊城,30.0
20170124,4,O3_24h,聊城,55.0
20170124,4,O3_8h,聊城,23.0
20170124,4,O3_8h_24h,聊城,23.0
20170124,4,CO,聊城,1.7
20170124,4,CO_24h,聊城,2.0
20170124,5,AQI,聊城,120.0
20170124,5,PM2.5,聊城,91.0
20170124,5,PM2.5_24h,聊城,102.0
20170124,5,PM10,聊城,153.0
20170124,5,PM10_24h,聊城,198.0
20170124,5,SO2,聊城,45.0
20170124,5,SO2_24h,聊城,55.0
20170124,5,NO2,聊城,49.0
20170124,5,NO2_24h,聊城,61.0
20170124,5,O3,聊城,29.0
20170124,5,O3_24h,聊城,55.0
20170124,5,O3_8h,聊城,24.0
20170124,5,O3_8h_24h,聊城,24.0
20170124,5,CO,聊城,1.4
20170124,5,CO_24h,聊城,1.9
20170124,6,AQI,聊城,119.0
20170124,6,PM2.5,聊城,90.0
20170124,6,PM2.5_24h,聊城,100.0
20170124,6,PM10,聊城,184.0
20170124,6,PM10_24h,聊城,195.0
20170124,6,SO2,聊城,42.0
20170124,6,SO2_24h,聊城,53.0
20170124,6,NO2,聊城,78.0
20170124,6,NO2_24h,聊城,61.0
20170124,6,O3,聊城,6.0
20170124,6,O3_24h,聊城,55.0
20170124,6,O3_8h,聊城,21.0
20170124,6,O3_8h_24h,聊城,24.0
20170124,6,CO,聊城,2.5
20170124,6,CO_24h,聊城,1.9
20170124,7,AQI,聊城,149.0
20170124,7,PM2.5,聊城,114.0
20170124,7,PM2.5_24h,聊城,100.0
20170124,7,PM10,聊城,237.0
20170124,7,PM10_24h,聊城,195.0
20170124,7,SO2,聊城,46.0
20170124,7,SO2_24h,聊城,52.0
20170124,7,NO2,聊城,83.0
20170124,7,NO2_24h,聊城,61.0
20170124,7,O3,聊城,1.0
20170124,7,O3_24h,聊城,55.0
20170124,7,O3_8h,聊城,18.0
20170124,7,O3_8h_24h,聊城,24.0
20170124,7,CO,聊城,2.8
20170124,7,CO_24h,聊城,2.0
20170124,8,AQI,聊城,179.0
20170124,8,PM2.5,聊城,135.0
20170124,8,PM2.5_24h,聊城,101.0
20170124,8,PM10,聊城,265.0
20170124,8,PM10_24h,聊城,196.0
20170124,8,SO2,聊城,63.0
20170124,8,SO2_24h,聊城,51.0
20170124,8,NO2,聊城,83.0
20170124,8,NO2_24h,聊城,61.0
20170124,8,O3,聊城,1.0
20170124,8,O3_24h,聊城,55.0
20170124,8,O3_8h,聊城,16.0
20170124,8,O3_8h_24h,聊城,24.0
20170124,8,CO,聊城,2.7
20170124,8,CO_24h,聊城,2.0
20170124,9,AQI,聊城,200.0
20170124,9,PM2.5,聊城,150.0
20170124,9,PM2.5_24h,聊城,102.0
20170124,9,PM10,聊城,274.0
20170124,9,PM10_24h,聊城,198.0
20170124,9,SO2,聊城,84.0
20170124,9,SO2_24h,聊城,51.0
20170124,9,NO2,聊城,84.0
20170124,9,NO2_24h,聊城,61.0
20170124,9,O3,聊城,2.0
20170124,9,O3_24h,聊城,55.0
20170124,9,O3_8h,聊城,14.0
20170124,9,O3_8h_24h,聊城,24.0
20170124,9,CO,聊城,2.9
20170124,9,CO_24h,聊城,2.0
20170124,10,AQI,聊城,197.0
20170124,10,PM2.5,聊城,148.0
20170124,10,PM2.5_24h,聊城,104.0
20170124,10,PM10,聊城,264.0
20170124,10,PM10_24h,聊城,199.0
20170124,10,SO2,聊城,90.0
20170124,10,SO2_24h,聊城,51.0
20170124,10,NO2,聊城,81.0
20170124,10,NO2_24h,聊城,62.0
20170124,10,O3,聊城,9.0
20170124,10,O3_24h,聊城,55.0
20170124,10,O3_8h,聊城,13.0
20170124,10,O3_8h_24h,聊城,24.0
20170124,10,CO,聊城,2.5
20170124,10,CO_24h,聊城,2.0
20170124,11,AQI,聊城,186.0
20170124,11,PM2.5,聊城,140.0
20170124,11,PM2.5_24h,聊城,104.0
20170124,11,PM10,聊城,223.0
20170124,11,PM10_24h,聊城,199.0
20170124,11,SO2,聊城,99.0
20170124,11,SO2_24h,聊城,53.0
20170124,11,NO2,聊城,77.0
20170124,11,NO2_24h,聊城,63.0
20170124,11,O3,聊城,18.0
20170124,11,O3_24h,聊城,55.0
20170124,11,O3_8h,聊城,12.0
20170124,11,O3_8h_24h,聊城,24.0
20170124,11,CO,聊城,2.4
20170124,11,CO_24h,聊城,2.0
20170124,12,AQI,聊城,171.0
20170124,12,PM2.5,聊城,130.0
20170124,12,PM2.5_24h,聊城,105.0
20170124,12,PM10,聊城,217.0
20170124,12,PM10_24h,聊城,201.0
20170124,12,SO2,聊城,74.0
20170124,12,SO2_24h,聊城,54.0
20170124,12,NO2,聊城,67.0
20170124,12,NO2_24h,聊城,64.0
20170124,12,O3,聊城,33.0
20170124,12,O3_24h,聊城,55.0
20170124,12,O3_8h,聊城,12.0
20170124,12,O3_8h_24h,聊城,24.0
20170124,12,CO,聊城,2.0
20170124,12,CO_24h,聊城,2.0
20170124,13,AQI,聊城,160.0
20170124,13,PM2.5,聊城,122.0
20170124,13,PM2.5_24h,聊城,108.0
20170124,13,PM10,聊城,221.0
20170124,13,PM10_24h,聊城,204.0
20170124,13,SO2,聊城,58.0
20170124,13,SO2_24h,聊城,55.0
20170124,13,NO2,聊城,63.0
20170124,13,NO2_24h,聊城,65.0
20170124,13,O3,聊城,40.0
20170124,13,O3_24h,聊城,55.0
20170124,13,O3_8h,聊城,14.0
20170124,13,O3_8h_24h,聊城,24.0
20170124,13,CO,聊城,1.7
20170124,13,CO_24h,聊城,2.0
20170124,14,AQI,聊城,150.0
20170124,14,PM2.5,聊城,115.0
20170124,14,PM2.5_24h,聊城,109.0
20170124,14,PM10,聊城,187.0
20170124,14,PM10_24h,聊城,205.0
20170124,14,SO2,聊城,49.0
20170124,14,SO2_24h,聊城,55.0
20170124,14,NO2,聊城,47.0
20170124,14,NO2_24h,聊城,65.0
20170124,14,O3,聊城,55.0
20170124,14,O3_24h,聊城,55.0
20170124,14,O3_8h,聊城,20.0
20170124,14,O3_8h_24h,聊城,24.0
20170124,14,CO,聊城,1.5
20170124,14,CO_24h,聊城,2.0
20170124,15,AQI,聊城,124.0
20170124,15,PM2.5,聊城,94.0
20170124,15,PM2.5_24h,聊城,110.0
20170124,15,PM10,聊城,171.0
20170124,15,PM10_24h,聊城,205.0
20170124,15,SO2,聊城,47.0
20170124,15,SO2_24h,聊城,55.0
20170124,15,NO2,聊城,51.0
20170124,15,NO2_24h,聊城,65.0
20170124,15,O3,聊城,55.0
20170124,15,O3_24h,聊城,55.0
20170124,15,O3_8h,聊城,27.0
20170124,15,O3_8h_24h,聊城,27.0
20170124,15,CO,聊城,1.5
20170124,15,CO_24h,聊城,2.0
20170124,16,AQI,聊城,121.0
20170124,16,PM2.5,聊城,92.0
20170124,16,PM2.5_24h,聊城,110.0
20170124,16,PM10,聊城,176.0
20170124,16,PM10_24h,聊城,205.0
20170124,16,SO2,聊城,47.0
20170124,16,SO2_24h,聊城,56.0
20170124,16,NO2,聊城,53.0
20170124,16,NO2_24h,聊城,66.0
20170124,16,O3,聊城,54.0
20170124,16,O3_24h,聊城,55.0
20170124,16,O3_8h,聊城,33.0
20170124,16,O3_8h_24h,聊城,33.0
20170124,16,CO,聊城,1.6
20170124,16,CO_24h,聊城,2.0
20170124,17,AQI,聊城,126.0
20170124,17,PM2.5,聊城,96.0
20170124,17,PM2.5_24h,聊城,111.0
20170124,17,PM10,聊城,177.0
20170124,17,PM10_24h,聊城,206.0
20170124,17,SO2,聊城,53.0
20170124,17,SO2_24h,聊城,56.0
20170124,17,NO2,聊城,56.0
20170124,17,NO2_24h,聊城,66.0
20170124,17,O3,聊城,52.0
20170124,17,O3_24h,聊城,55.0
20170124,17,O3_8h,聊城,40.0
20170124,17,O3_8h_24h,聊城,40.0
20170124,17,CO,聊城,1.6
20170124,17,CO_24h,聊城,2.0
20170124,18,AQI,聊城,130.0
20170124,18,PM2.5,聊城,99.0
20170124,18,PM2.5_24h,聊城,112.0
20170124,18,PM10,聊城,181.0
20170124,18,PM10_24h,聊城,206.0
20170124,18,SO2,聊城,54.0
20170124,18,SO2_24h,聊城,57.0
20170124,18,NO2,聊城,83.0
20170124,18,NO2_24h,聊城,67.0
20170124,18,O3,聊城,30.0
20170124,18,O3_24h,聊城,55.0
20170124,18,O3_8h,聊城,42.0
20170124,18,O3_8h_24h,聊城,42.0
20170124,18,CO,聊城,2.2
20170124,18,CO_24h,聊城,2.0
20170124,19,AQI,聊城,158.0
20170124,19,PM2.5,聊城,103.0
20170124,19,PM2.5_24h,聊城,113.0
20170124,19,PM10,聊城,266.0
20170124,19,PM10_24h,聊城,210.0
20170124,19,SO2,聊城,159.0
20170124,19,SO2_24h,聊城,62.0
20170124,19,NO2,聊城,110.0
20170124,19,NO2_24h,聊城,69.0
20170124,19,O3,聊城,5.0
20170124,19,O3_24h,聊城,55.0
20170124,19,O3_8h,聊城,40.0
20170124,19,O3_8h_24h,聊城,42.0
20170124,19,CO,聊城,2.6
20170124,19,CO_24h,聊城,2.1
20170124,20,AQI,聊城,233.0
20170124,20,PM2.5,聊城,183.0
20170124,20,PM2.5_24h,聊城,117.0
20170124,20,PM10,聊城,331.0
20170124,20,PM10_24h,聊城,216.0
20170124,20,SO2,聊城,45.0
20170124,20,SO2_24h,聊城,62.0
20170124,20,NO2,聊城,110.0
20170124,20,NO2_24h,聊城,71.0
20170124,20,O3,聊城,85.0
20170124,20,O3_24h,聊城,85.0
20170124,20,O3_8h,聊城,47.0
20170124,20,O3_8h_24h,聊城,47.0
20170124,20,CO,聊城,5.9
20170124,20,CO_24h,聊城,2.2
20170124,21,AQI,聊城,237.0
20170124,21,PM2.5,聊城,187.0
20170124,21,PM2.5_24h,聊城,120.0
20170124,21,PM10,聊城,323.0
20170124,21,PM10_24h,聊城,221.0
20170124,21,SO2,聊城,46.0
20170124,21,SO2_24h,聊城,61.0
20170124,21,NO2,聊城,112.0
20170124,21,NO2_24h,聊城,73.0
20170124,21,O3,聊城,2.0
20170124,21,O3_24h,聊城,85.0
20170124,21,O3_8h,聊城,42.0
20170124,21,O3_8h_24h,聊城,47.0
20170124,21,CO,聊城,2.9
20170124,21,CO_24h,聊城,2.3
20170124,22,AQI,聊城,247.0
20170124,22,PM2.5,聊城,197.0
20170124,22,PM2.5_24h,聊城,124.0
20170124,22,PM10,聊城,330.0
20170124,22,PM10_24h,聊城,226.0
20170124,22,SO2,聊城,49.0
20170124,22,SO2_24h,聊城,61.0
20170124,22,NO2,聊城,114.0
20170124,22,NO2_24h,聊城,75.0
20170124,22,O3,聊城,2.0
20170124,22,O3_24h,聊城,85.0
20170124,22,O3_8h,聊城,36.0
20170124,22,O3_8h_24h,聊城,47.0
20170124,22,CO,聊城,3.9
20170124,22,CO_24h,聊城,2.3
20170124,23,AQI,聊城,250.0
20170124,23,PM2.5,聊城,200.0
20170124,23,PM2.5_24h,聊城,128.0
20170124,23,PM10,聊城,353.0
20170124,23,PM10_24h,聊城,232.0
20170124,23,SO2,聊城,49.0
20170124,23,SO2_24h,聊城,61.0
20170124,23,NO2,聊城,109.0
20170124,23,NO2_24h,聊城,76.0
20170124,23,O3,聊城,1.0
20170124,23,O3_24h,聊城,85.0
20170124,23,O3_8h,聊城,29.0
20170124,23,O3_8h_24h,聊城,47.0
20170124,23,CO,聊城,4.2
20170124,23,CO_24h,聊城,2.4
20170124,0,AQI,滨州,80.0
20170124,0,PM2.5,滨州,59.0
20170124,0,PM2.5_24h,滨州,57.0
20170124,0,PM10,滨州,81.0
20170124,0,PM10_24h,滨州,81.0
20170124,0,SO2,滨州,47.0
20170124,0,SO2_24h,滨州,68.0
20170124,0,NO2,滨州,37.0
20170124,0,NO2_24h,滨州,47.0
20170124,0,O3,滨州,30.0
20170124,0,O3_24h,滨州,65.0
20170124,0,O3_8h,滨州,32.0
20170124,0,O3_8h_24h,滨州,52.0
20170124,0,CO,滨州,2.4
20170124,0,CO_24h,滨州,2.3
20170124,1,AQI,滨州,93.0
20170124,1,PM2.5,滨州,69.0
20170124,1,PM2.5_24h,滨州,59.0
20170124,1,PM10,滨州,97.0
20170124,1,PM10_24h,滨州,83.0
20170124,1,SO2,滨州,45.0
20170124,1,SO2_24h,滨州,69.0
20170124,1,NO2,滨州,45.0
20170124,1,NO2_24h,滨州,47.0
20170124,1,O3,滨州,20.0
20170124,1,O3_24h,滨州,65.0
20170124,1,O3_8h,滨州,20.0
20170124,1,O3_8h_24h,滨州,20.0
20170124,1,CO,滨州,2.47
20170124,1,CO_24h,滨州,2.3
20170124,2,AQI,滨州,106.0
20170124,2,PM2.5,滨州,80.0
20170124,2,PM2.5_24h,滨州,60.0
20170124,2,PM10,滨州,108.0
20170124,2,PM10_24h,滨州,85.0
20170124,2,SO2,滨州,46.0
20170124,2,SO2_24h,滨州,69.0
20170124,2,NO2,滨州,54.0
20170124,2,NO2_24h,滨州,47.0
20170124,2,O3,滨州,11.0
20170124,2,O3_24h,滨州,65.0
20170124,2,O3_8h,滨州,15.0
20170124,2,O3_8h_24h,滨州,20.0
20170124,2,CO,滨州,2.6
20170124,2,CO_24h,滨州,2.33
20170124,3,AQI,滨州,121.0
20170124,3,PM2.5,滨州,92.0
20170124,3,PM2.5_24h,滨州,63.0
20170124,3,PM10,滨州,129.0
20170124,3,PM10_24h,滨州,88.0
20170124,3,SO2,滨州,46.0
20170124,3,SO2_24h,滨州,68.0
20170124,3,NO2,滨州,60.0
20170124,3,NO2_24h,滨州,47.0
20170124,3,O3,滨州,7.0
20170124,3,O3_24h,滨州,65.0
20170124,3,O3_8h,滨州,12.0
20170124,3,O3_8h_24h,滨州,20.0
20170124,3,CO,滨州,2.8
20170124,3,CO_24h,滨州,2.37
20170124,4,AQI,滨州,151.0
20170124,4,PM2.5,滨州,116.0
20170124,4,PM2.5_24h,滨州,66.0
20170124,4,PM10,滨州,141.0
20170124,4,PM10_24h,滨州,92.0
20170124,4,SO2,滨州,47.0
20170124,4,SO2_24h,滨州,67.0
20170124,4,NO2,滨州,61.0
20170124,4,NO2_24h,滨州,48.0
20170124,4,O3,滨州,5.0
20170124,4,O3_24h,滨州,65.0
20170124,4,O3_8h,滨州,11.0
20170124,4,O3_8h_24h,滨州,20.0
20170124,4,CO,滨州,2.9
20170124,4,CO_24h,滨州,2.43
20170124,5,AQI,滨州,140.0
20170124,5,PM2.5,滨州,107.0
20170124,5,PM2.5_24h,滨州,68.0
20170124,5,PM10,滨州,129.0
20170124,5,PM10_24h,滨州,95.0
20170124,5,SO2,滨州,60.0
20170124,5,SO2_24h,滨州,66.0
20170124,5,NO2,滨州,58.0
20170124,5,NO2_24h,滨州,48.0
20170124,5,O3,滨州,5.0
20170124,5,O3_24h,滨州,65.0
20170124,5,O3_8h,滨州,9.0
20170124,5,O3_8h_24h,滨州,20.0
20170124,5,CO,滨州,2.73
20170124,5,CO_24h,滨州,2.43
20170124,6,AQI,滨州,126.0
20170124,6,PM2.5,滨州,96.0
20170124,6,PM2.5_24h,滨州,71.0
20170124,6,PM10,滨州,134.0
20170124,6,PM10_24h,滨州,97.0
20170124,6,SO2,滨州,57.0
20170124,6,SO2_24h,滨州,63.0
20170124,6,NO2,滨州,59.0
20170124,6,NO2_24h,滨州,48.0
20170124,6,O3,滨州,5.0
20170124,6,O3_24h,滨州,65.0
20170124,6,O3_8h,滨州,8.0
20170124,6,O3_8h_24h,滨州,20.0
20170124,6,CO,滨州,2.93
20170124,6,CO_24h,滨州,2.47
20170124,7,AQI,滨州,136.0
20170124,7,PM2.5,滨州,104.0
20170124,7,PM2.5_24h,滨州,72.0
20170124,7,PM10,滨州,141.0
20170124,7,PM10_24h,滨州,100.0
20170124,7,SO2,滨州,60.0
20170124,7,SO2_24h,滨州,61.0
20170124,7,NO2,滨州,59.0
20170124,7,NO2_24h,滨州,48.0
20170124,7,O3,滨州,5.0
20170124,7,O3_24h,滨州,65.0
20170124,7,O3_8h,滨州,8.0
20170124,7,O3_8h_24h,滨州,20.0
20170124,7,CO,滨州,3.03
20170124,7,CO_24h,滨州,2.47
20170124,8,AQI,滨州,145.0
20170124,8,PM2.5,滨州,111.0
20170124,8,PM2.5_24h,滨州,75.0
20170124,8,PM10,滨州,150.0
20170124,8,PM10_24h,滨州,102.0
20170124,8,SO2,滨州,71.0
20170124,8,SO2_24h,滨州,58.0
20170124,8,NO2,滨州,59.0
20170124,8,NO2_24h,滨州,48.0
20170124,8,O3,滨州,5.0
20170124,8,O3_24h,滨州,65.0
20170124,8,O3_8h,滨州,8.0
20170124,8,O3_8h_24h,滨州,20.0
20170124,8,CO,滨州,3.13
20170124,8,CO_24h,滨州,2.5
20170124,9,AQI,滨州,161.0
20170124,9,PM2.5,滨州,123.0
20170124,9,PM2.5_24h,滨州,76.0
20170124,9,PM10,滨州,160.0
20170124,9,PM10_24h,滨州,105.0
20170124,9,SO2,滨州,79.0
20170124,9,SO2_24h,滨州,58.0
20170124,9,NO2,滨州,56.0
20170124,9,NO2_24h,滨州,47.0
20170124,9,O3,滨州,10.0
20170124,9,O3_24h,滨州,65.0
20170124,9,O3_8h,滨州,7.0
20170124,9,O3_8h_24h,滨州,20.0
20170124,9,CO,滨州,3.13
20170124,9,CO_24h,滨州,2.53
20170124,10,AQI,滨州,167.0
20170124,10,PM2.5,滨州,127.0
20170124,10,PM2.5_24h,滨州,78.0
20170124,10,PM10,滨州,157.0
20170124,10,PM10_24h,滨州,107.0
20170124,10,SO2,滨州,96.0
20170124,10,SO2_24h,滨州,58.0
20170124,10,NO2,滨州,55.0
20170124,10,NO2_24h,滨州,47.0
20170124,10,O3,滨州,15.0
20170124,10,O3_24h,滨州,65.0
20170124,10,O3_8h,滨州,7.0
20170124,10,O3_8h_24h,滨州,20.0
20170124,10,CO,滨州,3.1
20170124,10,CO_24h,滨州,2.53
20170124,11,AQI,滨州,176.0
20170124,11,PM2.5,滨州,133.0
20170124,11,PM2.5_24h,滨州,81.0
20170124,11,PM10,滨州,159.0
20170124,11,PM10_24h,滨州,109.0
20170124,11,SO2,滨州,95.0
20170124,11,SO2_24h,滨州,58.0
20170124,11,NO2,滨州,54.0
20170124,11,NO2_24h,滨州,48.0
20170124,11,O3,滨州,24.0
20170124,11,O3_24h,滨州,65.0
20170124,11,O3_8h,滨州,10.0
20170124,11,O3_8h_24h,滨州,20.0
20170124,11,CO,滨州,2.93
20170124,11,CO_24h,滨州,2.57
20170124,12,AQI,滨州,154.0
20170124,12,PM2.5,滨州,118.0
20170124,12,PM2.5_24h,滨州,83.0
20170124,12,PM10,滨州,151.0
20170124,12,PM10_24h,滨州,112.0
20170124,12,SO2,滨州,74.0
20170124,12,SO2_24h,滨州,58.0
20170124,12,NO2,滨州,48.0
20170124,12,NO2_24h,滨州,48.0
20170124,12,O3,滨州,48.0
20170124,12,O3_24h,滨州,61.0
20170124,12,O3_8h,滨州,15.0
20170124,12,O3_8h_24h,滨州,20.0
20170124,12,CO,滨州,2.8
20170124,12,CO_24h,滨州,2.57
20170124,13,AQI,滨州,151.0
20170124,13,PM2.5,滨州,116.0
20170124,13,PM2.5_24h,滨州,86.0
20170124,13,PM10,滨州,145.0
20170124,13,PM10_24h,滨州,116.0
20170124,13,SO2,滨州,51.0
20170124,13,SO2_24h,滨州,58.0
20170124,13,NO2,滨州,43.0
20170124,13,NO2_24h,滨州,49.0
20170124,13,O3,滨州,69.0
20170124,13,O3_24h,滨州,69.0
20170124,13,O3_8h,滨州,23.0
20170124,13,O3_8h_24h,滨州,23.0
20170124,13,CO,滨州,2.73
20170124,13,CO_24h,滨州,2.6
20170124,14,AQI,滨州,151.0
20170124,14,PM2.5,滨州,116.0
20170124,14,PM2.5_24h,滨州,90.0
20170124,14,PM10,滨州,140.0
20170124,14,PM10_24h,滨州,119.0
20170124,14,SO2,滨州,41.0
20170124,14,SO2_24h,滨州,57.0
20170124,14,NO2,滨州,42.0
20170124,14,NO2_24h,滨州,50.0
20170124,14,O3,滨州,87.0
20170124,14,O3_24h,滨州,87.0
20170124,14,O3_8h,滨州,33.0
20170124,14,O3_8h_24h,滨州,33.0
20170124,14,CO,滨州,2.7
20170124,14,CO_24h,滨州,2.6
20170124,15,AQI,滨州,145.0
20170124,15,PM2.5,滨州,111.0
20170124,15,PM2.5_24h,滨州,93.0
20170124,15,PM10,滨州,146.0
20170124,15,PM10_24h,滨州,122.0
20170124,15,SO2,滨州,71.0
20170124,15,SO2_24h,滨州,58.0
20170124,15,NO2,滨州,47.0
20170124,15,NO2_24h,滨州,51.0
20170124,15,O3,滨州,124.0
20170124,15,O3_24h,滨州,124.0
20170124,15,O3_8h,滨州,48.0
20170124,15,O3_8h_24h,滨州,48.0
20170124,15,CO,滨州,3.53
20170124,15,CO_24h,滨州,2.7
20170124,16,AQI,滨州,166.0
20170124,16,PM2.5,滨州,126.0
20170124,16,PM2.5_24h,滨州,96.0
20170124,16,PM10,滨州,163.0
20170124,16,PM10_24h,滨州,126.0
20170124,16,SO2,滨州,44.0
20170124,16,SO2_24h,滨州,57.0
20170124,16,NO2,滨州,49.0
20170124,16,NO2_24h,滨州,51.0
20170124,16,O3,滨州,114.0
20170124,16,O3_24h,滨州,126.0
20170124,16,O3_8h,滨州,62.0
20170124,16,O3_8h_24h,滨州,62.0
20170124,16,CO,滨州,2.67
20170124,16,CO_24h,滨州,2.73
20170124,17,AQI,滨州,166.0
20170124,17,PM2.5,滨州,126.0
20170124,17,PM2.5_24h,滨州,99.0
20170124,17,PM10,滨州,163.0
20170124,17,PM10_24h,滨州,129.0
20170124,17,SO2,滨州,53.0
20170124,17,SO2_24h,滨州,57.0
20170124,17,NO2,滨州,52.0
20170124,17,NO2_24h,滨州,51.0
20170124,17,O3,滨州,94.0
20170124,17,O3_24h,滨州,126.0
20170124,17,O3_8h,滨州,72.0
20170124,17,O3_8h_24h,滨州,72.0
20170124,17,CO,滨州,2.8
20170124,17,CO_24h,滨州,2.73
20170124,18,AQI,滨州,169.0
20170124,18,PM2.5,滨州,128.0
20170124,18,PM2.5_24h,滨州,101.0
20170124,18,PM10,滨州,168.0
20170124,18,PM10_24h,滨州,131.0
20170124,18,SO2,滨州,69.0
20170124,18,SO2_24h,滨州,57.0
20170124,18,NO2,滨州,60.0
20170124,18,NO2_24h,滨州,51.0
20170124,18,O3,滨州,49.0
20170124,18,O3_24h,滨州,126.0
20170124,18,O3_8h,滨州,76.0
20170124,18,O3_8h_24h,滨州,76.0
20170124,18,CO,滨州,2.83
20170124,18,CO_24h,滨州,2.77
20170124,19,AQI,滨州,153.0
20170124,19,PM2.5,滨州,117.0
20170124,19,PM2.5_24h,滨州,102.0
20170124,19,PM10,滨州,146.0
20170124,19,PM10_24h,滨州,131.0
20170124,19,SO2,滨州,55.0
20170124,19,SO2_24h,滨州,57.0
20170124,19,NO2,滨州,60.0
20170124,19,NO2_24h,滨州,52.0
20170124,19,O3,滨州,32.0
20170124,19,O3_24h,滨州,126.0
20170124,19,O3_8h,滨州,77.0
20170124,19,O3_8h_24h,滨州,77.0
20170124,19,CO,滨州,2.63
20170124,19,CO_24h,滨州,2.77
20170124,20,AQI,滨州,129.0
20170124,20,PM2.5,滨州,98.0
20170124,20,PM2.5_24h,滨州,103.0
20170124,20,PM10,滨州,133.0
20170124,20,PM10_24h,滨州,132.0
20170124,20,SO2,滨州,54.0
20170124,20,SO2_24h,滨州,58.0
20170124,20,NO2,滨州,55.0
20170124,20,NO2_24h,滨州,52.0
20170124,20,O3,滨州,32.0
20170124,20,O3_24h,滨州,126.0
20170124,20,O3_8h,滨州,75.0
20170124,20,O3_8h_24h,滨州,77.0
20170124,20,CO,滨州,2.8
20170124,20,CO_24h,滨州,2.8
20170124,21,AQI,滨州,129.0
20170124,21,PM2.5,滨州,98.0
20170124,21,PM2.5_24h,滨州,104.0
20170124,21,PM10,滨州,115.0
20170124,21,PM10_24h,滨州,133.0
20170124,21,SO2,滨州,54.0
20170124,21,SO2_24h,滨州,58.0
20170124,21,NO2,滨州,48.0
20170124,21,NO2_24h,滨州,52.0
20170124,21,O3,滨州,35.0
20170124,21,O3_24h,滨州,126.0
20170124,21,O3_8h,滨州,71.0
20170124,21,O3_8h_24h,滨州,77.0
20170124,21,CO,滨州,2.87
20170124,21,CO_24h,滨州,2.83
20170124,22,AQI,滨州,124.0
20170124,22,PM2.5,滨州,94.0
20170124,22,PM2.5_24h,滨州,105.0
20170124,22,PM10,滨州,122.0
20170124,22,PM10_24h,滨州,135.0
20170124,22,SO2,滨州,60.0
20170124,22,SO2_24h,滨州,59.0
20170124,22,NO2,滨州,58.0
20170124,22,NO2_24h,滨州,52.0
20170124,22,O3,滨州,27.0
20170124,22,O3_24h,滨州,126.0
20170124,22,O3_8h,滨州,64.0
20170124,22,O3_8h_24h,滨州,77.0
20170124,22,CO,滨州,2.87
20170124,22,CO_24h,滨州,2.83
20170124,23,AQI,滨州,131.0
20170124,23,PM2.5,滨州,100.0
20170124,23,PM2.5_24h,滨州,107.0
20170124,23,PM10,滨州,136.0
20170124,23,PM10_24h,滨州,137.0
20170124,23,SO2,滨州,59.0
20170124,23,SO2_24h,滨州,60.0
20170124,23,NO2,滨州,68.0
20170124,23,NO2_24h,滨州,54.0
20170124,23,O3,滨州,22.0
20170124,23,O3_24h,滨州,126.0
20170124,23,O3_8h,滨州,50.0
20170124,23,O3_8h_24h,滨州,77.0
20170124,23,CO,滨州,2.83
20170124,23,CO_24h,滨州,2.83
20170124,0,AQI,淄博,174.0
20170124,0,PM2.5,淄博,132.0
20170124,0,PM2.5_24h,淄博,83.0
20170124,0,PM10,淄博,202.0
20170124,0,PM10_24h,淄博,143.0
20170124,0,SO2,淄博,99.0
20170124,0,SO2_24h,淄博,94.0
20170124,0,NO2,淄博,78.0
20170124,0,NO2_24h,淄博,66.0
20170124,0,O3,淄博,6.0
20170124,0,O3_24h,淄博,62.0
20170124,0,O3_8h,淄博,15.0
20170124,0,O3_8h_24h,淄博,46.0
20170124,0,CO,淄博,2.52
20170124,0,CO_24h,淄博,2.18
20170124,1,AQI,淄博,164.0
20170124,1,PM2.5,淄博,125.0
20170124,1,PM2.5_24h,淄博,86.0
20170124,1,PM10,淄博,184.0
20170124,1,PM10_24h,淄博,146.0
20170124,1,SO2,淄博,98.0
20170124,1,SO2_24h,淄博,93.0
20170124,1,NO2,淄博,71.0
20170124,1,NO2_24h,淄博,67.0
20170124,1,O3,淄博,7.0
20170124,1,O3_24h,淄博,62.0
20170124,1,O3_8h,淄博,7.0
20170124,1,O3_8h_24h,淄博,7.0
20170124,1,CO,淄博,3.52
20170124,1,CO_24h,淄博,2.27
20170124,2,AQI,淄博,190.0
20170124,2,PM2.5,淄博,143.0
20170124,2,PM2.5_24h,淄博,89.0
20170124,2,PM10,淄博,217.0
20170124,2,PM10_24h,淄博,151.0
20170124,2,SO2,淄博,94.0
20170124,2,SO2_24h,淄博,93.0
20170124,2,NO2,淄博,73.0
20170124,2,NO2_24h,淄博,67.0
20170124,2,O3,淄博,7.0
20170124,2,O3_24h,淄博,62.0
20170124,2,O3_8h,淄博,7.0
20170124,2,O3_8h_24h,淄博,7.0
20170124,2,CO,淄博,3.33
20170124,2,CO_24h,淄博,2.33
20170124,3,AQI,淄博,189.0
20170124,3,PM2.5,淄博,142.0
20170124,3,PM2.5_24h,淄博,93.0
20170124,3,PM10,淄博,215.0
20170124,3,PM10_24h,淄博,155.0
20170124,3,SO2,淄博,114.0
20170124,3,SO2_24h,淄博,94.0
20170124,3,NO2,淄博,75.0
20170124,3,NO2_24h,淄博,67.0
20170124,3,O3,淄博,6.0
20170124,3,O3_24h,淄博,62.0
20170124,3,O3_8h,淄博,6.0
20170124,3,O3_8h_24h,淄博,7.0
20170124,3,CO,淄博,3.43
20170124,3,CO_24h,淄博,2.4
20170124,4,AQI,淄博,173.0
20170124,4,PM2.5,淄博,131.0
20170124,4,PM2.5_24h,淄博,96.0
20170124,4,PM10,淄博,206.0
20170124,4,PM10_24h,淄博,159.0
20170124,4,SO2,淄博,110.0
20170124,4,SO2_24h,淄博,94.0
20170124,4,NO2,淄博,75.0
20170124,4,NO2_24h,淄博,68.0
20170124,4,O3,淄博,6.0
20170124,4,O3_24h,淄博,62.0
20170124,4,O3_8h,淄博,6.0
20170124,4,O3_8h_24h,淄博,7.0
20170124,4,CO,淄博,3.35
20170124,4,CO_24h,淄博,2.47
20170124,5,AQI,淄博,183.0
20170124,5,PM2.5,淄博,138.0
20170124,5,PM2.5_24h,淄博,99.0
20170124,5,PM10,淄博,205.0
20170124,5,PM10_24h,淄博,163.0
20170124,5,SO2,淄博,139.0
20170124,5,SO2_24h,淄博,96.0
20170124,5,NO2,淄博,73.0
20170124,5,NO2_24h,淄博,68.0
20170124,5,O3,淄博,6.0
20170124,5,O3_24h,淄博,62.0
20170124,5,O3_8h,淄博,6.0
20170124,5,O3_8h_24h,淄博,7.0
20170124,5,CO,淄博,3.47
20170124,5,CO_24h,淄博,2.52
20170124,6,AQI,淄博,186.0
20170124,6,PM2.5,淄博,140.0
20170124,6,PM2.5_24h,淄博,102.0
20170124,6,PM10,淄博,203.0
20170124,6,PM10_24h,淄博,167.0
20170124,6,SO2,淄博,118.0
20170124,6,SO2_24h,淄博,97.0
20170124,6,NO2,淄博,74.0
20170124,6,NO2_24h,淄博,68.0
20170124,6,O3,淄博,6.0
20170124,6,O3_24h,淄博,62.0
20170124,6,O3_8h,淄博,6.0
20170124,6,O3_8h_24h,淄博,7.0
20170124,6,CO,淄博,3.55
20170124,6,CO_24h,淄博,2.57
20170124,7,AQI,淄博,183.0
20170124,7,PM2.5,淄博,138.0
20170124,7,PM2.5_24h,淄博,105.0
20170124,7,PM10,淄博,197.0
20170124,7,PM10_24h,淄博,170.0
20170124,7,SO2,淄博,115.0
20170124,7,SO2_24h,淄博,98.0
20170124,7,NO2,淄博,72.0
20170124,7,NO2_24h,淄博,69.0
20170124,7,O3,淄博,6.0
20170124,7,O3_24h,淄博,62.0
20170124,7,O3_8h,淄博,6.0
20170124,7,O3_8h_24h,淄博,7.0
20170124,7,CO,淄博,3.55
20170124,7,CO_24h,淄博,2.63
20170124,8,AQI,淄博,176.0
20170124,8,PM2.5,淄博,133.0
20170124,8,PM2.5_24h,淄博,107.0
20170124,8,PM10,淄博,200.0
20170124,8,PM10_24h,淄博,172.0
20170124,8,SO2,淄博,143.0
20170124,8,SO2_24h,淄博,98.0
20170124,8,NO2,淄博,70.0
20170124,8,NO2_24h,淄博,69.0
20170124,8,O3,淄博,6.0
20170124,8,O3_24h,淄博,62.0
20170124,8,O3_8h,淄博,6.0
20170124,8,O3_8h_24h,淄博,7.0
20170124,8,CO,淄博,3.92
20170124,8,CO_24h,淄博,2.63
20170124,9,AQI,淄博,196.0
20170124,9,PM2.5,淄博,147.0
20170124,9,PM2.5_24h,淄博,109.0
20170124,9,PM10,淄博,231.0
20170124,9,PM10_24h,淄博,175.0
20170124,9,SO2,淄博,84.0
20170124,9,SO2_24h,淄博,97.0
20170124,9,NO2,淄博,76.0
20170124,9,NO2_24h,淄博,70.0
20170124,9,O3,淄博,8.0
20170124,9,O3_24h,淄博,62.0
20170124,9,O3_8h,淄博,6.0
20170124,9,O3_8h_24h,淄博,7.0
20170124,9,CO,淄博,5.07
20170124,9,CO_24h,淄博,2.73
20170124,10,AQI,淄博,212.0
20170124,10,PM2.5,淄博,162.0
20170124,10,PM2.5_24h,淄博,112.0
20170124,10,PM10,淄博,268.0
20170124,10,PM10_24h,淄博,179.0
20170124,10,SO2,淄博,161.0
20170124,10,SO2_24h,淄博,100.0
20170124,10,NO2,淄博,83.0
20170124,10,NO2_24h,淄博,70.0
20170124,10,O3,淄博,15.0
20170124,10,O3_24h,淄博,62.0
20170124,10,O3_8h,淄博,7.0
20170124,10,O3_8h_24h,淄博,8.0
20170124,10,CO,淄博,4.25
20170124,10,CO_24h,淄博,2.77
20170124,11,AQI,淄博,222.0
20170124,11,PM2.5,淄博,172.0
20170124,11,PM2.5_24h,淄博,115.0
20170124,11,PM10,淄博,269.0
20170124,11,PM10_24h,淄博,183.0
20170124,11,SO2,淄博,169.0
20170124,11,SO2_24h,淄博,104.0
20170124,11,NO2,淄博,91.0
20170124,11,NO2_24h,淄博,71.0
20170124,11,O3,淄博,15.0
20170124,11,O3_24h,淄博,62.0
20170124,11,O3_8h,淄博,8.0
20170124,11,O3_8h_24h,淄博,9.0
20170124,11,CO,淄博,3.73
20170124,11,CO_24h,淄博,2.78
20170124,12,AQI,淄博,194.0
20170124,12,PM2.5,淄博,146.0
20170124,12,PM2.5_24h,淄博,117.0
20170124,12,PM10,淄博,247.0
20170124,12,PM10_24h,淄博,190.0
20170124,12,SO2,淄博,125.0
20170124,12,SO2_24h,淄博,113.0
20170124,12,NO2,淄博,84.0
20170124,12,NO2_24h,淄博,74.0
20170124,12,O3,淄博,27.0
20170124,12,O3_24h,淄博,65.0
20170124,12,O3_8h,淄博,11.0
20170124,12,O3_8h_24h,淄博,11.0
20170124,12,CO,淄博,2.84
20170124,12,CO_24h,淄博,2.76
20170124,13,AQI,淄博,184.0
20170124,13,PM2.5,淄博,139.0
20170124,13,PM2.5_24h,淄博,120.0
20170124,13,PM10,淄博,211.0
20170124,13,PM10_24h,淄博,194.0
20170124,13,SO2,淄博,111.0
20170124,13,SO2_24h,淄博,115.0
20170124,13,NO2,淄博,78.0
20170124,13,NO2_24h,淄博,75.0
20170124,13,O3,淄博,39.0
20170124,13,O3_24h,淄博,65.0
20170124,13,O3_8h,淄博,15.0
20170124,13,O3_8h_24h,淄博,15.0
20170124,13,CO,淄博,2.54
20170124,13,CO_24h,淄博,2.76
20170124,14,AQI,淄博,167.0
20170124,14,PM2.5,淄博,127.0
20170124,14,PM2.5_24h,淄博,123.0
20170124,14,PM10,淄博,193.0
20170124,14,PM10_24h,淄博,197.0
20170124,14,SO2,淄博,91.0
20170124,14,SO2_24h,淄博,116.0
20170124,14,NO2,淄博,69.0
20170124,14,NO2_24h,淄博,76.0
20170124,14,O3,淄博,54.0
20170124,14,O3_24h,淄博,65.0
20170124,14,O3_8h,淄博,21.0
20170124,14,O3_8h_24h,淄博,21.0
20170124,14,CO,淄博,2.3
20170124,14,CO_24h,淄博,2.8
20170124,15,AQI,淄博,170.0
20170124,15,PM2.5,淄博,129.0
20170124,15,PM2.5_24h,淄博,125.0
20170124,15,PM10,淄博,195.0
20170124,15,PM10_24h,淄博,196.0
20170124,15,SO2,淄博,85.0
20170124,15,SO2_24h,淄博,109.0
20170124,15,NO2,淄博,62.0
20170124,15,NO2_24h,淄博,75.0
20170124,15,O3,淄博,58.0
20170124,15,O3_24h,淄博,63.0
20170124,15,O3_8h,淄博,26.0
20170124,15,O3_8h_24h,淄博,26.0
20170124,15,CO,淄博,2.07
20170124,15,CO_24h,淄博,2.93
20170124,16,AQI,淄博,173.0
20170124,16,PM2.5,淄博,131.0
20170124,16,PM2.5_24h,淄博,128.0
20170124,16,PM10,淄博,196.0
20170124,16,PM10_24h,淄博,199.0
20170124,16,SO2,淄博,95.0
20170124,16,SO2_24h,淄博,111.0
20170124,16,NO2,淄博,73.0
20170124,16,NO2_24h,淄博,77.0
20170124,16,O3,淄博,48.0
20170124,16,O3_24h,淄博,59.0
20170124,16,O3_8h,淄博,32.0
20170124,16,O3_8h_24h,淄博,32.0
20170124,16,CO,淄博,2.48
20170124,16,CO_24h,淄博,2.98
20170124,17,AQI,淄博,186.0
20170124,17,PM2.5,淄博,140.0
20170124,17,PM2.5_24h,淄博,131.0
20170124,17,PM10,淄博,212.0
20170124,17,PM10_24h,淄博,203.0
20170124,17,SO2,淄博,92.0
20170124,17,SO2_24h,淄博,112.0
20170124,17,NO2,淄博,77.0
20170124,17,NO2_24h,淄博,77.0
20170124,17,O3,淄博,41.0
20170124,17,O3_24h,淄博,58.0
20170124,17,O3_8h,淄博,36.0
20170124,17,O3_8h_24h,淄博,36.0
20170124,17,CO,淄博,2.82
20170124,17,CO_24h,淄博,3.03
20170124,18,AQI,淄博,199.0
20170124,18,PM2.5,淄博,149.0
20170124,18,PM2.5_24h,淄博,134.0
20170124,18,PM10,淄博,224.0
20170124,18,PM10_24h,淄博,206.0
20170124,18,SO2,淄博,93.0
20170124,18,SO2_24h,淄博,113.0
20170124,18,NO2,淄博,95.0
20170124,18,NO2_24h,淄博,78.0
20170124,18,O3,淄博,19.0
20170124,18,O3_24h,淄博,58.0
20170124,18,O3_8h,淄博,37.0
20170124,18,O3_8h_24h,淄博,37.0
20170124,18,CO,淄博,2.57
20170124,18,CO_24h,淄博,3.05
20170124,19,AQI,淄博,213.0
20170124,19,PM2.5,淄博,163.0
20170124,19,PM2.5_24h,淄博,137.0
20170124,19,PM10,淄博,246.0
20170124,19,PM10_24h,淄博,211.0
20170124,19,SO2,淄博,128.0
20170124,19,SO2_24h,淄博,115.0
20170124,19,NO2,淄博,102.0
20170124,19,NO2_24h,淄博,79.0
20170124,19,O3,淄博,8.0
20170124,19,O3_24h,淄博,58.0
20170124,19,O3_8h,淄博,36.0
20170124,19,O3_8h_24h,淄博,37.0
20170124,19,CO,淄博,2.68
20170124,19,CO_24h,淄博,3.1
20170124,20,AQI,淄博,238.0
20170124,20,PM2.5,淄博,188.0
20170124,20,PM2.5_24h,淄博,141.0
20170124,20,PM10,淄博,270.0
20170124,20,PM10_24h,淄博,215.0
20170124,20,SO2,淄博,125.0
20170124,20,SO2_24h,淄博,116.0
20170124,20,NO2,淄博,102.0
20170124,20,NO2_24h,淄博,79.0
20170124,20,O3,淄博,6.0
20170124,20,O3_24h,淄博,58.0
20170124,20,O3_8h,淄博,33.0
20170124,20,O3_8h_24h,淄博,37.0
20170124,20,CO,淄博,2.95
20170124,20,CO_24h,淄博,3.12
20170124,21,AQI,淄博,252.0
20170124,21,PM2.5,淄博,202.0
20170124,21,PM2.5_24h,淄博,145.0
20170124,21,PM10,淄博,287.0
20170124,21,PM10_24h,淄博,220.0
20170124,21,SO2,淄博,160.0
20170124,21,SO2_24h,淄博,117.0
20170124,21,NO2,淄博,100.0
20170124,21,NO2_24h,淄博,80.0
20170124,21,O3,淄博,7.0
20170124,21,O3_24h,淄博,58.0
20170124,21,O3_8h,淄博,29.0
20170124,21,O3_8h_24h,淄博,37.0
20170124,21,CO,淄博,3.28
20170124,21,CO_24h,淄博,3.15
20170124,22,AQI,淄博,268.0
20170124,22,PM2.5,淄博,218.0
20170124,22,PM2.5_24h,淄博,149.0
20170124,22,PM10,淄博,296.0
20170124,22,PM10_24h,淄博,224.0
20170124,22,SO2,淄博,164.0
20170124,22,SO2_24h,淄博,119.0
20170124,22,NO2,淄博,99.0
20170124,22,NO2_24h,淄博,81.0
20170124,22,O3,淄博,7.0
20170124,22,O3_24h,淄博,58.0
20170124,22,O3_8h,淄博,24.0
20170124,22,O3_8h_24h,淄博,37.0
20170124,22,CO,淄博,3.5
20170124,22,CO_24h,淄博,3.18
20170124,23,AQI,淄博,277.0
20170124,23,PM2.5,淄博,227.0
20170124,23,PM2.5_24h,淄博,153.0
20170124,23,PM10,淄博,305.0
20170124,23,PM10_24h,淄博,229.0
20170124,23,SO2,淄博,167.0
20170124,23,SO2_24h,淄博,120.0
20170124,23,NO2,淄博,95.0
20170124,23,NO2_24h,淄博,81.0
20170124,23,O3,淄博,6.0
20170124,23,O3_24h,淄博,58.0
20170124,23,O3_8h,淄博,18.0
20170124,23,O3_8h_24h,淄博,37.0
20170124,23,CO,淄博,3.87
20170124,23,CO_24h,淄博,3.28
20170124,0,AQI,枣庄,109.0
20170124,0,PM2.5,枣庄,82.0
20170124,0,PM2.5_24h,枣庄,78.0
20170124,0,PM10,枣庄,137.0
20170124,0,PM10_24h,枣庄,142.0
20170124,0,SO2,枣庄,38.0
20170124,0,SO2_24h,枣庄,53.0
20170124,0,NO2,枣庄,25.0
20170124,0,NO2_24h,枣庄,31.0
20170124,0,O3,枣庄,51.0
20170124,0,O3_24h,枣庄,85.0
20170124,0,O3_8h,枣庄,55.0
20170124,0,O3_8h_24h,枣庄,71.0
20170124,0,CO,枣庄,0.76
20170124,0,CO_24h,枣庄,0.94
20170124,1,AQI,枣庄,101.0
20170124,1,PM2.5,枣庄,76.0
20170124,1,PM2.5_24h,枣庄,75.0
20170124,1,PM10,枣庄,130.0
20170124,1,PM10_24h,枣庄,138.0
20170124,1,SO2,枣庄,32.0
20170124,1,SO2_24h,枣庄,53.0
20170124,1,NO2,枣庄,20.0
20170124,1,NO2_24h,枣庄,30.0
20170124,1,O3,枣庄,47.0
20170124,1,O3_24h,枣庄,85.0
20170124,1,O3_8h,枣庄,47.0
20170124,1,O3_8h_24h,枣庄,47.0
20170124,1,CO,枣庄,0.64
20170124,1,CO_24h,枣庄,0.92
20170124,2,AQI,枣庄,106.0
20170124,2,PM2.5,枣庄,80.0
20170124,2,PM2.5_24h,枣庄,73.0
20170124,2,PM10,枣庄,134.0
20170124,2,PM10_24h,枣庄,134.0
20170124,2,SO2,枣庄,34.0
20170124,2,SO2_24h,枣庄,53.0
20170124,2,NO2,枣庄,25.0
20170124,2,NO2_24h,枣庄,29.0
20170124,2,O3,枣庄,49.0
20170124,2,O3_24h,枣庄,85.0
20170124,2,O3_8h,枣庄,48.0
20170124,2,O3_8h_24h,枣庄,49.0
20170124,2,CO,枣庄,0.76
20170124,2,CO_24h,枣庄,0.9
20170124,3,AQI,枣庄,105.0
20170124,3,PM2.5,枣庄,79.0
20170124,3,PM2.5_24h,枣庄,72.0
20170124,3,PM10,枣庄,136.0
20170124,3,PM10_24h,枣庄,131.0
20170124,3,SO2,枣庄,33.0
20170124,3,SO2_24h,枣庄,52.0
20170124,3,NO2,枣庄,25.0
20170124,3,NO2_24h,枣庄,28.0
20170124,3,O3,枣庄,46.0
20170124,3,O3_24h,枣庄,85.0
20170124,3,O3_8h,枣庄,48.0
20170124,3,O3_8h_24h,枣庄,50.0
20170124,3,CO,枣庄,0.74
20170124,3,CO_24h,枣庄,0.9
20170124,4,AQI,枣庄,108.0
20170124,4,PM2.5,枣庄,81.0
20170124,4,PM2.5_24h,枣庄,71.0
20170124,4,PM10,枣庄,132.0
20170124,4,PM10_24h,枣庄,129.0
20170124,4,SO2,枣庄,37.0
20170124,4,SO2_24h,枣庄,52.0
20170124,4,NO2,枣庄,28.0
20170124,4,NO2_24h,枣庄,28.0
20170124,4,O3,枣庄,40.0
20170124,4,O3_24h,枣庄,85.0
20170124,4,O3_8h,枣庄,46.0
20170124,4,O3_8h_24h,枣庄,50.0
20170124,4,CO,枣庄,0.74
20170124,4,CO_24h,枣庄,0.9
20170124,5,AQI,枣庄,105.0
20170124,5,PM2.5,枣庄,79.0
20170124,5,PM2.5_24h,枣庄,72.0
20170124,5,PM10,枣庄,140.0
20170124,5,PM10_24h,枣庄,130.0
20170124,5,SO2,枣庄,31.0
20170124,5,SO2_24h,枣庄,52.0
20170124,5,NO2,枣庄,23.0
20170124,5,NO2_24h,枣庄,27.0
20170124,5,O3,枣庄,41.0
20170124,5,O3_24h,枣庄,85.0
20170124,5,O3_8h,枣庄,45.0
20170124,5,O3_8h_24h,枣庄,50.0
20170124,5,CO,枣庄,0.72
20170124,5,CO_24h,枣庄,0.9
20170124,6,AQI,枣庄,101.0
20170124,6,PM2.5,枣庄,76.0
20170124,6,PM2.5_24h,枣庄,73.0
20170124,6,PM10,枣庄,125.0
20170124,6,PM10_24h,枣庄,130.0
20170124,6,SO2,枣庄,22.0
20170124,6,SO2_24h,枣庄,51.0
20170124,6,NO2,枣庄,21.0
20170124,6,NO2_24h,枣庄,27.0
20170124,6,O3,枣庄,41.0
20170124,6,O3_24h,枣庄,85.0
20170124,6,O3_8h,枣庄,44.0
20170124,6,O3_8h_24h,枣庄,50.0
20170124,6,CO,枣庄,0.7
20170124,6,CO_24h,枣庄,0.88
20170124,7,AQI,枣庄,84.0
20170124,7,PM2.5,枣庄,62.0
20170124,7,PM2.5_24h,枣庄,73.0
20170124,7,PM10,枣庄,108.0
20170124,7,PM10_24h,枣庄,131.0
20170124,7,SO2,枣庄,20.0
20170124,7,SO2_24h,枣庄,49.0
20170124,7,NO2,枣庄,21.0
20170124,7,NO2_24h,枣庄,26.0
20170124,7,O3,枣庄,40.0
20170124,7,O3_24h,枣庄,85.0
20170124,7,O3_8h,枣庄,43.0
20170124,7,O3_8h_24h,枣庄,50.0
20170124,7,CO,枣庄,0.72
20170124,7,CO_24h,枣庄,0.88
20170124,8,AQI,枣庄,74.0
20170124,8,PM2.5,枣庄,54.0
20170124,8,PM2.5_24h,枣庄,72.0
20170124,8,PM10,枣庄,93.0
20170124,8,PM10_24h,枣庄,130.0
20170124,8,SO2,枣庄,20.0
20170124,8,SO2_24h,枣庄,48.0
20170124,8,NO2,枣庄,21.0
20170124,8,NO2_24h,枣庄,26.0
20170124,8,O3,枣庄,42.0
20170124,8,O3_24h,枣庄,85.0
20170124,8,O3_8h,枣庄,43.0
20170124,8,O3_8h_24h,枣庄,50.0
20170124,8,CO,枣庄,0.72
20170124,8,CO_24h,枣庄,0.82
20170124,9,AQI,枣庄,72.0
20170124,9,PM2.5,枣庄,48.0
20170124,9,PM2.5_24h,枣庄,72.0
20170124,9,PM10,枣庄,94.0
20170124,9,PM10_24h,枣庄,129.0
20170124,9,SO2,枣庄,24.0
20170124,9,SO2_24h,枣庄,47.0
20170124,9,NO2,枣庄,21.0
20170124,9,NO2_24h,枣庄,25.0
20170124,9,O3,枣庄,45.0
20170124,9,O3_24h,枣庄,85.0
20170124,9,O3_8h,枣庄,43.0
20170124,9,O3_8h_24h,枣庄,51.0
20170124,9,CO,枣庄,0.74
20170124,9,CO_24h,枣庄,0.8
20170124,10,AQI,枣庄,73.0
20170124,10,PM2.5,枣庄,53.0
20170124,10,PM2.5_24h,枣庄,70.0
20170124,10,PM10,枣庄,90.0
20170124,10,PM10_24h,枣庄,127.0
20170124,10,SO2,枣庄,30.0
20170124,10,SO2_24h,枣庄,46.0
20170124,10,NO2,枣庄,18.0
20170124,10,NO2_24h,枣庄,25.0
20170124,10,O3,枣庄,52.0
20170124,10,O3_24h,枣庄,85.0
20170124,10,O3_8h,枣庄,43.0
20170124,10,O3_8h_24h,枣庄,51.0
20170124,10,CO,枣庄,0.68
20170124,10,CO_24h,枣庄,0.8
20170124,11,AQI,枣庄,68.0
20170124,11,PM2.5,枣庄,47.0
20170124,11,PM2.5_24h,枣庄,70.0
20170124,11,PM10,枣庄,86.0
20170124,11,PM10_24h,枣庄,125.0
20170124,11,SO2,枣庄,31.0
20170124,11,SO2_24h,枣庄,46.0
20170124,11,NO2,枣庄,16.0
20170124,11,NO2_24h,枣庄,24.0
20170124,11,O3,枣庄,58.0
20170124,11,O3_24h,枣庄,85.0
20170124,11,O3_8h,枣庄,45.0
20170124,11,O3_8h_24h,枣庄,52.0
20170124,11,CO,枣庄,0.6
20170124,11,CO_24h,枣庄,0.8
20170124,12,AQI,枣庄,68.0
20170124,12,PM2.5,枣庄,47.0
20170124,12,PM2.5_24h,枣庄,69.0
20170124,12,PM10,枣庄,86.0
20170124,12,PM10_24h,枣庄,123.0
20170124,12,SO2,枣庄,29.0
20170124,12,SO2_24h,枣庄,45.0
20170124,12,NO2,枣庄,15.0
20170124,12,NO2_24h,枣庄,24.0
20170124,12,O3,枣庄,64.0
20170124,12,O3_24h,枣庄,85.0
20170124,12,O3_8h,枣庄,48.0
20170124,12,O3_8h_24h,枣庄,53.0
20170124,12,CO,枣庄,0.7
20170124,12,CO_24h,枣庄,0.76
20170124,13,AQI,枣庄,72.0
20170124,13,PM2.5,枣庄,47.0
20170124,13,PM2.5_24h,枣庄,69.0
20170124,13,PM10,枣庄,94.0
20170124,13,PM10_24h,枣庄,122.0
20170124,13,SO2,枣庄,29.0
20170124,13,SO2_24h,枣庄,45.0
20170124,13,NO2,枣庄,15.0
20170124,13,NO2_24h,枣庄,24.0
20170124,13,O3,枣庄,85.0
20170124,13,O3_24h,枣庄,96.0
20170124,13,O3_8h,枣庄,53.0
20170124,13,O3_8h_24h,枣庄,56.0
20170124,13,CO,枣庄,0.58
20170124,13,CO_24h,枣庄,0.74
20170124,14,AQI,枣庄,74.0
20170124,14,PM2.5,枣庄,54.0
20170124,14,PM2.5_24h,枣庄,68.0
20170124,14,PM10,枣庄,95.0
20170124,14,PM10_24h,枣庄,121.0
20170124,14,SO2,枣庄,29.0
20170124,14,SO2_24h,枣庄,43.0
20170124,14,NO2,枣庄,15.0
20170124,14,NO2_24h,枣庄,24.0
20170124,14,O3,枣庄,75.0
20170124,14,O3_24h,枣庄,90.0
20170124,14,O3_8h,枣庄,58.0
20170124,14,O3_8h_24h,枣庄,58.0
20170124,14,CO,枣庄,0.56
20170124,14,CO_24h,枣庄,0.74
20170124,15,AQI,枣庄,73.0
20170124,15,PM2.5,枣庄,53.0
20170124,15,PM2.5_24h,枣庄,68.0
20170124,15,PM10,枣庄,94.0
20170124,15,PM10_24h,枣庄,120.0
20170124,15,SO2,枣庄,33.0
20170124,15,SO2_24h,枣庄,42.0
20170124,15,NO2,枣庄,16.0
20170124,15,NO2_24h,枣庄,23.0
20170124,15,O3,枣庄,78.0
20170124,15,O3_24h,枣庄,91.0
20170124,15,O3_8h,枣庄,62.0
20170124,15,O3_8h_24h,枣庄,63.0
20170124,15,CO,枣庄,0.58
20170124,15,CO_24h,枣庄,0.72
20170124,16,AQI,枣庄,76.0
20170124,16,PM2.5,枣庄,56.0
20170124,16,PM2.5_24h,枣庄,67.0
20170124,16,PM10,枣庄,99.0
20170124,16,PM10_24h,枣庄,120.0
20170124,16,SO2,枣庄,29.0
20170124,16,SO2_24h,枣庄,39.0
20170124,16,NO2,枣庄,18.0
20170124,16,NO2_24h,枣庄,24.0
20170124,16,O3,枣庄,77.0
20170124,16,O3_24h,枣庄,91.0
20170124,16,O3_8h,枣庄,67.0
20170124,16,O3_8h_24h,枣庄,67.0
20170124,16,CO,枣庄,0.62
20170124,16,CO_24h,枣庄,0.7
20170124,17,AQI,枣庄,78.0
20170124,17,PM2.5,枣庄,57.0
20170124,17,PM2.5_24h,枣庄,67.0
20170124,17,PM10,枣庄,99.0
20170124,17,PM10_24h,枣庄,119.0
20170124,17,SO2,枣庄,30.0
20170124,17,SO2_24h,枣庄,37.0
20170124,17,NO2,枣庄,21.0
20170124,17,NO2_24h,枣庄,24.0
20170124,17,O3,枣庄,73.0
20170124,17,O3_24h,枣庄,91.0
20170124,17,O3_8h,枣庄,70.0
20170124,17,O3_8h_24h,枣庄,70.0
20170124,17,CO,枣庄,0.66
20170124,17,CO_24h,枣庄,0.72
20170124,18,AQI,枣庄,83.0
20170124,18,PM2.5,枣庄,61.0
20170124,18,PM2.5_24h,枣庄,67.0
20170124,18,PM10,枣庄,103.0
20170124,18,PM10_24h,枣庄,118.0
20170124,18,SO2,枣庄,28.0
20170124,18,SO2_24h,枣庄,35.0
20170124,18,NO2,枣庄,30.0
20170124,18,NO2_24h,枣庄,23.0
20170124,18,O3,枣庄,59.0
20170124,18,O3_24h,枣庄,91.0
20170124,18,O3_8h,枣庄,71.0
20170124,18,O3_8h_24h,枣庄,71.0
20170124,18,CO,枣庄,0.72
20170124,18,CO_24h,枣庄,0.72
20170124,19,AQI,枣庄,98.0
20170124,19,PM2.5,枣庄,73.0
20170124,19,PM2.5_24h,枣庄,67.0
20170124,19,PM10,枣庄,122.0
20170124,19,PM10_24h,枣庄,117.0
20170124,19,SO2,枣庄,31.0
20170124,19,SO2_24h,枣庄,34.0
20170124,19,NO2,枣庄,39.0
20170124,19,NO2_24h,枣庄,23.0
20170124,19,O3,枣庄,49.0
20170124,19,O3_24h,枣庄,91.0
20170124,19,O3_8h,枣庄,70.0
20170124,19,O3_8h_24h,枣庄,71.0
20170124,19,CO,枣庄,0.86
20170124,19,CO_24h,枣庄,0.72
20170124,20,AQI,枣庄,114.0
20170124,20,PM2.5,枣庄,86.0
20170124,20,PM2.5_24h,枣庄,67.0
20170124,20,PM10,枣庄,151.0
20170124,20,PM10_24h,枣庄,117.0
20170124,20,SO2,枣庄,30.0
20170124,20,SO2_24h,枣庄,32.0
20170124,20,NO2,枣庄,40.0
20170124,20,NO2_24h,枣庄,23.0
20170124,20,O3,枣庄,42.0
20170124,20,O3_24h,枣庄,91.0
20170124,20,O3_8h,枣庄,67.0
20170124,20,O3_8h_24h,枣庄,71.0
20170124,20,CO,枣庄,0.88
20170124,20,CO_24h,枣庄,0.72
20170124,21,AQI,枣庄,108.0
20170124,21,PM2.5,枣庄,81.0
20170124,21,PM2.5_24h,枣庄,67.0
20170124,21,PM10,枣庄,142.0
20170124,21,PM10_24h,枣庄,117.0
20170124,21,SO2,枣庄,29.0
20170124,21,SO2_24h,枣庄,31.0
20170124,21,NO2,枣庄,30.0
20170124,21,NO2_24h,枣庄,23.0
20170124,21,O3,枣庄,49.0
20170124,21,O3_24h,枣庄,91.0
20170124,21,O3_8h,枣庄,63.0
20170124,21,O3_8h_24h,枣庄,71.0
20170124,21,CO,枣庄,0.86
20170124,21,CO_24h,枣庄,0.72
20170124,22,AQI,枣庄,121.0
20170124,22,PM2.5,枣庄,92.0
20170124,22,PM2.5_24h,枣庄,67.0
20170124,22,PM10,枣庄,155.0
20170124,22,PM10_24h,枣庄,117.0
20170124,22,SO2,枣庄,33.0
20170124,22,SO2_24h,枣庄,30.0
20170124,22,NO2,枣庄,29.0
20170124,22,NO2_24h,枣庄,23.0
20170124,22,O3,枣庄,47.0
20170124,22,O3_24h,枣庄,91.0
20170124,22,O3_8h,枣庄,59.0
20170124,22,O3_8h_24h,枣庄,71.0
20170124,22,CO,枣庄,0.9
20170124,22,CO_24h,枣庄,0.72
20170124,23,AQI,枣庄,131.0
20170124,23,PM2.5,枣庄,100.0
20170124,23,PM2.5_24h,枣庄,67.0
20170124,23,PM10,枣庄,158.0
20170124,23,PM10_24h,枣庄,117.0
20170124,23,SO2,枣庄,38.0
20170124,23,SO2_24h,枣庄,30.0
20170124,23,NO2,枣庄,32.0
20170124,23,NO2_24h,枣庄,23.0
20170124,23,O3,枣庄,43.0
20170124,23,O3_24h,枣庄,91.0
20170124,23,O3_8h,枣庄,55.0
20170124,23,O3_8h_24h,枣庄,71.0
20170124,23,CO,枣庄,0.88
20170124,23,CO_24h,枣庄,0.74
20170124,0,AQI,烟台,80.0
20170124,0,PM2.5,烟台,59.0
20170124,0,PM2.5_24h,烟台,29.0
20170124,0,PM10,烟台,64.0
20170124,0,PM10_24h,烟台,44.0
20170124,0,SO2,烟台,80.0
20170124,0,SO2_24h,烟台,38.0
20170124,0,NO2,烟台,64.0
20170124,0,NO2_24h,烟台,44.0
20170124,0,O3,烟台,20.0
20170124,0,O3_24h,烟台,77.0
20170124,0,O3_8h,烟台,30.0
20170124,0,O3_8h_24h,烟台,64.0
20170124,0,CO,烟台,1.9
20170124,0,CO_24h,烟台,1.26
20170124,1,AQI,烟台,86.0
20170124,1,PM2.5,烟台,64.0
20170124,1,PM2.5_24h,烟台,31.0
20170124,1,PM10,烟台,72.0
20170124,1,PM10_24h,烟台,45.0
20170124,1,SO2,烟台,46.0
20170124,1,SO2_24h,烟台,40.0
20170124,1,NO2,烟台,63.0
20170124,1,NO2_24h,烟台,46.0
20170124,1,O3,烟台,18.0
20170124,1,O3_24h,烟台,77.0
20170124,1,O3_8h,烟台,18.0
20170124,1,O3_8h_24h,烟台,18.0
20170124,1,CO,烟台,2.04
20170124,1,CO_24h,烟台,1.3
20170124,2,AQI,烟台,89.0
20170124,2,PM2.5,烟台,66.0
20170124,2,PM2.5_24h,烟台,33.0
20170124,2,PM10,烟台,75.0
20170124,2,PM10_24h,烟台,48.0
20170124,2,SO2,烟台,51.0
20170124,2,SO2_24h,烟台,41.0
20170124,2,NO2,烟台,60.0
20170124,2,NO2_24h,烟台,47.0
20170124,2,O3,烟台,17.0
20170124,2,O3_24h,烟台,76.0
20170124,2,O3_8h,烟台,17.0
20170124,2,O3_8h_24h,烟台,18.0
20170124,2,CO,烟台,1.98
20170124,2,CO_24h,烟台,1.36
20170124,3,AQI,烟台,90.0
20170124,3,PM2.5,烟台,67.0
20170124,3,PM2.5_24h,烟台,35.0
20170124,3,PM10,烟台,74.0
20170124,3,PM10_24h,烟台,50.0
20170124,3,SO2,烟台,47.0
20170124,3,SO2_24h,烟台,42.0
20170124,3,NO2,烟台,59.0
20170124,3,NO2_24h,烟台,49.0
20170124,3,O3,烟台,16.0
20170124,3,O3_24h,烟台,76.0
20170124,3,O3_8h,烟台,17.0
20170124,3,O3_8h_24h,烟台,18.0
20170124,3,CO,烟台,1.98
20170124,3,CO_24h,烟台,1.4
20170124,4,AQI,烟台,86.0
20170124,4,PM2.5,烟台,64.0
20170124,4,PM2.5_24h,烟台,37.0
20170124,4,PM10,烟台,70.0
20170124,4,PM10_24h,烟台,52.0
20170124,4,SO2,烟台,60.0
20170124,4,SO2_24h,烟台,44.0
20170124,4,NO2,烟台,58.0
20170124,4,NO2_24h,烟台,50.0
20170124,4,O3,烟台,15.0
20170124,4,O3_24h,烟台,76.0
20170124,4,O3_8h,烟台,17.0
20170124,4,O3_8h_24h,烟台,19.0
20170124,4,CO,烟台,2.0
20170124,4,CO_24h,烟台,1.46
20170124,5,AQI,烟台,80.0
20170124,5,PM2.5,烟台,59.0
20170124,5,PM2.5_24h,烟台,39.0
20170124,5,PM10,烟台,69.0
20170124,5,PM10_24h,烟台,53.0
20170124,5,SO2,烟台,34.0
20170124,5,SO2_24h,烟台,44.0
20170124,5,NO2,烟台,48.0
20170124,5,NO2_24h,烟台,51.0
20170124,5,O3,烟台,23.0
20170124,5,O3_24h,烟台,76.0
20170124,5,O3_8h,烟台,18.0
20170124,5,O3_8h_24h,烟台,19.0
20170124,5,CO,烟台,1.94
20170124,5,CO_24h,烟台,1.48
20170124,6,AQI,烟台,81.0
20170124,6,PM2.5,烟台,60.0
20170124,6,PM2.5_24h,烟台,41.0
20170124,6,PM10,烟台,72.0
20170124,6,PM10_24h,烟台,55.0
20170124,6,SO2,烟台,56.0
20170124,6,SO2_24h,烟台,45.0
20170124,6,NO2,烟台,55.0
20170124,6,NO2_24h,烟台,52.0
20170124,6,O3,烟台,18.0
20170124,6,O3_24h,烟台,76.0
20170124,6,O3_8h,烟台,18.0
20170124,6,O3_8h_24h,烟台,20.0
20170124,6,CO,烟台,1.96
20170124,6,CO_24h,烟台,1.54
20170124,7,AQI,烟台,86.0
20170124,7,PM2.5,烟台,64.0
20170124,7,PM2.5_24h,烟台,42.0
20170124,7,PM10,烟台,75.0
20170124,7,PM10_24h,烟台,56.0
20170124,7,SO2,烟台,51.0
20170124,7,SO2_24h,烟台,45.0
20170124,7,NO2,烟台,61.0
20170124,7,NO2_24h,烟台,52.0
20170124,7,O3,烟台,14.0
20170124,7,O3_24h,烟台,76.0
20170124,7,O3_8h,烟台,17.0
20170124,7,O3_8h_24h,烟台,20.0
20170124,7,CO,烟台,2.12
20170124,7,CO_24h,烟台,1.58
20170124,8,AQI,烟台,94.0
20170124,8,PM2.5,烟台,70.0
20170124,8,PM2.5_24h,烟台,44.0
20170124,8,PM10,烟台,98.0
20170124,8,PM10_24h,烟台,59.0
20170124,8,SO2,烟台,52.0
20170124,8,SO2_24h,烟台,45.0
20170124,8,NO2,烟台,63.0
20170124,8,NO2_24h,烟台,52.0
20170124,8,O3,烟台,18.0
20170124,8,O3_24h,烟台,76.0
20170124,8,O3_8h,烟台,17.0
20170124,8,O3_8h_24h,烟台,20.0
20170124,8,CO,烟台,2.46
20170124,8,CO_24h,烟台,1.62
20170124,9,AQI,烟台,101.0
20170124,9,PM2.5,烟台,76.0
20170124,9,PM2.5_24h,烟台,46.0
20170124,9,PM10,烟台,107.0
20170124,9,PM10_24h,烟台,60.0
20170124,9,SO2,烟台,41.0
20170124,9,SO2_24h,烟台,45.0
20170124,9,NO2,烟台,57.0
20170124,9,NO2_24h,烟台,52.0
20170124,9,O3,烟台,26.0
20170124,9,O3_24h,烟台,76.0
20170124,9,O3_8h,烟台,18.0
20170124,9,O3_8h_24h,烟台,22.0
20170124,9,CO,烟台,2.56
20170124,9,CO_24h,烟台,1.68
20170124,10,AQI,烟台,108.0
20170124,10,PM2.5,烟台,81.0
20170124,10,PM2.5_24h,烟台,48.0
20170124,10,PM10,烟台,104.0
20170124,10,PM10_24h,烟台,63.0
20170124,10,SO2,烟台,58.0
20170124,10,SO2_24h,烟台,47.0
20170124,10,NO2,烟台,58.0
20170124,10,NO2_24h,烟台,52.0
20170124,10,O3,烟台,37.0
20170124,10,O3_24h,烟台,76.0
20170124,10,O3_8h,烟台,21.0
20170124,10,O3_8h_24h,烟台,24.0
20170124,10,CO,烟台,2.34
20170124,10,CO_24h,烟台,1.74
20170124,11,AQI,烟台,79.0
20170124,11,PM2.5,烟台,48.0
20170124,11,PM2.5_24h,烟台,49.0
20170124,11,PM10,烟台,107.0
20170124,11,PM10_24h,烟台,65.0
20170124,11,SO2,烟台,50.0
20170124,11,SO2_24h,烟台,47.0
20170124,11,NO2,烟台,35.0
20170124,11,NO2_24h,烟台,52.0
20170124,11,O3,烟台,59.0
20170124,11,O3_24h,烟台,76.0
20170124,11,O3_8h,烟台,26.0
20170124,11,O3_8h_24h,烟台,28.0
20170124,11,CO,烟台,1.08
20170124,11,CO_24h,烟台,1.74
20170124,12,AQI,烟台,45.0
20170124,12,PM2.5,烟台,18.0
20170124,12,PM2.5_24h,烟台,49.0
20170124,12,PM10,烟台,45.0
20170124,12,PM10_24h,烟台,64.0
20170124,12,SO2,烟台,69.0
20170124,12,SO2_24h,烟台,48.0
20170124,12,NO2,烟台,20.0
20170124,12,NO2_24h,烟台,52.0
20170124,12,O3,烟台,72.0
20170124,12,O3_24h,烟台,78.0
20170124,12,O3_8h,烟台,33.0
20170124,12,O3_8h_24h,烟台,34.0
20170124,12,CO,烟台,1.44
20170124,12,CO_24h,烟台,1.76
20170124,13,AQI,烟台,27.0
20170124,13,PM2.5,烟台,15.0
20170124,13,PM2.5_24h,烟台,49.0
20170124,13,PM10,烟台,20.0
20170124,13,PM10_24h,烟台,64.0
20170124,13,SO2,烟台,66.0
20170124,13,SO2_24h,烟台,50.0
20170124,13,NO2,烟台,17.0
20170124,13,NO2_24h,烟台,52.0
20170124,13,O3,烟台,87.0
20170124,13,O3_24h,烟台,93.0
20170124,13,O3_8h,烟台,41.0
20170124,13,O3_8h_24h,烟台,42.0
20170124,13,CO,烟台,1.8
20170124,13,CO_24h,烟台,1.8
20170124,14,AQI,烟台,29.0
20170124,14,PM2.5,烟台,17.0
20170124,14,PM2.5_24h,烟台,49.0
20170124,14,PM10,烟台,22.0
20170124,14,PM10_24h,烟台,64.0
20170124,14,SO2,烟台,47.0
20170124,14,SO2_24h,烟台,50.0
20170124,14,NO2,烟台,20.0
20170124,14,NO2_24h,烟台,52.0
20170124,14,O3,烟台,94.0
20170124,14,O3_24h,烟台,112.0
20170124,14,O3_8h,烟台,51.0
20170124,14,O3_8h_24h,烟台,51.0
20170124,14,CO,烟台,0.98
20170124,14,CO_24h,烟台,1.8
20170124,15,AQI,烟台,24.0
20170124,15,PM2.5,烟台,17.0
20170124,15,PM2.5_24h,烟台,49.0
20170124,15,PM10,烟台,20.0
20170124,15,PM10_24h,烟台,63.0
20170124,15,SO2,烟台,35.0
20170124,15,SO2_24h,烟台,50.0
20170124,15,NO2,烟台,23.0
20170124,15,NO2_24h,烟台,53.0
20170124,15,O3,烟台,74.0
20170124,15,O3_24h,烟台,112.0
20170124,15,O3_8h,烟台,58.0
20170124,15,O3_8h_24h,烟台,58.0
20170124,15,CO,烟台,0.76
20170124,15,CO_24h,烟台,1.78
20170124,16,AQI,烟台,24.0
20170124,16,PM2.5,烟台,16.0
20170124,16,PM2.5_24h,烟台,49.0
20170124,16,PM10,烟台,24.0
20170124,16,PM10_24h,烟台,63.0
20170124,16,SO2,烟台,34.0
20170124,16,SO2_24h,烟台,50.0
20170124,16,NO2,烟台,26.0
20170124,16,NO2_24h,烟台,52.0
20170124,16,O3,烟台,72.0
20170124,16,O3_24h,烟台,112.0
20170124,16,O3_8h,烟台,65.0
20170124,16,O3_8h_24h,烟台,65.0
20170124,16,CO,烟台,0.78
20170124,16,CO_24h,烟台,1.76
20170124,17,AQI,烟台,41.0
20170124,17,PM2.5,烟台,29.0
20170124,17,PM2.5_24h,烟台,49.0
20170124,17,PM10,烟台,27.0
20170124,17,PM10_24h,烟台,62.0
20170124,17,SO2,烟台,27.0
20170124,17,SO2_24h,烟台,50.0
20170124,17,NO2,烟台,36.0
20170124,17,NO2_24h,烟台,52.0
20170124,17,O3,烟台,64.0
20170124,17,O3_24h,烟台,112.0
20170124,17,O3_8h,烟台,70.0
20170124,17,O3_8h_24h,烟台,70.0
20170124,17,CO,烟台,0.82
20170124,17,CO_24h,烟台,1.74
20170124,18,AQI,烟台,34.0
20170124,18,PM2.5,烟台,24.0
20170124,18,PM2.5_24h,烟台,49.0
20170124,18,PM10,烟台,32.0
20170124,18,PM10_24h,烟台,61.0
20170124,18,SO2,烟台,25.0
20170124,18,SO2_24h,烟台,50.0
20170124,18,NO2,烟台,51.0
20170124,18,NO2_24h,烟台,52.0
20170124,18,O3,烟台,49.0
20170124,18,O3_24h,烟台,112.0
20170124,18,O3_8h,烟台,71.0
20170124,18,O3_8h_24h,烟台,72.0
20170124,18,CO,烟台,0.94
20170124,18,CO_24h,烟台,1.72
20170124,19,AQI,烟台,46.0
20170124,19,PM2.5,烟台,32.0
20170124,19,PM2.5_24h,烟台,48.0
20170124,19,PM10,烟台,35.0
20170124,19,PM10_24h,烟台,60.0
20170124,19,SO2,烟台,30.0
20170124,19,SO2_24h,烟台,50.0
20170124,19,NO2,烟台,61.0
20170124,19,NO2_24h,烟台,51.0
20170124,19,O3,烟台,39.0
20170124,19,O3_24h,烟台,112.0
20170124,19,O3_8h,烟台,69.0
20170124,19,O3_8h_24h,烟台,72.0
20170124,19,CO,烟台,1.0
20170124,19,CO_24h,烟台,1.68
20170124,20,AQI,烟台,44.0
20170124,20,PM2.5,烟台,29.0
20170124,20,PM2.5_24h,烟台,48.0
20170124,20,PM10,烟台,44.0
20170124,20,PM10_24h,烟台,59.0
20170124,20,SO2,烟台,34.0
20170124,20,SO2_24h,烟台,49.0
20170124,20,NO2,烟台,73.0
20170124,20,NO2_24h,烟台,51.0
20170124,20,O3,烟台,27.0
20170124,20,O3_24h,烟台,112.0
20170124,20,O3_8h,烟台,63.0
20170124,20,O3_8h_24h,烟台,72.0
20170124,20,CO,烟台,1.18
20170124,20,CO_24h,烟台,1.66
20170124,21,AQI,烟台,60.0
20170124,21,PM2.5,烟台,43.0
20170124,21,PM2.5_24h,烟台,47.0
20170124,21,PM10,烟台,54.0
20170124,21,PM10_24h,烟台,59.0
20170124,21,SO2,烟台,45.0
20170124,21,SO2_24h,烟台,50.0
20170124,21,NO2,烟台,78.0
20170124,21,NO2_24h,烟台,51.0
20170124,21,O3,烟台,20.0
20170124,21,O3_24h,烟台,112.0
20170124,21,O3_8h,烟台,55.0
20170124,21,O3_8h_24h,烟台,72.0
20170124,21,CO,烟台,1.42
20170124,21,CO_24h,烟台,1.64
20170124,22,AQI,烟台,71.0
20170124,22,PM2.5,烟台,52.0
20170124,22,PM2.5_24h,烟台,47.0
20170124,22,PM10,烟台,73.0
20170124,22,PM10_24h,烟台,58.0
20170124,22,SO2,烟台,44.0
20170124,22,SO2_24h,烟台,48.0
20170124,22,NO2,烟台,78.0
20170124,22,NO2_24h,烟台,52.0
20170124,22,O3,烟台,18.0
20170124,22,O3_24h,烟台,112.0
20170124,22,O3_8h,烟台,45.0
20170124,22,O3_8h_24h,烟台,72.0
20170124,22,CO,烟台,1.7
20170124,22,CO_24h,烟台,1.62
20170124,23,AQI,烟台,78.0
20170124,23,PM2.5,烟台,57.0
20170124,23,PM2.5_24h,烟台,46.0
20170124,23,PM10,烟台,71.0
20170124,23,PM10_24h,烟台,57.0
20170124,23,SO2,烟台,48.0
20170124,23,SO2_24h,烟台,47.0
20170124,23,NO2,烟台,76.0
20170124,23,NO2_24h,烟台,52.0
20170124,23,O3,烟台,14.0
20170124,23,O3_24h,烟台,112.0
20170124,23,O3_8h,烟台,38.0
20170124,23,O3_8h_24h,烟台,72.0
20170124,23,CO,烟台,1.78
20170124,23,CO_24h,烟台,1.62
20170124,0,AQI,潍坊,105.0
20170124,0,PM2.5,潍坊,79.0
20170124,0,PM2.5_24h,潍坊,59.0
20170124,0,PM10,潍坊,112.0
20170124,0,PM10_24h,潍坊,98.0
20170124,0,SO2,潍坊,30.0
20170124,0,SO2_24h,潍坊,47.0
20170124,0,NO2,潍坊,55.0
20170124,0,NO2_24h,潍坊,41.0
20170124,0,O3,潍坊,13.0
20170124,0,O3_24h,潍坊,62.0
20170124,0,O3_8h,潍坊,30.0
20170124,0,O3_8h_24h,潍坊,51.0
20170124,0,CO,潍坊,1.33
20170124,0,CO_24h,潍坊,1.4
20170124,1,AQI,潍坊,113.0
20170124,1,PM2.5,潍坊,85.0
20170124,1,PM2.5_24h,潍坊,62.0
20170124,1,PM10,潍坊,113.0
20170124,1,PM10_24h,潍坊,100.0
20170124,1,SO2,潍坊,30.0
20170124,1,SO2_24h,潍坊,47.0
20170124,1,NO2,潍坊,59.0
20170124,1,NO2_24h,潍坊,42.0
20170124,1,O3,潍坊,9.0
20170124,1,O3_24h,潍坊,62.0
20170124,1,O3_8h,潍坊,9.0
20170124,1,O3_8h_24h,潍坊,9.0
20170124,1,CO,潍坊,1.4
20170124,1,CO_24h,潍坊,1.4
20170124,2,AQI,潍坊,123.0
20170124,2,PM2.5,潍坊,93.0
20170124,2,PM2.5_24h,潍坊,63.0
20170124,2,PM10,潍坊,132.0
20170124,2,PM10_24h,潍坊,102.0
20170124,2,SO2,潍坊,31.0
20170124,2,SO2_24h,潍坊,45.0
20170124,2,NO2,潍坊,61.0
20170124,2,NO2_24h,潍坊,43.0
20170124,2,O3,潍坊,7.0
20170124,2,O3_24h,潍坊,62.0
20170124,2,O3_8h,潍坊,8.0
20170124,2,O3_8h_24h,潍坊,9.0
20170124,2,CO,潍坊,1.57
20170124,2,CO_24h,潍坊,1.4
20170124,3,AQI,潍坊,143.0
20170124,3,PM2.5,潍坊,109.0
20170124,3,PM2.5_24h,潍坊,64.0
20170124,3,PM10,潍坊,144.0
20170124,3,PM10_24h,潍坊,103.0
20170124,3,SO2,潍坊,32.0
20170124,3,SO2_24h,潍坊,44.0
20170124,3,NO2,潍坊,61.0
20170124,3,NO2_24h,潍坊,43.0
20170124,3,O3,潍坊,7.0
20170124,3,O3_24h,潍坊,62.0
20170124,3,O3_8h,潍坊,7.0
20170124,3,O3_8h_24h,潍坊,9.0
20170124,3,CO,潍坊,1.83
20170124,3,CO_24h,潍坊,1.33
20170124,4,AQI,潍坊,154.0
20170124,4,PM2.5,潍坊,118.0
20170124,4,PM2.5_24h,潍坊,65.0
20170124,4,PM10,潍坊,163.0
20170124,4,PM10_24h,潍坊,105.0
20170124,4,SO2,潍坊,33.0
20170124,4,SO2_24h,潍坊,43.0
20170124,4,NO2,潍坊,58.0
20170124,4,NO2_24h,潍坊,43.0
20170124,4,O3,潍坊,7.0
20170124,4,O3_24h,潍坊,62.0
20170124,4,O3_8h,潍坊,8.0
20170124,4,O3_8h_24h,潍坊,9.0
20170124,4,CO,潍坊,1.77
20170124,4,CO_24h,潍坊,1.33
20170124,5,AQI,潍坊,157.0
20170124,5,PM2.5,潍坊,120.0
20170124,5,PM2.5_24h,潍坊,66.0
20170124,5,PM10,潍坊,165.0
20170124,5,PM10_24h,潍坊,107.0
20170124,5,SO2,潍坊,28.0
20170124,5,SO2_24h,潍坊,41.0
20170124,5,NO2,潍坊,57.0
20170124,5,NO2_24h,潍坊,43.0
20170124,5,O3,潍坊,6.0
20170124,5,O3_24h,潍坊,62.0
20170124,5,O3_8h,潍坊,7.0
20170124,5,O3_8h_24h,潍坊,9.0
20170124,5,CO,潍坊,2.0
20170124,5,CO_24h,潍坊,1.33
20170124,6,AQI,潍坊,160.0
20170124,6,PM2.5,潍坊,122.0
20170124,6,PM2.5_24h,潍坊,69.0
20170124,6,PM10,潍坊,168.0
20170124,6,PM10_24h,潍坊,109.0
20170124,6,SO2,潍坊,27.0
20170124,6,SO2_24h,潍坊,40.0
20170124,6,NO2,潍坊,56.0
20170124,6,NO2_24h,潍坊,43.0
20170124,6,O3,潍坊,6.0
20170124,6,O3_24h,潍坊,62.0
20170124,6,O3_8h,潍坊,7.0
20170124,6,O3_8h_24h,潍坊,9.0
20170124,6,CO,潍坊,2.17
20170124,6,CO_24h,潍坊,1.37
20170124,7,AQI,潍坊,154.0
20170124,7,PM2.5,潍坊,118.0
20170124,7,PM2.5_24h,潍坊,71.0
20170124,7,PM10,潍坊,161.0
20170124,7,PM10_24h,潍坊,112.0
20170124,7,SO2,潍坊,29.0
20170124,7,SO2_24h,潍坊,37.0
20170124,7,NO2,潍坊,57.0
20170124,7,NO2_24h,潍坊,43.0
20170124,7,O3,潍坊,6.0
20170124,7,O3_24h,潍坊,62.0
20170124,7,O3_8h,潍坊,7.0
20170124,7,O3_8h_24h,潍坊,9.0
20170124,7,CO,潍坊,2.47
20170124,7,CO_24h,潍坊,1.4
20170124,8,AQI,潍坊,163.0
20170124,8,PM2.5,潍坊,124.0
20170124,8,PM2.5_24h,潍坊,73.0
20170124,8,PM10,潍坊,179.0
20170124,8,PM10_24h,潍坊,115.0
20170124,8,SO2,潍坊,32.0
20170124,8,SO2_24h,潍坊,34.0
20170124,8,NO2,潍坊,58.0
20170124,8,NO2_24h,潍坊,44.0
20170124,8,O3,潍坊,6.0
20170124,8,O3_24h,潍坊,62.0
20170124,8,O3_8h,潍坊,7.0
20170124,8,O3_8h_24h,潍坊,9.0
20170124,8,CO,潍坊,2.7
20170124,8,CO_24h,潍坊,1.43
20170124,9,AQI,潍坊,173.0
20170124,9,PM2.5,潍坊,131.0
20170124,9,PM2.5_24h,潍坊,76.0
20170124,9,PM10,潍坊,187.0
20170124,9,PM10_24h,潍坊,118.0
20170124,9,SO2,潍坊,38.0
20170124,9,SO2_24h,潍坊,32.0
20170124,9,NO2,潍坊,57.0
20170124,9,NO2_24h,潍坊,44.0
20170124,9,O3,潍坊,9.0
20170124,9,O3_24h,潍坊,62.0
20170124,9,O3_8h,潍坊,7.0
20170124,9,O3_8h_24h,潍坊,9.0
20170124,9,CO,潍坊,2.57
20170124,9,CO_24h,潍坊,1.47
20170124,10,AQI,潍坊,176.0
20170124,10,PM2.5,潍坊,133.0
20170124,10,PM2.5_24h,潍坊,78.0
20170124,10,PM10,潍坊,203.0
20170124,10,PM10_24h,潍坊,120.0
20170124,10,SO2,潍坊,44.0
20170124,10,SO2_24h,潍坊,31.0
20170124,10,NO2,潍坊,52.0
20170124,10,NO2_24h,潍坊,44.0
20170124,10,O3,潍坊,15.0
20170124,10,O3_24h,潍坊,62.0
20170124,10,O3_8h,潍坊,8.0
20170124,10,O3_8h_24h,潍坊,9.0
20170124,10,CO,潍坊,3.17
20170124,10,CO_24h,潍坊,1.53
20170124,11,AQI,潍坊,167.0
20170124,11,PM2.5,潍坊,127.0
20170124,11,PM2.5_24h,潍坊,81.0
20170124,11,PM10,潍坊,191.0
20170124,11,PM10_24h,潍坊,124.0
20170124,11,SO2,潍坊,48.0
20170124,11,SO2_24h,潍坊,32.0
20170124,11,NO2,潍坊,44.0
20170124,11,NO2_24h,潍坊,45.0
20170124,11,O3,潍坊,27.0
20170124,11,O3_24h,潍坊,62.0
20170124,11,O3_8h,潍坊,10.0
20170124,11,O3_8h_24h,潍坊,10.0
20170124,11,CO,潍坊,3.7
20170124,11,CO_24h,潍坊,1.63
20170124,12,AQI,潍坊,156.0
20170124,12,PM2.5,潍坊,119.0
20170124,12,PM2.5_24h,潍坊,84.0
20170124,12,PM10,潍坊,172.0
20170124,12,PM10_24h,潍坊,127.0
20170124,12,SO2,潍坊,44.0
20170124,12,SO2_24h,潍坊,32.0
20170124,12,NO2,潍坊,32.0
20170124,12,NO2_24h,潍坊,45.0
20170124,12,O3,潍坊,44.0
20170124,12,O3_24h,潍坊,62.0
20170124,12,O3_8h,潍坊,15.0
20170124,12,O3_8h_24h,潍坊,15.0
20170124,12,CO,潍坊,1.27
20170124,12,CO_24h,潍坊,1.63
20170124,13,AQI,潍坊,113.0
20170124,13,PM2.5,潍坊,85.0
20170124,13,PM2.5_24h,潍坊,86.0
20170124,13,PM10,潍坊,133.0
20170124,13,PM10_24h,潍坊,129.0
20170124,13,SO2,潍坊,42.0
20170124,13,SO2_24h,潍坊,32.0
20170124,13,NO2,潍坊,31.0
20170124,13,NO2_24h,潍坊,46.0
20170124,13,O3,潍坊,50.0
20170124,13,O3_24h,潍坊,62.0
20170124,13,O3_8h,潍坊,20.0
20170124,13,O3_8h_24h,潍坊,20.0
20170124,13,CO,潍坊,1.43
20170124,13,CO_24h,潍坊,1.7
20170124,14,AQI,潍坊,116.0
20170124,14,PM2.5,潍坊,88.0
20170124,14,PM2.5_24h,潍坊,88.0
20170124,14,PM10,潍坊,130.0
20170124,14,PM10_24h,潍坊,132.0
20170124,14,SO2,潍坊,43.0
20170124,14,SO2_24h,潍坊,33.0
20170124,14,NO2,潍坊,32.0
20170124,14,NO2_24h,潍坊,46.0
20170124,14,O3,潍坊,56.0
20170124,14,O3_24h,潍坊,59.0
20170124,14,O3_8h,潍坊,27.0
20170124,14,O3_8h_24h,潍坊,27.0
20170124,14,CO,潍坊,1.63
20170124,14,CO_24h,潍坊,1.73
20170124,15,AQI,潍坊,119.0
20170124,15,PM2.5,潍坊,90.0
20170124,15,PM2.5_24h,潍坊,90.0
20170124,15,PM10,潍坊,138.0
20170124,15,PM10_24h,潍坊,135.0
20170124,15,SO2,潍坊,44.0
20170124,15,SO2_24h,潍坊,33.0
20170124,15,NO2,潍坊,35.0
20170124,15,NO2_24h,潍坊,47.0
20170124,15,O3,潍坊,58.0
20170124,15,O3_24h,潍坊,60.0
20170124,15,O3_8h,潍坊,33.0
20170124,15,O3_8h_24h,潍坊,33.0
20170124,15,CO,潍坊,1.7
20170124,15,CO_24h,潍坊,1.73
20170124,16,AQI,潍坊,124.0
20170124,16,PM2.5,潍坊,94.0
20170124,16,PM2.5_24h,潍坊,93.0
20170124,16,PM10,潍坊,144.0
20170124,16,PM10_24h,潍坊,138.0
20170124,16,SO2,潍坊,46.0
20170124,16,SO2_24h,潍坊,34.0
20170124,16,NO2,潍坊,38.0
20170124,16,NO2_24h,潍坊,47.0
20170124,16,O3,潍坊,56.0
20170124,16,O3_24h,潍坊,59.0
20170124,16,O3_8h,潍坊,40.0
20170124,16,O3_8h_24h,潍坊,40.0
20170124,16,CO,潍坊,1.57
20170124,16,CO_24h,潍坊,1.8
20170124,17,AQI,潍坊,126.0
20170124,17,PM2.5,潍坊,96.0
20170124,17,PM2.5_24h,潍坊,96.0
20170124,17,PM10,潍坊,152.0
20170124,17,PM10_24h,潍坊,141.0
20170124,17,SO2,潍坊,45.0
20170124,17,SO2_24h,潍坊,35.0
20170124,17,NO2,潍坊,45.0
20170124,17,NO2_24h,潍坊,48.0
20170124,17,O3,潍坊,49.0
20170124,17,O3_24h,潍坊,58.0
20170124,17,O3_8h,潍坊,44.0
20170124,17,O3_8h_24h,潍坊,44.0
20170124,17,CO,潍坊,1.5
20170124,17,CO_24h,潍坊,1.8
20170124,18,AQI,潍坊,129.0
20170124,18,PM2.5,潍坊,98.0
20170124,18,PM2.5_24h,潍坊,98.0
20170124,18,PM10,潍坊,152.0
20170124,18,PM10_24h,潍坊,145.0
20170124,18,SO2,潍坊,43.0
20170124,18,SO2_24h,潍坊,36.0
20170124,18,NO2,潍坊,56.0
20170124,18,NO2_24h,潍坊,49.0
20170124,18,O3,潍坊,39.0
20170124,18,O3_24h,潍坊,58.0
20170124,18,O3_8h,潍坊,47.0
20170124,18,O3_8h_24h,潍坊,47.0
20170124,18,CO,潍坊,1.37
20170124,18,CO_24h,潍坊,1.8
20170124,19,AQI,潍坊,133.0
20170124,19,PM2.5,潍坊,101.0
20170124,19,PM2.5_24h,潍坊,100.0
20170124,19,PM10,潍坊,158.0
20170124,19,PM10_24h,潍坊,147.0
20170124,19,SO2,潍坊,45.0
20170124,19,SO2_24h,潍坊,36.0
20170124,19,NO2,潍坊,57.0
20170124,19,NO2_24h,潍坊,49.0
20170124,19,O3,潍坊,37.0
20170124,19,O3_24h,潍坊,58.0
20170124,19,O3_8h,潍坊,49.0
20170124,19,O3_8h_24h,潍坊,49.0
20170124,19,CO,潍坊,1.4
20170124,19,CO_24h,潍坊,1.83
20170124,20,AQI,潍坊,143.0
20170124,20,PM2.5,潍坊,109.0
20170124,20,PM2.5_24h,潍坊,102.0
20170124,20,PM10,潍坊,161.0
20170124,20,PM10_24h,潍坊,149.0
20170124,20,SO2,潍坊,48.0
20170124,20,SO2_24h,潍坊,37.0
20170124,20,NO2,潍坊,68.0
20170124,20,NO2_24h,潍坊,51.0
20170124,20,O3,潍坊,26.0
20170124,20,O3_24h,潍坊,58.0
20170124,20,O3_8h,潍坊,46.0
20170124,20,O3_8h_24h,潍坊,49.0
20170124,20,CO,潍坊,1.57
20170124,20,CO_24h,潍坊,1.87
20170124,21,AQI,潍坊,159.0
20170124,21,PM2.5,潍坊,121.0
20170124,21,PM2.5_24h,潍坊,104.0
20170124,21,PM10,潍坊,174.0
20170124,21,PM10_24h,潍坊,152.0
20170124,21,SO2,潍坊,46.0
20170124,21,SO2_24h,潍坊,38.0
20170124,21,NO2,潍坊,68.0
20170124,21,NO2_24h,潍坊,52.0
20170124,21,O3,潍坊,23.0
20170124,21,O3_24h,潍坊,58.0
20170124,21,O3_8h,潍坊,43.0
20170124,21,O3_8h_24h,潍坊,49.0
20170124,21,CO,潍坊,1.73
20170124,21,CO_24h,潍坊,1.9
20170124,22,AQI,潍坊,166.0
20170124,22,PM2.5,潍坊,126.0
20170124,22,PM2.5_24h,潍坊,106.0
20170124,22,PM10,潍坊,178.0
20170124,22,PM10_24h,潍坊,155.0
20170124,22,SO2,潍坊,48.0
20170124,22,SO2_24h,潍坊,39.0
20170124,22,NO2,潍坊,64.0
20170124,22,NO2_24h,潍坊,52.0
20170124,22,O3,潍坊,25.0
20170124,22,O3_24h,潍坊,58.0
20170124,22,O3_8h,潍坊,39.0
20170124,22,O3_8h_24h,潍坊,49.0
20170124,22,CO,潍坊,1.7
20170124,22,CO_24h,潍坊,1.87
20170124,23,AQI,潍坊,186.0
20170124,23,PM2.5,潍坊,140.0
20170124,23,PM2.5_24h,潍坊,109.0
20170124,23,PM10,潍坊,192.0
20170124,23,PM10_24h,潍坊,158.0
20170124,23,SO2,潍坊,46.0
20170124,23,SO2_24h,潍坊,39.0
20170124,23,NO2,潍坊,59.0
20170124,23,NO2_24h,潍坊,53.0
20170124,23,O3,潍坊,26.0
20170124,23,O3_24h,潍坊,58.0
20170124,23,O3_8h,潍坊,35.0
20170124,23,O3_8h_24h,潍坊,49.0
20170124,23,CO,潍坊,1.93
20170124,23,CO_24h,潍坊,1.87
20170124,0,AQI,济宁,99.0
20170124,0,PM2.5,济宁,74.0
20170124,0,PM2.5_24h,济宁,61.0
20170124,0,PM10,济宁,110.0
20170124,0,PM10_24h,济宁,120.0
20170124,0,SO2,济宁,71.0
20170124,0,SO2_24h,济宁,64.0
20170124,0,NO2,济宁,45.0
20170124,0,NO2_24h,济宁,50.0
20170124,0,O3,济宁,46.0
20170124,0,O3_24h,济宁,62.0
20170124,0,O3_8h,济宁,42.0
20170124,0,O3_8h_24h,济宁,48.0
20170124,0,CO,济宁,1.05
20170124,0,CO_24h,济宁,1.3
20170124,1,AQI,济宁,91.0
20170124,1,PM2.5,济宁,68.0
20170124,1,PM2.5_24h,济宁,60.0
20170124,1,PM10,济宁,109.0
20170124,1,PM10_24h,济宁,117.0
20170124,1,SO2,济宁,69.0
20170124,1,SO2_24h,济宁,62.0
20170124,1,NO2,济宁,42.0
20170124,1,NO2_24h,济宁,49.0
20170124,1,O3,济宁,48.0
20170124,1,O3_24h,济宁,63.0
20170124,1,O3_8h,济宁,48.0
20170124,1,O3_8h_24h,济宁,48.0
20170124,1,CO,济宁,0.95
20170124,1,CO_24h,济宁,1.3
20170124,2,AQI,济宁,88.0
20170124,2,PM2.5,济宁,65.0
20170124,2,PM2.5_24h,济宁,60.0
20170124,2,PM10,济宁,109.0
20170124,2,PM10_24h,济宁,113.0
20170124,2,SO2,济宁,71.0
20170124,2,SO2_24h,济宁,62.0
20170124,2,NO2,济宁,38.0
20170124,2,NO2_24h,济宁,47.0
20170124,2,O3,济宁,50.0
20170124,2,O3_24h,济宁,63.0
20170124,2,O3_8h,济宁,49.0
20170124,2,O3_8h_24h,济宁,50.0
20170124,2,CO,济宁,0.95
20170124,2,CO_24h,济宁,1.3
20170124,3,AQI,济宁,94.0
20170124,3,PM2.5,济宁,70.0
20170124,3,PM2.5_24h,济宁,60.0
20170124,3,PM10,济宁,105.0
20170124,3,PM10_24h,济宁,110.0
20170124,3,SO2,济宁,69.0
20170124,3,SO2_24h,济宁,60.0
20170124,3,NO2,济宁,42.0
20170124,3,NO2_24h,济宁,46.0
20170124,3,O3,济宁,41.0
20170124,3,O3_24h,济宁,63.0
20170124,3,O3_8h,济宁,46.0
20170124,3,O3_8h_24h,济宁,50.0
20170124,3,CO,济宁,1.0
20170124,3,CO_24h,济宁,1.2
20170124,4,AQI,济宁,89.0
20170124,4,PM2.5,济宁,66.0
20170124,4,PM2.5_24h,济宁,60.0
20170124,4,PM10,济宁,105.0
20170124,4,PM10_24h,济宁,108.0
20170124,4,SO2,济宁,51.0
20170124,4,SO2_24h,济宁,58.0
20170124,4,NO2,济宁,36.0
20170124,4,NO2_24h,济宁,44.0
20170124,4,O3,济宁,58.0
20170124,4,O3_24h,济宁,63.0
20170124,4,O3_8h,济宁,49.0
20170124,4,O3_8h_24h,济宁,52.0
20170124,4,CO,济宁,1.0
20170124,4,CO_24h,济宁,1.2
20170124,5,AQI,济宁,85.0
20170124,5,PM2.5,济宁,63.0
20170124,5,PM2.5_24h,济宁,59.0
20170124,5,PM10,济宁,91.0
20170124,5,PM10_24h,济宁,105.0
20170124,5,SO2,济宁,47.0
20170124,5,SO2_24h,济宁,57.0
20170124,5,NO2,济宁,39.0
20170124,5,NO2_24h,济宁,43.0
20170124,5,O3,济宁,43.0
20170124,5,O3_24h,济宁,63.0
20170124,5,O3_8h,济宁,48.0
20170124,5,O3_8h_24h,济宁,52.0
20170124,5,CO,济宁,0.9
20170124,5,CO_24h,济宁,1.2
20170124,6,AQI,济宁,88.0
20170124,6,PM2.5,济宁,65.0
20170124,6,PM2.5_24h,济宁,59.0
20170124,6,PM10,济宁,100.0
20170124,6,PM10_24h,济宁,102.0
20170124,6,SO2,济宁,37.0
20170124,6,SO2_24h,济宁,55.0
20170124,6,NO2,济宁,48.0
20170124,6,NO2_24h,济宁,43.0
20170124,6,O3,济宁,32.0
20170124,6,O3_24h,济宁,63.0
20170124,6,O3_8h,济宁,45.0
20170124,6,O3_8h_24h,济宁,52.0
20170124,6,CO,济宁,1.0
20170124,6,CO_24h,济宁,1.15
20170124,7,AQI,济宁,85.0
20170124,7,PM2.5,济宁,63.0
20170124,7,PM2.5_24h,济宁,60.0
20170124,7,PM10,济宁,93.0
20170124,7,PM10_24h,济宁,101.0
20170124,7,SO2,济宁,35.0
20170124,7,SO2_24h,济宁,55.0
20170124,7,NO2,济宁,47.0
20170124,7,NO2_24h,济宁,43.0
20170124,7,O3,济宁,35.0
20170124,7,O3_24h,济宁,63.0
20170124,7,O3_8h,济宁,44.0
20170124,7,O3_8h_24h,济宁,52.0
20170124,7,CO,济宁,0.95
20170124,7,CO_24h,济宁,1.15
20170124,8,AQI,济宁,84.0
20170124,8,PM2.5,济宁,62.0
20170124,8,PM2.5_24h,济宁,60.0
20170124,8,PM10,济宁,86.0
20170124,8,PM10_24h,济宁,101.0
20170124,8,SO2,济宁,35.0
20170124,8,SO2_24h,济宁,54.0
20170124,8,NO2,济宁,54.0
20170124,8,NO2_24h,济宁,43.0
20170124,8,O3,济宁,29.0
20170124,8,O3_24h,济宁,63.0
20170124,8,O3_8h,济宁,42.0
20170124,8,O3_8h_24h,济宁,52.0
20170124,8,CO,济宁,1.05
20170124,8,CO_24h,济宁,1.15
20170124,9,AQI,济宁,89.0
20170124,9,PM2.5,济宁,66.0
20170124,9,PM2.5_24h,济宁,61.0
20170124,9,PM10,济宁,92.0
20170124,9,PM10_24h,济宁,102.0
20170124,9,SO2,济宁,38.0
20170124,9,SO2_24h,济宁,53.0
20170124,9,NO2,济宁,58.0
20170124,9,NO2_24h,济宁,43.0
20170124,9,O3,济宁,26.0
20170124,9,O3_24h,济宁,63.0
20170124,9,O3_8h,济宁,40.0
20170124,9,O3_8h_24h,济宁,52.0
20170124,9,CO,济宁,1.2
20170124,9,CO_24h,济宁,1.15
20170124,10,AQI,济宁,89.0
20170124,10,PM2.5,济宁,66.0
20170124,10,PM2.5_24h,济宁,61.0
20170124,10,PM10,济宁,106.0
20170124,10,PM10_24h,济宁,103.0
20170124,10,SO2,济宁,41.0
20170124,10,SO2_24h,济宁,53.0
20170124,10,NO2,济宁,49.0
20170124,10,NO2_24h,济宁,44.0
20170124,10,O3,济宁,40.0
20170124,10,O3_24h,济宁,63.0
20170124,10,O3_8h,济宁,38.0
20170124,10,O3_8h_24h,济宁,52.0
20170124,10,CO,济宁,1.15
20170124,10,CO_24h,济宁,1.15
20170124,11,AQI,济宁,86.0
20170124,11,PM2.5,济宁,64.0
20170124,11,PM2.5_24h,济宁,62.0
20170124,11,PM10,济宁,87.0
20170124,11,PM10_24h,济宁,103.0
20170124,11,SO2,济宁,49.0
20170124,11,SO2_24h,济宁,53.0
20170124,11,NO2,济宁,28.0
20170124,11,NO2_24h,济宁,43.0
20170124,11,O3,济宁,101.0
20170124,11,O3_24h,济宁,107.0
20170124,11,O3_8h,济宁,45.0
20170124,11,O3_8h_24h,济宁,52.0
20170124,11,CO,济宁,0.95
20170124,11,CO_24h,济宁,1.15
20170124,12,AQI,济宁,88.0
20170124,12,PM2.5,济宁,65.0
20170124,12,PM2.5_24h,济宁,63.0
20170124,12,PM10,济宁,80.0
20170124,12,PM10_24h,济宁,102.0
20170124,12,SO2,济宁,44.0
20170124,12,SO2_24h,济宁,52.0
20170124,12,NO2,济宁,30.0
20170124,12,NO2_24h,济宁,43.0
20170124,12,O3,济宁,51.0
20170124,12,O3_24h,济宁,107.0
20170124,12,O3_8h,济宁,44.0
20170124,12,O3_8h_24h,济宁,52.0
20170124,12,CO,济宁,0.95
20170124,12,CO_24h,济宁,1.15
20170124,13,AQI,济宁,83.0
20170124,13,PM2.5,济宁,61.0
20170124,13,PM2.5_24h,济宁,63.0
20170124,13,PM10,济宁,82.0
20170124,13,PM10_24h,济宁,103.0
20170124,13,SO2,济宁,42.0
20170124,13,SO2_24h,济宁,52.0
20170124,13,NO2,济宁,31.0
20170124,13,NO2_24h,济宁,43.0
20170124,13,O3,济宁,64.0
20170124,13,O3_24h,济宁,108.0
20170124,13,O3_8h,济宁,47.0
20170124,13,O3_8h_24h,济宁,52.0
20170124,13,CO,济宁,0.95
20170124,13,CO_24h,济宁,1.15
20170124,14,AQI,济宁,79.0
20170124,14,PM2.5,济宁,58.0
20170124,14,PM2.5_24h,济宁,64.0
20170124,14,PM10,济宁,76.0
20170124,14,PM10_24h,济宁,103.0
20170124,14,SO2,济宁,39.0
20170124,14,SO2_24h,济宁,52.0
20170124,14,NO2,济宁,30.0
20170124,14,NO2_24h,济宁,42.0
20170124,14,O3,济宁,72.0
20170124,14,O3_24h,济宁,108.0
20170124,14,O3_8h,济宁,52.0
20170124,14,O3_8h_24h,济宁,54.0
20170124,14,CO,济宁,0.9
20170124,14,CO_24h,济宁,1.15
20170124,15,AQI,济宁,79.0
20170124,15,PM2.5,济宁,58.0
20170124,15,PM2.5_24h,济宁,64.0
20170124,15,PM10,济宁,70.0
20170124,15,PM10_24h,济宁,101.0
20170124,15,SO2,济宁,39.0
20170124,15,SO2_24h,济宁,52.0
20170124,15,NO2,济宁,34.0
20170124,15,NO2_24h,济宁,42.0
20170124,15,O3,济宁,80.0
20170124,15,O3_24h,济宁,109.0
20170124,15,O3_8h,济宁,58.0
20170124,15,O3_8h_24h,济宁,58.0
20170124,15,CO,济宁,0.9
20170124,15,CO_24h,济宁,1.05
20170124,16,AQI,济宁,71.0
20170124,16,PM2.5,济宁,52.0
20170124,16,PM2.5_24h,济宁,58.0
20170124,16,PM10,济宁,60.0
20170124,16,PM10_24h,济宁,97.0
20170124,16,SO2,济宁,41.0
20170124,16,SO2_24h,济宁,48.0
20170124,16,NO2,济宁,30.0
20170124,16,NO2_24h,济宁,44.0
20170124,16,O3,济宁,92.0
20170124,16,O3_24h,济宁,144.0
20170124,16,O3_8h,济宁,69.0
20170124,16,O3_8h_24h,济宁,69.0
20170124,16,CO,济宁,0.8
20170124,16,CO_24h,济宁,1.0
20170124,17,AQI,济宁,73.0
20170124,17,PM2.5,济宁,53.0
20170124,17,PM2.5_24h,济宁,58.0
20170124,17,PM10,济宁,80.0
20170124,17,PM10_24h,济宁,95.0
20170124,17,SO2,济宁,42.0
20170124,17,SO2_24h,济宁,48.0
20170124,17,NO2,济宁,41.0
20170124,17,NO2_24h,济宁,44.0
20170124,17,O3,济宁,81.0
20170124,17,O3_24h,济宁,144.0
20170124,17,O3_8h,济宁,76.0
20170124,17,O3_8h_24h,济宁,76.0
20170124,17,CO,济宁,0.9
20170124,17,CO_24h,济宁,1.0
20170124,18,AQI,济宁,79.0
20170124,18,PM2.5,济宁,52.0
20170124,18,PM2.5_24h,济宁,58.0
20170124,18,PM10,济宁,108.0
20170124,18,PM10_24h,济宁,94.0
20170124,18,SO2,济宁,45.0
20170124,18,SO2_24h,济宁,48.0
20170124,18,NO2,济宁,47.0
20170124,18,NO2_24h,济宁,44.0
20170124,18,O3,济宁,71.0
20170124,18,O3_24h,济宁,144.0
20170124,18,O3_8h,济宁,81.0
20170124,18,O3_8h_24h,济宁,81.0
20170124,18,CO,济宁,1.0
20170124,18,CO_24h,济宁,1.0
20170124,19,AQI,济宁,74.0
20170124,19,PM2.5,济宁,52.0
20170124,19,PM2.5_24h,济宁,57.0
20170124,19,PM10,济宁,97.0
20170124,19,PM10_24h,济宁,94.0
20170124,19,SO2,济宁,47.0
20170124,19,SO2_24h,济宁,48.0
20170124,19,NO2,济宁,55.0
20170124,19,NO2_24h,济宁,44.0
20170124,19,O3,济宁,54.0
20170124,19,O3_24h,济宁,144.0
20170124,19,O3_8h,济宁,69.0
20170124,19,O3_8h_24h,济宁,81.0
20170124,19,CO,济宁,1.0
20170124,19,CO_24h,济宁,1.0
20170124,20,AQI,济宁,75.0
20170124,20,PM2.5,济宁,52.0
20170124,20,PM2.5_24h,济宁,57.0
20170124,20,PM10,济宁,99.0
20170124,20,PM10_24h,济宁,93.0
20170124,20,SO2,济宁,50.0
20170124,20,SO2_24h,济宁,48.0
20170124,20,NO2,济宁,62.0
20170124,20,NO2_24h,济宁,45.0
20170124,20,O3,济宁,46.0
20170124,20,O3_24h,济宁,144.0
20170124,20,O3_8h,济宁,70.0
20170124,20,O3_8h_24h,济宁,81.0
20170124,20,CO,济宁,1.1
20170124,20,CO_24h,济宁,1.0
20170124,21,AQI,济宁,79.0
20170124,21,PM2.5,济宁,58.0
20170124,21,PM2.5_24h,济宁,56.0
20170124,21,PM10,济宁,106.0
20170124,21,PM10_24h,济宁,92.0
20170124,21,SO2,济宁,71.0
20170124,21,SO2_24h,济宁,48.0
20170124,21,NO2,济宁,58.0
20170124,21,NO2_24h,济宁,45.0
20170124,21,O3,济宁,48.0
20170124,21,O3_24h,济宁,144.0
20170124,21,O3_8h,济宁,69.0
20170124,21,O3_8h_24h,济宁,81.0
20170124,21,CO,济宁,1.1
20170124,21,CO_24h,济宁,1.0
20170124,22,AQI,济宁,84.0
20170124,22,PM2.5,济宁,60.0
20170124,22,PM2.5_24h,济宁,56.0
20170124,22,PM10,济宁,117.0
20170124,22,PM10_24h,济宁,92.0
20170124,22,SO2,济宁,63.0
20170124,22,SO2_24h,济宁,48.0
20170124,22,NO2,济宁,47.0
20170124,22,NO2_24h,济宁,45.0
20170124,22,O3,济宁,56.0
20170124,22,O3_24h,济宁,144.0
20170124,22,O3_8h,济宁,67.0
20170124,22,O3_8h_24h,济宁,81.0
20170124,22,CO,济宁,1.0
20170124,22,CO_24h,济宁,1.0
20170124,23,AQI,济宁,84.0
20170124,23,PM2.5,济宁,62.0
20170124,23,PM2.5_24h,济宁,56.0
20170124,23,PM10,济宁,108.0
20170124,23,PM10_24h,济宁,92.0
20170124,23,SO2,济宁,55.0
20170124,23,SO2_24h,济宁,47.0
20170124,23,NO2,济宁,45.0
20170124,23,NO2_24h,济宁,44.0
20170124,23,O3,济宁,54.0
20170124,23,O3_24h,济宁,144.0
20170124,23,O3_8h,济宁,63.0
20170124,23,O3_8h_24h,济宁,81.0
20170124,23,CO,济宁,1.0
20170124,23,CO_24h,济宁,1.0
20170124,0,AQI,泰安,105.0
20170124,0,PM2.5,泰安,79.0
20170124,0,PM2.5_24h,泰安,74.0
20170124,0,PM10,泰安,125.0
20170124,0,PM10_24h,泰安,116.0
20170124,0,SO2,泰安,44.0
20170124,0,SO2_24h,泰安,60.0
20170124,0,NO2,泰安,53.0
20170124,0,NO2_24h,泰安,50.0
20170124,0,O3,泰安,39.0
20170124,0,O3_24h,泰安,65.0
20170124,0,O3_8h,泰安,34.0
20170124,0,O3_8h_24h,泰安,53.0
20170124,0,CO,泰安,1.63
20170124,0,CO_24h,泰安,1.6
20170124,1,AQI,泰安,111.0
20170124,1,PM2.5,泰安,84.0
20170124,1,PM2.5_24h,泰安,75.0
20170124,1,PM10,泰安,123.0
20170124,1,PM10_24h,泰安,117.0
20170124,1,SO2,泰安,39.0
20170124,1,SO2_24h,泰安,59.0
20170124,1,NO2,泰安,54.0
20170124,1,NO2_24h,泰安,51.0
20170124,1,O3,泰安,37.0
20170124,1,O3_24h,泰安,65.0
20170124,1,O3_8h,泰安,37.0
20170124,1,O3_8h_24h,泰安,37.0
20170124,1,CO,泰安,1.77
20170124,1,CO_24h,泰安,1.63
20170124,2,AQI,泰安,186.0
20170124,2,PM2.5,泰安,140.0
20170124,2,PM2.5_24h,泰安,79.0
20170124,2,PM10,泰安,120.0
20170124,2,PM10_24h,泰安,118.0
20170124,2,SO2,泰安,43.0
20170124,2,SO2_24h,泰安,59.0
20170124,2,NO2,泰安,54.0
20170124,2,NO2_24h,泰安,51.0
20170124,2,O3,泰安,33.0
20170124,2,O3_24h,泰安,65.0
20170124,2,O3_8h,泰安,35.0
20170124,2,O3_8h_24h,泰安,37.0
20170124,2,CO,泰安,2.43
20170124,2,CO_24h,泰安,1.67
20170124,3,AQI,泰安,164.0
20170124,3,PM2.5,泰安,125.0
20170124,3,PM2.5_24h,泰安,82.0
20170124,3,PM10,泰安,174.0
20170124,3,PM10_24h,泰安,122.0
20170124,3,SO2,泰安,41.0
20170124,3,SO2_24h,泰安,58.0
20170124,3,NO2,泰安,49.0
20170124,3,NO2_24h,泰安,51.0
20170124,3,O3,泰安,30.0
20170124,3,O3_24h,泰安,65.0
20170124,3,O3_8h,泰安,33.0
20170124,3,O3_8h_24h,泰安,37.0
20170124,3,CO,泰安,2.13
20170124,3,CO_24h,泰安,1.73
20170124,4,AQI,泰安,136.0
20170124,4,PM2.5,泰安,104.0
20170124,4,PM2.5_24h,泰安,84.0
20170124,4,PM10,泰安,140.0
20170124,4,PM10_24h,泰安,124.0
20170124,4,SO2,泰安,38.0
20170124,4,SO2_24h,泰安,57.0
20170124,4,NO2,泰安,54.0
20170124,4,NO2_24h,泰安,52.0
20170124,4,O3,泰安,22.0
20170124,4,O3_24h,泰安,65.0
20170124,4,O3_8h,泰安,31.0
20170124,4,O3_8h_24h,泰安,37.0
20170124,4,CO,泰安,1.67
20170124,4,CO_24h,泰安,1.73
20170124,5,AQI,泰安,126.0
20170124,5,PM2.5,泰安,96.0
20170124,5,PM2.5_24h,泰安,86.0
20170124,5,PM10,泰安,132.0
20170124,5,PM10_24h,泰安,126.0
20170124,5,SO2,泰安,42.0
20170124,5,SO2_24h,泰安,57.0
20170124,5,NO2,泰安,48.0
20170124,5,NO2_24h,泰安,52.0
20170124,5,O3,泰安,26.0
20170124,5,O3_24h,泰安,65.0
20170124,5,O3_8h,泰安,30.0
20170124,5,O3_8h_24h,泰安,37.0
20170124,5,CO,泰安,1.7
20170124,5,CO_24h,泰安,1.73
20170124,6,AQI,泰安,125.0
20170124,6,PM2.5,泰安,95.0
20170124,6,PM2.5_24h,泰安,87.0
20170124,6,PM10,泰安,117.0
20170124,6,PM10_24h,泰安,128.0
20170124,6,SO2,泰安,39.0
20170124,6,SO2_24h,泰安,56.0
20170124,6,NO2,泰安,45.0
20170124,6,NO2_24h,泰安,52.0
20170124,6,O3,泰安,29.0
20170124,6,O3_24h,泰安,65.0
20170124,6,O3_8h,泰安,30.0
20170124,6,O3_8h_24h,泰安,38.0
20170124,6,CO,泰安,1.7
20170124,6,CO_24h,泰安,1.77
20170124,7,AQI,泰安,131.0
20170124,7,PM2.5,泰安,100.0
20170124,7,PM2.5_24h,泰安,88.0
20170124,7,PM10,泰安,133.0
20170124,7,PM10_24h,泰安,129.0
20170124,7,SO2,泰安,38.0
20170124,7,SO2_24h,泰安,56.0
20170124,7,NO2,泰安,54.0
20170124,7,NO2_24h,泰安,52.0
20170124,7,O3,泰安,19.0
20170124,7,O3_24h,泰安,65.0
20170124,7,O3_8h,泰安,28.0
20170124,7,O3_8h_24h,泰安,38.0
20170124,7,CO,泰安,1.83
20170124,7,CO_24h,泰安,1.77
20170124,8,AQI,泰安,141.0
20170124,8,PM2.5,泰安,108.0
20170124,8,PM2.5_24h,泰安,90.0
20170124,8,PM10,泰安,137.0
20170124,8,PM10_24h,泰安,130.0
20170124,8,SO2,泰安,39.0
20170124,8,SO2_24h,泰安,56.0
20170124,8,NO2,泰安,63.0
20170124,8,NO2_24h,泰安,53.0
20170124,8,O3,泰安,13.0
20170124,8,O3_24h,泰安,65.0
20170124,8,O3_8h,泰安,26.0
20170124,8,O3_8h_24h,泰安,38.0
20170124,8,CO,泰安,2.0
20170124,8,CO_24h,泰安,1.77
20170124,9,AQI,泰安,156.0
20170124,9,PM2.5,泰安,119.0
20170124,9,PM2.5_24h,泰安,91.0
20170124,9,PM10,泰安,157.0
20170124,9,PM10_24h,泰安,132.0
20170124,9,SO2,泰安,54.0
20170124,9,SO2_24h,泰安,55.0
20170124,9,NO2,泰安,67.0
20170124,9,NO2_24h,泰安,53.0
20170124,9,O3,泰安,16.0
20170124,9,O3_24h,泰安,65.0
20170124,9,O3_8h,泰安,24.0
20170124,9,O3_8h_24h,泰安,38.0
20170124,9,CO,泰安,2.33
20170124,9,CO_24h,泰安,1.77
20170124,10,AQI,泰安,143.0
20170124,10,PM2.5,泰安,109.0
20170124,10,PM2.5_24h,泰安,93.0
20170124,10,PM10,泰安,166.0
20170124,10,PM10_24h,泰安,135.0
20170124,10,SO2,泰安,64.0
20170124,10,SO2_24h,泰安,55.0
20170124,10,NO2,泰安,61.0
20170124,10,NO2_24h,泰安,53.0
20170124,10,O3,泰安,62.0
20170124,10,O3_24h,泰安,86.0
20170124,10,O3_8h,泰安,27.0
20170124,10,O3_8h_24h,泰安,38.0
20170124,10,CO,泰安,2.13
20170124,10,CO_24h,泰安,1.77
20170124,11,AQI,泰安,140.0
20170124,11,PM2.5,泰安,107.0
20170124,11,PM2.5_24h,泰安,94.0
20170124,11,PM10,泰安,168.0
20170124,11,PM10_24h,泰安,136.0
20170124,11,SO2,泰安,88.0
20170124,11,SO2_24h,泰安,54.0
20170124,11,NO2,泰安,60.0
20170124,11,NO2_24h,泰安,53.0
20170124,11,O3,泰安,29.0
20170124,11,O3_24h,泰安,86.0
20170124,11,O3_8h,泰安,27.0
20170124,11,O3_8h_24h,泰安,38.0
20170124,11,CO,泰安,2.23
20170124,11,CO_24h,泰安,1.77
20170124,12,AQI,泰安,133.0
20170124,12,PM2.5,泰安,101.0
20170124,12,PM2.5_24h,泰安,96.0
20170124,12,PM10,泰安,160.0
20170124,12,PM10_24h,泰安,139.0
20170124,12,SO2,泰安,104.0
20170124,12,SO2_24h,泰安,56.0
20170124,12,NO2,泰安,43.0
20170124,12,NO2_24h,泰安,53.0
20170124,12,O3,泰安,41.0
20170124,12,O3_24h,泰安,86.0
20170124,12,O3_8h,泰安,29.0
20170124,12,O3_8h_24h,泰安,40.0
20170124,12,CO,泰安,2.27
20170124,12,CO_24h,泰安,1.83
20170124,13,AQI,泰安,131.0
20170124,13,PM2.5,泰安,100.0
20170124,13,PM2.5_24h,泰安,97.0
20170124,13,PM10,泰安,151.0
20170124,13,PM10_24h,泰安,140.0
20170124,13,SO2,泰安,97.0
20170124,13,SO2_24h,泰安,58.0
20170124,13,NO2,泰安,53.0
20170124,13,NO2_24h,泰安,53.0
20170124,13,O3,泰安,46.0
20170124,13,O3_24h,泰安,86.0
20170124,13,O3_8h,泰安,32.0
20170124,13,O3_8h_24h,泰安,41.0
20170124,13,CO,泰安,2.57
20170124,13,CO_24h,泰安,1.9
20170124,14,AQI,泰安,133.0
20170124,14,PM2.5,泰安,101.0
20170124,14,PM2.5_24h,泰安,99.0
20170124,14,PM10,泰安,161.0
20170124,14,PM10_24h,泰安,142.0
20170124,14,SO2,泰安,78.0
20170124,14,SO2_24h,泰安,59.0
20170124,14,NO2,泰安,52.0
20170124,14,NO2_24h,泰安,54.0
20170124,14,O3,泰安,54.0
20170124,14,O3_24h,泰安,85.0
20170124,14,O3_8h,泰安,35.0
20170124,14,O3_8h_24h,泰安,45.0
20170124,14,CO,泰安,2.4
20170124,14,CO_24h,泰安,1.93
20170124,15,AQI,泰安,123.0
20170124,15,PM2.5,泰安,93.0
20170124,15,PM2.5_24h,泰安,100.0
20170124,15,PM10,泰安,147.0
20170124,15,PM10_24h,泰安,144.0
20170124,15,SO2,泰安,55.0
20170124,15,SO2_24h,泰安,59.0
20170124,15,NO2,泰安,32.0
20170124,15,NO2_24h,泰安,54.0
20170124,15,O3,泰安,66.0
20170124,15,O3_24h,泰安,90.0
20170124,15,O3_8h,泰安,41.0
20170124,15,O3_8h_24h,泰安,50.0
20170124,15,CO,泰安,1.9
20170124,15,CO_24h,泰安,1.93
20170124,16,AQI,泰安,121.0
20170124,16,PM2.5,泰安,92.0
20170124,16,PM2.5_24h,泰安,101.0
20170124,16,PM10,泰安,152.0
20170124,16,PM10_24h,泰安,145.0
20170124,16,SO2,泰安,46.0
20170124,16,SO2_24h,泰安,59.0
20170124,16,NO2,泰安,30.0
20170124,16,NO2_24h,泰安,54.0
20170124,16,O3,泰安,76.0
20170124,16,O3_24h,泰安,97.0
20170124,16,O3_8h,泰安,49.0
20170124,16,O3_8h_24h,泰安,55.0
20170124,16,CO,泰安,1.53
20170124,16,CO_24h,泰安,1.97
20170124,17,AQI,泰安,125.0
20170124,17,PM2.5,泰安,95.0
20170124,17,PM2.5_24h,泰安,102.0
20170124,17,PM10,泰安,151.0
20170124,17,PM10_24h,泰安,147.0
20170124,17,SO2,泰安,44.0
20170124,17,SO2_24h,泰安,59.0
20170124,17,NO2,泰安,45.0
20170124,17,NO2_24h,泰安,54.0
20170124,17,O3,泰安,76.0
20170124,17,O3_24h,泰安,97.0
20170124,17,O3_8h,泰安,56.0
20170124,17,O3_8h_24h,泰安,60.0
20170124,17,CO,泰安,1.33
20170124,17,CO_24h,泰安,1.93
20170124,18,AQI,泰安,150.0
20170124,18,PM2.5,泰安,115.0
20170124,18,PM2.5_24h,泰安,104.0
20170124,18,PM10,泰安,155.0
20170124,18,PM10_24h,泰安,148.0
20170124,18,SO2,泰安,55.0
20170124,18,SO2_24h,泰安,59.0
20170124,18,NO2,泰安,82.0
20170124,18,NO2_24h,泰安,56.0
20170124,18,O3,泰安,38.0
20170124,18,O3_24h,泰安,97.0
20170124,18,O3_8h,泰安,53.0
20170124,18,O3_8h_24h,泰安,60.0
20170124,18,CO,泰安,1.67
20170124,18,CO_24h,泰安,1.97
20170124,19,AQI,泰安,163.0
20170124,19,PM2.5,泰安,124.0
20170124,19,PM2.5_24h,泰安,106.0
20170124,19,PM10,泰安,177.0
20170124,19,PM10_24h,泰安,151.0
20170124,19,SO2,泰安,62.0
20170124,19,SO2_24h,泰安,59.0
20170124,19,NO2,泰安,98.0
20170124,19,NO2_24h,泰安,57.0
20170124,19,O3,泰安,28.0
20170124,19,O3_24h,泰安,97.0
20170124,19,O3_8h,泰安,53.0
20170124,19,O3_8h_24h,泰安,60.0
20170124,19,CO,泰安,2.27
20170124,19,CO_24h,泰安,2.03
20170124,20,AQI,泰安,149.0
20170124,20,PM2.5,泰安,114.0
20170124,20,PM2.5_24h,泰安,105.0
20170124,20,PM10,泰安,177.0
20170124,20,PM10_24h,泰安,152.0
20170124,20,SO2,泰安,56.0
20170124,20,SO2_24h,泰安,58.0
20170124,20,NO2,泰安,92.0
20170124,20,NO2_24h,泰安,58.0
20170124,20,O3,泰安,25.0
20170124,20,O3_24h,泰安,97.0
20170124,20,O3_8h,泰安,51.0
20170124,20,O3_8h_24h,泰安,60.0
20170124,20,CO,泰安,1.97
20170124,20,CO_24h,泰安,2.0
20170124,21,AQI,泰安,181.0
20170124,21,PM2.5,泰安,137.0
20170124,21,PM2.5_24h,泰安,105.0
20170124,21,PM10,泰安,159.0
20170124,21,PM10_24h,泰安,151.0
20170124,21,SO2,泰安,81.0
20170124,21,SO2_24h,泰安,58.0
20170124,21,NO2,泰安,80.0
20170124,21,NO2_24h,泰安,58.0
20170124,21,O3,泰安,40.0
20170124,21,O3_24h,泰安,97.0
20170124,21,O3_8h,泰安,50.0
20170124,21,O3_8h_24h,泰安,60.0
20170124,21,CO,泰安,2.0
20170124,21,CO_24h,泰安,1.97
20170124,22,AQI,泰安,160.0
20170124,22,PM2.5,泰安,122.0
20170124,22,PM2.5_24h,泰安,106.0
20170124,22,PM10,泰安,177.0
20170124,22,PM10_24h,泰安,151.0
20170124,22,SO2,泰安,70.0
20170124,22,SO2_24h,泰安,57.0
20170124,22,NO2,泰安,67.0
20170124,22,NO2_24h,泰安,58.0
20170124,22,O3,泰安,45.0
20170124,22,O3_24h,泰安,97.0
20170124,22,O3_8h,泰安,50.0
20170124,22,O3_8h_24h,泰安,60.0
20170124,22,CO,泰安,1.8
20170124,22,CO_24h,泰安,1.97
20170124,23,AQI,泰安,118.0
20170124,23,PM2.5,泰安,89.0
20170124,23,PM2.5_24h,泰安,106.0
20170124,23,PM10,泰安,138.0
20170124,23,PM10_24h,泰安,151.0
20170124,23,SO2,泰安,46.0
20170124,23,SO2_24h,泰安,57.0
20170124,23,NO2,泰安,48.0
20170124,23,NO2_24h,泰安,58.0
20170124,23,O3,泰安,56.0
20170124,23,O3_24h,泰安,97.0
20170124,23,O3_8h,泰安,48.0
20170124,23,O3_8h_24h,泰安,60.0
20170124,23,CO,泰安,1.37
20170124,23,CO_24h,泰安,1.93
20170124,0,AQI,日照,96.0
20170124,0,PM2.5,日照,72.0
20170124,0,PM2.5_24h,日照,35.0
20170124,0,PM10,日照,118.0
20170124,0,PM10_24h,日照,56.0
20170124,0,SO2,日照,26.0
20170124,0,SO2_24h,日照,24.0
20170124,0,NO2,日照,72.0
20170124,0,NO2_24h,日照,35.0
20170124,0,O3,日照,5.0
20170124,0,O3_24h,日照,66.0
20170124,0,O3_8h,日照,32.0
20170124,0,O3_8h_24h,日照,59.0
20170124,0,CO,日照,1.77
20170124,0,CO_24h,日照,1.07
20170124,1,AQI,日照,104.0
20170124,1,PM2.5,日照,78.0
20170124,1,PM2.5_24h,日照,37.0
20170124,1,PM10,日照,109.0
20170124,1,PM10_24h,日照,59.0
20170124,1,SO2,日照,26.0
20170124,1,SO2_24h,日照,24.0
20170124,1,NO2,日照,67.0
20170124,1,NO2_24h,日照,37.0
20170124,1,O3,日照,4.0
20170124,1,O3_24h,日照,65.0
20170124,1,O3_8h,日照,4.0
20170124,1,O3_8h_24h,日照,4.0
20170124,1,CO,日照,2.03
20170124,1,CO_24h,日照,1.1
20170124,2,AQI,日照,114.0
20170124,2,PM2.5,日照,86.0
20170124,2,PM2.5_24h,日照,39.0
20170124,2,PM10,日照,115.0
20170124,2,PM10_24h,日照,63.0
20170124,2,SO2,日照,24.0
20170124,2,SO2_24h,日照,25.0
20170124,2,NO2,日照,62.0
20170124,2,NO2_24h,日照,39.0
20170124,2,O3,日照,4.0
20170124,2,O3_24h,日照,65.0
20170124,2,O3_8h,日照,4.0
20170124,2,O3_8h_24h,日照,4.0
20170124,2,CO,日照,2.13
20170124,2,CO_24h,日照,1.17
20170124,3,AQI,日照,123.0
20170124,3,PM2.5,日照,93.0
20170124,3,PM2.5_24h,日照,42.0
20170124,3,PM10,日照,125.0
20170124,3,PM10_24h,日照,66.0
20170124,3,SO2,日照,21.0
20170124,3,SO2_24h,日照,25.0
20170124,3,NO2,日照,54.0
20170124,3,NO2_24h,日照,41.0
20170124,3,O3,日照,4.0
20170124,3,O3_24h,日照,65.0
20170124,3,O3_8h,日照,4.0
20170124,3,O3_8h_24h,日照,4.0
20170124,3,CO,日照,2.17
20170124,3,CO_24h,日照,1.27
20170124,4,AQI,日照,118.0
20170124,4,PM2.5,日照,89.0
20170124,4,PM2.5_24h,日照,45.0
20170124,4,PM10,日照,120.0
20170124,4,PM10_24h,日照,70.0
20170124,4,SO2,日照,18.0
20170124,4,SO2_24h,日照,25.0
20170124,4,NO2,日照,53.0
20170124,4,NO2_24h,日照,42.0
20170124,4,O3,日照,4.0
20170124,4,O3_24h,日照,65.0
20170124,4,O3_8h,日照,4.0
20170124,4,O3_8h_24h,日照,4.0
20170124,4,CO,日照,2.03
20170124,4,CO_24h,日照,1.27
20170124,5,AQI,日照,103.0
20170124,5,PM2.5,日照,77.0
20170124,5,PM2.5_24h,日照,48.0
20170124,5,PM10,日照,105.0
20170124,5,PM10_24h,日照,74.0
20170124,5,SO2,日照,17.0
20170124,5,SO2_24h,日照,25.0
20170124,5,NO2,日照,50.0
20170124,5,NO2_24h,日照,44.0
20170124,5,O3,日照,4.0
20170124,5,O3_24h,日照,65.0
20170124,5,O3_8h,日照,4.0
20170124,5,O3_8h_24h,日照,4.0
20170124,5,CO,日照,1.83
20170124,5,CO_24h,日照,1.33
20170124,6,AQI,日照,96.0
20170124,6,PM2.5,日照,72.0
20170124,6,PM2.5_24h,日照,50.0
20170124,6,PM10,日照,103.0
20170124,6,PM10_24h,日照,77.0
20170124,6,SO2,日照,17.0
20170124,6,SO2_24h,日照,26.0
20170124,6,NO2,日照,46.0
20170124,6,NO2_24h,日照,45.0
20170124,6,O3,日照,4.0
20170124,6,O3_24h,日照,65.0
20170124,6,O3_8h,日照,4.0
20170124,6,O3_8h_24h,日照,4.0
20170124,6,CO,日照,1.83
20170124,6,CO_24h,日照,1.37
20170124,7,AQI,日照,110.0
20170124,7,PM2.5,日照,83.0
20170124,7,PM2.5_24h,日照,53.0
20170124,7,PM10,日照,102.0
20170124,7,PM10_24h,日照,80.0
20170124,7,SO2,日照,15.0
20170124,7,SO2_24h,日照,25.0
20170124,7,NO2,日照,46.0
20170124,7,NO2_24h,日照,46.0
20170124,7,O3,日照,4.0
20170124,7,O3_24h,日照,65.0
20170124,7,O3_8h,日照,4.0
20170124,7,O3_8h_24h,日照,4.0
20170124,7,CO,日照,1.8
20170124,7,CO_24h,日照,1.43
20170124,8,AQI,日照,96.0
20170124,8,PM2.5,日照,72.0
20170124,8,PM2.5_24h,日照,54.0
20170124,8,PM10,日照,114.0
20170124,8,PM10_24h,日照,82.0
20170124,8,SO2,日照,20.0
20170124,8,SO2_24h,日照,25.0
20170124,8,NO2,日照,51.0
20170124,8,NO2_24h,日照,47.0
20170124,8,O3,日照,5.0
20170124,8,O3_24h,日照,65.0
20170124,8,O3_8h,日照,4.0
20170124,8,O3_8h_24h,日照,4.0
20170124,8,CO,日照,1.9
20170124,8,CO_24h,日照,1.43
20170124,9,AQI,日照,100.0
20170124,9,PM2.5,日照,75.0
20170124,9,PM2.5_24h,日照,56.0
20170124,9,PM10,日照,104.0
20170124,9,PM10_24h,日照,84.0
20170124,9,SO2,日照,31.0
20170124,9,SO2_24h,日照,25.0
20170124,9,NO2,日照,54.0
20170124,9,NO2_24h,日照,47.0
20170124,9,O3,日照,7.0
20170124,9,O3_24h,日照,65.0
20170124,9,O3_8h,日照,4.0
20170124,9,O3_8h_24h,日照,4.0
20170124,9,CO,日照,2.2
20170124,9,CO_24h,日照,1.47
20170124,10,AQI,日照,113.0
20170124,10,PM2.5,日照,85.0
20170124,10,PM2.5_24h,日照,58.0
20170124,10,PM10,日照,145.0
20170124,10,PM10_24h,日照,87.0
20170124,10,SO2,日照,31.0
20170124,10,SO2_24h,日照,26.0
20170124,10,NO2,日照,60.0
20170124,10,NO2_24h,日照,49.0
20170124,10,O3,日照,16.0
20170124,10,O3_24h,日照,65.0
20170124,10,O3_8h,日照,6.0
20170124,10,O3_8h_24h,日照,6.0
20170124,10,CO,日照,2.07
20170124,10,CO_24h,日照,1.53
20170124,11,AQI,日照,124.0
20170124,11,PM2.5,日照,94.0
20170124,11,PM2.5_24h,日照,61.0
20170124,11,PM10,日照,135.0
20170124,11,PM10_24h,日照,91.0
20170124,11,SO2,日照,35.0
20170124,11,SO2_24h,日照,26.0
20170124,11,NO2,日照,56.0
20170124,11,NO2_24h,日照,50.0
20170124,11,O3,日照,29.0
20170124,11,O3_24h,日照,65.0
20170124,11,O3_8h,日照,9.0
20170124,11,O3_8h_24h,日照,9.0
20170124,11,CO,日照,1.87
20170124,11,CO_24h,日照,1.57
20170124,12,AQI,日照,74.0
20170124,12,PM2.5,日照,54.0
20170124,12,PM2.5_24h,日照,62.0
20170124,12,PM10,日照,96.0
20170124,12,PM10_24h,日照,94.0
20170124,12,SO2,日照,36.0
20170124,12,SO2_24h,日照,27.0
20170124,12,NO2,日照,40.0
20170124,12,NO2_24h,日照,51.0
20170124,12,O3,日照,50.0
20170124,12,O3_24h,日照,65.0
20170124,12,O3_8h,日照,15.0
20170124,12,O3_8h_24h,日照,15.0
20170124,12,CO,日照,1.63
20170124,12,CO_24h,日照,1.6
20170124,13,AQI,日照,70.0
20170124,13,PM2.5,日照,46.0
20170124,13,PM2.5_24h,日照,63.0
20170124,13,PM10,日照,89.0
20170124,13,PM10_24h,日照,96.0
20170124,13,SO2,日照,27.0
20170124,13,SO2_24h,日照,27.0
20170124,13,NO2,日照,29.0
20170124,13,NO2_24h,日照,51.0
20170124,13,O3,日照,66.0
20170124,13,O3_24h,日照,72.0
20170124,13,O3_8h,日照,23.0
20170124,13,O3_8h_24h,日照,23.0
20170124,13,CO,日照,1.37
20170124,13,CO_24h,日照,1.6
20170124,14,AQI,日照,66.0
20170124,14,PM2.5,日照,47.0
20170124,14,PM2.5_24h,日照,63.0
20170124,14,PM10,日照,81.0
20170124,14,PM10_24h,日照,97.0
20170124,14,SO2,日照,29.0
20170124,14,SO2_24h,日照,27.0
20170124,14,NO2,日照,32.0
20170124,14,NO2_24h,日照,51.0
20170124,14,O3,日照,69.0
20170124,14,O3_24h,日照,74.0
20170124,14,O3_8h,日照,31.0
20170124,14,O3_8h_24h,日照,31.0
20170124,14,CO,日照,1.47
20170124,14,CO_24h,日照,1.6
20170124,15,AQI,日照,70.0
20170124,15,PM2.5,日照,51.0
20170124,15,PM2.5_24h,日照,64.0
20170124,15,PM10,日照,85.0
20170124,15,PM10_24h,日照,97.0
20170124,15,SO2,日照,29.0
20170124,15,SO2_24h,日照,27.0
20170124,15,NO2,日照,37.0
20170124,15,NO2_24h,日照,51.0
20170124,15,O3,日照,66.0
20170124,15,O3_24h,日照,73.0
20170124,15,O3_8h,日照,39.0
20170124,15,O3_8h_24h,日照,39.0
20170124,15,CO,日照,1.5
20170124,15,CO_24h,日照,1.7
20170124,16,AQI,日照,69.0
20170124,16,PM2.5,日照,49.0
20170124,16,PM2.5_24h,日照,64.0
20170124,16,PM10,日照,87.0
20170124,16,PM10_24h,日照,98.0
20170124,16,SO2,日照,32.0
20170124,16,SO2_24h,日照,27.0
20170124,16,NO2,日照,49.0
20170124,16,NO2_24h,日照,51.0
20170124,16,O3,日照,54.0
20170124,16,O3_24h,日照,73.0
20170124,16,O3_8h,日照,45.0
20170124,16,O3_8h_24h,日照,45.0
20170124,16,CO,日照,1.57
20170124,16,CO_24h,日照,1.63
20170124,17,AQI,日照,72.0
20170124,17,PM2.5,日照,48.0
20170124,17,PM2.5_24h,日照,64.0
20170124,17,PM10,日照,93.0
20170124,17,PM10_24h,日照,99.0
20170124,17,SO2,日照,21.0
20170124,17,SO2_24h,日照,26.0
20170124,17,NO2,日照,37.0
20170124,17,NO2_24h,日照,51.0
20170124,17,O3,日照,65.0
20170124,17,O3_24h,日照,75.0
20170124,17,O3_8h,日照,52.0
20170124,17,O3_8h_24h,日照,52.0
20170124,17,CO,日照,1.1
20170124,17,CO_24h,日照,1.63
20170124,18,AQI,日照,64.0
20170124,18,PM2.5,日照,46.0
20170124,18,PM2.5_24h,日照,65.0
20170124,18,PM10,日照,73.0
20170124,18,PM10_24h,日照,99.0
20170124,18,SO2,日照,17.0
20170124,18,SO2_24h,日照,26.0
20170124,18,NO2,日照,31.0
20170124,18,NO2_24h,日照,51.0
20170124,18,O3,日照,71.0
20170124,18,O3_24h,日照,80.0
20170124,18,O3_8h,日照,59.0
20170124,18,O3_8h_24h,日照,59.0
20170124,18,CO,日照,0.93
20170124,18,CO_24h,日照,1.63
20170124,19,AQI,日照,58.0
20170124,19,PM2.5,日照,41.0
20170124,19,PM2.5_24h,日照,65.0
20170124,19,PM10,日照,58.0
20170124,19,PM10_24h,日照,98.0
20170124,19,SO2,日照,18.0
20170124,19,SO2_24h,日照,26.0
20170124,19,NO2,日照,37.0
20170124,19,NO2_24h,日照,51.0
20170124,19,O3,日照,64.0
20170124,19,O3_24h,日照,82.0
20170124,19,O3_8h,日照,63.0
20170124,19,O3_8h_24h,日照,63.0
20170124,19,CO,日照,0.9
20170124,19,CO_24h,日照,1.63
20170124,20,AQI,日照,76.0
20170124,20,PM2.5,日照,56.0
20170124,20,PM2.5_24h,日照,66.0
20170124,20,PM10,日照,45.0
20170124,20,PM10_24h,日照,99.0
20170124,20,SO2,日照,30.0
20170124,20,SO2_24h,日照,26.0
20170124,20,NO2,日照,58.0
20170124,20,NO2_24h,日照,51.0
20170124,20,O3,日照,39.0
20170124,20,O3_24h,日照,82.0
20170124,20,O3_8h,日照,62.0
20170124,20,O3_8h_24h,日照,64.0
20170124,20,CO,日照,1.43
20170124,20,CO_24h,日照,1.63
20170124,21,AQI,日照,100.0
20170124,21,PM2.5,日照,75.0
20170124,21,PM2.5_24h,日照,67.0
20170124,21,PM10,日照,95.0
20170124,21,PM10_24h,日照,100.0
20170124,21,SO2,日照,38.0
20170124,21,SO2_24h,日照,26.0
20170124,21,NO2,日照,76.0
20170124,21,NO2_24h,日照,52.0
20170124,21,O3,日照,19.0
20170124,21,O3_24h,日照,82.0
20170124,21,O3_8h,日照,56.0
20170124,21,O3_8h_24h,日照,64.0
20170124,21,CO,日照,1.77
20170124,21,CO_24h,日照,1.7
20170124,22,AQI,日照,124.0
20170124,22,PM2.5,日照,94.0
20170124,22,PM2.5_24h,日照,69.0
20170124,22,PM10,日照,132.0
20170124,22,PM10_24h,日照,102.0
20170124,22,SO2,日照,35.0
20170124,22,SO2_24h,日照,26.0
20170124,22,NO2,日照,81.0
20170124,22,NO2_24h,日照,52.0
20170124,22,O3,日照,5.0
20170124,22,O3_24h,日照,82.0
20170124,22,O3_8h,日照,48.0
20170124,22,O3_8h_24h,日照,64.0
20170124,22,CO,日照,2.07
20170124,22,CO_24h,日照,1.73
20170124,23,AQI,日照,136.0
20170124,23,PM2.5,日照,104.0
20170124,23,PM2.5_24h,日照,70.0
20170124,23,PM10,日照,141.0
20170124,23,PM10_24h,日照,103.0
20170124,23,SO2,日照,31.0
20170124,23,SO2_24h,日照,26.0
20170124,23,NO2,日照,76.0
20170124,23,NO2_24h,日照,52.0
20170124,23,O3,日照,4.0
20170124,23,O3_24h,日照,82.0
20170124,23,O3_8h,日照,40.0
20170124,23,O3_8h_24h,日照,64.0
20170124,23,CO,日照,2.23
20170124,23,CO_24h,日照,1.73
20170124,0,AQI,威海,55.0
20170124,0,PM2.5,威海,39.0
20170124,0,PM2.5_24h,威海,17.0
20170124,0,PM10,威海,50.0
20170124,0,PM10_24h,威海,29.0
20170124,0,SO2,威海,18.0
20170124,0,SO2_24h,威海,12.0
20170124,0,NO2,威海,21.0
20170124,0,NO2_24h,威海,11.0
20170124,0,O3,威海,54.0
20170124,0,O3_24h,威海,75.0
20170124,0,O3_8h,威海,62.0
20170124,0,O3_8h_24h,威海,71.0
20170124,0,CO,威海,0.97
20170124,0,CO_24h,威海,0.47
20170124,1,AQI,威海,56.0
20170124,1,PM2.5,威海,40.0
20170124,1,PM2.5_24h,威海,19.0
20170124,1,PM10,威海,52.0
20170124,1,PM10_24h,威海,29.0
20170124,1,SO2,威海,24.0
20170124,1,SO2_24h,威海,12.0
20170124,1,NO2,威海,25.0
20170124,1,NO2_24h,威海,12.0
20170124,1,O3,威海,48.0
20170124,1,O3_24h,威海,74.0
20170124,1,O3_8h,威海,48.0
20170124,1,O3_8h_24h,威海,48.0
20170124,1,CO,威海,0.97
20170124,1,CO_24h,威海,0.5
20170124,2,AQI,威海,59.0
20170124,2,PM2.5,威海,42.0
20170124,2,PM2.5_24h,威海,20.0
20170124,2,PM10,威海,57.0
20170124,2,PM10_24h,威海,31.0
20170124,2,SO2,威海,26.0
20170124,2,SO2_24h,威海,13.0
20170124,2,NO2,威海,24.0
20170124,2,NO2_24h,威海,13.0
20170124,2,O3,威海,49.0
20170124,2,O3_24h,威海,74.0
20170124,2,O3_8h,威海,49.0
20170124,2,O3_8h_24h,威海,51.0
20170124,2,CO,威海,0.87
20170124,2,CO_24h,威海,0.5
20170124,3,AQI,威海,56.0
20170124,3,PM2.5,威海,40.0
20170124,3,PM2.5_24h,威海,21.0
20170124,3,PM10,威海,55.0
20170124,3,PM10_24h,威海,33.0
20170124,3,SO2,威海,22.0
20170124,3,SO2_24h,威海,13.0
20170124,3,NO2,威海,20.0
20170124,3,NO2_24h,威海,13.0
20170124,3,O3,威海,54.0
20170124,3,O3_24h,威海,74.0
20170124,3,O3_8h,威海,51.0
20170124,3,O3_8h_24h,威海,53.0
20170124,3,CO,威海,0.73
20170124,3,CO_24h,威海,0.53
20170124,4,AQI,威海,49.0
20170124,4,PM2.5,威海,34.0
20170124,4,PM2.5_24h,威海,22.0
20170124,4,PM10,威海,42.0
20170124,4,PM10_24h,威海,33.0
20170124,4,SO2,威海,19.0
20170124,4,SO2_24h,威海,14.0
20170124,4,NO2,威海,15.0
20170124,4,NO2_24h,威海,14.0
20170124,4,O3,威海,59.0
20170124,4,O3_24h,威海,74.0
20170124,4,O3_8h,威海,53.0
20170124,4,O3_8h_24h,威海,54.0
20170124,4,CO,威海,0.53
20170124,4,CO_24h,威海,0.57
20170124,5,AQI,威海,33.0
20170124,5,PM2.5,威海,23.0
20170124,5,PM2.5_24h,威海,22.0
20170124,5,PM10,威海,33.0
20170124,5,PM10_24h,威海,34.0
20170124,5,SO2,威海,14.0
20170124,5,SO2_24h,威海,14.0
20170124,5,NO2,威海,11.0
20170124,5,NO2_24h,威海,14.0
20170124,5,O3,威海,64.0
20170124,5,O3_24h,威海,74.0
20170124,5,O3_8h,威海,55.0
20170124,5,O3_8h_24h,威海,56.0
20170124,5,CO,威海,0.4
20170124,5,CO_24h,威海,0.57
20170124,6,AQI,威海,22.0
20170124,6,PM2.5,威海,15.0
20170124,6,PM2.5_24h,威海,22.0
20170124,6,PM10,威海,22.0
20170124,6,PM10_24h,威海,34.0
20170124,6,SO2,威海,14.0
20170124,6,SO2_24h,威海,14.0
20170124,6,NO2,威海,10.0
20170124,6,NO2_24h,威海,14.0
20170124,6,O3,威海,64.0
20170124,6,O3_24h,威海,74.0
20170124,6,O3_8h,威海,56.0
20170124,6,O3_8h_24h,威海,57.0
20170124,6,CO,威海,0.37
20170124,6,CO_24h,威海,0.6
20170124,7,AQI,威海,21.0
20170124,7,PM2.5,威海,11.0
20170124,7,PM2.5_24h,威海,22.0
20170124,7,PM10,威海,21.0
20170124,7,PM10_24h,威海,33.0
20170124,7,SO2,威海,12.0
20170124,7,SO2_24h,威海,14.0
20170124,7,NO2,威海,10.0
20170124,7,NO2_24h,威海,14.0
20170124,7,O3,威海,64.0
20170124,7,O3_24h,威海,74.0
20170124,7,O3_8h,威海,57.0
20170124,7,O3_8h_24h,威海,58.0
20170124,7,CO,威海,0.37
20170124,7,CO_24h,威海,0.6
20170124,8,AQI,威海,23.0
20170124,8,PM2.5,威海,9.0
20170124,8,PM2.5_24h,威海,22.0
20170124,8,PM10,威海,23.0
20170124,8,PM10_24h,威海,33.0
20170124,8,SO2,威海,11.0
20170124,8,SO2_24h,威海,14.0
20170124,8,NO2,威海,12.0
20170124,8,NO2_24h,威海,14.0
20170124,8,O3,威海,62.0
20170124,8,O3_24h,威海,74.0
20170124,8,O3_8h,威海,58.0
20170124,8,O3_8h_24h,威海,59.0
20170124,8,CO,威海,0.37
20170124,8,CO_24h,威海,0.6
20170124,9,AQI,威海,20.0
20170124,9,PM2.5,威海,14.0
20170124,9,PM2.5_24h,威海,22.0
20170124,9,PM10,威海,20.0
20170124,9,PM10_24h,威海,33.0
20170124,9,SO2,威海,11.0
20170124,9,SO2_24h,威海,14.0
20170124,9,NO2,威海,12.0
20170124,9,NO2_24h,威海,14.0
20170124,9,O3,威海,62.0
20170124,9,O3_24h,威海,74.0
20170124,9,O3_8h,威海,60.0
20170124,9,O3_8h_24h,威海,61.0
20170124,9,CO,威海,0.37
20170124,9,CO_24h,威海,0.6
20170124,10,AQI,威海,27.0
20170124,10,PM2.5,威海,19.0
20170124,10,PM2.5_24h,威海,22.0
20170124,10,PM10,威海,24.0
20170124,10,PM10_24h,威海,33.0
20170124,10,SO2,威海,10.0
20170124,10,SO2_24h,威海,14.0
20170124,10,NO2,威海,9.0
20170124,10,NO2_24h,威海,14.0
20170124,10,O3,威海,65.0
20170124,10,O3_24h,威海,74.0
20170124,10,O3_8h,威海,62.0
20170124,10,O3_8h_24h,威海,62.0
20170124,10,CO,威海,0.37
20170124,10,CO_24h,威海,0.6
20170124,11,AQI,威海,21.0
20170124,11,PM2.5,威海,13.0
20170124,11,PM2.5_24h,威海,22.0
20170124,11,PM10,威海,21.0
20170124,11,PM10_24h,威海,33.0
20170124,11,SO2,威海,10.0
20170124,11,SO2_24h,威海,14.0
20170124,11,NO2,威海,8.0
20170124,11,NO2_24h,威海,14.0
20170124,11,O3,威海,67.0
20170124,11,O3_24h,威海,74.0
20170124,11,O3_8h,威海,63.0
20170124,11,O3_8h_24h,威海,64.0
20170124,11,CO,威海,0.37
20170124,11,CO_24h,威海,0.6
20170124,12,AQI,威海,22.0
20170124,12,PM2.5,威海,8.0
20170124,12,PM2.5_24h,威海,22.0
20170124,12,PM10,威海,22.0
20170124,12,PM10_24h,威海,33.0
20170124,12,SO2,威海,9.0
20170124,12,SO2_24h,威海,14.0
20170124,12,NO2,威海,8.0
20170124,12,NO2_24h,威海,14.0
20170124,12,O3,威海,69.0
20170124,12,O3_24h,威海,74.0
20170124,12,O3_8h,威海,65.0
20170124,12,O3_8h_24h,威海,65.0
20170124,12,CO,威海,0.37
20170124,12,CO_24h,威海,0.6
20170124,13,AQI,威海,22.0
20170124,13,PM2.5,威海,10.0
20170124,13,PM2.5_24h,威海,22.0
20170124,13,PM10,威海,22.0
20170124,13,PM10_24h,威海,33.0
20170124,13,SO2,威海,9.0
20170124,13,SO2_24h,威海,14.0
20170124,13,NO2,威海,7.0
20170124,13,NO2_24h,威海,14.0
20170124,13,O3,威海,70.0
20170124,13,O3_24h,威海,74.0
20170124,13,O3_8h,威海,66.0
20170124,13,O3_8h_24h,威海,66.0
20170124,13,CO,威海,0.37
20170124,13,CO_24h,威海,0.6
20170124,14,AQI,威海,23.0
20170124,14,PM2.5,威海,13.0
20170124,14,PM2.5_24h,威海,22.0
20170124,14,PM10,威海,21.0
20170124,14,PM10_24h,威海,33.0
20170124,14,SO2,威海,9.0
20170124,14,SO2_24h,威海,14.0
20170124,14,NO2,威海,7.0
20170124,14,NO2_24h,威海,14.0
20170124,14,O3,威海,74.0
20170124,14,O3_24h,威海,76.0
20170124,14,O3_8h,威海,66.0
20170124,14,O3_8h_24h,威海,66.0
20170124,14,CO,威海,0.37
20170124,14,CO_24h,威海,0.6
20170124,15,AQI,威海,23.0
20170124,15,PM2.5,威海,14.0
20170124,15,PM2.5_24h,威海,22.0
20170124,15,PM10,威海,21.0
20170124,15,PM10_24h,威海,32.0
20170124,15,SO2,威海,11.0
20170124,15,SO2_24h,威海,14.0
20170124,15,NO2,威海,9.0
20170124,15,NO2_24h,威海,14.0
20170124,15,O3,威海,73.0
20170124,15,O3_24h,威海,75.0
20170124,15,O3_8h,威海,68.0
20170124,15,O3_8h_24h,威海,68.0
20170124,15,CO,威海,0.37
20170124,15,CO_24h,威海,0.6
20170124,16,AQI,威海,26.0
20170124,16,PM2.5,威海,14.0
20170124,16,PM2.5_24h,威海,22.0
20170124,16,PM10,威海,26.0
20170124,16,PM10_24h,威海,32.0
20170124,16,SO2,威海,13.0
20170124,16,SO2_24h,威海,14.0
20170124,16,NO2,威海,11.0
20170124,16,NO2_24h,威海,14.0
20170124,16,O3,威海,73.0
20170124,16,O3_24h,威海,75.0
20170124,16,O3_8h,威海,69.0
20170124,16,O3_8h_24h,威海,69.0
20170124,16,CO,威海,0.37
20170124,16,CO_24h,威海,0.57
20170124,17,AQI,威海,27.0
20170124,17,PM2.5,威海,19.0
20170124,17,PM2.5_24h,威海,22.0
20170124,17,PM10,威海,24.0
20170124,17,PM10_24h,威海,32.0
20170124,17,SO2,威海,14.0
20170124,17,SO2_24h,威海,15.0
20170124,17,NO2,威海,14.0
20170124,17,NO2_24h,威海,14.0
20170124,17,O3,威海,71.0
20170124,17,O3_24h,威海,74.0
20170124,17,O3_8h,威海,71.0
20170124,17,O3_8h_24h,威海,71.0
20170124,17,CO,威海,0.37
20170124,17,CO_24h,威海,0.57
20170124,18,AQI,威海,26.0
20170124,18,PM2.5,威海,16.0
20170124,18,PM2.5_24h,威海,22.0
20170124,18,PM10,威海,26.0
20170124,18,PM10_24h,威海,32.0
20170124,18,SO2,威海,13.0
20170124,18,SO2_24h,威海,15.0
20170124,18,NO2,威海,17.0
20170124,18,NO2_24h,威海,15.0
20170124,18,O3,威海,67.0
20170124,18,O3_24h,威海,74.0
20170124,18,O3_8h,威海,71.0
20170124,18,O3_8h_24h,威海,71.0
20170124,18,CO,威海,0.4
20170124,18,CO_24h,威海,0.57
20170124,19,AQI,威海,25.0
20170124,19,PM2.5,威海,15.0
20170124,19,PM2.5_24h,威海,22.0
20170124,19,PM10,威海,25.0
20170124,19,PM10_24h,威海,32.0
20170124,19,SO2,威海,13.0
20170124,19,SO2_24h,威海,15.0
20170124,19,NO2,威海,19.0
20170124,19,NO2_24h,威海,15.0
20170124,19,O3,威海,65.0
20170124,19,O3_24h,威海,74.0
20170124,19,O3_8h,威海,70.0
20170124,19,O3_8h_24h,威海,71.0
20170124,19,CO,威海,0.4
20170124,19,CO_24h,威海,0.53
20170124,20,AQI,威海,34.0
20170124,20,PM2.5,威海,24.0
20170124,20,PM2.5_24h,威海,22.0
20170124,20,PM10,威海,28.0
20170124,20,PM10_24h,威海,32.0
20170124,20,SO2,威海,15.0
20170124,20,SO2_24h,威海,15.0
20170124,20,NO2,威海,25.0
20170124,20,NO2_24h,威海,14.0
20170124,20,O3,威海,55.0
20170124,20,O3_24h,威海,74.0
20170124,20,O3_8h,威海,68.0
20170124,20,O3_8h_24h,威海,71.0
20170124,20,CO,威海,0.47
20170124,20,CO_24h,威海,0.5
20170124,21,AQI,威海,33.0
20170124,21,PM2.5,威海,22.0
20170124,21,PM2.5_24h,威海,22.0
20170124,21,PM10,威海,33.0
20170124,21,PM10_24h,威海,32.0
20170124,21,SO2,威海,14.0
20170124,21,SO2_24h,威海,14.0
20170124,21,NO2,威海,33.0
20170124,21,NO2_24h,威海,15.0
20170124,21,O3,威海,44.0
20170124,21,O3_24h,威海,74.0
20170124,21,O3_8h,威海,65.0
20170124,21,O3_8h_24h,威海,71.0
20170124,21,CO,威海,0.57
20170124,21,CO_24h,威海,0.5
20170124,22,AQI,威海,36.0
20170124,22,PM2.5,威海,23.0
20170124,22,PM2.5_24h,威海,21.0
20170124,22,PM10,威海,36.0
20170124,22,PM10_24h,威海,32.0
20170124,22,SO2,威海,14.0
20170124,22,SO2_24h,威海,14.0
20170124,22,NO2,威海,43.0
20170124,22,NO2_24h,威海,16.0
20170124,22,O3,威海,33.0
20170124,22,O3_24h,威海,74.0
20170124,22,O3_8h,威海,60.0
20170124,22,O3_8h_24h,威海,71.0
20170124,22,CO,威海,0.63
20170124,22,CO_24h,威海,0.5
20170124,23,AQI,威海,44.0
20170124,23,PM2.5,威海,29.0
20170124,23,PM2.5_24h,威海,21.0
20170124,23,PM10,威海,44.0
20170124,23,PM10_24h,威海,31.0
20170124,23,SO2,威海,15.0
20170124,23,SO2_24h,威海,14.0
20170124,23,NO2,威海,33.0
20170124,23,NO2_24h,威海,17.0
20170124,23,O3,威海,41.0
20170124,23,O3_24h,威海,74.0
20170124,23,O3_8h,威海,56.0
20170124,23,O3_8h_24h,威海,71.0
20170124,23,CO,威海,0.57
20170124,23,CO_24h,威海,0.5
20170124,0,AQI,东营,69.0
20170124,0,PM2.5,东营,50.0
20170124,0,PM2.5_24h,东营,47.0
20170124,0,PM10,东营,81.0
20170124,0,PM10_24h,东营,75.0
20170124,0,SO2,东营,38.0
20170124,0,SO2_24h,东营,51.0
20170124,0,NO2,东营,36.0
20170124,0,NO2_24h,东营,44.0
20170124,0,O3,东营,42.0
20170124,0,O3_24h,东营,68.0
20170124,0,O3_8h,东营,45.0
20170124,0,O3_8h_24h,东营,58.0
20170124,0,CO,东营,1.03
20170124,0,CO_24h,东营,1.1
20170124,1,AQI,东营,71.0
20170124,1,PM2.5,东营,52.0
20170124,1,PM2.5_24h,东营,48.0
20170124,1,PM10,东营,78.0
20170124,1,PM10_24h,东营,77.0
20170124,1,SO2,东营,42.0
20170124,1,SO2_24h,东营,52.0
20170124,1,NO2,东营,41.0
20170124,1,NO2_24h,东营,44.0
20170124,1,O3,东营,34.0
20170124,1,O3_24h,东营,68.0
20170124,1,O3_8h,东营,34.0
20170124,1,O3_8h_24h,东营,34.0
20170124,1,CO,东营,1.1
20170124,1,CO_24h,东营,1.13
20170124,2,AQI,东营,83.0
20170124,2,PM2.5,东营,61.0
20170124,2,PM2.5_24h,东营,49.0
20170124,2,PM10,东营,87.0
20170124,2,PM10_24h,东营,78.0
20170124,2,SO2,东营,41.0
20170124,2,SO2_24h,东营,52.0
20170124,2,NO2,东营,40.0
20170124,2,NO2_24h,东营,44.0
20170124,2,O3,东营,35.0
20170124,2,O3_24h,东营,68.0
20170124,2,O3_8h,东营,34.0
20170124,2,O3_8h_24h,东营,35.0
20170124,2,CO,东营,1.13
20170124,2,CO_24h,东营,1.13
20170124,3,AQI,东营,86.0
20170124,3,PM2.5,东营,64.0
20170124,3,PM2.5_24h,东营,51.0
20170124,3,PM10,东营,89.0
20170124,3,PM10_24h,东营,80.0
20170124,3,SO2,东营,36.0
20170124,3,SO2_24h,东营,52.0
20170124,3,NO2,东营,44.0
20170124,3,NO2_24h,东营,44.0
20170124,3,O3,东营,27.0
20170124,3,O3_24h,东营,68.0
20170124,3,O3_8h,东营,32.0
20170124,3,O3_8h_24h,东营,35.0
20170124,3,CO,东营,1.2
20170124,3,CO_24h,东营,1.13
20170124,4,AQI,东营,89.0
20170124,4,PM2.5,东营,66.0
20170124,4,PM2.5_24h,东营,52.0
20170124,4,PM10,东营,93.0
20170124,4,PM10_24h,东营,82.0
20170124,4,SO2,东营,37.0
20170124,4,SO2_24h,东营,53.0
20170124,4,NO2,东营,45.0
20170124,4,NO2_24h,东营,44.0
20170124,4,O3,东营,28.0
20170124,4,O3_24h,东营,68.0
20170124,4,O3_8h,东营,31.0
20170124,4,O3_8h_24h,东营,35.0
20170124,4,CO,东营,1.17
20170124,4,CO_24h,东营,1.2
20170124,5,AQI,东营,88.0
20170124,5,PM2.5,东营,65.0
20170124,5,PM2.5_24h,东营,54.0
20170124,5,PM10,东营,85.0
20170124,5,PM10_24h,东营,84.0
20170124,5,SO2,东营,37.0
20170124,5,SO2_24h,东营,53.0
20170124,5,NO2,东营,47.0
20170124,5,NO2_24h,东营,44.0
20170124,5,O3,东营,24.0
20170124,5,O3_24h,东营,68.0
20170124,5,O3_8h,东营,30.0
20170124,5,O3_8h_24h,东营,35.0
20170124,5,CO,东营,1.2
20170124,5,CO_24h,东营,1.2
20170124,6,AQI,东营,96.0
20170124,6,PM2.5,东营,72.0
20170124,6,PM2.5_24h,东营,55.0
20170124,6,PM10,东营,99.0
20170124,6,PM10_24h,东营,85.0
20170124,6,SO2,东营,35.0
20170124,6,SO2_24h,东营,53.0
20170124,6,NO2,东营,49.0
20170124,6,NO2_24h,东营,44.0
20170124,6,O3,东营,19.0
20170124,6,O3_24h,东营,68.0
20170124,6,O3_8h,东营,28.0
20170124,6,O3_8h_24h,东营,35.0
20170124,6,CO,东营,1.2
20170124,6,CO_24h,东营,1.2
20170124,7,AQI,东营,98.0
20170124,7,PM2.5,东营,73.0
20170124,7,PM2.5_24h,东营,56.0
20170124,7,PM10,东营,104.0
20170124,7,PM10_24h,东营,87.0
20170124,7,SO2,东营,34.0
20170124,7,SO2_24h,东营,51.0
20170124,7,NO2,东营,51.0
20170124,7,NO2_24h,东营,44.0
20170124,7,O3,东营,15.0
20170124,7,O3_24h,东营,68.0
20170124,7,O3_8h,东营,26.0
20170124,7,O3_8h_24h,东营,35.0
20170124,7,CO,东营,1.27
20170124,7,CO_24h,东营,1.2
20170124,8,AQI,东营,106.0
20170124,8,PM2.5,东营,80.0
20170124,8,PM2.5_24h,东营,57.0
20170124,8,PM10,东营,109.0
20170124,8,PM10_24h,东营,89.0
20170124,8,SO2,东营,33.0
20170124,8,SO2_24h,东营,50.0
20170124,8,NO2,东营,52.0
20170124,8,NO2_24h,东营,44.0
20170124,8,O3,东营,14.0
20170124,8,O3_24h,东营,68.0
20170124,8,O3_8h,东营,25.0
20170124,8,O3_8h_24h,东营,35.0
20170124,8,CO,东营,1.4
20170124,8,CO_24h,东营,1.2
20170124,9,AQI,东营,103.0
20170124,9,PM2.5,东营,77.0
20170124,9,PM2.5_24h,东营,58.0
20170124,9,PM10,东营,113.0
20170124,9,PM10_24h,东营,89.0
20170124,9,SO2,东营,34.0
20170124,9,SO2_24h,东营,47.0
20170124,9,NO2,东营,50.0
20170124,9,NO2_24h,东营,44.0
20170124,9,O3,东营,21.0
20170124,9,O3_24h,东营,68.0
20170124,9,O3_8h,东营,23.0
20170124,9,O3_8h_24h,东营,35.0
20170124,9,CO,东营,1.33
20170124,9,CO_24h,东营,1.17
20170124,10,AQI,东营,88.0
20170124,10,PM2.5,东营,65.0
20170124,10,PM2.5_24h,东营,58.0
20170124,10,PM10,东营,103.0
20170124,10,PM10_24h,东营,89.0
20170124,10,SO2,东营,40.0
20170124,10,SO2_24h,东营,46.0
20170124,10,NO2,东营,43.0
20170124,10,NO2_24h,东营,43.0
20170124,10,O3,东营,34.0
20170124,10,O3_24h,东营,68.0
20170124,10,O3_8h,东营,23.0
20170124,10,O3_8h_24h,东营,35.0
20170124,10,CO,东营,1.23
20170124,10,CO_24h,东营,1.17
20170124,11,AQI,东营,75.0
20170124,11,PM2.5,东营,55.0
20170124,11,PM2.5_24h,东营,58.0
20170124,11,PM10,东营,100.0
20170124,11,PM10_24h,东营,90.0
20170124,11,SO2,东营,42.0
20170124,11,SO2_24h,东营,45.0
20170124,11,NO2,东营,31.0
20170124,11,NO2_24h,东营,43.0
20170124,11,O3,东营,57.0
20170124,11,O3_24h,东营,68.0
20170124,11,O3_8h,东营,26.0
20170124,11,O3_8h_24h,东营,35.0
20170124,11,CO,东营,1.13
20170124,11,CO_24h,东营,1.13
20170124,12,AQI,东营,74.0
20170124,12,PM2.5,东营,54.0
20170124,12,PM2.5_24h,东营,59.0
20170124,12,PM10,东营,91.0
20170124,12,PM10_24h,东营,90.0
20170124,12,SO2,东营,42.0
20170124,12,SO2_24h,东营,44.0
20170124,12,NO2,东营,27.0
20170124,12,NO2_24h,东营,42.0
20170124,12,O3,东营,67.0
20170124,12,O3_24h,东营,69.0
20170124,12,O3_8h,东营,31.0
20170124,12,O3_8h_24h,东营,35.0
20170124,12,CO,东营,1.13
20170124,12,CO_24h,东营,1.13
20170124,13,AQI,东营,75.0
20170124,13,PM2.5,东营,55.0
20170124,13,PM2.5_24h,东营,59.0
20170124,13,PM10,东营,90.0
20170124,13,PM10_24h,东营,91.0
20170124,13,SO2,东营,44.0
20170124,13,SO2_24h,东营,44.0
20170124,13,NO2,东营,26.0
20170124,13,NO2_24h,东营,42.0
20170124,13,O3,东营,72.0
20170124,13,O3_24h,东营,72.0
20170124,13,O3_8h,东营,37.0
20170124,13,O3_8h_24h,东营,37.0
20170124,13,CO,东营,1.07
20170124,13,CO_24h,东营,1.17
20170124,14,AQI,东营,71.0
20170124,14,PM2.5,东营,52.0
20170124,14,PM2.5_24h,东营,59.0
20170124,14,PM10,东营,88.0
20170124,14,PM10_24h,东营,92.0
20170124,14,SO2,东营,45.0
20170124,14,SO2_24h,东营,44.0
20170124,14,NO2,东营,27.0
20170124,14,NO2_24h,东营,42.0
20170124,14,O3,东营,76.0
20170124,14,O3_24h,东营,76.0
20170124,14,O3_8h,东营,45.0
20170124,14,O3_8h_24h,东营,45.0
20170124,14,CO,东营,1.03
20170124,14,CO_24h,东营,1.17
20170124,15,AQI,东营,75.0
20170124,15,PM2.5,东营,55.0
20170124,15,PM2.5_24h,东营,60.0
20170124,15,PM10,东营,96.0
20170124,15,PM10_24h,东营,93.0
20170124,15,SO2,东营,44.0
20170124,15,SO2_24h,东营,44.0
20170124,15,NO2,东营,27.0
20170124,15,NO2_24h,东营,42.0
20170124,15,O3,东营,80.0
20170124,15,O3_24h,东营,80.0
20170124,15,O3_8h,东营,53.0
20170124,15,O3_8h_24h,东营,53.0
20170124,15,CO,东营,1.0
20170124,15,CO_24h,东营,1.17
20170124,16,AQI,东营,76.0
20170124,16,PM2.5,东营,56.0
20170124,16,PM2.5_24h,东营,60.0
20170124,16,PM10,东营,89.0
20170124,16,PM10_24h,东营,93.0
20170124,16,SO2,东营,37.0
20170124,16,SO2_24h,东营,43.0
20170124,16,NO2,东营,31.0
20170124,16,NO2_24h,东营,42.0
20170124,16,O3,东营,78.0
20170124,16,O3_24h,东营,80.0
20170124,16,O3_8h,东营,61.0
20170124,16,O3_8h_24h,东营,61.0
20170124,16,CO,东营,1.0
20170124,16,CO_24h,东营,1.13
20170124,17,AQI,东营,78.0
20170124,17,PM2.5,东营,57.0
20170124,17,PM2.5_24h,东营,60.0
20170124,17,PM10,东营,96.0
20170124,17,PM10_24h,东营,93.0
20170124,17,SO2,东营,38.0
20170124,17,SO2_24h,东营,42.0
20170124,17,NO2,东营,39.0
20170124,17,NO2_24h,东营,41.0
20170124,17,O3,东营,66.0
20170124,17,O3_24h,东营,80.0
20170124,17,O3_8h,东营,66.0
20170124,17,O3_8h_24h,东营,66.0
20170124,17,CO,东营,1.1
20170124,17,CO_24h,东营,1.13
20170124,18,AQI,东营,91.0
20170124,18,PM2.5,东营,68.0
20170124,18,PM2.5_24h,东营,61.0
20170124,18,PM10,东营,101.0
20170124,18,PM10_24h,东营,93.0
20170124,18,SO2,东营,41.0
20170124,18,SO2_24h,东营,42.0
20170124,18,NO2,东营,52.0
20170124,18,NO2_24h,东营,41.0
20170124,18,O3,东营,50.0
20170124,18,O3_24h,东营,80.0
20170124,18,O3_8h,东营,68.0
20170124,18,O3_8h_24h,东营,68.0
20170124,18,CO,东营,1.17
20170124,18,CO_24h,东营,1.13
20170124,19,AQI,东营,93.0
20170124,19,PM2.5,东营,69.0
20170124,19,PM2.5_24h,东营,61.0
20170124,19,PM10,东营,100.0
20170124,19,PM10_24h,东营,94.0
20170124,19,SO2,东营,43.0
20170124,19,SO2_24h,东营,41.0
20170124,19,NO2,东营,61.0
20170124,19,NO2_24h,东营,41.0
20170124,19,O3,东营,37.0
20170124,19,O3_24h,东营,80.0
20170124,19,O3_8h,东营,66.0
20170124,19,O3_8h_24h,东营,68.0
20170124,19,CO,东营,1.23
20170124,19,CO_24h,东营,1.13
20170124,20,AQI,东营,96.0
20170124,20,PM2.5,东营,72.0
20170124,20,PM2.5_24h,东营,62.0
20170124,20,PM10,东营,118.0
20170124,20,PM10_24h,东营,94.0
20170124,20,SO2,东营,44.0
20170124,20,SO2_24h,东营,40.0
20170124,20,NO2,东营,55.0
20170124,20,NO2_24h,东营,41.0
20170124,20,O3,东营,43.0
20170124,20,O3_24h,东营,80.0
20170124,20,O3_8h,东营,63.0
20170124,20,O3_8h_24h,东营,68.0
20170124,20,CO,东营,1.27
20170124,20,CO_24h,东营,1.13
20170124,21,AQI,东营,95.0
20170124,21,PM2.5,东营,71.0
20170124,21,PM2.5_24h,东营,62.0
20170124,21,PM10,东营,102.0
20170124,21,PM10_24h,东营,95.0
20170124,21,SO2,东营,39.0
20170124,21,SO2_24h,东营,39.0
20170124,21,NO2,东营,50.0
20170124,21,NO2_24h,东营,41.0
20170124,21,O3,东营,50.0
20170124,21,O3_24h,东营,80.0
20170124,21,O3_8h,东营,60.0
20170124,21,O3_8h_24h,东营,68.0
20170124,21,CO,东营,1.27
20170124,21,CO_24h,东营,1.13
20170124,22,AQI,东营,93.0
20170124,22,PM2.5,东营,69.0
20170124,22,PM2.5_24h,东营,63.0
20170124,22,PM10,东营,106.0
20170124,22,PM10_24h,东营,96.0
20170124,22,SO2,东营,32.0
20170124,22,SO2_24h,东营,39.0
20170124,22,NO2,东营,41.0
20170124,22,NO2_24h,东营,41.0
20170124,22,O3,东营,58.0
20170124,22,O3_24h,东营,80.0
20170124,22,O3_8h,东营,58.0
20170124,22,O3_8h_24h,东营,68.0
20170124,22,CO,东营,1.23
20170124,22,CO_24h,东营,1.13
20170124,23,AQI,东营,96.0
20170124,23,PM2.5,东营,72.0
20170124,23,PM2.5_24h,东营,64.0
20170124,23,PM10,东营,109.0
20170124,23,PM10_24h,东营,97.0
20170124,23,SO2,东营,36.0
20170124,23,SO2_24h,东营,39.0
20170124,23,NO2,东营,41.0
20170124,23,NO2_24h,东营,42.0
20170124,23,O3,东营,58.0
20170124,23,O3_24h,东营,80.0
20170124,23,O3_8h,东营,55.0
20170124,23,O3_8h_24h,东营,68.0
20170124,23,CO,东营,1.37
20170124,23,CO_24h,东营,1.17
20170124,0,AQI,韶关,80.0
20170124,0,PM2.5,韶关,59.0
20170124,0,PM2.5_24h,韶关,50.0
20170124,0,PM10,韶关,97.0
20170124,0,PM10_24h,韶关,75.0
20170124,0,SO2,韶关,11.0
20170124,0,SO2_24h,韶关,15.0
20170124,0,NO2,韶关,55.0
20170124,0,NO2_24h,韶关,40.0
20170124,0,O3,韶关,19.0
20170124,0,O3_24h,韶关,125.0
20170124,0,O3_8h,韶关,45.0
20170124,0,O3_8h_24h,韶关,100.0
20170124,0,CO,韶关,1.26
20170124,0,CO_24h,韶关,1.08
20170124,1,AQI,韶关,84.0
20170124,1,PM2.5,韶关,62.0
20170124,1,PM2.5_24h,韶关,51.0
20170124,1,PM10,韶关,85.0
20170124,1,PM10_24h,韶关,75.0
20170124,1,SO2,韶关,11.0
20170124,1,SO2_24h,韶关,15.0
20170124,1,NO2,韶关,47.0
20170124,1,NO2_24h,韶关,40.0
20170124,1,O3,韶关,18.0
20170124,1,O3_24h,韶关,125.0
20170124,1,O3_8h,韶关,18.0
20170124,1,O3_8h_24h,韶关,18.0
20170124,1,CO,韶关,1.22
20170124,1,CO_24h,韶关,1.12
20170124,2,AQI,韶关,85.0
20170124,2,PM2.5,韶关,63.0
20170124,2,PM2.5_24h,韶关,52.0
20170124,2,PM10,韶关,89.0
20170124,2,PM10_24h,韶关,76.0
20170124,2,SO2,韶关,11.0
20170124,2,SO2_24h,韶关,14.0
20170124,2,NO2,韶关,46.0
20170124,2,NO2_24h,韶关,40.0
20170124,2,O3,韶关,15.0
20170124,2,O3_24h,韶关,125.0
20170124,2,O3_8h,韶关,17.0
20170124,2,O3_8h_24h,韶关,19.0
20170124,2,CO,韶关,1.2
20170124,2,CO_24h,韶关,1.12
20170124,3,AQI,韶关,83.0
20170124,3,PM2.5,韶关,61.0
20170124,3,PM2.5_24h,韶关,52.0
20170124,3,PM10,韶关,79.0
20170124,3,PM10_24h,韶关,76.0
20170124,3,SO2,韶关,10.0
20170124,3,SO2_24h,韶关,14.0
20170124,3,NO2,韶关,38.0
20170124,3,NO2_24h,韶关,40.0
20170124,3,O3,韶关,16.0
20170124,3,O3_24h,韶关,125.0
20170124,3,O3_8h,韶关,16.0
20170124,3,O3_8h_24h,韶关,20.0
20170124,3,CO,韶关,1.14
20170124,3,CO_24h,韶关,1.12
20170124,4,AQI,韶关,79.0
20170124,4,PM2.5,韶关,58.0
20170124,4,PM2.5_24h,韶关,52.0
20170124,4,PM10,韶关,74.0
20170124,4,PM10_24h,韶关,77.0
20170124,4,SO2,韶关,10.0
20170124,4,SO2_24h,韶关,14.0
20170124,4,NO2,韶关,38.0
20170124,4,NO2_24h,韶关,40.0
20170124,4,O3,韶关,15.0
20170124,4,O3_24h,韶关,125.0
20170124,4,O3_8h,韶关,16.0
20170124,4,O3_8h_24h,韶关,20.0
20170124,4,CO,韶关,1.14
20170124,4,CO_24h,韶关,1.12
20170124,5,AQI,韶关,78.0
20170124,5,PM2.5,韶关,57.0
20170124,5,PM2.5_24h,韶关,53.0
20170124,5,PM10,韶关,74.0
20170124,5,PM10_24h,韶关,77.0
20170124,5,SO2,韶关,10.0
20170124,5,SO2_24h,韶关,14.0
20170124,5,NO2,韶关,38.0
20170124,5,NO2_24h,韶关,41.0
20170124,5,O3,韶关,12.0
20170124,5,O3_24h,韶关,125.0
20170124,5,O3_8h,韶关,15.0
20170124,5,O3_8h_24h,韶关,20.0
20170124,5,CO,韶关,1.18
20170124,5,CO_24h,韶关,1.14
20170124,6,AQI,韶关,75.0
20170124,6,PM2.5,韶关,55.0
20170124,6,PM2.5_24h,韶关,53.0
20170124,6,PM10,韶关,74.0
20170124,6,PM10_24h,韶关,77.0
20170124,6,SO2,韶关,10.0
20170124,6,SO2_24h,韶关,13.0
20170124,6,NO2,韶关,37.0
20170124,6,NO2_24h,韶关,41.0
20170124,6,O3,韶关,9.0
20170124,6,O3_24h,韶关,125.0
20170124,6,O3_8h,韶关,14.0
20170124,6,O3_8h_24h,韶关,20.0
20170124,6,CO,韶关,1.22
20170124,6,CO_24h,韶关,1.14
20170124,7,AQI,韶关,76.0
20170124,7,PM2.5,韶关,56.0
20170124,7,PM2.5_24h,韶关,54.0
20170124,7,PM10,韶关,69.0
20170124,7,PM10_24h,韶关,78.0
20170124,7,SO2,韶关,10.0
20170124,7,SO2_24h,韶关,13.0
20170124,7,NO2,韶关,36.0
20170124,7,NO2_24h,韶关,41.0
20170124,7,O3,韶关,11.0
20170124,7,O3_24h,韶关,125.0
20170124,7,O3_8h,韶关,14.0
20170124,7,O3_8h_24h,韶关,20.0
20170124,7,CO,韶关,1.24
20170124,7,CO_24h,韶关,1.14
20170124,8,AQI,韶关,80.0
20170124,8,PM2.5,韶关,59.0
20170124,8,PM2.5_24h,韶关,54.0
20170124,8,PM10,韶关,75.0
20170124,8,PM10_24h,韶关,78.0
20170124,8,SO2,韶关,12.0
20170124,8,SO2_24h,韶关,13.0
20170124,8,NO2,韶关,37.0
20170124,8,NO2_24h,韶关,41.0
20170124,8,O3,韶关,10.0
20170124,8,O3_24h,韶关,125.0
20170124,8,O3_8h,韶关,13.0
20170124,8,O3_8h_24h,韶关,20.0
20170124,8,CO,韶关,1.34
20170124,8,CO_24h,韶关,1.14
20170124,9,AQI,韶关,79.0
20170124,9,PM2.5,韶关,58.0
20170124,9,PM2.5_24h,韶关,54.0
20170124,9,PM10,韶关,70.0
20170124,9,PM10_24h,韶关,79.0
20170124,9,SO2,韶关,14.0
20170124,9,SO2_24h,韶关,13.0
20170124,9,NO2,韶关,35.0
20170124,9,NO2_24h,韶关,41.0
20170124,9,O3,韶关,17.0
20170124,9,O3_24h,韶关,125.0
20170124,9,O3_8h,韶关,13.0
20170124,9,O3_8h_24h,韶关,21.0
20170124,9,CO,韶关,1.36
20170124,9,CO_24h,韶关,1.16
20170124,10,AQI,韶关,76.0
20170124,10,PM2.5,韶关,56.0
20170124,10,PM2.5_24h,韶关,55.0
20170124,10,PM10,韶关,76.0
20170124,10,PM10_24h,韶关,79.0
20170124,10,SO2,韶关,23.0
20170124,10,SO2_24h,韶关,13.0
20170124,10,NO2,韶关,34.0
20170124,10,NO2_24h,韶关,41.0
20170124,10,O3,韶关,36.0
20170124,10,O3_24h,韶关,125.0
20170124,10,O3_8h,韶关,16.0
20170124,10,O3_8h_24h,韶关,22.0
20170124,10,CO,韶关,1.3
20170124,10,CO_24h,韶关,1.16
20170124,11,AQI,韶关,74.0
20170124,11,PM2.5,韶关,54.0
20170124,11,PM2.5_24h,韶关,55.0
20170124,11,PM10,韶关,85.0
20170124,11,PM10_24h,韶关,80.0
20170124,11,SO2,韶关,22.0
20170124,11,SO2_24h,韶关,13.0
20170124,11,NO2,韶关,32.0
20170124,11,NO2_24h,韶关,41.0
20170124,11,O3,韶关,55.0
20170124,11,O3_24h,韶关,125.0
20170124,11,O3_8h,韶关,21.0
20170124,11,O3_8h_24h,韶关,25.0
20170124,11,CO,韶关,1.14
20170124,11,CO_24h,韶关,1.16
20170124,12,AQI,韶关,75.0
20170124,12,PM2.5,韶关,55.0
20170124,12,PM2.5_24h,韶关,55.0
20170124,12,PM10,韶关,83.0
20170124,12,PM10_24h,韶关,80.0
20170124,12,SO2,韶关,20.0
20170124,12,SO2_24h,韶关,13.0
20170124,12,NO2,韶关,30.0
20170124,12,NO2_24h,韶关,41.0
20170124,12,O3,韶关,70.0
20170124,12,O3_24h,韶关,125.0
20170124,12,O3_8h,韶关,28.0
20170124,12,O3_8h_24h,韶关,29.0
20170124,12,CO,韶关,1.1
20170124,12,CO_24h,韶关,1.16
20170124,13,AQI,韶关,74.0
20170124,13,PM2.5,韶关,54.0
20170124,13,PM2.5_24h,韶关,56.0
20170124,13,PM10,韶关,75.0
20170124,13,PM10_24h,韶关,80.0
20170124,13,SO2,韶关,19.0
20170124,13,SO2_24h,韶关,13.0
20170124,13,NO2,韶关,27.0
20170124,13,NO2_24h,韶关,41.0
20170124,13,O3,韶关,87.0
20170124,13,O3_24h,韶关,125.0
20170124,13,O3_8h,韶关,37.0
20170124,13,O3_8h_24h,韶关,37.0
20170124,13,CO,韶关,1.1
20170124,13,CO_24h,韶关,1.16
20170124,14,AQI,韶关,73.0
20170124,14,PM2.5,韶关,53.0
20170124,14,PM2.5_24h,韶关,56.0
20170124,14,PM10,韶关,79.0
20170124,14,PM10_24h,韶关,80.0
20170124,14,SO2,韶关,19.0
20170124,14,SO2_24h,韶关,13.0
20170124,14,NO2,韶关,28.0
20170124,14,NO2_24h,韶关,42.0
20170124,14,O3,韶关,103.0
20170124,14,O3_24h,韶关,125.0
20170124,14,O3_8h,韶关,49.0
20170124,14,O3_8h_24h,韶关,49.0
20170124,14,CO,韶关,1.22
20170124,14,CO_24h,韶关,1.18
20170124,15,AQI,韶关,68.0
20170124,15,PM2.5,韶关,49.0
20170124,15,PM2.5_24h,韶关,56.0
20170124,15,PM10,韶关,76.0
20170124,15,PM10_24h,韶关,80.0
20170124,15,SO2,韶关,45.0
20170124,15,SO2_24h,韶关,14.0
20170124,15,NO2,韶关,28.0
20170124,15,NO2_24h,韶关,42.0
20170124,15,O3,韶关,113.0
20170124,15,O3_24h,韶关,125.0
20170124,15,O3_8h,韶关,61.0
20170124,15,O3_8h_24h,韶关,61.0
20170124,15,CO,韶关,1.28
20170124,15,CO_24h,韶关,1.2
20170124,16,AQI,韶关,65.0
20170124,16,PM2.5,韶关,47.0
20170124,16,PM2.5_24h,韶关,57.0
20170124,16,PM10,韶关,71.0
20170124,16,PM10_24h,韶关,81.0
20170124,16,SO2,韶关,19.0
20170124,16,SO2_24h,韶关,15.0
20170124,16,NO2,韶关,31.0
20170124,16,NO2_24h,韶关,43.0
20170124,16,O3,韶关,119.0
20170124,16,O3_24h,韶关,125.0
20170124,16,O3_8h,韶关,75.0
20170124,16,O3_8h_24h,韶关,75.0
20170124,16,CO,韶关,1.26
20170124,16,CO_24h,韶关,1.24
20170124,17,AQI,韶关,65.0
20170124,17,PM2.5,韶关,47.0
20170124,17,PM2.5_24h,韶关,57.0
20170124,17,PM10,韶关,69.0
20170124,17,PM10_24h,韶关,81.0
20170124,17,SO2,韶关,16.0
20170124,17,SO2_24h,韶关,15.0
20170124,17,NO2,韶关,29.0
20170124,17,NO2_24h,韶关,43.0
20170124,17,O3,韶关,120.0
20170124,17,O3_24h,韶关,123.0
20170124,17,O3_8h,韶关,88.0
20170124,17,O3_8h_24h,韶关,88.0
20170124,17,CO,韶关,1.14
20170124,17,CO_24h,韶关,1.26
20170124,18,AQI,韶关,69.0
20170124,18,PM2.5,韶关,50.0
20170124,18,PM2.5_24h,韶关,57.0
20170124,18,PM10,韶关,76.0
20170124,18,PM10_24h,韶关,82.0
20170124,18,SO2,韶关,13.0
20170124,18,SO2_24h,韶关,15.0
20170124,18,NO2,韶关,42.0
20170124,18,NO2_24h,韶关,43.0
20170124,18,O3,韶关,95.0
20170124,18,O3_24h,韶关,123.0
20170124,18,O3_8h,韶关,95.0
20170124,18,O3_8h_24h,韶关,95.0
20170124,18,CO,韶关,1.2
20170124,18,CO_24h,韶关,1.26
20170124,19,AQI,韶关,90.0
20170124,19,PM2.5,韶关,67.0
20170124,19,PM2.5_24h,韶关,58.0
20170124,19,PM10,韶关,97.0
20170124,19,PM10_24h,韶关,82.0
20170124,19,SO2,韶关,15.0
20170124,19,SO2_24h,韶关,15.0
20170124,19,NO2,韶关,86.0
20170124,19,NO2_24h,韶关,43.0
20170124,19,O3,韶关,44.0
20170124,19,O3_24h,韶关,123.0
20170124,19,O3_8h,韶关,94.0
20170124,19,O3_8h_24h,韶关,96.0
20170124,19,CO,韶关,2.4
20170124,19,CO_24h,韶关,1.32
20170124,20,AQI,韶关,106.0
20170124,20,PM2.5,韶关,80.0
20170124,20,PM2.5_24h,韶关,58.0
20170124,20,PM10,韶关,156.0
20170124,20,PM10_24h,韶关,83.0
20170124,20,SO2,韶关,16.0
20170124,20,SO2_24h,韶关,15.0
20170124,20,NO2,韶关,75.0
20170124,20,NO2_24h,韶关,43.0
20170124,20,O3,韶关,42.0
20170124,20,O3_24h,韶关,123.0
20170124,20,O3_8h,韶关,90.0
20170124,20,O3_8h_24h,韶关,96.0
20170124,20,CO,韶关,2.16
20170124,20,CO_24h,韶关,1.32
20170124,21,AQI,韶关,109.0
20170124,21,PM2.5,韶关,82.0
20170124,21,PM2.5_24h,韶关,59.0
20170124,21,PM10,韶关,136.0
20170124,21,PM10_24h,韶关,83.0
20170124,21,SO2,韶关,13.0
20170124,21,SO2_24h,韶关,15.0
20170124,21,NO2,韶关,75.0
20170124,21,NO2_24h,韶关,43.0
20170124,21,O3,韶关,27.0
20170124,21,O3_24h,韶关,123.0
20170124,21,O3_8h,韶关,83.0
20170124,21,O3_8h_24h,韶关,96.0
20170124,21,CO,韶关,1.96
20170124,21,CO_24h,韶关,1.34
20170124,22,AQI,韶关,103.0
20170124,22,PM2.5,韶关,77.0
20170124,22,PM2.5_24h,韶关,59.0
20170124,22,PM10,韶关,110.0
20170124,22,PM10_24h,韶关,84.0
20170124,22,SO2,韶关,13.0
20170124,22,SO2_24h,韶关,15.0
20170124,22,NO2,韶关,69.0
20170124,22,NO2_24h,韶关,44.0
20170124,22,O3,韶关,23.0
20170124,22,O3_24h,韶关,123.0
20170124,22,O3_8h,韶关,73.0
20170124,22,O3_8h_24h,韶关,96.0
20170124,22,CO,韶关,1.76
20170124,22,CO_24h,韶关,1.34
20170124,23,AQI,韶关,99.0
20170124,23,PM2.5,韶关,74.0
20170124,23,PM2.5_24h,韶关,60.0
20170124,23,PM10,韶关,104.0
20170124,23,PM10_24h,韶关,84.0
20170124,23,SO2,韶关,13.0
20170124,23,SO2_24h,韶关,15.0
20170124,23,NO2,韶关,56.0
20170124,23,NO2_24h,韶关,44.0
20170124,23,O3,韶关,31.0
20170124,23,O3_24h,韶关,123.0
20170124,23,O3_8h,韶关,63.0
20170124,23,O3_8h_24h,韶关,96.0
20170124,23,CO,韶关,1.62
20170124,23,CO_24h,韶关,1.38
20170124,0,AQI,汕头,57.0
20170124,0,PM2.5,汕头,33.0
20170124,0,PM2.5_24h,汕头,33.0
20170124,0,PM10,汕头,63.0
20170124,0,PM10_24h,汕头,64.0
20170124,0,SO2,汕头,8.0
20170124,0,SO2_24h,汕头,9.0
20170124,0,NO2,汕头,16.0
20170124,0,NO2_24h,汕头,17.0
20170124,0,O3,汕头,106.0
20170124,0,O3_24h,汕头,138.0
20170124,0,O3_8h,汕头,119.0
20170124,0,O3_8h_24h,汕头,129.0
20170124,0,CO,汕头,0.83
20170124,0,CO_24h,汕头,0.8
20170124,1,AQI,汕头,55.0
20170124,1,PM2.5,汕头,32.0
20170124,1,PM2.5_24h,汕头,34.0
20170124,1,PM10,汕头,60.0
20170124,1,PM10_24h,汕头,63.0
20170124,1,SO2,汕头,9.0
20170124,1,SO2_24h,汕头,9.0
20170124,1,NO2,汕头,16.0
20170124,1,NO2_24h,汕头,17.0
20170124,1,O3,汕头,106.0
20170124,1,O3_24h,汕头,138.0
20170124,1,O3_8h,汕头,106.0
20170124,1,O3_8h_24h,汕头,106.0
20170124,1,CO,汕头,0.8
20170124,1,CO_24h,汕头,0.8
20170124,2,AQI,汕头,58.0
20170124,2,PM2.5,汕头,32.0
20170124,2,PM2.5_24h,汕头,34.0
20170124,2,PM10,汕头,65.0
20170124,2,PM10_24h,汕头,64.0
20170124,2,SO2,汕头,9.0
20170124,2,SO2_24h,汕头,9.0
20170124,2,NO2,汕头,14.0
20170124,2,NO2_24h,汕头,17.0
20170124,2,O3,汕头,107.0
20170124,2,O3_24h,汕头,138.0
20170124,2,O3_8h,汕头,106.0
20170124,2,O3_8h_24h,汕头,106.0
20170124,2,CO,汕头,0.78
20170124,2,CO_24h,汕头,0.8
20170124,3,AQI,汕头,55.0
20170124,3,PM2.5,汕头,32.0
20170124,3,PM2.5_24h,汕头,34.0
20170124,3,PM10,汕头,59.0
20170124,3,PM10_24h,汕头,64.0
20170124,3,SO2,汕头,9.0
20170124,3,SO2_24h,汕头,9.0
20170124,3,NO2,汕头,13.0
20170124,3,NO2_24h,汕头,17.0
20170124,3,O3,汕头,106.0
20170124,3,O3_24h,汕头,138.0
20170124,3,O3_8h,汕头,106.0
20170124,3,O3_8h_24h,汕头,106.0
20170124,3,CO,汕头,0.73
20170124,3,CO_24h,汕头,0.8
20170124,4,AQI,汕头,55.0
20170124,4,PM2.5,汕头,31.0
20170124,4,PM2.5_24h,汕头,34.0
20170124,4,PM10,汕头,60.0
20170124,4,PM10_24h,汕头,64.0
20170124,4,SO2,汕头,9.0
20170124,4,SO2_24h,汕头,9.0
20170124,4,NO2,汕头,13.0
20170124,4,NO2_24h,汕头,17.0
20170124,4,O3,汕头,105.0
20170124,4,O3_24h,汕头,138.0
20170124,4,O3_8h,汕头,106.0
20170124,4,O3_8h_24h,汕头,106.0
20170124,4,CO,汕头,0.73
20170124,4,CO_24h,汕头,0.8
20170124,5,AQI,汕头,50.0
20170124,5,PM2.5,汕头,31.0
20170124,5,PM2.5_24h,汕头,34.0
20170124,5,PM10,汕头,50.0
20170124,5,PM10_24h,汕头,63.0
20170124,5,SO2,汕头,9.0
20170124,5,SO2_24h,汕头,9.0
20170124,5,NO2,汕头,13.0
20170124,5,NO2_24h,汕头,17.0
20170124,5,O3,汕头,99.0
20170124,5,O3_24h,汕头,138.0
20170124,5,O3_8h,汕头,104.0
20170124,5,O3_8h_24h,汕头,106.0
20170124,5,CO,汕头,0.72
20170124,5,CO_24h,汕头,0.82
20170124,6,AQI,汕头,48.0
20170124,6,PM2.5,汕头,31.0
20170124,6,PM2.5_24h,汕头,33.0
20170124,6,PM10,汕头,48.0
20170124,6,PM10_24h,汕头,63.0
20170124,6,SO2,汕头,10.0
20170124,6,SO2_24h,汕头,9.0
20170124,6,NO2,汕头,14.0
20170124,6,NO2_24h,汕头,17.0
20170124,6,O3,汕头,94.0
20170124,6,O3_24h,汕头,138.0
20170124,6,O3_8h,汕头,103.0
20170124,6,O3_8h_24h,汕头,106.0
20170124,6,CO,汕头,0.72
20170124,6,CO_24h,汕头,0.82
20170124,7,AQI,汕头,48.0
20170124,7,PM2.5,汕头,31.0
20170124,7,PM2.5_24h,汕头,33.0
20170124,7,PM10,汕头,48.0
20170124,7,PM10_24h,汕头,62.0
20170124,7,SO2,汕头,9.0
20170124,7,SO2_24h,汕头,9.0
20170124,7,NO2,汕头,16.0
20170124,7,NO2_24h,汕头,17.0
20170124,7,O3,汕头,91.0
20170124,7,O3_24h,汕头,138.0
20170124,7,O3_8h,汕头,101.0
20170124,7,O3_8h_24h,汕头,106.0
20170124,7,CO,汕头,0.73
20170124,7,CO_24h,汕头,0.82
20170124,8,AQI,汕头,46.0
20170124,8,PM2.5,汕头,30.0
20170124,8,PM2.5_24h,汕头,33.0
20170124,8,PM10,汕头,46.0
20170124,8,PM10_24h,汕头,61.0
20170124,8,SO2,汕头,9.0
20170124,8,SO2_24h,汕头,9.0
20170124,8,NO2,汕头,19.0
20170124,8,NO2_24h,汕头,16.0
20170124,8,O3,汕头,85.0
20170124,8,O3_24h,汕头,138.0
20170124,8,O3_8h,汕头,99.0
20170124,8,O3_8h_24h,汕头,106.0
20170124,8,CO,汕头,0.82
20170124,8,CO_24h,汕头,0.82
20170124,9,AQI,汕头,47.0
20170124,9,PM2.5,汕头,30.0
20170124,9,PM2.5_24h,汕头,33.0
20170124,9,PM10,汕头,47.0
20170124,9,PM10_24h,汕头,61.0
20170124,9,SO2,汕头,9.0
20170124,9,SO2_24h,汕头,9.0
20170124,9,NO2,汕头,19.0
20170124,9,NO2_24h,汕头,16.0
20170124,9,O3,汕头,85.0
20170124,9,O3_24h,汕头,138.0
20170124,9,O3_8h,汕头,96.0
20170124,9,O3_8h_24h,汕头,106.0
20170124,9,CO,汕头,0.85
20170124,9,CO_24h,汕头,0.82
20170124,10,AQI,汕头,47.0
20170124,10,PM2.5,汕头,29.0
20170124,10,PM2.5_24h,汕头,33.0
20170124,10,PM10,汕头,47.0
20170124,10,PM10_24h,汕头,60.0
20170124,10,SO2,汕头,8.0
20170124,10,SO2_24h,汕头,9.0
20170124,10,NO2,汕头,17.0
20170124,10,NO2_24h,汕头,16.0
20170124,10,O3,汕头,89.0
20170124,10,O3_24h,汕头,138.0
20170124,10,O3_8h,汕头,94.0
20170124,10,O3_8h_24h,汕头,106.0
20170124,10,CO,汕头,0.82
20170124,10,CO_24h,汕头,0.82
20170124,11,AQI,汕头,45.0
20170124,11,PM2.5,汕头,28.0
20170124,11,PM2.5_24h,汕头,32.0
20170124,11,PM10,汕头,45.0
20170124,11,PM10_24h,汕头,59.0
20170124,11,SO2,汕头,8.0
20170124,11,SO2_24h,汕头,9.0
20170124,11,NO2,汕头,14.0
20170124,11,NO2_24h,汕头,16.0
20170124,11,O3,汕头,93.0
20170124,11,O3_24h,汕头,138.0
20170124,11,O3_8h,汕头,93.0
20170124,11,O3_8h_24h,汕头,106.0
20170124,11,CO,汕头,0.78
20170124,11,CO_24h,汕头,0.8
20170124,12,AQI,汕头,47.0
20170124,12,PM2.5,汕头,27.0
20170124,12,PM2.5_24h,汕头,32.0
20170124,12,PM10,汕头,47.0
20170124,12,PM10_24h,汕头,59.0
20170124,12,SO2,汕头,8.0
20170124,12,SO2_24h,汕头,9.0
20170124,12,NO2,汕头,14.0
20170124,12,NO2_24h,汕头,16.0
20170124,12,O3,汕头,98.0
20170124,12,O3_24h,汕头,138.0
20170124,12,O3_8h,汕头,92.0
20170124,12,O3_8h_24h,汕头,106.0
20170124,12,CO,汕头,0.73
20170124,12,CO_24h,汕头,0.8
20170124,13,AQI,汕头,44.0
20170124,13,PM2.5,汕头,28.0
20170124,13,PM2.5_24h,汕头,32.0
20170124,13,PM10,汕头,44.0
20170124,13,PM10_24h,汕头,58.0
20170124,13,SO2,汕头,8.0
20170124,13,SO2_24h,汕头,9.0
20170124,13,NO2,汕头,13.0
20170124,13,NO2_24h,汕头,16.0
20170124,13,O3,汕头,102.0
20170124,13,O3_24h,汕头,138.0
20170124,13,O3_8h,汕头,92.0
20170124,13,O3_8h_24h,汕头,106.0
20170124,13,CO,汕头,0.73
20170124,13,CO_24h,汕头,0.8
20170124,14,AQI,汕头,48.0
20170124,14,PM2.5,汕头,28.0
20170124,14,PM2.5_24h,汕头,31.0
20170124,14,PM10,汕头,48.0
20170124,14,PM10_24h,汕头,58.0
20170124,14,SO2,汕头,7.0
20170124,14,SO2_24h,汕头,9.0
20170124,14,NO2,汕头,13.0
20170124,14,NO2_24h,汕头,16.0
20170124,14,O3,汕头,108.0
20170124,14,O3_24h,汕头,138.0
20170124,14,O3_8h,汕头,94.0
20170124,14,O3_8h_24h,汕头,106.0
20170124,14,CO,汕头,0.5
20170124,14,CO_24h,汕头,0.8
20170124,15,AQI,汕头,48.0
20170124,15,PM2.5,汕头,28.0
20170124,15,PM2.5_24h,汕头,31.0
20170124,15,PM10,汕头,48.0
20170124,15,PM10_24h,汕头,57.0
20170124,15,SO2,汕头,7.0
20170124,15,SO2_24h,汕头,8.0
20170124,15,NO2,汕头,15.0
20170124,15,NO2_24h,汕头,16.0
20170124,15,O3,汕头,110.0
20170124,15,O3_24h,汕头,138.0
20170124,15,O3_8h,汕头,96.0
20170124,15,O3_8h_24h,汕头,106.0
20170124,15,CO,汕头,0.53
20170124,15,CO_24h,汕头,0.75
20170124,16,AQI,汕头,48.0
20170124,16,PM2.5,汕头,28.0
20170124,16,PM2.5_24h,汕头,31.0
20170124,16,PM10,汕头,48.0
20170124,16,PM10_24h,汕头,56.0
20170124,16,SO2,汕头,6.0
20170124,16,SO2_24h,汕头,8.0
20170124,16,NO2,汕头,16.0
20170124,16,NO2_24h,汕头,16.0
20170124,16,O3,汕头,110.0
20170124,16,O3_24h,汕头,137.0
20170124,16,O3_8h,汕头,99.0
20170124,16,O3_8h_24h,汕头,106.0
20170124,16,CO,汕头,0.8
20170124,16,CO_24h,汕头,0.77
20170124,17,AQI,汕头,52.0
20170124,17,PM2.5,汕头,28.0
20170124,17,PM2.5_24h,汕头,31.0
20170124,17,PM10,汕头,54.0
20170124,17,PM10_24h,汕头,55.0
20170124,17,SO2,汕头,6.0
20170124,17,SO2_24h,汕头,8.0
20170124,17,NO2,汕头,16.0
20170124,17,NO2_24h,汕头,16.0
20170124,17,O3,汕头,111.0
20170124,17,O3_24h,汕头,130.0
20170124,17,O3_8h,汕头,103.0
20170124,17,O3_8h_24h,汕头,106.0
20170124,17,CO,汕头,0.82
20170124,17,CO_24h,汕头,0.77
20170124,18,AQI,汕头,43.0
20170124,18,PM2.5,汕头,27.0
20170124,18,PM2.5_24h,汕头,30.0
20170124,18,PM10,汕头,43.0
20170124,18,PM10_24h,汕头,54.0
20170124,18,SO2,汕头,5.0
20170124,18,SO2_24h,汕头,8.0
20170124,18,NO2,汕头,17.0
20170124,18,NO2_24h,汕头,16.0
20170124,18,O3,汕头,106.0
20170124,18,O3_24h,汕头,122.0
20170124,18,O3_8h,汕头,105.0
20170124,18,O3_8h_24h,汕头,107.0
20170124,18,CO,汕头,0.68
20170124,18,CO_24h,汕头,0.77
20170124,19,AQI,汕头,44.0
20170124,19,PM2.5,汕头,25.0
20170124,19,PM2.5_24h,汕头,30.0
20170124,19,PM10,汕头,44.0
20170124,19,PM10_24h,汕头,52.0
20170124,19,SO2,汕头,5.0
20170124,19,SO2_24h,汕头,8.0
20170124,19,NO2,汕头,16.0
20170124,19,NO2_24h,汕头,15.0
20170124,19,O3,汕头,100.0
20170124,19,O3_24h,汕头,119.0
20170124,19,O3_8h,汕头,105.0
20170124,19,O3_8h_24h,汕头,107.0
20170124,19,CO,汕头,0.58
20170124,19,CO_24h,汕头,0.75
20170124,20,AQI,汕头,40.0
20170124,20,PM2.5,汕头,24.0
20170124,20,PM2.5_24h,汕头,30.0
20170124,20,PM10,汕头,40.0
20170124,20,PM10_24h,汕头,52.0
20170124,20,SO2,汕头,5.0
20170124,20,SO2_24h,汕头,8.0
20170124,20,NO2,汕头,16.0
20170124,20,NO2_24h,汕头,15.0
20170124,20,O3,汕头,92.0
20170124,20,O3_24h,汕头,116.0
20170124,20,O3_8h,汕头,105.0
20170124,20,O3_8h_24h,汕头,107.0
20170124,20,CO,汕头,0.57
20170124,20,CO_24h,汕头,0.72
20170124,21,AQI,汕头,36.0
20170124,21,PM2.5,汕头,23.0
20170124,21,PM2.5_24h,汕头,29.0
20170124,21,PM10,汕头,36.0
20170124,21,PM10_24h,汕头,50.0
20170124,21,SO2,汕头,5.0
20170124,21,SO2_24h,汕头,8.0
20170124,21,NO2,汕头,14.0
20170124,21,NO2_24h,汕头,15.0
20170124,21,O3,汕头,88.0
20170124,21,O3_24h,汕头,115.0
20170124,21,O3_8h,汕头,103.0
20170124,21,O3_8h_24h,汕头,107.0
20170124,21,CO,汕头,0.58
20170124,21,CO_24h,汕头,0.72
20170124,22,AQI,汕头,31.0
20170124,22,PM2.5,汕头,22.0
20170124,22,PM2.5_24h,汕头,29.0
20170124,22,PM10,汕头,31.0
20170124,22,PM10_24h,汕头,49.0
20170124,22,SO2,汕头,5.0
20170124,22,SO2_24h,汕头,8.0
20170124,22,NO2,汕头,14.0
20170124,22,NO2_24h,汕头,15.0
20170124,22,O3,汕头,83.0
20170124,22,O3_24h,汕头,113.0
20170124,22,O3_8h,汕头,100.0
20170124,22,O3_8h_24h,汕头,107.0
20170124,22,CO,汕头,0.6
20170124,22,CO_24h,汕头,0.72
20170124,23,AQI,汕头,32.0
20170124,23,PM2.5,汕头,21.0
20170124,23,PM2.5_24h,汕头,28.0
20170124,23,PM10,汕头,32.0
20170124,23,PM10_24h,汕头,48.0
20170124,23,SO2,汕头,5.0
20170124,23,SO2_24h,汕头,7.0
20170124,23,NO2,汕头,16.0
20170124,23,NO2_24h,汕头,15.0
20170124,23,O3,汕头,79.0
20170124,23,O3_24h,汕头,112.0
20170124,23,O3_8h,汕头,96.0
20170124,23,O3_8h_24h,汕头,107.0
20170124,23,CO,汕头,0.57
20170124,23,CO_24h,汕头,0.72
20170124,0,AQI,湛江,60.0
20170124,0,PM2.5,湛江,43.0
20170124,0,PM2.5_24h,湛江,55.0
20170124,0,PM10,湛江,54.0
20170124,0,PM10_24h,湛江,73.0
20170124,0,SO2,湛江,6.0
20170124,0,SO2_24h,湛江,12.0
20170124,0,NO2,湛江,12.0
20170124,0,NO2_24h,湛江,22.0
20170124,0,O3,湛江,142.0
20170124,0,O3_24h,湛江,173.0
20170124,0,O3_8h,湛江,155.0
20170124,0,O3_8h_24h,湛江,162.0
20170124,0,CO,湛江,0.8
20170124,0,CO_24h,湛江,0.97
20170124,1,AQI,湛江,64.0
20170124,1,PM2.5,湛江,46.0
20170124,1,PM2.5_24h,湛江,55.0
20170124,1,PM10,湛江,60.0
20170124,1,PM10_24h,湛江,73.0
20170124,1,SO2,湛江,7.0
20170124,1,SO2_24h,湛江,12.0
20170124,1,NO2,湛江,13.0
20170124,1,NO2_24h,湛江,21.0
20170124,1,O3,湛江,143.0
20170124,1,O3_24h,湛江,173.0
20170124,1,O3_8h,湛江,143.0
20170124,1,O3_8h_24h,湛江,143.0
20170124,1,CO,湛江,0.82
20170124,1,CO_24h,湛江,0.97
20170124,2,AQI,湛江,59.0
20170124,2,PM2.5,湛江,42.0
20170124,2,PM2.5_24h,湛江,54.0
20170124,2,PM10,湛江,64.0
20170124,2,PM10_24h,湛江,73.0
20170124,2,SO2,湛江,7.0
20170124,2,SO2_24h,湛江,12.0
20170124,2,NO2,湛江,11.0
20170124,2,NO2_24h,湛江,21.0
20170124,2,O3,湛江,133.0
20170124,2,O3_24h,湛江,173.0
20170124,2,O3_8h,湛江,138.0
20170124,2,O3_8h_24h,湛江,143.0
20170124,2,CO,湛江,0.77
20170124,2,CO_24h,湛江,0.97
20170124,3,AQI,湛江,58.0
20170124,3,PM2.5,湛江,41.0
20170124,3,PM2.5_24h,湛江,54.0
20170124,3,PM10,湛江,58.0
20170124,3,PM10_24h,湛江,72.0
20170124,3,SO2,湛江,7.0
20170124,3,SO2_24h,湛江,12.0
20170124,3,NO2,湛江,11.0
20170124,3,NO2_24h,湛江,20.0
20170124,3,O3,湛江,127.0
20170124,3,O3_24h,湛江,173.0
20170124,3,O3_8h,湛江,134.0
20170124,3,O3_8h_24h,湛江,143.0
20170124,3,CO,湛江,0.77
20170124,3,CO_24h,湛江,0.93
20170124,4,AQI,湛江,64.0
20170124,4,PM2.5,湛江,46.0
20170124,4,PM2.5_24h,湛江,53.0
20170124,4,PM10,湛江,63.0
20170124,4,PM10_24h,湛江,71.0
20170124,4,SO2,湛江,8.0
20170124,4,SO2_24h,湛江,12.0
20170124,4,NO2,湛江,11.0
20170124,4,NO2_24h,湛江,19.0
20170124,4,O3,湛江,125.0
20170124,4,O3_24h,湛江,173.0
20170124,4,O3_8h,湛江,132.0
20170124,4,O3_8h_24h,湛江,143.0
20170124,4,CO,湛江,0.83
20170124,4,CO_24h,湛江,0.92
20170124,5,AQI,湛江,75.0
20170124,5,PM2.5,湛江,55.0
20170124,5,PM2.5_24h,湛江,52.0
20170124,5,PM10,湛江,68.0
20170124,5,PM10_24h,湛江,70.0
20170124,5,SO2,湛江,9.0
20170124,5,SO2_24h,湛江,12.0
20170124,5,NO2,湛江,15.0
20170124,5,NO2_24h,湛江,19.0
20170124,5,O3,湛江,117.0
20170124,5,O3_24h,湛江,173.0
20170124,5,O3_8h,湛江,129.0
20170124,5,O3_8h_24h,湛江,143.0
20170124,5,CO,湛江,0.88
20170124,5,CO_24h,湛江,0.92
20170124,6,AQI,湛江,83.0
20170124,6,PM2.5,湛江,61.0
20170124,6,PM2.5_24h,湛江,52.0
20170124,6,PM10,湛江,70.0
20170124,6,PM10_24h,湛江,70.0
20170124,6,SO2,湛江,11.0
20170124,6,SO2_24h,湛江,12.0
20170124,6,NO2,湛江,17.0
20170124,6,NO2_24h,湛江,18.0
20170124,6,O3,湛江,109.0
20170124,6,O3_24h,湛江,173.0
20170124,6,O3_8h,湛江,126.0
20170124,6,O3_8h_24h,湛江,143.0
20170124,6,CO,湛江,0.93
20170124,6,CO_24h,湛江,0.92
20170124,7,AQI,湛江,88.0
20170124,7,PM2.5,湛江,65.0
20170124,7,PM2.5_24h,湛江,52.0
20170124,7,PM10,湛江,82.0
20170124,7,PM10_24h,湛江,70.0
20170124,7,SO2,湛江,12.0
20170124,7,SO2_24h,湛江,11.0
20170124,7,NO2,湛江,19.0
20170124,7,NO2_24h,湛江,18.0
20170124,7,O3,湛江,100.0
20170124,7,O3_24h,湛江,173.0
20170124,7,O3_8h,湛江,122.0
20170124,7,O3_8h_24h,湛江,143.0
20170124,7,CO,湛江,0.97
20170124,7,CO_24h,湛江,0.88
20170124,8,AQI,湛江,83.0
20170124,8,PM2.5,湛江,61.0
20170124,8,PM2.5_24h,湛江,52.0
20170124,8,PM10,湛江,79.0
20170124,8,PM10_24h,湛江,69.0
20170124,8,SO2,湛江,11.0
20170124,8,SO2_24h,湛江,10.0
20170124,8,NO2,湛江,24.0
20170124,8,NO2_24h,湛江,17.0
20170124,8,O3,湛江,92.0
20170124,8,O3_24h,湛江,173.0
20170124,8,O3_8h,湛江,118.0
20170124,8,O3_8h_24h,湛江,143.0
20170124,8,CO,湛江,0.95
20170124,8,CO_24h,湛江,0.87
20170124,9,AQI,湛江,73.0
20170124,9,PM2.5,湛江,53.0
20170124,9,PM2.5_24h,湛江,51.0
20170124,9,PM10,湛江,71.0
20170124,9,PM10_24h,湛江,68.0
20170124,9,SO2,湛江,11.0
20170124,9,SO2_24h,湛江,10.0
20170124,9,NO2,湛江,24.0
20170124,9,NO2_24h,湛江,17.0
20170124,9,O3,湛江,92.0
20170124,9,O3_24h,湛江,173.0
20170124,9,O3_8h,湛江,112.0
20170124,9,O3_8h_24h,湛江,143.0
20170124,9,CO,湛江,0.93
20170124,9,CO_24h,湛江,0.87
20170124,10,AQI,湛江,65.0
20170124,10,PM2.5,湛江,47.0
20170124,10,PM2.5_24h,湛江,50.0
20170124,10,PM10,湛江,67.0
20170124,10,PM10_24h,湛江,68.0
20170124,10,SO2,湛江,10.0
20170124,10,SO2_24h,湛江,9.0
20170124,10,NO2,湛江,20.0
20170124,10,NO2_24h,湛江,17.0
20170124,10,O3,湛江,100.0
20170124,10,O3_24h,湛江,173.0
20170124,10,O3_8h,湛江,108.0
20170124,10,O3_8h_24h,湛江,143.0
20170124,10,CO,湛江,0.88
20170124,10,CO_24h,湛江,0.87
20170124,11,AQI,湛江,59.0
20170124,11,PM2.5,湛江,42.0
20170124,11,PM2.5_24h,湛江,50.0
20170124,11,PM10,湛江,62.0
20170124,11,PM10_24h,湛江,67.0
20170124,11,SO2,湛江,9.0
20170124,11,SO2_24h,湛江,9.0
20170124,11,NO2,湛江,16.0
20170124,11,NO2_24h,湛江,16.0
20170124,11,O3,湛江,116.0
20170124,11,O3_24h,湛江,173.0
20170124,11,O3_8h,湛江,107.0
20170124,11,O3_8h_24h,湛江,143.0
20170124,11,CO,湛江,0.87
20170124,11,CO_24h,湛江,0.87
20170124,12,AQI,湛江,56.0
20170124,12,PM2.5,湛江,39.0
20170124,12,PM2.5_24h,湛江,49.0
20170124,12,PM10,湛江,62.0
20170124,12,PM10_24h,湛江,66.0
20170124,12,SO2,湛江,9.0
20170124,12,SO2_24h,湛江,9.0
20170124,12,NO2,湛江,13.0
20170124,12,NO2_24h,湛江,16.0
20170124,12,O3,湛江,125.0
20170124,12,O3_24h,湛江,173.0
20170124,12,O3_8h,湛江,106.0
20170124,12,O3_8h_24h,湛江,143.0
20170124,12,CO,湛江,0.85
20170124,12,CO_24h,湛江,0.87
20170124,13,AQI,湛江,57.0
20170124,13,PM2.5,湛江,39.0
20170124,13,PM2.5_24h,湛江,49.0
20170124,13,PM10,湛江,63.0
20170124,13,PM10_24h,湛江,65.0
20170124,13,SO2,湛江,9.0
20170124,13,SO2_24h,湛江,9.0
20170124,13,NO2,湛江,14.0
20170124,13,NO2_24h,湛江,16.0
20170124,13,O3,湛江,129.0
20170124,13,O3_24h,湛江,173.0
20170124,13,O3_8h,湛江,108.0
20170124,13,O3_8h_24h,湛江,143.0
20170124,13,CO,湛江,0.78
20170124,13,CO_24h,湛江,0.87
20170124,14,AQI,湛江,58.0
20170124,14,PM2.5,湛江,41.0
20170124,14,PM2.5_24h,湛江,48.0
20170124,14,PM10,湛江,66.0
20170124,14,PM10_24h,湛江,65.0
20170124,14,SO2,湛江,8.0
20170124,14,SO2_24h,湛江,8.0
20170124,14,NO2,湛江,13.0
20170124,14,NO2_24h,湛江,16.0
20170124,14,O3,湛江,136.0
20170124,14,O3_24h,湛江,169.0
20170124,14,O3_8h,湛江,111.0
20170124,14,O3_8h_24h,湛江,143.0
20170124,14,CO,湛江,0.8
20170124,14,CO_24h,湛江,0.87
20170124,15,AQI,湛江,55.0
20170124,15,PM2.5,湛江,39.0
20170124,15,PM2.5_24h,湛江,48.0
20170124,15,PM10,湛江,57.0
20170124,15,PM10_24h,湛江,65.0
20170124,15,SO2,湛江,8.0
20170124,15,SO2_24h,湛江,8.0
20170124,15,NO2,湛江,13.0
20170124,15,NO2_24h,湛江,16.0
20170124,15,O3,湛江,137.0
20170124,15,O3_24h,湛江,169.0
20170124,15,O3_8h,湛江,116.0
20170124,15,O3_8h_24h,湛江,143.0
20170124,15,CO,湛江,0.77
20170124,15,CO_24h,湛江,0.87
20170124,16,AQI,湛江,54.0
20170124,16,PM2.5,湛江,36.0
20170124,16,PM2.5_24h,湛江,48.0
20170124,16,PM10,湛江,57.0
20170124,16,PM10_24h,湛江,64.0
20170124,16,SO2,湛江,8.0
20170124,16,SO2_24h,湛江,8.0
20170124,16,NO2,湛江,13.0
20170124,16,NO2_24h,湛江,15.0
20170124,16,O3,湛江,143.0
20170124,16,O3_24h,湛江,169.0
20170124,16,O3_8h,湛江,122.0
20170124,16,O3_8h_24h,湛江,143.0
20170124,16,CO,湛江,0.75
20170124,16,CO_24h,湛江,0.87
20170124,17,AQI,湛江,58.0
20170124,17,PM2.5,湛江,40.0
20170124,17,PM2.5_24h,湛江,47.0
20170124,17,PM10,湛江,66.0
20170124,17,PM10_24h,湛江,64.0
20170124,17,SO2,湛江,9.0
20170124,17,SO2_24h,湛江,8.0
20170124,17,NO2,湛江,15.0
20170124,17,NO2_24h,湛江,16.0
20170124,17,O3,湛江,147.0
20170124,17,O3_24h,湛江,166.0
20170124,17,O3_8h,湛江,129.0
20170124,17,O3_8h_24h,湛江,143.0
20170124,17,CO,湛江,0.8
20170124,17,CO_24h,湛江,0.85
20170124,18,AQI,湛江,57.0
20170124,18,PM2.5,湛江,40.0
20170124,18,PM2.5_24h,湛江,47.0
20170124,18,PM10,湛江,63.0
20170124,18,PM10_24h,湛江,64.0
20170124,18,SO2,湛江,8.0
20170124,18,SO2_24h,湛江,8.0
20170124,18,NO2,湛江,15.0
20170124,18,NO2_24h,湛江,16.0
20170124,18,O3,湛江,140.0
20170124,18,O3_24h,湛江,161.0
20170124,18,O3_8h,湛江,134.0
20170124,18,O3_8h_24h,湛江,143.0
20170124,18,CO,湛江,0.82
20170124,18,CO_24h,湛江,0.85
20170124,19,AQI,湛江,59.0
20170124,19,PM2.5,湛江,42.0
20170124,19,PM2.5_24h,湛江,47.0
20170124,19,PM10,湛江,56.0
20170124,19,PM10_24h,湛江,64.0
20170124,19,SO2,湛江,7.0
20170124,19,SO2_24h,湛江,8.0
20170124,19,NO2,湛江,16.0
20170124,19,NO2_24h,湛江,15.0
20170124,19,O3,湛江,145.0
20170124,19,O3_24h,湛江,157.0
20170124,19,O3_8h,湛江,138.0
20170124,19,O3_8h_24h,湛江,143.0
20170124,19,CO,湛江,0.83
20170124,19,CO_24h,湛江,0.85
20170124,20,AQI,湛江,56.0
20170124,20,PM2.5,湛江,40.0
20170124,20,PM2.5_24h,湛江,46.0
20170124,20,PM10,湛江,59.0
20170124,20,PM10_24h,湛江,64.0
20170124,20,SO2,湛江,7.0
20170124,20,SO2_24h,湛江,8.0
20170124,20,NO2,湛江,14.0
20170124,20,NO2_24h,湛江,15.0
20170124,20,O3,湛江,146.0
20170124,20,O3_24h,湛江,156.0
20170124,20,O3_8h,湛江,140.0
20170124,20,O3_8h_24h,湛江,143.0
20170124,20,CO,湛江,0.78
20170124,20,CO_24h,湛江,0.83
20170124,21,AQI,湛江,54.0
20170124,21,PM2.5,湛江,38.0
20170124,21,PM2.5_24h,湛江,45.0
20170124,21,PM10,湛江,53.0
20170124,21,PM10_24h,湛江,63.0
20170124,21,SO2,湛江,7.0
20170124,21,SO2_24h,湛江,8.0
20170124,21,NO2,湛江,13.0
20170124,21,NO2_24h,湛江,15.0
20170124,21,O3,湛江,144.0
20170124,21,O3_24h,湛江,150.0
20170124,21,O3_8h,湛江,142.0
20170124,21,O3_8h_24h,湛江,144.0
20170124,21,CO,湛江,0.78
20170124,21,CO_24h,湛江,0.83
20170124,22,AQI,湛江,53.0
20170124,22,PM2.5,湛江,37.0
20170124,22,PM2.5_24h,湛江,45.0
20170124,22,PM10,湛江,55.0
20170124,22,PM10_24h,湛江,63.0
20170124,22,SO2,湛江,6.0
20170124,22,SO2_24h,湛江,8.0
20170124,22,NO2,湛江,13.0
20170124,22,NO2_24h,湛江,15.0
20170124,22,O3,湛江,140.0
20170124,22,O3_24h,湛江,148.0
20170124,22,O3_8h,湛江,143.0
20170124,22,O3_8h_24h,湛江,144.0
20170124,22,CO,湛江,0.77
20170124,22,CO_24h,湛江,0.83
20170124,23,AQI,湛江,51.0
20170124,23,PM2.5,湛江,36.0
20170124,23,PM2.5_24h,湛江,45.0
20170124,23,PM10,湛江,49.0
20170124,23,PM10_24h,湛江,63.0
20170124,23,SO2,湛江,6.0
20170124,23,SO2_24h,湛江,8.0
20170124,23,NO2,湛江,13.0
20170124,23,NO2_24h,湛江,15.0
20170124,23,O3,湛江,132.0
20170124,23,O3_24h,湛江,148.0
20170124,23,O3_8h,湛江,142.0
20170124,23,O3_8h_24h,湛江,144.0
20170124,23,CO,湛江,0.73
20170124,23,CO_24h,湛江,0.83
20170124,0,AQI,茂名,98.0
20170124,0,PM2.5,茂名,73.0
20170124,0,PM2.5_24h,茂名,66.0
20170124,0,PM10,茂名,109.0
20170124,0,PM10_24h,茂名,97.0
20170124,0,SO2,茂名,14.0
20170124,0,SO2_24h,茂名,13.0
20170124,0,NO2,茂名,37.0
20170124,0,NO2_24h,茂名,26.0
20170124,0,O3,茂名,108.0
20170124,0,O3_24h,茂名,164.0
20170124,0,O3_8h,茂名,135.0
20170124,0,O3_8h_24h,茂名,147.0
20170124,0,CO,茂名,1.13
20170124,0,CO_24h,茂名,1.07
20170124,1,AQI,茂名,101.0
20170124,1,PM2.5,茂名,76.0
20170124,1,PM2.5_24h,茂名,66.0
20170124,1,PM10,茂名,105.0
20170124,1,PM10_24h,茂名,97.0
20170124,1,SO2,茂名,19.0
20170124,1,SO2_24h,茂名,13.0
20170124,1,NO2,茂名,29.0
20170124,1,NO2_24h,茂名,26.0
20170124,1,O3,茂名,107.0
20170124,1,O3_24h,茂名,164.0
20170124,1,O3_8h,茂名,107.0
20170124,1,O3_8h_24h,茂名,107.0
20170124,1,CO,茂名,1.1
20170124,1,CO_24h,茂名,1.07
20170124,2,AQI,茂名,103.0
20170124,2,PM2.5,茂名,77.0
20170124,2,PM2.5_24h,茂名,67.0
20170124,2,PM10,茂名,104.0
20170124,2,PM10_24h,茂名,98.0
20170124,2,SO2,茂名,17.0
20170124,2,SO2_24h,茂名,14.0
20170124,2,NO2,茂名,25.0
20170124,2,NO2_24h,茂名,26.0
20170124,2,O3,茂名,104.0
20170124,2,O3_24h,茂名,164.0
20170124,2,O3_8h,茂名,105.0
20170124,2,O3_8h_24h,茂名,107.0
20170124,2,CO,茂名,1.0
20170124,2,CO_24h,茂名,1.07
20170124,3,AQI,茂名,94.0
20170124,3,PM2.5,茂名,70.0
20170124,3,PM2.5_24h,茂名,67.0
20170124,3,PM10,茂名,98.0
20170124,3,PM10_24h,茂名,98.0
20170124,3,SO2,茂名,9.0
20170124,3,SO2_24h,茂名,14.0
20170124,3,NO2,茂名,20.0
20170124,3,NO2_24h,茂名,26.0
20170124,3,O3,茂名,101.0
20170124,3,O3_24h,茂名,164.0
20170124,3,O3_8h,茂名,104.0
20170124,3,O3_8h_24h,茂名,108.0
20170124,3,CO,茂名,0.93
20170124,3,CO_24h,茂名,1.07
20170124,4,AQI,茂名,94.0
20170124,4,PM2.5,茂名,70.0
20170124,4,PM2.5_24h,茂名,67.0
20170124,4,PM10,茂名,93.0
20170124,4,PM10_24h,茂名,97.0
20170124,4,SO2,茂名,13.0
20170124,4,SO2_24h,茂名,14.0
20170124,4,NO2,茂名,22.0
20170124,4,NO2_24h,茂名,26.0
20170124,4,O3,茂名,95.0
20170124,4,O3_24h,茂名,164.0
20170124,4,O3_8h,茂名,102.0
20170124,4,O3_8h_24h,茂名,108.0
20170124,4,CO,茂名,1.0
20170124,4,CO_24h,茂名,1.07
20170124,5,AQI,茂名,94.0
20170124,5,PM2.5,茂名,70.0
20170124,5,PM2.5_24h,茂名,67.0
20170124,5,PM10,茂名,99.0
20170124,5,PM10_24h,茂名,98.0
20170124,5,SO2,茂名,21.0
20170124,5,SO2_24h,茂名,14.0
20170124,5,NO2,茂名,22.0
20170124,5,NO2_24h,茂名,26.0
20170124,5,O3,茂名,86.0
20170124,5,O3_24h,茂名,164.0
20170124,5,O3_8h,茂名,99.0
20170124,5,O3_8h_24h,茂名,108.0
20170124,5,CO,茂名,1.03
20170124,5,CO_24h,茂名,1.07
20170124,6,AQI,茂名,100.0
20170124,6,PM2.5,茂名,75.0
20170124,6,PM2.5_24h,茂名,67.0
20170124,6,PM10,茂名,105.0
20170124,6,PM10_24h,茂名,99.0
20170124,6,SO2,茂名,18.0
20170124,6,SO2_24h,茂名,14.0
20170124,6,NO2,茂名,24.0
20170124,6,NO2_24h,茂名,26.0
20170124,6,O3,茂名,78.0
20170124,6,O3_24h,茂名,164.0
20170124,6,O3_8h,茂名,95.0
20170124,6,O3_8h_24h,茂名,108.0
20170124,6,CO,茂名,1.1
20170124,6,CO_24h,茂名,1.07
20170124,7,AQI,茂名,104.0
20170124,7,PM2.5,茂名,78.0
20170124,7,PM2.5_24h,茂名,68.0
20170124,7,PM10,茂名,111.0
20170124,7,PM10_24h,茂名,99.0
20170124,7,SO2,茂名,14.0
20170124,7,SO2_24h,茂名,13.0
20170124,7,NO2,茂名,26.0
20170124,7,NO2_24h,茂名,25.0
20170124,7,O3,茂名,78.0
20170124,7,O3_24h,茂名,164.0
20170124,7,O3_8h,茂名,93.0
20170124,7,O3_8h_24h,茂名,108.0
20170124,7,CO,茂名,1.17
20170124,7,CO_24h,茂名,1.07
20170124,8,AQI,茂名,100.0
20170124,8,PM2.5,茂名,75.0
20170124,8,PM2.5_24h,茂名,67.0
20170124,8,PM10,茂名,109.0
20170124,8,PM10_24h,茂名,99.0
20170124,8,SO2,茂名,11.0
20170124,8,SO2_24h,茂名,13.0
20170124,8,NO2,茂名,23.0
20170124,8,NO2_24h,茂名,25.0
20170124,8,O3,茂名,90.0
20170124,8,O3_24h,茂名,164.0
20170124,8,O3_8h,茂名,92.0
20170124,8,O3_8h_24h,茂名,108.0
20170124,8,CO,茂名,1.13
20170124,8,CO_24h,茂名,1.07
20170124,9,AQI,茂名,91.0
20170124,9,PM2.5,茂名,68.0
20170124,9,PM2.5_24h,茂名,67.0
20170124,9,PM10,茂名,101.0
20170124,9,PM10_24h,茂名,99.0
20170124,9,SO2,茂名,9.0
20170124,9,SO2_24h,茂名,12.0
20170124,9,NO2,茂名,26.0
20170124,9,NO2_24h,茂名,25.0
20170124,9,O3,茂名,91.0
20170124,9,O3_24h,茂名,164.0
20170124,9,O3_8h,茂名,90.0
20170124,9,O3_8h_24h,茂名,108.0
20170124,9,CO,茂名,1.13
20170124,9,CO_24h,茂名,1.07
20170124,10,AQI,茂名,95.0
20170124,10,PM2.5,茂名,71.0
20170124,10,PM2.5_24h,茂名,66.0
20170124,10,PM10,茂名,110.0
20170124,10,PM10_24h,茂名,98.0
20170124,10,SO2,茂名,11.0
20170124,10,SO2_24h,茂名,12.0
20170124,10,NO2,茂名,24.0
20170124,10,NO2_24h,茂名,24.0
20170124,10,O3,茂名,98.0
20170124,10,O3_24h,茂名,164.0
20170124,10,O3_8h,茂名,90.0
20170124,10,O3_8h_24h,茂名,108.0
20170124,10,CO,茂名,1.07
20170124,10,CO_24h,茂名,1.07
20170124,11,AQI,茂名,89.0
20170124,11,PM2.5,茂名,66.0
20170124,11,PM2.5_24h,茂名,66.0
20170124,11,PM10,茂名,116.0
20170124,11,PM10_24h,茂名,99.0
20170124,11,SO2,茂名,16.0
20170124,11,SO2_24h,茂名,11.0
20170124,11,NO2,茂名,22.0
20170124,11,NO2_24h,茂名,24.0
20170124,11,O3,茂名,112.0
20170124,11,O3_24h,茂名,164.0
20170124,11,O3_8h,茂名,91.0
20170124,11,O3_8h_24h,茂名,108.0
20170124,11,CO,茂名,1.03
20170124,11,CO_24h,茂名,1.07
20170124,12,AQI,茂名,88.0
20170124,12,PM2.5,茂名,65.0
20170124,12,PM2.5_24h,茂名,66.0
20170124,12,PM10,茂名,108.0
20170124,12,PM10_24h,茂名,99.0
20170124,12,SO2,茂名,9.0
20170124,12,SO2_24h,茂名,11.0
20170124,12,NO2,茂名,19.0
20170124,12,NO2_24h,茂名,24.0
20170124,12,O3,茂名,121.0
20170124,12,O3_24h,茂名,164.0
20170124,12,O3_8h,茂名,94.0
20170124,12,O3_8h_24h,茂名,108.0
20170124,12,CO,茂名,0.97
20170124,12,CO_24h,茂名,1.07
20170124,13,AQI,茂名,79.0
20170124,13,PM2.5,茂名,58.0
20170124,13,PM2.5_24h,茂名,66.0
20170124,13,PM10,茂名,95.0
20170124,13,PM10_24h,茂名,99.0
20170124,13,SO2,茂名,8.0
20170124,13,SO2_24h,茂名,11.0
20170124,13,NO2,茂名,18.0
20170124,13,NO2_24h,茂名,25.0
20170124,13,O3,茂名,126.0
20170124,13,O3_24h,茂名,164.0
20170124,13,O3_8h,茂名,99.0
20170124,13,O3_8h_24h,茂名,108.0
20170124,13,CO,茂名,0.93
20170124,13,CO_24h,茂名,1.07
20170124,14,AQI,茂名,74.0
20170124,14,PM2.5,茂名,54.0
20170124,14,PM2.5_24h,茂名,66.0
20170124,14,PM10,茂名,86.0
20170124,14,PM10_24h,茂名,99.0
20170124,14,SO2,茂名,8.0
20170124,14,SO2_24h,茂名,11.0
20170124,14,NO2,茂名,16.0
20170124,14,NO2_24h,茂名,25.0
20170124,14,O3,茂名,129.0
20170124,14,O3_24h,茂名,164.0
20170124,14,O3_8h,茂名,105.0
20170124,14,O3_8h_24h,茂名,108.0
20170124,14,CO,茂名,0.87
20170124,14,CO_24h,茂名,1.07
20170124,15,AQI,茂名,71.0
20170124,15,PM2.5,茂名,52.0
20170124,15,PM2.5_24h,茂名,67.0
20170124,15,PM10,茂名,79.0
20170124,15,PM10_24h,茂名,100.0
20170124,15,SO2,茂名,7.0
20170124,15,SO2_24h,茂名,11.0
20170124,15,NO2,茂名,15.0
20170124,15,NO2_24h,茂名,24.0
20170124,15,O3,茂名,128.0
20170124,15,O3_24h,茂名,164.0
20170124,15,O3_8h,茂名,112.0
20170124,15,O3_8h_24h,茂名,112.0
20170124,15,CO,茂名,0.83
20170124,15,CO_24h,茂名,1.07
20170124,16,AQI,茂名,63.0
20170124,16,PM2.5,茂名,43.0
20170124,16,PM2.5_24h,茂名,67.0
20170124,16,PM10,茂名,75.0
20170124,16,PM10_24h,茂名,100.0
20170124,16,SO2,茂名,7.0
20170124,16,SO2_24h,茂名,11.0
20170124,16,NO2,茂名,16.0
20170124,16,NO2_24h,茂名,24.0
20170124,16,O3,茂名,122.0
20170124,16,O3_24h,茂名,163.0
20170124,16,O3_8h,茂名,116.0
20170124,16,O3_8h_24h,茂名,116.0
20170124,16,CO,茂名,0.8
20170124,16,CO_24h,茂名,1.07
20170124,17,AQI,茂名,61.0
20170124,17,PM2.5,茂名,44.0
20170124,17,PM2.5_24h,茂名,66.0
20170124,17,PM10,茂名,72.0
20170124,17,PM10_24h,茂名,100.0
20170124,17,SO2,茂名,7.0
20170124,17,SO2_24h,茂名,11.0
20170124,17,NO2,茂名,18.0
20170124,17,NO2_24h,茂名,24.0
20170124,17,O3,茂名,126.0
20170124,17,O3_24h,茂名,146.0
20170124,17,O3_8h,茂名,120.0
20170124,17,O3_8h_24h,茂名,120.0
20170124,17,CO,茂名,0.87
20170124,17,CO_24h,茂名,1.07
20170124,18,AQI,茂名,66.0
20170124,18,PM2.5,茂名,48.0
20170124,18,PM2.5_24h,茂名,65.0
20170124,18,PM10,茂名,75.0
20170124,18,PM10_24h,茂名,99.0
20170124,18,SO2,茂名,7.0
20170124,18,SO2_24h,茂名,11.0
20170124,18,NO2,茂名,24.0
20170124,18,NO2_24h,茂名,24.0
20170124,18,O3,茂名,126.0
20170124,18,O3_24h,茂名,142.0
20170124,18,O3_8h,茂名,124.0
20170124,18,O3_8h_24h,茂名,124.0
20170124,18,CO,茂名,1.0
20170124,18,CO_24h,茂名,1.07
20170124,19,AQI,茂名,76.0
20170124,19,PM2.5,茂名,56.0
20170124,19,PM2.5_24h,茂名,65.0
20170124,19,PM10,茂名,88.0
20170124,19,PM10_24h,茂名,98.0
20170124,19,SO2,茂名,6.0
20170124,19,SO2_24h,茂名,11.0
20170124,19,NO2,茂名,31.0
20170124,19,NO2_24h,茂名,24.0
20170124,19,O3,茂名,119.0
20170124,19,O3_24h,茂名,142.0
20170124,19,O3_8h,茂名,125.0
20170124,19,O3_8h_24h,茂名,125.0
20170124,19,CO,茂名,1.23
20170124,19,CO_24h,茂名,1.07
20170124,20,AQI,茂名,101.0
20170124,20,PM2.5,茂名,76.0
20170124,20,PM2.5_24h,茂名,66.0
20170124,20,PM10,茂名,124.0
20170124,20,PM10_24h,茂名,99.0
20170124,20,SO2,茂名,6.0
20170124,20,SO2_24h,茂名,11.0
20170124,20,NO2,茂名,27.0
20170124,20,NO2_24h,茂名,24.0
20170124,20,O3,茂名,116.0
20170124,20,O3_24h,茂名,142.0
20170124,20,O3_8h,茂名,124.0
20170124,20,O3_8h_24h,茂名,125.0
20170124,20,CO,茂名,1.1
20170124,20,CO_24h,茂名,1.07
20170124,21,AQI,茂名,84.0
20170124,21,PM2.5,茂名,62.0
20170124,21,PM2.5_24h,茂名,65.0
20170124,21,PM10,茂名,106.0
20170124,21,PM10_24h,茂名,99.0
20170124,21,SO2,茂名,8.0
20170124,21,SO2_24h,茂名,11.0
20170124,21,NO2,茂名,35.0
20170124,21,NO2_24h,茂名,24.0
20170124,21,O3,茂名,101.0
20170124,21,O3_24h,茂名,141.0
20170124,21,O3_8h,茂名,121.0
20170124,21,O3_8h_24h,茂名,125.0
20170124,21,CO,茂名,1.2
20170124,21,CO_24h,茂名,1.07
20170124,22,AQI,茂名,93.0
20170124,22,PM2.5,茂名,69.0
20170124,22,PM2.5_24h,茂名,65.0
20170124,22,PM10,茂名,108.0
20170124,22,PM10_24h,茂名,99.0
20170124,22,SO2,茂名,12.0
20170124,22,SO2_24h,茂名,11.0
20170124,22,NO2,茂名,32.0
20170124,22,NO2_24h,茂名,24.0
20170124,22,O3,茂名,100.0
20170124,22,O3_24h,茂名,131.0
20170124,22,O3_8h,茂名,118.0
20170124,22,O3_8h_24h,茂名,125.0
20170124,22,CO,茂名,1.23
20170124,22,CO_24h,茂名,1.07
20170124,23,AQI,茂名,110.0
20170124,23,PM2.5,茂名,83.0
20170124,23,PM2.5_24h,茂名,66.0
20170124,23,PM10,茂名,123.0
20170124,23,PM10_24h,茂名,100.0
20170124,23,SO2,茂名,9.0
20170124,23,SO2_24h,茂名,11.0
20170124,23,NO2,茂名,34.0
20170124,23,NO2_24h,茂名,24.0
20170124,23,O3,茂名,94.0
20170124,23,O3_24h,茂名,131.0
20170124,23,O3_8h,茂名,113.0
20170124,23,O3_8h_24h,茂名,125.0
20170124,23,CO,茂名,1.23
20170124,23,CO_24h,茂名,1.07
20170124,0,AQI,梅州,74.0
20170124,0,PM2.5,梅州,54.0
20170124,0,PM2.5_24h,梅州,47.0
20170124,0,PM10,梅州,68.0
20170124,0,PM10_24h,梅州,62.0
20170124,0,SO2,梅州,6.0
20170124,0,SO2_24h,梅州,11.0
20170124,0,NO2,梅州,37.0
20170124,0,NO2_24h,梅州,28.0
20170124,0,O3,梅州,21.0
20170124,0,O3_24h,梅州,119.0
20170124,0,O3_8h,梅州,56.0
20170124,0,O3_8h_24h,梅州,102.0
20170124,0,CO,梅州,1.15
20170124,0,CO_24h,梅州,1.1
20170124,1,AQI,梅州,70.0
20170124,1,PM2.5,梅州,51.0
20170124,1,PM2.5_24h,梅州,47.0
20170124,1,PM10,梅州,60.0
20170124,1,PM10_24h,梅州,63.0
20170124,1,SO2,梅州,6.0
20170124,1,SO2_24h,梅州,11.0
20170124,1,NO2,梅州,32.0
20170124,1,NO2_24h,梅州,28.0
20170124,1,O3,梅州,21.0
20170124,1,O3_24h,梅州,119.0
20170124,1,O3_8h,梅州,21.0
20170124,1,O3_8h_24h,梅州,21.0
20170124,1,CO,梅州,1.05
20170124,1,CO_24h,梅州,1.1
20170124,2,AQI,梅州,71.0
20170124,2,PM2.5,梅州,52.0
20170124,2,PM2.5_24h,梅州,47.0
20170124,2,PM10,梅州,65.0
20170124,2,PM10_24h,梅州,63.0
20170124,2,SO2,梅州,6.0
20170124,2,SO2_24h,梅州,11.0
20170124,2,NO2,梅州,34.0
20170124,2,NO2_24h,梅州,28.0
20170124,2,O3,梅州,13.0
20170124,2,O3_24h,梅州,119.0
20170124,2,O3_8h,梅州,17.0
20170124,2,O3_8h_24h,梅州,21.0
20170124,2,CO,梅州,1.1
20170124,2,CO_24h,梅州,1.1
20170124,3,AQI,梅州,63.0
20170124,3,PM2.5,梅州,45.0
20170124,3,PM2.5_24h,梅州,47.0
20170124,3,PM10,梅州,59.0
20170124,3,PM10_24h,梅州,63.0
20170124,3,SO2,梅州,8.0
20170124,3,SO2_24h,梅州,11.0
20170124,3,NO2,梅州,23.0
20170124,3,NO2_24h,梅州,28.0
20170124,3,O3,梅州,30.0
20170124,3,O3_24h,梅州,119.0
20170124,3,O3_8h,梅州,21.0
20170124,3,O3_8h_24h,梅州,22.0
20170124,3,CO,梅州,0.95
20170124,3,CO_24h,梅州,1.1
20170124,4,AQI,梅州,60.0
20170124,4,PM2.5,梅州,43.0
20170124,4,PM2.5_24h,梅州,47.0
20170124,4,PM10,梅州,54.0
20170124,4,PM10_24h,梅州,62.0
20170124,4,SO2,梅州,15.0
20170124,4,SO2_24h,梅州,10.0
20170124,4,NO2,梅州,20.0
20170124,4,NO2_24h,梅州,27.0
20170124,4,O3,梅州,45.0
20170124,4,O3_24h,梅州,119.0
20170124,4,O3_8h,梅州,27.0
20170124,4,O3_8h_24h,梅州,27.0
20170124,4,CO,梅州,0.85
20170124,4,CO_24h,梅州,1.1
20170124,5,AQI,梅州,59.0
20170124,5,PM2.5,梅州,42.0
20170124,5,PM2.5_24h,梅州,47.0
20170124,5,PM10,梅州,55.0
20170124,5,PM10_24h,梅州,63.0
20170124,5,SO2,梅州,18.0
20170124,5,SO2_24h,梅州,10.0
20170124,5,NO2,梅州,16.0
20170124,5,NO2_24h,梅州,27.0
20170124,5,O3,梅州,65.0
20170124,5,O3_24h,梅州,119.0
20170124,5,O3_8h,梅州,35.0
20170124,5,O3_8h_24h,梅州,35.0
20170124,5,CO,梅州,0.9
20170124,5,CO_24h,梅州,1.1
20170124,6,AQI,梅州,60.0
20170124,6,PM2.5,梅州,43.0
20170124,6,PM2.5_24h,梅州,47.0
20170124,6,PM10,梅州,60.0
20170124,6,PM10_24h,梅州,63.0
20170124,6,SO2,梅州,17.0
20170124,6,SO2_24h,梅州,11.0
20170124,6,NO2,梅州,17.0
20170124,6,NO2_24h,梅州,27.0
20170124,6,O3,梅州,69.0
20170124,6,O3_24h,梅州,119.0
20170124,6,O3_8h,梅州,40.0
20170124,6,O3_8h_24h,梅州,40.0
20170124,6,CO,梅州,0.9
20170124,6,CO_24h,梅州,1.1
20170124,7,AQI,梅州,61.0
20170124,7,PM2.5,梅州,44.0
20170124,7,PM2.5_24h,梅州,47.0
20170124,7,PM10,梅州,62.0
20170124,7,PM10_24h,梅州,64.0
20170124,7,SO2,梅州,18.0
20170124,7,SO2_24h,梅州,11.0
20170124,7,NO2,梅州,18.0
20170124,7,NO2_24h,梅州,27.0
20170124,7,O3,梅州,68.0
20170124,7,O3_24h,梅州,119.0
20170124,7,O3_8h,梅州,45.0
20170124,7,O3_8h_24h,梅州,45.0
20170124,7,CO,梅州,0.9
20170124,7,CO_24h,梅州,1.1
20170124,8,AQI,梅州,61.0
20170124,8,PM2.5,梅州,44.0
20170124,8,PM2.5_24h,梅州,48.0
20170124,8,PM10,梅州,63.0
20170124,8,PM10_24h,梅州,64.0
20170124,8,SO2,梅州,21.0
20170124,8,SO2_24h,梅州,12.0
20170124,8,NO2,梅州,21.0
20170124,8,NO2_24h,梅州,27.0
20170124,8,O3,梅州,65.0
20170124,8,O3_24h,梅州,119.0
20170124,8,O3_8h,梅州,47.0
20170124,8,O3_8h_24h,梅州,47.0
20170124,8,CO,梅州,0.95
20170124,8,CO_24h,梅州,1.1
20170124,9,AQI,梅州,64.0
20170124,9,PM2.5,梅州,46.0
20170124,9,PM2.5_24h,梅州,48.0
20170124,9,PM10,梅州,62.0
20170124,9,PM10_24h,梅州,65.0
20170124,9,SO2,梅州,15.0
20170124,9,SO2_24h,梅州,12.0
20170124,9,NO2,梅州,22.0
20170124,9,NO2_24h,梅州,27.0
20170124,9,O3,梅州,64.0
20170124,9,O3_24h,梅州,119.0
20170124,9,O3_8h,梅州,53.0
20170124,9,O3_8h_24h,梅州,53.0
20170124,9,CO,梅州,1.0
20170124,9,CO_24h,梅州,1.1
20170124,10,AQI,梅州,66.0
20170124,10,PM2.5,梅州,48.0
20170124,10,PM2.5_24h,梅州,48.0
20170124,10,PM10,梅州,68.0
20170124,10,PM10_24h,梅州,65.0
20170124,10,SO2,梅州,18.0
20170124,10,SO2_24h,梅州,12.0
20170124,10,NO2,梅州,24.0
20170124,10,NO2_24h,梅州,27.0
20170124,10,O3,梅州,66.0
20170124,10,O3_24h,梅州,119.0
20170124,10,O3_8h,梅州,59.0
20170124,10,O3_8h_24h,梅州,59.0
20170124,10,CO,梅州,1.05
20170124,10,CO_24h,梅州,1.05
20170124,11,AQI,梅州,64.0
20170124,11,PM2.5,梅州,46.0
20170124,11,PM2.5_24h,梅州,47.0
20170124,11,PM10,梅州,67.0
20170124,11,PM10_24h,梅州,64.0
20170124,11,SO2,梅州,23.0
20170124,11,SO2_24h,梅州,12.0
20170124,11,NO2,梅州,25.0
20170124,11,NO2_24h,梅州,26.0
20170124,11,O3,梅州,68.0
20170124,11,O3_24h,梅州,119.0
20170124,11,O3_8h,梅州,64.0
20170124,11,O3_8h_24h,梅州,64.0
20170124,11,CO,梅州,1.05
20170124,11,CO_24h,梅州,1.05
20170124,12,AQI,梅州,56.0
20170124,12,PM2.5,梅州,40.0
20170124,12,PM2.5_24h,梅州,47.0
20170124,12,PM10,梅州,61.0
20170124,12,PM10_24h,梅州,64.0
20170124,12,SO2,梅州,22.0
20170124,12,SO2_24h,梅州,13.0
20170124,12,NO2,梅州,20.0
20170124,12,NO2_24h,梅州,26.0
20170124,12,O3,梅州,80.0
20170124,12,O3_24h,梅州,119.0
20170124,12,O3_8h,梅州,68.0
20170124,12,O3_8h_24h,梅州,68.0
20170124,12,CO,梅州,0.95
20170124,12,CO_24h,梅州,1.0
20170124,13,AQI,梅州,46.0
20170124,13,PM2.5,梅州,32.0
20170124,13,PM2.5_24h,梅州,47.0
20170124,13,PM10,梅州,46.0
20170124,13,PM10_24h,梅州,63.0
20170124,13,SO2,梅州,13.0
20170124,13,SO2_24h,梅州,13.0
20170124,13,NO2,梅州,13.0
20170124,13,NO2_24h,梅州,26.0
20170124,13,O3,梅州,93.0
20170124,13,O3_24h,梅州,119.0
20170124,13,O3_8h,梅州,72.0
20170124,13,O3_8h_24h,梅州,72.0
20170124,13,CO,梅州,0.85
20170124,13,CO_24h,梅州,1.0
20170124,14,AQI,梅州,43.0
20170124,14,PM2.5,梅州,27.0
20170124,14,PM2.5_24h,梅州,47.0
20170124,14,PM10,梅州,43.0
20170124,14,PM10_24h,梅州,63.0
20170124,14,SO2,梅州,10.0
20170124,14,SO2_24h,梅州,13.0
20170124,14,NO2,梅州,12.0
20170124,14,NO2_24h,梅州,26.0
20170124,14,O3,梅州,98.0
20170124,14,O3_24h,梅州,119.0
20170124,14,O3_8h,梅州,75.0
20170124,14,O3_8h_24h,梅州,75.0
20170124,14,CO,梅州,0.8
20170124,14,CO_24h,梅州,1.0
20170124,15,AQI,梅州,45.0
20170124,15,PM2.5,梅州,24.0
20170124,15,PM2.5_24h,梅州,46.0
20170124,15,PM10,梅州,45.0
20170124,15,PM10_24h,梅州,63.0
20170124,15,SO2,梅州,9.0
20170124,15,SO2_24h,梅州,13.0
20170124,15,NO2,梅州,13.0
20170124,15,NO2_24h,梅州,26.0
20170124,15,O3,梅州,102.0
20170124,15,O3_24h,梅州,118.0
20170124,15,O3_8h,梅州,80.0
20170124,15,O3_8h_24h,梅州,80.0
20170124,15,CO,梅州,0.85
20170124,15,CO_24h,梅州,1.0
20170124,16,AQI,梅州,34.0
20170124,16,PM2.5,梅州,24.0
20170124,16,PM2.5_24h,梅州,46.0
20170124,16,PM10,梅州,34.0
20170124,16,PM10_24h,梅州,62.0
20170124,16,SO2,梅州,9.0
20170124,16,SO2_24h,梅州,13.0
20170124,16,NO2,梅州,14.0
20170124,16,NO2_24h,梅州,26.0
20170124,16,O3,梅州,104.0
20170124,16,O3_24h,梅州,118.0
20170124,16,O3_8h,梅州,84.0
20170124,16,O3_8h_24h,梅州,84.0
20170124,16,CO,梅州,0.9
20170124,16,CO_24h,梅州,1.0
20170124,17,AQI,梅州,37.0
20170124,17,PM2.5,梅州,24.0
20170124,17,PM2.5_24h,梅州,46.0
20170124,17,PM10,梅州,37.0
20170124,17,PM10_24h,梅州,62.0
20170124,17,SO2,梅州,10.0
20170124,17,SO2_24h,梅州,13.0
20170124,17,NO2,梅州,16.0
20170124,17,NO2_24h,梅州,26.0
20170124,17,O3,梅州,101.0
20170124,17,O3_24h,梅州,105.0
20170124,17,O3_8h,梅州,89.0
20170124,17,O3_8h_24h,梅州,89.0
20170124,17,CO,梅州,0.9
20170124,17,CO_24h,梅州,1.05
20170124,18,AQI,梅州,50.0
20170124,18,PM2.5,梅州,35.0
20170124,18,PM2.5_24h,梅州,46.0
20170124,18,PM10,梅州,44.0
20170124,18,PM10_24h,梅州,62.0
20170124,18,SO2,梅州,13.0
20170124,18,SO2_24h,梅州,13.0
20170124,18,NO2,梅州,38.0
20170124,18,NO2_24h,梅州,26.0
20170124,18,O3,梅州,83.0
20170124,18,O3_24h,梅州,105.0
20170124,18,O3_8h,梅州,91.0
20170124,18,O3_8h_24h,梅州,91.0
20170124,18,CO,梅州,1.2
20170124,18,CO_24h,梅州,1.05
20170124,19,AQI,梅州,80.0
20170124,19,PM2.5,梅州,59.0
20170124,19,PM2.5_24h,梅州,46.0
20170124,19,PM10,梅州,46.0
20170124,19,PM10_24h,梅州,61.0
20170124,19,SO2,梅州,10.0
20170124,19,SO2_24h,梅州,13.0
20170124,19,NO2,梅州,34.0
20170124,19,NO2_24h,梅州,26.0
20170124,19,O3,梅州,63.0
20170124,19,O3_24h,梅州,105.0
20170124,19,O3_8h,梅州,90.0
20170124,19,O3_8h_24h,梅州,91.0
20170124,19,CO,梅州,1.25
20170124,19,CO_24h,梅州,1.05
20170124,20,AQI,梅州,80.0
20170124,20,PM2.5,梅州,59.0
20170124,20,PM2.5_24h,梅州,46.0
20170124,20,PM10,梅州,69.0
20170124,20,PM10_24h,梅州,61.0
20170124,20,SO2,梅州,9.0
20170124,20,SO2_24h,梅州,13.0
20170124,20,NO2,梅州,33.0
20170124,20,NO2_24h,梅州,25.0
20170124,20,O3,梅州,50.0
20170124,20,O3_24h,梅州,105.0
20170124,20,O3_8h,梅州,87.0
20170124,20,O3_8h_24h,梅州,91.0
20170124,20,CO,梅州,1.3
20170124,20,CO_24h,梅州,1.05
20170124,21,AQI,梅州,81.0
20170124,21,PM2.5,梅州,60.0
20170124,21,PM2.5_24h,梅州,44.0
20170124,21,PM10,梅州,64.0
20170124,21,PM10_24h,梅州,59.0
20170124,21,SO2,梅州,9.0
20170124,21,SO2_24h,梅州,13.0
20170124,21,NO2,梅州,45.0
20170124,21,NO2_24h,梅州,26.0
20170124,21,O3,梅州,34.0
20170124,21,O3_24h,梅州,105.0
20170124,21,O3_8h,梅州,79.0
20170124,21,O3_8h_24h,梅州,91.0
20170124,21,CO,梅州,1.6
20170124,21,CO_24h,梅州,1.05
20170124,22,AQI,梅州,94.0
20170124,22,PM2.5,梅州,70.0
20170124,22,PM2.5_24h,梅州,45.0
20170124,22,PM10,梅州,77.0
20170124,22,PM10_24h,梅州,58.0
20170124,22,SO2,梅州,8.0
20170124,22,SO2_24h,梅州,12.0
20170124,22,NO2,梅州,54.0
20170124,22,NO2_24h,梅州,26.0
20170124,22,O3,梅州,18.0
20170124,22,O3_24h,梅州,105.0
20170124,22,O3_8h,梅州,69.0
20170124,22,O3_8h_24h,梅州,91.0
20170124,22,CO,梅州,1.55
20170124,22,CO_24h,梅州,1.05
20170124,23,AQI,梅州,81.0
20170124,23,PM2.5,梅州,60.0
20170124,23,PM2.5_24h,梅州,45.0
20170124,23,PM10,梅州,78.0
20170124,23,PM10_24h,梅州,58.0
20170124,23,SO2,梅州,10.0
20170124,23,SO2_24h,梅州,12.0
20170124,23,NO2,梅州,39.0
20170124,23,NO2_24h,梅州,26.0
20170124,23,O3,梅州,38.0
20170124,23,O3_24h,梅州,105.0
20170124,23,O3_8h,梅州,61.0
20170124,23,O3_8h_24h,梅州,91.0
20170124,23,CO,梅州,1.3
20170124,23,CO_24h,梅州,1.05
20170124,0,AQI,汕尾,56.0
20170124,0,PM2.5,汕尾,37.0
20170124,0,PM2.5_24h,汕尾,41.0
20170124,0,PM10,汕尾,62.0
20170124,0,PM10_24h,汕尾,67.0
20170124,0,SO2,汕尾,10.0
20170124,0,SO2_24h,汕尾,10.0
20170124,0,NO2,汕尾,9.0
20170124,0,NO2_24h,汕尾,11.0
20170124,0,O3,汕尾,115.0
20170124,0,O3_24h,汕尾,141.0
20170124,0,O3_8h,汕尾,127.0
20170124,0,O3_8h_24h,汕尾,134.0
20170124,0,CO,汕尾,0.83
20170124,0,CO_24h,汕尾,0.87
20170124,1,AQI,汕尾,60.0
20170124,1,PM2.5,汕尾,36.0
20170124,1,PM2.5_24h,汕尾,41.0
20170124,1,PM10,汕尾,70.0
20170124,1,PM10_24h,汕尾,68.0
20170124,1,SO2,汕尾,10.0
20170124,1,SO2_24h,汕尾,10.0
20170124,1,NO2,汕尾,7.0
20170124,1,NO2_24h,汕尾,11.0
20170124,1,O3,汕尾,113.0
20170124,1,O3_24h,汕尾,141.0
20170124,1,O3_8h,汕尾,113.0
20170124,1,O3_8h_24h,汕尾,113.0
20170124,1,CO,汕尾,0.83
20170124,1,CO_24h,汕尾,0.87
20170124,2,AQI,汕尾,61.0
20170124,2,PM2.5,汕尾,36.0
20170124,2,PM2.5_24h,汕尾,41.0
20170124,2,PM10,汕尾,72.0
20170124,2,PM10_24h,汕尾,69.0
20170124,2,SO2,汕尾,10.0
20170124,2,SO2_24h,汕尾,10.0
20170124,2,NO2,汕尾,7.0
20170124,2,NO2_24h,汕尾,11.0
20170124,2,O3,汕尾,109.0
20170124,2,O3_24h,汕尾,141.0
20170124,2,O3_8h,汕尾,111.0
20170124,2,O3_8h_24h,汕尾,113.0
20170124,2,CO,汕尾,0.8
20170124,2,CO_24h,汕尾,0.87
20170124,3,AQI,汕尾,60.0
20170124,3,PM2.5,汕尾,37.0
20170124,3,PM2.5_24h,汕尾,41.0
20170124,3,PM10,汕尾,69.0
20170124,3,PM10_24h,汕尾,69.0
20170124,3,SO2,汕尾,10.0
20170124,3,SO2_24h,汕尾,10.0
20170124,3,NO2,汕尾,6.0
20170124,3,NO2_24h,汕尾,11.0
20170124,3,O3,汕尾,107.0
20170124,3,O3_24h,汕尾,141.0
20170124,3,O3_8h,汕尾,109.0
20170124,3,O3_8h_24h,汕尾,113.0
20170124,3,CO,汕尾,0.8
20170124,3,CO_24h,汕尾,0.87
20170124,4,AQI,汕尾,59.0
20170124,4,PM2.5,汕尾,40.0
20170124,4,PM2.5_24h,汕尾,41.0
20170124,4,PM10,汕尾,67.0
20170124,4,PM10_24h,汕尾,69.0
20170124,4,SO2,汕尾,10.0
20170124,4,SO2_24h,汕尾,10.0
20170124,4,NO2,汕尾,7.0
20170124,4,NO2_24h,汕尾,10.0
20170124,4,O3,汕尾,100.0
20170124,4,O3_24h,汕尾,141.0
20170124,4,O3_8h,汕尾,107.0
20170124,4,O3_8h_24h,汕尾,113.0
20170124,4,CO,汕尾,0.83
20170124,4,CO_24h,汕尾,0.87
20170124,5,AQI,汕尾,63.0
20170124,5,PM2.5,汕尾,45.0
20170124,5,PM2.5_24h,汕尾,41.0
20170124,5,PM10,汕尾,74.0
20170124,5,PM10_24h,汕尾,69.0
20170124,5,SO2,汕尾,10.0
20170124,5,SO2_24h,汕尾,10.0
20170124,5,NO2,汕尾,9.0
20170124,5,NO2_24h,汕尾,10.0
20170124,5,O3,汕尾,90.0
20170124,5,O3_24h,汕尾,141.0
20170124,5,O3_8h,汕尾,104.0
20170124,5,O3_8h_24h,汕尾,113.0
20170124,5,CO,汕尾,0.87
20170124,5,CO_24h,汕尾,0.83
20170124,6,AQI,汕尾,62.0
20170124,6,PM2.5,汕尾,43.0
20170124,6,PM2.5_24h,汕尾,41.0
20170124,6,PM10,汕尾,74.0
20170124,6,PM10_24h,汕尾,69.0
20170124,6,SO2,汕尾,9.0
20170124,6,SO2_24h,汕尾,10.0
20170124,6,NO2,汕尾,8.0
20170124,6,NO2_24h,汕尾,10.0
20170124,6,O3,汕尾,87.0
20170124,6,O3_24h,汕尾,141.0
20170124,6,O3_8h,汕尾,101.0
20170124,6,O3_8h_24h,汕尾,113.0
20170124,6,CO,汕尾,0.87
20170124,6,CO_24h,汕尾,0.83
20170124,7,AQI,汕尾,59.0
20170124,7,PM2.5,汕尾,42.0
20170124,7,PM2.5_24h,汕尾,41.0
20170124,7,PM10,汕尾,66.0
20170124,7,PM10_24h,汕尾,69.0
20170124,7,SO2,汕尾,10.0
20170124,7,SO2_24h,汕尾,10.0
20170124,7,NO2,汕尾,8.0
20170124,7,NO2_24h,汕尾,10.0
20170124,7,O3,汕尾,87.0
20170124,7,O3_24h,汕尾,141.0
20170124,7,O3_8h,汕尾,99.0
20170124,7,O3_8h_24h,汕尾,113.0
20170124,7,CO,汕尾,0.87
20170124,7,CO_24h,汕尾,0.83
20170124,8,AQI,汕尾,59.0
20170124,8,PM2.5,汕尾,42.0
20170124,8,PM2.5_24h,汕尾,40.0
20170124,8,PM10,汕尾,65.0
20170124,8,PM10_24h,汕尾,69.0
20170124,8,SO2,汕尾,10.0
20170124,8,SO2_24h,汕尾,10.0
20170124,8,NO2,汕尾,11.0
20170124,8,NO2_24h,汕尾,10.0
20170124,8,O3,汕尾,85.0
20170124,8,O3_24h,汕尾,141.0
20170124,8,O3_8h,汕尾,97.0
20170124,8,O3_8h_24h,汕尾,113.0
20170124,8,CO,汕尾,0.87
20170124,8,CO_24h,汕尾,0.83
20170124,9,AQI,汕尾,58.0
20170124,9,PM2.5,汕尾,41.0
20170124,9,PM2.5_24h,汕尾,40.0
20170124,9,PM10,汕尾,64.0
20170124,9,PM10_24h,汕尾,69.0
20170124,9,SO2,汕尾,10.0
20170124,9,SO2_24h,汕尾,10.0
20170124,9,NO2,汕尾,14.0
20170124,9,NO2_24h,汕尾,9.0
20170124,9,O3,汕尾,83.0
20170124,9,O3_24h,汕尾,141.0
20170124,9,O3_8h,汕尾,94.0
20170124,9,O3_8h_24h,汕尾,113.0
20170124,9,CO,汕尾,0.9
20170124,9,CO_24h,汕尾,0.83
20170124,10,AQI,汕尾,57.0
20170124,10,PM2.5,汕尾,38.0
20170124,10,PM2.5_24h,汕尾,40.0
20170124,10,PM10,汕尾,63.0
20170124,10,PM10_24h,汕尾,68.0
20170124,10,SO2,汕尾,11.0
20170124,10,SO2_24h,汕尾,10.0
20170124,10,NO2,汕尾,12.0
20170124,10,NO2_24h,汕尾,9.0
20170124,10,O3,汕尾,90.0
20170124,10,O3_24h,汕尾,141.0
20170124,10,O3_8h,汕尾,91.0
20170124,10,O3_8h_24h,汕尾,113.0
20170124,10,CO,汕尾,0.9
20170124,10,CO_24h,汕尾,0.83
20170124,11,AQI,汕尾,57.0
20170124,11,PM2.5,汕尾,39.0
20170124,11,PM2.5_24h,汕尾,40.0
20170124,11,PM10,汕尾,63.0
20170124,11,PM10_24h,汕尾,68.0
20170124,11,SO2,汕尾,11.0
20170124,11,SO2_24h,汕尾,10.0
20170124,11,NO2,汕尾,9.0
20170124,11,NO2_24h,汕尾,9.0
20170124,11,O3,汕尾,96.0
20170124,11,O3_24h,汕尾,141.0
20170124,11,O3_8h,汕尾,90.0
20170124,11,O3_8h_24h,汕尾,113.0
20170124,11,CO,汕尾,0.83
20170124,11,CO_24h,汕尾,0.83
20170124,12,AQI,汕尾,59.0
20170124,12,PM2.5,汕尾,42.0
20170124,12,PM2.5_24h,汕尾,40.0
20170124,12,PM10,汕尾,66.0
20170124,12,PM10_24h,汕尾,68.0
20170124,12,SO2,汕尾,11.0
20170124,12,SO2_24h,汕尾,10.0
20170124,12,NO2,汕尾,10.0
20170124,12,NO2_24h,汕尾,9.0
20170124,12,O3,汕尾,106.0
20170124,12,O3_24h,汕尾,141.0
20170124,12,O3_8h,汕尾,91.0
20170124,12,O3_8h_24h,汕尾,113.0
20170124,12,CO,汕尾,0.9
20170124,12,CO_24h,汕尾,0.83
20170124,13,AQI,汕尾,58.0
20170124,13,PM2.5,汕尾,39.0
20170124,13,PM2.5_24h,汕尾,39.0
20170124,13,PM10,汕尾,66.0
20170124,13,PM10_24h,汕尾,68.0
20170124,13,SO2,汕尾,11.0
20170124,13,SO2_24h,汕尾,10.0
20170124,13,NO2,汕尾,8.0
20170124,13,NO2_24h,汕尾,9.0
20170124,13,O3,汕尾,113.0
20170124,13,O3_24h,汕尾,141.0
20170124,13,O3_8h,汕尾,93.0
20170124,13,O3_8h_24h,汕尾,113.0
20170124,13,CO,汕尾,0.83
20170124,13,CO_24h,汕尾,0.83
20170124,14,AQI,汕尾,55.0
20170124,14,PM2.5,汕尾,38.0
20170124,14,PM2.5_24h,汕尾,39.0
20170124,14,PM10,汕尾,60.0
20170124,14,PM10_24h,汕尾,67.0
20170124,14,SO2,汕尾,10.0
20170124,14,SO2_24h,汕尾,10.0
20170124,14,NO2,汕尾,7.0
20170124,14,NO2_24h,汕尾,9.0
20170124,14,O3,汕尾,118.0
20170124,14,O3_24h,汕尾,141.0
20170124,14,O3_8h,汕尾,97.0
20170124,14,O3_8h_24h,汕尾,113.0
20170124,14,CO,汕尾,0.83
20170124,14,CO_24h,汕尾,0.83
20170124,15,AQI,汕尾,58.0
20170124,15,PM2.5,汕尾,35.0
20170124,15,PM2.5_24h,汕尾,39.0
20170124,15,PM10,汕尾,66.0
20170124,15,PM10_24h,汕尾,67.0
20170124,15,SO2,汕尾,10.0
20170124,15,SO2_24h,汕尾,10.0
20170124,15,NO2,汕尾,6.0
20170124,15,NO2_24h,汕尾,9.0
20170124,15,O3,汕尾,122.0
20170124,15,O3_24h,汕尾,141.0
20170124,15,O3_8h,汕尾,102.0
20170124,15,O3_8h_24h,汕尾,113.0
20170124,15,CO,汕尾,0.73
20170124,15,CO_24h,汕尾,0.83
20170124,16,AQI,汕尾,53.0
20170124,16,PM2.5,汕尾,35.0
20170124,16,PM2.5_24h,汕尾,39.0
20170124,16,PM10,汕尾,55.0
20170124,16,PM10_24h,汕尾,66.0
20170124,16,SO2,汕尾,9.0
20170124,16,SO2_24h,汕尾,10.0
20170124,16,NO2,汕尾,7.0
20170124,16,NO2_24h,汕尾,9.0
20170124,16,O3,汕尾,123.0
20170124,16,O3_24h,汕尾,141.0
20170124,16,O3_8h,汕尾,106.0
20170124,16,O3_8h_24h,汕尾,113.0
20170124,16,CO,汕尾,0.73
20170124,16,CO_24h,汕尾,0.83
20170124,17,AQI,汕尾,51.0
20170124,17,PM2.5,汕尾,33.0
20170124,17,PM2.5_24h,汕尾,38.0
20170124,17,PM10,汕尾,52.0
20170124,17,PM10_24h,汕尾,65.0
20170124,17,SO2,汕尾,9.0
20170124,17,SO2_24h,汕尾,10.0
20170124,17,NO2,汕尾,7.0
20170124,17,NO2_24h,汕尾,9.0
20170124,17,O3,汕尾,120.0
20170124,17,O3_24h,汕尾,139.0
20170124,17,O3_8h,汕尾,111.0
20170124,17,O3_8h_24h,汕尾,113.0
20170124,17,CO,汕尾,0.67
20170124,17,CO_24h,汕尾,0.83
20170124,18,AQI,汕尾,47.0
20170124,18,PM2.5,汕尾,31.0
20170124,18,PM2.5_24h,汕尾,38.0
20170124,18,PM10,汕尾,47.0
20170124,18,PM10_24h,汕尾,64.0
20170124,18,SO2,汕尾,9.0
20170124,18,SO2_24h,汕尾,10.0
20170124,18,NO2,汕尾,7.0
20170124,18,NO2_24h,汕尾,9.0
20170124,18,O3,汕尾,114.0
20170124,18,O3_24h,汕尾,134.0
20170124,18,O3_8h,汕尾,114.0
20170124,18,O3_8h_24h,汕尾,114.0
20170124,18,CO,汕尾,0.67
20170124,18,CO_24h,汕尾,0.83
20170124,19,AQI,汕尾,44.0
20170124,19,PM2.5,汕尾,31.0
20170124,19,PM2.5_24h,汕尾,38.0
20170124,19,PM10,汕尾,42.0
20170124,19,PM10_24h,汕尾,64.0
20170124,19,SO2,汕尾,8.0
20170124,19,SO2_24h,汕尾,10.0
20170124,19,NO2,汕尾,7.0
20170124,19,NO2_24h,汕尾,9.0
20170124,19,O3,汕尾,111.0
20170124,19,O3_24h,汕尾,126.0
20170124,19,O3_8h,汕尾,116.0
20170124,19,O3_8h_24h,汕尾,116.0
20170124,19,CO,汕尾,0.7
20170124,19,CO_24h,汕尾,0.83
20170124,20,AQI,汕尾,43.0
20170124,20,PM2.5,汕尾,30.0
20170124,20,PM2.5_24h,汕尾,38.0
20170124,20,PM10,汕尾,43.0
20170124,20,PM10_24h,汕尾,62.0
20170124,20,SO2,汕尾,8.0
20170124,20,SO2_24h,汕尾,10.0
20170124,20,NO2,汕尾,7.0
20170124,20,NO2_24h,汕尾,9.0
20170124,20,O3,汕尾,107.0
20170124,20,O3_24h,汕尾,124.0
20170124,20,O3_8h,汕尾,116.0
20170124,20,O3_8h_24h,汕尾,116.0
20170124,20,CO,汕尾,0.7
20170124,20,CO_24h,汕尾,0.8
20170124,21,AQI,汕尾,45.0
20170124,21,PM2.5,汕尾,30.0
20170124,21,PM2.5_24h,汕尾,37.0
20170124,21,PM10,汕尾,45.0
20170124,21,PM10_24h,汕尾,61.0
20170124,21,SO2,汕尾,8.0
20170124,21,SO2_24h,汕尾,10.0
20170124,21,NO2,汕尾,8.0
20170124,21,NO2_24h,汕尾,8.0
20170124,21,O3,汕尾,102.0
20170124,21,O3_24h,汕尾,123.0
20170124,21,O3_8h,汕尾,115.0
20170124,21,O3_8h_24h,汕尾,116.0
20170124,21,CO,汕尾,0.7
20170124,21,CO_24h,汕尾,0.8
20170124,22,AQI,汕尾,42.0
20170124,22,PM2.5,汕尾,29.0
20170124,22,PM2.5_24h,汕尾,37.0
20170124,22,PM10,汕尾,42.0
20170124,22,PM10_24h,汕尾,61.0
20170124,22,SO2,汕尾,8.0
20170124,22,SO2_24h,汕尾,10.0
20170124,22,NO2,汕尾,7.0
20170124,22,NO2_24h,汕尾,8.0
20170124,22,O3,汕尾,97.0
20170124,22,O3_24h,汕尾,123.0
20170124,22,O3_8h,汕尾,112.0
20170124,22,O3_8h_24h,汕尾,116.0
20170124,22,CO,汕尾,0.67
20170124,22,CO_24h,汕尾,0.8
20170124,23,AQI,汕尾,42.0
20170124,23,PM2.5,汕尾,27.0
20170124,23,PM2.5_24h,汕尾,36.0
20170124,23,PM10,汕尾,42.0
20170124,23,PM10_24h,汕尾,60.0
20170124,23,SO2,汕尾,8.0
20170124,23,SO2_24h,汕尾,10.0
20170124,23,NO2,汕尾,8.0
20170124,23,NO2_24h,汕尾,8.0
20170124,23,O3,汕尾,91.0
20170124,23,O3_24h,汕尾,123.0
20170124,23,O3_8h,汕尾,108.0
20170124,23,O3_8h_24h,汕尾,116.0
20170124,23,CO,汕尾,0.67
20170124,23,CO_24h,汕尾,0.8
20170124,0,AQI,河源,79.0
20170124,0,PM2.5,河源,58.0
20170124,0,PM2.5_24h,河源,46.0
20170124,0,PM10,河源,86.0
20170124,0,PM10_24h,河源,67.0
20170124,0,SO2,河源,5.0
20170124,0,SO2_24h,河源,8.0
20170124,0,NO2,河源,50.0
20170124,0,NO2_24h,河源,26.0
20170124,0,O3,河源,31.0
20170124,0,O3_24h,河源,132.0
20170124,0,O3_8h,河源,70.0
20170124,0,O3_8h_24h,河源,113.0
20170124,0,CO,河源,1.15
20170124,0,CO_24h,河源,0.9
20170124,1,AQI,河源,71.0
20170124,1,PM2.5,河源,52.0
20170124,1,PM2.5_24h,河源,47.0
20170124,1,PM10,河源,82.0
20170124,1,PM10_24h,河源,68.0
20170124,1,SO2,河源,6.0
20170124,1,SO2_24h,河源,7.0
20170124,1,NO2,河源,47.0
20170124,1,NO2_24h,河源,27.0
20170124,1,O3,河源,29.0
20170124,1,O3_24h,河源,132.0
20170124,1,O3_8h,河源,29.0
20170124,1,O3_8h_24h,河源,29.0
20170124,1,CO,河源,1.1
20170124,1,CO_24h,河源,0.9
20170124,2,AQI,河源,69.0
20170124,2,PM2.5,河源,50.0
20170124,2,PM2.5_24h,河源,47.0
20170124,2,PM10,河源,79.0
20170124,2,PM10_24h,河源,68.0
20170124,2,SO2,河源,6.0
20170124,2,SO2_24h,河源,7.0
20170124,2,NO2,河源,53.0
20170124,2,NO2_24h,河源,28.0
20170124,2,O3,河源,16.0
20170124,2,O3_24h,河源,132.0
20170124,2,O3_8h,河源,23.0
20170124,2,O3_8h_24h,河源,29.0
20170124,2,CO,河源,0.95
20170124,2,CO_24h,河源,0.9
20170124,3,AQI,河源,64.0
20170124,3,PM2.5,河源,46.0
20170124,3,PM2.5_24h,河源,47.0
20170124,3,PM10,河源,71.0
20170124,3,PM10_24h,河源,68.0
20170124,3,SO2,河源,6.0
20170124,3,SO2_24h,河源,7.0
20170124,3,NO2,河源,47.0
20170124,3,NO2_24h,河源,29.0
20170124,3,O3,河源,21.0
20170124,3,O3_24h,河源,132.0
20170124,3,O3_8h,河源,22.0
20170124,3,O3_8h_24h,河源,29.0
20170124,3,CO,河源,0.85
20170124,3,CO_24h,河源,0.9
20170124,4,AQI,河源,64.0
20170124,4,PM2.5,河源,46.0
20170124,4,PM2.5_24h,河源,48.0
20170124,4,PM10,河源,67.0
20170124,4,PM10_24h,河源,69.0
20170124,4,SO2,河源,7.0
20170124,4,SO2_24h,河源,7.0
20170124,4,NO2,河源,33.0
20170124,4,NO2_24h,河源,29.0
20170124,4,O3,河源,46.0
20170124,4,O3_24h,河源,132.0
20170124,4,O3_8h,河源,28.0
20170124,4,O3_8h_24h,河源,31.0
20170124,4,CO,河源,0.8
20170124,4,CO_24h,河源,0.9
20170124,5,AQI,河源,63.0
20170124,5,PM2.5,河源,45.0
20170124,5,PM2.5_24h,河源,48.0
20170124,5,PM10,河源,64.0
20170124,5,PM10_24h,河源,69.0
20170124,5,SO2,河源,8.0
20170124,5,SO2_24h,河源,7.0
20170124,5,NO2,河源,23.0
20170124,5,NO2_24h,河源,30.0
20170124,5,O3,河源,60.0
20170124,5,O3_24h,河源,132.0
20170124,5,O3_8h,河源,34.0
20170124,5,O3_8h_24h,河源,34.0
20170124,5,CO,河源,0.8
20170124,5,CO_24h,河源,0.95
20170124,6,AQI,河源,63.0
20170124,6,PM2.5,河源,45.0
20170124,6,PM2.5_24h,河源,48.0
20170124,6,PM10,河源,68.0
20170124,6,PM10_24h,河源,69.0
20170124,6,SO2,河源,10.0
20170124,6,SO2_24h,河源,8.0
20170124,6,NO2,河源,20.0
20170124,6,NO2_24h,河源,30.0
20170124,6,O3,河源,65.0
20170124,6,O3_24h,河源,132.0
20170124,6,O3_8h,河源,39.0
20170124,6,O3_8h_24h,河源,39.0
20170124,6,CO,河源,0.75
20170124,6,CO_24h,河源,0.95
20170124,7,AQI,河源,64.0
20170124,7,PM2.5,河源,46.0
20170124,7,PM2.5_24h,河源,48.0
20170124,7,PM10,河源,68.0
20170124,7,PM10_24h,河源,70.0
20170124,7,SO2,河源,10.0
20170124,7,SO2_24h,河源,8.0
20170124,7,NO2,河源,24.0
20170124,7,NO2_24h,河源,30.0
20170124,7,O3,河源,57.0
20170124,7,O3_24h,河源,132.0
20170124,7,O3_8h,河源,42.0
20170124,7,O3_8h_24h,河源,42.0
20170124,7,CO,河源,0.75
20170124,7,CO_24h,河源,0.95
20170124,8,AQI,河源,66.0
20170124,8,PM2.5,河源,48.0
20170124,8,PM2.5_24h,河源,49.0
20170124,8,PM10,河源,69.0
20170124,8,PM10_24h,河源,70.0
20170124,8,SO2,河源,10.0
20170124,8,SO2_24h,河源,8.0
20170124,8,NO2,河源,25.0
20170124,8,NO2_24h,河源,30.0
20170124,8,O3,河源,54.0
20170124,8,O3_24h,河源,132.0
20170124,8,O3_8h,河源,43.0
20170124,8,O3_8h_24h,河源,43.0
20170124,8,CO,河源,0.85
20170124,8,CO_24h,河源,0.95
20170124,9,AQI,河源,66.0
20170124,9,PM2.5,河源,48.0
20170124,9,PM2.5_24h,河源,49.0
20170124,9,PM10,河源,66.0
20170124,9,PM10_24h,河源,70.0
20170124,9,SO2,河源,11.0
20170124,9,SO2_24h,河源,8.0
20170124,9,NO2,河源,28.0
20170124,9,NO2_24h,河源,30.0
20170124,9,O3,河源,52.0
20170124,9,O3_24h,河源,132.0
20170124,9,O3_8h,河源,46.0
20170124,9,O3_8h_24h,河源,46.0
20170124,9,CO,河源,0.9
20170124,9,CO_24h,河源,0.95
20170124,10,AQI,河源,68.0
20170124,10,PM2.5,河源,49.0
20170124,10,PM2.5_24h,河源,49.0
20170124,10,PM10,河源,66.0
20170124,10,PM10_24h,河源,70.0
20170124,10,SO2,河源,12.0
20170124,10,SO2_24h,河源,8.0
20170124,10,NO2,河源,27.0
20170124,10,NO2_24h,河源,31.0
20170124,10,O3,河源,59.0
20170124,10,O3_24h,河源,132.0
20170124,10,O3_8h,河源,52.0
20170124,10,O3_8h_24h,河源,52.0
20170124,10,CO,河源,0.9
20170124,10,CO_24h,河源,0.95
20170124,11,AQI,河源,66.0
20170124,11,PM2.5,河源,48.0
20170124,11,PM2.5_24h,河源,49.0
20170124,11,PM10,河源,61.0
20170124,11,PM10_24h,河源,70.0
20170124,11,SO2,河源,9.0
20170124,11,SO2_24h,河源,8.0
20170124,11,NO2,河源,21.0
20170124,11,NO2_24h,河源,31.0
20170124,11,O3,河源,72.0
20170124,11,O3_24h,河源,132.0
20170124,11,O3_8h,河源,58.0
20170124,11,O3_8h_24h,河源,58.0
20170124,11,CO,河源,0.9
20170124,11,CO_24h,河源,0.95
20170124,12,AQI,河源,66.0
20170124,12,PM2.5,河源,48.0
20170124,12,PM2.5_24h,河源,50.0
20170124,12,PM10,河源,66.0
20170124,12,PM10_24h,河源,70.0
20170124,12,SO2,河源,8.0
20170124,12,SO2_24h,河源,8.0
20170124,12,NO2,河源,18.0
20170124,12,NO2_24h,河源,30.0
20170124,12,O3,河源,85.0
20170124,12,O3_24h,河源,132.0
20170124,12,O3_8h,河源,63.0
20170124,12,O3_8h_24h,河源,63.0
20170124,12,CO,河源,0.85
20170124,12,CO_24h,河源,0.95
20170124,13,AQI,河源,63.0
20170124,13,PM2.5,河源,45.0
20170124,13,PM2.5_24h,河源,50.0
20170124,13,PM10,河源,67.0
20170124,13,PM10_24h,河源,70.0
20170124,13,SO2,河源,7.0
20170124,13,SO2_24h,河源,8.0
20170124,13,NO2,河源,15.0
20170124,13,NO2_24h,河源,30.0
20170124,13,O3,河源,96.0
20170124,13,O3_24h,河源,132.0
20170124,13,O3_8h,河源,68.0
20170124,13,O3_8h_24h,河源,68.0
20170124,13,CO,河源,0.85
20170124,13,CO_24h,河源,0.95
20170124,14,AQI,河源,61.0
20170124,14,PM2.5,河源,44.0
20170124,14,PM2.5_24h,河源,50.0
20170124,14,PM10,河源,60.0
20170124,14,PM10_24h,河源,70.0
20170124,14,SO2,河源,7.0
20170124,14,SO2_24h,河源,8.0
20170124,14,NO2,河源,12.0
20170124,14,NO2_24h,河源,30.0
20170124,14,O3,河源,103.0
20170124,14,O3_24h,河源,132.0
20170124,14,O3_8h,河源,72.0
20170124,14,O3_8h_24h,河源,72.0
20170124,14,CO,河源,0.75
20170124,14,CO_24h,河源,0.95
20170124,15,AQI,河源,60.0
20170124,15,PM2.5,河源,43.0
20170124,15,PM2.5_24h,河源,50.0
20170124,15,PM10,河源,62.0
20170124,15,PM10_24h,河源,70.0
20170124,15,SO2,河源,6.0
20170124,15,SO2_24h,河源,8.0
20170124,15,NO2,河源,13.0
20170124,15,NO2_24h,河源,30.0
20170124,15,O3,河源,106.0
20170124,15,O3_24h,河源,132.0
20170124,15,O3_8h,河源,78.0
20170124,15,O3_8h_24h,河源,78.0
20170124,15,CO,河源,0.75
20170124,15,CO_24h,河源,0.95
20170124,16,AQI,河源,58.0
20170124,16,PM2.5,河源,41.0
20170124,16,PM2.5_24h,河源,50.0
20170124,16,PM10,河源,52.0
20170124,16,PM10_24h,河源,70.0
20170124,16,SO2,河源,6.0
20170124,16,SO2_24h,河源,8.0
20170124,16,NO2,河源,13.0
20170124,16,NO2_24h,河源,30.0
20170124,16,O3,河源,109.0
20170124,16,O3_24h,河源,125.0
20170124,16,O3_8h,河源,85.0
20170124,16,O3_8h_24h,河源,85.0
20170124,16,CO,河源,0.75
20170124,16,CO_24h,河源,0.95
20170124,17,AQI,河源,55.0
20170124,17,PM2.5,河源,39.0
20170124,17,PM2.5_24h,河源,50.0
20170124,17,PM10,河源,60.0
20170124,17,PM10_24h,河源,70.0
20170124,17,SO2,河源,6.0
20170124,17,SO2_24h,河源,8.0
20170124,17,NO2,河源,16.0
20170124,17,NO2_24h,河源,30.0
20170124,17,O3,河源,109.0
20170124,17,O3_24h,河源,116.0
20170124,17,O3_8h,河源,92.0
20170124,17,O3_8h_24h,河源,92.0
20170124,17,CO,河源,0.85
20170124,17,CO_24h,河源,0.95
20170124,18,AQI,河源,61.0
20170124,18,PM2.5,河源,43.0
20170124,18,PM2.5_24h,河源,50.0
20170124,18,PM10,河源,71.0
20170124,18,PM10_24h,河源,70.0
20170124,18,SO2,河源,6.0
20170124,18,SO2_24h,河源,8.0
20170124,18,NO2,河源,19.0
20170124,18,NO2_24h,河源,30.0
20170124,18,O3,河源,103.0
20170124,18,O3_24h,河源,109.0
20170124,18,O3_8h,河源,98.0
20170124,18,O3_8h_24h,河源,98.0
20170124,18,CO,河源,0.9
20170124,18,CO_24h,河源,0.95
20170124,19,AQI,河源,88.0
20170124,19,PM2.5,河源,65.0
20170124,19,PM2.5_24h,河源,50.0
20170124,19,PM10,河源,79.0
20170124,19,PM10_24h,河源,71.0
20170124,19,SO2,河源,5.0
20170124,19,SO2_24h,河源,8.0
20170124,19,NO2,河源,31.0
20170124,19,NO2_24h,河源,30.0
20170124,19,O3,河源,78.0
20170124,19,O3_24h,河源,109.0
20170124,19,O3_8h,河源,99.0
20170124,19,O3_8h_24h,河源,99.0
20170124,19,CO,河源,1.1
20170124,19,CO_24h,河源,0.95
20170124,20,AQI,河源,95.0
20170124,20,PM2.5,河源,71.0
20170124,20,PM2.5_24h,河源,50.0
20170124,20,PM10,河源,88.0
20170124,20,PM10_24h,河源,71.0
20170124,20,SO2,河源,5.0
20170124,20,SO2_24h,河源,8.0
20170124,20,NO2,河源,33.0
20170124,20,NO2_24h,河源,30.0
20170124,20,O3,河源,63.0
20170124,20,O3_24h,河源,109.0
20170124,20,O3_8h,河源,96.0
20170124,20,O3_8h_24h,河源,99.0
20170124,20,CO,河源,1.2
20170124,20,CO_24h,河源,0.95
20170124,21,AQI,河源,84.0
20170124,21,PM2.5,河源,62.0
20170124,21,PM2.5_24h,河源,50.0
20170124,21,PM10,河源,76.0
20170124,21,PM10_24h,河源,71.0
20170124,21,SO2,河源,5.0
20170124,21,SO2_24h,河源,8.0
20170124,21,NO2,河源,42.0
20170124,21,NO2_24h,河源,30.0
20170124,21,O3,河源,46.0
20170124,21,O3_24h,河源,109.0
20170124,21,O3_8h,河源,90.0
20170124,21,O3_8h_24h,河源,99.0
20170124,21,CO,河源,1.35
20170124,21,CO_24h,河源,0.95
20170124,22,AQI,河源,88.0
20170124,22,PM2.5,河源,65.0
20170124,22,PM2.5_24h,河源,50.0
20170124,22,PM10,河源,78.0
20170124,22,PM10_24h,河源,70.0
20170124,22,SO2,河源,5.0
20170124,22,SO2_24h,河源,7.0
20170124,22,NO2,河源,58.0
20170124,22,NO2_24h,河源,30.0
20170124,22,O3,河源,28.0
20170124,22,O3_24h,河源,109.0
20170124,22,O3_8h,河源,80.0
20170124,22,O3_8h_24h,河源,99.0
20170124,22,CO,河源,1.55
20170124,22,CO_24h,河源,0.95
20170124,23,AQI,河源,79.0
20170124,23,PM2.5,河源,58.0
20170124,23,PM2.5_24h,河源,50.0
20170124,23,PM10,河源,82.0
20170124,23,PM10_24h,河源,70.0
20170124,23,SO2,河源,5.0
20170124,23,SO2_24h,河源,7.0
20170124,23,NO2,河源,42.0
20170124,23,NO2_24h,河源,29.0
20170124,23,O3,河源,37.0
20170124,23,O3_24h,河源,109.0
20170124,23,O3_8h,河源,72.0
20170124,23,O3_8h_24h,河源,99.0
20170124,23,CO,河源,1.2
20170124,23,CO_24h,河源,0.95
20170124,0,AQI,阳江,86.0
20170124,0,PM2.5,阳江,64.0
20170124,0,PM2.5_24h,阳江,54.0
20170124,0,PM10,阳江,85.0
20170124,0,PM10_24h,阳江,78.0
20170124,0,SO2,阳江,9.0
20170124,0,SO2_24h,阳江,9.0
20170124,0,NO2,阳江,14.0
20170124,0,NO2_24h,阳江,25.0
20170124,0,O3,阳江,126.0
20170124,0,O3_24h,阳江,170.0
20170124,0,O3_8h,阳江,145.0
20170124,0,O3_8h_24h,阳江,156.0
20170124,0,CO,阳江,1.25
20170124,0,CO_24h,阳江,1.35
20170124,1,AQI,阳江,85.0
20170124,1,PM2.5,阳江,63.0
20170124,1,PM2.5_24h,阳江,54.0
20170124,1,PM10,阳江,83.0
20170124,1,PM10_24h,阳江,78.0
20170124,1,SO2,阳江,9.0
20170124,1,SO2_24h,阳江,9.0
20170124,1,NO2,阳江,16.0
20170124,1,NO2_24h,阳江,24.0
20170124,1,O3,阳江,116.0
20170124,1,O3_24h,阳江,170.0
20170124,1,O3_8h,阳江,116.0
20170124,1,O3_8h_24h,阳江,116.0
20170124,1,CO,阳江,1.25
20170124,1,CO_24h,阳江,1.35
20170124,2,AQI,阳江,89.0
20170124,2,PM2.5,阳江,66.0
20170124,2,PM2.5_24h,阳江,55.0
20170124,2,PM10,阳江,89.0
20170124,2,PM10_24h,阳江,78.0
20170124,2,SO2,阳江,9.0
20170124,2,SO2_24h,阳江,9.0
20170124,2,NO2,阳江,17.0
20170124,2,NO2_24h,阳江,24.0
20170124,2,O3,阳江,106.0
20170124,2,O3_24h,阳江,170.0
20170124,2,O3_8h,阳江,111.0
20170124,2,O3_8h_24h,阳江,116.0
20170124,2,CO,阳江,1.2
20170124,2,CO_24h,阳江,1.35
20170124,3,AQI,阳江,88.0
20170124,3,PM2.5,阳江,65.0
20170124,3,PM2.5_24h,阳江,55.0
20170124,3,PM10,阳江,87.0
20170124,3,PM10_24h,阳江,78.0
20170124,3,SO2,阳江,11.0
20170124,3,SO2_24h,阳江,10.0
20170124,3,NO2,阳江,25.0
20170124,3,NO2_24h,阳江,23.0
20170124,3,O3,阳江,89.0
20170124,3,O3_24h,阳江,170.0
20170124,3,O3_8h,阳江,104.0
20170124,3,O3_8h_24h,阳江,116.0
20170124,3,CO,阳江,1.2
20170124,3,CO_24h,阳江,1.35
20170124,4,AQI,阳江,76.0
20170124,4,PM2.5,阳江,56.0
20170124,4,PM2.5_24h,阳江,55.0
20170124,4,PM10,阳江,78.0
20170124,4,PM10_24h,阳江,77.0
20170124,4,SO2,阳江,11.0
20170124,4,SO2_24h,阳江,10.0
20170124,4,NO2,阳江,17.0
20170124,4,NO2_24h,阳江,21.0
20170124,4,O3,阳江,98.0
20170124,4,O3_24h,阳江,170.0
20170124,4,O3_8h,阳江,102.0
20170124,4,O3_8h_24h,阳江,116.0
20170124,4,CO,阳江,1.1
20170124,4,CO_24h,阳江,1.35
20170124,5,AQI,阳江,76.0
20170124,5,PM2.5,阳江,56.0
20170124,5,PM2.5_24h,阳江,55.0
20170124,5,PM10,阳江,71.0
20170124,5,PM10_24h,阳江,77.0
20170124,5,SO2,阳江,12.0
20170124,5,SO2_24h,阳江,10.0
20170124,5,NO2,阳江,14.0
20170124,5,NO2_24h,阳江,21.0
20170124,5,O3,阳江,102.0
20170124,5,O3_24h,阳江,170.0
20170124,5,O3_8h,阳江,102.0
20170124,5,O3_8h_24h,阳江,116.0
20170124,5,CO,阳江,1.1
20170124,5,CO_24h,阳江,1.35
20170124,6,AQI,阳江,68.0
20170124,6,PM2.5,阳江,49.0
20170124,6,PM2.5_24h,阳江,55.0
20170124,6,PM10,阳江,75.0
20170124,6,PM10_24h,阳江,78.0
20170124,6,SO2,阳江,10.0
20170124,6,SO2_24h,阳江,10.0
20170124,6,NO2,阳江,13.0
20170124,6,NO2_24h,阳江,20.0
20170124,6,O3,阳江,102.0
20170124,6,O3_24h,阳江,170.0
20170124,6,O3_8h,阳江,102.0
20170124,6,O3_8h_24h,阳江,116.0
20170124,6,CO,阳江,1.0
20170124,6,CO_24h,阳江,1.35
20170124,7,AQI,阳江,65.0
20170124,7,PM2.5,阳江,47.0
20170124,7,PM2.5_24h,阳江,55.0
20170124,7,PM10,阳江,70.0
20170124,7,PM10_24h,阳江,79.0
20170124,7,SO2,阳江,9.0
20170124,7,SO2_24h,阳江,10.0
20170124,7,NO2,阳江,16.0
20170124,7,NO2_24h,阳江,20.0
20170124,7,O3,阳江,94.0
20170124,7,O3_24h,阳江,170.0
20170124,7,O3_8h,阳江,101.0
20170124,7,O3_8h_24h,阳江,116.0
20170124,7,CO,阳江,1.0
20170124,7,CO_24h,阳江,1.35
20170124,8,AQI,阳江,66.0
20170124,8,PM2.5,阳江,48.0
20170124,8,PM2.5_24h,阳江,55.0
20170124,8,PM10,阳江,69.0
20170124,8,PM10_24h,阳江,79.0
20170124,8,SO2,阳江,9.0
20170124,8,SO2_24h,阳江,10.0
20170124,8,NO2,阳江,17.0
20170124,8,NO2_24h,阳江,19.0
20170124,8,O3,阳江,90.0
20170124,8,O3_24h,阳江,170.0
20170124,8,O3_8h,阳江,99.0
20170124,8,O3_8h_24h,阳江,116.0
20170124,8,CO,阳江,1.1
20170124,8,CO_24h,阳江,1.3
20170124,9,AQI,阳江,78.0
20170124,9,PM2.5,阳江,57.0
20170124,9,PM2.5_24h,阳江,55.0
20170124,9,PM10,阳江,75.0
20170124,9,PM10_24h,阳江,79.0
20170124,9,SO2,阳江,11.0
20170124,9,SO2_24h,阳江,10.0
20170124,9,NO2,阳江,23.0
20170124,9,NO2_24h,阳江,18.0
20170124,9,O3,阳江,78.0
20170124,9,O3_24h,阳江,170.0
20170124,9,O3_8h,阳江,95.0
20170124,9,O3_8h_24h,阳江,116.0
20170124,9,CO,阳江,1.2
20170124,9,CO_24h,阳江,1.3
20170124,10,AQI,阳江,80.0
20170124,10,PM2.5,阳江,59.0
20170124,10,PM2.5_24h,阳江,56.0
20170124,10,PM10,阳江,81.0
20170124,10,PM10_24h,阳江,79.0
20170124,10,SO2,阳江,12.0
20170124,10,SO2_24h,阳江,10.0
20170124,10,NO2,阳江,22.0
20170124,10,NO2_24h,阳江,18.0
20170124,10,O3,阳江,79.0
20170124,10,O3_24h,阳江,170.0
20170124,10,O3_8h,阳江,91.0
20170124,10,O3_8h_24h,阳江,116.0
20170124,10,CO,阳江,1.25
20170124,10,CO_24h,阳江,1.3
20170124,11,AQI,阳江,73.0
20170124,11,PM2.5,阳江,53.0
20170124,11,PM2.5_24h,阳江,56.0
20170124,11,PM10,阳江,80.0
20170124,11,PM10_24h,阳江,78.0
20170124,11,SO2,阳江,13.0
20170124,11,SO2_24h,阳江,10.0
20170124,11,NO2,阳江,19.0
20170124,11,NO2_24h,阳江,18.0
20170124,11,O3,阳江,98.0
20170124,11,O3_24h,阳江,170.0
20170124,11,O3_8h,阳江,93.0
20170124,11,O3_8h_24h,阳江,116.0
20170124,11,CO,阳江,1.25
20170124,11,CO_24h,阳江,1.3
20170124,12,AQI,阳江,68.0
20170124,12,PM2.5,阳江,49.0
20170124,12,PM2.5_24h,阳江,56.0
20170124,12,PM10,阳江,79.0
20170124,12,PM10_24h,阳江,79.0
20170124,12,SO2,阳江,11.0
20170124,12,SO2_24h,阳江,10.0
20170124,12,NO2,阳江,15.0
20170124,12,NO2_24h,阳江,18.0
20170124,12,O3,阳江,116.0
20170124,12,O3_24h,阳江,170.0
20170124,12,O3_8h,阳江,95.0
20170124,12,O3_8h_24h,阳江,116.0
20170124,12,CO,阳江,1.2
20170124,12,CO_24h,阳江,1.3
20170124,13,AQI,阳江,64.0
20170124,13,PM2.5,阳江,46.0
20170124,13,PM2.5_24h,阳江,57.0
20170124,13,PM10,阳江,70.0
20170124,13,PM10_24h,阳江,79.0
20170124,13,SO2,阳江,11.0
20170124,13,SO2_24h,阳江,10.0
20170124,13,NO2,阳江,15.0
20170124,13,NO2_24h,阳江,18.0
20170124,13,O3,阳江,127.0
20170124,13,O3_24h,阳江,170.0
20170124,13,O3_8h,阳江,98.0
20170124,13,O3_8h_24h,阳江,116.0
20170124,13,CO,阳江,1.25
20170124,13,CO_24h,阳江,1.3
20170124,14,AQI,阳江,60.0
20170124,14,PM2.5,阳江,43.0
20170124,14,PM2.5_24h,阳江,57.0
20170124,14,PM10,阳江,70.0
20170124,14,PM10_24h,阳江,79.0
20170124,14,SO2,阳江,10.0
20170124,14,SO2_24h,阳江,10.0
20170124,14,NO2,阳江,13.0
20170124,14,NO2_24h,阳江,18.0
20170124,14,O3,阳江,141.0
20170124,14,O3_24h,阳江,170.0
20170124,14,O3_8h,阳江,103.0
20170124,14,O3_8h_24h,阳江,116.0
20170124,14,CO,阳江,1.2
20170124,14,CO_24h,阳江,1.3
20170124,15,AQI,阳江,71.0
20170124,15,PM2.5,阳江,52.0
20170124,15,PM2.5_24h,阳江,57.0
20170124,15,PM10,阳江,77.0
20170124,15,PM10_24h,阳江,79.0
20170124,15,SO2,阳江,9.0
20170124,15,SO2_24h,阳江,10.0
20170124,15,NO2,阳江,17.0
20170124,15,NO2_24h,阳江,18.0
20170124,15,O3,阳江,154.0
20170124,15,O3_24h,阳江,170.0
20170124,15,O3_8h,阳江,110.0
20170124,15,O3_8h_24h,阳江,116.0
20170124,15,CO,阳江,1.35
20170124,15,CO_24h,阳江,1.3
20170124,16,AQI,阳江,76.0
20170124,16,PM2.5,阳江,56.0
20170124,16,PM2.5_24h,阳江,57.0
20170124,16,PM10,阳江,86.0
20170124,16,PM10_24h,阳江,80.0
20170124,16,SO2,阳江,10.0
20170124,16,SO2_24h,阳江,10.0
20170124,16,NO2,阳江,18.0
20170124,16,NO2_24h,阳江,19.0
20170124,16,O3,阳江,161.0
20170124,16,O3_24h,阳江,170.0
20170124,16,O3_8h,阳江,120.0
20170124,16,O3_8h_24h,阳江,120.0
20170124,16,CO,阳江,1.35
20170124,16,CO_24h,阳江,1.3
20170124,17,AQI,阳江,79.0
20170124,17,PM2.5,阳江,58.0
20170124,17,PM2.5_24h,阳江,58.0
20170124,17,PM10,阳江,81.0
20170124,17,PM10_24h,阳江,79.0
20170124,17,SO2,阳江,9.0
20170124,17,SO2_24h,阳江,10.0
20170124,17,NO2,阳江,18.0
20170124,17,NO2_24h,阳江,19.0
20170124,17,O3,阳江,161.0
20170124,17,O3_24h,阳江,170.0
20170124,17,O3_8h,阳江,129.0
20170124,17,O3_8h_24h,阳江,129.0
20170124,17,CO,阳江,1.4
20170124,17,CO_24h,阳江,1.35
20170124,18,AQI,阳江,85.0
20170124,18,PM2.5,阳江,63.0
20170124,18,PM2.5_24h,阳江,58.0
20170124,18,PM10,阳江,81.0
20170124,18,PM10_24h,阳江,80.0
20170124,18,SO2,阳江,9.0
20170124,18,SO2_24h,阳江,10.0
20170124,18,NO2,阳江,25.0
20170124,18,NO2_24h,阳江,19.0
20170124,18,O3,阳江,153.0
20170124,18,O3_24h,阳江,170.0
20170124,18,O3_8h,阳江,139.0
20170124,18,O3_8h_24h,阳江,139.0
20170124,18,CO,阳江,1.55
20170124,18,CO_24h,阳江,1.35
20170124,19,AQI,阳江,95.0
20170124,19,PM2.5,阳江,71.0
20170124,19,PM2.5_24h,阳江,58.0
20170124,19,PM10,阳江,91.0
20170124,19,PM10_24h,阳江,81.0
20170124,19,SO2,阳江,9.0
20170124,19,SO2_24h,阳江,10.0
20170124,19,NO2,阳江,31.0
20170124,19,NO2_24h,阳江,19.0
20170124,19,O3,阳江,140.0
20170124,19,O3_24h,阳江,161.0
20170124,19,O3_8h,阳江,144.0
20170124,19,O3_8h_24h,阳江,144.0
20170124,19,CO,阳江,1.75
20170124,19,CO_24h,阳江,1.35
20170124,20,AQI,阳江,99.0
20170124,20,PM2.5,阳江,74.0
20170124,20,PM2.5_24h,阳江,58.0
20170124,20,PM10,阳江,97.0
20170124,20,PM10_24h,阳江,81.0
20170124,20,SO2,阳江,9.0
20170124,20,SO2_24h,阳江,10.0
20170124,20,NO2,阳江,29.0
20170124,20,NO2_24h,阳江,19.0
20170124,20,O3,阳江,138.0
20170124,20,O3_24h,阳江,161.0
20170124,20,O3_8h,阳江,147.0
20170124,20,O3_8h_24h,阳江,147.0
20170124,20,CO,阳江,1.65
20170124,20,CO_24h,阳江,1.35
20170124,21,AQI,阳江,93.0
20170124,21,PM2.5,阳江,69.0
20170124,21,PM2.5_24h,阳江,58.0
20170124,21,PM10,阳江,111.0
20170124,21,PM10_24h,阳江,82.0
20170124,21,SO2,阳江,9.0
20170124,21,SO2_24h,阳江,10.0
20170124,21,NO2,阳江,30.0
20170124,21,NO2_24h,阳江,19.0
20170124,21,O3,阳江,119.0
20170124,21,O3_24h,阳江,161.0
20170124,21,O3_8h,阳江,146.0
20170124,21,O3_8h_24h,阳江,147.0
20170124,21,CO,阳江,1.9
20170124,21,CO_24h,阳江,1.3
20170124,22,AQI,阳江,81.0
20170124,22,PM2.5,阳江,59.0
20170124,22,PM2.5_24h,阳江,58.0
20170124,22,PM10,阳江,111.0
20170124,22,PM10_24h,阳江,83.0
20170124,22,SO2,阳江,8.0
20170124,22,SO2_24h,阳江,10.0
20170124,22,NO2,阳江,24.0
20170124,22,NO2_24h,阳江,19.0
20170124,22,O3,阳江,111.0
20170124,22,O3_24h,阳江,161.0
20170124,22,O3_8h,阳江,142.0
20170124,22,O3_8h_24h,阳江,147.0
20170124,22,CO,阳江,1.7
20170124,22,CO_24h,阳江,1.3
20170124,23,AQI,阳江,66.0
20170124,23,PM2.5,阳江,48.0
20170124,23,PM2.5_24h,阳江,57.0
20170124,23,PM10,阳江,82.0
20170124,23,PM10_24h,阳江,82.0
20170124,23,SO2,阳江,8.0
20170124,23,SO2_24h,阳江,10.0
20170124,23,NO2,阳江,19.0
20170124,23,NO2_24h,阳江,19.0
20170124,23,O3,阳江,111.0
20170124,23,O3_24h,阳江,161.0
20170124,23,O3_8h,阳江,137.0
20170124,23,O3_8h_24h,阳江,147.0
20170124,23,CO,阳江,1.4
20170124,23,CO_24h,阳江,1.3
20170124,0,AQI,清远,65.0
20170124,0,PM2.5,清远,47.0
20170124,0,PM2.5_24h,清远,43.0
20170124,0,PM10,清远,78.0
20170124,0,PM10_24h,清远,73.0
20170124,0,SO2,清远,15.0
20170124,0,SO2_24h,清远,16.0
20170124,0,NO2,清远,41.0
20170124,0,NO2_24h,清远,39.0
20170124,0,O3,清远,45.0
20170124,0,O3_24h,清远,131.0
20170124,0,O3_8h,清远,66.0
20170124,0,O3_8h_24h,清远,109.0
20170124,0,CO,清远,1.6
20170124,0,CO_24h,清远,1.4
20170124,1,AQI,清远,59.0
20170124,1,PM2.5,清远,42.0
20170124,1,PM2.5_24h,清远,42.0
20170124,1,PM10,清远,68.0
20170124,1,PM10_24h,清远,72.0
20170124,1,SO2,清远,12.0
20170124,1,SO2_24h,清远,16.0
20170124,1,NO2,清远,24.0
20170124,1,NO2_24h,清远,38.0
20170124,1,O3,清远,62.0
20170124,1,O3_24h,清远,131.0
20170124,1,O3_8h,清远,62.0
20170124,1,O3_8h_24h,清远,62.0
20170124,1,CO,清远,1.3
20170124,1,CO_24h,清远,1.3
20170124,2,AQI,清远,66.0
20170124,2,PM2.5,清远,48.0
20170124,2,PM2.5_24h,清远,42.0
20170124,2,PM10,清远,70.0
20170124,2,PM10_24h,清远,71.0
20170124,2,SO2,清远,15.0
20170124,2,SO2_24h,清远,16.0
20170124,2,NO2,清远,40.0
20170124,2,NO2_24h,清远,37.0
20170124,2,O3,清远,36.0
20170124,2,O3_24h,清远,131.0
20170124,2,O3_8h,清远,49.0
20170124,2,O3_8h_24h,清远,62.0
20170124,2,CO,清远,1.4
20170124,2,CO_24h,清远,1.3
20170124,3,AQI,清远,73.0
20170124,3,PM2.5,清远,53.0
20170124,3,PM2.5_24h,清远,42.0
20170124,3,PM10,清远,85.0
20170124,3,PM10_24h,清远,70.0
20170124,3,SO2,清远,11.0
20170124,3,SO2_24h,清远,16.0
20170124,3,NO2,清远,52.0
20170124,3,NO2_24h,清远,36.0
20170124,3,O3,清远,13.0
20170124,3,O3_24h,清远,131.0
20170124,3,O3_8h,清远,37.0
20170124,3,O3_8h_24h,清远,62.0
20170124,3,CO,清远,1.5
20170124,3,CO_24h,清远,1.3
20170124,4,AQI,清远,76.0
20170124,4,PM2.5,清远,56.0
20170124,4,PM2.5_24h,清远,42.0
20170124,4,PM10,清远,89.0
20170124,4,PM10_24h,清远,70.0
20170124,4,SO2,清远,10.0
20170124,4,SO2_24h,清远,16.0
20170124,4,NO2,清远,54.0
20170124,4,NO2_24h,清远,36.0
20170124,4,O3,清远,6.0
20170124,4,O3_24h,清远,131.0
20170124,4,O3_8h,清远,29.0
20170124,4,O3_8h_24h,清远,62.0
20170124,4,CO,清远,1.4
20170124,4,CO_24h,清远,1.3
20170124,5,AQI,清远,70.0
20170124,5,PM2.5,清远,51.0
20170124,5,PM2.5_24h,清远,43.0
20170124,5,PM10,清远,80.0
20170124,5,PM10_24h,清远,70.0
20170124,5,SO2,清远,11.0
20170124,5,SO2_24h,清远,15.0
20170124,5,NO2,清远,40.0
20170124,5,NO2_24h,清远,36.0
20170124,5,O3,清远,22.0
20170124,5,O3_24h,清远,131.0
20170124,5,O3_8h,清远,28.0
20170124,5,O3_8h_24h,清远,62.0
20170124,5,CO,清远,1.2
20170124,5,CO_24h,清远,1.3
20170124,6,AQI,清远,69.0
20170124,6,PM2.5,清远,50.0
20170124,6,PM2.5_24h,清远,43.0
20170124,6,PM10,清远,73.0
20170124,6,PM10_24h,清远,70.0
20170124,6,SO2,清远,13.0
20170124,6,SO2_24h,清远,15.0
20170124,6,NO2,清远,40.0
20170124,6,NO2_24h,清远,36.0
20170124,6,O3,清远,21.0
20170124,6,O3_24h,清远,131.0
20170124,6,O3_8h,清远,27.0
20170124,6,O3_8h_24h,清远,62.0
20170124,6,CO,清远,1.2
20170124,6,CO_24h,清远,1.4
20170124,7,AQI,清远,69.0
20170124,7,PM2.5,清远,50.0
20170124,7,PM2.5_24h,清远,43.0
20170124,7,PM10,清远,76.0
20170124,7,PM10_24h,清远,71.0
20170124,7,SO2,清远,13.0
20170124,7,SO2_24h,清远,15.0
20170124,7,NO2,清远,50.0
20170124,7,NO2_24h,清远,36.0
20170124,7,O3,清远,10.0
20170124,7,O3_24h,清远,131.0
20170124,7,O3_8h,清远,24.0
20170124,7,O3_8h_24h,清远,62.0
20170124,7,CO,清远,1.3
20170124,7,CO_24h,清远,1.4
20170124,8,AQI,清远,69.0
20170124,8,PM2.5,清远,50.0
20170124,8,PM2.5_24h,清远,43.0
20170124,8,PM10,清远,77.0
20170124,8,PM10_24h,清远,71.0
20170124,8,SO2,清远,13.0
20170124,8,SO2_24h,清远,15.0
20170124,8,NO2,清远,53.0
20170124,8,NO2_24h,清远,36.0
20170124,8,O3,清远,13.0
20170124,8,O3_24h,清远,131.0
20170124,8,O3_8h,清远,23.0
20170124,8,O3_8h_24h,清远,62.0
20170124,8,CO,清远,1.4
20170124,8,CO_24h,清远,1.4
20170124,9,AQI,清远,69.0
20170124,9,PM2.5,清远,50.0
20170124,9,PM2.5_24h,清远,44.0
20170124,9,PM10,清远,70.0
20170124,9,PM10_24h,清远,71.0
20170124,9,SO2,清远,17.0
20170124,9,SO2_24h,清远,15.0
20170124,9,NO2,清远,45.0
20170124,9,NO2_24h,清远,36.0
20170124,9,O3,清远,28.0
20170124,9,O3_24h,清远,131.0
20170124,9,O3_8h,清远,19.0
20170124,9,O3_8h_24h,清远,62.0
20170124,9,CO,清远,1.5
20170124,9,CO_24h,清远,1.4
20170124,10,AQI,清远,61.0
20170124,10,PM2.5,清远,44.0
20170124,10,PM2.5_24h,清远,44.0
20170124,10,PM10,清远,68.0
20170124,10,PM10_24h,清远,70.0
20170124,10,SO2,清远,19.0
20170124,10,SO2_24h,清远,14.0
20170124,10,NO2,清远,37.0
20170124,10,NO2_24h,清远,35.0
20170124,10,O3,清远,50.0
20170124,10,O3_24h,清远,131.0
20170124,10,O3_8h,清远,20.0
20170124,10,O3_8h_24h,清远,62.0
20170124,10,CO,清远,1.4
20170124,10,CO_24h,清远,1.4
20170124,11,AQI,清远,59.0
20170124,11,PM2.5,清远,42.0
20170124,11,PM2.5_24h,清远,44.0
20170124,11,PM10,清远,67.0
20170124,11,PM10_24h,清远,69.0
20170124,11,SO2,清远,18.0
20170124,11,SO2_24h,清远,14.0
20170124,11,NO2,清远,26.0
20170124,11,NO2_24h,清远,35.0
20170124,11,O3,清远,72.0
20170124,11,O3_24h,清远,131.0
20170124,11,O3_8h,清远,28.0
20170124,11,O3_8h_24h,清远,62.0
20170124,11,CO,清远,1.2
20170124,11,CO_24h,清远,1.4
20170124,12,AQI,清远,60.0
20170124,12,PM2.5,清远,43.0
20170124,12,PM2.5_24h,清远,44.0
20170124,12,PM10,清远,63.0
20170124,12,PM10_24h,清远,69.0
20170124,12,SO2,清远,18.0
20170124,12,SO2_24h,清远,14.0
20170124,12,NO2,清远,23.0
20170124,12,NO2_24h,清远,35.0
20170124,12,O3,清远,85.0
20170124,12,O3_24h,清远,131.0
20170124,12,O3_8h,清远,38.0
20170124,12,O3_8h_24h,清远,62.0
20170124,12,CO,清远,1.2
20170124,12,CO_24h,清远,1.4
20170124,13,AQI,清远,60.0
20170124,13,PM2.5,清远,38.0
20170124,13,PM2.5_24h,清远,44.0
20170124,13,PM10,清远,70.0
20170124,13,PM10_24h,清远,70.0
20170124,13,SO2,清远,16.0
20170124,13,SO2_24h,清远,14.0
20170124,13,NO2,清远,16.0
20170124,13,NO2_24h,清远,35.0
20170124,13,O3,清远,100.0
20170124,13,O3_24h,清远,131.0
20170124,13,O3_8h,清远,47.0
20170124,13,O3_8h_24h,清远,62.0
20170124,13,CO,清远,1.0
20170124,13,CO_24h,清远,1.4
20170124,14,AQI,清远,58.0
20170124,14,PM2.5,清远,36.0
20170124,14,PM2.5_24h,清远,45.0
20170124,14,PM10,清远,66.0
20170124,14,PM10_24h,清远,70.0
20170124,14,SO2,清远,16.0
20170124,14,SO2_24h,清远,14.0
20170124,14,NO2,清远,15.0
20170124,14,NO2_24h,清远,36.0
20170124,14,O3,清远,106.0
20170124,14,O3_24h,清远,131.0
20170124,14,O3_8h,清远,58.0
20170124,14,O3_8h_24h,清远,62.0
20170124,14,CO,清远,1.0
20170124,14,CO_24h,清远,1.4
20170124,15,AQI,清远,54.0
20170124,15,PM2.5,清远,37.0
20170124,15,PM2.5_24h,清远,45.0
20170124,15,PM10,清远,58.0
20170124,15,PM10_24h,清远,70.0
20170124,15,SO2,清远,14.0
20170124,15,SO2_24h,清远,14.0
20170124,15,NO2,清远,15.0
20170124,15,NO2_24h,清远,36.0
20170124,15,O3,清远,112.0
20170124,15,O3_24h,清远,131.0
20170124,15,O3_8h,清远,71.0
20170124,15,O3_8h_24h,清远,71.0
20170124,15,CO,清远,1.1
20170124,15,CO_24h,清远,1.4
20170124,16,AQI,清远,54.0
20170124,16,PM2.5,清远,38.0
20170124,16,PM2.5_24h,清远,45.0
20170124,16,PM10,清远,53.0
20170124,16,PM10_24h,清远,70.0
20170124,16,SO2,清远,14.0
20170124,16,SO2_24h,清远,14.0
20170124,16,NO2,清远,16.0
20170124,16,NO2_24h,清远,36.0
20170124,16,O3,清远,119.0
20170124,16,O3_24h,清远,120.0
20170124,16,O3_8h,清远,84.0
20170124,16,O3_8h_24h,清远,84.0
20170124,16,CO,清远,1.1
20170124,16,CO_24h,清远,1.4
20170124,17,AQI,清远,56.0
20170124,17,PM2.5,清远,38.0
20170124,17,PM2.5_24h,清远,45.0
20170124,17,PM10,清远,61.0
20170124,17,PM10_24h,清远,70.0
20170124,17,SO2,清远,13.0
20170124,17,SO2_24h,清远,14.0
20170124,17,NO2,清远,16.0
20170124,17,NO2_24h,清远,36.0
20170124,17,O3,清远,122.0
20170124,17,O3_24h,清远,122.0
20170124,17,O3_8h,清远,96.0
20170124,17,O3_8h_24h,清远,96.0
20170124,17,CO,清远,1.1
20170124,17,CO_24h,清远,1.4
20170124,18,AQI,清远,58.0
20170124,18,PM2.5,清远,41.0
20170124,18,PM2.5_24h,清远,46.0
20170124,18,PM10,清远,57.0
20170124,18,PM10_24h,清远,70.0
20170124,18,SO2,清远,12.0
20170124,18,SO2_24h,清远,14.0
20170124,18,NO2,清远,30.0
20170124,18,NO2_24h,清远,36.0
20170124,18,O3,清远,104.0
20170124,18,O3_24h,清远,122.0
20170124,18,O3_8h,清远,102.0
20170124,18,O3_8h_24h,清远,102.0
20170124,18,CO,清远,1.4
20170124,18,CO_24h,清远,1.4
20170124,19,AQI,清远,76.0
20170124,19,PM2.5,清远,56.0
20170124,19,PM2.5_24h,清远,46.0
20170124,19,PM10,清远,78.0
20170124,19,PM10_24h,清远,71.0
20170124,19,SO2,清远,11.0
20170124,19,SO2_24h,清远,14.0
20170124,19,NO2,清远,86.0
20170124,19,NO2_24h,清远,38.0
20170124,19,O3,清远,32.0
20170124,19,O3_24h,清远,122.0
20170124,19,O3_8h,清远,98.0
20170124,19,O3_8h_24h,清远,102.0
20170124,19,CO,清远,3.0
20170124,19,CO_24h,清远,1.5
20170124,20,AQI,清远,106.0
20170124,20,PM2.5,清远,80.0
20170124,20,PM2.5_24h,清远,47.0
20170124,20,PM10,清远,113.0
20170124,20,PM10_24h,清远,72.0
20170124,20,SO2,清远,11.0
20170124,20,SO2_24h,清远,14.0
20170124,20,NO2,清远,88.0
20170124,20,NO2_24h,清远,40.0
20170124,20,O3,清远,15.0
20170124,20,O3_24h,清远,122.0
20170124,20,O3_8h,清远,89.0
20170124,20,O3_8h_24h,清远,102.0
20170124,20,CO,清远,3.8
20170124,20,CO_24h,清远,1.5
20170124,21,AQI,清远,87.0
20170124,21,PM2.5,清远,64.0
20170124,21,PM2.5_24h,清远,48.0
20170124,21,PM10,清远,123.0
20170124,21,PM10_24h,清远,75.0
20170124,21,SO2,清远,11.0
20170124,21,SO2_24h,清远,14.0
20170124,21,NO2,清远,51.0
20170124,21,NO2_24h,清远,40.0
20170124,21,O3,清远,48.0
20170124,21,O3_24h,清远,122.0
20170124,21,O3_8h,清远,82.0
20170124,21,O3_8h_24h,清远,102.0
20170124,21,CO,清远,2.4
20170124,21,CO_24h,清远,1.6
20170124,22,AQI,清远,70.0
20170124,22,PM2.5,清远,51.0
20170124,22,PM2.5_24h,清远,48.0
20170124,22,PM10,清远,82.0
20170124,22,PM10_24h,清远,75.0
20170124,22,SO2,清远,10.0
20170124,22,SO2_24h,清远,14.0
20170124,22,NO2,清远,36.0
20170124,22,NO2_24h,清远,40.0
20170124,22,O3,清远,61.0
20170124,22,O3_24h,清远,122.0
20170124,22,O3_8h,清远,77.0
20170124,22,O3_8h_24h,清远,102.0
20170124,22,CO,清远,1.9
20170124,22,CO_24h,清远,1.6
20170124,23,AQI,清远,74.0
20170124,23,PM2.5,清远,54.0
20170124,23,PM2.5_24h,清远,48.0
20170124,23,PM10,清远,78.0
20170124,23,PM10_24h,清远,75.0
20170124,23,SO2,清远,9.0
20170124,23,SO2_24h,清远,13.0
20170124,23,NO2,清远,46.0
20170124,23,NO2_24h,清远,39.0
20170124,23,O3,清远,45.0
20170124,23,O3_24h,清远,122.0
20170124,23,O3_8h,清远,68.0
20170124,23,O3_8h_24h,清远,102.0
20170124,23,CO,清远,2.1
20170124,23,CO_24h,清远,1.6
20170124,0,AQI,潮州,53.0
20170124,0,PM2.5,潮州,34.0
20170124,0,PM2.5_24h,潮州,37.0
20170124,0,PM10,潮州,56.0
20170124,0,PM10_24h,潮州,63.0
20170124,0,SO2,潮州,14.0
20170124,0,SO2_24h,潮州,12.0
20170124,0,NO2,潮州,14.0
20170124,0,NO2_24h,潮州,16.0
20170124,0,O3,潮州,94.0
20170124,0,O3_24h,潮州,126.0
20170124,0,O3_8h,潮州,109.0
20170124,0,O3_8h_24h,潮州,118.0
20170124,0,CO,潮州,0.8
20170124,0,CO_24h,潮州,0.8
20170124,1,AQI,潮州,58.0
20170124,1,PM2.5,潮州,35.0
20170124,1,PM2.5_24h,潮州,37.0
20170124,1,PM10,潮州,66.0
20170124,1,PM10_24h,潮州,64.0
20170124,1,SO2,潮州,14.0
20170124,1,SO2_24h,潮州,12.0
20170124,1,NO2,潮州,13.0
20170124,1,NO2_24h,潮州,16.0
20170124,1,O3,潮州,91.0
20170124,1,O3_24h,潮州,126.0
20170124,1,O3_8h,潮州,91.0
20170124,1,O3_8h_24h,潮州,91.0
20170124,1,CO,潮州,0.7
20170124,1,CO_24h,潮州,0.8
20170124,2,AQI,潮州,59.0
20170124,2,PM2.5,潮州,35.0
20170124,2,PM2.5_24h,潮州,37.0
20170124,2,PM10,潮州,67.0
20170124,2,PM10_24h,潮州,64.0
20170124,2,SO2,潮州,13.0
20170124,2,SO2_24h,潮州,12.0
20170124,2,NO2,潮州,13.0
20170124,2,NO2_24h,潮州,15.0
20170124,2,O3,潮州,88.0
20170124,2,O3_24h,潮州,126.0
20170124,2,O3_8h,潮州,90.0
20170124,2,O3_8h_24h,潮州,91.0
20170124,2,CO,潮州,0.7
20170124,2,CO_24h,潮州,0.8
20170124,3,AQI,潮州,57.0
20170124,3,PM2.5,潮州,35.0
20170124,3,PM2.5_24h,潮州,37.0
20170124,3,PM10,潮州,63.0
20170124,3,PM10_24h,潮州,64.0
20170124,3,SO2,潮州,12.0
20170124,3,SO2_24h,潮州,12.0
20170124,3,NO2,潮州,12.0
20170124,3,NO2_24h,潮州,15.0
20170124,3,O3,潮州,84.0
20170124,3,O3_24h,潮州,126.0
20170124,3,O3_8h,潮州,88.0
20170124,3,O3_8h_24h,潮州,91.0
20170124,3,CO,潮州,0.7
20170124,3,CO_24h,潮州,0.8
20170124,4,AQI,潮州,56.0
20170124,4,PM2.5,潮州,36.0
20170124,4,PM2.5_24h,潮州,37.0
20170124,4,PM10,潮州,61.0
20170124,4,PM10_24h,潮州,64.0
20170124,4,SO2,潮州,12.0
20170124,4,SO2_24h,潮州,12.0
20170124,4,NO2,潮州,13.0
20170124,4,NO2_24h,潮州,15.0
20170124,4,O3,潮州,79.0
20170124,4,O3_24h,潮州,126.0
20170124,4,O3_8h,潮州,86.0
20170124,4,O3_8h_24h,潮州,91.0
20170124,4,CO,潮州,0.7
20170124,4,CO_24h,潮州,0.8
20170124,5,AQI,潮州,58.0
20170124,5,PM2.5,潮州,41.0
20170124,5,PM2.5_24h,潮州,37.0
20170124,5,PM10,潮州,65.0
20170124,5,PM10_24h,潮州,64.0
20170124,5,SO2,潮州,12.0
20170124,5,SO2_24h,潮州,12.0
20170124,5,NO2,潮州,12.0
20170124,5,NO2_24h,潮州,15.0
20170124,5,O3,潮州,55.0
20170124,5,O3_24h,潮州,126.0
20170124,5,O3_8h,潮州,79.0
20170124,5,O3_8h_24h,潮州,91.0
20170124,5,CO,潮州,0.8
20170124,5,CO_24h,潮州,0.8
20170124,6,AQI,潮州,59.0
20170124,6,PM2.5,潮州,42.0
20170124,6,PM2.5_24h,潮州,37.0
20170124,6,PM10,潮州,66.0
20170124,6,PM10_24h,潮州,64.0
20170124,6,SO2,潮州,13.0
20170124,6,SO2_24h,潮州,12.0
20170124,6,NO2,潮州,14.0
20170124,6,NO2_24h,潮州,15.0
20170124,6,O3,潮州,52.0
20170124,6,O3_24h,潮州,126.0
20170124,6,O3_8h,潮州,75.0
20170124,6,O3_8h_24h,潮州,91.0
20170124,6,CO,潮州,0.8
20170124,6,CO_24h,潮州,0.8
20170124,7,AQI,潮州,60.0
20170124,7,PM2.5,潮州,43.0
20170124,7,PM2.5_24h,潮州,37.0
20170124,7,PM10,潮州,67.0
20170124,7,PM10_24h,潮州,65.0
20170124,7,SO2,潮州,13.0
20170124,7,SO2_24h,潮州,13.0
20170124,7,NO2,潮州,14.0
20170124,7,NO2_24h,潮州,15.0
20170124,7,O3,潮州,51.0
20170124,7,O3_24h,潮州,126.0
20170124,7,O3_8h,潮州,71.0
20170124,7,O3_8h_24h,潮州,91.0
20170124,7,CO,潮州,0.8
20170124,7,CO_24h,潮州,0.8
20170124,8,AQI,潮州,60.0
20170124,8,PM2.5,潮州,43.0
20170124,8,PM2.5_24h,潮州,37.0
20170124,8,PM10,潮州,62.0
20170124,8,PM10_24h,潮州,65.0
20170124,8,SO2,潮州,11.0
20170124,8,SO2_24h,潮州,13.0
20170124,8,NO2,潮州,15.0
20170124,8,NO2_24h,潮州,15.0
20170124,8,O3,潮州,61.0
20170124,8,O3_24h,潮州,126.0
20170124,8,O3_8h,潮州,70.0
20170124,8,O3_8h_24h,潮州,91.0
20170124,8,CO,潮州,0.9
20170124,8,CO_24h,潮州,0.8
20170124,9,AQI,潮州,60.0
20170124,9,PM2.5,潮州,43.0
20170124,9,PM2.5_24h,潮州,37.0
20170124,9,PM10,潮州,69.0
20170124,9,PM10_24h,潮州,66.0
20170124,9,SO2,潮州,11.0
20170124,9,SO2_24h,潮州,13.0
20170124,9,NO2,潮州,16.0
20170124,9,NO2_24h,潮州,15.0
20170124,9,O3,潮州,54.0
20170124,9,O3_24h,潮州,126.0
20170124,9,O3_8h,潮州,66.0
20170124,9,O3_8h_24h,潮州,91.0
20170124,9,CO,潮州,1.0
20170124,9,CO_24h,潮州,0.8
20170124,10,AQI,潮州,61.0
20170124,10,PM2.5,潮州,44.0
20170124,10,PM2.5_24h,潮州,37.0
20170124,10,PM10,潮州,60.0
20170124,10,PM10_24h,潮州,66.0
20170124,10,SO2,潮州,13.0
20170124,10,SO2_24h,潮州,13.0
20170124,10,NO2,潮州,18.0
20170124,10,NO2_24h,潮州,15.0
20170124,10,O3,潮州,62.0
20170124,10,O3_24h,潮州,126.0
20170124,10,O3_8h,潮州,62.0
20170124,10,O3_8h_24h,潮州,91.0
20170124,10,CO,潮州,1.0
20170124,10,CO_24h,潮州,0.8
20170124,11,AQI,潮州,56.0
20170124,11,PM2.5,潮州,38.0
20170124,11,PM2.5_24h,潮州,37.0
20170124,11,PM10,潮州,61.0
20170124,11,PM10_24h,潮州,66.0
20170124,11,SO2,潮州,13.0
20170124,11,SO2_24h,潮州,13.0
20170124,11,NO2,潮州,17.0
20170124,11,NO2_24h,潮州,15.0
20170124,11,O3,潮州,76.0
20170124,11,O3_24h,潮州,126.0
20170124,11,O3_8h,潮州,61.0
20170124,11,O3_8h_24h,潮州,91.0
20170124,11,CO,潮州,0.9
20170124,11,CO_24h,潮州,0.8
20170124,12,AQI,潮州,50.0
20170124,12,PM2.5,潮州,30.0
20170124,12,PM2.5_24h,潮州,37.0
20170124,12,PM10,潮州,50.0
20170124,12,PM10_24h,潮州,66.0
20170124,12,SO2,潮州,12.0
20170124,12,SO2_24h,潮州,13.0
20170124,12,NO2,潮州,13.0
20170124,12,NO2_24h,潮州,15.0
20170124,12,O3,潮州,90.0
20170124,12,O3_24h,潮州,126.0
20170124,12,O3_8h,潮州,63.0
20170124,12,O3_8h_24h,潮州,91.0
20170124,12,CO,潮州,0.9
20170124,12,CO_24h,潮州,0.8
20170124,13,AQI,潮州,52.0
20170124,13,PM2.5,潮州,28.0
20170124,13,PM2.5_24h,潮州,37.0
20170124,13,PM10,潮州,53.0
20170124,13,PM10_24h,潮州,65.0
20170124,13,SO2,潮州,11.0
20170124,13,SO2_24h,潮州,13.0
20170124,13,NO2,潮州,11.0
20170124,13,NO2_24h,潮州,15.0
20170124,13,O3,潮州,95.0
20170124,13,O3_24h,潮州,126.0
20170124,13,O3_8h,潮州,68.0
20170124,13,O3_8h_24h,潮州,91.0
20170124,13,CO,潮州,0.7
20170124,13,CO_24h,潮州,0.8
20170124,14,AQI,潮州,46.0
20170124,14,PM2.5,潮州,27.0
20170124,14,PM2.5_24h,潮州,37.0
20170124,14,PM10,潮州,46.0
20170124,14,PM10_24h,潮州,65.0
20170124,14,SO2,潮州,11.0
20170124,14,SO2_24h,潮州,13.0
20170124,14,NO2,潮州,10.0
20170124,14,NO2_24h,潮州,15.0
20170124,14,O3,潮州,100.0
20170124,14,O3_24h,潮州,126.0
20170124,14,O3_8h,潮州,74.0
20170124,14,O3_8h_24h,潮州,91.0
20170124,14,CO,潮州,0.7
20170124,14,CO_24h,潮州,0.8
20170124,15,AQI,潮州,55.0
20170124,15,PM2.5,潮州,30.0
20170124,15,PM2.5_24h,潮州,37.0
20170124,15,PM10,潮州,59.0
20170124,15,PM10_24h,潮州,65.0
20170124,15,SO2,潮州,11.0
20170124,15,SO2_24h,潮州,13.0
20170124,15,NO2,潮州,13.0
20170124,15,NO2_24h,潮州,15.0
20170124,15,O3,潮州,105.0
20170124,15,O3_24h,潮州,126.0
20170124,15,O3_8h,潮州,80.0
20170124,15,O3_8h_24h,潮州,91.0
20170124,15,CO,潮州,0.8
20170124,15,CO_24h,潮州,0.8
20170124,16,AQI,潮州,53.0
20170124,16,PM2.5,潮州,34.0
20170124,16,PM2.5_24h,潮州,37.0
20170124,16,PM10,潮州,56.0
20170124,16,PM10_24h,潮州,64.0
20170124,16,SO2,潮州,12.0
20170124,16,SO2_24h,潮州,13.0
20170124,16,NO2,潮州,13.0
20170124,16,NO2_24h,潮州,15.0
20170124,16,O3,潮州,106.0
20170124,16,O3_24h,潮州,126.0
20170124,16,O3_8h,潮州,86.0
20170124,16,O3_8h_24h,潮州,91.0
20170124,16,CO,潮州,0.8
20170124,16,CO_24h,潮州,0.8
20170124,17,AQI,潮州,54.0
20170124,17,PM2.5,潮州,35.0
20170124,17,PM2.5_24h,潮州,36.0
20170124,17,PM10,潮州,58.0
20170124,17,PM10_24h,潮州,62.0
20170124,17,SO2,潮州,12.0
20170124,17,SO2_24h,潮州,12.0
20170124,17,NO2,潮州,17.0
20170124,17,NO2_24h,潮州,15.0
20170124,17,O3,潮州,102.0
20170124,17,O3_24h,潮州,120.0
20170124,17,O3_8h,潮州,92.0
20170124,17,O3_8h_24h,潮州,92.0
20170124,17,CO,潮州,0.8
20170124,17,CO_24h,潮州,0.8
20170124,18,AQI,潮州,57.0
20170124,18,PM2.5,潮州,36.0
20170124,18,PM2.5_24h,潮州,36.0
20170124,18,PM10,潮州,64.0
20170124,18,PM10_24h,潮州,62.0
20170124,18,SO2,潮州,11.0
20170124,18,SO2_24h,潮州,12.0
20170124,18,NO2,潮州,19.0
20170124,18,NO2_24h,潮州,14.0
20170124,18,O3,潮州,94.0
20170124,18,O3_24h,潮州,117.0
20170124,18,O3_8h,潮州,96.0
20170124,18,O3_8h_24h,潮州,96.0
20170124,18,CO,潮州,0.8
20170124,18,CO_24h,潮州,0.8
20170124,19,AQI,潮州,49.0
20170124,19,PM2.5,潮州,30.0
20170124,19,PM2.5_24h,潮州,36.0
20170124,19,PM10,潮州,49.0
20170124,19,PM10_24h,潮州,61.0
20170124,19,SO2,潮州,10.0
20170124,19,SO2_24h,潮州,12.0
20170124,19,NO2,潮州,16.0
20170124,19,NO2_24h,潮州,14.0
20170124,19,O3,潮州,96.0
20170124,19,O3_24h,潮州,110.0
20170124,19,O3_8h,潮州,98.0
20170124,19,O3_8h_24h,潮州,98.0
20170124,19,CO,潮州,0.7
20170124,19,CO_24h,潮州,0.8
20170124,20,AQI,潮州,44.0
20170124,20,PM2.5,潮州,26.0
20170124,20,PM2.5_24h,潮州,35.0
20170124,20,PM10,潮州,44.0
20170124,20,PM10_24h,潮州,60.0
20170124,20,SO2,潮州,10.0
20170124,20,SO2_24h,潮州,12.0
20170124,20,NO2,潮州,13.0
20170124,20,NO2_24h,潮州,14.0
20170124,20,O3,潮州,95.0
20170124,20,O3_24h,潮州,106.0
20170124,20,O3_8h,潮州,99.0
20170124,20,O3_8h_24h,潮州,99.0
20170124,20,CO,潮州,0.6
20170124,20,CO_24h,潮州,0.8
20170124,21,AQI,潮州,37.0
20170124,21,PM2.5,潮州,25.0
20170124,21,PM2.5_24h,潮州,35.0
20170124,21,PM10,潮州,37.0
20170124,21,PM10_24h,潮州,58.0
20170124,21,SO2,潮州,10.0
20170124,21,SO2_24h,潮州,12.0
20170124,21,NO2,潮州,14.0
20170124,21,NO2_24h,潮州,14.0
20170124,21,O3,潮州,89.0
20170124,21,O3_24h,潮州,106.0
20170124,21,O3_8h,潮州,98.0
20170124,21,O3_8h_24h,潮州,99.0
20170124,21,CO,潮州,0.6
20170124,21,CO_24h,潮州,0.8
20170124,22,AQI,潮州,38.0
20170124,22,PM2.5,潮州,24.0
20170124,22,PM2.5_24h,潮州,34.0
20170124,22,PM10,潮州,38.0
20170124,22,PM10_24h,潮州,58.0
20170124,22,SO2,潮州,10.0
20170124,22,SO2_24h,潮州,12.0
20170124,22,NO2,潮州,12.0
20170124,22,NO2_24h,潮州,14.0
20170124,22,O3,潮州,84.0
20170124,22,O3_24h,潮州,106.0
20170124,22,O3_8h,潮州,96.0
20170124,22,O3_8h_24h,潮州,99.0
20170124,22,CO,潮州,0.6
20170124,22,CO_24h,潮州,0.8
20170124,23,AQI,潮州,33.0
20170124,23,PM2.5,潮州,23.0
20170124,23,PM2.5_24h,潮州,34.0
20170124,23,PM10,潮州,33.0
20170124,23,PM10_24h,潮州,56.0
20170124,23,SO2,潮州,10.0
20170124,23,SO2_24h,潮州,12.0
20170124,23,NO2,潮州,13.0
20170124,23,NO2_24h,潮州,14.0
20170124,23,O3,潮州,78.0
20170124,23,O3_24h,潮州,106.0
20170124,23,O3_8h,潮州,93.0
20170124,23,O3_8h_24h,潮州,99.0
20170124,23,CO,潮州,0.6
20170124,23,CO_24h,潮州,0.8
20170124,0,AQI,揭阳,64.0
20170124,0,PM2.5,揭阳,42.0
20170124,0,PM2.5_24h,揭阳,47.0
20170124,0,PM10,揭阳,77.0
20170124,0,PM10_24h,揭阳,81.0
20170124,0,SO2,揭阳,8.0
20170124,0,SO2_24h,揭阳,10.0
20170124,0,NO2,揭阳,14.0
20170124,0,NO2_24h,揭阳,20.0
20170124,0,O3,揭阳,95.0
20170124,0,O3_24h,揭阳,135.0
20170124,0,O3_8h,揭阳,108.0
20170124,0,O3_8h_24h,揭阳,123.0
20170124,0,CO,揭阳,0.75
20170124,0,CO_24h,揭阳,0.88
20170124,1,AQI,揭阳,65.0
20170124,1,PM2.5,揭阳,45.0
20170124,1,PM2.5_24h,揭阳,47.0
20170124,1,PM10,揭阳,79.0
20170124,1,PM10_24h,揭阳,82.0
20170124,1,SO2,揭阳,8.0
20170124,1,SO2_24h,揭阳,10.0
20170124,1,NO2,揭阳,14.0
20170124,1,NO2_24h,揭阳,19.0
20170124,1,O3,揭阳,92.0
20170124,1,O3_24h,揭阳,135.0
20170124,1,O3_8h,揭阳,92.0
20170124,1,O3_8h_24h,揭阳,92.0
20170124,1,CO,揭阳,0.73
20170124,1,CO_24h,揭阳,0.88
20170124,2,AQI,揭阳,67.0
20170124,2,PM2.5,揭阳,48.0
20170124,2,PM2.5_24h,揭阳,47.0
20170124,2,PM10,揭阳,84.0
20170124,2,PM10_24h,揭阳,81.0
20170124,2,SO2,揭阳,8.0
20170124,2,SO2_24h,揭阳,10.0
20170124,2,NO2,揭阳,13.0
20170124,2,NO2_24h,揭阳,19.0
20170124,2,O3,揭阳,90.0
20170124,2,O3_24h,揭阳,135.0
20170124,2,O3_8h,揭阳,91.0
20170124,2,O3_8h_24h,揭阳,92.0
20170124,2,CO,揭阳,0.73
20170124,2,CO_24h,揭阳,0.85
20170124,3,AQI,揭阳,71.0
20170124,3,PM2.5,揭阳,52.0
20170124,3,PM2.5_24h,揭阳,47.0
20170124,3,PM10,揭阳,84.0
20170124,3,PM10_24h,揭阳,82.0
20170124,3,SO2,揭阳,8.0
20170124,3,SO2_24h,揭阳,9.0
20170124,3,NO2,揭阳,13.0
20170124,3,NO2_24h,揭阳,19.0
20170124,3,O3,揭阳,85.0
20170124,3,O3_24h,揭阳,135.0
20170124,3,O3_8h,揭阳,89.0
20170124,3,O3_8h_24h,揭阳,92.0
20170124,3,CO,揭阳,0.7
20170124,3,CO_24h,揭阳,0.85
20170124,4,AQI,揭阳,68.0
20170124,4,PM2.5,揭阳,49.0
20170124,4,PM2.5_24h,揭阳,48.0
20170124,4,PM10,揭阳,80.0
20170124,4,PM10_24h,揭阳,82.0
20170124,4,SO2,揭阳,8.0
20170124,4,SO2_24h,揭阳,9.0
20170124,4,NO2,揭阳,14.0
20170124,4,NO2_24h,揭阳,18.0
20170124,4,O3,揭阳,81.0
20170124,4,O3_24h,揭阳,135.0
20170124,4,O3_8h,揭阳,87.0
20170124,4,O3_8h_24h,揭阳,92.0
20170124,4,CO,揭阳,0.68
20170124,4,CO_24h,揭阳,0.85
20170124,5,AQI,揭阳,64.0
20170124,5,PM2.5,揭阳,46.0
20170124,5,PM2.5_24h,揭阳,48.0
20170124,5,PM10,揭阳,75.0
20170124,5,PM10_24h,揭阳,82.0
20170124,5,SO2,揭阳,9.0
20170124,5,SO2_24h,揭阳,9.0
20170124,5,NO2,揭阳,13.0
20170124,5,NO2_24h,揭阳,18.0
20170124,5,O3,揭阳,78.0
20170124,5,O3_24h,揭阳,135.0
20170124,5,O3_8h,揭阳,85.0
20170124,5,O3_8h_24h,揭阳,92.0
20170124,5,CO,揭阳,0.68
20170124,5,CO_24h,揭阳,0.85
20170124,6,AQI,揭阳,61.0
20170124,6,PM2.5,揭阳,41.0
20170124,6,PM2.5_24h,揭阳,48.0
20170124,6,PM10,揭阳,71.0
20170124,6,PM10_24h,揭阳,82.0
20170124,6,SO2,揭阳,9.0
20170124,6,SO2_24h,揭阳,9.0
20170124,6,NO2,揭阳,14.0
20170124,6,NO2_24h,揭阳,18.0
20170124,6,O3,揭阳,74.0
20170124,6,O3_24h,揭阳,135.0
20170124,6,O3_8h,揭阳,83.0
20170124,6,O3_8h_24h,揭阳,92.0
20170124,6,CO,揭阳,0.65
20170124,6,CO_24h,揭阳,0.82
20170124,7,AQI,揭阳,59.0
20170124,7,PM2.5,揭阳,42.0
20170124,7,PM2.5_24h,揭阳,47.0
20170124,7,PM10,揭阳,64.0
20170124,7,PM10_24h,揭阳,81.0
20170124,7,SO2,揭阳,9.0
20170124,7,SO2_24h,揭阳,9.0
20170124,7,NO2,揭阳,15.0
20170124,7,NO2_24h,揭阳,18.0
20170124,7,O3,揭阳,69.0
20170124,7,O3_24h,揭阳,135.0
20170124,7,O3_8h,揭阳,81.0
20170124,7,O3_8h_24h,揭阳,92.0
20170124,7,CO,揭阳,0.68
20170124,7,CO_24h,揭阳,0.82
20170124,8,AQI,揭阳,63.0
20170124,8,PM2.5,揭阳,45.0
20170124,8,PM2.5_24h,揭阳,47.0
20170124,8,PM10,揭阳,71.0
20170124,8,PM10_24h,揭阳,81.0
20170124,8,SO2,揭阳,13.0
20170124,8,SO2_24h,揭阳,9.0
20170124,8,NO2,揭阳,18.0
20170124,8,NO2_24h,揭阳,17.0
20170124,8,O3,揭阳,64.0
20170124,8,O3_24h,揭阳,135.0
20170124,8,O3_8h,揭阳,79.0
20170124,8,O3_8h_24h,揭阳,92.0
20170124,8,CO,揭阳,0.73
20170124,8,CO_24h,揭阳,0.8
20170124,9,AQI,揭阳,69.0
20170124,9,PM2.5,揭阳,50.0
20170124,9,PM2.5_24h,揭阳,46.0
20170124,9,PM10,揭阳,70.0
20170124,9,PM10_24h,揭阳,80.0
20170124,9,SO2,揭阳,13.0
20170124,9,SO2_24h,揭阳,9.0
20170124,9,NO2,揭阳,19.0
20170124,9,NO2_24h,揭阳,16.0
20170124,9,O3,揭阳,65.0
20170124,9,O3_24h,揭阳,135.0
20170124,9,O3_8h,揭阳,76.0
20170124,9,O3_8h_24h,揭阳,92.0
20170124,9,CO,揭阳,0.8
20170124,9,CO_24h,揭阳,0.8
20170124,10,AQI,揭阳,70.0
20170124,10,PM2.5,揭阳,51.0
20170124,10,PM2.5_24h,揭阳,45.0
20170124,10,PM10,揭阳,80.0
20170124,10,PM10_24h,揭阳,79.0
20170124,10,SO2,揭阳,11.0
20170124,10,SO2_24h,揭阳,9.0
20170124,10,NO2,揭阳,19.0
20170124,10,NO2_24h,揭阳,16.0
20170124,10,O3,揭阳,70.0
20170124,10,O3_24h,揭阳,135.0
20170124,10,O3_8h,揭阳,73.0
20170124,10,O3_8h_24h,揭阳,92.0
20170124,10,CO,揭阳,0.85
20170124,10,CO_24h,揭阳,0.78
20170124,11,AQI,揭阳,63.0
20170124,11,PM2.5,揭阳,45.0
20170124,11,PM2.5_24h,揭阳,45.0
20170124,11,PM10,揭阳,72.0
20170124,11,PM10_24h,揭阳,78.0
20170124,11,SO2,揭阳,11.0
20170124,11,SO2_24h,揭阳,9.0
20170124,11,NO2,揭阳,15.0
20170124,11,NO2_24h,揭阳,16.0
20170124,11,O3,揭阳,84.0
20170124,11,O3_24h,揭阳,135.0
20170124,11,O3_8h,揭阳,73.0
20170124,11,O3_8h_24h,揭阳,92.0
20170124,11,CO,揭阳,0.85
20170124,11,CO_24h,揭阳,0.78
20170124,12,AQI,揭阳,60.0
20170124,12,PM2.5,揭阳,38.0
20170124,12,PM2.5_24h,揭阳,44.0
20170124,12,PM10,揭阳,69.0
20170124,12,PM10_24h,揭阳,78.0
20170124,12,SO2,揭阳,9.0
20170124,12,SO2_24h,揭阳,9.0
20170124,12,NO2,揭阳,12.0
20170124,12,NO2_24h,揭阳,15.0
20170124,12,O3,揭阳,120.0
20170124,12,O3_24h,揭阳,149.0
20170124,12,O3_8h,揭阳,78.0
20170124,12,O3_8h_24h,揭阳,92.0
20170124,12,CO,揭阳,0.68
20170124,12,CO_24h,揭阳,0.78
20170124,13,AQI,揭阳,54.0
20170124,13,PM2.5,揭阳,34.0
20170124,13,PM2.5_24h,揭阳,44.0
20170124,13,PM10,揭阳,58.0
20170124,13,PM10_24h,揭阳,77.0
20170124,13,SO2,揭阳,8.0
20170124,13,SO2_24h,揭阳,9.0
20170124,13,NO2,揭阳,10.0
20170124,13,NO2_24h,揭阳,15.0
20170124,13,O3,揭阳,106.0
20170124,13,O3_24h,揭阳,149.0
20170124,13,O3_8h,揭阳,82.0
20170124,13,O3_8h_24h,揭阳,92.0
20170124,13,CO,揭阳,0.6
20170124,13,CO_24h,揭阳,0.78
20170124,14,AQI,揭阳,48.0
20170124,14,PM2.5,揭阳,33.0
20170124,14,PM2.5_24h,揭阳,44.0
20170124,14,PM10,揭阳,48.0
20170124,14,PM10_24h,揭阳,76.0
20170124,14,SO2,揭阳,8.0
20170124,14,SO2_24h,揭阳,9.0
20170124,14,NO2,揭阳,9.0
20170124,14,NO2_24h,揭阳,15.0
20170124,14,O3,揭阳,110.0
20170124,14,O3_24h,揭阳,149.0
20170124,14,O3_8h,揭阳,86.0
20170124,14,O3_8h_24h,揭阳,93.0
20170124,14,CO,揭阳,0.6
20170124,14,CO_24h,揭阳,0.75
20170124,15,AQI,揭阳,54.0
20170124,15,PM2.5,揭阳,34.0
20170124,15,PM2.5_24h,揭阳,44.0
20170124,15,PM10,揭阳,57.0
20170124,15,PM10_24h,揭阳,76.0
20170124,15,SO2,揭阳,8.0
20170124,15,SO2_24h,揭阳,9.0
20170124,15,NO2,揭阳,10.0
20170124,15,NO2_24h,揭阳,15.0
20170124,15,O3,揭阳,114.0
20170124,15,O3_24h,揭阳,149.0
20170124,15,O3_8h,揭阳,92.0
20170124,15,O3_8h_24h,揭阳,94.0
20170124,15,CO,揭阳,0.68
20170124,15,CO_24h,揭阳,0.75
20170124,16,AQI,揭阳,54.0
20170124,16,PM2.5,揭阳,37.0
20170124,16,PM2.5_24h,揭阳,43.0
20170124,16,PM10,揭阳,57.0
20170124,16,PM10_24h,揭阳,75.0
20170124,16,SO2,揭阳,8.0
20170124,16,SO2_24h,揭阳,9.0
20170124,16,NO2,揭阳,12.0
20170124,16,NO2_24h,揭阳,15.0
20170124,16,O3,揭阳,118.0
20170124,16,O3_24h,揭阳,144.0
20170124,16,O3_8h,揭阳,99.0
20170124,16,O3_8h_24h,揭阳,99.0
20170124,16,CO,揭阳,0.7
20170124,16,CO_24h,揭阳,0.75
20170124,17,AQI,揭阳,61.0
20170124,17,PM2.5,揭阳,41.0
20170124,17,PM2.5_24h,揭阳,43.0
20170124,17,PM10,揭阳,72.0
20170124,17,PM10_24h,揭阳,74.0
20170124,17,SO2,揭阳,9.0
20170124,17,SO2_24h,揭阳,9.0
20170124,17,NO2,揭阳,15.0
20170124,17,NO2_24h,揭阳,15.0
20170124,17,O3,揭阳,113.0
20170124,17,O3_24h,揭阳,139.0
20170124,17,O3_8h,揭阳,104.0
20170124,17,O3_8h_24h,揭阳,104.0
20170124,17,CO,揭阳,0.8
20170124,17,CO_24h,揭阳,0.75
20170124,18,AQI,揭阳,61.0
20170124,18,PM2.5,揭阳,40.0
20170124,18,PM2.5_24h,揭阳,43.0
20170124,18,PM10,揭阳,72.0
20170124,18,PM10_24h,揭阳,73.0
20170124,18,SO2,揭阳,8.0
20170124,18,SO2_24h,揭阳,9.0
20170124,18,NO2,揭阳,18.0
20170124,18,NO2_24h,揭阳,15.0
20170124,18,O3,揭阳,99.0
20170124,18,O3_24h,揭阳,137.0
20170124,18,O3_8h,揭阳,108.0
20170124,18,O3_8h_24h,揭阳,108.0
20170124,18,CO,揭阳,0.78
20170124,18,CO_24h,揭阳,0.73
20170124,19,AQI,揭阳,57.0
20170124,19,PM2.5,揭阳,36.0
20170124,19,PM2.5_24h,揭阳,42.0
20170124,19,PM10,揭阳,64.0
20170124,19,PM10_24h,揭阳,72.0
20170124,19,SO2,揭阳,6.0
20170124,19,SO2_24h,揭阳,9.0
20170124,19,NO2,揭阳,16.0
20170124,19,NO2_24h,揭阳,15.0
20170124,19,O3,揭阳,94.0
20170124,19,O3_24h,揭阳,136.0
20170124,19,O3_8h,揭阳,109.0
20170124,19,O3_8h_24h,揭阳,109.0
20170124,19,CO,揭阳,0.73
20170124,19,CO_24h,揭阳,0.73
20170124,20,AQI,揭阳,53.0
20170124,20,PM2.5,揭阳,35.0
20170124,20,PM2.5_24h,揭阳,42.0
20170124,20,PM10,揭阳,55.0
20170124,20,PM10_24h,揭阳,71.0
20170124,20,SO2,揭阳,7.0
20170124,20,SO2_24h,揭阳,9.0
20170124,20,NO2,揭阳,16.0
20170124,20,NO2_24h,揭阳,14.0
20170124,20,O3,揭阳,90.0
20170124,20,O3_24h,揭阳,135.0
20170124,20,O3_8h,揭阳,106.0
20170124,20,O3_8h_24h,揭阳,109.0
20170124,20,CO,揭阳,0.65
20170124,20,CO_24h,揭阳,0.73
20170124,21,AQI,揭阳,49.0
20170124,21,PM2.5,揭阳,33.0
20170124,21,PM2.5_24h,揭阳,42.0
20170124,21,PM10,揭阳,49.0
20170124,21,PM10_24h,揭阳,69.0
20170124,21,SO2,揭阳,7.0
20170124,21,SO2_24h,揭阳,9.0
20170124,21,NO2,揭阳,16.0
20170124,21,NO2_24h,揭阳,14.0
20170124,21,O3,揭阳,85.0
20170124,21,O3_24h,揭阳,135.0
20170124,21,O3_8h,揭阳,103.0
20170124,21,O3_8h_24h,揭阳,109.0
20170124,21,CO,揭阳,0.6
20170124,21,CO_24h,揭阳,0.73
20170124,22,AQI,揭阳,46.0
20170124,22,PM2.5,揭阳,32.0
20170124,22,PM2.5_24h,揭阳,41.0
20170124,22,PM10,揭阳,43.0
20170124,22,PM10_24h,揭阳,68.0
20170124,22,SO2,揭阳,6.0
20170124,22,SO2_24h,揭阳,9.0
20170124,22,NO2,揭阳,14.0
20170124,22,NO2_24h,揭阳,14.0
20170124,22,O3,揭阳,81.0
20170124,22,O3_24h,揭阳,135.0
20170124,22,O3_8h,揭阳,99.0
20170124,22,O3_8h_24h,揭阳,109.0
20170124,22,CO,揭阳,0.6
20170124,22,CO_24h,揭阳,0.73
20170124,23,AQI,揭阳,44.0
20170124,23,PM2.5,揭阳,31.0
20170124,23,PM2.5_24h,揭阳,41.0
20170124,23,PM10,揭阳,43.0
20170124,23,PM10_24h,揭阳,67.0
20170124,23,SO2,揭阳,6.0
20170124,23,SO2_24h,揭阳,9.0
20170124,23,NO2,揭阳,12.0
20170124,23,NO2_24h,揭阳,14.0
20170124,23,O3,揭阳,76.0
20170124,23,O3_24h,揭阳,135.0
20170124,23,O3_8h,揭阳,94.0
20170124,23,O3_8h_24h,揭阳,109.0
20170124,23,CO,揭阳,0.6
20170124,23,CO_24h,揭阳,0.7
20170124,0,AQI,云浮,96.0
20170124,0,PM2.5,云浮,72.0
20170124,0,PM2.5_24h,云浮,53.0
20170124,0,PM10,云浮,109.0
20170124,0,PM10_24h,云浮,79.0
20170124,0,SO2,云浮,9.0
20170124,0,SO2_24h,云浮,14.0
20170124,0,NO2,云浮,52.0
20170124,0,NO2_24h,云浮,35.0
20170124,0,O3,云浮,28.0
20170124,0,O3_24h,云浮,128.0
20170124,0,O3_8h,云浮,85.0
20170124,0,O3_8h_24h,云浮,117.0
20170124,0,CO,云浮,1.4
20170124,0,CO_24h,云浮,0.9
20170124,1,AQI,云浮,95.0
20170124,1,PM2.5,云浮,71.0
20170124,1,PM2.5_24h,云浮,54.0
20170124,1,PM10,云浮,107.0
20170124,1,PM10_24h,云浮,80.0
20170124,1,SO2,云浮,8.0
20170124,1,SO2_24h,云浮,14.0
20170124,1,NO2,云浮,54.0
20170124,1,NO2_24h,云浮,34.0
20170124,1,O3,云浮,18.0
20170124,1,O3_24h,云浮,128.0
20170124,1,O3_8h,云浮,18.0
20170124,1,O3_8h_24h,云浮,18.0
20170124,1,CO,云浮,1.35
20170124,1,CO_24h,云浮,0.9
20170124,2,AQI,云浮,91.0
20170124,2,PM2.5,云浮,68.0
20170124,2,PM2.5_24h,云浮,54.0
20170124,2,PM10,云浮,94.0
20170124,2,PM10_24h,云浮,80.0
20170124,2,SO2,云浮,9.0
20170124,2,SO2_24h,云浮,14.0
20170124,2,NO2,云浮,49.0
20170124,2,NO2_24h,云浮,35.0
20170124,2,O3,云浮,24.0
20170124,2,O3_24h,云浮,128.0
20170124,2,O3_8h,云浮,21.0
20170124,2,O3_8h_24h,云浮,23.0
20170124,2,CO,云浮,1.1
20170124,2,CO_24h,云浮,0.9
20170124,3,AQI,云浮,86.0
20170124,3,PM2.5,云浮,64.0
20170124,3,PM2.5_24h,云浮,54.0
20170124,3,PM10,云浮,97.0
20170124,3,PM10_24h,云浮,81.0
20170124,3,SO2,云浮,12.0
20170124,3,SO2_24h,云浮,14.0
20170124,3,NO2,云浮,44.0
20170124,3,NO2_24h,云浮,34.0
20170124,3,O3,云浮,17.0
20170124,3,O3_24h,云浮,128.0
20170124,3,O3_8h,云浮,20.0
20170124,3,O3_8h_24h,云浮,23.0
20170124,3,CO,云浮,1.05
20170124,3,CO_24h,云浮,0.9
20170124,4,AQI,云浮,88.0
20170124,4,PM2.5,云浮,65.0
20170124,4,PM2.5_24h,云浮,55.0
20170124,4,PM10,云浮,90.0
20170124,4,PM10_24h,云浮,80.0
20170124,4,SO2,云浮,10.0
20170124,4,SO2_24h,云浮,14.0
20170124,4,NO2,云浮,49.0
20170124,4,NO2_24h,云浮,34.0
20170124,4,O3,云浮,9.0
20170124,4,O3_24h,云浮,128.0
20170124,4,O3_8h,云浮,17.0
20170124,4,O3_8h_24h,云浮,23.0
20170124,4,CO,云浮,1.1
20170124,4,CO_24h,云浮,0.9
20170124,5,AQI,云浮,86.0
20170124,5,PM2.5,云浮,64.0
20170124,5,PM2.5_24h,云浮,55.0
20170124,5,PM10,云浮,84.0
20170124,5,PM10_24h,云浮,80.0
20170124,5,SO2,云浮,12.0
20170124,5,SO2_24h,云浮,13.0
20170124,5,NO2,云浮,49.0
20170124,5,NO2_24h,云浮,34.0
20170124,5,O3,云浮,6.0
20170124,5,O3_24h,云浮,128.0
20170124,5,O3_8h,云浮,15.0
20170124,5,O3_8h_24h,云浮,23.0
20170124,5,CO,云浮,0.95
20170124,5,CO_24h,云浮,0.9
20170124,6,AQI,云浮,88.0
20170124,6,PM2.5,云浮,65.0
20170124,6,PM2.5_24h,云浮,56.0
20170124,6,PM10,云浮,87.0
20170124,6,PM10_24h,云浮,80.0
20170124,6,SO2,云浮,17.0
20170124,6,SO2_24h,云浮,14.0
20170124,6,NO2,云浮,52.0
20170124,6,NO2_24h,云浮,35.0
20170124,6,O3,云浮,4.0
20170124,6,O3_24h,云浮,128.0
20170124,6,O3_8h,云浮,13.0
20170124,6,O3_8h_24h,云浮,23.0
20170124,6,CO,云浮,1.0
20170124,6,CO_24h,云浮,0.9
20170124,7,AQI,云浮,89.0
20170124,7,PM2.5,云浮,66.0
20170124,7,PM2.5_24h,云浮,57.0
20170124,7,PM10,云浮,93.0
20170124,7,PM10_24h,云浮,81.0
20170124,7,SO2,云浮,16.0
20170124,7,SO2_24h,云浮,14.0
20170124,7,NO2,云浮,48.0
20170124,7,NO2_24h,云浮,36.0
20170124,7,O3,云浮,5.0
20170124,7,O3_24h,云浮,128.0
20170124,7,O3_8h,云浮,12.0
20170124,7,O3_8h_24h,云浮,23.0
20170124,7,CO,云浮,1.05
20170124,7,CO_24h,云浮,0.95
20170124,8,AQI,云浮,90.0
20170124,8,PM2.5,云浮,67.0
20170124,8,PM2.5_24h,云浮,58.0
20170124,8,PM10,云浮,90.0
20170124,8,PM10_24h,云浮,81.0
20170124,8,SO2,云浮,17.0
20170124,8,SO2_24h,云浮,14.0
20170124,8,NO2,云浮,47.0
20170124,8,NO2_24h,云浮,36.0
20170124,8,O3,云浮,5.0
20170124,8,O3_24h,云浮,128.0
20170124,8,O3_8h,云浮,11.0
20170124,8,O3_8h_24h,云浮,23.0
20170124,8,CO,云浮,1.05
20170124,8,CO_24h,云浮,0.95
20170124,9,AQI,云浮,94.0
20170124,9,PM2.5,云浮,70.0
20170124,9,PM2.5_24h,云浮,58.0
20170124,9,PM10,云浮,94.0
20170124,9,PM10_24h,云浮,81.0
20170124,9,SO2,云浮,17.0
20170124,9,SO2_24h,云浮,14.0
20170124,9,NO2,云浮,46.0
20170124,9,NO2_24h,云浮,36.0
20170124,9,O3,云浮,7.0
20170124,9,O3_24h,云浮,128.0
20170124,9,O3_8h,云浮,10.0
20170124,9,O3_8h_24h,云浮,23.0
20170124,9,CO,云浮,1.2
20170124,9,CO_24h,云浮,0.95
20170124,10,AQI,云浮,101.0
20170124,10,PM2.5,云浮,76.0
20170124,10,PM2.5_24h,云浮,59.0
20170124,10,PM10,云浮,104.0
20170124,10,PM10_24h,云浮,82.0
20170124,10,SO2,云浮,22.0
20170124,10,SO2_24h,云浮,13.0
20170124,10,NO2,云浮,56.0
20170124,10,NO2_24h,云浮,37.0
20170124,10,O3,云浮,12.0
20170124,10,O3_24h,云浮,128.0
20170124,10,O3_8h,云浮,8.0
20170124,10,O3_8h_24h,云浮,23.0
20170124,10,CO,云浮,1.45
20170124,10,CO_24h,云浮,1.0
20170124,11,AQI,云浮,106.0
20170124,11,PM2.5,云浮,80.0
20170124,11,PM2.5_24h,云浮,60.0
20170124,11,PM10,云浮,112.0
20170124,11,PM10_24h,云浮,83.0
20170124,11,SO2,云浮,21.0
20170124,11,SO2_24h,云浮,13.0
20170124,11,NO2,云浮,50.0
20170124,11,NO2_24h,云浮,37.0
20170124,11,O3,云浮,45.0
20170124,11,O3_24h,云浮,128.0
20170124,11,O3_8h,云浮,12.0
20170124,11,O3_8h_24h,云浮,23.0
20170124,11,CO,云浮,1.2
20170124,11,CO_24h,云浮,1.0
20170124,12,AQI,云浮,100.0
20170124,12,PM2.5,云浮,75.0
20170124,12,PM2.5_24h,云浮,61.0
20170124,12,PM10,云浮,95.0
20170124,12,PM10_24h,云浮,84.0
20170124,12,SO2,云浮,18.0
20170124,12,SO2_24h,云浮,13.0
20170124,12,NO2,云浮,35.0
20170124,12,NO2_24h,云浮,38.0
20170124,12,O3,云浮,75.0
20170124,12,O3_24h,云浮,128.0
20170124,12,O3_8h,云浮,20.0
20170124,12,O3_8h_24h,云浮,24.0
20170124,12,CO,云浮,0.8
20170124,12,CO_24h,云浮,1.0
20170124,13,AQI,云浮,90.0
20170124,13,PM2.5,云浮,67.0
20170124,13,PM2.5_24h,云浮,62.0
20170124,13,PM10,云浮,77.0
20170124,13,PM10_24h,云浮,85.0
20170124,13,SO2,云浮,17.0
20170124,13,SO2_24h,云浮,13.0
20170124,13,NO2,云浮,28.0
20170124,13,NO2_24h,云浮,38.0
20170124,13,O3,云浮,93.0
20170124,13,O3_24h,云浮,128.0
20170124,13,O3_8h,云浮,31.0
20170124,13,O3_8h_24h,云浮,31.0
20170124,13,CO,云浮,0.8
20170124,13,CO_24h,云浮,1.0
20170124,14,AQI,云浮,80.0
20170124,14,PM2.5,云浮,59.0
20170124,14,PM2.5_24h,云浮,63.0
20170124,14,PM10,云浮,66.0
20170124,14,PM10_24h,云浮,85.0
20170124,14,SO2,云浮,14.0
20170124,14,SO2_24h,云浮,13.0
20170124,14,NO2,云浮,22.0
20170124,14,NO2_24h,云浮,38.0
20170124,14,O3,云浮,109.0
20170124,14,O3_24h,云浮,128.0
20170124,14,O3_8h,云浮,44.0
20170124,14,O3_8h_24h,云浮,44.0
20170124,14,CO,云浮,0.8
20170124,14,CO_24h,云浮,1.0
20170124,15,AQI,云浮,75.0
20170124,15,PM2.5,云浮,55.0
20170124,15,PM2.5_24h,云浮,63.0
20170124,15,PM10,云浮,67.0
20170124,15,PM10_24h,云浮,85.0
20170124,15,SO2,云浮,13.0
20170124,15,SO2_24h,云浮,13.0
20170124,15,NO2,云浮,21.0
20170124,15,NO2_24h,云浮,38.0
20170124,15,O3,云浮,117.0
20170124,15,O3_24h,云浮,128.0
20170124,15,O3_8h,云浮,58.0
20170124,15,O3_8h_24h,云浮,58.0
20170124,15,CO,云浮,0.7
20170124,15,CO_24h,云浮,1.0
20170124,16,AQI,云浮,75.0
20170124,16,PM2.5,云浮,55.0
20170124,16,PM2.5_24h,云浮,64.0
20170124,16,PM10,云浮,65.0
20170124,16,PM10_24h,云浮,86.0
20170124,16,SO2,云浮,13.0
20170124,16,SO2_24h,云浮,13.0
20170124,16,NO2,云浮,27.0
20170124,16,NO2_24h,云浮,39.0
20170124,16,O3,云浮,119.0
20170124,16,O3_24h,云浮,126.0
20170124,16,O3_8h,云浮,72.0
20170124,16,O3_8h_24h,云浮,72.0
20170124,16,CO,云浮,0.75
20170124,16,CO_24h,云浮,1.0
20170124,17,AQI,云浮,89.0
20170124,17,PM2.5,云浮,66.0
20170124,17,PM2.5_24h,云浮,65.0
20170124,17,PM10,云浮,78.0
20170124,17,PM10_24h,云浮,86.0
20170124,17,SO2,云浮,12.0
20170124,17,SO2_24h,云浮,13.0
20170124,17,NO2,云浮,27.0
20170124,17,NO2_24h,云浮,39.0
20170124,17,O3,云浮,121.0
20170124,17,O3_24h,云浮,122.0
20170124,17,O3_8h,云浮,87.0
20170124,17,O3_8h_24h,云浮,87.0
20170124,17,CO,云浮,0.85
20170124,17,CO_24h,云浮,1.0
20170124,18,AQI,云浮,81.0
20170124,18,PM2.5,云浮,60.0
20170124,18,PM2.5_24h,云浮,65.0
20170124,18,PM10,云浮,72.0
20170124,18,PM10_24h,云浮,87.0
20170124,18,SO2,云浮,11.0
20170124,18,SO2_24h,云浮,13.0
20170124,18,NO2,云浮,26.0
20170124,18,NO2_24h,云浮,39.0
20170124,18,O3,云浮,125.0
20170124,18,O3_24h,云浮,128.0
20170124,18,O3_8h,云浮,101.0
20170124,18,O3_8h_24h,云浮,101.0
20170124,18,CO,云浮,0.9
20170124,18,CO_24h,云浮,1.0
20170124,19,AQI,云浮,86.0
20170124,19,PM2.5,云浮,64.0
20170124,19,PM2.5_24h,云浮,66.0
20170124,19,PM10,云浮,77.0
20170124,19,PM10_24h,云浮,87.0
20170124,19,SO2,云浮,10.0
20170124,19,SO2_24h,云浮,13.0
20170124,19,NO2,云浮,27.0
20170124,19,NO2_24h,云浮,39.0
20170124,19,O3,云浮,109.0
20170124,19,O3_24h,云浮,128.0
20170124,19,O3_8h,云浮,109.0
20170124,19,O3_8h_24h,云浮,109.0
20170124,19,CO,云浮,0.95
20170124,19,CO_24h,云浮,1.0
20170124,20,AQI,云浮,103.0
20170124,20,PM2.5,云浮,77.0
20170124,20,PM2.5_24h,云浮,67.0
20170124,20,PM10,云浮,98.0
20170124,20,PM10_24h,云浮,88.0
20170124,20,SO2,云浮,10.0
20170124,20,SO2_24h,云浮,13.0
20170124,20,NO2,云浮,42.0
20170124,20,NO2_24h,云浮,40.0
20170124,20,O3,云浮,80.0
20170124,20,O3_24h,云浮,128.0
20170124,20,O3_8h,云浮,109.0
20170124,20,O3_8h_24h,云浮,111.0
20170124,20,CO,云浮,1.3
20170124,20,CO_24h,云浮,1.05
20170124,21,AQI,云浮,105.0
20170124,21,PM2.5,云浮,79.0
20170124,21,PM2.5_24h,云浮,68.0
20170124,21,PM10,云浮,96.0
20170124,21,PM10_24h,云浮,89.0
20170124,21,SO2,云浮,11.0
20170124,21,SO2_24h,云浮,13.0
20170124,21,NO2,云浮,53.0
20170124,21,NO2_24h,云浮,41.0
20170124,21,O3,云浮,58.0
20170124,21,O3_24h,云浮,128.0
20170124,21,O3_8h,云浮,105.0
20170124,21,O3_8h_24h,云浮,111.0
20170124,21,CO,云浮,1.25
20170124,21,CO_24h,云浮,1.05
20170124,22,AQI,云浮,105.0
20170124,22,PM2.5,云浮,79.0
20170124,22,PM2.5_24h,云浮,68.0
20170124,22,PM10,云浮,107.0
20170124,22,PM10_24h,云浮,90.0
20170124,22,SO2,云浮,14.0
20170124,22,SO2_24h,云浮,13.0
20170124,22,NO2,云浮,60.0
20170124,22,NO2_24h,云浮,42.0
20170124,22,O3,云浮,40.0
20170124,22,O3_24h,云浮,128.0
20170124,22,O3_8h,云浮,96.0
20170124,22,O3_8h_24h,云浮,111.0
20170124,22,CO,云浮,1.4
20170124,22,CO_24h,云浮,1.05
20170124,23,AQI,云浮,116.0
20170124,23,PM2.5,云浮,88.0
20170124,23,PM2.5_24h,云浮,69.0
20170124,23,PM10,云浮,107.0
20170124,23,PM10_24h,云浮,90.0
20170124,23,SO2,云浮,12.0
20170124,23,SO2_24h,云浮,13.0
20170124,23,NO2,云浮,51.0
20170124,23,NO2_24h,云浮,42.0
20170124,23,O3,云浮,32.0
20170124,23,O3_24h,云浮,128.0
20170124,23,O3_8h,云浮,86.0
20170124,23,O3_8h_24h,云浮,111.0
20170124,23,CO,云浮,1.55
20170124,23,CO_24h,云浮,1.05
20170124,0,AQI,玉溪,21.0
20170124,0,PM2.5,玉溪,13.0
20170124,0,PM2.5_24h,玉溪,16.0
20170124,0,PM10,玉溪,21.0
20170124,0,PM10_24h,玉溪,26.0
20170124,0,SO2,玉溪,7.0
20170124,0,SO2_24h,玉溪,7.0
20170124,0,NO2,玉溪,17.0
20170124,0,NO2_24h,玉溪,15.0
20170124,0,O3,玉溪,32.0
20170124,0,O3_24h,玉溪,88.0
20170124,0,O3_8h,玉溪,59.0
20170124,0,O3_8h_24h,玉溪,79.0
20170124,0,CO,玉溪,0.5
20170124,0,CO_24h,玉溪,0.6
20170124,1,AQI,玉溪,24.0
20170124,1,PM2.5,玉溪,17.0
20170124,1,PM2.5_24h,玉溪,16.0
20170124,1,PM10_24h,玉溪,26.0
20170124,1,SO2,玉溪,6.0
20170124,1,SO2_24h,玉溪,7.0
20170124,1,NO2,玉溪,19.0
20170124,1,NO2_24h,玉溪,15.0
20170124,1,O3,玉溪,28.0
20170124,1,O3_24h,玉溪,88.0
20170124,1,O3_8h,玉溪,28.0
20170124,1,O3_8h_24h,玉溪,28.0
20170124,1,CO,玉溪,0.6
20170124,1,CO_24h,玉溪,0.6
20170124,2,AQI,玉溪,20.0
20170124,2,PM2.5,玉溪,14.0
20170124,2,PM2.5_24h,玉溪,16.0
20170124,2,PM10,玉溪,15.0
20170124,2,PM10_24h,玉溪,26.0
20170124,2,SO2,玉溪,8.0
20170124,2,SO2_24h,玉溪,7.0
20170124,2,NO2,玉溪,15.0
20170124,2,NO2_24h,玉溪,15.0
20170124,2,O3,玉溪,42.0
20170124,2,O3_24h,玉溪,88.0
20170124,2,O3_8h,玉溪,35.0
20170124,2,O3_8h_24h,玉溪,35.0
20170124,2,CO,玉溪,0.6
20170124,2,CO_24h,玉溪,0.6
20170124,3,AQI,玉溪,22.0
20170124,3,PM2.5,玉溪,12.0
20170124,3,PM2.5_24h,玉溪,15.0
20170124,3,PM10,玉溪,22.0
20170124,3,PM10_24h,玉溪,26.0
20170124,3,SO2,玉溪,8.0
20170124,3,SO2_24h,玉溪,7.0
20170124,3,NO2,玉溪,15.0
20170124,3,NO2_24h,玉溪,15.0
20170124,3,O3,玉溪,39.0
20170124,3,O3_24h,玉溪,88.0
20170124,3,O3_8h,玉溪,36.0
20170124,3,O3_8h_24h,玉溪,36.0
20170124,3,CO,玉溪,0.6
20170124,3,CO_24h,玉溪,0.6
20170124,4,AQI,玉溪,21.0
20170124,4,PM2.5,玉溪,11.0
20170124,4,PM2.5_24h,玉溪,15.0
20170124,4,PM10,玉溪,21.0
20170124,4,PM10_24h,玉溪,26.0
20170124,4,SO2,玉溪,10.0
20170124,4,SO2_24h,玉溪,8.0
20170124,4,NO2,玉溪,10.0
20170124,4,NO2_24h,玉溪,15.0
20170124,4,O3,玉溪,51.0
20170124,4,O3_24h,玉溪,88.0
20170124,4,O3_8h,玉溪,40.0
20170124,4,O3_8h_24h,玉溪,40.0
20170124,4,CO,玉溪,0.5
20170124,4,CO_24h,玉溪,0.6
20170124,5,AQI,玉溪,17.0
20170124,5,PM2.5,玉溪,11.0
20170124,5,PM2.5_24h,玉溪,15.0
20170124,5,PM10,玉溪,15.0
20170124,5,PM10_24h,玉溪,26.0
20170124,5,SO2,玉溪,10.0
20170124,5,SO2_24h,玉溪,8.0
20170124,5,NO2,玉溪,8.0
20170124,5,NO2_24h,玉溪,15.0
20170124,5,O3,玉溪,53.0
20170124,5,O3_24h,玉溪,88.0
20170124,5,O3_8h,玉溪,43.0
20170124,5,O3_8h_24h,玉溪,43.0
20170124,5,CO,玉溪,0.4
20170124,5,CO_24h,玉溪,0.6
20170124,6,AQI,玉溪,16.0
20170124,6,PM2.5,玉溪,11.0
20170124,6,PM2.5_24h,玉溪,15.0
20170124,6,PM10,玉溪,15.0
20170124,6,PM10_24h,玉溪,25.0
20170124,6,SO2,玉溪,10.0
20170124,6,SO2_24h,玉溪,8.0
20170124,6,NO2,玉溪,9.0
20170124,6,NO2_24h,玉溪,15.0
20170124,6,O3,玉溪,52.0
20170124,6,O3_24h,玉溪,88.0
20170124,6,O3_8h,玉溪,44.0
20170124,6,O3_8h_24h,玉溪,44.0
20170124,6,CO,玉溪,0.3
20170124,6,CO_24h,玉溪,0.6
20170124,7,AQI,玉溪,16.0
20170124,7,PM2.5,玉溪,10.0
20170124,7,PM2.5_24h,玉溪,15.0
20170124,7,PM10,玉溪,14.0
20170124,7,PM10_24h,玉溪,25.0
20170124,7,SO2,玉溪,8.0
20170124,7,SO2_24h,玉溪,8.0
20170124,7,NO2,玉溪,10.0
20170124,7,NO2_24h,玉溪,15.0
20170124,7,O3,玉溪,52.0
20170124,7,O3_24h,玉溪,88.0
20170124,7,O3_8h,玉溪,45.0
20170124,7,O3_8h_24h,玉溪,45.0
20170124,7,CO,玉溪,0.3
20170124,7,CO_24h,玉溪,0.6
20170124,8,AQI,玉溪,16.0
20170124,8,PM2.5,玉溪,10.0
20170124,8,PM2.5_24h,玉溪,14.0
20170124,8,PM10,玉溪,15.0
20170124,8,PM10_24h,玉溪,25.0
20170124,8,SO2,玉溪,7.0
20170124,8,SO2_24h,玉溪,8.0
20170124,8,NO2,玉溪,11.0
20170124,8,NO2_24h,玉溪,15.0
20170124,8,O3,玉溪,52.0
20170124,8,O3_24h,玉溪,88.0
20170124,8,O3_8h,玉溪,46.0
20170124,8,O3_8h_24h,玉溪,46.0
20170124,8,CO,玉溪,0.3
20170124,8,CO_24h,玉溪,0.5
20170124,9,AQI,玉溪,16.0
20170124,9,PM2.5,玉溪,11.0
20170124,9,PM2.5_24h,玉溪,14.0
20170124,9,PM10,玉溪,15.0
20170124,9,PM10_24h,玉溪,24.0
20170124,9,SO2,玉溪,7.0
20170124,9,SO2_24h,玉溪,8.0
20170124,9,NO2,玉溪,10.0
20170124,9,NO2_24h,玉溪,14.0
20170124,9,O3,玉溪,50.0
20170124,9,O3_24h,玉溪,88.0
20170124,9,O3_8h,玉溪,49.0
20170124,9,O3_8h_24h,玉溪,49.0
20170124,9,CO,玉溪,0.4
20170124,9,CO_24h,玉溪,0.5
20170124,10,AQI,玉溪,15.0
20170124,10,PM2.5,玉溪,10.0
20170124,10,PM2.5_24h,玉溪,14.0
20170124,10,PM10,玉溪,15.0
20170124,10,PM10_24h,玉溪,23.0
20170124,10,SO2,玉溪,8.0
20170124,10,SO2_24h,玉溪,8.0
20170124,10,NO2,玉溪,10.0
20170124,10,NO2_24h,玉溪,14.0
20170124,10,O3,玉溪,49.0
20170124,10,O3_24h,玉溪,88.0
20170124,10,O3_8h,玉溪,50.0
20170124,10,O3_8h_24h,玉溪,50.0
20170124,10,CO,玉溪,0.4
20170124,10,CO_24h,玉溪,0.5
20170124,11,AQI,玉溪,18.0
20170124,11,PM2.5,玉溪,10.0
20170124,11,PM2.5_24h,玉溪,13.0
20170124,11,PM10,玉溪,11.0
20170124,11,PM10_24h,玉溪,22.0
20170124,11,SO2,玉溪,8.0
20170124,11,SO2_24h,玉溪,8.0
20170124,11,NO2,玉溪,10.0
20170124,11,NO2_24h,玉溪,13.0
20170124,11,O3,玉溪,56.0
20170124,11,O3_24h,玉溪,88.0
20170124,11,O3_8h,玉溪,52.0
20170124,11,O3_8h_24h,玉溪,52.0
20170124,11,CO,玉溪,0.4
20170124,11,CO_24h,玉溪,0.5
20170124,12,AQI,玉溪,21.0
20170124,12,PM2.5,玉溪,13.0
20170124,12,PM2.5_24h,玉溪,12.0
20170124,12,PM10,玉溪,18.0
20170124,12,PM10_24h,玉溪,20.0
20170124,12,SO2,玉溪,8.0
20170124,12,SO2_24h,玉溪,8.0
20170124,12,NO2,玉溪,11.0
20170124,12,NO2_24h,玉溪,12.0
20170124,12,O3,玉溪,67.0
20170124,12,O3_24h,玉溪,88.0
20170124,12,O3_8h,玉溪,54.0
20170124,12,O3_8h_24h,玉溪,54.0
20170124,12,CO,玉溪,0.4
20170124,12,CO_24h,玉溪,0.4
20170124,13,AQI,玉溪,25.0
20170124,13,PM2.5,玉溪,11.0
20170124,13,PM2.5_24h,玉溪,12.0
20170124,13,PM10,玉溪,21.0
20170124,13,PM10_24h,玉溪,19.0
20170124,13,SO2,玉溪,6.0
20170124,13,SO2_24h,玉溪,7.0
20170124,13,NO2,玉溪,8.0
20170124,13,NO2_24h,玉溪,12.0
20170124,13,O3,玉溪,79.0
20170124,13,O3_24h,玉溪,88.0
20170124,13,O3_8h,玉溪,57.0
20170124,13,O3_8h_24h,玉溪,57.0
20170124,13,CO,玉溪,0.4
20170124,13,CO_24h,玉溪,0.4
20170124,14,AQI,玉溪,26.0
20170124,14,PM2.5,玉溪,10.0
20170124,14,PM2.5_24h,玉溪,12.0
20170124,14,PM10,玉溪,14.0
20170124,14,PM10_24h,玉溪,19.0
20170124,14,SO2,玉溪,6.0
20170124,14,SO2_24h,玉溪,7.0
20170124,14,NO2,玉溪,7.0
20170124,14,NO2_24h,玉溪,12.0
20170124,14,O3,玉溪,82.0
20170124,14,O3_24h,玉溪,88.0
20170124,14,O3_8h,玉溪,61.0
20170124,14,O3_8h_24h,玉溪,61.0
20170124,14,CO,玉溪,0.4
20170124,14,CO_24h,玉溪,0.4
20170124,15,AQI,玉溪,27.0
20170124,15,PM2.5,玉溪,11.0
20170124,15,PM2.5_24h,玉溪,12.0
20170124,15,PM10,玉溪,14.0
20170124,15,PM10_24h,玉溪,19.0
20170124,15,SO2,玉溪,6.0
20170124,15,SO2_24h,玉溪,7.0
20170124,15,NO2,玉溪,8.0
20170124,15,NO2_24h,玉溪,12.0
20170124,15,O3,玉溪,87.0
20170124,15,O3_24h,玉溪,88.0
20170124,15,O3_8h,玉溪,65.0
20170124,15,O3_8h_24h,玉溪,65.0
20170124,15,CO,玉溪,0.4
20170124,15,CO_24h,玉溪,0.4
20170124,16,AQI,玉溪,28.0
20170124,16,PM2.5,玉溪,10.0
20170124,16,PM2.5_24h,玉溪,12.0
20170124,16,PM10,玉溪,19.0
20170124,16,PM10_24h,玉溪,19.0
20170124,16,SO2,玉溪,7.0
20170124,16,SO2_24h,玉溪,7.0
20170124,16,NO2,玉溪,8.0
20170124,16,NO2_24h,玉溪,12.0
20170124,16,O3,玉溪,89.0
20170124,16,O3_24h,玉溪,89.0
20170124,16,O3_8h,玉溪,70.0
20170124,16,O3_8h_24h,玉溪,70.0
20170124,16,CO,玉溪,0.4
20170124,16,CO_24h,玉溪,0.4
20170124,17,AQI,玉溪,28.0
20170124,17,PM2.5,玉溪,10.0
20170124,17,PM2.5_24h,玉溪,12.0
20170124,17,PM10,玉溪,18.0
20170124,17,PM10_24h,玉溪,19.0
20170124,17,SO2,玉溪,7.0
20170124,17,SO2_24h,玉溪,7.0
20170124,17,NO2,玉溪,8.0
20170124,17,NO2_24h,玉溪,12.0
20170124,17,O3,玉溪,88.0
20170124,17,O3_24h,玉溪,89.0
20170124,17,O3_8h,玉溪,75.0
20170124,17,O3_8h_24h,玉溪,75.0
20170124,17,CO,玉溪,0.3
20170124,17,CO_24h,玉溪,0.4
20170124,18,AQI,玉溪,27.0
20170124,18,PM2.5,玉溪,11.0
20170124,18,PM2.5_24h,玉溪,12.0
20170124,18,PM10,玉溪,19.0
20170124,18,PM10_24h,玉溪,19.0
20170124,18,SO2,玉溪,7.0
20170124,18,SO2_24h,玉溪,7.0
20170124,18,NO2,玉溪,11.0
20170124,18,NO2_24h,玉溪,12.0
20170124,18,O3,玉溪,85.0
20170124,18,O3_24h,玉溪,89.0
20170124,18,O3_8h,玉溪,79.0
20170124,18,O3_8h_24h,玉溪,79.0
20170124,18,CO,玉溪,0.4
20170124,18,CO_24h,玉溪,0.4
20170124,19,AQI,玉溪,30.0
20170124,19,PM2.5,玉溪,13.0
20170124,19,PM2.5_24h,玉溪,12.0
20170124,19,PM10,玉溪,30.0
20170124,19,PM10_24h,玉溪,19.0
20170124,19,SO2,玉溪,6.0
20170124,19,SO2_24h,玉溪,7.0
20170124,19,NO2,玉溪,13.0
20170124,19,NO2_24h,玉溪,12.0
20170124,19,O3,玉溪,81.0
20170124,19,O3_24h,玉溪,89.0
20170124,19,O3_8h,玉溪,82.0
20170124,19,O3_8h_24h,玉溪,82.0
20170124,19,CO,玉溪,0.4
20170124,19,CO_24h,玉溪,0.4
20170124,20,AQI,玉溪,33.0
20170124,20,PM2.5,玉溪,14.0
20170124,20,PM2.5_24h,玉溪,12.0
20170124,20,PM10,玉溪,33.0
20170124,20,PM10_24h,玉溪,20.0
20170124,20,SO2,玉溪,9.0
20170124,20,SO2_24h,玉溪,8.0
20170124,20,NO2,玉溪,16.0
20170124,20,NO2_24h,玉溪,12.0
20170124,20,O3,玉溪,67.0
20170124,20,O3_24h,玉溪,89.0
20170124,20,O3_8h,玉溪,82.0
20170124,20,O3_8h_24h,玉溪,82.0
20170124,20,CO,玉溪,0.4
20170124,20,CO_24h,玉溪,0.4
20170124,21,AQI,玉溪,30.0
20170124,21,PM2.5,玉溪,15.0
20170124,21,PM2.5_24h,玉溪,12.0
20170124,21,PM10,玉溪,30.0
20170124,21,PM10_24h,玉溪,20.0
20170124,21,SO2,玉溪,8.0
20170124,21,SO2_24h,玉溪,8.0
20170124,21,NO2,玉溪,17.0
20170124,21,NO2_24h,玉溪,12.0
20170124,21,O3,玉溪,58.0
20170124,21,O3_24h,玉溪,89.0
20170124,21,O3_8h,玉溪,80.0
20170124,21,O3_8h_24h,玉溪,82.0
20170124,21,CO,玉溪,0.4
20170124,21,CO_24h,玉溪,0.4
20170124,22,AQI,玉溪,34.0
20170124,22,PM2.5,玉溪,14.0
20170124,22,PM2.5_24h,玉溪,12.0
20170124,22,PM10,玉溪,34.0
20170124,22,PM10_24h,玉溪,20.0
20170124,22,SO2,玉溪,7.0
20170124,22,SO2_24h,玉溪,8.0
20170124,22,NO2,玉溪,17.0
20170124,22,NO2_24h,玉溪,12.0
20170124,22,O3,玉溪,41.0
20170124,22,O3_24h,玉溪,89.0
20170124,22,O3_8h,玉溪,74.0
20170124,22,O3_8h_24h,玉溪,82.0
20170124,22,CO,玉溪,0.6
20170124,22,CO_24h,玉溪,0.4
20170124,23,AQI,玉溪,30.0
20170124,23,PM2.5,玉溪,15.0
20170124,23,PM2.5_24h,玉溪,12.0
20170124,23,PM10,玉溪,30.0
20170124,23,PM10_24h,玉溪,20.0
20170124,23,SO2,玉溪,6.0
20170124,23,SO2_24h,玉溪,8.0
20170124,23,NO2,玉溪,21.0
20170124,23,NO2_24h,玉溪,12.0
20170124,23,O3,玉溪,33.0
20170124,23,O3_24h,玉溪,89.0
20170124,23,O3_8h,玉溪,68.0
20170124,23,O3_8h_24h,玉溪,82.0
20170124,23,CO,玉溪,0.7
20170124,23,CO_24h,玉溪,0.4
20170124,0,AQI,菏泽,170.0
20170124,0,PM2.5,菏泽,129.0
20170124,0,PM2.5_24h,菏泽,108.0
20170124,0,PM10,菏泽,196.0
20170124,0,PM10_24h,菏泽,184.0
20170124,0,SO2,菏泽,54.0
20170124,0,SO2_24h,菏泽,61.0
20170124,0,NO2,菏泽,51.0
20170124,0,NO2_24h,菏泽,51.0
20170124,0,O3,菏泽,31.0
20170124,0,O3_24h,菏泽,90.0
20170124,0,O3_8h,菏泽,51.0
20170124,0,O3_8h_24h,菏泽,68.0
20170124,0,CO,菏泽,1.83
20170124,0,CO_24h,菏泽,1.7
20170124,1,AQI,菏泽,160.0
20170124,1,PM2.5,菏泽,122.0
20170124,1,PM2.5_24h,菏泽,107.0
20170124,1,PM10,菏泽,192.0
20170124,1,PM10_24h,菏泽,183.0
20170124,1,SO2,菏泽,46.0
20170124,1,SO2_24h,菏泽,60.0
20170124,1,NO2,菏泽,46.0
20170124,1,NO2_24h,菏泽,51.0
20170124,1,O3,菏泽,32.0
20170124,1,O3_24h,菏泽,90.0
20170124,1,O3_8h,菏泽,32.0
20170124,1,O3_8h_24h,菏泽,32.0
20170124,1,CO,菏泽,1.9
20170124,1,CO_24h,菏泽,1.7
20170124,2,AQI,菏泽,139.0
20170124,2,PM2.5,菏泽,106.0
20170124,2,PM2.5_24h,菏泽,106.0
20170124,2,PM10,菏泽,163.0
20170124,2,PM10_24h,菏泽,181.0
20170124,2,SO2,菏泽,51.0
20170124,2,SO2_24h,菏泽,59.0
20170124,2,NO2,菏泽,37.0
20170124,2,NO2_24h,菏泽,50.0
20170124,2,O3,菏泽,38.0
20170124,2,O3_24h,菏泽,90.0
20170124,2,O3_8h,菏泽,35.0
20170124,2,O3_8h_24h,菏泽,35.0
20170124,2,CO,菏泽,1.8
20170124,2,CO_24h,菏泽,1.7
20170124,3,AQI,菏泽,111.0
20170124,3,PM2.5,菏泽,84.0
20170124,3,PM2.5_24h,菏泽,105.0
20170124,3,PM10,菏泽,135.0
20170124,3,PM10_24h,菏泽,178.0
20170124,3,SO2,菏泽,54.0
20170124,3,SO2_24h,菏泽,58.0
20170124,3,NO2,菏泽,36.0
20170124,3,NO2_24h,菏泽,49.0
20170124,3,O3,菏泽,42.0
20170124,3,O3_24h,菏泽,90.0
20170124,3,O3_8h,菏泽,37.0
20170124,3,O3_8h_24h,菏泽,37.0
20170124,3,CO,菏泽,1.73
20170124,3,CO_24h,菏泽,1.7
20170124,4,AQI,菏泽,106.0
20170124,4,PM2.5,菏泽,80.0
20170124,4,PM2.5_24h,菏泽,104.0
20170124,4,PM10,菏泽,120.0
20170124,4,PM10_24h,菏泽,175.0
20170124,4,SO2,菏泽,52.0
20170124,4,SO2_24h,菏泽,58.0
20170124,4,NO2,菏泽,33.0
20170124,4,NO2_24h,菏泽,47.0
20170124,4,O3,菏泽,40.0
20170124,4,O3_24h,菏泽,90.0
20170124,4,O3_8h,菏泽,38.0
20170124,4,O3_8h_24h,菏泽,38.0
20170124,4,CO,菏泽,1.7
20170124,4,CO_24h,菏泽,1.7
20170124,5,AQI,菏泽,106.0
20170124,5,PM2.5,菏泽,80.0
20170124,5,PM2.5_24h,菏泽,102.0
20170124,5,PM10,菏泽,119.0
20170124,5,PM10_24h,菏泽,173.0
20170124,5,SO2,菏泽,59.0
20170124,5,SO2_24h,菏泽,57.0
20170124,5,NO2,菏泽,34.0
20170124,5,NO2_24h,菏泽,46.0
20170124,5,O3,菏泽,44.0
20170124,5,O3_24h,菏泽,90.0
20170124,5,O3_8h,菏泽,39.0
20170124,5,O3_8h_24h,菏泽,39.0
20170124,5,CO,菏泽,1.77
20170124,5,CO_24h,菏泽,1.73
20170124,6,AQI,菏泽,108.0
20170124,6,PM2.5,菏泽,81.0
20170124,6,PM2.5_24h,菏泽,102.0
20170124,6,PM10,菏泽,118.0
20170124,6,PM10_24h,菏泽,172.0
20170124,6,SO2,菏泽,59.0
20170124,6,SO2_24h,菏泽,58.0
20170124,6,NO2,菏泽,35.0
20170124,6,NO2_24h,菏泽,46.0
20170124,6,O3,菏泽,44.0
20170124,6,O3_24h,菏泽,90.0
20170124,6,O3_8h,菏泽,40.0
20170124,6,O3_8h_24h,菏泽,40.0
20170124,6,CO,菏泽,1.83
20170124,6,CO_24h,菏泽,1.73
20170124,7,AQI,菏泽,105.0
20170124,7,PM2.5,菏泽,79.0
20170124,7,PM2.5_24h,菏泽,101.0
20170124,7,PM10,菏泽,120.0
20170124,7,PM10_24h,菏泽,170.0
20170124,7,SO2,菏泽,52.0
20170124,7,SO2_24h,菏泽,58.0
20170124,7,NO2,菏泽,38.0
20170124,7,NO2_24h,菏泽,45.0
20170124,7,O3,菏泽,38.0
20170124,7,O3_24h,菏泽,90.0
20170124,7,O3_8h,菏泽,40.0
20170124,7,O3_8h_24h,菏泽,40.0
20170124,7,CO,菏泽,1.9
20170124,7,CO_24h,菏泽,1.73
20170124,8,AQI,菏泽,124.0
20170124,8,PM2.5,菏泽,94.0
20170124,8,PM2.5_24h,菏泽,100.0
20170124,8,PM10,菏泽,139.0
20170124,8,PM10_24h,菏泽,168.0
20170124,8,SO2,菏泽,49.0
20170124,8,SO2_24h,菏泽,56.0
20170124,8,NO2,菏泽,51.0
20170124,8,NO2_24h,菏泽,45.0
20170124,8,O3,菏泽,19.0
20170124,8,O3_24h,菏泽,90.0
20170124,8,O3_8h,菏泽,37.0
20170124,8,O3_8h_24h,菏泽,40.0
20170124,8,CO,菏泽,2.1
20170124,8,CO_24h,菏泽,1.73
20170124,9,AQI,菏泽,141.0
20170124,9,PM2.5,菏泽,108.0
20170124,9,PM2.5_24h,菏泽,100.0
20170124,9,PM10,菏泽,169.0
20170124,9,PM10_24h,菏泽,166.0
20170124,9,SO2,菏泽,49.0
20170124,9,SO2_24h,菏泽,55.0
20170124,9,NO2,菏泽,50.0
20170124,9,NO2_24h,菏泽,44.0
20170124,9,O3,菏泽,19.0
20170124,9,O3_24h,菏泽,90.0
20170124,9,O3_8h,菏泽,35.0
20170124,9,O3_8h_24h,菏泽,40.0
20170124,9,CO,菏泽,2.0
20170124,9,CO_24h,菏泽,1.73
20170124,10,AQI,菏泽,154.0
20170124,10,PM2.5,菏泽,118.0
20170124,10,PM2.5_24h,菏泽,99.0
20170124,10,PM10,菏泽,191.0
20170124,10,PM10_24h,菏泽,166.0
20170124,10,SO2,菏泽,64.0
20170124,10,SO2_24h,菏泽,54.0
20170124,10,NO2,菏泽,50.0
20170124,10,NO2_24h,菏泽,44.0
20170124,10,O3,菏泽,24.0
20170124,10,O3_24h,菏泽,90.0
20170124,10,O3_8h,菏泽,34.0
20170124,10,O3_8h_24h,菏泽,40.0
20170124,10,CO,菏泽,2.17
20170124,10,CO_24h,菏泽,1.73
20170124,11,AQI,菏泽,184.0
20170124,11,PM2.5,菏泽,139.0
20170124,11,PM2.5_24h,菏泽,100.0
20170124,11,PM10,菏泽,208.0
20170124,11,PM10_24h,菏泽,166.0
20170124,11,SO2,菏泽,72.0
20170124,11,SO2_24h,菏泽,55.0
20170124,11,NO2,菏泽,52.0
20170124,11,NO2_24h,菏泽,44.0
20170124,11,O3,菏泽,31.0
20170124,11,O3_24h,菏泽,90.0
20170124,11,O3_8h,菏泽,32.0
20170124,11,O3_8h_24h,菏泽,40.0
20170124,11,CO,菏泽,2.1
20170124,11,CO_24h,菏泽,1.73
20170124,12,AQI,菏泽,194.0
20170124,12,PM2.5,菏泽,146.0
20170124,12,PM2.5_24h,菏泽,102.0
20170124,12,PM10,菏泽,216.0
20170124,12,PM10_24h,菏泽,167.0
20170124,12,SO2,菏泽,67.0
20170124,12,SO2_24h,菏泽,56.0
20170124,12,NO2,菏泽,54.0
20170124,12,NO2_24h,菏泽,45.0
20170124,12,O3,菏泽,39.0
20170124,12,O3_24h,菏泽,90.0
20170124,12,O3_8h,菏泽,32.0
20170124,12,O3_8h_24h,菏泽,40.0
20170124,12,CO,菏泽,2.0
20170124,12,CO_24h,菏泽,1.73
20170124,13,AQI,菏泽,199.0
20170124,13,PM2.5,菏泽,149.0
20170124,13,PM2.5_24h,菏泽,105.0
20170124,13,PM10,菏泽,221.0
20170124,13,PM10_24h,菏泽,169.0
20170124,13,SO2,菏泽,58.0
20170124,13,SO2_24h,菏泽,57.0
20170124,13,NO2,菏泽,54.0
20170124,13,NO2_24h,菏泽,45.0
20170124,13,O3,菏泽,48.0
20170124,13,O3_24h,菏泽,90.0
20170124,13,O3_8h,菏泽,33.0
20170124,13,O3_8h_24h,菏泽,40.0
20170124,13,CO,菏泽,1.97
20170124,13,CO_24h,菏泽,1.8
20170124,14,AQI,菏泽,193.0
20170124,14,PM2.5,菏泽,145.0
20170124,14,PM2.5_24h,菏泽,107.0
20170124,14,PM10,菏泽,206.0
20170124,14,PM10_24h,菏泽,172.0
20170124,14,SO2,菏泽,118.0
20170124,14,SO2_24h,菏泽,60.0
20170124,14,NO2,菏泽,48.0
20170124,14,NO2_24h,菏泽,46.0
20170124,14,O3,菏泽,49.0
20170124,14,O3_24h,菏泽,90.0
20170124,14,O3_8h,菏泽,33.0
20170124,14,O3_8h_24h,菏泽,40.0
20170124,14,CO,菏泽,1.7
20170124,14,CO_24h,菏泽,1.83
20170124,15,AQI,菏泽,187.0
20170124,15,PM2.5,菏泽,141.0
20170124,15,PM2.5_24h,菏泽,109.0
20170124,15,PM10,菏泽,200.0
20170124,15,PM10_24h,菏泽,173.0
20170124,15,SO2,菏泽,48.0
20170124,15,SO2_24h,菏泽,55.0
20170124,15,NO2,菏泽,52.0
20170124,15,NO2_24h,菏泽,46.0
20170124,15,O3,菏泽,64.0
20170124,15,O3_24h,菏泽,77.0
20170124,15,O3_8h,菏泽,36.0
20170124,15,O3_8h_24h,菏泽,40.0
20170124,15,CO,菏泽,2.37
20170124,15,CO_24h,菏泽,1.8
20170124,16,AQI,菏泽,191.0
20170124,16,PM2.5,菏泽,144.0
20170124,16,PM2.5_24h,菏泽,112.0
20170124,16,PM10,菏泽,235.0
20170124,16,PM10_24h,菏泽,177.0
20170124,16,SO2,菏泽,46.0
20170124,16,SO2_24h,菏泽,55.0
20170124,16,NO2,菏泽,54.0
20170124,16,NO2_24h,菏泽,47.0
20170124,16,O3,菏泽,56.0
20170124,16,O3_24h,菏泽,76.0
20170124,16,O3_8h,菏泽,41.0
20170124,16,O3_8h_24h,菏泽,42.0
20170124,16,CO,菏泽,1.77
20170124,16,CO_24h,菏泽,1.83
20170124,17,AQI,菏泽,183.0
20170124,17,PM2.5,菏泽,138.0
20170124,17,PM2.5_24h,菏泽,114.0
20170124,17,PM10,菏泽,215.0
20170124,17,PM10_24h,菏泽,179.0
20170124,17,SO2,菏泽,43.0
20170124,17,SO2_24h,菏泽,55.0
20170124,17,NO2,菏泽,59.0
20170124,17,NO2_24h,菏泽,48.0
20170124,17,O3,菏泽,51.0
20170124,17,O3_24h,菏泽,66.0
20170124,17,O3_8h,菏泽,45.0
20170124,17,O3_8h_24h,菏泽,45.0
20170124,17,CO,菏泽,1.8
20170124,17,CO_24h,菏泽,1.83
20170124,18,AQI,菏泽,199.0
20170124,18,PM2.5,菏泽,149.0
20170124,18,PM2.5_24h,菏泽,117.0
20170124,18,PM10,菏泽,218.0
20170124,18,PM10_24h,菏泽,181.0
20170124,18,SO2,菏泽,43.0
20170124,18,SO2_24h,菏泽,55.0
20170124,18,NO2,菏泽,71.0
20170124,18,NO2_24h,菏泽,48.0
20170124,18,O3,菏泽,37.0
20170124,18,O3_24h,菏泽,65.0
20170124,18,O3_8h,菏泽,47.0
20170124,18,O3_8h_24h,菏泽,47.0
20170124,18,CO,菏泽,2.03
20170124,18,CO_24h,菏泽,1.87
20170124,19,AQI,菏泽,194.0
20170124,19,PM2.5,菏泽,146.0
20170124,19,PM2.5_24h,菏泽,119.0
20170124,19,PM10,菏泽,227.0
20170124,19,PM10_24h,菏泽,183.0
20170124,19,SO2,菏泽,64.0
20170124,19,SO2_24h,菏泽,56.0
20170124,19,NO2,菏泽,83.0
20170124,19,NO2_24h,菏泽,50.0
20170124,19,O3,菏泽,22.0
20170124,19,O3_24h,菏泽,64.0
20170124,19,O3_8h,菏泽,46.0
20170124,19,O3_8h_24h,菏泽,47.0
20170124,19,CO,菏泽,2.23
20170124,19,CO_24h,菏泽,1.9
20170124,20,AQI,菏泽,193.0
20170124,20,PM2.5,菏泽,145.0
20170124,20,PM2.5_24h,菏泽,120.0
20170124,20,PM10,菏泽,229.0
20170124,20,PM10_24h,菏泽,185.0
20170124,20,SO2,菏泽,77.0
20170124,20,SO2_24h,菏泽,58.0
20170124,20,NO2,菏泽,84.0
20170124,20,NO2_24h,菏泽,51.0
20170124,20,O3,菏泽,17.0
20170124,20,O3_24h,菏泽,64.0
20170124,20,O3_8h,菏泽,43.0
20170124,20,O3_8h_24h,菏泽,47.0
20170124,20,CO,菏泽,2.43
20170124,20,CO_24h,菏泽,1.9
20170124,21,AQI,菏泽,199.0
20170124,21,PM2.5,菏泽,149.0
20170124,21,PM2.5_24h,菏泽,121.0
20170124,21,PM10,菏泽,232.0
20170124,21,PM10_24h,菏泽,186.0
20170124,21,SO2,菏泽,77.0
20170124,21,SO2_24h,菏泽,59.0
20170124,21,NO2,菏泽,71.0
20170124,21,NO2_24h,菏泽,52.0
20170124,21,O3,菏泽,26.0
20170124,21,O3_24h,菏泽,64.0
20170124,21,O3_8h,菏泽,40.0
20170124,21,O3_8h_24h,菏泽,47.0
20170124,21,CO,菏泽,2.27
20170124,21,CO_24h,菏泽,1.97
20170124,22,AQI,菏泽,177.0
20170124,22,PM2.5,菏泽,134.0
20170124,22,PM2.5_24h,菏泽,122.0
20170124,22,PM10,菏泽,203.0
20170124,22,PM10_24h,菏泽,186.0
20170124,22,SO2,菏泽,64.0
20170124,22,SO2_24h,菏泽,59.0
20170124,22,NO2,菏泽,68.0
20170124,22,NO2_24h,菏泽,53.0
20170124,22,O3,菏泽,24.0
20170124,22,O3_24h,菏泽,64.0
20170124,22,O3_8h,菏泽,37.0
20170124,22,O3_8h_24h,菏泽,47.0
20170124,22,CO,菏泽,2.37
20170124,22,CO_24h,菏泽,2.0
20170124,23,AQI,菏泽,190.0
20170124,23,PM2.5,菏泽,143.0
20170124,23,PM2.5_24h,菏泽,123.0
20170124,23,PM10,菏泽,205.0
20170124,23,PM10_24h,菏泽,186.0
20170124,23,SO2,菏泽,62.0
20170124,23,SO2_24h,菏泽,59.0
20170124,23,NO2,菏泽,59.0
20170124,23,NO2_24h,菏泽,53.0
20170124,23,O3,菏泽,23.0
20170124,23,O3_24h,菏泽,64.0
20170124,23,O3_8h,菏泽,32.0
20170124,23,O3_8h_24h,菏泽,47.0
20170124,23,CO,菏泽,2.13
20170124,23,CO_24h,菏泽,2.0
20170124,0,AQI,大同,85.0
20170124,0,PM2.5,大同,63.0
20170124,0,PM2.5_24h,大同,67.0
20170124,0,PM10,大同,76.0
20170124,0,PM10_24h,大同,89.0
20170124,0,SO2,大同,44.0
20170124,0,SO2_24h,大同,108.0
20170124,0,NO2,大同,32.0
20170124,0,NO2_24h,大同,41.0
20170124,0,O3,大同,39.0
20170124,0,O3_24h,大同,59.0
20170124,0,O3_8h,大同,33.0
20170124,0,O3_8h_24h,大同,44.0
20170124,0,CO,大同,1.48
20170124,0,CO_24h,大同,1.78
20170124,1,AQI,大同,74.0
20170124,1,PM2.5,大同,54.0
20170124,1,PM2.5_24h,大同,67.0
20170124,1,PM10,大同,78.0
20170124,1,PM10_24h,大同,90.0
20170124,1,SO2,大同,52.0
20170124,1,SO2_24h,大同,106.0
20170124,1,NO2,大同,31.0
20170124,1,NO2_24h,大同,41.0
20170124,1,O3,大同,40.0
20170124,1,O3_24h,大同,59.0
20170124,1,O3_8h,大同,40.0
20170124,1,O3_8h_24h,大同,40.0
20170124,1,CO,大同,1.55
20170124,1,CO_24h,大同,1.78
20170124,2,AQI,大同,68.0
20170124,2,PM2.5,大同,49.0
20170124,2,PM2.5_24h,大同,67.0
20170124,2,PM10,大同,69.0
20170124,2,PM10_24h,大同,90.0
20170124,2,SO2,大同,76.0
20170124,2,SO2_24h,大同,107.0
20170124,2,NO2,大同,37.0
20170124,2,NO2_24h,大同,41.0
20170124,2,O3,大同,30.0
20170124,2,O3_24h,大同,59.0
20170124,2,O3_8h,大同,35.0
20170124,2,O3_8h_24h,大同,40.0
20170124,2,CO,大同,1.57
20170124,2,CO_24h,大同,1.78
20170124,3,AQI,大同,68.0
20170124,3,PM2.5,大同,49.0
20170124,3,PM2.5_24h,大同,67.0
20170124,3,PM10,大同,62.0
20170124,3,PM10_24h,大同,91.0
20170124,3,SO2,大同,78.0
20170124,3,SO2_24h,大同,107.0
20170124,3,NO2,大同,33.0
20170124,3,NO2_24h,大同,41.0
20170124,3,O3,大同,32.0
20170124,3,O3_24h,大同,59.0
20170124,3,O3_8h,大同,34.0
20170124,3,O3_8h_24h,大同,40.0
20170124,3,CO,大同,1.65
20170124,3,CO_24h,大同,1.8
20170124,4,AQI,大同,64.0
20170124,4,PM2.5,大同,46.0
20170124,4,PM2.5_24h,大同,67.0
20170124,4,PM10,大同,47.0
20170124,4,PM10_24h,大同,91.0
20170124,4,SO2,大同,65.0
20170124,4,SO2_24h,大同,106.0
20170124,4,NO2,大同,28.0
20170124,4,NO2_24h,大同,41.0
20170124,4,O3,大同,35.0
20170124,4,O3_24h,大同,59.0
20170124,4,O3_8h,大同,34.0
20170124,4,O3_8h_24h,大同,40.0
20170124,4,CO,大同,1.67
20170124,4,CO_24h,大同,1.83
20170124,5,AQI,大同,66.0
20170124,5,PM2.5,大同,48.0
20170124,5,PM2.5_24h,大同,68.0
20170124,5,PM10,大同,50.0
20170124,5,PM10_24h,大同,91.0
20170124,5,SO2,大同,81.0
20170124,5,SO2_24h,大同,105.0
20170124,5,NO2,大同,32.0
20170124,5,NO2_24h,大同,41.0
20170124,5,O3,大同,27.0
20170124,5,O3_24h,大同,59.0
20170124,5,O3_8h,大同,33.0
20170124,5,O3_8h_24h,大同,40.0
20170124,5,CO,大同,1.8
20170124,5,CO_24h,大同,1.83
20170124,6,AQI,大同,61.0
20170124,6,PM2.5,大同,44.0
20170124,6,PM2.5_24h,大同,68.0
20170124,6,PM10,大同,59.0
20170124,6,PM10_24h,大同,91.0
20170124,6,SO2,大同,88.0
20170124,6,SO2_24h,大同,103.0
20170124,6,NO2,大同,30.0
20170124,6,NO2_24h,大同,40.0
20170124,6,O3,大同,27.0
20170124,6,O3_24h,大同,59.0
20170124,6,O3_8h,大同,32.0
20170124,6,O3_8h_24h,大同,40.0
20170124,6,CO,大同,1.85
20170124,6,CO_24h,大同,1.85
20170124,7,AQI,大同,65.0
20170124,7,PM2.5,大同,47.0
20170124,7,PM2.5_24h,大同,68.0
20170124,7,PM10,大同,64.0
20170124,7,PM10_24h,大同,91.0
20170124,7,SO2,大同,109.0
20170124,7,SO2_24h,大同,104.0
20170124,7,NO2,大同,34.0
20170124,7,NO2_24h,大同,40.0
20170124,7,O3,大同,22.0
20170124,7,O3_24h,大同,59.0
20170124,7,O3_8h,大同,30.0
20170124,7,O3_8h_24h,大同,40.0
20170124,7,CO,大同,2.05
20170124,7,CO_24h,大同,1.88
20170124,8,AQI,大同,68.0
20170124,8,PM2.5,大同,49.0
20170124,8,PM2.5_24h,大同,69.0
20170124,8,PM10,大同,64.0
20170124,8,PM10_24h,大同,92.0
20170124,8,SO2,大同,97.0
20170124,8,SO2_24h,大同,102.0
20170124,8,NO2,大同,36.0
20170124,8,NO2_24h,大同,40.0
20170124,8,O3,大同,19.0
20170124,8,O3_24h,大同,59.0
20170124,8,O3_8h,大同,29.0
20170124,8,O3_8h_24h,大同,40.0
20170124,8,CO,大同,2.2
20170124,8,CO_24h,大同,1.88
20170124,9,AQI,大同,80.0
20170124,9,PM2.5,大同,59.0
20170124,9,PM2.5_24h,大同,69.0
20170124,9,PM10,大同,76.0
20170124,9,PM10_24h,大同,92.0
20170124,9,SO2,大同,100.0
20170124,9,SO2_24h,大同,98.0
20170124,9,NO2,大同,33.0
20170124,9,NO2_24h,大同,41.0
20170124,9,O3,大同,22.0
20170124,9,O3_24h,大同,59.0
20170124,9,O3_8h,大同,27.0
20170124,9,O3_8h_24h,大同,40.0
20170124,9,CO,大同,2.42
20170124,9,CO_24h,大同,1.88
20170124,10,AQI,大同,88.0
20170124,10,PM2.5,大同,65.0
20170124,10,PM2.5_24h,大同,68.0
20170124,10,PM10,大同,76.0
20170124,10,PM10_24h,大同,91.0
20170124,10,SO2,大同,123.0
20170124,10,SO2_24h,大同,98.0
20170124,10,NO2,大同,31.0
20170124,10,NO2_24h,大同,41.0
20170124,10,O3,大同,28.0
20170124,10,O3_24h,大同,59.0
20170124,10,O3_8h,大同,26.0
20170124,10,O3_8h_24h,大同,40.0
20170124,10,CO,大同,2.55
20170124,10,CO_24h,大同,1.88
20170124,11,AQI,大同,98.0
20170124,11,PM2.5,大同,73.0
20170124,11,PM2.5_24h,大同,68.0
20170124,11,PM10,大同,91.0
20170124,11,PM10_24h,大同,90.0
20170124,11,SO2,大同,204.0
20170124,11,SO2_24h,大同,102.0
20170124,11,NO2,大同,39.0
20170124,11,NO2_24h,大同,41.0
20170124,11,O3,大同,33.0
20170124,11,O3_24h,大同,58.0
20170124,11,O3_8h,大同,27.0
20170124,11,O3_8h_24h,大同,40.0
20170124,11,CO,大同,2.53
20170124,11,CO_24h,大同,1.88
20170124,12,AQI,大同,108.0
20170124,12,PM2.5,大同,81.0
20170124,12,PM2.5_24h,大同,68.0
20170124,12,PM10,大同,101.0
20170124,12,PM10_24h,大同,89.0
20170124,12,SO2,大同,98.0
20170124,12,SO2_24h,大同,100.0
20170124,12,NO2,大同,34.0
20170124,12,NO2_24h,大同,41.0
20170124,12,O3,大同,50.0
20170124,12,O3_24h,大同,57.0
20170124,12,O3_8h,大同,28.0
20170124,12,O3_8h_24h,大同,40.0
20170124,12,CO,大同,1.65
20170124,12,CO_24h,大同,1.85
20170124,13,AQI,大同,94.0
20170124,13,PM2.5,大同,70.0
20170124,13,PM2.5_24h,大同,67.0
20170124,13,PM10,大同,96.0
20170124,13,PM10_24h,大同,88.0
20170124,13,SO2,大同,61.0
20170124,13,SO2_24h,大同,96.0
20170124,13,NO2,大同,32.0
20170124,13,NO2_24h,大同,40.0
20170124,13,O3,大同,57.0
20170124,13,O3_24h,大同,58.0
20170124,13,O3_8h,大同,30.0
20170124,13,O3_8h_24h,大同,41.0
20170124,13,CO,大同,1.42
20170124,13,CO_24h,大同,1.88
20170124,14,AQI,大同,74.0
20170124,14,PM2.5,大同,54.0
20170124,14,PM2.5_24h,大同,67.0
20170124,14,PM10,大同,80.0
20170124,14,PM10_24h,大同,88.0
20170124,14,SO2,大同,60.0
20170124,14,SO2_24h,大同,93.0
20170124,14,NO2,大同,38.0
20170124,14,NO2_24h,大同,40.0
20170124,14,O3,大同,53.0
20170124,14,O3_24h,大同,59.0
20170124,14,O3_8h,大同,34.0
20170124,14,O3_8h_24h,大同,42.0
20170124,14,CO,大同,1.45
20170124,14,CO_24h,大同,1.83
20170124,15,AQI,大同,57.0
20170124,15,PM2.5,大同,39.0
20170124,15,PM2.5_24h,大同,65.0
20170124,15,PM10,大同,63.0
20170124,15,PM10_24h,大同,86.0
20170124,15,SO2,大同,57.0
20170124,15,SO2_24h,大同,91.0
20170124,15,NO2,大同,42.0
20170124,15,NO2_24h,大同,40.0
20170124,15,O3,大同,51.0
20170124,15,O3_24h,大同,57.0
20170124,15,O3_8h,大同,38.0
20170124,15,O3_8h_24h,大同,42.0
20170124,15,CO,大同,1.43
20170124,15,CO_24h,大同,1.85
20170124,16,AQI,大同,60.0
20170124,16,PM2.5,大同,43.0
20170124,16,PM2.5_24h,大同,64.0
20170124,16,PM10,大同,63.0
20170124,16,PM10_24h,大同,84.0
20170124,16,SO2,大同,52.0
20170124,16,SO2_24h,大同,90.0
20170124,16,NO2,大同,38.0
20170124,16,NO2_24h,大同,40.0
20170124,16,O3,大同,56.0
20170124,16,O3_24h,大同,59.0
20170124,16,O3_8h,大同,43.0
20170124,16,O3_8h_24h,大同,44.0
20170124,16,CO,大同,1.38
20170124,16,CO_24h,大同,1.85
20170124,17,AQI,大同,69.0
20170124,17,PM2.5,大同,50.0
20170124,17,PM2.5_24h,大同,63.0
20170124,17,PM10,大同,70.0
20170124,17,PM10_24h,大同,83.0
20170124,17,SO2,大同,58.0
20170124,17,SO2_24h,大同,89.0
20170124,17,NO2,大同,42.0
20170124,17,NO2_24h,大同,39.0
20170124,17,O3,大同,51.0
20170124,17,O3_24h,大同,59.0
20170124,17,O3_8h,大同,47.0
20170124,17,O3_8h_24h,大同,47.0
20170124,17,CO,大同,1.38
20170124,17,CO_24h,大同,1.85
20170124,18,AQI,大同,79.0
20170124,18,PM2.5,大同,58.0
20170124,18,PM2.5_24h,大同,62.0
20170124,18,PM10,大同,75.0
20170124,18,PM10_24h,大同,82.0
20170124,18,SO2,大同,59.0
20170124,18,SO2_24h,大同,86.0
20170124,18,NO2,大同,48.0
20170124,18,NO2_24h,大同,38.0
20170124,18,O3,大同,42.0
20170124,18,O3_24h,大同,59.0
20170124,18,O3_8h,大同,49.0
20170124,18,O3_8h_24h,大同,49.0
20170124,18,CO,大同,1.43
20170124,18,CO_24h,大同,1.83
20170124,19,AQI,大同,84.0
20170124,19,PM2.5,大同,62.0
20170124,19,PM2.5_24h,大同,62.0
20170124,19,PM10,大同,78.0
20170124,19,PM10_24h,大同,81.0
20170124,19,SO2,大同,56.0
20170124,19,SO2_24h,大同,83.0
20170124,19,NO2,大同,52.0
20170124,19,NO2_24h,大同,38.0
20170124,19,O3,大同,35.0
20170124,19,O3_24h,大同,59.0
20170124,19,O3_8h,大同,49.0
20170124,19,O3_8h_24h,大同,49.0
20170124,19,CO,大同,1.6
20170124,19,CO_24h,大同,1.8
20170124,20,AQI,大同,96.0
20170124,20,PM2.5,大同,72.0
20170124,20,PM2.5_24h,大同,61.0
20170124,20,PM10,大同,79.0
20170124,20,PM10_24h,大同,80.0
20170124,20,SO2,大同,92.0
20170124,20,SO2_24h,大同,81.0
20170124,20,NO2,大同,56.0
20170124,20,NO2_24h,大同,38.0
20170124,20,O3,大同,27.0
20170124,20,O3_24h,大同,59.0
20170124,20,O3_8h,大同,46.0
20170124,20,O3_8h_24h,大同,49.0
20170124,20,CO,大同,2.2
20170124,20,CO_24h,大同,1.75
20170124,21,AQI,大同,115.0
20170124,21,PM2.5,大同,87.0
20170124,21,PM2.5_24h,大同,60.0
20170124,21,PM10,大同,101.0
20170124,21,PM10_24h,大同,78.0
20170124,21,SO2,大同,114.0
20170124,21,SO2_24h,大同,82.0
20170124,21,NO2,大同,59.0
20170124,21,NO2_24h,大同,38.0
20170124,21,O3,大同,24.0
20170124,21,O3_24h,大同,59.0
20170124,21,O3_8h,大同,42.0
20170124,21,O3_8h_24h,大同,49.0
20170124,21,CO,大同,2.3
20170124,21,CO_24h,大同,1.78
20170124,22,AQI,大同,143.0
20170124,22,PM2.5,大同,109.0
20170124,22,PM2.5_24h,大同,60.0
20170124,22,PM10,大同,126.0
20170124,22,PM10_24h,大同,77.0
20170124,22,SO2,大同,135.0
20170124,22,SO2_24h,大同,85.0
20170124,22,NO2,大同,56.0
20170124,22,NO2_24h,大同,39.0
20170124,22,O3,大同,20.0
20170124,22,O3_24h,大同,59.0
20170124,22,O3_8h,大同,39.0
20170124,22,O3_8h_24h,大同,49.0
20170124,22,CO,大同,2.77
20170124,22,CO_24h,大同,1.85
20170124,23,AQI,大同,179.0
20170124,23,PM2.5,大同,135.0
20170124,23,PM2.5_24h,大同,63.0
20170124,23,PM10,大同,149.0
20170124,23,PM10_24h,大同,79.0
20170124,23,SO2,大同,171.0
20170124,23,SO2_24h,大同,89.0
20170124,23,NO2,大同,54.0
20170124,23,NO2_24h,大同,40.0
20170124,23,O3,大同,17.0
20170124,23,O3_24h,大同,59.0
20170124,23,O3_8h,大同,34.0
20170124,23,O3_8h_24h,大同,49.0
20170124,23,CO,大同,2.95
20170124,23,CO_24h,大同,1.9
20170124,0,AQI,长治,153.0
20170124,0,PM2.5,长治,117.0
20170124,0,PM2.5_24h,长治,98.0
20170124,0,PM10,长治,169.0
20170124,0,PM10_24h,长治,148.0
20170124,0,SO2,长治,172.0
20170124,0,SO2_24h,长治,182.0
20170124,0,NO2,长治,72.0
20170124,0,NO2_24h,长治,62.0
20170124,0,O3,长治,57.0
20170124,0,O3_24h,长治,106.0
20170124,0,O3_8h,长治,69.0
20170124,0,O3_8h_24h,长治,87.0
20170124,0,CO,长治,3.08
20170124,0,CO_24h,长治,3.64
20170124,1,AQI,长治,167.0
20170124,1,PM2.5,长治,127.0
20170124,1,PM2.5_24h,长治,100.0
20170124,1,PM10,长治,186.0
20170124,1,PM10_24h,长治,151.0
20170124,1,SO2,长治,145.0
20170124,1,SO2_24h,长治,180.0
20170124,1,NO2,长治,75.0
20170124,1,NO2_24h,长治,63.0
20170124,1,O3,长治,45.0
20170124,1,O3_24h,长治,106.0
20170124,1,O3_8h,长治,45.0
20170124,1,O3_8h_24h,长治,45.0
20170124,1,CO,长治,3.52
20170124,1,CO_24h,长治,3.58
20170124,2,AQI,长治,181.0
20170124,2,PM2.5,长治,137.0
20170124,2,PM2.5_24h,长治,103.0
20170124,2,PM10,长治,192.0
20170124,2,PM10_24h,长治,153.0
20170124,2,SO2,长治,126.0
20170124,2,SO2_24h,长治,178.0
20170124,2,NO2,长治,86.0
20170124,2,NO2_24h,长治,63.0
20170124,2,O3,长治,27.0
20170124,2,O3_24h,长治,106.0
20170124,2,O3_8h,长治,36.0
20170124,2,O3_8h_24h,长治,45.0
20170124,2,CO,长治,4.68
20170124,2,CO_24h,长治,3.58
20170124,3,AQI,长治,203.0
20170124,3,PM2.5,长治,153.0
20170124,3,PM2.5_24h,长治,105.0
20170124,3,PM10,长治,196.0
20170124,3,PM10_24h,长治,155.0
20170124,3,SO2,长治,104.0
20170124,3,SO2_24h,长治,175.0
20170124,3,NO2,长治,97.0
20170124,3,NO2_24h,长治,64.0
20170124,3,O3,长治,14.0
20170124,3,O3_24h,长治,106.0
20170124,3,O3_8h,长治,29.0
20170124,3,O3_8h_24h,长治,45.0
20170124,3,CO,长治,5.98
20170124,3,CO_24h,长治,3.56
20170124,4,AQI,长治,231.0
20170124,4,PM2.5,长治,181.0
20170124,4,PM2.5_24h,长治,108.0
20170124,4,PM10,长治,241.0
20170124,4,PM10_24h,长治,160.0
20170124,4,SO2,长治,99.0
20170124,4,SO2_24h,长治,172.0
20170124,4,NO2,长治,99.0
20170124,4,NO2_24h,长治,66.0
20170124,4,O3,长治,11.0
20170124,4,O3_24h,长治,106.0
20170124,4,O3_8h,长治,24.0
20170124,4,O3_8h_24h,长治,45.0
20170124,4,CO,长治,5.4
20170124,4,CO_24h,长治,3.6
20170124,5,AQI,长治,260.0
20170124,5,PM2.5,长治,210.0
20170124,5,PM2.5_24h,长治,112.0
20170124,5,PM10,长治,271.0
20170124,5,PM10_24h,长治,165.0
20170124,5,SO2,长治,91.0
20170124,5,SO2_24h,长治,169.0
20170124,5,NO2,长治,97.0
20170124,5,NO2_24h,长治,67.0
20170124,5,O3,长治,11.0
20170124,5,O3_24h,长治,106.0
20170124,5,O3_8h,长治,21.0
20170124,5,O3_8h_24h,长治,45.0
20170124,5,CO,长治,5.38
20170124,5,CO_24h,长治,3.64
20170124,6,AQI,长治,277.0
20170124,6,PM2.5,长治,227.0
20170124,6,PM2.5_24h,长治,118.0
20170124,6,PM10,长治,304.0
20170124,6,PM10_24h,长治,172.0
20170124,6,SO2,长治,92.0
20170124,6,SO2_24h,长治,167.0
20170124,6,NO2,长治,96.0
20170124,6,NO2_24h,长治,68.0
20170124,6,O3,长治,9.0
20170124,6,O3_24h,长治,106.0
20170124,6,O3_8h,长治,19.0
20170124,6,O3_8h_24h,长治,45.0
20170124,6,CO,长治,5.4
20170124,6,CO_24h,长治,3.7
20170124,7,AQI,长治,286.0
20170124,7,PM2.5,长治,236.0
20170124,7,PM2.5_24h,长治,124.0
20170124,7,PM10,长治,312.0
20170124,7,PM10_24h,长治,181.0
20170124,7,SO2,长治,118.0
20170124,7,SO2_24h,长治,163.0
20170124,7,NO2,长治,102.0
20170124,7,NO2_24h,长治,70.0
20170124,7,O3,长治,9.0
20170124,7,O3_24h,长治,106.0
20170124,7,O3_8h,长治,18.0
20170124,7,O3_8h_24h,长治,45.0
20170124,7,CO,长治,6.44
20170124,7,CO_24h,长治,3.74
20170124,8,AQI,长治,309.0
20170124,8,PM2.5,长治,259.0
20170124,8,PM2.5_24h,长治,132.0
20170124,8,PM10,长治,334.0
20170124,8,PM10_24h,长治,189.0
20170124,8,SO2,长治,119.0
20170124,8,SO2_24h,长治,158.0
20170124,8,NO2,长治,89.0
20170124,8,NO2_24h,长治,71.0
20170124,8,O3,长治,9.0
20170124,8,O3_24h,长治,106.0
20170124,8,O3_8h,长治,17.0
20170124,8,O3_8h_24h,长治,45.0
20170124,8,CO,长治,6.32
20170124,8,CO_24h,长治,3.78
20170124,9,AQI,长治,331.0
20170124,9,PM2.5,长治,281.0
20170124,9,PM2.5_24h,长治,140.0
20170124,9,PM10,长治,365.0
20170124,9,PM10_24h,长治,198.0
20170124,9,SO2,长治,176.0
20170124,9,SO2_24h,长治,152.0
20170124,9,NO2,长治,83.0
20170124,9,NO2_24h,长治,72.0
20170124,9,O3,长治,11.0
20170124,9,O3_24h,长治,106.0
20170124,9,O3_8h,长治,13.0
20170124,9,O3_8h_24h,长治,45.0
20170124,9,CO,长治,6.34
20170124,9,CO_24h,长治,3.8
20170124,10,AQI,长治,338.0
20170124,10,PM2.5,长治,288.0
20170124,10,PM2.5_24h,长治,147.0
20170124,10,PM10,长治,383.0
20170124,10,PM10_24h,长治,208.0
20170124,10,SO2,长治,209.0
20170124,10,SO2_24h,长治,144.0
20170124,10,NO2,长治,85.0
20170124,10,NO2_24h,长治,72.0
20170124,10,O3,长治,13.0
20170124,10,O3_24h,长治,106.0
20170124,10,O3_8h,长治,11.0
20170124,10,O3_8h_24h,长治,45.0
20170124,10,CO,长治,6.12
20170124,10,CO_24h,长治,3.82
20170124,11,AQI,长治,343.0
20170124,11,PM2.5,长治,293.0
20170124,11,PM2.5_24h,长治,154.0
20170124,11,PM10,长治,391.0
20170124,11,PM10_24h,长治,216.0
20170124,11,SO2,长治,226.0
20170124,11,SO2_24h,长治,139.0
20170124,11,NO2,长治,91.0
20170124,11,NO2_24h,长治,72.0
20170124,11,O3,长治,18.0
20170124,11,O3_24h,长治,106.0
20170124,11,O3_8h,长治,11.0
20170124,11,O3_8h_24h,长治,45.0
20170124,11,CO,长治,6.14
20170124,11,CO_24h,长治,3.84
20170124,12,AQI,长治,367.0
20170124,12,PM2.5,长治,317.0
20170124,12,PM2.5_24h,长治,160.0
20170124,12,PM10,长治,416.0
20170124,12,PM10_24h,长治,223.0
20170124,12,SO2,长治,213.0
20170124,12,SO2_24h,长治,135.0
20170124,12,NO2,长治,98.0
20170124,12,NO2_24h,长治,73.0
20170124,12,O3,长治,25.0
20170124,12,O3_24h,长治,106.0
20170124,12,O3_8h,长治,13.0
20170124,12,O3_8h_24h,长治,45.0
20170124,12,CO,长治,6.02
20170124,12,CO_24h,长治,3.92
20170124,13,AQI,长治,405.0
20170124,13,PM2.5,长治,357.0
20170124,13,PM2.5_24h,长治,168.0
20170124,13,PM10,长治,450.0
20170124,13,PM10_24h,长治,232.0
20170124,13,SO2,长治,209.0
20170124,13,SO2_24h,长治,136.0
20170124,13,NO2,长治,99.0
20170124,13,NO2_24h,长治,74.0
20170124,13,O3,长治,42.0
20170124,13,O3_24h,长治,106.0
20170124,13,O3_8h,长治,17.0
20170124,13,O3_8h_24h,长治,45.0
20170124,13,CO,长治,5.24
20170124,13,CO_24h,长治,3.98
20170124,14,AQI,长治,409.0
20170124,14,PM2.5,长治,363.0
20170124,14,PM2.5_24h,长治,177.0
20170124,14,PM10,长治,470.0
20170124,14,PM10_24h,长治,242.0
20170124,14,SO2,长治,168.0
20170124,14,SO2_24h,长治,140.0
20170124,14,NO2,长治,89.0
20170124,14,NO2_24h,长治,77.0
20170124,14,O3,长治,68.0
20170124,14,O3_24h,长治,106.0
20170124,14,O3_8h,长治,24.0
20170124,14,O3_8h_24h,长治,46.0
20170124,14,CO,长治,3.96
20170124,14,CO_24h,长治,4.1
20170124,15,AQI,长治,373.0
20170124,15,PM2.5,长治,323.0
20170124,15,PM2.5_24h,长治,187.0
20170124,15,PM10,长治,433.0
20170124,15,PM10_24h,长治,253.0
20170124,15,SO2,长治,144.0
20170124,15,SO2_24h,长治,144.0
20170124,15,NO2,长治,81.0
20170124,15,NO2_24h,长治,80.0
20170124,15,O3,长治,80.0
20170124,15,O3_24h,长治,102.0
20170124,15,O3_8h,长治,33.0
20170124,15,O3_8h_24h,长治,50.0
20170124,15,CO,长治,3.52
20170124,15,CO_24h,长治,4.2
20170124,16,AQI,长治,325.0
20170124,16,PM2.5,长治,275.0
20170124,16,PM2.5_24h,长治,195.0
20170124,16,PM10,长治,369.0
20170124,16,PM10_24h,长治,263.0
20170124,16,SO2,长治,120.0
20170124,16,SO2_24h,长治,146.0
20170124,16,NO2,长治,72.0
20170124,16,NO2_24h,长治,81.0
20170124,16,O3,长治,91.0
20170124,16,O3_24h,长治,96.0
20170124,16,O3_8h,长治,44.0
20170124,16,O3_8h_24h,长治,56.0
20170124,16,CO,长治,3.12
20170124,16,CO_24h,长治,4.28
20170124,17,AQI,长治,287.0
20170124,17,PM2.5,长治,237.0
20170124,17,PM2.5_24h,长治,203.0
20170124,17,PM10,长治,318.0
20170124,17,PM10_24h,长治,273.0
20170124,17,SO2,长治,79.0
20170124,17,SO2_24h,长治,146.0
20170124,17,NO2,长治,53.0
20170124,17,NO2_24h,长治,81.0
20170124,17,O3,长治,109.0
20170124,17,O3_24h,长治,109.0
20170124,17,O3_8h,长治,56.0
20170124,17,O3_8h_24h,长治,64.0
20170124,17,CO,长治,2.84
20170124,17,CO_24h,长治,4.32
20170124,18,AQI,长治,252.0
20170124,18,PM2.5,长治,202.0
20170124,18,PM2.5_24h,长治,209.0
20170124,18,PM10,长治,264.0
20170124,18,PM10_24h,长治,281.0
20170124,18,SO2,长治,89.0
20170124,18,SO2_24h,长治,145.0
20170124,18,NO2,长治,56.0
20170124,18,NO2_24h,长治,81.0
20170124,18,O3,长治,99.0
20170124,18,O3_24h,长治,109.0
20170124,18,O3_8h,长治,66.0
20170124,18,O3_8h_24h,长治,71.0
20170124,18,CO,长治,2.36
20170124,18,CO_24h,长治,4.32
20170124,19,AQI,长治,209.0
20170124,19,PM2.5,长治,159.0
20170124,19,PM2.5_24h,长治,213.0
20170124,19,PM10,长治,219.0
20170124,19,PM10_24h,长治,285.0
20170124,19,SO2,长治,92.0
20170124,19,SO2_24h,长治,143.0
20170124,19,NO2,长治,62.0
20170124,19,NO2_24h,长治,81.0
20170124,19,O3,长治,71.0
20170124,19,O3_24h,长治,109.0
20170124,19,O3_8h,长治,73.0
20170124,19,O3_8h_24h,长治,76.0
20170124,19,CO,长治,2.68
20170124,19,CO_24h,长治,4.32
20170124,20,AQI,长治,166.0
20170124,20,PM2.5,长治,126.0
20170124,20,PM2.5_24h,长治,215.0
20170124,20,PM10,长治,177.0
20170124,20,PM10_24h,长治,287.0
20170124,20,SO2,长治,85.0
20170124,20,SO2_24h,长治,141.0
20170124,20,NO2,长治,65.0
20170124,20,NO2_24h,长治,81.0
20170124,20,O3,长治,53.0
20170124,20,O3_24h,长治,109.0
20170124,20,O3_8h,长治,77.0
20170124,20,O3_8h_24h,长治,79.0
20170124,20,CO,长治,2.78
20170124,20,CO_24h,长治,4.38
20170124,21,AQI,长治,151.0
20170124,21,PM2.5,长治,116.0
20170124,21,PM2.5_24h,长治,216.0
20170124,21,PM10,长治,162.0
20170124,21,PM10_24h,长治,288.0
20170124,21,SO2,长治,94.0
20170124,21,SO2_24h,长治,139.0
20170124,21,NO2,长治,73.0
20170124,21,NO2_24h,长治,82.0
20170124,21,O3,长治,39.0
20170124,21,O3_24h,长治,109.0
20170124,21,O3_8h,长治,76.0
20170124,21,O3_8h_24h,长治,80.0
20170124,21,CO,长治,2.66
20170124,21,CO_24h,长治,4.42
20170124,22,AQI,长治,150.0
20170124,22,PM2.5,长治,115.0
20170124,22,PM2.5_24h,长治,217.0
20170124,22,PM10,长治,169.0
20170124,22,PM10_24h,长治,289.0
20170124,22,SO2,长治,90.0
20170124,22,SO2_24h,长治,136.0
20170124,22,NO2,长治,72.0
20170124,22,NO2_24h,长治,82.0
20170124,22,O3,长治,40.0
20170124,22,O3_24h,长治,109.0
20170124,22,O3_8h,长治,73.0
20170124,22,O3_8h_24h,长治,80.0
20170124,22,CO,长治,2.72
20170124,22,CO_24h,长治,4.42
20170124,23,AQI,长治,156.0
20170124,23,PM2.5,长治,119.0
20170124,23,PM2.5_24h,长治,217.0
20170124,23,PM10,长治,170.0
20170124,23,PM10_24h,长治,290.0
20170124,23,SO2,长治,113.0
20170124,23,SO2_24h,长治,132.0
20170124,23,NO2,长治,81.0
20170124,23,NO2_24h,长治,82.0
20170124,23,O3,长治,35.0
20170124,23,O3_24h,长治,109.0
20170124,23,O3_8h,长治,67.0
20170124,23,O3_8h_24h,长治,80.0
20170124,23,CO,长治,3.04
20170124,23,CO_24h,长治,4.42
20170124,0,AQI,临汾,291.0
20170124,0,PM2.5,临汾,241.0
20170124,0,PM2.5_24h,临汾,173.0
20170124,0,PM10,临汾,281.0
20170124,0,PM10_24h,临汾,237.0
20170124,0,SO2,临汾,410.0
20170124,0,SO2_24h,临汾,333.0
20170124,0,NO2,临汾,75.0
20170124,0,NO2_24h,临汾,65.0
20170124,0,O3,临汾,16.0
20170124,0,O3_24h,临汾,83.0
20170124,0,O3_8h,临汾,30.0
20170124,0,O3_8h_24h,临汾,57.0
20170124,0,CO,临汾,3.8
20170124,0,CO_24h,临汾,3.73
20170124,1,AQI,临汾,295.0
20170124,1,PM2.5,临汾,245.0
20170124,1,PM2.5_24h,临汾,173.0
20170124,1,PM10,临汾,298.0
20170124,1,PM10_24h,临汾,235.0
20170124,1,SO2,临汾,441.0
20170124,1,SO2_24h,临汾,336.0
20170124,1,NO2,临汾,70.0
20170124,1,NO2_24h,临汾,66.0
20170124,1,O3,临汾,17.0
20170124,1,O3_24h,临汾,83.0
20170124,1,O3_8h,临汾,17.0
20170124,1,O3_8h_24h,临汾,17.0
20170124,1,CO,临汾,4.25
20170124,1,CO_24h,临汾,3.65
20170124,2,AQI,临汾,294.0
20170124,2,PM2.5,临汾,244.0
20170124,2,PM2.5_24h,临汾,173.0
20170124,2,PM10,临汾,301.0
20170124,2,PM10_24h,临汾,234.0
20170124,2,SO2,临汾,410.0
20170124,2,SO2_24h,临汾,334.0
20170124,2,NO2,临汾,74.0
20170124,2,NO2_24h,临汾,66.0
20170124,2,O3,临汾,14.0
20170124,2,O3_24h,临汾,83.0
20170124,2,O3_8h,临汾,15.0
20170124,2,O3_8h_24h,临汾,17.0
20170124,2,CO,临汾,3.5
20170124,2,CO_24h,临汾,3.58
20170124,3,AQI,临汾,298.0
20170124,3,PM2.5,临汾,248.0
20170124,3,PM2.5_24h,临汾,174.0
20170124,3,PM10,临汾,277.0
20170124,3,PM10_24h,临汾,232.0
20170124,3,SO2,临汾,337.0
20170124,3,SO2_24h,临汾,334.0
20170124,3,NO2,临汾,63.0
20170124,3,NO2_24h,临汾,66.0
20170124,3,O3,临汾,14.0
20170124,3,O3_24h,临汾,83.0
20170124,3,O3_8h,临汾,15.0
20170124,3,O3_8h_24h,临汾,17.0
20170124,3,CO,临汾,3.72
20170124,3,CO_24h,临汾,3.55
20170124,4,AQI,临汾,278.0
20170124,4,PM2.5,临汾,228.0
20170124,4,PM2.5_24h,临汾,174.0
20170124,4,PM10,临汾,251.0
20170124,4,PM10_24h,临汾,231.0
20170124,4,SO2,临汾,288.0
20170124,4,SO2_24h,临汾,334.0
20170124,4,NO2,临汾,61.0
20170124,4,NO2_24h,临汾,66.0
20170124,4,O3,临汾,13.0
20170124,4,O3_24h,临汾,83.0
20170124,4,O3_8h,临汾,14.0
20170124,4,O3_8h_24h,临汾,17.0
20170124,4,CO,临汾,3.42
20170124,4,CO_24h,临汾,3.5
20170124,5,AQI,临汾,255.0
20170124,5,PM2.5,临汾,205.0
20170124,5,PM2.5_24h,临汾,175.0
20170124,5,PM10,临汾,204.0
20170124,5,PM10_24h,临汾,230.0
20170124,5,SO2,临汾,297.0
20170124,5,SO2_24h,临汾,337.0
20170124,5,NO2,临汾,64.0
20170124,5,NO2_24h,临汾,66.0
20170124,5,O3,临汾,12.0
20170124,5,O3_24h,临汾,83.0
20170124,5,O3_8h,临汾,14.0
20170124,5,O3_8h_24h,临汾,17.0
20170124,5,CO,临汾,3.13
20170124,5,CO_24h,临汾,3.47
20170124,6,AQI,临汾,232.0
20170124,6,PM2.5,临汾,182.0
20170124,6,PM2.5_24h,临汾,175.0
20170124,6,PM10,临汾,204.0
20170124,6,PM10_24h,临汾,230.0
20170124,6,SO2,临汾,325.0
20170124,6,SO2_24h,临汾,339.0
20170124,6,NO2,临汾,65.0
20170124,6,NO2_24h,临汾,66.0
20170124,6,O3,临汾,11.0
20170124,6,O3_24h,临汾,83.0
20170124,6,O3_8h,临汾,13.0
20170124,6,O3_8h_24h,临汾,17.0
20170124,6,CO,临汾,3.22
20170124,6,CO_24h,临汾,3.45
20170124,7,AQI,临汾,216.0
20170124,7,PM2.5,临汾,166.0
20170124,7,PM2.5_24h,临汾,176.0
20170124,7,PM10,临汾,180.0
20170124,7,PM10_24h,临汾,229.0
20170124,7,SO2,临汾,355.0
20170124,7,SO2_24h,临汾,342.0
20170124,7,NO2,临汾,62.0
20170124,7,NO2_24h,临汾,66.0
20170124,7,O3,临汾,12.0
20170124,7,O3_24h,临汾,83.0
20170124,7,O3_8h,临汾,13.0
20170124,7,O3_8h_24h,临汾,17.0
20170124,7,CO,临汾,3.4
20170124,7,CO_24h,临汾,3.45
20170124,8,AQI,临汾,216.0
20170124,8,PM2.5,临汾,166.0
20170124,8,PM2.5_24h,临汾,177.0
20170124,8,PM10,临汾,216.0
20170124,8,PM10_24h,临汾,229.0
20170124,8,SO2,临汾,415.0
20170124,8,SO2_24h,临汾,345.0
20170124,8,NO2,临汾,64.0
20170124,8,NO2_24h,临汾,67.0
20170124,8,O3,临汾,11.0
20170124,8,O3_24h,临汾,83.0
20170124,8,O3_8h,临汾,13.0
20170124,8,O3_8h_24h,临汾,17.0
20170124,8,CO,临汾,3.4
20170124,8,CO_24h,临汾,3.4
20170124,9,AQI,临汾,218.0
20170124,9,PM2.5,临汾,168.0
20170124,9,PM2.5_24h,临汾,178.0
20170124,9,PM10,临汾,219.0
20170124,9,PM10_24h,临汾,229.0
20170124,9,SO2,临汾,545.0
20170124,9,SO2_24h,临汾,353.0
20170124,9,NO2,临汾,66.0
20170124,9,NO2_24h,临汾,67.0
20170124,9,O3,临汾,14.0
20170124,9,O3_24h,临汾,83.0
20170124,9,O3_8h,临汾,13.0
20170124,9,O3_8h_24h,临汾,17.0
20170124,9,CO,临汾,3.8
20170124,9,CO_24h,临汾,3.4
20170124,10,AQI,临汾,242.0
20170124,10,PM2.5,临汾,192.0
20170124,10,PM2.5_24h,临汾,179.0
20170124,10,PM10,临汾,270.0
20170124,10,PM10_24h,临汾,230.0
20170124,10,SO2,临汾,684.0
20170124,10,SO2_24h,临汾,363.0
20170124,10,NO2,临汾,76.0
20170124,10,NO2_24h,临汾,67.0
20170124,10,O3,临汾,17.0
20170124,10,O3_24h,临汾,83.0
20170124,10,O3_8h,临汾,13.0
20170124,10,O3_8h_24h,临汾,17.0
20170124,10,CO,临汾,4.22
20170124,10,CO_24h,临汾,3.4
20170124,11,AQI,临汾,271.0
20170124,11,PM2.5,临汾,221.0
20170124,11,PM2.5_24h,临汾,181.0
20170124,11,PM10,临汾,292.0
20170124,11,PM10_24h,临汾,231.0
20170124,11,SO2,临汾,636.0
20170124,11,SO2_24h,临汾,375.0
20170124,11,NO2,临汾,81.0
20170124,11,NO2_24h,临汾,68.0
20170124,11,O3,临汾,23.0
20170124,11,O3_24h,临汾,83.0
20170124,11,O3_8h,临汾,14.0
20170124,11,O3_8h_24h,临汾,17.0
20170124,11,CO,临汾,4.05
20170124,11,CO_24h,临汾,3.45
20170124,12,AQI,临汾,297.0
20170124,12,PM2.5,临汾,247.0
20170124,12,PM2.5_24h,临汾,183.0
20170124,12,PM10,临汾,315.0
20170124,12,PM10_24h,临汾,234.0
20170124,12,SO2,临汾,551.0
20170124,12,SO2_24h,临汾,387.0
20170124,12,NO2,临汾,83.0
20170124,12,NO2_24h,临汾,69.0
20170124,12,O3,临汾,22.0
20170124,12,O3_24h,临汾,83.0
20170124,12,O3_8h,临汾,15.0
20170124,12,O3_8h_24h,临汾,18.0
20170124,12,CO,临汾,3.72
20170124,12,CO_24h,临汾,3.45
20170124,13,AQI,临汾,296.0
20170124,13,PM2.5,临汾,246.0
20170124,13,PM2.5_24h,临汾,187.0
20170124,13,PM10,临汾,272.0
20170124,13,PM10_24h,临汾,237.0
20170124,13,SO2,临汾,401.0
20170124,13,SO2_24h,临汾,395.0
20170124,13,NO2,临汾,75.0
20170124,13,NO2_24h,临汾,70.0
20170124,13,O3,临汾,34.0
20170124,13,O3_24h,临汾,83.0
20170124,13,O3_8h,临汾,18.0
20170124,13,O3_8h_24h,临汾,19.0
20170124,13,CO,临汾,3.23
20170124,13,CO_24h,临汾,3.45
20170124,14,AQI,临汾,281.0
20170124,14,PM2.5,临汾,231.0
20170124,14,PM2.5_24h,临汾,190.0
20170124,14,PM10,临汾,234.0
20170124,14,PM10_24h,临汾,223.0
20170124,14,SO2,临汾,309.0
20170124,14,SO2_24h,临汾,410.0
20170124,14,NO2,临汾,66.0
20170124,14,NO2_24h,临汾,71.0
20170124,14,O3,临汾,52.0
20170124,14,O3_24h,临汾,86.0
20170124,14,O3_8h,临汾,25.0
20170124,14,O3_8h_24h,临汾,25.0
20170124,14,CO,临汾,2.83
20170124,14,CO_24h,临汾,3.4
20170124,15,AQI,临汾,262.0
20170124,15,PM2.5,临汾,212.0
20170124,15,PM2.5_24h,临汾,196.0
20170124,15,PM10,临汾,259.0
20170124,15,PM10_24h,临汾,247.0
20170124,15,SO2,临汾,335.0
20170124,15,SO2_24h,临汾,409.0
20170124,15,NO2,临汾,77.0
20170124,15,NO2_24h,临汾,72.0
20170124,15,O3,临汾,51.0
20170124,15,O3_24h,临汾,83.0
20170124,15,O3_8h,临汾,27.0
20170124,15,O3_8h_24h,临汾,27.0
20170124,15,CO,临汾,3.1
20170124,15,CO_24h,临汾,3.53
20170124,16,AQI,临汾,260.0
20170124,16,PM2.5,临汾,210.0
20170124,16,PM2.5_24h,临汾,201.0
20170124,16,PM10,临汾,281.0
20170124,16,PM10_24h,临汾,254.0
20170124,16,SO2,临汾,264.0
20170124,16,SO2_24h,临汾,415.0
20170124,16,NO2,临汾,68.0
20170124,16,NO2_24h,临汾,74.0
20170124,16,O3,临汾,64.0
20170124,16,O3_24h,临汾,78.0
20170124,16,O3_8h,临汾,34.0
20170124,16,O3_8h_24h,临汾,34.0
20170124,16,CO,临汾,3.27
20170124,16,CO_24h,临汾,3.58
20170124,17,AQI,临汾,267.0
20170124,17,PM2.5,临汾,217.0
20170124,17,PM2.5_24h,临汾,206.0
20170124,17,PM10,临汾,282.0
20170124,17,PM10_24h,临汾,262.0
20170124,17,SO2,临汾,291.0
20170124,17,SO2_24h,临汾,423.0
20170124,17,NO2,临汾,89.0
20170124,17,NO2_24h,临汾,76.0
20170124,17,O3,临汾,47.0
20170124,17,O3_24h,临汾,67.0
20170124,17,O3_8h,临汾,38.0
20170124,17,O3_8h_24h,临汾,38.0
20170124,17,CO,临汾,3.65
20170124,17,CO_24h,临汾,3.65
20170124,18,AQI,临汾,279.0
20170124,18,PM2.5,临汾,229.0
20170124,18,PM2.5_24h,临汾,212.0
20170124,18,PM10,临汾,299.0
20170124,18,PM10_24h,临汾,268.0
20170124,18,SO2,临汾,218.0
20170124,18,SO2_24h,临汾,426.0
20170124,18,NO2,临汾,69.0
20170124,18,NO2_24h,临汾,76.0
20170124,18,O3,临汾,56.0
20170124,18,O3_24h,临汾,65.0
20170124,18,O3_8h,临汾,43.0
20170124,18,O3_8h_24h,临汾,43.0
20170124,18,CO,临汾,3.1
20170124,18,CO_24h,临汾,3.7
20170124,19,AQI,临汾,272.0
20170124,19,PM2.5,临汾,222.0
20170124,19,PM2.5_24h,临汾,216.0
20170124,19,PM10,临汾,279.0
20170124,19,PM10_24h,临汾,274.0
20170124,19,SO2,临汾,149.0
20170124,19,SO2_24h,临汾,414.0
20170124,19,NO2,临汾,52.0
20170124,19,NO2_24h,临汾,74.0
20170124,19,O3,临汾,61.0
20170124,19,O3_24h,临汾,67.0
20170124,19,O3_8h,临汾,48.0
20170124,19,O3_8h_24h,临汾,48.0
20170124,19,CO,临汾,2.6
20170124,19,CO_24h,临汾,3.65
20170124,20,AQI,临汾,260.0
20170124,20,PM2.5,临汾,210.0
20170124,20,PM2.5_24h,临汾,219.0
20170124,20,PM10,临汾,241.0
20170124,20,PM10_24h,临汾,274.0
20170124,20,SO2,临汾,164.0
20170124,20,SO2_24h,临汾,394.0
20170124,20,NO2,临汾,52.0
20170124,20,NO2_24h,临汾,71.0
20170124,20,O3,临汾,56.0
20170124,20,O3_24h,临汾,68.0
20170124,20,O3_8h,临汾,53.0
20170124,20,O3_8h_24h,临汾,53.0
20170124,20,CO,临汾,2.58
20170124,20,CO_24h,临汾,3.55
20170124,21,AQI,临汾,254.0
20170124,21,PM2.5,临汾,204.0
20170124,21,PM2.5_24h,临汾,218.0
20170124,21,PM10,临汾,267.0
20170124,21,PM10_24h,临汾,270.0
20170124,21,SO2,临汾,293.0
20170124,21,SO2_24h,临汾,378.0
20170124,21,NO2,临汾,80.0
20170124,21,NO2_24h,临汾,70.0
20170124,21,O3,临汾,28.0
20170124,21,O3_24h,临汾,68.0
20170124,21,O3_8h,临汾,52.0
20170124,21,O3_8h_24h,临汾,53.0
20170124,21,CO,临汾,3.65
20170124,21,CO_24h,临汾,3.5
20170124,22,AQI,临汾,273.0
20170124,22,PM2.5,临汾,223.0
20170124,22,PM2.5_24h,临汾,217.0
20170124,22,PM10,临汾,320.0
20170124,22,PM10_24h,临汾,270.0
20170124,22,SO2,临汾,267.0
20170124,22,SO2_24h,临汾,369.0
20170124,22,NO2,临汾,81.0
20170124,22,NO2_24h,临汾,70.0
20170124,22,O3,临汾,23.0
20170124,22,O3_24h,临汾,68.0
20170124,22,O3_8h,临汾,49.0
20170124,22,O3_8h_24h,临汾,53.0
20170124,22,CO,临汾,3.9
20170124,22,CO_24h,临汾,3.48
20170124,23,AQI,临汾,297.0
20170124,23,PM2.5,临汾,247.0
20170124,23,PM2.5_24h,临汾,217.0
20170124,23,PM10,临汾,327.0
20170124,23,PM10_24h,临汾,272.0
20170124,23,SO2,临汾,253.0
20170124,23,SO2_24h,临汾,360.0
20170124,23,NO2,临汾,88.0
20170124,23,NO2_24h,临汾,71.0
20170124,23,O3,临汾,17.0
20170124,23,O3_24h,临汾,68.0
20170124,23,O3_8h,临汾,44.0
20170124,23,O3_8h_24h,临汾,53.0
20170124,23,CO,临汾,4.27
20170124,23,CO_24h,临汾,3.5
20170124,0,AQI,阳泉,255.0
20170124,0,PM2.5,阳泉,205.0
20170124,0,PM2.5_24h,阳泉,120.0
20170124,0,PM10,阳泉,286.0
20170124,0,PM10_24h,阳泉,185.0
20170124,0,SO2,阳泉,111.0
20170124,0,SO2_24h,阳泉,145.0
20170124,0,NO2,阳泉,108.0
20170124,0,NO2_24h,阳泉,90.0
20170124,0,O3,阳泉,7.0
20170124,0,O3_24h,阳泉,36.0
20170124,0,O3_8h,阳泉,11.0
20170124,0,O3_8h_24h,阳泉,26.0
20170124,0,CO,阳泉,3.03
20170124,0,CO_24h,阳泉,2.62
20170124,1,AQI,阳泉,229.0
20170124,1,PM2.5,阳泉,179.0
20170124,1,PM2.5_24h,阳泉,124.0
20170124,1,PM10,阳泉,263.0
20170124,1,PM10_24h,阳泉,188.0
20170124,1,SO2,阳泉,117.0
20170124,1,SO2_24h,阳泉,144.0
20170124,1,NO2,阳泉,111.0
20170124,1,NO2_24h,阳泉,91.0
20170124,1,O3,阳泉,6.0
20170124,1,O3_24h,阳泉,36.0
20170124,1,O3_8h,阳泉,6.0
20170124,1,O3_8h_24h,阳泉,6.0
20170124,1,CO,阳泉,3.22
20170124,1,CO_24h,阳泉,2.65
20170124,2,AQI,阳泉,230.0
20170124,2,PM2.5,阳泉,180.0
20170124,2,PM2.5_24h,阳泉,127.0
20170124,2,PM10,阳泉,255.0
20170124,2,PM10_24h,阳泉,193.0
20170124,2,SO2,阳泉,121.0
20170124,2,SO2_24h,阳泉,143.0
20170124,2,NO2,阳泉,108.0
20170124,2,NO2_24h,阳泉,92.0
20170124,2,O3,阳泉,6.0
20170124,2,O3_24h,阳泉,36.0
20170124,2,O3_8h,阳泉,6.0
20170124,2,O3_8h_24h,阳泉,6.0
20170124,2,CO,阳泉,3.18
20170124,2,CO_24h,阳泉,2.72
20170124,3,AQI,阳泉,232.0
20170124,3,PM2.5,阳泉,182.0
20170124,3,PM2.5_24h,阳泉,131.0
20170124,3,PM10,阳泉,244.0
20170124,3,PM10_24h,阳泉,196.0
20170124,3,SO2,阳泉,125.0
20170124,3,SO2_24h,阳泉,142.0
20170124,3,NO2,阳泉,104.0
20170124,3,NO2_24h,阳泉,93.0
20170124,3,O3,阳泉,6.0
20170124,3,O3_24h,阳泉,36.0
20170124,3,O3_8h,阳泉,6.0
20170124,3,O3_8h_24h,阳泉,6.0
20170124,3,CO,阳泉,3.23
20170124,3,CO_24h,阳泉,2.75
20170124,4,AQI,阳泉,225.0
20170124,4,PM2.5,阳泉,175.0
20170124,4,PM2.5_24h,阳泉,135.0
20170124,4,PM10,阳泉,241.0
20170124,4,PM10_24h,阳泉,200.0
20170124,4,SO2,阳泉,126.0
20170124,4,SO2_24h,阳泉,142.0
20170124,4,NO2,阳泉,96.0
20170124,4,NO2_24h,阳泉,94.0
20170124,4,O3,阳泉,7.0
20170124,4,O3_24h,阳泉,36.0
20170124,4,O3_8h,阳泉,7.0
20170124,4,O3_8h_24h,阳泉,7.0
20170124,4,CO,阳泉,3.32
20170124,4,CO_24h,阳泉,2.78
20170124,5,AQI,阳泉,218.0
20170124,5,PM2.5,阳泉,168.0
20170124,5,PM2.5_24h,阳泉,138.0
20170124,5,PM10,阳泉,235.0
20170124,5,PM10_24h,阳泉,204.0
20170124,5,SO2,阳泉,141.0
20170124,5,SO2_24h,阳泉,142.0
20170124,5,NO2,阳泉,95.0
20170124,5,NO2_24h,阳泉,94.0
20170124,5,O3,阳泉,7.0
20170124,5,O3_24h,阳泉,36.0
20170124,5,O3_8h,阳泉,6.0
20170124,5,O3_8h_24h,阳泉,7.0
20170124,5,CO,阳泉,3.48
20170124,5,CO_24h,阳泉,2.85
20170124,6,AQI,阳泉,234.0
20170124,6,PM2.5,阳泉,184.0
20170124,6,PM2.5_24h,阳泉,142.0
20170124,6,PM10,阳泉,243.0
20170124,6,PM10_24h,阳泉,208.0
20170124,6,SO2,阳泉,133.0
20170124,6,SO2_24h,阳泉,142.0
20170124,6,NO2,阳泉,90.0
20170124,6,NO2_24h,阳泉,95.0
20170124,6,O3,阳泉,7.0
20170124,6,O3_24h,阳泉,36.0
20170124,6,O3_8h,阳泉,7.0
20170124,6,O3_8h_24h,阳泉,7.0
20170124,6,CO,阳泉,3.4
20170124,6,CO_24h,阳泉,2.9
20170124,7,AQI,阳泉,224.0
20170124,7,PM2.5,阳泉,174.0
20170124,7,PM2.5_24h,阳泉,145.0
20170124,7,PM10,阳泉,230.0
20170124,7,PM10_24h,阳泉,211.0
20170124,7,SO2,阳泉,138.0
20170124,7,SO2_24h,阳泉,142.0
20170124,7,NO2,阳泉,91.0
20170124,7,NO2_24h,阳泉,96.0
20170124,7,O3,阳泉,7.0
20170124,7,O3_24h,阳泉,36.0
20170124,7,O3_8h,阳泉,7.0
20170124,7,O3_8h_24h,阳泉,7.0
20170124,7,CO,阳泉,3.48
20170124,7,CO_24h,阳泉,2.93
20170124,8,AQI,阳泉,229.0
20170124,8,PM2.5,阳泉,179.0
20170124,8,PM2.5_24h,阳泉,149.0
20170124,8,PM10,阳泉,234.0
20170124,8,PM10_24h,阳泉,215.0
20170124,8,SO2,阳泉,150.0
20170124,8,SO2_24h,阳泉,142.0
20170124,8,NO2,阳泉,83.0
20170124,8,NO2_24h,阳泉,96.0
20170124,8,O3,阳泉,9.0
20170124,8,O3_24h,阳泉,36.0
20170124,8,O3_8h,阳泉,7.0
20170124,8,O3_8h_24h,阳泉,7.0
20170124,8,CO,阳泉,3.62
20170124,8,CO_24h,阳泉,2.98
20170124,9,AQI,阳泉,236.0
20170124,9,PM2.5,阳泉,186.0
20170124,9,PM2.5_24h,阳泉,152.0
20170124,9,PM10,阳泉,264.0
20170124,9,PM10_24h,阳泉,218.0
20170124,9,SO2,阳泉,147.0
20170124,9,SO2_24h,阳泉,142.0
20170124,9,NO2,阳泉,87.0
20170124,9,NO2_24h,阳泉,96.0
20170124,9,O3,阳泉,11.0
20170124,9,O3_24h,阳泉,36.0
20170124,9,O3_8h,阳泉,8.0
20170124,9,O3_8h_24h,阳泉,8.0
20170124,9,CO,阳泉,3.67
20170124,9,CO_24h,阳泉,3.02
20170124,10,AQI,阳泉,233.0
20170124,10,PM2.5,阳泉,183.0
20170124,10,PM2.5_24h,阳泉,156.0
20170124,10,PM10,阳泉,257.0
20170124,10,PM10_24h,阳泉,222.0
20170124,10,SO2,阳泉,182.0
20170124,10,SO2_24h,阳泉,143.0
20170124,10,NO2,阳泉,92.0
20170124,10,NO2_24h,阳泉,96.0
20170124,10,O3,阳泉,13.0
20170124,10,O3_24h,阳泉,36.0
20170124,10,O3_8h,阳泉,8.0
20170124,10,O3_8h_24h,阳泉,8.0
20170124,10,CO,阳泉,3.83
20170124,10,CO_24h,阳泉,3.1
20170124,11,AQI,阳泉,240.0
20170124,11,PM2.5,阳泉,190.0
20170124,11,PM2.5_24h,阳泉,159.0
20170124,11,PM10,阳泉,267.0
20170124,11,PM10_24h,阳泉,225.0
20170124,11,SO2,阳泉,191.0
20170124,11,SO2_24h,阳泉,143.0
20170124,11,NO2,阳泉,100.0
20170124,11,NO2_24h,阳泉,97.0
20170124,11,O3,阳泉,17.0
20170124,11,O3_24h,阳泉,36.0
20170124,11,O3_8h,阳泉,10.0
20170124,11,O3_8h_24h,阳泉,10.0
20170124,11,CO,阳泉,4.05
20170124,11,CO_24h,阳泉,3.1
20170124,12,AQI,阳泉,249.0
20170124,12,PM2.5,阳泉,199.0
20170124,12,PM2.5_24h,阳泉,164.0
20170124,12,PM10,阳泉,330.0
20170124,12,PM10_24h,阳泉,230.0
20170124,12,SO2,阳泉,174.0
20170124,12,SO2_24h,阳泉,142.0
20170124,12,NO2,阳泉,103.0
20170124,12,NO2_24h,阳泉,97.0
20170124,12,O3,阳泉,27.0
20170124,12,O3_24h,阳泉,36.0
20170124,12,O3_8h,阳泉,12.0
20170124,12,O3_8h_24h,阳泉,12.0
20170124,12,CO,阳泉,3.73
20170124,12,CO_24h,阳泉,3.15
20170124,13,AQI,阳泉,248.0
20170124,13,PM2.5,阳泉,198.0
20170124,13,PM2.5_24h,阳泉,167.0
20170124,13,PM10,阳泉,305.0
20170124,13,PM10_24h,阳泉,234.0
20170124,13,SO2,阳泉,150.0
20170124,13,SO2_24h,阳泉,140.0
20170124,13,NO2,阳泉,90.0
20170124,13,NO2_24h,阳泉,97.0
20170124,13,O3,阳泉,44.0
20170124,13,O3_24h,阳泉,44.0
20170124,13,O3_8h,阳泉,17.0
20170124,13,O3_8h_24h,阳泉,17.0
20170124,13,CO,阳泉,3.05
20170124,13,CO_24h,阳泉,3.17
20170124,14,AQI,阳泉,213.0
20170124,14,PM2.5,阳泉,163.0
20170124,14,PM2.5_24h,阳泉,170.0
20170124,14,PM10,阳泉,233.0
20170124,14,PM10_24h,阳泉,237.0
20170124,14,SO2,阳泉,125.0
20170124,14,SO2_24h,阳泉,138.0
20170124,14,NO2,阳泉,78.0
20170124,14,NO2_24h,阳泉,97.0
20170124,14,O3,阳泉,61.0
20170124,14,O3_24h,阳泉,61.0
20170124,14,O3_8h,阳泉,24.0
20170124,14,O3_8h_24h,阳泉,24.0
20170124,14,CO,阳泉,2.58
20170124,14,CO_24h,阳泉,3.18
20170124,15,AQI,阳泉,190.0
20170124,15,PM2.5,阳泉,143.0
20170124,15,PM2.5_24h,阳泉,173.0
20170124,15,PM10,阳泉,199.0
20170124,15,PM10_24h,阳泉,239.0
20170124,15,SO2,阳泉,122.0
20170124,15,SO2_24h,阳泉,136.0
20170124,15,NO2,阳泉,77.0
20170124,15,NO2_24h,阳泉,97.0
20170124,15,O3,阳泉,65.0
20170124,15,O3_24h,阳泉,66.0
20170124,15,O3_8h,阳泉,31.0
20170124,15,O3_8h_24h,阳泉,31.0
20170124,15,CO,阳泉,2.58
20170124,15,CO_24h,阳泉,3.2
20170124,16,AQI,阳泉,206.0
20170124,16,PM2.5,阳泉,156.0
20170124,16,PM2.5_24h,阳泉,176.0
20170124,16,PM10,阳泉,213.0
20170124,16,PM10_24h,阳泉,242.0
20170124,16,SO2,阳泉,119.0
20170124,16,SO2_24h,阳泉,135.0
20170124,16,NO2,阳泉,86.0
20170124,16,NO2_24h,阳泉,97.0
20170124,16,O3,阳泉,60.0
20170124,16,O3_24h,阳泉,68.0
20170124,16,O3_8h,阳泉,38.0
20170124,16,O3_8h_24h,阳泉,38.0
20170124,16,CO,阳泉,2.7
20170124,16,CO_24h,阳泉,3.22
20170124,17,AQI,阳泉,231.0
20170124,17,PM2.5,阳泉,181.0
20170124,17,PM2.5_24h,阳泉,180.0
20170124,17,PM10,阳泉,259.0
20170124,17,PM10_24h,阳泉,245.0
20170124,17,SO2,阳泉,96.0
20170124,17,SO2_24h,阳泉,134.0
20170124,17,NO2,阳泉,82.0
20170124,17,NO2_24h,阳泉,97.0
20170124,17,O3,阳泉,71.0
20170124,17,O3_24h,阳泉,75.0
20170124,17,O3_8h,阳泉,45.0
20170124,17,O3_8h_24h,阳泉,45.0
20170124,17,CO,阳泉,2.48
20170124,17,CO_24h,阳泉,3.2
20170124,18,AQI,阳泉,225.0
20170124,18,PM2.5,阳泉,175.0
20170124,18,PM2.5_24h,阳泉,181.0
20170124,18,PM10,阳泉,225.0
20170124,18,PM10_24h,阳泉,245.0
20170124,18,SO2,阳泉,105.0
20170124,18,SO2_24h,阳泉,133.0
20170124,18,NO2,阳泉,91.0
20170124,18,NO2_24h,阳泉,96.0
20170124,18,O3,阳泉,60.0
20170124,18,O3_24h,阳泉,76.0
20170124,18,O3_8h,阳泉,51.0
20170124,18,O3_8h_24h,阳泉,51.0
20170124,18,CO,阳泉,2.52
20170124,18,CO_24h,阳泉,3.18
20170124,19,AQI,阳泉,250.0
20170124,19,PM2.5,阳泉,200.0
20170124,19,PM2.5_24h,阳泉,182.0
20170124,19,PM10,阳泉,239.0
20170124,19,PM10_24h,阳泉,245.0
20170124,19,SO2,阳泉,105.0
20170124,19,SO2_24h,阳泉,132.0
20170124,19,NO2,阳泉,94.0
20170124,19,NO2_24h,阳泉,95.0
20170124,19,O3,阳泉,44.0
20170124,19,O3_24h,阳泉,76.0
20170124,19,O3_8h,阳泉,54.0
20170124,19,O3_8h_24h,阳泉,54.0
20170124,19,CO,阳泉,2.62
20170124,19,CO_24h,阳泉,3.15
20170124,20,AQI,阳泉,251.0
20170124,20,PM2.5,阳泉,201.0
20170124,20,PM2.5_24h,阳泉,182.0
20170124,20,PM10,阳泉,251.0
20170124,20,PM10_24h,阳泉,245.0
20170124,20,SO2,阳泉,114.0
20170124,20,SO2_24h,阳泉,132.0
20170124,20,NO2,阳泉,109.0
20170124,20,NO2_24h,阳泉,95.0
20170124,20,O3,阳泉,18.0
20170124,20,O3_24h,阳泉,76.0
20170124,20,O3_8h,阳泉,53.0
20170124,20,O3_8h_24h,阳泉,54.0
20170124,20,CO,阳泉,2.75
20170124,20,CO_24h,阳泉,3.13
20170124,21,AQI,阳泉,237.0
20170124,21,PM2.5,阳泉,187.0
20170124,21,PM2.5_24h,阳泉,182.0
20170124,21,PM10,阳泉,248.0
20170124,21,PM10_24h,阳泉,245.0
20170124,21,SO2,阳泉,124.0
20170124,21,SO2_24h,阳泉,132.0
20170124,21,NO2,阳泉,110.0
20170124,21,NO2_24h,阳泉,95.0
20170124,21,O3,阳泉,11.0
20170124,21,O3_24h,阳泉,76.0
20170124,21,O3_8h,阳泉,49.0
20170124,21,O3_8h_24h,阳泉,54.0
20170124,21,CO,阳泉,2.85
20170124,21,CO_24h,阳泉,3.13
20170124,22,AQI,阳泉,239.0
20170124,22,PM2.5,阳泉,189.0
20170124,22,PM2.5_24h,阳泉,182.0
20170124,22,PM10,阳泉,273.0
20170124,22,PM10_24h,阳泉,245.0
20170124,22,SO2,阳泉,127.0
20170124,22,SO2_24h,阳泉,132.0
20170124,22,NO2,阳泉,118.0
20170124,22,NO2_24h,阳泉,96.0
20170124,22,O3,阳泉,7.0
20170124,22,O3_24h,阳泉,76.0
20170124,22,O3_8h,阳泉,42.0
20170124,22,O3_8h_24h,阳泉,54.0
20170124,22,CO,阳泉,3.05
20170124,22,CO_24h,阳泉,3.13
20170124,23,AQI,阳泉,247.0
20170124,23,PM2.5,阳泉,197.0
20170124,23,PM2.5_24h,阳泉,182.0
20170124,23,PM10,阳泉,276.0
20170124,23,PM10_24h,阳泉,245.0
20170124,23,SO2,阳泉,132.0
20170124,23,SO2_24h,阳泉,132.0
20170124,23,NO2,阳泉,121.0
20170124,23,NO2_24h,阳泉,97.0
20170124,23,O3,阳泉,6.0
20170124,23,O3_24h,阳泉,76.0
20170124,23,O3_8h,阳泉,35.0
20170124,23,O3_8h_24h,阳泉,54.0
20170124,23,CO,阳泉,3.08
20170124,23,CO_24h,阳泉,3.13
20170124,0,AQI,赤峰,144.0
20170124,0,PM2.5,赤峰,110.0
20170124,0,PM2.5_24h,赤峰,71.0
20170124,0,PM10,赤峰,135.0
20170124,0,PM10_24h,赤峰,92.0
20170124,0,SO2,赤峰,110.0
20170124,0,SO2_24h,赤峰,74.0
20170124,0,NO2,赤峰,25.0
20170124,0,NO2_24h,赤峰,23.0
20170124,0,O3,赤峰,26.0
20170124,0,O3_24h,赤峰,74.0
20170124,0,O3_8h,赤峰,34.0
20170124,0,O3_8h_24h,赤峰,57.0
20170124,0,CO,赤峰,3.55
20170124,0,CO_24h,赤峰,2.7
20170124,1,AQI,赤峰,138.0
20170124,1,PM2.5,赤峰,105.0
20170124,1,PM2.5_24h,赤峰,73.0
20170124,1,PM10,赤峰,119.0
20170124,1,PM10_24h,赤峰,94.0
20170124,1,SO2,赤峰,84.0
20170124,1,SO2_24h,赤峰,75.0
20170124,1,NO2,赤峰,21.0
20170124,1,NO2_24h,赤峰,23.0
20170124,1,O3,赤峰,29.0
20170124,1,O3_24h,赤峰,74.0
20170124,1,O3_8h,赤峰,29.0
20170124,1,O3_8h_24h,赤峰,29.0
20170124,1,CO,赤峰,3.22
20170124,1,CO_24h,赤峰,2.72
20170124,2,AQI,赤峰,128.0
20170124,2,PM2.5,赤峰,97.0
20170124,2,PM2.5_24h,赤峰,74.0
20170124,2,PM10,赤峰,63.0
20170124,2,PM10_24h,赤峰,95.0
20170124,2,SO2,赤峰,72.0
20170124,2,SO2_24h,赤峰,75.0
20170124,2,NO2,赤峰,20.0
20170124,2,NO2_24h,赤峰,24.0
20170124,2,O3,赤峰,29.0
20170124,2,O3_24h,赤峰,74.0
20170124,2,O3_8h,赤峰,29.0
20170124,2,O3_8h_24h,赤峰,30.0
20170124,2,CO,赤峰,2.83
20170124,2,CO_24h,赤峰,2.72
20170124,3,AQI,赤峰,98.0
20170124,3,PM2.5,赤峰,73.0
20170124,3,PM2.5_24h,赤峰,75.0
20170124,3,PM10,赤峰,83.0
20170124,3,PM10_24h,赤峰,96.0
20170124,3,SO2,赤峰,51.0
20170124,3,SO2_24h,赤峰,75.0
20170124,3,NO2,赤峰,17.0
20170124,3,NO2_24h,赤峰,23.0
20170124,3,O3,赤峰,32.0
20170124,3,O3_24h,赤峰,74.0
20170124,3,O3_8h,赤峰,30.0
20170124,3,O3_8h_24h,赤峰,31.0
20170124,3,CO,赤峰,2.9
20170124,3,CO_24h,赤峰,2.72
20170124,4,AQI,赤峰,90.0
20170124,4,PM2.5,赤峰,67.0
20170124,4,PM2.5_24h,赤峰,76.0
20170124,4,PM10,赤峰,82.0
20170124,4,PM10_24h,赤峰,97.0
20170124,4,SO2,赤峰,55.0
20170124,4,SO2_24h,赤峰,76.0
20170124,4,NO2,赤峰,18.0
20170124,4,NO2_24h,赤峰,24.0
20170124,4,O3,赤峰,33.0
20170124,4,O3_24h,赤峰,74.0
20170124,4,O3_8h,赤峰,31.0
20170124,4,O3_8h_24h,赤峰,32.0
20170124,4,CO,赤峰,2.95
20170124,4,CO_24h,赤峰,2.73
20170124,5,AQI,赤峰,93.0
20170124,5,PM2.5,赤峰,69.0
20170124,5,PM2.5_24h,赤峰,76.0
20170124,5,PM10,赤峰,80.0
20170124,5,PM10_24h,赤峰,97.0
20170124,5,SO2,赤峰,52.0
20170124,5,SO2_24h,赤峰,76.0
20170124,5,NO2,赤峰,15.0
20170124,5,NO2_24h,赤峰,24.0
20170124,5,O3,赤峰,37.0
20170124,5,O3_24h,赤峰,74.0
20170124,5,O3_8h,赤峰,32.0
20170124,5,O3_8h_24h,赤峰,33.0
20170124,5,CO,赤峰,2.83
20170124,5,CO_24h,赤峰,2.73
20170124,6,AQI,赤峰,91.0
20170124,6,PM2.5,赤峰,68.0
20170124,6,PM2.5_24h,赤峰,77.0
20170124,6,PM10,赤峰,84.0
20170124,6,PM10_24h,赤峰,98.0
20170124,6,SO2,赤峰,49.0
20170124,6,SO2_24h,赤峰,76.0
20170124,6,NO2,赤峰,18.0
20170124,6,NO2_24h,赤峰,24.0
20170124,6,O3,赤峰,32.0
20170124,6,O3_24h,赤峰,74.0
20170124,6,O3_8h,赤峰,32.0
20170124,6,O3_8h_24h,赤峰,33.0
20170124,6,CO,赤峰,2.85
20170124,6,CO_24h,赤峰,2.73
20170124,7,AQI,赤峰,94.0
20170124,7,PM2.5,赤峰,70.0
20170124,7,PM2.5_24h,赤峰,77.0
20170124,7,PM10,赤峰,84.0
20170124,7,PM10_24h,赤峰,98.0
20170124,7,SO2,赤峰,57.0
20170124,7,SO2_24h,赤峰,76.0
20170124,7,NO2,赤峰,31.0
20170124,7,NO2_24h,赤峰,24.0
20170124,7,O3,赤峰,23.0
20170124,7,O3_24h,赤峰,74.0
20170124,7,O3_8h,赤峰,31.0
20170124,7,O3_8h_24h,赤峰,33.0
20170124,7,CO,赤峰,2.95
20170124,7,CO_24h,赤峰,2.73
20170124,8,AQI,赤峰,108.0
20170124,8,PM2.5,赤峰,81.0
20170124,8,PM2.5_24h,赤峰,77.0
20170124,8,PM10,赤峰,102.0
20170124,8,PM10_24h,赤峰,99.0
20170124,8,SO2,赤峰,86.0
20170124,8,SO2_24h,赤峰,76.0
20170124,8,NO2,赤峰,35.0
20170124,8,NO2_24h,赤峰,24.0
20170124,8,O3,赤峰,18.0
20170124,8,O3_24h,赤峰,74.0
20170124,8,O3_8h,赤峰,29.0
20170124,8,O3_8h_24h,赤峰,33.0
20170124,8,CO,赤峰,3.4
20170124,8,CO_24h,赤峰,2.73
20170124,9,AQI,赤峰,134.0
20170124,9,PM2.5,赤峰,102.0
20170124,9,PM2.5_24h,赤峰,77.0
20170124,9,PM10,赤峰,126.0
20170124,9,PM10_24h,赤峰,99.0
20170124,9,SO2,赤峰,103.0
20170124,9,SO2_24h,赤峰,74.0
20170124,9,NO2,赤峰,31.0
20170124,9,NO2_24h,赤峰,24.0
20170124,9,O3,赤峰,20.0
20170124,9,O3_24h,赤峰,74.0
20170124,9,O3_8h,赤峰,28.0
20170124,9,O3_8h_24h,赤峰,33.0
20170124,9,CO,赤峰,3.63
20170124,9,CO_24h,赤峰,2.7
20170124,10,AQI,赤峰,183.0
20170124,10,PM2.5,赤峰,138.0
20170124,10,PM2.5_24h,赤峰,77.0
20170124,10,PM10,赤峰,166.0
20170124,10,PM10_24h,赤峰,99.0
20170124,10,SO2,赤峰,102.0
20170124,10,SO2_24h,赤峰,75.0
20170124,10,NO2,赤峰,26.0
20170124,10,NO2_24h,赤峰,24.0
20170124,10,O3,赤峰,27.0
20170124,10,O3_24h,赤峰,74.0
20170124,10,O3_8h,赤峰,28.0
20170124,10,O3_8h_24h,赤峰,33.0
20170124,10,CO,赤峰,3.57
20170124,10,CO_24h,赤峰,2.75
20170124,11,AQI,赤峰,161.0
20170124,11,PM2.5,赤峰,123.0
20170124,11,PM2.5_24h,赤峰,77.0
20170124,11,PM10,赤峰,144.0
20170124,11,PM10_24h,赤峰,99.0
20170124,11,SO2,赤峰,73.0
20170124,11,SO2_24h,赤峰,76.0
20170124,11,NO2,赤峰,20.0
20170124,11,NO2_24h,赤峰,24.0
20170124,11,O3,赤峰,38.0
20170124,11,O3_24h,赤峰,74.0
20170124,11,O3_8h,赤峰,28.0
20170124,11,O3_8h_24h,赤峰,34.0
20170124,11,CO,赤峰,2.6
20170124,11,CO_24h,赤峰,2.75
20170124,12,AQI,赤峰,157.0
20170124,12,PM2.5,赤峰,120.0
20170124,12,PM2.5_24h,赤峰,77.0
20170124,12,PM10,赤峰,152.0
20170124,12,PM10_24h,赤峰,102.0
20170124,12,SO2,赤峰,77.0
20170124,12,SO2_24h,赤峰,77.0
20170124,12,NO2,赤峰,22.0
20170124,12,NO2_24h,赤峰,25.0
20170124,12,O3,赤峰,42.0
20170124,12,O3_24h,赤峰,74.0
20170124,12,O3_8h,赤峰,30.0
20170124,12,O3_8h_24h,赤峰,35.0
20170124,12,CO,赤峰,2.42
20170124,12,CO_24h,赤峰,2.8
20170124,13,AQI,赤峰,138.0
20170124,13,PM2.5,赤峰,105.0
20170124,13,PM2.5_24h,赤峰,79.0
20170124,13,PM10,赤峰,122.0
20170124,13,PM10_24h,赤峰,103.0
20170124,13,SO2,赤峰,42.0
20170124,13,SO2_24h,赤峰,78.0
20170124,13,NO2,赤峰,18.0
20170124,13,NO2_24h,赤峰,25.0
20170124,13,O3,赤峰,50.0
20170124,13,O3_24h,赤峰,74.0
20170124,13,O3_8h,赤峰,31.0
20170124,13,O3_8h_24h,赤峰,37.0
20170124,13,CO,赤峰,1.9
20170124,13,CO_24h,赤峰,2.8
20170124,14,AQI,赤峰,108.0
20170124,14,PM2.5,赤峰,81.0
20170124,14,PM2.5_24h,赤峰,80.0
20170124,14,PM10,赤峰,94.0
20170124,14,PM10_24h,赤峰,103.0
20170124,14,SO2,赤峰,24.0
20170124,14,SO2_24h,赤峰,77.0
20170124,14,NO2,赤峰,13.0
20170124,14,NO2_24h,赤峰,25.0
20170124,14,O3,赤峰,61.0
20170124,14,O3_24h,赤峰,75.0
20170124,14,O3_8h,赤峰,35.0
20170124,14,O3_8h_24h,赤峰,41.0
20170124,14,CO,赤峰,1.55
20170124,14,CO_24h,赤峰,2.83
20170124,15,AQI,赤峰,71.0
20170124,15,PM2.5,赤峰,52.0
20170124,15,PM2.5_24h,赤峰,81.0
20170124,15,PM10,赤峰,70.0
20170124,15,PM10_24h,赤峰,102.0
20170124,15,SO2,赤峰,21.0
20170124,15,SO2_24h,赤峰,77.0
20170124,15,NO2,赤峰,11.0
20170124,15,NO2_24h,赤峰,24.0
20170124,15,O3,赤峰,67.0
20170124,15,O3_24h,赤峰,75.0
20170124,15,O3_8h,赤峰,40.0
20170124,15,O3_8h_24h,赤峰,45.0
20170124,15,CO,赤峰,1.38
20170124,15,CO_24h,赤峰,2.78
20170124,16,AQI,赤峰,55.0
20170124,16,PM2.5,赤峰,39.0
20170124,16,PM2.5_24h,赤峰,81.0
20170124,16,PM10,赤峰,57.0
20170124,16,PM10_24h,赤峰,102.0
20170124,16,SO2,赤峰,24.0
20170124,16,SO2_24h,赤峰,77.0
20170124,16,NO2,赤峰,17.0
20170124,16,NO2_24h,赤峰,24.0
20170124,16,O3,赤峰,65.0
20170124,16,O3_24h,赤峰,75.0
20170124,16,O3_8h,赤峰,47.0
20170124,16,O3_8h_24h,赤峰,50.0
20170124,16,CO,赤峰,1.55
20170124,16,CO_24h,赤峰,2.78
20170124,17,AQI,赤峰,57.0
20170124,17,PM2.5,赤峰,40.0
20170124,17,PM2.5_24h,赤峰,81.0
20170124,17,PM10,赤峰,63.0
20170124,17,PM10_24h,赤峰,102.0
20170124,17,SO2,赤峰,53.0
20170124,17,SO2_24h,赤峰,78.0
20170124,17,NO2,赤峰,33.0
20170124,17,NO2_24h,赤峰,25.0
20170124,17,O3,赤峰,48.0
20170124,17,O3_24h,赤峰,75.0
20170124,17,O3_8h,赤峰,50.0
20170124,17,O3_8h_24h,赤峰,53.0
20170124,17,CO,赤峰,2.1
20170124,17,CO_24h,赤峰,2.8
20170124,18,AQI,赤峰,91.0
20170124,18,PM2.5,赤峰,68.0
20170124,18,PM2.5_24h,赤峰,83.0
20170124,18,PM10,赤峰,97.0
20170124,18,PM10_24h,赤峰,104.0
20170124,18,SO2,赤峰,184.0
20170124,18,SO2_24h,赤峰,84.0
20170124,18,NO2,赤峰,56.0
20170124,18,NO2_24h,赤峰,26.0
20170124,18,O3,赤峰,26.0
20170124,18,O3_24h,赤峰,75.0
20170124,18,O3_8h,赤峰,50.0
20170124,18,O3_8h_24h,赤峰,53.0
20170124,18,CO,赤峰,3.17
20170124,18,CO_24h,赤峰,2.85
20170124,19,AQI,赤峰,144.0
20170124,19,PM2.5,赤峰,110.0
20170124,19,PM2.5_24h,赤峰,86.0
20170124,19,PM10,赤峰,142.0
20170124,19,PM10_24h,赤峰,107.0
20170124,19,SO2,赤峰,207.0
20170124,19,SO2_24h,赤峰,87.0
20170124,19,NO2,赤峰,65.0
20170124,19,NO2_24h,赤峰,27.0
20170124,19,O3,赤峰,17.0
20170124,19,O3_24h,赤峰,75.0
20170124,19,O3_8h,赤峰,47.0
20170124,19,O3_8h_24h,赤峰,53.0
20170124,19,CO,赤峰,3.6
20170124,19,CO_24h,赤峰,2.88
20170124,20,AQI,赤峰,189.0
20170124,20,PM2.5,赤峰,142.0
20170124,20,PM2.5_24h,赤峰,89.0
20170124,20,PM10,赤峰,197.0
20170124,20,PM10_24h,赤峰,111.0
20170124,20,SO2,赤峰,261.0
20170124,20,SO2_24h,赤峰,91.0
20170124,20,NO2,赤峰,75.0
20170124,20,NO2_24h,赤峰,29.0
20170124,20,O3,赤峰,16.0
20170124,20,O3_24h,赤峰,75.0
20170124,20,O3_8h,赤峰,44.0
20170124,20,O3_8h_24h,赤峰,53.0
20170124,20,CO,赤峰,4.58
20170124,20,CO_24h,赤峰,2.9
20170124,21,AQI,赤峰,230.0
20170124,21,PM2.5,赤峰,180.0
20170124,21,PM2.5_24h,赤峰,93.0
20170124,21,PM10,赤峰,247.0
20170124,21,PM10_24h,赤峰,116.0
20170124,21,SO2,赤峰,315.0
20170124,21,SO2_24h,赤峰,100.0
20170124,21,NO2,赤峰,65.0
20170124,21,NO2_24h,赤峰,30.0
20170124,21,O3,赤峰,16.0
20170124,21,O3_24h,赤峰,69.0
20170124,21,O3_8h,赤峰,40.0
20170124,21,O3_8h_24h,赤峰,53.0
20170124,21,CO,赤峰,5.43
20170124,21,CO_24h,赤峰,3.02
20170124,22,AQI,赤峰,253.0
20170124,22,PM2.5,赤峰,203.0
20170124,22,PM2.5_24h,赤峰,97.0
20170124,22,PM10,赤峰,264.0
20170124,22,PM10_24h,赤峰,122.0
20170124,22,SO2,赤峰,216.0
20170124,22,SO2_24h,赤峰,103.0
20170124,22,NO2,赤峰,50.0
20170124,22,NO2_24h,赤峰,31.0
20170124,22,O3,赤峰,14.0
20170124,22,O3_24h,赤峰,68.0
20170124,22,O3_8h,赤峰,34.0
20170124,22,O3_8h_24h,赤峰,53.0
20170124,22,CO,赤峰,4.25
20170124,22,CO_24h,赤峰,3.08
20170124,23,AQI,赤峰,245.0
20170124,23,PM2.5,赤峰,195.0
20170124,23,PM2.5_24h,赤峰,101.0
20170124,23,PM10,赤峰,251.0
20170124,23,PM10_24h,赤峰,127.0
20170124,23,SO2,赤峰,237.0
20170124,23,SO2_24h,赤峰,106.0
20170124,23,NO2,赤峰,41.0
20170124,23,NO2_24h,赤峰,31.0
20170124,23,O3,赤峰,15.0
20170124,23,O3_24h,赤峰,68.0
20170124,23,O3_8h,赤峰,27.0
20170124,23,O3_8h_24h,赤峰,53.0
20170124,23,CO,赤峰,4.42
20170124,23,CO_24h,赤峰,3.08
20170124,0,AQI,鞍山,118.0
20170124,0,PM2.5,鞍山,89.0
20170124,0,PM2.5_24h,鞍山,86.0
20170124,0,PM10,鞍山,155.0
20170124,0,PM10_24h,鞍山,150.0
20170124,0,SO2,鞍山,66.0
20170124,0,SO2_24h,鞍山,73.0
20170124,0,NO2,鞍山,77.0
20170124,0,NO2_24h,鞍山,59.0
20170124,0,O3,鞍山,10.0
20170124,0,O3_24h,鞍山,60.0
20170124,0,O3_8h,鞍山,19.0
20170124,0,O3_8h_24h,鞍山,46.0
20170124,0,CO,鞍山,2.58
20170124,0,CO_24h,鞍山,1.92
20170124,1,AQI,鞍山,116.0
20170124,1,PM2.5,鞍山,88.0
20170124,1,PM2.5_24h,鞍山,85.0
20170124,1,PM10,鞍山,154.0
20170124,1,PM10_24h,鞍山,150.0
20170124,1,SO2,鞍山,67.0
20170124,1,SO2_24h,鞍山,74.0
20170124,1,NO2,鞍山,75.0
20170124,1,NO2_24h,鞍山,60.0
20170124,1,O3,鞍山,10.0
20170124,1,O3_24h,鞍山,60.0
20170124,1,O3_8h,鞍山,10.0
20170124,1,O3_8h_24h,鞍山,10.0
20170124,1,CO,鞍山,2.78
20170124,1,CO_24h,鞍山,1.97
20170124,2,AQI,鞍山,98.0
20170124,2,PM2.5,鞍山,73.0
20170124,2,PM2.5_24h,鞍山,85.0
20170124,2,PM10,鞍山,132.0
20170124,2,PM10_24h,鞍山,149.0
20170124,2,SO2,鞍山,69.0
20170124,2,SO2_24h,鞍山,75.0
20170124,2,NO2,鞍山,73.0
20170124,2,NO2_24h,鞍山,60.0
20170124,2,O3,鞍山,10.0
20170124,2,O3_24h,鞍山,60.0
20170124,2,O3_8h,鞍山,10.0
20170124,2,O3_8h_24h,鞍山,11.0
20170124,2,CO,鞍山,2.55
20170124,2,CO_24h,鞍山,1.97
20170124,3,AQI,鞍山,88.0
20170124,3,PM2.5,鞍山,65.0
20170124,3,PM2.5_24h,鞍山,84.0
20170124,3,PM10,鞍山,120.0
20170124,3,PM10_24h,鞍山,148.0
20170124,3,SO2,鞍山,73.0
20170124,3,SO2_24h,鞍山,76.0
20170124,3,NO2,鞍山,65.0
20170124,3,NO2_24h,鞍山,61.0
20170124,3,O3,鞍山,16.0
20170124,3,O3_24h,鞍山,60.0
20170124,3,O3_8h,鞍山,12.0
20170124,3,O3_8h_24h,鞍山,13.0
20170124,3,CO,鞍山,2.5
20170124,3,CO_24h,鞍山,1.98
20170124,4,AQI,鞍山,86.0
20170124,4,PM2.5,鞍山,64.0
20170124,4,PM2.5_24h,鞍山,82.0
20170124,4,PM10,鞍山,118.0
20170124,4,PM10_24h,鞍山,146.0
20170124,4,SO2,鞍山,83.0
20170124,4,SO2_24h,鞍山,77.0
20170124,4,NO2,鞍山,60.0
20170124,4,NO2_24h,鞍山,61.0
20170124,4,O3,鞍山,19.0
20170124,4,O3_24h,鞍山,60.0
20170124,4,O3_8h,鞍山,14.0
20170124,4,O3_8h_24h,鞍山,14.0
20170124,4,CO,鞍山,2.43
20170124,4,CO_24h,鞍山,2.05
20170124,5,AQI,鞍山,83.0
20170124,5,PM2.5,鞍山,61.0
20170124,5,PM2.5_24h,鞍山,82.0
20170124,5,PM10,鞍山,114.0
20170124,5,PM10_24h,鞍山,145.0
20170124,5,SO2,鞍山,96.0
20170124,5,SO2_24h,鞍山,79.0
20170124,5,NO2,鞍山,58.0
20170124,5,NO2_24h,鞍山,61.0
20170124,5,O3,鞍山,18.0
20170124,5,O3_24h,鞍山,60.0
20170124,5,O3_8h,鞍山,15.0
20170124,5,O3_8h_24h,鞍山,15.0
20170124,5,CO,鞍山,2.23
20170124,5,CO_24h,鞍山,2.05
20170124,6,AQI,鞍山,86.0
20170124,6,PM2.5,鞍山,64.0
20170124,6,PM2.5_24h,鞍山,81.0
20170124,6,PM10,鞍山,121.0
20170124,6,PM10_24h,鞍山,144.0
20170124,6,SO2,鞍山,112.0
20170124,6,SO2_24h,鞍山,81.0
20170124,6,NO2,鞍山,63.0
20170124,6,NO2_24h,鞍山,61.0
20170124,6,O3,鞍山,14.0
20170124,6,O3_24h,鞍山,60.0
20170124,6,O3_8h,鞍山,15.0
20170124,6,O3_8h_24h,鞍山,15.0
20170124,6,CO,鞍山,2.3
20170124,6,CO_24h,鞍山,2.07
20170124,7,AQI,鞍山,113.0
20170124,7,PM2.5,鞍山,85.0
20170124,7,PM2.5_24h,鞍山,81.0
20170124,7,PM10,鞍山,163.0
20170124,7,PM10_24h,鞍山,144.0
20170124,7,SO2,鞍山,103.0
20170124,7,SO2_24h,鞍山,82.0
20170124,7,NO2,鞍山,62.0
20170124,7,NO2_24h,鞍山,61.0
20170124,7,O3,鞍山,17.0
20170124,7,O3_24h,鞍山,60.0
20170124,7,O3_8h,鞍山,15.0
20170124,7,O3_8h_24h,鞍山,15.0
20170124,7,CO,鞍山,2.33
20170124,7,CO_24h,鞍山,2.07
20170124,8,AQI,鞍山,106.0
20170124,8,PM2.5,鞍山,80.0
20170124,8,PM2.5_24h,鞍山,80.0
20170124,8,PM10,鞍山,149.0
20170124,8,PM10_24h,鞍山,143.0
20170124,8,SO2,鞍山,102.0
20170124,8,SO2_24h,鞍山,83.0
20170124,8,NO2,鞍山,67.0
20170124,8,NO2_24h,鞍山,61.0
20170124,8,O3,鞍山,17.0
20170124,8,O3_24h,鞍山,60.0
20170124,8,O3_8h,鞍山,15.0
20170124,8,O3_8h_24h,鞍山,15.0
20170124,8,CO,鞍山,2.88
20170124,8,CO_24h,鞍山,2.07
20170124,9,AQI,鞍山,174.0
20170124,9,PM2.5,鞍山,84.0
20170124,9,PM2.5_24h,鞍山,78.0
20170124,9,PM10,鞍山,297.0
20170124,9,PM10_24h,鞍山,146.0
20170124,9,SO2,鞍山,120.0
20170124,9,SO2_24h,鞍山,82.0
20170124,9,NO2,鞍山,71.0
20170124,9,NO2_24h,鞍山,61.0
20170124,9,O3,鞍山,20.0
20170124,9,O3_24h,鞍山,60.0
20170124,9,O3_8h,鞍山,16.0
20170124,9,O3_8h_24h,鞍山,16.0
20170124,9,CO,鞍山,3.28
20170124,9,CO_24h,鞍山,2.08
20170124,10,AQI,鞍山,210.0
20170124,10,PM2.5,鞍山,160.0
20170124,10,PM2.5_24h,鞍山,79.0
20170124,10,PM10,鞍山,277.0
20170124,10,PM10_24h,鞍山,147.0
20170124,10,SO2,鞍山,195.0
20170124,10,SO2_24h,鞍山,83.0
20170124,10,NO2,鞍山,77.0
20170124,10,NO2_24h,鞍山,62.0
20170124,10,O3,鞍山,20.0
20170124,10,O3_24h,鞍山,60.0
20170124,10,O3_8h,鞍山,18.0
20170124,10,O3_8h_24h,鞍山,18.0
20170124,10,CO,鞍山,3.2
20170124,10,CO_24h,鞍山,2.12
20170124,11,AQI,鞍山,223.0
20170124,11,PM2.5,鞍山,173.0
20170124,11,PM2.5_24h,鞍山,82.0
20170124,11,PM10,鞍山,231.0
20170124,11,PM10_24h,鞍山,150.0
20170124,11,SO2,鞍山,237.0
20170124,11,SO2_24h,鞍山,87.0
20170124,11,NO2,鞍山,75.0
20170124,11,NO2_24h,鞍山,62.0
20170124,11,O3,鞍山,27.0
20170124,11,O3_24h,鞍山,60.0
20170124,11,O3_8h,鞍山,19.0
20170124,11,O3_8h_24h,鞍山,19.0
20170124,11,CO,鞍山,3.67
20170124,11,CO_24h,鞍山,2.18
20170124,12,AQI,鞍山,206.0
20170124,12,PM2.5,鞍山,156.0
20170124,12,PM2.5_24h,鞍山,87.0
20170124,12,PM10,鞍山,267.0
20170124,12,PM10_24h,鞍山,158.0
20170124,12,SO2,鞍山,270.0
20170124,12,SO2_24h,鞍山,95.0
20170124,12,NO2,鞍山,78.0
20170124,12,NO2_24h,鞍山,64.0
20170124,12,O3,鞍山,27.0
20170124,12,O3_24h,鞍山,59.0
20170124,12,O3_8h,鞍山,20.0
20170124,12,O3_8h_24h,鞍山,20.0
20170124,12,CO,鞍山,3.68
20170124,12,CO_24h,鞍山,2.28
20170124,13,AQI,鞍山,183.0
20170124,13,PM2.5,鞍山,138.0
20170124,13,PM2.5_24h,鞍山,91.0
20170124,13,PM10,鞍山,223.0
20170124,13,PM10_24h,鞍山,164.0
20170124,13,SO2,鞍山,244.0
20170124,13,SO2_24h,鞍山,102.0
20170124,13,NO2,鞍山,82.0
20170124,13,NO2_24h,鞍山,67.0
20170124,13,O3,鞍山,26.0
20170124,13,O3_24h,鞍山,58.0
20170124,13,O3_8h,鞍山,21.0
20170124,13,O3_8h_24h,鞍山,22.0
20170124,13,CO,鞍山,4.53
20170124,13,CO_24h,鞍山,2.4
20170124,14,AQI,鞍山,135.0
20170124,14,PM2.5,鞍山,103.0
20170124,14,PM2.5_24h,鞍山,93.0
20170124,14,PM10,鞍山,167.0
20170124,14,PM10_24h,鞍山,167.0
20170124,14,SO2,鞍山,193.0
20170124,14,SO2_24h,鞍山,108.0
20170124,14,NO2,鞍山,75.0
20170124,14,NO2_24h,鞍山,68.0
20170124,14,O3,鞍山,29.0
20170124,14,O3_24h,鞍山,53.0
20170124,14,O3_8h,鞍山,23.0
20170124,14,O3_8h_24h,鞍山,24.0
20170124,14,CO,鞍山,3.92
20170124,14,CO_24h,鞍山,2.52
20170124,15,AQI,鞍山,100.0
20170124,15,PM2.5,鞍山,75.0
20170124,15,PM2.5_24h,鞍山,95.0
20170124,15,PM10,鞍山,126.0
20170124,15,PM10_24h,鞍山,169.0
20170124,15,SO2,鞍山,150.0
20170124,15,SO2_24h,鞍山,111.0
20170124,15,NO2,鞍山,66.0
20170124,15,NO2_24h,鞍山,69.0
20170124,15,O3,鞍山,34.0
20170124,15,O3_24h,鞍山,51.0
20170124,15,O3_8h,鞍山,25.0
20170124,15,O3_8h_24h,鞍山,26.0
20170124,15,CO,鞍山,3.03
20170124,15,CO_24h,鞍山,2.58
20170124,16,AQI,鞍山,76.0
20170124,16,PM2.5,鞍山,56.0
20170124,16,PM2.5_24h,鞍山,95.0
20170124,16,PM10,鞍山,102.0
20170124,16,PM10_24h,鞍山,169.0
20170124,16,SO2,鞍山,119.0
20170124,16,SO2_24h,鞍山,113.0
20170124,16,NO2,鞍山,58.0
20170124,16,NO2_24h,鞍山,70.0
20170124,16,O3,鞍山,39.0
20170124,16,O3_24h,鞍山,48.0
20170124,16,O3_8h,鞍山,28.0
20170124,16,O3_8h_24h,鞍山,29.0
20170124,16,CO,鞍山,2.05
20170124,16,CO_24h,鞍山,2.62
20170124,17,AQI,鞍山,72.0
20170124,17,PM2.5,鞍山,51.0
20170124,17,PM2.5_24h,鞍山,94.0
20170124,17,PM10,鞍山,94.0
20170124,17,PM10_24h,鞍山,168.0
20170124,17,SO2,鞍山,71.0
20170124,17,SO2_24h,鞍山,113.0
20170124,17,NO2,鞍山,55.0
20170124,17,NO2_24h,鞍山,70.0
20170124,17,O3,鞍山,38.0
20170124,17,O3_24h,鞍山,49.0
20170124,17,O3_8h,鞍山,30.0
20170124,17,O3_8h_24h,鞍山,32.0
20170124,17,CO,鞍山,1.48
20170124,17,CO_24h,鞍山,2.65
20170124,18,AQI,鞍山,103.0
20170124,18,PM2.5,鞍山,77.0
20170124,18,PM2.5_24h,鞍山,94.0
20170124,18,PM10,鞍山,139.0
20170124,18,PM10_24h,鞍山,167.0
20170124,18,SO2,鞍山,59.0
20170124,18,SO2_24h,鞍山,112.0
20170124,18,NO2,鞍山,67.0
20170124,18,NO2_24h,鞍山,70.0
20170124,18,O3,鞍山,26.0
20170124,18,O3_24h,鞍山,49.0
20170124,18,O3_8h,鞍山,31.0
20170124,18,O3_8h_24h,鞍山,33.0
20170124,18,CO,鞍山,1.83
20170124,18,CO_24h,鞍山,2.63
20170124,19,AQI,鞍山,171.0
20170124,19,PM2.5,鞍山,130.0
20170124,19,PM2.5_24h,鞍山,95.0
20170124,19,PM10,鞍山,237.0
20170124,19,PM10_24h,鞍山,170.0
20170124,19,SO2,鞍山,61.0
20170124,19,SO2_24h,鞍山,113.0
20170124,19,NO2,鞍山,75.0
20170124,19,NO2_24h,鞍山,70.0
20170124,19,O3,鞍山,25.0
20170124,19,O3_24h,鞍山,47.0
20170124,19,O3_8h,鞍山,30.0
20170124,19,O3_8h_24h,鞍山,33.0
20170124,19,CO,鞍山,2.32
20170124,19,CO_24h,鞍山,2.68
20170124,20,AQI,鞍山,253.0
20170124,20,PM2.5,鞍山,203.0
20170124,20,PM2.5_24h,鞍山,100.0
20170124,20,PM10,鞍山,347.0
20170124,20,PM10_24h,鞍山,177.0
20170124,20,SO2,鞍山,60.0
20170124,20,SO2_24h,鞍山,114.0
20170124,20,NO2,鞍山,84.0
20170124,20,NO2_24h,鞍山,70.0
20170124,20,O3,鞍山,22.0
20170124,20,O3_24h,鞍山,48.0
20170124,20,O3_8h,鞍山,30.0
20170124,20,O3_8h_24h,鞍山,33.0
20170124,20,CO,鞍山,2.85
20170124,20,CO_24h,鞍山,2.7
20170124,21,AQI,鞍山,151.0
20170124,21,PM2.5,鞍山,116.0
20170124,21,PM2.5_24h,鞍山,100.0
20170124,21,PM10,鞍山,195.0
20170124,21,PM10_24h,鞍山,178.0
20170124,21,SO2,鞍山,66.0
20170124,21,SO2_24h,鞍山,114.0
20170124,21,NO2,鞍山,76.0
20170124,21,NO2_24h,鞍山,71.0
20170124,21,O3,鞍山,14.0
20170124,21,O3_24h,鞍山,48.0
20170124,21,O3_8h,鞍山,28.0
20170124,21,O3_8h_24h,鞍山,33.0
20170124,21,CO,鞍山,2.27
20170124,21,CO_24h,鞍山,2.7
20170124,22,AQI,鞍山,173.0
20170124,22,PM2.5,鞍山,131.0
20170124,22,PM2.5_24h,鞍山,101.0
20170124,22,PM10,鞍山,210.0
20170124,22,PM10_24h,鞍山,180.0
20170124,22,SO2,鞍山,74.0
20170124,22,SO2_24h,鞍山,115.0
20170124,22,NO2,鞍山,74.0
20170124,22,NO2_24h,鞍山,70.0
20170124,22,O3,鞍山,17.0
20170124,22,O3_24h,鞍山,48.0
20170124,22,O3_8h,鞍山,27.0
20170124,22,O3_8h_24h,鞍山,33.0
20170124,22,CO,鞍山,2.2
20170124,22,CO_24h,鞍山,2.7
20170124,23,AQI,鞍山,123.0
20170124,23,PM2.5,鞍山,93.0
20170124,23,PM2.5_24h,鞍山,101.0
20170124,23,PM10,鞍山,158.0
20170124,23,PM10_24h,鞍山,180.0
20170124,23,SO2,鞍山,62.0
20170124,23,SO2_24h,鞍山,115.0
20170124,23,NO2,鞍山,70.0
20170124,23,NO2_24h,鞍山,70.0
20170124,23,O3,鞍山,15.0
20170124,23,O3_24h,鞍山,48.0
20170124,23,O3_8h,鞍山,24.0
20170124,23,O3_8h_24h,鞍山,33.0
20170124,23,CO,鞍山,2.17
20170124,23,CO_24h,鞍山,2.7
20170124,0,AQI,抚顺,186.0
20170124,0,PM2.5,抚顺,140.0
20170124,0,PM2.5_24h,抚顺,115.0
20170124,0,PM10,抚顺,186.0
20170124,0,PM10_24h,抚顺,156.0
20170124,0,SO2,抚顺,48.0
20170124,0,SO2_24h,抚顺,54.0
20170124,0,NO2,抚顺,70.0
20170124,0,NO2_24h,抚顺,58.0
20170124,0,O3,抚顺,9.0
20170124,0,O3_24h,抚顺,52.0
20170124,0,O3_8h,抚顺,16.0
20170124,0,O3_8h_24h,抚顺,38.0
20170124,0,CO,抚顺,2.18
20170124,0,CO_24h,抚顺,1.65
20170124,1,AQI,抚顺,179.0
20170124,1,PM2.5,抚顺,135.0
20170124,1,PM2.5_24h,抚顺,115.0
20170124,1,PM10,抚顺,179.0
20170124,1,PM10_24h,抚顺,157.0
20170124,1,SO2,抚顺,51.0
20170124,1,SO2_24h,抚顺,55.0
20170124,1,NO2,抚顺,69.0
20170124,1,NO2_24h,抚顺,58.0
20170124,1,O3,抚顺,8.0
20170124,1,O3_24h,抚顺,52.0
20170124,1,O3_8h,抚顺,8.0
20170124,1,O3_8h_24h,抚顺,8.0
20170124,1,CO,抚顺,2.1
20170124,1,CO_24h,抚顺,1.68
20170124,2,AQI,抚顺,161.0
20170124,2,PM2.5,抚顺,123.0
20170124,2,PM2.5_24h,抚顺,114.0
20170124,2,PM10,抚顺,177.0
20170124,2,PM10_24h,抚顺,158.0
20170124,2,SO2,抚顺,62.0
20170124,2,SO2_24h,抚顺,57.0
20170124,2,NO2,抚顺,70.0
20170124,2,NO2_24h,抚顺,59.0
20170124,2,O3,抚顺,7.0
20170124,2,O3_24h,抚顺,52.0
20170124,2,O3_8h,抚顺,8.0
20170124,2,O3_8h_24h,抚顺,8.0
20170124,2,CO,抚顺,2.03
20170124,2,CO_24h,抚顺,1.68
20170124,3,AQI,抚顺,159.0
20170124,3,PM2.5,抚顺,121.0
20170124,3,PM2.5_24h,抚顺,114.0
20170124,3,PM10,抚顺,166.0
20170124,3,PM10_24h,抚顺,159.0
20170124,3,SO2,抚顺,69.0
20170124,3,SO2_24h,抚顺,59.0
20170124,3,NO2,抚顺,68.0
20170124,3,NO2_24h,抚顺,60.0
20170124,3,O3,抚顺,8.0
20170124,3,O3_24h,抚顺,52.0
20170124,3,O3_8h,抚顺,8.0
20170124,3,O3_8h_24h,抚顺,8.0
20170124,3,CO,抚顺,1.98
20170124,3,CO_24h,抚顺,1.7
20170124,4,AQI,抚顺,157.0
20170124,4,PM2.5,抚顺,120.0
20170124,4,PM2.5_24h,抚顺,114.0
20170124,4,PM10,抚顺,149.0
20170124,4,PM10_24h,抚顺,158.0
20170124,4,SO2,抚顺,72.0
20170124,4,SO2_24h,抚顺,61.0
20170124,4,NO2,抚顺,65.0
20170124,4,NO2_24h,抚顺,60.0
20170124,4,O3,抚顺,8.0
20170124,4,O3_24h,抚顺,52.0
20170124,4,O3_8h,抚顺,8.0
20170124,4,O3_8h_24h,抚顺,8.0
20170124,4,CO,抚顺,1.95
20170124,4,CO_24h,抚顺,1.72
20170124,5,AQI,抚顺,149.0
20170124,5,PM2.5,抚顺,114.0
20170124,5,PM2.5_24h,抚顺,114.0
20170124,5,PM10,抚顺,140.0
20170124,5,PM10_24h,抚顺,158.0
20170124,5,SO2,抚顺,77.0
20170124,5,SO2_24h,抚顺,63.0
20170124,5,NO2,抚顺,63.0
20170124,5,NO2_24h,抚顺,61.0
20170124,5,O3,抚顺,9.0
20170124,5,O3_24h,抚顺,52.0
20170124,5,O3_8h,抚顺,8.0
20170124,5,O3_8h_24h,抚顺,8.0
20170124,5,CO,抚顺,1.93
20170124,5,CO_24h,抚顺,1.77
20170124,6,AQI,抚顺,146.0
20170124,6,PM2.5,抚顺,112.0
20170124,6,PM2.5_24h,抚顺,114.0
20170124,6,PM10,抚顺,130.0
20170124,6,PM10_24h,抚顺,157.0
20170124,6,SO2,抚顺,80.0
20170124,6,SO2_24h,抚顺,65.0
20170124,6,NO2,抚顺,61.0
20170124,6,NO2_24h,抚顺,62.0
20170124,6,O3,抚顺,9.0
20170124,6,O3_24h,抚顺,52.0
20170124,6,O3_8h,抚顺,8.0
20170124,6,O3_8h_24h,抚顺,8.0
20170124,6,CO,抚顺,1.85
20170124,6,CO_24h,抚顺,1.77
20170124,7,AQI,抚顺,146.0
20170124,7,PM2.5,抚顺,112.0
20170124,7,PM2.5_24h,抚顺,114.0
20170124,7,PM10,抚顺,143.0
20170124,7,PM10_24h,抚顺,157.0
20170124,7,SO2,抚顺,87.0
20170124,7,SO2_24h,抚顺,66.0
20170124,7,NO2,抚顺,60.0
20170124,7,NO2_24h,抚顺,62.0
20170124,7,O3,抚顺,10.0
20170124,7,O3_24h,抚顺,52.0
20170124,7,O3_8h,抚顺,8.0
20170124,7,O3_8h_24h,抚顺,9.0
20170124,7,CO,抚顺,1.83
20170124,7,CO_24h,抚顺,1.8
20170124,8,AQI,抚顺,141.0
20170124,8,PM2.5,抚顺,108.0
20170124,8,PM2.5_24h,抚顺,114.0
20170124,8,PM10,抚顺,146.0
20170124,8,PM10_24h,抚顺,157.0
20170124,8,SO2,抚顺,105.0
20170124,8,SO2_24h,抚顺,69.0
20170124,8,NO2,抚顺,56.0
20170124,8,NO2_24h,抚顺,63.0
20170124,8,O3,抚顺,13.0
20170124,8,O3_24h,抚顺,52.0
20170124,8,O3_8h,抚顺,9.0
20170124,8,O3_8h_24h,抚顺,9.0
20170124,8,CO,抚顺,1.92
20170124,8,CO_24h,抚顺,1.8
20170124,9,AQI,抚顺,140.0
20170124,9,PM2.5,抚顺,107.0
20170124,9,PM2.5_24h,抚顺,113.0
20170124,9,PM10,抚顺,144.0
20170124,9,PM10_24h,抚顺,157.0
20170124,9,SO2,抚顺,97.0
20170124,9,SO2_24h,抚顺,71.0
20170124,9,NO2,抚顺,49.0
20170124,9,NO2_24h,抚顺,63.0
20170124,9,O3,抚顺,20.0
20170124,9,O3_24h,抚顺,52.0
20170124,9,O3_8h,抚顺,11.0
20170124,9,O3_8h_24h,抚顺,11.0
20170124,9,CO,抚顺,2.17
20170124,9,CO_24h,抚顺,1.85
20170124,10,AQI,抚顺,139.0
20170124,10,PM2.5,抚顺,106.0
20170124,10,PM2.5_24h,抚顺,112.0
20170124,10,PM10,抚顺,156.0
20170124,10,PM10_24h,抚顺,158.0
20170124,10,SO2,抚顺,93.0
20170124,10,SO2_24h,抚顺,72.0
20170124,10,NO2,抚顺,48.0
20170124,10,NO2_24h,抚顺,63.0
20170124,10,O3,抚顺,26.0
20170124,10,O3_24h,抚顺,52.0
20170124,10,O3_8h,抚顺,13.0
20170124,10,O3_8h_24h,抚顺,13.0
20170124,10,CO,抚顺,2.23
20170124,10,CO_24h,抚顺,1.87
20170124,11,AQI,抚顺,136.0
20170124,11,PM2.5,抚顺,104.0
20170124,11,PM2.5_24h,抚顺,111.0
20170124,11,PM10,抚顺,148.0
20170124,11,PM10_24h,抚顺,157.0
20170124,11,SO2,抚顺,87.0
20170124,11,SO2_24h,抚顺,74.0
20170124,11,NO2,抚顺,50.0
20170124,11,NO2_24h,抚顺,63.0
20170124,11,O3,抚顺,33.0
20170124,11,O3_24h,抚顺,52.0
20170124,11,O3_8h,抚顺,16.0
20170124,11,O3_8h_24h,抚顺,16.0
20170124,11,CO,抚顺,1.95
20170124,11,CO_24h,抚顺,1.88
20170124,12,AQI,抚顺,146.0
20170124,12,PM2.5,抚顺,112.0
20170124,12,PM2.5_24h,抚顺,110.0
20170124,12,PM10,抚顺,127.0
20170124,12,PM10_24h,抚顺,155.0
20170124,12,SO2,抚顺,77.0
20170124,12,SO2_24h,抚顺,74.0
20170124,12,NO2,抚顺,53.0
20170124,12,NO2_24h,抚顺,63.0
20170124,12,O3,抚顺,41.0
20170124,12,O3_24h,抚顺,52.0
20170124,12,O3_8h,抚顺,20.0
20170124,12,O3_8h_24h,抚顺,20.0
20170124,12,CO,抚顺,1.72
20170124,12,CO_24h,抚顺,1.88
20170124,13,AQI,抚顺,126.0
20170124,13,PM2.5,抚顺,96.0
20170124,13,PM2.5_24h,抚顺,109.0
20170124,13,PM10,抚顺,140.0
20170124,13,PM10_24h,抚顺,154.0
20170124,13,SO2,抚顺,96.0
20170124,13,SO2_24h,抚顺,74.0
20170124,13,NO2,抚顺,54.0
20170124,13,NO2_24h,抚顺,63.0
20170124,13,O3,抚顺,48.0
20170124,13,O3_24h,抚顺,52.0
20170124,13,O3_8h,抚顺,25.0
20170124,13,O3_8h_24h,抚顺,25.0
20170124,13,CO,抚顺,1.9
20170124,13,CO_24h,抚顺,1.9
20170124,14,AQI,抚顺,123.0
20170124,14,PM2.5,抚顺,93.0
20170124,14,PM2.5_24h,抚顺,109.0
20170124,14,PM10,抚顺,142.0
20170124,14,PM10_24h,抚顺,153.0
20170124,14,SO2,抚顺,117.0
20170124,14,SO2_24h,抚顺,75.0
20170124,14,NO2,抚顺,65.0
20170124,14,NO2_24h,抚顺,64.0
20170124,14,O3,抚顺,49.0
20170124,14,O3_24h,抚顺,52.0
20170124,14,O3_8h,抚顺,30.0
20170124,14,O3_8h_24h,抚顺,30.0
20170124,14,CO,抚顺,1.93
20170124,14,CO_24h,抚顺,1.9
20170124,15,AQI,抚顺,119.0
20170124,15,PM2.5,抚顺,90.0
20170124,15,PM2.5_24h,抚顺,110.0
20170124,15,PM10,抚顺,163.0
20170124,15,PM10_24h,抚顺,154.0
20170124,15,SO2,抚顺,105.0
20170124,15,SO2_24h,抚顺,75.0
20170124,15,NO2,抚顺,61.0
20170124,15,NO2_24h,抚顺,64.0
20170124,15,O3,抚顺,46.0
20170124,15,O3_24h,抚顺,53.0
20170124,15,O3_8h,抚顺,34.0
20170124,15,O3_8h_24h,抚顺,34.0
20170124,15,CO,抚顺,1.88
20170124,15,CO_24h,抚顺,1.92
20170124,16,AQI,抚顺,96.0
20170124,16,PM2.5,抚顺,72.0
20170124,16,PM2.5_24h,抚顺,111.0
20170124,16,PM10,抚顺,135.0
20170124,16,PM10_24h,抚顺,155.0
20170124,16,SO2,抚顺,102.0
20170124,16,SO2_24h,抚顺,75.0
20170124,16,NO2,抚顺,63.0
20170124,16,NO2_24h,抚顺,64.0
20170124,16,O3,抚顺,40.0
20170124,16,O3_24h,抚顺,52.0
20170124,16,O3_8h,抚顺,38.0
20170124,16,O3_8h_24h,抚顺,38.0
20170124,16,CO,抚顺,1.82
20170124,16,CO_24h,抚顺,1.95
20170124,17,AQI,抚顺,106.0
20170124,17,PM2.5,抚顺,80.0
20170124,17,PM2.5_24h,抚顺,111.0
20170124,17,PM10,抚顺,124.0
20170124,17,PM10_24h,抚顺,155.0
20170124,17,SO2,抚顺,82.0
20170124,17,SO2_24h,抚顺,76.0
20170124,17,NO2,抚顺,73.0
20170124,17,NO2_24h,抚顺,64.0
20170124,17,O3,抚顺,30.0
20170124,17,O3_24h,抚顺,52.0
20170124,17,O3_8h,抚顺,39.0
20170124,17,O3_8h_24h,抚顺,39.0
20170124,17,CO,抚顺,1.85
20170124,17,CO_24h,抚顺,1.95
20170124,18,AQI,抚顺,129.0
20170124,18,PM2.5,抚顺,98.0
20170124,18,PM2.5_24h,抚顺,112.0
20170124,18,PM10,抚顺,140.0
20170124,18,PM10_24h,抚顺,155.0
20170124,18,SO2,抚顺,88.0
20170124,18,SO2_24h,抚顺,78.0
20170124,18,NO2,抚顺,93.0
20170124,18,NO2_24h,抚顺,65.0
20170124,18,O3,抚顺,14.0
20170124,18,O3_24h,抚顺,52.0
20170124,18,O3_8h,抚顺,37.0
20170124,18,O3_8h_24h,抚顺,39.0
20170124,18,CO,抚顺,2.13
20170124,18,CO_24h,抚顺,2.0
20170124,19,AQI,抚顺,154.0
20170124,19,PM2.5,抚顺,118.0
20170124,19,PM2.5_24h,抚顺,113.0
20170124,19,PM10,抚顺,164.0
20170124,19,PM10_24h,抚顺,156.0
20170124,19,SO2,抚顺,91.0
20170124,19,SO2_24h,抚顺,79.0
20170124,19,NO2,抚顺,90.0
20170124,19,NO2_24h,抚顺,66.0
20170124,19,O3,抚顺,16.0
20170124,19,O3_24h,抚顺,52.0
20170124,19,O3_8h,抚顺,35.0
20170124,19,O3_8h_24h,抚顺,40.0
20170124,19,CO,抚顺,2.28
20170124,19,CO_24h,抚顺,2.03
20170124,20,AQI,抚顺,226.0
20170124,20,PM2.5,抚顺,176.0
20170124,20,PM2.5_24h,抚顺,115.0
20170124,20,PM10,抚顺,208.0
20170124,20,PM10_24h,抚顺,158.0
20170124,20,SO2,抚顺,75.0
20170124,20,SO2_24h,抚顺,80.0
20170124,20,NO2,抚顺,92.0
20170124,20,NO2_24h,抚顺,66.0
20170124,20,O3,抚顺,15.0
20170124,20,O3_24h,抚顺,52.0
20170124,20,O3_8h,抚顺,32.0
20170124,20,O3_8h_24h,抚顺,40.0
20170124,20,CO,抚顺,3.03
20170124,20,CO_24h,抚顺,2.07
20170124,21,AQI,抚顺,228.0
20170124,21,PM2.5,抚顺,178.0
20170124,21,PM2.5_24h,抚顺,117.0
20170124,21,PM10,抚顺,246.0
20170124,21,PM10_24h,抚顺,161.0
20170124,21,SO2,抚顺,68.0
20170124,21,SO2_24h,抚顺,81.0
20170124,21,NO2,抚顺,84.0
20170124,21,NO2_24h,抚顺,67.0
20170124,21,O3,抚顺,15.0
20170124,21,O3_24h,抚顺,52.0
20170124,21,O3_8h,抚顺,28.0
20170124,21,O3_8h_24h,抚顺,40.0
20170124,21,CO,抚顺,3.32
20170124,21,CO_24h,抚顺,2.12
20170124,22,AQI,抚顺,229.0
20170124,22,PM2.5,抚顺,179.0
20170124,22,PM2.5_24h,抚顺,118.0
20170124,22,PM10,抚顺,251.0
20170124,22,PM10_24h,抚顺,163.0
20170124,22,SO2,抚顺,79.0
20170124,22,SO2_24h,抚顺,82.0
20170124,22,NO2,抚顺,82.0
20170124,22,NO2_24h,抚顺,67.0
20170124,22,O3,抚顺,13.0
20170124,22,O3_24h,抚顺,52.0
20170124,22,O3_8h,抚顺,23.0
20170124,22,O3_8h_24h,抚顺,40.0
20170124,22,CO,抚顺,3.17
20170124,22,CO_24h,抚顺,2.15
20170124,23,AQI,抚顺,227.0
20170124,23,PM2.5,抚顺,177.0
20170124,23,PM2.5_24h,抚顺,120.0
20170124,23,PM10,抚顺,259.0
20170124,23,PM10_24h,抚顺,165.0
20170124,23,SO2,抚顺,75.0
20170124,23,SO2_24h,抚顺,83.0
20170124,23,NO2,抚顺,81.0
20170124,23,NO2_24h,抚顺,67.0
20170124,23,O3,抚顺,11.0
20170124,23,O3_24h,抚顺,52.0
20170124,23,O3_8h,抚顺,19.0
20170124,23,O3_8h_24h,抚顺,40.0
20170124,23,CO,抚顺,3.12
20170124,23,CO_24h,抚顺,2.17
20170124,0,AQI,本溪,111.0
20170124,0,PM2.5,本溪,84.0
20170124,0,PM2.5_24h,本溪,84.0
20170124,0,PM10,本溪,115.0
20170124,0,PM10_24h,本溪,114.0
20170124,0,SO2,本溪,87.0
20170124,0,SO2_24h,本溪,79.0
20170124,0,NO2,本溪,56.0
20170124,0,NO2_24h,本溪,52.0
20170124,0,O3,本溪,13.0
20170124,0,O3_24h,本溪,65.0
20170124,0,O3_8h,本溪,26.0
20170124,0,O3_8h_24h,本溪,49.0
20170124,0,CO,本溪,1.78
20170124,0,CO_24h,本溪,1.98
20170124,1,AQI,本溪,114.0
20170124,1,PM2.5,本溪,86.0
20170124,1,PM2.5_24h,本溪,84.0
20170124,1,PM10,本溪,127.0
20170124,1,PM10_24h,本溪,114.0
20170124,1,SO2,本溪,92.0
20170124,1,SO2_24h,本溪,80.0
20170124,1,NO2,本溪,55.0
20170124,1,NO2_24h,本溪,52.0
20170124,1,O3,本溪,10.0
20170124,1,O3_24h,本溪,65.0
20170124,1,O3_8h,本溪,10.0
20170124,1,O3_8h_24h,本溪,10.0
20170124,1,CO,本溪,1.8
20170124,1,CO_24h,本溪,1.97
20170124,2,AQI,本溪,113.0
20170124,2,PM2.5,本溪,85.0
20170124,2,PM2.5_24h,本溪,84.0
20170124,2,PM10,本溪,120.0
20170124,2,PM10_24h,本溪,115.0
20170124,2,SO2,本溪,90.0
20170124,2,SO2_24h,本溪,81.0
20170124,2,NO2,本溪,55.0
20170124,2,NO2_24h,本溪,52.0
20170124,2,O3,本溪,11.0
20170124,2,O3_24h,本溪,65.0
20170124,2,O3_8h,本溪,11.0
20170124,2,O3_8h_24h,本溪,11.0
20170124,2,CO,本溪,2.03
20170124,2,CO_24h,本溪,2.0
20170124,3,AQI,本溪,116.0
20170124,3,PM2.5,本溪,88.0
20170124,3,PM2.5_24h,本溪,84.0
20170124,3,PM10,本溪,134.0
20170124,3,PM10_24h,本溪,116.0
20170124,3,SO2,本溪,97.0
20170124,3,SO2_24h,本溪,83.0
20170124,3,NO2,本溪,55.0
20170124,3,NO2_24h,本溪,52.0
20170124,3,O3,本溪,8.0
20170124,3,O3_24h,本溪,65.0
20170124,3,O3_8h,本溪,10.0
20170124,3,O3_8h_24h,本溪,11.0
20170124,3,CO,本溪,2.07
20170124,3,CO_24h,本溪,2.0
20170124,4,AQI,本溪,109.0
20170124,4,PM2.5,本溪,82.0
20170124,4,PM2.5_24h,本溪,84.0
20170124,4,PM10,本溪,113.0
20170124,4,PM10_24h,本溪,117.0
20170124,4,SO2,本溪,92.0
20170124,4,SO2_24h,本溪,84.0
20170124,4,NO2,本溪,54.0
20170124,4,NO2_24h,本溪,52.0
20170124,4,O3,本溪,8.0
20170124,4,O3_24h,本溪,65.0
20170124,4,O3_8h,本溪,9.0
20170124,4,O3_8h_24h,本溪,11.0
20170124,4,CO,本溪,1.92
20170124,4,CO_24h,本溪,1.98
20170124,5,AQI,本溪,114.0
20170124,5,PM2.5,本溪,86.0
20170124,5,PM2.5_24h,本溪,85.0
20170124,5,PM10,本溪,121.0
20170124,5,PM10_24h,本溪,117.0
20170124,5,SO2,本溪,90.0
20170124,5,SO2_24h,本溪,85.0
20170124,5,NO2,本溪,55.0
20170124,5,NO2_24h,本溪,52.0
20170124,5,O3,本溪,8.0
20170124,5,O3_24h,本溪,65.0
20170124,5,O3_8h,本溪,9.0
20170124,5,O3_8h_24h,本溪,11.0
20170124,5,CO,本溪,2.08
20170124,5,CO_24h,本溪,2.02
20170124,6,AQI,本溪,115.0
20170124,6,PM2.5,本溪,87.0
20170124,6,PM2.5_24h,本溪,85.0
20170124,6,PM10,本溪,119.0
20170124,6,PM10_24h,本溪,117.0
20170124,6,SO2,本溪,102.0
20170124,6,SO2_24h,本溪,85.0
20170124,6,NO2,本溪,55.0
20170124,6,NO2_24h,本溪,52.0
20170124,6,O3,本溪,7.0
20170124,6,O3_24h,本溪,65.0
20170124,6,O3_8h,本溪,9.0
20170124,6,O3_8h_24h,本溪,11.0
20170124,6,CO,本溪,2.12
20170124,6,CO_24h,本溪,2.0
20170124,7,AQI,本溪,130.0
20170124,7,PM2.5,本溪,99.0
20170124,7,PM2.5_24h,本溪,85.0
20170124,7,PM10,本溪,134.0
20170124,7,PM10_24h,本溪,117.0
20170124,7,SO2,本溪,115.0
20170124,7,SO2_24h,本溪,86.0
20170124,7,NO2,本溪,56.0
20170124,7,NO2_24h,本溪,52.0
20170124,7,O3,本溪,7.0
20170124,7,O3_24h,本溪,65.0
20170124,7,O3_8h,本溪,9.0
20170124,7,O3_8h_24h,本溪,11.0
20170124,7,CO,本溪,2.35
20170124,7,CO_24h,本溪,1.98
20170124,8,AQI,本溪,139.0
20170124,8,PM2.5,本溪,106.0
20170124,8,PM2.5_24h,本溪,85.0
20170124,8,PM10,本溪,135.0
20170124,8,PM10_24h,本溪,117.0
20170124,8,SO2,本溪,118.0
20170124,8,SO2_24h,本溪,87.0
20170124,8,NO2,本溪,56.0
20170124,8,NO2_24h,本溪,51.0
20170124,8,O3,本溪,9.0
20170124,8,O3_24h,本溪,65.0
20170124,8,O3_8h,本溪,9.0
20170124,8,O3_8h_24h,本溪,11.0
20170124,8,CO,本溪,2.78
20170124,8,CO_24h,本溪,1.98
20170124,9,AQI,本溪,170.0
20170124,9,PM2.5,本溪,129.0
20170124,9,PM2.5_24h,本溪,85.0
20170124,9,PM10,本溪,188.0
20170124,9,PM10_24h,本溪,118.0
20170124,9,SO2,本溪,131.0
20170124,9,SO2_24h,本溪,87.0
20170124,9,NO2,本溪,55.0
20170124,9,NO2_24h,本溪,51.0
20170124,9,O3,本溪,12.0
20170124,9,O3_24h,本溪,65.0
20170124,9,O3_8h,本溪,9.0
20170124,9,O3_8h_24h,本溪,11.0
20170124,9,CO,本溪,2.97
20170124,9,CO_24h,本溪,2.0
20170124,10,AQI,本溪,186.0
20170124,10,PM2.5,本溪,140.0
20170124,10,PM2.5_24h,本溪,85.0
20170124,10,PM10,本溪,173.0
20170124,10,PM10_24h,本溪,117.0
20170124,10,SO2,本溪,158.0
20170124,10,SO2_24h,本溪,87.0
20170124,10,NO2,本溪,57.0
20170124,10,NO2_24h,本溪,51.0
20170124,10,O3,本溪,15.0
20170124,10,O3_24h,本溪,65.0
20170124,10,O3_8h,本溪,10.0
20170124,10,O3_8h_24h,本溪,11.0
20170124,10,CO,本溪,2.68
20170124,10,CO_24h,本溪,1.98
20170124,11,AQI,本溪,186.0
20170124,11,PM2.5,本溪,140.0
20170124,11,PM2.5_24h,本溪,84.0
20170124,11,PM10,本溪,195.0
20170124,11,PM10_24h,本溪,118.0
20170124,11,SO2,本溪,165.0
20170124,11,SO2_24h,本溪,86.0
20170124,11,NO2,本溪,65.0
20170124,11,NO2_24h,本溪,51.0
20170124,11,O3,本溪,18.0
20170124,11,O3_24h,本溪,65.0
20170124,11,O3_8h,本溪,11.0
20170124,11,O3_8h_24h,本溪,12.0
20170124,11,CO,本溪,3.07
20170124,11,CO_24h,本溪,1.95
20170124,12,AQI,本溪,202.0
20170124,12,PM2.5,本溪,152.0
20170124,12,PM2.5_24h,本溪,85.0
20170124,12,PM10,本溪,205.0
20170124,12,PM10_24h,本溪,119.0
20170124,12,SO2,本溪,232.0
20170124,12,SO2_24h,本溪,92.0
20170124,12,NO2,本溪,75.0
20170124,12,NO2_24h,本溪,51.0
20170124,12,O3,本溪,20.0
20170124,12,O3_24h,本溪,65.0
20170124,12,O3_8h,本溪,12.0
20170124,12,O3_8h_24h,本溪,13.0
20170124,12,CO,本溪,4.08
20170124,12,CO_24h,本溪,1.93
20170124,13,AQI,本溪,167.0
20170124,13,PM2.5,本溪,127.0
20170124,13,PM2.5_24h,本溪,88.0
20170124,13,PM10,本溪,187.0
20170124,13,PM10_24h,本溪,121.0
20170124,13,SO2,本溪,209.0
20170124,13,SO2_24h,本溪,98.0
20170124,13,NO2,本溪,77.0
20170124,13,NO2_24h,本溪,52.0
20170124,13,O3,本溪,24.0
20170124,13,O3_24h,本溪,62.0
20170124,13,O3_8h,本溪,14.0
20170124,13,O3_8h_24h,本溪,15.0
20170124,13,CO,本溪,4.43
20170124,13,CO_24h,本溪,2.07
20170124,14,AQI,本溪,100.0
20170124,14,PM2.5,本溪,65.0
20170124,14,PM2.5_24h,本溪,89.0
20170124,14,PM10,本溪,149.0
20170124,14,PM10_24h,本溪,125.0
20170124,14,SO2,本溪,107.0
20170124,14,SO2_24h,本溪,100.0
20170124,14,NO2,本溪,57.0
20170124,14,NO2_24h,本溪,53.0
20170124,14,O3,本溪,39.0
20170124,14,O3_24h,本溪,62.0
20170124,14,O3_8h,本溪,18.0
20170124,14,O3_8h_24h,本溪,18.0
20170124,14,CO,本溪,2.85
20170124,14,CO_24h,本溪,2.13
20170124,15,AQI,本溪,77.0
20170124,15,PM2.5,本溪,47.0
20170124,15,PM2.5_24h,本溪,90.0
20170124,15,PM10,本溪,103.0
20170124,15,PM10_24h,本溪,127.0
20170124,15,SO2,本溪,81.0
20170124,15,SO2_24h,本溪,101.0
20170124,15,NO2,本溪,45.0
20170124,15,NO2_24h,本溪,54.0
20170124,15,O3,本溪,44.0
20170124,15,O3_24h,本溪,62.0
20170124,15,O3_8h,本溪,23.0
20170124,15,O3_8h_24h,本溪,23.0
20170124,15,CO,本溪,1.82
20170124,15,CO_24h,本溪,2.15
20170124,16,AQI,本溪,63.0
20170124,16,PM2.5,本溪,31.0
20170124,16,PM2.5_24h,本溪,90.0
20170124,16,PM10,本溪,75.0
20170124,16,PM10_24h,本溪,128.0
20170124,16,SO2,本溪,53.0
20170124,16,SO2_24h,本溪,102.0
20170124,16,NO2,本溪,37.0
20170124,16,NO2_24h,本溪,55.0
20170124,16,O3,本溪,47.0
20170124,16,O3_24h,本溪,57.0
20170124,16,O3_8h,本溪,28.0
20170124,16,O3_8h_24h,本溪,28.0
20170124,16,CO,本溪,1.23
20170124,16,CO_24h,本溪,2.15
20170124,17,AQI,本溪,51.0
20170124,17,PM2.5,本溪,23.0
20170124,17,PM2.5_24h,本溪,89.0
20170124,17,PM10,本溪,51.0
20170124,17,PM10_24h,本溪,128.0
20170124,17,SO2,本溪,39.0
20170124,17,SO2_24h,本溪,102.0
20170124,17,NO2,本溪,39.0
20170124,17,NO2_24h,本溪,55.0
20170124,17,O3,本溪,38.0
20170124,17,O3_24h,本溪,53.0
20170124,17,O3_8h,本溪,31.0
20170124,17,O3_8h_24h,本溪,31.0
20170124,17,CO,本溪,0.98
20170124,17,CO_24h,本溪,2.18
20170124,18,AQI,本溪,63.0
20170124,18,PM2.5,本溪,45.0
20170124,18,PM2.5_24h,本溪,89.0
20170124,18,PM10,本溪,76.0
20170124,18,PM10_24h,本溪,128.0
20170124,18,SO2,本溪,56.0
20170124,18,SO2_24h,本溪,103.0
20170124,18,NO2,本溪,55.0
20170124,18,NO2_24h,本溪,55.0
20170124,18,O3,本溪,23.0
20170124,18,O3_24h,本溪,52.0
20170124,18,O3_8h,本溪,32.0
20170124,18,O3_8h_24h,本溪,32.0
20170124,18,CO,本溪,1.32
20170124,18,CO_24h,本溪,2.2
20170124,19,AQI,本溪,80.0
20170124,19,PM2.5,本溪,59.0
20170124,19,PM2.5_24h,本溪,88.0
20170124,19,PM10,本溪,80.0
20170124,19,PM10_24h,本溪,128.0
20170124,19,SO2,本溪,61.0
20170124,19,SO2_24h,本溪,103.0
20170124,19,NO2,本溪,61.0
20170124,19,NO2_24h,本溪,56.0
20170124,19,O3,本溪,21.0
20170124,19,O3_24h,本溪,52.0
20170124,19,O3_8h,本溪,32.0
20170124,19,O3_8h_24h,本溪,32.0
20170124,19,CO,本溪,1.67
20170124,19,CO_24h,本溪,2.18
20170124,20,AQI,本溪,113.0
20170124,20,PM2.5,本溪,85.0
20170124,20,PM2.5_24h,本溪,88.0
20170124,20,PM10,本溪,120.0
20170124,20,PM10_24h,本溪,128.0
20170124,20,SO2,本溪,73.0
20170124,20,SO2_24h,本溪,103.0
20170124,20,NO2,本溪,62.0
20170124,20,NO2_24h,本溪,56.0
20170124,20,O3,本溪,18.0
20170124,20,O3_24h,本溪,52.0
20170124,20,O3_8h,本溪,32.0
20170124,20,O3_8h_24h,本溪,33.0
20170124,20,CO,本溪,2.27
20170124,20,CO_24h,本溪,2.2
20170124,21,AQI,本溪,105.0
20170124,21,PM2.5,本溪,79.0
20170124,21,PM2.5_24h,本溪,87.0
20170124,21,PM10,本溪,115.0
20170124,21,PM10_24h,本溪,127.0
20170124,21,SO2,本溪,86.0
20170124,21,SO2_24h,本溪,104.0
20170124,21,NO2,本溪,59.0
20170124,21,NO2_24h,本溪,56.0
20170124,21,O3,本溪,20.0
20170124,21,O3_24h,本溪,52.0
20170124,21,O3_8h,本溪,31.0
20170124,21,O3_8h_24h,本溪,33.0
20170124,21,CO,本溪,2.23
20170124,21,CO_24h,本溪,2.23
20170124,22,AQI,本溪,101.0
20170124,22,PM2.5,本溪,76.0
20170124,22,PM2.5_24h,本溪,87.0
20170124,22,PM10,本溪,106.0
20170124,22,PM10_24h,本溪,127.0
20170124,22,SO2,本溪,91.0
20170124,22,SO2_24h,本溪,105.0
20170124,22,NO2,本溪,57.0
20170124,22,NO2_24h,本溪,56.0
20170124,22,O3,本溪,17.0
20170124,22,O3_24h,本溪,52.0
20170124,22,O3_8h,本溪,28.0
20170124,22,O3_8h_24h,本溪,33.0
20170124,22,CO,本溪,2.13
20170124,22,CO_24h,本溪,2.25
20170124,23,AQI,本溪,106.0
20170124,23,PM2.5,本溪,80.0
20170124,23,PM2.5_24h,本溪,87.0
20170124,23,PM10,本溪,129.0
20170124,23,PM10_24h,本溪,127.0
20170124,23,SO2,本溪,93.0
20170124,23,SO2_24h,本溪,105.0
20170124,23,NO2,本溪,57.0
20170124,23,NO2_24h,本溪,56.0
20170124,23,O3,本溪,15.0
20170124,23,O3_24h,本溪,52.0
20170124,23,O3_8h,本溪,25.0
20170124,23,O3_8h_24h,本溪,33.0
20170124,23,CO,本溪,2.32
20170124,23,CO_24h,本溪,2.3
20170124,0,AQI,锦州,196.0
20170124,0,PM2.5,锦州,147.0
20170124,0,PM2.5_24h,锦州,72.0
20170124,0,PM10,锦州,183.0
20170124,0,PM10_24h,锦州,98.0
20170124,0,SO2,锦州,100.0
20170124,0,SO2_24h,锦州,96.0
20170124,0,NO2,锦州,64.0
20170124,0,NO2_24h,锦州,47.0
20170124,0,O3,锦州,17.0
20170124,0,O3_24h,锦州,89.0
20170124,0,O3_8h,锦州,33.0
20170124,0,O3_8h_24h,锦州,74.0
20170124,0,CO,锦州,2.64
20170124,0,CO_24h,锦州,1.6
20170124,1,AQI,锦州,183.0
20170124,1,PM2.5,锦州,138.0
20170124,1,PM2.5_24h,锦州,74.0
20170124,1,PM10,锦州,180.0
20170124,1,PM10_24h,锦州,100.0
20170124,1,SO2,锦州,100.0
20170124,1,SO2_24h,锦州,98.0
20170124,1,NO2,锦州,57.0
20170124,1,NO2_24h,锦州,47.0
20170124,1,O3,锦州,17.0
20170124,1,O3_24h,锦州,89.0
20170124,1,O3_8h,锦州,17.0
20170124,1,O3_8h_24h,锦州,17.0
20170124,1,CO,锦州,2.56
20170124,1,CO_24h,锦州,1.6
20170124,2,AQI,锦州,171.0
20170124,2,PM2.5,锦州,130.0
20170124,2,PM2.5_24h,锦州,77.0
20170124,2,PM10,锦州,169.0
20170124,2,PM10_24h,锦州,104.0
20170124,2,SO2,锦州,89.0
20170124,2,SO2_24h,锦州,99.0
20170124,2,NO2,锦州,54.0
20170124,2,NO2_24h,锦州,48.0
20170124,2,O3,锦州,17.0
20170124,2,O3_24h,锦州,89.0
20170124,2,O3_8h,锦州,17.0
20170124,2,O3_8h_24h,锦州,18.0
20170124,2,CO,锦州,2.4
20170124,2,CO_24h,锦州,1.64
20170124,3,AQI,锦州,149.0
20170124,3,PM2.5,锦州,114.0
20170124,3,PM2.5_24h,锦州,80.0
20170124,3,PM10,锦州,149.0
20170124,3,PM10_24h,锦州,108.0
20170124,3,SO2,锦州,83.0
20170124,3,SO2_24h,锦州,100.0
20170124,3,NO2,锦州,50.0
20170124,3,NO2_24h,锦州,48.0
20170124,3,O3,锦州,18.0
20170124,3,O3_24h,锦州,89.0
20170124,3,O3_8h,锦州,17.0
20170124,3,O3_8h_24h,锦州,18.0
20170124,3,CO,锦州,2.2
20170124,3,CO_24h,锦州,1.66
20170124,4,AQI,锦州,135.0
20170124,4,PM2.5,锦州,103.0
20170124,4,PM2.5_24h,锦州,81.0
20170124,4,PM10,锦州,124.0
20170124,4,PM10_24h,锦州,110.0
20170124,4,SO2,锦州,78.0
20170124,4,SO2_24h,锦州,101.0
20170124,4,NO2,锦州,43.0
20170124,4,NO2_24h,锦州,48.0
20170124,4,O3,锦州,23.0
20170124,4,O3_24h,锦州,89.0
20170124,4,O3_8h,锦州,19.0
20170124,4,O3_8h_24h,锦州,20.0
20170124,4,CO,锦州,1.96
20170124,4,CO_24h,锦州,1.66
20170124,5,AQI,锦州,125.0
20170124,5,PM2.5,锦州,95.0
20170124,5,PM2.5_24h,锦州,83.0
20170124,5,PM10,锦州,113.0
20170124,5,PM10_24h,锦州,112.0
20170124,5,SO2,锦州,90.0
20170124,5,SO2_24h,锦州,102.0
20170124,5,NO2,锦州,41.0
20170124,5,NO2_24h,锦州,48.0
20170124,5,O3,锦州,24.0
20170124,5,O3_24h,锦州,89.0
20170124,5,O3_8h,锦州,20.0
20170124,5,O3_8h_24h,锦州,21.0
20170124,5,CO,锦州,1.8
20170124,5,CO_24h,锦州,1.7
20170124,6,AQI,锦州,125.0
20170124,6,PM2.5,锦州,95.0
20170124,6,PM2.5_24h,锦州,85.0
20170124,6,PM10,锦州,107.0
20170124,6,PM10_24h,锦州,113.0
20170124,6,SO2,锦州,82.0
20170124,6,SO2_24h,锦州,102.0
20170124,6,NO2,锦州,45.0
20170124,6,NO2_24h,锦州,48.0
20170124,6,O3,锦州,19.0
20170124,6,O3_24h,锦州,89.0
20170124,6,O3_8h,锦州,20.0
20170124,6,O3_8h_24h,锦州,21.0
20170124,6,CO,锦州,1.84
20170124,6,CO_24h,锦州,1.7
20170124,7,AQI,锦州,130.0
20170124,7,PM2.5,锦州,99.0
20170124,7,PM2.5_24h,锦州,86.0
20170124,7,PM10,锦州,116.0
20170124,7,PM10_24h,锦州,115.0
20170124,7,SO2,锦州,97.0
20170124,7,SO2_24h,锦州,101.0
20170124,7,NO2,锦州,46.0
20170124,7,NO2_24h,锦州,48.0
20170124,7,O3,锦州,20.0
20170124,7,O3_24h,锦州,89.0
20170124,7,O3_8h,锦州,20.0
20170124,7,O3_8h_24h,锦州,22.0
20170124,7,CO,锦州,1.92
20170124,7,CO_24h,锦州,1.72
20170124,8,AQI,锦州,145.0
20170124,8,PM2.5,锦州,111.0
20170124,8,PM2.5_24h,锦州,88.0
20170124,8,PM10,锦州,128.0
20170124,8,PM10_24h,锦州,115.0
20170124,8,SO2,锦州,109.0
20170124,8,SO2_24h,锦州,101.0
20170124,8,NO2,锦州,49.0
20170124,8,NO2_24h,锦州,48.0
20170124,8,O3,锦州,20.0
20170124,8,O3_24h,锦州,89.0
20170124,8,O3_8h,锦州,20.0
20170124,8,O3_8h_24h,锦州,22.0
20170124,8,CO,锦州,2.04
20170124,8,CO_24h,锦州,1.74
20170124,9,AQI,锦州,181.0
20170124,9,PM2.5,锦州,137.0
20170124,9,PM2.5_24h,锦州,88.0
20170124,9,PM10,锦州,141.0
20170124,9,PM10_24h,锦州,115.0
20170124,9,SO2,锦州,132.0
20170124,9,SO2_24h,锦州,101.0
20170124,9,NO2,锦州,48.0
20170124,9,NO2_24h,锦州,48.0
20170124,9,O3,锦州,25.0
20170124,9,O3_24h,锦州,89.0
20170124,9,O3_8h,锦州,21.0
20170124,9,O3_8h_24h,锦州,23.0
20170124,9,CO,锦州,2.26
20170124,9,CO_24h,锦州,1.74
20170124,10,AQI,锦州,169.0
20170124,10,PM2.5,锦州,128.0
20170124,10,PM2.5_24h,锦州,88.0
20170124,10,PM10,锦州,154.0
20170124,10,PM10_24h,锦州,113.0
20170124,10,SO2,锦州,136.0
20170124,10,SO2_24h,锦州,98.0
20170124,10,NO2,锦州,48.0
20170124,10,NO2_24h,锦州,47.0
20170124,10,O3,锦州,35.0
20170124,10,O3_24h,锦州,89.0
20170124,10,O3_8h,锦州,23.0
20170124,10,O3_8h_24h,锦州,25.0
20170124,10,CO,锦州,2.16
20170124,10,CO_24h,锦州,1.74
20170124,11,AQI,锦州,128.0
20170124,11,PM2.5,锦州,97.0
20170124,11,PM2.5_24h,锦州,89.0
20170124,11,PM10,锦州,147.0
20170124,11,PM10_24h,锦州,112.0
20170124,11,SO2,锦州,211.0
20170124,11,SO2_24h,锦州,98.0
20170124,11,NO2,锦州,45.0
20170124,11,NO2_24h,锦州,47.0
20170124,11,O3,锦州,50.0
20170124,11,O3_24h,锦州,91.0
20170124,11,O3_8h,锦州,27.0
20170124,11,O3_8h_24h,锦州,28.0
20170124,11,CO,锦州,1.88
20170124,11,CO_24h,锦州,1.76
20170124,12,AQI,锦州,103.0
20170124,12,PM2.5,锦州,77.0
20170124,12,PM2.5_24h,锦州,91.0
20170124,12,PM10,锦州,140.0
20170124,12,PM10_24h,锦州,115.0
20170124,12,SO2,锦州,152.0
20170124,12,SO2_24h,锦州,101.0
20170124,12,NO2,锦州,49.0
20170124,12,NO2_24h,锦州,48.0
20170124,12,O3,锦州,53.0
20170124,12,O3_24h,锦州,91.0
20170124,12,O3_8h,锦州,31.0
20170124,12,O3_8h_24h,锦州,31.0
20170124,12,CO,锦州,1.7
20170124,12,CO_24h,锦州,1.78
20170124,13,AQI,锦州,71.0
20170124,13,PM2.5,锦州,49.0
20170124,13,PM2.5_24h,锦州,92.0
20170124,13,PM10,锦州,91.0
20170124,13,PM10_24h,锦州,118.0
20170124,13,SO2,锦州,102.0
20170124,13,SO2_24h,锦州,104.0
20170124,13,NO2,锦州,35.0
20170124,13,NO2_24h,锦州,49.0
20170124,13,O3,锦州,71.0
20170124,13,O3_24h,锦州,91.0
20170124,13,O3_8h,锦州,37.0
20170124,13,O3_8h_24h,锦州,37.0
20170124,13,CO,锦州,1.34
20170124,13,CO_24h,锦州,1.8
20170124,14,AQI,锦州,60.0
20170124,14,PM2.5,锦州,36.0
20170124,14,PM2.5_24h,锦州,92.0
20170124,14,PM10,锦州,69.0
20170124,14,PM10_24h,锦州,119.0
20170124,14,SO2,锦州,44.0
20170124,14,SO2_24h,锦州,105.0
20170124,14,NO2,锦州,20.0
20170124,14,NO2_24h,锦州,49.0
20170124,14,O3,锦州,84.0
20170124,14,O3_24h,锦州,90.0
20170124,14,O3_8h,锦州,45.0
20170124,14,O3_8h_24h,锦州,45.0
20170124,14,CO,锦州,1.04
20170124,14,CO_24h,锦州,1.82
20170124,15,AQI,锦州,53.0
20170124,15,PM2.5,锦州,37.0
20170124,15,PM2.5_24h,锦州,92.0
20170124,15,PM10,锦州,52.0
20170124,15,PM10_24h,锦州,119.0
20170124,15,SO2,锦州,45.0
20170124,15,SO2_24h,锦州,105.0
20170124,15,NO2,锦州,18.0
20170124,15,NO2_24h,锦州,49.0
20170124,15,O3,锦州,87.0
20170124,15,O3_24h,锦州,90.0
20170124,15,O3_8h,锦州,53.0
20170124,15,O3_8h_24h,锦州,53.0
20170124,15,CO,锦州,1.02
20170124,15,CO_24h,锦州,1.82
20170124,16,AQI,锦州,63.0
20170124,16,PM2.5,锦州,45.0
20170124,16,PM2.5_24h,锦州,93.0
20170124,16,PM10,锦州,48.0
20170124,16,PM10_24h,锦州,119.0
20170124,16,SO2,锦州,82.0
20170124,16,SO2_24h,锦州,107.0
20170124,16,NO2,锦州,27.0
20170124,16,NO2_24h,锦州,49.0
20170124,16,O3,锦州,79.0
20170124,16,O3_24h,锦州,88.0
20170124,16,O3_8h,锦州,61.0
20170124,16,O3_8h_24h,锦州,61.0
20170124,16,CO,锦州,1.08
20170124,16,CO_24h,锦州,1.82
20170124,17,AQI,锦州,76.0
20170124,17,PM2.5,锦州,56.0
20170124,17,PM2.5_24h,锦州,94.0
20170124,17,PM10,锦州,69.0
20170124,17,PM10_24h,锦州,119.0
20170124,17,SO2,锦州,91.0
20170124,17,SO2_24h,锦州,108.0
20170124,17,NO2,锦州,39.0
20170124,17,NO2_24h,锦州,50.0
20170124,17,O3,锦州,65.0
20170124,17,O3_24h,锦州,88.0
20170124,17,O3_8h,锦州,66.0
20170124,17,O3_8h_24h,锦州,66.0
20170124,17,CO,锦州,1.12
20170124,17,CO_24h,锦州,1.84
20170124,18,AQI,锦州,79.0
20170124,18,PM2.5,锦州,58.0
20170124,18,PM2.5_24h,锦州,94.0
20170124,18,PM10,锦州,80.0
20170124,18,PM10_24h,锦州,120.0
20170124,18,SO2,锦州,92.0
20170124,18,SO2_24h,锦州,106.0
20170124,18,NO2,锦州,52.0
20170124,18,NO2_24h,锦州,50.0
20170124,18,O3,锦州,49.0
20170124,18,O3_24h,锦州,88.0
20170124,18,O3_8h,锦州,67.0
20170124,18,O3_8h_24h,锦州,68.0
20170124,18,CO,锦州,1.2
20170124,18,CO_24h,锦州,1.84
20170124,19,AQI,锦州,73.0
20170124,19,PM2.5,锦州,53.0
20170124,19,PM2.5_24h,锦州,95.0
20170124,19,PM10,锦州,77.0
20170124,19,PM10_24h,锦州,121.0
20170124,19,SO2,锦州,99.0
20170124,19,SO2_24h,锦州,106.0
20170124,19,NO2,锦州,57.0
20170124,19,NO2_24h,锦州,50.0
20170124,19,O3,锦州,41.0
20170124,19,O3_24h,锦州,88.0
20170124,19,O3_8h,锦州,66.0
20170124,19,O3_8h_24h,锦州,68.0
20170124,19,CO,锦州,1.2
20170124,19,CO_24h,锦州,1.84
20170124,20,AQI,锦州,78.0
20170124,20,PM2.5,锦州,57.0
20170124,20,PM2.5_24h,锦州,94.0
20170124,20,PM10,锦州,67.0
20170124,20,PM10_24h,锦州,120.0
20170124,20,SO2,锦州,116.0
20170124,20,SO2_24h,锦州,106.0
20170124,20,NO2,锦州,63.0
20170124,20,NO2_24h,锦州,49.0
20170124,20,O3,锦州,33.0
20170124,20,O3_24h,锦州,88.0
20170124,20,O3_8h,锦州,64.0
20170124,20,O3_8h_24h,锦州,68.0
20170124,20,CO,锦州,1.32
20170124,20,CO_24h,锦州,1.84
20170124,21,AQI,锦州,85.0
20170124,21,PM2.5,锦州,63.0
20170124,21,PM2.5_24h,锦州,92.0
20170124,21,PM10,锦州,69.0
20170124,21,PM10_24h,锦州,119.0
20170124,21,SO2,锦州,116.0
20170124,21,SO2_24h,锦州,106.0
20170124,21,NO2,锦州,69.0
20170124,21,NO2_24h,锦州,49.0
20170124,21,O3,锦州,27.0
20170124,21,O3_24h,锦州,88.0
20170124,21,O3_8h,锦州,58.0
20170124,21,O3_8h_24h,锦州,68.0
20170124,21,CO,锦州,1.46
20170124,21,CO_24h,锦州,1.82
20170124,22,AQI,锦州,90.0
20170124,22,PM2.5,锦州,67.0
20170124,22,PM2.5_24h,锦州,89.0
20170124,22,PM10,锦州,79.0
20170124,22,PM10_24h,锦州,116.0
20170124,22,SO2,锦州,135.0
20170124,22,SO2_24h,锦州,106.0
20170124,22,NO2,锦州,70.0
20170124,22,NO2_24h,锦州,48.0
20170124,22,O3,锦州,22.0
20170124,22,O3_24h,锦州,88.0
20170124,22,O3_8h,锦州,50.0
20170124,22,O3_8h_24h,锦州,68.0
20170124,22,CO,锦州,1.58
20170124,22,CO_24h,锦州,1.76
20170124,23,AQI,锦州,118.0
20170124,23,PM2.5,锦州,89.0
20170124,23,PM2.5_24h,锦州,87.0
20170124,23,PM10,锦州,90.0
20170124,23,PM10_24h,锦州,113.0
20170124,23,SO2,锦州,128.0
20170124,23,SO2_24h,锦州,105.0
20170124,23,NO2,锦州,76.0
20170124,23,NO2_24h,锦州,49.0
20170124,23,O3,锦州,15.0
20170124,23,O3_24h,锦州,88.0
20170124,23,O3_8h,锦州,41.0
20170124,23,O3_8h_24h,锦州,68.0
20170124,23,CO,锦州,2.02
20170124,23,CO_24h,锦州,1.74
20170124,0,AQI,吉林,138.0
20170124,0,PM2.5,吉林,105.0
20170124,0,PM2.5_24h,吉林,78.0
20170124,0,PM10,吉林,117.0
20170124,0,PM10_24h,吉林,88.0
20170124,0,SO2,吉林,45.0
20170124,0,SO2_24h,吉林,42.0
20170124,0,NO2,吉林,50.0
20170124,0,NO2_24h,吉林,37.0
20170124,0,O3,吉林,46.0
20170124,0,O3_24h,吉林,98.0
20170124,0,O3_8h,吉林,65.0
20170124,0,O3_8h_24h,吉林,86.0
20170124,0,CO,吉林,1.86
20170124,0,CO_24h,吉林,1.56
20170124,1,AQI,吉林,136.0
20170124,1,PM2.5,吉林,104.0
20170124,1,PM2.5_24h,吉林,77.0
20170124,1,PM10,吉林,116.0
20170124,1,PM10_24h,吉林,88.0
20170124,1,SO2,吉林,33.0
20170124,1,SO2_24h,吉林,42.0
20170124,1,NO2,吉林,45.0
20170124,1,NO2_24h,吉林,37.0
20170124,1,O3,吉林,48.0
20170124,1,O3_24h,吉林,98.0
20170124,1,O3_8h,吉林,48.0
20170124,1,O3_8h_24h,吉林,48.0
20170124,1,CO,吉林,1.82
20170124,1,CO_24h,吉林,1.56
20170124,2,AQI,吉林,125.0
20170124,2,PM2.5,吉林,95.0
20170124,2,PM2.5_24h,吉林,78.0
20170124,2,PM10,吉林,105.0
20170124,2,PM10_24h,吉林,88.0
20170124,2,SO2,吉林,28.0
20170124,2,SO2_24h,吉林,42.0
20170124,2,NO2,吉林,37.0
20170124,2,NO2_24h,吉林,37.0
20170124,2,O3,吉林,53.0
20170124,2,O3_24h,吉林,98.0
20170124,2,O3_8h,吉林,51.0
20170124,2,O3_8h_24h,吉林,51.0
20170124,2,CO,吉林,1.72
20170124,2,CO_24h,吉林,1.56
20170124,3,AQI,吉林,111.0
20170124,3,PM2.5,吉林,84.0
20170124,3,PM2.5_24h,吉林,78.0
20170124,3,PM10,吉林,95.0
20170124,3,PM10_24h,吉林,88.0
20170124,3,SO2,吉林,24.0
20170124,3,SO2_24h,吉林,41.0
20170124,3,NO2,吉林,34.0
20170124,3,NO2_24h,吉林,37.0
20170124,3,O3,吉林,54.0
20170124,3,O3_24h,吉林,98.0
20170124,3,O3_8h,吉林,52.0
20170124,3,O3_8h_24h,吉林,53.0
20170124,3,CO,吉林,1.66
20170124,3,CO_24h,吉林,1.54
20170124,4,AQI,吉林,111.0
20170124,4,PM2.5,吉林,84.0
20170124,4,PM2.5_24h,吉林,78.0
20170124,4,PM10,吉林,96.0
20170124,4,PM10_24h,吉林,88.0
20170124,4,SO2,吉林,26.0
20170124,4,SO2_24h,吉林,41.0
20170124,4,NO2,吉林,33.0
20170124,4,NO2_24h,吉林,37.0
20170124,4,O3,吉林,54.0
20170124,4,O3_24h,吉林,98.0
20170124,4,O3_8h,吉林,53.0
20170124,4,O3_8h_24h,吉林,54.0
20170124,4,CO,吉林,1.62
20170124,4,CO_24h,吉林,1.54
20170124,5,AQI,吉林,109.0
20170124,5,PM2.5,吉林,82.0
20170124,5,PM2.5_24h,吉林,79.0
20170124,5,PM10,吉林,92.0
20170124,5,PM10_24h,吉林,90.0
20170124,5,SO2,吉林,29.0
20170124,5,SO2_24h,吉林,41.0
20170124,5,NO2,吉林,32.0
20170124,5,NO2_24h,吉林,37.0
20170124,5,O3,吉林,54.0
20170124,5,O3_24h,吉林,98.0
20170124,5,O3_8h,吉林,53.0
20170124,5,O3_8h_24h,吉林,55.0
20170124,5,CO,吉林,1.6
20170124,5,CO_24h,吉林,1.54
20170124,6,AQI,吉林,113.0
20170124,6,PM2.5,吉林,85.0
20170124,6,PM2.5_24h,吉林,80.0
20170124,6,PM10,吉林,96.0
20170124,6,PM10_24h,吉林,91.0
20170124,6,SO2,吉林,40.0
20170124,6,SO2_24h,吉林,40.0
20170124,6,NO2,吉林,39.0
20170124,6,NO2_24h,吉林,37.0
20170124,6,O3,吉林,46.0
20170124,6,O3_24h,吉林,98.0
20170124,6,O3_8h,吉林,52.0
20170124,6,O3_8h_24h,吉林,56.0
20170124,6,CO,吉林,1.64
20170124,6,CO_24h,吉林,1.56
20170124,7,AQI,吉林,133.0
20170124,7,PM2.5,吉林,101.0
20170124,7,PM2.5_24h,吉林,81.0
20170124,7,PM10,吉林,112.0
20170124,7,PM10_24h,吉林,92.0
20170124,7,SO2,吉林,56.0
20170124,7,SO2_24h,吉林,39.0
20170124,7,NO2,吉林,54.0
20170124,7,NO2_24h,吉林,37.0
20170124,7,O3,吉林,31.0
20170124,7,O3_24h,吉林,98.0
20170124,7,O3_8h,吉林,48.0
20170124,7,O3_8h_24h,吉林,56.0
20170124,7,CO,吉林,1.78
20170124,7,CO_24h,吉林,1.56
20170124,8,AQI,吉林,194.0
20170124,8,PM2.5,吉林,146.0
20170124,8,PM2.5_24h,吉林,83.0
20170124,8,PM10,吉林,163.0
20170124,8,PM10_24h,吉林,93.0
20170124,8,SO2,吉林,74.0
20170124,8,SO2_24h,吉林,39.0
20170124,8,NO2,吉林,62.0
20170124,8,NO2_24h,吉林,37.0
20170124,8,O3,吉林,26.0
20170124,8,O3_24h,吉林,98.0
20170124,8,O3_8h,吉林,46.0
20170124,8,O3_8h_24h,吉林,56.0
20170124,8,CO,吉林,2.3
20170124,8,CO_24h,吉林,1.6
20170124,9,AQI,吉林,224.0
20170124,9,PM2.5,吉林,174.0
20170124,9,PM2.5_24h,吉林,86.0
20170124,9,PM10,吉林,196.0
20170124,9,PM10_24h,吉林,97.0
20170124,9,SO2,吉林,118.0
20170124,9,SO2_24h,吉林,40.0
20170124,9,NO2,吉林,57.0
20170124,9,NO2_24h,吉林,38.0
20170124,9,O3,吉林,35.0
20170124,9,O3_24h,吉林,98.0
20170124,9,O3_8h,吉林,45.0
20170124,9,O3_8h_24h,吉林,56.0
20170124,9,CO,吉林,2.44
20170124,9,CO_24h,吉林,1.62
20170124,10,AQI,吉林,145.0
20170124,10,PM2.5,吉林,111.0
20170124,10,PM2.5_24h,吉林,87.0
20170124,10,PM10,吉林,125.0
20170124,10,PM10_24h,吉林,99.0
20170124,10,SO2,吉林,125.0
20170124,10,SO2_24h,吉林,42.0
20170124,10,NO2,吉林,48.0
20170124,10,NO2_24h,吉林,38.0
20170124,10,O3,吉林,47.0
20170124,10,O3_24h,吉林,98.0
20170124,10,O3_8h,吉林,44.0
20170124,10,O3_8h_24h,吉林,56.0
20170124,10,CO,吉林,2.02
20170124,10,CO_24h,吉林,1.66
20170124,11,AQI,吉林,115.0
20170124,11,PM2.5,吉林,87.0
20170124,11,PM2.5_24h,吉林,89.0
20170124,11,PM10,吉林,100.0
20170124,11,PM10_24h,吉林,100.0
20170124,11,SO2,吉林,91.0
20170124,11,SO2_24h,吉林,44.0
20170124,11,NO2,吉林,41.0
20170124,11,NO2_24h,吉林,39.0
20170124,11,O3,吉林,62.0
20170124,11,O3_24h,吉林,98.0
20170124,11,O3_8h,吉林,45.0
20170124,11,O3_8h_24h,吉林,56.0
20170124,11,CO,吉林,1.74
20170124,11,CO_24h,吉林,1.66
20170124,12,AQI,吉林,91.0
20170124,12,PM2.5,吉林,68.0
20170124,12,PM2.5_24h,吉林,90.0
20170124,12,PM10,吉林,78.0
20170124,12,PM10_24h,吉林,101.0
20170124,12,SO2,吉林,55.0
20170124,12,SO2_24h,吉林,45.0
20170124,12,NO2,吉林,33.0
20170124,12,NO2_24h,吉林,39.0
20170124,12,O3,吉林,78.0
20170124,12,O3_24h,吉林,98.0
20170124,12,O3_8h,吉林,48.0
20170124,12,O3_8h_24h,吉林,56.0
20170124,12,CO,吉林,1.5
20170124,12,CO_24h,吉林,1.68
20170124,13,AQI,吉林,61.0
20170124,13,PM2.5,吉林,44.0
20170124,13,PM2.5_24h,吉林,91.0
20170124,13,PM10,吉林,53.0
20170124,13,PM10_24h,吉林,103.0
20170124,13,SO2,吉林,34.0
20170124,13,SO2_24h,吉林,46.0
20170124,13,NO2,吉林,25.0
20170124,13,NO2_24h,吉林,40.0
20170124,13,O3,吉林,89.0
20170124,13,O3_24h,吉林,98.0
20170124,13,O3_8h,吉林,52.0
20170124,13,O3_8h_24h,吉林,58.0
20170124,13,CO,吉林,1.08
20170124,13,CO_24h,吉林,1.68
20170124,14,AQI,吉林,40.0
20170124,14,PM2.5,吉林,28.0
20170124,14,PM2.5_24h,吉林,91.0
20170124,14,PM10,吉林,36.0
20170124,14,PM10_24h,吉林,103.0
20170124,14,SO2,吉林,24.0
20170124,14,SO2_24h,吉林,46.0
20170124,14,NO2,吉林,20.0
20170124,14,NO2_24h,吉林,40.0
20170124,14,O3,吉林,95.0
20170124,14,O3_24h,吉林,99.0
20170124,14,O3_8h,吉林,59.0
20170124,14,O3_8h_24h,吉林,60.0
20170124,14,CO,吉林,0.92
20170124,14,CO_24h,吉林,1.66
20170124,15,AQI,吉林,31.0
20170124,15,PM2.5,吉林,20.0
20170124,15,PM2.5_24h,吉林,90.0
20170124,15,PM10,吉林,28.0
20170124,15,PM10_24h,吉林,102.0
20170124,15,SO2,吉林,18.0
20170124,15,SO2_24h,吉林,46.0
20170124,15,NO2,吉林,18.0
20170124,15,NO2_24h,吉林,40.0
20170124,15,O3,吉林,98.0
20170124,15,O3_24h,吉林,98.0
20170124,15,O3_8h,吉林,67.0
20170124,15,O3_8h_24h,吉林,67.0
20170124,15,CO,吉林,0.86
20170124,15,CO_24h,吉林,1.66
20170124,16,AQI,吉林,29.0
20170124,16,PM2.5,吉林,19.0
20170124,16,PM2.5_24h,吉林,89.0
20170124,16,PM10,吉林,27.0
20170124,16,PM10_24h,吉林,101.0
20170124,16,SO2,吉林,15.0
20170124,16,SO2_24h,吉林,46.0
20170124,16,NO2,吉林,20.0
20170124,16,NO2_24h,吉林,40.0
20170124,16,O3,吉林,94.0
20170124,16,O3_24h,吉林,98.0
20170124,16,O3_8h,吉林,75.0
20170124,16,O3_8h_24h,吉林,75.0
20170124,16,CO,吉林,0.86
20170124,16,CO_24h,吉林,1.64
20170124,17,AQI,吉林,46.0
20170124,17,PM2.5,吉林,32.0
20170124,17,PM2.5_24h,吉林,88.0
20170124,17,PM10,吉林,44.0
20170124,17,PM10_24h,吉林,100.0
20170124,17,SO2,吉林,19.0
20170124,17,SO2_24h,吉林,45.0
20170124,17,NO2,吉林,33.0
20170124,17,NO2_24h,吉林,40.0
20170124,17,O3,吉林,77.0
20170124,17,O3_24h,吉林,98.0
20170124,17,O3_8h,吉林,80.0
20170124,17,O3_8h_24h,吉林,80.0
20170124,17,CO,吉林,1.02
20170124,17,CO_24h,吉林,1.62
20170124,18,AQI,吉林,116.0
20170124,18,PM2.5,吉林,88.0
20170124,18,PM2.5_24h,吉林,87.0
20170124,18,PM10,吉林,109.0
20170124,18,PM10_24h,吉林,100.0
20170124,18,SO2,吉林,39.0
20170124,18,SO2_24h,吉林,45.0
20170124,18,NO2,吉林,56.0
20170124,18,NO2_24h,吉林,40.0
20170124,18,O3,吉林,52.0
20170124,18,O3_24h,吉林,98.0
20170124,18,O3_8h,吉林,80.0
20170124,18,O3_8h_24h,吉林,81.0
20170124,18,CO,吉林,1.62
20170124,18,CO_24h,吉林,1.62
20170124,19,AQI,吉林,109.0
20170124,19,PM2.5,吉林,82.0
20170124,19,PM2.5_24h,吉林,87.0
20170124,19,PM10,吉林,101.0
20170124,19,PM10_24h,吉林,100.0
20170124,19,SO2,吉林,51.0
20170124,19,SO2_24h,吉林,46.0
20170124,19,NO2,吉林,62.0
20170124,19,NO2_24h,吉林,41.0
20170124,19,O3,吉林,44.0
20170124,19,O3_24h,吉林,98.0
20170124,19,O3_8h,吉林,78.0
20170124,19,O3_8h_24h,吉林,81.0
20170124,19,CO,吉林,2.1
20170124,19,CO_24h,吉林,1.64
20170124,20,AQI,吉林,135.0
20170124,20,PM2.5,吉林,103.0
20170124,20,PM2.5_24h,吉林,87.0
20170124,20,PM10,吉林,123.0
20170124,20,PM10_24h,吉林,100.0
20170124,20,SO2,吉林,63.0
20170124,20,SO2_24h,吉林,47.0
20170124,20,NO2,吉林,67.0
20170124,20,NO2_24h,吉林,42.0
20170124,20,O3,吉林,36.0
20170124,20,O3_24h,吉林,98.0
20170124,20,O3_8h,吉林,73.0
20170124,20,O3_8h_24h,吉林,81.0
20170124,20,CO,吉林,2.3
20170124,20,CO_24h,吉林,1.68
20170124,21,AQI,吉林,150.0
20170124,21,PM2.5,吉林,115.0
20170124,21,PM2.5_24h,吉林,87.0
20170124,21,PM10,吉林,137.0
20170124,21,PM10_24h,吉林,100.0
20170124,21,SO2,吉林,78.0
20170124,21,SO2_24h,吉林,49.0
20170124,21,NO2,吉林,61.0
20170124,21,NO2_24h,吉林,43.0
20170124,21,O3,吉林,38.0
20170124,21,O3_24h,吉林,98.0
20170124,21,O3_8h,吉林,67.0
20170124,21,O3_8h_24h,吉林,81.0
20170124,21,CO,吉林,2.04
20170124,21,CO_24h,吉林,1.68
20170124,22,AQI,吉林,145.0
20170124,22,PM2.5,吉林,111.0
20170124,22,PM2.5_24h,吉林,86.0
20170124,22,PM10,吉林,132.0
20170124,22,PM10_24h,吉林,100.0
20170124,22,SO2,吉林,85.0
20170124,22,SO2_24h,吉林,50.0
20170124,22,NO2,吉林,65.0
20170124,22,NO2_24h,吉林,43.0
20170124,22,O3,吉林,31.0
20170124,22,O3_24h,吉林,98.0
20170124,22,O3_8h,吉林,59.0
20170124,22,O3_8h_24h,吉林,81.0
20170124,22,CO,吉林,2.04
20170124,22,CO_24h,吉林,1.68
20170124,23,AQI,吉林,126.0
20170124,23,PM2.5,吉林,96.0
20170124,23,PM2.5_24h,吉林,86.0
20170124,23,PM10,吉林,115.0
20170124,23,PM10_24h,吉林,100.0
20170124,23,SO2,吉林,70.0
20170124,23,SO2_24h,吉林,52.0
20170124,23,NO2,吉林,55.0
20170124,23,NO2_24h,吉林,43.0
20170124,23,O3,吉林,39.0
20170124,23,O3_24h,吉林,98.0
20170124,23,O3_8h,吉林,51.0
20170124,23,O3_8h_24h,吉林,81.0
20170124,23,CO,吉林,1.92
20170124,23,CO_24h,吉林,1.66
20170124,0,AQI,齐齐哈尔,88.0
20170124,0,PM2.5,齐齐哈尔,65.0
20170124,0,PM2.5_24h,齐齐哈尔,41.0
20170124,0,PM10,齐齐哈尔,85.0
20170124,0,PM10_24h,齐齐哈尔,53.0
20170124,0,SO2,齐齐哈尔,40.0
20170124,0,SO2_24h,齐齐哈尔,46.0
20170124,0,NO2,齐齐哈尔,30.0
20170124,0,NO2_24h,齐齐哈尔,33.0
20170124,0,O3,齐齐哈尔,34.0
20170124,0,O3_24h,齐齐哈尔,58.0
20170124,0,O3_8h,齐齐哈尔,21.0
20170124,0,O3_8h_24h,齐齐哈尔,51.0
20170124,0,CO,齐齐哈尔,1.4
20170124,0,CO_24h,齐齐哈尔,1.2
20170124,1,AQI,齐齐哈尔,90.0
20170124,1,PM2.5,齐齐哈尔,67.0
20170124,1,PM2.5_24h,齐齐哈尔,42.0
20170124,1,PM10,齐齐哈尔,68.0
20170124,1,PM10_24h,齐齐哈尔,53.0
20170124,1,SO2,齐齐哈尔,42.0
20170124,1,SO2_24h,齐齐哈尔,47.0
20170124,1,NO2,齐齐哈尔,28.0
20170124,1,NO2_24h,齐齐哈尔,34.0
20170124,1,O3,齐齐哈尔,34.0
20170124,1,O3_24h,齐齐哈尔,58.0
20170124,1,O3_8h,齐齐哈尔,34.0
20170124,1,O3_8h_24h,齐齐哈尔,34.0
20170124,1,CO,齐齐哈尔,1.35
20170124,1,CO_24h,齐齐哈尔,1.2
20170124,2,AQI,齐齐哈尔,81.0
20170124,2,PM2.5,齐齐哈尔,60.0
20170124,2,PM2.5_24h,齐齐哈尔,43.0
20170124,2,PM10,齐齐哈尔,67.0
20170124,2,PM10_24h,齐齐哈尔,54.0
20170124,2,SO2,齐齐哈尔,29.0
20170124,2,SO2_24h,齐齐哈尔,47.0
20170124,2,NO2,齐齐哈尔,27.0
20170124,2,NO2_24h,齐齐哈尔,34.0
20170124,2,O3,齐齐哈尔,33.0
20170124,2,O3_24h,齐齐哈尔,58.0
20170124,2,O3_8h,齐齐哈尔,33.0
20170124,2,O3_8h_24h,齐齐哈尔,35.0
20170124,2,CO,齐齐哈尔,1.38
20170124,2,CO_24h,齐齐哈尔,1.25
20170124,3,AQI,齐齐哈尔,84.0
20170124,3,PM2.5,齐齐哈尔,62.0
20170124,3,PM2.5_24h,齐齐哈尔,44.0
20170124,3,PM10,齐齐哈尔,71.0
20170124,3,PM10_24h,齐齐哈尔,55.0
20170124,3,SO2,齐齐哈尔,29.0
20170124,3,SO2_24h,齐齐哈尔,47.0
20170124,3,NO2,齐齐哈尔,27.0
20170124,3,NO2_24h,齐齐哈尔,35.0
20170124,3,O3,齐齐哈尔,32.0
20170124,3,O3_24h,齐齐哈尔,58.0
20170124,3,O3_8h,齐齐哈尔,33.0
20170124,3,O3_8h_24h,齐齐哈尔,35.0
20170124,3,CO,齐齐哈尔,1.57
20170124,3,CO_24h,齐齐哈尔,1.28
20170124,4,AQI,齐齐哈尔,84.0
20170124,4,PM2.5,齐齐哈尔,62.0
20170124,4,PM2.5_24h,齐齐哈尔,46.0
20170124,4,PM10,齐齐哈尔,58.0
20170124,4,PM10_24h,齐齐哈尔,56.0
20170124,4,SO2,齐齐哈尔,26.0
20170124,4,SO2_24h,齐齐哈尔,47.0
20170124,4,NO2,齐齐哈尔,20.0
20170124,4,NO2_24h,齐齐哈尔,35.0
20170124,4,O3,齐齐哈尔,39.0
20170124,4,O3_24h,齐齐哈尔,58.0
20170124,4,O3_8h,齐齐哈尔,35.0
20170124,4,O3_8h_24h,齐齐哈尔,36.0
20170124,4,CO,齐齐哈尔,1.45
20170124,4,CO_24h,齐齐哈尔,1.3
20170124,5,AQI,齐齐哈尔,76.0
20170124,5,PM2.5,齐齐哈尔,56.0
20170124,5,PM2.5_24h,齐齐哈尔,47.0
20170124,5,PM10,齐齐哈尔,41.0
20170124,5,PM10_24h,齐齐哈尔,57.0
20170124,5,SO2,齐齐哈尔,43.0
20170124,5,SO2_24h,齐齐哈尔,48.0
20170124,5,NO2,齐齐哈尔,25.0
20170124,5,NO2_24h,齐齐哈尔,35.0
20170124,5,O3,齐齐哈尔,36.0
20170124,5,O3_24h,齐齐哈尔,57.0
20170124,5,O3_8h,齐齐哈尔,35.0
20170124,5,O3_8h_24h,齐齐哈尔,37.0
20170124,5,CO,齐齐哈尔,1.4
20170124,5,CO_24h,齐齐哈尔,1.3
20170124,6,AQI,齐齐哈尔,65.0
20170124,6,PM2.5,齐齐哈尔,47.0
20170124,6,PM2.5_24h,齐齐哈尔,48.0
20170124,6,PM10,齐齐哈尔,43.0
20170124,6,PM10_24h,齐齐哈尔,57.0
20170124,6,SO2,齐齐哈尔,53.0
20170124,6,SO2_24h,齐齐哈尔,49.0
20170124,6,NO2,齐齐哈尔,34.0
20170124,6,NO2_24h,齐齐哈尔,36.0
20170124,6,O3,齐齐哈尔,30.0
20170124,6,O3_24h,齐齐哈尔,56.0
20170124,6,O3_8h,齐齐哈尔,34.0
20170124,6,O3_8h_24h,齐齐哈尔,37.0
20170124,6,CO,齐齐哈尔,1.5
20170124,6,CO_24h,齐齐哈尔,1.33
20170124,7,AQI,齐齐哈尔,68.0
20170124,7,PM2.5,齐齐哈尔,49.0
20170124,7,PM2.5_24h,齐齐哈尔,50.0
20170124,7,PM10,齐齐哈尔,63.0
20170124,7,PM10_24h,齐齐哈尔,59.0
20170124,7,SO2,齐齐哈尔,69.0
20170124,7,SO2_24h,齐齐哈尔,51.0
20170124,7,NO2,齐齐哈尔,45.0
20170124,7,NO2_24h,齐齐哈尔,37.0
20170124,7,O3,齐齐哈尔,19.0
20170124,7,O3_24h,齐齐哈尔,55.0
20170124,7,O3_8h,齐齐哈尔,32.0
20170124,7,O3_8h_24h,齐齐哈尔,37.0
20170124,7,CO,齐齐哈尔,1.68
20170124,7,CO_24h,齐齐哈尔,1.35
20170124,8,AQI,齐齐哈尔,84.0
20170124,8,PM2.5,齐齐哈尔,62.0
20170124,8,PM2.5_24h,齐齐哈尔,51.0
20170124,8,PM10,齐齐哈尔,54.0
20170124,8,PM10_24h,齐齐哈尔,60.0
20170124,8,SO2,齐齐哈尔,42.0
20170124,8,SO2_24h,齐齐哈尔,51.0
20170124,8,NO2,齐齐哈尔,52.0
20170124,8,NO2_24h,齐齐哈尔,37.0
20170124,8,O3,齐齐哈尔,11.0
20170124,8,O3_24h,齐齐哈尔,55.0
20170124,8,O3_8h,齐齐哈尔,29.0
20170124,8,O3_8h_24h,齐齐哈尔,37.0
20170124,8,CO,齐齐哈尔,2.0
20170124,8,CO_24h,齐齐哈尔,1.43
20170124,9,AQI,齐齐哈尔,101.0
20170124,9,PM2.5,齐齐哈尔,76.0
20170124,9,PM2.5_24h,齐齐哈尔,53.0
20170124,9,PM10,齐齐哈尔,98.0
20170124,9,PM10_24h,齐齐哈尔,64.0
20170124,9,SO2,齐齐哈尔,57.0
20170124,9,SO2_24h,齐齐哈尔,52.0
20170124,9,NO2,齐齐哈尔,52.0
20170124,9,NO2_24h,齐齐哈尔,38.0
20170124,9,O3,齐齐哈尔,13.0
20170124,9,O3_24h,齐齐哈尔,55.0
20170124,9,O3_8h,齐齐哈尔,27.0
20170124,9,O3_8h_24h,齐齐哈尔,37.0
20170124,9,CO,齐齐哈尔,2.33
20170124,9,CO_24h,齐齐哈尔,1.48
20170124,10,AQI,齐齐哈尔,120.0
20170124,10,PM2.5,齐齐哈尔,91.0
20170124,10,PM2.5_24h,齐齐哈尔,56.0
20170124,10,PM10,齐齐哈尔,112.0
20170124,10,PM10_24h,齐齐哈尔,68.0
20170124,10,SO2,齐齐哈尔,56.0
20170124,10,SO2_24h,齐齐哈尔,52.0
20170124,10,NO2,齐齐哈尔,43.0
20170124,10,NO2_24h,齐齐哈尔,39.0
20170124,10,O3,齐齐哈尔,26.0
20170124,10,O3_24h,齐齐哈尔,55.0
20170124,10,O3_8h,齐齐哈尔,26.0
20170124,10,O3_8h_24h,齐齐哈尔,37.0
20170124,10,CO,齐齐哈尔,2.02
20170124,10,CO_24h,齐齐哈尔,1.5
20170124,11,AQI,齐齐哈尔,100.0
20170124,11,PM2.5,齐齐哈尔,75.0
20170124,11,PM2.5_24h,齐齐哈尔,58.0
20170124,11,PM10,齐齐哈尔,62.0
20170124,11,PM10_24h,齐齐哈尔,69.0
20170124,11,SO2,齐齐哈尔,69.0
20170124,11,SO2_24h,齐齐哈尔,53.0
20170124,11,NO2,齐齐哈尔,38.0
20170124,11,NO2_24h,齐齐哈尔,39.0
20170124,11,O3,齐齐哈尔,34.0
20170124,11,O3_24h,齐齐哈尔,55.0
20170124,11,O3_8h,齐齐哈尔,26.0
20170124,11,O3_8h_24h,齐齐哈尔,37.0
20170124,11,CO,齐齐哈尔,1.7
20170124,11,CO_24h,齐齐哈尔,1.52
20170124,12,AQI,齐齐哈尔,86.0
20170124,12,PM2.5,齐齐哈尔,64.0
20170124,12,PM2.5_24h,齐齐哈尔,59.0
20170124,12,PM10,齐齐哈尔,76.0
20170124,12,PM10_24h,齐齐哈尔,71.0
20170124,12,SO2,齐齐哈尔,89.0
20170124,12,SO2_24h,齐齐哈尔,56.0
20170124,12,NO2,齐齐哈尔,37.0
20170124,12,NO2_24h,齐齐哈尔,40.0
20170124,12,O3,齐齐哈尔,41.0
20170124,12,O3_24h,齐齐哈尔,55.0
20170124,12,O3_8h,齐齐哈尔,26.0
20170124,12,O3_8h_24h,齐齐哈尔,37.0
20170124,12,CO,齐齐哈尔,1.6
20170124,12,CO_24h,齐齐哈尔,1.52
20170124,13,AQI,齐齐哈尔,78.0
20170124,13,PM2.5,齐齐哈尔,57.0
20170124,13,PM2.5_24h,齐齐哈尔,60.0
20170124,13,PM10,齐齐哈尔,76.0
20170124,13,PM10_24h,齐齐哈尔,73.0
20170124,13,SO2,齐齐哈尔,70.0
20170124,13,SO2_24h,齐齐哈尔,57.0
20170124,13,NO2,齐齐哈尔,31.0
20170124,13,NO2_24h,齐齐哈尔,41.0
20170124,13,O3,齐齐哈尔,49.0
20170124,13,O3_24h,齐齐哈尔,54.0
20170124,13,O3_8h,齐齐哈尔,28.0
20170124,13,O3_8h_24h,齐齐哈尔,37.0
20170124,13,CO,齐齐哈尔,1.38
20170124,13,CO_24h,齐齐哈尔,1.55
20170124,14,AQI,齐齐哈尔,78.0
20170124,14,PM2.5,齐齐哈尔,57.0
20170124,14,PM2.5_24h,齐齐哈尔,69.0
20170124,14,PM10,齐齐哈尔,73.0
20170124,14,PM10_24h,齐齐哈尔,83.0
20170124,14,SO2,齐齐哈尔,53.0
20170124,14,SO2_24h,齐齐哈尔,44.0
20170124,14,NO2,齐齐哈尔,22.0
20170124,14,NO2_24h,齐齐哈尔,36.0
20170124,14,O3,齐齐哈尔,59.0
20170124,14,O3_24h,齐齐哈尔,64.0
20170124,14,O3_8h,齐齐哈尔,34.0
20170124,14,O3_8h_24h,齐齐哈尔,39.0
20170124,14,CO,齐齐哈尔,0.9
20170124,14,CO_24h,齐齐哈尔,1.33
20170124,15,AQI,齐齐哈尔,59.0
20170124,15,PM2.5,齐齐哈尔,42.0
20170124,15,PM2.5_24h,齐齐哈尔,61.0
20170124,15,PM10,齐齐哈尔,51.0
20170124,15,PM10_24h,齐齐哈尔,76.0
20170124,15,SO2,齐齐哈尔,51.0
20170124,15,SO2_24h,齐齐哈尔,56.0
20170124,15,NO2,齐齐哈尔,31.0
20170124,15,NO2_24h,齐齐哈尔,41.0
20170124,15,O3,齐齐哈尔,53.0
20170124,15,O3_24h,齐齐哈尔,55.0
20170124,15,O3_8h,齐齐哈尔,34.0
20170124,15,O3_8h_24h,齐齐哈尔,37.0
20170124,15,CO,齐齐哈尔,1.2
20170124,15,CO_24h,齐齐哈尔,1.57
20170124,16,AQI,齐齐哈尔,55.0
20170124,16,PM2.5,齐齐哈尔,39.0
20170124,16,PM2.5_24h,齐齐哈尔,62.0
20170124,16,PM10,齐齐哈尔,54.0
20170124,16,PM10_24h,齐齐哈尔,77.0
20170124,16,SO2,齐齐哈尔,35.0
20170124,16,SO2_24h,齐齐哈尔,55.0
20170124,16,NO2,齐齐哈尔,36.0
20170124,16,NO2_24h,齐齐哈尔,41.0
20170124,16,O3,齐齐哈尔,48.0
20170124,16,O3_24h,齐齐哈尔,57.0
20170124,16,O3_8h,齐齐哈尔,39.0
20170124,16,O3_8h_24h,齐齐哈尔,40.0
20170124,16,CO,齐齐哈尔,1.3
20170124,16,CO_24h,齐齐哈尔,1.57
20170124,17,AQI,齐齐哈尔,60.0
20170124,17,PM2.5,齐齐哈尔,43.0
20170124,17,PM2.5_24h,齐齐哈尔,62.0
20170124,17,PM10,齐齐哈尔,58.0
20170124,17,PM10_24h,齐齐哈尔,78.0
20170124,17,SO2,齐齐哈尔,64.0
20170124,17,SO2_24h,齐齐哈尔,54.0
20170124,17,NO2,齐齐哈尔,52.0
20170124,17,NO2_24h,齐齐哈尔,42.0
20170124,17,O3,齐齐哈尔,32.0
20170124,17,O3_24h,齐齐哈尔,57.0
20170124,17,O3_8h,齐齐哈尔,42.0
20170124,17,O3_8h_24h,齐齐哈尔,42.0
20170124,17,CO,齐齐哈尔,1.42
20170124,17,CO_24h,齐齐哈尔,1.6
20170124,18,AQI,齐齐哈尔,63.0
20170124,18,PM2.5,齐齐哈尔,45.0
20170124,18,PM2.5_24h,齐齐哈尔,63.0
20170124,18,PM10,齐齐哈尔,72.0
20170124,18,PM10_24h,齐齐哈尔,79.0
20170124,18,SO2,齐齐哈尔,76.0
20170124,18,SO2_24h,齐齐哈尔,56.0
20170124,18,NO2,齐齐哈尔,62.0
20170124,18,NO2_24h,齐齐哈尔,42.0
20170124,18,O3,齐齐哈尔,22.0
20170124,18,O3_24h,齐齐哈尔,57.0
20170124,18,O3_8h,齐齐哈尔,41.0
20170124,18,O3_8h_24h,齐齐哈尔,43.0
20170124,18,CO,齐齐哈尔,1.7
20170124,18,CO_24h,齐齐哈尔,1.6
20170124,19,AQI,齐齐哈尔,71.0
20170124,19,PM2.5,齐齐哈尔,49.0
20170124,19,PM2.5_24h,齐齐哈尔,63.0
20170124,19,PM10,齐齐哈尔,91.0
20170124,19,PM10_24h,齐齐哈尔,80.0
20170124,19,SO2,齐齐哈尔,73.0
20170124,19,SO2_24h,齐齐哈尔,56.0
20170124,19,NO2,齐齐哈尔,55.0
20170124,19,NO2_24h,齐齐哈尔,41.0
20170124,19,O3,齐齐哈尔,24.0
20170124,19,O3_24h,齐齐哈尔,57.0
20170124,19,O3_8h,齐齐哈尔,40.0
20170124,19,O3_8h_24h,齐齐哈尔,44.0
20170124,19,CO,齐齐哈尔,1.65
20170124,19,CO_24h,齐齐哈尔,1.6
20170124,20,AQI,齐齐哈尔,79.0
20170124,20,PM2.5,齐齐哈尔,58.0
20170124,20,PM2.5_24h,齐齐哈尔,63.0
20170124,20,PM10,齐齐哈尔,93.0
20170124,20,PM10_24h,齐齐哈尔,78.0
20170124,20,SO2,齐齐哈尔,51.0
20170124,20,SO2_24h,齐齐哈尔,55.0
20170124,20,NO2,齐齐哈尔,45.0
20170124,20,NO2_24h,齐齐哈尔,40.0
20170124,20,O3,齐齐哈尔,28.0
20170124,20,O3_24h,齐齐哈尔,57.0
20170124,20,O3_8h,齐齐哈尔,38.0
20170124,20,O3_8h_24h,齐齐哈尔,44.0
20170124,20,CO,齐齐哈尔,1.52
20170124,20,CO_24h,齐齐哈尔,1.57
20170124,21,AQI,齐齐哈尔,88.0
20170124,21,PM2.5,齐齐哈尔,65.0
20170124,21,PM2.5_24h,齐齐哈尔,62.0
20170124,21,PM10,齐齐哈尔,93.0
20170124,21,PM10_24h,齐齐哈尔,76.0
20170124,21,SO2,齐齐哈尔,66.0
20170124,21,SO2_24h,齐齐哈尔,55.0
20170124,21,NO2,齐齐哈尔,41.0
20170124,21,NO2_24h,齐齐哈尔,39.0
20170124,21,O3,齐齐哈尔,29.0
20170124,21,O3_24h,齐齐哈尔,57.0
20170124,21,O3_8h,齐齐哈尔,36.0
20170124,21,O3_8h_24h,齐齐哈尔,44.0
20170124,21,CO,齐齐哈尔,1.5
20170124,21,CO_24h,齐齐哈尔,1.55
20170124,22,AQI,齐齐哈尔,90.0
20170124,22,PM2.5,齐齐哈尔,67.0
20170124,22,PM2.5_24h,齐齐哈尔,60.0
20170124,22,PM10,齐齐哈尔,85.0
20170124,22,PM10_24h,齐齐哈尔,76.0
20170124,22,SO2,齐齐哈尔,64.0
20170124,22,SO2_24h,齐齐哈尔,55.0
20170124,22,NO2,齐齐哈尔,37.0
20170124,22,NO2_24h,齐齐哈尔,38.0
20170124,22,O3,齐齐哈尔,30.0
20170124,22,O3_24h,齐齐哈尔,57.0
20170124,22,O3_8h,齐齐哈尔,33.0
20170124,22,O3_8h_24h,齐齐哈尔,44.0
20170124,22,CO,齐齐哈尔,1.57
20170124,22,CO_24h,齐齐哈尔,1.57
20170124,23,AQI,齐齐哈尔,83.0
20170124,23,PM2.5,齐齐哈尔,61.0
20170124,23,PM2.5_24h,齐齐哈尔,59.0
20170124,23,PM10,齐齐哈尔,72.0
20170124,23,PM10_24h,齐齐哈尔,75.0
20170124,23,SO2,齐齐哈尔,94.0
20170124,23,SO2_24h,齐齐哈尔,56.0
20170124,23,NO2,齐齐哈尔,39.0
20170124,23,NO2_24h,齐齐哈尔,38.0
20170124,23,O3,齐齐哈尔,27.0
20170124,23,O3_24h,齐齐哈尔,57.0
20170124,23,O3_8h,齐齐哈尔,30.0
20170124,23,O3_8h_24h,齐齐哈尔,44.0
20170124,23,CO,齐齐哈尔,1.52
20170124,23,CO_24h,齐齐哈尔,1.57
20170124,0,AQI,牡丹江,65.0
20170124,0,PM2.5,牡丹江,47.0
20170124,0,PM2.5_24h,牡丹江,39.0
20170124,0,PM10,牡丹江,61.0
20170124,0,PM10_24h,牡丹江,57.0
20170124,0,SO2,牡丹江,20.0
20170124,0,SO2_24h,牡丹江,23.0
20170124,0,NO2,牡丹江,25.0
20170124,0,NO2_24h,牡丹江,22.0
20170124,0,O3,牡丹江,48.0
20170124,0,O3_24h,牡丹江,70.0
20170124,0,O3_8h,牡丹江,48.0
20170124,0,O3_8h_24h,牡丹江,59.0
20170124,0,CO,牡丹江,0.68
20170124,0,CO_24h,牡丹江,0.6
20170124,1,AQI,牡丹江,63.0
20170124,1,PM2.5,牡丹江,45.0
20170124,1,PM2.5_24h,牡丹江,39.0
20170124,1,PM10,牡丹江,57.0
20170124,1,PM10_24h,牡丹江,57.0
20170124,1,SO2,牡丹江,18.0
20170124,1,SO2_24h,牡丹江,23.0
20170124,1,NO2,牡丹江,21.0
20170124,1,NO2_24h,牡丹江,22.0
20170124,1,O3,牡丹江,48.0
20170124,1,O3_24h,牡丹江,70.0
20170124,1,O3_8h,牡丹江,48.0
20170124,1,O3_8h_24h,牡丹江,48.0
20170124,1,CO,牡丹江,0.58
20170124,1,CO_24h,牡丹江,0.6
20170124,2,AQI,牡丹江,60.0
20170124,2,PM2.5,牡丹江,43.0
20170124,2,PM2.5_24h,牡丹江,39.0
20170124,2,PM10,牡丹江,55.0
20170124,2,PM10_24h,牡丹江,57.0
20170124,2,SO2,牡丹江,15.0
20170124,2,SO2_24h,牡丹江,23.0
20170124,2,NO2,牡丹江,20.0
20170124,2,NO2_24h,牡丹江,22.0
20170124,2,O3,牡丹江,47.0
20170124,2,O3_24h,牡丹江,70.0
20170124,2,O3_8h,牡丹江,47.0
20170124,2,O3_8h_24h,牡丹江,49.0
20170124,2,CO,牡丹江,0.6
20170124,2,CO_24h,牡丹江,0.62
20170124,3,AQI,牡丹江,65.0
20170124,3,PM2.5,牡丹江,47.0
20170124,3,PM2.5_24h,牡丹江,39.0
20170124,3,PM10,牡丹江,56.0
20170124,3,PM10_24h,牡丹江,57.0
20170124,3,SO2,牡丹江,16.0
20170124,3,SO2_24h,牡丹江,23.0
20170124,3,NO2,牡丹江,21.0
20170124,3,NO2_24h,牡丹江,22.0
20170124,3,O3,牡丹江,45.0
20170124,3,O3_24h,牡丹江,70.0
20170124,3,O3_8h,牡丹江,47.0
20170124,3,O3_8h_24h,牡丹江,49.0
20170124,3,CO,牡丹江,0.62
20170124,3,CO_24h,牡丹江,0.62
20170124,4,AQI,牡丹江,56.0
20170124,4,PM2.5,牡丹江,40.0
20170124,4,PM2.5_24h,牡丹江,39.0
20170124,4,PM10,牡丹江,51.0
20170124,4,PM10_24h,牡丹江,57.0
20170124,4,SO2,牡丹江,17.0
20170124,4,SO2_24h,牡丹江,23.0
20170124,4,NO2,牡丹江,19.0
20170124,4,NO2_24h,牡丹江,22.0
20170124,4,O3,牡丹江,45.0
20170124,4,O3_24h,牡丹江,70.0
20170124,4,O3_8h,牡丹江,46.0
20170124,4,O3_8h_24h,牡丹江,49.0
20170124,4,CO,牡丹江,0.54
20170124,4,CO_24h,牡丹江,0.6
20170124,5,AQI,牡丹江,54.0
20170124,5,PM2.5,牡丹江,38.0
20170124,5,PM2.5_24h,牡丹江,40.0
20170124,5,PM10,牡丹江,57.0
20170124,5,PM10_24h,牡丹江,57.0
20170124,5,SO2,牡丹江,19.0
20170124,5,SO2_24h,牡丹江,23.0
20170124,5,NO2,牡丹江,19.0
20170124,5,NO2_24h,牡丹江,22.0
20170124,5,O3,牡丹江,45.0
20170124,5,O3_24h,牡丹江,70.0
20170124,5,O3_8h,牡丹江,46.0
20170124,5,O3_8h_24h,牡丹江,50.0
20170124,5,CO,牡丹江,0.56
20170124,5,CO_24h,牡丹江,0.6
20170124,6,AQI,牡丹江,56.0
20170124,6,PM2.5,牡丹江,40.0
20170124,6,PM2.5_24h,牡丹江,40.0
20170124,6,PM10,牡丹江,57.0
20170124,6,PM10_24h,牡丹江,57.0
20170124,6,SO2,牡丹江,26.0
20170124,6,SO2_24h,牡丹江,23.0
20170124,6,NO2,牡丹江,21.0
20170124,6,NO2_24h,牡丹江,22.0
20170124,6,O3,牡丹江,41.0
20170124,6,O3_24h,牡丹江,70.0
20170124,6,O3_8h,牡丹江,45.0
20170124,6,O3_8h_24h,牡丹江,50.0
20170124,6,CO,牡丹江,0.62
20170124,6,CO_24h,牡丹江,0.6
20170124,7,AQI,牡丹江,61.0
20170124,7,PM2.5,牡丹江,44.0
20170124,7,PM2.5_24h,牡丹江,40.0
20170124,7,PM10,牡丹江,72.0
20170124,7,PM10_24h,牡丹江,57.0
20170124,7,SO2,牡丹江,31.0
20170124,7,SO2_24h,牡丹江,24.0
20170124,7,NO2,牡丹江,28.0
20170124,7,NO2_24h,牡丹江,23.0
20170124,7,O3,牡丹江,32.0
20170124,7,O3_24h,牡丹江,70.0
20170124,7,O3_8h,牡丹江,43.0
20170124,7,O3_8h_24h,牡丹江,50.0
20170124,7,CO,牡丹江,0.68
20170124,7,CO_24h,牡丹江,0.62
20170124,8,AQI,牡丹江,86.0
20170124,8,PM2.5,牡丹江,64.0
20170124,8,PM2.5_24h,牡丹江,40.0
20170124,8,PM10,牡丹江,90.0
20170124,8,PM10_24h,牡丹江,57.0
20170124,8,SO2,牡丹江,34.0
20170124,8,SO2_24h,牡丹江,24.0
20170124,8,NO2,牡丹江,35.0
20170124,8,NO2_24h,牡丹江,23.0
20170124,8,O3,牡丹江,27.0
20170124,8,O3_24h,牡丹江,70.0
20170124,8,O3_8h,牡丹江,41.0
20170124,8,O3_8h_24h,牡丹江,50.0
20170124,8,CO,牡丹江,0.92
20170124,8,CO_24h,牡丹江,0.62
20170124,9,AQI,牡丹江,91.0
20170124,9,PM2.5,牡丹江,68.0
20170124,9,PM2.5_24h,牡丹江,40.0
20170124,9,PM10,牡丹江,79.0
20170124,9,PM10_24h,牡丹江,57.0
20170124,9,SO2,牡丹江,45.0
20170124,9,SO2_24h,牡丹江,24.0
20170124,9,NO2,牡丹江,31.0
20170124,9,NO2_24h,牡丹江,23.0
20170124,9,O3,牡丹江,35.0
20170124,9,O3_24h,牡丹江,70.0
20170124,9,O3_8h,牡丹江,40.0
20170124,9,O3_8h_24h,牡丹江,50.0
20170124,9,CO,牡丹江,0.94
20170124,9,CO_24h,牡丹江,0.6
20170124,10,AQI,牡丹江,73.0
20170124,10,PM2.5,牡丹江,53.0
20170124,10,PM2.5_24h,牡丹江,41.0
20170124,10,PM10,牡丹江,70.0
20170124,10,PM10_24h,牡丹江,57.0
20170124,10,SO2,牡丹江,48.0
20170124,10,SO2_24h,牡丹江,25.0
20170124,10,NO2,牡丹江,26.0
20170124,10,NO2_24h,牡丹江,23.0
20170124,10,O3,牡丹江,47.0
20170124,10,O3_24h,牡丹江,70.0
20170124,10,O3_8h,牡丹江,40.0
20170124,10,O3_8h_24h,牡丹江,50.0
20170124,10,CO,牡丹江,0.78
20170124,10,CO_24h,牡丹江,0.6
20170124,11,AQI,牡丹江,70.0
20170124,11,PM2.5,牡丹江,51.0
20170124,11,PM2.5_24h,牡丹江,41.0
20170124,11,PM10,牡丹江,63.0
20170124,11,PM10_24h,牡丹江,58.0
20170124,11,SO2,牡丹江,39.0
20170124,11,SO2_24h,牡丹江,25.0
20170124,11,NO2,牡丹江,22.0
20170124,11,NO2_24h,牡丹江,23.0
20170124,11,O3,牡丹江,54.0
20170124,11,O3_24h,牡丹江,70.0
20170124,11,O3_8h,牡丹江,41.0
20170124,11,O3_8h_24h,牡丹江,50.0
20170124,11,CO,牡丹江,0.66
20170124,11,CO_24h,牡丹江,0.6
20170124,12,AQI,牡丹江,56.0
20170124,12,PM2.5,牡丹江,38.0
20170124,12,PM2.5_24h,牡丹江,42.0
20170124,12,PM10,牡丹江,61.0
20170124,12,PM10_24h,牡丹江,58.0
20170124,12,SO2,牡丹江,28.0
20170124,12,SO2_24h,牡丹江,25.0
20170124,12,NO2,牡丹江,20.0
20170124,12,NO2_24h,牡丹江,23.0
20170124,12,O3,牡丹江,64.0
20170124,12,O3_24h,牡丹江,70.0
20170124,12,O3_8h,牡丹江,43.0
20170124,12,O3_8h_24h,牡丹江,50.0
20170124,12,CO,牡丹江,0.6
20170124,12,CO_24h,牡丹江,0.6
20170124,13,AQI,牡丹江,52.0
20170124,13,PM2.5,牡丹江,34.0
20170124,13,PM2.5_24h,牡丹江,42.0
20170124,13,PM10,牡丹江,53.0
20170124,13,PM10_24h,牡丹江,58.0
20170124,13,SO2,牡丹江,19.0
20170124,13,SO2_24h,牡丹江,25.0
20170124,13,NO2,牡丹江,25.0
20170124,13,NO2_24h,牡丹江,24.0
20170124,13,O3,牡丹江,70.0
20170124,13,O3_24h,牡丹江,72.0
20170124,13,O3_8h,牡丹江,46.0
20170124,13,O3_8h_24h,牡丹江,50.0
20170124,13,CO,牡丹江,0.56
20170124,13,CO_24h,牡丹江,0.6
20170124,14,AQI,牡丹江,52.0
20170124,14,PM2.5,牡丹江,33.0
20170124,14,PM2.5_24h,牡丹江,43.0
20170124,14,PM10,牡丹江,53.0
20170124,14,PM10_24h,牡丹江,59.0
20170124,14,SO2,牡丹江,21.0
20170124,14,SO2_24h,牡丹江,25.0
20170124,14,NO2,牡丹江,18.0
20170124,14,NO2_24h,牡丹江,24.0
20170124,14,O3,牡丹江,72.0
20170124,14,O3_24h,牡丹江,73.0
20170124,14,O3_8h,牡丹江,50.0
20170124,14,O3_8h_24h,牡丹江,51.0
20170124,14,CO,牡丹江,0.5
20170124,14,CO_24h,牡丹江,0.62
20170124,15,AQI,牡丹江,52.0
20170124,15,PM2.5,牡丹江,34.0
20170124,15,PM2.5_24h,牡丹江,43.0
20170124,15,PM10,牡丹江,53.0
20170124,15,PM10_24h,牡丹江,60.0
20170124,15,SO2,牡丹江,25.0
20170124,15,SO2_24h,牡丹江,25.0
20170124,15,NO2,牡丹江,22.0
20170124,15,NO2_24h,牡丹江,24.0
20170124,15,O3,牡丹江,71.0
20170124,15,O3_24h,牡丹江,73.0
20170124,15,O3_8h,牡丹江,55.0
20170124,15,O3_8h_24h,牡丹江,55.0
20170124,15,CO,牡丹江,0.52
20170124,15,CO_24h,牡丹江,0.62
20170124,16,AQI,牡丹江,63.0
20170124,16,PM2.5,牡丹江,45.0
20170124,16,PM2.5_24h,牡丹江,45.0
20170124,16,PM10,牡丹江,53.0
20170124,16,PM10_24h,牡丹江,60.0
20170124,16,SO2,牡丹江,27.0
20170124,16,SO2_24h,牡丹江,25.0
20170124,16,NO2,牡丹江,31.0
20170124,16,NO2_24h,牡丹江,25.0
20170124,16,O3,牡丹江,63.0
20170124,16,O3_24h,牡丹江,73.0
20170124,16,O3_8h,牡丹江,59.0
20170124,16,O3_8h_24h,牡丹江,59.0
20170124,16,CO,牡丹江,0.58
20170124,16,CO_24h,牡丹江,0.62
20170124,17,AQI,牡丹江,64.0
20170124,17,PM2.5,牡丹江,46.0
20170124,17,PM2.5_24h,牡丹江,45.0
20170124,17,PM10,牡丹江,64.0
20170124,17,PM10_24h,牡丹江,60.0
20170124,17,SO2,牡丹江,25.0
20170124,17,SO2_24h,牡丹江,25.0
20170124,17,NO2,牡丹江,40.0
20170124,17,NO2_24h,牡丹江,24.0
20170124,17,O3,牡丹江,51.0
20170124,17,O3_24h,牡丹江,73.0
20170124,17,O3_8h,牡丹江,61.0
20170124,17,O3_8h_24h,牡丹江,61.0
20170124,17,CO,牡丹江,0.74
20170124,17,CO_24h,牡丹江,0.64
20170124,18,AQI,牡丹江,113.0
20170124,18,PM2.5,牡丹江,85.0
20170124,18,PM2.5_24h,牡丹江,47.0
20170124,18,PM10,牡丹江,113.0
20170124,18,PM10_24h,牡丹江,62.0
20170124,18,SO2,牡丹江,36.0
20170124,18,SO2_24h,牡丹江,25.0
20170124,18,NO2,牡丹江,56.0
20170124,18,NO2_24h,牡丹江,26.0
20170124,18,O3,牡丹江,38.0
20170124,18,O3_24h,牡丹江,73.0
20170124,18,O3_8h,牡丹江,60.0
20170124,18,O3_8h_24h,牡丹江,62.0
20170124,18,CO,牡丹江,1.06
20170124,18,CO_24h,牡丹江,0.66
20170124,19,AQI,牡丹江,141.0
20170124,19,PM2.5,牡丹江,108.0
20170124,19,PM2.5_24h,牡丹江,49.0
20170124,19,PM10,牡丹江,161.0
20170124,19,PM10_24h,牡丹江,66.0
20170124,19,SO2,牡丹江,40.0
20170124,19,SO2_24h,牡丹江,26.0
20170124,19,NO2,牡丹江,64.0
20170124,19,NO2_24h,牡丹江,27.0
20170124,19,O3,牡丹江,28.0
20170124,19,O3_24h,牡丹江,73.0
20170124,19,O3_8h,牡丹江,57.0
20170124,19,O3_8h_24h,牡丹江,62.0
20170124,19,CO,牡丹江,1.54
20170124,19,CO_24h,牡丹江,0.7
20170124,20,AQI,牡丹江,171.0
20170124,20,PM2.5,牡丹江,130.0
20170124,20,PM2.5_24h,牡丹江,53.0
20170124,20,PM10,牡丹江,192.0
20170124,20,PM10_24h,牡丹江,71.0
20170124,20,SO2,牡丹江,34.0
20170124,20,SO2_24h,牡丹江,27.0
20170124,20,NO2,牡丹江,66.0
20170124,20,NO2_24h,牡丹江,29.0
20170124,20,O3,牡丹江,27.0
20170124,20,O3_24h,牡丹江,73.0
20170124,20,O3_8h,牡丹江,53.0
20170124,20,O3_8h_24h,牡丹江,62.0
20170124,20,CO,牡丹江,1.94
20170124,20,CO_24h,牡丹江,0.74
20170124,21,AQI,牡丹江,174.0
20170124,21,PM2.5,牡丹江,132.0
20170124,21,PM2.5_24h,牡丹江,56.0
20170124,21,PM10,牡丹江,181.0
20170124,21,PM10_24h,牡丹江,76.0
20170124,21,SO2,牡丹江,35.0
20170124,21,SO2_24h,牡丹江,27.0
20170124,21,NO2,牡丹江,61.0
20170124,21,NO2_24h,牡丹江,30.0
20170124,21,O3,牡丹江,27.0
20170124,21,O3_24h,牡丹江,73.0
20170124,21,O3_8h,牡丹江,47.0
20170124,21,O3_8h_24h,牡丹江,62.0
20170124,21,CO,牡丹江,1.94
20170124,21,CO_24h,牡丹江,0.82
20170124,22,AQI,牡丹江,120.0
20170124,22,PM2.5,牡丹江,91.0
20170124,22,PM2.5_24h,牡丹江,58.0
20170124,22,PM10,牡丹江,136.0
20170124,22,PM10_24h,牡丹江,80.0
20170124,22,SO2,牡丹江,31.0
20170124,22,SO2_24h,牡丹江,28.0
20170124,22,NO2,牡丹江,48.0
20170124,22,NO2_24h,牡丹江,32.0
20170124,22,O3,牡丹江,31.0
20170124,22,O3_24h,牡丹江,72.0
20170124,22,O3_8h,牡丹江,42.0
20170124,22,O3_8h_24h,牡丹江,62.0
20170124,22,CO,牡丹江,1.5
20170124,22,CO_24h,牡丹江,0.84
20170124,23,AQI,牡丹江,99.0
20170124,23,PM2.5,牡丹江,74.0
20170124,23,PM2.5_24h,牡丹江,60.0
20170124,23,PM10,牡丹江,95.0
20170124,23,PM10_24h,牡丹江,81.0
20170124,23,SO2,牡丹江,29.0
20170124,23,SO2_24h,牡丹江,28.0
20170124,23,NO2,牡丹江,42.0
20170124,23,NO2_24h,牡丹江,33.0
20170124,23,O3,牡丹江,36.0
20170124,23,O3_24h,牡丹江,72.0
20170124,23,O3_8h,牡丹江,38.0
20170124,23,O3_8h_24h,牡丹江,62.0
20170124,23,CO,牡丹江,1.28
20170124,23,CO_24h,牡丹江,0.88
20170124,0,AQI,大庆,75.0
20170124,0,PM2.5,大庆,55.0
20170124,0,PM2.5_24h,大庆,30.0
20170124,0,PM10,大庆,67.0
20170124,0,PM10_24h,大庆,41.0
20170124,0,SO2,大庆,14.0
20170124,0,SO2_24h,大庆,16.0
20170124,0,NO2,大庆,51.0
20170124,0,NO2_24h,大庆,35.0
20170124,0,O3,大庆,33.0
20170124,0,O3_24h,大庆,65.0
20170124,0,O3_8h,大庆,32.0
20170124,0,O3_8h_24h,大庆,55.0
20170124,0,CO,大庆,1.02
20170124,0,CO_24h,大庆,0.78
20170124,1,AQI,大庆,66.0
20170124,1,PM2.5,大庆,48.0
20170124,1,PM2.5_24h,大庆,31.0
20170124,1,PM10,大庆,63.0
20170124,1,PM10_24h,大庆,42.0
20170124,1,SO2,大庆,16.0
20170124,1,SO2_24h,大庆,16.0
20170124,1,NO2,大庆,47.0
20170124,1,NO2_24h,大庆,36.0
20170124,1,O3,大庆,35.0
20170124,1,O3_24h,大庆,65.0
20170124,1,O3_8h,大庆,35.0
20170124,1,O3_8h_24h,大庆,35.0
20170124,1,CO,大庆,0.94
20170124,1,CO_24h,大庆,0.8
20170124,2,AQI,大庆,60.0
20170124,2,PM2.5,大庆,43.0
20170124,2,PM2.5_24h,大庆,31.0
20170124,2,PM10,大庆,61.0
20170124,2,PM10_24h,大庆,43.0
20170124,2,SO2,大庆,14.0
20170124,2,SO2_24h,大庆,16.0
20170124,2,NO2,大庆,45.0
20170124,2,NO2_24h,大庆,36.0
20170124,2,O3,大庆,32.0
20170124,2,O3_24h,大庆,65.0
20170124,2,O3_8h,大庆,34.0
20170124,2,O3_8h_24h,大庆,35.0
20170124,2,CO,大庆,1.0
20170124,2,CO_24h,大庆,0.8
20170124,3,AQI,大庆,63.0
20170124,3,PM2.5,大庆,45.0
20170124,3,PM2.5_24h,大庆,31.0
20170124,3,PM10,大庆,56.0
20170124,3,PM10_24h,大庆,43.0
20170124,3,SO2,大庆,16.0
20170124,3,SO2_24h,大庆,16.0
20170124,3,NO2,大庆,41.0
20170124,3,NO2_24h,大庆,37.0
20170124,3,O3,大庆,35.0
20170124,3,O3_24h,大庆,65.0
20170124,3,O3_8h,大庆,34.0
20170124,3,O3_8h_24h,大庆,36.0
20170124,3,CO,大庆,1.02
20170124,3,CO_24h,大庆,0.8
20170124,4,AQI,大庆,64.0
20170124,4,PM2.5,大庆,46.0
20170124,4,PM2.5_24h,大庆,32.0
20170124,4,PM10,大庆,55.0
20170124,4,PM10_24h,大庆,44.0
20170124,4,SO2,大庆,19.0
20170124,4,SO2_24h,大庆,16.0
20170124,4,NO2,大庆,35.0
20170124,4,NO2_24h,大庆,37.0
20170124,4,O3,大庆,39.0
20170124,4,O3_24h,大庆,65.0
20170124,4,O3_8h,大庆,35.0
20170124,4,O3_8h_24h,大庆,38.0
20170124,4,CO,大庆,0.98
20170124,4,CO_24h,大庆,0.82
20170124,5,AQI,大庆,61.0
20170124,5,PM2.5,大庆,44.0
20170124,5,PM2.5_24h,大庆,32.0
20170124,5,PM10,大庆,57.0
20170124,5,PM10_24h,大庆,44.0
20170124,5,SO2,大庆,19.0
20170124,5,SO2_24h,大庆,16.0
20170124,5,NO2,大庆,35.0
20170124,5,NO2_24h,大庆,38.0
20170124,5,O3,大庆,42.0
20170124,5,O3_24h,大庆,65.0
20170124,5,O3_8h,大庆,37.0
20170124,5,O3_8h_24h,大庆,39.0
20170124,5,CO,大庆,0.94
20170124,5,CO_24h,大庆,0.82
20170124,6,AQI,大庆,64.0
20170124,6,PM2.5,大庆,46.0
20170124,6,PM2.5_24h,大庆,33.0
20170124,6,PM10,大庆,57.0
20170124,6,PM10_24h,大庆,45.0
20170124,6,SO2,大庆,20.0
20170124,6,SO2_24h,大庆,16.0
20170124,6,NO2,大庆,36.0
20170124,6,NO2_24h,大庆,38.0
20170124,6,O3,大庆,41.0
20170124,6,O3_24h,大庆,65.0
20170124,6,O3_8h,大庆,37.0
20170124,6,O3_8h_24h,大庆,39.0
20170124,6,CO,大庆,0.94
20170124,6,CO_24h,大庆,0.82
20170124,7,AQI,大庆,61.0
20170124,7,PM2.5,大庆,44.0
20170124,7,PM2.5_24h,大庆,33.0
20170124,7,PM10,大庆,54.0
20170124,7,PM10_24h,大庆,46.0
20170124,7,SO2,大庆,18.0
20170124,7,SO2_24h,大庆,16.0
20170124,7,NO2,大庆,48.0
20170124,7,NO2_24h,大庆,39.0
20170124,7,O3,大庆,28.0
20170124,7,O3_24h,大庆,65.0
20170124,7,O3_8h,大庆,36.0
20170124,7,O3_8h_24h,大庆,39.0
20170124,7,CO,大庆,1.14
20170124,7,CO_24h,大庆,0.84
20170124,8,AQI,大庆,80.0
20170124,8,PM2.5,大庆,59.0
20170124,8,PM2.5_24h,大庆,35.0
20170124,8,PM10,大庆,64.0
20170124,8,PM10_24h,大庆,47.0
20170124,8,SO2,大庆,19.0
20170124,8,SO2_24h,大庆,16.0
20170124,8,NO2,大庆,61.0
20170124,8,NO2_24h,大庆,40.0
20170124,8,O3,大庆,18.0
20170124,8,O3_24h,大庆,65.0
20170124,8,O3_8h,大庆,33.0
20170124,8,O3_8h_24h,大庆,39.0
20170124,8,CO,大庆,1.42
20170124,8,CO_24h,大庆,0.88
20170124,9,AQI,大庆,96.0
20170124,9,PM2.5,大庆,72.0
20170124,9,PM2.5_24h,大庆,36.0
20170124,9,PM10,大庆,88.0
20170124,9,PM10_24h,大庆,49.0
20170124,9,SO2,大庆,22.0
20170124,9,SO2_24h,大庆,16.0
20170124,9,NO2,大庆,56.0
20170124,9,NO2_24h,大庆,41.0
20170124,9,O3,大庆,21.0
20170124,9,O3_24h,大庆,65.0
20170124,9,O3_8h,大庆,32.0
20170124,9,O3_8h_24h,大庆,39.0
20170124,9,CO,大庆,1.74
20170124,9,CO_24h,大庆,0.9
20170124,10,AQI,大庆,103.0
20170124,10,PM2.5,大庆,77.0
20170124,10,PM2.5_24h,大庆,38.0
20170124,10,PM10,大庆,107.0
20170124,10,PM10_24h,大庆,52.0
20170124,10,SO2,大庆,25.0
20170124,10,SO2_24h,大庆,16.0
20170124,10,NO2,大庆,54.0
20170124,10,NO2_24h,大庆,42.0
20170124,10,O3,大庆,29.0
20170124,10,O3_24h,大庆,65.0
20170124,10,O3_8h,大庆,31.0
20170124,10,O3_8h_24h,大庆,39.0
20170124,10,CO,大庆,1.8
20170124,10,CO_24h,大庆,0.98
20170124,11,AQI,大庆,124.0
20170124,11,PM2.5,大庆,94.0
20170124,11,PM2.5_24h,大庆,42.0
20170124,11,PM10,大庆,123.0
20170124,11,PM10_24h,大庆,56.0
20170124,11,SO2,大庆,29.0
20170124,11,SO2_24h,大庆,17.0
20170124,11,NO2,大庆,54.0
20170124,11,NO2_24h,大庆,43.0
20170124,11,O3,大庆,35.0
20170124,11,O3_24h,大庆,65.0
20170124,11,O3_8h,大庆,32.0
20170124,11,O3_8h_24h,大庆,39.0
20170124,11,CO,大庆,1.7
20170124,11,CO_24h,大庆,1.02
20170124,12,AQI,大庆,123.0
20170124,12,PM2.5,大庆,93.0
20170124,12,PM2.5_24h,大庆,44.0
20170124,12,PM10,大庆,120.0
20170124,12,PM10_24h,大庆,59.0
20170124,12,SO2,大庆,24.0
20170124,12,SO2_24h,大庆,18.0
20170124,12,NO2,大庆,51.0
20170124,12,NO2_24h,大庆,44.0
20170124,12,O3,大庆,39.0
20170124,12,O3_24h,大庆,65.0
20170124,12,O3_8h,大庆,31.0
20170124,12,O3_8h_24h,大庆,39.0
20170124,12,CO,大庆,1.52
20170124,12,CO_24h,大庆,1.04
20170124,13,AQI,大庆,104.0
20170124,13,PM2.5,大庆,78.0
20170124,13,PM2.5_24h,大庆,47.0
20170124,13,PM10,大庆,100.0
20170124,13,PM10_24h,大庆,63.0
20170124,13,SO2,大庆,24.0
20170124,13,SO2_24h,大庆,18.0
20170124,13,NO2,大庆,41.0
20170124,13,NO2_24h,大庆,45.0
20170124,13,O3,大庆,43.0
20170124,13,O3_24h,大庆,62.0
20170124,13,O3_8h,大庆,32.0
20170124,13,O3_8h_24h,大庆,39.0
20170124,13,CO,大庆,1.28
20170124,13,CO_24h,大庆,1.04
20170124,14,AQI,大庆,85.0
20170124,14,PM2.5,大庆,63.0
20170124,14,PM2.5_24h,大庆,49.0
20170124,14,PM10,大庆,69.0
20170124,14,PM10_24h,大庆,64.0
20170124,14,SO2,大庆,17.0
20170124,14,SO2_24h,大庆,18.0
20170124,14,NO2,大庆,34.0
20170124,14,NO2_24h,大庆,46.0
20170124,14,O3,大庆,49.0
20170124,14,O3_24h,大庆,61.0
20170124,14,O3_8h,大庆,33.0
20170124,14,O3_8h_24h,大庆,39.0
20170124,14,CO,大庆,1.04
20170124,14,CO_24h,大庆,1.1
20170124,15,AQI,大庆,63.0
20170124,15,PM2.5,大庆,45.0
20170124,15,PM2.5_24h,大庆,50.0
20170124,15,PM10,大庆,52.0
20170124,15,PM10_24h,大庆,65.0
20170124,15,SO2,大庆,13.0
20170124,15,SO2_24h,大庆,18.0
20170124,15,NO2,大庆,28.0
20170124,15,NO2_24h,大庆,46.0
20170124,15,O3,大庆,51.0
20170124,15,O3_24h,大庆,59.0
20170124,15,O3_8h,大庆,35.0
20170124,15,O3_8h_24h,大庆,40.0
20170124,15,CO,大庆,0.94
20170124,15,CO_24h,大庆,1.1
20170124,16,AQI,大庆,54.0
20170124,16,PM2.5,大庆,38.0
20170124,16,PM2.5_24h,大庆,51.0
20170124,16,PM10,大庆,49.0
20170124,16,PM10_24h,大庆,66.0
20170124,16,SO2,大庆,17.0
20170124,16,SO2_24h,大庆,18.0
20170124,16,NO2,大庆,34.0
20170124,16,NO2_24h,大庆,46.0
20170124,16,O3,大庆,49.0
20170124,16,O3_24h,大庆,55.0
20170124,16,O3_8h,大庆,40.0
20170124,16,O3_8h_24h,大庆,42.0
20170124,16,CO,大庆,1.1
20170124,16,CO_24h,大庆,1.14
20170124,17,AQI,大庆,49.0
20170124,17,PM2.5,大庆,30.0
20170124,17,PM2.5_24h,大庆,51.0
20170124,17,PM10,大庆,49.0
20170124,17,PM10_24h,大庆,66.0
20170124,17,SO2,大庆,20.0
20170124,17,SO2_24h,大庆,18.0
20170124,17,NO2,大庆,46.0
20170124,17,NO2_24h,大庆,47.0
20170124,17,O3,大庆,43.0
20170124,17,O3_24h,大庆,54.0
20170124,17,O3_8h,大庆,42.0
20170124,17,O3_8h_24h,大庆,44.0
20170124,17,CO,大庆,0.96
20170124,17,CO_24h,大庆,1.14
20170124,18,AQI,大庆,55.0
20170124,18,PM2.5,大庆,39.0
20170124,18,PM2.5_24h,大庆,52.0
20170124,18,PM10,大庆,56.0
20170124,18,PM10_24h,大庆,67.0
20170124,18,SO2,大庆,19.0
20170124,18,SO2_24h,大庆,19.0
20170124,18,NO2,大庆,50.0
20170124,18,NO2_24h,大庆,47.0
20170124,18,O3,大庆,37.0
20170124,18,O3_24h,大庆,53.0
20170124,18,O3_8h,大庆,43.0
20170124,18,O3_8h_24h,大庆,46.0
20170124,18,CO,大庆,1.06
20170124,18,CO_24h,大庆,1.14
20170124,19,AQI,大庆,60.0
20170124,19,PM2.5,大庆,43.0
20170124,19,PM2.5_24h,大庆,53.0
20170124,19,PM10,大庆,59.0
20170124,19,PM10_24h,大庆,68.0
20170124,19,SO2,大庆,21.0
20170124,19,SO2_24h,大庆,19.0
20170124,19,NO2,大庆,54.0
20170124,19,NO2_24h,大庆,48.0
20170124,19,O3,大庆,34.0
20170124,19,O3_24h,大庆,53.0
20170124,19,O3_8h,大庆,43.0
20170124,19,O3_8h_24h,大庆,46.0
20170124,19,CO,大庆,1.14
20170124,19,CO_24h,大庆,1.2
20170124,20,AQI,大庆,61.0
20170124,20,PM2.5,大庆,44.0
20170124,20,PM2.5_24h,大庆,53.0
20170124,20,PM10,大庆,71.0
20170124,20,PM10_24h,大庆,70.0
20170124,20,SO2,大庆,21.0
20170124,20,SO2_24h,大庆,19.0
20170124,20,NO2,大庆,51.0
20170124,20,NO2_24h,大庆,48.0
20170124,20,O3,大庆,33.0
20170124,20,O3_24h,大庆,53.0
20170124,20,O3_8h,大庆,42.0
20170124,20,O3_8h_24h,大庆,46.0
20170124,20,CO,大庆,1.14
20170124,20,CO_24h,大庆,1.2
20170124,21,AQI,大庆,73.0
20170124,21,PM2.5,大庆,53.0
20170124,21,PM2.5_24h,大庆,54.0
20170124,21,PM10,大庆,72.0
20170124,21,PM10_24h,大庆,71.0
20170124,21,SO2,大庆,20.0
20170124,21,SO2_24h,大庆,19.0
20170124,21,NO2,大庆,50.0
20170124,21,NO2_24h,大庆,47.0
20170124,21,O3,大庆,31.0
20170124,21,O3_24h,大庆,53.0
20170124,21,O3_8h,大庆,41.0
20170124,21,O3_8h_24h,大庆,46.0
20170124,21,CO,大庆,1.18
20170124,21,CO_24h,大庆,1.2
20170124,22,AQI,大庆,73.0
20170124,22,PM2.5,大庆,53.0
20170124,22,PM2.5_24h,大庆,55.0
20170124,22,PM10,大庆,73.0
20170124,22,PM10_24h,大庆,71.0
20170124,22,SO2,大庆,20.0
20170124,22,SO2_24h,大庆,19.0
20170124,22,NO2,大庆,47.0
20170124,22,NO2_24h,大庆,47.0
20170124,22,O3,大庆,30.0
20170124,22,O3_24h,大庆,53.0
20170124,22,O3_8h,大庆,39.0
20170124,22,O3_8h_24h,大庆,46.0
20170124,22,CO,大庆,1.18
20170124,22,CO_24h,大庆,1.2
20170124,23,AQI,大庆,73.0
20170124,23,PM2.5,大庆,53.0
20170124,23,PM2.5_24h,大庆,54.0
20170124,23,PM10,大庆,79.0
20170124,23,PM10_24h,大庆,71.0
20170124,23,SO2,大庆,20.0
20170124,23,SO2_24h,大庆,19.0
20170124,23,NO2,大庆,44.0
20170124,23,NO2_24h,大庆,46.0
20170124,23,O3,大庆,33.0
20170124,23,O3_24h,大庆,53.0
20170124,23,O3_8h,大庆,36.0
20170124,23,O3_8h_24h,大庆,46.0
20170124,23,CO,大庆,1.18
20170124,23,CO_24h,大庆,1.2
20170124,0,AQI,芜湖,51.0
20170124,0,PM2.5,芜湖,26.0
20170124,0,PM2.5_24h,芜湖,36.0
20170124,0,PM10,芜湖,51.0
20170124,0,PM10_24h,芜湖,75.0
20170124,0,SO2,芜湖,12.0
20170124,0,SO2_24h,芜湖,15.0
20170124,0,NO2,芜湖,45.0
20170124,0,NO2_24h,芜湖,56.0
20170124,0,O3,芜湖,56.0
20170124,0,O3_24h,芜湖,80.0
20170124,0,O3_8h,芜湖,63.0
20170124,0,O3_8h_24h,芜湖,71.0
20170124,0,CO,芜湖,1.0
20170124,0,CO_24h,芜湖,1.3
20170124,1,AQI,芜湖,50.0
20170124,1,PM2.5,芜湖,27.0
20170124,1,PM2.5_24h,芜湖,35.0
20170124,1,PM10,芜湖,50.0
20170124,1,PM10_24h,芜湖,73.0
20170124,1,SO2,芜湖,13.0
20170124,1,SO2_24h,芜湖,15.0
20170124,1,NO2,芜湖,50.0
20170124,1,NO2_24h,芜湖,56.0
20170124,1,O3,芜湖,55.0
20170124,1,O3_24h,芜湖,80.0
20170124,1,O3_8h,芜湖,55.0
20170124,1,O3_8h_24h,芜湖,55.0
20170124,1,CO,芜湖,1.0
20170124,1,CO_24h,芜湖,1.3
20170124,2,AQI,芜湖,54.0
20170124,2,PM2.5,芜湖,29.0
20170124,2,PM2.5_24h,芜湖,34.0
20170124,2,PM10,芜湖,57.0
20170124,2,PM10_24h,芜湖,71.0
20170124,2,SO2,芜湖,17.0
20170124,2,SO2_24h,芜湖,15.0
20170124,2,NO2,芜湖,47.0
20170124,2,NO2_24h,芜湖,55.0
20170124,2,O3,芜湖,53.0
20170124,2,O3_24h,芜湖,80.0
20170124,2,O3_8h,芜湖,54.0
20170124,2,O3_8h_24h,芜湖,56.0
20170124,2,CO,芜湖,1.03
20170124,2,CO_24h,芜湖,1.3
20170124,3,AQI,芜湖,55.0
20170124,3,PM2.5,芜湖,31.0
20170124,3,PM2.5_24h,芜湖,33.0
20170124,3,PM10,芜湖,60.0
20170124,3,PM10_24h,芜湖,70.0
20170124,3,SO2,芜湖,13.0
20170124,3,SO2_24h,芜湖,15.0
20170124,3,NO2,芜湖,48.0
20170124,3,NO2_24h,芜湖,54.0
20170124,3,O3,芜湖,51.0
20170124,3,O3_24h,芜湖,80.0
20170124,3,O3_8h,芜湖,53.0
20170124,3,O3_8h_24h,芜湖,56.0
20170124,3,CO,芜湖,1.07
20170124,3,CO_24h,芜湖,1.23
20170124,4,AQI,芜湖,55.0
20170124,4,PM2.5,芜湖,31.0
20170124,4,PM2.5_24h,芜湖,33.0
20170124,4,PM10,芜湖,59.0
20170124,4,PM10_24h,芜湖,68.0
20170124,4,SO2,芜湖,14.0
20170124,4,SO2_24h,芜湖,15.0
20170124,4,NO2,芜湖,50.0
20170124,4,NO2_24h,芜湖,54.0
20170124,4,O3,芜湖,48.0
20170124,4,O3_24h,芜湖,80.0
20170124,4,O3_8h,芜湖,52.0
20170124,4,O3_8h_24h,芜湖,56.0
20170124,4,CO,芜湖,1.03
20170124,4,CO_24h,芜湖,1.2
20170124,5,AQI,芜湖,55.0
20170124,5,PM2.5,芜湖,30.0
20170124,5,PM2.5_24h,芜湖,33.0
20170124,5,PM10,芜湖,59.0
20170124,5,PM10_24h,芜湖,67.0
20170124,5,SO2,芜湖,13.0
20170124,5,SO2_24h,芜湖,15.0
20170124,5,NO2,芜湖,47.0
20170124,5,NO2_24h,芜湖,53.0
20170124,5,O3,芜湖,46.0
20170124,5,O3_24h,芜湖,80.0
20170124,5,O3_8h,芜湖,50.0
20170124,5,O3_8h_24h,芜湖,56.0
20170124,5,CO,芜湖,1.1
20170124,5,CO_24h,芜湖,1.2
20170124,6,AQI,芜湖,56.0
20170124,6,PM2.5,芜湖,30.0
20170124,6,PM2.5_24h,芜湖,32.0
20170124,6,PM10,芜湖,61.0
20170124,6,PM10_24h,芜湖,67.0
20170124,6,SO2,芜湖,13.0
20170124,6,SO2_24h,芜湖,14.0
20170124,6,NO2,芜湖,47.0
20170124,6,NO2_24h,芜湖,51.0
20170124,6,O3,芜湖,43.0
20170124,6,O3_24h,芜湖,80.0
20170124,6,O3_8h,芜湖,49.0
20170124,6,O3_8h_24h,芜湖,56.0
20170124,6,CO,芜湖,1.1
20170124,6,CO_24h,芜湖,1.2
20170124,7,AQI,芜湖,55.0
20170124,7,PM2.5,芜湖,29.0
20170124,7,PM2.5_24h,芜湖,32.0
20170124,7,PM10,芜湖,59.0
20170124,7,PM10_24h,芜湖,66.0
20170124,7,SO2,芜湖,12.0
20170124,7,SO2_24h,芜湖,14.0
20170124,7,NO2,芜湖,52.0
20170124,7,NO2_24h,芜湖,51.0
20170124,7,O3,芜湖,34.0
20170124,7,O3_24h,芜湖,80.0
20170124,7,O3_8h,芜湖,47.0
20170124,7,O3_8h_24h,芜湖,56.0
20170124,7,CO,芜湖,1.17
20170124,7,CO_24h,芜湖,1.2
20170124,8,AQI,芜湖,54.0
20170124,8,PM2.5,芜湖,28.0
20170124,8,PM2.5_24h,芜湖,31.0
20170124,8,PM10,芜湖,57.0
20170124,8,PM10_24h,芜湖,64.0
20170124,8,SO2,芜湖,15.0
20170124,8,SO2_24h,芜湖,14.0
20170124,8,NO2,芜湖,54.0
20170124,8,NO2_24h,芜湖,50.0
20170124,8,O3,芜湖,31.0
20170124,8,O3_24h,芜湖,80.0
20170124,8,O3_8h,芜湖,45.0
20170124,8,O3_8h_24h,芜湖,56.0
20170124,8,CO,芜湖,1.2
20170124,8,CO_24h,芜湖,1.2
20170124,9,AQI,芜湖,52.0
20170124,9,PM2.5,芜湖,26.0
20170124,9,PM2.5_24h,芜湖,30.0
20170124,9,PM10,芜湖,53.0
20170124,9,PM10_24h,芜湖,63.0
20170124,9,SO2,芜湖,11.0
20170124,9,SO2_24h,芜湖,14.0
20170124,9,NO2,芜湖,50.0
20170124,9,NO2_24h,芜湖,49.0
20170124,9,O3,芜湖,37.0
20170124,9,O3_24h,芜湖,80.0
20170124,9,O3_8h,芜湖,43.0
20170124,9,O3_8h_24h,芜湖,56.0
20170124,9,CO,芜湖,1.2
20170124,9,CO_24h,芜湖,1.2
20170124,10,AQI,芜湖,47.0
20170124,10,PM2.5,芜湖,20.0
20170124,10,PM2.5_24h,芜湖,30.0
20170124,10,PM10,芜湖,47.0
20170124,10,PM10_24h,芜湖,62.0
20170124,10,SO2,芜湖,13.0
20170124,10,SO2_24h,芜湖,14.0
20170124,10,NO2,芜湖,40.0
20170124,10,NO2_24h,芜湖,48.0
20170124,10,O3,芜湖,52.0
20170124,10,O3_24h,芜湖,80.0
20170124,10,O3_8h,芜湖,43.0
20170124,10,O3_8h_24h,芜湖,56.0
20170124,10,CO,芜湖,1.0
20170124,10,CO_24h,芜湖,1.17
20170124,11,AQI,芜湖,42.0
20170124,11,PM2.5,芜湖,18.0
20170124,11,PM2.5_24h,芜湖,29.0
20170124,11,PM10,芜湖,42.0
20170124,11,PM10_24h,芜湖,60.0
20170124,11,SO2,芜湖,13.0
20170124,11,SO2_24h,芜湖,14.0
20170124,11,NO2,芜湖,41.0
20170124,11,NO2_24h,芜湖,48.0
20170124,11,O3,芜湖,62.0
20170124,11,O3_24h,芜湖,80.0
20170124,11,O3_8h,芜湖,44.0
20170124,11,O3_8h_24h,芜湖,56.0
20170124,11,CO,芜湖,0.93
20170124,11,CO_24h,芜湖,1.1
20170124,12,AQI,芜湖,34.0
20170124,12,PM2.5,芜湖,15.0
20170124,12,PM2.5_24h,芜湖,28.0
20170124,12,PM10,芜湖,34.0
20170124,12,PM10_24h,芜湖,59.0
20170124,12,SO2,芜湖,11.0
20170124,12,SO2_24h,芜湖,14.0
20170124,12,NO2,芜湖,35.0
20170124,12,NO2_24h,芜湖,47.0
20170124,12,O3,芜湖,64.0
20170124,12,O3_24h,芜湖,80.0
20170124,12,O3_8h,芜湖,46.0
20170124,12,O3_8h_24h,芜湖,56.0
20170124,12,CO,芜湖,0.9
20170124,12,CO_24h,芜湖,1.1
20170124,13,AQI,芜湖,37.0
20170124,13,PM2.5,芜湖,15.0
20170124,13,PM2.5_24h,芜湖,27.0
20170124,13,PM10,芜湖,37.0
20170124,13,PM10_24h,芜湖,58.0
20170124,13,SO2,芜湖,14.0
20170124,13,SO2_24h,芜湖,14.0
20170124,13,NO2,芜湖,34.0
20170124,13,NO2_24h,芜湖,46.0
20170124,13,O3,芜湖,65.0
20170124,13,O3_24h,芜湖,80.0
20170124,13,O3_8h,芜湖,48.0
20170124,13,O3_8h_24h,芜湖,57.0
20170124,13,CO,芜湖,0.9
20170124,13,CO_24h,芜湖,1.1
20170124,14,AQI,芜湖,35.0
20170124,14,PM2.5,芜湖,16.0
20170124,14,PM2.5_24h,芜湖,26.0
20170124,14,PM10,芜湖,35.0
20170124,14,PM10_24h,芜湖,56.0
20170124,14,SO2,芜湖,15.0
20170124,14,SO2_24h,芜湖,14.0
20170124,14,NO2,芜湖,35.0
20170124,14,NO2_24h,芜湖,46.0
20170124,14,O3,芜湖,74.0
20170124,14,O3_24h,芜湖,80.0
20170124,14,O3_8h,芜湖,52.0
20170124,14,O3_8h_24h,芜湖,60.0
20170124,14,CO,芜湖,0.9
20170124,14,CO_24h,芜湖,1.1
20170124,15,AQI,芜湖,39.0
20170124,15,PM2.5,芜湖,16.0
20170124,15,PM2.5_24h,芜湖,26.0
20170124,15,PM10,芜湖,39.0
20170124,15,PM10_24h,芜湖,54.0
20170124,15,SO2,芜湖,16.0
20170124,15,SO2_24h,芜湖,13.0
20170124,15,NO2,芜湖,39.0
20170124,15,NO2_24h,芜湖,46.0
20170124,15,O3,芜湖,69.0
20170124,15,O3_24h,芜湖,80.0
20170124,15,O3_8h,芜湖,57.0
20170124,15,O3_8h_24h,芜湖,62.0
20170124,15,CO,芜湖,0.9
20170124,15,CO_24h,芜湖,1.1
20170124,16,AQI,芜湖,43.0
20170124,16,PM2.5,芜湖,18.0
20170124,16,PM2.5_24h,芜湖,25.0
20170124,16,PM10,芜湖,43.0
20170124,16,PM10_24h,芜湖,53.0
20170124,16,SO2,芜湖,14.0
20170124,16,SO2_24h,芜湖,13.0
20170124,16,NO2,芜湖,41.0
20170124,16,NO2_24h,芜湖,46.0
20170124,16,O3,芜湖,78.0
20170124,16,O3_24h,芜湖,83.0
20170124,16,O3_8h,芜湖,62.0
20170124,16,O3_8h_24h,芜湖,65.0
20170124,16,CO,芜湖,0.9
20170124,16,CO_24h,芜湖,1.1
20170124,17,AQI,芜湖,47.0
20170124,17,PM2.5,芜湖,20.0
20170124,17,PM2.5_24h,芜湖,25.0
20170124,17,PM10,芜湖,47.0
20170124,17,PM10_24h,芜湖,52.0
20170124,17,SO2,芜湖,16.0
20170124,17,SO2_24h,芜湖,14.0
20170124,17,NO2,芜湖,45.0
20170124,17,NO2_24h,芜湖,47.0
20170124,17,O3,芜湖,80.0
20170124,17,O3_24h,芜湖,83.0
20170124,17,O3_8h,芜湖,68.0
20170124,17,O3_8h_24h,芜湖,69.0
20170124,17,CO,芜湖,0.97
20170124,17,CO_24h,芜湖,1.1
20170124,18,AQI,芜湖,53.0
20170124,18,PM2.5,芜湖,21.0
20170124,18,PM2.5_24h,芜湖,24.0
20170124,18,PM10,芜湖,55.0
20170124,18,PM10_24h,芜湖,52.0
20170124,18,SO2,芜湖,16.0
20170124,18,SO2_24h,芜湖,14.0
20170124,18,NO2,芜湖,50.0
20170124,18,NO2_24h,芜湖,46.0
20170124,18,O3,芜湖,83.0
20170124,18,O3_24h,芜湖,87.0
20170124,18,O3_8h,芜湖,72.0
20170124,18,O3_8h_24h,芜湖,72.0
20170124,18,CO,芜湖,1.17
20170124,18,CO_24h,芜湖,1.03
20170124,19,AQI,芜湖,61.0
20170124,19,PM2.5,芜湖,23.0
20170124,19,PM2.5_24h,芜湖,24.0
20170124,19,PM10,芜湖,71.0
20170124,19,PM10_24h,芜湖,52.0
20170124,19,SO2,芜湖,16.0
20170124,19,SO2_24h,芜湖,14.0
20170124,19,NO2,芜湖,53.0
20170124,19,NO2_24h,芜湖,46.0
20170124,19,O3,芜湖,82.0
20170124,19,O3_24h,芜湖,87.0
20170124,19,O3_8h,芜湖,74.0
20170124,19,O3_8h_24h,芜湖,74.0
20170124,19,CO,芜湖,1.2
20170124,19,CO_24h,芜湖,1.03
20170124,20,AQI,芜湖,51.0
20170124,20,PM2.5,芜湖,25.0
20170124,20,PM2.5_24h,芜湖,24.0
20170124,20,PM10,芜湖,52.0
20170124,20,PM10_24h,芜湖,52.0
20170124,20,SO2,芜湖,17.0
20170124,20,SO2_24h,芜湖,14.0
20170124,20,NO2,芜湖,52.0
20170124,20,NO2_24h,芜湖,46.0
20170124,20,O3,芜湖,75.0
20170124,20,O3_24h,芜湖,87.0
20170124,20,O3_8h,芜湖,75.0
20170124,20,O3_8h_24h,芜湖,76.0
20170124,20,CO,芜湖,1.1
20170124,20,CO_24h,芜湖,1.03
20170124,21,AQI,芜湖,50.0
20170124,21,PM2.5,芜湖,25.0
20170124,21,PM2.5_24h,芜湖,24.0
20170124,21,PM10,芜湖,50.0
20170124,21,PM10_24h,芜湖,51.0
20170124,21,SO2,芜湖,15.0
20170124,21,SO2_24h,芜湖,14.0
20170124,21,NO2,芜湖,50.0
20170124,21,NO2_24h,芜湖,46.0
20170124,21,O3,芜湖,67.0
20170124,21,O3_24h,芜湖,87.0
20170124,21,O3_8h,芜湖,76.0
20170124,21,O3_8h_24h,芜湖,77.0
20170124,21,CO,芜湖,1.03
20170124,21,CO_24h,芜湖,1.03
20170124,22,AQI,芜湖,50.0
20170124,22,PM2.5,芜湖,26.0
20170124,22,PM2.5_24h,芜湖,24.0
20170124,22,PM10,芜湖,50.0
20170124,22,PM10_24h,芜湖,51.0
20170124,22,SO2,芜湖,15.0
20170124,22,SO2_24h,芜湖,14.0
20170124,22,NO2,芜湖,48.0
20170124,22,NO2_24h,芜湖,46.0
20170124,22,O3,芜湖,60.0
20170124,22,O3_24h,芜湖,87.0
20170124,22,O3_8h,芜湖,74.0
20170124,22,O3_8h_24h,芜湖,77.0
20170124,22,CO,芜湖,1.07
20170124,22,CO_24h,芜湖,1.03
20170124,23,AQI,芜湖,51.0
20170124,23,PM2.5,芜湖,27.0
20170124,23,PM2.5_24h,芜湖,24.0
20170124,23,PM10,芜湖,51.0
20170124,23,PM10_24h,芜湖,51.0
20170124,23,SO2,芜湖,16.0
20170124,23,SO2_24h,芜湖,14.0
20170124,23,NO2,芜湖,50.0
20170124,23,NO2_24h,芜湖,46.0
20170124,23,O3,芜湖,60.0
20170124,23,O3_24h,芜湖,87.0
20170124,23,O3_8h,芜湖,73.0
20170124,23,O3_8h_24h,芜湖,78.0
20170124,23,CO,芜湖,1.1
20170124,23,CO_24h,芜湖,1.0
20170124,0,AQI,马鞍山,59.0
20170124,0,PM2.5,马鞍山,41.0
20170124,0,PM2.5_24h,马鞍山,46.0
20170124,0,PM10,马鞍山,68.0
20170124,0,PM10_24h,马鞍山,75.0
20170124,0,SO2,马鞍山,18.0
20170124,0,SO2_24h,马鞍山,18.0
20170124,0,NO2,马鞍山,38.0
20170124,0,NO2_24h,马鞍山,37.0
20170124,0,O3,马鞍山,42.0
20170124,0,O3_24h,马鞍山,92.0
20170124,0,O3_8h,马鞍山,58.0
20170124,0,O3_8h_24h,马鞍山,80.0
20170124,0,CO,马鞍山,1.4
20170124,0,CO_24h,马鞍山,1.13
20170124,1,AQI,马鞍山,68.0
20170124,1,PM2.5,马鞍山,49.0
20170124,1,PM2.5_24h,马鞍山,46.0
20170124,1,PM10,马鞍山,74.0
20170124,1,PM10_24h,马鞍山,75.0
20170124,1,SO2,马鞍山,21.0
20170124,1,SO2_24h,马鞍山,18.0
20170124,1,NO2,马鞍山,40.0
20170124,1,NO2_24h,马鞍山,36.0
20170124,1,O3,马鞍山,39.0
20170124,1,O3_24h,马鞍山,92.0
20170124,1,O3_8h,马鞍山,39.0
20170124,1,O3_8h_24h,马鞍山,39.0
20170124,1,CO,马鞍山,1.97
20170124,1,CO_24h,马鞍山,1.18
20170124,2,AQI,马鞍山,75.0
20170124,2,PM2.5,马鞍山,51.0
20170124,2,PM2.5_24h,马鞍山,46.0
20170124,2,PM10,马鞍山,100.0
20170124,2,PM10_24h,马鞍山,75.0
20170124,2,SO2,马鞍山,14.0
20170124,2,SO2_24h,马鞍山,17.0
20170124,2,NO2,马鞍山,36.0
20170124,2,NO2_24h,马鞍山,36.0
20170124,2,O3,马鞍山,38.0
20170124,2,O3_24h,马鞍山,92.0
20170124,2,O3_8h,马鞍山,39.0
20170124,2,O3_8h_24h,马鞍山,39.0
20170124,2,CO,马鞍山,1.53
20170124,2,CO_24h,马鞍山,1.18
20170124,3,AQI,马鞍山,69.0
20170124,3,PM2.5,马鞍山,50.0
20170124,3,PM2.5_24h,马鞍山,46.0
20170124,3,PM10,马鞍山,72.0
20170124,3,PM10_24h,马鞍山,73.0
20170124,3,SO2,马鞍山,15.0
20170124,3,SO2_24h,马鞍山,17.0
20170124,3,NO2,马鞍山,35.0
20170124,3,NO2_24h,马鞍山,36.0
20170124,3,O3,马鞍山,36.0
20170124,3,O3_24h,马鞍山,92.0
20170124,3,O3_8h,马鞍山,38.0
20170124,3,O3_8h_24h,马鞍山,39.0
20170124,3,CO,马鞍山,1.38
20170124,3,CO_24h,马鞍山,1.2
20170124,4,AQI,马鞍山,65.0
20170124,4,PM2.5,马鞍山,47.0
20170124,4,PM2.5_24h,马鞍山,45.0
20170124,4,PM10,马鞍山,67.0
20170124,4,PM10_24h,马鞍山,73.0
20170124,4,SO2,马鞍山,11.0
20170124,4,SO2_24h,马鞍山,17.0
20170124,4,NO2,马鞍山,32.0
20170124,4,NO2_24h,马鞍山,35.0
20170124,4,O3,马鞍山,35.0
20170124,4,O3_24h,马鞍山,92.0
20170124,4,O3_8h,马鞍山,37.0
20170124,4,O3_8h_24h,马鞍山,39.0
20170124,4,CO,马鞍山,1.08
20170124,4,CO_24h,马鞍山,1.2
20170124,5,AQI,马鞍山,64.0
20170124,5,PM2.5,马鞍山,46.0
20170124,5,PM2.5_24h,马鞍山,45.0
20170124,5,PM10,马鞍山,60.0
20170124,5,PM10_24h,马鞍山,72.0
20170124,5,SO2,马鞍山,12.0
20170124,5,SO2_24h,马鞍山,17.0
20170124,5,NO2,马鞍山,31.0
20170124,5,NO2_24h,马鞍山,35.0
20170124,5,O3,马鞍山,32.0
20170124,5,O3_24h,马鞍山,92.0
20170124,5,O3_8h,马鞍山,36.0
20170124,5,O3_8h_24h,马鞍山,39.0
20170124,5,CO,马鞍山,1.03
20170124,5,CO_24h,马鞍山,1.23
20170124,6,AQI,马鞍山,60.0
20170124,6,PM2.5,马鞍山,43.0
20170124,6,PM2.5_24h,马鞍山,45.0
20170124,6,PM10,马鞍山,55.0
20170124,6,PM10_24h,马鞍山,71.0
20170124,6,SO2,马鞍山,10.0
20170124,6,SO2_24h,马鞍山,16.0
20170124,6,NO2,马鞍山,33.0
20170124,6,NO2_24h,马鞍山,34.0
20170124,6,O3,马鞍山,25.0
20170124,6,O3_24h,马鞍山,92.0
20170124,6,O3_8h,马鞍山,34.0
20170124,6,O3_8h_24h,马鞍山,39.0
20170124,6,CO,马鞍山,1.03
20170124,6,CO_24h,马鞍山,1.18
20170124,7,AQI,马鞍山,60.0
20170124,7,PM2.5,马鞍山,43.0
20170124,7,PM2.5_24h,马鞍山,44.0
20170124,7,PM10,马鞍山,59.0
20170124,7,PM10_24h,马鞍山,69.0
20170124,7,SO2,马鞍山,9.0
20170124,7,SO2_24h,马鞍山,16.0
20170124,7,NO2,马鞍山,41.0
20170124,7,NO2_24h,马鞍山,34.0
20170124,7,O3,马鞍山,13.0
20170124,7,O3_24h,马鞍山,92.0
20170124,7,O3_8h,马鞍山,31.0
20170124,7,O3_8h_24h,马鞍山,39.0
20170124,7,CO,马鞍山,1.15
20170124,7,CO_24h,马鞍山,1.15
20170124,8,AQI,马鞍山,55.0
20170124,8,PM2.5,马鞍山,39.0
20170124,8,PM2.5_24h,马鞍山,42.0
20170124,8,PM10,马鞍山,54.0
20170124,8,PM10_24h,马鞍山,67.0
20170124,8,SO2,马鞍山,10.0
20170124,8,SO2_24h,马鞍山,16.0
20170124,8,NO2,马鞍山,41.0
20170124,8,NO2_24h,马鞍山,33.0
20170124,8,O3,马鞍山,13.0
20170124,8,O3_24h,马鞍山,92.0
20170124,8,O3_8h,马鞍山,29.0
20170124,8,O3_8h_24h,马鞍山,39.0
20170124,8,CO,马鞍山,1.15
20170124,8,CO_24h,马鞍山,1.15
20170124,9,AQI,马鞍山,51.0
20170124,9,PM2.5,马鞍山,36.0
20170124,9,PM2.5_24h,马鞍山,42.0
20170124,9,PM10,马鞍山,46.0
20170124,9,PM10_24h,马鞍山,65.0
20170124,9,SO2,马鞍山,11.0
20170124,9,SO2_24h,马鞍山,16.0
20170124,9,NO2,马鞍山,32.0
20170124,9,NO2_24h,马鞍山,33.0
20170124,9,O3,马鞍山,26.0
20170124,9,O3_24h,马鞍山,92.0
20170124,9,O3_8h,马鞍山,27.0
20170124,9,O3_8h_24h,马鞍山,39.0
20170124,9,CO,马鞍山,1.1
20170124,9,CO_24h,马鞍山,1.15
20170124,10,AQI,马鞍山,37.0
20170124,10,PM2.5,马鞍山,26.0
20170124,10,PM2.5_24h,马鞍山,40.0
20170124,10,PM10,马鞍山,36.0
20170124,10,PM10_24h,马鞍山,64.0
20170124,10,SO2,马鞍山,12.0
20170124,10,SO2_24h,马鞍山,15.0
20170124,10,NO2,马鞍山,24.0
20170124,10,NO2_24h,马鞍山,32.0
20170124,10,O3,马鞍山,47.0
20170124,10,O3_24h,马鞍山,92.0
20170124,10,O3_8h,马鞍山,28.0
20170124,10,O3_8h_24h,马鞍山,39.0
20170124,10,CO,马鞍山,0.95
20170124,10,CO_24h,马鞍山,1.13
20170124,11,AQI,马鞍山,38.0
20170124,11,PM2.5,马鞍山,24.0
20170124,11,PM2.5_24h,马鞍山,40.0
20170124,11,PM10,马鞍山,38.0
20170124,11,PM10_24h,马鞍山,62.0
20170124,11,SO2,马鞍山,12.0
20170124,11,SO2_24h,马鞍山,15.0
20170124,11,NO2,马鞍山,20.0
20170124,11,NO2_24h,马鞍山,31.0
20170124,11,O3,马鞍山,57.0
20170124,11,O3_24h,马鞍山,92.0
20170124,11,O3_8h,马鞍山,31.0
20170124,11,O3_8h_24h,马鞍山,39.0
20170124,11,CO,马鞍山,0.85
20170124,11,CO_24h,马鞍山,1.13
20170124,12,AQI,马鞍山,37.0
20170124,12,PM2.5,马鞍山,21.0
20170124,12,PM2.5_24h,马鞍山,39.0
20170124,12,PM10,马鞍山,37.0
20170124,12,PM10_24h,马鞍山,61.0
20170124,12,SO2,马鞍山,12.0
20170124,12,SO2_24h,马鞍山,14.0
20170124,12,NO2,马鞍山,17.0
20170124,12,NO2_24h,马鞍山,31.0
20170124,12,O3,马鞍山,68.0
20170124,12,O3_24h,马鞍山,92.0
20170124,12,O3_8h,马鞍山,35.0
20170124,12,O3_8h_24h,马鞍山,40.0
20170124,12,CO,马鞍山,0.75
20170124,12,CO_24h,马鞍山,1.13
20170124,13,AQI,马鞍山,39.0
20170124,13,PM2.5,马鞍山,22.0
20170124,13,PM2.5_24h,马鞍山,38.0
20170124,13,PM10,马鞍山,39.0
20170124,13,PM10_24h,马鞍山,60.0
20170124,13,SO2,马鞍山,12.0
20170124,13,SO2_24h,马鞍山,14.0
20170124,13,NO2,马鞍山,16.0
20170124,13,NO2_24h,马鞍山,31.0
20170124,13,O3,马鞍山,73.0
20170124,13,O3_24h,马鞍山,92.0
20170124,13,O3_8h,马鞍山,40.0
20170124,13,O3_8h_24h,马鞍山,41.0
20170124,13,CO,马鞍山,0.75
20170124,13,CO_24h,马鞍山,1.13
20170124,14,AQI,马鞍山,43.0
20170124,14,PM2.5,马鞍山,22.0
20170124,14,PM2.5_24h,马鞍山,37.0
20170124,14,PM10,马鞍山,43.0
20170124,14,PM10_24h,马鞍山,59.0
20170124,14,SO2,马鞍山,12.0
20170124,14,SO2_24h,马鞍山,14.0
20170124,14,NO2,马鞍山,16.0
20170124,14,NO2_24h,马鞍山,31.0
20170124,14,O3,马鞍山,76.0
20170124,14,O3_24h,马鞍山,92.0
20170124,14,O3_8h,马鞍山,46.0
20170124,14,O3_8h_24h,马鞍山,46.0
20170124,14,CO,马鞍山,0.8
20170124,14,CO_24h,马鞍山,1.1
20170124,15,AQI,马鞍山,42.0
20170124,15,PM2.5,马鞍山,21.0
20170124,15,PM2.5_24h,马鞍山,36.0
20170124,15,PM10,马鞍山,42.0
20170124,15,PM10_24h,马鞍山,58.0
20170124,15,SO2,马鞍山,12.0
20170124,15,SO2_24h,马鞍山,14.0
20170124,15,NO2,马鞍山,17.0
20170124,15,NO2_24h,马鞍山,31.0
20170124,15,O3,马鞍山,78.0
20170124,15,O3_24h,马鞍山,86.0
20170124,15,O3_8h,马鞍山,55.0
20170124,15,O3_8h_24h,马鞍山,55.0
20170124,15,CO,马鞍山,0.78
20170124,15,CO_24h,马鞍山,1.1
20170124,16,AQI,马鞍山,46.0
20170124,16,PM2.5,马鞍山,23.0
20170124,16,PM2.5_24h,马鞍山,36.0
20170124,16,PM10,马鞍山,46.0
20170124,16,PM10_24h,马鞍山,58.0
20170124,16,SO2,马鞍山,12.0
20170124,16,SO2_24h,马鞍山,13.0
20170124,16,NO2,马鞍山,19.0
20170124,16,NO2_24h,马鞍山,31.0
20170124,16,O3,马鞍山,78.0
20170124,16,O3_24h,马鞍山,82.0
20170124,16,O3_8h,马鞍山,63.0
20170124,16,O3_8h_24h,马鞍山,63.0
20170124,16,CO,马鞍山,0.8
20170124,16,CO_24h,马鞍山,1.1
20170124,17,AQI,马鞍山,53.0
20170124,17,PM2.5,马鞍山,26.0
20170124,17,PM2.5_24h,马鞍山,36.0
20170124,17,PM10,马鞍山,55.0
20170124,17,PM10_24h,马鞍山,58.0
20170124,17,SO2,马鞍山,13.0
20170124,17,SO2_24h,马鞍山,13.0
20170124,17,NO2,马鞍山,23.0
20170124,17,NO2_24h,马鞍山,30.0
20170124,17,O3,马鞍山,76.0
20170124,17,O3_24h,马鞍山,79.0
20170124,17,O3_8h,马鞍山,69.0
20170124,17,O3_8h_24h,马鞍山,69.0
20170124,17,CO,马鞍山,0.78
20170124,17,CO_24h,马鞍山,1.1
20170124,18,AQI,马鞍山,52.0
20170124,18,PM2.5,马鞍山,33.0
20170124,18,PM2.5_24h,马鞍山,35.0
20170124,18,PM10,马鞍山,53.0
20170124,18,PM10_24h,马鞍山,57.0
20170124,18,SO2,马鞍山,14.0
20170124,18,SO2_24h,马鞍山,13.0
20170124,18,NO2,马鞍山,29.0
20170124,18,NO2_24h,马鞍山,31.0
20170124,18,O3,马鞍山,68.0
20170124,18,O3_24h,马鞍山,79.0
20170124,18,O3_8h,马鞍山,72.0
20170124,18,O3_8h_24h,马鞍山,72.0
20170124,18,CO,马鞍山,0.8
20170124,18,CO_24h,马鞍山,1.07
20170124,19,AQI,马鞍山,52.0
20170124,19,PM2.5,马鞍山,35.0
20170124,19,PM2.5_24h,马鞍山,35.0
20170124,19,PM10,马鞍山,53.0
20170124,19,PM10_24h,马鞍山,56.0
20170124,19,SO2,马鞍山,12.0
20170124,19,SO2_24h,马鞍山,13.0
20170124,19,NO2,马鞍山,27.0
20170124,19,NO2_24h,马鞍山,30.0
20170124,19,O3,马鞍山,65.0
20170124,19,O3_24h,马鞍山,79.0
20170124,19,O3_8h,马鞍山,73.0
20170124,19,O3_8h_24h,马鞍山,73.0
20170124,19,CO,马鞍山,0.78
20170124,19,CO_24h,马鞍山,1.03
20170124,20,AQI,马鞍山,63.0
20170124,20,PM2.5,马鞍山,45.0
20170124,20,PM2.5_24h,马鞍山,36.0
20170124,20,PM10,马鞍山,49.0
20170124,20,PM10_24h,马鞍山,56.0
20170124,20,SO2,马鞍山,13.0
20170124,20,SO2_24h,马鞍山,13.0
20170124,20,NO2,马鞍山,29.0
20170124,20,NO2_24h,马鞍山,29.0
20170124,20,O3,马鞍山,60.0
20170124,20,O3_24h,马鞍山,79.0
20170124,20,O3_8h,马鞍山,72.0
20170124,20,O3_8h_24h,马鞍山,73.0
20170124,20,CO,马鞍山,0.9
20170124,20,CO_24h,马鞍山,1.03
20170124,21,AQI,马鞍山,53.0
20170124,21,PM2.5,马鞍山,37.0
20170124,21,PM2.5_24h,马鞍山,36.0
20170124,21,PM10,马鞍山,52.0
20170124,21,PM10_24h,马鞍山,55.0
20170124,21,SO2,马鞍山,16.0
20170124,21,SO2_24h,马鞍山,13.0
20170124,21,NO2,马鞍山,34.0
20170124,21,NO2_24h,马鞍山,29.0
20170124,21,O3,马鞍山,50.0
20170124,21,O3_24h,马鞍山,79.0
20170124,21,O3_8h,马鞍山,69.0
20170124,21,O3_8h_24h,马鞍山,73.0
20170124,21,CO,马鞍山,1.02
20170124,21,CO_24h,马鞍山,1.03
20170124,22,AQI,马鞍山,64.0
20170124,22,PM2.5,马鞍山,46.0
20170124,22,PM2.5_24h,马鞍山,36.0
20170124,22,PM10,马鞍山,54.0
20170124,22,PM10_24h,马鞍山,55.0
20170124,22,SO2,马鞍山,15.0
20170124,22,SO2_24h,马鞍山,13.0
20170124,22,NO2,马鞍山,33.0
20170124,22,NO2_24h,马鞍山,29.0
20170124,22,O3,马鞍山,47.0
20170124,22,O3_24h,马鞍山,79.0
20170124,22,O3_8h,马鞍山,65.0
20170124,22,O3_8h_24h,马鞍山,73.0
20170124,22,CO,马鞍山,1.03
20170124,22,CO_24h,马鞍山,1.03
20170124,23,AQI,马鞍山,66.0
20170124,23,PM2.5,马鞍山,48.0
20170124,23,PM2.5_24h,马鞍山,36.0
20170124,23,PM10,马鞍山,51.0
20170124,23,PM10_24h,马鞍山,55.0
20170124,23,SO2,马鞍山,13.0
20170124,23,SO2_24h,马鞍山,13.0
20170124,23,NO2,马鞍山,36.0
20170124,23,NO2_24h,马鞍山,29.0
20170124,23,O3,马鞍山,37.0
20170124,23,O3_24h,马鞍山,79.0
20170124,23,O3_8h,马鞍山,60.0
20170124,23,O3_8h_24h,马鞍山,73.0
20170124,23,CO,马鞍山,0.9
20170124,23,CO_24h,马鞍山,1.03
20170124,0,AQI,九江,101.0
20170124,0,PM2.5,九江,76.0
20170124,0,PM2.5_24h,九江,78.0
20170124,0,PM10,九江,100.0
20170124,0,PM10_24h,九江,99.0
20170124,0,SO2,九江,22.0
20170124,0,SO2_24h,九江,29.0
20170124,0,NO2,九江,41.0
20170124,0,NO2_24h,九江,40.0
20170124,0,O3,九江,53.0
20170124,0,O3_24h,九江,93.0
20170124,0,O3_8h,九江,71.0
20170124,0,O3_8h_24h,九江,82.0
20170124,0,CO,九江,0.9
20170124,0,CO_24h,九江,0.81
20170124,1,AQI,九江,100.0
20170124,1,PM2.5,九江,75.0
20170124,1,PM2.5_24h,九江,77.0
20170124,1,PM10,九江,96.0
20170124,1,PM10_24h,九江,98.0
20170124,1,SO2,九江,22.0
20170124,1,SO2_24h,九江,28.0
20170124,1,NO2,九江,38.0
20170124,1,NO2_24h,九江,39.0
20170124,1,O3,九江,51.0
20170124,1,O3_24h,九江,93.0
20170124,1,O3_8h,九江,51.0
20170124,1,O3_8h_24h,九江,51.0
20170124,1,CO,九江,0.84
20170124,1,CO_24h,九江,0.83
20170124,2,AQI,九江,103.0
20170124,2,PM2.5,九江,77.0
20170124,2,PM2.5_24h,九江,78.0
20170124,2,PM10,九江,92.0
20170124,2,PM10_24h,九江,98.0
20170124,2,SO2,九江,23.0
20170124,2,SO2_24h,九江,28.0
20170124,2,NO2,九江,38.0
20170124,2,NO2_24h,九江,39.0
20170124,2,O3,九江,47.0
20170124,2,O3_24h,九江,93.0
20170124,2,O3_8h,九江,49.0
20170124,2,O3_8h_24h,九江,51.0
20170124,2,CO,九江,0.89
20170124,2,CO_24h,九江,0.8
20170124,3,AQI,九江,103.0
20170124,3,PM2.5,九江,77.0
20170124,3,PM2.5_24h,九江,77.0
20170124,3,PM10,九江,84.0
20170124,3,PM10_24h,九江,97.0
20170124,3,SO2,九江,21.0
20170124,3,SO2_24h,九江,28.0
20170124,3,NO2,九江,37.0
20170124,3,NO2_24h,九江,39.0
20170124,3,O3,九江,42.0
20170124,3,O3_24h,九江,93.0
20170124,3,O3_8h,九江,47.0
20170124,3,O3_8h_24h,九江,51.0
20170124,3,CO,九江,0.87
20170124,3,CO_24h,九江,0.81
20170124,4,AQI,九江,100.0
20170124,4,PM2.5,九江,75.0
20170124,4,PM2.5_24h,九江,77.0
20170124,4,PM10,九江,81.0
20170124,4,PM10_24h,九江,96.0
20170124,4,SO2,九江,23.0
20170124,4,SO2_24h,九江,28.0
20170124,4,NO2,九江,40.0
20170124,4,NO2_24h,九江,39.0
20170124,4,O3,九江,37.0
20170124,4,O3_24h,九江,93.0
20170124,4,O3_8h,九江,44.0
20170124,4,O3_8h_24h,九江,51.0
20170124,4,CO,九江,0.84
20170124,4,CO_24h,九江,0.81
20170124,5,AQI,九江,103.0
20170124,5,PM2.5,九江,77.0
20170124,5,PM2.5_24h,九江,76.0
20170124,5,PM10,九江,86.0
20170124,5,PM10_24h,九江,96.0
20170124,5,SO2,九江,23.0
20170124,5,SO2_24h,九江,28.0
20170124,5,NO2,九江,37.0
20170124,5,NO2_24h,九江,39.0
20170124,5,O3,九江,35.0
20170124,5,O3_24h,九江,93.0
20170124,5,O3_8h,九江,43.0
20170124,5,O3_8h_24h,九江,51.0
20170124,5,CO,九江,0.86
20170124,5,CO_24h,九江,0.8
20170124,6,AQI,九江,103.0
20170124,6,PM2.5,九江,77.0
20170124,6,PM2.5_24h,九江,76.0
20170124,6,PM10,九江,90.0
20170124,6,PM10_24h,九江,95.0
20170124,6,SO2,九江,24.0
20170124,6,SO2_24h,九江,28.0
20170124,6,NO2,九江,36.0
20170124,6,NO2_24h,九江,38.0
20170124,6,O3,九江,32.0
20170124,6,O3_24h,九江,93.0
20170124,6,O3_8h,九江,41.0
20170124,6,O3_8h_24h,九江,51.0
20170124,6,CO,九江,0.9
20170124,6,CO_24h,九江,0.79
20170124,7,AQI,九江,103.0
20170124,7,PM2.5,九江,77.0
20170124,7,PM2.5_24h,九江,76.0
20170124,7,PM10,九江,97.0
20170124,7,PM10_24h,九江,95.0
20170124,7,SO2,九江,20.0
20170124,7,SO2_24h,九江,28.0
20170124,7,NO2,九江,42.0
20170124,7,NO2_24h,九江,38.0
20170124,7,O3,九江,25.0
20170124,7,O3_24h,九江,93.0
20170124,7,O3_8h,九江,38.0
20170124,7,O3_8h_24h,九江,51.0
20170124,7,CO,九江,0.94
20170124,7,CO_24h,九江,0.81
20170124,8,AQI,九江,105.0
20170124,8,PM2.5,九江,79.0
20170124,8,PM2.5_24h,九江,75.0
20170124,8,PM10,九江,92.0
20170124,8,PM10_24h,九江,94.0
20170124,8,SO2,九江,19.0
20170124,8,SO2_24h,九江,27.0
20170124,8,NO2,九江,43.0
20170124,8,NO2_24h,九江,38.0
20170124,8,O3,九江,24.0
20170124,8,O3_24h,九江,93.0
20170124,8,O3_8h,九江,37.0
20170124,8,O3_8h_24h,九江,51.0
20170124,8,CO,九江,1.04
20170124,8,CO_24h,九江,0.83
20170124,9,AQI,九江,108.0
20170124,9,PM2.5,九江,81.0
20170124,9,PM2.5_24h,九江,75.0
20170124,9,PM10,九江,98.0
20170124,9,PM10_24h,九江,94.0
20170124,9,SO2,九江,27.0
20170124,9,SO2_24h,九江,27.0
20170124,9,NO2,九江,41.0
20170124,9,NO2_24h,九江,38.0
20170124,9,O3,九江,29.0
20170124,9,O3_24h,九江,93.0
20170124,9,O3_8h,九江,34.0
20170124,9,O3_8h_24h,九江,51.0
20170124,9,CO,九江,1.31
20170124,9,CO_24h,九江,0.84
20170124,10,AQI,九江,103.0
20170124,10,PM2.5,九江,77.0
20170124,10,PM2.5_24h,九江,74.0
20170124,10,PM10,九江,92.0
20170124,10,PM10_24h,九江,93.0
20170124,10,SO2,九江,38.0
20170124,10,SO2_24h,九江,27.0
20170124,10,NO2,九江,40.0
20170124,10,NO2_24h,九江,38.0
20170124,10,O3,九江,36.0
20170124,10,O3_24h,九江,93.0
20170124,10,O3_8h,九江,33.0
20170124,10,O3_8h_24h,九江,51.0
20170124,10,CO,九江,1.41
20170124,10,CO_24h,九江,0.84
20170124,11,AQI,九江,100.0
20170124,11,PM2.5,九江,75.0
20170124,11,PM2.5_24h,九江,74.0
20170124,11,PM10,九江,100.0
20170124,11,PM10_24h,九江,92.0
20170124,11,SO2,九江,39.0
20170124,11,SO2_24h,九江,26.0
20170124,11,NO2,九江,42.0
20170124,11,NO2_24h,九江,38.0
20170124,11,O3,九江,46.0
20170124,11,O3_24h,九江,93.0
20170124,11,O3_8h,九江,33.0
20170124,11,O3_8h_24h,九江,51.0
20170124,11,CO,九江,1.14
20170124,11,CO_24h,九江,0.84
20170124,12,AQI,九江,96.0
20170124,12,PM2.5,九江,72.0
20170124,12,PM2.5_24h,九江,74.0
20170124,12,PM10,九江,98.0
20170124,12,PM10_24h,九江,92.0
20170124,12,SO2,九江,38.0
20170124,12,SO2_24h,九江,27.0
20170124,12,NO2,九江,37.0
20170124,12,NO2_24h,九江,38.0
20170124,12,O3,九江,58.0
20170124,12,O3_24h,九江,93.0
20170124,12,O3_8h,九江,35.0
20170124,12,O3_8h_24h,九江,51.0
20170124,12,CO,九江,0.9
20170124,12,CO_24h,九江,0.86
20170124,13,AQI,九江,95.0
20170124,13,PM2.5,九江,71.0
20170124,13,PM2.5_24h,九江,73.0
20170124,13,PM10,九江,95.0
20170124,13,PM10_24h,九江,92.0
20170124,13,SO2,九江,29.0
20170124,13,SO2_24h,九江,27.0
20170124,13,NO2,九江,35.0
20170124,13,NO2_24h,九江,38.0
20170124,13,O3,九江,69.0
20170124,13,O3_24h,九江,93.0
20170124,13,O3_8h,九江,40.0
20170124,13,O3_8h_24h,九江,51.0
20170124,13,CO,九江,0.79
20170124,13,CO_24h,九江,0.86
20170124,14,AQI,九江,94.0
20170124,14,PM2.5,九江,70.0
20170124,14,PM2.5_24h,九江,73.0
20170124,14,PM10,九江,93.0
20170124,14,PM10_24h,九江,92.0
20170124,14,SO2,九江,28.0
20170124,14,SO2_24h,九江,26.0
20170124,14,NO2,九江,34.0
20170124,14,NO2_24h,九江,38.0
20170124,14,O3,九江,77.0
20170124,14,O3_24h,九江,93.0
20170124,14,O3_8h,九江,46.0
20170124,14,O3_8h_24h,九江,52.0
20170124,14,CO,九江,0.74
20170124,14,CO_24h,九江,0.87
20170124,15,AQI,九江,94.0
20170124,15,PM2.5,九江,70.0
20170124,15,PM2.5_24h,九江,73.0
20170124,15,PM10,九江,86.0
20170124,15,PM10_24h,九江,92.0
20170124,15,SO2,九江,27.0
20170124,15,SO2_24h,九江,26.0
20170124,15,NO2,九江,35.0
20170124,15,NO2_24h,九江,38.0
20170124,15,O3,九江,84.0
20170124,15,O3_24h,九江,93.0
20170124,15,O3_8h,九江,53.0
20170124,15,O3_8h_24h,九江,54.0
20170124,15,CO,九江,0.86
20170124,15,CO_24h,九江,0.87
20170124,16,AQI,九江,91.0
20170124,16,PM2.5,九江,68.0
20170124,16,PM2.5_24h,九江,72.0
20170124,16,PM10,九江,85.0
20170124,16,PM10_24h,九江,91.0
20170124,16,SO2,九江,27.0
20170124,16,SO2_24h,九江,26.0
20170124,16,NO2,九江,36.0
20170124,16,NO2_24h,九江,38.0
20170124,16,O3,九江,88.0
20170124,16,O3_24h,九江,93.0
20170124,16,O3_8h,九江,61.0
20170124,16,O3_8h_24h,九江,61.0
20170124,16,CO,九江,0.77
20170124,16,CO_24h,九江,0.89
20170124,17,AQI,九江,89.0
20170124,17,PM2.5,九江,66.0
20170124,17,PM2.5_24h,九江,73.0
20170124,17,PM10,九江,80.0
20170124,17,PM10_24h,九江,91.0
20170124,17,SO2,九江,23.0
20170124,17,SO2_24h,九江,26.0
20170124,17,NO2,九江,35.0
20170124,17,NO2_24h,九江,38.0
20170124,17,O3,九江,89.0
20170124,17,O3_24h,九江,95.0
20170124,17,O3_8h,九江,68.0
20170124,17,O3_8h_24h,九江,68.0
20170124,17,CO,九江,0.71
20170124,17,CO_24h,九江,0.89
20170124,18,AQI,九江,88.0
20170124,18,PM2.5,九江,65.0
20170124,18,PM2.5_24h,九江,73.0
20170124,18,PM10,九江,82.0
20170124,18,PM10_24h,九江,91.0
20170124,18,SO2,九江,20.0
20170124,18,SO2_24h,九江,25.0
20170124,18,NO2,九江,31.0
20170124,18,NO2_24h,九江,38.0
20170124,18,O3,九江,91.0
20170124,18,O3_24h,九江,95.0
20170124,18,O3_8h,九江,75.0
20170124,18,O3_8h_24h,九江,75.0
20170124,18,CO,九江,0.71
20170124,18,CO_24h,九江,0.9
20170124,19,AQI,九江,86.0
20170124,19,PM2.5,九江,64.0
20170124,19,PM2.5_24h,九江,73.0
20170124,19,PM10,九江,89.0
20170124,19,PM10_24h,九江,92.0
20170124,19,SO2,九江,20.0
20170124,19,SO2_24h,九江,25.0
20170124,19,NO2,九江,37.0
20170124,19,NO2_24h,九江,38.0
20170124,19,O3,九江,80.0
20170124,19,O3_24h,九江,96.0
20170124,19,O3_8h,九江,79.0
20170124,19,O3_8h_24h,九江,79.0
20170124,19,CO,九江,0.79
20170124,19,CO_24h,九江,0.9
20170124,20,AQI,九江,80.0
20170124,20,PM2.5,九江,59.0
20170124,20,PM2.5_24h,九江,73.0
20170124,20,PM10,九江,82.0
20170124,20,PM10_24h,九江,91.0
20170124,20,SO2,九江,20.0
20170124,20,SO2_24h,九江,25.0
20170124,20,NO2,九江,33.0
20170124,20,NO2_24h,九江,38.0
20170124,20,O3,九江,75.0
20170124,20,O3_24h,九江,95.0
20170124,20,O3_8h,九江,82.0
20170124,20,O3_8h_24h,九江,82.0
20170124,20,CO,九江,0.69
20170124,20,CO_24h,九江,0.9
20170124,21,AQI,九江,79.0
20170124,21,PM2.5,九江,58.0
20170124,21,PM2.5_24h,九江,72.0
20170124,21,PM10,九江,80.0
20170124,21,PM10_24h,九江,90.0
20170124,21,SO2,九江,19.0
20170124,21,SO2_24h,九江,25.0
20170124,21,NO2,九江,29.0
20170124,21,NO2_24h,九江,38.0
20170124,21,O3,九江,68.0
20170124,21,O3_24h,九江,94.0
20170124,21,O3_8h,九江,82.0
20170124,21,O3_8h_24h,九江,82.0
20170124,21,CO,九江,0.69
20170124,21,CO_24h,九江,0.9
20170124,22,AQI,九江,74.0
20170124,22,PM2.5,九江,54.0
20170124,22,PM2.5_24h,九江,71.0
20170124,22,PM10,九江,69.0
20170124,22,PM10_24h,九江,88.0
20170124,22,SO2,九江,16.0
20170124,22,SO2_24h,九江,25.0
20170124,22,NO2,九江,27.0
20170124,22,NO2_24h,九江,37.0
20170124,22,O3,九江,64.0
20170124,22,O3_24h,九江,94.0
20170124,22,O3_8h,九江,80.0
20170124,22,O3_8h_24h,九江,82.0
20170124,22,CO,九江,0.64
20170124,22,CO_24h,九江,0.89
20170124,23,AQI,九江,66.0
20170124,23,PM2.5,九江,48.0
20170124,23,PM2.5_24h,九江,70.0
20170124,23,PM10,九江,59.0
20170124,23,PM10_24h,九江,86.0
20170124,23,SO2,九江,16.0
20170124,23,SO2_24h,九江,24.0
20170124,23,NO2,九江,24.0
20170124,23,NO2_24h,九江,36.0
20170124,23,O3,九江,63.0
20170124,23,O3_24h,九江,94.0
20170124,23,O3_8h,九江,77.0
20170124,23,O3_8h_24h,九江,82.0
20170124,23,CO,九江,0.59
20170124,23,CO_24h,九江,0.87
20170124,0,AQI,洛阳,352.0
20170124,0,PM2.5,洛阳,302.0
20170124,0,PM2.5_24h,洛阳,213.0
20170124,0,PM10,洛阳,407.0
20170124,0,PM10_24h,洛阳,299.0
20170124,0,SO2,洛阳,38.0
20170124,0,SO2_24h,洛阳,52.0
20170124,0,NO2,洛阳,87.0
20170124,0,NO2_24h,洛阳,81.0
20170124,0,O3,洛阳,14.0
20170124,0,O3_24h,洛阳,66.0
20170124,0,O3_8h,洛阳,26.0
20170124,0,O3_8h_24h,洛阳,51.0
20170124,0,CO,洛阳,3.67
20170124,0,CO_24h,洛阳,2.93
20170124,1,AQI,洛阳,345.0
20170124,1,PM2.5,洛阳,295.0
20170124,1,PM2.5_24h,洛阳,217.0
20170124,1,PM10,洛阳,404.0
20170124,1,PM10_24h,洛阳,303.0
20170124,1,SO2,洛阳,34.0
20170124,1,SO2_24h,洛阳,51.0
20170124,1,NO2,洛阳,80.0
20170124,1,NO2_24h,洛阳,81.0
20170124,1,O3,洛阳,14.0
20170124,1,O3_24h,洛阳,66.0
20170124,1,O3_8h,洛阳,14.0
20170124,1,O3_8h_24h,洛阳,14.0
20170124,1,CO,洛阳,3.58
20170124,1,CO_24h,洛阳,2.95
20170124,2,AQI,洛阳,349.0
20170124,2,PM2.5,洛阳,299.0
20170124,2,PM2.5_24h,洛阳,221.0
20170124,2,PM10,洛阳,403.0
20170124,2,PM10_24h,洛阳,308.0
20170124,2,SO2,洛阳,31.0
20170124,2,SO2_24h,洛阳,51.0
20170124,2,NO2,洛阳,74.0
20170124,2,NO2_24h,洛阳,80.0
20170124,2,O3,洛阳,12.0
20170124,2,O3_24h,洛阳,66.0
20170124,2,O3_8h,洛阳,13.0
20170124,2,O3_8h_24h,洛阳,14.0
20170124,2,CO,洛阳,3.6
20170124,2,CO_24h,洛阳,3.02
20170124,3,AQI,洛阳,342.0
20170124,3,PM2.5,洛阳,292.0
20170124,3,PM2.5_24h,洛阳,226.0
20170124,3,PM10,洛阳,386.0
20170124,3,PM10_24h,洛阳,313.0
20170124,3,SO2,洛阳,27.0
20170124,3,SO2_24h,洛阳,50.0
20170124,3,NO2,洛阳,69.0
20170124,3,NO2_24h,洛阳,80.0
20170124,3,O3,洛阳,11.0
20170124,3,O3_24h,洛阳,66.0
20170124,3,O3_8h,洛阳,12.0
20170124,3,O3_8h_24h,洛阳,14.0
20170124,3,CO,洛阳,3.53
20170124,3,CO_24h,洛阳,3.02
20170124,4,AQI,洛阳,324.0
20170124,4,PM2.5,洛阳,274.0
20170124,4,PM2.5_24h,洛阳,229.0
20170124,4,PM10,洛阳,353.0
20170124,4,PM10_24h,洛阳,316.0
20170124,4,SO2,洛阳,28.0
20170124,4,SO2_24h,洛阳,49.0
20170124,4,NO2,洛阳,68.0
20170124,4,NO2_24h,洛阳,80.0
20170124,4,O3,洛阳,10.0
20170124,4,O3_24h,洛阳,66.0
20170124,4,O3_8h,洛阳,12.0
20170124,4,O3_8h_24h,洛阳,14.0
20170124,4,CO,洛阳,3.27
20170124,4,CO_24h,洛阳,3.03
20170124,5,AQI,洛阳,316.0
20170124,5,PM2.5,洛阳,266.0
20170124,5,PM2.5_24h,洛阳,232.0
20170124,5,PM10,洛阳,355.0
20170124,5,PM10_24h,洛阳,320.0
20170124,5,SO2,洛阳,30.0
20170124,5,SO2_24h,洛阳,49.0
20170124,5,NO2,洛阳,68.0
20170124,5,NO2_24h,洛阳,80.0
20170124,5,O3,洛阳,10.0
20170124,5,O3_24h,洛阳,66.0
20170124,5,O3_8h,洛阳,11.0
20170124,5,O3_8h_24h,洛阳,14.0
20170124,5,CO,洛阳,3.27
20170124,5,CO_24h,洛阳,3.07
20170124,6,AQI,洛阳,306.0
20170124,6,PM2.5,洛阳,256.0
20170124,6,PM2.5_24h,洛阳,235.0
20170124,6,PM10,洛阳,344.0
20170124,6,PM10_24h,洛阳,324.0
20170124,6,SO2,洛阳,33.0
20170124,6,SO2_24h,洛阳,48.0
20170124,6,NO2,洛阳,73.0
20170124,6,NO2_24h,洛阳,80.0
20170124,6,O3,洛阳,10.0
20170124,6,O3_24h,洛阳,66.0
20170124,6,O3_8h,洛阳,11.0
20170124,6,O3_8h_24h,洛阳,14.0
20170124,6,CO,洛阳,3.3
20170124,6,CO_24h,洛阳,3.08
20170124,7,AQI,洛阳,286.0
20170124,7,PM2.5,洛阳,236.0
20170124,7,PM2.5_24h,洛阳,238.0
20170124,7,PM10,洛阳,324.0
20170124,7,PM10_24h,洛阳,326.0
20170124,7,SO2,洛阳,33.0
20170124,7,SO2_24h,洛阳,48.0
20170124,7,NO2,洛阳,75.0
20170124,7,NO2_24h,洛阳,80.0
20170124,7,O3,洛阳,10.0
20170124,7,O3_24h,洛阳,66.0
20170124,7,O3_8h,洛阳,11.0
20170124,7,O3_8h_24h,洛阳,14.0
20170124,7,CO,洛阳,3.18
20170124,7,CO_24h,洛阳,3.1
20170124,8,AQI,洛阳,283.0
20170124,8,PM2.5,洛阳,233.0
20170124,8,PM2.5_24h,洛阳,241.0
20170124,8,PM10,洛阳,302.0
20170124,8,PM10_24h,洛阳,329.0
20170124,8,SO2,洛阳,44.0
20170124,8,SO2_24h,洛阳,48.0
20170124,8,NO2,洛阳,77.0
20170124,8,NO2_24h,洛阳,81.0
20170124,8,O3,洛阳,10.0
20170124,8,O3_24h,洛阳,66.0
20170124,8,O3_8h,洛阳,11.0
20170124,8,O3_8h_24h,洛阳,14.0
20170124,8,CO,洛阳,3.27
20170124,8,CO_24h,洛阳,3.12
20170124,9,AQI,洛阳,279.0
20170124,9,PM2.5,洛阳,229.0
20170124,9,PM2.5_24h,洛阳,243.0
20170124,9,PM10,洛阳,298.0
20170124,9,PM10_24h,洛阳,330.0
20170124,9,SO2,洛阳,55.0
20170124,9,SO2_24h,洛阳,48.0
20170124,9,NO2,洛阳,76.0
20170124,9,NO2_24h,洛阳,81.0
20170124,9,O3,洛阳,12.0
20170124,9,O3_24h,洛阳,66.0
20170124,9,O3_8h,洛阳,11.0
20170124,9,O3_8h_24h,洛阳,14.0
20170124,9,CO,洛阳,3.4
20170124,9,CO_24h,洛阳,3.13
20170124,10,AQI,洛阳,277.0
20170124,10,PM2.5,洛阳,227.0
20170124,10,PM2.5_24h,洛阳,245.0
20170124,10,PM10,洛阳,307.0
20170124,10,PM10_24h,洛阳,331.0
20170124,10,SO2,洛阳,70.0
20170124,10,SO2_24h,洛阳,49.0
20170124,10,NO2,洛阳,76.0
20170124,10,NO2_24h,洛阳,81.0
20170124,10,O3,洛阳,16.0
20170124,10,O3_24h,洛阳,66.0
20170124,10,O3_8h,洛阳,11.0
20170124,10,O3_8h_24h,洛阳,14.0
20170124,10,CO,洛阳,3.55
20170124,10,CO_24h,洛阳,3.17
20170124,11,AQI,洛阳,280.0
20170124,11,PM2.5,洛阳,230.0
20170124,11,PM2.5_24h,洛阳,247.0
20170124,11,PM10,洛阳,313.0
20170124,11,PM10_24h,洛阳,333.0
20170124,11,SO2,洛阳,81.0
20170124,11,SO2_24h,洛阳,49.0
20170124,11,NO2,洛阳,76.0
20170124,11,NO2_24h,洛阳,81.0
20170124,11,O3,洛阳,21.0
20170124,11,O3_24h,洛阳,66.0
20170124,11,O3_8h,洛阳,12.0
20170124,11,O3_8h_24h,洛阳,15.0
20170124,11,CO,洛阳,3.65
20170124,11,CO_24h,洛阳,3.18
20170124,12,AQI,洛阳,278.0
20170124,12,PM2.5,洛阳,228.0
20170124,12,PM2.5_24h,洛阳,249.0
20170124,12,PM10,洛阳,308.0
20170124,12,PM10_24h,洛阳,335.0
20170124,12,SO2,洛阳,85.0
20170124,12,SO2_24h,洛阳,49.0
20170124,12,NO2,洛阳,76.0
20170124,12,NO2_24h,洛阳,81.0
20170124,12,O3,洛阳,26.0
20170124,12,O3_24h,洛阳,66.0
20170124,12,O3_8h,洛阳,14.0
20170124,12,O3_8h_24h,洛阳,16.0
20170124,12,CO,洛阳,3.52
20170124,12,CO_24h,洛阳,3.22
20170124,13,AQI,洛阳,278.0
20170124,13,PM2.5,洛阳,228.0
20170124,13,PM2.5_24h,洛阳,250.0
20170124,13,PM10,洛阳,312.0
20170124,13,PM10_24h,洛阳,336.0
20170124,13,SO2,洛阳,83.0
20170124,13,SO2_24h,洛阳,50.0
20170124,13,NO2,洛阳,78.0
20170124,13,NO2_24h,洛阳,82.0
20170124,13,O3,洛阳,29.0
20170124,13,O3_24h,洛阳,66.0
20170124,13,O3_8h,洛阳,17.0
20170124,13,O3_8h_24h,洛阳,17.0
20170124,13,CO,洛阳,3.58
20170124,13,CO_24h,洛阳,3.27
20170124,14,AQI,洛阳,286.0
20170124,14,PM2.5,洛阳,236.0
20170124,14,PM2.5_24h,洛阳,252.0
20170124,14,PM10,洛阳,311.0
20170124,14,PM10_24h,洛阳,337.0
20170124,14,SO2,洛阳,83.0
20170124,14,SO2_24h,洛阳,51.0
20170124,14,NO2,洛阳,78.0
20170124,14,NO2_24h,洛阳,82.0
20170124,14,O3,洛阳,32.0
20170124,14,O3_24h,洛阳,66.0
20170124,14,O3_8h,洛阳,20.0
20170124,14,O3_8h_24h,洛阳,20.0
20170124,14,CO,洛阳,3.52
20170124,14,CO_24h,洛阳,3.32
20170124,15,AQI,洛阳,281.0
20170124,15,PM2.5,洛阳,231.0
20170124,15,PM2.5_24h,洛阳,254.0
20170124,15,PM10,洛阳,316.0
20170124,15,PM10_24h,洛阳,340.0
20170124,15,SO2,洛阳,67.0
20170124,15,SO2_24h,洛阳,51.0
20170124,15,NO2,洛阳,75.0
20170124,15,NO2_24h,洛阳,82.0
20170124,15,O3,洛阳,38.0
20170124,15,O3_24h,洛阳,66.0
20170124,15,O3_8h,洛阳,23.0
20170124,15,O3_8h_24h,洛阳,23.0
20170124,15,CO,洛阳,3.57
20170124,15,CO_24h,洛阳,3.37
20170124,16,AQI,洛阳,279.0
20170124,16,PM2.5,洛阳,229.0
20170124,16,PM2.5_24h,洛阳,255.0
20170124,16,PM10,洛阳,317.0
20170124,16,PM10_24h,洛阳,341.0
20170124,16,SO2,洛阳,70.0
20170124,16,SO2_24h,洛阳,52.0
20170124,16,NO2,洛阳,78.0
20170124,16,NO2_24h,洛阳,83.0
20170124,16,O3,洛阳,43.0
20170124,16,O3_24h,洛阳,61.0
20170124,16,O3_8h,洛阳,27.0
20170124,16,O3_8h_24h,洛阳,27.0
20170124,16,CO,洛阳,3.55
20170124,16,CO_24h,洛阳,3.42
20170124,17,AQI,洛阳,274.0
20170124,17,PM2.5,洛阳,224.0
20170124,17,PM2.5_24h,洛阳,256.0
20170124,17,PM10,洛阳,302.0
20170124,17,PM10_24h,洛阳,342.0
20170124,17,SO2,洛阳,70.0
20170124,17,SO2_24h,洛阳,53.0
20170124,17,NO2,洛阳,80.0
20170124,17,NO2_24h,洛阳,83.0
20170124,17,O3,洛阳,43.0
20170124,17,O3_24h,洛阳,47.0
20170124,17,O3_8h,洛阳,31.0
20170124,17,O3_8h_24h,洛阳,31.0
20170124,17,CO,洛阳,3.58
20170124,17,CO_24h,洛阳,3.45
20170124,18,AQI,洛阳,275.0
20170124,18,PM2.5,洛阳,225.0
20170124,18,PM2.5_24h,洛阳,256.0
20170124,18,PM10,洛阳,302.0
20170124,18,PM10_24h,洛阳,342.0
20170124,18,SO2,洛阳,71.0
20170124,18,SO2_24h,洛阳,53.0
20170124,18,NO2,洛阳,92.0
20170124,18,NO2_24h,洛阳,83.0
20170124,18,O3,洛阳,33.0
20170124,18,O3_24h,洛阳,44.0
20170124,18,O3_8h,洛阳,33.0
20170124,18,O3_8h_24h,洛阳,33.0
20170124,18,CO,洛阳,3.62
20170124,18,CO_24h,洛阳,3.48
20170124,19,AQI,洛阳,264.0
20170124,19,PM2.5,洛阳,214.0
20170124,19,PM2.5_24h,洛阳,254.0
20170124,19,PM10,洛阳,328.0
20170124,19,PM10_24h,洛阳,342.0
20170124,19,SO2,洛阳,74.0
20170124,19,SO2_24h,洛阳,54.0
20170124,19,NO2,洛阳,101.0
20170124,19,NO2_24h,洛阳,83.0
20170124,19,O3,洛阳,22.0
20170124,19,O3_24h,洛阳,44.0
20170124,19,O3_8h,洛阳,33.0
20170124,19,O3_8h_24h,洛阳,33.0
20170124,19,CO,洛阳,3.87
20170124,19,CO_24h,洛阳,3.5
20170124,20,AQI,洛阳,292.0
20170124,20,PM2.5,洛阳,242.0
20170124,20,PM2.5_24h,洛阳,252.0
20170124,20,PM10,洛阳,338.0
20170124,20,PM10_24h,洛阳,341.0
20170124,20,SO2,洛阳,68.0
20170124,20,SO2_24h,洛阳,55.0
20170124,20,NO2,洛阳,99.0
20170124,20,NO2_24h,洛阳,82.0
20170124,20,O3,洛阳,19.0
20170124,20,O3_24h,洛阳,44.0
20170124,20,O3_8h,洛阳,32.0
20170124,20,O3_8h_24h,洛阳,33.0
20170124,20,CO,洛阳,3.98
20170124,20,CO_24h,洛阳,3.55
20170124,21,AQI,洛阳,309.0
20170124,21,PM2.5,洛阳,259.0
20170124,21,PM2.5_24h,洛阳,251.0
20170124,21,PM10,洛阳,343.0
20170124,21,PM10_24h,洛阳,339.0
20170124,21,SO2,洛阳,69.0
20170124,21,SO2_24h,洛阳,56.0
20170124,21,NO2,洛阳,100.0
20170124,21,NO2_24h,洛阳,82.0
20170124,21,O3,洛阳,17.0
20170124,21,O3_24h,洛阳,44.0
20170124,21,O3_8h,洛阳,31.0
20170124,21,O3_8h_24h,洛阳,33.0
20170124,21,CO,洛阳,4.1
20170124,21,CO_24h,洛阳,3.57
20170124,22,AQI,洛阳,322.0
20170124,22,PM2.5,洛阳,272.0
20170124,22,PM2.5_24h,洛阳,251.0
20170124,22,PM10,洛阳,348.0
20170124,22,PM10_24h,洛阳,338.0
20170124,22,SO2,洛阳,73.0
20170124,22,SO2_24h,洛阳,57.0
20170124,22,NO2,洛阳,103.0
20170124,22,NO2_24h,洛阳,81.0
20170124,22,O3,洛阳,13.0
20170124,22,O3_24h,洛阳,44.0
20170124,22,O3_8h,洛阳,28.0
20170124,22,O3_8h_24h,洛阳,33.0
20170124,22,CO,洛阳,4.35
20170124,22,CO_24h,洛阳,3.6
20170124,23,AQI,洛阳,340.0
20170124,23,PM2.5,洛阳,290.0
20170124,23,PM2.5_24h,洛阳,251.0
20170124,23,PM10,洛阳,373.0
20170124,23,PM10_24h,洛阳,337.0
20170124,23,SO2,洛阳,65.0
20170124,23,SO2_24h,洛阳,57.0
20170124,23,NO2,洛阳,97.0
20170124,23,NO2_24h,洛阳,81.0
20170124,23,O3,洛阳,13.0
20170124,23,O3_24h,洛阳,44.0
20170124,23,O3_8h,洛阳,25.0
20170124,23,O3_8h_24h,洛阳,33.0
20170124,23,CO,洛阳,4.52
20170124,23,CO_24h,洛阳,3.63
20170124,0,AQI,安阳,409.0
20170124,0,PM2.5,安阳,364.0
20170124,0,PM2.5_24h,安阳,238.0
20170124,0,PM10,安阳,470.0
20170124,0,PM10_24h,安阳,338.0
20170124,0,SO2,安阳,174.0
20170124,0,SO2_24h,安阳,141.0
20170124,0,NO2,安阳,118.0
20170124,0,NO2_24h,安阳,93.0
20170124,0,O3,安阳,11.0
20170124,0,O3_24h,安阳,60.0
20170124,0,O3_8h,安阳,18.0
20170124,0,O3_8h_24h,安阳,41.0
20170124,0,CO,安阳,5.6
20170124,0,CO_24h,安阳,4.55
20170124,1,AQI,安阳,354.0
20170124,1,PM2.5,安阳,304.0
20170124,1,PM2.5_24h,安阳,242.0
20170124,1,PM10,安阳,462.0
20170124,1,PM10_24h,安阳,343.0
20170124,1,SO2,安阳,159.0
20170124,1,SO2_24h,安阳,140.0
20170124,1,NO2,安阳,110.0
20170124,1,NO2_24h,安阳,94.0
20170124,1,O3,安阳,9.0
20170124,1,O3_24h,安阳,60.0
20170124,1,O3_8h,安阳,9.0
20170124,1,O3_8h_24h,安阳,9.0
20170124,1,CO,安阳,5.1
20170124,1,CO_24h,安阳,4.6
20170124,2,AQI,安阳,330.0
20170124,2,PM2.5,安阳,280.0
20170124,2,PM2.5_24h,安阳,244.0
20170124,2,PM10,安阳,395.0
20170124,2,PM10_24h,安阳,346.0
20170124,2,SO2,安阳,145.0
20170124,2,SO2_24h,安阳,139.0
20170124,2,NO2,安阳,108.0
20170124,2,NO2_24h,安阳,94.0
20170124,2,O3,安阳,8.0
20170124,2,O3_24h,安阳,60.0
20170124,2,O3_8h,安阳,8.0
20170124,2,O3_8h_24h,安阳,9.0
20170124,2,CO,安阳,4.75
20170124,2,CO_24h,安阳,4.6
20170124,3,AQI,安阳,314.0
20170124,3,PM2.5,安阳,264.0
20170124,3,PM2.5_24h,安阳,246.0
20170124,3,PM10,安阳,355.0
20170124,3,PM10_24h,安阳,348.0
20170124,3,SO2,安阳,133.0
20170124,3,SO2_24h,安阳,137.0
20170124,3,NO2,安阳,104.0
20170124,3,NO2_24h,安阳,95.0
20170124,3,O3,安阳,7.0
20170124,3,O3_24h,安阳,60.0
20170124,3,O3_8h,安阳,8.0
20170124,3,O3_8h_24h,安阳,9.0
20170124,3,CO,安阳,4.6
20170124,3,CO_24h,安阳,4.6
20170124,4,AQI,安阳,293.0
20170124,4,PM2.5,安阳,243.0
20170124,4,PM2.5_24h,安阳,246.0
20170124,4,PM10,安阳,320.0
20170124,4,PM10_24h,安阳,348.0
20170124,4,SO2,安阳,129.0
20170124,4,SO2_24h,安阳,135.0
20170124,4,NO2,安阳,102.0
20170124,4,NO2_24h,安阳,95.0
20170124,4,O3,安阳,7.0
20170124,4,O3_24h,安阳,60.0
20170124,4,O3_8h,安阳,8.0
20170124,4,O3_8h_24h,安阳,9.0
20170124,4,CO,安阳,4.45
20170124,4,CO_24h,安阳,4.55
20170124,5,AQI,安阳,287.0
20170124,5,PM2.5,安阳,237.0
20170124,5,PM2.5_24h,安阳,247.0
20170124,5,PM10,安阳,327.0
20170124,5,PM10_24h,安阳,349.0
20170124,5,SO2,安阳,143.0
20170124,5,SO2_24h,安阳,133.0
20170124,5,NO2,安阳,99.0
20170124,5,NO2_24h,安阳,96.0
20170124,5,O3,安阳,8.0
20170124,5,O3_24h,安阳,60.0
20170124,5,O3_8h,安阳,8.0
20170124,5,O3_8h_24h,安阳,9.0
20170124,5,CO,安阳,4.4
20170124,5,CO_24h,安阳,4.5
20170124,6,AQI,安阳,275.0
20170124,6,PM2.5,安阳,225.0
20170124,6,PM2.5_24h,安阳,247.0
20170124,6,PM10,安阳,323.0
20170124,6,PM10_24h,安阳,349.0
20170124,6,SO2,安阳,125.0
20170124,6,SO2_24h,安阳,130.0
20170124,6,NO2,安阳,93.0
20170124,6,NO2_24h,安阳,96.0
20170124,6,O3,安阳,7.0
20170124,6,O3_24h,安阳,60.0
20170124,6,O3_8h,安阳,8.0
20170124,6,O3_8h_24h,安阳,9.0
20170124,6,CO,安阳,4.25
20170124,6,CO_24h,安阳,4.5
20170124,7,AQI,安阳,270.0
20170124,7,PM2.5,安阳,220.0
20170124,7,PM2.5_24h,安阳,248.0
20170124,7,PM10,安阳,287.0
20170124,7,PM10_24h,安阳,348.0
20170124,7,SO2,安阳,119.0
20170124,7,SO2_24h,安阳,127.0
20170124,7,NO2,安阳,91.0
20170124,7,NO2_24h,安阳,96.0
20170124,7,O3,安阳,7.0
20170124,7,O3_24h,安阳,60.0
20170124,7,O3_8h,安阳,8.0
20170124,7,O3_8h_24h,安阳,9.0
20170124,7,CO,安阳,4.3
20170124,7,CO_24h,安阳,4.4
20170124,8,AQI,安阳,274.0
20170124,8,PM2.5,安阳,224.0
20170124,8,PM2.5_24h,安阳,248.0
20170124,8,PM10,安阳,286.0
20170124,8,PM10_24h,安阳,346.0
20170124,8,SO2,安阳,117.0
20170124,8,SO2_24h,安阳,125.0
20170124,8,NO2,安阳,90.0
20170124,8,NO2_24h,安阳,96.0
20170124,8,O3,安阳,8.0
20170124,8,O3_24h,安阳,60.0
20170124,8,O3_8h,安阳,8.0
20170124,8,O3_8h_24h,安阳,9.0
20170124,8,CO,安阳,4.65
20170124,8,CO_24h,安阳,4.35
20170124,9,AQI,安阳,285.0
20170124,9,PM2.5,安阳,235.0
20170124,9,PM2.5_24h,安阳,249.0
20170124,9,PM10,安阳,297.0
20170124,9,PM10_24h,安阳,343.0
20170124,9,SO2,安阳,130.0
20170124,9,SO2_24h,安阳,124.0
20170124,9,NO2,安阳,87.0
20170124,9,NO2_24h,安阳,96.0
20170124,9,O3,安阳,10.0
20170124,9,O3_24h,安阳,60.0
20170124,9,O3_8h,安阳,8.0
20170124,9,O3_8h_24h,安阳,9.0
20170124,9,CO,安阳,4.45
20170124,9,CO_24h,安阳,4.25
20170124,10,AQI,安阳,289.0
20170124,10,PM2.5,安阳,239.0
20170124,10,PM2.5_24h,安阳,248.0
20170124,10,PM10,安阳,303.0
20170124,10,PM10_24h,安阳,340.0
20170124,10,SO2,安阳,132.0
20170124,10,SO2_24h,安阳,123.0
20170124,10,NO2,安阳,87.0
20170124,10,NO2_24h,安阳,96.0
20170124,10,O3,安阳,12.0
20170124,10,O3_24h,安阳,60.0
20170124,10,O3_8h,安阳,8.0
20170124,10,O3_8h_24h,安阳,9.0
20170124,10,CO,安阳,4.25
20170124,10,CO_24h,安阳,4.2
20170124,11,AQI,安阳,288.0
20170124,11,PM2.5,安阳,238.0
20170124,11,PM2.5_24h,安阳,247.0
20170124,11,PM10,安阳,322.0
20170124,11,PM10_24h,安阳,337.0
20170124,11,SO2,安阳,128.0
20170124,11,SO2_24h,安阳,121.0
20170124,11,NO2,安阳,90.0
20170124,11,NO2_24h,安阳,95.0
20170124,11,O3,安阳,14.0
20170124,11,O3_24h,安阳,60.0
20170124,11,O3_8h,安阳,9.0
20170124,11,O3_8h_24h,安阳,9.0
20170124,11,CO,安阳,4.5
20170124,11,CO_24h,安阳,4.15
20170124,12,AQI,安阳,285.0
20170124,12,PM2.5,安阳,235.0
20170124,12,PM2.5_24h,安阳,246.0
20170124,12,PM10,安阳,342.0
20170124,12,PM10_24h,安阳,335.0
20170124,12,SO2,安阳,126.0
20170124,12,SO2_24h,安阳,120.0
20170124,12,NO2,安阳,94.0
20170124,12,NO2_24h,安阳,95.0
20170124,12,O3,安阳,15.0
20170124,12,O3_24h,安阳,60.0
20170124,12,O3_8h,安阳,10.0
20170124,12,O3_8h_24h,安阳,10.0
20170124,12,CO,安阳,4.7
20170124,12,CO_24h,安阳,4.15
20170124,13,AQI,安阳,260.0
20170124,13,PM2.5,安阳,210.0
20170124,13,PM2.5_24h,安阳,244.0
20170124,13,PM10,安阳,315.0
20170124,13,PM10_24h,安阳,334.0
20170124,13,SO2,安阳,109.0
20170124,13,SO2_24h,安阳,119.0
20170124,13,NO2,安阳,91.0
20170124,13,NO2_24h,安阳,95.0
20170124,13,O3,安阳,20.0
20170124,13,O3_24h,安阳,60.0
20170124,13,O3_8h,安阳,12.0
20170124,13,O3_8h_24h,安阳,12.0
20170124,13,CO,安阳,4.0
20170124,13,CO_24h,安阳,4.15
20170124,14,AQI,安阳,235.0
20170124,14,PM2.5,安阳,185.0
20170124,14,PM2.5_24h,安阳,241.0
20170124,14,PM10,安阳,264.0
20170124,14,PM10_24h,安阳,330.0
20170124,14,SO2,安阳,97.0
20170124,14,SO2_24h,安阳,119.0
20170124,14,NO2,安阳,85.0
20170124,14,NO2_24h,安阳,95.0
20170124,14,O3,安阳,26.0
20170124,14,O3_24h,安阳,60.0
20170124,14,O3_8h,安阳,14.0
20170124,14,O3_8h_24h,安阳,14.0
20170124,14,CO,安阳,3.45
20170124,14,CO_24h,安阳,4.15
20170124,15,AQI,安阳,219.0
20170124,15,PM2.5,安阳,169.0
20170124,15,PM2.5_24h,安阳,238.0
20170124,15,PM10,安阳,236.0
20170124,15,PM10_24h,安阳,326.0
20170124,15,SO2,安阳,91.0
20170124,15,SO2_24h,安阳,119.0
20170124,15,NO2,安阳,78.0
20170124,15,NO2_24h,安阳,96.0
20170124,15,O3,安阳,32.0
20170124,15,O3_24h,安阳,59.0
20170124,15,O3_8h,安阳,17.0
20170124,15,O3_8h_24h,安阳,17.0
20170124,15,CO,安阳,3.1
20170124,15,CO_24h,安阳,4.15
20170124,16,AQI,安阳,213.0
20170124,16,PM2.5,安阳,163.0
20170124,16,PM2.5_24h,安阳,236.0
20170124,16,PM10,安阳,254.0
20170124,16,PM10_24h,安阳,324.0
20170124,16,SO2,安阳,91.0
20170124,16,SO2_24h,安阳,120.0
20170124,16,NO2,安阳,79.0
20170124,16,NO2_24h,安阳,97.0
20170124,16,O3,安阳,33.0
20170124,16,O3_24h,安阳,52.0
20170124,16,O3_8h,安阳,20.0
20170124,16,O3_8h_24h,安阳,20.0
20170124,16,CO,安阳,2.9
20170124,16,CO_24h,安阳,4.15
20170124,17,AQI,安阳,214.0
20170124,17,PM2.5,安阳,164.0
20170124,17,PM2.5_24h,安阳,237.0
20170124,17,PM10,安阳,241.0
20170124,17,PM10_24h,安阳,324.0
20170124,17,SO2,安阳,89.0
20170124,17,SO2_24h,安阳,122.0
20170124,17,NO2,安阳,84.0
20170124,17,NO2_24h,安阳,98.0
20170124,17,O3,安阳,28.0
20170124,17,O3_24h,安阳,37.0
20170124,17,O3_8h,安阳,23.0
20170124,17,O3_8h_24h,安阳,23.0
20170124,17,CO,安阳,2.85
20170124,17,CO_24h,安阳,4.2
20170124,18,AQI,安阳,224.0
20170124,18,PM2.5,安阳,174.0
20170124,18,PM2.5_24h,安阳,238.0
20170124,18,PM10,安阳,240.0
20170124,18,PM10_24h,安阳,326.0
20170124,18,SO2,安阳,91.0
20170124,18,SO2_24h,安阳,123.0
20170124,18,NO2,安阳,101.0
20170124,18,NO2_24h,安阳,99.0
20170124,18,O3,安阳,13.0
20170124,18,O3_24h,安阳,33.0
20170124,18,O3_8h,安阳,23.0
20170124,18,O3_8h_24h,安阳,23.0
20170124,18,CO,安阳,3.15
20170124,18,CO_24h,安阳,4.25
20170124,19,AQI,安阳,236.0
20170124,19,PM2.5,安阳,186.0
20170124,19,PM2.5_24h,安阳,238.0
20170124,19,PM10,安阳,248.0
20170124,19,PM10_24h,安阳,326.0
20170124,19,SO2,安阳,96.0
20170124,19,SO2_24h,安阳,124.0
20170124,19,NO2,安阳,107.0
20170124,19,NO2_24h,安阳,99.0
20170124,19,O3,安阳,8.0
20170124,19,O3_24h,安阳,33.0
20170124,19,O3_8h,安阳,22.0
20170124,19,O3_8h_24h,安阳,23.0
20170124,19,CO,安阳,3.8
20170124,19,CO_24h,安阳,4.2
20170124,20,AQI,安阳,249.0
20170124,20,PM2.5,安阳,199.0
20170124,20,PM2.5_24h,安阳,239.0
20170124,20,PM10,安阳,270.0
20170124,20,PM10_24h,安阳,324.0
20170124,20,SO2,安阳,117.0
20170124,20,SO2_24h,安阳,125.0
20170124,20,NO2,安阳,105.0
20170124,20,NO2_24h,安阳,98.0
20170124,20,O3,安阳,10.0
20170124,20,O3_24h,安阳,33.0
20170124,20,O3_8h,安阳,21.0
20170124,20,O3_8h_24h,安阳,23.0
20170124,20,CO,安阳,4.35
20170124,20,CO_24h,安阳,4.2
20170124,21,AQI,安阳,267.0
20170124,21,PM2.5,安阳,217.0
20170124,21,PM2.5_24h,安阳,236.0
20170124,21,PM10,安阳,325.0
20170124,21,PM10_24h,安阳,323.0
20170124,21,SO2,安阳,138.0
20170124,21,SO2_24h,安阳,126.0
20170124,21,NO2,安阳,114.0
20170124,21,NO2_24h,安阳,98.0
20170124,21,O3,安阳,9.0
20170124,21,O3_24h,安阳,33.0
20170124,21,O3_8h,安阳,20.0
20170124,21,O3_8h_24h,安阳,23.0
20170124,21,CO,安阳,5.45
20170124,21,CO_24h,安阳,4.2
20170124,22,AQI,安阳,285.0
20170124,22,PM2.5,安阳,235.0
20170124,22,PM2.5_24h,安阳,232.0
20170124,22,PM10,安阳,351.0
20170124,22,PM10_24h,安阳,320.0
20170124,22,SO2,安阳,122.0
20170124,22,SO2_24h,安阳,124.0
20170124,22,NO2,安阳,107.0
20170124,22,NO2_24h,安阳,98.0
20170124,22,O3,安阳,10.0
20170124,22,O3_24h,安阳,33.0
20170124,22,O3_8h,安阳,18.0
20170124,22,O3_8h_24h,安阳,23.0
20170124,22,CO,安阳,6.65
20170124,22,CO_24h,安阳,4.35
20170124,23,AQI,安阳,301.0
20170124,23,PM2.5,安阳,251.0
20170124,23,PM2.5_24h,安阳,228.0
20170124,23,PM10,安阳,393.0
20170124,23,PM10_24h,安阳,318.0
20170124,23,SO2,安阳,105.0
20170124,23,SO2_24h,安阳,121.0
20170124,23,NO2,安阳,101.0
20170124,23,NO2_24h,安阳,97.0
20170124,23,O3,安阳,10.0
20170124,23,O3_24h,安阳,33.0
20170124,23,O3_8h,安阳,15.0
20170124,23,O3_8h_24h,安阳,23.0
20170124,23,CO,安阳,6.15
20170124,23,CO_24h,安阳,4.4
20170124,0,AQI,开封,197.0
20170124,0,PM2.5,开封,148.0
20170124,0,PM2.5_24h,开封,132.0
20170124,0,PM10,开封,197.0
20170124,0,PM10_24h,开封,174.0
20170124,0,SO2,开封,37.0
20170124,0,SO2_24h,开封,42.0
20170124,0,NO2,开封,81.0
20170124,0,NO2_24h,开封,56.0
20170124,0,O3,开封,9.0
20170124,0,O3_24h,开封,88.0
20170124,0,O3_8h,开封,35.0
20170124,0,O3_8h_24h,开封,68.0
20170124,0,CO,开封,3.1
20170124,0,CO_24h,开封,1.95
20170124,1,AQI,开封,166.0
20170124,1,PM2.5,开封,126.0
20170124,1,PM2.5_24h,开封,131.0
20170124,1,PM10,开封,185.0
20170124,1,PM10_24h,开封,171.0
20170124,1,SO2,开封,34.0
20170124,1,SO2_24h,开封,42.0
20170124,1,NO2,开封,79.0
20170124,1,NO2_24h,开封,56.0
20170124,1,O3,开封,10.0
20170124,1,O3_24h,开封,88.0
20170124,1,O3_8h,开封,10.0
20170124,1,O3_8h_24h,开封,10.0
20170124,1,CO,开封,2.6
20170124,1,CO_24h,开封,1.95
20170124,2,AQI,开封,159.0
20170124,2,PM2.5,开封,121.0
20170124,2,PM2.5_24h,开封,128.0
20170124,2,PM10,开封,157.0
20170124,2,PM10_24h,开封,168.0
20170124,2,SO2,开封,32.0
20170124,2,SO2_24h,开封,41.0
20170124,2,NO2,开封,60.0
20170124,2,NO2_24h,开封,56.0
20170124,2,O3,开封,21.0
20170124,2,O3_24h,开封,88.0
20170124,2,O3_8h,开封,16.0
20170124,2,O3_8h_24h,开封,16.0
20170124,2,CO,开封,2.05
20170124,2,CO_24h,开封,1.95
20170124,3,AQI,开封,128.0
20170124,3,PM2.5,开封,97.0
20170124,3,PM2.5_24h,开封,124.0
20170124,3,PM10,开封,121.0
20170124,3,PM10_24h,开封,164.0
20170124,3,SO2,开封,28.0
20170124,3,SO2_24h,开封,40.0
20170124,3,NO2,开封,44.0
20170124,3,NO2_24h,开封,55.0
20170124,3,O3,开封,31.0
20170124,3,O3_24h,开封,88.0
20170124,3,O3_8h,开封,21.0
20170124,3,O3_8h_24h,开封,21.0
20170124,3,CO,开封,1.9
20170124,3,CO_24h,开封,1.95
20170124,4,AQI,开封,131.0
20170124,4,PM2.5,开封,100.0
20170124,4,PM2.5_24h,开封,121.0
20170124,4,PM10,开封,112.0
20170124,4,PM10_24h,开封,160.0
20170124,4,SO2,开封,25.0
20170124,4,SO2_24h,开封,40.0
20170124,4,NO2,开封,44.0
20170124,4,NO2_24h,开封,55.0
20170124,4,O3,开封,28.0
20170124,4,O3_24h,开封,88.0
20170124,4,O3_8h,开封,23.0
20170124,4,O3_8h_24h,开封,23.0
20170124,4,CO,开封,1.85
20170124,4,CO_24h,开封,1.95
20170124,5,AQI,开封,317.0
20170124,5,PM2.5,开封,267.0
20170124,5,PM2.5_24h,开封,126.0
20170124,5,PM10_24h,开封,160.0
20170124,5,SO2,开封,63.0
20170124,5,SO2_24h,开封,40.0
20170124,5,NO2,开封,65.0
20170124,5,NO2_24h,开封,56.0
20170124,5,O3,开封,10.0
20170124,5,O3_24h,开封,88.0
20170124,5,O3_8h,开封,20.0
20170124,5,O3_8h_24h,开封,23.0
20170124,5,CO,开封,3.1
20170124,5,CO_24h,开封,2.0
20170124,6,AQI,开封,366.0
20170124,6,PM2.5,开封,316.0
20170124,6,PM2.5_24h,开封,134.0
20170124,6,PM10_24h,开封,159.0
20170124,6,SO2,开封,114.0
20170124,6,SO2_24h,开封,43.0
20170124,6,NO2,开封,74.0
20170124,6,NO2_24h,开封,57.0
20170124,6,O3,开封,6.0
20170124,6,O3_24h,开封,88.0
20170124,6,O3_8h,开封,18.0
20170124,6,O3_8h_24h,开封,23.0
20170124,6,CO,开封,3.65
20170124,6,CO_24h,开封,2.1
20170124,7,AQI,开封,376.0
20170124,7,PM2.5,开封,326.0
20170124,7,PM2.5_24h,开封,142.0
20170124,7,PM10_24h,开封,159.0
20170124,7,SO2,开封,138.0
20170124,7,SO2_24h,开封,48.0
20170124,7,NO2,开封,78.0
20170124,7,NO2_24h,开封,59.0
20170124,7,O3,开封,5.0
20170124,7,O3_24h,开封,88.0
20170124,7,O3_8h,开封,16.0
20170124,7,O3_8h_24h,开封,23.0
20170124,7,CO,开封,3.7
20170124,7,CO_24h,开封,2.2
20170124,8,AQI,开封,367.0
20170124,8,PM2.5,开封,317.0
20170124,8,PM2.5_24h,开封,150.0
20170124,8,PM10_24h,开封,160.0
20170124,8,SO2,开封,114.0
20170124,8,SO2_24h,开封,51.0
20170124,8,NO2,开封,77.0
20170124,8,NO2_24h,开封,60.0
20170124,8,O3,开封,5.0
20170124,8,O3_24h,开封,88.0
20170124,8,O3_8h,开封,14.0
20170124,8,O3_8h_24h,开封,23.0
20170124,8,CO,开封,3.75
20170124,8,CO_24h,开封,2.3
20170124,9,AQI,开封,364.0
20170124,9,PM2.5,开封,314.0
20170124,9,PM2.5_24h,开封,159.0
20170124,9,PM10,开封,319.0
20170124,9,PM10_24h,开封,169.0
20170124,9,SO2,开封,99.0
20170124,9,SO2_24h,开封,53.0
20170124,9,NO2,开封,73.0
20170124,9,NO2_24h,开封,60.0
20170124,9,O3,开封,10.0
20170124,9,O3_24h,开封,88.0
20170124,9,O3_8h,开封,15.0
20170124,9,O3_8h_24h,开封,23.0
20170124,9,CO,开封,3.8
20170124,9,CO_24h,开封,2.3
20170124,10,AQI,开封,354.0
20170124,10,PM2.5,开封,304.0
20170124,10,PM2.5_24h,开封,167.0
20170124,10,PM10_24h,开封,171.0
20170124,10,SO2,开封,87.0
20170124,10,SO2_24h,开封,55.0
20170124,10,NO2,开封,65.0
20170124,10,NO2_24h,开封,61.0
20170124,10,O3,开封,16.0
20170124,10,O3_24h,开封,88.0
20170124,10,O3_8h,开封,14.0
20170124,10,O3_8h_24h,开封,23.0
20170124,10,CO,开封,3.5
20170124,10,CO_24h,开封,2.4
20170124,11,AQI,开封,336.0
20170124,11,PM2.5,开封,286.0
20170124,11,PM2.5_24h,开封,174.0
20170124,11,PM10,开封,297.0
20170124,11,PM10_24h,开封,178.0
20170124,11,SO2,开封,86.0
20170124,11,SO2_24h,开封,57.0
20170124,11,NO2,开封,65.0
20170124,11,NO2_24h,开封,62.0
20170124,11,O3,开封,26.0
20170124,11,O3_24h,开封,88.0
20170124,11,O3_8h,开封,13.0
20170124,11,O3_8h_24h,开封,23.0
20170124,11,CO,开封,3.05
20170124,11,CO_24h,开封,2.5
20170124,12,AQI,开封,282.0
20170124,12,PM2.5,开封,232.0
20170124,12,PM2.5_24h,开封,179.0
20170124,12,PM10,开封,284.0
20170124,12,PM10_24h,开封,184.0
20170124,12,SO2,开封,66.0
20170124,12,SO2_24h,开封,57.0
20170124,12,NO2,开封,57.0
20170124,12,NO2_24h,开封,63.0
20170124,12,O3,开封,39.0
20170124,12,O3_24h,开封,88.0
20170124,12,O3_8h,开封,15.0
20170124,12,O3_8h_24h,开封,23.0
20170124,12,CO,开封,2.8
20170124,12,CO_24h,开封,2.5
20170124,13,AQI,开封,249.0
20170124,13,PM2.5,开封,199.0
20170124,13,PM2.5_24h,开封,182.0
20170124,13,PM10,开封,255.0
20170124,13,PM10_24h,开封,189.0
20170124,13,SO2,开封,54.0
20170124,13,SO2_24h,开封,58.0
20170124,13,NO2,开封,53.0
20170124,13,NO2_24h,开封,63.0
20170124,13,O3,开封,50.0
20170124,13,O3_24h,开封,88.0
20170124,13,O3_8h,开封,20.0
20170124,13,O3_8h_24h,开封,23.0
20170124,13,CO,开封,2.55
20170124,13,CO_24h,开封,2.55
20170124,14,AQI,开封,237.0
20170124,14,PM2.5,开封,187.0
20170124,14,PM2.5_24h,开封,185.0
20170124,14,PM10,开封,230.0
20170124,14,PM10_24h,开封,193.0
20170124,14,SO2,开封,52.0
20170124,14,SO2_24h,开封,59.0
20170124,14,NO2,开封,52.0
20170124,14,NO2_24h,开封,64.0
20170124,14,O3,开封,57.0
20170124,14,O3_24h,开封,88.0
20170124,14,O3_8h,开封,26.0
20170124,14,O3_8h_24h,开封,26.0
20170124,14,CO,开封,2.35
20170124,14,CO_24h,开封,2.6
20170124,15,AQI,开封,228.0
20170124,15,PM2.5,开封,178.0
20170124,15,PM2.5_24h,开封,188.0
20170124,15,PM10,开封,218.0
20170124,15,PM10_24h,开封,198.0
20170124,15,SO2,开封,49.0
20170124,15,SO2_24h,开封,60.0
20170124,15,NO2,开封,52.0
20170124,15,NO2_24h,开封,65.0
20170124,15,O3,开封,59.0
20170124,15,O3_24h,开封,88.0
20170124,15,O3_8h,开封,33.0
20170124,15,O3_8h_24h,开封,33.0
20170124,15,CO,开封,2.25
20170124,15,CO_24h,开封,2.65
20170124,16,AQI,开封,221.0
20170124,16,PM2.5,开封,171.0
20170124,16,PM2.5_24h,开封,192.0
20170124,16,PM10,开封,220.0
20170124,16,PM10_24h,开封,202.0
20170124,16,SO2,开封,47.0
20170124,16,SO2_24h,开封,60.0
20170124,16,NO2,开封,52.0
20170124,16,NO2_24h,开封,66.0
20170124,16,O3,开封,59.0
20170124,16,O3_24h,开封,88.0
20170124,16,O3_8h,开封,40.0
20170124,16,O3_8h_24h,开封,40.0
20170124,16,CO,开封,2.2
20170124,16,CO_24h,开封,2.65
20170124,17,AQI,开封,230.0
20170124,17,PM2.5,开封,180.0
20170124,17,PM2.5_24h,开封,195.0
20170124,17,PM10,开封,208.0
20170124,17,PM10_24h,开封,207.0
20170124,17,SO2,开封,51.0
20170124,17,SO2_24h,开封,61.0
20170124,17,NO2,开封,55.0
20170124,17,NO2_24h,开封,66.0
20170124,17,O3,开封,53.0
20170124,17,O3_24h,开封,64.0
20170124,17,O3_8h,开封,45.0
20170124,17,O3_8h_24h,开封,45.0
20170124,17,CO,开封,2.35
20170124,17,CO_24h,开封,2.65
20170124,18,AQI,开封,242.0
20170124,18,PM2.5,开封,192.0
20170124,18,PM2.5_24h,开封,199.0
20170124,18,PM10,开封,215.0
20170124,18,PM10_24h,开封,211.0
20170124,18,SO2,开封,56.0
20170124,18,SO2_24h,开封,62.0
20170124,18,NO2,开封,64.0
20170124,18,NO2_24h,开封,67.0
20170124,18,O3,开封,42.0
20170124,18,O3_24h,开封,60.0
20170124,18,O3_8h,开封,48.0
20170124,18,O3_8h_24h,开封,48.0
20170124,18,CO,开封,2.45
20170124,18,CO_24h,开封,2.75
20170124,19,AQI,开封,255.0
20170124,19,PM2.5,开封,205.0
20170124,19,PM2.5_24h,开封,202.0
20170124,19,PM10,开封,231.0
20170124,19,PM10_24h,开封,213.0
20170124,19,SO2,开封,62.0
20170124,19,SO2_24h,开封,63.0
20170124,19,NO2,开封,72.0
20170124,19,NO2_24h,开封,66.0
20170124,19,O3,开封,30.0
20170124,19,O3_24h,开封,60.0
20170124,19,O3_8h,开封,49.0
20170124,19,O3_8h_24h,开封,49.0
20170124,19,CO,开封,2.6
20170124,19,CO_24h,开封,2.75
20170124,20,AQI,开封,266.0
20170124,20,PM2.5,开封,216.0
20170124,20,PM2.5_24h,开封,205.0
20170124,20,PM10,开封,284.0
20170124,20,PM10_24h,开封,217.0
20170124,20,SO2,开封,65.0
20170124,20,SO2_24h,开封,63.0
20170124,20,NO2,开封,73.0
20170124,20,NO2_24h,开封,65.0
20170124,20,O3,开封,25.0
20170124,20,O3_24h,开封,60.0
20170124,20,O3_8h,开封,47.0
20170124,20,O3_8h_24h,开封,49.0
20170124,20,CO,开封,2.65
20170124,20,CO_24h,开封,2.75
20170124,21,AQI,开封,272.0
20170124,21,PM2.5,开封,222.0
20170124,21,PM2.5_24h,开封,208.0
20170124,21,PM10,开封,272.0
20170124,21,PM10_24h,开封,220.0
20170124,21,SO2,开封,64.0
20170124,21,SO2_24h,开封,64.0
20170124,21,NO2,开封,71.0
20170124,21,NO2_24h,开封,65.0
20170124,21,O3,开封,23.0
20170124,21,O3_24h,开封,60.0
20170124,21,O3_8h,开封,43.0
20170124,21,O3_8h_24h,开封,49.0
20170124,21,CO,开封,2.75
20170124,21,CO_24h,开封,2.75
20170124,22,AQI,开封,273.0
20170124,22,PM2.5,开封,223.0
20170124,22,PM2.5_24h,开封,212.0
20170124,22,PM10,开封,259.0
20170124,22,PM10_24h,开封,223.0
20170124,22,SO2,开封,75.0
20170124,22,SO2_24h,开封,65.0
20170124,22,NO2,开封,64.0
20170124,22,NO2_24h,开封,65.0
20170124,22,O3,开封,24.0
20170124,22,O3_24h,开封,60.0
20170124,22,O3_8h,开封,39.0
20170124,22,O3_8h_24h,开封,49.0
20170124,22,CO,开封,2.7
20170124,22,CO_24h,开封,2.75
20170124,23,AQI,开封,274.0
20170124,23,PM2.5,开封,224.0
20170124,23,PM2.5_24h,开封,215.0
20170124,23,PM10,开封,248.0
20170124,23,PM10_24h,开封,227.0
20170124,23,SO2,开封,68.0
20170124,23,SO2_24h,开封,65.0
20170124,23,NO2,开封,64.0
20170124,23,NO2_24h,开封,64.0
20170124,23,O3,开封,22.0
20170124,23,O3_24h,开封,60.0
20170124,23,O3_8h,开封,35.0
20170124,23,O3_8h_24h,开封,49.0
20170124,23,CO,开封,2.7
20170124,23,CO_24h,开封,2.75
20170124,0,AQI,焦作,229.0
20170124,0,PM2.5,焦作,179.0
20170124,0,PM2.5_24h,焦作,173.0
20170124,0,PM10,焦作,282.0
20170124,0,PM10_24h,焦作,251.0
20170124,0,SO2,焦作,41.0
20170124,0,SO2_24h,焦作,62.0
20170124,0,NO2,焦作,72.0
20170124,0,NO2_24h,焦作,72.0
20170124,0,O3,焦作,26.0
20170124,0,O3_24h,焦作,76.0
20170124,0,O3_8h,焦作,35.0
20170124,0,O3_8h_24h,焦作,53.0
20170124,0,CO,焦作,2.9
20170124,0,CO_24h,焦作,2.67
20170124,1,AQI,焦作,225.0
20170124,1,PM2.5,焦作,175.0
20170124,1,PM2.5_24h,焦作,176.0
20170124,1,PM10,焦作,263.0
20170124,1,PM10_24h,焦作,254.0
20170124,1,SO2,焦作,42.0
20170124,1,SO2_24h,焦作,62.0
20170124,1,NO2,焦作,60.0
20170124,1,NO2_24h,焦作,71.0
20170124,1,O3,焦作,37.0
20170124,1,O3_24h,焦作,76.0
20170124,1,O3_8h,焦作,37.0
20170124,1,O3_8h_24h,焦作,37.0
20170124,1,CO,焦作,2.6
20170124,1,CO_24h,焦作,2.67
20170124,2,AQI,焦作,233.0
20170124,2,PM2.5,焦作,183.0
20170124,2,PM2.5_24h,焦作,178.0
20170124,2,PM10,焦作,272.0
20170124,2,PM10_24h,焦作,257.0
20170124,2,SO2,焦作,69.0
20170124,2,SO2_24h,焦作,63.0
20170124,2,NO2,焦作,62.0
20170124,2,NO2_24h,焦作,71.0
20170124,2,O3,焦作,30.0
20170124,2,O3_24h,焦作,76.0
20170124,2,O3_8h,焦作,34.0
20170124,2,O3_8h_24h,焦作,38.0
20170124,2,CO,焦作,2.5
20170124,2,CO_24h,焦作,2.67
20170124,3,AQI,焦作,251.0
20170124,3,PM2.5,焦作,201.0
20170124,3,PM2.5_24h,焦作,181.0
20170124,3,PM10,焦作,273.0
20170124,3,PM10_24h,焦作,261.0
20170124,3,SO2,焦作,64.0
20170124,3,SO2_24h,焦作,63.0
20170124,3,NO2,焦作,68.0
20170124,3,NO2_24h,焦作,72.0
20170124,3,O3,焦作,18.0
20170124,3,O3_24h,焦作,76.0
20170124,3,O3_8h,焦作,28.0
20170124,3,O3_8h_24h,焦作,38.0
20170124,3,CO,焦作,2.63
20170124,3,CO_24h,焦作,2.7
20170124,4,AQI,焦作,265.0
20170124,4,PM2.5,焦作,215.0
20170124,4,PM2.5_24h,焦作,185.0
20170124,4,PM10,焦作,291.0
20170124,4,PM10_24h,焦作,265.0
20170124,4,SO2,焦作,56.0
20170124,4,SO2_24h,焦作,63.0
20170124,4,NO2,焦作,73.0
20170124,4,NO2_24h,焦作,72.0
20170124,4,O3,焦作,11.0
20170124,4,O3_24h,焦作,76.0
20170124,4,O3_8h,焦作,24.0
20170124,4,O3_8h_24h,焦作,38.0
20170124,4,CO,焦作,2.83
20170124,4,CO_24h,焦作,2.7
20170124,5,AQI,焦作,274.0
20170124,5,PM2.5,焦作,224.0
20170124,5,PM2.5_24h,焦作,190.0
20170124,5,PM10,焦作,310.0
20170124,5,PM10_24h,焦作,270.0
20170124,5,SO2,焦作,48.0
20170124,5,SO2_24h,焦作,63.0
20170124,5,NO2,焦作,79.0
20170124,5,NO2_24h,焦作,73.0
20170124,5,O3,焦作,7.0
20170124,5,O3_24h,焦作,76.0
20170124,5,O3_8h,焦作,21.0
20170124,5,O3_8h_24h,焦作,38.0
20170124,5,CO,焦作,3.13
20170124,5,CO_24h,焦作,2.77
20170124,6,AQI,焦作,311.0
20170124,6,PM2.5,焦作,261.0
20170124,6,PM2.5_24h,焦作,195.0
20170124,6,PM10,焦作,346.0
20170124,6,PM10_24h,焦作,277.0
20170124,6,SO2,焦作,63.0
20170124,6,SO2_24h,焦作,63.0
20170124,6,NO2,焦作,90.0
20170124,6,NO2_24h,焦作,74.0
20170124,6,O3,焦作,6.0
20170124,6,O3_24h,焦作,76.0
20170124,6,O3_8h,焦作,18.0
20170124,6,O3_8h_24h,焦作,38.0
20170124,6,CO,焦作,3.63
20170124,6,CO_24h,焦作,2.8
20170124,7,AQI,焦作,318.0
20170124,7,PM2.5,焦作,268.0
20170124,7,PM2.5_24h,焦作,200.0
20170124,7,PM10,焦作,348.0
20170124,7,PM10_24h,焦作,283.0
20170124,7,SO2,焦作,74.0
20170124,7,SO2_24h,焦作,64.0
20170124,7,NO2,焦作,96.0
20170124,7,NO2_24h,焦作,75.0
20170124,7,O3,焦作,5.0
20170124,7,O3_24h,焦作,76.0
20170124,7,O3_8h,焦作,17.0
20170124,7,O3_8h_24h,焦作,38.0
20170124,7,CO,焦作,3.9
20170124,7,CO_24h,焦作,2.87
20170124,8,AQI,焦作,309.0
20170124,8,PM2.5,焦作,259.0
20170124,8,PM2.5_24h,焦作,206.0
20170124,8,PM10,焦作,337.0
20170124,8,PM10_24h,焦作,289.0
20170124,8,SO2,焦作,75.0
20170124,8,SO2_24h,焦作,64.0
20170124,8,NO2,焦作,97.0
20170124,8,NO2_24h,焦作,76.0
20170124,8,O3,焦作,6.0
20170124,8,O3_24h,焦作,76.0
20170124,8,O3_8h,焦作,15.0
20170124,8,O3_8h_24h,焦作,38.0
20170124,8,CO,焦作,3.9
20170124,8,CO_24h,焦作,2.9
20170124,9,AQI,焦作,313.0
20170124,9,PM2.5,焦作,263.0
20170124,9,PM2.5_24h,焦作,210.0
20170124,9,PM10,焦作,343.0
20170124,9,PM10_24h,焦作,293.0
20170124,9,SO2,焦作,79.0
20170124,9,SO2_24h,焦作,63.0
20170124,9,NO2,焦作,93.0
20170124,9,NO2_24h,焦作,77.0
20170124,9,O3,焦作,8.0
20170124,9,O3_24h,焦作,76.0
20170124,9,O3_8h,焦作,11.0
20170124,9,O3_8h_24h,焦作,38.0
20170124,9,CO,焦作,3.93
20170124,9,CO_24h,焦作,2.97
20170124,10,AQI,焦作,287.0
20170124,10,PM2.5,焦作,237.0
20170124,10,PM2.5_24h,焦作,213.0
20170124,10,PM10,焦作,327.0
20170124,10,PM10_24h,焦作,296.0
20170124,10,SO2,焦作,93.0
20170124,10,SO2_24h,焦作,63.0
20170124,10,NO2,焦作,84.0
20170124,10,NO2_24h,焦作,77.0
20170124,10,O3,焦作,14.0
20170124,10,O3_24h,焦作,76.0
20170124,10,O3_8h,焦作,9.0
20170124,10,O3_8h_24h,焦作,38.0
20170124,10,CO,焦作,3.77
20170124,10,CO_24h,焦作,2.97
20170124,11,AQI,焦作,303.0
20170124,11,PM2.5,焦作,253.0
20170124,11,PM2.5_24h,焦作,216.0
20170124,11,PM10,焦作,327.0
20170124,11,PM10_24h,焦作,298.0
20170124,11,SO2,焦作,106.0
20170124,11,SO2_24h,焦作,63.0
20170124,11,NO2,焦作,82.0
20170124,11,NO2_24h,焦作,77.0
20170124,11,O3,焦作,21.0
20170124,11,O3_24h,焦作,76.0
20170124,11,O3_8h,焦作,10.0
20170124,11,O3_8h_24h,焦作,38.0
20170124,11,CO,焦作,3.67
20170124,11,CO_24h,焦作,3.03
20170124,12,AQI,焦作,303.0
20170124,12,PM2.5,焦作,253.0
20170124,12,PM2.5_24h,焦作,219.0
20170124,12,PM10,焦作,327.0
20170124,12,PM10_24h,焦作,302.0
20170124,12,SO2,焦作,114.0
20170124,12,SO2_24h,焦作,64.0
20170124,12,NO2,焦作,82.0
20170124,12,NO2_24h,焦作,78.0
20170124,12,O3,焦作,27.0
20170124,12,O3_24h,焦作,76.0
20170124,12,O3_8h,焦作,12.0
20170124,12,O3_8h_24h,焦作,38.0
20170124,12,CO,焦作,3.57
20170124,12,CO_24h,焦作,3.03
20170124,13,AQI,焦作,305.0
20170124,13,PM2.5,焦作,255.0
20170124,13,PM2.5_24h,焦作,222.0
20170124,13,PM10,焦作,336.0
20170124,13,PM10_24h,焦作,304.0
20170124,13,SO2,焦作,92.0
20170124,13,SO2_24h,焦作,64.0
20170124,13,NO2,焦作,82.0
20170124,13,NO2_24h,焦作,79.0
20170124,13,O3,焦作,32.0
20170124,13,O3_24h,焦作,76.0
20170124,13,O3_8h,焦作,15.0
20170124,13,O3_8h_24h,焦作,38.0
20170124,13,CO,焦作,3.57
20170124,13,CO_24h,焦作,3.13
20170124,14,AQI,焦作,307.0
20170124,14,PM2.5,焦作,257.0
20170124,14,PM2.5_24h,焦作,226.0
20170124,14,PM10,焦作,333.0
20170124,14,PM10_24h,焦作,307.0
20170124,14,SO2,焦作,90.0
20170124,14,SO2_24h,焦作,66.0
20170124,14,NO2,焦作,82.0
20170124,14,NO2_24h,焦作,80.0
20170124,14,O3,焦作,37.0
20170124,14,O3_24h,焦作,76.0
20170124,14,O3_8h,焦作,19.0
20170124,14,O3_8h_24h,焦作,38.0
20170124,14,CO,焦作,3.5
20170124,14,CO_24h,焦作,3.17
20170124,15,AQI,焦作,323.0
20170124,15,PM2.5,焦作,273.0
20170124,15,PM2.5_24h,焦作,230.0
20170124,15,PM10,焦作,330.0
20170124,15,PM10_24h,焦作,311.0
20170124,15,SO2,焦作,86.0
20170124,15,SO2_24h,焦作,67.0
20170124,15,NO2,焦作,83.0
20170124,15,NO2_24h,焦作,81.0
20170124,15,O3,焦作,40.0
20170124,15,O3_24h,焦作,68.0
20170124,15,O3_8h,焦作,23.0
20170124,15,O3_8h_24h,焦作,38.0
20170124,15,CO,焦作,3.5
20170124,15,CO_24h,焦作,3.23
20170124,16,AQI,焦作,304.0
20170124,16,PM2.5,焦作,254.0
20170124,16,PM2.5_24h,焦作,232.0
20170124,16,PM10,焦作,324.0
20170124,16,PM10_24h,焦作,313.0
20170124,16,SO2,焦作,87.0
20170124,16,SO2_24h,焦作,68.0
20170124,16,NO2,焦作,87.0
20170124,16,NO2_24h,焦作,82.0
20170124,16,O3,焦作,40.0
20170124,16,O3_24h,焦作,60.0
20170124,16,O3_8h,焦作,27.0
20170124,16,O3_8h_24h,焦作,38.0
20170124,16,CO,焦作,3.47
20170124,16,CO_24h,焦作,3.27
20170124,17,AQI,焦作,288.0
20170124,17,PM2.5,焦作,238.0
20170124,17,PM2.5_24h,焦作,233.0
20170124,17,PM10,焦作,318.0
20170124,17,PM10_24h,焦作,314.0
20170124,17,SO2,焦作,86.0
20170124,17,SO2_24h,焦作,69.0
20170124,17,NO2,焦作,90.0
20170124,17,NO2_24h,焦作,83.0
20170124,17,O3,焦作,38.0
20170124,17,O3_24h,焦作,49.0
20170124,17,O3_8h,焦作,31.0
20170124,17,O3_8h_24h,焦作,38.0
20170124,17,CO,焦作,3.47
20170124,17,CO_24h,焦作,3.27
20170124,18,AQI,焦作,307.0
20170124,18,PM2.5,焦作,257.0
20170124,18,PM2.5_24h,焦作,234.0
20170124,18,PM10,焦作,332.0
20170124,18,PM10_24h,焦作,315.0
20170124,18,SO2,焦作,77.0
20170124,18,SO2_24h,焦作,70.0
20170124,18,NO2,焦作,97.0
20170124,18,NO2_24h,焦作,84.0
20170124,18,O3,焦作,28.0
20170124,18,O3_24h,焦作,43.0
20170124,18,O3_8h,焦作,33.0
20170124,18,O3_8h_24h,焦作,38.0
20170124,18,CO,焦作,3.6
20170124,18,CO_24h,焦作,3.33
20170124,19,AQI,焦作,318.0
20170124,19,PM2.5,焦作,268.0
20170124,19,PM2.5_24h,焦作,235.0
20170124,19,PM10,焦作,350.0
20170124,19,PM10_24h,焦作,315.0
20170124,19,SO2,焦作,67.0
20170124,19,SO2_24h,焦作,71.0
20170124,19,NO2,焦作,103.0
20170124,19,NO2_24h,焦作,84.0
20170124,19,O3,焦作,16.0
20170124,19,O3_24h,焦作,43.0
20170124,19,O3_8h,焦作,32.0
20170124,19,O3_8h_24h,焦作,38.0
20170124,19,CO,焦作,3.67
20170124,19,CO_24h,焦作,3.37
20170124,20,AQI,焦作,323.0
20170124,20,PM2.5,焦作,273.0
20170124,20,PM2.5_24h,焦作,236.0
20170124,20,PM10,焦作,357.0
20170124,20,PM10_24h,焦作,316.0
20170124,20,SO2,焦作,68.0
20170124,20,SO2_24h,焦作,71.0
20170124,20,NO2,焦作,109.0
20170124,20,NO2_24h,焦作,84.0
20170124,20,O3,焦作,9.0
20170124,20,O3_24h,焦作,43.0
20170124,20,O3_8h,焦作,30.0
20170124,20,O3_8h_24h,焦作,38.0
20170124,20,CO,焦作,4.0
20170124,20,CO_24h,焦作,3.37
20170124,21,AQI,焦作,334.0
20170124,21,PM2.5,焦作,284.0
20170124,21,PM2.5_24h,焦作,238.0
20170124,21,PM10,焦作,377.0
20170124,21,PM10_24h,焦作,319.0
20170124,21,SO2,焦作,71.0
20170124,21,SO2_24h,焦作,72.0
20170124,21,NO2,焦作,111.0
20170124,21,NO2_24h,焦作,85.0
20170124,21,O3,焦作,7.0
20170124,21,O3_24h,焦作,43.0
20170124,21,O3_8h,焦作,27.0
20170124,21,O3_8h_24h,焦作,38.0
20170124,21,CO,焦作,4.63
20170124,21,CO_24h,焦作,3.43
20170124,22,AQI,焦作,351.0
20170124,22,PM2.5,焦作,301.0
20170124,22,PM2.5_24h,焦作,243.0
20170124,22,PM10,焦作,393.0
20170124,22,PM10_24h,焦作,324.0
20170124,22,SO2,焦作,67.0
20170124,22,SO2_24h,焦作,73.0
20170124,22,NO2,焦作,105.0
20170124,22,NO2_24h,焦作,86.0
20170124,22,O3,焦作,7.0
20170124,22,O3_24h,焦作,43.0
20170124,22,O3_8h,焦作,23.0
20170124,22,O3_8h_24h,焦作,38.0
20170124,22,CO,焦作,4.77
20170124,22,CO_24h,焦作,3.5
20170124,23,AQI,焦作,349.0
20170124,23,PM2.5,焦作,299.0
20170124,23,PM2.5_24h,焦作,247.0
20170124,23,PM10,焦作,376.0
20170124,23,PM10_24h,焦作,328.0
20170124,23,SO2,焦作,63.0
20170124,23,SO2_24h,焦作,74.0
20170124,23,NO2,焦作,98.0
20170124,23,NO2_24h,焦作,87.0
20170124,23,O3,焦作,7.0
20170124,23,O3_24h,焦作,43.0
20170124,23,O3_8h,焦作,19.0
20170124,23,O3_8h_24h,焦作,38.0
20170124,23,CO,焦作,5.1
20170124,23,CO_24h,焦作,3.57
20170124,0,AQI,平顶山,186.0
20170124,0,PM2.5,平顶山,140.0
20170124,0,PM2.5_24h,平顶山,202.0
20170124,0,PM10,平顶山,211.0
20170124,0,PM10_24h,平顶山,302.0
20170124,0,SO2,平顶山,43.0
20170124,0,SO2_24h,平顶山,62.0
20170124,0,NO2,平顶山,69.0
20170124,0,NO2_24h,平顶山,73.0
20170124,0,O3,平顶山,29.0
20170124,0,O3_24h,平顶山,81.0
20170124,0,O3_8h,平顶山,50.0
20170124,0,O3_8h_24h,平顶山,64.0
20170124,0,CO,平顶山,1.6
20170124,0,CO_24h,平顶山,2.1
20170124,1,AQI,平顶山,181.0
20170124,1,PM2.5,平顶山,137.0
20170124,1,PM2.5_24h,平顶山,200.0
20170124,1,PM10,平顶山,232.0
20170124,1,PM10_24h,平顶山,298.0
20170124,1,SO2,平顶山,40.0
20170124,1,SO2_24h,平顶山,62.0
20170124,1,NO2,平顶山,65.0
20170124,1,NO2_24h,平顶山,71.0
20170124,1,O3,平顶山,31.0
20170124,1,O3_24h,平顶山,81.0
20170124,1,O3_8h,平顶山,31.0
20170124,1,O3_8h_24h,平顶山,31.0
20170124,1,CO,平顶山,1.6
20170124,1,CO_24h,平顶山,2.07
20170124,2,AQI,平顶山,197.0
20170124,2,PM2.5,平顶山,148.0
20170124,2,PM2.5_24h,平顶山,198.0
20170124,2,PM10,平顶山,230.0
20170124,2,PM10_24h,平顶山,294.0
20170124,2,SO2,平顶山,44.0
20170124,2,SO2_24h,平顶山,62.0
20170124,2,NO2,平顶山,78.0
20170124,2,NO2_24h,平顶山,71.0
20170124,2,O3,平顶山,20.0
20170124,2,O3_24h,平顶山,81.0
20170124,2,O3_8h,平顶山,26.0
20170124,2,O3_8h_24h,平顶山,31.0
20170124,2,CO,平顶山,1.67
20170124,2,CO_24h,平顶山,2.03
20170124,3,AQI,平顶山,200.0
20170124,3,PM2.5,平顶山,150.0
20170124,3,PM2.5_24h,平顶山,196.0
20170124,3,PM10,平顶山,234.0
20170124,3,PM10_24h,平顶山,289.0
20170124,3,SO2,平顶山,49.0
20170124,3,SO2_24h,平顶山,61.0
20170124,3,NO2,平顶山,72.0
20170124,3,NO2_24h,平顶山,71.0
20170124,3,O3,平顶山,22.0
20170124,3,O3_24h,平顶山,81.0
20170124,3,O3_8h,平顶山,25.0
20170124,3,O3_8h_24h,平顶山,31.0
20170124,3,CO,平顶山,1.7
20170124,3,CO_24h,平顶山,2.03
20170124,4,AQI,平顶山,208.0
20170124,4,PM2.5,平顶山,158.0
20170124,4,PM2.5_24h,平顶山,193.0
20170124,4,PM10,平顶山,252.0
20170124,4,PM10_24h,平顶山,285.0
20170124,4,SO2,平顶山,36.0
20170124,4,SO2_24h,平顶山,59.0
20170124,4,NO2,平顶山,67.0
20170124,4,NO2_24h,平顶山,70.0
20170124,4,O3,平顶山,18.0
20170124,4,O3_24h,平顶山,81.0
20170124,4,O3_8h,平顶山,23.0
20170124,4,O3_8h_24h,平顶山,31.0
20170124,4,CO,平顶山,1.9
20170124,4,CO_24h,平顶山,1.97
20170124,5,AQI,平顶山,230.0
20170124,5,PM2.5,平顶山,180.0
20170124,5,PM2.5_24h,平顶山,191.0
20170124,5,PM10,平顶山,287.0
20170124,5,PM10_24h,平顶山,283.0
20170124,5,SO2,平顶山,34.0
20170124,5,SO2_24h,平顶山,58.0
20170124,5,NO2,平顶山,65.0
20170124,5,NO2_24h,平顶山,69.0
20170124,5,O3,平顶山,18.0
20170124,5,O3_24h,平顶山,81.0
20170124,5,O3_8h,平顶山,22.0
20170124,5,O3_8h_24h,平顶山,31.0
20170124,5,CO,平顶山,1.93
20170124,5,CO_24h,平顶山,1.93
20170124,6,AQI,平顶山,221.0
20170124,6,PM2.5,平顶山,171.0
20170124,6,PM2.5_24h,平顶山,189.0
20170124,6,PM10,平顶山,267.0
20170124,6,PM10_24h,平顶山,280.0
20170124,6,SO2,平顶山,37.0
20170124,6,SO2_24h,平顶山,56.0
20170124,6,NO2,平顶山,61.0
20170124,6,NO2_24h,平顶山,69.0
20170124,6,O3,平顶山,19.0
20170124,6,O3_24h,平顶山,81.0
20170124,6,O3_8h,平顶山,21.0
20170124,6,O3_8h_24h,平顶山,31.0
20170124,6,CO,平顶山,1.83
20170124,6,CO_24h,平顶山,1.93
20170124,7,AQI,平顶山,214.0
20170124,7,PM2.5,平顶山,164.0
20170124,7,PM2.5_24h,平顶山,187.0
20170124,7,PM10,平顶山,234.0
20170124,7,PM10_24h,平顶山,276.0
20170124,7,SO2,平顶山,41.0
20170124,7,SO2_24h,平顶山,54.0
20170124,7,NO2,平顶山,63.0
20170124,7,NO2_24h,平顶山,69.0
20170124,7,O3,平顶山,14.0
20170124,7,O3_24h,平顶山,81.0
20170124,7,O3_8h,平顶山,20.0
20170124,7,O3_8h_24h,平顶山,31.0
20170124,7,CO,平顶山,2.0
20170124,7,CO_24h,平顶山,1.9
20170124,8,AQI,平顶山,236.0
20170124,8,PM2.5,平顶山,186.0
20170124,8,PM2.5_24h,平顶山,184.0
20170124,8,PM10,平顶山,262.0
20170124,8,PM10_24h,平顶山,273.0
20170124,8,SO2,平顶山,30.0
20170124,8,SO2_24h,平顶山,52.0
20170124,8,NO2,平顶山,55.0
20170124,8,NO2_24h,平顶山,68.0
20170124,8,O3,平顶山,20.0
20170124,8,O3_24h,平顶山,81.0
20170124,8,O3_8h,平顶山,20.0
20170124,8,O3_8h_24h,平顶山,31.0
20170124,8,CO,平顶山,1.77
20170124,8,CO_24h,平顶山,1.9
20170124,9,AQI,平顶山,208.0
20170124,9,PM2.5,平顶山,158.0
20170124,9,PM2.5_24h,平顶山,182.0
20170124,9,PM10,平顶山,212.0
20170124,9,PM10_24h,平顶山,269.0
20170124,9,SO2,平顶山,29.0
20170124,9,SO2_24h,平顶山,49.0
20170124,9,NO2,平顶山,46.0
20170124,9,NO2_24h,平顶山,67.0
20170124,9,O3,平顶山,28.0
20170124,9,O3_24h,平顶山,81.0
20170124,9,O3_8h,平顶山,20.0
20170124,9,O3_8h_24h,平顶山,31.0
20170124,9,CO,平顶山,1.63
20170124,9,CO_24h,平顶山,1.87
20170124,10,AQI,平顶山,197.0
20170124,10,PM2.5,平顶山,148.0
20170124,10,PM2.5_24h,平顶山,179.0
20170124,10,PM10,平顶山,203.0
20170124,10,PM10_24h,平顶山,263.0
20170124,10,SO2,平顶山,34.0
20170124,10,SO2_24h,平顶山,46.0
20170124,10,NO2,平顶山,44.0
20170124,10,NO2_24h,平顶山,65.0
20170124,10,O3,平顶山,31.0
20170124,10,O3_24h,平顶山,81.0
20170124,10,O3_8h,平顶山,21.0
20170124,10,O3_8h_24h,平顶山,31.0
20170124,10,CO,平顶山,1.63
20170124,10,CO_24h,平顶山,1.77
20170124,11,AQI,平顶山,183.0
20170124,11,PM2.5,平顶山,138.0
20170124,11,PM2.5_24h,平顶山,174.0
20170124,11,PM10,平顶山,202.0
20170124,11,PM10_24h,平顶山,256.0
20170124,11,SO2,平顶山,35.0
20170124,11,SO2_24h,平顶山,43.0
20170124,11,NO2,平顶山,47.0
20170124,11,NO2_24h,平顶山,64.0
20170124,11,O3,平顶山,37.0
20170124,11,O3_24h,平顶山,81.0
20170124,11,O3_8h,平顶山,23.0
20170124,11,O3_8h_24h,平顶山,31.0
20170124,11,CO,平顶山,1.9
20170124,11,CO_24h,平顶山,1.77
20170124,12,AQI,平顶山,210.0
20170124,12,PM2.5,平顶山,160.0
20170124,12,PM2.5_24h,平顶山,170.0
20170124,12,PM10,平顶山,217.0
20170124,12,PM10_24h,平顶山,249.0
20170124,12,SO2,平顶山,39.0
20170124,12,SO2_24h,平顶山,41.0
20170124,12,NO2,平顶山,48.0
20170124,12,NO2_24h,平顶山,62.0
20170124,12,O3,平顶山,44.0
20170124,12,O3_24h,平顶山,81.0
20170124,12,O3_8h,平顶山,27.0
20170124,12,O3_8h_24h,平顶山,31.0
20170124,12,CO,平顶山,2.03
20170124,12,CO_24h,平顶山,1.77
20170124,13,AQI,平顶山,210.0
20170124,13,PM2.5,平顶山,160.0
20170124,13,PM2.5_24h,平顶山,165.0
20170124,13,PM10,平顶山,232.0
20170124,13,PM10_24h,平顶山,242.0
20170124,13,SO2,平顶山,47.0
20170124,13,SO2_24h,平顶山,40.0
20170124,13,NO2,平顶山,48.0
20170124,13,NO2_24h,平顶山,61.0
20170124,13,O3,平顶山,51.0
20170124,13,O3_24h,平顶山,81.0
20170124,13,O3_8h,平顶山,30.0
20170124,13,O3_8h_24h,平顶山,32.0
20170124,13,CO,平顶山,1.97
20170124,13,CO_24h,平顶山,1.73
20170124,14,AQI,平顶山,196.0
20170124,14,PM2.5,平顶山,147.0
20170124,14,PM2.5_24h,平顶山,160.0
20170124,14,PM10,平顶山,204.0
20170124,14,PM10_24h,平顶山,235.0
20170124,14,SO2,平顶山,42.0
20170124,14,SO2_24h,平顶山,39.0
20170124,14,NO2,平顶山,49.0
20170124,14,NO2_24h,平顶山,60.0
20170124,14,O3,平顶山,56.0
20170124,14,O3_24h,平顶山,81.0
20170124,14,O3_8h,平顶山,35.0
20170124,14,O3_8h_24h,平顶山,35.0
20170124,14,CO,平顶山,1.93
20170124,14,CO_24h,平顶山,1.7
20170124,15,AQI,平顶山,196.0
20170124,15,PM2.5,平顶山,147.0
20170124,15,PM2.5_24h,平顶山,155.0
20170124,15,PM10,平顶山,192.0
20170124,15,PM10_24h,平顶山,229.0
20170124,15,SO2,平顶山,44.0
20170124,15,SO2_24h,平顶山,39.0
20170124,15,NO2,平顶山,55.0
20170124,15,NO2_24h,平顶山,60.0
20170124,15,O3,平顶山,55.0
20170124,15,O3_24h,平顶山,81.0
20170124,15,O3_8h,平顶山,40.0
20170124,15,O3_8h_24h,平顶山,40.0
20170124,15,CO,平顶山,2.0
20170124,15,CO_24h,平顶山,1.7
20170124,16,AQI,平顶山,217.0
20170124,16,PM2.5,平顶山,167.0
20170124,16,PM2.5_24h,平顶山,153.0
20170124,16,PM10,平顶山,222.0
20170124,16,PM10_24h,平顶山,227.0
20170124,16,SO2,平顶山,50.0
20170124,16,SO2_24h,平顶山,40.0
20170124,16,NO2,平顶山,56.0
20170124,16,NO2_24h,平顶山,60.0
20170124,16,O3,平顶山,54.0
20170124,16,O3_24h,平顶山,80.0
20170124,16,O3_8h,平顶山,45.0
20170124,16,O3_8h_24h,平顶山,45.0
20170124,16,CO,平顶山,2.03
20170124,16,CO_24h,平顶山,1.73
20170124,17,AQI,平顶山,221.0
20170124,17,PM2.5,平顶山,171.0
20170124,17,PM2.5_24h,平顶山,153.0
20170124,17,PM10,平顶山,238.0
20170124,17,PM10_24h,平顶山,226.0
20170124,17,SO2,平顶山,41.0
20170124,17,SO2_24h,平顶山,40.0
20170124,17,NO2,平顶山,61.0
20170124,17,NO2_24h,平顶山,60.0
20170124,17,O3,平顶山,53.0
20170124,17,O3_24h,平顶山,74.0
20170124,17,O3_8h,平顶山,47.0
20170124,17,O3_8h_24h,平顶山,47.0
20170124,17,CO,平顶山,2.0
20170124,17,CO_24h,平顶山,1.8
20170124,18,AQI,平顶山,224.0
20170124,18,PM2.5,平顶山,174.0
20170124,18,PM2.5_24h,平顶山,154.0
20170124,18,PM10,平顶山,229.0
20170124,18,PM10_24h,平顶山,226.0
20170124,18,SO2,平顶山,42.0
20170124,18,SO2_24h,平顶山,41.0
20170124,18,NO2,平顶山,72.0
20170124,18,NO2_24h,平顶山,61.0
20170124,18,O3,平顶山,46.0
20170124,18,O3_24h,平顶山,57.0
20170124,18,O3_8h,平顶山,49.0
20170124,18,O3_8h_24h,平顶山,49.0
20170124,18,CO,平顶山,2.13
20170124,18,CO_24h,平顶山,1.8
20170124,19,AQI,平顶山,246.0
20170124,19,PM2.5,平顶山,196.0
20170124,19,PM2.5_24h,平顶山,157.0
20170124,19,PM10,平顶山,266.0
20170124,19,PM10_24h,平顶山,229.0
20170124,19,SO2,平顶山,42.0
20170124,19,SO2_24h,平顶山,41.0
20170124,19,NO2,平顶山,78.0
20170124,19,NO2_24h,平顶山,62.0
20170124,19,O3,平顶山,39.0
20170124,19,O3_24h,平顶山,56.0
20170124,19,O3_8h,平顶山,50.0
20170124,19,O3_8h_24h,平顶山,50.0
20170124,19,CO,平顶山,2.3
20170124,19,CO_24h,平顶山,1.8
20170124,20,AQI,平顶山,250.0
20170124,20,PM2.5,平顶山,200.0
20170124,20,PM2.5_24h,平顶山,159.0
20170124,20,PM10,平顶山,267.0
20170124,20,PM10_24h,平顶山,232.0
20170124,20,SO2,平顶山,42.0
20170124,20,SO2_24h,平顶山,41.0
20170124,20,NO2,平顶山,78.0
20170124,20,NO2_24h,平顶山,62.0
20170124,20,O3,平顶山,34.0
20170124,20,O3_24h,平顶山,56.0
20170124,20,O3_8h,平顶山,49.0
20170124,20,O3_8h_24h,平顶山,50.0
20170124,20,CO,平顶山,2.37
20170124,20,CO_24h,平顶山,1.87
20170124,21,AQI,平顶山,247.0
20170124,21,PM2.5,平顶山,197.0
20170124,21,PM2.5_24h,平顶山,161.0
20170124,21,PM10,平顶山,268.0
20170124,21,PM10_24h,平顶山,234.0
20170124,21,SO2,平顶山,48.0
20170124,21,SO2_24h,平顶山,41.0
20170124,21,NO2,平顶山,76.0
20170124,21,NO2_24h,平顶山,62.0
20170124,21,O3,平顶山,33.0
20170124,21,O3_24h,平顶山,56.0
20170124,21,O3_8h,平顶山,46.0
20170124,21,O3_8h_24h,平顶山,50.0
20170124,21,CO,平顶山,2.3
20170124,21,CO_24h,平顶山,1.9
20170124,22,AQI,平顶山,249.0
20170124,22,PM2.5,平顶山,199.0
20170124,22,PM2.5_24h,平顶山,164.0
20170124,22,PM10,平顶山,274.0
20170124,22,PM10_24h,平顶山,235.0
20170124,22,SO2,平顶山,64.0
20170124,22,SO2_24h,平顶山,41.0
20170124,22,NO2,平顶山,76.0
20170124,22,NO2_24h,平顶山,62.0
20170124,22,O3,平顶山,30.0
20170124,22,O3_24h,平顶山,56.0
20170124,22,O3_8h,平顶山,43.0
20170124,22,O3_8h_24h,平顶山,50.0
20170124,22,CO,平顶山,2.27
20170124,22,CO_24h,平顶山,1.9
20170124,23,AQI,平顶山,251.0
20170124,23,PM2.5,平顶山,201.0
20170124,23,PM2.5_24h,平顶山,166.0
20170124,23,PM10,平顶山,269.0
20170124,23,PM10_24h,平顶山,238.0
20170124,23,SO2,平顶山,52.0
20170124,23,SO2_24h,平顶山,42.0
20170124,23,NO2,平顶山,74.0
20170124,23,NO2_24h,平顶山,63.0
20170124,23,O3,平顶山,25.0
20170124,23,O3_24h,平顶山,56.0
20170124,23,O3_8h,平顶山,39.0
20170124,23,O3_8h_24h,平顶山,50.0
20170124,23,CO,平顶山,2.33
20170124,23,CO_24h,平顶山,1.97
20170124,0,AQI,三门峡,254.0
20170124,0,PM2.5,三门峡,204.0
20170124,0,PM2.5_24h,三门峡,135.0
20170124,0,PM10,三门峡,263.0
20170124,0,PM10_24h,三门峡,195.0
20170124,0,SO2,三门峡,68.0
20170124,0,SO2_24h,三门峡,73.0
20170124,0,NO2,三门峡,54.0
20170124,0,NO2_24h,三门峡,57.0
20170124,0,O3,三门峡,69.0
20170124,0,O3_24h,三门峡,90.0
20170124,0,O3_8h,三门峡,79.0
20170124,0,O3_8h_24h,三门峡,84.0
20170124,0,CO,三门峡,2.27
20170124,0,CO_24h,三门峡,2.07
20170124,1,AQI,三门峡,263.0
20170124,1,PM2.5,三门峡,213.0
20170124,1,PM2.5_24h,三门峡,140.0
20170124,1,PM10,三门峡,293.0
20170124,1,PM10_24h,三门峡,203.0
20170124,1,SO2,三门峡,69.0
20170124,1,SO2_24h,三门峡,75.0
20170124,1,NO2,三门峡,54.0
20170124,1,NO2_24h,三门峡,57.0
20170124,1,O3,三门峡,63.0
20170124,1,O3_24h,三门峡,90.0
20170124,1,O3_8h,三门峡,63.0
20170124,1,O3_8h_24h,三门峡,63.0
20170124,1,CO,三门峡,2.33
20170124,1,CO_24h,三门峡,2.1
20170124,2,AQI,三门峡,276.0
20170124,2,PM2.5,三门峡,226.0
20170124,2,PM2.5_24h,三门峡,147.0
20170124,2,PM10,三门峡,301.0
20170124,2,PM10_24h,三门峡,210.0
20170124,2,SO2,三门峡,71.0
20170124,2,SO2_24h,三门峡,76.0
20170124,2,NO2,三门峡,57.0
20170124,2,NO2_24h,三门峡,57.0
20170124,2,O3,三门峡,53.0
20170124,2,O3_24h,三门峡,90.0
20170124,2,O3_8h,三门峡,58.0
20170124,2,O3_8h_24h,三门峡,63.0
20170124,2,CO,三门峡,2.5
20170124,2,CO_24h,三门峡,2.1
20170124,3,AQI,三门峡,298.0
20170124,3,PM2.5,三门峡,248.0
20170124,3,PM2.5_24h,三门峡,155.0
20170124,3,PM10,三门峡,300.0
20170124,3,PM10_24h,三门峡,218.0
20170124,3,SO2,三门峡,78.0
20170124,3,SO2_24h,三门峡,78.0
20170124,3,NO2,三门峡,63.0
20170124,3,NO2_24h,三门峡,57.0
20170124,3,O3,三门峡,43.0
20170124,3,O3_24h,三门峡,90.0
20170124,3,O3_8h,三门峡,53.0
20170124,3,O3_8h_24h,三门峡,63.0
20170124,3,CO,三门峡,2.5
20170124,3,CO_24h,三门峡,2.1
20170124,4,AQI,三门峡,297.0
20170124,4,PM2.5,三门峡,247.0
20170124,4,PM2.5_24h,三门峡,163.0
20170124,4,PM10,三门峡,301.0
20170124,4,PM10_24h,三门峡,227.0
20170124,4,SO2,三门峡,74.0
20170124,4,SO2_24h,三门峡,80.0
20170124,4,NO2,三门峡,61.0
20170124,4,NO2_24h,三门峡,58.0
20170124,4,O3,三门峡,40.0
20170124,4,O3_24h,三门峡,90.0
20170124,4,O3_8h,三门峡,50.0
20170124,4,O3_8h_24h,三门峡,63.0
20170124,4,CO,三门峡,2.5
20170124,4,CO_24h,三门峡,2.17
20170124,5,AQI,三门峡,280.0
20170124,5,PM2.5,三门峡,230.0
20170124,5,PM2.5_24h,三门峡,170.0
20170124,5,PM10,三门峡,289.0
20170124,5,PM10_24h,三门峡,235.0
20170124,5,SO2,三门峡,61.0
20170124,5,SO2_24h,三门峡,81.0
20170124,5,NO2,三门峡,57.0
20170124,5,NO2_24h,三门峡,58.0
20170124,5,O3,三门峡,40.0
20170124,5,O3_24h,三门峡,90.0
20170124,5,O3_8h,三门峡,48.0
20170124,5,O3_8h_24h,三门峡,63.0
20170124,5,CO,三门峡,2.3
20170124,5,CO_24h,三门峡,2.2
20170124,6,AQI,三门峡,275.0
20170124,6,PM2.5,三门峡,225.0
20170124,6,PM2.5_24h,三门峡,176.0
20170124,6,PM10,三门峡,273.0
20170124,6,PM10_24h,三门峡,241.0
20170124,6,SO2,三门峡,58.0
20170124,6,SO2_24h,三门峡,80.0
20170124,6,NO2,三门峡,55.0
20170124,6,NO2_24h,三门峡,58.0
20170124,6,O3,三门峡,39.0
20170124,6,O3_24h,三门峡,90.0
20170124,6,O3_8h,三门峡,46.0
20170124,6,O3_8h_24h,三门峡,63.0
20170124,6,CO,三门峡,2.3
20170124,6,CO_24h,三门峡,2.2
20170124,7,AQI,三门峡,265.0
20170124,7,PM2.5,三门峡,215.0
20170124,7,PM2.5_24h,三门峡,179.0
20170124,7,PM10,三门峡,287.0
20170124,7,PM10_24h,三门峡,245.0
20170124,7,SO2,三门峡,59.0
20170124,7,SO2_24h,三门峡,79.0
20170124,7,NO2,三门峡,56.0
20170124,7,NO2_24h,三门峡,57.0
20170124,7,O3,三门峡,36.0
20170124,7,O3_24h,三门峡,90.0
20170124,7,O3_8h,三门峡,45.0
20170124,7,O3_8h_24h,三门峡,63.0
20170124,7,CO,三门峡,2.37
20170124,7,CO_24h,三门峡,2.2
20170124,8,AQI,三门峡,256.0
20170124,8,PM2.5,三门峡,206.0
20170124,8,PM2.5_24h,三门峡,181.0
20170124,8,PM10,三门峡,269.0
20170124,8,PM10_24h,三门峡,246.0
20170124,8,SO2,三门峡,60.0
20170124,8,SO2_24h,三门峡,77.0
20170124,8,NO2,三门峡,56.0
20170124,8,NO2_24h,三门峡,57.0
20170124,8,O3,三门峡,34.0
20170124,8,O3_24h,三门峡,90.0
20170124,8,O3_8h,三门峡,43.0
20170124,8,O3_8h_24h,三门峡,63.0
20170124,8,CO,三门峡,2.37
20170124,8,CO_24h,三门峡,2.2
20170124,9,AQI,三门峡,244.0
20170124,9,PM2.5,三门峡,194.0
20170124,9,PM2.5_24h,三门峡,183.0
20170124,9,PM10,三门峡,259.0
20170124,9,PM10_24h,三门峡,247.0
20170124,9,SO2,三门峡,58.0
20170124,9,SO2_24h,三门峡,75.0
20170124,9,NO2,三门峡,56.0
20170124,9,NO2_24h,三门峡,57.0
20170124,9,O3,三门峡,32.0
20170124,9,O3_24h,三门峡,90.0
20170124,9,O3_8h,三门峡,39.0
20170124,9,O3_8h_24h,三门峡,63.0
20170124,9,CO,三门峡,2.37
20170124,9,CO_24h,三门峡,2.2
20170124,10,AQI,三门峡,235.0
20170124,10,PM2.5,三门峡,185.0
20170124,10,PM2.5_24h,三门峡,185.0
20170124,10,PM10,三门峡,236.0
20170124,10,PM10_24h,三门峡,248.0
20170124,10,SO2,三门峡,50.0
20170124,10,SO2_24h,三门峡,73.0
20170124,10,NO2,三门峡,52.0
20170124,10,NO2_24h,三门峡,56.0
20170124,10,O3,三门峡,35.0
20170124,10,O3_24h,三门峡,90.0
20170124,10,O3_8h,三门峡,37.0
20170124,10,O3_8h_24h,三门峡,63.0
20170124,10,CO,三门峡,2.3
20170124,10,CO_24h,三门峡,2.2
20170124,11,AQI,三门峡,228.0
20170124,11,PM2.5,三门峡,178.0
20170124,11,PM2.5_24h,三门峡,187.0
20170124,11,PM10,三门峡,224.0
20170124,11,PM10_24h,三门峡,248.0
20170124,11,SO2,三门峡,49.0
20170124,11,SO2_24h,三门峡,71.0
20170124,11,NO2,三门峡,49.0
20170124,11,NO2_24h,三门峡,56.0
20170124,11,O3,三门峡,37.0
20170124,11,O3_24h,三门峡,90.0
20170124,11,O3_8h,三门峡,36.0
20170124,11,O3_8h_24h,三门峡,63.0
20170124,11,CO,三门峡,2.33
20170124,11,CO_24h,三门峡,2.23
20170124,12,AQI,三门峡,246.0
20170124,12,PM2.5,三门峡,196.0
20170124,12,PM2.5_24h,三门峡,189.0
20170124,12,PM10,三门峡,241.0
20170124,12,PM10_24h,三门峡,248.0
20170124,12,SO2,三门峡,58.0
20170124,12,SO2_24h,三门峡,70.0
20170124,12,NO2,三门峡,55.0
20170124,12,NO2_24h,三门峡,56.0
20170124,12,O3,三门峡,43.0
20170124,12,O3_24h,三门峡,90.0
20170124,12,O3_8h,三门峡,37.0
20170124,12,O3_8h_24h,三门峡,63.0
20170124,12,CO,三门峡,2.47
20170124,12,CO_24h,三门峡,2.27
20170124,13,AQI,三门峡,253.0
20170124,13,PM2.5,三门峡,203.0
20170124,13,PM2.5_24h,三门峡,191.0
20170124,13,PM10,三门峡,275.0
20170124,13,PM10_24h,三门峡,250.0
20170124,13,SO2,三门峡,60.0
20170124,13,SO2_24h,三门峡,69.0
20170124,13,NO2,三门峡,58.0
20170124,13,NO2_24h,三门峡,56.0
20170124,13,O3,三门峡,50.0
20170124,13,O3_24h,三门峡,90.0
20170124,13,O3_8h,三门峡,38.0
20170124,13,O3_8h_24h,三门峡,63.0
20170124,13,CO,三门峡,2.57
20170124,13,CO_24h,三门峡,2.3
20170124,14,AQI,三门峡,255.0
20170124,14,PM2.5,三门峡,205.0
20170124,14,PM2.5_24h,三门峡,194.0
20170124,14,PM10,三门峡,257.0
20170124,14,PM10_24h,三门峡,251.0
20170124,14,SO2,三门峡,59.0
20170124,14,SO2_24h,三门峡,69.0
20170124,14,NO2,三门峡,58.0
20170124,14,NO2_24h,三门峡,57.0
20170124,14,O3,三门峡,58.0
20170124,14,O3_24h,三门峡,90.0
20170124,14,O3_8h,三门峡,40.0
20170124,14,O3_8h_24h,三门峡,63.0
20170124,14,CO,三门峡,2.57
20170124,14,CO_24h,三门峡,2.3
20170124,15,AQI,三门峡,236.0
20170124,15,PM2.5,三门峡,186.0
20170124,15,PM2.5_24h,三门峡,196.0
20170124,15,PM10,三门峡,246.0
20170124,15,PM10_24h,三门峡,253.0
20170124,15,SO2,三门峡,56.0
20170124,15,SO2_24h,三门峡,68.0
20170124,15,NO2,三门峡,56.0
20170124,15,NO2_24h,三门峡,57.0
20170124,15,O3,三门峡,67.0
20170124,15,O3_24h,三门峡,90.0
20170124,15,O3_8h,三门峡,44.0
20170124,15,O3_8h_24h,三门峡,63.0
20170124,15,CO,三门峡,2.43
20170124,15,CO_24h,三门峡,2.3
20170124,16,AQI,三门峡,236.0
20170124,16,PM2.5,三门峡,186.0
20170124,16,PM2.5_24h,三门峡,198.0
20170124,16,PM10,三门峡,236.0
20170124,16,PM10_24h,三门峡,255.0
20170124,16,SO2,三门峡,57.0
20170124,16,SO2_24h,三门峡,66.0
20170124,16,NO2,三门峡,60.0
20170124,16,NO2_24h,三门峡,57.0
20170124,16,O3,三门峡,68.0
20170124,16,O3_24h,三门峡,89.0
20170124,16,O3_8h,三门峡,49.0
20170124,16,O3_8h_24h,三门峡,63.0
20170124,16,CO,三门峡,2.5
20170124,16,CO_24h,三门峡,2.33
20170124,17,AQI,三门峡,248.0
20170124,17,PM2.5,三门峡,198.0
20170124,17,PM2.5_24h,三门峡,200.0
20170124,17,PM10,三门峡,252.0
20170124,17,PM10_24h,三门峡,257.0
20170124,17,SO2,三门峡,64.0
20170124,17,SO2_24h,三门峡,65.0
20170124,17,NO2,三门峡,65.0
20170124,17,NO2_24h,三门峡,57.0
20170124,17,O3,三门峡,63.0
20170124,17,O3_24h,三门峡,88.0
20170124,17,O3_8h,三门峡,52.0
20170124,17,O3_8h_24h,三门峡,63.0
20170124,17,CO,三门峡,2.63
20170124,17,CO_24h,三门峡,2.4
20170124,18,AQI,三门峡,253.0
20170124,18,PM2.5,三门峡,203.0
20170124,18,PM2.5_24h,三门峡,202.0
20170124,18,PM10,三门峡,257.0
20170124,18,PM10_24h,三门峡,259.0
20170124,18,SO2,三门峡,67.0
20170124,18,SO2_24h,三门峡,65.0
20170124,18,NO2,三门峡,69.0
20170124,18,NO2_24h,三门峡,58.0
20170124,18,O3,三门峡,60.0
20170124,18,O3_24h,三门峡,87.0
20170124,18,O3_8h,三门峡,56.0
20170124,18,O3_8h_24h,三门峡,63.0
20170124,18,CO,三门峡,2.7
20170124,18,CO_24h,三门峡,2.4
20170124,19,AQI,三门峡,258.0
20170124,19,PM2.5,三门峡,208.0
20170124,19,PM2.5_24h,三门峡,205.0
20170124,19,PM10,三门峡,273.0
20170124,19,PM10_24h,三门峡,261.0
20170124,19,SO2,三门峡,71.0
20170124,19,SO2_24h,三门峡,65.0
20170124,19,NO2,三门峡,72.0
20170124,19,NO2_24h,三门峡,58.0
20170124,19,O3,三门峡,57.0
20170124,19,O3_24h,三门峡,85.0
20170124,19,O3_8h,三门峡,58.0
20170124,19,O3_8h_24h,三门峡,63.0
20170124,19,CO,三门峡,2.73
20170124,19,CO_24h,三门峡,2.4
20170124,20,AQI,三门峡,257.0
20170124,20,PM2.5,三门峡,207.0
20170124,20,PM2.5_24h,三门峡,206.0
20170124,20,PM10,三门峡,272.0
20170124,20,PM10_24h,三门峡,264.0
20170124,20,SO2,三门峡,70.0
20170124,20,SO2_24h,三门峡,64.0
20170124,20,NO2,三门峡,69.0
20170124,20,NO2_24h,三门峡,59.0
20170124,20,O3,三门峡,57.0
20170124,20,O3_24h,三门峡,79.0
20170124,20,O3_8h,三门峡,60.0
20170124,20,O3_8h_24h,三门峡,63.0
20170124,20,CO,三门峡,2.77
20170124,20,CO_24h,三门峡,2.43
20170124,21,AQI,三门峡,262.0
20170124,21,PM2.5,三门峡,212.0
20170124,21,PM2.5_24h,三门峡,207.0
20170124,21,PM10,三门峡,267.0
20170124,21,PM10_24h,三门峡,265.0
20170124,21,SO2,三门峡,65.0
20170124,21,SO2_24h,三门峡,64.0
20170124,21,NO2,三门峡,67.0
20170124,21,NO2_24h,三门峡,59.0
20170124,21,O3,三门峡,56.0
20170124,21,O3_24h,三门峡,75.0
20170124,21,O3_8h,三门峡,61.0
20170124,21,O3_8h_24h,三门峡,63.0
20170124,21,CO,三门峡,2.8
20170124,21,CO_24h,三门峡,2.47
20170124,22,AQI,三门峡,263.0
20170124,22,PM2.5,三门峡,213.0
20170124,22,PM2.5_24h,三门峡,207.0
20170124,22,PM10,三门峡,261.0
20170124,22,PM10_24h,三门峡,266.0
20170124,22,SO2,三门峡,60.0
20170124,22,SO2_24h,三门峡,63.0
20170124,22,NO2,三门峡,66.0
20170124,22,NO2_24h,三门峡,59.0
20170124,22,O3,三门峡,52.0
20170124,22,O3_24h,三门峡,75.0
20170124,22,O3_8h,三门峡,60.0
20170124,22,O3_8h_24h,三门峡,63.0
20170124,22,CO,三门峡,2.8
20170124,22,CO_24h,三门峡,2.5
20170124,23,AQI,三门峡,267.0
20170124,23,PM2.5,三门峡,217.0
20170124,23,PM2.5_24h,三门峡,209.0
20170124,23,PM10,三门峡,261.0
20170124,23,PM10_24h,三门峡,266.0
20170124,23,SO2,三门峡,58.0
20170124,23,SO2_24h,三门峡,62.0
20170124,23,NO2,三门峡,63.0
20170124,23,NO2_24h,三门峡,59.0
20170124,23,O3,三门峡,51.0
20170124,23,O3_24h,三门峡,72.0
20170124,23,O3_8h,三门峡,58.0
20170124,23,O3_8h_24h,三门峡,63.0
20170124,23,CO,三门峡,2.8
20170124,23,CO_24h,三门峡,2.5
20170124,0,AQI,宜昌,205.0
20170124,0,PM2.5,宜昌,155.0
20170124,0,PM2.5_24h,宜昌,145.0
20170124,0,PM10,宜昌,175.0
20170124,0,PM10_24h,宜昌,167.0
20170124,0,SO2,宜昌,15.0
20170124,0,SO2_24h,宜昌,20.0
20170124,0,NO2,宜昌,62.0
20170124,0,NO2_24h,宜昌,42.0
20170124,0,O3,宜昌,20.0
20170124,0,O3_24h,宜昌,99.0
20170124,0,O3_8h,宜昌,53.0
20170124,0,O3_8h_24h,宜昌,83.0
20170124,0,CO,宜昌,2.04
20170124,0,CO_24h,宜昌,1.62
20170124,1,AQI,宜昌,204.0
20170124,1,PM2.5,宜昌,154.0
20170124,1,PM2.5_24h,宜昌,143.0
20170124,1,PM10,宜昌,171.0
20170124,1,PM10_24h,宜昌,165.0
20170124,1,SO2,宜昌,13.0
20170124,1,SO2_24h,宜昌,20.0
20170124,1,NO2,宜昌,52.0
20170124,1,NO2_24h,宜昌,42.0
20170124,1,O3,宜昌,22.0
20170124,1,O3_24h,宜昌,99.0
20170124,1,O3_8h,宜昌,22.0
20170124,1,O3_8h_24h,宜昌,22.0
20170124,1,CO,宜昌,1.92
20170124,1,CO_24h,宜昌,1.62
20170124,2,AQI,宜昌,199.0
20170124,2,PM2.5,宜昌,149.0
20170124,2,PM2.5_24h,宜昌,141.0
20170124,2,PM10,宜昌,168.0
20170124,2,PM10_24h,宜昌,163.0
20170124,2,SO2,宜昌,12.0
20170124,2,SO2_24h,宜昌,20.0
20170124,2,NO2,宜昌,46.0
20170124,2,NO2_24h,宜昌,42.0
20170124,2,O3,宜昌,18.0
20170124,2,O3_24h,宜昌,99.0
20170124,2,O3_8h,宜昌,20.0
20170124,2,O3_8h_24h,宜昌,22.0
20170124,2,CO,宜昌,1.86
20170124,2,CO_24h,宜昌,1.62
20170124,3,AQI,宜昌,200.0
20170124,3,PM2.5,宜昌,150.0
20170124,3,PM2.5_24h,宜昌,140.0
20170124,3,PM10,宜昌,169.0
20170124,3,PM10_24h,宜昌,162.0
20170124,3,SO2,宜昌,11.0
20170124,3,SO2_24h,宜昌,19.0
20170124,3,NO2,宜昌,40.0
20170124,3,NO2_24h,宜昌,42.0
20170124,3,O3,宜昌,17.0
20170124,3,O3_24h,宜昌,99.0
20170124,3,O3_8h,宜昌,19.0
20170124,3,O3_8h_24h,宜昌,22.0
20170124,3,CO,宜昌,1.78
20170124,3,CO_24h,宜昌,1.62
20170124,4,AQI,宜昌,189.0
20170124,4,PM2.5,宜昌,142.0
20170124,4,PM2.5_24h,宜昌,139.0
20170124,4,PM10,宜昌,172.0
20170124,4,PM10_24h,宜昌,162.0
20170124,4,SO2,宜昌,10.0
20170124,4,SO2_24h,宜昌,19.0
20170124,4,NO2,宜昌,37.0
20170124,4,NO2_24h,宜昌,43.0
20170124,4,O3,宜昌,15.0
20170124,4,O3_24h,宜昌,99.0
20170124,4,O3_8h,宜昌,18.0
20170124,4,O3_8h_24h,宜昌,22.0
20170124,4,CO,宜昌,1.68
20170124,4,CO_24h,宜昌,1.62
20170124,5,AQI,宜昌,186.0
20170124,5,PM2.5,宜昌,140.0
20170124,5,PM2.5_24h,宜昌,138.0
20170124,5,PM10,宜昌,166.0
20170124,5,PM10_24h,宜昌,161.0
20170124,5,SO2,宜昌,11.0
20170124,5,SO2_24h,宜昌,19.0
20170124,5,NO2,宜昌,32.0
20170124,5,NO2_24h,宜昌,43.0
20170124,5,O3,宜昌,17.0
20170124,5,O3_24h,宜昌,99.0
20170124,5,O3_8h,宜昌,18.0
20170124,5,O3_8h_24h,宜昌,22.0
20170124,5,CO,宜昌,1.64
20170124,5,CO_24h,宜昌,1.64
20170124,6,AQI,宜昌,179.0
20170124,6,PM2.5,宜昌,135.0
20170124,6,PM2.5_24h,宜昌,138.0
20170124,6,PM10,宜昌,160.0
20170124,6,PM10_24h,宜昌,162.0
20170124,6,SO2,宜昌,13.0
20170124,6,SO2_24h,宜昌,21.0
20170124,6,NO2,宜昌,30.0
20170124,6,NO2_24h,宜昌,42.0
20170124,6,O3,宜昌,20.0
20170124,6,O3_24h,宜昌,101.0
20170124,6,O3_8h,宜昌,18.0
20170124,6,O3_8h_24h,宜昌,23.0
20170124,6,CO,宜昌,1.63
20170124,6,CO_24h,宜昌,1.68
20170124,7,AQI,宜昌,171.0
20170124,7,PM2.5,宜昌,130.0
20170124,7,PM2.5_24h,宜昌,136.0
20170124,7,PM10,宜昌,157.0
20170124,7,PM10_24h,宜昌,161.0
20170124,7,SO2,宜昌,14.0
20170124,7,SO2_24h,宜昌,21.0
20170124,7,NO2,宜昌,34.0
20170124,7,NO2_24h,宜昌,43.0
20170124,7,O3,宜昌,16.0
20170124,7,O3_24h,宜昌,101.0
20170124,7,O3_8h,宜昌,18.0
20170124,7,O3_8h_24h,宜昌,23.0
20170124,7,CO,宜昌,1.65
20170124,7,CO_24h,宜昌,1.65
20170124,8,AQI,宜昌,154.0
20170124,8,PM2.5,宜昌,118.0
20170124,8,PM2.5_24h,宜昌,133.0
20170124,8,PM10,宜昌,140.0
20170124,8,PM10_24h,宜昌,158.0
20170124,8,SO2,宜昌,14.0
20170124,8,SO2_24h,宜昌,19.0
20170124,8,NO2,宜昌,43.0
20170124,8,NO2_24h,宜昌,44.0
20170124,8,O3,宜昌,15.0
20170124,8,O3_24h,宜昌,99.0
20170124,8,O3_8h,宜昌,17.0
20170124,8,O3_8h_24h,宜昌,22.0
20170124,8,CO,宜昌,1.54
20170124,8,CO_24h,宜昌,1.62
20170124,9,AQI,宜昌,149.0
20170124,9,PM2.5,宜昌,114.0
20170124,9,PM2.5_24h,宜昌,132.0
20170124,9,PM10,宜昌,134.0
20170124,9,PM10_24h,宜昌,156.0
20170124,9,SO2,宜昌,15.0
20170124,9,SO2_24h,宜昌,19.0
20170124,9,NO2,宜昌,46.0
20170124,9,NO2_24h,宜昌,44.0
20170124,9,O3,宜昌,16.0
20170124,9,O3_24h,宜昌,99.0
20170124,9,O3_8h,宜昌,17.0
20170124,9,O3_8h_24h,宜昌,22.0
20170124,9,CO,宜昌,1.56
20170124,9,CO_24h,宜昌,1.62
20170124,10,AQI,宜昌,150.0
20170124,10,PM2.5,宜昌,115.0
20170124,10,PM2.5_24h,宜昌,130.0
20170124,10,PM10,宜昌,141.0
20170124,10,PM10_24h,宜昌,154.0
20170124,10,SO2,宜昌,16.0
20170124,10,SO2_24h,宜昌,18.0
20170124,10,NO2,宜昌,55.0
20170124,10,NO2_24h,宜昌,45.0
20170124,10,O3,宜昌,31.0
20170124,10,O3_24h,宜昌,99.0
20170124,10,O3_8h,宜昌,18.0
20170124,10,O3_8h_24h,宜昌,24.0
20170124,10,CO,宜昌,1.66
20170124,10,CO_24h,宜昌,1.6
20170124,11,AQI,宜昌,153.0
20170124,11,PM2.5,宜昌,117.0
20170124,11,PM2.5_24h,宜昌,128.0
20170124,11,PM10,宜昌,147.0
20170124,11,PM10_24h,宜昌,152.0
20170124,11,SO2,宜昌,17.0
20170124,11,SO2_24h,宜昌,18.0
20170124,11,NO2,宜昌,54.0
20170124,11,NO2_24h,宜昌,46.0
20170124,11,O3,宜昌,19.0
20170124,11,O3_24h,宜昌,99.0
20170124,11,O3_8h,宜昌,19.0
20170124,11,O3_8h_24h,宜昌,24.0
20170124,11,CO,宜昌,1.62
20170124,11,CO_24h,宜昌,1.6
20170124,12,AQI,宜昌,154.0
20170124,12,PM2.5,宜昌,118.0
20170124,12,PM2.5_24h,宜昌,126.0
20170124,12,PM10,宜昌,148.0
20170124,12,PM10_24h,宜昌,151.0
20170124,12,SO2,宜昌,18.0
20170124,12,SO2_24h,宜昌,18.0
20170124,12,NO2,宜昌,53.0
20170124,12,NO2_24h,宜昌,46.0
20170124,12,O3,宜昌,25.0
20170124,12,O3_24h,宜昌,99.0
20170124,12,O3_8h,宜昌,20.0
20170124,12,O3_8h_24h,宜昌,25.0
20170124,12,CO,宜昌,1.64
20170124,12,CO_24h,宜昌,1.62
20170124,13,AQI,宜昌,166.0
20170124,13,PM2.5,宜昌,126.0
20170124,13,PM2.5_24h,宜昌,125.0
20170124,13,PM10,宜昌,165.0
20170124,13,PM10_24h,宜昌,150.0
20170124,13,SO2,宜昌,21.0
20170124,13,SO2_24h,宜昌,18.0
20170124,13,NO2,宜昌,63.0
20170124,13,NO2_24h,宜昌,47.0
20170124,13,O3,宜昌,26.0
20170124,13,O3_24h,宜昌,99.0
20170124,13,O3_8h,宜昌,21.0
20170124,13,O3_8h_24h,宜昌,26.0
20170124,13,CO,宜昌,1.78
20170124,13,CO_24h,宜昌,1.62
20170124,14,AQI,宜昌,179.0
20170124,14,PM2.5,宜昌,135.0
20170124,14,PM2.5_24h,宜昌,125.0
20170124,14,PM10,宜昌,170.0
20170124,14,PM10_24h,宜昌,150.0
20170124,14,SO2,宜昌,22.0
20170124,14,SO2_24h,宜昌,17.0
20170124,14,NO2,宜昌,63.0
20170124,14,NO2_24h,宜昌,48.0
20170124,14,O3,宜昌,30.0
20170124,14,O3_24h,宜昌,99.0
20170124,14,O3_8h,宜昌,22.0
20170124,14,O3_8h_24h,宜昌,27.0
20170124,14,CO,宜昌,1.78
20170124,14,CO_24h,宜昌,1.62
20170124,15,AQI,宜昌,181.0
20170124,15,PM2.5,宜昌,137.0
20170124,15,PM2.5_24h,宜昌,127.0
20170124,15,PM10,宜昌,168.0
20170124,15,PM10_24h,宜昌,152.0
20170124,15,SO2,宜昌,21.0
20170124,15,SO2_24h,宜昌,17.0
20170124,15,NO2,宜昌,50.0
20170124,15,NO2_24h,宜昌,49.0
20170124,15,O3,宜昌,45.0
20170124,15,O3_24h,宜昌,99.0
20170124,15,O3_8h,宜昌,26.0
20170124,15,O3_8h_24h,宜昌,29.0
20170124,15,CO,宜昌,1.6
20170124,15,CO_24h,宜昌,1.64
20170124,16,AQI,宜昌,167.0
20170124,16,PM2.5,宜昌,127.0
20170124,16,PM2.5_24h,宜昌,128.0
20170124,16,PM10,宜昌,175.0
20170124,16,PM10_24h,宜昌,153.0
20170124,16,SO2,宜昌,19.0
20170124,16,SO2_24h,宜昌,17.0
20170124,16,NO2,宜昌,39.0
20170124,16,NO2_24h,宜昌,49.0
20170124,16,O3,宜昌,62.0
20170124,16,O3_24h,宜昌,94.0
20170124,16,O3_8h,宜昌,32.0
20170124,16,O3_8h_24h,宜昌,34.0
20170124,16,CO,宜昌,1.42
20170124,16,CO_24h,宜昌,1.64
20170124,17,AQI,宜昌,131.0
20170124,17,PM2.5,宜昌,100.0
20170124,17,PM2.5_24h,宜昌,128.0
20170124,17,PM10,宜昌,123.0
20170124,17,PM10_24h,宜昌,155.0
20170124,17,SO2,宜昌,17.0
20170124,17,SO2_24h,宜昌,17.0
20170124,17,NO2,宜昌,38.0
20170124,17,NO2_24h,宜昌,50.0
20170124,17,O3,宜昌,70.0
20170124,17,O3_24h,宜昌,87.0
20170124,17,O3_8h,宜昌,38.0
20170124,17,O3_8h_24h,宜昌,39.0
20170124,17,CO,宜昌,1.28
20170124,17,CO_24h,宜昌,1.64
20170124,18,AQI,宜昌,114.0
20170124,18,PM2.5,宜昌,86.0
20170124,18,PM2.5_24h,宜昌,128.0
20170124,18,PM10,宜昌,108.0
20170124,18,PM10_24h,宜昌,155.0
20170124,18,SO2,宜昌,16.0
20170124,18,SO2_24h,宜昌,17.0
20170124,18,NO2,宜昌,42.0
20170124,18,NO2_24h,宜昌,50.0
20170124,18,O3,宜昌,64.0
20170124,18,O3_24h,宜昌,80.0
20170124,18,O3_8h,宜昌,42.0
20170124,18,O3_8h_24h,宜昌,43.0
20170124,18,CO,宜昌,1.34
20170124,18,CO_24h,宜昌,1.64
20170124,19,AQI,宜昌,118.0
20170124,19,PM2.5,宜昌,89.0
20170124,19,PM2.5_24h,宜昌,128.0
20170124,19,PM10,宜昌,122.0
20170124,19,PM10_24h,宜昌,156.0
20170124,19,SO2,宜昌,16.0
20170124,19,SO2_24h,宜昌,16.0
20170124,19,NO2,宜昌,55.0
20170124,19,NO2_24h,宜昌,50.0
20170124,19,O3,宜昌,48.0
20170124,19,O3_24h,宜昌,75.0
20170124,19,O3_8h,宜昌,46.0
20170124,19,O3_8h_24h,宜昌,46.0
20170124,19,CO,宜昌,1.44
20170124,19,CO_24h,宜昌,1.64
20170124,20,AQI,宜昌,128.0
20170124,20,PM2.5,宜昌,97.0
20170124,20,PM2.5_24h,宜昌,127.0
20170124,20,PM10,宜昌,137.0
20170124,20,PM10_24h,宜昌,156.0
20170124,20,SO2,宜昌,16.0
20170124,20,SO2_24h,宜昌,16.0
20170124,20,NO2,宜昌,52.0
20170124,20,NO2_24h,宜昌,50.0
20170124,20,O3,宜昌,41.0
20170124,20,O3_24h,宜昌,72.0
20170124,20,O3_8h,宜昌,48.0
20170124,20,O3_8h_24h,宜昌,49.0
20170124,20,CO,宜昌,1.7
20170124,20,CO_24h,宜昌,1.68
20170124,21,AQI,宜昌,154.0
20170124,21,PM2.5,宜昌,118.0
20170124,21,PM2.5_24h,宜昌,127.0
20170124,21,PM10,宜昌,143.0
20170124,21,PM10_24h,宜昌,155.0
20170124,21,SO2,宜昌,13.0
20170124,21,SO2_24h,宜昌,16.0
20170124,21,NO2,宜昌,53.0
20170124,21,NO2_24h,宜昌,50.0
20170124,21,O3,宜昌,34.0
20170124,21,O3_24h,宜昌,72.0
20170124,21,O3_8h,宜昌,49.0
20170124,21,O3_8h_24h,宜昌,50.0
20170124,21,CO,宜昌,1.66
20170124,21,CO_24h,宜昌,1.66
20170124,22,AQI,宜昌,166.0
20170124,22,PM2.5,宜昌,126.0
20170124,22,PM2.5_24h,宜昌,126.0
20170124,22,PM10,宜昌,143.0
20170124,22,PM10_24h,宜昌,151.0
20170124,22,SO2,宜昌,13.0
20170124,22,SO2_24h,宜昌,15.0
20170124,22,NO2,宜昌,50.0
20170124,22,NO2_24h,宜昌,49.0
20170124,22,O3,宜昌,27.0
20170124,22,O3_24h,宜昌,72.0
20170124,22,O3_8h,宜昌,49.0
20170124,22,O3_8h_24h,宜昌,50.0
20170124,22,CO,宜昌,1.62
20170124,22,CO_24h,宜昌,1.66
20170124,23,AQI,宜昌,161.0
20170124,23,PM2.5,宜昌,123.0
20170124,23,PM2.5_24h,宜昌,125.0
20170124,23,PM10,宜昌,146.0
20170124,23,PM10_24h,宜昌,144.0
20170124,23,SO2,宜昌,12.0
20170124,23,SO2_24h,宜昌,15.0
20170124,23,NO2,宜昌,55.0
20170124,23,NO2_24h,宜昌,48.0
20170124,23,O3,宜昌,19.0
20170124,23,O3_24h,宜昌,72.0
20170124,23,O3_8h,宜昌,46.0
20170124,23,O3_8h_24h,宜昌,50.0
20170124,23,CO,宜昌,1.68
20170124,23,CO_24h,宜昌,1.66
20170124,0,AQI,荆州,177.0
20170124,0,PM2.5,荆州,134.0
20170124,0,PM2.5_24h,荆州,111.0
20170124,0,PM10,荆州,200.0
20170124,0,PM10_24h,荆州,166.0
20170124,0,SO2,荆州,34.0
20170124,0,SO2_24h,荆州,41.0
20170124,0,NO2,荆州,96.0
20170124,0,NO2_24h,荆州,78.0
20170124,0,O3,荆州,14.0
20170124,0,O3_24h,荆州,104.0
20170124,0,O3_8h,荆州,41.0
20170124,0,O3_8h_24h,荆州,84.0
20170124,0,CO,荆州,1.95
20170124,0,CO_24h,荆州,1.75
20170124,1,AQI,荆州,184.0
20170124,1,PM2.5,荆州,139.0
20170124,1,PM2.5_24h,荆州,112.0
20170124,1,PM10,荆州,193.0
20170124,1,PM10_24h,荆州,167.0
20170124,1,SO2,荆州,29.0
20170124,1,SO2_24h,荆州,41.0
20170124,1,NO2,荆州,79.0
20170124,1,NO2_24h,荆州,77.0
20170124,1,O3,荆州,20.0
20170124,1,O3_24h,荆州,104.0
20170124,1,O3_8h,荆州,20.0
20170124,1,O3_8h_24h,荆州,20.0
20170124,1,CO,荆州,1.65
20170124,1,CO_24h,荆州,1.75
20170124,2,AQI,荆州,184.0
20170124,2,PM2.5,荆州,139.0
20170124,2,PM2.5_24h,荆州,113.0
20170124,2,PM10,荆州,187.0
20170124,2,PM10_24h,荆州,168.0
20170124,2,SO2,荆州,28.0
20170124,2,SO2_24h,荆州,41.0
20170124,2,NO2,荆州,71.0
20170124,2,NO2_24h,荆州,76.0
20170124,2,O3,荆州,23.0
20170124,2,O3_24h,荆州,104.0
20170124,2,O3_8h,荆州,21.0
20170124,2,O3_8h_24h,荆州,22.0
20170124,2,CO,荆州,1.65
20170124,2,CO_24h,荆州,1.75
20170124,3,AQI,荆州,181.0
20170124,3,PM2.5,荆州,137.0
20170124,3,PM2.5_24h,荆州,114.0
20170124,3,PM10,荆州,184.0
20170124,3,PM10_24h,荆州,168.0
20170124,3,SO2,荆州,27.0
20170124,3,SO2_24h,荆州,41.0
20170124,3,NO2,荆州,61.0
20170124,3,NO2_24h,荆州,75.0
20170124,3,O3,荆州,25.0
20170124,3,O3_24h,荆州,104.0
20170124,3,O3_8h,荆州,23.0
20170124,3,O3_8h_24h,荆州,24.0
20170124,3,CO,荆州,1.6
20170124,3,CO_24h,荆州,1.75
20170124,4,AQI,荆州,173.0
20170124,4,PM2.5,荆州,131.0
20170124,4,PM2.5_24h,荆州,114.0
20170124,4,PM10,荆州,185.0
20170124,4,PM10_24h,荆州,168.0
20170124,4,SO2,荆州,26.0
20170124,4,SO2_24h,荆州,41.0
20170124,4,NO2,荆州,70.0
20170124,4,NO2_24h,荆州,75.0
20170124,4,O3,荆州,13.0
20170124,4,O3_24h,荆州,104.0
20170124,4,O3_8h,荆州,21.0
20170124,4,O3_8h_24h,荆州,24.0
20170124,4,CO,荆州,1.7
20170124,4,CO_24h,荆州,1.75
20170124,5,AQI,荆州,169.0
20170124,5,PM2.5,荆州,128.0
20170124,5,PM2.5_24h,荆州,115.0
20170124,5,PM10,荆州,179.0
20170124,5,PM10_24h,荆州,168.0
20170124,5,SO2,荆州,22.0
20170124,5,SO2_24h,荆州,41.0
20170124,5,NO2,荆州,69.0
20170124,5,NO2_24h,荆州,75.0
20170124,5,O3,荆州,10.0
20170124,5,O3_24h,荆州,104.0
20170124,5,O3_8h,荆州,18.0
20170124,5,O3_8h_24h,荆州,24.0
20170124,5,CO,荆州,1.65
20170124,5,CO_24h,荆州,1.75
20170124,6,AQI,荆州,169.0
20170124,6,PM2.5,荆州,128.0
20170124,6,PM2.5_24h,荆州,115.0
20170124,6,PM10,荆州,173.0
20170124,6,PM10_24h,荆州,169.0
20170124,6,SO2,荆州,31.0
20170124,6,SO2_24h,荆州,39.0
20170124,6,NO2,荆州,67.0
20170124,6,NO2_24h,荆州,75.0
20170124,6,O3,荆州,11.0
20170124,6,O3_24h,荆州,104.0
20170124,6,O3_8h,荆州,17.0
20170124,6,O3_8h_24h,荆州,24.0
20170124,6,CO,荆州,1.85
20170124,6,CO_24h,荆州,1.75
20170124,7,AQI,荆州,173.0
20170124,7,PM2.5,荆州,131.0
20170124,7,PM2.5_24h,荆州,116.0
20170124,7,PM10,荆州,180.0
20170124,7,PM10_24h,荆州,169.0
20170124,7,SO2,荆州,38.0
20170124,7,SO2_24h,荆州,38.0
20170124,7,NO2,荆州,71.0
20170124,7,NO2_24h,荆州,75.0
20170124,7,O3,荆州,7.0
20170124,7,O3_24h,荆州,104.0
20170124,7,O3_8h,荆州,16.0
20170124,7,O3_8h_24h,荆州,24.0
20170124,7,CO,荆州,1.9
20170124,7,CO_24h,荆州,1.75
20170124,8,AQI,荆州,171.0
20170124,8,PM2.5,荆州,130.0
20170124,8,PM2.5_24h,荆州,117.0
20170124,8,PM10,荆州,175.0
20170124,8,PM10_24h,荆州,170.0
20170124,8,SO2,荆州,34.0
20170124,8,SO2_24h,荆州,38.0
20170124,8,NO2,荆州,69.0
20170124,8,NO2_24h,荆州,75.0
20170124,8,O3,荆州,9.0
20170124,8,O3_24h,荆州,104.0
20170124,8,O3_8h,荆州,15.0
20170124,8,O3_8h_24h,荆州,24.0
20170124,8,CO,荆州,1.8
20170124,8,CO_24h,荆州,1.75
20170124,9,AQI,荆州,164.0
20170124,9,PM2.5,荆州,125.0
20170124,9,PM2.5_24h,荆州,116.0
20170124,9,PM10,荆州,178.0
20170124,9,PM10_24h,荆州,170.0
20170124,9,SO2,荆州,30.0
20170124,9,SO2_24h,荆州,38.0
20170124,9,NO2,荆州,61.0
20170124,9,NO2_24h,荆州,75.0
20170124,9,O3,荆州,17.0
20170124,9,O3_24h,荆州,104.0
20170124,9,O3_8h,荆州,15.0
20170124,9,O3_8h_24h,荆州,24.0
20170124,9,CO,荆州,1.7
20170124,9,CO_24h,荆州,1.75
20170124,10,AQI,荆州,156.0
20170124,10,PM2.5,荆州,119.0
20170124,10,PM2.5_24h,荆州,116.0
20170124,10,PM10,荆州,157.0
20170124,10,PM10_24h,荆州,170.0
20170124,10,SO2,荆州,32.0
20170124,10,SO2_24h,荆州,38.0
20170124,10,NO2,荆州,55.0
20170124,10,NO2_24h,荆州,75.0
20170124,10,O3,荆州,24.0
20170124,10,O3_24h,荆州,104.0
20170124,10,O3_8h,荆州,14.0
20170124,10,O3_8h_24h,荆州,24.0
20170124,10,CO,荆州,1.7
20170124,10,CO_24h,荆州,1.75
20170124,11,AQI,荆州,150.0
20170124,11,PM2.5,荆州,115.0
20170124,11,PM2.5_24h,荆州,116.0
20170124,11,PM10,荆州,154.0
20170124,11,PM10_24h,荆州,169.0
20170124,11,SO2,荆州,122.0
20170124,11,SO2_24h,荆州,41.0
20170124,11,NO2,荆州,58.0
20170124,11,NO2_24h,荆州,75.0
20170124,11,O3,荆州,32.0
20170124,11,O3_24h,荆州,104.0
20170124,11,O3_8h,荆州,15.0
20170124,11,O3_8h_24h,荆州,25.0
20170124,11,CO,荆州,1.75
20170124,11,CO_24h,荆州,1.75
20170124,12,AQI,荆州,141.0
20170124,12,PM2.5,荆州,108.0
20170124,12,PM2.5_24h,荆州,115.0
20170124,12,PM10,荆州,141.0
20170124,12,PM10_24h,荆州,169.0
20170124,12,SO2,荆州,39.0
20170124,12,SO2_24h,荆州,40.0
20170124,12,NO2,荆州,55.0
20170124,12,NO2_24h,荆州,75.0
20170124,12,O3,荆州,40.0
20170124,12,O3_24h,荆州,104.0
20170124,12,O3_8h,荆州,18.0
20170124,12,O3_8h_24h,荆州,27.0
20170124,12,CO,荆州,1.6
20170124,12,CO_24h,荆州,1.75
20170124,13,AQI,荆州,139.0
20170124,13,PM2.5,荆州,106.0
20170124,13,PM2.5_24h,荆州,115.0
20170124,13,PM10,荆州,150.0
20170124,13,PM10_24h,荆州,168.0
20170124,13,SO2,荆州,33.0
20170124,13,SO2_24h,荆州,40.0
20170124,13,NO2,荆州,47.0
20170124,13,NO2_24h,荆州,74.0
20170124,13,O3,荆州,47.0
20170124,13,O3_24h,荆州,104.0
20170124,13,O3_8h,荆州,23.0
20170124,13,O3_8h_24h,荆州,29.0
20170124,13,CO,荆州,1.6
20170124,13,CO_24h,荆州,1.75
20170124,14,AQI,荆州,121.0
20170124,14,PM2.5,荆州,92.0
20170124,14,PM2.5_24h,荆州,115.0
20170124,14,PM10,荆州,129.0
20170124,14,PM10_24h,荆州,166.0
20170124,14,SO2,荆州,30.0
20170124,14,SO2_24h,荆州,40.0
20170124,14,NO2,荆州,47.0
20170124,14,NO2_24h,荆州,74.0
20170124,14,O3,荆州,57.0
20170124,14,O3_24h,荆州,104.0
20170124,14,O3_8h,荆州,29.0
20170124,14,O3_8h_24h,荆州,32.0
20170124,14,CO,荆州,1.55
20170124,14,CO_24h,荆州,1.75
20170124,15,AQI,荆州,149.0
20170124,15,PM2.5,荆州,114.0
20170124,15,PM2.5_24h,荆州,116.0
20170124,15,PM10,荆州,164.0
20170124,15,PM10_24h,荆州,166.0
20170124,15,SO2,荆州,31.0
20170124,15,SO2_24h,荆州,39.0
20170124,15,NO2,荆州,48.0
20170124,15,NO2_24h,荆州,73.0
20170124,15,O3,荆州,61.0
20170124,15,O3_24h,荆州,104.0
20170124,15,O3_8h,荆州,36.0
20170124,15,O3_8h_24h,荆州,36.0
20170124,15,CO,荆州,1.6
20170124,15,CO_24h,荆州,1.75
20170124,16,AQI,荆州,157.0
20170124,16,PM2.5,荆州,120.0
20170124,16,PM2.5_24h,荆州,117.0
20170124,16,PM10,荆州,152.0
20170124,16,PM10_24h,荆州,167.0
20170124,16,SO2,荆州,37.0
20170124,16,SO2_24h,荆州,39.0
20170124,16,NO2,荆州,53.0
20170124,16,NO2_24h,荆州,73.0
20170124,16,O3,荆州,62.0
20170124,16,O3_24h,荆州,104.0
20170124,16,O3_8h,荆州,42.0
20170124,16,O3_8h_24h,荆州,42.0
20170124,16,CO,荆州,1.7
20170124,16,CO_24h,荆州,1.75
20170124,17,AQI,荆州,177.0
20170124,17,PM2.5,荆州,134.0
20170124,17,PM2.5_24h,荆州,120.0
20170124,17,PM10,荆州,172.0
20170124,17,PM10_24h,荆州,170.0
20170124,17,SO2,荆州,39.0
20170124,17,SO2_24h,荆州,39.0
20170124,17,NO2,荆州,57.0
20170124,17,NO2_24h,荆州,73.0
20170124,17,O3,荆州,57.0
20170124,17,O3_24h,荆州,87.0
20170124,17,O3_8h,荆州,48.0
20170124,17,O3_8h_24h,荆州,48.0
20170124,17,CO,荆州,1.85
20170124,17,CO_24h,荆州,1.8
20170124,18,AQI,荆州,190.0
20170124,18,PM2.5,荆州,143.0
20170124,18,PM2.5_24h,荆州,122.0
20170124,18,PM10,荆州,173.0
20170124,18,PM10_24h,荆州,172.0
20170124,18,SO2,荆州,34.0
20170124,18,SO2_24h,荆州,38.0
20170124,18,NO2,荆州,61.0
20170124,18,NO2_24h,荆州,73.0
20170124,18,O3,荆州,44.0
20170124,18,O3_24h,荆州,63.0
20170124,18,O3_8h,荆州,50.0
20170124,18,O3_8h_24h,荆州,50.0
20170124,18,CO,荆州,1.9
20170124,18,CO_24h,荆州,1.8
20170124,19,AQI,荆州,194.0
20170124,19,PM2.5,荆州,146.0
20170124,19,PM2.5_24h,荆州,125.0
20170124,19,PM10,荆州,195.0
20170124,19,PM10_24h,荆州,174.0
20170124,19,SO2,荆州,35.0
20170124,19,SO2_24h,荆州,37.0
20170124,19,NO2,荆州,66.0
20170124,19,NO2_24h,荆州,72.0
20170124,19,O3,荆州,43.0
20170124,19,O3_24h,荆州,63.0
20170124,19,O3_8h,荆州,51.0
20170124,19,O3_8h_24h,荆州,51.0
20170124,19,CO,荆州,1.9
20170124,19,CO_24h,荆州,1.8
20170124,20,AQI,荆州,187.0
20170124,20,PM2.5,荆州,141.0
20170124,20,PM2.5_24h,荆州,127.0
20170124,20,PM10,荆州,182.0
20170124,20,PM10_24h,荆州,175.0
20170124,20,SO2,荆州,35.0
20170124,20,SO2_24h,荆州,37.0
20170124,20,NO2,荆州,83.0
20170124,20,NO2_24h,荆州,71.0
20170124,20,O3,荆州,24.0
20170124,20,O3_24h,荆州,63.0
20170124,20,O3_8h,荆州,49.0
20170124,20,O3_8h_24h,荆州,51.0
20170124,20,CO,荆州,1.95
20170124,20,CO_24h,荆州,1.8
20170124,21,AQI,荆州,194.0
20170124,21,PM2.5,荆州,146.0
20170124,21,PM2.5_24h,荆州,129.0
20170124,21,PM10,荆州,200.0
20170124,21,PM10_24h,荆州,177.0
20170124,21,SO2,荆州,33.0
20170124,21,SO2_24h,荆州,37.0
20170124,21,NO2,荆州,83.0
20170124,21,NO2_24h,荆州,69.0
20170124,21,O3,荆州,19.0
20170124,21,O3_24h,荆州,63.0
20170124,21,O3_8h,荆州,46.0
20170124,21,O3_8h_24h,荆州,51.0
20170124,21,CO,荆州,2.0
20170124,21,CO_24h,荆州,1.8
20170124,22,AQI,荆州,199.0
20170124,22,PM2.5,荆州,149.0
20170124,22,PM2.5_24h,荆州,130.0
20170124,22,PM10,荆州,190.0
20170124,22,PM10_24h,荆州,177.0
20170124,22,SO2,荆州,29.0
20170124,22,SO2_24h,荆州,36.0
20170124,22,NO2,荆州,73.0
20170124,22,NO2_24h,荆州,67.0
20170124,22,O3,荆州,22.0
20170124,22,O3_24h,荆州,63.0
20170124,22,O3_8h,荆州,41.0
20170124,22,O3_8h_24h,荆州,51.0
20170124,22,CO,荆州,1.85
20170124,22,CO_24h,荆州,1.8
20170124,23,AQI,荆州,212.0
20170124,23,PM2.5,荆州,162.0
20170124,23,PM2.5_24h,荆州,131.0
20170124,23,PM10,荆州,214.0
20170124,23,PM10_24h,荆州,177.0
20170124,23,SO2,荆州,27.0
20170124,23,SO2_24h,荆州,36.0
20170124,23,NO2,荆州,46.0
20170124,23,NO2_24h,荆州,64.0
20170124,23,O3,荆州,42.0
20170124,23,O3_24h,荆州,63.0
20170124,23,O3_8h,荆州,39.0
20170124,23,O3_8h_24h,荆州,51.0
20170124,23,CO,荆州,1.6
20170124,23,CO_24h,荆州,1.75
20170124,0,AQI,岳阳,149.0
20170124,0,PM2.5,岳阳,114.0
20170124,0,PM2.5_24h,岳阳,81.0
20170124,0,PM10,岳阳,157.0
20170124,0,PM10_24h,岳阳,118.0
20170124,0,SO2,岳阳,14.0
20170124,0,SO2_24h,岳阳,15.0
20170124,0,NO2,岳阳,51.0
20170124,0,NO2_24h,岳阳,42.0
20170124,0,O3,岳阳,23.0
20170124,0,O3_24h,岳阳,106.0
20170124,0,O3_8h,岳阳,53.0
20170124,0,O3_8h_24h,岳阳,85.0
20170124,0,CO,岳阳,1.82
20170124,0,CO_24h,岳阳,1.24
20170124,1,AQI,岳阳,149.0
20170124,1,PM2.5,岳阳,114.0
20170124,1,PM2.5_24h,岳阳,81.0
20170124,1,PM10,岳阳,154.0
20170124,1,PM10_24h,岳阳,118.0
20170124,1,SO2,岳阳,11.0
20170124,1,SO2_24h,岳阳,15.0
20170124,1,NO2,岳阳,45.0
20170124,1,NO2_24h,岳阳,41.0
20170124,1,O3,岳阳,19.0
20170124,1,O3_24h,岳阳,106.0
20170124,1,O3_8h,岳阳,19.0
20170124,1,O3_8h_24h,岳阳,19.0
20170124,1,CO,岳阳,1.6
20170124,1,CO_24h,岳阳,1.24
20170124,2,AQI,岳阳,138.0
20170124,2,PM2.5,岳阳,105.0
20170124,2,PM2.5_24h,岳阳,81.0
20170124,2,PM10,岳阳,150.0
20170124,2,PM10_24h,岳阳,117.0
20170124,2,SO2,岳阳,11.0
20170124,2,SO2_24h,岳阳,15.0
20170124,2,NO2,岳阳,42.0
20170124,2,NO2_24h,岳阳,41.0
20170124,2,O3,岳阳,19.0
20170124,2,O3_24h,岳阳,106.0
20170124,2,O3_8h,岳阳,19.0
20170124,2,O3_8h_24h,岳阳,20.0
20170124,2,CO,岳阳,1.3
20170124,2,CO_24h,岳阳,1.22
20170124,3,AQI,岳阳,128.0
20170124,3,PM2.5,岳阳,97.0
20170124,3,PM2.5_24h,岳阳,81.0
20170124,3,PM10,岳阳,139.0
20170124,3,PM10_24h,岳阳,117.0
20170124,3,SO2,岳阳,15.0
20170124,3,SO2_24h,岳阳,15.0
20170124,3,NO2,岳阳,36.0
20170124,3,NO2_24h,岳阳,41.0
20170124,3,O3,岳阳,22.0
20170124,3,O3_24h,岳阳,106.0
20170124,3,O3_8h,岳阳,20.0
20170124,3,O3_8h_24h,岳阳,22.0
20170124,3,CO,岳阳,1.08
20170124,3,CO_24h,岳阳,1.22
20170124,4,AQI,岳阳,116.0
20170124,4,PM2.5,岳阳,88.0
20170124,4,PM2.5_24h,岳阳,81.0
20170124,4,PM10,岳阳,128.0
20170124,4,PM10_24h,岳阳,117.0
20170124,4,SO2,岳阳,13.0
20170124,4,SO2_24h,岳阳,15.0
20170124,4,NO2,岳阳,34.0
20170124,4,NO2_24h,岳阳,41.0
20170124,4,O3,岳阳,22.0
20170124,4,O3_24h,岳阳,106.0
20170124,4,O3_8h,岳阳,21.0
20170124,4,O3_8h_24h,岳阳,24.0
20170124,4,CO,岳阳,1.04
20170124,4,CO_24h,岳阳,1.2
20170124,5,AQI,岳阳,109.0
20170124,5,PM2.5,岳阳,82.0
20170124,5,PM2.5_24h,岳阳,80.0
20170124,5,PM10,岳阳,112.0
20170124,5,PM10_24h,岳阳,116.0
20170124,5,SO2,岳阳,12.0
20170124,5,SO2_24h,岳阳,15.0
20170124,5,NO2,岳阳,34.0
20170124,5,NO2_24h,岳阳,40.0
20170124,5,O3,岳阳,24.0
20170124,5,O3_24h,岳阳,106.0
20170124,5,O3_8h,岳阳,21.0
20170124,5,O3_8h_24h,岳阳,26.0
20170124,5,CO,岳阳,0.96
20170124,5,CO_24h,岳阳,1.18
20170124,6,AQI,岳阳,100.0
20170124,6,PM2.5,岳阳,75.0
20170124,6,PM2.5_24h,岳阳,80.0
20170124,6,PM10,岳阳,101.0
20170124,6,PM10_24h,岳阳,115.0
20170124,6,SO2,岳阳,13.0
20170124,6,SO2_24h,岳阳,15.0
20170124,6,NO2,岳阳,31.0
20170124,6,NO2_24h,岳阳,40.0
20170124,6,O3,岳阳,21.0
20170124,6,O3_24h,岳阳,106.0
20170124,6,O3_8h,岳阳,21.0
20170124,6,O3_8h_24h,岳阳,27.0
20170124,6,CO,岳阳,0.98
20170124,6,CO_24h,岳阳,1.18
20170124,7,AQI,岳阳,100.0
20170124,7,PM2.5,岳阳,75.0
20170124,7,PM2.5_24h,岳阳,79.0
20170124,7,PM10,岳阳,96.0
20170124,7,PM10_24h,岳阳,114.0
20170124,7,SO2,岳阳,10.0
20170124,7,SO2_24h,岳阳,15.0
20170124,7,NO2,岳阳,34.0
20170124,7,NO2_24h,岳阳,40.0
20170124,7,O3,岳阳,16.0
20170124,7,O3_24h,岳阳,106.0
20170124,7,O3_8h,岳阳,20.0
20170124,7,O3_8h_24h,岳阳,27.0
20170124,7,CO,岳阳,1.06
20170124,7,CO_24h,岳阳,1.18
20170124,8,AQI,岳阳,96.0
20170124,8,PM2.5,岳阳,72.0
20170124,8,PM2.5_24h,岳阳,79.0
20170124,8,PM10,岳阳,89.0
20170124,8,PM10_24h,岳阳,113.0
20170124,8,SO2,岳阳,18.0
20170124,8,SO2_24h,岳阳,16.0
20170124,8,NO2,岳阳,43.0
20170124,8,NO2_24h,岳阳,40.0
20170124,8,O3,岳阳,10.0
20170124,8,O3_24h,岳阳,106.0
20170124,8,O3_8h,岳阳,19.0
20170124,8,O3_8h_24h,岳阳,27.0
20170124,8,CO,岳阳,1.3
20170124,8,CO_24h,岳阳,1.18
20170124,9,AQI,岳阳,101.0
20170124,9,PM2.5,岳阳,76.0
20170124,9,PM2.5_24h,岳阳,79.0
20170124,9,PM10,岳阳,94.0
20170124,9,PM10_24h,岳阳,113.0
20170124,9,SO2,岳阳,12.0
20170124,9,SO2_24h,岳阳,16.0
20170124,9,NO2,岳阳,46.0
20170124,9,NO2_24h,岳阳,40.0
20170124,9,O3,岳阳,11.0
20170124,9,O3_24h,岳阳,106.0
20170124,9,O3_8h,岳阳,18.0
20170124,9,O3_8h_24h,岳阳,27.0
20170124,9,CO,岳阳,1.52
20170124,9,CO_24h,岳阳,1.18
20170124,10,AQI,岳阳,105.0
20170124,10,PM2.5,岳阳,79.0
20170124,10,PM2.5_24h,岳阳,79.0
20170124,10,PM10,岳阳,106.0
20170124,10,PM10_24h,岳阳,113.0
20170124,10,SO2,岳阳,12.0
20170124,10,SO2_24h,岳阳,16.0
20170124,10,NO2,岳阳,49.0
20170124,10,NO2_24h,岳阳,40.0
20170124,10,O3,岳阳,16.0
20170124,10,O3_24h,岳阳,106.0
20170124,10,O3_8h,岳阳,18.0
20170124,10,O3_8h_24h,岳阳,27.0
20170124,10,CO,岳阳,1.4
20170124,10,CO_24h,岳阳,1.18
20170124,11,AQI,岳阳,115.0
20170124,11,PM2.5,岳阳,87.0
20170124,11,PM2.5_24h,岳阳,80.0
20170124,11,PM10,岳阳,121.0
20170124,11,PM10_24h,岳阳,113.0
20170124,11,SO2,岳阳,20.0
20170124,11,SO2_24h,岳阳,16.0
20170124,11,NO2,岳阳,47.0
20170124,11,NO2_24h,岳阳,41.0
20170124,11,O3,岳阳,32.0
20170124,11,O3_24h,岳阳,106.0
20170124,11,O3_8h,岳阳,19.0
20170124,11,O3_8h_24h,岳阳,28.0
20170124,11,CO,岳阳,1.18
20170124,11,CO_24h,岳阳,1.18
20170124,12,AQI,岳阳,115.0
20170124,12,PM2.5,岳阳,87.0
20170124,12,PM2.5_24h,岳阳,80.0
20170124,12,PM10,岳阳,125.0
20170124,12,PM10_24h,岳阳,114.0
20170124,12,SO2,岳阳,16.0
20170124,12,SO2_24h,岳阳,15.0
20170124,12,NO2,岳阳,49.0
20170124,12,NO2_24h,岳阳,41.0
20170124,12,O3,岳阳,35.0
20170124,12,O3_24h,岳阳,106.0
20170124,12,O3_8h,岳阳,21.0
20170124,12,O3_8h_24h,岳阳,30.0
20170124,12,CO,岳阳,1.12
20170124,12,CO_24h,岳阳,1.18
20170124,13,AQI,岳阳,113.0
20170124,13,PM2.5,岳阳,85.0
20170124,13,PM2.5_24h,岳阳,81.0
20170124,13,PM10,岳阳,125.0
20170124,13,PM10_24h,岳阳,114.0
20170124,13,SO2,岳阳,19.0
20170124,13,SO2_24h,岳阳,15.0
20170124,13,NO2,岳阳,36.0
20170124,13,NO2_24h,岳阳,41.0
20170124,13,O3,岳阳,44.0
20170124,13,O3_24h,岳阳,106.0
20170124,13,O3_8h,岳阳,23.0
20170124,13,O3_8h_24h,岳阳,32.0
20170124,13,CO,岳阳,1.08
20170124,13,CO_24h,岳阳,1.18
20170124,14,AQI,岳阳,113.0
20170124,14,PM2.5,岳阳,85.0
20170124,14,PM2.5_24h,岳阳,81.0
20170124,14,PM10,岳阳,135.0
20170124,14,PM10_24h,岳阳,115.0
20170124,14,SO2,岳阳,18.0
20170124,14,SO2_24h,岳阳,15.0
20170124,14,NO2,岳阳,32.0
20170124,14,NO2_24h,岳阳,41.0
20170124,14,O3,岳阳,51.0
20170124,14,O3_24h,岳阳,106.0
20170124,14,O3_8h,岳阳,27.0
20170124,14,O3_8h_24h,岳阳,34.0
20170124,14,CO,岳阳,1.02
20170124,14,CO_24h,岳阳,1.2
20170124,15,AQI,岳阳,106.0
20170124,15,PM2.5,岳阳,80.0
20170124,15,PM2.5_24h,岳阳,82.0
20170124,15,PM10,岳阳,119.0
20170124,15,PM10_24h,岳阳,116.0
20170124,15,SO2,岳阳,15.0
20170124,15,SO2_24h,岳阳,15.0
20170124,15,NO2,岳阳,31.0
20170124,15,NO2_24h,岳阳,42.0
20170124,15,O3,岳阳,53.0
20170124,15,O3_24h,岳阳,104.0
20170124,15,O3_8h,岳阳,32.0
20170124,15,O3_8h_24h,岳阳,38.0
20170124,15,CO,岳阳,0.98
20170124,15,CO_24h,岳阳,1.2
20170124,16,AQI,岳阳,105.0
20170124,16,PM2.5,岳阳,79.0
20170124,16,PM2.5_24h,岳阳,82.0
20170124,16,PM10,岳阳,112.0
20170124,16,PM10_24h,岳阳,117.0
20170124,16,SO2,岳阳,14.0
20170124,16,SO2_24h,岳阳,15.0
20170124,16,NO2,岳阳,30.0
20170124,16,NO2_24h,岳阳,42.0
20170124,16,O3,岳阳,53.0
20170124,16,O3_24h,岳阳,102.0
20170124,16,O3_8h,岳阳,37.0
20170124,16,O3_8h_24h,岳阳,42.0
20170124,16,CO,岳阳,1.0
20170124,16,CO_24h,岳阳,1.22
20170124,17,AQI,岳阳,98.0
20170124,17,PM2.5,岳阳,73.0
20170124,17,PM2.5_24h,岳阳,83.0
20170124,17,PM10,岳阳,105.0
20170124,17,PM10_24h,岳阳,118.0
20170124,17,SO2,岳阳,16.0
20170124,17,SO2_24h,岳阳,15.0
20170124,17,NO2,岳阳,32.0
20170124,17,NO2_24h,岳阳,43.0
20170124,17,O3,岳阳,51.0
20170124,17,O3_24h,岳阳,85.0
20170124,17,O3_8h,岳阳,42.0
20170124,17,O3_8h_24h,岳阳,45.0
20170124,17,CO,岳阳,1.06
20170124,17,CO_24h,岳阳,1.22
20170124,18,AQI,岳阳,106.0
20170124,18,PM2.5,岳阳,80.0
20170124,18,PM2.5_24h,岳阳,84.0
20170124,18,PM10,岳阳,112.0
20170124,18,PM10_24h,岳阳,119.0
20170124,18,SO2,岳阳,13.0
20170124,18,SO2_24h,岳阳,14.0
20170124,18,NO2,岳阳,34.0
20170124,18,NO2_24h,岳阳,43.0
20170124,18,O3,岳阳,45.0
20170124,18,O3_24h,岳阳,68.0
20170124,18,O3_8h,岳阳,46.0
20170124,18,O3_8h_24h,岳阳,48.0
20170124,18,CO,岳阳,1.14
20170124,18,CO_24h,岳阳,1.24
20170124,19,AQI,岳阳,110.0
20170124,19,PM2.5,岳阳,83.0
20170124,19,PM2.5_24h,岳阳,85.0
20170124,19,PM10,岳阳,113.0
20170124,19,PM10_24h,岳阳,120.0
20170124,19,SO2,岳阳,13.0
20170124,19,SO2_24h,岳阳,14.0
20170124,19,NO2,岳阳,40.0
20170124,19,NO2_24h,岳阳,42.0
20170124,19,O3,岳阳,38.0
20170124,19,O3_24h,岳阳,62.0
20170124,19,O3_8h,岳阳,46.0
20170124,19,O3_8h_24h,岳阳,49.0
20170124,19,CO,岳阳,1.28
20170124,19,CO_24h,岳阳,1.26
20170124,20,AQI,岳阳,121.0
20170124,20,PM2.5,岳阳,92.0
20170124,20,PM2.5_24h,岳阳,86.0
20170124,20,PM10,岳阳,121.0
20170124,20,PM10_24h,岳阳,121.0
20170124,20,SO2,岳阳,16.0
20170124,20,SO2_24h,岳阳,14.0
20170124,20,NO2,岳阳,45.0
20170124,20,NO2_24h,岳阳,42.0
20170124,20,O3,岳阳,31.0
20170124,20,O3_24h,岳阳,60.0
20170124,20,O3_8h,岳阳,46.0
20170124,20,O3_8h_24h,岳阳,49.0
20170124,20,CO,岳阳,1.34
20170124,20,CO_24h,岳阳,1.28
20170124,21,AQI,岳阳,130.0
20170124,21,PM2.5,岳阳,99.0
20170124,21,PM2.5_24h,岳阳,87.0
20170124,21,PM10,岳阳,125.0
20170124,21,PM10_24h,岳阳,121.0
20170124,21,SO2,岳阳,19.0
20170124,21,SO2_24h,岳阳,15.0
20170124,21,NO2,岳阳,42.0
20170124,21,NO2_24h,岳阳,41.0
20170124,21,O3,岳阳,31.0
20170124,21,O3_24h,岳阳,59.0
20170124,21,O3_8h,岳阳,44.0
20170124,21,O3_8h_24h,岳阳,49.0
20170124,21,CO,岳阳,1.36
20170124,21,CO_24h,岳阳,1.26
20170124,22,AQI,岳阳,138.0
20170124,22,PM2.5,岳阳,105.0
20170124,22,PM2.5_24h,岳阳,88.0
20170124,22,PM10,岳阳,133.0
20170124,22,PM10_24h,岳阳,122.0
20170124,22,SO2,岳阳,23.0
20170124,22,SO2_24h,岳阳,15.0
20170124,22,NO2,岳阳,36.0
20170124,22,NO2_24h,岳阳,40.0
20170124,22,O3,岳阳,31.0
20170124,22,O3_24h,岳阳,58.0
20170124,22,O3_8h,岳阳,42.0
20170124,22,O3_8h_24h,岳阳,49.0
20170124,22,CO,岳阳,1.34
20170124,22,CO_24h,岳阳,1.22
20170124,23,AQI,岳阳,139.0
20170124,23,PM2.5,岳阳,106.0
20170124,23,PM2.5_24h,岳阳,88.0
20170124,23,PM10,岳阳,135.0
20170124,23,PM10_24h,岳阳,121.0
20170124,23,SO2,岳阳,21.0
20170124,23,SO2_24h,岳阳,15.0
20170124,23,NO2,岳阳,31.0
20170124,23,NO2_24h,岳阳,39.0
20170124,23,O3,岳阳,35.0
20170124,23,O3_24h,岳阳,58.0
20170124,23,O3_8h,岳阳,39.0
20170124,23,O3_8h_24h,岳阳,49.0
20170124,23,CO,岳阳,1.34
20170124,23,CO_24h,岳阳,1.24
20170124,0,AQI,常德,163.0
20170124,0,PM2.5,常德,124.0
20170124,0,PM2.5_24h,常德,104.0
20170124,0,PM10,常德,202.0
20170124,0,PM10_24h,常德,171.0
20170124,0,SO2,常德,22.0
20170124,0,SO2_24h,常德,18.0
20170124,0,NO2,常德,48.0
20170124,0,NO2_24h,常德,28.0
20170124,0,O3,常德,55.0
20170124,0,O3_24h,常德,128.0
20170124,0,O3_8h,常德,90.0
20170124,0,O3_8h_24h,常德,105.0
20170124,0,CO,常德,0.9
20170124,0,CO_24h,常德,1.3
20170124,1,AQI,常德,174.0
20170124,1,PM2.5,常德,132.0
20170124,1,PM2.5_24h,常德,105.0
20170124,1,PM10,常德,231.0
20170124,1,PM10_24h,常德,174.0
20170124,1,SO2,常德,17.0
20170124,1,SO2_24h,常德,18.0
20170124,1,NO2,常德,62.0
20170124,1,NO2_24h,常德,29.0
20170124,1,O3,常德,33.0
20170124,1,O3_24h,常德,128.0
20170124,1,O3_8h,常德,33.0
20170124,1,O3_8h_24h,常德,33.0
20170124,1,CO,常德,1.1
20170124,1,CO_24h,常德,1.3
20170124,2,AQI,常德,215.0
20170124,2,PM2.5,常德,165.0
20170124,2,PM2.5_24h,常德,108.0
20170124,2,PM10,常德,258.0
20170124,2,PM10_24h,常德,178.0
20170124,2,SO2,常德,16.0
20170124,2,SO2_24h,常德,18.0
20170124,2,NO2,常德,64.0
20170124,2,NO2_24h,常德,30.0
20170124,2,O3,常德,32.0
20170124,2,O3_24h,常德,128.0
20170124,2,O3_8h,常德,32.0
20170124,2,O3_8h_24h,常德,33.0
20170124,2,CO,常德,1.2
20170124,2,CO_24h,常德,1.2
20170124,3,AQI,常德,202.0
20170124,3,PM2.5,常德,152.0
20170124,3,PM2.5_24h,常德,109.0
20170124,3,PM10,常德,263.0
20170124,3,PM10_24h,常德,182.0
20170124,3,SO2,常德,16.0
20170124,3,SO2_24h,常德,19.0
20170124,3,NO2,常德,37.0
20170124,3,NO2_24h,常德,31.0
20170124,3,O3,常德,54.0
20170124,3,O3_24h,常德,128.0
20170124,3,O3_8h,常德,40.0
20170124,3,O3_8h_24h,常德,40.0
20170124,3,CO,常德,0.9
20170124,3,CO_24h,常德,1.2
20170124,4,AQI,常德,154.0
20170124,4,PM2.5,常德,118.0
20170124,4,PM2.5_24h,常德,108.0
20170124,4,PM10,常德,189.0
20170124,4,PM10_24h,常德,182.0
20170124,4,SO2,常德,15.0
20170124,4,SO2_24h,常德,19.0
20170124,4,NO2,常德,22.0
20170124,4,NO2_24h,常德,31.0
20170124,4,O3,常德,70.0
20170124,4,O3_24h,常德,128.0
20170124,4,O3_8h,常德,47.0
20170124,4,O3_8h_24h,常德,47.0
20170124,4,CO,常德,0.8
20170124,4,CO_24h,常德,1.2
20170124,5,AQI,常德,141.0
20170124,5,PM2.5,常德,108.0
20170124,5,PM2.5_24h,常德,108.0
20170124,5,PM10,常德,159.0
20170124,5,PM10_24h,常德,180.0
20170124,5,SO2,常德,16.0
20170124,5,SO2_24h,常德,19.0
20170124,5,NO2,常德,25.0
20170124,5,NO2_24h,常德,31.0
20170124,5,O3,常德,65.0
20170124,5,O3_24h,常德,128.0
20170124,5,O3_8h,常德,51.0
20170124,5,O3_8h_24h,常德,51.0
20170124,5,CO,常德,0.8
20170124,5,CO_24h,常德,1.1
20170124,6,AQI,常德,141.0
20170124,6,PM2.5,常德,108.0
20170124,6,PM2.5_24h,常德,108.0
20170124,6,PM10,常德,160.0
20170124,6,PM10_24h,常德,180.0
20170124,6,SO2,常德,17.0
20170124,6,SO2_24h,常德,20.0
20170124,6,NO2,常德,23.0
20170124,6,NO2_24h,常德,31.0
20170124,6,O3,常德,63.0
20170124,6,O3_24h,常德,128.0
20170124,6,O3_8h,常德,53.0
20170124,6,O3_8h_24h,常德,53.0
20170124,6,CO,常德,0.8
20170124,6,CO_24h,常德,1.1
20170124,7,AQI,常德,128.0
20170124,7,PM2.5,常德,97.0
20170124,7,PM2.5_24h,常德,108.0
20170124,7,PM10,常德,154.0
20170124,7,PM10_24h,常德,179.0
20170124,7,SO2,常德,18.0
20170124,7,SO2_24h,常德,20.0
20170124,7,NO2,常德,21.0
20170124,7,NO2_24h,常德,31.0
20170124,7,O3,常德,65.0
20170124,7,O3_24h,常德,128.0
20170124,7,O3_8h,常德,55.0
20170124,7,O3_8h_24h,常德,55.0
20170124,7,CO,常德,0.7
20170124,7,CO_24h,常德,1.0
20170124,8,AQI,常德,125.0
20170124,8,PM2.5,常德,95.0
20170124,8,PM2.5_24h,常德,107.0
20170124,8,PM10,常德,161.0
20170124,8,PM10_24h,常德,180.0
20170124,8,SO2,常德,17.0
20170124,8,SO2_24h,常德,21.0
20170124,8,NO2,常德,29.0
20170124,8,NO2_24h,常德,31.0
20170124,8,O3,常德,49.0
20170124,8,O3_24h,常德,128.0
20170124,8,O3_8h,常德,54.0
20170124,8,O3_8h_24h,常德,55.0
20170124,8,CO,常德,0.8
20170124,8,CO_24h,常德,1.0
20170124,9,AQI,常德,111.0
20170124,9,PM2.5,常德,84.0
20170124,9,PM2.5_24h,常德,107.0
20170124,9,PM10,常德,151.0
20170124,9,PM10_24h,常德,180.0
20170124,9,SO2,常德,14.0
20170124,9,SO2_24h,常德,21.0
20170124,9,NO2,常德,36.0
20170124,9,NO2_24h,常德,32.0
20170124,9,O3,常德,33.0
20170124,9,O3_24h,常德,128.0
20170124,9,O3_8h,常德,54.0
20170124,9,O3_8h_24h,常德,55.0
20170124,9,CO,常德,0.9
20170124,9,CO_24h,常德,1.0
20170124,10,AQI,常德,139.0
20170124,10,PM2.5,常德,106.0
20170124,10,PM2.5_24h,常德,108.0
20170124,10,PM10,常德,175.0
20170124,10,PM10_24h,常德,181.0
20170124,10,SO2,常德,12.0
20170124,10,SO2_24h,常德,21.0
20170124,10,NO2,常德,36.0
20170124,10,NO2_24h,常德,32.0
20170124,10,O3,常德,28.0
20170124,10,O3_24h,常德,128.0
20170124,10,O3_8h,常德,53.0
20170124,10,O3_8h_24h,常德,55.0
20170124,10,CO,常德,1.0
20170124,10,CO_24h,常德,1.0
20170124,11,AQI,常德,184.0
20170124,11,PM2.5,常德,139.0
20170124,11,PM2.5_24h,常德,110.0
20170124,11,PM10,常德,202.0
20170124,11,PM10_24h,常德,182.0
20170124,11,SO2,常德,12.0
20170124,11,SO2_24h,常德,20.0
20170124,11,NO2,常德,39.0
20170124,11,NO2_24h,常德,33.0
20170124,11,O3,常德,30.0
20170124,11,O3_24h,常德,128.0
20170124,11,O3_8h,常德,50.0
20170124,11,O3_8h_24h,常德,55.0
20170124,11,CO,常德,1.1
20170124,11,CO_24h,常德,0.9
20170124,12,AQI,常德,216.0
20170124,12,PM2.5,常德,166.0
20170124,12,PM2.5_24h,常德,113.0
20170124,12,PM10,常德,247.0
20170124,12,PM10_24h,常德,185.0
20170124,12,SO2,常德,16.0
20170124,12,SO2_24h,常德,20.0
20170124,12,NO2,常德,41.0
20170124,12,NO2_24h,常德,34.0
20170124,12,O3,常德,34.0
20170124,12,O3_24h,常德,128.0
20170124,12,O3_8h,常德,46.0
20170124,12,O3_8h_24h,常德,55.0
20170124,12,CO,常德,1.1
20170124,12,CO_24h,常德,0.9
20170124,13,AQI,常德,211.0
20170124,13,PM2.5,常德,161.0
20170124,13,PM2.5_24h,常德,115.0
20170124,13,PM10,常德,260.0
20170124,13,PM10_24h,常德,188.0
20170124,13,SO2,常德,21.0
20170124,13,SO2_24h,常德,19.0
20170124,13,NO2,常德,42.0
20170124,13,NO2_24h,常德,34.0
20170124,13,O3,常德,42.0
20170124,13,O3_24h,常德,128.0
20170124,13,O3_8h,常德,43.0
20170124,13,O3_8h_24h,常德,55.0
20170124,13,CO,常德,1.1
20170124,13,CO_24h,常德,0.9
20170124,14,AQI,常德,189.0
20170124,14,PM2.5,常德,142.0
20170124,14,PM2.5_24h,常德,116.0
20170124,14,PM10,常德,237.0
20170124,14,PM10_24h,常德,189.0
20170124,14,SO2,常德,22.0
20170124,14,SO2_24h,常德,18.0
20170124,14,NO2,常德,49.0
20170124,14,NO2_24h,常德,35.0
20170124,14,O3,常德,42.0
20170124,14,O3_24h,常德,128.0
20170124,14,O3_8h,常德,40.0
20170124,14,O3_8h_24h,常德,55.0
20170124,14,CO,常德,1.1
20170124,14,CO_24h,常德,0.8
20170124,15,AQI,常德,201.0
20170124,15,PM2.5,常德,151.0
20170124,15,PM2.5_24h,常德,118.0
20170124,15,PM10,常德,230.0
20170124,15,PM10_24h,常德,192.0
20170124,15,SO2,常德,22.0
20170124,15,SO2_24h,常德,18.0
20170124,15,NO2,常德,55.0
20170124,15,NO2_24h,常德,36.0
20170124,15,O3,常德,39.0
20170124,15,O3_24h,常德,128.0
20170124,15,O3_8h,常德,37.0
20170124,15,O3_8h_24h,常德,55.0
20170124,15,CO,常德,1.1
20170124,15,CO_24h,常德,0.9
20170124,16,AQI,常德,186.0
20170124,16,PM2.5,常德,140.0
20170124,16,PM2.5_24h,常德,120.0
20170124,16,PM10,常德,235.0
20170124,16,PM10_24h,常德,196.0
20170124,16,SO2,常德,23.0
20170124,16,SO2_24h,常德,18.0
20170124,16,NO2,常德,35.0
20170124,16,NO2_24h,常德,37.0
20170124,16,O3,常德,58.0
20170124,16,O3_24h,常德,123.0
20170124,16,O3_8h,常德,38.0
20170124,16,O3_8h_24h,常德,55.0
20170124,16,CO,常德,1.0
20170124,16,CO_24h,常德,0.9
20170124,17,AQI,常德,161.0
20170124,17,PM2.5,常德,123.0
20170124,17,PM2.5_24h,常德,121.0
20170124,17,PM10,常德,194.0
20170124,17,PM10_24h,常德,197.0
20170124,17,SO2,常德,14.0
20170124,17,SO2_24h,常德,18.0
20170124,17,NO2,常德,34.0
20170124,17,NO2_24h,常德,37.0
20170124,17,O3,常德,54.0
20170124,17,O3_24h,常德,112.0
20170124,17,O3_8h,常德,41.0
20170124,17,O3_8h_24h,常德,55.0
20170124,17,CO,常德,1.0
20170124,17,CO_24h,常德,0.9
20170124,18,AQI,常德,173.0
20170124,18,PM2.5,常德,131.0
20170124,18,PM2.5_24h,常德,123.0
20170124,18,PM10,常德,219.0
20170124,18,PM10_24h,常德,201.0
20170124,18,SO2,常德,10.0
20170124,18,SO2_24h,常德,17.0
20170124,18,NO2,常德,35.0
20170124,18,NO2_24h,常德,38.0
20170124,18,O3,常德,47.0
20170124,18,O3_24h,常德,93.0
20170124,18,O3_8h,常德,43.0
20170124,18,O3_8h_24h,常德,55.0
20170124,18,CO,常德,1.0
20170124,18,CO_24h,常德,0.9
20170124,19,AQI,常德,160.0
20170124,19,PM2.5,常德,122.0
20170124,19,PM2.5_24h,常德,125.0
20170124,19,PM10,常德,206.0
20170124,19,PM10_24h,常德,203.0
20170124,19,SO2,常德,12.0
20170124,19,SO2_24h,常德,17.0
20170124,19,NO2,常德,35.0
20170124,19,NO2_24h,常德,38.0
20170124,19,O3,常德,46.0
20170124,19,O3_24h,常德,89.0
20170124,19,O3_8h,常德,45.0
20170124,19,O3_8h_24h,常德,55.0
20170124,19,CO,常德,1.0
20170124,19,CO_24h,常德,0.9
20170124,20,AQI,常德,153.0
20170124,20,PM2.5,常德,117.0
20170124,20,PM2.5_24h,常德,126.0
20170124,20,PM10,常德,200.0
20170124,20,PM10_24h,常德,205.0
20170124,20,SO2,常德,14.0
20170124,20,SO2_24h,常德,17.0
20170124,20,NO2,常德,35.0
20170124,20,NO2_24h,常德,38.0
20170124,20,O3,常德,45.0
20170124,20,O3_24h,常德,87.0
20170124,20,O3_8h,常德,47.0
20170124,20,O3_8h_24h,常德,55.0
20170124,20,CO,常德,1.0
20170124,20,CO_24h,常德,0.9
20170124,21,AQI,常德,157.0
20170124,21,PM2.5,常德,120.0
20170124,21,PM2.5_24h,常德,126.0
20170124,21,PM10,常德,197.0
20170124,21,PM10_24h,常德,205.0
20170124,21,SO2,常德,12.0
20170124,21,SO2_24h,常德,16.0
20170124,21,NO2,常德,40.0
20170124,21,NO2_24h,常德,38.0
20170124,21,O3,常德,35.0
20170124,21,O3_24h,常德,87.0
20170124,21,O3_8h,常德,46.0
20170124,21,O3_8h_24h,常德,55.0
20170124,21,CO,常德,1.0
20170124,21,CO_24h,常德,1.0
20170124,22,AQI,常德,153.0
20170124,22,PM2.5,常德,117.0
20170124,22,PM2.5_24h,常德,127.0
20170124,22,PM10,常德,197.0
20170124,22,PM10_24h,常德,205.0
20170124,22,SO2,常德,9.0
20170124,22,SO2_24h,常德,16.0
20170124,22,NO2,常德,39.0
20170124,22,NO2_24h,常德,38.0
20170124,22,O3,常德,26.0
20170124,22,O3_24h,常德,87.0
20170124,22,O3_8h,常德,44.0
20170124,22,O3_8h_24h,常德,55.0
20170124,22,CO,常德,1.1
20170124,22,CO_24h,常德,1.0
20170124,23,AQI,常德,179.0
20170124,23,PM2.5,常德,135.0
20170124,23,PM2.5_24h,常德,127.0
20170124,23,PM10,常德,213.0
20170124,23,PM10_24h,常德,206.0
20170124,23,SO2,常德,11.0
20170124,23,SO2_24h,常德,16.0
20170124,23,NO2,常德,34.0
20170124,23,NO2_24h,常德,38.0
20170124,23,O3,常德,33.0
20170124,23,O3_24h,常德,70.0
20170124,23,O3_8h,常德,43.0
20170124,23,O3_8h_24h,常德,55.0
20170124,23,CO,常德,1.0
20170124,23,CO_24h,常德,1.0
20170124,0,AQI,张家界,96.0
20170124,0,PM2.5,张家界,72.0
20170124,0,PM2.5_24h,张家界,73.0
20170124,0,PM10,张家界,110.0
20170124,0,PM10_24h,张家界,99.0
20170124,0,SO2,张家界,8.0
20170124,0,SO2_24h,张家界,8.0
20170124,0,NO2,张家界,23.0
20170124,0,NO2_24h,张家界,22.0
20170124,0,O3,张家界,62.0
20170124,0,O3_24h,张家界,144.0
20170124,0,O3_8h,张家界,82.0
20170124,0,O3_8h_24h,张家界,122.0
20170124,0,CO,张家界,1.8
20170124,0,CO_24h,张家界,1.73
20170124,1,AQI,张家界,105.0
20170124,1,PM2.5,张家界,79.0
20170124,1,PM2.5_24h,张家界,73.0
20170124,1,PM10,张家界,109.0
20170124,1,PM10_24h,张家界,100.0
20170124,1,SO2,张家界,7.0
20170124,1,SO2_24h,张家界,8.0
20170124,1,NO2,张家界,23.0
20170124,1,NO2_24h,张家界,22.0
20170124,1,O3,张家界,48.0
20170124,1,O3_24h,张家界,144.0
20170124,1,O3_8h,张家界,48.0
20170124,1,O3_8h_24h,张家界,48.0
20170124,1,CO,张家界,1.8
20170124,1,CO_24h,张家界,1.73
20170124,2,AQI,张家界,89.0
20170124,2,PM2.5,张家界,66.0
20170124,2,PM2.5_24h,张家界,73.0
20170124,2,PM10,张家界,87.0
20170124,2,PM10_24h,张家界,100.0
20170124,2,SO2,张家界,7.0
20170124,2,SO2_24h,张家界,8.0
20170124,2,NO2,张家界,23.0
20170124,2,NO2_24h,张家界,22.0
20170124,2,O3,张家界,46.0
20170124,2,O3_24h,张家界,144.0
20170124,2,O3_8h,张家界,47.0
20170124,2,O3_8h_24h,张家界,49.0
20170124,2,CO,张家界,1.8
20170124,2,CO_24h,张家界,1.73
20170124,3,AQI,张家界,89.0
20170124,3,PM2.5,张家界,66.0
20170124,3,PM2.5_24h,张家界,73.0
20170124,3,PM10,张家界,95.0
20170124,3,PM10_24h,张家界,100.0
20170124,3,SO2,张家界,7.0
20170124,3,SO2_24h,张家界,8.0
20170124,3,NO2,张家界,22.0
20170124,3,NO2_24h,张家界,22.0
20170124,3,O3,张家界,43.0
20170124,3,O3_24h,张家界,144.0
20170124,3,O3_8h,张家界,46.0
20170124,3,O3_8h_24h,张家界,50.0
20170124,3,CO,张家界,1.87
20170124,3,CO_24h,张家界,1.73
20170124,4,AQI,张家界,86.0
20170124,4,PM2.5,张家界,64.0
20170124,4,PM2.5_24h,张家界,73.0
20170124,4,PM10,张家界,75.0
20170124,4,PM10_24h,张家界,100.0
20170124,4,SO2,张家界,7.0
20170124,4,SO2_24h,张家界,8.0
20170124,4,NO2,张家界,16.0
20170124,4,NO2_24h,张家界,22.0
20170124,4,O3,张家界,48.0
20170124,4,O3_24h,张家界,144.0
20170124,4,O3_8h,张家界,46.0
20170124,4,O3_8h_24h,张家界,51.0
20170124,4,CO,张家界,1.8
20170124,4,CO_24h,张家界,1.73
20170124,5,AQI,张家界,85.0
20170124,5,PM2.5,张家界,63.0
20170124,5,PM2.5_24h,张家界,72.0
20170124,5,PM10,张家界,66.0
20170124,5,PM10_24h,张家界,100.0
20170124,5,SO2,张家界,7.0
20170124,5,SO2_24h,张家界,8.0
20170124,5,NO2,张家界,15.0
20170124,5,NO2_24h,张家界,22.0
20170124,5,O3,张家界,44.0
20170124,5,O3_24h,张家界,144.0
20170124,5,O3_8h,张家界,46.0
20170124,5,O3_8h_24h,张家界,51.0
20170124,5,CO,张家界,1.63
20170124,5,CO_24h,张家界,1.73
20170124,6,AQI,张家界,75.0
20170124,6,PM2.5,张家界,55.0
20170124,6,PM2.5_24h,张家界,72.0
20170124,6,PM10,张家界,63.0
20170124,6,PM10_24h,张家界,100.0
20170124,6,SO2,张家界,7.0
20170124,6,SO2_24h,张家界,8.0
20170124,6,NO2,张家界,16.0
20170124,6,NO2_24h,张家界,22.0
20170124,6,O3,张家界,38.0
20170124,6,O3_24h,张家界,144.0
20170124,6,O3_8h,张家界,44.0
20170124,6,O3_8h_24h,张家界,51.0
20170124,6,CO,张家界,1.7
20170124,6,CO_24h,张家界,1.73
20170124,7,AQI,张家界,68.0
20170124,7,PM2.5,张家界,49.0
20170124,7,PM2.5_24h,张家界,71.0
20170124,7,PM10,张家界,76.0
20170124,7,PM10_24h,张家界,99.0
20170124,7,SO2,张家界,7.0
20170124,7,SO2_24h,张家界,8.0
20170124,7,NO2,张家界,21.0
20170124,7,NO2_24h,张家界,22.0
20170124,7,O3,张家界,30.0
20170124,7,O3_24h,张家界,144.0
20170124,7,O3_8h,张家界,42.0
20170124,7,O3_8h_24h,张家界,51.0
20170124,7,CO,张家界,1.7
20170124,7,CO_24h,张家界,1.73
20170124,8,AQI,张家界,89.0
20170124,8,PM2.5,张家界,66.0
20170124,8,PM2.5_24h,张家界,71.0
20170124,8,PM10,张家界,93.0
20170124,8,PM10_24h,张家界,99.0
20170124,8,SO2,张家界,7.0
20170124,8,SO2_24h,张家界,9.0
20170124,8,NO2,张家界,27.0
20170124,8,NO2_24h,张家界,22.0
20170124,8,O3,张家界,23.0
20170124,8,O3_24h,张家界,144.0
20170124,8,O3_8h,张家界,40.0
20170124,8,O3_8h_24h,张家界,51.0
20170124,8,CO,张家界,1.77
20170124,8,CO_24h,张家界,1.73
20170124,9,AQI,张家界,83.0
20170124,9,PM2.5,张家界,61.0
20170124,9,PM2.5_24h,张家界,71.0
20170124,9,PM10,张家界,96.0
20170124,9,PM10_24h,张家界,99.0
20170124,9,SO2,张家界,8.0
20170124,9,SO2_24h,张家界,9.0
20170124,9,NO2,张家界,37.0
20170124,9,NO2_24h,张家界,22.0
20170124,9,O3,张家界,15.0
20170124,9,O3_24h,张家界,144.0
20170124,9,O3_8h,张家界,36.0
20170124,9,O3_8h_24h,张家界,51.0
20170124,9,CO,张家界,1.93
20170124,9,CO_24h,张家界,1.73
20170124,10,AQI,张家界,99.0
20170124,10,PM2.5,张家界,74.0
20170124,10,PM2.5_24h,张家界,71.0
20170124,10,PM10,张家界,123.0
20170124,10,PM10_24h,张家界,99.0
20170124,10,SO2,张家界,8.0
20170124,10,SO2_24h,张家界,9.0
20170124,10,NO2,张家界,41.0
20170124,10,NO2_24h,张家界,23.0
20170124,10,O3,张家界,17.0
20170124,10,O3_24h,张家界,144.0
20170124,10,O3_8h,张家界,32.0
20170124,10,O3_8h_24h,张家界,51.0
20170124,10,CO,张家界,2.1
20170124,10,CO_24h,张家界,1.77
20170124,11,AQI,张家界,100.0
20170124,11,PM2.5,张家界,75.0
20170124,11,PM2.5_24h,张家界,70.0
20170124,11,PM10,张家界,148.0
20170124,11,PM10_24h,张家界,101.0
20170124,11,SO2,张家界,8.0
20170124,11,SO2_24h,张家界,9.0
20170124,11,NO2,张家界,46.0
20170124,11,NO2_24h,张家界,23.0
20170124,11,O3,张家界,18.0
20170124,11,O3_24h,张家界,144.0
20170124,11,O3_8h,张家界,29.0
20170124,11,O3_8h_24h,张家界,51.0
20170124,11,CO,张家界,2.33
20170124,11,CO_24h,张家界,1.77
20170124,12,AQI,张家界,135.0
20170124,12,PM2.5,张家界,103.0
20170124,12,PM2.5_24h,张家界,70.0
20170124,12,PM10,张家界,167.0
20170124,12,PM10_24h,张家界,103.0
20170124,12,SO2,张家界,7.0
20170124,12,SO2_24h,张家界,8.0
20170124,12,NO2,张家界,41.0
20170124,12,NO2_24h,张家界,24.0
20170124,12,O3,张家界,25.0
20170124,12,O3_24h,张家界,144.0
20170124,12,O3_8h,张家界,26.0
20170124,12,O3_8h_24h,张家界,51.0
20170124,12,CO,张家界,2.43
20170124,12,CO_24h,张家界,1.8
20170124,13,AQI,张家界,150.0
20170124,13,PM2.5,张家界,115.0
20170124,13,PM2.5_24h,张家界,71.0
20170124,13,PM10,张家界,150.0
20170124,13,PM10_24h,张家界,104.0
20170124,13,SO2,张家界,9.0
20170124,13,SO2_24h,张家界,8.0
20170124,13,NO2,张家界,35.0
20170124,13,NO2_24h,张家界,25.0
20170124,13,O3,张家界,34.0
20170124,13,O3_24h,张家界,125.0
20170124,13,O3_8h,张家界,25.0
20170124,13,O3_8h_24h,张家界,51.0
20170124,13,CO,张家界,2.23
20170124,13,CO_24h,张家界,1.8
20170124,14,AQI,张家界,154.0
20170124,14,PM2.5,张家界,118.0
20170124,14,PM2.5_24h,张家界,72.0
20170124,14,PM10,张家界,144.0
20170124,14,PM10_24h,张家界,106.0
20170124,14,SO2,张家界,7.0
20170124,14,SO2_24h,张家界,8.0
20170124,14,NO2,张家界,21.0
20170124,14,NO2_24h,张家界,25.0
20170124,14,O3,张家界,61.0
20170124,14,O3_24h,张家界,113.0
20170124,14,O3_8h,张家界,28.0
20170124,14,O3_8h_24h,张家界,51.0
20170124,14,CO,张家界,1.9
20170124,14,CO_24h,张家界,1.8
20170124,15,AQI,张家界,125.0
20170124,15,PM2.5,张家界,95.0
20170124,15,PM2.5_24h,张家界,73.0
20170124,15,PM10,张家界,131.0
20170124,15,PM10_24h,张家界,106.0
20170124,15,SO2,张家界,7.0
20170124,15,SO2_24h,张家界,8.0
20170124,15,NO2,张家界,17.0
20170124,15,NO2_24h,张家界,25.0
20170124,15,O3,张家界,85.0
20170124,15,O3_24h,张家界,111.0
20170124,15,O3_8h,张家界,35.0
20170124,15,O3_8h_24h,张家界,52.0
20170124,15,CO,张家界,1.4
20170124,15,CO_24h,张家界,1.8
20170124,16,AQI,张家界,104.0
20170124,16,PM2.5,张家界,78.0
20170124,16,PM2.5_24h,张家界,72.0
20170124,16,PM10,张家界,92.0
20170124,16,PM10_24h,张家界,106.0
20170124,16,SO2,张家界,6.0
20170124,16,SO2_24h,张家界,8.0
20170124,16,NO2,张家界,16.0
20170124,16,NO2_24h,张家界,25.0
20170124,16,O3,张家界,86.0
20170124,16,O3_24h,张家界,111.0
20170124,16,O3_8h,张家界,43.0
20170124,16,O3_8h_24h,张家界,54.0
20170124,16,CO,张家界,1.4
20170124,16,CO_24h,张家界,1.8
20170124,17,AQI,张家界,109.0
20170124,17,PM2.5,张家界,82.0
20170124,17,PM2.5_24h,张家界,73.0
20170124,17,PM10,张家界,110.0
20170124,17,PM10_24h,张家界,107.0
20170124,17,SO2,张家界,6.0
20170124,17,SO2_24h,张家界,8.0
20170124,17,NO2,张家界,21.0
20170124,17,NO2_24h,张家界,25.0
20170124,17,O3,张家界,88.0
20170124,17,O3_24h,张家界,111.0
20170124,17,O3_8h,张家界,52.0
20170124,17,O3_8h_24h,张家界,57.0
20170124,17,CO,张家界,1.4
20170124,17,CO_24h,张家界,1.8
20170124,18,AQI,张家界,96.0
20170124,18,PM2.5,张家界,72.0
20170124,18,PM2.5_24h,张家界,75.0
20170124,18,PM10,张家界,90.0
20170124,18,PM10_24h,张家界,107.0
20170124,18,SO2,张家界,6.0
20170124,18,SO2_24h,张家界,7.0
20170124,18,NO2,张家界,18.0
20170124,18,NO2_24h,张家界,25.0
20170124,18,O3,张家界,76.0
20170124,18,O3_24h,张家界,101.0
20170124,18,O3_8h,张家界,59.0
20170124,18,O3_8h_24h,张家界,62.0
20170124,18,CO,张家界,1.37
20170124,18,CO_24h,张家界,1.8
20170124,19,AQI,张家界,91.0
20170124,19,PM2.5,张家界,68.0
20170124,19,PM2.5_24h,张家界,75.0
20170124,19,PM10,张家界,89.0
20170124,19,PM10_24h,张家界,107.0
20170124,19,SO2,张家界,6.0
20170124,19,SO2_24h,张家界,7.0
20170124,19,NO2,张家界,20.0
20170124,19,NO2_24h,张家界,25.0
20170124,19,O3,张家界,62.0
20170124,19,O3_24h,张家界,101.0
20170124,19,O3_8h,张家界,65.0
20170124,19,O3_8h_24h,张家界,65.0
20170124,19,CO,张家界,1.47
20170124,19,CO_24h,张家界,1.8
20170124,20,AQI,张家界,96.0
20170124,20,PM2.5,张家界,72.0
20170124,20,PM2.5_24h,张家界,75.0
20170124,20,PM10,张家界,95.0
20170124,20,PM10_24h,张家界,107.0
20170124,20,SO2,张家界,6.0
20170124,20,SO2_24h,张家界,7.0
20170124,20,NO2,张家界,22.0
20170124,20,NO2_24h,张家界,25.0
20170124,20,O3,张家界,54.0
20170124,20,O3_24h,张家界,98.0
20170124,20,O3_8h,张家界,68.0
20170124,20,O3_8h_24h,张家界,68.0
20170124,20,CO,张家界,1.53
20170124,20,CO_24h,张家界,1.8
20170124,21,AQI,张家界,98.0
20170124,21,PM2.5,张家界,73.0
20170124,21,PM2.5_24h,张家界,76.0
20170124,21,PM10,张家界,106.0
20170124,21,PM10_24h,张家界,107.0
20170124,21,SO2,张家界,5.0
20170124,21,SO2_24h,张家界,7.0
20170124,21,NO2,张家界,26.0
20170124,21,NO2_24h,张家界,25.0
20170124,21,O3,张家界,39.0
20170124,21,O3_24h,张家界,97.0
20170124,21,O3_8h,张家界,69.0
20170124,21,O3_8h_24h,张家界,69.0
20170124,21,CO,张家界,1.63
20170124,21,CO_24h,张家界,1.8
20170124,22,AQI,张家界,115.0
20170124,22,PM2.5,张家界,87.0
20170124,22,PM2.5_24h,张家界,76.0
20170124,22,PM10,张家界,104.0
20170124,22,PM10_24h,张家界,106.0
20170124,22,SO2,张家界,5.0
20170124,22,SO2_24h,张家界,7.0
20170124,22,NO2,张家界,25.0
20170124,22,NO2_24h,张家界,25.0
20170124,22,O3,张家界,32.0
20170124,22,O3_24h,张家界,97.0
20170124,22,O3_8h,张家界,65.0
20170124,22,O3_8h_24h,张家界,69.0
20170124,22,CO,张家界,1.67
20170124,22,CO_24h,张家界,1.8
20170124,23,AQI,张家界,125.0
20170124,23,PM2.5,张家界,95.0
20170124,23,PM2.5_24h,张家界,77.0
20170124,23,PM10,张家界,118.0
20170124,23,PM10_24h,张家界,106.0
20170124,23,SO2,张家界,5.0
20170124,23,SO2_24h,张家界,7.0
20170124,23,NO2,张家界,22.0
20170124,23,NO2_24h,张家界,25.0
20170124,23,O3,张家界,26.0
20170124,23,O3_24h,张家界,94.0
20170124,23,O3_8h,张家界,58.0
20170124,23,O3_8h_24h,张家界,69.0
20170124,23,CO,张家界,1.67
20170124,23,CO_24h,张家界,1.77
20170124,0,AQI,桂林,85.0
20170124,0,PM2.5,桂林,63.0
20170124,0,PM2.5_24h,桂林,69.0
20170124,0,PM10,桂林,90.0
20170124,0,PM10_24h,桂林,94.0
20170124,0,SO2,桂林,15.0
20170124,0,SO2_24h,桂林,14.0
20170124,0,NO2,桂林,26.0
20170124,0,NO2_24h,桂林,33.0
20170124,0,O3,桂林,97.0
20170124,0,O3_24h,桂林,133.0
20170124,0,O3_8h,桂林,96.0
20170124,0,O3_8h_24h,桂林,117.0
20170124,0,CO,桂林,0.9
20170124,0,CO_24h,桂林,1.0
20170124,1,AQI,桂林,80.0
20170124,1,PM2.5,桂林,59.0
20170124,1,PM2.5_24h,桂林,68.0
20170124,1,PM10,桂林,81.0
20170124,1,PM10_24h,桂林,93.0
20170124,1,SO2,桂林,14.0
20170124,1,SO2_24h,桂林,14.0
20170124,1,NO2,桂林,22.0
20170124,1,NO2_24h,桂林,32.0
20170124,1,O3,桂林,97.0
20170124,1,O3_24h,桂林,133.0
20170124,1,O3_8h,桂林,97.0
20170124,1,O3_8h_24h,桂林,97.0
20170124,1,CO,桂林,0.8
20170124,1,CO_24h,桂林,0.97
20170124,2,AQI,桂林,80.0
20170124,2,PM2.5,桂林,59.0
20170124,2,PM2.5_24h,桂林,68.0
20170124,2,PM10,桂林,80.0
20170124,2,PM10_24h,桂林,92.0
20170124,2,SO2,桂林,14.0
20170124,2,SO2_24h,桂林,14.0
20170124,2,NO2,桂林,21.0
20170124,2,NO2_24h,桂林,31.0
20170124,2,O3,桂林,94.0
20170124,2,O3_24h,桂林,133.0
20170124,2,O3_8h,桂林,96.0
20170124,2,O3_8h_24h,桂林,97.0
20170124,2,CO,桂林,0.8
20170124,2,CO_24h,桂林,0.97
20170124,3,AQI,桂林,81.0
20170124,3,PM2.5,桂林,60.0
20170124,3,PM2.5_24h,桂林,67.0
20170124,3,PM10,桂林,80.0
20170124,3,PM10_24h,桂林,91.0
20170124,3,SO2,桂林,14.0
20170124,3,SO2_24h,桂林,14.0
20170124,3,NO2,桂林,20.0
20170124,3,NO2_24h,桂林,30.0
20170124,3,O3,桂林,94.0
20170124,3,O3_24h,桂林,133.0
20170124,3,O3_8h,桂林,95.0
20170124,3,O3_8h_24h,桂林,97.0
20170124,3,CO,桂林,0.8
20170124,3,CO_24h,桂林,0.97
20170124,4,AQI,桂林,83.0
20170124,4,PM2.5,桂林,61.0
20170124,4,PM2.5_24h,桂林,67.0
20170124,4,PM10,桂林,80.0
20170124,4,PM10_24h,桂林,90.0
20170124,4,SO2,桂林,14.0
20170124,4,SO2_24h,桂林,14.0
20170124,4,NO2,桂林,21.0
20170124,4,NO2_24h,桂林,30.0
20170124,4,O3,桂林,88.0
20170124,4,O3_24h,桂林,133.0
20170124,4,O3_8h,桂林,94.0
20170124,4,O3_8h_24h,桂林,97.0
20170124,4,CO,桂林,0.83
20170124,4,CO_24h,桂林,0.97
20170124,5,AQI,桂林,90.0
20170124,5,PM2.5,桂林,67.0
20170124,5,PM2.5_24h,桂林,67.0
20170124,5,PM10,桂林,84.0
20170124,5,PM10_24h,桂林,90.0
20170124,5,SO2,桂林,11.0
20170124,5,SO2_24h,桂林,14.0
20170124,5,NO2,桂林,27.0
20170124,5,NO2_24h,桂林,30.0
20170124,5,O3,桂林,63.0
20170124,5,O3_24h,桂林,133.0
20170124,5,O3_8h,桂林,87.0
20170124,5,O3_8h_24h,桂林,97.0
20170124,5,CO,桂林,0.97
20170124,5,CO_24h,桂林,0.97
20170124,6,AQI,桂林,103.0
20170124,6,PM2.5,桂林,77.0
20170124,6,PM2.5_24h,桂林,68.0
20170124,6,PM10,桂林,88.0
20170124,6,PM10_24h,桂林,90.0
20170124,6,SO2,桂林,9.0
20170124,6,SO2_24h,桂林,14.0
20170124,6,NO2,桂林,29.0
20170124,6,NO2_24h,桂林,30.0
20170124,6,O3,桂林,52.0
20170124,6,O3_24h,桂林,133.0
20170124,6,O3_8h,桂林,81.0
20170124,6,O3_8h_24h,桂林,97.0
20170124,6,CO,桂林,0.97
20170124,6,CO_24h,桂林,0.97
20170124,7,AQI,桂林,106.0
20170124,7,PM2.5,桂林,80.0
20170124,7,PM2.5_24h,桂林,68.0
20170124,7,PM10,桂林,95.0
20170124,7,PM10_24h,桂林,90.0
20170124,7,SO2,桂林,9.0
20170124,7,SO2_24h,桂林,14.0
20170124,7,NO2,桂林,34.0
20170124,7,NO2_24h,桂林,30.0
20170124,7,O3,桂林,43.0
20170124,7,O3_24h,桂林,133.0
20170124,7,O3_8h,桂林,76.0
20170124,7,O3_8h_24h,桂林,97.0
20170124,7,CO,桂林,0.97
20170124,7,CO_24h,桂林,0.93
20170124,8,AQI,桂林,109.0
20170124,8,PM2.5,桂林,82.0
20170124,8,PM2.5_24h,桂林,69.0
20170124,8,PM10,桂林,100.0
20170124,8,PM10_24h,桂林,91.0
20170124,8,SO2,桂林,10.0
20170124,8,SO2_24h,桂林,13.0
20170124,8,NO2,桂林,43.0
20170124,8,NO2_24h,桂林,31.0
20170124,8,O3,桂林,31.0
20170124,8,O3_24h,桂林,133.0
20170124,8,O3_8h,桂林,70.0
20170124,8,O3_8h_24h,桂林,97.0
20170124,8,CO,桂林,1.03
20170124,8,CO_24h,桂林,0.97
20170124,9,AQI,桂林,113.0
20170124,9,PM2.5,桂林,85.0
20170124,9,PM2.5_24h,桂林,69.0
20170124,9,PM10,桂林,111.0
20170124,9,PM10_24h,桂林,91.0
20170124,9,SO2,桂林,11.0
20170124,9,SO2_24h,桂林,13.0
20170124,9,NO2,桂林,38.0
20170124,9,NO2_24h,桂林,31.0
20170124,9,O3,桂林,42.0
20170124,9,O3_24h,桂林,133.0
20170124,9,O3_8h,桂林,63.0
20170124,9,O3_8h_24h,桂林,97.0
20170124,9,CO,桂林,1.07
20170124,9,CO_24h,桂林,0.97
20170124,10,AQI,桂林,105.0
20170124,10,PM2.5,桂林,79.0
20170124,10,PM2.5_24h,桂林,69.0
20170124,10,PM10,桂林,90.0
20170124,10,PM10_24h,桂林,91.0
20170124,10,SO2,桂林,14.0
20170124,10,SO2_24h,桂林,13.0
20170124,10,NO2,桂林,40.0
20170124,10,NO2_24h,桂林,31.0
20170124,10,O3,桂林,58.0
20170124,10,O3_24h,桂林,133.0
20170124,10,O3_8h,桂林,59.0
20170124,10,O3_8h_24h,桂林,97.0
20170124,10,CO,桂林,1.1
20170124,10,CO_24h,桂林,0.97
20170124,11,AQI,桂林,99.0
20170124,11,PM2.5,桂林,74.0
20170124,11,PM2.5_24h,桂林,69.0
20170124,11,PM10,桂林,101.0
20170124,11,PM10_24h,桂林,92.0
20170124,11,SO2,桂林,17.0
20170124,11,SO2_24h,桂林,13.0
20170124,11,NO2,桂林,36.0
20170124,11,NO2_24h,桂林,32.0
20170124,11,O3,桂林,82.0
20170124,11,O3_24h,桂林,133.0
20170124,11,O3_8h,桂林,57.0
20170124,11,O3_8h_24h,桂林,97.0
20170124,11,CO,桂林,1.03
20170124,11,CO_24h,桂林,0.97
20170124,12,AQI,桂林,91.0
20170124,12,PM2.5,桂林,68.0
20170124,12,PM2.5_24h,桂林,69.0
20170124,12,PM10,桂林,89.0
20170124,12,PM10_24h,桂林,91.0
20170124,12,SO2,桂林,16.0
20170124,12,SO2_24h,桂林,13.0
20170124,12,NO2,桂林,25.0
20170124,12,NO2_24h,桂林,31.0
20170124,12,O3,桂林,110.0
20170124,12,O3_24h,桂林,137.0
20170124,12,O3_8h,桂林,60.0
20170124,12,O3_8h_24h,桂林,97.0
20170124,12,CO,桂林,0.9
20170124,12,CO_24h,桂林,0.97
20170124,13,AQI,桂林,83.0
20170124,13,PM2.5,桂林,61.0
20170124,13,PM2.5_24h,桂林,69.0
20170124,13,PM10,桂林,83.0
20170124,13,PM10_24h,桂林,91.0
20170124,13,SO2,桂林,14.0
20170124,13,SO2_24h,桂林,13.0
20170124,13,NO2,桂林,22.0
20170124,13,NO2_24h,桂林,31.0
20170124,13,O3,桂林,129.0
20170124,13,O3_24h,桂林,145.0
20170124,13,O3_8h,桂林,68.0
20170124,13,O3_8h_24h,桂林,97.0
20170124,13,CO,桂林,0.87
20170124,13,CO_24h,桂林,0.97
20170124,14,AQI,桂林,80.0
20170124,14,PM2.5,桂林,59.0
20170124,14,PM2.5_24h,桂林,68.0
20170124,14,PM10,桂林,76.0
20170124,14,PM10_24h,桂林,90.0
20170124,14,SO2,桂林,13.0
20170124,14,SO2_24h,桂林,13.0
20170124,14,NO2,桂林,23.0
20170124,14,NO2_24h,桂林,31.0
20170124,14,O3,桂林,136.0
20170124,14,O3_24h,桂林,147.0
20170124,14,O3_8h,桂林,79.0
20170124,14,O3_8h_24h,桂林,97.0
20170124,14,CO,桂林,0.87
20170124,14,CO_24h,桂林,0.93
20170124,15,AQI,桂林,74.0
20170124,15,PM2.5,桂林,54.0
20170124,15,PM2.5_24h,桂林,67.0
20170124,15,PM10,桂林,72.0
20170124,15,PM10_24h,桂林,89.0
20170124,15,SO2,桂林,11.0
20170124,15,SO2_24h,桂林,13.0
20170124,15,NO2,桂林,20.0
20170124,15,NO2_24h,桂林,31.0
20170124,15,O3,桂林,145.0
20170124,15,O3_24h,桂林,148.0
20170124,15,O3_8h,桂林,92.0
20170124,15,O3_8h_24h,桂林,97.0
20170124,15,CO,桂林,0.83
20170124,15,CO_24h,桂林,0.93
20170124,16,AQI,桂林,73.0
20170124,16,PM2.5,桂林,53.0
20170124,16,PM2.5_24h,桂林,67.0
20170124,16,PM10,桂林,71.0
20170124,16,PM10_24h,桂林,88.0
20170124,16,SO2,桂林,11.0
20170124,16,SO2_24h,桂林,13.0
20170124,16,NO2,桂林,21.0
20170124,16,NO2_24h,桂林,31.0
20170124,16,O3,桂林,142.0
20170124,16,O3_24h,桂林,145.0
20170124,16,O3_8h,桂林,106.0
20170124,16,O3_8h_24h,桂林,106.0
20170124,16,CO,桂林,0.83
20170124,16,CO_24h,桂林,0.93
20170124,17,AQI,桂林,74.0
20170124,17,PM2.5,桂林,54.0
20170124,17,PM2.5_24h,桂林,67.0
20170124,17,PM10,桂林,64.0
20170124,17,PM10_24h,桂林,88.0
20170124,17,SO2,桂林,10.0
20170124,17,SO2_24h,桂林,13.0
20170124,17,NO2,桂林,29.0
20170124,17,NO2_24h,桂林,31.0
20170124,17,O3,桂林,126.0
20170124,17,O3_24h,桂林,145.0
20170124,17,O3_8h,桂林,116.0
20170124,17,O3_8h_24h,桂林,116.0
20170124,17,CO,桂林,0.93
20170124,17,CO_24h,桂林,0.97
20170124,18,AQI,桂林,85.0
20170124,18,PM2.5,桂林,63.0
20170124,18,PM2.5_24h,桂林,67.0
20170124,18,PM10,桂林,95.0
20170124,18,PM10_24h,桂林,88.0
20170124,18,SO2,桂林,11.0
20170124,18,SO2_24h,桂林,13.0
20170124,18,NO2,桂林,63.0
20170124,18,NO2_24h,桂林,32.0
20170124,18,O3,桂林,76.0
20170124,18,O3_24h,桂林,145.0
20170124,18,O3_8h,桂林,119.0
20170124,18,O3_8h_24h,桂林,119.0
20170124,18,CO,桂林,1.27
20170124,18,CO_24h,桂林,0.97
20170124,19,AQI,桂林,111.0
20170124,19,PM2.5,桂林,84.0
20170124,19,PM2.5_24h,桂林,68.0
20170124,19,PM10,桂林,123.0
20170124,19,PM10_24h,桂林,90.0
20170124,19,SO2,桂林,12.0
20170124,19,SO2_24h,桂林,13.0
20170124,19,NO2,桂林,95.0
20170124,19,NO2_24h,桂林,34.0
20170124,19,O3,桂林,34.0
20170124,19,O3_24h,桂林,145.0
20170124,19,O3_8h,桂林,112.0
20170124,19,O3_8h_24h,桂林,119.0
20170124,19,CO,桂林,1.83
20170124,19,CO_24h,桂林,1.0
20170124,20,AQI,桂林,133.0
20170124,20,PM2.5,桂林,101.0
20170124,20,PM2.5_24h,桂林,69.0
20170124,20,PM10,桂林,165.0
20170124,20,PM10_24h,桂林,93.0
20170124,20,SO2,桂林,15.0
20170124,20,SO2_24h,桂林,13.0
20170124,20,NO2,桂林,82.0
20170124,20,NO2_24h,桂林,35.0
20170124,20,O3,桂林,45.0
20170124,20,O3_24h,桂林,145.0
20170124,20,O3_8h,桂林,104.0
20170124,20,O3_8h_24h,桂林,119.0
20170124,20,CO,桂林,1.8
20170124,20,CO_24h,桂林,1.0
20170124,21,AQI,桂林,108.0
20170124,21,PM2.5,桂林,81.0
20170124,21,PM2.5_24h,桂林,69.0
20170124,21,PM10,桂林,144.0
20170124,21,PM10_24h,桂林,93.0
20170124,21,SO2,桂林,15.0
20170124,21,SO2_24h,桂林,13.0
20170124,21,NO2,桂林,47.0
20170124,21,NO2_24h,桂林,36.0
20170124,21,O3,桂林,84.0
20170124,21,O3_24h,桂林,145.0
20170124,21,O3_8h,桂林,99.0
20170124,21,O3_8h_24h,桂林,119.0
20170124,21,CO,桂林,1.2
20170124,21,CO_24h,桂林,1.0
20170124,22,AQI,桂林,91.0
20170124,22,PM2.5,桂林,68.0
20170124,22,PM2.5_24h,桂林,69.0
20170124,22,PM10,桂林,97.0
20170124,22,PM10_24h,桂林,93.0
20170124,22,SO2,桂林,15.0
20170124,22,SO2_24h,桂林,13.0
20170124,22,NO2,桂林,29.0
20170124,22,NO2_24h,桂林,35.0
20170124,22,O3,桂林,105.0
20170124,22,O3_24h,桂林,145.0
20170124,22,O3_8h,桂林,95.0
20170124,22,O3_8h_24h,桂林,119.0
20170124,22,CO,桂林,1.0
20170124,22,CO_24h,桂林,1.0
20170124,23,AQI,桂林,89.0
20170124,23,PM2.5,桂林,66.0
20170124,23,PM2.5_24h,桂林,69.0
20170124,23,PM10,桂林,91.0
20170124,23,PM10_24h,桂林,93.0
20170124,23,SO2,桂林,16.0
20170124,23,SO2_24h,桂林,13.0
20170124,23,NO2,桂林,22.0
20170124,23,NO2_24h,桂林,35.0
20170124,23,O3,桂林,117.0
20170124,23,O3_24h,桂林,145.0
20170124,23,O3_8h,桂林,91.0
20170124,23,O3_8h_24h,桂林,119.0
20170124,23,CO,桂林,0.93
20170124,23,CO_24h,桂林,1.0
20170124,0,AQI,北海,124.0
20170124,0,PM2.5,北海,94.0
20170124,0,PM2.5_24h,北海,73.0
20170124,0,PM10,北海,98.0
20170124,0,PM10_24h,北海,91.0
20170124,0,SO2,北海,8.0
20170124,0,SO2_24h,北海,9.0
20170124,0,NO2,北海,19.0
20170124,0,NO2_24h,北海,19.0
20170124,0,O3,北海,150.0
20170124,0,O3_24h,北海,167.0
20170124,0,O3_8h,北海,136.0
20170124,0,O3_8h_24h,北海,151.0
20170124,0,CO,北海,1.17
20170124,0,CO_24h,北海,1.17
20170124,1,AQI,北海,110.0
20170124,1,PM2.5,北海,83.0
20170124,1,PM2.5_24h,北海,73.0
20170124,1,PM10,北海,96.0
20170124,1,PM10_24h,北海,91.0
20170124,1,SO2,北海,8.0
20170124,1,SO2_24h,北海,9.0
20170124,1,NO2,北海,21.0
20170124,1,NO2_24h,北海,19.0
20170124,1,O3,北海,139.0
20170124,1,O3_24h,北海,167.0
20170124,1,O3_8h,北海,139.0
20170124,1,O3_8h_24h,北海,139.0
20170124,1,CO,北海,1.2
20170124,1,CO_24h,北海,1.17
20170124,2,AQI,北海,126.0
20170124,2,PM2.5,北海,96.0
20170124,2,PM2.5_24h,北海,74.0
20170124,2,PM10,北海,128.0
20170124,2,PM10_24h,北海,92.0
20170124,2,SO2,北海,8.0
20170124,2,SO2_24h,北海,9.0
20170124,2,NO2,北海,20.0
20170124,2,NO2_24h,北海,20.0
20170124,2,O3,北海,131.0
20170124,2,O3_24h,北海,167.0
20170124,2,O3_8h,北海,135.0
20170124,2,O3_8h_24h,北海,139.0
20170124,2,CO,北海,1.27
20170124,2,CO_24h,北海,1.17
20170124,3,AQI,北海,141.0
20170124,3,PM2.5,北海,108.0
20170124,3,PM2.5_24h,北海,75.0
20170124,3,PM10,北海,106.0
20170124,3,PM10_24h,北海,93.0
20170124,3,SO2,北海,9.0
20170124,3,SO2_24h,北海,9.0
20170124,3,NO2,北海,22.0
20170124,3,NO2_24h,北海,20.0
20170124,3,O3,北海,106.0
20170124,3,O3_24h,北海,167.0
20170124,3,O3_8h,北海,125.0
20170124,3,O3_8h_24h,北海,139.0
20170124,3,CO,北海,1.37
20170124,3,CO_24h,北海,1.2
20170124,4,AQI,北海,179.0
20170124,4,PM2.5,北海,135.0
20170124,4,PM2.5_24h,北海,78.0
20170124,4,PM10,北海,160.0
20170124,4,PM10_24h,北海,95.0
20170124,4,SO2,北海,10.0
20170124,4,SO2_24h,北海,9.0
20170124,4,NO2,北海,22.0
20170124,4,NO2_24h,北海,20.0
20170124,4,O3,北海,99.0
20170124,4,O3_24h,北海,167.0
20170124,4,O3_8h,北海,119.0
20170124,4,O3_8h_24h,北海,139.0
20170124,4,CO,北海,1.4
20170124,4,CO_24h,北海,1.23
20170124,5,AQI,北海,179.0
20170124,5,PM2.5,北海,135.0
20170124,5,PM2.5_24h,北海,81.0
20170124,5,PM10_24h,北海,96.0
20170124,5,SO2,北海,10.0
20170124,5,SO2_24h,北海,9.0
20170124,5,NO2,北海,17.0
20170124,5,NO2_24h,北海,20.0
20170124,5,O3,北海,112.0
20170124,5,O3_24h,北海,167.0
20170124,5,O3_8h,北海,117.0
20170124,5,O3_8h_24h,北海,139.0
20170124,5,CO,北海,1.27
20170124,5,CO_24h,北海,1.23
20170124,6,AQI,北海,114.0
20170124,6,PM2.5,北海,86.0
20170124,6,PM2.5_24h,北海,81.0
20170124,6,PM10,北海,83.0
20170124,6,PM10_24h,北海,97.0
20170124,6,SO2,北海,9.0
20170124,6,SO2_24h,北海,9.0
20170124,6,NO2,北海,17.0
20170124,6,NO2_24h,北海,21.0
20170124,6,O3,北海,121.0
20170124,6,O3_24h,北海,167.0
20170124,6,O3_8h,北海,118.0
20170124,6,O3_8h_24h,北海,139.0
20170124,6,CO,北海,1.2
20170124,6,CO_24h,北海,1.23
20170124,7,AQI,北海,98.0
20170124,7,PM2.5,北海,73.0
20170124,7,PM2.5_24h,北海,82.0
20170124,7,PM10,北海,79.0
20170124,7,PM10_24h,北海,97.0
20170124,7,SO2,北海,9.0
20170124,7,SO2_24h,北海,9.0
20170124,7,NO2,北海,19.0
20170124,7,NO2_24h,北海,21.0
20170124,7,O3,北海,112.0
20170124,7,O3_24h,北海,167.0
20170124,7,O3_8h,北海,117.0
20170124,7,O3_8h_24h,北海,139.0
20170124,7,CO,北海,1.2
20170124,7,CO_24h,北海,1.23
20170124,8,AQI,北海,104.0
20170124,8,PM2.5,北海,78.0
20170124,8,PM2.5_24h,北海,83.0
20170124,8,PM10,北海,86.0
20170124,8,PM10_24h,北海,98.0
20170124,8,SO2,北海,9.0
20170124,8,SO2_24h,北海,9.0
20170124,8,NO2,北海,21.0
20170124,8,NO2_24h,北海,21.0
20170124,8,O3,北海,96.0
20170124,8,O3_24h,北海,167.0
20170124,8,O3_8h,北海,115.0
20170124,8,O3_8h_24h,北海,139.0
20170124,8,CO,北海,1.2
20170124,8,CO_24h,北海,1.23
20170124,9,AQI,北海,108.0
20170124,9,PM2.5,北海,81.0
20170124,9,PM2.5_24h,北海,83.0
20170124,9,PM10,北海,86.0
20170124,9,PM10_24h,北海,98.0
20170124,9,SO2,北海,9.0
20170124,9,SO2_24h,北海,9.0
20170124,9,NO2,北海,23.0
20170124,9,NO2_24h,北海,21.0
20170124,9,O3,北海,97.0
20170124,9,O3_24h,北海,167.0
20170124,9,O3_8h,北海,109.0
20170124,9,O3_8h_24h,北海,139.0
20170124,9,CO,北海,1.27
20170124,9,CO_24h,北海,1.23
20170124,10,AQI,北海,108.0
20170124,10,PM2.5,北海,81.0
20170124,10,PM2.5_24h,北海,84.0
20170124,10,PM10,北海,97.0
20170124,10,PM10_24h,北海,98.0
20170124,10,SO2,北海,10.0
20170124,10,SO2_24h,北海,9.0
20170124,10,NO2,北海,24.0
20170124,10,NO2_24h,北海,21.0
20170124,10,O3,北海,105.0
20170124,10,O3_24h,北海,167.0
20170124,10,O3_8h,北海,106.0
20170124,10,O3_8h_24h,北海,139.0
20170124,10,CO,北海,1.3
20170124,10,CO_24h,北海,1.23
20170124,11,AQI,北海,119.0
20170124,11,PM2.5,北海,90.0
20170124,11,PM2.5_24h,北海,85.0
20170124,11,PM10,北海,102.0
20170124,11,PM10_24h,北海,99.0
20170124,11,SO2,北海,13.0
20170124,11,SO2_24h,北海,9.0
20170124,11,NO2,北海,24.0
20170124,11,NO2_24h,北海,21.0
20170124,11,O3,北海,123.0
20170124,11,O3_24h,北海,167.0
20170124,11,O3_8h,北海,108.0
20170124,11,O3_8h_24h,北海,139.0
20170124,11,CO,北海,1.37
20170124,11,CO_24h,北海,1.27
20170124,12,AQI,北海,133.0
20170124,12,PM2.5,北海,101.0
20170124,12,PM2.5_24h,北海,86.0
20170124,12,PM10,北海,116.0
20170124,12,PM10_24h,北海,100.0
20170124,12,SO2,北海,13.0
20170124,12,SO2_24h,北海,9.0
20170124,12,NO2,北海,19.0
20170124,12,NO2_24h,北海,22.0
20170124,12,O3,北海,144.0
20170124,12,O3_24h,北海,167.0
20170124,12,O3_8h,北海,114.0
20170124,12,O3_8h_24h,北海,140.0
20170124,12,CO,北海,1.23
20170124,12,CO_24h,北海,1.27
20170124,13,AQI,北海,116.0
20170124,13,PM2.5,北海,88.0
20170124,13,PM2.5_24h,北海,87.0
20170124,13,PM10,北海,76.0
20170124,13,PM10_24h,北海,101.0
20170124,13,SO2,北海,12.0
20170124,13,SO2_24h,北海,9.0
20170124,13,NO2,北海,17.0
20170124,13,NO2_24h,北海,22.0
20170124,13,O3,北海,154.0
20170124,13,O3_24h,北海,167.0
20170124,13,O3_8h,北海,119.0
20170124,13,O3_8h_24h,北海,143.0
20170124,13,CO,北海,1.13
20170124,13,CO_24h,北海,1.27
20170124,14,AQI,北海,84.0
20170124,14,PM2.5,北海,62.0
20170124,14,PM2.5_24h,北海,87.0
20170124,14,PM10,北海,77.0
20170124,14,PM10_24h,北海,100.0
20170124,14,SO2,北海,11.0
20170124,14,SO2_24h,北海,10.0
20170124,14,NO2,北海,16.0
20170124,14,NO2_24h,北海,22.0
20170124,14,O3,北海,156.0
20170124,14,O3_24h,北海,167.0
20170124,14,O3_8h,北海,123.0
20170124,14,O3_8h_24h,北海,145.0
20170124,14,CO,北海,1.07
20170124,14,CO_24h,北海,1.27
20170124,15,AQI,北海,75.0
20170124,15,PM2.5,北海,55.0
20170124,15,PM2.5_24h,北海,87.0
20170124,15,PM10,北海,67.0
20170124,15,PM10_24h,北海,100.0
20170124,15,SO2,北海,10.0
20170124,15,SO2_24h,北海,10.0
20170124,15,NO2,北海,16.0
20170124,15,NO2_24h,北海,22.0
20170124,15,O3,北海,158.0
20170124,15,O3_24h,北海,167.0
20170124,15,O3_8h,北海,129.0
20170124,15,O3_8h_24h,北海,148.0
20170124,15,CO,北海,1.07
20170124,15,CO_24h,北海,1.23
20170124,16,AQI,北海,80.0
20170124,16,PM2.5,北海,59.0
20170124,16,PM2.5_24h,北海,87.0
20170124,16,PM10,北海,89.0
20170124,16,PM10_24h,北海,100.0
20170124,16,SO2,北海,11.0
20170124,16,SO2_24h,北海,10.0
20170124,16,NO2,北海,20.0
20170124,16,NO2_24h,北海,22.0
20170124,16,O3,北海,158.0
20170124,16,O3_24h,北海,167.0
20170124,16,O3_8h,北海,137.0
20170124,16,O3_8h_24h,北海,151.0
20170124,16,CO,北海,1.13
20170124,16,CO_24h,北海,1.27
20170124,17,AQI,北海,89.0
20170124,17,PM2.5,北海,66.0
20170124,17,PM2.5_24h,北海,88.0
20170124,17,PM10,北海,95.0
20170124,17,PM10_24h,北海,102.0
20170124,17,SO2,北海,11.0
20170124,17,SO2_24h,北海,10.0
20170124,17,NO2,北海,24.0
20170124,17,NO2_24h,北海,23.0
20170124,17,O3,北海,151.0
20170124,17,O3_24h,北海,166.0
20170124,17,O3_8h,北海,144.0
20170124,17,O3_8h_24h,北海,154.0
20170124,17,CO,北海,1.23
20170124,17,CO_24h,北海,1.27
20170124,18,AQI,北海,91.0
20170124,18,PM2.5,北海,68.0
20170124,18,PM2.5_24h,北海,88.0
20170124,18,PM10,北海,104.0
20170124,18,PM10_24h,北海,103.0
20170124,18,SO2,北海,11.0
20170124,18,SO2_24h,北海,10.0
20170124,18,NO2,北海,36.0
20170124,18,NO2_24h,北海,23.0
20170124,18,O3,北海,128.0
20170124,18,O3_24h,北海,162.0
20170124,18,O3_8h,北海,147.0
20170124,18,O3_8h_24h,北海,156.0
20170124,18,CO,北海,1.33
20170124,18,CO_24h,北海,1.27
20170124,19,AQI,北海,103.0
20170124,19,PM2.5,北海,77.0
20170124,19,PM2.5_24h,北海,89.0
20170124,19,PM10,北海,119.0
20170124,19,PM10_24h,北海,105.0
20170124,19,SO2,北海,11.0
20170124,19,SO2_24h,北海,10.0
20170124,19,NO2,北海,45.0
20170124,19,NO2_24h,北海,24.0
20170124,19,O3,北海,113.0
20170124,19,O3_24h,北海,162.0
20170124,19,O3_8h,北海,145.0
20170124,19,O3_8h_24h,北海,156.0
20170124,19,CO,北海,1.5
20170124,19,CO_24h,北海,1.27
20170124,20,AQI,北海,116.0
20170124,20,PM2.5,北海,88.0
20170124,20,PM2.5_24h,北海,90.0
20170124,20,PM10,北海,128.0
20170124,20,PM10_24h,北海,105.0
20170124,20,SO2,北海,10.0
20170124,20,SO2_24h,北海,10.0
20170124,20,NO2,北海,26.0
20170124,20,NO2_24h,北海,23.0
20170124,20,O3,北海,141.0
20170124,20,O3_24h,北海,162.0
20170124,20,O3_8h,北海,145.0
20170124,20,O3_8h_24h,北海,156.0
20170124,20,CO,北海,1.27
20170124,20,CO_24h,北海,1.27
20170124,21,AQI,北海,103.0
20170124,21,PM2.5,北海,77.0
20170124,21,PM2.5_24h,北海,88.0
20170124,21,PM10,北海,73.0
20170124,21,PM10_24h,北海,102.0
20170124,21,SO2,北海,9.0
20170124,21,SO2_24h,北海,10.0
20170124,21,NO2,北海,20.0
20170124,21,NO2_24h,北海,23.0
20170124,21,O3,北海,138.0
20170124,21,O3_24h,北海,162.0
20170124,21,O3_8h,北海,143.0
20170124,21,O3_8h_24h,北海,156.0
20170124,21,CO,北海,1.1
20170124,21,CO_24h,北海,1.27
20170124,22,AQI,北海,78.0
20170124,22,PM2.5,北海,57.0
20170124,22,PM2.5_24h,北海,84.0
20170124,22,PM10,北海,75.0
20170124,22,PM10_24h,北海,99.0
20170124,22,SO2,北海,9.0
20170124,22,SO2_24h,北海,10.0
20170124,22,NO2,北海,17.0
20170124,22,NO2_24h,北海,22.0
20170124,22,O3,北海,124.0
20170124,22,O3_24h,北海,162.0
20170124,22,O3_8h,北海,139.0
20170124,22,O3_8h_24h,北海,156.0
20170124,22,CO,北海,1.03
20170124,22,CO_24h,北海,1.27
20170124,23,AQI,北海,83.0
20170124,23,PM2.5,北海,61.0
20170124,23,PM2.5_24h,北海,83.0
20170124,23,PM10,北海,72.0
20170124,23,PM10_24h,北海,97.0
20170124,23,SO2,北海,8.0
20170124,23,SO2_24h,北海,10.0
20170124,23,NO2,北海,15.0
20170124,23,NO2_24h,北海,22.0
20170124,23,O3,北海,123.0
20170124,23,O3_24h,北海,162.0
20170124,23,O3_8h,北海,134.0
20170124,23,O3_8h_24h,北海,156.0
20170124,23,CO,北海,1.0
20170124,23,CO_24h,北海,1.23
20170124,0,AQI,柳州,157.0
20170124,0,PM2.5,柳州,120.0
20170124,0,PM2.5_24h,柳州,79.0
20170124,0,PM10,柳州,193.0
20170124,0,PM10_24h,柳州,122.0
20170124,0,SO2,柳州,17.0
20170124,0,SO2_24h,柳州,18.0
20170124,0,NO2,柳州,71.0
20170124,0,NO2_24h,柳州,43.0
20170124,0,O3,柳州,32.0
20170124,0,O3_24h,柳州,143.0
20170124,0,O3_8h,柳州,67.0
20170124,0,O3_8h_24h,柳州,121.0
20170124,0,CO,柳州,2.33
20170124,0,CO_24h,柳州,1.27
20170124,1,AQI,柳州,128.0
20170124,1,PM2.5,柳州,97.0
20170124,1,PM2.5_24h,柳州,79.0
20170124,1,PM10,柳州,140.0
20170124,1,PM10_24h,柳州,121.0
20170124,1,SO2,柳州,17.0
20170124,1,SO2_24h,柳州,18.0
20170124,1,NO2,柳州,66.0
20170124,1,NO2_24h,柳州,43.0
20170124,1,O3,柳州,39.0
20170124,1,O3_24h,柳州,143.0
20170124,1,O3_8h,柳州,39.0
20170124,1,O3_8h_24h,柳州,39.0
20170124,1,CO,柳州,1.5
20170124,1,CO_24h,柳州,1.25
20170124,2,AQI,柳州,115.0
20170124,2,PM2.5,柳州,87.0
20170124,2,PM2.5_24h,柳州,78.0
20170124,2,PM10,柳州,129.0
20170124,2,PM10_24h,柳州,120.0
20170124,2,SO2,柳州,15.0
20170124,2,SO2_24h,柳州,18.0
20170124,2,NO2,柳州,61.0
20170124,2,NO2_24h,柳州,44.0
20170124,2,O3,柳州,45.0
20170124,2,O3_24h,柳州,143.0
20170124,2,O3_8h,柳州,42.0
20170124,2,O3_8h_24h,柳州,45.0
20170124,2,CO,柳州,1.4
20170124,2,CO_24h,柳州,1.23
20170124,3,AQI,柳州,114.0
20170124,3,PM2.5,柳州,86.0
20170124,3,PM2.5_24h,柳州,78.0
20170124,3,PM10,柳州,120.0
20170124,3,PM10_24h,柳州,120.0
20170124,3,SO2,柳州,14.0
20170124,3,SO2_24h,柳州,18.0
20170124,3,NO2,柳州,52.0
20170124,3,NO2_24h,柳州,44.0
20170124,3,O3,柳州,49.0
20170124,3,O3_24h,柳州,143.0
20170124,3,O3_8h,柳州,44.0
20170124,3,O3_8h_24h,柳州,48.0
20170124,3,CO,柳州,1.37
20170124,3,CO_24h,柳州,1.23
20170124,4,AQI,柳州,115.0
20170124,4,PM2.5,柳州,87.0
20170124,4,PM2.5_24h,柳州,78.0
20170124,4,PM10,柳州,114.0
20170124,4,PM10_24h,柳州,120.0
20170124,4,SO2,柳州,14.0
20170124,4,SO2_24h,柳州,18.0
20170124,4,NO2,柳州,50.0
20170124,4,NO2_24h,柳州,44.0
20170124,4,O3,柳州,49.0
20170124,4,O3_24h,柳州,143.0
20170124,4,O3_8h,柳州,46.0
20170124,4,O3_8h_24h,柳州,50.0
20170124,4,CO,柳州,1.3
20170124,4,CO_24h,柳州,1.27
20170124,5,AQI,柳州,113.0
20170124,5,PM2.5,柳州,85.0
20170124,5,PM2.5_24h,柳州,79.0
20170124,5,PM10,柳州,111.0
20170124,5,PM10_24h,柳州,120.0
20170124,5,SO2,柳州,12.0
20170124,5,SO2_24h,柳州,17.0
20170124,5,NO2,柳州,48.0
20170124,5,NO2_24h,柳州,45.0
20170124,5,O3,柳州,41.0
20170124,5,O3_24h,柳州,143.0
20170124,5,O3_8h,柳州,45.0
20170124,5,O3_8h_24h,柳州,51.0
20170124,5,CO,柳州,1.23
20170124,5,CO_24h,柳州,1.3
20170124,6,AQI,柳州,109.0
20170124,6,PM2.5,柳州,82.0
20170124,6,PM2.5_24h,柳州,79.0
20170124,6,PM10,柳州,108.0
20170124,6,PM10_24h,柳州,121.0
20170124,6,SO2,柳州,11.0
20170124,6,SO2_24h,柳州,17.0
20170124,6,NO2,柳州,42.0
20170124,6,NO2_24h,柳州,45.0
20170124,6,O3,柳州,47.0
20170124,6,O3_24h,柳州,143.0
20170124,6,O3_8h,柳州,45.0
20170124,6,O3_8h_24h,柳州,52.0
20170124,6,CO,柳州,1.22
20170124,6,CO_24h,柳州,1.32
20170124,7,AQI,柳州,115.0
20170124,7,PM2.5,柳州,87.0
20170124,7,PM2.5_24h,柳州,82.0
20170124,7,PM10,柳州,121.0
20170124,7,PM10_24h,柳州,127.0
20170124,7,SO2,柳州,15.0
20170124,7,SO2_24h,柳州,19.0
20170124,7,NO2,柳州,43.0
20170124,7,NO2_24h,柳州,47.0
20170124,7,O3,柳州,42.0
20170124,7,O3_24h,柳州,148.0
20170124,7,O3_8h,柳州,46.0
20170124,7,O3_8h_24h,柳州,53.0
20170124,7,CO,柳州,1.44
20170124,7,CO_24h,柳州,1.42
20170124,8,AQI,柳州,114.0
20170124,8,PM2.5,柳州,86.0
20170124,8,PM2.5_24h,柳州,80.0
20170124,8,PM10,柳州,123.0
20170124,8,PM10_24h,柳州,122.0
20170124,8,SO2,柳州,15.0
20170124,8,SO2_24h,柳州,18.0
20170124,8,NO2,柳州,43.0
20170124,8,NO2_24h,柳州,45.0
20170124,8,O3,柳州,44.0
20170124,8,O3_24h,柳州,143.0
20170124,8,O3_8h,柳州,44.0
20170124,8,O3_8h_24h,柳州,53.0
20170124,8,CO,柳州,1.58
20170124,8,CO_24h,柳州,1.33
20170124,9,AQI,柳州,119.0
20170124,9,PM2.5,柳州,90.0
20170124,9,PM2.5_24h,柳州,81.0
20170124,9,PM10,柳州,132.0
20170124,9,PM10_24h,柳州,122.0
20170124,9,SO2,柳州,18.0
20170124,9,SO2_24h,柳州,17.0
20170124,9,NO2,柳州,49.0
20170124,9,NO2_24h,柳州,46.0
20170124,9,O3,柳州,44.0
20170124,9,O3_24h,柳州,143.0
20170124,9,O3_8h,柳州,45.0
20170124,9,O3_8h_24h,柳州,54.0
20170124,9,CO,柳州,1.57
20170124,9,CO_24h,柳州,1.35
20170124,10,AQI,柳州,128.0
20170124,10,PM2.5,柳州,97.0
20170124,10,PM2.5_24h,柳州,81.0
20170124,10,PM10,柳州,138.0
20170124,10,PM10_24h,柳州,122.0
20170124,10,SO2,柳州,21.0
20170124,10,SO2_24h,柳州,17.0
20170124,10,NO2,柳州,51.0
20170124,10,NO2_24h,柳州,46.0
20170124,10,O3,柳州,44.0
20170124,10,O3_24h,柳州,143.0
20170124,10,O3_8h,柳州,45.0
20170124,10,O3_8h_24h,柳州,55.0
20170124,10,CO,柳州,1.57
20170124,10,CO_24h,柳州,1.37
20170124,11,AQI,柳州,121.0
20170124,11,PM2.5,柳州,92.0
20170124,11,PM2.5_24h,柳州,82.0
20170124,11,PM10,柳州,124.0
20170124,11,PM10_24h,柳州,123.0
20170124,11,SO2,柳州,27.0
20170124,11,SO2_24h,柳州,18.0
20170124,11,NO2,柳州,39.0
20170124,11,NO2_24h,柳州,47.0
20170124,11,O3,柳州,70.0
20170124,11,O3_24h,柳州,143.0
20170124,11,O3_8h,柳州,48.0
20170124,11,O3_8h_24h,柳州,56.0
20170124,11,CO,柳州,1.38
20170124,11,CO_24h,柳州,1.38
20170124,12,AQI,柳州,114.0
20170124,12,PM2.5,柳州,86.0
20170124,12,PM2.5_24h,柳州,82.0
20170124,12,PM10,柳州,115.0
20170124,12,PM10_24h,柳州,123.0
20170124,12,SO2,柳州,28.0
20170124,12,SO2_24h,柳州,18.0
20170124,12,NO2,柳州,33.0
20170124,12,NO2_24h,柳州,48.0
20170124,12,O3,柳州,89.0
20170124,12,O3_24h,柳州,143.0
20170124,12,O3_8h,柳州,53.0
20170124,12,O3_8h_24h,柳州,58.0
20170124,12,CO,柳州,1.25
20170124,12,CO_24h,柳州,1.42
20170124,13,AQI,柳州,111.0
20170124,13,PM2.5,柳州,84.0
20170124,13,PM2.5_24h,柳州,83.0
20170124,13,PM10,柳州,127.0
20170124,13,PM10_24h,柳州,125.0
20170124,13,SO2,柳州,23.0
20170124,13,SO2_24h,柳州,18.0
20170124,13,NO2,柳州,45.0
20170124,13,NO2_24h,柳州,48.0
20170124,13,O3,柳州,102.0
20170124,13,O3_24h,柳州,143.0
20170124,13,O3_8h,柳州,61.0
20170124,13,O3_8h_24h,柳州,62.0
20170124,13,CO,柳州,1.25
20170124,13,CO_24h,柳州,1.43
20170124,14,AQI,柳州,115.0
20170124,14,PM2.5,柳州,87.0
20170124,14,PM2.5_24h,柳州,84.0
20170124,14,PM10,柳州,126.0
20170124,14,PM10_24h,柳州,126.0
20170124,14,SO2,柳州,22.0
20170124,14,SO2_24h,柳州,18.0
20170124,14,NO2,柳州,36.0
20170124,14,NO2_24h,柳州,49.0
20170124,14,O3,柳州,123.0
20170124,14,O3_24h,柳州,135.0
20170124,14,O3_8h,柳州,70.0
20170124,14,O3_8h_24h,柳州,70.0
20170124,14,CO,柳州,1.2
20170124,14,CO_24h,柳州,1.43
20170124,15,AQI,柳州,116.0
20170124,15,PM2.5,柳州,88.0
20170124,15,PM2.5_24h,柳州,86.0
20170124,15,PM10,柳州,118.0
20170124,15,PM10_24h,柳州,128.0
20170124,15,SO2,柳州,18.0
20170124,15,SO2_24h,柳州,17.0
20170124,15,NO2,柳州,30.0
20170124,15,NO2_24h,柳州,49.0
20170124,15,O3,柳州,145.0
20170124,15,O3_24h,柳州,146.0
20170124,15,O3_8h,柳州,82.0
20170124,15,O3_8h_24h,柳州,82.0
20170124,15,CO,柳州,1.1
20170124,15,CO_24h,柳州,1.43
20170124,16,AQI,柳州,103.0
20170124,16,PM2.5,柳州,77.0
20170124,16,PM2.5_24h,柳州,86.0
20170124,16,PM10,柳州,107.0
20170124,16,PM10_24h,柳州,128.0
20170124,16,SO2,柳州,15.0
20170124,16,SO2_24h,柳州,17.0
20170124,16,NO2,柳州,25.0
20170124,16,NO2_24h,柳州,49.0
20170124,16,O3,柳州,152.0
20170124,16,O3_24h,柳州,152.0
20170124,16,O3_8h,柳州,96.0
20170124,16,O3_8h_24h,柳州,96.0
20170124,16,CO,柳州,1.02
20170124,16,CO_24h,柳州,1.45
20170124,17,AQI,柳州,96.0
20170124,17,PM2.5,柳州,72.0
20170124,17,PM2.5_24h,柳州,86.0
20170124,17,PM10,柳州,101.0
20170124,17,PM10_24h,柳州,129.0
20170124,17,SO2,柳州,14.0
20170124,17,SO2_24h,柳州,17.0
20170124,17,NO2,柳州,24.0
20170124,17,NO2_24h,柳州,49.0
20170124,17,O3,柳州,141.0
20170124,17,O3_24h,柳州,153.0
20170124,17,O3_8h,柳州,108.0
20170124,17,O3_8h_24h,柳州,108.0
20170124,17,CO,柳州,0.98
20170124,17,CO_24h,柳州,1.45
20170124,18,AQI,柳州,96.0
20170124,18,PM2.5,柳州,72.0
20170124,18,PM2.5_24h,柳州,87.0
20170124,18,PM10,柳州,99.0
20170124,18,PM10_24h,柳州,129.0
20170124,18,SO2,柳州,13.0
20170124,18,SO2_24h,柳州,17.0
20170124,18,NO2,柳州,32.0
20170124,18,NO2_24h,柳州,49.0
20170124,18,O3,柳州,118.0
20170124,18,O3_24h,柳州,153.0
20170124,18,O3_8h,柳州,118.0
20170124,18,O3_8h_24h,柳州,118.0
20170124,18,CO,柳州,1.05
20170124,18,CO_24h,柳州,1.45
20170124,19,AQI,柳州,103.0
20170124,19,PM2.5,柳州,77.0
20170124,19,PM2.5_24h,柳州,88.0
20170124,19,PM10,柳州,114.0
20170124,19,PM10_24h,柳州,129.0
20170124,19,SO2,柳州,14.0
20170124,19,SO2_24h,柳州,17.0
20170124,19,NO2,柳州,43.0
20170124,19,NO2_24h,柳州,49.0
20170124,19,O3,柳州,101.0
20170124,19,O3_24h,柳州,153.0
20170124,19,O3_8h,柳州,121.0
20170124,19,O3_8h_24h,柳州,121.0
20170124,19,CO,柳州,1.27
20170124,19,CO_24h,柳州,1.45
20170124,20,AQI,柳州,111.0
20170124,20,PM2.5,柳州,84.0
20170124,20,PM2.5_24h,柳州,88.0
20170124,20,PM10,柳州,143.0
20170124,20,PM10_24h,柳州,130.0
20170124,20,SO2,柳州,14.0
20170124,20,SO2_24h,柳州,17.0
20170124,20,NO2,柳州,67.0
20170124,20,NO2_24h,柳州,49.0
20170124,20,O3,柳州,63.0
20170124,20,O3_24h,柳州,153.0
20170124,20,O3_8h,柳州,118.0
20170124,20,O3_8h_24h,柳州,122.0
20170124,20,CO,柳州,1.6
20170124,20,CO_24h,柳州,1.47
20170124,21,AQI,柳州,133.0
20170124,21,PM2.5,柳州,101.0
20170124,21,PM2.5_24h,柳州,89.0
20170124,21,PM10,柳州,172.0
20170124,21,PM10_24h,柳州,130.0
20170124,21,SO2,柳州,18.0
20170124,21,SO2_24h,柳州,17.0
20170124,21,NO2,柳州,78.0
20170124,21,NO2_24h,柳州,49.0
20170124,21,O3,柳州,43.0
20170124,21,O3_24h,柳州,153.0
20170124,21,O3_8h,柳州,111.0
20170124,21,O3_8h_24h,柳州,122.0
20170124,21,CO,柳州,1.98
20170124,21,CO_24h,柳州,1.47
20170124,22,AQI,柳州,166.0
20170124,22,PM2.5,柳州,126.0
20170124,22,PM2.5_24h,柳州,90.0
20170124,22,PM10,柳州,194.0
20170124,22,PM10_24h,柳州,132.0
20170124,22,SO2,柳州,21.0
20170124,22,SO2_24h,柳州,17.0
20170124,22,NO2,柳州,79.0
20170124,22,NO2_24h,柳州,49.0
20170124,22,O3,柳州,33.0
20170124,22,O3_24h,柳州,153.0
20170124,22,O3_8h,柳州,99.0
20170124,22,O3_8h_24h,柳州,122.0
20170124,22,CO,柳州,2.28
20170124,22,CO_24h,柳州,1.48
20170124,23,AQI,柳州,159.0
20170124,23,PM2.5,柳州,121.0
20170124,23,PM2.5_24h,柳州,91.0
20170124,23,PM10,柳州,184.0
20170124,23,PM10_24h,柳州,131.0
20170124,23,SO2,柳州,17.0
20170124,23,SO2_24h,柳州,17.0
20170124,23,NO2,柳州,69.0
20170124,23,NO2_24h,柳州,49.0
20170124,23,O3,柳州,34.0
20170124,23,O3_24h,柳州,153.0
20170124,23,O3_8h,柳州,85.0
20170124,23,O3_8h_24h,柳州,122.0
20170124,23,CO,柳州,1.93
20170124,23,CO_24h,柳州,1.45
20170124,0,AQI,三亚,56.0
20170124,0,PM2.5,三亚,40.0
20170124,0,PM2.5_24h,三亚,29.0
20170124,0,PM10,三亚,45.0
20170124,0,PM10_24h,三亚,40.0
20170124,0,SO2,三亚,2.0
20170124,0,SO2_24h,三亚,2.0
20170124,0,NO2,三亚,11.0
20170124,0,NO2_24h,三亚,10.0
20170124,0,O3,三亚,91.0
20170124,0,O3_24h,三亚,110.0
20170124,0,O3_8h,三亚,100.0
20170124,0,O3_8h_24h,三亚,107.0
20170124,0,CO,三亚,0.8
20170124,0,CO_24h,三亚,0.7
20170124,1,AQI,三亚,44.0
20170124,1,PM2.5,三亚,31.0
20170124,1,PM2.5_24h,三亚,29.0
20170124,1,PM10,三亚,39.0
20170124,1,PM10_24h,三亚,40.0
20170124,1,SO2,三亚,2.0
20170124,1,SO2_24h,三亚,2.0
20170124,1,NO2,三亚,12.0
20170124,1,NO2_24h,三亚,10.0
20170124,1,O3,三亚,91.0
20170124,1,O3_24h,三亚,110.0
20170124,1,O3_8h,三亚,91.0
20170124,1,O3_8h_24h,三亚,91.0
20170124,1,CO,三亚,0.8
20170124,1,CO_24h,三亚,0.7
20170124,2,AQI,三亚,41.0
20170124,2,PM2.5,三亚,29.0
20170124,2,PM2.5_24h,三亚,29.0
20170124,2,PM10,三亚,39.0
20170124,2,PM10_24h,三亚,40.0
20170124,2,SO2,三亚,2.0
20170124,2,SO2_24h,三亚,2.0
20170124,2,NO2,三亚,8.0
20170124,2,NO2_24h,三亚,10.0
20170124,2,O3,三亚,94.0
20170124,2,O3_24h,三亚,110.0
20170124,2,O3_8h,三亚,92.0
20170124,2,O3_8h_24h,三亚,92.0
20170124,2,CO,三亚,0.7
20170124,2,CO_24h,三亚,0.7
20170124,3,AQI,三亚,38.0
20170124,3,PM2.5,三亚,25.0
20170124,3,PM2.5_24h,三亚,29.0
20170124,3,PM10,三亚,38.0
20170124,3,PM10_24h,三亚,39.0
20170124,3,SO2,三亚,2.0
20170124,3,SO2_24h,三亚,2.0
20170124,3,NO2,三亚,9.0
20170124,3,NO2_24h,三亚,10.0
20170124,3,O3,三亚,90.0
20170124,3,O3_24h,三亚,110.0
20170124,3,O3_8h,三亚,92.0
20170124,3,O3_8h_24h,三亚,92.0
20170124,3,CO,三亚,0.7
20170124,3,CO_24h,三亚,0.7
20170124,4,AQI,三亚,33.0
20170124,4,PM2.5,三亚,23.0
20170124,4,PM2.5_24h,三亚,29.0
20170124,4,PM10,三亚,33.0
20170124,4,PM10_24h,三亚,39.0
20170124,4,SO2,三亚,2.0
20170124,4,SO2_24h,三亚,2.0
20170124,4,NO2,三亚,7.0
20170124,4,NO2_24h,三亚,10.0
20170124,4,O3,三亚,93.0
20170124,4,O3_24h,三亚,110.0
20170124,4,O3_8h,三亚,92.0
20170124,4,O3_8h_24h,三亚,93.0
20170124,4,CO,三亚,0.65
20170124,4,CO_24h,三亚,0.7
20170124,5,AQI,三亚,33.0
20170124,5,PM2.5,三亚,21.0
20170124,5,PM2.5_24h,三亚,28.0
20170124,5,PM10,三亚,33.0
20170124,5,PM10_24h,三亚,39.0
20170124,5,SO2,三亚,2.0
20170124,5,SO2_24h,三亚,2.0
20170124,5,NO2,三亚,7.0
20170124,5,NO2_24h,三亚,10.0
20170124,5,O3,三亚,92.0
20170124,5,O3_24h,三亚,110.0
20170124,5,O3_8h,三亚,92.0
20170124,5,O3_8h_24h,三亚,93.0
20170124,5,CO,三亚,0.65
20170124,5,CO_24h,三亚,0.7
20170124,6,AQI,三亚,31.0
20170124,6,PM2.5,三亚,20.0
20170124,6,PM2.5_24h,三亚,28.0
20170124,6,PM10,三亚,31.0
20170124,6,PM10_24h,三亚,39.0
20170124,6,SO2,三亚,2.0
20170124,6,SO2_24h,三亚,2.0
20170124,6,NO2,三亚,12.0
20170124,6,NO2_24h,三亚,10.0
20170124,6,O3,三亚,84.0
20170124,6,O3_24h,三亚,110.0
20170124,6,O3_8h,三亚,91.0
20170124,6,O3_8h_24h,三亚,93.0
20170124,6,CO,三亚,0.65
20170124,6,CO_24h,三亚,0.7
20170124,7,AQI,三亚,37.0
20170124,7,PM2.5,三亚,26.0
20170124,7,PM2.5_24h,三亚,28.0
20170124,7,PM10,三亚,33.0
20170124,7,PM10_24h,三亚,39.0
20170124,7,SO2,三亚,2.0
20170124,7,SO2_24h,三亚,2.0
20170124,7,NO2,三亚,18.0
20170124,7,NO2_24h,三亚,11.0
20170124,7,O3,三亚,78.0
20170124,7,O3_24h,三亚,110.0
20170124,7,O3_8h,三亚,89.0
20170124,7,O3_8h_24h,三亚,93.0
20170124,7,CO,三亚,0.7
20170124,7,CO_24h,三亚,0.7
20170124,8,AQI,三亚,35.0
20170124,8,PM2.5,三亚,20.0
20170124,8,PM2.5_24h,三亚,28.0
20170124,8,PM10,三亚,35.0
20170124,8,PM10_24h,三亚,39.0
20170124,8,SO2,三亚,2.0
20170124,8,SO2_24h,三亚,2.0
20170124,8,NO2,三亚,29.0
20170124,8,NO2_24h,三亚,12.0
20170124,8,O3,三亚,64.0
20170124,8,O3_24h,三亚,110.0
20170124,8,O3_8h,三亚,86.0
20170124,8,O3_8h_24h,三亚,93.0
20170124,8,CO,三亚,0.75
20170124,8,CO_24h,三亚,0.7
20170124,9,AQI,三亚,37.0
20170124,9,PM2.5,三亚,20.0
20170124,9,PM2.5_24h,三亚,28.0
20170124,9,PM10,三亚,37.0
20170124,9,PM10_24h,三亚,39.0
20170124,9,SO2,三亚,3.0
20170124,9,SO2_24h,三亚,2.0
20170124,9,NO2,三亚,40.0
20170124,9,NO2_24h,三亚,13.0
20170124,9,O3,三亚,50.0
20170124,9,O3_24h,三亚,110.0
20170124,9,O3_8h,三亚,81.0
20170124,9,O3_8h_24h,三亚,93.0
20170124,9,CO,三亚,0.85
20170124,9,CO_24h,三亚,0.7
20170124,10,AQI,三亚,35.0
20170124,10,PM2.5,三亚,19.0
20170124,10,PM2.5_24h,三亚,28.0
20170124,10,PM10,三亚,35.0
20170124,10,PM10_24h,三亚,40.0
20170124,10,SO2,三亚,2.0
20170124,10,SO2_24h,三亚,2.0
20170124,10,NO2,三亚,23.0
20170124,10,NO2_24h,三亚,13.0
20170124,10,O3,三亚,69.0
20170124,10,O3_24h,三亚,110.0
20170124,10,O3_8h,三亚,77.0
20170124,10,O3_8h_24h,三亚,93.0
20170124,10,CO,三亚,0.8
20170124,10,CO_24h,三亚,0.75
20170124,11,AQI,三亚,23.0
20170124,11,PM2.5,三亚,14.0
20170124,11,PM2.5_24h,三亚,28.0
20170124,11,PM10,三亚,21.0
20170124,11,PM10_24h,三亚,39.0
20170124,11,SO2,三亚,2.0
20170124,11,SO2_24h,三亚,2.0
20170124,11,NO2,三亚,10.0
20170124,11,NO2_24h,三亚,13.0
20170124,11,O3,三亚,73.0
20170124,11,O3_24h,三亚,110.0
20170124,11,O3_8h,三亚,75.0
20170124,11,O3_8h_24h,三亚,93.0
20170124,11,CO,三亚,0.7
20170124,11,CO_24h,三亚,0.75
20170124,12,AQI,三亚,26.0
20170124,12,PM2.5,三亚,13.0
20170124,12,PM2.5_24h,三亚,27.0
20170124,12,PM10,三亚,20.0
20170124,12,PM10_24h,三亚,40.0
20170124,12,SO2,三亚,2.0
20170124,12,SO2_24h,三亚,2.0
20170124,12,NO2,三亚,8.0
20170124,12,NO2_24h,三亚,13.0
20170124,12,O3,三亚,83.0
20170124,12,O3_24h,三亚,110.0
20170124,12,O3_8h,三亚,74.0
20170124,12,O3_8h_24h,三亚,93.0
20170124,12,CO,三亚,0.65
20170124,12,CO_24h,三亚,0.75
20170124,13,AQI,三亚,28.0
20170124,13,PM2.5,三亚,13.0
20170124,13,PM2.5_24h,三亚,27.0
20170124,13,PM10,三亚,17.0
20170124,13,PM10_24h,三亚,39.0
20170124,13,SO2,三亚,2.0
20170124,13,SO2_24h,三亚,2.0
20170124,13,NO2,三亚,7.0
20170124,13,NO2_24h,三亚,13.0
20170124,13,O3,三亚,88.0
20170124,13,O3_24h,三亚,110.0
20170124,13,O3_8h,三亚,74.0
20170124,13,O3_8h_24h,三亚,93.0
20170124,13,CO,三亚,0.65
20170124,13,CO_24h,三亚,0.75
20170124,14,AQI,三亚,28.0
20170124,14,PM2.5,三亚,11.0
20170124,14,PM2.5_24h,三亚,27.0
20170124,14,PM10,三亚,19.0
20170124,14,PM10_24h,三亚,39.0
20170124,14,SO2,三亚,2.0
20170124,14,SO2_24h,三亚,2.0
20170124,14,NO2,三亚,7.0
20170124,14,NO2_24h,三亚,13.0
20170124,14,O3,三亚,89.0
20170124,14,O3_24h,三亚,110.0
20170124,14,O3_8h,三亚,74.0
20170124,14,O3_8h_24h,三亚,93.0
20170124,14,CO,三亚,0.65
20170124,14,CO_24h,三亚,0.75
20170124,15,AQI,三亚,28.0
20170124,15,PM2.5,三亚,13.0
20170124,15,PM2.5_24h,三亚,27.0
20170124,15,PM10,三亚,20.0
20170124,15,PM10_24h,三亚,38.0
20170124,15,SO2,三亚,2.0
20170124,15,SO2_24h,三亚,2.0
20170124,15,NO2,三亚,7.0
20170124,15,NO2_24h,三亚,13.0
20170124,15,O3,三亚,90.0
20170124,15,O3_24h,三亚,110.0
20170124,15,O3_8h,三亚,76.0
20170124,15,O3_8h_24h,三亚,93.0
20170124,15,CO,三亚,0.65
20170124,15,CO_24h,三亚,0.75
20170124,16,AQI,三亚,28.0
20170124,16,PM2.5,三亚,13.0
20170124,16,PM2.5_24h,三亚,26.0
20170124,16,PM10,三亚,28.0
20170124,16,PM10_24h,三亚,38.0
20170124,16,SO2,三亚,2.0
20170124,16,SO2_24h,三亚,2.0
20170124,16,NO2,三亚,7.0
20170124,16,NO2_24h,三亚,13.0
20170124,16,O3,三亚,89.0
20170124,16,O3_24h,三亚,110.0
20170124,16,O3_8h,三亚,79.0
20170124,16,O3_8h_24h,三亚,93.0
20170124,16,CO,三亚,0.55
20170124,16,CO_24h,三亚,0.7
20170124,17,AQI,三亚,28.0
20170124,17,PM2.5,三亚,15.0
20170124,17,PM2.5_24h,三亚,25.0
20170124,17,PM10,三亚,28.0
20170124,17,PM10_24h,三亚,37.0
20170124,17,SO2,三亚,2.0
20170124,17,SO2_24h,三亚,2.0
20170124,17,NO2,三亚,10.0
20170124,17,NO2_24h,三亚,13.0
20170124,17,O3,三亚,76.0
20170124,17,O3_24h,三亚,107.0
20170124,17,O3_8h,三亚,82.0
20170124,17,O3_8h_24h,三亚,93.0
20170124,17,CO,三亚,0.55
20170124,17,CO_24h,三亚,0.7
20170124,18,AQI,三亚,33.0
20170124,18,PM2.5,三亚,18.0
20170124,18,PM2.5_24h,三亚,24.0
20170124,18,PM10,三亚,33.0
20170124,18,PM10_24h,三亚,36.0
20170124,18,SO2,三亚,1.0
20170124,18,SO2_24h,三亚,2.0
20170124,18,NO2,三亚,9.0
20170124,18,NO2_24h,三亚,13.0
20170124,18,O3,三亚,85.0
20170124,18,O3_24h,三亚,106.0
20170124,18,O3_8h,三亚,84.0
20170124,18,O3_8h_24h,三亚,93.0
20170124,18,CO,三亚,0.6
20170124,18,CO_24h,三亚,0.7
20170124,19,AQI,三亚,35.0
20170124,19,PM2.5,三亚,16.0
20170124,19,PM2.5_24h,三亚,23.0
20170124,19,PM10,三亚,35.0
20170124,19,PM10_24h,三亚,35.0
20170124,19,SO2,三亚,1.0
20170124,19,SO2_24h,三亚,2.0
20170124,19,NO2,三亚,10.0
20170124,19,NO2_24h,三亚,13.0
20170124,19,O3,三亚,84.0
20170124,19,O3_24h,三亚,102.0
20170124,19,O3_8h,三亚,86.0
20170124,19,O3_8h_24h,三亚,93.0
20170124,19,CO,三亚,0.6
20170124,19,CO_24h,三亚,0.7
20170124,20,AQI,三亚,31.0
20170124,20,PM2.5,三亚,14.0
20170124,20,PM2.5_24h,三亚,22.0
20170124,20,PM10,三亚,31.0
20170124,20,PM10_24h,三亚,33.0
20170124,20,SO2,三亚,1.0
20170124,20,SO2_24h,三亚,2.0
20170124,20,NO2,三亚,10.0
20170124,20,NO2_24h,三亚,13.0
20170124,20,O3,三亚,86.0
20170124,20,O3_24h,三亚,97.0
20170124,20,O3_8h,三亚,86.0
20170124,20,O3_8h_24h,三亚,93.0
20170124,20,CO,三亚,0.6
20170124,20,CO_24h,三亚,0.7
20170124,21,AQI,三亚,28.0
20170124,21,PM2.5,三亚,10.0
20170124,21,PM2.5_24h,三亚,21.0
20170124,21,PM10,三亚,23.0
20170124,21,PM10_24h,三亚,32.0
20170124,21,SO2,三亚,1.0
20170124,21,SO2_24h,三亚,2.0
20170124,21,NO2,三亚,7.0
20170124,21,NO2_24h,三亚,12.0
20170124,21,O3,三亚,90.0
20170124,21,O3_24h,三亚,96.0
20170124,21,O3_8h,三亚,86.0
20170124,21,O3_8h_24h,三亚,93.0
20170124,21,CO,三亚,0.55
20170124,21,CO_24h,三亚,0.7
20170124,22,AQI,三亚,28.0
20170124,22,PM2.5,三亚,9.0
20170124,22,PM2.5_24h,三亚,19.0
20170124,22,PM10,三亚,17.0
20170124,22,PM10_24h,三亚,31.0
20170124,22,SO2,三亚,1.0
20170124,22,SO2_24h,三亚,2.0
20170124,22,NO2,三亚,7.0
20170124,22,NO2_24h,三亚,12.0
20170124,22,O3,三亚,89.0
20170124,22,O3_24h,三亚,96.0
20170124,22,O3_8h,三亚,86.0
20170124,22,O3_8h_24h,三亚,93.0
20170124,22,CO,三亚,0.55
20170124,22,CO_24h,三亚,0.7
20170124,23,AQI,三亚,28.0
20170124,23,PM2.5,三亚,9.0
20170124,23,PM2.5_24h,三亚,18.0
20170124,23,PM10,三亚,17.0
20170124,23,PM10_24h,三亚,30.0
20170124,23,SO2,三亚,1.0
20170124,23,SO2_24h,三亚,2.0
20170124,23,NO2,三亚,6.0
20170124,23,NO2_24h,三亚,12.0
20170124,23,O3,三亚,88.0
20170124,23,O3_24h,三亚,95.0
20170124,23,O3_8h,三亚,86.0
20170124,23,O3_8h_24h,三亚,93.0
20170124,23,CO,三亚,0.55
20170124,23,CO_24h,三亚,0.7
20170124,0,AQI,绵阳,213.0
20170124,0,PM2.5,绵阳,163.0
20170124,0,PM2.5_24h,绵阳,173.0
20170124,0,PM10,绵阳,190.0
20170124,0,PM10_24h,绵阳,204.0
20170124,0,SO2,绵阳,12.0
20170124,0,SO2_24h,绵阳,14.0
20170124,0,NO2,绵阳,60.0
20170124,0,NO2_24h,绵阳,47.0
20170124,0,O3,绵阳,8.0
20170124,0,O3_24h,绵阳,69.0
20170124,0,O3_8h,绵阳,36.0
20170124,0,O3_8h_24h,绵阳,52.0
20170124,0,CO,绵阳,1.75
20170124,0,CO_24h,绵阳,1.7
20170124,1,AQI,绵阳,222.0
20170124,1,PM2.5,绵阳,172.0
20170124,1,PM2.5_24h,绵阳,172.0
20170124,1,PM10,绵阳,204.0
20170124,1,PM10_24h,绵阳,202.0
20170124,1,SO2,绵阳,13.0
20170124,1,SO2_24h,绵阳,14.0
20170124,1,NO2,绵阳,61.0
20170124,1,NO2_24h,绵阳,47.0
20170124,1,O3,绵阳,8.0
20170124,1,O3_24h,绵阳,69.0
20170124,1,O3_8h,绵阳,8.0
20170124,1,O3_8h_24h,绵阳,8.0
20170124,1,CO,绵阳,1.68
20170124,1,CO_24h,绵阳,1.7
20170124,2,AQI,绵阳,232.0
20170124,2,PM2.5,绵阳,182.0
20170124,2,PM2.5_24h,绵阳,171.0
20170124,2,PM10,绵阳,212.0
20170124,2,PM10_24h,绵阳,201.0
20170124,2,SO2,绵阳,12.0
20170124,2,SO2_24h,绵阳,14.0
20170124,2,NO2,绵阳,56.0
20170124,2,NO2_24h,绵阳,47.0
20170124,2,O3,绵阳,8.0
20170124,2,O3_24h,绵阳,69.0
20170124,2,O3_8h,绵阳,7.0
20170124,2,O3_8h_24h,绵阳,8.0
20170124,2,CO,绵阳,1.65
20170124,2,CO_24h,绵阳,1.68
20170124,3,AQI,绵阳,237.0
20170124,3,PM2.5,绵阳,187.0
20170124,3,PM2.5_24h,绵阳,171.0
20170124,3,PM10,绵阳,215.0
20170124,3,PM10_24h,绵阳,200.0
20170124,3,SO2,绵阳,13.0
20170124,3,SO2_24h,绵阳,14.0
20170124,3,NO2,绵阳,51.0
20170124,3,NO2_24h,绵阳,47.0
20170124,3,O3,绵阳,11.0
20170124,3,O3_24h,绵阳,69.0
20170124,3,O3_8h,绵阳,9.0
20170124,3,O3_8h_24h,绵阳,9.0
20170124,3,CO,绵阳,1.6
20170124,3,CO_24h,绵阳,1.68
20170124,4,AQI,绵阳,239.0
20170124,4,PM2.5,绵阳,189.0
20170124,4,PM2.5_24h,绵阳,171.0
20170124,4,PM10,绵阳,215.0
20170124,4,PM10_24h,绵阳,200.0
20170124,4,SO2,绵阳,13.0
20170124,4,SO2_24h,绵阳,14.0
20170124,4,NO2,绵阳,47.0
20170124,4,NO2_24h,绵阳,47.0
20170124,4,O3,绵阳,11.0
20170124,4,O3_24h,绵阳,69.0
20170124,4,O3_8h,绵阳,10.0
20170124,4,O3_8h_24h,绵阳,10.0
20170124,4,CO,绵阳,1.63
20170124,4,CO_24h,绵阳,1.68
20170124,5,AQI,绵阳,237.0
20170124,5,PM2.5,绵阳,187.0
20170124,5,PM2.5_24h,绵阳,171.0
20170124,5,PM10,绵阳,214.0
20170124,5,PM10_24h,绵阳,199.0
20170124,5,SO2,绵阳,12.0
20170124,5,SO2_24h,绵阳,14.0
20170124,5,NO2,绵阳,43.0
20170124,5,NO2_24h,绵阳,47.0
20170124,5,O3,绵阳,13.0
20170124,5,O3_24h,绵阳,69.0
20170124,5,O3_8h,绵阳,10.0
20170124,5,O3_8h_24h,绵阳,10.0
20170124,5,CO,绵阳,1.48
20170124,5,CO_24h,绵阳,1.65
20170124,6,AQI,绵阳,232.0
20170124,6,PM2.5,绵阳,182.0
20170124,6,PM2.5_24h,绵阳,171.0
20170124,6,PM10,绵阳,209.0
20170124,6,PM10_24h,绵阳,199.0
20170124,6,SO2,绵阳,12.0
20170124,6,SO2_24h,绵阳,14.0
20170124,6,NO2,绵阳,42.0
20170124,6,NO2_24h,绵阳,47.0
20170124,6,O3,绵阳,11.0
20170124,6,O3_24h,绵阳,69.0
20170124,6,O3_8h,绵阳,10.0
20170124,6,O3_8h_24h,绵阳,10.0
20170124,6,CO,绵阳,1.53
20170124,6,CO_24h,绵阳,1.63
20170124,7,AQI,绵阳,227.0
20170124,7,PM2.5,绵阳,177.0
20170124,7,PM2.5_24h,绵阳,171.0
20170124,7,PM10,绵阳,205.0
20170124,7,PM10_24h,绵阳,198.0
20170124,7,SO2,绵阳,12.0
20170124,7,SO2_24h,绵阳,14.0
20170124,7,NO2,绵阳,43.0
20170124,7,NO2_24h,绵阳,47.0
20170124,7,O3,绵阳,9.0
20170124,7,O3_24h,绵阳,69.0
20170124,7,O3_8h,绵阳,10.0
20170124,7,O3_8h_24h,绵阳,10.0
20170124,7,CO,绵阳,1.57
20170124,7,CO_24h,绵阳,1.6
20170124,8,AQI,绵阳,225.0
20170124,8,PM2.5,绵阳,175.0
20170124,8,PM2.5_24h,绵阳,170.0
20170124,8,PM10,绵阳,201.0
20170124,8,PM10_24h,绵阳,197.0
20170124,8,SO2,绵阳,13.0
20170124,8,SO2_24h,绵阳,14.0
20170124,8,NO2,绵阳,47.0
20170124,8,NO2_24h,绵阳,48.0
20170124,8,O3,绵阳,6.0
20170124,8,O3_24h,绵阳,69.0
20170124,8,O3_8h,绵阳,9.0
20170124,8,O3_8h_24h,绵阳,10.0
20170124,8,CO,绵阳,1.65
20170124,8,CO_24h,绵阳,1.6
20170124,9,AQI,绵阳,224.0
20170124,9,PM2.5,绵阳,174.0
20170124,9,PM2.5_24h,绵阳,170.0
20170124,9,PM10,绵阳,202.0
20170124,9,PM10_24h,绵阳,197.0
20170124,9,SO2,绵阳,14.0
20170124,9,SO2_24h,绵阳,13.0
20170124,9,NO2,绵阳,46.0
20170124,9,NO2_24h,绵阳,48.0
20170124,9,O3,绵阳,8.0
20170124,9,O3_24h,绵阳,69.0
20170124,9,O3_8h,绵阳,9.0
20170124,9,O3_8h_24h,绵阳,11.0
20170124,9,CO,绵阳,1.9
20170124,9,CO_24h,绵阳,1.6
20170124,10,AQI,绵阳,225.0
20170124,10,PM2.5,绵阳,175.0
20170124,10,PM2.5_24h,绵阳,169.0
20170124,10,PM10,绵阳,205.0
20170124,10,PM10_24h,绵阳,197.0
20170124,10,SO2,绵阳,17.0
20170124,10,SO2_24h,绵阳,14.0
20170124,10,NO2,绵阳,56.0
20170124,10,NO2_24h,绵阳,49.0
20170124,10,O3,绵阳,5.0
20170124,10,O3_24h,绵阳,69.0
20170124,10,O3_8h,绵阳,9.0
20170124,10,O3_8h_24h,绵阳,11.0
20170124,10,CO,绵阳,2.1
20170124,10,CO_24h,绵阳,1.6
20170124,11,AQI,绵阳,224.0
20170124,11,PM2.5,绵阳,174.0
20170124,11,PM2.5_24h,绵阳,169.0
20170124,11,PM10,绵阳,211.0
20170124,11,PM10_24h,绵阳,197.0
20170124,11,SO2,绵阳,16.0
20170124,11,SO2_24h,绵阳,14.0
20170124,11,NO2,绵阳,62.0
20170124,11,NO2_24h,绵阳,50.0
20170124,11,O3,绵阳,8.0
20170124,11,O3_24h,绵阳,69.0
20170124,11,O3_8h,绵阳,9.0
20170124,11,O3_8h_24h,绵阳,11.0
20170124,11,CO,绵阳,1.98
20170124,11,CO_24h,绵阳,1.6
20170124,12,AQI,绵阳,219.0
20170124,12,PM2.5,绵阳,169.0
20170124,12,PM2.5_24h,绵阳,169.0
20170124,12,PM10,绵阳,209.0
20170124,12,PM10_24h,绵阳,197.0
20170124,12,SO2,绵阳,16.0
20170124,12,SO2_24h,绵阳,14.0
20170124,12,NO2,绵阳,66.0
20170124,12,NO2_24h,绵阳,50.0
20170124,12,O3,绵阳,22.0
20170124,12,O3_24h,绵阳,69.0
20170124,12,O3_8h,绵阳,10.0
20170124,12,O3_8h_24h,绵阳,11.0
20170124,12,CO,绵阳,1.85
20170124,12,CO_24h,绵阳,1.65
20170124,13,AQI,绵阳,205.0
20170124,13,PM2.5,绵阳,155.0
20170124,13,PM2.5_24h,绵阳,168.0
20170124,13,PM10,绵阳,195.0
20170124,13,PM10_24h,绵阳,196.0
20170124,13,SO2,绵阳,15.0
20170124,13,SO2_24h,绵阳,14.0
20170124,13,NO2,绵阳,59.0
20170124,13,NO2_24h,绵阳,50.0
20170124,13,O3,绵阳,45.0
20170124,13,O3_24h,绵阳,70.0
20170124,13,O3_8h,绵阳,14.0
20170124,13,O3_8h_24h,绵阳,14.0
20170124,13,CO,绵阳,1.55
20170124,13,CO_24h,绵阳,1.6
20170124,14,AQI,绵阳,184.0
20170124,14,PM2.5,绵阳,139.0
20170124,14,PM2.5_24h,绵阳,166.0
20170124,14,PM10,绵阳,176.0
20170124,14,PM10_24h,绵阳,194.0
20170124,14,SO2,绵阳,14.0
20170124,14,SO2_24h,绵阳,13.0
20170124,14,NO2,绵阳,47.0
20170124,14,NO2_24h,绵阳,50.0
20170124,14,O3,绵阳,65.0
20170124,14,O3_24h,绵阳,77.0
20170124,14,O3_8h,绵阳,21.0
20170124,14,O3_8h_24h,绵阳,21.0
20170124,14,CO,绵阳,1.4
20170124,14,CO_24h,绵阳,1.57
20170124,15,AQI,绵阳,164.0
20170124,15,PM2.5,绵阳,125.0
20170124,15,PM2.5_24h,绵阳,163.0
20170124,15,PM10,绵阳,157.0
20170124,15,PM10_24h,绵阳,192.0
20170124,15,SO2,绵阳,13.0
20170124,15,SO2_24h,绵阳,13.0
20170124,15,NO2,绵阳,36.0
20170124,15,NO2_24h,绵阳,49.0
20170124,15,O3,绵阳,82.0
20170124,15,O3_24h,绵阳,84.0
20170124,15,O3_8h,绵阳,30.0
20170124,15,O3_8h_24h,绵阳,30.0
20170124,15,CO,绵阳,1.3
20170124,15,CO_24h,绵阳,1.57
20170124,16,AQI,绵阳,149.0
20170124,16,PM2.5,绵阳,114.0
20170124,16,PM2.5_24h,绵阳,160.0
20170124,16,PM10,绵阳,142.0
20170124,16,PM10_24h,绵阳,189.0
20170124,16,SO2,绵阳,12.0
20170124,16,SO2_24h,绵阳,13.0
20170124,16,NO2,绵阳,36.0
20170124,16,NO2_24h,绵阳,49.0
20170124,16,O3,绵阳,88.0
20170124,16,O3_24h,绵阳,89.0
20170124,16,O3_8h,绵阳,40.0
20170124,16,O3_8h_24h,绵阳,40.0
20170124,16,CO,绵阳,1.22
20170124,16,CO_24h,绵阳,1.57
20170124,17,AQI,绵阳,143.0
20170124,17,PM2.5,绵阳,109.0
20170124,17,PM2.5_24h,绵阳,158.0
20170124,17,PM10,绵阳,133.0
20170124,17,PM10_24h,绵阳,186.0
20170124,17,SO2,绵阳,11.0
20170124,17,SO2_24h,绵阳,13.0
20170124,17,NO2,绵阳,36.0
20170124,17,NO2_24h,绵阳,49.0
20170124,17,O3,绵阳,89.0
20170124,17,O3_24h,绵阳,92.0
20170124,17,O3_8h,绵阳,50.0
20170124,17,O3_8h_24h,绵阳,50.0
20170124,17,CO,绵阳,1.23
20170124,17,CO_24h,绵阳,1.57
20170124,18,AQI,绵阳,139.0
20170124,18,PM2.5,绵阳,106.0
20170124,18,PM2.5_24h,绵阳,156.0
20170124,18,PM10,绵阳,128.0
20170124,18,PM10_24h,绵阳,184.0
20170124,18,SO2,绵阳,12.0
20170124,18,SO2_24h,绵阳,13.0
20170124,18,NO2,绵阳,47.0
20170124,18,NO2_24h,绵阳,50.0
20170124,18,O3,绵阳,77.0
20170124,18,O3_24h,绵阳,92.0
20170124,18,O3_8h,绵阳,59.0
20170124,18,O3_8h_24h,绵阳,59.0
20170124,18,CO,绵阳,1.38
20170124,18,CO_24h,绵阳,1.57
20170124,19,AQI,绵阳,139.0
20170124,19,PM2.5,绵阳,106.0
20170124,19,PM2.5_24h,绵阳,154.0
20170124,19,PM10,绵阳,127.0
20170124,19,PM10_24h,绵阳,183.0
20170124,19,SO2,绵阳,13.0
20170124,19,SO2_24h,绵阳,13.0
20170124,19,NO2,绵阳,80.0
20170124,19,NO2_24h,绵阳,52.0
20170124,19,O3,绵阳,45.0
20170124,19,O3_24h,绵阳,92.0
20170124,19,O3_8h,绵阳,64.0
20170124,19,O3_8h_24h,绵阳,64.0
20170124,19,CO,绵阳,1.63
20170124,19,CO_24h,绵阳,1.57
20170124,20,AQI,绵阳,150.0
20170124,20,PM2.5,绵阳,115.0
20170124,20,PM2.5_24h,绵阳,154.0
20170124,20,PM10,绵阳,141.0
20170124,20,PM10_24h,绵阳,183.0
20170124,20,SO2,绵阳,15.0
20170124,20,SO2_24h,绵阳,13.0
20170124,20,NO2,绵阳,97.0
20170124,20,NO2_24h,绵阳,54.0
20170124,20,O3,绵阳,25.0
20170124,20,O3_24h,绵阳,92.0
20170124,20,O3_8h,绵阳,64.0
20170124,20,O3_8h_24h,绵阳,65.0
20170124,20,CO,绵阳,1.95
20170124,20,CO_24h,绵阳,1.62
20170124,21,AQI,绵阳,176.0
20170124,21,PM2.5,绵阳,133.0
20170124,21,PM2.5_24h,绵阳,154.0
20170124,21,PM10,绵阳,165.0
20170124,21,PM10_24h,绵阳,183.0
20170124,21,SO2,绵阳,16.0
20170124,21,SO2_24h,绵阳,13.0
20170124,21,NO2,绵阳,99.0
20170124,21,NO2_24h,绵阳,56.0
20170124,21,O3,绵阳,14.0
20170124,21,O3_24h,绵阳,92.0
20170124,21,O3_8h,绵阳,60.0
20170124,21,O3_8h_24h,绵阳,65.0
20170124,21,CO,绵阳,2.1
20170124,21,CO_24h,绵阳,1.62
20170124,22,AQI,绵阳,199.0
20170124,22,PM2.5,绵阳,149.0
20170124,22,PM2.5_24h,绵阳,154.0
20170124,22,PM10,绵阳,186.0
20170124,22,PM10_24h,绵阳,184.0
20170124,22,SO2,绵阳,18.0
20170124,22,SO2_24h,绵阳,14.0
20170124,22,NO2,绵阳,86.0
20170124,22,NO2_24h,绵阳,57.0
20170124,22,O3,绵阳,16.0
20170124,22,O3_24h,绵阳,92.0
20170124,22,O3_8h,绵阳,54.0
20170124,22,O3_8h_24h,绵阳,65.0
20170124,22,CO,绵阳,2.38
20170124,22,CO_24h,绵阳,1.68
20170124,23,AQI,绵阳,215.0
20170124,23,PM2.5,绵阳,165.0
20170124,23,PM2.5_24h,绵阳,155.0
20170124,23,PM10,绵阳,203.0
20170124,23,PM10_24h,绵阳,185.0
20170124,23,SO2,绵阳,20.0
20170124,23,SO2_24h,绵阳,14.0
20170124,23,NO2,绵阳,87.0
20170124,23,NO2_24h,绵阳,58.0
20170124,23,O3,绵阳,9.0
20170124,23,O3_24h,绵阳,92.0
20170124,23,O3_8h,绵阳,45.0
20170124,23,O3_8h_24h,绵阳,65.0
20170124,23,CO,绵阳,2.5
20170124,23,CO_24h,绵阳,1.7
20170124,0,AQI,宜宾,259.0
20170124,0,PM2.5,宜宾,209.0
20170124,0,PM2.5_24h,宜宾,154.0
20170124,0,PM10,宜宾,241.0
20170124,0,PM10_24h,宜宾,175.0
20170124,0,SO2,宜宾,26.0
20170124,0,SO2_24h,宜宾,25.0
20170124,0,NO2,宜宾,54.0
20170124,0,NO2_24h,宜宾,47.0
20170124,0,O3,宜宾,7.0
20170124,0,O3_24h,宜宾,77.0
20170124,0,O3_8h,宜宾,34.0
20170124,0,O3_8h_24h,宜宾,64.0
20170124,0,CO,宜宾,1.82
20170124,0,CO_24h,宜宾,1.62
20170124,1,AQI,宜宾,270.0
20170124,1,PM2.5,宜宾,220.0
20170124,1,PM2.5_24h,宜宾,156.0
20170124,1,PM10,宜宾,243.0
20170124,1,PM10_24h,宜宾,178.0
20170124,1,SO2,宜宾,24.0
20170124,1,SO2_24h,宜宾,25.0
20170124,1,NO2,宜宾,50.0
20170124,1,NO2_24h,宜宾,47.0
20170124,1,O3,宜宾,7.0
20170124,1,O3_24h,宜宾,77.0
20170124,1,O3_8h,宜宾,7.0
20170124,1,O3_8h_24h,宜宾,7.0
20170124,1,CO,宜宾,1.82
20170124,1,CO_24h,宜宾,1.6
20170124,2,AQI,宜宾,276.0
20170124,2,PM2.5,宜宾,226.0
20170124,2,PM2.5_24h,宜宾,159.0
20170124,2,PM10,宜宾,253.0
20170124,2,PM10_24h,宜宾,181.0
20170124,2,SO2,宜宾,24.0
20170124,2,SO2_24h,宜宾,25.0
20170124,2,NO2,宜宾,47.0
20170124,2,NO2_24h,宜宾,46.0
20170124,2,O3,宜宾,6.0
20170124,2,O3_24h,宜宾,77.0
20170124,2,O3_8h,宜宾,6.0
20170124,2,O3_8h_24h,宜宾,7.0
20170124,2,CO,宜宾,1.84
20170124,2,CO_24h,宜宾,1.64
20170124,3,AQI,宜宾,275.0
20170124,3,PM2.5,宜宾,225.0
20170124,3,PM2.5_24h,宜宾,161.0
20170124,3,PM10,宜宾,247.0
20170124,3,PM10_24h,宜宾,182.0
20170124,3,SO2,宜宾,22.0
20170124,3,SO2_24h,宜宾,24.0
20170124,3,NO2,宜宾,43.0
20170124,3,NO2_24h,宜宾,46.0
20170124,3,O3,宜宾,6.0
20170124,3,O3_24h,宜宾,77.0
20170124,3,O3_8h,宜宾,6.0
20170124,3,O3_8h_24h,宜宾,7.0
20170124,3,CO,宜宾,1.82
20170124,3,CO_24h,宜宾,1.64
20170124,4,AQI,宜宾,274.0
20170124,4,PM2.5,宜宾,224.0
20170124,4,PM2.5_24h,宜宾,164.0
20170124,4,PM10,宜宾,252.0
20170124,4,PM10_24h,宜宾,184.0
20170124,4,SO2,宜宾,20.0
20170124,4,SO2_24h,宜宾,24.0
20170124,4,NO2,宜宾,40.0
20170124,4,NO2_24h,宜宾,45.0
20170124,4,O3,宜宾,6.0
20170124,4,O3_24h,宜宾,77.0
20170124,4,O3_8h,宜宾,6.0
20170124,4,O3_8h_24h,宜宾,7.0
20170124,4,CO,宜宾,1.92
20170124,4,CO_24h,宜宾,1.64
20170124,5,AQI,宜宾,271.0
20170124,5,PM2.5,宜宾,221.0
20170124,5,PM2.5_24h,宜宾,167.0
20170124,5,PM10,宜宾,249.0
20170124,5,PM10_24h,宜宾,187.0
20170124,5,SO2,宜宾,19.0
20170124,5,SO2_24h,宜宾,24.0
20170124,5,NO2,宜宾,39.0
20170124,5,NO2_24h,宜宾,45.0
20170124,5,O3,宜宾,5.0
20170124,5,O3_24h,宜宾,77.0
20170124,5,O3_8h,宜宾,6.0
20170124,5,O3_8h_24h,宜宾,7.0
20170124,5,CO,宜宾,1.8
20170124,5,CO_24h,宜宾,1.64
20170124,6,AQI,宜宾,269.0
20170124,6,PM2.5,宜宾,219.0
20170124,6,PM2.5_24h,宜宾,170.0
20170124,6,PM10,宜宾,248.0
20170124,6,PM10_24h,宜宾,189.0
20170124,6,SO2,宜宾,19.0
20170124,6,SO2_24h,宜宾,24.0
20170124,6,NO2,宜宾,38.0
20170124,6,NO2_24h,宜宾,44.0
20170124,6,O3,宜宾,4.0
20170124,6,O3_24h,宜宾,77.0
20170124,6,O3_8h,宜宾,6.0
20170124,6,O3_8h_24h,宜宾,7.0
20170124,6,CO,宜宾,1.82
20170124,6,CO_24h,宜宾,1.66
20170124,7,AQI,宜宾,271.0
20170124,7,PM2.5,宜宾,221.0
20170124,7,PM2.5_24h,宜宾,173.0
20170124,7,PM10,宜宾,244.0
20170124,7,PM10_24h,宜宾,192.0
20170124,7,SO2,宜宾,21.0
20170124,7,SO2_24h,宜宾,24.0
20170124,7,NO2,宜宾,38.0
20170124,7,NO2_24h,宜宾,44.0
20170124,7,O3,宜宾,4.0
20170124,7,O3_24h,宜宾,77.0
20170124,7,O3_8h,宜宾,6.0
20170124,7,O3_8h_24h,宜宾,7.0
20170124,7,CO,宜宾,1.92
20170124,7,CO_24h,宜宾,1.66
20170124,8,AQI,宜宾,263.0
20170124,8,PM2.5,宜宾,213.0
20170124,8,PM2.5_24h,宜宾,176.0
20170124,8,PM10,宜宾,248.0
20170124,8,PM10_24h,宜宾,197.0
20170124,8,SO2,宜宾,21.0
20170124,8,SO2_24h,宜宾,24.0
20170124,8,NO2,宜宾,37.0
20170124,8,NO2_24h,宜宾,43.0
20170124,8,O3,宜宾,4.0
20170124,8,O3_24h,宜宾,77.0
20170124,8,O3_8h,宜宾,5.0
20170124,8,O3_8h_24h,宜宾,7.0
20170124,8,CO,宜宾,2.04
20170124,8,CO_24h,宜宾,1.72
20170124,9,AQI,宜宾,259.0
20170124,9,PM2.5,宜宾,209.0
20170124,9,PM2.5_24h,宜宾,179.0
20170124,9,PM10,宜宾,237.0
20170124,9,PM10_24h,宜宾,200.0
20170124,9,SO2,宜宾,20.0
20170124,9,SO2_24h,宜宾,24.0
20170124,9,NO2,宜宾,33.0
20170124,9,NO2_24h,宜宾,43.0
20170124,9,O3,宜宾,4.0
20170124,9,O3_24h,宜宾,77.0
20170124,9,O3_8h,宜宾,5.0
20170124,9,O3_8h_24h,宜宾,7.0
20170124,9,CO,宜宾,2.08
20170124,9,CO_24h,宜宾,1.72
20170124,10,AQI,宜宾,264.0
20170124,10,PM2.5,宜宾,214.0
20170124,10,PM2.5_24h,宜宾,182.0
20170124,10,PM10,宜宾,234.0
20170124,10,PM10_24h,宜宾,203.0
20170124,10,SO2,宜宾,25.0
20170124,10,SO2_24h,宜宾,24.0
20170124,10,NO2,宜宾,36.0
20170124,10,NO2_24h,宜宾,41.0
20170124,10,O3,宜宾,6.0
20170124,10,O3_24h,宜宾,77.0
20170124,10,O3_8h,宜宾,5.0
20170124,10,O3_8h_24h,宜宾,7.0
20170124,10,CO,宜宾,2.14
20170124,10,CO_24h,宜宾,1.72
20170124,11,AQI,宜宾,261.0
20170124,11,PM2.5,宜宾,211.0
20170124,11,PM2.5_24h,宜宾,185.0
20170124,11,PM10,宜宾,231.0
20170124,11,PM10_24h,宜宾,206.0
20170124,11,SO2,宜宾,26.0
20170124,11,SO2_24h,宜宾,24.0
20170124,11,NO2,宜宾,43.0
20170124,11,NO2_24h,宜宾,41.0
20170124,11,O3,宜宾,10.0
20170124,11,O3_24h,宜宾,77.0
20170124,11,O3_8h,宜宾,5.0
20170124,11,O3_8h_24h,宜宾,7.0
20170124,11,CO,宜宾,2.12
20170124,11,CO_24h,宜宾,1.72
20170124,12,AQI,宜宾,234.0
20170124,12,PM2.5,宜宾,184.0
20170124,12,PM2.5_24h,宜宾,187.0
20170124,12,PM10,宜宾,210.0
20170124,12,PM10_24h,宜宾,208.0
20170124,12,SO2,宜宾,29.0
20170124,12,SO2_24h,宜宾,24.0
20170124,12,NO2,宜宾,42.0
20170124,12,NO2_24h,宜宾,41.0
20170124,12,O3,宜宾,33.0
20170124,12,O3_24h,宜宾,77.0
20170124,12,O3_8h,宜宾,9.0
20170124,12,O3_8h_24h,宜宾,9.0
20170124,12,CO,宜宾,1.78
20170124,12,CO_24h,宜宾,1.74
20170124,13,AQI,宜宾,226.0
20170124,13,PM2.5,宜宾,176.0
20170124,13,PM2.5_24h,宜宾,188.0
20170124,13,PM10,宜宾,212.0
20170124,13,PM10_24h,宜宾,211.0
20170124,13,SO2,宜宾,30.0
20170124,13,SO2_24h,宜宾,24.0
20170124,13,NO2,宜宾,40.0
20170124,13,NO2_24h,宜宾,41.0
20170124,13,O3,宜宾,59.0
20170124,13,O3_24h,宜宾,77.0
20170124,13,O3_8h,宜宾,15.0
20170124,13,O3_8h_24h,宜宾,15.0
20170124,13,CO,宜宾,1.62
20170124,13,CO_24h,宜宾,1.76
20170124,14,AQI,宜宾,217.0
20170124,14,PM2.5,宜宾,167.0
20170124,14,PM2.5_24h,宜宾,190.0
20170124,14,PM10,宜宾,197.0
20170124,14,PM10_24h,宜宾,213.0
20170124,14,SO2,宜宾,30.0
20170124,14,SO2_24h,宜宾,24.0
20170124,14,NO2,宜宾,36.0
20170124,14,NO2_24h,宜宾,41.0
20170124,14,O3,宜宾,80.0
20170124,14,O3_24h,宜宾,80.0
20170124,14,O3_8h,宜宾,25.0
20170124,14,O3_8h_24h,宜宾,25.0
20170124,14,CO,宜宾,1.54
20170124,14,CO_24h,宜宾,1.76
20170124,15,AQI,宜宾,208.0
20170124,15,PM2.5,宜宾,158.0
20170124,15,PM2.5_24h,宜宾,191.0
20170124,15,PM10,宜宾,191.0
20170124,15,PM10_24h,宜宾,214.0
20170124,15,SO2,宜宾,39.0
20170124,15,SO2_24h,宜宾,24.0
20170124,15,NO2,宜宾,34.0
20170124,15,NO2_24h,宜宾,41.0
20170124,15,O3,宜宾,94.0
20170124,15,O3_24h,宜宾,94.0
20170124,15,O3_8h,宜宾,36.0
20170124,15,O3_8h_24h,宜宾,36.0
20170124,15,CO,宜宾,1.52
20170124,15,CO_24h,宜宾,1.76
20170124,16,AQI,宜宾,189.0
20170124,16,PM2.5,宜宾,142.0
20170124,16,PM2.5_24h,宜宾,191.0
20170124,16,PM10,宜宾,163.0
20170124,16,PM10_24h,宜宾,216.0
20170124,16,SO2,宜宾,35.0
20170124,16,SO2_24h,宜宾,25.0
20170124,16,NO2,宜宾,30.0
20170124,16,NO2_24h,宜宾,41.0
20170124,16,O3,宜宾,112.0
20170124,16,O3_24h,宜宾,112.0
20170124,16,O3_8h,宜宾,50.0
20170124,16,O3_8h_24h,宜宾,50.0
20170124,16,CO,宜宾,1.44
20170124,16,CO_24h,宜宾,1.76
20170124,17,AQI,宜宾,169.0
20170124,17,PM2.5,宜宾,128.0
20170124,17,PM2.5_24h,宜宾,191.0
20170124,17,PM10,宜宾,153.0
20170124,17,PM10_24h,宜宾,217.0
20170124,17,SO2,宜宾,32.0
20170124,17,SO2_24h,宜宾,25.0
20170124,17,NO2,宜宾,29.0
20170124,17,NO2_24h,宜宾,41.0
20170124,17,O3,宜宾,99.0
20170124,17,O3_24h,宜宾,112.0
20170124,17,O3_8h,宜宾,62.0
20170124,17,O3_8h_24h,宜宾,62.0
20170124,17,CO,宜宾,1.38
20170124,17,CO_24h,宜宾,1.76
20170124,18,AQI,宜宾,171.0
20170124,18,PM2.5,宜宾,130.0
20170124,18,PM2.5_24h,宜宾,191.0
20170124,18,PM10,宜宾,146.0
20170124,18,PM10_24h,宜宾,218.0
20170124,18,SO2,宜宾,29.0
20170124,18,SO2_24h,宜宾,26.0
20170124,18,NO2,宜宾,34.0
20170124,18,NO2_24h,宜宾,41.0
20170124,18,O3,宜宾,88.0
20170124,18,O3_24h,宜宾,112.0
20170124,18,O3_8h,宜宾,72.0
20170124,18,O3_8h_24h,宜宾,72.0
20170124,18,CO,宜宾,1.42
20170124,18,CO_24h,宜宾,1.78
20170124,19,AQI,宜宾,190.0
20170124,19,PM2.5,宜宾,143.0
20170124,19,PM2.5_24h,宜宾,191.0
20170124,19,PM10,宜宾,161.0
20170124,19,PM10_24h,宜宾,218.0
20170124,19,SO2,宜宾,29.0
20170124,19,SO2_24h,宜宾,26.0
20170124,19,NO2,宜宾,60.0
20170124,19,NO2_24h,宜宾,42.0
20170124,19,O3,宜宾,51.0
20170124,19,O3_24h,宜宾,112.0
20170124,19,O3_8h,宜宾,77.0
20170124,19,O3_8h_24h,宜宾,77.0
20170124,19,CO,宜宾,1.72
20170124,19,CO_24h,宜宾,1.76
20170124,20,AQI,宜宾,208.0
20170124,20,PM2.5,宜宾,158.0
20170124,20,PM2.5_24h,宜宾,191.0
20170124,20,PM10,宜宾,180.0
20170124,20,PM10_24h,宜宾,217.0
20170124,20,SO2,宜宾,30.0
20170124,20,SO2_24h,宜宾,26.0
20170124,20,NO2,宜宾,73.0
20170124,20,NO2_24h,宜宾,43.0
20170124,20,O3,宜宾,28.0
20170124,20,O3_24h,宜宾,112.0
20170124,20,O3_8h,宜宾,76.0
20170124,20,O3_8h_24h,宜宾,77.0
20170124,20,CO,宜宾,1.96
20170124,20,CO_24h,宜宾,1.78
20170124,21,AQI,宜宾,224.0
20170124,21,PM2.5,宜宾,174.0
20170124,21,PM2.5_24h,宜宾,190.0
20170124,21,PM10,宜宾,198.0
20170124,21,PM10_24h,宜宾,216.0
20170124,21,SO2,宜宾,31.0
20170124,21,SO2_24h,宜宾,26.0
20170124,21,NO2,宜宾,84.0
20170124,21,NO2_24h,宜宾,44.0
20170124,21,O3,宜宾,12.0
20170124,21,O3_24h,宜宾,112.0
20170124,21,O3_8h,宜宾,70.0
20170124,21,O3_8h_24h,宜宾,77.0
20170124,21,CO,宜宾,2.36
20170124,21,CO_24h,宜宾,1.82
20170124,22,AQI,宜宾,228.0
20170124,22,PM2.5,宜宾,178.0
20170124,22,PM2.5_24h,宜宾,190.0
20170124,22,PM10,宜宾,218.0
20170124,22,PM10_24h,宜宾,216.0
20170124,22,SO2,宜宾,34.0
20170124,22,SO2_24h,宜宾,27.0
20170124,22,NO2,宜宾,75.0
20170124,22,NO2_24h,宜宾,45.0
20170124,22,O3,宜宾,9.0
20170124,22,O3_24h,宜宾,112.0
20170124,22,O3_8h,宜宾,61.0
20170124,22,O3_8h_24h,宜宾,77.0
20170124,22,CO,宜宾,2.46
20170124,22,CO_24h,宜宾,1.86
20170124,23,AQI,宜宾,228.0
20170124,23,PM2.5,宜宾,178.0
20170124,23,PM2.5_24h,宜宾,189.0
20170124,23,PM10,宜宾,212.0
20170124,23,PM10_24h,宜宾,216.0
20170124,23,SO2,宜宾,27.0
20170124,23,SO2_24h,宜宾,27.0
20170124,23,NO2,宜宾,64.0
20170124,23,NO2_24h,宜宾,46.0
20170124,23,O3,宜宾,9.0
20170124,23,O3_24h,宜宾,112.0
20170124,23,O3_8h,宜宾,51.0
20170124,23,O3_8h_24h,宜宾,77.0
20170124,23,CO,宜宾,2.48
20170124,23,CO_24h,宜宾,1.88
20170124,0,AQI,攀枝花,73.0
20170124,0,PM2.5,攀枝花,53.0
20170124,0,PM2.5_24h,攀枝花,64.0
20170124,0,PM10,攀枝花,88.0
20170124,0,PM10_24h,攀枝花,99.0
20170124,0,SO2,攀枝花,32.0
20170124,0,SO2_24h,攀枝花,38.0
20170124,0,NO2,攀枝花,66.0
20170124,0,NO2_24h,攀枝花,53.0
20170124,0,O3,攀枝花,12.0
20170124,0,O3_24h,攀枝花,82.0
20170124,0,O3_8h,攀枝花,35.0
20170124,0,O3_8h_24h,攀枝花,60.0
20170124,0,CO,攀枝花,2.02
20170124,0,CO_24h,攀枝花,2.24
20170124,1,AQI,攀枝花,78.0
20170124,1,PM2.5,攀枝花,57.0
20170124,1,PM2.5_24h,攀枝花,64.0
20170124,1,PM10,攀枝花,103.0
20170124,1,PM10_24h,攀枝花,99.0
20170124,1,SO2,攀枝花,58.0
20170124,1,SO2_24h,攀枝花,39.0
20170124,1,NO2,攀枝花,64.0
20170124,1,NO2_24h,攀枝花,54.0
20170124,1,O3,攀枝花,10.0
20170124,1,O3_24h,攀枝花,82.0
20170124,1,O3_8h,攀枝花,10.0
20170124,1,O3_8h_24h,攀枝花,10.0
20170124,1,CO,攀枝花,2.43
20170124,1,CO_24h,攀枝花,2.28
20170124,2,AQI,攀枝花,83.0
20170124,2,PM2.5,攀枝花,61.0
20170124,2,PM2.5_24h,攀枝花,63.0
20170124,2,PM10,攀枝花,110.0
20170124,2,PM10_24h,攀枝花,99.0
20170124,2,SO2,攀枝花,80.0
20170124,2,SO2_24h,攀枝花,42.0
20170124,2,NO2,攀枝花,64.0
20170124,2,NO2_24h,攀枝花,54.0
20170124,2,O3,攀枝花,8.0
20170124,2,O3_24h,攀枝花,82.0
20170124,2,O3_8h,攀枝花,9.0
20170124,2,O3_8h_24h,攀枝花,10.0
20170124,2,CO,攀枝花,4.38
20170124,2,CO_24h,攀枝花,2.36
20170124,3,AQI,攀枝花,84.0
20170124,3,PM2.5,攀枝花,62.0
20170124,3,PM2.5_24h,攀枝花,63.0
20170124,3,PM10,攀枝花,114.0
20170124,3,PM10_24h,攀枝花,99.0
20170124,3,SO2,攀枝花,101.0
20170124,3,SO2_24h,攀枝花,45.0
20170124,3,NO2,攀枝花,61.0
20170124,3,NO2_24h,攀枝花,54.0
20170124,3,O3,攀枝花,8.0
20170124,3,O3_24h,攀枝花,82.0
20170124,3,O3_8h,攀枝花,9.0
20170124,3,O3_8h_24h,攀枝花,11.0
20170124,3,CO,攀枝花,4.48
20170124,3,CO_24h,攀枝花,2.48
20170124,4,AQI,攀枝花,89.0
20170124,4,PM2.5,攀枝花,66.0
20170124,4,PM2.5_24h,攀枝花,62.0
20170124,4,PM10,攀枝花,109.0
20170124,4,PM10_24h,攀枝花,99.0
20170124,4,SO2,攀枝花,125.0
20170124,4,SO2_24h,攀枝花,49.0
20170124,4,NO2,攀枝花,60.0
20170124,4,NO2_24h,攀枝花,55.0
20170124,4,O3,攀枝花,6.0
20170124,4,O3_24h,攀枝花,82.0
20170124,4,O3_8h,攀枝花,8.0
20170124,4,O3_8h_24h,攀枝花,11.0
20170124,4,CO,攀枝花,5.04
20170124,4,CO_24h,攀枝花,2.58
20170124,5,AQI,攀枝花,98.0
20170124,5,PM2.5,攀枝花,73.0
20170124,5,PM2.5_24h,攀枝花,62.0
20170124,5,PM10,攀枝花,125.0
20170124,5,PM10_24h,攀枝花,98.0
20170124,5,SO2,攀枝花,113.0
20170124,5,SO2_24h,攀枝花,52.0
20170124,5,NO2,攀枝花,59.0
20170124,5,NO2_24h,攀枝花,55.0
20170124,5,O3,攀枝花,7.0
20170124,5,O3_24h,攀枝花,82.0
20170124,5,O3_8h,攀枝花,8.0
20170124,5,O3_8h_24h,攀枝花,11.0
20170124,5,CO,攀枝花,6.64
20170124,5,CO_24h,攀枝花,2.74
20170124,6,AQI,攀枝花,93.0
20170124,6,PM2.5,攀枝花,69.0
20170124,6,PM2.5_24h,攀枝花,62.0
20170124,6,PM10,攀枝花,113.0
20170124,6,PM10_24h,攀枝花,98.0
20170124,6,SO2,攀枝花,112.0
20170124,6,SO2_24h,攀枝花,56.0
20170124,6,NO2,攀枝花,56.0
20170124,6,NO2_24h,攀枝花,55.0
20170124,6,O3,攀枝花,7.0
20170124,6,O3_24h,攀枝花,82.0
20170124,6,O3_8h,攀枝花,8.0
20170124,6,O3_8h_24h,攀枝花,11.0
20170124,6,CO,攀枝花,5.86
20170124,6,CO_24h,攀枝花,2.88
20170124,7,AQI,攀枝花,94.0
20170124,7,PM2.5,攀枝花,70.0
20170124,7,PM2.5_24h,攀枝花,61.0
20170124,7,PM10,攀枝花,112.0
20170124,7,PM10_24h,攀枝花,98.0
20170124,7,SO2,攀枝花,80.0
20170124,7,SO2_24h,攀枝花,58.0
20170124,7,NO2,攀枝花,55.0
20170124,7,NO2_24h,攀枝花,55.0
20170124,7,O3,攀枝花,6.0
20170124,7,O3_24h,攀枝花,82.0
20170124,7,O3_8h,攀枝花,8.0
20170124,7,O3_8h_24h,攀枝花,11.0
20170124,7,CO,攀枝花,5.42
20170124,7,CO_24h,攀枝花,3.04
20170124,8,AQI,攀枝花,100.0
20170124,8,PM2.5,攀枝花,75.0
20170124,8,PM2.5_24h,攀枝花,61.0
20170124,8,PM10,攀枝花,135.0
20170124,8,PM10_24h,攀枝花,99.0
20170124,8,SO2,攀枝花,62.0
20170124,8,SO2_24h,攀枝花,60.0
20170124,8,NO2,攀枝花,53.0
20170124,8,NO2_24h,攀枝花,55.0
20170124,8,O3,攀枝花,7.0
20170124,8,O3_24h,攀枝花,82.0
20170124,8,O3_8h,攀枝花,7.0
20170124,8,O3_8h_24h,攀枝花,11.0
20170124,8,CO,攀枝花,4.7
20170124,8,CO_24h,攀枝花,3.1
20170124,9,AQI,攀枝花,106.0
20170124,9,PM2.5,攀枝花,80.0
20170124,9,PM2.5_24h,攀枝花,61.0
20170124,9,PM10,攀枝花,151.0
20170124,9,PM10_24h,攀枝花,100.0
20170124,9,SO2,攀枝花,57.0
20170124,9,SO2_24h,攀枝花,61.0
20170124,9,NO2,攀枝花,54.0
20170124,9,NO2_24h,攀枝花,56.0
20170124,9,O3,攀枝花,7.0
20170124,9,O3_24h,攀枝花,82.0
20170124,9,O3_8h,攀枝花,7.0
20170124,9,O3_8h_24h,攀枝花,11.0
20170124,9,CO,攀枝花,4.64
20170124,9,CO_24h,攀枝花,3.16
20170124,10,AQI,攀枝花,114.0
20170124,10,PM2.5,攀枝花,86.0
20170124,10,PM2.5_24h,攀枝花,61.0
20170124,10,PM10,攀枝花,155.0
20170124,10,PM10_24h,攀枝花,102.0
20170124,10,SO2,攀枝花,59.0
20170124,10,SO2_24h,攀枝花,62.0
20170124,10,NO2,攀枝花,60.0
20170124,10,NO2_24h,攀枝花,56.0
20170124,10,O3,攀枝花,9.0
20170124,10,O3_24h,攀枝花,82.0
20170124,10,O3_8h,攀枝花,7.0
20170124,10,O3_8h_24h,攀枝花,11.0
20170124,10,CO,攀枝花,4.06
20170124,10,CO_24h,攀枝花,3.2
20170124,11,AQI,攀枝花,116.0
20170124,11,PM2.5,攀枝花,88.0
20170124,11,PM2.5_24h,攀枝花,60.0
20170124,11,PM10,攀枝花,154.0
20170124,11,PM10_24h,攀枝花,103.0
20170124,11,SO2,攀枝花,94.0
20170124,11,SO2_24h,攀枝花,62.0
20170124,11,NO2,攀枝花,67.0
20170124,11,NO2_24h,攀枝花,55.0
20170124,11,O3,攀枝花,19.0
20170124,11,O3_24h,攀枝花,82.0
20170124,11,O3_8h,攀枝花,8.0
20170124,11,O3_8h_24h,攀枝花,11.0
20170124,11,CO,攀枝花,4.12
20170124,11,CO_24h,攀枝花,3.2
20170124,12,AQI,攀枝花,109.0
20170124,12,PM2.5,攀枝花,82.0
20170124,12,PM2.5_24h,攀枝花,59.0
20170124,12,PM10,攀枝花,142.0
20170124,12,PM10_24h,攀枝花,102.0
20170124,12,SO2,攀枝花,128.0
20170124,12,SO2_24h,攀枝花,64.0
20170124,12,NO2,攀枝花,66.0
20170124,12,NO2_24h,攀枝花,56.0
20170124,12,O3,攀枝花,31.0
20170124,12,O3_24h,攀枝花,82.0
20170124,12,O3_8h,攀枝花,12.0
20170124,12,O3_8h_24h,攀枝花,13.0
20170124,12,CO,攀枝花,4.24
20170124,12,CO_24h,攀枝花,3.2
20170124,13,AQI,攀枝花,78.0
20170124,13,PM2.5,攀枝花,57.0
20170124,13,PM2.5_24h,攀枝花,58.0
20170124,13,PM10,攀枝花,102.0
20170124,13,PM10_24h,攀枝花,101.0
20170124,13,SO2,攀枝花,82.0
20170124,13,SO2_24h,攀枝花,64.0
20170124,13,NO2,攀枝花,50.0
20170124,13,NO2_24h,攀枝花,55.0
20170124,13,O3,攀枝花,51.0
20170124,13,O3_24h,攀枝花,82.0
20170124,13,O3_8h,攀枝花,17.0
20170124,13,O3_8h_24h,攀枝花,17.0
20170124,13,CO,攀枝花,2.82
20170124,13,CO_24h,攀枝花,3.2
20170124,14,AQI,攀枝花,53.0
20170124,14,PM2.5,攀枝花,29.0
20170124,14,PM2.5_24h,攀枝花,57.0
20170124,14,PM10,攀枝花,55.0
20170124,14,PM10_24h,攀枝花,99.0
20170124,14,SO2,攀枝花,34.0
20170124,14,SO2_24h,攀枝花,63.0
20170124,14,NO2,攀枝花,26.0
20170124,14,NO2_24h,攀枝花,55.0
20170124,14,O3,攀枝花,74.0
20170124,14,O3_24h,攀枝花,83.0
20170124,14,O3_8h,攀枝花,25.0
20170124,14,O3_8h_24h,攀枝花,25.0
20170124,14,CO,攀枝花,1.48
20170124,14,CO_24h,攀枝花,3.16
20170124,15,AQI,攀枝花,39.0
20170124,15,PM2.5,攀枝花,22.0
20170124,15,PM2.5_24h,攀枝花,56.0
20170124,15,PM10,攀枝花,39.0
20170124,15,PM10_24h,攀枝花,98.0
20170124,15,SO2,攀枝花,24.0
20170124,15,SO2_24h,攀枝花,61.0
20170124,15,NO2,攀枝花,21.0
20170124,15,NO2_24h,攀枝花,54.0
20170124,15,O3,攀枝花,83.0
20170124,15,O3_24h,攀枝花,85.0
20170124,15,O3_8h,攀枝花,35.0
20170124,15,O3_8h_24h,攀枝花,35.0
20170124,15,CO,攀枝花,1.18
20170124,15,CO_24h,攀枝花,3.16
20170124,16,AQI,攀枝花,35.0
20170124,16,PM2.5,攀枝花,21.0
20170124,16,PM2.5_24h,攀枝花,55.0
20170124,16,PM10,攀枝花,35.0
20170124,16,PM10_24h,攀枝花,97.0
20170124,16,SO2,攀枝花,23.0
20170124,16,SO2_24h,攀枝花,60.0
20170124,16,NO2,攀枝花,23.0
20170124,16,NO2_24h,攀枝花,54.0
20170124,16,O3,攀枝花,83.0
20170124,16,O3_24h,攀枝花,84.0
20170124,16,O3_8h,攀枝花,45.0
20170124,16,O3_8h_24h,攀枝花,45.0
20170124,16,CO,攀枝花,1.22
20170124,16,CO_24h,攀枝花,3.14
20170124,17,AQI,攀枝花,31.0
20170124,17,PM2.5,攀枝花,17.0
20170124,17,PM2.5_24h,攀枝花,55.0
20170124,17,PM10,攀枝花,31.0
20170124,17,PM10_24h,攀枝花,96.0
20170124,17,SO2,攀枝花,18.0
20170124,17,SO2_24h,攀枝花,60.0
20170124,17,NO2,攀枝花,25.0
20170124,17,NO2_24h,攀枝花,53.0
20170124,17,O3,攀枝花,80.0
20170124,17,O3_24h,攀枝花,86.0
20170124,17,O3_8h,攀枝花,54.0
20170124,17,O3_8h_24h,攀枝花,54.0
20170124,17,CO,攀枝花,1.08
20170124,17,CO_24h,攀枝花,3.14
20170124,18,AQI,攀枝花,32.0
20170124,18,PM2.5,攀枝花,19.0
20170124,18,PM2.5_24h,攀枝花,54.0
20170124,18,PM10,攀枝花,32.0
20170124,18,PM10_24h,攀枝花,96.0
20170124,18,SO2,攀枝花,15.0
20170124,18,SO2_24h,攀枝花,59.0
20170124,18,NO2,攀枝花,31.0
20170124,18,NO2_24h,攀枝花,53.0
20170124,18,O3,攀枝花,70.0
20170124,18,O3_24h,攀枝花,86.0
20170124,18,O3_8h,攀枝花,61.0
20170124,18,O3_8h_24h,攀枝花,61.0
20170124,18,CO,攀枝花,0.88
20170124,18,CO_24h,攀枝花,3.12
20170124,19,AQI,攀枝花,40.0
20170124,19,PM2.5,攀枝花,24.0
20170124,19,PM2.5_24h,攀枝花,54.0
20170124,19,PM10,攀枝花,40.0
20170124,19,PM10_24h,攀枝花,95.0
20170124,19,SO2,攀枝花,21.0
20170124,19,SO2_24h,攀枝花,59.0
20170124,19,NO2,攀枝花,44.0
20170124,19,NO2_24h,攀枝花,52.0
20170124,19,O3,攀枝花,54.0
20170124,19,O3_24h,攀枝花,86.0
20170124,19,O3_8h,攀枝花,66.0
20170124,19,O3_8h_24h,攀枝花,66.0
20170124,19,CO,攀枝花,1.06
20170124,19,CO_24h,攀枝花,3.12
20170124,20,AQI,攀枝花,54.0
20170124,20,PM2.5,攀枝花,30.0
20170124,20,PM2.5_24h,攀枝花,53.0
20170124,20,PM10,攀枝花,58.0
20170124,20,PM10_24h,攀枝花,94.0
20170124,20,SO2,攀枝花,21.0
20170124,20,SO2_24h,攀枝花,59.0
20170124,20,NO2,攀枝花,51.0
20170124,20,NO2_24h,攀枝花,52.0
20170124,20,O3,攀枝花,39.0
20170124,20,O3_24h,攀枝花,86.0
20170124,20,O3_8h,攀枝花,67.0
20170124,20,O3_8h_24h,攀枝花,67.0
20170124,20,CO,攀枝花,1.16
20170124,20,CO_24h,攀枝花,3.1
20170124,21,AQI,攀枝花,55.0
20170124,21,PM2.5,攀枝花,34.0
20170124,21,PM2.5_24h,攀枝花,53.0
20170124,21,PM10,攀枝花,59.0
20170124,21,PM10_24h,攀枝花,94.0
20170124,21,SO2,攀枝花,22.0
20170124,21,SO2_24h,攀枝花,59.0
20170124,21,NO2,攀枝花,50.0
20170124,21,NO2_24h,攀枝花,51.0
20170124,21,O3,攀枝花,30.0
20170124,21,O3_24h,攀枝花,86.0
20170124,21,O3_8h,攀枝花,64.0
20170124,21,O3_8h_24h,攀枝花,68.0
20170124,21,CO,攀枝花,1.28
20170124,21,CO_24h,攀枝花,3.08
20170124,22,AQI,攀枝花,56.0
20170124,22,PM2.5,攀枝花,37.0
20170124,22,PM2.5_24h,攀枝花,53.0
20170124,22,PM10,攀枝花,61.0
20170124,22,PM10_24h,攀枝花,93.0
20170124,22,SO2,攀枝花,25.0
20170124,22,SO2_24h,攀枝花,59.0
20170124,22,NO2,攀枝花,55.0
20170124,22,NO2_24h,攀枝花,51.0
20170124,22,O3,攀枝花,21.0
20170124,22,O3_24h,攀枝花,86.0
20170124,22,O3_8h,攀枝花,58.0
20170124,22,O3_8h_24h,攀枝花,68.0
20170124,22,CO,攀枝花,1.54
20170124,22,CO_24h,攀枝花,3.08
20170124,23,AQI,攀枝花,54.0
20170124,23,PM2.5,攀枝花,38.0
20170124,23,PM2.5_24h,攀枝花,52.0
20170124,23,PM10,攀枝花,58.0
20170124,23,PM10_24h,攀枝花,92.0
20170124,23,SO2,攀枝花,22.0
20170124,23,SO2_24h,攀枝花,58.0
20170124,23,NO2,攀枝花,51.0
20170124,23,NO2_24h,攀枝花,50.0
20170124,23,O3,攀枝花,22.0
20170124,23,O3_24h,攀枝花,86.0
20170124,23,O3_8h,攀枝花,50.0
20170124,23,O3_8h_24h,攀枝花,68.0
20170124,23,CO,攀枝花,1.44
20170124,23,CO_24h,攀枝花,3.08
20170124,0,AQI,泸州,287.0
20170124,0,PM2.5,泸州,237.0
20170124,0,PM2.5_24h,泸州,159.0
20170124,0,PM10,泸州,276.0
20170124,0,PM10_24h,泸州,201.0
20170124,0,SO2,泸州,20.0
20170124,0,SO2_24h,泸州,40.0
20170124,0,NO2,泸州,49.0
20170124,0,NO2_24h,泸州,46.0
20170124,0,O3,泸州,4.0
20170124,0,O3_24h,泸州,48.0
20170124,0,O3_8h,泸州,18.0
20170124,0,O3_8h_24h,泸州,29.0
20170124,0,CO,泸州,1.3
20170124,0,CO_24h,泸州,0.97
20170124,1,AQI,泸州,271.0
20170124,1,PM2.5,泸州,221.0
20170124,1,PM2.5_24h,泸州,161.0
20170124,1,PM10,泸州,287.0
20170124,1,PM10_24h,泸州,204.0
20170124,1,SO2,泸州,19.0
20170124,1,SO2_24h,泸州,38.0
20170124,1,NO2,泸州,47.0
20170124,1,NO2_24h,泸州,45.0
20170124,1,O3,泸州,4.0
20170124,1,O3_24h,泸州,48.0
20170124,1,O3_8h,泸州,4.0
20170124,1,O3_8h_24h,泸州,4.0
20170124,1,CO,泸州,1.37
20170124,1,CO_24h,泸州,0.97
20170124,2,AQI,泸州,287.0
20170124,2,PM2.5,泸州,237.0
20170124,2,PM2.5_24h,泸州,164.0
20170124,2,PM10,泸州,306.0
20170124,2,PM10_24h,泸州,208.0
20170124,2,SO2,泸州,20.0
20170124,2,SO2_24h,泸州,37.0
20170124,2,NO2,泸州,48.0
20170124,2,NO2_24h,泸州,45.0
20170124,2,O3,泸州,4.0
20170124,2,O3_24h,泸州,48.0
20170124,2,O3_8h,泸州,4.0
20170124,2,O3_8h_24h,泸州,4.0
20170124,2,CO,泸州,1.3
20170124,2,CO_24h,泸州,1.0
20170124,3,AQI,泸州,294.0
20170124,3,PM2.5,泸州,244.0
20170124,3,PM2.5_24h,泸州,167.0
20170124,3,PM10,泸州,309.0
20170124,3,PM10_24h,泸州,213.0
20170124,3,SO2,泸州,19.0
20170124,3,SO2_24h,泸州,35.0
20170124,3,NO2,泸州,44.0
20170124,3,NO2_24h,泸州,45.0
20170124,3,O3,泸州,4.0
20170124,3,O3_24h,泸州,48.0
20170124,3,O3_8h,泸州,4.0
20170124,3,O3_8h_24h,泸州,4.0
20170124,3,CO,泸州,1.23
20170124,3,CO_24h,泸州,1.0
20170124,4,AQI,泸州,284.0
20170124,4,PM2.5,泸州,234.0
20170124,4,PM2.5_24h,泸州,171.0
20170124,4,PM10,泸州,312.0
20170124,4,PM10_24h,泸州,217.0
20170124,4,SO2,泸州,20.0
20170124,4,SO2_24h,泸州,33.0
20170124,4,NO2,泸州,40.0
20170124,4,NO2_24h,泸州,45.0
20170124,4,O3,泸州,4.0
20170124,4,O3_24h,泸州,48.0
20170124,4,O3_8h,泸州,4.0
20170124,4,O3_8h_24h,泸州,4.0
20170124,4,CO,泸州,1.23
20170124,4,CO_24h,泸州,1.03
20170124,5,AQI,泸州,276.0
20170124,5,PM2.5,泸州,226.0
20170124,5,PM2.5_24h,泸州,174.0
20170124,5,PM10,泸州,283.0
20170124,5,PM10_24h,泸州,221.0
20170124,5,SO2,泸州,22.0
20170124,5,SO2_24h,泸州,31.0
20170124,5,NO2,泸州,39.0
20170124,5,NO2_24h,泸州,45.0
20170124,5,O3,泸州,4.0
20170124,5,O3_24h,泸州,48.0
20170124,5,O3_8h,泸州,4.0
20170124,5,O3_8h_24h,泸州,4.0
20170124,5,CO,泸州,1.13
20170124,5,CO_24h,泸州,1.03
20170124,6,AQI,泸州,266.0
20170124,6,PM2.5,泸州,216.0
20170124,6,PM2.5_24h,泸州,177.0
20170124,6,PM10,泸州,269.0
20170124,6,PM10_24h,泸州,224.0
20170124,6,SO2,泸州,21.0
20170124,6,SO2_24h,泸州,29.0
20170124,6,NO2,泸州,38.0
20170124,6,NO2_24h,泸州,46.0
20170124,6,O3,泸州,4.0
20170124,6,O3_24h,泸州,48.0
20170124,6,O3_8h,泸州,4.0
20170124,6,O3_8h_24h,泸州,4.0
20170124,6,CO,泸州,1.13
20170124,6,CO_24h,泸州,1.03
20170124,7,AQI,泸州,255.0
20170124,7,PM2.5,泸州,205.0
20170124,7,PM2.5_24h,泸州,179.0
20170124,7,PM10,泸州,271.0
20170124,7,PM10_24h,泸州,228.0
20170124,7,SO2,泸州,20.0
20170124,7,SO2_24h,泸州,28.0
20170124,7,NO2,泸州,38.0
20170124,7,NO2_24h,泸州,45.0
20170124,7,O3,泸州,3.0
20170124,7,O3_24h,泸州,48.0
20170124,7,O3_8h,泸州,4.0
20170124,7,O3_8h_24h,泸州,4.0
20170124,7,CO,泸州,1.17
20170124,7,CO_24h,泸州,1.03
20170124,8,AQI,泸州,262.0
20170124,8,PM2.5,泸州,212.0
20170124,8,PM2.5_24h,泸州,183.0
20170124,8,PM10,泸州,269.0
20170124,8,PM10_24h,泸州,233.0
20170124,8,SO2,泸州,21.0
20170124,8,SO2_24h,泸州,27.0
20170124,8,NO2,泸州,38.0
20170124,8,NO2_24h,泸州,45.0
20170124,8,O3,泸州,4.0
20170124,8,O3_24h,泸州,48.0
20170124,8,O3_8h,泸州,4.0
20170124,8,O3_8h_24h,泸州,4.0
20170124,8,CO,泸州,1.2
20170124,8,CO_24h,泸州,1.03
20170124,9,AQI,泸州,267.0
20170124,9,PM2.5,泸州,217.0
20170124,9,PM2.5_24h,泸州,186.0
20170124,9,PM10,泸州,263.0
20170124,9,PM10_24h,泸州,237.0
20170124,9,SO2,泸州,25.0
20170124,9,SO2_24h,泸州,27.0
20170124,9,NO2,泸州,38.0
20170124,9,NO2_24h,泸州,44.0
20170124,9,O3,泸州,3.0
20170124,9,O3_24h,泸州,48.0
20170124,9,O3_8h,泸州,4.0
20170124,9,O3_8h_24h,泸州,4.0
20170124,9,CO,泸州,1.3
20170124,9,CO_24h,泸州,1.1
20170124,10,AQI,泸州,266.0
20170124,10,PM2.5,泸州,216.0
20170124,10,PM2.5_24h,泸州,190.0
20170124,10,PM10,泸州,276.0
20170124,10,PM10_24h,泸州,241.0
20170124,10,SO2,泸州,31.0
20170124,10,SO2_24h,泸州,27.0
20170124,10,NO2,泸州,38.0
20170124,10,NO2_24h,泸州,44.0
20170124,10,O3,泸州,4.0
20170124,10,O3_24h,泸州,48.0
20170124,10,O3_8h,泸州,4.0
20170124,10,O3_8h_24h,泸州,4.0
20170124,10,CO,泸州,1.37
20170124,10,CO_24h,泸州,1.13
20170124,11,AQI,泸州,265.0
20170124,11,PM2.5,泸州,215.0
20170124,11,PM2.5_24h,泸州,193.0
20170124,11,PM10,泸州,258.0
20170124,11,PM10_24h,泸州,244.0
20170124,11,SO2,泸州,25.0
20170124,11,SO2_24h,泸州,26.0
20170124,11,NO2,泸州,40.0
20170124,11,NO2_24h,泸州,43.0
20170124,11,O3,泸州,4.0
20170124,11,O3_24h,泸州,48.0
20170124,11,O3_8h,泸州,4.0
20170124,11,O3_8h_24h,泸州,4.0
20170124,11,CO,泸州,1.1
20170124,11,CO_24h,泸州,1.13
20170124,12,AQI,泸州,236.0
20170124,12,PM2.5,泸州,186.0
20170124,12,PM2.5_24h,泸州,195.0
20170124,12,PM10,泸州,234.0
20170124,12,PM10_24h,泸州,246.0
20170124,12,SO2,泸州,24.0
20170124,12,SO2_24h,泸州,25.0
20170124,12,NO2,泸州,35.0
20170124,12,NO2_24h,泸州,43.0
20170124,12,O3,泸州,10.0
20170124,12,O3_24h,泸州,48.0
20170124,12,O3_8h,泸州,5.0
20170124,12,O3_8h_24h,泸州,5.0
20170124,12,CO,泸州,1.0
20170124,12,CO_24h,泸州,1.13
20170124,13,AQI,泸州,236.0
20170124,13,PM2.5,泸州,186.0
20170124,13,PM2.5_24h,泸州,196.0
20170124,13,PM10,泸州,239.0
20170124,13,PM10_24h,泸州,248.0
20170124,13,SO2,泸州,21.0
20170124,13,SO2_24h,泸州,24.0
20170124,13,NO2,泸州,40.0
20170124,13,NO2_24h,泸州,42.0
20170124,13,O3,泸州,69.0
20170124,13,O3_24h,泸州,87.0
20170124,13,O3_8h,泸州,13.0
20170124,13,O3_8h_24h,泸州,13.0
20170124,13,CO,泸州,0.93
20170124,13,CO_24h,泸州,1.13
20170124,14,AQI,泸州,221.0
20170124,14,PM2.5,泸州,171.0
20170124,14,PM2.5_24h,泸州,198.0
20170124,14,PM10,泸州,224.0
20170124,14,PM10_24h,泸州,250.0
20170124,14,SO2,泸州,23.0
20170124,14,SO2_24h,泸州,23.0
20170124,14,NO2,泸州,33.0
20170124,14,NO2_24h,泸州,41.0
20170124,14,O3,泸州,30.0
20170124,14,O3_24h,泸州,87.0
20170124,14,O3_8h,泸州,16.0
20170124,14,O3_8h_24h,泸州,16.0
20170124,14,CO,泸州,0.9
20170124,14,CO_24h,泸州,1.1
20170124,15,AQI,泸州,210.0
20170124,15,PM2.5,泸州,160.0
20170124,15,PM2.5_24h,泸州,199.0
20170124,15,PM10,泸州,204.0
20170124,15,PM10_24h,泸州,251.0
20170124,15,SO2,泸州,25.0
20170124,15,SO2_24h,泸州,22.0
20170124,15,NO2,泸州,33.0
20170124,15,NO2_24h,泸州,41.0
20170124,15,O3,泸州,44.0
20170124,15,O3_24h,泸州,85.0
20170124,15,O3_8h,泸州,21.0
20170124,15,O3_8h_24h,泸州,21.0
20170124,15,CO,泸州,0.9
20170124,15,CO_24h,泸州,1.1
20170124,16,AQI,泸州,218.0
20170124,16,PM2.5,泸州,168.0
20170124,16,PM2.5_24h,泸州,200.0
20170124,16,PM10,泸州,218.0
20170124,16,PM10_24h,泸州,253.0
20170124,16,SO2,泸州,28.0
20170124,16,SO2_24h,泸州,23.0
20170124,16,NO2,泸州,33.0
20170124,16,NO2_24h,泸州,41.0
20170124,16,O3,泸州,55.0
20170124,16,O3_24h,泸州,94.0
20170124,16,O3_8h,泸州,27.0
20170124,16,O3_8h_24h,泸州,27.0
20170124,16,CO,泸州,0.87
20170124,16,CO_24h,泸州,1.13
20170124,17,AQI,泸州,238.0
20170124,17,PM2.5,泸州,188.0
20170124,17,PM2.5_24h,泸州,203.0
20170124,17,PM10,泸州,236.0
20170124,17,PM10_24h,泸州,256.0
20170124,17,SO2,泸州,27.0
20170124,17,SO2_24h,泸州,23.0
20170124,17,NO2,泸州,37.0
20170124,17,NO2_24h,泸州,41.0
20170124,17,O3,泸州,56.0
20170124,17,O3_24h,泸州,96.0
20170124,17,O3_8h,泸州,34.0
20170124,17,O3_8h_24h,泸州,34.0
20170124,17,CO,泸州,0.9
20170124,17,CO_24h,泸州,1.13
20170124,18,AQI,泸州,243.0
20170124,18,PM2.5,泸州,193.0
20170124,18,PM2.5_24h,泸州,204.0
20170124,18,PM10,泸州,242.0
20170124,18,PM10_24h,泸州,258.0
20170124,18,SO2,泸州,28.0
20170124,18,SO2_24h,泸州,23.0
20170124,18,NO2,泸州,41.0
20170124,18,NO2_24h,泸州,41.0
20170124,18,O3,泸州,51.0
20170124,18,O3_24h,泸州,96.0
20170124,18,O3_8h,泸州,40.0
20170124,18,O3_8h_24h,泸州,40.0
20170124,18,CO,泸州,0.9
20170124,18,CO_24h,泸州,1.13
20170124,19,AQI,泸州,247.0
20170124,19,PM2.5,泸州,197.0
20170124,19,PM2.5_24h,泸州,206.0
20170124,19,PM10,泸州,246.0
20170124,19,PM10_24h,泸州,260.0
20170124,19,SO2,泸州,27.0
20170124,19,SO2_24h,泸州,23.0
20170124,19,NO2,泸州,62.0
20170124,19,NO2_24h,泸州,42.0
20170124,19,O3,泸州,29.0
20170124,19,O3_24h,泸州,96.0
20170124,19,O3_8h,泸州,43.0
20170124,19,O3_8h_24h,泸州,43.0
20170124,19,CO,泸州,1.03
20170124,19,CO_24h,泸州,1.13
20170124,20,AQI,泸州,254.0
20170124,20,PM2.5,泸州,204.0
20170124,20,PM2.5_24h,泸州,206.0
20170124,20,PM10,泸州,254.0
20170124,20,PM10_24h,泸州,261.0
20170124,20,SO2,泸州,28.0
20170124,20,SO2_24h,泸州,23.0
20170124,20,NO2,泸州,69.0
20170124,20,NO2_24h,泸州,44.0
20170124,20,O3,泸州,12.0
20170124,20,O3_24h,泸州,96.0
20170124,20,O3_8h,泸州,43.0
20170124,20,O3_8h_24h,泸州,44.0
20170124,20,CO,泸州,1.17
20170124,20,CO_24h,泸州,1.13
20170124,21,AQI,泸州,274.0
20170124,21,PM2.5,泸州,224.0
20170124,21,PM2.5_24h,泸州,208.0
20170124,21,PM10,泸州,291.0
20170124,21,PM10_24h,泸州,263.0
20170124,21,SO2,泸州,34.0
20170124,21,SO2_24h,泸州,24.0
20170124,21,NO2,泸州,67.0
20170124,21,NO2_24h,泸州,44.0
20170124,21,O3,泸州,8.0
20170124,21,O3_24h,泸州,96.0
20170124,21,O3_8h,泸州,36.0
20170124,21,O3_8h_24h,泸州,44.0
20170124,21,CO,泸州,1.23
20170124,21,CO_24h,泸州,1.13
20170124,22,AQI,泸州,287.0
20170124,22,PM2.5,泸州,237.0
20170124,22,PM2.5_24h,泸州,209.0
20170124,22,PM10,泸州,300.0
20170124,22,PM10_24h,泸州,264.0
20170124,22,SO2,泸州,31.0
20170124,22,SO2_24h,泸州,24.0
20170124,22,NO2,泸州,61.0
20170124,22,NO2_24h,泸州,44.0
20170124,22,O3,泸州,8.0
20170124,22,O3_24h,泸州,96.0
20170124,22,O3_8h,泸州,33.0
20170124,22,O3_8h_24h,泸州,44.0
20170124,22,CO,泸州,1.23
20170124,22,CO_24h,泸州,1.13
20170124,23,AQI,泸州,272.0
20170124,23,PM2.5,泸州,222.0
20170124,23,PM2.5_24h,泸州,209.0
20170124,23,PM10,泸州,292.0
20170124,23,PM10_24h,泸州,265.0
20170124,23,SO2,泸州,23.0
20170124,23,SO2_24h,泸州,25.0
20170124,23,NO2,泸州,56.0
20170124,23,NO2_24h,泸州,44.0
20170124,23,O3,泸州,8.0
20170124,23,O3_24h,泸州,96.0
20170124,23,O3_8h,泸州,28.0
20170124,23,O3_8h_24h,泸州,44.0
20170124,23,CO,泸州,1.23
20170124,23,CO_24h,泸州,1.13
20170124,0,AQI,自贡,230.0
20170124,0,PM2.5,自贡,180.0
20170124,0,PM2.5_24h,自贡,215.0
20170124,0,PM10,自贡,214.0
20170124,0,PM10_24h,自贡,254.0
20170124,0,SO2,自贡,36.0
20170124,0,SO2_24h,自贡,31.0
20170124,0,NO2,自贡,55.0
20170124,0,NO2_24h,自贡,60.0
20170124,0,O3,自贡,34.0
20170124,0,O3_24h,自贡,44.0
20170124,0,O3_8h,自贡,30.0
20170124,0,O3_8h_24h,自贡,32.0
20170124,0,CO,自贡,1.35
20170124,0,CO_24h,自贡,1.5
20170124,1,AQI,自贡,221.0
20170124,1,PM2.5,自贡,171.0
20170124,1,PM2.5_24h,自贡,213.0
20170124,1,PM10,自贡,200.0
20170124,1,PM10_24h,自贡,253.0
20170124,1,SO2,自贡,34.0
20170124,1,SO2_24h,自贡,31.0
20170124,1,NO2,自贡,48.0
20170124,1,NO2_24h,自贡,59.0
20170124,1,O3,自贡,39.0
20170124,1,O3_24h,自贡,44.0
20170124,1,O3_8h,自贡,39.0
20170124,1,O3_8h_24h,自贡,39.0
20170124,1,CO,自贡,1.25
20170124,1,CO_24h,自贡,1.5
20170124,2,AQI,自贡,207.0
20170124,2,PM2.5,自贡,157.0
20170124,2,PM2.5_24h,自贡,212.0
20170124,2,PM10,自贡,189.0
20170124,2,PM10_24h,自贡,251.0
20170124,2,SO2,自贡,29.0
20170124,2,SO2_24h,自贡,31.0
20170124,2,NO2,自贡,53.0
20170124,2,NO2_24h,自贡,59.0
20170124,2,O3,自贡,35.0
20170124,2,O3_24h,自贡,44.0
20170124,2,O3_8h,自贡,37.0
20170124,2,O3_8h_24h,自贡,39.0
20170124,2,CO,自贡,1.25
20170124,2,CO_24h,自贡,1.5
20170124,3,AQI,自贡,193.0
20170124,3,PM2.5,自贡,145.0
20170124,3,PM2.5_24h,自贡,210.0
20170124,3,PM10,自贡,183.0
20170124,3,PM10_24h,自贡,250.0
20170124,3,SO2,自贡,25.0
20170124,3,SO2_24h,自贡,31.0
20170124,3,NO2,自贡,43.0
20170124,3,NO2_24h,自贡,59.0
20170124,3,O3,自贡,44.0
20170124,3,O3_24h,自贡,47.0
20170124,3,O3_8h,自贡,40.0
20170124,3,O3_8h_24h,自贡,40.0
20170124,3,CO,自贡,1.15
20170124,3,CO_24h,自贡,1.45
20170124,4,AQI,自贡,193.0
20170124,4,PM2.5,自贡,145.0
20170124,4,PM2.5_24h,自贡,209.0
20170124,4,PM10,自贡,179.0
20170124,4,PM10_24h,自贡,249.0
20170124,4,SO2,自贡,25.0
20170124,4,SO2_24h,自贡,31.0
20170124,4,NO2,自贡,43.0
20170124,4,NO2_24h,自贡,59.0
20170124,4,O3,自贡,37.0
20170124,4,O3_24h,自贡,47.0
20170124,4,O3_8h,自贡,39.0
20170124,4,O3_8h_24h,自贡,40.0
20170124,4,CO,自贡,1.15
20170124,4,CO_24h,自贡,1.45
20170124,5,AQI,自贡,191.0
20170124,5,PM2.5,自贡,144.0
20170124,5,PM2.5_24h,自贡,207.0
20170124,5,PM10,自贡,172.0
20170124,5,PM10_24h,自贡,248.0
20170124,5,SO2,自贡,24.0
20170124,5,SO2_24h,自贡,31.0
20170124,5,NO2,自贡,49.0
20170124,5,NO2_24h,自贡,59.0
20170124,5,O3,自贡,31.0
20170124,5,O3_24h,自贡,47.0
20170124,5,O3_8h,自贡,37.0
20170124,5,O3_8h_24h,自贡,40.0
20170124,5,CO,自贡,1.2
20170124,5,CO_24h,自贡,1.45
20170124,6,AQI,自贡,187.0
20170124,6,PM2.5,自贡,141.0
20170124,6,PM2.5_24h,自贡,205.0
20170124,6,PM10,自贡,163.0
20170124,6,PM10_24h,自贡,245.0
20170124,6,SO2,自贡,26.0
20170124,6,SO2_24h,自贡,31.0
20170124,6,NO2,自贡,57.0
20170124,6,NO2_24h,自贡,59.0
20170124,6,O3,自贡,24.0
20170124,6,O3_24h,自贡,47.0
20170124,6,O3_8h,自贡,35.0
20170124,6,O3_8h_24h,自贡,40.0
20170124,6,CO,自贡,1.3
20170124,6,CO_24h,自贡,1.45
20170124,7,AQI,自贡,191.0
20170124,7,PM2.5,自贡,144.0
20170124,7,PM2.5_24h,自贡,202.0
20170124,7,PM10,自贡,164.0
20170124,7,PM10_24h,自贡,242.0
20170124,7,SO2,自贡,32.0
20170124,7,SO2_24h,自贡,31.0
20170124,7,NO2,自贡,58.0
20170124,7,NO2_24h,自贡,59.0
20170124,7,O3,自贡,22.0
20170124,7,O3_24h,自贡,47.0
20170124,7,O3_8h,自贡,33.0
20170124,7,O3_8h_24h,自贡,40.0
20170124,7,CO,自贡,1.35
20170124,7,CO_24h,自贡,1.45
20170124,8,AQI,自贡,223.0
20170124,8,PM2.5,自贡,173.0
20170124,8,PM2.5_24h,自贡,201.0
20170124,8,PM10,自贡,196.0
20170124,8,PM10_24h,自贡,241.0
20170124,8,SO2,自贡,29.0
20170124,8,SO2_24h,自贡,31.0
20170124,8,NO2,自贡,66.0
20170124,8,NO2_24h,自贡,59.0
20170124,8,O3,自贡,16.0
20170124,8,O3_24h,自贡,47.0
20170124,8,O3_8h,自贡,31.0
20170124,8,O3_8h_24h,自贡,40.0
20170124,8,CO,自贡,1.45
20170124,8,CO_24h,自贡,1.45
20170124,9,AQI,自贡,232.0
20170124,9,PM2.5,自贡,182.0
20170124,9,PM2.5_24h,自贡,201.0
20170124,9,PM10,自贡,212.0
20170124,9,PM10_24h,自贡,241.0
20170124,9,SO2,自贡,30.0
20170124,9,SO2_24h,自贡,32.0
20170124,9,NO2,自贡,70.0
20170124,9,NO2_24h,自贡,60.0
20170124,9,O3,自贡,21.0
20170124,9,O3_24h,自贡,47.0
20170124,9,O3_8h,自贡,29.0
20170124,9,O3_8h_24h,自贡,40.0
20170124,9,CO,自贡,1.65
20170124,9,CO_24h,自贡,1.45
20170124,10,AQI,自贡,232.0
20170124,10,PM2.5,自贡,182.0
20170124,10,PM2.5_24h,自贡,200.0
20170124,10,PM10,自贡,211.0
20170124,10,PM10_24h,自贡,240.0
20170124,10,SO2,自贡,34.0
20170124,10,SO2_24h,自贡,32.0
20170124,10,NO2,自贡,72.0
20170124,10,NO2_24h,自贡,60.0
20170124,10,O3,自贡,22.0
20170124,10,O3_24h,自贡,47.0
20170124,10,O3_8h,自贡,27.0
20170124,10,O3_8h_24h,自贡,40.0
20170124,10,CO,自贡,1.6
20170124,10,CO_24h,自贡,1.45
20170124,11,AQI,自贡,225.0
20170124,11,PM2.5,自贡,175.0
20170124,11,PM2.5_24h,自贡,199.0
20170124,11,PM10,自贡,203.0
20170124,11,PM10_24h,自贡,238.0
20170124,11,SO2,自贡,41.0
20170124,11,SO2_24h,自贡,32.0
20170124,11,NO2,自贡,78.0
20170124,11,NO2_24h,自贡,61.0
20170124,11,O3,自贡,24.0
20170124,11,O3_24h,自贡,47.0
20170124,11,O3_8h,自贡,25.0
20170124,11,O3_8h_24h,自贡,40.0
20170124,11,CO,自贡,1.55
20170124,11,CO_24h,自贡,1.45
20170124,12,AQI,自贡,225.0
20170124,12,PM2.5,自贡,175.0
20170124,12,PM2.5_24h,自贡,197.0
20170124,12,PM10,自贡,205.0
20170124,12,PM10_24h,自贡,236.0
20170124,12,SO2,自贡,34.0
20170124,12,SO2_24h,自贡,32.0
20170124,12,NO2,自贡,73.0
20170124,12,NO2_24h,自贡,61.0
20170124,12,O3,自贡,35.0
20170124,12,O3_24h,自贡,47.0
20170124,12,O3_8h,自贡,24.0
20170124,12,O3_8h_24h,自贡,40.0
20170124,12,CO,自贡,1.45
20170124,12,CO_24h,自贡,1.45
20170124,13,AQI,自贡,204.0
20170124,13,PM2.5,自贡,154.0
20170124,13,PM2.5_24h,自贡,194.0
20170124,13,PM10,自贡,198.0
20170124,13,PM10_24h,自贡,233.0
20170124,13,SO2,自贡,25.0
20170124,13,SO2_24h,自贡,31.0
20170124,13,NO2,自贡,47.0
20170124,13,NO2_24h,自贡,61.0
20170124,13,O3,自贡,78.0
20170124,13,O3_24h,自贡,78.0
20170124,13,O3_8h,自贡,30.0
20170124,13,O3_8h_24h,自贡,40.0
20170124,13,CO,自贡,1.2
20170124,13,CO_24h,自贡,1.45
20170124,14,AQI,自贡,139.0
20170124,14,PM2.5,自贡,106.0
20170124,14,PM2.5_24h,自贡,188.0
20170124,14,PM10,自贡,142.0
20170124,14,PM10_24h,自贡,225.0
20170124,14,SO2,自贡,25.0
20170124,14,SO2_24h,自贡,30.0
20170124,14,NO2,自贡,51.0
20170124,14,NO2_24h,自贡,60.0
20170124,14,O3,自贡,83.0
20170124,14,O3_24h,自贡,83.0
20170124,14,O3_8h,自贡,38.0
20170124,14,O3_8h_24h,自贡,40.0
20170124,14,CO,自贡,1.15
20170124,14,CO_24h,自贡,1.45
20170124,15,AQI,自贡,157.0
20170124,15,PM2.5,自贡,120.0
20170124,15,PM2.5_24h,自贡,183.0
20170124,15,PM10,自贡,151.0
20170124,15,PM10_24h,自贡,219.0
20170124,15,SO2,自贡,22.0
20170124,15,SO2_24h,自贡,30.0
20170124,15,NO2,自贡,40.0
20170124,15,NO2_24h,自贡,60.0
20170124,15,O3,自贡,102.0
20170124,15,O3_24h,自贡,102.0
20170124,15,O3_8h,自贡,48.0
20170124,15,O3_8h_24h,自贡,48.0
20170124,15,CO,自贡,1.05
20170124,15,CO_24h,自贡,1.35
20170124,16,AQI,自贡,146.0
20170124,16,PM2.5,自贡,112.0
20170124,16,PM2.5_24h,自贡,177.0
20170124,16,PM10,自贡,155.0
20170124,16,PM10_24h,自贡,213.0
20170124,16,SO2,自贡,19.0
20170124,16,SO2_24h,自贡,29.0
20170124,16,NO2,自贡,25.0
20170124,16,NO2_24h,自贡,59.0
20170124,16,O3,自贡,121.0
20170124,16,O3_24h,自贡,121.0
20170124,16,O3_8h,自贡,61.0
20170124,16,O3_8h_24h,自贡,61.0
20170124,16,CO,自贡,0.95
20170124,16,CO_24h,自贡,1.35
20170124,17,AQI,自贡,130.0
20170124,17,PM2.5,自贡,99.0
20170124,17,PM2.5_24h,自贡,171.0
20170124,17,PM10,自贡,124.0
20170124,17,PM10_24h,自贡,206.0
20170124,17,SO2,自贡,19.0
20170124,17,SO2_24h,自贡,28.0
20170124,17,NO2,自贡,28.0
20170124,17,NO2_24h,自贡,58.0
20170124,17,O3,自贡,116.0
20170124,17,O3_24h,自贡,121.0
20170124,17,O3_8h,自贡,73.0
20170124,17,O3_8h_24h,自贡,73.0
20170124,17,CO,自贡,0.95
20170124,17,CO_24h,自贡,1.35
20170124,18,AQI,自贡,124.0
20170124,18,PM2.5,自贡,94.0
20170124,18,PM2.5_24h,自贡,165.0
20170124,18,PM10,自贡,115.0
20170124,18,PM10_24h,自贡,199.0
20170124,18,SO2,自贡,21.0
20170124,18,SO2_24h,自贡,28.0
20170124,18,NO2,自贡,41.0
20170124,18,NO2_24h,自贡,57.0
20170124,18,O3,自贡,97.0
20170124,18,O3_24h,自贡,121.0
20170124,18,O3_8h,自贡,82.0
20170124,18,O3_8h_24h,自贡,82.0
20170124,18,CO,自贡,1.1
20170124,18,CO_24h,自贡,1.35
20170124,19,AQI,自贡,144.0
20170124,19,PM2.5,自贡,110.0
20170124,19,PM2.5_24h,自贡,159.0
20170124,19,PM10,自贡,129.0
20170124,19,PM10_24h,自贡,192.0
20170124,19,SO2,自贡,22.0
20170124,19,SO2_24h,自贡,28.0
20170124,19,NO2,自贡,63.0
20170124,19,NO2_24h,自贡,56.0
20170124,19,O3,自贡,73.0
20170124,19,O3_24h,自贡,121.0
20170124,19,O3_8h,自贡,88.0
20170124,19,O3_8h_24h,自贡,88.0
20170124,19,CO,自贡,1.2
20170124,19,CO_24h,自贡,1.3
20170124,20,AQI,自贡,148.0
20170124,20,PM2.5,自贡,113.0
20170124,20,PM2.5_24h,自贡,154.0
20170124,20,PM10,自贡,148.0
20170124,20,PM10_24h,自贡,187.0
20170124,20,SO2,自贡,20.0
20170124,20,SO2_24h,自贡,27.0
20170124,20,NO2,自贡,57.0
20170124,20,NO2_24h,自贡,56.0
20170124,20,O3,自贡,65.0
20170124,20,O3_24h,自贡,121.0
20170124,20,O3_8h,自贡,92.0
20170124,20,O3_8h_24h,自贡,92.0
20170124,20,CO,自贡,1.2
20170124,20,CO_24h,自贡,1.3
20170124,21,AQI,自贡,157.0
20170124,21,PM2.5,自贡,120.0
20170124,21,PM2.5_24h,自贡,149.0
20170124,21,PM10,自贡,143.0
20170124,21,PM10_24h,自贡,180.0
20170124,21,SO2,自贡,20.0
20170124,21,SO2_24h,自贡,27.0
20170124,21,NO2,自贡,78.0
20170124,21,NO2_24h,自贡,56.0
20170124,21,O3,自贡,40.0
20170124,21,O3_24h,自贡,121.0
20170124,21,O3_8h,自贡,87.0
20170124,21,O3_8h_24h,自贡,92.0
20170124,21,CO,自贡,1.4
20170124,21,CO_24h,自贡,1.3
20170124,22,AQI,自贡,194.0
20170124,22,PM2.5,自贡,146.0
20170124,22,PM2.5_24h,自贡,146.0
20170124,22,PM10,自贡,166.0
20170124,22,PM10_24h,自贡,176.0
20170124,22,SO2,自贡,19.0
20170124,22,SO2_24h,自贡,27.0
20170124,22,NO2,自贡,98.0
20170124,22,NO2_24h,自贡,56.0
20170124,22,O3,自贡,21.0
20170124,22,O3_24h,自贡,121.0
20170124,22,O3_8h,自贡,79.0
20170124,22,O3_8h_24h,自贡,92.0
20170124,22,CO,自贡,1.85
20170124,22,CO_24h,自贡,1.3
20170124,23,AQI,自贡,184.0
20170124,23,PM2.5,自贡,139.0
20170124,23,PM2.5_24h,自贡,143.0
20170124,23,PM10,自贡,210.0
20170124,23,PM10_24h,自贡,173.0
20170124,23,SO2,自贡,20.0
20170124,23,SO2_24h,自贡,26.0
20170124,23,NO2,自贡,106.0
20170124,23,NO2_24h,自贡,58.0
20170124,23,O3,自贡,17.0
20170124,23,O3_24h,自贡,121.0
20170124,23,O3_8h,自贡,69.0
20170124,23,O3_8h_24h,自贡,92.0
20170124,23,CO,自贡,2.15
20170124,23,CO_24h,自贡,1.3
20170124,0,AQI,德阳,207.0
20170124,0,PM2.5,德阳,157.0
20170124,0,PM2.5_24h,德阳,177.0
20170124,0,PM10,德阳,218.0
20170124,0,PM10_24h,德阳,244.0
20170124,0,SO2,德阳,7.0
20170124,0,SO2_24h,德阳,11.0
20170124,0,NO2,德阳,37.0
20170124,0,NO2_24h,德阳,44.0
20170124,0,O3,德阳,24.0
20170124,0,O3_24h,德阳,85.0
20170124,0,O3_8h,德阳,54.0
20170124,0,O3_8h_24h,德阳,66.0
20170124,0,CO,德阳,1.25
20170124,0,CO_24h,德阳,1.5
20170124,1,AQI,德阳,228.0
20170124,1,PM2.5,德阳,178.0
20170124,1,PM2.5_24h,德阳,176.0
20170124,1,PM10,德阳,233.0
20170124,1,PM10_24h,德阳,242.0
20170124,1,SO2,德阳,7.0
20170124,1,SO2_24h,德阳,11.0
20170124,1,NO2,德阳,37.0
20170124,1,NO2_24h,德阳,43.0
20170124,1,O3,德阳,21.0
20170124,1,O3_24h,德阳,85.0
20170124,1,O3_8h,德阳,21.0
20170124,1,O3_8h_24h,德阳,21.0
20170124,1,CO,德阳,1.28
20170124,1,CO_24h,德阳,1.48
20170124,2,AQI,德阳,239.0
20170124,2,PM2.5,德阳,189.0
20170124,2,PM2.5_24h,德阳,176.0
20170124,2,PM10,德阳,242.0
20170124,2,PM10_24h,德阳,242.0
20170124,2,SO2,德阳,7.0
20170124,2,SO2_24h,德阳,11.0
20170124,2,NO2,德阳,34.0
20170124,2,NO2_24h,德阳,42.0
20170124,2,O3,德阳,26.0
20170124,2,O3_24h,德阳,85.0
20170124,2,O3_8h,德阳,24.0
20170124,2,O3_8h_24h,德阳,24.0
20170124,2,CO,德阳,1.23
20170124,2,CO_24h,德阳,1.48
20170124,3,AQI,德阳,228.0
20170124,3,PM2.5,德阳,178.0
20170124,3,PM2.5_24h,德阳,176.0
20170124,3,PM10,德阳,234.0
20170124,3,PM10_24h,德阳,241.0
20170124,3,SO2,德阳,7.0
20170124,3,SO2_24h,德阳,11.0
20170124,3,NO2,德阳,29.0
20170124,3,NO2_24h,德阳,42.0
20170124,3,O3,德阳,33.0
20170124,3,O3_24h,德阳,85.0
20170124,3,O3_8h,德阳,27.0
20170124,3,O3_8h_24h,德阳,27.0
20170124,3,CO,德阳,1.15
20170124,3,CO_24h,德阳,1.48
20170124,4,AQI,德阳,207.0
20170124,4,PM2.5,德阳,157.0
20170124,4,PM2.5_24h,德阳,175.0
20170124,4,PM10,德阳,214.0
20170124,4,PM10_24h,德阳,239.0
20170124,4,SO2,德阳,7.0
20170124,4,SO2_24h,德阳,11.0
20170124,4,NO2,德阳,28.0
20170124,4,NO2_24h,德阳,41.0
20170124,4,O3,德阳,33.0
20170124,4,O3_24h,德阳,85.0
20170124,4,O3_8h,德阳,28.0
20170124,4,O3_8h_24h,德阳,29.0
20170124,4,CO,德阳,1.13
20170124,4,CO_24h,德阳,1.45
20170124,5,AQI,德阳,203.0
20170124,5,PM2.5,德阳,153.0
20170124,5,PM2.5_24h,德阳,174.0
20170124,5,PM10,德阳,200.0
20170124,5,PM10_24h,德阳,237.0
20170124,5,SO2,德阳,6.0
20170124,5,SO2_24h,德阳,11.0
20170124,5,NO2,德阳,28.0
20170124,5,NO2_24h,德阳,40.0
20170124,5,O3,德阳,31.0
20170124,5,O3_24h,德阳,85.0
20170124,5,O3_8h,德阳,29.0
20170124,5,O3_8h_24h,德阳,29.0
20170124,5,CO,德阳,1.1
20170124,5,CO_24h,德阳,1.43
20170124,6,AQI,德阳,200.0
20170124,6,PM2.5,德阳,150.0
20170124,6,PM2.5_24h,德阳,172.0
20170124,6,PM10,德阳,201.0
20170124,6,PM10_24h,德阳,233.0
20170124,6,SO2,德阳,7.0
20170124,6,SO2_24h,德阳,11.0
20170124,6,NO2,德阳,25.0
20170124,6,NO2_24h,德阳,40.0
20170124,6,O3,德阳,35.0
20170124,6,O3_24h,德阳,85.0
20170124,6,O3_8h,德阳,30.0
20170124,6,O3_8h_24h,德阳,30.0
20170124,6,CO,德阳,1.08
20170124,6,CO_24h,德阳,1.43
20170124,7,AQI,德阳,189.0
20170124,7,PM2.5,德阳,142.0
20170124,7,PM2.5_24h,德阳,171.0
20170124,7,PM10,德阳,188.0
20170124,7,PM10_24h,德阳,231.0
20170124,7,SO2,德阳,6.0
20170124,7,SO2_24h,德阳,11.0
20170124,7,NO2,德阳,31.0
20170124,7,NO2_24h,德阳,39.0
20170124,7,O3,德阳,31.0
20170124,7,O3_24h,德阳,85.0
20170124,7,O3_8h,德阳,30.0
20170124,7,O3_8h_24h,德阳,31.0
20170124,7,CO,德阳,1.1
20170124,7,CO_24h,德阳,1.43
20170124,8,AQI,德阳,181.0
20170124,8,PM2.5,德阳,137.0
20170124,8,PM2.5_24h,德阳,169.0
20170124,8,PM10,德阳,173.0
20170124,8,PM10_24h,德阳,228.0
20170124,8,SO2,德阳,7.0
20170124,8,SO2_24h,德阳,11.0
20170124,8,NO2,德阳,38.0
20170124,8,NO2_24h,德阳,39.0
20170124,8,O3,德阳,26.0
20170124,8,O3_24h,德阳,85.0
20170124,8,O3_8h,德阳,30.0
20170124,8,O3_8h_24h,德阳,32.0
20170124,8,CO,德阳,1.2
20170124,8,CO_24h,德阳,1.4
20170124,9,AQI,德阳,187.0
20170124,9,PM2.5,德阳,141.0
20170124,9,PM2.5_24h,德阳,167.0
20170124,9,PM10,德阳,193.0
20170124,9,PM10_24h,德阳,226.0
20170124,9,SO2,德阳,7.0
20170124,9,SO2_24h,德阳,11.0
20170124,9,NO2,德阳,51.0
20170124,9,NO2_24h,德阳,40.0
20170124,9,O3,德阳,7.0
20170124,9,O3_24h,德阳,85.0
20170124,9,O3_8h,德阳,28.0
20170124,9,O3_8h_24h,德阳,32.0
20170124,9,CO,德阳,1.45
20170124,9,CO_24h,德阳,1.35
20170124,10,AQI,德阳,196.0
20170124,10,PM2.5,德阳,147.0
20170124,10,PM2.5_24h,德阳,166.0
20170124,10,PM10,德阳,202.0
20170124,10,PM10_24h,德阳,224.0
20170124,10,SO2,德阳,9.0
20170124,10,SO2_24h,德阳,11.0
20170124,10,NO2,德阳,49.0
20170124,10,NO2_24h,德阳,40.0
20170124,10,O3,德阳,6.0
20170124,10,O3_24h,德阳,85.0
20170124,10,O3_8h,德阳,25.0
20170124,10,O3_8h_24h,德阳,32.0
20170124,10,CO,德阳,1.57
20170124,10,CO_24h,德阳,1.37
20170124,11,AQI,德阳,202.0
20170124,11,PM2.5,德阳,152.0
20170124,11,PM2.5_24h,德阳,164.0
20170124,11,PM10,德阳,219.0
20170124,11,PM10_24h,德阳,223.0
20170124,11,SO2,德阳,15.0
20170124,11,SO2_24h,德阳,11.0
20170124,11,NO2,德阳,50.0
20170124,11,NO2_24h,德阳,40.0
20170124,11,O3,德阳,14.0
20170124,11,O3_24h,德阳,85.0
20170124,11,O3_8h,德阳,23.0
20170124,11,O3_8h_24h,德阳,32.0
20170124,11,CO,德阳,1.55
20170124,11,CO_24h,德阳,1.32
20170124,12,AQI,德阳,231.0
20170124,12,PM2.5,德阳,181.0
20170124,12,PM2.5_24h,德阳,163.0
20170124,12,PM10,德阳,238.0
20170124,12,PM10_24h,德阳,220.0
20170124,12,SO2,德阳,21.0
20170124,12,SO2_24h,德阳,11.0
20170124,12,NO2,德阳,45.0
20170124,12,NO2_24h,德阳,39.0
20170124,12,O3,德阳,35.0
20170124,12,O3_24h,德阳,85.0
20170124,12,O3_8h,德阳,23.0
20170124,12,O3_8h_24h,德阳,32.0
20170124,12,CO,德阳,1.38
20170124,12,CO_24h,德阳,1.3
20170124,13,AQI,德阳,227.0
20170124,13,PM2.5,德阳,177.0
20170124,13,PM2.5_24h,德阳,160.0
20170124,13,PM10,德阳,234.0
20170124,13,PM10_24h,德阳,216.0
20170124,13,SO2,德阳,23.0
20170124,13,SO2_24h,德阳,11.0
20170124,13,NO2,德阳,39.0
20170124,13,NO2_24h,德阳,38.0
20170124,13,O3,德阳,57.0
20170124,13,O3_24h,德阳,85.0
20170124,13,O3_8h,德阳,26.0
20170124,13,O3_8h_24h,德阳,32.0
20170124,13,CO,德阳,1.2
20170124,13,CO_24h,德阳,1.25
20170124,14,AQI,德阳,187.0
20170124,14,PM2.5,德阳,141.0
20170124,14,PM2.5_24h,德阳,156.0
20170124,14,PM10,德阳,196.0
20170124,14,PM10_24h,德阳,210.0
20170124,14,SO2,德阳,20.0
20170124,14,SO2_24h,德阳,10.0
20170124,14,NO2,德阳,28.0
20170124,14,NO2_24h,德阳,36.0
20170124,14,O3,德阳,87.0
20170124,14,O3_24h,德阳,87.0
20170124,14,O3_8h,德阳,33.0
20170124,14,O3_8h_24h,德阳,34.0
20170124,14,CO,德阳,1.05
20170124,14,CO_24h,德阳,1.25
20170124,15,AQI,德阳,196.0
20170124,15,PM2.5,德阳,147.0
20170124,15,PM2.5_24h,德阳,153.0
20170124,15,PM10,德阳,191.0
20170124,15,PM10_24h,德阳,207.0
20170124,15,SO2,德阳,15.0
20170124,15,SO2_24h,德阳,10.0
20170124,15,NO2,德阳,21.0
20170124,15,NO2_24h,德阳,35.0
20170124,15,O3,德阳,105.0
20170124,15,O3_24h,德阳,105.0
20170124,15,O3_8h,德阳,42.0
20170124,15,O3_8h_24h,德阳,42.0
20170124,15,CO,德阳,0.95
20170124,15,CO_24h,德阳,1.2
20170124,16,AQI,德阳,167.0
20170124,16,PM2.5,德阳,127.0
20170124,16,PM2.5_24h,德阳,152.0
20170124,16,PM10,德阳,178.0
20170124,16,PM10_24h,德阳,206.0
20170124,16,SO2,德阳,16.0
20170124,16,SO2_24h,德阳,10.0
20170124,16,NO2,德阳,26.0
20170124,16,NO2_24h,德阳,35.0
20170124,16,O3,德阳,111.0
20170124,16,O3_24h,德阳,111.0
20170124,16,O3_8h,德阳,53.0
20170124,16,O3_8h_24h,德阳,53.0
20170124,16,CO,德阳,0.98
20170124,16,CO_24h,德阳,1.2
20170124,17,AQI,德阳,179.0
20170124,17,PM2.5,德阳,135.0
20170124,17,PM2.5_24h,德阳,152.0
20170124,17,PM10,德阳,190.0
20170124,17,PM10_24h,德阳,206.0
20170124,17,SO2,德阳,16.0
20170124,17,SO2_24h,德阳,11.0
20170124,17,NO2,德阳,31.0
20170124,17,NO2_24h,德阳,35.0
20170124,17,O3,德阳,112.0
20170124,17,O3_24h,德阳,112.0
20170124,17,O3_8h,德阳,66.0
20170124,17,O3_8h_24h,德阳,66.0
20170124,17,CO,德阳,1.0
20170124,17,CO_24h,德阳,1.2
20170124,18,AQI,德阳,176.0
20170124,18,PM2.5,德阳,133.0
20170124,18,PM2.5_24h,德阳,152.0
20170124,18,PM10,德阳,196.0
20170124,18,PM10_24h,德阳,206.0
20170124,18,SO2,德阳,15.0
20170124,18,SO2_24h,德阳,11.0
20170124,18,NO2,德阳,42.0
20170124,18,NO2_24h,德阳,35.0
20170124,18,O3,德阳,100.0
20170124,18,O3_24h,德阳,112.0
20170124,18,O3_8h,德阳,77.0
20170124,18,O3_8h_24h,德阳,77.0
20170124,18,CO,德阳,1.08
20170124,18,CO_24h,德阳,1.2
20170124,19,AQI,德阳,193.0
20170124,19,PM2.5,德阳,145.0
20170124,19,PM2.5_24h,德阳,151.0
20170124,19,PM10,德阳,187.0
20170124,19,PM10_24h,德阳,205.0
20170124,19,SO2,德阳,13.0
20170124,19,SO2_24h,德阳,11.0
20170124,19,NO2,德阳,63.0
20170124,19,NO2_24h,德阳,36.0
20170124,19,O3,德阳,66.0
20170124,19,O3_24h,德阳,112.0
20170124,19,O3_8h,德阳,84.0
20170124,19,O3_8h_24h,德阳,84.0
20170124,19,CO,德阳,1.3
20170124,19,CO_24h,德阳,1.2
20170124,20,AQI,德阳,201.0
20170124,20,PM2.5,德阳,151.0
20170124,20,PM2.5_24h,德阳,151.0
20170124,20,PM10,德阳,223.0
20170124,20,PM10_24h,德阳,205.0
20170124,20,SO2,德阳,11.0
20170124,20,SO2_24h,德阳,11.0
20170124,20,NO2,德阳,73.0
20170124,20,NO2_24h,德阳,38.0
20170124,20,O3,德阳,44.0
20170124,20,O3_24h,德阳,112.0
20170124,20,O3_8h,德阳,85.0
20170124,20,O3_8h_24h,德阳,85.0
20170124,20,CO,德阳,1.52
20170124,20,CO_24h,德阳,1.2
20170124,21,AQI,德阳,222.0
20170124,21,PM2.5,德阳,172.0
20170124,21,PM2.5_24h,德阳,153.0
20170124,21,PM10,德阳,263.0
20170124,21,PM10_24h,德阳,208.0
20170124,21,SO2,德阳,10.0
20170124,21,SO2_24h,德阳,11.0
20170124,21,NO2,德阳,62.0
20170124,21,NO2_24h,德阳,39.0
20170124,21,O3,德阳,44.0
20170124,21,O3_24h,德阳,112.0
20170124,21,O3_8h,德阳,83.0
20170124,21,O3_8h_24h,德阳,85.0
20170124,21,CO,德阳,1.43
20170124,21,CO_24h,德阳,1.23
20170124,22,AQI,德阳,232.0
20170124,22,PM2.5,德阳,182.0
20170124,22,PM2.5_24h,德阳,155.0
20170124,22,PM10,德阳,259.0
20170124,22,PM10_24h,德阳,211.0
20170124,22,SO2,德阳,12.0
20170124,22,SO2_24h,德阳,11.0
20170124,22,NO2,德阳,66.0
20170124,22,NO2_24h,德阳,40.0
20170124,22,O3,德阳,27.0
20170124,22,O3_24h,德阳,112.0
20170124,22,O3_8h,德阳,76.0
20170124,22,O3_8h_24h,德阳,85.0
20170124,22,CO,德阳,1.5
20170124,22,CO_24h,德阳,1.23
20170124,23,AQI,德阳,261.0
20170124,23,PM2.5,德阳,211.0
20170124,23,PM2.5_24h,德阳,158.0
20170124,23,PM10,德阳,283.0
20170124,23,PM10_24h,德阳,215.0
20170124,23,SO2,德阳,11.0
20170124,23,SO2_24h,德阳,11.0
20170124,23,NO2,德阳,60.0
20170124,23,NO2_24h,德阳,42.0
20170124,23,O3,德阳,26.0
20170124,23,O3_24h,德阳,112.0
20170124,23,O3_8h,德阳,66.0
20170124,23,O3_8h_24h,德阳,85.0
20170124,23,CO,德阳,1.48
20170124,23,CO_24h,德阳,1.23
20170124,0,AQI,南充,186.0
20170124,0,PM2.5,南充,140.0
20170124,0,PM2.5_24h,南充,112.0
20170124,0,PM10,南充,193.0
20170124,0,PM10_24h,南充,163.0
20170124,0,SO2,南充,6.0
20170124,0,SO2_24h,南充,6.0
20170124,0,NO2,南充,43.0
20170124,0,NO2_24h,南充,47.0
20170124,0,O3,南充,33.0
20170124,0,O3_24h,南充,46.0
20170124,0,O3_8h,南充,34.0
20170124,0,O3_8h_24h,南充,38.0
20170124,0,CO,南充,1.38
20170124,0,CO_24h,南充,1.32
20170124,1,AQI,南充,187.0
20170124,1,PM2.5,南充,141.0
20170124,1,PM2.5_24h,南充,113.0
20170124,1,PM10,南充,195.0
20170124,1,PM10_24h,南充,165.0
20170124,1,SO2,南充,8.0
20170124,1,SO2_24h,南充,6.0
20170124,1,NO2,南充,40.0
20170124,1,NO2_24h,南充,46.0
20170124,1,O3,南充,35.0
20170124,1,O3_24h,南充,44.0
20170124,1,O3_8h,南充,35.0
20170124,1,O3_8h_24h,南充,35.0
20170124,1,CO,南充,1.42
20170124,1,CO_24h,南充,1.32
20170124,2,AQI,南充,197.0
20170124,2,PM2.5,南充,148.0
20170124,2,PM2.5_24h,南充,115.0
20170124,2,PM10,南充,198.0
20170124,2,PM10_24h,南充,167.0
20170124,2,SO2,南充,8.0
20170124,2,SO2_24h,南充,6.0
20170124,2,NO2,南充,38.0
20170124,2,NO2_24h,南充,45.0
20170124,2,O3,南充,33.0
20170124,2,O3_24h,南充,44.0
20170124,2,O3_8h,南充,34.0
20170124,2,O3_8h_24h,南充,35.0
20170124,2,CO,南充,1.38
20170124,2,CO_24h,南充,1.32
20170124,3,AQI,南充,201.0
20170124,3,PM2.5,南充,151.0
20170124,3,PM2.5_24h,南充,118.0
20170124,3,PM10,南充,195.0
20170124,3,PM10_24h,南充,169.0
20170124,3,SO2,南充,6.0
20170124,3,SO2_24h,南充,6.0
20170124,3,NO2,南充,37.0
20170124,3,NO2_24h,南充,44.0
20170124,3,O3,南充,36.0
20170124,3,O3_24h,南充,44.0
20170124,3,O3_8h,南充,34.0
20170124,3,O3_8h_24h,南充,35.0
20170124,3,CO,南充,1.34
20170124,3,CO_24h,南充,1.32
20170124,4,AQI,南充,191.0
20170124,4,PM2.5,南充,144.0
20170124,4,PM2.5_24h,南充,120.0
20170124,4,PM10,南充,185.0
20170124,4,PM10_24h,南充,171.0
20170124,4,SO2,南充,8.0
20170124,4,SO2_24h,南充,6.0
20170124,4,NO2,南充,34.0
20170124,4,NO2_24h,南充,43.0
20170124,4,O3,南充,37.0
20170124,4,O3_24h,南充,44.0
20170124,4,O3_8h,南充,35.0
20170124,4,O3_8h_24h,南充,35.0
20170124,4,CO,南充,1.28
20170124,4,CO_24h,南充,1.32
20170124,5,AQI,南充,179.0
20170124,5,PM2.5,南充,135.0
20170124,5,PM2.5_24h,南充,122.0
20170124,5,PM10,南充,188.0
20170124,5,PM10_24h,南充,174.0
20170124,5,SO2,南充,8.0
20170124,5,SO2_24h,南充,6.0
20170124,5,NO2,南充,34.0
20170124,5,NO2_24h,南充,43.0
20170124,5,O3,南充,31.0
20170124,5,O3_24h,南充,44.0
20170124,5,O3_8h,南充,35.0
20170124,5,O3_8h_24h,南充,35.0
20170124,5,CO,南充,1.3
20170124,5,CO_24h,南充,1.34
20170124,6,AQI,南充,183.0
20170124,6,PM2.5,南充,138.0
20170124,6,PM2.5_24h,南充,124.0
20170124,6,PM10,南充,193.0
20170124,6,PM10_24h,南充,177.0
20170124,6,SO2,南充,6.0
20170124,6,SO2_24h,南充,6.0
20170124,6,NO2,南充,29.0
20170124,6,NO2_24h,南充,42.0
20170124,6,O3,南充,36.0
20170124,6,O3_24h,南充,44.0
20170124,6,O3_8h,南充,35.0
20170124,6,O3_8h_24h,南充,36.0
20170124,6,CO,南充,1.26
20170124,6,CO_24h,南充,1.36
20170124,7,AQI,南充,184.0
20170124,7,PM2.5,南充,139.0
20170124,7,PM2.5_24h,南充,126.0
20170124,7,PM10,南充,188.0
20170124,7,PM10_24h,南充,179.0
20170124,7,SO2,南充,7.0
20170124,7,SO2_24h,南充,6.0
20170124,7,NO2,南充,31.0
20170124,7,NO2_24h,南充,42.0
20170124,7,O3,南充,39.0
20170124,7,O3_24h,南充,45.0
20170124,7,O3_8h,南充,35.0
20170124,7,O3_8h_24h,南充,36.0
20170124,7,CO,南充,1.28
20170124,7,CO_24h,南充,1.36
20170124,8,AQI,南充,191.0
20170124,8,PM2.5,南充,144.0
20170124,8,PM2.5_24h,南充,128.0
20170124,8,PM10,南充,181.0
20170124,8,PM10_24h,南充,180.0
20170124,8,SO2,南充,8.0
20170124,8,SO2_24h,南充,6.0
20170124,8,NO2,南充,43.0
20170124,8,NO2_24h,南充,42.0
20170124,8,O3,南充,34.0
20170124,8,O3_24h,南充,45.0
20170124,8,O3_8h,南充,35.0
20170124,8,O3_8h_24h,南充,36.0
20170124,8,CO,南充,1.44
20170124,8,CO_24h,南充,1.36
20170124,9,AQI,南充,177.0
20170124,9,PM2.5,南充,134.0
20170124,9,PM2.5_24h,南充,129.0
20170124,9,PM10,南充,175.0
20170124,9,PM10_24h,南充,182.0
20170124,9,SO2,南充,7.0
20170124,9,SO2_24h,南充,6.0
20170124,9,NO2,南充,48.0
20170124,9,NO2_24h,南充,42.0
20170124,9,O3,南充,34.0
20170124,9,O3_24h,南充,45.0
20170124,9,O3_8h,南充,35.0
20170124,9,O3_8h_24h,南充,37.0
20170124,9,CO,南充,1.76
20170124,9,CO_24h,南充,1.38
20170124,10,AQI,南充,177.0
20170124,10,PM2.5,南充,134.0
20170124,10,PM2.5_24h,南充,131.0
20170124,10,PM10,南充,189.0
20170124,10,PM10_24h,南充,184.0
20170124,10,SO2,南充,8.0
20170124,10,SO2_24h,南充,6.0
20170124,10,NO2,南充,52.0
20170124,10,NO2_24h,南充,42.0
20170124,10,O3,南充,36.0
20170124,10,O3_24h,南充,45.0
20170124,10,O3_8h,南充,35.0
20170124,10,O3_8h_24h,南充,37.0
20170124,10,CO,南充,1.97
20170124,10,CO_24h,南充,1.4
20170124,11,AQI,南充,179.0
20170124,11,PM2.5,南充,135.0
20170124,11,PM2.5_24h,南充,133.0
20170124,11,PM10,南充,200.0
20170124,11,PM10_24h,南充,186.0
20170124,11,SO2,南充,5.0
20170124,11,SO2_24h,南充,6.0
20170124,11,NO2,南充,53.0
20170124,11,NO2_24h,南充,43.0
20170124,11,O3,南充,40.0
20170124,11,O3_24h,南充,46.0
20170124,11,O3_8h,南充,36.0
20170124,11,O3_8h_24h,南充,37.0
20170124,11,CO,南充,1.92
20170124,11,CO_24h,南充,1.42
20170124,12,AQI,南充,196.0
20170124,12,PM2.5,南充,147.0
20170124,12,PM2.5_24h,南充,134.0
20170124,12,PM10,南充,212.0
20170124,12,PM10_24h,南充,189.0
20170124,12,SO2,南充,9.0
20170124,12,SO2_24h,南充,7.0
20170124,12,NO2,南充,42.0
20170124,12,NO2_24h,南充,42.0
20170124,12,O3,南充,54.0
20170124,12,O3_24h,南充,54.0
20170124,12,O3_8h,南充,38.0
20170124,12,O3_8h_24h,南充,39.0
20170124,12,CO,南充,1.58
20170124,12,CO_24h,南充,1.42
20170124,13,AQI,南充,203.0
20170124,13,PM2.5,南充,153.0
20170124,13,PM2.5_24h,南充,136.0
20170124,13,PM10,南充,211.0
20170124,13,PM10_24h,南充,191.0
20170124,13,SO2,南充,5.0
20170124,13,SO2_24h,南充,6.0
20170124,13,NO2,南充,30.0
20170124,13,NO2_24h,南充,42.0
20170124,13,O3,南充,69.0
20170124,13,O3_24h,南充,69.0
20170124,13,O3_8h,南充,43.0
20170124,13,O3_8h_24h,南充,43.0
20170124,13,CO,南充,1.38
20170124,13,CO_24h,南充,1.42
20170124,14,AQI,南充,194.0
20170124,14,PM2.5,南充,146.0
20170124,14,PM2.5_24h,南充,137.0
20170124,14,PM10,南充,209.0
20170124,14,PM10_24h,南充,191.0
20170124,14,SO2,南充,5.0
20170124,14,SO2_24h,南充,6.0
20170124,14,NO2,南充,25.0
20170124,14,NO2_24h,南充,41.0
20170124,14,O3,南充,81.0
20170124,14,O3_24h,南充,81.0
20170124,14,O3_8h,南充,48.0
20170124,14,O3_8h_24h,南充,48.0
20170124,14,CO,南充,1.24
20170124,14,CO_24h,南充,1.42
20170124,15,AQI,南充,184.0
20170124,15,PM2.5,南充,139.0
20170124,15,PM2.5_24h,南充,138.0
20170124,15,PM10,南充,190.0
20170124,15,PM10_24h,南充,192.0
20170124,15,SO2,南充,6.0
20170124,15,SO2_24h,南充,6.0
20170124,15,NO2,南充,24.0
20170124,15,NO2_24h,南充,39.0
20170124,15,O3,南充,88.0
20170124,15,O3_24h,南充,88.0
20170124,15,O3_8h,南充,55.0
20170124,15,O3_8h_24h,南充,55.0
20170124,15,CO,南充,1.18
20170124,15,CO_24h,南充,1.4
20170124,16,AQI,南充,159.0
20170124,16,PM2.5,南充,121.0
20170124,16,PM2.5_24h,南充,138.0
20170124,16,PM10,南充,179.0
20170124,16,PM10_24h,南充,191.0
20170124,16,SO2,南充,6.0
20170124,16,SO2_24h,南充,6.0
20170124,16,NO2,南充,24.0
20170124,16,NO2_24h,南充,38.0
20170124,16,O3,南充,101.0
20170124,16,O3_24h,南充,101.0
20170124,16,O3_8h,南充,63.0
20170124,16,O3_8h_24h,南充,63.0
20170124,16,CO,南充,1.12
20170124,16,CO_24h,南充,1.4
20170124,17,AQI,南充,149.0
20170124,17,PM2.5,南充,114.0
20170124,17,PM2.5_24h,南充,137.0
20170124,17,PM10,南充,165.0
20170124,17,PM10_24h,南充,191.0
20170124,17,SO2,南充,7.0
20170124,17,SO2_24h,南充,6.0
20170124,17,NO2,南充,27.0
20170124,17,NO2_24h,南充,38.0
20170124,17,O3,南充,99.0
20170124,17,O3_24h,南充,101.0
20170124,17,O3_8h,南充,71.0
20170124,17,O3_8h_24h,南充,71.0
20170124,17,CO,南充,1.14
20170124,17,CO_24h,南充,1.4
20170124,18,AQI,南充,145.0
20170124,18,PM2.5,南充,111.0
20170124,18,PM2.5_24h,南充,137.0
20170124,18,PM10,南充,172.0
20170124,18,PM10_24h,南充,191.0
20170124,18,SO2,南充,7.0
20170124,18,SO2_24h,南充,6.0
20170124,18,NO2,南充,51.0
20170124,18,NO2_24h,南充,39.0
20170124,18,O3,南充,79.0
20170124,18,O3_24h,南充,101.0
20170124,18,O3_8h,南充,76.0
20170124,18,O3_8h_24h,南充,76.0
20170124,18,CO,南充,1.28
20170124,18,CO_24h,南充,1.38
20170124,19,AQI,南充,167.0
20170124,19,PM2.5,南充,127.0
20170124,19,PM2.5_24h,南充,137.0
20170124,19,PM10,南充,167.0
20170124,19,PM10_24h,南充,190.0
20170124,19,SO2,南充,5.0
20170124,19,SO2_24h,南充,6.0
20170124,19,NO2,南充,70.0
20170124,19,NO2_24h,南充,40.0
20170124,19,O3,南充,51.0
20170124,19,O3_24h,南充,101.0
20170124,19,O3_8h,南充,78.0
20170124,19,O3_8h_24h,南充,78.0
20170124,19,CO,南充,1.46
20170124,19,CO_24h,南充,1.38
20170124,20,AQI,南充,170.0
20170124,20,PM2.5,南充,129.0
20170124,20,PM2.5_24h,南充,137.0
20170124,20,PM10,南充,192.0
20170124,20,PM10_24h,南充,190.0
20170124,20,SO2,南充,9.0
20170124,20,SO2_24h,南充,7.0
20170124,20,NO2,南充,56.0
20170124,20,NO2_24h,南充,40.0
20170124,20,O3,南充,60.0
20170124,20,O3_24h,南充,101.0
20170124,20,O3_8h,南充,79.0
20170124,20,O3_8h_24h,南充,79.0
20170124,20,CO,南充,1.36
20170124,20,CO_24h,南充,1.38
20170124,21,AQI,南充,200.0
20170124,21,PM2.5,南充,150.0
20170124,21,PM2.5_24h,南充,138.0
20170124,21,PM10,南充,211.0
20170124,21,PM10_24h,南充,191.0
20170124,21,SO2,南充,13.0
20170124,21,SO2_24h,南充,7.0
20170124,21,NO2,南充,52.0
20170124,21,NO2_24h,南充,41.0
20170124,21,O3,南充,52.0
20170124,21,O3_24h,南充,101.0
20170124,21,O3_8h,南充,76.0
20170124,21,O3_8h_24h,南充,79.0
20170124,21,CO,南充,1.34
20170124,21,CO_24h,南充,1.38
20170124,22,AQI,南充,213.0
20170124,22,PM2.5,南充,163.0
20170124,22,PM2.5_24h,南充,139.0
20170124,22,PM10,南充,227.0
20170124,22,PM10_24h,南充,192.0
20170124,22,SO2,南充,15.0
20170124,22,SO2_24h,南充,7.0
20170124,22,NO2,南充,59.0
20170124,22,NO2_24h,南充,41.0
20170124,22,O3,南充,43.0
20170124,22,O3_24h,南充,101.0
20170124,22,O3_8h,南充,72.0
20170124,22,O3_8h_24h,南充,79.0
20170124,22,CO,南充,1.44
20170124,22,CO_24h,南充,1.38
20170124,23,AQI,南充,216.0
20170124,23,PM2.5,南充,166.0
20170124,23,PM2.5_24h,南充,139.0
20170124,23,PM10,南充,234.0
20170124,23,PM10_24h,南充,194.0
20170124,23,SO2,南充,14.0
20170124,23,SO2_24h,南充,8.0
20170124,23,NO2,南充,67.0
20170124,23,NO2_24h,南充,42.0
20170124,23,O3,南充,38.0
20170124,23,O3_24h,南充,101.0
20170124,23,O3_8h,南充,65.0
20170124,23,O3_8h_24h,南充,79.0
20170124,23,CO,南充,1.62
20170124,23,CO_24h,南充,1.4
20170124,0,AQI,遵义,84.0
20170124,0,PM2.5,遵义,62.0
20170124,0,PM2.5_24h,遵义,69.0
20170124,0,PM10,遵义,87.0
20170124,0,PM10_24h,遵义,101.0
20170124,0,SO2,遵义,27.0
20170124,0,SO2_24h,遵义,40.0
20170124,0,NO2,遵义,21.0
20170124,0,NO2_24h,遵义,41.0
20170124,0,O3,遵义,76.0
20170124,0,O3_24h,遵义,80.0
20170124,0,O3_8h,遵义,71.0
20170124,0,O3_8h_24h,遵义,73.0
20170124,0,CO,遵义,0.7
20170124,0,CO_24h,遵义,1.05
20170124,1,AQI,遵义,81.0
20170124,1,PM2.5,遵义,60.0
20170124,1,PM2.5_24h,遵义,68.0
20170124,1,PM10,遵义,81.0
20170124,1,PM10_24h,遵义,99.0
20170124,1,SO2,遵义,24.0
20170124,1,SO2_24h,遵义,39.0
20170124,1,NO2,遵义,20.0
20170124,1,NO2_24h,遵义,39.0
20170124,1,O3,遵义,77.0
20170124,1,O3_24h,遵义,80.0
20170124,1,O3_8h,遵义,77.0
20170124,1,O3_8h_24h,遵义,77.0
20170124,1,CO,遵义,0.68
20170124,1,CO_24h,遵义,0.97
20170124,2,AQI,遵义,78.0
20170124,2,PM2.5,遵义,57.0
20170124,2,PM2.5_24h,遵义,67.0
20170124,2,PM10,遵义,72.0
20170124,2,PM10_24h,遵义,97.0
20170124,2,SO2,遵义,23.0
20170124,2,SO2_24h,遵义,38.0
20170124,2,NO2,遵义,22.0
20170124,2,NO2_24h,遵义,37.0
20170124,2,O3,遵义,75.0
20170124,2,O3_24h,遵义,80.0
20170124,2,O3_8h,遵义,76.0
20170124,2,O3_8h_24h,遵义,77.0
20170124,2,CO,遵义,0.68
20170124,2,CO_24h,遵义,0.97
20170124,3,AQI,遵义,69.0
20170124,3,PM2.5,遵义,50.0
20170124,3,PM2.5_24h,遵义,65.0
20170124,3,PM10,遵义,67.0
20170124,3,PM10_24h,遵义,95.0
20170124,3,SO2,遵义,20.0
20170124,3,SO2_24h,遵义,37.0
20170124,3,NO2,遵义,16.0
20170124,3,NO2_24h,遵义,36.0
20170124,3,O3,遵义,83.0
20170124,3,O3_24h,遵义,83.0
20170124,3,O3_8h,遵义,78.0
20170124,3,O3_8h_24h,遵义,79.0
20170124,3,CO,遵义,0.65
20170124,3,CO_24h,遵义,0.95
20170124,4,AQI,遵义,63.0
20170124,4,PM2.5,遵义,45.0
20170124,4,PM2.5_24h,遵义,64.0
20170124,4,PM10,遵义,59.0
20170124,4,PM10_24h,遵义,93.0
20170124,4,SO2,遵义,16.0
20170124,4,SO2_24h,遵义,36.0
20170124,4,NO2,遵义,13.0
20170124,4,NO2_24h,遵义,34.0
20170124,4,O3,遵义,87.0
20170124,4,O3_24h,遵义,87.0
20170124,4,O3_8h,遵义,80.0
20170124,4,O3_8h_24h,遵义,81.0
20170124,4,CO,遵义,0.55
20170124,4,CO_24h,遵义,0.93
20170124,5,AQI,遵义,66.0
20170124,5,PM2.5,遵义,48.0
20170124,5,PM2.5_24h,遵义,63.0
20170124,5,PM10,遵义,63.0
20170124,5,PM10_24h,遵义,91.0
20170124,5,SO2,遵义,16.0
20170124,5,SO2_24h,遵义,35.0
20170124,5,NO2,遵义,13.0
20170124,5,NO2_24h,遵义,33.0
20170124,5,O3,遵义,88.0
20170124,5,O3_24h,遵义,90.0
20170124,5,O3_8h,遵义,82.0
20170124,5,O3_8h_24h,遵义,82.0
20170124,5,CO,遵义,0.55
20170124,5,CO_24h,遵义,0.93
20170124,6,AQI,遵义,68.0
20170124,6,PM2.5,遵义,49.0
20170124,6,PM2.5_24h,遵义,62.0
20170124,6,PM10,遵义,63.0
20170124,6,PM10_24h,遵义,90.0
20170124,6,SO2,遵义,16.0
20170124,6,SO2_24h,遵义,34.0
20170124,6,NO2,遵义,13.0
20170124,6,NO2_24h,遵义,31.0
20170124,6,O3,遵义,85.0
20170124,6,O3_24h,遵义,90.0
20170124,6,O3_8h,遵义,82.0
20170124,6,O3_8h_24h,遵义,83.0
20170124,6,CO,遵义,0.57
20170124,6,CO_24h,遵义,0.88
20170124,7,AQI,遵义,65.0
20170124,7,PM2.5,遵义,47.0
20170124,7,PM2.5_24h,遵义,62.0
20170124,7,PM10,遵义,72.0
20170124,7,PM10_24h,遵义,89.0
20170124,7,SO2,遵义,16.0
20170124,7,SO2_24h,遵义,32.0
20170124,7,NO2,遵义,18.0
20170124,7,NO2_24h,遵义,30.0
20170124,7,O3,遵义,75.0
20170124,7,O3_24h,遵义,90.0
20170124,7,O3_8h,遵义,82.0
20170124,7,O3_8h_24h,遵义,83.0
20170124,7,CO,遵义,0.6
20170124,7,CO_24h,遵义,0.85
20170124,8,AQI,遵义,64.0
20170124,8,PM2.5,遵义,46.0
20170124,8,PM2.5_24h,遵义,60.0
20170124,8,PM10,遵义,73.0
20170124,8,PM10_24h,遵义,87.0
20170124,8,SO2,遵义,25.0
20170124,8,SO2_24h,遵义,32.0
20170124,8,NO2,遵义,32.0
20170124,8,NO2_24h,遵义,29.0
20170124,8,O3,遵义,57.0
20170124,8,O3_24h,遵义,90.0
20170124,8,O3_8h,遵义,78.0
20170124,8,O3_8h_24h,遵义,83.0
20170124,8,CO,遵义,0.78
20170124,8,CO_24h,遵义,0.82
20170124,9,AQI,遵义,66.0
20170124,9,PM2.5,遵义,48.0
20170124,9,PM2.5_24h,遵义,60.0
20170124,9,PM10,遵义,78.0
20170124,9,PM10_24h,遵义,86.0
20170124,9,SO2,遵义,29.0
20170124,9,SO2_24h,遵义,31.0
20170124,9,NO2,遵义,42.0
20170124,9,NO2_24h,遵义,29.0
20170124,9,O3,遵义,43.0
20170124,9,O3_24h,遵义,90.0
20170124,9,O3_8h,遵义,74.0
20170124,9,O3_8h_24h,遵义,83.0
20170124,9,CO,遵义,0.82
20170124,9,CO_24h,遵义,0.8
20170124,10,AQI,遵义,71.0
20170124,10,PM2.5,遵义,52.0
20170124,10,PM2.5_24h,遵义,59.0
20170124,10,PM10,遵义,92.0
20170124,10,PM10_24h,遵义,86.0
20170124,10,SO2,遵义,33.0
20170124,10,SO2_24h,遵义,29.0
20170124,10,NO2,遵义,39.0
20170124,10,NO2_24h,遵义,28.0
20170124,10,O3,遵义,48.0
20170124,10,O3_24h,遵义,90.0
20170124,10,O3_8h,遵义,71.0
20170124,10,O3_8h_24h,遵义,83.0
20170124,10,CO,遵义,0.78
20170124,10,CO_24h,遵义,0.75
20170124,11,AQI,遵义,71.0
20170124,11,PM2.5,遵义,52.0
20170124,11,PM2.5_24h,遵义,57.0
20170124,11,PM10,遵义,91.0
20170124,11,PM10_24h,遵义,83.0
20170124,11,SO2,遵义,32.0
20170124,11,SO2_24h,遵义,27.0
20170124,11,NO2,遵义,33.0
20170124,11,NO2_24h,遵义,28.0
20170124,11,O3,遵义,59.0
20170124,11,O3_24h,遵义,90.0
20170124,11,O3_8h,遵义,68.0
20170124,11,O3_8h_24h,遵义,83.0
20170124,11,CO,遵义,0.7
20170124,11,CO_24h,遵义,0.7
20170124,12,AQI,遵义,74.0
20170124,12,PM2.5,遵义,54.0
20170124,12,PM2.5_24h,遵义,56.0
20170124,12,PM10,遵义,83.0
20170124,12,PM10_24h,遵义,81.0
20170124,12,SO2,遵义,29.0
20170124,12,SO2_24h,遵义,26.0
20170124,12,NO2,遵义,29.0
20170124,12,NO2_24h,遵义,27.0
20170124,12,O3,遵义,68.0
20170124,12,O3_24h,遵义,90.0
20170124,12,O3_8h,遵义,65.0
20170124,12,O3_8h_24h,遵义,83.0
20170124,12,CO,遵义,0.7
20170124,12,CO_24h,遵义,0.7
20170124,13,AQI,遵义,70.0
20170124,13,PM2.5,遵义,51.0
20170124,13,PM2.5_24h,遵义,55.0
20170124,13,PM10,遵义,67.0
20170124,13,PM10_24h,遵义,79.0
20170124,13,SO2,遵义,24.0
20170124,13,SO2_24h,遵义,26.0
20170124,13,NO2,遵义,28.0
20170124,13,NO2_24h,遵义,26.0
20170124,13,O3,遵义,75.0
20170124,13,O3_24h,遵义,90.0
20170124,13,O3_8h,遵义,64.0
20170124,13,O3_8h_24h,遵义,83.0
20170124,13,CO,遵义,0.68
20170124,13,CO_24h,遵义,0.68
20170124,14,AQI,遵义,64.0
20170124,14,PM2.5,遵义,46.0
20170124,14,PM2.5_24h,遵义,54.0
20170124,14,PM10,遵义,71.0
20170124,14,PM10_24h,遵义,78.0
20170124,14,SO2,遵义,25.0
20170124,14,SO2_24h,遵义,26.0
20170124,14,NO2,遵义,24.0
20170124,14,NO2_24h,遵义,26.0
20170124,14,O3,遵义,81.0
20170124,14,O3_24h,遵义,90.0
20170124,14,O3_8h,遵义,63.0
20170124,14,O3_8h_24h,遵义,83.0
20170124,14,CO,遵义,0.65
20170124,14,CO_24h,遵义,0.68
20170124,15,AQI,遵义,63.0
20170124,15,PM2.5,遵义,45.0
20170124,15,PM2.5_24h,遵义,54.0
20170124,15,PM10,遵义,72.0
20170124,15,PM10_24h,遵义,78.0
20170124,15,SO2,遵义,24.0
20170124,15,SO2_24h,遵义,26.0
20170124,15,NO2,遵义,18.0
20170124,15,NO2_24h,遵义,26.0
20170124,15,O3,遵义,86.0
20170124,15,O3_24h,遵义,91.0
20170124,15,O3_8h,遵义,65.0
20170124,15,O3_8h_24h,遵义,83.0
20170124,15,CO,遵义,0.63
20170124,15,CO_24h,遵义,0.68
20170124,16,AQI,遵义,65.0
20170124,16,PM2.5,遵义,47.0
20170124,16,PM2.5_24h,遵义,54.0
20170124,16,PM10,遵义,74.0
20170124,16,PM10_24h,遵义,77.0
20170124,16,SO2,遵义,22.0
20170124,16,SO2_24h,遵义,26.0
20170124,16,NO2,遵义,20.0
20170124,16,NO2_24h,遵义,26.0
20170124,16,O3,遵义,83.0
20170124,16,O3_24h,遵义,92.0
20170124,16,O3_8h,遵义,68.0
20170124,16,O3_8h_24h,遵义,83.0
20170124,16,CO,遵义,0.63
20170124,16,CO_24h,遵义,0.7
20170124,17,AQI,遵义,71.0
20170124,17,PM2.5,遵义,52.0
20170124,17,PM2.5_24h,遵义,54.0
20170124,17,PM10,遵义,83.0
20170124,17,PM10_24h,遵义,77.0
20170124,17,SO2,遵义,22.0
20170124,17,SO2_24h,遵义,26.0
20170124,17,NO2,遵义,22.0
20170124,17,NO2_24h,遵义,26.0
20170124,17,O3,遵义,87.0
20170124,17,O3_24h,遵义,93.0
20170124,17,O3_8h,遵义,73.0
20170124,17,O3_8h_24h,遵义,83.0
20170124,17,CO,遵义,0.63
20170124,17,CO_24h,遵义,0.7
20170124,18,AQI,遵义,84.0
20170124,18,PM2.5,遵义,62.0
20170124,18,PM2.5_24h,遵义,54.0
20170124,18,PM10,遵义,100.0
20170124,18,PM10_24h,遵义,78.0
20170124,18,SO2,遵义,24.0
20170124,18,SO2_24h,遵义,26.0
20170124,18,NO2,遵义,24.0
20170124,18,NO2_24h,遵义,25.0
20170124,18,O3,遵义,86.0
20170124,18,O3_24h,遵义,94.0
20170124,18,O3_8h,遵义,78.0
20170124,18,O3_8h_24h,遵义,84.0
20170124,18,CO,遵义,0.7
20170124,18,CO_24h,遵义,0.68
20170124,19,AQI,遵义,75.0
20170124,19,PM2.5,遵义,55.0
20170124,19,PM2.5_24h,遵义,53.0
20170124,19,PM10,遵义,100.0
20170124,19,PM10_24h,遵义,79.0
20170124,19,SO2,遵义,28.0
20170124,19,SO2_24h,遵义,25.0
20170124,19,NO2,遵义,25.0
20170124,19,NO2_24h,遵义,25.0
20170124,19,O3,遵义,82.0
20170124,19,O3_24h,遵义,94.0
20170124,19,O3_8h,遵义,81.0
20170124,19,O3_8h_24h,遵义,85.0
20170124,19,CO,遵义,0.75
20170124,19,CO_24h,遵义,0.68
20170124,20,AQI,遵义,84.0
20170124,20,PM2.5,遵义,62.0
20170124,20,PM2.5_24h,遵义,53.0
20170124,20,PM10,遵义,109.0
20170124,20,PM10_24h,遵义,80.0
20170124,20,SO2,遵义,32.0
20170124,20,SO2_24h,遵义,25.0
20170124,20,NO2,遵义,27.0
20170124,20,NO2_24h,遵义,24.0
20170124,20,O3,遵义,78.0
20170124,20,O3_24h,遵义,94.0
20170124,20,O3_8h,遵义,82.0
20170124,20,O3_8h_24h,遵义,85.0
20170124,20,CO,遵义,0.75
20170124,20,CO_24h,遵义,0.68
20170124,21,AQI,遵义,96.0
20170124,21,PM2.5,遵义,72.0
20170124,21,PM2.5_24h,遵义,54.0
20170124,21,PM10,遵义,104.0
20170124,21,PM10_24h,遵义,81.0
20170124,21,SO2,遵义,34.0
20170124,21,SO2_24h,遵义,25.0
20170124,21,NO2,遵义,33.0
20170124,21,NO2_24h,遵义,25.0
20170124,21,O3,遵义,66.0
20170124,21,O3_24h,遵义,94.0
20170124,21,O3_8h,遵义,81.0
20170124,21,O3_8h_24h,遵义,86.0
20170124,21,CO,遵义,0.78
20170124,21,CO_24h,遵义,0.68
20170124,22,AQI,遵义,95.0
20170124,22,PM2.5,遵义,71.0
20170124,22,PM2.5_24h,遵义,54.0
20170124,22,PM10,遵义,115.0
20170124,22,PM10_24h,遵义,82.0
20170124,22,SO2,遵义,38.0
20170124,22,SO2_24h,遵义,25.0
20170124,22,NO2,遵义,34.0
20170124,22,NO2_24h,遵义,25.0
20170124,22,O3,遵义,58.0
20170124,22,O3_24h,遵义,94.0
20170124,22,O3_8h,遵义,78.0
20170124,22,O3_8h_24h,遵义,86.0
20170124,22,CO,遵义,0.9
20170124,22,CO_24h,遵义,0.68
20170124,23,AQI,遵义,106.0
20170124,23,PM2.5,遵义,80.0
20170124,23,PM2.5_24h,遵义,55.0
20170124,23,PM10,遵义,110.0
20170124,23,PM10_24h,遵义,83.0
20170124,23,SO2,遵义,45.0
20170124,23,SO2_24h,遵义,26.0
20170124,23,NO2,遵义,41.0
20170124,23,NO2_24h,遵义,25.0
20170124,23,O3,遵义,43.0
20170124,23,O3_24h,遵义,94.0
20170124,23,O3_8h,遵义,73.0
20170124,23,O3_8h_24h,遵义,86.0
20170124,23,CO,遵义,1.02
20170124,23,CO_24h,遵义,0.7
20170124,0,AQI,曲靖,59.0
20170124,0,PM2.5,曲靖,42.0
20170124,0,PM2.5_24h,曲靖,30.0
20170124,0,PM10,曲靖,56.0
20170124,0,PM10_24h,曲靖,51.0
20170124,0,SO2,曲靖,15.0
20170124,0,SO2_24h,曲靖,15.0
20170124,0,NO2,曲靖,22.0
20170124,0,NO2_24h,曲靖,20.0
20170124,0,O3,曲靖,42.0
20170124,0,O3_24h,曲靖,143.0
20170124,0,O3_8h,曲靖,58.0
20170124,0,O3_8h_24h,曲靖,80.0
20170124,0,CO,曲靖,1.1
20170124,0,CO_24h,曲靖,1.3
20170124,1,AQI,曲靖,54.0
20170124,1,PM2.5,曲靖,38.0
20170124,1,PM2.5_24h,曲靖,30.0
20170124,1,PM10,曲靖,53.0
20170124,1,PM10_24h,曲靖,51.0
20170124,1,SO2,曲靖,14.0
20170124,1,SO2_24h,曲靖,15.0
20170124,1,NO2,曲靖,19.0
20170124,1,NO2_24h,曲靖,20.0
20170124,1,O3,曲靖,39.0
20170124,1,O3_24h,曲靖,143.0
20170124,1,O3_8h,曲靖,39.0
20170124,1,O3_8h_24h,曲靖,39.0
20170124,1,CO,曲靖,1.05
20170124,1,CO_24h,曲靖,1.25
20170124,2,AQI,曲靖,50.0
20170124,2,PM2.5,曲靖,29.0
20170124,2,PM2.5_24h,曲靖,29.0
20170124,2,PM10,曲靖,50.0
20170124,2,PM10_24h,曲靖,50.0
20170124,2,SO2,曲靖,14.0
20170124,2,SO2_24h,曲靖,15.0
20170124,2,NO2,曲靖,23.0
20170124,2,NO2_24h,曲靖,20.0
20170124,2,O3,曲靖,29.0
20170124,2,O3_24h,曲靖,143.0
20170124,2,O3_8h,曲靖,34.0
20170124,2,O3_8h_24h,曲靖,39.0
20170124,2,CO,曲靖,1.05
20170124,2,CO_24h,曲靖,1.25
20170124,3,AQI,曲靖,45.0
20170124,3,PM2.5,曲靖,28.0
20170124,3,PM2.5_24h,曲靖,29.0
20170124,3,PM10,曲靖,45.0
20170124,3,PM10_24h,曲靖,50.0
20170124,3,SO2,曲靖,12.0
20170124,3,SO2_24h,曲靖,15.0
20170124,3,NO2,曲靖,25.0
20170124,3,NO2_24h,曲靖,20.0
20170124,3,O3,曲靖,24.0
20170124,3,O3_24h,曲靖,143.0
20170124,3,O3_8h,曲靖,31.0
20170124,3,O3_8h_24h,曲靖,39.0
20170124,3,CO,曲靖,1.0
20170124,3,CO_24h,曲靖,1.25
20170124,4,AQI,曲靖,46.0
20170124,4,PM2.5,曲靖,25.0
20170124,4,PM2.5_24h,曲靖,28.0
20170124,4,PM10,曲靖,46.0
20170124,4,PM10_24h,曲靖,50.0
20170124,4,SO2,曲靖,12.0
20170124,4,SO2_24h,曲靖,15.0
20170124,4,NO2,曲靖,17.0
20170124,4,NO2_24h,曲靖,20.0
20170124,4,O3,曲靖,30.0
20170124,4,O3_24h,曲靖,143.0
20170124,4,O3_8h,曲靖,30.0
20170124,4,O3_8h_24h,曲靖,39.0
20170124,4,CO,曲靖,0.95
20170124,4,CO_24h,曲靖,1.25
20170124,5,AQI,曲靖,43.0
20170124,5,PM2.5,曲靖,30.0
20170124,5,PM2.5_24h,曲靖,28.0
20170124,5,PM10,曲靖,38.0
20170124,5,PM10_24h,曲靖,49.0
20170124,5,SO2,曲靖,11.0
20170124,5,SO2_24h,曲靖,15.0
20170124,5,NO2,曲靖,13.0
20170124,5,NO2_24h,曲靖,20.0
20170124,5,O3,曲靖,35.0
20170124,5,O3_24h,曲靖,143.0
20170124,5,O3_8h,曲靖,31.0
20170124,5,O3_8h_24h,曲靖,39.0
20170124,5,CO,曲靖,0.9
20170124,5,CO_24h,曲靖,1.25
20170124,6,AQI,曲靖,36.0
20170124,6,PM2.5,曲靖,25.0
20170124,6,PM2.5_24h,曲靖,27.0
20170124,6,PM10,曲靖,29.0
20170124,6,PM10_24h,曲靖,48.0
20170124,6,SO2,曲靖,11.0
20170124,6,SO2_24h,曲靖,14.0
20170124,6,NO2,曲靖,8.0
20170124,6,NO2_24h,曲靖,20.0
20170124,6,O3,曲靖,43.0
20170124,6,O3_24h,曲靖,143.0
20170124,6,O3_8h,曲靖,33.0
20170124,6,O3_8h_24h,曲靖,39.0
20170124,6,CO,曲靖,0.85
20170124,6,CO_24h,曲靖,1.25
20170124,7,AQI,曲靖,34.0
20170124,7,PM2.5,曲靖,24.0
20170124,7,PM2.5_24h,曲靖,27.0
20170124,7,PM10,曲靖,31.0
20170124,7,PM10_24h,曲靖,48.0
20170124,7,SO2,曲靖,10.0
20170124,7,SO2_24h,曲靖,15.0
20170124,7,NO2,曲靖,9.0
20170124,7,NO2_24h,曲靖,19.0
20170124,7,O3,曲靖,42.0
20170124,7,O3_24h,曲靖,143.0
20170124,7,O3_8h,曲靖,34.0
20170124,7,O3_8h_24h,曲靖,39.0
20170124,7,CO,曲靖,0.85
20170124,7,CO_24h,曲靖,1.15
20170124,8,AQI,曲靖,36.0
20170124,8,PM2.5,曲靖,18.0
20170124,8,PM2.5_24h,曲靖,27.0
20170124,8,PM10,曲靖,36.0
20170124,8,PM10_24h,曲靖,48.0
20170124,8,SO2,曲靖,11.0
20170124,8,SO2_24h,曲靖,14.0
20170124,8,NO2,曲靖,16.0
20170124,8,NO2_24h,曲靖,19.0
20170124,8,O3,曲靖,36.0
20170124,8,O3_24h,曲靖,143.0
20170124,8,O3_8h,曲靖,35.0
20170124,8,O3_8h_24h,曲靖,39.0
20170124,8,CO,曲靖,0.95
20170124,8,CO_24h,曲靖,1.15
20170124,9,AQI,曲靖,37.0
20170124,9,PM2.5,曲靖,21.0
20170124,9,PM2.5_24h,曲靖,27.0
20170124,9,PM10,曲靖,37.0
20170124,9,PM10_24h,曲靖,48.0
20170124,9,SO2,曲靖,11.0
20170124,9,SO2_24h,曲靖,14.0
20170124,9,NO2,曲靖,19.0
20170124,9,NO2_24h,曲靖,18.0
20170124,9,O3,曲靖,34.0
20170124,9,O3_24h,曲靖,143.0
20170124,9,O3_8h,曲靖,34.0
20170124,9,O3_8h_24h,曲靖,39.0
20170124,9,CO,曲靖,0.95
20170124,9,CO_24h,曲靖,1.15
20170124,10,AQI,曲靖,39.0
20170124,10,PM2.5,曲靖,23.0
20170124,10,PM2.5_24h,曲靖,27.0
20170124,10,PM10,曲靖,39.0
20170124,10,PM10_24h,曲靖,47.0
20170124,10,SO2,曲靖,9.0
20170124,10,SO2_24h,曲靖,13.0
20170124,10,NO2,曲靖,21.0
20170124,10,NO2_24h,曲靖,18.0
20170124,10,O3,曲靖,32.0
20170124,10,O3_24h,曲靖,143.0
20170124,10,O3_8h,曲靖,35.0
20170124,10,O3_8h_24h,曲靖,39.0
20170124,10,CO,曲靖,0.95
20170124,10,CO_24h,曲靖,1.1
20170124,11,AQI,曲靖,37.0
20170124,11,PM2.5,曲靖,26.0
20170124,11,PM2.5_24h,曲靖,27.0
20170124,11,PM10,曲靖,37.0
20170124,11,PM10_24h,曲靖,47.0
20170124,11,SO2,曲靖,12.0
20170124,11,SO2_24h,曲靖,13.0
20170124,11,NO2,曲靖,21.0
20170124,11,NO2_24h,曲靖,18.0
20170124,11,O3,曲靖,37.0
20170124,11,O3_24h,曲靖,143.0
20170124,11,O3_8h,曲靖,36.0
20170124,11,O3_8h_24h,曲靖,39.0
20170124,11,CO,曲靖,1.0
20170124,11,CO_24h,曲靖,1.1
20170124,12,AQI,曲靖,36.0
20170124,12,PM2.5,曲靖,25.0
20170124,12,PM2.5_24h,曲靖,27.0
20170124,12,PM10,曲靖,30.0
20170124,12,PM10_24h,曲靖,47.0
20170124,12,SO2,曲靖,11.0
20170124,12,SO2_24h,曲靖,13.0
20170124,12,NO2,曲靖,12.0
20170124,12,NO2_24h,曲靖,18.0
20170124,12,O3,曲靖,59.0
20170124,12,O3_24h,曲靖,143.0
20170124,12,O3_8h,曲靖,40.0
20170124,12,O3_8h_24h,曲靖,40.0
20170124,12,CO,曲靖,0.9
20170124,12,CO_24h,曲靖,1.05
20170124,13,AQI,曲靖,33.0
20170124,13,PM2.5,曲靖,23.0
20170124,13,PM2.5_24h,曲靖,26.0
20170124,13,PM10,曲靖,24.0
20170124,13,PM10_24h,曲靖,46.0
20170124,13,SO2,曲靖,11.0
20170124,13,SO2_24h,曲靖,13.0
20170124,13,NO2,曲靖,10.0
20170124,13,NO2_24h,曲靖,18.0
20170124,13,O3,曲靖,71.0
20170124,13,O3_24h,曲靖,143.0
20170124,13,O3_8h,曲靖,45.0
20170124,13,O3_8h_24h,曲靖,45.0
20170124,13,CO,曲靖,0.85
20170124,13,CO_24h,曲靖,1.05
20170124,14,AQI,曲靖,27.0
20170124,14,PM2.5,曲靖,19.0
20170124,14,PM2.5_24h,曲靖,26.0
20170124,14,PM10_24h,曲靖,46.0
20170124,14,SO2,曲靖,11.0
20170124,14,SO2_24h,曲靖,13.0
20170124,14,NO2,曲靖,11.0
20170124,14,NO2_24h,曲靖,18.0
20170124,14,O3,曲靖,84.0
20170124,14,O3_24h,曲靖,143.0
20170124,14,O3_8h,曲靖,49.0
20170124,14,O3_8h_24h,曲靖,49.0
20170124,14,CO,曲靖,0.8
20170124,14,CO_24h,曲靖,1.05
20170124,15,AQI,曲靖,29.0
20170124,15,PM2.5,曲靖,18.0
20170124,15,PM2.5_24h,曲靖,26.0
20170124,15,PM10,曲靖,20.0
20170124,15,PM10_24h,曲靖,46.0
20170124,15,SO2,曲靖,12.0
20170124,15,SO2_24h,曲靖,13.0
20170124,15,NO2,曲靖,10.0
20170124,15,NO2_24h,曲靖,18.0
20170124,15,O3,曲靖,92.0
20170124,15,O3_24h,曲靖,143.0
20170124,15,O3_8h,曲靖,56.0
20170124,15,O3_8h_24h,曲靖,56.0
20170124,15,CO,曲靖,0.7
20170124,15,CO_24h,曲靖,0.95
20170124,16,AQI,曲靖,30.0
20170124,16,PM2.5,曲靖,17.0
20170124,16,PM2.5_24h,曲靖,26.0
20170124,16,PM10,曲靖,20.0
20170124,16,PM10_24h,曲靖,46.0
20170124,16,SO2,曲靖,14.0
20170124,16,SO2_24h,曲靖,12.0
20170124,16,NO2,曲靖,10.0
20170124,16,NO2_24h,曲靖,18.0
20170124,16,O3,曲靖,95.0
20170124,16,O3_24h,曲靖,95.0
20170124,16,O3_8h,曲靖,63.0
20170124,16,O3_8h_24h,曲靖,63.0
20170124,16,CO,曲靖,0.7
20170124,16,CO_24h,曲靖,0.95
20170124,17,AQI,曲靖,31.0
20170124,17,PM2.5,曲靖,13.0
20170124,17,PM2.5_24h,曲靖,25.0
20170124,17,PM10,曲靖,31.0
20170124,17,PM10_24h,曲靖,46.0
20170124,17,SO2,曲靖,15.0
20170124,17,SO2_24h,曲靖,13.0
20170124,17,NO2,曲靖,10.0
20170124,17,NO2_24h,曲靖,17.0
20170124,17,O3,曲靖,92.0
20170124,17,O3_24h,曲靖,95.0
20170124,17,O3_8h,曲靖,70.0
20170124,17,O3_8h_24h,曲靖,70.0
20170124,17,CO,曲靖,0.65
20170124,17,CO_24h,曲靖,0.95
20170124,18,AQI,曲靖,35.0
20170124,18,PM2.5,曲靖,12.0
20170124,18,PM2.5_24h,曲靖,25.0
20170124,18,PM10,曲靖,35.0
20170124,18,PM10_24h,曲靖,46.0
20170124,18,SO2,曲靖,14.0
20170124,18,SO2_24h,曲靖,13.0
20170124,18,NO2,曲靖,11.0
20170124,18,NO2_24h,曲靖,17.0
20170124,18,O3,曲靖,88.0
20170124,18,O3_24h,曲靖,95.0
20170124,18,O3_8h,曲靖,77.0
20170124,18,O3_8h_24h,曲靖,77.0
20170124,18,CO,曲靖,0.65
20170124,18,CO_24h,曲靖,0.9
20170124,19,AQI,曲靖,45.0
20170124,19,PM2.5,曲靖,11.0
20170124,19,PM2.5_24h,曲靖,25.0
20170124,19,PM10,曲靖,45.0
20170124,19,PM10_24h,曲靖,45.0
20170124,19,SO2,曲靖,17.0
20170124,19,SO2_24h,曲靖,13.0
20170124,19,NO2,曲靖,21.0
20170124,19,NO2_24h,曲靖,18.0
20170124,19,O3,曲靖,67.0
20170124,19,O3_24h,曲靖,95.0
20170124,19,O3_8h,曲靖,81.0
20170124,19,O3_8h_24h,曲靖,81.0
20170124,19,CO,曲靖,0.8
20170124,19,CO_24h,曲靖,0.95
20170124,20,AQI,曲靖,68.0
20170124,20,PM2.5,曲靖,14.0
20170124,20,PM2.5_24h,曲靖,25.0
20170124,20,PM10,曲靖,86.0
20170124,20,PM10_24h,曲靖,46.0
20170124,20,SO2,曲靖,13.0
20170124,20,SO2_24h,曲靖,13.0
20170124,20,NO2,曲靖,29.0
20170124,20,NO2_24h,曲靖,18.0
20170124,20,O3,曲靖,29.0
20170124,20,O3_24h,曲靖,95.0
20170124,20,O3_8h,曲靖,77.0
20170124,20,O3_8h_24h,曲靖,81.0
20170124,20,CO,曲靖,1.05
20170124,20,CO_24h,曲靖,0.95
20170124,21,AQI,曲靖,64.0
20170124,21,PM2.5,曲靖,20.0
20170124,21,PM2.5_24h,曲靖,24.0
20170124,21,PM10,曲靖,78.0
20170124,21,PM10_24h,曲靖,46.0
20170124,21,SO2,曲靖,15.0
20170124,21,SO2_24h,曲靖,13.0
20170124,21,NO2,曲靖,26.0
20170124,21,NO2_24h,曲靖,17.0
20170124,21,O3,曲靖,25.0
20170124,21,O3_24h,曲靖,95.0
20170124,21,O3_8h,曲靖,71.0
20170124,21,O3_8h_24h,曲靖,81.0
20170124,21,CO,曲靖,1.1
20170124,21,CO_24h,曲靖,0.9
20170124,22,AQI,曲靖,55.0
20170124,22,PM2.5,曲靖,29.0
20170124,22,PM2.5_24h,曲靖,24.0
20170124,22,PM10,曲靖,59.0
20170124,22,PM10_24h,曲靖,45.0
20170124,22,SO2,曲靖,16.0
20170124,22,SO2_24h,曲靖,13.0
20170124,22,NO2,曲靖,21.0
20170124,22,NO2_24h,曲靖,17.0
20170124,22,O3,曲靖,24.0
20170124,22,O3_24h,曲靖,95.0
20170124,22,O3_8h,曲靖,64.0
20170124,22,O3_8h_24h,曲靖,81.0
20170124,22,CO,曲靖,1.1
20170124,22,CO_24h,曲靖,0.9
20170124,23,AQI,曲靖,49.0
20170124,23,PM2.5,曲靖,34.0
20170124,23,PM2.5_24h,曲靖,24.0
20170124,23,PM10,曲靖,35.0
20170124,23,PM10_24h,曲靖,43.0
20170124,23,SO2,曲靖,18.0
20170124,23,SO2_24h,曲靖,13.0
20170124,23,NO2,曲靖,19.0
20170124,23,NO2_24h,曲靖,17.0
20170124,23,O3,曲靖,25.0
20170124,23,O3_24h,曲靖,95.0
20170124,23,O3_8h,曲靖,56.0
20170124,23,O3_8h_24h,曲靖,81.0
20170124,23,CO,曲靖,1.1
20170124,23,CO_24h,曲靖,0.9
20170124,0,AQI,咸阳,367.0
20170124,0,PM2.5,咸阳,317.0
20170124,0,PM2.5_24h,咸阳,190.0
20170124,0,PM10,咸阳,356.0
20170124,0,PM10_24h,咸阳,216.0
20170124,0,SO2,咸阳,54.0
20170124,0,SO2_24h,咸阳,51.0
20170124,0,NO2,咸阳,96.0
20170124,0,NO2_24h,咸阳,79.0
20170124,0,O3,咸阳,10.0
20170124,0,O3_24h,咸阳,86.0
20170124,0,O3_8h,咸阳,38.0
20170124,0,O3_8h_24h,咸阳,71.0
20170124,0,CO,咸阳,3.4
20170124,0,CO_24h,咸阳,2.35
20170124,1,AQI,咸阳,354.0
20170124,1,PM2.5,咸阳,304.0
20170124,1,PM2.5_24h,咸阳,194.0
20170124,1,PM10,咸阳,391.0
20170124,1,PM10_24h,咸阳,217.0
20170124,1,SO2,咸阳,39.0
20170124,1,SO2_24h,咸阳,50.0
20170124,1,NO2,咸阳,92.0
20170124,1,NO2_24h,咸阳,79.0
20170124,1,O3,咸阳,10.0
20170124,1,O3_24h,咸阳,86.0
20170124,1,O3_8h,咸阳,10.0
20170124,1,O3_8h_24h,咸阳,10.0
20170124,1,CO,咸阳,3.2
20170124,1,CO_24h,咸阳,2.4
20170124,2,AQI,咸阳,345.0
20170124,2,PM2.5,咸阳,295.0
20170124,2,PM2.5_24h,咸阳,200.0
20170124,2,PM10,咸阳,333.0
20170124,2,PM10_24h,咸阳,222.0
20170124,2,SO2,咸阳,44.0
20170124,2,SO2_24h,咸阳,50.0
20170124,2,NO2,咸阳,89.0
20170124,2,NO2_24h,咸阳,79.0
20170124,2,O3,咸阳,9.0
20170124,2,O3_24h,咸阳,86.0
20170124,2,O3_8h,咸阳,9.0
20170124,2,O3_8h_24h,咸阳,10.0
20170124,2,CO,咸阳,3.4
20170124,2,CO_24h,咸阳,2.4
20170124,3,AQI,咸阳,332.0
20170124,3,PM2.5,咸阳,282.0
20170124,3,PM2.5_24h,咸阳,205.0
20170124,3,PM10,咸阳,316.0
20170124,3,PM10_24h,咸阳,227.0
20170124,3,SO2,咸阳,36.0
20170124,3,SO2_24h,咸阳,50.0
20170124,3,NO2,咸阳,87.0
20170124,3,NO2_24h,咸阳,79.0
20170124,3,O3,咸阳,9.0
20170124,3,O3_24h,咸阳,86.0
20170124,3,O3_8h,咸阳,9.0
20170124,3,O3_8h_24h,咸阳,10.0
20170124,3,CO,咸阳,3.3
20170124,3,CO_24h,咸阳,2.5
20170124,4,AQI,咸阳,338.0
20170124,4,PM2.5,咸阳,288.0
20170124,4,PM2.5_24h,咸阳,208.0
20170124,4,PM10,咸阳,341.0
20170124,4,PM10_24h,咸阳,229.0
20170124,4,SO2,咸阳,44.0
20170124,4,SO2_24h,咸阳,50.0
20170124,4,NO2,咸阳,78.0
20170124,4,NO2_24h,咸阳,79.0
20170124,4,O3,咸阳,9.0
20170124,4,O3_24h,咸阳,86.0
20170124,4,O3_8h,咸阳,9.0
20170124,4,O3_8h_24h,咸阳,10.0
20170124,4,CO,咸阳,3.3
20170124,4,CO_24h,咸阳,2.5
20170124,5,AQI,咸阳,368.0
20170124,5,PM2.5,咸阳,318.0
20170124,5,PM2.5_24h,咸阳,212.0
20170124,5,PM10,咸阳,232.0
20170124,5,PM10_24h,咸阳,231.0
20170124,5,SO2,咸阳,36.0
20170124,5,SO2_24h,咸阳,49.0
20170124,5,NO2,咸阳,74.0
20170124,5,NO2_24h,咸阳,78.0
20170124,5,O3,咸阳,9.0
20170124,5,O3_24h,咸阳,86.0
20170124,5,O3_8h,咸阳,9.0
20170124,5,O3_8h_24h,咸阳,10.0
20170124,5,CO,咸阳,3.3
20170124,5,CO_24h,咸阳,2.5
20170124,6,AQI,咸阳,375.0
20170124,6,PM2.5,咸阳,325.0
20170124,6,PM2.5_24h,咸阳,210.0
20170124,6,PM10,咸阳,468.0
20170124,6,PM10_24h,咸阳,236.0
20170124,6,SO2,咸阳,28.0
20170124,6,SO2_24h,咸阳,48.0
20170124,6,NO2,咸阳,74.0
20170124,6,NO2_24h,咸阳,79.0
20170124,6,O3,咸阳,8.0
20170124,6,O3_24h,咸阳,86.0
20170124,6,O3_8h,咸阳,9.0
20170124,6,O3_8h_24h,咸阳,10.0
20170124,6,CO,咸阳,3.15
20170124,6,CO_24h,咸阳,2.6
20170124,7,AQI,咸阳,351.0
20170124,7,PM2.5,咸阳,301.0
20170124,7,PM2.5_24h,咸阳,215.0
20170124,7,PM10,咸阳,350.0
20170124,7,PM10_24h,咸阳,240.0
20170124,7,SO2,咸阳,33.0
20170124,7,SO2_24h,咸阳,49.0
20170124,7,NO2,咸阳,76.0
20170124,7,NO2_24h,咸阳,79.0
20170124,7,O3,咸阳,9.0
20170124,7,O3_24h,咸阳,86.0
20170124,7,O3_8h,咸阳,9.0
20170124,7,O3_8h_24h,咸阳,10.0
20170124,7,CO,咸阳,3.15
20170124,7,CO_24h,咸阳,2.6
20170124,8,AQI,咸阳,327.0
20170124,8,PM2.5,咸阳,277.0
20170124,8,PM2.5_24h,咸阳,218.0
20170124,8,PM10,咸阳,342.0
20170124,8,PM10_24h,咸阳,245.0
20170124,8,SO2,咸阳,44.0
20170124,8,SO2_24h,咸阳,50.0
20170124,8,NO2,咸阳,76.0
20170124,8,NO2_24h,咸阳,79.0
20170124,8,O3,咸阳,9.0
20170124,8,O3_24h,咸阳,86.0
20170124,8,O3_8h,咸阳,9.0
20170124,8,O3_8h_24h,咸阳,10.0
20170124,8,CO,咸阳,3.05
20170124,8,CO_24h,咸阳,2.6
20170124,9,AQI,咸阳,277.0
20170124,9,PM2.5,咸阳,227.0
20170124,9,PM2.5_24h,咸阳,219.0
20170124,9,PM10,咸阳,316.0
20170124,9,PM10_24h,咸阳,249.0
20170124,9,SO2,咸阳,51.0
20170124,9,SO2_24h,咸阳,51.0
20170124,9,NO2,咸阳,72.0
20170124,9,NO2_24h,咸阳,79.0
20170124,9,O3,咸阳,8.0
20170124,9,O3_24h,咸阳,86.0
20170124,9,O3_8h,咸阳,9.0
20170124,9,O3_8h_24h,咸阳,10.0
20170124,9,CO,咸阳,2.75
20170124,9,CO_24h,咸阳,2.6
20170124,10,AQI,咸阳,257.0
20170124,10,PM2.5,咸阳,207.0
20170124,10,PM2.5_24h,咸阳,220.0
20170124,10,PM10,咸阳,264.0
20170124,10,PM10_24h,咸阳,250.0
20170124,10,SO2,咸阳,55.0
20170124,10,SO2_24h,咸阳,52.0
20170124,10,NO2,咸阳,69.0
20170124,10,NO2_24h,咸阳,79.0
20170124,10,O3,咸阳,12.0
20170124,10,O3_24h,咸阳,86.0
20170124,10,O3_8h,咸阳,9.0
20170124,10,O3_8h_24h,咸阳,10.0
20170124,10,CO,咸阳,2.6
20170124,10,CO_24h,咸阳,2.6
20170124,11,AQI,咸阳,266.0
20170124,11,PM2.5,咸阳,216.0
20170124,11,PM2.5_24h,咸阳,222.0
20170124,11,PM10,咸阳,257.0
20170124,11,PM10_24h,咸阳,250.0
20170124,11,SO2,咸阳,53.0
20170124,11,SO2_24h,咸阳,52.0
20170124,11,NO2,咸阳,62.0
20170124,11,NO2_24h,咸阳,79.0
20170124,11,O3,咸阳,19.0
20170124,11,O3_24h,咸阳,86.0
20170124,11,O3_8h,咸阳,10.0
20170124,11,O3_8h_24h,咸阳,10.0
20170124,11,CO,咸阳,2.45
20170124,11,CO_24h,咸阳,2.55
20170124,12,AQI,咸阳,290.0
20170124,12,PM2.5,咸阳,240.0
20170124,12,PM2.5_24h,咸阳,226.0
20170124,12,PM10,咸阳,282.0
20170124,12,PM10_24h,咸阳,251.0
20170124,12,SO2,咸阳,52.0
20170124,12,SO2_24h,咸阳,53.0
20170124,12,NO2,咸阳,64.0
20170124,12,NO2_24h,咸阳,78.0
20170124,12,O3,咸阳,19.0
20170124,12,O3_24h,咸阳,86.0
20170124,12,O3_8h,咸阳,12.0
20170124,12,O3_8h_24h,咸阳,12.0
20170124,12,CO,咸阳,2.45
20170124,12,CO_24h,咸阳,2.6
20170124,13,AQI,咸阳,300.0
20170124,13,PM2.5,咸阳,250.0
20170124,13,PM2.5_24h,咸阳,231.0
20170124,13,PM10,咸阳,291.0
20170124,13,PM10_24h,咸阳,256.0
20170124,13,SO2,咸阳,53.0
20170124,13,SO2_24h,咸阳,52.0
20170124,13,NO2,咸阳,76.0
20170124,13,NO2_24h,咸阳,78.0
20170124,13,O3,咸阳,21.0
20170124,13,O3_24h,咸阳,86.0
20170124,13,O3_8h,咸阳,13.0
20170124,13,O3_8h_24h,咸阳,13.0
20170124,13,CO,咸阳,2.7
20170124,13,CO_24h,咸阳,2.6
20170124,14,AQI,咸阳,298.0
20170124,14,PM2.5,咸阳,248.0
20170124,14,PM2.5_24h,咸阳,236.0
20170124,14,PM10,咸阳,322.0
20170124,14,PM10_24h,咸阳,263.0
20170124,14,SO2,咸阳,56.0
20170124,14,SO2_24h,咸阳,51.0
20170124,14,NO2,咸阳,73.0
20170124,14,NO2_24h,咸阳,78.0
20170124,14,O3,咸阳,35.0
20170124,14,O3_24h,咸阳,84.0
20170124,14,O3_8h,咸阳,17.0
20170124,14,O3_8h_24h,咸阳,17.0
20170124,14,CO,咸阳,2.5
20170124,14,CO_24h,咸阳,2.65
20170124,15,AQI,咸阳,277.0
20170124,15,PM2.5,咸阳,227.0
20170124,15,PM2.5_24h,咸阳,229.0
20170124,15,PM10,咸阳,264.0
20170124,15,PM10_24h,咸阳,230.0
20170124,15,SO2,咸阳,63.0
20170124,15,SO2_24h,咸阳,51.0
20170124,15,NO2,咸阳,54.0
20170124,15,NO2_24h,咸阳,71.0
20170124,15,O3,咸阳,48.0
20170124,15,O3_24h,咸阳,74.0
20170124,15,O3_8h,咸阳,21.0
20170124,15,O3_8h_24h,咸阳,21.0
20170124,15,CO,咸阳,2.4
20170124,15,CO_24h,咸阳,2.6
20170124,16,AQI,咸阳,284.0
20170124,16,PM2.5,咸阳,234.0
20170124,16,PM2.5_24h,咸阳,234.0
20170124,16,PM10_24h,咸阳,236.0
20170124,16,SO2,咸阳,43.0
20170124,16,SO2_24h,咸阳,50.0
20170124,16,NO2,咸阳,35.0
20170124,16,NO2_24h,咸阳,70.0
20170124,16,O3,咸阳,48.0
20170124,16,O3_24h,咸阳,74.0
20170124,16,O3_8h,咸阳,26.0
20170124,16,O3_8h_24h,咸阳,26.0
20170124,16,CO,咸阳,2.0
20170124,16,CO_24h,咸阳,2.6
20170124,17,AQI,咸阳,293.0
20170124,17,PM2.5,咸阳,243.0
20170124,17,PM2.5_24h,咸阳,239.0
20170124,17,PM10_24h,咸阳,244.0
20170124,17,SO2,咸阳,44.0
20170124,17,SO2_24h,咸阳,49.0
20170124,17,NO2,咸阳,47.0
20170124,17,NO2_24h,咸阳,69.0
20170124,17,O3,咸阳,42.0
20170124,17,O3_24h,咸阳,74.0
20170124,17,O3_8h,咸阳,30.0
20170124,17,O3_8h_24h,咸阳,30.0
20170124,17,CO,咸阳,2.1
20170124,17,CO_24h,咸阳,2.6
20170124,18,AQI,咸阳,300.0
20170124,18,PM2.5,咸阳,250.0
20170124,18,PM2.5_24h,咸阳,245.0
20170124,18,PM10_24h,咸阳,251.0
20170124,18,SO2,咸阳,48.0
20170124,18,SO2_24h,咸阳,49.0
20170124,18,NO2,咸阳,53.0
20170124,18,NO2_24h,咸阳,69.0
20170124,18,O3,咸阳,45.0
20170124,18,O3_24h,咸阳,52.0
20170124,18,O3_8h,咸阳,34.0
20170124,18,O3_8h_24h,咸阳,34.0
20170124,18,CO,咸阳,2.3
20170124,18,CO_24h,咸阳,2.6
20170124,19,AQI,咸阳,312.0
20170124,19,PM2.5,咸阳,262.0
20170124,19,PM2.5_24h,咸阳,267.0
20170124,19,PM10,咸阳,274.0
20170124,19,PM10_24h,咸阳,297.0
20170124,19,SO2,咸阳,71.0
20170124,19,SO2_24h,咸阳,50.0
20170124,19,NO2,咸阳,38.0
20170124,19,NO2_24h,咸阳,79.0
20170124,19,O3,咸阳,32.0
20170124,19,O3_24h,咸阳,43.0
20170124,19,O3_8h,咸阳,32.0
20170124,19,O3_8h_24h,咸阳,32.0
20170124,19,CO,咸阳,3.25
20170124,19,CO_24h,咸阳,2.9
20170124,20,AQI,咸阳,346.0
20170124,20,PM2.5,咸阳,296.0
20170124,20,PM2.5_24h,咸阳,271.0
20170124,20,PM10,咸阳,330.0
20170124,20,PM10_24h,咸阳,301.0
20170124,20,SO2,咸阳,59.0
20170124,20,SO2_24h,咸阳,49.0
20170124,20,NO2,咸阳,92.0
20170124,20,NO2_24h,咸阳,79.0
20170124,20,O3,咸阳,14.0
20170124,20,O3_24h,咸阳,43.0
20170124,20,O3_8h,咸阳,31.0
20170124,20,O3_8h_24h,咸阳,32.0
20170124,20,CO,咸阳,3.15
20170124,20,CO_24h,咸阳,2.9
20170124,21,AQI,咸阳,401.0
20170124,21,PM2.5,咸阳,352.0
20170124,21,PM2.5_24h,咸阳,276.0
20170124,21,PM10,咸阳,386.0
20170124,21,PM10_24h,咸阳,305.0
20170124,21,SO2,咸阳,55.0
20170124,21,SO2_24h,咸阳,49.0
20170124,21,NO2,咸阳,98.0
20170124,21,NO2_24h,咸阳,78.0
20170124,21,O3,咸阳,10.0
20170124,21,O3_24h,咸阳,43.0
20170124,21,O3_8h,咸阳,28.0
20170124,21,O3_8h_24h,咸阳,32.0
20170124,21,CO,咸阳,3.5
20170124,21,CO_24h,咸阳,3.0
20170124,22,AQI,咸阳,415.0
20170124,22,PM2.5,咸阳,372.0
20170124,22,PM2.5_24h,咸阳,282.0
20170124,22,PM10,咸阳,437.0
20170124,22,PM10_24h,咸阳,310.0
20170124,22,SO2,咸阳,52.0
20170124,22,SO2_24h,咸阳,50.0
20170124,22,NO2,咸阳,103.0
20170124,22,NO2_24h,咸阳,77.0
20170124,22,O3,咸阳,10.0
20170124,22,O3_24h,咸阳,43.0
20170124,22,O3_8h,咸阳,23.0
20170124,22,O3_8h_24h,咸阳,32.0
20170124,22,CO,咸阳,3.75
20170124,22,CO_24h,咸阳,3.0
20170124,23,AQI,咸阳,417.0
20170124,23,PM2.5,咸阳,375.0
20170124,23,PM2.5_24h,咸阳,285.0
20170124,23,PM10,咸阳,428.0
20170124,23,PM10_24h,咸阳,312.0
20170124,23,SO2,咸阳,54.0
20170124,23,SO2_24h,咸阳,49.0
20170124,23,NO2,咸阳,95.0
20170124,23,NO2_24h,咸阳,77.0
20170124,23,O3,咸阳,9.0
20170124,23,O3_24h,咸阳,43.0
20170124,23,O3_8h,咸阳,20.0
20170124,23,O3_8h_24h,咸阳,32.0
20170124,23,CO,咸阳,3.8
20170124,23,CO_24h,咸阳,3.05
20170124,0,AQI,铜川,160.0
20170124,0,PM2.5,铜川,122.0
20170124,0,PM2.5_24h,铜川,89.0
20170124,0,PM10,铜川,195.0
20170124,0,PM10_24h,铜川,135.0
20170124,0,SO2,铜川,67.0
20170124,0,SO2_24h,铜川,64.0
20170124,0,NO2,铜川,52.0
20170124,0,NO2_24h,铜川,46.0
20170124,0,O3,铜川,25.0
20170124,0,O3_24h,铜川,91.0
20170124,0,O3_8h,铜川,37.0
20170124,0,O3_8h_24h,铜川,74.0
20170124,0,CO,铜川,2.73
20170124,0,CO_24h,铜川,2.13
20170124,1,AQI,铜川,139.0
20170124,1,PM2.5,铜川,106.0
20170124,1,PM2.5_24h,铜川,90.0
20170124,1,PM10,铜川,168.0
20170124,1,PM10_24h,铜川,137.0
20170124,1,SO2,铜川,55.0
20170124,1,SO2_24h,铜川,65.0
20170124,1,NO2,铜川,48.0
20170124,1,NO2_24h,铜川,47.0
20170124,1,O3,铜川,25.0
20170124,1,O3_24h,铜川,91.0
20170124,1,O3_8h,铜川,25.0
20170124,1,O3_8h_24h,铜川,25.0
20170124,1,CO,铜川,2.27
20170124,1,CO_24h,铜川,2.13
20170124,2,AQI,铜川,124.0
20170124,2,PM2.5,铜川,94.0
20170124,2,PM2.5_24h,铜川,90.0
20170124,2,PM10,铜川,138.0
20170124,2,PM10_24h,铜川,137.0
20170124,2,SO2,铜川,48.0
20170124,2,SO2_24h,铜川,65.0
20170124,2,NO2,铜川,39.0
20170124,2,NO2_24h,铜川,47.0
20170124,2,O3,铜川,31.0
20170124,2,O3_24h,铜川,91.0
20170124,2,O3_8h,铜川,28.0
20170124,2,O3_8h_24h,铜川,28.0
20170124,2,CO,铜川,2.07
20170124,2,CO_24h,铜川,2.2
20170124,3,AQI,铜川,114.0
20170124,3,PM2.5,铜川,86.0
20170124,3,PM2.5_24h,铜川,91.0
20170124,3,PM10,铜川,121.0
20170124,3,PM10_24h,铜川,138.0
20170124,3,SO2,铜川,41.0
20170124,3,SO2_24h,铜川,66.0
20170124,3,NO2,铜川,33.0
20170124,3,NO2_24h,铜川,47.0
20170124,3,O3,铜川,33.0
20170124,3,O3_24h,铜川,91.0
20170124,3,O3_8h,铜川,29.0
20170124,3,O3_8h_24h,铜川,29.0
20170124,3,CO,铜川,1.87
20170124,3,CO_24h,铜川,2.2
20170124,4,AQI,铜川,104.0
20170124,4,PM2.5,铜川,78.0
20170124,4,PM2.5_24h,铜川,91.0
20170124,4,PM10,铜川,109.0
20170124,4,PM10_24h,铜川,138.0
20170124,4,SO2,铜川,35.0
20170124,4,SO2_24h,铜川,66.0
20170124,4,NO2,铜川,29.0
20170124,4,NO2_24h,铜川,47.0
20170124,4,O3,铜川,37.0
20170124,4,O3_24h,铜川,91.0
20170124,4,O3_8h,铜川,31.0
20170124,4,O3_8h_24h,铜川,31.0
20170124,4,CO,铜川,1.73
20170124,4,CO_24h,铜川,2.2
20170124,5,AQI,铜川,98.0
20170124,5,PM2.5,铜川,73.0
20170124,5,PM2.5_24h,铜川,91.0
20170124,5,PM10,铜川,96.0
20170124,5,PM10_24h,铜川,138.0
20170124,5,SO2,铜川,30.0
20170124,5,SO2_24h,铜川,66.0
20170124,5,NO2,铜川,27.0
20170124,5,NO2_24h,铜川,47.0
20170124,5,O3,铜川,37.0
20170124,5,O3_24h,铜川,91.0
20170124,5,O3_8h,铜川,33.0
20170124,5,O3_8h_24h,铜川,33.0
20170124,5,CO,铜川,1.67
20170124,5,CO_24h,铜川,2.23
20170124,6,AQI,铜川,93.0
20170124,6,PM2.5,铜川,69.0
20170124,6,PM2.5_24h,铜川,92.0
20170124,6,PM10,铜川,86.0
20170124,6,PM10_24h,铜川,137.0
20170124,6,SO2,铜川,28.0
20170124,6,SO2_24h,铜川,66.0
20170124,6,NO2,铜川,26.0
20170124,6,NO2_24h,铜川,47.0
20170124,6,O3,铜川,38.0
20170124,6,O3_24h,铜川,91.0
20170124,6,O3_8h,铜川,33.0
20170124,6,O3_8h_24h,铜川,33.0
20170124,6,CO,铜川,1.57
20170124,6,CO_24h,铜川,2.23
20170124,7,AQI,铜川,94.0
20170124,7,PM2.5,铜川,70.0
20170124,7,PM2.5_24h,铜川,92.0
20170124,7,PM10,铜川,85.0
20170124,7,PM10_24h,铜川,138.0
20170124,7,SO2,铜川,29.0
20170124,7,SO2_24h,铜川,67.0
20170124,7,NO2,铜川,31.0
20170124,7,NO2_24h,铜川,47.0
20170124,7,O3,铜川,34.0
20170124,7,O3_24h,铜川,91.0
20170124,7,O3_8h,铜川,33.0
20170124,7,O3_8h_24h,铜川,34.0
20170124,7,CO,铜川,1.57
20170124,7,CO_24h,铜川,2.23
20170124,8,AQI,铜川,98.0
20170124,8,PM2.5,铜川,73.0
20170124,8,PM2.5_24h,铜川,93.0
20170124,8,PM10,铜川,89.0
20170124,8,PM10_24h,铜川,138.0
20170124,8,SO2,铜川,34.0
20170124,8,SO2_24h,铜川,67.0
20170124,8,NO2,铜川,41.0
20170124,8,NO2_24h,铜川,47.0
20170124,8,O3,铜川,25.0
20170124,8,O3_24h,铜川,91.0
20170124,8,O3_8h,铜川,32.0
20170124,8,O3_8h_24h,铜川,34.0
20170124,8,CO,铜川,1.83
20170124,8,CO_24h,铜川,2.23
20170124,9,AQI,铜川,114.0
20170124,9,PM2.5,铜川,86.0
20170124,9,PM2.5_24h,铜川,94.0
20170124,9,PM10,铜川,105.0
20170124,9,PM10_24h,铜川,138.0
20170124,9,SO2,铜川,50.0
20170124,9,SO2_24h,铜川,67.0
20170124,9,NO2,铜川,48.0
20170124,9,NO2_24h,铜川,48.0
20170124,9,O3,铜川,24.0
20170124,9,O3_24h,铜川,91.0
20170124,9,O3_8h,铜川,32.0
20170124,9,O3_8h_24h,铜川,34.0
20170124,9,CO,铜川,2.33
20170124,9,CO_24h,铜川,2.3
20170124,10,AQI,铜川,157.0
20170124,10,PM2.5,铜川,120.0
20170124,10,PM2.5_24h,铜川,96.0
20170124,10,PM10,铜川,144.0
20170124,10,PM10_24h,铜川,141.0
20170124,10,SO2,铜川,70.0
20170124,10,SO2_24h,铜川,68.0
20170124,10,NO2,铜川,60.0
20170124,10,NO2_24h,铜川,49.0
20170124,10,O3,铜川,21.0
20170124,10,O3_24h,铜川,91.0
20170124,10,O3_8h,铜川,31.0
20170124,10,O3_8h_24h,铜川,34.0
20170124,10,CO,铜川,2.9
20170124,10,CO_24h,铜川,2.33
20170124,11,AQI,铜川,236.0
20170124,11,PM2.5,铜川,186.0
20170124,11,PM2.5_24h,铜川,101.0
20170124,11,PM10,铜川,193.0
20170124,11,PM10_24h,铜川,144.0
20170124,11,SO2,铜川,85.0
20170124,11,SO2_24h,铜川,69.0
20170124,11,NO2,铜川,62.0
20170124,11,NO2_24h,铜川,49.0
20170124,11,O3,铜川,34.0
20170124,11,O3_24h,铜川,91.0
20170124,11,O3_8h,铜川,32.0
20170124,11,O3_8h_24h,铜川,35.0
20170124,11,CO,铜川,3.23
20170124,11,CO_24h,铜川,2.33
20170124,12,AQI,铜川,235.0
20170124,12,PM2.5,铜川,185.0
20170124,12,PM2.5_24h,铜川,106.0
20170124,12,PM10,铜川,222.0
20170124,12,PM10_24h,铜川,148.0
20170124,12,SO2,铜川,77.0
20170124,12,SO2_24h,铜川,69.0
20170124,12,NO2,铜川,52.0
20170124,12,NO2_24h,铜川,49.0
20170124,12,O3,铜川,53.0
20170124,12,O3_24h,铜川,91.0
20170124,12,O3_8h,铜川,33.0
20170124,12,O3_8h_24h,铜川,37.0
20170124,12,CO,铜川,2.93
20170124,12,CO_24h,铜川,2.37
20170124,13,AQI,铜川,206.0
20170124,13,PM2.5,铜川,156.0
20170124,13,PM2.5_24h,铜川,101.0
20170124,13,PM10,铜川,239.0
20170124,13,PM10_24h,铜川,154.0
20170124,13,SO2,铜川,90.0
20170124,13,SO2_24h,铜川,68.0
20170124,13,NO2,铜川,50.0
20170124,13,NO2_24h,铜川,57.0
20170124,13,O3,铜川,69.0
20170124,13,O3_24h,铜川,98.0
20170124,13,O3_8h,铜川,35.0
20170124,13,O3_8h_24h,铜川,40.0
20170124,13,CO,铜川,2.4
20170124,13,CO_24h,铜川,2.35
20170124,14,AQI,铜川,251.0
20170124,14,PM2.5,铜川,201.0
20170124,14,PM2.5_24h,铜川,115.0
20170124,14,PM10,铜川,262.0
20170124,14,PM10_24h,铜川,158.0
20170124,14,SO2,铜川,71.0
20170124,14,SO2_24h,铜川,70.0
20170124,14,NO2,铜川,36.0
20170124,14,NO2_24h,铜川,49.0
20170124,14,O3,铜川,100.0
20170124,14,O3_24h,铜川,115.0
20170124,14,O3_8h,铜川,44.0
20170124,14,O3_8h_24h,铜川,46.0
20170124,14,CO,铜川,2.87
20170124,14,CO_24h,铜川,2.47
20170124,15,AQI,铜川,257.0
20170124,15,PM2.5,铜川,207.0
20170124,15,PM2.5_24h,铜川,121.0
20170124,15,PM10,铜川,259.0
20170124,15,PM10_24h,铜川,163.0
20170124,15,SO2,铜川,100.0
20170124,15,SO2_24h,铜川,71.0
20170124,15,NO2,铜川,45.0
20170124,15,NO2_24h,铜川,49.0
20170124,15,O3,铜川,76.0
20170124,15,O3_24h,铜川,111.0
20170124,15,O3_8h,铜川,50.0
20170124,15,O3_8h_24h,铜川,50.0
20170124,15,CO,铜川,2.7
20170124,15,CO_24h,铜川,2.5
20170124,16,AQI,铜川,262.0
20170124,16,PM2.5,铜川,212.0
20170124,16,PM2.5_24h,铜川,126.0
20170124,16,PM10,铜川,267.0
20170124,16,PM10_24h,铜川,169.0
20170124,16,SO2,铜川,59.0
20170124,16,SO2_24h,铜川,70.0
20170124,16,NO2,铜川,46.0
20170124,16,NO2_24h,铜川,50.0
20170124,16,O3,铜川,76.0
20170124,16,O3_24h,铜川,106.0
20170124,16,O3_8h,铜川,57.0
20170124,16,O3_8h_24h,铜川,57.0
20170124,16,CO,铜川,2.73
20170124,16,CO_24h,铜川,2.5
20170124,17,AQI,铜川,263.0
20170124,17,PM2.5,铜川,213.0
20170124,17,PM2.5_24h,铜川,132.0
20170124,17,PM10,铜川,272.0
20170124,17,PM10_24h,铜川,174.0
20170124,17,SO2,铜川,72.0
20170124,17,SO2_24h,铜川,69.0
20170124,17,NO2,铜川,54.0
20170124,17,NO2_24h,铜川,50.0
20170124,17,O3,铜川,62.0
20170124,17,O3_24h,铜川,104.0
20170124,17,O3_8h,铜川,61.0
20170124,17,O3_8h_24h,铜川,61.0
20170124,17,CO,铜川,2.8
20170124,17,CO_24h,铜川,2.5
20170124,18,AQI,铜川,270.0
20170124,18,PM2.5,铜川,220.0
20170124,18,PM2.5_24h,铜川,137.0
20170124,18,PM10,铜川,284.0
20170124,18,PM10_24h,铜川,180.0
20170124,18,SO2,铜川,116.0
20170124,18,SO2_24h,铜川,70.0
20170124,18,NO2,铜川,67.0
20170124,18,NO2_24h,铜川,50.0
20170124,18,O3,铜川,52.0
20170124,18,O3_24h,铜川,104.0
20170124,18,O3_8h,铜川,66.0
20170124,18,O3_8h_24h,铜川,66.0
20170124,18,CO,铜川,3.23
20170124,18,CO_24h,铜川,2.53
20170124,19,AQI,铜川,290.0
20170124,19,PM2.5,铜川,240.0
20170124,19,PM2.5_24h,铜川,142.0
20170124,19,PM10,铜川,303.0
20170124,19,PM10_24h,铜川,185.0
20170124,19,SO2,铜川,111.0
20170124,19,SO2_24h,铜川,71.0
20170124,19,NO2,铜川,75.0
20170124,19,NO2_24h,铜川,50.0
20170124,19,O3,铜川,39.0
20170124,19,O3_24h,铜川,104.0
20170124,19,O3_8h,铜川,66.0
20170124,19,O3_8h_24h,铜川,66.0
20170124,19,CO,铜川,3.5
20170124,19,CO_24h,铜川,2.53
20170124,20,AQI,铜川,311.0
20170124,20,PM2.5,铜川,261.0
20170124,20,PM2.5_24h,铜川,147.0
20170124,20,PM10,铜川,336.0
20170124,20,PM10_24h,铜川,189.0
20170124,20,SO2,铜川,114.0
20170124,20,SO2_24h,铜川,70.0
20170124,20,NO2,铜川,75.0
20170124,20,NO2_24h,铜川,50.0
20170124,20,O3,铜川,28.0
20170124,20,O3_24h,铜川,104.0
20170124,20,O3_8h,铜川,63.0
20170124,20,O3_8h_24h,铜川,66.0
20170124,20,CO,铜川,3.43
20170124,20,CO_24h,铜川,2.6
20170124,21,AQI,铜川,330.0
20170124,21,PM2.5,铜川,280.0
20170124,21,PM2.5_24h,铜川,152.0
20170124,21,PM10,铜川,332.0
20170124,21,PM10_24h,铜川,193.0
20170124,21,SO2,铜川,117.0
20170124,21,SO2_24h,铜川,70.0
20170124,21,NO2,铜川,78.0
20170124,21,NO2_24h,铜川,50.0
20170124,21,O3,铜川,18.0
20170124,21,O3_24h,铜川,104.0
20170124,21,O3_8h,铜川,56.0
20170124,21,O3_8h_24h,铜川,66.0
20170124,21,CO,铜川,3.67
20170124,21,CO_24h,铜川,2.6
20170124,22,AQI,铜川,337.0
20170124,22,PM2.5,铜川,287.0
20170124,22,PM2.5_24h,铜川,157.0
20170124,22,PM10,铜川,350.0
20170124,22,PM10_24h,铜川,199.0
20170124,22,SO2,铜川,100.0
20170124,22,SO2_24h,铜川,70.0
20170124,22,NO2,铜川,76.0
20170124,22,NO2_24h,铜川,50.0
20170124,22,O3,铜川,17.0
20170124,22,O3_24h,铜川,104.0
20170124,22,O3_8h,铜川,46.0
20170124,22,O3_8h_24h,铜川,66.0
20170124,22,CO,铜川,3.6
20170124,22,CO_24h,铜川,2.6
20170124,23,AQI,铜川,323.0
20170124,23,PM2.5,铜川,273.0
20170124,23,PM2.5_24h,铜川,163.0
20170124,23,PM10,铜川,333.0
20170124,23,PM10_24h,铜川,206.0
20170124,23,SO2,铜川,74.0
20170124,23,SO2_24h,铜川,69.0
20170124,23,NO2,铜川,59.0
20170124,23,NO2_24h,铜川,50.0
20170124,23,O3,铜川,29.0
20170124,23,O3_24h,铜川,104.0
20170124,23,O3_8h,铜川,40.0
20170124,23,O3_8h_24h,铜川,66.0
20170124,23,CO,铜川,3.13
20170124,23,CO_24h,铜川,2.63
20170124,0,AQI,延安,125.0
20170124,0,PM2.5,延安,95.0
20170124,0,PM2.5_24h,延安,63.0
20170124,0,PM10,延安,145.0
20170124,0,PM10_24h,延安,103.0
20170124,0,SO2,延安,138.0
20170124,0,SO2_24h,延安,117.0
20170124,0,NO2,延安,83.0
20170124,0,NO2_24h,延安,78.0
20170124,0,O3,延安,8.0
20170124,0,O3_24h,延安,47.0
20170124,0,O3_8h,延安,16.0
20170124,0,O3_8h_24h,延安,30.0
20170124,0,CO,延安,4.3
20170124,0,CO_24h,延安,3.2
20170124,1,AQI,延安,105.0
20170124,1,PM2.5,延安,79.0
20170124,1,PM2.5_24h,延安,63.0
20170124,1,PM10,延安,126.0
20170124,1,PM10_24h,延安,103.0
20170124,1,SO2,延安,120.0
20170124,1,SO2_24h,延安,117.0
20170124,1,NO2,延安,74.0
20170124,1,NO2_24h,延安,78.0
20170124,1,O3,延安,7.0
20170124,1,O3_24h,延安,47.0
20170124,1,O3_8h,延安,7.0
20170124,1,O3_8h_24h,延安,7.0
20170124,1,CO,延安,3.87
20170124,1,CO_24h,延安,3.2
20170124,2,AQI,延安,133.0
20170124,2,PM2.5,延安,101.0
20170124,2,PM2.5_24h,延安,66.0
20170124,2,PM10,延安,99.0
20170124,2,PM10_24h,延安,104.0
20170124,2,SO2,延安,113.0
20170124,2,SO2_24h,延安,118.0
20170124,2,NO2,延安,68.0
20170124,2,NO2_24h,延安,79.0
20170124,2,O3,延安,8.0
20170124,2,O3_24h,延安,47.0
20170124,2,O3_8h,延安,8.0
20170124,2,O3_8h_24h,延安,8.0
20170124,2,CO,延安,3.83
20170124,2,CO_24h,延安,3.23
20170124,3,AQI,延安,86.0
20170124,3,PM2.5,延安,64.0
20170124,3,PM2.5_24h,延安,66.0
20170124,3,PM10,延安,104.0
20170124,3,PM10_24h,延安,105.0
20170124,3,SO2,延安,95.0
20170124,3,SO2_24h,延安,118.0
20170124,3,NO2,延安,62.0
20170124,3,NO2_24h,延安,79.0
20170124,3,O3,延安,7.0
20170124,3,O3_24h,延安,47.0
20170124,3,O3_8h,延安,7.0
20170124,3,O3_8h_24h,延安,8.0
20170124,3,CO,延安,3.4
20170124,3,CO_24h,延安,3.23
20170124,4,AQI,延安,67.0
20170124,4,PM2.5,延安,47.0
20170124,4,PM2.5_24h,延安,67.0
20170124,4,PM10,延安,83.0
20170124,4,PM10_24h,延安,106.0
20170124,4,SO2,延安,84.0
20170124,4,SO2_24h,延安,119.0
20170124,4,NO2,延安,59.0
20170124,4,NO2_24h,延安,79.0
20170124,4,O3,延安,6.0
20170124,4,O3_24h,延安,47.0
20170124,4,O3_8h,延安,7.0
20170124,4,O3_8h_24h,延安,8.0
20170124,4,CO,延安,2.87
20170124,4,CO_24h,延安,3.27
20170124,5,AQI,延安,60.0
20170124,5,PM2.5,延安,39.0
20170124,5,PM2.5_24h,延安,68.0
20170124,5,PM10,延安,70.0
20170124,5,PM10_24h,延安,107.0
20170124,5,SO2,延安,80.0
20170124,5,SO2_24h,延安,119.0
20170124,5,NO2,延安,56.0
20170124,5,NO2_24h,延安,79.0
20170124,5,O3,延安,6.0
20170124,5,O3_24h,延安,47.0
20170124,5,O3_8h,延安,7.0
20170124,5,O3_8h_24h,延安,8.0
20170124,5,CO,延安,2.5
20170124,5,CO_24h,延安,3.3
20170124,6,AQI,延安,60.0
20170124,6,PM2.5,延安,38.0
20170124,6,PM2.5_24h,延安,68.0
20170124,6,PM10,延安,70.0
20170124,6,PM10_24h,延安,107.0
20170124,6,SO2,延安,89.0
20170124,6,SO2_24h,延安,120.0
20170124,6,NO2,延安,55.0
20170124,6,NO2_24h,延安,79.0
20170124,6,O3,延安,6.0
20170124,6,O3_24h,延安,47.0
20170124,6,O3_8h,延安,7.0
20170124,6,O3_8h_24h,延安,8.0
20170124,6,CO,延安,2.53
20170124,6,CO_24h,延安,3.3
20170124,7,AQI,延安,65.0
20170124,7,PM2.5,延安,41.0
20170124,7,PM2.5_24h,延安,69.0
20170124,7,PM10,延安,79.0
20170124,7,PM10_24h,延安,108.0
20170124,7,SO2,延安,85.0
20170124,7,SO2_24h,延安,120.0
20170124,7,NO2,延安,55.0
20170124,7,NO2_24h,延安,80.0
20170124,7,O3,延安,6.0
20170124,7,O3_24h,延安,47.0
20170124,7,O3_8h,延安,6.0
20170124,7,O3_8h_24h,延安,8.0
20170124,7,CO,延安,2.53
20170124,7,CO_24h,延安,3.3
20170124,8,AQI,延安,68.0
20170124,8,PM2.5,延安,49.0
20170124,8,PM2.5_24h,延安,69.0
20170124,8,PM10,延安,78.0
20170124,8,PM10_24h,延安,108.0
20170124,8,SO2,延安,97.0
20170124,8,SO2_24h,延安,120.0
20170124,8,NO2,延安,55.0
20170124,8,NO2_24h,延安,80.0
20170124,8,O3,延安,7.0
20170124,8,O3_24h,延安,47.0
20170124,8,O3_8h,延安,6.0
20170124,8,O3_8h_24h,延安,8.0
20170124,8,CO,延安,2.77
20170124,8,CO_24h,延安,3.3
20170124,9,AQI,延安,94.0
20170124,9,PM2.5,延安,70.0
20170124,9,PM2.5_24h,延安,70.0
20170124,9,PM10,延安,100.0
20170124,9,PM10_24h,延安,109.0
20170124,9,SO2,延安,135.0
20170124,9,SO2_24h,延安,122.0
20170124,9,NO2,延安,57.0
20170124,9,NO2_24h,延安,80.0
20170124,9,O3,延安,8.0
20170124,9,O3_24h,延安,47.0
20170124,9,O3_8h,延安,6.0
20170124,9,O3_8h_24h,延安,8.0
20170124,9,CO,延安,3.07
20170124,9,CO_24h,延安,3.33
20170124,10,AQI,延安,91.0
20170124,10,PM2.5,延安,68.0
20170124,10,PM2.5_24h,延安,70.0
20170124,10,PM10,延安,107.0
20170124,10,PM10_24h,延安,110.0
20170124,10,SO2,延安,155.0
20170124,10,SO2_24h,延安,122.0
20170124,10,NO2,延安,62.0
20170124,10,NO2_24h,延安,80.0
20170124,10,O3,延安,9.0
20170124,10,O3_24h,延安,47.0
20170124,10,O3_8h,延安,7.0
20170124,10,O3_8h_24h,延安,8.0
20170124,10,CO,延安,3.03
20170124,10,CO_24h,延安,3.33
20170124,11,AQI,延安,106.0
20170124,11,PM2.5,延安,80.0
20170124,11,PM2.5_24h,延安,72.0
20170124,11,PM10,延安,111.0
20170124,11,PM10_24h,延安,111.0
20170124,11,SO2,延安,157.0
20170124,11,SO2_24h,延安,123.0
20170124,11,NO2,延安,69.0
20170124,11,NO2_24h,延安,81.0
20170124,11,O3,延安,12.0
20170124,11,O3_24h,延安,47.0
20170124,11,O3_8h,延安,7.0
20170124,11,O3_8h_24h,延安,8.0
20170124,11,CO,延安,3.03
20170124,11,CO_24h,延安,3.37
20170124,12,AQI,延安,86.0
20170124,12,PM2.5,延安,64.0
20170124,12,PM2.5_24h,延安,73.0
20170124,12,PM10,延安,114.0
20170124,12,PM10_24h,延安,113.0
20170124,12,SO2,延安,160.0
20170124,12,SO2_24h,延安,124.0
20170124,12,NO2,延安,75.0
20170124,12,NO2_24h,延安,81.0
20170124,12,O3,延安,16.0
20170124,12,O3_24h,延安,47.0
20170124,12,O3_8h,延安,8.0
20170124,12,O3_8h_24h,延安,9.0
20170124,12,CO,延安,2.7
20170124,12,CO_24h,延安,3.37
20170124,13,AQI,延安,76.0
20170124,13,PM2.5,延安,55.0
20170124,13,PM2.5_24h,延安,74.0
20170124,13,PM10,延安,101.0
20170124,13,PM10_24h,延安,113.0
20170124,13,SO2,延安,164.0
20170124,13,SO2_24h,延安,125.0
20170124,13,NO2,延安,83.0
20170124,13,NO2_24h,延安,82.0
20170124,13,O3,延安,23.0
20170124,13,O3_24h,延安,47.0
20170124,13,O3_8h,延安,11.0
20170124,13,O3_8h_24h,延安,11.0
20170124,13,CO,延安,2.43
20170124,13,CO_24h,延安,3.37
20170124,14,AQI,延安,79.0
20170124,14,PM2.5,延安,55.0
20170124,14,PM2.5_24h,延安,74.0
20170124,14,PM10,延安,107.0
20170124,14,PM10_24h,延安,113.0
20170124,14,SO2,延安,206.0
20170124,14,SO2_24h,延安,128.0
20170124,14,NO2,延安,95.0
20170124,14,NO2_24h,延安,82.0
20170124,14,O3,延安,26.0
20170124,14,O3_24h,延安,47.0
20170124,14,O3_8h,延安,13.0
20170124,14,O3_8h_24h,延安,13.0
20170124,14,CO,延安,2.43
20170124,14,CO_24h,延安,3.37
20170124,15,AQI,延安,83.0
20170124,15,PM2.5,延安,52.0
20170124,15,PM2.5_24h,延安,74.0
20170124,15,PM10,延安,116.0
20170124,15,PM10_24h,延安,114.0
20170124,15,SO2,延安,149.0
20170124,15,SO2_24h,延安,130.0
20170124,15,NO2,延安,92.0
20170124,15,NO2_24h,延安,82.0
20170124,15,O3,延安,36.0
20170124,15,O3_24h,延安,47.0
20170124,15,O3_8h,延安,17.0
20170124,15,O3_8h_24h,延安,17.0
20170124,15,CO,延安,2.23
20170124,15,CO_24h,延安,3.37
20170124,16,AQI,延安,74.0
20170124,16,PM2.5,延安,49.0
20170124,16,PM2.5_24h,延安,74.0
20170124,16,PM10,延安,97.0
20170124,16,PM10_24h,延安,115.0
20170124,16,SO2,延安,92.0
20170124,16,SO2_24h,延安,130.0
20170124,16,NO2,延安,72.0
20170124,16,NO2_24h,延安,81.0
20170124,16,O3,延安,56.0
20170124,16,O3_24h,延安,56.0
20170124,16,O3_8h,延安,23.0
20170124,16,O3_8h_24h,延安,23.0
20170124,16,CO,延安,2.07
20170124,16,CO_24h,延安,3.37
20170124,17,AQI,延安,98.0
20170124,17,PM2.5,延安,73.0
20170124,17,PM2.5_24h,延安,76.0
20170124,17,PM10,延安,115.0
20170124,17,PM10_24h,延安,116.0
20170124,17,SO2,延安,95.0
20170124,17,SO2_24h,延安,128.0
20170124,17,NO2,延安,112.0
20170124,17,NO2_24h,延安,82.0
20170124,17,O3,延安,31.0
20170124,17,O3_24h,延安,56.0
20170124,17,O3_8h,延安,26.0
20170124,17,O3_8h_24h,延安,26.0
20170124,17,CO,延安,2.7
20170124,17,CO_24h,延安,3.37
20170124,18,AQI,延安,144.0
20170124,18,PM2.5,延安,110.0
20170124,18,PM2.5_24h,延安,78.0
20170124,18,PM10,延安,189.0
20170124,18,PM10_24h,延安,120.0
20170124,18,SO2,延安,113.0
20170124,18,SO2_24h,延安,128.0
20170124,18,NO2,延安,143.0
20170124,18,NO2_24h,延安,83.0
20170124,18,O3,延安,15.0
20170124,18,O3_24h,延安,56.0
20170124,18,O3_8h,延安,27.0
20170124,18,O3_8h_24h,延安,27.0
20170124,18,CO,延安,4.43
20170124,18,CO_24h,延安,3.47
20170124,19,AQI,延安,217.0
20170124,19,PM2.5,延安,167.0
20170124,19,PM2.5_24h,延安,79.0
20170124,19,PM10,延安,205.0
20170124,19,PM10_24h,延安,123.0
20170124,19,SO2,延安,155.0
20170124,19,SO2_24h,延安,128.0
20170124,19,NO2,延安,138.0
20170124,19,NO2_24h,延安,84.0
20170124,19,O3,延安,12.0
20170124,19,O3_24h,延安,56.0
20170124,19,O3_8h,延安,27.0
20170124,19,O3_8h_24h,延安,27.0
20170124,19,CO,延安,5.5
20170124,19,CO_24h,延安,3.5
20170124,20,AQI,延安,222.0
20170124,20,PM2.5,延安,172.0
20170124,20,PM2.5_24h,延安,81.0
20170124,20,PM10,延安,225.0
20170124,20,PM10_24h,延安,125.0
20170124,20,SO2,延安,183.0
20170124,20,SO2_24h,延安,130.0
20170124,20,NO2,延安,134.0
20170124,20,NO2_24h,延安,84.0
20170124,20,O3,延安,11.0
20170124,20,O3_24h,延安,56.0
20170124,20,O3_8h,延安,26.0
20170124,20,O3_8h_24h,延安,27.0
20170124,20,CO,延安,6.03
20170124,20,CO_24h,延安,3.53
20170124,21,AQI,延安,206.0
20170124,21,PM2.5,延安,156.0
20170124,21,PM2.5_24h,延安,82.0
20170124,21,PM10,延安,214.0
20170124,21,PM10_24h,延安,126.0
20170124,21,SO2,延安,175.0
20170124,21,SO2_24h,延安,131.0
20170124,21,NO2,延安,122.0
20170124,21,NO2_24h,延安,84.0
20170124,21,O3,延安,16.0
20170124,21,O3_24h,延安,56.0
20170124,21,O3_8h,延安,25.0
20170124,21,O3_8h_24h,延安,27.0
20170124,21,CO,延安,4.87
20170124,21,CO_24h,延安,3.5
20170124,22,AQI,延安,171.0
20170124,22,PM2.5,延安,130.0
20170124,22,PM2.5_24h,延安,82.0
20170124,22,PM10,延安,174.0
20170124,22,PM10_24h,延安,125.0
20170124,22,SO2,延安,139.0
20170124,22,SO2_24h,延安,130.0
20170124,22,NO2,延安,107.0
20170124,22,NO2_24h,延安,84.0
20170124,22,O3,延安,15.0
20170124,22,O3_24h,延安,56.0
20170124,22,O3_8h,延安,24.0
20170124,22,O3_8h_24h,延安,27.0
20170124,22,CO,延安,3.93
20170124,22,CO_24h,延安,3.4
20170124,23,AQI,延安,202.0
20170124,23,PM2.5,延安,152.0
20170124,23,PM2.5_24h,延安,83.0
20170124,23,PM10,延安,150.0
20170124,23,PM10_24h,延安,124.0
20170124,23,SO2,延安,131.0
20170124,23,SO2_24h,延安,129.0
20170124,23,NO2,延安,105.0
20170124,23,NO2_24h,延安,85.0
20170124,23,O3,延安,13.0
20170124,23,O3_24h,延安,56.0
20170124,23,O3_8h,延安,21.0
20170124,23,O3_8h_24h,延安,27.0
20170124,23,CO,延安,3.63
20170124,23,CO_24h,延安,3.37
20170124,0,AQI,宝鸡,252.0
20170124,0,PM2.5,宝鸡,202.0
20170124,0,PM2.5_24h,宝鸡,124.0
20170124,0,PM10,宝鸡,255.0
20170124,0,PM10_24h,宝鸡,169.0
20170124,0,SO2,宝鸡,25.0
20170124,0,SO2_24h,宝鸡,29.0
20170124,0,NO2,宝鸡,71.0
20170124,0,NO2_24h,宝鸡,61.0
20170124,0,O3,宝鸡,26.0
20170124,0,O3_24h,宝鸡,117.0
20170124,0,O3_8h,宝鸡,54.0
20170124,0,O3_8h_24h,宝鸡,88.0
20170124,0,CO,宝鸡,2.41
20170124,0,CO_24h,宝鸡,1.89
20170124,1,AQI,宝鸡,227.0
20170124,1,PM2.5,宝鸡,177.0
20170124,1,PM2.5_24h,宝鸡,126.0
20170124,1,PM10,宝鸡,235.0
20170124,1,PM10_24h,宝鸡,172.0
20170124,1,SO2,宝鸡,23.0
20170124,1,SO2_24h,宝鸡,29.0
20170124,1,NO2,宝鸡,68.0
20170124,1,NO2_24h,宝鸡,61.0
20170124,1,O3,宝鸡,24.0
20170124,1,O3_24h,宝鸡,117.0
20170124,1,O3_8h,宝鸡,24.0
20170124,1,O3_8h_24h,宝鸡,24.0
20170124,1,CO,宝鸡,2.26
20170124,1,CO_24h,宝鸡,1.91
20170124,2,AQI,宝鸡,222.0
20170124,2,PM2.5,宝鸡,172.0
20170124,2,PM2.5_24h,宝鸡,129.0
20170124,2,PM10,宝鸡,231.0
20170124,2,PM10_24h,宝鸡,174.0
20170124,2,SO2,宝鸡,23.0
20170124,2,SO2_24h,宝鸡,29.0
20170124,2,NO2,宝鸡,66.0
20170124,2,NO2_24h,宝鸡,61.0
20170124,2,O3,宝鸡,22.0
20170124,2,O3_24h,宝鸡,117.0
20170124,2,O3_8h,宝鸡,23.0
20170124,2,O3_8h_24h,宝鸡,24.0
20170124,2,CO,宝鸡,2.3
20170124,2,CO_24h,宝鸡,1.94
20170124,3,AQI,宝鸡,223.0
20170124,3,PM2.5,宝鸡,173.0
20170124,3,PM2.5_24h,宝鸡,132.0
20170124,3,PM10,宝鸡,225.0
20170124,3,PM10_24h,宝鸡,178.0
20170124,3,SO2,宝鸡,25.0
20170124,3,SO2_24h,宝鸡,30.0
20170124,3,NO2,宝鸡,64.0
20170124,3,NO2_24h,宝鸡,62.0
20170124,3,O3,宝鸡,21.0
20170124,3,O3_24h,宝鸡,117.0
20170124,3,O3_8h,宝鸡,22.0
20170124,3,O3_8h_24h,宝鸡,24.0
20170124,3,CO,宝鸡,2.3
20170124,3,CO_24h,宝鸡,1.97
20170124,4,AQI,宝鸡,221.0
20170124,4,PM2.5,宝鸡,171.0
20170124,4,PM2.5_24h,宝鸡,135.0
20170124,4,PM10,宝鸡,218.0
20170124,4,PM10_24h,宝鸡,181.0
20170124,4,SO2,宝鸡,25.0
20170124,4,SO2_24h,宝鸡,30.0
20170124,4,NO2,宝鸡,64.0
20170124,4,NO2_24h,宝鸡,62.0
20170124,4,O3,宝鸡,18.0
20170124,4,O3_24h,宝鸡,117.0
20170124,4,O3_8h,宝鸡,21.0
20170124,4,O3_8h_24h,宝鸡,24.0
20170124,4,CO,宝鸡,2.36
20170124,4,CO_24h,宝鸡,2.0
20170124,5,AQI,宝鸡,208.0
20170124,5,PM2.5,宝鸡,158.0
20170124,5,PM2.5_24h,宝鸡,138.0
20170124,5,PM10,宝鸡,207.0
20170124,5,PM10_24h,宝鸡,185.0
20170124,5,SO2,宝鸡,39.0
20170124,5,SO2_24h,宝鸡,31.0
20170124,5,NO2,宝鸡,66.0
20170124,5,NO2_24h,宝鸡,63.0
20170124,5,O3,宝鸡,17.0
20170124,5,O3_24h,宝鸡,117.0
20170124,5,O3_8h,宝鸡,20.0
20170124,5,O3_8h_24h,宝鸡,24.0
20170124,5,CO,宝鸡,2.39
20170124,5,CO_24h,宝鸡,2.03
20170124,6,AQI,宝鸡,208.0
20170124,6,PM2.5,宝鸡,158.0
20170124,6,PM2.5_24h,宝鸡,141.0
20170124,6,PM10,宝鸡,196.0
20170124,6,PM10_24h,宝鸡,188.0
20170124,6,SO2,宝鸡,40.0
20170124,6,SO2_24h,宝鸡,32.0
20170124,6,NO2,宝鸡,65.0
20170124,6,NO2_24h,宝鸡,64.0
20170124,6,O3,宝鸡,16.0
20170124,6,O3_24h,宝鸡,117.0
20170124,6,O3_8h,宝鸡,19.0
20170124,6,O3_8h_24h,宝鸡,24.0
20170124,6,CO,宝鸡,2.5
20170124,6,CO_24h,宝鸡,2.06
20170124,7,AQI,宝鸡,215.0
20170124,7,PM2.5,宝鸡,165.0
20170124,7,PM2.5_24h,宝鸡,145.0
20170124,7,PM10,宝鸡,208.0
20170124,7,PM10_24h,宝鸡,192.0
20170124,7,SO2,宝鸡,38.0
20170124,7,SO2_24h,宝鸡,33.0
20170124,7,NO2,宝鸡,68.0
20170124,7,NO2_24h,宝鸡,65.0
20170124,7,O3,宝鸡,13.0
20170124,7,O3_24h,宝鸡,117.0
20170124,7,O3_8h,宝鸡,18.0
20170124,7,O3_8h_24h,宝鸡,24.0
20170124,7,CO,宝鸡,2.59
20170124,7,CO_24h,宝鸡,2.1
20170124,8,AQI,宝鸡,213.0
20170124,8,PM2.5,宝鸡,163.0
20170124,8,PM2.5_24h,宝鸡,148.0
20170124,8,PM10,宝鸡,214.0
20170124,8,PM10_24h,宝鸡,196.0
20170124,8,SO2,宝鸡,36.0
20170124,8,SO2_24h,宝鸡,34.0
20170124,8,NO2,宝鸡,70.0
20170124,8,NO2_24h,宝鸡,65.0
20170124,8,O3,宝鸡,11.0
20170124,8,O3_24h,宝鸡,117.0
20170124,8,O3_8h,宝鸡,17.0
20170124,8,O3_8h_24h,宝鸡,24.0
20170124,8,CO,宝鸡,2.74
20170124,8,CO_24h,宝鸡,2.11
20170124,9,AQI,宝鸡,222.0
20170124,9,PM2.5,宝鸡,172.0
20170124,9,PM2.5_24h,宝鸡,151.0
20170124,9,PM10,宝鸡,235.0
20170124,9,PM10_24h,宝鸡,200.0
20170124,9,SO2,宝鸡,42.0
20170124,9,SO2_24h,宝鸡,34.0
20170124,9,NO2,宝鸡,71.0
20170124,9,NO2_24h,宝鸡,66.0
20170124,9,O3,宝鸡,11.0
20170124,9,O3_24h,宝鸡,117.0
20170124,9,O3_8h,宝鸡,16.0
20170124,9,O3_8h_24h,宝鸡,24.0
20170124,9,CO,宝鸡,2.97
20170124,9,CO_24h,宝鸡,2.16
20170124,10,AQI,宝鸡,234.0
20170124,10,PM2.5,宝鸡,184.0
20170124,10,PM2.5_24h,宝鸡,154.0
20170124,10,PM10,宝鸡,250.0
20170124,10,PM10_24h,宝鸡,204.0
20170124,10,SO2,宝鸡,43.0
20170124,10,SO2_24h,宝鸡,34.0
20170124,10,NO2,宝鸡,73.0
20170124,10,NO2_24h,宝鸡,67.0
20170124,10,O3,宝鸡,13.0
20170124,10,O3_24h,宝鸡,117.0
20170124,10,O3_8h,宝鸡,15.0
20170124,10,O3_8h_24h,宝鸡,24.0
20170124,10,CO,宝鸡,3.03
20170124,10,CO_24h,宝鸡,2.2
20170124,11,AQI,宝鸡,235.0
20170124,11,PM2.5,宝鸡,185.0
20170124,11,PM2.5_24h,宝鸡,157.0
20170124,11,PM10,宝鸡,250.0
20170124,11,PM10_24h,宝鸡,208.0
20170124,11,SO2,宝鸡,54.0
20170124,11,SO2_24h,宝鸡,35.0
20170124,11,NO2,宝鸡,76.0
20170124,11,NO2_24h,宝鸡,67.0
20170124,11,O3,宝鸡,17.0
20170124,11,O3_24h,宝鸡,117.0
20170124,11,O3_8h,宝鸡,14.0
20170124,11,O3_8h_24h,宝鸡,24.0
20170124,11,CO,宝鸡,2.99
20170124,11,CO_24h,宝鸡,2.23
20170124,12,AQI,宝鸡,234.0
20170124,12,PM2.5,宝鸡,184.0
20170124,12,PM2.5_24h,宝鸡,160.0
20170124,12,PM10,宝鸡,254.0
20170124,12,PM10_24h,宝鸡,212.0
20170124,12,SO2,宝鸡,55.0
20170124,12,SO2_24h,宝鸡,35.0
20170124,12,NO2,宝鸡,75.0
20170124,12,NO2_24h,宝鸡,68.0
20170124,12,O3,宝鸡,26.0
20170124,12,O3_24h,宝鸡,117.0
20170124,12,O3_8h,宝鸡,15.0
20170124,12,O3_8h_24h,宝鸡,25.0
20170124,12,CO,宝鸡,2.69
20170124,12,CO_24h,宝鸡,2.26
20170124,13,AQI,宝鸡,225.0
20170124,13,PM2.5,宝鸡,175.0
20170124,13,PM2.5_24h,宝鸡,162.0
20170124,13,PM10,宝鸡,250.0
20170124,13,PM10_24h,宝鸡,215.0
20170124,13,SO2,宝鸡,75.0
20170124,13,SO2_24h,宝鸡,36.0
20170124,13,NO2,宝鸡,70.0
20170124,13,NO2_24h,宝鸡,68.0
20170124,13,O3,宝鸡,36.0
20170124,13,O3_24h,宝鸡,117.0
20170124,13,O3_8h,宝鸡,18.0
20170124,13,O3_8h_24h,宝鸡,25.0
20170124,13,CO,宝鸡,2.63
20170124,13,CO_24h,宝鸡,2.31
20170124,14,AQI,宝鸡,212.0
20170124,14,PM2.5,宝鸡,162.0
20170124,14,PM2.5_24h,宝鸡,165.0
20170124,14,PM10,宝鸡,226.0
20170124,14,PM10_24h,宝鸡,217.0
20170124,14,SO2,宝鸡,59.0
20170124,14,SO2_24h,宝鸡,37.0
20170124,14,NO2,宝鸡,66.0
20170124,14,NO2_24h,宝鸡,69.0
20170124,14,O3,宝鸡,48.0
20170124,14,O3_24h,宝鸡,117.0
20170124,14,O3_8h,宝鸡,22.0
20170124,14,O3_8h_24h,宝鸡,28.0
20170124,14,CO,宝鸡,2.3
20170124,14,CO_24h,宝鸡,2.31
20170124,15,AQI,宝鸡,210.0
20170124,15,PM2.5,宝鸡,160.0
20170124,15,PM2.5_24h,宝鸡,168.0
20170124,15,PM10,宝鸡,224.0
20170124,15,PM10_24h,宝鸡,219.0
20170124,15,SO2,宝鸡,57.0
20170124,15,SO2_24h,宝鸡,38.0
20170124,15,NO2,宝鸡,64.0
20170124,15,NO2_24h,宝鸡,69.0
20170124,15,O3,宝鸡,59.0
20170124,15,O3_24h,宝鸡,117.0
20170124,15,O3_8h,宝鸡,27.0
20170124,15,O3_8h_24h,宝鸡,32.0
20170124,15,CO,宝鸡,2.17
20170124,15,CO_24h,宝鸡,2.36
20170124,16,AQI,宝鸡,218.0
20170124,16,PM2.5,宝鸡,168.0
20170124,16,PM2.5_24h,宝鸡,171.0
20170124,16,PM10,宝鸡,236.0
20170124,16,PM10_24h,宝鸡,223.0
20170124,16,SO2,宝鸡,55.0
20170124,16,SO2_24h,宝鸡,39.0
20170124,16,NO2,宝鸡,61.0
20170124,16,NO2_24h,宝鸡,70.0
20170124,16,O3,宝鸡,71.0
20170124,16,O3_24h,宝鸡,113.0
20170124,16,O3_8h,宝鸡,35.0
20170124,16,O3_8h_24h,宝鸡,37.0
20170124,16,CO,宝鸡,2.11
20170124,16,CO_24h,宝鸡,2.39
20170124,17,AQI,宝鸡,235.0
20170124,17,PM2.5,宝鸡,185.0
20170124,17,PM2.5_24h,宝鸡,174.0
20170124,17,PM10,宝鸡,250.0
20170124,17,PM10_24h,宝鸡,228.0
20170124,17,SO2,宝鸡,51.0
20170124,17,SO2_24h,宝鸡,40.0
20170124,17,NO2,宝鸡,66.0
20170124,17,NO2_24h,宝鸡,71.0
20170124,17,O3,宝鸡,71.0
20170124,17,O3_24h,宝鸡,95.0
20170124,17,O3_8h,宝鸡,42.0
20170124,17,O3_8h_24h,宝鸡,43.0
20170124,17,CO,宝鸡,2.19
20170124,17,CO_24h,宝鸡,2.41
20170124,18,AQI,宝鸡,246.0
20170124,18,PM2.5,宝鸡,196.0
20170124,18,PM2.5_24h,宝鸡,178.0
20170124,18,PM10,宝鸡,255.0
20170124,18,PM10_24h,宝鸡,232.0
20170124,18,SO2,宝鸡,50.0
20170124,18,SO2_24h,宝鸡,40.0
20170124,18,NO2,宝鸡,73.0
20170124,18,NO2_24h,宝鸡,71.0
20170124,18,O3,宝鸡,66.0
20170124,18,O3_24h,宝鸡,75.0
20170124,18,O3_8h,宝鸡,49.0
20170124,18,O3_8h_24h,宝鸡,49.0
20170124,18,CO,宝鸡,2.29
20170124,18,CO_24h,宝鸡,2.46
20170124,19,AQI,宝鸡,280.0
20170124,19,PM2.5,宝鸡,230.0
20170124,19,PM2.5_24h,宝鸡,182.0
20170124,19,PM10,宝鸡,260.0
20170124,19,PM10_24h,宝鸡,236.0
20170124,19,SO2,宝鸡,47.0
20170124,19,SO2_24h,宝鸡,41.0
20170124,19,NO2,宝鸡,80.0
20170124,19,NO2_24h,宝鸡,71.0
20170124,19,O3,宝鸡,51.0
20170124,19,O3_24h,宝鸡,73.0
20170124,19,O3_8h,宝鸡,53.0
20170124,19,O3_8h_24h,宝鸡,53.0
20170124,19,CO,宝鸡,2.59
20170124,19,CO_24h,宝鸡,2.47
20170124,20,AQI,宝鸡,340.0
20170124,20,PM2.5,宝鸡,290.0
20170124,20,PM2.5_24h,宝鸡,186.0
20170124,20,PM10,宝鸡,318.0
20170124,20,PM10_24h,宝鸡,238.0
20170124,20,SO2,宝鸡,42.0
20170124,20,SO2_24h,宝鸡,41.0
20170124,20,NO2,宝鸡,83.0
20170124,20,NO2_24h,宝鸡,71.0
20170124,20,O3,宝鸡,34.0
20170124,20,O3_24h,宝鸡,73.0
20170124,20,O3_8h,宝鸡,54.0
20170124,20,O3_8h_24h,宝鸡,55.0
20170124,20,CO,宝鸡,2.87
20170124,20,CO_24h,宝鸡,2.5
20170124,21,AQI,宝鸡,343.0
20170124,21,PM2.5,宝鸡,293.0
20170124,21,PM2.5_24h,宝鸡,189.0
20170124,21,PM10,宝鸡,351.0
20170124,21,PM10_24h,宝鸡,243.0
20170124,21,SO2,宝鸡,38.0
20170124,21,SO2_24h,宝鸡,42.0
20170124,21,NO2,宝鸡,82.0
20170124,21,NO2_24h,宝鸡,71.0
20170124,21,O3,宝鸡,24.0
20170124,21,O3_24h,宝鸡,73.0
20170124,21,O3_8h,宝鸡,53.0
20170124,21,O3_8h_24h,宝鸡,55.0
20170124,21,CO,宝鸡,2.96
20170124,21,CO_24h,宝鸡,2.53
20170124,22,AQI,宝鸡,343.0
20170124,22,PM2.5,宝鸡,293.0
20170124,22,PM2.5_24h,宝鸡,193.0
20170124,22,PM10,宝鸡,346.0
20170124,22,PM10_24h,宝鸡,246.0
20170124,22,SO2,宝鸡,31.0
20170124,22,SO2_24h,宝鸡,42.0
20170124,22,NO2,宝鸡,78.0
20170124,22,NO2_24h,宝鸡,71.0
20170124,22,O3,宝鸡,21.0
20170124,22,O3_24h,宝鸡,73.0
20170124,22,O3_8h,宝鸡,50.0
20170124,22,O3_8h_24h,宝鸡,55.0
20170124,22,CO,宝鸡,3.11
20170124,22,CO_24h,宝鸡,2.56
20170124,23,AQI,宝鸡,349.0
20170124,23,PM2.5,宝鸡,299.0
20170124,23,PM2.5_24h,宝鸡,196.0
20170124,23,PM10,宝鸡,348.0
20170124,23,PM10_24h,宝鸡,251.0
20170124,23,SO2,宝鸡,30.0
20170124,23,SO2_24h,宝鸡,42.0
20170124,23,NO2,宝鸡,76.0
20170124,23,NO2_24h,宝鸡,71.0
20170124,23,O3,宝鸡,18.0
20170124,23,O3_24h,宝鸡,73.0
20170124,23,O3_8h,宝鸡,44.0
20170124,23,O3_8h_24h,宝鸡,55.0
20170124,23,CO,宝鸡,3.14
20170124,23,CO_24h,宝鸡,2.57
20170124,0,AQI,渭南,244.0
20170124,0,PM2.5,渭南,194.0
20170124,0,PM2.5_24h,渭南,161.0
20170124,0,PM10,渭南,285.0
20170124,0,PM10_24h,渭南,254.0
20170124,0,SO2,渭南,39.0
20170124,0,SO2_24h,渭南,53.0
20170124,0,NO2,渭南,158.0
20170124,0,NO2_24h,渭南,87.0
20170124,0,O3,渭南,4.0
20170124,0,O3_24h,渭南,86.0
20170124,0,O3_8h,渭南,25.0
20170124,0,O3_8h_24h,渭南,59.0
20170124,0,CO,渭南,2.2
20170124,0,CO_24h,渭南,2.3
20170124,1,AQI,渭南,245.0
20170124,1,PM2.5,渭南,195.0
20170124,1,PM2.5_24h,渭南,163.0
20170124,1,PM10,渭南,295.0
20170124,1,PM10_24h,渭南,255.0
20170124,1,SO2,渭南,40.0
20170124,1,SO2_24h,渭南,53.0
20170124,1,NO2,渭南,100.0
20170124,1,NO2_24h,渭南,87.0
20170124,1,O3,渭南,6.0
20170124,1,O3_24h,渭南,86.0
20170124,1,O3_8h,渭南,6.0
20170124,1,O3_8h_24h,渭南,6.0
20170124,1,CO,渭南,2.03
20170124,1,CO_24h,渭南,2.27
20170124,2,AQI,渭南,250.0
20170124,2,PM2.5,渭南,200.0
20170124,2,PM2.5_24h,渭南,164.0
20170124,2,PM10,渭南,293.0
20170124,2,PM10_24h,渭南,256.0
20170124,2,SO2,渭南,37.0
20170124,2,SO2_24h,渭南,53.0
20170124,2,NO2,渭南,82.0
20170124,2,NO2_24h,渭南,86.0
20170124,2,O3,渭南,7.0
20170124,2,O3_24h,渭南,86.0
20170124,2,O3_8h,渭南,6.0
20170124,2,O3_8h_24h,渭南,7.0
20170124,2,CO,渭南,2.13
20170124,2,CO_24h,渭南,2.27
20170124,3,AQI,渭南,261.0
20170124,3,PM2.5,渭南,211.0
20170124,3,PM2.5_24h,渭南,166.0
20170124,3,PM10,渭南,291.0
20170124,3,PM10_24h,渭南,254.0
20170124,3,SO2,渭南,32.0
20170124,3,SO2_24h,渭南,52.0
20170124,3,NO2,渭南,100.0
20170124,3,NO2_24h,渭南,86.0
20170124,3,O3,渭南,5.0
20170124,3,O3_24h,渭南,86.0
20170124,3,O3_8h,渭南,6.0
20170124,3,O3_8h_24h,渭南,7.0
20170124,3,CO,渭南,2.37
20170124,3,CO_24h,渭南,2.27
20170124,4,AQI,渭南,272.0
20170124,4,PM2.5,渭南,222.0
20170124,4,PM2.5_24h,渭南,169.0
20170124,4,PM10,渭南,318.0
20170124,4,PM10_24h,渭南,254.0
20170124,4,SO2,渭南,29.0
20170124,4,SO2_24h,渭南,52.0
20170124,4,NO2,渭南,107.0
20170124,4,NO2_24h,渭南,87.0
20170124,4,O3,渭南,4.0
20170124,4,O3_24h,渭南,86.0
20170124,4,O3_8h,渭南,5.0
20170124,4,O3_8h_24h,渭南,7.0
20170124,4,CO,渭南,2.37
20170124,4,CO_24h,渭南,2.27
20170124,5,AQI,渭南,261.0
20170124,5,PM2.5,渭南,211.0
20170124,5,PM2.5_24h,渭南,171.0
20170124,5,PM10,渭南,302.0
20170124,5,PM10_24h,渭南,256.0
20170124,5,SO2,渭南,36.0
20170124,5,SO2_24h,渭南,52.0
20170124,5,NO2,渭南,97.0
20170124,5,NO2_24h,渭南,88.0
20170124,5,O3,渭南,4.0
20170124,5,O3_24h,渭南,86.0
20170124,5,O3_8h,渭南,5.0
20170124,5,O3_8h_24h,渭南,7.0
20170124,5,CO,渭南,2.37
20170124,5,CO_24h,渭南,2.3
20170124,6,AQI,渭南,283.0
20170124,6,PM2.5,渭南,233.0
20170124,6,PM2.5_24h,渭南,174.0
20170124,6,PM10,渭南,329.0
20170124,6,PM10_24h,渭南,259.0
20170124,6,SO2,渭南,32.0
20170124,6,SO2_24h,渭南,52.0
20170124,6,NO2,渭南,81.0
20170124,6,NO2_24h,渭南,89.0
20170124,6,O3,渭南,3.0
20170124,6,O3_24h,渭南,86.0
20170124,6,O3_8h,渭南,5.0
20170124,6,O3_8h_24h,渭南,7.0
20170124,6,CO,渭南,2.53
20170124,6,CO_24h,渭南,2.3
20170124,7,AQI,渭南,267.0
20170124,7,PM2.5,渭南,217.0
20170124,7,PM2.5_24h,渭南,176.0
20170124,7,PM10,渭南,300.0
20170124,7,PM10_24h,渭南,262.0
20170124,7,SO2,渭南,34.0
20170124,7,SO2_24h,渭南,52.0
20170124,7,NO2,渭南,80.0
20170124,7,NO2_24h,渭南,89.0
20170124,7,O3,渭南,4.0
20170124,7,O3_24h,渭南,86.0
20170124,7,O3_8h,渭南,5.0
20170124,7,O3_8h_24h,渭南,7.0
20170124,7,CO,渭南,2.77
20170124,7,CO_24h,渭南,2.33
20170124,8,AQI,渭南,300.0
20170124,8,PM2.5,渭南,250.0
20170124,8,PM2.5_24h,渭南,181.0
20170124,8,PM10,渭南,325.0
20170124,8,PM10_24h,渭南,266.0
20170124,8,SO2,渭南,39.0
20170124,8,SO2_24h,渭南,53.0
20170124,8,NO2,渭南,80.0
20170124,8,NO2_24h,渭南,90.0
20170124,8,O3,渭南,3.0
20170124,8,O3_24h,渭南,86.0
20170124,8,O3_8h,渭南,5.0
20170124,8,O3_8h_24h,渭南,7.0
20170124,8,CO,渭南,3.03
20170124,8,CO_24h,渭南,2.4
20170124,9,AQI,渭南,307.0
20170124,9,PM2.5,渭南,257.0
20170124,9,PM2.5_24h,渭南,185.0
20170124,9,PM10,渭南,342.0
20170124,9,PM10_24h,渭南,270.0
20170124,9,SO2,渭南,43.0
20170124,9,SO2_24h,渭南,53.0
20170124,9,NO2,渭南,72.0
20170124,9,NO2_24h,渭南,90.0
20170124,9,O3,渭南,4.0
20170124,9,O3_24h,渭南,86.0
20170124,9,O3_8h,渭南,4.0
20170124,9,O3_8h_24h,渭南,7.0
20170124,9,CO,渭南,3.4
20170124,9,CO_24h,渭南,2.4
20170124,10,AQI,渭南,323.0
20170124,10,PM2.5,渭南,273.0
20170124,10,PM2.5_24h,渭南,189.0
20170124,10,PM10,渭南,368.0
20170124,10,PM10_24h,渭南,272.0
20170124,10,SO2,渭南,51.0
20170124,10,SO2_24h,渭南,53.0
20170124,10,NO2,渭南,80.0
20170124,10,NO2_24h,渭南,89.0
20170124,10,O3,渭南,6.0
20170124,10,O3_24h,渭南,86.0
20170124,10,O3_8h,渭南,4.0
20170124,10,O3_8h_24h,渭南,7.0
20170124,10,CO,渭南,3.5
20170124,10,CO_24h,渭南,2.4
20170124,11,AQI,渭南,334.0
20170124,11,PM2.5,渭南,284.0
20170124,11,PM2.5_24h,渭南,194.0
20170124,11,PM10,渭南,375.0
20170124,11,PM10_24h,渭南,276.0
20170124,11,SO2,渭南,70.0
20170124,11,SO2_24h,渭南,53.0
20170124,11,NO2,渭南,82.0
20170124,11,NO2_24h,渭南,90.0
20170124,11,O3,渭南,8.0
20170124,11,O3_24h,渭南,86.0
20170124,11,O3_8h,渭南,4.0
20170124,11,O3_8h_24h,渭南,7.0
20170124,11,CO,渭南,3.7
20170124,11,CO_24h,渭南,2.43
20170124,12,AQI,渭南,330.0
20170124,12,PM2.5,渭南,280.0
20170124,12,PM2.5_24h,渭南,197.0
20170124,12,PM10,渭南,392.0
20170124,12,PM10_24h,渭南,281.0
20170124,12,SO2,渭南,66.0
20170124,12,SO2_24h,渭南,54.0
20170124,12,NO2,渭南,64.0
20170124,12,NO2_24h,渭南,89.0
20170124,12,O3,渭南,24.0
20170124,12,O3_24h,渭南,86.0
20170124,12,O3_8h,渭南,7.0
20170124,12,O3_8h_24h,渭南,8.0
20170124,12,CO,渭南,2.37
20170124,12,CO_24h,渭南,2.43
20170124,13,AQI,渭南,315.0
20170124,13,PM2.5,渭南,265.0
20170124,13,PM2.5_24h,渭南,200.0
20170124,13,PM10,渭南,343.0
20170124,13,PM10_24h,渭南,283.0
20170124,13,SO2,渭南,57.0
20170124,13,SO2_24h,渭南,53.0
20170124,13,NO2,渭南,53.0
20170124,13,NO2_24h,渭南,89.0
20170124,13,O3,渭南,38.0
20170124,13,O3_24h,渭南,86.0
20170124,13,O3_8h,渭南,11.0
20170124,13,O3_8h_24h,渭南,11.0
20170124,13,CO,渭南,2.03
20170124,13,CO_24h,渭南,2.43
20170124,14,AQI,渭南,303.0
20170124,14,PM2.5,渭南,253.0
20170124,14,PM2.5_24h,渭南,202.0
20170124,14,PM10,渭南,326.0
20170124,14,PM10_24h,渭南,286.0
20170124,14,SO2,渭南,54.0
20170124,14,SO2_24h,渭南,52.0
20170124,14,NO2,渭南,44.0
20170124,14,NO2_24h,渭南,88.0
20170124,14,O3,渭南,52.0
20170124,14,O3_24h,渭南,86.0
20170124,14,O3_8h,渭南,17.0
20170124,14,O3_8h_24h,渭南,17.0
20170124,14,CO,渭南,1.93
20170124,14,CO_24h,渭南,2.4
20170124,15,AQI,渭南,299.0
20170124,15,PM2.5,渭南,249.0
20170124,15,PM2.5_24h,渭南,200.0
20170124,15,PM10,渭南,319.0
20170124,15,PM10_24h,渭南,303.0
20170124,15,SO2,渭南,56.0
20170124,15,SO2_24h,渭南,55.0
20170124,15,NO2,渭南,44.0
20170124,15,NO2_24h,渭南,82.0
20170124,15,O3,渭南,56.0
20170124,15,O3_24h,渭南,83.0
20170124,15,O3_8h,渭南,23.0
20170124,15,O3_8h_24h,渭南,23.0
20170124,15,CO,渭南,2.15
20170124,15,CO_24h,渭南,2.75
20170124,16,AQI,渭南,290.0
20170124,16,PM2.5,渭南,240.0
20170124,16,PM2.5_24h,渭南,204.0
20170124,16,PM10,渭南,308.0
20170124,16,PM10_24h,渭南,307.0
20170124,16,SO2,渭南,45.0
20170124,16,SO2_24h,渭南,55.0
20170124,16,NO2,渭南,45.0
20170124,16,NO2_24h,渭南,82.0
20170124,16,O3,渭南,62.0
20170124,16,O3_24h,渭南,77.0
20170124,16,O3_8h,渭南,31.0
20170124,16,O3_8h_24h,渭南,31.0
20170124,16,CO,渭南,2.0
20170124,16,CO_24h,渭南,2.75
20170124,17,AQI,渭南,283.0
20170124,17,PM2.5,渭南,233.0
20170124,17,PM2.5_24h,渭南,215.0
20170124,17,PM10,渭南,298.0
20170124,17,PM10_24h,渭南,298.0
20170124,17,SO2,渭南,44.0
20170124,17,SO2_24h,渭南,51.0
20170124,17,NO2,渭南,46.0
20170124,17,NO2_24h,渭南,90.0
20170124,17,O3,渭南,56.0
20170124,17,O3_24h,渭南,67.0
20170124,17,O3_8h,渭南,36.0
20170124,17,O3_8h_24h,渭南,36.0
20170124,17,CO,渭南,1.8
20170124,17,CO_24h,渭南,2.47
20170124,18,AQI,渭南,283.0
20170124,18,PM2.5,渭南,233.0
20170124,18,PM2.5_24h,渭南,220.0
20170124,18,PM10,渭南,299.0
20170124,18,PM10_24h,渭南,303.0
20170124,18,SO2,渭南,44.0
20170124,18,SO2_24h,渭南,49.0
20170124,18,NO2,渭南,49.0
20170124,18,NO2_24h,渭南,89.0
20170124,18,O3,渭南,52.0
20170124,18,O3_24h,渭南,63.0
20170124,18,O3_8h,渭南,42.0
20170124,18,O3_8h_24h,渭南,42.0
20170124,18,CO,渭南,1.8
20170124,18,CO_24h,渭南,2.47
20170124,19,AQI,渭南,284.0
20170124,19,PM2.5,渭南,234.0
20170124,19,PM2.5_24h,渭南,226.0
20170124,19,PM10,渭南,292.0
20170124,19,PM10_24h,渭南,308.0
20170124,19,SO2,渭南,45.0
20170124,19,SO2_24h,渭南,48.0
20170124,19,NO2,渭南,58.0
20170124,19,NO2_24h,渭南,88.0
20170124,19,O3,渭南,42.0
20170124,19,O3_24h,渭南,63.0
20170124,19,O3_8h,渭南,47.0
20170124,19,O3_8h_24h,渭南,47.0
20170124,19,CO,渭南,1.93
20170124,19,CO_24h,渭南,2.43
20170124,20,AQI,渭南,296.0
20170124,20,PM2.5,渭南,246.0
20170124,20,PM2.5_24h,渭南,230.0
20170124,20,PM10,渭南,304.0
20170124,20,PM10_24h,渭南,312.0
20170124,20,SO2,渭南,42.0
20170124,20,SO2_24h,渭南,46.0
20170124,20,NO2,渭南,63.0
20170124,20,NO2_24h,渭南,84.0
20170124,20,O3,渭南,35.0
20170124,20,O3_24h,渭南,63.0
20170124,20,O3_8h,渭南,48.0
20170124,20,O3_8h_24h,渭南,48.0
20170124,20,CO,渭南,2.03
20170124,20,CO_24h,渭南,2.43
20170124,21,AQI,渭南,309.0
20170124,21,PM2.5,渭南,259.0
20170124,21,PM2.5_24h,渭南,234.0
20170124,21,PM10,渭南,315.0
20170124,21,PM10_24h,渭南,314.0
20170124,21,SO2,渭南,44.0
20170124,21,SO2_24h,渭南,45.0
20170124,21,NO2,渭南,83.0
20170124,21,NO2_24h,渭南,83.0
20170124,21,O3,渭南,13.0
20170124,21,O3_24h,渭南,63.0
20170124,21,O3_8h,渭南,45.0
20170124,21,O3_8h_24h,渭南,48.0
20170124,21,CO,渭南,2.4
20170124,21,CO_24h,渭南,2.4
20170124,22,AQI,渭南,331.0
20170124,22,PM2.5,渭南,281.0
20170124,22,PM2.5_24h,渭南,238.0
20170124,22,PM10,渭南,358.0
20170124,22,PM10_24h,渭南,318.0
20170124,22,SO2,渭南,46.0
20170124,22,SO2_24h,渭南,44.0
20170124,22,NO2,渭南,87.0
20170124,22,NO2_24h,渭南,82.0
20170124,22,O3,渭南,4.0
20170124,22,O3_24h,渭南,63.0
20170124,22,O3_8h,渭南,38.0
20170124,22,O3_8h_24h,渭南,48.0
20170124,22,CO,渭南,2.6
20170124,22,CO_24h,渭南,2.43
20170124,23,AQI,渭南,347.0
20170124,23,PM2.5,渭南,297.0
20170124,23,PM2.5_24h,渭南,243.0
20170124,23,PM10,渭南,388.0
20170124,23,PM10_24h,渭南,322.0
20170124,23,SO2,渭南,36.0
20170124,23,SO2_24h,渭南,44.0
20170124,23,NO2,渭南,80.0
20170124,23,NO2_24h,渭南,77.0
20170124,23,O3,渭南,4.0
20170124,23,O3_24h,渭南,63.0
20170124,23,O3_8h,渭南,32.0
20170124,23,O3_8h_24h,渭南,48.0
20170124,23,CO,渭南,2.57
20170124,23,CO_24h,渭南,2.43
20170124,0,AQI,金昌,78.0
20170124,0,PM2.5,金昌,42.0
20170124,0,PM2.5_24h,金昌,54.0
20170124,0,PM10,金昌,106.0
20170124,0,PM10_24h,金昌,112.0
20170124,0,SO2,金昌,96.0
20170124,0,SO2_24h,金昌,85.0
20170124,0,NO2,金昌,37.0
20170124,0,NO2_24h,金昌,38.0
20170124,0,O3,金昌,31.0
20170124,0,O3_24h,金昌,84.0
20170124,0,O3_8h,金昌,45.0
20170124,0,O3_8h_24h,金昌,72.0
20170124,0,CO,金昌,1.4
20170124,0,CO_24h,金昌,1.5
20170124,1,AQI,金昌,85.0
20170124,1,PM2.5,金昌,63.0
20170124,1,PM2.5_24h,金昌,53.0
20170124,1,PM10,金昌,112.0
20170124,1,PM10_24h,金昌,111.0
20170124,1,SO2,金昌,65.0
20170124,1,SO2_24h,金昌,86.0
20170124,1,NO2,金昌,32.0
20170124,1,NO2_24h,金昌,37.0
20170124,1,O3,金昌,31.0
20170124,1,O3_24h,金昌,84.0
20170124,1,O3_8h,金昌,31.0
20170124,1,O3_8h_24h,金昌,31.0
20170124,1,CO,金昌,1.5
20170124,1,CO_24h,金昌,1.5
20170124,2,AQI,金昌,79.0
20170124,2,PM2.5,金昌,58.0
20170124,2,PM2.5_24h,金昌,52.0
20170124,2,PM10,金昌,106.0
20170124,2,PM10_24h,金昌,109.0
20170124,2,SO2,金昌,56.0
20170124,2,SO2_24h,金昌,87.0
20170124,2,NO2,金昌,35.0
20170124,2,NO2_24h,金昌,37.0
20170124,2,O3,金昌,24.0
20170124,2,O3_24h,金昌,84.0
20170124,2,O3_8h,金昌,28.0
20170124,2,O3_8h_24h,金昌,31.0
20170124,2,CO,金昌,1.75
20170124,2,CO_24h,金昌,1.5
20170124,3,AQI,金昌,73.0
20170124,3,PM2.5,金昌,51.0
20170124,3,PM2.5_24h,金昌,52.0
20170124,3,PM10,金昌,95.0
20170124,3,PM10_24h,金昌,109.0
20170124,3,SO2,金昌,48.0
20170124,3,SO2_24h,金昌,88.0
20170124,3,NO2,金昌,27.0
20170124,3,NO2_24h,金昌,37.0
20170124,3,O3,金昌,26.0
20170124,3,O3_24h,金昌,84.0
20170124,3,O3_8h,金昌,27.0
20170124,3,O3_8h_24h,金昌,31.0
20170124,3,CO,金昌,1.35
20170124,3,CO_24h,金昌,1.45
20170124,4,AQI,金昌,66.0
20170124,4,PM2.5,金昌,40.0
20170124,4,PM2.5_24h,金昌,52.0
20170124,4,PM10,金昌,81.0
20170124,4,PM10_24h,金昌,108.0
20170124,4,SO2,金昌,58.0
20170124,4,SO2_24h,金昌,89.0
20170124,4,NO2,金昌,20.0
20170124,4,NO2_24h,金昌,36.0
20170124,4,O3,金昌,40.0
20170124,4,O3_24h,金昌,84.0
20170124,4,O3_8h,金昌,30.0
20170124,4,O3_8h_24h,金昌,32.0
20170124,4,CO,金昌,1.15
20170124,4,CO_24h,金昌,1.45
20170124,5,AQI,金昌,58.0
20170124,5,PM2.5,金昌,33.0
20170124,5,PM2.5_24h,金昌,52.0
20170124,5,PM10,金昌,66.0
20170124,5,PM10_24h,金昌,108.0
20170124,5,SO2,金昌,51.0
20170124,5,SO2_24h,金昌,91.0
20170124,5,NO2,金昌,17.0
20170124,5,NO2_24h,金昌,36.0
20170124,5,O3,金昌,45.0
20170124,5,O3_24h,金昌,84.0
20170124,5,O3_8h,金昌,33.0
20170124,5,O3_8h_24h,金昌,33.0
20170124,5,CO,金昌,1.2
20170124,5,CO_24h,金昌,1.45
20170124,6,AQI,金昌,53.0
20170124,6,PM2.5,金昌,32.0
20170124,6,PM2.5_24h,金昌,52.0
20170124,6,PM10,金昌,55.0
20170124,6,PM10_24h,金昌,108.0
20170124,6,SO2,金昌,46.0
20170124,6,SO2_24h,金昌,91.0
20170124,6,NO2,金昌,15.0
20170124,6,NO2_24h,金昌,35.0
20170124,6,O3,金昌,41.0
20170124,6,O3_24h,金昌,84.0
20170124,6,O3_8h,金昌,34.0
20170124,6,O3_8h_24h,金昌,34.0
20170124,6,CO,金昌,1.15
20170124,6,CO_24h,金昌,1.4
20170124,7,AQI,金昌,58.0
20170124,7,PM2.5,金昌,38.0
20170124,7,PM2.5_24h,金昌,52.0
20170124,7,PM10,金昌,66.0
20170124,7,PM10_24h,金昌,107.0
20170124,7,SO2,金昌,39.0
20170124,7,SO2_24h,金昌,90.0
20170124,7,NO2,金昌,16.0
20170124,7,NO2_24h,金昌,34.0
20170124,7,O3,金昌,39.0
20170124,7,O3_24h,金昌,84.0
20170124,7,O3_8h,金昌,35.0
20170124,7,O3_8h_24h,金昌,35.0
20170124,7,CO,金昌,1.15
20170124,7,CO_24h,金昌,1.35
20170124,8,AQI,金昌,43.0
20170124,8,PM2.5,金昌,28.0
20170124,8,PM2.5_24h,金昌,52.0
20170124,8,PM10,金昌,43.0
20170124,8,PM10_24h,金昌,106.0
20170124,8,SO2,金昌,26.0
20170124,8,SO2_24h,金昌,85.0
20170124,8,NO2,金昌,23.0
20170124,8,NO2_24h,金昌,33.0
20170124,8,O3,金昌,37.0
20170124,8,O3_24h,金昌,84.0
20170124,8,O3_8h,金昌,35.0
20170124,8,O3_8h_24h,金昌,36.0
20170124,8,CO,金昌,1.25
20170124,8,CO_24h,金昌,1.35
20170124,9,AQI,金昌,70.0
20170124,9,PM2.5,金昌,36.0
20170124,9,PM2.5_24h,金昌,52.0
20170124,9,PM10,金昌,90.0
20170124,9,PM10_24h,金昌,106.0
20170124,9,SO2,金昌,33.0
20170124,9,SO2_24h,金昌,81.0
20170124,9,NO2,金昌,34.0
20170124,9,NO2_24h,金昌,32.0
20170124,9,O3,金昌,35.0
20170124,9,O3_24h,金昌,84.0
20170124,9,O3_8h,金昌,36.0
20170124,9,O3_8h_24h,金昌,36.0
20170124,9,CO,金昌,1.65
20170124,9,CO_24h,金昌,1.35
20170124,10,AQI,金昌,77.0
20170124,10,PM2.5,金昌,44.0
20170124,10,PM2.5_24h,金昌,51.0
20170124,10,PM10,金昌,103.0
20170124,10,PM10_24h,金昌,105.0
20170124,10,SO2,金昌,50.0
20170124,10,SO2_24h,金昌,79.0
20170124,10,NO2,金昌,39.0
20170124,10,NO2_24h,金昌,32.0
20170124,10,O3,金昌,36.0
20170124,10,O3_24h,金昌,84.0
20170124,10,O3_8h,金昌,37.0
20170124,10,O3_8h_24h,金昌,37.0
20170124,10,CO,金昌,1.8
20170124,10,CO_24h,金昌,1.35
20170124,11,AQI,金昌,95.0
20170124,11,PM2.5,金昌,71.0
20170124,11,PM2.5_24h,金昌,50.0
20170124,11,PM10,金昌,137.0
20170124,11,PM10_24h,金昌,104.0
20170124,11,SO2,金昌,70.0
20170124,11,SO2_24h,金昌,76.0
20170124,11,NO2,金昌,33.0
20170124,11,NO2_24h,金昌,31.0
20170124,11,O3,金昌,50.0
20170124,11,O3_24h,金昌,84.0
20170124,11,O3_8h,金昌,40.0
20170124,11,O3_8h_24h,金昌,40.0
20170124,11,CO,金昌,1.5
20170124,11,CO_24h,金昌,1.3
20170124,12,AQI,金昌,99.0
20170124,12,PM2.5,金昌,70.0
20170124,12,PM2.5_24h,金昌,48.0
20170124,12,PM10,金昌,147.0
20170124,12,PM10_24h,金昌,102.0
20170124,12,SO2,金昌,111.0
20170124,12,SO2_24h,金昌,74.0
20170124,12,NO2,金昌,32.0
20170124,12,NO2_24h,金昌,30.0
20170124,12,O3,金昌,72.0
20170124,12,O3_24h,金昌,84.0
20170124,12,O3_8h,金昌,44.0
20170124,12,O3_8h_24h,金昌,44.0
20170124,12,CO,金昌,1.45
20170124,12,CO_24h,金昌,1.25
20170124,13,AQI,金昌,110.0
20170124,13,PM2.5,金昌,83.0
20170124,13,PM2.5_24h,金昌,48.0
20170124,13,PM10,金昌,170.0
20170124,13,PM10_24h,金昌,101.0
20170124,13,SO2,金昌,113.0
20170124,13,SO2_24h,金昌,70.0
20170124,13,NO2,金昌,31.0
20170124,13,NO2_24h,金昌,30.0
20170124,13,O3,金昌,64.0
20170124,13,O3_24h,金昌,84.0
20170124,13,O3_8h,金昌,47.0
20170124,13,O3_8h_24h,金昌,47.0
20170124,13,CO,金昌,1.3
20170124,13,CO_24h,金昌,1.25
20170124,14,AQI,金昌,111.0
20170124,14,PM2.5,金昌,75.0
20170124,14,PM2.5_24h,金昌,48.0
20170124,14,PM10,金昌,172.0
20170124,14,PM10_24h,金昌,102.0
20170124,14,SO2,金昌,222.0
20170124,14,SO2_24h,金昌,72.0
20170124,14,NO2,金昌,34.0
20170124,14,NO2_24h,金昌,30.0
20170124,14,O3,金昌,80.0
20170124,14,O3_24h,金昌,84.0
20170124,14,O3_8h,金昌,52.0
20170124,14,O3_8h_24h,金昌,52.0
20170124,14,CO,金昌,1.3
20170124,14,CO_24h,金昌,1.35
20170124,15,AQI,金昌,126.0
20170124,15,PM2.5,金昌,96.0
20170124,15,PM2.5_24h,金昌,50.0
20170124,15,PM10,金昌,197.0
20170124,15,PM10_24h,金昌,105.0
20170124,15,SO2,金昌,106.0
20170124,15,SO2_24h,金昌,67.0
20170124,15,NO2,金昌,26.0
20170124,15,NO2_24h,金昌,30.0
20170124,15,O3,金昌,77.0
20170124,15,O3_24h,金昌,84.0
20170124,15,O3_8h,金昌,56.0
20170124,15,O3_8h_24h,金昌,56.0
20170124,15,CO,金昌,1.15
20170124,15,CO_24h,金昌,1.35
20170124,16,AQI,金昌,95.0
20170124,16,PM2.5,金昌,65.0
20170124,16,PM2.5_24h,金昌,51.0
20170124,16,PM10,金昌,140.0
20170124,16,PM10_24h,金昌,108.0
20170124,16,SO2,金昌,78.0
20170124,16,SO2_24h,金昌,66.0
20170124,16,NO2,金昌,25.0
20170124,16,NO2_24h,金昌,30.0
20170124,16,O3,金昌,80.0
20170124,16,O3_24h,金昌,85.0
20170124,16,O3_8h,金昌,62.0
20170124,16,O3_8h_24h,金昌,62.0
20170124,16,CO,金昌,1.05
20170124,16,CO_24h,金昌,1.35
20170124,17,AQI,金昌,89.0
20170124,17,PM2.5,金昌,56.0
20170124,17,PM2.5_24h,金昌,53.0
20170124,17,PM10,金昌,128.0
20170124,17,PM10_24h,金昌,111.0
20170124,17,SO2,金昌,101.0
20170124,17,SO2_24h,金昌,69.0
20170124,17,NO2,金昌,27.0
20170124,17,NO2_24h,金昌,31.0
20170124,17,O3,金昌,77.0
20170124,17,O3_24h,金昌,80.0
20170124,17,O3_8h,金昌,67.0
20170124,17,O3_8h_24h,金昌,67.0
20170124,17,CO,金昌,1.1
20170124,17,CO_24h,金昌,1.35
20170124,18,AQI,金昌,81.0
20170124,18,PM2.5,金昌,39.0
20170124,18,PM2.5_24h,金昌,53.0
20170124,18,PM10,金昌,112.0
20170124,18,PM10_24h,金昌,113.0
20170124,18,SO2,金昌,224.0
20170124,18,SO2_24h,金昌,77.0
20170124,18,NO2,金昌,29.0
20170124,18,NO2_24h,金昌,31.0
20170124,18,O3,金昌,73.0
20170124,18,O3_24h,金昌,80.0
20170124,18,O3_8h,金昌,72.0
20170124,18,O3_8h_24h,金昌,72.0
20170124,18,CO,金昌,1.2
20170124,18,CO_24h,金昌,1.35
20170124,19,AQI,金昌,84.0
20170124,19,PM2.5,金昌,51.0
20170124,19,PM2.5_24h,金昌,54.0
20170124,19,PM10,金昌,118.0
20170124,19,PM10_24h,金昌,115.0
20170124,19,SO2,金昌,186.0
20170124,19,SO2_24h,金昌,83.0
20170124,19,NO2,金昌,45.0
20170124,19,NO2_24h,金昌,31.0
20170124,19,O3,金昌,58.0
20170124,19,O3_24h,金昌,80.0
20170124,19,O3_8h,金昌,73.0
20170124,19,O3_8h_24h,金昌,73.0
20170124,19,CO,金昌,1.25
20170124,19,CO_24h,金昌,1.35
20170124,20,AQI,金昌,96.0
20170124,20,PM2.5,金昌,72.0
20170124,20,PM2.5_24h,金昌,55.0
20170124,20,PM10,金昌,132.0
20170124,20,PM10_24h,金昌,116.0
20170124,20,SO2,金昌,76.0
20170124,20,SO2_24h,金昌,84.0
20170124,20,NO2,金昌,44.0
20170124,20,NO2_24h,金昌,31.0
20170124,20,O3,金昌,61.0
20170124,20,O3_24h,金昌,80.0
20170124,20,O3_8h,金昌,71.0
20170124,20,O3_8h_24h,金昌,73.0
20170124,20,CO,金昌,1.4
20170124,20,CO_24h,金昌,1.4
20170124,21,AQI,金昌,95.0
20170124,21,PM2.5,金昌,71.0
20170124,21,PM2.5_24h,金昌,56.0
20170124,21,PM10,金昌,140.0
20170124,21,PM10_24h,金昌,116.0
20170124,21,SO2,金昌,223.0
20170124,21,SO2_24h,金昌,92.0
20170124,21,NO2,金昌,47.0
20170124,21,NO2_24h,金昌,31.0
20170124,21,O3,金昌,55.0
20170124,21,O3_24h,金昌,80.0
20170124,21,O3_8h,金昌,70.0
20170124,21,O3_8h_24h,金昌,73.0
20170124,21,CO,金昌,1.6
20170124,21,CO_24h,金昌,1.4
20170124,22,AQI,金昌,98.0
20170124,22,PM2.5,金昌,63.0
20170124,22,PM2.5_24h,金昌,57.0
20170124,22,PM10,金昌,145.0
20170124,22,PM10_24h,金昌,117.0
20170124,22,SO2,金昌,23.0
20170124,22,SO2_24h,金昌,90.0
20170124,22,NO2,金昌,21.0
20170124,22,NO2_24h,金昌,30.0
20170124,22,O3,金昌,77.0
20170124,22,O3_24h,金昌,80.0
20170124,22,O3_8h,金昌,70.0
20170124,22,O3_8h_24h,金昌,73.0
20170124,22,CO,金昌,1.15
20170124,22,CO_24h,金昌,1.35
20170124,23,AQI,金昌,77.0
20170124,23,PM2.5,金昌,44.0
20170124,23,PM2.5_24h,金昌,55.0
20170124,23,PM10,金昌,104.0
20170124,23,PM10_24h,金昌,115.0
20170124,23,SO2,金昌,31.0
20170124,23,SO2_24h,金昌,89.0
20170124,23,NO2,金昌,21.0
20170124,23,NO2_24h,金昌,30.0
20170124,23,O3,金昌,78.0
20170124,23,O3_24h,金昌,82.0
20170124,23,O3_8h,金昌,70.0
20170124,23,O3_8h_24h,金昌,73.0
20170124,23,CO,金昌,1.2
20170124,23,CO_24h,金昌,1.35
20170124,0,AQI,嘉峪关,63.0
20170124,0,PM2.5,嘉峪关,36.0
20170124,0,PM2.5_24h,嘉峪关,22.0
20170124,0,PM10,嘉峪关,75.0
20170124,0,PM10_24h,嘉峪关,54.0
20170124,0,SO2,嘉峪关,10.0
20170124,0,SO2_24h,嘉峪关,19.0
20170124,0,NO2,嘉峪关,34.0
20170124,0,NO2_24h,嘉峪关,31.0
20170124,0,O3,嘉峪关,32.0
20170124,0,O3_24h,嘉峪关,89.0
20170124,0,O3_8h,嘉峪关,50.0
20170124,0,O3_8h_24h,嘉峪关,70.0
20170124,0,CO,嘉峪关,0.6
20170124,0,CO_24h,嘉峪关,0.7
20170124,1,AQI,嘉峪关,34.0
20170124,1,PM2.5,嘉峪关,22.0
20170124,1,PM2.5_24h,嘉峪关,22.0
20170124,1,PM10,嘉峪关,34.0
20170124,1,PM10_24h,嘉峪关,54.0
20170124,1,SO2,嘉峪关,14.0
20170124,1,SO2_24h,嘉峪关,19.0
20170124,1,NO2,嘉峪关,39.0
20170124,1,NO2_24h,嘉峪关,31.0
20170124,1,O3,嘉峪关,39.0
20170124,1,O3_24h,嘉峪关,89.0
20170124,1,O3_8h,嘉峪关,39.0
20170124,1,O3_8h_24h,嘉峪关,39.0
20170124,1,CO,嘉峪关,0.6
20170124,1,CO_24h,嘉峪关,0.7
20170124,2,AQI,嘉峪关,53.0
20170124,2,PM2.5,嘉峪关,20.0
20170124,2,PM2.5_24h,嘉峪关,22.0
20170124,2,PM10,嘉峪关,56.0
20170124,2,PM10_24h,嘉峪关,55.0
20170124,2,SO2,嘉峪关,12.0
20170124,2,SO2_24h,嘉峪关,20.0
20170124,2,NO2,嘉峪关,57.0
20170124,2,NO2_24h,嘉峪关,33.0
20170124,2,O3,嘉峪关,12.0
20170124,2,O3_24h,嘉峪关,89.0
20170124,2,O3_8h,嘉峪关,26.0
20170124,2,O3_8h_24h,嘉峪关,39.0
20170124,2,CO,嘉峪关,0.9
20170124,2,CO_24h,嘉峪关,0.7
20170124,3,AQI,嘉峪关,44.0
20170124,3,PM2.5,嘉峪关,19.0
20170124,3,PM2.5_24h,嘉峪关,22.0
20170124,3,PM10,嘉峪关,44.0
20170124,3,PM10_24h,嘉峪关,56.0
20170124,3,SO2,嘉峪关,11.0
20170124,3,SO2_24h,嘉峪关,20.0
20170124,3,NO2,嘉峪关,46.0
20170124,3,NO2_24h,嘉峪关,34.0
20170124,3,O3,嘉峪关,21.0
20170124,3,O3_24h,嘉峪关,89.0
20170124,3,O3_8h,嘉峪关,24.0
20170124,3,O3_8h_24h,嘉峪关,39.0
20170124,3,CO,嘉峪关,0.7
20170124,3,CO_24h,嘉峪关,0.8
20170124,4,AQI,嘉峪关,41.0
20170124,4,PM2.5,嘉峪关,19.0
20170124,4,PM2.5_24h,嘉峪关,22.0
20170124,4,PM10,嘉峪关,41.0
20170124,4,PM10_24h,嘉峪关,57.0
20170124,4,SO2,嘉峪关,11.0
20170124,4,SO2_24h,嘉峪关,20.0
20170124,4,NO2,嘉峪关,45.0
20170124,4,NO2_24h,嘉峪关,35.0
20170124,4,O3,嘉峪关,24.0
20170124,4,O3_24h,嘉峪关,89.0
20170124,4,O3_8h,嘉峪关,24.0
20170124,4,O3_8h_24h,嘉峪关,39.0
20170124,4,CO,嘉峪关,0.6
20170124,4,CO_24h,嘉峪关,0.8
20170124,5,AQI,嘉峪关,51.0
20170124,5,PM2.5,嘉峪关,22.0
20170124,5,PM2.5_24h,嘉峪关,23.0
20170124,5,PM10,嘉峪关,51.0
20170124,5,PM10_24h,嘉峪关,58.0
20170124,5,SO2,嘉峪关,10.0
20170124,5,SO2_24h,嘉峪关,20.0
20170124,5,NO2,嘉峪关,51.0
20170124,5,NO2_24h,嘉峪关,37.0
20170124,5,O3,嘉峪关,20.0
20170124,5,O3_24h,嘉峪关,89.0
20170124,5,O3_8h,嘉峪关,23.0
20170124,5,O3_8h_24h,嘉峪关,39.0
20170124,5,CO,嘉峪关,0.6
20170124,5,CO_24h,嘉峪关,0.8
20170124,6,AQI,嘉峪关,45.0
20170124,6,PM2.5,嘉峪关,29.0
20170124,6,PM2.5_24h,嘉峪关,24.0
20170124,6,PM10,嘉峪关,45.0
20170124,6,PM10_24h,嘉峪关,59.0
20170124,6,SO2,嘉峪关,9.0
20170124,6,SO2_24h,嘉峪关,20.0
20170124,6,NO2,嘉峪关,34.0
20170124,6,NO2_24h,嘉峪关,38.0
20170124,6,O3,嘉峪关,35.0
20170124,6,O3_24h,嘉峪关,89.0
20170124,6,O3_8h,嘉峪关,25.0
20170124,6,O3_8h_24h,嘉峪关,39.0
20170124,6,CO,嘉峪关,0.5
20170124,6,CO_24h,嘉峪关,0.8
20170124,7,AQI,嘉峪关,26.0
20170124,7,PM2.5,嘉峪关,6.0
20170124,7,PM2.5_24h,嘉峪关,24.0
20170124,7,PM10,嘉峪关,17.0
20170124,7,PM10_24h,嘉峪关,59.0
20170124,7,SO2,嘉峪关,11.0
20170124,7,SO2_24h,嘉峪关,21.0
20170124,7,NO2,嘉峪关,52.0
20170124,7,NO2_24h,嘉峪关,39.0
20170124,7,O3,嘉峪关,23.0
20170124,7,O3_24h,嘉峪关,89.0
20170124,7,O3_8h,嘉峪关,25.0
20170124,7,O3_8h_24h,嘉峪关,39.0
20170124,7,CO,嘉峪关,0.5
20170124,7,CO_24h,嘉峪关,0.8
20170124,8,AQI,嘉峪关,32.0
20170124,8,PM2.5,嘉峪关,13.0
20170124,8,PM2.5_24h,嘉峪关,24.0
20170124,8,PM10,嘉峪关,24.0
20170124,8,PM10_24h,嘉峪关,59.0
20170124,8,SO2,嘉峪关,13.0
20170124,8,SO2_24h,嘉峪关,21.0
20170124,8,NO2,嘉峪关,63.0
20170124,8,NO2_24h,嘉峪关,40.0
20170124,8,O3,嘉峪关,17.0
20170124,8,O3_24h,嘉峪关,89.0
20170124,8,O3_8h,嘉峪关,24.0
20170124,8,O3_8h_24h,嘉峪关,39.0
20170124,8,CO,嘉峪关,0.7
20170124,8,CO_24h,嘉峪关,0.8
20170124,9,AQI,嘉峪关,33.0
20170124,9,PM2.5,嘉峪关,16.0
20170124,9,PM2.5_24h,嘉峪关,24.0
20170124,9,PM10,嘉峪关,33.0
20170124,9,PM10_24h,嘉峪关,59.0
20170124,9,SO2,嘉峪关,12.0
20170124,9,SO2_24h,嘉峪关,21.0
20170124,9,NO2,嘉峪关,56.0
20170124,9,NO2_24h,嘉峪关,39.0
20170124,9,O3,嘉峪关,24.0
20170124,9,O3_24h,嘉峪关,89.0
20170124,9,O3_8h,嘉峪关,22.0
20170124,9,O3_8h_24h,嘉峪关,39.0
20170124,9,CO,嘉峪关,0.8
20170124,9,CO_24h,嘉峪关,0.8
20170124,10,AQI,嘉峪关,27.0
20170124,10,PM2.5,嘉峪关,8.0
20170124,10,PM2.5_24h,嘉峪关,24.0
20170124,10,PM10,嘉峪关,27.0
20170124,10,PM10_24h,嘉峪关,58.0
20170124,10,SO2,嘉峪关,9.0
20170124,10,SO2_24h,嘉峪关,20.0
20170124,10,NO2,嘉峪关,48.0
20170124,10,NO2_24h,嘉峪关,38.0
20170124,10,O3,嘉峪关,37.0
20170124,10,O3_24h,嘉峪关,89.0
20170124,10,O3_8h,嘉峪关,25.0
20170124,10,O3_8h_24h,嘉峪关,39.0
20170124,10,CO,嘉峪关,0.7
20170124,10,CO_24h,嘉峪关,0.8
20170124,11,AQI,嘉峪关,39.0
20170124,11,PM2.5,嘉峪关,13.0
20170124,11,PM2.5_24h,嘉峪关,22.0
20170124,11,PM10,嘉峪关,39.0
20170124,11,PM10_24h,嘉峪关,56.0
20170124,11,SO2,嘉峪关,17.0
20170124,11,SO2_24h,嘉峪关,19.0
20170124,11,NO2,嘉峪关,71.0
20170124,11,NO2_24h,嘉峪关,39.0
20170124,11,O3,嘉峪关,31.0
20170124,11,O3_24h,嘉峪关,89.0
20170124,11,O3_8h,嘉峪关,26.0
20170124,11,O3_8h_24h,嘉峪关,39.0
20170124,11,CO,嘉峪关,1.6
20170124,11,CO_24h,嘉峪关,0.8
20170124,12,AQI,嘉峪关,69.0
20170124,12,PM2.5,嘉峪关,27.0
20170124,12,PM2.5_24h,嘉峪关,23.0
20170124,12,PM10,嘉峪关,88.0
20170124,12,PM10_24h,嘉峪关,57.0
20170124,12,SO2,嘉峪关,19.0
20170124,12,SO2_24h,嘉峪关,15.0
20170124,12,NO2,嘉峪关,53.0
20170124,12,NO2_24h,嘉峪关,39.0
20170124,12,O3,嘉峪关,52.0
20170124,12,O3_24h,嘉峪关,89.0
20170124,12,O3_8h,嘉峪关,30.0
20170124,12,O3_8h_24h,嘉峪关,39.0
20170124,12,CO,嘉峪关,1.1
20170124,12,CO_24h,嘉峪关,0.7
20170124,13,AQI,嘉峪关,62.0
20170124,13,PM2.5,嘉峪关,29.0
20170124,13,PM2.5_24h,嘉峪关,22.0
20170124,13,PM10,嘉峪关,74.0
20170124,13,PM10_24h,嘉峪关,53.0
20170124,13,SO2,嘉峪关,14.0
20170124,13,SO2_24h,嘉峪关,14.0
20170124,13,NO2,嘉峪关,23.0
20170124,13,NO2_24h,嘉峪关,39.0
20170124,13,O3,嘉峪关,77.0
20170124,13,O3_24h,嘉峪关,89.0
20170124,13,O3_8h,嘉峪关,37.0
20170124,13,O3_8h_24h,嘉峪关,39.0
20170124,13,CO,嘉峪关,0.7
20170124,13,CO_24h,嘉峪关,0.7
20170124,14,AQI,嘉峪关,56.0
20170124,14,PM2.5,嘉峪关,11.0
20170124,14,PM2.5_24h,嘉峪关,21.0
20170124,14,PM10,嘉峪关,61.0
20170124,14,PM10_24h,嘉峪关,54.0
20170124,14,SO2,嘉峪关,14.0
20170124,14,SO2_24h,嘉峪关,14.0
20170124,14,NO2,嘉峪关,20.0
20170124,14,NO2_24h,嘉峪关,40.0
20170124,14,O3,嘉峪关,82.0
20170124,14,O3_24h,嘉峪关,89.0
20170124,14,O3_8h,嘉峪关,43.0
20170124,14,O3_8h_24h,嘉峪关,43.0
20170124,14,CO,嘉峪关,0.7
20170124,14,CO_24h,嘉峪关,0.7
20170124,15,AQI,嘉峪关,46.0
20170124,15,PM2.5,嘉峪关,14.0
20170124,15,PM2.5_24h,嘉峪关,21.0
20170124,15,PM10,嘉峪关,46.0
20170124,15,PM10_24h,嘉峪关,54.0
20170124,15,SO2,嘉峪关,12.0
20170124,15,SO2_24h,嘉峪关,14.0
20170124,15,NO2,嘉峪关,14.0
20170124,15,NO2_24h,嘉峪关,40.0
20170124,15,O3,嘉峪关,100.0
20170124,15,O3_24h,嘉峪关,100.0
20170124,15,O3_8h,嘉峪关,52.0
20170124,15,O3_8h_24h,嘉峪关,52.0
20170124,15,CO,嘉峪关,0.7
20170124,15,CO_24h,嘉峪关,0.7
20170124,16,AQI,嘉峪关,33.0
20170124,16,PM2.5,嘉峪关,18.0
20170124,16,PM2.5_24h,嘉峪关,21.0
20170124,16,PM10,嘉峪关,24.0
20170124,16,PM10_24h,嘉峪关,53.0
20170124,16,SO2,嘉峪关,15.0
20170124,16,SO2_24h,嘉峪关,14.0
20170124,16,NO2,嘉峪关,20.0
20170124,16,NO2_24h,嘉峪关,40.0
20170124,16,O3,嘉峪关,106.0
20170124,16,O3_24h,嘉峪关,106.0
20170124,16,O3_8h,嘉峪关,64.0
20170124,16,O3_8h_24h,嘉峪关,64.0
20170124,16,CO,嘉峪关,0.8
20170124,16,CO_24h,嘉峪关,0.7
20170124,17,AQI,嘉峪关,56.0
20170124,17,PM2.5,嘉峪关,34.0
20170124,17,PM2.5_24h,嘉峪关,21.0
20170124,17,PM10,嘉峪关,61.0
20170124,17,PM10_24h,嘉峪关,53.0
20170124,17,SO2,嘉峪关,11.0
20170124,17,SO2_24h,嘉峪关,14.0
20170124,17,NO2,嘉峪关,24.0
20170124,17,NO2_24h,嘉峪关,40.0
20170124,17,O3,嘉峪关,109.0
20170124,17,O3_24h,嘉峪关,109.0
20170124,17,O3_8h,嘉峪关,74.0
20170124,17,O3_8h_24h,嘉峪关,74.0
20170124,17,CO,嘉峪关,0.8
20170124,17,CO_24h,嘉峪关,0.7
20170124,18,AQI,嘉峪关,64.0
20170124,18,PM2.5,嘉峪关,38.0
20170124,18,PM2.5_24h,嘉峪关,22.0
20170124,18,PM10,嘉峪关,77.0
20170124,18,PM10_24h,嘉峪关,53.0
20170124,18,SO2,嘉峪关,12.0
20170124,18,SO2_24h,嘉峪关,13.0
20170124,18,NO2,嘉峪关,25.0
20170124,18,NO2_24h,嘉峪关,40.0
20170124,18,O3,嘉峪关,95.0
20170124,18,O3_24h,嘉峪关,109.0
20170124,18,O3_8h,嘉峪关,82.0
20170124,18,O3_8h_24h,嘉峪关,82.0
20170124,18,CO,嘉峪关,0.7
20170124,18,CO_24h,嘉峪关,0.7
20170124,19,AQI,嘉峪关,63.0
20170124,19,PM2.5,嘉峪关,38.0
20170124,19,PM2.5_24h,嘉峪关,22.0
20170124,19,PM10,嘉峪关,75.0
20170124,19,PM10_24h,嘉峪关,53.0
20170124,19,SO2,嘉峪关,10.0
20170124,19,SO2_24h,嘉峪关,13.0
20170124,19,NO2,嘉峪关,16.0
20170124,19,NO2_24h,嘉峪关,39.0
20170124,19,O3,嘉峪关,81.0
20170124,19,O3_24h,嘉峪关,109.0
20170124,19,O3_8h,嘉峪关,88.0
20170124,19,O3_8h_24h,嘉峪关,88.0
20170124,19,CO,嘉峪关,0.7
20170124,19,CO_24h,嘉峪关,0.7
20170124,20,AQI,嘉峪关,60.0
20170124,20,PM2.5,嘉峪关,25.0
20170124,20,PM2.5_24h,嘉峪关,22.0
20170124,20,PM10,嘉峪关,70.0
20170124,20,PM10_24h,嘉峪关,52.0
20170124,20,SO2,嘉峪关,8.0
20170124,20,SO2_24h,嘉峪关,12.0
20170124,20,NO2,嘉峪关,18.0
20170124,20,NO2_24h,嘉峪关,39.0
20170124,20,O3,嘉峪关,81.0
20170124,20,O3_24h,嘉峪关,109.0
20170124,20,O3_8h,嘉峪关,91.0
20170124,20,O3_8h_24h,嘉峪关,91.0
20170124,20,CO,嘉峪关,0.5
20170124,20,CO_24h,嘉峪关,0.7
20170124,21,AQI,嘉峪关,71.0
20170124,21,PM2.5,嘉峪关,22.0
20170124,21,PM2.5_24h,嘉峪关,22.0
20170124,21,PM10,嘉峪关,91.0
20170124,21,PM10_24h,嘉峪关,53.0
20170124,21,SO2,嘉峪关,8.0
20170124,21,SO2_24h,嘉峪关,12.0
20170124,21,NO2,嘉峪关,14.0
20170124,21,NO2_24h,嘉峪关,38.0
20170124,21,O3,嘉峪关,83.0
20170124,21,O3_24h,嘉峪关,109.0
20170124,21,O3_8h,嘉峪关,92.0
20170124,21,O3_8h_24h,嘉峪关,92.0
20170124,21,CO,嘉峪关,0.4
20170124,21,CO_24h,嘉峪关,0.7
20170124,22,AQI,嘉峪关,78.0
20170124,22,PM2.5,嘉峪关,23.0
20170124,22,PM2.5_24h,嘉峪关,22.0
20170124,22,PM10,嘉峪关,106.0
20170124,22,PM10_24h,嘉峪关,56.0
20170124,22,SO2,嘉峪关,10.0
20170124,22,SO2_24h,嘉峪关,12.0
20170124,22,NO2,嘉峪关,26.0
20170124,22,NO2_24h,嘉峪关,38.0
20170124,22,O3,嘉峪关,69.0
20170124,22,O3_24h,嘉峪关,109.0
20170124,22,O3_8h,嘉峪关,90.0
20170124,22,O3_8h_24h,嘉峪关,92.0
20170124,22,CO,嘉峪关,0.6
20170124,22,CO_24h,嘉峪关,0.7
20170124,23,AQI,嘉峪关,70.0
20170124,23,PM2.5,嘉峪关,30.0
20170124,23,PM2.5_24h,嘉峪关,22.0
20170124,23,PM10,嘉峪关,89.0
20170124,23,PM10_24h,嘉峪关,56.0
20170124,23,SO2,嘉峪关,10.0
20170124,23,SO2_24h,嘉峪关,12.0
20170124,23,NO2,嘉峪关,49.0
20170124,23,NO2_24h,嘉峪关,37.0
20170124,23,O3,嘉峪关,35.0
20170124,23,O3_24h,嘉峪关,109.0
20170124,23,O3_8h,嘉峪关,82.0
20170124,23,O3_8h_24h,嘉峪关,92.0
20170124,23,CO,嘉峪关,0.8
20170124,23,CO_24h,嘉峪关,0.7
20170124,0,AQI,石嘴山,124.0
20170124,0,PM2.5,石嘴山,94.0
20170124,0,PM2.5_24h,石嘴山,64.0
20170124,0,PM10,石嘴山,154.0
20170124,0,PM10_24h,石嘴山,114.0
20170124,0,SO2,石嘴山,187.0
20170124,0,SO2_24h,石嘴山,155.0
20170124,0,NO2,石嘴山,61.0
20170124,0,NO2_24h,石嘴山,49.0
20170124,0,O3,石嘴山,18.0
20170124,0,O3_24h,石嘴山,77.0
20170124,0,O3_8h,石嘴山,28.0
20170124,0,O3_8h_24h,石嘴山,61.0
20170124,0,CO,石嘴山,2.23
20170124,0,CO_24h,石嘴山,1.8
20170124,1,AQI,石嘴山,174.0
20170124,1,PM2.5,石嘴山,132.0
20170124,1,PM2.5_24h,石嘴山,67.0
20170124,1,PM10,石嘴山,184.0
20170124,1,PM10_24h,石嘴山,117.0
20170124,1,SO2,石嘴山,192.0
20170124,1,SO2_24h,石嘴山,159.0
20170124,1,NO2,石嘴山,55.0
20170124,1,NO2_24h,石嘴山,49.0
20170124,1,O3,石嘴山,21.0
20170124,1,O3_24h,石嘴山,77.0
20170124,1,O3_8h,石嘴山,21.0
20170124,1,O3_8h_24h,石嘴山,21.0
20170124,1,CO,石嘴山,2.5
20170124,1,CO_24h,石嘴山,1.83
20170124,2,AQI,石嘴山,118.0
20170124,2,PM2.5,石嘴山,89.0
20170124,2,PM2.5_24h,石嘴山,67.0
20170124,2,PM10,石嘴山,148.0
20170124,2,PM10_24h,石嘴山,116.0
20170124,2,SO2,石嘴山,154.0
20170124,2,SO2_24h,石嘴山,159.0
20170124,2,NO2,石嘴山,50.0
20170124,2,NO2_24h,石嘴山,49.0
20170124,2,O3,石嘴山,24.0
20170124,2,O3_24h,石嘴山,77.0
20170124,2,O3_8h,石嘴山,23.0
20170124,2,O3_8h_24h,石嘴山,24.0
20170124,2,CO,石嘴山,2.13
20170124,2,CO_24h,石嘴山,1.83
20170124,3,AQI,石嘴山,74.0
20170124,3,PM2.5,石嘴山,52.0
20170124,3,PM2.5_24h,石嘴山,65.0
20170124,3,PM10,石嘴山,97.0
20170124,3,PM10_24h,石嘴山,115.0
20170124,3,SO2,石嘴山,93.0
20170124,3,SO2_24h,石嘴山,157.0
20170124,3,NO2,石嘴山,38.0
20170124,3,NO2_24h,石嘴山,48.0
20170124,3,O3,石嘴山,31.0
20170124,3,O3_24h,石嘴山,77.0
20170124,3,O3_8h,石嘴山,25.0
20170124,3,O3_8h_24h,石嘴山,26.0
20170124,3,CO,石嘴山,1.57
20170124,3,CO_24h,石嘴山,1.77
20170124,4,AQI,石嘴山,75.0
20170124,4,PM2.5,石嘴山,55.0
20170124,4,PM2.5_24h,石嘴山,64.0
20170124,4,PM10,石嘴山,88.0
20170124,4,PM10_24h,石嘴山,114.0
20170124,4,SO2,石嘴山,98.0
20170124,4,SO2_24h,石嘴山,157.0
20170124,4,NO2,石嘴山,37.0
20170124,4,NO2_24h,石嘴山,48.0
20170124,4,O3,石嘴山,30.0
20170124,4,O3_24h,石嘴山,77.0
20170124,4,O3_8h,石嘴山,26.0
20170124,4,O3_8h_24h,石嘴山,28.0
20170124,4,CO,石嘴山,1.77
20170124,4,CO_24h,石嘴山,1.77
20170124,5,AQI,石嘴山,75.0
20170124,5,PM2.5,石嘴山,55.0
20170124,5,PM2.5_24h,石嘴山,64.0
20170124,5,PM10,石嘴山,88.0
20170124,5,PM10_24h,石嘴山,113.0
20170124,5,SO2,石嘴山,139.0
20170124,5,SO2_24h,石嘴山,155.0
20170124,5,NO2,石嘴山,35.0
20170124,5,NO2_24h,石嘴山,48.0
20170124,5,O3,石嘴山,33.0
20170124,5,O3_24h,石嘴山,77.0
20170124,5,O3_8h,石嘴山,28.0
20170124,5,O3_8h_24h,石嘴山,28.0
20170124,5,CO,石嘴山,1.63
20170124,5,CO_24h,石嘴山,1.73
20170124,6,AQI,石嘴山,91.0
20170124,6,PM2.5,石嘴山,68.0
20170124,6,PM2.5_24h,石嘴山,64.0
20170124,6,PM10,石嘴山,92.0
20170124,6,PM10_24h,石嘴山,111.0
20170124,6,SO2,石嘴山,173.0
20170124,6,SO2_24h,石嘴山,156.0
20170124,6,NO2,石嘴山,39.0
20170124,6,NO2_24h,石嘴山,48.0
20170124,6,O3,石嘴山,26.0
20170124,6,O3_24h,石嘴山,77.0
20170124,6,O3_8h,石嘴山,28.0
20170124,6,O3_8h_24h,石嘴山,28.0
20170124,6,CO,石嘴山,1.73
20170124,6,CO_24h,石嘴山,1.73
20170124,7,AQI,石嘴山,93.0
20170124,7,PM2.5,石嘴山,69.0
20170124,7,PM2.5_24h,石嘴山,64.0
20170124,7,PM10,石嘴山,101.0
20170124,7,PM10_24h,石嘴山,110.0
20170124,7,SO2,石嘴山,223.0
20170124,7,SO2_24h,石嘴山,157.0
20170124,7,NO2,石嘴山,45.0
20170124,7,NO2_24h,石嘴山,48.0
20170124,7,O3,石嘴山,22.0
20170124,7,O3_24h,石嘴山,77.0
20170124,7,O3_8h,石嘴山,27.0
20170124,7,O3_8h_24h,石嘴山,28.0
20170124,7,CO,石嘴山,1.9
20170124,7,CO_24h,石嘴山,1.7
20170124,8,AQI,石嘴山,85.0
20170124,8,PM2.5,石嘴山,63.0
20170124,8,PM2.5_24h,石嘴山,65.0
20170124,8,PM10,石嘴山,93.0
20170124,8,PM10_24h,石嘴山,110.0
20170124,8,SO2,石嘴山,181.0
20170124,8,SO2_24h,石嘴山,158.0
20170124,8,NO2,石嘴山,47.0
20170124,8,NO2_24h,石嘴山,48.0
20170124,8,O3,石嘴山,19.0
20170124,8,O3_24h,石嘴山,77.0
20170124,8,O3_8h,石嘴山,26.0
20170124,8,O3_8h_24h,石嘴山,28.0
20170124,8,CO,石嘴山,2.17
20170124,8,CO_24h,石嘴山,1.73
20170124,9,AQI,石嘴山,96.0
20170124,9,PM2.5,石嘴山,72.0
20170124,9,PM2.5_24h,石嘴山,66.0
20170124,9,PM10,石嘴山,95.0
20170124,9,PM10_24h,石嘴山,111.0
20170124,9,SO2,石嘴山,206.0
20170124,9,SO2_24h,石嘴山,160.0
20170124,9,NO2,石嘴山,47.0
20170124,9,NO2_24h,石嘴山,48.0
20170124,9,O3,石嘴山,22.0
20170124,9,O3_24h,石嘴山,77.0
20170124,9,O3_8h,石嘴山,26.0
20170124,9,O3_8h_24h,石嘴山,28.0
20170124,9,CO,石嘴山,1.83
20170124,9,CO_24h,石嘴山,1.7
20170124,10,AQI,石嘴山,116.0
20170124,10,PM2.5,石嘴山,88.0
20170124,10,PM2.5_24h,石嘴山,68.0
20170124,10,PM10,石嘴山,111.0
20170124,10,PM10_24h,石嘴山,112.0
20170124,10,SO2,石嘴山,173.0
20170124,10,SO2_24h,石嘴山,162.0
20170124,10,NO2,石嘴山,45.0
20170124,10,NO2_24h,石嘴山,49.0
20170124,10,O3,石嘴山,30.0
20170124,10,O3_24h,石嘴山,77.0
20170124,10,O3_8h,石嘴山,26.0
20170124,10,O3_8h_24h,石嘴山,28.0
20170124,10,CO,石嘴山,2.03
20170124,10,CO_24h,石嘴山,1.73
20170124,11,AQI,石嘴山,101.0
20170124,11,PM2.5,石嘴山,76.0
20170124,11,PM2.5_24h,石嘴山,69.0
20170124,11,PM10,石嘴山,119.0
20170124,11,PM10_24h,石嘴山,114.0
20170124,11,SO2,石嘴山,155.0
20170124,11,SO2_24h,石嘴山,163.0
20170124,11,NO2,石嘴山,42.0
20170124,11,NO2_24h,石嘴山,49.0
20170124,11,O3,石嘴山,42.0
20170124,11,O3_24h,石嘴山,77.0
20170124,11,O3_8h,石嘴山,28.0
20170124,11,O3_8h_24h,石嘴山,29.0
20170124,11,CO,石嘴山,1.93
20170124,11,CO_24h,石嘴山,1.77
20170124,12,AQI,石嘴山,74.0
20170124,12,PM2.5,石嘴山,46.0
20170124,12,PM2.5_24h,石嘴山,69.0
20170124,12,PM10,石嘴山,97.0
20170124,12,PM10_24h,石嘴山,115.0
20170124,12,SO2,石嘴山,141.0
20170124,12,SO2_24h,石嘴山,166.0
20170124,12,NO2,石嘴山,36.0
20170124,12,NO2_24h,石嘴山,50.0
20170124,12,O3,石嘴山,46.0
20170124,12,O3_24h,石嘴山,77.0
20170124,12,O3_8h,石嘴山,30.0
20170124,12,O3_8h_24h,石嘴山,30.0
20170124,12,CO,石嘴山,1.57
20170124,12,CO_24h,石嘴山,1.8
20170124,13,AQI,石嘴山,64.0
20170124,13,PM2.5,石嘴山,37.0
20170124,13,PM2.5_24h,石嘴山,69.0
20170124,13,PM10,石嘴山,77.0
20170124,13,PM10_24h,石嘴山,115.0
20170124,13,SO2,石嘴山,85.0
20170124,13,SO2_24h,石嘴山,166.0
20170124,13,NO2,石嘴山,28.0
20170124,13,NO2_24h,石嘴山,50.0
20170124,13,O3,石嘴山,59.0
20170124,13,O3_24h,石嘴山,77.0
20170124,13,O3_8h,石嘴山,33.0
20170124,13,O3_8h_24h,石嘴山,33.0
20170124,13,CO,石嘴山,1.23
20170124,13,CO_24h,石嘴山,1.8
20170124,14,AQI,石嘴山,58.0
20170124,14,PM2.5,石嘴山,34.0
20170124,14,PM2.5_24h,石嘴山,69.0
20170124,14,PM10,石嘴山,66.0
20170124,14,PM10_24h,石嘴山,115.0
20170124,14,SO2,石嘴山,57.0
20170124,14,SO2_24h,石嘴山,165.0
20170124,14,NO2,石嘴山,28.0
20170124,14,NO2_24h,石嘴山,50.0
20170124,14,O3,石嘴山,68.0
20170124,14,O3_24h,石嘴山,77.0
20170124,14,O3_8h,石嘴山,38.0
20170124,14,O3_8h_24h,石嘴山,38.0
20170124,14,CO,石嘴山,1.17
20170124,14,CO_24h,石嘴山,1.8
20170124,15,AQI,石嘴山,55.0
20170124,15,PM2.5,石嘴山,32.0
20170124,15,PM2.5_24h,石嘴山,69.0
20170124,15,PM10,石嘴山,60.0
20170124,15,PM10_24h,石嘴山,114.0
20170124,15,SO2,石嘴山,56.0
20170124,15,SO2_24h,石嘴山,163.0
20170124,15,NO2,石嘴山,27.0
20170124,15,NO2_24h,石嘴山,50.0
20170124,15,O3,石嘴山,77.0
20170124,15,O3_24h,石嘴山,80.0
20170124,15,O3_8h,石嘴山,46.0
20170124,15,O3_8h_24h,石嘴山,46.0
20170124,15,CO,石嘴山,1.1
20170124,15,CO_24h,石嘴山,1.8
20170124,16,AQI,石嘴山,52.0
20170124,16,PM2.5,石嘴山,31.0
20170124,16,PM2.5_24h,石嘴山,69.0
20170124,16,PM10,石嘴山,54.0
20170124,16,PM10_24h,石嘴山,114.0
20170124,16,SO2,石嘴山,47.0
20170124,16,SO2_24h,石嘴山,159.0
20170124,16,NO2,石嘴山,29.0
20170124,16,NO2_24h,石嘴山,49.0
20170124,16,O3,石嘴山,81.0
20170124,16,O3_24h,石嘴山,81.0
20170124,16,O3_8h,石嘴山,53.0
20170124,16,O3_8h_24h,石嘴山,53.0
20170124,16,CO,石嘴山,1.07
20170124,16,CO_24h,石嘴山,1.77
20170124,17,AQI,石嘴山,54.0
20170124,17,PM2.5,石嘴山,29.0
20170124,17,PM2.5_24h,石嘴山,68.0
20170124,17,PM10,石嘴山,57.0
20170124,17,PM10_24h,石嘴山,113.0
20170124,17,SO2,石嘴山,49.0
20170124,17,SO2_24h,石嘴山,152.0
20170124,17,NO2,石嘴山,31.0
20170124,17,NO2_24h,石嘴山,49.0
20170124,17,O3,石嘴山,81.0
20170124,17,O3_24h,石嘴山,85.0
20170124,17,O3_8h,石嘴山,60.0
20170124,17,O3_8h_24h,石嘴山,60.0
20170124,17,CO,石嘴山,1.03
20170124,17,CO_24h,石嘴山,1.77
20170124,18,AQI,石嘴山,61.0
20170124,18,PM2.5,石嘴山,44.0
20170124,18,PM2.5_24h,石嘴山,68.0
20170124,18,PM10,石嘴山,68.0
20170124,18,PM10_24h,石嘴山,111.0
20170124,18,SO2,石嘴山,68.0
20170124,18,SO2_24h,石嘴山,145.0
20170124,18,NO2,石嘴山,49.0
20170124,18,NO2_24h,石嘴山,48.0
20170124,18,O3,石嘴山,63.0
20170124,18,O3_24h,石嘴山,85.0
20170124,18,O3_8h,石嘴山,64.0
20170124,18,O3_8h_24h,石嘴山,64.0
20170124,18,CO,石嘴山,1.5
20170124,18,CO_24h,石嘴山,1.77
20170124,19,AQI,石嘴山,126.0
20170124,19,PM2.5,石嘴山,96.0
20170124,19,PM2.5_24h,石嘴山,68.0
20170124,19,PM10,石嘴山,130.0
20170124,19,PM10_24h,石嘴山,110.0
20170124,19,SO2,石嘴山,204.0
20170124,19,SO2_24h,石嘴山,145.0
20170124,19,NO2,石嘴山,89.0
20170124,19,NO2_24h,石嘴山,48.0
20170124,19,O3,石嘴山,27.0
20170124,19,O3_24h,石嘴山,85.0
20170124,19,O3_8h,石嘴山,63.0
20170124,19,O3_8h_24h,石嘴山,64.0
20170124,19,CO,石嘴山,2.6
20170124,19,CO_24h,石嘴山,1.8
20170124,20,AQI,石嘴山,124.0
20170124,20,PM2.5,石嘴山,94.0
20170124,20,PM2.5_24h,石嘴山,69.0
20170124,20,PM10,石嘴山,184.0
20170124,20,PM10_24h,石嘴山,112.0
20170124,20,SO2,石嘴山,177.0
20170124,20,SO2_24h,石嘴山,145.0
20170124,20,NO2,石嘴山,93.0
20170124,20,NO2_24h,石嘴山,49.0
20170124,20,O3,石嘴山,20.0
20170124,20,O3_24h,石嘴山,85.0
20170124,20,O3_8h,石嘴山,60.0
20170124,20,O3_8h_24h,石嘴山,64.0
20170124,20,CO,石嘴山,2.7
20170124,20,CO_24h,石嘴山,1.87
20170124,21,AQI,石嘴山,129.0
20170124,21,PM2.5,石嘴山,98.0
20170124,21,PM2.5_24h,石嘴山,69.0
20170124,21,PM10,石嘴山,187.0
20170124,21,PM10_24h,石嘴山,114.0
20170124,21,SO2,石嘴山,171.0
20170124,21,SO2_24h,石嘴山,144.0
20170124,21,NO2,石嘴山,84.0
20170124,21,NO2_24h,石嘴山,49.0
20170124,21,O3,石嘴山,18.0
20170124,21,O3_24h,石嘴山,85.0
20170124,21,O3_8h,石嘴山,55.0
20170124,21,O3_8h_24h,石嘴山,64.0
20170124,21,CO,石嘴山,2.6
20170124,21,CO_24h,石嘴山,1.87
20170124,22,AQI,石嘴山,136.0
20170124,22,PM2.5,石嘴山,104.0
20170124,22,PM2.5_24h,石嘴山,69.0
20170124,22,PM10,石嘴山,133.0
20170124,22,PM10_24h,石嘴山,110.0
20170124,22,SO2,石嘴山,151.0
20170124,22,SO2_24h,石嘴山,141.0
20170124,22,NO2,石嘴山,71.0
20170124,22,NO2_24h,石嘴山,49.0
20170124,22,O3,石嘴山,22.0
20170124,22,O3_24h,石嘴山,85.0
20170124,22,O3_8h,石嘴山,48.0
20170124,22,O3_8h_24h,石嘴山,64.0
20170124,22,CO,石嘴山,2.47
20170124,22,CO_24h,石嘴山,1.87
20170124,23,AQI,石嘴山,176.0
20170124,23,PM2.5,石嘴山,133.0
20170124,23,PM2.5_24h,石嘴山,71.0
20170124,23,PM10,石嘴山,159.0
20170124,23,PM10_24h,石嘴山,110.0
20170124,23,SO2,石嘴山,156.0
20170124,23,SO2_24h,石嘴山,139.0
20170124,23,NO2,石嘴山,66.0
20170124,23,NO2_24h,石嘴山,49.0
20170124,23,O3,石嘴山,23.0
20170124,23,O3_24h,石嘴山,85.0
20170124,23,O3_8h,石嘴山,42.0
20170124,23,O3_8h_24h,石嘴山,64.0
20170124,23,CO,石嘴山,2.6
20170124,23,CO_24h,石嘴山,1.87
20170124,0,AQI,克拉玛依,201.0
20170124,0,PM2.5,克拉玛依,151.0
20170124,0,PM2.5_24h,克拉玛依,154.0
20170124,0,PM10,克拉玛依,218.0
20170124,0,PM10_24h,克拉玛依,231.0
20170124,0,SO2,克拉玛依,34.0
20170124,0,SO2_24h,克拉玛依,30.0
20170124,0,NO2,克拉玛依,47.0
20170124,0,NO2_24h,克拉玛依,44.0
20170124,0,O3,克拉玛依,48.0
20170124,0,O3_24h,克拉玛依,87.0
20170124,0,O3_8h,克拉玛依,50.0
20170124,0,O3_8h_24h,克拉玛依,69.0
20170124,0,CO,克拉玛依,2.2
20170124,0,CO_24h,克拉玛依,2.38
20170124,1,AQI,克拉玛依,181.0
20170124,1,PM2.5,克拉玛依,137.0
20170124,1,PM2.5_24h,克拉玛依,153.0
20170124,1,PM10,克拉玛依,246.0
20170124,1,PM10_24h,克拉玛依,231.0
20170124,1,SO2,克拉玛依,26.0
20170124,1,SO2_24h,克拉玛依,30.0
20170124,1,NO2,克拉玛依,36.0
20170124,1,NO2_24h,克拉玛依,44.0
20170124,1,O3,克拉玛依,48.0
20170124,1,O3_24h,克拉玛依,87.0
20170124,1,O3_8h,克拉玛依,48.0
20170124,1,O3_8h_24h,克拉玛依,48.0
20170124,1,CO,克拉玛依,2.18
20170124,1,CO_24h,克拉玛依,2.38
20170124,2,AQI,克拉玛依,179.0
20170124,2,PM2.5,克拉玛依,135.0
20170124,2,PM2.5_24h,克拉玛依,153.0
20170124,2,PM10,克拉玛依,263.0
20170124,2,PM10_24h,克拉玛依,233.0
20170124,2,SO2,克拉玛依,27.0
20170124,2,SO2_24h,克拉玛依,30.0
20170124,2,NO2,克拉玛依,37.0
20170124,2,NO2_24h,克拉玛依,43.0
20170124,2,O3,克拉玛依,51.0
20170124,2,O3_24h,克拉玛依,88.0
20170124,2,O3_8h,克拉玛依,50.0
20170124,2,O3_8h_24h,克拉玛依,52.0
20170124,2,CO,克拉玛依,2.16
20170124,2,CO_24h,克拉玛依,2.36
20170124,3,AQI,克拉玛依,196.0
20170124,3,PM2.5,克拉玛依,147.0
20170124,3,PM2.5_24h,克拉玛依,153.0
20170124,3,PM10,克拉玛依,254.0
20170124,3,PM10_24h,克拉玛依,236.0
20170124,3,SO2,克拉玛依,27.0
20170124,3,SO2_24h,克拉玛依,30.0
20170124,3,NO2,克拉玛依,37.0
20170124,3,NO2_24h,克拉玛依,43.0
20170124,3,O3,克拉玛依,53.0
20170124,3,O3_24h,克拉玛依,88.0
20170124,3,O3_8h,克拉玛依,51.0
20170124,3,O3_8h_24h,克拉玛依,55.0
20170124,3,CO,克拉玛依,2.16
20170124,3,CO_24h,克拉玛依,2.36
20170124,4,AQI,克拉玛依,187.0
20170124,4,PM2.5,克拉玛依,141.0
20170124,4,PM2.5_24h,克拉玛依,153.0
20170124,4,PM10,克拉玛依,204.0
20170124,4,PM10_24h,克拉玛依,236.0
20170124,4,SO2,克拉玛依,26.0
20170124,4,SO2_24h,克拉玛依,30.0
20170124,4,NO2,克拉玛依,33.0
20170124,4,NO2_24h,克拉玛依,43.0
20170124,4,O3,克拉玛依,55.0
20170124,4,O3_24h,克拉玛依,88.0
20170124,4,O3_8h,克拉玛依,52.0
20170124,4,O3_8h_24h,克拉玛依,56.0
20170124,4,CO,克拉玛依,2.06
20170124,4,CO_24h,克拉玛依,2.34
20170124,5,AQI,克拉玛依,171.0
20170124,5,PM2.5,克拉玛依,130.0
20170124,5,PM2.5_24h,克拉玛依,153.0
20170124,5,PM10,克拉玛依,189.0
20170124,5,PM10_24h,克拉玛依,237.0
20170124,5,SO2,克拉玛依,25.0
20170124,5,SO2_24h,克拉玛依,31.0
20170124,5,NO2,克拉玛依,29.0
20170124,5,NO2_24h,克拉玛依,43.0
20170124,5,O3,克拉玛依,54.0
20170124,5,O3_24h,克拉玛依,88.0
20170124,5,O3_8h,克拉玛依,53.0
20170124,5,O3_8h_24h,克拉玛依,57.0
20170124,5,CO,克拉玛依,2.12
20170124,5,CO_24h,克拉玛依,2.32
20170124,6,AQI,克拉玛依,153.0
20170124,6,PM2.5,克拉玛依,117.0
20170124,6,PM2.5_24h,克拉玛依,152.0
20170124,6,PM10,克拉玛依,171.0
20170124,6,PM10_24h,克拉玛依,235.0
20170124,6,SO2,克拉玛依,25.0
20170124,6,SO2_24h,克拉玛依,31.0
20170124,6,NO2,克拉玛依,24.0
20170124,6,NO2_24h,克拉玛依,42.0
20170124,6,O3,克拉玛依,58.0
20170124,6,O3_24h,克拉玛依,88.0
20170124,6,O3_8h,克拉玛依,53.0
20170124,6,O3_8h_24h,克拉玛依,58.0
20170124,6,CO,克拉玛依,2.1
20170124,6,CO_24h,克拉玛依,2.3
20170124,7,AQI,克拉玛依,146.0
20170124,7,PM2.5,克拉玛依,112.0
20170124,7,PM2.5_24h,克拉玛依,150.0
20170124,7,PM10,克拉玛依,178.0
20170124,7,PM10_24h,克拉玛依,234.0
20170124,7,SO2,克拉玛依,27.0
20170124,7,SO2_24h,克拉玛依,31.0
20170124,7,NO2,克拉玛依,25.0
20170124,7,NO2_24h,克拉玛依,42.0
20170124,7,O3,克拉玛依,63.0
20170124,7,O3_24h,克拉玛依,88.0
20170124,7,O3_8h,克拉玛依,55.0
20170124,7,O3_8h_24h,克拉玛依,60.0
20170124,7,CO,克拉玛依,2.16
20170124,7,CO_24h,克拉玛依,2.3
20170124,8,AQI,克拉玛依,141.0
20170124,8,PM2.5,克拉玛依,108.0
20170124,8,PM2.5_24h,克拉玛依,149.0
20170124,8,PM10,克拉玛依,201.0
20170124,8,PM10_24h,克拉玛依,234.0
20170124,8,SO2,克拉玛依,26.0
20170124,8,SO2_24h,克拉玛依,31.0
20170124,8,NO2,克拉玛依,29.0
20170124,8,NO2_24h,克拉玛依,41.0
20170124,8,O3,克拉玛依,61.0
20170124,8,O3_24h,克拉玛依,88.0
20170124,8,O3_8h,克拉玛依,56.0
20170124,8,O3_8h_24h,克拉玛依,61.0
20170124,8,CO,克拉玛依,2.1
20170124,8,CO_24h,克拉玛依,2.3
20170124,9,AQI,克拉玛依,145.0
20170124,9,PM2.5,克拉玛依,111.0
20170124,9,PM2.5_24h,克拉玛依,148.0
20170124,9,PM10,克拉玛依,199.0
20170124,9,PM10_24h,克拉玛依,234.0
20170124,9,SO2,克拉玛依,27.0
20170124,9,SO2_24h,克拉玛依,31.0
20170124,9,NO2,克拉玛依,26.0
20170124,9,NO2_24h,克拉玛依,40.0
20170124,9,O3,克拉玛依,60.0
20170124,9,O3_24h,克拉玛依,88.0
20170124,9,O3_8h,克拉玛依,57.0
20170124,9,O3_8h_24h,克拉玛依,63.0
20170124,9,CO,克拉玛依,2.14
20170124,9,CO_24h,克拉玛依,2.28
20170124,10,AQI,克拉玛依,148.0
20170124,10,PM2.5,克拉玛依,113.0
20170124,10,PM2.5_24h,克拉玛依,147.0
20170124,10,PM10,克拉玛依,163.0
20170124,10,PM10_24h,克拉玛依,230.0
20170124,10,SO2,克拉玛依,27.0
20170124,10,SO2_24h,克拉玛依,31.0
20170124,10,NO2,克拉玛依,42.0
20170124,10,NO2_24h,克拉玛依,39.0
20170124,10,O3,克拉玛依,44.0
20170124,10,O3_24h,克拉玛依,88.0
20170124,10,O3_8h,克拉玛依,56.0
20170124,10,O3_8h_24h,克拉玛依,63.0
20170124,10,CO,克拉玛依,2.58
20170124,10,CO_24h,克拉玛依,2.26
20170124,11,AQI,克拉玛依,139.0
20170124,11,PM2.5,克拉玛依,106.0
20170124,11,PM2.5_24h,克拉玛依,144.0
20170124,11,PM10,克拉玛依,170.0
20170124,11,PM10_24h,克拉玛依,226.0
20170124,11,SO2,克拉玛依,25.0
20170124,11,SO2_24h,克拉玛依,31.0
20170124,11,NO2,克拉玛依,36.0
20170124,11,NO2_24h,克拉玛依,39.0
20170124,11,O3,克拉玛依,51.0
20170124,11,O3_24h,克拉玛依,88.0
20170124,11,O3_8h,克拉玛依,56.0
20170124,11,O3_8h_24h,克拉玛依,63.0
20170124,11,CO,克拉玛依,2.36
20170124,11,CO_24h,克拉玛依,2.24
20170124,12,AQI,克拉玛依,144.0
20170124,12,PM2.5,克拉玛依,110.0
20170124,12,PM2.5_24h,克拉玛依,142.0
20170124,12,PM10,克拉玛依,174.0
20170124,12,PM10_24h,克拉玛依,223.0
20170124,12,SO2,克拉玛依,26.0
20170124,12,SO2_24h,克拉玛依,31.0
20170124,12,NO2,克拉玛依,30.0
20170124,12,NO2_24h,克拉玛依,39.0
20170124,12,O3,克拉玛依,58.0
20170124,12,O3_24h,克拉玛依,88.0
20170124,12,O3_8h,克拉玛依,56.0
20170124,12,O3_8h_24h,克拉玛依,63.0
20170124,12,CO,克拉玛依,2.24
20170124,12,CO_24h,克拉玛依,2.24
20170124,13,AQI,克拉玛依,153.0
20170124,13,PM2.5,克拉玛依,117.0
20170124,13,PM2.5_24h,克拉玛依,141.0
20170124,13,PM10,克拉玛依,186.0
20170124,13,PM10_24h,克拉玛依,222.0
20170124,13,SO2,克拉玛依,25.0
20170124,13,SO2_24h,克拉玛依,31.0
20170124,13,NO2,克拉玛依,26.0
20170124,13,NO2_24h,克拉玛依,38.0
20170124,13,O3,克拉玛依,52.0
20170124,13,O3_24h,克拉玛依,83.0
20170124,13,O3_8h,克拉玛依,56.0
20170124,13,O3_8h_24h,克拉玛依,63.0
20170124,13,CO,克拉玛依,1.94
20170124,13,CO_24h,克拉玛依,2.24
20170124,14,AQI,克拉玛依,157.0
20170124,14,PM2.5,克拉玛依,120.0
20170124,14,PM2.5_24h,克拉玛依,140.0
20170124,14,PM10,克拉玛依,172.0
20170124,14,PM10_24h,克拉玛依,219.0
20170124,14,SO2,克拉玛依,26.0
20170124,14,SO2_24h,克拉玛依,31.0
20170124,14,NO2,克拉玛依,23.0
20170124,14,NO2_24h,克拉玛依,38.0
20170124,14,O3,克拉玛依,92.0
20170124,14,O3_24h,克拉玛依,100.0
20170124,14,O3_8h,克拉玛依,60.0
20170124,14,O3_8h_24h,克拉玛依,66.0
20170124,14,CO,克拉玛依,1.94
20170124,14,CO_24h,克拉玛依,2.22
20170124,15,AQI,克拉玛依,157.0
20170124,15,PM2.5,克拉玛依,120.0
20170124,15,PM2.5_24h,克拉玛依,139.0
20170124,15,PM10,克拉玛依,160.0
20170124,15,PM10_24h,克拉玛依,215.0
20170124,15,SO2,克拉玛依,29.0
20170124,15,SO2_24h,克拉玛依,32.0
20170124,15,NO2,克拉玛依,22.0
20170124,15,NO2_24h,克拉玛依,37.0
20170124,15,O3,克拉玛依,74.0
20170124,15,O3_24h,克拉玛依,100.0
20170124,15,O3_8h,克拉玛依,61.0
20170124,15,O3_8h_24h,克拉玛依,66.0
20170124,15,CO,克拉玛依,1.84
20170124,15,CO_24h,克拉玛依,2.2
20170124,16,AQI,克拉玛依,151.0
20170124,16,PM2.5,克拉玛依,116.0
20170124,16,PM2.5_24h,克拉玛依,136.0
20170124,16,PM10,克拉玛依,149.0
20170124,16,PM10_24h,克拉玛依,209.0
20170124,16,SO2,克拉玛依,32.0
20170124,16,SO2_24h,克拉玛依,32.0
20170124,16,NO2,克拉玛依,27.0
20170124,16,NO2_24h,克拉玛依,37.0
20170124,16,O3,克拉玛依,74.0
20170124,16,O3_24h,克拉玛依,102.0
20170124,16,O3_8h,克拉玛依,63.0
20170124,16,O3_8h_24h,克拉玛依,67.0
20170124,16,CO,克拉玛依,1.74
20170124,16,CO_24h,克拉玛依,2.18
20170124,17,AQI,克拉玛依,149.0
20170124,17,PM2.5,克拉玛依,114.0
20170124,17,PM2.5_24h,克拉玛依,134.0
20170124,17,PM10,克拉玛依,170.0
20170124,17,PM10_24h,克拉玛依,205.0
20170124,17,SO2,克拉玛依,30.0
20170124,17,SO2_24h,克拉玛依,31.0
20170124,17,NO2,克拉玛依,34.0
20170124,17,NO2_24h,克拉玛依,37.0
20170124,17,O3,克拉玛依,73.0
20170124,17,O3_24h,克拉玛依,102.0
20170124,17,O3_8h,克拉玛依,65.0
20170124,17,O3_8h_24h,克拉玛依,68.0
20170124,17,CO,克拉玛依,2.08
20170124,17,CO_24h,克拉玛依,2.14
20170124,18,AQI,克拉玛依,167.0
20170124,18,PM2.5,克拉玛依,127.0
20170124,18,PM2.5_24h,克拉玛依,134.0
20170124,18,PM10,克拉玛依,185.0
20170124,18,PM10_24h,克拉玛依,206.0
20170124,18,SO2,克拉玛依,40.0
20170124,18,SO2_24h,克拉玛依,38.0
20170124,18,NO2,克拉玛依,35.0
20170124,18,NO2_24h,克拉玛依,37.0
20170124,18,O3,克拉玛依,73.0
20170124,18,O3_24h,克拉玛依,81.0
20170124,18,O3_8h,克拉玛依,69.0
20170124,18,O3_8h_24h,克拉玛依,70.0
20170124,18,CO,克拉玛依,2.02
20170124,18,CO_24h,克拉玛依,2.17
20170124,19,AQI,克拉玛依,160.0
20170124,19,PM2.5,克拉玛依,122.0
20170124,19,PM2.5_24h,克拉玛依,134.0
20170124,19,PM10,克拉玛依,180.0
20170124,19,PM10_24h,克拉玛依,205.0
20170124,19,SO2,克拉玛依,34.0
20170124,19,SO2_24h,克拉玛依,37.0
20170124,19,NO2,克拉玛依,38.0
20170124,19,NO2_24h,克拉玛依,37.0
20170124,19,O3,克拉玛依,70.0
20170124,19,O3_24h,克拉玛依,80.0
20170124,19,O3_8h,克拉玛依,71.0
20170124,19,O3_8h_24h,克拉玛依,71.0
20170124,19,CO,克拉玛依,2.13
20170124,19,CO_24h,克拉玛依,2.17
20170124,20,AQI,克拉玛依,201.0
20170124,20,PM2.5,克拉玛依,151.0
20170124,20,PM2.5_24h,克拉玛依,128.0
20170124,20,PM10,克拉玛依,182.0
20170124,20,PM10_24h,克拉玛依,195.0
20170124,20,SO2,克拉玛依,26.0
20170124,20,SO2_24h,克拉玛依,30.0
20170124,20,NO2,克拉玛依,35.0
20170124,20,NO2_24h,克拉玛依,36.0
20170124,20,O3,克拉玛依,68.0
20170124,20,O3_24h,克拉玛依,101.0
20170124,20,O3_8h,克拉玛依,72.0
20170124,20,O3_8h_24h,克拉玛依,73.0
20170124,20,CO,克拉玛依,1.84
20170124,20,CO_24h,克拉玛依,2.1
20170124,21,AQI,克拉玛依,190.0
20170124,21,PM2.5,克拉玛依,143.0
20170124,21,PM2.5_24h,克拉玛依,128.0
20170124,21,PM10,克拉玛依,182.0
20170124,21,PM10_24h,克拉玛依,192.0
20170124,21,SO2,克拉玛依,25.0
20170124,21,SO2_24h,克拉玛依,29.0
20170124,21,NO2,克拉玛依,33.0
20170124,21,NO2_24h,克拉玛依,35.0
20170124,21,O3,克拉玛依,67.0
20170124,21,O3_24h,克拉玛依,101.0
20170124,21,O3_8h,克拉玛依,75.0
20170124,21,O3_8h_24h,克拉玛依,75.0
20170124,21,CO,克拉玛依,1.88
20170124,21,CO_24h,克拉玛依,2.1
20170124,22,AQI,克拉玛依,171.0
20170124,22,PM2.5,克拉玛依,130.0
20170124,22,PM2.5_24h,克拉玛依,126.0
20170124,22,PM10,克拉玛依,184.0
20170124,22,PM10_24h,克拉玛依,187.0
20170124,22,SO2,克拉玛依,24.0
20170124,22,SO2_24h,克拉玛依,28.0
20170124,22,NO2,克拉玛依,28.0
20170124,22,NO2_24h,克拉玛依,33.0
20170124,22,O3,克拉玛依,70.0
20170124,22,O3_24h,克拉玛依,101.0
20170124,22,O3_8h,克拉玛依,71.0
20170124,22,O3_8h_24h,克拉玛依,76.0
20170124,22,CO,克拉玛依,1.86
20170124,22,CO_24h,克拉玛依,2.06
20170124,23,AQI,克拉玛依,161.0
20170124,23,PM2.5,克拉玛依,123.0
20170124,23,PM2.5_24h,克拉玛依,125.0
20170124,23,PM10,克拉玛依,192.0
20170124,23,PM10_24h,克拉玛依,184.0
20170124,23,SO2,克拉玛依,23.0
20170124,23,SO2_24h,克拉玛依,27.0
20170124,23,NO2,克拉玛依,23.0
20170124,23,NO2_24h,克拉玛依,31.0
20170124,23,O3,克拉玛依,75.0
20170124,23,O3_24h,克拉玛依,102.0
20170124,23,O3_8h,克拉玛依,71.0
20170124,23,O3_8h_24h,克拉玛依,76.0
20170124,23,CO,克拉玛依,1.84
20170124,23,CO_24h,克拉玛依,2.08
20170124,0,AQI,库尔勒,65.0
20170124,0,PM2.5,库尔勒,44.0
20170124,0,PM2.5_24h,库尔勒,47.0
20170124,0,PM10,库尔勒,79.0
20170124,0,PM10_24h,库尔勒,66.0
20170124,0,SO2,库尔勒,10.0
20170124,0,SO2_24h,库尔勒,16.0
20170124,0,NO2,库尔勒,27.0
20170124,0,NO2_24h,库尔勒,41.0
20170124,0,O3,库尔勒,58.0
20170124,0,O3_24h,库尔勒,71.0
20170124,0,O3_8h,库尔勒,48.0
20170124,0,O3_8h_24h,库尔勒,56.0
20170124,0,CO,库尔勒,1.07
20170124,0,CO_24h,库尔勒,1.57
20170124,1,AQI,库尔勒,81.0
20170124,1,PM2.5,库尔勒,60.0
20170124,1,PM2.5_24h,库尔勒,46.0
20170124,1,PM10,库尔勒,84.0
20170124,1,PM10_24h,库尔勒,66.0
20170124,1,SO2,库尔勒,12.0
20170124,1,SO2_24h,库尔勒,16.0
20170124,1,NO2,库尔勒,31.0
20170124,1,NO2_24h,库尔勒,41.0
20170124,1,O3,库尔勒,60.0
20170124,1,O3_24h,库尔勒,72.0
20170124,1,O3_8h,库尔勒,60.0
20170124,1,O3_8h_24h,库尔勒,60.0
20170124,1,CO,库尔勒,1.23
20170124,1,CO_24h,库尔勒,1.5
20170124,2,AQI,库尔勒,84.0
20170124,2,PM2.5,库尔勒,62.0
20170124,2,PM2.5_24h,库尔勒,47.0
20170124,2,PM10,库尔勒,80.0
20170124,2,PM10_24h,库尔勒,66.0
20170124,2,SO2,库尔勒,10.0
20170124,2,SO2_24h,库尔勒,16.0
20170124,2,NO2,库尔勒,21.0
20170124,2,NO2_24h,库尔勒,40.0
20170124,2,O3,库尔勒,62.0
20170124,2,O3_24h,库尔勒,72.0
20170124,2,O3_8h,库尔勒,61.0
20170124,2,O3_8h_24h,库尔勒,61.0
20170124,2,CO,库尔勒,1.17
20170124,2,CO_24h,库尔勒,1.5
20170124,3,AQI,库尔勒,80.0
20170124,3,PM2.5,库尔勒,59.0
20170124,3,PM2.5_24h,库尔勒,47.0
20170124,3,PM10,库尔勒,68.0
20170124,3,PM10_24h,库尔勒,66.0
20170124,3,SO2,库尔勒,9.0
20170124,3,SO2_24h,库尔勒,16.0
20170124,3,NO2,库尔勒,27.0
20170124,3,NO2_24h,库尔勒,40.0
20170124,3,O3,库尔勒,56.0
20170124,3,O3_24h,库尔勒,72.0
20170124,3,O3_8h,库尔勒,59.0
20170124,3,O3_8h_24h,库尔勒,61.0
20170124,3,CO,库尔勒,1.27
20170124,3,CO_24h,库尔勒,1.47
20170124,4,AQI,库尔勒,84.0
20170124,4,PM2.5,库尔勒,62.0
20170124,4,PM2.5_24h,库尔勒,47.0
20170124,4,PM10,库尔勒,72.0
20170124,4,PM10_24h,库尔勒,66.0
20170124,4,SO2,库尔勒,11.0
20170124,4,SO2_24h,库尔勒,16.0
20170124,4,NO2,库尔勒,26.0
20170124,4,NO2_24h,库尔勒,38.0
20170124,4,O3,库尔勒,53.0
20170124,4,O3_24h,库尔勒,72.0
20170124,4,O3_8h,库尔勒,58.0
20170124,4,O3_8h_24h,库尔勒,61.0
20170124,4,CO,库尔勒,1.53
20170124,4,CO_24h,库尔勒,1.47
20170124,5,AQI,库尔勒,108.0
20170124,5,PM2.5,库尔勒,81.0
20170124,5,PM2.5_24h,库尔勒,49.0
20170124,5,PM10,库尔勒,102.0
20170124,5,PM10_24h,库尔勒,68.0
20170124,5,SO2,库尔勒,9.0
20170124,5,SO2_24h,库尔勒,16.0
20170124,5,NO2,库尔勒,24.0
20170124,5,NO2_24h,库尔勒,38.0
20170124,5,O3,库尔勒,52.0
20170124,5,O3_24h,库尔勒,72.0
20170124,5,O3_8h,库尔勒,56.0
20170124,5,O3_8h_24h,库尔勒,61.0
20170124,5,CO,库尔勒,1.63
20170124,5,CO_24h,库尔勒,1.4
20170124,6,AQI,库尔勒,104.0
20170124,6,PM2.5,库尔勒,78.0
20170124,6,PM2.5_24h,库尔勒,49.0
20170124,6,PM10,库尔勒,103.0
20170124,6,PM10_24h,库尔勒,70.0
20170124,6,SO2,库尔勒,10.0
20170124,6,SO2_24h,库尔勒,16.0
20170124,6,NO2,库尔勒,21.0
20170124,6,NO2_24h,库尔勒,37.0
20170124,6,O3,库尔勒,52.0
20170124,6,O3_24h,库尔勒,72.0
20170124,6,O3_8h,库尔勒,56.0
20170124,6,O3_8h_24h,库尔勒,61.0
20170124,6,CO,库尔勒,1.53
20170124,6,CO_24h,库尔勒,1.4
20170124,7,AQI,库尔勒,96.0
20170124,7,PM2.5,库尔勒,72.0
20170124,7,PM2.5_24h,库尔勒,50.0
20170124,7,PM10,库尔勒,91.0
20170124,7,PM10_24h,库尔勒,71.0
20170124,7,SO2,库尔勒,11.0
20170124,7,SO2_24h,库尔勒,16.0
20170124,7,NO2,库尔勒,21.0
20170124,7,NO2_24h,库尔勒,37.0
20170124,7,O3,库尔勒,54.0
20170124,7,O3_24h,库尔勒,72.0
20170124,7,O3_8h,库尔勒,56.0
20170124,7,O3_8h_24h,库尔勒,61.0
20170124,7,CO,库尔勒,1.67
20170124,7,CO_24h,库尔勒,1.43
20170124,8,AQI,库尔勒,96.0
20170124,8,PM2.5,库尔勒,72.0
20170124,8,PM2.5_24h,库尔勒,51.0
20170124,8,PM10,库尔勒,95.0
20170124,8,PM10_24h,库尔勒,73.0
20170124,8,SO2,库尔勒,10.0
20170124,8,SO2_24h,库尔勒,16.0
20170124,8,NO2,库尔勒,19.0
20170124,8,NO2_24h,库尔勒,36.0
20170124,8,O3,库尔勒,55.0
20170124,8,O3_24h,库尔勒,72.0
20170124,8,O3_8h,库尔勒,56.0
20170124,8,O3_8h_24h,库尔勒,61.0
20170124,8,CO,库尔勒,1.83
20170124,8,CO_24h,库尔勒,1.47
20170124,9,AQI,库尔勒,89.0
20170124,9,PM2.5,库尔勒,66.0
20170124,9,PM2.5_24h,库尔勒,53.0
20170124,9,PM10,库尔勒,83.0
20170124,9,PM10_24h,库尔勒,74.0
20170124,9,SO2,库尔勒,8.0
20170124,9,SO2_24h,库尔勒,16.0
20170124,9,NO2,库尔勒,22.0
20170124,9,NO2_24h,库尔勒,35.0
20170124,9,O3,库尔勒,55.0
20170124,9,O3_24h,库尔勒,72.0
20170124,9,O3_8h,库尔勒,55.0
20170124,9,O3_8h_24h,库尔勒,61.0
20170124,9,CO,库尔勒,1.83
20170124,9,CO_24h,库尔勒,1.47
20170124,10,AQI,库尔勒,79.0
20170124,10,PM2.5,库尔勒,58.0
20170124,10,PM2.5_24h,库尔勒,54.0
20170124,10,PM10,库尔勒,69.0
20170124,10,PM10_24h,库尔勒,75.0
20170124,10,SO2,库尔勒,9.0
20170124,10,SO2_24h,库尔勒,16.0
20170124,10,NO2,库尔勒,24.0
20170124,10,NO2_24h,库尔勒,32.0
20170124,10,O3,库尔勒,54.0
20170124,10,O3_24h,库尔勒,72.0
20170124,10,O3_8h,库尔勒,54.0
20170124,10,O3_8h_24h,库尔勒,61.0
20170124,10,CO,库尔勒,1.87
20170124,10,CO_24h,库尔勒,1.43
20170124,11,AQI,库尔勒,75.0
20170124,11,PM2.5,库尔勒,55.0
20170124,11,PM2.5_24h,库尔勒,54.0
20170124,11,PM10,库尔勒,69.0
20170124,11,PM10_24h,库尔勒,75.0
20170124,11,SO2,库尔勒,9.0
20170124,11,SO2_24h,库尔勒,16.0
20170124,11,NO2,库尔勒,23.0
20170124,11,NO2_24h,库尔勒,30.0
20170124,11,O3,库尔勒,56.0
20170124,11,O3_24h,库尔勒,72.0
20170124,11,O3_8h,库尔勒,54.0
20170124,11,O3_8h_24h,库尔勒,61.0
20170124,11,CO,库尔勒,1.9
20170124,11,CO_24h,库尔勒,1.4
20170124,12,AQI,库尔勒,79.0
20170124,12,PM2.5,库尔勒,58.0
20170124,12,PM2.5_24h,库尔勒,54.0
20170124,12,PM10,库尔勒,94.0
20170124,12,PM10_24h,库尔勒,76.0
20170124,12,SO2,库尔勒,13.0
20170124,12,SO2_24h,库尔勒,16.0
20170124,12,NO2,库尔勒,26.0
20170124,12,NO2_24h,库尔勒,29.0
20170124,12,O3,库尔勒,53.0
20170124,12,O3_24h,库尔勒,72.0
20170124,12,O3_8h,库尔勒,54.0
20170124,12,O3_8h_24h,库尔勒,61.0
20170124,12,CO,库尔勒,1.97
20170124,12,CO_24h,库尔勒,1.43
20170124,13,AQI,库尔勒,75.0
20170124,13,PM2.5,库尔勒,55.0
20170124,13,PM2.5_24h,库尔勒,55.0
20170124,13,PM10,库尔勒,83.0
20170124,13,PM10_24h,库尔勒,77.0
20170124,13,SO2,库尔勒,11.0
20170124,13,SO2_24h,库尔勒,16.0
20170124,13,NO2,库尔勒,30.0
20170124,13,NO2_24h,库尔勒,29.0
20170124,13,O3,库尔勒,53.0
20170124,13,O3_24h,库尔勒,72.0
20170124,13,O3_8h,库尔勒,54.0
20170124,13,O3_8h_24h,库尔勒,61.0
20170124,13,CO,库尔勒,2.0
20170124,13,CO_24h,库尔勒,1.43
20170124,14,AQI,库尔勒,76.0
20170124,14,PM2.5,库尔勒,56.0
20170124,14,PM2.5_24h,库尔勒,55.0
20170124,14,PM10,库尔勒,74.0
20170124,14,PM10_24h,库尔勒,77.0
20170124,14,SO2,库尔勒,11.0
20170124,14,SO2_24h,库尔勒,15.0
20170124,14,NO2,库尔勒,23.0
20170124,14,NO2_24h,库尔勒,29.0
20170124,14,O3,库尔勒,56.0
20170124,14,O3_24h,库尔勒,72.0
20170124,14,O3_8h,库尔勒,54.0
20170124,14,O3_8h_24h,库尔勒,61.0
20170124,14,CO,库尔勒,1.97
20170124,14,CO_24h,库尔勒,1.47
20170124,15,AQI,库尔勒,76.0
20170124,15,PM2.5,库尔勒,56.0
20170124,15,PM2.5_24h,库尔勒,55.0
20170124,15,PM10,库尔勒,69.0
20170124,15,PM10_24h,库尔勒,77.0
20170124,15,SO2,库尔勒,13.0
20170124,15,SO2_24h,库尔勒,14.0
20170124,15,NO2,库尔勒,30.0
20170124,15,NO2_24h,库尔勒,29.0
20170124,15,O3,库尔勒,52.0
20170124,15,O3_24h,库尔勒,72.0
20170124,15,O3_8h,库尔勒,54.0
20170124,15,O3_8h_24h,库尔勒,61.0
20170124,15,CO,库尔勒,1.97
20170124,15,CO_24h,库尔勒,1.5
20170124,16,AQI,库尔勒,68.0
20170124,16,PM2.5,库尔勒,49.0
20170124,16,PM2.5_24h,库尔勒,55.0
20170124,16,PM10,库尔勒,63.0
20170124,16,PM10_24h,库尔勒,77.0
20170124,16,SO2,库尔勒,13.0
20170124,16,SO2_24h,库尔勒,13.0
20170124,16,NO2,库尔勒,23.0
20170124,16,NO2_24h,库尔勒,29.0
20170124,16,O3,库尔勒,55.0
20170124,16,O3_24h,库尔勒,72.0
20170124,16,O3_8h,库尔勒,54.0
20170124,16,O3_8h_24h,库尔勒,61.0
20170124,16,CO,库尔勒,1.77
20170124,16,CO_24h,库尔勒,1.53
20170124,17,AQI,库尔勒,70.0
20170124,17,PM2.5,库尔勒,51.0
20170124,17,PM2.5_24h,库尔勒,56.0
20170124,17,PM10,库尔勒,69.0
20170124,17,PM10_24h,库尔勒,78.0
20170124,17,SO2,库尔勒,22.0
20170124,17,SO2_24h,库尔勒,13.0
20170124,17,NO2,库尔勒,32.0
20170124,17,NO2_24h,库尔勒,29.0
20170124,17,O3,库尔勒,53.0
20170124,17,O3_24h,库尔勒,70.0
20170124,17,O3_8h,库尔勒,54.0
20170124,17,O3_8h_24h,库尔勒,61.0
20170124,17,CO,库尔勒,1.67
20170124,17,CO_24h,库尔勒,1.57
20170124,18,AQI,库尔勒,98.0
20170124,18,PM2.5,库尔勒,73.0
20170124,18,PM2.5_24h,库尔勒,57.0
20170124,18,PM10,库尔勒,99.0
20170124,18,PM10_24h,库尔勒,79.0
20170124,18,SO2,库尔勒,29.0
20170124,18,SO2_24h,库尔勒,13.0
20170124,18,NO2,库尔勒,51.0
20170124,18,NO2_24h,库尔勒,31.0
20170124,18,O3,库尔勒,43.0
20170124,18,O3_24h,库尔勒,67.0
20170124,18,O3_8h,库尔勒,53.0
20170124,18,O3_8h_24h,库尔勒,61.0
20170124,18,CO,库尔勒,1.67
20170124,18,CO_24h,库尔勒,1.57
20170124,19,AQI,库尔勒,98.0
20170124,19,PM2.5,库尔勒,73.0
20170124,19,PM2.5_24h,库尔勒,59.0
20170124,19,PM10,库尔勒,108.0
20170124,19,PM10_24h,库尔勒,82.0
20170124,19,SO2,库尔勒,15.0
20170124,19,SO2_24h,库尔勒,13.0
20170124,19,NO2,库尔勒,39.0
20170124,19,NO2_24h,库尔勒,32.0
20170124,19,O3,库尔勒,45.0
20170124,19,O3_24h,库尔勒,64.0
20170124,19,O3_8h,库尔勒,51.0
20170124,19,O3_8h_24h,库尔勒,61.0
20170124,19,CO,库尔勒,1.4
20170124,19,CO_24h,库尔勒,1.57
20170124,20,AQI,库尔勒,85.0
20170124,20,PM2.5,库尔勒,63.0
20170124,20,PM2.5_24h,库尔勒,60.0
20170124,20,PM10,库尔勒,78.0
20170124,20,PM10_24h,库尔勒,82.0
20170124,20,SO2,库尔勒,12.0
20170124,20,SO2_24h,库尔勒,12.0
20170124,20,NO2,库尔勒,43.0
20170124,20,NO2_24h,库尔勒,31.0
20170124,20,O3,库尔勒,40.0
20170124,20,O3_24h,库尔勒,64.0
20170124,20,O3_8h,库尔勒,50.0
20170124,20,O3_8h_24h,库尔勒,61.0
20170124,20,CO,库尔勒,1.3
20170124,20,CO_24h,库尔勒,1.6
20170124,21,AQI,库尔勒,81.0
20170124,21,PM2.5,库尔勒,60.0
20170124,21,PM2.5_24h,库尔勒,60.0
20170124,21,PM10,库尔勒,84.0
20170124,21,PM10_24h,库尔勒,83.0
20170124,21,SO2,库尔勒,12.0
20170124,21,SO2_24h,库尔勒,12.0
20170124,21,NO2,库尔勒,60.0
20170124,21,NO2_24h,库尔勒,31.0
20170124,21,O3,库尔勒,29.0
20170124,21,O3_24h,库尔勒,64.0
20170124,21,O3_8h,库尔勒,46.0
20170124,21,O3_8h_24h,库尔勒,61.0
20170124,21,CO,库尔勒,1.4
20170124,21,CO_24h,库尔勒,1.57
20170124,22,AQI,库尔勒,88.0
20170124,22,PM2.5,库尔勒,65.0
20170124,22,PM2.5_24h,库尔勒,62.0
20170124,22,PM10,库尔勒,86.0
20170124,22,PM10_24h,库尔勒,82.0
20170124,22,SO2,库尔勒,16.0
20170124,22,SO2_24h,库尔勒,12.0
20170124,22,NO2,库尔勒,67.0
20170124,22,NO2_24h,库尔勒,31.0
20170124,22,O3,库尔勒,23.0
20170124,22,O3_24h,库尔勒,64.0
20170124,22,O3_8h,库尔勒,43.0
20170124,22,O3_8h_24h,库尔勒,61.0
20170124,22,CO,库尔勒,1.9
20170124,22,CO_24h,库尔勒,1.6
20170124,23,AQI,库尔勒,99.0
20170124,23,PM2.5,库尔勒,74.0
20170124,23,PM2.5_24h,库尔勒,63.0
20170124,23,PM10,库尔勒,105.0
20170124,23,PM10_24h,库尔勒,84.0
20170124,23,SO2,库尔勒,19.0
20170124,23,SO2_24h,库尔勒,13.0
20170124,23,NO2,库尔勒,58.0
20170124,23,NO2_24h,库尔勒,32.0
20170124,23,O3,库尔勒,26.0
20170124,23,O3_24h,库尔勒,64.0
20170124,23,O3_8h,库尔勒,39.0
20170124,23,O3_8h_24h,库尔勒,61.0
20170124,23,CO,库尔勒,2.13
20170124,23,CO_24h,库尔勒,1.63
20170124,0,AQI,寿光,118.0
20170124,0,PM2.5,寿光,89.0
20170124,0,PM2.5_24h,寿光,59.0
20170124,0,PM10,寿光,115.0
20170124,0,PM10_24h,寿光,84.0
20170124,0,SO2,寿光,44.0
20170124,0,SO2_24h,寿光,47.0
20170124,0,NO2,寿光,61.0
20170124,0,NO2_24h,寿光,50.0
20170124,0,O3,寿光,8.0
20170124,0,O3_24h,寿光,69.0
20170124,0,O3_8h,寿光,27.0
20170124,0,O3_8h_24h,寿光,56.0
20170124,0,CO,寿光,1.7
20170124,0,CO_24h,寿光,1.5
20170124,1,AQI,寿光,128.0
20170124,1,PM2.5,寿光,97.0
20170124,1,PM2.5_24h,寿光,61.0
20170124,1,PM10,寿光,127.0
20170124,1,PM10_24h,寿光,87.0
20170124,1,SO2,寿光,44.0
20170124,1,SO2_24h,寿光,47.0
20170124,1,NO2,寿光,61.0
20170124,1,NO2_24h,寿光,50.0
20170124,1,O3,寿光,8.0
20170124,1,O3_24h,寿光,69.0
20170124,1,O3_8h,寿光,8.0
20170124,1,O3_8h_24h,寿光,8.0
20170124,1,CO,寿光,1.9
20170124,1,CO_24h,寿光,1.55
20170124,2,AQI,寿光,140.0
20170124,2,PM2.5,寿光,107.0
20170124,2,PM2.5_24h,寿光,64.0
20170124,2,PM10,寿光,130.0
20170124,2,PM10_24h,寿光,90.0
20170124,2,SO2,寿光,42.0
20170124,2,SO2_24h,寿光,47.0
20170124,2,NO2,寿光,61.0
20170124,2,NO2_24h,寿光,50.0
20170124,2,O3,寿光,8.0
20170124,2,O3_24h,寿光,69.0
20170124,2,O3_8h,寿光,8.0
20170124,2,O3_8h_24h,寿光,8.0
20170124,2,CO,寿光,2.0
20170124,2,CO_24h,寿光,1.55
20170124,3,AQI,寿光,141.0
20170124,3,PM2.5,寿光,108.0
20170124,3,PM2.5_24h,寿光,66.0
20170124,3,PM10,寿光,136.0
20170124,3,PM10_24h,寿光,93.0
20170124,3,SO2,寿光,45.0
20170124,3,SO2_24h,寿光,47.0
20170124,3,NO2,寿光,61.0
20170124,3,NO2_24h,寿光,50.0
20170124,3,O3,寿光,8.0
20170124,3,O3_24h,寿光,69.0
20170124,3,O3_8h,寿光,8.0
20170124,3,O3_8h_24h,寿光,8.0
20170124,3,CO,寿光,2.2
20170124,3,CO_24h,寿光,1.6
20170124,4,AQI,寿光,157.0
20170124,4,PM2.5,寿光,120.0
20170124,4,PM2.5_24h,寿光,70.0
20170124,4,PM10,寿光,149.0
20170124,4,PM10_24h,寿光,97.0
20170124,4,SO2,寿光,51.0
20170124,4,SO2_24h,寿光,47.0
20170124,4,NO2,寿光,62.0
20170124,4,NO2_24h,寿光,51.0
20170124,4,O3,寿光,8.0
20170124,4,O3_24h,寿光,69.0
20170124,4,O3_8h,寿光,8.0
20170124,4,O3_8h_24h,寿光,8.0
20170124,4,CO,寿光,2.4
20170124,4,CO_24h,寿光,1.6
20170124,5,AQI,寿光,167.0
20170124,5,PM2.5,寿光,127.0
20170124,5,PM2.5_24h,寿光,73.0
20170124,5,PM10,寿光,163.0
20170124,5,PM10_24h,寿光,101.0
20170124,5,SO2,寿光,44.0
20170124,5,SO2_24h,寿光,47.0
20170124,5,NO2,寿光,58.0
20170124,5,NO2_24h,寿光,51.0
20170124,5,O3,寿光,8.0
20170124,5,O3_24h,寿光,69.0
20170124,5,O3_8h,寿光,8.0
20170124,5,O3_8h_24h,寿光,8.0
20170124,5,CO,寿光,2.7
20170124,5,CO_24h,寿光,1.65
20170124,6,AQI,寿光,169.0
20170124,6,PM2.5,寿光,128.0
20170124,6,PM2.5_24h,寿光,76.0
20170124,6,PM10,寿光,161.0
20170124,6,PM10_24h,寿光,106.0
20170124,6,SO2,寿光,39.0
20170124,6,SO2_24h,寿光,47.0
20170124,6,NO2,寿光,56.0
20170124,6,NO2_24h,寿光,51.0
20170124,6,O3,寿光,7.0
20170124,6,O3_24h,寿光,69.0
20170124,6,O3_8h,寿光,8.0
20170124,6,O3_8h_24h,寿光,8.0
20170124,6,CO,寿光,2.65
20170124,6,CO_24h,寿光,1.65
20170124,7,AQI,寿光,166.0
20170124,7,PM2.5,寿光,126.0
20170124,7,PM2.5_24h,寿光,79.0
20170124,7,PM10,寿光,152.0
20170124,7,PM10_24h,寿光,109.0
20170124,7,SO2,寿光,36.0
20170124,7,SO2_24h,寿光,47.0
20170124,7,NO2,寿光,53.0
20170124,7,NO2_24h,寿光,50.0
20170124,7,O3,寿光,7.0
20170124,7,O3_24h,寿光,69.0
20170124,7,O3_8h,寿光,8.0
20170124,7,O3_8h_24h,寿光,8.0
20170124,7,CO,寿光,2.65
20170124,7,CO_24h,寿光,1.65
20170124,8,AQI,寿光,166.0
20170124,8,PM2.5,寿光,126.0
20170124,8,PM2.5_24h,寿光,81.0
20170124,8,PM10,寿光,156.0
20170124,8,PM10_24h,寿光,111.0
20170124,8,SO2,寿光,37.0
20170124,8,SO2_24h,寿光,46.0
20170124,8,NO2,寿光,53.0
20170124,8,NO2_24h,寿光,50.0
20170124,8,O3,寿光,8.0
20170124,8,O3_24h,寿光,69.0
20170124,8,O3_8h,寿光,8.0
20170124,8,O3_8h_24h,寿光,8.0
20170124,8,CO,寿光,2.6
20170124,8,CO_24h,寿光,1.65
20170124,9,AQI,寿光,163.0
20170124,9,PM2.5,寿光,124.0
20170124,9,PM2.5_24h,寿光,82.0
20170124,9,PM10,寿光,162.0
20170124,9,PM10_24h,寿光,112.0
20170124,9,SO2,寿光,49.0
20170124,9,SO2_24h,寿光,44.0
20170124,9,NO2,寿光,54.0
20170124,9,NO2_24h,寿光,50.0
20170124,9,O3,寿光,9.0
20170124,9,O3_24h,寿光,69.0
20170124,9,O3_8h,寿光,8.0
20170124,9,O3_8h_24h,寿光,8.0
20170124,9,CO,寿光,2.75
20170124,9,CO_24h,寿光,1.7
20170124,10,AQI,寿光,166.0
20170124,10,PM2.5,寿光,126.0
20170124,10,PM2.5_24h,寿光,83.0
20170124,10,PM10,寿光,180.0
20170124,10,PM10_24h,寿光,114.0
20170124,10,SO2,寿光,57.0
20170124,10,SO2_24h,寿光,44.0
20170124,10,NO2,寿光,59.0
20170124,10,NO2_24h,寿光,51.0
20170124,10,O3,寿光,10.0
20170124,10,O3_24h,寿光,69.0
20170124,10,O3_8h,寿光,8.0
20170124,10,O3_8h_24h,寿光,8.0
20170124,10,CO,寿光,2.95
20170124,10,CO_24h,寿光,1.8
20170124,11,AQI,寿光,194.0
20170124,11,PM2.5,寿光,146.0
20170124,11,PM2.5_24h,寿光,86.0
20170124,11,PM10,寿光,208.0
20170124,11,PM10_24h,寿光,119.0
20170124,11,SO2,寿光,62.0
20170124,11,SO2_24h,寿光,44.0
20170124,11,NO2,寿光,61.0
20170124,11,NO2_24h,寿光,52.0
20170124,11,O3,寿光,16.0
20170124,11,O3_24h,寿光,69.0
20170124,11,O3_8h,寿光,9.0
20170124,11,O3_8h_24h,寿光,9.0
20170124,11,CO,寿光,2.65
20170124,11,CO_24h,寿光,1.8
20170124,12,AQI,寿光,204.0
20170124,12,PM2.5,寿光,154.0
20170124,12,PM2.5_24h,寿光,91.0
20170124,12,PM10,寿光,209.0
20170124,12,PM10_24h,寿光,124.0
20170124,12,SO2,寿光,67.0
20170124,12,SO2_24h,寿光,45.0
20170124,12,NO2,寿光,57.0
20170124,12,NO2_24h,寿光,52.0
20170124,12,O3,寿光,28.0
20170124,12,O3_24h,寿光,69.0
20170124,12,O3_8h,寿光,12.0
20170124,12,O3_8h_24h,寿光,12.0
20170124,12,CO,寿光,2.3
20170124,12,CO_24h,寿光,1.85
20170124,13,AQI,寿光,206.0
20170124,13,PM2.5,寿光,156.0
20170124,13,PM2.5_24h,寿光,95.0
20170124,13,PM10,寿光,203.0
20170124,13,PM10_24h,寿光,129.0
20170124,13,SO2,寿光,74.0
20170124,13,SO2_24h,寿光,46.0
20170124,13,NO2,寿光,70.0
20170124,13,NO2_24h,寿光,54.0
20170124,13,O3,寿光,27.0
20170124,13,O3_24h,寿光,69.0
20170124,13,O3_8h,寿光,14.0
20170124,13,O3_8h_24h,寿光,14.0
20170124,13,CO,寿光,2.6
20170124,13,CO_24h,寿光,1.95
20170124,14,AQI,寿光,236.0
20170124,14,PM2.5,寿光,186.0
20170124,14,PM2.5_24h,寿光,102.0
20170124,14,PM10,寿光,242.0
20170124,14,PM10_24h,寿光,137.0
20170124,14,SO2,寿光,76.0
20170124,14,SO2_24h,寿光,48.0
20170124,14,NO2,寿光,84.0
20170124,14,NO2_24h,寿光,56.0
20170124,14,O3,寿光,28.0
20170124,14,O3_24h,寿光,69.0
20170124,14,O3_8h,寿光,17.0
20170124,14,O3_8h_24h,寿光,17.0
20170124,14,CO,寿光,2.95
20170124,14,CO_24h,寿光,2.05
20170124,15,AQI,寿光,250.0
20170124,15,PM2.5,寿光,200.0
20170124,15,PM2.5_24h,寿光,109.0
20170124,15,PM10,寿光,271.0
20170124,15,PM10_24h,寿光,146.0
20170124,15,SO2,寿光,72.0
20170124,15,SO2_24h,寿光,49.0
20170124,15,NO2,寿光,80.0
20170124,15,NO2_24h,寿光,58.0
20170124,15,O3,寿光,35.0
20170124,15,O3_24h,寿光,66.0
20170124,15,O3_8h,寿光,20.0
20170124,15,O3_8h_24h,寿光,20.0
20170124,15,CO,寿光,2.8
20170124,15,CO_24h,寿光,2.1
20170124,16,AQI,寿光,218.0
20170124,16,PM2.5,寿光,168.0
20170124,16,PM2.5_24h,寿光,114.0
20170124,16,PM10,寿光,241.0
20170124,16,PM10_24h,寿光,153.0
20170124,16,SO2,寿光,58.0
20170124,16,SO2_24h,寿光,50.0
20170124,16,NO2,寿光,61.0
20170124,16,NO2_24h,寿光,59.0
20170124,16,O3,寿光,46.0
20170124,16,O3_24h,寿光,58.0
20170124,16,O3_8h,寿光,25.0
20170124,16,O3_8h_24h,寿光,25.0
20170124,16,CO,寿光,2.1
20170124,16,CO_24h,寿光,2.15
20170124,17,AQI,寿光,164.0
20170124,17,PM2.5,寿光,125.0
20170124,17,PM2.5_24h,寿光,118.0
20170124,17,PM10,寿光,172.0
20170124,17,PM10_24h,寿光,158.0
20170124,17,SO2,寿光,49.0
20170124,17,SO2_24h,寿光,50.0
20170124,17,NO2,寿光,55.0
20170124,17,NO2_24h,寿光,60.0
20170124,17,O3,寿光,46.0
20170124,17,O3_24h,寿光,47.0
20170124,17,O3_8h,寿光,29.0
20170124,17,O3_8h_24h,寿光,29.0
20170124,17,CO,寿光,1.7
20170124,17,CO_24h,寿光,2.15
20170124,18,AQI,寿光,151.0
20170124,18,PM2.5,寿光,116.0
20170124,18,PM2.5_24h,寿光,121.0
20170124,18,PM10,寿光,159.0
20170124,18,PM10_24h,寿光,161.0
20170124,18,SO2,寿光,49.0
20170124,18,SO2_24h,寿光,50.0
20170124,18,NO2,寿光,62.0
20170124,18,NO2_24h,寿光,60.0
20170124,18,O3,寿光,33.0
20170124,18,O3_24h,寿光,47.0
20170124,18,O3_8h,寿光,32.0
20170124,18,O3_8h_24h,寿光,32.0
20170124,18,CO,寿光,1.85
20170124,18,CO_24h,寿光,2.2
20170124,19,AQI,寿光,153.0
20170124,19,PM2.5,寿光,117.0
20170124,19,PM2.5_24h,寿光,123.0
20170124,19,PM10,寿光,171.0
20170124,19,PM10_24h,寿光,164.0
20170124,19,SO2,寿光,55.0
20170124,19,SO2_24h,寿光,51.0
20170124,19,NO2,寿光,62.0
20170124,19,NO2_24h,寿光,61.0
20170124,19,O3,寿光,33.0
20170124,19,O3_24h,寿光,47.0
20170124,19,O3_8h,寿光,34.0
20170124,19,O3_8h_24h,寿光,34.0
20170124,19,CO,寿光,1.75
20170124,19,CO_24h,寿光,2.25
20170124,20,AQI,寿光,126.0
20170124,20,PM2.5,寿光,96.0
20170124,20,PM2.5_24h,寿光,125.0
20170124,20,PM10,寿光,139.0
20170124,20,PM10_24h,寿光,166.0
20170124,20,SO2,寿光,73.0
20170124,20,SO2_24h,寿光,52.0
20170124,20,NO2,寿光,56.0
20170124,20,NO2_24h,寿光,61.0
20170124,20,O3,寿光,37.0
20170124,20,O3_24h,寿光,47.0
20170124,20,O3_8h,寿光,35.0
20170124,20,O3_8h_24h,寿光,35.0
20170124,20,CO,寿光,1.7
20170124,20,CO_24h,寿光,2.25
20170124,21,AQI,寿光,131.0
20170124,21,PM2.5,寿光,100.0
20170124,21,PM2.5_24h,寿光,125.0
20170124,21,PM10,寿光,135.0
20170124,21,PM10_24h,寿光,167.0
20170124,21,SO2,寿光,81.0
20170124,21,SO2_24h,寿光,54.0
20170124,21,NO2,寿光,64.0
20170124,21,NO2_24h,寿光,61.0
20170124,21,O3,寿光,24.0
20170124,21,O3_24h,寿光,47.0
20170124,21,O3_8h,寿光,35.0
20170124,21,O3_8h_24h,寿光,35.0
20170124,21,CO,寿光,1.8
20170124,21,CO_24h,寿光,2.25
20170124,22,AQI,寿光,154.0
20170124,22,PM2.5,寿光,118.0
20170124,22,PM2.5_24h,寿光,127.0
20170124,22,PM10,寿光,149.0
20170124,22,PM10_24h,寿光,168.0
20170124,22,SO2,寿光,76.0
20170124,22,SO2_24h,寿光,55.0
20170124,22,NO2,寿光,76.0
20170124,22,NO2_24h,寿光,62.0
20170124,22,O3,寿光,13.0
20170124,22,O3_24h,寿光,47.0
20170124,22,O3_8h,寿光,33.0
20170124,22,O3_8h_24h,寿光,35.0
20170124,22,CO,寿光,2.05
20170124,22,CO_24h,寿光,2.25
20170124,23,AQI,寿光,196.0
20170124,23,PM2.5,寿光,147.0
20170124,23,PM2.5_24h,寿光,130.0
20170124,23,PM10,寿光,194.0
20170124,23,PM10_24h,寿光,172.0
20170124,23,SO2,寿光,80.0
20170124,23,SO2_24h,寿光,57.0
20170124,23,NO2,寿光,79.0
20170124,23,NO2_24h,寿光,63.0
20170124,23,O3,寿光,9.0
20170124,23,O3_24h,寿光,47.0
20170124,23,O3_8h,寿光,30.0
20170124,23,O3_8h_24h,寿光,35.0
20170124,23,CO,寿光,2.3
20170124,23,CO_24h,寿光,2.3
20170124,0,AQI,章丘,131.0
20170124,0,PM2.5,章丘,100.0
20170124,0,PM2.5_24h,章丘,70.0
20170124,0,PM10,章丘,142.0
20170124,0,PM10_24h,章丘,124.0
20170124,0,SO2,章丘,55.0
20170124,0,SO2_24h,章丘,47.0
20170124,0,NO2,章丘,36.0
20170124,0,NO2_24h,章丘,43.0
20170124,0,O3,章丘,51.0
20170124,0,O3_24h,章丘,84.0
20170124,0,O3_8h,章丘,51.0
20170124,0,O3_8h_24h,章丘,75.0
20170124,0,CO,章丘,1.2
20170124,0,CO_24h,章丘,1.1
20170124,1,AQI,章丘,131.0
20170124,1,PM2.5,章丘,100.0
20170124,1,PM2.5_24h,章丘,72.0
20170124,1,PM10,章丘,143.0
20170124,1,PM10_24h,章丘,127.0
20170124,1,SO2,章丘,59.0
20170124,1,SO2_24h,章丘,47.0
20170124,1,NO2,章丘,45.0
20170124,1,NO2_24h,章丘,42.0
20170124,1,O3,章丘,39.0
20170124,1,O3_24h,章丘,84.0
20170124,1,O3_8h,章丘,39.0
20170124,1,O3_8h_24h,章丘,39.0
20170124,1,CO,章丘,1.6
20170124,1,CO_24h,章丘,1.1
20170124,2,AQI,章丘,141.0
20170124,2,PM2.5,章丘,108.0
20170124,2,PM2.5_24h,章丘,73.0
20170124,2,PM10,章丘,160.0
20170124,2,PM10_24h,章丘,128.0
20170124,2,SO2,章丘,54.0
20170124,2,SO2_24h,章丘,48.0
20170124,2,NO2,章丘,38.0
20170124,2,NO2_24h,章丘,41.0
20170124,2,O3,章丘,46.0
20170124,2,O3_24h,章丘,84.0
20170124,2,O3_8h,章丘,42.0
20170124,2,O3_8h_24h,章丘,42.0
20170124,2,CO,章丘,1.4
20170124,2,CO_24h,章丘,1.1
20170124,3,AQI,章丘,131.0
20170124,3,PM2.5,章丘,100.0
20170124,3,PM2.5_24h,章丘,76.0
20170124,3,PM10,章丘,149.0
20170124,3,PM10_24h,章丘,130.0
20170124,3,SO2,章丘,46.0
20170124,3,SO2_24h,章丘,48.0
20170124,3,NO2,章丘,40.0
20170124,3,NO2_24h,章丘,40.0
20170124,3,O3,章丘,43.0
20170124,3,O3_24h,章丘,84.0
20170124,3,O3_8h,章丘,43.0
20170124,3,O3_8h_24h,章丘,43.0
20170124,3,CO,章丘,1.4
20170124,3,CO_24h,章丘,1.1
20170124,4,AQI,章丘,128.0
20170124,4,PM2.5,章丘,97.0
20170124,4,PM2.5_24h,章丘,78.0
20170124,4,PM10,章丘,138.0
20170124,4,PM10_24h,章丘,131.0
20170124,4,SO2,章丘,38.0
20170124,4,SO2_24h,章丘,49.0
20170124,4,NO2,章丘,34.0
20170124,4,NO2_24h,章丘,40.0
20170124,4,O3,章丘,47.0
20170124,4,O3_24h,章丘,84.0
20170124,4,O3_8h,章丘,44.0
20170124,4,O3_8h_24h,章丘,45.0
20170124,4,CO,章丘,1.15
20170124,4,CO_24h,章丘,1.15
20170124,5,AQI,章丘,120.0
20170124,5,PM2.5,章丘,91.0
20170124,5,PM2.5_24h,章丘,81.0
20170124,5,PM10,章丘,126.0
20170124,5,PM10_24h,章丘,133.0
20170124,5,SO2,章丘,34.0
20170124,5,SO2_24h,章丘,49.0
20170124,5,NO2,章丘,31.0
20170124,5,NO2_24h,章丘,39.0
20170124,5,O3,章丘,51.0
20170124,5,O3_24h,章丘,84.0
20170124,5,O3_8h,章丘,45.0
20170124,5,O3_8h_24h,章丘,47.0
20170124,5,CO,章丘,1.0
20170124,5,CO_24h,章丘,1.15
20170124,6,AQI,章丘,114.0
20170124,6,PM2.5,章丘,86.0
20170124,6,PM2.5_24h,章丘,84.0
20170124,6,PM10,章丘,118.0
20170124,6,PM10_24h,章丘,134.0
20170124,6,SO2,章丘,28.0
20170124,6,SO2_24h,章丘,50.0
20170124,6,NO2,章丘,41.0
20170124,6,NO2_24h,章丘,39.0
20170124,6,O3,章丘,33.0
20170124,6,O3_24h,章丘,84.0
20170124,6,O3_8h,章丘,43.0
20170124,6,O3_8h_24h,章丘,47.0
20170124,6,CO,章丘,1.0
20170124,6,CO_24h,章丘,1.15
20170124,7,AQI,章丘,119.0
20170124,7,PM2.5,章丘,90.0
20170124,7,PM2.5_24h,章丘,87.0
20170124,7,PM10,章丘,122.0
20170124,7,PM10_24h,章丘,135.0
20170124,7,SO2,章丘,31.0
20170124,7,SO2_24h,章丘,50.0
20170124,7,NO2,章丘,60.0
20170124,7,NO2_24h,章丘,40.0
20170124,7,O3,章丘,15.0
20170124,7,O3_24h,章丘,84.0
20170124,7,O3_8h,章丘,39.0
20170124,7,O3_8h_24h,章丘,47.0
20170124,7,CO,章丘,1.2
20170124,7,CO_24h,章丘,1.2
20170124,8,AQI,章丘,120.0
20170124,8,PM2.5,章丘,91.0
20170124,8,PM2.5_24h,章丘,90.0
20170124,8,PM10,章丘,142.0
20170124,8,PM10_24h,章丘,138.0
20170124,8,SO2,章丘,34.0
20170124,8,SO2_24h,章丘,50.0
20170124,8,NO2,章丘,64.0
20170124,8,NO2_24h,章丘,41.0
20170124,8,O3,章丘,8.0
20170124,8,O3_24h,章丘,84.0
20170124,8,O3_8h,章丘,35.0
20170124,8,O3_8h_24h,章丘,47.0
20170124,8,CO,章丘,1.6
20170124,8,CO_24h,章丘,1.2
20170124,9,AQI,章丘,139.0
20170124,9,PM2.5,章丘,106.0
20170124,9,PM2.5_24h,章丘,92.0
20170124,9,PM10,章丘,153.0
20170124,9,PM10_24h,章丘,140.0
20170124,9,SO2,章丘,41.0
20170124,9,SO2_24h,章丘,47.0
20170124,9,NO2,章丘,68.0
20170124,9,NO2_24h,章丘,42.0
20170124,9,O3,章丘,10.0
20170124,9,O3_24h,章丘,84.0
20170124,9,O3_8h,章丘,32.0
20170124,9,O3_8h_24h,章丘,47.0
20170124,9,CO,章丘,2.0
20170124,9,CO_24h,章丘,1.2
20170124,10,AQI,章丘,149.0
20170124,10,PM2.5,章丘,114.0
20170124,10,PM2.5_24h,章丘,94.0
20170124,10,PM10,章丘,185.0
20170124,10,PM10_24h,章丘,142.0
20170124,10,SO2,章丘,58.0
20170124,10,SO2_24h,章丘,47.0
20170124,10,NO2,章丘,73.0
20170124,10,NO2_24h,章丘,43.0
20170124,10,O3,章丘,14.0
20170124,10,O3_24h,章丘,84.0
20170124,10,O3_8h,章丘,27.0
20170124,10,O3_8h_24h,章丘,47.0
20170124,10,CO,章丘,2.1
20170124,10,CO_24h,章丘,1.3
20170124,11,AQI,章丘,159.0
20170124,11,PM2.5,章丘,121.0
20170124,11,PM2.5_24h,章丘,96.0
20170124,11,PM10,章丘,181.0
20170124,11,PM10_24h,章丘,144.0
20170124,11,SO2,章丘,75.0
20170124,11,SO2_24h,章丘,48.0
20170124,11,NO2,章丘,70.0
20170124,11,NO2_24h,章丘,45.0
20170124,11,O3,章丘,31.0
20170124,11,O3_24h,章丘,84.0
20170124,11,O3_8h,章丘,26.0
20170124,11,O3_8h_24h,章丘,47.0
20170124,11,CO,章丘,2.0
20170124,11,CO_24h,章丘,1.3
20170124,12,AQI,章丘,170.0
20170124,12,PM2.5,章丘,129.0
20170124,12,PM2.5_24h,章丘,99.0
20170124,12,PM10,章丘,219.0
20170124,12,PM10_24h,章丘,148.0
20170124,12,SO2,章丘,74.0
20170124,12,SO2_24h,章丘,49.0
20170124,12,NO2,章丘,45.0
20170124,12,NO2_24h,章丘,45.0
20170124,12,O3,章丘,67.0
20170124,12,O3_24h,章丘,84.0
20170124,12,O3_8h,章丘,29.0
20170124,12,O3_8h_24h,章丘,47.0
20170124,12,CO,章丘,1.45
20170124,12,CO_24h,章丘,1.3
20170124,13,AQI,章丘,150.0
20170124,13,PM2.5,章丘,115.0
20170124,13,PM2.5_24h,章丘,100.0
20170124,13,PM10,章丘,176.0
20170124,13,PM10_24h,章丘,150.0
20170124,13,SO2,章丘,53.0
20170124,13,SO2_24h,章丘,49.0
20170124,13,NO2,章丘,32.0
20170124,13,NO2_24h,章丘,45.0
20170124,13,O3,章丘,71.0
20170124,13,O3_24h,章丘,85.0
20170124,13,O3_8h,章丘,31.0
20170124,13,O3_8h_24h,章丘,47.0
20170124,13,CO,章丘,1.05
20170124,13,CO_24h,章丘,1.3
20170124,14,AQI,章丘,141.0
20170124,14,PM2.5,章丘,108.0
20170124,14,PM2.5_24h,章丘,102.0
20170124,14,PM10,章丘,148.0
20170124,14,PM10_24h,章丘,151.0
20170124,14,SO2,章丘,63.0
20170124,14,SO2_24h,章丘,50.0
20170124,14,NO2,章丘,37.0
20170124,14,NO2_24h,章丘,46.0
20170124,14,O3,章丘,121.0
20170124,14,O3_24h,章丘,127.0
20170124,14,O3_8h,章丘,42.0
20170124,14,O3_8h_24h,章丘,55.0
20170124,14,CO,章丘,1.35
20170124,14,CO_24h,章丘,1.3
20170124,15,AQI,章丘,154.0
20170124,15,PM2.5,章丘,118.0
20170124,15,PM2.5_24h,章丘,103.0
20170124,15,PM10,章丘,180.0
20170124,15,PM10_24h,章丘,153.0
20170124,15,SO2,章丘,72.0
20170124,15,SO2_24h,章丘,51.0
20170124,15,NO2,章丘,47.0
20170124,15,NO2_24h,章丘,46.0
20170124,15,O3,章丘,80.0
20170124,15,O3_24h,章丘,127.0
20170124,15,O3_8h,章丘,50.0
20170124,15,O3_8h_24h,章丘,59.0
20170124,15,CO,章丘,1.55
20170124,15,CO_24h,章丘,1.35
20170124,16,AQI,章丘,164.0
20170124,16,PM2.5,章丘,125.0
20170124,16,PM2.5_24h,章丘,104.0
20170124,16,PM10,章丘,190.0
20170124,16,PM10_24h,章丘,155.0
20170124,16,SO2,章丘,104.0
20170124,16,SO2_24h,章丘,53.0
20170124,16,NO2,章丘,65.0
20170124,16,NO2_24h,章丘,48.0
20170124,16,O3,章丘,67.0
20170124,16,O3_24h,章丘,127.0
20170124,16,O3_8h,章丘,57.0
20170124,16,O3_8h_24h,章丘,62.0
20170124,16,CO,章丘,2.35
20170124,16,CO_24h,章丘,1.4
20170124,17,AQI,章丘,205.0
20170124,17,PM2.5,章丘,155.0
20170124,17,PM2.5_24h,章丘,107.0
20170124,17,PM10,章丘,225.0
20170124,17,PM10_24h,章丘,159.0
20170124,17,SO2,章丘,176.0
20170124,17,SO2_24h,章丘,58.0
20170124,17,NO2,章丘,104.0
20170124,17,NO2_24h,章丘,50.0
20170124,17,O3,章丘,30.0
20170124,17,O3_24h,章丘,127.0
20170124,17,O3_8h,章丘,60.0
20170124,17,O3_8h_24h,章丘,63.0
20170124,17,CO,章丘,3.4
20170124,17,CO_24h,章丘,1.5
20170124,18,AQI,章丘,262.0
20170124,18,PM2.5,章丘,212.0
20170124,18,PM2.5_24h,章丘,112.0
20170124,18,PM10,章丘,305.0
20170124,18,PM10_24h,章丘,165.0
20170124,18,SO2,章丘,136.0
20170124,18,SO2_24h,章丘,62.0
20170124,18,NO2,章丘,117.0
20170124,18,NO2_24h,章丘,54.0
20170124,18,O3,章丘,15.0
20170124,18,O3_24h,章丘,127.0
20170124,18,O3_8h,章丘,60.0
20170124,18,O3_8h_24h,章丘,63.0
20170124,18,CO,章丘,3.3
20170124,18,CO_24h,章丘,1.6
20170124,19,AQI,章丘,258.0
20170124,19,PM2.5,章丘,208.0
20170124,19,PM2.5_24h,章丘,117.0
20170124,19,PM10,章丘,312.0
20170124,19,PM10_24h,章丘,172.0
20170124,19,SO2,章丘,99.0
20170124,19,SO2_24h,章丘,64.0
20170124,19,NO2,章丘,109.0
20170124,19,NO2_24h,章丘,56.0
20170124,19,O3,章丘,16.0
20170124,19,O3_24h,章丘,127.0
20170124,19,O3_8h,章丘,58.0
20170124,19,O3_8h_24h,章丘,63.0
20170124,19,CO,章丘,2.7
20170124,19,CO_24h,章丘,1.7
20170124,20,AQI,章丘,241.0
20170124,20,PM2.5,章丘,191.0
20170124,20,PM2.5_24h,章丘,121.0
20170124,20,PM10,章丘,278.0
20170124,20,PM10_24h,章丘,178.0
20170124,20,SO2,章丘,109.0
20170124,20,SO2_24h,章丘,66.0
20170124,20,NO2,章丘,102.0
20170124,20,NO2_24h,章丘,59.0
20170124,20,O3,章丘,18.0
20170124,20,O3_24h,章丘,127.0
20170124,20,O3_8h,章丘,52.0
20170124,20,O3_8h_24h,章丘,63.0
20170124,20,CO,章丘,2.8
20170124,20,CO_24h,章丘,1.7
20170124,21,AQI,章丘,245.0
20170124,21,PM2.5,章丘,195.0
20170124,21,PM2.5_24h,章丘,125.0
20170124,21,PM10,章丘,277.0
20170124,21,PM10_24h,章丘,183.0
20170124,21,SO2,章丘,120.0
20170124,21,SO2_24h,章丘,69.0
20170124,21,NO2,章丘,104.0
20170124,21,NO2_24h,章丘,61.0
20170124,21,O3,章丘,13.0
20170124,21,O3_24h,章丘,127.0
20170124,21,O3_8h,章丘,45.0
20170124,21,O3_8h_24h,章丘,63.0
20170124,21,CO,章丘,2.65
20170124,21,CO_24h,章丘,1.8
20170124,22,AQI,章丘,245.0
20170124,22,PM2.5,章丘,195.0
20170124,22,PM2.5_24h,章丘,128.0
20170124,22,PM10,章丘,280.0
20170124,22,PM10_24h,章丘,188.0
20170124,22,SO2,章丘,91.0
20170124,22,SO2_24h,章丘,71.0
20170124,22,NO2,章丘,94.0
20170124,22,NO2_24h,章丘,62.0
20170124,22,O3,章丘,9.0
20170124,22,O3_24h,章丘,127.0
20170124,22,O3_8h,章丘,31.0
20170124,22,O3_8h_24h,章丘,63.0
20170124,22,CO,章丘,2.55
20170124,22,CO_24h,章丘,1.85
20170124,23,AQI,章丘,246.0
20170124,23,PM2.5,章丘,196.0
20170124,23,PM2.5_24h,章丘,131.0
20170124,23,PM10,章丘,273.0
20170124,23,PM10_24h,章丘,194.0
20170124,23,SO2,章丘,79.0
20170124,23,SO2_24h,章丘,72.0
20170124,23,NO2,章丘,77.0
20170124,23,NO2_24h,章丘,64.0
20170124,23,O3,章丘,17.0
20170124,23,O3_24h,章丘,127.0
20170124,23,O3_8h,章丘,23.0
20170124,23,O3_8h_24h,章丘,63.0
20170124,23,CO,章丘,2.25
20170124,23,CO_24h,章丘,1.85
20170124,0,AQI,即墨,83.0
20170124,0,PM2.5,即墨,61.0
20170124,0,PM2.5_24h,即墨,39.0
20170124,0,PM10,即墨,98.0
20170124,0,PM10_24h,即墨,59.0
20170124,0,SO2,即墨,55.0
20170124,0,SO2_24h,即墨,25.0
20170124,0,NO2,即墨,48.0
20170124,0,NO2_24h,即墨,35.0
20170124,0,O3,即墨,29.0
20170124,0,O3_24h,即墨,78.0
20170124,0,O3_8h,即墨,41.0
20170124,0,O3_8h_24h,即墨,69.0
20170124,0,CO,即墨,2.4
20170124,0,CO_24h,即墨,1.2
20170124,1,AQI,即墨,103.0
20170124,1,PM2.5,即墨,77.0
20170124,1,PM2.5_24h,即墨,40.0
20170124,1,PM10,即墨,111.0
20170124,1,PM10_24h,即墨,61.0
20170124,1,SO2,即墨,48.0
20170124,1,SO2_24h,即墨,26.0
20170124,1,NO2,即墨,45.0
20170124,1,NO2_24h,即墨,36.0
20170124,1,O3,即墨,27.0
20170124,1,O3_24h,即墨,78.0
20170124,1,O3_8h,即墨,27.0
20170124,1,O3_8h_24h,即墨,27.0
20170124,1,CO,即墨,2.6
20170124,1,CO_24h,即墨,1.3
20170124,2,AQI,即墨,99.0
20170124,2,PM2.5,即墨,74.0
20170124,2,PM2.5_24h,即墨,42.0
20170124,2,PM10,即墨,104.0
20170124,2,PM10_24h,即墨,63.0
20170124,2,SO2,即墨,47.0
20170124,2,SO2_24h,即墨,27.0
20170124,2,NO2,即墨,44.0
20170124,2,NO2_24h,即墨,36.0
20170124,2,O3,即墨,29.0
20170124,2,O3_24h,即墨,78.0
20170124,2,O3_8h,即墨,28.0
20170124,2,O3_8h_24h,即墨,28.0
20170124,2,CO,即墨,3.0
20170124,2,CO_24h,即墨,1.4
20170124,3,AQI,即墨,103.0
20170124,3,PM2.5,即墨,77.0
20170124,3,PM2.5_24h,即墨,43.0
20170124,3,PM10,即墨,98.0
20170124,3,PM10_24h,即墨,65.0
20170124,3,SO2,即墨,36.0
20170124,3,SO2_24h,即墨,27.0
20170124,3,NO2,即墨,42.0
20170124,3,NO2_24h,即墨,37.0
20170124,3,O3,即墨,27.0
20170124,3,O3_24h,即墨,78.0
20170124,3,O3_8h,即墨,28.0
20170124,3,O3_8h_24h,即墨,28.0
20170124,3,CO,即墨,2.35
20170124,3,CO_24h,即墨,1.45
20170124,4,AQI,即墨,94.0
20170124,4,PM2.5,即墨,70.0
20170124,4,PM2.5_24h,即墨,45.0
20170124,4,PM10,即墨,92.0
20170124,4,PM10_24h,即墨,67.0
20170124,4,SO2,即墨,22.0
20170124,4,SO2_24h,即墨,27.0
20170124,4,NO2,即墨,36.0
20170124,4,NO2_24h,即墨,37.0
20170124,4,O3,即墨,30.0
20170124,4,O3_24h,即墨,78.0
20170124,4,O3_8h,即墨,29.0
20170124,4,O3_8h_24h,即墨,29.0
20170124,4,CO,即墨,1.85
20170124,4,CO_24h,即墨,1.45
20170124,5,AQI,即墨,101.0
20170124,5,PM2.5,即墨,76.0
20170124,5,PM2.5_24h,即墨,47.0
20170124,5,PM10,即墨,94.0
20170124,5,PM10_24h,即墨,69.0
20170124,5,SO2,即墨,24.0
20170124,5,SO2_24h,即墨,27.0
20170124,5,NO2,即墨,31.0
20170124,5,NO2_24h,即墨,37.0
20170124,5,O3,即墨,32.0
20170124,5,O3_24h,即墨,78.0
20170124,5,O3_8h,即墨,29.0
20170124,5,O3_8h_24h,即墨,29.0
20170124,5,CO,即墨,1.7
20170124,5,CO_24h,即墨,1.45
20170124,6,AQI,即墨,91.0
20170124,6,PM2.5,即墨,68.0
20170124,6,PM2.5_24h,即墨,47.0
20170124,6,PM10,即墨,84.0
20170124,6,PM10_24h,即墨,70.0
20170124,6,SO2,即墨,29.0
20170124,6,SO2_24h,即墨,26.0
20170124,6,NO2,即墨,33.0
20170124,6,NO2_24h,即墨,36.0
20170124,6,O3,即墨,31.0
20170124,6,O3_24h,即墨,78.0
20170124,6,O3_8h,即墨,30.0
20170124,6,O3_8h_24h,即墨,30.0
20170124,6,CO,即墨,1.75
20170124,6,CO_24h,即墨,1.45
20170124,7,AQI,即墨,90.0
20170124,7,PM2.5,即墨,67.0
20170124,7,PM2.5_24h,即墨,47.0
20170124,7,PM10,即墨,84.0
20170124,7,PM10_24h,即墨,70.0
20170124,7,SO2,即墨,34.0
20170124,7,SO2_24h,即墨,27.0
20170124,7,NO2,即墨,39.0
20170124,7,NO2_24h,即墨,36.0
20170124,7,O3,即墨,24.0
20170124,7,O3_24h,即墨,78.0
20170124,7,O3_8h,即墨,29.0
20170124,7,O3_8h_24h,即墨,30.0
20170124,7,CO,即墨,1.85
20170124,7,CO_24h,即墨,1.4
20170124,8,AQI,即墨,100.0
20170124,8,PM2.5,即墨,75.0
20170124,8,PM2.5_24h,即墨,48.0
20170124,8,PM10,即墨,95.0
20170124,8,PM10_24h,即墨,71.0
20170124,8,SO2,即墨,44.0
20170124,8,SO2_24h,即墨,27.0
20170124,8,NO2,即墨,40.0
20170124,8,NO2_24h,即墨,37.0
20170124,8,O3,即墨,28.0
20170124,8,O3_24h,即墨,78.0
20170124,8,O3_8h,即墨,28.0
20170124,8,O3_8h_24h,即墨,30.0
20170124,8,CO,即墨,2.05
20170124,8,CO_24h,即墨,1.4
20170124,9,AQI,即墨,128.0
20170124,9,PM2.5,即墨,97.0
20170124,9,PM2.5_24h,即墨,51.0
20170124,9,PM10,即墨,119.0
20170124,9,PM10_24h,即墨,74.0
20170124,9,SO2,即墨,58.0
20170124,9,SO2_24h,即墨,29.0
20170124,9,NO2,即墨,50.0
20170124,9,NO2_24h,即墨,36.0
20170124,9,O3,即墨,22.0
20170124,9,O3_24h,即墨,78.0
20170124,9,O3_8h,即墨,28.0
20170124,9,O3_8h_24h,即墨,30.0
20170124,9,CO,即墨,2.4
20170124,9,CO_24h,即墨,1.45
20170124,10,AQI,即墨,130.0
20170124,10,PM2.5,即墨,99.0
20170124,10,PM2.5_24h,即墨,52.0
20170124,10,PM10,即墨,129.0
20170124,10,PM10_24h,即墨,76.0
20170124,10,SO2,即墨,55.0
20170124,10,SO2_24h,即墨,30.0
20170124,10,NO2,即墨,52.0
20170124,10,NO2_24h,即墨,37.0
20170124,10,O3,即墨,32.0
20170124,10,O3_24h,即墨,78.0
20170124,10,O3_8h,即墨,28.0
20170124,10,O3_8h_24h,即墨,30.0
20170124,10,CO,即墨,2.1
20170124,10,CO_24h,即墨,1.5
20170124,11,AQI,即墨,114.0
20170124,11,PM2.5,即墨,86.0
20170124,11,PM2.5_24h,即墨,55.0
20170124,11,PM10,即墨,127.0
20170124,11,PM10_24h,即墨,80.0
20170124,11,SO2,即墨,32.0
20170124,11,SO2_24h,即墨,31.0
20170124,11,NO2,即墨,37.0
20170124,11,NO2_24h,即墨,38.0
20170124,11,O3,即墨,48.0
20170124,11,O3_24h,即墨,78.0
20170124,11,O3_8h,即墨,31.0
20170124,11,O3_8h_24h,即墨,31.0
20170124,11,CO,即墨,1.1
20170124,11,CO_24h,即墨,1.5
20170124,12,AQI,即墨,63.0
20170124,12,PM2.5,即墨,44.0
20170124,12,PM2.5_24h,即墨,56.0
20170124,12,PM10,即墨,76.0
20170124,12,PM10_24h,即墨,81.0
20170124,12,SO2,即墨,24.0
20170124,12,SO2_24h,即墨,31.0
20170124,12,NO2,即墨,23.0
20170124,12,NO2_24h,即墨,38.0
20170124,12,O3,即墨,64.0
20170124,12,O3_24h,即墨,78.0
20170124,12,O3_8h,即墨,35.0
20170124,12,O3_8h_24h,即墨,35.0
20170124,12,CO,即墨,0.85
20170124,12,CO_24h,即墨,1.55
20170124,13,AQI,即墨,58.0
20170124,13,PM2.5,即墨,41.0
20170124,13,PM2.5_24h,即墨,57.0
20170124,13,PM10,即墨,64.0
20170124,13,PM10_24h,即墨,82.0
20170124,13,SO2,即墨,23.0
20170124,13,SO2_24h,即墨,31.0
20170124,13,NO2,即墨,22.0
20170124,13,NO2_24h,即墨,38.0
20170124,13,O3,即墨,70.0
20170124,13,O3_24h,即墨,78.0
20170124,13,O3_8h,即墨,40.0
20170124,13,O3_8h_24h,即墨,40.0
20170124,13,CO,即墨,0.85
20170124,13,CO_24h,即墨,1.55
20170124,14,AQI,即墨,69.0
20170124,14,PM2.5,即墨,50.0
20170124,14,PM2.5_24h,即墨,58.0
20170124,14,PM10,即墨,77.0
20170124,14,PM10_24h,即墨,84.0
20170124,14,SO2,即墨,22.0
20170124,14,SO2_24h,即墨,32.0
20170124,14,NO2,即墨,22.0
20170124,14,NO2_24h,即墨,38.0
20170124,14,O3,即墨,73.0
20170124,14,O3_24h,即墨,78.0
20170124,14,O3_8h,即墨,45.0
20170124,14,O3_8h_24h,即墨,45.0
20170124,14,CO,即墨,0.95
20170124,14,CO_24h,即墨,1.6
20170124,15,AQI,即墨,71.0
20170124,15,PM2.5,即墨,52.0
20170124,15,PM2.5_24h,即墨,59.0
20170124,15,PM10,即墨,82.0
20170124,15,PM10_24h,即墨,85.0
20170124,15,SO2,即墨,21.0
20170124,15,SO2_24h,即墨,32.0
20170124,15,NO2,即墨,23.0
20170124,15,NO2_24h,即墨,38.0
20170124,15,O3,即墨,71.0
20170124,15,O3_24h,即墨,78.0
20170124,15,O3_8h,即墨,51.0
20170124,15,O3_8h_24h,即墨,51.0
20170124,15,CO,即墨,0.95
20170124,15,CO_24h,即墨,1.6
20170124,16,AQI,即墨,71.0
20170124,16,PM2.5,即墨,52.0
20170124,16,PM2.5_24h,即墨,60.0
20170124,16,PM10,即墨,87.0
20170124,16,PM10_24h,即墨,87.0
20170124,16,SO2,即墨,19.0
20170124,16,SO2_24h,即墨,33.0
20170124,16,NO2,即墨,25.0
20170124,16,NO2_24h,即墨,38.0
20170124,16,O3,即墨,69.0
20170124,16,O3_24h,即墨,74.0
20170124,16,O3_8h,即墨,56.0
20170124,16,O3_8h_24h,即墨,56.0
20170124,16,CO,即墨,0.95
20170124,16,CO_24h,即墨,1.6
20170124,17,AQI,即墨,67.0
20170124,17,PM2.5,即墨,48.0
20170124,17,PM2.5_24h,即墨,61.0
20170124,17,PM10,即墨,83.0
20170124,17,PM10_24h,即墨,89.0
20170124,17,SO2,即墨,19.0
20170124,17,SO2_24h,即墨,33.0
20170124,17,NO2,即墨,26.0
20170124,17,NO2_24h,即墨,38.0
20170124,17,O3,即墨,65.0
20170124,17,O3_24h,即墨,74.0
20170124,17,O3_8h,即墨,61.0
20170124,17,O3_8h_24h,即墨,61.0
20170124,17,CO,即墨,0.9
20170124,17,CO_24h,即墨,1.6
20170124,18,AQI,即墨,63.0
20170124,18,PM2.5,即墨,40.0
20170124,18,PM2.5_24h,即墨,62.0
20170124,18,PM10,即墨,75.0
20170124,18,PM10_24h,即墨,90.0
20170124,18,SO2,即墨,20.0
20170124,18,SO2_24h,即墨,33.0
20170124,18,NO2,即墨,39.0
20170124,18,NO2_24h,即墨,38.0
20170124,18,O3,即墨,51.0
20170124,18,O3_24h,即墨,74.0
20170124,18,O3_8h,即墨,64.0
20170124,18,O3_8h_24h,即墨,64.0
20170124,18,CO,即墨,1.0
20170124,18,CO_24h,即墨,1.6
20170124,19,AQI,即墨,63.0
20170124,19,PM2.5,即墨,44.0
20170124,19,PM2.5_24h,即墨,62.0
20170124,19,PM10,即墨,76.0
20170124,19,PM10_24h,即墨,91.0
20170124,19,SO2,即墨,21.0
20170124,19,SO2_24h,即墨,33.0
20170124,19,NO2,即墨,44.0
20170124,19,NO2_24h,即墨,38.0
20170124,19,O3,即墨,46.0
20170124,19,O3_24h,即墨,74.0
20170124,19,O3_8h,即墨,64.0
20170124,19,O3_8h_24h,即墨,64.0
20170124,19,CO,即墨,1.25
20170124,19,CO_24h,即墨,1.6
20170124,20,AQI,即墨,75.0
20170124,20,PM2.5,即墨,55.0
20170124,20,PM2.5_24h,即墨,62.0
20170124,20,PM10,即墨,87.0
20170124,20,PM10_24h,即墨,91.0
20170124,20,SO2,即墨,22.0
20170124,20,SO2_24h,即墨,33.0
20170124,20,NO2,即墨,43.0
20170124,20,NO2_24h,即墨,38.0
20170124,20,O3,即墨,48.0
20170124,20,O3_24h,即墨,74.0
20170124,20,O3_8h,即墨,62.0
20170124,20,O3_8h_24h,即墨,65.0
20170124,20,CO,即墨,1.2
20170124,20,CO_24h,即墨,1.6
20170124,21,AQI,即墨,75.0
20170124,21,PM2.5,即墨,55.0
20170124,21,PM2.5_24h,即墨,63.0
20170124,21,PM10,即墨,81.0
20170124,21,PM10_24h,即墨,92.0
20170124,21,SO2,即墨,22.0
20170124,21,SO2_24h,即墨,33.0
20170124,21,NO2,即墨,45.0
20170124,21,NO2_24h,即墨,38.0
20170124,21,O3,即墨,43.0
20170124,21,O3_24h,即墨,74.0
20170124,21,O3_8h,即墨,58.0
20170124,21,O3_8h_24h,即墨,65.0
20170124,21,CO,即墨,1.35
20170124,21,CO_24h,即墨,1.6
20170124,22,AQI,即墨,86.0
20170124,22,PM2.5,即墨,64.0
20170124,22,PM2.5_24h,即墨,64.0
20170124,22,PM10,即墨,100.0
20170124,22,PM10_24h,即墨,93.0
20170124,22,SO2,即墨,42.0
20170124,22,SO2_24h,即墨,33.0
20170124,22,NO2,即墨,50.0
20170124,22,NO2_24h,即墨,38.0
20170124,22,O3,即墨,34.0
20170124,22,O3_24h,即墨,74.0
20170124,22,O3_8h,即墨,54.0
20170124,22,O3_8h_24h,即墨,65.0
20170124,22,CO,即墨,1.6
20170124,22,CO_24h,即墨,1.6
20170124,23,AQI,即墨,100.0
20170124,23,PM2.5,即墨,75.0
20170124,23,PM2.5_24h,即墨,64.0
20170124,23,PM10,即墨,103.0
20170124,23,PM10_24h,即墨,93.0
20170124,23,SO2,即墨,29.0
20170124,23,SO2_24h,即墨,32.0
20170124,23,NO2,即墨,49.0
20170124,23,NO2_24h,即墨,38.0
20170124,23,O3,即墨,31.0
20170124,23,O3_24h,即墨,74.0
20170124,23,O3_8h,即墨,48.0
20170124,23,O3_8h_24h,即墨,65.0
20170124,23,CO,即墨,1.9
20170124,23,CO_24h,即墨,1.6
20170124,0,AQI,胶南,63.0
20170124,0,PM2.5,胶南,45.0
20170124,0,PM2.5_24h,胶南,39.0
20170124,0,PM10,胶南,62.0
20170124,0,PM10_24h,胶南,55.0
20170124,0,SO2,胶南,22.0
20170124,0,SO2_24h,胶南,24.0
20170124,0,NO2,胶南,62.0
20170124,0,NO2_24h,胶南,40.0
20170124,0,O3,胶南,36.0
20170124,0,O3_24h,胶南,92.0
20170124,0,O3_8h,胶南,67.0
20170124,0,O3_8h_24h,胶南,87.0
20170124,0,CO,胶南,0.9
20170124,0,CO_24h,胶南,0.8
20170124,1,AQI,胶南,58.0
20170124,1,PM2.5,胶南,41.0
20170124,1,PM2.5_24h,胶南,41.0
20170124,1,PM10,胶南,56.0
20170124,1,PM10_24h,胶南,55.0
20170124,1,SO2,胶南,16.0
20170124,1,SO2_24h,胶南,21.0
20170124,1,NO2,胶南,35.0
20170124,1,NO2_24h,胶南,38.0
20170124,1,O3,胶南,61.0
20170124,1,O3_24h,胶南,87.0
20170124,1,O3_8h,胶南,61.0
20170124,1,O3_8h_24h,胶南,61.0
20170124,1,CO,胶南,0.7
20170124,1,CO_24h,胶南,0.85
20170124,2,AQI,胶南,54.0
20170124,2,PM2.5,胶南,38.0
20170124,2,PM2.5_24h,胶南,40.0
20170124,2,PM10,胶南,52.0
20170124,2,PM10_24h,胶南,54.0
20170124,2,SO2,胶南,19.0
20170124,2,SO2_24h,胶南,21.0
20170124,2,NO2,胶南,30.0
20170124,2,NO2_24h,胶南,37.0
20170124,2,O3,胶南,65.0
20170124,2,O3_24h,胶南,87.0
20170124,2,O3_8h,胶南,63.0
20170124,2,O3_8h_24h,胶南,69.0
20170124,2,CO,胶南,0.75
20170124,2,CO_24h,胶南,0.85
20170124,3,AQI,胶南,54.0
20170124,3,PM2.5,胶南,37.0
20170124,3,PM2.5_24h,胶南,40.0
20170124,3,PM10,胶南,58.0
20170124,3,PM10_24h,胶南,54.0
20170124,3,SO2,胶南,16.0
20170124,3,SO2_24h,胶南,21.0
20170124,3,NO2,胶南,40.0
20170124,3,NO2_24h,胶南,37.0
20170124,3,O3,胶南,51.0
20170124,3,O3_24h,胶南,87.0
20170124,3,O3_8h,胶南,59.0
20170124,3,O3_8h_24h,胶南,69.0
20170124,3,CO,胶南,0.85
20170124,3,CO_24h,胶南,0.85
20170124,4,AQI,胶南,63.0
20170124,4,PM2.5,胶南,45.0
20170124,4,PM2.5_24h,胶南,40.0
20170124,4,PM10,胶南,60.0
20170124,4,PM10_24h,胶南,54.0
20170124,4,SO2,胶南,18.0
20170124,4,SO2_24h,胶南,21.0
20170124,4,NO2,胶南,44.0
20170124,4,NO2_24h,胶南,37.0
20170124,4,O3,胶南,44.0
20170124,4,O3_24h,胶南,87.0
20170124,4,O3_8h,胶南,55.0
20170124,4,O3_8h_24h,胶南,69.0
20170124,4,CO,胶南,1.05
20170124,4,CO_24h,胶南,0.85
20170124,5,AQI,胶南,79.0
20170124,5,PM2.5,胶南,58.0
20170124,5,PM2.5_24h,胶南,41.0
20170124,5,PM10,胶南,76.0
20170124,5,PM10_24h,胶南,56.0
20170124,5,SO2,胶南,16.0
20170124,5,SO2_24h,胶南,20.0
20170124,5,NO2,胶南,44.0
20170124,5,NO2_24h,胶南,37.0
20170124,5,O3,胶南,44.0
20170124,5,O3_24h,胶南,87.0
20170124,5,O3_8h,胶南,53.0
20170124,5,O3_8h_24h,胶南,69.0
20170124,5,CO,胶南,0.95
20170124,5,CO_24h,胶南,0.85
20170124,6,AQI,胶南,63.0
20170124,6,PM2.5,胶南,45.0
20170124,6,PM2.5_24h,胶南,41.0
20170124,6,PM10,胶南,66.0
20170124,6,PM10_24h,胶南,56.0
20170124,6,SO2,胶南,15.0
20170124,6,SO2_24h,胶南,19.0
20170124,6,NO2,胶南,44.0
20170124,6,NO2_24h,胶南,36.0
20170124,6,O3,胶南,42.0
20170124,6,O3_24h,胶南,87.0
20170124,6,O3_8h,胶南,51.0
20170124,6,O3_8h_24h,胶南,69.0
20170124,6,CO,胶南,1.3
20170124,6,CO_24h,胶南,0.9
20170124,7,AQI,胶南,78.0
20170124,7,PM2.5,胶南,57.0
20170124,7,PM2.5_24h,胶南,41.0
20170124,7,PM10,胶南,82.0
20170124,7,PM10_24h,胶南,57.0
20170124,7,SO2,胶南,18.0
20170124,7,SO2_24h,胶南,19.0
20170124,7,NO2,胶南,45.0
20170124,7,NO2_24h,胶南,36.0
20170124,7,O3,胶南,37.0
20170124,7,O3_24h,胶南,87.0
20170124,7,O3_8h,胶南,49.0
20170124,7,O3_8h_24h,胶南,69.0
20170124,7,CO,胶南,1.3
20170124,7,CO_24h,胶南,0.85
20170124,8,AQI,胶南,89.0
20170124,8,PM2.5,胶南,66.0
20170124,8,PM2.5_24h,胶南,42.0
20170124,8,PM10,胶南,91.0
20170124,8,PM10_24h,胶南,58.0
20170124,8,SO2,胶南,18.0
20170124,8,SO2_24h,胶南,19.0
20170124,8,NO2,胶南,44.0
20170124,8,NO2_24h,胶南,35.0
20170124,8,O3,胶南,34.0
20170124,8,O3_24h,胶南,87.0
20170124,8,O3_8h,胶南,47.0
20170124,8,O3_8h_24h,胶南,69.0
20170124,8,CO,胶南,1.25
20170124,8,CO_24h,胶南,0.85
20170124,9,AQI,胶南,80.0
20170124,9,PM2.5,胶南,59.0
20170124,9,PM2.5_24h,胶南,42.0
20170124,9,PM10,胶南,79.0
20170124,9,PM10_24h,胶南,58.0
20170124,9,SO2,胶南,18.0
20170124,9,SO2_24h,胶南,18.0
20170124,9,NO2,胶南,47.0
20170124,9,NO2_24h,胶南,35.0
20170124,9,O3,胶南,34.0
20170124,9,O3_24h,胶南,87.0
20170124,9,O3_8h,胶南,44.0
20170124,9,O3_8h_24h,胶南,69.0
20170124,9,CO,胶南,1.35
20170124,9,CO_24h,胶南,0.85
20170124,10,AQI,胶南,111.0
20170124,10,PM2.5,胶南,84.0
20170124,10,PM2.5_24h,胶南,44.0
20170124,10,PM10,胶南,112.0
20170124,10,PM10_24h,胶南,62.0
20170124,10,SO2,胶南,27.0
20170124,10,SO2_24h,胶南,20.0
20170124,10,NO2,胶南,49.0
20170124,10,NO2_24h,胶南,41.0
20170124,10,O3,胶南,39.0
20170124,10,O3_24h,胶南,92.0
20170124,10,O3_8h,胶南,27.0
20170124,10,O3_8h_24h,胶南,60.0
20170124,10,CO,胶南,1.7
20170124,10,CO_24h,胶南,0.9
20170124,11,AQI,胶南,105.0
20170124,11,PM2.5,胶南,79.0
20170124,11,PM2.5_24h,胶南,41.0
20170124,11,PM10,胶南,108.0
20170124,11,PM10_24h,胶南,57.0
20170124,11,SO2,胶南,29.0
20170124,11,SO2_24h,胶南,17.0
20170124,11,NO2,胶南,57.0
20170124,11,NO2_24h,胶南,36.0
20170124,11,O3,胶南,40.0
20170124,11,O3_24h,胶南,87.0
20170124,11,O3_8h,胶南,40.0
20170124,11,O3_8h_24h,胶南,69.0
20170124,11,CO,胶南,1.7
20170124,11,CO_24h,胶南,0.9
20170124,12,AQI,胶南,134.0
20170124,12,PM2.5,胶南,102.0
20170124,12,PM2.5_24h,胶南,49.0
20170124,12,PM10,胶南,144.0
20170124,12,PM10_24h,胶南,69.0
20170124,12,SO2,胶南,33.0
20170124,12,SO2_24h,胶南,21.0
20170124,12,NO2,胶南,59.0
20170124,12,NO2_24h,胶南,44.0
20170124,12,O3,胶南,59.0
20170124,12,O3_24h,胶南,92.0
20170124,12,O3_8h,胶南,33.0
20170124,12,O3_8h_24h,胶南,60.0
20170124,12,CO,胶南,1.7
20170124,12,CO_24h,胶南,1.0
20170124,13,AQI,胶南,125.0
20170124,13,PM2.5,胶南,95.0
20170124,13,PM2.5_24h,胶南,51.0
20170124,13,PM10,胶南,140.0
20170124,13,PM10_24h,胶南,73.0
20170124,13,SO2,胶南,32.0
20170124,13,SO2_24h,胶南,21.0
20170124,13,NO2,胶南,47.0
20170124,13,NO2_24h,胶南,45.0
20170124,13,O3,胶南,72.0
20170124,13,O3_24h,胶南,92.0
20170124,13,O3_8h,胶南,38.0
20170124,13,O3_8h_24h,胶南,60.0
20170124,13,CO,胶南,1.5
20170124,13,CO_24h,胶南,1.0
20170124,14,AQI,胶南,105.0
20170124,14,PM2.5,胶南,79.0
20170124,14,PM2.5_24h,胶南,54.0
20170124,14,PM10,胶南,111.0
20170124,14,PM10_24h,胶南,76.0
20170124,14,SO2,胶南,31.0
20170124,14,SO2_24h,胶南,22.0
20170124,14,NO2,胶南,47.0
20170124,14,NO2_24h,胶南,46.0
20170124,14,O3,胶南,76.0
20170124,14,O3_24h,胶南,92.0
20170124,14,O3_8h,胶南,45.0
20170124,14,O3_8h_24h,胶南,60.0
20170124,14,CO,胶南,1.4
20170124,14,CO_24h,胶南,1.1
20170124,15,AQI,胶南,96.0
20170124,15,PM2.5,胶南,72.0
20170124,15,PM2.5_24h,胶南,47.0
20170124,15,PM10,胶南,97.0
20170124,15,PM10_24h,胶南,66.0
20170124,15,SO2,胶南,25.0
20170124,15,SO2_24h,胶南,18.0
20170124,15,NO2,胶南,42.0
20170124,15,NO2_24h,胶南,38.0
20170124,15,O3,胶南,80.0
20170124,15,O3_24h,胶南,86.0
20170124,15,O3_8h,胶南,51.0
20170124,15,O3_8h_24h,胶南,69.0
20170124,15,CO,胶南,1.3
20170124,15,CO_24h,胶南,1.0
20170124,16,AQI,胶南,93.0
20170124,16,PM2.5,胶南,69.0
20170124,16,PM2.5_24h,胶南,49.0
20170124,16,PM10,胶南,96.0
20170124,16,PM10_24h,胶南,68.0
20170124,16,SO2,胶南,22.0
20170124,16,SO2_24h,胶南,19.0
20170124,16,NO2,胶南,36.0
20170124,16,NO2_24h,胶南,39.0
20170124,16,O3,胶南,88.0
20170124,16,O3_24h,胶南,89.0
20170124,16,O3_8h,胶南,61.0
20170124,16,O3_8h_24h,胶南,70.0
20170124,16,CO,胶南,1.25
20170124,16,CO_24h,胶南,1.05
20170124,17,AQI,胶南,89.0
20170124,17,PM2.5,胶南,66.0
20170124,17,PM2.5_24h,胶南,51.0
20170124,17,PM10,胶南,94.0
20170124,17,PM10_24h,胶南,72.0
20170124,17,SO2,胶南,21.0
20170124,17,SO2_24h,胶南,19.0
20170124,17,NO2,胶南,35.0
20170124,17,NO2_24h,胶南,39.0
20170124,17,O3,胶南,88.0
20170124,17,O3_24h,胶南,89.0
20170124,17,O3_8h,胶南,71.0
20170124,17,O3_8h_24h,胶南,74.0
20170124,17,CO,胶南,1.2
20170124,17,CO_24h,胶南,1.05
20170124,18,AQI,胶南,91.0
20170124,18,PM2.5,胶南,68.0
20170124,18,PM2.5_24h,胶南,53.0
20170124,18,PM10,胶南,91.0
20170124,18,PM10_24h,胶南,74.0
20170124,18,SO2,胶南,19.0
20170124,18,SO2_24h,胶南,19.0
20170124,18,NO2,胶南,37.0
20170124,18,NO2_24h,胶南,39.0
20170124,18,O3,胶南,84.0
20170124,18,O3_24h,胶南,89.0
20170124,18,O3_8h,胶南,74.0
20170124,18,O3_8h_24h,胶南,76.0
20170124,18,CO,胶南,1.25
20170124,18,CO_24h,胶南,1.05
20170124,19,AQI,胶南,104.0
20170124,19,PM2.5,胶南,78.0
20170124,19,PM2.5_24h,胶南,65.0
20170124,19,PM10,胶南,104.0
20170124,19,PM10_24h,胶南,90.0
20170124,19,SO2,胶南,22.0
20170124,19,SO2_24h,胶南,23.0
20170124,19,NO2,胶南,43.0
20170124,19,NO2_24h,胶南,50.0
20170124,19,O3,胶南,75.0
20170124,19,O3_24h,胶南,87.0
20170124,19,O3_8h,胶南,77.0
20170124,19,O3_8h_24h,胶南,77.0
20170124,19,CO,胶南,1.4
20170124,19,CO_24h,胶南,1.3
20170124,20,AQI,胶南,99.0
20170124,20,PM2.5,胶南,74.0
20170124,20,PM2.5_24h,胶南,57.0
20170124,20,PM10,胶南,96.0
20170124,20,PM10_24h,胶南,78.0
20170124,20,SO2,胶南,17.0
20170124,20,SO2_24h,胶南,20.0
20170124,20,NO2,胶南,43.0
20170124,20,NO2_24h,胶南,41.0
20170124,20,O3,胶南,69.0
20170124,20,O3_24h,胶南,88.0
20170124,20,O3_8h,胶南,80.0
20170124,20,O3_8h_24h,胶南,80.0
20170124,20,CO,胶南,1.2
20170124,20,CO_24h,胶南,1.15
20170124,21,AQI,胶南,105.0
20170124,21,PM2.5,胶南,79.0
20170124,21,PM2.5_24h,胶南,69.0
20170124,21,PM10,胶南,100.0
20170124,21,PM10_24h,胶南,96.0
20170124,21,SO2,胶南,21.0
20170124,21,SO2_24h,胶南,24.0
20170124,21,NO2,胶南,23.0
20170124,21,NO2_24h,胶南,50.0
20170124,21,O3,胶南,98.0
20170124,21,O3_24h,胶南,98.0
20170124,21,O3_8h,胶南,84.0
20170124,21,O3_8h_24h,胶南,84.0
20170124,21,CO,胶南,1.0
20170124,21,CO_24h,胶南,1.3
20170124,22,AQI,胶南,120.0
20170124,22,PM2.5,胶南,91.0
20170124,22,PM2.5_24h,胶南,61.0
20170124,22,PM10,胶南,115.0
20170124,22,PM10_24h,胶南,83.0
20170124,22,SO2,胶南,21.0
20170124,22,SO2_24h,胶南,20.0
20170124,22,NO2,胶南,47.0
20170124,22,NO2_24h,胶南,41.0
20170124,22,O3,胶南,65.0
20170124,22,O3_24h,胶南,94.0
20170124,22,O3_8h,胶南,79.0
20170124,22,O3_8h_24h,胶南,83.0
20170124,22,CO,胶南,1.45
20170124,22,CO_24h,胶南,1.15
20170124,23,AQI,胶南,118.0
20170124,23,PM2.5,胶南,89.0
20170124,23,PM2.5_24h,胶南,63.0
20170124,23,PM10,胶南,111.0
20170124,23,PM10_24h,胶南,86.0
20170124,23,SO2,胶南,19.0
20170124,23,SO2_24h,胶南,20.0
20170124,23,NO2,胶南,45.0
20170124,23,NO2_24h,胶南,42.0
20170124,23,O3,胶南,60.0
20170124,23,O3_24h,胶南,94.0
20170124,23,O3_8h,胶南,76.0
20170124,23,O3_8h_24h,胶南,83.0
20170124,23,CO,胶南,1.35
20170124,23,CO_24h,胶南,1.2
20170124,0,AQI,胶州,83.0
20170124,0,PM2.5,胶州,61.0
20170124,0,PM2.5_24h,胶州,33.0
20170124,0,PM10,胶州,94.0
20170124,0,PM10_24h,胶州,49.0
20170124,0,SO2,胶州,37.0
20170124,0,SO2_24h,胶州,33.0
20170124,0,NO2,胶州,79.0
20170124,0,NO2_24h,胶州,48.0
20170124,0,O3,胶州,6.0
20170124,0,O3_24h,胶州,94.0
20170124,0,O3_8h,胶州,23.0
20170124,0,O3_8h_24h,胶州,76.0
20170124,0,CO,胶州,1.7
20170124,0,CO_24h,胶州,1.1
20170124,1,AQI,胶州,99.0
20170124,1,PM2.5,胶州,74.0
20170124,1,PM2.5_24h,胶州,35.0
20170124,1,PM10,胶州,105.0
20170124,1,PM10_24h,胶州,52.0
20170124,1,SO2,胶州,45.0
20170124,1,SO2_24h,胶州,33.0
20170124,1,NO2,胶州,79.0
20170124,1,NO2_24h,胶州,50.0
20170124,1,O3,胶州,5.0
20170124,1,O3_24h,胶州,94.0
20170124,1,O3_8h,胶州,5.0
20170124,1,O3_8h_24h,胶州,5.0
20170124,1,CO,胶州,2.2
20170124,1,CO_24h,胶州,1.15
20170124,2,AQI,胶州,104.0
20170124,2,PM2.5,胶州,78.0
20170124,2,PM2.5_24h,胶州,38.0
20170124,2,PM10,胶州,104.0
20170124,2,PM10_24h,胶州,55.0
20170124,2,SO2,胶州,45.0
20170124,2,SO2_24h,胶州,34.0
20170124,2,NO2,胶州,74.0
20170124,2,NO2_24h,胶州,51.0
20170124,2,O3,胶州,5.0
20170124,2,O3_24h,胶州,94.0
20170124,2,O3_8h,胶州,5.0
20170124,2,O3_8h_24h,胶州,5.0
20170124,2,CO,胶州,2.25
20170124,2,CO_24h,胶州,1.2
20170124,3,AQI,胶州,94.0
20170124,3,PM2.5,胶州,70.0
20170124,3,PM2.5_24h,胶州,39.0
20170124,3,PM10,胶州,92.0
20170124,3,PM10_24h,胶州,57.0
20170124,3,SO2,胶州,35.0
20170124,3,SO2_24h,胶州,34.0
20170124,3,NO2,胶州,74.0
20170124,3,NO2_24h,胶州,52.0
20170124,3,O3,胶州,5.0
20170124,3,O3_24h,胶州,94.0
20170124,3,O3_8h,胶州,5.0
20170124,3,O3_8h_24h,胶州,5.0
20170124,3,CO,胶州,2.0
20170124,3,CO_24h,胶州,1.25
20170124,4,AQI,胶州,84.0
20170124,4,PM2.5,胶州,62.0
20170124,4,PM2.5_24h,胶州,40.0
20170124,4,PM10,胶州,88.0
20170124,4,PM10_24h,胶州,59.0
20170124,4,SO2,胶州,43.0
20170124,4,SO2_24h,胶州,35.0
20170124,4,NO2,胶州,70.0
20170124,4,NO2_24h,胶州,53.0
20170124,4,O3,胶州,6.0
20170124,4,O3_24h,胶州,94.0
20170124,4,O3_8h,胶州,5.0
20170124,4,O3_8h_24h,胶州,5.0
20170124,4,CO,胶州,3.0
20170124,4,CO_24h,胶州,1.3
20170124,5,AQI,胶州,99.0
20170124,5,PM2.5,胶州,74.0
20170124,5,PM2.5_24h,胶州,42.0
20170124,5,PM10,胶州,101.0
20170124,5,PM10_24h,胶州,61.0
20170124,5,SO2,胶州,49.0
20170124,5,SO2_24h,胶州,36.0
20170124,5,NO2,胶州,68.0
20170124,5,NO2_24h,胶州,54.0
20170124,5,O3,胶州,5.0
20170124,5,O3_24h,胶州,94.0
20170124,5,O3_8h,胶州,5.0
20170124,5,O3_8h_24h,胶州,5.0
20170124,5,CO,胶州,3.35
20170124,5,CO_24h,胶州,1.35
20170124,6,AQI,胶州,105.0
20170124,6,PM2.5,胶州,79.0
20170124,6,PM2.5_24h,胶州,44.0
20170124,6,PM10,胶州,117.0
20170124,6,PM10_24h,胶州,63.0
20170124,6,SO2,胶州,44.0
20170124,6,SO2_24h,胶州,36.0
20170124,6,NO2,胶州,64.0
20170124,6,NO2_24h,胶州,55.0
20170124,6,O3,胶州,6.0
20170124,6,O3_24h,胶州,94.0
20170124,6,O3_8h,胶州,5.0
20170124,6,O3_8h_24h,胶州,5.0
20170124,6,CO,胶州,3.1
20170124,6,CO_24h,胶州,1.4
20170124,7,AQI,胶州,114.0
20170124,7,PM2.5,胶州,86.0
20170124,7,PM2.5_24h,胶州,45.0
20170124,7,PM10,胶州,103.0
20170124,7,PM10_24h,胶州,65.0
20170124,7,SO2,胶州,40.0
20170124,7,SO2_24h,胶州,37.0
20170124,7,NO2,胶州,61.0
20170124,7,NO2_24h,胶州,55.0
20170124,7,O3,胶州,5.0
20170124,7,O3_24h,胶州,94.0
20170124,7,O3_8h,胶州,5.0
20170124,7,O3_8h_24h,胶州,5.0
20170124,7,CO,胶州,2.5
20170124,7,CO_24h,胶州,1.45
20170124,8,AQI,胶州,104.0
20170124,8,PM2.5,胶州,78.0
20170124,8,PM2.5_24h,胶州,47.0
20170124,8,PM10,胶州,99.0
20170124,8,PM10_24h,胶州,66.0
20170124,8,SO2,胶州,45.0
20170124,8,SO2_24h,胶州,36.0
20170124,8,NO2,胶州,57.0
20170124,8,NO2_24h,胶州,55.0
20170124,8,O3,胶州,7.0
20170124,8,O3_24h,胶州,94.0
20170124,8,O3_8h,胶州,5.0
20170124,8,O3_8h_24h,胶州,5.0
20170124,8,CO,胶州,2.55
20170124,8,CO_24h,胶州,1.5
20170124,9,AQI,胶州,106.0
20170124,9,PM2.5,胶州,80.0
20170124,9,PM2.5_24h,胶州,48.0
20170124,9,PM10,胶州,106.0
20170124,9,PM10_24h,胶州,68.0
20170124,9,SO2,胶州,65.0
20170124,9,SO2_24h,胶州,37.0
20170124,9,NO2,胶州,62.0
20170124,9,NO2_24h,胶州,55.0
20170124,9,O3,胶州,8.0
20170124,9,O3_24h,胶州,94.0
20170124,9,O3_8h,胶州,6.0
20170124,9,O3_8h_24h,胶州,6.0
20170124,9,CO,胶州,3.05
20170124,9,CO_24h,胶州,1.5
20170124,10,AQI,胶州,125.0
20170124,10,PM2.5,胶州,95.0
20170124,10,PM2.5_24h,胶州,50.0
20170124,10,PM10,胶州,133.0
20170124,10,PM10_24h,胶州,70.0
20170124,10,SO2,胶州,81.0
20170124,10,SO2_24h,胶州,38.0
20170124,10,NO2,胶州,64.0
20170124,10,NO2_24h,胶州,57.0
20170124,10,O3,胶州,14.0
20170124,10,O3_24h,胶州,94.0
20170124,10,O3_8h,胶州,7.0
20170124,10,O3_8h_24h,胶州,7.0
20170124,10,CO,胶州,2.2
20170124,10,CO_24h,胶州,1.6
20170124,11,AQI,胶州,120.0
20170124,11,PM2.5,胶州,91.0
20170124,11,PM2.5_24h,胶州,53.0
20170124,11,PM10,胶州,120.0
20170124,11,PM10_24h,胶州,74.0
20170124,11,SO2,胶州,73.0
20170124,11,SO2_24h,胶州,39.0
20170124,11,NO2,胶州,63.0
20170124,11,NO2_24h,胶州,58.0
20170124,11,O3,胶州,24.0
20170124,11,O3_24h,胶州,94.0
20170124,11,O3_8h,胶州,10.0
20170124,11,O3_8h_24h,胶州,10.0
20170124,11,CO,胶州,1.8
20170124,11,CO_24h,胶州,1.6
20170124,12,AQI,胶州,109.0
20170124,12,PM2.5,胶州,82.0
20170124,12,PM2.5_24h,胶州,55.0
20170124,12,PM10,胶州,115.0
20170124,12,PM10_24h,胶州,77.0
20170124,12,SO2,胶州,56.0
20170124,12,SO2_24h,胶州,40.0
20170124,12,NO2,胶州,45.0
20170124,12,NO2_24h,胶州,59.0
20170124,12,O3,胶州,51.0
20170124,12,O3_24h,胶州,94.0
20170124,12,O3_8h,胶州,15.0
20170124,12,O3_8h_24h,胶州,15.0
20170124,12,CO,胶州,1.25
20170124,12,CO_24h,胶州,1.65
20170124,13,AQI,胶州,91.0
20170124,13,PM2.5,胶州,68.0
20170124,13,PM2.5_24h,胶州,57.0
20170124,13,PM10,胶州,94.0
20170124,13,PM10_24h,胶州,79.0
20170124,13,SO2,胶州,47.0
20170124,13,SO2_24h,胶州,41.0
20170124,13,NO2,胶州,40.0
20170124,13,NO2_24h,胶州,60.0
20170124,13,O3,胶州,64.0
20170124,13,O3_24h,胶州,94.0
20170124,13,O3_8h,胶州,23.0
20170124,13,O3_8h_24h,胶州,23.0
20170124,13,CO,胶州,1.2
20170124,13,CO_24h,胶州,1.65
20170124,14,AQI,胶州,88.0
20170124,14,PM2.5,胶州,65.0
20170124,14,PM2.5_24h,胶州,59.0
20170124,14,PM10,胶州,93.0
20170124,14,PM10_24h,胶州,82.0
20170124,14,SO2,胶州,52.0
20170124,14,SO2_24h,胶州,43.0
20170124,14,NO2,胶州,44.0
20170124,14,NO2_24h,胶州,61.0
20170124,14,O3,胶州,68.0
20170124,14,O3_24h,胶州,94.0
20170124,14,O3_8h,胶州,30.0
20170124,14,O3_8h_24h,胶州,30.0
20170124,14,CO,胶州,1.2
20170124,14,CO_24h,胶州,1.7
20170124,15,AQI,胶州,93.0
20170124,15,PM2.5,胶州,69.0
20170124,15,PM2.5_24h,胶州,61.0
20170124,15,PM10,胶州,96.0
20170124,15,PM10_24h,胶州,85.0
20170124,15,SO2,胶州,49.0
20170124,15,SO2_24h,胶州,44.0
20170124,15,NO2,胶州,46.0
20170124,15,NO2_24h,胶州,63.0
20170124,15,O3,胶州,71.0
20170124,15,O3_24h,胶州,78.0
20170124,15,O3_8h,胶州,39.0
20170124,15,O3_8h_24h,胶州,39.0
20170124,15,CO,胶州,1.25
20170124,15,CO_24h,胶州,1.75
20170124,16,AQI,胶州,100.0
20170124,16,PM2.5,胶州,75.0
20170124,16,PM2.5_24h,胶州,63.0
20170124,16,PM10,胶州,102.0
20170124,16,PM10_24h,胶州,88.0
20170124,16,SO2,胶州,55.0
20170124,16,SO2_24h,胶州,46.0
20170124,16,NO2,胶州,54.0
20170124,16,NO2_24h,胶州,63.0
20170124,16,O3,胶州,63.0
20170124,16,O3_24h,胶州,74.0
20170124,16,O3_8h,胶州,46.0
20170124,16,O3_8h_24h,胶州,46.0
20170124,16,CO,胶州,1.25
20170124,16,CO_24h,胶州,1.75
20170124,17,AQI,胶州,103.0
20170124,17,PM2.5,胶州,77.0
20170124,17,PM2.5_24h,胶州,65.0
20170124,17,PM10,胶州,105.0
20170124,17,PM10_24h,胶州,90.0
20170124,17,SO2,胶州,40.0
20170124,17,SO2_24h,胶州,46.0
20170124,17,NO2,胶州,71.0
20170124,17,NO2_24h,胶州,65.0
20170124,17,O3,胶州,39.0
20170124,17,O3_24h,胶州,74.0
20170124,17,O3_8h,胶州,49.0
20170124,17,O3_8h_24h,胶州,49.0
20170124,17,CO,胶州,1.3
20170124,17,CO_24h,胶州,1.75
20170124,18,AQI,胶州,104.0
20170124,18,PM2.5,胶州,78.0
20170124,18,PM2.5_24h,胶州,68.0
20170124,18,PM10,胶州,108.0
20170124,18,PM10_24h,胶州,93.0
20170124,18,SO2,胶州,44.0
20170124,18,SO2_24h,胶州,47.0
20170124,18,NO2,胶州,92.0
20170124,18,NO2_24h,胶州,67.0
20170124,18,O3,胶州,18.0
20170124,18,O3_24h,胶州,74.0
20170124,18,O3_8h,胶州,50.0
20170124,18,O3_8h_24h,胶州,50.0
20170124,18,CO,胶州,1.5
20170124,18,CO_24h,胶州,1.8
20170124,19,AQI,胶州,109.0
20170124,19,PM2.5,胶州,82.0
20170124,19,PM2.5_24h,胶州,70.0
20170124,19,PM10,胶州,119.0
20170124,19,PM10_24h,胶州,96.0
20170124,19,SO2,胶州,51.0
20170124,19,SO2_24h,胶州,48.0
20170124,19,NO2,胶州,94.0
20170124,19,NO2_24h,胶州,68.0
20170124,19,O3,胶州,13.0
20170124,19,O3_24h,胶州,74.0
20170124,19,O3_8h,胶州,48.0
20170124,19,O3_8h_24h,胶州,50.0
20170124,19,CO,胶州,1.5
20170124,19,CO_24h,胶州,1.85
20170124,20,AQI,胶州,109.0
20170124,20,PM2.5,胶州,82.0
20170124,20,PM2.5_24h,胶州,72.0
20170124,20,PM10,胶州,106.0
20170124,20,PM10_24h,胶州,98.0
20170124,20,SO2,胶州,49.0
20170124,20,SO2_24h,胶州,49.0
20170124,20,NO2,胶州,94.0
20170124,20,NO2_24h,胶州,68.0
20170124,20,O3,胶州,9.0
20170124,20,O3_24h,胶州,74.0
20170124,20,O3_8h,胶州,43.0
20170124,20,O3_8h_24h,胶州,50.0
20170124,20,CO,胶州,1.75
20170124,20,CO_24h,胶州,1.85
20170124,21,AQI,胶州,120.0
20170124,21,PM2.5,胶州,91.0
20170124,21,PM2.5_24h,胶州,74.0
20170124,21,PM10,胶州,126.0
20170124,21,PM10_24h,胶州,101.0
20170124,21,SO2,胶州,55.0
20170124,21,SO2_24h,胶州,49.0
20170124,21,NO2,胶州,93.0
20170124,21,NO2_24h,胶州,69.0
20170124,21,O3,胶州,7.0
20170124,21,O3_24h,胶州,74.0
20170124,21,O3_8h,胶州,36.0
20170124,21,O3_8h_24h,胶州,50.0
20170124,21,CO,胶州,2.15
20170124,21,CO_24h,胶州,1.95
20170124,22,AQI,胶州,143.0
20170124,22,PM2.5,胶州,109.0
20170124,22,PM2.5_24h,胶州,77.0
20170124,22,PM10,胶州,152.0
20170124,22,PM10_24h,胶州,106.0
20170124,22,SO2,胶州,79.0
20170124,22,SO2_24h,胶州,51.0
20170124,22,NO2,胶州,93.0
20170124,22,NO2_24h,胶州,69.0
20170124,22,O3,胶州,7.0
20170124,22,O3_24h,胶州,74.0
20170124,22,O3_8h,胶州,28.0
20170124,22,O3_8h_24h,胶州,50.0
20170124,22,CO,胶州,2.65
20170124,22,CO_24h,胶州,2.0
20170124,23,AQI,胶州,151.0
20170124,23,PM2.5,胶州,116.0
20170124,23,PM2.5_24h,胶州,80.0
20170124,23,PM10,胶州,148.0
20170124,23,PM10_24h,胶州,109.0
20170124,23,SO2,胶州,55.0
20170124,23,SO2_24h,胶州,52.0
20170124,23,NO2,胶州,91.0
20170124,23,NO2_24h,胶州,70.0
20170124,23,O3,胶州,6.0
20170124,23,O3_24h,胶州,74.0
20170124,23,O3_8h,胶州,20.0
20170124,23,O3_8h_24h,胶州,50.0
20170124,23,CO,胶州,2.3
20170124,23,CO_24h,胶州,2.0
20170124,0,AQI,莱西,171.0
20170124,0,PM2.5,莱西,130.0
20170124,0,PM2.5_24h,莱西,68.0
20170124,0,PM10,莱西,162.0
20170124,0,PM10_24h,莱西,89.0
20170124,0,SO2,莱西,68.0
20170124,0,SO2_24h,莱西,43.0
20170124,0,NO2,莱西,70.0
20170124,0,NO2_24h,莱西,44.0
20170124,0,O3,莱西,5.0
20170124,0,O3_24h,莱西,67.0
20170124,0,O3_8h,莱西,22.0
20170124,0,O3_8h_24h,莱西,55.0
20170124,0,CO,莱西,3.65
20170124,0,CO_24h,莱西,1.8
20170124,1,AQI,莱西,157.0
20170124,1,PM2.5,莱西,120.0
20170124,1,PM2.5_24h,莱西,71.0
20170124,1,PM10,莱西,148.0
20170124,1,PM10_24h,莱西,93.0
20170124,1,SO2,莱西,58.0
20170124,1,SO2_24h,莱西,44.0
20170124,1,NO2,莱西,66.0
20170124,1,NO2_24h,莱西,45.0
20170124,1,O3,莱西,4.0
20170124,1,O3_24h,莱西,67.0
20170124,1,O3_8h,莱西,4.0
20170124,1,O3_8h_24h,莱西,4.0
20170124,1,CO,莱西,3.55
20170124,1,CO_24h,莱西,1.9
20170124,2,AQI,莱西,180.0
20170124,2,PM2.5,莱西,136.0
20170124,2,PM2.5_24h,莱西,74.0
20170124,2,PM10,莱西,162.0
20170124,2,PM10_24h,莱西,97.0
20170124,2,SO2,莱西,53.0
20170124,2,SO2_24h,莱西,45.0
20170124,2,NO2,莱西,66.0
20170124,2,NO2_24h,莱西,46.0
20170124,2,O3,莱西,4.0
20170124,2,O3_24h,莱西,67.0
20170124,2,O3_8h,莱西,4.0
20170124,2,O3_8h_24h,莱西,4.0
20170124,2,CO,莱西,3.05
20170124,2,CO_24h,莱西,1.95
20170124,3,AQI,莱西,176.0
20170124,3,PM2.5,莱西,133.0
20170124,3,PM2.5_24h,莱西,77.0
20170124,3,PM10,莱西,164.0
20170124,3,PM10_24h,莱西,101.0
20170124,3,SO2,莱西,51.0
20170124,3,SO2_24h,莱西,46.0
20170124,3,NO2,莱西,59.0
20170124,3,NO2_24h,莱西,47.0
20170124,3,O3,莱西,3.0
20170124,3,O3_24h,莱西,67.0
20170124,3,O3_8h,莱西,4.0
20170124,3,O3_8h_24h,莱西,4.0
20170124,3,CO,莱西,3.0
20170124,3,CO_24h,莱西,2.0
20170124,4,AQI,莱西,159.0
20170124,4,PM2.5,莱西,121.0
20170124,4,PM2.5_24h,莱西,80.0
20170124,4,PM10,莱西,144.0
20170124,4,PM10_24h,莱西,105.0
20170124,4,SO2,莱西,52.0
20170124,4,SO2_24h,莱西,47.0
20170124,4,NO2,莱西,55.0
20170124,4,NO2_24h,莱西,48.0
20170124,4,O3,莱西,4.0
20170124,4,O3_24h,莱西,67.0
20170124,4,O3_8h,莱西,4.0
20170124,4,O3_8h_24h,莱西,4.0
20170124,4,CO,莱西,3.1
20170124,4,CO_24h,莱西,2.05
20170124,5,AQI,莱西,151.0
20170124,5,PM2.5,莱西,116.0
20170124,5,PM2.5_24h,莱西,84.0
20170124,5,PM10,莱西,142.0
20170124,5,PM10_24h,莱西,108.0
20170124,5,SO2,莱西,39.0
20170124,5,SO2_24h,莱西,48.0
20170124,5,NO2,莱西,50.0
20170124,5,NO2_24h,莱西,48.0
20170124,5,O3,莱西,4.0
20170124,5,O3_24h,莱西,67.0
20170124,5,O3_8h,莱西,4.0
20170124,5,O3_8h_24h,莱西,4.0
20170124,5,CO,莱西,2.65
20170124,5,CO_24h,莱西,2.05
20170124,6,AQI,莱西,130.0
20170124,6,PM2.5,莱西,99.0
20170124,6,PM2.5_24h,莱西,85.0
20170124,6,PM10,莱西,127.0
20170124,6,PM10_24h,莱西,110.0
20170124,6,SO2,莱西,41.0
20170124,6,SO2_24h,莱西,48.0
20170124,6,NO2,莱西,48.0
20170124,6,NO2_24h,莱西,48.0
20170124,6,O3,莱西,2.0
20170124,6,O3_24h,莱西,67.0
20170124,6,O3_8h,莱西,4.0
20170124,6,O3_8h_24h,莱西,4.0
20170124,6,CO,莱西,2.45
20170124,6,CO_24h,莱西,2.15
20170124,7,AQI,莱西,124.0
20170124,7,PM2.5,莱西,94.0
20170124,7,PM2.5_24h,莱西,86.0
20170124,7,PM10,莱西,113.0
20170124,7,PM10_24h,莱西,111.0
20170124,7,SO2,莱西,42.0
20170124,7,SO2_24h,莱西,49.0
20170124,7,NO2,莱西,46.0
20170124,7,NO2_24h,莱西,48.0
20170124,7,O3,莱西,9.0
20170124,7,O3_24h,莱西,67.0
20170124,7,O3_8h,莱西,5.0
20170124,7,O3_8h_24h,莱西,5.0
20170124,7,CO,莱西,2.05
20170124,7,CO_24h,莱西,2.15
20170124,8,AQI,莱西,111.0
20170124,8,PM2.5,莱西,84.0
20170124,8,PM2.5_24h,莱西,86.0
20170124,8,PM10,莱西,103.0
20170124,8,PM10_24h,莱西,110.0
20170124,8,SO2,莱西,53.0
20170124,8,SO2_24h,莱西,49.0
20170124,8,NO2,莱西,49.0
20170124,8,NO2_24h,莱西,48.0
20170124,8,O3,莱西,9.0
20170124,8,O3_24h,莱西,67.0
20170124,8,O3_8h,莱西,5.0
20170124,8,O3_8h_24h,莱西,5.0
20170124,8,CO,莱西,2.2
20170124,8,CO_24h,莱西,2.15
20170124,9,AQI,莱西,130.0
20170124,9,PM2.5,莱西,99.0
20170124,9,PM2.5_24h,莱西,84.0
20170124,9,PM10,莱西,128.0
20170124,9,PM10_24h,莱西,109.0
20170124,9,SO2,莱西,89.0
20170124,9,SO2_24h,莱西,49.0
20170124,9,NO2,莱西,53.0
20170124,9,NO2_24h,莱西,48.0
20170124,9,O3,莱西,11.0
20170124,9,O3_24h,莱西,67.0
20170124,9,O3_8h,莱西,6.0
20170124,9,O3_8h_24h,莱西,6.0
20170124,9,CO,莱西,2.7
20170124,9,CO_24h,莱西,2.1
20170124,10,AQI,莱西,154.0
20170124,10,PM2.5,莱西,118.0
20170124,10,PM2.5_24h,莱西,81.0
20170124,10,PM10,莱西,162.0
20170124,10,PM10_24h,莱西,105.0
20170124,10,SO2,莱西,92.0
20170124,10,SO2_24h,莱西,50.0
20170124,10,NO2,莱西,53.0
20170124,10,NO2_24h,莱西,47.0
20170124,10,O3,莱西,18.0
20170124,10,O3_24h,莱西,67.0
20170124,10,O3_8h,莱西,8.0
20170124,10,O3_8h_24h,莱西,8.0
20170124,10,CO,莱西,2.65
20170124,10,CO_24h,莱西,2.05
20170124,11,AQI,莱西,166.0
20170124,11,PM2.5,莱西,126.0
20170124,11,PM2.5_24h,莱西,83.0
20170124,11,PM10,莱西,172.0
20170124,11,PM10_24h,莱西,107.0
20170124,11,SO2,莱西,69.0
20170124,11,SO2_24h,莱西,50.0
20170124,11,NO2,莱西,46.0
20170124,11,NO2_24h,莱西,47.0
20170124,11,O3,莱西,33.0
20170124,11,O3_24h,莱西,67.0
20170124,11,O3_8h,莱西,12.0
20170124,11,O3_8h_24h,莱西,12.0
20170124,11,CO,莱西,2.1
20170124,11,CO_24h,莱西,2.15
20170124,12,AQI,莱西,161.0
20170124,12,PM2.5,莱西,123.0
20170124,12,PM2.5_24h,莱西,86.0
20170124,12,PM10,莱西,145.0
20170124,12,PM10_24h,莱西,110.0
20170124,12,SO2,莱西,43.0
20170124,12,SO2_24h,莱西,51.0
20170124,12,NO2,莱西,28.0
20170124,12,NO2_24h,莱西,48.0
20170124,12,O3,莱西,51.0
20170124,12,O3_24h,莱西,67.0
20170124,12,O3_8h,莱西,18.0
20170124,12,O3_8h_24h,莱西,18.0
20170124,12,CO,莱西,1.35
20170124,12,CO_24h,莱西,2.15
20170124,13,AQI,莱西,105.0
20170124,13,PM2.5,莱西,79.0
20170124,13,PM2.5_24h,莱西,88.0
20170124,13,PM10,莱西,111.0
20170124,13,PM10_24h,莱西,111.0
20170124,13,SO2,莱西,36.0
20170124,13,SO2_24h,莱西,51.0
20170124,13,NO2,莱西,25.0
20170124,13,NO2_24h,莱西,48.0
20170124,13,O3,莱西,62.0
20170124,13,O3_24h,莱西,67.0
20170124,13,O3_8h,莱西,26.0
20170124,13,O3_8h_24h,莱西,26.0
20170124,13,CO,莱西,1.15
20170124,13,CO_24h,莱西,2.15
20170124,14,AQI,莱西,94.0
20170124,14,PM2.5,莱西,70.0
20170124,14,PM2.5_24h,莱西,90.0
20170124,14,PM10,莱西,98.0
20170124,14,PM10_24h,莱西,114.0
20170124,14,SO2,莱西,39.0
20170124,14,SO2_24h,莱西,52.0
20170124,14,NO2,莱西,27.0
20170124,14,NO2_24h,莱西,49.0
20170124,14,O3,莱西,73.0
20170124,14,O3_24h,莱西,73.0
20170124,14,O3_8h,莱西,33.0
20170124,14,O3_8h_24h,莱西,33.0
20170124,14,CO,莱西,1.1
20170124,14,CO_24h,莱西,2.15
20170124,15,AQI,莱西,99.0
20170124,15,PM2.5,莱西,74.0
20170124,15,PM2.5_24h,莱西,92.0
20170124,15,PM10,莱西,102.0
20170124,15,PM10_24h,莱西,117.0
20170124,15,SO2,莱西,41.0
20170124,15,SO2_24h,莱西,53.0
20170124,15,NO2,莱西,30.0
20170124,15,NO2_24h,莱西,49.0
20170124,15,O3,莱西,81.0
20170124,15,O3_24h,莱西,81.0
20170124,15,O3_8h,莱西,42.0
20170124,15,O3_8h_24h,莱西,42.0
20170124,15,CO,莱西,1.1
20170124,15,CO_24h,莱西,2.2
20170124,16,AQI,莱西,95.0
20170124,16,PM2.5,莱西,71.0
20170124,16,PM2.5_24h,莱西,94.0
20170124,16,PM10,莱西,99.0
20170124,16,PM10_24h,莱西,120.0
20170124,16,SO2,莱西,40.0
20170124,16,SO2_24h,莱西,53.0
20170124,16,NO2,莱西,29.0
20170124,16,NO2_24h,莱西,50.0
20170124,16,O3,莱西,84.0
20170124,16,O3_24h,莱西,84.0
20170124,16,O3_8h,莱西,51.0
20170124,16,O3_8h_24h,莱西,51.0
20170124,16,CO,莱西,1.05
20170124,16,CO_24h,莱西,2.25
20170124,17,AQI,莱西,95.0
20170124,17,PM2.5,莱西,71.0
20170124,17,PM2.5_24h,莱西,96.0
20170124,17,PM10,莱西,104.0
20170124,17,PM10_24h,莱西,122.0
20170124,17,SO2,莱西,39.0
20170124,17,SO2_24h,莱西,54.0
20170124,17,NO2,莱西,35.0
20170124,17,NO2_24h,莱西,50.0
20170124,17,O3,莱西,77.0
20170124,17,O3_24h,莱西,84.0
20170124,17,O3_8h,莱西,60.0
20170124,17,O3_8h_24h,莱西,60.0
20170124,17,CO,莱西,1.15
20170124,17,CO_24h,莱西,2.25
20170124,18,AQI,莱西,104.0
20170124,18,PM2.5,莱西,78.0
20170124,18,PM2.5_24h,莱西,98.0
20170124,18,PM10,莱西,110.0
20170124,18,PM10_24h,莱西,125.0
20170124,18,SO2,莱西,47.0
20170124,18,SO2_24h,莱西,55.0
20170124,18,NO2,莱西,62.0
20170124,18,NO2_24h,莱西,51.0
20170124,18,O3,莱西,47.0
20170124,18,O3_24h,莱西,84.0
20170124,18,O3_8h,莱西,64.0
20170124,18,O3_8h_24h,莱西,64.0
20170124,18,CO,莱西,1.7
20170124,18,CO_24h,莱西,2.25
20170124,19,AQI,莱西,130.0
20170124,19,PM2.5,莱西,99.0
20170124,19,PM2.5_24h,莱西,99.0
20170124,19,PM10,莱西,138.0
20170124,19,PM10_24h,莱西,128.0
20170124,19,SO2,莱西,74.0
20170124,19,SO2_24h,莱西,55.0
20170124,19,NO2,莱西,89.0
20170124,19,NO2_24h,莱西,52.0
20170124,19,O3,莱西,25.0
20170124,19,O3_24h,莱西,84.0
20170124,19,O3_8h,莱西,63.0
20170124,19,O3_8h_24h,莱西,64.0
20170124,19,CO,莱西,2.55
20170124,19,CO_24h,莱西,2.25
20170124,20,AQI,莱西,184.0
20170124,20,PM2.5,莱西,139.0
20170124,20,PM2.5_24h,莱西,102.0
20170124,20,PM10,莱西,186.0
20170124,20,PM10_24h,莱西,131.0
20170124,20,SO2,莱西,113.0
20170124,20,SO2_24h,莱西,58.0
20170124,20,NO2,莱西,106.0
20170124,20,NO2_24h,莱西,54.0
20170124,20,O3,莱西,13.0
20170124,20,O3_24h,莱西,84.0
20170124,20,O3_8h,莱西,58.0
20170124,20,O3_8h_24h,莱西,64.0
20170124,20,CO,莱西,3.8
20170124,20,CO_24h,莱西,2.35
20170124,21,AQI,莱西,207.0
20170124,21,PM2.5,莱西,157.0
20170124,21,PM2.5_24h,莱西,105.0
20170124,21,PM10,莱西,223.0
20170124,21,PM10_24h,莱西,136.0
20170124,21,SO2,莱西,84.0
20170124,21,SO2_24h,莱西,59.0
20170124,21,NO2,莱西,95.0
20170124,21,NO2_24h,莱西,55.0
20170124,21,O3,莱西,15.0
20170124,21,O3_24h,莱西,84.0
20170124,21,O3_8h,莱西,52.0
20170124,21,O3_8h_24h,莱西,64.0
20170124,21,CO,莱西,3.35
20170124,21,CO_24h,莱西,2.4
20170124,22,AQI,莱西,224.0
20170124,22,PM2.5,莱西,174.0
20170124,22,PM2.5_24h,莱西,107.0
20170124,22,PM10,莱西,212.0
20170124,22,PM10_24h,莱西,141.0
20170124,22,SO2,莱西,79.0
20170124,22,SO2_24h,莱西,60.0
20170124,22,NO2,莱西,104.0
20170124,22,NO2_24h,莱西,57.0
20170124,22,O3,莱西,6.0
20170124,22,O3_24h,莱西,84.0
20170124,22,O3_8h,莱西,43.0
20170124,22,O3_8h_24h,莱西,64.0
20170124,22,CO,莱西,3.9
20170124,22,CO_24h,莱西,2.45
20170124,23,AQI,莱西,276.0
20170124,23,PM2.5,莱西,226.0
20170124,23,PM2.5_24h,莱西,110.0
20170124,23,PM10,莱西,246.0
20170124,23,PM10_24h,莱西,146.0
20170124,23,SO2,莱西,77.0
20170124,23,SO2_24h,莱西,59.0
20170124,23,NO2,莱西,83.0
20170124,23,NO2_24h,莱西,57.0
20170124,23,O3,莱西,7.0
20170124,23,O3_24h,莱西,84.0
20170124,23,O3_8h,莱西,34.0
20170124,23,O3_8h_24h,莱西,64.0
20170124,23,CO,莱西,4.1
20170124,23,CO_24h,莱西,2.45
20170124,0,AQI,平度,69.0
20170124,0,PM2.5,平度,50.0
20170124,0,PM2.5_24h,平度,43.0
20170124,0,PM10,平度,56.0
20170124,0,PM10_24h,平度,59.0
20170124,0,SO2,平度,26.0
20170124,0,SO2_24h,平度,30.0
20170124,0,NO2,平度,33.0
20170124,0,NO2_24h,平度,38.0
20170124,0,O3,平度,51.0
20170124,0,O3_24h,平度,72.0
20170124,0,O3_8h,平度,49.0
20170124,0,O3_8h_24h,平度,62.0
20170124,0,CO,平度,1.15
20170124,0,CO_24h,平度,1.5
20170124,1,AQI,平度,76.0
20170124,1,PM2.5,平度,56.0
20170124,1,PM2.5_24h,平度,44.0
20170124,1,PM10,平度,69.0
20170124,1,PM10_24h,平度,60.0
20170124,1,SO2,平度,24.0
20170124,1,SO2_24h,平度,30.0
20170124,1,NO2,平度,31.0
20170124,1,NO2_24h,平度,37.0
20170124,1,O3,平度,49.0
20170124,1,O3_24h,平度,72.0
20170124,1,O3_8h,平度,49.0
20170124,1,O3_8h_24h,平度,49.0
20170124,1,CO,平度,1.25
20170124,1,CO_24h,平度,1.5
20170124,2,AQI,平度,66.0
20170124,2,PM2.5,平度,48.0
20170124,2,PM2.5_24h,平度,45.0
20170124,2,PM10,平度,57.0
20170124,2,PM10_24h,平度,61.0
20170124,2,SO2,平度,28.0
20170124,2,SO2_24h,平度,30.0
20170124,2,NO2,平度,33.0
20170124,2,NO2_24h,平度,36.0
20170124,2,O3,平度,43.0
20170124,2,O3_24h,平度,72.0
20170124,2,O3_8h,平度,46.0
20170124,2,O3_8h_24h,平度,49.0
20170124,2,CO,平度,1.35
20170124,2,CO_24h,平度,1.45
20170124,3,AQI,平度,64.0
20170124,3,PM2.5,平度,46.0
20170124,3,PM2.5_24h,平度,45.0
20170124,3,PM10,平度,57.0
20170124,3,PM10_24h,平度,62.0
20170124,3,SO2,平度,27.0
20170124,3,SO2_24h,平度,30.0
20170124,3,NO2,平度,33.0
20170124,3,NO2_24h,平度,36.0
20170124,3,O3,平度,40.0
20170124,3,O3_24h,平度,72.0
20170124,3,O3_8h,平度,44.0
20170124,3,O3_8h_24h,平度,49.0
20170124,3,CO,平度,1.4
20170124,3,CO_24h,平度,1.45
20170124,4,AQI,平度,60.0
20170124,4,PM2.5,平度,43.0
20170124,4,PM2.5_24h,平度,46.0
20170124,4,PM10,平度,49.0
20170124,4,PM10_24h,平度,63.0
20170124,4,SO2,平度,26.0
20170124,4,SO2_24h,平度,30.0
20170124,4,NO2,平度,31.0
20170124,4,NO2_24h,平度,36.0
20170124,4,O3,平度,44.0
20170124,4,O3_24h,平度,72.0
20170124,4,O3_8h,平度,43.0
20170124,4,O3_8h_24h,平度,49.0
20170124,4,CO,平度,1.3
20170124,4,CO_24h,平度,1.45
20170124,5,AQI,平度,56.0
20170124,5,PM2.5,平度,40.0
20170124,5,PM2.5_24h,平度,46.0
20170124,5,PM10,平度,44.0
20170124,5,PM10_24h,平度,62.0
20170124,5,SO2,平度,24.0
20170124,5,SO2_24h,平度,30.0
20170124,5,NO2,平度,29.0
20170124,5,NO2_24h,平度,35.0
20170124,5,O3,平度,47.0
20170124,5,O3_24h,平度,72.0
20170124,5,O3_8h,平度,45.0
20170124,5,O3_8h_24h,平度,49.0
20170124,5,CO,平度,1.25
20170124,5,CO_24h,平度,1.45
20170124,6,AQI,平度,63.0
20170124,6,PM2.5,平度,45.0
20170124,6,PM2.5_24h,平度,46.0
20170124,6,PM10,平度,49.0
20170124,6,PM10_24h,平度,62.0
20170124,6,SO2,平度,24.0
20170124,6,SO2_24h,平度,31.0
20170124,6,NO2,平度,30.0
20170124,6,NO2_24h,平度,34.0
20170124,6,O3,平度,47.0
20170124,6,O3_24h,平度,72.0
20170124,6,O3_8h,平度,44.0
20170124,6,O3_8h_24h,平度,49.0
20170124,6,CO,平度,1.2
20170124,6,CO_24h,平度,1.35
20170124,7,AQI,平度,66.0
20170124,7,PM2.5,平度,48.0
20170124,7,PM2.5_24h,平度,46.0
20170124,7,PM10,平度,52.0
20170124,7,PM10_24h,平度,62.0
20170124,7,SO2,平度,28.0
20170124,7,SO2_24h,平度,31.0
20170124,7,NO2,平度,44.0
20170124,7,NO2_24h,平度,35.0
20170124,7,O3,平度,33.0
20170124,7,O3_24h,平度,72.0
20170124,7,O3_8h,平度,43.0
20170124,7,O3_8h_24h,平度,49.0
20170124,7,CO,平度,1.25
20170124,7,CO_24h,平度,1.35
20170124,8,AQI,平度,73.0
20170124,8,PM2.5,平度,53.0
20170124,8,PM2.5_24h,平度,46.0
20170124,8,PM10,平度,65.0
20170124,8,PM10_24h,平度,60.0
20170124,8,SO2,平度,30.0
20170124,8,SO2_24h,平度,30.0
20170124,8,NO2,平度,42.0
20170124,8,NO2_24h,平度,34.0
20170124,8,O3,平度,39.0
20170124,8,O3_24h,平度,72.0
20170124,8,O3_8h,平度,42.0
20170124,8,O3_8h_24h,平度,49.0
20170124,8,CO,平度,1.25
20170124,8,CO_24h,平度,1.35
20170124,9,AQI,平度,57.0
20170124,9,PM2.5,平度,38.0
20170124,9,PM2.5_24h,平度,44.0
20170124,9,PM10,平度,63.0
20170124,9,PM10_24h,平度,58.0
20170124,9,SO2,平度,30.0
20170124,9,SO2_24h,平度,29.0
20170124,9,NO2,平度,35.0
20170124,9,NO2_24h,平度,33.0
20170124,9,O3,平度,49.0
20170124,9,O3_24h,平度,72.0
20170124,9,O3_8h,平度,43.0
20170124,9,O3_8h_24h,平度,49.0
20170124,9,CO,平度,1.3
20170124,9,CO_24h,平度,1.25
20170124,10,AQI,平度,57.0
20170124,10,PM2.5,平度,35.0
20170124,10,PM2.5_24h,平度,43.0
20170124,10,PM10,平度,63.0
20170124,10,PM10_24h,平度,55.0
20170124,10,SO2,平度,30.0
20170124,10,SO2_24h,平度,28.0
20170124,10,NO2,平度,24.0
20170124,10,NO2_24h,平度,33.0
20170124,10,O3,平度,62.0
20170124,10,O3_24h,平度,72.0
20170124,10,O3_8h,平度,45.0
20170124,10,O3_8h_24h,平度,49.0
20170124,10,CO,平度,1.25
20170124,10,CO_24h,平度,1.25
20170124,11,AQI,平度,57.0
20170124,11,PM2.5,平度,36.0
20170124,11,PM2.5_24h,平度,42.0
20170124,11,PM10,平度,64.0
20170124,11,PM10_24h,平度,55.0
20170124,11,SO2,平度,29.0
20170124,11,SO2_24h,平度,28.0
20170124,11,NO2,平度,21.0
20170124,11,NO2_24h,平度,32.0
20170124,11,O3,平度,68.0
20170124,11,O3_24h,平度,72.0
20170124,11,O3_8h,平度,49.0
20170124,11,O3_8h_24h,平度,50.0
20170124,11,CO,平度,1.25
20170124,11,CO_24h,平度,1.2
20170124,12,AQI,平度,63.0
20170124,12,PM2.5,平度,45.0
20170124,12,PM2.5_24h,平度,43.0
20170124,12,PM10,平度,69.0
20170124,12,PM10_24h,平度,56.0
20170124,12,SO2,平度,28.0
20170124,12,SO2_24h,平度,27.0
20170124,12,NO2,平度,19.0
20170124,12,NO2_24h,平度,32.0
20170124,12,O3,平度,77.0
20170124,12,O3_24h,平度,77.0
20170124,12,O3_8h,平度,53.0
20170124,12,O3_8h_24h,平度,53.0
20170124,12,CO,平度,1.3
20170124,12,CO_24h,平度,1.25
20170124,13,AQI,平度,69.0
20170124,13,PM2.5,平度,50.0
20170124,13,PM2.5_24h,平度,44.0
20170124,13,PM10,平度,73.0
20170124,13,PM10_24h,平度,57.0
20170124,13,SO2,平度,27.0
20170124,13,SO2_24h,平度,27.0
20170124,13,NO2,平度,18.0
20170124,13,NO2_24h,平度,32.0
20170124,13,O3,平度,86.0
20170124,13,O3_24h,平度,86.0
20170124,13,O3_8h,平度,58.0
20170124,13,O3_8h_24h,平度,58.0
20170124,13,CO,平度,1.25
20170124,13,CO_24h,平度,1.25
20170124,14,AQI,平度,66.0
20170124,14,PM2.5,平度,48.0
20170124,14,PM2.5_24h,平度,45.0
20170124,14,PM10,平度,74.0
20170124,14,PM10_24h,平度,58.0
20170124,14,SO2,平度,28.0
20170124,14,SO2_24h,平度,27.0
20170124,14,NO2,平度,20.0
20170124,14,NO2_24h,平度,32.0
20170124,14,O3,平度,90.0
20170124,14,O3_24h,平度,90.0
20170124,14,O3_8h,平度,63.0
20170124,14,O3_8h_24h,平度,63.0
20170124,14,CO,平度,1.2
20170124,14,CO_24h,平度,1.25
20170124,15,AQI,平度,74.0
20170124,15,PM2.5,平度,54.0
20170124,15,PM2.5_24h,平度,46.0
20170124,15,PM10,平度,89.0
20170124,15,PM10_24h,平度,60.0
20170124,15,SO2,平度,31.0
20170124,15,SO2_24h,平度,27.0
20170124,15,NO2,平度,29.0
20170124,15,NO2_24h,平度,32.0
20170124,15,O3,平度,86.0
20170124,15,O3_24h,平度,90.0
20170124,15,O3_8h,平度,70.0
20170124,15,O3_8h_24h,平度,70.0
20170124,15,CO,平度,1.25
20170124,15,CO_24h,平度,1.25
20170124,16,AQI,平度,95.0
20170124,16,PM2.5,平度,71.0
20170124,16,PM2.5_24h,平度,47.0
20170124,16,PM10,平度,96.0
20170124,16,PM10_24h,平度,63.0
20170124,16,SO2,平度,33.0
20170124,16,SO2_24h,平度,28.0
20170124,16,NO2,平度,34.0
20170124,16,NO2_24h,平度,33.0
20170124,16,O3,平度,84.0
20170124,16,O3_24h,平度,90.0
20170124,16,O3_8h,平度,76.0
20170124,16,O3_8h_24h,平度,76.0
20170124,16,CO,平度,1.25
20170124,16,CO_24h,平度,1.25
20170124,17,AQI,平度,96.0
20170124,17,PM2.5,平度,72.0
20170124,17,PM2.5_24h,平度,49.0
20170124,17,PM10,平度,102.0
20170124,17,PM10_24h,平度,65.0
20170124,17,SO2,平度,35.0
20170124,17,SO2_24h,平度,28.0
20170124,17,NO2,平度,49.0
20170124,17,NO2_24h,平度,34.0
20170124,17,O3,平度,70.0
20170124,17,O3_24h,平度,90.0
20170124,17,O3_8h,平度,78.0
20170124,17,O3_8h_24h,平度,78.0
20170124,17,CO,平度,1.45
20170124,17,CO_24h,平度,1.25
20170124,18,AQI,平度,143.0
20170124,18,PM2.5,平度,109.0
20170124,18,PM2.5_24h,平度,52.0
20170124,18,PM10,平度,133.0
20170124,18,PM10_24h,平度,69.0
20170124,18,SO2,平度,40.0
20170124,18,SO2_24h,平度,29.0
20170124,18,NO2,平度,70.0
20170124,18,NO2_24h,平度,34.0
20170124,18,O3,平度,50.0
20170124,18,O3_24h,平度,90.0
20170124,18,O3_8h,平度,76.0
20170124,18,O3_8h_24h,平度,78.0
20170124,18,CO,平度,1.65
20170124,18,CO_24h,平度,1.3
20170124,19,AQI,平度,184.0
20170124,19,PM2.5,平度,139.0
20170124,19,PM2.5_24h,平度,56.0
20170124,19,PM10,平度,131.0
20170124,19,PM10_24h,平度,71.0
20170124,19,SO2,平度,63.0
20170124,19,SO2_24h,平度,30.0
20170124,19,NO2,平度,101.0
20170124,19,NO2_24h,平度,37.0
20170124,19,O3,平度,16.0
20170124,19,O3_24h,平度,90.0
20170124,19,O3_8h,平度,70.0
20170124,19,O3_8h_24h,平度,78.0
20170124,19,CO,平度,1.9
20170124,19,CO_24h,平度,1.3
20170124,20,AQI,平度,206.0
20170124,20,PM2.5,平度,156.0
20170124,20,PM2.5_24h,平度,61.0
20170124,20,PM10,平度,215.0
20170124,20,PM10_24h,平度,74.0
20170124,20,SO2,平度,48.0
20170124,20,SO2_24h,平度,31.0
20170124,20,NO2,平度,82.0
20170124,20,NO2_24h,平度,38.0
20170124,20,O3,平度,17.0
20170124,20,O3_24h,平度,90.0
20170124,20,O3_8h,平度,62.0
20170124,20,O3_8h_24h,平度,78.0
20170124,20,CO,平度,2.35
20170124,20,CO_24h,平度,1.35
20170124,21,AQI,平度,177.0
20170124,21,PM2.5,平度,134.0
20170124,21,PM2.5_24h,平度,64.0
20170124,21,PM10,平度,163.0
20170124,21,PM10_24h,平度,78.0
20170124,21,SO2,平度,44.0
20170124,21,SO2_24h,平度,31.0
20170124,21,NO2,平度,73.0
20170124,21,NO2_24h,平度,39.0
20170124,21,O3,平度,20.0
20170124,21,O3_24h,平度,90.0
20170124,21,O3_8h,平度,54.0
20170124,21,O3_8h_24h,平度,78.0
20170124,21,CO,平度,2.25
20170124,21,CO_24h,平度,1.4
20170124,22,AQI,平度,146.0
20170124,22,PM2.5,平度,112.0
20170124,22,PM2.5_24h,平度,66.0
20170124,22,PM10,平度,149.0
20170124,22,PM10_24h,平度,81.0
20170124,22,SO2,平度,37.0
20170124,22,SO2_24h,平度,32.0
20170124,22,NO2,平度,55.0
20170124,22,NO2_24h,平度,40.0
20170124,22,O3,平度,34.0
20170124,22,O3_24h,平度,90.0
20170124,22,O3_8h,平度,47.0
20170124,22,O3_8h_24h,平度,78.0
20170124,22,CO,平度,2.1
20170124,22,CO_24h,平度,1.45
20170124,23,AQI,平度,129.0
20170124,23,PM2.5,平度,98.0
20170124,23,PM2.5_24h,平度,68.0
20170124,23,PM10,平度,131.0
20170124,23,PM10_24h,平度,84.0
20170124,23,SO2,平度,39.0
20170124,23,SO2_24h,平度,33.0
20170124,23,NO2,平度,57.0
20170124,23,NO2_24h,平度,41.0
20170124,23,O3,平度,30.0
20170124,23,O3_24h,平度,90.0
20170124,23,O3_8h,平度,40.0
20170124,23,O3_8h_24h,平度,78.0
20170124,23,CO,平度,2.15
20170124,23,CO_24h,平度,1.45
20170124,0,AQI,蓬莱,83.0
20170124,0,PM2.5,蓬莱,61.0
20170124,0,PM2.5_24h,蓬莱,41.0
20170124,0,PM10,蓬莱,83.0
20170124,0,PM10_24h,蓬莱,55.0
20170124,0,SO2,蓬莱,26.0
20170124,0,SO2_24h,蓬莱,28.0
20170124,0,NO2,蓬莱,29.0
20170124,0,NO2_24h,蓬莱,31.0
20170124,0,O3,蓬莱,36.0
20170124,0,O3_24h,蓬莱,65.0
20170124,0,O3_8h,蓬莱,36.0
20170124,0,O3_8h_24h,蓬莱,54.0
20170124,0,CO,蓬莱,2.65
20170124,0,CO_24h,蓬莱,2.0
20170124,1,AQI,蓬莱,73.0
20170124,1,PM2.5,蓬莱,53.0
20170124,1,PM2.5_24h,蓬莱,43.0
20170124,1,PM10,蓬莱,68.0
20170124,1,PM10_24h,蓬莱,57.0
20170124,1,SO2,蓬莱,21.0
20170124,1,SO2_24h,蓬莱,28.0
20170124,1,NO2,蓬莱,26.0
20170124,1,NO2_24h,蓬莱,32.0
20170124,1,O3,蓬莱,40.0
20170124,1,O3_24h,蓬莱,65.0
20170124,1,O3_8h,蓬莱,40.0
20170124,1,O3_8h_24h,蓬莱,40.0
20170124,1,CO,蓬莱,2.35
20170124,1,CO_24h,蓬莱,2.0
20170124,2,AQI,蓬莱,74.0
20170124,2,PM2.5,蓬莱,54.0
20170124,2,PM2.5_24h,蓬莱,45.0
20170124,2,PM10,蓬莱,58.0
20170124,2,PM10_24h,蓬莱,60.0
20170124,2,SO2,蓬莱,22.0
20170124,2,SO2_24h,蓬莱,29.0
20170124,2,NO2,蓬莱,28.0
20170124,2,NO2_24h,蓬莱,33.0
20170124,2,O3,蓬莱,33.0
20170124,2,O3_24h,蓬莱,63.0
20170124,2,O3_8h,蓬莱,36.0
20170124,2,O3_8h_24h,蓬莱,40.0
20170124,2,CO,蓬莱,2.95
20170124,2,CO_24h,蓬莱,2.1
20170124,3,AQI,蓬莱,83.0
20170124,3,PM2.5,蓬莱,61.0
20170124,3,PM2.5_24h,蓬莱,46.0
20170124,3,PM10,蓬莱,69.0
20170124,3,PM10_24h,蓬莱,62.0
20170124,3,SO2,蓬莱,21.0
20170124,3,SO2_24h,蓬莱,29.0
20170124,3,NO2,蓬莱,36.0
20170124,3,NO2_24h,蓬莱,34.0
20170124,3,O3,蓬莱,28.0
20170124,3,O3_24h,蓬莱,62.0
20170124,3,O3_8h,蓬莱,34.0
20170124,3,O3_8h_24h,蓬莱,40.0
20170124,3,CO,蓬莱,2.95
20170124,3,CO_24h,蓬莱,2.15
20170124,4,AQI,蓬莱,78.0
20170124,4,PM2.5,蓬莱,57.0
20170124,4,PM2.5_24h,蓬莱,48.0
20170124,4,PM10,蓬莱,67.0
20170124,4,PM10_24h,蓬莱,65.0
20170124,4,SO2,蓬莱,23.0
20170124,4,SO2_24h,蓬莱,30.0
20170124,4,NO2,蓬莱,29.0
20170124,4,NO2_24h,蓬莱,35.0
20170124,4,O3,蓬莱,27.0
20170124,4,O3_24h,蓬莱,60.0
20170124,4,O3_8h,蓬莱,32.0
20170124,4,O3_8h_24h,蓬莱,40.0
20170124,4,CO,蓬莱,3.3
20170124,4,CO_24h,蓬莱,2.25
20170124,5,AQI,蓬莱,79.0
20170124,5,PM2.5,蓬莱,58.0
20170124,5,PM2.5_24h,蓬莱,50.0
20170124,5,PM10,蓬莱,76.0
20170124,5,PM10_24h,蓬莱,68.0
20170124,5,SO2,蓬莱,22.0
20170124,5,SO2_24h,蓬莱,30.0
20170124,5,NO2,蓬莱,33.0
20170124,5,NO2_24h,蓬莱,35.0
20170124,5,O3,蓬莱,22.0
20170124,5,O3_24h,蓬莱,60.0
20170124,5,O3_8h,蓬莱,30.0
20170124,5,O3_8h_24h,蓬莱,40.0
20170124,5,CO,蓬莱,3.3
20170124,5,CO_24h,蓬莱,2.25
20170124,6,AQI,蓬莱,93.0
20170124,6,PM2.5,蓬莱,69.0
20170124,6,PM2.5_24h,蓬莱,52.0
20170124,6,PM10,蓬莱,83.0
20170124,6,PM10_24h,蓬莱,69.0
20170124,6,SO2,蓬莱,23.0
20170124,6,SO2_24h,蓬莱,30.0
20170124,6,NO2,蓬莱,41.0
20170124,6,NO2_24h,蓬莱,36.0
20170124,6,O3,蓬莱,20.0
20170124,6,O3_24h,蓬莱,60.0
20170124,6,O3_8h,蓬莱,28.0
20170124,6,O3_8h_24h,蓬莱,40.0
20170124,6,CO,蓬莱,3.3
20170124,6,CO_24h,蓬莱,2.35
20170124,7,AQI,蓬莱,111.0
20170124,7,PM2.5,蓬莱,84.0
20170124,7,PM2.5_24h,蓬莱,54.0
20170124,7,PM10,蓬莱,80.0
20170124,7,PM10_24h,蓬莱,70.0
20170124,7,SO2,蓬莱,25.0
20170124,7,SO2_24h,蓬莱,30.0
20170124,7,NO2,蓬莱,40.0
20170124,7,NO2_24h,蓬莱,36.0
20170124,7,O3,蓬莱,8.0
20170124,7,O3_24h,蓬莱,60.0
20170124,7,O3_8h,蓬莱,25.0
20170124,7,O3_8h_24h,蓬莱,40.0
20170124,7,CO,蓬莱,4.1
20170124,7,CO_24h,蓬莱,2.45
20170124,8,AQI,蓬莱,118.0
20170124,8,PM2.5,蓬莱,89.0
20170124,8,PM2.5_24h,蓬莱,56.0
20170124,8,PM10,蓬莱,130.0
20170124,8,PM10_24h,蓬莱,73.0
20170124,8,SO2,蓬莱,24.0
20170124,8,SO2_24h,蓬莱,29.0
20170124,8,NO2,蓬莱,45.0
20170124,8,NO2_24h,蓬莱,35.0
20170124,8,O3,蓬莱,11.0
20170124,8,O3_24h,蓬莱,60.0
20170124,8,O3_8h,蓬莱,24.0
20170124,8,O3_8h_24h,蓬莱,40.0
20170124,8,CO,蓬莱,4.0
20170124,8,CO_24h,蓬莱,2.5
20170124,9,AQI,蓬莱,116.0
20170124,9,PM2.5,蓬莱,88.0
20170124,9,PM2.5_24h,蓬莱,57.0
20170124,9,PM10,蓬莱,134.0
20170124,9,PM10_24h,蓬莱,75.0
20170124,9,SO2,蓬莱,27.0
20170124,9,SO2_24h,蓬莱,28.0
20170124,9,NO2,蓬莱,46.0
20170124,9,NO2_24h,蓬莱,34.0
20170124,9,O3,蓬莱,21.0
20170124,9,O3_24h,蓬莱,60.0
20170124,9,O3_8h,蓬莱,22.0
20170124,9,O3_8h_24h,蓬莱,40.0
20170124,9,CO,蓬莱,3.4
20170124,9,CO_24h,蓬莱,2.55
20170124,10,AQI,蓬莱,124.0
20170124,10,PM2.5,蓬莱,94.0
20170124,10,PM2.5_24h,蓬莱,59.0
20170124,10,PM10,蓬莱,125.0
20170124,10,PM10_24h,蓬莱,77.0
20170124,10,SO2,蓬莱,24.0
20170124,10,SO2_24h,蓬莱,28.0
20170124,10,NO2,蓬莱,35.0
20170124,10,NO2_24h,蓬莱,35.0
20170124,10,O3,蓬莱,45.0
20170124,10,O3_24h,蓬莱,60.0
20170124,10,O3_8h,蓬莱,23.0
20170124,10,O3_8h_24h,蓬莱,40.0
20170124,10,CO,蓬莱,1.85
20170124,10,CO_24h,蓬莱,2.55
20170124,11,AQI,蓬莱,61.0
20170124,11,PM2.5,蓬莱,44.0
20170124,11,PM2.5_24h,蓬莱,59.0
20170124,11,PM10,蓬莱,48.0
20170124,11,PM10_24h,蓬莱,77.0
20170124,11,SO2,蓬莱,16.0
20170124,11,SO2_24h,蓬莱,27.0
20170124,11,NO2,蓬莱,16.0
20170124,11,NO2_24h,蓬莱,34.0
20170124,11,O3,蓬莱,61.0
20170124,11,O3_24h,蓬莱,61.0
20170124,11,O3_8h,蓬莱,27.0
20170124,11,O3_8h_24h,蓬莱,40.0
20170124,11,CO,蓬莱,1.25
20170124,11,CO_24h,蓬莱,2.55
20170124,12,AQI,蓬莱,29.0
20170124,12,PM2.5,蓬莱,20.0
20170124,12,PM2.5_24h,蓬莱,59.0
20170124,12,PM10,蓬莱,28.0
20170124,12,PM10_24h,蓬莱,78.0
20170124,12,SO2,蓬莱,15.0
20170124,12,SO2_24h,蓬莱,26.0
20170124,12,NO2,蓬莱,12.0
20170124,12,NO2_24h,蓬莱,34.0
20170124,12,O3,蓬莱,66.0
20170124,12,O3_24h,蓬莱,66.0
20170124,12,O3_8h,蓬莱,32.0
20170124,12,O3_8h_24h,蓬莱,40.0
20170124,12,CO,蓬莱,1.15
20170124,12,CO_24h,蓬莱,2.5
20170124,13,AQI,蓬莱,30.0
20170124,13,PM2.5,蓬莱,16.0
20170124,13,PM2.5_24h,蓬莱,59.0
20170124,13,PM10,蓬莱,30.0
20170124,13,PM10_24h,蓬莱,77.0
20170124,13,SO2,蓬莱,15.0
20170124,13,SO2_24h,蓬莱,26.0
20170124,13,NO2,蓬莱,13.0
20170124,13,NO2_24h,蓬莱,33.0
20170124,13,O3,蓬莱,68.0
20170124,13,O3_24h,蓬莱,68.0
20170124,13,O3_8h,蓬莱,38.0
20170124,13,O3_8h_24h,蓬莱,41.0
20170124,13,CO,蓬莱,1.1
20170124,13,CO_24h,蓬莱,2.45
20170124,14,AQI,蓬莱,23.0
20170124,14,PM2.5,蓬莱,11.0
20170124,14,PM2.5_24h,蓬莱,58.0
20170124,14,PM10,蓬莱,23.0
20170124,14,PM10_24h,蓬莱,76.0
20170124,14,SO2,蓬莱,14.0
20170124,14,SO2_24h,蓬莱,26.0
20170124,14,NO2,蓬莱,15.0
20170124,14,NO2_24h,蓬莱,33.0
20170124,14,O3,蓬莱,69.0
20170124,14,O3_24h,蓬莱,69.0
20170124,14,O3_8h,蓬莱,44.0
20170124,14,O3_8h_24h,蓬莱,44.0
20170124,14,CO,蓬莱,1.05
20170124,14,CO_24h,蓬莱,2.45
20170124,15,AQI,蓬莱,21.0
20170124,15,PM2.5,蓬莱,14.0
20170124,15,PM2.5_24h,蓬莱,58.0
20170124,15,PM10,蓬莱,21.0
20170124,15,PM10_24h,蓬莱,77.0
20170124,15,SO2,蓬莱,15.0
20170124,15,SO2_24h,蓬莱,26.0
20170124,15,NO2,蓬莱,18.0
20170124,15,NO2_24h,蓬莱,33.0
20170124,15,O3,蓬莱,67.0
20170124,15,O3_24h,蓬莱,69.0
20170124,15,O3_8h,蓬莱,51.0
20170124,15,O3_8h_24h,蓬莱,51.0
20170124,15,CO,蓬莱,1.1
20170124,15,CO_24h,蓬莱,2.45
20170124,16,AQI,蓬莱,21.0
20170124,16,PM2.5,蓬莱,11.0
20170124,16,PM2.5_24h,蓬莱,57.0
20170124,16,PM10,蓬莱,21.0
20170124,16,PM10_24h,蓬莱,76.0
20170124,16,SO2,蓬莱,14.0
20170124,16,SO2_24h,蓬莱,26.0
20170124,16,NO2,蓬莱,15.0
20170124,16,NO2_24h,蓬莱,32.0
20170124,16,O3,蓬莱,68.0
20170124,16,O3_24h,蓬莱,69.0
20170124,16,O3_8h,蓬莱,58.0
20170124,16,O3_8h_24h,蓬莱,58.0
20170124,16,CO,蓬莱,1.05
20170124,16,CO_24h,蓬莱,2.45
20170124,17,AQI,蓬莱,26.0
20170124,17,PM2.5,蓬莱,15.0
20170124,17,PM2.5_24h,蓬莱,56.0
20170124,17,PM10,蓬莱,26.0
20170124,17,PM10_24h,蓬莱,75.0
20170124,17,SO2,蓬莱,15.0
20170124,17,SO2_24h,蓬莱,26.0
20170124,17,NO2,蓬莱,16.0
20170124,17,NO2_24h,蓬莱,31.0
20170124,17,O3,蓬莱,66.0
20170124,17,O3_24h,蓬莱,70.0
20170124,17,O3_8h,蓬莱,64.0
20170124,17,O3_8h_24h,蓬莱,64.0
20170124,17,CO,蓬莱,1.1
20170124,17,CO_24h,蓬莱,2.35
20170124,18,AQI,蓬莱,27.0
20170124,18,PM2.5,蓬莱,18.0
20170124,18,PM2.5_24h,蓬莱,55.0
20170124,18,PM10,蓬莱,27.0
20170124,18,PM10_24h,蓬莱,73.0
20170124,18,SO2,蓬莱,15.0
20170124,18,SO2_24h,蓬莱,25.0
20170124,18,NO2,蓬莱,28.0
20170124,18,NO2_24h,蓬莱,31.0
20170124,18,O3,蓬莱,54.0
20170124,18,O3_24h,蓬莱,70.0
20170124,18,O3_8h,蓬莱,65.0
20170124,18,O3_8h_24h,蓬莱,65.0
20170124,18,CO,蓬莱,1.35
20170124,18,CO_24h,蓬莱,2.35
20170124,19,AQI,蓬莱,49.0
20170124,19,PM2.5,蓬莱,34.0
20170124,19,PM2.5_24h,蓬莱,53.0
20170124,19,PM10,蓬莱,42.0
20170124,19,PM10_24h,蓬莱,71.0
20170124,19,SO2,蓬莱,20.0
20170124,19,SO2_24h,蓬莱,25.0
20170124,19,NO2,蓬莱,35.0
20170124,19,NO2_24h,蓬莱,30.0
20170124,19,O3,蓬莱,45.0
20170124,19,O3_24h,蓬莱,70.0
20170124,19,O3_8h,蓬莱,63.0
20170124,19,O3_8h_24h,蓬莱,65.0
20170124,19,CO,蓬莱,1.55
20170124,19,CO_24h,蓬莱,2.35
20170124,20,AQI,蓬莱,64.0
20170124,20,PM2.5,蓬莱,46.0
20170124,20,PM2.5_24h,蓬莱,52.0
20170124,20,PM10,蓬莱,51.0
20170124,20,PM10_24h,蓬莱,69.0
20170124,20,SO2,蓬莱,23.0
20170124,20,SO2_24h,蓬莱,24.0
20170124,20,NO2,蓬莱,39.0
20170124,20,NO2_24h,蓬莱,30.0
20170124,20,O3,蓬莱,36.0
20170124,20,O3_24h,蓬莱,70.0
20170124,20,O3_8h,蓬莱,59.0
20170124,20,O3_8h_24h,蓬莱,65.0
20170124,20,CO,蓬莱,1.85
20170124,20,CO_24h,蓬莱,2.25
20170124,21,AQI,蓬莱,64.0
20170124,21,PM2.5,蓬莱,46.0
20170124,21,PM2.5_24h,蓬莱,50.0
20170124,21,PM10,蓬莱,56.0
20170124,21,PM10_24h,蓬莱,66.0
20170124,21,SO2,蓬莱,26.0
20170124,21,SO2_24h,蓬莱,21.0
20170124,21,NO2,蓬莱,38.0
20170124,21,NO2_24h,蓬莱,30.0
20170124,21,O3,蓬莱,35.0
20170124,21,O3_24h,蓬莱,70.0
20170124,21,O3_8h,蓬莱,55.0
20170124,21,O3_8h_24h,蓬莱,65.0
20170124,21,CO,蓬莱,1.9
20170124,21,CO_24h,蓬莱,2.25
20170124,22,AQI,蓬莱,60.0
20170124,22,PM2.5,蓬莱,43.0
20170124,22,PM2.5_24h,蓬莱,49.0
20170124,22,PM10,蓬莱,59.0
20170124,22,PM10_24h,蓬莱,63.0
20170124,22,SO2,蓬莱,21.0
20170124,22,SO2_24h,蓬莱,21.0
20170124,22,NO2,蓬莱,34.0
20170124,22,NO2_24h,蓬莱,29.0
20170124,22,O3,蓬莱,36.0
20170124,22,O3_24h,蓬莱,70.0
20170124,22,O3_8h,蓬莱,51.0
20170124,22,O3_8h_24h,蓬莱,65.0
20170124,22,CO,蓬莱,1.9
20170124,22,CO_24h,蓬莱,2.2
20170124,23,AQI,蓬莱,68.0
20170124,23,PM2.5,蓬莱,49.0
20170124,23,PM2.5_24h,蓬莱,47.0
20170124,23,PM10,蓬莱,66.0
20170124,23,PM10_24h,蓬莱,63.0
20170124,23,SO2,蓬莱,21.0
20170124,23,SO2_24h,蓬莱,20.0
20170124,23,NO2,蓬莱,34.0
20170124,23,NO2_24h,蓬莱,29.0
20170124,23,O3,蓬莱,32.0
20170124,23,O3_24h,蓬莱,70.0
20170124,23,O3_8h,蓬莱,47.0
20170124,23,O3_8h_24h,蓬莱,65.0
20170124,23,CO,蓬莱,2.2
20170124,23,CO_24h,蓬莱,2.2
20170124,0,AQI,招远,170.0
20170124,0,PM2.5,招远,129.0
20170124,0,PM2.5_24h,招远,68.0
20170124,0,PM10,招远,144.0
20170124,0,PM10_24h,招远,85.0
20170124,0,SO2,招远,13.0
20170124,0,SO2_24h,招远,21.0
20170124,0,NO2,招远,42.0
20170124,0,NO2_24h,招远,42.0
20170124,0,O3,招远,14.0
20170124,0,O3_24h,招远,66.0
20170124,0,O3_8h,招远,20.0
20170124,0,O3_8h_24h,招远,53.0
20170124,0,CO,招远,3.0
20170124,0,CO_24h,招远,2.6
20170124,1,AQI,招远,131.0
20170124,1,PM2.5,招远,100.0
20170124,1,PM2.5_24h,招远,68.0
20170124,1,PM10,招远,116.0
20170124,1,PM10_24h,招远,85.0
20170124,1,SO2,招远,12.0
20170124,1,SO2_24h,招远,18.0
20170124,1,NO2,招远,48.0
20170124,1,NO2_24h,招远,46.0
20170124,1,O3,招远,13.0
20170124,1,O3_24h,招远,64.0
20170124,1,O3_8h,招远,13.0
20170124,1,O3_8h_24h,招远,13.0
20170124,1,CO,招远,2.65
20170124,1,CO_24h,招远,2.4
20170124,2,AQI,招远,128.0
20170124,2,PM2.5,招远,97.0
20170124,2,PM2.5_24h,招远,70.0
20170124,2,PM10,招远,112.0
20170124,2,PM10_24h,招远,87.0
20170124,2,SO2,招远,12.0
20170124,2,SO2_24h,招远,18.0
20170124,2,NO2,招远,51.0
20170124,2,NO2_24h,招远,47.0
20170124,2,O3,招远,13.0
20170124,2,O3_24h,招远,64.0
20170124,2,O3_8h,招远,13.0
20170124,2,O3_8h_24h,招远,15.0
20170124,2,CO,招远,2.85
20170124,2,CO_24h,招远,2.45
20170124,3,AQI,招远,134.0
20170124,3,PM2.5,招远,102.0
20170124,3,PM2.5_24h,招远,72.0
20170124,3,PM10,招远,111.0
20170124,3,PM10_24h,招远,89.0
20170124,3,SO2,招远,12.0
20170124,3,SO2_24h,招远,17.0
20170124,3,NO2,招远,50.0
20170124,3,NO2_24h,招远,48.0
20170124,3,O3,招远,5.0
20170124,3,O3_24h,招远,64.0
20170124,3,O3_8h,招远,10.0
20170124,3,O3_8h_24h,招远,15.0
20170124,3,CO,招远,3.15
20170124,3,CO_24h,招远,2.5
20170124,4,AQI,招远,138.0
20170124,4,PM2.5,招远,105.0
20170124,4,PM2.5_24h,招远,75.0
20170124,4,PM10,招远,107.0
20170124,4,PM10_24h,招远,92.0
20170124,4,SO2,招远,9.0
20170124,4,SO2_24h,招远,17.0
20170124,4,NO2,招远,44.0
20170124,4,NO2_24h,招远,49.0
20170124,4,O3,招远,10.0
20170124,4,O3_24h,招远,64.0
20170124,4,O3_8h,招远,10.0
20170124,4,O3_8h_24h,招远,15.0
20170124,4,CO,招远,2.85
20170124,4,CO_24h,招远,2.55
20170124,5,AQI,招远,114.0
20170124,5,PM2.5,招远,86.0
20170124,5,PM2.5_24h,招远,77.0
20170124,5,PM10,招远,97.0
20170124,5,PM10_24h,招远,94.0
20170124,5,SO2,招远,10.0
20170124,5,SO2_24h,招远,19.0
20170124,5,NO2,招远,36.0
20170124,5,NO2_24h,招远,45.0
20170124,5,O3,招远,11.0
20170124,5,O3_24h,招远,66.0
20170124,5,O3_8h,招远,8.0
20170124,5,O3_8h_24h,招远,11.0
20170124,5,CO,招远,3.0
20170124,5,CO_24h,招远,2.8
20170124,6,AQI,招远,119.0
20170124,6,PM2.5,招远,90.0
20170124,6,PM2.5_24h,招远,78.0
20170124,6,PM10,招远,108.0
20170124,6,PM10_24h,招远,95.0
20170124,6,SO2,招远,9.0
20170124,6,SO2_24h,招远,17.0
20170124,6,NO2,招远,39.0
20170124,6,NO2_24h,招远,50.0
20170124,6,O3,招远,11.0
20170124,6,O3_24h,招远,64.0
20170124,6,O3_8h,招远,10.0
20170124,6,O3_8h_24h,招远,15.0
20170124,6,CO,招远,2.4
20170124,6,CO_24h,招远,2.65
20170124,7,AQI,招远,111.0
20170124,7,PM2.5,招远,84.0
20170124,7,PM2.5_24h,招远,79.0
20170124,7,PM10,招远,100.0
20170124,7,PM10_24h,招远,96.0
20170124,7,SO2,招远,10.0
20170124,7,SO2_24h,招远,17.0
20170124,7,NO2,招远,44.0
20170124,7,NO2_24h,招远,50.0
20170124,7,O3,招远,11.0
20170124,7,O3_24h,招远,64.0
20170124,7,O3_8h,招远,11.0
20170124,7,O3_8h_24h,招远,15.0
20170124,7,CO,招远,2.4
20170124,7,CO_24h,招远,2.65
20170124,8,AQI,招远,118.0
20170124,8,PM2.5,招远,89.0
20170124,8,PM2.5_24h,招远,81.0
20170124,8,PM10,招远,105.0
20170124,8,PM10_24h,招远,98.0
20170124,8,SO2,招远,12.0
20170124,8,SO2_24h,招远,17.0
20170124,8,NO2,招远,68.0
20170124,8,NO2_24h,招远,51.0
20170124,8,O3,招远,7.0
20170124,8,O3_24h,招远,64.0
20170124,8,O3_8h,招远,10.0
20170124,8,O3_8h_24h,招远,15.0
20170124,8,CO,招远,3.4
20170124,8,CO_24h,招远,2.7
20170124,9,AQI,招远,150.0
20170124,9,PM2.5,招远,115.0
20170124,9,PM2.5_24h,招远,83.0
20170124,9,PM10,招远,134.0
20170124,9,PM10_24h,招远,100.0
20170124,9,SO2,招远,23.0
20170124,9,SO2_24h,招远,17.0
20170124,9,NO2,招远,88.0
20170124,9,NO2_24h,招远,53.0
20170124,9,O3,招远,9.0
20170124,9,O3_24h,招远,64.0
20170124,9,O3_8h,招远,10.0
20170124,9,O3_8h_24h,招远,15.0
20170124,9,CO,招远,4.4
20170124,9,CO_24h,招远,2.85
20170124,10,AQI,招远,222.0
20170124,10,PM2.5,招远,172.0
20170124,10,PM2.5_24h,招远,87.0
20170124,10,PM10,招远,206.0
20170124,10,PM10_24h,招远,106.0
20170124,10,SO2,招远,40.0
20170124,10,SO2_24h,招远,19.0
20170124,10,NO2,招远,67.0
20170124,10,NO2_24h,招远,46.0
20170124,10,O3,招远,12.0
20170124,10,O3_24h,招远,66.0
20170124,10,O3_8h,招远,8.0
20170124,10,O3_8h_24h,招远,11.0
20170124,10,CO,招远,4.4
20170124,10,CO_24h,招远,3.1
20170124,11,AQI,招远,245.0
20170124,11,PM2.5,招远,195.0
20170124,11,PM2.5_24h,招远,91.0
20170124,11,PM10,招远,232.0
20170124,11,PM10_24h,招远,110.0
20170124,11,SO2,招远,42.0
20170124,11,SO2_24h,招远,20.0
20170124,11,NO2,招远,63.0
20170124,11,NO2_24h,招远,47.0
20170124,11,O3,招远,23.0
20170124,11,O3_24h,招远,66.0
20170124,11,O3_8h,招远,11.0
20170124,11,O3_8h_24h,招远,11.0
20170124,11,CO,招远,3.7
20170124,11,CO_24h,招远,3.1
20170124,12,AQI,招远,177.0
20170124,12,PM2.5,招远,134.0
20170124,12,PM2.5_24h,招远,93.0
20170124,12,PM10,招远,188.0
20170124,12,PM10_24h,招远,113.0
20170124,12,SO2,招远,31.0
20170124,12,SO2_24h,招远,20.0
20170124,12,NO2,招远,41.0
20170124,12,NO2_24h,招远,47.0
20170124,12,O3,招远,45.0
20170124,12,O3_24h,招远,66.0
20170124,12,O3_8h,招远,15.0
20170124,12,O3_8h_24h,招远,15.0
20170124,12,CO,招远,2.8
20170124,12,CO_24h,招远,3.1
20170124,13,AQI,招远,116.0
20170124,13,PM2.5,招远,88.0
20170124,13,PM2.5_24h,招远,94.0
20170124,13,PM10,招远,130.0
20170124,13,PM10_24h,招远,115.0
20170124,13,SO2,招远,26.0
20170124,13,SO2_24h,招远,20.0
20170124,13,NO2,招远,33.0
20170124,13,NO2_24h,招远,48.0
20170124,13,O3,招远,64.0
20170124,13,O3_24h,招远,64.0
20170124,13,O3_8h,招远,22.0
20170124,13,O3_8h_24h,招远,22.0
20170124,13,CO,招远,2.4
20170124,13,CO_24h,招远,3.2
20170124,14,AQI,招远,106.0
20170124,14,PM2.5,招远,80.0
20170124,14,PM2.5_24h,招远,97.0
20170124,14,PM10,招远,101.0
20170124,14,PM10_24h,招远,116.0
20170124,14,SO2,招远,27.0
20170124,14,SO2_24h,招远,20.0
20170124,14,NO2,招远,30.0
20170124,14,NO2_24h,招远,48.0
20170124,14,O3,招远,73.0
20170124,14,O3_24h,招远,73.0
20170124,14,O3_8h,招远,30.0
20170124,14,O3_8h_24h,招远,30.0
20170124,14,CO,招远,2.2
20170124,14,CO_24h,招远,3.2
20170124,15,AQI,招远,96.0
20170124,15,PM2.5,招远,72.0
20170124,15,PM2.5_24h,招远,92.0
20170124,15,PM10,招远,93.0
20170124,15,PM10_24h,招远,109.0
20170124,15,SO2,招远,26.0
20170124,15,SO2_24h,招远,18.0
20170124,15,NO2,招远,30.0
20170124,15,NO2_24h,招远,55.0
20170124,15,O3,招远,80.0
20170124,15,O3_24h,招远,80.0
20170124,15,O3_8h,招远,36.0
20170124,15,O3_8h_24h,招远,36.0
20170124,15,CO,招远,2.1
20170124,15,CO_24h,招远,2.95
20170124,16,AQI,招远,71.0
20170124,16,PM2.5,招远,52.0
20170124,16,PM2.5_24h,招远,99.0
20170124,16,PM10,招远,74.0
20170124,16,PM10_24h,招远,120.0
20170124,16,SO2,招远,28.0
20170124,16,SO2_24h,招远,21.0
20170124,16,NO2,招远,34.0
20170124,16,NO2_24h,招远,48.0
20170124,16,O3,招远,72.0
20170124,16,O3_24h,招远,81.0
20170124,16,O3_8h,招远,47.0
20170124,16,O3_8h_24h,招远,47.0
20170124,16,CO,招远,2.1
20170124,16,CO_24h,招远,3.2
20170124,17,AQI,招远,83.0
20170124,17,PM2.5,招远,61.0
20170124,17,PM2.5_24h,招远,96.0
20170124,17,PM10,招远,88.0
20170124,17,PM10_24h,招远,115.0
20170124,17,SO2,招远,27.0
20170124,17,SO2_24h,招远,18.0
20170124,17,NO2,招远,45.0
20170124,17,NO2_24h,招远,57.0
20170124,17,O3,招远,57.0
20170124,17,O3_24h,招远,80.0
20170124,17,O3_8h,招远,62.0
20170124,17,O3_8h_24h,招远,62.0
20170124,17,CO,招远,2.45
20170124,17,CO_24h,招远,3.0
20170124,18,AQI,招远,90.0
20170124,18,PM2.5,招远,67.0
20170124,18,PM2.5_24h,招远,96.0
20170124,18,PM10,招远,94.0
20170124,18,PM10_24h,招远,115.0
20170124,18,SO2,招远,30.0
20170124,18,SO2_24h,招远,19.0
20170124,18,NO2,招远,66.0
20170124,18,NO2_24h,招远,57.0
20170124,18,O3,招远,34.0
20170124,18,O3_24h,招远,80.0
20170124,18,O3_8h,招远,57.0
20170124,18,O3_8h_24h,招远,63.0
20170124,18,CO,招远,2.3
20170124,18,CO_24h,招远,2.95
20170124,19,AQI,招远,83.0
20170124,19,PM2.5,招远,61.0
20170124,19,PM2.5_24h,招远,101.0
20170124,19,PM10,招远,89.0
20170124,19,PM10_24h,招远,124.0
20170124,19,SO2,招远,38.0
20170124,19,SO2_24h,招远,22.0
20170124,19,NO2,招远,49.0
20170124,19,NO2_24h,招远,48.0
20170124,19,O3,招远,34.0
20170124,19,O3_24h,招远,81.0
20170124,19,O3_8h,招远,57.0
20170124,19,O3_8h_24h,招远,57.0
20170124,19,CO,招远,2.1
20170124,19,CO_24h,招远,3.1
20170124,20,AQI,招远,78.0
20170124,20,PM2.5,招远,57.0
20170124,20,PM2.5_24h,招远,100.0
20170124,20,PM10,招远,80.0
20170124,20,PM10_24h,招远,122.0
20170124,20,SO2,招远,31.0
20170124,20,SO2_24h,招远,23.0
20170124,20,NO2,招远,66.0
20170124,20,NO2_24h,招远,48.0
20170124,20,O3,招远,15.0
20170124,20,O3_24h,招远,81.0
20170124,20,O3_8h,招远,53.0
20170124,20,O3_8h_24h,招远,57.0
20170124,20,CO,招远,2.9
20170124,20,CO_24h,招远,3.1
20170124,21,AQI,招远,119.0
20170124,21,PM2.5,招远,90.0
20170124,21,PM2.5_24h,招远,99.0
20170124,21,PM10,招远,105.0
20170124,21,PM10_24h,招远,121.0
20170124,21,SO2,招远,30.0
20170124,21,SO2_24h,招远,23.0
20170124,21,NO2,招远,77.0
20170124,21,NO2_24h,招远,48.0
20170124,21,O3,招远,8.0
20170124,21,O3_24h,招远,81.0
20170124,21,O3_8h,招远,46.0
20170124,21,O3_8h_24h,招远,57.0
20170124,21,CO,招远,4.2
20170124,21,CO_24h,招远,3.1
20170124,22,AQI,招远,220.0
20170124,22,PM2.5,招远,170.0
20170124,22,PM2.5_24h,招远,100.0
20170124,22,PM10,招远,189.0
20170124,22,PM10_24h,招远,120.0
20170124,22,SO2,招远,22.0
20170124,22,SO2_24h,招远,19.0
20170124,22,NO2,招远,93.0
20170124,22,NO2_24h,招远,57.0
20170124,22,O3,招远,6.0
20170124,22,O3_24h,招远,80.0
20170124,22,O3_8h,招远,41.0
20170124,22,O3_8h_24h,招远,64.0
20170124,22,CO,招远,4.25
20170124,22,CO_24h,招远,2.95
20170124,23,AQI,招远,220.0
20170124,23,PM2.5,招远,170.0
20170124,23,PM2.5_24h,招远,103.0
20170124,23,PM10,招远,195.0
20170124,23,PM10_24h,招远,123.0
20170124,23,SO2,招远,21.0
20170124,23,SO2_24h,招远,20.0
20170124,23,NO2,招远,70.0
20170124,23,NO2_24h,招远,57.0
20170124,23,O3,招远,8.0
20170124,23,O3_24h,招远,80.0
20170124,23,O3_8h,招远,28.0
20170124,23,O3_8h_24h,招远,64.0
20170124,23,CO,招远,3.3
20170124,23,CO_24h,招远,2.9
20170124,0,AQI,莱州,74.0
20170124,0,PM2.5,莱州,54.0
20170124,0,PM2.5_24h,莱州,35.0
20170124,0,PM10,莱州,89.0
20170124,0,PM10_24h,莱州,73.0
20170124,0,SO2,莱州,23.0
20170124,0,SO2_24h,莱州,20.0
20170124,0,NO2,莱州,99.0
20170124,0,NO2_24h,莱州,58.0
20170124,0,O3,莱州,6.0
20170124,0,O3_24h,莱州,54.0
20170124,0,O3_8h,莱州,20.0
20170124,0,O3_8h_24h,莱州,45.0
20170124,0,CO,莱州,2.1
20170124,0,CO_24h,莱州,1.6
20170124,1,AQI,莱州,78.0
20170124,1,PM2.5,莱州,57.0
20170124,1,PM2.5_24h,莱州,35.0
20170124,1,PM10,莱州,102.0
20170124,1,PM10_24h,莱州,73.0
20170124,1,SO2,莱州,29.0
20170124,1,SO2_24h,莱州,21.0
20170124,1,NO2,莱州,60.0
20170124,1,NO2_24h,莱州,57.0
20170124,1,O3,莱州,25.0
20170124,1,O3_24h,莱州,54.0
20170124,1,O3_8h,莱州,25.0
20170124,1,O3_8h_24h,莱州,25.0
20170124,1,CO,莱州,1.8
20170124,1,CO_24h,莱州,1.6
20170124,2,AQI,莱州,60.0
20170124,2,PM2.5,莱州,43.0
20170124,2,PM2.5_24h,莱州,36.0
20170124,2,PM10,莱州,59.0
20170124,2,PM10_24h,莱州,73.0
20170124,2,SO2,莱州,28.0
20170124,2,SO2_24h,莱州,22.0
20170124,2,NO2,莱州,62.0
20170124,2,NO2_24h,莱州,57.0
20170124,2,O3,莱州,20.0
20170124,2,O3_24h,莱州,54.0
20170124,2,O3_8h,莱州,22.0
20170124,2,O3_8h_24h,莱州,25.0
20170124,2,CO,莱州,1.9
20170124,2,CO_24h,莱州,1.6
20170124,3,AQI,莱州,59.0
20170124,3,PM2.5,莱州,40.0
20170124,3,PM2.5_24h,莱州,36.0
20170124,3,PM10,莱州,67.0
20170124,3,PM10_24h,莱州,73.0
20170124,3,SO2,莱州,32.0
20170124,3,SO2_24h,莱州,23.0
20170124,3,NO2,莱州,72.0
20170124,3,NO2_24h,莱州,58.0
20170124,3,O3,莱州,17.0
20170124,3,O3_24h,莱州,54.0
20170124,3,O3_8h,莱州,21.0
20170124,3,O3_8h_24h,莱州,25.0
20170124,3,CO,莱州,2.0
20170124,3,CO_24h,莱州,1.6
20170124,4,AQI,莱州,63.0
20170124,4,PM2.5,莱州,41.0
20170124,4,PM2.5_24h,莱州,37.0
20170124,4,PM10,莱州,75.0
20170124,4,PM10_24h,莱州,74.0
20170124,4,SO2,莱州,35.0
20170124,4,SO2_24h,莱州,25.0
20170124,4,NO2,莱州,50.0
20170124,4,NO2_24h,莱州,58.0
20170124,4,O3,莱州,32.0
20170124,4,O3_24h,莱州,54.0
20170124,4,O3_8h,莱州,24.0
20170124,4,O3_8h_24h,莱州,25.0
20170124,4,CO,莱州,1.5
20170124,4,CO_24h,莱州,1.6
20170124,5,AQI,莱州,54.0
20170124,5,PM2.5,莱州,38.0
20170124,5,PM2.5_24h,莱州,38.0
20170124,5,PM10,莱州,51.0
20170124,5,PM10_24h,莱州,74.0
20170124,5,SO2,莱州,31.0
20170124,5,SO2_24h,莱州,26.0
20170124,5,NO2,莱州,47.0
20170124,5,NO2_24h,莱州,57.0
20170124,5,O3,莱州,32.0
20170124,5,O3_24h,莱州,54.0
20170124,5,O3_8h,莱州,25.0
20170124,5,O3_8h_24h,莱州,25.0
20170124,5,CO,莱州,1.5
20170124,5,CO_24h,莱州,1.6
20170124,6,AQI,莱州,64.0
20170124,6,PM2.5,莱州,38.0
20170124,6,PM2.5_24h,莱州,39.0
20170124,6,PM10,莱州,77.0
20170124,6,PM10_24h,莱州,74.0
20170124,6,SO2,莱州,28.0
20170124,6,SO2_24h,莱州,27.0
20170124,6,NO2,莱州,55.0
20170124,6,NO2_24h,莱州,58.0
20170124,6,O3,莱州,29.0
20170124,6,O3_24h,莱州,54.0
20170124,6,O3_8h,莱州,26.0
20170124,6,O3_8h_24h,莱州,26.0
20170124,6,CO,莱州,1.6
20170124,6,CO_24h,莱州,1.6
20170124,7,AQI,莱州,60.0
20170124,7,PM2.5,莱州,43.0
20170124,7,PM2.5_24h,莱州,40.0
20170124,7,PM10,莱州,58.0
20170124,7,PM10_24h,莱州,75.0
20170124,7,SO2,莱州,30.0
20170124,7,SO2_24h,莱州,28.0
20170124,7,NO2,莱州,64.0
20170124,7,NO2_24h,莱州,58.0
20170124,7,O3,莱州,30.0
20170124,7,O3_24h,莱州,54.0
20170124,7,O3_8h,莱州,26.0
20170124,7,O3_8h_24h,莱州,26.0
20170124,7,CO,莱州,1.6
20170124,7,CO_24h,莱州,1.6
20170124,8,AQI,莱州,69.0
20170124,8,PM2.5,莱州,50.0
20170124,8,PM2.5_24h,莱州,41.0
20170124,8,PM10,莱州,74.0
20170124,8,PM10_24h,莱州,77.0
20170124,8,SO2,莱州,29.0
20170124,8,SO2_24h,莱州,29.0
20170124,8,NO2,莱州,69.0
20170124,8,NO2_24h,莱州,58.0
20170124,8,O3,莱州,22.0
20170124,8,O3_24h,莱州,54.0
20170124,8,O3_8h,莱州,26.0
20170124,8,O3_8h_24h,莱州,26.0
20170124,8,CO,莱州,1.9
20170124,8,CO_24h,莱州,1.6
20170124,9,AQI,莱州,88.0
20170124,9,PM2.5,莱州,65.0
20170124,9,PM2.5_24h,莱州,42.0
20170124,9,PM10,莱州,94.0
20170124,9,PM10_24h,莱州,77.0
20170124,9,SO2,莱州,38.0
20170124,9,SO2_24h,莱州,30.0
20170124,9,NO2,莱州,60.0
20170124,9,NO2_24h,莱州,57.0
20170124,9,O3,莱州,25.0
20170124,9,O3_24h,莱州,54.0
20170124,9,O3_8h,莱州,26.0
20170124,9,O3_8h_24h,莱州,26.0
20170124,9,CO,莱州,2.0
20170124,9,CO_24h,莱州,1.6
20170124,10,AQI,莱州,106.0
20170124,10,PM2.5,莱州,46.0
20170124,10,PM2.5_24h,莱州,41.0
20170124,10,PM10,莱州,161.0
20170124,10,PM10_24h,莱州,80.0
20170124,10,SO2,莱州,41.0
20170124,10,SO2_24h,莱州,30.0
20170124,10,NO2,莱州,52.0
20170124,10,NO2_24h,莱州,57.0
20170124,10,O3,莱州,34.0
20170124,10,O3_24h,莱州,54.0
20170124,10,O3_8h,莱州,28.0
20170124,10,O3_8h_24h,莱州,28.0
20170124,10,CO,莱州,1.6
20170124,10,CO_24h,莱州,1.6
20170124,11,AQI,莱州,79.0
20170124,11,PM2.5,莱州,53.0
20170124,11,PM2.5_24h,莱州,41.0
20170124,11,PM10,莱州,108.0
20170124,11,PM10_24h,莱州,79.0
20170124,11,SO2,莱州,42.0
20170124,11,SO2_24h,莱州,30.0
20170124,11,NO2,莱州,42.0
20170124,11,NO2_24h,莱州,57.0
20170124,11,O3,莱州,44.0
20170124,11,O3_24h,莱州,54.0
20170124,11,O3_8h,莱州,31.0
20170124,11,O3_8h_24h,莱州,31.0
20170124,11,CO,莱州,1.5
20170124,11,CO_24h,莱州,1.6
20170124,12,AQI,莱州,80.0
20170124,12,PM2.5,莱州,47.0
20170124,12,PM2.5_24h,莱州,41.0
20170124,12,PM10,莱州,110.0
20170124,12,PM10_24h,莱州,79.0
20170124,12,SO2,莱州,39.0
20170124,12,SO2_24h,莱州,30.0
20170124,12,NO2,莱州,29.0
20170124,12,NO2_24h,莱州,57.0
20170124,12,O3,莱州,55.0
20170124,12,O3_24h,莱州,55.0
20170124,12,O3_8h,莱州,34.0
20170124,12,O3_8h_24h,莱州,34.0
20170124,12,CO,莱州,1.4
20170124,12,CO_24h,莱州,1.6
20170124,13,AQI,莱州,73.0
20170124,13,PM2.5,莱州,48.0
20170124,13,PM2.5_24h,莱州,42.0
20170124,13,PM10,莱州,96.0
20170124,13,PM10_24h,莱州,80.0
20170124,13,SO2,莱州,33.0
20170124,13,SO2_24h,莱州,30.0
20170124,13,NO2,莱州,27.0
20170124,13,NO2_24h,莱州,58.0
20170124,13,O3,莱州,62.0
20170124,13,O3_24h,莱州,62.0
20170124,13,O3_8h,莱州,38.0
20170124,13,O3_8h_24h,莱州,38.0
20170124,13,CO,莱州,1.4
20170124,13,CO_24h,莱州,1.6
20170124,14,AQI,莱州,74.0
20170124,14,PM2.5,莱州,48.0
20170124,14,PM2.5_24h,莱州,43.0
20170124,14,PM10,莱州,97.0
20170124,14,PM10_24h,莱州,82.0
20170124,14,SO2,莱州,31.0
20170124,14,SO2_24h,莱州,31.0
20170124,14,NO2,莱州,21.0
20170124,14,NO2_24h,莱州,58.0
20170124,14,O3,莱州,71.0
20170124,14,O3_24h,莱州,71.0
20170124,14,O3_8h,莱州,43.0
20170124,14,O3_8h_24h,莱州,43.0
20170124,14,CO,莱州,1.3
20170124,14,CO_24h,莱州,1.6
20170124,15,AQI,莱州,84.0
20170124,15,PM2.5,莱州,62.0
20170124,15,PM2.5_24h,莱州,45.0
20170124,15,PM10,莱州,101.0
20170124,15,PM10_24h,莱州,85.0
20170124,15,SO2,莱州,30.0
20170124,15,SO2_24h,莱州,31.0
20170124,15,NO2,莱州,34.0
20170124,15,NO2_24h,莱州,58.0
20170124,15,O3,莱州,66.0
20170124,15,O3_24h,莱州,71.0
20170124,15,O3_8h,莱州,47.0
20170124,15,O3_8h_24h,莱州,47.0
20170124,15,CO,莱州,1.3
20170124,15,CO_24h,莱州,1.6
20170124,16,AQI,莱州,88.0
20170124,16,PM2.5,莱州,65.0
20170124,16,PM2.5_24h,莱州,47.0
20170124,16,PM10,莱州,121.0
20170124,16,PM10_24h,莱州,87.0
20170124,16,SO2,莱州,42.0
20170124,16,SO2_24h,莱州,31.0
20170124,16,NO2,莱州,48.0
20170124,16,NO2_24h,莱州,59.0
20170124,16,O3,莱州,58.0
20170124,16,O3_24h,莱州,71.0
20170124,16,O3_8h,莱州,52.0
20170124,16,O3_8h_24h,莱州,52.0
20170124,16,CO,莱州,1.5
20170124,16,CO_24h,莱州,1.7
20170124,17,AQI,莱州,91.0
20170124,17,PM2.5,莱州,68.0
20170124,17,PM2.5_24h,莱州,48.0
20170124,17,PM10,莱州,117.0
20170124,17,PM10_24h,莱州,90.0
20170124,17,SO2,莱州,36.0
20170124,17,SO2_24h,莱州,32.0
20170124,17,NO2,莱州,71.0
20170124,17,NO2_24h,莱州,61.0
20170124,17,O3,莱州,51.0
20170124,17,O3_24h,莱州,71.0
20170124,17,O3_8h,莱州,55.0
20170124,17,O3_8h_24h,莱州,55.0
20170124,17,CO,莱州,1.6
20170124,17,CO_24h,莱州,1.7
20170124,18,AQI,莱州,98.0
20170124,18,PM2.5,莱州,73.0
20170124,18,PM2.5_24h,莱州,50.0
20170124,18,PM10,莱州,121.0
20170124,18,PM10_24h,莱州,92.0
20170124,18,SO2,莱州,24.0
20170124,18,SO2_24h,莱州,31.0
20170124,18,NO2,莱州,79.0
20170124,18,NO2_24h,莱州,60.0
20170124,18,O3,莱州,41.0
20170124,18,O3_24h,莱州,71.0
20170124,18,O3_8h,莱州,56.0
20170124,18,O3_8h_24h,莱州,56.0
20170124,18,CO,莱州,1.8
20170124,18,CO_24h,莱州,1.7
20170124,19,AQI,莱州,113.0
20170124,19,PM2.5,莱州,85.0
20170124,19,PM2.5_24h,莱州,52.0
20170124,19,PM10,莱州,115.0
20170124,19,PM10_24h,莱州,94.0
20170124,19,SO2,莱州,23.0
20170124,19,SO2_24h,莱州,31.0
20170124,19,NO2,莱州,104.0
20170124,19,NO2_24h,莱州,60.0
20170124,19,O3,莱州,19.0
20170124,19,O3_24h,莱州,71.0
20170124,19,O3_8h,莱州,53.0
20170124,19,O3_8h_24h,莱州,56.0
20170124,19,CO,莱州,2.2
20170124,19,CO_24h,莱州,1.7
20170124,20,AQI,莱州,120.0
20170124,20,PM2.5,莱州,91.0
20170124,20,PM2.5_24h,莱州,54.0
20170124,20,PM10,莱州,140.0
20170124,20,PM10_24h,莱州,96.0
20170124,20,SO2,莱州,21.0
20170124,20,SO2_24h,莱州,31.0
20170124,20,NO2,莱州,112.0
20170124,20,NO2_24h,莱州,62.0
20170124,20,O3,莱州,9.0
20170124,20,O3_24h,莱州,71.0
20170124,20,O3_8h,莱州,47.0
20170124,20,O3_8h_24h,莱州,56.0
20170124,20,CO,莱州,2.7
20170124,20,CO_24h,莱州,1.7
20170124,21,AQI,莱州,151.0
20170124,21,PM2.5,莱州,116.0
20170124,21,PM2.5_24h,莱州,57.0
20170124,21,PM10,莱州,146.0
20170124,21,PM10_24h,莱州,99.0
20170124,21,SO2,莱州,15.0
20170124,21,SO2_24h,莱州,30.0
20170124,21,NO2,莱州,123.0
20170124,21,NO2_24h,莱州,64.0
20170124,21,O3,莱州,3.0
20170124,21,O3_24h,莱州,71.0
20170124,21,O3_8h,莱州,40.0
20170124,21,O3_8h_24h,莱州,56.0
20170124,21,CO,莱州,2.7
20170124,21,CO_24h,莱州,1.8
20170124,22,AQI,莱州,160.0
20170124,22,PM2.5,莱州,122.0
20170124,22,PM2.5_24h,莱州,60.0
20170124,22,PM10,莱州,168.0
20170124,22,PM10_24h,莱州,102.0
20170124,22,SO2,莱州,15.0
20170124,22,SO2_24h,莱州,30.0
20170124,22,NO2,莱州,113.0
20170124,22,NO2_24h,莱州,66.0
20170124,22,O3,莱州,12.0
20170124,22,O3_24h,莱州,71.0
20170124,22,O3_8h,莱州,32.0
20170124,22,O3_8h_24h,莱州,56.0
20170124,22,CO,莱州,2.3
20170124,22,CO_24h,莱州,1.8
20170124,23,AQI,莱州,128.0
20170124,23,PM2.5,莱州,97.0
20170124,23,PM2.5_24h,莱州,62.0
20170124,23,PM10,莱州,155.0
20170124,23,PM10_24h,莱州,104.0
20170124,23,SO2,莱州,14.0
20170124,23,SO2_24h,莱州,30.0
20170124,23,NO2,莱州,79.0
20170124,23,NO2_24h,莱州,66.0
20170124,23,O3,莱州,24.0
20170124,23,O3_24h,莱州,71.0
20170124,23,O3_8h,莱州,27.0
20170124,23,O3_8h_24h,莱州,56.0
20170124,23,CO,莱州,2.4
20170124,23,CO_24h,莱州,1.8
20170124,0,AQI,荣成,55.0
20170124,0,PM2.5,荣成,39.0
20170124,0,PM2.5_24h,荣成,19.0
20170124,0,PM10,荣成,52.0
20170124,0,PM10_24h,荣成,26.0
20170124,0,SO2,荣成,11.0
20170124,0,SO2_24h,荣成,7.0
20170124,0,NO2,荣成,26.0
20170124,0,NO2_24h,荣成,10.0
20170124,0,O3,荣成,42.0
20170124,0,O3_24h,荣成,78.0
20170124,0,O3_8h,荣成,55.0
20170124,0,O3_8h_24h,荣成,76.0
20170124,0,CO,荣成,1.2
20170124,0,CO_24h,荣成,0.55
20170124,1,AQI,荣成,57.0
20170124,1,PM2.5,荣成,40.0
20170124,1,PM2.5_24h,荣成,20.0
20170124,1,PM10,荣成,64.0
20170124,1,PM10_24h,荣成,28.0
20170124,1,SO2,荣成,12.0
20170124,1,SO2_24h,荣成,7.0
20170124,1,NO2,荣成,23.0
20170124,1,NO2_24h,荣成,11.0
20170124,1,O3,荣成,43.0
20170124,1,O3_24h,荣成,78.0
20170124,1,O3_8h,荣成,43.0
20170124,1,O3_8h_24h,荣成,43.0
20170124,1,CO,荣成,1.2
20170124,1,CO_24h,荣成,0.6
20170124,2,AQI,荣成,56.0
20170124,2,PM2.5,荣成,40.0
20170124,2,PM2.5_24h,荣成,21.0
20170124,2,PM10,荣成,51.0
20170124,2,PM10_24h,荣成,29.0
20170124,2,SO2,荣成,17.0
20170124,2,SO2_24h,荣成,7.0
20170124,2,NO2,荣成,24.0
20170124,2,NO2_24h,荣成,12.0
20170124,2,O3,荣成,42.0
20170124,2,O3_24h,荣成,78.0
20170124,2,O3_8h,荣成,42.0
20170124,2,O3_8h_24h,荣成,43.0
20170124,2,CO,荣成,1.15
20170124,2,CO_24h,荣成,0.6
20170124,3,AQI,荣成,66.0
20170124,3,PM2.5,荣成,48.0
20170124,3,PM2.5_24h,荣成,23.0
20170124,3,PM10,荣成,54.0
20170124,3,PM10_24h,荣成,31.0
20170124,3,SO2,荣成,27.0
20170124,3,SO2_24h,荣成,8.0
20170124,3,NO2,荣成,26.0
20170124,3,NO2_24h,荣成,13.0
20170124,3,O3,荣成,40.0
20170124,3,O3_24h,荣成,78.0
20170124,3,O3_8h,荣成,42.0
20170124,3,O3_8h_24h,荣成,43.0
20170124,3,CO,荣成,1.15
20170124,3,CO_24h,荣成,0.7
20170124,4,AQI,荣成,61.0
20170124,4,PM2.5,荣成,44.0
20170124,4,PM2.5_24h,荣成,24.0
20170124,4,PM10,荣成,63.0
20170124,4,PM10_24h,荣成,32.0
20170124,4,SO2,荣成,34.0
20170124,4,SO2_24h,荣成,9.0
20170124,4,NO2,荣成,31.0
20170124,4,NO2_24h,荣成,14.0
20170124,4,O3,荣成,35.0
20170124,4,O3_24h,荣成,78.0
20170124,4,O3_8h,荣成,40.0
20170124,4,O3_8h_24h,荣成,43.0
20170124,4,CO,荣成,1.15
20170124,4,CO_24h,荣成,0.7
20170124,5,AQI,荣成,57.0
20170124,5,PM2.5,荣成,37.0
20170124,5,PM2.5_24h,荣成,25.0
20170124,5,PM10,荣成,63.0
20170124,5,PM10_24h,荣成,35.0
20170124,5,SO2,荣成,29.0
20170124,5,SO2_24h,荣成,10.0
20170124,5,NO2,荣成,28.0
20170124,5,NO2_24h,荣成,15.0
20170124,5,O3,荣成,37.0
20170124,5,O3_24h,荣成,78.0
20170124,5,O3_8h,荣成,39.0
20170124,5,O3_8h_24h,荣成,43.0
20170124,5,CO,荣成,1.05
20170124,5,CO_24h,荣成,0.7
20170124,6,AQI,荣成,46.0
20170124,6,PM2.5,荣成,32.0
20170124,6,PM2.5_24h,荣成,26.0
20170124,6,PM10,荣成,45.0
20170124,6,PM10_24h,荣成,36.0
20170124,6,SO2,荣成,15.0
20170124,6,SO2_24h,荣成,11.0
20170124,6,NO2,荣成,14.0
20170124,6,NO2_24h,荣成,16.0
20170124,6,O3,荣成,58.0
20170124,6,O3_24h,荣成,78.0
20170124,6,O3_8h,荣成,42.0
20170124,6,O3_8h_24h,荣成,43.0
20170124,6,CO,荣成,0.6
20170124,6,CO_24h,荣成,0.75
20170124,7,AQI,荣成,40.0
20170124,7,PM2.5,荣成,22.0
20170124,7,PM2.5_24h,荣成,26.0
20170124,7,PM10,荣成,40.0
20170124,7,PM10_24h,荣成,37.0
20170124,7,SO2,荣成,11.0
20170124,7,SO2_24h,荣成,11.0
20170124,7,NO2,荣成,10.0
20170124,7,NO2_24h,荣成,16.0
20170124,7,O3,荣成,65.0
20170124,7,O3_24h,荣成,78.0
20170124,7,O3_8h,荣成,46.0
20170124,7,O3_8h_24h,荣成,46.0
20170124,7,CO,荣成,0.5
20170124,7,CO_24h,荣成,0.75
20170124,8,AQI,荣成,31.0
20170124,8,PM2.5,荣成,20.0
20170124,8,PM2.5_24h,荣成,27.0
20170124,8,PM10,荣成,31.0
20170124,8,PM10_24h,荣成,37.0
20170124,8,SO2,荣成,11.0
20170124,8,SO2_24h,荣成,11.0
20170124,8,NO2,荣成,13.0
20170124,8,NO2_24h,荣成,16.0
20170124,8,O3,荣成,63.0
20170124,8,O3_24h,荣成,78.0
20170124,8,O3_8h,荣成,47.0
20170124,8,O3_8h_24h,荣成,47.0
20170124,8,CO,荣成,0.7
20170124,8,CO_24h,荣成,0.75
20170124,9,AQI,荣成,47.0
20170124,9,PM2.5,荣成,27.0
20170124,9,PM2.5_24h,荣成,27.0
20170124,9,PM10,荣成,47.0
20170124,9,PM10_24h,荣成,38.0
20170124,9,SO2,荣成,10.0
20170124,9,SO2_24h,荣成,11.0
20170124,9,NO2,荣成,14.0
20170124,9,NO2_24h,荣成,17.0
20170124,9,O3,荣成,62.0
20170124,9,O3_24h,荣成,78.0
20170124,9,O3_8h,荣成,50.0
20170124,9,O3_8h_24h,荣成,50.0
20170124,9,CO,荣成,0.7
20170124,9,CO_24h,荣成,0.75
20170124,10,AQI,荣成,30.0
20170124,10,PM2.5,荣成,21.0
20170124,10,PM2.5_24h,荣成,28.0
20170124,10,PM10,荣成,27.0
20170124,10,PM10_24h,荣成,39.0
20170124,10,SO2,荣成,9.0
20170124,10,SO2_24h,荣成,11.0
20170124,10,NO2,荣成,6.0
20170124,10,NO2_24h,荣成,17.0
20170124,10,O3,荣成,74.0
20170124,10,O3_24h,荣成,78.0
20170124,10,O3_8h,荣成,54.0
20170124,10,O3_8h_24h,荣成,54.0
20170124,10,CO,荣成,0.45
20170124,10,CO_24h,荣成,0.8
20170124,11,AQI,荣成,23.0
20170124,11,PM2.5,荣成,11.0
20170124,11,PM2.5_24h,荣成,27.0
20170124,11,PM10,荣成,14.0
20170124,11,PM10_24h,荣成,37.0
20170124,11,SO2,荣成,8.0
20170124,11,SO2_24h,荣成,12.0
20170124,11,NO2,荣成,5.0
20170124,11,NO2_24h,荣成,17.0
20170124,11,O3,荣成,74.0
20170124,11,O3_24h,荣成,78.0
20170124,11,O3_8h,荣成,58.0
20170124,11,O3_8h_24h,荣成,58.0
20170124,11,CO,荣成,0.4
20170124,11,CO_24h,荣成,0.8
20170124,12,AQI,荣成,23.0
20170124,12,PM2.5,荣成,8.0
20170124,12,PM2.5_24h,荣成,27.0
20170124,12,PM10,荣成,15.0
20170124,12,PM10_24h,荣成,37.0
20170124,12,SO2,荣成,8.0
20170124,12,SO2_24h,荣成,12.0
20170124,12,NO2,荣成,5.0
20170124,12,NO2_24h,荣成,17.0
20170124,12,O3,荣成,75.0
20170124,12,O3_24h,荣成,78.0
20170124,12,O3_8h,荣成,63.0
20170124,12,O3_8h_24h,荣成,63.0
20170124,12,CO,荣成,0.4
20170124,12,CO_24h,荣成,0.8
20170124,13,AQI,荣成,24.0
20170124,13,PM2.5,荣成,12.0
20170124,13,PM2.5_24h,荣成,27.0
20170124,13,PM10,荣成,14.0
20170124,13,PM10_24h,荣成,37.0
20170124,13,SO2,荣成,8.0
20170124,13,SO2_24h,荣成,12.0
20170124,13,NO2,荣成,5.0
20170124,13,NO2_24h,荣成,17.0
20170124,13,O3,荣成,77.0
20170124,13,O3_24h,荣成,78.0
20170124,13,O3_8h,荣成,68.0
20170124,13,O3_8h_24h,荣成,68.0
20170124,13,CO,荣成,0.4
20170124,13,CO_24h,荣成,0.8
20170124,14,AQI,荣成,25.0
20170124,14,PM2.5,荣成,8.0
20170124,14,PM2.5_24h,荣成,27.0
20170124,14,PM10,荣成,18.0
20170124,14,PM10_24h,荣成,37.0
20170124,14,SO2,荣成,5.0
20170124,14,SO2_24h,荣成,12.0
20170124,14,NO2,荣成,5.0
20170124,14,NO2_24h,荣成,17.0
20170124,14,O3,荣成,79.0
20170124,14,O3_24h,荣成,79.0
20170124,14,O3_8h,荣成,71.0
20170124,14,O3_8h_24h,荣成,71.0
20170124,14,CO,荣成,0.4
20170124,14,CO_24h,荣成,0.8
20170124,15,AQI,荣成,25.0
20170124,15,PM2.5,荣成,8.0
20170124,15,PM2.5_24h,荣成,27.0
20170124,15,PM10,荣成,17.0
20170124,15,PM10_24h,荣成,37.0
20170124,15,SO2,荣成,5.0
20170124,15,SO2_24h,荣成,12.0
20170124,15,NO2,荣成,5.0
20170124,15,NO2_24h,荣成,17.0
20170124,15,O3,荣成,81.0
20170124,15,O3_24h,荣成,81.0
20170124,15,O3_8h,荣成,73.0
20170124,15,O3_8h_24h,荣成,73.0
20170124,15,CO,荣成,0.4
20170124,15,CO_24h,荣成,0.8
20170124,16,AQI,荣成,25.0
20170124,16,PM2.5,荣成,10.0
20170124,16,PM2.5_24h,荣成,27.0
20170124,16,PM10,荣成,15.0
20170124,16,PM10_24h,荣成,37.0
20170124,16,SO2,荣成,5.0
20170124,16,SO2_24h,荣成,12.0
20170124,16,NO2,荣成,6.0
20170124,16,NO2_24h,荣成,16.0
20170124,16,O3,荣成,80.0
20170124,16,O3_24h,荣成,81.0
20170124,16,O3_8h,荣成,75.0
20170124,16,O3_8h_24h,荣成,75.0
20170124,16,CO,荣成,0.4
20170124,16,CO_24h,荣成,0.8
20170124,17,AQI,荣成,24.0
20170124,17,PM2.5,荣成,16.0
20170124,17,PM2.5_24h,荣成,27.0
20170124,17,PM10,荣成,23.0
20170124,17,PM10_24h,荣成,37.0
20170124,17,SO2,荣成,5.0
20170124,17,SO2_24h,荣成,12.0
20170124,17,NO2,荣成,9.0
20170124,17,NO2_24h,荣成,16.0
20170124,17,O3,荣成,76.0
20170124,17,O3_24h,荣成,81.0
20170124,17,O3_8h,荣成,77.0
20170124,17,O3_8h_24h,荣成,77.0
20170124,17,CO,荣成,0.4
20170124,17,CO_24h,荣成,0.8
20170124,18,AQI,荣成,24.0
20170124,18,PM2.5,荣成,17.0
20170124,18,PM2.5_24h,荣成,26.0
20170124,18,PM10,荣成,19.0
20170124,18,PM10_24h,荣成,37.0
20170124,18,SO2,荣成,7.0
20170124,18,SO2_24h,荣成,12.0
20170124,18,NO2,荣成,13.0
20170124,18,NO2_24h,荣成,16.0
20170124,18,O3,荣成,69.0
20170124,18,O3_24h,荣成,81.0
20170124,18,O3_8h,荣成,77.0
20170124,18,O3_8h_24h,荣成,77.0
20170124,18,CO,荣成,0.55
20170124,18,CO_24h,荣成,0.8
20170124,19,AQI,荣成,36.0
20170124,19,PM2.5,荣成,25.0
20170124,19,PM2.5_24h,荣成,26.0
20170124,19,PM10,荣成,33.0
20170124,19,PM10_24h,荣成,37.0
20170124,19,SO2,荣成,10.0
20170124,19,SO2_24h,荣成,12.0
20170124,19,NO2,荣成,15.0
20170124,19,NO2_24h,荣成,16.0
20170124,19,O3,荣成,69.0
20170124,19,O3_24h,荣成,81.0
20170124,19,O3_8h,荣成,76.0
20170124,19,O3_8h_24h,荣成,77.0
20170124,19,CO,荣成,0.65
20170124,19,CO_24h,荣成,0.75
20170124,20,AQI,荣成,35.0
20170124,20,PM2.5,荣成,24.0
20170124,20,PM2.5_24h,荣成,26.0
20170124,20,PM10,荣成,35.0
20170124,20,PM10_24h,荣成,37.0
20170124,20,SO2,荣成,9.0
20170124,20,SO2_24h,荣成,12.0
20170124,20,NO2,荣成,9.0
20170124,20,NO2_24h,荣成,15.0
20170124,20,O3,荣成,76.0
20170124,20,O3_24h,荣成,81.0
20170124,20,O3_8h,荣成,76.0
20170124,20,O3_8h_24h,荣成,77.0
20170124,20,CO,荣成,0.55
20170124,20,CO_24h,荣成,0.75
20170124,21,AQI,荣成,30.0
20170124,21,PM2.5,荣成,21.0
20170124,21,PM2.5_24h,荣成,25.0
20170124,21,PM10,荣成,23.0
20170124,21,PM10_24h,荣成,36.0
20170124,21,SO2,荣成,10.0
20170124,21,SO2_24h,荣成,12.0
20170124,21,NO2,荣成,7.0
20170124,21,NO2_24h,荣成,14.0
20170124,21,O3,荣成,79.0
20170124,21,O3_24h,荣成,81.0
20170124,21,O3_8h,荣成,76.0
20170124,21,O3_8h_24h,荣成,77.0
20170124,21,CO,荣成,0.4
20170124,21,CO_24h,荣成,0.7
20170124,22,AQI,荣成,29.0
20170124,22,PM2.5,荣成,20.0
20170124,22,PM2.5_24h,荣成,24.0
20170124,22,PM10_24h,荣成,36.0
20170124,22,SO2,荣成,10.0
20170124,22,SO2_24h,荣成,12.0
20170124,22,NO2,荣成,6.0
20170124,22,NO2_24h,荣成,14.0
20170124,22,O3,荣成,79.0
20170124,22,O3_24h,荣成,81.0
20170124,22,O3_8h,荣成,76.0
20170124,22,O3_8h_24h,荣成,77.0
20170124,22,CO,荣成,0.45
20170124,22,CO_24h,荣成,0.7
20170124,23,AQI,荣成,34.0
20170124,23,PM2.5,荣成,24.0
20170124,23,PM2.5_24h,荣成,24.0
20170124,23,PM10,荣成,21.0
20170124,23,PM10_24h,荣成,35.0
20170124,23,SO2,荣成,10.0
20170124,23,SO2_24h,荣成,12.0
20170124,23,NO2,荣成,7.0
20170124,23,NO2_24h,荣成,13.0
20170124,23,O3,荣成,74.0
20170124,23,O3_24h,荣成,81.0
20170124,23,O3_8h,荣成,75.0
20170124,23,O3_8h_24h,荣成,77.0
20170124,23,CO,荣成,0.55
20170124,23,CO_24h,荣成,0.65
20170124,0,AQI,文登,68.0
20170124,0,PM2.5,文登,49.0
20170124,0,PM2.5_24h,文登,23.0
20170124,0,PM10,文登,51.0
20170124,0,PM10_24h,文登,27.0
20170124,0,SO2,文登,15.0
20170124,0,SO2_24h,文登,11.0
20170124,0,NO2,文登,30.0
20170124,0,NO2_24h,文登,16.0
20170124,0,O3,文登,47.0
20170124,0,O3_24h,文登,140.0
20170124,0,O3_8h,文登,62.0
20170124,0,O3_8h_24h,文登,88.0
20170124,0,CO,文登,1.15
20170124,0,CO_24h,文登,0.75
20170124,1,AQI,文登,70.0
20170124,1,PM2.5,文登,51.0
20170124,1,PM2.5_24h,文登,25.0
20170124,1,PM10,文登,48.0
20170124,1,PM10_24h,文登,28.0
20170124,1,SO2,文登,19.0
20170124,1,SO2_24h,文登,12.0
20170124,1,NO2,文登,32.0
20170124,1,NO2_24h,文登,17.0
20170124,1,O3,文登,43.0
20170124,1,O3_24h,文登,140.0
20170124,1,O3_8h,文登,43.0
20170124,1,O3_8h_24h,文登,43.0
20170124,1,CO,文登,1.2
20170124,1,CO_24h,文登,0.75
20170124,2,AQI,文登,61.0
20170124,2,PM2.5,文登,44.0
20170124,2,PM2.5_24h,文登,26.0
20170124,2,PM10,文登,57.0
20170124,2,PM10_24h,文登,30.0
20170124,2,SO2,文登,20.0
20170124,2,SO2_24h,文登,12.0
20170124,2,NO2,文登,26.0
20170124,2,NO2_24h,文登,18.0
20170124,2,O3,文登,50.0
20170124,2,O3_24h,文登,140.0
20170124,2,O3_8h,文登,46.0
20170124,2,O3_8h_24h,文登,46.0
20170124,2,CO,文登,1.15
20170124,2,CO_24h,文登,0.8
20170124,3,AQI,文登,69.0
20170124,3,PM2.5,文登,50.0
20170124,3,PM2.5_24h,文登,28.0
20170124,3,PM10,文登,58.0
20170124,3,PM10_24h,文登,32.0
20170124,3,SO2,文登,17.0
20170124,3,SO2_24h,文登,12.0
20170124,3,NO2,文登,35.0
20170124,3,NO2_24h,文登,19.0
20170124,3,O3,文登,35.0
20170124,3,O3_24h,文登,140.0
20170124,3,O3_8h,文登,43.0
20170124,3,O3_8h_24h,文登,46.0
20170124,3,CO,文登,1.35
20170124,3,CO_24h,文登,0.8
20170124,4,AQI,文登,69.0
20170124,4,PM2.5,文登,50.0
20170124,4,PM2.5_24h,文登,30.0
20170124,4,PM10,文登,65.0
20170124,4,PM10_24h,文登,34.0
20170124,4,SO2,文登,15.0
20170124,4,SO2_24h,文登,13.0
20170124,4,NO2,文登,41.0
20170124,4,NO2_24h,文登,20.0
20170124,4,O3,文登,17.0
20170124,4,O3_24h,文登,140.0
20170124,4,O3_8h,文登,36.0
20170124,4,O3_8h_24h,文登,46.0
20170124,4,CO,文登,1.5
20170124,4,CO_24h,文登,0.85
20170124,5,AQI,文登,75.0
20170124,5,PM2.5,文登,55.0
20170124,5,PM2.5_24h,文登,32.0
20170124,5,PM10,文登,70.0
20170124,5,PM10_24h,文登,36.0
20170124,5,SO2,文登,28.0
20170124,5,SO2_24h,文登,13.0
20170124,5,NO2,文登,30.0
20170124,5,NO2_24h,文登,21.0
20170124,5,O3,文登,36.0
20170124,5,O3_24h,文登,140.0
20170124,5,O3_8h,文登,37.0
20170124,5,O3_8h_24h,文登,46.0
20170124,5,CO,文登,1.3
20170124,5,CO_24h,文登,0.9
20170124,6,AQI,文登,69.0
20170124,6,PM2.5,文登,50.0
20170124,6,PM2.5_24h,文登,33.0
20170124,6,PM10,文登,59.0
20170124,6,PM10_24h,文登,38.0
20170124,6,SO2,文登,34.0
20170124,6,SO2_24h,文登,14.0
20170124,6,NO2,文登,31.0
20170124,6,NO2_24h,文登,22.0
20170124,6,O3,文登,38.0
20170124,6,O3_24h,文登,140.0
20170124,6,O3_8h,文登,36.0
20170124,6,O3_8h_24h,文登,46.0
20170124,6,CO,文登,1.3
20170124,6,CO_24h,文登,0.95
20170124,7,AQI,文登,73.0
20170124,7,PM2.5,文登,53.0
20170124,7,PM2.5_24h,文登,35.0
20170124,7,PM10,文登,63.0
20170124,7,PM10_24h,文登,41.0
20170124,7,SO2,文登,30.0
20170124,7,SO2_24h,文登,15.0
20170124,7,NO2,文登,39.0
20170124,7,NO2_24h,文登,23.0
20170124,7,O3,文登,29.0
20170124,7,O3_24h,文登,140.0
20170124,7,O3_8h,文登,35.0
20170124,7,O3_8h_24h,文登,46.0
20170124,7,CO,文登,1.35
20170124,7,CO_24h,文登,0.95
20170124,8,AQI,文登,85.0
20170124,8,PM2.5,文登,63.0
20170124,8,PM2.5_24h,文登,37.0
20170124,8,PM10,文登,69.0
20170124,8,PM10_24h,文登,41.0
20170124,8,SO2,文登,23.0
20170124,8,SO2_24h,文登,15.0
20170124,8,NO2,文登,42.0
20170124,8,NO2_24h,文登,24.0
20170124,8,O3,文登,27.0
20170124,8,O3_24h,文登,140.0
20170124,8,O3_8h,文登,34.0
20170124,8,O3_8h_24h,文登,46.0
20170124,8,CO,文登,1.4
20170124,8,CO_24h,文登,1.0
20170124,9,AQI,文登,78.0
20170124,9,PM2.5,文登,57.0
20170124,9,PM2.5_24h,文登,38.0
20170124,9,PM10,文登,61.0
20170124,9,PM10_24h,文登,42.0
20170124,9,SO2,文登,21.0
20170124,9,SO2_24h,文登,16.0
20170124,9,NO2,文登,47.0
20170124,9,NO2_24h,文登,25.0
20170124,9,O3,文登,29.0
20170124,9,O3_24h,文登,140.0
20170124,9,O3_8h,文登,33.0
20170124,9,O3_8h_24h,文登,46.0
20170124,9,CO,文登,1.45
20170124,9,CO_24h,文登,1.0
20170124,10,AQI,文登,65.0
20170124,10,PM2.5,文登,47.0
20170124,10,PM2.5_24h,文登,39.0
20170124,10,PM10,文登,60.0
20170124,10,PM10_24h,文登,44.0
20170124,10,SO2,文登,16.0
20170124,10,SO2_24h,文登,16.0
20170124,10,NO2,文登,33.0
20170124,10,NO2_24h,文登,25.0
20170124,10,O3,文登,57.0
20170124,10,O3_24h,文登,140.0
20170124,10,O3_8h,文登,33.0
20170124,10,O3_8h_24h,文登,46.0
20170124,10,CO,文登,1.15
20170124,10,CO_24h,文登,1.0
20170124,11,AQI,文登,45.0
20170124,11,PM2.5,文登,29.0
20170124,11,PM2.5_24h,文登,39.0
20170124,11,PM10,文登,45.0
20170124,11,PM10_24h,文登,45.0
20170124,11,SO2,文登,10.0
20170124,11,SO2_24h,文登,16.0
20170124,11,NO2,文登,13.0
20170124,11,NO2_24h,文登,25.0
20170124,11,O3,文登,79.0
20170124,11,O3_24h,文登,140.0
20170124,11,O3_8h,文登,39.0
20170124,11,O3_8h_24h,文登,46.0
20170124,11,CO,文登,0.75
20170124,11,CO_24h,文登,1.05
20170124,12,AQI,文登,29.0
20170124,12,PM2.5,文登,20.0
20170124,12,PM2.5_24h,文登,39.0
20170124,12,PM10,文登,26.0
20170124,12,PM10_24h,文登,44.0
20170124,12,SO2,文登,8.0
20170124,12,SO2_24h,文登,16.0
20170124,12,NO2,文登,10.0
20170124,12,NO2_24h,文登,25.0
20170124,12,O3,文登,82.0
20170124,12,O3_24h,文登,140.0
20170124,12,O3_8h,文登,47.0
20170124,12,O3_8h_24h,文登,50.0
20170124,12,CO,文登,0.65
20170124,12,CO_24h,文登,1.05
20170124,13,AQI,文登,27.0
20170124,13,PM2.5,文登,17.0
20170124,13,PM2.5_24h,文登,40.0
20170124,13,PM10,文登,24.0
20170124,13,PM10_24h,文登,44.0
20170124,13,SO2,文登,7.0
20170124,13,SO2_24h,文登,16.0
20170124,13,NO2,文登,9.0
20170124,13,NO2_24h,文登,25.0
20170124,13,O3,文登,86.0
20170124,13,O3_24h,文登,140.0
20170124,13,O3_8h,文登,54.0
20170124,13,O3_8h_24h,文登,54.0
20170124,13,CO,文登,0.65
20170124,13,CO_24h,文登,1.05
20170124,14,AQI,文登,28.0
20170124,14,PM2.5,文登,15.0
20170124,14,PM2.5_24h,文登,40.0
20170124,14,PM10,文登,22.0
20170124,14,PM10_24h,文登,44.0
20170124,14,SO2,文登,6.0
20170124,14,SO2_24h,文登,15.0
20170124,14,NO2,文登,9.0
20170124,14,NO2_24h,文登,25.0
20170124,14,O3,文登,88.0
20170124,14,O3_24h,文登,89.0
20170124,14,O3_8h,文登,60.0
20170124,14,O3_8h_24h,文登,60.0
20170124,14,CO,文登,0.65
20170124,14,CO_24h,文登,1.05
20170124,15,AQI,文登,28.0
20170124,15,PM2.5,文登,12.0
20170124,15,PM2.5_24h,文登,39.0
20170124,15,PM10,文登,22.0
20170124,15,PM10_24h,文登,44.0
20170124,15,SO2,文登,7.0
20170124,15,SO2_24h,文登,15.0
20170124,15,NO2,文登,9.0
20170124,15,NO2_24h,文登,25.0
20170124,15,O3,文登,89.0
20170124,15,O3_24h,文登,89.0
20170124,15,O3_8h,文登,67.0
20170124,15,O3_8h_24h,文登,67.0
20170124,15,CO,文登,0.65
20170124,15,CO_24h,文登,1.05
20170124,16,AQI,文登,28.0
20170124,16,PM2.5,文登,13.0
20170124,16,PM2.5_24h,文登,38.0
20170124,16,PM10,文登,24.0
20170124,16,PM10_24h,文登,44.0
20170124,16,SO2,文登,7.0
20170124,16,SO2_24h,文登,15.0
20170124,16,NO2,文登,11.0
20170124,16,NO2_24h,文登,25.0
20170124,16,O3,文登,90.0
20170124,16,O3_24h,文登,90.0
20170124,16,O3_8h,文登,75.0
20170124,16,O3_8h_24h,文登,75.0
20170124,16,CO,文登,0.6
20170124,16,CO_24h,文登,1.05
20170124,17,AQI,文登,27.0
20170124,17,PM2.5,文登,14.0
20170124,17,PM2.5_24h,文登,38.0
20170124,17,PM10,文登,25.0
20170124,17,PM10_24h,文登,44.0
20170124,17,SO2,文登,7.0
20170124,17,SO2_24h,文登,15.0
20170124,17,NO2,文登,14.0
20170124,17,NO2_24h,文登,25.0
20170124,17,O3,文登,86.0
20170124,17,O3_24h,文登,90.0
20170124,17,O3_8h,文登,82.0
20170124,17,O3_8h_24h,文登,82.0
20170124,17,CO,文登,0.65
20170124,17,CO_24h,文登,1.05
20170124,18,AQI,文登,29.0
20170124,18,PM2.5,文登,17.0
20170124,18,PM2.5_24h,文登,38.0
20170124,18,PM10,文登,29.0
20170124,18,PM10_24h,文登,44.0
20170124,18,SO2,文登,9.0
20170124,18,SO2_24h,文登,15.0
20170124,18,NO2,文登,23.0
20170124,18,NO2_24h,文登,25.0
20170124,18,O3,文登,75.0
20170124,18,O3_24h,文登,90.0
20170124,18,O3_8h,文登,84.0
20170124,18,O3_8h_24h,文登,84.0
20170124,18,CO,文登,0.75
20170124,18,CO_24h,文登,1.05
20170124,19,AQI,文登,34.0
20170124,19,PM2.5,文登,24.0
20170124,19,PM2.5_24h,文登,38.0
20170124,19,PM10,文登,34.0
20170124,19,PM10_24h,文登,43.0
20170124,19,SO2,文登,10.0
20170124,19,SO2_24h,文登,15.0
20170124,19,NO2,文登,30.0
20170124,19,NO2_24h,文登,25.0
20170124,19,O3,文登,65.0
20170124,19,O3_24h,文登,90.0
20170124,19,O3_8h,文登,83.0
20170124,19,O3_8h_24h,文登,84.0
20170124,19,CO,文登,0.9
20170124,19,CO_24h,文登,1.05
20170124,20,AQI,文登,51.0
20170124,20,PM2.5,文登,36.0
20170124,20,PM2.5_24h,文登,37.0
20170124,20,PM10,文登,48.0
20170124,20,PM10_24h,文登,43.0
20170124,20,SO2,文登,11.0
20170124,20,SO2_24h,文登,15.0
20170124,20,NO2,文登,37.0
20170124,20,NO2_24h,文登,26.0
20170124,20,O3,文登,52.0
20170124,20,O3_24h,文登,90.0
20170124,20,O3_8h,文登,79.0
20170124,20,O3_8h_24h,文登,84.0
20170124,20,CO,文登,0.9
20170124,20,CO_24h,文登,1.05
20170124,21,AQI,文登,53.0
20170124,21,PM2.5,文登,37.0
20170124,21,PM2.5_24h,文登,37.0
20170124,21,PM10,文登,45.0
20170124,21,PM10_24h,文登,43.0
20170124,21,SO2,文登,10.0
20170124,21,SO2_24h,文登,15.0
20170124,21,NO2,文登,34.0
20170124,21,NO2_24h,文登,26.0
20170124,21,O3,文登,49.0
20170124,21,O3_24h,文登,90.0
20170124,21,O3_8h,文登,74.0
20170124,21,O3_8h_24h,文登,84.0
20170124,21,CO,文登,0.95
20170124,21,CO_24h,文登,1.0
20170124,22,AQI,文登,64.0
20170124,22,PM2.5,文登,46.0
20170124,22,PM2.5_24h,文登,37.0
20170124,22,PM10,文登,55.0
20170124,22,PM10_24h,文登,43.0
20170124,22,SO2,文登,9.0
20170124,22,SO2_24h,文登,15.0
20170124,22,NO2,文登,44.0
20170124,22,NO2_24h,文登,27.0
20170124,22,O3,文登,30.0
20170124,22,O3_24h,文登,90.0
20170124,22,O3_8h,文登,67.0
20170124,22,O3_8h_24h,文登,84.0
20170124,22,CO,文登,1.25
20170124,22,CO_24h,文登,1.0
20170124,23,AQI,文登,94.0
20170124,23,PM2.5,文登,70.0
20170124,23,PM2.5_24h,文登,38.0
20170124,23,PM10,文登,85.0
20170124,23,PM10_24h,文登,44.0
20170124,23,SO2,文登,6.0
20170124,23,SO2_24h,文登,14.0
20170124,23,NO2,文登,56.0
20170124,23,NO2_24h,文登,29.0
20170124,23,O3,文登,7.0
20170124,23,O3_24h,文登,90.0
20170124,23,O3_8h,文登,56.0
20170124,23,O3_8h_24h,文登,84.0
20170124,23,CO,文登,1.55
20170124,23,CO_24h,文登,1.05
20170124,0,AQI,乳山,60.0
20170124,0,PM2.5,乳山,37.0
20170124,0,PM2.5_24h,乳山,24.0
20170124,0,PM10,乳山,70.0
20170124,0,PM10_24h,乳山,40.0
20170124,0,SO2,乳山,31.0
20170124,0,SO2_24h,乳山,17.0
20170124,0,NO2,乳山,42.0
20170124,0,NO2_24h,乳山,28.0
20170124,0,O3,乳山,30.0
20170124,0,O3_24h,乳山,99.0
20170124,0,O3_8h,乳山,42.0
20170124,0,O3_8h_24h,乳山,88.0
20170124,0,CO,乳山,1.3
20170124,0,CO_24h,乳山,0.85
20170124,1,AQI,乳山,65.0
20170124,1,PM2.5,乳山,47.0
20170124,1,PM2.5_24h,乳山,25.0
20170124,1,PM10,乳山,63.0
20170124,1,PM10_24h,乳山,41.0
20170124,1,SO2,乳山,25.0
20170124,1,SO2_24h,乳山,17.0
20170124,1,NO2,乳山,39.0
20170124,1,NO2_24h,乳山,29.0
20170124,1,O3,乳山,31.0
20170124,1,O3_24h,乳山,99.0
20170124,1,O3_8h,乳山,31.0
20170124,1,O3_8h_24h,乳山,31.0
20170124,1,CO,乳山,1.4
20170124,1,CO_24h,乳山,0.9
20170124,2,AQI,乳山,69.0
20170124,2,PM2.5,乳山,50.0
20170124,2,PM2.5_24h,乳山,26.0
20170124,2,PM10,乳山,80.0
20170124,2,PM10_24h,乳山,44.0
20170124,2,SO2,乳山,33.0
20170124,2,SO2_24h,乳山,18.0
20170124,2,NO2,乳山,36.0
20170124,2,NO2_24h,乳山,30.0
20170124,2,O3,乳山,30.0
20170124,2,O3_24h,乳山,99.0
20170124,2,O3_8h,乳山,30.0
20170124,2,O3_8h_24h,乳山,31.0
20170124,2,CO,乳山,1.4
20170124,2,CO_24h,乳山,0.95
20170124,3,AQI,乳山,66.0
20170124,3,PM2.5,乳山,48.0
20170124,3,PM2.5_24h,乳山,27.0
20170124,3,PM10,乳山,70.0
20170124,3,PM10_24h,乳山,46.0
20170124,3,SO2,乳山,21.0
20170124,3,SO2_24h,乳山,18.0
20170124,3,NO2,乳山,28.0
20170124,3,NO2_24h,乳山,31.0
20170124,3,O3,乳山,37.0
20170124,3,O3_24h,乳山,99.0
20170124,3,O3_8h,乳山,33.0
20170124,3,O3_8h_24h,乳山,33.0
20170124,3,CO,乳山,1.3
20170124,3,CO_24h,乳山,0.95
20170124,4,AQI,乳山,66.0
20170124,4,PM2.5,乳山,48.0
20170124,4,PM2.5_24h,乳山,29.0
20170124,4,PM10,乳山,66.0
20170124,4,PM10_24h,乳山,48.0
20170124,4,SO2,乳山,17.0
20170124,4,SO2_24h,乳山,18.0
20170124,4,NO2,乳山,26.0
20170124,4,NO2_24h,乳山,31.0
20170124,4,O3,乳山,37.0
20170124,4,O3_24h,乳山,99.0
20170124,4,O3_8h,乳山,34.0
20170124,4,O3_8h_24h,乳山,34.0
20170124,4,CO,乳山,1.35
20170124,4,CO_24h,乳山,1.0
20170124,5,AQI,乳山,70.0
20170124,5,PM2.5,乳山,51.0
20170124,5,PM2.5_24h,乳山,30.0
20170124,5,PM10,乳山,75.0
20170124,5,PM10_24h,乳山,50.0
20170124,5,SO2,乳山,26.0
20170124,5,SO2_24h,乳山,19.0
20170124,5,NO2,乳山,33.0
20170124,5,NO2_24h,乳山,32.0
20170124,5,O3,乳山,29.0
20170124,5,O3_24h,乳山,99.0
20170124,5,O3_8h,乳山,33.0
20170124,5,O3_8h_24h,乳山,34.0
20170124,5,CO,乳山,1.35
20170124,5,CO_24h,乳山,1.0
20170124,6,AQI,乳山,68.0
20170124,6,PM2.5,乳山,49.0
20170124,6,PM2.5_24h,乳山,32.0
20170124,6,PM10,乳山,72.0
20170124,6,PM10_24h,乳山,52.0
20170124,6,SO2,乳山,21.0
20170124,6,SO2_24h,乳山,20.0
20170124,6,NO2,乳山,28.0
20170124,6,NO2_24h,乳山,33.0
20170124,6,O3,乳山,35.0
20170124,6,O3_24h,乳山,99.0
20170124,6,O3_8h,乳山,33.0
20170124,6,O3_8h_24h,乳山,34.0
20170124,6,CO,乳山,1.15
20170124,6,CO_24h,乳山,1.05
20170124,7,AQI,乳山,70.0
20170124,7,PM2.5,乳山,51.0
20170124,7,PM2.5_24h,乳山,33.0
20170124,7,PM10,乳山,66.0
20170124,7,PM10_24h,乳山,54.0
20170124,7,SO2,乳山,19.0
20170124,7,SO2_24h,乳山,20.0
20170124,7,NO2,乳山,33.0
20170124,7,NO2_24h,乳山,33.0
20170124,7,O3,乳山,30.0
20170124,7,O3_24h,乳山,99.0
20170124,7,O3_8h,乳山,33.0
20170124,7,O3_8h_24h,乳山,34.0
20170124,7,CO,乳山,1.3
20170124,7,CO_24h,乳山,1.1
20170124,8,AQI,乳山,99.0
20170124,8,PM2.5,乳山,74.0
20170124,8,PM2.5_24h,乳山,35.0
20170124,8,PM10,乳山,83.0
20170124,8,PM10_24h,乳山,55.0
20170124,8,SO2,乳山,21.0
20170124,8,SO2_24h,乳山,20.0
20170124,8,NO2,乳山,50.0
20170124,8,NO2_24h,乳山,33.0
20170124,8,O3,乳山,12.0
20170124,8,O3_24h,乳山,99.0
20170124,8,O3_8h,乳山,30.0
20170124,8,O3_8h_24h,乳山,34.0
20170124,8,CO,乳山,2.1
20170124,8,CO_24h,乳山,1.1
20170124,9,AQI,乳山,110.0
20170124,9,PM2.5,乳山,83.0
20170124,9,PM2.5_24h,乳山,37.0
20170124,9,PM10,乳山,121.0
20170124,9,PM10_24h,乳山,58.0
20170124,9,SO2,乳山,54.0
20170124,9,SO2_24h,乳山,21.0
20170124,9,NO2,乳山,62.0
20170124,9,NO2_24h,乳山,33.0
20170124,9,O3,乳山,17.0
20170124,9,O3_24h,乳山,99.0
20170124,9,O3_8h,乳山,28.0
20170124,9,O3_8h_24h,乳山,34.0
20170124,9,CO,乳山,2.8
20170124,9,CO_24h,乳山,1.2
20170124,10,AQI,乳山,103.0
20170124,10,PM2.5,乳山,77.0
20170124,10,PM2.5_24h,乳山,39.0
20170124,10,PM10,乳山,154.0
20170124,10,PM10_24h,乳山,62.0
20170124,10,SO2,乳山,55.0
20170124,10,SO2_24h,乳山,22.0
20170124,10,NO2,乳山,51.0
20170124,10,NO2_24h,乳山,34.0
20170124,10,O3,乳山,34.0
20170124,10,O3_24h,乳山,99.0
20170124,10,O3_8h,乳山,29.0
20170124,10,O3_8h_24h,乳山,34.0
20170124,10,CO,乳山,2.0
20170124,10,CO_24h,乳山,1.2
20170124,11,AQI,乳山,74.0
20170124,11,PM2.5,乳山,54.0
20170124,11,PM2.5_24h,乳山,40.0
20170124,11,PM10,乳山,86.0
20170124,11,PM10_24h,乳山,63.0
20170124,11,SO2,乳山,46.0
20170124,11,SO2_24h,乳山,23.0
20170124,11,NO2,乳山,34.0
20170124,11,NO2_24h,乳山,35.0
20170124,11,O3,乳山,59.0
20170124,11,O3_24h,乳山,99.0
20170124,11,O3_8h,乳山,31.0
20170124,11,O3_8h_24h,乳山,34.0
20170124,11,CO,乳山,1.15
20170124,11,CO_24h,乳山,1.2
20170124,12,AQI,乳山,53.0
20170124,12,PM2.5,乳山,37.0
20170124,12,PM2.5_24h,乳山,41.0
20170124,12,PM10,乳山,43.0
20170124,12,PM10_24h,乳山,65.0
20170124,12,SO2,乳山,36.0
20170124,12,SO2_24h,乳山,23.0
20170124,12,NO2,乳山,17.0
20170124,12,NO2_24h,乳山,35.0
20170124,12,O3,乳山,85.0
20170124,12,O3_24h,乳山,99.0
20170124,12,O3_8h,乳山,38.0
20170124,12,O3_8h_24h,乳山,38.0
20170124,12,CO,乳山,0.65
20170124,12,CO_24h,乳山,1.2
20170124,13,AQI,乳山,50.0
20170124,13,PM2.5,乳山,35.0
20170124,13,PM2.5_24h,乳山,42.0
20170124,13,PM10,乳山,22.0
20170124,13,PM10_24h,乳山,66.0
20170124,13,SO2,乳山,22.0
20170124,13,SO2_24h,乳山,24.0
20170124,13,NO2,乳山,11.0
20170124,13,NO2_24h,乳山,35.0
20170124,13,O3,乳山,95.0
20170124,13,O3_24h,乳山,99.0
20170124,13,O3_8h,乳山,46.0
20170124,13,O3_8h_24h,乳山,46.0
20170124,13,CO,乳山,0.55
20170124,13,CO_24h,乳山,1.25
20170124,14,AQI,乳山,49.0
20170124,14,PM2.5,乳山,34.0
20170124,14,PM2.5_24h,乳山,43.0
20170124,14,PM10,乳山,17.0
20170124,14,PM10_24h,乳山,66.0
20170124,14,SO2,乳山,19.0
20170124,14,SO2_24h,乳山,24.0
20170124,14,NO2,乳山,14.0
20170124,14,NO2_24h,乳山,35.0
20170124,14,O3,乳山,96.0
20170124,14,O3_24h,乳山,98.0
20170124,14,O3_8h,乳山,54.0
20170124,14,O3_8h_24h,乳山,54.0
20170124,14,CO,乳山,0.55
20170124,14,CO_24h,乳山,1.25
20170124,15,AQI,乳山,50.0
20170124,15,PM2.5,乳山,35.0
20170124,15,PM2.5_24h,乳山,44.0
20170124,15,PM10,乳山,23.0
20170124,15,PM10_24h,乳山,67.0
20170124,15,SO2,乳山,19.0
20170124,15,SO2_24h,乳山,24.0
20170124,15,NO2,乳山,16.0
20170124,15,NO2_24h,乳山,36.0
20170124,15,O3,乳山,98.0
20170124,15,O3_24h,乳山,98.0
20170124,15,O3_8h,乳山,62.0
20170124,15,O3_8h_24h,乳山,62.0
20170124,15,CO,乳山,0.55
20170124,15,CO_24h,乳山,1.25
20170124,16,AQI,乳山,46.0
20170124,16,PM2.5,乳山,32.0
20170124,16,PM2.5_24h,乳山,45.0
20170124,16,PM10,乳山,19.0
20170124,16,PM10_24h,乳山,68.0
20170124,16,SO2,乳山,16.0
20170124,16,SO2_24h,乳山,25.0
20170124,16,NO2,乳山,15.0
20170124,16,NO2_24h,乳山,35.0
20170124,16,O3,乳山,94.0
20170124,16,O3_24h,乳山,98.0
20170124,16,O3_8h,乳山,72.0
20170124,16,O3_8h_24h,乳山,72.0
20170124,16,CO,乳山,0.45
20170124,16,CO_24h,乳山,1.25
20170124,17,AQI,乳山,46.0
20170124,17,PM2.5,乳山,32.0
20170124,17,PM2.5_24h,乳山,45.0
20170124,17,PM10,乳山,19.0
20170124,17,PM10_24h,乳山,69.0
20170124,17,SO2,乳山,17.0
20170124,17,SO2_24h,乳山,25.0
20170124,17,NO2,乳山,21.0
20170124,17,NO2_24h,乳山,36.0
20170124,17,O3,乳山,84.0
20170124,17,O3_24h,乳山,98.0
20170124,17,O3_8h,乳山,80.0
20170124,17,O3_8h_24h,乳山,80.0
20170124,17,CO,乳山,0.5
20170124,17,CO_24h,乳山,1.25
20170124,18,AQI,乳山,55.0
20170124,18,PM2.5,乳山,39.0
20170124,18,PM2.5_24h,乳山,46.0
20170124,18,PM10,乳山,30.0
20170124,18,PM10_24h,乳山,70.0
20170124,18,SO2,乳山,18.0
20170124,18,SO2_24h,乳山,25.0
20170124,18,NO2,乳山,41.0
20170124,18,NO2_24h,乳山,35.0
20170124,18,O3,乳山,59.0
20170124,18,O3_24h,乳山,98.0
20170124,18,O3_8h,乳山,84.0
20170124,18,O3_8h_24h,乳山,84.0
20170124,18,CO,乳山,0.85
20170124,18,CO_24h,乳山,1.25
20170124,19,AQI,乳山,81.0
20170124,19,PM2.5,乳山,60.0
20170124,19,PM2.5_24h,乳山,47.0
20170124,19,PM10,乳山,59.0
20170124,19,PM10_24h,乳山,71.0
20170124,19,SO2,乳山,23.0
20170124,19,SO2_24h,乳山,26.0
20170124,19,NO2,乳山,63.0
20170124,19,NO2_24h,乳山,36.0
20170124,19,O3,乳山,33.0
20170124,19,O3_24h,乳山,98.0
20170124,19,O3_8h,乳山,80.0
20170124,19,O3_8h_24h,乳山,84.0
20170124,19,CO,乳山,1.5
20170124,19,CO_24h,乳山,1.25
20170124,20,AQI,乳山,99.0
20170124,20,PM2.5,乳山,74.0
20170124,20,PM2.5_24h,乳山,48.0
20170124,20,PM10,乳山,91.0
20170124,20,PM10_24h,乳山,73.0
20170124,20,SO2,乳山,23.0
20170124,20,SO2_24h,乳山,26.0
20170124,20,NO2,乳山,70.0
20170124,20,NO2_24h,乳山,36.0
20170124,20,O3,乳山,19.0
20170124,20,O3_24h,乳山,98.0
20170124,20,O3_8h,乳山,72.0
20170124,20,O3_8h_24h,乳山,84.0
20170124,20,CO,乳山,2.15
20170124,20,CO_24h,乳山,1.3
20170124,21,AQI,乳山,111.0
20170124,21,PM2.5,乳山,84.0
20170124,21,PM2.5_24h,乳山,50.0
20170124,21,PM10,乳山,86.0
20170124,21,PM10_24h,乳山,72.0
20170124,21,SO2,乳山,24.0
20170124,21,SO2_24h,乳山,26.0
20170124,21,NO2,乳山,70.0
20170124,21,NO2_24h,乳山,37.0
20170124,21,O3,乳山,13.0
20170124,21,O3_24h,乳山,98.0
20170124,21,O3_8h,乳山,62.0
20170124,21,O3_8h_24h,乳山,84.0
20170124,21,CO,乳山,2.6
20170124,21,CO_24h,乳山,1.35
20170124,22,AQI,乳山,116.0
20170124,22,PM2.5,乳山,88.0
20170124,22,PM2.5_24h,乳山,55.0
20170124,22,PM10,乳山,130.0
20170124,22,PM10_24h,乳山,69.0
20170124,22,SO2,乳山,17.0
20170124,22,SO2_24h,乳山,28.0
20170124,22,NO2,乳山,65.0
20170124,22,NO2_24h,乳山,41.0
20170124,22,O3,乳山,8.0
20170124,22,O3_24h,乳山,92.0
20170124,22,O3_8h,乳山,43.0
20170124,22,O3_8h_24h,乳山,76.0
20170124,22,CO,乳山,2.2
20170124,22,CO_24h,乳山,1.3
20170124,23,AQI,乳山,123.0
20170124,23,PM2.5,乳山,93.0
20170124,23,PM2.5_24h,乳山,54.0
20170124,23,PM10,乳山,61.0
20170124,23,PM10_24h,乳山,73.0
20170124,23,SO2,乳山,18.0
20170124,23,SO2_24h,乳山,26.0
20170124,23,NO2,乳山,57.0
20170124,23,NO2_24h,乳山,38.0
20170124,23,O3,乳山,11.0
20170124,23,O3_24h,乳山,98.0
20170124,23,O3_8h,乳山,43.0
20170124,23,O3_8h_24h,乳山,84.0
20170124,23,CO,乳山,2.6
20170124,23,CO_24h,乳山,1.4
20170124,0,AQI,吴江,42.0
20170124,0,PM2.5,吴江,23.0
20170124,0,PM2.5_24h,吴江,31.0
20170124,0,PM10,吴江,42.0
20170124,0,PM10_24h,吴江,59.0
20170124,0,SO2,吴江,10.0
20170124,0,SO2_24h,吴江,13.0
20170124,0,NO2,吴江,42.0
20170124,0,NO2_24h,吴江,37.0
20170124,0,O3,吴江,35.0
20170124,0,O3_24h,吴江,78.0
20170124,0,O3_8h,吴江,52.0
20170124,0,O3_8h_24h,吴江,70.0
20170124,0,CO,吴江,0.63
20170124,0,CO_24h,吴江,0.67
20170124,1,AQI,吴江,43.0
20170124,1,PM2.5,吴江,20.0
20170124,1,PM2.5_24h,吴江,31.0
20170124,1,PM10,吴江,43.0
20170124,1,PM10_24h,吴江,59.0
20170124,1,SO2,吴江,10.0
20170124,1,SO2_24h,吴江,13.0
20170124,1,NO2,吴江,43.0
20170124,1,NO2_24h,吴江,36.0
20170124,1,O3,吴江,31.0
20170124,1,O3_24h,吴江,78.0
20170124,1,O3_8h,吴江,31.0
20170124,1,O3_8h_24h,吴江,31.0
20170124,1,CO,吴江,0.63
20170124,1,CO_24h,吴江,0.67
20170124,2,AQI,吴江,41.0
20170124,2,PM2.5,吴江,19.0
20170124,2,PM2.5_24h,吴江,30.0
20170124,2,PM10,吴江,41.0
20170124,2,PM10_24h,吴江,59.0
20170124,2,SO2,吴江,10.0
20170124,2,SO2_24h,吴江,13.0
20170124,2,NO2,吴江,35.0
20170124,2,NO2_24h,吴江,36.0
20170124,2,O3,吴江,39.0
20170124,2,O3_24h,吴江,78.0
20170124,2,O3_8h,吴江,35.0
20170124,2,O3_8h_24h,吴江,35.0
20170124,2,CO,吴江,0.6
20170124,2,CO_24h,吴江,0.67
20170124,3,AQI,吴江,35.0
20170124,3,PM2.5,吴江,18.0
20170124,3,PM2.5_24h,吴江,30.0
20170124,3,PM10,吴江,35.0
20170124,3,PM10_24h,吴江,58.0
20170124,3,SO2,吴江,9.0
20170124,3,SO2_24h,吴江,13.0
20170124,3,NO2,吴江,33.0
20170124,3,NO2_24h,吴江,36.0
20170124,3,O3,吴江,40.0
20170124,3,O3_24h,吴江,78.0
20170124,3,O3_8h,吴江,37.0
20170124,3,O3_8h_24h,吴江,37.0
20170124,3,CO,吴江,0.6
20170124,3,CO_24h,吴江,0.67
20170124,4,AQI,吴江,55.0
20170124,4,PM2.5,吴江,22.0
20170124,4,PM2.5_24h,吴江,30.0
20170124,4,PM10,吴江,60.0
20170124,4,PM10_24h,吴江,58.0
20170124,4,SO2,吴江,11.0
20170124,4,SO2_24h,吴江,13.0
20170124,4,NO2,吴江,36.0
20170124,4,NO2_24h,吴江,36.0
20170124,4,O3,吴江,36.0
20170124,4,O3_24h,吴江,78.0
20170124,4,O3_8h,吴江,37.0
20170124,4,O3_8h_24h,吴江,37.0
20170124,4,CO,吴江,0.57
20170124,4,CO_24h,吴江,0.67
20170124,5,AQI,吴江,34.0
20170124,5,PM2.5,吴江,22.0
20170124,5,PM2.5_24h,吴江,30.0
20170124,5,PM10,吴江,34.0
20170124,5,PM10_24h,吴江,58.0
20170124,5,SO2,吴江,10.0
20170124,5,SO2_24h,吴江,13.0
20170124,5,NO2,吴江,32.0
20170124,5,NO2_24h,吴江,35.0
20170124,5,O3,吴江,40.0
20170124,5,O3_24h,吴江,78.0
20170124,5,O3_8h,吴江,37.0
20170124,5,O3_8h_24h,吴江,37.0
20170124,5,CO,吴江,0.57
20170124,5,CO_24h,吴江,0.67
20170124,6,AQI,吴江,35.0
20170124,6,PM2.5,吴江,23.0
20170124,6,PM2.5_24h,吴江,29.0
20170124,6,PM10,吴江,35.0
20170124,6,PM10_24h,吴江,57.0
20170124,6,SO2,吴江,10.0
20170124,6,SO2_24h,吴江,13.0
20170124,6,NO2,吴江,34.0
20170124,6,NO2_24h,吴江,35.0
20170124,6,O3,吴江,37.0
20170124,6,O3_24h,吴江,78.0
20170124,6,O3_8h,吴江,37.0
20170124,6,O3_8h_24h,吴江,38.0
20170124,6,CO,吴江,0.57
20170124,6,CO_24h,吴江,0.67
20170124,7,AQI,吴江,39.0
20170124,7,PM2.5,吴江,22.0
20170124,7,PM2.5_24h,吴江,29.0
20170124,7,PM10,吴江,39.0
20170124,7,PM10_24h,吴江,56.0
20170124,7,SO2,吴江,10.0
20170124,7,SO2_24h,吴江,13.0
20170124,7,NO2,吴江,38.0
20170124,7,NO2_24h,吴江,35.0
20170124,7,O3,吴江,33.0
20170124,7,O3_24h,吴江,78.0
20170124,7,O3_8h,吴江,37.0
20170124,7,O3_8h_24h,吴江,38.0
20170124,7,CO,吴江,0.53
20170124,7,CO_24h,吴江,0.67
20170124,8,AQI,吴江,42.0
20170124,8,PM2.5,吴江,23.0
20170124,8,PM2.5_24h,吴江,29.0
20170124,8,PM10,吴江,42.0
20170124,8,PM10_24h,吴江,56.0
20170124,8,SO2,吴江,11.0
20170124,8,SO2_24h,吴江,13.0
20170124,8,NO2,吴江,44.0
20170124,8,NO2_24h,吴江,35.0
20170124,8,O3,吴江,32.0
20170124,8,O3_24h,吴江,78.0
20170124,8,O3_8h,吴江,36.0
20170124,8,O3_8h_24h,吴江,38.0
20170124,8,CO,吴江,0.6
20170124,8,CO_24h,吴江,0.67
20170124,9,AQI,吴江,38.0
20170124,9,PM2.5,吴江,23.0
20170124,9,PM2.5_24h,吴江,28.0
20170124,9,PM10,吴江,38.0
20170124,9,PM10_24h,吴江,54.0
20170124,9,SO2,吴江,12.0
20170124,9,SO2_24h,吴江,12.0
20170124,9,NO2,吴江,36.0
20170124,9,NO2_24h,吴江,34.0
20170124,9,O3,吴江,44.0
20170124,9,O3_24h,吴江,78.0
20170124,9,O3_8h,吴江,38.0
20170124,9,O3_8h_24h,吴江,39.0
20170124,9,CO,吴江,0.63
20170124,9,CO_24h,吴江,0.67
20170124,10,AQI,吴江,40.0
20170124,10,PM2.5,吴江,20.0
20170124,10,PM2.5_24h,吴江,28.0
20170124,10,PM10,吴江,40.0
20170124,10,PM10_24h,吴江,53.0
20170124,10,SO2,吴江,12.0
20170124,10,SO2_24h,吴江,12.0
20170124,10,NO2,吴江,26.0
20170124,10,NO2_24h,吴江,34.0
20170124,10,O3,吴江,58.0
20170124,10,O3_24h,吴江,78.0
20170124,10,O3_8h,吴江,40.0
20170124,10,O3_8h_24h,吴江,40.0
20170124,10,CO,吴江,0.57
20170124,10,CO_24h,吴江,0.67
20170124,11,AQI,吴江,40.0
20170124,11,PM2.5,吴江,19.0
20170124,11,PM2.5_24h,吴江,27.0
20170124,11,PM10,吴江,40.0
20170124,11,PM10_24h,吴江,52.0
20170124,11,SO2,吴江,13.0
20170124,11,SO2_24h,吴江,12.0
20170124,11,NO2,吴江,24.0
20170124,11,NO2_24h,吴江,34.0
20170124,11,O3,吴江,63.0
20170124,11,O3_24h,吴江,78.0
20170124,11,O3_8h,吴江,43.0
20170124,11,O3_8h_24h,吴江,43.0
20170124,11,CO,吴江,0.53
20170124,11,CO_24h,吴江,0.63
20170124,12,AQI,吴江,40.0
20170124,12,PM2.5,吴江,21.0
20170124,12,PM2.5_24h,吴江,27.0
20170124,12,PM10,吴江,40.0
20170124,12,PM10_24h,吴江,49.0
20170124,12,SO2,吴江,13.0
20170124,12,SO2_24h,吴江,12.0
20170124,12,NO2,吴江,28.0
20170124,12,NO2_24h,吴江,34.0
20170124,12,O3,吴江,60.0
20170124,12,O3_24h,吴江,78.0
20170124,12,O3_8h,吴江,46.0
20170124,12,O3_8h_24h,吴江,46.0
20170124,12,CO,吴江,0.57
20170124,12,CO_24h,吴江,0.6
20170124,13,AQI,吴江,40.0
20170124,13,PM2.5,吴江,23.0
20170124,13,PM2.5_24h,吴江,26.0
20170124,13,PM10,吴江,40.0
20170124,13,PM10_24h,吴江,49.0
20170124,13,SO2,吴江,15.0
20170124,13,SO2_24h,吴江,12.0
20170124,13,NO2,吴江,27.0
20170124,13,NO2_24h,吴江,34.0
20170124,13,O3,吴江,64.0
20170124,13,O3_24h,吴江,76.0
20170124,13,O3_8h,吴江,49.0
20170124,13,O3_8h_24h,吴江,49.0
20170124,13,CO,吴江,0.6
20170124,13,CO_24h,吴江,0.6
20170124,14,AQI,吴江,45.0
20170124,14,PM2.5,吴江,24.0
20170124,14,PM2.5_24h,吴江,26.0
20170124,14,PM10,吴江,45.0
20170124,14,PM10_24h,吴江,48.0
20170124,14,SO2,吴江,16.0
20170124,14,SO2_24h,吴江,12.0
20170124,14,NO2,吴江,24.0
20170124,14,NO2_24h,吴江,34.0
20170124,14,O3,吴江,71.0
20170124,14,O3_24h,吴江,76.0
20170124,14,O3_8h,吴江,53.0
20170124,14,O3_8h_24h,吴江,53.0
20170124,14,CO,吴江,0.57
20170124,14,CO_24h,吴江,0.63
20170124,15,AQI,吴江,46.0
20170124,15,PM2.5,吴江,25.0
20170124,15,PM2.5_24h,吴江,25.0
20170124,15,PM10,吴江,46.0
20170124,15,PM10_24h,吴江,48.0
20170124,15,SO2,吴江,17.0
20170124,15,SO2_24h,吴江,12.0
20170124,15,NO2,吴江,25.0
20170124,15,NO2_24h,吴江,34.0
20170124,15,O3,吴江,72.0
20170124,15,O3_24h,吴江,74.0
20170124,15,O3_8h,吴江,58.0
20170124,15,O3_8h_24h,吴江,58.0
20170124,15,CO,吴江,0.6
20170124,15,CO_24h,吴江,0.63
20170124,16,AQI,吴江,52.0
20170124,16,PM2.5,吴江,27.0
20170124,16,PM2.5_24h,吴江,25.0
20170124,16,PM10,吴江,53.0
20170124,16,PM10_24h,吴江,48.0
20170124,16,SO2,吴江,17.0
20170124,16,SO2_24h,吴江,12.0
20170124,16,NO2,吴江,28.0
20170124,16,NO2_24h,吴江,34.0
20170124,16,O3,吴江,69.0
20170124,16,O3_24h,吴江,74.0
20170124,16,O3_8h,吴江,63.0
20170124,16,O3_8h_24h,吴江,63.0
20170124,16,CO,吴江,0.6
20170124,16,CO_24h,吴江,0.63
20170124,17,AQI,吴江,52.0
20170124,17,PM2.5,吴江,30.0
20170124,17,PM2.5_24h,吴江,25.0
20170124,17,PM10,吴江,53.0
20170124,17,PM10_24h,吴江,47.0
20170124,17,SO2,吴江,15.0
20170124,17,SO2_24h,吴江,12.0
20170124,17,NO2,吴江,28.0
20170124,17,NO2_24h,吴江,34.0
20170124,17,O3,吴江,63.0
20170124,17,O3_24h,吴江,72.0
20170124,17,O3_8h,吴江,65.0
20170124,17,O3_8h_24h,吴江,65.0
20170124,17,CO,吴江,0.57
20170124,17,CO_24h,吴江,0.63
20170124,18,AQI,吴江,53.0
20170124,18,PM2.5,吴江,32.0
20170124,18,PM2.5_24h,吴江,25.0
20170124,18,PM10,吴江,55.0
20170124,18,PM10_24h,吴江,47.0
20170124,18,SO2,吴江,15.0
20170124,18,SO2_24h,吴江,12.0
20170124,18,NO2,吴江,28.0
20170124,18,NO2_24h,吴江,34.0
20170124,18,O3,吴江,62.0
20170124,18,O3_24h,吴江,72.0
20170124,18,O3_8h,吴江,65.0
20170124,18,O3_8h_24h,吴江,66.0
20170124,18,CO,吴江,0.6
20170124,18,CO_24h,吴江,0.63
20170124,19,AQI,吴江,56.0
20170124,19,PM2.5,吴江,34.0
20170124,19,PM2.5_24h,吴江,25.0
20170124,19,PM10,吴江,61.0
20170124,19,PM10_24h,吴江,47.0
20170124,19,SO2,吴江,14.0
20170124,19,SO2_24h,吴江,12.0
20170124,19,NO2,吴江,27.0
20170124,19,NO2_24h,吴江,33.0
20170124,19,O3,吴江,61.0
20170124,19,O3_24h,吴江,72.0
20170124,19,O3_8h,吴江,65.0
20170124,19,O3_8h_24h,吴江,66.0
20170124,19,CO,吴江,0.63
20170124,19,CO_24h,吴江,0.63
20170124,20,AQI,吴江,55.0
20170124,20,PM2.5,吴江,36.0
20170124,20,PM2.5_24h,吴江,25.0
20170124,20,PM10,吴江,60.0
20170124,20,PM10_24h,吴江,46.0
20170124,20,SO2,吴江,13.0
20170124,20,SO2_24h,吴江,12.0
20170124,20,NO2,吴江,21.0
20170124,20,NO2_24h,吴江,32.0
20170124,20,O3,吴江,69.0
20170124,20,O3_24h,吴江,73.0
20170124,20,O3_8h,吴江,66.0
20170124,20,O3_8h_24h,吴江,67.0
20170124,20,CO,吴江,0.63
20170124,20,CO_24h,吴江,0.63
20170124,21,AQI,吴江,63.0
20170124,21,PM2.5,吴江,45.0
20170124,21,PM2.5_24h,吴江,25.0
20170124,21,PM10,吴江,56.0
20170124,21,PM10_24h,吴江,46.0
20170124,21,SO2,吴江,13.0
20170124,21,SO2_24h,吴江,12.0
20170124,21,NO2,吴江,22.0
20170124,21,NO2_24h,吴江,32.0
20170124,21,O3,吴江,67.0
20170124,21,O3_24h,吴江,73.0
20170124,21,O3_8h,吴江,67.0
20170124,21,O3_8h_24h,吴江,67.0
20170124,21,CO,吴江,0.67
20170124,21,CO_24h,吴江,0.63
20170124,22,AQI,吴江,76.0
20170124,22,PM2.5,吴江,56.0
20170124,22,PM2.5_24h,吴江,26.0
20170124,22,PM10,吴江,67.0
20170124,22,PM10_24h,吴江,46.0
20170124,22,SO2,吴江,16.0
20170124,22,SO2_24h,吴江,13.0
20170124,22,NO2,吴江,26.0
20170124,22,NO2_24h,吴江,31.0
20170124,22,O3,吴江,63.0
20170124,22,O3_24h,吴江,73.0
20170124,22,O3_8h,吴江,66.0
20170124,22,O3_8h_24h,吴江,67.0
20170124,22,CO,吴江,0.83
20170124,22,CO_24h,吴江,0.6
20170124,23,AQI,吴江,74.0
20170124,23,PM2.5,吴江,54.0
20170124,23,PM2.5_24h,吴江,27.0
20170124,23,PM10,吴江,72.0
20170124,23,PM10_24h,吴江,47.0
20170124,23,SO2,吴江,15.0
20170124,23,SO2_24h,吴江,13.0
20170124,23,NO2,吴江,25.0
20170124,23,NO2_24h,吴江,30.0
20170124,23,O3,吴江,63.0
20170124,23,O3_24h,吴江,73.0
20170124,23,O3_8h,吴江,64.0
20170124,23,O3_8h_24h,吴江,67.0
20170124,23,CO,吴江,0.83
20170124,23,CO_24h,吴江,0.63
20170124,0,AQI,昆山,25.0
20170124,0,PM2.5,昆山,17.0
20170124,0,PM2.5_24h,昆山,26.0
20170124,0,PM10,昆山,25.0
20170124,0,PM10_24h,昆山,38.0
20170124,0,SO2,昆山,7.0
20170124,0,SO2_24h,昆山,10.0
20170124,0,NO2,昆山,42.0
20170124,0,NO2_24h,昆山,30.0
20170124,0,O3,昆山,33.0
20170124,0,O3_24h,昆山,87.0
20170124,0,O3_8h,昆山,54.0
20170124,0,O3_8h_24h,昆山,80.0
20170124,0,CO,昆山,0.65
20170124,0,CO_24h,昆山,0.65
20170124,1,AQI,昆山,20.0
20170124,1,PM2.5,昆山,14.0
20170124,1,PM2.5_24h,昆山,26.0
20170124,1,PM10,昆山,20.0
20170124,1,PM10_24h,昆山,38.0
20170124,1,SO2,昆山,6.0
20170124,1,SO2_24h,昆山,10.0
20170124,1,NO2,昆山,40.0
20170124,1,NO2_24h,昆山,30.0
20170124,1,O3,昆山,33.0
20170124,1,O3_24h,昆山,87.0
20170124,1,O3_8h,昆山,33.0
20170124,1,O3_8h_24h,昆山,33.0
20170124,1,CO,昆山,0.55
20170124,1,CO_24h,昆山,0.65
20170124,2,AQI,昆山,24.0
20170124,2,PM2.5,昆山,17.0
20170124,2,PM2.5_24h,昆山,26.0
20170124,2,PM10,昆山,16.0
20170124,2,PM10_24h,昆山,38.0
20170124,2,SO2,昆山,8.0
20170124,2,SO2_24h,昆山,10.0
20170124,2,NO2,昆山,38.0
20170124,2,NO2_24h,昆山,30.0
20170124,2,O3,昆山,32.0
20170124,2,O3_24h,昆山,87.0
20170124,2,O3_8h,昆山,32.0
20170124,2,O3_8h_24h,昆山,33.0
20170124,2,CO,昆山,0.55
20170124,2,CO_24h,昆山,0.65
20170124,3,AQI,昆山,26.0
20170124,3,PM2.5,昆山,18.0
20170124,3,PM2.5_24h,昆山,25.0
20170124,3,PM10,昆山,25.0
20170124,3,PM10_24h,昆山,38.0
20170124,3,SO2,昆山,7.0
20170124,3,SO2_24h,昆山,10.0
20170124,3,NO2,昆山,37.0
20170124,3,NO2_24h,昆山,31.0
20170124,3,O3,昆山,31.0
20170124,3,O3_24h,昆山,87.0
20170124,3,O3_8h,昆山,32.0
20170124,3,O3_8h_24h,昆山,33.0
20170124,3,CO,昆山,0.55
20170124,3,CO_24h,昆山,0.65
20170124,4,AQI,昆山,29.0
20170124,4,PM2.5,昆山,20.0
20170124,4,PM2.5_24h,昆山,25.0
20170124,4,PM10,昆山,25.0
20170124,4,PM10_24h,昆山,37.0
20170124,4,SO2,昆山,7.0
20170124,4,SO2_24h,昆山,10.0
20170124,4,NO2,昆山,40.0
20170124,4,NO2_24h,昆山,31.0
20170124,4,O3,昆山,25.0
20170124,4,O3_24h,昆山,87.0
20170124,4,O3_8h,昆山,30.0
20170124,4,O3_8h_24h,昆山,33.0
20170124,4,CO,昆山,0.6
20170124,4,CO_24h,昆山,0.65
20170124,5,AQI,昆山,27.0
20170124,5,PM2.5,昆山,19.0
20170124,5,PM2.5_24h,昆山,25.0
20170124,5,PM10,昆山,26.0
20170124,5,PM10_24h,昆山,37.0
20170124,5,SO2,昆山,6.0
20170124,5,SO2_24h,昆山,10.0
20170124,5,NO2,昆山,43.0
20170124,5,NO2_24h,昆山,32.0
20170124,5,O3,昆山,21.0
20170124,5,O3_24h,昆山,87.0
20170124,5,O3_8h,昆山,28.0
20170124,5,O3_8h_24h,昆山,33.0
20170124,5,CO,昆山,0.6
20170124,5,CO_24h,昆山,0.65
20170124,6,AQI,昆山,31.0
20170124,6,PM2.5,昆山,22.0
20170124,6,PM2.5_24h,昆山,25.0
20170124,6,PM10,昆山,29.0
20170124,6,PM10_24h,昆山,36.0
20170124,6,SO2,昆山,6.0
20170124,6,SO2_24h,昆山,9.0
20170124,6,NO2,昆山,53.0
20170124,6,NO2_24h,昆山,32.0
20170124,6,O3,昆山,13.0
20170124,6,O3_24h,昆山,87.0
20170124,6,O3_8h,昆山,26.0
20170124,6,O3_8h_24h,昆山,33.0
20170124,6,CO,昆山,0.7
20170124,6,CO_24h,昆山,0.65
20170124,7,AQI,昆山,37.0
20170124,7,PM2.5,昆山,22.0
20170124,7,PM2.5_24h,昆山,25.0
20170124,7,PM10,昆山,37.0
20170124,7,PM10_24h,昆山,36.0
20170124,7,SO2,昆山,10.0
20170124,7,SO2_24h,昆山,10.0
20170124,7,NO2,昆山,62.0
20170124,7,NO2_24h,昆山,33.0
20170124,7,O3,昆山,6.0
20170124,7,O3_24h,昆山,87.0
20170124,7,O3_8h,昆山,23.0
20170124,7,O3_8h_24h,昆山,33.0
20170124,7,CO,昆山,0.8
20170124,7,CO_24h,昆山,0.65
20170124,8,AQI,昆山,42.0
20170124,8,PM2.5,昆山,28.0
20170124,8,PM2.5_24h,昆山,25.0
20170124,8,PM10,昆山,42.0
20170124,8,PM10_24h,昆山,37.0
20170124,8,SO2,昆山,13.0
20170124,8,SO2_24h,昆山,10.0
20170124,8,NO2,昆山,66.0
20170124,8,NO2_24h,昆山,34.0
20170124,8,O3,昆山,6.0
20170124,8,O3_24h,昆山,87.0
20170124,8,O3_8h,昆山,21.0
20170124,8,O3_8h_24h,昆山,33.0
20170124,8,CO,昆山,1.05
20170124,8,CO_24h,昆山,0.7
20170124,9,AQI,昆山,44.0
20170124,9,PM2.5,昆山,27.0
20170124,9,PM2.5_24h,昆山,25.0
20170124,9,PM10,昆山,44.0
20170124,9,PM10_24h,昆山,37.0
20170124,9,SO2,昆山,16.0
20170124,9,SO2_24h,昆山,10.0
20170124,9,NO2,昆山,50.0
20170124,9,NO2_24h,昆山,34.0
20170124,9,O3,昆山,29.0
20170124,9,O3_24h,昆山,87.0
20170124,9,O3_8h,昆山,21.0
20170124,9,O3_8h_24h,昆山,33.0
20170124,9,CO,昆山,0.85
20170124,9,CO_24h,昆山,0.7
20170124,10,AQI,昆山,34.0
20170124,10,PM2.5,昆山,21.0
20170124,10,PM2.5_24h,昆山,25.0
20170124,10,PM10,昆山,34.0
20170124,10,PM10_24h,昆山,36.0
20170124,10,SO2,昆山,15.0
20170124,10,SO2_24h,昆山,10.0
20170124,10,NO2,昆山,33.0
20170124,10,NO2_24h,昆山,34.0
20170124,10,O3,昆山,52.0
20170124,10,O3_24h,昆山,87.0
20170124,10,O3_8h,昆山,23.0
20170124,10,O3_8h_24h,昆山,33.0
20170124,10,CO,昆山,0.7
20170124,10,CO_24h,昆山,0.7
20170124,11,AQI,昆山,34.0
20170124,11,PM2.5,昆山,24.0
20170124,11,PM2.5_24h,昆山,25.0
20170124,11,PM10,昆山,31.0
20170124,11,PM10_24h,昆山,35.0
20170124,11,SO2,昆山,13.0
20170124,11,SO2_24h,昆山,10.0
20170124,11,NO2,昆山,28.0
20170124,11,NO2_24h,昆山,35.0
20170124,11,O3,昆山,59.0
20170124,11,O3_24h,昆山,87.0
20170124,11,O3_8h,昆山,26.0
20170124,11,O3_8h_24h,昆山,33.0
20170124,11,CO,昆山,0.65
20170124,11,CO_24h,昆山,0.7
20170124,12,AQI,昆山,36.0
20170124,12,PM2.5,昆山,25.0
20170124,12,PM2.5_24h,昆山,24.0
20170124,12,PM10,昆山,33.0
20170124,12,PM10_24h,昆山,34.0
20170124,12,SO2,昆山,14.0
20170124,12,SO2_24h,昆山,10.0
20170124,12,NO2,昆山,23.0
20170124,12,NO2_24h,昆山,35.0
20170124,12,O3,昆山,68.0
20170124,12,O3_24h,昆山,87.0
20170124,12,O3_8h,昆山,32.0
20170124,12,O3_8h_24h,昆山,34.0
20170124,12,CO,昆山,0.6
20170124,12,CO_24h,昆山,0.7
20170124,13,AQI,昆山,36.0
20170124,13,PM2.5,昆山,25.0
20170124,13,PM2.5_24h,昆山,24.0
20170124,13,PM10,昆山,36.0
20170124,13,PM10_24h,昆山,34.0
20170124,13,SO2,昆山,15.0
20170124,13,SO2_24h,昆山,10.0
20170124,13,NO2,昆山,26.0
20170124,13,NO2_24h,昆山,36.0
20170124,13,O3,昆山,70.0
20170124,13,O3_24h,昆山,87.0
20170124,13,O3_8h,昆山,38.0
20170124,13,O3_8h_24h,昆山,38.0
20170124,13,CO,昆山,0.6
20170124,13,CO_24h,昆山,0.7
20170124,14,AQI,昆山,37.0
20170124,14,PM2.5,昆山,26.0
20170124,14,PM2.5_24h,昆山,23.0
20170124,14,PM10,昆山,37.0
20170124,14,PM10_24h,昆山,34.0
20170124,14,SO2,昆山,18.0
20170124,14,SO2_24h,昆山,10.0
20170124,14,NO2,昆山,31.0
20170124,14,NO2_24h,昆山,36.0
20170124,14,O3,昆山,66.0
20170124,14,O3_24h,昆山,87.0
20170124,14,O3_8h,昆山,44.0
20170124,14,O3_8h_24h,昆山,44.0
20170124,14,CO,昆山,0.65
20170124,14,CO_24h,昆山,0.7
20170124,15,AQI,昆山,40.0
20170124,15,PM2.5,昆山,28.0
20170124,15,PM2.5_24h,昆山,23.0
20170124,15,PM10,昆山,39.0
20170124,15,PM10_24h,昆山,33.0
20170124,15,SO2,昆山,18.0
20170124,15,SO2_24h,昆山,10.0
20170124,15,NO2,昆山,35.0
20170124,15,NO2_24h,昆山,37.0
20170124,15,O3,昆山,65.0
20170124,15,O3_24h,昆山,86.0
20170124,15,O3_8h,昆山,52.0
20170124,15,O3_8h_24h,昆山,52.0
20170124,15,CO,昆山,0.65
20170124,15,CO_24h,昆山,0.7
20170124,16,AQI,昆山,43.0
20170124,16,PM2.5,昆山,30.0
20170124,16,PM2.5_24h,昆山,23.0
20170124,16,PM10,昆山,40.0
20170124,16,PM10_24h,昆山,33.0
20170124,16,SO2,昆山,17.0
20170124,16,SO2_24h,昆山,11.0
20170124,16,NO2,昆山,34.0
20170124,16,NO2_24h,昆山,38.0
20170124,16,O3,昆山,70.0
20170124,16,O3_24h,昆山,81.0
20170124,16,O3_8h,昆山,60.0
20170124,16,O3_8h_24h,昆山,60.0
20170124,16,CO,昆山,0.7
20170124,16,CO_24h,昆山,0.7
20170124,17,AQI,昆山,50.0
20170124,17,PM2.5,昆山,35.0
20170124,17,PM2.5_24h,昆山,23.0
20170124,17,PM10,昆山,45.0
20170124,17,PM10_24h,昆山,33.0
20170124,17,SO2,昆山,22.0
20170124,17,SO2_24h,昆山,11.0
20170124,17,NO2,昆山,43.0
20170124,17,NO2_24h,昆山,39.0
20170124,17,O3,昆山,63.0
20170124,17,O3_24h,昆山,72.0
20170124,17,O3_8h,昆山,64.0
20170124,17,O3_8h_24h,昆山,64.0
20170124,17,CO,昆山,1.2
20170124,17,CO_24h,昆山,0.7
20170124,18,AQI,昆山,69.0
20170124,18,PM2.5,昆山,50.0
20170124,18,PM2.5_24h,昆山,24.0
20170124,18,PM10,昆山,62.0
20170124,18,PM10_24h,昆山,34.0
20170124,18,SO2,昆山,22.0
20170124,18,SO2_24h,昆山,11.0
20170124,18,NO2,昆山,48.0
20170124,18,NO2_24h,昆山,39.0
20170124,18,O3,昆山,61.0
20170124,18,O3_24h,昆山,72.0
20170124,18,O3_8h,昆山,65.0
20170124,18,O3_8h_24h,昆山,65.0
20170124,18,CO,昆山,1.35
20170124,18,CO_24h,昆山,0.75
20170124,19,AQI,昆山,71.0
20170124,19,PM2.5,昆山,52.0
20170124,19,PM2.5_24h,昆山,25.0
20170124,19,PM10,昆山,70.0
20170124,19,PM10_24h,昆山,35.0
20170124,19,SO2,昆山,17.0
20170124,19,SO2_24h,昆山,12.0
20170124,19,NO2,昆山,50.0
20170124,19,NO2_24h,昆山,39.0
20170124,19,O3,昆山,56.0
20170124,19,O3_24h,昆山,72.0
20170124,19,O3_8h,昆山,65.0
20170124,19,O3_8h_24h,昆山,66.0
20170124,19,CO,昆山,1.2
20170124,19,CO_24h,昆山,0.75
20170124,20,AQI,昆山,68.0
20170124,20,PM2.5,昆山,49.0
20170124,20,PM2.5_24h,昆山,26.0
20170124,20,PM10,昆山,66.0
20170124,20,PM10_24h,昆山,36.0
20170124,20,SO2,昆山,16.0
20170124,20,SO2_24h,昆山,12.0
20170124,20,NO2,昆山,44.0
20170124,20,NO2_24h,昆山,40.0
20170124,20,O3,昆山,60.0
20170124,20,O3_24h,昆山,72.0
20170124,20,O3_8h,昆山,64.0
20170124,20,O3_8h_24h,昆山,66.0
20170124,20,CO,昆山,0.9
20170124,20,CO_24h,昆山,0.75
20170124,21,AQI,昆山,60.0
20170124,21,PM2.5,昆山,43.0
20170124,21,PM2.5_24h,昆山,27.0
20170124,21,PM10,昆山,58.0
20170124,21,PM10_24h,昆山,37.0
20170124,21,SO2,昆山,17.0
20170124,21,SO2_24h,昆山,12.0
20170124,21,NO2,昆山,44.0
20170124,21,NO2_24h,昆山,40.0
20170124,21,O3,昆山,58.0
20170124,21,O3_24h,昆山,72.0
20170124,21,O3_8h,昆山,62.0
20170124,21,O3_8h_24h,昆山,66.0
20170124,21,CO,昆山,0.85
20170124,21,CO_24h,昆山,0.75
20170124,22,AQI,昆山,63.0
20170124,22,PM2.5,昆山,45.0
20170124,22,PM2.5_24h,昆山,28.0
20170124,22,PM10,昆山,64.0
20170124,22,PM10_24h,昆山,39.0
20170124,22,SO2,昆山,17.0
20170124,22,SO2_24h,昆山,13.0
20170124,22,NO2,昆山,48.0
20170124,22,NO2_24h,昆山,41.0
20170124,22,O3,昆山,56.0
20170124,22,O3_24h,昆山,72.0
20170124,22,O3_8h,昆山,61.0
20170124,22,O3_8h_24h,昆山,66.0
20170124,22,CO,昆山,0.85
20170124,22,CO_24h,昆山,0.75
20170124,23,AQI,昆山,68.0
20170124,23,PM2.5,昆山,49.0
20170124,23,PM2.5_24h,昆山,29.0
20170124,23,PM10,昆山,69.0
20170124,23,PM10_24h,昆山,41.0
20170124,23,SO2,昆山,16.0
20170124,23,SO2_24h,昆山,13.0
20170124,23,NO2,昆山,50.0
20170124,23,NO2_24h,昆山,42.0
20170124,23,O3,昆山,53.0
20170124,23,O3_24h,昆山,72.0
20170124,23,O3_8h,昆山,60.0
20170124,23,O3_8h_24h,昆山,66.0
20170124,23,CO,昆山,1.05
20170124,23,CO_24h,昆山,0.75
20170124,0,AQI,常熟,29.0
20170124,0,PM2.5,常熟,16.0
20170124,0,PM2.5_24h,常熟,35.0
20170124,0,PM10,常熟,29.0
20170124,0,PM10_24h,常熟,49.0
20170124,0,SO2,常熟,12.0
20170124,0,SO2_24h,常熟,17.0
20170124,0,NO2,常熟,20.0
20170124,0,NO2_24h,常熟,29.0
20170124,0,O3,常熟,48.0
20170124,0,O3_24h,常熟,86.0
20170124,0,O3_8h,常熟,57.0
20170124,0,O3_8h_24h,常熟,77.0
20170124,0,CO,常熟,0.5
20170124,0,CO_24h,常熟,0.6
20170124,1,AQI,常熟,27.0
20170124,1,PM2.5,常熟,13.0
20170124,1,PM2.5_24h,常熟,35.0
20170124,1,PM10,常熟,27.0
20170124,1,PM10_24h,常熟,48.0
20170124,1,SO2,常熟,11.0
20170124,1,SO2_24h,常熟,17.0
20170124,1,NO2,常熟,20.0
20170124,1,NO2_24h,常熟,28.0
20170124,1,O3,常熟,47.0
20170124,1,O3_24h,常熟,86.0
20170124,1,O3_8h,常熟,47.0
20170124,1,O3_8h_24h,常熟,47.0
20170124,1,CO,常熟,0.33
20170124,1,CO_24h,常熟,0.53
20170124,2,AQI,常熟,24.0
20170124,2,PM2.5,常熟,12.0
20170124,2,PM2.5_24h,常熟,34.0
20170124,2,PM10,常熟,24.0
20170124,2,PM10_24h,常熟,47.0
20170124,2,SO2,常熟,12.0
20170124,2,SO2_24h,常熟,17.0
20170124,2,NO2,常熟,19.0
20170124,2,NO2_24h,常熟,28.0
20170124,2,O3,常熟,47.0
20170124,2,O3_24h,常熟,86.0
20170124,2,O3_8h,常熟,47.0
20170124,2,O3_8h_24h,常熟,47.0
20170124,2,CO,常熟,0.6
20170124,2,CO_24h,常熟,0.57
20170124,3,AQI,常熟,23.0
20170124,3,PM2.5,常熟,11.0
20170124,3,PM2.5_24h,常熟,34.0
20170124,3,PM10,常熟,23.0
20170124,3,PM10_24h,常熟,46.0
20170124,3,SO2,常熟,10.0
20170124,3,SO2_24h,常熟,16.0
20170124,3,NO2,常熟,18.0
20170124,3,NO2_24h,常熟,28.0
20170124,3,O3,常熟,46.0
20170124,3,O3_24h,常熟,86.0
20170124,3,O3_8h,常熟,47.0
20170124,3,O3_8h_24h,常熟,47.0
20170124,3,CO,常熟,0.47
20170124,3,CO_24h,常熟,0.57
20170124,4,AQI,常熟,25.0
20170124,4,PM2.5,常熟,12.0
20170124,4,PM2.5_24h,常熟,34.0
20170124,4,PM10,常熟,25.0
20170124,4,PM10_24h,常熟,46.0
20170124,4,SO2,常熟,11.0
20170124,4,SO2_24h,常熟,17.0
20170124,4,NO2,常熟,20.0
20170124,4,NO2_24h,常熟,28.0
20170124,4,O3,常熟,42.0
20170124,4,O3_24h,常熟,86.0
20170124,4,O3_8h,常熟,46.0
20170124,4,O3_8h_24h,常熟,47.0
20170124,4,CO,常熟,0.47
20170124,4,CO_24h,常熟,0.57
20170124,5,AQI,常熟,33.0
20170124,5,PM2.5,常熟,21.0
20170124,5,PM2.5_24h,常熟,34.0
20170124,5,PM10,常熟,33.0
20170124,5,PM10_24h,常熟,46.0
20170124,5,SO2,常熟,11.0
20170124,5,SO2_24h,常熟,17.0
20170124,5,NO2,常熟,22.0
20170124,5,NO2_24h,常熟,28.0
20170124,5,O3,常熟,45.0
20170124,5,O3_24h,常熟,86.0
20170124,5,O3_8h,常熟,46.0
20170124,5,O3_8h_24h,常熟,47.0
20170124,5,CO,常熟,0.47
20170124,5,CO_24h,常熟,0.57
20170124,6,AQI,常熟,59.0
20170124,6,PM2.5,常熟,42.0
20170124,6,PM2.5_24h,常熟,34.0
20170124,6,PM10,常熟,39.0
20170124,6,PM10_24h,常熟,46.0
20170124,6,SO2,常熟,11.0
20170124,6,SO2_24h,常熟,17.0
20170124,6,NO2,常熟,22.0
20170124,6,NO2_24h,常熟,28.0
20170124,6,O3,常熟,47.0
20170124,6,O3_24h,常熟,86.0
20170124,6,O3_8h,常熟,46.0
20170124,6,O3_8h_24h,常熟,47.0
20170124,6,CO,常熟,0.47
20170124,6,CO_24h,常熟,0.6
20170124,7,AQI,常熟,86.0
20170124,7,PM2.5,常熟,64.0
20170124,7,PM2.5_24h,常熟,35.0
20170124,7,PM10,常熟,44.0
20170124,7,PM10_24h,常熟,46.0
20170124,7,SO2,常熟,11.0
20170124,7,SO2_24h,常熟,16.0
20170124,7,NO2,常熟,35.0
20170124,7,NO2_24h,常熟,28.0
20170124,7,O3,常熟,31.0
20170124,7,O3_24h,常熟,86.0
20170124,7,O3_8h,常熟,43.0
20170124,7,O3_8h_24h,常熟,47.0
20170124,7,CO,常熟,0.47
20170124,7,CO_24h,常熟,0.57
20170124,8,AQI,常熟,84.0
20170124,8,PM2.5,常熟,62.0
20170124,8,PM2.5_24h,常熟,36.0
20170124,8,PM10,常熟,39.0
20170124,8,PM10_24h,常熟,45.0
20170124,8,SO2,常熟,11.0
20170124,8,SO2_24h,常熟,16.0
20170124,8,NO2,常熟,45.0
20170124,8,NO2_24h,常熟,27.0
20170124,8,O3,常熟,23.0
20170124,8,O3_24h,常熟,86.0
20170124,8,O3_8h,常熟,41.0
20170124,8,O3_8h_24h,常熟,47.0
20170124,8,CO,常熟,0.53
20170124,8,CO_24h,常熟,0.57
20170124,9,AQI,常熟,78.0
20170124,9,PM2.5,常熟,57.0
20170124,9,PM2.5_24h,常熟,36.0
20170124,9,PM10,常熟,40.0
20170124,9,PM10_24h,常熟,45.0
20170124,9,SO2,常熟,14.0
20170124,9,SO2_24h,常熟,16.0
20170124,9,NO2,常熟,41.0
20170124,9,NO2_24h,常熟,27.0
20170124,9,O3,常熟,40.0
20170124,9,O3_24h,常熟,86.0
20170124,9,O3_8h,常熟,40.0
20170124,9,O3_8h_24h,常熟,47.0
20170124,9,CO,常熟,0.57
20170124,9,CO_24h,常熟,0.57
20170124,10,AQI,常熟,61.0
20170124,10,PM2.5,常熟,44.0
20170124,10,PM2.5_24h,常熟,36.0
20170124,10,PM10,常熟,36.0
20170124,10,PM10_24h,常熟,44.0
20170124,10,SO2,常熟,18.0
20170124,10,SO2_24h,常熟,15.0
20170124,10,NO2,常熟,25.0
20170124,10,NO2_24h,常熟,27.0
20170124,10,O3,常熟,62.0
20170124,10,O3_24h,常熟,86.0
20170124,10,O3_8h,常熟,42.0
20170124,10,O3_8h_24h,常熟,47.0
20170124,10,CO,常熟,0.57
20170124,10,CO_24h,常熟,0.53
20170124,11,AQI,常熟,64.0
20170124,11,PM2.5,常熟,46.0
20170124,11,PM2.5_24h,常熟,36.0
20170124,11,PM10,常熟,36.0
20170124,11,PM10_24h,常熟,43.0
20170124,11,SO2,常熟,20.0
20170124,11,SO2_24h,常熟,15.0
20170124,11,NO2,常熟,18.0
20170124,11,NO2_24h,常熟,26.0
20170124,11,O3,常熟,72.0
20170124,11,O3_24h,常熟,86.0
20170124,11,O3_8h,常熟,45.0
20170124,11,O3_8h_24h,常熟,47.0
20170124,11,CO,常熟,0.53
20170124,11,CO_24h,常熟,0.53
20170124,12,AQI,常熟,38.0
20170124,12,PM2.5,常熟,22.0
20170124,12,PM2.5_24h,常熟,36.0
20170124,12,PM10,常熟,38.0
20170124,12,PM10_24h,常熟,42.0
20170124,12,SO2,常熟,23.0
20170124,12,SO2_24h,常熟,16.0
20170124,12,NO2,常熟,15.0
20170124,12,NO2_24h,常熟,26.0
20170124,12,O3,常熟,77.0
20170124,12,O3_24h,常熟,86.0
20170124,12,O3_8h,常熟,50.0
20170124,12,O3_8h_24h,常熟,50.0
20170124,12,CO,常熟,0.5
20170124,12,CO_24h,常熟,0.53
20170124,13,AQI,常熟,37.0
20170124,13,PM2.5,常熟,25.0
20170124,13,PM2.5_24h,常熟,35.0
20170124,13,PM10,常熟,37.0
20170124,13,PM10_24h,常熟,41.0
20170124,13,SO2,常熟,24.0
20170124,13,SO2_24h,常熟,16.0
20170124,13,NO2,常熟,16.0
20170124,13,NO2_24h,常熟,26.0
20170124,13,O3,常熟,81.0
20170124,13,O3_24h,常熟,86.0
20170124,13,O3_8h,常熟,54.0
20170124,13,O3_8h_24h,常熟,54.0
20170124,13,CO,常熟,0.47
20170124,13,CO_24h,常熟,0.53
20170124,14,AQI,常熟,42.0
20170124,14,PM2.5,常熟,27.0
20170124,14,PM2.5_24h,常熟,35.0
20170124,14,PM10,常熟,42.0
20170124,14,PM10_24h,常熟,40.0
20170124,14,SO2,常熟,23.0
20170124,14,SO2_24h,常熟,16.0
20170124,14,NO2,常熟,16.0
20170124,14,NO2_24h,常熟,26.0
20170124,14,O3,常熟,85.0
20170124,14,O3_24h,常熟,87.0
20170124,14,O3_8h,常熟,59.0
20170124,14,O3_8h_24h,常熟,59.0
20170124,14,CO,常熟,0.5
20170124,14,CO_24h,常熟,0.5
20170124,15,AQI,常熟,46.0
20170124,15,PM2.5,常熟,30.0
20170124,15,PM2.5_24h,常熟,34.0
20170124,15,PM10,常熟,46.0
20170124,15,PM10_24h,常熟,40.0
20170124,15,SO2,常熟,22.0
20170124,15,SO2_24h,常熟,16.0
20170124,15,NO2,常熟,17.0
20170124,15,NO2_24h,常熟,26.0
20170124,15,O3,常熟,86.0
20170124,15,O3_24h,常熟,87.0
20170124,15,O3_8h,常熟,66.0
20170124,15,O3_8h_24h,常熟,66.0
20170124,15,CO,常熟,0.53
20170124,15,CO_24h,常熟,0.53
20170124,16,AQI,常熟,47.0
20170124,16,PM2.5,常熟,33.0
20170124,16,PM2.5_24h,常熟,34.0
20170124,16,PM10,常熟,45.0
20170124,16,PM10_24h,常熟,39.0
20170124,16,SO2,常熟,21.0
20170124,16,SO2_24h,常熟,16.0
20170124,16,NO2,常熟,19.0
20170124,16,NO2_24h,常熟,26.0
20170124,16,O3,常熟,85.0
20170124,16,O3_24h,常熟,86.0
20170124,16,O3_8h,常熟,73.0
20170124,16,O3_8h_24h,常熟,73.0
20170124,16,CO,常熟,0.6
20170124,16,CO_24h,常熟,0.53
20170124,17,AQI,常熟,55.0
20170124,17,PM2.5,常熟,39.0
20170124,17,PM2.5_24h,常熟,34.0
20170124,17,PM10,常熟,53.0
20170124,17,PM10_24h,常熟,39.0
20170124,17,SO2,常熟,21.0
20170124,17,SO2_24h,常熟,16.0
20170124,17,NO2,常熟,22.0
20170124,17,NO2_24h,常熟,25.0
20170124,17,O3,常熟,83.0
20170124,17,O3_24h,常熟,86.0
20170124,17,O3_8h,常熟,79.0
20170124,17,O3_8h_24h,常熟,79.0
20170124,17,CO,常熟,0.6
20170124,17,CO_24h,常熟,0.53
20170124,18,AQI,常熟,95.0
20170124,18,PM2.5,常熟,71.0
20170124,18,PM2.5_24h,常熟,35.0
20170124,18,PM10,常熟,65.0
20170124,18,PM10_24h,常熟,38.0
20170124,18,SO2,常熟,21.0
20170124,18,SO2_24h,常熟,16.0
20170124,18,NO2,常熟,33.0
20170124,18,NO2_24h,常熟,25.0
20170124,18,O3,常熟,73.0
20170124,18,O3_24h,常熟,86.0
20170124,18,O3_8h,常熟,80.0
20170124,18,O3_8h_24h,常熟,80.0
20170124,18,CO,常熟,0.73
20170124,18,CO_24h,常熟,0.53
20170124,19,AQI,常熟,118.0
20170124,19,PM2.5,常熟,89.0
20170124,19,PM2.5_24h,常熟,36.0
20170124,19,PM10,常熟,76.0
20170124,19,PM10_24h,常熟,38.0
20170124,19,SO2,常熟,22.0
20170124,19,SO2_24h,常熟,16.0
20170124,19,NO2,常熟,37.0
20170124,19,NO2_24h,常熟,25.0
20170124,19,O3,常熟,68.0
20170124,19,O3_24h,常熟,86.0
20170124,19,O3_8h,常熟,80.0
20170124,19,O3_8h_24h,常熟,80.0
20170124,19,CO,常熟,0.73
20170124,19,CO_24h,常熟,0.53
20170124,20,AQI,常熟,101.0
20170124,20,PM2.5,常熟,76.0
20170124,20,PM2.5_24h,常熟,37.0
20170124,20,PM10,常熟,84.0
20170124,20,PM10_24h,常熟,39.0
20170124,20,SO2,常熟,21.0
20170124,20,SO2_24h,常熟,16.0
20170124,20,NO2,常熟,35.0
20170124,20,NO2_24h,常熟,24.0
20170124,20,O3,常熟,72.0
20170124,20,O3_24h,常熟,86.0
20170124,20,O3_8h,常熟,79.0
20170124,20,O3_8h_24h,常熟,80.0
20170124,20,CO,常熟,0.77
20170124,20,CO_24h,常熟,0.53
20170124,21,AQI,常熟,108.0
20170124,21,PM2.5,常熟,81.0
20170124,21,PM2.5_24h,常熟,39.0
20170124,21,PM10,常熟,84.0
20170124,21,PM10_24h,常熟,39.0
20170124,21,SO2,常熟,19.0
20170124,21,SO2_24h,常熟,17.0
20170124,21,NO2,常熟,32.0
20170124,21,NO2_24h,常熟,24.0
20170124,21,O3,常熟,71.0
20170124,21,O3_24h,常熟,86.0
20170124,21,O3_8h,常熟,78.0
20170124,21,O3_8h_24h,常熟,80.0
20170124,21,CO,常熟,0.77
20170124,21,CO_24h,常熟,0.53
20170124,22,AQI,常熟,113.0
20170124,22,PM2.5,常熟,85.0
20170124,22,PM2.5_24h,常熟,42.0
20170124,22,PM10,常熟,80.0
20170124,22,PM10_24h,常熟,41.0
20170124,22,SO2,常熟,19.0
20170124,22,SO2_24h,常熟,17.0
20170124,22,NO2,常熟,28.0
20170124,22,NO2_24h,常熟,25.0
20170124,22,O3,常熟,77.0
20170124,22,O3_24h,常熟,86.0
20170124,22,O3_8h,常熟,77.0
20170124,22,O3_8h_24h,常熟,80.0
20170124,22,CO,常熟,0.73
20170124,22,CO_24h,常熟,0.53
20170124,23,AQI,常熟,115.0
20170124,23,PM2.5,常熟,87.0
20170124,23,PM2.5_24h,常熟,44.0
20170124,23,PM10,常熟,85.0
20170124,23,PM10_24h,常熟,42.0
20170124,23,SO2,常熟,19.0
20170124,23,SO2_24h,常熟,17.0
20170124,23,NO2,常熟,23.0
20170124,23,NO2_24h,常熟,25.0
20170124,23,O3,常熟,87.0
20170124,23,O3_24h,常熟,88.0
20170124,23,O3_8h,常熟,77.0
20170124,23,O3_8h_24h,常熟,80.0
20170124,23,CO,常熟,0.77
20170124,23,CO_24h,常熟,0.57
20170124,0,AQI,张家港,45.0
20170124,0,PM2.5,张家港,22.0
20170124,0,PM2.5_24h,张家港,31.0
20170124,0,PM10,张家港,45.0
20170124,0,PM10_24h,张家港,62.0
20170124,0,SO2,张家港,7.0
20170124,0,SO2_24h,张家港,23.0
20170124,0,NO2,张家港,28.0
20170124,0,NO2_24h,张家港,42.0
20170124,0,O3,张家港,59.0
20170124,0,O3_24h,张家港,80.0
20170124,0,O3_8h,张家港,61.0
20170124,0,O3_8h_24h,张家港,66.0
20170124,0,CO,张家港,0.6
20170124,0,CO_24h,张家港,1.0
20170124,1,AQI,张家港,40.0
20170124,1,PM2.5,张家港,15.0
20170124,1,PM2.5_24h,张家港,31.0
20170124,1,PM10,张家港,40.0
20170124,1,PM10_24h,张家港,61.0
20170124,1,SO2,张家港,3.0
20170124,1,SO2_24h,张家港,23.0
20170124,1,NO2,张家港,24.0
20170124,1,NO2_24h,张家港,42.0
20170124,1,O3,张家港,60.0
20170124,1,O3_24h,张家港,80.0
20170124,1,O3_8h,张家港,60.0
20170124,1,O3_8h_24h,张家港,60.0
20170124,1,CO,张家港,0.55
20170124,1,CO_24h,张家港,1.0
20170124,2,AQI,张家港,33.0
20170124,2,PM2.5,张家港,15.0
20170124,2,PM2.5_24h,张家港,31.0
20170124,2,PM10,张家港,33.0
20170124,2,PM10_24h,张家港,61.0
20170124,2,SO2,张家港,2.0
20170124,2,SO2_24h,张家港,22.0
20170124,2,NO2,张家港,25.0
20170124,2,NO2_24h,张家港,41.0
20170124,2,O3,张家港,59.0
20170124,2,O3_24h,张家港,80.0
20170124,2,O3_8h,张家港,59.0
20170124,2,O3_8h_24h,张家港,60.0
20170124,2,CO,张家港,0.6
20170124,2,CO_24h,张家港,1.0
20170124,3,AQI,张家港,33.0
20170124,3,PM2.5,张家港,14.0
20170124,3,PM2.5_24h,张家港,31.0
20170124,3,PM10,张家港,33.0
20170124,3,PM10_24h,张家港,60.0
20170124,3,SO2,张家港,2.0
20170124,3,SO2_24h,张家港,22.0
20170124,3,NO2,张家港,32.0
20170124,3,NO2_24h,张家港,42.0
20170124,3,O3,张家港,52.0
20170124,3,O3_24h,张家港,80.0
20170124,3,O3_8h,张家港,57.0
20170124,3,O3_8h_24h,张家港,60.0
20170124,3,CO,张家港,0.55
20170124,3,CO_24h,张家港,1.0
20170124,4,AQI,张家港,31.0
20170124,4,PM2.5,张家港,15.0
20170124,4,PM2.5_24h,张家港,31.0
20170124,4,PM10,张家港,31.0
20170124,4,PM10_24h,张家港,60.0
20170124,4,SO2,张家港,2.0
20170124,4,SO2_24h,张家港,22.0
20170124,4,NO2,张家港,31.0
20170124,4,NO2_24h,张家港,41.0
20170124,4,O3,张家港,59.0
20170124,4,O3_24h,张家港,80.0
20170124,4,O3_8h,张家港,57.0
20170124,4,O3_8h_24h,张家港,61.0
20170124,4,CO,张家港,0.45
20170124,4,CO_24h,张家港,1.0
20170124,5,AQI,张家港,33.0
20170124,5,PM2.5,张家港,13.0
20170124,5,PM2.5_24h,张家港,31.0
20170124,5,PM10,张家港,33.0
20170124,5,PM10_24h,张家港,60.0
20170124,5,SO2,张家港,2.0
20170124,5,SO2_24h,张家港,22.0
20170124,5,NO2,张家港,19.0
20170124,5,NO2_24h,张家港,40.0
20170124,5,O3,张家港,70.0
20170124,5,O3_24h,张家港,80.0
20170124,5,O3_8h,张家港,60.0
20170124,5,O3_8h_24h,张家港,62.0
20170124,5,CO,张家港,0.4
20170124,5,CO_24h,张家港,1.0
20170124,6,AQI,张家港,32.0
20170124,6,PM2.5,张家港,17.0
20170124,6,PM2.5_24h,张家港,30.0
20170124,6,PM10,张家港,32.0
20170124,6,PM10_24h,张家港,59.0
20170124,6,SO2,张家港,1.0
20170124,6,SO2_24h,张家港,21.0
20170124,6,NO2,张家港,27.0
20170124,6,NO2_24h,张家港,39.0
20170124,6,O3,张家港,61.0
20170124,6,O3_24h,张家港,80.0
20170124,6,O3_8h,张家港,60.0
20170124,6,O3_8h_24h,张家港,63.0
20170124,6,CO,张家港,0.45
20170124,6,CO_24h,张家港,1.0
20170124,7,AQI,张家港,47.0
20170124,7,PM2.5,张家港,25.0
20170124,7,PM2.5_24h,张家港,30.0
20170124,7,PM10,张家港,47.0
20170124,7,PM10_24h,张家港,59.0
20170124,7,SO2,张家港,2.0
20170124,7,SO2_24h,张家港,21.0
20170124,7,NO2,张家港,39.0
20170124,7,NO2_24h,张家港,38.0
20170124,7,O3,张家港,29.0
20170124,7,O3_24h,张家港,80.0
20170124,7,O3_8h,张家港,56.0
20170124,7,O3_8h_24h,张家港,63.0
20170124,7,CO,张家港,0.55
20170124,7,CO_24h,张家港,0.95
20170124,8,AQI,张家港,45.0
20170124,8,PM2.5,张家港,26.0
20170124,8,PM2.5_24h,张家港,29.0
20170124,8,PM10,张家港,45.0
20170124,8,PM10_24h,张家港,59.0
20170124,8,SO2,张家港,3.0
20170124,8,SO2_24h,张家港,20.0
20170124,8,NO2,张家港,56.0
20170124,8,NO2_24h,张家港,38.0
20170124,8,O3,张家港,29.0
20170124,8,O3_24h,张家港,80.0
20170124,8,O3_8h,张家港,52.0
20170124,8,O3_8h_24h,张家港,63.0
20170124,8,CO,张家港,0.65
20170124,8,CO_24h,张家港,0.9
20170124,9,AQI,张家港,45.0
20170124,9,PM2.5,张家港,24.0
20170124,9,PM2.5_24h,张家港,28.0
20170124,9,PM10,张家港,45.0
20170124,9,PM10_24h,张家港,57.0
20170124,9,SO2,张家港,4.0
20170124,9,SO2_24h,张家港,19.0
20170124,9,NO2,张家港,45.0
20170124,9,NO2_24h,张家港,36.0
20170124,9,O3,张家港,46.0
20170124,9,O3_24h,张家港,80.0
20170124,9,O3_8h,张家港,51.0
20170124,9,O3_8h_24h,张家港,63.0
20170124,9,CO,张家港,0.85
20170124,9,CO_24h,张家港,0.9
20170124,10,AQI,张家港,47.0
20170124,10,PM2.5,张家港,21.0
20170124,10,PM2.5_24h,张家港,27.0
20170124,10,PM10,张家港,47.0
20170124,10,PM10_24h,张家港,56.0
20170124,10,SO2,张家港,11.0
20170124,10,SO2_24h,张家港,19.0
20170124,10,NO2,张家港,34.0
20170124,10,NO2_24h,张家港,36.0
20170124,10,O3,张家港,70.0
20170124,10,O3_24h,张家港,80.0
20170124,10,O3_8h,张家港,52.0
20170124,10,O3_8h_24h,张家港,63.0
20170124,10,CO,张家港,0.85
20170124,10,CO_24h,张家港,0.9
20170124,11,AQI,张家港,40.0
20170124,11,PM2.5,张家港,22.0
20170124,11,PM2.5_24h,张家港,27.0
20170124,11,PM10,张家港,40.0
20170124,11,PM10_24h,张家港,55.0
20170124,11,SO2,张家港,15.0
20170124,11,SO2_24h,张家港,19.0
20170124,11,NO2,张家港,26.0
20170124,11,NO2_24h,张家港,36.0
20170124,11,O3,张家港,80.0
20170124,11,O3_24h,张家港,80.0
20170124,11,O3_8h,张家港,55.0
20170124,11,O3_8h_24h,张家港,63.0
20170124,11,CO,张家港,0.65
20170124,11,CO_24h,张家港,0.85
20170124,12,AQI,张家港,44.0
20170124,12,PM2.5,张家港,28.0
20170124,12,PM2.5_24h,张家港,27.0
20170124,12,PM10,张家港,44.0
20170124,12,PM10_24h,张家港,54.0
20170124,12,SO2,张家港,18.0
20170124,12,SO2_24h,张家港,19.0
20170124,12,NO2,张家港,24.0
20170124,12,NO2_24h,张家港,35.0
20170124,12,O3,张家港,86.0
20170124,12,O3_24h,张家港,86.0
20170124,12,O3_8h,张家港,59.0
20170124,12,O3_8h_24h,张家港,63.0
20170124,12,CO,张家港,0.65
20170124,12,CO_24h,张家港,0.85
20170124,13,AQI,张家港,51.0
20170124,13,PM2.5,张家港,30.0
20170124,13,PM2.5_24h,张家港,26.0
20170124,13,PM10,张家港,51.0
20170124,13,PM10_24h,张家港,53.0
20170124,13,SO2,张家港,21.0
20170124,13,SO2_24h,张家港,18.0
20170124,13,NO2,张家港,23.0
20170124,13,NO2_24h,张家港,34.0
20170124,13,O3,张家港,93.0
20170124,13,O3_24h,张家港,93.0
20170124,13,O3_8h,张家港,62.0
20170124,13,O3_8h_24h,张家港,63.0
20170124,13,CO,张家港,0.7
20170124,13,CO_24h,张家港,0.75
20170124,14,AQI,张家港,56.0
20170124,14,PM2.5,张家港,30.0
20170124,14,PM2.5_24h,张家港,26.0
20170124,14,PM10,张家港,61.0
20170124,14,PM10_24h,张家港,52.0
20170124,14,SO2,张家港,22.0
20170124,14,SO2_24h,张家港,18.0
20170124,14,NO2,张家港,23.0
20170124,14,NO2_24h,张家港,33.0
20170124,14,O3,张家港,96.0
20170124,14,O3_24h,张家港,96.0
20170124,14,O3_8h,张家港,66.0
20170124,14,O3_8h_24h,张家港,66.0
20170124,14,CO,张家港,0.65
20170124,14,CO_24h,张家港,0.7
20170124,15,AQI,张家港,56.0
20170124,15,PM2.5,张家港,33.0
20170124,15,PM2.5_24h,张家港,25.0
20170124,15,PM10,张家港,62.0
20170124,15,PM10_24h,张家港,51.0
20170124,15,SO2,张家港,19.0
20170124,15,SO2_24h,张家港,9.0
20170124,15,NO2,张家港,25.0
20170124,15,NO2_24h,张家港,33.0
20170124,15,O3,张家港,95.0
20170124,15,O3_24h,张家港,96.0
20170124,15,O3_8h,张家港,74.0
20170124,15,O3_8h_24h,张家港,74.0
20170124,15,CO,张家港,0.65
20170124,15,CO_24h,张家港,0.7
20170124,16,AQI,张家港,55.0
20170124,16,PM2.5,张家港,37.0
20170124,16,PM2.5_24h,张家港,25.0
20170124,16,PM10,张家港,59.0
20170124,16,PM10_24h,张家港,50.0
20170124,16,SO2,张家港,17.0
20170124,16,SO2_24h,张家港,8.0
20170124,16,NO2,张家港,26.0
20170124,16,NO2_24h,张家港,32.0
20170124,16,O3,张家港,92.0
20170124,16,O3_24h,张家港,96.0
20170124,16,O3_8h,张家港,82.0
20170124,16,O3_8h_24h,张家港,82.0
20170124,16,CO,张家港,0.65
20170124,16,CO_24h,张家港,0.65
20170124,17,AQI,张家港,59.0
20170124,17,PM2.5,张家港,42.0
20170124,17,PM2.5_24h,张家港,25.0
20170124,17,PM10,张家港,64.0
20170124,17,PM10_24h,张家港,49.0
20170124,17,SO2,张家港,13.0
20170124,17,SO2_24h,张家港,8.0
20170124,17,NO2,张家港,26.0
20170124,17,NO2_24h,张家港,32.0
20170124,17,O3,张家港,93.0
20170124,17,O3_24h,张家港,97.0
20170124,17,O3_8h,张家港,88.0
20170124,17,O3_8h_24h,张家港,88.0
20170124,17,CO,张家港,0.7
20170124,17,CO_24h,张家港,0.6
20170124,18,AQI,张家港,64.0
20170124,18,PM2.5,张家港,46.0
20170124,18,PM2.5_24h,张家港,25.0
20170124,18,PM10,张家港,73.0
20170124,18,PM10_24h,张家港,49.0
20170124,18,SO2,张家港,12.0
20170124,18,SO2_24h,张家港,8.0
20170124,18,NO2,张家港,35.0
20170124,18,NO2_24h,张家港,31.0
20170124,18,O3,张家港,80.0
20170124,18,O3_24h,张家港,97.0
20170124,18,O3_8h,张家港,90.0
20170124,18,O3_8h_24h,张家港,90.0
20170124,18,CO,张家港,0.8
20170124,18,CO_24h,张家港,0.6
20170124,19,AQI,张家港,75.0
20170124,19,PM2.5,张家港,55.0
20170124,19,PM2.5_24h,张家港,26.0
20170124,19,PM10,张家港,78.0
20170124,19,PM10_24h,张家港,49.0
20170124,19,SO2,张家港,9.0
20170124,19,SO2_24h,张家港,8.0
20170124,19,NO2,张家港,51.0
20170124,19,NO2_24h,张家港,31.0
20170124,19,O3,张家港,58.0
20170124,19,O3_24h,张家港,97.0
20170124,19,O3_8h,张家港,87.0
20170124,19,O3_8h_24h,张家港,90.0
20170124,19,CO,张家港,0.9
20170124,19,CO_24h,张家港,0.65
20170124,20,AQI,张家港,89.0
20170124,20,PM2.5,张家港,66.0
20170124,20,PM2.5_24h,张家港,27.0
20170124,20,PM10,张家港,92.0
20170124,20,PM10_24h,张家港,50.0
20170124,20,SO2,张家港,9.0
20170124,20,SO2_24h,张家港,9.0
20170124,20,NO2,张家港,48.0
20170124,20,NO2_24h,张家港,32.0
20170124,20,O3,张家港,59.0
20170124,20,O3_24h,张家港,97.0
20170124,20,O3_8h,张家港,83.0
20170124,20,O3_8h_24h,张家港,90.0
20170124,20,CO,张家港,0.9
20170124,20,CO_24h,张家港,0.65
20170124,21,AQI,张家港,85.0
20170124,21,PM2.5,张家港,63.0
20170124,21,PM2.5_24h,张家港,29.0
20170124,21,PM10,张家港,89.0
20170124,21,PM10_24h,张家港,51.0
20170124,21,SO2,张家港,5.0
20170124,21,SO2_24h,张家港,9.0
20170124,21,NO2,张家港,32.0
20170124,21,NO2_24h,张家港,32.0
20170124,21,O3,张家港,72.0
20170124,21,O3_24h,张家港,97.0
20170124,21,O3_8h,张家港,81.0
20170124,21,O3_8h_24h,张家港,90.0
20170124,21,CO,张家港,0.85
20170124,21,CO_24h,张家港,0.7
20170124,22,AQI,张家港,85.0
20170124,22,PM2.5,张家港,63.0
20170124,22,PM2.5_24h,张家港,31.0
20170124,22,PM10,张家港,84.0
20170124,22,PM10_24h,张家港,53.0
20170124,22,SO2,张家港,5.0
20170124,22,SO2_24h,张家港,9.0
20170124,22,NO2,张家港,29.0
20170124,22,NO2_24h,张家港,32.0
20170124,22,O3,张家港,82.0
20170124,22,O3_24h,张家港,97.0
20170124,22,O3_8h,张家港,79.0
20170124,22,O3_8h_24h,张家港,90.0
20170124,22,CO,张家港,1.2
20170124,22,CO_24h,张家港,0.7
20170124,23,AQI,张家港,93.0
20170124,23,PM2.5,张家港,69.0
20170124,23,PM2.5_24h,张家港,33.0
20170124,23,PM10,张家港,87.0
20170124,23,PM10_24h,张家港,55.0
20170124,23,SO2,张家港,8.0
20170124,23,SO2_24h,张家港,9.0
20170124,23,NO2,张家港,32.0
20170124,23,NO2_24h,张家港,32.0
20170124,23,O3,张家港,88.0
20170124,23,O3_24h,张家港,97.0
20170124,23,O3_8h,张家港,78.0
20170124,23,O3_8h_24h,张家港,90.0
20170124,23,CO,张家港,0.95
20170124,23,CO_24h,张家港,0.7
20170124,0,AQI,太仓,39.0
20170124,0,PM2.5,太仓,21.0
20170124,0,PM2.5_24h,太仓,29.0
20170124,0,PM10,太仓,39.0
20170124,0,PM10_24h,太仓,54.0
20170124,0,SO2,太仓,10.0
20170124,0,SO2_24h,太仓,14.0
20170124,0,NO2,太仓,49.0
20170124,0,NO2_24h,太仓,34.0
20170124,0,O3,太仓,34.0
20170124,0,O3_24h,太仓,100.0
20170124,0,O3_8h,太仓,61.0
20170124,0,O3_8h_24h,太仓,90.0
20170124,0,CO,太仓,0.7
20170124,0,CO_24h,太仓,0.7
20170124,1,AQI,太仓,39.0
20170124,1,PM2.5,太仓,23.0
20170124,1,PM2.5_24h,太仓,28.0
20170124,1,PM10,太仓,39.0
20170124,1,PM10_24h,太仓,53.0
20170124,1,SO2,太仓,13.0
20170124,1,SO2_24h,太仓,14.0
20170124,1,NO2,太仓,57.0
20170124,1,NO2_24h,太仓,34.0
20170124,1,O3,太仓,27.0
20170124,1,O3_24h,太仓,100.0
20170124,1,O3_8h,太仓,27.0
20170124,1,O3_8h_24h,太仓,27.0
20170124,1,CO,太仓,0.8
20170124,1,CO_24h,太仓,0.7
20170124,2,AQI,太仓,47.0
20170124,2,PM2.5,太仓,25.0
20170124,2,PM2.5_24h,太仓,28.0
20170124,2,PM10,太仓,47.0
20170124,2,PM10_24h,太仓,53.0
20170124,2,SO2,太仓,14.0
20170124,2,SO2_24h,太仓,14.0
20170124,2,NO2,太仓,67.0
20170124,2,NO2_24h,太仓,35.0
20170124,2,O3,太仓,17.0
20170124,2,O3_24h,太仓,100.0
20170124,2,O3_8h,太仓,22.0
20170124,2,O3_8h_24h,太仓,27.0
20170124,2,CO,太仓,0.8
20170124,2,CO_24h,太仓,0.7
20170124,3,AQI,太仓,46.0
20170124,3,PM2.5,太仓,26.0
20170124,3,PM2.5_24h,太仓,28.0
20170124,3,PM10,太仓,46.0
20170124,3,PM10_24h,太仓,53.0
20170124,3,SO2,太仓,13.0
20170124,3,SO2_24h,太仓,14.0
20170124,3,NO2,太仓,64.0
20170124,3,NO2_24h,太仓,37.0
20170124,3,O3,太仓,14.0
20170124,3,O3_24h,太仓,100.0
20170124,3,O3_8h,太仓,19.0
20170124,3,O3_8h_24h,太仓,27.0
20170124,3,CO,太仓,0.8
20170124,3,CO_24h,太仓,0.7
20170124,4,AQI,太仓,44.0
20170124,4,PM2.5,太仓,31.0
20170124,4,PM2.5_24h,太仓,29.0
20170124,4,PM10,太仓,44.0
20170124,4,PM10_24h,太仓,53.0
20170124,4,SO2,太仓,13.0
20170124,4,SO2_24h,太仓,14.0
20170124,4,NO2,太仓,62.0
20170124,4,NO2_24h,太仓,38.0
20170124,4,O3,太仓,22.0
20170124,4,O3_24h,太仓,100.0
20170124,4,O3_8h,太仓,20.0
20170124,4,O3_8h_24h,太仓,27.0
20170124,4,CO,太仓,0.7
20170124,4,CO_24h,太仓,0.7
20170124,5,AQI,太仓,51.0
20170124,5,PM2.5,太仓,27.0
20170124,5,PM2.5_24h,太仓,29.0
20170124,5,PM10,太仓,52.0
20170124,5,PM10_24h,太仓,53.0
20170124,5,SO2,太仓,11.0
20170124,5,SO2_24h,太仓,14.0
20170124,5,NO2,太仓,51.0
20170124,5,NO2_24h,太仓,38.0
20170124,5,O3,太仓,31.0
20170124,5,O3_24h,太仓,100.0
20170124,5,O3_8h,太仓,22.0
20170124,5,O3_8h_24h,太仓,27.0
20170124,5,CO,太仓,0.7
20170124,5,CO_24h,太仓,0.7
20170124,6,AQI,太仓,34.0
20170124,6,PM2.5,太仓,24.0
20170124,6,PM2.5_24h,太仓,29.0
20170124,6,PM10,太仓,31.0
20170124,6,PM10_24h,太仓,45.0
20170124,6,SO2,太仓,18.0
20170124,6,SO2_24h,太仓,15.0
20170124,6,NO2,太仓,39.0
20170124,6,NO2_24h,太仓,26.0
20170124,6,O3,太仓,26.0
20170124,6,O3_24h,太仓,101.0
20170124,6,O3_8h,太仓,33.0
20170124,6,O3_8h_24h,太仓,37.0
20170124,6,CO,太仓,0.65
20170124,6,CO_24h,太仓,0.7
20170124,7,AQI,太仓,49.0
20170124,7,PM2.5,太仓,30.0
20170124,7,PM2.5_24h,太仓,29.0
20170124,7,PM10,太仓,49.0
20170124,7,PM10_24h,太仓,52.0
20170124,7,SO2,太仓,14.0
20170124,7,SO2_24h,太仓,14.0
20170124,7,NO2,太仓,76.0
20170124,7,NO2_24h,太仓,39.0
20170124,7,O3,太仓,4.0
20170124,7,O3_24h,太仓,100.0
20170124,7,O3_8h,太仓,17.0
20170124,7,O3_8h_24h,太仓,27.0
20170124,7,CO,太仓,0.8
20170124,7,CO_24h,太仓,0.7
20170124,8,AQI,太仓,51.0
20170124,8,PM2.5,太仓,30.0
20170124,8,PM2.5_24h,太仓,28.0
20170124,8,PM10,太仓,52.0
20170124,8,PM10_24h,太仓,52.0
20170124,8,SO2,太仓,12.0
20170124,8,SO2_24h,太仓,14.0
20170124,8,NO2,太仓,64.0
20170124,8,NO2_24h,太仓,39.0
20170124,8,O3,太仓,17.0
20170124,8,O3_24h,太仓,100.0
20170124,8,O3_8h,太仓,17.0
20170124,8,O3_8h_24h,太仓,27.0
20170124,8,CO,太仓,0.7
20170124,8,CO_24h,太仓,0.7
20170124,9,AQI,太仓,39.0
20170124,9,PM2.5,太仓,27.0
20170124,9,PM2.5_24h,太仓,27.0
20170124,9,PM10,太仓,38.0
20170124,9,PM10_24h,太仓,43.0
20170124,9,SO2,太仓,24.0
20170124,9,SO2_24h,太仓,14.0
20170124,9,NO2,太仓,32.0
20170124,9,NO2_24h,太仓,27.0
20170124,9,O3,太仓,27.0
20170124,9,O3_24h,太仓,101.0
20170124,9,O3_8h,太仓,28.0
20170124,9,O3_8h_24h,太仓,37.0
20170124,9,CO,太仓,0.85
20170124,9,CO_24h,太仓,0.65
20170124,10,AQI,太仓,43.0
20170124,10,PM2.5,太仓,24.0
20170124,10,PM2.5_24h,太仓,27.0
20170124,10,PM10,太仓,43.0
20170124,10,PM10_24h,太仓,43.0
20170124,10,SO2,太仓,21.0
20170124,10,SO2_24h,太仓,15.0
20170124,10,NO2,太仓,23.0
20170124,10,NO2_24h,太仓,27.0
20170124,10,O3,太仓,66.0
20170124,10,O3_24h,太仓,101.0
20170124,10,O3_8h,太仓,36.0
20170124,10,O3_8h_24h,太仓,39.0
20170124,10,CO,太仓,0.75
20170124,10,CO_24h,太仓,0.65
20170124,11,AQI,太仓,39.0
20170124,11,PM2.5,太仓,24.0
20170124,11,PM2.5_24h,太仓,26.0
20170124,11,PM10,太仓,39.0
20170124,11,PM10_24h,太仓,42.0
20170124,11,SO2,太仓,19.0
20170124,11,SO2_24h,太仓,15.0
20170124,11,NO2,太仓,22.0
20170124,11,NO2_24h,太仓,27.0
20170124,11,O3,太仓,75.0
20170124,11,O3_24h,太仓,101.0
20170124,11,O3_8h,太仓,43.0
20170124,11,O3_8h_24h,太仓,43.0
20170124,11,CO,太仓,1.0
20170124,11,CO_24h,太仓,0.7
20170124,12,AQI,太仓,41.0
20170124,12,PM2.5,太仓,25.0
20170124,12,PM2.5_24h,太仓,26.0
20170124,12,PM10,太仓,41.0
20170124,12,PM10_24h,太仓,42.0
20170124,12,SO2,太仓,22.0
20170124,12,SO2_24h,太仓,15.0
20170124,12,NO2,太仓,21.0
20170124,12,NO2_24h,太仓,28.0
20170124,12,O3,太仓,80.0
20170124,12,O3_24h,太仓,101.0
20170124,12,O3_8h,太仓,49.0
20170124,12,O3_8h_24h,太仓,49.0
20170124,12,CO,太仓,1.05
20170124,12,CO_24h,太仓,0.7
20170124,13,AQI,太仓,43.0
20170124,13,PM2.5,太仓,27.0
20170124,13,PM2.5_24h,太仓,25.0
20170124,13,PM10,太仓,43.0
20170124,13,PM10_24h,太仓,41.0
20170124,13,SO2,太仓,22.0
20170124,13,SO2_24h,太仓,15.0
20170124,13,NO2,太仓,23.0
20170124,13,NO2_24h,太仓,28.0
20170124,13,O3,太仓,82.0
20170124,13,O3_24h,太仓,101.0
20170124,13,O3_8h,太仓,54.0
20170124,13,O3_8h_24h,太仓,54.0
20170124,13,CO,太仓,0.95
20170124,13,CO_24h,太仓,0.75
20170124,14,AQI,太仓,41.0
20170124,14,PM2.5,太仓,26.0
20170124,14,PM2.5_24h,太仓,25.0
20170124,14,PM10,太仓,41.0
20170124,14,PM10_24h,太仓,41.0
20170124,14,SO2,太仓,20.0
20170124,14,SO2_24h,太仓,16.0
20170124,14,NO2,太仓,22.0
20170124,14,NO2_24h,太仓,29.0
20170124,14,O3,太仓,87.0
20170124,14,O3_24h,太仓,101.0
20170124,14,O3_8h,太仓,62.0
20170124,14,O3_8h_24h,太仓,62.0
20170124,14,CO,太仓,0.85
20170124,14,CO_24h,太仓,0.75
20170124,15,AQI,太仓,42.0
20170124,15,PM2.5,太仓,29.0
20170124,15,PM2.5_24h,太仓,25.0
20170124,15,PM10,太仓,42.0
20170124,15,PM10_24h,太仓,41.0
20170124,15,SO2,太仓,22.0
20170124,15,SO2_24h,太仓,16.0
20170124,15,NO2,太仓,25.0
20170124,15,NO2_24h,太仓,29.0
20170124,15,O3,太仓,88.0
20170124,15,O3_24h,太仓,101.0
20170124,15,O3_8h,太仓,69.0
20170124,15,O3_8h_24h,太仓,69.0
20170124,15,CO,太仓,0.95
20170124,15,CO_24h,太仓,0.75
20170124,16,AQI,太仓,53.0
20170124,16,PM2.5,太仓,37.0
20170124,16,PM2.5_24h,太仓,25.0
20170124,16,PM10,太仓,55.0
20170124,16,PM10_24h,太仓,41.0
20170124,16,SO2,太仓,27.0
20170124,16,SO2_24h,太仓,16.0
20170124,16,NO2,太仓,33.0
20170124,16,NO2_24h,太仓,30.0
20170124,16,O3,太仓,84.0
20170124,16,O3_24h,太仓,94.0
20170124,16,O3_8h,太仓,74.0
20170124,16,O3_8h_24h,太仓,74.0
20170124,16,CO,太仓,1.25
20170124,16,CO_24h,太仓,0.85
20170124,17,AQI,太仓,61.0
20170124,17,PM2.5,太仓,44.0
20170124,17,PM2.5_24h,太仓,26.0
20170124,17,PM10,太仓,66.0
20170124,17,PM10_24h,太仓,40.0
20170124,17,SO2,太仓,25.0
20170124,17,SO2_24h,太仓,17.0
20170124,17,NO2,太仓,36.0
20170124,17,NO2_24h,太仓,31.0
20170124,17,O3,太仓,87.0
20170124,17,O3_24h,太仓,88.0
20170124,17,O3_8h,太仓,81.0
20170124,17,O3_8h_24h,太仓,81.0
20170124,17,CO,太仓,1.25
20170124,17,CO_24h,太仓,0.85
20170124,18,AQI,太仓,71.0
20170124,18,PM2.5,太仓,52.0
20170124,18,PM2.5_24h,太仓,27.0
20170124,18,PM10,太仓,77.0
20170124,18,PM10_24h,太仓,41.0
20170124,18,SO2,太仓,20.0
20170124,18,SO2_24h,太仓,17.0
20170124,18,NO2,太仓,34.0
20170124,18,NO2_24h,太仓,32.0
20170124,18,O3,太仓,85.0
20170124,18,O3_24h,太仓,91.0
20170124,18,O3_8h,太仓,84.0
20170124,18,O3_8h_24h,太仓,84.0
20170124,18,CO,太仓,1.1
20170124,18,CO_24h,太仓,0.85
20170124,19,AQI,太仓,73.0
20170124,19,PM2.5,太仓,53.0
20170124,19,PM2.5_24h,太仓,29.0
20170124,19,PM10,太仓,82.0
20170124,19,PM10_24h,太仓,51.0
20170124,19,SO2,太仓,20.0
20170124,19,SO2_24h,太仓,17.0
20170124,19,NO2,太仓,45.0
20170124,19,NO2_24h,太仓,43.0
20170124,19,O3,太仓,65.0
20170124,19,O3_24h,太仓,89.0
20170124,19,O3_8h,太仓,81.0
20170124,19,O3_8h_24h,太仓,82.0
20170124,19,CO,太仓,1.1
20170124,19,CO_24h,太仓,0.8
20170124,20,AQI,太仓,69.0
20170124,20,PM2.5,太仓,50.0
20170124,20,PM2.5_24h,太仓,30.0
20170124,20,PM10,太仓,78.0
20170124,20,PM10_24h,太仓,52.0
20170124,20,SO2,太仓,18.0
20170124,20,SO2_24h,太仓,17.0
20170124,20,NO2,太仓,40.0
20170124,20,NO2_24h,太仓,44.0
20170124,20,O3,太仓,68.0
20170124,20,O3_24h,太仓,89.0
20170124,20,O3_8h,太仓,79.0
20170124,20,O3_8h_24h,太仓,82.0
20170124,20,CO,太仓,0.9
20170124,20,CO_24h,太仓,0.8
20170124,21,AQI,太仓,78.0
20170124,21,PM2.5,太仓,57.0
20170124,21,PM2.5_24h,太仓,32.0
20170124,21,PM10,太仓,77.0
20170124,21,PM10_24h,太仓,42.0
20170124,21,SO2,太仓,23.0
20170124,21,SO2_24h,太仓,19.0
20170124,21,NO2,太仓,30.0
20170124,21,NO2_24h,太仓,33.0
20170124,21,O3,太仓,80.0
20170124,21,O3_24h,太仓,93.0
20170124,21,O3_8h,太仓,83.0
20170124,21,O3_8h_24h,太仓,86.0
20170124,21,CO,太仓,1.1
20170124,21,CO_24h,太仓,0.9
20170124,22,AQI,太仓,81.0
20170124,22,PM2.5,太仓,60.0
20170124,22,PM2.5_24h,太仓,34.0
20170124,22,PM10,太仓,83.0
20170124,22,PM10_24h,太仓,42.0
20170124,22,SO2,太仓,22.0
20170124,22,SO2_24h,太仓,20.0
20170124,22,NO2,太仓,26.0
20170124,22,NO2_24h,太仓,32.0
20170124,22,O3,太仓,91.0
20170124,22,O3_24h,太仓,95.0
20170124,22,O3_8h,太仓,84.0
20170124,22,O3_8h_24h,太仓,86.0
20170124,22,CO,太仓,1.15
20170124,22,CO_24h,太仓,1.0
20170124,23,AQI,太仓,93.0
20170124,23,PM2.5,太仓,69.0
20170124,23,PM2.5_24h,太仓,37.0
20170124,23,PM10,太仓,80.0
20170124,23,PM10_24h,太仓,43.0
20170124,23,SO2,太仓,18.0
20170124,23,SO2_24h,太仓,20.0
20170124,23,NO2,太仓,18.0
20170124,23,NO2_24h,太仓,32.0
20170124,23,O3,太仓,91.0
20170124,23,O3_24h,太仓,95.0
20170124,23,O3_8h,太仓,84.0
20170124,23,O3_8h_24h,太仓,87.0
20170124,23,CO,太仓,1.1
20170124,23,CO_24h,太仓,1.0
20170124,0,AQI,句容,110.0
20170124,0,PM2.5,句容,83.0
20170124,0,PM2.5_24h,句容,63.0
20170124,0,PM10,句容,110.0
20170124,0,PM10_24h,句容,78.0
20170124,0,SO2,句容,9.0
20170124,0,SO2_24h,句容,9.0
20170124,0,NO2,句容,45.0
20170124,0,NO2_24h,句容,33.0
20170124,0,O3,句容,21.0
20170124,0,O3_24h,句容,91.0
20170124,0,O3_8h,句容,45.0
20170124,0,O3_8h_24h,句容,81.0
20170124,0,CO,句容,0.95
20170124,0,CO_24h,句容,0.7
20170124,1,AQI,句容,108.0
20170124,1,PM2.5,句容,81.0
20170124,1,PM2.5_24h,句容,62.0
20170124,1,PM10,句容,100.0
20170124,1,PM10_24h,句容,78.0
20170124,1,SO2,句容,8.0
20170124,1,SO2_24h,句容,9.0
20170124,1,NO2,句容,45.0
20170124,1,NO2_24h,句容,33.0
20170124,1,O3,句容,22.0
20170124,1,O3_24h,句容,91.0
20170124,1,O3_8h,句容,22.0
20170124,1,O3_8h_24h,句容,22.0
20170124,1,CO,句容,0.8
20170124,1,CO_24h,句容,0.7
20170124,2,AQI,句容,90.0
20170124,2,PM2.5,句容,67.0
20170124,2,PM2.5_24h,句容,61.0
20170124,2,PM10,句容,83.0
20170124,2,PM10_24h,句容,77.0
20170124,2,SO2,句容,7.0
20170124,2,SO2_24h,句容,9.0
20170124,2,NO2,句容,35.0
20170124,2,NO2_24h,句容,33.0
20170124,2,O3,句容,26.0
20170124,2,O3_24h,句容,91.0
20170124,2,O3_8h,句容,24.0
20170124,2,O3_8h_24h,句容,24.0
20170124,2,CO,句容,0.65
20170124,2,CO_24h,句容,0.7
20170124,3,AQI,句容,66.0
20170124,3,PM2.5,句容,48.0
20170124,3,PM2.5_24h,句容,59.0
20170124,3,PM10,句容,68.0
20170124,3,PM10_24h,句容,76.0
20170124,3,SO2,句容,6.0
20170124,3,SO2_24h,句容,9.0
20170124,3,NO2,句容,28.0
20170124,3,NO2_24h,句容,33.0
20170124,3,O3,句容,31.0
20170124,3,O3_24h,句容,91.0
20170124,3,O3_8h,句容,26.0
20170124,3,O3_8h_24h,句容,26.0
20170124,3,CO,句容,0.5
20170124,3,CO_24h,句容,0.7
20170124,4,AQI,句容,53.0
20170124,4,PM2.5,句容,37.0
20170124,4,PM2.5_24h,句容,58.0
20170124,4,PM10,句容,56.0
20170124,4,PM10_24h,句容,75.0
20170124,4,SO2,句容,6.0
20170124,4,SO2_24h,句容,9.0
20170124,4,NO2,句容,26.0
20170124,4,NO2_24h,句容,32.0
20170124,4,O3,句容,35.0
20170124,4,O3_24h,句容,91.0
20170124,4,O3_8h,句容,28.0
20170124,4,O3_8h_24h,句容,28.0
20170124,4,CO,句容,0.45
20170124,4,CO_24h,句容,0.7
20170124,5,AQI,句容,48.0
20170124,5,PM2.5,句容,31.0
20170124,5,PM2.5_24h,句容,56.0
20170124,5,PM10,句容,48.0
20170124,5,PM10_24h,句容,74.0
20170124,5,SO2,句容,5.0
20170124,5,SO2_24h,句容,9.0
20170124,5,NO2,句容,23.0
20170124,5,NO2_24h,句容,32.0
20170124,5,O3,句容,34.0
20170124,5,O3_24h,句容,91.0
20170124,5,O3_8h,句容,29.0
20170124,5,O3_8h_24h,句容,29.0
20170124,5,CO,句容,0.55
20170124,5,CO_24h,句容,0.7
20170124,6,AQI,句容,46.0
20170124,6,PM2.5,句容,32.0
20170124,6,PM2.5_24h,句容,55.0
20170124,6,PM10,句容,44.0
20170124,6,PM10_24h,句容,73.0
20170124,6,SO2,句容,5.0
20170124,6,SO2_24h,句容,9.0
20170124,6,NO2,句容,22.0
20170124,6,NO2_24h,句容,31.0
20170124,6,O3,句容,38.0
20170124,6,O3_24h,句容,91.0
20170124,6,O3_8h,句容,31.0
20170124,6,O3_8h_24h,句容,31.0
20170124,6,CO,句容,0.65
20170124,6,CO_24h,句容,0.7
20170124,7,AQI,句容,49.0
20170124,7,PM2.5,句容,34.0
20170124,7,PM2.5_24h,句容,54.0
20170124,7,PM10,句容,46.0
20170124,7,PM10_24h,句容,72.0
20170124,7,SO2,句容,5.0
20170124,7,SO2_24h,句容,9.0
20170124,7,NO2,句容,26.0
20170124,7,NO2_24h,句容,31.0
20170124,7,O3,句容,34.0
20170124,7,O3_24h,句容,91.0
20170124,7,O3_8h,句容,31.0
20170124,7,O3_8h_24h,句容,31.0
20170124,7,CO,句容,0.75
20170124,7,CO_24h,句容,0.7
20170124,8,AQI,句容,51.0
20170124,8,PM2.5,句容,36.0
20170124,8,PM2.5_24h,句容,53.0
20170124,8,PM10,句容,50.0
20170124,8,PM10_24h,句容,74.0
20170124,8,SO2,句容,5.0
20170124,8,SO2_24h,句容,8.0
20170124,8,NO2,句容,26.0
20170124,8,NO2_24h,句容,31.0
20170124,8,O3,句容,29.0
20170124,8,O3_24h,句容,91.0
20170124,8,O3_8h,句容,31.0
20170124,8,O3_8h_24h,句容,31.0
20170124,8,CO,句容,0.75
20170124,8,CO_24h,句容,0.7
20170124,9,AQI,句容,55.0
20170124,9,PM2.5,句容,39.0
20170124,9,PM2.5_24h,句容,52.0
20170124,9,PM10,句容,55.0
20170124,9,PM10_24h,句容,73.0
20170124,9,SO2,句容,5.0
20170124,9,SO2_24h,句容,8.0
20170124,9,NO2,句容,27.0
20170124,9,NO2_24h,句容,30.0
20170124,9,O3,句容,37.0
20170124,9,O3_24h,句容,91.0
20170124,9,O3_8h,句容,33.0
20170124,9,O3_8h_24h,句容,33.0
20170124,9,CO,句容,0.7
20170124,9,CO_24h,句容,0.7
20170124,10,AQI,句容,63.0
20170124,10,PM2.5,句容,45.0
20170124,10,PM2.5_24h,句容,52.0
20170124,10,PM10,句容,57.0
20170124,10,PM10_24h,句容,72.0
20170124,10,SO2,句容,7.0
20170124,10,SO2_24h,句容,8.0
20170124,10,NO2,句容,20.0
20170124,10,NO2_24h,句容,30.0
20170124,10,O3,句容,58.0
20170124,10,O3_24h,句容,91.0
20170124,10,O3_8h,句容,37.0
20170124,10,O3_8h_24h,句容,37.0
20170124,10,CO,句容,0.6
20170124,10,CO_24h,句容,0.7
20170124,11,AQI,句容,52.0
20170124,11,PM2.5,句容,34.0
20170124,11,PM2.5_24h,句容,52.0
20170124,11,PM10,句容,53.0
20170124,11,PM10_24h,句容,72.0
20170124,11,SO2,句容,7.0
20170124,11,SO2_24h,句容,8.0
20170124,11,NO2,句容,20.0
20170124,11,NO2_24h,句容,30.0
20170124,11,O3,句容,68.0
20170124,11,O3_24h,句容,91.0
20170124,11,O3_8h,句容,42.0
20170124,11,O3_8h_24h,句容,42.0
20170124,11,CO,句容,0.65
20170124,11,CO_24h,句容,0.7
20170124,12,AQI,句容,41.0
20170124,12,PM2.5,句容,28.0
20170124,12,PM2.5_24h,句容,51.0
20170124,12,PM10,句容,41.0
20170124,12,PM10_24h,句容,61.0
20170124,12,SO2,句容,7.0
20170124,12,SO2_24h,句容,8.0
20170124,12,NO2,句容,19.0
20170124,12,NO2_24h,句容,30.0
20170124,12,O3,句容,77.0
20170124,12,O3_24h,句容,91.0
20170124,12,O3_8h,句容,47.0
20170124,12,O3_8h_24h,句容,47.0
20170124,12,CO,句容,0.55
20170124,12,CO_24h,句容,0.7
20170124,13,AQI,句容,53.0
20170124,13,PM2.5,句容,30.0
20170124,13,PM2.5_24h,句容,50.0
20170124,13,PM10,句容,55.0
20170124,13,PM10_24h,句容,61.0
20170124,13,SO2,句容,7.0
20170124,13,SO2_24h,句容,8.0
20170124,13,NO2,句容,16.0
20170124,13,NO2_24h,句容,29.0
20170124,13,O3,句容,86.0
20170124,13,O3_24h,句容,91.0
20170124,13,O3_8h,句容,54.0
20170124,13,O3_8h_24h,句容,54.0
20170124,13,CO,句容,0.35
20170124,13,CO_24h,句容,0.7
20170124,14,AQI,句容,53.0
20170124,14,PM2.5,句容,31.0
20170124,14,PM2.5_24h,句容,50.0
20170124,14,PM10,句容,56.0
20170124,14,PM10_24h,句容,60.0
20170124,14,SO2,句容,8.0
20170124,14,SO2_24h,句容,8.0
20170124,14,NO2,句容,16.0
20170124,14,NO2_24h,句容,29.0
20170124,14,O3,句容,90.0
20170124,14,O3_24h,句容,92.0
20170124,14,O3_8h,句容,60.0
20170124,14,O3_8h_24h,句容,60.0
20170124,14,CO,句容,0.4
20170124,14,CO_24h,句容,0.7
20170124,15,AQI,句容,45.0
20170124,15,PM2.5,句容,30.0
20170124,15,PM2.5_24h,句容,49.0
20170124,15,PM10,句容,45.0
20170124,15,PM10_24h,句容,57.0
20170124,15,SO2,句容,9.0
20170124,15,SO2_24h,句容,8.0
20170124,15,NO2,句容,18.0
20170124,15,NO2_24h,句容,29.0
20170124,15,O3,句容,92.0
20170124,15,O3_24h,句容,92.0
20170124,15,O3_8h,句容,67.0
20170124,15,O3_8h_24h,句容,67.0
20170124,15,CO,句容,0.4
20170124,15,CO_24h,句容,0.7
20170124,16,AQI,句容,58.0
20170124,16,PM2.5,句容,41.0
20170124,16,PM2.5_24h,句容,49.0
20170124,16,PM10,句容,56.0
20170124,16,PM10_24h,句容,57.0
20170124,16,SO2,句容,8.0
20170124,16,SO2_24h,句容,8.0
20170124,16,NO2,句容,21.0
20170124,16,NO2_24h,句容,29.0
20170124,16,O3,句容,87.0
20170124,16,O3_24h,句容,92.0
20170124,16,O3_8h,句容,74.0
20170124,16,O3_8h_24h,句容,74.0
20170124,16,CO,句容,0.5
20170124,16,CO_24h,句容,0.65
20170124,17,AQI,句容,55.0
20170124,17,PM2.5,句容,39.0
20170124,17,PM2.5_24h,句容,49.0
20170124,17,PM10,句容,58.0
20170124,17,PM10_24h,句容,57.0
20170124,17,SO2,句容,8.0
20170124,17,SO2_24h,句容,7.0
20170124,17,NO2,句容,23.0
20170124,17,NO2_24h,句容,29.0
20170124,17,O3,句容,78.0
20170124,17,O3_24h,句容,92.0
20170124,17,O3_8h,句容,80.0
20170124,17,O3_8h_24h,句容,80.0
20170124,17,CO,句容,0.5
20170124,17,CO_24h,句容,0.65
20170124,18,AQI,句容,66.0
20170124,18,PM2.5,句容,48.0
20170124,18,PM2.5_24h,句容,49.0
20170124,18,PM10,句容,61.0
20170124,18,PM10_24h,句容,56.0
20170124,18,SO2,句容,8.0
20170124,18,SO2_24h,句容,7.0
20170124,18,NO2,句容,33.0
20170124,18,NO2_24h,句容,29.0
20170124,18,O3,句容,56.0
20170124,18,O3_24h,句容,92.0
20170124,18,O3_8h,句容,79.0
20170124,18,O3_8h_24h,句容,80.0
20170124,18,CO,句容,0.6
20170124,18,CO_24h,句容,0.65
20170124,19,AQI,句容,70.0
20170124,19,PM2.5,句容,51.0
20170124,19,PM2.5_24h,句容,48.0
20170124,19,PM10,句容,65.0
20170124,19,PM10_24h,句容,58.0
20170124,19,SO2,句容,8.0
20170124,19,SO2_24h,句容,7.0
20170124,19,NO2,句容,39.0
20170124,19,NO2_24h,句容,29.0
20170124,19,O3,句容,40.0
20170124,19,O3_24h,句容,92.0
20170124,19,O3_8h,句容,76.0
20170124,19,O3_8h_24h,句容,80.0
20170124,19,CO,句容,0.85
20170124,19,CO_24h,句容,0.65
20170124,20,AQI,句容,75.0
20170124,20,PM2.5,句容,55.0
20170124,20,PM2.5_24h,句容,48.0
20170124,20,PM10,句容,80.0
20170124,20,PM10_24h,句容,57.0
20170124,20,SO2,句容,8.0
20170124,20,SO2_24h,句容,7.0
20170124,20,NO2,句容,27.0
20170124,20,NO2_24h,句容,28.0
20170124,20,O3,句容,53.0
20170124,20,O3_24h,句容,92.0
20170124,20,O3_8h,句容,73.0
20170124,20,O3_8h_24h,句容,80.0
20170124,20,CO,句容,0.65
20170124,20,CO_24h,句容,0.65
20170124,21,AQI,句容,88.0
20170124,21,PM2.5,句容,65.0
20170124,21,PM2.5_24h,句容,47.0
20170124,21,PM10,句容,72.0
20170124,21,PM10_24h,句容,56.0
20170124,21,SO2,句容,8.0
20170124,21,SO2_24h,句容,7.0
20170124,21,NO2,句容,32.0
20170124,21,NO2_24h,句容,28.0
20170124,21,O3,句容,46.0
20170124,21,O3_24h,句容,92.0
20170124,21,O3_8h,句容,68.0
20170124,21,O3_8h_24h,句容,80.0
20170124,21,CO,句容,0.85
20170124,21,CO_24h,句容,0.65
20170124,22,AQI,句容,104.0
20170124,22,PM2.5,句容,78.0
20170124,22,PM2.5_24h,句容,48.0
20170124,22,PM10,句容,95.0
20170124,22,PM10_24h,句容,56.0
20170124,22,SO2,句容,9.0
20170124,22,SO2_24h,句容,7.0
20170124,22,NO2,句容,34.0
20170124,22,NO2_24h,句容,28.0
20170124,22,O3,句容,41.0
20170124,22,O3_24h,句容,92.0
20170124,22,O3_8h,句容,62.0
20170124,22,O3_8h_24h,句容,80.0
20170124,22,CO,句容,1.05
20170124,22,CO_24h,句容,0.65
20170124,23,AQI,句容,110.0
20170124,23,PM2.5,句容,83.0
20170124,23,PM2.5_24h,句容,48.0
20170124,23,PM10,句容,96.0
20170124,23,PM10_24h,句容,55.0
20170124,23,SO2,句容,9.0
20170124,23,SO2_24h,句容,7.0
20170124,23,NO2,句容,33.0
20170124,23,NO2_24h,句容,27.0
20170124,23,O3,句容,39.0
20170124,23,O3_24h,句容,92.0
20170124,23,O3_8h,句容,55.0
20170124,23,O3_8h_24h,句容,80.0
20170124,23,CO,句容,0.9
20170124,23,CO_24h,句容,0.65
20170124,0,AQI,江阴,39.0
20170124,0,PM2.5,江阴,22.0
20170124,0,PM2.5_24h,江阴,43.0
20170124,0,PM10,江阴,39.0
20170124,0,PM10_24h,江阴,69.0
20170124,0,SO2,江阴,8.0
20170124,0,SO2_24h,江阴,16.0
20170124,0,NO2,江阴,21.0
20170124,0,NO2_24h,江阴,37.0
20170124,0,O3,江阴,61.0
20170124,0,O3_24h,江阴,90.0
20170124,0,O3_8h,江阴,55.0
20170124,0,O3_8h_24h,江阴,77.0
20170124,0,CO,江阴,0.5
20170124,0,CO_24h,江阴,0.77
20170124,1,AQI,江阴,39.0
20170124,1,PM2.5,江阴,27.0
20170124,1,PM2.5_24h,江阴,42.0
20170124,1,PM10,江阴,38.0
20170124,1,PM10_24h,江阴,67.0
20170124,1,SO2,江阴,10.0
20170124,1,SO2_24h,江阴,16.0
20170124,1,NO2,江阴,24.0
20170124,1,NO2_24h,江阴,37.0
20170124,1,O3,江阴,56.0
20170124,1,O3_24h,江阴,90.0
20170124,1,O3_8h,江阴,56.0
20170124,1,O3_8h_24h,江阴,56.0
20170124,1,CO,江阴,0.57
20170124,1,CO_24h,江阴,0.77
20170124,2,AQI,江阴,34.0
20170124,2,PM2.5,江阴,21.0
20170124,2,PM2.5_24h,江阴,41.0
20170124,2,PM10,江阴,34.0
20170124,2,PM10_24h,江阴,66.0
20170124,2,SO2,江阴,9.0
20170124,2,SO2_24h,江阴,16.0
20170124,2,NO2,江阴,26.0
20170124,2,NO2_24h,江阴,37.0
20170124,2,O3,江阴,52.0
20170124,2,O3_24h,江阴,90.0
20170124,2,O3_8h,江阴,54.0
20170124,2,O3_8h_24h,江阴,56.0
20170124,2,CO,江阴,0.6
20170124,2,CO_24h,江阴,0.77
20170124,3,AQI,江阴,32.0
20170124,3,PM2.5,江阴,17.0
20170124,3,PM2.5_24h,江阴,41.0
20170124,3,PM10,江阴,32.0
20170124,3,PM10_24h,江阴,65.0
20170124,3,SO2,江阴,8.0
20170124,3,SO2_24h,江阴,16.0
20170124,3,NO2,江阴,25.0
20170124,3,NO2_24h,江阴,36.0
20170124,3,O3,江阴,54.0
20170124,3,O3_24h,江阴,90.0
20170124,3,O3_8h,江阴,54.0
20170124,3,O3_8h_24h,江阴,56.0
20170124,3,CO,江阴,0.53
20170124,3,CO_24h,江阴,0.77
20170124,4,AQI,江阴,29.0
20170124,4,PM2.5,江阴,17.0
20170124,4,PM2.5_24h,江阴,40.0
20170124,4,PM10,江阴,29.0
20170124,4,PM10_24h,江阴,65.0
20170124,4,SO2,江阴,8.0
20170124,4,SO2_24h,江阴,15.0
20170124,4,NO2,江阴,25.0
20170124,4,NO2_24h,江阴,36.0
20170124,4,O3,江阴,53.0
20170124,4,O3_24h,江阴,90.0
20170124,4,O3_8h,江阴,53.0
20170124,4,O3_8h_24h,江阴,57.0
20170124,4,CO,江阴,0.73
20170124,4,CO_24h,江阴,0.8
20170124,5,AQI,江阴,33.0
20170124,5,PM2.5,江阴,18.0
20170124,5,PM2.5_24h,江阴,40.0
20170124,5,PM10,江阴,33.0
20170124,5,PM10_24h,江阴,64.0
20170124,5,SO2,江阴,9.0
20170124,5,SO2_24h,江阴,16.0
20170124,5,NO2,江阴,30.0
20170124,5,NO2_24h,江阴,36.0
20170124,5,O3,江阴,51.0
20170124,5,O3_24h,江阴,90.0
20170124,5,O3_8h,江阴,53.0
20170124,5,O3_8h_24h,江阴,57.0
20170124,5,CO,江阴,0.77
20170124,5,CO_24h,江阴,0.8
20170124,6,AQI,江阴,38.0
20170124,6,PM2.5,江阴,19.0
20170124,6,PM2.5_24h,江阴,39.0
20170124,6,PM10,江阴,38.0
20170124,6,PM10_24h,江阴,63.0
20170124,6,SO2,江阴,7.0
20170124,6,SO2_24h,江阴,15.0
20170124,6,NO2,江阴,29.0
20170124,6,NO2_24h,江阴,36.0
20170124,6,O3,江阴,51.0
20170124,6,O3_24h,江阴,90.0
20170124,6,O3_8h,江阴,53.0
20170124,6,O3_8h_24h,江阴,57.0
20170124,6,CO,江阴,0.67
20170124,6,CO_24h,江阴,0.8
20170124,7,AQI,江阴,38.0
20170124,7,PM2.5,江阴,23.0
20170124,7,PM2.5_24h,江阴,39.0
20170124,7,PM10,江阴,38.0
20170124,7,PM10_24h,江阴,62.0
20170124,7,SO2,江阴,6.0
20170124,7,SO2_24h,江阴,15.0
20170124,7,NO2,江阴,39.0
20170124,7,NO2_24h,江阴,35.0
20170124,7,O3,江阴,42.0
20170124,7,O3_24h,江阴,90.0
20170124,7,O3_8h,江阴,51.0
20170124,7,O3_8h_24h,江阴,57.0
20170124,7,CO,江阴,0.57
20170124,7,CO_24h,江阴,0.8
20170124,8,AQI,江阴,36.0
20170124,8,PM2.5,江阴,22.0
20170124,8,PM2.5_24h,江阴,37.0
20170124,8,PM10,江阴,36.0
20170124,8,PM10_24h,江阴,60.0
20170124,8,SO2,江阴,7.0
20170124,8,SO2_24h,江阴,15.0
20170124,8,NO2,江阴,53.0
20170124,8,NO2_24h,江阴,34.0
20170124,8,O3,江阴,24.0
20170124,8,O3_24h,江阴,90.0
20170124,8,O3_8h,江阴,48.0
20170124,8,O3_8h_24h,江阴,57.0
20170124,8,CO,江阴,0.57
20170124,8,CO_24h,江阴,0.73
20170124,9,AQI,江阴,46.0
20170124,9,PM2.5,江阴,26.0
20170124,9,PM2.5_24h,江阴,36.0
20170124,9,PM10,江阴,46.0
20170124,9,PM10_24h,江阴,59.0
20170124,9,SO2,江阴,11.0
20170124,9,SO2_24h,江阴,14.0
20170124,9,NO2,江阴,46.0
20170124,9,NO2_24h,江阴,34.0
20170124,9,O3,江阴,33.0
20170124,9,O3_24h,江阴,90.0
20170124,9,O3_8h,江阴,45.0
20170124,9,O3_8h_24h,江阴,57.0
20170124,9,CO,江阴,0.73
20170124,9,CO_24h,江阴,0.73
20170124,10,AQI,江阴,53.0
20170124,10,PM2.5,江阴,31.0
20170124,10,PM2.5_24h,江阴,35.0
20170124,10,PM10,江阴,56.0
20170124,10,PM10_24h,江阴,58.0
20170124,10,SO2,江阴,13.0
20170124,10,SO2_24h,江阴,14.0
20170124,10,NO2,江阴,29.0
20170124,10,NO2_24h,江阴,33.0
20170124,10,O3,江阴,57.0
20170124,10,O3_24h,江阴,90.0
20170124,10,O3_8h,江阴,45.0
20170124,10,O3_8h_24h,江阴,57.0
20170124,10,CO,江阴,0.67
20170124,10,CO_24h,江阴,0.73
20170124,11,AQI,江阴,50.0
20170124,11,PM2.5,江阴,27.0
20170124,11,PM2.5_24h,江阴,35.0
20170124,11,PM10,江阴,50.0
20170124,11,PM10_24h,江阴,57.0
20170124,11,SO2,江阴,13.0
20170124,11,SO2_24h,江阴,13.0
20170124,11,NO2,江阴,20.0
20170124,11,NO2_24h,江阴,32.0
20170124,11,O3,江阴,87.0
20170124,11,O3_24h,江阴,97.0
20170124,11,O3_8h,江阴,50.0
20170124,11,O3_8h_24h,江阴,57.0
20170124,11,CO,江阴,0.47
20170124,11,CO_24h,江阴,0.73
20170124,12,AQI,江阴,41.0
20170124,12,PM2.5,江阴,26.0
20170124,12,PM2.5_24h,江阴,34.0
20170124,12,PM10,江阴,41.0
20170124,12,PM10_24h,江阴,55.0
20170124,12,SO2,江阴,14.0
20170124,12,SO2_24h,江阴,12.0
20170124,12,NO2,江阴,18.0
20170124,12,NO2_24h,江阴,32.0
20170124,12,O3,江阴,77.0
20170124,12,O3_24h,江阴,97.0
20170124,12,O3_8h,江阴,53.0
20170124,12,O3_8h_24h,江阴,57.0
20170124,12,CO,江阴,0.47
20170124,12,CO_24h,江阴,0.73
20170124,13,AQI,江阴,47.0
20170124,13,PM2.5,江阴,25.0
20170124,13,PM2.5_24h,江阴,33.0
20170124,13,PM10,江阴,47.0
20170124,13,PM10_24h,江阴,54.0
20170124,13,SO2,江阴,14.0
20170124,13,SO2_24h,江阴,12.0
20170124,13,NO2,江阴,17.0
20170124,13,NO2_24h,江阴,32.0
20170124,13,O3,江阴,81.0
20170124,13,O3_24h,江阴,97.0
20170124,13,O3_8h,江阴,57.0
20170124,13,O3_8h_24h,江阴,58.0
20170124,13,CO,江阴,0.53
20170124,13,CO_24h,江阴,0.7
20170124,14,AQI,江阴,49.0
20170124,14,PM2.5,江阴,29.0
20170124,14,PM2.5_24h,江阴,33.0
20170124,14,PM10,江阴,49.0
20170124,14,PM10_24h,江阴,54.0
20170124,14,SO2,江阴,13.0
20170124,14,SO2_24h,江阴,12.0
20170124,14,NO2,江阴,18.0
20170124,14,NO2_24h,江阴,32.0
20170124,14,O3,江阴,85.0
20170124,14,O3_24h,江阴,97.0
20170124,14,O3_8h,江阴,61.0
20170124,14,O3_8h_24h,江阴,61.0
20170124,14,CO,江阴,0.57
20170124,14,CO_24h,江阴,0.7
20170124,15,AQI,江阴,51.0
20170124,15,PM2.5,江阴,33.0
20170124,15,PM2.5_24h,江阴,32.0
20170124,15,PM10,江阴,51.0
20170124,15,PM10_24h,江阴,53.0
20170124,15,SO2,江阴,12.0
20170124,15,SO2_24h,江阴,11.0
20170124,15,NO2,江阴,24.0
20170124,15,NO2_24h,江阴,32.0
20170124,15,O3,江阴,86.0
20170124,15,O3_24h,江阴,96.0
20170124,15,O3_8h,江阴,66.0
20170124,15,O3_8h_24h,江阴,66.0
20170124,15,CO,江阴,0.63
20170124,15,CO_24h,江阴,0.7
20170124,16,AQI,江阴,51.0
20170124,16,PM2.5,江阴,33.0
20170124,16,PM2.5_24h,江阴,32.0
20170124,16,PM10,江阴,52.0
20170124,16,PM10_24h,江阴,52.0
20170124,16,SO2,江阴,18.0
20170124,16,SO2_24h,江阴,11.0
20170124,16,NO2,江阴,28.0
20170124,16,NO2_24h,江阴,32.0
20170124,16,O3,江阴,84.0
20170124,16,O3_24h,江阴,96.0
20170124,16,O3_8h,江阴,74.0
20170124,16,O3_8h_24h,江阴,74.0
20170124,16,CO,江阴,0.67
20170124,16,CO_24h,江阴,0.67
20170124,17,AQI,江阴,55.0
20170124,17,PM2.5,江阴,39.0
20170124,17,PM2.5_24h,江阴,31.0
20170124,17,PM10,江阴,53.0
20170124,17,PM10_24h,江阴,51.0
20170124,17,SO2,江阴,17.0
20170124,17,SO2_24h,江阴,11.0
20170124,17,NO2,江阴,28.0
20170124,17,NO2_24h,江阴,31.0
20170124,17,O3,江阴,75.0
20170124,17,O3_24h,江阴,96.0
20170124,17,O3_8h,江阴,79.0
20170124,17,O3_8h_24h,江阴,79.0
20170124,17,CO,江阴,0.63
20170124,17,CO_24h,江阴,0.67
20170124,18,AQI,江阴,58.0
20170124,18,PM2.5,江阴,41.0
20170124,18,PM2.5_24h,江阴,31.0
20170124,18,PM10,江阴,61.0
20170124,18,PM10_24h,江阴,50.0
20170124,18,SO2,江阴,15.0
20170124,18,SO2_24h,江阴,11.0
20170124,18,NO2,江阴,38.0
20170124,18,NO2_24h,江阴,31.0
20170124,18,O3,江阴,69.0
20170124,18,O3_24h,江阴,96.0
20170124,18,O3_8h,江阴,81.0
20170124,18,O3_8h_24h,江阴,81.0
20170124,18,CO,江阴,0.73
20170124,18,CO_24h,江阴,0.63
20170124,19,AQI,江阴,69.0
20170124,19,PM2.5,江阴,50.0
20170124,19,PM2.5_24h,江阴,30.0
20170124,19,PM10,江阴,74.0
20170124,19,PM10_24h,江阴,49.0
20170124,19,SO2,江阴,16.0
20170124,19,SO2_24h,江阴,11.0
20170124,19,NO2,江阴,46.0
20170124,19,NO2_24h,江阴,30.0
20170124,19,O3,江阴,60.0
20170124,19,O3_24h,江阴,96.0
20170124,19,O3_8h,江阴,77.0
20170124,19,O3_8h_24h,江阴,81.0
20170124,19,CO,江阴,0.9
20170124,19,CO_24h,江阴,0.63
20170124,20,AQI,江阴,80.0
20170124,20,PM2.5,江阴,59.0
20170124,20,PM2.5_24h,江阴,30.0
20170124,20,PM10,江阴,84.0
20170124,20,PM10_24h,江阴,49.0
20170124,20,SO2,江阴,17.0
20170124,20,SO2_24h,江阴,11.0
20170124,20,NO2,江阴,50.0
20170124,20,NO2_24h,江阴,30.0
20170124,20,O3,江阴,54.0
20170124,20,O3_24h,江阴,96.0
20170124,20,O3_8h,江阴,74.0
20170124,20,O3_8h_24h,江阴,81.0
20170124,20,CO,江阴,0.93
20170124,20,CO_24h,江阴,0.63
20170124,21,AQI,江阴,88.0
20170124,21,PM2.5,江阴,65.0
20170124,21,PM2.5_24h,江阴,31.0
20170124,21,PM10,江阴,89.0
20170124,21,PM10_24h,江阴,49.0
20170124,21,SO2,江阴,15.0
20170124,21,SO2_24h,江阴,12.0
20170124,21,NO2,江阴,41.0
20170124,21,NO2_24h,江阴,30.0
20170124,21,O3,江阴,63.0
20170124,21,O3_24h,江阴,96.0
20170124,21,O3_8h,江阴,72.0
20170124,21,O3_8h_24h,江阴,81.0
20170124,21,CO,江阴,0.8
20170124,21,CO_24h,江阴,0.63
20170124,22,AQI,江阴,85.0
20170124,22,PM2.5,江阴,63.0
20170124,22,PM2.5_24h,江阴,31.0
20170124,22,PM10,江阴,87.0
20170124,22,PM10_24h,江阴,50.0
20170124,22,SO2,江阴,11.0
20170124,22,SO2_24h,江阴,12.0
20170124,22,NO2,江阴,33.0
20170124,22,NO2_24h,江阴,31.0
20170124,22,O3,江阴,72.0
20170124,22,O3_24h,江阴,96.0
20170124,22,O3_8h,江阴,70.0
20170124,22,O3_8h_24h,江阴,81.0
20170124,22,CO,江阴,0.83
20170124,22,CO_24h,江阴,0.7
20170124,23,AQI,江阴,91.0
20170124,23,PM2.5,江阴,68.0
20170124,23,PM2.5_24h,江阴,34.0
20170124,23,PM10,江阴,90.0
20170124,23,PM10_24h,江阴,52.0
20170124,23,SO2,江阴,11.0
20170124,23,SO2_24h,江阴,12.0
20170124,23,NO2,江阴,31.0
20170124,23,NO2_24h,江阴,31.0
20170124,23,O3,江阴,73.0
20170124,23,O3_24h,江阴,96.0
20170124,23,O3_8h,江阴,69.0
20170124,23,O3_8h_24h,江阴,81.0
20170124,23,CO,江阴,0.93
20170124,23,CO_24h,江阴,0.7
20170124,0,AQI,宜兴,40.0
20170124,0,PM2.5,宜兴,28.0
20170124,0,PM2.5_24h,宜兴,35.0
20170124,0,PM10,宜兴,29.0
20170124,0,PM10_24h,宜兴,45.0
20170124,0,SO2,宜兴,17.0
20170124,0,SO2_24h,宜兴,19.0
20170124,0,NO2,宜兴,20.0
20170124,0,NO2_24h,宜兴,24.0
20170124,0,O3,宜兴,66.0
20170124,0,O3_24h,宜兴,110.0
20170124,0,O3_8h,宜兴,78.0
20170124,0,O3_8h_24h,宜兴,100.0
20170124,0,CO,宜兴,0.7
20170124,0,CO_24h,宜兴,0.8
20170124,1,AQI,宜兴,40.0
20170124,1,PM2.5,宜兴,28.0
20170124,1,PM2.5_24h,宜兴,34.0
20170124,1,PM10,宜兴,32.0
20170124,1,PM10_24h,宜兴,42.0
20170124,1,SO2,宜兴,14.0
20170124,1,SO2_24h,宜兴,19.0
20170124,1,NO2,宜兴,23.0
20170124,1,NO2_24h,宜兴,23.0
20170124,1,O3,宜兴,55.0
20170124,1,O3_24h,宜兴,110.0
20170124,1,O3_8h,宜兴,55.0
20170124,1,O3_8h_24h,宜兴,55.0
20170124,1,CO,宜兴,0.7
20170124,1,CO_24h,宜兴,0.7
20170124,2,AQI,宜兴,37.0
20170124,2,PM2.5,宜兴,26.0
20170124,2,PM2.5_24h,宜兴,33.0
20170124,2,PM10,宜兴,34.0
20170124,2,PM10_24h,宜兴,40.0
20170124,2,SO2,宜兴,14.0
20170124,2,SO2_24h,宜兴,19.0
20170124,2,NO2,宜兴,25.0
20170124,2,NO2_24h,宜兴,22.0
20170124,2,O3,宜兴,47.0
20170124,2,O3_24h,宜兴,110.0
20170124,2,O3_8h,宜兴,51.0
20170124,2,O3_8h_24h,宜兴,55.0
20170124,2,CO,宜兴,0.6
20170124,2,CO_24h,宜兴,0.7
20170124,3,AQI,宜兴,40.0
20170124,3,PM2.5,宜兴,28.0
20170124,3,PM2.5_24h,宜兴,33.0
20170124,3,PM10,宜兴,31.0
20170124,3,PM10_24h,宜兴,39.0
20170124,3,SO2,宜兴,13.0
20170124,3,SO2_24h,宜兴,19.0
20170124,3,NO2,宜兴,23.0
20170124,3,NO2_24h,宜兴,22.0
20170124,3,O3,宜兴,47.0
20170124,3,O3_24h,宜兴,110.0
20170124,3,O3_8h,宜兴,50.0
20170124,3,O3_8h_24h,宜兴,55.0
20170124,3,CO,宜兴,0.65
20170124,3,CO_24h,宜兴,0.7
20170124,4,AQI,宜兴,30.0
20170124,4,PM2.5,宜兴,21.0
20170124,4,PM2.5_24h,宜兴,32.0
20170124,4,PM10,宜兴,25.0
20170124,4,PM10_24h,宜兴,39.0
20170124,4,SO2,宜兴,14.0
20170124,4,SO2_24h,宜兴,18.0
20170124,4,NO2,宜兴,11.0
20170124,4,NO2_24h,宜兴,22.0
20170124,4,O3,宜兴,69.0
20170124,4,O3_24h,宜兴,110.0
20170124,4,O3_8h,宜兴,54.0
20170124,4,O3_8h_24h,宜兴,55.0
20170124,4,CO,宜兴,0.6
20170124,4,CO_24h,宜兴,0.7
20170124,5,AQI,宜兴,26.0
20170124,5,PM2.5,宜兴,18.0
20170124,5,PM2.5_24h,宜兴,32.0
20170124,5,PM10_24h,宜兴,40.0
20170124,5,SO2,宜兴,13.0
20170124,5,SO2_24h,宜兴,18.0
20170124,5,NO2,宜兴,7.0
20170124,5,NO2_24h,宜兴,21.0
20170124,5,O3,宜兴,77.0
20170124,5,O3_24h,宜兴,110.0
20170124,5,O3_8h,宜兴,59.0
20170124,5,O3_8h_24h,宜兴,59.0
20170124,5,CO,宜兴,0.5
20170124,5,CO_24h,宜兴,0.7
20170124,6,AQI,宜兴,24.0
20170124,6,PM2.5,宜兴,17.0
20170124,6,PM2.5_24h,宜兴,31.0
20170124,6,PM10,宜兴,18.0
20170124,6,PM10_24h,宜兴,39.0
20170124,6,SO2,宜兴,13.0
20170124,6,SO2_24h,宜兴,18.0
20170124,6,NO2,宜兴,8.0
20170124,6,NO2_24h,宜兴,20.0
20170124,6,O3,宜兴,74.0
20170124,6,O3_24h,宜兴,110.0
20170124,6,O3_8h,宜兴,62.0
20170124,6,O3_8h_24h,宜兴,62.0
20170124,6,CO,宜兴,0.5
20170124,6,CO_24h,宜兴,0.7
20170124,7,AQI,宜兴,24.0
20170124,7,PM2.5,宜兴,17.0
20170124,7,PM2.5_24h,宜兴,31.0
20170124,7,PM10,宜兴,17.0
20170124,7,PM10_24h,宜兴,39.0
20170124,7,SO2,宜兴,13.0
20170124,7,SO2_24h,宜兴,18.0
20170124,7,NO2,宜兴,8.0
20170124,7,NO2_24h,宜兴,19.0
20170124,7,O3,宜兴,73.0
20170124,7,O3_24h,宜兴,110.0
20170124,7,O3_8h,宜兴,63.0
20170124,7,O3_8h_24h,宜兴,63.0
20170124,7,CO,宜兴,0.5
20170124,7,CO_24h,宜兴,0.7
20170124,8,AQI,宜兴,26.0
20170124,8,PM2.5,宜兴,18.0
20170124,8,PM2.5_24h,宜兴,30.0
20170124,8,PM10_24h,宜兴,38.0
20170124,8,SO2,宜兴,13.0
20170124,8,SO2_24h,宜兴,18.0
20170124,8,NO2,宜兴,12.0
20170124,8,NO2_24h,宜兴,18.0
20170124,8,O3,宜兴,68.0
20170124,8,O3_24h,宜兴,110.0
20170124,8,O3_8h,宜兴,64.0
20170124,8,O3_8h_24h,宜兴,64.0
20170124,8,CO,宜兴,0.6
20170124,8,CO_24h,宜兴,0.7
20170124,9,AQI,宜兴,27.0
20170124,9,PM2.5,宜兴,19.0
20170124,9,PM2.5_24h,宜兴,30.0
20170124,9,PM10_24h,宜兴,39.0
20170124,9,SO2,宜兴,13.0
20170124,9,SO2_24h,宜兴,18.0
20170124,9,NO2,宜兴,12.0
20170124,9,NO2_24h,宜兴,17.0
20170124,9,O3,宜兴,69.0
20170124,9,O3_24h,宜兴,110.0
20170124,9,O3_8h,宜兴,65.0
20170124,9,O3_8h_24h,宜兴,65.0
20170124,9,CO,宜兴,0.6
20170124,9,CO_24h,宜兴,0.65
20170124,10,AQI,宜兴,26.0
20170124,10,PM2.5,宜兴,18.0
20170124,10,PM2.5_24h,宜兴,29.0
20170124,10,PM10,宜兴,25.0
20170124,10,PM10_24h,宜兴,38.0
20170124,10,SO2,宜兴,15.0
20170124,10,SO2_24h,宜兴,17.0
20170124,10,NO2,宜兴,12.0
20170124,10,NO2_24h,宜兴,17.0
20170124,10,O3,宜兴,75.0
20170124,10,O3_24h,宜兴,110.0
20170124,10,O3_8h,宜兴,69.0
20170124,10,O3_8h_24h,宜兴,69.0
20170124,10,CO,宜兴,0.55
20170124,10,CO_24h,宜兴,0.65
20170124,11,AQI,宜兴,26.0
20170124,11,PM2.5,宜兴,18.0
20170124,11,PM2.5_24h,宜兴,29.0
20170124,11,PM10,宜兴,24.0
20170124,11,PM10_24h,宜兴,38.0
20170124,11,SO2,宜兴,15.0
20170124,11,SO2_24h,宜兴,17.0
20170124,11,NO2,宜兴,10.0
20170124,11,NO2_24h,宜兴,17.0
20170124,11,O3,宜兴,82.0
20170124,11,O3_24h,宜兴,110.0
20170124,11,O3_8h,宜兴,74.0
20170124,11,O3_8h_24h,宜兴,74.0
20170124,11,CO,宜兴,0.55
20170124,11,CO_24h,宜兴,0.6
20170124,12,AQI,宜兴,27.0
20170124,12,PM2.5,宜兴,19.0
20170124,12,PM2.5_24h,宜兴,28.0
20170124,12,PM10,宜兴,27.0
20170124,12,PM10_24h,宜兴,36.0
20170124,12,SO2,宜兴,15.0
20170124,12,SO2_24h,宜兴,16.0
20170124,12,NO2,宜兴,12.0
20170124,12,NO2_24h,宜兴,17.0
20170124,12,O3,宜兴,85.0
20170124,12,O3_24h,宜兴,110.0
20170124,12,O3_8h,宜兴,76.0
20170124,12,O3_8h_24h,宜兴,76.0
20170124,12,CO,宜兴,0.55
20170124,12,CO_24h,宜兴,0.6
20170124,13,AQI,宜兴,28.0
20170124,13,PM2.5,宜兴,19.0
20170124,13,PM2.5_24h,宜兴,28.0
20170124,13,PM10,宜兴,28.0
20170124,13,PM10_24h,宜兴,35.0
20170124,13,SO2,宜兴,15.0
20170124,13,SO2_24h,宜兴,16.0
20170124,13,NO2,宜兴,10.0
20170124,13,NO2_24h,宜兴,17.0
20170124,13,O3,宜兴,91.0
20170124,13,O3_24h,宜兴,110.0
20170124,13,O3_8h,宜兴,77.0
20170124,13,O3_8h_24h,宜兴,77.0
20170124,13,CO,宜兴,0.55
20170124,13,CO_24h,宜兴,0.6
20170124,14,AQI,宜兴,32.0
20170124,14,PM2.5,宜兴,21.0
20170124,14,PM2.5_24h,宜兴,27.0
20170124,14,PM10,宜兴,32.0
20170124,14,PM10_24h,宜兴,34.0
20170124,14,SO2,宜兴,16.0
20170124,14,SO2_24h,宜兴,16.0
20170124,14,NO2,宜兴,11.0
20170124,14,NO2_24h,宜兴,17.0
20170124,14,O3,宜兴,94.0
20170124,14,O3_24h,宜兴,110.0
20170124,14,O3_8h,宜兴,80.0
20170124,14,O3_8h_24h,宜兴,80.0
20170124,14,CO,宜兴,0.55
20170124,14,CO_24h,宜兴,0.6
20170124,15,AQI,宜兴,33.0
20170124,15,PM2.5,宜兴,23.0
20170124,15,PM2.5_24h,宜兴,27.0
20170124,15,PM10,宜兴,29.0
20170124,15,PM10_24h,宜兴,32.0
20170124,15,SO2,宜兴,17.0
20170124,15,SO2_24h,宜兴,16.0
20170124,15,NO2,宜兴,13.0
20170124,15,NO2_24h,宜兴,17.0
20170124,15,O3,宜兴,98.0
20170124,15,O3_24h,宜兴,107.0
20170124,15,O3_8h,宜兴,83.0
20170124,15,O3_8h_24h,宜兴,83.0
20170124,15,CO,宜兴,0.55
20170124,15,CO_24h,宜兴,0.6
20170124,16,AQI,宜兴,36.0
20170124,16,PM2.5,宜兴,25.0
20170124,16,PM2.5_24h,宜兴,27.0
20170124,16,PM10,宜兴,35.0
20170124,16,PM10_24h,宜兴,32.0
20170124,16,SO2,宜兴,18.0
20170124,16,SO2_24h,宜兴,15.0
20170124,16,NO2,宜兴,13.0
20170124,16,NO2_24h,宜兴,17.0
20170124,16,O3,宜兴,104.0
20170124,16,O3_24h,宜兴,104.0
20170124,16,O3_8h,宜兴,87.0
20170124,16,O3_8h_24h,宜兴,87.0
20170124,16,CO,宜兴,0.55
20170124,16,CO_24h,宜兴,0.6
20170124,17,AQI,宜兴,40.0
20170124,17,PM2.5,宜兴,28.0
20170124,17,PM2.5_24h,宜兴,27.0
20170124,17,PM10,宜兴,38.0
20170124,17,PM10_24h,宜兴,31.0
20170124,17,SO2,宜兴,19.0
20170124,17,SO2_24h,宜兴,15.0
20170124,17,NO2,宜兴,15.0
20170124,17,NO2_24h,宜兴,16.0
20170124,17,O3,宜兴,100.0
20170124,17,O3_24h,宜兴,104.0
20170124,17,O3_8h,宜兴,91.0
20170124,17,O3_8h_24h,宜兴,91.0
20170124,17,CO,宜兴,0.55
20170124,17,CO_24h,宜兴,0.6
20170124,18,AQI,宜兴,43.0
20170124,18,PM2.5,宜兴,30.0
20170124,18,PM2.5_24h,宜兴,26.0
20170124,18,PM10,宜兴,35.0
20170124,18,PM10_24h,宜兴,31.0
20170124,18,SO2,宜兴,18.0
20170124,18,SO2_24h,宜兴,15.0
20170124,18,NO2,宜兴,18.0
20170124,18,NO2_24h,宜兴,16.0
20170124,18,O3,宜兴,89.0
20170124,18,O3_24h,宜兴,104.0
20170124,18,O3_8h,宜兴,93.0
20170124,18,O3_8h_24h,宜兴,93.0
20170124,18,CO,宜兴,0.6
20170124,18,CO_24h,宜兴,0.6
20170124,19,AQI,宜兴,46.0
20170124,19,PM2.5,宜兴,32.0
20170124,19,PM2.5_24h,宜兴,26.0
20170124,19,PM10,宜兴,34.0
20170124,19,PM10_24h,宜兴,30.0
20170124,19,SO2,宜兴,18.0
20170124,19,SO2_24h,宜兴,15.0
20170124,19,NO2,宜兴,17.0
20170124,19,NO2_24h,宜兴,16.0
20170124,19,O3,宜兴,87.0
20170124,19,O3_24h,宜兴,104.0
20170124,19,O3_8h,宜兴,93.0
20170124,19,O3_8h_24h,宜兴,93.0
20170124,19,CO,宜兴,0.6
20170124,19,CO_24h,宜兴,0.6
20170124,20,AQI,宜兴,47.0
20170124,20,PM2.5,宜兴,33.0
20170124,20,PM2.5_24h,宜兴,25.0
20170124,20,PM10,宜兴,38.0
20170124,20,PM10_24h,宜兴,30.0
20170124,20,SO2,宜兴,18.0
20170124,20,SO2_24h,宜兴,15.0
20170124,20,NO2,宜兴,22.0
20170124,20,NO2_24h,宜兴,16.0
20170124,20,O3,宜兴,73.0
20170124,20,O3_24h,宜兴,104.0
20170124,20,O3_8h,宜兴,92.0
20170124,20,O3_8h_24h,宜兴,93.0
20170124,20,CO,宜兴,0.65
20170124,20,CO_24h,宜兴,0.6
20170124,21,AQI,宜兴,58.0
20170124,21,PM2.5,宜兴,41.0
20170124,21,PM2.5_24h,宜兴,25.0
20170124,21,PM10,宜兴,39.0
20170124,21,PM10_24h,宜兴,30.0
20170124,21,SO2,宜兴,20.0
20170124,21,SO2_24h,宜兴,15.0
20170124,21,NO2,宜兴,24.0
20170124,21,NO2_24h,宜兴,16.0
20170124,21,O3,宜兴,73.0
20170124,21,O3_24h,宜兴,104.0
20170124,21,O3_8h,宜兴,90.0
20170124,21,O3_8h_24h,宜兴,93.0
20170124,21,CO,宜兴,0.85
20170124,21,CO_24h,宜兴,0.6
20170124,22,AQI,宜兴,66.0
20170124,22,PM2.5,宜兴,48.0
20170124,22,PM2.5_24h,宜兴,26.0
20170124,22,PM10,宜兴,49.0
20170124,22,PM10_24h,宜兴,31.0
20170124,22,SO2,宜兴,19.0
20170124,22,SO2_24h,宜兴,16.0
20170124,22,NO2,宜兴,23.0
20170124,22,NO2_24h,宜兴,15.0
20170124,22,O3,宜兴,70.0
20170124,22,O3_24h,宜兴,104.0
20170124,22,O3_8h,宜兴,87.0
20170124,22,O3_8h_24h,宜兴,93.0
20170124,22,CO,宜兴,0.9
20170124,22,CO_24h,宜兴,0.6
20170124,23,AQI,宜兴,54.0
20170124,23,PM2.5,宜兴,38.0
20170124,23,PM2.5_24h,宜兴,26.0
20170124,23,PM10,宜兴,42.0
20170124,23,PM10_24h,宜兴,32.0
20170124,23,SO2,宜兴,16.0
20170124,23,SO2_24h,宜兴,16.0
20170124,23,NO2,宜兴,10.0
20170124,23,NO2_24h,宜兴,15.0
20170124,23,O3,宜兴,89.0
20170124,23,O3_24h,宜兴,104.0
20170124,23,O3_8h,宜兴,86.0
20170124,23,O3_8h_24h,宜兴,93.0
20170124,23,CO,宜兴,0.65
20170124,23,CO_24h,宜兴,0.6
20170124,0,AQI,金坛,79.0
20170124,0,PM2.5,金坛,58.0
20170124,0,PM2.5_24h,金坛,55.0
20170124,0,PM10,金坛,71.0
20170124,0,PM10_24h,金坛,83.0
20170124,0,SO2,金坛,16.0
20170124,0,SO2_24h,金坛,17.0
20170124,0,NO2,金坛,62.0
20170124,0,NO2_24h,金坛,58.0
20170124,0,O3,金坛,24.0
20170124,0,O3_24h,金坛,51.0
20170124,0,O3_8h,金坛,34.0
20170124,0,O3_8h_24h,金坛,46.0
20170124,0,CO,金坛,1.15
20170124,0,CO_24h,金坛,1.45
20170124,1,AQI,金坛,58.0
20170124,1,PM2.5,金坛,40.0
20170124,1,PM2.5_24h,金坛,53.0
20170124,1,PM10,金坛,65.0
20170124,1,PM10_24h,金坛,82.0
20170124,1,SO2,金坛,14.0
20170124,1,SO2_24h,金坛,17.0
20170124,1,NO2,金坛,53.0
20170124,1,NO2_24h,金坛,57.0
20170124,1,O3,金坛,26.0
20170124,1,O3_24h,金坛,51.0
20170124,1,O3_8h,金坛,26.0
20170124,1,O3_8h_24h,金坛,26.0
20170124,1,CO,金坛,1.0
20170124,1,CO_24h,金坛,1.45
20170124,2,AQI,金坛,50.0
20170124,2,PM2.5,金坛,29.0
20170124,2,PM2.5_24h,金坛,51.0
20170124,2,PM10,金坛,50.0
20170124,2,PM10_24h,金坛,79.0
20170124,2,SO2,金坛,13.0
20170124,2,SO2_24h,金坛,17.0
20170124,2,NO2,金坛,45.0
20170124,2,NO2_24h,金坛,56.0
20170124,2,O3,金坛,29.0
20170124,2,O3_24h,金坛,51.0
20170124,2,O3_8h,金坛,27.0
20170124,2,O3_8h_24h,金坛,27.0
20170124,2,CO,金坛,1.0
20170124,2,CO_24h,金坛,1.45
20170124,3,AQI,金坛,42.0
20170124,3,PM2.5,金坛,27.0
20170124,3,PM2.5_24h,金坛,50.0
20170124,3,PM10,金坛,42.0
20170124,3,PM10_24h,金坛,77.0
20170124,3,SO2,金坛,13.0
20170124,3,SO2_24h,金坛,16.0
20170124,3,NO2,金坛,44.0
20170124,3,NO2_24h,金坛,55.0
20170124,3,O3,金坛,29.0
20170124,3,O3_24h,金坛,51.0
20170124,3,O3_8h,金坛,28.0
20170124,3,O3_8h_24h,金坛,28.0
20170124,3,CO,金坛,0.95
20170124,3,CO_24h,金坛,1.4
20170124,4,AQI,金坛,35.0
20170124,4,PM2.5,金坛,23.0
20170124,4,PM2.5_24h,金坛,49.0
20170124,4,PM10,金坛,35.0
20170124,4,PM10_24h,金坛,75.0
20170124,4,SO2,金坛,10.0
20170124,4,SO2_24h,金坛,16.0
20170124,4,NO2,金坛,39.0
20170124,4,NO2_24h,金坛,53.0
20170124,4,O3,金坛,31.0
20170124,4,O3_24h,金坛,51.0
20170124,4,O3_8h,金坛,28.0
20170124,4,O3_8h_24h,金坛,28.0
20170124,4,CO,金坛,1.0
20170124,4,CO_24h,金坛,1.4
20170124,5,AQI,金坛,41.0
20170124,5,PM2.5,金坛,26.0
20170124,5,PM2.5_24h,金坛,48.0
20170124,5,PM10,金坛,41.0
20170124,5,PM10_24h,金坛,73.0
20170124,5,SO2,金坛,10.0
20170124,5,SO2_24h,金坛,16.0
20170124,5,NO2,金坛,39.0
20170124,5,NO2_24h,金坛,52.0
20170124,5,O3,金坛,35.0
20170124,5,O3_24h,金坛,56.0
20170124,5,O3_8h,金坛,30.0
20170124,5,O3_8h_24h,金坛,30.0
20170124,5,CO,金坛,0.95
20170124,5,CO_24h,金坛,1.4
20170124,6,AQI,金坛,43.0
20170124,6,PM2.5,金坛,27.0
20170124,6,PM2.5_24h,金坛,47.0
20170124,6,PM10,金坛,43.0
20170124,6,PM10_24h,金坛,72.0
20170124,6,SO2,金坛,11.0
20170124,6,SO2_24h,金坛,16.0
20170124,6,NO2,金坛,45.0
20170124,6,NO2_24h,金坛,52.0
20170124,6,O3,金坛,24.0
20170124,6,O3_24h,金坛,56.0
20170124,6,O3_8h,金坛,29.0
20170124,6,O3_8h_24h,金坛,30.0
20170124,6,CO,金坛,1.0
20170124,6,CO_24h,金坛,1.35
20170124,7,AQI,金坛,42.0
20170124,7,PM2.5,金坛,27.0
20170124,7,PM2.5_24h,金坛,46.0
20170124,7,PM10,金坛,42.0
20170124,7,PM10_24h,金坛,70.0
20170124,7,SO2,金坛,12.0
20170124,7,SO2_24h,金坛,16.0
20170124,7,NO2,金坛,50.0
20170124,7,NO2_24h,金坛,51.0
20170124,7,O3,金坛,22.0
20170124,7,O3_24h,金坛,56.0
20170124,7,O3_8h,金坛,28.0
20170124,7,O3_8h_24h,金坛,30.0
20170124,7,CO,金坛,1.0
20170124,7,CO_24h,金坛,1.35
20170124,8,AQI,金坛,43.0
20170124,8,PM2.5,金坛,30.0
20170124,8,PM2.5_24h,金坛,44.0
20170124,8,PM10,金坛,43.0
20170124,8,PM10_24h,金坛,68.0
20170124,8,SO2,金坛,13.0
20170124,8,SO2_24h,金坛,16.0
20170124,8,NO2,金坛,49.0
20170124,8,NO2_24h,金坛,51.0
20170124,8,O3,金坛,22.0
20170124,8,O3_24h,金坛,56.0
20170124,8,O3_8h,金坛,27.0
20170124,8,O3_8h_24h,金坛,30.0
20170124,8,CO,金坛,1.0
20170124,8,CO_24h,金坛,1.3
20170124,9,AQI,金坛,52.0
20170124,9,PM2.5,金坛,33.0
20170124,9,PM2.5_24h,金坛,42.0
20170124,9,PM10,金坛,54.0
20170124,9,PM10_24h,金坛,66.0
20170124,9,SO2,金坛,13.0
20170124,9,SO2_24h,金坛,16.0
20170124,9,NO2,金坛,48.0
20170124,9,NO2_24h,金坛,50.0
20170124,9,O3,金坛,26.0
20170124,9,O3_24h,金坛,56.0
20170124,9,O3_8h,金坛,27.0
20170124,9,O3_8h_24h,金坛,30.0
20170124,9,CO,金坛,1.1
20170124,9,CO_24h,金坛,1.3
20170124,10,AQI,金坛,46.0
20170124,10,PM2.5,金坛,22.0
20170124,10,PM2.5_24h,金坛,41.0
20170124,10,PM10,金坛,46.0
20170124,10,PM10_24h,金坛,64.0
20170124,10,SO2,金坛,12.0
20170124,10,SO2_24h,金坛,15.0
20170124,10,NO2,金坛,38.0
20170124,10,NO2_24h,金坛,49.0
20170124,10,O3,金坛,42.0
20170124,10,O3_24h,金坛,56.0
20170124,10,O3_8h,金坛,29.0
20170124,10,O3_8h_24h,金坛,30.0
20170124,10,CO,金坛,0.9
20170124,10,CO_24h,金坛,1.25
20170124,11,AQI,金坛,40.0
20170124,11,PM2.5,金坛,22.0
20170124,11,PM2.5_24h,金坛,40.0
20170124,11,PM10,金坛,40.0
20170124,11,PM10_24h,金坛,62.0
20170124,11,SO2,金坛,12.0
20170124,11,SO2_24h,金坛,15.0
20170124,11,NO2,金坛,33.0
20170124,11,NO2_24h,金坛,48.0
20170124,11,O3,金坛,47.0
20170124,11,O3_24h,金坛,56.0
20170124,11,O3_8h,金坛,31.0
20170124,11,O3_8h_24h,金坛,31.0
20170124,11,CO,金坛,0.9
20170124,11,CO_24h,金坛,1.2
20170124,12,AQI,金坛,35.0
20170124,12,PM2.5,金坛,22.0
20170124,12,PM2.5_24h,金坛,39.0
20170124,12,PM10,金坛,35.0
20170124,12,PM10_24h,金坛,61.0
20170124,12,SO2,金坛,12.0
20170124,12,SO2_24h,金坛,14.0
20170124,12,NO2,金坛,30.0
20170124,12,NO2_24h,金坛,48.0
20170124,12,O3,金坛,53.0
20170124,12,O3_24h,金坛,56.0
20170124,12,O3_8h,金坛,34.0
20170124,12,O3_8h_24h,金坛,34.0
20170124,12,CO,金坛,0.9
20170124,12,CO_24h,金坛,1.15
20170124,13,AQI,金坛,37.0
20170124,13,PM2.5,金坛,26.0
20170124,13,PM2.5_24h,金坛,39.0
20170124,13,PM10,金坛,36.0
20170124,13,PM10_24h,金坛,59.0
20170124,13,SO2,金坛,12.0
20170124,13,SO2_24h,金坛,14.0
20170124,13,NO2,金坛,30.0
20170124,13,NO2_24h,金坛,47.0
20170124,13,O3,金坛,55.0
20170124,13,O3_24h,金坛,56.0
20170124,13,O3_8h,金坛,36.0
20170124,13,O3_8h_24h,金坛,36.0
20170124,13,CO,金坛,0.9
20170124,13,CO_24h,金坛,1.15
20170124,14,AQI,金坛,44.0
20170124,14,PM2.5,金坛,25.0
20170124,14,PM2.5_24h,金坛,38.0
20170124,14,PM10,金坛,44.0
20170124,14,PM10_24h,金坛,58.0
20170124,14,SO2,金坛,12.0
20170124,14,SO2_24h,金坛,14.0
20170124,14,NO2,金坛,34.0
20170124,14,NO2_24h,金坛,46.0
20170124,14,O3,金坛,53.0
20170124,14,O3_24h,金坛,56.0
20170124,14,O3_8h,金坛,40.0
20170124,14,O3_8h_24h,金坛,40.0
20170124,14,CO,金坛,0.9
20170124,14,CO_24h,金坛,1.15
20170124,15,AQI,金坛,47.0
20170124,15,PM2.5,金坛,27.0
20170124,15,PM2.5_24h,金坛,38.0
20170124,15,PM10,金坛,47.0
20170124,15,PM10_24h,金坛,57.0
20170124,15,SO2,金坛,12.0
20170124,15,SO2_24h,金坛,13.0
20170124,15,NO2,金坛,36.0
20170124,15,NO2_24h,金坛,46.0
20170124,15,O3,金坛,52.0
20170124,15,O3_24h,金坛,56.0
20170124,15,O3_8h,金坛,44.0
20170124,15,O3_8h_24h,金坛,44.0
20170124,15,CO,金坛,0.95
20170124,15,CO_24h,金坛,1.1
20170124,16,AQI,金坛,48.0
20170124,16,PM2.5,金坛,29.0
20170124,16,PM2.5_24h,金坛,37.0
20170124,16,PM10,金坛,48.0
20170124,16,PM10_24h,金坛,56.0
20170124,16,SO2,金坛,12.0
20170124,16,SO2_24h,金坛,13.0
20170124,16,NO2,金坛,37.0
20170124,16,NO2_24h,金坛,46.0
20170124,16,O3,金坛,52.0
20170124,16,O3_24h,金坛,55.0
20170124,16,O3_8h,金坛,48.0
20170124,16,O3_8h_24h,金坛,48.0
20170124,16,CO,金坛,0.95
20170124,16,CO_24h,金坛,1.05
20170124,17,AQI,金坛,51.0
20170124,17,PM2.5,金坛,32.0
20170124,17,PM2.5_24h,金坛,37.0
20170124,17,PM10,金坛,52.0
20170124,17,PM10_24h,金坛,55.0
20170124,17,SO2,金坛,12.0
20170124,17,SO2_24h,金坛,13.0
20170124,17,NO2,金坛,41.0
20170124,17,NO2_24h,金坛,46.0
20170124,17,O3,金坛,47.0
20170124,17,O3_24h,金坛,55.0
20170124,17,O3_8h,金坛,50.0
20170124,17,O3_8h_24h,金坛,50.0
20170124,17,CO,金坛,0.95
20170124,17,CO_24h,金坛,1.05
20170124,18,AQI,金坛,51.0
20170124,18,PM2.5,金坛,34.0
20170124,18,PM2.5_24h,金坛,36.0
20170124,18,PM10,金坛,51.0
20170124,18,PM10_24h,金坛,55.0
20170124,18,SO2,金坛,12.0
20170124,18,SO2_24h,金坛,13.0
20170124,18,NO2,金坛,48.0
20170124,18,NO2_24h,金坛,46.0
20170124,18,O3,金坛,39.0
20170124,18,O3_24h,金坛,55.0
20170124,18,O3_8h,金坛,50.0
20170124,18,O3_8h_24h,金坛,50.0
20170124,18,CO,金坛,1.05
20170124,18,CO_24h,金坛,1.05
20170124,19,AQI,金坛,65.0
20170124,19,PM2.5,金坛,47.0
20170124,19,PM2.5_24h,金坛,36.0
20170124,19,PM10,金坛,63.0
20170124,19,PM10_24h,金坛,54.0
20170124,19,SO2,金坛,13.0
20170124,19,SO2_24h,金坛,13.0
20170124,19,NO2,金坛,59.0
20170124,19,NO2_24h,金坛,46.0
20170124,19,O3,金坛,29.0
20170124,19,O3_24h,金坛,55.0
20170124,19,O3_8h,金坛,48.0
20170124,19,O3_8h_24h,金坛,50.0
20170124,19,CO,金坛,1.15
20170124,19,CO_24h,金坛,1.05
20170124,20,AQI,金坛,84.0
20170124,20,PM2.5,金坛,62.0
20170124,20,PM2.5_24h,金坛,36.0
20170124,20,PM10,金坛,84.0
20170124,20,PM10_24h,金坛,53.0
20170124,20,SO2,金坛,14.0
20170124,20,SO2_24h,金坛,13.0
20170124,20,NO2,金坛,58.0
20170124,20,NO2_24h,金坛,46.0
20170124,20,O3,金坛,30.0
20170124,20,O3_24h,金坛,55.0
20170124,20,O3_8h,金坛,45.0
20170124,20,O3_8h_24h,金坛,50.0
20170124,20,CO,金坛,1.3
20170124,20,CO_24h,金坛,1.05
20170124,21,AQI,金坛,69.0
20170124,21,PM2.5,金坛,50.0
20170124,21,PM2.5_24h,金坛,35.0
20170124,21,PM10,金坛,77.0
20170124,21,PM10_24h,金坛,52.0
20170124,21,SO2,金坛,14.0
20170124,21,SO2_24h,金坛,13.0
20170124,21,NO2,金坛,47.0
20170124,21,NO2_24h,金坛,45.0
20170124,21,O3,金坛,36.0
20170124,21,O3_24h,金坛,55.0
20170124,21,O3_8h,金坛,42.0
20170124,21,O3_8h_24h,金坛,50.0
20170124,21,CO,金坛,1.3
20170124,21,CO_24h,金坛,1.05
20170124,22,AQI,金坛,84.0
20170124,22,PM2.5,金坛,62.0
20170124,22,PM2.5_24h,金坛,35.0
20170124,22,PM10,金坛,61.0
20170124,22,PM10_24h,金坛,52.0
20170124,22,SO2,金坛,14.0
20170124,22,SO2_24h,金坛,13.0
20170124,22,NO2,金坛,46.0
20170124,22,NO2_24h,金坛,45.0
20170124,22,O3,金坛,35.0
20170124,22,O3_24h,金坛,55.0
20170124,22,O3_8h,金坛,40.0
20170124,22,O3_8h_24h,金坛,50.0
20170124,22,CO,金坛,1.35
20170124,22,CO_24h,金坛,1.05
20170124,23,AQI,金坛,90.0
20170124,23,PM2.5,金坛,67.0
20170124,23,PM2.5_24h,金坛,35.0
20170124,23,PM10,金坛,76.0
20170124,23,PM10_24h,金坛,52.0
20170124,23,SO2,金坛,18.0
20170124,23,SO2_24h,金坛,13.0
20170124,23,NO2,金坛,47.0
20170124,23,NO2_24h,金坛,44.0
20170124,23,O3,金坛,37.0
20170124,23,O3_24h,金坛,55.0
20170124,23,O3_8h,金坛,38.0
20170124,23,O3_8h_24h,金坛,50.0
20170124,23,CO,金坛,1.4
20170124,23,CO_24h,金坛,1.05
20170124,0,AQI,溧阳,61.0
20170124,0,PM2.5,溧阳,44.0
20170124,0,PM2.5_24h,溧阳,43.0
20170124,0,PM10,溧阳,62.0
20170124,0,PM10_24h,溧阳,62.0
20170124,0,SO2,溧阳,7.0
20170124,0,SO2_24h,溧阳,11.0
20170124,0,NO2,溧阳,31.0
20170124,0,NO2_24h,溧阳,36.0
20170124,0,O3,溧阳,53.0
20170124,0,O3_24h,溧阳,92.0
20170124,0,O3_8h,溧阳,61.0
20170124,0,O3_8h_24h,溧阳,84.0
20170124,0,CO,溧阳,0.9
20170124,0,CO_24h,溧阳,1.0
20170124,1,AQI,溧阳,55.0
20170124,1,PM2.5,溧阳,39.0
20170124,1,PM2.5_24h,溧阳,41.0
20170124,1,PM10,溧阳,57.0
20170124,1,PM10_24h,溧阳,61.0
20170124,1,SO2,溧阳,7.0
20170124,1,SO2_24h,溧阳,11.0
20170124,1,NO2,溧阳,26.0
20170124,1,NO2_24h,溧阳,35.0
20170124,1,O3,溧阳,55.0
20170124,1,O3_24h,溧阳,92.0
20170124,1,O3_8h,溧阳,55.0
20170124,1,O3_8h_24h,溧阳,55.0
20170124,1,CO,溧阳,0.9
20170124,1,CO_24h,溧阳,1.0
20170124,2,AQI,溧阳,50.0
20170124,2,PM2.5,溧阳,35.0
20170124,2,PM2.5_24h,溧阳,41.0
20170124,2,PM10,溧阳,50.0
20170124,2,PM10_24h,溧阳,60.0
20170124,2,SO2,溧阳,8.0
20170124,2,SO2_24h,溧阳,11.0
20170124,2,NO2,溧阳,26.0
20170124,2,NO2_24h,溧阳,34.0
20170124,2,O3,溧阳,52.0
20170124,2,O3_24h,溧阳,92.0
20170124,2,O3_8h,溧阳,53.0
20170124,2,O3_8h_24h,溧阳,55.0
20170124,2,CO,溧阳,0.9
20170124,2,CO_24h,溧阳,0.95
20170124,3,AQI,溧阳,44.0
20170124,3,PM2.5,溧阳,31.0
20170124,3,PM2.5_24h,溧阳,40.0
20170124,3,PM10,溧阳,43.0
20170124,3,PM10_24h,溧阳,58.0
20170124,3,SO2,溧阳,8.0
20170124,3,SO2_24h,溧阳,11.0
20170124,3,NO2,溧阳,25.0
20170124,3,NO2_24h,溧阳,32.0
20170124,3,O3,溧阳,49.0
20170124,3,O3_24h,溧阳,92.0
20170124,3,O3_8h,溧阳,52.0
20170124,3,O3_8h_24h,溧阳,55.0
20170124,3,CO,溧阳,0.9
20170124,3,CO_24h,溧阳,0.95
20170124,4,AQI,溧阳,46.0
20170124,4,PM2.5,溧阳,32.0
20170124,4,PM2.5_24h,溧阳,39.0
20170124,4,PM10,溧阳,46.0
20170124,4,PM10_24h,溧阳,58.0
20170124,4,SO2,溧阳,7.0
20170124,4,SO2_24h,溧阳,11.0
20170124,4,NO2,溧阳,25.0
20170124,4,NO2_24h,溧阳,31.0
20170124,4,O3,溧阳,47.0
20170124,4,O3_24h,溧阳,92.0
20170124,4,O3_8h,溧阳,51.0
20170124,4,O3_8h_24h,溧阳,55.0
20170124,4,CO,溧阳,0.8
20170124,4,CO_24h,溧阳,0.95
20170124,5,AQI,溧阳,46.0
20170124,5,PM2.5,溧阳,30.0
20170124,5,PM2.5_24h,溧阳,39.0
20170124,5,PM10,溧阳,46.0
20170124,5,PM10_24h,溧阳,57.0
20170124,5,SO2,溧阳,7.0
20170124,5,SO2_24h,溧阳,10.0
20170124,5,NO2,溧阳,20.0
20170124,5,NO2_24h,溧阳,30.0
20170124,5,O3,溧阳,53.0
20170124,5,O3_24h,溧阳,92.0
20170124,5,O3_8h,溧阳,51.0
20170124,5,O3_8h_24h,溧阳,55.0
20170124,5,CO,溧阳,0.75
20170124,5,CO_24h,溧阳,0.95
20170124,6,AQI,溧阳,36.0
20170124,6,PM2.5,溧阳,25.0
20170124,6,PM2.5_24h,溧阳,38.0
20170124,6,PM10,溧阳,36.0
20170124,6,PM10_24h,溧阳,56.0
20170124,6,SO2,溧阳,7.0
20170124,6,SO2_24h,溧阳,10.0
20170124,6,NO2,溧阳,19.0
20170124,6,NO2_24h,溧阳,29.0
20170124,6,O3,溧阳,57.0
20170124,6,O3_24h,溧阳,92.0
20170124,6,O3_8h,溧阳,53.0
20170124,6,O3_8h_24h,溧阳,55.0
20170124,6,CO,溧阳,0.7
20170124,6,CO_24h,溧阳,0.95
20170124,7,AQI,溧阳,36.0
20170124,7,PM2.5,溧阳,25.0
20170124,7,PM2.5_24h,溧阳,38.0
20170124,7,PM10,溧阳,35.0
20170124,7,PM10_24h,溧阳,56.0
20170124,7,SO2,溧阳,7.0
20170124,7,SO2_24h,溧阳,10.0
20170124,7,NO2,溧阳,17.0
20170124,7,NO2_24h,溧阳,28.0
20170124,7,O3,溧阳,57.0
20170124,7,O3_24h,溧阳,92.0
20170124,7,O3_8h,溧阳,53.0
20170124,7,O3_8h_24h,溧阳,55.0
20170124,7,CO,溧阳,0.75
20170124,7,CO_24h,溧阳,0.95
20170124,8,AQI,溧阳,42.0
20170124,8,PM2.5,溧阳,29.0
20170124,8,PM2.5_24h,溧阳,37.0
20170124,8,PM10,溧阳,42.0
20170124,8,PM10_24h,溧阳,55.0
20170124,8,SO2,溧阳,7.0
20170124,8,SO2_24h,溧阳,10.0
20170124,8,NO2,溧阳,21.0
20170124,8,NO2_24h,溧阳,26.0
20170124,8,O3,溧阳,54.0
20170124,8,O3_24h,溧阳,92.0
20170124,8,O3_8h,溧阳,53.0
20170124,8,O3_8h_24h,溧阳,56.0
20170124,8,CO,溧阳,0.75
20170124,8,CO_24h,溧阳,0.95
20170124,9,AQI,溧阳,29.0
20170124,9,PM2.5,溧阳,20.0
20170124,9,PM2.5_24h,溧阳,36.0
20170124,9,PM10,溧阳,29.0
20170124,9,PM10_24h,溧阳,54.0
20170124,9,SO2,溧阳,8.0
20170124,9,SO2_24h,溧阳,10.0
20170124,9,NO2,溧阳,19.0
20170124,9,NO2_24h,溧阳,25.0
20170124,9,O3,溧阳,58.0
20170124,9,O3_24h,溧阳,92.0
20170124,9,O3_8h,溧阳,54.0
20170124,9,O3_8h_24h,溧阳,56.0
20170124,9,CO,溧阳,0.75
20170124,9,CO_24h,溧阳,0.95
20170124,10,AQI,溧阳,44.0
20170124,10,PM2.5,溧阳,31.0
20170124,10,PM2.5_24h,溧阳,36.0
20170124,10,PM10,溧阳,43.0
20170124,10,PM10_24h,溧阳,53.0
20170124,10,SO2,溧阳,9.0
20170124,10,SO2_24h,溧阳,10.0
20170124,10,NO2,溧阳,14.0
20170124,10,NO2_24h,溧阳,24.0
20170124,10,O3,溧阳,68.0
20170124,10,O3_24h,溧阳,92.0
20170124,10,O3_8h,溧阳,55.0
20170124,10,O3_8h_24h,溧阳,57.0
20170124,10,CO,溧阳,0.7
20170124,10,CO_24h,溧阳,0.9
20170124,11,AQI,溧阳,43.0
20170124,11,PM2.5,溧阳,30.0
20170124,11,PM2.5_24h,溧阳,36.0
20170124,11,PM10,溧阳,43.0
20170124,11,PM10_24h,溧阳,53.0
20170124,11,SO2,溧阳,81.0
20170124,11,SO2_24h,溧阳,13.0
20170124,11,NO2,溧阳,13.0
20170124,11,NO2_24h,溧阳,24.0
20170124,11,O3,溧阳,60.0
20170124,11,O3_24h,溧阳,92.0
20170124,11,O3_8h,溧阳,56.0
20170124,11,O3_8h_24h,溧阳,59.0
20170124,11,CO,溧阳,0.7
20170124,11,CO_24h,溧阳,0.85
20170124,12,AQI,溧阳,30.0
20170124,12,PM2.5,溧阳,20.0
20170124,12,PM2.5_24h,溧阳,35.0
20170124,12,PM10,溧阳,30.0
20170124,12,PM10_24h,溧阳,52.0
20170124,12,SO2,溧阳,14.0
20170124,12,SO2_24h,溧阳,13.0
20170124,12,NO2,溧阳,13.0
20170124,12,NO2_24h,溧阳,24.0
20170124,12,O3,溧阳,65.0
20170124,12,O3_24h,溧阳,92.0
20170124,12,O3_8h,溧阳,59.0
20170124,12,O3_8h_24h,溧阳,61.0
20170124,12,CO,溧阳,0.7
20170124,12,CO_24h,溧阳,0.85
20170124,13,AQI,溧阳,34.0
20170124,13,PM2.5,溧阳,19.0
20170124,13,PM2.5_24h,溧阳,35.0
20170124,13,PM10,溧阳,34.0
20170124,13,PM10_24h,溧阳,51.0
20170124,13,SO2,溧阳,12.0
20170124,13,SO2_24h,溧阳,13.0
20170124,13,NO2,溧阳,14.0
20170124,13,NO2_24h,溧阳,24.0
20170124,13,O3,溧阳,71.0
20170124,13,O3_24h,溧阳,92.0
20170124,13,O3_8h,溧阳,61.0
20170124,13,O3_8h_24h,溧阳,63.0
20170124,13,CO,溧阳,0.75
20170124,13,CO_24h,溧阳,0.85
20170124,14,AQI,溧阳,35.0
20170124,14,PM2.5,溧阳,24.0
20170124,14,PM2.5_24h,溧阳,34.0
20170124,14,PM10,溧阳,35.0
20170124,14,PM10_24h,溧阳,50.0
20170124,14,SO2,溧阳,13.0
20170124,14,SO2_24h,溧阳,12.0
20170124,14,NO2,溧阳,14.0
20170124,14,NO2_24h,溧阳,24.0
20170124,14,O3,溧阳,77.0
20170124,14,O3_24h,溧阳,92.0
20170124,14,O3_8h,溧阳,64.0
20170124,14,O3_8h_24h,溧阳,65.0
20170124,14,CO,溧阳,0.75
20170124,14,CO_24h,溧阳,0.85
20170124,15,AQI,溧阳,41.0
20170124,15,PM2.5,溧阳,28.0
20170124,15,PM2.5_24h,溧阳,34.0
20170124,15,PM10,溧阳,41.0
20170124,15,PM10_24h,溧阳,50.0
20170124,15,SO2,溧阳,12.0
20170124,15,SO2_24h,溧阳,12.0
20170124,15,NO2,溧阳,16.0
20170124,15,NO2_24h,溧阳,24.0
20170124,15,O3,溧阳,78.0
20170124,15,O3_24h,溧阳,92.0
20170124,15,O3_8h,溧阳,66.0
20170124,15,O3_8h_24h,溧阳,66.0
20170124,15,CO,溧阳,0.85
20170124,15,CO_24h,溧阳,0.85
20170124,16,AQI,溧阳,49.0
20170124,16,PM2.5,溧阳,34.0
20170124,16,PM2.5_24h,溧阳,34.0
20170124,16,PM10,溧阳,48.0
20170124,16,PM10_24h,溧阳,50.0
20170124,16,SO2,溧阳,12.0
20170124,16,SO2_24h,溧阳,12.0
20170124,16,NO2,溧阳,19.0
20170124,16,NO2_24h,溧阳,24.0
20170124,16,O3,溧阳,80.0
20170124,16,O3_24h,溧阳,88.0
20170124,16,O3_8h,溧阳,70.0
20170124,16,O3_8h_24h,溧阳,70.0
20170124,16,CO,溧阳,0.85
20170124,16,CO_24h,溧阳,0.85
20170124,17,AQI,溧阳,53.0
20170124,17,PM2.5,溧阳,37.0
20170124,17,PM2.5_24h,溧阳,35.0
20170124,17,PM10,溧阳,52.0
20170124,17,PM10_24h,溧阳,50.0
20170124,17,SO2,溧阳,11.0
20170124,17,SO2_24h,溧阳,12.0
20170124,17,NO2,溧阳,22.0
20170124,17,NO2_24h,溧阳,24.0
20170124,17,O3,溧阳,78.0
20170124,17,O3_24h,溧阳,80.0
20170124,17,O3_8h,溧阳,72.0
20170124,17,O3_8h_24h,溧阳,72.0
20170124,17,CO,溧阳,0.85
20170124,17,CO_24h,溧阳,0.85
20170124,18,AQI,溧阳,58.0
20170124,18,PM2.5,溧阳,41.0
20170124,18,PM2.5_24h,溧阳,35.0
20170124,18,PM10,溧阳,56.0
20170124,18,PM10_24h,溧阳,50.0
20170124,18,SO2,溧阳,12.0
20170124,18,SO2_24h,溧阳,12.0
20170124,18,NO2,溧阳,24.0
20170124,18,NO2_24h,溧阳,24.0
20170124,18,O3,溧阳,76.0
20170124,18,O3_24h,溧阳,80.0
20170124,18,O3_8h,溧阳,73.0
20170124,18,O3_8h_24h,溧阳,73.0
20170124,18,CO,溧阳,0.9
20170124,18,CO_24h,溧阳,0.85
20170124,19,AQI,溧阳,64.0
20170124,19,PM2.5,溧阳,46.0
20170124,19,PM2.5_24h,溧阳,35.0
20170124,19,PM10,溧阳,63.0
20170124,19,PM10_24h,溧阳,49.0
20170124,19,SO2,溧阳,12.0
20170124,19,SO2_24h,溧阳,12.0
20170124,19,NO2,溧阳,30.0
20170124,19,NO2_24h,溧阳,23.0
20170124,19,O3,溧阳,64.0
20170124,19,O3_24h,溧阳,80.0
20170124,19,O3_8h,溧阳,74.0
20170124,19,O3_8h_24h,溧阳,74.0
20170124,19,CO,溧阳,0.9
20170124,19,CO_24h,溧阳,0.85
20170124,20,AQI,溧阳,63.0
20170124,20,PM2.5,溧阳,45.0
20170124,20,PM2.5_24h,溧阳,34.0
20170124,20,PM10,溧阳,60.0
20170124,20,PM10_24h,溧阳,49.0
20170124,20,SO2,溧阳,12.0
20170124,20,SO2_24h,溧阳,12.0
20170124,20,NO2,溧阳,30.0
20170124,20,NO2_24h,溧阳,23.0
20170124,20,O3,溧阳,60.0
20170124,20,O3_24h,溧阳,80.0
20170124,20,O3_8h,溧阳,73.0
20170124,20,O3_8h_24h,溧阳,74.0
20170124,20,CO,溧阳,0.85
20170124,20,CO_24h,溧阳,0.85
20170124,21,AQI,溧阳,61.0
20170124,21,PM2.5,溧阳,44.0
20170124,21,PM2.5_24h,溧阳,34.0
20170124,21,PM10,溧阳,61.0
20170124,21,PM10_24h,溧阳,48.0
20170124,21,SO2,溧阳,12.0
20170124,21,SO2_24h,溧阳,12.0
20170124,21,NO2,溧阳,35.0
20170124,21,NO2_24h,溧阳,23.0
20170124,21,O3,溧阳,52.0
20170124,21,O3_24h,溧阳,80.0
20170124,21,O3_8h,溧阳,71.0
20170124,21,O3_8h_24h,溧阳,74.0
20170124,21,CO,溧阳,0.85
20170124,21,CO_24h,溧阳,0.8
20170124,22,AQI,溧阳,75.0
20170124,22,PM2.5,溧阳,55.0
20170124,22,PM2.5_24h,溧阳,34.0
20170124,22,PM10,溧阳,73.0
20170124,22,PM10_24h,溧阳,48.0
20170124,22,SO2,溧阳,13.0
20170124,22,SO2_24h,溧阳,13.0
20170124,22,NO2,溧阳,39.0
20170124,22,NO2_24h,溧阳,24.0
20170124,22,O3,溧阳,47.0
20170124,22,O3_24h,溧阳,80.0
20170124,22,O3_8h,溧阳,67.0
20170124,22,O3_8h_24h,溧阳,74.0
20170124,22,CO,溧阳,1.05
20170124,22,CO_24h,溧阳,0.8
20170124,23,AQI,溧阳,79.0
20170124,23,PM2.5,溧阳,58.0
20170124,23,PM2.5_24h,溧阳,34.0
20170124,23,PM10,溧阳,76.0
20170124,23,PM10_24h,溧阳,48.0
20170124,23,SO2,溧阳,12.0
20170124,23,SO2_24h,溧阳,13.0
20170124,23,NO2,溧阳,33.0
20170124,23,NO2_24h,溧阳,23.0
20170124,23,O3,溧阳,54.0
20170124,23,O3_24h,溧阳,80.0
20170124,23,O3_8h,溧阳,64.0
20170124,23,O3_8h_24h,溧阳,74.0
20170124,23,CO,溧阳,1.05
20170124,23,CO_24h,溧阳,0.8
20170124,0,AQI,海门,33.0
20170124,0,PM2.5,海门,20.0
20170124,0,PM2.5_24h,海门,24.0
20170124,0,PM10,海门,33.0
20170124,0,PM10_24h,海门,39.0
20170124,0,SO2,海门,8.0
20170124,0,SO2_24h,海门,13.0
20170124,0,NO2,海门,11.0
20170124,0,NO2_24h,海门,14.0
20170124,0,O3,海门,61.0
20170124,0,O3_24h,海门,87.0
20170124,0,O3_8h,海门,69.0
20170124,0,O3_8h_24h,海门,81.0
20170124,0,CO,海门,0.5
20170124,0,CO_24h,海门,0.6
20170124,1,AQI,海门,29.0
20170124,1,PM2.5,海门,17.0
20170124,1,PM2.5_24h,海门,24.0
20170124,1,PM10,海门,29.0
20170124,1,PM10_24h,海门,39.0
20170124,1,SO2,海门,8.0
20170124,1,SO2_24h,海门,13.0
20170124,1,NO2,海门,12.0
20170124,1,NO2_24h,海门,14.0
20170124,1,O3,海门,58.0
20170124,1,O3_24h,海门,87.0
20170124,1,O3_8h,海门,58.0
20170124,1,O3_8h_24h,海门,58.0
20170124,1,CO,海门,0.5
20170124,1,CO_24h,海门,0.6
20170124,2,AQI,海门,28.0
20170124,2,PM2.5,海门,16.0
20170124,2,PM2.5_24h,海门,24.0
20170124,2,PM10,海门,28.0
20170124,2,PM10_24h,海门,39.0
20170124,2,SO2,海门,8.0
20170124,2,SO2_24h,海门,13.0
20170124,2,NO2,海门,10.0
20170124,2,NO2_24h,海门,14.0
20170124,2,O3,海门,59.0
20170124,2,O3_24h,海门,87.0
20170124,2,O3_8h,海门,59.0
20170124,2,O3_8h_24h,海门,60.0
20170124,2,CO,海门,0.55
20170124,2,CO_24h,海门,0.6
20170124,3,AQI,海门,25.0
20170124,3,PM2.5,海门,14.0
20170124,3,PM2.5_24h,海门,24.0
20170124,3,PM10,海门,25.0
20170124,3,PM10_24h,海门,38.0
20170124,3,SO2,海门,8.0
20170124,3,SO2_24h,海门,12.0
20170124,3,NO2,海门,10.0
20170124,3,NO2_24h,海门,14.0
20170124,3,O3,海门,60.0
20170124,3,O3_24h,海门,87.0
20170124,3,O3_8h,海门,59.0
20170124,3,O3_8h_24h,海门,60.0
20170124,3,CO,海门,0.5
20170124,3,CO_24h,海门,0.6
20170124,4,AQI,海门,25.0
20170124,4,PM2.5,海门,15.0
20170124,4,PM2.5_24h,海门,24.0
20170124,4,PM10,海门,25.0
20170124,4,PM10_24h,海门,38.0
20170124,4,SO2,海门,8.0
20170124,4,SO2_24h,海门,12.0
20170124,4,NO2,海门,9.0
20170124,4,NO2_24h,海门,14.0
20170124,4,O3,海门,60.0
20170124,4,O3_24h,海门,87.0
20170124,4,O3_8h,海门,59.0
20170124,4,O3_8h_24h,海门,60.0
20170124,4,CO,海门,0.5
20170124,4,CO_24h,海门,0.6
20170124,5,AQI,海门,22.0
20170124,5,PM2.5,海门,13.0
20170124,5,PM2.5_24h,海门,24.0
20170124,5,PM10,海门,22.0
20170124,5,PM10_24h,海门,37.0
20170124,5,SO2,海门,8.0
20170124,5,SO2_24h,海门,12.0
20170124,5,NO2,海门,6.0
20170124,5,NO2_24h,海门,14.0
20170124,5,O3,海门,67.0
20170124,5,O3_24h,海门,87.0
20170124,5,O3_8h,海门,61.0
20170124,5,O3_8h_24h,海门,61.0
20170124,5,CO,海门,0.45
20170124,5,CO_24h,海门,0.6
20170124,6,AQI,海门,24.0
20170124,6,PM2.5,海门,12.0
20170124,6,PM2.5_24h,海门,23.0
20170124,6,PM10,海门,24.0
20170124,6,PM10_24h,海门,37.0
20170124,6,SO2,海门,8.0
20170124,6,SO2_24h,海门,12.0
20170124,6,NO2,海门,10.0
20170124,6,NO2_24h,海门,14.0
20170124,6,O3,海门,59.0
20170124,6,O3_24h,海门,87.0
20170124,6,O3_8h,海门,61.0
20170124,6,O3_8h_24h,海门,61.0
20170124,6,CO,海门,0.5
20170124,6,CO_24h,海门,0.6
20170124,7,AQI,海门,27.0
20170124,7,PM2.5,海门,19.0
20170124,7,PM2.5_24h,海门,23.0
20170124,7,PM10,海门,27.0
20170124,7,PM10_24h,海门,36.0
20170124,7,SO2,海门,8.0
20170124,7,SO2_24h,海门,12.0
20170124,7,NO2,海门,21.0
20170124,7,NO2_24h,海门,13.0
20170124,7,O3,海门,46.0
20170124,7,O3_24h,海门,87.0
20170124,7,O3_8h,海门,58.0
20170124,7,O3_8h_24h,海门,61.0
20170124,7,CO,海门,0.55
20170124,7,CO_24h,海门,0.6
20170124,8,AQI,海门,39.0
20170124,8,PM2.5,海门,25.0
20170124,8,PM2.5_24h,海门,23.0
20170124,8,PM10,海门,39.0
20170124,8,PM10_24h,海门,36.0
20170124,8,SO2,海门,10.0
20170124,8,SO2_24h,海门,11.0
20170124,8,NO2,海门,28.0
20170124,8,NO2_24h,海门,13.0
20170124,8,O3,海门,39.0
20170124,8,O3_24h,海门,87.0
20170124,8,O3_8h,海门,56.0
20170124,8,O3_8h_24h,海门,61.0
20170124,8,CO,海门,0.8
20170124,8,CO_24h,海门,0.6
20170124,9,AQI,海门,44.0
20170124,9,PM2.5,海门,31.0
20170124,9,PM2.5_24h,海门,22.0
20170124,9,PM10,海门,43.0
20170124,9,PM10_24h,海门,34.0
20170124,9,SO2,海门,12.0
20170124,9,SO2_24h,海门,11.0
20170124,9,NO2,海门,28.0
20170124,9,NO2_24h,海门,13.0
20170124,9,O3,海门,46.0
20170124,9,O3_24h,海门,87.0
20170124,9,O3_8h,海门,55.0
20170124,9,O3_8h_24h,海门,61.0
20170124,9,CO,海门,0.85
20170124,9,CO_24h,海门,0.6
20170124,10,AQI,海门,49.0
20170124,10,PM2.5,海门,27.0
20170124,10,PM2.5_24h,海门,21.0
20170124,10,PM10,海门,49.0
20170124,10,PM10_24h,海门,33.0
20170124,10,SO2,海门,13.0
20170124,10,SO2_24h,海门,11.0
20170124,10,NO2,海门,14.0
20170124,10,NO2_24h,海门,12.0
20170124,10,O3,海门,69.0
20170124,10,O3_24h,海门,87.0
20170124,10,O3_8h,海门,56.0
20170124,10,O3_8h_24h,海门,61.0
20170124,10,CO,海门,0.65
20170124,10,CO_24h,海门,0.6
20170124,11,AQI,海门,42.0
20170124,11,PM2.5,海门,29.0
20170124,11,PM2.5_24h,海门,20.0
20170124,11,PM10,海门,42.0
20170124,11,PM10_24h,海门,32.0
20170124,11,SO2,海门,15.0
20170124,11,SO2_24h,海门,10.0
20170124,11,NO2,海门,9.0
20170124,11,NO2_24h,海门,12.0
20170124,11,O3,海门,80.0
20170124,11,O3_24h,海门,87.0
20170124,11,O3_8h,海门,58.0
20170124,11,O3_8h_24h,海门,61.0
20170124,11,CO,海门,0.6
20170124,11,CO_24h,海门,0.6
20170124,12,AQI,海门,39.0
20170124,12,PM2.5,海门,26.0
20170124,12,PM2.5_24h,海门,20.0
20170124,12,PM10,海门,39.0
20170124,12,PM10_24h,海门,31.0
20170124,12,SO2,海门,16.0
20170124,12,SO2_24h,海门,10.0
20170124,12,NO2,海门,8.0
20170124,12,NO2_24h,海门,12.0
20170124,12,O3,海门,85.0
20170124,12,O3_24h,海门,87.0
20170124,12,O3_8h,海门,61.0
20170124,12,O3_8h_24h,海门,63.0
20170124,12,CO,海门,0.55
20170124,12,CO_24h,海门,0.6
20170124,13,AQI,海门,45.0
20170124,13,PM2.5,海门,31.0
20170124,13,PM2.5_24h,海门,20.0
20170124,13,PM10,海门,45.0
20170124,13,PM10_24h,海门,31.0
20170124,13,SO2,海门,17.0
20170124,13,SO2_24h,海门,10.0
20170124,13,NO2,海门,6.0
20170124,13,NO2_24h,海门,12.0
20170124,13,O3,海门,92.0
20170124,13,O3_24h,海门,92.0
20170124,13,O3_8h,海门,64.0
20170124,13,O3_8h_24h,海门,64.0
20170124,13,CO,海门,0.5
20170124,13,CO_24h,海门,0.6
20170124,14,AQI,海门,42.0
20170124,14,PM2.5,海门,27.0
20170124,14,PM2.5_24h,海门,20.0
20170124,14,PM10,海门,42.0
20170124,14,PM10_24h,海门,32.0
20170124,14,SO2,海门,18.0
20170124,14,SO2_24h,海门,10.0
20170124,14,NO2,海门,6.0
20170124,14,NO2_24h,海门,12.0
20170124,14,O3,海门,98.0
20170124,14,O3_24h,海门,98.0
20170124,14,O3_8h,海门,69.0
20170124,14,O3_8h_24h,海门,69.0
20170124,14,CO,海门,0.55
20170124,14,CO_24h,海门,0.6
20170124,15,AQI,海门,44.0
20170124,15,PM2.5,海门,27.0
20170124,15,PM2.5_24h,海门,20.0
20170124,15,PM10,海门,44.0
20170124,15,PM10_24h,海门,32.0
20170124,15,SO2,海门,18.0
20170124,15,SO2_24h,海门,11.0
20170124,15,NO2,海门,7.0
20170124,15,NO2_24h,海门,12.0
20170124,15,O3,海门,101.0
20170124,15,O3_24h,海门,101.0
20170124,15,O3_8h,海门,76.0
20170124,15,O3_8h_24h,海门,76.0
20170124,15,CO,海门,0.6
20170124,15,CO_24h,海门,0.6
20170124,16,AQI,海门,45.0
20170124,16,PM2.5,海门,29.0
20170124,16,PM2.5_24h,海门,21.0
20170124,16,PM10,海门,45.0
20170124,16,PM10_24h,海门,33.0
20170124,16,SO2,海门,18.0
20170124,16,SO2_24h,海门,11.0
20170124,16,NO2,海门,9.0
20170124,16,NO2_24h,海门,12.0
20170124,16,O3,海门,101.0
20170124,16,O3_24h,海门,101.0
20170124,16,O3_8h,海门,84.0
20170124,16,O3_8h_24h,海门,84.0
20170124,16,CO,海门,0.6
20170124,16,CO_24h,海门,0.6
20170124,17,AQI,海门,50.0
20170124,17,PM2.5,海门,35.0
20170124,17,PM2.5_24h,海门,22.0
20170124,17,PM10,海门,49.0
20170124,17,PM10_24h,海门,34.0
20170124,17,SO2,海门,17.0
20170124,17,SO2_24h,海门,11.0
20170124,17,NO2,海门,13.0
20170124,17,NO2_24h,海门,12.0
20170124,17,O3,海门,94.0
20170124,17,O3_24h,海门,101.0
20170124,17,O3_8h,海门,90.0
20170124,17,O3_8h_24h,海门,90.0
20170124,17,CO,海门,0.65
20170124,17,CO_24h,海门,0.6
20170124,18,AQI,海门,56.0
20170124,18,PM2.5,海门,40.0
20170124,18,PM2.5_24h,海门,23.0
20170124,18,PM10,海门,61.0
20170124,18,PM10_24h,海门,35.0
20170124,18,SO2,海门,15.0
20170124,18,SO2_24h,海门,12.0
20170124,18,NO2,海门,18.0
20170124,18,NO2_24h,海门,13.0
20170124,18,O3,海门,87.0
20170124,18,O3_24h,海门,101.0
20170124,18,O3_8h,海门,92.0
20170124,18,O3_8h_24h,海门,92.0
20170124,18,CO,海门,0.8
20170124,18,CO_24h,海门,0.6
20170124,19,AQI,海门,68.0
20170124,19,PM2.5,海门,49.0
20170124,19,PM2.5_24h,海门,24.0
20170124,19,PM10,海门,68.0
20170124,19,PM10_24h,海门,37.0
20170124,19,SO2,海门,14.0
20170124,19,SO2_24h,海门,12.0
20170124,19,NO2,海门,19.0
20170124,19,NO2_24h,海门,13.0
20170124,19,O3,海门,84.0
20170124,19,O3_24h,海门,101.0
20170124,19,O3_8h,海门,93.0
20170124,19,O3_8h_24h,海门,93.0
20170124,19,CO,海门,0.8
20170124,19,CO_24h,海门,0.6
20170124,20,AQI,海门,79.0
20170124,20,PM2.5,海门,58.0
20170124,20,PM2.5_24h,海门,26.0
20170124,20,PM10,海门,79.0
20170124,20,PM10_24h,海门,39.0
20170124,20,SO2,海门,13.0
20170124,20,SO2_24h,海门,12.0
20170124,20,NO2,海门,18.0
20170124,20,NO2_24h,海门,13.0
20170124,20,O3,海门,83.0
20170124,20,O3_24h,海门,101.0
20170124,20,O3_8h,海门,93.0
20170124,20,O3_8h_24h,海门,93.0
20170124,20,CO,海门,0.8
20170124,20,CO_24h,海门,0.6
20170124,21,AQI,海门,76.0
20170124,21,PM2.5,海门,56.0
20170124,21,PM2.5_24h,海门,27.0
20170124,21,PM10,海门,80.0
20170124,21,PM10_24h,海门,41.0
20170124,21,SO2,海门,13.0
20170124,21,SO2_24h,海门,12.0
20170124,21,NO2,海门,23.0
20170124,21,NO2_24h,海门,14.0
20170124,21,O3,海门,77.0
20170124,21,O3_24h,海门,101.0
20170124,21,O3_8h,海门,90.0
20170124,21,O3_8h_24h,海门,93.0
20170124,21,CO,海门,0.9
20170124,21,CO_24h,海门,0.6
20170124,22,AQI,海门,81.0
20170124,22,PM2.5,海门,60.0
20170124,22,PM2.5_24h,海门,29.0
20170124,22,PM10,海门,83.0
20170124,22,PM10_24h,海门,44.0
20170124,22,SO2,海门,13.0
20170124,22,SO2_24h,海门,12.0
20170124,22,NO2,海门,20.0
20170124,22,NO2_24h,海门,14.0
20170124,22,O3,海门,82.0
20170124,22,O3_24h,海门,101.0
20170124,22,O3_8h,海门,89.0
20170124,22,O3_8h_24h,海门,93.0
20170124,22,CO,海门,0.9
20170124,22,CO_24h,海门,0.6
20170124,23,AQI,海门,86.0
20170124,23,PM2.5,海门,64.0
20170124,23,PM2.5_24h,海门,31.0
20170124,23,PM10,海门,89.0
20170124,23,PM10_24h,海门,46.0
20170124,23,SO2,海门,12.0
20170124,23,SO2_24h,海门,13.0
20170124,23,NO2,海门,18.0
20170124,23,NO2_24h,海门,14.0
20170124,23,O3,海门,83.0
20170124,23,O3_24h,海门,101.0
20170124,23,O3_8h,海门,86.0
20170124,23,O3_8h_24h,海门,93.0
20170124,23,CO,海门,0.85
20170124,23,CO_24h,海门,0.6
20170124,0,AQI,临安,85.0
20170124,0,PM2.5,临安,63.0
20170124,0,PM2.5_24h,临安,60.0
20170124,0,PM10,临安,104.0
20170124,0,PM10_24h,临安,101.0
20170124,0,SO2,临安,5.0
20170124,0,SO2_24h,临安,8.0
20170124,0,NO2,临安,39.0
20170124,0,NO2_24h,临安,30.0
20170124,0,O3,临安,50.0
20170124,0,O3_24h,临安,70.0
20170124,0,O3_8h,临安,58.0
20170124,0,O3_8h_24h,临安,66.0
20170124,0,CO,临安,1.1
20170124,0,CO_24h,临安,0.9
20170124,1,AQI,临安,80.0
20170124,1,PM2.5,临安,59.0
20170124,1,PM2.5_24h,临安,59.0
20170124,1,PM10,临安,98.0
20170124,1,PM10_24h,临安,100.0
20170124,1,SO2,临安,5.0
20170124,1,SO2_24h,临安,8.0
20170124,1,NO2,临安,34.0
20170124,1,NO2_24h,临安,30.0
20170124,1,O3,临安,50.0
20170124,1,O3_24h,临安,70.0
20170124,1,O3_8h,临安,50.0
20170124,1,O3_8h_24h,临安,50.0
20170124,1,CO,临安,1.1
20170124,1,CO_24h,临安,0.9
20170124,2,AQI,临安,74.0
20170124,2,PM2.5,临安,54.0
20170124,2,PM2.5_24h,临安,63.0
20170124,2,PM10,临安,86.0
20170124,2,PM10_24h,临安,99.0
20170124,2,SO2,临安,11.0
20170124,2,SO2_24h,临安,14.0
20170124,2,NO2,临安,27.0
20170124,2,NO2_24h,临安,30.0
20170124,2,O3,临安,42.0
20170124,2,O3_24h,临安,59.0
20170124,2,O3_8h,临安,41.0
20170124,2,O3_8h_24h,临安,41.0
20170124,2,CO,临安,0.9
20170124,2,CO_24h,临安,0.95
20170124,3,AQI,临安,69.0
20170124,3,PM2.5,临安,50.0
20170124,3,PM2.5_24h,临安,57.0
20170124,3,PM10,临安,75.0
20170124,3,PM10_24h,临安,97.0
20170124,3,SO2,临安,3.0
20170124,3,SO2_24h,临安,8.0
20170124,3,NO2,临安,27.0
20170124,3,NO2_24h,临安,30.0
20170124,3,O3,临安,52.0
20170124,3,O3_24h,临安,70.0
20170124,3,O3_8h,临安,52.0
20170124,3,O3_8h_24h,临安,52.0
20170124,3,CO,临安,0.9
20170124,3,CO_24h,临安,0.9
20170124,4,AQI,临安,66.0
20170124,4,PM2.5,临安,48.0
20170124,4,PM2.5_24h,临安,56.0
20170124,4,PM10,临安,75.0
20170124,4,PM10_24h,临安,97.0
20170124,4,SO2,临安,3.0
20170124,4,SO2_24h,临安,8.0
20170124,4,NO2,临安,25.0
20170124,4,NO2_24h,临安,31.0
20170124,4,O3,临安,49.0
20170124,4,O3_24h,临安,70.0
20170124,4,O3_8h,临安,51.0
20170124,4,O3_8h_24h,临安,52.0
20170124,4,CO,临安,0.8
20170124,4,CO_24h,临安,0.9
20170124,5,AQI,临安,61.0
20170124,5,PM2.5,临安,44.0
20170124,5,PM2.5_24h,临安,55.0
20170124,5,PM10,临安,71.0
20170124,5,PM10_24h,临安,96.0
20170124,5,SO2,临安,4.0
20170124,5,SO2_24h,临安,8.0
20170124,5,NO2,临安,21.0
20170124,5,NO2_24h,临安,31.0
20170124,5,O3,临安,53.0
20170124,5,O3_24h,临安,70.0
20170124,5,O3_8h,临安,52.0
20170124,5,O3_8h_24h,临安,52.0
20170124,5,CO,临安,0.8
20170124,5,CO_24h,临安,0.9
20170124,6,AQI,临安,63.0
20170124,6,PM2.5,临安,45.0
20170124,6,PM2.5_24h,临安,54.0
20170124,6,PM10,临安,65.0
20170124,6,PM10_24h,临安,95.0
20170124,6,SO2,临安,4.0
20170124,6,SO2_24h,临安,8.0
20170124,6,NO2,临安,20.0
20170124,6,NO2_24h,临安,31.0
20170124,6,O3,临安,48.0
20170124,6,O3_24h,临安,70.0
20170124,6,O3_8h,临安,51.0
20170124,6,O3_8h_24h,临安,52.0
20170124,6,CO,临安,0.8
20170124,6,CO_24h,临安,0.9
20170124,7,AQI,临安,76.0
20170124,7,PM2.5,临安,56.0
20170124,7,PM2.5_24h,临安,59.0
20170124,7,PM10,临安,66.0
20170124,7,PM10_24h,临安,97.0
20170124,7,SO2,临安,10.0
20170124,7,SO2_24h,临安,15.0
20170124,7,NO2,临安,28.0
20170124,7,NO2_24h,临安,31.0
20170124,7,O3,临安,36.0
20170124,7,O3_24h,临安,59.0
20170124,7,O3_8h,临安,39.0
20170124,7,O3_8h_24h,临安,41.0
20170124,7,CO,临安,0.9
20170124,7,CO_24h,临安,0.95
20170124,8,AQI,临安,85.0
20170124,8,PM2.5,临安,63.0
20170124,8,PM2.5_24h,临安,53.0
20170124,8,PM10,临安,77.0
20170124,8,PM10_24h,临安,93.0
20170124,8,SO2,临安,4.0
20170124,8,SO2_24h,临安,8.0
20170124,8,NO2,临安,29.0
20170124,8,NO2_24h,临安,31.0
20170124,8,O3,临安,51.0
20170124,8,O3_24h,临安,70.0
20170124,8,O3_8h,临安,50.0
20170124,8,O3_8h_24h,临安,52.0
20170124,8,CO,临安,1.0
20170124,8,CO_24h,临安,0.9
20170124,9,AQI,临安,76.0
20170124,9,PM2.5,临安,56.0
20170124,9,PM2.5_24h,临安,52.0
20170124,9,PM10,临安,95.0
20170124,9,PM10_24h,临安,93.0
20170124,9,SO2,临安,6.0
20170124,9,SO2_24h,临安,8.0
20170124,9,NO2,临安,31.0
20170124,9,NO2_24h,临安,31.0
20170124,9,O3,临安,50.0
20170124,9,O3_24h,临安,70.0
20170124,9,O3_8h,临安,50.0
20170124,9,O3_8h_24h,临安,52.0
20170124,9,CO,临安,1.2
20170124,9,CO_24h,临安,0.9
20170124,10,AQI,临安,78.0
20170124,10,PM2.5,临安,57.0
20170124,10,PM2.5_24h,临安,52.0
20170124,10,PM10,临安,102.0
20170124,10,PM10_24h,临安,92.0
20170124,10,SO2,临安,6.0
20170124,10,SO2_24h,临安,7.0
20170124,10,NO2,临安,36.0
20170124,10,NO2_24h,临安,31.0
20170124,10,O3,临安,52.0
20170124,10,O3_24h,临安,70.0
20170124,10,O3_8h,临安,50.0
20170124,10,O3_8h_24h,临安,52.0
20170124,10,CO,临安,1.2
20170124,10,CO_24h,临安,0.9
20170124,11,AQI,临安,75.0
20170124,11,PM2.5,临安,31.0
20170124,11,PM2.5_24h,临安,51.0
20170124,11,PM10,临安,99.0
20170124,11,PM10_24h,临安,91.0
20170124,11,SO2,临安,6.0
20170124,11,SO2_24h,临安,7.0
20170124,11,NO2,临安,15.0
20170124,11,NO2_24h,临安,31.0
20170124,11,O3,临安,64.0
20170124,11,O3_24h,临安,70.0
20170124,11,O3_8h,临安,52.0
20170124,11,O3_8h_24h,临安,52.0
20170124,11,CO,临安,0.5
20170124,11,CO_24h,临安,0.9
20170124,12,AQI,临安,64.0
20170124,12,PM2.5,临安,29.0
20170124,12,PM2.5_24h,临安,51.0
20170124,12,PM10,临安,77.0
20170124,12,PM10_24h,临安,91.0
20170124,12,SO2,临安,5.0
20170124,12,SO2_24h,临安,7.0
20170124,12,NO2,临安,15.0
20170124,12,NO2_24h,临安,30.0
20170124,12,O3,临安,64.0
20170124,12,O3_24h,临安,70.0
20170124,12,O3_8h,临安,54.0
20170124,12,O3_8h_24h,临安,54.0
20170124,12,CO,临安,0.5
20170124,12,CO_24h,临安,0.9
20170124,13,AQI,临安,58.0
20170124,13,PM2.5,临安,29.0
20170124,13,PM2.5_24h,临安,50.0
20170124,13,PM10,临安,65.0
20170124,13,PM10_24h,临安,90.0
20170124,13,SO2,临安,6.0
20170124,13,SO2_24h,临安,7.0
20170124,13,NO2,临安,14.0
20170124,13,NO2_24h,临安,30.0
20170124,13,O3,临安,67.0
20170124,13,O3_24h,临安,70.0
20170124,13,O3_8h,临安,55.0
20170124,13,O3_8h_24h,临安,55.0
20170124,13,CO,临安,0.5
20170124,13,CO_24h,临安,0.9
20170124,14,AQI,临安,76.0
20170124,14,PM2.5,临安,26.0
20170124,14,PM2.5_24h,临安,49.0
20170124,14,PM10,临安,102.0
20170124,14,PM10_24h,临安,90.0
20170124,14,SO2,临安,7.0
20170124,14,SO2_24h,临安,7.0
20170124,14,NO2,临安,15.0
20170124,14,NO2_24h,临安,30.0
20170124,14,O3,临安,69.0
20170124,14,O3_24h,临安,70.0
20170124,14,O3_8h,临安,58.0
20170124,14,O3_8h_24h,临安,58.0
20170124,14,CO,临安,0.5
20170124,14,CO_24h,临安,0.9
20170124,15,AQI,临安,58.0
20170124,15,PM2.5,临安,29.0
20170124,15,PM2.5_24h,临安,52.0
20170124,15,PM10,临安,66.0
20170124,15,PM10_24h,临安,89.0
20170124,15,SO2,临安,17.0
20170124,15,SO2_24h,临安,13.0
20170124,15,NO2,临安,20.0
20170124,15,NO2_24h,临安,30.0
20170124,15,O3,临安,63.0
20170124,15,O3_24h,临安,63.0
20170124,15,O3_8h,临安,57.0
20170124,15,O3_8h_24h,临安,57.0
20170124,15,CO,临安,0.55
20170124,15,CO_24h,临安,0.85
20170124,16,AQI,临安,54.0
20170124,16,PM2.5,临安,28.0
20170124,16,PM2.5_24h,临安,48.0
20170124,16,PM10,临安,58.0
20170124,16,PM10_24h,临安,87.0
20170124,16,SO2,临安,8.0
20170124,16,SO2_24h,临安,6.0
20170124,16,NO2,临安,16.0
20170124,16,NO2_24h,临安,28.0
20170124,16,O3,临安,75.0
20170124,16,O3_24h,临安,75.0
20170124,16,O3_8h,临安,64.0
20170124,16,O3_8h_24h,临安,64.0
20170124,16,CO,临安,0.5
20170124,16,CO_24h,临安,0.8
20170124,17,AQI,临安,58.0
20170124,17,PM2.5,临安,37.0
20170124,17,PM2.5_24h,临安,50.0
20170124,17,PM10,临安,65.0
20170124,17,PM10_24h,临安,85.0
20170124,17,SO2,临安,19.0
20170124,17,SO2_24h,临安,14.0
20170124,17,NO2,临安,26.0
20170124,17,NO2_24h,临安,29.0
20170124,17,O3,临安,68.0
20170124,17,O3_24h,临安,69.0
20170124,17,O3_8h,临安,62.0
20170124,17,O3_8h_24h,临安,62.0
20170124,17,CO,临安,0.55
20170124,17,CO_24h,临安,0.8
20170124,18,AQI,临安,57.0
20170124,18,PM2.5,临安,38.0
20170124,18,PM2.5_24h,临安,47.0
20170124,18,PM10,临安,64.0
20170124,18,PM10_24h,临安,84.0
20170124,18,SO2,临安,10.0
20170124,18,SO2_24h,临安,6.0
20170124,18,NO2,临安,22.0
20170124,18,NO2_24h,临安,27.0
20170124,18,O3,临安,74.0
20170124,18,O3_24h,临安,75.0
20170124,18,O3_8h,临安,70.0
20170124,18,O3_8h_24h,临安,70.0
20170124,18,CO,临安,0.5
20170124,18,CO_24h,临安,0.8
20170124,19,AQI,临安,61.0
20170124,19,PM2.5,临安,35.0
20170124,19,PM2.5_24h,临安,46.0
20170124,19,PM10,临安,72.0
20170124,19,PM10_24h,临安,83.0
20170124,19,SO2,临安,9.0
20170124,19,SO2_24h,临安,6.0
20170124,19,NO2,临安,19.0
20170124,19,NO2_24h,临安,26.0
20170124,19,O3,临安,73.0
20170124,19,O3_24h,临安,75.0
20170124,19,O3_8h,临安,71.0
20170124,19,O3_8h_24h,临安,71.0
20170124,19,CO,临安,0.5
20170124,19,CO_24h,临安,0.8
20170124,20,AQI,临安,59.0
20170124,20,PM2.5,临安,30.0
20170124,20,PM2.5_24h,临安,45.0
20170124,20,PM10,临安,68.0
20170124,20,PM10_24h,临安,82.0
20170124,20,SO2,临安,6.0
20170124,20,SO2_24h,临安,6.0
20170124,20,NO2,临安,19.0
20170124,20,NO2_24h,临安,25.0
20170124,20,O3,临安,71.0
20170124,20,O3_24h,临安,75.0
20170124,20,O3_8h,临安,72.0
20170124,20,O3_8h_24h,临安,72.0
20170124,20,CO,临安,0.5
20170124,20,CO_24h,临安,0.8
20170124,21,AQI,临安,54.0
20170124,21,PM2.5,临安,26.0
20170124,21,PM2.5_24h,临安,44.0
20170124,21,PM10,临安,58.0
20170124,21,PM10_24h,临安,80.0
20170124,21,SO2,临安,6.0
20170124,21,SO2_24h,临安,6.0
20170124,21,NO2,临安,19.0
20170124,21,NO2_24h,临安,24.0
20170124,21,O3,临安,66.0
20170124,21,O3_24h,临安,75.0
20170124,21,O3_8h,临安,72.0
20170124,21,O3_8h_24h,临安,72.0
20170124,21,CO,临安,0.5
20170124,21,CO_24h,临安,0.8
20170124,22,AQI,临安,56.0
20170124,22,PM2.5,临安,40.0
20170124,22,PM2.5_24h,临安,45.0
20170124,22,PM10,临安,62.0
20170124,22,PM10_24h,临安,76.0
20170124,22,SO2,临安,13.0
20170124,22,SO2_24h,临安,14.0
20170124,22,NO2,临安,25.0
20170124,22,NO2_24h,临安,26.0
20170124,22,O3,临安,54.0
20170124,22,O3_24h,临安,69.0
20170124,22,O3_8h,临安,62.0
20170124,22,O3_8h_24h,临安,65.0
20170124,22,CO,临安,0.65
20170124,22,CO_24h,临安,0.75
20170124,23,AQI,临安,56.0
20170124,23,PM2.5,临安,37.0
20170124,23,PM2.5_24h,临安,41.0
20170124,23,PM10,临安,61.0
20170124,23,PM10_24h,临安,76.0
20170124,23,SO2,临安,5.0
20170124,23,SO2_24h,临安,6.0
20170124,23,NO2,临安,27.0
20170124,23,NO2_24h,临安,23.0
20170124,23,O3,临安,60.0
20170124,23,O3_24h,临安,75.0
20170124,23,O3_8h,临安,69.0
20170124,23,O3_8h_24h,临安,72.0
20170124,23,CO,临安,0.7
20170124,23,CO_24h,临安,0.7
20170124,0,AQI,富阳,84.0
20170124,0,PM2.5,富阳,62.0
20170124,0,PM2.5_24h,富阳,61.0
20170124,0,PM10,富阳,89.0
20170124,0,PM10_24h,富阳,87.0
20170124,0,SO2,富阳,6.0
20170124,0,SO2_24h,富阳,10.0
20170124,0,NO2,富阳,33.0
20170124,0,NO2_24h,富阳,33.0
20170124,0,O3,富阳,25.0
20170124,0,O3_24h,富阳,64.0
20170124,0,O3_8h,富阳,42.0
20170124,0,O3_8h_24h,富阳,58.0
20170124,0,CO,富阳,0.9
20170124,0,CO_24h,富阳,0.9
20170124,1,AQI,富阳,75.0
20170124,1,PM2.5,富阳,55.0
20170124,1,PM2.5_24h,富阳,60.0
20170124,1,PM10,富阳,79.0
20170124,1,PM10_24h,富阳,86.0
20170124,1,SO2,富阳,5.0
20170124,1,SO2_24h,富阳,10.0
20170124,1,NO2,富阳,32.0
20170124,1,NO2_24h,富阳,33.0
20170124,1,O3,富阳,21.0
20170124,1,O3_24h,富阳,64.0
20170124,1,O3_8h,富阳,21.0
20170124,1,O3_8h_24h,富阳,21.0
20170124,1,CO,富阳,0.8
20170124,1,CO_24h,富阳,0.9
20170124,2,AQI,富阳,84.0
20170124,2,PM2.5,富阳,62.0
20170124,2,PM2.5_24h,富阳,59.0
20170124,2,PM10,富阳,87.0
20170124,2,PM10_24h,富阳,84.0
20170124,2,SO2,富阳,5.0
20170124,2,SO2_24h,富阳,9.0
20170124,2,NO2,富阳,37.0
20170124,2,NO2_24h,富阳,33.0
20170124,2,O3,富阳,17.0
20170124,2,O3_24h,富阳,64.0
20170124,2,O3_8h,富阳,19.0
20170124,2,O3_8h_24h,富阳,21.0
20170124,2,CO,富阳,0.8
20170124,2,CO_24h,富阳,0.9
20170124,3,AQI,富阳,79.0
20170124,3,PM2.5,富阳,58.0
20170124,3,PM2.5_24h,富阳,58.0
20170124,3,PM10,富阳,82.0
20170124,3,PM10_24h,富阳,83.0
20170124,3,SO2,富阳,3.0
20170124,3,SO2_24h,富阳,9.0
20170124,3,NO2,富阳,36.0
20170124,3,NO2_24h,富阳,34.0
20170124,3,O3,富阳,16.0
20170124,3,O3_24h,富阳,64.0
20170124,3,O3_8h,富阳,18.0
20170124,3,O3_8h_24h,富阳,21.0
20170124,3,CO,富阳,0.8
20170124,3,CO_24h,富阳,0.8
20170124,4,AQI,富阳,70.0
20170124,4,PM2.5,富阳,51.0
20170124,4,PM2.5_24h,富阳,57.0
20170124,4,PM10,富阳,72.0
20170124,4,PM10_24h,富阳,82.0
20170124,4,SO2,富阳,5.0
20170124,4,SO2_24h,富阳,9.0
20170124,4,NO2,富阳,23.0
20170124,4,NO2_24h,富阳,33.0
20170124,4,O3,富阳,24.0
20170124,4,O3_24h,富阳,64.0
20170124,4,O3_8h,富阳,20.0
20170124,4,O3_8h_24h,富阳,21.0
20170124,4,CO,富阳,0.7
20170124,4,CO_24h,富阳,0.8
20170124,5,AQI,富阳,71.0
20170124,5,PM2.5,富阳,52.0
20170124,5,PM2.5_24h,富阳,57.0
20170124,5,PM10,富阳,69.0
20170124,5,PM10_24h,富阳,80.0
20170124,5,SO2,富阳,4.0
20170124,5,SO2_24h,富阳,9.0
20170124,5,NO2,富阳,24.0
20170124,5,NO2_24h,富阳,33.0
20170124,5,O3,富阳,18.0
20170124,5,O3_24h,富阳,64.0
20170124,5,O3_8h,富阳,19.0
20170124,5,O3_8h_24h,富阳,21.0
20170124,5,CO,富阳,0.7
20170124,5,CO_24h,富阳,0.8
20170124,6,AQI,富阳,75.0
20170124,6,PM2.5,富阳,55.0
20170124,6,PM2.5_24h,富阳,56.0
20170124,6,PM10,富阳,74.0
20170124,6,PM10_24h,富阳,79.0
20170124,6,SO2,富阳,4.0
20170124,6,SO2_24h,富阳,9.0
20170124,6,NO2,富阳,27.0
20170124,6,NO2_24h,富阳,32.0
20170124,6,O3,富阳,16.0
20170124,6,O3_24h,富阳,64.0
20170124,6,O3_8h,富阳,19.0
20170124,6,O3_8h_24h,富阳,21.0
20170124,6,CO,富阳,0.8
20170124,6,CO_24h,富阳,0.8
20170124,7,AQI,富阳,76.0
20170124,7,PM2.5,富阳,56.0
20170124,7,PM2.5_24h,富阳,55.0
20170124,7,PM10,富阳,75.0
20170124,7,PM10_24h,富阳,78.0
20170124,7,SO2,富阳,5.0
20170124,7,SO2_24h,富阳,9.0
20170124,7,NO2,富阳,32.0
20170124,7,NO2_24h,富阳,32.0
20170124,7,O3,富阳,15.0
20170124,7,O3_24h,富阳,64.0
20170124,7,O3_8h,富阳,18.0
20170124,7,O3_8h_24h,富阳,21.0
20170124,7,CO,富阳,0.8
20170124,7,CO_24h,富阳,0.8
20170124,8,AQI,富阳,76.0
20170124,8,PM2.5,富阳,56.0
20170124,8,PM2.5_24h,富阳,54.0
20170124,8,PM10,富阳,75.0
20170124,8,PM10_24h,富阳,76.0
20170124,8,SO2,富阳,4.0
20170124,8,SO2_24h,富阳,9.0
20170124,8,NO2,富阳,37.0
20170124,8,NO2_24h,富阳,32.0
20170124,8,O3,富阳,13.0
20170124,8,O3_24h,富阳,64.0
20170124,8,O3_8h,富阳,18.0
20170124,8,O3_8h_24h,富阳,21.0
20170124,8,CO,富阳,0.9
20170124,8,CO_24h,富阳,0.8
20170124,9,AQI,富阳,89.0
20170124,9,PM2.5,富阳,66.0
20170124,9,PM2.5_24h,富阳,54.0
20170124,9,PM10,富阳,88.0
20170124,9,PM10_24h,富阳,75.0
20170124,9,SO2,富阳,4.0
20170124,9,SO2_24h,富阳,9.0
20170124,9,NO2,富阳,34.0
20170124,9,NO2_24h,富阳,31.0
20170124,9,O3,富阳,17.0
20170124,9,O3_24h,富阳,64.0
20170124,9,O3_8h,富阳,17.0
20170124,9,O3_8h_24h,富阳,21.0
20170124,9,CO,富阳,1.0
20170124,9,CO_24h,富阳,0.8
20170124,10,AQI,富阳,85.0
20170124,10,PM2.5,富阳,63.0
20170124,10,PM2.5_24h,富阳,53.0
20170124,10,PM10,富阳,82.0
20170124,10,PM10_24h,富阳,75.0
20170124,10,SO2,富阳,5.0
20170124,10,SO2_24h,富阳,8.0
20170124,10,NO2,富阳,32.0
20170124,10,NO2_24h,富阳,31.0
20170124,10,O3,富阳,27.0
20170124,10,O3_24h,富阳,64.0
20170124,10,O3_8h,富阳,18.0
20170124,10,O3_8h_24h,富阳,21.0
20170124,10,CO,富阳,1.0
20170124,10,CO_24h,富阳,0.8
20170124,11,AQI,富阳,78.0
20170124,11,PM2.5,富阳,57.0
20170124,11,PM2.5_24h,富阳,54.0
20170124,11,PM10,富阳,73.0
20170124,11,PM10_24h,富阳,75.0
20170124,11,SO2,富阳,5.0
20170124,11,SO2_24h,富阳,8.0
20170124,11,NO2,富阳,23.0
20170124,11,NO2_24h,富阳,31.0
20170124,11,O3,富阳,41.0
20170124,11,O3_24h,富阳,64.0
20170124,11,O3_8h,富阳,21.0
20170124,11,O3_8h_24h,富阳,21.0
20170124,11,CO,富阳,0.8
20170124,11,CO_24h,富阳,0.8
20170124,12,AQI,富阳,54.0
20170124,12,PM2.5,富阳,38.0
20170124,12,PM2.5_24h,富阳,54.0
20170124,12,PM10,富阳,50.0
20170124,12,PM10_24h,富阳,74.0
20170124,12,SO2,富阳,6.0
20170124,12,SO2_24h,富阳,8.0
20170124,12,NO2,富阳,16.0
20170124,12,NO2_24h,富阳,30.0
20170124,12,O3,富阳,58.0
20170124,12,O3_24h,富阳,64.0
20170124,12,O3_8h,富阳,26.0
20170124,12,O3_8h_24h,富阳,26.0
20170124,12,CO,富阳,0.6
20170124,12,CO_24h,富阳,0.8
20170124,13,AQI,富阳,44.0
20170124,13,PM2.5,富阳,31.0
20170124,13,PM2.5_24h,富阳,53.0
20170124,13,PM10,富阳,41.0
20170124,13,PM10_24h,富阳,74.0
20170124,13,SO2,富阳,7.0
20170124,13,SO2_24h,富阳,8.0
20170124,13,NO2,富阳,15.0
20170124,13,NO2_24h,富阳,30.0
20170124,13,O3,富阳,59.0
20170124,13,O3_24h,富阳,64.0
20170124,13,O3_8h,富阳,31.0
20170124,13,O3_8h_24h,富阳,31.0
20170124,13,CO,富阳,0.5
20170124,13,CO_24h,富阳,0.8
20170124,14,AQI,富阳,41.0
20170124,14,PM2.5,富阳,29.0
20170124,14,PM2.5_24h,富阳,52.0
20170124,14,PM10,富阳,39.0
20170124,14,PM10_24h,富阳,73.0
20170124,14,SO2,富阳,8.0
20170124,14,SO2_24h,富阳,8.0
20170124,14,NO2,富阳,15.0
20170124,14,NO2_24h,富阳,29.0
20170124,14,O3,富阳,63.0
20170124,14,O3_24h,富阳,63.0
20170124,14,O3_8h,富阳,37.0
20170124,14,O3_8h_24h,富阳,37.0
20170124,14,CO,富阳,0.5
20170124,14,CO_24h,富阳,0.8
20170124,15,AQI,富阳,40.0
20170124,15,PM2.5,富阳,28.0
20170124,15,PM2.5_24h,富阳,52.0
20170124,15,PM10,富阳,37.0
20170124,15,PM10_24h,富阳,72.0
20170124,15,SO2,富阳,9.0
20170124,15,SO2_24h,富阳,7.0
20170124,15,NO2,富阳,16.0
20170124,15,NO2_24h,富阳,29.0
20170124,15,O3,富阳,66.0
20170124,15,O3_24h,富阳,66.0
20170124,15,O3_8h,富阳,43.0
20170124,15,O3_8h_24h,富阳,43.0
20170124,15,CO,富阳,0.5
20170124,15,CO_24h,富阳,0.8
20170124,16,AQI,富阳,41.0
20170124,16,PM2.5,富阳,29.0
20170124,16,PM2.5_24h,富阳,51.0
20170124,16,PM10,富阳,38.0
20170124,16,PM10_24h,富阳,70.0
20170124,16,SO2,富阳,10.0
20170124,16,SO2_24h,富阳,7.0
20170124,16,NO2,富阳,16.0
20170124,16,NO2_24h,富阳,28.0
20170124,16,O3,富阳,65.0
20170124,16,O3_24h,富阳,66.0
20170124,16,O3_8h,富阳,50.0
20170124,16,O3_8h_24h,富阳,50.0
20170124,16,CO,富阳,0.5
20170124,16,CO_24h,富阳,0.8
20170124,17,AQI,富阳,47.0
20170124,17,PM2.5,富阳,33.0
20170124,17,PM2.5_24h,富阳,50.0
20170124,17,PM10,富阳,45.0
20170124,17,PM10_24h,富阳,69.0
20170124,17,SO2,富阳,11.0
20170124,17,SO2_24h,富阳,7.0
20170124,17,NO2,富阳,19.0
20170124,17,NO2_24h,富阳,28.0
20170124,17,O3,富阳,65.0
20170124,17,O3_24h,富阳,66.0
20170124,17,O3_8h,富阳,56.0
20170124,17,O3_8h_24h,富阳,56.0
20170124,17,CO,富阳,0.6
20170124,17,CO_24h,富阳,0.7
20170124,18,AQI,富阳,54.0
20170124,18,PM2.5,富阳,38.0
20170124,18,PM2.5_24h,富阳,50.0
20170124,18,PM10,富阳,54.0
20170124,18,PM10_24h,富阳,68.0
20170124,18,SO2,富阳,10.0
20170124,18,SO2_24h,富阳,7.0
20170124,18,NO2,富阳,24.0
20170124,18,NO2_24h,富阳,27.0
20170124,18,O3,富阳,59.0
20170124,18,O3_24h,富阳,66.0
20170124,18,O3_8h,富阳,60.0
20170124,18,O3_8h_24h,富阳,60.0
20170124,18,CO,富阳,0.6
20170124,18,CO_24h,富阳,0.7
20170124,19,AQI,富阳,53.0
20170124,19,PM2.5,富阳,37.0
20170124,19,PM2.5_24h,富阳,49.0
20170124,19,PM10,富阳,51.0
20170124,19,PM10_24h,富阳,68.0
20170124,19,SO2,富阳,8.0
20170124,19,SO2_24h,富阳,7.0
20170124,19,NO2,富阳,21.0
20170124,19,NO2_24h,富阳,27.0
20170124,19,O3,富阳,56.0
20170124,19,O3_24h,富阳,66.0
20170124,19,O3_8h,富阳,61.0
20170124,19,O3_8h_24h,富阳,61.0
20170124,19,CO,富阳,0.6
20170124,19,CO_24h,富阳,0.7
20170124,20,AQI,富阳,49.0
20170124,20,PM2.5,富阳,34.0
20170124,20,PM2.5_24h,富阳,48.0
20170124,20,PM10,富阳,47.0
20170124,20,PM10_24h,富阳,66.0
20170124,20,SO2,富阳,7.0
20170124,20,SO2_24h,富阳,7.0
20170124,20,NO2,富阳,20.0
20170124,20,NO2_24h,富阳,26.0
20170124,20,O3,富阳,55.0
20170124,20,O3_24h,富阳,66.0
20170124,20,O3_8h,富阳,61.0
20170124,20,O3_8h_24h,富阳,61.0
20170124,20,CO,富阳,0.5
20170124,20,CO_24h,富阳,0.7
20170124,21,AQI,富阳,47.0
20170124,21,PM2.5,富阳,33.0
20170124,21,PM2.5_24h,富阳,47.0
20170124,21,PM10,富阳,46.0
20170124,21,PM10_24h,富阳,65.0
20170124,21,SO2,富阳,7.0
20170124,21,SO2_24h,富阳,6.0
20170124,21,NO2,富阳,14.0
20170124,21,NO2_24h,富阳,26.0
20170124,21,O3,富阳,60.0
20170124,21,O3_24h,富阳,66.0
20170124,21,O3_8h,富阳,61.0
20170124,21,O3_8h_24h,富阳,61.0
20170124,21,CO,富阳,0.5
20170124,21,CO_24h,富阳,0.7
20170124,22,AQI,富阳,51.0
20170124,22,PM2.5,富阳,35.0
20170124,22,PM2.5_24h,富阳,46.0
20170124,22,PM10,富阳,52.0
20170124,22,PM10_24h,富阳,64.0
20170124,22,SO2,富阳,8.0
20170124,22,SO2_24h,富阳,6.0
20170124,22,NO2,富阳,12.0
20170124,22,NO2_24h,富阳,25.0
20170124,22,O3,富阳,61.0
20170124,22,O3_24h,富阳,66.0
20170124,22,O3_8h,富阳,61.0
20170124,22,O3_8h_24h,富阳,61.0
20170124,22,CO,富阳,0.6
20170124,22,CO_24h,富阳,0.7
20170124,23,AQI,富阳,66.0
20170124,23,PM2.5,富阳,48.0
20170124,23,PM2.5_24h,富阳,46.0
20170124,23,PM10,富阳,69.0
20170124,23,PM10_24h,富阳,63.0
20170124,23,SO2,富阳,6.0
20170124,23,SO2_24h,富阳,6.0
20170124,23,NO2,富阳,19.0
20170124,23,NO2_24h,富阳,24.0
20170124,23,O3,富阳,49.0
20170124,23,O3_24h,富阳,66.0
20170124,23,O3_8h,富阳,59.0
20170124,23,O3_8h_24h,富阳,61.0
20170124,23,CO,富阳,0.7
20170124,23,CO_24h,富阳,0.7
20170124,0,AQI,义乌,54.0
20170124,0,PM2.5,义乌,37.0
20170124,0,PM2.5_24h,义乌,53.0
20170124,0,PM10,义乌,57.0
20170124,0,PM10_24h,义乌,82.0
20170124,0,SO2,义乌,16.0
20170124,0,SO2_24h,义乌,19.0
20170124,0,NO2,义乌,24.0
20170124,0,NO2_24h,义乌,27.0
20170124,0,O3,义乌,62.0
20170124,0,O3_24h,义乌,103.0
20170124,0,O3_8h,义乌,77.0
20170124,0,O3_8h_24h,义乌,91.0
20170124,0,CO,义乌,1.1
20170124,0,CO_24h,义乌,1.25
20170124,1,AQI,义乌,53.0
20170124,1,PM2.5,义乌,37.0
20170124,1,PM2.5_24h,义乌,51.0
20170124,1,PM10,义乌,56.0
20170124,1,PM10_24h,义乌,79.0
20170124,1,SO2,义乌,15.0
20170124,1,SO2_24h,义乌,19.0
20170124,1,NO2,义乌,21.0
20170124,1,NO2_24h,义乌,26.0
20170124,1,O3,义乌,59.0
20170124,1,O3_24h,义乌,103.0
20170124,1,O3_8h,义乌,59.0
20170124,1,O3_8h_24h,义乌,59.0
20170124,1,CO,义乌,1.1
20170124,1,CO_24h,义乌,1.2
20170124,2,AQI,义乌,55.0
20170124,2,PM2.5,义乌,37.0
20170124,2,PM2.5_24h,义乌,50.0
20170124,2,PM10,义乌,60.0
20170124,2,PM10_24h,义乌,78.0
20170124,2,SO2,义乌,14.0
20170124,2,SO2_24h,义乌,19.0
20170124,2,NO2,义乌,21.0
20170124,2,NO2_24h,义乌,26.0
20170124,2,O3,义乌,53.0
20170124,2,O3_24h,义乌,103.0
20170124,2,O3_8h,义乌,56.0
20170124,2,O3_8h_24h,义乌,60.0
20170124,2,CO,义乌,1.1
20170124,2,CO_24h,义乌,1.2
20170124,3,AQI,义乌,54.0
20170124,3,PM2.5,义乌,37.0
20170124,3,PM2.5_24h,义乌,49.0
20170124,3,PM10,义乌,57.0
20170124,3,PM10_24h,义乌,75.0
20170124,3,SO2,义乌,13.0
20170124,3,SO2_24h,义乌,19.0
20170124,3,NO2,义乌,19.0
20170124,3,NO2_24h,义乌,25.0
20170124,3,O3,义乌,51.0
20170124,3,O3_24h,义乌,103.0
20170124,3,O3_8h,义乌,55.0
20170124,3,O3_8h_24h,义乌,60.0
20170124,3,CO,义乌,1.05
20170124,3,CO_24h,义乌,1.2
20170124,4,AQI,义乌,54.0
20170124,4,PM2.5,义乌,38.0
20170124,4,PM2.5_24h,义乌,47.0
20170124,4,PM10,义乌,58.0
20170124,4,PM10_24h,义乌,74.0
20170124,4,SO2,义乌,11.0
20170124,4,SO2_24h,义乌,18.0
20170124,4,NO2,义乌,18.0
20170124,4,NO2_24h,义乌,24.0
20170124,4,O3,义乌,44.0
20170124,4,O3_24h,义乌,103.0
20170124,4,O3_8h,义乌,52.0
20170124,4,O3_8h_24h,义乌,60.0
20170124,4,CO,义乌,1.1
20170124,4,CO_24h,义乌,1.15
20170124,5,AQI,义乌,54.0
20170124,5,PM2.5,义乌,38.0
20170124,5,PM2.5_24h,义乌,46.0
20170124,5,PM10,义乌,56.0
20170124,5,PM10_24h,义乌,72.0
20170124,5,SO2,义乌,11.0
20170124,5,SO2_24h,义乌,18.0
20170124,5,NO2,义乌,16.0
20170124,5,NO2_24h,义乌,24.0
20170124,5,O3,义乌,44.0
20170124,5,O3_24h,义乌,103.0
20170124,5,O3_8h,义乌,50.0
20170124,5,O3_8h_24h,义乌,60.0
20170124,5,CO,义乌,1.1
20170124,5,CO_24h,义乌,1.15
20170124,6,AQI,义乌,53.0
20170124,6,PM2.5,义乌,37.0
20170124,6,PM2.5_24h,义乌,45.0
20170124,6,PM10,义乌,54.0
20170124,6,PM10_24h,义乌,70.0
20170124,6,SO2,义乌,10.0
20170124,6,SO2_24h,义乌,18.0
20170124,6,NO2,义乌,15.0
20170124,6,NO2_24h,义乌,23.0
20170124,6,O3,义乌,42.0
20170124,6,O3_24h,义乌,103.0
20170124,6,O3_8h,义乌,49.0
20170124,6,O3_8h_24h,义乌,60.0
20170124,6,CO,义乌,1.1
20170124,6,CO_24h,义乌,1.15
20170124,7,AQI,义乌,53.0
20170124,7,PM2.5,义乌,37.0
20170124,7,PM2.5_24h,义乌,44.0
20170124,7,PM10,义乌,54.0
20170124,7,PM10_24h,义乌,69.0
20170124,7,SO2,义乌,12.0
20170124,7,SO2_24h,义乌,18.0
20170124,7,NO2,义乌,18.0
20170124,7,NO2_24h,义乌,22.0
20170124,7,O3,义乌,44.0
20170124,7,O3_24h,义乌,103.0
20170124,7,O3_8h,义乌,48.0
20170124,7,O3_8h_24h,义乌,60.0
20170124,7,CO,义乌,1.05
20170124,7,CO_24h,义乌,1.15
20170124,8,AQI,义乌,52.0
20170124,8,PM2.5,义乌,36.0
20170124,8,PM2.5_24h,义乌,42.0
20170124,8,PM10,义乌,53.0
20170124,8,PM10_24h,义乌,67.0
20170124,8,SO2,义乌,12.0
20170124,8,SO2_24h,义乌,18.0
20170124,8,NO2,义乌,26.0
20170124,8,NO2_24h,义乌,22.0
20170124,8,O3,义乌,37.0
20170124,8,O3_24h,义乌,103.0
20170124,8,O3_8h,义乌,47.0
20170124,8,O3_8h_24h,义乌,60.0
20170124,8,CO,义乌,1.1
20170124,8,CO_24h,义乌,1.15
20170124,9,AQI,义乌,53.0
20170124,9,PM2.5,义乌,37.0
20170124,9,PM2.5_24h,义乌,41.0
20170124,9,PM10,义乌,55.0
20170124,9,PM10_24h,义乌,65.0
20170124,9,SO2,义乌,14.0
20170124,9,SO2_24h,义乌,17.0
20170124,9,NO2,义乌,26.0
20170124,9,NO2_24h,义乌,21.0
20170124,9,O3,义乌,40.0
20170124,9,O3_24h,义乌,103.0
20170124,9,O3_8h,义乌,44.0
20170124,9,O3_8h_24h,义乌,60.0
20170124,9,CO,义乌,1.15
20170124,9,CO_24h,义乌,1.1
20170124,10,AQI,义乌,54.0
20170124,10,PM2.5,义乌,38.0
20170124,10,PM2.5_24h,义乌,40.0
20170124,10,PM10,义乌,58.0
20170124,10,PM10_24h,义乌,63.0
20170124,10,SO2,义乌,16.0
20170124,10,SO2_24h,义乌,17.0
20170124,10,NO2,义乌,20.0
20170124,10,NO2_24h,义乌,21.0
20170124,10,O3,义乌,58.0
20170124,10,O3_24h,义乌,103.0
20170124,10,O3_8h,义乌,45.0
20170124,10,O3_8h_24h,义乌,60.0
20170124,10,CO,义乌,1.1
20170124,10,CO_24h,义乌,1.1
20170124,11,AQI,义乌,53.0
20170124,11,PM2.5,义乌,37.0
20170124,11,PM2.5_24h,义乌,40.0
20170124,11,PM10,义乌,56.0
20170124,11,PM10_24h,义乌,62.0
20170124,11,SO2,义乌,16.0
20170124,11,SO2_24h,义乌,17.0
20170124,11,NO2,义乌,17.0
20170124,11,NO2_24h,义乌,21.0
20170124,11,O3,义乌,70.0
20170124,11,O3_24h,义乌,103.0
20170124,11,O3_8h,义乌,47.0
20170124,11,O3_8h_24h,义乌,60.0
20170124,11,CO,义乌,1.1
20170124,11,CO_24h,义乌,1.1
20170124,12,AQI,义乌,51.0
20170124,12,PM2.5,义乌,34.0
20170124,12,PM2.5_24h,义乌,39.0
20170124,12,PM10,义乌,52.0
20170124,12,PM10_24h,义乌,61.0
20170124,12,SO2,义乌,17.0
20170124,12,SO2_24h,义乌,17.0
20170124,12,NO2,义乌,14.0
20170124,12,NO2_24h,义乌,20.0
20170124,12,O3,义乌,83.0
20170124,12,O3_24h,义乌,103.0
20170124,12,O3_8h,义乌,52.0
20170124,12,O3_8h_24h,义乌,60.0
20170124,12,CO,义乌,1.05
20170124,12,CO_24h,义乌,1.1
20170124,13,AQI,义乌,48.0
20170124,13,PM2.5,义乌,32.0
20170124,13,PM2.5_24h,义乌,39.0
20170124,13,PM10,义乌,48.0
20170124,13,PM10_24h,义乌,60.0
20170124,13,SO2,义乌,17.0
20170124,13,SO2_24h,义乌,17.0
20170124,13,NO2,义乌,12.0
20170124,13,NO2_24h,义乌,20.0
20170124,13,O3,义乌,96.0
20170124,13,O3_24h,义乌,103.0
20170124,13,O3_8h,义乌,59.0
20170124,13,O3_8h_24h,义乌,62.0
20170124,13,CO,义乌,1.0
20170124,13,CO_24h,义乌,1.1
20170124,14,AQI,义乌,44.0
20170124,14,PM2.5,义乌,30.0
20170124,14,PM2.5_24h,义乌,38.0
20170124,14,PM10,义乌,44.0
20170124,14,PM10_24h,义乌,59.0
20170124,14,SO2,义乌,17.0
20170124,14,SO2_24h,义乌,16.0
20170124,14,NO2,义乌,11.0
20170124,14,NO2_24h,义乌,20.0
20170124,14,O3,义乌,103.0
20170124,14,O3_24h,义乌,104.0
20170124,14,O3_8h,义乌,67.0
20170124,14,O3_8h_24h,义乌,67.0
20170124,14,CO,义乌,1.0
20170124,14,CO_24h,义乌,1.1
20170124,15,AQI,义乌,42.0
20170124,15,PM2.5,义乌,28.0
20170124,15,PM2.5_24h,义乌,38.0
20170124,15,PM10,义乌,42.0
20170124,15,PM10_24h,义乌,58.0
20170124,15,SO2,义乌,16.0
20170124,15,SO2_24h,义乌,16.0
20170124,15,NO2,义乌,11.0
20170124,15,NO2_24h,义乌,20.0
20170124,15,O3,义乌,106.0
20170124,15,O3_24h,义乌,106.0
20170124,15,O3_8h,义乌,74.0
20170124,15,O3_8h_24h,义乌,74.0
20170124,15,CO,义乌,0.9
20170124,15,CO_24h,义乌,1.1
20170124,16,AQI,义乌,43.0
20170124,16,PM2.5,义乌,29.0
20170124,16,PM2.5_24h,义乌,37.0
20170124,16,PM10,义乌,43.0
20170124,16,PM10_24h,义乌,57.0
20170124,16,SO2,义乌,15.0
20170124,16,SO2_24h,义乌,16.0
20170124,16,NO2,义乌,11.0
20170124,16,NO2_24h,义乌,19.0
20170124,16,O3,义乌,107.0
20170124,16,O3_24h,义乌,107.0
20170124,16,O3_8h,义乌,83.0
20170124,16,O3_8h_24h,义乌,83.0
20170124,16,CO,义乌,0.95
20170124,16,CO_24h,义乌,1.1
20170124,17,AQI,义乌,45.0
20170124,17,PM2.5,义乌,29.0
20170124,17,PM2.5_24h,义乌,36.0
20170124,17,PM10,义乌,45.0
20170124,17,PM10_24h,义乌,56.0
20170124,17,SO2,义乌,15.0
20170124,17,SO2_24h,义乌,16.0
20170124,17,NO2,义乌,15.0
20170124,17,NO2_24h,义乌,19.0
20170124,17,O3,义乌,98.0
20170124,17,O3_24h,义乌,107.0
20170124,17,O3_8h,义乌,90.0
20170124,17,O3_8h_24h,义乌,90.0
20170124,17,CO,义乌,0.95
20170124,17,CO_24h,义乌,1.1
20170124,18,AQI,义乌,47.0
20170124,18,PM2.5,义乌,28.0
20170124,18,PM2.5_24h,义乌,36.0
20170124,18,PM10,义乌,47.0
20170124,18,PM10_24h,义乌,55.0
20170124,18,SO2,义乌,15.0
20170124,18,SO2_24h,义乌,15.0
20170124,18,NO2,义乌,17.0
20170124,18,NO2_24h,义乌,19.0
20170124,18,O3,义乌,93.0
20170124,18,O3_24h,义乌,107.0
20170124,18,O3_8h,义乌,94.0
20170124,18,O3_8h_24h,义乌,94.0
20170124,18,CO,义乌,0.95
20170124,18,CO_24h,义乌,1.05
20170124,19,AQI,义乌,49.0
20170124,19,PM2.5,义乌,28.0
20170124,19,PM2.5_24h,义乌,35.0
20170124,19,PM10,义乌,49.0
20170124,19,PM10_24h,义乌,54.0
20170124,19,SO2,义乌,16.0
20170124,19,SO2_24h,义乌,15.0
20170124,19,NO2,义乌,22.0
20170124,19,NO2_24h,义乌,19.0
20170124,19,O3,义乌,81.0
20170124,19,O3_24h,义乌,107.0
20170124,19,O3_8h,义乌,96.0
20170124,19,O3_8h_24h,义乌,96.0
20170124,19,CO,义乌,1.0
20170124,19,CO_24h,义乌,1.05
20170124,20,AQI,义乌,51.0
20170124,20,PM2.5,义乌,31.0
20170124,20,PM2.5_24h,义乌,35.0
20170124,20,PM10,义乌,51.0
20170124,20,PM10_24h,义乌,54.0
20170124,20,SO2,义乌,15.0
20170124,20,SO2_24h,义乌,15.0
20170124,20,NO2,义乌,20.0
20170124,20,NO2_24h,义乌,19.0
20170124,20,O3,义乌,76.0
20170124,20,O3_24h,义乌,107.0
20170124,20,O3_8h,义乌,95.0
20170124,20,O3_8h_24h,义乌,96.0
20170124,20,CO,义乌,1.0
20170124,20,CO_24h,义乌,1.05
20170124,21,AQI,义乌,52.0
20170124,21,PM2.5,义乌,33.0
20170124,21,PM2.5_24h,义乌,34.0
20170124,21,PM10,义乌,53.0
20170124,21,PM10_24h,义乌,53.0
20170124,21,SO2,义乌,15.0
20170124,21,SO2_24h,义乌,15.0
20170124,21,NO2,义乌,19.0
20170124,21,NO2_24h,义乌,19.0
20170124,21,O3,义乌,74.0
20170124,21,O3_24h,义乌,107.0
20170124,21,O3_8h,义乌,92.0
20170124,21,O3_8h_24h,义乌,96.0
20170124,21,CO,义乌,0.95
20170124,21,CO_24h,义乌,1.05
20170124,22,AQI,义乌,52.0
20170124,22,PM2.5,义乌,35.0
20170124,22,PM2.5_24h,义乌,34.0
20170124,22,PM10,义乌,53.0
20170124,22,PM10_24h,义乌,53.0
20170124,22,SO2,义乌,13.0
20170124,22,SO2_24h,义乌,15.0
20170124,22,NO2,义乌,18.0
20170124,22,NO2_24h,义乌,18.0
20170124,22,O3,义乌,69.0
20170124,22,O3_24h,义乌,107.0
20170124,22,O3_8h,义乌,88.0
20170124,22,O3_8h_24h,义乌,96.0
20170124,22,CO,义乌,1.0
20170124,22,CO_24h,义乌,1.0
20170124,23,AQI,义乌,53.0
20170124,23,PM2.5,义乌,36.0
20170124,23,PM2.5_24h,义乌,34.0
20170124,23,PM10,义乌,55.0
20170124,23,PM10_24h,义乌,52.0
20170124,23,SO2,义乌,13.0
20170124,23,SO2_24h,义乌,14.0
20170124,23,NO2,义乌,17.0
20170124,23,NO2_24h,义乌,18.0
20170124,23,O3,义乌,68.0
20170124,23,O3_24h,义乌,107.0
20170124,23,O3_8h,义乌,83.0
20170124,23,O3_8h_24h,义乌,96.0
20170124,23,CO,义乌,0.95
20170124,23,CO_24h,义乌,1.0
20170124,0,AQI,瓦房店,47.0
20170124,0,PM2.5,瓦房店,27.0
20170124,0,PM2.5_24h,瓦房店,32.0
20170124,0,PM10,瓦房店,47.0
20170124,0,PM10_24h,瓦房店,46.0
20170124,0,SO2,瓦房店,62.0
20170124,0,SO2_24h,瓦房店,85.0
20170124,0,NO2,瓦房店,41.0
20170124,0,NO2_24h,瓦房店,32.0
20170124,0,O3,瓦房店,22.0
20170124,0,O3_24h,瓦房店,39.0
20170124,0,O3_8h,瓦房店,25.0
20170124,0,O3_8h_24h,瓦房店,36.0
20170124,0,CO,瓦房店,0.65
20170124,0,CO_24h,瓦房店,0.65
20170124,1,AQI,瓦房店,50.0
20170124,1,PM2.5,瓦房店,28.0
20170124,1,PM2.5_24h,瓦房店,32.0
20170124,1,PM10,瓦房店,50.0
20170124,1,PM10_24h,瓦房店,46.0
20170124,1,SO2,瓦房店,71.0
20170124,1,SO2_24h,瓦房店,86.0
20170124,1,NO2,瓦房店,43.0
20170124,1,NO2_24h,瓦房店,32.0
20170124,1,O3,瓦房店,20.0
20170124,1,O3_24h,瓦房店,39.0
20170124,1,O3_8h,瓦房店,20.0
20170124,1,O3_8h_24h,瓦房店,20.0
20170124,1,CO,瓦房店,0.7
20170124,1,CO_24h,瓦房店,0.65
20170124,2,AQI,瓦房店,48.0
20170124,2,PM2.5,瓦房店,25.0
20170124,2,PM2.5_24h,瓦房店,31.0
20170124,2,PM10,瓦房店,48.0
20170124,2,PM10_24h,瓦房店,46.0
20170124,2,SO2,瓦房店,69.0
20170124,2,SO2_24h,瓦房店,87.0
20170124,2,NO2,瓦房店,47.0
20170124,2,NO2_24h,瓦房店,33.0
20170124,2,O3,瓦房店,18.0
20170124,2,O3_24h,瓦房店,39.0
20170124,2,O3_8h,瓦房店,19.0
20170124,2,O3_8h_24h,瓦房店,20.0
20170124,2,CO,瓦房店,0.8
20170124,2,CO_24h,瓦房店,0.65
20170124,3,AQI,瓦房店,41.0
20170124,3,PM2.5,瓦房店,28.0
20170124,3,PM2.5_24h,瓦房店,31.0
20170124,3,PM10,瓦房店,41.0
20170124,3,PM10_24h,瓦房店,46.0
20170124,3,SO2,瓦房店,51.0
20170124,3,SO2_24h,瓦房店,87.0
20170124,3,NO2,瓦房店,40.0
20170124,3,NO2_24h,瓦房店,33.0
20170124,3,O3,瓦房店,19.0
20170124,3,O3_24h,瓦房店,39.0
20170124,3,O3_8h,瓦房店,19.0
20170124,3,O3_8h_24h,瓦房店,20.0
20170124,3,CO,瓦房店,0.8
20170124,3,CO_24h,瓦房店,0.65
20170124,4,AQI,瓦房店,44.0
20170124,4,PM2.5,瓦房店,31.0
20170124,4,PM2.5_24h,瓦房店,31.0
20170124,4,PM10,瓦房店,44.0
20170124,4,PM10_24h,瓦房店,45.0
20170124,4,SO2,瓦房店,80.0
20170124,4,SO2_24h,瓦房店,87.0
20170124,4,NO2,瓦房店,42.0
20170124,4,NO2_24h,瓦房店,33.0
20170124,4,O3,瓦房店,14.0
20170124,4,O3_24h,瓦房店,39.0
20170124,4,O3_8h,瓦房店,18.0
20170124,4,O3_8h_24h,瓦房店,21.0
20170124,4,CO,瓦房店,0.75
20170124,4,CO_24h,瓦房店,0.6
20170124,5,AQI,瓦房店,51.0
20170124,5,PM2.5,瓦房店,36.0
20170124,5,PM2.5_24h,瓦房店,31.0
20170124,5,PM10,瓦房店,50.0
20170124,5,PM10_24h,瓦房店,45.0
20170124,5,SO2,瓦房店,80.0
20170124,5,SO2_24h,瓦房店,86.0
20170124,5,NO2,瓦房店,48.0
20170124,5,NO2_24h,瓦房店,33.0
20170124,5,O3,瓦房店,10.0
20170124,5,O3_24h,瓦房店,39.0
20170124,5,O3_8h,瓦房店,16.0
20170124,5,O3_8h_24h,瓦房店,21.0
20170124,5,CO,瓦房店,0.75
20170124,5,CO_24h,瓦房店,0.65
20170124,6,AQI,瓦房店,61.0
20170124,6,PM2.5,瓦房店,44.0
20170124,6,PM2.5_24h,瓦房店,31.0
20170124,6,PM10,瓦房店,53.0
20170124,6,PM10_24h,瓦房店,44.0
20170124,6,SO2,瓦房店,151.0
20170124,6,SO2_24h,瓦房店,85.0
20170124,6,NO2,瓦房店,57.0
20170124,6,NO2_24h,瓦房店,34.0
20170124,6,O3,瓦房店,5.0
20170124,6,O3_24h,瓦房店,39.0
20170124,6,O3_8h,瓦房店,14.0
20170124,6,O3_8h_24h,瓦房店,21.0
20170124,6,CO,瓦房店,0.9
20170124,6,CO_24h,瓦房店,0.65
20170124,7,AQI,瓦房店,73.0
20170124,7,PM2.5,瓦房店,53.0
20170124,7,PM2.5_24h,瓦房店,31.0
20170124,7,PM10,瓦房店,81.0
20170124,7,PM10_24h,瓦房店,45.0
20170124,7,SO2,瓦房店,173.0
20170124,7,SO2_24h,瓦房店,86.0
20170124,7,NO2,瓦房店,64.0
20170124,7,NO2_24h,瓦房店,34.0
20170124,7,O3,瓦房店,6.0
20170124,7,O3_24h,瓦房店,39.0
20170124,7,O3_8h,瓦房店,13.0
20170124,7,O3_8h_24h,瓦房店,21.0
20170124,7,CO,瓦房店,1.6
20170124,7,CO_24h,瓦房店,0.7
20170124,8,AQI,瓦房店,94.0
20170124,8,PM2.5,瓦房店,58.0
20170124,8,PM2.5_24h,瓦房店,30.0
20170124,8,PM10,瓦房店,137.0
20170124,8,PM10_24h,瓦房店,50.0
20170124,8,SO2,瓦房店,106.0
20170124,8,SO2_24h,瓦房店,78.0
20170124,8,NO2,瓦房店,71.0
20170124,8,NO2_24h,瓦房店,36.0
20170124,8,O3,瓦房店,3.0
20170124,8,O3_24h,瓦房店,39.0
20170124,8,O3_8h,瓦房店,12.0
20170124,8,O3_8h_24h,瓦房店,21.0
20170124,8,CO,瓦房店,2.45
20170124,8,CO_24h,瓦房店,0.75
20170124,9,AQI,瓦房店,210.0
20170124,9,PM2.5,瓦房店,160.0
20170124,9,PM2.5_24h,瓦房店,35.0
20170124,9,PM10,瓦房店,218.0
20170124,9,PM10_24h,瓦房店,54.0
20170124,9,SO2,瓦房店,116.0
20170124,9,SO2_24h,瓦房店,76.0
20170124,9,NO2,瓦房店,90.0
20170124,9,NO2_24h,瓦房店,38.0
20170124,9,O3,瓦房店,3.0
20170124,9,O3_24h,瓦房店,39.0
20170124,9,O3_8h,瓦房店,9.0
20170124,9,O3_8h_24h,瓦房店,21.0
20170124,9,CO,瓦房店,4.35
20170124,9,CO_24h,瓦房店,0.9
20170124,10,AQI,瓦房店,202.0
20170124,10,PM2.5,瓦房店,152.0
20170124,10,PM2.5_24h,瓦房店,40.0
20170124,10,PM10,瓦房店,249.0
20170124,10,PM10_24h,瓦房店,64.0
20170124,10,SO2,瓦房店,209.0
20170124,10,SO2_24h,瓦房店,79.0
20170124,10,NO2,瓦房店,93.0
20170124,10,NO2_24h,瓦房店,40.0
20170124,10,O3,瓦房店,7.0
20170124,10,O3_24h,瓦房店,39.0
20170124,10,O3_8h,瓦房店,8.0
20170124,10,O3_8h_24h,瓦房店,21.0
20170124,10,CO,瓦房店,3.45
20170124,10,CO_24h,瓦房店,1.05
20170124,11,AQI,瓦房店,91.0
20170124,11,PM2.5,瓦房店,68.0
20170124,11,PM2.5_24h,瓦房店,42.0
20170124,11,PM10,瓦房店,86.0
20170124,11,PM10_24h,瓦房店,66.0
20170124,11,SO2,瓦房店,132.0
20170124,11,SO2_24h,瓦房店,81.0
20170124,11,NO2,瓦房店,46.0
20170124,11,NO2_24h,瓦房店,41.0
20170124,11,O3,瓦房店,21.0
20170124,11,O3_24h,瓦房店,39.0
20170124,11,O3_8h,瓦房店,8.0
20170124,11,O3_8h_24h,瓦房店,21.0
20170124,11,CO,瓦房店,1.1
20170124,11,CO_24h,瓦房店,1.05
20170124,12,AQI,瓦房店,55.0
20170124,12,PM2.5,瓦房店,39.0
20170124,12,PM2.5_24h,瓦房店,43.0
20170124,12,PM10_24h,瓦房店,67.0
20170124,12,SO2,瓦房店,40.0
20170124,12,SO2_24h,瓦房店,82.0
20170124,12,NO2,瓦房店,19.0
20170124,12,NO2_24h,瓦房店,41.0
20170124,12,O3,瓦房店,36.0
20170124,12,O3_24h,瓦房店,39.0
20170124,12,O3_8h,瓦房店,11.0
20170124,12,O3_8h_24h,瓦房店,21.0
20170124,12,CO,瓦房店,0.65
20170124,12,CO_24h,瓦房店,1.05
20170124,13,AQI,瓦房店,50.0
20170124,13,PM2.5,瓦房店,35.0
20170124,13,PM2.5_24h,瓦房店,43.0
20170124,13,PM10_24h,瓦房店,68.0
20170124,13,SO2,瓦房店,20.0
20170124,13,SO2_24h,瓦房店,82.0
20170124,13,NO2,瓦房店,14.0
20170124,13,NO2_24h,瓦房店,41.0
20170124,13,O3,瓦房店,40.0
20170124,13,O3_24h,瓦房店,40.0
20170124,13,O3_8h,瓦房店,15.0
20170124,13,O3_8h_24h,瓦房店,21.0
20170124,13,CO,瓦房店,0.6
20170124,13,CO_24h,瓦房店,1.05
20170124,14,AQI,瓦房店,47.0
20170124,14,PM2.5,瓦房店,33.0
20170124,14,PM2.5_24h,瓦房店,44.0
20170124,14,PM10,瓦房店,24.0
20170124,14,PM10_24h,瓦房店,68.0
20170124,14,SO2,瓦房店,20.0
20170124,14,SO2_24h,瓦房店,81.0
20170124,14,NO2,瓦房店,15.0
20170124,14,NO2_24h,瓦房店,41.0
20170124,14,O3,瓦房店,40.0
20170124,14,O3_24h,瓦房店,40.0
20170124,14,O3_8h,瓦房店,19.0
20170124,14,O3_8h_24h,瓦房店,21.0
20170124,14,CO,瓦房店,0.6
20170124,14,CO_24h,瓦房店,1.05
20170124,15,AQI,瓦房店,40.0
20170124,15,PM2.5,瓦房店,28.0
20170124,15,PM2.5_24h,瓦房店,44.0
20170124,15,PM10_24h,瓦房店,69.0
20170124,15,SO2,瓦房店,16.0
20170124,15,SO2_24h,瓦房店,80.0
20170124,15,NO2,瓦房店,12.0
20170124,15,NO2_24h,瓦房店,41.0
20170124,15,O3,瓦房店,42.0
20170124,15,O3_24h,瓦房店,42.0
20170124,15,O3_8h,瓦房店,24.0
20170124,15,O3_8h_24h,瓦房店,24.0
20170124,15,CO,瓦房店,0.5
20170124,15,CO_24h,瓦房店,1.05
20170124,16,AQI,瓦房店,40.0
20170124,16,PM2.5,瓦房店,28.0
20170124,16,PM2.5_24h,瓦房店,44.0
20170124,16,PM10,瓦房店,21.0
20170124,16,PM10_24h,瓦房店,69.0
20170124,16,SO2,瓦房店,16.0
20170124,16,SO2_24h,瓦房店,79.0
20170124,16,NO2,瓦房店,16.0
20170124,16,NO2_24h,瓦房店,42.0
20170124,16,O3,瓦房店,41.0
20170124,16,O3_24h,瓦房店,42.0
20170124,16,O3_8h,瓦房店,28.0
20170124,16,O3_8h_24h,瓦房店,28.0
20170124,16,CO,瓦房店,0.55
20170124,16,CO_24h,瓦房店,1.1
20170124,17,AQI,瓦房店,43.0
20170124,17,PM2.5,瓦房店,30.0
20170124,17,PM2.5_24h,瓦房店,45.0
20170124,17,PM10,瓦房店,28.0
20170124,17,PM10_24h,瓦房店,70.0
20170124,17,SO2,瓦房店,39.0
20170124,17,SO2_24h,瓦房店,80.0
20170124,17,NO2,瓦房店,24.0
20170124,17,NO2_24h,瓦房店,41.0
20170124,17,O3,瓦房店,34.0
20170124,17,O3_24h,瓦房店,42.0
20170124,17,O3_8h,瓦房店,33.0
20170124,17,O3_8h_24h,瓦房店,33.0
20170124,17,CO,瓦房店,0.6
20170124,17,CO_24h,瓦房店,1.1
20170124,18,AQI,瓦房店,50.0
20170124,18,PM2.5,瓦房店,35.0
20170124,18,PM2.5_24h,瓦房店,45.0
20170124,18,PM10,瓦房店,39.0
20170124,18,PM10_24h,瓦房店,72.0
20170124,18,SO2,瓦房店,49.0
20170124,18,SO2_24h,瓦房店,80.0
20170124,18,NO2,瓦房店,27.0
20170124,18,NO2_24h,瓦房店,41.0
20170124,18,O3,瓦房店,29.0
20170124,18,O3_24h,瓦房店,42.0
20170124,18,O3_8h,瓦房店,35.0
20170124,18,O3_8h_24h,瓦房店,35.0
20170124,18,CO,瓦房店,0.6
20170124,18,CO_24h,瓦房店,1.1
20170124,19,AQI,瓦房店,54.0
20170124,19,PM2.5,瓦房店,38.0
20170124,19,PM2.5_24h,瓦房店,45.0
20170124,19,PM10,瓦房店,52.0
20170124,19,PM10_24h,瓦房店,72.0
20170124,19,SO2,瓦房店,129.0
20170124,19,SO2_24h,瓦房店,84.0
20170124,19,NO2,瓦房店,45.0
20170124,19,NO2_24h,瓦房店,42.0
20170124,19,O3,瓦房店,17.0
20170124,19,O3_24h,瓦房店,42.0
20170124,19,O3_8h,瓦房店,35.0
20170124,19,O3_8h_24h,瓦房店,36.0
20170124,19,CO,瓦房店,0.75
20170124,19,CO_24h,瓦房店,1.1
20170124,20,AQI,瓦房店,59.0
20170124,20,PM2.5,瓦房店,42.0
20170124,20,PM2.5_24h,瓦房店,46.0
20170124,20,PM10,瓦房店,62.0
20170124,20,PM10_24h,瓦房店,72.0
20170124,20,SO2,瓦房店,66.0
20170124,20,SO2_24h,瓦房店,84.0
20170124,20,NO2,瓦房店,58.0
20170124,20,NO2_24h,瓦房店,43.0
20170124,20,O3,瓦房店,13.0
20170124,20,O3_24h,瓦房店,42.0
20170124,20,O3_8h,瓦房店,32.0
20170124,20,O3_8h_24h,瓦房店,36.0
20170124,20,CO,瓦房店,1.1
20170124,20,CO_24h,瓦房店,1.1
20170124,21,AQI,瓦房店,86.0
20170124,21,PM2.5,瓦房店,64.0
20170124,21,PM2.5_24h,瓦房店,47.0
20170124,21,PM10,瓦房店,105.0
20170124,21,PM10_24h,瓦房店,75.0
20170124,21,SO2,瓦房店,51.0
20170124,21,SO2_24h,瓦房店,81.0
20170124,21,NO2,瓦房店,68.0
20170124,21,NO2_24h,瓦房店,44.0
20170124,21,O3,瓦房店,5.0
20170124,21,O3_24h,瓦房店,42.0
20170124,21,O3_8h,瓦房店,27.0
20170124,21,O3_8h_24h,瓦房店,36.0
20170124,21,CO,瓦房店,1.45
20170124,21,CO_24h,瓦房店,1.1
20170124,22,AQI,瓦房店,104.0
20170124,22,PM2.5,瓦房店,78.0
20170124,22,PM2.5_24h,瓦房店,49.0
20170124,22,PM10,瓦房店,106.0
20170124,22,PM10_24h,瓦房店,78.0
20170124,22,SO2,瓦房店,58.0
20170124,22,SO2_24h,瓦房店,78.0
20170124,22,NO2,瓦房店,73.0
20170124,22,NO2_24h,瓦房店,46.0
20170124,22,O3,瓦房店,3.0
20170124,22,O3_24h,瓦房店,42.0
20170124,22,O3_8h,瓦房店,23.0
20170124,22,O3_8h_24h,瓦房店,36.0
20170124,22,CO,瓦房店,1.8
20170124,22,CO_24h,瓦房店,1.2
20170124,23,AQI,瓦房店,136.0
20170124,23,PM2.5,瓦房店,104.0
20170124,23,PM2.5_24h,瓦房店,53.0
20170124,23,PM10,瓦房店,131.0
20170124,23,PM10_24h,瓦房店,81.0
20170124,23,SO2,瓦房店,146.0
20170124,23,SO2_24h,瓦房店,81.0
20170124,23,NO2,瓦房店,76.0
20170124,23,NO2_24h,瓦房店,47.0
20170124,23,O3,瓦房店,2.0
20170124,23,O3_24h,瓦房店,42.0
20170124,23,O3_8h,瓦房店,18.0
20170124,23,O3_8h_24h,瓦房店,36.0
20170124,23,CO,瓦房店,2.25
20170124,23,CO_24h,瓦房店,1.25
20170124,0,AQI,信阳,151.0
20170124,0,PM2.5,信阳,116.0
20170124,0,PM2.5_24h,信阳,103.0
20170124,0,PM10,信阳,184.0
20170124,0,PM10_24h,信阳,160.0
20170124,0,SO2,信阳,22.0
20170124,0,SO2_24h,信阳,27.0
20170124,0,NO2,信阳,72.0
20170124,0,NO2_24h,信阳,52.0
20170124,0,O3,信阳,28.0
20170124,0,O3_24h,信阳,116.0
20170124,0,O3_8h,信阳,65.0
20170124,0,O3_8h_24h,信阳,95.0
20170124,0,CO,信阳,1.43
20170124,0,CO_24h,信阳,1.23
20170124,1,AQI,信阳,141.0
20170124,1,PM2.5,信阳,108.0
20170124,1,PM2.5_24h,信阳,100.0
20170124,1,PM10,信阳,171.0
20170124,1,PM10_24h,信阳,162.0
20170124,1,SO2,信阳,18.0
20170124,1,SO2_24h,信阳,26.0
20170124,1,NO2,信阳,72.0
20170124,1,NO2_24h,信阳,53.0
20170124,1,O3,信阳,20.0
20170124,1,O3_24h,信阳,114.0
20170124,1,O3_8h,信阳,20.0
20170124,1,O3_8h_24h,信阳,20.0
20170124,1,CO,信阳,1.5
20170124,1,CO_24h,信阳,1.23
20170124,2,AQI,信阳,139.0
20170124,2,PM2.5,信阳,106.0
20170124,2,PM2.5_24h,信阳,100.0
20170124,2,PM10,信阳,169.0
20170124,2,PM10_24h,信阳,162.0
20170124,2,SO2,信阳,17.0
20170124,2,SO2_24h,信阳,25.0
20170124,2,NO2,信阳,65.0
20170124,2,NO2_24h,信阳,53.0
20170124,2,O3,信阳,21.0
20170124,2,O3_24h,信阳,114.0
20170124,2,O3_8h,信阳,21.0
20170124,2,O3_8h_24h,信阳,21.0
20170124,2,CO,信阳,1.57
20170124,2,CO_24h,信阳,1.23
20170124,3,AQI,信阳,146.0
20170124,3,PM2.5,信阳,112.0
20170124,3,PM2.5_24h,信阳,100.0
20170124,3,PM10,信阳,179.0
20170124,3,PM10_24h,信阳,162.0
20170124,3,SO2,信阳,16.0
20170124,3,SO2_24h,信阳,25.0
20170124,3,NO2,信阳,59.0
20170124,3,NO2_24h,信阳,53.0
20170124,3,O3,信阳,18.0
20170124,3,O3_24h,信阳,114.0
20170124,3,O3_8h,信阳,20.0
20170124,3,O3_8h_24h,信阳,21.0
20170124,3,CO,信阳,1.52
20170124,3,CO_24h,信阳,1.23
20170124,4,AQI,信阳,145.0
20170124,4,PM2.5,信阳,111.0
20170124,4,PM2.5_24h,信阳,100.0
20170124,4,PM10,信阳,174.0
20170124,4,PM10_24h,信阳,162.0
20170124,4,SO2,信阳,17.0
20170124,4,SO2_24h,信阳,25.0
20170124,4,NO2,信阳,53.0
20170124,4,NO2_24h,信阳,53.0
20170124,4,O3,信阳,23.0
20170124,4,O3_24h,信阳,114.0
20170124,4,O3_8h,信阳,20.0
20170124,4,O3_8h_24h,信阳,22.0
20170124,4,CO,信阳,1.3
20170124,4,CO_24h,信阳,1.23
20170124,5,AQI,信阳,141.0
20170124,5,PM2.5,信阳,108.0
20170124,5,PM2.5_24h,信阳,103.0
20170124,5,PM10,信阳,155.0
20170124,5,PM10_24h,信阳,158.0
20170124,5,SO2,信阳,15.0
20170124,5,SO2_24h,信阳,25.0
20170124,5,NO2,信阳,60.0
20170124,5,NO2_24h,信阳,53.0
20170124,5,O3,信阳,23.0
20170124,5,O3_24h,信阳,116.0
20170124,5,O3_8h,信阳,24.0
20170124,5,O3_8h_24h,信阳,25.0
20170124,5,CO,信阳,1.2
20170124,5,CO_24h,信阳,1.23
20170124,6,AQI,信阳,145.0
20170124,6,PM2.5,信阳,111.0
20170124,6,PM2.5_24h,信阳,100.0
20170124,6,PM10,信阳,154.0
20170124,6,PM10_24h,信阳,162.0
20170124,6,SO2,信阳,16.0
20170124,6,SO2_24h,信阳,24.0
20170124,6,NO2,信阳,58.0
20170124,6,NO2_24h,信阳,54.0
20170124,6,O3,信阳,18.0
20170124,6,O3_24h,信阳,114.0
20170124,6,O3_8h,信阳,20.0
20170124,6,O3_8h_24h,信阳,22.0
20170124,6,CO,信阳,1.33
20170124,6,CO_24h,信阳,1.23
20170124,7,AQI,信阳,143.0
20170124,7,PM2.5,信阳,109.0
20170124,7,PM2.5_24h,信阳,100.0
20170124,7,PM10,信阳,151.0
20170124,7,PM10_24h,信阳,161.0
20170124,7,SO2,信阳,16.0
20170124,7,SO2_24h,信阳,24.0
20170124,7,NO2,信阳,57.0
20170124,7,NO2_24h,信阳,54.0
20170124,7,O3,信阳,16.0
20170124,7,O3_24h,信阳,114.0
20170124,7,O3_8h,信阳,20.0
20170124,7,O3_8h_24h,信阳,22.0
20170124,7,CO,信阳,1.33
20170124,7,CO_24h,信阳,1.2
20170124,8,AQI,信阳,156.0
20170124,8,PM2.5,信阳,119.0
20170124,8,PM2.5_24h,信阳,100.0
20170124,8,PM10,信阳,168.0
20170124,8,PM10_24h,信阳,160.0
20170124,8,SO2,信阳,16.0
20170124,8,SO2_24h,信阳,24.0
20170124,8,NO2,信阳,50.0
20170124,8,NO2_24h,信阳,54.0
20170124,8,O3,信阳,15.0
20170124,8,O3_24h,信阳,114.0
20170124,8,O3_8h,信阳,19.0
20170124,8,O3_8h_24h,信阳,22.0
20170124,8,CO,信阳,1.4
20170124,8,CO_24h,信阳,1.2
20170124,9,AQI,信阳,133.0
20170124,9,PM2.5,信阳,101.0
20170124,9,PM2.5_24h,信阳,100.0
20170124,9,PM10,信阳,156.0
20170124,9,PM10_24h,信阳,160.0
20170124,9,SO2,信阳,18.0
20170124,9,SO2_24h,信阳,24.0
20170124,9,NO2,信阳,52.0
20170124,9,NO2_24h,信阳,55.0
20170124,9,O3,信阳,22.0
20170124,9,O3_24h,信阳,114.0
20170124,9,O3_8h,信阳,19.0
20170124,9,O3_8h_24h,信阳,22.0
20170124,9,CO,信阳,1.27
20170124,9,CO_24h,信阳,1.2
20170124,10,AQI,信阳,140.0
20170124,10,PM2.5,信阳,107.0
20170124,10,PM2.5_24h,信阳,104.0
20170124,10,PM10,信阳,160.0
20170124,10,PM10_24h,信阳,157.0
20170124,10,SO2,信阳,18.0
20170124,10,SO2_24h,信阳,24.0
20170124,10,NO2,信阳,50.0
20170124,10,NO2_24h,信阳,53.0
20170124,10,O3,信阳,30.0
20170124,10,O3_24h,信阳,116.0
20170124,10,O3_8h,信阳,23.0
20170124,10,O3_8h_24h,信阳,27.0
20170124,10,CO,信阳,1.13
20170124,10,CO_24h,信阳,1.17
20170124,11,AQI,信阳,136.0
20170124,11,PM2.5,信阳,104.0
20170124,11,PM2.5_24h,信阳,103.0
20170124,11,PM10,信阳,145.0
20170124,11,PM10_24h,信阳,156.0
20170124,11,SO2,信阳,19.0
20170124,11,SO2_24h,信阳,23.0
20170124,11,NO2,信阳,46.0
20170124,11,NO2_24h,信阳,53.0
20170124,11,O3,信阳,37.0
20170124,11,O3_24h,信阳,116.0
20170124,11,O3_8h,信阳,25.0
20170124,11,O3_8h_24h,信阳,29.0
20170124,11,CO,信阳,1.03
20170124,11,CO_24h,信阳,1.17
20170124,12,AQI,信阳,135.0
20170124,12,PM2.5,信阳,103.0
20170124,12,PM2.5_24h,信阳,99.0
20170124,12,PM10,信阳,153.0
20170124,12,PM10_24h,信阳,157.0
20170124,12,SO2,信阳,21.0
20170124,12,SO2_24h,信阳,22.0
20170124,12,NO2,信阳,43.0
20170124,12,NO2_24h,信阳,52.0
20170124,12,O3,信阳,43.0
20170124,12,O3_24h,信阳,114.0
20170124,12,O3_8h,信阳,24.0
20170124,12,O3_8h_24h,信阳,27.0
20170124,12,CO,信阳,0.97
20170124,12,CO_24h,信阳,1.18
20170124,13,AQI,信阳,138.0
20170124,13,PM2.5,信阳,105.0
20170124,13,PM2.5_24h,信阳,102.0
20170124,13,PM10,信阳,154.0
20170124,13,PM10_24h,信阳,152.0
20170124,13,SO2,信阳,18.0
20170124,13,SO2_24h,信阳,21.0
20170124,13,NO2,信阳,38.0
20170124,13,NO2_24h,信阳,51.0
20170124,13,O3,信阳,50.0
20170124,13,O3_24h,信阳,116.0
20170124,13,O3_8h,信阳,30.0
20170124,13,O3_8h_24h,信阳,34.0
20170124,13,CO,信阳,0.9
20170124,13,CO_24h,信阳,1.17
20170124,14,AQI,信阳,144.0
20170124,14,PM2.5,信阳,110.0
20170124,14,PM2.5_24h,信阳,103.0
20170124,14,PM10,信阳,145.0
20170124,14,PM10_24h,信阳,153.0
20170124,14,SO2,信阳,19.0
20170124,14,SO2_24h,信阳,21.0
20170124,14,NO2,信阳,35.0
20170124,14,NO2_24h,信阳,51.0
20170124,14,O3,信阳,57.0
20170124,14,O3_24h,信阳,116.0
20170124,14,O3_8h,信阳,35.0
20170124,14,O3_8h_24h,信阳,38.0
20170124,14,CO,信阳,0.87
20170124,14,CO_24h,信阳,1.17
20170124,15,AQI,信阳,124.0
20170124,15,PM2.5,信阳,94.0
20170124,15,PM2.5_24h,信阳,100.0
20170124,15,PM10,信阳,141.0
20170124,15,PM10_24h,信阳,155.0
20170124,15,SO2,信阳,18.0
20170124,15,SO2_24h,信阳,21.0
20170124,15,NO2,信阳,33.0
20170124,15,NO2_24h,信阳,52.0
20170124,15,O3,信阳,57.0
20170124,15,O3_24h,信阳,114.0
20170124,15,O3_8h,信阳,37.0
20170124,15,O3_8h_24h,信阳,38.0
20170124,15,CO,信阳,0.93
20170124,15,CO_24h,信阳,1.18
20170124,16,AQI,信阳,130.0
20170124,16,PM2.5,信阳,99.0
20170124,16,PM2.5_24h,信阳,106.0
20170124,16,PM10,信阳,142.0
20170124,16,PM10_24h,信阳,155.0
20170124,16,SO2,信阳,19.0
20170124,16,SO2_24h,信阳,20.0
20170124,16,NO2,信阳,37.0
20170124,16,NO2_24h,信阳,51.0
20170124,16,O3,信阳,61.0
20170124,16,O3_24h,信阳,110.0
20170124,16,O3_8h,信阳,45.0
20170124,16,O3_8h_24h,信阳,46.0
20170124,16,CO,信阳,1.07
20170124,16,CO_24h,信阳,1.17
20170124,17,AQI,信阳,139.0
20170124,17,PM2.5,信阳,106.0
20170124,17,PM2.5_24h,信阳,104.0
20170124,17,PM10,信阳,152.0
20170124,17,PM10_24h,信阳,158.0
20170124,17,SO2,信阳,20.0
20170124,17,SO2_24h,信阳,20.0
20170124,17,NO2,信阳,42.0
20170124,17,NO2_24h,信阳,52.0
20170124,17,O3,信阳,55.0
20170124,17,O3_24h,信阳,90.0
20170124,17,O3_8h,信阳,48.0
20170124,17,O3_8h_24h,信阳,49.0
20170124,17,CO,信阳,1.15
20170124,17,CO_24h,信阳,1.2
20170124,18,AQI,信阳,138.0
20170124,18,PM2.5,信阳,105.0
20170124,18,PM2.5_24h,信阳,105.0
20170124,18,PM10,信阳,153.0
20170124,18,PM10_24h,信阳,159.0
20170124,18,SO2,信阳,21.0
20170124,18,SO2_24h,信阳,20.0
20170124,18,NO2,信阳,47.0
20170124,18,NO2_24h,信阳,52.0
20170124,18,O3,信阳,48.0
20170124,18,O3_24h,信阳,77.0
20170124,18,O3_8h,信阳,50.0
20170124,18,O3_8h_24h,信阳,50.0
20170124,18,CO,信阳,1.18
20170124,18,CO_24h,信阳,1.23
20170124,19,AQI,信阳,160.0
20170124,19,PM2.5,信阳,122.0
20170124,19,PM2.5_24h,信阳,111.0
20170124,19,PM10,信阳,179.0
20170124,19,PM10_24h,信阳,160.0
20170124,19,SO2,信阳,20.0
20170124,19,SO2_24h,信阳,19.0
20170124,19,NO2,信阳,54.0
20170124,19,NO2_24h,信阳,52.0
20170124,19,O3,信阳,40.0
20170124,19,O3_24h,信阳,72.0
20170124,19,O3_8h,信阳,52.0
20170124,19,O3_8h_24h,信阳,52.0
20170124,19,CO,信阳,1.23
20170124,19,CO_24h,信阳,1.2
20170124,20,AQI,信阳,169.0
20170124,20,PM2.5,信阳,128.0
20170124,20,PM2.5_24h,信阳,108.0
20170124,20,PM10,信阳,179.0
20170124,20,PM10_24h,信阳,161.0
20170124,20,SO2,信阳,22.0
20170124,20,SO2_24h,信阳,19.0
20170124,20,NO2,信阳,53.0
20170124,20,NO2_24h,信阳,53.0
20170124,20,O3,信阳,37.0
20170124,20,O3_24h,信阳,62.0
20170124,20,O3_8h,信阳,50.0
20170124,20,O3_8h_24h,信阳,50.0
20170124,20,CO,信阳,1.2
20170124,20,CO_24h,信阳,1.23
20170124,21,AQI,信阳,173.0
20170124,21,PM2.5,信阳,131.0
20170124,21,PM2.5_24h,信阳,109.0
20170124,21,PM10,信阳,182.0
20170124,21,PM10_24h,信阳,163.0
20170124,21,SO2,信阳,23.0
20170124,21,SO2_24h,信阳,19.0
20170124,21,NO2,信阳,56.0
20170124,21,NO2_24h,信阳,53.0
20170124,21,O3,信阳,31.0
20170124,21,O3_24h,信阳,60.0
20170124,21,O3_8h,信阳,47.0
20170124,21,O3_8h_24h,信阳,50.0
20170124,21,CO,信阳,1.3
20170124,21,CO_24h,信阳,1.23
20170124,22,AQI,信阳,161.0
20170124,22,PM2.5,信阳,123.0
20170124,22,PM2.5_24h,信阳,109.0
20170124,22,PM10,信阳,186.0
20170124,22,PM10_24h,信阳,164.0
20170124,22,SO2,信阳,26.0
20170124,22,SO2_24h,信阳,20.0
20170124,22,NO2,信阳,58.0
20170124,22,NO2_24h,信阳,53.0
20170124,22,O3,信阳,27.0
20170124,22,O3_24h,信阳,60.0
20170124,22,O3_8h,信阳,44.0
20170124,22,O3_8h_24h,信阳,50.0
20170124,22,CO,信阳,1.35
20170124,22,CO_24h,信阳,1.25
20170124,23,AQI,信阳,167.0
20170124,23,PM2.5,信阳,127.0
20170124,23,PM2.5_24h,信阳,110.0
20170124,23,PM10,信阳,193.0
20170124,23,PM10_24h,信阳,164.0
20170124,23,SO2,信阳,25.0
20170124,23,SO2_24h,信阳,19.0
20170124,23,NO2,信阳,61.0
20170124,23,NO2_24h,信阳,53.0
20170124,23,O3,信阳,24.0
20170124,23,O3_24h,信阳,58.0
20170124,23,O3_8h,信阳,39.0
20170124,23,O3_8h_24h,信阳,50.0
20170124,23,CO,信阳,1.38
20170124,23,CO_24h,信阳,1.25
20170124,0,AQI,周口,146.0
20170124,0,PM2.5,周口,112.0
20170124,0,PM2.5_24h,周口,116.0
20170124,0,PM10,周口,187.0
20170124,0,PM10_24h,周口,194.0
20170124,0,SO2,周口,32.0
20170124,0,SO2_24h,周口,35.0
20170124,0,NO2,周口,48.0
20170124,0,NO2_24h,周口,48.0
20170124,0,O3,周口,35.0
20170124,0,O3_24h,周口,75.0
20170124,0,O3_8h,周口,45.0
20170124,0,O3_8h_24h,周口,59.0
20170124,0,CO,周口,2.6
20170124,0,CO_24h,周口,2.53
20170124,1,AQI,周口,151.0
20170124,1,PM2.5,周口,116.0
20170124,1,PM2.5_24h,周口,110.0
20170124,1,PM10,周口,193.0
20170124,1,PM10_24h,周口,183.0
20170124,1,SO2,周口,31.0
20170124,1,SO2_24h,周口,36.0
20170124,1,NO2,周口,52.0
20170124,1,NO2_24h,周口,50.0
20170124,1,O3,周口,28.0
20170124,1,O3_24h,周口,77.0
20170124,1,O3_8h,周口,28.0
20170124,1,O3_8h_24h,周口,28.0
20170124,1,CO,周口,2.95
20170124,1,CO_24h,周口,2.85
20170124,2,AQI,周口,153.0
20170124,2,PM2.5,周口,117.0
20170124,2,PM2.5_24h,周口,110.0
20170124,2,PM10,周口,195.0
20170124,2,PM10_24h,周口,182.0
20170124,2,SO2,周口,26.0
20170124,2,SO2_24h,周口,36.0
20170124,2,NO2,周口,50.0
20170124,2,NO2_24h,周口,49.0
20170124,2,O3,周口,26.0
20170124,2,O3_24h,周口,77.0
20170124,2,O3_8h,周口,27.0
20170124,2,O3_8h_24h,周口,29.0
20170124,2,CO,周口,2.88
20170124,2,CO_24h,周口,2.85
20170124,3,AQI,周口,149.0
20170124,3,PM2.5,周口,114.0
20170124,3,PM2.5_24h,周口,108.0
20170124,3,PM10,周口,180.0
20170124,3,PM10_24h,周口,180.0
20170124,3,SO2,周口,22.0
20170124,3,SO2_24h,周口,35.0
20170124,3,NO2,周口,43.0
20170124,3,NO2_24h,周口,49.0
20170124,3,O3,周口,28.0
20170124,3,O3_24h,周口,77.0
20170124,3,O3_8h,周口,27.0
20170124,3,O3_8h_24h,周口,29.0
20170124,3,CO,周口,2.78
20170124,3,CO_24h,周口,2.85
20170124,4,AQI,周口,148.0
20170124,4,PM2.5,周口,113.0
20170124,4,PM2.5_24h,周口,107.0
20170124,4,PM10,周口,164.0
20170124,4,PM10_24h,周口,178.0
20170124,4,SO2,周口,21.0
20170124,4,SO2_24h,周口,34.0
20170124,4,NO2,周口,36.0
20170124,4,NO2_24h,周口,48.0
20170124,4,O3,周口,31.0
20170124,4,O3_24h,周口,77.0
20170124,4,O3_8h,周口,29.0
20170124,4,O3_8h_24h,周口,30.0
20170124,4,CO,周口,2.78
20170124,4,CO_24h,周口,2.85
20170124,5,AQI,周口,150.0
20170124,5,PM2.5,周口,115.0
20170124,5,PM2.5_24h,周口,109.0
20170124,5,PM10,周口,160.0
20170124,5,PM10_24h,周口,184.0
20170124,5,SO2,周口,19.0
20170124,5,SO2_24h,周口,33.0
20170124,5,NO2,周口,32.0
20170124,5,NO2_24h,周口,46.0
20170124,5,O3,周口,27.0
20170124,5,O3_24h,周口,75.0
20170124,5,O3_8h,周口,27.0
20170124,5,O3_8h_24h,周口,29.0
20170124,5,CO,周口,2.43
20170124,5,CO_24h,周口,2.53
20170124,6,AQI,周口,134.0
20170124,6,PM2.5,周口,102.0
20170124,6,PM2.5_24h,周口,105.0
20170124,6,PM10,周口,150.0
20170124,6,PM10_24h,周口,175.0
20170124,6,SO2,周口,19.0
20170124,6,SO2_24h,周口,33.0
20170124,6,NO2,周口,35.0
20170124,6,NO2_24h,周口,47.0
20170124,6,O3,周口,25.0
20170124,6,O3_24h,周口,77.0
20170124,6,O3_8h,周口,28.0
20170124,6,O3_8h_24h,周口,30.0
20170124,6,CO,周口,2.75
20170124,6,CO_24h,周口,2.85
20170124,7,AQI,周口,115.0
20170124,7,PM2.5,周口,87.0
20170124,7,PM2.5_24h,周口,105.0
20170124,7,PM10,周口,131.0
20170124,7,PM10_24h,周口,175.0
20170124,7,SO2,周口,19.0
20170124,7,SO2_24h,周口,33.0
20170124,7,NO2,周口,35.0
20170124,7,NO2_24h,周口,47.0
20170124,7,O3,周口,22.0
20170124,7,O3_24h,周口,77.0
20170124,7,O3_8h,周口,27.0
20170124,7,O3_8h_24h,周口,30.0
20170124,7,CO,周口,2.7
20170124,7,CO_24h,周口,2.85
20170124,8,AQI,周口,106.0
20170124,8,PM2.5,周口,80.0
20170124,8,PM2.5_24h,周口,104.0
20170124,8,PM10,周口,118.0
20170124,8,PM10_24h,周口,173.0
20170124,8,SO2,周口,19.0
20170124,8,SO2_24h,周口,32.0
20170124,8,NO2,周口,35.0
20170124,8,NO2_24h,周口,46.0
20170124,8,O3,周口,21.0
20170124,8,O3_24h,周口,77.0
20170124,8,O3_8h,周口,26.0
20170124,8,O3_8h_24h,周口,30.0
20170124,8,CO,周口,2.65
20170124,8,CO_24h,周口,2.85
20170124,9,AQI,周口,103.0
20170124,9,PM2.5,周口,77.0
20170124,9,PM2.5_24h,周口,103.0
20170124,9,PM10,周口,112.0
20170124,9,PM10_24h,周口,171.0
20170124,9,SO2,周口,23.0
20170124,9,SO2_24h,周口,31.0
20170124,9,NO2,周口,34.0
20170124,9,NO2_24h,周口,45.0
20170124,9,O3,周口,25.0
20170124,9,O3_24h,周口,77.0
20170124,9,O3_8h,周口,26.0
20170124,9,O3_8h_24h,周口,30.0
20170124,9,CO,周口,2.67
20170124,9,CO_24h,周口,2.83
20170124,10,AQI,周口,100.0
20170124,10,PM2.5,周口,75.0
20170124,10,PM2.5_24h,周口,102.0
20170124,10,PM10,周口,115.0
20170124,10,PM10_24h,周口,168.0
20170124,10,SO2,周口,28.0
20170124,10,SO2_24h,周口,30.0
20170124,10,NO2,周口,32.0
20170124,10,NO2_24h,周口,45.0
20170124,10,O3,周口,33.0
20170124,10,O3_24h,周口,77.0
20170124,10,O3_8h,周口,27.0
20170124,10,O3_8h_24h,周口,30.0
20170124,10,CO,周口,2.65
20170124,10,CO_24h,周口,2.83
20170124,11,AQI,周口,105.0
20170124,11,PM2.5,周口,79.0
20170124,11,PM2.5_24h,周口,104.0
20170124,11,PM10,周口,127.0
20170124,11,PM10_24h,周口,173.0
20170124,11,SO2,周口,28.0
20170124,11,SO2_24h,周口,29.0
20170124,11,NO2,周口,31.0
20170124,11,NO2_24h,周口,42.0
20170124,11,O3,周口,39.0
20170124,11,O3_24h,周口,75.0
20170124,11,O3_8h,周口,27.0
20170124,11,O3_8h_24h,周口,29.0
20170124,11,CO,周口,2.4
20170124,11,CO_24h,周口,2.5
20170124,12,AQI,周口,108.0
20170124,12,PM2.5,周口,81.0
20170124,12,PM2.5_24h,周口,103.0
20170124,12,PM10,周口,145.0
20170124,12,PM10_24h,周口,171.0
20170124,12,SO2,周口,29.0
20170124,12,SO2_24h,周口,28.0
20170124,12,NO2,周口,32.0
20170124,12,NO2_24h,周口,42.0
20170124,12,O3,周口,48.0
20170124,12,O3_24h,周口,75.0
20170124,12,O3_8h,周口,30.0
20170124,12,O3_8h_24h,周口,30.0
20170124,12,CO,周口,2.4
20170124,12,CO_24h,周口,2.47
20170124,13,AQI,周口,104.0
20170124,13,PM2.5,周口,78.0
20170124,13,PM2.5_24h,周口,102.0
20170124,13,PM10,周口,143.0
20170124,13,PM10_24h,周口,169.0
20170124,13,SO2,周口,29.0
20170124,13,SO2_24h,周口,27.0
20170124,13,NO2,周口,33.0
20170124,13,NO2_24h,周口,41.0
20170124,13,O3,周口,55.0
20170124,13,O3_24h,周口,75.0
20170124,13,O3_8h,周口,33.0
20170124,13,O3_8h_24h,周口,33.0
20170124,13,CO,周口,2.33
20170124,13,CO_24h,周口,2.47
20170124,14,AQI,周口,106.0
20170124,14,PM2.5,周口,80.0
20170124,14,PM2.5_24h,周口,101.0
20170124,14,PM10,周口,134.0
20170124,14,PM10_24h,周口,167.0
20170124,14,SO2,周口,28.0
20170124,14,SO2_24h,周口,27.0
20170124,14,NO2,周口,33.0
20170124,14,NO2_24h,周口,41.0
20170124,14,O3,周口,60.0
20170124,14,O3_24h,周口,75.0
20170124,14,O3_8h,周口,37.0
20170124,14,O3_8h_24h,周口,37.0
20170124,14,CO,周口,2.33
20170124,14,CO_24h,周口,2.47
20170124,15,AQI,周口,98.0
20170124,15,PM2.5,周口,73.0
20170124,15,PM2.5_24h,周口,97.0
20170124,15,PM10,周口,124.0
20170124,15,PM10_24h,周口,159.0
20170124,15,SO2,周口,28.0
20170124,15,SO2_24h,周口,28.0
20170124,15,NO2,周口,35.0
20170124,15,NO2_24h,周口,43.0
20170124,15,O3,周口,66.0
20170124,15,O3_24h,周口,77.0
20170124,15,O3_8h,周口,42.0
20170124,15,O3_8h_24h,周口,42.0
20170124,15,CO,周口,2.65
20170124,15,CO_24h,周口,2.8
20170124,16,AQI,周口,98.0
20170124,16,PM2.5,周口,73.0
20170124,16,PM2.5_24h,周口,96.0
20170124,16,PM10,周口,116.0
20170124,16,PM10_24h,周口,157.0
20170124,16,SO2,周口,26.0
20170124,16,SO2_24h,周口,27.0
20170124,16,NO2,周口,34.0
20170124,16,NO2_24h,周口,42.0
20170124,16,O3,周口,68.0
20170124,16,O3_24h,周口,75.0
20170124,16,O3_8h,周口,50.0
20170124,16,O3_8h_24h,周口,50.0
20170124,16,CO,周口,2.65
20170124,16,CO_24h,周口,2.8
20170124,17,AQI,周口,103.0
20170124,17,PM2.5,周口,77.0
20170124,17,PM2.5_24h,周口,95.0
20170124,17,PM10,周口,116.0
20170124,17,PM10_24h,周口,155.0
20170124,17,SO2,周口,25.0
20170124,17,SO2_24h,周口,27.0
20170124,17,NO2,周口,36.0
20170124,17,NO2_24h,周口,42.0
20170124,17,O3,周口,64.0
20170124,17,O3_24h,周口,68.0
20170124,17,O3_8h,周口,56.0
20170124,17,O3_8h_24h,周口,56.0
20170124,17,CO,周口,2.67
20170124,17,CO_24h,周口,2.8
20170124,18,AQI,周口,115.0
20170124,18,PM2.5,周口,87.0
20170124,18,PM2.5_24h,周口,95.0
20170124,18,PM10,周口,130.0
20170124,18,PM10_24h,周口,153.0
20170124,18,SO2,周口,24.0
20170124,18,SO2_24h,周口,27.0
20170124,18,NO2,周口,39.0
20170124,18,NO2_24h,周口,41.0
20170124,18,O3,周口,59.0
20170124,18,O3_24h,周口,68.0
20170124,18,O3_8h,周口,60.0
20170124,18,O3_8h_24h,周口,60.0
20170124,18,CO,周口,2.72
20170124,18,CO_24h,周口,2.78
20170124,19,AQI,周口,133.0
20170124,19,PM2.5,周口,101.0
20170124,19,PM2.5_24h,周口,94.0
20170124,19,PM10,周口,151.0
20170124,19,PM10_24h,周口,151.0
20170124,19,SO2,周口,23.0
20170124,19,SO2_24h,周口,26.0
20170124,19,NO2,周口,44.0
20170124,19,NO2_24h,周口,40.0
20170124,19,O3,周口,47.0
20170124,19,O3_24h,周口,68.0
20170124,19,O3_8h,周口,60.0
20170124,19,O3_8h_24h,周口,61.0
20170124,19,CO,周口,2.85
20170124,19,CO_24h,周口,2.75
20170124,20,AQI,周口,160.0
20170124,20,PM2.5,周口,122.0
20170124,20,PM2.5_24h,周口,97.0
20170124,20,PM10,周口,184.0
20170124,20,PM10_24h,周口,156.0
20170124,20,SO2,周口,20.0
20170124,20,SO2_24h,周口,25.0
20170124,20,NO2,周口,44.0
20170124,20,NO2_24h,周口,38.0
20170124,20,O3,周口,38.0
20170124,20,O3_24h,周口,66.0
20170124,20,O3_8h,周口,56.0
20170124,20,O3_8h_24h,周口,57.0
20170124,20,CO,周口,2.67
20170124,20,CO_24h,周口,2.43
20170124,21,AQI,周口,173.0
20170124,21,PM2.5,周口,131.0
20170124,21,PM2.5_24h,周口,98.0
20170124,21,PM10,周口,206.0
20170124,21,PM10_24h,周口,155.0
20170124,21,SO2,周口,21.0
20170124,21,SO2_24h,周口,24.0
20170124,21,NO2,周口,47.0
20170124,21,NO2_24h,周口,37.0
20170124,21,O3,周口,32.0
20170124,21,O3_24h,周口,66.0
20170124,21,O3_8h,周口,53.0
20170124,21,O3_8h_24h,周口,57.0
20170124,21,CO,周口,2.73
20170124,21,CO_24h,周口,2.43
20170124,22,AQI,周口,187.0
20170124,22,PM2.5,周口,141.0
20170124,22,PM2.5_24h,周口,96.0
20170124,22,PM10,周口,226.0
20170124,22,PM10_24h,周口,152.0
20170124,22,SO2,周口,24.0
20170124,22,SO2_24h,周口,25.0
20170124,22,NO2,周口,51.0
20170124,22,NO2_24h,周口,40.0
20170124,22,O3,周口,27.0
20170124,22,O3_24h,周口,68.0
20170124,22,O3_8h,周口,52.0
20170124,22,O3_8h_24h,周口,61.0
20170124,22,CO,周口,3.2
20170124,22,CO_24h,周口,2.78
20170124,23,AQI,周口,200.0
20170124,23,PM2.5,周口,150.0
20170124,23,PM2.5_24h,周口,99.0
20170124,23,PM10,周口,243.0
20170124,23,PM10_24h,周口,155.0
20170124,23,SO2,周口,22.0
20170124,23,SO2_24h,周口,25.0
20170124,23,NO2,周口,53.0
20170124,23,NO2_24h,周口,40.0
20170124,23,O3,周口,21.0
20170124,23,O3_24h,周口,68.0
20170124,23,O3_8h,周口,46.0
20170124,23,O3_8h_24h,周口,61.0
20170124,23,CO,周口,3.22
20170124,23,CO_24h,周口,2.83
20170124,0,AQI,晋城,242.0
20170124,0,PM2.5,晋城,192.0
20170124,0,PM2.5_24h,晋城,123.0
20170124,0,PM10,晋城,277.0
20170124,0,PM10_24h,晋城,180.0
20170124,0,SO2,晋城,176.0
20170124,0,SO2_24h,晋城,147.0
20170124,0,NO2,晋城,99.0
20170124,0,NO2_24h,晋城,61.0
20170124,0,O3,晋城,16.0
20170124,0,O3_24h,晋城,116.0
20170124,0,O3_8h,晋城,70.0
20170124,0,O3_8h_24h,晋城,99.0
20170124,0,CO,晋城,3.82
20170124,0,CO_24h,晋城,2.98
20170124,1,AQI,晋城,248.0
20170124,1,PM2.5,晋城,198.0
20170124,1,PM2.5_24h,晋城,127.0
20170124,1,PM10,晋城,265.0
20170124,1,PM10_24h,晋城,184.0
20170124,1,SO2,晋城,139.0
20170124,1,SO2_24h,晋城,146.0
20170124,1,NO2,晋城,92.0
20170124,1,NO2_24h,晋城,62.0
20170124,1,O3,晋城,12.0
20170124,1,O3_24h,晋城,116.0
20170124,1,O3_8h,晋城,12.0
20170124,1,O3_8h_24h,晋城,12.0
20170124,1,CO,晋城,3.18
20170124,1,CO_24h,晋城,2.98
20170124,2,AQI,晋城,237.0
20170124,2,PM2.5,晋城,187.0
20170124,2,PM2.5_24h,晋城,131.0
20170124,2,PM10,晋城,273.0
20170124,2,PM10_24h,晋城,190.0
20170124,2,SO2,晋城,144.0
20170124,2,SO2_24h,晋城,145.0
20170124,2,NO2,晋城,88.0
20170124,2,NO2_24h,晋城,62.0
20170124,2,O3,晋城,13.0
20170124,2,O3_24h,晋城,116.0
20170124,2,O3_8h,晋城,13.0
20170124,2,O3_8h_24h,晋城,13.0
20170124,2,CO,晋城,3.4
20170124,2,CO_24h,晋城,3.0
20170124,3,AQI,晋城,239.0
20170124,3,PM2.5,晋城,189.0
20170124,3,PM2.5_24h,晋城,135.0
20170124,3,PM10,晋城,260.0
20170124,3,PM10_24h,晋城,195.0
20170124,3,SO2,晋城,172.0
20170124,3,SO2_24h,晋城,146.0
20170124,3,NO2,晋城,85.0
20170124,3,NO2_24h,晋城,63.0
20170124,3,O3,晋城,13.0
20170124,3,O3_24h,晋城,116.0
20170124,3,O3_8h,晋城,12.0
20170124,3,O3_8h_24h,晋城,13.0
20170124,3,CO,晋城,3.54
20170124,3,CO_24h,晋城,3.06
20170124,4,AQI,晋城,238.0
20170124,4,PM2.5,晋城,188.0
20170124,4,PM2.5_24h,晋城,140.0
20170124,4,PM10,晋城,247.0
20170124,4,PM10_24h,晋城,200.0
20170124,4,SO2,晋城,176.0
20170124,4,SO2_24h,晋城,146.0
20170124,4,NO2,晋城,79.0
20170124,4,NO2_24h,晋城,63.0
20170124,4,O3,晋城,12.0
20170124,4,O3_24h,晋城,116.0
20170124,4,O3_8h,晋城,12.0
20170124,4,O3_8h_24h,晋城,13.0
20170124,4,CO,晋城,3.44
20170124,4,CO_24h,晋城,3.06
20170124,5,AQI,晋城,240.0
20170124,5,PM2.5,晋城,190.0
20170124,5,PM2.5_24h,晋城,145.0
20170124,5,PM10,晋城,241.0
20170124,5,PM10_24h,晋城,202.0
20170124,5,SO2,晋城,191.0
20170124,5,SO2_24h,晋城,156.0
20170124,5,NO2,晋城,73.0
20170124,5,NO2_24h,晋城,63.0
20170124,5,O3,晋城,13.0
20170124,5,O3_24h,晋城,126.0
20170124,5,O3_8h,晋城,14.0
20170124,5,O3_8h_24h,晋城,14.0
20170124,5,CO,晋城,4.2
20170124,5,CO_24h,晋城,3.2
20170124,6,AQI,晋城,231.0
20170124,6,PM2.5,晋城,181.0
20170124,6,PM2.5_24h,晋城,149.0
20170124,6,PM10,晋城,239.0
20170124,6,PM10_24h,晋城,209.0
20170124,6,SO2,晋城,175.0
20170124,6,SO2_24h,晋城,145.0
20170124,6,NO2,晋城,71.0
20170124,6,NO2_24h,晋城,64.0
20170124,6,O3,晋城,13.0
20170124,6,O3_24h,晋城,116.0
20170124,6,O3_8h,晋城,13.0
20170124,6,O3_8h_24h,晋城,13.0
20170124,6,CO,晋城,4.98
20170124,6,CO_24h,晋城,3.12
20170124,7,AQI,晋城,270.0
20170124,7,PM2.5,晋城,220.0
20170124,7,PM2.5_24h,晋城,154.0
20170124,7,PM10,晋城,284.0
20170124,7,PM10_24h,晋城,215.0
20170124,7,SO2,晋城,213.0
20170124,7,SO2_24h,晋城,145.0
20170124,7,NO2,晋城,71.0
20170124,7,NO2_24h,晋城,64.0
20170124,7,O3,晋城,13.0
20170124,7,O3_24h,晋城,116.0
20170124,7,O3_8h,晋城,13.0
20170124,7,O3_8h_24h,晋城,13.0
20170124,7,CO,晋城,6.6
20170124,7,CO_24h,晋城,3.22
20170124,8,AQI,晋城,279.0
20170124,8,PM2.5,晋城,229.0
20170124,8,PM2.5_24h,晋城,160.0
20170124,8,PM10,晋城,291.0
20170124,8,PM10_24h,晋城,221.0
20170124,8,SO2,晋城,265.0
20170124,8,SO2_24h,晋城,147.0
20170124,8,NO2,晋城,71.0
20170124,8,NO2_24h,晋城,65.0
20170124,8,O3,晋城,14.0
20170124,8,O3_24h,晋城,116.0
20170124,8,O3_8h,晋城,13.0
20170124,8,O3_8h_24h,晋城,13.0
20170124,8,CO,晋城,7.02
20170124,8,CO_24h,晋城,3.3
20170124,9,AQI,晋城,308.0
20170124,9,PM2.5,晋城,258.0
20170124,9,PM2.5_24h,晋城,166.0
20170124,9,PM10,晋城,330.0
20170124,9,PM10_24h,晋城,227.0
20170124,9,SO2,晋城,298.0
20170124,9,SO2_24h,晋城,148.0
20170124,9,NO2,晋城,71.0
20170124,9,NO2_24h,晋城,65.0
20170124,9,O3,晋城,15.0
20170124,9,O3_24h,晋城,116.0
20170124,9,O3_8h,晋城,13.0
20170124,9,O3_8h_24h,晋城,13.0
20170124,9,CO,晋城,8.74
20170124,9,CO_24h,晋城,3.46
20170124,10,AQI,晋城,354.0
20170124,10,PM2.5,晋城,304.0
20170124,10,PM2.5_24h,晋城,173.0
20170124,10,PM10,晋城,400.0
20170124,10,PM10_24h,晋城,236.0
20170124,10,SO2,晋城,280.0
20170124,10,SO2_24h,晋城,148.0
20170124,10,NO2,晋城,75.0
20170124,10,NO2_24h,晋城,66.0
20170124,10,O3,晋城,18.0
20170124,10,O3_24h,晋城,116.0
20170124,10,O3_8h,晋城,14.0
20170124,10,O3_8h_24h,晋城,14.0
20170124,10,CO,晋城,8.48
20170124,10,CO_24h,晋城,3.6
20170124,11,AQI,晋城,406.0
20170124,11,PM2.5,晋城,359.0
20170124,11,PM2.5_24h,晋城,183.0
20170124,11,PM10,晋城,426.0
20170124,11,PM10_24h,晋城,245.0
20170124,11,SO2,晋城,210.0
20170124,11,SO2_24h,晋城,145.0
20170124,11,NO2,晋城,78.0
20170124,11,NO2_24h,晋城,66.0
20170124,11,O3,晋城,22.0
20170124,11,O3_24h,晋城,116.0
20170124,11,O3_8h,晋城,15.0
20170124,11,O3_8h_24h,晋城,15.0
20170124,11,CO,晋城,7.74
20170124,11,CO_24h,晋城,3.72
20170124,12,AQI,晋城,323.0
20170124,12,PM2.5,晋城,273.0
20170124,12,PM2.5_24h,晋城,189.0
20170124,12,PM10,晋城,365.0
20170124,12,PM10_24h,晋城,253.0
20170124,12,SO2,晋城,117.0
20170124,12,SO2_24h,晋城,143.0
20170124,12,NO2,晋城,62.0
20170124,12,NO2_24h,晋城,66.0
20170124,12,O3,晋城,44.0
20170124,12,O3_24h,晋城,116.0
20170124,12,O3_8h,晋城,19.0
20170124,12,O3_8h_24h,晋城,19.0
20170124,12,CO,晋城,4.92
20170124,12,CO_24h,晋城,3.8
20170124,13,AQI,晋城,318.0
20170124,13,PM2.5,晋城,268.0
20170124,13,PM2.5_24h,晋城,196.0
20170124,13,PM10,晋城,326.0
20170124,13,PM10_24h,晋城,261.0
20170124,13,SO2,晋城,81.0
20170124,13,SO2_24h,晋城,143.0
20170124,13,NO2,晋城,49.0
20170124,13,NO2_24h,晋城,66.0
20170124,13,O3,晋城,63.0
20170124,13,O3_24h,晋城,116.0
20170124,13,O3_8h,晋城,25.0
20170124,13,O3_8h_24h,晋城,25.0
20170124,13,CO,晋城,3.76
20170124,13,CO_24h,晋城,3.88
20170124,14,AQI,晋城,220.0
20170124,14,PM2.5,晋城,170.0
20170124,14,PM2.5_24h,晋城,198.0
20170124,14,PM10,晋城,227.0
20170124,14,PM10_24h,晋城,264.0
20170124,14,SO2,晋城,55.0
20170124,14,SO2_24h,晋城,143.0
20170124,14,NO2,晋城,32.0
20170124,14,NO2_24h,晋城,66.0
20170124,14,O3,晋城,92.0
20170124,14,O3_24h,晋城,117.0
20170124,14,O3_8h,晋城,35.0
20170124,14,O3_8h_24h,晋城,35.0
20170124,14,CO,晋城,2.38
20170124,14,CO_24h,晋城,3.88
20170124,15,AQI,晋城,170.0
20170124,15,PM2.5,晋城,129.0
20170124,15,PM2.5_24h,晋城,199.0
20170124,15,PM10,晋城,179.0
20170124,15,PM10_24h,晋城,265.0
20170124,15,SO2,晋城,43.0
20170124,15,SO2_24h,晋城,142.0
20170124,15,NO2,晋城,30.0
20170124,15,NO2_24h,晋城,66.0
20170124,15,O3,晋城,117.0
20170124,15,O3_24h,晋城,121.0
20170124,15,O3_8h,晋城,48.0
20170124,15,O3_8h_24h,晋城,48.0
20170124,15,CO,晋城,1.84
20170124,15,CO_24h,晋城,3.9
20170124,16,AQI,晋城,170.0
20170124,16,PM2.5,晋城,129.0
20170124,16,PM2.5_24h,晋城,199.0
20170124,16,PM10,晋城,179.0
20170124,16,PM10_24h,晋城,265.0
20170124,16,SO2,晋城,41.0
20170124,16,SO2_24h,晋城,141.0
20170124,16,NO2,晋城,36.0
20170124,16,NO2_24h,晋城,66.0
20170124,16,O3,晋城,122.0
20170124,16,O3_24h,晋城,125.0
20170124,16,O3_8h,晋城,62.0
20170124,16,O3_8h_24h,晋城,62.0
20170124,16,CO,晋城,1.78
20170124,16,CO_24h,晋城,3.92
20170124,17,AQI,晋城,212.0
20170124,17,PM2.5,晋城,162.0
20170124,17,PM2.5_24h,晋城,201.0
20170124,17,PM10,晋城,210.0
20170124,17,PM10_24h,晋城,266.0
20170124,17,SO2,晋城,50.0
20170124,17,SO2_24h,晋城,140.0
20170124,17,NO2,晋城,48.0
20170124,17,NO2_24h,晋城,66.0
20170124,17,O3,晋城,108.0
20170124,17,O3_24h,晋城,125.0
20170124,17,O3_8h,晋城,73.0
20170124,17,O3_8h_24h,晋城,73.0
20170124,17,CO,晋城,2.08
20170124,17,CO_24h,晋城,3.92
20170124,18,AQI,晋城,240.0
20170124,18,PM2.5,晋城,190.0
20170124,18,PM2.5_24h,晋城,203.0
20170124,18,PM10,晋城,243.0
20170124,18,PM10_24h,晋城,269.0
20170124,18,SO2,晋城,58.0
20170124,18,SO2_24h,晋城,140.0
20170124,18,NO2,晋城,57.0
20170124,18,NO2_24h,晋城,67.0
20170124,18,O3,晋城,93.0
20170124,18,O3_24h,晋城,123.0
20170124,18,O3_8h,晋城,83.0
20170124,18,O3_8h_24h,晋城,83.0
20170124,18,CO,晋城,2.32
20170124,18,CO_24h,晋城,3.94
20170124,19,AQI,晋城,264.0
20170124,19,PM2.5,晋城,214.0
20170124,19,PM2.5_24h,晋城,206.0
20170124,19,PM10,晋城,279.0
20170124,19,PM10_24h,晋城,272.0
20170124,19,SO2,晋城,69.0
20170124,19,SO2_24h,晋城,139.0
20170124,19,NO2,晋城,68.0
20170124,19,NO2_24h,晋城,68.0
20170124,19,O3,晋城,74.0
20170124,19,O3_24h,晋城,123.0
20170124,19,O3_8h,晋城,89.0
20170124,19,O3_8h_24h,晋城,89.0
20170124,19,CO,晋城,2.64
20170124,19,CO_24h,晋城,4.0
20170124,20,AQI,晋城,263.0
20170124,20,PM2.5,晋城,213.0
20170124,20,PM2.5_24h,晋城,208.0
20170124,20,PM10,晋城,275.0
20170124,20,PM10_24h,晋城,274.0
20170124,20,SO2,晋城,82.0
20170124,20,SO2_24h,晋城,140.0
20170124,20,NO2,晋城,75.0
20170124,20,NO2_24h,晋城,69.0
20170124,20,O3,晋城,61.0
20170124,20,O3_24h,晋城,123.0
20170124,20,O3_8h,晋城,91.0
20170124,20,O3_8h_24h,晋城,92.0
20170124,20,CO,晋城,2.54
20170124,20,CO_24h,晋城,4.02
20170124,21,AQI,晋城,277.0
20170124,21,PM2.5,晋城,227.0
20170124,21,PM2.5_24h,晋城,210.0
20170124,21,PM10,晋城,271.0
20170124,21,PM10_24h,晋城,276.0
20170124,21,SO2,晋城,78.0
20170124,21,SO2_24h,晋城,140.0
20170124,21,NO2,晋城,66.0
20170124,21,NO2_24h,晋城,69.0
20170124,21,O3,晋城,66.0
20170124,21,O3_24h,晋城,123.0
20170124,21,O3_8h,晋城,92.0
20170124,21,O3_8h_24h,晋城,93.0
20170124,21,CO,晋城,2.7
20170124,21,CO_24h,晋城,4.06
20170124,22,AQI,晋城,283.0
20170124,22,PM2.5,晋城,233.0
20170124,22,PM2.5_24h,晋城,212.0
20170124,22,PM10,晋城,279.0
20170124,22,PM10_24h,晋城,277.0
20170124,22,SO2,晋城,84.0
20170124,22,SO2_24h,晋城,138.0
20170124,22,NO2,晋城,67.0
20170124,22,NO2_24h,晋城,68.0
20170124,22,O3,晋城,62.0
20170124,22,O3_24h,晋城,123.0
20170124,22,O3_8h,晋城,88.0
20170124,22,O3_8h_24h,晋城,93.0
20170124,22,CO,晋城,2.86
20170124,22,CO_24h,晋城,4.08
20170124,23,AQI,晋城,268.0
20170124,23,PM2.5,晋城,218.0
20170124,23,PM2.5_24h,晋城,213.0
20170124,23,PM10,晋城,267.0
20170124,23,PM10_24h,晋城,277.0
20170124,23,SO2,晋城,95.0
20170124,23,SO2_24h,晋城,136.0
20170124,23,NO2,晋城,70.0
20170124,23,NO2_24h,晋城,67.0
20170124,23,O3,晋城,54.0
20170124,23,O3_24h,晋城,123.0
20170124,23,O3_8h,晋城,80.0
20170124,23,O3_8h_24h,晋城,93.0
20170124,23,CO,晋城,2.7
20170124,23,CO_24h,晋城,4.06
20170124,0,AQI,朔州,186.0
20170124,0,PM2.5,朔州,140.0
20170124,0,PM2.5_24h,朔州,122.0
20170124,0,PM10,朔州,228.0
20170124,0,PM10_24h,朔州,208.0
20170124,0,SO2,朔州,221.0
20170124,0,SO2_24h,朔州,205.0
20170124,0,NO2,朔州,50.0
20170124,0,NO2_24h,朔州,39.0
20170124,0,O3,朔州,21.0
20170124,0,O3_24h,朔州,106.0
20170124,0,O3_8h,朔州,51.0
20170124,0,O3_8h_24h,朔州,86.0
20170124,0,CO,朔州,2.28
20170124,0,CO_24h,朔州,2.4
20170124,1,AQI,朔州,170.0
20170124,1,PM2.5,朔州,129.0
20170124,1,PM2.5_24h,朔州,122.0
20170124,1,PM10,朔州,239.0
20170124,1,PM10_24h,朔州,209.0
20170124,1,SO2,朔州,176.0
20170124,1,SO2_24h,朔州,202.0
20170124,1,NO2,朔州,45.0
20170124,1,NO2_24h,朔州,39.0
20170124,1,O3,朔州,20.0
20170124,1,O3_24h,朔州,106.0
20170124,1,O3_8h,朔州,20.0
20170124,1,O3_8h_24h,朔州,20.0
20170124,1,CO,朔州,2.02
20170124,1,CO_24h,朔州,2.35
20170124,2,AQI,朔州,152.0
20170124,2,PM2.5,朔州,113.0
20170124,2,PM2.5_24h,朔州,121.0
20170124,2,PM10,朔州,253.0
20170124,2,PM10_24h,朔州,209.0
20170124,2,SO2,朔州,182.0
20170124,2,SO2_24h,朔州,200.0
20170124,2,NO2,朔州,43.0
20170124,2,NO2_24h,朔州,39.0
20170124,2,O3,朔州,18.0
20170124,2,O3_24h,朔州,106.0
20170124,2,O3_8h,朔州,19.0
20170124,2,O3_8h_24h,朔州,20.0
20170124,2,CO,朔州,2.02
20170124,2,CO_24h,朔州,2.28
20170124,3,AQI,朔州,138.0
20170124,3,PM2.5,朔州,105.0
20170124,3,PM2.5_24h,朔州,120.0
20170124,3,PM10,朔州,215.0
20170124,3,PM10_24h,朔州,207.0
20170124,3,SO2,朔州,160.0
20170124,3,SO2_24h,朔州,198.0
20170124,3,NO2,朔州,41.0
20170124,3,NO2_24h,朔州,39.0
20170124,3,O3,朔州,16.0
20170124,3,O3_24h,朔州,106.0
20170124,3,O3_8h,朔州,18.0
20170124,3,O3_8h_24h,朔州,20.0
20170124,3,CO,朔州,2.25
20170124,3,CO_24h,朔州,2.28
20170124,4,AQI,朔州,134.0
20170124,4,PM2.5,朔州,102.0
20170124,4,PM2.5_24h,朔州,119.0
20170124,4,PM10,朔州,185.0
20170124,4,PM10_24h,朔州,205.0
20170124,4,SO2,朔州,164.0
20170124,4,SO2_24h,朔州,197.0
20170124,4,NO2,朔州,41.0
20170124,4,NO2_24h,朔州,39.0
20170124,4,O3,朔州,17.0
20170124,4,O3_24h,朔州,106.0
20170124,4,O3_8h,朔州,18.0
20170124,4,O3_8h_24h,朔州,20.0
20170124,4,CO,朔州,2.2
20170124,4,CO_24h,朔州,2.25
20170124,5,AQI,朔州,141.0
20170124,5,PM2.5,朔州,108.0
20170124,5,PM2.5_24h,朔州,120.0
20170124,5,PM10,朔州,197.0
20170124,5,PM10_24h,朔州,205.0
20170124,5,SO2,朔州,165.0
20170124,5,SO2_24h,朔州,196.0
20170124,5,NO2,朔州,38.0
20170124,5,NO2_24h,朔州,39.0
20170124,5,O3,朔州,15.0
20170124,5,O3_24h,朔州,106.0
20170124,5,O3_8h,朔州,17.0
20170124,5,O3_8h_24h,朔州,20.0
20170124,5,CO,朔州,2.28
20170124,5,CO_24h,朔州,2.25
20170124,6,AQI,朔州,143.0
20170124,6,PM2.5,朔州,109.0
20170124,6,PM2.5_24h,朔州,121.0
20170124,6,PM10,朔州,186.0
20170124,6,PM10_24h,朔州,205.0
20170124,6,SO2,朔州,156.0
20170124,6,SO2_24h,朔州,195.0
20170124,6,NO2,朔州,37.0
20170124,6,NO2_24h,朔州,39.0
20170124,6,O3,朔州,14.0
20170124,6,O3_24h,朔州,106.0
20170124,6,O3_8h,朔州,17.0
20170124,6,O3_8h_24h,朔州,20.0
20170124,6,CO,朔州,2.23
20170124,6,CO_24h,朔州,2.2
20170124,7,AQI,朔州,140.0
20170124,7,PM2.5,朔州,107.0
20170124,7,PM2.5_24h,朔州,122.0
20170124,7,PM10,朔州,199.0
20170124,7,PM10_24h,朔州,205.0
20170124,7,SO2,朔州,185.0
20170124,7,SO2_24h,朔州,196.0
20170124,7,NO2,朔州,37.0
20170124,7,NO2_24h,朔州,39.0
20170124,7,O3,朔州,18.0
20170124,7,O3_24h,朔州,106.0
20170124,7,O3_8h,朔州,17.0
20170124,7,O3_8h_24h,朔州,20.0
20170124,7,CO,朔州,2.52
20170124,7,CO_24h,朔州,2.2
20170124,8,AQI,朔州,183.0
20170124,8,PM2.5,朔州,138.0
20170124,8,PM2.5_24h,朔州,123.0
20170124,8,PM10,朔州,229.0
20170124,8,PM10_24h,朔州,206.0
20170124,8,SO2,朔州,219.0
20170124,8,SO2_24h,朔州,193.0
20170124,8,NO2,朔州,36.0
20170124,8,NO2_24h,朔州,39.0
20170124,8,O3,朔州,24.0
20170124,8,O3_24h,朔州,106.0
20170124,8,O3_8h,朔州,18.0
20170124,8,O3_8h_24h,朔州,20.0
20170124,8,CO,朔州,2.67
20170124,8,CO_24h,朔州,2.17
20170124,9,AQI,朔州,241.0
20170124,9,PM2.5,朔州,191.0
20170124,9,PM2.5_24h,朔州,123.0
20170124,9,PM10,朔州,292.0
20170124,9,PM10_24h,朔州,206.0
20170124,9,SO2,朔州,331.0
20170124,9,SO2_24h,朔州,188.0
20170124,9,NO2,朔州,38.0
20170124,9,NO2_24h,朔州,38.0
20170124,9,O3,朔州,42.0
20170124,9,O3_24h,朔州,106.0
20170124,9,O3_8h,朔州,20.0
20170124,9,O3_8h_24h,朔州,22.0
20170124,9,CO,朔州,3.08
20170124,9,CO_24h,朔州,2.13
20170124,10,AQI,朔州,340.0
20170124,10,PM2.5,朔州,290.0
20170124,10,PM2.5_24h,朔州,121.0
20170124,10,PM10,朔州,380.0
20170124,10,PM10_24h,朔州,208.0
20170124,10,SO2,朔州,350.0
20170124,10,SO2_24h,朔州,187.0
20170124,10,NO2,朔州,43.0
20170124,10,NO2_24h,朔州,38.0
20170124,10,O3,朔州,38.0
20170124,10,O3_24h,朔州,106.0
20170124,10,O3_8h,朔州,23.0
20170124,10,O3_8h_24h,朔州,24.0
20170124,10,CO,朔州,3.08
20170124,10,CO_24h,朔州,2.13
20170124,11,AQI,朔州,258.0
20170124,11,PM2.5,朔州,208.0
20170124,11,PM2.5_24h,朔州,111.0
20170124,11,PM10,朔州,374.0
20170124,11,PM10_24h,朔州,189.0
20170124,11,SO2,朔州,265.0
20170124,11,SO2_24h,朔州,171.0
20170124,11,NO2,朔州,40.0
20170124,11,NO2_24h,朔州,36.0
20170124,11,O3,朔州,27.0
20170124,11,O3_24h,朔州,107.0
20170124,11,O3_8h,朔州,21.0
20170124,11,O3_8h_24h,朔州,22.0
20170124,11,CO,朔州,2.86
20170124,11,CO_24h,朔州,1.86
20170124,12,AQI,朔州,206.0
20170124,12,PM2.5,朔州,156.0
20170124,12,PM2.5_24h,朔州,111.0
20170124,12,PM10,朔州,327.0
20170124,12,PM10_24h,朔州,184.0
20170124,12,SO2,朔州,125.0
20170124,12,SO2_24h,朔州,165.0
20170124,12,NO2,朔州,33.0
20170124,12,NO2_24h,朔州,36.0
20170124,12,O3,朔州,51.0
20170124,12,O3_24h,朔州,107.0
20170124,12,O3_8h,朔州,28.0
20170124,12,O3_8h_24h,朔州,28.0
20170124,12,CO,朔州,1.62
20170124,12,CO_24h,朔州,1.88
20170124,13,AQI,朔州,134.0
20170124,13,PM2.5,朔州,102.0
20170124,13,PM2.5_24h,朔州,110.0
20170124,13,PM10,朔州,217.0
20170124,13,PM10_24h,朔州,180.0
20170124,13,SO2,朔州,95.0
20170124,13,SO2_24h,朔州,161.0
20170124,13,NO2,朔州,26.0
20170124,13,NO2_24h,朔州,36.0
20170124,13,O3,朔州,67.0
20170124,13,O3_24h,朔州,107.0
20170124,13,O3_8h,朔州,36.0
20170124,13,O3_8h_24h,朔州,36.0
20170124,13,CO,朔州,1.4
20170124,13,CO_24h,朔州,1.86
20170124,14,AQI,朔州,126.0
20170124,14,PM2.5,朔州,96.0
20170124,14,PM2.5_24h,朔州,108.0
20170124,14,PM10,朔州,138.0
20170124,14,PM10_24h,朔州,176.0
20170124,14,SO2,朔州,93.0
20170124,14,SO2_24h,朔州,160.0
20170124,14,NO2,朔州,24.0
20170124,14,NO2_24h,朔州,35.0
20170124,14,O3,朔州,75.0
20170124,14,O3_24h,朔州,107.0
20170124,14,O3_8h,朔州,44.0
20170124,14,O3_8h_24h,朔州,44.0
20170124,14,CO,朔州,1.2
20170124,14,CO_24h,朔州,1.84
20170124,15,AQI,朔州,111.0
20170124,15,PM2.5,朔州,84.0
20170124,15,PM2.5_24h,朔州,108.0
20170124,15,PM10,朔州,116.0
20170124,15,PM10_24h,朔州,174.0
20170124,15,SO2,朔州,95.0
20170124,15,SO2_24h,朔州,162.0
20170124,15,NO2,朔州,25.0
20170124,15,NO2_24h,朔州,36.0
20170124,15,O3,朔州,79.0
20170124,15,O3_24h,朔州,107.0
20170124,15,O3_8h,朔州,52.0
20170124,15,O3_8h_24h,朔州,52.0
20170124,15,CO,朔州,1.18
20170124,15,CO_24h,朔州,1.86
20170124,16,AQI,朔州,115.0
20170124,16,PM2.5,朔州,87.0
20170124,16,PM2.5_24h,朔州,110.0
20170124,16,PM10,朔州,110.0
20170124,16,PM10_24h,朔州,174.0
20170124,16,SO2,朔州,99.0
20170124,16,SO2_24h,朔州,165.0
20170124,16,NO2,朔州,26.0
20170124,16,NO2_24h,朔州,37.0
20170124,16,O3,朔州,80.0
20170124,16,O3_24h,朔州,106.0
20170124,16,O3_8h,朔州,58.0
20170124,16,O3_8h_24h,朔州,58.0
20170124,16,CO,朔州,1.12
20170124,16,CO_24h,朔州,1.86
20170124,17,AQI,朔州,108.0
20170124,17,PM2.5,朔州,81.0
20170124,17,PM2.5_24h,朔州,114.0
20170124,17,PM10,朔州,108.0
20170124,17,PM10_24h,朔州,177.0
20170124,17,SO2,朔州,91.0
20170124,17,SO2_24h,朔州,168.0
20170124,17,NO2,朔州,35.0
20170124,17,NO2_24h,朔州,38.0
20170124,17,O3,朔州,72.0
20170124,17,O3_24h,朔州,94.0
20170124,17,O3_8h,朔州,61.0
20170124,17,O3_8h_24h,朔州,62.0
20170124,17,CO,朔州,1.16
20170124,17,CO_24h,朔州,1.86
20170124,18,AQI,朔州,118.0
20170124,18,PM2.5,朔州,89.0
20170124,18,PM2.5_24h,朔州,118.0
20170124,18,PM10,朔州,118.0
20170124,18,PM10_24h,朔州,182.0
20170124,18,SO2,朔州,120.0
20170124,18,SO2_24h,朔州,171.0
20170124,18,NO2,朔州,46.0
20170124,18,NO2_24h,朔州,39.0
20170124,18,O3,朔州,54.0
20170124,18,O3_24h,朔州,86.0
20170124,18,O3_8h,朔州,63.0
20170124,18,O3_8h_24h,朔州,65.0
20170124,18,CO,朔州,1.4
20170124,18,CO_24h,朔州,1.92
20170124,19,AQI,朔州,148.0
20170124,19,PM2.5,朔州,113.0
20170124,19,PM2.5_24h,朔州,123.0
20170124,19,PM10,朔州,134.0
20170124,19,PM10_24h,朔州,186.0
20170124,19,SO2,朔州,185.0
20170124,19,SO2_24h,朔州,174.0
20170124,19,NO2,朔州,57.0
20170124,19,NO2_24h,朔州,40.0
20170124,19,O3,朔州,57.0
20170124,19,O3_24h,朔州,93.0
20170124,19,O3_8h,朔州,67.0
20170124,19,O3_8h_24h,朔州,67.0
20170124,19,CO,朔州,2.0
20170124,19,CO_24h,朔州,1.92
20170124,20,AQI,朔州,157.0
20170124,20,PM2.5,朔州,120.0
20170124,20,PM2.5_24h,朔州,124.0
20170124,20,PM10,朔州,166.0
20170124,20,PM10_24h,朔州,187.0
20170124,20,SO2,朔州,321.0
20170124,20,SO2_24h,朔州,177.0
20170124,20,NO2,朔州,65.0
20170124,20,NO2_24h,朔州,40.0
20170124,20,O3,朔州,45.0
20170124,20,O3_24h,朔州,94.0
20170124,20,O3_8h,朔州,66.0
20170124,20,O3_8h_24h,朔州,69.0
20170124,20,CO,朔州,2.84
20170124,20,CO_24h,朔州,1.96
20170124,21,AQI,朔州,340.0
20170124,21,PM2.5,朔州,290.0
20170124,21,PM2.5_24h,朔州,135.0
20170124,21,PM10,朔州,388.0
20170124,21,PM10_24h,朔州,189.0
20170124,21,SO2,朔州,327.0
20170124,21,SO2_24h,朔州,183.0
20170124,21,NO2,朔州,60.0
20170124,21,NO2_24h,朔州,41.0
20170124,21,O3,朔州,28.0
20170124,21,O3_24h,朔州,94.0
20170124,21,O3_8h,朔州,61.0
20170124,21,O3_8h_24h,朔州,69.0
20170124,21,CO,朔州,2.96
20170124,21,CO_24h,朔州,1.98
20170124,22,AQI,朔州,364.0
20170124,22,PM2.5,朔州,314.0
20170124,22,PM2.5_24h,朔州,144.0
20170124,22,PM10,朔州,399.0
20170124,22,PM10_24h,朔州,197.0
20170124,22,SO2,朔州,314.0
20170124,22,SO2_24h,朔州,188.0
20170124,22,NO2,朔州,57.0
20170124,22,NO2_24h,朔州,41.0
20170124,22,O3,朔州,26.0
20170124,22,O3_24h,朔州,94.0
20170124,22,O3_8h,朔州,55.0
20170124,22,O3_8h_24h,朔州,69.0
20170124,22,CO,朔州,2.86
20170124,22,CO_24h,朔州,2.04
20170124,23,AQI,朔州,304.0
20170124,23,PM2.5,朔州,254.0
20170124,23,PM2.5_24h,朔州,149.0
20170124,23,PM10,朔州,361.0
20170124,23,PM10_24h,朔州,207.0
20170124,23,SO2,朔州,238.0
20170124,23,SO2_24h,朔州,188.0
20170124,23,NO2,朔州,55.0
20170124,23,NO2_24h,朔州,42.0
20170124,23,O3,朔州,21.0
20170124,23,O3_24h,朔州,94.0
20170124,23,O3_8h,朔州,48.0
20170124,23,O3_8h_24h,朔州,69.0
20170124,23,CO,朔州,2.76
20170124,23,CO_24h,朔州,2.06
20170124,0,AQI,晋中,118.0
20170124,0,PM2.5,晋中,89.0
20170124,0,PM2.5_24h,晋中,77.0
20170124,0,PM10,晋中,141.0
20170124,0,PM10_24h,晋中,135.0
20170124,0,SO2,晋中,441.0
20170124,0,SO2_24h,晋中,329.0
20170124,0,NO2,晋中,60.0
20170124,0,NO2_24h,晋中,42.0
20170124,0,O3,晋中,5.0
20170124,0,O3_24h,晋中,74.0
20170124,0,O3_8h,晋中,20.0
20170124,0,O3_8h_24h,晋中,50.0
20170124,0,CO,晋中,2.5
20170124,0,CO_24h,晋中,2.63
20170124,1,AQI,晋中,149.0
20170124,1,PM2.5,晋中,114.0
20170124,1,PM2.5_24h,晋中,78.0
20170124,1,PM10,晋中,169.0
20170124,1,PM10_24h,晋中,136.0
20170124,1,SO2,晋中,422.0
20170124,1,SO2_24h,晋中,325.0
20170124,1,NO2,晋中,59.0
20170124,1,NO2_24h,晋中,43.0
20170124,1,O3,晋中,6.0
20170124,1,O3_24h,晋中,74.0
20170124,1,O3_8h,晋中,6.0
20170124,1,O3_8h_24h,晋中,6.0
20170124,1,CO,晋中,2.57
20170124,1,CO_24h,晋中,2.53
20170124,2,AQI,晋中,143.0
20170124,2,PM2.5,晋中,109.0
20170124,2,PM2.5_24h,晋中,78.0
20170124,2,PM10,晋中,170.0
20170124,2,PM10_24h,晋中,135.0
20170124,2,SO2,晋中,346.0
20170124,2,SO2_24h,晋中,325.0
20170124,2,NO2,晋中,59.0
20170124,2,NO2_24h,晋中,43.0
20170124,2,O3,晋中,5.0
20170124,2,O3_24h,晋中,74.0
20170124,2,O3_8h,晋中,5.0
20170124,2,O3_8h_24h,晋中,6.0
20170124,2,CO,晋中,2.47
20170124,2,CO_24h,晋中,2.47
20170124,3,AQI,晋中,150.0
20170124,3,PM2.5,晋中,115.0
20170124,3,PM2.5_24h,晋中,79.0
20170124,3,PM10,晋中,170.0
20170124,3,PM10_24h,晋中,136.0
20170124,3,SO2,晋中,276.0
20170124,3,SO2_24h,晋中,327.0
20170124,3,NO2,晋中,59.0
20170124,3,NO2_24h,晋中,44.0
20170124,3,O3,晋中,6.0
20170124,3,O3_24h,晋中,74.0
20170124,3,O3_8h,晋中,6.0
20170124,3,O3_8h_24h,晋中,6.0
20170124,3,CO,晋中,2.47
20170124,3,CO_24h,晋中,2.5
20170124,4,AQI,晋中,153.0
20170124,4,PM2.5,晋中,117.0
20170124,4,PM2.5_24h,晋中,81.0
20170124,4,PM10,晋中,156.0
20170124,4,PM10_24h,晋中,138.0
20170124,4,SO2,晋中,285.0
20170124,4,SO2_24h,晋中,330.0
20170124,4,NO2,晋中,57.0
20170124,4,NO2_24h,晋中,45.0
20170124,4,O3,晋中,6.0
20170124,4,O3_24h,晋中,74.0
20170124,4,O3_8h,晋中,6.0
20170124,4,O3_8h_24h,晋中,6.0
20170124,4,CO,晋中,2.23
20170124,4,CO_24h,晋中,2.47
20170124,5,AQI,晋中,145.0
20170124,5,PM2.5,晋中,111.0
20170124,5,PM2.5_24h,晋中,83.0
20170124,5,PM10,晋中,157.0
20170124,5,PM10_24h,晋中,141.0
20170124,5,SO2,晋中,182.0
20170124,5,SO2_24h,晋中,328.0
20170124,5,NO2,晋中,57.0
20170124,5,NO2_24h,晋中,46.0
20170124,5,O3,晋中,5.0
20170124,5,O3_24h,晋中,74.0
20170124,5,O3_8h,晋中,6.0
20170124,5,O3_8h_24h,晋中,6.0
20170124,5,CO,晋中,2.5
20170124,5,CO_24h,晋中,2.47
20170124,6,AQI,晋中,156.0
20170124,6,PM2.5,晋中,119.0
20170124,6,PM2.5_24h,晋中,86.0
20170124,6,PM10,晋中,161.0
20170124,6,PM10_24h,晋中,143.0
20170124,6,SO2,晋中,180.0
20170124,6,SO2_24h,晋中,326.0
20170124,6,NO2,晋中,56.0
20170124,6,NO2_24h,晋中,47.0
20170124,6,O3,晋中,6.0
20170124,6,O3_24h,晋中,74.0
20170124,6,O3_8h,晋中,6.0
20170124,6,O3_8h_24h,晋中,6.0
20170124,6,CO,晋中,2.57
20170124,6,CO_24h,晋中,2.5
20170124,7,AQI,晋中,153.0
20170124,7,PM2.5,晋中,117.0
20170124,7,PM2.5_24h,晋中,88.0
20170124,7,PM10,晋中,172.0
20170124,7,PM10_24h,晋中,146.0
20170124,7,SO2,晋中,203.0
20170124,7,SO2_24h,晋中,325.0
20170124,7,NO2,晋中,55.0
20170124,7,NO2_24h,晋中,48.0
20170124,7,O3,晋中,5.0
20170124,7,O3_24h,晋中,74.0
20170124,7,O3_8h,晋中,6.0
20170124,7,O3_8h_24h,晋中,6.0
20170124,7,CO,晋中,2.73
20170124,7,CO_24h,晋中,2.5
20170124,8,AQI,晋中,171.0
20170124,8,PM2.5,晋中,130.0
20170124,8,PM2.5_24h,晋中,91.0
20170124,8,PM10,晋中,189.0
20170124,8,PM10_24h,晋中,150.0
20170124,8,SO2,晋中,232.0
20170124,8,SO2_24h,晋中,323.0
20170124,8,NO2,晋中,55.0
20170124,8,NO2_24h,晋中,48.0
20170124,8,O3,晋中,6.0
20170124,8,O3_24h,晋中,74.0
20170124,8,O3_8h,晋中,6.0
20170124,8,O3_8h_24h,晋中,6.0
20170124,8,CO,晋中,2.93
20170124,8,CO_24h,晋中,2.47
20170124,9,AQI,晋中,187.0
20170124,9,PM2.5,晋中,141.0
20170124,9,PM2.5_24h,晋中,94.0
20170124,9,PM10,晋中,191.0
20170124,9,PM10_24h,晋中,152.0
20170124,9,SO2,晋中,221.0
20170124,9,SO2_24h,晋中,321.0
20170124,9,NO2,晋中,52.0
20170124,9,NO2_24h,晋中,49.0
20170124,9,O3,晋中,10.0
20170124,9,O3_24h,晋中,74.0
20170124,9,O3_8h,晋中,6.0
20170124,9,O3_8h_24h,晋中,6.0
20170124,9,CO,晋中,2.93
20170124,9,CO_24h,晋中,2.53
20170124,10,AQI,晋中,173.0
20170124,10,PM2.5,晋中,131.0
20170124,10,PM2.5_24h,晋中,96.0
20170124,10,PM10,晋中,202.0
20170124,10,PM10_24h,晋中,155.0
20170124,10,SO2,晋中,225.0
20170124,10,SO2_24h,晋中,319.0
20170124,10,NO2,晋中,50.0
20170124,10,NO2_24h,晋中,50.0
20170124,10,O3,晋中,16.0
20170124,10,O3_24h,晋中,74.0
20170124,10,O3_8h,晋中,8.0
20170124,10,O3_8h_24h,晋中,8.0
20170124,10,CO,晋中,2.83
20170124,10,CO_24h,晋中,2.53
20170124,11,AQI,晋中,180.0
20170124,11,PM2.5,晋中,136.0
20170124,11,PM2.5_24h,晋中,99.0
20170124,11,PM10,晋中,209.0
20170124,11,PM10_24h,晋中,158.0
20170124,11,SO2,晋中,195.0
20170124,11,SO2_24h,晋中,314.0
20170124,11,NO2,晋中,49.0
20170124,11,NO2_24h,晋中,50.0
20170124,11,O3,晋中,26.0
20170124,11,O3_24h,晋中,74.0
20170124,11,O3_8h,晋中,10.0
20170124,11,O3_8h_24h,晋中,10.0
20170124,11,CO,晋中,2.57
20170124,11,CO_24h,晋中,2.47
20170124,12,AQI,晋中,189.0
20170124,12,PM2.5,晋中,142.0
20170124,12,PM2.5_24h,晋中,101.0
20170124,12,PM10,晋中,187.0
20170124,12,PM10_24h,晋中,159.0
20170124,12,SO2,晋中,189.0
20170124,12,SO2_24h,晋中,306.0
20170124,12,NO2,晋中,52.0
20170124,12,NO2_24h,晋中,51.0
20170124,12,O3,晋中,31.0
20170124,12,O3_24h,晋中,74.0
20170124,12,O3_8h,晋中,13.0
20170124,12,O3_8h_24h,晋中,13.0
20170124,12,CO,晋中,2.6
20170124,12,CO_24h,晋中,2.47
20170124,13,AQI,晋中,164.0
20170124,13,PM2.5,晋中,125.0
20170124,13,PM2.5_24h,晋中,104.0
20170124,13,PM10,晋中,188.0
20170124,13,PM10_24h,晋中,162.0
20170124,13,SO2,晋中,182.0
20170124,13,SO2_24h,晋中,301.0
20170124,13,NO2,晋中,54.0
20170124,13,NO2_24h,晋中,52.0
20170124,13,O3,晋中,37.0
20170124,13,O3_24h,晋中,74.0
20170124,13,O3_8h,晋中,17.0
20170124,13,O3_8h_24h,晋中,17.0
20170124,13,CO,晋中,2.47
20170124,13,CO_24h,晋中,2.5
20170124,14,AQI,晋中,157.0
20170124,14,PM2.5,晋中,120.0
20170124,14,PM2.5_24h,晋中,106.0
20170124,14,PM10,晋中,193.0
20170124,14,PM10_24h,晋中,165.0
20170124,14,SO2,晋中,195.0
20170124,14,SO2_24h,晋中,300.0
20170124,14,NO2,晋中,56.0
20170124,14,NO2_24h,晋中,53.0
20170124,14,O3,晋中,45.0
20170124,14,O3_24h,晋中,73.0
20170124,14,O3_8h,晋中,22.0
20170124,14,O3_8h_24h,晋中,22.0
20170124,14,CO,晋中,2.27
20170124,14,CO_24h,晋中,2.53
20170124,15,AQI,晋中,149.0
20170124,15,PM2.5,晋中,114.0
20170124,15,PM2.5_24h,晋中,108.0
20170124,15,PM10,晋中,172.0
20170124,15,PM10_24h,晋中,169.0
20170124,15,SO2,晋中,213.0
20170124,15,SO2_24h,晋中,300.0
20170124,15,NO2,晋中,58.0
20170124,15,NO2_24h,晋中,54.0
20170124,15,O3,晋中,56.0
20170124,15,O3_24h,晋中,75.0
20170124,15,O3_8h,晋中,28.0
20170124,15,O3_8h_24h,晋中,28.0
20170124,15,CO,晋中,2.13
20170124,15,CO_24h,晋中,2.5
20170124,16,AQI,晋中,144.0
20170124,16,PM2.5,晋中,110.0
20170124,16,PM2.5_24h,晋中,111.0
20170124,16,PM10,晋中,164.0
20170124,16,PM10_24h,晋中,173.0
20170124,16,SO2,晋中,249.0
20170124,16,SO2_24h,晋中,301.0
20170124,16,NO2,晋中,58.0
20170124,16,NO2_24h,晋中,56.0
20170124,16,O3,晋中,62.0
20170124,16,O3_24h,晋中,72.0
20170124,16,O3_8h,晋中,35.0
20170124,16,O3_8h_24h,晋中,35.0
20170124,16,CO,晋中,2.17
20170124,16,CO_24h,晋中,2.53
20170124,17,AQI,晋中,160.0
20170124,17,PM2.5,晋中,122.0
20170124,17,PM2.5_24h,晋中,114.0
20170124,17,PM10,晋中,180.0
20170124,17,PM10_24h,晋中,177.0
20170124,17,SO2,晋中,301.0
20170124,17,SO2_24h,晋中,303.0
20170124,17,NO2,晋中,52.0
20170124,17,NO2_24h,晋中,57.0
20170124,17,O3,晋中,70.0
20170124,17,O3_24h,晋中,76.0
20170124,17,O3_8h,晋中,43.0
20170124,17,O3_8h_24h,晋中,43.0
20170124,17,CO,晋中,2.1
20170124,17,CO_24h,晋中,2.57
20170124,18,AQI,晋中,176.0
20170124,18,PM2.5,晋中,133.0
20170124,18,PM2.5_24h,晋中,117.0
20170124,18,PM10,晋中,195.0
20170124,18,PM10_24h,晋中,181.0
20170124,18,SO2,晋中,261.0
20170124,18,SO2_24h,晋中,304.0
20170124,18,NO2,晋中,63.0
20170124,18,NO2_24h,晋中,57.0
20170124,18,O3,晋中,49.0
20170124,18,O3_24h,晋中,76.0
20170124,18,O3_8h,晋中,47.0
20170124,18,O3_8h_24h,晋中,47.0
20170124,18,CO,晋中,2.4
20170124,18,CO_24h,晋中,2.6
20170124,19,AQI,晋中,211.0
20170124,19,PM2.5,晋中,161.0
20170124,19,PM2.5_24h,晋中,121.0
20170124,19,PM10,晋中,242.0
20170124,19,PM10_24h,晋中,187.0
20170124,19,SO2,晋中,244.0
20170124,19,SO2_24h,晋中,295.0
20170124,19,NO2,晋中,65.0
20170124,19,NO2_24h,晋中,57.0
20170124,19,O3,晋中,44.0
20170124,19,O3_24h,晋中,76.0
20170124,19,O3_8h,晋中,49.0
20170124,19,O3_8h_24h,晋中,50.0
20170124,19,CO,晋中,2.57
20170124,19,CO_24h,晋中,2.6
20170124,20,AQI,晋中,221.0
20170124,20,PM2.5,晋中,171.0
20170124,20,PM2.5_24h,晋中,124.0
20170124,20,PM10,晋中,249.0
20170124,20,PM10_24h,晋中,189.0
20170124,20,SO2,晋中,297.0
20170124,20,SO2_24h,晋中,278.0
20170124,20,NO2,晋中,76.0
20170124,20,NO2_24h,晋中,58.0
20170124,20,O3,晋中,19.0
20170124,20,O3_24h,晋中,76.0
20170124,20,O3_8h,晋中,48.0
20170124,20,O3_8h_24h,晋中,50.0
20170124,20,CO,晋中,3.27
20170124,20,CO_24h,晋中,2.57
20170124,21,AQI,晋中,242.0
20170124,21,PM2.5,晋中,192.0
20170124,21,PM2.5_24h,晋中,126.0
20170124,21,PM10,晋中,287.0
20170124,21,PM10_24h,晋中,192.0
20170124,21,SO2,晋中,295.0
20170124,21,SO2_24h,晋中,269.0
20170124,21,NO2,晋中,73.0
20170124,21,NO2_24h,晋中,58.0
20170124,21,O3,晋中,13.0
20170124,21,O3_24h,晋中,76.0
20170124,21,O3_8h,晋中,44.0
20170124,21,O3_8h_24h,晋中,50.0
20170124,21,CO,晋中,2.87
20170124,21,CO_24h,晋中,2.57
20170124,22,AQI,晋中,214.0
20170124,22,PM2.5,晋中,164.0
20170124,22,PM2.5_24h,晋中,129.0
20170124,22,PM10,晋中,223.0
20170124,22,PM10_24h,晋中,189.0
20170124,22,SO2,晋中,214.0
20170124,22,SO2_24h,晋中,257.0
20170124,22,NO2,晋中,66.0
20170124,22,NO2_24h,晋中,59.0
20170124,22,O3,晋中,10.0
20170124,22,O3_24h,晋中,76.0
20170124,22,O3_8h,晋中,40.0
20170124,22,O3_8h_24h,晋中,50.0
20170124,22,CO,晋中,2.67
20170124,22,CO_24h,晋中,2.53
20170124,23,AQI,晋中,186.0
20170124,23,PM2.5,晋中,140.0
20170124,23,PM2.5_24h,晋中,130.0
20170124,23,PM10,晋中,199.0
20170124,23,PM10_24h,晋中,190.0
20170124,23,SO2,晋中,214.0
20170124,23,SO2_24h,晋中,252.0
20170124,23,NO2,晋中,66.0
20170124,23,NO2_24h,晋中,59.0
20170124,23,O3,晋中,9.0
20170124,23,O3_24h,晋中,76.0
20170124,23,O3_8h,晋中,35.0
20170124,23,O3_8h_24h,晋中,50.0
20170124,23,CO,晋中,2.9
20170124,23,CO_24h,晋中,2.57
20170124,0,AQI,运城,238.0
20170124,0,PM2.5,运城,188.0
20170124,0,PM2.5_24h,运城,181.0
20170124,0,PM10,运城,268.0
20170124,0,PM10_24h,运城,252.0
20170124,0,SO2,运城,132.0
20170124,0,SO2_24h,运城,189.0
20170124,0,NO2,运城,78.0
20170124,0,NO2_24h,运城,85.0
20170124,0,O3,运城,35.0
20170124,0,O3_24h,运城,84.0
20170124,0,O3_8h,运城,39.0
20170124,0,O3_8h_24h,运城,60.0
20170124,0,CO,运城,2.88
20170124,0,CO_24h,运城,4.57
20170124,1,AQI,运城,235.0
20170124,1,PM2.5,运城,185.0
20170124,1,PM2.5_24h,运城,182.0
20170124,1,PM10,运城,254.0
20170124,1,PM10_24h,运城,253.0
20170124,1,SO2,运城,118.0
20170124,1,SO2_24h,运城,187.0
20170124,1,NO2,运城,75.0
20170124,1,NO2_24h,运城,85.0
20170124,1,O3,运城,38.0
20170124,1,O3_24h,运城,84.0
20170124,1,O3_8h,运城,38.0
20170124,1,O3_8h_24h,运城,38.0
20170124,1,CO,运城,2.83
20170124,1,CO_24h,运城,4.53
20170124,2,AQI,运城,236.0
20170124,2,PM2.5,运城,186.0
20170124,2,PM2.5_24h,运城,183.0
20170124,2,PM10,运城,252.0
20170124,2,PM10_24h,运城,254.0
20170124,2,SO2,运城,149.0
20170124,2,SO2_24h,运城,188.0
20170124,2,NO2,运城,79.0
20170124,2,NO2_24h,运城,85.0
20170124,2,O3,运城,29.0
20170124,2,O3_24h,运城,84.0
20170124,2,O3_8h,运城,34.0
20170124,2,O3_8h_24h,运城,38.0
20170124,2,CO,运城,3.05
20170124,2,CO_24h,运城,4.4
20170124,3,AQI,运城,245.0
20170124,3,PM2.5,运城,195.0
20170124,3,PM2.5_24h,运城,186.0
20170124,3,PM10,运城,263.0
20170124,3,PM10_24h,运城,256.0
20170124,3,SO2,运城,150.0
20170124,3,SO2_24h,运城,188.0
20170124,3,NO2,运城,78.0
20170124,3,NO2_24h,运城,84.0
20170124,3,O3,运城,25.0
20170124,3,O3_24h,运城,84.0
20170124,3,O3_8h,运城,31.0
20170124,3,O3_8h_24h,运城,38.0
20170124,3,CO,运城,3.17
20170124,3,CO_24h,运城,4.28
20170124,4,AQI,运城,259.0
20170124,4,PM2.5,运城,209.0
20170124,4,PM2.5_24h,运城,188.0
20170124,4,PM10,运城,277.0
20170124,4,PM10_24h,运城,258.0
20170124,4,SO2,运城,138.0
20170124,4,SO2_24h,运城,187.0
20170124,4,NO2,运城,81.0
20170124,4,NO2_24h,运城,84.0
20170124,4,O3,运城,20.0
20170124,4,O3_24h,运城,84.0
20170124,4,O3_8h,运城,28.0
20170124,4,O3_8h_24h,运城,38.0
20170124,4,CO,运城,3.35
20170124,4,CO_24h,运城,4.17
20170124,5,AQI,运城,265.0
20170124,5,PM2.5,运城,215.0
20170124,5,PM2.5_24h,运城,190.0
20170124,5,PM10,运城,287.0
20170124,5,PM10_24h,运城,261.0
20170124,5,SO2,运城,155.0
20170124,5,SO2_24h,运城,187.0
20170124,5,NO2,运城,76.0
20170124,5,NO2_24h,运城,84.0
20170124,5,O3,运城,20.0
20170124,5,O3_24h,运城,84.0
20170124,5,O3_8h,运城,27.0
20170124,5,O3_8h_24h,运城,38.0
20170124,5,CO,运城,3.63
20170124,5,CO_24h,运城,4.03
20170124,6,AQI,运城,271.0
20170124,6,PM2.5,运城,221.0
20170124,6,PM2.5_24h,运城,193.0
20170124,6,PM10,运城,292.0
20170124,6,PM10_24h,运城,264.0
20170124,6,SO2,运城,131.0
20170124,6,SO2_24h,运城,186.0
20170124,6,NO2,运城,74.0
20170124,6,NO2_24h,运城,84.0
20170124,6,O3,运城,18.0
20170124,6,O3_24h,运城,84.0
20170124,6,O3_8h,运城,25.0
20170124,6,O3_8h_24h,运城,38.0
20170124,6,CO,运城,3.3
20170124,6,CO_24h,运城,3.9
20170124,7,AQI,运城,273.0
20170124,7,PM2.5,运城,223.0
20170124,7,PM2.5_24h,运城,195.0
20170124,7,PM10,运城,292.0
20170124,7,PM10_24h,运城,266.0
20170124,7,SO2,运城,130.0
20170124,7,SO2_24h,运城,184.0
20170124,7,NO2,运城,79.0
20170124,7,NO2_24h,运城,84.0
20170124,7,O3,运城,13.0
20170124,7,O3_24h,运城,84.0
20170124,7,O3_8h,运城,23.0
20170124,7,O3_8h_24h,运城,38.0
20170124,7,CO,运城,3.85
20170124,7,CO_24h,运城,3.83
20170124,8,AQI,运城,281.0
20170124,8,PM2.5,运城,231.0
20170124,8,PM2.5_24h,运城,197.0
20170124,8,PM10,运城,294.0
20170124,8,PM10_24h,运城,268.0
20170124,8,SO2,运城,156.0
20170124,8,SO2_24h,运城,182.0
20170124,8,NO2,运城,83.0
20170124,8,NO2_24h,运城,84.0
20170124,8,O3,运城,10.0
20170124,8,O3_24h,运城,84.0
20170124,8,O3_8h,运城,21.0
20170124,8,O3_8h_24h,运城,38.0
20170124,8,CO,运城,4.32
20170124,8,CO_24h,运城,3.75
20170124,9,AQI,运城,287.0
20170124,9,PM2.5,运城,237.0
20170124,9,PM2.5_24h,运城,199.0
20170124,9,PM10,运城,303.0
20170124,9,PM10_24h,运城,270.0
20170124,9,SO2,运城,181.0
20170124,9,SO2_24h,运城,180.0
20170124,9,NO2,运城,88.0
20170124,9,NO2_24h,运城,85.0
20170124,9,O3,运城,11.0
20170124,9,O3_24h,运城,84.0
20170124,9,O3_8h,运城,18.0
20170124,9,O3_8h_24h,运城,38.0
20170124,9,CO,运城,4.95
20170124,9,CO_24h,运城,3.67
20170124,10,AQI,运城,312.0
20170124,10,PM2.5,运城,262.0
20170124,10,PM2.5_24h,运城,201.0
20170124,10,PM10,运城,339.0
20170124,10,PM10_24h,运城,271.0
20170124,10,SO2,运城,125.0
20170124,10,SO2_24h,运城,175.0
20170124,10,NO2,运城,76.0
20170124,10,NO2_24h,运城,85.0
20170124,10,O3,运城,21.0
20170124,10,O3_24h,运城,84.0
20170124,10,O3_8h,运城,17.0
20170124,10,O3_8h_24h,运城,38.0
20170124,10,CO,运城,3.27
20170124,10,CO_24h,运城,3.52
20170124,11,AQI,运城,299.0
20170124,11,PM2.5,运城,249.0
20170124,11,PM2.5_24h,运城,201.0
20170124,11,PM10,运城,348.0
20170124,11,PM10_24h,运城,271.0
20170124,11,SO2,运城,96.0
20170124,11,SO2_24h,运城,169.0
20170124,11,NO2,运城,61.0
20170124,11,NO2_24h,运城,84.0
20170124,11,O3,运城,35.0
20170124,11,O3_24h,运城,84.0
20170124,11,O3_8h,运城,18.0
20170124,11,O3_8h_24h,运城,38.0
20170124,11,CO,运城,2.72
20170124,11,CO_24h,运城,3.45
20170124,12,AQI,运城,275.0
20170124,12,PM2.5,运城,225.0
20170124,12,PM2.5_24h,运城,200.0
20170124,12,PM10,运城,307.0
20170124,12,PM10_24h,运城,271.0
20170124,12,SO2,运城,76.0
20170124,12,SO2_24h,运城,163.0
20170124,12,NO2,运城,44.0
20170124,12,NO2_24h,运城,82.0
20170124,12,O3,运城,52.0
20170124,12,O3_24h,运城,84.0
20170124,12,O3_8h,运城,22.0
20170124,12,O3_8h_24h,运城,39.0
20170124,12,CO,运城,2.15
20170124,12,CO_24h,运城,3.35
20170124,13,AQI,运城,210.0
20170124,13,PM2.5,运城,160.0
20170124,13,PM2.5_24h,运城,197.0
20170124,13,PM10,运城,231.0
20170124,13,PM10_24h,运城,268.0
20170124,13,SO2,运城,124.0
20170124,13,SO2_24h,运城,158.0
20170124,13,NO2,运城,36.0
20170124,13,NO2_24h,运城,80.0
20170124,13,O3,运城,68.0
20170124,13,O3_24h,运城,84.0
20170124,13,O3_8h,运城,28.0
20170124,13,O3_8h_24h,运城,41.0
20170124,13,CO,运城,1.9
20170124,13,CO_24h,运城,3.3
20170124,14,AQI,运城,205.0
20170124,14,PM2.5,运城,155.0
20170124,14,PM2.5_24h,运城,195.0
20170124,14,PM10,运城,226.0
20170124,14,PM10_24h,运城,266.0
20170124,14,SO2,运城,75.0
20170124,14,SO2_24h,运城,153.0
20170124,14,NO2,运城,34.0
20170124,14,NO2_24h,运城,78.0
20170124,14,O3,运城,80.0
20170124,14,O3_24h,运城,85.0
20170124,14,O3_8h,运城,36.0
20170124,14,O3_8h_24h,运城,43.0
20170124,14,CO,运城,1.85
20170124,14,CO_24h,运城,3.22
20170124,15,AQI,运城,205.0
20170124,15,PM2.5,运城,155.0
20170124,15,PM2.5_24h,运城,194.0
20170124,15,PM10,运城,218.0
20170124,15,PM10_24h,运城,265.0
20170124,15,SO2,运城,54.0
20170124,15,SO2_24h,运城,147.0
20170124,15,NO2,运城,33.0
20170124,15,NO2_24h,运城,77.0
20170124,15,O3,运城,89.0
20170124,15,O3_24h,运城,89.0
20170124,15,O3_8h,运城,46.0
20170124,15,O3_8h_24h,运城,48.0
20170124,15,CO,运城,1.82
20170124,15,CO_24h,运城,3.15
20170124,16,AQI,运城,189.0
20170124,16,PM2.5,运城,142.0
20170124,16,PM2.5_24h,运城,192.0
20170124,16,PM10,运城,207.0
20170124,16,PM10_24h,运城,263.0
20170124,16,SO2,运城,67.0
20170124,16,SO2_24h,运城,142.0
20170124,16,NO2,运城,33.0
20170124,16,NO2_24h,运城,75.0
20170124,16,O3,运城,95.0
20170124,16,O3_24h,运城,95.0
20170124,16,O3_8h,运城,56.0
20170124,16,O3_8h_24h,运城,56.0
20170124,16,CO,运城,1.8
20170124,16,CO_24h,运城,3.13
20170124,17,AQI,运城,199.0
20170124,17,PM2.5,运城,149.0
20170124,17,PM2.5_24h,运城,192.0
20170124,17,PM10,运城,216.0
20170124,17,PM10_24h,运城,262.0
20170124,17,SO2,运城,76.0
20170124,17,SO2_24h,运城,138.0
20170124,17,NO2,运城,36.0
20170124,17,NO2_24h,运城,74.0
20170124,17,O3,运城,91.0
20170124,17,O3_24h,运城,95.0
20170124,17,O3_8h,运城,66.0
20170124,17,O3_8h_24h,运城,66.0
20170124,17,CO,运城,1.85
20170124,17,CO_24h,运城,3.08
20170124,18,AQI,运城,200.0
20170124,18,PM2.5,运城,150.0
20170124,18,PM2.5_24h,运城,192.0
20170124,18,PM10,运城,217.0
20170124,18,PM10_24h,运城,262.0
20170124,18,SO2,运城,80.0
20170124,18,SO2_24h,运城,133.0
20170124,18,NO2,运城,46.0
20170124,18,NO2_24h,运城,72.0
20170124,18,O3,运城,79.0
20170124,18,O3_24h,运城,95.0
20170124,18,O3_8h,运城,74.0
20170124,18,O3_8h_24h,运城,74.0
20170124,18,CO,运城,1.93
20170124,18,CO_24h,运城,3.0
20170124,19,AQI,运城,208.0
20170124,19,PM2.5,运城,158.0
20170124,19,PM2.5_24h,运城,193.0
20170124,19,PM10,运城,225.0
20170124,19,PM10_24h,运城,263.0
20170124,19,SO2,运城,103.0
20170124,19,SO2_24h,运城,127.0
20170124,19,NO2,运城,64.0
20170124,19,NO2_24h,运城,69.0
20170124,19,O3,运城,61.0
20170124,19,O3_24h,运城,95.0
20170124,19,O3_8h,运城,77.0
20170124,19,O3_8h_24h,运城,77.0
20170124,19,CO,运城,2.1
20170124,19,CO_24h,运城,2.93
20170124,20,AQI,运城,218.0
20170124,20,PM2.5,运城,168.0
20170124,20,PM2.5_24h,运城,192.0
20170124,20,PM10,运城,260.0
20170124,20,PM10_24h,运城,265.0
20170124,20,SO2,运城,81.0
20170124,20,SO2_24h,运城,121.0
20170124,20,NO2,运城,54.0
20170124,20,NO2_24h,运城,67.0
20170124,20,O3,运城,68.0
20170124,20,O3_24h,运城,95.0
20170124,20,O3_8h,运城,79.0
20170124,20,O3_8h_24h,运城,79.0
20170124,20,CO,运城,1.98
20170124,20,CO_24h,运城,2.85
20170124,21,AQI,运城,219.0
20170124,21,PM2.5,运城,169.0
20170124,21,PM2.5_24h,运城,192.0
20170124,21,PM10,运城,246.0
20170124,21,PM10_24h,运城,264.0
20170124,21,SO2,运城,98.0
20170124,21,SO2_24h,运城,117.0
20170124,21,NO2,运城,64.0
20170124,21,NO2_24h,运城,65.0
20170124,21,O3,运城,54.0
20170124,21,O3_24h,运城,95.0
20170124,21,O3_8h,运城,77.0
20170124,21,O3_8h_24h,运城,79.0
20170124,21,CO,运城,2.15
20170124,21,CO_24h,运城,2.77
20170124,22,AQI,运城,218.0
20170124,22,PM2.5,运城,168.0
20170124,22,PM2.5_24h,运城,190.0
20170124,22,PM10,运城,250.0
20170124,22,PM10_24h,运城,263.0
20170124,22,SO2,运城,115.0
20170124,22,SO2_24h,运城,114.0
20170124,22,NO2,运城,73.0
20170124,22,NO2_24h,运城,64.0
20170124,22,O3,运城,41.0
20170124,22,O3_24h,运城,95.0
20170124,22,O3_8h,运城,72.0
20170124,22,O3_8h_24h,运城,79.0
20170124,22,CO,运城,2.55
20170124,22,CO_24h,运城,2.75
20170124,23,AQI,运城,223.0
20170124,23,PM2.5,运城,173.0
20170124,23,PM2.5_24h,运城,189.0
20170124,23,PM10,运城,244.0
20170124,23,PM10_24h,运城,261.0
20170124,23,SO2,运城,111.0
20170124,23,SO2_24h,运城,113.0
20170124,23,NO2,运城,72.0
20170124,23,NO2_24h,运城,63.0
20170124,23,O3,运城,37.0
20170124,23,O3_24h,运城,95.0
20170124,23,O3_8h,运城,66.0
20170124,23,O3_8h_24h,运城,79.0
20170124,23,CO,运城,2.73
20170124,23,CO_24h,运城,2.75
20170124,0,AQI,忻州,253.0
20170124,0,PM2.5,忻州,203.0
20170124,0,PM2.5_24h,忻州,141.0
20170124,0,PM10,忻州,268.0
20170124,0,PM10_24h,忻州,196.0
20170124,0,SO2,忻州,188.0
20170124,0,SO2_24h,忻州,139.0
20170124,0,NO2,忻州,71.0
20170124,0,NO2_24h,忻州,60.0
20170124,0,O3,忻州,12.0
20170124,0,O3_24h,忻州,51.0
20170124,0,O3_8h,忻州,15.0
20170124,0,O3_8h_24h,忻州,37.0
20170124,0,CO,忻州,3.1
20170124,0,CO_24h,忻州,2.15
20170124,1,AQI,忻州,318.0
20170124,1,PM2.5,忻州,268.0
20170124,1,PM2.5_24h,忻州,145.0
20170124,1,PM10,忻州,340.0
20170124,1,PM10_24h,忻州,197.0
20170124,1,SO2,忻州,194.0
20170124,1,SO2_24h,忻州,143.0
20170124,1,NO2,忻州,81.0
20170124,1,NO2_24h,忻州,61.0
20170124,1,O3,忻州,10.0
20170124,1,O3_24h,忻州,51.0
20170124,1,O3_8h,忻州,10.0
20170124,1,O3_8h_24h,忻州,10.0
20170124,1,CO,忻州,2.85
20170124,1,CO_24h,忻州,2.2
20170124,2,AQI,忻州,303.0
20170124,2,PM2.5,忻州,253.0
20170124,2,PM2.5_24h,忻州,148.0
20170124,2,PM10,忻州,318.0
20170124,2,PM10_24h,忻州,201.0
20170124,2,SO2,忻州,146.0
20170124,2,SO2_24h,忻州,146.0
20170124,2,NO2,忻州,66.0
20170124,2,NO2_24h,忻州,61.0
20170124,2,O3,忻州,9.0
20170124,2,O3_24h,忻州,51.0
20170124,2,O3_8h,忻州,10.0
20170124,2,O3_8h_24h,忻州,10.0
20170124,2,CO,忻州,2.45
20170124,2,CO_24h,忻州,2.2
20170124,3,AQI,忻州,267.0
20170124,3,PM2.5,忻州,217.0
20170124,3,PM2.5_24h,忻州,150.0
20170124,3,PM10,忻州,303.0
20170124,3,PM10_24h,忻州,205.0
20170124,3,SO2,忻州,145.0
20170124,3,SO2_24h,忻州,148.0
20170124,3,NO2,忻州,68.0
20170124,3,NO2_24h,忻州,62.0
20170124,3,O3,忻州,7.0
20170124,3,O3_24h,忻州,51.0
20170124,3,O3_8h,忻州,9.0
20170124,3,O3_8h_24h,忻州,10.0
20170124,3,CO,忻州,2.45
20170124,3,CO_24h,忻州,2.2
20170124,4,AQI,忻州,272.0
20170124,4,PM2.5,忻州,222.0
20170124,4,PM2.5_24h,忻州,152.0
20170124,4,PM10,忻州,255.0
20170124,4,PM10_24h,忻州,207.0
20170124,4,SO2,忻州,134.0
20170124,4,SO2_24h,忻州,150.0
20170124,4,NO2,忻州,65.0
20170124,4,NO2_24h,忻州,62.0
20170124,4,O3,忻州,7.0
20170124,4,O3_24h,忻州,51.0
20170124,4,O3_8h,忻州,8.0
20170124,4,O3_8h_24h,忻州,10.0
20170124,4,CO,忻州,2.45
20170124,4,CO_24h,忻州,2.2
20170124,5,AQI,忻州,255.0
20170124,5,PM2.5,忻州,205.0
20170124,5,PM2.5_24h,忻州,155.0
20170124,5,PM10,忻州,245.0
20170124,5,PM10_24h,忻州,208.0
20170124,5,SO2,忻州,136.0
20170124,5,SO2_24h,忻州,153.0
20170124,5,NO2,忻州,65.0
20170124,5,NO2_24h,忻州,62.0
20170124,5,O3,忻州,6.0
20170124,5,O3_24h,忻州,51.0
20170124,5,O3_8h,忻州,8.0
20170124,5,O3_8h_24h,忻州,10.0
20170124,5,CO,忻州,2.65
20170124,5,CO_24h,忻州,2.3
20170124,6,AQI,忻州,208.0
20170124,6,PM2.5,忻州,158.0
20170124,6,PM2.5_24h,忻州,156.0
20170124,6,PM10,忻州,207.0
20170124,6,PM10_24h,忻州,210.0
20170124,6,SO2,忻州,133.0
20170124,6,SO2_24h,忻州,156.0
20170124,6,NO2,忻州,59.0
20170124,6,NO2_24h,忻州,63.0
20170124,6,O3,忻州,7.0
20170124,6,O3_24h,忻州,51.0
20170124,6,O3_8h,忻州,8.0
20170124,6,O3_8h_24h,忻州,10.0
20170124,6,CO,忻州,2.7
20170124,6,CO_24h,忻州,2.3
20170124,7,AQI,忻州,191.0
20170124,7,PM2.5,忻州,144.0
20170124,7,PM2.5_24h,忻州,158.0
20170124,7,PM10,忻州,198.0
20170124,7,PM10_24h,忻州,213.0
20170124,7,SO2,忻州,119.0
20170124,7,SO2_24h,忻州,159.0
20170124,7,NO2,忻州,57.0
20170124,7,NO2_24h,忻州,64.0
20170124,7,O3,忻州,6.0
20170124,7,O3_24h,忻州,51.0
20170124,7,O3_8h,忻州,8.0
20170124,7,O3_8h_24h,忻州,10.0
20170124,7,CO,忻州,2.75
20170124,7,CO_24h,忻州,2.3
20170124,8,AQI,忻州,225.0
20170124,8,PM2.5,忻州,175.0
20170124,8,PM2.5_24h,忻州,161.0
20170124,8,PM10,忻州,213.0
20170124,8,PM10_24h,忻州,216.0
20170124,8,SO2,忻州,140.0
20170124,8,SO2_24h,忻州,161.0
20170124,8,NO2,忻州,52.0
20170124,8,NO2_24h,忻州,64.0
20170124,8,O3,忻州,9.0
20170124,8,O3_24h,忻州,51.0
20170124,8,O3_8h,忻州,8.0
20170124,8,O3_8h_24h,忻州,10.0
20170124,8,CO,忻州,3.25
20170124,8,CO_24h,忻州,2.3
20170124,9,AQI,忻州,273.0
20170124,9,PM2.5,忻州,223.0
20170124,9,PM2.5_24h,忻州,166.0
20170124,9,PM10,忻州,244.0
20170124,9,PM10_24h,忻州,220.0
20170124,9,SO2,忻州,164.0
20170124,9,SO2_24h,忻州,162.0
20170124,9,NO2,忻州,53.0
20170124,9,NO2_24h,忻州,64.0
20170124,9,O3,忻州,15.0
20170124,9,O3_24h,忻州,51.0
20170124,9,O3_8h,忻州,8.0
20170124,9,O3_8h_24h,忻州,10.0
20170124,9,CO,忻州,3.25
20170124,9,CO_24h,忻州,2.35
20170124,10,AQI,忻州,271.0
20170124,10,PM2.5,忻州,221.0
20170124,10,PM2.5_24h,忻州,170.0
20170124,10,PM10,忻州,306.0
20170124,10,PM10_24h,忻州,223.0
20170124,10,SO2,忻州,186.0
20170124,10,SO2_24h,忻州,163.0
20170124,10,NO2,忻州,58.0
20170124,10,NO2_24h,忻州,64.0
20170124,10,O3,忻州,14.0
20170124,10,O3_24h,忻州,51.0
20170124,10,O3_8h,忻州,9.0
20170124,10,O3_8h_24h,忻州,10.0
20170124,10,CO,忻州,3.1
20170124,10,CO_24h,忻州,2.35
20170124,11,AQI,忻州,269.0
20170124,11,PM2.5,忻州,219.0
20170124,11,PM2.5_24h,忻州,171.0
20170124,11,PM10,忻州,286.0
20170124,11,PM10_24h,忻州,225.0
20170124,11,SO2,忻州,206.0
20170124,11,SO2_24h,忻州,164.0
20170124,11,NO2,忻州,61.0
20170124,11,NO2_24h,忻州,64.0
20170124,11,O3,忻州,18.0
20170124,11,O3_24h,忻州,51.0
20170124,11,O3_8h,忻州,10.0
20170124,11,O3_8h_24h,忻州,10.0
20170124,11,CO,忻州,2.65
20170124,11,CO_24h,忻州,2.4
20170124,12,AQI,忻州,274.0
20170124,12,PM2.5,忻州,224.0
20170124,12,PM2.5_24h,忻州,172.0
20170124,12,PM10,忻州,293.0
20170124,12,PM10_24h,忻州,228.0
20170124,12,SO2,忻州,214.0
20170124,12,SO2_24h,忻州,164.0
20170124,12,NO2,忻州,55.0
20170124,12,NO2_24h,忻州,64.0
20170124,12,O3,忻州,27.0
20170124,12,O3_24h,忻州,51.0
20170124,12,O3_8h,忻州,13.0
20170124,12,O3_8h_24h,忻州,13.0
20170124,12,CO,忻州,2.3
20170124,12,CO_24h,忻州,2.4
20170124,13,AQI,忻州,274.0
20170124,13,PM2.5,忻州,224.0
20170124,13,PM2.5_24h,忻州,173.0
20170124,13,PM10,忻州,280.0
20170124,13,PM10_24h,忻州,231.0
20170124,13,SO2,忻州,253.0
20170124,13,SO2_24h,忻州,168.0
20170124,13,NO2,忻州,49.0
20170124,13,NO2_24h,忻州,64.0
20170124,13,O3,忻州,41.0
20170124,13,O3_24h,忻州,51.0
20170124,13,O3_8h,忻州,17.0
20170124,13,O3_8h_24h,忻州,17.0
20170124,13,CO,忻州,2.0
20170124,13,CO_24h,忻州,2.35
20170124,14,AQI,忻州,250.0
20170124,14,PM2.5,忻州,200.0
20170124,14,PM2.5_24h,忻州,178.0
20170124,14,PM10,忻州,256.0
20170124,14,PM10_24h,忻州,233.0
20170124,14,SO2,忻州,238.0
20170124,14,SO2_24h,忻州,171.0
20170124,14,NO2,忻州,41.0
20170124,14,NO2_24h,忻州,64.0
20170124,14,O3,忻州,59.0
20170124,14,O3_24h,忻州,59.0
20170124,14,O3_8h,忻州,24.0
20170124,14,O3_8h_24h,忻州,24.0
20170124,14,CO,忻州,1.65
20170124,14,CO_24h,忻州,2.35
20170124,15,AQI,忻州,193.0
20170124,15,PM2.5,忻州,145.0
20170124,15,PM2.5_24h,忻州,181.0
20170124,15,PM10,忻州,226.0
20170124,15,PM10_24h,忻州,236.0
20170124,15,SO2,忻州,181.0
20170124,15,SO2_24h,忻州,173.0
20170124,15,NO2,忻州,38.0
20170124,15,NO2_24h,忻州,64.0
20170124,15,O3,忻州,67.0
20170124,15,O3_24h,忻州,67.0
20170124,15,O3_8h,忻州,31.0
20170124,15,O3_8h_24h,忻州,31.0
20170124,15,CO,忻州,1.45
20170124,15,CO_24h,忻州,2.35
20170124,16,AQI,忻州,187.0
20170124,16,PM2.5,忻州,141.0
20170124,16,PM2.5_24h,忻州,183.0
20170124,16,PM10,忻州,194.0
20170124,16,PM10_24h,忻州,238.0
20170124,16,SO2,忻州,162.0
20170124,16,SO2_24h,忻州,172.0
20170124,16,NO2,忻州,36.0
20170124,16,NO2_24h,忻州,63.0
20170124,16,O3,忻州,74.0
20170124,16,O3_24h,忻州,74.0
20170124,16,O3_8h,忻州,39.0
20170124,16,O3_8h_24h,忻州,39.0
20170124,16,CO,忻州,1.35
20170124,16,CO_24h,忻州,2.35
20170124,17,AQI,忻州,181.0
20170124,17,PM2.5,忻州,137.0
20170124,17,PM2.5_24h,忻州,184.0
20170124,17,PM10,忻州,167.0
20170124,17,PM10_24h,忻州,239.0
20170124,17,SO2,忻州,158.0
20170124,17,SO2_24h,忻州,172.0
20170124,17,NO2,忻州,44.0
20170124,17,NO2_24h,忻州,63.0
20170124,17,O3,忻州,68.0
20170124,17,O3_24h,忻州,74.0
20170124,17,O3_8h,忻州,46.0
20170124,17,O3_8h_24h,忻州,46.0
20170124,17,CO,忻州,1.5
20170124,17,CO_24h,忻州,2.35
20170124,18,AQI,忻州,189.0
20170124,18,PM2.5,忻州,142.0
20170124,18,PM2.5_24h,忻州,184.0
20170124,18,PM10,忻州,153.0
20170124,18,PM10_24h,忻州,239.0
20170124,18,SO2,忻州,202.0
20170124,18,SO2_24h,忻州,173.0
20170124,18,NO2,忻州,72.0
20170124,18,NO2_24h,忻州,62.0
20170124,18,O3,忻州,43.0
20170124,18,O3_24h,忻州,74.0
20170124,18,O3_8h,忻州,50.0
20170124,18,O3_8h_24h,忻州,50.0
20170124,18,CO,忻州,2.15
20170124,18,CO_24h,忻州,2.4
20170124,19,AQI,忻州,207.0
20170124,19,PM2.5,忻州,157.0
20170124,19,PM2.5_24h,忻州,186.0
20170124,19,PM10,忻州,172.0
20170124,19,PM10_24h,忻州,239.0
20170124,19,SO2,忻州,200.0
20170124,19,SO2_24h,忻州,173.0
20170124,19,NO2,忻州,107.0
20170124,19,NO2_24h,忻州,62.0
20170124,19,O3,忻州,15.0
20170124,19,O3_24h,忻州,74.0
20170124,19,O3_8h,忻州,49.0
20170124,19,O3_8h_24h,忻州,50.0
20170124,19,CO,忻州,2.3
20170124,19,CO_24h,忻州,2.4
20170124,20,AQI,忻州,212.0
20170124,20,PM2.5,忻州,162.0
20170124,20,PM2.5_24h,忻州,187.0
20170124,20,PM10,忻州,192.0
20170124,20,PM10_24h,忻州,239.0
20170124,20,SO2,忻州,188.0
20170124,20,SO2_24h,忻州,174.0
20170124,20,NO2,忻州,91.0
20170124,20,NO2_24h,忻州,62.0
20170124,20,O3,忻州,15.0
20170124,20,O3_24h,忻州,74.0
20170124,20,O3_8h,忻州,48.0
20170124,20,O3_8h_24h,忻州,50.0
20170124,20,CO,忻州,2.8
20170124,20,CO_24h,忻州,2.45
20170124,21,AQI,忻州,202.0
20170124,21,PM2.5,忻州,152.0
20170124,21,PM2.5_24h,忻州,189.0
20170124,21,PM10,忻州,204.0
20170124,21,PM10_24h,忻州,238.0
20170124,21,SO2,忻州,188.0
20170124,21,SO2_24h,忻州,174.0
20170124,21,NO2,忻州,80.0
20170124,21,NO2_24h,忻州,63.0
20170124,21,O3,忻州,16.0
20170124,21,O3_24h,忻州,74.0
20170124,21,O3_8h,忻州,45.0
20170124,21,O3_8h_24h,忻州,50.0
20170124,21,CO,忻州,2.8
20170124,21,CO_24h,忻州,2.45
20170124,22,AQI,忻州,148.0
20170124,22,PM2.5,忻州,113.0
20170124,22,PM2.5_24h,忻州,187.0
20170124,22,PM10,忻州,197.0
20170124,22,PM10_24h,忻州,237.0
20170124,22,SO2,忻州,184.0
20170124,22,SO2_24h,忻州,176.0
20170124,22,NO2,忻州,89.0
20170124,22,NO2_24h,忻州,63.0
20170124,22,O3,忻州,13.0
20170124,22,O3_24h,忻州,74.0
20170124,22,O3_8h,忻州,39.0
20170124,22,O3_8h_24h,忻州,50.0
20170124,22,CO,忻州,2.3
20170124,22,CO_24h,忻州,2.45
20170124,23,AQI,忻州,177.0
20170124,23,PM2.5,忻州,134.0
20170124,23,PM2.5_24h,忻州,185.0
20170124,23,PM10,忻州,192.0
20170124,23,PM10_24h,忻州,234.0
20170124,23,SO2,忻州,225.0
20170124,23,SO2_24h,忻州,178.0
20170124,23,NO2,忻州,98.0
20170124,23,NO2_24h,忻州,65.0
20170124,23,O3,忻州,10.0
20170124,23,O3_24h,忻州,74.0
20170124,23,O3_8h,忻州,32.0
20170124,23,O3_8h_24h,忻州,50.0
20170124,23,CO,忻州,3.5
20170124,23,CO_24h,忻州,2.5
20170124,0,AQI,吕梁,193.0
20170124,0,PM2.5,吕梁,145.0
20170124,0,PM2.5_24h,吕梁,97.0
20170124,0,PM10,吕梁,221.0
20170124,0,PM10_24h,吕梁,157.0
20170124,0,SO2,吕梁,215.0
20170124,0,SO2_24h,吕梁,180.0
20170124,0,NO2,吕梁,48.0
20170124,0,NO2_24h,吕梁,42.0
20170124,0,O3,吕梁,5.0
20170124,0,O3_24h,吕梁,67.0
20170124,0,O3_8h,吕梁,16.0
20170124,0,O3_8h_24h,吕梁,44.0
20170124,0,CO,吕梁,2.5
20170124,0,CO_24h,吕梁,2.2
20170124,1,AQI,吕梁,183.0
20170124,1,PM2.5,吕梁,138.0
20170124,1,PM2.5_24h,吕梁,99.0
20170124,1,PM10,吕梁,202.0
20170124,1,PM10_24h,吕梁,158.0
20170124,1,SO2,吕梁,190.0
20170124,1,SO2_24h,吕梁,182.0
20170124,1,NO2,吕梁,46.0
20170124,1,NO2_24h,吕梁,43.0
20170124,1,O3,吕梁,6.0
20170124,1,O3_24h,吕梁,67.0
20170124,1,O3_8h,吕梁,6.0
20170124,1,O3_8h_24h,吕梁,6.0
20170124,1,CO,吕梁,2.4
20170124,1,CO_24h,吕梁,2.25
20170124,2,AQI,吕梁,169.0
20170124,2,PM2.5,吕梁,128.0
20170124,2,PM2.5_24h,吕梁,100.0
20170124,2,PM10,吕梁,198.0
20170124,2,PM10_24h,吕梁,160.0
20170124,2,SO2,吕梁,167.0
20170124,2,SO2_24h,吕梁,183.0
20170124,2,NO2,吕梁,42.0
20170124,2,NO2_24h,吕梁,43.0
20170124,2,O3,吕梁,5.0
20170124,2,O3_24h,吕梁,67.0
20170124,2,O3_8h,吕梁,6.0
20170124,2,O3_8h_24h,吕梁,6.0
20170124,2,CO,吕梁,2.5
20170124,2,CO_24h,吕梁,2.25
20170124,3,AQI,吕梁,166.0
20170124,3,PM2.5,吕梁,126.0
20170124,3,PM2.5_24h,吕梁,100.0
20170124,3,PM10,吕梁,197.0
20170124,3,PM10_24h,吕梁,161.0
20170124,3,SO2,吕梁,142.0
20170124,3,SO2_24h,吕梁,184.0
20170124,3,NO2,吕梁,40.0
20170124,3,NO2_24h,吕梁,43.0
20170124,3,O3,吕梁,6.0
20170124,3,O3_24h,吕梁,67.0
20170124,3,O3_8h,吕梁,6.0
20170124,3,O3_8h_24h,吕梁,6.0
20170124,3,CO,吕梁,2.3
20170124,3,CO_24h,吕梁,2.3
20170124,4,AQI,吕梁,150.0
20170124,4,PM2.5,吕梁,115.0
20170124,4,PM2.5_24h,吕梁,101.0
20170124,4,PM10,吕梁,177.0
20170124,4,PM10_24h,吕梁,162.0
20170124,4,SO2,吕梁,145.0
20170124,4,SO2_24h,吕梁,185.0
20170124,4,NO2,吕梁,40.0
20170124,4,NO2_24h,吕梁,43.0
20170124,4,O3,吕梁,5.0
20170124,4,O3_24h,吕梁,67.0
20170124,4,O3_8h,吕梁,5.0
20170124,4,O3_8h_24h,吕梁,6.0
20170124,4,CO,吕梁,2.45
20170124,4,CO_24h,吕梁,2.3
20170124,5,AQI,吕梁,136.0
20170124,5,PM2.5,吕梁,104.0
20170124,5,PM2.5_24h,吕梁,102.0
20170124,5,PM10,吕梁,158.0
20170124,5,PM10_24h,吕梁,163.0
20170124,5,SO2,吕梁,128.0
20170124,5,SO2_24h,吕梁,185.0
20170124,5,NO2,吕梁,38.0
20170124,5,NO2_24h,吕梁,43.0
20170124,5,O3,吕梁,5.0
20170124,5,O3_24h,吕梁,67.0
20170124,5,O3_8h,吕梁,5.0
20170124,5,O3_8h_24h,吕梁,6.0
20170124,5,CO,吕梁,2.45
20170124,5,CO_24h,吕梁,2.3
20170124,6,AQI,吕梁,121.0
20170124,6,PM2.5,吕梁,92.0
20170124,6,PM2.5_24h,吕梁,102.0
20170124,6,PM10,吕梁,143.0
20170124,6,PM10_24h,吕梁,163.0
20170124,6,SO2,吕梁,121.0
20170124,6,SO2_24h,吕梁,186.0
20170124,6,NO2,吕梁,37.0
20170124,6,NO2_24h,吕梁,43.0
20170124,6,O3,吕梁,5.0
20170124,6,O3_24h,吕梁,67.0
20170124,6,O3_8h,吕梁,5.0
20170124,6,O3_8h_24h,吕梁,6.0
20170124,6,CO,吕梁,2.4
20170124,6,CO_24h,吕梁,2.3
20170124,7,AQI,吕梁,121.0
20170124,7,PM2.5,吕梁,92.0
20170124,7,PM2.5_24h,吕梁,102.0
20170124,7,PM10,吕梁,130.0
20170124,7,PM10_24h,吕梁,163.0
20170124,7,SO2,吕梁,136.0
20170124,7,SO2_24h,吕梁,187.0
20170124,7,NO2,吕梁,36.0
20170124,7,NO2_24h,吕梁,43.0
20170124,7,O3,吕梁,5.0
20170124,7,O3_24h,吕梁,67.0
20170124,7,O3_8h,吕梁,5.0
20170124,7,O3_8h_24h,吕梁,6.0
20170124,7,CO,吕梁,2.4
20170124,7,CO_24h,吕梁,2.3
20170124,8,AQI,吕梁,109.0
20170124,8,PM2.5,吕梁,82.0
20170124,8,PM2.5_24h,吕梁,103.0
20170124,8,PM10,吕梁,127.0
20170124,8,PM10_24h,吕梁,163.0
20170124,8,SO2,吕梁,167.0
20170124,8,SO2_24h,吕梁,186.0
20170124,8,NO2,吕梁,36.0
20170124,8,NO2_24h,吕梁,43.0
20170124,8,O3,吕梁,6.0
20170124,8,O3_24h,吕梁,67.0
20170124,8,O3_8h,吕梁,5.0
20170124,8,O3_8h_24h,吕梁,6.0
20170124,8,CO,吕梁,2.4
20170124,8,CO_24h,吕梁,2.3
20170124,9,AQI,吕梁,110.0
20170124,9,PM2.5,吕梁,83.0
20170124,9,PM2.5_24h,吕梁,103.0
20170124,9,PM10,吕梁,128.0
20170124,9,PM10_24h,吕梁,161.0
20170124,9,SO2,吕梁,225.0
20170124,9,SO2_24h,吕梁,188.0
20170124,9,NO2,吕梁,33.0
20170124,9,NO2_24h,吕梁,43.0
20170124,9,O3,吕梁,8.0
20170124,9,O3_24h,吕梁,67.0
20170124,9,O3_8h,吕梁,6.0
20170124,9,O3_8h_24h,吕梁,6.0
20170124,9,CO,吕梁,2.65
20170124,9,CO_24h,吕梁,2.3
20170124,10,AQI,吕梁,121.0
20170124,10,PM2.5,吕梁,92.0
20170124,10,PM2.5_24h,吕梁,103.0
20170124,10,PM10,吕梁,160.0
20170124,10,PM10_24h,吕梁,161.0
20170124,10,SO2,吕梁,217.0
20170124,10,SO2_24h,吕梁,190.0
20170124,10,NO2,吕梁,35.0
20170124,10,NO2_24h,吕梁,43.0
20170124,10,O3,吕梁,11.0
20170124,10,O3_24h,吕梁,67.0
20170124,10,O3_8h,吕梁,7.0
20170124,10,O3_8h_24h,吕梁,7.0
20170124,10,CO,吕梁,2.65
20170124,10,CO_24h,吕梁,2.4
20170124,11,AQI,吕梁,143.0
20170124,11,PM2.5,吕梁,109.0
20170124,11,PM2.5_24h,吕梁,103.0
20170124,11,PM10,吕梁,200.0
20170124,11,PM10_24h,吕梁,162.0
20170124,11,SO2,吕梁,187.0
20170124,11,SO2_24h,吕梁,188.0
20170124,11,NO2,吕梁,39.0
20170124,11,NO2_24h,吕梁,43.0
20170124,11,O3,吕梁,17.0
20170124,11,O3_24h,吕梁,67.0
20170124,11,O3_8h,吕梁,8.0
20170124,11,O3_8h_24h,吕梁,8.0
20170124,11,CO,吕梁,2.45
20170124,11,CO_24h,吕梁,2.4
20170124,12,AQI,吕梁,146.0
20170124,12,PM2.5,吕梁,112.0
20170124,12,PM2.5_24h,吕梁,104.0
20170124,12,PM10,吕梁,200.0
20170124,12,PM10_24h,吕梁,164.0
20170124,12,SO2,吕梁,212.0
20170124,12,SO2_24h,吕梁,186.0
20170124,12,NO2,吕梁,43.0
20170124,12,NO2_24h,吕梁,44.0
20170124,12,O3,吕梁,26.0
20170124,12,O3_24h,吕梁,67.0
20170124,12,O3_8h,吕梁,11.0
20170124,12,O3_8h_24h,吕梁,11.0
20170124,12,CO,吕梁,2.25
20170124,12,CO_24h,吕梁,2.4
20170124,13,AQI,吕梁,139.0
20170124,13,PM2.5,吕梁,106.0
20170124,13,PM2.5_24h,吕梁,104.0
20170124,13,PM10,吕梁,145.0
20170124,13,PM10_24h,吕梁,164.0
20170124,13,SO2,吕梁,282.0
20170124,13,SO2_24h,吕梁,186.0
20170124,13,NO2,吕梁,46.0
20170124,13,NO2_24h,吕梁,44.0
20170124,13,O3,吕梁,38.0
20170124,13,O3_24h,吕梁,67.0
20170124,13,O3_8h,吕梁,15.0
20170124,13,O3_8h_24h,吕梁,15.0
20170124,13,CO,吕梁,2.25
20170124,13,CO_24h,吕梁,2.45
20170124,14,AQI,吕梁,126.0
20170124,14,PM2.5,吕梁,96.0
20170124,14,PM2.5_24h,吕梁,105.0
20170124,14,PM10,吕梁,137.0
20170124,14,PM10_24h,吕梁,165.0
20170124,14,SO2,吕梁,286.0
20170124,14,SO2_24h,吕梁,193.0
20170124,14,NO2,吕梁,52.0
20170124,14,NO2_24h,吕梁,45.0
20170124,14,O3,吕梁,46.0
20170124,14,O3_24h,吕梁,67.0
20170124,14,O3_8h,吕梁,20.0
20170124,14,O3_8h_24h,吕梁,20.0
20170124,14,CO,吕梁,3.1
20170124,14,CO_24h,吕梁,2.5
20170124,15,AQI,吕梁,138.0
20170124,15,PM2.5,吕梁,105.0
20170124,15,PM2.5_24h,吕梁,106.0
20170124,15,PM10,吕梁,149.0
20170124,15,PM10_24h,吕梁,168.0
20170124,15,SO2,吕梁,57.0
20170124,15,SO2_24h,吕梁,193.0
20170124,15,NO2,吕梁,34.0
20170124,15,NO2_24h,吕梁,45.0
20170124,15,O3,吕梁,74.0
20170124,15,O3_24h,吕梁,74.0
20170124,15,O3_8h,吕梁,28.0
20170124,15,O3_8h_24h,吕梁,28.0
20170124,15,CO,吕梁,2.1
20170124,15,CO_24h,吕梁,2.5
20170124,16,AQI,吕梁,121.0
20170124,16,PM2.5,吕梁,92.0
20170124,16,PM2.5_24h,吕梁,108.0
20170124,16,PM10,吕梁,115.0
20170124,16,PM10_24h,吕梁,169.0
20170124,16,SO2,吕梁,51.0
20170124,16,SO2_24h,吕梁,193.0
20170124,16,NO2,吕梁,32.0
20170124,16,NO2_24h,吕梁,45.0
20170124,16,O3,吕梁,73.0
20170124,16,O3_24h,吕梁,74.0
20170124,16,O3_8h,吕梁,37.0
20170124,16,O3_8h_24h,吕梁,37.0
20170124,16,CO,吕梁,1.95
20170124,16,CO_24h,吕梁,2.5
20170124,17,AQI,吕梁,105.0
20170124,17,PM2.5,吕梁,79.0
20170124,17,PM2.5_24h,吕梁,110.0
20170124,17,PM10,吕梁,113.0
20170124,17,PM10_24h,吕梁,170.0
20170124,17,SO2,吕梁,79.0
20170124,17,SO2_24h,吕梁,195.0
20170124,17,NO2,吕梁,46.0
20170124,17,NO2_24h,吕梁,45.0
20170124,17,O3,吕梁,52.0
20170124,17,O3_24h,吕梁,74.0
20170124,17,O3_8h,吕梁,42.0
20170124,17,O3_8h_24h,吕梁,42.0
20170124,17,CO,吕梁,2.15
20170124,17,CO_24h,吕梁,2.5
20170124,18,AQI,吕梁,84.0
20170124,18,PM2.5,吕梁,62.0
20170124,18,PM2.5_24h,吕梁,111.0
20170124,18,PM10,吕梁,103.0
20170124,18,PM10_24h,吕梁,172.0
20170124,18,SO2,吕梁,106.0
20170124,18,SO2_24h,吕梁,194.0
20170124,18,NO2,吕梁,52.0
20170124,18,NO2_24h,吕梁,45.0
20170124,18,O3,吕梁,50.0
20170124,18,O3_24h,吕梁,74.0
20170124,18,O3_8h,吕梁,47.0
20170124,18,O3_8h_24h,吕梁,47.0
20170124,18,CO,吕梁,2.25
20170124,18,CO_24h,吕梁,2.5
20170124,19,AQI,吕梁,95.0
20170124,19,PM2.5,吕梁,71.0
20170124,19,PM2.5_24h,吕梁,110.0
20170124,19,PM10,吕梁,132.0
20170124,19,PM10_24h,吕梁,172.0
20170124,19,SO2,吕梁,233.0
20170124,19,SO2_24h,吕梁,193.0
20170124,19,NO2,吕梁,73.0
20170124,19,NO2_24h,吕梁,45.0
20170124,19,O3,吕梁,26.0
20170124,19,O3_24h,吕梁,74.0
20170124,19,O3_8h,吕梁,48.0
20170124,19,O3_8h_24h,吕梁,48.0
20170124,19,CO,吕梁,3.05
20170124,19,CO_24h,吕梁,2.5
20170124,20,AQI,吕梁,134.0
20170124,20,PM2.5,吕梁,102.0
20170124,20,PM2.5_24h,吕梁,109.0
20170124,20,PM10,吕梁,180.0
20170124,20,PM10_24h,吕梁,169.0
20170124,20,SO2,吕梁,357.0
20170124,20,SO2_24h,吕梁,193.0
20170124,20,NO2,吕梁,76.0
20170124,20,NO2_24h,吕梁,45.0
20170124,20,O3,吕梁,9.0
20170124,20,O3_24h,吕梁,74.0
20170124,20,O3_8h,吕梁,46.0
20170124,20,O3_8h_24h,吕梁,48.0
20170124,20,CO,吕梁,3.35
20170124,20,CO_24h,吕梁,2.5
20170124,21,AQI,吕梁,183.0
20170124,21,PM2.5,吕梁,138.0
20170124,21,PM2.5_24h,吕梁,108.0
20170124,21,PM10,吕梁,234.0
20170124,21,PM10_24h,吕梁,167.0
20170124,21,SO2,吕梁,366.0
20170124,21,SO2_24h,吕梁,195.0
20170124,21,NO2,吕梁,69.0
20170124,21,NO2_24h,吕梁,46.0
20170124,21,O3,吕梁,6.0
20170124,21,O3_24h,吕梁,74.0
20170124,21,O3_8h,吕梁,42.0
20170124,21,O3_8h_24h,吕梁,48.0
20170124,21,CO,吕梁,3.2
20170124,21,CO_24h,吕梁,2.5
20170124,22,AQI,吕梁,221.0
20170124,22,PM2.5,吕梁,171.0
20170124,22,PM2.5_24h,吕梁,108.0
20170124,22,PM10,吕梁,236.0
20170124,22,PM10_24h,吕梁,167.0
20170124,22,SO2,吕梁,306.0
20170124,22,SO2_24h,吕梁,194.0
20170124,22,NO2,吕梁,60.0
20170124,22,NO2_24h,吕梁,46.0
20170124,22,O3,吕梁,6.0
20170124,22,O3_24h,吕梁,74.0
20170124,22,O3_8h,吕梁,37.0
20170124,22,O3_8h_24h,吕梁,48.0
20170124,22,CO,吕梁,3.2
20170124,22,CO_24h,吕梁,2.5
20170124,23,AQI,吕梁,227.0
20170124,23,PM2.5,吕梁,177.0
20170124,23,PM2.5_24h,吕梁,109.0
20170124,23,PM10,吕梁,218.0
20170124,23,PM10_24h,吕梁,167.0
20170124,23,SO2,吕梁,340.0
20170124,23,SO2_24h,吕梁,196.0
20170124,23,NO2,吕梁,56.0
20170124,23,NO2_24h,吕梁,46.0
20170124,23,O3,吕梁,6.0
20170124,23,O3_24h,吕梁,74.0
20170124,23,O3_8h,吕梁,29.0
20170124,23,O3_8h_24h,吕梁,48.0
20170124,23,CO,吕梁,3.25
20170124,23,CO_24h,吕梁,2.6
20170124,0,AQI,乌海,88.0
20170124,0,PM2.5,乌海,65.0
20170124,0,PM2.5_24h,乌海,91.0
20170124,0,PM10,乌海,117.0
20170124,0,PM10_24h,乌海,170.0
20170124,0,SO2,乌海,145.0
20170124,0,SO2_24h,乌海,223.0
20170124,0,NO2,乌海,57.0
20170124,0,NO2_24h,乌海,59.0
20170124,0,O3,乌海,16.0
20170124,0,O3_24h,乌海,62.0
20170124,0,O3_8h,乌海,39.0
20170124,0,O3_8h_24h,乌海,52.0
20170124,0,CO,乌海,2.27
20170124,0,CO_24h,乌海,2.03
20170124,1,AQI,乌海,128.0
20170124,1,PM2.5,乌海,97.0
20170124,1,PM2.5_24h,乌海,91.0
20170124,1,PM10,乌海,173.0
20170124,1,PM10_24h,乌海,170.0
20170124,1,SO2,乌海,87.0
20170124,1,SO2_24h,乌海,216.0
20170124,1,NO2,乌海,51.0
20170124,1,NO2_24h,乌海,58.0
20170124,1,O3,乌海,17.0
20170124,1,O3_24h,乌海,62.0
20170124,1,O3_8h,乌海,17.0
20170124,1,O3_8h_24h,乌海,17.0
20170124,1,CO,乌海,1.27
20170124,1,CO_24h,乌海,2.0
20170124,2,AQI,乌海,90.0
20170124,2,PM2.5,乌海,67.0
20170124,2,PM2.5_24h,乌海,91.0
20170124,2,PM10,乌海,127.0
20170124,2,PM10_24h,乌海,169.0
20170124,2,SO2,乌海,56.0
20170124,2,SO2_24h,乌海,207.0
20170124,2,NO2,乌海,50.0
20170124,2,NO2_24h,乌海,58.0
20170124,2,O3,乌海,13.0
20170124,2,O3_24h,乌海,62.0
20170124,2,O3_8h,乌海,15.0
20170124,2,O3_8h_24h,乌海,17.0
20170124,2,CO,乌海,0.97
20170124,2,CO_24h,乌海,1.93
20170124,3,AQI,乌海,79.0
20170124,3,PM2.5,乌海,57.0
20170124,3,PM2.5_24h,乌海,89.0
20170124,3,PM10,乌海,108.0
20170124,3,PM10_24h,乌海,166.0
20170124,3,SO2,乌海,68.0
20170124,3,SO2_24h,乌海,198.0
20170124,3,NO2,乌海,48.0
20170124,3,NO2_24h,乌海,57.0
20170124,3,O3,乌海,17.0
20170124,3,O3_24h,乌海,62.0
20170124,3,O3_8h,乌海,15.0
20170124,3,O3_8h_24h,乌海,19.0
20170124,3,CO,乌海,1.43
20170124,3,CO_24h,乌海,1.93
20170124,4,AQI,乌海,95.0
20170124,4,PM2.5,乌海,71.0
20170124,4,PM2.5_24h,乌海,87.0
20170124,4,PM10,乌海,121.0
20170124,4,PM10_24h,乌海,164.0
20170124,4,SO2,乌海,98.0
20170124,4,SO2_24h,乌海,189.0
20170124,4,NO2,乌海,57.0
20170124,4,NO2_24h,乌海,56.0
20170124,4,O3,乌海,10.0
20170124,4,O3_24h,乌海,62.0
20170124,4,O3_8h,乌海,14.0
20170124,4,O3_8h_24h,乌海,19.0
20170124,4,CO,乌海,1.67
20170124,4,CO_24h,乌海,1.87
20170124,5,AQI,乌海,113.0
20170124,5,PM2.5,乌海,85.0
20170124,5,PM2.5_24h,乌海,87.0
20170124,5,PM10,乌海,140.0
20170124,5,PM10_24h,乌海,163.0
20170124,5,SO2,乌海,55.0
20170124,5,SO2_24h,乌海,179.0
20170124,5,NO2,乌海,50.0
20170124,5,NO2_24h,乌海,55.0
20170124,5,O3,乌海,9.0
20170124,5,O3_24h,乌海,62.0
20170124,5,O3_8h,乌海,13.0
20170124,5,O3_8h_24h,乌海,19.0
20170124,5,CO,乌海,1.67
20170124,5,CO_24h,乌海,1.83
20170124,6,AQI,乌海,93.0
20170124,6,PM2.5,乌海,69.0
20170124,6,PM2.5_24h,乌海,86.0
20170124,6,PM10,乌海,121.0
20170124,6,PM10_24h,乌海,159.0
20170124,6,SO2,乌海,51.0
20170124,6,SO2_24h,乌海,170.0
20170124,6,NO2,乌海,51.0
20170124,6,NO2_24h,乌海,54.0
20170124,6,O3,乌海,8.0
20170124,6,O3_24h,乌海,62.0
20170124,6,O3_8h,乌海,12.0
20170124,6,O3_8h_24h,乌海,19.0
20170124,6,CO,乌海,2.13
20170124,6,CO_24h,乌海,1.83
20170124,7,AQI,乌海,103.0
20170124,7,PM2.5,乌海,77.0
20170124,7,PM2.5_24h,乌海,85.0
20170124,7,PM10,乌海,120.0
20170124,7,PM10_24h,乌海,157.0
20170124,7,SO2,乌海,62.0
20170124,7,SO2_24h,乌海,161.0
20170124,7,NO2,乌海,47.0
20170124,7,NO2_24h,乌海,53.0
20170124,7,O3,乌海,11.0
20170124,7,O3_24h,乌海,62.0
20170124,7,O3_8h,乌海,12.0
20170124,7,O3_8h_24h,乌海,19.0
20170124,7,CO,乌海,1.83
20170124,7,CO_24h,乌海,1.8
20170124,8,AQI,乌海,100.0
20170124,8,PM2.5,乌海,75.0
20170124,8,PM2.5_24h,乌海,84.0
20170124,8,PM10,乌海,133.0
20170124,8,PM10_24h,乌海,153.0
20170124,8,SO2,乌海,58.0
20170124,8,SO2_24h,乌海,149.0
20170124,8,NO2,乌海,50.0
20170124,8,NO2_24h,乌海,52.0
20170124,8,O3,乌海,11.0
20170124,8,O3_24h,乌海,62.0
20170124,8,O3_8h,乌海,12.0
20170124,8,O3_8h_24h,乌海,19.0
20170124,8,CO,乌海,1.87
20170124,8,CO_24h,乌海,1.77
20170124,9,AQI,乌海,113.0
20170124,9,PM2.5,乌海,85.0
20170124,9,PM2.5_24h,乌海,83.0
20170124,9,PM10,乌海,140.0
20170124,9,PM10_24h,乌海,150.0
20170124,9,SO2,乌海,71.0
20170124,9,SO2_24h,乌海,138.0
20170124,9,NO2,乌海,49.0
20170124,9,NO2_24h,乌海,52.0
20170124,9,O3,乌海,11.0
20170124,9,O3_24h,乌海,62.0
20170124,9,O3_8h,乌海,11.0
20170124,9,O3_8h_24h,乌海,19.0
20170124,9,CO,乌海,1.7
20170124,9,CO_24h,乌海,1.63
20170124,10,AQI,乌海,115.0
20170124,10,PM2.5,乌海,87.0
20170124,10,PM2.5_24h,乌海,82.0
20170124,10,PM10,乌海,153.0
20170124,10,PM10_24h,乌海,146.0
20170124,10,SO2,乌海,138.0
20170124,10,SO2_24h,乌海,131.0
20170124,10,NO2,乌海,54.0
20170124,10,NO2_24h,乌海,51.0
20170124,10,O3,乌海,14.0
20170124,10,O3_24h,乌海,62.0
20170124,10,O3_8h,乌海,11.0
20170124,10,O3_8h_24h,乌海,19.0
20170124,10,CO,乌海,2.4
20170124,10,CO_24h,乌海,1.6
20170124,11,AQI,乌海,128.0
20170124,11,PM2.5,乌海,97.0
20170124,11,PM2.5_24h,乌海,81.0
20170124,11,PM10,乌海,183.0
20170124,11,PM10_24h,乌海,143.0
20170124,11,SO2,乌海,98.0
20170124,11,SO2_24h,乌海,121.0
20170124,11,NO2,乌海,41.0
20170124,11,NO2_24h,乌海,51.0
20170124,11,O3,乌海,19.0
20170124,11,O3_24h,乌海,62.0
20170124,11,O3_8h,乌海,12.0
20170124,11,O3_8h_24h,乌海,19.0
20170124,11,CO,乌海,1.67
20170124,11,CO_24h,乌海,1.57
20170124,12,AQI,乌海,109.0
20170124,12,PM2.5,乌海,82.0
20170124,12,PM2.5_24h,乌海,79.0
20170124,12,PM10,乌海,163.0
20170124,12,PM10_24h,乌海,137.0
20170124,12,SO2,乌海,112.0
20170124,12,SO2_24h,乌海,113.0
20170124,12,NO2,乌海,43.0
20170124,12,NO2_24h,乌海,50.0
20170124,12,O3,乌海,26.0
20170124,12,O3_24h,乌海,62.0
20170124,12,O3_8h,乌海,14.0
20170124,12,O3_8h_24h,乌海,20.0
20170124,12,CO,乌海,1.63
20170124,12,CO_24h,乌海,1.53
20170124,13,AQI,乌海,109.0
20170124,13,PM2.5,乌海,82.0
20170124,13,PM2.5_24h,乌海,78.0
20170124,13,PM10,乌海,146.0
20170124,13,PM10_24h,乌海,135.0
20170124,13,SO2,乌海,179.0
20170124,13,SO2_24h,乌海,107.0
20170124,13,NO2,乌海,52.0
20170124,13,NO2_24h,乌海,49.0
20170124,13,O3,乌海,41.0
20170124,13,O3_24h,乌海,62.0
20170124,13,O3_8h,乌海,18.0
20170124,13,O3_8h_24h,乌海,21.0
20170124,13,CO,乌海,1.63
20170124,13,CO_24h,乌海,1.5
20170124,14,AQI,乌海,126.0
20170124,14,PM2.5,乌海,96.0
20170124,14,PM2.5_24h,乌海,76.0
20170124,14,PM10,乌海,167.0
20170124,14,PM10_24h,乌海,131.0
20170124,14,SO2,乌海,209.0
20170124,14,SO2_24h,乌海,102.0
20170124,14,NO2,乌海,56.0
20170124,14,NO2_24h,乌海,49.0
20170124,14,O3,乌海,50.0
20170124,14,O3_24h,乌海,66.0
20170124,14,O3_8h,乌海,23.0
20170124,14,O3_8h_24h,乌海,26.0
20170124,14,CO,乌海,1.7
20170124,14,CO_24h,乌海,1.43
20170124,15,AQI,乌海,131.0
20170124,15,PM2.5,乌海,100.0
20170124,15,PM2.5_24h,乌海,74.0
20170124,15,PM10,乌海,186.0
20170124,15,PM10_24h,乌海,132.0
20170124,15,SO2,乌海,216.0
20170124,15,SO2_24h,乌海,99.0
20170124,15,NO2,乌海,60.0
20170124,15,NO2_24h,乌海,49.0
20170124,15,O3,乌海,53.0
20170124,15,O3_24h,乌海,66.0
20170124,15,O3_8h,乌海,28.0
20170124,15,O3_8h_24h,乌海,30.0
20170124,15,CO,乌海,2.0
20170124,15,CO_24h,乌海,1.47
20170124,16,AQI,乌海,128.0
20170124,16,PM2.5,乌海,97.0
20170124,16,PM2.5_24h,乌海,74.0
20170124,16,PM10,乌海,182.0
20170124,16,PM10_24h,乌海,133.0
20170124,16,SO2,乌海,216.0
20170124,16,SO2_24h,乌海,100.0
20170124,16,NO2,乌海,73.0
20170124,16,NO2_24h,乌海,50.0
20170124,16,O3,乌海,50.0
20170124,16,O3_24h,乌海,66.0
20170124,16,O3_8h,乌海,33.0
20170124,16,O3_8h_24h,乌海,34.0
20170124,16,CO,乌海,1.97
20170124,16,CO_24h,乌海,1.47
20170124,17,AQI,乌海,134.0
20170124,17,PM2.5,乌海,102.0
20170124,17,PM2.5_24h,乌海,76.0
20170124,17,PM10,乌海,194.0
20170124,17,PM10_24h,乌海,135.0
20170124,17,SO2,乌海,200.0
20170124,17,SO2_24h,乌海,103.0
20170124,17,NO2,乌海,78.0
20170124,17,NO2_24h,乌海,51.0
20170124,17,O3,乌海,48.0
20170124,17,O3_24h,乌海,65.0
20170124,17,O3_8h,乌海,38.0
20170124,17,O3_8h_24h,乌海,39.0
20170124,17,CO,乌海,1.83
20170124,17,CO_24h,乌海,1.53
20170124,18,AQI,乌海,144.0
20170124,18,PM2.5,乌海,110.0
20170124,18,PM2.5_24h,乌海,78.0
20170124,18,PM10,乌海,193.0
20170124,18,PM10_24h,乌海,139.0
20170124,18,SO2,乌海,162.0
20170124,18,SO2_24h,乌海,108.0
20170124,18,NO2,乌海,76.0
20170124,18,NO2_24h,乌海,53.0
20170124,18,O3,乌海,43.0
20170124,18,O3_24h,乌海,63.0
20170124,18,O3_8h,乌海,41.0
20170124,18,O3_8h_24h,乌海,42.0
20170124,18,CO,乌海,1.53
20170124,18,CO_24h,乌海,1.57
20170124,19,AQI,乌海,153.0
20170124,19,PM2.5,乌海,117.0
20170124,19,PM2.5_24h,乌海,81.0
20170124,19,PM10,乌海,185.0
20170124,19,PM10_24h,乌海,144.0
20170124,19,SO2,乌海,161.0
20170124,19,SO2_24h,乌海,113.0
20170124,19,NO2,乌海,79.0
20170124,19,NO2_24h,乌海,55.0
20170124,19,O3,乌海,30.0
20170124,19,O3_24h,乌海,62.0
20170124,19,O3_8h,乌海,43.0
20170124,19,O3_8h_24h,乌海,43.0
20170124,19,CO,乌海,1.47
20170124,19,CO_24h,乌海,1.6
20170124,20,AQI,乌海,156.0
20170124,20,PM2.5,乌海,119.0
20170124,20,PM2.5_24h,乌海,84.0
20170124,20,PM10,乌海,198.0
20170124,20,PM10_24h,乌海,148.0
20170124,20,SO2,乌海,178.0
20170124,20,SO2_24h,乌海,119.0
20170124,20,NO2,乌海,89.0
20170124,20,NO2_24h,乌海,57.0
20170124,20,O3,乌海,16.0
20170124,20,O3_24h,乌海,62.0
20170124,20,O3_8h,乌海,41.0
20170124,20,O3_8h_24h,乌海,43.0
20170124,20,CO,乌海,2.57
20170124,20,CO_24h,乌海,1.67
20170124,21,AQI,乌海,220.0
20170124,21,PM2.5,乌海,170.0
20170124,21,PM2.5_24h,乌海,89.0
20170124,21,PM10,乌海,276.0
20170124,21,PM10_24h,乌海,156.0
20170124,21,SO2,乌海,168.0
20170124,21,SO2_24h,乌海,123.0
20170124,21,NO2,乌海,93.0
20170124,21,NO2_24h,乌海,59.0
20170124,21,O3,乌海,12.0
20170124,21,O3_24h,乌海,62.0
20170124,21,O3_8h,乌海,38.0
20170124,21,O3_8h_24h,乌海,43.0
20170124,21,CO,乌海,2.7
20170124,21,CO_24h,乌海,1.77
20170124,22,AQI,乌海,210.0
20170124,22,PM2.5,乌海,160.0
20170124,22,PM2.5_24h,乌海,93.0
20170124,22,PM10,乌海,255.0
20170124,22,PM10_24h,乌海,163.0
20170124,22,SO2,乌海,224.0
20170124,22,SO2_24h,乌海,129.0
20170124,22,NO2,乌海,102.0
20170124,22,NO2_24h,乌海,61.0
20170124,22,O3,乌海,9.0
20170124,22,O3_24h,乌海,60.0
20170124,22,O3_8h,乌海,33.0
20170124,22,O3_8h_24h,乌海,43.0
20170124,22,CO,乌海,3.03
20170124,22,CO_24h,乌海,1.87
20170124,23,AQI,乌海,209.0
20170124,23,PM2.5,乌海,159.0
20170124,23,PM2.5_24h,乌海,97.0
20170124,23,PM10,乌海,273.0
20170124,23,PM10_24h,乌海,169.0
20170124,23,SO2,乌海,197.0
20170124,23,SO2_24h,乌海,134.0
20170124,23,NO2,乌海,94.0
20170124,23,NO2_24h,乌海,62.0
20170124,23,O3,乌海,9.0
20170124,23,O3_24h,乌海,59.0
20170124,23,O3_8h,乌海,27.0
20170124,23,O3_8h_24h,乌海,43.0
20170124,23,CO,乌海,2.9
20170124,23,CO_24h,乌海,1.93
20170124,0,AQI,通辽,139.0
20170124,0,PM2.5,通辽,106.0
20170124,0,PM2.5_24h,通辽,48.0
20170124,0,PM10,通辽,141.0
20170124,0,PM10_24h,通辽,69.0
20170124,0,SO2,通辽,43.0
20170124,0,SO2_24h,通辽,20.0
20170124,0,NO2,通辽,59.0
20170124,0,NO2_24h,通辽,31.0
20170124,0,O3,通辽,21.0
20170124,0,O3_24h,通辽,71.0
20170124,0,O3_8h,通辽,26.0
20170124,0,O3_8h_24h,通辽,63.0
20170124,0,CO,通辽,1.87
20170124,0,CO_24h,通辽,0.93
20170124,1,AQI,通辽,93.0
20170124,1,PM2.5,通辽,69.0
20170124,1,PM2.5_24h,通辽,49.0
20170124,1,PM10,通辽,93.0
20170124,1,PM10_24h,通辽,70.0
20170124,1,SO2,通辽,22.0
20170124,1,SO2_24h,通辽,20.0
20170124,1,NO2,通辽,38.0
20170124,1,NO2_24h,通辽,32.0
20170124,1,O3,通辽,25.0
20170124,1,O3_24h,通辽,71.0
20170124,1,O3_8h,通辽,25.0
20170124,1,O3_8h_24h,通辽,25.0
20170124,1,CO,通辽,1.17
20170124,1,CO_24h,通辽,0.97
20170124,2,AQI,通辽,64.0
20170124,2,PM2.5,通辽,46.0
20170124,2,PM2.5_24h,通辽,50.0
20170124,2,PM10,通辽,67.0
20170124,2,PM10_24h,通辽,72.0
20170124,2,SO2,通辽,17.0
20170124,2,SO2_24h,通辽,20.0
20170124,2,NO2,通辽,28.0
20170124,2,NO2_24h,通辽,33.0
20170124,2,O3,通辽,32.0
20170124,2,O3_24h,通辽,71.0
20170124,2,O3_8h,通辽,29.0
20170124,2,O3_8h_24h,通辽,29.0
20170124,2,CO,通辽,0.97
20170124,2,CO_24h,通辽,0.97
20170124,3,AQI,通辽,56.0
20170124,3,PM2.5,通辽,40.0
20170124,3,PM2.5_24h,通辽,50.0
20170124,3,PM10,通辽,52.0
20170124,3,PM10_24h,通辽,72.0
20170124,3,SO2,通辽,12.0
20170124,3,SO2_24h,通辽,20.0
20170124,3,NO2,通辽,26.0
20170124,3,NO2_24h,通辽,33.0
20170124,3,O3,通辽,40.0
20170124,3,O3_24h,通辽,71.0
20170124,3,O3_8h,通辽,32.0
20170124,3,O3_8h_24h,通辽,32.0
20170124,3,CO,通辽,0.77
20170124,3,CO_24h,通辽,0.97
20170124,4,AQI,通辽,49.0
20170124,4,PM2.5,通辽,34.0
20170124,4,PM2.5_24h,通辽,51.0
20170124,4,PM10,通辽,46.0
20170124,4,PM10_24h,通辽,72.0
20170124,4,SO2,通辽,17.0
20170124,4,SO2_24h,通辽,20.0
20170124,4,NO2,通辽,24.0
20170124,4,NO2_24h,通辽,33.0
20170124,4,O3,通辽,39.0
20170124,4,O3_24h,通辽,71.0
20170124,4,O3_8h,通辽,34.0
20170124,4,O3_8h_24h,通辽,34.0
20170124,4,CO,通辽,1.1
20170124,4,CO_24h,通辽,0.97
20170124,5,AQI,通辽,56.0
20170124,5,PM2.5,通辽,40.0
20170124,5,PM2.5_24h,通辽,51.0
20170124,5,PM10,通辽,50.0
20170124,5,PM10_24h,通辽,72.0
20170124,5,SO2,通辽,30.0
20170124,5,SO2_24h,通辽,21.0
20170124,5,NO2,通辽,25.0
20170124,5,NO2_24h,通辽,34.0
20170124,5,O3,通辽,31.0
20170124,5,O3_24h,通辽,71.0
20170124,5,O3_8h,通辽,33.0
20170124,5,O3_8h_24h,通辽,34.0
20170124,5,CO,通辽,0.87
20170124,5,CO_24h,通辽,0.97
20170124,6,AQI,通辽,58.0
20170124,6,PM2.5,通辽,41.0
20170124,6,PM2.5_24h,通辽,51.0
20170124,6,PM10,通辽,49.0
20170124,6,PM10_24h,通辽,73.0
20170124,6,SO2,通辽,25.0
20170124,6,SO2_24h,通辽,21.0
20170124,6,NO2,通辽,23.0
20170124,6,NO2_24h,通辽,34.0
20170124,6,O3,通辽,34.0
20170124,6,O3_24h,通辽,71.0
20170124,6,O3_8h,通辽,34.0
20170124,6,O3_8h_24h,通辽,35.0
20170124,6,CO,通辽,0.95
20170124,6,CO_24h,通辽,0.93
20170124,7,AQI,通辽,64.0
20170124,7,PM2.5,通辽,46.0
20170124,7,PM2.5_24h,通辽,52.0
20170124,7,PM10,通辽,66.0
20170124,7,PM10_24h,通辽,74.0
20170124,7,SO2,通辽,32.0
20170124,7,SO2_24h,通辽,22.0
20170124,7,NO2,通辽,34.0
20170124,7,NO2_24h,通辽,34.0
20170124,7,O3,通辽,31.0
20170124,7,O3_24h,通辽,71.0
20170124,7,O3_8h,通辽,33.0
20170124,7,O3_8h_24h,通辽,35.0
20170124,7,CO,通辽,0.87
20170124,7,CO_24h,通辽,0.93
20170124,8,AQI,通辽,65.0
20170124,8,PM2.5,通辽,47.0
20170124,8,PM2.5_24h,通辽,53.0
20170124,8,PM10,通辽,70.0
20170124,8,PM10_24h,通辽,75.0
20170124,8,SO2,通辽,31.0
20170124,8,SO2_24h,通辽,22.0
20170124,8,NO2,通辽,38.0
20170124,8,NO2_24h,通辽,34.0
20170124,8,O3,通辽,24.0
20170124,8,O3_24h,通辽,71.0
20170124,8,O3_8h,通辽,32.0
20170124,8,O3_8h_24h,通辽,35.0
20170124,8,CO,通辽,0.83
20170124,8,CO_24h,通辽,0.93
20170124,9,AQI,通辽,69.0
20170124,9,PM2.5,通辽,50.0
20170124,9,PM2.5_24h,通辽,53.0
20170124,9,PM10,通辽,78.0
20170124,9,PM10_24h,通辽,75.0
20170124,9,SO2,通辽,29.0
20170124,9,SO2_24h,通辽,23.0
20170124,9,NO2,通辽,35.0
20170124,9,NO2_24h,通辽,34.0
20170124,9,O3,通辽,26.0
20170124,9,O3_24h,通辽,71.0
20170124,9,O3_8h,通辽,32.0
20170124,9,O3_8h_24h,通辽,35.0
20170124,9,CO,通辽,0.77
20170124,9,CO_24h,通辽,0.93
20170124,10,AQI,通辽,68.0
20170124,10,PM2.5,通辽,49.0
20170124,10,PM2.5_24h,通辽,53.0
20170124,10,PM10,通辽,80.0
20170124,10,PM10_24h,通辽,75.0
20170124,10,SO2,通辽,41.0
20170124,10,SO2_24h,通辽,23.0
20170124,10,NO2,通辽,33.0
20170124,10,NO2_24h,通辽,34.0
20170124,10,O3,通辽,32.0
20170124,10,O3_24h,通辽,71.0
20170124,10,O3_8h,通辽,32.0
20170124,10,O3_8h_24h,通辽,36.0
20170124,10,CO,通辽,0.87
20170124,10,CO_24h,通辽,0.9
20170124,11,AQI,通辽,58.0
20170124,11,PM2.5,通辽,41.0
20170124,11,PM2.5_24h,通辽,53.0
20170124,11,PM10,通辽,63.0
20170124,11,PM10_24h,通辽,76.0
20170124,11,SO2,通辽,26.0
20170124,11,SO2_24h,通辽,24.0
20170124,11,NO2,通辽,28.0
20170124,11,NO2_24h,通辽,34.0
20170124,11,O3,通辽,42.0
20170124,11,O3_24h,通辽,71.0
20170124,11,O3_8h,通辽,33.0
20170124,11,O3_8h_24h,通辽,36.0
20170124,11,CO,通辽,0.73
20170124,11,CO_24h,通辽,0.93
20170124,12,AQI,通辽,46.0
20170124,12,PM2.5,通辽,27.0
20170124,12,PM2.5_24h,通辽,53.0
20170124,12,PM10,通辽,46.0
20170124,12,PM10_24h,通辽,76.0
20170124,12,SO2,通辽,15.0
20170124,12,SO2_24h,通辽,24.0
20170124,12,NO2,通辽,18.0
20170124,12,NO2_24h,通辽,34.0
20170124,12,O3,通辽,55.0
20170124,12,O3_24h,通辽,71.0
20170124,12,O3_8h,通辽,35.0
20170124,12,O3_8h_24h,通辽,37.0
20170124,12,CO,通辽,0.65
20170124,12,CO_24h,通辽,0.97
20170124,13,AQI,通辽,29.0
20170124,13,PM2.5,通辽,17.0
20170124,13,PM2.5_24h,通辽,53.0
20170124,13,PM10,通辽,29.0
20170124,13,PM10_24h,通辽,76.0
20170124,13,SO2,通辽,10.0
20170124,13,SO2_24h,通辽,24.0
20170124,13,NO2,通辽,12.0
20170124,13,NO2_24h,通辽,34.0
20170124,13,O3,通辽,65.0
20170124,13,O3_24h,通辽,69.0
20170124,13,O3_8h,通辽,39.0
20170124,13,O3_8h_24h,通辽,39.0
20170124,13,CO,通辽,0.45
20170124,13,CO_24h,通辽,0.97
20170124,14,AQI,通辽,22.0
20170124,14,PM2.5,通辽,15.0
20170124,14,PM2.5_24h,通辽,53.0
20170124,14,PM10,通辽,22.0
20170124,14,PM10_24h,通辽,75.0
20170124,14,SO2,通辽,9.0
20170124,14,SO2_24h,通辽,24.0
20170124,14,NO2,通辽,10.0
20170124,14,NO2_24h,通辽,35.0
20170124,14,O3,通辽,71.0
20170124,14,O3_24h,通辽,71.0
20170124,14,O3_8h,通辽,43.0
20170124,14,O3_8h_24h,通辽,43.0
20170124,14,CO,通辽,0.3
20170124,14,CO_24h,通辽,0.93
20170124,15,AQI,通辽,23.0
20170124,15,PM2.5,通辽,16.0
20170124,15,PM2.5_24h,通辽,53.0
20170124,15,PM10,通辽,21.0
20170124,15,PM10_24h,通辽,75.0
20170124,15,SO2,通辽,8.0
20170124,15,SO2_24h,通辽,24.0
20170124,15,NO2,通辽,12.0
20170124,15,NO2_24h,通辽,35.0
20170124,15,O3,通辽,71.0
20170124,15,O3_24h,通辽,72.0
20170124,15,O3_8h,通辽,48.0
20170124,15,O3_8h_24h,通辽,48.0
20170124,15,CO,通辽,0.4
20170124,15,CO_24h,通辽,0.9
20170124,16,AQI,通辽,27.0
20170124,16,PM2.5,通辽,19.0
20170124,16,PM2.5_24h,通辽,53.0
20170124,16,PM10,通辽,26.0
20170124,16,PM10_24h,通辽,74.0
20170124,16,SO2,通辽,7.0
20170124,16,SO2_24h,通辽,24.0
20170124,16,NO2,通辽,14.0
20170124,16,NO2_24h,通辽,35.0
20170124,16,O3,通辽,68.0
20170124,16,O3_24h,通辽,72.0
20170124,16,O3_8h,通辽,54.0
20170124,16,O3_8h_24h,通辽,54.0
20170124,16,CO,通辽,0.43
20170124,16,CO_24h,通辽,0.9
20170124,17,AQI,通辽,37.0
20170124,17,PM2.5,通辽,26.0
20170124,17,PM2.5_24h,通辽,52.0
20170124,17,PM10,通辽,30.0
20170124,17,PM10_24h,通辽,74.0
20170124,17,SO2,通辽,10.0
20170124,17,SO2_24h,通辽,24.0
20170124,17,NO2,通辽,26.0
20170124,17,NO2_24h,通辽,35.0
20170124,17,O3,通辽,56.0
20170124,17,O3_24h,通辽,72.0
20170124,17,O3_8h,通辽,58.0
20170124,17,O3_8h_24h,通辽,58.0
20170124,17,CO,通辽,0.53
20170124,17,CO_24h,通辽,0.93
20170124,18,AQI,通辽,61.0
20170124,18,PM2.5,通辽,38.0
20170124,18,PM2.5_24h,通辽,52.0
20170124,18,PM10,通辽,71.0
20170124,18,PM10_24h,通辽,74.0
20170124,18,SO2,通辽,25.0
20170124,18,SO2_24h,通辽,24.0
20170124,18,NO2,通辽,60.0
20170124,18,NO2_24h,通辽,37.0
20170124,18,O3,通辽,26.0
20170124,18,O3_24h,通辽,72.0
20170124,18,O3_8h,通辽,57.0
20170124,18,O3_8h_24h,通辽,58.0
20170124,18,CO,通辽,1.1
20170124,18,CO_24h,通辽,0.97
20170124,19,AQI,通辽,76.0
20170124,19,PM2.5,通辽,56.0
20170124,19,PM2.5_24h,通辽,53.0
20170124,19,PM10,通辽,72.0
20170124,19,PM10_24h,通辽,75.0
20170124,19,SO2,通辽,24.0
20170124,19,SO2_24h,通辽,24.0
20170124,19,NO2,通辽,55.0
20170124,19,NO2_24h,通辽,37.0
20170124,19,O3,通辽,31.0
20170124,19,O3_24h,通辽,72.0
20170124,19,O3_8h,通辽,55.0
20170124,19,O3_8h_24h,通辽,58.0
20170124,19,CO,通辽,1.03
20170124,19,CO_24h,通辽,0.93
20170124,20,AQI,通辽,95.0
20170124,20,PM2.5,通辽,71.0
20170124,20,PM2.5_24h,通辽,52.0
20170124,20,PM10,通辽,93.0
20170124,20,PM10_24h,通辽,74.0
20170124,20,SO2,通辽,26.0
20170124,20,SO2_24h,通辽,24.0
20170124,20,NO2,通辽,49.0
20170124,20,NO2_24h,通辽,36.0
20170124,20,O3,通辽,39.0
20170124,20,O3_24h,通辽,72.0
20170124,20,O3_8h,通辽,53.0
20170124,20,O3_8h_24h,通辽,58.0
20170124,20,CO,通辽,1.17
20170124,20,CO_24h,通辽,0.93
20170124,21,AQI,通辽,80.0
20170124,21,PM2.5,通辽,59.0
20170124,21,PM2.5_24h,通辽,51.0
20170124,21,PM10,通辽,95.0
20170124,21,PM10_24h,通辽,73.0
20170124,21,SO2,通辽,27.0
20170124,21,SO2_24h,通辽,24.0
20170124,21,NO2,通辽,47.0
20170124,21,NO2_24h,通辽,34.0
20170124,21,O3,通辽,39.0
20170124,21,O3_24h,通辽,72.0
20170124,21,O3_8h,通辽,50.0
20170124,21,O3_8h_24h,通辽,58.0
20170124,21,CO,通辽,1.17
20170124,21,CO_24h,通辽,0.93
20170124,22,AQI,通辽,74.0
20170124,22,PM2.5,通辽,54.0
20170124,22,PM2.5_24h,通辽,47.0
20170124,22,PM10,通辽,73.0
20170124,22,PM10_24h,通辽,68.0
20170124,22,SO2,通辽,23.0
20170124,22,SO2_24h,通辽,23.0
20170124,22,NO2,通辽,38.0
20170124,22,NO2_24h,通辽,33.0
20170124,22,O3,通辽,45.0
20170124,22,O3_24h,通辽,72.0
20170124,22,O3_8h,通辽,47.0
20170124,22,O3_8h_24h,通辽,58.0
20170124,22,CO,通辽,0.97
20170124,22,CO_24h,通辽,0.9
20170124,23,AQI,通辽,63.0
20170124,23,PM2.5,通辽,45.0
20170124,23,PM2.5_24h,通辽,44.0
20170124,23,PM10,通辽,59.0
20170124,23,PM10_24h,通辽,63.0
20170124,23,SO2,通辽,18.0
20170124,23,SO2_24h,通辽,22.0
20170124,23,NO2,通辽,35.0
20170124,23,NO2_24h,通辽,32.0
20170124,23,O3,通辽,39.0
20170124,23,O3_24h,通辽,72.0
20170124,23,O3_8h,通辽,43.0
20170124,23,O3_8h_24h,通辽,58.0
20170124,23,CO,通辽,0.97
20170124,23,CO_24h,通辽,0.83
20170124,0,AQI,呼伦贝尔,43.0
20170124,0,PM2.5,呼伦贝尔,30.0
20170124,0,PM2.5_24h,呼伦贝尔,36.0
20170124,0,PM10_24h,呼伦贝尔,60.0
20170124,0,SO2,呼伦贝尔,9.0
20170124,0,SO2_24h,呼伦贝尔,8.0
20170124,0,NO2,呼伦贝尔,19.0
20170124,0,NO2_24h,呼伦贝尔,30.0
20170124,0,O3,呼伦贝尔,56.0
20170124,0,O3_24h,呼伦贝尔,69.0
20170124,0,O3_8h,呼伦贝尔,53.0
20170124,0,O3_8h_24h,呼伦贝尔,58.0
20170124,0,CO,呼伦贝尔,0.8
20170124,0,CO_24h,呼伦贝尔,0.9
20170124,1,AQI,呼伦贝尔,33.0
20170124,1,PM2.5,呼伦贝尔,23.0
20170124,1,PM2.5_24h,呼伦贝尔,36.0
20170124,1,PM10,呼伦贝尔,28.0
20170124,1,PM10_24h,呼伦贝尔,60.0
20170124,1,SO2,呼伦贝尔,6.0
20170124,1,SO2_24h,呼伦贝尔,8.0
20170124,1,NO2,呼伦贝尔,16.0
20170124,1,NO2_24h,呼伦贝尔,30.0
20170124,1,O3,呼伦贝尔,62.0
20170124,1,O3_24h,呼伦贝尔,69.0
20170124,1,O3_8h,呼伦贝尔,62.0
20170124,1,O3_8h_24h,呼伦贝尔,62.0
20170124,1,CO,呼伦贝尔,0.5
20170124,1,CO_24h,呼伦贝尔,0.9
20170124,2,AQI,呼伦贝尔,32.0
20170124,2,PM2.5,呼伦贝尔,18.0
20170124,2,PM2.5_24h,呼伦贝尔,35.0
20170124,2,PM10,呼伦贝尔,32.0
20170124,2,PM10_24h,呼伦贝尔,60.0
20170124,2,SO2,呼伦贝尔,5.0
20170124,2,SO2_24h,呼伦贝尔,8.0
20170124,2,NO2,呼伦贝尔,14.0
20170124,2,NO2_24h,呼伦贝尔,30.0
20170124,2,O3,呼伦贝尔,63.0
20170124,2,O3_24h,呼伦贝尔,69.0
20170124,2,O3_8h,呼伦贝尔,62.0
20170124,2,O3_8h_24h,呼伦贝尔,62.0
20170124,2,CO,呼伦贝尔,0.4
20170124,2,CO_24h,呼伦贝尔,0.9
20170124,3,AQI,呼伦贝尔,27.0
20170124,3,PM2.5,呼伦贝尔,14.0
20170124,3,PM2.5_24h,呼伦贝尔,35.0
20170124,3,PM10,呼伦贝尔,27.0
20170124,3,PM10_24h,呼伦贝尔,60.0
20170124,3,SO2,呼伦贝尔,4.0
20170124,3,SO2_24h,呼伦贝尔,8.0
20170124,3,NO2,呼伦贝尔,9.0
20170124,3,NO2_24h,呼伦贝尔,30.0
20170124,3,O3,呼伦贝尔,69.0
20170124,3,O3_24h,呼伦贝尔,69.0
20170124,3,O3_8h,呼伦贝尔,65.0
20170124,3,O3_8h_24h,呼伦贝尔,65.0
20170124,3,CO,呼伦贝尔,0.4
20170124,3,CO_24h,呼伦贝尔,0.9
20170124,4,AQI,呼伦贝尔,23.0
20170124,4,PM2.5,呼伦贝尔,7.0
20170124,4,PM2.5_24h,呼伦贝尔,34.0
20170124,4,PM10,呼伦贝尔,23.0
20170124,4,PM10_24h,呼伦贝尔,58.0
20170124,4,SO2,呼伦贝尔,4.0
20170124,4,SO2_24h,呼伦贝尔,8.0
20170124,4,NO2,呼伦贝尔,18.0
20170124,4,NO2_24h,呼伦贝尔,29.0
20170124,4,O3,呼伦贝尔,58.0
20170124,4,O3_24h,呼伦贝尔,69.0
20170124,4,O3_8h,呼伦贝尔,63.0
20170124,4,O3_8h_24h,呼伦贝尔,65.0
20170124,4,CO,呼伦贝尔,0.6
20170124,4,CO_24h,呼伦贝尔,0.9
20170124,5,AQI,呼伦贝尔,23.0
20170124,5,PM2.5,呼伦贝尔,13.0
20170124,5,PM2.5_24h,呼伦贝尔,33.0
20170124,5,PM10,呼伦贝尔,23.0
20170124,5,PM10_24h,呼伦贝尔,57.0
20170124,5,SO2,呼伦贝尔,4.0
20170124,5,SO2_24h,呼伦贝尔,8.0
20170124,5,NO2,呼伦贝尔,7.0
20170124,5,NO2_24h,呼伦贝尔,29.0
20170124,5,O3,呼伦贝尔,70.0
20170124,5,O3_24h,呼伦贝尔,70.0
20170124,5,O3_8h,呼伦贝尔,64.0
20170124,5,O3_8h_24h,呼伦贝尔,65.0
20170124,5,CO,呼伦贝尔,0.4
20170124,5,CO_24h,呼伦贝尔,0.9
20170124,6,AQI,呼伦贝尔,21.0
20170124,6,PM2.5,呼伦贝尔,11.0
20170124,6,PM2.5_24h,呼伦贝尔,33.0
20170124,6,PM10,呼伦贝尔,18.0
20170124,6,PM10_24h,呼伦贝尔,57.0
20170124,6,SO2,呼伦贝尔,5.0
20170124,6,SO2_24h,呼伦贝尔,8.0
20170124,6,NO2,呼伦贝尔,14.0
20170124,6,NO2_24h,呼伦贝尔,29.0
20170124,6,O3,呼伦贝尔,66.0
20170124,6,O3_24h,呼伦贝尔,70.0
20170124,6,O3_8h,呼伦贝尔,65.0
20170124,6,O3_8h_24h,呼伦贝尔,65.0
20170124,6,CO,呼伦贝尔,0.4
20170124,6,CO_24h,呼伦贝尔,0.9
20170124,7,AQI,呼伦贝尔,26.0
20170124,7,PM2.5,呼伦贝尔,12.0
20170124,7,PM2.5_24h,呼伦贝尔,32.0
20170124,7,PM10,呼伦贝尔,26.0
20170124,7,PM10_24h,呼伦贝尔,56.0
20170124,7,SO2,呼伦贝尔,7.0
20170124,7,SO2_24h,呼伦贝尔,8.0
20170124,7,NO2,呼伦贝尔,42.0
20170124,7,NO2_24h,呼伦贝尔,29.0
20170124,7,O3,呼伦贝尔,38.0
20170124,7,O3_24h,呼伦贝尔,70.0
20170124,7,O3_8h,呼伦贝尔,61.0
20170124,7,O3_8h_24h,呼伦贝尔,65.0
20170124,7,CO,呼伦贝尔,0.8
20170124,7,CO_24h,呼伦贝尔,0.9
20170124,8,AQI,呼伦贝尔,40.0
20170124,8,PM2.5,呼伦贝尔,21.0
20170124,8,PM2.5_24h,呼伦贝尔,31.0
20170124,8,PM10,呼伦贝尔,40.0
20170124,8,PM10_24h,呼伦贝尔,56.0
20170124,8,SO2,呼伦贝尔,11.0
20170124,8,SO2_24h,呼伦贝尔,8.0
20170124,8,NO2,呼伦贝尔,73.0
20170124,8,NO2_24h,呼伦贝尔,29.0
20170124,8,O3,呼伦贝尔,9.0
20170124,8,O3_24h,呼伦贝尔,70.0
20170124,8,O3_8h,呼伦贝尔,54.0
20170124,8,O3_8h_24h,呼伦贝尔,65.0
20170124,8,CO,呼伦贝尔,2.0
20170124,8,CO_24h,呼伦贝尔,0.9
20170124,9,AQI,呼伦贝尔,88.0
20170124,9,PM2.5_24h,呼伦贝尔,31.0
20170124,9,PM10,呼伦贝尔,125.0
20170124,9,PM10_24h,呼伦贝尔,55.0
20170124,9,SO2,呼伦贝尔,11.0
20170124,9,SO2_24h,呼伦贝尔,8.0
20170124,9,NO2,呼伦贝尔,74.0
20170124,9,NO2_24h,呼伦贝尔,29.0
20170124,9,O3,呼伦贝尔,10.0
20170124,9,O3_24h,呼伦贝尔,70.0
20170124,9,O3_8h,呼伦贝尔,48.0
20170124,9,O3_8h_24h,呼伦贝尔,65.0
20170124,9,CO,呼伦贝尔,2.3
20170124,9,CO_24h,呼伦贝尔,0.9
20170124,10,AQI,呼伦贝尔,82.0
20170124,10,PM2.5_24h,呼伦贝尔,29.0
20170124,10,PM10,呼伦贝尔,114.0
20170124,10,PM10_24h,呼伦贝尔,57.0
20170124,10,SO2,呼伦贝尔,13.0
20170124,10,SO2_24h,呼伦贝尔,8.0
20170124,10,NO2,呼伦贝尔,58.0
20170124,10,NO2_24h,呼伦贝尔,29.0
20170124,10,O3,呼伦贝尔,19.0
20170124,10,O3_24h,呼伦贝尔,70.0
20170124,10,O3_8h,呼伦贝尔,42.0
20170124,10,O3_8h_24h,呼伦贝尔,65.0
20170124,10,CO,呼伦贝尔,2.0
20170124,10,CO_24h,呼伦贝尔,0.9
20170124,11,AQI,呼伦贝尔,84.0
20170124,11,PM2.5_24h,呼伦贝尔,22.0
20170124,11,PM10,呼伦贝尔,117.0
20170124,11,PM10_24h,呼伦贝尔,54.0
20170124,11,SO2,呼伦贝尔,14.0
20170124,11,SO2_24h,呼伦贝尔,8.0
20170124,11,NO2,呼伦贝尔,25.0
20170124,11,NO2_24h,呼伦贝尔,28.0
20170124,11,O3,呼伦贝尔,32.0
20170124,11,O3_24h,呼伦贝尔,70.0
20170124,11,O3_8h,呼伦贝尔,38.0
20170124,11,O3_8h_24h,呼伦贝尔,65.0
20170124,11,CO,呼伦贝尔,0.9
20170124,11,CO_24h,呼伦贝尔,0.9
20170124,12,AQI,呼伦贝尔,39.0
20170124,12,PM2.5,呼伦贝尔,27.0
20170124,12,PM2.5_24h,呼伦贝尔,20.0
20170124,12,PM10,呼伦贝尔,35.0
20170124,12,PM10_24h,呼伦贝尔,51.0
20170124,12,SO2,呼伦贝尔,20.0
20170124,12,SO2_24h,呼伦贝尔,9.0
20170124,12,NO2,呼伦贝尔,26.0
20170124,12,NO2_24h,呼伦贝尔,27.0
20170124,12,O3,呼伦贝尔,39.0
20170124,12,O3_24h,呼伦贝尔,70.0
20170124,12,O3_8h,呼伦贝尔,35.0
20170124,12,O3_8h_24h,呼伦贝尔,65.0
20170124,12,CO,呼伦贝尔,1.1
20170124,12,CO_24h,呼伦贝尔,0.9
20170124,13,AQI,呼伦贝尔,37.0
20170124,13,PM2.5,呼伦贝尔,26.0
20170124,13,PM2.5_24h,呼伦贝尔,20.0
20170124,13,PM10,呼伦贝尔,36.0
20170124,13,PM10_24h,呼伦贝尔,44.0
20170124,13,SO2,呼伦贝尔,17.0
20170124,13,SO2_24h,呼伦贝尔,9.0
20170124,13,NO2,呼伦贝尔,17.0
20170124,13,NO2_24h,呼伦贝尔,26.0
20170124,13,O3,呼伦贝尔,52.0
20170124,13,O3_24h,呼伦贝尔,70.0
20170124,13,O3_8h,呼伦贝尔,33.0
20170124,13,O3_8h_24h,呼伦贝尔,65.0
20170124,13,CO,呼伦贝尔,0.7
20170124,13,CO_24h,呼伦贝尔,0.8
20170124,14,AQI,呼伦贝尔,29.0
20170124,14,PM2.5,呼伦贝尔,16.0
20170124,14,PM2.5_24h,呼伦贝尔,20.0
20170124,14,PM10,呼伦贝尔,29.0
20170124,14,PM10_24h,呼伦贝尔,43.0
20170124,14,SO2,呼伦贝尔,16.0
20170124,14,SO2_24h,呼伦贝尔,9.0
20170124,14,NO2,呼伦贝尔,16.0
20170124,14,NO2_24h,呼伦贝尔,27.0
20170124,14,O3,呼伦贝尔,64.0
20170124,14,O3_24h,呼伦贝尔,70.0
20170124,14,O3_8h,呼伦贝尔,33.0
20170124,14,O3_8h_24h,呼伦贝尔,65.0
20170124,14,CO,呼伦贝尔,0.6
20170124,14,CO_24h,呼伦贝尔,0.8
20170124,15,AQI,呼伦贝尔,29.0
20170124,15,PM2.5,呼伦贝尔,16.0
20170124,15,PM2.5_24h,呼伦贝尔,20.0
20170124,15,PM10,呼伦贝尔,29.0
20170124,15,PM10_24h,呼伦贝尔,43.0
20170124,15,SO2,呼伦贝尔,14.0
20170124,15,SO2_24h,呼伦贝尔,10.0
20170124,15,NO2,呼伦贝尔,21.0
20170124,15,NO2_24h,呼伦贝尔,27.0
20170124,15,O3,呼伦贝尔,61.0
20170124,15,O3_24h,呼伦贝尔,70.0
20170124,15,O3_8h,呼伦贝尔,36.0
20170124,15,O3_8h_24h,呼伦贝尔,65.0
20170124,15,CO,呼伦贝尔,0.4
20170124,15,CO_24h,呼伦贝尔,0.8
20170124,16,AQI,呼伦贝尔,27.0
20170124,16,PM2.5,呼伦贝尔,18.0
20170124,16,PM2.5_24h,呼伦贝尔,21.0
20170124,16,PM10,呼伦贝尔,27.0
20170124,16,PM10_24h,呼伦贝尔,43.0
20170124,16,SO2,呼伦贝尔,16.0
20170124,16,SO2_24h,呼伦贝尔,10.0
20170124,16,NO2,呼伦贝尔,24.0
20170124,16,NO2_24h,呼伦贝尔,27.0
20170124,16,O3,呼伦贝尔,57.0
20170124,16,O3_24h,呼伦贝尔,70.0
20170124,16,O3_8h,呼伦贝尔,42.0
20170124,16,O3_8h_24h,呼伦贝尔,65.0
20170124,16,CO,呼伦贝尔,0.4
20170124,16,CO_24h,呼伦贝尔,0.8
20170124,17,AQI,呼伦贝尔,26.0
20170124,17,PM2.5,呼伦贝尔,18.0
20170124,17,PM2.5_24h,呼伦贝尔,22.0
20170124,17,PM10,呼伦贝尔,24.0
20170124,17,PM10_24h,呼伦贝尔,43.0
20170124,17,SO2,呼伦贝尔,14.0
20170124,17,SO2_24h,呼伦贝尔,10.0
20170124,17,NO2,呼伦贝尔,31.0
20170124,17,NO2_24h,呼伦贝尔,27.0
20170124,17,O3,呼伦贝尔,51.0
20170124,17,O3_24h,呼伦贝尔,70.0
20170124,17,O3_8h,呼伦贝尔,47.0
20170124,17,O3_8h_24h,呼伦贝尔,65.0
20170124,17,CO,呼伦贝尔,0.4
20170124,17,CO_24h,呼伦贝尔,0.8
20170124,18,AQI,呼伦贝尔,36.0
20170124,18,PM2.5,呼伦贝尔,22.0
20170124,18,PM2.5_24h,呼伦贝尔,21.0
20170124,18,PM10,呼伦贝尔,32.0
20170124,18,PM10_24h,呼伦贝尔,43.0
20170124,18,SO2,呼伦贝尔,16.0
20170124,18,SO2_24h,呼伦贝尔,10.0
20170124,18,NO2,呼伦贝尔,72.0
20170124,18,NO2_24h,呼伦贝尔,29.0
20170124,18,O3,呼伦贝尔,17.0
20170124,18,O3_24h,呼伦贝尔,70.0
20170124,18,O3_8h,呼伦贝尔,47.0
20170124,18,O3_8h_24h,呼伦贝尔,65.0
20170124,18,CO,呼伦贝尔,1.8
20170124,18,CO_24h,呼伦贝尔,0.9
20170124,19,AQI,呼伦贝尔,83.0
20170124,19,PM2.5_24h,呼伦贝尔,20.0
20170124,19,PM10,呼伦贝尔,116.0
20170124,19,PM10_24h,呼伦贝尔,46.0
20170124,19,SO2,呼伦贝尔,10.0
20170124,19,SO2_24h,呼伦贝尔,10.0
20170124,19,NO2,呼伦贝尔,67.0
20170124,19,NO2_24h,呼伦贝尔,31.0
20170124,19,O3,呼伦贝尔,16.0
20170124,19,O3_24h,呼伦贝尔,70.0
20170124,19,O3_8h,呼伦贝尔,45.0
20170124,19,O3_8h_24h,呼伦贝尔,65.0
20170124,19,CO,呼伦贝尔,1.8
20170124,19,CO_24h,呼伦贝尔,0.9
20170124,20,AQI,呼伦贝尔,82.0
20170124,20,PM2.5_24h,呼伦贝尔,20.0
20170124,20,PM10,呼伦贝尔,114.0
20170124,20,PM10_24h,呼伦贝尔,51.0
20170124,20,SO2,呼伦贝尔,10.0
20170124,20,SO2_24h,呼伦贝尔,11.0
20170124,20,NO2,呼伦贝尔,80.0
20170124,20,NO2_24h,呼伦贝尔,33.0
20170124,20,O3,呼伦贝尔,10.0
20170124,20,O3_24h,呼伦贝尔,70.0
20170124,20,O3_8h,呼伦贝尔,41.0
20170124,20,O3_8h_24h,呼伦贝尔,65.0
20170124,20,CO,呼伦贝尔,2.9
20170124,20,CO_24h,呼伦贝尔,1.0
20170124,21,AQI,呼伦贝尔,138.0
20170124,21,PM2.5_24h,呼伦贝尔,20.0
20170124,21,PM10,呼伦贝尔,226.0
20170124,21,PM10_24h,呼伦贝尔,59.0
20170124,21,SO2,呼伦贝尔,10.0
20170124,21,SO2_24h,呼伦贝尔,11.0
20170124,21,NO2,呼伦贝尔,66.0
20170124,21,NO2_24h,呼伦贝尔,35.0
20170124,21,O3,呼伦贝尔,12.0
20170124,21,O3_24h,呼伦贝尔,70.0
20170124,21,O3_8h,呼伦贝尔,36.0
20170124,21,O3_8h_24h,呼伦贝尔,65.0
20170124,21,CO,呼伦贝尔,1.8
20170124,21,CO_24h,呼伦贝尔,1.0
20170124,22,AQI,呼伦贝尔,143.0
20170124,22,PM2.5,呼伦贝尔,109.0
20170124,22,PM2.5_24h,呼伦贝尔,24.0
20170124,22,PM10,呼伦贝尔,130.0
20170124,22,PM10_24h,呼伦贝尔,62.0
20170124,22,SO2,呼伦贝尔,8.0
20170124,22,SO2_24h,呼伦贝尔,11.0
20170124,22,NO2,呼伦贝尔,65.0
20170124,22,NO2_24h,呼伦贝尔,37.0
20170124,22,O3,呼伦贝尔,9.0
20170124,22,O3_24h,呼伦贝尔,70.0
20170124,22,O3_8h,呼伦贝尔,29.0
20170124,22,O3_8h_24h,呼伦贝尔,65.0
20170124,22,CO,呼伦贝尔,1.5
20170124,22,CO_24h,呼伦贝尔,1.1
20170124,23,AQI,呼伦贝尔,99.0
20170124,23,PM2.5,呼伦贝尔,74.0
20170124,23,PM2.5_24h,呼伦贝尔,26.0
20170124,23,PM10_24h,呼伦贝尔,62.0
20170124,23,SO2,呼伦贝尔,9.0
20170124,23,SO2_24h,呼伦贝尔,11.0
20170124,23,NO2,呼伦贝尔,58.0
20170124,23,NO2_24h,呼伦贝尔,38.0
20170124,23,O3,呼伦贝尔,12.0
20170124,23,O3_24h,呼伦贝尔,70.0
20170124,23,O3_8h,呼伦贝尔,23.0
20170124,23,O3_8h_24h,呼伦贝尔,65.0
20170124,23,CO,呼伦贝尔,1.4
20170124,23,CO_24h,呼伦贝尔,1.1
20170124,0,AQI,巴彦淖尔,243.0
20170124,0,PM2.5,巴彦淖尔,193.0
20170124,0,PM2.5_24h,巴彦淖尔,87.0
20170124,0,PM10,巴彦淖尔,276.0
20170124,0,PM10_24h,巴彦淖尔,140.0
20170124,0,SO2,巴彦淖尔,262.0
20170124,0,SO2_24h,巴彦淖尔,139.0
20170124,0,NO2,巴彦淖尔,112.0
20170124,0,NO2_24h,巴彦淖尔,75.0
20170124,0,O3,巴彦淖尔,14.0
20170124,0,O3_24h,巴彦淖尔,62.0
20170124,0,O3_8h,巴彦淖尔,23.0
20170124,0,O3_8h_24h,巴彦淖尔,46.0
20170124,0,CO,巴彦淖尔,6.15
20170124,0,CO_24h,巴彦淖尔,3.0
20170124,1,AQI,巴彦淖尔,278.0
20170124,1,PM2.5,巴彦淖尔,228.0
20170124,1,PM2.5_24h,巴彦淖尔,94.0
20170124,1,PM10,巴彦淖尔,313.0
20170124,1,PM10_24h,巴彦淖尔,148.0
20170124,1,SO2,巴彦淖尔,202.0
20170124,1,SO2_24h,巴彦淖尔,141.0
20170124,1,NO2,巴彦淖尔,102.0
20170124,1,NO2_24h,巴彦淖尔,76.0
20170124,1,O3,巴彦淖尔,12.0
20170124,1,O3_24h,巴彦淖尔,62.0
20170124,1,O3_8h,巴彦淖尔,12.0
20170124,1,O3_8h_24h,巴彦淖尔,12.0
20170124,1,CO,巴彦淖尔,4.15
20170124,1,CO_24h,巴彦淖尔,3.05
20170124,2,AQI,巴彦淖尔,171.0
20170124,2,PM2.5,巴彦淖尔,130.0
20170124,2,PM2.5_24h,巴彦淖尔,95.0
20170124,2,PM10,巴彦淖尔,188.0
20170124,2,PM10_24h,巴彦淖尔,149.0
20170124,2,SO2,巴彦淖尔,109.0
20170124,2,SO2_24h,巴彦淖尔,141.0
20170124,2,NO2,巴彦淖尔,96.0
20170124,2,NO2_24h,巴彦淖尔,76.0
20170124,2,O3,巴彦淖尔,12.0
20170124,2,O3_24h,巴彦淖尔,62.0
20170124,2,O3_8h,巴彦淖尔,11.0
20170124,2,O3_8h_24h,巴彦淖尔,12.0
20170124,2,CO,巴彦淖尔,2.85
20170124,2,CO_24h,巴彦淖尔,3.05
20170124,3,AQI,巴彦淖尔,113.0
20170124,3,PM2.5,巴彦淖尔,85.0
20170124,3,PM2.5_24h,巴彦淖尔,96.0
20170124,3,PM10,巴彦淖尔,152.0
20170124,3,PM10_24h,巴彦淖尔,151.0
20170124,3,SO2,巴彦淖尔,95.0
20170124,3,SO2_24h,巴彦淖尔,141.0
20170124,3,NO2,巴彦淖尔,92.0
20170124,3,NO2_24h,巴彦淖尔,76.0
20170124,3,O3,巴彦淖尔,13.0
20170124,3,O3_24h,巴彦淖尔,62.0
20170124,3,O3_8h,巴彦淖尔,12.0
20170124,3,O3_8h_24h,巴彦淖尔,13.0
20170124,3,CO,巴彦淖尔,2.65
20170124,3,CO_24h,巴彦淖尔,3.0
20170124,4,AQI,巴彦淖尔,111.0
20170124,4,PM2.5,巴彦淖尔,84.0
20170124,4,PM2.5_24h,巴彦淖尔,95.0
20170124,4,PM10,巴彦淖尔,134.0
20170124,4,PM10_24h,巴彦淖尔,152.0
20170124,4,SO2,巴彦淖尔,77.0
20170124,4,SO2_24h,巴彦淖尔,140.0
20170124,4,NO2,巴彦淖尔,62.0
20170124,4,NO2_24h,巴彦淖尔,76.0
20170124,4,O3,巴彦淖尔,26.0
20170124,4,O3_24h,巴彦淖尔,62.0
20170124,4,O3_8h,巴彦淖尔,16.0
20170124,4,O3_8h_24h,巴彦淖尔,16.0
20170124,4,CO,巴彦淖尔,2.3
20170124,4,CO_24h,巴彦淖尔,2.95
20170124,5,AQI,巴彦淖尔,83.0
20170124,5,PM2.5,巴彦淖尔,61.0
20170124,5,PM2.5_24h,巴彦淖尔,94.0
20170124,5,PM10,巴彦淖尔,97.0
20170124,5,PM10_24h,巴彦淖尔,150.0
20170124,5,SO2,巴彦淖尔,48.0
20170124,5,SO2_24h,巴彦淖尔,139.0
20170124,5,NO2,巴彦淖尔,47.0
20170124,5,NO2_24h,巴彦淖尔,74.0
20170124,5,O3,巴彦淖尔,40.0
20170124,5,O3_24h,巴彦淖尔,62.0
20170124,5,O3_8h,巴彦淖尔,20.0
20170124,5,O3_8h_24h,巴彦淖尔,20.0
20170124,5,CO,巴彦淖尔,2.0
20170124,5,CO_24h,巴彦淖尔,2.85
20170124,6,AQI,巴彦淖尔,69.0
20170124,6,PM2.5,巴彦淖尔,50.0
20170124,6,PM2.5_24h,巴彦淖尔,93.0
20170124,6,PM10,巴彦淖尔,73.0
20170124,6,PM10_24h,巴彦淖尔,149.0
20170124,6,SO2,巴彦淖尔,36.0
20170124,6,SO2_24h,巴彦淖尔,138.0
20170124,6,NO2,巴彦淖尔,39.0
20170124,6,NO2_24h,巴彦淖尔,73.0
20170124,6,O3,巴彦淖尔,47.0
20170124,6,O3_24h,巴彦淖尔,62.0
20170124,6,O3_8h,巴彦淖尔,25.0
20170124,6,O3_8h_24h,巴彦淖尔,25.0
20170124,6,CO,巴彦淖尔,1.6
20170124,6,CO_24h,巴彦淖尔,2.8
20170124,7,AQI,巴彦淖尔,60.0
20170124,7,PM2.5,巴彦淖尔,43.0
20170124,7,PM2.5_24h,巴彦淖尔,92.0
20170124,7,PM10,巴彦淖尔,63.0
20170124,7,PM10_24h,巴彦淖尔,146.0
20170124,7,SO2,巴彦淖尔,215.0
20170124,7,SO2_24h,巴彦淖尔,141.0
20170124,7,NO2,巴彦淖尔,64.0
20170124,7,NO2_24h,巴彦淖尔,73.0
20170124,7,O3,巴彦淖尔,22.0
20170124,7,O3_24h,巴彦淖尔,62.0
20170124,7,O3_8h,巴彦淖尔,24.0
20170124,7,O3_8h_24h,巴彦淖尔,25.0
20170124,7,CO,巴彦淖尔,2.9
20170124,7,CO_24h,巴彦淖尔,2.8
20170124,8,AQI,巴彦淖尔,96.0
20170124,8,PM2.5,巴彦淖尔,72.0
20170124,8,PM2.5_24h,巴彦淖尔,91.0
20170124,8,PM10,巴彦淖尔,126.0
20170124,8,PM10_24h,巴彦淖尔,147.0
20170124,8,SO2,巴彦淖尔,158.0
20170124,8,SO2_24h,巴彦淖尔,140.0
20170124,8,NO2,巴彦淖尔,76.0
20170124,8,NO2_24h,巴彦淖尔,74.0
20170124,8,O3,巴彦淖尔,12.0
20170124,8,O3_24h,巴彦淖尔,62.0
20170124,8,O3_8h,巴彦淖尔,23.0
20170124,8,O3_8h_24h,巴彦淖尔,25.0
20170124,8,CO,巴彦淖尔,4.3
20170124,8,CO_24h,巴彦淖尔,2.85
20170124,9,AQI,巴彦淖尔,154.0
20170124,9,PM2.5,巴彦淖尔,118.0
20170124,9,PM2.5_24h,巴彦淖尔,91.0
20170124,9,PM10,巴彦淖尔,175.0
20170124,9,PM10_24h,巴彦淖尔,147.0
20170124,9,SO2,巴彦淖尔,217.0
20170124,9,SO2_24h,巴彦淖尔,144.0
20170124,9,NO2,巴彦淖尔,78.0
20170124,9,NO2_24h,巴彦淖尔,74.0
20170124,9,O3,巴彦淖尔,13.0
20170124,9,O3_24h,巴彦淖尔,62.0
20170124,9,O3_8h,巴彦淖尔,23.0
20170124,9,O3_8h_24h,巴彦淖尔,25.0
20170124,9,CO,巴彦淖尔,3.25
20170124,9,CO_24h,巴彦淖尔,2.8
20170124,10,AQI,巴彦淖尔,140.0
20170124,10,PM2.5,巴彦淖尔,107.0
20170124,10,PM2.5_24h,巴彦淖尔,90.0
20170124,10,PM10,巴彦淖尔,149.0
20170124,10,PM10_24h,巴彦淖尔,145.0
20170124,10,SO2,巴彦淖尔,202.0
20170124,10,SO2_24h,巴彦淖尔,145.0
20170124,10,NO2,巴彦淖尔,71.0
20170124,10,NO2_24h,巴彦淖尔,74.0
20170124,10,O3,巴彦淖尔,20.0
20170124,10,O3_24h,巴彦淖尔,62.0
20170124,10,O3_8h,巴彦淖尔,24.0
20170124,10,O3_8h_24h,巴彦淖尔,26.0
20170124,10,CO,巴彦淖尔,2.7
20170124,10,CO_24h,巴彦淖尔,2.8
20170124,11,AQI,巴彦淖尔,126.0
20170124,11,PM2.5,巴彦淖尔,96.0
20170124,11,PM2.5_24h,巴彦淖尔,89.0
20170124,11,PM10,巴彦淖尔,154.0
20170124,11,PM10_24h,巴彦淖尔,144.0
20170124,11,SO2,巴彦淖尔,94.0
20170124,11,SO2_24h,巴彦淖尔,143.0
20170124,11,NO2,巴彦淖尔,55.0
20170124,11,NO2_24h,巴彦淖尔,74.0
20170124,11,O3,巴彦淖尔,34.0
20170124,11,O3_24h,巴彦淖尔,62.0
20170124,11,O3_8h,巴彦淖尔,26.0
20170124,11,O3_8h_24h,巴彦淖尔,27.0
20170124,11,CO,巴彦淖尔,2.2
20170124,11,CO_24h,巴彦淖尔,2.8
20170124,12,AQI,巴彦淖尔,93.0
20170124,12,PM2.5,巴彦淖尔,69.0
20170124,12,PM2.5_24h,巴彦淖尔,88.0
20170124,12,PM10,巴彦淖尔,108.0
20170124,12,PM10_24h,巴彦淖尔,142.0
20170124,12,SO2,巴彦淖尔,87.0
20170124,12,SO2_24h,巴彦淖尔,143.0
20170124,12,NO2,巴彦淖尔,48.0
20170124,12,NO2_24h,巴彦淖尔,73.0
20170124,12,O3,巴彦淖尔,48.0
20170124,12,O3_24h,巴彦淖尔,62.0
20170124,12,O3_8h,巴彦淖尔,29.0
20170124,12,O3_8h_24h,巴彦淖尔,29.0
20170124,12,CO,巴彦淖尔,1.95
20170124,12,CO_24h,巴彦淖尔,2.8
20170124,13,AQI,巴彦淖尔,83.0
20170124,13,PM2.5,巴彦淖尔,61.0
20170124,13,PM2.5_24h,巴彦淖尔,87.0
20170124,13,PM10,巴彦淖尔,90.0
20170124,13,PM10_24h,巴彦淖尔,141.0
20170124,13,SO2,巴彦淖尔,189.0
20170124,13,SO2_24h,巴彦淖尔,148.0
20170124,13,NO2,巴彦淖尔,49.0
20170124,13,NO2_24h,巴彦淖尔,73.0
20170124,13,O3,巴彦淖尔,56.0
20170124,13,O3_24h,巴彦淖尔,65.0
20170124,13,O3_8h,巴彦淖尔,31.0
20170124,13,O3_8h_24h,巴彦淖尔,31.0
20170124,13,CO,巴彦淖尔,1.7
20170124,13,CO_24h,巴彦淖尔,2.8
20170124,14,AQI,巴彦淖尔,65.0
20170124,14,PM2.5,巴彦淖尔,47.0
20170124,14,PM2.5_24h,巴彦淖尔,85.0
20170124,14,PM10,巴彦淖尔,79.0
20170124,14,PM10_24h,巴彦淖尔,141.0
20170124,14,SO2,巴彦淖尔,118.0
20170124,14,SO2_24h,巴彦淖尔,151.0
20170124,14,NO2,巴彦淖尔,42.0
20170124,14,NO2_24h,巴彦淖尔,73.0
20170124,14,O3,巴彦淖尔,71.0
20170124,14,O3_24h,巴彦淖尔,71.0
20170124,14,O3_8h,巴彦淖尔,34.0
20170124,14,O3_8h_24h,巴彦淖尔,34.0
20170124,14,CO,巴彦淖尔,1.6
20170124,14,CO_24h,巴彦淖尔,2.8
20170124,15,AQI,巴彦淖尔,61.0
20170124,15,PM2.5,巴彦淖尔,44.0
20170124,15,PM2.5_24h,巴彦淖尔,86.0
20170124,15,PM10,巴彦淖尔,70.0
20170124,15,PM10_24h,巴彦淖尔,141.0
20170124,15,SO2,巴彦淖尔,91.0
20170124,15,SO2_24h,巴彦淖尔,149.0
20170124,15,NO2,巴彦淖尔,44.0
20170124,15,NO2_24h,巴彦淖尔,73.0
20170124,15,O3,巴彦淖尔,77.0
20170124,15,O3_24h,巴彦淖尔,77.0
20170124,15,O3_8h,巴彦淖尔,41.0
20170124,15,O3_8h_24h,巴彦淖尔,41.0
20170124,15,CO,巴彦淖尔,1.7
20170124,15,CO_24h,巴彦淖尔,2.8
20170124,16,AQI,巴彦淖尔,69.0
20170124,16,PM2.5,巴彦淖尔,47.0
20170124,16,PM2.5_24h,巴彦淖尔,86.0
20170124,16,PM10,巴彦淖尔,87.0
20170124,16,PM10_24h,巴彦淖尔,140.0
20170124,16,SO2,巴彦淖尔,101.0
20170124,16,SO2_24h,巴彦淖尔,148.0
20170124,16,NO2,巴彦淖尔,44.0
20170124,16,NO2_24h,巴彦淖尔,73.0
20170124,16,O3,巴彦淖尔,75.0
20170124,16,O3_24h,巴彦淖尔,77.0
20170124,16,O3_8h,巴彦淖尔,49.0
20170124,16,O3_8h_24h,巴彦淖尔,49.0
20170124,16,CO,巴彦淖尔,1.55
20170124,16,CO_24h,巴彦淖尔,2.8
20170124,17,AQI,巴彦淖尔,67.0
20170124,17,PM2.5,巴彦淖尔,42.0
20170124,17,PM2.5_24h,巴彦淖尔,86.0
20170124,17,PM10,巴彦淖尔,84.0
20170124,17,PM10_24h,巴彦淖尔,140.0
20170124,17,SO2,巴彦淖尔,86.0
20170124,17,SO2_24h,巴彦淖尔,148.0
20170124,17,NO2,巴彦淖尔,47.0
20170124,17,NO2_24h,巴彦淖尔,73.0
20170124,17,O3,巴彦淖尔,73.0
20170124,17,O3_24h,巴彦淖尔,77.0
20170124,17,O3_8h,巴彦淖尔,57.0
20170124,17,O3_8h_24h,巴彦淖尔,57.0
20170124,17,CO,巴彦淖尔,1.55
20170124,17,CO_24h,巴彦淖尔,2.8
20170124,18,AQI,巴彦淖尔,72.0
20170124,18,PM2.5,巴彦淖尔,45.0
20170124,18,PM2.5_24h,巴彦淖尔,87.0
20170124,18,PM10,巴彦淖尔,94.0
20170124,18,PM10_24h,巴彦淖尔,140.0
20170124,18,SO2,巴彦淖尔,73.0
20170124,18,SO2_24h,巴彦淖尔,148.0
20170124,18,NO2,巴彦淖尔,55.0
20170124,18,NO2_24h,巴彦淖尔,72.0
20170124,18,O3,巴彦淖尔,62.0
20170124,18,O3_24h,巴彦淖尔,77.0
20170124,18,O3_8h,巴彦淖尔,62.0
20170124,18,O3_8h_24h,巴彦淖尔,62.0
20170124,18,CO,巴彦淖尔,1.6
20170124,18,CO_24h,巴彦淖尔,2.8
20170124,19,AQI,巴彦淖尔,70.0
20170124,19,PM2.5,巴彦淖尔,43.0
20170124,19,PM2.5_24h,巴彦淖尔,86.0
20170124,19,PM10,巴彦淖尔,89.0
20170124,19,PM10_24h,巴彦淖尔,138.0
20170124,19,SO2,巴彦淖尔,75.0
20170124,19,SO2_24h,巴彦淖尔,147.0
20170124,19,NO2,巴彦淖尔,84.0
20170124,19,NO2_24h,巴彦淖尔,72.0
20170124,19,O3,巴彦淖尔,34.0
20170124,19,O3_24h,巴彦淖尔,77.0
20170124,19,O3_8h,巴彦淖尔,62.0
20170124,19,O3_8h_24h,巴彦淖尔,62.0
20170124,19,CO,巴彦淖尔,2.1
20170124,19,CO_24h,巴彦淖尔,2.75
20170124,20,AQI,巴彦淖尔,85.0
20170124,20,PM2.5,巴彦淖尔,63.0
20170124,20,PM2.5_24h,巴彦淖尔,85.0
20170124,20,PM10,巴彦淖尔,120.0
20170124,20,PM10_24h,巴彦淖尔,137.0
20170124,20,SO2,巴彦淖尔,155.0
20170124,20,SO2_24h,巴彦淖尔,144.0
20170124,20,NO2,巴彦淖尔,111.0
20170124,20,NO2_24h,巴彦淖尔,72.0
20170124,20,O3,巴彦淖尔,12.0
20170124,20,O3_24h,巴彦淖尔,77.0
20170124,20,O3_8h,巴彦淖尔,57.0
20170124,20,O3_8h_24h,巴彦淖尔,62.0
20170124,20,CO,巴彦淖尔,3.3
20170124,20,CO_24h,巴彦淖尔,2.75
20170124,21,AQI,巴彦淖尔,159.0
20170124,21,PM2.5,巴彦淖尔,121.0
20170124,21,PM2.5_24h,巴彦淖尔,87.0
20170124,21,PM10,巴彦淖尔,215.0
20170124,21,PM10_24h,巴彦淖尔,138.0
20170124,21,SO2,巴彦淖尔,72.0
20170124,21,SO2_24h,巴彦淖尔,138.0
20170124,21,NO2,巴彦淖尔,112.0
20170124,21,NO2_24h,巴彦淖尔,73.0
20170124,21,O3,巴彦淖尔,13.0
20170124,21,O3_24h,巴彦淖尔,77.0
20170124,21,O3_8h,巴彦淖尔,52.0
20170124,21,O3_8h_24h,巴彦淖尔,62.0
20170124,21,CO,巴彦淖尔,4.4
20170124,21,CO_24h,巴彦淖尔,2.8
20170124,22,AQI,巴彦淖尔,225.0
20170124,22,PM2.5,巴彦淖尔,175.0
20170124,22,PM2.5_24h,巴彦淖尔,90.0
20170124,22,PM10,巴彦淖尔,261.0
20170124,22,PM10_24h,巴彦淖尔,143.0
20170124,22,SO2,巴彦淖尔,302.0
20170124,22,SO2_24h,巴彦淖尔,141.0
20170124,22,NO2,巴彦淖尔,119.0
20170124,22,NO2_24h,巴彦淖尔,73.0
20170124,22,O3,巴彦淖尔,12.0
20170124,22,O3_24h,巴彦淖尔,77.0
20170124,22,O3_8h,巴彦淖尔,45.0
20170124,22,O3_8h_24h,巴彦淖尔,62.0
20170124,22,CO,巴彦淖尔,5.95
20170124,22,CO_24h,巴彦淖尔,2.9
20170124,23,AQI,巴彦淖尔,297.0
20170124,23,PM2.5,巴彦淖尔,247.0
20170124,23,PM2.5_24h,巴彦淖尔,95.0
20170124,23,PM10,巴彦淖尔,342.0
20170124,23,PM10_24h,巴彦淖尔,147.0
20170124,23,SO2,巴彦淖尔,211.0
20170124,23,SO2_24h,巴彦淖尔,138.0
20170124,23,NO2,巴彦淖尔,108.0
20170124,23,NO2_24h,巴彦淖尔,73.0
20170124,23,O3,巴彦淖尔,11.0
20170124,23,O3_24h,巴彦淖尔,77.0
20170124,23,O3_8h,巴彦淖尔,37.0
20170124,23,O3_8h_24h,巴彦淖尔,62.0
20170124,23,CO,巴彦淖尔,4.6
20170124,23,CO_24h,巴彦淖尔,2.9
20170124,0,AQI,乌兰察布,109.0
20170124,0,PM2.5,乌兰察布,82.0
20170124,0,PM2.5_24h,乌兰察布,51.0
20170124,0,PM10,乌兰察布,84.0
20170124,0,PM10_24h,乌兰察布,71.0
20170124,0,SO2,乌兰察布,55.0
20170124,0,SO2_24h,乌兰察布,57.0
20170124,0,NO2,乌兰察布,72.0
20170124,0,NO2_24h,乌兰察布,50.0
20170124,0,O3,乌兰察布,15.0
20170124,0,O3_24h,乌兰察布,94.0
20170124,0,O3_8h,乌兰察布,56.0
20170124,0,O3_8h_24h,乌兰察布,76.0
20170124,0,CO,乌兰察布,1.85
20170124,0,CO_24h,乌兰察布,1.35
20170124,1,AQI,乌兰察布,84.0
20170124,1,PM2.5,乌兰察布,62.0
20170124,1,PM2.5_24h,乌兰察布,52.0
20170124,1,PM10,乌兰察布,49.0
20170124,1,PM10_24h,乌兰察布,71.0
20170124,1,SO2,乌兰察布,44.0
20170124,1,SO2_24h,乌兰察布,56.0
20170124,1,NO2,乌兰察布,54.0
20170124,1,NO2_24h,乌兰察布,49.0
20170124,1,O3,乌兰察布,28.0
20170124,1,O3_24h,乌兰察布,94.0
20170124,1,O3_8h,乌兰察布,28.0
20170124,1,O3_8h_24h,乌兰察布,28.0
20170124,1,CO,乌兰察布,1.55
20170124,1,CO_24h,乌兰察布,1.35
20170124,2,AQI,乌兰察布,70.0
20170124,2,PM2.5,乌兰察布,51.0
20170124,2,PM2.5_24h,乌兰察布,52.0
20170124,2,PM10,乌兰察布,64.0
20170124,2,PM10_24h,乌兰察布,71.0
20170124,2,SO2,乌兰察布,42.0
20170124,2,SO2_24h,乌兰察布,56.0
20170124,2,NO2,乌兰察布,49.0
20170124,2,NO2_24h,乌兰察布,48.0
20170124,2,O3,乌兰察布,27.0
20170124,2,O3_24h,乌兰察布,94.0
20170124,2,O3_8h,乌兰察布,27.0
20170124,2,O3_8h_24h,乌兰察布,28.0
20170124,2,CO,乌兰察布,1.3
20170124,2,CO_24h,乌兰察布,1.35
20170124,3,AQI,乌兰察布,58.0
20170124,3,PM2.5,乌兰察布,41.0
20170124,3,PM2.5_24h,乌兰察布,51.0
20170124,3,PM10,乌兰察布,44.0
20170124,3,PM10_24h,乌兰察布,70.0
20170124,3,SO2,乌兰察布,38.0
20170124,3,SO2_24h,乌兰察布,55.0
20170124,3,NO2,乌兰察布,39.0
20170124,3,NO2_24h,乌兰察布,47.0
20170124,3,O3,乌兰察布,39.0
20170124,3,O3_24h,乌兰察布,94.0
20170124,3,O3_8h,乌兰察布,31.0
20170124,3,O3_8h_24h,乌兰察布,31.0
20170124,3,CO,乌兰察布,1.05
20170124,3,CO_24h,乌兰察布,1.35
20170124,4,AQI,乌兰察布,39.0
20170124,4,PM2.5,乌兰察布,27.0
20170124,4,PM2.5_24h,乌兰察布,51.0
20170124,4,PM10,乌兰察布,34.0
20170124,4,PM10_24h,乌兰察布,69.0
20170124,4,SO2,乌兰察布,35.0
20170124,4,SO2_24h,乌兰察布,54.0
20170124,4,NO2,乌兰察布,45.0
20170124,4,NO2_24h,乌兰察布,46.0
20170124,4,O3,乌兰察布,42.0
20170124,4,O3_24h,乌兰察布,94.0
20170124,4,O3_8h,乌兰察布,34.0
20170124,4,O3_8h_24h,乌兰察布,35.0
20170124,4,CO,乌兰察布,0.75
20170124,4,CO_24h,乌兰察布,1.25
20170124,5,AQI,乌兰察布,40.0
20170124,5,PM2.5,乌兰察布,28.0
20170124,5,PM2.5_24h,乌兰察布,50.0
20170124,5,PM10,乌兰察布,36.0
20170124,5,PM10_24h,乌兰察布,67.0
20170124,5,SO2,乌兰察布,37.0
20170124,5,SO2_24h,乌兰察布,53.0
20170124,5,NO2,乌兰察布,53.0
20170124,5,NO2_24h,乌兰察布,46.0
20170124,5,O3,乌兰察布,58.0
20170124,5,O3_24h,乌兰察布,94.0
20170124,5,O3_8h,乌兰察布,33.0
20170124,5,O3_8h_24h,乌兰察布,36.0
20170124,5,CO,乌兰察布,1.95
20170124,5,CO_24h,乌兰察布,1.3
20170124,6,AQI,乌兰察布,54.0
20170124,6,PM2.5,乌兰察布,33.0
20170124,6,PM2.5_24h,乌兰察布,49.0
20170124,6,PM10,乌兰察布,57.0
20170124,6,PM10_24h,乌兰察布,66.0
20170124,6,SO2,乌兰察布,40.0
20170124,6,SO2_24h,乌兰察布,52.0
20170124,6,NO2,乌兰察布,60.0
20170124,6,NO2_24h,乌兰察布,45.0
20170124,6,O3,乌兰察布,24.0
20170124,6,O3_24h,乌兰察布,94.0
20170124,6,O3_8h,乌兰察布,30.0
20170124,6,O3_8h_24h,乌兰察布,36.0
20170124,6,CO,乌兰察布,1.45
20170124,6,CO_24h,乌兰察布,1.25
20170124,7,AQI,乌兰察布,60.0
20170124,7,PM2.5,乌兰察布,43.0
20170124,7,PM2.5_24h,乌兰察布,48.0
20170124,7,PM10,乌兰察布,59.0
20170124,7,PM10_24h,乌兰察布,65.0
20170124,7,SO2,乌兰察布,43.0
20170124,7,SO2_24h,乌兰察布,52.0
20170124,7,NO2,乌兰察布,59.0
20170124,7,NO2_24h,乌兰察布,45.0
20170124,7,O3,乌兰察布,14.0
20170124,7,O3_24h,乌兰察布,94.0
20170124,7,O3_8h,乌兰察布,27.0
20170124,7,O3_8h_24h,乌兰察布,36.0
20170124,7,CO,乌兰察布,1.65
20170124,7,CO_24h,乌兰察布,1.25
20170124,8,AQI,乌兰察布,86.0
20170124,8,PM2.5,乌兰察布,64.0
20170124,8,PM2.5_24h,乌兰察布,48.0
20170124,8,PM10,乌兰察布,94.0
20170124,8,PM10_24h,乌兰察布,65.0
20170124,8,SO2,乌兰察布,73.0
20170124,8,SO2_24h,乌兰察布,51.0
20170124,8,NO2,乌兰察布,70.0
20170124,8,NO2_24h,乌兰察布,45.0
20170124,8,O3,乌兰察布,7.0
20170124,8,O3_24h,乌兰察布,94.0
20170124,8,O3_8h,乌兰察布,25.0
20170124,8,O3_8h_24h,乌兰察布,36.0
20170124,8,CO,乌兰察布,2.05
20170124,8,CO_24h,乌兰察布,1.25
20170124,9,AQI,乌兰察布,95.0
20170124,9,PM2.5,乌兰察布,71.0
20170124,9,PM2.5_24h,乌兰察布,48.0
20170124,9,PM10,乌兰察布,104.0
20170124,9,PM10_24h,乌兰察布,65.0
20170124,9,SO2,乌兰察布,74.0
20170124,9,SO2_24h,乌兰察布,51.0
20170124,9,NO2,乌兰察布,69.0
20170124,9,NO2_24h,乌兰察布,44.0
20170124,9,O3,乌兰察布,6.0
20170124,9,O3_24h,乌兰察布,94.0
20170124,9,O3_8h,乌兰察布,22.0
20170124,9,O3_8h_24h,乌兰察布,36.0
20170124,9,CO,乌兰察布,2.6
20170124,9,CO_24h,乌兰察布,1.25
20170124,10,AQI,乌兰察布,142.0
20170124,10,PM2.5,乌兰察布,100.0
20170124,10,PM2.5_24h,乌兰察布,49.0
20170124,10,PM10,乌兰察布,233.0
20170124,10,PM10_24h,乌兰察布,71.0
20170124,10,SO2,乌兰察布,89.0
20170124,10,SO2_24h,乌兰察布,51.0
20170124,10,NO2,乌兰察布,73.0
20170124,10,NO2_24h,乌兰察布,45.0
20170124,10,O3,乌兰察布,9.0
20170124,10,O3_24h,乌兰察布,94.0
20170124,10,O3_8h,乌兰察布,20.0
20170124,10,O3_8h_24h,乌兰察布,36.0
20170124,10,CO,乌兰察布,2.55
20170124,10,CO_24h,乌兰察布,1.25
20170124,11,AQI,乌兰察布,103.0
20170124,11,PM2.5,乌兰察布,77.0
20170124,11,PM2.5_24h,乌兰察布,48.0
20170124,11,PM10,乌兰察布,132.0
20170124,11,PM10_24h,乌兰察布,70.0
20170124,11,SO2,乌兰察布,83.0
20170124,11,SO2_24h,乌兰察布,51.0
20170124,11,NO2,乌兰察布,65.0
20170124,11,NO2_24h,乌兰察布,45.0
20170124,11,O3,乌兰察布,17.0
20170124,11,O3_24h,乌兰察布,94.0
20170124,11,O3_8h,乌兰察布,17.0
20170124,11,O3_8h_24h,乌兰察布,36.0
20170124,11,CO,乌兰察布,2.1
20170124,11,CO_24h,乌兰察布,1.25
20170124,12,AQI,乌兰察布,136.0
20170124,12,PM2.5,乌兰察布,104.0
20170124,12,PM2.5_24h,乌兰察布,50.0
20170124,12,PM10,乌兰察布,147.0
20170124,12,PM10_24h,乌兰察布,73.0
20170124,12,SO2,乌兰察布,73.0
20170124,12,SO2_24h,乌兰察布,51.0
20170124,12,NO2,乌兰察布,48.0
20170124,12,NO2_24h,乌兰察布,45.0
20170124,12,O3,乌兰察布,38.0
20170124,12,O3_24h,乌兰察布,94.0
20170124,12,O3_8h,乌兰察布,17.0
20170124,12,O3_8h_24h,乌兰察布,36.0
20170124,12,CO,乌兰察布,1.35
20170124,12,CO_24h,乌兰察布,1.25
20170124,13,AQI,乌兰察布,73.0
20170124,13,PM2.5,乌兰察布,53.0
20170124,13,PM2.5_24h,乌兰察布,49.0
20170124,13,PM10,乌兰察布,74.0
20170124,13,PM10_24h,乌兰察布,72.0
20170124,13,SO2,乌兰察布,62.0
20170124,13,SO2_24h,乌兰察布,51.0
20170124,13,NO2,乌兰察布,37.0
20170124,13,NO2_24h,乌兰察布,45.0
20170124,13,O3,乌兰察布,53.0
20170124,13,O3_24h,乌兰察布,94.0
20170124,13,O3_8h,乌兰察布,20.0
20170124,13,O3_8h_24h,乌兰察布,36.0
20170124,13,CO,乌兰察布,1.5
20170124,13,CO_24h,乌兰察布,1.25
20170124,14,AQI,乌兰察布,71.0
20170124,14,PM2.5,乌兰察布,52.0
20170124,14,PM2.5_24h,乌兰察布,50.0
20170124,14,PM10,乌兰察布,74.0
20170124,14,PM10_24h,乌兰察布,73.0
20170124,14,SO2,乌兰察布,71.0
20170124,14,SO2_24h,乌兰察布,52.0
20170124,14,NO2,乌兰察布,41.0
20170124,14,NO2_24h,乌兰察布,46.0
20170124,14,O3,乌兰察布,58.0
20170124,14,O3_24h,乌兰察布,94.0
20170124,14,O3_8h,乌兰察布,25.0
20170124,14,O3_8h_24h,乌兰察布,36.0
20170124,14,CO,乌兰察布,2.2
20170124,14,CO_24h,乌兰察布,1.35
20170124,15,AQI,乌兰察布,74.0
20170124,15,PM2.5,乌兰察布,54.0
20170124,15,PM2.5_24h,乌兰察布,51.0
20170124,15,PM10,乌兰察布,64.0
20170124,15,PM10_24h,乌兰察布,73.0
20170124,15,SO2,乌兰察布,68.0
20170124,15,SO2_24h,乌兰察布,53.0
20170124,15,NO2,乌兰察布,41.0
20170124,15,NO2_24h,乌兰察布,47.0
20170124,15,O3,乌兰察布,58.0
20170124,15,O3_24h,乌兰察布,94.0
20170124,15,O3_8h,乌兰察布,31.0
20170124,15,O3_8h_24h,乌兰察布,39.0
20170124,15,CO,乌兰察布,1.7
20170124,15,CO_24h,乌兰察布,1.35
20170124,16,AQI,乌兰察布,68.0
20170124,16,PM2.5,乌兰察布,49.0
20170124,16,PM2.5_24h,乌兰察布,51.0
20170124,16,PM10,乌兰察布,74.0
20170124,16,PM10_24h,乌兰察布,75.0
20170124,16,SO2,乌兰察布,66.0
20170124,16,SO2_24h,乌兰察布,54.0
20170124,16,NO2,乌兰察布,43.0
20170124,16,NO2_24h,乌兰察布,48.0
20170124,16,O3,乌兰察布,55.0
20170124,16,O3_24h,乌兰察布,91.0
20170124,16,O3_8h,乌兰察布,37.0
20170124,16,O3_8h_24h,乌兰察布,42.0
20170124,16,CO,乌兰察布,1.25
20170124,16,CO_24h,乌兰察布,1.4
20170124,17,AQI,乌兰察布,60.0
20170124,17,PM2.5,乌兰察布,42.0
20170124,17,PM2.5_24h,乌兰察布,50.0
20170124,17,PM10,乌兰察布,69.0
20170124,17,PM10_24h,乌兰察布,76.0
20170124,17,SO2,乌兰察布,67.0
20170124,17,SO2_24h,乌兰察布,56.0
20170124,17,NO2,乌兰察布,43.0
20170124,17,NO2_24h,乌兰察布,49.0
20170124,17,O3,乌兰察布,52.0
20170124,17,O3_24h,乌兰察布,74.0
20170124,17,O3_8h,乌兰察布,43.0
20170124,17,O3_8h_24h,乌兰察布,44.0
20170124,17,CO,乌兰察布,0.95
20170124,17,CO_24h,乌兰察布,1.45
20170124,18,AQI,乌兰察布,54.0
20170124,18,PM2.5,乌兰察布,38.0
20170124,18,PM2.5_24h,乌兰察布,51.0
20170124,18,PM10,乌兰察布,58.0
20170124,18,PM10_24h,乌兰察布,76.0
20170124,18,SO2,乌兰察布,61.0
20170124,18,SO2_24h,乌兰察布,57.0
20170124,18,NO2,乌兰察布,45.0
20170124,18,NO2_24h,乌兰察布,50.0
20170124,18,O3,乌兰察布,53.0
20170124,18,O3_24h,乌兰察布,69.0
20170124,18,O3_8h,乌兰察布,48.0
20170124,18,O3_8h_24h,乌兰察布,48.0
20170124,18,CO,乌兰察布,0.75
20170124,18,CO_24h,乌兰察布,1.45
20170124,19,AQI,乌兰察布,56.0
20170124,19,PM2.5,乌兰察布,35.0
20170124,19,PM2.5_24h,乌兰察布,52.0
20170124,19,PM10,乌兰察布,62.0
20170124,19,PM10_24h,乌兰察布,77.0
20170124,19,SO2,乌兰察布,77.0
20170124,19,SO2_24h,乌兰察布,58.0
20170124,19,NO2,乌兰察布,62.0
20170124,19,NO2_24h,乌兰察布,51.0
20170124,19,O3,乌兰察布,34.0
20170124,19,O3_24h,乌兰察布,69.0
20170124,19,O3_8h,乌兰察布,50.0
20170124,19,O3_8h_24h,乌兰察布,50.0
20170124,19,CO,乌兰察布,1.0
20170124,19,CO_24h,乌兰察布,1.45
20170124,20,AQI,乌兰察布,65.0
20170124,20,PM2.5,乌兰察布,47.0
20170124,20,PM2.5_24h,乌兰察布,52.0
20170124,20,PM10,乌兰察布,74.0
20170124,20,PM10_24h,乌兰察布,78.0
20170124,20,SO2,乌兰察布,60.0
20170124,20,SO2_24h,乌兰察布,58.0
20170124,20,NO2,乌兰察布,64.0
20170124,20,NO2_24h,乌兰察布,52.0
20170124,20,O3,乌兰察布,34.0
20170124,20,O3_24h,乌兰察布,67.0
20170124,20,O3_8h,乌兰察布,50.0
20170124,20,O3_8h_24h,乌兰察布,51.0
20170124,20,CO,乌兰察布,1.05
20170124,20,CO_24h,乌兰察布,1.5
20170124,21,AQI,乌兰察布,83.0
20170124,21,PM2.5,乌兰察布,61.0
20170124,21,PM2.5_24h,乌兰察布,53.0
20170124,21,PM10,乌兰察布,96.0
20170124,21,PM10_24h,乌兰察布,80.0
20170124,21,SO2,乌兰察布,69.0
20170124,21,SO2_24h,乌兰察布,59.0
20170124,21,NO2,乌兰察布,76.0
20170124,21,NO2_24h,乌兰察布,54.0
20170124,21,O3,乌兰察布,17.0
20170124,21,O3_24h,乌兰察布,63.0
20170124,21,O3_8h,乌兰察布,45.0
20170124,21,O3_8h_24h,乌兰察布,51.0
20170124,21,CO,乌兰察布,1.4
20170124,21,CO_24h,乌兰察布,1.5
20170124,22,AQI,乌兰察布,70.0
20170124,22,PM2.5,乌兰察布,51.0
20170124,22,PM2.5_24h,乌兰察布,54.0
20170124,22,PM10,乌兰察布,90.0
20170124,22,PM10_24h,乌兰察布,82.0
20170124,22,SO2,乌兰察布,81.0
20170124,22,SO2_24h,乌兰察布,61.0
20170124,22,NO2,乌兰察布,85.0
20170124,22,NO2_24h,乌兰察布,56.0
20170124,22,O3,乌兰察布,31.0
20170124,22,O3_24h,乌兰察布,63.0
20170124,22,O3_8h,乌兰察布,40.0
20170124,22,O3_8h_24h,乌兰察布,51.0
20170124,22,CO,乌兰察布,2.15
20170124,22,CO_24h,乌兰察布,1.6
20170124,23,AQI,乌兰察布,93.0
20170124,23,PM2.5,乌兰察布,69.0
20170124,23,PM2.5_24h,乌兰察布,56.0
20170124,23,PM10,乌兰察布,125.0
20170124,23,PM10_24h,乌兰察布,85.0
20170124,23,SO2,乌兰察布,68.0
20170124,23,SO2_24h,乌兰察布,61.0
20170124,23,NO2,乌兰察布,87.0
20170124,23,NO2_24h,乌兰察布,57.0
20170124,23,O3,乌兰察布,13.0
20170124,23,O3_24h,乌兰察布,63.0
20170124,23,O3_8h,乌兰察布,34.0
20170124,23,O3_8h_24h,乌兰察布,51.0
20170124,23,CO,乌兰察布,1.15
20170124,23,CO_24h,乌兰察布,1.55
20170124,0,AQI,兴安盟,29.0
20170124,0,PM2.5,兴安盟,20.0
20170124,0,PM2.5_24h,兴安盟,15.0
20170124,0,PM10,兴安盟,22.0
20170124,0,PM10_24h,兴安盟,22.0
20170124,0,SO2,兴安盟,7.0
20170124,0,SO2_24h,兴安盟,8.0
20170124,0,NO2,兴安盟,14.0
20170124,0,NO2_24h,兴安盟,13.0
20170124,0,O3,兴安盟,59.0
20170124,0,O3_24h,兴安盟,73.0
20170124,0,O3_8h,兴安盟,53.0
20170124,0,O3_8h_24h,兴安盟,65.0
20170124,0,CO,兴安盟,0.5
20170124,0,CO_24h,兴安盟,0.47
20170124,1,AQI,兴安盟,23.0
20170124,1,PM2.5,兴安盟,16.0
20170124,1,PM2.5_24h,兴安盟,15.0
20170124,1,PM10,兴安盟,21.0
20170124,1,PM10_24h,兴安盟,22.0
20170124,1,SO2,兴安盟,6.0
20170124,1,SO2_24h,兴安盟,8.0
20170124,1,NO2,兴安盟,11.0
20170124,1,NO2_24h,兴安盟,13.0
20170124,1,O3,兴安盟,61.0
20170124,1,O3_24h,兴安盟,73.0
20170124,1,O3_8h,兴安盟,61.0
20170124,1,O3_8h_24h,兴安盟,61.0
20170124,1,CO,兴安盟,0.53
20170124,1,CO_24h,兴安盟,0.47
20170124,2,AQI,兴安盟,20.0
20170124,2,PM2.5,兴安盟,12.0
20170124,2,PM2.5_24h,兴安盟,15.0
20170124,2,PM10,兴安盟,18.0
20170124,2,PM10_24h,兴安盟,21.0
20170124,2,SO2,兴安盟,8.0
20170124,2,SO2_24h,兴安盟,8.0
20170124,2,NO2,兴安盟,9.0
20170124,2,NO2_24h,兴安盟,13.0
20170124,2,O3,兴安盟,63.0
20170124,2,O3_24h,兴安盟,73.0
20170124,2,O3_8h,兴安盟,62.0
20170124,2,O3_8h_24h,兴安盟,62.0
20170124,2,CO,兴安盟,0.53
20170124,2,CO_24h,兴安盟,0.47
20170124,3,AQI,兴安盟,24.0
20170124,3,PM2.5,兴安盟,11.0
20170124,3,PM2.5_24h,兴安盟,17.0
20170124,3,PM10,兴安盟,24.0
20170124,3,PM10_24h,兴安盟,24.0
20170124,3,SO2,兴安盟,11.0
20170124,3,SO2_24h,兴安盟,9.0
20170124,3,NO2,兴安盟,13.0
20170124,3,NO2_24h,兴安盟,16.0
20170124,3,O3,兴安盟,64.0
20170124,3,O3_24h,兴安盟,73.0
20170124,3,O3_8h,兴安盟,63.0
20170124,3,O3_8h_24h,兴安盟,63.0
20170124,3,CO,兴安盟,0.6
20170124,3,CO_24h,兴安盟,0.6
20170124,4,AQI,兴安盟,23.0
20170124,4,PM2.5,兴安盟,12.0
20170124,4,PM2.5_24h,兴安盟,17.0
20170124,4,PM10,兴安盟,23.0
20170124,4,PM10_24h,兴安盟,24.0
20170124,4,SO2,兴安盟,6.0
20170124,4,SO2_24h,兴安盟,10.0
20170124,4,NO2,兴安盟,14.0
20170124,4,NO2_24h,兴安盟,16.0
20170124,4,O3,兴安盟,61.0
20170124,4,O3_24h,兴安盟,73.0
20170124,4,O3_8h,兴安盟,63.0
20170124,4,O3_8h_24h,兴安盟,64.0
20170124,4,CO,兴安盟,0.7
20170124,4,CO_24h,兴安盟,0.6
20170124,5,AQI,兴安盟,19.0
20170124,5,PM2.5,兴安盟,13.0
20170124,5,PM2.5_24h,兴安盟,17.0
20170124,5,PM10,兴安盟,13.0
20170124,5,PM10_24h,兴安盟,24.0
20170124,5,SO2,兴安盟,5.0
20170124,5,SO2_24h,兴安盟,10.0
20170124,5,NO2,兴安盟,20.0
20170124,5,NO2_24h,兴安盟,17.0
20170124,5,O3,兴安盟,55.0
20170124,5,O3_24h,兴安盟,72.0
20170124,5,O3_8h,兴安盟,61.0
20170124,5,O3_8h_24h,兴安盟,64.0
20170124,5,CO,兴安盟,0.8
20170124,5,CO_24h,兴安盟,0.65
20170124,6,AQI,兴安盟,26.0
20170124,6,PM2.5,兴安盟,18.0
20170124,6,PM2.5_24h,兴安盟,18.0
20170124,6,PM10,兴安盟,22.0
20170124,6,PM10_24h,兴安盟,25.0
20170124,6,SO2,兴安盟,13.0
20170124,6,SO2_24h,兴安盟,10.0
20170124,6,NO2,兴安盟,24.0
20170124,6,NO2_24h,兴安盟,17.0
20170124,6,O3,兴安盟,49.0
20170124,6,O3_24h,兴安盟,72.0
20170124,6,O3_8h,兴安盟,59.0
20170124,6,O3_8h_24h,兴安盟,64.0
20170124,6,CO,兴安盟,1.0
20170124,6,CO_24h,兴安盟,0.65
20170124,7,AQI,兴安盟,36.0
20170124,7,PM2.5,兴安盟,25.0
20170124,7,PM2.5_24h,兴安盟,18.0
20170124,7,PM10,兴安盟,30.0
20170124,7,PM10_24h,兴安盟,26.0
20170124,7,SO2,兴安盟,12.0
20170124,7,SO2_24h,兴安盟,10.0
20170124,7,NO2,兴安盟,33.0
20170124,7,NO2_24h,兴安盟,19.0
20170124,7,O3,兴安盟,37.0
20170124,7,O3_24h,兴安盟,70.0
20170124,7,O3_8h,兴安盟,56.0
20170124,7,O3_8h_24h,兴安盟,64.0
20170124,7,CO,兴安盟,1.15
20170124,7,CO_24h,兴安盟,0.7
20170124,8,AQI,兴安盟,63.0
20170124,8,PM2.5,兴安盟,24.0
20170124,8,PM2.5_24h,兴安盟,19.0
20170124,8,PM10,兴安盟,75.0
20170124,8,PM10_24h,兴安盟,28.0
20170124,8,SO2,兴安盟,19.0
20170124,8,SO2_24h,兴安盟,11.0
20170124,8,NO2,兴安盟,37.0
20170124,8,NO2_24h,兴安盟,19.0
20170124,8,O3,兴安盟,36.0
20170124,8,O3_24h,兴安盟,70.0
20170124,8,O3_8h,兴安盟,54.0
20170124,8,O3_8h_24h,兴安盟,64.0
20170124,8,CO,兴安盟,1.5
20170124,8,CO_24h,兴安盟,0.75
20170124,9,AQI,兴安盟,53.0
20170124,9,PM2.5,兴安盟,37.0
20170124,9,PM2.5_24h,兴安盟,19.0
20170124,9,PM10,兴安盟,44.0
20170124,9,PM10_24h,兴安盟,29.0
20170124,9,SO2,兴安盟,32.0
20170124,9,SO2_24h,兴安盟,11.0
20170124,9,NO2,兴安盟,49.0
20170124,9,NO2_24h,兴安盟,20.0
20170124,9,O3,兴安盟,27.0
20170124,9,O3_24h,兴安盟,70.0
20170124,9,O3_8h,兴安盟,49.0
20170124,9,O3_8h_24h,兴安盟,64.0
20170124,9,CO,兴安盟,2.15
20170124,9,CO_24h,兴安盟,0.8
20170124,10,AQI,兴安盟,83.0
20170124,10,PM2.5,兴安盟,61.0
20170124,10,PM2.5_24h,兴安盟,21.0
20170124,10,PM10,兴安盟,69.0
20170124,10,PM10_24h,兴安盟,31.0
20170124,10,SO2,兴安盟,15.0
20170124,10,SO2_24h,兴安盟,12.0
20170124,10,NO2,兴安盟,28.0
20170124,10,NO2_24h,兴安盟,21.0
20170124,10,O3,兴安盟,55.0
20170124,10,O3_24h,兴安盟,73.0
20170124,10,O3_8h,兴安盟,48.0
20170124,10,O3_8h_24h,兴安盟,64.0
20170124,10,CO,兴安盟,1.2
20170124,10,CO_24h,兴安盟,0.85
20170124,11,AQI,兴安盟,23.0
20170124,11,PM2.5,兴安盟,11.0
20170124,11,PM2.5_24h,兴安盟,21.0
20170124,11,PM10,兴安盟,22.0
20170124,11,PM10_24h,兴安盟,32.0
20170124,11,SO2,兴安盟,7.0
20170124,11,SO2_24h,兴安盟,12.0
20170124,11,NO2,兴安盟,12.0
20170124,11,NO2_24h,兴安盟,21.0
20170124,11,O3,兴安盟,74.0
20170124,11,O3_24h,兴安盟,77.0
20170124,11,O3_8h,兴安盟,49.0
20170124,11,O3_8h_24h,兴安盟,64.0
20170124,11,CO,兴安盟,0.7
20170124,11,CO_24h,兴安盟,0.85
20170124,12,AQI,兴安盟,24.0
20170124,12,PM2.5,兴安盟,7.0
20170124,12,PM2.5_24h,兴安盟,21.0
20170124,12,PM10,兴安盟,16.0
20170124,12,PM10_24h,兴安盟,32.0
20170124,12,SO2,兴安盟,6.0
20170124,12,SO2_24h,兴安盟,12.0
20170124,12,NO2,兴安盟,10.0
20170124,12,NO2_24h,兴安盟,21.0
20170124,12,O3,兴安盟,78.0
20170124,12,O3_24h,兴安盟,78.0
20170124,12,O3_8h,兴安盟,51.0
20170124,12,O3_8h_24h,兴安盟,64.0
20170124,12,CO,兴安盟,0.7
20170124,12,CO_24h,兴安盟,0.85
20170124,13,AQI,兴安盟,24.0
20170124,13,PM2.5,兴安盟,5.0
20170124,13,PM2.5_24h,兴安盟,17.0
20170124,13,PM10,兴安盟,11.0
20170124,13,PM10_24h,兴安盟,27.0
20170124,13,SO2,兴安盟,7.0
20170124,13,SO2_24h,兴安盟,10.0
20170124,13,NO2,兴安盟,9.0
20170124,13,NO2_24h,兴安盟,16.0
20170124,13,O3,兴安盟,76.0
20170124,13,O3_24h,兴安盟,77.0
20170124,13,O3_8h,兴安盟,61.0
20170124,13,O3_8h_24h,兴安盟,67.0
20170124,13,CO,兴安盟,0.43
20170124,13,CO_24h,兴安盟,0.63
20170124,14,AQI,兴安盟,24.0
20170124,14,PM2.5,兴安盟,5.0
20170124,14,PM2.5_24h,兴安盟,17.0
20170124,14,PM10,兴安盟,12.0
20170124,14,PM10_24h,兴安盟,27.0
20170124,14,SO2,兴安盟,12.0
20170124,14,SO2_24h,兴安盟,10.0
20170124,14,NO2,兴安盟,9.0
20170124,14,NO2_24h,兴安盟,16.0
20170124,14,O3,兴安盟,76.0
20170124,14,O3_24h,兴安盟,77.0
20170124,14,O3_8h,兴安盟,63.0
20170124,14,O3_8h_24h,兴安盟,68.0
20170124,14,CO,兴安盟,0.4
20170124,14,CO_24h,兴安盟,0.63
20170124,15,AQI,兴安盟,24.0
20170124,15,PM2.5,兴安盟,5.0
20170124,15,PM2.5_24h,兴安盟,17.0
20170124,15,PM10,兴安盟,17.0
20170124,15,PM10_24h,兴安盟,27.0
20170124,15,SO2,兴安盟,7.0
20170124,15,SO2_24h,兴安盟,10.0
20170124,15,NO2,兴安盟,9.0
20170124,15,NO2_24h,兴安盟,17.0
20170124,15,O3,兴安盟,76.0
20170124,15,O3_24h,兴安盟,78.0
20170124,15,O3_8h,兴安盟,66.0
20170124,15,O3_8h_24h,兴安盟,68.0
20170124,15,CO,兴安盟,0.4
20170124,15,CO_24h,兴安盟,0.63
20170124,16,AQI,兴安盟,23.0
20170124,16,PM2.5,兴安盟,10.0
20170124,16,PM2.5_24h,兴安盟,17.0
20170124,16,PM10,兴安盟,17.0
20170124,16,PM10_24h,兴安盟,27.0
20170124,16,SO2,兴安盟,10.0
20170124,16,SO2_24h,兴安盟,10.0
20170124,16,NO2,兴安盟,12.0
20170124,16,NO2_24h,兴安盟,17.0
20170124,16,O3,兴安盟,72.0
20170124,16,O3_24h,兴安盟,78.0
20170124,16,O3_8h,兴安盟,69.0
20170124,16,O3_8h_24h,兴安盟,69.0
20170124,16,CO,兴安盟,0.43
20170124,16,CO_24h,兴安盟,0.63
20170124,17,AQI,兴安盟,24.0
20170124,17,PM2.5,兴安盟,17.0
20170124,17,PM2.5_24h,兴安盟,17.0
20170124,17,PM10,兴安盟,23.0
20170124,17,PM10_24h,兴安盟,26.0
20170124,17,SO2,兴安盟,9.0
20170124,17,SO2_24h,兴安盟,10.0
20170124,17,NO2,兴安盟,22.0
20170124,17,NO2_24h,兴安盟,17.0
20170124,17,O3,兴安盟,61.0
20170124,17,O3_24h,兴安盟,78.0
20170124,17,O3_8h,兴安盟,71.0
20170124,17,O3_8h_24h,兴安盟,72.0
20170124,17,CO,兴安盟,0.53
20170124,17,CO_24h,兴安盟,0.63
20170124,18,AQI,兴安盟,37.0
20170124,18,PM2.5,兴安盟,26.0
20170124,18,PM2.5_24h,兴安盟,17.0
20170124,18,PM10,兴安盟,36.0
20170124,18,PM10_24h,兴安盟,27.0
20170124,18,SO2,兴安盟,13.0
20170124,18,SO2_24h,兴安盟,10.0
20170124,18,NO2,兴安盟,42.0
20170124,18,NO2_24h,兴安盟,18.0
20170124,18,O3,兴安盟,39.0
20170124,18,O3_24h,兴安盟,78.0
20170124,18,O3_8h,兴安盟,68.0
20170124,18,O3_8h_24h,兴安盟,72.0
20170124,18,CO,兴安盟,0.87
20170124,18,CO_24h,兴安盟,0.63
20170124,19,AQI,兴安盟,71.0
20170124,19,PM2.5,兴安盟,52.0
20170124,19,PM2.5_24h,兴安盟,19.0
20170124,19,PM10,兴安盟,78.0
20170124,19,PM10_24h,兴安盟,29.0
20170124,19,SO2,兴安盟,20.0
20170124,19,SO2_24h,兴安盟,10.0
20170124,19,NO2,兴安盟,53.0
20170124,19,NO2_24h,兴安盟,19.0
20170124,19,O3,兴安盟,23.0
20170124,19,O3_24h,兴安盟,78.0
20170124,19,O3_8h,兴安盟,62.0
20170124,19,O3_8h_24h,兴安盟,72.0
20170124,19,CO,兴安盟,1.33
20170124,19,CO_24h,兴安盟,0.7
20170124,20,AQI,兴安盟,80.0
20170124,20,PM2.5,兴安盟,59.0
20170124,20,PM2.5_24h,兴安盟,20.0
20170124,20,PM10,兴安盟,91.0
20170124,20,PM10_24h,兴安盟,32.0
20170124,20,SO2,兴安盟,21.0
20170124,20,SO2_24h,兴安盟,11.0
20170124,20,NO2,兴安盟,55.0
20170124,20,NO2_24h,兴安盟,21.0
20170124,20,O3,兴安盟,19.0
20170124,20,O3_24h,兴安盟,78.0
20170124,20,O3_8h,兴安盟,55.0
20170124,20,O3_8h_24h,兴安盟,72.0
20170124,20,CO,兴安盟,1.5
20170124,20,CO_24h,兴安盟,0.7
20170124,21,AQI,兴安盟,103.0
20170124,21,PM2.5,兴安盟,77.0
20170124,21,PM2.5_24h,兴安盟,23.0
20170124,21,PM10,兴安盟,90.0
20170124,21,PM10_24h,兴安盟,35.0
20170124,21,SO2,兴安盟,21.0
20170124,21,SO2_24h,兴安盟,11.0
20170124,21,NO2,兴安盟,50.0
20170124,21,NO2_24h,兴安盟,23.0
20170124,21,O3,兴安盟,20.0
20170124,21,O3_24h,兴安盟,78.0
20170124,21,O3_8h,兴安盟,48.0
20170124,21,O3_8h_24h,兴安盟,72.0
20170124,21,CO,兴安盟,1.77
20170124,21,CO_24h,兴安盟,0.8
20170124,22,AQI,兴安盟,94.0
20170124,22,PM2.5,兴安盟,70.0
20170124,22,PM2.5_24h,兴安盟,25.0
20170124,22,PM10,兴安盟,90.0
20170124,22,PM10_24h,兴安盟,38.0
20170124,22,SO2,兴安盟,24.0
20170124,22,SO2_24h,兴安盟,12.0
20170124,22,NO2,兴安盟,41.0
20170124,22,NO2_24h,兴安盟,24.0
20170124,22,O3,兴安盟,33.0
20170124,22,O3_24h,兴安盟,78.0
20170124,22,O3_8h,兴安盟,43.0
20170124,22,O3_8h_24h,兴安盟,72.0
20170124,22,CO,兴安盟,1.87
20170124,22,CO_24h,兴安盟,0.83
20170124,23,AQI,兴安盟,61.0
20170124,23,PM2.5,兴安盟,44.0
20170124,23,PM2.5_24h,兴安盟,26.0
20170124,23,PM10,兴安盟,63.0
20170124,23,PM10_24h,兴安盟,40.0
20170124,23,SO2,兴安盟,17.0
20170124,23,SO2_24h,兴安盟,12.0
20170124,23,NO2,兴安盟,35.0
20170124,23,NO2_24h,兴安盟,25.0
20170124,23,O3,兴安盟,38.0
20170124,23,O3_24h,兴安盟,78.0
20170124,23,O3_8h,兴安盟,38.0
20170124,23,O3_8h_24h,兴安盟,72.0
20170124,23,CO,兴安盟,1.33
20170124,23,CO_24h,兴安盟,0.87
20170124,0,AQI,锡林郭勒盟,40.0
20170124,0,PM2.5,锡林郭勒盟,28.0
20170124,0,PM2.5_24h,锡林郭勒盟,17.0
20170124,0,PM10,锡林郭勒盟,37.0
20170124,0,PM10_24h,锡林郭勒盟,34.0
20170124,0,SO2,锡林郭勒盟,27.0
20170124,0,SO2_24h,锡林郭勒盟,32.0
20170124,0,NO2,锡林郭勒盟,19.0
20170124,0,NO2_24h,锡林郭勒盟,18.0
20170124,0,O3,锡林郭勒盟,60.0
20170124,0,O3_24h,锡林郭勒盟,88.0
20170124,0,O3_8h,锡林郭勒盟,53.0
20170124,0,O3_8h_24h,锡林郭勒盟,75.0
20170124,0,CO,锡林郭勒盟,1.05
20170124,0,CO_24h,锡林郭勒盟,0.9
20170124,1,AQI,锡林郭勒盟,36.0
20170124,1,PM2.5,锡林郭勒盟,25.0
20170124,1,PM2.5_24h,锡林郭勒盟,17.0
20170124,1,PM10,锡林郭勒盟,28.0
20170124,1,PM10_24h,锡林郭勒盟,34.0
20170124,1,SO2,锡林郭勒盟,27.0
20170124,1,SO2_24h,锡林郭勒盟,32.0
20170124,1,NO2,锡林郭勒盟,18.0
20170124,1,NO2_24h,锡林郭勒盟,18.0
20170124,1,O3,锡林郭勒盟,60.0
20170124,1,O3_24h,锡林郭勒盟,88.0
20170124,1,O3_8h,锡林郭勒盟,60.0
20170124,1,O3_8h_24h,锡林郭勒盟,60.0
20170124,1,CO,锡林郭勒盟,1.05
20170124,1,CO_24h,锡林郭勒盟,0.9
20170124,2,AQI,锡林郭勒盟,32.0
20170124,2,PM2.5,锡林郭勒盟,20.0
20170124,2,PM2.5_24h,锡林郭勒盟,18.0
20170124,2,PM10,锡林郭勒盟,32.0
20170124,2,PM10_24h,锡林郭勒盟,34.0
20170124,2,SO2,锡林郭勒盟,19.0
20170124,2,SO2_24h,锡林郭勒盟,32.0
20170124,2,NO2,锡林郭勒盟,19.0
20170124,2,NO2_24h,锡林郭勒盟,18.0
20170124,2,O3,锡林郭勒盟,59.0
20170124,2,O3_24h,锡林郭勒盟,88.0
20170124,2,O3_8h,锡林郭勒盟,60.0
20170124,2,O3_8h_24h,锡林郭勒盟,61.0
20170124,2,CO,锡林郭勒盟,1.05
20170124,2,CO_24h,锡林郭勒盟,0.9
20170124,3,AQI,锡林郭勒盟,28.0
20170124,3,PM2.5,锡林郭勒盟,16.0
20170124,3,PM2.5_24h,锡林郭勒盟,17.0
20170124,3,PM10,锡林郭勒盟,28.0
20170124,3,PM10_24h,锡林郭勒盟,33.0
20170124,3,SO2,锡林郭勒盟,16.0
20170124,3,SO2_24h,锡林郭勒盟,32.0
20170124,3,NO2,锡林郭勒盟,16.0
20170124,3,NO2_24h,锡林郭勒盟,18.0
20170124,3,O3,锡林郭勒盟,59.0
20170124,3,O3_24h,锡林郭勒盟,88.0
20170124,3,O3_8h,锡林郭勒盟,59.0
20170124,3,O3_8h_24h,锡林郭勒盟,61.0
20170124,3,CO,锡林郭勒盟,1.1
20170124,3,CO_24h,锡林郭勒盟,0.9
20170124,4,AQI,锡林郭勒盟,32.0
20170124,4,PM2.5,锡林郭勒盟,14.0
20170124,4,PM2.5_24h,锡林郭勒盟,17.0
20170124,4,PM10,锡林郭勒盟,32.0
20170124,4,PM10_24h,锡林郭勒盟,32.0
20170124,4,SO2,锡林郭勒盟,13.0
20170124,4,SO2_24h,锡林郭勒盟,31.0
20170124,4,NO2,锡林郭勒盟,12.0
20170124,4,NO2_24h,锡林郭勒盟,18.0
20170124,4,O3,锡林郭勒盟,70.0
20170124,4,O3_24h,锡林郭勒盟,88.0
20170124,4,O3_8h,锡林郭勒盟,62.0
20170124,4,O3_8h_24h,锡林郭勒盟,62.0
20170124,4,CO,锡林郭勒盟,1.1
20170124,4,CO_24h,锡林郭勒盟,0.85
20170124,5,AQI,锡林郭勒盟,25.0
20170124,5,PM2.5,锡林郭勒盟,12.0
20170124,5,PM2.5_24h,锡林郭勒盟,17.0
20170124,5,PM10,锡林郭勒盟,25.0
20170124,5,PM10_24h,锡林郭勒盟,31.0
20170124,5,SO2,锡林郭勒盟,15.0
20170124,5,SO2_24h,锡林郭勒盟,31.0
20170124,5,NO2,锡林郭勒盟,10.0
20170124,5,NO2_24h,锡林郭勒盟,18.0
20170124,5,O3,锡林郭勒盟,72.0
20170124,5,O3_24h,锡林郭勒盟,88.0
20170124,5,O3_8h,锡林郭勒盟,64.0
20170124,5,O3_8h_24h,锡林郭勒盟,64.0
20170124,5,CO,锡林郭勒盟,1.1
20170124,5,CO_24h,锡林郭勒盟,0.85
20170124,6,AQI,锡林郭勒盟,22.0
20170124,6,PM2.5,锡林郭勒盟,12.0
20170124,6,PM2.5_24h,锡林郭勒盟,17.0
20170124,6,PM10,锡林郭勒盟,22.0
20170124,6,PM10_24h,锡林郭勒盟,30.0
20170124,6,SO2,锡林郭勒盟,24.0
20170124,6,SO2_24h,锡林郭勒盟,32.0
20170124,6,NO2,锡林郭勒盟,15.0
20170124,6,NO2_24h,锡林郭勒盟,18.0
20170124,6,O3,锡林郭勒盟,65.0
20170124,6,O3_24h,锡林郭勒盟,88.0
20170124,6,O3_8h,锡林郭勒盟,64.0
20170124,6,O3_8h_24h,锡林郭勒盟,65.0
20170124,6,CO,锡林郭勒盟,1.2
20170124,6,CO_24h,锡林郭勒盟,0.85
20170124,7,AQI,锡林郭勒盟,21.0
20170124,7,PM2.5,锡林郭勒盟,11.0
20170124,7,PM2.5_24h,锡林郭勒盟,17.0
20170124,7,PM10,锡林郭勒盟,21.0
20170124,7,PM10_24h,锡林郭勒盟,29.0
20170124,7,SO2,锡林郭勒盟,26.0
20170124,7,SO2_24h,锡林郭勒盟,32.0
20170124,7,NO2,锡林郭勒盟,20.0
20170124,7,NO2_24h,锡林郭勒盟,18.0
20170124,7,O3,锡林郭勒盟,57.0
20170124,7,O3_24h,锡林郭勒盟,88.0
20170124,7,O3_8h,锡林郭勒盟,63.0
20170124,7,O3_8h_24h,锡林郭勒盟,65.0
20170124,7,CO,锡林郭勒盟,1.25
20170124,7,CO_24h,锡林郭勒盟,0.85
20170124,8,AQI,锡林郭勒盟,25.0
20170124,8,PM2.5,锡林郭勒盟,14.0
20170124,8,PM2.5_24h,锡林郭勒盟,17.0
20170124,8,PM10,锡林郭勒盟,25.0
20170124,8,PM10_24h,锡林郭勒盟,29.0
20170124,8,SO2,锡林郭勒盟,24.0
20170124,8,SO2_24h,锡林郭勒盟,31.0
20170124,8,NO2,锡林郭勒盟,20.0
20170124,8,NO2_24h,锡林郭勒盟,18.0
20170124,8,O3,锡林郭勒盟,53.0
20170124,8,O3_24h,锡林郭勒盟,88.0
20170124,8,O3_8h,锡林郭勒盟,62.0
20170124,8,O3_8h_24h,锡林郭勒盟,65.0
20170124,8,CO,锡林郭勒盟,1.45
20170124,8,CO_24h,锡林郭勒盟,0.85
20170124,9,AQI,锡林郭勒盟,27.0
20170124,9,PM2.5,锡林郭勒盟,14.0
20170124,9,PM2.5_24h,锡林郭勒盟,16.0
20170124,9,PM10,锡林郭勒盟,27.0
20170124,9,PM10_24h,锡林郭勒盟,28.0
20170124,9,SO2,锡林郭勒盟,24.0
20170124,9,SO2_24h,锡林郭勒盟,31.0
20170124,9,NO2,锡林郭勒盟,20.0
20170124,9,NO2_24h,锡林郭勒盟,18.0
20170124,9,O3,锡林郭勒盟,58.0
20170124,9,O3_24h,锡林郭勒盟,88.0
20170124,9,O3_8h,锡林郭勒盟,62.0
20170124,9,O3_8h_24h,锡林郭勒盟,65.0
20170124,9,CO,锡林郭勒盟,1.45
20170124,9,CO_24h,锡林郭勒盟,0.85
20170124,10,AQI,锡林郭勒盟,29.0
20170124,10,PM2.5,锡林郭勒盟,19.0
20170124,10,PM2.5_24h,锡林郭勒盟,17.0
20170124,10,PM10,锡林郭勒盟,29.0
20170124,10,PM10_24h,锡林郭勒盟,27.0
20170124,10,SO2,锡林郭勒盟,27.0
20170124,10,SO2_24h,锡林郭勒盟,31.0
20170124,10,NO2,锡林郭勒盟,21.0
20170124,10,NO2_24h,锡林郭勒盟,18.0
20170124,10,O3,锡林郭勒盟,57.0
20170124,10,O3_24h,锡林郭勒盟,88.0
20170124,10,O3_8h,锡林郭勒盟,61.0
20170124,10,O3_8h_24h,锡林郭勒盟,65.0
20170124,10,CO,锡林郭勒盟,1.35
20170124,10,CO_24h,锡林郭勒盟,0.85
20170124,11,AQI,锡林郭勒盟,32.0
20170124,11,PM2.5,锡林郭勒盟,21.0
20170124,11,PM2.5_24h,锡林郭勒盟,17.0
20170124,11,PM10,锡林郭勒盟,32.0
20170124,11,PM10_24h,锡林郭勒盟,27.0
20170124,11,SO2,锡林郭勒盟,18.0
20170124,11,SO2_24h,锡林郭勒盟,31.0
20170124,11,NO2,锡林郭勒盟,14.0
20170124,11,NO2_24h,锡林郭勒盟,18.0
20170124,11,O3,锡林郭勒盟,74.0
20170124,11,O3_24h,锡林郭勒盟,84.0
20170124,11,O3_8h,锡林郭勒盟,63.0
20170124,11,O3_8h_24h,锡林郭勒盟,65.0
20170124,11,CO,锡林郭勒盟,0.7
20170124,11,CO_24h,锡林郭勒盟,0.8
20170124,12,AQI,锡林郭勒盟,32.0
20170124,12,PM2.5,锡林郭勒盟,21.0
20170124,12,PM2.5_24h,锡林郭勒盟,17.0
20170124,12,PM10,锡林郭勒盟,32.0
20170124,12,PM10_24h,锡林郭勒盟,27.0
20170124,12,SO2,锡林郭勒盟,14.0
20170124,12,SO2_24h,锡林郭勒盟,31.0
20170124,12,NO2,锡林郭勒盟,10.0
20170124,12,NO2_24h,锡林郭勒盟,18.0
20170124,12,O3,锡林郭勒盟,79.0
20170124,12,O3_24h,锡林郭勒盟,84.0
20170124,12,O3_8h,锡林郭勒盟,64.0
20170124,12,O3_8h_24h,锡林郭勒盟,65.0
20170124,12,CO,锡林郭勒盟,0.1
20170124,12,CO_24h,锡林郭勒盟,0.8
20170124,13,AQI,锡林郭勒盟,29.0
20170124,13,PM2.5,锡林郭勒盟,15.0
20170124,13,PM2.5_24h,锡林郭勒盟,17.0
20170124,13,PM10,锡林郭勒盟,29.0
20170124,13,PM10_24h,锡林郭勒盟,28.0
20170124,13,SO2,锡林郭勒盟,14.0
20170124,13,SO2_24h,锡林郭勒盟,31.0
20170124,13,NO2,锡林郭勒盟,9.0
20170124,13,NO2_24h,锡林郭勒盟,18.0
20170124,13,O3,锡林郭勒盟,82.0
20170124,13,O3_24h,锡林郭勒盟,83.0
20170124,13,O3_8h,锡林郭勒盟,66.0
20170124,13,O3_8h_24h,锡林郭勒盟,66.0
20170124,13,CO,锡林郭勒盟,0.1
20170124,13,CO_24h,锡林郭勒盟,0.8
20170124,14,AQI,锡林郭勒盟,27.0
20170124,14,PM2.5,锡林郭勒盟,13.0
20170124,14,PM2.5_24h,锡林郭勒盟,17.0
20170124,14,PM10,锡林郭勒盟,21.0
20170124,14,PM10_24h,锡林郭勒盟,28.0
20170124,14,SO2,锡林郭勒盟,15.0
20170124,14,SO2_24h,锡林郭勒盟,26.0
20170124,14,NO2,锡林郭勒盟,11.0
20170124,14,NO2_24h,锡林郭勒盟,18.0
20170124,14,O3,锡林郭勒盟,85.0
20170124,14,O3_24h,锡林郭勒盟,85.0
20170124,14,O3_8h,锡林郭勒盟,68.0
20170124,14,O3_8h_24h,锡林郭勒盟,68.0
20170124,14,CO,锡林郭勒盟,0.1
20170124,14,CO_24h,锡林郭勒盟,0.8
20170124,15,AQI,锡林郭勒盟,28.0
20170124,15,PM2.5,锡林郭勒盟,9.0
20170124,15,PM2.5_24h,锡林郭勒盟,17.0
20170124,15,PM10,锡林郭勒盟,18.0
20170124,15,PM10_24h,锡林郭勒盟,27.0
20170124,15,SO2,锡林郭勒盟,10.0
20170124,15,SO2_24h,锡林郭勒盟,24.0
20170124,15,NO2,锡林郭勒盟,9.0
20170124,15,NO2_24h,锡林郭勒盟,17.0
20170124,15,O3,锡林郭勒盟,90.0
20170124,15,O3_24h,锡林郭勒盟,90.0
20170124,15,O3_8h,锡林郭勒盟,72.0
20170124,15,O3_8h_24h,锡林郭勒盟,72.0
20170124,15,CO,锡林郭勒盟,0.1
20170124,15,CO_24h,锡林郭勒盟,0.8
20170124,16,AQI,锡林郭勒盟,29.0
20170124,16,PM2.5,锡林郭勒盟,12.0
20170124,16,PM2.5_24h,锡林郭勒盟,17.0
20170124,16,PM10,锡林郭勒盟,18.0
20170124,16,PM10_24h,锡林郭勒盟,27.0
20170124,16,SO2,锡林郭勒盟,11.0
20170124,16,SO2_24h,锡林郭勒盟,23.0
20170124,16,NO2,锡林郭勒盟,9.0
20170124,16,NO2_24h,锡林郭勒盟,17.0
20170124,16,O3,锡林郭勒盟,94.0
20170124,16,O3_24h,锡林郭勒盟,94.0
20170124,16,O3_8h,锡林郭勒盟,77.0
20170124,16,O3_8h_24h,锡林郭勒盟,77.0
20170124,16,CO,锡林郭勒盟,0.1
20170124,16,CO_24h,锡林郭勒盟,0.8
20170124,17,AQI,锡林郭勒盟,26.0
20170124,17,PM2.5,锡林郭勒盟,6.0
20170124,17,PM2.5_24h,锡林郭勒盟,17.0
20170124,17,PM10,锡林郭勒盟,21.0
20170124,17,PM10_24h,锡林郭勒盟,27.0
20170124,17,SO2,锡林郭勒盟,14.0
20170124,17,SO2_24h,锡林郭勒盟,22.0
20170124,17,NO2,锡林郭勒盟,14.0
20170124,17,NO2_24h,锡林郭勒盟,18.0
20170124,17,O3,锡林郭勒盟,84.0
20170124,17,O3_24h,锡林郭勒盟,94.0
20170124,17,O3_8h,锡林郭勒盟,81.0
20170124,17,O3_8h_24h,锡林郭勒盟,81.0
20170124,17,CO,锡林郭勒盟,0.1
20170124,17,CO_24h,锡林郭勒盟,0.8
20170124,18,AQI,锡林郭勒盟,22.0
20170124,18,PM2.5,锡林郭勒盟,10.0
20170124,18,PM2.5_24h,锡林郭勒盟,17.0
20170124,18,PM10,锡林郭勒盟,22.0
20170124,18,PM10_24h,锡林郭勒盟,27.0
20170124,18,SO2,锡林郭勒盟,24.0
20170124,18,SO2_24h,锡林郭勒盟,22.0
20170124,18,NO2,锡林郭勒盟,22.0
20170124,18,NO2_24h,锡林郭勒盟,17.0
20170124,18,O3,锡林郭勒盟,68.0
20170124,18,O3_24h,锡林郭勒盟,94.0
20170124,18,O3_8h,锡林郭勒盟,82.0
20170124,18,O3_8h_24h,锡林郭勒盟,82.0
20170124,18,CO,锡林郭勒盟,0.2
20170124,18,CO_24h,锡林郭勒盟,0.8
20170124,19,AQI,锡林郭勒盟,25.0
20170124,19,PM2.5,锡林郭勒盟,11.0
20170124,19,PM2.5_24h,锡林郭勒盟,17.0
20170124,19,PM10,锡林郭勒盟,25.0
20170124,19,PM10_24h,锡林郭勒盟,27.0
20170124,19,SO2,锡林郭勒盟,32.0
20170124,19,SO2_24h,锡林郭勒盟,22.0
20170124,19,NO2,锡林郭勒盟,22.0
20170124,19,NO2_24h,锡林郭勒盟,17.0
20170124,19,O3,锡林郭勒盟,71.0
20170124,19,O3_24h,锡林郭勒盟,94.0
20170124,19,O3_8h,锡林郭勒盟,82.0
20170124,19,O3_8h_24h,锡林郭勒盟,83.0
20170124,19,CO,锡林郭勒盟,0.25
20170124,19,CO_24h,锡林郭勒盟,0.75
20170124,20,AQI,锡林郭勒盟,33.0
20170124,20,PM2.5,锡林郭勒盟,19.0
20170124,20,PM2.5_24h,锡林郭勒盟,16.0
20170124,20,PM10,锡林郭勒盟,33.0
20170124,20,PM10_24h,锡林郭勒盟,27.0
20170124,20,SO2,锡林郭勒盟,23.0
20170124,20,SO2_24h,锡林郭勒盟,22.0
20170124,20,NO2,锡林郭勒盟,17.0
20170124,20,NO2_24h,锡林郭勒盟,17.0
20170124,20,O3,锡林郭勒盟,81.0
20170124,20,O3_24h,锡林郭勒盟,94.0
20170124,20,O3_8h,锡林郭勒盟,82.0
20170124,20,O3_8h_24h,锡林郭勒盟,83.0
20170124,20,CO,锡林郭勒盟,0.35
20170124,20,CO_24h,锡林郭勒盟,0.75
20170124,21,AQI,锡林郭勒盟,34.0
20170124,21,PM2.5,锡林郭勒盟,18.0
20170124,21,PM2.5_24h,锡林郭勒盟,16.0
20170124,21,PM10,锡林郭勒盟,34.0
20170124,21,PM10_24h,锡林郭勒盟,27.0
20170124,21,SO2,锡林郭勒盟,23.0
20170124,21,SO2_24h,锡林郭勒盟,21.0
20170124,21,NO2,锡林郭勒盟,18.0
20170124,21,NO2_24h,锡林郭勒盟,16.0
20170124,21,O3,锡林郭勒盟,79.0
20170124,21,O3_24h,锡林郭勒盟,94.0
20170124,21,O3_8h,锡林郭勒盟,81.0
20170124,21,O3_8h_24h,锡林郭勒盟,84.0
20170124,21,CO,锡林郭勒盟,0.4
20170124,21,CO_24h,锡林郭勒盟,0.75
20170124,22,AQI,锡林郭勒盟,30.0
20170124,22,PM2.5,锡林郭勒盟,17.0
20170124,22,PM2.5_24h,锡林郭勒盟,16.0
20170124,22,PM10,锡林郭勒盟,30.0
20170124,22,PM10_24h,锡林郭勒盟,27.0
20170124,22,SO2,锡林郭勒盟,17.0
20170124,22,SO2_24h,锡林郭勒盟,20.0
20170124,22,NO2,锡林郭勒盟,29.0
20170124,22,NO2_24h,锡林郭勒盟,17.0
20170124,22,O3,锡林郭勒盟,59.0
20170124,22,O3_24h,锡林郭勒盟,94.0
20170124,22,O3_8h,锡林郭勒盟,78.0
20170124,22,O3_8h_24h,锡林郭勒盟,84.0
20170124,22,CO,锡林郭勒盟,0.5
20170124,22,CO_24h,锡林郭勒盟,0.7
20170124,23,AQI,锡林郭勒盟,27.0
20170124,23,PM2.5,锡林郭勒盟,18.0
20170124,23,PM2.5_24h,锡林郭勒盟,16.0
20170124,23,PM10,锡林郭勒盟,27.0
20170124,23,PM10_24h,锡林郭勒盟,27.0
20170124,23,SO2,锡林郭勒盟,16.0
20170124,23,SO2_24h,锡林郭勒盟,20.0
20170124,23,NO2,锡林郭勒盟,24.0
20170124,23,NO2_24h,锡林郭勒盟,17.0
20170124,23,O3,锡林郭勒盟,74.0
20170124,23,O3_24h,锡林郭勒盟,94.0
20170124,23,O3_8h,锡林郭勒盟,76.0
20170124,23,O3_8h_24h,锡林郭勒盟,84.0
20170124,23,CO,锡林郭勒盟,0.45
20170124,23,CO_24h,锡林郭勒盟,0.7
20170124,0,AQI,阿拉善盟,39.0
20170124,0,PM2.5,阿拉善盟,25.0
20170124,0,PM2.5_24h,阿拉善盟,18.0
20170124,0,PM10,阿拉善盟,39.0
20170124,0,PM10_24h,阿拉善盟,29.0
20170124,0,SO2,阿拉善盟,18.0
20170124,0,SO2_24h,阿拉善盟,14.0
20170124,0,NO2,阿拉善盟,14.0
20170124,0,NO2_24h,阿拉善盟,14.0
20170124,0,O3,阿拉善盟,65.0
20170124,0,O3_24h,阿拉善盟,99.0
20170124,0,O3_8h,阿拉善盟,70.0
20170124,0,O3_8h_24h,阿拉善盟,95.0
20170124,0,CO,阿拉善盟,0.6
20170124,0,CO_24h,阿拉善盟,0.6
20170124,1,AQI,阿拉善盟,36.0
20170124,1,PM2.5,阿拉善盟,24.0
20170124,1,PM2.5_24h,阿拉善盟,18.0
20170124,1,PM10,阿拉善盟,36.0
20170124,1,PM10_24h,阿拉善盟,29.0
20170124,1,SO2,阿拉善盟,13.0
20170124,1,SO2_24h,阿拉善盟,14.0
20170124,1,NO2,阿拉善盟,9.0
20170124,1,NO2_24h,阿拉善盟,14.0
20170124,1,O3,阿拉善盟,75.0
20170124,1,O3_24h,阿拉善盟,99.0
20170124,1,O3_8h,阿拉善盟,75.0
20170124,1,O3_8h_24h,阿拉善盟,75.0
20170124,1,CO,阿拉善盟,0.6
20170124,1,CO_24h,阿拉善盟,0.6
20170124,2,AQI,阿拉善盟,30.0
20170124,2,PM2.5,阿拉善盟,21.0
20170124,2,PM2.5_24h,阿拉善盟,18.0
20170124,2,PM10,阿拉善盟,28.0
20170124,2,PM10_24h,阿拉善盟,29.0
20170124,2,SO2,阿拉善盟,14.0
20170124,2,SO2_24h,阿拉善盟,15.0
20170124,2,NO2,阿拉善盟,7.0
20170124,2,NO2_24h,阿拉善盟,14.0
20170124,2,O3,阿拉善盟,79.0
20170124,2,O3_24h,阿拉善盟,98.0
20170124,2,O3_8h,阿拉善盟,77.0
20170124,2,O3_8h_24h,阿拉善盟,77.0
20170124,2,CO,阿拉善盟,0.6
20170124,2,CO_24h,阿拉善盟,0.65
20170124,3,AQI,阿拉善盟,25.0
20170124,3,PM2.5,阿拉善盟,12.0
20170124,3,PM2.5_24h,阿拉善盟,18.0
20170124,3,PM10,阿拉善盟,25.0
20170124,3,PM10_24h,阿拉善盟,30.0
20170124,3,SO2,阿拉善盟,12.0
20170124,3,SO2_24h,阿拉善盟,15.0
20170124,3,NO2,阿拉善盟,6.0
20170124,3,NO2_24h,阿拉善盟,14.0
20170124,3,O3,阿拉善盟,79.0
20170124,3,O3_24h,阿拉善盟,98.0
20170124,3,O3_8h,阿拉善盟,78.0
20170124,3,O3_8h_24h,阿拉善盟,78.0
20170124,3,CO,阿拉善盟,0.6
20170124,3,CO_24h,阿拉善盟,0.65
20170124,4,AQI,阿拉善盟,24.0
20170124,4,PM2.5,阿拉善盟,15.0
20170124,4,PM2.5_24h,阿拉善盟,18.0
20170124,4,PM10,阿拉善盟,22.0
20170124,4,PM10_24h,阿拉善盟,30.0
20170124,4,SO2,阿拉善盟,19.0
20170124,4,SO2_24h,阿拉善盟,15.0
20170124,4,NO2,阿拉善盟,7.0
20170124,4,NO2_24h,阿拉善盟,14.0
20170124,4,O3,阿拉善盟,77.0
20170124,4,O3_24h,阿拉善盟,98.0
20170124,4,O3_8h,阿拉善盟,77.0
20170124,4,O3_8h_24h,阿拉善盟,78.0
20170124,4,CO,阿拉善盟,0.6
20170124,4,CO_24h,阿拉善盟,0.65
20170124,5,AQI,阿拉善盟,25.0
20170124,5,PM2.5,阿拉善盟,13.0
20170124,5,PM2.5_24h,阿拉善盟,18.0
20170124,5,PM10,阿拉善盟,18.0
20170124,5,PM10_24h,阿拉善盟,30.0
20170124,5,SO2,阿拉善盟,15.0
20170124,5,SO2_24h,阿拉善盟,15.0
20170124,5,NO2,阿拉善盟,7.0
20170124,5,NO2_24h,阿拉善盟,14.0
20170124,5,O3,阿拉善盟,79.0
20170124,5,O3_24h,阿拉善盟,98.0
20170124,5,O3_8h,阿拉善盟,78.0
20170124,5,O3_8h_24h,阿拉善盟,79.0
20170124,5,CO,阿拉善盟,0.55
20170124,5,CO_24h,阿拉善盟,0.65
20170124,6,AQI,阿拉善盟,27.0
20170124,6,PM2.5,阿拉善盟,14.0
20170124,6,PM2.5_24h,阿拉善盟,18.0
20170124,6,PM10,阿拉善盟,20.0
20170124,6,PM10_24h,阿拉善盟,31.0
20170124,6,SO2,阿拉善盟,14.0
20170124,6,SO2_24h,阿拉善盟,16.0
20170124,6,NO2,阿拉善盟,7.0
20170124,6,NO2_24h,阿拉善盟,14.0
20170124,6,O3,阿拉善盟,87.0
20170124,6,O3_24h,阿拉善盟,98.0
20170124,6,O3_8h,阿拉善盟,79.0
20170124,6,O3_8h_24h,阿拉善盟,80.0
20170124,6,CO,阿拉善盟,0.45
20170124,6,CO_24h,阿拉善盟,0.65
20170124,7,AQI,阿拉善盟,26.0
20170124,7,PM2.5,阿拉善盟,9.0
20170124,7,PM2.5_24h,阿拉善盟,18.0
20170124,7,PM10,阿拉善盟,19.0
20170124,7,PM10_24h,阿拉善盟,31.0
20170124,7,SO2,阿拉善盟,13.0
20170124,7,SO2_24h,阿拉善盟,16.0
20170124,7,NO2,阿拉善盟,6.0
20170124,7,NO2_24h,阿拉善盟,14.0
20170124,7,O3,阿拉善盟,83.0
20170124,7,O3_24h,阿拉善盟,98.0
20170124,7,O3_8h,阿拉善盟,80.0
20170124,7,O3_8h_24h,阿拉善盟,81.0
20170124,7,CO,阿拉善盟,0.45
20170124,7,CO_24h,阿拉善盟,0.65
20170124,8,AQI,阿拉善盟,26.0
20170124,8,PM2.5,阿拉善盟,13.0
20170124,8,PM2.5_24h,阿拉善盟,18.0
20170124,8,PM10,阿拉善盟,21.0
20170124,8,PM10_24h,阿拉善盟,31.0
20170124,8,SO2,阿拉善盟,13.0
20170124,8,SO2_24h,阿拉善盟,16.0
20170124,8,NO2,阿拉善盟,8.0
20170124,8,NO2_24h,阿拉善盟,14.0
20170124,8,O3,阿拉善盟,82.0
20170124,8,O3_24h,阿拉善盟,98.0
20170124,8,O3_8h,阿拉善盟,80.0
20170124,8,O3_8h_24h,阿拉善盟,81.0
20170124,8,CO,阿拉善盟,0.5
20170124,8,CO_24h,阿拉善盟,0.65
20170124,9,AQI,阿拉善盟,25.0
20170124,9,PM2.5,阿拉善盟,16.0
20170124,9,PM2.5_24h,阿拉善盟,18.0
20170124,9,PM10,阿拉善盟,23.0
20170124,9,PM10_24h,阿拉善盟,32.0
20170124,9,SO2,阿拉善盟,15.0
20170124,9,SO2_24h,阿拉善盟,16.0
20170124,9,NO2,阿拉善盟,18.0
20170124,9,NO2_24h,阿拉善盟,14.0
20170124,9,O3,阿拉善盟,80.0
20170124,9,O3_24h,阿拉善盟,98.0
20170124,9,O3_8h,阿拉善盟,81.0
20170124,9,O3_8h_24h,阿拉善盟,82.0
20170124,9,CO,阿拉善盟,0.75
20170124,9,CO_24h,阿拉善盟,0.65
20170124,10,AQI,阿拉善盟,38.0
20170124,10,PM2.5,阿拉善盟,18.0
20170124,10,PM2.5_24h,阿拉善盟,18.0
20170124,10,PM10,阿拉善盟,38.0
20170124,10,PM10_24h,阿拉善盟,32.0
20170124,10,SO2,阿拉善盟,25.0
20170124,10,SO2_24h,阿拉善盟,15.0
20170124,10,NO2,阿拉善盟,32.0
20170124,10,NO2_24h,阿拉善盟,14.0
20170124,10,O3,阿拉善盟,65.0
20170124,10,O3_24h,阿拉善盟,98.0
20170124,10,O3_8h,阿拉善盟,79.0
20170124,10,O3_8h_24h,阿拉善盟,83.0
20170124,10,CO,阿拉善盟,1.45
20170124,10,CO_24h,阿拉善盟,0.65
20170124,11,AQI,阿拉善盟,62.0
20170124,11,PM2.5,阿拉善盟,26.0
20170124,11,PM2.5_24h,阿拉善盟,18.0
20170124,11,PM10,阿拉善盟,74.0
20170124,11,PM10_24h,阿拉善盟,32.0
20170124,11,SO2,阿拉善盟,20.0
20170124,11,SO2_24h,阿拉善盟,15.0
20170124,11,NO2,阿拉善盟,25.0
20170124,11,NO2_24h,阿拉善盟,14.0
20170124,11,O3,阿拉善盟,79.0
20170124,11,O3_24h,阿拉善盟,98.0
20170124,11,O3_8h,阿拉善盟,79.0
20170124,11,O3_8h_24h,阿拉善盟,84.0
20170124,11,CO,阿拉善盟,1.65
20170124,11,CO_24h,阿拉善盟,0.65
20170124,12,AQI,阿拉善盟,55.0
20170124,12,PM2.5,阿拉善盟,21.0
20170124,12,PM2.5_24h,阿拉善盟,19.0
20170124,12,PM10,阿拉善盟,59.0
20170124,12,PM10_24h,阿拉善盟,33.0
20170124,12,SO2,阿拉善盟,18.0
20170124,12,SO2_24h,阿拉善盟,15.0
20170124,12,NO2,阿拉善盟,17.0
20170124,12,NO2_24h,阿拉善盟,13.0
20170124,12,O3,阿拉善盟,81.0
20170124,12,O3_24h,阿拉善盟,98.0
20170124,12,O3_8h,阿拉善盟,79.0
20170124,12,O3_8h_24h,阿拉善盟,84.0
20170124,12,CO,阿拉善盟,0.95
20170124,12,CO_24h,阿拉善盟,0.65
20170124,13,AQI,阿拉善盟,42.0
20170124,13,PM2.5,阿拉善盟,14.0
20170124,13,PM2.5_24h,阿拉善盟,19.0
20170124,13,PM10,阿拉善盟,42.0
20170124,13,PM10_24h,阿拉善盟,34.0
20170124,13,SO2,阿拉善盟,17.0
20170124,13,SO2_24h,阿拉善盟,16.0
20170124,13,NO2,阿拉善盟,13.0
20170124,13,NO2_24h,阿拉善盟,14.0
20170124,13,O3,阿拉善盟,82.0
20170124,13,O3_24h,阿拉善盟,98.0
20170124,13,O3_8h,阿拉善盟,80.0
20170124,13,O3_8h_24h,阿拉善盟,84.0
20170124,13,CO,阿拉善盟,0.6
20170124,13,CO_24h,阿拉善盟,0.65
20170124,14,AQI,阿拉善盟,36.0
20170124,14,PM2.5,阿拉善盟,15.0
20170124,14,PM2.5_24h,阿拉善盟,19.0
20170124,14,PM10,阿拉善盟,36.0
20170124,14,PM10_24h,阿拉善盟,35.0
20170124,14,SO2,阿拉善盟,14.0
20170124,14,SO2_24h,阿拉善盟,16.0
20170124,14,NO2,阿拉善盟,9.0
20170124,14,NO2_24h,阿拉善盟,14.0
20170124,14,O3,阿拉善盟,75.0
20170124,14,O3_24h,阿拉善盟,98.0
20170124,14,O3_8h,阿拉善盟,78.0
20170124,14,O3_8h_24h,阿拉善盟,84.0
20170124,14,CO,阿拉善盟,0.55
20170124,14,CO_24h,阿拉善盟,0.65
20170124,15,AQI,阿拉善盟,34.0
20170124,15,PM2.5,阿拉善盟,15.0
20170124,15,PM2.5_24h,阿拉善盟,20.0
20170124,15,PM10,阿拉善盟,34.0
20170124,15,PM10_24h,阿拉善盟,36.0
20170124,15,SO2,阿拉善盟,13.0
20170124,15,SO2_24h,阿拉善盟,16.0
20170124,15,NO2,阿拉善盟,9.0
20170124,15,NO2_24h,阿拉善盟,14.0
20170124,15,O3,阿拉善盟,78.0
20170124,15,O3_24h,阿拉善盟,98.0
20170124,15,O3_8h,阿拉善盟,78.0
20170124,15,O3_8h_24h,阿拉善盟,84.0
20170124,15,CO,阿拉善盟,0.6
20170124,15,CO_24h,阿拉善盟,0.65
20170124,16,AQI,阿拉善盟,35.0
20170124,16,PM2.5,阿拉善盟,21.0
20170124,16,PM2.5_24h,阿拉善盟,20.0
20170124,16,PM10,阿拉善盟,35.0
20170124,16,PM10_24h,阿拉善盟,37.0
20170124,16,SO2,阿拉善盟,14.0
20170124,16,SO2_24h,阿拉善盟,16.0
20170124,16,NO2,阿拉善盟,12.0
20170124,16,NO2_24h,阿拉善盟,14.0
20170124,16,O3,阿拉善盟,78.0
20170124,16,O3_24h,阿拉善盟,98.0
20170124,16,O3_8h,阿拉善盟,77.0
20170124,16,O3_8h_24h,阿拉善盟,84.0
20170124,16,CO,阿拉善盟,0.7
20170124,16,CO_24h,阿拉善盟,0.65
20170124,17,AQI,阿拉善盟,42.0
20170124,17,PM2.5,阿拉善盟,27.0
20170124,17,PM2.5_24h,阿拉善盟,20.0
20170124,17,PM10,阿拉善盟,42.0
20170124,17,PM10_24h,阿拉善盟,38.0
20170124,17,SO2,阿拉善盟,14.0
20170124,17,SO2_24h,阿拉善盟,16.0
20170124,17,NO2,阿拉善盟,15.0
20170124,17,NO2_24h,阿拉善盟,14.0
20170124,17,O3,阿拉善盟,81.0
20170124,17,O3_24h,阿拉善盟,88.0
20170124,17,O3_8h,阿拉善盟,77.0
20170124,17,O3_8h_24h,阿拉善盟,84.0
20170124,17,CO,阿拉善盟,0.65
20170124,17,CO_24h,阿拉善盟,0.7
20170124,18,AQI,阿拉善盟,51.0
20170124,18,PM2.5,阿拉善盟,34.0
20170124,18,PM2.5_24h,阿拉善盟,20.0
20170124,18,PM10,阿拉善盟,52.0
20170124,18,PM10_24h,阿拉善盟,39.0
20170124,18,SO2,阿拉善盟,14.0
20170124,18,SO2_24h,阿拉善盟,17.0
20170124,18,NO2,阿拉善盟,22.0
20170124,18,NO2_24h,阿拉善盟,15.0
20170124,18,O3,阿拉善盟,77.0
20170124,18,O3_24h,阿拉善盟,87.0
20170124,18,O3_8h,阿拉善盟,79.0
20170124,18,O3_8h_24h,阿拉善盟,84.0
20170124,18,CO,阿拉善盟,0.7
20170124,18,CO_24h,阿拉善盟,0.7
20170124,19,AQI,阿拉善盟,61.0
20170124,19,PM2.5,阿拉善盟,41.0
20170124,19,PM2.5_24h,阿拉善盟,21.0
20170124,19,PM10,阿拉善盟,71.0
20170124,19,PM10_24h,阿拉善盟,40.0
20170124,19,SO2,阿拉善盟,18.0
20170124,19,SO2_24h,阿拉善盟,17.0
20170124,19,NO2,阿拉善盟,42.0
20170124,19,NO2_24h,阿拉善盟,16.0
20170124,19,O3,阿拉善盟,62.0
20170124,19,O3_24h,阿拉善盟,87.0
20170124,19,O3_8h,阿拉善盟,77.0
20170124,19,O3_8h_24h,阿拉善盟,84.0
20170124,19,CO,阿拉善盟,0.95
20170124,19,CO_24h,阿拉善盟,0.7
20170124,20,AQI,阿拉善盟,76.0
20170124,20,PM2.5,阿拉善盟,52.0
20170124,20,PM2.5_24h,阿拉善盟,20.0
20170124,20,PM10,阿拉善盟,102.0
20170124,20,PM10_24h,阿拉善盟,42.0
20170124,20,SO2,阿拉善盟,28.0
20170124,20,SO2_24h,阿拉善盟,17.0
20170124,20,NO2,阿拉善盟,47.0
20170124,20,NO2_24h,阿拉善盟,17.0
20170124,20,O3,阿拉善盟,51.0
20170124,20,O3_24h,阿拉善盟,87.0
20170124,20,O3_8h,阿拉善盟,73.0
20170124,20,O3_8h_24h,阿拉善盟,84.0
20170124,20,CO,阿拉善盟,1.2
20170124,20,CO_24h,阿拉善盟,0.75
20170124,21,AQI,阿拉善盟,119.0
20170124,21,PM2.5,阿拉善盟,90.0
20170124,21,PM2.5_24h,阿拉善盟,20.0
20170124,21,PM10,阿拉善盟,108.0
20170124,21,PM10_24h,阿拉善盟,45.0
20170124,21,SO2,阿拉善盟,24.0
20170124,21,SO2_24h,阿拉善盟,17.0
20170124,21,NO2,阿拉善盟,22.0
20170124,21,NO2_24h,阿拉善盟,17.0
20170124,21,O3,阿拉善盟,73.0
20170124,21,O3_24h,阿拉善盟,87.0
20170124,21,O3_8h,阿拉善盟,72.0
20170124,21,O3_8h_24h,阿拉善盟,84.0
20170124,21,CO,阿拉善盟,0.95
20170124,21,CO_24h,阿拉善盟,0.75
20170124,22,AQI,阿拉善盟,65.0
20170124,22,PM2.5,阿拉善盟,32.0
20170124,22,PM2.5_24h,阿拉善盟,20.0
20170124,22,PM10,阿拉善盟,79.0
20170124,22,PM10_24h,阿拉善盟,45.0
20170124,22,SO2,阿拉善盟,26.0
20170124,22,SO2_24h,阿拉善盟,17.0
20170124,22,NO2,阿拉善盟,24.0
20170124,22,NO2_24h,阿拉善盟,17.0
20170124,22,O3,阿拉善盟,89.0
20170124,22,O3_24h,阿拉善盟,96.0
20170124,22,O3_8h,阿拉善盟,74.0
20170124,22,O3_8h_24h,阿拉善盟,84.0
20170124,22,CO,阿拉善盟,1.1
20170124,22,CO_24h,阿拉善盟,0.8
20170124,23,AQI,阿拉善盟,74.0
20170124,23,PM2.5,阿拉善盟,54.0
20170124,23,PM2.5_24h,阿拉善盟,21.0
20170124,23,PM10,阿拉善盟,85.0
20170124,23,PM10_24h,阿拉善盟,47.0
20170124,23,SO2,阿拉善盟,19.0
20170124,23,SO2_24h,阿拉善盟,17.0
20170124,23,NO2,阿拉善盟,16.0
20170124,23,NO2_24h,阿拉善盟,16.0
20170124,23,O3,阿拉善盟,101.0
20170124,23,O3_24h,阿拉善盟,101.0
20170124,23,O3_8h,阿拉善盟,77.0
20170124,23,O3_8h_24h,阿拉善盟,84.0
20170124,23,CO,阿拉善盟,0.9
20170124,23,CO_24h,阿拉善盟,0.8
20170124,0,AQI,阜新,126.0
20170124,0,PM2.5,阜新,96.0
20170124,0,PM2.5_24h,阜新,38.0
20170124,0,PM10,阜新,133.0
20170124,0,PM10_24h,阜新,62.0
20170124,0,SO2,阜新,109.0
20170124,0,SO2_24h,阜新,56.0
20170124,0,NO2,阜新,39.0
20170124,0,NO2_24h,阜新,26.0
20170124,0,O3,阜新,26.0
20170124,0,O3_24h,阜新,87.0
20170124,0,O3_8h,阜新,40.0
20170124,0,O3_8h_24h,阜新,76.0
20170124,0,CO,阜新,1.92
20170124,0,CO_24h,阜新,0.9
20170124,1,AQI,阜新,126.0
20170124,1,PM2.5,阜新,96.0
20170124,1,PM2.5_24h,阜新,41.0
20170124,1,PM10,阜新,142.0
20170124,1,PM10_24h,阜新,63.0
20170124,1,SO2,阜新,105.0
20170124,1,SO2_24h,阜新,58.0
20170124,1,NO2,阜新,38.0
20170124,1,NO2_24h,阜新,26.0
20170124,1,O3,阜新,25.0
20170124,1,O3_24h,阜新,87.0
20170124,1,O3_8h,阜新,25.0
20170124,1,O3_8h_24h,阜新,25.0
20170124,1,CO,阜新,2.02
20170124,1,CO_24h,阜新,0.94
20170124,2,AQI,阜新,93.0
20170124,2,PM2.5,阜新,69.0
20170124,2,PM2.5_24h,阜新,43.0
20170124,2,PM10,阜新,109.0
20170124,2,PM10_24h,阜新,65.0
20170124,2,SO2,阜新,71.0
20170124,2,SO2_24h,阜新,58.0
20170124,2,NO2,阜新,38.0
20170124,2,NO2_24h,阜新,26.0
20170124,2,O3,阜新,24.0
20170124,2,O3_24h,阜新,87.0
20170124,2,O3_8h,阜新,24.0
20170124,2,O3_8h_24h,阜新,26.0
20170124,2,CO,阜新,1.66
20170124,2,CO_24h,阜新,0.96
20170124,3,AQI,阜新,59.0
20170124,3,PM2.5,阜新,41.0
20170124,3,PM2.5_24h,阜新,44.0
20170124,3,PM10,阜新,67.0
20170124,3,PM10_24h,阜新,66.0
20170124,3,SO2,阜新,51.0
20170124,3,SO2_24h,阜新,59.0
20170124,3,NO2,阜新,32.0
20170124,3,NO2_24h,阜新,26.0
20170124,3,O3,阜新,25.0
20170124,3,O3_24h,阜新,87.0
20170124,3,O3_8h,阜新,25.0
20170124,3,O3_8h_24h,阜新,26.0
20170124,3,CO,阜新,1.24
20170124,3,CO_24h,阜新,0.98
20170124,4,AQI,阜新,49.0
20170124,4,PM2.5,阜新,27.0
20170124,4,PM2.5_24h,阜新,43.0
20170124,4,PM10,阜新,49.0
20170124,4,PM10_24h,阜新,66.0
20170124,4,SO2,阜新,39.0
20170124,4,SO2_24h,阜新,59.0
20170124,4,NO2,阜新,30.0
20170124,4,NO2_24h,阜新,27.0
20170124,4,O3,阜新,28.0
20170124,4,O3_24h,阜新,87.0
20170124,4,O3_8h,阜新,25.0
20170124,4,O3_8h_24h,阜新,26.0
20170124,4,CO,阜新,0.94
20170124,4,CO_24h,阜新,1.0
20170124,5,AQI,阜新,36.0
20170124,5,PM2.5,阜新,20.0
20170124,5,PM2.5_24h,阜新,43.0
20170124,5,PM10,阜新,36.0
20170124,5,PM10_24h,阜新,66.0
20170124,5,SO2,阜新,35.0
20170124,5,SO2_24h,阜新,59.0
20170124,5,NO2,阜新,22.0
20170124,5,NO2_24h,阜新,26.0
20170124,5,O3,阜新,38.0
20170124,5,O3_24h,阜新,87.0
20170124,5,O3_8h,阜新,28.0
20170124,5,O3_8h_24h,阜新,28.0
20170124,5,CO,阜新,0.72
20170124,5,CO_24h,阜新,1.02
20170124,6,AQI,阜新,38.0
20170124,6,PM2.5,阜新,21.0
20170124,6,PM2.5_24h,阜新,43.0
20170124,6,PM10,阜新,38.0
20170124,6,PM10_24h,阜新,66.0
20170124,6,SO2,阜新,35.0
20170124,6,SO2_24h,阜新,58.0
20170124,6,NO2,阜新,21.0
20170124,6,NO2_24h,阜新,26.0
20170124,6,O3,阜新,40.0
20170124,6,O3_24h,阜新,87.0
20170124,6,O3_8h,阜新,30.0
20170124,6,O3_8h_24h,阜新,30.0
20170124,6,CO,阜新,0.72
20170124,6,CO_24h,阜新,1.02
20170124,7,AQI,阜新,46.0
20170124,7,PM2.5,阜新,32.0
20170124,7,PM2.5_24h,阜新,44.0
20170124,7,PM10,阜新,40.0
20170124,7,PM10_24h,阜新,66.0
20170124,7,SO2,阜新,60.0
20170124,7,SO2_24h,阜新,58.0
20170124,7,NO2,阜新,27.0
20170124,7,NO2_24h,阜新,26.0
20170124,7,O3,阜新,36.0
20170124,7,O3_24h,阜新,87.0
20170124,7,O3_8h,阜新,31.0
20170124,7,O3_8h_24h,阜新,31.0
20170124,7,CO,阜新,0.84
20170124,7,CO_24h,阜新,1.02
20170124,8,AQI,阜新,63.0
20170124,8,PM2.5,阜新,45.0
20170124,8,PM2.5_24h,阜新,43.0
20170124,8,PM10,阜新,59.0
20170124,8,PM10_24h,阜新,66.0
20170124,8,SO2,阜新,70.0
20170124,8,SO2_24h,阜新,58.0
20170124,8,NO2,阜新,33.0
20170124,8,NO2_24h,阜新,26.0
20170124,8,O3,阜新,31.0
20170124,8,O3_24h,阜新,87.0
20170124,8,O3_8h,阜新,31.0
20170124,8,O3_8h_24h,阜新,31.0
20170124,8,CO,阜新,1.02
20170124,8,CO_24h,阜新,1.0
20170124,9,AQI,阜新,56.0
20170124,9,PM2.5,阜新,31.0
20170124,9,PM2.5_24h,阜新,41.0
20170124,9,PM10,阜新,62.0
20170124,9,PM10_24h,阜新,59.0
20170124,9,SO2,阜新,71.0
20170124,9,SO2_24h,阜新,54.0
20170124,9,NO2,阜新,34.0
20170124,9,NO2_24h,阜新,24.0
20170124,9,O3,阜新,32.0
20170124,9,O3_24h,阜新,86.0
20170124,9,O3_8h,阜新,35.0
20170124,9,O3_8h_24h,阜新,36.0
20170124,9,CO,阜新,1.2
20170124,9,CO_24h,阜新,0.98
20170124,10,AQI,阜新,96.0
20170124,10,PM2.5,阜新,72.0
20170124,10,PM2.5_24h,阜新,45.0
20170124,10,PM10,阜新,88.0
20170124,10,PM10_24h,阜新,66.0
20170124,10,SO2,阜新,59.0
20170124,10,SO2_24h,阜新,55.0
20170124,10,NO2,阜新,24.0
20170124,10,NO2_24h,阜新,26.0
20170124,10,O3,阜新,41.0
20170124,10,O3_24h,阜新,87.0
20170124,10,O3_8h,阜新,34.0
20170124,10,O3_8h_24h,阜新,34.0
20170124,10,CO,阜新,1.02
20170124,10,CO_24h,阜新,1.02
20170124,11,AQI,阜新,68.0
20170124,11,PM2.5,阜新,49.0
20170124,11,PM2.5_24h,阜新,46.0
20170124,11,PM10,阜新,67.0
20170124,11,PM10_24h,阜新,66.0
20170124,11,SO2,阜新,48.0
20170124,11,SO2_24h,阜新,54.0
20170124,11,NO2,阜新,21.0
20170124,11,NO2_24h,阜新,26.0
20170124,11,O3,阜新,55.0
20170124,11,O3_24h,阜新,87.0
20170124,11,O3_8h,阜新,38.0
20170124,11,O3_8h_24h,阜新,38.0
20170124,11,CO,阜新,0.76
20170124,11,CO_24h,阜新,1.04
20170124,12,AQI,阜新,43.0
20170124,12,PM2.5,阜新,30.0
20170124,12,PM2.5_24h,阜新,47.0
20170124,12,PM10,阜新,33.0
20170124,12,PM10_24h,阜新,67.0
20170124,12,SO2,阜新,29.0
20170124,12,SO2_24h,阜新,55.0
20170124,12,NO2,阜新,14.0
20170124,12,NO2_24h,阜新,27.0
20170124,12,O3,阜新,67.0
20170124,12,O3_24h,阜新,87.0
20170124,12,O3_8h,阜新,43.0
20170124,12,O3_8h_24h,阜新,43.0
20170124,12,CO,阜新,0.58
20170124,12,CO_24h,阜新,1.04
20170124,13,AQI,阜新,27.0
20170124,13,PM2.5,阜新,19.0
20170124,13,PM2.5_24h,阜新,47.0
20170124,13,PM10,阜新,26.0
20170124,13,PM10_24h,阜新,68.0
20170124,13,SO2,阜新,29.0
20170124,13,SO2_24h,阜新,55.0
20170124,13,NO2,阜新,11.0
20170124,13,NO2_24h,阜新,27.0
20170124,13,O3,阜新,76.0
20170124,13,O3_24h,阜新,87.0
20170124,13,O3_8h,阜新,48.0
20170124,13,O3_8h_24h,阜新,48.0
20170124,13,CO,阜新,0.48
20170124,13,CO_24h,阜新,1.04
20170124,14,AQI,阜新,26.0
20170124,14,PM2.5,阜新,14.0
20170124,14,PM2.5_24h,阜新,48.0
20170124,14,PM10,阜新,20.0
20170124,14,PM10_24h,阜新,69.0
20170124,14,SO2,阜新,23.0
20170124,14,SO2_24h,阜新,55.0
20170124,14,NO2,阜新,10.0
20170124,14,NO2_24h,阜新,27.0
20170124,14,O3,阜新,84.0
20170124,14,O3_24h,阜新,86.0
20170124,14,O3_8h,阜新,53.0
20170124,14,O3_8h_24h,阜新,53.0
20170124,14,CO,阜新,0.44
20170124,14,CO_24h,阜新,1.04
20170124,15,AQI,阜新,28.0
20170124,15,PM2.5,阜新,15.0
20170124,15,PM2.5_24h,阜新,48.0
20170124,15,PM10,阜新,21.0
20170124,15,PM10_24h,阜新,70.0
20170124,15,SO2,阜新,20.0
20170124,15,SO2_24h,阜新,56.0
20170124,15,NO2,阜新,10.0
20170124,15,NO2_24h,阜新,28.0
20170124,15,O3,阜新,88.0
20170124,15,O3_24h,阜新,89.0
20170124,15,O3_8h,阜新,60.0
20170124,15,O3_8h_24h,阜新,60.0
20170124,15,CO,阜新,0.44
20170124,15,CO_24h,阜新,1.04
20170124,16,AQI,阜新,27.0
20170124,16,PM2.5,阜新,18.0
20170124,16,PM2.5_24h,阜新,49.0
20170124,16,PM10,阜新,23.0
20170124,16,PM10_24h,阜新,72.0
20170124,16,SO2,阜新,28.0
20170124,16,SO2_24h,阜新,56.0
20170124,16,NO2,阜新,13.0
20170124,16,NO2_24h,阜新,28.0
20170124,16,O3,阜新,86.0
20170124,16,O3_24h,阜新,88.0
20170124,16,O3_8h,阜新,67.0
20170124,16,O3_8h_24h,阜新,67.0
20170124,16,CO,阜新,0.44
20170124,16,CO_24h,阜新,1.04
20170124,17,AQI,阜新,59.0
20170124,17,PM2.5,阜新,42.0
20170124,17,PM2.5_24h,阜新,50.0
20170124,17,PM10,阜新,42.0
20170124,17,PM10_24h,阜新,73.0
20170124,17,SO2,阜新,51.0
20170124,17,SO2_24h,阜新,58.0
20170124,17,NO2,阜新,27.0
20170124,17,NO2_24h,阜新,29.0
20170124,17,O3,阜新,73.0
20170124,17,O3_24h,阜新,88.0
20170124,17,O3_8h,阜新,71.0
20170124,17,O3_8h_24h,阜新,71.0
20170124,17,CO,阜新,0.64
20170124,17,CO_24h,阜新,1.06
20170124,18,AQI,阜新,94.0
20170124,18,PM2.5,阜新,70.0
20170124,18,PM2.5_24h,阜新,52.0
20170124,18,PM10,阜新,75.0
20170124,18,PM10_24h,阜新,76.0
20170124,18,SO2,阜新,73.0
20170124,18,SO2_24h,阜新,60.0
20170124,18,NO2,阜新,47.0
20170124,18,NO2_24h,阜新,29.0
20170124,18,O3,阜新,51.0
20170124,18,O3_24h,阜新,88.0
20170124,18,O3_8h,阜新,73.0
20170124,18,O3_8h_24h,阜新,73.0
20170124,18,CO,阜新,0.94
20170124,18,CO_24h,阜新,1.06
20170124,19,AQI,阜新,79.0
20170124,19,PM2.5,阜新,58.0
20170124,19,PM2.5_24h,阜新,53.0
20170124,19,PM10,阜新,107.0
20170124,19,PM10_24h,阜新,77.0
20170124,19,SO2,阜新,101.0
20170124,19,SO2_24h,阜新,62.0
20170124,19,NO2,阜新,62.0
20170124,19,NO2_24h,阜新,30.0
20170124,19,O3,阜新,34.0
20170124,19,O3_24h,阜新,88.0
20170124,19,O3_8h,阜新,70.0
20170124,19,O3_8h_24h,阜新,73.0
20170124,19,CO,阜新,1.26
20170124,19,CO_24h,阜新,1.06
20170124,20,AQI,阜新,173.0
20170124,20,PM2.5,阜新,131.0
20170124,20,PM2.5_24h,阜新,54.0
20170124,20,PM10,阜新,97.0
20170124,20,PM10_24h,阜新,76.0
20170124,20,SO2,阜新,141.0
20170124,20,SO2_24h,阜新,65.0
20170124,20,NO2,阜新,63.0
20170124,20,NO2_24h,阜新,31.0
20170124,20,O3,阜新,31.0
20170124,20,O3_24h,阜新,88.0
20170124,20,O3_8h,阜新,65.0
20170124,20,O3_8h_24h,阜新,73.0
20170124,20,CO,阜新,1.8
20170124,20,CO_24h,阜新,1.08
20170124,21,AQI,阜新,207.0
20170124,21,PM2.5,阜新,157.0
20170124,21,PM2.5_24h,阜新,57.0
20170124,21,PM10,阜新,198.0
20170124,21,PM10_24h,阜新,79.0
20170124,21,SO2,阜新,156.0
20170124,21,SO2_24h,阜新,67.0
20170124,21,NO2,阜新,61.0
20170124,21,NO2_24h,阜新,32.0
20170124,21,O3,阜新,29.0
20170124,21,O3_24h,阜新,88.0
20170124,21,O3_8h,阜新,59.0
20170124,21,O3_8h_24h,阜新,73.0
20170124,21,CO,阜新,2.2
20170124,21,CO_24h,阜新,1.12
20170124,22,AQI,阜新,173.0
20170124,22,PM2.5,阜新,131.0
20170124,22,PM2.5_24h,阜新,59.0
20170124,22,PM10,阜新,174.0
20170124,22,PM10_24h,阜新,81.0
20170124,22,SO2,阜新,160.0
20170124,22,SO2_24h,阜新,69.0
20170124,22,NO2,阜新,60.0
20170124,22,NO2_24h,阜新,33.0
20170124,22,O3,阜新,24.0
20170124,22,O3_24h,阜新,88.0
20170124,22,O3_8h,阜新,52.0
20170124,22,O3_8h_24h,阜新,73.0
20170124,22,CO,阜新,1.88
20170124,22,CO_24h,阜新,1.12
20170124,23,AQI,阜新,181.0
20170124,23,PM2.5,阜新,137.0
20170124,23,PM2.5_24h,阜新,60.0
20170124,23,PM10,阜新,181.0
20170124,23,PM10_24h,阜新,84.0
20170124,23,SO2,阜新,171.0
20170124,23,SO2_24h,阜新,72.0
20170124,23,NO2,阜新,55.0
20170124,23,NO2_24h,阜新,33.0
20170124,23,O3,阜新,24.0
20170124,23,O3_24h,阜新,88.0
20170124,23,O3_8h,阜新,44.0
20170124,23,O3_8h_24h,阜新,73.0
20170124,23,CO,阜新,1.9
20170124,23,CO_24h,阜新,1.14
20170124,0,AQI,辽阳,134.0
20170124,0,PM2.5,辽阳,102.0
20170124,0,PM2.5_24h,辽阳,87.0
20170124,0,PM10,辽阳,136.0
20170124,0,PM10_24h,辽阳,122.0
20170124,0,SO2,辽阳,39.0
20170124,0,SO2_24h,辽阳,46.0
20170124,0,NO2,辽阳,56.0
20170124,0,NO2_24h,辽阳,49.0
20170124,0,O3,辽阳,22.0
20170124,0,O3_24h,辽阳,77.0
20170124,0,O3_8h,辽阳,29.0
20170124,0,O3_8h_24h,辽阳,62.0
20170124,0,CO,辽阳,1.85
20170124,0,CO_24h,辽阳,1.68
20170124,1,AQI,辽阳,125.0
20170124,1,PM2.5,辽阳,95.0
20170124,1,PM2.5_24h,辽阳,85.0
20170124,1,PM10,辽阳,127.0
20170124,1,PM10_24h,辽阳,119.0
20170124,1,SO2,辽阳,38.0
20170124,1,SO2_24h,辽阳,47.0
20170124,1,NO2,辽阳,59.0
20170124,1,NO2_24h,辽阳,49.0
20170124,1,O3,辽阳,18.0
20170124,1,O3_24h,辽阳,77.0
20170124,1,O3_8h,辽阳,18.0
20170124,1,O3_8h_24h,辽阳,18.0
20170124,1,CO,辽阳,1.83
20170124,1,CO_24h,辽阳,1.68
20170124,2,AQI,辽阳,96.0
20170124,2,PM2.5,辽阳,72.0
20170124,2,PM2.5_24h,辽阳,84.0
20170124,2,PM10,辽阳,111.0
20170124,2,PM10_24h,辽阳,117.0
20170124,2,SO2,辽阳,38.0
20170124,2,SO2_24h,辽阳,47.0
20170124,2,NO2,辽阳,54.0
20170124,2,NO2_24h,辽阳,49.0
20170124,2,O3,辽阳,21.0
20170124,2,O3_24h,辽阳,77.0
20170124,2,O3_8h,辽阳,20.0
20170124,2,O3_8h_24h,辽阳,20.0
20170124,2,CO,辽阳,1.55
20170124,2,CO_24h,辽阳,1.6
20170124,3,AQI,辽阳,81.0
20170124,3,PM2.5,辽阳,60.0
20170124,3,PM2.5_24h,辽阳,81.0
20170124,3,PM10,辽阳,96.0
20170124,3,PM10_24h,辽阳,115.0
20170124,3,SO2,辽阳,36.0
20170124,3,SO2_24h,辽阳,47.0
20170124,3,NO2,辽阳,50.0
20170124,3,NO2_24h,辽阳,48.0
20170124,3,O3,辽阳,23.0
20170124,3,O3_24h,辽阳,77.0
20170124,3,O3_8h,辽阳,21.0
20170124,3,O3_8h_24h,辽阳,21.0
20170124,3,CO,辽阳,1.4
20170124,3,CO_24h,辽阳,1.55
20170124,4,AQI,辽阳,84.0
20170124,4,PM2.5,辽阳,62.0
20170124,4,PM2.5_24h,辽阳,80.0
20170124,4,PM10,辽阳,97.0
20170124,4,PM10_24h,辽阳,114.0
20170124,4,SO2,辽阳,36.0
20170124,4,SO2_24h,辽阳,48.0
20170124,4,NO2,辽阳,51.0
20170124,4,NO2_24h,辽阳,48.0
20170124,4,O3,辽阳,20.0
20170124,4,O3_24h,辽阳,77.0
20170124,4,O3_8h,辽阳,20.0
20170124,4,O3_8h_24h,辽阳,21.0
20170124,4,CO,辽阳,1.52
20170124,4,CO_24h,辽阳,1.52
20170124,5,AQI,辽阳,90.0
20170124,5,PM2.5,辽阳,67.0
20170124,5,PM2.5_24h,辽阳,79.0
20170124,5,PM10,辽阳,101.0
20170124,5,PM10_24h,辽阳,113.0
20170124,5,SO2,辽阳,38.0
20170124,5,SO2_24h,辽阳,48.0
20170124,5,NO2,辽阳,53.0
20170124,5,NO2_24h,辽阳,49.0
20170124,5,O3,辽阳,17.0
20170124,5,O3_24h,辽阳,77.0
20170124,5,O3_8h,辽阳,20.0
20170124,5,O3_8h_24h,辽阳,21.0
20170124,5,CO,辽阳,1.65
20170124,5,CO_24h,辽阳,1.52
20170124,6,AQI,辽阳,99.0
20170124,6,PM2.5,辽阳,74.0
20170124,6,PM2.5_24h,辽阳,79.0
20170124,6,PM10,辽阳,107.0
20170124,6,PM10_24h,辽阳,113.0
20170124,6,SO2,辽阳,37.0
20170124,6,SO2_24h,辽阳,48.0
20170124,6,NO2,辽阳,55.0
20170124,6,NO2_24h,辽阳,49.0
20170124,6,O3,辽阳,13.0
20170124,6,O3_24h,辽阳,77.0
20170124,6,O3_8h,辽阳,19.0
20170124,6,O3_8h_24h,辽阳,21.0
20170124,6,CO,辽阳,1.7
20170124,6,CO_24h,辽阳,1.55
20170124,7,AQI,辽阳,116.0
20170124,7,PM2.5,辽阳,88.0
20170124,7,PM2.5_24h,辽阳,79.0
20170124,7,PM10,辽阳,115.0
20170124,7,PM10_24h,辽阳,112.0
20170124,7,SO2,辽阳,42.0
20170124,7,SO2_24h,辽阳,48.0
20170124,7,NO2,辽阳,61.0
20170124,7,NO2_24h,辽阳,49.0
20170124,7,O3,辽阳,9.0
20170124,7,O3_24h,辽阳,77.0
20170124,7,O3_8h,辽阳,18.0
20170124,7,O3_8h_24h,辽阳,21.0
20170124,7,CO,辽阳,2.03
20170124,7,CO_24h,辽阳,1.53
20170124,8,AQI,辽阳,134.0
20170124,8,PM2.5,辽阳,102.0
20170124,8,PM2.5_24h,辽阳,79.0
20170124,8,PM10,辽阳,132.0
20170124,8,PM10_24h,辽阳,111.0
20170124,8,SO2,辽阳,54.0
20170124,8,SO2_24h,辽阳,48.0
20170124,8,NO2,辽阳,64.0
20170124,8,NO2_24h,辽阳,49.0
20170124,8,O3,辽阳,10.0
20170124,8,O3_24h,辽阳,77.0
20170124,8,O3_8h,辽阳,17.0
20170124,8,O3_8h_24h,辽阳,21.0
20170124,8,CO,辽阳,2.33
20170124,8,CO_24h,辽阳,1.53
20170124,9,AQI,辽阳,139.0
20170124,9,PM2.5,辽阳,106.0
20170124,9,PM2.5_24h,辽阳,77.0
20170124,9,PM10,辽阳,175.0
20170124,9,PM10_24h,辽阳,111.0
20170124,9,SO2,辽阳,64.0
20170124,9,SO2_24h,辽阳,48.0
20170124,9,NO2,辽阳,70.0
20170124,9,NO2_24h,辽阳,50.0
20170124,9,O3,辽阳,16.0
20170124,9,O3_24h,辽阳,77.0
20170124,9,O3_8h,辽阳,16.0
20170124,9,O3_8h_24h,辽阳,21.0
20170124,9,CO,辽阳,3.28
20170124,9,CO_24h,辽阳,1.55
20170124,10,AQI,辽阳,199.0
20170124,10,PM2.5,辽阳,149.0
20170124,10,PM2.5_24h,辽阳,78.0
20170124,10,PM10,辽阳,227.0
20170124,10,PM10_24h,辽阳,112.0
20170124,10,SO2,辽阳,106.0
20170124,10,SO2_24h,辽阳,46.0
20170124,10,NO2,辽阳,71.0
20170124,10,NO2_24h,辽阳,50.0
20170124,10,O3,辽阳,21.0
20170124,10,O3_24h,辽阳,77.0
20170124,10,O3_8h,辽阳,16.0
20170124,10,O3_8h_24h,辽阳,21.0
20170124,10,CO,辽阳,2.97
20170124,10,CO_24h,辽阳,1.58
20170124,11,AQI,辽阳,214.0
20170124,11,PM2.5,辽阳,164.0
20170124,11,PM2.5_24h,辽阳,81.0
20170124,11,PM10,辽阳,232.0
20170124,11,PM10_24h,辽阳,114.0
20170124,11,SO2,辽阳,139.0
20170124,11,SO2_24h,辽阳,48.0
20170124,11,NO2,辽阳,72.0
20170124,11,NO2_24h,辽阳,52.0
20170124,11,O3,辽阳,33.0
20170124,11,O3_24h,辽阳,77.0
20170124,11,O3_8h,辽阳,17.0
20170124,11,O3_8h_24h,辽阳,22.0
20170124,11,CO,辽阳,2.78
20170124,11,CO_24h,辽阳,1.63
20170124,12,AQI,辽阳,211.0
20170124,12,PM2.5,辽阳,161.0
20170124,12,PM2.5_24h,辽阳,86.0
20170124,12,PM10,辽阳,251.0
20170124,12,PM10_24h,辽阳,122.0
20170124,12,SO2,辽阳,128.0
20170124,12,SO2_24h,辽阳,51.0
20170124,12,NO2,辽阳,73.0
20170124,12,NO2_24h,辽阳,54.0
20170124,12,O3,辽阳,36.0
20170124,12,O3_24h,辽阳,77.0
20170124,12,O3_8h,辽阳,20.0
20170124,12,O3_8h_24h,辽阳,24.0
20170124,12,CO,辽阳,3.05
20170124,12,CO_24h,辽阳,1.7
20170124,13,AQI,辽阳,113.0
20170124,13,PM2.5,辽阳,85.0
20170124,13,PM2.5_24h,辽阳,87.0
20170124,13,PM10,辽阳,158.0
20170124,13,PM10_24h,辽阳,126.0
20170124,13,SO2,辽阳,63.0
20170124,13,SO2_24h,辽阳,53.0
20170124,13,NO2,辽阳,44.0
20170124,13,NO2_24h,辽阳,54.0
20170124,13,O3,辽阳,53.0
20170124,13,O3_24h,辽阳,77.0
20170124,13,O3_8h,辽阳,24.0
20170124,13,O3_8h_24h,辽阳,26.0
20170124,13,CO,辽阳,1.67
20170124,13,CO_24h,辽阳,1.75
20170124,14,AQI,辽阳,74.0
20170124,14,PM2.5,辽阳,54.0
20170124,14,PM2.5_24h,辽阳,89.0
20170124,14,PM10,辽阳,91.0
20170124,14,PM10_24h,辽阳,128.0
20170124,14,SO2,辽阳,42.0
20170124,14,SO2_24h,辽阳,53.0
20170124,14,NO2,辽阳,32.0
20170124,14,NO2_24h,辽阳,55.0
20170124,14,O3,辽阳,65.0
20170124,14,O3_24h,辽阳,77.0
20170124,14,O3_8h,辽阳,30.0
20170124,14,O3_8h_24h,辽阳,31.0
20170124,14,CO,辽阳,1.05
20170124,14,CO_24h,辽阳,1.75
20170124,15,AQI,辽阳,44.0
20170124,15,PM2.5,辽阳,29.0
20170124,15,PM2.5_24h,辽阳,88.0
20170124,15,PM10,辽阳,44.0
20170124,15,PM10_24h,辽阳,127.0
20170124,15,SO2,辽阳,32.0
20170124,15,SO2_24h,辽阳,53.0
20170124,15,NO2,辽阳,20.0
20170124,15,NO2_24h,辽阳,55.0
20170124,15,O3,辽阳,73.0
20170124,15,O3_24h,辽阳,74.0
20170124,15,O3_8h,辽阳,38.0
20170124,15,O3_8h_24h,辽阳,38.0
20170124,15,CO,辽阳,0.58
20170124,15,CO_24h,辽阳,1.73
20170124,16,AQI,辽阳,43.0
20170124,16,PM2.5,辽阳,30.0
20170124,16,PM2.5_24h,辽阳,88.0
20170124,16,PM10,辽阳,39.0
20170124,16,PM10_24h,辽阳,126.0
20170124,16,SO2,辽阳,34.0
20170124,16,SO2_24h,辽阳,54.0
20170124,16,NO2,辽阳,21.0
20170124,16,NO2_24h,辽阳,55.0
20170124,16,O3,辽阳,72.0
20170124,16,O3_24h,辽阳,74.0
20170124,16,O3_8h,辽阳,46.0
20170124,16,O3_8h_24h,辽阳,46.0
20170124,16,CO,辽阳,0.55
20170124,16,CO_24h,辽阳,1.73
20170124,17,AQI,辽阳,61.0
20170124,17,PM2.5,辽阳,44.0
20170124,17,PM2.5_24h,辽阳,88.0
20170124,17,PM10,辽阳,54.0
20170124,17,PM10_24h,辽阳,125.0
20170124,17,SO2,辽阳,30.0
20170124,17,SO2_24h,辽阳,53.0
20170124,17,NO2,辽阳,35.0
20170124,17,NO2_24h,辽阳,55.0
20170124,17,O3,辽阳,59.0
20170124,17,O3_24h,辽阳,74.0
20170124,17,O3_8h,辽阳,52.0
20170124,17,O3_8h_24h,辽阳,52.0
20170124,17,CO,辽阳,0.7
20170124,17,CO_24h,辽阳,1.73
20170124,18,AQI,辽阳,84.0
20170124,18,PM2.5,辽阳,62.0
20170124,18,PM2.5_24h,辽阳,88.0
20170124,18,PM10,辽阳,85.0
20170124,18,PM10_24h,辽阳,125.0
20170124,18,SO2,辽阳,34.0
20170124,18,SO2_24h,辽阳,53.0
20170124,18,NO2,辽阳,67.0
20170124,18,NO2_24h,辽阳,56.0
20170124,18,O3,辽阳,28.0
20170124,18,O3_24h,辽阳,74.0
20170124,18,O3_8h,辽阳,52.0
20170124,18,O3_8h_24h,辽阳,52.0
20170124,18,CO,辽阳,1.0
20170124,18,CO_24h,辽阳,1.75
20170124,19,AQI,辽阳,131.0
20170124,19,PM2.5,辽阳,100.0
20170124,19,PM2.5_24h,辽阳,89.0
20170124,19,PM10,辽阳,105.0
20170124,19,PM10_24h,辽阳,125.0
20170124,19,SO2,辽阳,56.0
20170124,19,SO2_24h,辽阳,53.0
20170124,19,NO2,辽阳,75.0
20170124,19,NO2_24h,辽阳,56.0
20170124,19,O3,辽阳,24.0
20170124,19,O3_24h,辽阳,74.0
20170124,19,O3_8h,辽阳,51.0
20170124,19,O3_8h_24h,辽阳,53.0
20170124,19,CO,辽阳,1.5
20170124,19,CO_24h,辽阳,1.73
20170124,20,AQI,辽阳,176.0
20170124,20,PM2.5,辽阳,133.0
20170124,20,PM2.5_24h,辽阳,90.0
20170124,20,PM10,辽阳,151.0
20170124,20,PM10_24h,辽阳,125.0
20170124,20,SO2,辽阳,80.0
20170124,20,SO2_24h,辽阳,55.0
20170124,20,NO2,辽阳,80.0
20170124,20,NO2_24h,辽阳,56.0
20170124,20,O3,辽阳,20.0
20170124,20,O3_24h,辽阳,74.0
20170124,20,O3_8h,辽阳,49.0
20170124,20,O3_8h_24h,辽阳,53.0
20170124,20,CO,辽阳,2.13
20170124,20,CO_24h,辽阳,1.77
20170124,21,AQI,辽阳,179.0
20170124,21,PM2.5,辽阳,135.0
20170124,21,PM2.5_24h,辽阳,92.0
20170124,21,PM10,辽阳,186.0
20170124,21,PM10_24h,辽阳,128.0
20170124,21,SO2,辽阳,66.0
20170124,21,SO2_24h,辽阳,55.0
20170124,21,NO2,辽阳,75.0
20170124,21,NO2_24h,辽阳,56.0
20170124,21,O3,辽阳,17.0
20170124,21,O3_24h,辽阳,74.0
20170124,21,O3_8h,辽阳,45.0
20170124,21,O3_8h_24h,辽阳,53.0
20170124,21,CO,辽阳,2.1
20170124,21,CO_24h,辽阳,1.77
20170124,22,AQI,辽阳,123.0
20170124,22,PM2.5,辽阳,93.0
20170124,22,PM2.5_24h,辽阳,92.0
20170124,22,PM10,辽阳,130.0
20170124,22,PM10_24h,辽阳,128.0
20170124,22,SO2,辽阳,54.0
20170124,22,SO2_24h,辽阳,56.0
20170124,22,NO2,辽阳,66.0
20170124,22,NO2_24h,辽阳,57.0
20170124,22,O3,辽阳,19.0
20170124,22,O3_24h,辽阳,74.0
20170124,22,O3_8h,辽阳,39.0
20170124,22,O3_8h_24h,辽阳,53.0
20170124,22,CO,辽阳,1.55
20170124,22,CO_24h,辽阳,1.8
20170124,23,AQI,辽阳,160.0
20170124,23,PM2.5,辽阳,122.0
20170124,23,PM2.5_24h,辽阳,91.0
20170124,23,PM10,辽阳,141.0
20170124,23,PM10_24h,辽阳,128.0
20170124,23,SO2,辽阳,53.0
20170124,23,SO2_24h,辽阳,56.0
20170124,23,NO2,辽阳,70.0
20170124,23,NO2_24h,辽阳,57.0
20170124,23,O3,辽阳,14.0
20170124,23,O3_24h,辽阳,74.0
20170124,23,O3_8h,辽阳,32.0
20170124,23,O3_8h_24h,辽阳,53.0
20170124,23,CO,辽阳,2.02
20170124,23,CO_24h,辽阳,1.8
20170124,0,AQI,铁岭,104.0
20170124,0,PM2.5,铁岭,78.0
20170124,0,PM2.5_24h,铁岭,91.0
20170124,0,PM10,铁岭,94.0
20170124,0,PM10_24h,铁岭,113.0
20170124,0,SO2,铁岭,30.0
20170124,0,SO2_24h,铁岭,42.0
20170124,0,NO2,铁岭,42.0
20170124,0,NO2_24h,铁岭,42.0
20170124,0,O3,铁岭,28.0
20170124,0,O3_24h,铁岭,77.0
20170124,0,O3_8h,铁岭,35.0
20170124,0,O3_8h_24h,铁岭,54.0
20170124,0,CO,铁岭,1.05
20170124,0,CO_24h,铁岭,0.95
20170124,1,AQI,铁岭,94.0
20170124,1,PM2.5,铁岭,70.0
20170124,1,PM2.5_24h,铁岭,89.0
20170124,1,PM10,铁岭,101.0
20170124,1,PM10_24h,铁岭,110.0
20170124,1,SO2,铁岭,25.0
20170124,1,SO2_24h,铁岭,42.0
20170124,1,NO2,铁岭,40.0
20170124,1,NO2_24h,铁岭,42.0
20170124,1,O3,铁岭,27.0
20170124,1,O3_24h,铁岭,77.0
20170124,1,O3_8h,铁岭,27.0
20170124,1,O3_8h_24h,铁岭,27.0
20170124,1,CO,铁岭,0.85
20170124,1,CO_24h,铁岭,0.95
20170124,2,AQI,铁岭,86.0
20170124,2,PM2.5,铁岭,64.0
20170124,2,PM2.5_24h,铁岭,87.0
20170124,2,PM10,铁岭,98.0
20170124,2,PM10_24h,铁岭,110.0
20170124,2,SO2,铁岭,26.0
20170124,2,SO2_24h,铁岭,42.0
20170124,2,NO2,铁岭,37.0
20170124,2,NO2_24h,铁岭,42.0
20170124,2,O3,铁岭,30.0
20170124,2,O3_24h,铁岭,77.0
20170124,2,O3_8h,铁岭,28.0
20170124,2,O3_8h_24h,铁岭,29.0
20170124,2,CO,铁岭,0.78
20170124,2,CO_24h,铁岭,0.93
20170124,3,AQI,铁岭,79.0
20170124,3,PM2.5,铁岭,58.0
20170124,3,PM2.5_24h,铁岭,86.0
20170124,3,PM10,铁岭,83.0
20170124,3,PM10_24h,铁岭,109.0
20170124,3,SO2,铁岭,27.0
20170124,3,SO2_24h,铁岭,43.0
20170124,3,NO2,铁岭,35.0
20170124,3,NO2_24h,铁岭,42.0
20170124,3,O3,铁岭,32.0
20170124,3,O3_24h,铁岭,77.0
20170124,3,O3_8h,铁岭,30.0
20170124,3,O3_8h_24h,铁岭,31.0
20170124,3,CO,铁岭,0.68
20170124,3,CO_24h,铁岭,0.93
20170124,4,AQI,铁岭,78.0
20170124,4,PM2.5,铁岭,57.0
20170124,4,PM2.5_24h,铁岭,85.0
20170124,4,PM10,铁岭,83.0
20170124,4,PM10_24h,铁岭,109.0
20170124,4,SO2,铁岭,26.0
20170124,4,SO2_24h,铁岭,43.0
20170124,4,NO2,铁岭,33.0
20170124,4,NO2_24h,铁岭,42.0
20170124,4,O3,铁岭,34.0
20170124,4,O3_24h,铁岭,77.0
20170124,4,O3_8h,铁岭,31.0
20170124,4,O3_8h_24h,铁岭,32.0
20170124,4,CO,铁岭,0.68
20170124,4,CO_24h,铁岭,0.93
20170124,5,AQI,铁岭,75.0
20170124,5,PM2.5,铁岭,55.0
20170124,5,PM2.5_24h,铁岭,84.0
20170124,5,PM10,铁岭,78.0
20170124,5,PM10_24h,铁岭,108.0
20170124,5,SO2,铁岭,24.0
20170124,5,SO2_24h,铁岭,43.0
20170124,5,NO2,铁岭,33.0
20170124,5,NO2_24h,铁岭,42.0
20170124,5,O3,铁岭,34.0
20170124,5,O3_24h,铁岭,77.0
20170124,5,O3_8h,铁岭,31.0
20170124,5,O3_8h_24h,铁岭,32.0
20170124,5,CO,铁岭,0.6
20170124,5,CO_24h,铁岭,0.95
20170124,6,AQI,铁岭,81.0
20170124,6,PM2.5,铁岭,60.0
20170124,6,PM2.5_24h,铁岭,82.0
20170124,6,PM10,铁岭,78.0
20170124,6,PM10_24h,铁岭,107.0
20170124,6,SO2,铁岭,22.0
20170124,6,SO2_24h,铁岭,44.0
20170124,6,NO2,铁岭,37.0
20170124,6,NO2_24h,铁岭,42.0
20170124,6,O3,铁岭,29.0
20170124,6,O3_24h,铁岭,77.0
20170124,6,O3_8h,铁岭,31.0
20170124,6,O3_8h_24h,铁岭,32.0
20170124,6,CO,铁岭,0.65
20170124,6,CO_24h,铁岭,0.95
20170124,7,AQI,铁岭,89.0
20170124,7,PM2.5,铁岭,66.0
20170124,7,PM2.5_24h,铁岭,81.0
20170124,7,PM10,铁岭,82.0
20170124,7,PM10_24h,铁岭,106.0
20170124,7,SO2,铁岭,24.0
20170124,7,SO2_24h,铁岭,44.0
20170124,7,NO2,铁岭,41.0
20170124,7,NO2_24h,铁岭,42.0
20170124,7,O3,铁岭,24.0
20170124,7,O3_24h,铁岭,77.0
20170124,7,O3_8h,铁岭,30.0
20170124,7,O3_8h_24h,铁岭,32.0
20170124,7,CO,铁岭,0.7
20170124,7,CO_24h,铁岭,0.95
20170124,8,AQI,铁岭,93.0
20170124,8,PM2.5,铁岭,69.0
20170124,8,PM2.5_24h,铁岭,79.0
20170124,8,PM10,铁岭,98.0
20170124,8,PM10_24h,铁岭,105.0
20170124,8,SO2,铁岭,34.0
20170124,8,SO2_24h,铁岭,44.0
20170124,8,NO2,铁岭,47.0
20170124,8,NO2_24h,铁岭,43.0
20170124,8,O3,铁岭,19.0
20170124,8,O3_24h,铁岭,77.0
20170124,8,O3_8h,铁岭,28.0
20170124,8,O3_8h_24h,铁岭,32.0
20170124,8,CO,铁岭,0.9
20170124,8,CO_24h,铁岭,0.95
20170124,9,AQI,铁岭,151.0
20170124,9,PM2.5,铁岭,116.0
20170124,9,PM2.5_24h,铁岭,78.0
20170124,9,PM10,铁岭,157.0
20170124,9,PM10_24h,铁岭,107.0
20170124,9,SO2,铁岭,43.0
20170124,9,SO2_24h,铁岭,44.0
20170124,9,NO2,铁岭,47.0
20170124,9,NO2_24h,铁岭,43.0
20170124,9,O3,铁岭,21.0
20170124,9,O3_24h,铁岭,77.0
20170124,9,O3_8h,铁岭,28.0
20170124,9,O3_8h_24h,铁岭,32.0
20170124,9,CO,铁岭,1.02
20170124,9,CO_24h,铁岭,0.95
20170124,10,AQI,铁岭,133.0
20170124,10,PM2.5,铁岭,101.0
20170124,10,PM2.5_24h,铁岭,76.0
20170124,10,PM10,铁岭,133.0
20170124,10,PM10_24h,铁岭,104.0
20170124,10,SO2,铁岭,47.0
20170124,10,SO2_24h,铁岭,44.0
20170124,10,NO2,铁岭,48.0
20170124,10,NO2_24h,铁岭,43.0
20170124,10,O3,铁岭,27.0
20170124,10,O3_24h,铁岭,77.0
20170124,10,O3_8h,铁岭,28.0
20170124,10,O3_8h_24h,铁岭,32.0
20170124,10,CO,铁岭,1.1
20170124,10,CO_24h,铁岭,0.95
20170124,11,AQI,铁岭,120.0
20170124,11,PM2.5,铁岭,91.0
20170124,11,PM2.5_24h,铁岭,74.0
20170124,11,PM10,铁岭,127.0
20170124,11,PM10_24h,铁岭,104.0
20170124,11,SO2,铁岭,62.0
20170124,11,SO2_24h,铁岭,42.0
20170124,11,NO2,铁岭,50.0
20170124,11,NO2_24h,铁岭,43.0
20170124,11,O3,铁岭,35.0
20170124,11,O3_24h,铁岭,77.0
20170124,11,O3_8h,铁岭,28.0
20170124,11,O3_8h_24h,铁岭,32.0
20170124,11,CO,铁岭,1.05
20170124,11,CO_24h,铁岭,0.92
20170124,12,AQI,铁岭,140.0
20170124,12,PM2.5,铁岭,107.0
20170124,12,PM2.5_24h,铁岭,74.0
20170124,12,PM10,铁岭,160.0
20170124,12,PM10_24h,铁岭,103.0
20170124,12,SO2,铁岭,94.0
20170124,12,SO2_24h,铁岭,41.0
20170124,12,NO2,铁岭,61.0
20170124,12,NO2_24h,铁岭,43.0
20170124,12,O3,铁岭,41.0
20170124,12,O3_24h,铁岭,77.0
20170124,12,O3_8h,铁岭,28.0
20170124,12,O3_8h_24h,铁岭,32.0
20170124,12,CO,铁岭,1.3
20170124,12,CO_24h,铁岭,0.92
20170124,13,AQI,铁岭,130.0
20170124,13,PM2.5,铁岭,99.0
20170124,13,PM2.5_24h,铁岭,74.0
20170124,13,PM10,铁岭,160.0
20170124,13,PM10_24h,铁岭,104.0
20170124,13,SO2,铁岭,93.0
20170124,13,SO2_24h,铁岭,40.0
20170124,13,NO2,铁岭,61.0
20170124,13,NO2_24h,铁岭,42.0
20170124,13,O3,铁岭,48.0
20170124,13,O3_24h,铁岭,77.0
20170124,13,O3_8h,铁岭,31.0
20170124,13,O3_8h_24h,铁岭,34.0
20170124,13,CO,铁岭,1.27
20170124,13,CO_24h,铁岭,0.95
20170124,14,AQI,铁岭,107.0
20170124,14,PM2.5,铁岭,70.0
20170124,14,PM2.5_24h,铁岭,75.0
20170124,14,PM10,铁岭,163.0
20170124,14,PM10_24h,铁岭,106.0
20170124,14,SO2,铁岭,86.0
20170124,14,SO2_24h,铁岭,42.0
20170124,14,NO2,铁岭,52.0
20170124,14,NO2_24h,铁岭,43.0
20170124,14,O3,铁岭,60.0
20170124,14,O3_24h,铁岭,77.0
20170124,14,O3_8h,铁岭,34.0
20170124,14,O3_8h_24h,铁岭,37.0
20170124,14,CO,铁岭,1.07
20170124,14,CO_24h,铁岭,0.95
20170124,15,AQI,铁岭,87.0
20170124,15,PM2.5,铁岭,51.0
20170124,15,PM2.5_24h,铁岭,75.0
20170124,15,PM10,铁岭,124.0
20170124,15,PM10_24h,铁岭,109.0
20170124,15,SO2,铁岭,68.0
20170124,15,SO2_24h,铁岭,44.0
20170124,15,NO2,铁岭,45.0
20170124,15,NO2_24h,铁岭,44.0
20170124,15,O3,铁岭,62.0
20170124,15,O3_24h,铁岭,76.0
20170124,15,O3_8h,铁岭,39.0
20170124,15,O3_8h_24h,铁岭,41.0
20170124,15,CO,铁岭,0.98
20170124,15,CO_24h,铁岭,0.97
20170124,16,AQI,铁岭,83.0
20170124,16,PM2.5,铁岭,61.0
20170124,16,PM2.5_24h,铁岭,76.0
20170124,16,PM10,铁岭,94.0
20170124,16,PM10_24h,铁岭,110.0
20170124,16,SO2,铁岭,82.0
20170124,16,SO2_24h,铁岭,47.0
20170124,16,NO2,铁岭,61.0
20170124,16,NO2_24h,铁岭,46.0
20170124,16,O3,铁岭,46.0
20170124,16,O3_24h,铁岭,69.0
20170124,16,O3_8h,铁岭,43.0
20170124,16,O3_8h_24h,铁岭,44.0
20170124,16,CO,铁岭,0.95
20170124,16,CO_24h,铁岭,1.0
20170124,17,AQI,铁岭,124.0
20170124,17,PM2.5,铁岭,94.0
20170124,17,PM2.5_24h,铁岭,78.0
20170124,17,PM10,铁岭,120.0
20170124,17,PM10_24h,铁岭,113.0
20170124,17,SO2,铁岭,89.0
20170124,17,SO2_24h,铁岭,50.0
20170124,17,NO2,铁岭,77.0
20170124,17,NO2_24h,铁岭,48.0
20170124,17,O3,铁岭,28.0
20170124,17,O3_24h,铁岭,63.0
20170124,17,O3_8h,铁岭,44.0
20170124,17,O3_8h_24h,铁岭,45.0
20170124,17,CO,铁岭,1.18
20170124,17,CO_24h,铁岭,1.02
20170124,18,AQI,铁岭,164.0
20170124,18,PM2.5,铁岭,125.0
20170124,18,PM2.5_24h,铁岭,81.0
20170124,18,PM10,铁岭,161.0
20170124,18,PM10_24h,铁岭,116.0
20170124,18,SO2,铁岭,95.0
20170124,18,SO2_24h,铁岭,53.0
20170124,18,NO2,铁岭,97.0
20170124,18,NO2_24h,铁岭,50.0
20170124,18,O3,铁岭,10.0
20170124,18,O3_24h,铁岭,63.0
20170124,18,O3_8h,铁岭,41.0
20170124,18,O3_8h_24h,铁岭,45.0
20170124,18,CO,铁岭,1.4
20170124,18,CO_24h,铁岭,1.05
20170124,19,AQI,铁岭,211.0
20170124,19,PM2.5,铁岭,161.0
20170124,19,PM2.5_24h,铁岭,84.0
20170124,19,PM10,铁岭,167.0
20170124,19,PM10_24h,铁岭,117.0
20170124,19,SO2,铁岭,97.0
20170124,19,SO2_24h,铁岭,55.0
20170124,19,NO2,铁岭,93.0
20170124,19,NO2_24h,铁岭,51.0
20170124,19,O3,铁岭,11.0
20170124,19,O3_24h,铁岭,63.0
20170124,19,O3_8h,铁岭,38.0
20170124,19,O3_8h_24h,铁岭,45.0
20170124,19,CO,铁岭,1.68
20170124,19,CO_24h,铁岭,1.08
20170124,20,AQI,铁岭,230.0
20170124,20,PM2.5,铁岭,180.0
20170124,20,PM2.5_24h,铁岭,88.0
20170124,20,PM10,铁岭,236.0
20170124,20,PM10_24h,铁岭,120.0
20170124,20,SO2,铁岭,103.0
20170124,20,SO2_24h,铁岭,56.0
20170124,20,NO2,铁岭,88.0
20170124,20,NO2_24h,铁岭,53.0
20170124,20,O3,铁岭,9.0
20170124,20,O3_24h,铁岭,63.0
20170124,20,O3_8h,铁岭,34.0
20170124,20,O3_8h_24h,铁岭,45.0
20170124,20,CO,铁岭,2.08
20170124,20,CO_24h,铁岭,1.1
20170124,21,AQI,铁岭,181.0
20170124,21,PM2.5,铁岭,137.0
20170124,21,PM2.5_24h,铁岭,90.0
20170124,21,PM10,铁岭,186.0
20170124,21,PM10_24h,铁岭,122.0
20170124,21,SO2,铁岭,82.0
20170124,21,SO2_24h,铁岭,57.0
20170124,21,NO2,铁岭,79.0
20170124,21,NO2_24h,铁岭,54.0
20170124,21,O3,铁岭,10.0
20170124,21,O3_24h,铁岭,63.0
20170124,21,O3_8h,铁岭,30.0
20170124,21,O3_8h_24h,铁岭,45.0
20170124,21,CO,铁岭,1.72
20170124,21,CO_24h,铁岭,1.08
20170124,22,AQI,铁岭,181.0
20170124,22,PM2.5,铁岭,137.0
20170124,22,PM2.5_24h,铁岭,92.0
20170124,22,PM10,铁岭,169.0
20170124,22,PM10_24h,铁岭,123.0
20170124,22,SO2,铁岭,81.0
20170124,22,SO2_24h,铁岭,58.0
20170124,22,NO2,铁岭,79.0
20170124,22,NO2_24h,铁岭,55.0
20170124,22,O3,铁岭,9.0
20170124,22,O3_24h,铁岭,63.0
20170124,22,O3_8h,铁岭,23.0
20170124,22,O3_8h_24h,铁岭,45.0
20170124,22,CO,铁岭,1.83
20170124,22,CO_24h,铁岭,1.08
20170124,23,AQI,铁岭,160.0
20170124,23,PM2.5,铁岭,122.0
20170124,23,PM2.5_24h,铁岭,93.0
20170124,23,PM10,铁岭,169.0
20170124,23,PM10_24h,铁岭,127.0
20170124,23,SO2,铁岭,75.0
20170124,23,SO2_24h,铁岭,60.0
20170124,23,NO2,铁岭,74.0
20170124,23,NO2_24h,铁岭,57.0
20170124,23,O3,铁岭,9.0
20170124,23,O3_24h,铁岭,63.0
20170124,23,O3_8h,铁岭,16.0
20170124,23,O3_8h_24h,铁岭,45.0
20170124,23,CO,铁岭,1.73
20170124,23,CO_24h,铁岭,1.15
20170124,0,AQI,朝阳,148.0
20170124,0,PM2.5,朝阳,113.0
20170124,0,PM2.5_24h,朝阳,79.0
20170124,0,PM10,朝阳,149.0
20170124,0,PM10_24h,朝阳,101.0
20170124,0,SO2,朝阳,72.0
20170124,0,SO2_24h,朝阳,59.0
20170124,0,NO2,朝阳,40.0
20170124,0,NO2_24h,朝阳,31.0
20170124,0,O3,朝阳,13.0
20170124,0,O3_24h,朝阳,66.0
20170124,0,O3_8h,朝阳,24.0
20170124,0,O3_8h_24h,朝阳,53.0
20170124,0,CO,朝阳,2.2
20170124,0,CO_24h,朝阳,1.63
20170124,1,AQI,朝阳,170.0
20170124,1,PM2.5,朝阳,129.0
20170124,1,PM2.5_24h,朝阳,80.0
20170124,1,PM10,朝阳,106.0
20170124,1,PM10_24h,朝阳,99.0
20170124,1,SO2,朝阳,86.0
20170124,1,SO2_24h,朝阳,60.0
20170124,1,NO2,朝阳,37.0
20170124,1,NO2_24h,朝阳,31.0
20170124,1,O3,朝阳,17.0
20170124,1,O3_24h,朝阳,66.0
20170124,1,O3_8h,朝阳,17.0
20170124,1,O3_8h_24h,朝阳,17.0
20170124,1,CO,朝阳,2.53
20170124,1,CO_24h,朝阳,1.68
20170124,2,AQI,朝阳,121.0
20170124,2,PM2.5,朝阳,92.0
20170124,2,PM2.5_24h,朝阳,80.0
20170124,2,PM10,朝阳,127.0
20170124,2,PM10_24h,朝阳,101.0
20170124,2,SO2,朝阳,47.0
20170124,2,SO2_24h,朝阳,60.0
20170124,2,NO2,朝阳,32.0
20170124,2,NO2_24h,朝阳,31.0
20170124,2,O3,朝阳,17.0
20170124,2,O3_24h,朝阳,66.0
20170124,2,O3_8h,朝阳,17.0
20170124,2,O3_8h_24h,朝阳,17.0
20170124,2,CO,朝阳,1.85
20170124,2,CO_24h,朝阳,1.65
20170124,3,AQI,朝阳,110.0
20170124,3,PM2.5,朝阳,83.0
20170124,3,PM2.5_24h,朝阳,81.0
20170124,3,PM10,朝阳,108.0
20170124,3,PM10_24h,朝阳,101.0
20170124,3,SO2,朝阳,47.0
20170124,3,SO2_24h,朝阳,61.0
20170124,3,NO2,朝阳,31.0
20170124,3,NO2_24h,朝阳,30.0
20170124,3,O3,朝阳,18.0
20170124,3,O3_24h,朝阳,66.0
20170124,3,O3_8h,朝阳,17.0
20170124,3,O3_8h_24h,朝阳,18.0
20170124,3,CO,朝阳,1.9
20170124,3,CO_24h,朝阳,1.68
20170124,4,AQI,朝阳,124.0
20170124,4,PM2.5,朝阳,94.0
20170124,4,PM2.5_24h,朝阳,82.0
20170124,4,PM10,朝阳,97.0
20170124,4,PM10_24h,朝阳,102.0
20170124,4,SO2,朝阳,49.0
20170124,4,SO2_24h,朝阳,61.0
20170124,4,NO2,朝阳,31.0
20170124,4,NO2_24h,朝阳,30.0
20170124,4,O3,朝阳,16.0
20170124,4,O3_24h,朝阳,66.0
20170124,4,O3_8h,朝阳,17.0
20170124,4,O3_8h_24h,朝阳,18.0
20170124,4,CO,朝阳,2.2
20170124,4,CO_24h,朝阳,1.68
20170124,5,AQI,朝阳,113.0
20170124,5,PM2.5,朝阳,85.0
20170124,5,PM2.5_24h,朝阳,83.0
20170124,5,PM10,朝阳,102.0
20170124,5,PM10_24h,朝阳,103.0
20170124,5,SO2,朝阳,43.0
20170124,5,SO2_24h,朝阳,61.0
20170124,5,NO2,朝阳,32.0
20170124,5,NO2_24h,朝阳,30.0
20170124,5,O3,朝阳,13.0
20170124,5,O3_24h,朝阳,66.0
20170124,5,O3_8h,朝阳,16.0
20170124,5,O3_8h_24h,朝阳,18.0
20170124,5,CO,朝阳,2.15
20170124,5,CO_24h,朝阳,1.7
20170124,6,AQI,朝阳,120.0
20170124,6,PM2.5,朝阳,91.0
20170124,6,PM2.5_24h,朝阳,84.0
20170124,6,PM10,朝阳,95.0
20170124,6,PM10_24h,朝阳,103.0
20170124,6,SO2,朝阳,48.0
20170124,6,SO2_24h,朝阳,61.0
20170124,6,NO2,朝阳,32.0
20170124,6,NO2_24h,朝阳,30.0
20170124,6,O3,朝阳,12.0
20170124,6,O3_24h,朝阳,66.0
20170124,6,O3_8h,朝阳,16.0
20170124,6,O3_8h_24h,朝阳,18.0
20170124,6,CO,朝阳,2.23
20170124,6,CO_24h,朝阳,1.73
20170124,7,AQI,朝阳,108.0
20170124,7,PM2.5,朝阳,81.0
20170124,7,PM2.5_24h,朝阳,84.0
20170124,7,PM10,朝阳,104.0
20170124,7,PM10_24h,朝阳,104.0
20170124,7,SO2,朝阳,61.0
20170124,7,SO2_24h,朝阳,61.0
20170124,7,NO2,朝阳,30.0
20170124,7,NO2_24h,朝阳,30.0
20170124,7,O3,朝阳,12.0
20170124,7,O3_24h,朝阳,66.0
20170124,7,O3_8h,朝阳,15.0
20170124,7,O3_8h_24h,朝阳,18.0
20170124,7,CO,朝阳,1.88
20170124,7,CO_24h,朝阳,1.75
20170124,8,AQI,朝阳,134.0
20170124,8,PM2.5,朝阳,102.0
20170124,8,PM2.5_24h,朝阳,86.0
20170124,8,PM10,朝阳,114.0
20170124,8,PM10_24h,朝阳,105.0
20170124,8,SO2,朝阳,83.0
20170124,8,SO2_24h,朝阳,62.0
20170124,8,NO2,朝阳,31.0
20170124,8,NO2_24h,朝阳,31.0
20170124,8,O3,朝阳,14.0
20170124,8,O3_24h,朝阳,66.0
20170124,8,O3_8h,朝阳,15.0
20170124,8,O3_8h_24h,朝阳,18.0
20170124,8,CO,朝阳,2.15
20170124,8,CO_24h,朝阳,1.77
20170124,9,AQI,朝阳,153.0
20170124,9,PM2.5,朝阳,117.0
20170124,9,PM2.5_24h,朝阳,87.0
20170124,9,PM10,朝阳,135.0
20170124,9,PM10_24h,朝阳,106.0
20170124,9,SO2,朝阳,98.0
20170124,9,SO2_24h,朝阳,62.0
20170124,9,NO2,朝阳,30.0
20170124,9,NO2_24h,朝阳,30.0
20170124,9,O3,朝阳,18.0
20170124,9,O3_24h,朝阳,66.0
20170124,9,O3_8h,朝阳,15.0
20170124,9,O3_8h_24h,朝阳,18.0
20170124,9,CO,朝阳,2.38
20170124,9,CO_24h,朝阳,1.8
20170124,10,AQI,朝阳,197.0
20170124,10,PM2.5,朝阳,148.0
20170124,10,PM2.5_24h,朝阳,88.0
20170124,10,PM10,朝阳,139.0
20170124,10,PM10_24h,朝阳,107.0
20170124,10,SO2,朝阳,105.0
20170124,10,SO2_24h,朝阳,64.0
20170124,10,NO2,朝阳,30.0
20170124,10,NO2_24h,朝阳,30.0
20170124,10,O3,朝阳,26.0
20170124,10,O3_24h,朝阳,66.0
20170124,10,O3_8h,朝阳,16.0
20170124,10,O3_8h_24h,朝阳,18.0
20170124,10,CO,朝阳,2.67
20170124,10,CO_24h,朝阳,1.82
20170124,11,AQI,朝阳,119.0
20170124,11,PM2.5,朝阳,90.0
20170124,11,PM2.5_24h,朝阳,89.0
20170124,11,PM10,朝阳,165.0
20170124,11,PM10_24h,朝阳,108.0
20170124,11,SO2,朝阳,76.0
20170124,11,SO2_24h,朝阳,64.0
20170124,11,NO2,朝阳,26.0
20170124,11,NO2_24h,朝阳,30.0
20170124,11,O3,朝阳,34.0
20170124,11,O3_24h,朝阳,66.0
20170124,11,O3_8h,朝阳,18.0
20170124,11,O3_8h_24h,朝阳,19.0
20170124,11,CO,朝阳,2.17
20170124,11,CO_24h,朝阳,1.85
20170124,12,AQI,朝阳,98.0
20170124,12,PM2.5,朝阳,73.0
20170124,12,PM2.5_24h,朝阳,90.0
20170124,12,PM10,朝阳,129.0
20170124,12,PM10_24h,朝阳,110.0
20170124,12,SO2,朝阳,80.0
20170124,12,SO2_24h,朝阳,65.0
20170124,12,NO2,朝阳,25.0
20170124,12,NO2_24h,朝阳,31.0
20170124,12,O3,朝阳,43.0
20170124,12,O3_24h,朝阳,66.0
20170124,12,O3_8h,朝阳,22.0
20170124,12,O3_8h_24h,朝阳,22.0
20170124,12,CO,朝阳,1.95
20170124,12,CO_24h,朝阳,1.85
20170124,13,AQI,朝阳,79.0
20170124,13,PM2.5,朝阳,51.0
20170124,13,PM2.5_24h,朝阳,91.0
20170124,13,PM10,朝阳,108.0
20170124,13,PM10_24h,朝阳,112.0
20170124,13,SO2,朝阳,65.0
20170124,13,SO2_24h,朝阳,67.0
20170124,13,NO2,朝阳,21.0
20170124,13,NO2_24h,朝阳,31.0
20170124,13,O3,朝阳,52.0
20170124,13,O3_24h,朝阳,66.0
20170124,13,O3_8h,朝阳,26.0
20170124,13,O3_8h_24h,朝阳,26.0
20170124,13,CO,朝阳,1.4
20170124,13,CO_24h,朝阳,1.9
20170124,14,AQI,朝阳,58.0
20170124,14,PM2.5,朝阳,25.0
20170124,14,PM2.5_24h,朝阳,90.0
20170124,14,PM10,朝阳,66.0
20170124,14,PM10_24h,朝阳,113.0
20170124,14,SO2,朝阳,35.0
20170124,14,SO2_24h,朝阳,67.0
20170124,14,NO2,朝阳,11.0
20170124,14,NO2_24h,朝阳,31.0
20170124,14,O3,朝阳,69.0
20170124,14,O3_24h,朝阳,70.0
20170124,14,O3_8h,朝阳,34.0
20170124,14,O3_8h_24h,朝阳,34.0
20170124,14,CO,朝阳,0.9
20170124,14,CO_24h,朝阳,1.85
20170124,15,AQI,朝阳,40.0
20170124,15,PM2.5,朝阳,23.0
20170124,15,PM2.5_24h,朝阳,91.0
20170124,15,PM10,朝阳,40.0
20170124,15,PM10_24h,朝阳,112.0
20170124,15,SO2,朝阳,28.0
20170124,15,SO2_24h,朝阳,67.0
20170124,15,NO2,朝阳,14.0
20170124,15,NO2_24h,朝阳,31.0
20170124,15,O3,朝阳,75.0
20170124,15,O3_24h,朝阳,75.0
20170124,15,O3_8h,朝阳,41.0
20170124,15,O3_8h_24h,朝阳,41.0
20170124,15,CO,朝阳,0.88
20170124,15,CO_24h,朝阳,1.85
20170124,16,AQI,朝阳,47.0
20170124,16,PM2.5,朝阳,28.0
20170124,16,PM2.5_24h,朝阳,91.0
20170124,16,PM10,朝阳,47.0
20170124,16,PM10_24h,朝阳,112.0
20170124,16,SO2,朝阳,31.0
20170124,16,SO2_24h,朝阳,67.0
20170124,16,NO2,朝阳,18.0
20170124,16,NO2_24h,朝阳,31.0
20170124,16,O3,朝阳,72.0
20170124,16,O3_24h,朝阳,75.0
20170124,16,O3_8h,朝阳,49.0
20170124,16,O3_8h_24h,朝阳,49.0
20170124,16,CO,朝阳,0.95
20170124,16,CO_24h,朝阳,1.92
20170124,17,AQI,朝阳,56.0
20170124,17,PM2.5,朝阳,34.0
20170124,17,PM2.5_24h,朝阳,91.0
20170124,17,PM10,朝阳,62.0
20170124,17,PM10_24h,朝阳,113.0
20170124,17,SO2,朝阳,80.0
20170124,17,SO2_24h,朝阳,69.0
20170124,17,NO2,朝阳,31.0
20170124,17,NO2_24h,朝阳,32.0
20170124,17,O3,朝阳,58.0
20170124,17,O3_24h,朝阳,75.0
20170124,17,O3_8h,朝阳,54.0
20170124,17,O3_8h_24h,朝阳,54.0
20170124,17,CO,朝阳,1.07
20170124,17,CO_24h,朝阳,1.95
20170124,18,AQI,朝阳,81.0
20170124,18,PM2.5,朝阳,60.0
20170124,18,PM2.5_24h,朝阳,91.0
20170124,18,PM10,朝阳,80.0
20170124,18,PM10_24h,朝阳,112.0
20170124,18,SO2,朝阳,75.0
20170124,18,SO2_24h,朝阳,70.0
20170124,18,NO2,朝阳,47.0
20170124,18,NO2_24h,朝阳,32.0
20170124,18,O3,朝阳,40.0
20170124,18,O3_24h,朝阳,75.0
20170124,18,O3_8h,朝阳,55.0
20170124,18,O3_8h_24h,朝阳,55.0
20170124,18,CO,朝阳,1.6
20170124,18,CO_24h,朝阳,1.92
20170124,19,AQI,朝阳,143.0
20170124,19,PM2.5,朝阳,109.0
20170124,19,PM2.5_24h,朝阳,90.0
20170124,19,PM10,朝阳,117.0
20170124,19,PM10_24h,朝阳,111.0
20170124,19,SO2,朝阳,73.0
20170124,19,SO2_24h,朝阳,69.0
20170124,19,NO2,朝阳,63.0
20170124,19,NO2_24h,朝阳,32.0
20170124,19,O3,朝阳,25.0
20170124,19,O3_24h,朝阳,75.0
20170124,19,O3_8h,朝阳,54.0
20170124,19,O3_8h_24h,朝阳,56.0
20170124,19,CO,朝阳,2.02
20170124,19,CO_24h,朝阳,1.93
20170124,20,AQI,朝阳,204.0
20170124,20,PM2.5,朝阳,154.0
20170124,20,PM2.5_24h,朝阳,89.0
20170124,20,PM10,朝阳,142.0
20170124,20,PM10_24h,朝阳,110.0
20170124,20,SO2,朝阳,84.0
20170124,20,SO2_24h,朝阳,68.0
20170124,20,NO2,朝阳,65.0
20170124,20,NO2_24h,朝阳,33.0
20170124,20,O3,朝阳,23.0
20170124,20,O3_24h,朝阳,75.0
20170124,20,O3_8h,朝阳,52.0
20170124,20,O3_8h_24h,朝阳,56.0
20170124,20,CO,朝阳,2.63
20170124,20,CO_24h,朝阳,1.93
20170124,21,AQI,朝阳,221.0
20170124,21,PM2.5,朝阳,171.0
20170124,21,PM2.5_24h,朝阳,90.0
20170124,21,PM10,朝阳,187.0
20170124,21,PM10_24h,朝阳,106.0
20170124,21,SO2,朝阳,91.0
20170124,21,SO2_24h,朝阳,67.0
20170124,21,NO2,朝阳,61.0
20170124,21,NO2_24h,朝阳,34.0
20170124,21,O3,朝阳,20.0
20170124,21,O3_24h,朝阳,75.0
20170124,21,O3_8h,朝阳,48.0
20170124,21,O3_8h_24h,朝阳,56.0
20170124,21,CO,朝阳,2.93
20170124,21,CO_24h,朝阳,1.93
20170124,22,AQI,朝阳,208.0
20170124,22,PM2.5,朝阳,158.0
20170124,22,PM2.5_24h,朝阳,93.0
20170124,22,PM10,朝阳,193.0
20170124,22,PM10_24h,朝阳,110.0
20170124,22,SO2,朝阳,95.0
20170124,22,SO2_24h,朝阳,68.0
20170124,22,NO2,朝阳,55.0
20170124,22,NO2_24h,朝阳,35.0
20170124,22,O3,朝阳,17.0
20170124,22,O3_24h,朝阳,75.0
20170124,22,O3_8h,朝阳,41.0
20170124,22,O3_8h_24h,朝阳,56.0
20170124,22,CO,朝阳,2.85
20170124,22,CO_24h,朝阳,2.0
20170124,23,AQI,朝阳,209.0
20170124,23,PM2.5,朝阳,159.0
20170124,23,PM2.5_24h,朝阳,95.0
20170124,23,PM10,朝阳,189.0
20170124,23,PM10_24h,朝阳,111.0
20170124,23,SO2,朝阳,90.0
20170124,23,SO2_24h,朝阳,68.0
20170124,23,NO2,朝阳,51.0
20170124,23,NO2_24h,朝阳,35.0
20170124,23,O3,朝阳,17.0
20170124,23,O3_24h,朝阳,75.0
20170124,23,O3_8h,朝阳,34.0
20170124,23,O3_8h_24h,朝阳,56.0
20170124,23,CO,朝阳,2.85
20170124,23,CO_24h,朝阳,2.02
20170124,0,AQI,四平,136.0
20170124,0,PM2.5,四平,104.0
20170124,0,PM2.5_24h,四平,84.0
20170124,0,PM10,四平,140.0
20170124,0,PM10_24h,四平,109.0
20170124,0,SO2,四平,56.0
20170124,0,SO2_24h,四平,59.0
20170124,0,NO2,四平,57.0
20170124,0,NO2_24h,四平,45.0
20170124,0,O3,四平,39.0
20170124,0,O3_24h,四平,81.0
20170124,0,O3_8h,四平,42.0
20170124,0,O3_8h_24h,四平,69.0
20170124,0,CO,四平,2.17
20170124,0,CO_24h,四平,1.8
20170124,1,AQI,四平,125.0
20170124,1,PM2.5,四平,95.0
20170124,1,PM2.5_24h,四平,84.0
20170124,1,PM10,四平,126.0
20170124,1,PM10_24h,四平,110.0
20170124,1,SO2,四平,52.0
20170124,1,SO2_24h,四平,60.0
20170124,1,NO2,四平,58.0
20170124,1,NO2_24h,四平,46.0
20170124,1,O3,四平,35.0
20170124,1,O3_24h,四平,81.0
20170124,1,O3_8h,四平,35.0
20170124,1,O3_8h_24h,四平,35.0
20170124,1,CO,四平,2.07
20170124,1,CO_24h,四平,1.83
20170124,2,AQI,四平,108.0
20170124,2,PM2.5,四平,81.0
20170124,2,PM2.5_24h,四平,84.0
20170124,2,PM10,四平,107.0
20170124,2,PM10_24h,四平,110.0
20170124,2,SO2,四平,51.0
20170124,2,SO2_24h,四平,61.0
20170124,2,NO2,四平,55.0
20170124,2,NO2_24h,四平,46.0
20170124,2,O3,四平,35.0
20170124,2,O3_24h,四平,81.0
20170124,2,O3_8h,四平,35.0
20170124,2,O3_8h_24h,四平,36.0
20170124,2,CO,四平,2.0
20170124,2,CO_24h,四平,1.87
20170124,3,AQI,四平,93.0
20170124,3,PM2.5,四平,69.0
20170124,3,PM2.5_24h,四平,84.0
20170124,3,PM10,四平,98.0
20170124,3,PM10_24h,四平,111.0
20170124,3,SO2,四平,52.0
20170124,3,SO2_24h,四平,62.0
20170124,3,NO2,四平,33.0
20170124,3,NO2_24h,四平,46.0
20170124,3,O3,四平,34.0
20170124,3,O3_24h,四平,81.0
20170124,3,O3_8h,四平,35.0
20170124,3,O3_8h_24h,四平,36.0
20170124,3,CO,四平,1.93
20170124,3,CO_24h,四平,1.9
20170124,4,AQI,四平,83.0
20170124,4,PM2.5,四平,61.0
20170124,4,PM2.5_24h,四平,83.0
20170124,4,PM10,四平,86.0
20170124,4,PM10_24h,四平,110.0
20170124,4,SO2,四平,54.0
20170124,4,SO2_24h,四平,62.0
20170124,4,NO2,四平,47.0
20170124,4,NO2_24h,四平,45.0
20170124,4,O3,四平,30.0
20170124,4,O3_24h,四平,81.0
20170124,4,O3_8h,四平,34.0
20170124,4,O3_8h_24h,四平,36.0
20170124,4,CO,四平,1.8
20170124,4,CO_24h,四平,1.9
20170124,5,AQI,四平,73.0
20170124,5,PM2.5,四平,53.0
20170124,5,PM2.5_24h,四平,82.0
20170124,5,PM10,四平,81.0
20170124,5,PM10_24h,四平,109.0
20170124,5,SO2,四平,85.0
20170124,5,SO2_24h,四平,62.0
20170124,5,NO2,四平,51.0
20170124,5,NO2_24h,四平,45.0
20170124,5,O3,四平,30.0
20170124,5,O3_24h,四平,81.0
20170124,5,O3_8h,四平,33.0
20170124,5,O3_8h_24h,四平,36.0
20170124,5,CO,四平,1.8
20170124,5,CO_24h,四平,1.9
20170124,6,AQI,四平,65.0
20170124,6,PM2.5,四平,47.0
20170124,6,PM2.5_24h,四平,81.0
20170124,6,PM10,四平,75.0
20170124,6,PM10_24h,四平,108.0
20170124,6,SO2,四平,102.0
20170124,6,SO2_24h,四平,63.0
20170124,6,NO2,四平,37.0
20170124,6,NO2_24h,四平,45.0
20170124,6,O3,四平,35.0
20170124,6,O3_24h,四平,81.0
20170124,6,O3_8h,四平,33.0
20170124,6,O3_8h_24h,四平,36.0
20170124,6,CO,四平,2.13
20170124,6,CO_24h,四平,1.93
20170124,7,AQI,四平,65.0
20170124,7,PM2.5,四平,47.0
20170124,7,PM2.5_24h,四平,79.0
20170124,7,PM10,四平,77.0
20170124,7,PM10_24h,四平,107.0
20170124,7,SO2,四平,99.0
20170124,7,SO2_24h,四平,63.0
20170124,7,NO2,四平,36.0
20170124,7,NO2_24h,四平,45.0
20170124,7,O3,四平,35.0
20170124,7,O3_24h,四平,81.0
20170124,7,O3_8h,四平,34.0
20170124,7,O3_8h_24h,四平,36.0
20170124,7,CO,四平,2.0
20170124,7,CO_24h,四平,1.93
20170124,8,AQI,四平,73.0
20170124,8,PM2.5,四平,53.0
20170124,8,PM2.5_24h,四平,78.0
20170124,8,PM10,四平,84.0
20170124,8,PM10_24h,四平,106.0
20170124,8,SO2,四平,104.0
20170124,8,SO2_24h,四平,65.0
20170124,8,NO2,四平,43.0
20170124,8,NO2_24h,四平,44.0
20170124,8,O3,四平,31.0
20170124,8,O3_24h,四平,81.0
20170124,8,O3_8h,四平,33.0
20170124,8,O3_8h_24h,四平,36.0
20170124,8,CO,四平,2.3
20170124,8,CO_24h,四平,1.97
20170124,9,AQI,四平,86.0
20170124,9,PM2.5,四平,64.0
20170124,9,PM2.5_24h,四平,78.0
20170124,9,PM10,四平,95.0
20170124,9,PM10_24h,四平,106.0
20170124,9,SO2,四平,139.0
20170124,9,SO2_24h,四平,68.0
20170124,9,NO2,四平,56.0
20170124,9,NO2_24h,四平,45.0
20170124,9,O3,四平,34.0
20170124,9,O3_24h,四平,81.0
20170124,9,O3_8h,四平,33.0
20170124,9,O3_8h_24h,四平,36.0
20170124,9,CO,四平,2.5
20170124,9,CO_24h,四平,1.97
20170124,10,AQI,四平,103.0
20170124,10,PM2.5,四平,77.0
20170124,10,PM2.5_24h,四平,77.0
20170124,10,PM10,四平,117.0
20170124,10,PM10_24h,四平,106.0
20170124,10,SO2,四平,203.0
20170124,10,SO2_24h,四平,73.0
20170124,10,NO2,四平,54.0
20170124,10,NO2_24h,四平,46.0
20170124,10,O3,四平,39.0
20170124,10,O3_24h,四平,81.0
20170124,10,O3_8h,四平,34.0
20170124,10,O3_8h_24h,四平,37.0
20170124,10,CO,四平,2.37
20170124,10,CO_24h,四平,2.0
20170124,11,AQI,四平,123.0
20170124,11,PM2.5,四平,93.0
20170124,11,PM2.5_24h,四平,78.0
20170124,11,PM10,四平,136.0
20170124,11,PM10_24h,四平,107.0
20170124,11,SO2,四平,193.0
20170124,11,SO2_24h,四平,78.0
20170124,11,NO2,四平,51.0
20170124,11,NO2_24h,四平,47.0
20170124,11,O3,四平,41.0
20170124,11,O3_24h,四平,81.0
20170124,11,O3_8h,四平,34.0
20170124,11,O3_8h_24h,四平,39.0
20170124,11,CO,四平,2.37
20170124,11,CO_24h,四平,2.03
20170124,12,AQI,四平,138.0
20170124,12,PM2.5,四平,105.0
20170124,12,PM2.5_24h,四平,78.0
20170124,12,PM10,四平,149.0
20170124,12,PM10_24h,四平,108.0
20170124,12,SO2,四平,181.0
20170124,12,SO2_24h,四平,83.0
20170124,12,NO2,四平,51.0
20170124,12,NO2_24h,四平,48.0
20170124,12,O3,四平,50.0
20170124,12,O3_24h,四平,81.0
20170124,12,O3_8h,四平,37.0
20170124,12,O3_8h_24h,四平,40.0
20170124,12,CO,四平,1.15
20170124,12,CO_24h,四平,2.07
20170124,13,AQI,四平,144.0
20170124,13,PM2.5,四平,110.0
20170124,13,PM2.5_24h,四平,80.0
20170124,13,PM10,四平,150.0
20170124,13,PM10_24h,四平,110.0
20170124,13,SO2,四平,167.0
20170124,13,SO2_24h,四平,88.0
20170124,13,NO2,四平,49.0
20170124,13,NO2_24h,四平,49.0
20170124,13,O3,四平,53.0
20170124,13,O3_24h,四平,81.0
20170124,13,O3_8h,四平,40.0
20170124,13,O3_8h_24h,四平,42.0
20170124,13,CO,四平,1.37
20170124,13,CO_24h,四平,2.0
20170124,14,AQI,四平,138.0
20170124,14,PM2.5,四平,105.0
20170124,14,PM2.5_24h,四平,81.0
20170124,14,PM10,四平,144.0
20170124,14,PM10_24h,四平,112.0
20170124,14,SO2,四平,130.0
20170124,14,SO2_24h,四平,92.0
20170124,14,NO2,四平,43.0
20170124,14,NO2_24h,四平,50.0
20170124,14,O3,四平,64.0
20170124,14,O3_24h,四平,81.0
20170124,14,O3_8h,四平,44.0
20170124,14,O3_8h_24h,四平,46.0
20170124,14,CO,四平,1.27
20170124,14,CO_24h,四平,2.03
20170124,15,AQI,四平,128.0
20170124,15,PM2.5,四平,97.0
20170124,15,PM2.5_24h,四平,83.0
20170124,15,PM10,四平,134.0
20170124,15,PM10_24h,四平,115.0
20170124,15,SO2,四平,111.0
20170124,15,SO2_24h,四平,96.0
20170124,15,NO2,四平,39.0
20170124,15,NO2_24h,四平,51.0
20170124,15,O3,四平,59.0
20170124,15,O3_24h,四平,79.0
20170124,15,O3_8h,四平,46.0
20170124,15,O3_8h_24h,四平,49.0
20170124,15,CO,四平,1.27
20170124,15,CO_24h,四平,2.03
20170124,16,AQI,四平,114.0
20170124,16,PM2.5,四平,86.0
20170124,16,PM2.5_24h,四平,84.0
20170124,16,PM10,四平,119.0
20170124,16,PM10_24h,四平,117.0
20170124,16,SO2,四平,95.0
20170124,16,SO2_24h,四平,98.0
20170124,16,NO2,四平,40.0
20170124,16,NO2_24h,四平,52.0
20170124,16,O3,四平,59.0
20170124,16,O3_24h,四平,77.0
20170124,16,O3_8h,四平,50.0
20170124,16,O3_8h_24h,四平,52.0
20170124,16,CO,四平,1.13
20170124,16,CO_24h,四平,2.0
20170124,17,AQI,四平,104.0
20170124,17,PM2.5,四平,78.0
20170124,17,PM2.5_24h,四平,85.0
20170124,17,PM10,四平,107.0
20170124,17,PM10_24h,四平,118.0
20170124,17,SO2,四平,98.0
20170124,17,SO2_24h,四平,100.0
20170124,17,NO2,四平,56.0
20170124,17,NO2_24h,四平,52.0
20170124,17,O3,四平,49.0
20170124,17,O3_24h,四平,70.0
20170124,17,O3_8h,四平,52.0
20170124,17,O3_8h_24h,四平,55.0
20170124,17,CO,四平,1.33
20170124,17,CO_24h,四平,1.93
20170124,18,AQI,四平,100.0
20170124,18,PM2.5,四平,75.0
20170124,18,PM2.5_24h,四平,84.0
20170124,18,PM10,四平,105.0
20170124,18,PM10_24h,四平,118.0
20170124,18,SO2,四平,102.0
20170124,18,SO2_24h,四平,103.0
20170124,18,NO2,四平,59.0
20170124,18,NO2_24h,四平,52.0
20170124,18,O3,四平,36.0
20170124,18,O3_24h,四平,70.0
20170124,18,O3_8h,四平,51.0
20170124,18,O3_8h_24h,四平,55.0
20170124,18,CO,四平,1.47
20170124,18,CO_24h,四平,1.9
20170124,19,AQI,四平,109.0
20170124,19,PM2.5,四平,82.0
20170124,19,PM2.5_24h,四平,84.0
20170124,19,PM10,四平,115.0
20170124,19,PM10_24h,四平,118.0
20170124,19,SO2,四平,112.0
20170124,19,SO2_24h,四平,104.0
20170124,19,NO2,四平,61.0
20170124,19,NO2_24h,四平,51.0
20170124,19,O3,四平,26.0
20170124,19,O3_24h,四平,70.0
20170124,19,O3_8h,四平,49.0
20170124,19,O3_8h_24h,四平,55.0
20170124,19,CO,四平,1.53
20170124,19,CO_24h,四平,1.9
20170124,20,AQI,四平,124.0
20170124,20,PM2.5,四平,94.0
20170124,20,PM2.5_24h,四平,84.0
20170124,20,PM10,四平,127.0
20170124,20,PM10_24h,四平,118.0
20170124,20,SO2,四平,135.0
20170124,20,SO2_24h,四平,106.0
20170124,20,NO2,四平,75.0
20170124,20,NO2_24h,四平,52.0
20170124,20,O3,四平,26.0
20170124,20,O3_24h,四平,70.0
20170124,20,O3_8h,四平,46.0
20170124,20,O3_8h_24h,四平,55.0
20170124,20,CO,四平,1.67
20170124,20,CO_24h,四平,1.9
20170124,21,AQI,四平,131.0
20170124,21,PM2.5,四平,100.0
20170124,21,PM2.5_24h,四平,83.0
20170124,21,PM10,四平,142.0
20170124,21,PM10_24h,四平,117.0
20170124,21,SO2,四平,144.0
20170124,21,SO2_24h,四平,109.0
20170124,21,NO2,四平,76.0
20170124,21,NO2_24h,四平,52.0
20170124,21,O3,四平,24.0
20170124,21,O3_24h,四平,70.0
20170124,21,O3_8h,四平,43.0
20170124,21,O3_8h_24h,四平,55.0
20170124,21,CO,四平,1.6
20170124,21,CO_24h,四平,1.87
20170124,22,AQI,四平,135.0
20170124,22,PM2.5,四平,103.0
20170124,22,PM2.5_24h,四平,83.0
20170124,22,PM10,四平,144.0
20170124,22,PM10_24h,四平,117.0
20170124,22,SO2,四平,103.0
20170124,22,SO2_24h,四平,109.0
20170124,22,NO2,四平,66.0
20170124,22,NO2_24h,四平,52.0
20170124,22,O3,四平,24.0
20170124,22,O3_24h,四平,70.0
20170124,22,O3_8h,四平,38.0
20170124,22,O3_8h_24h,四平,55.0
20170124,22,CO,四平,1.6
20170124,22,CO_24h,四平,1.83
20170124,23,AQI,四平,134.0
20170124,23,PM2.5,四平,102.0
20170124,23,PM2.5_24h,四平,83.0
20170124,23,PM10,四平,140.0
20170124,23,PM10_24h,四平,117.0
20170124,23,SO2,四平,68.0
20170124,23,SO2_24h,四平,110.0
20170124,23,NO2,四平,56.0
20170124,23,NO2_24h,四平,52.0
20170124,23,O3,四平,29.0
20170124,23,O3_24h,四平,69.0
20170124,23,O3_8h,四平,34.0
20170124,23,O3_8h_24h,四平,55.0
20170124,23,CO,四平,1.37
20170124,23,CO_24h,四平,1.77
20170124,0,AQI,辽源,219.0
20170124,0,PM2.5,辽源,169.0
20170124,0,PM2.5_24h,辽源,116.0
20170124,0,PM10,辽源,189.0
20170124,0,PM10_24h,辽源,133.0
20170124,0,SO2,辽源,52.0
20170124,0,SO2_24h,辽源,61.0
20170124,0,NO2,辽源,62.0
20170124,0,NO2_24h,辽源,45.0
20170124,0,O3,辽源,11.0
20170124,0,O3_24h,辽源,84.0
20170124,0,O3_8h,辽源,39.0
20170124,0,O3_8h_24h,辽源,78.0
20170124,0,CO,辽源,2.2
20170124,0,CO_24h,辽源,1.5
20170124,1,AQI,辽源,210.0
20170124,1,PM2.5,辽源,160.0
20170124,1,PM2.5_24h,辽源,117.0
20170124,1,PM10,辽源,179.0
20170124,1,PM10_24h,辽源,134.0
20170124,1,SO2,辽源,66.0
20170124,1,SO2_24h,辽源,62.0
20170124,1,NO2,辽源,62.0
20170124,1,NO2_24h,辽源,46.0
20170124,1,O3,辽源,10.0
20170124,1,O3_24h,辽源,84.0
20170124,1,O3_8h,辽源,10.0
20170124,1,O3_8h_24h,辽源,10.0
20170124,1,CO,辽源,2.0
20170124,1,CO_24h,辽源,1.6
20170124,2,AQI,辽源,187.0
20170124,2,PM2.5,辽源,141.0
20170124,2,PM2.5_24h,辽源,118.0
20170124,2,PM10,辽源,158.0
20170124,2,PM10_24h,辽源,135.0
20170124,2,SO2,辽源,120.0
20170124,2,SO2_24h,辽源,65.0
20170124,2,NO2,辽源,60.0
20170124,2,NO2_24h,辽源,47.0
20170124,2,O3,辽源,11.0
20170124,2,O3_24h,辽源,84.0
20170124,2,O3_8h,辽源,10.0
20170124,2,O3_8h_24h,辽源,10.0
20170124,2,CO,辽源,1.9
20170124,2,CO_24h,辽源,1.6
20170124,3,AQI,辽源,194.0
20170124,3,PM2.5,辽源,146.0
20170124,3,PM2.5_24h,辽源,119.0
20170124,3,PM10,辽源,168.0
20170124,3,PM10_24h,辽源,136.0
20170124,3,SO2,辽源,73.0
20170124,3,SO2_24h,辽源,67.0
20170124,3,NO2,辽源,65.0
20170124,3,NO2_24h,辽源,47.0
20170124,3,O3,辽源,9.0
20170124,3,O3_24h,辽源,84.0
20170124,3,O3_8h,辽源,10.0
20170124,3,O3_8h_24h,辽源,10.0
20170124,3,CO,辽源,1.8
20170124,3,CO_24h,辽源,1.6
20170124,4,AQI,辽源,213.0
20170124,4,PM2.5,辽源,163.0
20170124,4,PM2.5_24h,辽源,120.0
20170124,4,PM10,辽源,182.0
20170124,4,PM10_24h,辽源,137.0
20170124,4,SO2,辽源,79.0
20170124,4,SO2_24h,辽源,69.0
20170124,4,NO2,辽源,60.0
20170124,4,NO2_24h,辽源,48.0
20170124,4,O3,辽源,10.0
20170124,4,O3_24h,辽源,84.0
20170124,4,O3_8h,辽源,10.0
20170124,4,O3_8h_24h,辽源,10.0
20170124,4,CO,辽源,1.8
20170124,4,CO_24h,辽源,1.6
20170124,5,AQI,辽源,210.0
20170124,5,PM2.5,辽源,160.0
20170124,5,PM2.5_24h,辽源,121.0
20170124,5,PM10,辽源,186.0
20170124,5,PM10_24h,辽源,138.0
20170124,5,SO2,辽源,100.0
20170124,5,SO2_24h,辽源,71.0
20170124,5,NO2,辽源,61.0
20170124,5,NO2_24h,辽源,48.0
20170124,5,O3,辽源,10.0
20170124,5,O3_24h,辽源,84.0
20170124,5,O3_8h,辽源,10.0
20170124,5,O3_8h_24h,辽源,10.0
20170124,5,CO,辽源,1.7
20170124,5,CO_24h,辽源,1.6
20170124,6,AQI,辽源,213.0
20170124,6,PM2.5,辽源,163.0
20170124,6,PM2.5_24h,辽源,121.0
20170124,6,PM10,辽源,189.0
20170124,6,PM10_24h,辽源,137.0
20170124,6,SO2,辽源,111.0
20170124,6,SO2_24h,辽源,73.0
20170124,6,NO2,辽源,58.0
20170124,6,NO2_24h,辽源,48.0
20170124,6,O3,辽源,10.0
20170124,6,O3_24h,辽源,84.0
20170124,6,O3_8h,辽源,10.0
20170124,6,O3_8h_24h,辽源,10.0
20170124,6,CO,辽源,1.7
20170124,6,CO_24h,辽源,1.6
20170124,7,AQI,辽源,225.0
20170124,7,PM2.5,辽源,175.0
20170124,7,PM2.5_24h,辽源,122.0
20170124,7,PM10,辽源,200.0
20170124,7,PM10_24h,辽源,138.0
20170124,7,SO2,辽源,149.0
20170124,7,SO2_24h,辽源,72.0
20170124,7,NO2,辽源,65.0
20170124,7,NO2_24h,辽源,48.0
20170124,7,O3,辽源,10.0
20170124,7,O3_24h,辽源,84.0
20170124,7,O3_8h,辽源,10.0
20170124,7,O3_8h_24h,辽源,10.0
20170124,7,CO,辽源,1.7
20170124,7,CO_24h,辽源,1.6
20170124,8,AQI,辽源,224.0
20170124,8,PM2.5,辽源,174.0
20170124,8,PM2.5_24h,辽源,123.0
20170124,8,PM10,辽源,213.0
20170124,8,PM10_24h,辽源,139.0
20170124,8,SO2,辽源,195.0
20170124,8,SO2_24h,辽源,73.0
20170124,8,NO2,辽源,61.0
20170124,8,NO2_24h,辽源,48.0
20170124,8,O3,辽源,14.0
20170124,8,O3_24h,辽源,84.0
20170124,8,O3_8h,辽源,10.0
20170124,8,O3_8h_24h,辽源,10.0
20170124,8,CO,辽源,2.0
20170124,8,CO_24h,辽源,1.6
20170124,9,AQI,辽源,223.0
20170124,9,PM2.5,辽源,173.0
20170124,9,PM2.5_24h,辽源,123.0
20170124,9,PM10,辽源,231.0
20170124,9,PM10_24h,辽源,140.0
20170124,9,SO2,辽源,212.0
20170124,9,SO2_24h,辽源,75.0
20170124,9,NO2,辽源,63.0
20170124,9,NO2_24h,辽源,48.0
20170124,9,O3,辽源,21.0
20170124,9,O3_24h,辽源,84.0
20170124,9,O3_8h,辽源,12.0
20170124,9,O3_8h_24h,辽源,12.0
20170124,9,CO,辽源,2.7
20170124,9,CO_24h,辽源,1.6
20170124,10,AQI,辽源,261.0
20170124,10,PM2.5,辽源,211.0
20170124,10,PM2.5_24h,辽源,123.0
20170124,10,PM10,辽源,271.0
20170124,10,PM10_24h,辽源,142.0
20170124,10,SO2,辽源,122.0
20170124,10,SO2_24h,辽源,74.0
20170124,10,NO2,辽源,57.0
20170124,10,NO2_24h,辽源,47.0
20170124,10,O3,辽源,38.0
20170124,10,O3_24h,辽源,84.0
20170124,10,O3_8h,辽源,15.0
20170124,10,O3_8h_24h,辽源,15.0
20170124,10,CO,辽源,2.2
20170124,10,CO_24h,辽源,1.6
20170124,11,AQI,辽源,291.0
20170124,11,PM2.5,辽源,241.0
20170124,11,PM2.5_24h,辽源,124.0
20170124,11,PM10,辽源,275.0
20170124,11,PM10_24h,辽源,144.0
20170124,11,SO2,辽源,123.0
20170124,11,SO2_24h,辽源,78.0
20170124,11,NO2,辽源,78.0
20170124,11,NO2_24h,辽源,49.0
20170124,11,O3,辽源,33.0
20170124,11,O3_24h,辽源,84.0
20170124,11,O3_8h,辽源,18.0
20170124,11,O3_8h_24h,辽源,18.0
20170124,11,CO,辽源,2.5
20170124,11,CO_24h,辽源,1.7
20170124,12,AQI,辽源,279.0
20170124,12,PM2.5,辽源,229.0
20170124,12,PM2.5_24h,辽源,127.0
20170124,12,PM10,辽源,254.0
20170124,12,PM10_24h,辽源,147.0
20170124,12,SO2,辽源,60.0
20170124,12,SO2_24h,辽源,79.0
20170124,12,NO2,辽源,47.0
20170124,12,NO2_24h,辽源,50.0
20170124,12,O3,辽源,68.0
20170124,12,O3_24h,辽源,84.0
20170124,12,O3_8h,辽源,26.0
20170124,12,O3_8h_24h,辽源,26.0
20170124,12,CO,辽源,1.4
20170124,12,CO_24h,辽源,1.7
20170124,13,AQI,辽源,214.0
20170124,13,PM2.5,辽源,164.0
20170124,13,PM2.5_24h,辽源,130.0
20170124,13,PM10,辽源,183.0
20170124,13,PM10_24h,辽源,150.0
20170124,13,SO2,辽源,27.0
20170124,13,SO2_24h,辽源,79.0
20170124,13,NO2,辽源,22.0
20170124,13,NO2_24h,辽源,50.0
20170124,13,O3,辽源,84.0
20170124,13,O3_24h,辽源,84.0
20170124,13,O3_8h,辽源,35.0
20170124,13,O3_8h_24h,辽源,35.0
20170124,13,CO,辽源,0.9
20170124,13,CO_24h,辽源,1.7
20170124,14,AQI,辽源,124.0
20170124,14,PM2.5,辽源,94.0
20170124,14,PM2.5_24h,辽源,132.0
20170124,14,PM10,辽源,107.0
20170124,14,PM10_24h,辽源,152.0
20170124,14,SO2,辽源,15.0
20170124,14,SO2_24h,辽源,79.0
20170124,14,NO2,辽源,14.0
20170124,14,NO2_24h,辽源,50.0
20170124,14,O3,辽源,88.0
20170124,14,O3_24h,辽源,88.0
20170124,14,O3_8h,辽源,44.0
20170124,14,O3_8h_24h,辽源,44.0
20170124,14,CO,辽源,0.8
20170124,14,CO_24h,辽源,1.7
20170124,15,AQI,辽源,68.0
20170124,15,PM2.5,辽源,49.0
20170124,15,PM2.5_24h,辽源,132.0
20170124,15,PM10,辽源,55.0
20170124,15,PM10_24h,辽源,153.0
20170124,15,SO2,辽源,14.0
20170124,15,SO2_24h,辽源,78.0
20170124,15,NO2,辽源,12.0
20170124,15,NO2_24h,辽源,50.0
20170124,15,O3,辽源,92.0
20170124,15,O3_24h,辽源,92.0
20170124,15,O3_8h,辽源,55.0
20170124,15,O3_8h_24h,辽源,55.0
20170124,15,CO,辽源,0.8
20170124,15,CO_24h,辽源,1.7
20170124,16,AQI,辽源,30.0
20170124,16,PM2.5,辽源,21.0
20170124,16,PM2.5_24h,辽源,132.0
20170124,16,PM10,辽源,27.0
20170124,16,PM10_24h,辽源,153.0
20170124,16,SO2,辽源,18.0
20170124,16,SO2_24h,辽源,78.0
20170124,16,NO2,辽源,15.0
20170124,16,NO2_24h,辽源,50.0
20170124,16,O3,辽源,88.0
20170124,16,O3_24h,辽源,92.0
20170124,16,O3_8h,辽源,64.0
20170124,16,O3_8h_24h,辽源,64.0
20170124,16,CO,辽源,0.8
20170124,16,CO_24h,辽源,1.7
20170124,17,AQI,辽源,33.0
20170124,17,PM2.5,辽源,23.0
20170124,17,PM2.5_24h,辽源,131.0
20170124,17,PM10,辽源,27.0
20170124,17,PM10_24h,辽源,152.0
20170124,17,SO2,辽源,26.0
20170124,17,SO2_24h,辽源,78.0
20170124,17,NO2,辽源,21.0
20170124,17,NO2_24h,辽源,50.0
20170124,17,O3,辽源,76.0
20170124,17,O3_24h,辽源,92.0
20170124,17,O3_8h,辽源,71.0
20170124,17,O3_8h_24h,辽源,71.0
20170124,17,CO,辽源,1.0
20170124,17,CO_24h,辽源,1.7
20170124,18,AQI,辽源,40.0
20170124,18,PM2.5,辽源,28.0
20170124,18,PM2.5_24h,辽源,131.0
20170124,18,PM10,辽源,34.0
20170124,18,PM10_24h,辽源,152.0
20170124,18,SO2,辽源,51.0
20170124,18,SO2_24h,辽源,78.0
20170124,18,NO2,辽源,50.0
20170124,18,NO2_24h,辽源,51.0
20170124,18,O3,辽源,47.0
20170124,18,O3_24h,辽源,92.0
20170124,18,O3_8h,辽源,72.0
20170124,18,O3_8h_24h,辽源,72.0
20170124,18,CO,辽源,1.6
20170124,18,CO_24h,辽源,1.7
20170124,19,AQI,辽源,64.0
20170124,19,PM2.5,辽源,46.0
20170124,19,PM2.5_24h,辽源,131.0
20170124,19,PM10,辽源,57.0
20170124,19,PM10_24h,辽源,152.0
20170124,19,SO2,辽源,78.0
20170124,19,SO2_24h,辽源,80.0
20170124,19,NO2,辽源,86.0
20170124,19,NO2_24h,辽源,53.0
20170124,19,O3,辽源,20.0
20170124,19,O3_24h,辽源,92.0
20170124,19,O3_8h,辽源,70.0
20170124,19,O3_8h_24h,辽源,72.0
20170124,19,CO,辽源,2.8
20170124,19,CO_24h,辽源,1.8
20170124,20,AQI,辽源,124.0
20170124,20,PM2.5,辽源,94.0
20170124,20,PM2.5_24h,辽源,133.0
20170124,20,PM10,辽源,105.0
20170124,20,PM10_24h,辽源,154.0
20170124,20,SO2,辽源,44.0
20170124,20,SO2_24h,辽源,80.0
20170124,20,NO2,辽源,70.0
20170124,20,NO2_24h,辽源,54.0
20170124,20,O3,辽源,24.0
20170124,20,O3_24h,辽源,92.0
20170124,20,O3_8h,辽源,65.0
20170124,20,O3_8h_24h,辽源,72.0
20170124,20,CO,辽源,2.8
20170124,20,CO_24h,辽源,1.8
20170124,21,AQI,辽源,180.0
20170124,21,PM2.5,辽源,136.0
20170124,21,PM2.5_24h,辽源,135.0
20170124,21,PM10,辽源,151.0
20170124,21,PM10_24h,辽源,157.0
20170124,21,SO2,辽源,68.0
20170124,21,SO2_24h,辽源,79.0
20170124,21,NO2,辽源,68.0
20170124,21,NO2_24h,辽源,54.0
20170124,21,O3,辽源,20.0
20170124,21,O3_24h,辽源,92.0
20170124,21,O3_8h,辽源,57.0
20170124,21,O3_8h_24h,辽源,72.0
20170124,21,CO,辽源,2.7
20170124,21,CO_24h,辽源,1.9
20170124,22,AQI,辽源,226.0
20170124,22,PM2.5,辽源,176.0
20170124,22,PM2.5_24h,辽源,138.0
20170124,22,PM10,辽源,197.0
20170124,22,PM10_24h,辽源,159.0
20170124,22,SO2,辽源,72.0
20170124,22,SO2_24h,辽源,80.0
20170124,22,NO2,辽源,69.0
20170124,22,NO2_24h,辽源,54.0
20170124,22,O3,辽源,14.0
20170124,22,O3_24h,辽源,92.0
20170124,22,O3_8h,辽源,48.0
20170124,22,O3_8h_24h,辽源,72.0
20170124,22,CO,辽源,2.8
20170124,22,CO_24h,辽源,1.9
20170124,23,AQI,辽源,251.0
20170124,23,PM2.5,辽源,201.0
20170124,23,PM2.5_24h,辽源,139.0
20170124,23,PM10,辽源,225.0
20170124,23,PM10_24h,辽源,161.0
20170124,23,SO2,辽源,43.0
20170124,23,SO2_24h,辽源,80.0
20170124,23,NO2,辽源,64.0
20170124,23,NO2_24h,辽源,54.0
20170124,23,O3,辽源,12.0
20170124,23,O3_24h,辽源,92.0
20170124,23,O3_8h,辽源,38.0
20170124,23,O3_8h_24h,辽源,72.0
20170124,23,CO,辽源,2.6
20170124,23,CO_24h,辽源,1.9
20170124,0,AQI,通化,103.0
20170124,0,PM2.5,通化,77.0
20170124,0,PM2.5_24h,通化,47.0
20170124,0,PM10,通化,106.0
20170124,0,PM10_24h,通化,69.0
20170124,0,SO2,通化,70.0
20170124,0,SO2_24h,通化,60.0
20170124,0,NO2,通化,65.0
20170124,0,NO2_24h,通化,54.0
20170124,0,O3,通化,6.0
20170124,0,O3_24h,通化,60.0
20170124,0,O3_8h,通化,14.0
20170124,0,O3_8h_24h,通化,53.0
20170124,0,CO,通化,1.55
20170124,0,CO_24h,通化,1.25
20170124,1,AQI,通化,94.0
20170124,1,PM2.5,通化,70.0
20170124,1,PM2.5_24h,通化,50.0
20170124,1,PM10,通化,102.0
20170124,1,PM10_24h,通化,73.0
20170124,1,SO2,通化,110.0
20170124,1,SO2_24h,通化,65.0
20170124,1,NO2,通化,69.0
20170124,1,NO2_24h,通化,56.0
20170124,1,O3,通化,5.0
20170124,1,O3_24h,通化,60.0
20170124,1,O3_8h,通化,5.0
20170124,1,O3_8h_24h,通化,5.0
20170124,1,CO,通化,1.5
20170124,1,CO_24h,通化,1.3
20170124,2,AQI,通化,84.0
20170124,2,PM2.5,通化,62.0
20170124,2,PM2.5_24h,通化,51.0
20170124,2,PM10,通化,99.0
20170124,2,PM10_24h,通化,76.0
20170124,2,SO2,通化,87.0
20170124,2,SO2_24h,通化,68.0
20170124,2,NO2,通化,65.0
20170124,2,NO2_24h,通化,57.0
20170124,2,O3,通化,4.0
20170124,2,O3_24h,通化,60.0
20170124,2,O3_8h,通化,4.0
20170124,2,O3_8h_24h,通化,4.0
20170124,2,CO,通化,1.45
20170124,2,CO_24h,通化,1.3
20170124,3,AQI,通化,83.0
20170124,3,PM2.5,通化,61.0
20170124,3,PM2.5_24h,通化,52.0
20170124,3,PM10,通化,90.0
20170124,3,PM10_24h,通化,78.0
20170124,3,SO2,通化,76.0
20170124,3,SO2_24h,通化,70.0
20170124,3,NO2,通化,57.0
20170124,3,NO2_24h,通化,58.0
20170124,3,O3,通化,6.0
20170124,3,O3_24h,通化,60.0
20170124,3,O3_8h,通化,4.0
20170124,3,O3_8h_24h,通化,5.0
20170124,3,CO,通化,1.5
20170124,3,CO_24h,通化,1.3
20170124,4,AQI,通化,85.0
20170124,4,PM2.5,通化,63.0
20170124,4,PM2.5_24h,通化,53.0
20170124,4,PM10,通化,88.0
20170124,4,PM10_24h,通化,79.0
20170124,4,SO2,通化,74.0
20170124,4,SO2_24h,通化,71.0
20170124,4,NO2,通化,57.0
20170124,4,NO2_24h,通化,58.0
20170124,4,O3,通化,5.0
20170124,4,O3_24h,通化,60.0
20170124,4,O3_8h,通化,5.0
20170124,4,O3_8h_24h,通化,5.0
20170124,4,CO,通化,1.6
20170124,4,CO_24h,通化,1.35
20170124,5,AQI,通化,84.0
20170124,5,PM2.5,通化,62.0
20170124,5,PM2.5_24h,通化,54.0
20170124,5,PM10,通化,80.0
20170124,5,PM10_24h,通化,80.0
20170124,5,SO2,通化,108.0
20170124,5,SO2_24h,通化,74.0
20170124,5,NO2,通化,59.0
20170124,5,NO2_24h,通化,58.0
20170124,5,O3,通化,5.0
20170124,5,O3_24h,通化,60.0
20170124,5,O3_8h,通化,4.0
20170124,5,O3_8h_24h,通化,5.0
20170124,5,CO,通化,1.55
20170124,5,CO_24h,通化,1.35
20170124,6,AQI,通化,81.0
20170124,6,PM2.5,通化,60.0
20170124,6,PM2.5_24h,通化,55.0
20170124,6,PM10,通化,84.0
20170124,6,PM10_24h,通化,80.0
20170124,6,SO2,通化,137.0
20170124,6,SO2_24h,通化,78.0
20170124,6,NO2,通化,60.0
20170124,6,NO2_24h,通化,59.0
20170124,6,O3,通化,5.0
20170124,6,O3_24h,通化,60.0
20170124,6,O3_8h,通化,5.0
20170124,6,O3_8h_24h,通化,6.0
20170124,6,CO,通化,1.5
20170124,6,CO_24h,通化,1.4
20170124,7,AQI,通化,83.0
20170124,7,PM2.5,通化,61.0
20170124,7,PM2.5_24h,通化,56.0
20170124,7,PM10,通化,83.0
20170124,7,PM10_24h,通化,81.0
20170124,7,SO2,通化,196.0
20170124,7,SO2_24h,通化,83.0
20170124,7,NO2,通化,68.0
20170124,7,NO2_24h,通化,59.0
20170124,7,O3,通化,3.0
20170124,7,O3_24h,通化,60.0
20170124,7,O3_8h,通化,4.0
20170124,7,O3_8h_24h,通化,6.0
20170124,7,CO,通化,1.65
20170124,7,CO_24h,通化,1.45
20170124,8,AQI,通化,89.0
20170124,8,PM2.5,通化,66.0
20170124,8,PM2.5_24h,通化,57.0
20170124,8,PM10,通化,95.0
20170124,8,PM10_24h,通化,82.0
20170124,8,SO2,通化,183.0
20170124,8,SO2_24h,通化,87.0
20170124,8,NO2,通化,62.0
20170124,8,NO2_24h,通化,59.0
20170124,8,O3,通化,4.0
20170124,8,O3_24h,通化,60.0
20170124,8,O3_8h,通化,4.0
20170124,8,O3_8h_24h,通化,6.0
20170124,8,CO,通化,2.05
20170124,8,CO_24h,通化,1.45
20170124,9,AQI,通化,105.0
20170124,9,PM2.5,通化,79.0
20170124,9,PM2.5_24h,通化,58.0
20170124,9,PM10,通化,108.0
20170124,9,PM10_24h,通化,84.0
20170124,9,SO2,通化,131.0
20170124,9,SO2_24h,通化,89.0
20170124,9,NO2,通化,61.0
20170124,9,NO2_24h,通化,59.0
20170124,9,O3,通化,9.0
20170124,9,O3_24h,通化,60.0
20170124,9,O3_8h,通化,5.0
20170124,9,O3_8h_24h,通化,6.0
20170124,9,CO,通化,2.25
20170124,9,CO_24h,通化,1.5
20170124,10,AQI,通化,139.0
20170124,10,PM2.5,通化,106.0
20170124,10,PM2.5_24h,通化,60.0
20170124,10,PM10,通化,145.0
20170124,10,PM10_24h,通化,86.0
20170124,10,SO2,通化,163.0
20170124,10,SO2_24h,通化,92.0
20170124,10,NO2,通化,60.0
20170124,10,NO2_24h,通化,59.0
20170124,10,O3,通化,15.0
20170124,10,O3_24h,通化,60.0
20170124,10,O3_8h,通化,7.0
20170124,10,O3_8h_24h,通化,7.0
20170124,10,CO,通化,3.7
20170124,10,CO_24h,通化,1.55
20170124,11,AQI,通化,160.0
20170124,11,PM2.5,通化,122.0
20170124,11,PM2.5_24h,通化,63.0
20170124,11,PM10,通化,167.0
20170124,11,PM10_24h,通化,90.0
20170124,11,SO2,通化,196.0
20170124,11,SO2_24h,通化,95.0
20170124,11,NO2,通化,63.0
20170124,11,NO2_24h,通化,60.0
20170124,11,O3,通化,20.0
20170124,11,O3_24h,通化,60.0
20170124,11,O3_8h,通化,8.0
20170124,11,O3_8h_24h,通化,8.0
20170124,11,CO,通化,3.0
20170124,11,CO_24h,通化,1.65
20170124,12,AQI,通化,163.0
20170124,12,PM2.5,通化,124.0
20170124,12,PM2.5_24h,通化,65.0
20170124,12,PM10,通化,179.0
20170124,12,PM10_24h,通化,93.0
20170124,12,SO2,通化,195.0
20170124,12,SO2_24h,通化,100.0
20170124,12,NO2,通化,61.0
20170124,12,NO2_24h,通化,60.0
20170124,12,O3,通化,26.0
20170124,12,O3_24h,通化,60.0
20170124,12,O3_8h,通化,11.0
20170124,12,O3_8h_24h,通化,11.0
20170124,12,CO,通化,2.4
20170124,12,CO_24h,通化,1.65
20170124,13,AQI,通化,145.0
20170124,13,PM2.5,通化,111.0
20170124,13,PM2.5_24h,通化,67.0
20170124,13,PM10,通化,167.0
20170124,13,PM10_24h,通化,96.0
20170124,13,SO2,通化,126.0
20170124,13,SO2_24h,通化,103.0
20170124,13,NO2,通化,52.0
20170124,13,NO2_24h,通化,60.0
20170124,13,O3,通化,39.0
20170124,13,O3_24h,通化,60.0
20170124,13,O3_8h,通化,15.0
20170124,13,O3_8h_24h,通化,15.0
20170124,13,CO,通化,1.75
20170124,13,CO_24h,通化,1.7
20170124,14,AQI,通化,126.0
20170124,14,PM2.5,通化,96.0
20170124,14,PM2.5_24h,通化,68.0
20170124,14,PM10,通化,142.0
20170124,14,PM10_24h,通化,98.0
20170124,14,SO2,通化,43.0
20170124,14,SO2_24h,通化,102.0
20170124,14,NO2,通化,32.0
20170124,14,NO2_24h,通化,60.0
20170124,14,O3,通化,54.0
20170124,14,O3_24h,通化,60.0
20170124,14,O3_8h,通化,21.0
20170124,14,O3_8h_24h,通化,21.0
20170124,14,CO,通化,1.05
20170124,14,CO_24h,通化,1.65
20170124,15,AQI,通化,93.0
20170124,15,PM2.5,通化,69.0
20170124,15,PM2.5_24h,通化,69.0
20170124,15,PM10,通化,104.0
20170124,15,PM10_24h,通化,100.0
20170124,15,SO2,通化,44.0
20170124,15,SO2_24h,通化,101.0
20170124,15,NO2,通化,39.0
20170124,15,NO2_24h,通化,60.0
20170124,15,O3,通化,51.0
20170124,15,O3_24h,通化,59.0
20170124,15,O3_8h,通化,27.0
20170124,15,O3_8h_24h,通化,27.0
20170124,15,CO,通化,0.95
20170124,15,CO_24h,通化,1.65
20170124,16,AQI,通化,61.0
20170124,16,PM2.5,通化,43.0
20170124,16,PM2.5_24h,通化,69.0
20170124,16,PM10,通化,71.0
20170124,16,PM10_24h,通化,101.0
20170124,16,SO2,通化,49.0
20170124,16,SO2_24h,通化,102.0
20170124,16,NO2,通化,49.0
20170124,16,NO2_24h,通化,61.0
20170124,16,O3,通化,45.0
20170124,16,O3_24h,通化,54.0
20170124,16,O3_8h,通化,32.0
20170124,16,O3_8h_24h,通化,32.0
20170124,16,CO,通化,1.0
20170124,16,CO_24h,通化,1.65
20170124,17,AQI,通化,54.0
20170124,17,PM2.5,通化,31.0
20170124,17,PM2.5_24h,通化,70.0
20170124,17,PM10,通化,58.0
20170124,17,PM10_24h,通化,101.0
20170124,17,SO2,通化,72.0
20170124,17,SO2_24h,通化,105.0
20170124,17,NO2,通化,82.0
20170124,17,NO2_24h,通化,63.0
20170124,17,O3,通化,17.0
20170124,17,O3_24h,通化,54.0
20170124,17,O3_8h,通化,33.0
20170124,17,O3_8h_24h,通化,33.0
20170124,17,CO,通化,1.2
20170124,17,CO_24h,通化,1.7
20170124,18,AQI,通化,61.0
20170124,18,PM2.5,通化,37.0
20170124,18,PM2.5_24h,通化,70.0
20170124,18,PM10,通化,71.0
20170124,18,PM10_24h,通化,102.0
20170124,18,SO2,通化,114.0
20170124,18,SO2_24h,通化,108.0
20170124,18,NO2,通化,85.0
20170124,18,NO2_24h,通化,63.0
20170124,18,O3,通化,7.0
20170124,18,O3_24h,通化,54.0
20170124,18,O3_8h,通化,32.0
20170124,18,O3_8h_24h,通化,33.0
20170124,18,CO,通化,1.65
20170124,18,CO_24h,通化,1.75
20170124,19,AQI,通化,73.0
20170124,19,PM2.5,通化,52.0
20170124,19,PM2.5_24h,通化,71.0
20170124,19,PM10,通化,95.0
20170124,19,PM10_24h,通化,105.0
20170124,19,SO2,通化,150.0
20170124,19,SO2_24h,通化,111.0
20170124,19,NO2,通化,87.0
20170124,19,NO2_24h,通化,64.0
20170124,19,O3,通化,4.0
20170124,19,O3_24h,通化,54.0
20170124,19,O3_8h,通化,30.0
20170124,19,O3_8h_24h,通化,33.0
20170124,19,CO,通化,1.95
20170124,19,CO_24h,通化,1.75
20170124,20,AQI,通化,98.0
20170124,20,PM2.5,通化,73.0
20170124,20,PM2.5_24h,通化,72.0
20170124,20,PM10,通化,116.0
20170124,20,PM10_24h,通化,107.0
20170124,20,SO2,通化,138.0
20170124,20,SO2_24h,通化,113.0
20170124,20,NO2,通化,86.0
20170124,20,NO2_24h,通化,64.0
20170124,20,O3,通化,3.0
20170124,20,O3_24h,通化,54.0
20170124,20,O3_8h,通化,27.0
20170124,20,O3_8h_24h,通化,33.0
20170124,20,CO,通化,2.3
20170124,20,CO_24h,通化,1.75
20170124,21,AQI,通化,125.0
20170124,21,PM2.5,通化,95.0
20170124,21,PM2.5_24h,通化,73.0
20170124,21,PM10,通化,139.0
20170124,21,PM10_24h,通化,108.0
20170124,21,SO2,通化,99.0
20170124,21,SO2_24h,通化,113.0
20170124,21,NO2,通化,82.0
20170124,21,NO2_24h,通化,65.0
20170124,21,O3,通化,4.0
20170124,21,O3_24h,通化,54.0
20170124,21,O3_8h,通化,23.0
20170124,21,O3_8h_24h,通化,33.0
20170124,21,CO,通化,2.45
20170124,21,CO_24h,通化,1.85
20170124,22,AQI,通化,144.0
20170124,22,PM2.5,通化,110.0
20170124,22,PM2.5_24h,通化,75.0
20170124,22,PM10,通化,154.0
20170124,22,PM10_24h,通化,110.0
20170124,22,SO2,通化,88.0
20170124,22,SO2_24h,通化,113.0
20170124,22,NO2,通化,79.0
20170124,22,NO2_24h,通化,65.0
20170124,22,O3,通化,5.0
20170124,22,O3_24h,通化,54.0
20170124,22,O3_8h,通化,16.0
20170124,22,O3_8h_24h,通化,33.0
20170124,22,CO,通化,2.3
20170124,22,CO_24h,通化,1.85
20170124,23,AQI,通化,144.0
20170124,23,PM2.5,通化,110.0
20170124,23,PM2.5_24h,通化,77.0
20170124,23,PM10,通化,154.0
20170124,23,PM10_24h,通化,112.0
20170124,23,SO2,通化,109.0
20170124,23,SO2_24h,通化,115.0
20170124,23,NO2,通化,79.0
20170124,23,NO2_24h,通化,65.0
20170124,23,O3,通化,3.0
20170124,23,O3_24h,通化,54.0
20170124,23,O3_8h,通化,11.0
20170124,23,O3_8h_24h,通化,33.0
20170124,23,CO,通化,2.35
20170124,23,CO_24h,通化,1.85
20170124,0,AQI,白山,128.0
20170124,0,PM2.5,白山,97.0
20170124,0,PM2.5_24h,白山,72.0
20170124,0,PM10,白山,136.0
20170124,0,PM10_24h,白山,95.0
20170124,0,SO2,白山,115.0
20170124,0,SO2_24h,白山,87.0
20170124,0,NO2,白山,60.0
20170124,0,NO2_24h,白山,40.0
20170124,0,O3,白山,8.0
20170124,0,O3_24h,白山,75.0
20170124,0,O3_8h,白山,16.0
20170124,0,O3_8h_24h,白山,57.0
20170124,0,CO,白山,1.85
20170124,0,CO_24h,白山,1.45
20170124,1,AQI,白山,130.0
20170124,1,PM2.5,白山,99.0
20170124,1,PM2.5_24h,白山,73.0
20170124,1,PM10,白山,141.0
20170124,1,PM10_24h,白山,98.0
20170124,1,SO2,白山,139.0
20170124,1,SO2_24h,白山,91.0
20170124,1,NO2,白山,55.0
20170124,1,NO2_24h,白山,41.0
20170124,1,O3,白山,11.0
20170124,1,O3_24h,白山,75.0
20170124,1,O3_8h,白山,11.0
20170124,1,O3_8h_24h,白山,11.0
20170124,1,CO,白山,1.7
20170124,1,CO_24h,白山,1.45
20170124,2,AQI,白山,133.0
20170124,2,PM2.5,白山,101.0
20170124,2,PM2.5_24h,白山,75.0
20170124,2,PM10,白山,130.0
20170124,2,PM10_24h,白山,101.0
20170124,2,SO2,白山,103.0
20170124,2,SO2_24h,白山,93.0
20170124,2,NO2,白山,53.0
20170124,2,NO2_24h,白山,43.0
20170124,2,O3,白山,9.0
20170124,2,O3_24h,白山,75.0
20170124,2,O3_8h,白山,10.0
20170124,2,O3_8h_24h,白山,11.0
20170124,2,CO,白山,1.75
20170124,2,CO_24h,白山,1.5
20170124,3,AQI,白山,131.0
20170124,3,PM2.5,白山,100.0
20170124,3,PM2.5_24h,白山,77.0
20170124,3,PM10,白山,127.0
20170124,3,PM10_24h,白山,103.0
20170124,3,SO2,白山,99.0
20170124,3,SO2_24h,白山,94.0
20170124,3,NO2,白山,48.0
20170124,3,NO2_24h,白山,43.0
20170124,3,O3,白山,15.0
20170124,3,O3_24h,白山,75.0
20170124,3,O3_8h,白山,12.0
20170124,3,O3_8h_24h,白山,12.0
20170124,3,CO,白山,1.6
20170124,3,CO_24h,白山,1.5
20170124,4,AQI,白山,129.0
20170124,4,PM2.5,白山,98.0
20170124,4,PM2.5_24h,白山,78.0
20170124,4,PM10,白山,116.0
20170124,4,PM10_24h,白山,105.0
20170124,4,SO2,白山,96.0
20170124,4,SO2_24h,白山,96.0
20170124,4,NO2,白山,44.0
20170124,4,NO2_24h,白山,44.0
20170124,4,O3,白山,19.0
20170124,4,O3_24h,白山,75.0
20170124,4,O3_8h,白山,14.0
20170124,4,O3_8h_24h,白山,14.0
20170124,4,CO,白山,1.6
20170124,4,CO_24h,白山,1.5
20170124,5,AQI,白山,120.0
20170124,5,PM2.5,白山,91.0
20170124,5,PM2.5_24h,白山,79.0
20170124,5,PM10,白山,109.0
20170124,5,PM10_24h,白山,106.0
20170124,5,SO2,白山,99.0
20170124,5,SO2_24h,白山,97.0
20170124,5,NO2,白山,45.0
20170124,5,NO2_24h,白山,44.0
20170124,5,O3,白山,17.0
20170124,5,O3_24h,白山,75.0
20170124,5,O3_8h,白山,14.0
20170124,5,O3_8h_24h,白山,14.0
20170124,5,CO,白山,1.55
20170124,5,CO_24h,白山,1.5
20170124,6,AQI,白山,116.0
20170124,6,PM2.5,白山,88.0
20170124,6,PM2.5_24h,白山,80.0
20170124,6,PM10,白山,106.0
20170124,6,PM10_24h,白山,107.0
20170124,6,SO2,白山,141.0
20170124,6,SO2_24h,白山,100.0
20170124,6,NO2,白山,50.0
20170124,6,NO2_24h,白山,45.0
20170124,6,O3,白山,13.0
20170124,6,O3_24h,白山,75.0
20170124,6,O3_8h,白山,14.0
20170124,6,O3_8h_24h,白山,14.0
20170124,6,CO,白山,1.6
20170124,6,CO_24h,白山,1.55
20170124,7,AQI,白山,116.0
20170124,7,PM2.5,白山,88.0
20170124,7,PM2.5_24h,白山,81.0
20170124,7,PM10,白山,111.0
20170124,7,PM10_24h,白山,108.0
20170124,7,SO2,白山,164.0
20170124,7,SO2_24h,白山,102.0
20170124,7,NO2,白山,55.0
20170124,7,NO2_24h,白山,46.0
20170124,7,O3,白山,6.0
20170124,7,O3_24h,白山,75.0
20170124,7,O3_8h,白山,13.0
20170124,7,O3_8h_24h,白山,14.0
20170124,7,CO,白山,1.75
20170124,7,CO_24h,白山,1.6
20170124,8,AQI,白山,124.0
20170124,8,PM2.5,白山,94.0
20170124,8,PM2.5_24h,白山,82.0
20170124,8,PM10,白山,123.0
20170124,8,PM10_24h,白山,110.0
20170124,8,SO2,白山,153.0
20170124,8,SO2_24h,白山,104.0
20170124,8,NO2,白山,48.0
20170124,8,NO2_24h,白山,46.0
20170124,8,O3,白山,14.0
20170124,8,O3_24h,白山,75.0
20170124,8,O3_8h,白山,13.0
20170124,8,O3_8h_24h,白山,15.0
20170124,8,CO,白山,1.9
20170124,8,CO_24h,白山,1.6
20170124,9,AQI,白山,143.0
20170124,9,PM2.5,白山,109.0
20170124,9,PM2.5_24h,白山,83.0
20170124,9,PM10,白山,137.0
20170124,9,PM10_24h,白山,111.0
20170124,9,SO2,白山,170.0
20170124,9,SO2_24h,白山,105.0
20170124,9,NO2,白山,45.0
20170124,9,NO2_24h,白山,46.0
20170124,9,O3,白山,20.0
20170124,9,O3_24h,白山,75.0
20170124,9,O3_8h,白山,14.0
20170124,9,O3_8h_24h,白山,16.0
20170124,9,CO,白山,1.95
20170124,9,CO_24h,白山,1.6
20170124,10,AQI,白山,154.0
20170124,10,PM2.5,白山,118.0
20170124,10,PM2.5_24h,白山,85.0
20170124,10,PM10,白山,143.0
20170124,10,PM10_24h,白山,113.0
20170124,10,SO2,白山,183.0
20170124,10,SO2_24h,白山,103.0
20170124,10,NO2,白山,40.0
20170124,10,NO2_24h,白山,46.0
20170124,10,O3,白山,29.0
20170124,10,O3_24h,白山,75.0
20170124,10,O3_8h,白山,16.0
20170124,10,O3_8h_24h,白山,17.0
20170124,10,CO,白山,1.75
20170124,10,CO_24h,白山,1.6
20170124,11,AQI,白山,159.0
20170124,11,PM2.5,白山,121.0
20170124,11,PM2.5_24h,白山,86.0
20170124,11,PM10,白山,159.0
20170124,11,PM10_24h,白山,115.0
20170124,11,SO2,白山,156.0
20170124,11,SO2_24h,白山,105.0
20170124,11,NO2,白山,39.0
20170124,11,NO2_24h,白山,46.0
20170124,11,O3,白山,41.0
20170124,11,O3_24h,白山,75.0
20170124,11,O3_8h,白山,20.0
20170124,11,O3_8h_24h,白山,20.0
20170124,11,CO,白山,1.4
20170124,11,CO_24h,白山,1.6
20170124,12,AQI,白山,143.0
20170124,12,PM2.5,白山,109.0
20170124,12,PM2.5_24h,白山,87.0
20170124,12,PM10,白山,142.0
20170124,12,PM10_24h,白山,115.0
20170124,12,SO2,白山,128.0
20170124,12,SO2_24h,白山,106.0
20170124,12,NO2,白山,43.0
20170124,12,NO2_24h,白山,47.0
20170124,12,O3,白山,47.0
20170124,12,O3_24h,白山,75.0
20170124,12,O3_8h,白山,23.0
20170124,12,O3_8h_24h,白山,23.0
20170124,12,CO,白山,1.6
20170124,12,CO_24h,白山,1.7
20170124,13,AQI,白山,139.0
20170124,13,PM2.5,白山,106.0
20170124,13,PM2.5_24h,白山,88.0
20170124,13,PM10,白山,136.0
20170124,13,PM10_24h,白山,115.0
20170124,13,SO2,白山,94.0
20170124,13,SO2_24h,白山,108.0
20170124,13,NO2,白山,28.0
20170124,13,NO2_24h,白山,47.0
20170124,13,O3,白山,67.0
20170124,13,O3_24h,白山,75.0
20170124,13,O3_8h,白山,30.0
20170124,13,O3_8h_24h,白山,30.0
20170124,13,CO,白山,1.25
20170124,13,CO_24h,白山,1.7
20170124,14,AQI,白山,129.0
20170124,14,PM2.5,白山,98.0
20170124,14,PM2.5_24h,白山,89.0
20170124,14,PM10,白山,108.0
20170124,14,PM10_24h,白山,115.0
20170124,14,SO2,白山,38.0
20170124,14,SO2_24h,白山,109.0
20170124,14,NO2,白山,18.0
20170124,14,NO2_24h,白山,47.0
20170124,14,O3,白山,78.0
20170124,14,O3_24h,白山,78.0
20170124,14,O3_8h,白山,38.0
20170124,14,O3_8h_24h,白山,38.0
20170124,14,CO,白山,0.8
20170124,14,CO_24h,白山,1.7
20170124,15,AQI,白山,104.0
20170124,15,PM2.5,白山,78.0
20170124,15,PM2.5_24h,白山,90.0
20170124,15,PM10,白山,83.0
20170124,15,PM10_24h,白山,115.0
20170124,15,SO2,白山,50.0
20170124,15,SO2_24h,白山,110.0
20170124,15,NO2,白山,24.0
20170124,15,NO2_24h,白山,47.0
20170124,15,O3,白山,72.0
20170124,15,O3_24h,白山,78.0
20170124,15,O3_8h,白山,46.0
20170124,15,O3_8h_24h,白山,46.0
20170124,15,CO,白山,0.9
20170124,15,CO_24h,白山,1.7
20170124,16,AQI,白山,74.0
20170124,16,PM2.5,白山,54.0
20170124,16,PM2.5_24h,白山,92.0
20170124,16,PM10,白山,56.0
20170124,16,PM10_24h,白山,116.0
20170124,16,SO2,白山,39.0
20170124,16,SO2_24h,白山,110.0
20170124,16,NO2,白山,26.0
20170124,16,NO2_24h,白山,48.0
20170124,16,O3,白山,68.0
20170124,16,O3_24h,白山,78.0
20170124,16,O3_8h,白山,53.0
20170124,16,O3_8h_24h,白山,53.0
20170124,16,CO,白山,1.0
20170124,16,CO_24h,白山,1.7
20170124,17,AQI,白山,54.0
20170124,17,PM2.5,白山,38.0
20170124,17,PM2.5_24h,白山,92.0
20170124,17,PM10,白山,49.0
20170124,17,PM10_24h,白山,116.0
20170124,17,SO2,白山,49.0
20170124,17,SO2_24h,白山,111.0
20170124,17,NO2,白山,40.0
20170124,17,NO2_24h,白山,47.0
20170124,17,O3,白山,50.0
20170124,17,O3_24h,白山,78.0
20170124,17,O3_8h,白山,57.0
20170124,17,O3_8h_24h,白山,57.0
20170124,17,CO,白山,1.45
20170124,17,CO_24h,白山,1.65
20170124,18,AQI,白山,66.0
20170124,18,PM2.5,白山,48.0
20170124,18,PM2.5_24h,白山,92.0
20170124,18,PM10,白山,60.0
20170124,18,PM10_24h,白山,116.0
20170124,18,SO2,白山,59.0
20170124,18,SO2_24h,白山,109.0
20170124,18,NO2,白山,57.0
20170124,18,NO2_24h,白山,48.0
20170124,18,O3,白山,32.0
20170124,18,O3_24h,白山,78.0
20170124,18,O3_8h,白山,57.0
20170124,18,O3_8h_24h,白山,58.0
20170124,18,CO,白山,1.85
20170124,18,CO_24h,白山,1.65
20170124,19,AQI,白山,86.0
20170124,19,PM2.5,白山,64.0
20170124,19,PM2.5_24h,白山,91.0
20170124,19,PM10,白山,83.0
20170124,19,PM10_24h,白山,116.0
20170124,19,SO2,白山,96.0
20170124,19,SO2_24h,白山,109.0
20170124,19,NO2,白山,69.0
20170124,19,NO2_24h,白山,48.0
20170124,19,O3,白山,11.0
20170124,19,O3_24h,白山,78.0
20170124,19,O3_8h,白山,53.0
20170124,19,O3_8h_24h,白山,58.0
20170124,19,CO,白山,1.95
20170124,19,CO_24h,白山,1.65
20170124,20,AQI,白山,113.0
20170124,20,PM2.5,白山,85.0
20170124,20,PM2.5_24h,白山,91.0
20170124,20,PM10,白山,109.0
20170124,20,PM10_24h,白山,116.0
20170124,20,SO2,白山,137.0
20170124,20,SO2_24h,白山,110.0
20170124,20,NO2,白山,69.0
20170124,20,NO2_24h,白山,48.0
20170124,20,O3,白山,9.0
20170124,20,O3_24h,白山,78.0
20170124,20,O3_8h,白山,49.0
20170124,20,O3_8h_24h,白山,58.0
20170124,20,CO,白山,2.0
20170124,20,CO_24h,白山,1.65
20170124,21,AQI,白山,130.0
20170124,21,PM2.5,白山,99.0
20170124,21,PM2.5_24h,白山,91.0
20170124,21,PM10,白山,127.0
20170124,21,PM10_24h,白山,116.0
20170124,21,SO2,白山,109.0
20170124,21,SO2_24h,白山,110.0
20170124,21,NO2,白山,62.0
20170124,21,NO2_24h,白山,47.0
20170124,21,O3,白山,11.0
20170124,21,O3_24h,白山,78.0
20170124,21,O3_8h,白山,42.0
20170124,21,O3_8h_24h,白山,58.0
20170124,21,CO,白山,1.95
20170124,21,CO_24h,白山,1.65
20170124,22,AQI,白山,136.0
20170124,22,PM2.5,白山,104.0
20170124,22,PM2.5_24h,白山,91.0
20170124,22,PM10,白山,141.0
20170124,22,PM10_24h,白山,116.0
20170124,22,SO2,白山,106.0
20170124,22,SO2_24h,白山,109.0
20170124,22,NO2,白山,59.0
20170124,22,NO2_24h,白山,47.0
20170124,22,O3,白山,11.0
20170124,22,O3_24h,白山,78.0
20170124,22,O3_8h,白山,33.0
20170124,22,O3_8h_24h,白山,58.0
20170124,22,CO,白山,2.0
20170124,22,CO_24h,白山,1.6
20170124,23,AQI,白山,135.0
20170124,23,PM2.5,白山,103.0
20170124,23,PM2.5_24h,白山,91.0
20170124,23,PM10,白山,141.0
20170124,23,PM10_24h,白山,116.0
20170124,23,SO2,白山,131.0
20170124,23,SO2_24h,白山,111.0
20170124,23,NO2,白山,61.0
20170124,23,NO2_24h,白山,47.0
20170124,23,O3,白山,8.0
20170124,23,O3_24h,白山,78.0
20170124,23,O3_8h,白山,25.0
20170124,23,O3_8h_24h,白山,58.0
20170124,23,CO,白山,2.0
20170124,23,CO_24h,白山,1.6
20170124,0,AQI,松原,94.0
20170124,0,PM2.5,松原,70.0
20170124,0,PM2.5_24h,松原,47.0
20170124,0,PM10,松原,86.0
20170124,0,PM10_24h,松原,64.0
20170124,0,SO2,松原,23.0
20170124,0,SO2_24h,松原,24.0
20170124,0,NO2,松原,36.0
20170124,0,NO2_24h,松原,21.0
20170124,0,O3,松原,22.0
20170124,0,O3_24h,松原,43.0
20170124,0,O3_8h,松原,30.0
20170124,0,O3_8h_24h,松原,39.0
20170124,0,CO,松原,1.35
20170124,0,CO_24h,松原,1.1
20170124,1,AQI,松原,88.0
20170124,1,PM2.5,松原,65.0
20170124,1,PM2.5_24h,松原,47.0
20170124,1,PM10,松原,81.0
20170124,1,PM10_24h,松原,64.0
20170124,1,SO2,松原,19.0
20170124,1,SO2_24h,松原,24.0
20170124,1,NO2,松原,26.0
20170124,1,NO2_24h,松原,21.0
20170124,1,O3,松原,24.0
20170124,1,O3_24h,松原,43.0
20170124,1,O3_8h,松原,24.0
20170124,1,O3_8h_24h,松原,24.0
20170124,1,CO,松原,1.25
20170124,1,CO_24h,松原,1.1
20170124,2,AQI,松原,79.0
20170124,2,PM2.5,松原,58.0
20170124,2,PM2.5_24h,松原,48.0
20170124,2,PM10,松原,70.0
20170124,2,PM10_24h,松原,64.0
20170124,2,SO2,松原,15.0
20170124,2,SO2_24h,松原,23.0
20170124,2,NO2,松原,26.0
20170124,2,NO2_24h,松原,21.0
20170124,2,O3,松原,21.0
20170124,2,O3_24h,松原,43.0
20170124,2,O3_8h,松原,22.0
20170124,2,O3_8h_24h,松原,24.0
20170124,2,CO,松原,1.25
20170124,2,CO_24h,松原,1.1
20170124,3,AQI,松原,71.0
20170124,3,PM2.5,松原,52.0
20170124,3,PM2.5_24h,松原,48.0
20170124,3,PM10,松原,68.0
20170124,3,PM10_24h,松原,65.0
20170124,3,SO2,松原,13.0
20170124,3,SO2_24h,松原,23.0
20170124,3,NO2,松原,26.0
20170124,3,NO2_24h,松原,22.0
20170124,3,O3,松原,19.0
20170124,3,O3_24h,松原,43.0
20170124,3,O3_8h,松原,22.0
20170124,3,O3_8h_24h,松原,25.0
20170124,3,CO,松原,1.3
20170124,3,CO_24h,松原,1.1
20170124,4,AQI,松原,66.0
20170124,4,PM2.5,松原,48.0
20170124,4,PM2.5_24h,松原,48.0
20170124,4,PM10,松原,65.0
20170124,4,PM10_24h,松原,65.0
20170124,4,SO2,松原,14.0
20170124,4,SO2_24h,松原,23.0
20170124,4,NO2,松原,14.0
20170124,4,NO2_24h,松原,22.0
20170124,4,O3,松原,29.0
20170124,4,O3_24h,松原,43.0
20170124,4,O3_8h,松原,23.0
20170124,4,O3_8h_24h,松原,25.0
20170124,4,CO,松原,1.15
20170124,4,CO_24h,松原,1.1
20170124,5,AQI,松原,64.0
20170124,5,PM2.5,松原,46.0
20170124,5,PM2.5_24h,松原,48.0
20170124,5,PM10,松原,62.0
20170124,5,PM10_24h,松原,65.0
20170124,5,SO2,松原,13.0
20170124,5,SO2_24h,松原,23.0
20170124,5,NO2,松原,14.0
20170124,5,NO2_24h,松原,22.0
20170124,5,O3,松原,26.0
20170124,5,O3_24h,松原,43.0
20170124,5,O3_8h,松原,24.0
20170124,5,O3_8h_24h,松原,25.0
20170124,5,CO,松原,1.15
20170124,5,CO_24h,松原,1.1
20170124,6,AQI,松原,61.0
20170124,6,PM2.5,松原,44.0
20170124,6,PM2.5_24h,松原,49.0
20170124,6,PM10,松原,58.0
20170124,6,PM10_24h,松原,66.0
20170124,6,SO2,松原,16.0
20170124,6,SO2_24h,松原,24.0
20170124,6,NO2,松原,19.0
20170124,6,NO2_24h,松原,22.0
20170124,6,O3,松原,22.0
20170124,6,O3_24h,松原,43.0
20170124,6,O3_8h,松原,23.0
20170124,6,O3_8h_24h,松原,25.0
20170124,6,CO,松原,1.2
20170124,6,CO_24h,松原,1.15
20170124,7,AQI,松原,59.0
20170124,7,PM2.5,松原,42.0
20170124,7,PM2.5_24h,松原,48.0
20170124,7,PM10,松原,57.0
20170124,7,PM10_24h,松原,66.0
20170124,7,SO2,松原,25.0
20170124,7,SO2_24h,松原,24.0
20170124,7,NO2,松原,20.0
20170124,7,NO2_24h,松原,22.0
20170124,7,O3,松原,25.0
20170124,7,O3_24h,松原,43.0
20170124,7,O3_8h,松原,24.0
20170124,7,O3_8h_24h,松原,25.0
20170124,7,CO,松原,1.2
20170124,7,CO_24h,松原,1.15
20170124,8,AQI,松原,66.0
20170124,8,PM2.5,松原,48.0
20170124,8,PM2.5_24h,松原,49.0
20170124,8,PM10,松原,64.0
20170124,8,PM10_24h,松原,66.0
20170124,8,SO2,松原,29.0
20170124,8,SO2_24h,松原,24.0
20170124,8,NO2,松原,26.0
20170124,8,NO2_24h,松原,22.0
20170124,8,O3,松原,21.0
20170124,8,O3_24h,松原,43.0
20170124,8,O3_8h,松原,23.0
20170124,8,O3_8h_24h,松原,25.0
20170124,8,CO,松原,1.6
20170124,8,CO_24h,松原,1.15
20170124,9,AQI,松原,85.0
20170124,9,PM2.5,松原,63.0
20170124,9,PM2.5_24h,松原,49.0
20170124,9,PM10,松原,80.0
20170124,9,PM10_24h,松原,66.0
20170124,9,SO2,松原,37.0
20170124,9,SO2_24h,松原,24.0
20170124,9,NO2,松原,25.0
20170124,9,NO2_24h,松原,22.0
20170124,9,O3,松原,22.0
20170124,9,O3_24h,松原,43.0
20170124,9,O3_8h,松原,23.0
20170124,9,O3_8h_24h,松原,25.0
20170124,9,CO,松原,1.75
20170124,9,CO_24h,松原,1.2
20170124,10,AQI,松原,104.0
20170124,10,PM2.5,松原,78.0
20170124,10,PM2.5_24h,松原,49.0
20170124,10,PM10,松原,100.0
20170124,10,PM10_24h,松原,67.0
20170124,10,SO2,松原,35.0
20170124,10,SO2_24h,松原,25.0
20170124,10,NO2,松原,17.0
20170124,10,NO2_24h,松原,22.0
20170124,10,O3,松原,26.0
20170124,10,O3_24h,松原,43.0
20170124,10,O3_8h,松原,24.0
20170124,10,O3_8h_24h,松原,25.0
20170124,10,CO,松原,1.5
20170124,10,CO_24h,松原,1.2
20170124,11,AQI,松原,110.0
20170124,11,PM2.5,松原,83.0
20170124,11,PM2.5_24h,松原,49.0
20170124,11,PM10,松原,103.0
20170124,11,PM10_24h,松原,67.0
20170124,11,SO2,松原,37.0
20170124,11,SO2_24h,松原,25.0
20170124,11,NO2,松原,14.0
20170124,11,NO2_24h,松原,23.0
20170124,11,O3,松原,31.0
20170124,11,O3_24h,松原,43.0
20170124,11,O3_8h,松原,25.0
20170124,11,O3_8h_24h,松原,26.0
20170124,11,CO,松原,1.2
20170124,11,CO_24h,松原,1.2
20170124,12,AQI,松原,90.0
20170124,12,PM2.5,松原,67.0
20170124,12,PM2.5_24h,松原,49.0
20170124,12,PM10,松原,90.0
20170124,12,PM10_24h,松原,66.0
20170124,12,SO2,松原,26.0
20170124,12,SO2_24h,松原,25.0
20170124,12,NO2,松原,10.0
20170124,12,NO2_24h,松原,23.0
20170124,12,O3,松原,34.0
20170124,12,O3_24h,松原,43.0
20170124,12,O3_8h,松原,26.0
20170124,12,O3_8h_24h,松原,26.0
20170124,12,CO,松原,0.95
20170124,12,CO_24h,松原,1.2
20170124,13,AQI,松原,65.0
20170124,13,PM2.5,松原,47.0
20170124,13,PM2.5_24h,松原,49.0
20170124,13,PM10,松原,62.0
20170124,13,PM10_24h,松原,66.0
20170124,13,SO2,松原,17.0
20170124,13,SO2_24h,松原,25.0
20170124,13,NO2,松原,7.0
20170124,13,NO2_24h,松原,23.0
20170124,13,O3,松原,38.0
20170124,13,O3_24h,松原,43.0
20170124,13,O3_8h,松原,27.0
20170124,13,O3_8h_24h,松原,28.0
20170124,13,CO,松原,0.9
20170124,13,CO_24h,松原,1.2
20170124,14,AQI,松原,49.0
20170124,14,PM2.5,松原,31.0
20170124,14,PM2.5_24h,松原,49.0
20170124,14,PM10,松原,49.0
20170124,14,PM10_24h,松原,66.0
20170124,14,SO2,松原,14.0
20170124,14,SO2_24h,松原,25.0
20170124,14,NO2,松原,7.0
20170124,14,NO2_24h,松原,23.0
20170124,14,O3,松原,40.0
20170124,14,O3_24h,松原,43.0
20170124,14,O3_8h,松原,30.0
20170124,14,O3_8h_24h,松原,30.0
20170124,14,CO,松原,0.7
20170124,14,CO_24h,松原,1.2
20170124,15,AQI,松原,50.0
20170124,15,PM2.5,松原,25.0
20170124,15,PM2.5_24h,松原,49.0
20170124,15,PM10,松原,50.0
20170124,15,PM10_24h,松原,67.0
20170124,15,SO2,松原,13.0
20170124,15,SO2_24h,松原,25.0
20170124,15,NO2,松原,7.0
20170124,15,NO2_24h,松原,23.0
20170124,15,O3,松原,39.0
20170124,15,O3_24h,松原,43.0
20170124,15,O3_8h,松原,32.0
20170124,15,O3_8h_24h,松原,32.0
20170124,15,CO,松原,0.55
20170124,15,CO_24h,松原,1.2
20170124,16,AQI,松原,38.0
20170124,16,PM2.5,松原,22.0
20170124,16,PM2.5_24h,松原,49.0
20170124,16,PM10,松原,38.0
20170124,16,PM10_24h,松原,67.0
20170124,16,SO2,松原,14.0
20170124,16,SO2_24h,松原,25.0
20170124,16,NO2,松原,8.0
20170124,16,NO2_24h,松原,22.0
20170124,16,O3,松原,39.0
20170124,16,O3_24h,松原,40.0
20170124,16,O3_8h,松原,34.0
20170124,16,O3_8h_24h,松原,34.0
20170124,16,CO,松原,0.5
20170124,16,CO_24h,松原,1.2
20170124,17,AQI,松原,36.0
20170124,17,PM2.5,松原,21.0
20170124,17,PM2.5_24h,松原,49.0
20170124,17,PM10,松原,36.0
20170124,17,PM10_24h,松原,67.0
20170124,17,SO2,松原,20.0
20170124,17,SO2_24h,松原,24.0
20170124,17,NO2,松原,14.0
20170124,17,NO2_24h,松原,22.0
20170124,17,O3,松原,35.0
20170124,17,O3_24h,松原,40.0
20170124,17,O3_8h,松原,35.0
20170124,17,O3_8h_24h,松原,35.0
20170124,17,CO,松原,0.55
20170124,17,CO_24h,松原,1.2
20170124,18,AQI,松原,43.0
20170124,18,PM2.5,松原,26.0
20170124,18,PM2.5_24h,松原,50.0
20170124,18,PM10,松原,43.0
20170124,18,PM10_24h,松原,68.0
20170124,18,SO2,松原,25.0
20170124,18,SO2_24h,松原,24.0
20170124,18,NO2,松原,25.0
20170124,18,NO2_24h,松原,22.0
20170124,18,O3,松原,29.0
20170124,18,O3_24h,松原,40.0
20170124,18,O3_8h,松原,36.0
20170124,18,O3_8h_24h,松原,36.0
20170124,18,CO,松原,0.8
20170124,18,CO_24h,松原,1.2
20170124,19,AQI,松原,52.0
20170124,19,PM2.5,松原,36.0
20170124,19,PM2.5_24h,松原,50.0
20170124,19,PM10,松原,54.0
20170124,19,PM10_24h,松原,68.0
20170124,19,SO2,松原,32.0
20170124,19,SO2_24h,松原,24.0
20170124,19,NO2,松原,27.0
20170124,19,NO2_24h,松原,21.0
20170124,19,O3,松原,37.0
20170124,19,O3_24h,松原,40.0
20170124,19,O3_8h,松原,36.0
20170124,19,O3_8h_24h,松原,36.0
20170124,19,CO,松原,1.05
20170124,19,CO_24h,松原,1.15
20170124,20,AQI,松原,68.0
20170124,20,PM2.5,松原,49.0
20170124,20,PM2.5_24h,松原,50.0
20170124,20,PM10,松原,74.0
20170124,20,PM10_24h,松原,69.0
20170124,20,SO2,松原,34.0
20170124,20,SO2_24h,松原,24.0
20170124,20,NO2,松原,23.0
20170124,20,NO2_24h,松原,21.0
20170124,20,O3,松原,35.0
20170124,20,O3_24h,松原,40.0
20170124,20,O3_8h,松原,37.0
20170124,20,O3_8h_24h,松原,37.0
20170124,20,CO,松原,1.1
20170124,20,CO_24h,松原,1.15
20170124,21,AQI,松原,85.0
20170124,21,PM2.5,松原,63.0
20170124,21,PM2.5_24h,松原,51.0
20170124,21,PM10,松原,85.0
20170124,21,PM10_24h,松原,69.0
20170124,21,SO2,松原,28.0
20170124,21,SO2_24h,松原,24.0
20170124,21,NO2,松原,15.0
20170124,21,NO2_24h,松原,20.0
20170124,21,O3,松原,33.0
20170124,21,O3_24h,松原,40.0
20170124,21,O3_8h,松原,36.0
20170124,21,O3_8h_24h,松原,37.0
20170124,21,CO,松原,0.85
20170124,21,CO_24h,松原,1.1
20170124,22,AQI,松原,83.0
20170124,22,PM2.5,松原,61.0
20170124,22,PM2.5_24h,松原,50.0
20170124,22,PM10,松原,86.0
20170124,22,PM10_24h,松原,69.0
20170124,22,SO2,松原,22.0
20170124,22,SO2_24h,松原,23.0
20170124,22,NO2,松原,13.0
20170124,22,NO2_24h,松原,19.0
20170124,22,O3,松原,34.0
20170124,22,O3_24h,松原,40.0
20170124,22,O3_8h,松原,35.0
20170124,22,O3_8h_24h,松原,37.0
20170124,22,CO,松原,0.8
20170124,22,CO_24h,松原,1.1
20170124,23,AQI,松原,76.0
20170124,23,PM2.5,松原,56.0
20170124,23,PM2.5_24h,松原,50.0
20170124,23,PM10,松原,72.0
20170124,23,PM10_24h,松原,68.0
20170124,23,SO2,松原,34.0
20170124,23,SO2_24h,松原,23.0
20170124,23,NO2,松原,16.0
20170124,23,NO2_24h,松原,18.0
20170124,23,O3,松原,33.0
20170124,23,O3_24h,松原,40.0
20170124,23,O3_8h,松原,34.0
20170124,23,O3_8h_24h,松原,37.0
20170124,23,CO,松原,0.85
20170124,23,CO_24h,松原,1.05
20170124,0,AQI,白城,126.0
20170124,0,PM2.5,白城,96.0
20170124,0,PM2.5_24h,白城,52.0
20170124,0,PM10,白城,109.0
20170124,0,PM10_24h,白城,68.0
20170124,0,SO2,白城,15.0
20170124,0,SO2_24h,白城,16.0
20170124,0,NO2,白城,28.0
20170124,0,NO2_24h,白城,21.0
20170124,0,O3,白城,18.0
20170124,0,O3_24h,白城,53.0
20170124,0,O3_8h,白城,23.0
20170124,0,O3_8h_24h,白城,47.0
20170124,0,CO,白城,1.15
20170124,0,CO_24h,白城,0.85
20170124,1,AQI,白城,101.0
20170124,1,PM2.5,白城,76.0
20170124,1,PM2.5_24h,白城,52.0
20170124,1,PM10,白城,89.0
20170124,1,PM10_24h,白城,69.0
20170124,1,SO2,白城,10.0
20170124,1,SO2_24h,白城,16.0
20170124,1,NO2,白城,24.0
20170124,1,NO2_24h,白城,21.0
20170124,1,O3,白城,16.0
20170124,1,O3_24h,白城,53.0
20170124,1,O3_8h,白城,16.0
20170124,1,O3_8h_24h,白城,16.0
20170124,1,CO,白城,0.95
20170124,1,CO_24h,白城,0.85
20170124,2,AQI,白城,79.0
20170124,2,PM2.5,白城,58.0
20170124,2,PM2.5_24h,白城,52.0
20170124,2,PM10,白城,77.0
20170124,2,PM10_24h,白城,70.0
20170124,2,SO2,白城,10.0
20170124,2,SO2_24h,白城,16.0
20170124,2,NO2,白城,19.0
20170124,2,NO2_24h,白城,22.0
20170124,2,O3,白城,19.0
20170124,2,O3_24h,白城,53.0
20170124,2,O3_8h,白城,17.0
20170124,2,O3_8h_24h,白城,17.0
20170124,2,CO,白城,0.7
20170124,2,CO_24h,白城,0.85
20170124,3,AQI,白城,68.0
20170124,3,PM2.5,白城,49.0
20170124,3,PM2.5_24h,白城,53.0
20170124,3,PM10,白城,62.0
20170124,3,PM10_24h,白城,70.0
20170124,3,SO2,白城,7.0
20170124,3,SO2_24h,白城,16.0
20170124,3,NO2,白城,12.0
20170124,3,NO2_24h,白城,22.0
20170124,3,O3,白城,28.0
20170124,3,O3_24h,白城,53.0
20170124,3,O3_8h,白城,21.0
20170124,3,O3_8h_24h,白城,21.0
20170124,3,CO,白城,0.6
20170124,3,CO_24h,白城,0.8
20170124,4,AQI,白城,53.0
20170124,4,PM2.5,白城,37.0
20170124,4,PM2.5_24h,白城,52.0
20170124,4,PM10,白城,41.0
20170124,4,PM10_24h,白城,71.0
20170124,4,SO2,白城,7.0
20170124,4,SO2_24h,白城,16.0
20170124,4,NO2,白城,10.0
20170124,4,NO2_24h,白城,22.0
20170124,4,O3,白城,29.0
20170124,4,O3_24h,白城,53.0
20170124,4,O3_8h,白城,23.0
20170124,4,O3_8h_24h,白城,23.0
20170124,4,CO,白城,0.5
20170124,4,CO_24h,白城,0.8
20170124,5,AQI,白城,44.0
20170124,5,PM2.5,白城,31.0
20170124,5,PM2.5_24h,白城,52.0
20170124,5,PM10,白城,35.0
20170124,5,PM10_24h,白城,71.0
20170124,5,SO2,白城,9.0
20170124,5,SO2_24h,白城,16.0
20170124,5,NO2,白城,16.0
20170124,5,NO2_24h,白城,22.0
20170124,5,O3,白城,22.0
20170124,5,O3_24h,白城,53.0
20170124,5,O3_8h,白城,23.0
20170124,5,O3_8h_24h,白城,23.0
20170124,5,CO,白城,0.5
20170124,5,CO_24h,白城,0.8
20170124,6,AQI,白城,37.0
20170124,6,PM2.5,白城,26.0
20170124,6,PM2.5_24h,白城,53.0
20170124,6,PM10,白城,33.0
20170124,6,PM10_24h,白城,71.0
20170124,6,SO2,白城,9.0
20170124,6,SO2_24h,白城,16.0
20170124,6,NO2,白城,14.0
20170124,6,NO2_24h,白城,22.0
20170124,6,O3,白城,24.0
20170124,6,O3_24h,白城,53.0
20170124,6,O3_8h,白城,23.0
20170124,6,O3_8h_24h,白城,23.0
20170124,6,CO,白城,0.5
20170124,6,CO_24h,白城,0.8
20170124,7,AQI,白城,37.0
20170124,7,PM2.5,白城,26.0
20170124,7,PM2.5_24h,白城,53.0
20170124,7,PM10,白城,36.0
20170124,7,PM10_24h,白城,71.0
20170124,7,SO2,白城,12.0
20170124,7,SO2_24h,白城,16.0
20170124,7,NO2,白城,22.0
20170124,7,NO2_24h,白城,22.0
20170124,7,O3,白城,18.0
20170124,7,O3_24h,白城,53.0
20170124,7,O3_8h,白城,22.0
20170124,7,O3_8h_24h,白城,23.0
20170124,7,CO,白城,0.55
20170124,7,CO_24h,白城,0.8
20170124,8,AQI,白城,44.0
20170124,8,PM2.5,白城,29.0
20170124,8,PM2.5_24h,白城,53.0
20170124,8,PM10,白城,44.0
20170124,8,PM10_24h,白城,72.0
20170124,8,SO2,白城,12.0
20170124,8,SO2_24h,白城,16.0
20170124,8,NO2,白城,25.0
20170124,8,NO2_24h,白城,22.0
20170124,8,O3,白城,18.0
20170124,8,O3_24h,白城,53.0
20170124,8,O3_8h,白城,22.0
20170124,8,O3_8h_24h,白城,23.0
20170124,8,CO,白城,0.7
20170124,8,CO_24h,白城,0.8
20170124,9,AQI,白城,58.0
20170124,9,PM2.5,白城,38.0
20170124,9,PM2.5_24h,白城,54.0
20170124,9,PM10,白城,66.0
20170124,9,PM10_24h,白城,72.0
20170124,9,SO2,白城,15.0
20170124,9,SO2_24h,白城,16.0
20170124,9,NO2,白城,26.0
20170124,9,NO2_24h,白城,23.0
20170124,9,O3,白城,24.0
20170124,9,O3_24h,白城,53.0
20170124,9,O3_8h,白城,23.0
20170124,9,O3_8h_24h,白城,24.0
20170124,9,CO,白城,0.9
20170124,9,CO_24h,白城,0.8
20170124,10,AQI,白城,98.0
20170124,10,PM2.5,白城,73.0
20170124,10,PM2.5_24h,白城,54.0
20170124,10,PM10,白城,113.0
20170124,10,PM10_24h,白城,72.0
20170124,10,SO2,白城,15.0
20170124,10,SO2_24h,白城,15.0
20170124,10,NO2,白城,18.0
20170124,10,NO2_24h,白城,23.0
20170124,10,O3,白城,34.0
20170124,10,O3_24h,白城,53.0
20170124,10,O3_8h,白城,25.0
20170124,10,O3_8h_24h,白城,26.0
20170124,10,CO,白城,0.85
20170124,10,CO_24h,白城,0.8
20170124,11,AQI,白城,98.0
20170124,11,PM2.5,白城,73.0
20170124,11,PM2.5_24h,白城,53.0
20170124,11,PM10,白城,103.0
20170124,11,PM10_24h,白城,72.0
20170124,11,SO2,白城,14.0
20170124,11,SO2_24h,白城,14.0
20170124,11,NO2,白城,14.0
20170124,11,NO2_24h,白城,22.0
20170124,11,O3,白城,42.0
20170124,11,O3_24h,白城,53.0
20170124,11,O3_8h,白城,27.0
20170124,11,O3_8h_24h,白城,28.0
20170124,11,CO,白城,0.7
20170124,11,CO_24h,白城,0.8
20170124,12,AQI,白城,68.0
20170124,12,PM2.5,白城,49.0
20170124,12,PM2.5_24h,白城,53.0
20170124,12,PM10,白城,67.0
20170124,12,PM10_24h,白城,73.0
20170124,12,SO2,白城,15.0
20170124,12,SO2_24h,白城,14.0
20170124,12,NO2,白城,14.0
20170124,12,NO2_24h,白城,23.0
20170124,12,O3,白城,41.0
20170124,12,O3_24h,白城,53.0
20170124,12,O3_8h,白城,28.0
20170124,12,O3_8h_24h,白城,29.0
20170124,12,CO,白城,0.65
20170124,12,CO_24h,白城,0.8
20170124,13,AQI,白城,59.0
20170124,13,PM2.5,白城,42.0
20170124,13,PM2.5_24h,白城,55.0
20170124,13,PM10,白城,67.0
20170124,13,PM10_24h,白城,74.0
20170124,13,SO2,白城,12.0
20170124,13,SO2_24h,白城,15.0
20170124,13,NO2,白城,12.0
20170124,13,NO2_24h,白城,23.0
20170124,13,O3,白城,56.0
20170124,13,O3_24h,白城,56.0
20170124,13,O3_8h,白城,32.0
20170124,13,O3_8h_24h,白城,32.0
20170124,13,CO,白城,0.55
20170124,13,CO_24h,白城,0.8
20170124,14,AQI,白城,57.0
20170124,14,PM2.5,白城,38.0
20170124,14,PM2.5_24h,白城,55.0
20170124,14,PM10,白城,64.0
20170124,14,PM10_24h,白城,76.0
20170124,14,SO2,白城,8.0
20170124,14,SO2_24h,白城,15.0
20170124,14,NO2,白城,10.0
20170124,14,NO2_24h,白城,23.0
20170124,14,O3,白城,57.0
20170124,14,O3_24h,白城,58.0
20170124,14,O3_8h,白城,36.0
20170124,14,O3_8h_24h,白城,36.0
20170124,14,CO,白城,0.45
20170124,14,CO_24h,白城,0.8
20170124,15,AQI,白城,52.0
20170124,15,PM2.5,白城,32.0
20170124,15,PM2.5_24h,白城,56.0
20170124,15,PM10,白城,53.0
20170124,15,PM10_24h,白城,77.0
20170124,15,SO2,白城,6.0
20170124,15,SO2_24h,白城,15.0
20170124,15,NO2,白城,8.0
20170124,15,NO2_24h,白城,22.0
20170124,15,O3,白城,51.0
20170124,15,O3_24h,白城,58.0
20170124,15,O3_8h,白城,40.0
20170124,15,O3_8h_24h,白城,40.0
20170124,15,CO,白城,0.3
20170124,15,CO_24h,白城,0.8
20170124,16,AQI,白城,44.0
20170124,16,PM2.5,白城,28.0
20170124,16,PM2.5_24h,白城,56.0
20170124,16,PM10,白城,44.0
20170124,16,PM10_24h,白城,77.0
20170124,16,SO2,白城,6.0
20170124,16,SO2_24h,白城,14.0
20170124,16,NO2,白城,8.0
20170124,16,NO2_24h,白城,22.0
20170124,16,O3,白城,51.0
20170124,16,O3_24h,白城,58.0
20170124,16,O3_8h,白城,44.0
20170124,16,O3_8h_24h,白城,44.0
20170124,16,CO,白城,0.25
20170124,16,CO_24h,白城,0.8
20170124,17,AQI,白城,40.0
20170124,17,PM2.5,白城,25.0
20170124,17,PM2.5_24h,白城,56.0
20170124,17,PM10,白城,40.0
20170124,17,PM10_24h,白城,78.0
20170124,17,SO2,白城,17.0
20170124,17,SO2_24h,白城,14.0
20170124,17,NO2,白城,22.0
20170124,17,NO2_24h,白城,23.0
20170124,17,O3,白城,38.0
20170124,17,O3_24h,白城,58.0
20170124,17,O3_8h,白城,46.0
20170124,17,O3_8h_24h,白城,46.0
20170124,17,CO,白城,0.55
20170124,17,CO_24h,白城,0.8
20170124,18,AQI,白城,63.0
20170124,18,PM2.5,白城,26.0
20170124,18,PM2.5_24h,白城,57.0
20170124,18,PM10,白城,76.0
20170124,18,PM10_24h,白城,79.0
20170124,18,SO2,白城,23.0
20170124,18,SO2_24h,白城,14.0
20170124,18,NO2,白城,36.0
20170124,18,NO2_24h,白城,23.0
20170124,18,O3,白城,23.0
20170124,18,O3_24h,白城,58.0
20170124,18,O3_8h,白城,45.0
20170124,18,O3_8h_24h,白城,46.0
20170124,18,CO,白城,0.85
20170124,18,CO_24h,白城,0.8
20170124,19,AQI,白城,80.0
20170124,19,PM2.5,白城,34.0
20170124,19,PM2.5_24h,白城,57.0
20170124,19,PM10,白城,110.0
20170124,19,PM10_24h,白城,80.0
20170124,19,SO2,白城,22.0
20170124,19,SO2_24h,白城,14.0
20170124,19,NO2,白城,35.0
20170124,19,NO2_24h,白城,22.0
20170124,19,O3,白城,21.0
20170124,19,O3_24h,白城,58.0
20170124,19,O3_8h,白城,42.0
20170124,19,O3_8h_24h,白城,46.0
20170124,19,CO,白城,0.75
20170124,19,CO_24h,白城,0.8
20170124,20,AQI,白城,93.0
20170124,20,PM2.5,白城,69.0
20170124,20,PM2.5_24h,白城,55.0
20170124,20,PM10,白城,97.0
20170124,20,PM10_24h,白城,79.0
20170124,20,SO2,白城,26.0
20170124,20,SO2_24h,白城,14.0
20170124,20,NO2,白城,38.0
20170124,20,NO2_24h,白城,22.0
20170124,20,O3,白城,18.0
20170124,20,O3_24h,白城,58.0
20170124,20,O3_8h,白城,40.0
20170124,20,O3_8h_24h,白城,46.0
20170124,20,CO,白城,0.8
20170124,20,CO_24h,白城,0.75
20170124,21,AQI,白城,81.0
20170124,21,PM2.5,白城,60.0
20170124,21,PM2.5_24h,白城,53.0
20170124,21,PM10,白城,86.0
20170124,21,PM10_24h,白城,76.0
20170124,21,SO2,白城,28.0
20170124,21,SO2_24h,白城,14.0
20170124,21,NO2,白城,35.0
20170124,21,NO2_24h,白城,22.0
20170124,21,O3,白城,18.0
20170124,21,O3_24h,白城,58.0
20170124,21,O3_8h,白城,34.0
20170124,21,O3_8h_24h,白城,46.0
20170124,21,CO,白城,0.9
20170124,21,CO_24h,白城,0.7
20170124,22,AQI,白城,93.0
20170124,22,PM2.5,白城,69.0
20170124,22,PM2.5_24h,白城,50.0
20170124,22,PM10,白城,99.0
20170124,22,PM10_24h,白城,73.0
20170124,22,SO2,白城,21.0
20170124,22,SO2_24h,白城,14.0
20170124,22,NO2,白城,33.0
20170124,22,NO2_24h,白城,21.0
20170124,22,O3,白城,21.0
20170124,22,O3_24h,白城,58.0
20170124,22,O3_8h,白城,30.0
20170124,22,O3_8h_24h,白城,46.0
20170124,22,CO,白城,0.9
20170124,22,CO_24h,白城,0.7
20170124,23,AQI,白城,86.0
20170124,23,PM2.5,白城,64.0
20170124,23,PM2.5_24h,白城,49.0
20170124,23,PM10,白城,91.0
20170124,23,PM10_24h,白城,71.0
20170124,23,SO2,白城,18.0
20170124,23,SO2_24h,白城,14.0
20170124,23,NO2,白城,29.0
20170124,23,NO2_24h,白城,21.0
20170124,23,O3,白城,17.0
20170124,23,O3_24h,白城,58.0
20170124,23,O3_8h,白城,26.0
20170124,23,O3_8h_24h,白城,46.0
20170124,23,CO,白城,0.95
20170124,23,CO_24h,白城,0.65
20170124,0,AQI,延边州,46.0
20170124,0,PM2.5,延边州,32.0
20170124,0,PM2.5_24h,延边州,32.0
20170124,0,PM10,延边州,34.0
20170124,0,PM10_24h,延边州,35.0
20170124,0,SO2,延边州,16.0
20170124,0,SO2_24h,延边州,19.0
20170124,0,NO2,延边州,14.0
20170124,0,NO2_24h,延边州,19.0
20170124,0,O3,延边州,86.0
20170124,0,O3_24h,延边州,87.0
20170124,0,O3_8h,延边州,80.0
20170124,0,O3_8h_24h,延边州,81.0
20170124,0,CO,延边州,0.93
20170124,0,CO_24h,延边州,0.93
20170124,1,AQI,延边州,46.0
20170124,1,PM2.5,延边州,32.0
20170124,1,PM2.5_24h,延边州,32.0
20170124,1,PM10,延边州,39.0
20170124,1,PM10_24h,延边州,35.0
20170124,1,SO2,延边州,16.0
20170124,1,SO2_24h,延边州,19.0
20170124,1,NO2,延边州,15.0
20170124,1,NO2_24h,延边州,19.0
20170124,1,O3,延边州,85.0
20170124,1,O3_24h,延边州,87.0
20170124,1,O3_8h,延边州,85.0
20170124,1,O3_8h_24h,延边州,85.0
20170124,1,CO,延边州,0.93
20170124,1,CO_24h,延边州,0.93
20170124,2,AQI,延边州,44.0
20170124,2,PM2.5,延边州,31.0
20170124,2,PM2.5_24h,延边州,31.0
20170124,2,PM10,延边州,37.0
20170124,2,PM10_24h,延边州,35.0
20170124,2,SO2,延边州,16.0
20170124,2,SO2_24h,延边州,19.0
20170124,2,NO2,延边州,15.0
20170124,2,NO2_24h,延边州,19.0
20170124,2,O3,延边州,83.0
20170124,2,O3_24h,延边州,87.0
20170124,2,O3_8h,延边州,84.0
20170124,2,O3_8h_24h,延边州,85.0
20170124,2,CO,延边州,0.9
20170124,2,CO_24h,延边州,0.93
20170124,3,AQI,延边州,43.0
20170124,3,PM2.5,延边州,30.0
20170124,3,PM2.5_24h,延边州,30.0
20170124,3,PM10,延边州,32.0
20170124,3,PM10_24h,延边州,34.0
20170124,3,SO2,延边州,18.0
20170124,3,SO2_24h,延边州,19.0
20170124,3,NO2,延边州,14.0
20170124,3,NO2_24h,延边州,19.0
20170124,3,O3,延边州,82.0
20170124,3,O3_24h,延边州,87.0
20170124,3,O3_8h,延边州,83.0
20170124,3,O3_8h_24h,延边州,85.0
20170124,3,CO,延边州,0.9
20170124,3,CO_24h,延边州,0.93
20170124,4,AQI,延边州,40.0
20170124,4,PM2.5,延边州,28.0
20170124,4,PM2.5_24h,延边州,30.0
20170124,4,PM10,延边州,34.0
20170124,4,PM10_24h,延边州,34.0
20170124,4,SO2,延边州,16.0
20170124,4,SO2_24h,延边州,18.0
20170124,4,NO2,延边州,13.0
20170124,4,NO2_24h,延边州,19.0
20170124,4,O3,延边州,81.0
20170124,4,O3_24h,延边州,87.0
20170124,4,O3_8h,延边州,83.0
20170124,4,O3_8h_24h,延边州,85.0
20170124,4,CO,延边州,0.9
20170124,4,CO_24h,延边州,0.93
20170124,5,AQI,延边州,37.0
20170124,5,PM2.5,延边州,26.0
20170124,5,PM2.5_24h,延边州,29.0
20170124,5,PM10,延边州,30.0
20170124,5,PM10_24h,延边州,33.0
20170124,5,SO2,延边州,21.0
20170124,5,SO2_24h,延边州,18.0
20170124,5,NO2,延边州,18.0
20170124,5,NO2_24h,延边州,18.0
20170124,5,O3,延边州,76.0
20170124,5,O3_24h,延边州,87.0
20170124,5,O3_8h,延边州,81.0
20170124,5,O3_8h_24h,延边州,85.0
20170124,5,CO,延边州,0.9
20170124,5,CO_24h,延边州,0.93
20170124,6,AQI,延边州,50.0
20170124,6,PM2.5,延边州,35.0
20170124,6,PM2.5_24h,延边州,29.0
20170124,6,PM10,延边州,42.0
20170124,6,PM10_24h,延边州,34.0
20170124,6,SO2,延边州,31.0
20170124,6,SO2_24h,延边州,18.0
20170124,6,NO2,延边州,24.0
20170124,6,NO2_24h,延边州,18.0
20170124,6,O3,延边州,67.0
20170124,6,O3_24h,延边州,87.0
20170124,6,O3_8h,延边州,79.0
20170124,6,O3_8h_24h,延边州,85.0
20170124,6,CO,延边州,0.97
20170124,6,CO_24h,延边州,0.93
20170124,7,AQI,延边州,81.0
20170124,7,PM2.5,延边州,60.0
20170124,7,PM2.5_24h,延边州,29.0
20170124,7,PM10,延边州,77.0
20170124,7,PM10_24h,延边州,36.0
20170124,7,SO2,延边州,43.0
20170124,7,SO2_24h,延边州,19.0
20170124,7,NO2,延边州,41.0
20170124,7,NO2_24h,延边州,19.0
20170124,7,O3,延边州,47.0
20170124,7,O3_24h,延边州,87.0
20170124,7,O3_8h,延边州,74.0
20170124,7,O3_8h_24h,延边州,85.0
20170124,7,CO,延边州,1.13
20170124,7,CO_24h,延边州,0.93
20170124,8,AQI,延边州,109.0
20170124,8,PM2.5,延边州,82.0
20170124,8,PM2.5_24h,延边州,30.0
20170124,8,PM10,延边州,112.0
20170124,8,PM10_24h,延边州,37.0
20170124,8,SO2,延边州,37.0
20170124,8,SO2_24h,延边州,19.0
20170124,8,NO2,延边州,40.0
20170124,8,NO2_24h,延边州,18.0
20170124,8,O3,延边州,48.0
20170124,8,O3_24h,延边州,87.0
20170124,8,O3_8h,延边州,71.0
20170124,8,O3_8h_24h,延边州,85.0
20170124,8,CO,延边州,1.33
20170124,8,CO_24h,延边州,0.9
20170124,9,AQI,延边州,80.0
20170124,9,PM2.5,延边州,59.0
20170124,9,PM2.5_24h,延边州,30.0
20170124,9,PM10,延边州,77.0
20170124,9,PM10_24h,延边州,37.0
20170124,9,SO2,延边州,29.0
20170124,9,SO2_24h,延边州,19.0
20170124,9,NO2,延边州,29.0
20170124,9,NO2_24h,延边州,19.0
20170124,9,O3,延边州,61.0
20170124,9,O3_24h,延边州,87.0
20170124,9,O3_8h,延边州,68.0
20170124,9,O3_8h_24h,延边州,85.0
20170124,9,CO,延边州,1.23
20170124,9,CO_24h,延边州,0.9
20170124,10,AQI,延边州,40.0
20170124,10,PM2.5,延边州,28.0
20170124,10,PM2.5_24h,延边州,30.0
20170124,10,PM10,延边州,37.0
20170124,10,PM10_24h,延边州,37.0
20170124,10,SO2,延边州,21.0
20170124,10,SO2_24h,延边州,19.0
20170124,10,NO2,延边州,17.0
20170124,10,NO2_24h,延边州,19.0
20170124,10,O3,延边州,75.0
20170124,10,O3_24h,延边州,87.0
20170124,10,O3_8h,延边州,67.0
20170124,10,O3_8h_24h,延边州,85.0
20170124,10,CO,延边州,1.03
20170124,10,CO_24h,延边州,0.9
20170124,11,AQI,延边州,29.0
20170124,11,PM2.5,延边州,16.0
20170124,11,PM2.5_24h,延边州,30.0
20170124,11,PM10,延边州,29.0
20170124,11,PM10_24h,延边州,37.0
20170124,11,SO2,延边州,20.0
20170124,11,SO2_24h,延边州,19.0
20170124,11,NO2,延边州,14.0
20170124,11,NO2_24h,延边州,19.0
20170124,11,O3,延边州,79.0
20170124,11,O3_24h,延边州,87.0
20170124,11,O3_8h,延边州,67.0
20170124,11,O3_8h_24h,延边州,85.0
20170124,11,CO,延边州,0.9
20170124,11,CO_24h,延边州,0.97
20170124,12,AQI,延边州,30.0
20170124,12,PM2.5,延边州,16.0
20170124,12,PM2.5_24h,延边州,30.0
20170124,12,PM10,延边州,30.0
20170124,12,PM10_24h,延边州,37.0
20170124,12,SO2,延边州,23.0
20170124,12,SO2_24h,延边州,20.0
20170124,12,NO2,延边州,14.0
20170124,12,NO2_24h,延边州,19.0
20170124,12,O3,延边州,82.0
20170124,12,O3_24h,延边州,87.0
20170124,12,O3_8h,延边州,67.0
20170124,12,O3_8h_24h,延边州,85.0
20170124,12,CO,延边州,0.87
20170124,12,CO_24h,延边州,0.97
20170124,13,AQI,延边州,29.0
20170124,13,PM2.5,延边州,16.0
20170124,13,PM2.5_24h,延边州,31.0
20170124,13,PM10,延边州,29.0
20170124,13,PM10_24h,延边州,37.0
20170124,13,SO2,延边州,25.0
20170124,13,SO2_24h,延边州,20.0
20170124,13,NO2,延边州,15.0
20170124,13,NO2_24h,延边州,19.0
20170124,13,O3,延边州,85.0
20170124,13,O3_24h,延边州,87.0
20170124,13,O3_8h,延边州,68.0
20170124,13,O3_8h_24h,延边州,85.0
20170124,13,CO,延边州,0.87
20170124,13,CO_24h,延边州,0.97
20170124,14,AQI,延边州,29.0
20170124,14,PM2.5,延边州,20.0
20170124,14,PM2.5_24h,延边州,30.0
20170124,14,PM10,延边州,26.0
20170124,14,PM10_24h,延边州,37.0
20170124,14,SO2,延边州,15.0
20170124,14,SO2_24h,延边州,20.0
20170124,14,NO2,延边州,14.0
20170124,14,NO2_24h,延边州,19.0
20170124,14,O3,延边州,88.0
20170124,14,O3_24h,延边州,88.0
20170124,14,O3_8h,延边州,71.0
20170124,14,O3_8h_24h,延边州,85.0
20170124,14,CO,延边州,0.83
20170124,14,CO_24h,延边州,0.97
20170124,15,AQI,延边州,36.0
20170124,15,PM2.5,延边州,25.0
20170124,15,PM2.5_24h,延边州,31.0
20170124,15,PM10,延边州,31.0
20170124,15,PM10_24h,延边州,38.0
20170124,15,SO2,延边州,17.0
20170124,15,SO2_24h,延边州,20.0
20170124,15,NO2,延边州,18.0
20170124,15,NO2_24h,延边州,19.0
20170124,15,O3,延边州,86.0
20170124,15,O3_24h,延边州,88.0
20170124,15,O3_8h,延边州,76.0
20170124,15,O3_8h_24h,延边州,85.0
20170124,15,CO,延边州,0.83
20170124,15,CO_24h,延边州,0.97
20170124,16,AQI,延边州,39.0
20170124,16,PM2.5,延边州,27.0
20170124,16,PM2.5_24h,延边州,31.0
20170124,16,PM10,延边州,30.0
20170124,16,PM10_24h,延边州,38.0
20170124,16,SO2,延边州,46.0
20170124,16,SO2_24h,延边州,22.0
20170124,16,NO2,延边州,20.0
20170124,16,NO2_24h,延边州,19.0
20170124,16,O3,延边州,85.0
20170124,16,O3_24h,延边州,88.0
20170124,16,O3_8h,延边州,80.0
20170124,16,O3_8h_24h,延边州,85.0
20170124,16,CO,延边州,0.7
20170124,16,CO_24h,延边州,0.97
20170124,17,AQI,延边州,46.0
20170124,17,PM2.5,延边州,32.0
20170124,17,PM2.5_24h,延边州,32.0
20170124,17,PM10,延边州,30.0
20170124,17,PM10_24h,延边州,38.0
20170124,17,SO2,延边州,17.0
20170124,17,SO2_24h,延边州,21.0
20170124,17,NO2,延边州,25.0
20170124,17,NO2_24h,延边州,19.0
20170124,17,O3,延边州,77.0
20170124,17,O3_24h,延边州,88.0
20170124,17,O3_8h,延边州,82.0
20170124,17,O3_8h_24h,延边州,85.0
20170124,17,CO,延边州,0.73
20170124,17,CO_24h,延边州,0.97
20170124,18,AQI,延边州,66.0
20170124,18,PM2.5,延边州,48.0
20170124,18,PM2.5_24h,延边州,33.0
20170124,18,PM10,延边州,40.0
20170124,18,PM10_24h,延边州,38.0
20170124,18,SO2,延边州,35.0
20170124,18,SO2_24h,延边州,22.0
20170124,18,NO2,延边州,29.0
20170124,18,NO2_24h,延边州,20.0
20170124,18,O3,延边州,72.0
20170124,18,O3_24h,延边州,88.0
20170124,18,O3_8h,延边州,82.0
20170124,18,O3_8h_24h,延边州,85.0
20170124,18,CO,延边州,0.9
20170124,18,CO_24h,延边州,0.97
20170124,19,AQI,延边州,73.0
20170124,19,PM2.5,延边州,53.0
20170124,19,PM2.5_24h,延边州,34.0
20170124,19,PM10,延边州,49.0
20170124,19,PM10_24h,延边州,38.0
20170124,19,SO2,延边州,25.0
20170124,19,SO2_24h,延边州,23.0
20170124,19,NO2,延边州,32.0
20170124,19,NO2_24h,延边州,20.0
20170124,19,O3,延边州,66.0
20170124,19,O3_24h,延边州,88.0
20170124,19,O3_8h,延边州,80.0
20170124,19,O3_8h_24h,延边州,85.0
20170124,19,CO,延边州,0.83
20170124,19,CO_24h,延边州,0.93
20170124,20,AQI,延边州,71.0
20170124,20,PM2.5,延边州,52.0
20170124,20,PM2.5_24h,延边州,35.0
20170124,20,PM10,延边州,57.0
20170124,20,PM10_24h,延边州,40.0
20170124,20,SO2,延边州,27.0
20170124,20,SO2_24h,延边州,23.0
20170124,20,NO2,延边州,30.0
20170124,20,NO2_24h,延边州,20.0
20170124,20,O3,延边州,65.0
20170124,20,O3_24h,延边州,88.0
20170124,20,O3_8h,延边州,78.0
20170124,20,O3_8h_24h,延边州,85.0
20170124,20,CO,延边州,0.93
20170124,20,CO_24h,延边州,0.93
20170124,21,AQI,延边州,59.0
20170124,21,PM2.5,延边州,42.0
20170124,21,PM2.5_24h,延边州,36.0
20170124,21,PM10,延边州,47.0
20170124,21,PM10_24h,延边州,41.0
20170124,21,SO2,延边州,29.0
20170124,21,SO2_24h,延边州,24.0
20170124,21,NO2,延边州,34.0
20170124,21,NO2_24h,延边州,21.0
20170124,21,O3,延边州,61.0
20170124,21,O3_24h,延边州,88.0
20170124,21,O3_8h,延边州,75.0
20170124,21,O3_8h_24h,延边州,85.0
20170124,21,CO,延边州,0.83
20170124,21,CO_24h,延边州,0.9
20170124,22,AQI,延边州,39.0
20170124,22,PM2.5,延边州,27.0
20170124,22,PM2.5_24h,延边州,36.0
20170124,22,PM10,延边州,36.0
20170124,22,PM10_24h,延边州,41.0
20170124,22,SO2,延边州,27.0
20170124,22,SO2_24h,延边州,24.0
20170124,22,NO2,延边州,23.0
20170124,22,NO2_24h,延边州,22.0
20170124,22,O3,延边州,71.0
20170124,22,O3_24h,延边州,88.0
20170124,22,O3_8h,延边州,73.0
20170124,22,O3_8h_24h,延边州,85.0
20170124,22,CO,延边州,0.73
20170124,22,CO_24h,延边州,0.9
20170124,23,AQI,延边州,40.0
20170124,23,PM2.5,延边州,28.0
20170124,23,PM2.5_24h,延边州,36.0
20170124,23,PM10,延边州,29.0
20170124,23,PM10_24h,延边州,41.0
20170124,23,SO2,延边州,23.0
20170124,23,SO2_24h,延边州,25.0
20170124,23,NO2,延边州,27.0
20170124,23,NO2_24h,延边州,22.0
20170124,23,O3,延边州,67.0
20170124,23,O3_24h,延边州,88.0
20170124,23,O3_8h,延边州,71.0
20170124,23,O3_8h_24h,延边州,85.0
20170124,23,CO,延边州,0.73
20170124,23,CO_24h,延边州,0.9
20170124,0,AQI,鸡西,41.0
20170124,0,PM2.5,鸡西,29.0
20170124,0,PM2.5_24h,鸡西,24.0
20170124,0,PM10,鸡西,41.0
20170124,0,PM10_24h,鸡西,49.0
20170124,0,SO2,鸡西,6.0
20170124,0,SO2_24h,鸡西,7.0
20170124,0,NO2,鸡西,9.0
20170124,0,NO2_24h,鸡西,13.0
20170124,0,O3,鸡西,62.0
20170124,0,O3_24h,鸡西,66.0
20170124,0,O3_8h,鸡西,58.0
20170124,0,O3_8h_24h,鸡西,62.0
20170124,0,CO,鸡西,0.67
20170124,0,CO_24h,鸡西,0.57
20170124,1,AQI,鸡西,46.0
20170124,1,PM2.5,鸡西,32.0
20170124,1,PM2.5_24h,鸡西,24.0
20170124,1,PM10,鸡西,46.0
20170124,1,PM10_24h,鸡西,49.0
20170124,1,SO2,鸡西,5.0
20170124,1,SO2_24h,鸡西,7.0
20170124,1,NO2,鸡西,8.0
20170124,1,NO2_24h,鸡西,13.0
20170124,1,O3,鸡西,63.0
20170124,1,O3_24h,鸡西,65.0
20170124,1,O3_8h,鸡西,63.0
20170124,1,O3_8h_24h,鸡西,63.0
20170124,1,CO,鸡西,0.6
20170124,1,CO_24h,鸡西,0.57
20170124,2,AQI,鸡西,57.0
20170124,2,PM2.5,鸡西,33.0
20170124,2,PM2.5_24h,鸡西,23.0
20170124,2,PM10,鸡西,64.0
20170124,2,PM10_24h,鸡西,53.0
20170124,2,SO2,鸡西,9.0
20170124,2,SO2_24h,鸡西,10.0
20170124,2,NO2,鸡西,6.0
20170124,2,NO2_24h,鸡西,10.0
20170124,2,O3,鸡西,62.0
20170124,2,O3_24h,鸡西,64.0
20170124,2,O3_8h,鸡西,62.0
20170124,2,O3_8h_24h,鸡西,62.0
20170124,2,CO,鸡西,0.75
20170124,2,CO_24h,鸡西,0.65
20170124,3,AQI,鸡西,52.0
20170124,3,PM2.5,鸡西,33.0
20170124,3,PM2.5_24h,鸡西,24.0
20170124,3,PM10,鸡西,54.0
20170124,3,PM10_24h,鸡西,50.0
20170124,3,SO2,鸡西,5.0
20170124,3,SO2_24h,鸡西,7.0
20170124,3,NO2,鸡西,6.0
20170124,3,NO2_24h,鸡西,13.0
20170124,3,O3,鸡西,64.0
20170124,3,O3_24h,鸡西,66.0
20170124,3,O3_8h,鸡西,63.0
20170124,3,O3_8h_24h,鸡西,63.0
20170124,3,CO,鸡西,0.63
20170124,3,CO_24h,鸡西,0.57
20170124,4,AQI,鸡西,47.0
20170124,4,PM2.5,鸡西,33.0
20170124,4,PM2.5_24h,鸡西,25.0
20170124,4,PM10,鸡西,47.0
20170124,4,PM10_24h,鸡西,50.0
20170124,4,SO2,鸡西,6.0
20170124,4,SO2_24h,鸡西,7.0
20170124,4,NO2,鸡西,7.0
20170124,4,NO2_24h,鸡西,13.0
20170124,4,O3,鸡西,64.0
20170124,4,O3_24h,鸡西,66.0
20170124,4,O3_8h,鸡西,63.0
20170124,4,O3_8h_24h,鸡西,63.0
20170124,4,CO,鸡西,0.67
20170124,4,CO_24h,鸡西,0.57
20170124,5,AQI,鸡西,51.0
20170124,5,PM2.5,鸡西,33.0
20170124,5,PM2.5_24h,鸡西,25.0
20170124,5,PM10,鸡西,51.0
20170124,5,PM10_24h,鸡西,50.0
20170124,5,SO2,鸡西,4.0
20170124,5,SO2_24h,鸡西,7.0
20170124,5,NO2,鸡西,7.0
20170124,5,NO2_24h,鸡西,13.0
20170124,5,O3,鸡西,64.0
20170124,5,O3_24h,鸡西,66.0
20170124,5,O3_8h,鸡西,64.0
20170124,5,O3_8h_24h,鸡西,64.0
20170124,5,CO,鸡西,0.53
20170124,5,CO_24h,鸡西,0.57
20170124,6,AQI,鸡西,48.0
20170124,6,PM2.5,鸡西,33.0
20170124,6,PM2.5_24h,鸡西,26.0
20170124,6,PM10,鸡西,48.0
20170124,6,PM10_24h,鸡西,50.0
20170124,6,SO2,鸡西,5.0
20170124,6,SO2_24h,鸡西,7.0
20170124,6,NO2,鸡西,10.0
20170124,6,NO2_24h,鸡西,13.0
20170124,6,O3,鸡西,62.0
20170124,6,O3_24h,鸡西,66.0
20170124,6,O3_8h,鸡西,63.0
20170124,6,O3_8h_24h,鸡西,64.0
20170124,6,CO,鸡西,0.53
20170124,6,CO_24h,鸡西,0.57
20170124,7,AQI,鸡西,46.0
20170124,7,PM2.5,鸡西,25.0
20170124,7,PM2.5_24h,鸡西,26.0
20170124,7,PM10,鸡西,46.0
20170124,7,PM10_24h,鸡西,51.0
20170124,7,SO2,鸡西,4.0
20170124,7,SO2_24h,鸡西,7.0
20170124,7,NO2,鸡西,13.0
20170124,7,NO2_24h,鸡西,12.0
20170124,7,O3,鸡西,58.0
20170124,7,O3_24h,鸡西,66.0
20170124,7,O3_8h,鸡西,62.0
20170124,7,O3_8h_24h,鸡西,64.0
20170124,7,CO,鸡西,0.5
20170124,7,CO_24h,鸡西,0.6
20170124,8,AQI,鸡西,47.0
20170124,8,PM2.5,鸡西,31.0
20170124,8,PM2.5_24h,鸡西,26.0
20170124,8,PM10,鸡西,47.0
20170124,8,PM10_24h,鸡西,50.0
20170124,8,SO2,鸡西,5.0
20170124,8,SO2_24h,鸡西,7.0
20170124,8,NO2,鸡西,15.0
20170124,8,NO2_24h,鸡西,12.0
20170124,8,O3,鸡西,57.0
20170124,8,O3_24h,鸡西,66.0
20170124,8,O3_8h,鸡西,62.0
20170124,8,O3_8h_24h,鸡西,64.0
20170124,8,CO,鸡西,0.53
20170124,8,CO_24h,鸡西,0.6
20170124,9,AQI,鸡西,55.0
20170124,9,PM2.5,鸡西,34.0
20170124,9,PM2.5_24h,鸡西,26.0
20170124,9,PM10,鸡西,60.0
20170124,9,PM10_24h,鸡西,51.0
20170124,9,SO2,鸡西,6.0
20170124,9,SO2_24h,鸡西,7.0
20170124,9,NO2,鸡西,13.0
20170124,9,NO2_24h,鸡西,12.0
20170124,9,O3,鸡西,58.0
20170124,9,O3_24h,鸡西,66.0
20170124,9,O3_8h,鸡西,61.0
20170124,9,O3_8h_24h,鸡西,64.0
20170124,9,CO,鸡西,0.63
20170124,9,CO_24h,鸡西,0.6
20170124,10,AQI,鸡西,54.0
20170124,10,PM2.5,鸡西,25.0
20170124,10,PM2.5_24h,鸡西,26.0
20170124,10,PM10,鸡西,57.0
20170124,10,PM10_24h,鸡西,51.0
20170124,10,SO2,鸡西,6.0
20170124,10,SO2_24h,鸡西,7.0
20170124,10,NO2,鸡西,11.0
20170124,10,NO2_24h,鸡西,12.0
20170124,10,O3,鸡西,58.0
20170124,10,O3_24h,鸡西,66.0
20170124,10,O3_8h,鸡西,61.0
20170124,10,O3_8h_24h,鸡西,64.0
20170124,10,CO,鸡西,0.67
20170124,10,CO_24h,鸡西,0.6
20170124,11,AQI,鸡西,46.0
20170124,11,PM2.5,鸡西,17.0
20170124,11,PM2.5_24h,鸡西,27.0
20170124,11,PM10,鸡西,46.0
20170124,11,PM10_24h,鸡西,51.0
20170124,11,SO2,鸡西,6.0
20170124,11,SO2_24h,鸡西,7.0
20170124,11,NO2,鸡西,11.0
20170124,11,NO2_24h,鸡西,12.0
20170124,11,O3,鸡西,57.0
20170124,11,O3_24h,鸡西,66.0
20170124,11,O3_8h,鸡西,60.0
20170124,11,O3_8h_24h,鸡西,64.0
20170124,11,CO,鸡西,0.67
20170124,11,CO_24h,鸡西,0.6
20170124,12,AQI,鸡西,61.0
20170124,12,PM2.5,鸡西,21.0
20170124,12,PM2.5_24h,鸡西,27.0
20170124,12,PM10,鸡西,71.0
20170124,12,PM10_24h,鸡西,51.0
20170124,12,SO2,鸡西,4.0
20170124,12,SO2_24h,鸡西,7.0
20170124,12,NO2,鸡西,8.0
20170124,12,NO2_24h,鸡西,12.0
20170124,12,O3,鸡西,64.0
20170124,12,O3_24h,鸡西,66.0
20170124,12,O3_8h,鸡西,60.0
20170124,12,O3_8h_24h,鸡西,64.0
20170124,12,CO,鸡西,0.4
20170124,12,CO_24h,鸡西,0.6
20170124,13,AQI,鸡西,53.0
20170124,13,PM2.5,鸡西,17.0
20170124,13,PM2.5_24h,鸡西,27.0
20170124,13,PM10,鸡西,55.0
20170124,13,PM10_24h,鸡西,51.0
20170124,13,SO2,鸡西,5.0
20170124,13,SO2_24h,鸡西,7.0
20170124,13,NO2,鸡西,9.0
20170124,13,NO2_24h,鸡西,12.0
20170124,13,O3,鸡西,64.0
20170124,13,O3_24h,鸡西,67.0
20170124,13,O3_8h,鸡西,60.0
20170124,13,O3_8h_24h,鸡西,64.0
20170124,13,CO,鸡西,0.37
20170124,13,CO_24h,鸡西,0.6
20170124,14,AQI,鸡西,50.0
20170124,14,PM2.5,鸡西,14.0
20170124,14,PM2.5_24h,鸡西,26.0
20170124,14,PM10,鸡西,50.0
20170124,14,PM10_24h,鸡西,51.0
20170124,14,SO2,鸡西,5.0
20170124,14,SO2_24h,鸡西,7.0
20170124,14,NO2,鸡西,8.0
20170124,14,NO2_24h,鸡西,12.0
20170124,14,O3,鸡西,60.0
20170124,14,O3_24h,鸡西,68.0
20170124,14,O3_8h,鸡西,60.0
20170124,14,O3_8h_24h,鸡西,64.0
20170124,14,CO,鸡西,0.33
20170124,14,CO_24h,鸡西,0.6
20170124,15,AQI,鸡西,48.0
20170124,15,PM2.5,鸡西,15.0
20170124,15,PM2.5_24h,鸡西,26.0
20170124,15,PM10,鸡西,48.0
20170124,15,PM10_24h,鸡西,51.0
20170124,15,SO2,鸡西,5.0
20170124,15,SO2_24h,鸡西,7.0
20170124,15,NO2,鸡西,9.0
20170124,15,NO2_24h,鸡西,12.0
20170124,15,O3,鸡西,68.0
20170124,15,O3_24h,鸡西,68.0
20170124,15,O3_8h,鸡西,61.0
20170124,15,O3_8h_24h,鸡西,64.0
20170124,15,CO,鸡西,0.27
20170124,15,CO_24h,鸡西,0.57
20170124,16,AQI,鸡西,50.0
20170124,16,PM2.5,鸡西,15.0
20170124,16,PM2.5_24h,鸡西,26.0
20170124,16,PM10,鸡西,50.0
20170124,16,PM10_24h,鸡西,51.0
20170124,16,SO2,鸡西,8.0
20170124,16,SO2_24h,鸡西,6.0
20170124,16,NO2,鸡西,15.0
20170124,16,NO2_24h,鸡西,12.0
20170124,16,O3,鸡西,63.0
20170124,16,O3_24h,鸡西,68.0
20170124,16,O3_8h,鸡西,61.0
20170124,16,O3_8h_24h,鸡西,65.0
20170124,16,CO,鸡西,0.37
20170124,16,CO_24h,鸡西,0.57
20170124,17,AQI,鸡西,61.0
20170124,17,PM2.5,鸡西,22.0
20170124,17,PM2.5_24h,鸡西,26.0
20170124,17,PM10,鸡西,71.0
20170124,17,PM10_24h,鸡西,51.0
20170124,17,SO2,鸡西,13.0
20170124,17,SO2_24h,鸡西,7.0
20170124,17,NO2,鸡西,28.0
20170124,17,NO2_24h,鸡西,12.0
20170124,17,O3,鸡西,49.0
20170124,17,O3_24h,鸡西,68.0
20170124,17,O3_8h,鸡西,61.0
20170124,17,O3_8h_24h,鸡西,65.0
20170124,17,CO,鸡西,0.43
20170124,17,CO_24h,鸡西,0.57
20170124,18,AQI,鸡西,68.0
20170124,18,PM2.5,鸡西,30.0
20170124,18,PM2.5_24h,鸡西,27.0
20170124,18,PM10,鸡西,85.0
20170124,18,PM10_24h,鸡西,53.0
20170124,18,SO2,鸡西,23.0
20170124,18,SO2_24h,鸡西,7.0
20170124,18,NO2,鸡西,38.0
20170124,18,NO2_24h,鸡西,13.0
20170124,18,O3,鸡西,42.0
20170124,18,O3_24h,鸡西,68.0
20170124,18,O3_8h,鸡西,58.0
20170124,18,O3_8h_24h,鸡西,65.0
20170124,18,CO,鸡西,0.7
20170124,18,CO_24h,鸡西,0.57
20170124,19,AQI,鸡西,83.0
20170124,19,PM2.5,鸡西,59.0
20170124,19,PM2.5_24h,鸡西,28.0
20170124,19,PM10,鸡西,115.0
20170124,19,PM10_24h,鸡西,55.0
20170124,19,SO2,鸡西,13.0
20170124,19,SO2_24h,鸡西,7.0
20170124,19,NO2,鸡西,22.0
20170124,19,NO2_24h,鸡西,13.0
20170124,19,O3,鸡西,53.0
20170124,19,O3_24h,鸡西,68.0
20170124,19,O3_8h,鸡西,58.0
20170124,19,O3_8h_24h,鸡西,65.0
20170124,19,CO,鸡西,0.53
20170124,19,CO_24h,鸡西,0.57
20170124,20,AQI,鸡西,72.0
20170124,20,PM2.5,鸡西,37.0
20170124,20,PM2.5_24h,鸡西,28.0
20170124,20,PM10,鸡西,94.0
20170124,20,PM10_24h,鸡西,57.0
20170124,20,SO2,鸡西,9.0
20170124,20,SO2_24h,鸡西,7.0
20170124,20,NO2,鸡西,14.0
20170124,20,NO2_24h,鸡西,13.0
20170124,20,O3,鸡西,60.0
20170124,20,O3_24h,鸡西,68.0
20170124,20,O3_8h,鸡西,58.0
20170124,20,O3_8h_24h,鸡西,65.0
20170124,20,CO,鸡西,0.5
20170124,20,CO_24h,鸡西,0.53
20170124,21,AQI,鸡西,62.0
20170124,21,PM2.5,鸡西,28.0
20170124,21,PM2.5_24h,鸡西,28.0
20170124,21,PM10,鸡西,73.0
20170124,21,PM10_24h,鸡西,57.0
20170124,21,SO2,鸡西,8.0
20170124,21,SO2_24h,鸡西,7.0
20170124,21,NO2,鸡西,12.0
20170124,21,NO2_24h,鸡西,13.0
20170124,21,O3,鸡西,63.0
20170124,21,O3_24h,鸡西,68.0
20170124,21,O3_8h,鸡西,57.0
20170124,21,O3_8h_24h,鸡西,65.0
20170124,21,CO,鸡西,0.5
20170124,21,CO_24h,鸡西,0.53
20170124,22,AQI,鸡西,39.0
20170124,22,PM2.5,鸡西,24.0
20170124,22,PM2.5_24h,鸡西,28.0
20170124,22,PM10,鸡西,39.0
20170124,22,PM10_24h,鸡西,57.0
20170124,22,SO2,鸡西,8.0
20170124,22,SO2_24h,鸡西,7.0
20170124,22,NO2,鸡西,14.0
20170124,22,NO2_24h,鸡西,12.0
20170124,22,O3,鸡西,62.0
20170124,22,O3_24h,鸡西,68.0
20170124,22,O3_8h,鸡西,58.0
20170124,22,O3_8h_24h,鸡西,65.0
20170124,22,CO,鸡西,0.43
20170124,22,CO_24h,鸡西,0.53
20170124,23,AQI,鸡西,41.0
20170124,23,PM2.5,鸡西,22.0
20170124,23,PM2.5_24h,鸡西,27.0
20170124,23,PM10,鸡西,41.0
20170124,23,PM10_24h,鸡西,57.0
20170124,23,SO2,鸡西,8.0
20170124,23,SO2_24h,鸡西,7.0
20170124,23,NO2,鸡西,12.0
20170124,23,NO2_24h,鸡西,13.0
20170124,23,O3,鸡西,62.0
20170124,23,O3_24h,鸡西,68.0
20170124,23,O3_8h,鸡西,57.0
20170124,23,O3_8h_24h,鸡西,65.0
20170124,23,CO,鸡西,0.43
20170124,23,CO_24h,鸡西,0.5
20170124,0,AQI,鹤岗,65.0
20170124,0,PM2.5,鹤岗,42.0
20170124,0,PM2.5_24h,鹤岗,37.0
20170124,0,PM10,鹤岗,80.0
20170124,0,PM10_24h,鹤岗,64.0
20170124,0,SO2,鹤岗,13.0
20170124,0,SO2_24h,鹤岗,15.0
20170124,0,NO2,鹤岗,16.0
20170124,0,NO2_24h,鹤岗,14.0
20170124,0,O3,鹤岗,51.0
20170124,0,O3_24h,鹤岗,62.0
20170124,0,O3_8h,鹤岗,48.0
20170124,0,O3_8h_24h,鹤岗,57.0
20170124,0,CO,鹤岗,0.95
20170124,0,CO_24h,鹤岗,0.8
20170124,1,AQI,鹤岗,83.0
20170124,1,PM2.5,鹤岗,38.0
20170124,1,PM2.5_24h,鹤岗,37.0
20170124,1,PM10,鹤岗,116.0
20170124,1,PM10_24h,鹤岗,64.0
20170124,1,SO2,鹤岗,11.0
20170124,1,SO2_24h,鹤岗,15.0
20170124,1,NO2,鹤岗,11.0
20170124,1,NO2_24h,鹤岗,15.0
20170124,1,O3,鹤岗,55.0
20170124,1,O3_24h,鹤岗,62.0
20170124,1,O3_8h,鹤岗,55.0
20170124,1,O3_8h_24h,鹤岗,55.0
20170124,1,CO,鹤岗,0.7
20170124,1,CO_24h,鹤岗,0.77
20170124,2,AQI,鹤岗,57.0
20170124,2,PM2.5,鹤岗,31.0
20170124,2,PM2.5_24h,鹤岗,36.0
20170124,2,PM10,鹤岗,63.0
20170124,2,PM10_24h,鹤岗,63.0
20170124,2,SO2,鹤岗,11.0
20170124,2,SO2_24h,鹤岗,14.0
20170124,2,NO2,鹤岗,9.0
20170124,2,NO2_24h,鹤岗,15.0
20170124,2,O3,鹤岗,57.0
20170124,2,O3_24h,鹤岗,62.0
20170124,2,O3_8h,鹤岗,56.0
20170124,2,O3_8h_24h,鹤岗,56.0
20170124,2,CO,鹤岗,0.6
20170124,2,CO_24h,鹤岗,0.7
20170124,3,AQI,鹤岗,42.0
20170124,3,PM2.5,鹤岗,27.0
20170124,3,PM2.5_24h,鹤岗,35.0
20170124,3,PM10,鹤岗,42.0
20170124,3,PM10_24h,鹤岗,59.0
20170124,3,SO2,鹤岗,9.0
20170124,3,SO2_24h,鹤岗,14.0
20170124,3,NO2,鹤岗,8.0
20170124,3,NO2_24h,鹤岗,14.0
20170124,3,O3,鹤岗,58.0
20170124,3,O3_24h,鹤岗,62.0
20170124,3,O3_8h,鹤岗,57.0
20170124,3,O3_8h_24h,鹤岗,57.0
20170124,3,CO,鹤岗,0.53
20170124,3,CO_24h,鹤岗,0.67
20170124,4,AQI,鹤岗,44.0
20170124,4,PM2.5,鹤岗,26.0
20170124,4,PM2.5_24h,鹤岗,35.0
20170124,4,PM10,鹤岗,44.0
20170124,4,PM10_24h,鹤岗,58.0
20170124,4,SO2,鹤岗,10.0
20170124,4,SO2_24h,鹤岗,14.0
20170124,4,NO2,鹤岗,8.0
20170124,4,NO2_24h,鹤岗,14.0
20170124,4,O3,鹤岗,59.0
20170124,4,O3_24h,鹤岗,62.0
20170124,4,O3_8h,鹤岗,57.0
20170124,4,O3_8h_24h,鹤岗,57.0
20170124,4,CO,鹤岗,0.43
20170124,4,CO_24h,鹤岗,0.63
20170124,5,AQI,鹤岗,79.0
20170124,5,PM2.5,鹤岗,31.0
20170124,5,PM2.5_24h,鹤岗,34.0
20170124,5,PM10,鹤岗,108.0
20170124,5,PM10_24h,鹤岗,60.0
20170124,5,SO2,鹤岗,16.0
20170124,5,SO2_24h,鹤岗,14.0
20170124,5,NO2,鹤岗,13.0
20170124,5,NO2_24h,鹤岗,14.0
20170124,5,O3,鹤岗,54.0
20170124,5,O3_24h,鹤岗,62.0
20170124,5,O3_8h,鹤岗,57.0
20170124,5,O3_8h_24h,鹤岗,57.0
20170124,5,CO,鹤岗,0.63
20170124,5,CO_24h,鹤岗,0.63
20170124,6,AQI,鹤岗,83.0
20170124,6,PM2.5,鹤岗,35.0
20170124,6,PM2.5_24h,鹤岗,34.0
20170124,6,PM10,鹤岗,116.0
20170124,6,PM10_24h,鹤岗,62.0
20170124,6,SO2,鹤岗,20.0
20170124,6,SO2_24h,鹤岗,14.0
20170124,6,NO2,鹤岗,19.0
20170124,6,NO2_24h,鹤岗,15.0
20170124,6,O3,鹤岗,51.0
20170124,6,O3_24h,鹤岗,62.0
20170124,6,O3_8h,鹤岗,56.0
20170124,6,O3_8h_24h,鹤岗,57.0
20170124,6,CO,鹤岗,0.83
20170124,6,CO_24h,鹤岗,0.63
20170124,7,AQI,鹤岗,65.0
20170124,7,PM2.5,鹤岗,39.0
20170124,7,PM2.5_24h,鹤岗,34.0
20170124,7,PM10,鹤岗,79.0
20170124,7,PM10_24h,鹤岗,61.0
20170124,7,SO2,鹤岗,17.0
20170124,7,SO2_24h,鹤岗,14.0
20170124,7,NO2,鹤岗,18.0
20170124,7,NO2_24h,鹤岗,15.0
20170124,7,O3,鹤岗,52.0
20170124,7,O3_24h,鹤岗,62.0
20170124,7,O3_8h,鹤岗,55.0
20170124,7,O3_8h_24h,鹤岗,57.0
20170124,7,CO,鹤岗,0.63
20170124,7,CO_24h,鹤岗,0.63
20170124,8,AQI,鹤岗,68.0
20170124,8,PM2.5,鹤岗,49.0
20170124,8,PM2.5_24h,鹤岗,33.0
20170124,8,PM10,鹤岗,80.0
20170124,8,PM10_24h,鹤岗,59.0
20170124,8,SO2,鹤岗,18.0
20170124,8,SO2_24h,鹤岗,14.0
20170124,8,NO2,鹤岗,27.0
20170124,8,NO2_24h,鹤岗,15.0
20170124,8,O3,鹤岗,46.0
20170124,8,O3_24h,鹤岗,62.0
20170124,8,O3_8h,鹤岗,54.0
20170124,8,O3_8h_24h,鹤岗,57.0
20170124,8,CO,鹤岗,0.93
20170124,8,CO_24h,鹤岗,0.63
20170124,9,AQI,鹤岗,66.0
20170124,9,PM2.5,鹤岗,47.0
20170124,9,PM2.5_24h,鹤岗,32.0
20170124,9,PM10,鹤岗,82.0
20170124,9,PM10_24h,鹤岗,57.0
20170124,9,SO2,鹤岗,18.0
20170124,9,SO2_24h,鹤岗,14.0
20170124,9,NO2,鹤岗,23.0
20170124,9,NO2_24h,鹤岗,15.0
20170124,9,O3,鹤岗,51.0
20170124,9,O3_24h,鹤岗,62.0
20170124,9,O3_8h,鹤岗,54.0
20170124,9,O3_8h_24h,鹤岗,57.0
20170124,9,CO,鹤岗,0.67
20170124,9,CO_24h,鹤岗,0.63
20170124,10,AQI,鹤岗,52.0
20170124,10,PM2.5,鹤岗,33.0
20170124,10,PM2.5_24h,鹤岗,32.0
20170124,10,PM10,鹤岗,54.0
20170124,10,PM10_24h,鹤岗,57.0
20170124,10,SO2,鹤岗,12.0
20170124,10,SO2_24h,鹤岗,14.0
20170124,10,NO2,鹤岗,13.0
20170124,10,NO2_24h,鹤岗,15.0
20170124,10,O3,鹤岗,59.0
20170124,10,O3_24h,鹤岗,63.0
20170124,10,O3_8h,鹤岗,54.0
20170124,10,O3_8h_24h,鹤岗,57.0
20170124,10,CO,鹤岗,0.5
20170124,10,CO_24h,鹤岗,0.63
20170124,11,AQI,鹤岗,61.0
20170124,11,PM2.5,鹤岗,21.0
20170124,11,PM2.5_24h,鹤岗,32.0
20170124,11,PM10,鹤岗,72.0
20170124,11,PM10_24h,鹤岗,59.0
20170124,11,SO2,鹤岗,10.0
20170124,11,SO2_24h,鹤岗,13.0
20170124,11,NO2,鹤岗,10.0
20170124,11,NO2_24h,鹤岗,15.0
20170124,11,O3,鹤岗,62.0
20170124,11,O3_24h,鹤岗,63.0
20170124,11,O3_8h,鹤岗,54.0
20170124,11,O3_8h_24h,鹤岗,57.0
20170124,11,CO,鹤岗,0.4
20170124,11,CO_24h,鹤岗,0.63
20170124,12,AQI,鹤岗,51.0
20170124,12,PM2.5,鹤岗,16.0
20170124,12,PM2.5_24h,鹤岗,32.0
20170124,12,PM10,鹤岗,51.0
20170124,12,PM10_24h,鹤岗,60.0
20170124,12,SO2,鹤岗,9.0
20170124,12,SO2_24h,鹤岗,13.0
20170124,12,NO2,鹤岗,8.0
20170124,12,NO2_24h,鹤岗,15.0
20170124,12,O3,鹤岗,65.0
20170124,12,O3_24h,鹤岗,65.0
20170124,12,O3_8h,鹤岗,55.0
20170124,12,O3_8h_24h,鹤岗,57.0
20170124,12,CO,鹤岗,0.4
20170124,12,CO_24h,鹤岗,0.63
20170124,13,AQI,鹤岗,61.0
20170124,13,PM2.5,鹤岗,17.0
20170124,13,PM2.5_24h,鹤岗,32.0
20170124,13,PM10,鹤岗,72.0
20170124,13,PM10_24h,鹤岗,62.0
20170124,13,SO2,鹤岗,9.0
20170124,13,SO2_24h,鹤岗,13.0
20170124,13,NO2,鹤岗,9.0
20170124,13,NO2_24h,鹤岗,15.0
20170124,13,O3,鹤岗,65.0
20170124,13,O3_24h,鹤岗,65.0
20170124,13,O3_8h,鹤岗,56.0
20170124,13,O3_8h_24h,鹤岗,58.0
20170124,13,CO,鹤岗,0.43
20170124,13,CO_24h,鹤岗,0.67
20170124,14,AQI,鹤岗,47.0
20170124,14,PM2.5,鹤岗,15.0
20170124,14,PM2.5_24h,鹤岗,32.0
20170124,14,PM10,鹤岗,47.0
20170124,14,PM10_24h,鹤岗,63.0
20170124,14,SO2,鹤岗,9.0
20170124,14,SO2_24h,鹤岗,13.0
20170124,14,NO2,鹤岗,9.0
20170124,14,NO2_24h,鹤岗,15.0
20170124,14,O3,鹤岗,66.0
20170124,14,O3_24h,鹤岗,66.0
20170124,14,O3_8h,鹤岗,58.0
20170124,14,O3_8h_24h,鹤岗,58.0
20170124,14,CO,鹤岗,0.47
20170124,14,CO_24h,鹤岗,0.67
20170124,15,AQI,鹤岗,46.0
20170124,15,PM2.5,鹤岗,19.0
20170124,15,PM2.5_24h,鹤岗,32.0
20170124,15,PM10,鹤岗,46.0
20170124,15,PM10_24h,鹤岗,63.0
20170124,15,SO2,鹤岗,10.0
20170124,15,SO2_24h,鹤岗,13.0
20170124,15,NO2,鹤岗,11.0
20170124,15,NO2_24h,鹤岗,15.0
20170124,15,O3,鹤岗,64.0
20170124,15,O3_24h,鹤岗,66.0
20170124,15,O3_8h,鹤岗,60.0
20170124,15,O3_8h_24h,鹤岗,60.0
20170124,15,CO,鹤岗,0.53
20170124,15,CO_24h,鹤岗,0.67
20170124,16,AQI,鹤岗,51.0
20170124,16,PM2.5,鹤岗,20.0
20170124,16,PM2.5_24h,鹤岗,32.0
20170124,16,PM10,鹤岗,51.0
20170124,16,PM10_24h,鹤岗,64.0
20170124,16,SO2,鹤岗,11.0
20170124,16,SO2_24h,鹤岗,13.0
20170124,16,NO2,鹤岗,13.0
20170124,16,NO2_24h,鹤岗,15.0
20170124,16,O3,鹤岗,62.0
20170124,16,O3_24h,鹤岗,66.0
20170124,16,O3_8h,鹤岗,62.0
20170124,16,O3_8h_24h,鹤岗,62.0
20170124,16,CO,鹤岗,0.6
20170124,16,CO_24h,鹤岗,0.67
20170124,17,AQI,鹤岗,50.0
20170124,17,PM2.5,鹤岗,27.0
20170124,17,PM2.5_24h,鹤岗,31.0
20170124,17,PM10,鹤岗,50.0
20170124,17,PM10_24h,鹤岗,63.0
20170124,17,SO2,鹤岗,12.0
20170124,17,SO2_24h,鹤岗,13.0
20170124,17,NO2,鹤岗,17.0
20170124,17,NO2_24h,鹤岗,15.0
20170124,17,O3,鹤岗,58.0
20170124,17,O3_24h,鹤岗,66.0
20170124,17,O3_8h,鹤岗,63.0
20170124,17,O3_8h_24h,鹤岗,63.0
20170124,17,CO,鹤岗,0.67
20170124,17,CO_24h,鹤岗,0.67
20170124,18,AQI,鹤岗,55.0
20170124,18,PM2.5,鹤岗,34.0
20170124,18,PM2.5_24h,鹤岗,32.0
20170124,18,PM10,鹤岗,59.0
20170124,18,PM10_24h,鹤岗,62.0
20170124,18,SO2,鹤岗,12.0
20170124,18,SO2_24h,鹤岗,13.0
20170124,18,NO2,鹤岗,21.0
20170124,18,NO2_24h,鹤岗,15.0
20170124,18,O3,鹤岗,53.0
20170124,18,O3_24h,鹤岗,66.0
20170124,18,O3_8h,鹤岗,62.0
20170124,18,O3_8h_24h,鹤岗,63.0
20170124,18,CO,鹤岗,0.7
20170124,18,CO_24h,鹤岗,0.67
20170124,19,AQI,鹤岗,54.0
20170124,19,PM2.5,鹤岗,33.0
20170124,19,PM2.5_24h,鹤岗,31.0
20170124,19,PM10,鹤岗,57.0
20170124,19,PM10_24h,鹤岗,61.0
20170124,19,SO2,鹤岗,12.0
20170124,19,SO2_24h,鹤岗,13.0
20170124,19,NO2,鹤岗,17.0
20170124,19,NO2_24h,鹤岗,15.0
20170124,19,O3,鹤岗,57.0
20170124,19,O3_24h,鹤岗,66.0
20170124,19,O3_8h,鹤岗,61.0
20170124,19,O3_8h_24h,鹤岗,63.0
20170124,19,CO,鹤岗,0.67
20170124,19,CO_24h,鹤岗,0.67
20170124,20,AQI,鹤岗,54.0
20170124,20,PM2.5,鹤岗,37.0
20170124,20,PM2.5_24h,鹤岗,31.0
20170124,20,PM10,鹤岗,58.0
20170124,20,PM10_24h,鹤岗,62.0
20170124,20,SO2,鹤岗,12.0
20170124,20,SO2_24h,鹤岗,13.0
20170124,20,NO2,鹤岗,14.0
20170124,20,NO2_24h,鹤岗,15.0
20170124,20,O3,鹤岗,59.0
20170124,20,O3_24h,鹤岗,66.0
20170124,20,O3_8h,鹤岗,61.0
20170124,20,O3_8h_24h,鹤岗,63.0
20170124,20,CO,鹤岗,0.6
20170124,20,CO_24h,鹤岗,0.63
20170124,21,AQI,鹤岗,59.0
20170124,21,PM2.5,鹤岗,35.0
20170124,21,PM2.5_24h,鹤岗,32.0
20170124,21,PM10,鹤岗,68.0
20170124,21,PM10_24h,鹤岗,62.0
20170124,21,SO2,鹤岗,10.0
20170124,21,SO2_24h,鹤岗,12.0
20170124,21,NO2,鹤岗,12.0
20170124,21,NO2_24h,鹤岗,14.0
20170124,21,O3,鹤岗,60.0
20170124,21,O3_24h,鹤岗,66.0
20170124,21,O3_8h,鹤岗,60.0
20170124,21,O3_8h_24h,鹤岗,63.0
20170124,21,CO,鹤岗,0.6
20170124,21,CO_24h,鹤岗,0.63
20170124,22,AQI,鹤岗,53.0
20170124,22,PM2.5,鹤岗,33.0
20170124,22,PM2.5_24h,鹤岗,32.0
20170124,22,PM10,鹤岗,55.0
20170124,22,PM10_24h,鹤岗,62.0
20170124,22,SO2,鹤岗,8.0
20170124,22,SO2_24h,鹤岗,12.0
20170124,22,NO2,鹤岗,11.0
20170124,22,NO2_24h,鹤岗,14.0
20170124,22,O3,鹤岗,60.0
20170124,22,O3_24h,鹤岗,66.0
20170124,22,O3_8h,鹤岗,59.0
20170124,22,O3_8h_24h,鹤岗,63.0
20170124,22,CO,鹤岗,0.53
20170124,22,CO_24h,鹤岗,0.63
20170124,23,AQI,鹤岗,49.0
20170124,23,PM2.5,鹤岗,30.0
20170124,23,PM2.5_24h,鹤岗,31.0
20170124,23,PM10,鹤岗,49.0
20170124,23,PM10_24h,鹤岗,62.0
20170124,23,SO2,鹤岗,8.0
20170124,23,SO2_24h,鹤岗,12.0
20170124,23,NO2,鹤岗,9.0
20170124,23,NO2_24h,鹤岗,13.0
20170124,23,O3,鹤岗,62.0
20170124,23,O3_24h,鹤岗,66.0
20170124,23,O3_8h,鹤岗,59.0
20170124,23,O3_8h_24h,鹤岗,63.0
20170124,23,CO,鹤岗,0.57
20170124,23,CO_24h,鹤岗,0.6
20170124,0,AQI,双鸭山,88.0
20170124,0,PM2.5,双鸭山,65.0
20170124,0,PM2.5_24h,双鸭山,48.0
20170124,0,PM10,双鸭山,83.0
20170124,0,PM10_24h,双鸭山,65.0
20170124,0,SO2,双鸭山,21.0
20170124,0,SO2_24h,双鸭山,25.0
20170124,0,NO2,双鸭山,25.0
20170124,0,NO2_24h,双鸭山,29.0
20170124,0,O3,双鸭山,33.0
20170124,0,O3_24h,双鸭山,52.0
20170124,0,O3_8h,双鸭山,32.0
20170124,0,O3_8h_24h,双鸭山,45.0
20170124,0,CO,双鸭山,0.6
20170124,0,CO_24h,双鸭山,0.6
20170124,1,AQI,双鸭山,83.0
20170124,1,PM2.5,双鸭山,61.0
20170124,1,PM2.5_24h,双鸭山,48.0
20170124,1,PM10,双鸭山,56.0
20170124,1,PM10_24h,双鸭山,64.0
20170124,1,SO2,双鸭山,22.0
20170124,1,SO2_24h,双鸭山,25.0
20170124,1,NO2,双鸭山,33.0
20170124,1,NO2_24h,双鸭山,29.0
20170124,1,O3,双鸭山,30.0
20170124,1,O3_24h,双鸭山,52.0
20170124,1,O3_8h,双鸭山,30.0
20170124,1,O3_8h_24h,双鸭山,30.0
20170124,1,CO,双鸭山,0.63
20170124,1,CO_24h,双鸭山,0.57
20170124,2,AQI,双鸭山,78.0
20170124,2,PM2.5,双鸭山,57.0
20170124,2,PM2.5_24h,双鸭山,48.0
20170124,2,PM10,双鸭山,65.0
20170124,2,PM10_24h,双鸭山,64.0
20170124,2,SO2,双鸭山,20.0
20170124,2,SO2_24h,双鸭山,25.0
20170124,2,NO2,双鸭山,27.0
20170124,2,NO2_24h,双鸭山,29.0
20170124,2,O3,双鸭山,34.0
20170124,2,O3_24h,双鸭山,52.0
20170124,2,O3_8h,双鸭山,32.0
20170124,2,O3_8h_24h,双鸭山,32.0
20170124,2,CO,双鸭山,0.57
20170124,2,CO_24h,双鸭山,0.57
20170124,3,AQI,双鸭山,71.0
20170124,3,PM2.5,双鸭山,52.0
20170124,3,PM2.5_24h,双鸭山,48.0
20170124,3,PM10,双鸭山,65.0
20170124,3,PM10_24h,双鸭山,63.0
20170124,3,SO2,双鸭山,19.0
20170124,3,SO2_24h,双鸭山,24.0
20170124,3,NO2,双鸭山,28.0
20170124,3,NO2_24h,双鸭山,28.0
20170124,3,O3,双鸭山,34.0
20170124,3,O3_24h,双鸭山,52.0
20170124,3,O3_8h,双鸭山,33.0
20170124,3,O3_8h_24h,双鸭山,33.0
20170124,3,CO,双鸭山,0.53
20170124,3,CO_24h,双鸭山,0.57
20170124,4,AQI,双鸭山,71.0
20170124,4,PM2.5,双鸭山,52.0
20170124,4,PM2.5_24h,双鸭山,48.0
20170124,4,PM10,双鸭山,69.0
20170124,4,PM10_24h,双鸭山,64.0
20170124,4,SO2,双鸭山,30.0
20170124,4,SO2_24h,双鸭山,24.0
20170124,4,NO2,双鸭山,29.0
20170124,4,NO2_24h,双鸭山,27.0
20170124,4,O3,双鸭山,38.0
20170124,4,O3_24h,双鸭山,52.0
20170124,4,O3_8h,双鸭山,34.0
20170124,4,O3_8h_24h,双鸭山,35.0
20170124,4,CO,双鸭山,0.7
20170124,4,CO_24h,双鸭山,0.57
20170124,5,AQI,双鸭山,94.0
20170124,5,PM2.5,双鸭山,70.0
20170124,5,PM2.5_24h,双鸭山,49.0
20170124,5,PM10,双鸭山,79.0
20170124,5,PM10_24h,双鸭山,64.0
20170124,5,SO2,双鸭山,35.0
20170124,5,SO2_24h,双鸭山,25.0
20170124,5,NO2,双鸭山,41.0
20170124,5,NO2_24h,双鸭山,27.0
20170124,5,O3,双鸭山,39.0
20170124,5,O3_24h,双鸭山,52.0
20170124,5,O3_8h,双鸭山,35.0
20170124,5,O3_8h_24h,双鸭山,37.0
20170124,5,CO,双鸭山,0.9
20170124,5,CO_24h,双鸭山,0.57
20170124,6,AQI,双鸭山,93.0
20170124,6,PM2.5,双鸭山,69.0
20170124,6,PM2.5_24h,双鸭山,50.0
20170124,6,PM10,双鸭山,80.0
20170124,6,PM10_24h,双鸭山,65.0
20170124,6,SO2,双鸭山,35.0
20170124,6,SO2_24h,双鸭山,24.0
20170124,6,NO2,双鸭山,42.0
20170124,6,NO2_24h,双鸭山,27.0
20170124,6,O3,双鸭山,41.0
20170124,6,O3_24h,双鸭山,52.0
20170124,6,O3_8h,双鸭山,36.0
20170124,6,O3_8h_24h,双鸭山,38.0
20170124,6,CO,双鸭山,0.67
20170124,6,CO_24h,双鸭山,0.57
20170124,7,AQI,双鸭山,85.0
20170124,7,PM2.5,双鸭山,63.0
20170124,7,PM2.5_24h,双鸭山,51.0
20170124,7,PM10,双鸭山,80.0
20170124,7,PM10_24h,双鸭山,65.0
20170124,7,SO2,双鸭山,28.0
20170124,7,SO2_24h,双鸭山,24.0
20170124,7,NO2,双鸭山,35.0
20170124,7,NO2_24h,双鸭山,27.0
20170124,7,O3,双鸭山,41.0
20170124,7,O3_24h,双鸭山,52.0
20170124,7,O3_8h,双鸭山,37.0
20170124,7,O3_8h_24h,双鸭山,39.0
20170124,7,CO,双鸭山,0.53
20170124,7,CO_24h,双鸭山,0.57
20170124,8,AQI,双鸭山,89.0
20170124,8,PM2.5,双鸭山,66.0
20170124,8,PM2.5_24h,双鸭山,50.0
20170124,8,PM10,双鸭山,71.0
20170124,8,PM10_24h,双鸭山,64.0
20170124,8,SO2,双鸭山,31.0
20170124,8,SO2_24h,双鸭山,23.0
20170124,8,NO2,双鸭山,43.0
20170124,8,NO2_24h,双鸭山,27.0
20170124,8,O3,双鸭山,38.0
20170124,8,O3_24h,双鸭山,52.0
20170124,8,O3_8h,双鸭山,37.0
20170124,8,O3_8h_24h,双鸭山,39.0
20170124,8,CO,双鸭山,0.53
20170124,8,CO_24h,双鸭山,0.57
20170124,9,AQI,双鸭山,84.0
20170124,9,PM2.5,双鸭山,62.0
20170124,9,PM2.5_24h,双鸭山,50.0
20170124,9,PM10,双鸭山,76.0
20170124,9,PM10_24h,双鸭山,64.0
20170124,9,SO2,双鸭山,41.0
20170124,9,SO2_24h,双鸭山,23.0
20170124,9,NO2,双鸭山,42.0
20170124,9,NO2_24h,双鸭山,27.0
20170124,9,O3,双鸭山,38.0
20170124,9,O3_24h,双鸭山,52.0
20170124,9,O3_8h,双鸭山,38.0
20170124,9,O3_8h_24h,双鸭山,41.0
20170124,9,CO,双鸭山,0.7
20170124,9,CO_24h,双鸭山,0.57
20170124,10,AQI,双鸭山,74.0
20170124,10,PM2.5,双鸭山,54.0
20170124,10,PM2.5_24h,双鸭山,50.0
20170124,10,PM10,双鸭山,74.0
20170124,10,PM10_24h,双鸭山,65.0
20170124,10,SO2,双鸭山,36.0
20170124,10,SO2_24h,双鸭山,24.0
20170124,10,NO2,双鸭山,37.0
20170124,10,NO2_24h,双鸭山,27.0
20170124,10,O3,双鸭山,39.0
20170124,10,O3_24h,双鸭山,52.0
20170124,10,O3_8h,双鸭山,38.0
20170124,10,O3_8h_24h,双鸭山,42.0
20170124,10,CO,双鸭山,0.77
20170124,10,CO_24h,双鸭山,0.57
20170124,11,AQI,双鸭山,95.0
20170124,11,PM2.5,双鸭山,71.0
20170124,11,PM2.5_24h,双鸭山,51.0
20170124,11,PM10,双鸭山,69.0
20170124,11,PM10_24h,双鸭山,64.0
20170124,11,SO2,双鸭山,39.0
20170124,11,SO2_24h,双鸭山,24.0
20170124,11,NO2,双鸭山,33.0
20170124,11,NO2_24h,双鸭山,28.0
20170124,11,O3,双鸭山,42.0
20170124,11,O3_24h,双鸭山,52.0
20170124,11,O3_8h,双鸭山,40.0
20170124,11,O3_8h_24h,双鸭山,43.0
20170124,11,CO,双鸭山,0.73
20170124,11,CO_24h,双鸭山,0.57
20170124,12,AQI,双鸭山,64.0
20170124,12,PM2.5,双鸭山,46.0
20170124,12,PM2.5_24h,双鸭山,51.0
20170124,12,PM10,双鸭山,57.0
20170124,12,PM10_24h,双鸭山,64.0
20170124,12,SO2,双鸭山,24.0
20170124,12,SO2_24h,双鸭山,25.0
20170124,12,NO2,双鸭山,24.0
20170124,12,NO2_24h,双鸭山,28.0
20170124,12,O3,双鸭山,45.0
20170124,12,O3_24h,双鸭山,52.0
20170124,12,O3_8h,双鸭山,40.0
20170124,12,O3_8h_24h,双鸭山,43.0
20170124,12,CO,双鸭山,0.57
20170124,12,CO_24h,双鸭山,0.57
20170124,13,AQI,双鸭山,50.0
20170124,13,PM2.5,双鸭山,35.0
20170124,13,PM2.5_24h,双鸭山,52.0
20170124,13,PM10,双鸭山,43.0
20170124,13,PM10_24h,双鸭山,65.0
20170124,13,SO2,双鸭山,15.0
20170124,13,SO2_24h,双鸭山,25.0
20170124,13,NO2,双鸭山,32.0
20170124,13,NO2_24h,双鸭山,29.0
20170124,13,O3,双鸭山,48.0
20170124,13,O3_24h,双鸭山,51.0
20170124,13,O3_8h,双鸭山,41.0
20170124,13,O3_8h_24h,双鸭山,44.0
20170124,13,CO,双鸭山,0.47
20170124,13,CO_24h,双鸭山,0.6
20170124,14,AQI,双鸭山,55.0
20170124,14,PM2.5,双鸭山,39.0
20170124,14,PM2.5_24h,双鸭山,53.0
20170124,14,PM10,双鸭山,49.0
20170124,14,PM10_24h,双鸭山,65.0
20170124,14,SO2,双鸭山,21.0
20170124,14,SO2_24h,双鸭山,25.0
20170124,14,NO2,双鸭山,37.0
20170124,14,NO2_24h,双鸭山,30.0
20170124,14,O3,双鸭山,46.0
20170124,14,O3_24h,双鸭山,51.0
20170124,14,O3_8h,双鸭山,42.0
20170124,14,O3_8h_24h,双鸭山,44.0
20170124,14,CO,双鸭山,0.5
20170124,14,CO_24h,双鸭山,0.6
20170124,15,AQI,双鸭山,53.0
20170124,15,PM2.5,双鸭山,33.0
20170124,15,PM2.5_24h,双鸭山,54.0
20170124,15,PM10,双鸭山,56.0
20170124,15,PM10_24h,双鸭山,66.0
20170124,15,SO2,双鸭山,56.0
20170124,15,SO2_24h,双鸭山,27.0
20170124,15,NO2,双鸭山,43.0
20170124,15,NO2_24h,双鸭山,32.0
20170124,15,O3,双鸭山,46.0
20170124,15,O3_24h,双鸭山,50.0
20170124,15,O3_8h,双鸭山,43.0
20170124,15,O3_8h_24h,双鸭山,44.0
20170124,15,CO,双鸭山,0.73
20170124,15,CO_24h,双鸭山,0.6
20170124,16,AQI,双鸭山,52.0
20170124,16,PM2.5,双鸭山,34.0
20170124,16,PM2.5_24h,双鸭山,55.0
20170124,16,PM10,双鸭山,54.0
20170124,16,PM10_24h,双鸭山,66.0
20170124,16,SO2,双鸭山,28.0
20170124,16,SO2_24h,双鸭山,27.0
20170124,16,NO2,双鸭山,47.0
20170124,16,NO2_24h,双鸭山,33.0
20170124,16,O3,双鸭山,41.0
20170124,16,O3_24h,双鸭山,50.0
20170124,16,O3_8h,双鸭山,43.0
20170124,16,O3_8h_24h,双鸭山,44.0
20170124,16,CO,双鸭山,0.63
20170124,16,CO_24h,双鸭山,0.63
20170124,17,AQI,双鸭山,59.0
20170124,17,PM2.5,双鸭山,42.0
20170124,17,PM2.5_24h,双鸭山,55.0
20170124,17,PM10,双鸭山,55.0
20170124,17,PM10_24h,双鸭山,66.0
20170124,17,SO2,双鸭山,52.0
20170124,17,SO2_24h,双鸭山,29.0
20170124,17,NO2,双鸭山,48.0
20170124,17,NO2_24h,双鸭山,34.0
20170124,17,O3,双鸭山,37.0
20170124,17,O3_24h,双鸭山,50.0
20170124,17,O3_8h,双鸭山,43.0
20170124,17,O3_8h_24h,双鸭山,45.0
20170124,17,CO,双鸭山,0.73
20170124,17,CO_24h,双鸭山,0.63
20170124,18,AQI,双鸭山,73.0
20170124,18,PM2.5,双鸭山,53.0
20170124,18,PM2.5_24h,双鸭山,56.0
20170124,18,PM10,双鸭山,64.0
20170124,18,PM10_24h,双鸭山,67.0
20170124,18,SO2,双鸭山,55.0
20170124,18,SO2_24h,双鸭山,31.0
20170124,18,NO2,双鸭山,51.0
20170124,18,NO2_24h,双鸭山,35.0
20170124,18,O3,双鸭山,32.0
20170124,18,O3_24h,双鸭山,50.0
20170124,18,O3_8h,双鸭山,42.0
20170124,18,O3_8h_24h,双鸭山,45.0
20170124,18,CO,双鸭山,0.87
20170124,18,CO_24h,双鸭山,0.63
20170124,19,AQI,双鸭山,73.0
20170124,19,PM2.5,双鸭山,53.0
20170124,19,PM2.5_24h,双鸭山,56.0
20170124,19,PM10,双鸭山,63.0
20170124,19,PM10_24h,双鸭山,66.0
20170124,19,SO2,双鸭山,75.0
20170124,19,SO2_24h,双鸭山,33.0
20170124,19,NO2,双鸭山,48.0
20170124,19,NO2_24h,双鸭山,36.0
20170124,19,O3,双鸭山,33.0
20170124,19,O3_24h,双鸭山,50.0
20170124,19,O3_8h,双鸭山,41.0
20170124,19,O3_8h_24h,双鸭山,45.0
20170124,19,CO,双鸭山,1.07
20170124,19,CO_24h,双鸭山,0.67
20170124,20,AQI,双鸭山,69.0
20170124,20,PM2.5,双鸭山,50.0
20170124,20,PM2.5_24h,双鸭山,55.0
20170124,20,PM10,双鸭山,66.0
20170124,20,PM10_24h,双鸭山,66.0
20170124,20,SO2,双鸭山,51.0
20170124,20,SO2_24h,双鸭山,33.0
20170124,20,NO2,双鸭山,45.0
20170124,20,NO2_24h,双鸭山,36.0
20170124,20,O3,双鸭山,37.0
20170124,20,O3_24h,双鸭山,50.0
20170124,20,O3_8h,双鸭山,40.0
20170124,20,O3_8h_24h,双鸭山,45.0
20170124,20,CO,双鸭山,0.8
20170124,20,CO_24h,双鸭山,0.67
20170124,21,AQI,双鸭山,64.0
20170124,21,PM2.5,双鸭山,46.0
20170124,21,PM2.5_24h,双鸭山,54.0
20170124,21,PM10,双鸭山,70.0
20170124,21,PM10_24h,双鸭山,66.0
20170124,21,SO2,双鸭山,43.0
20170124,21,SO2_24h,双鸭山,34.0
20170124,21,NO2,双鸭山,42.0
20170124,21,NO2_24h,双鸭山,37.0
20170124,21,O3,双鸭山,38.0
20170124,21,O3_24h,双鸭山,50.0
20170124,21,O3_8h,双鸭山,39.0
20170124,21,O3_8h_24h,双鸭山,45.0
20170124,21,CO,双鸭山,0.73
20170124,21,CO_24h,双鸭山,0.67
20170124,22,AQI,双鸭山,65.0
20170124,22,PM2.5,双鸭山,47.0
20170124,22,PM2.5_24h,双鸭山,53.0
20170124,22,PM10,双鸭山,67.0
20170124,22,PM10_24h,双鸭山,65.0
20170124,22,SO2,双鸭山,35.0
20170124,22,SO2_24h,双鸭山,35.0
20170124,22,NO2,双鸭山,43.0
20170124,22,NO2_24h,双鸭山,38.0
20170124,22,O3,双鸭山,39.0
20170124,22,O3_24h,双鸭山,50.0
20170124,22,O3_8h,双鸭山,38.0
20170124,22,O3_8h_24h,双鸭山,45.0
20170124,22,CO,双鸭山,0.67
20170124,22,CO_24h,双鸭山,0.67
20170124,23,AQI,双鸭山,71.0
20170124,23,PM2.5,双鸭山,52.0
20170124,23,PM2.5_24h,双鸭山,53.0
20170124,23,PM10,双鸭山,60.0
20170124,23,PM10_24h,双鸭山,66.0
20170124,23,SO2,双鸭山,31.0
20170124,23,SO2_24h,双鸭山,35.0
20170124,23,NO2,双鸭山,42.0
20170124,23,NO2_24h,双鸭山,38.0
20170124,23,O3,双鸭山,43.0
20170124,23,O3_24h,双鸭山,50.0
20170124,23,O3_8h,双鸭山,37.0
20170124,23,O3_8h_24h,双鸭山,45.0
20170124,23,CO,双鸭山,0.63
20170124,23,CO_24h,双鸭山,0.67
20170124,0,AQI,伊春,56.0
20170124,0,PM2.5,伊春,40.0
20170124,0,PM2.5_24h,伊春,33.0
20170124,0,PM10,伊春,54.0
20170124,0,PM10_24h,伊春,48.0
20170124,0,SO2,伊春,11.0
20170124,0,SO2_24h,伊春,11.0
20170124,0,NO2,伊春,16.0
20170124,0,NO2_24h,伊春,20.0
20170124,0,O3,伊春,35.0
20170124,0,O3_24h,伊春,66.0
20170124,0,O3_8h,伊春,39.0
20170124,0,O3_8h_24h,伊春,57.0
20170124,0,CO,伊春,0.2
20170124,0,CO_24h,伊春,0.4
20170124,1,AQI,伊春,61.0
20170124,1,PM2.5,伊春,44.0
20170124,1,PM2.5_24h,伊春,34.0
20170124,1,PM10,伊春,56.0
20170124,1,PM10_24h,伊春,49.0
20170124,1,SO2,伊春,10.0
20170124,1,SO2_24h,伊春,11.0
20170124,1,NO2,伊春,14.0
20170124,1,NO2_24h,伊春,20.0
20170124,1,O3,伊春,37.0
20170124,1,O3_24h,伊春,66.0
20170124,1,O3_8h,伊春,37.0
20170124,1,O3_8h_24h,伊春,37.0
20170124,1,CO,伊春,0.45
20170124,1,CO_24h,伊春,0.4
20170124,2,AQI,伊春,68.0
20170124,2,PM2.5,伊春,49.0
20170124,2,PM2.5_24h,伊春,35.0
20170124,2,PM10,伊春,58.0
20170124,2,PM10_24h,伊春,51.0
20170124,2,SO2,伊春,10.0
20170124,2,SO2_24h,伊春,11.0
20170124,2,NO2,伊春,15.0
20170124,2,NO2_24h,伊春,20.0
20170124,2,O3,伊春,36.0
20170124,2,O3_24h,伊春,66.0
20170124,2,O3_8h,伊春,37.0
20170124,2,O3_8h_24h,伊春,38.0
20170124,2,CO,伊春,0.5
20170124,2,CO_24h,伊春,0.4
20170124,3,AQI,伊春,69.0
20170124,3,PM2.5,伊春,50.0
20170124,3,PM2.5_24h,伊春,37.0
20170124,3,PM10,伊春,68.0
20170124,3,PM10_24h,伊春,53.0
20170124,3,SO2,伊春,10.0
20170124,3,SO2_24h,伊春,12.0
20170124,3,NO2,伊春,14.0
20170124,3,NO2_24h,伊春,20.0
20170124,3,O3,伊春,38.0
20170124,3,O3_24h,伊春,66.0
20170124,3,O3_8h,伊春,37.0
20170124,3,O3_8h_24h,伊春,38.0
20170124,3,CO,伊春,0.5
20170124,3,CO_24h,伊春,0.4
20170124,4,AQI,伊春,73.0
20170124,4,PM2.5,伊春,53.0
20170124,4,PM2.5_24h,伊春,39.0
20170124,4,PM10,伊春,61.0
20170124,4,PM10_24h,伊春,55.0
20170124,4,SO2,伊春,10.0
20170124,4,SO2_24h,伊春,12.0
20170124,4,NO2,伊春,11.0
20170124,4,NO2_24h,伊春,20.0
20170124,4,O3,伊春,43.0
20170124,4,O3_24h,伊春,66.0
20170124,4,O3_8h,伊春,38.0
20170124,4,O3_8h_24h,伊春,38.0
20170124,4,CO,伊春,0.45
20170124,4,CO_24h,伊春,0.45
20170124,5,AQI,伊春,71.0
20170124,5,PM2.5,伊春,52.0
20170124,5,PM2.5_24h,伊春,40.0
20170124,5,PM10,伊春,60.0
20170124,5,PM10_24h,伊春,57.0
20170124,5,SO2,伊春,10.0
20170124,5,SO2_24h,伊春,12.0
20170124,5,NO2,伊春,11.0
20170124,5,NO2_24h,伊春,20.0
20170124,5,O3,伊春,41.0
20170124,5,O3_24h,伊春,66.0
20170124,5,O3_8h,伊春,39.0
20170124,5,O3_8h_24h,伊春,39.0
20170124,5,CO,伊春,0.45
20170124,5,CO_24h,伊春,0.45
20170124,6,AQI,伊春,69.0
20170124,6,PM2.5,伊春,50.0
20170124,6,PM2.5_24h,伊春,40.0
20170124,6,PM10,伊春,55.0
20170124,6,PM10_24h,伊春,56.0
20170124,6,SO2,伊春,12.0
20170124,6,SO2_24h,伊春,12.0
20170124,6,NO2,伊春,18.0
20170124,6,NO2_24h,伊春,20.0
20170124,6,O3,伊春,33.0
20170124,6,O3_24h,伊春,66.0
20170124,6,O3_8h,伊春,38.0
20170124,6,O3_8h_24h,伊春,39.0
20170124,6,CO,伊春,0.55
20170124,6,CO_24h,伊春,0.5
20170124,7,AQI,伊春,65.0
20170124,7,PM2.5,伊春,47.0
20170124,7,PM2.5_24h,伊春,41.0
20170124,7,PM10,伊春,66.0
20170124,7,PM10_24h,伊春,56.0
20170124,7,SO2,伊春,9.0
20170124,7,SO2_24h,伊春,12.0
20170124,7,NO2,伊春,32.0
20170124,7,NO2_24h,伊春,20.0
20170124,7,O3,伊春,26.0
20170124,7,O3_24h,伊春,66.0
20170124,7,O3_8h,伊春,36.0
20170124,7,O3_8h_24h,伊春,39.0
20170124,7,CO,伊春,0.55
20170124,7,CO_24h,伊春,0.5
20170124,8,AQI,伊春,74.0
20170124,8,PM2.5,伊春,54.0
20170124,8,PM2.5_24h,伊春,41.0
20170124,8,PM10,伊春,65.0
20170124,8,PM10_24h,伊春,56.0
20170124,8,SO2,伊春,8.0
20170124,8,SO2_24h,伊春,12.0
20170124,8,NO2,伊春,44.0
20170124,8,NO2_24h,伊春,20.0
20170124,8,O3,伊春,16.0
20170124,8,O3_24h,伊春,66.0
20170124,8,O3_8h,伊春,34.0
20170124,8,O3_8h_24h,伊春,39.0
20170124,8,CO,伊春,0.75
20170124,8,CO_24h,伊春,0.5
20170124,9,AQI,伊春,135.0
20170124,9,PM2.5,伊春,103.0
20170124,9,PM2.5_24h,伊春,42.0
20170124,9,PM10_24h,伊春,54.0
20170124,9,SO2,伊春,15.0
20170124,9,SO2_24h,伊春,12.0
20170124,9,NO2,伊春,38.0
20170124,9,NO2_24h,伊春,20.0
20170124,9,O3,伊春,17.0
20170124,9,O3_24h,伊春,66.0
20170124,9,O3_8h,伊春,31.0
20170124,9,O3_8h_24h,伊春,39.0
20170124,9,CO,伊春,1.05
20170124,9,CO_24h,伊春,0.5
20170124,10,AQI,伊春,114.0
20170124,10,PM2.5,伊春,66.0
20170124,10,PM2.5_24h,伊春,41.0
20170124,10,PM10,伊春,177.0
20170124,10,PM10_24h,伊春,53.0
20170124,10,SO2,伊春,18.0
20170124,10,SO2_24h,伊春,12.0
20170124,10,NO2,伊春,39.0
20170124,10,NO2_24h,伊春,20.0
20170124,10,O3,伊春,20.0
20170124,10,O3_24h,伊春,66.0
20170124,10,O3_8h,伊春,29.0
20170124,10,O3_8h_24h,伊春,39.0
20170124,10,CO,伊春,0.85
20170124,10,CO_24h,伊春,0.5
20170124,11,AQI,伊春,41.0
20170124,11,PM2.5,伊春,29.0
20170124,11,PM2.5_24h,伊春,41.0
20170124,11,PM10,伊春,30.0
20170124,11,PM10_24h,伊春,52.0
20170124,11,SO2,伊春,20.0
20170124,11,SO2_24h,伊春,12.0
20170124,11,NO2,伊春,22.0
20170124,11,NO2_24h,伊春,21.0
20170124,11,O3,伊春,38.0
20170124,11,O3_24h,伊春,66.0
20170124,11,O3_8h,伊春,29.0
20170124,11,O3_8h_24h,伊春,39.0
20170124,11,CO,伊春,0.65
20170124,11,CO_24h,伊春,0.5
20170124,12,AQI,伊春,30.0
20170124,12,PM2.5,伊春,21.0
20170124,12,PM2.5_24h,伊春,41.0
20170124,12,PM10,伊春,19.0
20170124,12,PM10_24h,伊春,52.0
20170124,12,SO2,伊春,14.0
20170124,12,SO2_24h,伊春,12.0
20170124,12,NO2,伊春,9.0
20170124,12,NO2_24h,伊春,20.0
20170124,12,O3,伊春,51.0
20170124,12,O3_24h,伊春,67.0
20170124,12,O3_8h,伊春,30.0
20170124,12,O3_8h_24h,伊春,39.0
20170124,12,CO,伊春,0.55
20170124,12,CO_24h,伊春,0.5
20170124,13,AQI,伊春,26.0
20170124,13,PM2.5,伊春,18.0
20170124,13,PM2.5_24h,伊春,41.0
20170124,13,PM10,伊春,11.0
20170124,13,PM10_24h,伊春,52.0
20170124,13,SO2,伊春,13.0
20170124,13,SO2_24h,伊春,12.0
20170124,13,NO2,伊春,7.0
20170124,13,NO2_24h,伊春,20.0
20170124,13,O3,伊春,55.0
20170124,13,O3_24h,伊春,67.0
20170124,13,O3_8h,伊春,32.0
20170124,13,O3_8h_24h,伊春,39.0
20170124,13,CO,伊春,0.25
20170124,13,CO_24h,伊春,0.5
20170124,14,AQI,伊春,19.0
20170124,14,PM2.5,伊春,13.0
20170124,14,PM2.5_24h,伊春,41.0
20170124,14,PM10,伊春,18.0
20170124,14,PM10_24h,伊春,52.0
20170124,14,SO2,伊春,12.0
20170124,14,SO2_24h,伊春,12.0
20170124,14,NO2,伊春,9.0
20170124,14,NO2_24h,伊春,20.0
20170124,14,O3,伊春,54.0
20170124,14,O3_24h,伊春,64.0
20170124,14,O3_8h,伊春,34.0
20170124,14,O3_8h_24h,伊春,40.0
20170124,14,CO,伊春,0.3
20170124,14,CO_24h,伊春,0.5
20170124,15,AQI,伊春,33.0
20170124,15,PM2.5,伊春,23.0
20170124,15,PM2.5_24h,伊春,41.0
20170124,15,PM10,伊春,24.0
20170124,15,PM10_24h,伊春,52.0
20170124,15,SO2,伊春,13.0
20170124,15,SO2_24h,伊春,12.0
20170124,15,NO2,伊春,13.0
20170124,15,NO2_24h,伊春,20.0
20170124,15,O3,伊春,52.0
20170124,15,O3_24h,伊春,60.0
20170124,15,O3_8h,伊春,38.0
20170124,15,O3_8h_24h,伊春,41.0
20170124,15,CO,伊春,0.35
20170124,15,CO_24h,伊春,0.5
20170124,16,AQI,伊春,29.0
20170124,16,PM2.5,伊春,20.0
20170124,16,PM2.5_24h,伊春,42.0
20170124,16,PM10,伊春,27.0
20170124,16,PM10_24h,伊春,52.0
20170124,16,SO2,伊春,11.0
20170124,16,SO2_24h,伊春,12.0
20170124,16,NO2,伊春,17.0
20170124,16,NO2_24h,伊春,20.0
20170124,16,O3,伊春,50.0
20170124,16,O3_24h,伊春,55.0
20170124,16,O3_8h,伊春,42.0
20170124,16,O3_8h_24h,伊春,42.0
20170124,16,CO,伊春,0.4
20170124,16,CO_24h,伊春,0.5
20170124,17,AQI,伊春,46.0
20170124,17,PM2.5,伊春,32.0
20170124,17,PM2.5_24h,伊春,42.0
20170124,17,PM10,伊春,32.0
20170124,17,PM10_24h,伊春,52.0
20170124,17,SO2,伊春,11.0
20170124,17,SO2_24h,伊春,12.0
20170124,17,NO2,伊春,16.0
20170124,17,NO2_24h,伊春,20.0
20170124,17,O3,伊春,50.0
20170124,17,O3_24h,伊春,55.0
20170124,17,O3_8h,伊春,46.0
20170124,17,O3_8h_24h,伊春,46.0
20170124,17,CO,伊春,0.3
20170124,17,CO_24h,伊春,0.5
20170124,18,AQI,伊春,59.0
20170124,18,PM2.5,伊春,42.0
20170124,18,PM2.5_24h,伊春,43.0
20170124,18,PM10,伊春,44.0
20170124,18,PM10_24h,伊春,52.0
20170124,18,SO2,伊春,14.0
20170124,18,SO2_24h,伊春,12.0
20170124,18,NO2,伊春,24.0
20170124,18,NO2_24h,伊春,20.0
20170124,18,O3,伊春,45.0
20170124,18,O3_24h,伊春,55.0
20170124,18,O3_8h,伊春,49.0
20170124,18,O3_8h_24h,伊春,49.0
20170124,18,CO,伊春,0.4
20170124,18,CO_24h,伊春,0.5
20170124,19,AQI,伊春,64.0
20170124,19,PM2.5,伊春,46.0
20170124,19,PM2.5_24h,伊春,43.0
20170124,19,PM10,伊春,51.0
20170124,19,PM10_24h,伊春,52.0
20170124,19,SO2,伊春,15.0
20170124,19,SO2_24h,伊春,12.0
20170124,19,NO2,伊春,21.0
20170124,19,NO2_24h,伊春,19.0
20170124,19,O3,伊春,47.0
20170124,19,O3_24h,伊春,55.0
20170124,19,O3_8h,伊春,50.0
20170124,19,O3_8h_24h,伊春,50.0
20170124,19,CO,伊春,0.4
20170124,19,CO_24h,伊春,0.5
20170124,20,AQI,伊春,60.0
20170124,20,PM2.5,伊春,43.0
20170124,20,PM2.5_24h,伊春,43.0
20170124,20,PM10,伊春,50.0
20170124,20,PM10_24h,伊春,52.0
20170124,20,SO2,伊春,16.0
20170124,20,SO2_24h,伊春,13.0
20170124,20,NO2,伊春,17.0
20170124,20,NO2_24h,伊春,19.0
20170124,20,O3,伊春,49.0
20170124,20,O3_24h,伊春,55.0
20170124,20,O3_8h,伊春,50.0
20170124,20,O3_8h_24h,伊春,50.0
20170124,20,CO,伊春,0.35
20170124,20,CO_24h,伊春,0.45
20170124,21,AQI,伊春,58.0
20170124,21,PM2.5,伊春,41.0
20170124,21,PM2.5_24h,伊春,42.0
20170124,21,PM10,伊春,48.0
20170124,21,PM10_24h,伊春,52.0
20170124,21,SO2,伊春,15.0
20170124,21,SO2_24h,伊春,13.0
20170124,21,NO2,伊春,15.0
20170124,21,NO2_24h,伊春,19.0
20170124,21,O3,伊春,50.0
20170124,21,O3_24h,伊春,55.0
20170124,21,O3_8h,伊春,50.0
20170124,21,O3_8h_24h,伊春,50.0
20170124,21,CO,伊春,0.35
20170124,21,CO_24h,伊春,0.45
20170124,22,AQI,伊春,60.0
20170124,22,PM2.5,伊春,43.0
20170124,22,PM2.5_24h,伊春,43.0
20170124,22,PM10,伊春,50.0
20170124,22,PM10_24h,伊春,52.0
20170124,22,SO2,伊春,15.0
20170124,22,SO2_24h,伊春,13.0
20170124,22,NO2,伊春,15.0
20170124,22,NO2_24h,伊春,19.0
20170124,22,O3,伊春,51.0
20170124,22,O3_24h,伊春,55.0
20170124,22,O3_8h,伊春,49.0
20170124,22,O3_8h_24h,伊春,50.0
20170124,22,CO,伊春,0.45
20170124,22,CO_24h,伊春,0.45
20170124,23,AQI,伊春,60.0
20170124,23,PM2.5,伊春,43.0
20170124,23,PM2.5_24h,伊春,42.0
20170124,23,PM10,伊春,53.0
20170124,23,PM10_24h,伊春,51.0
20170124,23,SO2,伊春,15.0
20170124,23,SO2_24h,伊春,13.0
20170124,23,NO2,伊春,15.0
20170124,23,NO2_24h,伊春,19.0
20170124,23,O3,伊春,51.0
20170124,23,O3_24h,伊春,55.0
20170124,23,O3_8h,伊春,49.0
20170124,23,O3_8h_24h,伊春,50.0
20170124,23,CO,伊春,0.45
20170124,23,CO_24h,伊春,0.5
20170124,0,AQI,佳木斯,68.0
20170124,0,PM2.5,佳木斯,49.0
20170124,0,PM2.5_24h,佳木斯,43.0
20170124,0,PM10,佳木斯,55.0
20170124,0,PM10_24h,佳木斯,53.0
20170124,0,SO2,佳木斯,15.0
20170124,0,SO2_24h,佳木斯,18.0
20170124,0,NO2,佳木斯,23.0
20170124,0,NO2_24h,佳木斯,24.0
20170124,0,O3,佳木斯,58.0
20170124,0,O3_24h,佳木斯,96.0
20170124,0,O3_8h,佳木斯,45.0
20170124,0,O3_8h_24h,佳木斯,68.0
20170124,0,CO,佳木斯,0.82
20170124,0,CO_24h,佳木斯,1.05
20170124,1,AQI,佳木斯,60.0
20170124,1,PM2.5,佳木斯,43.0
20170124,1,PM2.5_24h,佳木斯,43.0
20170124,1,PM10,佳木斯,50.0
20170124,1,PM10_24h,佳木斯,52.0
20170124,1,SO2,佳木斯,15.0
20170124,1,SO2_24h,佳木斯,18.0
20170124,1,NO2,佳木斯,13.0
20170124,1,NO2_24h,佳木斯,24.0
20170124,1,O3,佳木斯,60.0
20170124,1,O3_24h,佳木斯,96.0
20170124,1,O3_8h,佳木斯,60.0
20170124,1,O3_8h_24h,佳木斯,60.0
20170124,1,CO,佳木斯,0.82
20170124,1,CO_24h,佳木斯,1.05
20170124,2,AQI,佳木斯,56.0
20170124,2,PM2.5,佳木斯,40.0
20170124,2,PM2.5_24h,佳木斯,43.0
20170124,2,PM10,佳木斯,47.0
20170124,2,PM10_24h,佳木斯,52.0
20170124,2,SO2,佳木斯,17.0
20170124,2,SO2_24h,佳木斯,18.0
20170124,2,NO2,佳木斯,15.0
20170124,2,NO2_24h,佳木斯,24.0
20170124,2,O3,佳木斯,60.0
20170124,2,O3_24h,佳木斯,96.0
20170124,2,O3_8h,佳木斯,60.0
20170124,2,O3_8h_24h,佳木斯,61.0
20170124,2,CO,佳木斯,0.88
20170124,2,CO_24h,佳木斯,1.02
20170124,3,AQI,佳木斯,55.0
20170124,3,PM2.5,佳木斯,39.0
20170124,3,PM2.5_24h,佳木斯,43.0
20170124,3,PM10,佳木斯,47.0
20170124,3,PM10_24h,佳木斯,52.0
20170124,3,SO2,佳木斯,18.0
20170124,3,SO2_24h,佳木斯,18.0
20170124,3,NO2,佳木斯,17.0
20170124,3,NO2_24h,佳木斯,24.0
20170124,3,O3,佳木斯,56.0
20170124,3,O3_24h,佳木斯,96.0
20170124,3,O3_8h,佳木斯,59.0
20170124,3,O3_8h_24h,佳木斯,61.0
20170124,3,CO,佳木斯,0.88
20170124,3,CO_24h,佳木斯,1.02
20170124,4,AQI,佳木斯,54.0
20170124,4,PM2.5,佳木斯,38.0
20170124,4,PM2.5_24h,佳木斯,43.0
20170124,4,PM10,佳木斯,46.0
20170124,4,PM10_24h,佳木斯,52.0
20170124,4,SO2,佳木斯,16.0
20170124,4,SO2_24h,佳木斯,18.0
20170124,4,NO2,佳木斯,13.0
20170124,4,NO2_24h,佳木斯,24.0
20170124,4,O3,佳木斯,59.0
20170124,4,O3_24h,佳木斯,96.0
20170124,4,O3_8h,佳木斯,59.0
20170124,4,O3_8h_24h,佳木斯,61.0
20170124,4,CO,佳木斯,0.88
20170124,4,CO_24h,佳木斯,1.02
20170124,5,AQI,佳木斯,54.0
20170124,5,PM2.5,佳木斯,38.0
20170124,5,PM2.5_24h,佳木斯,44.0
20170124,5,PM10,佳木斯,43.0
20170124,5,PM10_24h,佳木斯,53.0
20170124,5,SO2,佳木斯,16.0
20170124,5,SO2_24h,佳木斯,18.0
20170124,5,NO2,佳木斯,15.0
20170124,5,NO2_24h,佳木斯,24.0
20170124,5,O3,佳木斯,62.0
20170124,5,O3_24h,佳木斯,96.0
20170124,5,O3_8h,佳木斯,59.0
20170124,5,O3_8h_24h,佳木斯,61.0
20170124,5,CO,佳木斯,0.85
20170124,5,CO_24h,佳木斯,1.0
20170124,6,AQI,佳木斯,50.0
20170124,6,PM2.5,佳木斯,35.0
20170124,6,PM2.5_24h,佳木斯,44.0
20170124,6,PM10,佳木斯,41.0
20170124,6,PM10_24h,佳木斯,53.0
20170124,6,SO2,佳木斯,17.0
20170124,6,SO2_24h,佳木斯,18.0
20170124,6,NO2,佳木斯,14.0
20170124,6,NO2_24h,佳木斯,24.0
20170124,6,O3,佳木斯,59.0
20170124,6,O3_24h,佳木斯,96.0
20170124,6,O3_8h,佳木斯,59.0
20170124,6,O3_8h_24h,佳木斯,61.0
20170124,6,CO,佳木斯,0.88
20170124,6,CO_24h,佳木斯,1.0
20170124,7,AQI,佳木斯,50.0
20170124,7,PM2.5,佳木斯,35.0
20170124,7,PM2.5_24h,佳木斯,44.0
20170124,7,PM10,佳木斯,42.0
20170124,7,PM10_24h,佳木斯,53.0
20170124,7,SO2,佳木斯,16.0
20170124,7,SO2_24h,佳木斯,18.0
20170124,7,NO2,佳木斯,16.0
20170124,7,NO2_24h,佳木斯,24.0
20170124,7,O3,佳木斯,57.0
20170124,7,O3_24h,佳木斯,96.0
20170124,7,O3_8h,佳木斯,59.0
20170124,7,O3_8h_24h,佳木斯,61.0
20170124,7,CO,佳木斯,0.9
20170124,7,CO_24h,佳木斯,1.02
20170124,8,AQI,佳木斯,55.0
20170124,8,PM2.5,佳木斯,39.0
20170124,8,PM2.5_24h,佳木斯,44.0
20170124,8,PM10,佳木斯,45.0
20170124,8,PM10_24h,佳木斯,54.0
20170124,8,SO2,佳木斯,15.0
20170124,8,SO2_24h,佳木斯,18.0
20170124,8,NO2,佳木斯,16.0
20170124,8,NO2_24h,佳木斯,24.0
20170124,8,O3,佳木斯,56.0
20170124,8,O3_24h,佳木斯,96.0
20170124,8,O3_8h,佳木斯,58.0
20170124,8,O3_8h_24h,佳木斯,61.0
20170124,8,CO,佳木斯,0.95
20170124,8,CO_24h,佳木斯,1.02
20170124,9,AQI,佳木斯,59.0
20170124,9,PM2.5,佳木斯,42.0
20170124,9,PM2.5_24h,佳木斯,45.0
20170124,9,PM10,佳木斯,51.0
20170124,9,PM10_24h,佳木斯,54.0
20170124,9,SO2,佳木斯,14.0
20170124,9,SO2_24h,佳木斯,18.0
20170124,9,NO2,佳木斯,13.0
20170124,9,NO2_24h,佳木斯,23.0
20170124,9,O3,佳木斯,60.0
20170124,9,O3_24h,佳木斯,96.0
20170124,9,O3_8h,佳木斯,58.0
20170124,9,O3_8h_24h,佳木斯,61.0
20170124,9,CO,佳木斯,0.95
20170124,9,CO_24h,佳木斯,1.0
20170124,10,AQI,佳木斯,58.0
20170124,10,PM2.5,佳木斯,41.0
20170124,10,PM2.5_24h,佳木斯,45.0
20170124,10,PM10,佳木斯,64.0
20170124,10,PM10_24h,佳木斯,54.0
20170124,10,SO2,佳木斯,14.0
20170124,10,SO2_24h,佳木斯,17.0
20170124,10,NO2,佳木斯,11.0
20170124,10,NO2_24h,佳木斯,23.0
20170124,10,O3,佳木斯,65.0
20170124,10,O3_24h,佳木斯,96.0
20170124,10,O3_8h,佳木斯,59.0
20170124,10,O3_8h_24h,佳木斯,61.0
20170124,10,CO,佳木斯,0.93
20170124,10,CO_24h,佳木斯,1.0
20170124,11,AQI,佳木斯,53.0
20170124,11,PM2.5,佳木斯,35.0
20170124,11,PM2.5_24h,佳木斯,45.0
20170124,11,PM10,佳木斯,55.0
20170124,11,PM10_24h,佳木斯,54.0
20170124,11,SO2,佳木斯,14.0
20170124,11,SO2_24h,佳木斯,17.0
20170124,11,NO2,佳木斯,13.0
20170124,11,NO2_24h,佳木斯,22.0
20170124,11,O3,佳木斯,72.0
20170124,11,O3_24h,佳木斯,97.0
20170124,11,O3_8h,佳木斯,61.0
20170124,11,O3_8h_24h,佳木斯,61.0
20170124,11,CO,佳木斯,0.8
20170124,11,CO_24h,佳木斯,1.0
20170124,12,AQI,佳木斯,42.0
20170124,12,PM2.5,佳木斯,27.0
20170124,12,PM2.5_24h,佳木斯,45.0
20170124,12,PM10,佳木斯,42.0
20170124,12,PM10_24h,佳木斯,54.0
20170124,12,SO2,佳木斯,15.0
20170124,12,SO2_24h,佳木斯,17.0
20170124,12,NO2,佳木斯,11.0
20170124,12,NO2_24h,佳木斯,22.0
20170124,12,O3,佳木斯,75.0
20170124,12,O3_24h,佳木斯,98.0
20170124,12,O3_8h,佳木斯,63.0
20170124,12,O3_8h_24h,佳木斯,63.0
20170124,12,CO,佳木斯,1.15
20170124,12,CO_24h,佳木斯,1.0
20170124,13,AQI,佳木斯,39.0
20170124,13,PM2.5,佳木斯,24.0
20170124,13,PM2.5_24h,佳木斯,44.0
20170124,13,PM10,佳木斯,39.0
20170124,13,PM10_24h,佳木斯,54.0
20170124,13,SO2,佳木斯,13.0
20170124,13,SO2_24h,佳木斯,17.0
20170124,13,NO2,佳木斯,14.0
20170124,13,NO2_24h,佳木斯,22.0
20170124,13,O3,佳木斯,77.0
20170124,13,O3_24h,佳木斯,77.0
20170124,13,O3_8h,佳木斯,65.0
20170124,13,O3_8h_24h,佳木斯,65.0
20170124,13,CO,佳木斯,0.7
20170124,13,CO_24h,佳木斯,0.97
20170124,14,AQI,佳木斯,40.0
20170124,14,PM2.5,佳木斯,25.0
20170124,14,PM2.5_24h,佳木斯,44.0
20170124,14,PM10,佳木斯,40.0
20170124,14,PM10_24h,佳木斯,54.0
20170124,14,SO2,佳木斯,16.0
20170124,14,SO2_24h,佳木斯,17.0
20170124,14,NO2,佳木斯,13.0
20170124,14,NO2_24h,佳木斯,22.0
20170124,14,O3,佳木斯,76.0
20170124,14,O3_24h,佳木斯,77.0
20170124,14,O3_8h,佳木斯,67.0
20170124,14,O3_8h_24h,佳木斯,67.0
20170124,14,CO,佳木斯,0.65
20170124,14,CO_24h,佳木斯,0.93
20170124,15,AQI,佳木斯,39.0
20170124,15,PM2.5,佳木斯,25.0
20170124,15,PM2.5_24h,佳木斯,45.0
20170124,15,PM10,佳木斯,39.0
20170124,15,PM10_24h,佳木斯,55.0
20170124,15,SO2,佳木斯,16.0
20170124,15,SO2_24h,佳木斯,17.0
20170124,15,NO2,佳木斯,16.0
20170124,15,NO2_24h,佳木斯,22.0
20170124,15,O3,佳木斯,75.0
20170124,15,O3_24h,佳木斯,77.0
20170124,15,O3_8h,佳木斯,69.0
20170124,15,O3_8h_24h,佳木斯,69.0
20170124,15,CO,佳木斯,0.68
20170124,15,CO_24h,佳木斯,0.93
20170124,16,AQI,佳木斯,42.0
20170124,16,PM2.5,佳木斯,29.0
20170124,16,PM2.5_24h,佳木斯,45.0
20170124,16,PM10,佳木斯,42.0
20170124,16,PM10_24h,佳木斯,55.0
20170124,16,SO2,佳木斯,17.0
20170124,16,SO2_24h,佳木斯,17.0
20170124,16,NO2,佳木斯,18.0
20170124,16,NO2_24h,佳木斯,22.0
20170124,16,O3,佳木斯,70.0
20170124,16,O3_24h,佳木斯,77.0
20170124,16,O3_8h,佳木斯,71.0
20170124,16,O3_8h_24h,佳木斯,71.0
20170124,16,CO,佳木斯,0.75
20170124,16,CO_24h,佳木斯,0.93
20170124,17,AQI,佳木斯,50.0
20170124,17,PM2.5,佳木斯,35.0
20170124,17,PM2.5_24h,佳木斯,45.0
20170124,17,PM10,佳木斯,48.0
20170124,17,PM10_24h,佳木斯,55.0
20170124,17,SO2,佳木斯,20.0
20170124,17,SO2_24h,佳木斯,17.0
20170124,17,NO2,佳木斯,24.0
20170124,17,NO2_24h,佳木斯,21.0
20170124,17,O3,佳木斯,61.0
20170124,17,O3_24h,佳木斯,77.0
20170124,17,O3_8h,佳木斯,71.0
20170124,17,O3_8h_24h,佳木斯,71.0
20170124,17,CO,佳木斯,0.93
20170124,17,CO_24h,佳木斯,0.93
20170124,18,AQI,佳木斯,66.0
20170124,18,PM2.5,佳木斯,48.0
20170124,18,PM2.5_24h,佳木斯,44.0
20170124,18,PM10,佳木斯,57.0
20170124,18,PM10_24h,佳木斯,54.0
20170124,18,SO2,佳木斯,20.0
20170124,18,SO2_24h,佳木斯,17.0
20170124,18,NO2,佳木斯,26.0
20170124,18,NO2_24h,佳木斯,20.0
20170124,18,O3,佳木斯,59.0
20170124,18,O3_24h,佳木斯,77.0
20170124,18,O3_8h,佳木斯,71.0
20170124,18,O3_8h_24h,佳木斯,71.0
20170124,18,CO,佳木斯,0.95
20170124,18,CO_24h,佳木斯,0.93
20170124,19,AQI,佳木斯,75.0
20170124,19,PM2.5,佳木斯,55.0
20170124,19,PM2.5_24h,佳木斯,43.0
20170124,19,PM10,佳木斯,62.0
20170124,19,PM10_24h,佳木斯,53.0
20170124,19,SO2,佳木斯,17.0
20170124,19,SO2_24h,佳木斯,16.0
20170124,19,NO2,佳木斯,21.0
20170124,19,NO2_24h,佳木斯,19.0
20170124,19,O3,佳木斯,63.0
20170124,19,O3_24h,佳木斯,77.0
20170124,19,O3_8h,佳木斯,69.0
20170124,19,O3_8h_24h,佳木斯,71.0
20170124,19,CO,佳木斯,0.93
20170124,19,CO_24h,佳木斯,0.9
20170124,20,AQI,佳木斯,75.0
20170124,20,PM2.5,佳木斯,55.0
20170124,20,PM2.5_24h,佳木斯,42.0
20170124,20,PM10,佳木斯,62.0
20170124,20,PM10_24h,佳木斯,52.0
20170124,20,SO2,佳木斯,17.0
20170124,20,SO2_24h,佳木斯,16.0
20170124,20,NO2,佳木斯,17.0
20170124,20,NO2_24h,佳木斯,18.0
20170124,20,O3,佳木斯,67.0
20170124,20,O3_24h,佳木斯,77.0
20170124,20,O3_8h,佳木斯,68.0
20170124,20,O3_8h_24h,佳木斯,71.0
20170124,20,CO,佳木斯,0.83
20170124,20,CO_24h,佳木斯,0.9
20170124,21,AQI,佳木斯,74.0
20170124,21,PM2.5,佳木斯,54.0
20170124,21,PM2.5_24h,佳木斯,41.0
20170124,21,PM10,佳木斯,48.0
20170124,21,PM10_24h,佳木斯,50.0
20170124,21,SO2,佳木斯,16.0
20170124,21,SO2_24h,佳木斯,16.0
20170124,21,NO2,佳木斯,23.0
20170124,21,NO2_24h,佳木斯,17.0
20170124,21,O3,佳木斯,64.0
20170124,21,O3_24h,佳木斯,77.0
20170124,21,O3_8h,佳木斯,67.0
20170124,21,O3_8h_24h,佳木斯,71.0
20170124,21,CO,佳木斯,0.85
20170124,21,CO_24h,佳木斯,0.85
20170124,22,AQI,佳木斯,69.0
20170124,22,PM2.5,佳木斯,50.0
20170124,22,PM2.5_24h,佳木斯,40.0
20170124,22,PM10,佳木斯,57.0
20170124,22,PM10_24h,佳木斯,49.0
20170124,22,SO2,佳木斯,14.0
20170124,22,SO2_24h,佳木斯,16.0
20170124,22,NO2,佳木斯,16.0
20170124,22,NO2_24h,佳木斯,17.0
20170124,22,O3,佳木斯,67.0
20170124,22,O3_24h,佳木斯,77.0
20170124,22,O3_8h,佳木斯,66.0
20170124,22,O3_8h_24h,佳木斯,71.0
20170124,22,CO,佳木斯,0.85
20170124,22,CO_24h,佳木斯,0.85
20170124,23,AQI,佳木斯,63.0
20170124,23,PM2.5,佳木斯,45.0
20170124,23,PM2.5_24h,佳木斯,40.0
20170124,23,PM10,佳木斯,53.0
20170124,23,PM10_24h,佳木斯,48.0
20170124,23,SO2,佳木斯,16.0
20170124,23,SO2_24h,佳木斯,16.0
20170124,23,NO2,佳木斯,15.0
20170124,23,NO2_24h,佳木斯,16.0
20170124,23,O3,佳木斯,69.0
20170124,23,O3_24h,佳木斯,77.0
20170124,23,O3_8h,佳木斯,65.0
20170124,23,O3_8h_24h,佳木斯,71.0
20170124,23,CO,佳木斯,0.83
20170124,23,CO_24h,佳木斯,0.88
20170124,0,AQI,七台河,124.0
20170124,0,PM2.5,七台河,94.0
20170124,0,PM2.5_24h,七台河,54.0
20170124,0,PM10,七台河,159.0
20170124,0,PM10_24h,七台河,87.0
20170124,0,SO2,七台河,37.0
20170124,0,SO2_24h,七台河,26.0
20170124,0,NO2,七台河,64.0
20170124,0,NO2_24h,七台河,58.0
20170124,0,O3,七台河,37.0
20170124,0,O3_24h,七台河,79.0
20170124,0,O3_8h,七台河,41.0
20170124,0,O3_8h_24h,七台河,64.0
20170124,0,CO,七台河,1.3
20170124,0,CO_24h,七台河,1.0
20170124,1,AQI,七台河,121.0
20170124,1,PM2.5,七台河,92.0
20170124,1,PM2.5_24h,七台河,56.0
20170124,1,PM10,七台河,127.0
20170124,1,PM10_24h,七台河,89.0
20170124,1,SO2,七台河,30.0
20170124,1,SO2_24h,七台河,26.0
20170124,1,NO2,七台河,58.0
20170124,1,NO2_24h,七台河,59.0
20170124,1,O3,七台河,49.0
20170124,1,O3_24h,七台河,79.0
20170124,1,O3_8h,七台河,49.0
20170124,1,O3_8h_24h,七台河,49.0
20170124,1,CO,七台河,1.2
20170124,1,CO_24h,七台河,1.0
20170124,2,AQI,七台河,109.0
20170124,2,PM2.5,七台河,82.0
20170124,2,PM2.5_24h,七台河,57.0
20170124,2,PM10,七台河,107.0
20170124,2,PM10_24h,七台河,91.0
20170124,2,SO2,七台河,23.0
20170124,2,SO2_24h,七台河,26.0
20170124,2,NO2,七台河,57.0
20170124,2,NO2_24h,七台河,59.0
20170124,2,O3,七台河,50.0
20170124,2,O3_24h,七台河,79.0
20170124,2,O3_8h,七台河,50.0
20170124,2,O3_8h_24h,七台河,50.0
20170124,2,CO,七台河,1.2
20170124,2,CO_24h,七台河,1.0
20170124,3,AQI,七台河,104.0
20170124,3,PM2.5,七台河,78.0
20170124,3,PM2.5_24h,七台河,59.0
20170124,3,PM10,七台河,113.0
20170124,3,PM10_24h,七台河,92.0
20170124,3,SO2,七台河,23.0
20170124,3,SO2_24h,七台河,27.0
20170124,3,NO2,七台河,53.0
20170124,3,NO2_24h,七台河,60.0
20170124,3,O3,七台河,52.0
20170124,3,O3_24h,七台河,79.0
20170124,3,O3_8h,七台河,50.0
20170124,3,O3_8h_24h,七台河,50.0
20170124,3,CO,七台河,1.2
20170124,3,CO_24h,七台河,1.0
20170124,4,AQI,七台河,96.0
20170124,4,PM2.5,七台河,72.0
20170124,4,PM2.5_24h,七台河,59.0
20170124,4,PM10,七台河,92.0
20170124,4,PM10_24h,七台河,93.0
20170124,4,SO2,七台河,15.0
20170124,4,SO2_24h,七台河,26.0
20170124,4,NO2,七台河,35.0
20170124,4,NO2_24h,七台河,59.0
20170124,4,O3,七台河,72.0
20170124,4,O3_24h,七台河,79.0
20170124,4,O3_8h,七台河,56.0
20170124,4,O3_8h_24h,七台河,56.0
20170124,4,CO,七台河,0.9
20170124,4,CO_24h,七台河,1.1
20170124,5,AQI,七台河,83.0
20170124,5,PM2.5,七台河,61.0
20170124,5,PM2.5_24h,七台河,60.0
20170124,5,PM10,七台河,75.0
20170124,5,PM10_24h,七台河,93.0
20170124,5,SO2,七台河,38.0
20170124,5,SO2_24h,七台河,27.0
20170124,5,NO2,七台河,58.0
20170124,5,NO2_24h,七台河,59.0
20170124,5,O3,七台河,45.0
20170124,5,O3_24h,七台河,79.0
20170124,5,O3_8h,七台河,54.0
20170124,5,O3_8h_24h,七台河,56.0
20170124,5,CO,七台河,1.2
20170124,5,CO_24h,七台河,1.1
20170124,6,AQI,七台河,96.0
20170124,6,PM2.5,七台河,72.0
20170124,6,PM2.5_24h,七台河,61.0
20170124,6,PM10,七台河,109.0
20170124,6,PM10_24h,七台河,94.0
20170124,6,SO2,七台河,32.0
20170124,6,SO2_24h,七台河,27.0
20170124,6,NO2,七台河,63.0
20170124,6,NO2_24h,七台河,59.0
20170124,6,O3,七台河,45.0
20170124,6,O3_24h,七台河,79.0
20170124,6,O3_8h,七台河,52.0
20170124,6,O3_8h_24h,七台河,56.0
20170124,6,CO,七台河,1.0
20170124,6,CO_24h,七台河,1.1
20170124,7,AQI,七台河,99.0
20170124,7,PM2.5,七台河,74.0
20170124,7,PM2.5_24h,七台河,61.0
20170124,7,PM10,七台河,113.0
20170124,7,PM10_24h,七台河,95.0
20170124,7,SO2,七台河,33.0
20170124,7,SO2_24h,七台河,27.0
20170124,7,NO2,七台河,67.0
20170124,7,NO2_24h,七台河,59.0
20170124,7,O3,七台河,36.0
20170124,7,O3_24h,七台河,79.0
20170124,7,O3_8h,七台河,50.0
20170124,7,O3_8h_24h,七台河,56.0
20170124,7,CO,七台河,1.0
20170124,7,CO_24h,七台河,1.1
20170124,8,AQI,七台河,94.0
20170124,8,PM2.5,七台河,70.0
20170124,8,PM2.5_24h,七台河,62.0
20170124,8,PM10,七台河,115.0
20170124,8,PM10_24h,七台河,96.0
20170124,8,SO2,七台河,29.0
20170124,8,SO2_24h,七台河,27.0
20170124,8,NO2,七台河,73.0
20170124,8,NO2_24h,七台河,59.0
20170124,8,O3,七台河,28.0
20170124,8,O3_24h,七台河,79.0
20170124,8,O3_8h,七台河,47.0
20170124,8,O3_8h_24h,七台河,56.0
20170124,8,CO,七台河,1.2
20170124,8,CO_24h,七台河,1.1
20170124,9,AQI,七台河,99.0
20170124,9,PM2.5,七台河,74.0
20170124,9,PM2.5_24h,七台河,63.0
20170124,9,PM10,七台河,109.0
20170124,9,PM10_24h,七台河,98.0
20170124,9,SO2,七台河,24.0
20170124,9,SO2_24h,七台河,27.0
20170124,9,NO2,七台河,67.0
20170124,9,NO2_24h,七台河,59.0
20170124,9,O3,七台河,37.0
20170124,9,O3_24h,七台河,79.0
20170124,9,O3_8h,七台河,46.0
20170124,9,O3_8h_24h,七台河,56.0
20170124,9,CO,七台河,1.2
20170124,9,CO_24h,七台河,1.1
20170124,10,AQI,七台河,100.0
20170124,10,PM2.5,七台河,75.0
20170124,10,PM2.5_24h,七台河,64.0
20170124,10,PM10,七台河,120.0
20170124,10,PM10_24h,七台河,99.0
20170124,10,SO2,七台河,27.0
20170124,10,SO2_24h,七台河,27.0
20170124,10,NO2,七台河,59.0
20170124,10,NO2_24h,七台河,59.0
20170124,10,O3,七台河,52.0
20170124,10,O3_24h,七台河,79.0
20170124,10,O3_8h,七台河,46.0
20170124,10,O3_8h_24h,七台河,56.0
20170124,10,CO,七台河,1.1
20170124,10,CO_24h,七台河,1.1
20170124,11,AQI,七台河,84.0
20170124,11,PM2.5,七台河,62.0
20170124,11,PM2.5_24h,七台河,64.0
20170124,11,PM10,七台河,96.0
20170124,11,PM10_24h,七台河,99.0
20170124,11,SO2,七台河,17.0
20170124,11,SO2_24h,七台河,26.0
20170124,11,NO2,七台河,53.0
20170124,11,NO2_24h,七台河,59.0
20170124,11,O3,七台河,59.0
20170124,11,O3_24h,七台河,79.0
20170124,11,O3_8h,七台河,47.0
20170124,11,O3_8h_24h,七台河,56.0
20170124,11,CO,七台河,1.0
20170124,11,CO_24h,七台河,1.1
20170124,12,AQI,七台河,65.0
20170124,12,PM2.5,七台河,42.0
20170124,12,PM2.5_24h,七台河,63.0
20170124,12,PM10,七台河,79.0
20170124,12,PM10_24h,七台河,98.0
20170124,12,SO2,七台河,22.0
20170124,12,SO2_24h,七台河,27.0
20170124,12,NO2,七台河,48.0
20170124,12,NO2_24h,七台河,59.0
20170124,12,O3,七台河,67.0
20170124,12,O3_24h,七台河,79.0
20170124,12,O3_8h,七台河,46.0
20170124,12,O3_8h_24h,七台河,56.0
20170124,12,CO,七台河,0.9
20170124,12,CO_24h,七台河,1.1
20170124,13,AQI,七台河,60.0
20170124,13,PM2.5,七台河,40.0
20170124,13,PM2.5_24h,七台河,63.0
20170124,13,PM10,七台河,69.0
20170124,13,PM10_24h,七台河,98.0
20170124,13,SO2,七台河,12.0
20170124,13,SO2_24h,七台河,27.0
20170124,13,NO2,七台河,40.0
20170124,13,NO2_24h,七台河,59.0
20170124,13,O3,七台河,78.0
20170124,13,O3_24h,七台河,79.0
20170124,13,O3_8h,七台河,50.0
20170124,13,O3_8h_24h,七台河,56.0
20170124,13,CO,七台河,0.7
20170124,13,CO_24h,七台河,1.1
20170124,14,AQI,七台河,54.0
20170124,14,PM2.5,七台河,28.0
20170124,14,PM2.5_24h,七台河,63.0
20170124,14,PM10,七台河,58.0
20170124,14,PM10_24h,七台河,98.0
20170124,14,SO2,七台河,3.0
20170124,14,SO2_24h,七台河,26.0
20170124,14,NO2,七台河,32.0
20170124,14,NO2_24h,七台河,59.0
20170124,14,O3,七台河,84.0
20170124,14,O3_24h,七台河,84.0
20170124,14,O3_8h,七台河,55.0
20170124,14,O3_8h_24h,七台河,56.0
20170124,14,CO,七台河,0.6
20170124,14,CO_24h,七台河,1.1
20170124,15,AQI,七台河,51.0
20170124,15,PM2.5,七台河,23.0
20170124,15,PM2.5_24h,七台河,63.0
20170124,15,PM10,七台河,52.0
20170124,15,PM10_24h,七台河,98.0
20170124,15,SO2,七台河,2.0
20170124,15,SO2_24h,七台河,26.0
20170124,15,NO2,七台河,32.0
20170124,15,NO2_24h,七台河,59.0
20170124,15,O3,七台河,88.0
20170124,15,O3_24h,七台河,88.0
20170124,15,O3_8h,七台河,62.0
20170124,15,O3_8h_24h,七台河,62.0
20170124,15,CO,七台河,0.6
20170124,15,CO_24h,七台河,1.1
20170124,16,AQI,七台河,54.0
20170124,16,PM2.5,七台河,17.0
20170124,16,PM2.5_24h,七台河,62.0
20170124,16,PM10,七台河,57.0
20170124,16,PM10_24h,七台河,98.0
20170124,16,SO2,七台河,3.0
20170124,16,SO2_24h,七台河,26.0
20170124,16,NO2,七台河,40.0
20170124,16,NO2_24h,七台河,59.0
20170124,16,O3,七台河,80.0
20170124,16,O3_24h,七台河,88.0
20170124,16,O3_8h,七台河,68.0
20170124,16,O3_8h_24h,七台河,68.0
20170124,16,CO,七台河,0.7
20170124,16,CO_24h,七台河,1.1
20170124,17,AQI,七台河,59.0
20170124,17,PM2.5,七台河,22.0
20170124,17,PM2.5_24h,七台河,62.0
20170124,17,PM10,七台河,67.0
20170124,17,PM10_24h,七台河,98.0
20170124,17,SO2,七台河,7.0
20170124,17,SO2_24h,七台河,26.0
20170124,17,NO2,七台河,50.0
20170124,17,NO2_24h,七台河,58.0
20170124,17,O3,七台河,73.0
20170124,17,O3_24h,七台河,88.0
20170124,17,O3_8h,七台河,73.0
20170124,17,O3_8h_24h,七台河,73.0
20170124,17,CO,七台河,0.8
20170124,17,CO_24h,七台河,1.1
20170124,18,AQI,七台河,58.0
20170124,18,PM2.5,七台河,41.0
20170124,18,PM2.5_24h,七台河,62.0
20170124,18,PM10,七台河,53.0
20170124,18,PM10_24h,七台河,98.0
20170124,18,SO2,七台河,12.0
20170124,18,SO2_24h,七台河,25.0
20170124,18,NO2,七台河,50.0
20170124,18,NO2_24h,七台河,58.0
20170124,18,O3,七台河,74.0
20170124,18,O3_24h,七台河,88.0
20170124,18,O3_8h,七台河,75.0
20170124,18,O3_8h_24h,七台河,75.0
20170124,18,CO,七台河,0.8
20170124,18,CO_24h,七台河,1.0
20170124,19,AQI,七台河,58.0
20170124,19,PM2.5,七台河,39.0
20170124,19,PM2.5_24h,七台河,61.0
20170124,19,PM10,七台河,66.0
20170124,19,PM10_24h,七台河,96.0
20170124,19,SO2,七台河,15.0
20170124,19,SO2_24h,七台河,24.0
20170124,19,NO2,七台河,50.0
20170124,19,NO2_24h,七台河,56.0
20170124,19,O3,七台河,70.0
20170124,19,O3_24h,七台河,88.0
20170124,19,O3_8h,七台河,77.0
20170124,19,O3_8h_24h,七台河,77.0
20170124,19,CO,七台河,0.9
20170124,19,CO_24h,七台河,1.0
20170124,20,AQI,七台河,59.0
20170124,20,PM2.5,七台河,42.0
20170124,20,PM2.5_24h,七台河,60.0
20170124,20,PM10,七台河,61.0
20170124,20,PM10_24h,七台河,95.0
20170124,20,SO2,七台河,10.0
20170124,20,SO2_24h,七台河,23.0
20170124,20,NO2,七台河,55.0
20170124,20,NO2_24h,七台河,55.0
20170124,20,O3,七台河,63.0
20170124,20,O3_24h,七台河,88.0
20170124,20,O3_8h,七台河,76.0
20170124,20,O3_8h_24h,七台河,77.0
20170124,20,CO,七台河,0.9
20170124,20,CO_24h,七台河,1.0
20170124,21,AQI,七台河,63.0
20170124,21,PM2.5,七台河,45.0
20170124,21,PM2.5_24h,七台河,58.0
20170124,21,PM10,七台河,58.0
20170124,21,PM10_24h,七台河,92.0
20170124,21,SO2,七台河,9.0
20170124,21,SO2_24h,七台河,21.0
20170124,21,NO2,七台河,47.0
20170124,21,NO2_24h,七台河,54.0
20170124,21,O3,七台河,66.0
20170124,21,O3_24h,七台河,88.0
20170124,21,O3_8h,七台河,75.0
20170124,21,O3_8h_24h,七台河,77.0
20170124,21,CO,七台河,0.9
20170124,21,CO_24h,七台河,1.0
20170124,22,AQI,七台河,56.0
20170124,22,PM2.5,七台河,37.0
20170124,22,PM2.5_24h,七台河,57.0
20170124,22,PM10,七台河,62.0
20170124,22,PM10_24h,七台河,90.0
20170124,22,SO2,七台河,17.0
20170124,22,SO2_24h,七台河,20.0
20170124,22,NO2,七台河,47.0
20170124,22,NO2_24h,七台河,53.0
20170124,22,O3,七台河,65.0
20170124,22,O3_24h,七台河,88.0
20170124,22,O3_8h,七台河,72.0
20170124,22,O3_8h_24h,七台河,77.0
20170124,22,CO,七台河,1.0
20170124,22,CO_24h,七台河,1.0
20170124,23,AQI,七台河,71.0
20170124,23,PM2.5,七台河,52.0
20170124,23,PM2.5_24h,七台河,56.0
20170124,23,PM10,七台河,66.0
20170124,23,PM10_24h,七台河,87.0
20170124,23,SO2,七台河,23.0
20170124,23,SO2_24h,七台河,19.0
20170124,23,NO2,七台河,44.0
20170124,23,NO2_24h,七台河,52.0
20170124,23,O3,七台河,70.0
20170124,23,O3_24h,七台河,88.0
20170124,23,O3_8h,七台河,70.0
20170124,23,O3_8h_24h,七台河,77.0
20170124,23,CO,七台河,1.0
20170124,23,CO_24h,七台河,1.0
20170124,0,AQI,黑河,60.0
20170124,0,PM2.5,黑河,42.0
20170124,0,PM2.5_24h,黑河,26.0
20170124,0,PM10,黑河,70.0
20170124,0,PM10_24h,黑河,52.0
20170124,0,SO2,黑河,39.0
20170124,0,SO2_24h,黑河,33.0
20170124,0,NO2,黑河,34.0
20170124,0,NO2_24h,黑河,27.0
20170124,0,O3,黑河,29.0
20170124,0,O3_24h,黑河,67.0
20170124,0,O3_8h,黑河,25.0
20170124,0,O3_8h_24h,黑河,63.0
20170124,0,CO,黑河,1.0
20170124,0,CO_24h,黑河,0.85
20170124,1,AQI,黑河,58.0
20170124,1,PM2.5,黑河,41.0
20170124,1,PM2.5_24h,黑河,27.0
20170124,1,PM10,黑河,64.0
20170124,1,PM10_24h,黑河,53.0
20170124,1,SO2,黑河,23.0
20170124,1,SO2_24h,黑河,33.0
20170124,1,NO2,黑河,20.0
20170124,1,NO2_24h,黑河,27.0
20170124,1,O3,黑河,44.0
20170124,1,O3_24h,黑河,67.0
20170124,1,O3_8h,黑河,44.0
20170124,1,O3_8h_24h,黑河,44.0
20170124,1,CO,黑河,0.65
20170124,1,CO_24h,黑河,0.8
20170124,2,AQI,黑河,47.0
20170124,2,PM2.5,黑河,33.0
20170124,2,PM2.5_24h,黑河,27.0
20170124,2,PM10,黑河,33.0
20170124,2,PM10_24h,黑河,53.0
20170124,2,SO2,黑河,18.0
20170124,2,SO2_24h,黑河,34.0
20170124,2,NO2,黑河,16.0
20170124,2,NO2_24h,黑河,27.0
20170124,2,O3,黑河,49.0
20170124,2,O3_24h,黑河,67.0
20170124,2,O3_8h,黑河,46.0
20170124,2,O3_8h_24h,黑河,46.0
20170124,2,CO,黑河,0.6
20170124,2,CO_24h,黑河,0.8
20170124,3,AQI,黑河,40.0
20170124,3,PM2.5,黑河,28.0
20170124,3,PM2.5_24h,黑河,28.0
20170124,3,PM10,黑河,27.0
20170124,3,PM10_24h,黑河,54.0
20170124,3,SO2,黑河,19.0
20170124,3,SO2_24h,黑河,34.0
20170124,3,NO2,黑河,14.0
20170124,3,NO2_24h,黑河,28.0
20170124,3,O3,黑河,54.0
20170124,3,O3_24h,黑河,67.0
20170124,3,O3_8h,黑河,49.0
20170124,3,O3_8h_24h,黑河,49.0
20170124,3,CO,黑河,0.5
20170124,3,CO_24h,黑河,0.8
20170124,4,AQI,黑河,37.0
20170124,4,PM2.5,黑河,26.0
20170124,4,PM2.5_24h,黑河,29.0
20170124,4,PM10,黑河,31.0
20170124,4,PM10_24h,黑河,54.0
20170124,4,SO2,黑河,16.0
20170124,4,SO2_24h,黑河,34.0
20170124,4,NO2,黑河,11.0
20170124,4,NO2_24h,黑河,28.0
20170124,4,O3,黑河,57.0
20170124,4,O3_24h,黑河,67.0
20170124,4,O3_8h,黑河,51.0
20170124,4,O3_8h_24h,黑河,51.0
20170124,4,CO,黑河,0.45
20170124,4,CO_24h,黑河,0.8
20170124,5,AQI,黑河,36.0
20170124,5,PM2.5,黑河,21.0
20170124,5,PM2.5_24h,黑河,29.0
20170124,5,PM10,黑河,36.0
20170124,5,PM10_24h,黑河,54.0
20170124,5,SO2,黑河,20.0
20170124,5,SO2_24h,黑河,35.0
20170124,5,NO2,黑河,11.0
20170124,5,NO2_24h,黑河,27.0
20170124,5,O3,黑河,58.0
20170124,5,O3_24h,黑河,65.0
20170124,5,O3_8h,黑河,53.0
20170124,5,O3_8h_24h,黑河,53.0
20170124,5,CO,黑河,0.5
20170124,5,CO_24h,黑河,0.8
20170124,6,AQI,黑河,32.0
20170124,6,PM2.5,黑河,20.0
20170124,6,PM2.5_24h,黑河,29.0
20170124,6,PM10,黑河,32.0
20170124,6,PM10_24h,黑河,54.0
20170124,6,SO2,黑河,21.0
20170124,6,SO2_24h,黑河,35.0
20170124,6,NO2,黑河,11.0
20170124,6,NO2_24h,黑河,27.0
20170124,6,O3,黑河,59.0
20170124,6,O3_24h,黑河,62.0
20170124,6,O3_8h,黑河,54.0
20170124,6,O3_8h_24h,黑河,54.0
20170124,6,CO,黑河,0.45
20170124,6,CO_24h,黑河,0.8
20170124,7,AQI,黑河,36.0
20170124,7,PM2.5,黑河,21.0
20170124,7,PM2.5_24h,黑河,28.0
20170124,7,PM10,黑河,36.0
20170124,7,PM10_24h,黑河,53.0
20170124,7,SO2,黑河,30.0
20170124,7,SO2_24h,黑河,36.0
20170124,7,NO2,黑河,18.0
20170124,7,NO2_24h,黑河,28.0
20170124,7,O3,黑河,55.0
20170124,7,O3_24h,黑河,62.0
20170124,7,O3_8h,黑河,54.0
20170124,7,O3_8h_24h,黑河,54.0
20170124,7,CO,黑河,0.65
20170124,7,CO_24h,黑河,0.8
20170124,8,AQI,黑河,42.0
20170124,8,PM2.5,黑河,24.0
20170124,8,PM2.5_24h,黑河,28.0
20170124,8,PM10,黑河,42.0
20170124,8,PM10_24h,黑河,54.0
20170124,8,SO2,黑河,57.0
20170124,8,SO2_24h,黑河,38.0
20170124,8,NO2,黑河,43.0
20170124,8,NO2_24h,黑河,29.0
20170124,8,O3,黑河,37.0
20170124,8,O3_24h,黑河,62.0
20170124,8,O3_8h,黑河,52.0
20170124,8,O3_8h_24h,黑河,54.0
20170124,8,CO,黑河,1.0
20170124,8,CO_24h,黑河,0.8
20170124,9,AQI,黑河,65.0
20170124,9,PM2.5,黑河,29.0
20170124,9,PM2.5_24h,黑河,29.0
20170124,9,PM10,黑河,79.0
20170124,9,PM10_24h,黑河,54.0
20170124,9,SO2,黑河,69.0
20170124,9,SO2_24h,黑河,39.0
20170124,9,NO2,黑河,50.0
20170124,9,NO2_24h,黑河,29.0
20170124,9,O3,黑河,27.0
20170124,9,O3_24h,黑河,62.0
20170124,9,O3_8h,黑河,50.0
20170124,9,O3_8h_24h,黑河,54.0
20170124,9,CO,黑河,1.4
20170124,9,CO_24h,黑河,0.85
20170124,10,AQI,黑河,71.0
20170124,10,PM2.5,黑河,52.0
20170124,10,PM2.5_24h,黑河,29.0
20170124,10,PM10,黑河,91.0
20170124,10,PM10_24h,黑河,56.0
20170124,10,SO2,黑河,91.0
20170124,10,SO2_24h,黑河,43.0
20170124,10,NO2,黑河,47.0
20170124,10,NO2_24h,黑河,31.0
20170124,10,O3,黑河,33.0
20170124,10,O3_24h,黑河,62.0
20170124,10,O3_8h,黑河,47.0
20170124,10,O3_8h_24h,黑河,54.0
20170124,10,CO,黑河,1.45
20170124,10,CO_24h,黑河,0.9
20170124,11,AQI,黑河,89.0
20170124,11,PM2.5_24h,黑河,29.0
20170124,11,PM10,黑河,128.0
20170124,11,PM10_24h,黑河,59.0
20170124,11,SO2,黑河,62.0
20170124,11,SO2_24h,黑河,44.0
20170124,11,NO2,黑河,42.0
20170124,11,NO2_24h,黑河,32.0
20170124,11,O3,黑河,40.0
20170124,11,O3_24h,黑河,62.0
20170124,11,O3_8h,黑河,46.0
20170124,11,O3_8h_24h,黑河,54.0
20170124,11,CO,黑河,1.05
20170124,11,CO_24h,黑河,0.9
20170124,12,AQI,黑河,103.0
20170124,12,PM2.5,黑河,77.0
20170124,12,PM2.5_24h,黑河,31.0
20170124,12,PM10,黑河,77.0
20170124,12,PM10_24h,黑河,62.0
20170124,12,SO2,黑河,80.0
20170124,12,SO2_24h,黑河,47.0
20170124,12,NO2,黑河,42.0
20170124,12,NO2_24h,黑河,33.0
20170124,12,O3,黑河,43.0
20170124,12,O3_24h,黑河,60.0
20170124,12,O3_8h,黑河,44.0
20170124,12,O3_8h_24h,黑河,54.0
20170124,12,CO,黑河,1.1
20170124,12,CO_24h,黑河,0.95
20170124,13,AQI,黑河,136.0
20170124,13,PM2.5,黑河,104.0
20170124,13,PM2.5_24h,黑河,32.0
20170124,13,PM10,黑河,91.0
20170124,13,PM10_24h,黑河,65.0
20170124,13,SO2,黑河,44.0
20170124,13,SO2_24h,黑河,49.0
20170124,13,NO2,黑河,24.0
20170124,13,NO2_24h,黑河,34.0
20170124,13,O3,黑河,56.0
20170124,13,O3_24h,黑河,62.0
20170124,13,O3_8h,黑河,44.0
20170124,13,O3_8h_24h,黑河,54.0
20170124,13,CO,黑河,0.75
20170124,13,CO_24h,黑河,0.95
20170124,14,AQI,黑河,53.0
20170124,14,PM2.5,黑河,35.0
20170124,14,PM2.5_24h,黑河,33.0
20170124,14,PM10,黑河,56.0
20170124,14,PM10_24h,黑河,66.0
20170124,14,SO2,黑河,46.0
20170124,14,SO2_24h,黑河,50.0
20170124,14,NO2,黑河,27.0
20170124,14,NO2_24h,黑河,34.0
20170124,14,O3,黑河,56.0
20170124,14,O3_24h,黑河,65.0
20170124,14,O3_8h,黑河,43.0
20170124,14,O3_8h_24h,黑河,54.0
20170124,14,CO,黑河,0.7
20170124,14,CO_24h,黑河,0.95
20170124,15,AQI,黑河,47.0
20170124,15,PM2.5,黑河,29.0
20170124,15,PM2.5_24h,黑河,34.0
20170124,15,PM10,黑河,47.0
20170124,15,PM10_24h,黑河,67.0
20170124,15,SO2,黑河,30.0
20170124,15,SO2_24h,黑河,52.0
20170124,15,NO2,黑河,27.0
20170124,15,NO2_24h,黑河,35.0
20170124,15,O3,黑河,57.0
20170124,15,O3_24h,黑河,67.0
20170124,15,O3_8h,黑河,43.0
20170124,15,O3_8h_24h,黑河,54.0
20170124,15,CO,黑河,0.6
20170124,15,CO_24h,黑河,0.95
20170124,16,AQI,黑河,41.0
20170124,16,PM2.5,黑河,26.0
20170124,16,PM2.5_24h,黑河,34.0
20170124,16,PM10,黑河,41.0
20170124,16,PM10_24h,黑河,68.0
20170124,16,SO2,黑河,32.0
20170124,16,SO2_24h,黑河,52.0
20170124,16,NO2,黑河,37.0
20170124,16,NO2_24h,黑河,35.0
20170124,16,O3,黑河,50.0
20170124,16,O3_24h,黑河,67.0
20170124,16,O3_8h,黑河,46.0
20170124,16,O3_8h_24h,黑河,54.0
20170124,16,CO,黑河,0.7
20170124,16,CO_24h,黑河,0.95
20170124,17,AQI,黑河,42.0
20170124,17,PM2.5,黑河,25.0
20170124,17,PM2.5_24h,黑河,35.0
20170124,17,PM10,黑河,42.0
20170124,17,PM10_24h,黑河,68.0
20170124,17,SO2,黑河,43.0
20170124,17,SO2_24h,黑河,53.0
20170124,17,NO2,黑河,41.0
20170124,17,NO2_24h,黑河,35.0
20170124,17,O3,黑河,44.0
20170124,17,O3_24h,黑河,67.0
20170124,17,O3_8h,黑河,47.0
20170124,17,O3_8h_24h,黑河,54.0
20170124,17,CO,黑河,0.8
20170124,17,CO_24h,黑河,0.95
20170124,18,AQI,黑河,55.0
20170124,18,PM2.5,黑河,37.0
20170124,18,PM2.5_24h,黑河,35.0
20170124,18,PM10,黑河,60.0
20170124,18,PM10_24h,黑河,68.0
20170124,18,SO2,黑河,79.0
20170124,18,SO2_24h,黑河,53.0
20170124,18,NO2,黑河,61.0
20170124,18,NO2_24h,黑河,35.0
20170124,18,O3,黑河,28.0
20170124,18,O3_24h,黑河,67.0
20170124,18,O3_8h,黑河,47.0
20170124,18,O3_8h_24h,黑河,54.0
20170124,18,CO,黑河,1.15
20170124,18,CO_24h,黑河,0.95
20170124,19,AQI,黑河,71.0
20170124,19,PM2.5,黑河,52.0
20170124,19,PM2.5_24h,黑河,36.0
20170124,19,PM10,黑河,77.0
20170124,19,PM10_24h,黑河,68.0
20170124,19,SO2,黑河,172.0
20170124,19,SO2_24h,黑河,56.0
20170124,19,NO2,黑河,81.0
20170124,19,NO2_24h,黑河,36.0
20170124,19,O3,黑河,13.0
20170124,19,O3_24h,黑河,67.0
20170124,19,O3_8h,黑河,43.0
20170124,19,O3_8h_24h,黑河,54.0
20170124,19,CO,黑河,2.1
20170124,19,CO_24h,黑河,1.0
20170124,20,AQI,黑河,184.0
20170124,20,PM2.5,黑河,139.0
20170124,20,PM2.5_24h,黑河,40.0
20170124,20,PM10,黑河,181.0
20170124,20,PM10_24h,黑河,70.0
20170124,20,SO2,黑河,37.0
20170124,20,SO2_24h,黑河,51.0
20170124,20,NO2,黑河,26.0
20170124,20,NO2_24h,黑河,34.0
20170124,20,O3,黑河,42.0
20170124,20,O3_24h,黑河,67.0
20170124,20,O3_8h,黑河,43.0
20170124,20,O3_8h_24h,黑河,54.0
20170124,20,CO,黑河,0.9
20170124,20,CO_24h,黑河,0.95
20170124,21,AQI,黑河,78.0
20170124,21,PM2.5,黑河,57.0
20170124,21,PM2.5_24h,黑河,41.0
20170124,21,PM10,黑河,53.0
20170124,21,PM10_24h,黑河,67.0
20170124,21,SO2,黑河,26.0
20170124,21,SO2_24h,黑河,49.0
20170124,21,NO2,黑河,21.0
20170124,21,NO2_24h,黑河,33.0
20170124,21,O3,黑河,49.0
20170124,21,O3_24h,黑河,67.0
20170124,21,O3_8h,黑河,42.0
20170124,21,O3_8h_24h,黑河,54.0
20170124,21,CO,黑河,0.75
20170124,21,CO_24h,黑河,0.9
20170124,22,AQI,黑河,55.0
20170124,22,PM2.5,黑河,39.0
20170124,22,PM2.5_24h,黑河,40.0
20170124,22,PM10,黑河,56.0
20170124,22,PM10_24h,黑河,65.0
20170124,22,SO2,黑河,26.0
20170124,22,SO2_24h,黑河,48.0
20170124,22,NO2,黑河,22.0
20170124,22,NO2_24h,黑河,32.0
20170124,22,O3,黑河,47.0
20170124,22,O3_24h,黑河,67.0
20170124,22,O3_8h,黑河,41.0
20170124,22,O3_8h_24h,黑河,54.0
20170124,22,CO,黑河,0.7
20170124,22,CO_24h,黑河,0.9
20170124,23,AQI,黑河,52.0
20170124,23,PM2.5,黑河,35.0
20170124,23,PM2.5_24h,黑河,40.0
20170124,23,PM10,黑河,54.0
20170124,23,PM10_24h,黑河,64.0
20170124,23,SO2,黑河,21.0
20170124,23,SO2_24h,黑河,46.0
20170124,23,NO2,黑河,15.0
20170124,23,NO2_24h,黑河,31.0
20170124,23,O3,黑河,53.0
20170124,23,O3_24h,黑河,67.0
20170124,23,O3_8h,黑河,41.0
20170124,23,O3_8h_24h,黑河,54.0
20170124,23,CO,黑河,0.65
20170124,23,CO_24h,黑河,0.85
20170124,0,AQI,绥化,51.0
20170124,0,PM2.5,绥化,36.0
20170124,0,PM2.5_24h,绥化,38.0
20170124,0,PM10,绥化,42.0
20170124,0,PM10_24h,绥化,44.0
20170124,0,SO2,绥化,10.0
20170124,0,SO2_24h,绥化,18.0
20170124,0,NO2,绥化,18.0
20170124,0,NO2_24h,绥化,23.0
20170124,0,O3,绥化,52.0
20170124,0,O3_24h,绥化,69.0
20170124,0,O3_8h,绥化,54.0
20170124,0,O3_8h_24h,绥化,60.0
20170124,0,CO,绥化,0.45
20170124,0,CO_24h,绥化,0.6
20170124,1,AQI,绥化,47.0
20170124,1,PM2.5,绥化,33.0
20170124,1,PM2.5_24h,绥化,39.0
20170124,1,PM10,绥化,38.0
20170124,1,PM10_24h,绥化,45.0
20170124,1,SO2,绥化,10.0
20170124,1,SO2_24h,绥化,17.0
20170124,1,NO2,绥化,17.0
20170124,1,NO2_24h,绥化,23.0
20170124,1,O3,绥化,51.0
20170124,1,O3_24h,绥化,69.0
20170124,1,O3_8h,绥化,51.0
20170124,1,O3_8h_24h,绥化,51.0
20170124,1,CO,绥化,0.5
20170124,1,CO_24h,绥化,0.65
20170124,2,AQI,绥化,41.0
20170124,2,PM2.5,绥化,29.0
20170124,2,PM2.5_24h,绥化,39.0
20170124,2,PM10,绥化,36.0
20170124,2,PM10_24h,绥化,45.0
20170124,2,SO2,绥化,9.0
20170124,2,SO2_24h,绥化,18.0
20170124,2,NO2,绥化,15.0
20170124,2,NO2_24h,绥化,23.0
20170124,2,O3,绥化,52.0
20170124,2,O3_24h,绥化,69.0
20170124,2,O3_8h,绥化,52.0
20170124,2,O3_8h_24h,绥化,52.0
20170124,2,CO,绥化,0.45
20170124,2,CO_24h,绥化,0.6
20170124,3,AQI,绥化,36.0
20170124,3,PM2.5,绥化,25.0
20170124,3,PM2.5_24h,绥化,40.0
20170124,3,PM10,绥化,34.0
20170124,3,PM10_24h,绥化,46.0
20170124,3,SO2,绥化,9.0
20170124,3,SO2_24h,绥化,17.0
20170124,3,NO2,绥化,11.0
20170124,3,NO2_24h,绥化,22.0
20170124,3,O3,绥化,56.0
20170124,3,O3_24h,绥化,69.0
20170124,3,O3_8h,绥化,53.0
20170124,3,O3_8h_24h,绥化,53.0
20170124,3,CO,绥化,0.3
20170124,3,CO_24h,绥化,0.6
20170124,4,AQI,绥化,27.0
20170124,4,PM2.5,绥化,19.0
20170124,4,PM2.5_24h,绥化,39.0
20170124,4,PM10,绥化,24.0
20170124,4,PM10_24h,绥化,46.0
20170124,4,SO2,绥化,12.0
20170124,4,SO2_24h,绥化,17.0
20170124,4,NO2,绥化,14.0
20170124,4,NO2_24h,绥化,22.0
20170124,4,O3,绥化,50.0
20170124,4,O3_24h,绥化,69.0
20170124,4,O3_8h,绥化,52.0
20170124,4,O3_8h_24h,绥化,53.0
20170124,4,CO,绥化,0.3
20170124,4,CO_24h,绥化,0.6
20170124,5,AQI,绥化,33.0
20170124,5,PM2.5,绥化,23.0
20170124,5,PM2.5_24h,绥化,39.0
20170124,5,PM10,绥化,27.0
20170124,5,PM10_24h,绥化,45.0
20170124,5,SO2,绥化,15.0
20170124,5,SO2_24h,绥化,17.0
20170124,5,NO2,绥化,19.0
20170124,5,NO2_24h,绥化,22.0
20170124,5,O3,绥化,47.0
20170124,5,O3_24h,绥化,69.0
20170124,5,O3_8h,绥化,51.0
20170124,5,O3_8h_24h,绥化,53.0
20170124,5,CO,绥化,0.35
20170124,5,CO_24h,绥化,0.6
20170124,6,AQI,绥化,36.0
20170124,6,PM2.5,绥化,25.0
20170124,6,PM2.5_24h,绥化,38.0
20170124,6,PM10,绥化,34.0
20170124,6,PM10_24h,绥化,44.0
20170124,6,SO2,绥化,20.0
20170124,6,SO2_24h,绥化,17.0
20170124,6,NO2,绥化,22.0
20170124,6,NO2_24h,绥化,21.0
20170124,6,O3,绥化,43.0
20170124,6,O3_24h,绥化,69.0
20170124,6,O3_8h,绥化,50.0
20170124,6,O3_8h_24h,绥化,53.0
20170124,6,CO,绥化,0.4
20170124,6,CO_24h,绥化,0.6
20170124,7,AQI,绥化,33.0
20170124,7,PM2.5,绥化,23.0
20170124,7,PM2.5_24h,绥化,38.0
20170124,7,PM10,绥化,33.0
20170124,7,PM10_24h,绥化,43.0
20170124,7,SO2,绥化,20.0
20170124,7,SO2_24h,绥化,17.0
20170124,7,NO2,绥化,30.0
20170124,7,NO2_24h,绥化,21.0
20170124,7,O3,绥化,37.0
20170124,7,O3_24h,绥化,69.0
20170124,7,O3_8h,绥化,48.0
20170124,7,O3_8h_24h,绥化,53.0
20170124,7,CO,绥化,0.5
20170124,7,CO_24h,绥化,0.55
20170124,8,AQI,绥化,36.0
20170124,8,PM2.5,绥化,25.0
20170124,8,PM2.5_24h,绥化,38.0
20170124,8,PM10,绥化,34.0
20170124,8,PM10_24h,绥化,43.0
20170124,8,SO2,绥化,25.0
20170124,8,SO2_24h,绥化,17.0
20170124,8,NO2,绥化,37.0
20170124,8,NO2_24h,绥化,21.0
20170124,8,O3,绥化,26.0
20170124,8,O3_24h,绥化,69.0
20170124,8,O3_8h,绥化,45.0
20170124,8,O3_8h_24h,绥化,53.0
20170124,8,CO,绥化,0.7
20170124,8,CO_24h,绥化,0.6
20170124,9,AQI,绥化,53.0
20170124,9,PM2.5,绥化,37.0
20170124,9,PM2.5_24h,绥化,38.0
20170124,9,PM10,绥化,49.0
20170124,9,PM10_24h,绥化,44.0
20170124,9,SO2,绥化,36.0
20170124,9,SO2_24h,绥化,18.0
20170124,9,NO2,绥化,34.0
20170124,9,NO2_24h,绥化,22.0
20170124,9,O3,绥化,33.0
20170124,9,O3_24h,绥化,69.0
20170124,9,O3_8h,绥化,43.0
20170124,9,O3_8h_24h,绥化,53.0
20170124,9,CO,绥化,0.8
20170124,9,CO_24h,绥化,0.6
20170124,10,AQI,绥化,64.0
20170124,10,PM2.5,绥化,46.0
20170124,10,PM2.5_24h,绥化,38.0
20170124,10,PM10,绥化,52.0
20170124,10,PM10_24h,绥化,44.0
20170124,10,SO2,绥化,60.0
20170124,10,SO2_24h,绥化,19.0
20170124,10,NO2,绥化,38.0
20170124,10,NO2_24h,绥化,22.0
20170124,10,O3,绥化,37.0
20170124,10,O3_24h,绥化,69.0
20170124,10,O3_8h,绥化,41.0
20170124,10,O3_8h_24h,绥化,53.0
20170124,10,CO,绥化,1.0
20170124,10,CO_24h,绥化,0.6
20170124,11,AQI,绥化,69.0
20170124,11,PM2.5,绥化,50.0
20170124,11,PM2.5_24h,绥化,38.0
20170124,11,PM10,绥化,58.0
20170124,11,PM10_24h,绥化,45.0
20170124,11,SO2,绥化,37.0
20170124,11,SO2_24h,绥化,19.0
20170124,11,NO2,绥化,36.0
20170124,11,NO2_24h,绥化,22.0
20170124,11,O3,绥化,45.0
20170124,11,O3_24h,绥化,69.0
20170124,11,O3_8h,绥化,40.0
20170124,11,O3_8h_24h,绥化,53.0
20170124,11,CO,绥化,1.1
20170124,11,CO_24h,绥化,0.6
20170124,12,AQI,绥化,84.0
20170124,12,PM2.5,绥化,62.0
20170124,12,PM2.5_24h,绥化,38.0
20170124,12,PM10,绥化,74.0
20170124,12,PM10_24h,绥化,45.0
20170124,12,SO2,绥化,29.0
20170124,12,SO2_24h,绥化,20.0
20170124,12,NO2,绥化,36.0
20170124,12,NO2_24h,绥化,23.0
20170124,12,O3,绥化,51.0
20170124,12,O3_24h,绥化,69.0
20170124,12,O3_8h,绥化,40.0
20170124,12,O3_8h_24h,绥化,53.0
20170124,12,CO,绥化,1.1
20170124,12,CO_24h,绥化,0.6
20170124,13,AQI,绥化,90.0
20170124,13,PM2.5,绥化,67.0
20170124,13,PM2.5_24h,绥化,39.0
20170124,13,PM10,绥化,77.0
20170124,13,PM10_24h,绥化,46.0
20170124,13,SO2,绥化,35.0
20170124,13,SO2_24h,绥化,20.0
20170124,13,NO2,绥化,39.0
20170124,13,NO2_24h,绥化,24.0
20170124,13,O3,绥化,56.0
20170124,13,O3_24h,绥化,69.0
20170124,13,O3_8h,绥化,41.0
20170124,13,O3_8h_24h,绥化,53.0
20170124,13,CO,绥化,1.05
20170124,13,CO_24h,绥化,0.6
20170124,14,AQI,绥化,86.0
20170124,14,PM2.5,绥化,64.0
20170124,14,PM2.5_24h,绥化,39.0
20170124,14,PM10,绥化,91.0
20170124,14,PM10_24h,绥化,47.0
20170124,14,SO2,绥化,34.0
20170124,14,SO2_24h,绥化,21.0
20170124,14,NO2,绥化,42.0
20170124,14,NO2_24h,绥化,25.0
20170124,14,O3,绥化,59.0
20170124,14,O3_24h,绥化,69.0
20170124,14,O3_8h,绥化,43.0
20170124,14,O3_8h_24h,绥化,53.0
20170124,14,CO,绥化,1.15
20170124,14,CO_24h,绥化,0.65
20170124,15,AQI,绥化,94.0
20170124,15,PM2.5,绥化,70.0
20170124,15,PM2.5_24h,绥化,40.0
20170124,15,PM10,绥化,81.0
20170124,15,PM10_24h,绥化,48.0
20170124,15,SO2,绥化,27.0
20170124,15,SO2_24h,绥化,21.0
20170124,15,NO2,绥化,40.0
20170124,15,NO2_24h,绥化,25.0
20170124,15,O3,绥化,65.0
20170124,15,O3_24h,绥化,67.0
20170124,15,O3_8h,绥化,46.0
20170124,15,O3_8h_24h,绥化,53.0
20170124,15,CO,绥化,1.1
20170124,15,CO_24h,绥化,0.65
20170124,16,AQI,绥化,106.0
20170124,16,PM2.5,绥化,80.0
20170124,16,PM2.5_24h,绥化,41.0
20170124,16,PM10,绥化,93.0
20170124,16,PM10_24h,绥化,50.0
20170124,16,SO2,绥化,23.0
20170124,16,SO2_24h,绥化,21.0
20170124,16,NO2,绥化,35.0
20170124,16,NO2_24h,绥化,26.0
20170124,16,O3,绥化,69.0
20170124,16,O3_24h,绥化,69.0
20170124,16,O3_8h,绥化,52.0
20170124,16,O3_8h_24h,绥化,53.0
20170124,16,CO,绥化,1.05
20170124,16,CO_24h,绥化,0.7
20170124,17,AQI,绥化,105.0
20170124,17,PM2.5,绥化,79.0
20170124,17,PM2.5_24h,绥化,42.0
20170124,17,PM10,绥化,94.0
20170124,17,PM10_24h,绥化,51.0
20170124,17,SO2,绥化,25.0
20170124,17,SO2_24h,绥化,21.0
20170124,17,NO2,绥化,44.0
20170124,17,NO2_24h,绥化,27.0
20170124,17,O3,绥化,62.0
20170124,17,O3_24h,绥化,69.0
20170124,17,O3_8h,绥化,55.0
20170124,17,O3_8h_24h,绥化,55.0
20170124,17,CO,绥化,1.25
20170124,17,CO_24h,绥化,0.7
20170124,18,AQI,绥化,106.0
20170124,18,PM2.5,绥化,80.0
20170124,18,PM2.5_24h,绥化,44.0
20170124,18,PM10,绥化,103.0
20170124,18,PM10_24h,绥化,53.0
20170124,18,SO2,绥化,36.0
20170124,18,SO2_24h,绥化,23.0
20170124,18,NO2,绥化,53.0
20170124,18,NO2_24h,绥化,29.0
20170124,18,O3,绥化,56.0
20170124,18,O3_24h,绥化,69.0
20170124,18,O3_8h,绥化,57.0
20170124,18,O3_8h_24h,绥化,57.0
20170124,18,CO,绥化,1.35
20170124,18,CO_24h,绥化,0.75
20170124,19,AQI,绥化,120.0
20170124,19,PM2.5,绥化,91.0
20170124,19,PM2.5_24h,绥化,47.0
20170124,19,PM10,绥化,107.0
20170124,19,PM10_24h,绥化,56.0
20170124,19,SO2,绥化,26.0
20170124,19,SO2_24h,绥化,23.0
20170124,19,NO2,绥化,41.0
20170124,19,NO2_24h,绥化,30.0
20170124,19,O3,绥化,58.0
20170124,19,O3_24h,绥化,69.0
20170124,19,O3_8h,绥化,59.0
20170124,19,O3_8h_24h,绥化,59.0
20170124,19,CO,绥化,1.1
20170124,19,CO_24h,绥化,0.75
20170124,20,AQI,绥化,108.0
20170124,20,PM2.5,绥化,81.0
20170124,20,PM2.5_24h,绥化,49.0
20170124,20,PM10,绥化,92.0
20170124,20,PM10_24h,绥化,58.0
20170124,20,SO2,绥化,35.0
20170124,20,SO2_24h,绥化,23.0
20170124,20,NO2,绥化,41.0
20170124,20,NO2_24h,绥化,30.0
20170124,20,O3,绥化,54.0
20170124,20,O3_24h,绥化,69.0
20170124,20,O3_8h,绥化,60.0
20170124,20,O3_8h_24h,绥化,60.0
20170124,20,CO,绥化,0.95
20170124,20,CO_24h,绥化,0.8
20170124,21,AQI,绥化,98.0
20170124,21,PM2.5,绥化,73.0
20170124,21,PM2.5_24h,绥化,50.0
20170124,21,PM10,绥化,78.0
20170124,21,PM10_24h,绥化,59.0
20170124,21,SO2,绥化,29.0
20170124,21,SO2_24h,绥化,24.0
20170124,21,NO2,绥化,34.0
20170124,21,NO2_24h,绥化,30.0
20170124,21,O3,绥化,56.0
20170124,21,O3_24h,绥化,69.0
20170124,21,O3_8h,绥化,60.0
20170124,21,O3_8h_24h,绥化,60.0
20170124,21,CO,绥化,0.9
20170124,21,CO_24h,绥化,0.8
20170124,22,AQI,绥化,90.0
20170124,22,PM2.5,绥化,67.0
20170124,22,PM2.5_24h,绥化,51.0
20170124,22,PM10,绥化,72.0
20170124,22,PM10_24h,绥化,60.0
20170124,22,SO2,绥化,27.0
20170124,22,SO2_24h,绥化,25.0
20170124,22,NO2,绥化,30.0
20170124,22,NO2_24h,绥化,31.0
20170124,22,O3,绥化,51.0
20170124,22,O3_24h,绥化,69.0
20170124,22,O3_8h,绥化,59.0
20170124,22,O3_8h_24h,绥化,60.0
20170124,22,CO,绥化,0.85
20170124,22,CO_24h,绥化,0.8
20170124,23,AQI,绥化,73.0
20170124,23,PM2.5,绥化,53.0
20170124,23,PM2.5_24h,绥化,52.0
20170124,23,PM10,绥化,61.0
20170124,23,PM10_24h,绥化,61.0
20170124,23,SO2,绥化,24.0
20170124,23,SO2_24h,绥化,26.0
20170124,23,NO2,绥化,25.0
20170124,23,NO2_24h,绥化,31.0
20170124,23,O3,绥化,51.0
20170124,23,O3_24h,绥化,69.0
20170124,23,O3_8h,绥化,57.0
20170124,23,O3_8h_24h,绥化,60.0
20170124,23,CO,绥化,0.75
20170124,23,CO_24h,绥化,0.8
20170124,0,AQI,大兴安岭地区,26.0
20170124,0,PM2.5,大兴安岭地区,18.0
20170124,0,PM2.5_24h,大兴安岭地区,13.0
20170124,0,PM10,大兴安岭地区,26.0
20170124,0,PM10_24h,大兴安岭地区,19.0
20170124,0,SO2,大兴安岭地区,18.0
20170124,0,SO2_24h,大兴安岭地区,10.0
20170124,0,NO2,大兴安岭地区,14.0
20170124,0,NO2_24h,大兴安岭地区,11.0
20170124,0,O3,大兴安岭地区,57.0
20170124,0,O3_24h,大兴安岭地区,74.0
20170124,0,O3_8h,大兴安岭地区,59.0
20170124,0,O3_8h_24h,大兴安岭地区,70.0
20170124,0,CO,大兴安岭地区,0.7
20170124,0,CO_24h,大兴安岭地区,0.7
20170124,1,AQI,大兴安岭地区,26.0
20170124,1,PM2.5,大兴安岭地区,18.0
20170124,1,PM2.5_24h,大兴安岭地区,13.0
20170124,1,PM10,大兴安岭地区,26.0
20170124,1,PM10_24h,大兴安岭地区,19.0
20170124,1,SO2,大兴安岭地区,30.0
20170124,1,SO2_24h,大兴安岭地区,11.0
20170124,1,NO2,大兴安岭地区,14.0
20170124,1,NO2_24h,大兴安岭地区,11.0
20170124,1,O3,大兴安岭地区,57.0
20170124,1,O3_24h,大兴安岭地区,74.0
20170124,1,O3_8h,大兴安岭地区,57.0
20170124,1,O3_8h_24h,大兴安岭地区,57.0
20170124,1,CO,大兴安岭地区,0.7
20170124,1,CO_24h,大兴安岭地区,0.7
20170124,2,AQI,大兴安岭地区,29.0
20170124,2,PM2.5,大兴安岭地区,16.0
20170124,2,PM2.5_24h,大兴安岭地区,13.0
20170124,2,PM10,大兴安岭地区,29.0
20170124,2,PM10_24h,大兴安岭地区,20.0
20170124,2,SO2,大兴安岭地区,13.0
20170124,2,SO2_24h,大兴安岭地区,12.0
20170124,2,NO2,大兴安岭地区,10.0
20170124,2,NO2_24h,大兴安岭地区,11.0
20170124,2,O3,大兴安岭地区,58.0
20170124,2,O3_24h,大兴安岭地区,74.0
20170124,2,O3_8h,大兴安岭地区,58.0
20170124,2,O3_8h_24h,大兴安岭地区,58.0
20170124,2,CO,大兴安岭地区,0.7
20170124,2,CO_24h,大兴安岭地区,0.7
20170124,3,AQI,大兴安岭地区,28.0
20170124,3,PM2.5,大兴安岭地区,11.0
20170124,3,PM2.5_24h,大兴安岭地区,14.0
20170124,3,PM10,大兴安岭地区,28.0
20170124,3,PM10_24h,大兴安岭地区,20.0
20170124,3,SO2,大兴安岭地区,27.0
20170124,3,SO2_24h,大兴安岭地区,12.0
20170124,3,NO2,大兴安岭地区,15.0
20170124,3,NO2_24h,大兴安岭地区,12.0
20170124,3,O3,大兴安岭地区,56.0
20170124,3,O3_24h,大兴安岭地区,74.0
20170124,3,O3_8h,大兴安岭地区,57.0
20170124,3,O3_8h_24h,大兴安岭地区,58.0
20170124,3,CO,大兴安岭地区,0.7
20170124,3,CO_24h,大兴安岭地区,0.7
20170124,4,AQI,大兴安岭地区,29.0
20170124,4,PM2.5,大兴安岭地区,16.0
20170124,4,PM2.5_24h,大兴安岭地区,14.0
20170124,4,PM10,大兴安岭地区,29.0
20170124,4,PM10_24h,大兴安岭地区,20.0
20170124,4,SO2,大兴安岭地区,41.0
20170124,4,SO2_24h,大兴安岭地区,14.0
20170124,4,NO2,大兴安岭地区,18.0
20170124,4,NO2_24h,大兴安岭地区,12.0
20170124,4,O3,大兴安岭地区,52.0
20170124,4,O3_24h,大兴安岭地区,74.0
20170124,4,O3_8h,大兴安岭地区,56.0
20170124,4,O3_8h_24h,大兴安岭地区,58.0
20170124,4,CO,大兴安岭地区,0.7
20170124,4,CO_24h,大兴安岭地区,0.7
20170124,5,AQI,大兴安岭地区,33.0
20170124,5,PM2.5,大兴安岭地区,23.0
20170124,5,PM2.5_24h,大兴安岭地区,14.0
20170124,5,PM10,大兴安岭地区,25.0
20170124,5,PM10_24h,大兴安岭地区,21.0
20170124,5,SO2,大兴安岭地区,32.0
20170124,5,SO2_24h,大兴安岭地区,15.0
20170124,5,NO2,大兴安岭地区,15.0
20170124,5,NO2_24h,大兴安岭地区,12.0
20170124,5,O3,大兴安岭地区,53.0
20170124,5,O3_24h,大兴安岭地区,74.0
20170124,5,O3_8h,大兴安岭地区,55.0
20170124,5,O3_8h_24h,大兴安岭地区,58.0
20170124,5,CO,大兴安岭地区,0.7
20170124,5,CO_24h,大兴安岭地区,0.7
20170124,6,AQI,大兴安岭地区,29.0
20170124,6,PM2.5,大兴安岭地区,20.0
20170124,6,PM2.5_24h,大兴安岭地区,15.0
20170124,6,PM10,大兴安岭地区,23.0
20170124,6,PM10_24h,大兴安岭地区,21.0
20170124,6,SO2,大兴安岭地区,6.0
20170124,6,SO2_24h,大兴安岭地区,15.0
20170124,6,NO2,大兴安岭地区,8.0
20170124,6,NO2_24h,大兴安岭地区,12.0
20170124,6,O3,大兴安岭地区,60.0
20170124,6,O3_24h,大兴安岭地区,74.0
20170124,6,O3_8h,大兴安岭地区,56.0
20170124,6,O3_8h_24h,大兴安岭地区,58.0
20170124,6,CO,大兴安岭地区,0.7
20170124,6,CO_24h,大兴安岭地区,0.7
20170124,7,AQI,大兴安岭地区,21.0
20170124,7,PM2.5,大兴安岭地区,11.0
20170124,7,PM2.5_24h,大兴安岭地区,15.0
20170124,7,PM10,大兴安岭地区,21.0
20170124,7,PM10_24h,大兴安岭地区,22.0
20170124,7,SO2,大兴安岭地区,35.0
20170124,7,SO2_24h,大兴安岭地区,17.0
20170124,7,NO2,大兴安岭地区,17.0
20170124,7,NO2_24h,大兴安岭地区,13.0
20170124,7,O3,大兴安岭地区,55.0
20170124,7,O3_24h,大兴安岭地区,74.0
20170124,7,O3_8h,大兴安岭地区,56.0
20170124,7,O3_8h_24h,大兴安岭地区,58.0
20170124,7,CO,大兴安岭地区,0.7
20170124,7,CO_24h,大兴安岭地区,0.7
20170124,8,AQI,大兴安岭地区,31.0
20170124,8,PM2.5,大兴安岭地区,22.0
20170124,8,PM2.5_24h,大兴安岭地区,16.0
20170124,8,PM10,大兴安岭地区,23.0
20170124,8,PM10_24h,大兴安岭地区,22.0
20170124,8,SO2,大兴安岭地区,38.0
20170124,8,SO2_24h,大兴安岭地区,18.0
20170124,8,NO2,大兴安岭地区,19.0
20170124,8,NO2_24h,大兴安岭地区,13.0
20170124,8,O3,大兴安岭地区,51.0
20170124,8,O3_24h,大兴安岭地区,74.0
20170124,8,O3_8h,大兴安岭地区,55.0
20170124,8,O3_8h_24h,大兴安岭地区,58.0
20170124,8,CO,大兴安岭地区,0.8
20170124,8,CO_24h,大兴安岭地区,0.7
20170124,9,AQI,大兴安岭地区,31.0
20170124,9,PM2.5,大兴安岭地区,22.0
20170124,9,PM2.5_24h,大兴安岭地区,16.0
20170124,9,PM10,大兴安岭地区,22.0
20170124,9,PM10_24h,大兴安岭地区,23.0
20170124,9,SO2,大兴安岭地区,9.0
20170124,9,SO2_24h,大兴安岭地区,18.0
20170124,9,NO2,大兴安岭地区,13.0
20170124,9,NO2_24h,大兴安岭地区,13.0
20170124,9,O3,大兴安岭地区,57.0
20170124,9,O3_24h,大兴安岭地区,74.0
20170124,9,O3_8h,大兴安岭地区,55.0
20170124,9,O3_8h_24h,大兴安岭地区,58.0
20170124,9,CO,大兴安岭地区,0.8
20170124,9,CO_24h,大兴安岭地区,0.7
20170124,10,AQI,大兴安岭地区,30.0
20170124,10,PM2.5,大兴安岭地区,21.0
20170124,10,PM2.5_24h,大兴安岭地区,17.0
20170124,10,PM10,大兴安岭地区,23.0
20170124,10,PM10_24h,大兴安岭地区,23.0
20170124,10,SO2,大兴安岭地区,8.0
20170124,10,SO2_24h,大兴安岭地区,18.0
20170124,10,NO2,大兴安岭地区,10.0
20170124,10,NO2_24h,大兴安岭地区,13.0
20170124,10,O3,大兴安岭地区,61.0
20170124,10,O3_24h,大兴安岭地区,74.0
20170124,10,O3_8h,大兴安岭地区,56.0
20170124,10,O3_8h_24h,大兴安岭地区,58.0
20170124,10,CO,大兴安岭地区,0.7
20170124,10,CO_24h,大兴安岭地区,0.7
20170124,11,AQI,大兴安岭地区,21.0
20170124,11,PM2.5,大兴安岭地区,12.0
20170124,11,PM2.5_24h,大兴安岭地区,17.0
20170124,11,PM10,大兴安岭地区,21.0
20170124,11,PM10_24h,大兴安岭地区,23.0
20170124,11,SO2,大兴安岭地区,6.0
20170124,11,SO2_24h,大兴安岭地区,18.0
20170124,11,NO2,大兴安岭地区,10.0
20170124,11,NO2_24h,大兴安岭地区,13.0
20170124,11,O3,大兴安岭地区,60.0
20170124,11,O3_24h,大兴安岭地区,74.0
20170124,11,O3_8h,大兴安岭地区,56.0
20170124,11,O3_8h_24h,大兴安岭地区,58.0
20170124,11,CO,大兴安岭地区,0.7
20170124,11,CO_24h,大兴安岭地区,0.7
20170124,12,AQI,大兴安岭地区,18.0
20170124,12,PM2.5,大兴安岭地区,12.0
20170124,12,PM2.5_24h,大兴安岭地区,17.0
20170124,12,PM10,大兴安岭地区,14.0
20170124,12,PM10_24h,大兴安岭地区,24.0
20170124,12,SO2,大兴安岭地区,14.0
20170124,12,SO2_24h,大兴安岭地区,18.0
20170124,12,NO2,大兴安岭地区,14.0
20170124,12,NO2_24h,大兴安岭地区,14.0
20170124,12,O3,大兴安岭地区,57.0
20170124,12,O3_24h,大兴安岭地区,74.0
20170124,12,O3_8h,大兴安岭地区,57.0
20170124,12,O3_8h_24h,大兴安岭地区,58.0
20170124,12,CO,大兴安岭地区,0.7
20170124,12,CO_24h,大兴安岭地区,0.7
20170124,13,AQI,大兴安岭地区,27.0
20170124,13,PM2.5,大兴安岭地区,19.0
20170124,13,PM2.5_24h,大兴安岭地区,17.0
20170124,13,PM10_24h,大兴安岭地区,24.0
20170124,13,SO2,大兴安岭地区,11.0
20170124,13,SO2_24h,大兴安岭地区,19.0
20170124,13,NO2,大兴安岭地区,6.0
20170124,13,NO2_24h,大兴安岭地区,14.0
20170124,13,O3,大兴安岭地区,57.0
20170124,13,O3_24h,大兴安岭地区,74.0
20170124,13,O3_8h,大兴安岭地区,57.0
20170124,13,O3_8h_24h,大兴安岭地区,58.0
20170124,13,CO,大兴安岭地区,0.6
20170124,13,CO_24h,大兴安岭地区,0.7
20170124,14,AQI,大兴安岭地区,22.0
20170124,14,PM2.5,大兴安岭地区,10.0
20170124,14,PM2.5_24h,大兴安岭地区,17.0
20170124,14,PM10,大兴安岭地区,17.0
20170124,14,PM10_24h,大兴安岭地区,24.0
20170124,14,SO2,大兴安岭地区,9.0
20170124,14,SO2_24h,大兴安岭地区,18.0
20170124,14,NO2,大兴安岭地区,6.0
20170124,14,NO2_24h,大兴安岭地区,13.0
20170124,14,O3,大兴安岭地区,70.0
20170124,14,O3_24h,大兴安岭地区,74.0
20170124,14,O3_8h,大兴安岭地区,58.0
20170124,14,O3_8h_24h,大兴安岭地区,58.0
20170124,14,CO,大兴安岭地区,0.5
20170124,14,CO_24h,大兴安岭地区,0.7
20170124,15,AQI,大兴安岭地区,21.0
20170124,15,PM2.5,大兴安岭地区,13.0
20170124,15,PM2.5_24h,大兴安岭地区,17.0
20170124,15,PM10,大兴安岭地区,18.0
20170124,15,PM10_24h,大兴安岭地区,23.0
20170124,15,SO2,大兴安岭地区,22.0
20170124,15,SO2_24h,大兴安岭地区,18.0
20170124,15,NO2,大兴安岭地区,13.0
20170124,15,NO2_24h,大兴安岭地区,13.0
20170124,15,O3,大兴安岭地区,66.0
20170124,15,O3_24h,大兴安岭地区,74.0
20170124,15,O3_8h,大兴安岭地区,60.0
20170124,15,O3_8h_24h,大兴安岭地区,60.0
20170124,15,CO,大兴安岭地区,0.4
20170124,15,CO_24h,大兴安岭地区,0.7
20170124,16,AQI,大兴安岭地区,29.0
20170124,16,PM2.5,大兴安岭地区,20.0
20170124,16,PM2.5_24h,大兴安岭地区,17.0
20170124,16,PM10,大兴安岭地区,21.0
20170124,16,PM10_24h,大兴安岭地区,24.0
20170124,16,SO2,大兴安岭地区,13.0
20170124,16,SO2_24h,大兴安岭地区,18.0
20170124,16,NO2,大兴安岭地区,11.0
20170124,16,NO2_24h,大兴安岭地区,14.0
20170124,16,O3,大兴安岭地区,66.0
20170124,16,O3_24h,大兴安岭地区,70.0
20170124,16,O3_8h,大兴安岭地区,62.0
20170124,16,O3_8h_24h,大兴安岭地区,62.0
20170124,16,CO,大兴安岭地区,0.4
20170124,16,CO_24h,大兴安岭地区,0.7
20170124,17,AQI,大兴安岭地区,21.0
20170124,17,PM2.5,大兴安岭地区,14.0
20170124,17,PM2.5_24h,大兴安岭地区,17.0
20170124,17,PM10,大兴安岭地区,21.0
20170124,17,PM10_24h,大兴安岭地区,24.0
20170124,17,SO2,大兴安岭地区,13.0
20170124,17,SO2_24h,大兴安岭地区,18.0
20170124,17,NO2,大兴安岭地区,16.0
20170124,17,NO2_24h,大兴安岭地区,13.0
20170124,17,O3,大兴安岭地区,61.0
20170124,17,O3_24h,大兴安岭地区,70.0
20170124,17,O3_8h,大兴安岭地区,62.0
20170124,17,O3_8h_24h,大兴安岭地区,62.0
20170124,17,CO,大兴安岭地区,0.5
20170124,17,CO_24h,大兴安岭地区,0.7
20170124,18,AQI,大兴安岭地区,25.0
20170124,18,PM2.5,大兴安岭地区,17.0
20170124,18,PM2.5_24h,大兴安岭地区,17.0
20170124,18,PM10,大兴安岭地区,25.0
20170124,18,PM10_24h,大兴安岭地区,24.0
20170124,18,SO2,大兴安岭地区,18.0
20170124,18,SO2_24h,大兴安岭地区,18.0
20170124,18,NO2,大兴安岭地区,36.0
20170124,18,NO2_24h,大兴安岭地区,14.0
20170124,18,O3,大兴安岭地区,43.0
20170124,18,O3_24h,大兴安岭地区,70.0
20170124,18,O3_8h,大兴安岭地区,60.0
20170124,18,O3_8h_24h,大兴安岭地区,62.0
20170124,18,CO,大兴安岭地区,0.7
20170124,18,CO_24h,大兴安岭地区,0.7
20170124,19,AQI,大兴安岭地区,54.0
20170124,19,PM2.5,大兴安岭地区,38.0
20170124,19,PM2.5_24h,大兴安岭地区,18.0
20170124,19,PM10_24h,大兴安岭地区,24.0
20170124,19,SO2,大兴安岭地区,23.0
20170124,19,SO2_24h,大兴安岭地区,18.0
20170124,19,NO2,大兴安岭地区,24.0
20170124,19,NO2_24h,大兴安岭地区,14.0
20170124,19,O3,大兴安岭地区,46.0
20170124,19,O3_24h,大兴安岭地区,70.0
20170124,19,O3_8h,大兴安岭地区,58.0
20170124,19,O3_8h_24h,大兴安岭地区,62.0
20170124,19,CO,大兴安岭地区,0.6
20170124,19,CO_24h,大兴安岭地区,0.7
20170124,20,AQI,大兴安岭地区,44.0
20170124,20,PM2.5,大兴安岭地区,31.0
20170124,20,PM2.5_24h,大兴安岭地区,19.0
20170124,20,PM10,大兴安岭地区,37.0
20170124,20,PM10_24h,大兴安岭地区,25.0
20170124,20,SO2,大兴安岭地区,9.0
20170124,20,SO2_24h,大兴安岭地区,18.0
20170124,20,NO2,大兴安岭地区,11.0
20170124,20,NO2_24h,大兴安岭地区,14.0
20170124,20,O3,大兴安岭地区,57.0
20170124,20,O3_24h,大兴安岭地区,70.0
20170124,20,O3_8h,大兴安岭地区,58.0
20170124,20,O3_8h_24h,大兴安岭地区,62.0
20170124,20,CO,大兴安岭地区,0.6
20170124,20,CO_24h,大兴安岭地区,0.7
20170124,21,AQI,大兴安岭地区,29.0
20170124,21,PM2.5,大兴安岭地区,18.0
20170124,21,PM2.5_24h,大兴安岭地区,18.0
20170124,21,PM10,大兴安岭地区,29.0
20170124,21,PM10_24h,大兴安岭地区,24.0
20170124,21,SO2,大兴安岭地区,7.0
20170124,21,SO2_24h,大兴安岭地区,18.0
20170124,21,NO2,大兴安岭地区,7.0
20170124,21,NO2_24h,大兴安岭地区,14.0
20170124,21,O3,大兴安岭地区,68.0
20170124,21,O3_24h,大兴安岭地区,70.0
20170124,21,O3_8h,大兴安岭地区,60.0
20170124,21,O3_8h_24h,大兴安岭地区,62.0
20170124,21,CO,大兴安岭地区,0.5
20170124,21,CO_24h,大兴安岭地区,0.7
20170124,22,AQI,大兴安岭地区,27.0
20170124,22,PM2.5,大兴安岭地区,19.0
20170124,22,PM2.5_24h,大兴安岭地区,18.0
20170124,22,PM10,大兴安岭地区,25.0
20170124,22,PM10_24h,大兴安岭地区,24.0
20170124,22,SO2,大兴安岭地区,8.0
20170124,22,SO2_24h,大兴安岭地区,18.0
20170124,22,NO2,大兴安岭地区,9.0
20170124,22,NO2_24h,大兴安岭地区,14.0
20170124,22,O3,大兴安岭地区,66.0
20170124,22,O3_24h,大兴安岭地区,70.0
20170124,22,O3_8h,大兴安岭地区,59.0
20170124,22,O3_8h_24h,大兴安岭地区,62.0
20170124,22,CO,大兴安岭地区,0.5
20170124,22,CO_24h,大兴安岭地区,0.6
20170124,23,AQI,大兴安岭地区,30.0
20170124,23,PM2.5,大兴安岭地区,21.0
20170124,23,PM2.5_24h,大兴安岭地区,18.0
20170124,23,PM10,大兴安岭地区,27.0
20170124,23,PM10_24h,大兴安岭地区,24.0
20170124,23,SO2,大兴安岭地区,11.0
20170124,23,SO2_24h,大兴安岭地区,18.0
20170124,23,NO2,大兴安岭地区,10.0
20170124,23,NO2_24h,大兴安岭地区,14.0
20170124,23,O3,大兴安岭地区,65.0
20170124,23,O3_24h,大兴安岭地区,70.0
20170124,23,O3_8h,大兴安岭地区,59.0
20170124,23,O3_8h_24h,大兴安岭地区,62.0
20170124,23,CO,大兴安岭地区,0.5
20170124,23,CO_24h,大兴安岭地区,0.6
20170124,0,AQI,蚌埠,96.0
20170124,0,PM2.5,蚌埠,72.0
20170124,0,PM2.5_24h,蚌埠,71.0
20170124,0,PM10,蚌埠,97.0
20170124,0,PM10_24h,蚌埠,105.0
20170124,0,SO2,蚌埠,45.0
20170124,0,SO2_24h,蚌埠,51.0
20170124,0,NO2,蚌埠,59.0
20170124,0,NO2_24h,蚌埠,55.0
20170124,0,O3,蚌埠,34.0
20170124,0,O3_24h,蚌埠,94.0
20170124,0,O3_8h,蚌埠,48.0
20170124,0,O3_8h_24h,蚌埠,74.0
20170124,0,CO,蚌埠,0.9
20170124,0,CO_24h,蚌埠,1.02
20170124,1,AQI,蚌埠,95.0
20170124,1,PM2.5,蚌埠,71.0
20170124,1,PM2.5_24h,蚌埠,72.0
20170124,1,PM10,蚌埠,87.0
20170124,1,PM10_24h,蚌埠,105.0
20170124,1,SO2,蚌埠,49.0
20170124,1,SO2_24h,蚌埠,51.0
20170124,1,NO2,蚌埠,69.0
20170124,1,NO2_24h,蚌埠,55.0
20170124,1,O3,蚌埠,30.0
20170124,1,O3_24h,蚌埠,94.0
20170124,1,O3_8h,蚌埠,30.0
20170124,1,O3_8h_24h,蚌埠,30.0
20170124,1,CO,蚌埠,0.95
20170124,1,CO_24h,蚌埠,1.02
20170124,2,AQI,蚌埠,99.0
20170124,2,PM2.5,蚌埠,74.0
20170124,2,PM2.5_24h,蚌埠,72.0
20170124,2,PM10,蚌埠,101.0
20170124,2,PM10_24h,蚌埠,105.0
20170124,2,SO2,蚌埠,48.0
20170124,2,SO2_24h,蚌埠,51.0
20170124,2,NO2,蚌埠,66.0
20170124,2,NO2_24h,蚌埠,55.0
20170124,2,O3,蚌埠,26.0
20170124,2,O3_24h,蚌埠,94.0
20170124,2,O3_8h,蚌埠,28.0
20170124,2,O3_8h_24h,蚌埠,30.0
20170124,2,CO,蚌埠,0.98
20170124,2,CO_24h,蚌埠,1.02
20170124,3,AQI,蚌埠,104.0
20170124,3,PM2.5,蚌埠,78.0
20170124,3,PM2.5_24h,蚌埠,72.0
20170124,3,PM10,蚌埠,105.0
20170124,3,PM10_24h,蚌埠,105.0
20170124,3,SO2,蚌埠,48.0
20170124,3,SO2_24h,蚌埠,51.0
20170124,3,NO2,蚌埠,65.0
20170124,3,NO2_24h,蚌埠,55.0
20170124,3,O3,蚌埠,25.0
20170124,3,O3_24h,蚌埠,94.0
20170124,3,O3_8h,蚌埠,27.0
20170124,3,O3_8h_24h,蚌埠,30.0
20170124,3,CO,蚌埠,1.1
20170124,3,CO_24h,蚌埠,1.02
20170124,4,AQI,蚌埠,104.0
20170124,4,PM2.5,蚌埠,78.0
20170124,4,PM2.5_24h,蚌埠,73.0
20170124,4,PM10,蚌埠,115.0
20170124,4,PM10_24h,蚌埠,105.0
20170124,4,SO2,蚌埠,45.0
20170124,4,SO2_24h,蚌埠,51.0
20170124,4,NO2,蚌埠,68.0
20170124,4,NO2_24h,蚌埠,56.0
20170124,4,O3,蚌埠,21.0
20170124,4,O3_24h,蚌埠,94.0
20170124,4,O3_8h,蚌埠,25.0
20170124,4,O3_8h_24h,蚌埠,30.0
20170124,4,CO,蚌埠,1.12
20170124,4,CO_24h,蚌埠,1.05
20170124,5,AQI,蚌埠,103.0
20170124,5,PM2.5,蚌埠,77.0
20170124,5,PM2.5_24h,蚌埠,74.0
20170124,5,PM10,蚌埠,108.0
20170124,5,PM10_24h,蚌埠,106.0
20170124,5,SO2,蚌埠,47.0
20170124,5,SO2_24h,蚌埠,51.0
20170124,5,NO2,蚌埠,70.0
20170124,5,NO2_24h,蚌埠,57.0
20170124,5,O3,蚌埠,22.0
20170124,5,O3_24h,蚌埠,94.0
20170124,5,O3_8h,蚌埠,25.0
20170124,5,O3_8h_24h,蚌埠,30.0
20170124,5,CO,蚌埠,1.13
20170124,5,CO_24h,蚌埠,1.07
20170124,6,AQI,蚌埠,101.0
20170124,6,PM2.5,蚌埠,76.0
20170124,6,PM2.5_24h,蚌埠,74.0
20170124,6,PM10,蚌埠,107.0
20170124,6,PM10_24h,蚌埠,108.0
20170124,6,SO2,蚌埠,66.0
20170124,6,SO2_24h,蚌埠,52.0
20170124,6,NO2,蚌埠,62.0
20170124,6,NO2_24h,蚌埠,57.0
20170124,6,O3,蚌埠,25.0
20170124,6,O3_24h,蚌埠,94.0
20170124,6,O3_8h,蚌埠,25.0
20170124,6,O3_8h_24h,蚌埠,30.0
20170124,6,CO,蚌埠,1.2
20170124,6,CO_24h,蚌埠,1.07
20170124,7,AQI,蚌埠,120.0
20170124,7,PM2.5,蚌埠,91.0
20170124,7,PM2.5_24h,蚌埠,76.0
20170124,7,PM10,蚌埠,119.0
20170124,7,PM10_24h,蚌埠,109.0
20170124,7,SO2,蚌埠,46.0
20170124,7,SO2_24h,蚌埠,52.0
20170124,7,NO2,蚌埠,55.0
20170124,7,NO2_24h,蚌埠,57.0
20170124,7,O3,蚌埠,24.0
20170124,7,O3_24h,蚌埠,94.0
20170124,7,O3_8h,蚌埠,25.0
20170124,7,O3_8h_24h,蚌埠,31.0
20170124,7,CO,蚌埠,1.17
20170124,7,CO_24h,蚌埠,1.07
20170124,8,AQI,蚌埠,110.0
20170124,8,PM2.5,蚌埠,83.0
20170124,8,PM2.5_24h,蚌埠,76.0
20170124,8,PM10,蚌埠,107.0
20170124,8,PM10_24h,蚌埠,109.0
20170124,8,SO2,蚌埠,42.0
20170124,8,SO2_24h,蚌埠,51.0
20170124,8,NO2,蚌埠,54.0
20170124,8,NO2_24h,蚌埠,57.0
20170124,8,O3,蚌埠,16.0
20170124,8,O3_24h,蚌埠,94.0
20170124,8,O3_8h,蚌埠,24.0
20170124,8,O3_8h_24h,蚌埠,31.0
20170124,8,CO,蚌埠,1.13
20170124,8,CO_24h,蚌埠,1.05
20170124,9,AQI,蚌埠,119.0
20170124,9,PM2.5,蚌埠,90.0
20170124,9,PM2.5_24h,蚌埠,77.0
20170124,9,PM10,蚌埠,115.0
20170124,9,PM10_24h,蚌埠,109.0
20170124,9,SO2,蚌埠,36.0
20170124,9,SO2_24h,蚌埠,49.0
20170124,9,NO2,蚌埠,45.0
20170124,9,NO2_24h,蚌埠,56.0
20170124,9,O3,蚌埠,23.0
20170124,9,O3_24h,蚌埠,94.0
20170124,9,O3_8h,蚌埠,23.0
20170124,9,O3_8h_24h,蚌埠,31.0
20170124,9,CO,蚌埠,1.05
20170124,9,CO_24h,蚌埠,1.03
20170124,10,AQI,蚌埠,106.0
20170124,10,PM2.5,蚌埠,80.0
20170124,10,PM2.5_24h,蚌埠,77.0
20170124,10,PM10,蚌埠,98.0
20170124,10,PM10_24h,蚌埠,108.0
20170124,10,SO2,蚌埠,42.0
20170124,10,SO2_24h,蚌埠,49.0
20170124,10,NO2,蚌埠,40.0
20170124,10,NO2_24h,蚌埠,56.0
20170124,10,O3,蚌埠,34.0
20170124,10,O3_24h,蚌埠,94.0
20170124,10,O3_8h,蚌埠,24.0
20170124,10,O3_8h_24h,蚌埠,32.0
20170124,10,CO,蚌埠,0.97
20170124,10,CO_24h,蚌埠,1.03
20170124,11,AQI,蚌埠,94.0
20170124,11,PM2.5,蚌埠,70.0
20170124,11,PM2.5_24h,蚌埠,76.0
20170124,11,PM10,蚌埠,86.0
20170124,11,PM10_24h,蚌埠,106.0
20170124,11,SO2,蚌埠,55.0
20170124,11,SO2_24h,蚌埠,49.0
20170124,11,NO2,蚌埠,44.0
20170124,11,NO2_24h,蚌埠,56.0
20170124,11,O3,蚌埠,42.0
20170124,11,O3_24h,蚌埠,94.0
20170124,11,O3_8h,蚌埠,26.0
20170124,11,O3_8h_24h,蚌埠,33.0
20170124,11,CO,蚌埠,0.97
20170124,11,CO_24h,蚌埠,1.03
20170124,12,AQI,蚌埠,99.0
20170124,12,PM2.5,蚌埠,74.0
20170124,12,PM2.5_24h,蚌埠,76.0
20170124,12,PM10,蚌埠,99.0
20170124,12,PM10_24h,蚌埠,105.0
20170124,12,SO2,蚌埠,49.0
20170124,12,SO2_24h,蚌埠,48.0
20170124,12,NO2,蚌埠,39.0
20170124,12,NO2_24h,蚌埠,56.0
20170124,12,O3,蚌埠,55.0
20170124,12,O3_24h,蚌埠,94.0
20170124,12,O3_8h,蚌埠,30.0
20170124,12,O3_8h_24h,蚌埠,36.0
20170124,12,CO,蚌埠,0.98
20170124,12,CO_24h,蚌埠,1.03
20170124,13,AQI,蚌埠,89.0
20170124,13,PM2.5,蚌埠,66.0
20170124,13,PM2.5_24h,蚌埠,76.0
20170124,13,PM10,蚌埠,94.0
20170124,13,PM10_24h,蚌埠,104.0
20170124,13,SO2,蚌埠,41.0
20170124,13,SO2_24h,蚌埠,48.0
20170124,13,NO2,蚌埠,37.0
20170124,13,NO2_24h,蚌埠,56.0
20170124,13,O3,蚌埠,69.0
20170124,13,O3_24h,蚌埠,94.0
20170124,13,O3_8h,蚌埠,36.0
20170124,13,O3_8h_24h,蚌埠,38.0
20170124,13,CO,蚌埠,1.02
20170124,13,CO_24h,蚌埠,1.03
20170124,14,AQI,蚌埠,80.0
20170124,14,PM2.5,蚌埠,59.0
20170124,14,PM2.5_24h,蚌埠,76.0
20170124,14,PM10,蚌埠,87.0
20170124,14,PM10_24h,蚌埠,103.0
20170124,14,SO2,蚌埠,38.0
20170124,14,SO2_24h,蚌埠,48.0
20170124,14,NO2,蚌埠,34.0
20170124,14,NO2_24h,蚌埠,56.0
20170124,14,O3,蚌埠,73.0
20170124,14,O3_24h,蚌埠,94.0
20170124,14,O3_8h,蚌埠,42.0
20170124,14,O3_8h_24h,蚌埠,44.0
20170124,14,CO,蚌埠,0.88
20170124,14,CO_24h,蚌埠,1.03
20170124,15,AQI,蚌埠,75.0
20170124,15,PM2.5,蚌埠,55.0
20170124,15,PM2.5_24h,蚌埠,75.0
20170124,15,PM10,蚌埠,84.0
20170124,15,PM10_24h,蚌埠,102.0
20170124,15,SO2,蚌埠,34.0
20170124,15,SO2_24h,蚌埠,48.0
20170124,15,NO2,蚌埠,32.0
20170124,15,NO2_24h,蚌埠,56.0
20170124,15,O3,蚌埠,73.0
20170124,15,O3_24h,蚌埠,94.0
20170124,15,O3_8h,蚌埠,48.0
20170124,15,O3_8h_24h,蚌埠,49.0
20170124,15,CO,蚌埠,0.82
20170124,15,CO_24h,蚌埠,1.03
20170124,16,AQI,蚌埠,69.0
20170124,16,PM2.5,蚌埠,50.0
20170124,16,PM2.5_24h,蚌埠,74.0
20170124,16,PM10,蚌埠,70.0
20170124,16,PM10_24h,蚌埠,101.0
20170124,16,SO2,蚌埠,37.0
20170124,16,SO2_24h,蚌埠,47.0
20170124,16,NO2,蚌埠,38.0
20170124,16,NO2_24h,蚌埠,56.0
20170124,16,O3,蚌埠,67.0
20170124,16,O3_24h,蚌埠,82.0
20170124,16,O3_8h,蚌埠,54.0
20170124,16,O3_8h_24h,蚌埠,55.0
20170124,16,CO,蚌埠,0.88
20170124,16,CO_24h,蚌埠,1.03
20170124,17,AQI,蚌埠,69.0
20170124,17,PM2.5,蚌埠,50.0
20170124,17,PM2.5_24h,蚌埠,73.0
20170124,17,PM10,蚌埠,74.0
20170124,17,PM10_24h,蚌埠,99.0
20170124,17,SO2,蚌埠,37.0
20170124,17,SO2_24h,蚌埠,47.0
20170124,17,NO2,蚌埠,47.0
20170124,17,NO2_24h,蚌埠,56.0
20170124,17,O3,蚌埠,52.0
20170124,17,O3_24h,蚌埠,78.0
20170124,17,O3_8h,蚌埠,58.0
20170124,17,O3_8h_24h,蚌埠,59.0
20170124,17,CO,蚌埠,0.93
20170124,17,CO_24h,蚌埠,1.02
20170124,18,AQI,蚌埠,74.0
20170124,18,PM2.5,蚌埠,54.0
20170124,18,PM2.5_24h,蚌埠,72.0
20170124,18,PM10,蚌埠,80.0
20170124,18,PM10_24h,蚌埠,98.0
20170124,18,SO2,蚌埠,32.0
20170124,18,SO2_24h,蚌埠,46.0
20170124,18,NO2,蚌埠,54.0
20170124,18,NO2_24h,蚌埠,55.0
20170124,18,O3,蚌埠,41.0
20170124,18,O3_24h,蚌埠,78.0
20170124,18,O3_8h,蚌埠,59.0
20170124,18,O3_8h_24h,蚌埠,60.0
20170124,18,CO,蚌埠,1.03
20170124,18,CO_24h,蚌埠,1.02
20170124,19,AQI,蚌埠,73.0
20170124,19,PM2.5,蚌埠,53.0
20170124,19,PM2.5_24h,蚌埠,71.0
20170124,19,PM10,蚌埠,89.0
20170124,19,PM10_24h,蚌埠,97.0
20170124,19,SO2,蚌埠,34.0
20170124,19,SO2_24h,蚌埠,45.0
20170124,19,NO2,蚌埠,55.0
20170124,19,NO2_24h,蚌埠,54.0
20170124,19,O3,蚌埠,39.0
20170124,19,O3_24h,蚌埠,78.0
20170124,19,O3_8h,蚌埠,58.0
20170124,19,O3_8h_24h,蚌埠,60.0
20170124,19,CO,蚌埠,1.07
20170124,19,CO_24h,蚌埠,1.02
20170124,20,AQI,蚌埠,85.0
20170124,20,PM2.5,蚌埠,63.0
20170124,20,PM2.5_24h,蚌埠,70.0
20170124,20,PM10,蚌埠,96.0
20170124,20,PM10_24h,蚌埠,97.0
20170124,20,SO2,蚌埠,36.0
20170124,20,SO2_24h,蚌埠,44.0
20170124,20,NO2,蚌埠,53.0
20170124,20,NO2_24h,蚌埠,53.0
20170124,20,O3,蚌埠,38.0
20170124,20,O3_24h,蚌埠,78.0
20170124,20,O3_8h,蚌埠,56.0
20170124,20,O3_8h_24h,蚌埠,60.0
20170124,20,CO,蚌埠,0.97
20170124,20,CO_24h,蚌埠,1.02
20170124,21,AQI,蚌埠,78.0
20170124,21,PM2.5,蚌埠,57.0
20170124,21,PM2.5_24h,蚌埠,70.0
20170124,21,PM10,蚌埠,85.0
20170124,21,PM10_24h,蚌埠,95.0
20170124,21,SO2,蚌埠,34.0
20170124,21,SO2_24h,蚌埠,43.0
20170124,21,NO2,蚌埠,51.0
20170124,21,NO2_24h,蚌埠,53.0
20170124,21,O3,蚌埠,37.0
20170124,21,O3_24h,蚌埠,78.0
20170124,21,O3_8h,蚌埠,52.0
20170124,21,O3_8h_24h,蚌埠,60.0
20170124,21,CO,蚌埠,0.85
20170124,21,CO_24h,蚌埠,1.02
20170124,22,AQI,蚌埠,68.0
20170124,22,PM2.5,蚌埠,49.0
20170124,22,PM2.5_24h,蚌埠,68.0
20170124,22,PM10,蚌埠,79.0
20170124,22,PM10_24h,蚌埠,94.0
20170124,22,SO2,蚌埠,29.0
20170124,22,SO2_24h,蚌埠,42.0
20170124,22,NO2,蚌埠,39.0
20170124,22,NO2_24h,蚌埠,51.0
20170124,22,O3,蚌埠,45.0
20170124,22,O3_24h,蚌埠,78.0
20170124,22,O3_8h,蚌埠,49.0
20170124,22,O3_8h_24h,蚌埠,60.0
20170124,22,CO,蚌埠,0.75
20170124,22,CO_24h,蚌埠,0.97
20170124,23,AQI,蚌埠,71.0
20170124,23,PM2.5,蚌埠,52.0
20170124,23,PM2.5_24h,蚌埠,68.0
20170124,23,PM10,蚌埠,73.0
20170124,23,PM10_24h,蚌埠,93.0
20170124,23,SO2,蚌埠,39.0
20170124,23,SO2_24h,蚌埠,42.0
20170124,23,NO2,蚌埠,43.0
20170124,23,NO2_24h,蚌埠,51.0
20170124,23,O3,蚌埠,47.0
20170124,23,O3_24h,蚌埠,78.0
20170124,23,O3_8h,蚌埠,46.0
20170124,23,O3_8h_24h,蚌埠,60.0
20170124,23,CO,蚌埠,0.73
20170124,23,CO_24h,蚌埠,0.95
20170124,0,AQI,淮南,96.0
20170124,0,PM2.5,淮南,72.0
20170124,0,PM2.5_24h,淮南,73.0
20170124,0,PM10,淮南,99.0
20170124,0,PM10_24h,淮南,112.0
20170124,0,SO2,淮南,17.0
20170124,0,SO2_24h,淮南,23.0
20170124,0,NO2,淮南,39.0
20170124,0,NO2_24h,淮南,39.0
20170124,0,O3,淮南,46.0
20170124,0,O3_24h,淮南,80.0
20170124,0,O3_8h,淮南,52.0
20170124,0,O3_8h_24h,淮南,65.0
20170124,0,CO,淮南,1.25
20170124,0,CO_24h,淮南,1.3
20170124,1,AQI,淮南,86.0
20170124,1,PM2.5,淮南,64.0
20170124,1,PM2.5_24h,淮南,72.0
20170124,1,PM10,淮南,96.0
20170124,1,PM10_24h,淮南,110.0
20170124,1,SO2,淮南,17.0
20170124,1,SO2_24h,淮南,22.0
20170124,1,NO2,淮南,41.0
20170124,1,NO2_24h,淮南,40.0
20170124,1,O3,淮南,42.0
20170124,1,O3_24h,淮南,80.0
20170124,1,O3_8h,淮南,42.0
20170124,1,O3_8h_24h,淮南,42.0
20170124,1,CO,淮南,1.23
20170124,1,CO_24h,淮南,1.3
20170124,2,AQI,淮南,80.0
20170124,2,PM2.5,淮南,59.0
20170124,2,PM2.5_24h,淮南,71.0
20170124,2,PM10,淮南,88.0
20170124,2,PM10_24h,淮南,109.0
20170124,2,SO2,淮南,17.0
20170124,2,SO2_24h,淮南,22.0
20170124,2,NO2,淮南,37.0
20170124,2,NO2_24h,淮南,39.0
20170124,2,O3,淮南,41.0
20170124,2,O3_24h,淮南,80.0
20170124,2,O3_8h,淮南,42.0
20170124,2,O3_8h_24h,淮南,42.0
20170124,2,CO,淮南,1.23
20170124,2,CO_24h,淮南,1.3
20170124,3,AQI,淮南,86.0
20170124,3,PM2.5,淮南,64.0
20170124,3,PM2.5_24h,淮南,70.0
20170124,3,PM10,淮南,104.0
20170124,3,PM10_24h,淮南,108.0
20170124,3,SO2,淮南,17.0
20170124,3,SO2_24h,淮南,22.0
20170124,3,NO2,淮南,38.0
20170124,3,NO2_24h,淮南,40.0
20170124,3,O3,淮南,38.0
20170124,3,O3_24h,淮南,80.0
20170124,3,O3_8h,淮南,40.0
20170124,3,O3_8h_24h,淮南,42.0
20170124,3,CO,淮南,1.15
20170124,3,CO_24h,淮南,1.32
20170124,4,AQI,淮南,79.0
20170124,4,PM2.5,淮南,58.0
20170124,4,PM2.5_24h,淮南,70.0
20170124,4,PM10,淮南,80.0
20170124,4,PM10_24h,淮南,106.0
20170124,4,SO2,淮南,17.0
20170124,4,SO2_24h,淮南,22.0
20170124,4,NO2,淮南,37.0
20170124,4,NO2_24h,淮南,41.0
20170124,4,O3,淮南,37.0
20170124,4,O3_24h,淮南,80.0
20170124,4,O3_8h,淮南,39.0
20170124,4,O3_8h_24h,淮南,42.0
20170124,4,CO,淮南,1.07
20170124,4,CO_24h,淮南,1.3
20170124,5,AQI,淮南,79.0
20170124,5,PM2.5,淮南,58.0
20170124,5,PM2.5_24h,淮南,70.0
20170124,5,PM10,淮南,84.0
20170124,5,PM10_24h,淮南,106.0
20170124,5,SO2,淮南,17.0
20170124,5,SO2_24h,淮南,21.0
20170124,5,NO2,淮南,37.0
20170124,5,NO2_24h,淮南,41.0
20170124,5,O3,淮南,34.0
20170124,5,O3_24h,淮南,80.0
20170124,5,O3_8h,淮南,39.0
20170124,5,O3_8h_24h,淮南,42.0
20170124,5,CO,淮南,1.1
20170124,5,CO_24h,淮南,1.3
20170124,6,AQI,淮南,76.0
20170124,6,PM2.5,淮南,56.0
20170124,6,PM2.5_24h,淮南,70.0
20170124,6,PM10,淮南,79.0
20170124,6,PM10_24h,淮南,106.0
20170124,6,SO2,淮南,18.0
20170124,6,SO2_24h,淮南,21.0
20170124,6,NO2,淮南,43.0
20170124,6,NO2_24h,淮南,42.0
20170124,6,O3,淮南,30.0
20170124,6,O3_24h,淮南,80.0
20170124,6,O3_8h,淮南,37.0
20170124,6,O3_8h_24h,淮南,42.0
20170124,6,CO,淮南,1.17
20170124,6,CO_24h,淮南,1.3
20170124,7,AQI,淮南,91.0
20170124,7,PM2.5,淮南,68.0
20170124,7,PM2.5_24h,淮南,70.0
20170124,7,PM10,淮南,89.0
20170124,7,PM10_24h,淮南,107.0
20170124,7,SO2,淮南,16.0
20170124,7,SO2_24h,淮南,21.0
20170124,7,NO2,淮南,43.0
20170124,7,NO2_24h,淮南,42.0
20170124,7,O3,淮南,29.0
20170124,7,O3_24h,淮南,80.0
20170124,7,O3_8h,淮南,36.0
20170124,7,O3_8h_24h,淮南,42.0
20170124,7,CO,淮南,1.13
20170124,7,CO_24h,淮南,1.3
20170124,8,AQI,淮南,89.0
20170124,8,PM2.5,淮南,66.0
20170124,8,PM2.5_24h,淮南,70.0
20170124,8,PM10,淮南,93.0
20170124,8,PM10_24h,淮南,106.0
20170124,8,SO2,淮南,21.0
20170124,8,SO2_24h,淮南,20.0
20170124,8,NO2,淮南,52.0
20170124,8,NO2_24h,淮南,42.0
20170124,8,O3,淮南,22.0
20170124,8,O3_24h,淮南,80.0
20170124,8,O3_8h,淮南,34.0
20170124,8,O3_8h_24h,淮南,42.0
20170124,8,CO,淮南,1.27
20170124,8,CO_24h,淮南,1.3
20170124,9,AQI,淮南,108.0
20170124,9,PM2.5,淮南,81.0
20170124,9,PM2.5_24h,淮南,71.0
20170124,9,PM10,淮南,113.0
20170124,9,PM10_24h,淮南,106.0
20170124,9,SO2,淮南,24.0
20170124,9,SO2_24h,淮南,20.0
20170124,9,NO2,淮南,51.0
20170124,9,NO2_24h,淮南,42.0
20170124,9,O3,淮南,20.0
20170124,9,O3_24h,淮南,80.0
20170124,9,O3_8h,淮南,31.0
20170124,9,O3_8h_24h,淮南,42.0
20170124,9,CO,淮南,1.38
20170124,9,CO_24h,淮南,1.3
20170124,10,AQI,淮南,124.0
20170124,10,PM2.5,淮南,94.0
20170124,10,PM2.5_24h,淮南,76.0
20170124,10,PM10,淮南,139.0
20170124,10,PM10_24h,淮南,118.0
20170124,10,SO2,淮南,19.0
20170124,10,SO2_24h,淮南,21.0
20170124,10,NO2,淮南,39.0
20170124,10,NO2_24h,淮南,38.0
20170124,10,O3,淮南,35.0
20170124,10,O3_24h,淮南,92.0
20170124,10,O3_8h,淮南,34.0
20170124,10,O3_8h_24h,淮南,47.0
20170124,10,CO,淮南,1.17
20170124,10,CO_24h,淮南,1.17
20170124,11,AQI,淮南,109.0
20170124,11,PM2.5,淮南,82.0
20170124,11,PM2.5_24h,淮南,73.0
20170124,11,PM10,淮南,124.0
20170124,11,PM10_24h,淮南,107.0
20170124,11,SO2,淮南,19.0
20170124,11,SO2_24h,淮南,20.0
20170124,11,NO2,淮南,36.0
20170124,11,NO2_24h,淮南,43.0
20170124,11,O3,淮南,41.0
20170124,11,O3_24h,淮南,80.0
20170124,11,O3_8h,淮南,30.0
20170124,11,O3_8h_24h,淮南,42.0
20170124,11,CO,淮南,1.23
20170124,11,CO_24h,淮南,1.27
20170124,12,AQI,淮南,98.0
20170124,12,PM2.5,淮南,73.0
20170124,12,PM2.5_24h,淮南,73.0
20170124,12,PM10,淮南,102.0
20170124,12,PM10_24h,淮南,107.0
20170124,12,SO2,淮南,19.0
20170124,12,SO2_24h,淮南,19.0
20170124,12,NO2,淮南,33.0
20170124,12,NO2_24h,淮南,43.0
20170124,12,O3,淮南,57.0
20170124,12,O3_24h,淮南,80.0
20170124,12,O3_8h,淮南,33.0
20170124,12,O3_8h_24h,淮南,42.0
20170124,12,CO,淮南,1.0
20170124,12,CO_24h,淮南,1.27
20170124,13,AQI,淮南,89.0
20170124,13,PM2.5,淮南,66.0
20170124,13,PM2.5_24h,淮南,73.0
20170124,13,PM10,淮南,113.0
20170124,13,PM10_24h,淮南,107.0
20170124,13,SO2,淮南,19.0
20170124,13,SO2_24h,淮南,19.0
20170124,13,NO2,淮南,30.0
20170124,13,NO2_24h,淮南,43.0
20170124,13,O3,淮南,67.0
20170124,13,O3_24h,淮南,80.0
20170124,13,O3_8h,淮南,37.0
20170124,13,O3_8h_24h,淮南,42.0
20170124,13,CO,淮南,0.95
20170124,13,CO_24h,淮南,1.25
20170124,14,AQI,淮南,90.0
20170124,14,PM2.5,淮南,67.0
20170124,14,PM2.5_24h,淮南,73.0
20170124,14,PM10,淮南,88.0
20170124,14,PM10_24h,淮南,106.0
20170124,14,SO2,淮南,22.0
20170124,14,SO2_24h,淮南,19.0
20170124,14,NO2,淮南,29.0
20170124,14,NO2_24h,淮南,42.0
20170124,14,O3,淮南,72.0
20170124,14,O3_24h,淮南,80.0
20170124,14,O3_8h,淮南,43.0
20170124,14,O3_8h_24h,淮南,43.0
20170124,14,CO,淮南,0.92
20170124,14,CO_24h,淮南,1.25
20170124,15,AQI,淮南,91.0
20170124,15,PM2.5,淮南,68.0
20170124,15,PM2.5_24h,淮南,73.0
20170124,15,PM10,淮南,106.0
20170124,15,PM10_24h,淮南,106.0
20170124,15,SO2,淮南,20.0
20170124,15,SO2_24h,淮南,19.0
20170124,15,NO2,淮南,33.0
20170124,15,NO2_24h,淮南,42.0
20170124,15,O3,淮南,72.0
20170124,15,O3_24h,淮南,80.0
20170124,15,O3_8h,淮南,48.0
20170124,15,O3_8h_24h,淮南,48.0
20170124,15,CO,淮南,0.95
20170124,15,CO_24h,淮南,1.23
20170124,16,AQI,淮南,85.0
20170124,16,PM2.5,淮南,63.0
20170124,16,PM2.5_24h,淮南,73.0
20170124,16,PM10,淮南,112.0
20170124,16,PM10_24h,淮南,106.0
20170124,16,SO2,淮南,19.0
20170124,16,SO2_24h,淮南,19.0
20170124,16,NO2,淮南,36.0
20170124,16,NO2_24h,淮南,42.0
20170124,16,O3,淮南,69.0
20170124,16,O3_24h,淮南,77.0
20170124,16,O3_8h,淮南,54.0
20170124,16,O3_8h_24h,淮南,54.0
20170124,16,CO,淮南,0.93
20170124,16,CO_24h,淮南,1.23
20170124,17,AQI,淮南,82.0
20170124,17,PM2.5,淮南,58.0
20170124,17,PM2.5_24h,淮南,73.0
20170124,17,PM10,淮南,113.0
20170124,17,PM10_24h,淮南,104.0
20170124,17,SO2,淮南,27.0
20170124,17,SO2_24h,淮南,19.0
20170124,17,NO2,淮南,45.0
20170124,17,NO2_24h,淮南,43.0
20170124,17,O3,淮南,60.0
20170124,17,O3_24h,淮南,74.0
20170124,17,O3_8h,淮南,59.0
20170124,17,O3_8h_24h,淮南,59.0
20170124,17,CO,淮南,0.97
20170124,17,CO_24h,淮南,1.18
20170124,18,AQI,淮南,89.0
20170124,18,PM2.5,淮南,66.0
20170124,18,PM2.5_24h,淮南,72.0
20170124,18,PM10,淮南,116.0
20170124,18,PM10_24h,淮南,103.0
20170124,18,SO2,淮南,24.0
20170124,18,SO2_24h,淮南,19.0
20170124,18,NO2,淮南,54.0
20170124,18,NO2_24h,淮南,43.0
20170124,18,O3,淮南,48.0
20170124,18,O3_24h,淮南,74.0
20170124,18,O3_8h,淮南,61.0
20170124,18,O3_8h_24h,淮南,61.0
20170124,18,CO,淮南,1.08
20170124,18,CO_24h,淮南,1.18
20170124,19,AQI,淮南,93.0
20170124,19,PM2.5,淮南,69.0
20170124,19,PM2.5_24h,淮南,72.0
20170124,19,PM10,淮南,113.0
20170124,19,PM10_24h,淮南,102.0
20170124,19,SO2,淮南,20.0
20170124,19,SO2_24h,淮南,19.0
20170124,19,NO2,淮南,54.0
20170124,19,NO2_24h,淮南,42.0
20170124,19,O3,淮南,42.0
20170124,19,O3_24h,淮南,74.0
20170124,19,O3_8h,淮南,61.0
20170124,19,O3_8h_24h,淮南,61.0
20170124,19,CO,淮南,1.13
20170124,19,CO_24h,淮南,1.18
20170124,20,AQI,淮南,109.0
20170124,20,PM2.5,淮南,82.0
20170124,20,PM2.5_24h,淮南,71.0
20170124,20,PM10,淮南,132.0
20170124,20,PM10_24h,淮南,101.0
20170124,20,SO2,淮南,19.0
20170124,20,SO2_24h,淮南,19.0
20170124,20,NO2,淮南,58.0
20170124,20,NO2_24h,淮南,41.0
20170124,20,O3,淮南,35.0
20170124,20,O3_24h,淮南,74.0
20170124,20,O3_8h,淮南,58.0
20170124,20,O3_8h_24h,淮南,61.0
20170124,20,CO,淮南,1.07
20170124,20,CO_24h,淮南,1.13
20170124,21,AQI,淮南,111.0
20170124,21,PM2.5,淮南,84.0
20170124,21,PM2.5_24h,淮南,70.0
20170124,21,PM10,淮南,140.0
20170124,21,PM10_24h,淮南,101.0
20170124,21,SO2,淮南,21.0
20170124,21,SO2_24h,淮南,19.0
20170124,21,NO2,淮南,49.0
20170124,21,NO2_24h,淮南,42.0
20170124,21,O3,淮南,25.0
20170124,21,O3_24h,淮南,74.0
20170124,21,O3_8h,淮南,53.0
20170124,21,O3_8h_24h,淮南,61.0
20170124,21,CO,淮南,1.1
20170124,21,CO_24h,淮南,1.13
20170124,22,AQI,淮南,119.0
20170124,22,PM2.5,淮南,90.0
20170124,22,PM2.5_24h,淮南,70.0
20170124,22,PM10,淮南,131.0
20170124,22,PM10_24h,淮南,100.0
20170124,22,SO2,淮南,19.0
20170124,22,SO2_24h,淮南,19.0
20170124,22,NO2,淮南,52.0
20170124,22,NO2_24h,淮南,42.0
20170124,22,O3,淮南,25.0
20170124,22,O3_24h,淮南,74.0
20170124,22,O3_8h,淮南,47.0
20170124,22,O3_8h_24h,淮南,61.0
20170124,22,CO,淮南,0.97
20170124,22,CO_24h,淮南,1.13
20170124,23,AQI,淮南,100.0
20170124,23,PM2.5,淮南,75.0
20170124,23,PM2.5_24h,淮南,70.0
20170124,23,PM10,淮南,110.0
20170124,23,PM10_24h,淮南,100.0
20170124,23,SO2,淮南,21.0
20170124,23,SO2_24h,淮南,19.0
20170124,23,NO2,淮南,46.0
20170124,23,NO2_24h,淮南,42.0
20170124,23,O3,淮南,31.0
20170124,23,O3_24h,淮南,74.0
20170124,23,O3_8h,淮南,42.0
20170124,23,O3_8h_24h,淮南,61.0
20170124,23,CO,淮南,0.93
20170124,23,CO_24h,淮南,1.1
20170124,0,AQI,淮北,83.0
20170124,0,PM2.5,淮北,61.0
20170124,0,PM2.5_24h,淮北,68.0
20170124,0,PM10,淮北,85.0
20170124,0,PM10_24h,淮北,106.0
20170124,0,SO2,淮北,27.0
20170124,0,SO2_24h,淮北,29.0
20170124,0,NO2,淮北,34.0
20170124,0,NO2_24h,淮北,38.0
20170124,0,O3,淮北,57.0
20170124,0,O3_24h,淮北,92.0
20170124,0,O3_8h,淮北,60.0
20170124,0,O3_8h_24h,淮北,77.0
20170124,0,CO,淮北,0.87
20170124,0,CO_24h,淮北,1.03
20170124,1,AQI,淮北,84.0
20170124,1,PM2.5,淮北,62.0
20170124,1,PM2.5_24h,淮北,67.0
20170124,1,PM10,淮北,85.0
20170124,1,PM10_24h,淮北,104.0
20170124,1,SO2,淮北,31.0
20170124,1,SO2_24h,淮北,29.0
20170124,1,NO2,淮北,31.0
20170124,1,NO2_24h,淮北,37.0
20170124,1,O3,淮北,57.0
20170124,1,O3_24h,淮北,92.0
20170124,1,O3_8h,淮北,57.0
20170124,1,O3_8h_24h,淮北,57.0
20170124,1,CO,淮北,1.0
20170124,1,CO_24h,淮北,1.0
20170124,2,AQI,淮北,88.0
20170124,2,PM2.5,淮北,65.0
20170124,2,PM2.5_24h,淮北,67.0
20170124,2,PM10,淮北,93.0
20170124,2,PM10_24h,淮北,102.0
20170124,2,SO2,淮北,23.0
20170124,2,SO2_24h,淮北,28.0
20170124,2,NO2,淮北,30.0
20170124,2,NO2_24h,淮北,37.0
20170124,2,O3,淮北,54.0
20170124,2,O3_24h,淮北,92.0
20170124,2,O3_8h,淮北,55.0
20170124,2,O3_8h_24h,淮北,57.0
20170124,2,CO,淮北,1.03
20170124,2,CO_24h,淮北,1.0
20170124,3,AQI,淮北,95.0
20170124,3,PM2.5,淮北,71.0
20170124,3,PM2.5_24h,淮北,66.0
20170124,3,PM10,淮北,104.0
20170124,3,PM10_24h,淮北,101.0
20170124,3,SO2,淮北,34.0
20170124,3,SO2_24h,淮北,29.0
20170124,3,NO2,淮北,31.0
20170124,3,NO2_24h,淮北,36.0
20170124,3,O3,淮北,51.0
20170124,3,O3_24h,淮北,92.0
20170124,3,O3_8h,淮北,54.0
20170124,3,O3_8h_24h,淮北,57.0
20170124,3,CO,淮北,1.2
20170124,3,CO_24h,淮北,1.0
20170124,4,AQI,淮北,90.0
20170124,4,PM2.5,淮北,67.0
20170124,4,PM2.5_24h,淮北,66.0
20170124,4,PM10,淮北,102.0
20170124,4,PM10_24h,淮北,100.0
20170124,4,SO2,淮北,19.0
20170124,4,SO2_24h,淮北,28.0
20170124,4,NO2,淮北,31.0
20170124,4,NO2_24h,淮北,36.0
20170124,4,O3,淮北,49.0
20170124,4,O3_24h,淮北,92.0
20170124,4,O3_8h,淮北,52.0
20170124,4,O3_8h_24h,淮北,57.0
20170124,4,CO,淮北,1.13
20170124,4,CO_24h,淮北,1.0
20170124,5,AQI,淮北,89.0
20170124,5,PM2.5,淮北,66.0
20170124,5,PM2.5_24h,淮北,66.0
20170124,5,PM10,淮北,89.0
20170124,5,PM10_24h,淮北,99.0
20170124,5,SO2,淮北,18.0
20170124,5,SO2_24h,淮北,28.0
20170124,5,NO2,淮北,28.0
20170124,5,NO2_24h,淮北,35.0
20170124,5,O3,淮北,51.0
20170124,5,O3_24h,淮北,92.0
20170124,5,O3_8h,淮北,52.0
20170124,5,O3_8h_24h,淮北,57.0
20170124,5,CO,淮北,1.1
20170124,5,CO_24h,淮北,1.03
20170124,6,AQI,淮北,88.0
20170124,6,PM2.5,淮北,65.0
20170124,6,PM2.5_24h,淮北,65.0
20170124,6,PM10,淮北,86.0
20170124,6,PM10_24h,淮北,98.0
20170124,6,SO2,淮北,15.0
20170124,6,SO2_24h,淮北,27.0
20170124,6,NO2,淮北,26.0
20170124,6,NO2_24h,淮北,35.0
20170124,6,O3,淮北,47.0
20170124,6,O3_24h,淮北,92.0
20170124,6,O3_8h,淮北,51.0
20170124,6,O3_8h_24h,淮北,57.0
20170124,6,CO,淮北,1.13
20170124,6,CO_24h,淮北,1.03
20170124,7,AQI,淮北,95.0
20170124,7,PM2.5,淮北,71.0
20170124,7,PM2.5_24h,淮北,64.0
20170124,7,PM10,淮北,87.0
20170124,7,PM10_24h,淮北,102.0
20170124,7,SO2,淮北,12.0
20170124,7,SO2_24h,淮北,29.0
20170124,7,NO2,淮北,43.0
20170124,7,NO2_24h,淮北,43.0
20170124,7,O3,淮北,30.0
20170124,7,O3_24h,淮北,88.0
20170124,7,O3_8h,淮北,47.0
20170124,7,O3_8h_24h,淮北,54.0
20170124,7,CO,淮北,1.15
20170124,7,CO_24h,淮北,1.0
20170124,8,AQI,淮北,93.0
20170124,8,PM2.5,淮北,69.0
20170124,8,PM2.5_24h,淮北,65.0
20170124,8,PM10,淮北,81.0
20170124,8,PM10_24h,淮北,94.0
20170124,8,SO2,淮北,15.0
20170124,8,SO2_24h,淮北,26.0
20170124,8,NO2,淮北,40.0
20170124,8,NO2_24h,淮北,34.0
20170124,8,O3,淮北,24.0
20170124,8,O3_24h,淮北,92.0
20170124,8,O3_8h,淮北,46.0
20170124,8,O3_8h_24h,淮北,57.0
20170124,8,CO,淮北,1.3
20170124,8,CO_24h,淮北,1.0
20170124,9,AQI,淮北,89.0
20170124,9,PM2.5,淮北,66.0
20170124,9,PM2.5_24h,淮北,64.0
20170124,9,PM10,淮北,78.0
20170124,9,PM10_24h,淮北,94.0
20170124,9,SO2,淮北,18.0
20170124,9,SO2_24h,淮北,26.0
20170124,9,NO2,淮北,39.0
20170124,9,NO2_24h,淮北,34.0
20170124,9,O3,淮北,27.0
20170124,9,O3_24h,淮北,92.0
20170124,9,O3_8h,淮北,42.0
20170124,9,O3_8h_24h,淮北,57.0
20170124,9,CO,淮北,1.3
20170124,9,CO_24h,淮北,0.97
20170124,10,AQI,淮北,76.0
20170124,10,PM2.5,淮北,56.0
20170124,10,PM2.5_24h,淮北,64.0
20170124,10,PM10,淮北,71.0
20170124,10,PM10_24h,淮北,93.0
20170124,10,SO2,淮北,19.0
20170124,10,SO2_24h,淮北,26.0
20170124,10,NO2,淮北,31.0
20170124,10,NO2_24h,淮北,34.0
20170124,10,O3,淮北,38.0
20170124,10,O3_24h,淮北,92.0
20170124,10,O3_8h,淮北,40.0
20170124,10,O3_8h_24h,淮北,57.0
20170124,10,CO,淮北,1.1
20170124,10,CO_24h,淮北,0.97
20170124,11,AQI,淮北,76.0
20170124,11,PM2.5,淮北,56.0
20170124,11,PM2.5_24h,淮北,64.0
20170124,11,PM10,淮北,68.0
20170124,11,PM10_24h,淮北,92.0
20170124,11,SO2,淮北,29.0
20170124,11,SO2_24h,淮北,26.0
20170124,11,NO2,淮北,26.0
20170124,11,NO2_24h,淮北,34.0
20170124,11,O3,淮北,50.0
20170124,11,O3_24h,淮北,92.0
20170124,11,O3_8h,淮北,40.0
20170124,11,O3_8h_24h,淮北,57.0
20170124,11,CO,淮北,0.97
20170124,11,CO_24h,淮北,1.03
20170124,12,AQI,淮北,78.0
20170124,12,PM2.5,淮北,57.0
20170124,12,PM2.5_24h,淮北,64.0
20170124,12,PM10,淮北,72.0
20170124,12,PM10_24h,淮北,92.0
20170124,12,SO2,淮北,24.0
20170124,12,SO2_24h,淮北,26.0
20170124,12,NO2,淮北,26.0
20170124,12,NO2_24h,淮北,34.0
20170124,12,O3,淮北,61.0
20170124,12,O3_24h,淮北,92.0
20170124,12,O3_8h,淮北,42.0
20170124,12,O3_8h_24h,淮北,57.0
20170124,12,CO,淮北,1.17
20170124,12,CO_24h,淮北,1.07
20170124,13,AQI,淮北,91.0
20170124,13,PM2.5,淮北,68.0
20170124,13,PM2.5_24h,淮北,64.0
20170124,13,PM10,淮北,87.0
20170124,13,PM10_24h,淮北,91.0
20170124,13,SO2,淮北,21.0
20170124,13,SO2_24h,淮北,25.0
20170124,13,NO2,淮北,25.0
20170124,13,NO2_24h,淮北,33.0
20170124,13,O3,淮北,65.0
20170124,13,O3_24h,淮北,92.0
20170124,13,O3_8h,淮北,44.0
20170124,13,O3_8h_24h,淮北,57.0
20170124,13,CO,淮北,1.0
20170124,13,CO_24h,淮北,1.07
20170124,14,AQI,淮北,83.0
20170124,14,PM2.5,淮北,61.0
20170124,14,PM2.5_24h,淮北,64.0
20170124,14,PM10,淮北,72.0
20170124,14,PM10_24h,淮北,91.0
20170124,14,SO2,淮北,21.0
20170124,14,SO2_24h,淮北,25.0
20170124,14,NO2,淮北,26.0
20170124,14,NO2_24h,淮北,33.0
20170124,14,O3,淮北,73.0
20170124,14,O3_24h,淮北,92.0
20170124,14,O3_8h,淮北,47.0
20170124,14,O3_8h_24h,淮北,58.0
20170124,14,CO,淮北,0.93
20170124,14,CO_24h,淮北,1.07
20170124,15,AQI,淮北,64.0
20170124,15,PM2.5,淮北,46.0
20170124,15,PM2.5_24h,淮北,63.0
20170124,15,PM10,淮北,66.0
20170124,15,PM10_24h,淮北,90.0
20170124,15,SO2,淮北,20.0
20170124,15,SO2_24h,淮北,25.0
20170124,15,NO2,淮北,27.0
20170124,15,NO2_24h,淮北,33.0
20170124,15,O3,淮北,73.0
20170124,15,O3_24h,淮北,91.0
20170124,15,O3_8h,淮北,52.0
20170124,15,O3_8h_24h,淮北,59.0
20170124,15,CO,淮北,0.97
20170124,15,CO_24h,淮北,1.07
20170124,16,AQI,淮北,70.0
20170124,16,PM2.5,淮北,51.0
20170124,16,PM2.5_24h,淮北,63.0
20170124,16,PM10,淮北,64.0
20170124,16,PM10_24h,淮北,89.0
20170124,16,SO2,淮北,20.0
20170124,16,SO2_24h,淮北,24.0
20170124,16,NO2,淮北,30.0
20170124,16,NO2_24h,淮北,34.0
20170124,16,O3,淮北,70.0
20170124,16,O3_24h,淮北,86.0
20170124,16,O3_8h,淮北,57.0
20170124,16,O3_8h_24h,淮北,61.0
20170124,16,CO,淮北,1.0
20170124,16,CO_24h,淮北,1.07
20170124,17,AQI,淮北,75.0
20170124,17,PM2.5,淮北,55.0
20170124,17,PM2.5_24h,淮北,62.0
20170124,17,PM10,淮北,65.0
20170124,17,PM10_24h,淮北,87.0
20170124,17,SO2,淮北,19.0
20170124,17,SO2_24h,淮北,24.0
20170124,17,NO2,淮北,33.0
20170124,17,NO2_24h,淮北,34.0
20170124,17,O3,淮北,64.0
20170124,17,O3_24h,淮北,74.0
20170124,17,O3_8h,淮北,62.0
20170124,17,O3_8h_24h,淮北,63.0
20170124,17,CO,淮北,1.07
20170124,17,CO_24h,淮北,1.07
20170124,18,AQI,淮北,74.0
20170124,18,PM2.5,淮北,54.0
20170124,18,PM2.5_24h,淮北,62.0
20170124,18,PM10,淮北,76.0
20170124,18,PM10_24h,淮北,86.0
20170124,18,SO2,淮北,18.0
20170124,18,SO2_24h,淮北,24.0
20170124,18,NO2,淮北,51.0
20170124,18,NO2_24h,淮北,34.0
20170124,18,O3,淮北,45.0
20170124,18,O3_24h,淮北,74.0
20170124,18,O3_8h,淮北,62.0
20170124,18,O3_8h_24h,淮北,64.0
20170124,18,CO,淮北,1.2
20170124,18,CO_24h,淮北,1.07
20170124,19,AQI,淮北,70.0
20170124,19,PM2.5,淮北,51.0
20170124,19,PM2.5_24h,淮北,61.0
20170124,19,PM10,淮北,75.0
20170124,19,PM10_24h,淮北,85.0
20170124,19,SO2,淮北,18.0
20170124,19,SO2_24h,淮北,23.0
20170124,19,NO2,淮北,48.0
20170124,19,NO2_24h,淮北,34.0
20170124,19,O3,淮北,45.0
20170124,19,O3_24h,淮北,74.0
20170124,19,O3_8h,淮北,62.0
20170124,19,O3_8h_24h,淮北,65.0
20170124,19,CO,淮北,1.17
20170124,19,CO_24h,淮北,1.07
20170124,20,AQI,淮北,76.0
20170124,20,PM2.5,淮北,56.0
20170124,20,PM2.5_24h,淮北,61.0
20170124,20,PM10,淮北,86.0
20170124,20,PM10_24h,淮北,84.0
20170124,20,SO2,淮北,18.0
20170124,20,SO2_24h,淮北,22.0
20170124,20,NO2,淮北,42.0
20170124,20,NO2_24h,淮北,34.0
20170124,20,O3,淮北,47.0
20170124,20,O3_24h,淮北,74.0
20170124,20,O3_8h,淮北,60.0
20170124,20,O3_8h_24h,淮北,65.0
20170124,20,CO,淮北,1.03
20170124,20,CO_24h,淮北,1.07
20170124,21,AQI,淮北,76.0
20170124,21,PM2.5,淮北,56.0
20170124,21,PM2.5_24h,淮北,61.0
20170124,21,PM10,淮北,68.0
20170124,21,PM10_24h,淮北,81.0
20170124,21,SO2,淮北,18.0
20170124,21,SO2_24h,淮北,21.0
20170124,21,NO2,淮北,35.0
20170124,21,NO2_24h,淮北,33.0
20170124,21,O3,淮北,56.0
20170124,21,O3_24h,淮北,74.0
20170124,21,O3_8h,淮北,59.0
20170124,21,O3_8h_24h,淮北,65.0
20170124,21,CO,淮北,0.9
20170124,21,CO_24h,淮北,1.07
20170124,22,AQI,淮北,64.0
20170124,22,PM2.5,淮北,46.0
20170124,22,PM2.5_24h,淮北,60.0
20170124,22,PM10,淮北,73.0
20170124,22,PM10_24h,淮北,80.0
20170124,22,SO2,淮北,18.0
20170124,22,SO2_24h,淮北,21.0
20170124,22,NO2,淮北,35.0
20170124,22,NO2_24h,淮北,33.0
20170124,22,O3,淮北,54.0
20170124,22,O3_24h,淮北,74.0
20170124,22,O3_8h,淮北,57.0
20170124,22,O3_8h_24h,淮北,65.0
20170124,22,CO,淮北,0.87
20170124,22,CO_24h,淮北,1.07
20170124,23,AQI,淮北,65.0
20170124,23,PM2.5,淮北,47.0
20170124,23,PM2.5_24h,淮北,59.0
20170124,23,PM10,淮北,76.0
20170124,23,PM10_24h,淮北,80.0
20170124,23,SO2,淮北,20.0
20170124,23,SO2_24h,淮北,21.0
20170124,23,NO2,淮北,32.0
20170124,23,NO2_24h,淮北,33.0
20170124,23,O3,淮北,56.0
20170124,23,O3_24h,淮北,74.0
20170124,23,O3_8h,淮北,54.0
20170124,23,O3_8h_24h,淮北,65.0
20170124,23,CO,淮北,0.93
20170124,23,CO_24h,淮北,1.07
20170124,0,AQI,铜陵,81.0
20170124,0,PM2.5,铜陵,60.0
20170124,0,PM2.5_24h,铜陵,73.0
20170124,0,PM10,铜陵,87.0
20170124,0,PM10_24h,铜陵,114.0
20170124,0,SO2,铜陵,24.0
20170124,0,SO2_24h,铜陵,38.0
20170124,0,NO2,铜陵,61.0
20170124,0,NO2_24h,铜陵,44.0
20170124,0,O3,铜陵,51.0
20170124,0,O3_24h,铜陵,109.0
20170124,0,O3_8h,铜陵,75.0
20170124,0,O3_8h_24h,铜陵,94.0
20170124,0,CO,铜陵,0.83
20170124,0,CO_24h,铜陵,1.12
20170124,1,AQI,铜陵,83.0
20170124,1,PM2.5,铜陵,61.0
20170124,1,PM2.5_24h,铜陵,73.0
20170124,1,PM10,铜陵,94.0
20170124,1,PM10_24h,铜陵,112.0
20170124,1,SO2,铜陵,28.0
20170124,1,SO2_24h,铜陵,38.0
20170124,1,NO2,铜陵,52.0
20170124,1,NO2_24h,铜陵,43.0
20170124,1,O3,铜陵,50.0
20170124,1,O3_24h,铜陵,109.0
20170124,1,O3_8h,铜陵,50.0
20170124,1,O3_8h_24h,铜陵,50.0
20170124,1,CO,铜陵,0.8
20170124,1,CO_24h,铜陵,1.12
20170124,2,AQI,铜陵,84.0
20170124,2,PM2.5,铜陵,62.0
20170124,2,PM2.5_24h,铜陵,71.0
20170124,2,PM10,铜陵,90.0
20170124,2,PM10_24h,铜陵,111.0
20170124,2,SO2,铜陵,27.0
20170124,2,SO2_24h,铜陵,38.0
20170124,2,NO2,铜陵,31.0
20170124,2,NO2_24h,铜陵,41.0
20170124,2,O3,铜陵,56.0
20170124,2,O3_24h,铜陵,109.0
20170124,2,O3_8h,铜陵,53.0
20170124,2,O3_8h_24h,铜陵,54.0
20170124,2,CO,铜陵,0.85
20170124,2,CO_24h,铜陵,1.08
20170124,3,AQI,铜陵,83.0
20170124,3,PM2.5,铜陵,61.0
20170124,3,PM2.5_24h,铜陵,71.0
20170124,3,PM10,铜陵,81.0
20170124,3,PM10_24h,铜陵,109.0
20170124,3,SO2,铜陵,28.0
20170124,3,SO2_24h,铜陵,37.0
20170124,3,NO2,铜陵,30.0
20170124,3,NO2_24h,铜陵,40.0
20170124,3,O3,铜陵,54.0
20170124,3,O3_24h,铜陵,109.0
20170124,3,O3_8h,铜陵,54.0
20170124,3,O3_8h_24h,铜陵,55.0
20170124,3,CO,铜陵,0.83
20170124,3,CO_24h,铜陵,1.07
20170124,4,AQI,铜陵,78.0
20170124,4,PM2.5,铜陵,57.0
20170124,4,PM2.5_24h,铜陵,69.0
20170124,4,PM10,铜陵,82.0
20170124,4,PM10_24h,铜陵,107.0
20170124,4,SO2,铜陵,23.0
20170124,4,SO2_24h,铜陵,36.0
20170124,4,NO2,铜陵,32.0
20170124,4,NO2_24h,铜陵,39.0
20170124,4,O3,铜陵,48.0
20170124,4,O3_24h,铜陵,109.0
20170124,4,O3_8h,铜陵,52.0
20170124,4,O3_8h_24h,铜陵,55.0
20170124,4,CO,铜陵,0.82
20170124,4,CO_24h,铜陵,1.03
20170124,5,AQI,铜陵,83.0
20170124,5,PM2.5,铜陵,61.0
20170124,5,PM2.5_24h,铜陵,68.0
20170124,5,PM10,铜陵,84.0
20170124,5,PM10_24h,铜陵,104.0
20170124,5,SO2,铜陵,25.0
20170124,5,SO2_24h,铜陵,35.0
20170124,5,NO2,铜陵,45.0
20170124,5,NO2_24h,铜陵,40.0
20170124,5,O3,铜陵,42.0
20170124,5,O3_24h,铜陵,109.0
20170124,5,O3_8h,铜陵,50.0
20170124,5,O3_8h_24h,铜陵,55.0
20170124,5,CO,铜陵,0.82
20170124,5,CO_24h,铜陵,1.02
20170124,6,AQI,铜陵,81.0
20170124,6,PM2.5,铜陵,60.0
20170124,6,PM2.5_24h,铜陵,67.0
20170124,6,PM10,铜陵,87.0
20170124,6,PM10_24h,铜陵,102.0
20170124,6,SO2,铜陵,26.0
20170124,6,SO2_24h,铜陵,34.0
20170124,6,NO2,铜陵,44.0
20170124,6,NO2_24h,铜陵,40.0
20170124,6,O3,铜陵,39.0
20170124,6,O3_24h,铜陵,109.0
20170124,6,O3_8h,铜陵,48.0
20170124,6,O3_8h_24h,铜陵,55.0
20170124,6,CO,铜陵,0.82
20170124,6,CO_24h,铜陵,1.02
20170124,7,AQI,铜陵,81.0
20170124,7,PM2.5,铜陵,60.0
20170124,7,PM2.5_24h,铜陵,66.0
20170124,7,PM10,铜陵,91.0
20170124,7,PM10_24h,铜陵,99.0
20170124,7,SO2,铜陵,29.0
20170124,7,SO2_24h,铜陵,34.0
20170124,7,NO2,铜陵,48.0
20170124,7,NO2_24h,铜陵,40.0
20170124,7,O3,铜陵,37.0
20170124,7,O3_24h,铜陵,109.0
20170124,7,O3_8h,铜陵,47.0
20170124,7,O3_8h_24h,铜陵,55.0
20170124,7,CO,铜陵,0.83
20170124,7,CO_24h,铜陵,1.0
20170124,8,AQI,铜陵,81.0
20170124,8,PM2.5,铜陵,60.0
20170124,8,PM2.5_24h,铜陵,65.0
20170124,8,PM10,铜陵,83.0
20170124,8,PM10_24h,铜陵,97.0
20170124,8,SO2,铜陵,39.0
20170124,8,SO2_24h,铜陵,33.0
20170124,8,NO2,铜陵,58.0
20170124,8,NO2_24h,铜陵,39.0
20170124,8,O3,铜陵,33.0
20170124,8,O3_24h,铜陵,109.0
20170124,8,O3_8h,铜陵,45.0
20170124,8,O3_8h_24h,铜陵,55.0
20170124,8,CO,铜陵,0.87
20170124,8,CO_24h,铜陵,0.98
20170124,9,AQI,铜陵,81.0
20170124,9,PM2.5,铜陵,60.0
20170124,9,PM2.5_24h,铜陵,63.0
20170124,9,PM10,铜陵,93.0
20170124,9,PM10_24h,铜陵,95.0
20170124,9,SO2,铜陵,51.0
20170124,9,SO2_24h,铜陵,34.0
20170124,9,NO2,铜陵,40.0
20170124,9,NO2_24h,铜陵,39.0
20170124,9,O3,铜陵,51.0
20170124,9,O3_24h,铜陵,109.0
20170124,9,O3_8h,铜陵,45.0
20170124,9,O3_8h_24h,铜陵,55.0
20170124,9,CO,铜陵,0.95
20170124,9,CO_24h,铜陵,0.98
20170124,10,AQI,铜陵,81.0
20170124,10,PM2.5,铜陵,60.0
20170124,10,PM2.5_24h,铜陵,62.0
20170124,10,PM10,铜陵,82.0
20170124,10,PM10_24h,铜陵,93.0
20170124,10,SO2,铜陵,40.0
20170124,10,SO2_24h,铜陵,33.0
20170124,10,NO2,铜陵,32.0
20170124,10,NO2_24h,铜陵,38.0
20170124,10,O3,铜陵,63.0
20170124,10,O3_24h,铜陵,109.0
20170124,10,O3_8h,铜陵,46.0
20170124,10,O3_8h_24h,铜陵,55.0
20170124,10,CO,铜陵,0.8
20170124,10,CO_24h,铜陵,0.95
20170124,11,AQI,铜陵,78.0
20170124,11,PM2.5,铜陵,57.0
20170124,11,PM2.5_24h,铜陵,61.0
20170124,11,PM10,铜陵,83.0
20170124,11,PM10_24h,铜陵,91.0
20170124,11,SO2,铜陵,46.0
20170124,11,SO2_24h,铜陵,32.0
20170124,11,NO2,铜陵,29.0
20170124,11,NO2_24h,铜陵,38.0
20170124,11,O3,铜陵,75.0
20170124,11,O3_24h,铜陵,109.0
20170124,11,O3_8h,铜陵,49.0
20170124,11,O3_8h_24h,铜陵,55.0
20170124,11,CO,铜陵,0.92
20170124,11,CO_24h,铜陵,0.92
20170124,12,AQI,铜陵,70.0
20170124,12,PM2.5,铜陵,51.0
20170124,12,PM2.5_24h,铜陵,60.0
20170124,12,PM10,铜陵,80.0
20170124,12,PM10_24h,铜陵,89.0
20170124,12,SO2,铜陵,33.0
20170124,12,SO2_24h,铜陵,31.0
20170124,12,NO2,铜陵,25.0
20170124,12,NO2_24h,铜陵,37.0
20170124,12,O3,铜陵,85.0
20170124,12,O3_24h,铜陵,109.0
20170124,12,O3_8h,铜陵,53.0
20170124,12,O3_8h_24h,铜陵,56.0
20170124,12,CO,铜陵,0.87
20170124,12,CO_24h,铜陵,0.92
20170124,13,AQI,铜陵,69.0
20170124,13,PM2.5,铜陵,50.0
20170124,13,PM2.5_24h,铜陵,59.0
20170124,13,PM10,铜陵,76.0
20170124,13,PM10_24h,铜陵,87.0
20170124,13,SO2,铜陵,22.0
20170124,13,SO2_24h,铜陵,31.0
20170124,13,NO2,铜陵,22.0
20170124,13,NO2_24h,铜陵,37.0
20170124,13,O3,铜陵,100.0
20170124,13,O3_24h,铜陵,114.0
20170124,13,O3_8h,铜陵,60.0
20170124,13,O3_8h_24h,铜陵,61.0
20170124,13,CO,铜陵,0.87
20170124,13,CO_24h,铜陵,0.9
20170124,14,AQI,铜陵,60.0
20170124,14,PM2.5,铜陵,43.0
20170124,14,PM2.5_24h,铜陵,57.0
20170124,14,PM10,铜陵,66.0
20170124,14,PM10_24h,铜陵,85.0
20170124,14,SO2,铜陵,24.0
20170124,14,SO2_24h,铜陵,30.0
20170124,14,NO2,铜陵,20.0
20170124,14,NO2_24h,铜陵,36.0
20170124,14,O3,铜陵,102.0
20170124,14,O3_24h,铜陵,114.0
20170124,14,O3_8h,铜陵,68.0
20170124,14,O3_8h_24h,铜陵,68.0
20170124,14,CO,铜陵,0.85
20170124,14,CO_24h,铜陵,0.88
20170124,15,AQI,铜陵,56.0
20170124,15,PM2.5,铜陵,38.0
20170124,15,PM2.5_24h,铜陵,56.0
20170124,15,PM10,铜陵,62.0
20170124,15,PM10_24h,铜陵,84.0
20170124,15,SO2,铜陵,23.0
20170124,15,SO2_24h,铜陵,30.0
20170124,15,NO2,铜陵,21.0
20170124,15,NO2_24h,铜陵,36.0
20170124,15,O3,铜陵,102.0
20170124,15,O3_24h,铜陵,109.0
20170124,15,O3_8h,铜陵,76.0
20170124,15,O3_8h_24h,铜陵,76.0
20170124,15,CO,铜陵,0.8
20170124,15,CO_24h,铜陵,0.88
20170124,16,AQI,铜陵,55.0
20170124,16,PM2.5,铜陵,39.0
20170124,16,PM2.5_24h,铜陵,56.0
20170124,16,PM10,铜陵,56.0
20170124,16,PM10_24h,铜陵,83.0
20170124,16,SO2,铜陵,17.0
20170124,16,SO2_24h,铜陵,30.0
20170124,16,NO2,铜陵,20.0
20170124,16,NO2_24h,铜陵,36.0
20170124,16,O3,铜陵,99.0
20170124,16,O3_24h,铜陵,106.0
20170124,16,O3_8h,铜陵,85.0
20170124,16,O3_8h_24h,铜陵,85.0
20170124,16,CO,铜陵,0.73
20170124,16,CO_24h,铜陵,0.87
20170124,17,AQI,铜陵,50.0
20170124,17,PM2.5,铜陵,33.0
20170124,17,PM2.5_24h,铜陵,55.0
20170124,17,PM10,铜陵,50.0
20170124,17,PM10_24h,铜陵,82.0
20170124,17,SO2,铜陵,25.0
20170124,17,SO2_24h,铜陵,30.0
20170124,17,NO2,铜陵,22.0
20170124,17,NO2_24h,铜陵,36.0
20170124,17,O3,铜陵,95.0
20170124,17,O3_24h,铜陵,105.0
20170124,17,O3_8h,铜陵,90.0
20170124,17,O3_8h_24h,铜陵,90.0
20170124,17,CO,铜陵,0.7
20170124,17,CO_24h,铜陵,0.87
20170124,18,AQI,铜陵,54.0
20170124,18,PM2.5,铜陵,38.0
20170124,18,PM2.5_24h,铜陵,54.0
20170124,18,PM10,铜陵,53.0
20170124,18,PM10_24h,铜陵,80.0
20170124,18,SO2,铜陵,19.0
20170124,18,SO2_24h,铜陵,30.0
20170124,18,NO2,铜陵,27.0
20170124,18,NO2_24h,铜陵,36.0
20170124,18,O3,铜陵,86.0
20170124,18,O3_24h,铜陵,105.0
20170124,18,O3_8h,铜陵,93.0
20170124,18,O3_8h_24h,铜陵,93.0
20170124,18,CO,铜陵,0.65
20170124,18,CO_24h,铜陵,0.87
20170124,19,AQI,铜陵,58.0
20170124,19,PM2.5,铜陵,41.0
20170124,19,PM2.5_24h,铜陵,53.0
20170124,19,PM10,铜陵,59.0
20170124,19,PM10_24h,铜陵,79.0
20170124,19,SO2,铜陵,31.0
20170124,19,SO2_24h,铜陵,30.0
20170124,19,NO2,铜陵,30.0
20170124,19,NO2_24h,铜陵,35.0
20170124,19,O3,铜陵,81.0
20170124,19,O3_24h,铜陵,105.0
20170124,19,O3_8h,铜陵,94.0
20170124,19,O3_8h_24h,铜陵,94.0
20170124,19,CO,铜陵,0.68
20170124,19,CO_24h,铜陵,0.87
20170124,20,AQI,铜陵,61.0
20170124,20,PM2.5,铜陵,44.0
20170124,20,PM2.5_24h,铜陵,53.0
20170124,20,PM10,铜陵,62.0
20170124,20,PM10_24h,铜陵,78.0
20170124,20,SO2,铜陵,46.0
20170124,20,SO2_24h,铜陵,30.0
20170124,20,NO2,铜陵,42.0
20170124,20,NO2_24h,铜陵,36.0
20170124,20,O3,铜陵,74.0
20170124,20,O3_24h,铜陵,105.0
20170124,20,O3_8h,铜陵,92.0
20170124,20,O3_8h_24h,铜陵,95.0
20170124,20,CO,铜陵,0.93
20170124,20,CO_24h,铜陵,0.85
20170124,21,AQI,铜陵,75.0
20170124,21,PM2.5,铜陵,55.0
20170124,21,PM2.5_24h,铜陵,53.0
20170124,21,PM10,铜陵,77.0
20170124,21,PM10_24h,铜陵,78.0
20170124,21,SO2,铜陵,58.0
20170124,21,SO2_24h,铜陵,31.0
20170124,21,NO2,铜陵,73.0
20170124,21,NO2_24h,铜陵,37.0
20170124,21,O3,铜陵,51.0
20170124,21,O3_24h,铜陵,105.0
20170124,21,O3_8h,铜陵,86.0
20170124,21,O3_8h_24h,铜陵,95.0
20170124,21,CO,铜陵,1.03
20170124,21,CO_24h,铜陵,0.85
20170124,22,AQI,铜陵,86.0
20170124,22,PM2.5,铜陵,64.0
20170124,22,PM2.5_24h,铜陵,53.0
20170124,22,PM10,铜陵,91.0
20170124,22,PM10_24h,铜陵,78.0
20170124,22,SO2,铜陵,78.0
20170124,22,SO2_24h,铜陵,33.0
20170124,22,NO2,铜陵,93.0
20170124,22,NO2_24h,铜陵,39.0
20170124,22,O3,铜陵,38.0
20170124,22,O3_24h,铜陵,105.0
20170124,22,O3_8h,铜陵,78.0
20170124,22,O3_8h_24h,铜陵,95.0
20170124,22,CO,铜陵,1.07
20170124,22,CO_24h,铜陵,0.85
20170124,23,AQI,铜陵,108.0
20170124,23,PM2.5,铜陵,81.0
20170124,23,PM2.5_24h,铜陵,54.0
20170124,23,PM10,铜陵,112.0
20170124,23,PM10_24h,铜陵,78.0
20170124,23,SO2,铜陵,48.0
20170124,23,SO2_24h,铜陵,34.0
20170124,23,NO2,铜陵,78.0
20170124,23,NO2_24h,铜陵,41.0
20170124,23,O3,铜陵,36.0
20170124,23,O3_24h,铜陵,105.0
20170124,23,O3_8h,铜陵,70.0
20170124,23,O3_8h_24h,铜陵,95.0
20170124,23,CO,铜陵,0.92
20170124,23,CO_24h,铜陵,0.85
20170124,0,AQI,安庆,98.0
20170124,0,PM2.5,安庆,73.0
20170124,0,PM2.5_24h,安庆,94.0
20170124,0,PM10,安庆,92.0
20170124,0,PM10_24h,安庆,115.0
20170124,0,SO2,安庆,29.0
20170124,0,SO2_24h,安庆,37.0
20170124,0,NO2,安庆,39.0
20170124,0,NO2_24h,安庆,50.0
20170124,0,O3,安庆,67.0
20170124,0,O3_24h,安庆,113.0
20170124,0,O3_8h,安庆,90.0
20170124,0,O3_8h_24h,安庆,101.0
20170124,0,CO,安庆,0.63
20170124,0,CO_24h,安庆,0.8
20170124,1,AQI,安庆,101.0
20170124,1,PM2.5,安庆,76.0
20170124,1,PM2.5_24h,安庆,93.0
20170124,1,PM10,安庆,93.0
20170124,1,PM10_24h,安庆,114.0
20170124,1,SO2,安庆,24.0
20170124,1,SO2_24h,安庆,37.0
20170124,1,NO2,安庆,39.0
20170124,1,NO2_24h,安庆,49.0
20170124,1,O3,安庆,63.0
20170124,1,O3_24h,安庆,113.0
20170124,1,O3_8h,安庆,63.0
20170124,1,O3_8h_24h,安庆,63.0
20170124,1,CO,安庆,0.67
20170124,1,CO_24h,安庆,0.8
20170124,2,AQI,安庆,99.0
20170124,2,PM2.5,安庆,74.0
20170124,2,PM2.5_24h,安庆,92.0
20170124,2,PM10,安庆,91.0
20170124,2,PM10_24h,安庆,112.0
20170124,2,SO2,安庆,24.0
20170124,2,SO2_24h,安庆,37.0
20170124,2,NO2,安庆,37.0
20170124,2,NO2_24h,安庆,48.0
20170124,2,O3,安庆,55.0
20170124,2,O3_24h,安庆,113.0
20170124,2,O3_8h,安庆,59.0
20170124,2,O3_8h_24h,安庆,63.0
20170124,2,CO,安庆,0.73
20170124,2,CO_24h,安庆,0.8
20170124,3,AQI,安庆,105.0
20170124,3,PM2.5,安庆,79.0
20170124,3,PM2.5_24h,安庆,91.0
20170124,3,PM10,安庆,90.0
20170124,3,PM10_24h,安庆,111.0
20170124,3,SO2,安庆,27.0
20170124,3,SO2_24h,安庆,37.0
20170124,3,NO2,安庆,50.0
20170124,3,NO2_24h,安庆,48.0
20170124,3,O3,安庆,44.0
20170124,3,O3_24h,安庆,113.0
20170124,3,O3_8h,安庆,54.0
20170124,3,O3_8h_24h,安庆,63.0
20170124,3,CO,安庆,0.73
20170124,3,CO_24h,安庆,0.8
20170124,4,AQI,安庆,110.0
20170124,4,PM2.5,安庆,83.0
20170124,4,PM2.5_24h,安庆,90.0
20170124,4,PM10,安庆,98.0
20170124,4,PM10_24h,安庆,109.0
20170124,4,SO2,安庆,31.0
20170124,4,SO2_24h,安庆,37.0
20170124,4,NO2,安庆,54.0
20170124,4,NO2_24h,安庆,47.0
20170124,4,O3,安庆,39.0
20170124,4,O3_24h,安庆,113.0
20170124,4,O3_8h,安庆,50.0
20170124,4,O3_8h_24h,安庆,63.0
20170124,4,CO,安庆,0.73
20170124,4,CO_24h,安庆,0.8
20170124,5,AQI,安庆,113.0
20170124,5,PM2.5,安庆,85.0
20170124,5,PM2.5_24h,安庆,89.0
20170124,5,PM10,安庆,94.0
20170124,5,PM10_24h,安庆,109.0
20170124,5,SO2,安庆,31.0
20170124,5,SO2_24h,安庆,37.0
20170124,5,NO2,安庆,52.0
20170124,5,NO2_24h,安庆,47.0
20170124,5,O3,安庆,42.0
20170124,5,O3_24h,安庆,113.0
20170124,5,O3_8h,安庆,49.0
20170124,5,O3_8h_24h,安庆,63.0
20170124,5,CO,安庆,0.7
20170124,5,CO_24h,安庆,0.8
20170124,6,AQI,安庆,108.0
20170124,6,PM2.5,安庆,81.0
20170124,6,PM2.5_24h,安庆,88.0
20170124,6,PM10,安庆,92.0
20170124,6,PM10_24h,安庆,107.0
20170124,6,SO2,安庆,32.0
20170124,6,SO2_24h,安庆,36.0
20170124,6,NO2,安庆,55.0
20170124,6,NO2_24h,安庆,47.0
20170124,6,O3,安庆,41.0
20170124,6,O3_24h,安庆,113.0
20170124,6,O3_8h,安庆,47.0
20170124,6,O3_8h_24h,安庆,63.0
20170124,6,CO,安庆,0.73
20170124,6,CO_24h,安庆,0.77
20170124,7,AQI,安庆,118.0
20170124,7,PM2.5,安庆,89.0
20170124,7,PM2.5_24h,安庆,87.0
20170124,7,PM10,安庆,112.0
20170124,7,PM10_24h,安庆,106.0
20170124,7,SO2,安庆,37.0
20170124,7,SO2_24h,安庆,36.0
20170124,7,NO2,安庆,66.0
20170124,7,NO2_24h,安庆,47.0
20170124,7,O3,安庆,39.0
20170124,7,O3_24h,安庆,113.0
20170124,7,O3_8h,安庆,46.0
20170124,7,O3_8h_24h,安庆,63.0
20170124,7,CO,安庆,0.83
20170124,7,CO_24h,安庆,0.73
20170124,8,AQI,安庆,110.0
20170124,8,PM2.5,安庆,83.0
20170124,8,PM2.5_24h,安庆,87.0
20170124,8,PM10,安庆,99.0
20170124,8,PM10_24h,安庆,105.0
20170124,8,SO2,安庆,36.0
20170124,8,SO2_24h,安庆,35.0
20170124,8,NO2,安庆,57.0
20170124,8,NO2_24h,安庆,47.0
20170124,8,O3,安庆,39.0
20170124,8,O3_24h,安庆,113.0
20170124,8,O3_8h,安庆,45.0
20170124,8,O3_8h_24h,安庆,63.0
20170124,8,CO,安庆,0.9
20170124,8,CO_24h,安庆,0.73
20170124,9,AQI,安庆,111.0
20170124,9,PM2.5,安庆,84.0
20170124,9,PM2.5_24h,安庆,86.0
20170124,9,PM10,安庆,105.0
20170124,9,PM10_24h,安庆,104.0
20170124,9,SO2,安庆,31.0
20170124,9,SO2_24h,安庆,34.0
20170124,9,NO2,安庆,47.0
20170124,9,NO2_24h,安庆,47.0
20170124,9,O3,安庆,43.0
20170124,9,O3_24h,安庆,113.0
20170124,9,O3_8h,安庆,43.0
20170124,9,O3_8h_24h,安庆,63.0
20170124,9,CO,安庆,0.9
20170124,9,CO_24h,安庆,0.77
20170124,10,AQI,安庆,109.0
20170124,10,PM2.5,安庆,82.0
20170124,10,PM2.5_24h,安庆,85.0
20170124,10,PM10,安庆,116.0
20170124,10,PM10_24h,安庆,103.0
20170124,10,SO2,安庆,31.0
20170124,10,SO2_24h,安庆,33.0
20170124,10,NO2,安庆,42.0
20170124,10,NO2_24h,安庆,46.0
20170124,10,O3,安庆,48.0
20170124,10,O3_24h,安庆,113.0
20170124,10,O3_8h,安庆,42.0
20170124,10,O3_8h_24h,安庆,63.0
20170124,10,CO,安庆,0.9
20170124,10,CO_24h,安庆,0.73
20170124,11,AQI,安庆,105.0
20170124,11,PM2.5,安庆,79.0
20170124,11,PM2.5_24h,安庆,83.0
20170124,11,PM10,安庆,100.0
20170124,11,PM10_24h,安庆,101.0
20170124,11,SO2,安庆,30.0
20170124,11,SO2_24h,安庆,32.0
20170124,11,NO2,安庆,39.0
20170124,11,NO2_24h,安庆,45.0
20170124,11,O3,安庆,59.0
20170124,11,O3_24h,安庆,113.0
20170124,11,O3_8h,安庆,44.0
20170124,11,O3_8h_24h,安庆,63.0
20170124,11,CO,安庆,0.87
20170124,11,CO_24h,安庆,0.73
20170124,12,AQI,安庆,105.0
20170124,12,PM2.5,安庆,79.0
20170124,12,PM2.5_24h,安庆,82.0
20170124,12,PM10,安庆,96.0
20170124,12,PM10_24h,安庆,100.0
20170124,12,SO2,安庆,21.0
20170124,12,SO2_24h,安庆,31.0
20170124,12,NO2,安庆,27.0
20170124,12,NO2_24h,安庆,44.0
20170124,12,O3,安庆,85.0
20170124,12,O3_24h,安庆,113.0
20170124,12,O3_8h,安庆,50.0
20170124,12,O3_8h_24h,安庆,63.0
20170124,12,CO,安庆,0.8
20170124,12,CO_24h,安庆,0.73
20170124,13,AQI,安庆,106.0
20170124,13,PM2.5,安庆,80.0
20170124,13,PM2.5_24h,安庆,81.0
20170124,13,PM10,安庆,91.0
20170124,13,PM10_24h,安庆,98.0
20170124,13,SO2,安庆,20.0
20170124,13,SO2_24h,安庆,31.0
20170124,13,NO2,安庆,30.0
20170124,13,NO2_24h,安庆,43.0
20170124,13,O3,安庆,91.0
20170124,13,O3_24h,安庆,113.0
20170124,13,O3_8h,安庆,56.0
20170124,13,O3_8h_24h,安庆,64.0
20170124,13,CO,安庆,0.77
20170124,13,CO_24h,安庆,0.73
20170124,14,AQI,安庆,101.0
20170124,14,PM2.5,安庆,76.0
20170124,14,PM2.5_24h,安庆,80.0
20170124,14,PM10,安庆,99.0
20170124,14,PM10_24h,安庆,97.0
20170124,14,SO2,安庆,19.0
20170124,14,SO2_24h,安庆,30.0
20170124,14,NO2,安庆,31.0
20170124,14,NO2_24h,安庆,43.0
20170124,14,O3,安庆,101.0
20170124,14,O3_24h,安庆,114.0
20170124,14,O3_8h,安庆,63.0
20170124,14,O3_8h_24h,安庆,67.0
20170124,14,CO,安庆,0.7
20170124,14,CO_24h,安庆,0.73
20170124,15,AQI,安庆,100.0
20170124,15,PM2.5,安庆,75.0
20170124,15,PM2.5_24h,安庆,79.0
20170124,15,PM10,安庆,85.0
20170124,15,PM10_24h,安庆,96.0
20170124,15,SO2,安庆,18.0
20170124,15,SO2_24h,安庆,29.0
20170124,15,NO2,安庆,28.0
20170124,15,NO2_24h,安庆,42.0
20170124,15,O3,安庆,104.0
20170124,15,O3_24h,安庆,114.0
20170124,15,O3_8h,安庆,71.0
20170124,15,O3_8h_24h,安庆,72.0
20170124,15,CO,安庆,0.7
20170124,15,CO_24h,安庆,0.73
20170124,16,AQI,安庆,91.0
20170124,16,PM2.5,安庆,68.0
20170124,16,PM2.5_24h,安庆,78.0
20170124,16,PM10,安庆,78.0
20170124,16,PM10_24h,安庆,95.0
20170124,16,SO2,安庆,17.0
20170124,16,SO2_24h,安庆,28.0
20170124,16,NO2,安庆,27.0
20170124,16,NO2_24h,安庆,42.0
20170124,16,O3,安庆,107.0
20170124,16,O3_24h,安庆,115.0
20170124,16,O3_8h,安庆,80.0
20170124,16,O3_8h_24h,安庆,80.0
20170124,16,CO,安庆,0.7
20170124,16,CO_24h,安庆,0.77
20170124,17,AQI,安庆,86.0
20170124,17,PM2.5,安庆,64.0
20170124,17,PM2.5_24h,安庆,78.0
20170124,17,PM10,安庆,77.0
20170124,17,PM10_24h,安庆,94.0
20170124,17,SO2,安庆,19.0
20170124,17,SO2_24h,安庆,28.0
20170124,17,NO2,安庆,37.0
20170124,17,NO2_24h,安庆,42.0
20170124,17,O3,安庆,100.0
20170124,17,O3_24h,安庆,115.0
20170124,17,O3_8h,安庆,87.0
20170124,17,O3_8h_24h,安庆,87.0
20170124,17,CO,安庆,0.73
20170124,17,CO_24h,安庆,0.77
20170124,18,AQI,安庆,85.0
20170124,18,PM2.5,安庆,63.0
20170124,18,PM2.5_24h,安庆,78.0
20170124,18,PM10,安庆,77.0
20170124,18,PM10_24h,安庆,93.0
20170124,18,SO2,安庆,18.0
20170124,18,SO2_24h,安庆,27.0
20170124,18,NO2,安庆,52.0
20170124,18,NO2_24h,安庆,42.0
20170124,18,O3,安庆,84.0
20170124,18,O3_24h,安庆,113.0
20170124,18,O3_8h,安庆,92.0
20170124,18,O3_8h_24h,安庆,92.0
20170124,18,CO,安庆,0.7
20170124,18,CO_24h,安庆,0.73
20170124,19,AQI,安庆,80.0
20170124,19,PM2.5,安庆,59.0
20170124,19,PM2.5_24h,安庆,77.0
20170124,19,PM10,安庆,83.0
20170124,19,PM10_24h,安庆,92.0
20170124,19,SO2,安庆,17.0
20170124,19,SO2_24h,安庆,27.0
20170124,19,NO2,安庆,38.0
20170124,19,NO2_24h,安庆,42.0
20170124,19,O3,安庆,88.0
20170124,19,O3_24h,安庆,111.0
20170124,19,O3_8h,安庆,95.0
20170124,19,O3_8h_24h,安庆,95.0
20170124,19,CO,安庆,0.7
20170124,19,CO_24h,安庆,0.73
20170124,20,AQI,安庆,81.0
20170124,20,PM2.5,安庆,60.0
20170124,20,PM2.5_24h,安庆,76.0
20170124,20,PM10,安庆,70.0
20170124,20,PM10_24h,安庆,91.0
20170124,20,SO2,安庆,16.0
20170124,20,SO2_24h,安庆,26.0
20170124,20,NO2,安庆,31.0
20170124,20,NO2_24h,安庆,41.0
20170124,20,O3,安庆,86.0
20170124,20,O3_24h,安庆,111.0
20170124,20,O3_8h,安庆,95.0
20170124,20,O3_8h_24h,安庆,96.0
20170124,20,CO,安庆,0.63
20170124,20,CO_24h,安庆,0.73
20170124,21,AQI,安庆,81.0
20170124,21,PM2.5,安庆,60.0
20170124,21,PM2.5_24h,安庆,75.0
20170124,21,PM10,安庆,73.0
20170124,21,PM10_24h,安庆,90.0
20170124,21,SO2,安庆,16.0
20170124,21,SO2_24h,安庆,25.0
20170124,21,NO2,安庆,29.0
20170124,21,NO2_24h,安庆,41.0
20170124,21,O3,安庆,87.0
20170124,21,O3_24h,安庆,111.0
20170124,21,O3_8h,安庆,94.0
20170124,21,O3_8h_24h,安庆,96.0
20170124,21,CO,安庆,0.57
20170124,21,CO_24h,安庆,0.73
20170124,22,AQI,安庆,84.0
20170124,22,PM2.5,安庆,62.0
20170124,22,PM2.5_24h,安庆,75.0
20170124,22,PM10,安庆,69.0
20170124,22,PM10_24h,安庆,88.0
20170124,22,SO2,安庆,18.0
20170124,22,SO2_24h,安庆,25.0
20170124,22,NO2,安庆,30.0
20170124,22,NO2_24h,安庆,41.0
20170124,22,O3,安庆,79.0
20170124,22,O3_24h,安庆,111.0
20170124,22,O3_8h,安庆,92.0
20170124,22,O3_8h_24h,安庆,96.0
20170124,22,CO,安庆,0.53
20170124,22,CO_24h,安庆,0.73
20170124,23,AQI,安庆,80.0
20170124,23,PM2.5,安庆,59.0
20170124,23,PM2.5_24h,安庆,74.0
20170124,23,PM10,安庆,70.0
20170124,23,PM10_24h,安庆,88.0
20170124,23,SO2,安庆,18.0
20170124,23,SO2_24h,安庆,24.0
20170124,23,NO2,安庆,31.0
20170124,23,NO2_24h,安庆,40.0
20170124,23,O3,安庆,75.0
20170124,23,O3_24h,安庆,111.0
20170124,23,O3_8h,安庆,89.0
20170124,23,O3_8h_24h,安庆,96.0
20170124,23,CO,安庆,0.5
20170124,23,CO_24h,安庆,0.73
20170124,0,AQI,黄山,70.0
20170124,0,PM2.5,黄山,51.0
20170124,0,PM2.5_24h,黄山,40.0
20170124,0,PM10,黄山,81.0
20170124,0,PM10_24h,黄山,73.0
20170124,0,SO2,黄山,9.0
20170124,0,SO2_24h,黄山,11.0
20170124,0,NO2,黄山,20.0
20170124,0,NO2_24h,黄山,20.0
20170124,0,O3,黄山,49.0
20170124,0,O3_24h,黄山,92.0
20170124,0,O3_8h,黄山,61.0
20170124,0,O3_8h_24h,黄山,74.0
20170124,0,CO,黄山,0.77
20170124,0,CO_24h,黄山,0.63
20170124,1,AQI,黄山,69.0
20170124,1,PM2.5,黄山,45.0
20170124,1,PM2.5_24h,黄山,40.0
20170124,1,PM10,黄山,88.0
20170124,1,PM10_24h,黄山,75.0
20170124,1,SO2,黄山,16.0
20170124,1,SO2_24h,黄山,11.0
20170124,1,NO2,黄山,17.0
20170124,1,NO2_24h,黄山,20.0
20170124,1,O3,黄山,38.0
20170124,1,O3_24h,黄山,92.0
20170124,1,O3_8h,黄山,38.0
20170124,1,O3_8h_24h,黄山,38.0
20170124,1,CO,黄山,0.7
20170124,1,CO_24h,黄山,0.63
20170124,2,AQI,黄山,59.0
20170124,2,PM2.5,黄山,31.0
20170124,2,PM2.5_24h,黄山,40.0
20170124,2,PM10,黄山,68.0
20170124,2,PM10_24h,黄山,74.0
20170124,2,SO2,黄山,16.0
20170124,2,SO2_24h,黄山,11.0
20170124,2,NO2,黄山,15.0
20170124,2,NO2_24h,黄山,20.0
20170124,2,O3,黄山,40.0
20170124,2,O3_24h,黄山,92.0
20170124,2,O3_8h,黄山,39.0
20170124,2,O3_8h_24h,黄山,40.0
20170124,2,CO,黄山,0.63
20170124,2,CO_24h,黄山,0.67
20170124,3,AQI,黄山,58.0
20170124,3,PM2.5,黄山,34.0
20170124,3,PM2.5_24h,黄山,40.0
20170124,3,PM10,黄山,65.0
20170124,3,PM10_24h,黄山,75.0
20170124,3,SO2,黄山,13.0
20170124,3,SO2_24h,黄山,11.0
20170124,3,NO2,黄山,14.0
20170124,3,NO2_24h,黄山,19.0
20170124,3,O3,黄山,41.0
20170124,3,O3_24h,黄山,92.0
20170124,3,O3_8h,黄山,40.0
20170124,3,O3_8h_24h,黄山,41.0
20170124,3,CO,黄山,0.63
20170124,3,CO_24h,黄山,0.67
20170124,4,AQI,黄山,56.0
20170124,4,PM2.5,黄山,40.0
20170124,4,PM2.5_24h,黄山,41.0
20170124,4,PM10,黄山,61.0
20170124,4,PM10_24h,黄山,76.0
20170124,4,SO2,黄山,10.0
20170124,4,SO2_24h,黄山,11.0
20170124,4,NO2,黄山,15.0
20170124,4,NO2_24h,黄山,19.0
20170124,4,O3,黄山,38.0
20170124,4,O3_24h,黄山,92.0
20170124,4,O3_8h,黄山,40.0
20170124,4,O3_8h_24h,黄山,41.0
20170124,4,CO,黄山,0.63
20170124,4,CO_24h,黄山,0.67
20170124,5,AQI,黄山,57.0
20170124,5,PM2.5,黄山,37.0
20170124,5,PM2.5_24h,黄山,42.0
20170124,5,PM10,黄山,63.0
20170124,5,PM10_24h,黄山,77.0
20170124,5,SO2,黄山,13.0
20170124,5,SO2_24h,黄山,11.0
20170124,5,NO2,黄山,16.0
20170124,5,NO2_24h,黄山,19.0
20170124,5,O3,黄山,37.0
20170124,5,O3_24h,黄山,92.0
20170124,5,O3_8h,黄山,39.0
20170124,5,O3_8h_24h,黄山,41.0
20170124,5,CO,黄山,0.6
20170124,5,CO_24h,黄山,0.7
20170124,6,AQI,黄山,53.0
20170124,6,PM2.5,黄山,28.0
20170124,6,PM2.5_24h,黄山,42.0
20170124,6,PM10,黄山,56.0
20170124,6,PM10_24h,黄山,78.0
20170124,6,SO2,黄山,13.0
20170124,6,SO2_24h,黄山,11.0
20170124,6,NO2,黄山,15.0
20170124,6,NO2_24h,黄山,19.0
20170124,6,O3,黄山,41.0
20170124,6,O3_24h,黄山,92.0
20170124,6,O3_8h,黄山,40.0
20170124,6,O3_8h_24h,黄山,41.0
20170124,6,CO,黄山,0.6
20170124,6,CO_24h,黄山,0.7
20170124,7,AQI,黄山,63.0
20170124,7,PM2.5,黄山,45.0
20170124,7,PM2.5_24h,黄山,42.0
20170124,7,PM10,黄山,55.0
20170124,7,PM10_24h,黄山,78.0
20170124,7,SO2,黄山,12.0
20170124,7,SO2_24h,黄山,11.0
20170124,7,NO2,黄山,14.0
20170124,7,NO2_24h,黄山,19.0
20170124,7,O3,黄山,38.0
20170124,7,O3_24h,黄山,92.0
20170124,7,O3_8h,黄山,39.0
20170124,7,O3_8h_24h,黄山,41.0
20170124,7,CO,黄山,0.6
20170124,7,CO_24h,黄山,0.7
20170124,8,AQI,黄山,53.0
20170124,8,PM2.5,黄山,27.0
20170124,8,PM2.5_24h,黄山,42.0
20170124,8,PM10,黄山,56.0
20170124,8,PM10_24h,黄山,78.0
20170124,8,SO2,黄山,12.0
20170124,8,SO2_24h,黄山,11.0
20170124,8,NO2,黄山,14.0
20170124,8,NO2_24h,黄山,19.0
20170124,8,O3,黄山,42.0
20170124,8,O3_24h,黄山,92.0
20170124,8,O3_8h,黄山,39.0
20170124,8,O3_8h_24h,黄山,41.0
20170124,8,CO,黄山,0.67
20170124,8,CO_24h,黄山,0.7
20170124,9,AQI,黄山,75.0
20170124,9,PM2.5,黄山,55.0
20170124,9,PM2.5_24h,黄山,44.0
20170124,9,PM10,黄山,67.0
20170124,9,PM10_24h,黄山,79.0
20170124,9,SO2,黄山,14.0
20170124,9,SO2_24h,黄山,12.0
20170124,9,NO2,黄山,14.0
20170124,9,NO2_24h,黄山,19.0
20170124,9,O3,黄山,38.0
20170124,9,O3_24h,黄山,92.0
20170124,9,O3_8h,黄山,40.0
20170124,9,O3_8h_24h,黄山,41.0
20170124,9,CO,黄山,0.67
20170124,9,CO_24h,黄山,0.7
20170124,10,AQI,黄山,58.0
20170124,10,PM2.5,黄山,36.0
20170124,10,PM2.5_24h,黄山,44.0
20170124,10,PM10,黄山,65.0
20170124,10,PM10_24h,黄山,79.0
20170124,10,SO2,黄山,14.0
20170124,10,SO2_24h,黄山,12.0
20170124,10,NO2,黄山,13.0
20170124,10,NO2_24h,黄山,19.0
20170124,10,O3,黄山,44.0
20170124,10,O3_24h,黄山,92.0
20170124,10,O3_8h,黄山,40.0
20170124,10,O3_8h_24h,黄山,41.0
20170124,10,CO,黄山,0.67
20170124,10,CO_24h,黄山,0.7
20170124,11,AQI,黄山,62.0
20170124,11,PM2.5,黄山,39.0
20170124,11,PM2.5_24h,黄山,43.0
20170124,11,PM10,黄山,73.0
20170124,11,PM10_24h,黄山,78.0
20170124,11,SO2,黄山,13.0
20170124,11,SO2_24h,黄山,12.0
20170124,11,NO2,黄山,13.0
20170124,11,NO2_24h,黄山,19.0
20170124,11,O3,黄山,47.0
20170124,11,O3_24h,黄山,92.0
20170124,11,O3_8h,黄山,41.0
20170124,11,O3_8h_24h,黄山,41.0
20170124,11,CO,黄山,0.63
20170124,11,CO_24h,黄山,0.7
20170124,12,AQI,黄山,62.0
20170124,12,PM2.5,黄山,44.0
20170124,12,PM2.5_24h,黄山,43.0
20170124,12,PM10,黄山,73.0
20170124,12,PM10_24h,黄山,78.0
20170124,12,SO2,黄山,7.0
20170124,12,SO2_24h,黄山,11.0
20170124,12,NO2,黄山,13.0
20170124,12,NO2_24h,黄山,18.0
20170124,12,O3,黄山,64.0
20170124,12,O3_24h,黄山,92.0
20170124,12,O3_8h,黄山,44.0
20170124,12,O3_8h_24h,黄山,44.0
20170124,12,CO,黄山,0.53
20170124,12,CO_24h,黄山,0.7
20170124,13,AQI,黄山,56.0
20170124,13,PM2.5,黄山,39.0
20170124,13,PM2.5_24h,黄山,43.0
20170124,13,PM10,黄山,61.0
20170124,13,PM10_24h,黄山,76.0
20170124,13,SO2,黄山,8.0
20170124,13,SO2_24h,黄山,11.0
20170124,13,NO2,黄山,16.0
20170124,13,NO2_24h,黄山,18.0
20170124,13,O3,黄山,86.0
20170124,13,O3_24h,黄山,95.0
20170124,13,O3_8h,黄山,50.0
20170124,13,O3_8h_24h,黄山,50.0
20170124,13,CO,黄山,0.6
20170124,13,CO_24h,黄山,0.7
20170124,14,AQI,黄山,61.0
20170124,14,PM2.5,黄山,35.0
20170124,14,PM2.5_24h,黄山,43.0
20170124,14,PM10,黄山,72.0
20170124,14,PM10_24h,黄山,76.0
20170124,14,SO2,黄山,8.0
20170124,14,SO2_24h,黄山,11.0
20170124,14,NO2,黄山,16.0
20170124,14,NO2_24h,黄山,18.0
20170124,14,O3,黄山,89.0
20170124,14,O3_24h,黄山,95.0
20170124,14,O3_8h,黄山,56.0
20170124,14,O3_8h_24h,黄山,56.0
20170124,14,CO,黄山,0.5
20170124,14,CO_24h,黄山,0.7
20170124,15,AQI,黄山,59.0
20170124,15,PM2.5,黄山,26.0
20170124,15,PM2.5_24h,黄山,42.0
20170124,15,PM10,黄山,68.0
20170124,15,PM10_24h,黄山,75.0
20170124,15,SO2,黄山,9.0
20170124,15,SO2_24h,黄山,11.0
20170124,15,NO2,黄山,14.0
20170124,15,NO2_24h,黄山,18.0
20170124,15,O3,黄山,88.0
20170124,15,O3_24h,黄山,94.0
20170124,15,O3_8h,黄山,62.0
20170124,15,O3_8h_24h,黄山,62.0
20170124,15,CO,黄山,0.5
20170124,15,CO_24h,黄山,0.7
20170124,16,AQI,黄山,56.0
20170124,16,PM2.5,黄山,35.0
20170124,16,PM2.5_24h,黄山,42.0
20170124,16,PM10,黄山,61.0
20170124,16,PM10_24h,黄山,74.0
20170124,16,SO2,黄山,10.0
20170124,16,SO2_24h,黄山,11.0
20170124,16,NO2,黄山,13.0
20170124,16,NO2_24h,黄山,18.0
20170124,16,O3,黄山,83.0
20170124,16,O3_24h,黄山,94.0
20170124,16,O3_8h,黄山,67.0
20170124,16,O3_8h_24h,黄山,67.0
20170124,16,CO,黄山,0.5
20170124,16,CO_24h,黄山,0.7
20170124,17,AQI,黄山,58.0
20170124,17,PM2.5,黄山,41.0
20170124,17,PM2.5_24h,黄山,42.0
20170124,17,PM10,黄山,58.0
20170124,17,PM10_24h,黄山,74.0
20170124,17,SO2,黄山,10.0
20170124,17,SO2_24h,黄山,11.0
20170124,17,NO2,黄山,12.0
20170124,17,NO2_24h,黄山,18.0
20170124,17,O3,黄山,78.0
20170124,17,O3_24h,黄山,94.0
20170124,17,O3_8h,黄山,72.0
20170124,17,O3_8h_24h,黄山,72.0
20170124,17,CO,黄山,0.57
20170124,17,CO_24h,黄山,0.7
20170124,18,AQI,黄山,55.0
20170124,18,PM2.5,黄山,29.0
20170124,18,PM2.5_24h,黄山,42.0
20170124,18,PM10,黄山,59.0
20170124,18,PM10_24h,黄山,73.0
20170124,18,SO2,黄山,12.0
20170124,18,SO2_24h,黄山,11.0
20170124,18,NO2,黄山,17.0
20170124,18,NO2_24h,黄山,18.0
20170124,18,O3,黄山,73.0
20170124,18,O3_24h,黄山,94.0
20170124,18,O3_8h,黄山,76.0
20170124,18,O3_8h_24h,黄山,76.0
20170124,18,CO,黄山,0.6
20170124,18,CO_24h,黄山,0.7
20170124,19,AQI,黄山,58.0
20170124,19,PM2.5,黄山,36.0
20170124,19,PM2.5_24h,黄山,42.0
20170124,19,PM10,黄山,65.0
20170124,19,PM10_24h,黄山,73.0
20170124,19,SO2,黄山,12.0
20170124,19,SO2_24h,黄山,11.0
20170124,19,NO2,黄山,21.0
20170124,19,NO2_24h,黄山,17.0
20170124,19,O3,黄山,72.0
20170124,19,O3_24h,黄山,94.0
20170124,19,O3_8h,黄山,79.0
20170124,19,O3_8h_24h,黄山,79.0
20170124,19,CO,黄山,0.73
20170124,19,CO_24h,黄山,0.67
20170124,20,AQI,黄山,75.0
20170124,20,PM2.5,黄山,55.0
20170124,20,PM2.5_24h,黄山,42.0
20170124,20,PM10,黄山,81.0
20170124,20,PM10_24h,黄山,71.0
20170124,20,SO2,黄山,9.0
20170124,20,SO2_24h,黄山,11.0
20170124,20,NO2,黄山,23.0
20170124,20,NO2_24h,黄山,17.0
20170124,20,O3,黄山,65.0
20170124,20,O3_24h,黄山,94.0
20170124,20,O3_8h,黄山,79.0
20170124,20,O3_8h_24h,黄山,80.0
20170124,20,CO,黄山,0.8
20170124,20,CO_24h,黄山,0.63
20170124,21,AQI,黄山,74.0
20170124,21,PM2.5,黄山,54.0
20170124,21,PM2.5_24h,黄山,41.0
20170124,21,PM10,黄山,79.0
20170124,21,PM10_24h,黄山,70.0
20170124,21,SO2,黄山,10.0
20170124,21,SO2_24h,黄山,11.0
20170124,21,NO2,黄山,35.0
20170124,21,NO2_24h,黄山,17.0
20170124,21,O3,黄山,53.0
20170124,21,O3_24h,黄山,94.0
20170124,21,O3_8h,黄山,75.0
20170124,21,O3_8h_24h,黄山,80.0
20170124,21,CO,黄山,0.87
20170124,21,CO_24h,黄山,0.63
20170124,22,AQI,黄山,73.0
20170124,22,PM2.5,黄山,50.0
20170124,22,PM2.5_24h,黄山,41.0
20170124,22,PM10,黄山,95.0
20170124,22,PM10_24h,黄山,69.0
20170124,22,SO2,黄山,11.0
20170124,22,SO2_24h,黄山,11.0
20170124,22,NO2,黄山,27.0
20170124,22,NO2_24h,黄山,17.0
20170124,22,O3,黄山,57.0
20170124,22,O3_24h,黄山,94.0
20170124,22,O3_8h,黄山,71.0
20170124,22,O3_8h_24h,黄山,80.0
20170124,22,CO,黄山,0.73
20170124,22,CO_24h,黄山,0.6
20170124,23,AQI,黄山,58.0
20170124,23,PM2.5,黄山,41.0
20170124,23,PM2.5_24h,黄山,40.0
20170124,23,PM10,黄山,61.0
20170124,23,PM10_24h,黄山,68.0
20170124,23,SO2,黄山,7.0
20170124,23,SO2_24h,黄山,11.0
20170124,23,NO2,黄山,23.0
20170124,23,NO2_24h,黄山,17.0
20170124,23,O3,黄山,48.0
20170124,23,O3_24h,黄山,94.0
20170124,23,O3_8h,黄山,66.0
20170124,23,O3_8h_24h,黄山,80.0
20170124,23,CO,黄山,0.73
20170124,23,CO_24h,黄山,0.6
20170124,0,AQI,滁州,83.0
20170124,0,PM2.5,滁州,60.0
20170124,0,PM2.5_24h,滁州,59.0
20170124,0,PM10,滁州,115.0
20170124,0,PM10_24h,滁州,88.0
20170124,0,SO2,滁州,17.0
20170124,0,SO2_24h,滁州,19.0
20170124,0,NO2,滁州,61.0
20170124,0,NO2_24h,滁州,52.0
20170124,0,O3,滁州,52.0
20170124,0,O3_24h,滁州,93.0
20170124,0,O3_8h,滁州,58.0
20170124,0,O3_8h_24h,滁州,76.0
20170124,0,CO,滁州,0.95
20170124,0,CO_24h,滁州,1.0
20170124,1,AQI,滁州,84.0
20170124,1,PM2.5,滁州,62.0
20170124,1,PM2.5_24h,滁州,60.0
20170124,1,PM10,滁州,92.0
20170124,1,PM10_24h,滁州,89.0
20170124,1,SO2,滁州,16.0
20170124,1,SO2_24h,滁州,19.0
20170124,1,NO2,滁州,75.0
20170124,1,NO2_24h,滁州,53.0
20170124,1,O3,滁州,40.0
20170124,1,O3_24h,滁州,93.0
20170124,1,O3_8h,滁州,40.0
20170124,1,O3_8h_24h,滁州,40.0
20170124,1,CO,滁州,1.2
20170124,1,CO_24h,滁州,1.0
20170124,2,AQI,滁州,90.0
20170124,2,PM2.5,滁州,67.0
20170124,2,PM2.5_24h,滁州,60.0
20170124,2,PM10,滁州,112.0
20170124,2,PM10_24h,滁州,90.0
20170124,2,SO2,滁州,15.0
20170124,2,SO2_24h,滁州,19.0
20170124,2,NO2,滁州,85.0
20170124,2,NO2_24h,滁州,55.0
20170124,2,O3,滁州,29.0
20170124,2,O3_24h,滁州,93.0
20170124,2,O3_8h,滁州,35.0
20170124,2,O3_8h_24h,滁州,40.0
20170124,2,CO,滁州,1.4
20170124,2,CO_24h,滁州,1.05
20170124,3,AQI,滁州,86.0
20170124,3,PM2.5,滁州,64.0
20170124,3,PM2.5_24h,滁州,61.0
20170124,3,PM10,滁州,98.0
20170124,3,PM10_24h,滁州,91.0
20170124,3,SO2,滁州,15.0
20170124,3,SO2_24h,滁州,19.0
20170124,3,NO2,滁州,82.0
20170124,3,NO2_24h,滁州,57.0
20170124,3,O3,滁州,29.0
20170124,3,O3_24h,滁州,93.0
20170124,3,O3_8h,滁州,33.0
20170124,3,O3_8h_24h,滁州,40.0
20170124,3,CO,滁州,1.3
20170124,3,CO_24h,滁州,1.1
20170124,4,AQI,滁州,94.0
20170124,4,PM2.5,滁州,70.0
20170124,4,PM2.5_24h,滁州,62.0
20170124,4,PM10,滁州,112.0
20170124,4,PM10_24h,滁州,91.0
20170124,4,SO2,滁州,15.0
20170124,4,SO2_24h,滁州,19.0
20170124,4,NO2,滁州,66.0
20170124,4,NO2_24h,滁州,58.0
20170124,4,O3,滁州,32.0
20170124,4,O3_24h,滁州,93.0
20170124,4,O3_8h,滁州,32.0
20170124,4,O3_8h_24h,滁州,40.0
20170124,4,CO,滁州,1.15
20170124,4,CO_24h,滁州,1.1
20170124,5,AQI,滁州,94.0
20170124,5,PM2.5,滁州,70.0
20170124,5,PM2.5_24h,滁州,62.0
20170124,5,PM10,滁州,110.0
20170124,5,PM10_24h,滁州,92.0
20170124,5,SO2,滁州,13.0
20170124,5,SO2_24h,滁州,19.0
20170124,5,NO2,滁州,64.0
20170124,5,NO2_24h,滁州,59.0
20170124,5,O3,滁州,28.0
20170124,5,O3_24h,滁州,93.0
20170124,5,O3_8h,滁州,31.0
20170124,5,O3_8h_24h,滁州,40.0
20170124,5,CO,滁州,1.05
20170124,5,CO_24h,滁州,1.1
20170124,6,AQI,滁州,99.0
20170124,6,PM2.5,滁州,74.0
20170124,6,PM2.5_24h,滁州,63.0
20170124,6,PM10,滁州,91.0
20170124,6,PM10_24h,滁州,92.0
20170124,6,SO2,滁州,12.0
20170124,6,SO2_24h,滁州,19.0
20170124,6,NO2,滁州,62.0
20170124,6,NO2_24h,滁州,59.0
20170124,6,O3,滁州,27.0
20170124,6,O3_24h,滁州,93.0
20170124,6,O3_8h,滁州,31.0
20170124,6,O3_8h_24h,滁州,40.0
20170124,6,CO,滁州,1.05
20170124,6,CO_24h,滁州,1.1
20170124,7,AQI,滁州,91.0
20170124,7,PM2.5,滁州,68.0
20170124,7,PM2.5_24h,滁州,63.0
20170124,7,PM10,滁州,73.0
20170124,7,PM10_24h,滁州,91.0
20170124,7,SO2,滁州,10.0
20170124,7,SO2_24h,滁州,19.0
20170124,7,NO2,滁州,55.0
20170124,7,NO2_24h,滁州,60.0
20170124,7,O3,滁州,29.0
20170124,7,O3_24h,滁州,93.0
20170124,7,O3_8h,滁州,31.0
20170124,7,O3_8h_24h,滁州,40.0
20170124,7,CO,滁州,0.9
20170124,7,CO_24h,滁州,1.1
20170124,8,AQI,滁州,80.0
20170124,8,PM2.5,滁州,59.0
20170124,8,PM2.5_24h,滁州,62.0
20170124,8,PM10,滁州,79.0
20170124,8,PM10_24h,滁州,90.0
20170124,8,SO2,滁州,11.0
20170124,8,SO2_24h,滁州,19.0
20170124,8,NO2,滁州,56.0
20170124,8,NO2_24h,滁州,60.0
20170124,8,O3,滁州,30.0
20170124,8,O3_24h,滁州,93.0
20170124,8,O3_8h,滁州,30.0
20170124,8,O3_8h_24h,滁州,40.0
20170124,8,CO,滁州,0.95
20170124,8,CO_24h,滁州,1.1
20170124,9,AQI,滁州,78.0
20170124,9,PM2.5,滁州,57.0
20170124,9,PM2.5_24h,滁州,61.0
20170124,9,PM10,滁州,69.0
20170124,9,PM10_24h,滁州,88.0
20170124,9,SO2,滁州,18.0
20170124,9,SO2_24h,滁州,19.0
20170124,9,NO2,滁州,52.0
20170124,9,NO2_24h,滁州,61.0
20170124,9,O3,滁州,34.0
20170124,9,O3_24h,滁州,93.0
20170124,9,O3_8h,滁州,30.0
20170124,9,O3_8h_24h,滁州,40.0
20170124,9,CO,滁州,1.0
20170124,9,CO_24h,滁州,1.1
20170124,10,AQI,滁州,76.0
20170124,10,PM2.5,滁州,56.0
20170124,10,PM2.5_24h,滁州,61.0
20170124,10,PM10,滁州,84.0
20170124,10,PM10_24h,滁州,87.0
20170124,10,SO2,滁州,21.0
20170124,10,SO2_24h,滁州,19.0
20170124,10,NO2,滁州,50.0
20170124,10,NO2_24h,滁州,61.0
20170124,10,O3,滁州,44.0
20170124,10,O3_24h,滁州,93.0
20170124,10,O3_8h,滁州,32.0
20170124,10,O3_8h_24h,滁州,40.0
20170124,10,CO,滁州,1.25
20170124,10,CO_24h,滁州,1.1
20170124,11,AQI,滁州,80.0
20170124,11,PM2.5,滁州,59.0
20170124,11,PM2.5_24h,滁州,61.0
20170124,11,PM10,滁州,101.0
20170124,11,PM10_24h,滁州,87.0
20170124,11,SO2,滁州,22.0
20170124,11,SO2_24h,滁州,19.0
20170124,11,NO2,滁州,50.0
20170124,11,NO2_24h,滁州,61.0
20170124,11,O3,滁州,57.0
20170124,11,O3_24h,滁州,93.0
20170124,11,O3_8h,滁州,35.0
20170124,11,O3_8h_24h,滁州,40.0
20170124,11,CO,滁州,1.25
20170124,11,CO_24h,滁州,1.1
20170124,12,AQI,滁州,61.0
20170124,12,PM2.5,滁州,41.0
20170124,12,PM2.5_24h,滁州,60.0
20170124,12,PM10,滁州,71.0
20170124,12,PM10_24h,滁州,86.0
20170124,12,SO2,滁州,17.0
20170124,12,SO2_24h,滁州,19.0
20170124,12,NO2,滁州,40.0
20170124,12,NO2_24h,滁州,62.0
20170124,12,O3,滁州,73.0
20170124,12,O3_24h,滁州,93.0
20170124,12,O3_8h,滁州,40.0
20170124,12,O3_8h_24h,滁州,42.0
20170124,12,CO,滁州,0.85
20170124,12,CO_24h,滁州,1.1
20170124,13,AQI,滁州,63.0
20170124,13,PM2.5,滁州,35.0
20170124,13,PM2.5_24h,滁州,60.0
20170124,13,PM10,滁州,75.0
20170124,13,PM10_24h,滁州,85.0
20170124,13,SO2,滁州,14.0
20170124,13,SO2_24h,滁州,18.0
20170124,13,NO2,滁州,33.0
20170124,13,NO2_24h,滁州,61.0
20170124,13,O3,滁州,88.0
20170124,13,O3_24h,滁州,93.0
20170124,13,O3_8h,滁州,48.0
20170124,13,O3_8h_24h,滁州,48.0
20170124,13,CO,滁州,0.7
20170124,13,CO_24h,滁州,1.1
20170124,14,AQI,滁州,62.0
20170124,14,PM2.5,滁州,29.0
20170124,14,PM2.5_24h,滁州,59.0
20170124,14,PM10,滁州,74.0
20170124,14,PM10_24h,滁州,85.0
20170124,14,SO2,滁州,15.0
20170124,14,SO2_24h,滁州,18.0
20170124,14,NO2,滁州,35.0
20170124,14,NO2_24h,滁州,61.0
20170124,14,O3,滁州,91.0
20170124,14,O3_24h,滁州,93.0
20170124,14,O3_8h,滁州,56.0
20170124,14,O3_8h_24h,滁州,56.0
20170124,14,CO,滁州,0.8
20170124,14,CO_24h,滁州,1.05
20170124,15,AQI,滁州,60.0
20170124,15,PM2.5,滁州,30.0
20170124,15,PM2.5_24h,滁州,58.0
20170124,15,PM10,滁州,69.0
20170124,15,PM10_24h,滁州,85.0
20170124,15,SO2,滁州,18.0
20170124,15,SO2_24h,滁州,18.0
20170124,15,NO2,滁州,42.0
20170124,15,NO2_24h,滁州,60.0
20170124,15,O3,滁州,89.0
20170124,15,O3_24h,滁州,93.0
20170124,15,O3_8h,滁州,63.0
20170124,15,O3_8h_24h,滁州,63.0
20170124,15,CO,滁州,1.0
20170124,15,CO_24h,滁州,1.05
20170124,16,AQI,滁州,69.0
20170124,16,PM2.5,滁州,42.0
20170124,16,PM2.5_24h,滁州,57.0
20170124,16,PM10,滁州,87.0
20170124,16,PM10_24h,滁州,85.0
20170124,16,SO2,滁州,21.0
20170124,16,SO2_24h,滁州,18.0
20170124,16,NO2,滁州,55.0
20170124,16,NO2_24h,滁州,61.0
20170124,16,O3,滁州,78.0
20170124,16,O3_24h,滁州,91.0
20170124,16,O3_8h,滁州,69.0
20170124,16,O3_8h_24h,滁州,69.0
20170124,16,CO,滁州,1.25
20170124,16,CO_24h,滁州,1.05
20170124,17,AQI,滁州,68.0
20170124,17,PM2.5,滁州,49.0
20170124,17,PM2.5_24h,滁州,57.0
20170124,17,PM10,滁州,83.0
20170124,17,PM10_24h,滁州,86.0
20170124,17,SO2,滁州,18.0
20170124,17,SO2_24h,滁州,17.0
20170124,17,NO2,滁州,61.0
20170124,17,NO2_24h,滁州,61.0
20170124,17,O3,滁州,62.0
20170124,17,O3_24h,滁州,91.0
20170124,17,O3_8h,滁州,73.0
20170124,17,O3_8h_24h,滁州,73.0
20170124,17,CO,滁州,1.1
20170124,17,CO_24h,滁州,1.05
20170124,18,AQI,滁州,86.0
20170124,18,PM2.5,滁州,64.0
20170124,18,PM2.5_24h,滁州,57.0
20170124,18,PM10,滁州,93.0
20170124,18,PM10_24h,滁州,86.0
20170124,18,SO2,滁州,18.0
20170124,18,SO2_24h,滁州,17.0
20170124,18,NO2,滁州,70.0
20170124,18,NO2_24h,滁州,60.0
20170124,18,O3,滁州,63.0
20170124,18,O3_24h,滁州,91.0
20170124,18,O3_8h,滁州,75.0
20170124,18,O3_8h_24h,滁州,75.0
20170124,18,CO,滁州,1.0
20170124,18,CO_24h,滁州,1.05
20170124,19,AQI,滁州,80.0
20170124,19,PM2.5,滁州,59.0
20170124,19,PM2.5_24h,滁州,57.0
20170124,19,PM10,滁州,94.0
20170124,19,PM10_24h,滁州,86.0
20170124,19,SO2,滁州,19.0
20170124,19,SO2_24h,滁州,17.0
20170124,19,NO2,滁州,72.0
20170124,19,NO2_24h,滁州,60.0
20170124,19,O3,滁州,53.0
20170124,19,O3_24h,滁州,91.0
20170124,19,O3_8h,滁州,74.0
20170124,19,O3_8h_24h,滁州,75.0
20170124,19,CO,滁州,0.95
20170124,19,CO_24h,滁州,1.05
20170124,20,AQI,滁州,79.0
20170124,20,PM2.5,滁州,57.0
20170124,20,PM2.5_24h,滁州,57.0
20170124,20,PM10,滁州,108.0
20170124,20,PM10_24h,滁州,87.0
20170124,20,SO2,滁州,18.0
20170124,20,SO2_24h,滁州,17.0
20170124,20,NO2,滁州,67.0
20170124,20,NO2_24h,滁州,60.0
20170124,20,O3,滁州,51.0
20170124,20,O3_24h,滁州,91.0
20170124,20,O3_8h,滁州,72.0
20170124,20,O3_8h_24h,滁州,75.0
20170124,20,CO,滁州,1.0
20170124,20,CO_24h,滁州,1.05
20170124,21,AQI,滁州,80.0
20170124,21,PM2.5,滁州,59.0
20170124,21,PM2.5_24h,滁州,56.0
20170124,21,PM10,滁州,110.0
20170124,21,PM10_24h,滁州,87.0
20170124,21,SO2,滁州,17.0
20170124,21,SO2_24h,滁州,17.0
20170124,21,NO2,滁州,58.0
20170124,21,NO2_24h,滁州,59.0
20170124,21,O3,滁州,57.0
20170124,21,O3_24h,滁州,91.0
20170124,21,O3_8h,滁州,68.0
20170124,21,O3_8h_24h,滁州,75.0
20170124,21,CO,滁州,1.05
20170124,21,CO_24h,滁州,1.05
20170124,22,AQI,滁州,88.0
20170124,22,PM2.5,滁州,65.0
20170124,22,PM2.5_24h,滁州,57.0
20170124,22,PM10,滁州,95.0
20170124,22,PM10_24h,滁州,88.0
20170124,22,SO2,滁州,20.0
20170124,22,SO2_24h,滁州,17.0
20170124,22,NO2,滁州,59.0
20170124,22,NO2_24h,滁州,59.0
20170124,22,O3,滁州,53.0
20170124,22,O3_24h,滁州,91.0
20170124,22,O3_8h,滁州,63.0
20170124,22,O3_8h_24h,滁州,75.0
20170124,22,CO,滁州,1.1
20170124,22,CO_24h,滁州,1.05
20170124,23,AQI,滁州,83.0
20170124,23,PM2.5,滁州,61.0
20170124,23,PM2.5_24h,滁州,57.0
20170124,23,PM10,滁州,84.0
20170124,23,PM10_24h,滁州,87.0
20170124,23,SO2,滁州,22.0
20170124,23,SO2_24h,滁州,17.0
20170124,23,NO2,滁州,57.0
20170124,23,NO2_24h,滁州,58.0
20170124,23,O3,滁州,54.0
20170124,23,O3_24h,滁州,91.0
20170124,23,O3_8h,滁州,59.0
20170124,23,O3_8h_24h,滁州,75.0
20170124,23,CO,滁州,1.15
20170124,23,CO_24h,滁州,1.05
20170124,0,AQI,阜阳,115.0
20170124,0,PM2.5,阜阳,87.0
20170124,0,PM2.5_24h,阜阳,101.0
20170124,0,PM10,阜阳,125.0
20170124,0,PM10_24h,阜阳,142.0
20170124,0,SO2,阜阳,18.0
20170124,0,SO2_24h,阜阳,24.0
20170124,0,NO2,阜阳,35.0
20170124,0,NO2_24h,阜阳,53.0
20170124,0,O3,阜阳,38.0
20170124,0,O3_24h,阜阳,77.0
20170124,0,O3_8h,阜阳,49.0
20170124,0,O3_8h_24h,阜阳,61.0
20170124,0,CO,阜阳,1.0
20170124,0,CO_24h,阜阳,1.15
20170124,1,AQI,阜阳,100.0
20170124,1,PM2.5,阜阳,75.0
20170124,1,PM2.5_24h,阜阳,97.0
20170124,1,PM10,阜阳,120.0
20170124,1,PM10_24h,阜阳,138.0
20170124,1,SO2,阜阳,17.0
20170124,1,SO2_24h,阜阳,23.0
20170124,1,NO2,阜阳,31.0
20170124,1,NO2_24h,阜阳,51.0
20170124,1,O3,阜阳,37.0
20170124,1,O3_24h,阜阳,77.0
20170124,1,O3_8h,阜阳,37.0
20170124,1,O3_8h_24h,阜阳,37.0
20170124,1,CO,阜阳,1.05
20170124,1,CO_24h,阜阳,1.15
20170124,2,AQI,阜阳,105.0
20170124,2,PM2.5,阜阳,79.0
20170124,2,PM2.5_24h,阜阳,95.0
20170124,2,PM10,阜阳,97.0
20170124,2,PM10_24h,阜阳,135.0
20170124,2,SO2,阜阳,16.0
20170124,2,SO2_24h,阜阳,23.0
20170124,2,NO2,阜阳,27.0
20170124,2,NO2_24h,阜阳,49.0
20170124,2,O3,阜阳,37.0
20170124,2,O3_24h,阜阳,77.0
20170124,2,O3_8h,阜阳,37.0
20170124,2,O3_8h_24h,阜阳,37.0
20170124,2,CO,阜阳,1.1
20170124,2,CO_24h,阜阳,1.15
20170124,3,AQI,阜阳,95.0
20170124,3,PM2.5,阜阳,71.0
20170124,3,PM2.5_24h,阜阳,93.0
20170124,3,PM10,阜阳,98.0
20170124,3,PM10_24h,阜阳,134.0
20170124,3,SO2,阜阳,11.0
20170124,3,SO2_24h,阜阳,23.0
20170124,3,NO2,阜阳,35.0
20170124,3,NO2_24h,阜阳,48.0
20170124,3,O3,阜阳,29.0
20170124,3,O3_24h,阜阳,77.0
20170124,3,O3_8h,阜阳,34.0
20170124,3,O3_8h_24h,阜阳,37.0
20170124,3,CO,阜阳,1.15
20170124,3,CO_24h,阜阳,1.15
20170124,4,AQI,阜阳,78.0
20170124,4,PM2.5,阜阳,57.0
20170124,4,PM2.5_24h,阜阳,92.0
20170124,4,PM10,阜阳,82.0
20170124,4,PM10_24h,阜阳,132.0
20170124,4,SO2,阜阳,12.0
20170124,4,SO2_24h,阜阳,23.0
20170124,4,NO2,阜阳,34.0
20170124,4,NO2_24h,阜阳,46.0
20170124,4,O3,阜阳,26.0
20170124,4,O3_24h,阜阳,77.0
20170124,4,O3_8h,阜阳,32.0
20170124,4,O3_8h_24h,阜阳,37.0
20170124,4,CO,阜阳,1.25
20170124,4,CO_24h,阜阳,1.15
20170124,5,AQI,阜阳,80.0
20170124,5,PM2.5,阜阳,59.0
20170124,5,PM2.5_24h,阜阳,91.0
20170124,5,PM10,阜阳,76.0
20170124,5,PM10_24h,阜阳,130.0
20170124,5,SO2,阜阳,20.0
20170124,5,SO2_24h,阜阳,22.0
20170124,5,NO2,阜阳,37.0
20170124,5,NO2_24h,阜阳,44.0
20170124,5,O3,阜阳,21.0
20170124,5,O3_24h,阜阳,77.0
20170124,5,O3_8h,阜阳,30.0
20170124,5,O3_8h_24h,阜阳,37.0
20170124,5,CO,阜阳,1.3
20170124,5,CO_24h,阜阳,1.15
20170124,6,AQI,阜阳,85.0
20170124,6,PM2.5,阜阳,63.0
20170124,6,PM2.5_24h,阜阳,90.0
20170124,6,PM10,阜阳,90.0
20170124,6,PM10_24h,阜阳,128.0
20170124,6,SO2,阜阳,20.0
20170124,6,SO2_24h,阜阳,22.0
20170124,6,NO2,阜阳,41.0
20170124,6,NO2_24h,阜阳,43.0
20170124,6,O3,阜阳,16.0
20170124,6,O3_24h,阜阳,77.0
20170124,6,O3_8h,阜阳,28.0
20170124,6,O3_8h_24h,阜阳,37.0
20170124,6,CO,阜阳,1.3
20170124,6,CO_24h,阜阳,1.15
20170124,7,AQI,阜阳,94.0
20170124,7,PM2.5,阜阳,70.0
20170124,7,PM2.5_24h,阜阳,89.0
20170124,7,PM10,阜阳,97.0
20170124,7,PM10_24h,阜阳,127.0
20170124,7,SO2,阜阳,23.0
20170124,7,SO2_24h,阜阳,22.0
20170124,7,NO2,阜阳,54.0
20170124,7,NO2_24h,阜阳,42.0
20170124,7,O3,阜阳,8.0
20170124,7,O3_24h,阜阳,77.0
20170124,7,O3_8h,阜阳,25.0
20170124,7,O3_8h_24h,阜阳,37.0
20170124,7,CO,阜阳,1.4
20170124,7,CO_24h,阜阳,1.15
20170124,8,AQI,阜阳,114.0
20170124,8,PM2.5,阜阳,86.0
20170124,8,PM2.5_24h,阜阳,95.0
20170124,8,PM10,阜阳,115.0
20170124,8,PM10_24h,阜阳,122.0
20170124,8,SO2,阜阳,22.0
20170124,8,SO2_24h,阜阳,26.0
20170124,8,NO2,阜阳,54.0
20170124,8,NO2_24h,阜阳,44.0
20170124,8,O3,阜阳,7.0
20170124,8,O3_24h,阜阳,57.0
20170124,8,O3_8h,阜阳,18.0
20170124,8,O3_8h_24h,阜阳,29.0
20170124,8,CO,阜阳,1.2
20170124,8,CO_24h,阜阳,1.3
20170124,9,AQI,阜阳,111.0
20170124,9,PM2.5,阜阳,84.0
20170124,9,PM2.5_24h,阜阳,89.0
20170124,9,PM10,阜阳,98.0
20170124,9,PM10_24h,阜阳,126.0
20170124,9,SO2,阜阳,24.0
20170124,9,SO2_24h,阜阳,21.0
20170124,9,NO2,阜阳,47.0
20170124,9,NO2_24h,阜阳,41.0
20170124,9,O3,阜阳,9.0
20170124,9,O3_24h,阜阳,77.0
20170124,9,O3_8h,阜阳,20.0
20170124,9,O3_8h_24h,阜阳,37.0
20170124,9,CO,阜阳,1.2
20170124,9,CO_24h,阜阳,1.1
20170124,10,AQI,阜阳,120.0
20170124,10,PM2.5,阜阳,91.0
20170124,10,PM2.5_24h,阜阳,89.0
20170124,10,PM10,阜阳,98.0
20170124,10,PM10_24h,阜阳,124.0
20170124,10,SO2,阜阳,21.0
20170124,10,SO2_24h,阜阳,21.0
20170124,10,NO2,阜阳,41.0
20170124,10,NO2_24h,阜阳,40.0
20170124,10,O3,阜阳,16.0
20170124,10,O3_24h,阜阳,77.0
20170124,10,O3_8h,阜阳,18.0
20170124,10,O3_8h_24h,阜阳,37.0
20170124,10,CO,阜阳,1.75
20170124,10,CO_24h,阜阳,1.15
20170124,11,AQI,阜阳,113.0
20170124,11,PM2.5,阜阳,85.0
20170124,11,PM2.5_24h,阜阳,88.0
20170124,11,PM10,阜阳,131.0
20170124,11,PM10_24h,阜阳,123.0
20170124,11,SO2,阜阳,21.0
20170124,11,SO2_24h,阜阳,21.0
20170124,11,NO2,阜阳,40.0
20170124,11,NO2_24h,阜阳,40.0
20170124,11,O3,阜阳,25.0
20170124,11,O3_24h,阜阳,77.0
20170124,11,O3_8h,阜阳,17.0
20170124,11,O3_8h_24h,阜阳,37.0
20170124,11,CO,阜阳,1.7
20170124,11,CO_24h,阜阳,1.15
20170124,12,AQI,阜阳,136.0
20170124,12,PM2.5,阜阳,104.0
20170124,12,PM2.5_24h,阜阳,87.0
20170124,12,PM10,阜阳,130.0
20170124,12,PM10_24h,阜阳,122.0
20170124,12,SO2,阜阳,21.0
20170124,12,SO2_24h,阜阳,21.0
20170124,12,NO2,阜阳,33.0
20170124,12,NO2_24h,阜阳,39.0
20170124,12,O3,阜阳,36.0
20170124,12,O3_24h,阜阳,77.0
20170124,12,O3_8h,阜阳,18.0
20170124,12,O3_8h_24h,阜阳,37.0
20170124,12,CO,阜阳,1.6
20170124,12,CO_24h,阜阳,1.15
20170124,13,AQI,阜阳,123.0
20170124,13,PM2.5,阜阳,93.0
20170124,13,PM2.5_24h,阜阳,86.0
20170124,13,PM10,阜阳,112.0
20170124,13,PM10_24h,阜阳,119.0
20170124,13,SO2,阜阳,21.0
20170124,13,SO2_24h,阜阳,20.0
20170124,13,NO2,阜阳,36.0
20170124,13,NO2_24h,阜阳,39.0
20170124,13,O3,阜阳,41.0
20170124,13,O3_24h,阜阳,77.0
20170124,13,O3_8h,阜阳,21.0
20170124,13,O3_8h_24h,阜阳,37.0
20170124,13,CO,阜阳,1.6
20170124,13,CO_24h,阜阳,1.2
20170124,14,AQI,阜阳,125.0
20170124,14,PM2.5,阜阳,95.0
20170124,14,PM2.5_24h,阜阳,86.0
20170124,14,PM10,阜阳,114.0
20170124,14,PM10_24h,阜阳,118.0
20170124,14,SO2,阜阳,20.0
20170124,14,SO2_24h,阜阳,20.0
20170124,14,NO2,阜阳,26.0
20170124,14,NO2_24h,阜阳,39.0
20170124,14,O3,阜阳,46.0
20170124,14,O3_24h,阜阳,77.0
20170124,14,O3_8h,阜阳,25.0
20170124,14,O3_8h_24h,阜阳,37.0
20170124,14,CO,阜阳,1.5
20170124,14,CO_24h,阜阳,1.2
20170124,15,AQI,阜阳,116.0
20170124,15,PM2.5,阜阳,88.0
20170124,15,PM2.5_24h,阜阳,91.0
20170124,15,PM10,阜阳,118.0
20170124,15,PM10_24h,阜阳,115.0
20170124,15,SO2,阜阳,24.0
20170124,15,SO2_24h,阜阳,24.0
20170124,15,NO2,阜阳,35.0
20170124,15,NO2_24h,阜阳,41.0
20170124,15,O3,阜阳,43.0
20170124,15,O3_24h,阜阳,55.0
20170124,15,O3_8h,阜阳,22.0
20170124,15,O3_8h_24h,阜阳,29.0
20170124,15,CO,阜阳,1.1
20170124,15,CO_24h,阜阳,1.3
20170124,16,AQI,阜阳,124.0
20170124,16,PM2.5,阜阳,94.0
20170124,16,PM2.5_24h,阜阳,91.0
20170124,16,PM10,阜阳,100.0
20170124,16,PM10_24h,阜阳,114.0
20170124,16,SO2,阜阳,23.0
20170124,16,SO2_24h,阜阳,24.0
20170124,16,NO2,阜阳,41.0
20170124,16,NO2_24h,阜阳,42.0
20170124,16,O3,阜阳,39.0
20170124,16,O3_24h,阜阳,54.0
20170124,16,O3_8h,阜阳,26.0
20170124,16,O3_8h_24h,阜阳,29.0
20170124,16,CO,阜阳,1.1
20170124,16,CO_24h,阜阳,1.3
20170124,17,AQI,阜阳,123.0
20170124,17,PM2.5,阜阳,93.0
20170124,17,PM2.5_24h,阜阳,91.0
20170124,17,PM10,阜阳,105.0
20170124,17,PM10_24h,阜阳,112.0
20170124,17,SO2,阜阳,19.0
20170124,17,SO2_24h,阜阳,24.0
20170124,17,NO2,阜阳,48.0
20170124,17,NO2_24h,阜阳,42.0
20170124,17,O3,阜阳,37.0
20170124,17,O3_24h,阜阳,46.0
20170124,17,O3_8h,阜阳,30.0
20170124,17,O3_8h_24h,阜阳,30.0
20170124,17,CO,阜阳,1.1
20170124,17,CO_24h,阜阳,1.3
20170124,18,AQI,阜阳,105.0
20170124,18,PM2.5,阜阳,79.0
20170124,18,PM2.5_24h,阜阳,90.0
20170124,18,PM10,阜阳,105.0
20170124,18,PM10_24h,阜阳,112.0
20170124,18,SO2,阜阳,23.0
20170124,18,SO2_24h,阜阳,24.0
20170124,18,NO2,阜阳,60.0
20170124,18,NO2_24h,阜阳,43.0
20170124,18,O3,阜阳,33.0
20170124,18,O3_24h,阜阳,43.0
20170124,18,O3_8h,阜阳,33.0
20170124,18,O3_8h_24h,阜阳,33.0
20170124,18,CO,阜阳,1.1
20170124,18,CO_24h,阜阳,1.3
20170124,19,AQI,阜阳,126.0
20170124,19,PM2.5,阜阳,96.0
20170124,19,PM2.5_24h,阜阳,89.0
20170124,19,PM10,阜阳,114.0
20170124,19,PM10_24h,阜阳,109.0
20170124,19,SO2,阜阳,32.0
20170124,19,SO2_24h,阜阳,24.0
20170124,19,NO2,阜阳,50.0
20170124,19,NO2_24h,阜阳,42.0
20170124,19,O3,阜阳,36.0
20170124,19,O3_24h,阜阳,43.0
20170124,19,O3_8h,阜阳,36.0
20170124,19,O3_8h_24h,阜阳,36.0
20170124,19,CO,阜阳,1.1
20170124,19,CO_24h,阜阳,1.3
20170124,20,AQI,阜阳,106.0
20170124,20,PM2.5,阜阳,80.0
20170124,20,PM2.5_24h,阜阳,88.0
20170124,20,PM10,阜阳,91.0
20170124,20,PM10_24h,阜阳,107.0
20170124,20,SO2,阜阳,30.0
20170124,20,SO2_24h,阜阳,24.0
20170124,20,NO2,阜阳,45.0
20170124,20,NO2_24h,阜阳,42.0
20170124,20,O3,阜阳,34.0
20170124,20,O3_24h,阜阳,43.0
20170124,20,O3_8h,阜阳,36.0
20170124,20,O3_8h_24h,阜阳,36.0
20170124,20,CO,阜阳,1.2
20170124,20,CO_24h,阜阳,1.3
20170124,21,AQI,阜阳,114.0
20170124,21,PM2.5,阜阳,86.0
20170124,21,PM2.5_24h,阜阳,87.0
20170124,21,PM10,阜阳,120.0
20170124,21,PM10_24h,阜阳,107.0
20170124,21,SO2,阜阳,25.0
20170124,21,SO2_24h,阜阳,24.0
20170124,21,NO2,阜阳,30.0
20170124,21,NO2_24h,阜阳,41.0
20170124,21,O3,阜阳,35.0
20170124,21,O3_24h,阜阳,43.0
20170124,21,O3_8h,阜阳,37.0
20170124,21,O3_8h_24h,阜阳,37.0
20170124,21,CO,阜阳,1.1
20170124,21,CO_24h,阜阳,1.3
20170124,22,AQI,阜阳,111.0
20170124,22,PM2.5,阜阳,84.0
20170124,22,PM2.5_24h,阜阳,81.0
20170124,22,PM10,阜阳,99.0
20170124,22,PM10_24h,阜阳,106.0
20170124,22,SO2,阜阳,19.0
20170124,22,SO2_24h,阜阳,19.0
20170124,22,NO2,阜阳,36.0
20170124,22,NO2_24h,阜阳,38.0
20170124,22,O3,阜阳,33.0
20170124,22,O3_24h,阜阳,49.0
20170124,22,O3_8h,阜阳,36.0
20170124,22,O3_8h_24h,阜阳,41.0
20170124,22,CO,阜阳,1.1
20170124,22,CO_24h,阜阳,1.2
20170124,23,AQI,阜阳,121.0
20170124,23,PM2.5,阜阳,92.0
20170124,23,PM2.5_24h,阜阳,81.0
20170124,23,PM10_24h,阜阳,104.0
20170124,23,SO2,阜阳,19.0
20170124,23,SO2_24h,阜阳,19.0
20170124,23,NO2,阜阳,37.0
20170124,23,NO2_24h,阜阳,38.0
20170124,23,O3,阜阳,30.0
20170124,23,O3_24h,阜阳,49.0
20170124,23,O3_8h,阜阳,33.0
20170124,23,O3_8h_24h,阜阳,41.0
20170124,23,CO,阜阳,1.2
20170124,23,CO_24h,阜阳,1.2
20170124,0,AQI,宿州,109.0
20170124,0,PM2.5,宿州,82.0
20170124,0,PM2.5_24h,宿州,78.0
20170124,0,PM10,宿州,142.0
20170124,0,PM10_24h,宿州,148.0
20170124,0,SO2,宿州,64.0
20170124,0,SO2_24h,宿州,48.0
20170124,0,NO2,宿州,28.0
20170124,0,NO2_24h,宿州,40.0
20170124,0,O3,宿州,52.0
20170124,0,O3_24h,宿州,104.0
20170124,0,O3_8h,宿州,55.0
20170124,0,O3_8h_24h,宿州,79.0
20170124,0,CO,宿州,0.6
20170124,0,CO_24h,宿州,0.7
20170124,1,AQI,宿州,95.0
20170124,1,PM2.5,宿州,71.0
20170124,1,PM2.5_24h,宿州,77.0
20170124,1,PM10,宿州,130.0
20170124,1,PM10_24h,宿州,144.0
20170124,1,SO2,宿州,33.0
20170124,1,SO2_24h,宿州,49.0
20170124,1,NO2,宿州,34.0
20170124,1,NO2_24h,宿州,39.0
20170124,1,O3,宿州,51.0
20170124,1,O3_24h,宿州,104.0
20170124,1,O3_8h,宿州,51.0
20170124,1,O3_8h_24h,宿州,51.0
20170124,1,CO,宿州,0.6
20170124,1,CO_24h,宿州,0.7
20170124,2,AQI,宿州,98.0
20170124,2,PM2.5,宿州,73.0
20170124,2,PM2.5_24h,宿州,76.0
20170124,2,PM10,宿州,136.0
20170124,2,PM10_24h,宿州,142.0
20170124,2,SO2,宿州,18.0
20170124,2,SO2_24h,宿州,48.0
20170124,2,NO2,宿州,28.0
20170124,2,NO2_24h,宿州,37.0
20170124,2,O3,宿州,52.0
20170124,2,O3_24h,宿州,104.0
20170124,2,O3_8h,宿州,52.0
20170124,2,O3_8h_24h,宿州,52.0
20170124,2,CO,宿州,0.6
20170124,2,CO_24h,宿州,0.7
20170124,3,AQI,宿州,104.0
20170124,3,PM2.5,宿州,78.0
20170124,3,PM2.5_24h,宿州,76.0
20170124,3,PM10,宿州,132.0
20170124,3,PM10_24h,宿州,140.0
20170124,3,SO2,宿州,10.0
20170124,3,SO2_24h,宿州,47.0
20170124,3,NO2,宿州,35.0
20170124,3,NO2_24h,宿州,36.0
20170124,3,O3,宿州,46.0
20170124,3,O3_24h,宿州,104.0
20170124,3,O3_8h,宿州,50.0
20170124,3,O3_8h_24h,宿州,52.0
20170124,3,CO,宿州,0.6
20170124,3,CO_24h,宿州,0.7
20170124,4,AQI,宿州,115.0
20170124,4,PM2.5,宿州,87.0
20170124,4,PM2.5_24h,宿州,76.0
20170124,4,PM10,宿州,134.0
20170124,4,PM10_24h,宿州,139.0
20170124,4,SO2,宿州,6.0
20170124,4,SO2_24h,宿州,46.0
20170124,4,NO2,宿州,28.0
20170124,4,NO2_24h,宿州,35.0
20170124,4,O3,宿州,50.0
20170124,4,O3_24h,宿州,104.0
20170124,4,O3_8h,宿州,50.0
20170124,4,O3_8h_24h,宿州,52.0
20170124,4,CO,宿州,0.6
20170124,4,CO_24h,宿州,0.7
20170124,5,AQI,宿州,98.0
20170124,5,PM2.5,宿州,73.0
20170124,5,PM2.5_24h,宿州,76.0
20170124,5,PM10,宿州,128.0
20170124,5,PM10_24h,宿州,138.0
20170124,5,SO2,宿州,7.0
20170124,5,SO2_24h,宿州,45.0
20170124,5,NO2,宿州,22.0
20170124,5,NO2_24h,宿州,34.0
20170124,5,O3,宿州,48.0
20170124,5,O3_24h,宿州,104.0
20170124,5,O3_8h,宿州,49.0
20170124,5,O3_8h_24h,宿州,52.0
20170124,5,CO,宿州,0.6
20170124,5,CO_24h,宿州,0.7
20170124,6,AQI,宿州,95.0
20170124,6,PM2.5,宿州,71.0
20170124,6,PM2.5_24h,宿州,76.0
20170124,6,PM10,宿州,105.0
20170124,6,PM10_24h,宿州,136.0
20170124,6,SO2,宿州,7.0
20170124,6,SO2_24h,宿州,44.0
20170124,6,NO2,宿州,28.0
20170124,6,NO2_24h,宿州,33.0
20170124,6,O3,宿州,40.0
20170124,6,O3_24h,宿州,104.0
20170124,6,O3_8h,宿州,48.0
20170124,6,O3_8h_24h,宿州,52.0
20170124,6,CO,宿州,0.6
20170124,6,CO_24h,宿州,0.7
20170124,7,AQI,宿州,96.0
20170124,7,PM2.5,宿州,72.0
20170124,7,PM2.5_24h,宿州,76.0
20170124,7,PM10,宿州,125.0
20170124,7,PM10_24h,宿州,134.0
20170124,7,SO2,宿州,6.0
20170124,7,SO2_24h,宿州,43.0
20170124,7,NO2,宿州,27.0
20170124,7,NO2_24h,宿州,31.0
20170124,7,O3,宿州,37.0
20170124,7,O3_24h,宿州,104.0
20170124,7,O3_8h,宿州,46.0
20170124,7,O3_8h_24h,宿州,52.0
20170124,7,CO,宿州,0.6
20170124,7,CO_24h,宿州,0.7
20170124,8,AQI,宿州,94.0
20170124,8,PM2.5,宿州,70.0
20170124,8,PM2.5_24h,宿州,75.0
20170124,8,PM10,宿州,101.0
20170124,8,PM10_24h,宿州,132.0
20170124,8,SO2,宿州,7.0
20170124,8,SO2_24h,宿州,40.0
20170124,8,NO2,宿州,33.0
20170124,8,NO2_24h,宿州,30.0
20170124,8,O3,宿州,29.0
20170124,8,O3_24h,宿州,104.0
20170124,8,O3_8h,宿州,44.0
20170124,8,O3_8h_24h,宿州,52.0
20170124,8,CO,宿州,0.6
20170124,8,CO_24h,宿州,0.6
20170124,9,AQI,宿州,88.0
20170124,9,PM2.5,宿州,65.0
20170124,9,PM2.5_24h,宿州,74.0
20170124,9,PM10,宿州,104.0
20170124,9,PM10_24h,宿州,130.0
20170124,9,SO2,宿州,6.0
20170124,9,SO2_24h,宿州,37.0
20170124,9,NO2,宿州,30.0
20170124,9,NO2_24h,宿州,30.0
20170124,9,O3,宿州,32.0
20170124,9,O3_24h,宿州,104.0
20170124,9,O3_8h,宿州,42.0
20170124,9,O3_8h_24h,宿州,52.0
20170124,9,CO,宿州,0.6
20170124,9,CO_24h,宿州,0.6
20170124,10,AQI,宿州,71.0
20170124,10,PM2.5,宿州,50.0
20170124,10,PM2.5_24h,宿州,73.0
20170124,10,PM10,宿州,91.0
20170124,10,PM10_24h,宿州,128.0
20170124,10,SO2,宿州,6.0
20170124,10,SO2_24h,宿州,34.0
20170124,10,NO2,宿州,23.0
20170124,10,NO2_24h,宿州,30.0
20170124,10,O3,宿州,30.0
20170124,10,O3_24h,宿州,104.0
20170124,10,O3_8h,宿州,39.0
20170124,10,O3_8h_24h,宿州,52.0
20170124,10,CO,宿州,0.6
20170124,10,CO_24h,宿州,0.6
20170124,11,AQI,宿州,69.0
20170124,11,PM2.5,宿州,48.0
20170124,11,PM2.5_24h,宿州,71.0
20170124,11,PM10,宿州,88.0
20170124,11,PM10_24h,宿州,126.0
20170124,11,SO2,宿州,8.0
20170124,11,SO2_24h,宿州,33.0
20170124,11,NO2,宿州,23.0
20170124,11,NO2_24h,宿州,29.0
20170124,11,O3,宿州,34.0
20170124,11,O3_24h,宿州,104.0
20170124,11,O3_8h,宿州,38.0
20170124,11,O3_8h_24h,宿州,52.0
20170124,11,CO,宿州,0.6
20170124,11,CO_24h,宿州,0.6
20170124,12,AQI,宿州,84.0
20170124,12,PM2.5,宿州,62.0
20170124,12,PM2.5_24h,宿州,71.0
20170124,12,PM10,宿州,94.0
20170124,12,PM10_24h,宿州,125.0
20170124,12,SO2,宿州,21.0
20170124,12,SO2_24h,宿州,32.0
20170124,12,NO2,宿州,24.0
20170124,12,NO2_24h,宿州,29.0
20170124,12,O3,宿州,49.0
20170124,12,O3_24h,宿州,104.0
20170124,12,O3_8h,宿州,37.0
20170124,12,O3_8h_24h,宿州,52.0
20170124,12,CO,宿州,0.6
20170124,12,CO_24h,宿州,0.6
20170124,13,AQI,宿州,83.0
20170124,13,PM2.5,宿州,61.0
20170124,13,PM2.5_24h,宿州,71.0
20170124,13,PM10,宿州,100.0
20170124,13,PM10_24h,宿州,124.0
20170124,13,SO2,宿州,8.0
20170124,13,SO2_24h,宿州,32.0
20170124,13,NO2,宿州,23.0
20170124,13,NO2_24h,宿州,30.0
20170124,13,O3,宿州,49.0
20170124,13,O3_24h,宿州,104.0
20170124,13,O3_8h,宿州,38.0
20170124,13,O3_8h_24h,宿州,52.0
20170124,13,CO,宿州,0.6
20170124,13,CO_24h,宿州,0.6
20170124,14,AQI,宿州,80.0
20170124,14,PM2.5,宿州,52.0
20170124,14,PM2.5_24h,宿州,71.0
20170124,14,PM10,宿州,110.0
20170124,14,PM10_24h,宿州,123.0
20170124,14,SO2,宿州,6.0
20170124,14,SO2_24h,宿州,32.0
20170124,14,NO2,宿州,19.0
20170124,14,NO2_24h,宿州,30.0
20170124,14,O3,宿州,46.0
20170124,14,O3_24h,宿州,104.0
20170124,14,O3_8h,宿州,38.0
20170124,14,O3_8h_24h,宿州,52.0
20170124,14,CO,宿州,0.6
20170124,14,CO_24h,宿州,0.6
20170124,15,AQI,宿州,73.0
20170124,15,PM2.5,宿州,53.0
20170124,15,PM2.5_24h,宿州,70.0
20170124,15,PM10,宿州,93.0
20170124,15,PM10_24h,宿州,122.0
20170124,15,SO2,宿州,7.0
20170124,15,SO2_24h,宿州,32.0
20170124,15,NO2,宿州,24.0
20170124,15,NO2_24h,宿州,30.0
20170124,15,O3,宿州,60.0
20170124,15,O3_24h,宿州,104.0
20170124,15,O3_8h,宿州,41.0
20170124,15,O3_8h_24h,宿州,52.0
20170124,15,CO,宿州,0.6
20170124,15,CO_24h,宿州,0.6
20170124,16,AQI,宿州,74.0
20170124,16,PM2.5,宿州,48.0
20170124,16,PM2.5_24h,宿州,69.0
20170124,16,PM10,宿州,97.0
20170124,16,PM10_24h,宿州,121.0
20170124,16,SO2,宿州,12.0
20170124,16,SO2_24h,宿州,31.0
20170124,16,NO2,宿州,30.0
20170124,16,NO2_24h,宿州,31.0
20170124,16,O3,宿州,48.0
20170124,16,O3_24h,宿州,77.0
20170124,16,O3_8h,宿州,44.0
20170124,16,O3_8h_24h,宿州,52.0
20170124,16,CO,宿州,0.7
20170124,16,CO_24h,宿州,0.6
20170124,17,AQI,宿州,78.0
20170124,17,PM2.5,宿州,57.0
20170124,17,PM2.5_24h,宿州,68.0
20170124,17,PM10,宿州,102.0
20170124,17,PM10_24h,宿州,120.0
20170124,17,SO2,宿州,15.0
20170124,17,SO2_24h,宿州,31.0
20170124,17,NO2,宿州,46.0
20170124,17,NO2_24h,宿州,32.0
20170124,17,O3,宿州,50.0
20170124,17,O3_24h,宿州,77.0
20170124,17,O3_8h,宿州,46.0
20170124,17,O3_8h_24h,宿州,52.0
20170124,17,CO,宿州,0.8
20170124,17,CO_24h,宿州,0.6
20170124,18,AQI,宿州,84.0
20170124,18,PM2.5,宿州,62.0
20170124,18,PM2.5_24h,宿州,68.0
20170124,18,PM10,宿州,103.0
20170124,18,PM10_24h,宿州,118.0
20170124,18,SO2,宿州,9.0
20170124,18,SO2_24h,宿州,31.0
20170124,18,NO2,宿州,49.0
20170124,18,NO2_24h,宿州,33.0
20170124,18,O3,宿州,49.0
20170124,18,O3_24h,宿州,60.0
20170124,18,O3_8h,宿州,48.0
20170124,18,O3_8h_24h,宿州,52.0
20170124,18,CO,宿州,0.8
20170124,18,CO_24h,宿州,0.6
20170124,19,AQI,宿州,84.0
20170124,19,PM2.5,宿州,59.0
20170124,19,PM2.5_24h,宿州,68.0
20170124,19,PM10,宿州,117.0
20170124,19,PM10_24h,宿州,118.0
20170124,19,SO2,宿州,8.0
20170124,19,SO2_24h,宿州,28.0
20170124,19,NO2,宿州,44.0
20170124,19,NO2_24h,宿州,33.0
20170124,19,O3,宿州,51.0
20170124,19,O3_24h,宿州,60.0
20170124,19,O3_8h,宿州,50.0
20170124,19,O3_8h_24h,宿州,52.0
20170124,19,CO,宿州,0.7
20170124,19,CO_24h,宿州,0.6
20170124,20,AQI,宿州,81.0
20170124,20,PM2.5,宿州,53.0
20170124,20,PM2.5_24h,宿州,66.0
20170124,20,PM10,宿州,112.0
20170124,20,PM10_24h,宿州,116.0
20170124,20,SO2,宿州,8.0
20170124,20,SO2_24h,宿州,21.0
20170124,20,NO2,宿州,35.0
20170124,20,NO2_24h,宿州,32.0
20170124,20,O3,宿州,54.0
20170124,20,O3_24h,宿州,60.0
20170124,20,O3_8h,宿州,51.0
20170124,20,O3_8h_24h,宿州,52.0
20170124,20,CO,宿州,0.6
20170124,20,CO_24h,宿州,0.6
20170124,21,AQI,宿州,91.0
20170124,21,PM2.5,宿州,68.0
20170124,21,PM2.5_24h,宿州,65.0
20170124,21,PM10,宿州,113.0
20170124,21,PM10_24h,宿州,114.0
20170124,21,SO2,宿州,13.0
20170124,21,SO2_24h,宿州,17.0
20170124,21,NO2,宿州,39.0
20170124,21,NO2_24h,宿州,31.0
20170124,21,O3,宿州,49.0
20170124,21,O3_24h,宿州,60.0
20170124,21,O3_8h,宿州,51.0
20170124,21,O3_8h_24h,宿州,52.0
20170124,21,CO,宿州,0.7
20170124,21,CO_24h,宿州,0.6
20170124,22,AQI,宿州,99.0
20170124,22,PM2.5,宿州,74.0
20170124,22,PM2.5_24h,宿州,65.0
20170124,22,PM10,宿州,128.0
20170124,22,PM10_24h,宿州,114.0
20170124,22,SO2,宿州,7.0
20170124,22,SO2_24h,宿州,15.0
20170124,22,NO2,宿州,36.0
20170124,22,NO2_24h,宿州,31.0
20170124,22,O3,宿州,53.0
20170124,22,O3_24h,宿州,60.0
20170124,22,O3_8h,宿州,52.0
20170124,22,O3_8h_24h,宿州,52.0
20170124,22,CO,宿州,0.7
20170124,22,CO_24h,宿州,0.6
20170124,23,AQI,宿州,118.0
20170124,23,PM2.5,宿州,89.0
20170124,23,PM2.5_24h,宿州,66.0
20170124,23,PM10,宿州,138.0
20170124,23,PM10_24h,宿州,113.0
20170124,23,SO2,宿州,8.0
20170124,23,SO2_24h,宿州,12.0
20170124,23,NO2,宿州,35.0
20170124,23,NO2_24h,宿州,31.0
20170124,23,O3,宿州,54.0
20170124,23,O3_24h,宿州,60.0
20170124,23,O3_8h,宿州,51.0
20170124,23,O3_8h_24h,宿州,52.0
20170124,23,CO,宿州,0.6
20170124,23,CO_24h,宿州,0.6
20170124,0,AQI,六安,80.0
20170124,0,PM2.5,六安,59.0
20170124,0,PM2.5_24h,六安,65.0
20170124,0,PM10,六安,86.0
20170124,0,PM10_24h,六安,106.0
20170124,0,SO2,六安,16.0
20170124,0,SO2_24h,六安,20.0
20170124,0,NO2,六安,40.0
20170124,0,NO2_24h,六安,45.0
20170124,0,O3,六安,52.0
20170124,0,O3_24h,六安,95.0
20170124,0,O3_8h,六安,61.0
20170124,0,O3_8h_24h,六安,81.0
20170124,0,CO,六安,0.75
20170124,0,CO_24h,六安,0.9
20170124,1,AQI,六安,75.0
20170124,1,PM2.5,六安,55.0
20170124,1,PM2.5_24h,六安,65.0
20170124,1,PM10,六安,76.0
20170124,1,PM10_24h,六安,105.0
20170124,1,SO2,六安,16.0
20170124,1,SO2_24h,六安,19.0
20170124,1,NO2,六安,35.0
20170124,1,NO2_24h,六安,44.0
20170124,1,O3,六安,56.0
20170124,1,O3_24h,六安,95.0
20170124,1,O3_8h,六安,56.0
20170124,1,O3_8h_24h,六安,56.0
20170124,1,CO,六安,0.75
20170124,1,CO_24h,六安,0.88
20170124,2,AQI,六安,64.0
20170124,2,PM2.5,六安,46.0
20170124,2,PM2.5_24h,六安,63.0
20170124,2,PM10,六安,64.0
20170124,2,PM10_24h,六安,103.0
20170124,2,SO2,六安,14.0
20170124,2,SO2_24h,六安,19.0
20170124,2,NO2,六安,27.0
20170124,2,NO2_24h,六安,44.0
20170124,2,O3,六安,61.0
20170124,2,O3_24h,六安,95.0
20170124,2,O3_8h,六安,58.0
20170124,2,O3_8h_24h,六安,59.0
20170124,2,CO,六安,0.7
20170124,2,CO_24h,六安,0.88
20170124,3,AQI,六安,56.0
20170124,3,PM2.5,六安,40.0
20170124,3,PM2.5_24h,六安,62.0
20170124,3,PM10,六安,59.0
20170124,3,PM10_24h,六安,100.0
20170124,3,SO2,六安,14.0
20170124,3,SO2_24h,六安,19.0
20170124,3,NO2,六安,28.0
20170124,3,NO2_24h,六安,43.0
20170124,3,O3,六安,56.0
20170124,3,O3_24h,六安,95.0
20170124,3,O3_8h,六安,58.0
20170124,3,O3_8h_24h,六安,59.0
20170124,3,CO,六安,0.7
20170124,3,CO_24h,六安,0.83
20170124,4,AQI,六安,59.0
20170124,4,PM2.5,六安,40.0
20170124,4,PM2.5_24h,六安,61.0
20170124,4,PM10,六安,68.0
20170124,4,PM10_24h,六安,98.0
20170124,4,SO2,六安,16.0
20170124,4,SO2_24h,六安,19.0
20170124,4,NO2,六安,28.0
20170124,4,NO2_24h,六安,42.0
20170124,4,O3,六安,52.0
20170124,4,O3_24h,六安,95.0
20170124,4,O3_8h,六安,56.0
20170124,4,O3_8h_24h,六安,59.0
20170124,4,CO,六安,0.68
20170124,4,CO_24h,六安,0.83
20170124,5,AQI,六安,58.0
20170124,5,PM2.5,六安,41.0
20170124,5,PM2.5_24h,六安,59.0
20170124,5,PM10,六安,58.0
20170124,5,PM10_24h,六安,95.0
20170124,5,SO2,六安,15.0
20170124,5,SO2_24h,六安,19.0
20170124,5,NO2,六安,29.0
20170124,5,NO2_24h,六安,42.0
20170124,5,O3,六安,52.0
20170124,5,O3_24h,六安,95.0
20170124,5,O3_8h,六安,55.0
20170124,5,O3_8h_24h,六安,59.0
20170124,5,CO,六安,0.68
20170124,5,CO_24h,六安,0.83
20170124,6,AQI,六安,59.0
20170124,6,PM2.5,六安,42.0
20170124,6,PM2.5_24h,六安,58.0
20170124,6,PM10,六安,63.0
20170124,6,PM10_24h,六安,93.0
20170124,6,SO2,六安,14.0
20170124,6,SO2_24h,六安,19.0
20170124,6,NO2,六安,32.0
20170124,6,NO2_24h,六安,41.0
20170124,6,O3,六安,48.0
20170124,6,O3_24h,六安,95.0
20170124,6,O3_8h,六安,54.0
20170124,6,O3_8h_24h,六安,59.0
20170124,6,CO,六安,0.65
20170124,6,CO_24h,六安,0.83
20170124,7,AQI,六安,60.0
20170124,7,PM2.5,六安,43.0
20170124,7,PM2.5_24h,六安,57.0
20170124,7,PM10,六安,66.0
20170124,7,PM10_24h,六安,91.0
20170124,7,SO2,六安,13.0
20170124,7,SO2_24h,六安,19.0
20170124,7,NO2,六安,36.0
20170124,7,NO2_24h,六安,40.0
20170124,7,O3,六安,48.0
20170124,7,O3_24h,六安,95.0
20170124,7,O3_8h,六安,53.0
20170124,7,O3_8h_24h,六安,59.0
20170124,7,CO,六安,0.65
20170124,7,CO_24h,六安,0.83
20170124,8,AQI,六安,59.0
20170124,8,PM2.5,六安,42.0
20170124,8,PM2.5_24h,六安,55.0
20170124,8,PM10,六安,57.0
20170124,8,PM10_24h,六安,89.0
20170124,8,SO2,六安,14.0
20170124,8,SO2_24h,六安,19.0
20170124,8,NO2,六安,40.0
20170124,8,NO2_24h,六安,39.0
20170124,8,O3,六安,44.0
20170124,8,O3_24h,六安,95.0
20170124,8,O3_8h,六安,52.0
20170124,8,O3_8h_24h,六安,59.0
20170124,8,CO,六安,0.68
20170124,8,CO_24h,六安,0.83
20170124,9,AQI,六安,59.0
20170124,9,PM2.5,六安,42.0
20170124,9,PM2.5_24h,六安,54.0
20170124,9,PM10,六安,61.0
20170124,9,PM10_24h,六安,86.0
20170124,9,SO2,六安,16.0
20170124,9,SO2_24h,六安,19.0
20170124,9,NO2,六安,47.0
20170124,9,NO2_24h,六安,39.0
20170124,9,O3,六安,41.0
20170124,9,O3_24h,六安,95.0
20170124,9,O3_8h,六安,50.0
20170124,9,O3_8h_24h,六安,59.0
20170124,9,CO,六安,0.75
20170124,9,CO_24h,六安,0.8
20170124,10,AQI,六安,61.0
20170124,10,PM2.5,六安,44.0
20170124,10,PM2.5_24h,六安,53.0
20170124,10,PM10,六安,68.0
20170124,10,PM10_24h,六安,84.0
20170124,10,SO2,六安,17.0
20170124,10,SO2_24h,六安,18.0
20170124,10,NO2,六安,43.0
20170124,10,NO2_24h,六安,38.0
20170124,10,O3,六安,48.0
20170124,10,O3_24h,六安,95.0
20170124,10,O3_8h,六安,49.0
20170124,10,O3_8h_24h,六安,59.0
20170124,10,CO,六安,0.77
20170124,10,CO_24h,六安,0.8
20170124,11,AQI,六安,65.0
20170124,11,PM2.5,六安,47.0
20170124,11,PM2.5_24h,六安,52.0
20170124,11,PM10,六安,67.0
20170124,11,PM10_24h,六安,82.0
20170124,11,SO2,六安,18.0
20170124,11,SO2_24h,六安,18.0
20170124,11,NO2,六安,37.0
20170124,11,NO2_24h,六安,37.0
20170124,11,O3,六安,58.0
20170124,11,O3_24h,六安,95.0
20170124,11,O3_8h,六安,49.0
20170124,11,O3_8h_24h,六安,60.0
20170124,11,CO,六安,0.77
20170124,11,CO_24h,六安,0.8
20170124,12,AQI,六安,70.0
20170124,12,PM2.5,六安,49.0
20170124,12,PM2.5_24h,六安,51.0
20170124,12,PM10,六安,89.0
20170124,12,PM10_24h,六安,81.0
20170124,12,SO2,六安,17.0
20170124,12,SO2_24h,六安,17.0
20170124,12,NO2,六安,35.0
20170124,12,NO2_24h,六安,37.0
20170124,12,O3,六安,74.0
20170124,12,O3_24h,六安,103.0
20170124,12,O3_8h,六安,52.0
20170124,12,O3_8h_24h,六安,62.0
20170124,12,CO,六安,0.8
20170124,12,CO_24h,六安,0.73
20170124,13,AQI,六安,71.0
20170124,13,PM2.5,六安,52.0
20170124,13,PM2.5_24h,六安,51.0
20170124,13,PM10,六安,82.0
20170124,13,PM10_24h,六安,80.0
20170124,13,SO2,六安,17.0
20170124,13,SO2_24h,六安,17.0
20170124,13,NO2,六安,32.0
20170124,13,NO2_24h,六安,37.0
20170124,13,O3,六安,68.0
20170124,13,O3_24h,六安,103.0
20170124,13,O3_8h,六安,54.0
20170124,13,O3_8h_24h,六安,63.0
20170124,13,CO,六安,0.75
20170124,13,CO_24h,六安,0.73
20170124,14,AQI,六安,69.0
20170124,14,PM2.5,六安,50.0
20170124,14,PM2.5_24h,六安,51.0
20170124,14,PM10,六安,76.0
20170124,14,PM10_24h,六安,79.0
20170124,14,SO2,六安,17.0
20170124,14,SO2_24h,六安,17.0
20170124,14,NO2,六安,31.0
20170124,14,NO2_24h,六安,37.0
20170124,14,O3,六安,70.0
20170124,14,O3_24h,六安,103.0
20170124,14,O3_8h,六安,57.0
20170124,14,O3_8h_24h,六安,64.0
20170124,14,CO,六安,0.73
20170124,14,CO_24h,六安,0.73
20170124,15,AQI,六安,66.0
20170124,15,PM2.5,六安,48.0
20170124,15,PM2.5_24h,六安,51.0
20170124,15,PM10,六安,74.0
20170124,15,PM10_24h,六安,77.0
20170124,15,SO2,六安,21.0
20170124,15,SO2_24h,六安,17.0
20170124,15,NO2,六安,31.0
20170124,15,NO2_24h,六安,37.0
20170124,15,O3,六安,79.0
20170124,15,O3_24h,六安,100.0
20170124,15,O3_8h,六安,60.0
20170124,15,O3_8h_24h,六安,64.0
20170124,15,CO,六安,0.72
20170124,15,CO_24h,六安,0.73
20170124,16,AQI,六安,64.0
20170124,16,PM2.5,六安,46.0
20170124,16,PM2.5_24h,六安,51.0
20170124,16,PM10,六安,75.0
20170124,16,PM10_24h,六安,76.0
20170124,16,SO2,六安,23.0
20170124,16,SO2_24h,六安,17.0
20170124,16,NO2,六安,39.0
20170124,16,NO2_24h,六安,37.0
20170124,16,O3,六安,77.0
20170124,16,O3_24h,六安,92.0
20170124,16,O3_8h,六安,64.0
20170124,16,O3_8h_24h,六安,66.0
20170124,16,CO,六安,0.65
20170124,16,CO_24h,六安,0.73
20170124,17,AQI,六安,64.0
20170124,17,PM2.5,六安,46.0
20170124,17,PM2.5_24h,六安,50.0
20170124,17,PM10,六安,64.0
20170124,17,PM10_24h,六安,74.0
20170124,17,SO2,六安,23.0
20170124,17,SO2_24h,六安,17.0
20170124,17,NO2,六安,48.0
20170124,17,NO2_24h,六安,38.0
20170124,17,O3,六安,65.0
20170124,17,O3_24h,六安,90.0
20170124,17,O3_8h,六安,67.0
20170124,17,O3_8h_24h,六安,68.0
20170124,17,CO,六安,0.73
20170124,17,CO_24h,六安,0.73
20170124,18,AQI,六安,68.0
20170124,18,PM2.5,六安,49.0
20170124,18,PM2.5_24h,六安,49.0
20170124,18,PM10,六安,76.0
20170124,18,PM10_24h,六安,73.0
20170124,18,SO2,六安,21.0
20170124,18,SO2_24h,六安,17.0
20170124,18,NO2,六安,59.0
20170124,18,NO2_24h,六安,38.0
20170124,18,O3,六安,55.0
20170124,18,O3_24h,六安,89.0
20170124,18,O3_8h,六安,68.0
20170124,18,O3_8h_24h,六安,69.0
20170124,18,CO,六安,0.8
20170124,18,CO_24h,六安,0.73
20170124,19,AQI,六安,69.0
20170124,19,PM2.5,六安,50.0
20170124,19,PM2.5_24h,六安,49.0
20170124,19,PM10,六安,74.0
20170124,19,PM10_24h,六安,72.0
20170124,19,SO2,六安,22.0
20170124,19,SO2_24h,六安,18.0
20170124,19,NO2,六安,69.0
20170124,19,NO2_24h,六安,40.0
20170124,19,O3,六安,42.0
20170124,19,O3_24h,六安,89.0
20170124,19,O3_8h,六安,66.0
20170124,19,O3_8h_24h,六安,69.0
20170124,19,CO,六安,0.93
20170124,19,CO_24h,六安,0.73
20170124,20,AQI,六安,79.0
20170124,20,PM2.5,六安,58.0
20170124,20,PM2.5_24h,六安,49.0
20170124,20,PM10,六安,87.0
20170124,20,PM10_24h,六安,72.0
20170124,20,SO2,六安,20.0
20170124,20,SO2_24h,六安,17.0
20170124,20,NO2,六安,67.0
20170124,20,NO2_24h,六安,40.0
20170124,20,O3,六安,36.0
20170124,20,O3_24h,六安,89.0
20170124,20,O3_8h,六安,61.0
20170124,20,O3_8h_24h,六安,69.0
20170124,20,CO,六安,0.97
20170124,20,CO_24h,六安,0.75
20170124,21,AQI,六安,90.0
20170124,21,PM2.5,六安,67.0
20170124,21,PM2.5_24h,六安,49.0
20170124,21,PM10,六安,101.0
20170124,21,PM10_24h,六安,72.0
20170124,21,SO2,六安,19.0
20170124,21,SO2_24h,六安,17.0
20170124,21,NO2,六安,67.0
20170124,21,NO2_24h,六安,41.0
20170124,21,O3,六安,36.0
20170124,21,O3_24h,六安,89.0
20170124,21,O3_8h,六安,57.0
20170124,21,O3_8h_24h,六安,69.0
20170124,21,CO,六安,0.93
20170124,21,CO_24h,六安,0.78
20170124,22,AQI,六安,93.0
20170124,22,PM2.5,六安,69.0
20170124,22,PM2.5_24h,六安,49.0
20170124,22,PM10,六安,101.0
20170124,22,PM10_24h,六安,73.0
20170124,22,SO2,六安,15.0
20170124,22,SO2_24h,六安,17.0
20170124,22,NO2,六安,54.0
20170124,22,NO2_24h,六安,42.0
20170124,22,O3,六安,41.0
20170124,22,O3_24h,六安,89.0
20170124,22,O3_8h,六安,54.0
20170124,22,O3_8h_24h,六安,69.0
20170124,22,CO,六安,0.88
20170124,22,CO_24h,六安,0.78
20170124,23,AQI,六安,86.0
20170124,23,PM2.5,六安,64.0
20170124,23,PM2.5_24h,六安,50.0
20170124,23,PM10,六安,89.0
20170124,23,PM10_24h,六安,74.0
20170124,23,SO2,六安,15.0
20170124,23,SO2_24h,六安,17.0
20170124,23,NO2,六安,53.0
20170124,23,NO2_24h,六安,42.0
20170124,23,O3,六安,41.0
20170124,23,O3_24h,六安,89.0
20170124,23,O3_8h,六安,49.0
20170124,23,O3_8h_24h,六安,69.0
20170124,23,CO,六安,0.85
20170124,23,CO_24h,六安,0.75
20170124,0,AQI,亳州,119.0
20170124,0,PM2.5,亳州,90.0
20170124,0,PM2.5_24h,亳州,85.0
20170124,0,PM10,亳州,127.0
20170124,0,PM10_24h,亳州,142.0
20170124,0,SO2,亳州,30.0
20170124,0,SO2_24h,亳州,36.0
20170124,0,NO2,亳州,29.0
20170124,0,NO2_24h,亳州,33.0
20170124,0,O3,亳州,61.0
20170124,0,O3_24h,亳州,93.0
20170124,0,O3_8h,亳州,70.0
20170124,0,O3_8h_24h,亳州,81.0
20170124,0,CO,亳州,0.9
20170124,0,CO_24h,亳州,1.0
20170124,1,AQI,亳州,109.0
20170124,1,PM2.5,亳州,82.0
20170124,1,PM2.5_24h,亳州,84.0
20170124,1,PM10,亳州,122.0
20170124,1,PM10_24h,亳州,139.0
20170124,1,SO2,亳州,26.0
20170124,1,SO2_24h,亳州,36.0
20170124,1,NO2,亳州,25.0
20170124,1,NO2_24h,亳州,33.0
20170124,1,O3,亳州,59.0
20170124,1,O3_24h,亳州,93.0
20170124,1,O3_8h,亳州,59.0
20170124,1,O3_8h_24h,亳州,59.0
20170124,1,CO,亳州,0.9
20170124,1,CO_24h,亳州,1.0
20170124,2,AQI,亳州,101.0
20170124,2,PM2.5,亳州,76.0
20170124,2,PM2.5_24h,亳州,83.0
20170124,2,PM10,亳州,114.0
20170124,2,PM10_24h,亳州,138.0
20170124,2,SO2,亳州,22.0
20170124,2,SO2_24h,亳州,34.0
20170124,2,NO2,亳州,27.0
20170124,2,NO2_24h,亳州,33.0
20170124,2,O3,亳州,54.0
20170124,2,O3_24h,亳州,93.0
20170124,2,O3_8h,亳州,56.0
20170124,2,O3_8h_24h,亳州,59.0
20170124,2,CO,亳州,0.9
20170124,2,CO_24h,亳州,1.0
20170124,3,AQI,亳州,96.0
20170124,3,PM2.5,亳州,72.0
20170124,3,PM2.5_24h,亳州,82.0
20170124,3,PM10,亳州,128.0
20170124,3,PM10_24h,亳州,137.0
20170124,3,SO2,亳州,24.0
20170124,3,SO2_24h,亳州,34.0
20170124,3,NO2,亳州,26.0
20170124,3,NO2_24h,亳州,32.0
20170124,3,O3,亳州,53.0
20170124,3,O3_24h,亳州,93.0
20170124,3,O3_8h,亳州,56.0
20170124,3,O3_8h_24h,亳州,59.0
20170124,3,CO,亳州,0.9
20170124,3,CO_24h,亳州,1.0
20170124,4,AQI,亳州,101.0
20170124,4,PM2.5,亳州,76.0
20170124,4,PM2.5_24h,亳州,82.0
20170124,4,PM10,亳州,105.0
20170124,4,PM10_24h,亳州,135.0
20170124,4,SO2,亳州,22.0
20170124,4,SO2_24h,亳州,34.0
20170124,4,NO2,亳州,26.0
20170124,4,NO2_24h,亳州,32.0
20170124,4,O3,亳州,52.0
20170124,4,O3_24h,亳州,93.0
20170124,4,O3_8h,亳州,55.0
20170124,4,O3_8h_24h,亳州,59.0
20170124,4,CO,亳州,0.8
20170124,4,CO_24h,亳州,1.0
20170124,5,AQI,亳州,94.0
20170124,5,PM2.5,亳州,70.0
20170124,5,PM2.5_24h,亳州,82.0
20170124,5,PM10,亳州,108.0
20170124,5,PM10_24h,亳州,136.0
20170124,5,SO2,亳州,22.0
20170124,5,SO2_24h,亳州,33.0
20170124,5,NO2,亳州,28.0
20170124,5,NO2_24h,亳州,32.0
20170124,5,O3,亳州,48.0
20170124,5,O3_24h,亳州,93.0
20170124,5,O3_8h,亳州,53.0
20170124,5,O3_8h_24h,亳州,59.0
20170124,5,CO,亳州,0.8
20170124,5,CO_24h,亳州,1.0
20170124,6,AQI,亳州,91.0
20170124,6,PM2.5,亳州,68.0
20170124,6,PM2.5_24h,亳州,82.0
20170124,6,PM10,亳州,89.0
20170124,6,PM10_24h,亳州,134.0
20170124,6,SO2,亳州,23.0
20170124,6,SO2_24h,亳州,33.0
20170124,6,NO2,亳州,25.0
20170124,6,NO2_24h,亳州,32.0
20170124,6,O3,亳州,50.0
20170124,6,O3_24h,亳州,93.0
20170124,6,O3_8h,亳州,53.0
20170124,6,O3_8h_24h,亳州,59.0
20170124,6,CO,亳州,0.8
20170124,6,CO_24h,亳州,1.0
20170124,7,AQI,亳州,96.0
20170124,7,PM2.5,亳州,72.0
20170124,7,PM2.5_24h,亳州,82.0
20170124,7,PM10,亳州,94.0
20170124,7,PM10_24h,亳州,133.0
20170124,7,SO2,亳州,22.0
20170124,7,SO2_24h,亳州,33.0
20170124,7,NO2,亳州,21.0
20170124,7,NO2_24h,亳州,32.0
20170124,7,O3,亳州,53.0
20170124,7,O3_24h,亳州,93.0
20170124,7,O3_8h,亳州,53.0
20170124,7,O3_8h_24h,亳州,59.0
20170124,7,CO,亳州,0.9
20170124,7,CO_24h,亳州,1.0
20170124,8,AQI,亳州,100.0
20170124,8,PM2.5,亳州,75.0
20170124,8,PM2.5_24h,亳州,82.0
20170124,8,PM10,亳州,98.0
20170124,8,PM10_24h,亳州,133.0
20170124,8,SO2,亳州,21.0
20170124,8,SO2_24h,亳州,31.0
20170124,8,NO2,亳州,23.0
20170124,8,NO2_24h,亳州,32.0
20170124,8,O3,亳州,53.0
20170124,8,O3_24h,亳州,93.0
20170124,8,O3_8h,亳州,53.0
20170124,8,O3_8h_24h,亳州,59.0
20170124,8,CO,亳州,0.95
20170124,8,CO_24h,亳州,1.0
20170124,9,AQI,亳州,111.0
20170124,9,PM2.5,亳州,84.0
20170124,9,PM2.5_24h,亳州,83.0
20170124,9,PM10,亳州,112.0
20170124,9,PM10_24h,亳州,133.0
20170124,9,SO2,亳州,27.0
20170124,9,SO2_24h,亳州,30.0
20170124,9,NO2,亳州,26.0
20170124,9,NO2_24h,亳州,31.0
20170124,9,O3,亳州,54.0
20170124,9,O3_24h,亳州,93.0
20170124,9,O3_8h,亳州,52.0
20170124,9,O3_8h_24h,亳州,59.0
20170124,9,CO,亳州,1.1
20170124,9,CO_24h,亳州,1.0
20170124,10,AQI,亳州,110.0
20170124,10,PM2.5,亳州,83.0
20170124,10,PM2.5_24h,亳州,83.0
20170124,10,PM10,亳州,122.0
20170124,10,PM10_24h,亳州,133.0
20170124,10,SO2,亳州,29.0
20170124,10,SO2_24h,亳州,29.0
20170124,10,NO2,亳州,25.0
20170124,10,NO2_24h,亳州,31.0
20170124,10,O3,亳州,58.0
20170124,10,O3_24h,亳州,93.0
20170124,10,O3_8h,亳州,53.0
20170124,10,O3_8h_24h,亳州,59.0
20170124,10,CO,亳州,1.1
20170124,10,CO_24h,亳州,1.0
20170124,11,AQI,亳州,105.0
20170124,11,PM2.5,亳州,79.0
20170124,11,PM2.5_24h,亳州,83.0
20170124,11,PM10,亳州,113.0
20170124,11,PM10_24h,亳州,133.0
20170124,11,SO2,亳州,26.0
20170124,11,SO2_24h,亳州,29.0
20170124,11,NO2,亳州,22.0
20170124,11,NO2_24h,亳州,30.0
20170124,11,O3,亳州,65.0
20170124,11,O3_24h,亳州,93.0
20170124,11,O3_8h,亳州,54.0
20170124,11,O3_8h_24h,亳州,59.0
20170124,11,CO,亳州,1.0
20170124,11,CO_24h,亳州,1.0
20170124,12,AQI,亳州,96.0
20170124,12,PM2.5,亳州,72.0
20170124,12,PM2.5_24h,亳州,83.0
20170124,12,PM10,亳州,104.0
20170124,12,PM10_24h,亳州,132.0
20170124,12,SO2,亳州,23.0
20170124,12,SO2_24h,亳州,28.0
20170124,12,NO2,亳州,22.0
20170124,12,NO2_24h,亳州,30.0
20170124,12,O3,亳州,73.0
20170124,12,O3_24h,亳州,93.0
20170124,12,O3_8h,亳州,57.0
20170124,12,O3_8h_24h,亳州,59.0
20170124,12,CO,亳州,0.9
20170124,12,CO_24h,亳州,1.0
20170124,13,AQI,亳州,91.0
20170124,13,PM2.5,亳州,68.0
20170124,13,PM2.5_24h,亳州,83.0
20170124,13,PM10,亳州,73.0
20170124,13,PM10_24h,亳州,129.0
20170124,13,SO2,亳州,24.0
20170124,13,SO2_24h,亳州,28.0
20170124,13,NO2,亳州,21.0
20170124,13,NO2_24h,亳州,29.0
20170124,13,O3,亳州,81.0
20170124,13,O3_24h,亳州,93.0
20170124,13,O3_8h,亳州,61.0
20170124,13,O3_8h_24h,亳州,61.0
20170124,13,CO,亳州,0.9
20170124,13,CO_24h,亳州,1.0
20170124,14,AQI,亳州,79.0
20170124,14,PM2.5,亳州,58.0
20170124,14,PM2.5_24h,亳州,82.0
20170124,14,PM10,亳州,82.0
20170124,14,PM10_24h,亳州,127.0
20170124,14,SO2,亳州,22.0
20170124,14,SO2_24h,亳州,27.0
20170124,14,NO2,亳州,17.0
20170124,14,NO2_24h,亳州,29.0
20170124,14,O3,亳州,91.0
20170124,14,O3_24h,亳州,93.0
20170124,14,O3_8h,亳州,66.0
20170124,14,O3_8h_24h,亳州,66.0
20170124,14,CO,亳州,0.8
20170124,14,CO_24h,亳州,1.0
20170124,15,AQI,亳州,70.0
20170124,15,PM2.5,亳州,51.0
20170124,15,PM2.5_24h,亳州,81.0
20170124,15,PM10,亳州,75.0
20170124,15,PM10_24h,亳州,125.0
20170124,15,SO2,亳州,23.0
20170124,15,SO2_24h,亳州,27.0
20170124,15,NO2,亳州,16.0
20170124,15,NO2_24h,亳州,28.0
20170124,15,O3,亳州,96.0
20170124,15,O3_24h,亳州,96.0
20170124,15,O3_8h,亳州,71.0
20170124,15,O3_8h_24h,亳州,71.0
20170124,15,CO,亳州,0.8
20170124,15,CO_24h,亳州,1.0
20170124,16,AQI,亳州,68.0
20170124,16,PM2.5,亳州,49.0
20170124,16,PM2.5_24h,亳州,80.0
20170124,16,PM10,亳州,78.0
20170124,16,PM10_24h,亳州,121.0
20170124,16,SO2,亳州,25.0
20170124,16,SO2_24h,亳州,27.0
20170124,16,NO2,亳州,17.0
20170124,16,NO2_24h,亳州,28.0
20170124,16,O3,亳州,96.0
20170124,16,O3_24h,亳州,96.0
20170124,16,O3_8h,亳州,77.0
20170124,16,O3_8h_24h,亳州,77.0
20170124,16,CO,亳州,0.8
20170124,16,CO_24h,亳州,0.9
20170124,17,AQI,亳州,71.0
20170124,17,PM2.5,亳州,52.0
20170124,17,PM2.5_24h,亳州,79.0
20170124,17,PM10,亳州,78.0
20170124,17,PM10_24h,亳州,118.0
20170124,17,SO2,亳州,29.0
20170124,17,SO2_24h,亳州,26.0
20170124,17,NO2,亳州,17.0
20170124,17,NO2_24h,亳州,27.0
20170124,17,O3,亳州,93.0
20170124,17,O3_24h,亳州,96.0
20170124,17,O3_8h,亳州,81.0
20170124,17,O3_8h_24h,亳州,81.0
20170124,17,CO,亳州,0.8
20170124,17,CO_24h,亳州,0.9
20170124,18,AQI,亳州,83.0
20170124,18,PM2.5,亳州,61.0
20170124,18,PM2.5_24h,亳州,78.0
20170124,18,PM10,亳州,85.0
20170124,18,PM10_24h,亳州,115.0
20170124,18,SO2,亳州,31.0
20170124,18,SO2_24h,亳州,26.0
20170124,18,NO2,亳州,26.0
20170124,18,NO2_24h,亳州,26.0
20170124,18,O3,亳州,79.0
20170124,18,O3_24h,亳州,96.0
20170124,18,O3_8h,亳州,84.0
20170124,18,O3_8h_24h,亳州,84.0
20170124,18,CO,亳州,0.95
20170124,18,CO_24h,亳州,0.9
20170124,19,AQI,亳州,94.0
20170124,19,PM2.5,亳州,70.0
20170124,19,PM2.5_24h,亳州,76.0
20170124,19,PM10,亳州,125.0
20170124,19,PM10_24h,亳州,113.0
20170124,19,SO2,亳州,34.0
20170124,19,SO2_24h,亳州,26.0
20170124,19,NO2,亳州,31.0
20170124,19,NO2_24h,亳州,26.0
20170124,19,O3,亳州,71.0
20170124,19,O3_24h,亳州,96.0
20170124,19,O3_8h,亳州,85.0
20170124,19,O3_8h_24h,亳州,85.0
20170124,19,CO,亳州,1.05
20170124,19,CO_24h,亳州,0.9
20170124,20,AQI,亳州,118.0
20170124,20,PM2.5,亳州,89.0
20170124,20,PM2.5_24h,亳州,75.0
20170124,20,PM10,亳州,132.0
20170124,20,PM10_24h,亳州,112.0
20170124,20,SO2,亳州,34.0
20170124,20,SO2_24h,亳州,26.0
20170124,20,NO2,亳州,37.0
20170124,20,NO2_24h,亳州,25.0
20170124,20,O3,亳州,65.0
20170124,20,O3_24h,亳州,96.0
20170124,20,O3_8h,亳州,84.0
20170124,20,O3_8h_24h,亳州,85.0
20170124,20,CO,亳州,1.2
20170124,20,CO_24h,亳州,0.9
20170124,21,AQI,亳州,149.0
20170124,21,PM2.5,亳州,114.0
20170124,21,PM2.5_24h,亳州,76.0
20170124,21,PM10,亳州,163.0
20170124,21,PM10_24h,亳州,111.0
20170124,21,SO2,亳州,35.0
20170124,21,SO2_24h,亳州,26.0
20170124,21,NO2,亳州,38.0
20170124,21,NO2_24h,亳州,25.0
20170124,21,O3,亳州,58.0
20170124,21,O3_24h,亳州,96.0
20170124,21,O3_8h,亳州,81.0
20170124,21,O3_8h_24h,亳州,85.0
20170124,21,CO,亳州,1.2
20170124,21,CO_24h,亳州,0.9
20170124,22,AQI,亳州,148.0
20170124,22,PM2.5,亳州,113.0
20170124,22,PM2.5_24h,亳州,76.0
20170124,22,PM10,亳州,169.0
20170124,22,PM10_24h,亳州,111.0
20170124,22,SO2,亳州,36.0
20170124,22,SO2_24h,亳州,27.0
20170124,22,NO2,亳州,31.0
20170124,22,NO2_24h,亳州,25.0
20170124,22,O3,亳州,60.0
20170124,22,O3_24h,亳州,96.0
20170124,22,O3_8h,亳州,77.0
20170124,22,O3_8h_24h,亳州,85.0
20170124,22,CO,亳州,1.2
20170124,22,CO_24h,亳州,0.95
20170124,23,AQI,亳州,113.0
20170124,23,PM2.5,亳州,85.0
20170124,23,PM2.5_24h,亳州,76.0
20170124,23,PM10,亳州,144.0
20170124,23,PM10_24h,亳州,110.0
20170124,23,SO2,亳州,33.0
20170124,23,SO2_24h,亳州,27.0
20170124,23,NO2,亳州,24.0
20170124,23,NO2_24h,亳州,25.0
20170124,23,O3,亳州,63.0
20170124,23,O3_24h,亳州,96.0
20170124,23,O3_8h,亳州,73.0
20170124,23,O3_8h_24h,亳州,85.0
20170124,23,CO,亳州,1.0
20170124,23,CO_24h,亳州,0.95
20170124,0,AQI,池州,136.0
20170124,0,PM2.5,池州,104.0
20170124,0,PM2.5_24h,池州,86.0
20170124,0,PM10_24h,池州,124.0
20170124,0,SO2,池州,11.0
20170124,0,SO2_24h,池州,20.0
20170124,0,NO2,池州,23.0
20170124,0,NO2_24h,池州,28.0
20170124,0,O3,池州,67.0
20170124,0,O3_24h,池州,102.0
20170124,0,O3_8h,池州,84.0
20170124,0,O3_8h_24h,池州,92.0
20170124,0,CO,池州,0.7
20170124,0,CO_24h,池州,0.9
20170124,1,AQI,池州,98.0
20170124,1,PM2.5,池州,73.0
20170124,1,PM2.5_24h,池州,85.0
20170124,1,PM10,池州,90.0
20170124,1,PM10_24h,池州,123.0
20170124,1,SO2,池州,12.0
20170124,1,SO2_24h,池州,20.0
20170124,1,NO2,池州,22.0
20170124,1,NO2_24h,池州,28.0
20170124,1,O3,池州,62.0
20170124,1,O3_24h,池州,102.0
20170124,1,O3_8h,池州,62.0
20170124,1,O3_8h_24h,池州,62.0
20170124,1,CO,池州,0.7
20170124,1,CO_24h,池州,0.9
20170124,2,AQI,池州,94.0
20170124,2,PM2.5,池州,70.0
20170124,2,PM2.5_24h,池州,84.0
20170124,2,PM10,池州,98.0
20170124,2,PM10_24h,池州,121.0
20170124,2,SO2,池州,11.0
20170124,2,SO2_24h,池州,19.0
20170124,2,NO2,池州,24.0
20170124,2,NO2_24h,池州,28.0
20170124,2,O3,池州,57.0
20170124,2,O3_24h,池州,102.0
20170124,2,O3_8h,池州,60.0
20170124,2,O3_8h_24h,池州,62.0
20170124,2,CO,池州,0.7
20170124,2,CO_24h,池州,0.9
20170124,3,AQI,池州,113.0
20170124,3,PM2.5,池州,85.0
20170124,3,PM2.5_24h,池州,85.0
20170124,3,PM10,池州,86.0
20170124,3,PM10_24h,池州,119.0
20170124,3,SO2,池州,11.0
20170124,3,SO2_24h,池州,19.0
20170124,3,NO2,池州,23.0
20170124,3,NO2_24h,池州,28.0
20170124,3,O3,池州,56.0
20170124,3,O3_24h,池州,102.0
20170124,3,O3_8h,池州,58.0
20170124,3,O3_8h_24h,池州,62.0
20170124,3,CO,池州,0.7
20170124,3,CO_24h,池州,0.9
20170124,4,AQI,池州,114.0
20170124,4,PM2.5,池州,86.0
20170124,4,PM2.5_24h,池州,85.0
20170124,4,PM10,池州,86.0
20170124,4,PM10_24h,池州,118.0
20170124,4,SO2,池州,11.0
20170124,4,SO2_24h,池州,19.0
20170124,4,NO2,池州,21.0
20170124,4,NO2_24h,池州,27.0
20170124,4,O3,池州,55.0
20170124,4,O3_24h,池州,102.0
20170124,4,O3_8h,池州,58.0
20170124,4,O3_8h_24h,池州,62.0
20170124,4,CO,池州,0.7
20170124,4,CO_24h,池州,0.9
20170124,5,AQI,池州,115.0
20170124,5,PM2.5,池州,87.0
20170124,5,PM2.5_24h,池州,85.0
20170124,5,PM10_24h,池州,118.0
20170124,5,SO2,池州,11.0
20170124,5,SO2_24h,池州,18.0
20170124,5,NO2,池州,21.0
20170124,5,NO2_24h,池州,27.0
20170124,5,O3,池州,50.0
20170124,5,O3_24h,池州,102.0
20170124,5,O3_8h,池州,56.0
20170124,5,O3_8h_24h,池州,62.0
20170124,5,CO,池州,0.7
20170124,5,CO_24h,池州,0.9
20170124,6,AQI,池州,114.0
20170124,6,PM2.5,池州,86.0
20170124,6,PM2.5_24h,池州,84.0
20170124,6,PM10_24h,池州,117.0
20170124,6,SO2,池州,13.0
20170124,6,SO2_24h,池州,18.0
20170124,6,NO2,池州,25.0
20170124,6,NO2_24h,池州,26.0
20170124,6,O3,池州,45.0
20170124,6,O3_24h,池州,102.0
20170124,6,O3_8h,池州,54.0
20170124,6,O3_8h_24h,池州,62.0
20170124,6,CO,池州,0.7
20170124,6,CO_24h,池州,0.8
20170124,7,AQI,池州,105.0
20170124,7,PM2.5,池州,79.0
20170124,7,PM2.5_24h,池州,84.0
20170124,7,PM10,池州,97.0
20170124,7,PM10_24h,池州,115.0
20170124,7,SO2,池州,12.0
20170124,7,SO2_24h,池州,18.0
20170124,7,NO2,池州,27.0
20170124,7,NO2_24h,池州,26.0
20170124,7,O3,池州,41.0
20170124,7,O3_24h,池州,102.0
20170124,7,O3_8h,池州,52.0
20170124,7,O3_8h_24h,池州,62.0
20170124,7,CO,池州,0.7
20170124,7,CO_24h,池州,0.8
20170124,8,AQI,池州,114.0
20170124,8,PM2.5,池州,86.0
20170124,8,PM2.5_24h,池州,84.0
20170124,8,PM10,池州,92.0
20170124,8,PM10_24h,池州,113.0
20170124,8,SO2,池州,15.0
20170124,8,SO2_24h,池州,18.0
20170124,8,NO2,池州,32.0
20170124,8,NO2_24h,池州,26.0
20170124,8,O3,池州,33.0
20170124,8,O3_24h,池州,102.0
20170124,8,O3_8h,池州,50.0
20170124,8,O3_8h_24h,池州,62.0
20170124,8,CO,池州,0.7
20170124,8,CO_24h,池州,0.8
20170124,9,AQI,池州,108.0
20170124,9,PM2.5,池州,81.0
20170124,9,PM2.5_24h,池州,83.0
20170124,9,PM10,池州,93.0
20170124,9,PM10_24h,池州,112.0
20170124,9,SO2,池州,19.0
20170124,9,SO2_24h,池州,18.0
20170124,9,NO2,池州,35.0
20170124,9,NO2_24h,池州,26.0
20170124,9,O3,池州,33.0
20170124,9,O3_24h,池州,102.0
20170124,9,O3_8h,池州,46.0
20170124,9,O3_8h_24h,池州,62.0
20170124,9,CO,池州,0.8
20170124,9,CO_24h,池州,0.8
20170124,10,AQI,池州,96.0
20170124,10,PM2.5,池州,72.0
20170124,10,PM2.5_24h,池州,83.0
20170124,10,PM10,池州,89.0
20170124,10,PM10_24h,池州,109.0
20170124,10,SO2,池州,30.0
20170124,10,SO2_24h,池州,18.0
20170124,10,NO2,池州,32.0
20170124,10,NO2_24h,池州,26.0
20170124,10,O3,池州,44.0
20170124,10,O3_24h,池州,102.0
20170124,10,O3_8h,池州,45.0
20170124,10,O3_8h_24h,池州,62.0
20170124,10,CO,池州,0.8
20170124,10,CO_24h,池州,0.8
20170124,11,AQI,池州,106.0
20170124,11,PM2.5,池州,80.0
20170124,11,PM2.5_24h,池州,83.0
20170124,11,PM10,池州,102.0
20170124,11,PM10_24h,池州,107.0
20170124,11,SO2,池州,13.0
20170124,11,SO2_24h,池州,17.0
20170124,11,NO2,池州,24.0
20170124,11,NO2_24h,池州,26.0
20170124,11,O3,池州,61.0
20170124,11,O3_24h,池州,102.0
20170124,11,O3_8h,池州,45.0
20170124,11,O3_8h_24h,池州,62.0
20170124,11,CO,池州,0.7
20170124,11,CO_24h,池州,0.8
20170124,12,AQI,池州,90.0
20170124,12,PM2.5,池州,67.0
20170124,12,PM2.5_24h,池州,83.0
20170124,12,PM10,池州,89.0
20170124,12,PM10_24h,池州,104.0
20170124,12,SO2,池州,20.0
20170124,12,SO2_24h,池州,18.0
20170124,12,NO2,池州,38.0
20170124,12,NO2_24h,池州,27.0
20170124,12,O3,池州,55.0
20170124,12,O3_24h,池州,102.0
20170124,12,O3_8h,池州,45.0
20170124,12,O3_8h_24h,池州,62.0
20170124,12,CO,池州,0.8
20170124,12,CO_24h,池州,0.8
20170124,13,AQI,池州,104.0
20170124,13,PM2.5,池州,78.0
20170124,13,PM2.5_24h,池州,83.0
20170124,13,PM10,池州,117.0
20170124,13,PM10_24h,池州,104.0
20170124,13,SO2,池州,18.0
20170124,13,SO2_24h,池州,18.0
20170124,13,NO2,池州,32.0
20170124,13,NO2_24h,池州,27.0
20170124,13,O3,池州,77.0
20170124,13,O3_24h,池州,102.0
20170124,13,O3_8h,池州,49.0
20170124,13,O3_8h_24h,池州,62.0
20170124,13,CO,池州,0.8
20170124,13,CO_24h,池州,0.8
20170124,14,AQI,池州,94.0
20170124,14,PM2.5,池州,70.0
20170124,14,PM2.5_24h,池州,83.0
20170124,14,PM10,池州,108.0
20170124,14,PM10_24h,池州,103.0
20170124,14,SO2,池州,31.0
20170124,14,SO2_24h,池州,17.0
20170124,14,NO2,池州,38.0
20170124,14,NO2_24h,池州,27.0
20170124,14,O3,池州,74.0
20170124,14,O3_24h,池州,102.0
20170124,14,O3_8h,池州,52.0
20170124,14,O3_8h_24h,池州,62.0
20170124,14,CO,池州,0.8
20170124,14,CO_24h,池州,0.8
20170124,15,AQI,池州,83.0
20170124,15,PM2.5,池州,61.0
20170124,15,PM2.5_24h,池州,82.0
20170124,15,PM10,池州,101.0
20170124,15,PM10_24h,池州,100.0
20170124,15,SO2,池州,25.0
20170124,15,SO2_24h,池州,18.0
20170124,15,NO2,池州,32.0
20170124,15,NO2_24h,池州,27.0
20170124,15,O3,池州,81.0
20170124,15,O3_24h,池州,98.0
20170124,15,O3_8h,池州,57.0
20170124,15,O3_8h_24h,池州,62.0
20170124,15,CO,池州,0.7
20170124,15,CO_24h,池州,0.7
20170124,16,AQI,池州,88.0
20170124,16,PM2.5,池州,65.0
20170124,16,PM2.5_24h,池州,81.0
20170124,16,PM10,池州,97.0
20170124,16,PM10_24h,池州,100.0
20170124,16,SO2,池州,28.0
20170124,16,SO2_24h,池州,17.0
20170124,16,NO2,池州,31.0
20170124,16,NO2_24h,池州,27.0
20170124,16,O3,池州,77.0
20170124,16,O3_24h,池州,96.0
20170124,16,O3_8h,池州,63.0
20170124,16,O3_8h_24h,池州,63.0
20170124,16,CO,池州,0.6
20170124,16,CO_24h,池州,0.7
20170124,17,AQI,池州,93.0
20170124,17,PM2.5,池州,69.0
20170124,17,PM2.5_24h,池州,80.0
20170124,17,PM10,池州,97.0
20170124,17,PM10_24h,池州,99.0
20170124,17,SO2,池州,35.0
20170124,17,SO2_24h,池州,17.0
20170124,17,NO2,池州,31.0
20170124,17,NO2_24h,池州,27.0
20170124,17,O3,池州,82.0
20170124,17,O3_24h,池州,92.0
20170124,17,O3_8h,池州,69.0
20170124,17,O3_8h_24h,池州,69.0
20170124,17,CO,池州,0.5
20170124,17,CO_24h,池州,0.7
20170124,18,AQI,池州,91.0
20170124,18,PM2.5,池州,68.0
20170124,18,PM2.5_24h,池州,78.0
20170124,18,PM10,池州,91.0
20170124,18,PM10_24h,池州,98.0
20170124,18,SO2,池州,50.0
20170124,18,SO2_24h,池州,18.0
20170124,18,NO2,池州,35.0
20170124,18,NO2_24h,池州,27.0
20170124,18,O3,池州,70.0
20170124,18,O3_24h,池州,92.0
20170124,18,O3_8h,池州,72.0
20170124,18,O3_8h_24h,池州,72.0
20170124,18,CO,池州,1.0
20170124,18,CO_24h,池州,0.7
20170124,19,AQI,池州,76.0
20170124,19,PM2.5,池州,56.0
20170124,19,PM2.5_24h,池州,76.0
20170124,19,PM10,池州,85.0
20170124,19,PM10_24h,池州,96.0
20170124,19,SO2,池州,40.0
20170124,19,SO2_24h,池州,19.0
20170124,19,NO2,池州,47.0
20170124,19,NO2_24h,池州,28.0
20170124,19,O3,池州,53.0
20170124,19,O3_24h,池州,92.0
20170124,19,O3_8h,池州,71.0
20170124,19,O3_8h_24h,池州,72.0
20170124,19,CO,池州,0.9
20170124,19,CO_24h,池州,0.7
20170124,20,AQI,池州,80.0
20170124,20,PM2.5,池州,59.0
20170124,20,PM2.5_24h,池州,76.0
20170124,20,PM10,池州,101.0
20170124,20,PM10_24h,池州,96.0
20170124,20,SO2,池州,17.0
20170124,20,SO2_24h,池州,20.0
20170124,20,NO2,池州,41.0
20170124,20,NO2_24h,池州,29.0
20170124,20,O3,池州,54.0
20170124,20,O3_24h,池州,89.0
20170124,20,O3_8h,池州,71.0
20170124,20,O3_8h_24h,池州,72.0
20170124,20,CO,池州,0.7
20170124,20,CO_24h,池州,0.7
20170124,21,AQI,池州,84.0
20170124,21,PM2.5,池州,62.0
20170124,21,PM2.5_24h,池州,75.0
20170124,21,PM10,池州,97.0
20170124,21,PM10_24h,池州,95.0
20170124,21,SO2,池州,14.0
20170124,21,SO2_24h,池州,20.0
20170124,21,NO2,池州,39.0
20170124,21,NO2_24h,池州,30.0
20170124,21,O3,池州,50.0
20170124,21,O3_24h,池州,82.0
20170124,21,O3_8h,池州,68.0
20170124,21,O3_8h_24h,池州,72.0
20170124,21,CO,池州,0.6
20170124,21,CO_24h,池州,0.7
20170124,22,AQI,池州,75.0
20170124,22,PM2.5,池州,55.0
20170124,22,PM2.5_24h,池州,74.0
20170124,22,PM10,池州,81.0
20170124,22,PM10_24h,池州,95.0
20170124,22,SO2,池州,50.0
20170124,22,SO2_24h,池州,21.0
20170124,22,NO2,池州,49.0
20170124,22,NO2_24h,池州,31.0
20170124,22,O3,池州,30.0
20170124,22,O3_24h,池州,82.0
20170124,22,O3_8h,池州,62.0
20170124,22,O3_8h_24h,池州,72.0
20170124,22,CO,池州,0.6
20170124,22,CO_24h,池州,0.7
20170124,23,AQI,池州,89.0
20170124,23,PM2.5,池州,66.0
20170124,23,PM2.5_24h,池州,74.0
20170124,23,PM10,池州,96.0
20170124,23,PM10_24h,池州,95.0
20170124,23,SO2,池州,366.0
20170124,23,SO2_24h,池州,36.0
20170124,23,NO2,池州,65.0
20170124,23,NO2_24h,池州,33.0
20170124,23,O3,池州,21.0
20170124,23,O3_24h,池州,82.0
20170124,23,O3_8h,池州,55.0
20170124,23,O3_8h_24h,池州,72.0
20170124,23,CO,池州,1.2
20170124,23,CO_24h,池州,0.7
20170124,0,AQI,宣城,79.0
20170124,0,PM2.5,宣城,58.0
20170124,0,PM2.5_24h,宣城,72.0
20170124,0,PM10,宣城,76.0
20170124,0,PM10_24h,宣城,103.0
20170124,0,SO2,宣城,21.0
20170124,0,SO2_24h,宣城,19.0
20170124,0,NO2,宣城,31.0
20170124,0,NO2_24h,宣城,32.0
20170124,0,O3,宣城,32.0
20170124,0,O3_24h,宣城,68.0
20170124,0,O3_8h,宣城,43.0
20170124,0,O3_8h_24h,宣城,56.0
20170124,0,CO,宣城,0.87
20170124,0,CO_24h,宣城,1.07
20170124,1,AQI,宣城,80.0
20170124,1,PM2.5,宣城,59.0
20170124,1,PM2.5_24h,宣城,71.0
20170124,1,PM10,宣城,81.0
20170124,1,PM10_24h,宣城,102.0
20170124,1,SO2,宣城,19.0
20170124,1,SO2_24h,宣城,19.0
20170124,1,NO2,宣城,32.0
20170124,1,NO2_24h,宣城,31.0
20170124,1,O3,宣城,35.0
20170124,1,O3_24h,宣城,68.0
20170124,1,O3_8h,宣城,35.0
20170124,1,O3_8h_24h,宣城,35.0
20170124,1,CO,宣城,0.87
20170124,1,CO_24h,宣城,1.03
20170124,2,AQI,宣城,80.0
20170124,2,PM2.5,宣城,59.0
20170124,2,PM2.5_24h,宣城,70.0
20170124,2,PM10,宣城,62.0
20170124,2,PM10_24h,宣城,101.0
20170124,2,SO2,宣城,16.0
20170124,2,SO2_24h,宣城,19.0
20170124,2,NO2,宣城,27.0
20170124,2,NO2_24h,宣城,31.0
20170124,2,O3,宣城,38.0
20170124,2,O3_24h,宣城,68.0
20170124,2,O3_8h,宣城,36.0
20170124,2,O3_8h_24h,宣城,36.0
20170124,2,CO,宣城,0.83
20170124,2,CO_24h,宣城,1.03
20170124,3,AQI,宣城,88.0
20170124,3,PM2.5,宣城,65.0
20170124,3,PM2.5_24h,宣城,70.0
20170124,3,PM10,宣城,60.0
20170124,3,PM10_24h,宣城,101.0
20170124,3,SO2,宣城,18.0
20170124,3,SO2_24h,宣城,19.0
20170124,3,NO2,宣城,32.0
20170124,3,NO2_24h,宣城,30.0
20170124,3,O3,宣城,35.0
20170124,3,O3_24h,宣城,68.0
20170124,3,O3_8h,宣城,36.0
20170124,3,O3_8h_24h,宣城,37.0
20170124,3,CO,宣城,0.83
20170124,3,CO_24h,宣城,1.03
20170124,4,AQI,宣城,74.0
20170124,4,PM2.5,宣城,54.0
20170124,4,PM2.5_24h,宣城,69.0
20170124,4,PM10,宣城,84.0
20170124,4,PM10_24h,宣城,101.0
20170124,4,SO2,宣城,18.0
20170124,4,SO2_24h,宣城,19.0
20170124,4,NO2,宣城,32.0
20170124,4,NO2_24h,宣城,31.0
20170124,4,O3,宣城,31.0
20170124,4,O3_24h,宣城,68.0
20170124,4,O3_8h,宣城,35.0
20170124,4,O3_8h_24h,宣城,37.0
20170124,4,CO,宣城,0.83
20170124,4,CO_24h,宣城,1.03
20170124,5,AQI,宣城,74.0
20170124,5,PM2.5,宣城,54.0
20170124,5,PM2.5_24h,宣城,68.0
20170124,5,PM10,宣城,71.0
20170124,5,PM10_24h,宣城,99.0
20170124,5,SO2,宣城,17.0
20170124,5,SO2_24h,宣城,19.0
20170124,5,NO2,宣城,27.0
20170124,5,NO2_24h,宣城,30.0
20170124,5,O3,宣城,34.0
20170124,5,O3_24h,宣城,68.0
20170124,5,O3_8h,宣城,35.0
20170124,5,O3_8h_24h,宣城,37.0
20170124,5,CO,宣城,0.83
20170124,5,CO_24h,宣城,1.03
20170124,6,AQI,宣城,74.0
20170124,6,PM2.5,宣城,54.0
20170124,6,PM2.5_24h,宣城,67.0
20170124,6,PM10,宣城,74.0
20170124,6,PM10_24h,宣城,98.0
20170124,6,SO2,宣城,17.0
20170124,6,SO2_24h,宣城,19.0
20170124,6,NO2,宣城,26.0
20170124,6,NO2_24h,宣城,29.0
20170124,6,O3,宣城,33.0
20170124,6,O3_24h,宣城,68.0
20170124,6,O3_8h,宣城,34.0
20170124,6,O3_8h_24h,宣城,37.0
20170124,6,CO,宣城,0.83
20170124,6,CO_24h,宣城,0.97
20170124,7,AQI,宣城,79.0
20170124,7,PM2.5,宣城,58.0
20170124,7,PM2.5_24h,宣城,66.0
20170124,7,PM10,宣城,67.0
20170124,7,PM10_24h,宣城,97.0
20170124,7,SO2,宣城,16.0
20170124,7,SO2_24h,宣城,19.0
20170124,7,NO2,宣城,33.0
20170124,7,NO2_24h,宣城,29.0
20170124,7,O3,宣城,29.0
20170124,7,O3_24h,宣城,68.0
20170124,7,O3_8h,宣城,34.0
20170124,7,O3_8h_24h,宣城,37.0
20170124,7,CO,宣城,0.87
20170124,7,CO_24h,宣城,0.93
20170124,8,AQI,宣城,81.0
20170124,8,PM2.5,宣城,60.0
20170124,8,PM2.5_24h,宣城,65.0
20170124,8,PM10,宣城,65.0
20170124,8,PM10_24h,宣城,97.0
20170124,8,SO2,宣城,20.0
20170124,8,SO2_24h,宣城,19.0
20170124,8,NO2,宣城,33.0
20170124,8,NO2_24h,宣城,28.0
20170124,8,O3,宣城,32.0
20170124,8,O3_24h,宣城,68.0
20170124,8,O3_8h,宣城,33.0
20170124,8,O3_8h_24h,宣城,37.0
20170124,8,CO,宣城,0.9
20170124,8,CO_24h,宣城,0.93
20170124,9,AQI,宣城,79.0
20170124,9,PM2.5,宣城,58.0
20170124,9,PM2.5_24h,宣城,64.0
20170124,9,PM10,宣城,73.0
20170124,9,PM10_24h,宣城,95.0
20170124,9,SO2,宣城,14.0
20170124,9,SO2_24h,宣城,19.0
20170124,9,NO2,宣城,27.0
20170124,9,NO2_24h,宣城,27.0
20170124,9,O3,宣城,37.0
20170124,9,O3_24h,宣城,68.0
20170124,9,O3_8h,宣城,34.0
20170124,9,O3_8h_24h,宣城,37.0
20170124,9,CO,宣城,0.93
20170124,9,CO_24h,宣城,0.93
20170124,10,AQI,宣城,74.0
20170124,10,PM2.5,宣城,54.0
20170124,10,PM2.5_24h,宣城,62.0
20170124,10,PM10,宣城,76.0
20170124,10,PM10_24h,宣城,89.0
20170124,10,SO2,宣城,14.0
20170124,10,SO2_24h,宣城,19.0
20170124,10,NO2,宣城,17.0
20170124,10,NO2_24h,宣城,26.0
20170124,10,O3,宣城,42.0
20170124,10,O3_24h,宣城,68.0
20170124,10,O3_8h,宣城,34.0
20170124,10,O3_8h_24h,宣城,37.0
20170124,10,CO,宣城,0.83
20170124,10,CO_24h,宣城,0.9
20170124,11,AQI,宣城,69.0
20170124,11,PM2.5,宣城,50.0
20170124,11,PM2.5_24h,宣城,61.0
20170124,11,PM10,宣城,68.0
20170124,11,PM10_24h,宣城,83.0
20170124,11,SO2,宣城,15.0
20170124,11,SO2_24h,宣城,19.0
20170124,11,NO2,宣城,16.0
20170124,11,NO2_24h,宣城,26.0
20170124,11,O3,宣城,51.0
20170124,11,O3_24h,宣城,68.0
20170124,11,O3_8h,宣城,36.0
20170124,11,O3_8h_24h,宣城,38.0
20170124,11,CO,宣城,0.8
20170124,11,CO_24h,宣城,0.87
20170124,12,AQI,宣城,61.0
20170124,12,PM2.5,宣城,44.0
20170124,12,PM2.5_24h,宣城,59.0
20170124,12,PM10,宣城,57.0
20170124,12,PM10_24h,宣城,81.0
20170124,12,SO2,宣城,16.0
20170124,12,SO2_24h,宣城,19.0
20170124,12,NO2,宣城,14.0
20170124,12,NO2_24h,宣城,25.0
20170124,12,O3,宣城,52.0
20170124,12,O3_24h,宣城,68.0
20170124,12,O3_8h,宣城,39.0
20170124,12,O3_8h_24h,宣城,39.0
20170124,12,CO,宣城,0.73
20170124,12,CO_24h,宣城,0.87
20170124,13,AQI,宣城,59.0
20170124,13,PM2.5,宣城,42.0
20170124,13,PM2.5_24h,宣城,58.0
20170124,13,PM10,宣城,48.0
20170124,13,PM10_24h,宣城,78.0
20170124,13,SO2,宣城,16.0
20170124,13,SO2_24h,宣城,18.0
20170124,13,NO2,宣城,15.0
20170124,13,NO2_24h,宣城,25.0
20170124,13,O3,宣城,53.0
20170124,13,O3_24h,宣城,68.0
20170124,13,O3_8h,宣城,41.0
20170124,13,O3_8h_24h,宣城,41.0
20170124,13,CO,宣城,0.73
20170124,13,CO_24h,宣城,0.87
20170124,14,AQI,宣城,59.0
20170124,14,PM2.5,宣城,37.0
20170124,14,PM2.5_24h,宣城,57.0
20170124,14,PM10,宣城,67.0
20170124,14,PM10_24h,宣城,77.0
20170124,14,SO2,宣城,18.0
20170124,14,SO2_24h,宣城,18.0
20170124,14,NO2,宣城,15.0
20170124,14,NO2_24h,宣城,25.0
20170124,14,O3,宣城,52.0
20170124,14,O3_24h,宣城,68.0
20170124,14,O3_8h,宣城,43.0
20170124,14,O3_8h_24h,宣城,43.0
20170124,14,CO,宣城,0.7
20170124,14,CO_24h,宣城,0.87
20170124,15,AQI,宣城,59.0
20170124,15,PM2.5,宣城,31.0
20170124,15,PM2.5_24h,宣城,55.0
20170124,15,PM10,宣城,67.0
20170124,15,PM10_24h,宣城,76.0
20170124,15,SO2,宣城,18.0
20170124,15,SO2_24h,宣城,18.0
20170124,15,NO2,宣城,13.0
20170124,15,NO2_24h,宣城,25.0
20170124,15,O3,宣城,59.0
20170124,15,O3_24h,宣城,67.0
20170124,15,O3_8h,宣城,47.0
20170124,15,O3_8h_24h,宣城,47.0
20170124,15,CO,宣城,0.7
20170124,15,CO_24h,宣城,0.87
20170124,16,AQI,宣城,51.0
20170124,16,PM2.5,宣城,36.0
20170124,16,PM2.5_24h,宣城,54.0
20170124,16,PM10,宣城,49.0
20170124,16,PM10_24h,宣城,74.0
20170124,16,SO2,宣城,15.0
20170124,16,SO2_24h,宣城,18.0
20170124,16,NO2,宣城,14.0
20170124,16,NO2_24h,宣城,25.0
20170124,16,O3,宣城,54.0
20170124,16,O3_24h,宣城,63.0
20170124,16,O3_8h,宣城,50.0
20170124,16,O3_8h_24h,宣城,50.0
20170124,16,CO,宣城,0.7
20170124,16,CO_24h,宣城,0.87
20170124,17,AQI,宣城,58.0
20170124,17,PM2.5,宣城,41.0
20170124,17,PM2.5_24h,宣城,53.0
20170124,17,PM10,宣城,63.0
20170124,17,PM10_24h,宣城,72.0
20170124,17,SO2,宣城,17.0
20170124,17,SO2_24h,宣城,18.0
20170124,17,NO2,宣城,18.0
20170124,17,NO2_24h,宣城,25.0
20170124,17,O3,宣城,49.0
20170124,17,O3_24h,宣城,62.0
20170124,17,O3_8h,宣城,51.0
20170124,17,O3_8h_24h,宣城,51.0
20170124,17,CO,宣城,0.73
20170124,17,CO_24h,宣城,0.87
20170124,18,AQI,宣城,74.0
20170124,18,PM2.5,宣城,54.0
20170124,18,PM2.5_24h,宣城,53.0
20170124,18,PM10,宣城,73.0
20170124,18,PM10_24h,宣城,71.0
20170124,18,SO2,宣城,18.0
20170124,18,SO2_24h,宣城,18.0
20170124,18,NO2,宣城,23.0
20170124,18,NO2_24h,宣城,25.0
20170124,18,O3,宣城,54.0
20170124,18,O3_24h,宣城,61.0
20170124,18,O3_8h,宣城,53.0
20170124,18,O3_8h_24h,宣城,53.0
20170124,18,CO,宣城,0.77
20170124,18,CO_24h,宣城,0.83
20170124,19,AQI,宣城,73.0
20170124,19,PM2.5,宣城,53.0
20170124,19,PM2.5_24h,宣城,53.0
20170124,19,PM10,宣城,73.0
20170124,19,PM10_24h,宣城,70.0
20170124,19,SO2,宣城,20.0
20170124,19,SO2_24h,宣城,17.0
20170124,19,NO2,宣城,26.0
20170124,19,NO2_24h,宣城,24.0
20170124,19,O3,宣城,48.0
20170124,19,O3_24h,宣城,61.0
20170124,19,O3_8h,宣城,53.0
20170124,19,O3_8h_24h,宣城,53.0
20170124,19,CO,宣城,0.77
20170124,19,CO_24h,宣城,0.83
20170124,20,AQI,宣城,69.0
20170124,20,PM2.5,宣城,50.0
20170124,20,PM2.5_24h,宣城,52.0
20170124,20,PM10,宣城,69.0
20170124,20,PM10_24h,宣城,69.0
20170124,20,SO2,宣城,19.0
20170124,20,SO2_24h,宣城,17.0
20170124,20,NO2,宣城,27.0
20170124,20,NO2_24h,宣城,25.0
20170124,20,O3,宣城,44.0
20170124,20,O3_24h,宣城,61.0
20170124,20,O3_8h,宣城,52.0
20170124,20,O3_8h_24h,宣城,53.0
20170124,20,CO,宣城,0.77
20170124,20,CO_24h,宣城,0.83
20170124,21,AQI,宣城,75.0
20170124,21,PM2.5,宣城,55.0
20170124,21,PM2.5_24h,宣城,52.0
20170124,21,PM10,宣城,81.0
20170124,21,PM10_24h,宣城,69.0
20170124,21,SO2,宣城,19.0
20170124,21,SO2_24h,宣城,17.0
20170124,21,NO2,宣城,19.0
20170124,21,NO2_24h,宣城,24.0
20170124,21,O3,宣城,49.0
20170124,21,O3_24h,宣城,63.0
20170124,21,O3_8h,宣城,51.0
20170124,21,O3_8h_24h,宣城,53.0
20170124,21,CO,宣城,0.77
20170124,21,CO_24h,宣城,0.83
20170124,22,AQI,宣城,69.0
20170124,22,PM2.5,宣城,50.0
20170124,22,PM2.5_24h,宣城,52.0
20170124,22,PM10,宣城,60.0
20170124,22,PM10_24h,宣城,68.0
20170124,22,SO2,宣城,16.0
20170124,22,SO2_24h,宣城,17.0
20170124,22,NO2,宣城,18.0
20170124,22,NO2_24h,宣城,23.0
20170124,22,O3,宣城,50.0
20170124,22,O3_24h,宣城,63.0
20170124,22,O3_8h,宣城,51.0
20170124,22,O3_8h_24h,宣城,54.0
20170124,22,CO,宣城,0.77
20170124,22,CO_24h,宣城,0.77
20170124,23,AQI,宣城,65.0
20170124,23,PM2.5,宣城,47.0
20170124,23,PM2.5_24h,宣城,51.0
20170124,23,PM10,宣城,62.0
20170124,23,PM10_24h,宣城,68.0
20170124,23,SO2,宣城,17.0
20170124,23,SO2_24h,宣城,17.0
20170124,23,NO2,宣城,18.0
20170124,23,NO2_24h,宣城,23.0
20170124,23,O3,宣城,49.0
20170124,23,O3_24h,宣城,63.0
20170124,23,O3_8h,宣城,50.0
20170124,23,O3_8h_24h,宣城,54.0
20170124,23,CO,宣城,0.77
20170124,23,CO_24h,宣城,0.77
20170124,0,AQI,莆田,44.0
20170124,0,PM2.5,莆田,30.0
20170124,0,PM2.5_24h,莆田,39.0
20170124,0,PM10,莆田,44.0
20170124,0,PM10_24h,莆田,60.0
20170124,0,SO2,莆田,12.0
20170124,0,SO2_24h,莆田,12.0
20170124,0,NO2,莆田,12.0
20170124,0,NO2_24h,莆田,16.0
20170124,0,O3,莆田,122.0
20170124,0,O3_24h,莆田,134.0
20170124,0,O3_8h,莆田,128.0
20170124,0,O3_8h_24h,莆田,129.0
20170124,0,CO,莆田,0.53
20170124,0,CO_24h,莆田,0.63
20170124,1,AQI,莆田,41.0
20170124,1,PM2.5,莆田,24.0
20170124,1,PM2.5_24h,莆田,38.0
20170124,1,PM10,莆田,41.0
20170124,1,PM10_24h,莆田,59.0
20170124,1,SO2,莆田,10.0
20170124,1,SO2_24h,莆田,12.0
20170124,1,NO2,莆田,10.0
20170124,1,NO2_24h,莆田,16.0
20170124,1,O3,莆田,116.0
20170124,1,O3_24h,莆田,134.0
20170124,1,O3_8h,莆田,116.0
20170124,1,O3_8h_24h,莆田,116.0
20170124,1,CO,莆田,0.45
20170124,1,CO_24h,莆田,0.63
20170124,2,AQI,莆田,36.0
20170124,2,PM2.5,莆田,22.0
20170124,2,PM2.5_24h,莆田,37.0
20170124,2,PM10,莆田,36.0
20170124,2,PM10_24h,莆田,58.0
20170124,2,SO2,莆田,9.0
20170124,2,SO2_24h,莆田,12.0
20170124,2,NO2,莆田,9.0
20170124,2,NO2_24h,莆田,16.0
20170124,2,O3,莆田,110.0
20170124,2,O3_24h,莆田,134.0
20170124,2,O3_8h,莆田,113.0
20170124,2,O3_8h_24h,莆田,116.0
20170124,2,CO,莆田,0.45
20170124,2,CO_24h,莆田,0.65
20170124,3,AQI,莆田,33.0
20170124,3,PM2.5,莆田,20.0
20170124,3,PM2.5_24h,莆田,36.0
20170124,3,PM10,莆田,32.0
20170124,3,PM10_24h,莆田,56.0
20170124,3,SO2,莆田,9.0
20170124,3,SO2_24h,莆田,12.0
20170124,3,NO2,莆田,10.0
20170124,3,NO2_24h,莆田,16.0
20170124,3,O3,莆田,105.0
20170124,3,O3_24h,莆田,134.0
20170124,3,O3_8h,莆田,110.0
20170124,3,O3_8h_24h,莆田,116.0
20170124,3,CO,莆田,0.42
20170124,3,CO_24h,莆田,0.63
20170124,4,AQI,莆田,32.0
20170124,4,PM2.5,莆田,19.0
20170124,4,PM2.5_24h,莆田,36.0
20170124,4,PM10,莆田,32.0
20170124,4,PM10_24h,莆田,55.0
20170124,4,SO2,莆田,10.0
20170124,4,SO2_24h,莆田,12.0
20170124,4,NO2,莆田,13.0
20170124,4,NO2_24h,莆田,16.0
20170124,4,O3,莆田,99.0
20170124,4,O3_24h,莆田,134.0
20170124,4,O3_8h,莆田,107.0
20170124,4,O3_8h_24h,莆田,116.0
20170124,4,CO,莆田,0.42
20170124,4,CO_24h,莆田,0.63
20170124,5,AQI,莆田,32.0
20170124,5,PM2.5,莆田,19.0
20170124,5,PM2.5_24h,莆田,35.0
20170124,5,PM10,莆田,32.0
20170124,5,PM10_24h,莆田,54.0
20170124,5,SO2,莆田,9.0
20170124,5,SO2_24h,莆田,12.0
20170124,5,NO2,莆田,12.0
20170124,5,NO2_24h,莆田,16.0
20170124,5,O3,莆田,97.0
20170124,5,O3_24h,莆田,134.0
20170124,5,O3_8h,莆田,105.0
20170124,5,O3_8h_24h,莆田,116.0
20170124,5,CO,莆田,0.47
20170124,5,CO_24h,莆田,0.63
20170124,6,AQI,莆田,29.0
20170124,6,PM2.5,莆田,19.0
20170124,6,PM2.5_24h,莆田,34.0
20170124,6,PM10,莆田,29.0
20170124,6,PM10_24h,莆田,53.0
20170124,6,SO2,莆田,10.0
20170124,6,SO2_24h,莆田,12.0
20170124,6,NO2,莆田,15.0
20170124,6,NO2_24h,莆田,16.0
20170124,6,O3,莆田,92.0
20170124,6,O3_24h,莆田,134.0
20170124,6,O3_8h,莆田,103.0
20170124,6,O3_8h_24h,莆田,116.0
20170124,6,CO,莆田,0.53
20170124,6,CO_24h,莆田,0.57
20170124,7,AQI,莆田,34.0
20170124,7,PM2.5,莆田,20.0
20170124,7,PM2.5_24h,莆田,33.0
20170124,7,PM10,莆田,34.0
20170124,7,PM10_24h,莆田,52.0
20170124,7,SO2,莆田,11.0
20170124,7,SO2_24h,莆田,12.0
20170124,7,NO2,莆田,19.0
20170124,7,NO2_24h,莆田,16.0
20170124,7,O3,莆田,86.0
20170124,7,O3_24h,莆田,134.0
20170124,7,O3_8h,莆田,101.0
20170124,7,O3_8h_24h,莆田,116.0
20170124,7,CO,莆田,0.53
20170124,7,CO_24h,莆田,0.57
20170124,8,AQI,莆田,36.0
20170124,8,PM2.5,莆田,20.0
20170124,8,PM2.5_24h,莆田,32.0
20170124,8,PM10,莆田,36.0
20170124,8,PM10_24h,莆田,51.0
20170124,8,SO2,莆田,10.0
20170124,8,SO2_24h,莆田,12.0
20170124,8,NO2,莆田,20.0
20170124,8,NO2_24h,莆田,16.0
20170124,8,O3,莆田,81.0
20170124,8,O3_24h,莆田,134.0
20170124,8,O3_8h,莆田,98.0
20170124,8,O3_8h_24h,莆田,116.0
20170124,8,CO,莆田,0.5
20170124,8,CO_24h,莆田,0.57
20170124,9,AQI,莆田,36.0
20170124,9,PM2.5,莆田,20.0
20170124,9,PM2.5_24h,莆田,31.0
20170124,9,PM10,莆田,36.0
20170124,9,PM10_24h,莆田,50.0
20170124,9,SO2,莆田,10.0
20170124,9,SO2_24h,莆田,11.0
20170124,9,NO2,莆田,22.0
20170124,9,NO2_24h,莆田,16.0
20170124,9,O3,莆田,78.0
20170124,9,O3_24h,莆田,134.0
20170124,9,O3_8h,莆田,94.0
20170124,9,O3_8h_24h,莆田,116.0
20170124,9,CO,莆田,0.53
20170124,9,CO_24h,莆田,0.57
20170124,10,AQI,莆田,34.0
20170124,10,PM2.5,莆田,18.0
20170124,10,PM2.5_24h,莆田,31.0
20170124,10,PM10,莆田,34.0
20170124,10,PM10_24h,莆田,49.0
20170124,10,SO2,莆田,8.0
20170124,10,SO2_24h,莆田,11.0
20170124,10,NO2,莆田,19.0
20170124,10,NO2_24h,莆田,16.0
20170124,10,O3,莆田,82.0
20170124,10,O3_24h,莆田,134.0
20170124,10,O3_8h,莆田,90.0
20170124,10,O3_8h_24h,莆田,116.0
20170124,10,CO,莆田,0.57
20170124,10,CO_24h,莆田,0.55
20170124,11,AQI,莆田,34.0
20170124,11,PM2.5,莆田,17.0
20170124,11,PM2.5_24h,莆田,30.0
20170124,11,PM10,莆田,34.0
20170124,11,PM10_24h,莆田,48.0
20170124,11,SO2,莆田,7.0
20170124,11,SO2_24h,莆田,11.0
20170124,11,NO2,莆田,14.0
20170124,11,NO2_24h,莆田,16.0
20170124,11,O3,莆田,88.0
20170124,11,O3_24h,莆田,134.0
20170124,11,O3_8h,莆田,88.0
20170124,11,O3_8h_24h,莆田,116.0
20170124,11,CO,莆田,0.58
20170124,11,CO_24h,莆田,0.55
20170124,12,AQI,莆田,32.0
20170124,12,PM2.5,莆田,18.0
20170124,12,PM2.5_24h,莆田,29.0
20170124,12,PM10,莆田,32.0
20170124,12,PM10_24h,莆田,46.0
20170124,12,SO2,莆田,7.0
20170124,12,SO2_24h,莆田,11.0
20170124,12,NO2,莆田,14.0
20170124,12,NO2_24h,莆田,16.0
20170124,12,O3,莆田,89.0
20170124,12,O3_24h,莆田,134.0
20170124,12,O3_8h,莆田,87.0
20170124,12,O3_8h_24h,莆田,116.0
20170124,12,CO,莆田,0.47
20170124,12,CO_24h,莆田,0.53
20170124,13,AQI,莆田,37.0
20170124,13,PM2.5,莆田,17.0
20170124,13,PM2.5_24h,莆田,28.0
20170124,13,PM10,莆田,37.0
20170124,13,PM10_24h,莆田,44.0
20170124,13,SO2,莆田,7.0
20170124,13,SO2_24h,莆田,10.0
20170124,13,NO2,莆田,13.0
20170124,13,NO2_24h,莆田,16.0
20170124,13,O3,莆田,91.0
20170124,13,O3_24h,莆田,134.0
20170124,13,O3_8h,莆田,86.0
20170124,13,O3_8h_24h,莆田,116.0
20170124,13,CO,莆田,0.45
20170124,13,CO_24h,莆田,0.53
20170124,14,AQI,莆田,36.0
20170124,14,PM2.5,莆田,17.0
20170124,14,PM2.5_24h,莆田,27.0
20170124,14,PM10,莆田,36.0
20170124,14,PM10_24h,莆田,43.0
20170124,14,SO2,莆田,7.0
20170124,14,SO2_24h,莆田,10.0
20170124,14,NO2,莆田,12.0
20170124,14,NO2_24h,莆田,16.0
20170124,14,O3,莆田,93.0
20170124,14,O3_24h,莆田,134.0
20170124,14,O3_8h,莆田,86.0
20170124,14,O3_8h_24h,莆田,116.0
20170124,14,CO,莆田,0.4
20170124,14,CO_24h,莆田,0.53
20170124,15,AQI,莆田,39.0
20170124,15,PM2.5,莆田,18.0
20170124,15,PM2.5_24h,莆田,27.0
20170124,15,PM10,莆田,39.0
20170124,15,PM10_24h,莆田,42.0
20170124,15,SO2,莆田,7.0
20170124,15,SO2_24h,莆田,10.0
20170124,15,NO2,莆田,14.0
20170124,15,NO2_24h,莆田,15.0
20170124,15,O3,莆田,91.0
20170124,15,O3_24h,莆田,134.0
20170124,15,O3_8h,莆田,87.0
20170124,15,O3_8h_24h,莆田,116.0
20170124,15,CO,莆田,0.43
20170124,15,CO_24h,莆田,0.53
20170124,16,AQI,莆田,34.0
20170124,16,PM2.5,莆田,20.0
20170124,16,PM2.5_24h,莆田,26.0
20170124,16,PM10,莆田,34.0
20170124,16,PM10_24h,莆田,41.0
20170124,16,SO2,莆田,7.0
20170124,16,SO2_24h,莆田,10.0
20170124,16,NO2,莆田,14.0
20170124,16,NO2_24h,莆田,15.0
20170124,16,O3,莆田,90.0
20170124,16,O3_24h,莆田,134.0
20170124,16,O3_8h,莆田,88.0
20170124,16,O3_8h_24h,莆田,116.0
20170124,16,CO,莆田,0.45
20170124,16,CO_24h,莆田,0.53
20170124,17,AQI,莆田,33.0
20170124,17,PM2.5,莆田,20.0
20170124,17,PM2.5_24h,莆田,25.0
20170124,17,PM10,莆田,33.0
20170124,17,PM10_24h,莆田,40.0
20170124,17,SO2,莆田,7.0
20170124,17,SO2_24h,莆田,10.0
20170124,17,NO2,莆田,13.0
20170124,17,NO2_24h,莆田,15.0
20170124,17,O3,莆田,88.0
20170124,17,O3_24h,莆田,134.0
20170124,17,O3_8h,莆田,89.0
20170124,17,O3_8h_24h,莆田,116.0
20170124,17,CO,莆田,0.45
20170124,17,CO_24h,莆田,0.53
20170124,18,AQI,莆田,33.0
20170124,18,PM2.5,莆田,20.0
20170124,18,PM2.5_24h,莆田,24.0
20170124,18,PM10,莆田,33.0
20170124,18,PM10_24h,莆田,39.0
20170124,18,SO2,莆田,6.0
20170124,18,SO2_24h,莆田,9.0
20170124,18,NO2,莆田,14.0
20170124,18,NO2_24h,莆田,15.0
20170124,18,O3,莆田,85.0
20170124,18,O3_24h,莆田,134.0
20170124,18,O3_8h,莆田,89.0
20170124,18,O3_8h_24h,莆田,116.0
20170124,18,CO,莆田,0.43
20170124,18,CO_24h,莆田,0.5
20170124,19,AQI,莆田,27.0
20170124,19,PM2.5,莆田,19.0
20170124,19,PM2.5_24h,莆田,23.0
20170124,19,PM10,莆田,24.0
20170124,19,PM10_24h,莆田,37.0
20170124,19,SO2,莆田,6.0
20170124,19,SO2_24h,莆田,9.0
20170124,19,NO2,莆田,13.0
20170124,19,NO2_24h,莆田,14.0
20170124,19,O3,莆田,87.0
20170124,19,O3_24h,莆田,133.0
20170124,19,O3_8h,莆田,89.0
20170124,19,O3_8h_24h,莆田,116.0
20170124,19,CO,莆田,0.38
20170124,19,CO_24h,莆田,0.5
20170124,20,AQI,莆田,28.0
20170124,20,PM2.5,莆田,17.0
20170124,20,PM2.5_24h,莆田,22.0
20170124,20,PM10,莆田,24.0
20170124,20,PM10_24h,莆田,36.0
20170124,20,SO2,莆田,6.0
20170124,20,SO2_24h,莆田,9.0
20170124,20,NO2,莆田,11.0
20170124,20,NO2_24h,莆田,14.0
20170124,20,O3,莆田,90.0
20170124,20,O3_24h,莆田,131.0
20170124,20,O3_8h,莆田,90.0
20170124,20,O3_8h_24h,莆田,116.0
20170124,20,CO,莆田,0.38
20170124,20,CO_24h,莆田,0.5
20170124,21,AQI,莆田,28.0
20170124,21,PM2.5,莆田,16.0
20170124,21,PM2.5_24h,莆田,21.0
20170124,21,PM10,莆田,19.0
20170124,21,PM10_24h,莆田,35.0
20170124,21,SO2,莆田,6.0
20170124,21,SO2_24h,莆田,9.0
20170124,21,NO2,莆田,11.0
20170124,21,NO2_24h,莆田,14.0
20170124,21,O3,莆田,89.0
20170124,21,O3_24h,莆田,130.0
20170124,21,O3_8h,莆田,89.0
20170124,21,O3_8h_24h,莆田,116.0
20170124,21,CO,莆田,0.38
20170124,21,CO_24h,莆田,0.5
20170124,22,AQI,莆田,27.0
20170124,22,PM2.5,莆田,16.0
20170124,22,PM2.5_24h,莆田,20.0
20170124,22,PM10,莆田,19.0
20170124,22,PM10_24h,莆田,33.0
20170124,22,SO2,莆田,6.0
20170124,22,SO2_24h,莆田,8.0
20170124,22,NO2,莆田,13.0
20170124,22,NO2_24h,莆田,14.0
20170124,22,O3,莆田,87.0
20170124,22,O3_24h,莆田,129.0
20170124,22,O3_8h,莆田,88.0
20170124,22,O3_8h_24h,莆田,116.0
20170124,22,CO,莆田,0.4
20170124,22,CO_24h,莆田,0.5
20170124,23,AQI,莆田,28.0
20170124,23,PM2.5,莆田,15.0
20170124,23,PM2.5_24h,莆田,19.0
20170124,23,PM10,莆田,20.0
20170124,23,PM10_24h,莆田,32.0
20170124,23,SO2,莆田,6.0
20170124,23,SO2_24h,莆田,8.0
20170124,23,NO2,莆田,11.0
20170124,23,NO2_24h,莆田,14.0
20170124,23,O3,莆田,89.0
20170124,23,O3_24h,莆田,122.0
20170124,23,O3_8h,莆田,88.0
20170124,23,O3_8h_24h,莆田,116.0
20170124,23,CO,莆田,0.4
20170124,23,CO_24h,莆田,0.48
20170124,0,AQI,三明,56.0
20170124,0,PM2.5,三明,40.0
20170124,0,PM2.5_24h,三明,35.0
20170124,0,PM10,三明,54.0
20170124,0,PM10_24h,三明,52.0
20170124,0,SO2,三明,16.0
20170124,0,SO2_24h,三明,16.0
20170124,0,NO2,三明,28.0
20170124,0,NO2_24h,三明,24.0
20170124,0,O3,三明,54.0
20170124,0,O3_24h,三明,90.0
20170124,0,O3_8h,三明,61.0
20170124,0,O3_8h_24h,三明,83.0
20170124,0,CO,三明,1.03
20170124,0,CO_24h,三明,1.0
20170124,1,AQI,三明,50.0
20170124,1,PM2.5,三明,35.0
20170124,1,PM2.5_24h,三明,35.0
20170124,1,PM10,三明,48.0
20170124,1,PM10_24h,三明,52.0
20170124,1,SO2,三明,16.0
20170124,1,SO2_24h,三明,16.0
20170124,1,NO2,三明,20.0
20170124,1,NO2_24h,三明,24.0
20170124,1,O3,三明,63.0
20170124,1,O3_24h,三明,90.0
20170124,1,O3_8h,三明,63.0
20170124,1,O3_8h_24h,三明,63.0
20170124,1,CO,三明,0.9
20170124,1,CO_24h,三明,0.97
20170124,2,AQI,三明,49.0
20170124,2,PM2.5,三明,34.0
20170124,2,PM2.5_24h,三明,34.0
20170124,2,PM10,三明,46.0
20170124,2,PM10_24h,三明,52.0
20170124,2,SO2,三明,16.0
20170124,2,SO2_24h,三明,16.0
20170124,2,NO2,三明,17.0
20170124,2,NO2_24h,三明,23.0
20170124,2,O3,三明,69.0
20170124,2,O3_24h,三明,90.0
20170124,2,O3_8h,三明,66.0
20170124,2,O3_8h_24h,三明,66.0
20170124,2,CO,三明,0.87
20170124,2,CO_24h,三明,0.97
20170124,3,AQI,三明,44.0
20170124,3,PM2.5,三明,31.0
20170124,3,PM2.5_24h,三明,34.0
20170124,3,PM10,三明,42.0
20170124,3,PM10_24h,三明,52.0
20170124,3,SO2,三明,13.0
20170124,3,SO2_24h,三明,16.0
20170124,3,NO2,三明,13.0
20170124,3,NO2_24h,三明,23.0
20170124,3,O3,三明,78.0
20170124,3,O3_24h,三明,90.0
20170124,3,O3_8h,三明,70.0
20170124,3,O3_8h_24h,三明,70.0
20170124,3,CO,三明,0.87
20170124,3,CO_24h,三明,0.97
20170124,4,AQI,三明,46.0
20170124,4,PM2.5,三明,30.0
20170124,4,PM2.5_24h,三明,34.0
20170124,4,PM10,三明,46.0
20170124,4,PM10_24h,三明,53.0
20170124,4,SO2,三明,12.0
20170124,4,SO2_24h,三明,16.0
20170124,4,NO2,三明,12.0
20170124,4,NO2_24h,三明,22.0
20170124,4,O3,三明,83.0
20170124,4,O3_24h,三明,90.0
20170124,4,O3_8h,三明,73.0
20170124,4,O3_8h_24h,三明,73.0
20170124,4,CO,三明,0.87
20170124,4,CO_24h,三明,0.97
20170124,5,AQI,三明,43.0
20170124,5,PM2.5,三明,30.0
20170124,5,PM2.5_24h,三明,34.0
20170124,5,PM10,三明,43.0
20170124,5,PM10_24h,三明,53.0
20170124,5,SO2,三明,12.0
20170124,5,SO2_24h,三明,16.0
20170124,5,NO2,三明,11.0
20170124,5,NO2_24h,三明,22.0
20170124,5,O3,三明,85.0
20170124,5,O3_24h,三明,91.0
20170124,5,O3_8h,三明,76.0
20170124,5,O3_8h_24h,三明,76.0
20170124,5,CO,三明,0.87
20170124,5,CO_24h,三明,0.97
20170124,6,AQI,三明,43.0
20170124,6,PM2.5,三明,30.0
20170124,6,PM2.5_24h,三明,34.0
20170124,6,PM10,三明,43.0
20170124,6,PM10_24h,三明,53.0
20170124,6,SO2,三明,12.0
20170124,6,SO2_24h,三明,16.0
20170124,6,NO2,三明,10.0
20170124,6,NO2_24h,三明,22.0
20170124,6,O3,三明,83.0
20170124,6,O3_24h,三明,91.0
20170124,6,O3_8h,三明,77.0
20170124,6,O3_8h_24h,三明,77.0
20170124,6,CO,三明,0.87
20170124,6,CO_24h,三明,0.97
20170124,7,AQI,三明,44.0
20170124,7,PM2.5,三明,31.0
20170124,7,PM2.5_24h,三明,34.0
20170124,7,PM10,三明,36.0
20170124,7,PM10_24h,三明,52.0
20170124,7,SO2,三明,13.0
20170124,7,SO2_24h,三明,16.0
20170124,7,NO2,三明,12.0
20170124,7,NO2_24h,三明,22.0
20170124,7,O3,三明,82.0
20170124,7,O3_24h,三明,91.0
20170124,7,O3_8h,三明,78.0
20170124,7,O3_8h_24h,三明,78.0
20170124,7,CO,三明,0.93
20170124,7,CO_24h,三明,0.97
20170124,8,AQI,三明,44.0
20170124,8,PM2.5,三明,31.0
20170124,8,PM2.5_24h,三明,34.0
20170124,8,PM10,三明,39.0
20170124,8,PM10_24h,三明,52.0
20170124,8,SO2,三明,12.0
20170124,8,SO2_24h,三明,16.0
20170124,8,NO2,三明,16.0
20170124,8,NO2_24h,三明,22.0
20170124,8,O3,三明,76.0
20170124,8,O3_24h,三明,91.0
20170124,8,O3_8h,三明,77.0
20170124,8,O3_8h_24h,三明,78.0
20170124,8,CO,三明,0.93
20170124,8,CO_24h,三明,0.97
20170124,9,AQI,三明,44.0
20170124,9,PM2.5,三明,31.0
20170124,9,PM2.5_24h,三明,34.0
20170124,9,PM10,三明,35.0
20170124,9,PM10_24h,三明,51.0
20170124,9,SO2,三明,13.0
20170124,9,SO2_24h,三明,15.0
20170124,9,NO2,三明,18.0
20170124,9,NO2_24h,三明,21.0
20170124,9,O3,三明,76.0
20170124,9,O3_24h,三明,91.0
20170124,9,O3_8h,三明,79.0
20170124,9,O3_8h_24h,三明,79.0
20170124,9,CO,三明,0.97
20170124,9,CO_24h,三明,0.97
20170124,10,AQI,三明,41.0
20170124,10,PM2.5,三明,29.0
20170124,10,PM2.5_24h,三明,34.0
20170124,10,PM10,三明,41.0
20170124,10,PM10_24h,三明,51.0
20170124,10,SO2,三明,13.0
20170124,10,SO2_24h,三明,15.0
20170124,10,NO2,三明,16.0
20170124,10,NO2_24h,三明,21.0
20170124,10,O3,三明,82.0
20170124,10,O3_24h,三明,91.0
20170124,10,O3_8h,三明,81.0
20170124,10,O3_8h_24h,三明,81.0
20170124,10,CO,三明,0.9
20170124,10,CO_24h,三明,0.97
20170124,11,AQI,三明,49.0
20170124,11,PM2.5,三明,27.0
20170124,11,PM2.5_24h,三明,33.0
20170124,11,PM10,三明,49.0
20170124,11,PM10_24h,三明,51.0
20170124,11,SO2,三明,14.0
20170124,11,SO2_24h,三明,15.0
20170124,11,NO2,三明,16.0
20170124,11,NO2_24h,三明,21.0
20170124,11,O3,三明,88.0
20170124,11,O3_24h,三明,91.0
20170124,11,O3_8h,三明,82.0
20170124,11,O3_8h_24h,三明,82.0
20170124,11,CO,三明,0.9
20170124,11,CO_24h,三明,0.97
20170124,12,AQI,三明,46.0
20170124,12,PM2.5,三明,21.0
20170124,12,PM2.5_24h,三明,33.0
20170124,12,PM10,三明,46.0
20170124,12,PM10_24h,三明,51.0
20170124,12,SO2,三明,13.0
20170124,12,SO2_24h,三明,15.0
20170124,12,NO2,三明,16.0
20170124,12,NO2_24h,三明,21.0
20170124,12,O3,三明,92.0
20170124,12,O3_24h,三明,92.0
20170124,12,O3_8h,三明,83.0
20170124,12,O3_8h_24h,三明,83.0
20170124,12,CO,三明,0.83
20170124,12,CO_24h,三明,0.97
20170124,13,AQI,三明,54.0
20170124,13,PM2.5,三明,19.0
20170124,13,PM2.5_24h,三明,32.0
20170124,13,PM10,三明,58.0
20170124,13,PM10_24h,三明,51.0
20170124,13,SO2,三明,12.0
20170124,13,SO2_24h,三明,15.0
20170124,13,NO2,三明,14.0
20170124,13,NO2_24h,三明,21.0
20170124,13,O3,三明,96.0
20170124,13,O3_24h,三明,96.0
20170124,13,O3_8h,三明,84.0
20170124,13,O3_8h_24h,三明,84.0
20170124,13,CO,三明,0.8
20170124,13,CO_24h,三明,0.93
20170124,14,AQI,三明,51.0
20170124,14,PM2.5,三明,16.0
20170124,14,PM2.5_24h,三明,31.0
20170124,14,PM10,三明,51.0
20170124,14,PM10_24h,三明,50.0
20170124,14,SO2,三明,12.0
20170124,14,SO2_24h,三明,14.0
20170124,14,NO2,三明,13.0
20170124,14,NO2_24h,三明,20.0
20170124,14,O3,三明,98.0
20170124,14,O3_24h,三明,98.0
20170124,14,O3_8h,三明,86.0
20170124,14,O3_8h_24h,三明,86.0
20170124,14,CO,三明,0.73
20170124,14,CO_24h,三明,0.93
20170124,15,AQI,三明,44.0
20170124,15,PM2.5,三明,18.0
20170124,15,PM2.5_24h,三明,31.0
20170124,15,PM10,三明,44.0
20170124,15,PM10_24h,三明,49.0
20170124,15,SO2,三明,12.0
20170124,15,SO2_24h,三明,14.0
20170124,15,NO2,三明,14.0
20170124,15,NO2_24h,三明,20.0
20170124,15,O3,三明,97.0
20170124,15,O3_24h,三明,98.0
20170124,15,O3_8h,三明,88.0
20170124,15,O3_8h_24h,三明,88.0
20170124,15,CO,三明,0.73
20170124,15,CO_24h,三明,0.93
20170124,16,AQI,三明,40.0
20170124,16,PM2.5,三明,20.0
20170124,16,PM2.5_24h,三明,31.0
20170124,16,PM10,三明,40.0
20170124,16,PM10_24h,三明,48.0
20170124,16,SO2,三明,11.0
20170124,16,SO2_24h,三明,14.0
20170124,16,NO2,三明,15.0
20170124,16,NO2_24h,三明,20.0
20170124,16,O3,三明,93.0
20170124,16,O3_24h,三明,98.0
20170124,16,O3_8h,三明,90.0
20170124,16,O3_8h_24h,三明,90.0
20170124,16,CO,三明,0.77
20170124,16,CO_24h,三明,0.93
20170124,17,AQI,三明,41.0
20170124,17,PM2.5,三明,21.0
20170124,17,PM2.5_24h,三明,30.0
20170124,17,PM10,三明,41.0
20170124,17,PM10_24h,三明,48.0
20170124,17,SO2,三明,11.0
20170124,17,SO2_24h,三明,14.0
20170124,17,NO2,三明,18.0
20170124,17,NO2_24h,三明,20.0
20170124,17,O3,三明,89.0
20170124,17,O3_24h,三明,98.0
20170124,17,O3_8h,三明,92.0
20170124,17,O3_8h_24h,三明,92.0
20170124,17,CO,三明,0.8
20170124,17,CO_24h,三明,0.93
20170124,18,AQI,三明,39.0
20170124,18,PM2.5,三明,22.0
20170124,18,PM2.5_24h,三明,29.0
20170124,18,PM10,三明,39.0
20170124,18,PM10_24h,三明,47.0
20170124,18,SO2,三明,12.0
20170124,18,SO2_24h,三明,14.0
20170124,18,NO2,三明,21.0
20170124,18,NO2_24h,三明,20.0
20170124,18,O3,三明,85.0
20170124,18,O3_24h,三明,98.0
20170124,18,O3_8h,三明,92.0
20170124,18,O3_8h_24h,三明,92.0
20170124,18,CO,三明,0.83
20170124,18,CO_24h,三明,0.93
20170124,19,AQI,三明,42.0
20170124,19,PM2.5,三明,23.0
20170124,19,PM2.5_24h,三明,29.0
20170124,19,PM10,三明,42.0
20170124,19,PM10_24h,三明,46.0
20170124,19,SO2,三明,12.0
20170124,19,SO2_24h,三明,14.0
20170124,19,NO2,三明,23.0
20170124,19,NO2_24h,三明,20.0
20170124,19,O3,三明,80.0
20170124,19,O3_24h,三明,98.0
20170124,19,O3_8h,三明,91.0
20170124,19,O3_8h_24h,三明,92.0
20170124,19,CO,三明,0.8
20170124,19,CO_24h,三明,0.93
20170124,20,AQI,三明,38.0
20170124,20,PM2.5,三明,26.0
20170124,20,PM2.5_24h,三明,29.0
20170124,20,PM10,三明,38.0
20170124,20,PM10_24h,三明,46.0
20170124,20,SO2,三明,13.0
20170124,20,SO2_24h,三明,14.0
20170124,20,NO2,三明,19.0
20170124,20,NO2_24h,三明,19.0
20170124,20,O3,三明,76.0
20170124,20,O3_24h,三明,98.0
20170124,20,O3_8h,三明,89.0
20170124,20,O3_8h_24h,三明,92.0
20170124,20,CO,三明,0.77
20170124,20,CO_24h,三明,0.93
20170124,21,AQI,三明,37.0
20170124,21,PM2.5,三明,26.0
20170124,21,PM2.5_24h,三明,28.0
20170124,21,PM10,三明,35.0
20170124,21,PM10_24h,三明,45.0
20170124,21,SO2,三明,13.0
20170124,21,SO2_24h,三明,13.0
20170124,21,NO2,三明,19.0
20170124,21,NO2_24h,三明,19.0
20170124,21,O3,三明,69.0
20170124,21,O3_24h,三明,98.0
20170124,21,O3_8h,三明,86.0
20170124,21,O3_8h_24h,三明,92.0
20170124,21,CO,三明,0.8
20170124,21,CO_24h,三明,0.9
20170124,22,AQI,三明,34.0
20170124,22,PM2.5,三明,24.0
20170124,22,PM2.5_24h,三明,27.0
20170124,22,PM10,三明,33.0
20170124,22,PM10_24h,三明,44.0
20170124,22,SO2,三明,12.0
20170124,22,SO2_24h,三明,13.0
20170124,22,NO2,三明,18.0
20170124,22,NO2_24h,三明,17.0
20170124,22,O3,三明,66.0
20170124,22,O3_24h,三明,98.0
20170124,22,O3_8h,三明,82.0
20170124,22,O3_8h_24h,三明,92.0
20170124,22,CO,三明,0.73
20170124,22,CO_24h,三明,0.83
20170124,23,AQI,三明,36.0
20170124,23,PM2.5,三明,25.0
20170124,23,PM2.5_24h,三明,26.0
20170124,23,PM10,三明,31.0
20170124,23,PM10_24h,三明,43.0
20170124,23,SO2,三明,11.0
20170124,23,SO2_24h,三明,13.0
20170124,23,NO2,三明,20.0
20170124,23,NO2_24h,三明,17.0
20170124,23,O3,三明,61.0
20170124,23,O3_24h,三明,98.0
20170124,23,O3_8h,三明,77.0
20170124,23,O3_8h_24h,三明,92.0
20170124,23,CO,三明,0.77
20170124,23,CO_24h,三明,0.83
20170124,0,AQI,南平,53.0
20170124,0,PM2.5,南平,37.0
20170124,0,PM2.5_24h,南平,37.0
20170124,0,PM10,南平,52.0
20170124,0,PM10_24h,南平,55.0
20170124,0,SO2,南平,10.0
20170124,0,SO2_24h,南平,14.0
20170124,0,NO2,南平,11.0
20170124,0,NO2_24h,南平,24.0
20170124,0,O3,南平,105.0
20170124,0,O3_24h,南平,105.0
20170124,0,O3_8h,南平,66.0
20170124,0,O3_8h_24h,南平,81.0
20170124,0,CO,南平,0.8
20170124,0,CO_24h,南平,0.97
20170124,1,AQI,南平,55.0
20170124,1,PM2.5,南平,39.0
20170124,1,PM2.5_24h,南平,37.0
20170124,1,PM10,南平,55.0
20170124,1,PM10_24h,南平,56.0
20170124,1,SO2,南平,10.0
20170124,1,SO2_24h,南平,14.0
20170124,1,NO2,南平,10.0
20170124,1,NO2_24h,南平,23.0
20170124,1,O3,南平,108.0
20170124,1,O3_24h,南平,108.0
20170124,1,O3_8h,南平,108.0
20170124,1,O3_8h_24h,南平,108.0
20170124,1,CO,南平,0.77
20170124,1,CO_24h,南平,0.97
20170124,2,AQI,南平,56.0
20170124,2,PM2.5,南平,39.0
20170124,2,PM2.5_24h,南平,37.0
20170124,2,PM10,南平,61.0
20170124,2,PM10_24h,南平,57.0
20170124,2,SO2,南平,11.0
20170124,2,SO2_24h,南平,14.0
20170124,2,NO2,南平,9.0
20170124,2,NO2_24h,南平,23.0
20170124,2,O3,南平,110.0
20170124,2,O3_24h,南平,110.0
20170124,2,O3_8h,南平,109.0
20170124,2,O3_8h_24h,南平,109.0
20170124,2,CO,南平,0.77
20170124,2,CO_24h,南平,0.97
20170124,3,AQI,南平,50.0
20170124,3,PM2.5,南平,34.0
20170124,3,PM2.5_24h,南平,37.0
20170124,3,PM10,南平,50.0
20170124,3,PM10_24h,南平,57.0
20170124,3,SO2,南平,10.0
20170124,3,SO2_24h,南平,14.0
20170124,3,NO2,南平,8.0
20170124,3,NO2_24h,南平,22.0
20170124,3,O3,南平,107.0
20170124,3,O3_24h,南平,110.0
20170124,3,O3_8h,南平,108.0
20170124,3,O3_8h_24h,南平,109.0
20170124,3,CO,南平,0.67
20170124,3,CO_24h,南平,0.97
20170124,4,AQI,南平,50.0
20170124,4,PM2.5,南平,33.0
20170124,4,PM2.5_24h,南平,37.0
20170124,4,PM10,南平,50.0
20170124,4,PM10_24h,南平,57.0
20170124,4,SO2,南平,11.0
20170124,4,SO2_24h,南平,14.0
20170124,4,NO2,南平,8.0
20170124,4,NO2_24h,南平,22.0
20170124,4,O3,南平,104.0
20170124,4,O3_24h,南平,110.0
20170124,4,O3_8h,南平,107.0
20170124,4,O3_8h_24h,南平,109.0
20170124,4,CO,南平,0.67
20170124,4,CO_24h,南平,0.97
20170124,5,AQI,南平,51.0
20170124,5,PM2.5,南平,33.0
20170124,5,PM2.5_24h,南平,37.0
20170124,5,PM10,南平,51.0
20170124,5,PM10_24h,南平,57.0
20170124,5,SO2,南平,11.0
20170124,5,SO2_24h,南平,14.0
20170124,5,NO2,南平,10.0
20170124,5,NO2_24h,南平,22.0
20170124,5,O3,南平,101.0
20170124,5,O3_24h,南平,110.0
20170124,5,O3_8h,南平,106.0
20170124,5,O3_8h_24h,南平,109.0
20170124,5,CO,南平,0.7
20170124,5,CO_24h,南平,0.97
20170124,6,AQI,南平,49.0
20170124,6,PM2.5,南平,34.0
20170124,6,PM2.5_24h,南平,37.0
20170124,6,PM10,南平,46.0
20170124,6,PM10_24h,南平,57.0
20170124,6,SO2,南平,11.0
20170124,6,SO2_24h,南平,14.0
20170124,6,NO2,南平,8.0
20170124,6,NO2_24h,南平,22.0
20170124,6,O3,南平,97.0
20170124,6,O3_24h,南平,110.0
20170124,6,O3_8h,南平,104.0
20170124,6,O3_8h_24h,南平,109.0
20170124,6,CO,南平,0.7
20170124,6,CO_24h,南平,0.97
20170124,7,AQI,南平,51.0
20170124,7,PM2.5,南平,34.0
20170124,7,PM2.5_24h,南平,37.0
20170124,7,PM10,南平,51.0
20170124,7,PM10_24h,南平,57.0
20170124,7,SO2,南平,11.0
20170124,7,SO2_24h,南平,14.0
20170124,7,NO2,南平,12.0
20170124,7,NO2_24h,南平,21.0
20170124,7,O3,南平,88.0
20170124,7,O3_24h,南平,110.0
20170124,7,O3_8h,南平,102.0
20170124,7,O3_8h_24h,南平,109.0
20170124,7,CO,南平,0.73
20170124,7,CO_24h,南平,0.97
20170124,8,AQI,南平,53.0
20170124,8,PM2.5,南平,37.0
20170124,8,PM2.5_24h,南平,37.0
20170124,8,PM10,南平,51.0
20170124,8,PM10_24h,南平,57.0
20170124,8,SO2,南平,10.0
20170124,8,SO2_24h,南平,14.0
20170124,8,NO2,南平,21.0
20170124,8,NO2_24h,南平,22.0
20170124,8,O3,南平,73.0
20170124,8,O3_24h,南平,110.0
20170124,8,O3_8h,南平,99.0
20170124,8,O3_8h_24h,南平,109.0
20170124,8,CO,南平,0.83
20170124,8,CO_24h,南平,0.97
20170124,9,AQI,南平,50.0
20170124,9,PM2.5,南平,35.0
20170124,9,PM2.5_24h,南平,37.0
20170124,9,PM10,南平,41.0
20170124,9,PM10_24h,南平,57.0
20170124,9,SO2,南平,12.0
20170124,9,SO2_24h,南平,14.0
20170124,9,NO2,南平,24.0
20170124,9,NO2_24h,南平,22.0
20170124,9,O3,南平,73.0
20170124,9,O3_24h,南平,110.0
20170124,9,O3_8h,南平,94.0
20170124,9,O3_8h_24h,南平,109.0
20170124,9,CO,南平,0.9
20170124,9,CO_24h,南平,0.97
20170124,10,AQI,南平,47.0
20170124,10,PM2.5,南平,33.0
20170124,10,PM2.5_24h,南平,37.0
20170124,10,PM10,南平,45.0
20170124,10,PM10_24h,南平,57.0
20170124,10,SO2,南平,12.0
20170124,10,SO2_24h,南平,14.0
20170124,10,NO2,南平,16.0
20170124,10,NO2_24h,南平,21.0
20170124,10,O3,南平,90.0
20170124,10,O3_24h,南平,110.0
20170124,10,O3_8h,南平,92.0
20170124,10,O3_8h_24h,南平,109.0
20170124,10,CO,南平,0.8
20170124,10,CO_24h,南平,0.93
20170124,11,AQI,南平,53.0
20170124,11,PM2.5,南平,30.0
20170124,11,PM2.5_24h,南平,36.0
20170124,11,PM10,南平,56.0
20170124,11,PM10_24h,南平,56.0
20170124,11,SO2,南平,12.0
20170124,11,SO2_24h,南平,13.0
20170124,11,NO2,南平,18.0
20170124,11,NO2_24h,南平,21.0
20170124,11,O3,南平,94.0
20170124,11,O3_24h,南平,110.0
20170124,11,O3_8h,南平,90.0
20170124,11,O3_8h_24h,南平,109.0
20170124,11,CO,南平,0.77
20170124,11,CO_24h,南平,0.9
20170124,12,AQI,南平,43.0
20170124,12,PM2.5,南平,27.0
20170124,12,PM2.5_24h,南平,35.0
20170124,12,PM10,南平,43.0
20170124,12,PM10_24h,南平,55.0
20170124,12,SO2,南平,11.0
20170124,12,SO2_24h,南平,12.0
20170124,12,NO2,南平,13.0
20170124,12,NO2_24h,南平,21.0
20170124,12,O3,南平,101.0
20170124,12,O3_24h,南平,110.0
20170124,12,O3_8h,南平,90.0
20170124,12,O3_8h_24h,南平,109.0
20170124,12,CO,南平,0.7
20170124,12,CO_24h,南平,0.9
20170124,13,AQI,南平,45.0
20170124,13,PM2.5,南平,29.0
20170124,13,PM2.5_24h,南平,35.0
20170124,13,PM10,南平,45.0
20170124,13,PM10_24h,南平,54.0
20170124,13,SO2,南平,9.0
20170124,13,SO2_24h,南平,12.0
20170124,13,NO2,南平,14.0
20170124,13,NO2_24h,南平,20.0
20170124,13,O3,南平,102.0
20170124,13,O3_24h,南平,110.0
20170124,13,O3_8h,南平,90.0
20170124,13,O3_8h_24h,南平,109.0
20170124,13,CO,南平,0.73
20170124,13,CO_24h,南平,0.87
20170124,14,AQI,南平,59.0
20170124,14,PM2.5,南平,42.0
20170124,14,PM2.5_24h,南平,36.0
20170124,14,PM10,南平,65.0
20170124,14,PM10_24h,南平,54.0
20170124,14,SO2,南平,9.0
20170124,14,SO2_24h,南平,12.0
20170124,14,NO2,南平,14.0
20170124,14,NO2_24h,南平,20.0
20170124,14,O3,南平,106.0
20170124,14,O3_24h,南平,110.0
20170124,14,O3_8h,南平,91.0
20170124,14,O3_8h_24h,南平,109.0
20170124,14,CO,南平,0.83
20170124,14,CO_24h,南平,0.87
20170124,15,AQI,南平,56.0
20170124,15,PM2.5,南平,36.0
20170124,15,PM2.5_24h,南平,36.0
20170124,15,PM10,南平,62.0
20170124,15,PM10_24h,南平,55.0
20170124,15,SO2,南平,7.0
20170124,15,SO2_24h,南平,12.0
20170124,15,NO2,南平,13.0
20170124,15,NO2_24h,南平,20.0
20170124,15,O3,南平,101.0
20170124,15,O3_24h,南平,110.0
20170124,15,O3_8h,南平,93.0
20170124,15,O3_8h_24h,南平,109.0
20170124,15,CO,南平,0.7
20170124,15,CO_24h,南平,0.87
20170124,16,AQI,南平,39.0
20170124,16,PM2.5,南平,21.0
20170124,16,PM2.5_24h,南平,36.0
20170124,16,PM10,南平,39.0
20170124,16,PM10_24h,南平,54.0
20170124,16,SO2,南平,6.0
20170124,16,SO2_24h,南平,11.0
20170124,16,NO2,南平,11.0
20170124,16,NO2_24h,南平,20.0
20170124,16,O3,南平,92.0
20170124,16,O3_24h,南平,110.0
20170124,16,O3_8h,南平,95.0
20170124,16,O3_8h_24h,南平,109.0
20170124,16,CO,南平,0.6
20170124,16,CO_24h,南平,0.83
20170124,17,AQI,南平,26.0
20170124,17,PM2.5,南平,18.0
20170124,17,PM2.5_24h,南平,35.0
20170124,17,PM10,南平,25.0
20170124,17,PM10_24h,南平,53.0
20170124,17,SO2,南平,6.0
20170124,17,SO2_24h,南平,11.0
20170124,17,NO2,南平,14.0
20170124,17,NO2_24h,南平,19.0
20170124,17,O3,南平,84.0
20170124,17,O3_24h,南平,110.0
20170124,17,O3_8h,南平,96.0
20170124,17,O3_8h_24h,南平,109.0
20170124,17,CO,南平,0.6
20170124,17,CO_24h,南平,0.83
20170124,18,AQI,南平,29.0
20170124,18,PM2.5,南平,20.0
20170124,18,PM2.5_24h,南平,34.0
20170124,18,PM10,南平,28.0
20170124,18,PM10_24h,南平,52.0
20170124,18,SO2,南平,6.0
20170124,18,SO2_24h,南平,10.0
20170124,18,NO2,南平,19.0
20170124,18,NO2_24h,南平,19.0
20170124,18,O3,南平,75.0
20170124,18,O3_24h,南平,110.0
20170124,18,O3_8h,南平,95.0
20170124,18,O3_8h_24h,南平,109.0
20170124,18,CO,南平,0.7
20170124,18,CO_24h,南平,0.83
20170124,19,AQI,南平,35.0
20170124,19,PM2.5,南平,22.0
20170124,19,PM2.5_24h,南平,34.0
20170124,19,PM10,南平,35.0
20170124,19,PM10_24h,南平,50.0
20170124,19,SO2,南平,7.0
20170124,19,SO2_24h,南平,10.0
20170124,19,NO2,南平,20.0
20170124,19,NO2_24h,南平,17.0
20170124,19,O3,南平,71.0
20170124,19,O3_24h,南平,110.0
20170124,19,O3_8h,南平,92.0
20170124,19,O3_8h_24h,南平,109.0
20170124,19,CO,南平,0.73
20170124,19,CO_24h,南平,0.8
20170124,20,AQI,南平,28.0
20170124,20,PM2.5,南平,18.0
20170124,20,PM2.5_24h,南平,32.0
20170124,20,PM10,南平,28.0
20170124,20,PM10_24h,南平,49.0
20170124,20,SO2,南平,6.0
20170124,20,SO2_24h,南平,10.0
20170124,20,NO2,南平,8.0
20170124,20,NO2_24h,南平,15.0
20170124,20,O3,南平,84.0
20170124,20,O3_24h,南平,110.0
20170124,20,O3_8h,南平,89.0
20170124,20,O3_8h_24h,南平,109.0
20170124,20,CO,南平,0.57
20170124,20,CO_24h,南平,0.77
20170124,21,AQI,南平,26.0
20170124,21,PM2.5,南平,18.0
20170124,21,PM2.5_24h,南平,31.0
20170124,21,PM10,南平,21.0
20170124,21,PM10_24h,南平,47.0
20170124,21,SO2,南平,7.0
20170124,21,SO2_24h,南平,9.0
20170124,21,NO2,南平,8.0
20170124,21,NO2_24h,南平,13.0
20170124,21,O3,南平,81.0
20170124,21,O3_24h,南平,110.0
20170124,21,O3_8h,南平,87.0
20170124,21,O3_8h_24h,南平,109.0
20170124,21,CO,南平,0.6
20170124,21,CO_24h,南平,0.7
20170124,22,AQI,南平,26.0
20170124,22,PM2.5,南平,18.0
20170124,22,PM2.5_24h,南平,30.0
20170124,22,PM10,南平,23.0
20170124,22,PM10_24h,南平,46.0
20170124,22,SO2,南平,6.0
20170124,22,SO2_24h,南平,9.0
20170124,22,NO2,南平,9.0
20170124,22,NO2_24h,南平,13.0
20170124,22,O3,南平,75.0
20170124,22,O3_24h,南平,110.0
20170124,22,O3_8h,南平,83.0
20170124,22,O3_8h_24h,南平,109.0
20170124,22,CO,南平,0.57
20170124,22,CO_24h,南平,0.7
20170124,23,AQI,南平,24.0
20170124,23,PM2.5,南平,16.0
20170124,23,PM2.5_24h,南平,29.0
20170124,23,PM10,南平,21.0
20170124,23,PM10_24h,南平,45.0
20170124,23,SO2,南平,6.0
20170124,23,SO2_24h,南平,9.0
20170124,23,NO2,南平,7.0
20170124,23,NO2_24h,南平,13.0
20170124,23,O3,南平,76.0
20170124,23,O3_24h,南平,110.0
20170124,23,O3_8h,南平,80.0
20170124,23,O3_8h_24h,南平,109.0
20170124,23,CO,南平,0.53
20170124,23,CO_24h,南平,0.7
20170124,0,AQI,龙岩,53.0
20170124,0,PM2.5,龙岩,37.0
20170124,0,PM2.5_24h,龙岩,30.0
20170124,0,PM10,龙岩,52.0
20170124,0,PM10_24h,龙岩,50.0
20170124,0,SO2,龙岩,9.0
20170124,0,SO2_24h,龙岩,10.0
20170124,0,NO2,龙岩,38.0
20170124,0,NO2_24h,龙岩,26.0
20170124,0,O3,龙岩,43.0
20170124,0,O3_24h,龙岩,106.0
20170124,0,O3_8h,龙岩,67.0
20170124,0,O3_8h_24h,龙岩,94.0
20170124,0,CO,龙岩,0.7
20170124,0,CO_24h,龙岩,0.67
20170124,1,AQI,龙岩,55.0
20170124,1,PM2.5,龙岩,39.0
20170124,1,PM2.5_24h,龙岩,31.0
20170124,1,PM10,龙岩,60.0
20170124,1,PM10_24h,龙岩,51.0
20170124,1,SO2,龙岩,9.0
20170124,1,SO2_24h,龙岩,10.0
20170124,1,NO2,龙岩,44.0
20170124,1,NO2_24h,龙岩,26.0
20170124,1,O3,龙岩,34.0
20170124,1,O3_24h,龙岩,106.0
20170124,1,O3_8h,龙岩,34.0
20170124,1,O3_8h_24h,龙岩,34.0
20170124,1,CO,龙岩,0.67
20170124,1,CO_24h,龙岩,0.67
20170124,2,AQI,龙岩,55.0
20170124,2,PM2.5,龙岩,39.0
20170124,2,PM2.5_24h,龙岩,31.0
20170124,2,PM10,龙岩,57.0
20170124,2,PM10_24h,龙岩,52.0
20170124,2,SO2,龙岩,8.0
20170124,2,SO2_24h,龙岩,10.0
20170124,2,NO2,龙岩,40.0
20170124,2,NO2_24h,龙岩,26.0
20170124,2,O3,龙岩,30.0
20170124,2,O3_24h,龙岩,106.0
20170124,2,O3_8h,龙岩,32.0
20170124,2,O3_8h_24h,龙岩,34.0
20170124,2,CO,龙岩,0.67
20170124,2,CO_24h,龙岩,0.67
20170124,3,AQI,龙岩,55.0
20170124,3,PM2.5,龙岩,39.0
20170124,3,PM2.5_24h,龙岩,31.0
20170124,3,PM10,龙岩,56.0
20170124,3,PM10_24h,龙岩,52.0
20170124,3,SO2,龙岩,8.0
20170124,3,SO2_24h,龙岩,10.0
20170124,3,NO2,龙岩,36.0
20170124,3,NO2_24h,龙岩,26.0
20170124,3,O3,龙岩,30.0
20170124,3,O3_24h,龙岩,106.0
20170124,3,O3_8h,龙岩,31.0
20170124,3,O3_8h_24h,龙岩,35.0
20170124,3,CO,龙岩,0.67
20170124,3,CO_24h,龙岩,0.67
20170124,4,AQI,龙岩,58.0
20170124,4,PM2.5,龙岩,41.0
20170124,4,PM2.5_24h,龙岩,32.0
20170124,4,PM10,龙岩,55.0
20170124,4,PM10_24h,龙岩,53.0
20170124,4,SO2,龙岩,7.0
20170124,4,SO2_24h,龙岩,10.0
20170124,4,NO2,龙岩,29.0
20170124,4,NO2_24h,龙岩,26.0
20170124,4,O3,龙岩,32.0
20170124,4,O3_24h,龙岩,106.0
20170124,4,O3_8h,龙岩,32.0
20170124,4,O3_8h_24h,龙岩,35.0
20170124,4,CO,龙岩,0.7
20170124,4,CO_24h,龙岩,0.67
20170124,5,AQI,龙岩,55.0
20170124,5,PM2.5,龙岩,39.0
20170124,5,PM2.5_24h,龙岩,32.0
20170124,5,PM10,龙岩,53.0
20170124,5,PM10_24h,龙岩,53.0
20170124,5,SO2,龙岩,7.0
20170124,5,SO2_24h,龙岩,10.0
20170124,5,NO2,龙岩,25.0
20170124,5,NO2_24h,龙岩,26.0
20170124,5,O3,龙岩,34.0
20170124,5,O3_24h,龙岩,106.0
20170124,5,O3_8h,龙岩,32.0
20170124,5,O3_8h_24h,龙岩,37.0
20170124,5,CO,龙岩,0.7
20170124,5,CO_24h,龙岩,0.67
20170124,6,AQI,龙岩,55.0
20170124,6,PM2.5,龙岩,39.0
20170124,6,PM2.5_24h,龙岩,32.0
20170124,6,PM10,龙岩,51.0
20170124,6,PM10_24h,龙岩,53.0
20170124,6,SO2,龙岩,7.0
20170124,6,SO2_24h,龙岩,10.0
20170124,6,NO2,龙岩,21.0
20170124,6,NO2_24h,龙岩,26.0
20170124,6,O3,龙岩,36.0
20170124,6,O3_24h,龙岩,106.0
20170124,6,O3_8h,龙岩,33.0
20170124,6,O3_8h_24h,龙岩,38.0
20170124,6,CO,龙岩,0.7
20170124,6,CO_24h,龙岩,0.67
20170124,7,AQI,龙岩,59.0
20170124,7,PM2.5,龙岩,42.0
20170124,7,PM2.5_24h,龙岩,33.0
20170124,7,PM10,龙岩,53.0
20170124,7,PM10_24h,龙岩,54.0
20170124,7,SO2,龙岩,7.0
20170124,7,SO2_24h,龙岩,10.0
20170124,7,NO2,龙岩,21.0
20170124,7,NO2_24h,龙岩,25.0
20170124,7,O3,龙岩,32.0
20170124,7,O3_24h,龙岩,106.0
20170124,7,O3_8h,龙岩,33.0
20170124,7,O3_8h_24h,龙岩,39.0
20170124,7,CO,龙岩,0.7
20170124,7,CO_24h,龙岩,0.67
20170124,8,AQI,龙岩,58.0
20170124,8,PM2.5,龙岩,41.0
20170124,8,PM2.5_24h,龙岩,33.0
20170124,8,PM10,龙岩,55.0
20170124,8,PM10_24h,龙岩,54.0
20170124,8,SO2,龙岩,8.0
20170124,8,SO2_24h,龙岩,10.0
20170124,8,NO2,龙岩,24.0
20170124,8,NO2_24h,龙岩,25.0
20170124,8,O3,龙岩,30.0
20170124,8,O3_24h,龙岩,106.0
20170124,8,O3_8h,龙岩,32.0
20170124,8,O3_8h_24h,龙岩,39.0
20170124,8,CO,龙岩,0.73
20170124,8,CO_24h,龙岩,0.67
20170124,9,AQI,龙岩,51.0
20170124,9,PM2.5,龙岩,35.0
20170124,9,PM2.5_24h,龙岩,33.0
20170124,9,PM10,龙岩,51.0
20170124,9,PM10_24h,龙岩,55.0
20170124,9,SO2,龙岩,10.0
20170124,9,SO2_24h,龙岩,10.0
20170124,9,NO2,龙岩,23.0
20170124,9,NO2_24h,龙岩,25.0
20170124,9,O3,龙岩,50.0
20170124,9,O3_24h,龙岩,106.0
20170124,9,O3_8h,龙岩,34.0
20170124,9,O3_8h_24h,龙岩,41.0
20170124,9,CO,龙岩,0.77
20170124,9,CO_24h,龙岩,0.67
20170124,10,AQI,龙岩,50.0
20170124,10,PM2.5,龙岩,29.0
20170124,10,PM2.5_24h,龙岩,33.0
20170124,10,PM10,龙岩,50.0
20170124,10,PM10_24h,龙岩,54.0
20170124,10,SO2,龙岩,12.0
20170124,10,SO2_24h,龙岩,10.0
20170124,10,NO2,龙岩,21.0
20170124,10,NO2_24h,龙岩,25.0
20170124,10,O3,龙岩,69.0
20170124,10,O3_24h,龙岩,106.0
20170124,10,O3_8h,龙岩,39.0
20170124,10,O3_8h_24h,龙岩,46.0
20170124,10,CO,龙岩,0.77
20170124,10,CO_24h,龙岩,0.67
20170124,11,AQI,龙岩,52.0
20170124,11,PM2.5,龙岩,25.0
20170124,11,PM2.5_24h,龙岩,33.0
20170124,11,PM10,龙岩,53.0
20170124,11,PM10_24h,龙岩,54.0
20170124,11,SO2,龙岩,11.0
20170124,11,SO2_24h,龙岩,9.0
20170124,11,NO2,龙岩,21.0
20170124,11,NO2_24h,龙岩,25.0
20170124,11,O3,龙岩,76.0
20170124,11,O3_24h,龙岩,106.0
20170124,11,O3_8h,龙岩,45.0
20170124,11,O3_8h_24h,龙岩,50.0
20170124,11,CO,龙岩,0.7
20170124,11,CO_24h,龙岩,0.67
20170124,12,AQI,龙岩,55.0
20170124,12,PM2.5,龙岩,23.0
20170124,12,PM2.5_24h,龙岩,33.0
20170124,12,PM10,龙岩,60.0
20170124,12,PM10_24h,龙岩,54.0
20170124,12,SO2,龙岩,10.0
20170124,12,SO2_24h,龙岩,9.0
20170124,12,NO2,龙岩,17.0
20170124,12,NO2_24h,龙岩,26.0
20170124,12,O3,龙岩,87.0
20170124,12,O3_24h,龙岩,106.0
20170124,12,O3_8h,龙岩,52.0
20170124,12,O3_8h_24h,龙岩,55.0
20170124,12,CO,龙岩,0.63
20170124,12,CO_24h,龙岩,0.67
20170124,13,AQI,龙岩,48.0
20170124,13,PM2.5,龙岩,23.0
20170124,13,PM2.5_24h,龙岩,33.0
20170124,13,PM10,龙岩,48.0
20170124,13,PM10_24h,龙岩,54.0
20170124,13,SO2,龙岩,10.0
20170124,13,SO2_24h,龙岩,9.0
20170124,13,NO2,龙岩,15.0
20170124,13,NO2_24h,龙岩,25.0
20170124,13,O3,龙岩,94.0
20170124,13,O3_24h,龙岩,106.0
20170124,13,O3_8h,龙岩,59.0
20170124,13,O3_8h_24h,龙岩,60.0
20170124,13,CO,龙岩,0.63
20170124,13,CO_24h,龙岩,0.67
20170124,14,AQI,龙岩,43.0
20170124,14,PM2.5,龙岩,22.0
20170124,14,PM2.5_24h,龙岩,33.0
20170124,14,PM10,龙岩,43.0
20170124,14,PM10_24h,龙岩,53.0
20170124,14,SO2,龙岩,9.0
20170124,14,SO2_24h,龙岩,9.0
20170124,14,NO2,龙岩,14.0
20170124,14,NO2_24h,龙岩,25.0
20170124,14,O3,龙岩,102.0
20170124,14,O3_24h,龙岩,106.0
20170124,14,O3_8h,龙岩,67.0
20170124,14,O3_8h_24h,龙岩,67.0
20170124,14,CO,龙岩,0.63
20170124,14,CO_24h,龙岩,0.67
20170124,15,AQI,龙岩,43.0
20170124,15,PM2.5,龙岩,22.0
20170124,15,PM2.5_24h,龙岩,33.0
20170124,15,PM10,龙岩,43.0
20170124,15,PM10_24h,龙岩,52.0
20170124,15,SO2,龙岩,9.0
20170124,15,SO2_24h,龙岩,9.0
20170124,15,NO2,龙岩,14.0
20170124,15,NO2_24h,龙岩,25.0
20170124,15,O3,龙岩,106.0
20170124,15,O3_24h,龙岩,106.0
20170124,15,O3_8h,龙岩,76.0
20170124,15,O3_8h_24h,龙岩,76.0
20170124,15,CO,龙岩,0.63
20170124,15,CO_24h,龙岩,0.67
20170124,16,AQI,龙岩,40.0
20170124,16,PM2.5,龙岩,22.0
20170124,16,PM2.5_24h,龙岩,33.0
20170124,16,PM10,龙岩,40.0
20170124,16,PM10_24h,龙岩,52.0
20170124,16,SO2,龙岩,8.0
20170124,16,SO2_24h,龙岩,9.0
20170124,16,NO2,龙岩,14.0
20170124,16,NO2_24h,龙岩,25.0
20170124,16,O3,龙岩,104.0
20170124,16,O3_24h,龙岩,106.0
20170124,16,O3_8h,龙岩,86.0
20170124,16,O3_8h_24h,龙岩,86.0
20170124,16,CO,龙岩,0.63
20170124,16,CO_24h,龙岩,0.67
20170124,17,AQI,龙岩,41.0
20170124,17,PM2.5,龙岩,22.0
20170124,17,PM2.5_24h,龙岩,33.0
20170124,17,PM10,龙岩,41.0
20170124,17,PM10_24h,龙岩,52.0
20170124,17,SO2,龙岩,9.0
20170124,17,SO2_24h,龙岩,9.0
20170124,17,NO2,龙岩,16.0
20170124,17,NO2_24h,龙岩,25.0
20170124,17,O3,龙岩,100.0
20170124,17,O3_24h,龙岩,106.0
20170124,17,O3_8h,龙岩,92.0
20170124,17,O3_8h_24h,龙岩,92.0
20170124,17,CO,龙岩,0.67
20170124,17,CO_24h,龙岩,0.67
20170124,18,AQI,龙岩,45.0
20170124,18,PM2.5,龙岩,25.0
20170124,18,PM2.5_24h,龙岩,33.0
20170124,18,PM10,龙岩,45.0
20170124,18,PM10_24h,龙岩,52.0
20170124,18,SO2,龙岩,9.0
20170124,18,SO2_24h,龙岩,9.0
20170124,18,NO2,龙岩,20.0
20170124,18,NO2_24h,龙岩,25.0
20170124,18,O3,龙岩,86.0
20170124,18,O3_24h,龙岩,106.0
20170124,18,O3_8h,龙岩,94.0
20170124,18,O3_8h_24h,龙岩,94.0
20170124,18,CO,龙岩,0.63
20170124,18,CO_24h,龙岩,0.67
20170124,19,AQI,龙岩,42.0
20170124,19,PM2.5,龙岩,25.0
20170124,19,PM2.5_24h,龙岩,33.0
20170124,19,PM10,龙岩,42.0
20170124,19,PM10_24h,龙岩,51.0
20170124,19,SO2,龙岩,8.0
20170124,19,SO2_24h,龙岩,9.0
20170124,19,NO2,龙岩,30.0
20170124,19,NO2_24h,龙岩,25.0
20170124,19,O3,龙岩,66.0
20170124,19,O3_24h,龙岩,106.0
20170124,19,O3_8h,龙岩,93.0
20170124,19,O3_8h_24h,龙岩,94.0
20170124,19,CO,龙岩,0.6
20170124,19,CO_24h,龙岩,0.67
20170124,20,AQI,龙岩,41.0
20170124,20,PM2.5,龙岩,29.0
20170124,20,PM2.5_24h,龙岩,32.0
20170124,20,PM10,龙岩,41.0
20170124,20,PM10_24h,龙岩,51.0
20170124,20,SO2,龙岩,11.0
20170124,20,SO2_24h,龙岩,9.0
20170124,20,NO2,龙岩,33.0
20170124,20,NO2_24h,龙岩,26.0
20170124,20,O3,龙岩,58.0
20170124,20,O3_24h,龙岩,106.0
20170124,20,O3_8h,龙岩,89.0
20170124,20,O3_8h_24h,龙岩,94.0
20170124,20,CO,龙岩,0.7
20170124,20,CO_24h,龙岩,0.67
20170124,21,AQI,龙岩,46.0
20170124,21,PM2.5,龙岩,32.0
20170124,21,PM2.5_24h,龙岩,32.0
20170124,21,PM10,龙岩,45.0
20170124,21,PM10_24h,龙岩,50.0
20170124,21,SO2,龙岩,11.0
20170124,21,SO2_24h,龙岩,9.0
20170124,21,NO2,龙岩,33.0
20170124,21,NO2_24h,龙岩,26.0
20170124,21,O3,龙岩,60.0
20170124,21,O3_24h,龙岩,106.0
20170124,21,O3_8h,龙岩,85.0
20170124,21,O3_8h_24h,龙岩,94.0
20170124,21,CO,龙岩,0.6
20170124,21,CO_24h,龙岩,0.67
20170124,22,AQI,龙岩,43.0
20170124,22,PM2.5,龙岩,30.0
20170124,22,PM2.5_24h,龙岩,31.0
20170124,22,PM10,龙岩,43.0
20170124,22,PM10_24h,龙岩,49.0
20170124,22,SO2,龙岩,10.0
20170124,22,SO2_24h,龙岩,9.0
20170124,22,NO2,龙岩,39.0
20170124,22,NO2_24h,龙岩,26.0
20170124,22,O3,龙岩,49.0
20170124,22,O3_24h,龙岩,106.0
20170124,22,O3_8h,龙岩,79.0
20170124,22,O3_8h_24h,龙岩,94.0
20170124,22,CO,龙岩,0.53
20170124,22,CO_24h,龙岩,0.67
20170124,23,AQI,龙岩,43.0
20170124,23,PM2.5,龙岩,30.0
20170124,23,PM2.5_24h,龙岩,31.0
20170124,23,PM10,龙岩,38.0
20170124,23,PM10_24h,龙岩,49.0
20170124,23,SO2,龙岩,8.0
20170124,23,SO2_24h,龙岩,9.0
20170124,23,NO2,龙岩,34.0
20170124,23,NO2_24h,龙岩,26.0
20170124,23,O3,龙岩,43.0
20170124,23,O3_24h,龙岩,106.0
20170124,23,O3_8h,龙岩,71.0
20170124,23,O3_8h_24h,龙岩,94.0
20170124,23,CO,龙岩,0.6
20170124,23,CO_24h,龙岩,0.7
20170124,0,AQI,宁德,66.0
20170124,0,PM2.5,宁德,37.0
20170124,0,PM2.5_24h,宁德,46.0
20170124,0,PM10,宁德,81.0
20170124,0,PM10_24h,宁德,81.0
20170124,0,SO2,宁德,14.0
20170124,0,SO2_24h,宁德,12.0
20170124,0,NO2,宁德,18.0
20170124,0,NO2_24h,宁德,17.0
20170124,0,O3,宁德,86.0
20170124,0,O3_24h,宁德,129.0
20170124,0,O3_8h,宁德,109.0
20170124,0,O3_8h_24h,宁德,120.0
20170124,0,CO,宁德,0.7
20170124,0,CO_24h,宁德,0.8
20170124,1,AQI,宁德,68.0
20170124,1,PM2.5,宁德,34.0
20170124,1,PM2.5_24h,宁德,46.0
20170124,1,PM10,宁德,86.0
20170124,1,PM10_24h,宁德,80.0
20170124,1,SO2,宁德,14.0
20170124,1,SO2_24h,宁德,12.0
20170124,1,NO2,宁德,20.0
20170124,1,NO2_24h,宁德,17.0
20170124,1,O3,宁德,78.0
20170124,1,O3_24h,宁德,129.0
20170124,1,O3_8h,宁德,78.0
20170124,1,O3_8h_24h,宁德,78.0
20170124,1,CO,宁德,0.7
20170124,1,CO_24h,宁德,0.8
20170124,2,AQI,宁德,59.0
20170124,2,PM2.5,宁德,32.0
20170124,2,PM2.5_24h,宁德,45.0
20170124,2,PM10,宁德,68.0
20170124,2,PM10_24h,宁德,79.0
20170124,2,SO2,宁德,15.0
20170124,2,SO2_24h,宁德,12.0
20170124,2,NO2,宁德,21.0
20170124,2,NO2_24h,宁德,17.0
20170124,2,O3,宁德,72.0
20170124,2,O3_24h,宁德,129.0
20170124,2,O3_8h,宁德,75.0
20170124,2,O3_8h_24h,宁德,78.0
20170124,2,CO,宁德,0.6
20170124,2,CO_24h,宁德,0.8
20170124,3,AQI,宁德,58.0
20170124,3,PM2.5,宁德,35.0
20170124,3,PM2.5_24h,宁德,44.0
20170124,3,PM10,宁德,65.0
20170124,3,PM10_24h,宁德,78.0
20170124,3,SO2,宁德,15.0
20170124,3,SO2_24h,宁德,12.0
20170124,3,NO2,宁德,19.0
20170124,3,NO2_24h,宁德,18.0
20170124,3,O3,宁德,67.0
20170124,3,O3_24h,宁德,129.0
20170124,3,O3_8h,宁德,72.0
20170124,3,O3_8h_24h,宁德,78.0
20170124,3,CO,宁德,0.6
20170124,3,CO_24h,宁德,0.8
20170124,4,AQI,宁德,58.0
20170124,4,PM2.5,宁德,32.0
20170124,4,PM2.5_24h,宁德,44.0
20170124,4,PM10,宁德,66.0
20170124,4,PM10_24h,宁德,78.0
20170124,4,SO2,宁德,17.0
20170124,4,SO2_24h,宁德,12.0
20170124,4,NO2,宁德,16.0
20170124,4,NO2_24h,宁德,18.0
20170124,4,O3,宁德,60.0
20170124,4,O3_24h,宁德,129.0
20170124,4,O3_8h,宁德,69.0
20170124,4,O3_8h_24h,宁德,78.0
20170124,4,CO,宁德,0.6
20170124,4,CO_24h,宁德,0.8
20170124,5,AQI,宁德,53.0
20170124,5,PM2.5,宁德,32.0
20170124,5,PM2.5_24h,宁德,43.0
20170124,5,PM10,宁德,56.0
20170124,5,PM10_24h,宁德,77.0
20170124,5,SO2,宁德,19.0
20170124,5,SO2_24h,宁德,13.0
20170124,5,NO2,宁德,12.0
20170124,5,NO2_24h,宁德,18.0
20170124,5,O3,宁德,67.0
20170124,5,O3_24h,宁德,129.0
20170124,5,O3_8h,宁德,69.0
20170124,5,O3_8h_24h,宁德,78.0
20170124,5,CO,宁德,0.6
20170124,5,CO_24h,宁德,0.7
20170124,6,AQI,宁德,55.0
20170124,6,PM2.5,宁德,33.0
20170124,6,PM2.5_24h,宁德,43.0
20170124,6,PM10,宁德,59.0
20170124,6,PM10_24h,宁德,77.0
20170124,6,SO2,宁德,18.0
20170124,6,SO2_24h,宁德,13.0
20170124,6,NO2,宁德,13.0
20170124,6,NO2_24h,宁德,18.0
20170124,6,O3,宁德,63.0
20170124,6,O3_24h,宁德,129.0
20170124,6,O3_8h,宁德,68.0
20170124,6,O3_8h_24h,宁德,78.0
20170124,6,CO,宁德,0.7
20170124,6,CO_24h,宁德,0.7
20170124,7,AQI,宁德,57.0
20170124,7,PM2.5,宁德,34.0
20170124,7,PM2.5_24h,宁德,42.0
20170124,7,PM10,宁德,64.0
20170124,7,PM10_24h,宁德,77.0
20170124,7,SO2,宁德,15.0
20170124,7,SO2_24h,宁德,14.0
20170124,7,NO2,宁德,9.0
20170124,7,NO2_24h,宁德,17.0
20170124,7,O3,宁德,73.0
20170124,7,O3_24h,宁德,129.0
20170124,7,O3_8h,宁德,69.0
20170124,7,O3_8h_24h,宁德,78.0
20170124,7,CO,宁德,0.7
20170124,7,CO_24h,宁德,0.7
20170124,8,AQI,宁德,53.0
20170124,8,PM2.5,宁德,36.0
20170124,8,PM2.5_24h,宁德,42.0
20170124,8,PM10,宁德,56.0
20170124,8,PM10_24h,宁德,76.0
20170124,8,SO2,宁德,16.0
20170124,8,SO2_24h,宁德,14.0
20170124,8,NO2,宁德,9.0
20170124,8,NO2_24h,宁德,17.0
20170124,8,O3,宁德,72.0
20170124,8,O3_24h,宁德,129.0
20170124,8,O3_8h,宁德,69.0
20170124,8,O3_8h_24h,宁德,78.0
20170124,8,CO,宁德,0.7
20170124,8,CO_24h,宁德,0.7
20170124,9,AQI,宁德,56.0
20170124,9,PM2.5,宁德,37.0
20170124,9,PM2.5_24h,宁德,42.0
20170124,9,PM10,宁德,62.0
20170124,9,PM10_24h,宁德,76.0
20170124,9,SO2,宁德,15.0
20170124,9,SO2_24h,宁德,14.0
20170124,9,NO2,宁德,18.0
20170124,9,NO2_24h,宁德,16.0
20170124,9,O3,宁德,59.0
20170124,9,O3_24h,宁德,129.0
20170124,9,O3_8h,宁德,67.0
20170124,9,O3_8h_24h,宁德,78.0
20170124,9,CO,宁德,0.8
20170124,9,CO_24h,宁德,0.7
20170124,10,AQI,宁德,60.0
20170124,10,PM2.5,宁德,39.0
20170124,10,PM2.5_24h,宁德,42.0
20170124,10,PM10,宁德,70.0
20170124,10,PM10_24h,宁德,75.0
20170124,10,SO2,宁德,13.0
20170124,10,SO2_24h,宁德,14.0
20170124,10,NO2,宁德,22.0
20170124,10,NO2_24h,宁德,16.0
20170124,10,O3,宁德,57.0
20170124,10,O3_24h,宁德,129.0
20170124,10,O3_8h,宁德,65.0
20170124,10,O3_8h_24h,宁德,78.0
20170124,10,CO,宁德,0.8
20170124,10,CO_24h,宁德,0.7
20170124,11,AQI,宁德,65.0
20170124,11,PM2.5,宁德,47.0
20170124,11,PM2.5_24h,宁德,42.0
20170124,11,PM10,宁德,78.0
20170124,11,PM10_24h,宁德,74.0
20170124,11,SO2,宁德,13.0
20170124,11,SO2_24h,宁德,14.0
20170124,11,NO2,宁德,32.0
20170124,11,NO2_24h,宁德,17.0
20170124,11,O3,宁德,55.0
20170124,11,O3_24h,宁德,129.0
20170124,11,O3_8h,宁德,63.0
20170124,11,O3_8h_24h,宁德,78.0
20170124,11,CO,宁德,0.9
20170124,11,CO_24h,宁德,0.7
20170124,12,AQI,宁德,72.0
20170124,12,PM2.5,宁德,51.0
20170124,12,PM2.5_24h,宁德,42.0
20170124,12,PM10,宁德,93.0
20170124,12,PM10_24h,宁德,74.0
20170124,12,SO2,宁德,13.0
20170124,12,SO2_24h,宁德,14.0
20170124,12,NO2,宁德,30.0
20170124,12,NO2_24h,宁德,18.0
20170124,12,O3,宁德,57.0
20170124,12,O3_24h,宁德,129.0
20170124,12,O3_8h,宁德,63.0
20170124,12,O3_8h_24h,宁德,78.0
20170124,12,CO,宁德,0.9
20170124,12,CO_24h,宁德,0.7
20170124,13,AQI,宁德,73.0
20170124,13,PM2.5,宁德,53.0
20170124,13,PM2.5_24h,宁德,42.0
20170124,13,PM10,宁德,96.0
20170124,13,PM10_24h,宁德,74.0
20170124,13,SO2,宁德,13.0
20170124,13,SO2_24h,宁德,14.0
20170124,13,NO2,宁德,40.0
20170124,13,NO2_24h,宁德,19.0
20170124,13,O3,宁德,52.0
20170124,13,O3_24h,宁德,129.0
20170124,13,O3_8h,宁德,61.0
20170124,13,O3_8h_24h,宁德,78.0
20170124,13,CO,宁德,1.0
20170124,13,CO_24h,宁德,0.7
20170124,14,AQI,宁德,69.0
20170124,14,PM2.5,宁德,38.0
20170124,14,PM2.5_24h,宁德,41.0
20170124,14,PM10,宁德,87.0
20170124,14,PM10_24h,宁德,74.0
20170124,14,SO2,宁德,13.0
20170124,14,SO2_24h,宁德,14.0
20170124,14,NO2,宁德,34.0
20170124,14,NO2_24h,宁德,20.0
20170124,14,O3,宁德,61.0
20170124,14,O3_24h,宁德,129.0
20170124,14,O3_8h,宁德,61.0
20170124,14,O3_8h_24h,宁德,78.0
20170124,14,CO,宁德,0.8
20170124,14,CO_24h,宁德,0.7
20170124,15,AQI,宁德,51.0
20170124,15,PM2.5,宁德,25.0
20170124,15,PM2.5_24h,宁德,40.0
20170124,15,PM10,宁德,52.0
20170124,15,PM10_24h,宁德,73.0
20170124,15,SO2,宁德,12.0
20170124,15,SO2_24h,宁德,14.0
20170124,15,NO2,宁德,19.0
20170124,15,NO2_24h,宁德,20.0
20170124,15,O3,宁德,79.0
20170124,15,O3_24h,宁德,127.0
20170124,15,O3_8h,宁德,62.0
20170124,15,O3_8h_24h,宁德,78.0
20170124,15,CO,宁德,0.8
20170124,15,CO_24h,宁德,0.7
20170124,16,AQI,宁德,47.0
20170124,16,PM2.5,宁德,23.0
20170124,16,PM2.5_24h,宁德,39.0
20170124,16,PM10,宁德,47.0
20170124,16,PM10_24h,宁德,72.0
20170124,16,SO2,宁德,9.0
20170124,16,SO2_24h,宁德,14.0
20170124,16,NO2,宁德,22.0
20170124,16,NO2_24h,宁德,20.0
20170124,16,O3,宁德,76.0
20170124,16,O3_24h,宁德,123.0
20170124,16,O3_8h,宁德,62.0
20170124,16,O3_8h_24h,宁德,78.0
20170124,16,CO,宁德,0.7
20170124,16,CO_24h,宁德,0.7
20170124,17,AQI,宁德,34.0
20170124,17,PM2.5,宁德,23.0
20170124,17,PM2.5_24h,宁德,38.0
20170124,17,PM10,宁德,34.0
20170124,17,PM10_24h,宁德,69.0
20170124,17,SO2,宁德,8.0
20170124,17,SO2_24h,宁德,14.0
20170124,17,NO2,宁德,26.0
20170124,17,NO2_24h,宁德,20.0
20170124,17,O3,宁德,72.0
20170124,17,O3_24h,宁德,120.0
20170124,17,O3_8h,宁德,64.0
20170124,17,O3_8h_24h,宁德,78.0
20170124,17,CO,宁德,0.7
20170124,17,CO_24h,宁德,0.7
20170124,18,AQI,宁德,37.0
20170124,18,PM2.5,宁德,24.0
20170124,18,PM2.5_24h,宁德,37.0
20170124,18,PM10,宁德,37.0
20170124,18,PM10_24h,宁德,68.0
20170124,18,SO2,宁德,8.0
20170124,18,SO2_24h,宁德,14.0
20170124,18,NO2,宁德,40.0
20170124,18,NO2_24h,宁德,21.0
20170124,18,O3,宁德,57.0
20170124,18,O3_24h,宁德,120.0
20170124,18,O3_8h,宁德,64.0
20170124,18,O3_8h_24h,宁德,78.0
20170124,18,CO,宁德,0.8
20170124,18,CO_24h,宁德,0.7
20170124,19,AQI,宁德,40.0
20170124,19,PM2.5,宁德,23.0
20170124,19,PM2.5_24h,宁德,36.0
20170124,19,PM10,宁德,40.0
20170124,19,PM10_24h,宁德,67.0
20170124,19,SO2,宁德,8.0
20170124,19,SO2_24h,宁德,14.0
20170124,19,NO2,宁德,36.0
20170124,19,NO2_24h,宁德,22.0
20170124,19,O3,宁德,57.0
20170124,19,O3_24h,宁德,120.0
20170124,19,O3_8h,宁德,64.0
20170124,19,O3_8h_24h,宁德,78.0
20170124,19,CO,宁德,0.7
20170124,19,CO_24h,宁德,0.7
20170124,20,AQI,宁德,34.0
20170124,20,PM2.5,宁德,24.0
20170124,20,PM2.5_24h,宁德,35.0
20170124,20,PM10,宁德,33.0
20170124,20,PM10_24h,宁德,65.0
20170124,20,SO2,宁德,8.0
20170124,20,SO2_24h,宁德,13.0
20170124,20,NO2,宁德,41.0
20170124,20,NO2_24h,宁德,23.0
20170124,20,O3,宁德,47.0
20170124,20,O3_24h,宁德,120.0
20170124,20,O3_8h,宁德,63.0
20170124,20,O3_8h_24h,宁德,78.0
20170124,20,CO,宁德,0.8
20170124,20,CO_24h,宁德,0.7
20170124,21,AQI,宁德,41.0
20170124,21,PM2.5,宁德,29.0
20170124,21,PM2.5_24h,宁德,34.0
20170124,21,PM10,宁德,40.0
20170124,21,PM10_24h,宁德,63.0
20170124,21,SO2,宁德,7.0
20170124,21,SO2_24h,宁德,13.0
20170124,21,NO2,宁德,35.0
20170124,21,NO2_24h,宁德,24.0
20170124,21,O3,宁德,44.0
20170124,21,O3_24h,宁德,108.0
20170124,21,O3_8h,宁德,62.0
20170124,21,O3_8h_24h,宁德,78.0
20170124,21,CO,宁德,0.8
20170124,21,CO_24h,宁德,0.7
20170124,22,AQI,宁德,51.0
20170124,22,PM2.5,宁德,31.0
20170124,22,PM2.5_24h,宁德,34.0
20170124,22,PM10,宁德,52.0
20170124,22,PM10_24h,宁德,62.0
20170124,22,SO2,宁德,8.0
20170124,22,SO2_24h,宁德,13.0
20170124,22,NO2,宁德,38.0
20170124,22,NO2_24h,宁德,25.0
20170124,22,O3,宁德,37.0
20170124,22,O3_24h,宁德,93.0
20170124,22,O3_8h,宁德,59.0
20170124,22,O3_8h_24h,宁德,78.0
20170124,22,CO,宁德,0.9
20170124,22,CO_24h,宁德,0.8
20170124,23,AQI,宁德,56.0
20170124,23,PM2.5,宁德,33.0
20170124,23,PM2.5_24h,宁德,34.0
20170124,23,PM10,宁德,61.0
20170124,23,PM10_24h,宁德,62.0
20170124,23,SO2,宁德,9.0
20170124,23,SO2_24h,宁德,12.0
20170124,23,NO2,宁德,47.0
20170124,23,NO2_24h,宁德,26.0
20170124,23,O3,宁德,21.0
20170124,23,O3_24h,宁德,86.0
20170124,23,O3_8h,宁德,51.0
20170124,23,O3_8h_24h,宁德,78.0
20170124,23,CO,宁德,1.2
20170124,23,CO_24h,宁德,0.8
20170124,0,AQI,景德镇,83.0
20170124,0,PM2.5,景德镇,61.0
20170124,0,PM2.5_24h,景德镇,47.0
20170124,0,PM10,景德镇,109.0
20170124,0,PM10_24h,景德镇,91.0
20170124,0,SO2,景德镇,11.0
20170124,0,SO2_24h,景德镇,9.0
20170124,0,NO2,景德镇,43.0
20170124,0,NO2_24h,景德镇,32.0
20170124,0,O3,景德镇,26.0
20170124,0,O3_24h,景德镇,108.0
20170124,0,O3_8h,景德镇,43.0
20170124,0,O3_8h_24h,景德镇,89.0
20170124,0,CO,景德镇,0.63
20170124,0,CO_24h,景德镇,0.63
20170124,1,AQI,景德镇,68.0
20170124,1,PM2.5,景德镇,45.0
20170124,1,PM2.5_24h,景德镇,47.0
20170124,1,PM10,景德镇,86.0
20170124,1,PM10_24h,景德镇,90.0
20170124,1,SO2,景德镇,6.0
20170124,1,SO2_24h,景德镇,9.0
20170124,1,NO2,景德镇,26.0
20170124,1,NO2_24h,景德镇,31.0
20170124,1,O3,景德镇,43.0
20170124,1,O3_24h,景德镇,108.0
20170124,1,O3_8h,景德镇,43.0
20170124,1,O3_8h_24h,景德镇,43.0
20170124,1,CO,景德镇,0.42
20170124,1,CO_24h,景德镇,0.63
20170124,2,AQI,景德镇,63.0
20170124,2,PM2.5,景德镇,38.0
20170124,2,PM2.5_24h,景德镇,47.0
20170124,2,PM10,景德镇,75.0
20170124,2,PM10_24h,景德镇,90.0
20170124,2,SO2,景德镇,5.0
20170124,2,SO2_24h,景德镇,9.0
20170124,2,NO2,景德镇,23.0
20170124,2,NO2_24h,景德镇,31.0
20170124,2,O3,景德镇,42.0
20170124,2,O3_24h,景德镇,108.0
20170124,2,O3_8h,景德镇,43.0
20170124,2,O3_8h_24h,景德镇,44.0
20170124,2,CO,景德镇,0.5
20170124,2,CO_24h,景德镇,0.63
20170124,3,AQI,景德镇,59.0
20170124,3,PM2.5,景德镇,42.0
20170124,3,PM2.5_24h,景德镇,47.0
20170124,3,PM10,景德镇,63.0
20170124,3,PM10_24h,景德镇,89.0
20170124,3,SO2,景德镇,12.0
20170124,3,SO2_24h,景德镇,9.0
20170124,3,NO2,景德镇,20.0
20170124,3,NO2_24h,景德镇,31.0
20170124,3,O3,景德镇,38.0
20170124,3,O3_24h,景德镇,108.0
20170124,3,O3_8h,景德镇,41.0
20170124,3,O3_8h_24h,景德镇,44.0
20170124,3,CO,景德镇,0.53
20170124,3,CO_24h,景德镇,0.63
20170124,4,AQI,景德镇,60.0
20170124,4,PM2.5,景德镇,43.0
20170124,4,PM2.5_24h,景德镇,47.0
20170124,4,PM10,景德镇,60.0
20170124,4,PM10_24h,景德镇,87.0
20170124,4,SO2,景德镇,5.0
20170124,4,SO2_24h,景德镇,9.0
20170124,4,NO2,景德镇,18.0
20170124,4,NO2_24h,景德镇,30.0
20170124,4,O3,景德镇,40.0
20170124,4,O3_24h,景德镇,108.0
20170124,4,O3_8h,景德镇,41.0
20170124,4,O3_8h_24h,景德镇,45.0
20170124,4,CO,景德镇,0.58
20170124,4,CO_24h,景德镇,0.63
20170124,5,AQI,景德镇,56.0
20170124,5,PM2.5,景德镇,40.0
20170124,5,PM2.5_24h,景德镇,48.0
20170124,5,PM10,景德镇,59.0
20170124,5,PM10_24h,景德镇,86.0
20170124,5,SO2,景德镇,5.0
20170124,5,SO2_24h,景德镇,9.0
20170124,5,NO2,景德镇,16.0
20170124,5,NO2_24h,景德镇,29.0
20170124,5,O3,景德镇,44.0
20170124,5,O3_24h,景德镇,108.0
20170124,5,O3_8h,景德镇,42.0
20170124,5,O3_8h_24h,景德镇,45.0
20170124,5,CO,景德镇,0.55
20170124,5,CO_24h,景德镇,0.63
20170124,6,AQI,景德镇,54.0
20170124,6,PM2.5,景德镇,38.0
20170124,6,PM2.5_24h,景德镇,47.0
20170124,6,PM10,景德镇,54.0
20170124,6,PM10_24h,景德镇,84.0
20170124,6,SO2,景德镇,5.0
20170124,6,SO2_24h,景德镇,9.0
20170124,6,NO2,景德镇,17.0
20170124,6,NO2_24h,景德镇,29.0
20170124,6,O3,景德镇,38.0
20170124,6,O3_24h,景德镇,108.0
20170124,6,O3_8h,景德镇,41.0
20170124,6,O3_8h_24h,景德镇,45.0
20170124,6,CO,景德镇,0.6
20170124,6,CO_24h,景德镇,0.6
20170124,7,AQI,景德镇,64.0
20170124,7,PM2.5,景德镇,46.0
20170124,7,PM2.5_24h,景德镇,48.0
20170124,7,PM10,景德镇,58.0
20170124,7,PM10_24h,景德镇,84.0
20170124,7,SO2,景德镇,5.0
20170124,7,SO2_24h,景德镇,9.0
20170124,7,NO2,景德镇,21.0
20170124,7,NO2_24h,景德镇,29.0
20170124,7,O3,景德镇,33.0
20170124,7,O3_24h,景德镇,108.0
20170124,7,O3_8h,景德镇,40.0
20170124,7,O3_8h_24h,景德镇,45.0
20170124,7,CO,景德镇,0.65
20170124,7,CO_24h,景德镇,0.6
20170124,8,AQI,景德镇,64.0
20170124,8,PM2.5,景德镇,46.0
20170124,8,PM2.5_24h,景德镇,48.0
20170124,8,PM10,景德镇,64.0
20170124,8,PM10_24h,景德镇,84.0
20170124,8,SO2,景德镇,6.0
20170124,8,SO2_24h,景德镇,9.0
20170124,8,NO2,景德镇,25.0
20170124,8,NO2_24h,景德镇,29.0
20170124,8,O3,景德镇,32.0
20170124,8,O3_24h,景德镇,108.0
20170124,8,O3_8h,景德镇,39.0
20170124,8,O3_8h_24h,景德镇,45.0
20170124,8,CO,景德镇,0.75
20170124,8,CO_24h,景德镇,0.6
20170124,9,AQI,景德镇,68.0
20170124,9,PM2.5,景德镇,49.0
20170124,9,PM2.5_24h,景德镇,48.0
20170124,9,PM10,景德镇,69.0
20170124,9,PM10_24h,景德镇,84.0
20170124,9,SO2,景德镇,8.0
20170124,9,SO2_24h,景德镇,9.0
20170124,9,NO2,景德镇,27.0
20170124,9,NO2_24h,景德镇,28.0
20170124,9,O3,景德镇,42.0
20170124,9,O3_24h,景德镇,108.0
20170124,9,O3_8h,景德镇,38.0
20170124,9,O3_8h_24h,景德镇,45.0
20170124,9,CO,景德镇,0.82
20170124,9,CO_24h,景德镇,0.6
20170124,10,AQI,景德镇,69.0
20170124,10,PM2.5,景德镇,50.0
20170124,10,PM2.5_24h,景德镇,49.0
20170124,10,PM10,景德镇,80.0
20170124,10,PM10_24h,景德镇,82.0
20170124,10,SO2,景德镇,9.0
20170124,10,SO2_24h,景德镇,9.0
20170124,10,NO2,景德镇,22.0
20170124,10,NO2_24h,景德镇,28.0
20170124,10,O3,景德镇,55.0
20170124,10,O3_24h,景德镇,108.0
20170124,10,O3_8h,景德镇,40.0
20170124,10,O3_8h_24h,景德镇,45.0
20170124,10,CO,景德镇,0.7
20170124,10,CO_24h,景德镇,0.6
20170124,11,AQI,景德镇,65.0
20170124,11,PM2.5,景德镇,47.0
20170124,11,PM2.5_24h,景德镇,48.0
20170124,11,PM10,景德镇,74.0
20170124,11,PM10_24h,景德镇,82.0
20170124,11,SO2,景德镇,9.0
20170124,11,SO2_24h,景德镇,8.0
20170124,11,NO2,景德镇,22.0
20170124,11,NO2_24h,景德镇,28.0
20170124,11,O3,景德镇,68.0
20170124,11,O3_24h,景德镇,108.0
20170124,11,O3_8h,景德镇,44.0
20170124,11,O3_8h_24h,景德镇,46.0
20170124,11,CO,景德镇,0.6
20170124,11,CO_24h,景德镇,0.6
20170124,12,AQI,景德镇,65.0
20170124,12,PM2.5,景德镇,47.0
20170124,12,PM2.5_24h,景德镇,48.0
20170124,12,PM10,景德镇,73.0
20170124,12,PM10_24h,景德镇,81.0
20170124,12,SO2,景德镇,8.0
20170124,12,SO2_24h,景德镇,8.0
20170124,12,NO2,景德镇,23.0
20170124,12,NO2_24h,景德镇,28.0
20170124,12,O3,景德镇,77.0
20170124,12,O3_24h,景德镇,108.0
20170124,12,O3_8h,景德镇,49.0
20170124,12,O3_8h_24h,景德镇,51.0
20170124,12,CO,景德镇,0.63
20170124,12,CO_24h,景德镇,0.6
20170124,13,AQI,景德镇,83.0
20170124,13,PM2.5,景德镇,39.0
20170124,13,PM2.5_24h,景德镇,48.0
20170124,13,PM10,景德镇,115.0
20170124,13,PM10_24h,景德镇,83.0
20170124,13,SO2,景德镇,7.0
20170124,13,SO2_24h,景德镇,8.0
20170124,13,NO2,景德镇,18.0
20170124,13,NO2_24h,景德镇,28.0
20170124,13,O3,景德镇,90.0
20170124,13,O3_24h,景德镇,108.0
20170124,13,O3_8h,景德镇,54.0
20170124,13,O3_8h_24h,景德镇,56.0
20170124,13,CO,景德镇,0.52
20170124,13,CO_24h,景德镇,0.6
20170124,14,AQI,景德镇,66.0
20170124,14,PM2.5,景德镇,48.0
20170124,14,PM2.5_24h,景德镇,48.0
20170124,14,PM10,景德镇,65.0
20170124,14,PM10_24h,景德镇,83.0
20170124,14,SO2,景德镇,9.0
20170124,14,SO2_24h,景德镇,8.0
20170124,14,NO2,景德镇,13.0
20170124,14,NO2_24h,景德镇,28.0
20170124,14,O3,景德镇,103.0
20170124,14,O3_24h,景德镇,108.0
20170124,14,O3_8h,景德镇,62.0
20170124,14,O3_8h_24h,景德镇,63.0
20170124,14,CO,景德镇,0.48
20170124,14,CO_24h,景德镇,0.6
20170124,15,AQI,景德镇,61.0
20170124,15,PM2.5,景德镇,42.0
20170124,15,PM2.5_24h,景德镇,48.0
20170124,15,PM10,景德镇,72.0
20170124,15,PM10_24h,景德镇,83.0
20170124,15,SO2,景德镇,7.0
20170124,15,SO2_24h,景德镇,8.0
20170124,15,NO2,景德镇,13.0
20170124,15,NO2_24h,景德镇,28.0
20170124,15,O3,景德镇,111.0
20170124,15,O3_24h,景德镇,111.0
20170124,15,O3_8h,景德镇,72.0
20170124,15,O3_8h_24h,景德镇,72.0
20170124,15,CO,景德镇,0.45
20170124,15,CO_24h,景德镇,0.6
20170124,16,AQI,景德镇,56.0
20170124,16,PM2.5,景德镇,40.0
20170124,16,PM2.5_24h,景德镇,47.0
20170124,16,PM10,景德镇,60.0
20170124,16,PM10_24h,景德镇,83.0
20170124,16,SO2,景德镇,7.0
20170124,16,SO2_24h,景德镇,7.0
20170124,16,NO2,景德镇,11.0
20170124,16,NO2_24h,景德镇,24.0
20170124,16,O3,景德镇,112.0
20170124,16,O3_24h,景德镇,112.0
20170124,16,O3_8h,景德镇,80.0
20170124,16,O3_8h_24h,景德镇,80.0
20170124,16,CO,景德镇,0.37
20170124,16,CO_24h,景德镇,0.6
20170124,17,AQI,景德镇,64.0
20170124,17,PM2.5,景德镇,46.0
20170124,17,PM2.5_24h,景德镇,47.0
20170124,17,PM10,景德镇,73.0
20170124,17,PM10_24h,景德镇,84.0
20170124,17,SO2,景德镇,7.0
20170124,17,SO2_24h,景德镇,7.0
20170124,17,NO2,景德镇,12.0
20170124,17,NO2_24h,景德镇,24.0
20170124,17,O3,景德镇,108.0
20170124,17,O3_24h,景德镇,112.0
20170124,17,O3_8h,景德镇,88.0
20170124,17,O3_8h_24h,景德镇,88.0
20170124,17,CO,景德镇,0.4
20170124,17,CO_24h,景德镇,0.6
20170124,18,AQI,景德镇,80.0
20170124,18,PM2.5,景德镇,38.0
20170124,18,PM2.5_24h,景德镇,47.0
20170124,18,PM10,景德镇,110.0
20170124,18,PM10_24h,景德镇,87.0
20170124,18,SO2,景德镇,7.0
20170124,18,SO2_24h,景德镇,7.0
20170124,18,NO2,景德镇,27.0
20170124,18,NO2_24h,景德镇,24.0
20170124,18,O3,景德镇,80.0
20170124,18,O3_24h,景德镇,112.0
20170124,18,O3_8h,景德镇,92.0
20170124,18,O3_8h_24h,景德镇,92.0
20170124,18,CO,景德镇,0.53
20170124,18,CO_24h,景德镇,0.6
20170124,19,AQI,景德镇,83.0
20170124,19,PM2.5,景德镇,61.0
20170124,19,PM2.5_24h,景德镇,50.0
20170124,19,PM10,景德镇,99.0
20170124,19,PM10_24h,景德镇,88.0
20170124,19,SO2,景德镇,10.0
20170124,19,SO2_24h,景德镇,8.0
20170124,19,NO2,景德镇,52.0
20170124,19,NO2_24h,景德镇,29.0
20170124,19,O3,景德镇,48.0
20170124,19,O3_24h,景德镇,115.0
20170124,19,O3_8h,景德镇,90.0
20170124,19,O3_8h_24h,景德镇,92.0
20170124,19,CO,景德镇,0.98
20170124,19,CO_24h,景德镇,0.65
20170124,20,AQI,景德镇,111.0
20170124,20,PM2.5,景德镇,84.0
20170124,20,PM2.5_24h,景德镇,51.0
20170124,20,PM10,景德镇,146.0
20170124,20,PM10_24h,景德镇,89.0
20170124,20,SO2,景德镇,16.0
20170124,20,SO2_24h,景德镇,8.0
20170124,20,NO2,景德镇,51.0
20170124,20,NO2_24h,景德镇,29.0
20170124,20,O3,景德镇,38.0
20170124,20,O3_24h,景德镇,115.0
20170124,20,O3_8h,景德镇,84.0
20170124,20,O3_8h_24h,景德镇,92.0
20170124,20,CO,景德镇,0.95
20170124,20,CO_24h,景德镇,0.65
20170124,21,AQI,景德镇,118.0
20170124,21,PM2.5,景德镇,89.0
20170124,21,PM2.5_24h,景德镇,52.0
20170124,21,PM10,景德镇,158.0
20170124,21,PM10_24h,景德镇,89.0
20170124,21,SO2,景德镇,17.0
20170124,21,SO2_24h,景德镇,9.0
20170124,21,NO2,景德镇,56.0
20170124,21,NO2_24h,景德镇,28.0
20170124,21,O3,景德镇,30.0
20170124,21,O3_24h,景德镇,115.0
20170124,21,O3_8h,景德镇,75.0
20170124,21,O3_8h_24h,景德镇,92.0
20170124,21,CO,景德镇,0.93
20170124,21,CO_24h,景德镇,0.65
20170124,22,AQI,景德镇,101.0
20170124,22,PM2.5,景德镇,76.0
20170124,22,PM2.5_24h,景德镇,52.0
20170124,22,PM10,景德镇,139.0
20170124,22,PM10_24h,景德镇,89.0
20170124,22,SO2,景德镇,15.0
20170124,22,SO2_24h,景德镇,9.0
20170124,22,NO2,景德镇,39.0
20170124,22,NO2_24h,景德镇,28.0
20170124,22,O3,景德镇,54.0
20170124,22,O3_24h,景德镇,115.0
20170124,22,O3_8h,景德镇,68.0
20170124,22,O3_8h_24h,景德镇,92.0
20170124,22,CO,景德镇,0.7
20170124,22,CO_24h,景德镇,0.65
20170124,23,AQI,景德镇,83.0
20170124,23,PM2.5,景德镇,61.0
20170124,23,PM2.5_24h,景德镇,51.0
20170124,23,PM10,景德镇,101.0
20170124,23,PM10_24h,景德镇,87.0
20170124,23,SO2,景德镇,10.0
20170124,23,SO2_24h,景德镇,9.0
20170124,23,NO2,景德镇,31.0
20170124,23,NO2_24h,景德镇,27.0
20170124,23,O3,景德镇,73.0
20170124,23,O3_24h,景德镇,115.0
20170124,23,O3_8h,景德镇,62.0
20170124,23,O3_8h_24h,景德镇,92.0
20170124,23,CO,景德镇,0.57
20170124,23,CO_24h,景德镇,0.65
20170124,0,AQI,萍乡,108.0
20170124,0,PM2.5,萍乡,81.0
20170124,0,PM2.5_24h,萍乡,72.0
20170124,0,PM10,萍乡,127.0
20170124,0,PM10_24h,萍乡,113.0
20170124,0,SO2,萍乡,19.0
20170124,0,SO2_24h,萍乡,19.0
20170124,0,NO2,萍乡,35.0
20170124,0,NO2_24h,萍乡,25.0
20170124,0,O3,萍乡,31.0
20170124,0,O3_24h,萍乡,84.0
20170124,0,O3_8h,萍乡,54.0
20170124,0,O3_8h_24h,萍乡,76.0
20170124,0,CO,萍乡,1.47
20170124,0,CO_24h,萍乡,1.38
20170124,1,AQI,萍乡,106.0
20170124,1,PM2.5,萍乡,80.0
20170124,1,PM2.5_24h,萍乡,72.0
20170124,1,PM10,萍乡,117.0
20170124,1,PM10_24h,萍乡,112.0
20170124,1,SO2,萍乡,17.0
20170124,1,SO2_24h,萍乡,19.0
20170124,1,NO2,萍乡,26.0
20170124,1,NO2_24h,萍乡,25.0
20170124,1,O3,萍乡,35.0
20170124,1,O3_24h,萍乡,84.0
20170124,1,O3_8h,萍乡,35.0
20170124,1,O3_8h_24h,萍乡,35.0
20170124,1,CO,萍乡,1.3
20170124,1,CO_24h,萍乡,1.4
20170124,2,AQI,萍乡,86.0
20170124,2,PM2.5,萍乡,64.0
20170124,2,PM2.5_24h,萍乡,71.0
20170124,2,PM10,萍乡,98.0
20170124,2,PM10_24h,萍乡,110.0
20170124,2,SO2,萍乡,16.0
20170124,2,SO2_24h,萍乡,19.0
20170124,2,NO2,萍乡,18.0
20170124,2,NO2_24h,萍乡,24.0
20170124,2,O3,萍乡,42.0
20170124,2,O3_24h,萍乡,84.0
20170124,2,O3_8h,萍乡,39.0
20170124,2,O3_8h_24h,萍乡,39.0
20170124,2,CO,萍乡,1.1
20170124,2,CO_24h,萍乡,1.38
20170124,3,AQI,萍乡,81.0
20170124,3,PM2.5,萍乡,60.0
20170124,3,PM2.5_24h,萍乡,69.0
20170124,3,PM10,萍乡,85.0
20170124,3,PM10_24h,萍乡,109.0
20170124,3,SO2,萍乡,14.0
20170124,3,SO2_24h,萍乡,19.0
20170124,3,NO2,萍乡,13.0
20170124,3,NO2_24h,萍乡,24.0
20170124,3,O3,萍乡,50.0
20170124,3,O3_24h,萍乡,84.0
20170124,3,O3_8h,萍乡,42.0
20170124,3,O3_8h_24h,萍乡,42.0
20170124,3,CO,萍乡,0.93
20170124,3,CO_24h,萍乡,1.35
20170124,4,AQI,萍乡,71.0
20170124,4,PM2.5,萍乡,52.0
20170124,4,PM2.5_24h,萍乡,68.0
20170124,4,PM10,萍乡,79.0
20170124,4,PM10_24h,萍乡,107.0
20170124,4,SO2,萍乡,15.0
20170124,4,SO2_24h,萍乡,19.0
20170124,4,NO2,萍乡,12.0
20170124,4,NO2_24h,萍乡,23.0
20170124,4,O3,萍乡,52.0
20170124,4,O3_24h,萍乡,84.0
20170124,4,O3_8h,萍乡,45.0
20170124,4,O3_8h_24h,萍乡,45.0
20170124,4,CO,萍乡,0.9
20170124,4,CO_24h,萍乡,1.35
20170124,5,AQI,萍乡,73.0
20170124,5,PM2.5,萍乡,53.0
20170124,5,PM2.5_24h,萍乡,67.0
20170124,5,PM10,萍乡,76.0
20170124,5,PM10_24h,萍乡,106.0
20170124,5,SO2,萍乡,15.0
20170124,5,SO2_24h,萍乡,19.0
20170124,5,NO2,萍乡,9.0
20170124,5,NO2_24h,萍乡,23.0
20170124,5,O3,萍乡,57.0
20170124,5,O3_24h,萍乡,84.0
20170124,5,O3_8h,萍乡,47.0
20170124,5,O3_8h_24h,萍乡,47.0
20170124,5,CO,萍乡,0.9
20170124,5,CO_24h,萍乡,1.35
20170124,6,AQI,萍乡,78.0
20170124,6,PM2.5,萍乡,57.0
20170124,6,PM2.5_24h,萍乡,66.0
20170124,6,PM10,萍乡,87.0
20170124,6,PM10_24h,萍乡,104.0
20170124,6,SO2,萍乡,17.0
20170124,6,SO2_24h,萍乡,19.0
20170124,6,NO2,萍乡,12.0
20170124,6,NO2_24h,萍乡,22.0
20170124,6,O3,萍乡,54.0
20170124,6,O3_24h,萍乡,84.0
20170124,6,O3_8h,萍乡,49.0
20170124,6,O3_8h_24h,萍乡,49.0
20170124,6,CO,萍乡,1.18
20170124,6,CO_24h,萍乡,1.3
20170124,7,AQI,萍乡,89.0
20170124,7,PM2.5,萍乡,66.0
20170124,7,PM2.5_24h,萍乡,65.0
20170124,7,PM10,萍乡,96.0
20170124,7,PM10_24h,萍乡,104.0
20170124,7,SO2,萍乡,19.0
20170124,7,SO2_24h,萍乡,20.0
20170124,7,NO2,萍乡,16.0
20170124,7,NO2_24h,萍乡,22.0
20170124,7,O3,萍乡,48.0
20170124,7,O3_24h,萍乡,84.0
20170124,7,O3_8h,萍乡,48.0
20170124,7,O3_8h_24h,萍乡,49.0
20170124,7,CO,萍乡,1.25
20170124,7,CO_24h,萍乡,1.3
20170124,8,AQI,萍乡,94.0
20170124,8,PM2.5,萍乡,70.0
20170124,8,PM2.5_24h,萍乡,64.0
20170124,8,PM10,萍乡,109.0
20170124,8,PM10_24h,萍乡,102.0
20170124,8,SO2,萍乡,22.0
20170124,8,SO2_24h,萍乡,20.0
20170124,8,NO2,萍乡,28.0
20170124,8,NO2_24h,萍乡,22.0
20170124,8,O3,萍乡,38.0
20170124,8,O3_24h,萍乡,84.0
20170124,8,O3_8h,萍乡,47.0
20170124,8,O3_8h_24h,萍乡,49.0
20170124,8,CO,萍乡,1.48
20170124,8,CO_24h,萍乡,1.3
20170124,9,AQI,萍乡,114.0
20170124,9,PM2.5,萍乡,86.0
20170124,9,PM2.5_24h,萍乡,64.0
20170124,9,PM10,萍乡,130.0
20170124,9,PM10_24h,萍乡,102.0
20170124,9,SO2,萍乡,37.0
20170124,9,SO2_24h,萍乡,20.0
20170124,9,NO2,萍乡,30.0
20170124,9,NO2_24h,萍乡,22.0
20170124,9,O3,萍乡,36.0
20170124,9,O3_24h,萍乡,84.0
20170124,9,O3_8h,萍乡,47.0
20170124,9,O3_8h_24h,萍乡,50.0
20170124,9,CO,萍乡,1.48
20170124,9,CO_24h,萍乡,1.27
20170124,10,AQI,萍乡,106.0
20170124,10,PM2.5,萍乡,80.0
20170124,10,PM2.5_24h,萍乡,63.0
20170124,10,PM10,萍乡,121.0
20170124,10,PM10_24h,萍乡,101.0
20170124,10,SO2,萍乡,30.0
20170124,10,SO2_24h,萍乡,20.0
20170124,10,NO2,萍乡,30.0
20170124,10,NO2_24h,萍乡,22.0
20170124,10,O3,萍乡,38.0
20170124,10,O3_24h,萍乡,84.0
20170124,10,O3_8h,萍乡,47.0
20170124,10,O3_8h_24h,萍乡,51.0
20170124,10,CO,萍乡,1.73
20170124,10,CO_24h,萍乡,1.23
20170124,11,AQI,萍乡,106.0
20170124,11,PM2.5,萍乡,80.0
20170124,11,PM2.5_24h,萍乡,63.0
20170124,11,PM10,萍乡,120.0
20170124,11,PM10_24h,萍乡,101.0
20170124,11,SO2,萍乡,29.0
20170124,11,SO2_24h,萍乡,20.0
20170124,11,NO2,萍乡,26.0
20170124,11,NO2_24h,萍乡,22.0
20170124,11,O3,萍乡,47.0
20170124,11,O3_24h,萍乡,84.0
20170124,11,O3_8h,萍乡,46.0
20170124,11,O3_8h_24h,萍乡,51.0
20170124,11,CO,萍乡,1.55
20170124,11,CO_24h,萍乡,1.23
20170124,12,AQI,萍乡,94.0
20170124,12,PM2.5,萍乡,70.0
20170124,12,PM2.5_24h,萍乡,63.0
20170124,12,PM10,萍乡,112.0
20170124,12,PM10_24h,萍乡,101.0
20170124,12,SO2,萍乡,28.0
20170124,12,SO2_24h,萍乡,20.0
20170124,12,NO2,萍乡,21.0
20170124,12,NO2_24h,萍乡,22.0
20170124,12,O3,萍乡,56.0
20170124,12,O3_24h,萍乡,84.0
20170124,12,O3_8h,萍乡,47.0
20170124,12,O3_8h_24h,萍乡,52.0
20170124,12,CO,萍乡,1.4
20170124,12,CO_24h,萍乡,1.25
20170124,13,AQI,萍乡,88.0
20170124,13,PM2.5,萍乡,65.0
20170124,13,PM2.5_24h,萍乡,64.0
20170124,13,PM10,萍乡,109.0
20170124,13,PM10_24h,萍乡,102.0
20170124,13,SO2,萍乡,26.0
20170124,13,SO2_24h,萍乡,20.0
20170124,13,NO2,萍乡,18.0
20170124,13,NO2_24h,萍乡,22.0
20170124,13,O3,萍乡,64.0
20170124,13,O3_24h,萍乡,84.0
20170124,13,O3_8h,萍乡,48.0
20170124,13,O3_8h_24h,萍乡,53.0
20170124,13,CO,萍乡,1.38
20170124,13,CO_24h,萍乡,1.3
20170124,14,AQI,萍乡,85.0
20170124,14,PM2.5,萍乡,63.0
20170124,14,PM2.5_24h,萍乡,65.0
20170124,14,PM10,萍乡,100.0
20170124,14,PM10_24h,萍乡,103.0
20170124,14,SO2,萍乡,20.0
20170124,14,SO2_24h,萍乡,20.0
20170124,14,NO2,萍乡,19.0
20170124,14,NO2_24h,萍乡,22.0
20170124,14,O3,萍乡,64.0
20170124,14,O3_24h,萍乡,83.0
20170124,14,O3_8h,萍乡,49.0
20170124,14,O3_8h_24h,萍乡,53.0
20170124,14,CO,萍乡,1.23
20170124,14,CO_24h,萍乡,1.3
20170124,15,AQI,萍乡,89.0
20170124,15,PM2.5,萍乡,66.0
20170124,15,PM2.5_24h,萍乡,66.0
20170124,15,PM10,萍乡,102.0
20170124,15,PM10_24h,萍乡,103.0
20170124,15,SO2,萍乡,19.0
20170124,15,SO2_24h,萍乡,21.0
20170124,15,NO2,萍乡,18.0
20170124,15,NO2_24h,萍乡,23.0
20170124,15,O3,萍乡,63.0
20170124,15,O3_24h,萍乡,82.0
20170124,15,O3_8h,萍乡,51.0
20170124,15,O3_8h_24h,萍乡,55.0
20170124,15,CO,萍乡,1.0
20170124,15,CO_24h,萍乡,1.3
20170124,16,AQI,萍乡,91.0
20170124,16,PM2.5,萍乡,68.0
20170124,16,PM2.5_24h,萍乡,67.0
20170124,16,PM10,萍乡,105.0
20170124,16,PM10_24h,萍乡,104.0
20170124,16,SO2,萍乡,19.0
20170124,16,SO2_24h,萍乡,21.0
20170124,16,NO2,萍乡,19.0
20170124,16,NO2_24h,萍乡,23.0
20170124,16,O3,萍乡,65.0
20170124,16,O3_24h,萍乡,80.0
20170124,16,O3_8h,萍乡,54.0
20170124,16,O3_8h_24h,萍乡,57.0
20170124,16,CO,萍乡,1.07
20170124,16,CO_24h,萍乡,1.3
20170124,17,AQI,萍乡,100.0
20170124,17,PM2.5,萍乡,75.0
20170124,17,PM2.5_24h,萍乡,68.0
20170124,17,PM10,萍乡,109.0
20170124,17,PM10_24h,萍乡,105.0
20170124,17,SO2,萍乡,19.0
20170124,17,SO2_24h,萍乡,21.0
20170124,17,NO2,萍乡,22.0
20170124,17,NO2_24h,萍乡,23.0
20170124,17,O3,萍乡,60.0
20170124,17,O3_24h,萍乡,79.0
20170124,17,O3_8h,萍乡,57.0
20170124,17,O3_8h_24h,萍乡,60.0
20170124,17,CO,萍乡,1.15
20170124,17,CO_24h,萍乡,1.3
20170124,18,AQI,萍乡,98.0
20170124,18,PM2.5,萍乡,73.0
20170124,18,PM2.5_24h,萍乡,69.0
20170124,18,PM10,萍乡,110.0
20170124,18,PM10_24h,萍乡,107.0
20170124,18,SO2,萍乡,16.0
20170124,18,SO2_24h,萍乡,21.0
20170124,18,NO2,萍乡,22.0
20170124,18,NO2_24h,萍乡,23.0
20170124,18,O3,萍乡,57.0
20170124,18,O3_24h,萍乡,75.0
20170124,18,O3_8h,萍乡,60.0
20170124,18,O3_8h_24h,萍乡,61.0
20170124,18,CO,萍乡,1.05
20170124,18,CO_24h,萍乡,1.3
20170124,19,AQI,萍乡,109.0
20170124,19,PM2.5,萍乡,82.0
20170124,19,PM2.5_24h,萍乡,70.0
20170124,19,PM10,萍乡,120.0
20170124,19,PM10_24h,萍乡,108.0
20170124,19,SO2,萍乡,17.0
20170124,19,SO2_24h,萍乡,21.0
20170124,19,NO2,萍乡,22.0
20170124,19,NO2_24h,萍乡,23.0
20170124,19,O3,萍乡,53.0
20170124,19,O3_24h,萍乡,69.0
20170124,19,O3_8h,萍乡,60.0
20170124,19,O3_8h_24h,萍乡,62.0
20170124,19,CO,萍乡,1.1
20170124,19,CO_24h,萍乡,1.3
20170124,20,AQI,萍乡,115.0
20170124,20,PM2.5,萍乡,87.0
20170124,20,PM2.5_24h,萍乡,71.0
20170124,20,PM10,萍乡,130.0
20170124,20,PM10_24h,萍乡,108.0
20170124,20,SO2,萍乡,17.0
20170124,20,SO2_24h,萍乡,21.0
20170124,20,NO2,萍乡,22.0
20170124,20,NO2_24h,萍乡,23.0
20170124,20,O3,萍乡,48.0
20170124,20,O3_24h,萍乡,67.0
20170124,20,O3_8h,萍乡,60.0
20170124,20,O3_8h_24h,萍乡,62.0
20170124,20,CO,萍乡,1.2
20170124,20,CO_24h,萍乡,1.27
20170124,21,AQI,萍乡,120.0
20170124,21,PM2.5,萍乡,91.0
20170124,21,PM2.5_24h,萍乡,72.0
20170124,21,PM10,萍乡,134.0
20170124,21,PM10_24h,萍乡,109.0
20170124,21,SO2,萍乡,18.0
20170124,21,SO2_24h,萍乡,20.0
20170124,21,NO2,萍乡,27.0
20170124,21,NO2_24h,萍乡,22.0
20170124,21,O3,萍乡,41.0
20170124,21,O3_24h,萍乡,67.0
20170124,21,O3_8h,萍乡,57.0
20170124,21,O3_8h_24h,萍乡,62.0
20170124,21,CO,萍乡,1.45
20170124,21,CO_24h,萍乡,1.25
20170124,22,AQI,萍乡,120.0
20170124,22,PM2.5,萍乡,91.0
20170124,22,PM2.5_24h,萍乡,72.0
20170124,22,PM10,萍乡,135.0
20170124,22,PM10_24h,萍乡,110.0
20170124,22,SO2,萍乡,16.0
20170124,22,SO2_24h,萍乡,20.0
20170124,22,NO2,萍乡,30.0
20170124,22,NO2_24h,萍乡,22.0
20170124,22,O3,萍乡,35.0
20170124,22,O3_24h,萍乡,67.0
20170124,22,O3_8h,萍乡,53.0
20170124,22,O3_8h_24h,萍乡,62.0
20170124,22,CO,萍乡,1.23
20170124,22,CO_24h,萍乡,1.25
20170124,23,AQI,萍乡,119.0
20170124,23,PM2.5,萍乡,90.0
20170124,23,PM2.5_24h,萍乡,73.0
20170124,23,PM10,萍乡,131.0
20170124,23,PM10_24h,萍乡,110.0
20170124,23,SO2,萍乡,16.0
20170124,23,SO2_24h,萍乡,20.0
20170124,23,NO2,萍乡,28.0
20170124,23,NO2_24h,萍乡,22.0
20170124,23,O3,萍乡,35.0
20170124,23,O3_24h,萍乡,67.0
20170124,23,O3_8h,萍乡,49.0
20170124,23,O3_8h_24h,萍乡,62.0
20170124,23,CO,萍乡,1.18
20170124,23,CO_24h,萍乡,1.23
20170124,0,AQI,新余,73.0
20170124,0,PM2.5,新余,53.0
20170124,0,PM2.5_24h,新余,57.0
20170124,0,PM10,新余,94.0
20170124,0,PM10_24h,新余,96.0
20170124,0,SO2,新余,28.0
20170124,0,SO2_24h,新余,19.0
20170124,0,NO2,新余,32.0
20170124,0,NO2_24h,新余,41.0
20170124,0,O3,新余,64.0
20170124,0,O3_24h,新余,95.0
20170124,0,O3_8h,新余,68.0
20170124,0,O3_8h_24h,新余,85.0
20170124,0,CO,新余,0.53
20170124,0,CO_24h,新余,0.77
20170124,1,AQI,新余,73.0
20170124,1,PM2.5,新余,53.0
20170124,1,PM2.5_24h,新余,56.0
20170124,1,PM10,新余,86.0
20170124,1,PM10_24h,新余,95.0
20170124,1,SO2,新余,24.0
20170124,1,SO2_24h,新余,20.0
20170124,1,NO2,新余,29.0
20170124,1,NO2_24h,新余,40.0
20170124,1,O3,新余,68.0
20170124,1,O3_24h,新余,95.0
20170124,1,O3_8h,新余,68.0
20170124,1,O3_8h_24h,新余,68.0
20170124,1,CO,新余,0.43
20170124,1,CO_24h,新余,0.77
20170124,2,AQI,新余,76.0
20170124,2,PM2.5,新余,56.0
20170124,2,PM2.5_24h,新余,56.0
20170124,2,PM10,新余,91.0
20170124,2,PM10_24h,新余,95.0
20170124,2,SO2,新余,26.0
20170124,2,SO2_24h,新余,20.0
20170124,2,NO2,新余,28.0
20170124,2,NO2_24h,新余,39.0
20170124,2,O3,新余,63.0
20170124,2,O3_24h,新余,95.0
20170124,2,O3_8h,新余,66.0
20170124,2,O3_8h_24h,新余,69.0
20170124,2,CO,新余,0.47
20170124,2,CO_24h,新余,0.73
20170124,3,AQI,新余,81.0
20170124,3,PM2.5,新余,60.0
20170124,3,PM2.5_24h,新余,55.0
20170124,3,PM10,新余,92.0
20170124,3,PM10_24h,新余,93.0
20170124,3,SO2,新余,23.0
20170124,3,SO2_24h,新余,20.0
20170124,3,NO2,新余,29.0
20170124,3,NO2_24h,新余,38.0
20170124,3,O3,新余,54.0
20170124,3,O3_24h,新余,95.0
20170124,3,O3_8h,新余,62.0
20170124,3,O3_8h_24h,新余,69.0
20170124,3,CO,新余,0.5
20170124,3,CO_24h,新余,0.7
20170124,4,AQI,新余,86.0
20170124,4,PM2.5,新余,64.0
20170124,4,PM2.5_24h,新余,55.0
20170124,4,PM10,新余,94.0
20170124,4,PM10_24h,新余,92.0
20170124,4,SO2,新余,23.0
20170124,4,SO2_24h,新余,21.0
20170124,4,NO2,新余,32.0
20170124,4,NO2_24h,新余,38.0
20170124,4,O3,新余,48.0
20170124,4,O3_24h,新余,95.0
20170124,4,O3_8h,新余,58.0
20170124,4,O3_8h_24h,新余,69.0
20170124,4,CO,新余,0.6
20170124,4,CO_24h,新余,0.67
20170124,5,AQI,新余,89.0
20170124,5,PM2.5,新余,66.0
20170124,5,PM2.5_24h,新余,55.0
20170124,5,PM10,新余,93.0
20170124,5,PM10_24h,新余,92.0
20170124,5,SO2,新余,29.0
20170124,5,SO2_24h,新余,22.0
20170124,5,NO2,新余,33.0
20170124,5,NO2_24h,新余,37.0
20170124,5,O3,新余,45.0
20170124,5,O3_24h,新余,95.0
20170124,5,O3_8h,新余,56.0
20170124,5,O3_8h_24h,新余,69.0
20170124,5,CO,新余,0.67
20170124,5,CO_24h,新余,0.67
20170124,6,AQI,新余,89.0
20170124,6,PM2.5,新余,66.0
20170124,6,PM2.5_24h,新余,55.0
20170124,6,PM10,新余,99.0
20170124,6,PM10_24h,新余,92.0
20170124,6,SO2,新余,29.0
20170124,6,SO2_24h,新余,22.0
20170124,6,NO2,新余,30.0
20170124,6,NO2_24h,新余,35.0
20170124,6,O3,新余,46.0
20170124,6,O3_24h,新余,95.0
20170124,6,O3_8h,新余,54.0
20170124,6,O3_8h_24h,新余,69.0
20170124,6,CO,新余,0.63
20170124,6,CO_24h,新余,0.67
20170124,7,AQI,新余,90.0
20170124,7,PM2.5,新余,67.0
20170124,7,PM2.5_24h,新余,55.0
20170124,7,PM10,新余,96.0
20170124,7,PM10_24h,新余,91.0
20170124,7,SO2,新余,26.0
20170124,7,SO2_24h,新余,23.0
20170124,7,NO2,新余,32.0
20170124,7,NO2_24h,新余,34.0
20170124,7,O3,新余,43.0
20170124,7,O3_24h,新余,95.0
20170124,7,O3_8h,新余,53.0
20170124,7,O3_8h_24h,新余,69.0
20170124,7,CO,新余,0.63
20170124,7,CO_24h,新余,0.67
20170124,8,AQI,新余,90.0
20170124,8,PM2.5,新余,67.0
20170124,8,PM2.5_24h,新余,55.0
20170124,8,PM10,新余,95.0
20170124,8,PM10_24h,新余,91.0
20170124,8,SO2,新余,24.0
20170124,8,SO2_24h,新余,23.0
20170124,8,NO2,新余,43.0
20170124,8,NO2_24h,新余,32.0
20170124,8,O3,新余,34.0
20170124,8,O3_24h,新余,95.0
20170124,8,O3_8h,新余,50.0
20170124,8,O3_8h_24h,新余,69.0
20170124,8,CO,新余,0.73
20170124,8,CO_24h,新余,0.63
20170124,9,AQI,新余,90.0
20170124,9,PM2.5,新余,67.0
20170124,9,PM2.5_24h,新余,55.0
20170124,9,PM10,新余,89.0
20170124,9,PM10_24h,新余,91.0
20170124,9,SO2,新余,22.0
20170124,9,SO2_24h,新余,23.0
20170124,9,NO2,新余,39.0
20170124,9,NO2_24h,新余,32.0
20170124,9,O3,新余,41.0
20170124,9,O3_24h,新余,95.0
20170124,9,O3_8h,新余,47.0
20170124,9,O3_8h_24h,新余,69.0
20170124,9,CO,新余,0.67
20170124,9,CO_24h,新余,0.63
20170124,10,AQI,新余,90.0
20170124,10,PM2.5,新余,67.0
20170124,10,PM2.5_24h,新余,55.0
20170124,10,PM10,新余,96.0
20170124,10,PM10_24h,新余,91.0
20170124,10,SO2,新余,27.0
20170124,10,SO2_24h,新余,23.0
20170124,10,NO2,新余,33.0
20170124,10,NO2_24h,新余,33.0
20170124,10,O3,新余,53.0
20170124,10,O3_24h,新余,95.0
20170124,10,O3_8h,新余,46.0
20170124,10,O3_8h_24h,新余,69.0
20170124,10,CO,新余,0.8
20170124,10,CO_24h,新余,0.63
20170124,11,AQI,新余,89.0
20170124,11,PM2.5,新余,66.0
20170124,11,PM2.5_24h,新余,55.0
20170124,11,PM10,新余,93.0
20170124,11,PM10_24h,新余,90.0
20170124,11,SO2,新余,25.0
20170124,11,SO2_24h,新余,23.0
20170124,11,NO2,新余,34.0
20170124,11,NO2_24h,新余,33.0
20170124,11,O3,新余,55.0
20170124,11,O3_24h,新余,95.0
20170124,11,O3_8h,新余,45.0
20170124,11,O3_8h_24h,新余,69.0
20170124,11,CO,新余,0.87
20170124,11,CO_24h,新余,0.63
20170124,12,AQI,新余,86.0
20170124,12,PM2.5,新余,64.0
20170124,12,PM2.5_24h,新余,56.0
20170124,12,PM10,新余,96.0
20170124,12,PM10_24h,新余,90.0
20170124,12,SO2,新余,25.0
20170124,12,SO2_24h,新余,23.0
20170124,12,NO2,新余,33.0
20170124,12,NO2_24h,新余,33.0
20170124,12,O3,新余,56.0
20170124,12,O3_24h,新余,95.0
20170124,12,O3_8h,新余,47.0
20170124,12,O3_8h_24h,新余,69.0
20170124,12,CO,新余,0.83
20170124,12,CO_24h,新余,0.63
20170124,13,AQI,新余,86.0
20170124,13,PM2.5,新余,64.0
20170124,13,PM2.5_24h,新余,56.0
20170124,13,PM10,新余,88.0
20170124,13,PM10_24h,新余,90.0
20170124,13,SO2,新余,27.0
20170124,13,SO2_24h,新余,23.0
20170124,13,NO2,新余,29.0
20170124,13,NO2_24h,新余,33.0
20170124,13,O3,新余,62.0
20170124,13,O3_24h,新余,95.0
20170124,13,O3_8h,新余,49.0
20170124,13,O3_8h_24h,新余,69.0
20170124,13,CO,新余,0.73
20170124,13,CO_24h,新余,0.63
20170124,14,AQI,新余,84.0
20170124,14,PM2.5,新余,62.0
20170124,14,PM2.5_24h,新余,56.0
20170124,14,PM10,新余,91.0
20170124,14,PM10_24h,新余,90.0
20170124,14,SO2,新余,28.0
20170124,14,SO2_24h,新余,23.0
20170124,14,NO2,新余,27.0
20170124,14,NO2_24h,新余,33.0
20170124,14,O3,新余,73.0
20170124,14,O3_24h,新余,95.0
20170124,14,O3_8h,新余,52.0
20170124,14,O3_8h_24h,新余,69.0
20170124,14,CO,新余,0.77
20170124,14,CO_24h,新余,0.63
20170124,15,AQI,新余,80.0
20170124,15,PM2.5,新余,59.0
20170124,15,PM2.5_24h,新余,57.0
20170124,15,PM10,新余,87.0
20170124,15,PM10_24h,新余,91.0
20170124,15,SO2,新余,23.0
20170124,15,SO2_24h,新余,24.0
20170124,15,NO2,新余,27.0
20170124,15,NO2_24h,新余,33.0
20170124,15,O3,新余,77.0
20170124,15,O3_24h,新余,95.0
20170124,15,O3_8h,新余,56.0
20170124,15,O3_8h_24h,新余,69.0
20170124,15,CO,新余,0.77
20170124,15,CO_24h,新余,0.63
20170124,16,AQI,新余,84.0
20170124,16,PM2.5,新余,62.0
20170124,16,PM2.5_24h,新余,58.0
20170124,16,PM10,新余,90.0
20170124,16,PM10_24h,新余,91.0
20170124,16,SO2,新余,21.0
20170124,16,SO2_24h,新余,24.0
20170124,16,NO2,新余,33.0
20170124,16,NO2_24h,新余,33.0
20170124,16,O3,新余,74.0
20170124,16,O3_24h,新余,90.0
20170124,16,O3_8h,新余,61.0
20170124,16,O3_8h_24h,新余,69.0
20170124,16,CO,新余,0.8
20170124,16,CO_24h,新余,0.63
20170124,17,AQI,新余,86.0
20170124,17,PM2.5,新余,64.0
20170124,17,PM2.5_24h,新余,58.0
20170124,17,PM10,新余,90.0
20170124,17,PM10_24h,新余,92.0
20170124,17,SO2,新余,21.0
20170124,17,SO2_24h,新余,24.0
20170124,17,NO2,新余,37.0
20170124,17,NO2_24h,新余,34.0
20170124,17,O3,新余,69.0
20170124,17,O3_24h,新余,82.0
20170124,17,O3_8h,新余,65.0
20170124,17,O3_8h_24h,新余,69.0
20170124,17,CO,新余,0.77
20170124,17,CO_24h,新余,0.63
20170124,18,AQI,新余,90.0
20170124,18,PM2.5,新余,67.0
20170124,18,PM2.5_24h,新余,60.0
20170124,18,PM10,新余,93.0
20170124,18,PM10_24h,新余,93.0
20170124,18,SO2,新余,21.0
20170124,18,SO2_24h,新余,24.0
20170124,18,NO2,新余,46.0
20170124,18,NO2_24h,新余,34.0
20170124,18,O3,新余,54.0
20170124,18,O3_24h,新余,77.0
20170124,18,O3_8h,新余,65.0
20170124,18,O3_8h_24h,新余,69.0
20170124,18,CO,新余,0.97
20170124,18,CO_24h,新余,0.67
20170124,19,AQI,新余,90.0
20170124,19,PM2.5,新余,67.0
20170124,19,PM2.5_24h,新余,61.0
20170124,19,PM10,新余,93.0
20170124,19,PM10_24h,新余,94.0
20170124,19,SO2,新余,32.0
20170124,19,SO2_24h,新余,25.0
20170124,19,NO2,新余,48.0
20170124,19,NO2_24h,新余,35.0
20170124,19,O3,新余,53.0
20170124,19,O3_24h,新余,77.0
20170124,19,O3_8h,新余,65.0
20170124,19,O3_8h_24h,新余,69.0
20170124,19,CO,新余,0.8
20170124,19,CO_24h,新余,0.67
20170124,20,AQI,新余,95.0
20170124,20,PM2.5,新余,71.0
20170124,20,PM2.5_24h,新余,62.0
20170124,20,PM10,新余,101.0
20170124,20,PM10_24h,新余,95.0
20170124,20,SO2,新余,27.0
20170124,20,SO2_24h,新余,25.0
20170124,20,NO2,新余,45.0
20170124,20,NO2_24h,新余,35.0
20170124,20,O3,新余,53.0
20170124,20,O3_24h,新余,77.0
20170124,20,O3_8h,新余,64.0
20170124,20,O3_8h_24h,新余,70.0
20170124,20,CO,新余,0.77
20170124,20,CO_24h,新余,0.7
20170124,21,AQI,新余,95.0
20170124,21,PM2.5,新余,71.0
20170124,21,PM2.5_24h,新余,63.0
20170124,21,PM10,新余,105.0
20170124,21,PM10_24h,新余,95.0
20170124,21,SO2,新余,25.0
20170124,21,SO2_24h,新余,25.0
20170124,21,NO2,新余,46.0
20170124,21,NO2_24h,新余,35.0
20170124,21,O3,新余,50.0
20170124,21,O3_24h,新余,77.0
20170124,21,O3_8h,新余,63.0
20170124,21,O3_8h_24h,新余,70.0
20170124,21,CO,新余,0.8
20170124,21,CO_24h,新余,0.7
20170124,22,AQI,新余,98.0
20170124,22,PM2.5,新余,73.0
20170124,22,PM2.5_24h,新余,64.0
20170124,22,PM10,新余,108.0
20170124,22,PM10_24h,新余,95.0
20170124,22,SO2,新余,27.0
20170124,22,SO2_24h,新余,25.0
20170124,22,NO2,新余,46.0
20170124,22,NO2_24h,新余,35.0
20170124,22,O3,新余,46.0
20170124,22,O3_24h,新余,77.0
20170124,22,O3_8h,新余,60.0
20170124,22,O3_8h_24h,新余,70.0
20170124,22,CO,新余,0.87
20170124,22,CO_24h,新余,0.7
20170124,23,AQI,新余,98.0
20170124,23,PM2.5,新余,73.0
20170124,23,PM2.5_24h,新余,65.0
20170124,23,PM10,新余,107.0
20170124,23,PM10_24h,新余,94.0
20170124,23,SO2,新余,22.0
20170124,23,SO2_24h,新余,25.0
20170124,23,NO2,新余,43.0
20170124,23,NO2_24h,新余,36.0
20170124,23,O3,新余,49.0
20170124,23,O3_24h,新余,77.0
20170124,23,O3_8h,新余,56.0
20170124,23,O3_8h_24h,新余,70.0
20170124,23,CO,新余,0.77
20170124,23,CO_24h,新余,0.7
20170124,0,AQI,鹰潭,76.0
20170124,0,PM2.5,鹰潭,56.0
20170124,0,PM2.5_24h,鹰潭,64.0
20170124,0,PM10,鹰潭,75.0
20170124,0,PM10_24h,鹰潭,90.0
20170124,0,SO2,鹰潭,33.0
20170124,0,SO2_24h,鹰潭,30.0
20170124,0,NO2,鹰潭,24.0
20170124,0,NO2_24h,鹰潭,33.0
20170124,0,O3,鹰潭,104.0
20170124,0,O3_24h,鹰潭,125.0
20170124,0,O3_8h,鹰潭,100.0
20170124,0,O3_8h_24h,鹰潭,113.0
20170124,0,CO,鹰潭,0.63
20170124,0,CO_24h,鹰潭,0.88
20170124,1,AQI,鹰潭,76.0
20170124,1,PM2.5,鹰潭,56.0
20170124,1,PM2.5_24h,鹰潭,64.0
20170124,1,PM10,鹰潭,72.0
20170124,1,PM10_24h,鹰潭,89.0
20170124,1,SO2,鹰潭,30.0
20170124,1,SO2_24h,鹰潭,30.0
20170124,1,NO2,鹰潭,27.0
20170124,1,NO2_24h,鹰潭,32.0
20170124,1,O3,鹰潭,96.0
20170124,1,O3_24h,鹰潭,125.0
20170124,1,O3_8h,鹰潭,96.0
20170124,1,O3_8h_24h,鹰潭,96.0
20170124,1,CO,鹰潭,0.65
20170124,1,CO_24h,鹰潭,0.8
20170124,2,AQI,鹰潭,75.0
20170124,2,PM2.5,鹰潭,55.0
20170124,2,PM2.5_24h,鹰潭,63.0
20170124,2,PM10,鹰潭,69.0
20170124,2,PM10_24h,鹰潭,89.0
20170124,2,SO2,鹰潭,28.0
20170124,2,SO2_24h,鹰潭,31.0
20170124,2,NO2,鹰潭,25.0
20170124,2,NO2_24h,鹰潭,31.0
20170124,2,O3,鹰潭,95.0
20170124,2,O3_24h,鹰潭,125.0
20170124,2,O3_8h,鹰潭,96.0
20170124,2,O3_8h_24h,鹰潭,96.0
20170124,2,CO,鹰潭,0.63
20170124,2,CO_24h,鹰潭,0.78
20170124,3,AQI,鹰潭,73.0
20170124,3,PM2.5,鹰潭,53.0
20170124,3,PM2.5_24h,鹰潭,63.0
20170124,3,PM10,鹰潭,66.0
20170124,3,PM10_24h,鹰潭,88.0
20170124,3,SO2,鹰潭,26.0
20170124,3,SO2_24h,鹰潭,31.0
20170124,3,NO2,鹰潭,23.0
20170124,3,NO2_24h,鹰潭,31.0
20170124,3,O3,鹰潭,94.0
20170124,3,O3_24h,鹰潭,125.0
20170124,3,O3_8h,鹰潭,95.0
20170124,3,O3_8h_24h,鹰潭,96.0
20170124,3,CO,鹰潭,0.5
20170124,3,CO_24h,鹰潭,0.78
20170124,4,AQI,鹰潭,73.0
20170124,4,PM2.5,鹰潭,53.0
20170124,4,PM2.5_24h,鹰潭,62.0
20170124,4,PM10,鹰潭,64.0
20170124,4,PM10_24h,鹰潭,86.0
20170124,4,SO2,鹰潭,25.0
20170124,4,SO2_24h,鹰潭,32.0
20170124,4,NO2,鹰潭,21.0
20170124,4,NO2_24h,鹰潭,30.0
20170124,4,O3,鹰潭,92.0
20170124,4,O3_24h,鹰潭,125.0
20170124,4,O3_8h,鹰潭,95.0
20170124,4,O3_8h_24h,鹰潭,97.0
20170124,4,CO,鹰潭,0.55
20170124,4,CO_24h,鹰潭,0.78
20170124,5,AQI,鹰潭,74.0
20170124,5,PM2.5,鹰潭,54.0
20170124,5,PM2.5_24h,鹰潭,61.0
20170124,5,PM10,鹰潭,65.0
20170124,5,PM10_24h,鹰潭,86.0
20170124,5,SO2,鹰潭,27.0
20170124,5,SO2_24h,鹰潭,32.0
20170124,5,NO2,鹰潭,22.0
20170124,5,NO2_24h,鹰潭,30.0
20170124,5,O3,鹰潭,87.0
20170124,5,O3_24h,鹰潭,125.0
20170124,5,O3_8h,鹰潭,93.0
20170124,5,O3_8h_24h,鹰潭,97.0
20170124,5,CO,鹰潭,0.45
20170124,5,CO_24h,鹰潭,0.75
20170124,6,AQI,鹰潭,75.0
20170124,6,PM2.5,鹰潭,55.0
20170124,6,PM2.5_24h,鹰潭,61.0
20170124,6,PM10,鹰潭,65.0
20170124,6,PM10_24h,鹰潭,85.0
20170124,6,SO2,鹰潭,28.0
20170124,6,SO2_24h,鹰潭,32.0
20170124,6,NO2,鹰潭,23.0
20170124,6,NO2_24h,鹰潭,29.0
20170124,6,O3,鹰潭,83.0
20170124,6,O3_24h,鹰潭,125.0
20170124,6,O3_8h,鹰潭,91.0
20170124,6,O3_8h_24h,鹰潭,97.0
20170124,6,CO,鹰潭,0.53
20170124,6,CO_24h,鹰潭,0.75
20170124,7,AQI,鹰潭,76.0
20170124,7,PM2.5,鹰潭,56.0
20170124,7,PM2.5_24h,鹰潭,60.0
20170124,7,PM10,鹰潭,64.0
20170124,7,PM10_24h,鹰潭,84.0
20170124,7,SO2,鹰潭,28.0
20170124,7,SO2_24h,鹰潭,32.0
20170124,7,NO2,鹰潭,24.0
20170124,7,NO2_24h,鹰潭,28.0
20170124,7,O3,鹰潭,78.0
20170124,7,O3_24h,鹰潭,125.0
20170124,7,O3_8h,鹰潭,89.0
20170124,7,O3_8h_24h,鹰潭,97.0
20170124,7,CO,鹰潭,0.63
20170124,7,CO_24h,鹰潭,0.75
20170124,8,AQI,鹰潭,79.0
20170124,8,PM2.5,鹰潭,58.0
20170124,8,PM2.5_24h,鹰潭,59.0
20170124,8,PM10,鹰潭,68.0
20170124,8,PM10_24h,鹰潭,83.0
20170124,8,SO2,鹰潭,34.0
20170124,8,SO2_24h,鹰潭,32.0
20170124,8,NO2,鹰潭,28.0
20170124,8,NO2_24h,鹰潭,28.0
20170124,8,O3,鹰潭,72.0
20170124,8,O3_24h,鹰潭,125.0
20170124,8,O3_8h,鹰潭,87.0
20170124,8,O3_8h_24h,鹰潭,97.0
20170124,8,CO,鹰潭,0.67
20170124,8,CO_24h,鹰潭,0.72
20170124,9,AQI,鹰潭,78.0
20170124,9,PM2.5,鹰潭,57.0
20170124,9,PM2.5_24h,鹰潭,58.0
20170124,9,PM10,鹰潭,71.0
20170124,9,PM10_24h,鹰潭,82.0
20170124,9,SO2,鹰潭,32.0
20170124,9,SO2_24h,鹰潭,32.0
20170124,9,NO2,鹰潭,27.0
20170124,9,NO2_24h,鹰潭,28.0
20170124,9,O3,鹰潭,76.0
20170124,9,O3_24h,鹰潭,125.0
20170124,9,O3_8h,鹰潭,85.0
20170124,9,O3_8h_24h,鹰潭,97.0
20170124,9,CO,鹰潭,0.63
20170124,9,CO_24h,鹰潭,0.6
20170124,10,AQI,鹰潭,75.0
20170124,10,PM2.5,鹰潭,55.0
20170124,10,PM2.5_24h,鹰潭,57.0
20170124,10,PM10,鹰潭,75.0
20170124,10,PM10_24h,鹰潭,81.0
20170124,10,SO2,鹰潭,31.0
20170124,10,SO2_24h,鹰潭,33.0
20170124,10,NO2,鹰潭,28.0
20170124,10,NO2_24h,鹰潭,27.0
20170124,10,O3,鹰潭,78.0
20170124,10,O3_24h,鹰潭,125.0
20170124,10,O3_8h,鹰潭,83.0
20170124,10,O3_8h_24h,鹰潭,97.0
20170124,10,CO,鹰潭,0.68
20170124,10,CO_24h,鹰潭,0.6
20170124,11,AQI,鹰潭,74.0
20170124,11,PM2.5,鹰潭,54.0
20170124,11,PM2.5_24h,鹰潭,57.0
20170124,11,PM10,鹰潭,73.0
20170124,11,PM10_24h,鹰潭,80.0
20170124,11,SO2,鹰潭,30.0
20170124,11,SO2_24h,鹰潭,32.0
20170124,11,NO2,鹰潭,26.0
20170124,11,NO2_24h,鹰潭,27.0
20170124,11,O3,鹰潭,82.0
20170124,11,O3_24h,鹰潭,125.0
20170124,11,O3_8h,鹰潭,81.0
20170124,11,O3_8h_24h,鹰潭,97.0
20170124,11,CO,鹰潭,0.6
20170124,11,CO_24h,鹰潭,0.6
20170124,12,AQI,鹰潭,74.0
20170124,12,PM2.5,鹰潭,54.0
20170124,12,PM2.5_24h,鹰潭,57.0
20170124,12,PM10,鹰潭,74.0
20170124,12,PM10_24h,鹰潭,79.0
20170124,12,SO2,鹰潭,31.0
20170124,12,SO2_24h,鹰潭,32.0
20170124,12,NO2,鹰潭,26.0
20170124,12,NO2_24h,鹰潭,27.0
20170124,12,O3,鹰潭,85.0
20170124,12,O3_24h,鹰潭,125.0
20170124,12,O3_8h,鹰潭,80.0
20170124,12,O3_8h_24h,鹰潭,97.0
20170124,12,CO,鹰潭,0.68
20170124,12,CO_24h,鹰潭,0.6
20170124,13,AQI,鹰潭,71.0
20170124,13,PM2.5,鹰潭,52.0
20170124,13,PM2.5_24h,鹰潭,56.0
20170124,13,PM10,鹰潭,71.0
20170124,13,PM10_24h,鹰潭,78.0
20170124,13,SO2,鹰潭,30.0
20170124,13,SO2_24h,鹰潭,32.0
20170124,13,NO2,鹰潭,23.0
20170124,13,NO2_24h,鹰潭,27.0
20170124,13,O3,鹰潭,92.0
20170124,13,O3_24h,鹰潭,125.0
20170124,13,O3_8h,鹰潭,80.0
20170124,13,O3_8h_24h,鹰潭,97.0
20170124,13,CO,鹰潭,0.75
20170124,13,CO_24h,鹰潭,0.63
20170124,14,AQI,鹰潭,66.0
20170124,14,PM2.5,鹰潭,48.0
20170124,14,PM2.5_24h,鹰潭,56.0
20170124,14,PM10,鹰潭,74.0
20170124,14,PM10_24h,鹰潭,77.0
20170124,14,SO2,鹰潭,29.0
20170124,14,SO2_24h,鹰潭,32.0
20170124,14,NO2,鹰潭,22.0
20170124,14,NO2_24h,鹰潭,27.0
20170124,14,O3,鹰潭,100.0
20170124,14,O3_24h,鹰潭,125.0
20170124,14,O3_8h,鹰潭,83.0
20170124,14,O3_8h_24h,鹰潭,97.0
20170124,14,CO,鹰潭,0.68
20170124,14,CO_24h,鹰潭,0.6
20170124,15,AQI,鹰潭,63.0
20170124,15,PM2.5,鹰潭,45.0
20170124,15,PM2.5_24h,鹰潭,55.0
20170124,15,PM10,鹰潭,72.0
20170124,15,PM10_24h,鹰潭,77.0
20170124,15,SO2,鹰潭,29.0
20170124,15,SO2_24h,鹰潭,31.0
20170124,15,NO2,鹰潭,23.0
20170124,15,NO2_24h,鹰潭,27.0
20170124,15,O3,鹰潭,111.0
20170124,15,O3_24h,鹰潭,125.0
20170124,15,O3_8h,鹰潭,87.0
20170124,15,O3_8h_24h,鹰潭,97.0
20170124,15,CO,鹰潭,0.7
20170124,15,CO_24h,鹰潭,0.6
20170124,16,AQI,鹰潭,63.0
20170124,16,PM2.5,鹰潭,45.0
20170124,16,PM2.5_24h,鹰潭,55.0
20170124,16,PM10,鹰潭,76.0
20170124,16,PM10_24h,鹰潭,77.0
20170124,16,SO2,鹰潭,28.0
20170124,16,SO2_24h,鹰潭,31.0
20170124,16,NO2,鹰潭,22.0
20170124,16,NO2_24h,鹰潭,27.0
20170124,16,O3,鹰潭,114.0
20170124,16,O3_24h,鹰潭,121.0
20170124,16,O3_8h,鹰潭,92.0
20170124,16,O3_8h_24h,鹰潭,98.0
20170124,16,CO,鹰潭,0.7
20170124,16,CO_24h,鹰潭,0.6
20170124,17,AQI,鹰潭,64.0
20170124,17,PM2.5,鹰潭,46.0
20170124,17,PM2.5_24h,鹰潭,55.0
20170124,17,PM10,鹰潭,78.0
20170124,17,PM10_24h,鹰潭,77.0
20170124,17,SO2,鹰潭,29.0
20170124,17,SO2_24h,鹰潭,31.0
20170124,17,NO2,鹰潭,25.0
20170124,17,NO2_24h,鹰潭,27.0
20170124,17,O3,鹰潭,107.0
20170124,17,O3_24h,鹰潭,114.0
20170124,17,O3_8h,鹰潭,96.0
20170124,17,O3_8h_24h,鹰潭,99.0
20170124,17,CO,鹰潭,0.7
20170124,17,CO_24h,鹰潭,0.6
20170124,18,AQI,鹰潭,68.0
20170124,18,PM2.5,鹰潭,49.0
20170124,18,PM2.5_24h,鹰潭,54.0
20170124,18,PM10,鹰潭,80.0
20170124,18,PM10_24h,鹰潭,77.0
20170124,18,SO2,鹰潭,26.0
20170124,18,SO2_24h,鹰潭,31.0
20170124,18,NO2,鹰潭,28.0
20170124,18,NO2_24h,鹰潭,27.0
20170124,18,O3,鹰潭,93.0
20170124,18,O3_24h,鹰潭,114.0
20170124,18,O3_8h,鹰潭,98.0
20170124,18,O3_8h_24h,鹰潭,99.0
20170124,18,CO,鹰潭,0.68
20170124,18,CO_24h,鹰潭,0.6
20170124,19,AQI,鹰潭,73.0
20170124,19,PM2.5,鹰潭,53.0
20170124,19,PM2.5_24h,鹰潭,54.0
20170124,19,PM10,鹰潭,89.0
20170124,19,PM10_24h,鹰潭,76.0
20170124,19,SO2,鹰潭,29.0
20170124,19,SO2_24h,鹰潭,31.0
20170124,19,NO2,鹰潭,29.0
20170124,19,NO2_24h,鹰潭,27.0
20170124,19,O3,鹰潭,89.0
20170124,19,O3_24h,鹰潭,114.0
20170124,19,O3_8h,鹰潭,99.0
20170124,19,O3_8h_24h,鹰潭,100.0
20170124,19,CO,鹰潭,0.75
20170124,19,CO_24h,鹰潭,0.6
20170124,20,AQI,鹰潭,70.0
20170124,20,PM2.5,鹰潭,51.0
20170124,20,PM2.5_24h,鹰潭,54.0
20170124,20,PM10,鹰潭,87.0
20170124,20,PM10_24h,鹰潭,75.0
20170124,20,SO2,鹰潭,30.0
20170124,20,SO2_24h,鹰潭,31.0
20170124,20,NO2,鹰潭,26.0
20170124,20,NO2_24h,鹰潭,26.0
20170124,20,O3,鹰潭,110.0
20170124,20,O3_24h,鹰潭,122.0
20170124,20,O3_8h,鹰潭,102.0
20170124,20,O3_8h_24h,鹰潭,102.0
20170124,20,CO,鹰潭,0.68
20170124,20,CO_24h,鹰潭,0.63
20170124,21,AQI,鹰潭,68.0
20170124,21,PM2.5,鹰潭,49.0
20170124,21,PM2.5_24h,鹰潭,53.0
20170124,21,PM10,鹰潭,79.0
20170124,21,PM10_24h,鹰潭,73.0
20170124,21,SO2,鹰潭,27.0
20170124,21,SO2_24h,鹰潭,30.0
20170124,21,NO2,鹰潭,25.0
20170124,21,NO2_24h,鹰潭,26.0
20170124,21,O3,鹰潭,100.0
20170124,21,O3_24h,鹰潭,122.0
20170124,21,O3_8h,鹰潭,103.0
20170124,21,O3_8h_24h,鹰潭,103.0
20170124,21,CO,鹰潭,0.5
20170124,21,CO_24h,鹰潭,0.63
20170124,22,AQI,鹰潭,69.0
20170124,22,PM2.5,鹰潭,50.0
20170124,22,PM2.5_24h,鹰潭,52.0
20170124,22,PM10,鹰潭,74.0
20170124,22,PM10_24h,鹰潭,73.0
20170124,22,SO2,鹰潭,26.0
20170124,22,SO2_24h,鹰潭,29.0
20170124,22,NO2,鹰潭,24.0
20170124,22,NO2_24h,鹰潭,25.0
20170124,22,O3,鹰潭,104.0
20170124,22,O3_24h,鹰潭,122.0
20170124,22,O3_8h,鹰潭,104.0
20170124,22,O3_8h_24h,鹰潭,104.0
20170124,22,CO,鹰潭,0.67
20170124,22,CO_24h,鹰潭,0.6
20170124,23,AQI,鹰潭,73.0
20170124,23,PM2.5,鹰潭,53.0
20170124,23,PM2.5_24h,鹰潭,52.0
20170124,23,PM10,鹰潭,73.0
20170124,23,PM10_24h,鹰潭,73.0
20170124,23,SO2,鹰潭,30.0
20170124,23,SO2_24h,鹰潭,29.0
20170124,23,NO2,鹰潭,23.0
20170124,23,NO2_24h,鹰潭,25.0
20170124,23,O3,鹰潭,105.0
20170124,23,O3_24h,鹰潭,122.0
20170124,23,O3_8h,鹰潭,103.0
20170124,23,O3_8h_24h,鹰潭,104.0
20170124,23,CO,鹰潭,0.65
20170124,23,CO_24h,鹰潭,0.63
20170124,0,AQI,赣州,95.0
20170124,0,PM2.5,赣州,71.0
20170124,0,PM2.5_24h,赣州,65.0
20170124,0,PM10,赣州,100.0
20170124,0,PM10_24h,赣州,104.0
20170124,0,SO2,赣州,29.0
20170124,0,SO2_24h,赣州,31.0
20170124,0,NO2,赣州,39.0
20170124,0,NO2_24h,赣州,35.0
20170124,0,O3,赣州,66.0
20170124,0,O3_24h,赣州,132.0
20170124,0,O3_8h,赣州,92.0
20170124,0,O3_8h_24h,赣州,114.0
20170124,0,CO,赣州,1.55
20170124,0,CO_24h,赣州,1.48
20170124,1,AQI,赣州,96.0
20170124,1,PM2.5,赣州,72.0
20170124,1,PM2.5_24h,赣州,65.0
20170124,1,PM10,赣州,105.0
20170124,1,PM10_24h,赣州,104.0
20170124,1,SO2,赣州,37.0
20170124,1,SO2_24h,赣州,31.0
20170124,1,NO2,赣州,44.0
20170124,1,NO2_24h,赣州,34.0
20170124,1,O3,赣州,41.0
20170124,1,O3_24h,赣州,132.0
20170124,1,O3_8h,赣州,41.0
20170124,1,O3_8h_24h,赣州,41.0
20170124,1,CO,赣州,1.63
20170124,1,CO_24h,赣州,1.48
20170124,2,AQI,赣州,96.0
20170124,2,PM2.5,赣州,72.0
20170124,2,PM2.5_24h,赣州,65.0
20170124,2,PM10,赣州,107.0
20170124,2,PM10_24h,赣州,103.0
20170124,2,SO2,赣州,38.0
20170124,2,SO2_24h,赣州,32.0
20170124,2,NO2,赣州,44.0
20170124,2,NO2_24h,赣州,34.0
20170124,2,O3,赣州,34.0
20170124,2,O3_24h,赣州,132.0
20170124,2,O3_8h,赣州,37.0
20170124,2,O3_8h_24h,赣州,42.0
20170124,2,CO,赣州,1.67
20170124,2,CO_24h,赣州,1.48
20170124,3,AQI,赣州,101.0
20170124,3,PM2.5,赣州,76.0
20170124,3,PM2.5_24h,赣州,65.0
20170124,3,PM10,赣州,115.0
20170124,3,PM10_24h,赣州,103.0
20170124,3,SO2,赣州,29.0
20170124,3,SO2_24h,赣州,32.0
20170124,3,NO2,赣州,35.0
20170124,3,NO2_24h,赣州,33.0
20170124,3,O3,赣州,39.0
20170124,3,O3_24h,赣州,132.0
20170124,3,O3_8h,赣州,38.0
20170124,3,O3_8h_24h,赣州,43.0
20170124,3,CO,赣州,1.55
20170124,3,CO_24h,赣州,1.48
20170124,4,AQI,赣州,108.0
20170124,4,PM2.5,赣州,81.0
20170124,4,PM2.5_24h,赣州,65.0
20170124,4,PM10,赣州,122.0
20170124,4,PM10_24h,赣州,103.0
20170124,4,SO2,赣州,31.0
20170124,4,SO2_24h,赣州,32.0
20170124,4,NO2,赣州,33.0
20170124,4,NO2_24h,赣州,32.0
20170124,4,O3,赣州,34.0
20170124,4,O3_24h,赣州,132.0
20170124,4,O3_8h,赣州,37.0
20170124,4,O3_8h_24h,赣州,43.0
20170124,4,CO,赣州,1.58
20170124,4,CO_24h,赣州,1.48
20170124,5,AQI,赣州,105.0
20170124,5,PM2.5,赣州,79.0
20170124,5,PM2.5_24h,赣州,66.0
20170124,5,PM10,赣州,120.0
20170124,5,PM10_24h,赣州,103.0
20170124,5,SO2,赣州,30.0
20170124,5,SO2_24h,赣州,32.0
20170124,5,NO2,赣州,31.0
20170124,5,NO2_24h,赣州,32.0
20170124,5,O3,赣州,27.0
20170124,5,O3_24h,赣州,132.0
20170124,5,O3_8h,赣州,35.0
20170124,5,O3_8h_24h,赣州,44.0
20170124,5,CO,赣州,1.6
20170124,5,CO_24h,赣州,1.45
20170124,6,AQI,赣州,101.0
20170124,6,PM2.5,赣州,76.0
20170124,6,PM2.5_24h,赣州,67.0
20170124,6,PM10,赣州,115.0
20170124,6,PM10_24h,赣州,103.0
20170124,6,SO2,赣州,27.0
20170124,6,SO2_24h,赣州,32.0
20170124,6,NO2,赣州,30.0
20170124,6,NO2_24h,赣州,31.0
20170124,6,O3,赣州,22.0
20170124,6,O3_24h,赣州,132.0
20170124,6,O3_8h,赣州,33.0
20170124,6,O3_8h_24h,赣州,44.0
20170124,6,CO,赣州,1.63
20170124,6,CO_24h,赣州,1.48
20170124,7,AQI,赣州,96.0
20170124,7,PM2.5,赣州,72.0
20170124,7,PM2.5_24h,赣州,67.0
20170124,7,PM10,赣州,107.0
20170124,7,PM10_24h,赣州,103.0
20170124,7,SO2,赣州,23.0
20170124,7,SO2_24h,赣州,32.0
20170124,7,NO2,赣州,30.0
20170124,7,NO2_24h,赣州,31.0
20170124,7,O3,赣州,18.0
20170124,7,O3_24h,赣州,132.0
20170124,7,O3_8h,赣州,30.0
20170124,7,O3_8h_24h,赣州,44.0
20170124,7,CO,赣州,1.63
20170124,7,CO_24h,赣州,1.5
20170124,8,AQI,赣州,96.0
20170124,8,PM2.5,赣州,72.0
20170124,8,PM2.5_24h,赣州,67.0
20170124,8,PM10,赣州,107.0
20170124,8,PM10_24h,赣州,103.0
20170124,8,SO2,赣州,26.0
20170124,8,SO2_24h,赣州,30.0
20170124,8,NO2,赣州,38.0
20170124,8,NO2_24h,赣州,31.0
20170124,8,O3,赣州,13.0
20170124,8,O3_24h,赣州,132.0
20170124,8,O3_8h,赣州,28.0
20170124,8,O3_8h_24h,赣州,44.0
20170124,8,CO,赣州,1.72
20170124,8,CO_24h,赣州,1.5
20170124,9,AQI,赣州,95.0
20170124,9,PM2.5,赣州,71.0
20170124,9,PM2.5_24h,赣州,67.0
20170124,9,PM10,赣州,103.0
20170124,9,PM10_24h,赣州,103.0
20170124,9,SO2,赣州,22.0
20170124,9,SO2_24h,赣州,28.0
20170124,9,NO2,赣州,37.0
20170124,9,NO2_24h,赣州,31.0
20170124,9,O3,赣州,16.0
20170124,9,O3_24h,赣州,132.0
20170124,9,O3_8h,赣州,25.0
20170124,9,O3_8h_24h,赣州,45.0
20170124,9,CO,赣州,1.8
20170124,9,CO_24h,赣州,1.5
20170124,10,AQI,赣州,96.0
20170124,10,PM2.5,赣州,72.0
20170124,10,PM2.5_24h,赣州,67.0
20170124,10,PM10,赣州,107.0
20170124,10,PM10_24h,赣州,103.0
20170124,10,SO2,赣州,26.0
20170124,10,SO2_24h,赣州,26.0
20170124,10,NO2,赣州,38.0
20170124,10,NO2_24h,赣州,30.0
20170124,10,O3,赣州,30.0
20170124,10,O3_24h,赣州,132.0
20170124,10,O3_8h,赣州,25.0
20170124,10,O3_8h_24h,赣州,45.0
20170124,10,CO,赣州,1.85
20170124,10,CO_24h,赣州,1.5
20170124,11,AQI,赣州,101.0
20170124,11,PM2.5,赣州,76.0
20170124,11,PM2.5_24h,赣州,67.0
20170124,11,PM10,赣州,109.0
20170124,11,PM10_24h,赣州,102.0
20170124,11,SO2,赣州,34.0
20170124,11,SO2_24h,赣州,26.0
20170124,11,NO2,赣州,32.0
20170124,11,NO2_24h,赣州,31.0
20170124,11,O3,赣州,64.0
20170124,11,O3_24h,赣州,132.0
20170124,11,O3_8h,赣州,28.0
20170124,11,O3_8h_24h,赣州,46.0
20170124,11,CO,赣州,1.65
20170124,11,CO_24h,赣州,1.5
20170124,12,AQI,赣州,100.0
20170124,12,PM2.5,赣州,75.0
20170124,12,PM2.5_24h,赣州,68.0
20170124,12,PM10,赣州,111.0
20170124,12,PM10_24h,赣州,102.0
20170124,12,SO2,赣州,27.0
20170124,12,SO2_24h,赣州,26.0
20170124,12,NO2,赣州,28.0
20170124,12,NO2_24h,赣州,31.0
20170124,12,O3,赣州,87.0
20170124,12,O3_24h,赣州,132.0
20170124,12,O3_8h,赣州,34.0
20170124,12,O3_8h_24h,赣州,49.0
20170124,12,CO,赣州,1.55
20170124,12,CO_24h,赣州,1.5
20170124,13,AQI,赣州,93.0
20170124,13,PM2.5,赣州,69.0
20170124,13,PM2.5_24h,赣州,68.0
20170124,13,PM10,赣州,107.0
20170124,13,PM10_24h,赣州,102.0
20170124,13,SO2,赣州,24.0
20170124,13,SO2_24h,赣州,26.0
20170124,13,NO2,赣州,25.0
20170124,13,NO2_24h,赣州,31.0
20170124,13,O3,赣州,99.0
20170124,13,O3_24h,赣州,132.0
20170124,13,O3_8h,赣州,44.0
20170124,13,O3_8h_24h,赣州,52.0
20170124,13,CO,赣州,1.48
20170124,13,CO_24h,赣州,1.5
20170124,14,AQI,赣州,85.0
20170124,14,PM2.5,赣州,63.0
20170124,14,PM2.5_24h,赣州,68.0
20170124,14,PM10,赣州,100.0
20170124,14,PM10_24h,赣州,102.0
20170124,14,SO2,赣州,20.0
20170124,14,SO2_24h,赣州,26.0
20170124,14,NO2,赣州,21.0
20170124,14,NO2_24h,赣州,32.0
20170124,14,O3,赣州,111.0
20170124,14,O3_24h,赣州,132.0
20170124,14,O3_8h,赣州,54.0
20170124,14,O3_8h_24h,赣州,57.0
20170124,14,CO,赣州,1.35
20170124,14,CO_24h,赣州,1.5
20170124,15,AQI,赣州,84.0
20170124,15,PM2.5,赣州,62.0
20170124,15,PM2.5_24h,赣州,68.0
20170124,15,PM10,赣州,92.0
20170124,15,PM10_24h,赣州,102.0
20170124,15,SO2,赣州,18.0
20170124,15,SO2_24h,赣州,26.0
20170124,15,NO2,赣州,19.0
20170124,15,NO2_24h,赣州,32.0
20170124,15,O3,赣州,118.0
20170124,15,O3_24h,赣州,129.0
20170124,15,O3_8h,赣州,67.0
20170124,15,O3_8h_24h,赣州,67.0
20170124,15,CO,赣州,1.28
20170124,15,CO_24h,赣州,1.5
20170124,16,AQI,赣州,79.0
20170124,16,PM2.5,赣州,58.0
20170124,16,PM2.5_24h,赣州,68.0
20170124,16,PM10,赣州,79.0
20170124,16,PM10_24h,赣州,102.0
20170124,16,SO2,赣州,16.0
20170124,16,SO2_24h,赣州,26.0
20170124,16,NO2,赣州,20.0
20170124,16,NO2_24h,赣州,32.0
20170124,16,O3,赣州,121.0
20170124,16,O3_24h,赣州,123.0
20170124,16,O3_8h,赣州,80.0
20170124,16,O3_8h_24h,赣州,80.0
20170124,16,CO,赣州,1.2
20170124,16,CO_24h,赣州,1.5
20170124,17,AQI,赣州,73.0
20170124,17,PM2.5,赣州,53.0
20170124,17,PM2.5_24h,赣州,68.0
20170124,17,PM10,赣州,77.0
20170124,17,PM10_24h,赣州,101.0
20170124,17,SO2,赣州,18.0
20170124,17,SO2_24h,赣州,26.0
20170124,17,NO2,赣州,26.0
20170124,17,NO2_24h,赣州,32.0
20170124,17,O3,赣州,115.0
20170124,17,O3_24h,赣州,122.0
20170124,17,O3_8h,赣州,93.0
20170124,17,O3_8h_24h,赣州,93.0
20170124,17,CO,赣州,1.2
20170124,17,CO_24h,赣州,1.5
20170124,18,AQI,赣州,68.0
20170124,18,PM2.5,赣州,49.0
20170124,18,PM2.5_24h,赣州,68.0
20170124,18,PM10,赣州,76.0
20170124,18,PM10_24h,赣州,101.0
20170124,18,SO2,赣州,20.0
20170124,18,SO2_24h,赣州,26.0
20170124,18,NO2,赣州,48.0
20170124,18,NO2_24h,赣州,32.0
20170124,18,O3,赣州,94.0
20170124,18,O3_24h,赣州,122.0
20170124,18,O3_8h,赣州,101.0
20170124,18,O3_8h_24h,赣州,101.0
20170124,18,CO,赣州,1.38
20170124,18,CO_24h,赣州,1.5
20170124,19,AQI,赣州,70.0
20170124,19,PM2.5,赣州,51.0
20170124,19,PM2.5_24h,赣州,67.0
20170124,19,PM10,赣州,87.0
20170124,19,PM10_24h,赣州,101.0
20170124,19,SO2,赣州,24.0
20170124,19,SO2_24h,赣州,27.0
20170124,19,NO2,赣州,92.0
20170124,19,NO2_24h,赣州,35.0
20170124,19,O3,赣州,41.0
20170124,19,O3_24h,赣州,122.0
20170124,19,O3_8h,赣州,98.0
20170124,19,O3_8h_24h,赣州,101.0
20170124,19,CO,赣州,2.0
20170124,19,CO_24h,赣州,1.53
20170124,20,AQI,赣州,83.0
20170124,20,PM2.5,赣州,61.0
20170124,20,PM2.5_24h,赣州,68.0
20170124,20,PM10,赣州,105.0
20170124,20,PM10_24h,赣州,102.0
20170124,20,SO2,赣州,23.0
20170124,20,SO2_24h,赣州,27.0
20170124,20,NO2,赣州,47.0
20170124,20,NO2_24h,赣州,35.0
20170124,20,O3,赣州,71.0
20170124,20,O3_24h,赣州,122.0
20170124,20,O3_8h,赣州,96.0
20170124,20,O3_8h_24h,赣州,101.0
20170124,20,CO,赣州,1.57
20170124,20,CO_24h,赣州,1.55
20170124,21,AQI,赣州,90.0
20170124,21,PM2.5,赣州,67.0
20170124,21,PM2.5_24h,赣州,68.0
20170124,21,PM10,赣州,115.0
20170124,21,PM10_24h,赣州,102.0
20170124,21,SO2,赣州,20.0
20170124,21,SO2_24h,赣州,27.0
20170124,21,NO2,赣州,27.0
20170124,21,NO2_24h,赣州,35.0
20170124,21,O3,赣州,89.0
20170124,21,O3_24h,赣州,122.0
20170124,21,O3_8h,赣州,95.0
20170124,21,O3_8h_24h,赣州,101.0
20170124,21,CO,赣州,1.32
20170124,21,CO_24h,赣州,1.55
20170124,22,AQI,赣州,95.0
20170124,22,PM2.5,赣州,71.0
20170124,22,PM2.5_24h,赣州,68.0
20170124,22,PM10,赣州,113.0
20170124,22,PM10_24h,赣州,103.0
20170124,22,SO2,赣州,25.0
20170124,22,SO2_24h,赣州,26.0
20170124,22,NO2,赣州,26.0
20170124,22,NO2_24h,赣州,35.0
20170124,22,O3,赣州,88.0
20170124,22,O3_24h,赣州,122.0
20170124,22,O3_8h,赣州,92.0
20170124,22,O3_8h_24h,赣州,101.0
20170124,22,CO,赣州,1.32
20170124,22,CO_24h,赣州,1.55
20170124,23,AQI,赣州,94.0
20170124,23,PM2.5,赣州,70.0
20170124,23,PM2.5_24h,赣州,68.0
20170124,23,PM10,赣州,101.0
20170124,23,PM10_24h,赣州,103.0
20170124,23,SO2,赣州,22.0
20170124,23,SO2_24h,赣州,25.0
20170124,23,NO2,赣州,21.0
20170124,23,NO2_24h,赣州,35.0
20170124,23,O3,赣州,89.0
20170124,23,O3_24h,赣州,122.0
20170124,23,O3_8h,赣州,89.0
20170124,23,O3_8h_24h,赣州,101.0
20170124,23,CO,赣州,1.3
20170124,23,CO_24h,赣州,1.53
20170124,0,AQI,吉安,84.0
20170124,0,PM2.5,吉安,62.0
20170124,0,PM2.5_24h,吉安,71.0
20170124,0,PM10,吉安,104.0
20170124,0,PM10_24h,吉安,110.0
20170124,0,SO2,吉安,22.0
20170124,0,SO2_24h,吉安,24.0
20170124,0,NO2,吉安,25.0
20170124,0,NO2_24h,吉安,28.0
20170124,0,O3,吉安,94.0
20170124,0,O3_24h,吉安,155.0
20170124,0,O3_8h,吉安,118.0
20170124,0,O3_8h_24h,吉安,135.0
20170124,0,CO,吉安,0.45
20170124,0,CO_24h,吉安,0.6
20170124,1,AQI,吉安,85.0
20170124,1,PM2.5,吉安,63.0
20170124,1,PM2.5_24h,吉安,70.0
20170124,1,PM10,吉安,103.0
20170124,1,PM10_24h,吉安,109.0
20170124,1,SO2,吉安,21.0
20170124,1,SO2_24h,吉安,24.0
20170124,1,NO2,吉安,24.0
20170124,1,NO2_24h,吉安,28.0
20170124,1,O3,吉安,89.0
20170124,1,O3_24h,吉安,155.0
20170124,1,O3_8h,吉安,89.0
20170124,1,O3_8h_24h,吉安,89.0
20170124,1,CO,吉安,0.38
20170124,1,CO_24h,吉安,0.58
20170124,2,AQI,吉安,81.0
20170124,2,PM2.5,吉安,60.0
20170124,2,PM2.5_24h,吉安,70.0
20170124,2,PM10,吉安,98.0
20170124,2,PM10_24h,吉安,108.0
20170124,2,SO2,吉安,22.0
20170124,2,SO2_24h,吉安,24.0
20170124,2,NO2,吉安,24.0
20170124,2,NO2_24h,吉安,27.0
20170124,2,O3,吉安,75.0
20170124,2,O3_24h,吉安,155.0
20170124,2,O3_8h,吉安,82.0
20170124,2,O3_8h_24h,吉安,89.0
20170124,2,CO,吉安,0.4
20170124,2,CO_24h,吉安,0.58
20170124,3,AQI,吉安,81.0
20170124,3,PM2.5,吉安,60.0
20170124,3,PM2.5_24h,吉安,69.0
20170124,3,PM10,吉安,95.0
20170124,3,PM10_24h,吉安,108.0
20170124,3,SO2,吉安,24.0
20170124,3,SO2_24h,吉安,24.0
20170124,3,NO2,吉安,31.0
20170124,3,NO2_24h,吉安,27.0
20170124,3,O3,吉安,64.0
20170124,3,O3_24h,吉安,155.0
20170124,3,O3_8h,吉安,76.0
20170124,3,O3_8h_24h,吉安,89.0
20170124,3,CO,吉安,0.32
20170124,3,CO_24h,吉安,0.53
20170124,4,AQI,吉安,81.0
20170124,4,PM2.5,吉安,60.0
20170124,4,PM2.5_24h,吉安,68.0
20170124,4,PM10,吉安,93.0
20170124,4,PM10_24h,吉安,107.0
20170124,4,SO2,吉安,25.0
20170124,4,SO2_24h,吉安,24.0
20170124,4,NO2,吉安,26.0
20170124,4,NO2_24h,吉安,27.0
20170124,4,O3,吉安,63.0
20170124,4,O3_24h,吉安,155.0
20170124,4,O3_8h,吉安,73.0
20170124,4,O3_8h_24h,吉安,89.0
20170124,4,CO,吉安,0.35
20170124,4,CO_24h,吉安,0.53
20170124,5,AQI,吉安,83.0
20170124,5,PM2.5,吉安,61.0
20170124,5,PM2.5_24h,吉安,68.0
20170124,5,PM10,吉安,92.0
20170124,5,PM10_24h,吉安,106.0
20170124,5,SO2,吉安,30.0
20170124,5,SO2_24h,吉安,25.0
20170124,5,NO2,吉安,25.0
20170124,5,NO2_24h,吉安,27.0
20170124,5,O3,吉安,58.0
20170124,5,O3_24h,吉安,155.0
20170124,5,O3_8h,吉安,70.0
20170124,5,O3_8h_24h,吉安,89.0
20170124,5,CO,吉安,0.33
20170124,5,CO_24h,吉安,0.53
20170124,6,AQI,吉安,83.0
20170124,6,PM2.5,吉安,61.0
20170124,6,PM2.5_24h,吉安,68.0
20170124,6,PM10,吉安,92.0
20170124,6,PM10_24h,吉安,106.0
20170124,6,SO2,吉安,27.0
20170124,6,SO2_24h,吉安,25.0
20170124,6,NO2,吉安,28.0
20170124,6,NO2_24h,吉安,26.0
20170124,6,O3,吉安,55.0
20170124,6,O3_24h,吉安,155.0
20170124,6,O3_8h,吉安,67.0
20170124,6,O3_8h_24h,吉安,89.0
20170124,6,CO,吉安,0.38
20170124,6,CO_24h,吉安,0.53
20170124,7,AQI,吉安,85.0
20170124,7,PM2.5,吉安,63.0
20170124,7,PM2.5_24h,吉安,67.0
20170124,7,PM10,吉安,92.0
20170124,7,PM10_24h,吉安,105.0
20170124,7,SO2,吉安,26.0
20170124,7,SO2_24h,吉安,25.0
20170124,7,NO2,吉安,29.0
20170124,7,NO2_24h,吉安,27.0
20170124,7,O3,吉安,49.0
20170124,7,O3_24h,吉安,155.0
20170124,7,O3_8h,吉安,65.0
20170124,7,O3_8h_24h,吉安,89.0
20170124,7,CO,吉安,0.35
20170124,7,CO_24h,吉安,0.53
20170124,8,AQI,吉安,84.0
20170124,8,PM2.5,吉安,62.0
20170124,8,PM2.5_24h,吉安,67.0
20170124,8,PM10,吉安,93.0
20170124,8,PM10_24h,吉安,104.0
20170124,8,SO2,吉安,24.0
20170124,8,SO2_24h,吉安,25.0
20170124,8,NO2,吉安,31.0
20170124,8,NO2_24h,吉安,26.0
20170124,8,O3,吉安,43.0
20170124,8,O3_24h,吉安,155.0
20170124,8,O3_8h,吉安,62.0
20170124,8,O3_8h_24h,吉安,89.0
20170124,8,CO,吉安,0.37
20170124,8,CO_24h,吉安,0.53
20170124,9,AQI,吉安,86.0
20170124,9,PM2.5,吉安,64.0
20170124,9,PM2.5_24h,吉安,67.0
20170124,9,PM10,吉安,95.0
20170124,9,PM10_24h,吉安,104.0
20170124,9,SO2,吉安,23.0
20170124,9,SO2_24h,吉安,25.0
20170124,9,NO2,吉安,32.0
20170124,9,NO2_24h,吉安,26.0
20170124,9,O3,吉安,43.0
20170124,9,O3_24h,吉安,155.0
20170124,9,O3_8h,吉安,56.0
20170124,9,O3_8h_24h,吉安,89.0
20170124,9,CO,吉安,0.4
20170124,9,CO_24h,吉安,0.5
20170124,10,AQI,吉安,89.0
20170124,10,PM2.5,吉安,66.0
20170124,10,PM2.5_24h,吉安,66.0
20170124,10,PM10,吉安,101.0
20170124,10,PM10_24h,吉安,103.0
20170124,10,SO2,吉安,24.0
20170124,10,SO2_24h,吉安,25.0
20170124,10,NO2,吉安,29.0
20170124,10,NO2_24h,吉安,25.0
20170124,10,O3,吉安,60.0
20170124,10,O3_24h,吉安,155.0
20170124,10,O3_8h,吉安,54.0
20170124,10,O3_8h_24h,吉安,89.0
20170124,10,CO,吉安,0.73
20170124,10,CO_24h,吉安,0.5
20170124,11,AQI,吉安,95.0
20170124,11,PM2.5,吉安,71.0
20170124,11,PM2.5_24h,吉安,66.0
20170124,11,PM10,吉安,99.0
20170124,11,PM10_24h,吉安,102.0
20170124,11,SO2,吉安,24.0
20170124,11,SO2_24h,吉安,25.0
20170124,11,NO2,吉安,25.0
20170124,11,NO2_24h,吉安,25.0
20170124,11,O3,吉安,82.0
20170124,11,O3_24h,吉安,155.0
20170124,11,O3_8h,吉安,57.0
20170124,11,O3_8h_24h,吉安,89.0
20170124,11,CO,吉安,0.68
20170124,11,CO_24h,吉安,0.48
20170124,12,AQI,吉安,94.0
20170124,12,PM2.5,吉安,70.0
20170124,12,PM2.5_24h,吉安,65.0
20170124,12,PM10,吉安,110.0
20170124,12,PM10_24h,吉安,101.0
20170124,12,SO2,吉安,25.0
20170124,12,SO2_24h,吉安,24.0
20170124,12,NO2,吉安,23.0
20170124,12,NO2_24h,吉安,25.0
20170124,12,O3,吉安,99.0
20170124,12,O3_24h,吉安,155.0
20170124,12,O3_8h,吉安,61.0
20170124,12,O3_8h_24h,吉安,89.0
20170124,12,CO,吉安,0.65
20170124,12,CO_24h,吉安,0.48
20170124,13,AQI,吉安,95.0
20170124,13,PM2.5,吉安,71.0
20170124,13,PM2.5_24h,吉安,65.0
20170124,13,PM10,吉安,111.0
20170124,13,PM10_24h,吉安,100.0
20170124,13,SO2,吉安,25.0
20170124,13,SO2_24h,吉安,24.0
20170124,13,NO2,吉安,24.0
20170124,13,NO2_24h,吉安,25.0
20170124,13,O3,吉安,104.0
20170124,13,O3_24h,吉安,155.0
20170124,13,O3_8h,吉安,67.0
20170124,13,O3_8h_24h,吉安,89.0
20170124,13,CO,吉安,0.68
20170124,13,CO_24h,吉安,0.48
20170124,14,AQI,吉安,93.0
20170124,14,PM2.5,吉安,69.0
20170124,14,PM2.5_24h,吉安,64.0
20170124,14,PM10,吉安,110.0
20170124,14,PM10_24h,吉安,100.0
20170124,14,SO2,吉安,25.0
20170124,14,SO2_24h,吉安,24.0
20170124,14,NO2,吉安,20.0
20170124,14,NO2_24h,吉安,25.0
20170124,14,O3,吉安,123.0
20170124,14,O3_24h,吉安,155.0
20170124,14,O3_8h,吉安,75.0
20170124,14,O3_8h_24h,吉安,89.0
20170124,14,CO,吉安,0.68
20170124,14,CO_24h,吉安,0.45
20170124,15,AQI,吉安,96.0
20170124,15,PM2.5,吉安,72.0
20170124,15,PM2.5_24h,吉安,64.0
20170124,15,PM10,吉安,110.0
20170124,15,PM10_24h,吉安,100.0
20170124,15,SO2,吉安,23.0
20170124,15,SO2_24h,吉安,24.0
20170124,15,NO2,吉安,20.0
20170124,15,NO2_24h,吉安,25.0
20170124,15,O3,吉安,126.0
20170124,15,O3_24h,吉安,155.0
20170124,15,O3_8h,吉安,85.0
20170124,15,O3_8h_24h,吉安,92.0
20170124,15,CO,吉安,0.78
20170124,15,CO_24h,吉安,0.45
20170124,16,AQI,吉安,94.0
20170124,16,PM2.5,吉安,70.0
20170124,16,PM2.5_24h,吉安,65.0
20170124,16,PM10,吉安,108.0
20170124,16,PM10_24h,吉安,100.0
20170124,16,SO2,吉安,21.0
20170124,16,SO2_24h,吉安,24.0
20170124,16,NO2,吉安,24.0
20170124,16,NO2_24h,吉安,25.0
20170124,16,O3,吉安,108.0
20170124,16,O3_24h,吉安,145.0
20170124,16,O3_8h,吉安,93.0
20170124,16,O3_8h_24h,吉安,95.0
20170124,16,CO,吉安,0.65
20170124,16,CO_24h,吉安,0.48
20170124,17,AQI,吉安,95.0
20170124,17,PM2.5,吉安,71.0
20170124,17,PM2.5_24h,吉安,65.0
20170124,17,PM10,吉安,105.0
20170124,17,PM10_24h,吉安,100.0
20170124,17,SO2,吉安,26.0
20170124,17,SO2_24h,吉安,24.0
20170124,17,NO2,吉安,25.0
20170124,17,NO2_24h,吉安,26.0
20170124,17,O3,吉安,97.0
20170124,17,O3_24h,吉安,135.0
20170124,17,O3_8h,吉安,100.0
20170124,17,O3_8h_24h,吉安,101.0
20170124,17,CO,吉安,0.5
20170124,17,CO_24h,吉安,0.5
20170124,18,AQI,吉安,96.0
20170124,18,PM2.5,吉安,72.0
20170124,18,PM2.5_24h,吉安,66.0
20170124,18,PM10,吉安,106.0
20170124,18,PM10_24h,吉安,101.0
20170124,18,SO2,吉安,21.0
20170124,18,SO2_24h,吉安,24.0
20170124,18,NO2,吉安,29.0
20170124,18,NO2_24h,吉安,26.0
20170124,18,O3,吉安,85.0
20170124,18,O3_24h,吉安,130.0
20170124,18,O3_8h,吉安,103.0
20170124,18,O3_8h_24h,吉安,103.0
20170124,18,CO,吉安,0.6
20170124,18,CO_24h,吉安,0.5
20170124,19,AQI,吉安,100.0
20170124,19,PM2.5,吉安,75.0
20170124,19,PM2.5_24h,吉安,66.0
20170124,19,PM10,吉安,113.0
20170124,19,PM10_24h,吉安,102.0
20170124,19,SO2,吉安,25.0
20170124,19,SO2_24h,吉安,24.0
20170124,19,NO2,吉安,33.0
20170124,19,NO2_24h,吉安,26.0
20170124,19,O3,吉安,82.0
20170124,19,O3_24h,吉安,129.0
20170124,19,O3_8h,吉安,103.0
20170124,19,O3_8h_24h,吉安,104.0
20170124,19,CO,吉安,0.6
20170124,19,CO_24h,吉安,0.5
20170124,20,AQI,吉安,104.0
20170124,20,PM2.5,吉安,78.0
20170124,20,PM2.5_24h,吉安,67.0
20170124,20,PM10,吉安,118.0
20170124,20,PM10_24h,吉安,103.0
20170124,20,SO2,吉安,28.0
20170124,20,SO2_24h,吉安,24.0
20170124,20,NO2,吉安,33.0
20170124,20,NO2_24h,吉安,27.0
20170124,20,O3,吉安,82.0
20170124,20,O3_24h,吉安,127.0
20170124,20,O3_8h,吉安,101.0
20170124,20,O3_8h_24h,吉安,104.0
20170124,20,CO,吉安,0.6
20170124,20,CO_24h,吉安,0.5
20170124,21,AQI,吉安,105.0
20170124,21,PM2.5,吉安,79.0
20170124,21,PM2.5_24h,吉安,67.0
20170124,21,PM10,吉安,124.0
20170124,21,PM10_24h,吉安,104.0
20170124,21,SO2,吉安,28.0
20170124,21,SO2_24h,吉安,24.0
20170124,21,NO2,吉安,32.0
20170124,21,NO2_24h,吉安,27.0
20170124,21,O3,吉安,83.0
20170124,21,O3_24h,吉安,127.0
20170124,21,O3_8h,吉安,98.0
20170124,21,O3_8h_24h,吉安,104.0
20170124,21,CO,吉安,0.63
20170124,21,CO_24h,吉安,0.5
20170124,22,AQI,吉安,109.0
20170124,22,PM2.5,吉安,82.0
20170124,22,PM2.5_24h,吉安,68.0
20170124,22,PM10,吉安,126.0
20170124,22,PM10_24h,吉安,104.0
20170124,22,SO2,吉安,32.0
20170124,22,SO2_24h,吉安,25.0
20170124,22,NO2,吉安,33.0
20170124,22,NO2_24h,吉安,27.0
20170124,22,O3,吉安,81.0
20170124,22,O3_24h,吉安,127.0
20170124,22,O3_8h,吉安,93.0
20170124,22,O3_8h_24h,吉安,104.0
20170124,22,CO,吉安,0.67
20170124,22,CO_24h,吉安,0.53
20170124,23,AQI,吉安,109.0
20170124,23,PM2.5,吉安,82.0
20170124,23,PM2.5_24h,吉安,69.0
20170124,23,PM10,吉安,129.0
20170124,23,PM10_24h,吉安,105.0
20170124,23,SO2,吉安,31.0
20170124,23,SO2_24h,吉安,25.0
20170124,23,NO2,吉安,28.0
20170124,23,NO2_24h,吉安,27.0
20170124,23,O3,吉安,82.0
20170124,23,O3_24h,吉安,127.0
20170124,23,O3_8h,吉安,87.0
20170124,23,O3_8h_24h,吉安,104.0
20170124,23,CO,吉安,0.65
20170124,23,CO_24h,吉安,0.55
20170124,0,AQI,宜春,99.0
20170124,0,PM2.5,宜春,74.0
20170124,0,PM2.5_24h,宜春,65.0
20170124,0,PM10,宜春,115.0
20170124,0,PM10_24h,宜春,108.0
20170124,0,SO2,宜春,20.0
20170124,0,SO2_24h,宜春,27.0
20170124,0,NO2,宜春,33.0
20170124,0,NO2_24h,宜春,27.0
20170124,0,O3,宜春,64.0
20170124,0,O3_24h,宜春,117.0
20170124,0,O3_8h,宜春,83.0
20170124,0,O3_8h_24h,宜春,104.0
20170124,0,CO,宜春,0.6
20170124,0,CO_24h,宜春,0.85
20170124,1,AQI,宜春,91.0
20170124,1,PM2.5,宜春,68.0
20170124,1,PM2.5_24h,宜春,65.0
20170124,1,PM10,宜春,108.0
20170124,1,PM10_24h,宜春,106.0
20170124,1,SO2,宜春,17.0
20170124,1,SO2_24h,宜春,27.0
20170124,1,NO2,宜春,34.0
20170124,1,NO2_24h,宜春,27.0
20170124,1,O3,宜春,54.0
20170124,1,O3_24h,宜春,117.0
20170124,1,O3_8h,宜春,54.0
20170124,1,O3_8h_24h,宜春,54.0
20170124,1,CO,宜春,0.63
20170124,1,CO_24h,宜春,0.82
20170124,2,AQI,宜春,85.0
20170124,2,PM2.5,宜春,63.0
20170124,2,PM2.5_24h,宜春,64.0
20170124,2,PM10,宜春,99.0
20170124,2,PM10_24h,宜春,105.0
20170124,2,SO2,宜春,14.0
20170124,2,SO2_24h,宜春,26.0
20170124,2,NO2,宜春,24.0
20170124,2,NO2_24h,宜春,27.0
20170124,2,O3,宜春,63.0
20170124,2,O3_24h,宜春,117.0
20170124,2,O3_8h,宜春,59.0
20170124,2,O3_8h_24h,宜春,59.0
20170124,2,CO,宜春,0.5
20170124,2,CO_24h,宜春,0.8
20170124,3,AQI,宜春,81.0
20170124,3,PM2.5,宜春,60.0
20170124,3,PM2.5_24h,宜春,63.0
20170124,3,PM10,宜春,94.0
20170124,3,PM10_24h,宜春,103.0
20170124,3,SO2,宜春,12.0
20170124,3,SO2_24h,宜春,25.0
20170124,3,NO2,宜春,18.0
20170124,3,NO2_24h,宜春,27.0
20170124,3,O3,宜春,66.0
20170124,3,O3_24h,宜春,117.0
20170124,3,O3_8h,宜春,61.0
20170124,3,O3_8h_24h,宜春,62.0
20170124,3,CO,宜春,0.42
20170124,3,CO_24h,宜春,0.77
20170124,4,AQI,宜春,76.0
20170124,4,PM2.5,宜春,56.0
20170124,4,PM2.5_24h,宜春,63.0
20170124,4,PM10,宜春,87.0
20170124,4,PM10_24h,宜春,102.0
20170124,4,SO2,宜春,13.0
20170124,4,SO2_24h,宜春,25.0
20170124,4,NO2,宜春,18.0
20170124,4,NO2_24h,宜春,26.0
20170124,4,O3,宜春,66.0
20170124,4,O3_24h,宜春,117.0
20170124,4,O3_8h,宜春,62.0
20170124,4,O3_8h_24h,宜春,63.0
20170124,4,CO,宜春,0.48
20170124,4,CO_24h,宜春,0.75
20170124,5,AQI,宜春,75.0
20170124,5,PM2.5,宜春,55.0
20170124,5,PM2.5_24h,宜春,62.0
20170124,5,PM10,宜春,83.0
20170124,5,PM10_24h,宜春,101.0
20170124,5,SO2,宜春,17.0
20170124,5,SO2_24h,宜春,24.0
20170124,5,NO2,宜春,18.0
20170124,5,NO2_24h,宜春,26.0
20170124,5,O3,宜春,63.0
20170124,5,O3_24h,宜春,117.0
20170124,5,O3_8h,宜春,63.0
20170124,5,O3_8h_24h,宜春,63.0
20170124,5,CO,宜春,0.55
20170124,5,CO_24h,宜春,0.73
20170124,6,AQI,宜春,75.0
20170124,6,PM2.5,宜春,55.0
20170124,6,PM2.5_24h,宜春,62.0
20170124,6,PM10,宜春,82.0
20170124,6,PM10_24h,宜春,100.0
20170124,6,SO2,宜春,22.0
20170124,6,SO2_24h,宜春,24.0
20170124,6,NO2,宜春,19.0
20170124,6,NO2_24h,宜春,26.0
20170124,6,O3,宜春,61.0
20170124,6,O3_24h,宜春,117.0
20170124,6,O3_8h,宜春,62.0
20170124,6,O3_8h_24h,宜春,63.0
20170124,6,CO,宜春,0.58
20170124,6,CO_24h,宜春,0.7
20170124,7,AQI,宜春,84.0
20170124,7,PM2.5,宜春,62.0
20170124,7,PM2.5_24h,宜春,62.0
20170124,7,PM10,宜春,88.0
20170124,7,PM10_24h,宜春,100.0
20170124,7,SO2,宜春,24.0
20170124,7,SO2_24h,宜春,24.0
20170124,7,NO2,宜春,22.0
20170124,7,NO2_24h,宜春,26.0
20170124,7,O3,宜春,57.0
20170124,7,O3_24h,宜春,117.0
20170124,7,O3_8h,宜春,61.0
20170124,7,O3_8h_24h,宜春,63.0
20170124,7,CO,宜春,0.63
20170124,7,CO_24h,宜春,0.68
20170124,8,AQI,宜春,88.0
20170124,8,PM2.5,宜春,65.0
20170124,8,PM2.5_24h,宜春,62.0
20170124,8,PM10,宜春,91.0
20170124,8,PM10_24h,宜春,99.0
20170124,8,SO2,宜春,23.0
20170124,8,SO2_24h,宜春,23.0
20170124,8,NO2,宜春,28.0
20170124,8,NO2_24h,宜春,26.0
20170124,8,O3,宜春,50.0
20170124,8,O3_24h,宜春,117.0
20170124,8,O3_8h,宜春,60.0
20170124,8,O3_8h_24h,宜春,63.0
20170124,8,CO,宜春,0.68
20170124,8,CO_24h,宜春,0.65
20170124,9,AQI,宜春,96.0
20170124,9,PM2.5,宜春,72.0
20170124,9,PM2.5_24h,宜春,62.0
20170124,9,PM10,宜春,97.0
20170124,9,PM10_24h,宜春,98.0
20170124,9,SO2,宜春,24.0
20170124,9,SO2_24h,宜春,22.0
20170124,9,NO2,宜春,37.0
20170124,9,NO2_24h,宜春,26.0
20170124,9,O3,宜春,45.0
20170124,9,O3_24h,宜春,117.0
20170124,9,O3_8h,宜春,59.0
20170124,9,O3_8h_24h,宜春,63.0
20170124,9,CO,宜春,0.75
20170124,9,CO_24h,宜春,0.65
20170124,10,AQI,宜春,96.0
20170124,10,PM2.5,宜春,72.0
20170124,10,PM2.5_24h,宜春,63.0
20170124,10,PM10,宜春,101.0
20170124,10,PM10_24h,宜春,98.0
20170124,10,SO2,宜春,23.0
20170124,10,SO2_24h,宜春,22.0
20170124,10,NO2,宜春,36.0
20170124,10,NO2_24h,宜春,26.0
20170124,10,O3,宜春,44.0
20170124,10,O3_24h,宜春,117.0
20170124,10,O3_8h,宜春,56.0
20170124,10,O3_8h_24h,宜春,63.0
20170124,10,CO,宜春,0.82
20170124,10,CO_24h,宜春,0.6
20170124,11,AQI,宜春,98.0
20170124,11,PM2.5,宜春,73.0
20170124,11,PM2.5_24h,宜春,63.0
20170124,11,PM10,宜春,105.0
20170124,11,PM10_24h,宜春,97.0
20170124,11,SO2,宜春,26.0
20170124,11,SO2_24h,宜春,21.0
20170124,11,NO2,宜春,36.0
20170124,11,NO2_24h,宜春,26.0
20170124,11,O3,宜春,51.0
20170124,11,O3_24h,宜春,117.0
20170124,11,O3_8h,宜春,54.0
20170124,11,O3_8h_24h,宜春,63.0
20170124,11,CO,宜春,0.78
20170124,11,CO_24h,宜春,0.6
20170124,12,AQI,宜春,98.0
20170124,12,PM2.5,宜春,73.0
20170124,12,PM2.5_24h,宜春,63.0
20170124,12,PM10,宜春,107.0
20170124,12,PM10_24h,宜春,97.0
20170124,12,SO2,宜春,25.0
20170124,12,SO2_24h,宜春,21.0
20170124,12,NO2,宜春,31.0
20170124,12,NO2_24h,宜春,26.0
20170124,12,O3,宜春,65.0
20170124,12,O3_24h,宜春,117.0
20170124,12,O3_8h,宜春,55.0
20170124,12,O3_8h_24h,宜春,64.0
20170124,12,CO,宜春,0.72
20170124,12,CO_24h,宜春,0.6
20170124,13,AQI,宜春,96.0
20170124,13,PM2.5,宜春,72.0
20170124,13,PM2.5_24h,宜春,63.0
20170124,13,PM10,宜春,106.0
20170124,13,PM10_24h,宜春,96.0
20170124,13,SO2,宜春,26.0
20170124,13,SO2_24h,宜春,22.0
20170124,13,NO2,宜春,29.0
20170124,13,NO2_24h,宜春,26.0
20170124,13,O3,宜春,72.0
20170124,13,O3_24h,宜春,117.0
20170124,13,O3_8h,宜春,55.0
20170124,13,O3_8h_24h,宜春,64.0
20170124,13,CO,宜春,0.8
20170124,13,CO_24h,宜春,0.6
20170124,14,AQI,宜春,95.0
20170124,14,PM2.5,宜春,71.0
20170124,14,PM2.5_24h,宜春,63.0
20170124,14,PM10,宜春,106.0
20170124,14,PM10_24h,宜春,96.0
20170124,14,SO2,宜春,22.0
20170124,14,SO2_24h,宜春,21.0
20170124,14,NO2,宜春,25.0
20170124,14,NO2_24h,宜春,27.0
20170124,14,O3,宜春,79.0
20170124,14,O3_24h,宜春,117.0
20170124,14,O3_8h,宜春,58.0
20170124,14,O3_8h_24h,宜春,65.0
20170124,14,CO,宜春,0.82
20170124,14,CO_24h,宜春,0.63
20170124,15,AQI,宜春,93.0
20170124,15,PM2.5,宜春,69.0
20170124,15,PM2.5_24h,宜春,64.0
20170124,15,PM10,宜春,104.0
20170124,15,PM10_24h,宜春,97.0
20170124,15,SO2,宜春,23.0
20170124,15,SO2_24h,宜春,22.0
20170124,15,NO2,宜春,27.0
20170124,15,NO2_24h,宜春,27.0
20170124,15,O3,宜春,81.0
20170124,15,O3_24h,宜春,117.0
20170124,15,O3_8h,宜春,61.0
20170124,15,O3_8h_24h,宜春,66.0
20170124,15,CO,宜春,0.9
20170124,15,CO_24h,宜春,0.63
20170124,16,AQI,宜春,95.0
20170124,16,PM2.5,宜春,71.0
20170124,16,PM2.5_24h,宜春,64.0
20170124,16,PM10,宜春,103.0
20170124,16,PM10_24h,宜春,98.0
20170124,16,SO2,宜春,26.0
20170124,16,SO2_24h,宜春,22.0
20170124,16,NO2,宜春,27.0
20170124,16,NO2_24h,宜春,28.0
20170124,16,O3,宜春,81.0
20170124,16,O3_24h,宜春,114.0
20170124,16,O3_8h,宜春,65.0
20170124,16,O3_8h_24h,宜春,68.0
20170124,16,CO,宜春,0.88
20170124,16,CO_24h,宜春,0.67
20170124,17,AQI,宜春,100.0
20170124,17,PM2.5,宜春,75.0
20170124,17,PM2.5_24h,宜春,65.0
20170124,17,PM10,宜春,105.0
20170124,17,PM10_24h,宜春,99.0
20170124,17,SO2,宜春,25.0
20170124,17,SO2_24h,宜春,23.0
20170124,17,NO2,宜春,30.0
20170124,17,NO2_24h,宜春,28.0
20170124,17,O3,宜春,76.0
20170124,17,O3_24h,宜春,108.0
20170124,17,O3_8h,宜春,69.0
20170124,17,O3_8h_24h,宜春,70.0
20170124,17,CO,宜春,0.85
20170124,17,CO_24h,宜春,0.67
20170124,18,AQI,宜春,105.0
20170124,18,PM2.5,宜春,79.0
20170124,18,PM2.5_24h,宜春,67.0
20170124,18,PM10,宜春,110.0
20170124,18,PM10_24h,宜春,100.0
20170124,18,SO2,宜春,27.0
20170124,18,SO2_24h,宜春,23.0
20170124,18,NO2,宜春,33.0
20170124,18,NO2_24h,宜春,29.0
20170124,18,O3,宜春,69.0
20170124,18,O3_24h,宜春,94.0
20170124,18,O3_8h,宜春,72.0
20170124,18,O3_8h_24h,宜春,72.0
20170124,18,CO,宜春,0.88
20170124,18,CO_24h,宜春,0.67
20170124,19,AQI,宜春,110.0
20170124,19,PM2.5,宜春,83.0
20170124,19,PM2.5_24h,宜春,68.0
20170124,19,PM10,宜春,117.0
20170124,19,PM10_24h,宜春,102.0
20170124,19,SO2,宜春,35.0
20170124,19,SO2_24h,宜春,23.0
20170124,19,NO2,宜春,41.0
20170124,19,NO2_24h,宜春,29.0
20170124,19,O3,宜春,58.0
20170124,19,O3_24h,宜春,85.0
20170124,19,O3_8h,宜春,73.0
20170124,19,O3_8h_24h,宜春,73.0
20170124,19,CO,宜春,1.05
20170124,19,CO_24h,宜春,0.72
20170124,20,AQI,宜春,115.0
20170124,20,PM2.5,宜春,87.0
20170124,20,PM2.5_24h,宜春,70.0
20170124,20,PM10,宜春,126.0
20170124,20,PM10_24h,宜春,103.0
20170124,20,SO2,宜春,33.0
20170124,20,SO2_24h,宜春,23.0
20170124,20,NO2,宜春,47.0
20170124,20,NO2_24h,宜春,30.0
20170124,20,O3,宜春,47.0
20170124,20,O3_24h,宜春,84.0
20170124,20,O3_8h,宜春,70.0
20170124,20,O3_8h_24h,宜春,73.0
20170124,20,CO,宜春,1.17
20170124,20,CO_24h,宜春,0.75
20170124,21,AQI,宜春,126.0
20170124,21,PM2.5,宜春,96.0
20170124,21,PM2.5_24h,宜春,71.0
20170124,21,PM10,宜春,145.0
20170124,21,PM10_24h,宜春,105.0
20170124,21,SO2,宜春,33.0
20170124,21,SO2_24h,宜春,23.0
20170124,21,NO2,宜春,60.0
20170124,21,NO2_24h,宜春,31.0
20170124,21,O3,宜春,25.0
20170124,21,O3_24h,宜春,83.0
20170124,21,O3_8h,宜春,64.0
20170124,21,O3_8h_24h,宜春,73.0
20170124,21,CO,宜春,1.47
20170124,21,CO_24h,宜春,0.77
20170124,22,AQI,宜春,143.0
20170124,22,PM2.5,宜春,109.0
20170124,22,PM2.5_24h,宜春,72.0
20170124,22,PM10,宜春,153.0
20170124,22,PM10_24h,宜春,106.0
20170124,22,SO2,宜春,29.0
20170124,22,SO2_24h,宜春,23.0
20170124,22,NO2,宜春,56.0
20170124,22,NO2_24h,宜春,32.0
20170124,22,O3,宜春,20.0
20170124,22,O3_24h,宜春,83.0
20170124,22,O3_8h,宜春,57.0
20170124,22,O3_8h_24h,宜春,73.0
20170124,22,CO,宜春,1.5
20170124,22,CO_24h,宜春,0.8
20170124,23,AQI,宜春,149.0
20170124,23,PM2.5,宜春,114.0
20170124,23,PM2.5_24h,宜春,74.0
20170124,23,PM10,宜春,177.0
20170124,23,PM10_24h,宜春,109.0
20170124,23,SO2,宜春,24.0
20170124,23,SO2_24h,宜春,23.0
20170124,23,NO2,宜春,55.0
20170124,23,NO2_24h,宜春,33.0
20170124,23,O3,宜春,17.0
20170124,23,O3_24h,宜春,83.0
20170124,23,O3_8h,宜春,49.0
20170124,23,O3_8h_24h,宜春,73.0
20170124,23,CO,宜春,1.35
20170124,23,CO_24h,宜春,0.82
20170124,0,AQI,抚州,104.0
20170124,0,PM2.5,抚州,78.0
20170124,0,PM2.5_24h,抚州,75.0
20170124,0,PM10,抚州,108.0
20170124,0,PM10_24h,抚州,106.0
20170124,0,SO2,抚州,13.0
20170124,0,SO2_24h,抚州,16.0
20170124,0,NO2,抚州,21.0
20170124,0,NO2_24h,抚州,22.0
20170124,0,O3,抚州,74.0
20170124,0,O3_24h,抚州,120.0
20170124,0,O3_8h,抚州,94.0
20170124,0,O3_8h_24h,抚州,106.0
20170124,0,CO,抚州,0.92
20170124,0,CO_24h,抚州,1.0
20170124,1,AQI,抚州,100.0
20170124,1,PM2.5,抚州,75.0
20170124,1,PM2.5_24h,抚州,75.0
20170124,1,PM10,抚州,106.0
20170124,1,PM10_24h,抚州,106.0
20170124,1,SO2,抚州,16.0
20170124,1,SO2_24h,抚州,15.0
20170124,1,NO2,抚州,21.0
20170124,1,NO2_24h,抚州,22.0
20170124,1,O3,抚州,68.0
20170124,1,O3_24h,抚州,120.0
20170124,1,O3_8h,抚州,68.0
20170124,1,O3_8h_24h,抚州,68.0
20170124,1,CO,抚州,0.95
20170124,1,CO_24h,抚州,1.0
20170124,2,AQI,抚州,103.0
20170124,2,PM2.5,抚州,77.0
20170124,2,PM2.5_24h,抚州,75.0
20170124,2,PM10,抚州,109.0
20170124,2,PM10_24h,抚州,105.0
20170124,2,SO2,抚州,13.0
20170124,2,SO2_24h,抚州,15.0
20170124,2,NO2,抚州,20.0
20170124,2,NO2_24h,抚州,22.0
20170124,2,O3,抚州,69.0
20170124,2,O3_24h,抚州,120.0
20170124,2,O3_8h,抚州,69.0
20170124,2,O3_8h_24h,抚州,69.0
20170124,2,CO,抚州,0.93
20170124,2,CO_24h,抚州,1.0
20170124,3,AQI,抚州,99.0
20170124,3,PM2.5,抚州,74.0
20170124,3,PM2.5_24h,抚州,74.0
20170124,3,PM10,抚州,107.0
20170124,3,PM10_24h,抚州,105.0
20170124,3,SO2,抚州,11.0
20170124,3,SO2_24h,抚州,15.0
20170124,3,NO2,抚州,18.0
20170124,3,NO2_24h,抚州,22.0
20170124,3,O3,抚州,65.0
20170124,3,O3_24h,抚州,120.0
20170124,3,O3_8h,抚州,68.0
20170124,3,O3_8h_24h,抚州,69.0
20170124,3,CO,抚州,0.97
20170124,3,CO_24h,抚州,1.0
20170124,4,AQI,抚州,94.0
20170124,4,PM2.5,抚州,70.0
20170124,4,PM2.5_24h,抚州,74.0
20170124,4,PM10,抚州,99.0
20170124,4,PM10_24h,抚州,104.0
20170124,4,SO2,抚州,10.0
20170124,4,SO2_24h,抚州,15.0
20170124,4,NO2,抚州,17.0
20170124,4,NO2_24h,抚州,22.0
20170124,4,O3,抚州,65.0
20170124,4,O3_24h,抚州,120.0
20170124,4,O3_8h,抚州,67.0
20170124,4,O3_8h_24h,抚州,69.0
20170124,4,CO,抚州,1.0
20170124,4,CO_24h,抚州,1.0
20170124,5,AQI,抚州,91.0
20170124,5,PM2.5,抚州,68.0
20170124,5,PM2.5_24h,抚州,73.0
20170124,5,PM10,抚州,91.0
20170124,5,PM10_24h,抚州,103.0
20170124,5,SO2,抚州,11.0
20170124,5,SO2_24h,抚州,15.0
20170124,5,NO2,抚州,17.0
20170124,5,NO2_24h,抚州,21.0
20170124,5,O3,抚州,68.0
20170124,5,O3_24h,抚州,120.0
20170124,5,O3_8h,抚州,67.0
20170124,5,O3_8h_24h,抚州,69.0
20170124,5,CO,抚州,1.0
20170124,5,CO_24h,抚州,1.0
20170124,6,AQI,抚州,88.0
20170124,6,PM2.5,抚州,65.0
20170124,6,PM2.5_24h,抚州,72.0
20170124,6,PM10,抚州,86.0
20170124,6,PM10_24h,抚州,102.0
20170124,6,SO2,抚州,14.0
20170124,6,SO2_24h,抚州,15.0
20170124,6,NO2,抚州,17.0
20170124,6,NO2_24h,抚州,21.0
20170124,6,O3,抚州,67.0
20170124,6,O3_24h,抚州,120.0
20170124,6,O3_8h,抚州,67.0
20170124,6,O3_8h_24h,抚州,69.0
20170124,6,CO,抚州,1.02
20170124,6,CO_24h,抚州,1.0
20170124,7,AQI,抚州,89.0
20170124,7,PM2.5,抚州,66.0
20170124,7,PM2.5_24h,抚州,72.0
20170124,7,PM10,抚州,87.0
20170124,7,PM10_24h,抚州,100.0
20170124,7,SO2,抚州,16.0
20170124,7,SO2_24h,抚州,14.0
20170124,7,NO2,抚州,17.0
20170124,7,NO2_24h,抚州,21.0
20170124,7,O3,抚州,68.0
20170124,7,O3_24h,抚州,120.0
20170124,7,O3_8h,抚州,67.0
20170124,7,O3_8h_24h,抚州,70.0
20170124,7,CO,抚州,1.0
20170124,7,CO_24h,抚州,1.0
20170124,8,AQI,抚州,86.0
20170124,8,PM2.5,抚州,64.0
20170124,8,PM2.5_24h,抚州,71.0
20170124,8,PM10,抚州,87.0
20170124,8,PM10_24h,抚州,99.0
20170124,8,SO2,抚州,13.0
20170124,8,SO2_24h,抚州,13.0
20170124,8,NO2,抚州,19.0
20170124,8,NO2_24h,抚州,21.0
20170124,8,O3,抚州,65.0
20170124,8,O3_24h,抚州,120.0
20170124,8,O3_8h,抚州,67.0
20170124,8,O3_8h_24h,抚州,70.0
20170124,8,CO,抚州,1.02
20170124,8,CO_24h,抚州,1.0
20170124,9,AQI,抚州,85.0
20170124,9,PM2.5,抚州,63.0
20170124,9,PM2.5_24h,抚州,69.0
20170124,9,PM10,抚州,87.0
20170124,9,PM10_24h,抚州,98.0
20170124,9,SO2,抚州,14.0
20170124,9,SO2_24h,抚州,13.0
20170124,9,NO2,抚州,25.0
20170124,9,NO2_24h,抚州,20.0
20170124,9,O3,抚州,55.0
20170124,9,O3_24h,抚州,120.0
20170124,9,O3_8h,抚州,65.0
20170124,9,O3_8h_24h,抚州,70.0
20170124,9,CO,抚州,1.13
20170124,9,CO_24h,抚州,0.98
20170124,10,AQI,抚州,85.0
20170124,10,PM2.5,抚州,63.0
20170124,10,PM2.5_24h,抚州,69.0
20170124,10,PM10,抚州,86.0
20170124,10,PM10_24h,抚州,97.0
20170124,10,SO2,抚州,14.0
20170124,10,SO2_24h,抚州,13.0
20170124,10,NO2,抚州,30.0
20170124,10,NO2_24h,抚州,20.0
20170124,10,O3,抚州,57.0
20170124,10,O3_24h,抚州,120.0
20170124,10,O3_8h,抚州,64.0
20170124,10,O3_8h_24h,抚州,70.0
20170124,10,CO,抚州,1.1
20170124,10,CO_24h,抚州,0.95
20170124,11,AQI,抚州,88.0
20170124,11,PM2.5,抚州,65.0
20170124,11,PM2.5_24h,抚州,68.0
20170124,11,PM10,抚州,90.0
20170124,11,PM10_24h,抚州,96.0
20170124,11,SO2,抚州,17.0
20170124,11,SO2_24h,抚州,13.0
20170124,11,NO2,抚州,24.0
20170124,11,NO2_24h,抚州,20.0
20170124,11,O3,抚州,74.0
20170124,11,O3_24h,抚州,120.0
20170124,11,O3_8h,抚州,65.0
20170124,11,O3_8h_24h,抚州,70.0
20170124,11,CO,抚州,1.07
20170124,11,CO_24h,抚州,0.95
20170124,12,AQI,抚州,91.0
20170124,12,PM2.5,抚州,68.0
20170124,12,PM2.5_24h,抚州,67.0
20170124,12,PM10,抚州,91.0
20170124,12,PM10_24h,抚州,95.0
20170124,12,SO2,抚州,15.0
20170124,12,SO2_24h,抚州,13.0
20170124,12,NO2,抚州,18.0
20170124,12,NO2_24h,抚州,20.0
20170124,12,O3,抚州,84.0
20170124,12,O3_24h,抚州,120.0
20170124,12,O3_8h,抚州,67.0
20170124,12,O3_8h_24h,抚州,70.0
20170124,12,CO,抚州,1.03
20170124,12,CO_24h,抚州,0.97
20170124,13,AQI,抚州,91.0
20170124,13,PM2.5,抚州,68.0
20170124,13,PM2.5_24h,抚州,67.0
20170124,13,PM10,抚州,102.0
20170124,13,PM10_24h,抚州,95.0
20170124,13,SO2,抚州,16.0
20170124,13,SO2_24h,抚州,13.0
20170124,13,NO2,抚州,17.0
20170124,13,NO2_24h,抚州,20.0
20170124,13,O3,抚州,96.0
20170124,13,O3_24h,抚州,120.0
20170124,13,O3_8h,抚州,71.0
20170124,13,O3_8h_24h,抚州,71.0
20170124,13,CO,抚州,0.97
20170124,13,CO_24h,抚州,0.97
20170124,14,AQI,抚州,93.0
20170124,14,PM2.5,抚州,69.0
20170124,14,PM2.5_24h,抚州,67.0
20170124,14,PM10,抚州,102.0
20170124,14,PM10_24h,抚州,95.0
20170124,14,SO2,抚州,14.0
20170124,14,SO2_24h,抚州,13.0
20170124,14,NO2,抚州,16.0
20170124,14,NO2_24h,抚州,20.0
20170124,14,O3,抚州,105.0
20170124,14,O3_24h,抚州,120.0
20170124,14,O3_8h,抚州,76.0
20170124,14,O3_8h_24h,抚州,76.0
20170124,14,CO,抚州,0.95
20170124,14,CO_24h,抚州,0.97
20170124,15,AQI,抚州,93.0
20170124,15,PM2.5,抚州,69.0
20170124,15,PM2.5_24h,抚州,67.0
20170124,15,PM10,抚州,104.0
20170124,15,PM10_24h,抚州,96.0
20170124,15,SO2,抚州,13.0
20170124,15,SO2_24h,抚州,13.0
20170124,15,NO2,抚州,16.0
20170124,15,NO2_24h,抚州,20.0
20170124,15,O3,抚州,109.0
20170124,15,O3_24h,抚州,119.0
20170124,15,O3_8h,抚州,81.0
20170124,15,O3_8h_24h,抚州,81.0
20170124,15,CO,抚州,0.9
20170124,15,CO_24h,抚州,0.97
20170124,16,AQI,抚州,89.0
20170124,16,PM2.5,抚州,66.0
20170124,16,PM2.5_24h,抚州,68.0
20170124,16,PM10,抚州,90.0
20170124,16,PM10_24h,抚州,96.0
20170124,16,SO2,抚州,12.0
20170124,16,SO2_24h,抚州,13.0
20170124,16,NO2,抚州,21.0
20170124,16,NO2_24h,抚州,21.0
20170124,16,O3,抚州,106.0
20170124,16,O3_24h,抚州,115.0
20170124,16,O3_8h,抚州,86.0
20170124,16,O3_8h_24h,抚州,86.0
20170124,16,CO,抚州,0.95
20170124,16,CO_24h,抚州,0.97
20170124,17,AQI,抚州,85.0
20170124,17,PM2.5,抚州,63.0
20170124,17,PM2.5_24h,抚州,68.0
20170124,17,PM10,抚州,83.0
20170124,17,PM10_24h,抚州,96.0
20170124,17,SO2,抚州,10.0
20170124,17,SO2_24h,抚州,13.0
20170124,17,NO2,抚州,17.0
20170124,17,NO2_24h,抚州,20.0
20170124,17,O3,抚州,107.0
20170124,17,O3_24h,抚州,110.0
20170124,17,O3_8h,抚州,92.0
20170124,17,O3_8h_24h,抚州,92.0
20170124,17,CO,抚州,0.88
20170124,17,CO_24h,抚州,0.97
20170124,18,AQI,抚州,79.0
20170124,18,PM2.5,抚州,58.0
20170124,18,PM2.5_24h,抚州,68.0
20170124,18,PM10,抚州,78.0
20170124,18,PM10_24h,抚州,96.0
20170124,18,SO2,抚州,11.0
20170124,18,SO2_24h,抚州,13.0
20170124,18,NO2,抚州,19.0
20170124,18,NO2_24h,抚州,20.0
20170124,18,O3,抚州,96.0
20170124,18,O3_24h,抚州,110.0
20170124,18,O3_8h,抚州,97.0
20170124,18,O3_8h_24h,抚州,97.0
20170124,18,CO,抚州,0.9
20170124,18,CO_24h,抚州,0.97
20170124,19,AQI,抚州,80.0
20170124,19,PM2.5,抚州,59.0
20170124,19,PM2.5_24h,抚州,68.0
20170124,19,PM10,抚州,81.0
20170124,19,PM10_24h,抚州,96.0
20170124,19,SO2,抚州,14.0
20170124,19,SO2_24h,抚州,13.0
20170124,19,NO2,抚州,23.0
20170124,19,NO2_24h,抚州,20.0
20170124,19,O3,抚州,83.0
20170124,19,O3_24h,抚州,110.0
20170124,19,O3_8h,抚州,98.0
20170124,19,O3_8h_24h,抚州,98.0
20170124,19,CO,抚州,0.95
20170124,19,CO_24h,抚州,0.97
20170124,20,AQI,抚州,86.0
20170124,20,PM2.5,抚州,64.0
20170124,20,PM2.5_24h,抚州,68.0
20170124,20,PM10,抚州,88.0
20170124,20,PM10_24h,抚州,96.0
20170124,20,SO2,抚州,14.0
20170124,20,SO2_24h,抚州,13.0
20170124,20,NO2,抚州,26.0
20170124,20,NO2_24h,抚州,20.0
20170124,20,O3,抚州,77.0
20170124,20,O3_24h,抚州,110.0
20170124,20,O3_8h,抚州,98.0
20170124,20,O3_8h_24h,抚州,98.0
20170124,20,CO,抚州,1.0
20170124,20,CO_24h,抚州,0.97
20170124,21,AQI,抚州,98.0
20170124,21,PM2.5,抚州,73.0
20170124,21,PM2.5_24h,抚州,68.0
20170124,21,PM10,抚州,98.0
20170124,21,PM10_24h,抚州,96.0
20170124,21,SO2,抚州,10.0
20170124,21,SO2_24h,抚州,13.0
20170124,21,NO2,抚州,25.0
20170124,21,NO2_24h,抚州,20.0
20170124,21,O3,抚州,72.0
20170124,21,O3_24h,抚州,110.0
20170124,21,O3_8h,抚州,94.0
20170124,21,O3_8h_24h,抚州,98.0
20170124,21,CO,抚州,1.0
20170124,21,CO_24h,抚州,0.97
20170124,22,AQI,抚州,105.0
20170124,22,PM2.5,抚州,79.0
20170124,22,PM2.5_24h,抚州,68.0
20170124,22,PM10,抚州,104.0
20170124,22,PM10_24h,抚州,95.0
20170124,22,SO2,抚州,9.0
20170124,22,SO2_24h,抚州,13.0
20170124,22,NO2,抚州,22.0
20170124,22,NO2_24h,抚州,20.0
20170124,22,O3,抚州,71.0
20170124,22,O3_24h,抚州,110.0
20170124,22,O3_8h,抚州,90.0
20170124,22,O3_8h_24h,抚州,98.0
20170124,22,CO,抚州,0.95
20170124,22,CO_24h,抚州,0.97
20170124,23,AQI,抚州,104.0
20170124,23,PM2.5,抚州,78.0
20170124,23,PM2.5_24h,抚州,68.0
20170124,23,PM10,抚州,103.0
20170124,23,PM10_24h,抚州,94.0
20170124,23,SO2,抚州,9.0
20170124,23,SO2_24h,抚州,13.0
20170124,23,NO2,抚州,18.0
20170124,23,NO2_24h,抚州,20.0
20170124,23,O3,抚州,74.0
20170124,23,O3_24h,抚州,110.0
20170124,23,O3_8h,抚州,86.0
20170124,23,O3_8h_24h,抚州,98.0
20170124,23,CO,抚州,0.95
20170124,23,CO_24h,抚州,0.97
20170124,0,AQI,上饶,81.0
20170124,0,PM2.5,上饶,59.0
20170124,0,PM2.5_24h,上饶,60.0
20170124,0,PM10,上饶,112.0
20170124,0,PM10_24h,上饶,109.0
20170124,0,SO2,上饶,27.0
20170124,0,SO2_24h,上饶,24.0
20170124,0,NO2,上饶,28.0
20170124,0,NO2_24h,上饶,32.0
20170124,0,O3,上饶,86.0
20170124,0,O3_24h,上饶,111.0
20170124,0,O3_8h,上饶,99.0
20170124,0,O3_8h_24h,上饶,106.0
20170124,0,CO,上饶,1.35
20170124,0,CO_24h,上饶,1.4
20170124,1,AQI,上饶,79.0
20170124,1,PM2.5,上饶,58.0
20170124,1,PM2.5_24h,上饶,60.0
20170124,1,PM10,上饶,105.0
20170124,1,PM10_24h,上饶,108.0
20170124,1,SO2,上饶,23.0
20170124,1,SO2_24h,上饶,24.0
20170124,1,NO2,上饶,25.0
20170124,1,NO2_24h,上饶,32.0
20170124,1,O3,上饶,88.0
20170124,1,O3_24h,上饶,111.0
20170124,1,O3_8h,上饶,88.0
20170124,1,O3_8h_24h,上饶,88.0
20170124,1,CO,上饶,1.3
20170124,1,CO_24h,上饶,1.4
20170124,2,AQI,上饶,78.0
20170124,2,PM2.5,上饶,57.0
20170124,2,PM2.5_24h,上饶,60.0
20170124,2,PM10,上饶,102.0
20170124,2,PM10_24h,上饶,108.0
20170124,2,SO2,上饶,21.0
20170124,2,SO2_24h,上饶,23.0
20170124,2,NO2,上饶,20.0
20170124,2,NO2_24h,上饶,31.0
20170124,2,O3,上饶,87.0
20170124,2,O3_24h,上饶,111.0
20170124,2,O3_8h,上饶,87.0
20170124,2,O3_8h_24h,上饶,88.0
20170124,2,CO,上饶,1.3
20170124,2,CO_24h,上饶,1.4
20170124,3,AQI,上饶,74.0
20170124,3,PM2.5,上饶,53.0
20170124,3,PM2.5_24h,上饶,60.0
20170124,3,PM10,上饶,97.0
20170124,3,PM10_24h,上饶,108.0
20170124,3,SO2,上饶,21.0
20170124,3,SO2_24h,上饶,23.0
20170124,3,NO2,上饶,20.0
20170124,3,NO2_24h,上饶,31.0
20170124,3,O3,上饶,82.0
20170124,3,O3_24h,上饶,111.0
20170124,3,O3_8h,上饶,86.0
20170124,3,O3_8h_24h,上饶,88.0
20170124,3,CO,上饶,1.3
20170124,3,CO_24h,上饶,1.4
20170124,4,AQI,上饶,73.0
20170124,4,PM2.5,上饶,49.0
20170124,4,PM2.5_24h,上饶,59.0
20170124,4,PM10,上饶,96.0
20170124,4,PM10_24h,上饶,108.0
20170124,4,SO2,上饶,20.0
20170124,4,SO2_24h,上饶,23.0
20170124,4,NO2,上饶,18.0
20170124,4,NO2_24h,上饶,30.0
20170124,4,O3,上饶,80.0
20170124,4,O3_24h,上饶,111.0
20170124,4,O3_8h,上饶,84.0
20170124,4,O3_8h_24h,上饶,88.0
20170124,4,CO,上饶,1.3
20170124,4,CO_24h,上饶,1.4
20170124,5,AQI,上饶,70.0
20170124,5,PM2.5,上饶,48.0
20170124,5,PM2.5_24h,上饶,58.0
20170124,5,PM10,上饶,90.0
20170124,5,PM10_24h,上饶,108.0
20170124,5,SO2,上饶,19.0
20170124,5,SO2_24h,上饶,24.0
20170124,5,NO2,上饶,15.0
20170124,5,NO2_24h,上饶,29.0
20170124,5,O3,上饶,79.0
20170124,5,O3_24h,上饶,111.0
20170124,5,O3_8h,上饶,83.0
20170124,5,O3_8h_24h,上饶,88.0
20170124,5,CO,上饶,1.3
20170124,5,CO_24h,上饶,1.4
20170124,6,AQI,上饶,65.0
20170124,6,PM2.5,上饶,46.0
20170124,6,PM2.5_24h,上饶,58.0
20170124,6,PM10,上饶,80.0
20170124,6,PM10_24h,上饶,107.0
20170124,6,SO2,上饶,23.0
20170124,6,SO2_24h,上饶,24.0
20170124,6,NO2,上饶,18.0
20170124,6,NO2_24h,上饶,28.0
20170124,6,O3,上饶,76.0
20170124,6,O3_24h,上饶,111.0
20170124,6,O3_8h,上饶,82.0
20170124,6,O3_8h_24h,上饶,88.0
20170124,6,CO,上饶,1.35
20170124,6,CO_24h,上饶,1.4
20170124,7,AQI,上饶,65.0
20170124,7,PM2.5,上饶,47.0
20170124,7,PM2.5_24h,上饶,57.0
20170124,7,PM10,上饶,78.0
20170124,7,PM10_24h,上饶,106.0
20170124,7,SO2,上饶,26.0
20170124,7,SO2_24h,上饶,23.0
20170124,7,NO2,上饶,22.0
20170124,7,NO2_24h,上饶,27.0
20170124,7,O3,上饶,72.0
20170124,7,O3_24h,上饶,111.0
20170124,7,O3_8h,上饶,81.0
20170124,7,O3_8h_24h,上饶,88.0
20170124,7,CO,上饶,1.35
20170124,7,CO_24h,上饶,1.4
20170124,8,AQI,上饶,65.0
20170124,8,PM2.5,上饶,46.0
20170124,8,PM2.5_24h,上饶,57.0
20170124,8,PM10,上饶,79.0
20170124,8,PM10_24h,上饶,105.0
20170124,8,SO2,上饶,27.0
20170124,8,SO2_24h,上饶,23.0
20170124,8,NO2,上饶,27.0
20170124,8,NO2_24h,上饶,27.0
20170124,8,O3,上饶,66.0
20170124,8,O3_24h,上饶,111.0
20170124,8,O3_8h,上饶,79.0
20170124,8,O3_8h_24h,上饶,88.0
20170124,8,CO,上饶,1.35
20170124,8,CO_24h,上饶,1.4
20170124,9,AQI,上饶,70.0
20170124,9,PM2.5,上饶,51.0
20170124,9,PM2.5_24h,上饶,56.0
20170124,9,PM10,上饶,83.0
20170124,9,PM10_24h,上饶,104.0
20170124,9,SO2,上饶,26.0
20170124,9,SO2_24h,上饶,23.0
20170124,9,NO2,上饶,23.0
20170124,9,NO2_24h,上饶,26.0
20170124,9,O3,上饶,69.0
20170124,9,O3_24h,上饶,111.0
20170124,9,O3_8h,上饶,77.0
20170124,9,O3_8h_24h,上饶,88.0
20170124,9,CO,上饶,1.35
20170124,9,CO_24h,上饶,1.4
20170124,10,AQI,上饶,69.0
20170124,10,PM2.5,上饶,50.0
20170124,10,PM2.5_24h,上饶,55.0
20170124,10,PM10,上饶,85.0
20170124,10,PM10_24h,上饶,103.0
20170124,10,SO2,上饶,22.0
20170124,10,SO2_24h,上饶,22.0
20170124,10,NO2,上饶,31.0
20170124,10,NO2_24h,上饶,26.0
20170124,10,O3,上饶,73.0
20170124,10,O3_24h,上饶,111.0
20170124,10,O3_8h,上饶,74.0
20170124,10,O3_8h_24h,上饶,88.0
20170124,10,CO,上饶,1.3
20170124,10,CO_24h,上饶,1.35
20170124,11,AQI,上饶,69.0
20170124,11,PM2.5,上饶,50.0
20170124,11,PM2.5_24h,上饶,55.0
20170124,11,PM10,上饶,87.0
20170124,11,PM10_24h,上饶,102.0
20170124,11,SO2,上饶,20.0
20170124,11,SO2_24h,上饶,22.0
20170124,11,NO2,上饶,27.0
20170124,11,NO2_24h,上饶,26.0
20170124,11,O3,上饶,81.0
20170124,11,O3_24h,上饶,111.0
20170124,11,O3_8h,上饶,74.0
20170124,11,O3_8h_24h,上饶,88.0
20170124,11,CO,上饶,1.3
20170124,11,CO_24h,上饶,1.3
20170124,12,AQI,上饶,68.0
20170124,12,PM2.5,上饶,46.0
20170124,12,PM2.5_24h,上饶,54.0
20170124,12,PM10,上饶,85.0
20170124,12,PM10_24h,上饶,100.0
20170124,12,SO2,上饶,24.0
20170124,12,SO2_24h,上饶,23.0
20170124,12,NO2,上饶,25.0
20170124,12,NO2_24h,上饶,26.0
20170124,12,O3,上饶,86.0
20170124,12,O3_24h,上饶,111.0
20170124,12,O3_8h,上饶,75.0
20170124,12,O3_8h_24h,上饶,88.0
20170124,12,CO,上饶,1.3
20170124,12,CO_24h,上饶,1.3
20170124,13,AQI,上饶,68.0
20170124,13,PM2.5,上饶,47.0
20170124,13,PM2.5_24h,上饶,54.0
20170124,13,PM10,上饶,85.0
20170124,13,PM10_24h,上饶,99.0
20170124,13,SO2,上饶,24.0
20170124,13,SO2_24h,上饶,23.0
20170124,13,NO2,上饶,23.0
20170124,13,NO2_24h,上饶,25.0
20170124,13,O3,上饶,91.0
20170124,13,O3_24h,上饶,111.0
20170124,13,O3_8h,上饶,77.0
20170124,13,O3_8h_24h,上饶,88.0
20170124,13,CO,上饶,1.3
20170124,13,CO_24h,上饶,1.3
20170124,14,AQI,上饶,66.0
20170124,14,PM2.5,上饶,45.0
20170124,14,PM2.5_24h,上饶,53.0
20170124,14,PM10,上饶,82.0
20170124,14,PM10_24h,上饶,98.0
20170124,14,SO2,上饶,14.0
20170124,14,SO2_24h,上饶,23.0
20170124,14,NO2,上饶,18.0
20170124,14,NO2_24h,上饶,25.0
20170124,14,O3,上饶,94.0
20170124,14,O3_24h,上饶,111.0
20170124,14,O3_8h,上饶,79.0
20170124,14,O3_8h_24h,上饶,88.0
20170124,14,CO,上饶,1.3
20170124,14,CO_24h,上饶,1.3
20170124,15,AQI,上饶,67.0
20170124,15,PM2.5,上饶,47.0
20170124,15,PM2.5_24h,上饶,53.0
20170124,15,PM10,上饶,83.0
20170124,15,PM10_24h,上饶,97.0
20170124,15,SO2,上饶,13.0
20170124,15,SO2_24h,上饶,22.0
20170124,15,NO2,上饶,20.0
20170124,15,NO2_24h,上饶,25.0
20170124,15,O3,上饶,86.0
20170124,15,O3_24h,上饶,111.0
20170124,15,O3_8h,上饶,81.0
20170124,15,O3_8h_24h,上饶,88.0
20170124,15,CO,上饶,1.3
20170124,15,CO_24h,上饶,1.3
20170124,16,AQI,上饶,67.0
20170124,16,PM2.5,上饶,46.0
20170124,16,PM2.5_24h,上饶,52.0
20170124,16,PM10,上饶,83.0
20170124,16,PM10_24h,上饶,96.0
20170124,16,SO2,上饶,14.0
20170124,16,SO2_24h,上饶,22.0
20170124,16,NO2,上饶,16.0
20170124,16,NO2_24h,上饶,24.0
20170124,16,O3,上饶,82.0
20170124,16,O3_24h,上饶,111.0
20170124,16,O3_8h,上饶,83.0
20170124,16,O3_8h_24h,上饶,88.0
20170124,16,CO,上饶,1.3
20170124,16,CO_24h,上饶,1.3
20170124,17,AQI,上饶,68.0
20170124,17,PM2.5,上饶,48.0
20170124,17,PM2.5_24h,上饶,52.0
20170124,17,PM10,上饶,86.0
20170124,17,PM10_24h,上饶,94.0
20170124,17,SO2,上饶,14.0
20170124,17,SO2_24h,上饶,22.0
20170124,17,NO2,上饶,16.0
20170124,17,NO2_24h,上饶,24.0
20170124,17,O3,上饶,82.0
20170124,17,O3_24h,上饶,111.0
20170124,17,O3_8h,上饶,85.0
20170124,17,O3_8h_24h,上饶,89.0
20170124,17,CO,上饶,1.3
20170124,17,CO_24h,上饶,1.3
20170124,18,AQI,上饶,68.0
20170124,18,PM2.5,上饶,48.0
20170124,18,PM2.5_24h,上饶,52.0
20170124,18,PM10,上饶,86.0
20170124,18,PM10_24h,上饶,94.0
20170124,18,SO2,上饶,17.0
20170124,18,SO2_24h,上饶,22.0
20170124,18,NO2,上饶,16.0
20170124,18,NO2_24h,上饶,23.0
20170124,18,O3,上饶,83.0
20170124,18,O3_24h,上饶,108.0
20170124,18,O3_8h,上饶,86.0
20170124,18,O3_8h_24h,上饶,91.0
20170124,18,CO,上饶,1.3
20170124,18,CO_24h,上饶,1.3
20170124,19,AQI,上饶,70.0
20170124,19,PM2.5,上饶,51.0
20170124,19,PM2.5_24h,上饶,52.0
20170124,19,PM10,上饶,89.0
20170124,19,PM10_24h,上饶,93.0
20170124,19,SO2,上饶,21.0
20170124,19,SO2_24h,上饶,22.0
20170124,19,NO2,上饶,20.0
20170124,19,NO2_24h,上饶,23.0
20170124,19,O3,上饶,86.0
20170124,19,O3_24h,上饶,108.0
20170124,19,O3_8h,上饶,86.0
20170124,19,O3_8h_24h,上饶,93.0
20170124,19,CO,上饶,1.4
20170124,19,CO_24h,上饶,1.3
20170124,20,AQI,上饶,74.0
20170124,20,PM2.5,上饶,54.0
20170124,20,PM2.5_24h,上饶,51.0
20170124,20,PM10,上饶,93.0
20170124,20,PM10_24h,上饶,92.0
20170124,20,SO2,上饶,28.0
20170124,20,SO2_24h,上饶,22.0
20170124,20,NO2,上饶,22.0
20170124,20,NO2_24h,上饶,23.0
20170124,20,O3,上饶,87.0
20170124,20,O3_24h,上饶,105.0
20170124,20,O3_8h,上饶,86.0
20170124,20,O3_8h_24h,上饶,94.0
20170124,20,CO,上饶,1.45
20170124,20,CO_24h,上饶,1.3
20170124,21,AQI,上饶,81.0
20170124,21,PM2.5,上饶,60.0
20170124,21,PM2.5_24h,上饶,51.0
20170124,21,PM10,上饶,99.0
20170124,21,PM10_24h,上饶,91.0
20170124,21,SO2,上饶,27.0
20170124,21,SO2_24h,上饶,22.0
20170124,21,NO2,上饶,24.0
20170124,21,NO2_24h,上饶,23.0
20170124,21,O3,上饶,84.0
20170124,21,O3_24h,上饶,104.0
20170124,21,O3_8h,上饶,85.0
20170124,21,O3_8h_24h,上饶,94.0
20170124,21,CO,上饶,1.5
20170124,21,CO_24h,上饶,1.3
20170124,22,AQI,上饶,85.0
20170124,22,PM2.5,上饶,63.0
20170124,22,PM2.5_24h,上饶,51.0
20170124,22,PM10,上饶,103.0
20170124,22,PM10_24h,上饶,91.0
20170124,22,SO2,上饶,24.0
20170124,22,SO2_24h,上饶,22.0
20170124,22,NO2,上饶,26.0
20170124,22,NO2_24h,上饶,22.0
20170124,22,O3,上饶,82.0
20170124,22,O3_24h,上饶,104.0
20170124,22,O3_8h,上饶,84.0
20170124,22,O3_8h_24h,上饶,94.0
20170124,22,CO,上饶,1.4
20170124,22,CO_24h,上饶,1.3
20170124,23,AQI,上饶,84.0
20170124,23,PM2.5,上饶,62.0
20170124,23,PM2.5_24h,上饶,51.0
20170124,23,PM10,上饶,108.0
20170124,23,PM10_24h,上饶,91.0
20170124,23,SO2,上饶,26.0
20170124,23,SO2_24h,上饶,22.0
20170124,23,NO2,上饶,24.0
20170124,23,NO2_24h,上饶,22.0
20170124,23,O3,上饶,82.0
20170124,23,O3_24h,上饶,104.0
20170124,23,O3_8h,上饶,83.0
20170124,23,O3_8h_24h,上饶,94.0
20170124,23,CO,上饶,1.3
20170124,23,CO_24h,上饶,1.3
20170124,0,AQI,鹤壁,313.0
20170124,0,PM2.5,鹤壁,263.0
20170124,0,PM2.5_24h,鹤壁,164.0
20170124,0,PM10,鹤壁,374.0
20170124,0,PM10_24h,鹤壁,253.0
20170124,0,SO2,鹤壁,145.0
20170124,0,SO2_24h,鹤壁,95.0
20170124,0,NO2,鹤壁,114.0
20170124,0,NO2_24h,鹤壁,79.0
20170124,0,O3,鹤壁,17.0
20170124,0,O3_24h,鹤壁,69.0
20170124,0,O3_8h,鹤壁,26.0
20170124,0,O3_8h_24h,鹤壁,51.0
20170124,0,CO,鹤壁,5.87
20170124,0,CO_24h,鹤壁,4.83
20170124,1,AQI,鹤壁,294.0
20170124,1,PM2.5,鹤壁,244.0
20170124,1,PM2.5_24h,鹤壁,170.0
20170124,1,PM10,鹤壁,340.0
20170124,1,PM10_24h,鹤壁,259.0
20170124,1,SO2,鹤壁,163.0
20170124,1,SO2_24h,鹤壁,99.0
20170124,1,NO2,鹤壁,114.0
20170124,1,NO2_24h,鹤壁,80.0
20170124,1,O3,鹤壁,17.0
20170124,1,O3_24h,鹤壁,69.0
20170124,1,O3_8h,鹤壁,17.0
20170124,1,O3_8h_24h,鹤壁,17.0
20170124,1,CO,鹤壁,5.93
20170124,1,CO_24h,鹤壁,4.9
20170124,2,AQI,鹤壁,275.0
20170124,2,PM2.5,鹤壁,225.0
20170124,2,PM2.5_24h,鹤壁,173.0
20170124,2,PM10,鹤壁,317.0
20170124,2,PM10_24h,鹤壁,264.0
20170124,2,SO2,鹤壁,155.0
20170124,2,SO2_24h,鹤壁,103.0
20170124,2,NO2,鹤壁,109.0
20170124,2,NO2_24h,鹤壁,82.0
20170124,2,O3,鹤壁,16.0
20170124,2,O3_24h,鹤壁,69.0
20170124,2,O3_8h,鹤壁,17.0
20170124,2,O3_8h_24h,鹤壁,17.0
20170124,2,CO,鹤壁,5.7
20170124,2,CO_24h,鹤壁,4.93
20170124,3,AQI,鹤壁,256.0
20170124,3,PM2.5,鹤壁,206.0
20170124,3,PM2.5_24h,鹤壁,177.0
20170124,3,PM10,鹤壁,296.0
20170124,3,PM10_24h,鹤壁,267.0
20170124,3,SO2,鹤壁,138.0
20170124,3,SO2_24h,鹤壁,105.0
20170124,3,NO2,鹤壁,103.0
20170124,3,NO2_24h,鹤壁,83.0
20170124,3,O3,鹤壁,14.0
20170124,3,O3_24h,鹤壁,69.0
20170124,3,O3_8h,鹤壁,16.0
20170124,3,O3_8h_24h,鹤壁,17.0
20170124,3,CO,鹤壁,5.23
20170124,3,CO_24h,鹤壁,4.97
20170124,4,AQI,鹤壁,247.0
20170124,4,PM2.5,鹤壁,197.0
20170124,4,PM2.5_24h,鹤壁,179.0
20170124,4,PM10,鹤壁,285.0
20170124,4,PM10_24h,鹤壁,269.0
20170124,4,SO2,鹤壁,126.0
20170124,4,SO2_24h,鹤壁,107.0
20170124,4,NO2,鹤壁,99.0
20170124,4,NO2_24h,鹤壁,84.0
20170124,4,O3,鹤壁,12.0
20170124,4,O3_24h,鹤壁,69.0
20170124,4,O3_8h,鹤壁,15.0
20170124,4,O3_8h_24h,鹤壁,17.0
20170124,4,CO,鹤壁,4.83
20170124,4,CO_24h,鹤壁,4.9
20170124,5,AQI,鹤壁,239.0
20170124,5,PM2.5,鹤壁,189.0
20170124,5,PM2.5_24h,鹤壁,181.0
20170124,5,PM10,鹤壁,281.0
20170124,5,PM10_24h,鹤壁,272.0
20170124,5,SO2,鹤壁,123.0
20170124,5,SO2_24h,鹤壁,108.0
20170124,5,NO2,鹤壁,96.0
20170124,5,NO2_24h,鹤壁,85.0
20170124,5,O3,鹤壁,12.0
20170124,5,O3_24h,鹤壁,69.0
20170124,5,O3_8h,鹤壁,14.0
20170124,5,O3_8h_24h,鹤壁,17.0
20170124,5,CO,鹤壁,4.77
20170124,5,CO_24h,鹤壁,4.9
20170124,6,AQI,鹤壁,246.0
20170124,6,PM2.5,鹤壁,196.0
20170124,6,PM2.5_24h,鹤壁,183.0
20170124,6,PM10,鹤壁,279.0
20170124,6,PM10_24h,鹤壁,274.0
20170124,6,SO2,鹤壁,128.0
20170124,6,SO2_24h,鹤壁,109.0
20170124,6,NO2,鹤壁,94.0
20170124,6,NO2_24h,鹤壁,85.0
20170124,6,O3,鹤壁,12.0
20170124,6,O3_24h,鹤壁,69.0
20170124,6,O3_8h,鹤壁,14.0
20170124,6,O3_8h_24h,鹤壁,17.0
20170124,6,CO,鹤壁,5.27
20170124,6,CO_24h,鹤壁,4.87
20170124,7,AQI,鹤壁,244.0
20170124,7,PM2.5,鹤壁,194.0
20170124,7,PM2.5_24h,鹤壁,185.0
20170124,7,PM10,鹤壁,279.0
20170124,7,PM10_24h,鹤壁,276.0
20170124,7,SO2,鹤壁,133.0
20170124,7,SO2_24h,鹤壁,110.0
20170124,7,NO2,鹤壁,92.0
20170124,7,NO2_24h,鹤壁,86.0
20170124,7,O3,鹤壁,11.0
20170124,7,O3_24h,鹤壁,69.0
20170124,7,O3_8h,鹤壁,14.0
20170124,7,O3_8h_24h,鹤壁,17.0
20170124,7,CO,鹤壁,6.17
20170124,7,CO_24h,鹤壁,4.87
20170124,8,AQI,鹤壁,242.0
20170124,8,PM2.5,鹤壁,192.0
20170124,8,PM2.5_24h,鹤壁,187.0
20170124,8,PM10,鹤壁,282.0
20170124,8,PM10_24h,鹤壁,277.0
20170124,8,SO2,鹤壁,133.0
20170124,8,SO2_24h,鹤壁,109.0
20170124,8,NO2,鹤壁,90.0
20170124,8,NO2_24h,鹤壁,86.0
20170124,8,O3,鹤壁,13.0
20170124,8,O3_24h,鹤壁,69.0
20170124,8,O3_8h,鹤壁,14.0
20170124,8,O3_8h_24h,鹤壁,17.0
20170124,8,CO,鹤壁,6.47
20170124,8,CO_24h,鹤壁,4.9
20170124,9,AQI,鹤壁,251.0
20170124,9,PM2.5,鹤壁,201.0
20170124,9,PM2.5_24h,鹤壁,189.0
20170124,9,PM10,鹤壁,297.0
20170124,9,PM10_24h,鹤壁,278.0
20170124,9,SO2,鹤壁,134.0
20170124,9,SO2_24h,鹤壁,108.0
20170124,9,NO2,鹤壁,87.0
20170124,9,NO2_24h,鹤壁,87.0
20170124,9,O3,鹤壁,14.0
20170124,9,O3_24h,鹤壁,69.0
20170124,9,O3_8h,鹤壁,13.0
20170124,9,O3_8h_24h,鹤壁,17.0
20170124,9,CO,鹤壁,7.37
20170124,9,CO_24h,鹤壁,4.97
20170124,10,AQI,鹤壁,260.0
20170124,10,PM2.5,鹤壁,210.0
20170124,10,PM2.5_24h,鹤壁,190.0
20170124,10,PM10,鹤壁,304.0
20170124,10,PM10_24h,鹤壁,279.0
20170124,10,SO2,鹤壁,131.0
20170124,10,SO2_24h,鹤壁,107.0
20170124,10,NO2,鹤壁,82.0
20170124,10,NO2_24h,鹤壁,87.0
20170124,10,O3,鹤壁,16.0
20170124,10,O3_24h,鹤壁,69.0
20170124,10,O3_8h,鹤壁,13.0
20170124,10,O3_8h_24h,鹤壁,17.0
20170124,10,CO,鹤壁,6.93
20170124,10,CO_24h,鹤壁,4.93
20170124,11,AQI,鹤壁,241.0
20170124,11,PM2.5,鹤壁,191.0
20170124,11,PM2.5_24h,鹤壁,190.0
20170124,11,PM10,鹤壁,275.0
20170124,11,PM10_24h,鹤壁,278.0
20170124,11,SO2,鹤壁,124.0
20170124,11,SO2_24h,鹤壁,104.0
20170124,11,NO2,鹤壁,80.0
20170124,11,NO2_24h,鹤壁,86.0
20170124,11,O3,鹤壁,19.0
20170124,11,O3_24h,鹤壁,69.0
20170124,11,O3_8h,鹤壁,14.0
20170124,11,O3_8h_24h,鹤壁,17.0
20170124,11,CO,鹤壁,5.93
20170124,11,CO_24h,鹤壁,4.8
20170124,12,AQI,鹤壁,208.0
20170124,12,PM2.5,鹤壁,158.0
20170124,12,PM2.5_24h,鹤壁,188.0
20170124,12,PM10,鹤壁,232.0
20170124,12,PM10_24h,鹤壁,276.0
20170124,12,SO2,鹤壁,109.0
20170124,12,SO2_24h,鹤壁,103.0
20170124,12,NO2,鹤壁,73.0
20170124,12,NO2_24h,鹤壁,86.0
20170124,12,O3,鹤壁,28.0
20170124,12,O3_24h,鹤壁,69.0
20170124,12,O3_8h,鹤壁,15.0
20170124,12,O3_8h_24h,鹤壁,17.0
20170124,12,CO,鹤壁,4.73
20170124,12,CO_24h,鹤壁,4.8
20170124,13,AQI,鹤壁,184.0
20170124,13,PM2.5,鹤壁,139.0
20170124,13,PM2.5_24h,鹤壁,186.0
20170124,13,PM10,鹤壁,209.0
20170124,13,PM10_24h,鹤壁,273.0
20170124,13,SO2,鹤壁,95.0
20170124,13,SO2_24h,鹤壁,102.0
20170124,13,NO2,鹤壁,65.0
20170124,13,NO2_24h,鹤壁,85.0
20170124,13,O3,鹤壁,36.0
20170124,13,O3_24h,鹤壁,69.0
20170124,13,O3_8h,鹤壁,19.0
20170124,13,O3_8h_24h,鹤壁,19.0
20170124,13,CO,鹤壁,3.8
20170124,13,CO_24h,鹤壁,4.77
20170124,14,AQI,鹤壁,196.0
20170124,14,PM2.5,鹤壁,147.0
20170124,14,PM2.5_24h,鹤壁,185.0
20170124,14,PM10,鹤壁,213.0
20170124,14,PM10_24h,鹤壁,272.0
20170124,14,SO2,鹤壁,94.0
20170124,14,SO2_24h,鹤壁,101.0
20170124,14,NO2,鹤壁,69.0
20170124,14,NO2_24h,鹤壁,86.0
20170124,14,O3,鹤壁,40.0
20170124,14,O3_24h,鹤壁,69.0
20170124,14,O3_8h,鹤壁,22.0
20170124,14,O3_8h_24h,鹤壁,22.0
20170124,14,CO,鹤壁,3.73
20170124,14,CO_24h,鹤壁,4.73
20170124,15,AQI,鹤壁,211.0
20170124,15,PM2.5,鹤壁,161.0
20170124,15,PM2.5_24h,鹤壁,185.0
20170124,15,PM10,鹤壁,231.0
20170124,15,PM10_24h,鹤壁,272.0
20170124,15,SO2,鹤壁,89.0
20170124,15,SO2_24h,鹤壁,102.0
20170124,15,NO2,鹤壁,76.0
20170124,15,NO2_24h,鹤壁,86.0
20170124,15,O3,鹤壁,40.0
20170124,15,O3_24h,鹤壁,69.0
20170124,15,O3_8h,鹤壁,26.0
20170124,15,O3_8h_24h,鹤壁,26.0
20170124,15,CO,鹤壁,3.8
20170124,15,CO_24h,鹤壁,4.77
20170124,16,AQI,鹤壁,210.0
20170124,16,PM2.5,鹤壁,160.0
20170124,16,PM2.5_24h,鹤壁,186.0
20170124,16,PM10,鹤壁,239.0
20170124,16,PM10_24h,鹤壁,273.0
20170124,16,SO2,鹤壁,88.0
20170124,16,SO2_24h,鹤壁,104.0
20170124,16,NO2,鹤壁,81.0
20170124,16,NO2_24h,鹤壁,88.0
20170124,16,O3,鹤壁,38.0
20170124,16,O3_24h,鹤壁,61.0
20170124,16,O3_8h,鹤壁,29.0
20170124,16,O3_8h_24h,鹤壁,29.0
20170124,16,CO,鹤壁,4.23
20170124,16,CO_24h,鹤壁,4.87
20170124,17,AQI,鹤壁,202.0
20170124,17,PM2.5,鹤壁,152.0
20170124,17,PM2.5_24h,鹤壁,187.0
20170124,17,PM10,鹤壁,236.0
20170124,17,PM10_24h,鹤壁,275.0
20170124,17,SO2,鹤壁,85.0
20170124,17,SO2_24h,鹤壁,106.0
20170124,17,NO2,鹤壁,84.0
20170124,17,NO2_24h,鹤壁,89.0
20170124,17,O3,鹤壁,33.0
20170124,17,O3_24h,鹤壁,48.0
20170124,17,O3_8h,鹤壁,31.0
20170124,17,O3_8h_24h,鹤壁,31.0
20170124,17,CO,鹤壁,4.17
20170124,17,CO_24h,鹤壁,4.97
20170124,18,AQI,鹤壁,215.0
20170124,18,PM2.5,鹤壁,165.0
20170124,18,PM2.5_24h,鹤壁,189.0
20170124,18,PM10,鹤壁,245.0
20170124,18,PM10_24h,鹤壁,277.0
20170124,18,SO2,鹤壁,92.0
20170124,18,SO2_24h,鹤壁,108.0
20170124,18,NO2,鹤壁,100.0
20170124,18,NO2_24h,鹤壁,91.0
20170124,18,O3,鹤壁,19.0
20170124,18,O3_24h,鹤壁,41.0
20170124,18,O3_8h,鹤壁,32.0
20170124,18,O3_8h_24h,鹤壁,32.0
20170124,18,CO,鹤壁,4.27
20170124,18,CO_24h,鹤壁,5.0
20170124,19,AQI,鹤壁,236.0
20170124,19,PM2.5,鹤壁,186.0
20170124,19,PM2.5_24h,鹤壁,190.0
20170124,19,PM10,鹤壁,266.0
20170124,19,PM10_24h,鹤壁,278.0
20170124,19,SO2,鹤壁,101.0
20170124,19,SO2_24h,鹤壁,109.0
20170124,19,NO2,鹤壁,106.0
20170124,19,NO2_24h,鹤壁,92.0
20170124,19,O3,鹤壁,15.0
20170124,19,O3_24h,鹤壁,41.0
20170124,19,O3_8h,鹤壁,31.0
20170124,19,O3_8h_24h,鹤壁,32.0
20170124,19,CO,鹤壁,5.2
20170124,19,CO_24h,鹤壁,5.03
20170124,20,AQI,鹤壁,227.0
20170124,20,PM2.5,鹤壁,177.0
20170124,20,PM2.5_24h,鹤壁,191.0
20170124,20,PM10,鹤壁,269.0
20170124,20,PM10_24h,鹤壁,277.0
20170124,20,SO2,鹤壁,94.0
20170124,20,SO2_24h,鹤壁,111.0
20170124,20,NO2,鹤壁,101.0
20170124,20,NO2_24h,鹤壁,92.0
20170124,20,O3,鹤壁,14.0
20170124,20,O3_24h,鹤壁,41.0
20170124,20,O3_8h,鹤壁,30.0
20170124,20,O3_8h_24h,鹤壁,32.0
20170124,20,CO,鹤壁,4.8
20170124,20,CO_24h,鹤壁,5.1
20170124,21,AQI,鹤壁,238.0
20170124,21,PM2.5,鹤壁,188.0
20170124,21,PM2.5_24h,鹤壁,191.0
20170124,21,PM10,鹤壁,295.0
20170124,21,PM10_24h,鹤壁,279.0
20170124,21,SO2,鹤壁,84.0
20170124,21,SO2_24h,鹤壁,113.0
20170124,21,NO2,鹤壁,97.0
20170124,21,NO2_24h,鹤壁,92.0
20170124,21,O3,鹤壁,15.0
20170124,21,O3_24h,鹤壁,41.0
20170124,21,O3_8h,鹤壁,27.0
20170124,21,O3_8h_24h,鹤壁,32.0
20170124,21,CO,鹤壁,5.0
20170124,21,CO_24h,鹤壁,5.1
20170124,22,AQI,鹤壁,250.0
20170124,22,PM2.5,鹤壁,200.0
20170124,22,PM2.5_24h,鹤壁,191.0
20170124,22,PM10,鹤壁,291.0
20170124,22,PM10_24h,鹤壁,279.0
20170124,22,SO2,鹤壁,76.0
20170124,22,SO2_24h,鹤壁,114.0
20170124,22,NO2,鹤壁,92.0
20170124,22,NO2_24h,鹤壁,92.0
20170124,22,O3,鹤壁,16.0
20170124,22,O3_24h,鹤壁,41.0
20170124,22,O3_8h,鹤壁,24.0
20170124,22,O3_8h_24h,鹤壁,32.0
20170124,22,CO,鹤壁,5.1
20170124,22,CO_24h,鹤壁,5.17
20170124,23,AQI,鹤壁,248.0
20170124,23,PM2.5,鹤壁,198.0
20170124,23,PM2.5_24h,鹤壁,189.0
20170124,23,PM10,鹤壁,282.0
20170124,23,PM10_24h,鹤壁,276.0
20170124,23,SO2,鹤壁,65.0
20170124,23,SO2_24h,鹤壁,113.0
20170124,23,NO2,鹤壁,85.0
20170124,23,NO2_24h,鹤壁,91.0
20170124,23,O3,鹤壁,17.0
20170124,23,O3_24h,鹤壁,41.0
20170124,23,O3_8h,鹤壁,21.0
20170124,23,O3_8h_24h,鹤壁,32.0
20170124,23,CO,鹤壁,5.03
20170124,23,CO_24h,鹤壁,5.17
20170124,0,AQI,新乡,218.0
20170124,0,PM2.5,新乡,168.0
20170124,0,PM2.5_24h,新乡,147.0
20170124,0,PM10,新乡,263.0
20170124,0,PM10_24h,新乡,215.0
20170124,0,SO2,新乡,46.0
20170124,0,SO2_24h,新乡,70.0
20170124,0,NO2,新乡,80.0
20170124,0,NO2_24h,新乡,73.0
20170124,0,O3,新乡,4.0
20170124,0,O3_24h,新乡,75.0
20170124,0,O3_8h,新乡,19.0
20170124,0,O3_8h_24h,新乡,52.0
20170124,0,CO,新乡,2.98
20170124,0,CO_24h,新乡,3.13
20170124,1,AQI,新乡,223.0
20170124,1,PM2.5,新乡,173.0
20170124,1,PM2.5_24h,新乡,150.0
20170124,1,PM10,新乡,248.0
20170124,1,PM10_24h,新乡,218.0
20170124,1,SO2,新乡,61.0
20170124,1,SO2_24h,新乡,70.0
20170124,1,NO2,新乡,77.0
20170124,1,NO2_24h,新乡,73.0
20170124,1,O3,新乡,4.0
20170124,1,O3_24h,新乡,75.0
20170124,1,O3_8h,新乡,4.0
20170124,1,O3_8h_24h,新乡,4.0
20170124,1,CO,新乡,3.0
20170124,1,CO_24h,新乡,3.13
20170124,2,AQI,新乡,275.0
20170124,2,PM2.5,新乡,225.0
20170124,2,PM2.5_24h,新乡,155.0
20170124,2,PM10,新乡,310.0
20170124,2,PM10_24h,新乡,224.0
20170124,2,SO2,新乡,108.0
20170124,2,SO2_24h,新乡,72.0
20170124,2,NO2,新乡,91.0
20170124,2,NO2_24h,新乡,74.0
20170124,2,O3,新乡,3.0
20170124,2,O3_24h,新乡,75.0
20170124,2,O3_8h,新乡,3.0
20170124,2,O3_8h_24h,新乡,4.0
20170124,2,CO,新乡,3.85
20170124,2,CO_24h,新乡,3.23
20170124,3,AQI,新乡,261.0
20170124,3,PM2.5,新乡,211.0
20170124,3,PM2.5_24h,新乡,159.0
20170124,3,PM10,新乡,298.0
20170124,3,PM10_24h,新乡,230.0
20170124,3,SO2,新乡,133.0
20170124,3,SO2_24h,新乡,75.0
20170124,3,NO2,新乡,99.0
20170124,3,NO2_24h,新乡,75.0
20170124,3,O3,新乡,3.0
20170124,3,O3_24h,新乡,75.0
20170124,3,O3_8h,新乡,3.0
20170124,3,O3_8h_24h,新乡,4.0
20170124,3,CO,新乡,4.02
20170124,3,CO_24h,新乡,3.25
20170124,4,AQI,新乡,238.0
20170124,4,PM2.5,新乡,188.0
20170124,4,PM2.5_24h,新乡,161.0
20170124,4,PM10,新乡,274.0
20170124,4,PM10_24h,新乡,234.0
20170124,4,SO2,新乡,139.0
20170124,4,SO2_24h,新乡,77.0
20170124,4,NO2,新乡,94.0
20170124,4,NO2_24h,新乡,76.0
20170124,4,O3,新乡,4.0
20170124,4,O3_24h,新乡,75.0
20170124,4,O3_8h,新乡,3.0
20170124,4,O3_8h_24h,新乡,4.0
20170124,4,CO,新乡,3.67
20170124,4,CO_24h,新乡,3.33
20170124,5,AQI,新乡,223.0
20170124,5,PM2.5,新乡,173.0
20170124,5,PM2.5_24h,新乡,163.0
20170124,5,PM10,新乡,260.0
20170124,5,PM10_24h,新乡,237.0
20170124,5,SO2,新乡,122.0
20170124,5,SO2_24h,新乡,79.0
20170124,5,NO2,新乡,83.0
20170124,5,NO2_24h,新乡,76.0
20170124,5,O3,新乡,7.0
20170124,5,O3_24h,新乡,75.0
20170124,5,O3_8h,新乡,4.0
20170124,5,O3_8h_24h,新乡,4.0
20170124,5,CO,新乡,3.2
20170124,5,CO_24h,新乡,3.33
20170124,6,AQI,新乡,227.0
20170124,6,PM2.5,新乡,177.0
20170124,6,PM2.5_24h,新乡,164.0
20170124,6,PM10,新乡,251.0
20170124,6,PM10_24h,新乡,239.0
20170124,6,SO2,新乡,116.0
20170124,6,SO2_24h,新乡,80.0
20170124,6,NO2,新乡,79.0
20170124,6,NO2_24h,新乡,76.0
20170124,6,O3,新乡,8.0
20170124,6,O3_24h,新乡,75.0
20170124,6,O3_8h,新乡,5.0
20170124,6,O3_8h_24h,新乡,5.0
20170124,6,CO,新乡,3.2
20170124,6,CO_24h,新乡,3.33
20170124,7,AQI,新乡,218.0
20170124,7,PM2.5,新乡,168.0
20170124,7,PM2.5_24h,新乡,164.0
20170124,7,PM10,新乡,242.0
20170124,7,PM10_24h,新乡,240.0
20170124,7,SO2,新乡,119.0
20170124,7,SO2_24h,新乡,81.0
20170124,7,NO2,新乡,79.0
20170124,7,NO2_24h,新乡,77.0
20170124,7,O3,新乡,7.0
20170124,7,O3_24h,新乡,75.0
20170124,7,O3_8h,新乡,5.0
20170124,7,O3_8h_24h,新乡,5.0
20170124,7,CO,新乡,3.15
20170124,7,CO_24h,新乡,3.27
20170124,8,AQI,新乡,211.0
20170124,8,PM2.5,新乡,161.0
20170124,8,PM2.5_24h,新乡,164.0
20170124,8,PM10,新乡,231.0
20170124,8,PM10_24h,新乡,240.0
20170124,8,SO2,新乡,106.0
20170124,8,SO2_24h,新乡,80.0
20170124,8,NO2,新乡,73.0
20170124,8,NO2_24h,新乡,76.0
20170124,8,O3,新乡,9.0
20170124,8,O3_24h,新乡,75.0
20170124,8,O3_8h,新乡,6.0
20170124,8,O3_8h_24h,新乡,6.0
20170124,8,CO,新乡,2.98
20170124,8,CO_24h,新乡,3.23
20170124,9,AQI,新乡,206.0
20170124,9,PM2.5,新乡,156.0
20170124,9,PM2.5_24h,新乡,164.0
20170124,9,PM10,新乡,224.0
20170124,9,PM10_24h,新乡,239.0
20170124,9,SO2,新乡,102.0
20170124,9,SO2_24h,新乡,79.0
20170124,9,NO2,新乡,70.0
20170124,9,NO2_24h,新乡,76.0
20170124,9,O3,新乡,13.0
20170124,9,O3_24h,新乡,75.0
20170124,9,O3_8h,新乡,7.0
20170124,9,O3_8h_24h,新乡,7.0
20170124,9,CO,新乡,3.35
20170124,9,CO_24h,新乡,3.13
20170124,10,AQI,新乡,208.0
20170124,10,PM2.5,新乡,158.0
20170124,10,PM2.5_24h,新乡,164.0
20170124,10,PM10,新乡,221.0
20170124,10,PM10_24h,新乡,238.0
20170124,10,SO2,新乡,99.0
20170124,10,SO2_24h,新乡,78.0
20170124,10,NO2,新乡,69.0
20170124,10,NO2_24h,新乡,76.0
20170124,10,O3,新乡,18.0
20170124,10,O3_24h,新乡,75.0
20170124,10,O3_8h,新乡,9.0
20170124,10,O3_8h_24h,新乡,9.0
20170124,10,CO,新乡,3.7
20170124,10,CO_24h,新乡,3.08
20170124,11,AQI,新乡,196.0
20170124,11,PM2.5,新乡,147.0
20170124,11,PM2.5_24h,新乡,163.0
20170124,11,PM10,新乡,213.0
20170124,11,PM10_24h,新乡,237.0
20170124,11,SO2,新乡,91.0
20170124,11,SO2_24h,新乡,78.0
20170124,11,NO2,新乡,66.0
20170124,11,NO2_24h,新乡,75.0
20170124,11,O3,新乡,25.0
20170124,11,O3_24h,新乡,75.0
20170124,11,O3_8h,新乡,11.0
20170124,11,O3_8h_24h,新乡,11.0
20170124,11,CO,新乡,3.55
20170124,11,CO_24h,新乡,3.05
20170124,12,AQI,新乡,196.0
20170124,12,PM2.5,新乡,147.0
20170124,12,PM2.5_24h,新乡,162.0
20170124,12,PM10,新乡,213.0
20170124,12,PM10_24h,新乡,235.0
20170124,12,SO2,新乡,86.0
20170124,12,SO2_24h,新乡,78.0
20170124,12,NO2,新乡,67.0
20170124,12,NO2_24h,新乡,75.0
20170124,12,O3,新乡,34.0
20170124,12,O3_24h,新乡,75.0
20170124,12,O3_8h,新乡,15.0
20170124,12,O3_8h_24h,新乡,15.0
20170124,12,CO,新乡,3.3
20170124,12,CO_24h,新乡,3.02
20170124,13,AQI,新乡,199.0
20170124,13,PM2.5,新乡,149.0
20170124,13,PM2.5_24h,新乡,162.0
20170124,13,PM10,新乡,230.0
20170124,13,PM10_24h,新乡,236.0
20170124,13,SO2,新乡,80.0
20170124,13,SO2_24h,新乡,78.0
20170124,13,NO2,新乡,66.0
20170124,13,NO2_24h,新乡,75.0
20170124,13,O3,新乡,40.0
20170124,13,O3_24h,新乡,75.0
20170124,13,O3_8h,新乡,19.0
20170124,13,O3_8h_24h,新乡,19.0
20170124,13,CO,新乡,3.17
20170124,13,CO_24h,新乡,3.0
20170124,14,AQI,新乡,191.0
20170124,14,PM2.5,新乡,144.0
20170124,14,PM2.5_24h,新乡,162.0
20170124,14,PM10,新乡,217.0
20170124,14,PM10_24h,新乡,236.0
20170124,14,SO2,新乡,77.0
20170124,14,SO2_24h,新乡,79.0
20170124,14,NO2,新乡,66.0
20170124,14,NO2_24h,新乡,76.0
20170124,14,O3,新乡,43.0
20170124,14,O3_24h,新乡,75.0
20170124,14,O3_8h,新乡,24.0
20170124,14,O3_8h_24h,新乡,24.0
20170124,14,CO,新乡,3.15
20170124,14,CO_24h,新乡,3.02
20170124,15,AQI,新乡,206.0
20170124,15,PM2.5,新乡,156.0
20170124,15,PM2.5_24h,新乡,163.0
20170124,15,PM10,新乡,213.0
20170124,15,PM10_24h,新乡,236.0
20170124,15,SO2,新乡,77.0
20170124,15,SO2_24h,新乡,79.0
20170124,15,NO2,新乡,69.0
20170124,15,NO2_24h,新乡,77.0
20170124,15,O3,新乡,45.0
20170124,15,O3_24h,新乡,75.0
20170124,15,O3_8h,新乡,28.0
20170124,15,O3_8h_24h,新乡,28.0
20170124,15,CO,新乡,3.1
20170124,15,CO_24h,新乡,3.1
20170124,16,AQI,新乡,208.0
20170124,16,PM2.5,新乡,158.0
20170124,16,PM2.5_24h,新乡,164.0
20170124,16,PM10,新乡,216.0
20170124,16,PM10_24h,新乡,238.0
20170124,16,SO2,新乡,73.0
20170124,16,SO2_24h,新乡,81.0
20170124,16,NO2,新乡,69.0
20170124,16,NO2_24h,新乡,78.0
20170124,16,O3,新乡,49.0
20170124,16,O3_24h,新乡,68.0
20170124,16,O3_8h,新乡,33.0
20170124,16,O3_8h_24h,新乡,33.0
20170124,16,CO,新乡,2.9
20170124,16,CO_24h,新乡,3.13
20170124,17,AQI,新乡,217.0
20170124,17,PM2.5,新乡,167.0
20170124,17,PM2.5_24h,新乡,166.0
20170124,17,PM10,新乡,237.0
20170124,17,PM10_24h,新乡,240.0
20170124,17,SO2,新乡,73.0
20170124,17,SO2_24h,新乡,82.0
20170124,17,NO2,新乡,76.0
20170124,17,NO2_24h,新乡,79.0
20170124,17,O3,新乡,42.0
20170124,17,O3_24h,新乡,50.0
20170124,17,O3_8h,新乡,37.0
20170124,17,O3_8h_24h,新乡,37.0
20170124,17,CO,新乡,3.08
20170124,17,CO_24h,新乡,3.2
20170124,18,AQI,新乡,232.0
20170124,18,PM2.5,新乡,182.0
20170124,18,PM2.5_24h,新乡,168.0
20170124,18,PM10,新乡,237.0
20170124,18,PM10_24h,新乡,242.0
20170124,18,SO2,新乡,71.0
20170124,18,SO2_24h,新乡,84.0
20170124,18,NO2,新乡,88.0
20170124,18,NO2_24h,新乡,80.0
20170124,18,O3,新乡,25.0
20170124,18,O3_24h,新乡,49.0
20170124,18,O3_8h,新乡,38.0
20170124,18,O3_8h_24h,新乡,38.0
20170124,18,CO,新乡,3.0
20170124,18,CO_24h,新乡,3.23
20170124,19,AQI,新乡,218.0
20170124,19,PM2.5,新乡,168.0
20170124,19,PM2.5_24h,新乡,172.0
20170124,19,PM10,新乡,241.0
20170124,19,PM10_24h,新乡,245.0
20170124,19,SO2,新乡,69.0
20170124,19,SO2_24h,新乡,84.0
20170124,19,NO2,新乡,93.0
20170124,19,NO2_24h,新乡,78.0
20170124,19,O3,新乡,11.0
20170124,19,O3_24h,新乡,51.0
20170124,19,O3_8h,新乡,37.0
20170124,19,O3_8h_24h,新乡,39.0
20170124,19,CO,新乡,2.83
20170124,19,CO_24h,新乡,3.2
20170124,20,AQI,新乡,217.0
20170124,20,PM2.5,新乡,167.0
20170124,20,PM2.5_24h,新乡,169.0
20170124,20,PM10,新乡,236.0
20170124,20,PM10_24h,新乡,243.0
20170124,20,SO2,新乡,70.0
20170124,20,SO2_24h,新乡,86.0
20170124,20,NO2,新乡,95.0
20170124,20,NO2_24h,新乡,80.0
20170124,20,O3,新乡,8.0
20170124,20,O3_24h,新乡,49.0
20170124,20,O3_8h,新乡,33.0
20170124,20,O3_8h_24h,新乡,38.0
20170124,20,CO,新乡,2.92
20170124,20,CO_24h,新乡,3.23
20170124,21,AQI,新乡,227.0
20170124,21,PM2.5,新乡,177.0
20170124,21,PM2.5_24h,新乡,169.0
20170124,21,PM10,新乡,232.0
20170124,21,PM10_24h,新乡,242.0
20170124,21,SO2,新乡,70.0
20170124,21,SO2_24h,新乡,87.0
20170124,21,NO2,新乡,90.0
20170124,21,NO2_24h,新乡,80.0
20170124,21,O3,新乡,9.0
20170124,21,O3_24h,新乡,49.0
20170124,21,O3_8h,新乡,30.0
20170124,21,O3_8h_24h,新乡,38.0
20170124,21,CO,新乡,2.9
20170124,21,CO_24h,新乡,3.23
20170124,22,AQI,新乡,240.0
20170124,22,PM2.5,新乡,190.0
20170124,22,PM2.5_24h,新乡,170.0
20170124,22,PM10,新乡,249.0
20170124,22,PM10_24h,新乡,242.0
20170124,22,SO2,新乡,72.0
20170124,22,SO2_24h,新乡,88.0
20170124,22,NO2,新乡,95.0
20170124,22,NO2_24h,新乡,80.0
20170124,22,O3,新乡,4.0
20170124,22,O3_24h,新乡,49.0
20170124,22,O3_8h,新乡,24.0
20170124,22,O3_8h_24h,新乡,38.0
20170124,22,CO,新乡,3.25
20170124,22,CO_24h,新乡,3.22
20170124,23,AQI,新乡,245.0
20170124,23,PM2.5,新乡,195.0
20170124,23,PM2.5_24h,新乡,171.0
20170124,23,PM10,新乡,260.0
20170124,23,PM10_24h,新乡,242.0
20170124,23,SO2,新乡,68.0
20170124,23,SO2_24h,新乡,89.0
20170124,23,NO2,新乡,96.0
20170124,23,NO2_24h,新乡,80.0
20170124,23,O3,新乡,4.0
20170124,23,O3_24h,新乡,49.0
20170124,23,O3_8h,新乡,19.0
20170124,23,O3_8h_24h,新乡,38.0
20170124,23,CO,新乡,3.5
20170124,23,CO_24h,新乡,3.25
20170124,0,AQI,濮阳,156.0
20170124,0,PM2.5,濮阳,119.0
20170124,0,PM2.5_24h,濮阳,119.0
20170124,0,PM10,濮阳,181.0
20170124,0,PM10_24h,濮阳,186.0
20170124,0,SO2,濮阳,40.0
20170124,0,SO2_24h,濮阳,45.0
20170124,0,NO2,濮阳,56.0
20170124,0,NO2_24h,濮阳,66.0
20170124,0,O3,濮阳,26.0
20170124,0,O3_24h,濮阳,65.0
20170124,0,O3_8h,濮阳,30.0
20170124,0,O3_8h_24h,濮阳,51.0
20170124,0,CO,濮阳,1.77
20170124,0,CO_24h,濮阳,1.87
20170124,1,AQI,濮阳,154.0
20170124,1,PM2.5,濮阳,118.0
20170124,1,PM2.5_24h,濮阳,118.0
20170124,1,PM10,濮阳,184.0
20170124,1,PM10_24h,濮阳,184.0
20170124,1,SO2,濮阳,32.0
20170124,1,SO2_24h,濮阳,43.0
20170124,1,NO2,濮阳,53.0
20170124,1,NO2_24h,濮阳,64.0
20170124,1,O3,濮阳,25.0
20170124,1,O3_24h,濮阳,65.0
20170124,1,O3_8h,濮阳,25.0
20170124,1,O3_8h_24h,濮阳,25.0
20170124,1,CO,濮阳,1.67
20170124,1,CO_24h,濮阳,1.87
20170124,2,AQI,濮阳,145.0
20170124,2,PM2.5,濮阳,111.0
20170124,2,PM2.5_24h,濮阳,117.0
20170124,2,PM10,濮阳,179.0
20170124,2,PM10_24h,濮阳,182.0
20170124,2,SO2,濮阳,29.0
20170124,2,SO2_24h,濮阳,42.0
20170124,2,NO2,濮阳,50.0
20170124,2,NO2_24h,濮阳,63.0
20170124,2,O3,濮阳,24.0
20170124,2,O3_24h,濮阳,65.0
20170124,2,O3_8h,濮阳,25.0
20170124,2,O3_8h_24h,濮阳,25.0
20170124,2,CO,濮阳,1.63
20170124,2,CO_24h,濮阳,1.83
20170124,3,AQI,濮阳,135.0
20170124,3,PM2.5,濮阳,103.0
20170124,3,PM2.5_24h,濮阳,116.0
20170124,3,PM10,濮阳,159.0
20170124,3,PM10_24h,濮阳,180.0
20170124,3,SO2,濮阳,29.0
20170124,3,SO2_24h,濮阳,41.0
20170124,3,NO2,濮阳,46.0
20170124,3,NO2_24h,濮阳,62.0
20170124,3,O3,濮阳,25.0
20170124,3,O3_24h,濮阳,65.0
20170124,3,O3_8h,濮阳,25.0
20170124,3,O3_8h_24h,濮阳,25.0
20170124,3,CO,濮阳,1.6
20170124,3,CO_24h,濮阳,1.8
20170124,4,AQI,濮阳,129.0
20170124,4,PM2.5,濮阳,98.0
20170124,4,PM2.5_24h,濮阳,115.0
20170124,4,PM10,濮阳,143.0
20170124,4,PM10_24h,濮阳,178.0
20170124,4,SO2,濮阳,27.0
20170124,4,SO2_24h,濮阳,39.0
20170124,4,NO2,濮阳,42.0
20170124,4,NO2_24h,濮阳,60.0
20170124,4,O3,濮阳,27.0
20170124,4,O3_24h,濮阳,65.0
20170124,4,O3_8h,濮阳,25.0
20170124,4,O3_8h_24h,濮阳,25.0
20170124,4,CO,濮阳,1.57
20170124,4,CO_24h,濮阳,1.77
20170124,5,AQI,濮阳,164.0
20170124,5,PM2.5,濮阳,125.0
20170124,5,PM2.5_24h,濮阳,115.0
20170124,5,PM10,濮阳,139.0
20170124,5,PM10_24h,濮阳,176.0
20170124,5,SO2,濮阳,28.0
20170124,5,SO2_24h,濮阳,38.0
20170124,5,NO2,濮阳,55.0
20170124,5,NO2_24h,濮阳,60.0
20170124,5,O3,濮阳,15.0
20170124,5,O3_24h,濮阳,65.0
20170124,5,O3_8h,濮阳,23.0
20170124,5,O3_8h_24h,濮阳,26.0
20170124,5,CO,濮阳,1.87
20170124,5,CO_24h,濮阳,1.77
20170124,6,AQI,濮阳,293.0
20170124,6,PM2.5,濮阳,243.0
20170124,6,PM2.5_24h,濮阳,120.0
20170124,6,PM10_24h,濮阳,176.0
20170124,6,SO2,濮阳,38.0
20170124,6,SO2_24h,濮阳,38.0
20170124,6,NO2,濮阳,63.0
20170124,6,NO2_24h,濮阳,60.0
20170124,6,O3,濮阳,8.0
20170124,6,O3_24h,濮阳,65.0
20170124,6,O3_8h,濮阳,21.0
20170124,6,O3_8h_24h,濮阳,26.0
20170124,6,CO,濮阳,2.93
20170124,6,CO_24h,濮阳,1.83
20170124,7,AQI,濮阳,401.0
20170124,7,PM2.5,濮阳,351.0
20170124,7,PM2.5_24h,濮阳,130.0
20170124,7,PM10_24h,濮阳,177.0
20170124,7,SO2,濮阳,62.0
20170124,7,SO2_24h,濮阳,38.0
20170124,7,NO2,濮阳,69.0
20170124,7,NO2_24h,濮阳,60.0
20170124,7,O3,濮阳,8.0
20170124,7,O3_24h,濮阳,65.0
20170124,7,O3_8h,濮阳,19.0
20170124,7,O3_8h_24h,濮阳,26.0
20170124,7,CO,濮阳,4.03
20170124,7,CO_24h,濮阳,1.93
20170124,8,AQI,濮阳,437.0
20170124,8,PM2.5,濮阳,405.0
20170124,8,PM2.5_24h,濮阳,142.0
20170124,8,PM10_24h,濮阳,176.0
20170124,8,SO2,濮阳,87.0
20170124,8,SO2_24h,濮阳,39.0
20170124,8,NO2,濮阳,77.0
20170124,8,NO2_24h,濮阳,60.0
20170124,8,O3,濮阳,8.0
20170124,8,O3_24h,濮阳,65.0
20170124,8,O3_8h,濮阳,18.0
20170124,8,O3_8h_24h,濮阳,26.0
20170124,8,CO,濮阳,4.83
20170124,8,CO_24h,濮阳,2.03
20170124,9,AQI,濮阳,441.0
20170124,9,PM2.5,濮阳,412.0
20170124,9,PM2.5_24h,濮阳,154.0
20170124,9,PM10_24h,濮阳,175.0
20170124,9,SO2,濮阳,98.0
20170124,9,SO2_24h,濮阳,40.0
20170124,9,NO2,濮阳,78.0
20170124,9,NO2_24h,濮阳,60.0
20170124,9,O3,濮阳,10.0
20170124,9,O3_24h,濮阳,65.0
20170124,9,O3_8h,濮阳,16.0
20170124,9,O3_8h_24h,濮阳,26.0
20170124,9,CO,濮阳,5.27
20170124,9,CO_24h,濮阳,2.13
20170124,10,AQI,濮阳,444.0
20170124,10,PM2.5,濮阳,416.0
20170124,10,PM2.5_24h,濮阳,166.0
20170124,10,PM10,濮阳,407.0
20170124,10,PM10_24h,濮阳,176.0
20170124,10,SO2,濮阳,88.0
20170124,10,SO2_24h,濮阳,42.0
20170124,10,NO2,濮阳,79.0
20170124,10,NO2_24h,濮阳,60.0
20170124,10,O3,濮阳,13.0
20170124,10,O3_24h,濮阳,65.0
20170124,10,O3_8h,濮阳,14.0
20170124,10,O3_8h_24h,濮阳,26.0
20170124,10,CO,濮阳,5.13
20170124,10,CO_24h,濮阳,2.27
20170124,11,AQI,濮阳,427.0
20170124,11,PM2.5,濮阳,391.0
20170124,11,PM2.5_24h,濮阳,177.0
20170124,11,PM10,濮阳,396.0
20170124,11,PM10_24h,濮阳,178.0
20170124,11,SO2,濮阳,77.0
20170124,11,SO2_24h,濮阳,43.0
20170124,11,NO2,濮阳,80.0
20170124,11,NO2_24h,濮阳,62.0
20170124,11,O3,濮阳,18.0
20170124,11,O3_24h,濮阳,65.0
20170124,11,O3_8h,濮阳,14.0
20170124,11,O3_8h_24h,濮阳,26.0
20170124,11,CO,濮阳,4.7
20170124,11,CO_24h,濮阳,2.4
20170124,12,AQI,濮阳,374.0
20170124,12,PM2.5,濮阳,324.0
20170124,12,PM2.5_24h,濮阳,186.0
20170124,12,PM10,濮阳,404.0
20170124,12,PM10_24h,濮阳,191.0
20170124,12,SO2,濮阳,69.0
20170124,12,SO2_24h,濮阳,44.0
20170124,12,NO2,濮阳,77.0
20170124,12,NO2_24h,濮阳,63.0
20170124,12,O3,濮阳,27.0
20170124,12,O3_24h,濮阳,65.0
20170124,12,O3_8h,濮阳,13.0
20170124,12,O3_8h_24h,濮阳,26.0
20170124,12,CO,濮阳,4.07
20170124,12,CO_24h,濮阳,2.5
20170124,13,AQI,濮阳,316.0
20170124,13,PM2.5,濮阳,266.0
20170124,13,PM2.5_24h,濮阳,192.0
20170124,13,PM10,濮阳,362.0
20170124,13,PM10_24h,濮阳,201.0
20170124,13,SO2,濮阳,68.0
20170124,13,SO2_24h,濮阳,45.0
20170124,13,NO2,濮阳,74.0
20170124,13,NO2_24h,濮阳,63.0
20170124,13,O3,濮阳,35.0
20170124,13,O3_24h,濮阳,65.0
20170124,13,O3_8h,濮阳,16.0
20170124,13,O3_8h_24h,濮阳,26.0
20170124,13,CO,濮阳,3.5
20170124,13,CO_24h,濮阳,2.57
20170124,14,AQI,濮阳,284.0
20170124,14,PM2.5,濮阳,234.0
20170124,14,PM2.5_24h,濮阳,198.0
20170124,14,PM10,濮阳,313.0
20170124,14,PM10_24h,濮阳,211.0
20170124,14,SO2,濮阳,63.0
20170124,14,SO2_24h,濮阳,47.0
20170124,14,NO2,濮阳,69.0
20170124,14,NO2_24h,濮阳,65.0
20170124,14,O3,濮阳,43.0
20170124,14,O3_24h,濮阳,65.0
20170124,14,O3_8h,濮阳,20.0
20170124,14,O3_8h_24h,濮阳,26.0
20170124,14,CO,濮阳,3.17
20170124,14,CO_24h,濮阳,2.63
20170124,15,AQI,濮阳,257.0
20170124,15,PM2.5,濮阳,207.0
20170124,15,PM2.5_24h,濮阳,203.0
20170124,15,PM10,濮阳,274.0
20170124,15,PM10_24h,濮阳,219.0
20170124,15,SO2,濮阳,58.0
20170124,15,SO2_24h,濮阳,48.0
20170124,15,NO2,濮阳,62.0
20170124,15,NO2_24h,濮阳,66.0
20170124,15,O3,濮阳,47.0
20170124,15,O3_24h,濮阳,65.0
20170124,15,O3_8h,濮阳,25.0
20170124,15,O3_8h_24h,濮阳,28.0
20170124,15,CO,濮阳,2.77
20170124,15,CO_24h,濮阳,2.7
20170124,16,AQI,濮阳,254.0
20170124,16,PM2.5,濮阳,204.0
20170124,16,PM2.5_24h,濮阳,207.0
20170124,16,PM10,濮阳,244.0
20170124,16,PM10_24h,濮阳,224.0
20170124,16,SO2,濮阳,55.0
20170124,16,SO2_24h,濮阳,49.0
20170124,16,NO2,濮阳,66.0
20170124,16,NO2_24h,濮阳,67.0
20170124,16,O3,濮阳,54.0
20170124,16,O3_24h,濮阳,59.0
20170124,16,O3_8h,濮阳,31.0
20170124,16,O3_8h_24h,濮阳,32.0
20170124,16,CO,濮阳,2.7
20170124,16,CO_24h,濮阳,2.73
20170124,17,AQI,濮阳,262.0
20170124,17,PM2.5,濮阳,212.0
20170124,17,PM2.5_24h,濮阳,213.0
20170124,17,PM10,濮阳,270.0
20170124,17,PM10_24h,濮阳,231.0
20170124,17,SO2,濮阳,52.0
20170124,17,SO2_24h,濮阳,50.0
20170124,17,NO2,濮阳,72.0
20170124,17,NO2_24h,濮阳,67.0
20170124,17,O3,濮阳,48.0
20170124,17,O3_24h,濮阳,54.0
20170124,17,O3_8h,濮阳,36.0
20170124,17,O3_8h_24h,濮阳,36.0
20170124,17,CO,濮阳,2.73
20170124,17,CO_24h,濮阳,2.8
20170124,18,AQI,濮阳,272.0
20170124,18,PM2.5,濮阳,222.0
20170124,18,PM2.5_24h,濮阳,217.0
20170124,18,PM10,濮阳,300.0
20170124,18,PM10_24h,濮阳,239.0
20170124,18,SO2,濮阳,51.0
20170124,18,SO2_24h,濮阳,51.0
20170124,18,NO2,濮阳,85.0
20170124,18,NO2_24h,濮阳,68.0
20170124,18,O3,濮阳,35.0
20170124,18,O3_24h,濮阳,54.0
20170124,18,O3_8h,濮阳,38.0
20170124,18,O3_8h_24h,濮阳,38.0
20170124,18,CO,濮阳,2.87
20170124,18,CO_24h,濮阳,2.83
20170124,19,AQI,濮阳,274.0
20170124,19,PM2.5,濮阳,224.0
20170124,19,PM2.5_24h,濮阳,221.0
20170124,19,PM10,濮阳,294.0
20170124,19,PM10_24h,濮阳,243.0
20170124,19,SO2,濮阳,50.0
20170124,19,SO2_24h,濮阳,51.0
20170124,19,NO2,濮阳,93.0
20170124,19,NO2_24h,濮阳,68.0
20170124,19,O3,濮阳,23.0
20170124,19,O3_24h,濮阳,54.0
20170124,19,O3_8h,濮阳,39.0
20170124,19,O3_8h_24h,濮阳,39.0
20170124,19,CO,濮阳,3.0
20170124,19,CO_24h,濮阳,2.9
20170124,20,AQI,濮阳,282.0
20170124,20,PM2.5,濮阳,232.0
20170124,20,PM2.5_24h,濮阳,226.0
20170124,20,PM10,濮阳,291.0
20170124,20,PM10_24h,濮阳,247.0
20170124,20,SO2,濮阳,54.0
20170124,20,SO2_24h,濮阳,52.0
20170124,20,NO2,濮阳,91.0
20170124,20,NO2_24h,濮阳,68.0
20170124,20,O3,濮阳,21.0
20170124,20,O3_24h,濮阳,54.0
20170124,20,O3_8h,濮阳,38.0
20170124,20,O3_8h_24h,濮阳,39.0
20170124,20,CO,濮阳,3.07
20170124,20,CO_24h,濮阳,2.93
20170124,21,AQI,濮阳,291.0
20170124,21,PM2.5,濮阳,241.0
20170124,21,PM2.5_24h,濮阳,229.0
20170124,21,PM10,濮阳,289.0
20170124,21,PM10_24h,濮阳,251.0
20170124,21,SO2,濮阳,55.0
20170124,21,SO2_24h,濮阳,53.0
20170124,21,NO2,濮阳,86.0
20170124,21,NO2_24h,濮阳,69.0
20170124,21,O3,濮阳,22.0
20170124,21,O3_24h,濮阳,54.0
20170124,21,O3_8h,濮阳,37.0
20170124,21,O3_8h_24h,濮阳,39.0
20170124,21,CO,濮阳,3.07
20170124,21,CO_24h,濮阳,3.0
20170124,22,AQI,濮阳,295.0
20170124,22,PM2.5,濮阳,245.0
20170124,22,PM2.5_24h,濮阳,234.0
20170124,22,PM10,濮阳,304.0
20170124,22,PM10_24h,濮阳,256.0
20170124,22,SO2,濮阳,59.0
20170124,22,SO2_24h,濮阳,54.0
20170124,22,NO2,濮阳,88.0
20170124,22,NO2_24h,濮阳,69.0
20170124,22,O3,濮阳,18.0
20170124,22,O3_24h,濮阳,54.0
20170124,22,O3_8h,濮阳,34.0
20170124,22,O3_8h_24h,濮阳,39.0
20170124,22,CO,濮阳,3.23
20170124,22,CO_24h,濮阳,3.03
20170124,23,AQI,濮阳,311.0
20170124,23,PM2.5,濮阳,261.0
20170124,23,PM2.5_24h,濮阳,240.0
20170124,23,PM10,濮阳,337.0
20170124,23,PM10_24h,濮阳,264.0
20170124,23,SO2,濮阳,87.0
20170124,23,SO2_24h,濮阳,57.0
20170124,23,NO2,濮阳,93.0
20170124,23,NO2_24h,濮阳,71.0
20170124,23,O3,濮阳,12.0
20170124,23,O3_24h,濮阳,54.0
20170124,23,O3_8h,濮阳,29.0
20170124,23,O3_8h_24h,濮阳,39.0
20170124,23,CO,濮阳,3.73
20170124,23,CO_24h,濮阳,3.1
20170124,0,AQI,许昌,212.0
20170124,0,PM2.5,许昌,162.0
20170124,0,PM2.5_24h,许昌,165.0
20170124,0,PM10,许昌,233.0
20170124,0,PM10_24h,许昌,214.0
20170124,0,SO2,许昌,37.0
20170124,0,SO2_24h,许昌,42.0
20170124,0,NO2,许昌,62.0
20170124,0,NO2_24h,许昌,64.0
20170124,0,O3,许昌,29.0
20170124,0,O3_24h,许昌,99.0
20170124,0,O3_8h,许昌,47.0
20170124,0,O3_8h_24h,许昌,73.0
20170124,0,CO,许昌,2.2
20170124,0,CO_24h,许昌,2.27
20170124,1,AQI,许昌,210.0
20170124,1,PM2.5,许昌,160.0
20170124,1,PM2.5_24h,许昌,162.0
20170124,1,PM10,许昌,225.0
20170124,1,PM10_24h,许昌,212.0
20170124,1,SO2,许昌,34.0
20170124,1,SO2_24h,许昌,41.0
20170124,1,NO2,许昌,62.0
20170124,1,NO2_24h,许昌,63.0
20170124,1,O3,许昌,25.0
20170124,1,O3_24h,许昌,99.0
20170124,1,O3_8h,许昌,25.0
20170124,1,O3_8h_24h,许昌,25.0
20170124,1,CO,许昌,2.37
20170124,1,CO_24h,许昌,2.23
20170124,2,AQI,许昌,204.0
20170124,2,PM2.5,许昌,154.0
20170124,2,PM2.5_24h,许昌,159.0
20170124,2,PM10,许昌,227.0
20170124,2,PM10_24h,许昌,209.0
20170124,2,SO2,许昌,31.0
20170124,2,SO2_24h,许昌,39.0
20170124,2,NO2,许昌,63.0
20170124,2,NO2_24h,许昌,63.0
20170124,2,O3,许昌,23.0
20170124,2,O3_24h,许昌,99.0
20170124,2,O3_8h,许昌,24.0
20170124,2,O3_8h_24h,许昌,25.0
20170124,2,CO,许昌,2.23
20170124,2,CO_24h,许昌,2.2
20170124,3,AQI,许昌,179.0
20170124,3,PM2.5,许昌,135.0
20170124,3,PM2.5_24h,许昌,155.0
20170124,3,PM10,许昌,191.0
20170124,3,PM10_24h,许昌,206.0
20170124,3,SO2,许昌,28.0
20170124,3,SO2_24h,许昌,38.0
20170124,3,NO2,许昌,52.0
20170124,3,NO2_24h,许昌,61.0
20170124,3,O3,许昌,31.0
20170124,3,O3_24h,许昌,99.0
20170124,3,O3_8h,许昌,26.0
20170124,3,O3_8h_24h,许昌,26.0
20170124,3,CO,许昌,2.03
20170124,3,CO_24h,许昌,2.2
20170124,4,AQI,许昌,164.0
20170124,4,PM2.5,许昌,125.0
20170124,4,PM2.5_24h,许昌,151.0
20170124,4,PM10,许昌,165.0
20170124,4,PM10_24h,许昌,202.0
20170124,4,SO2,许昌,25.0
20170124,4,SO2_24h,许昌,37.0
20170124,4,NO2,许昌,40.0
20170124,4,NO2_24h,许昌,60.0
20170124,4,O3,许昌,37.0
20170124,4,O3_24h,许昌,99.0
20170124,4,O3_8h,许昌,29.0
20170124,4,O3_8h_24h,许昌,29.0
20170124,4,CO,许昌,1.8
20170124,4,CO_24h,许昌,2.13
20170124,5,AQI,许昌,151.0
20170124,5,PM2.5,许昌,116.0
20170124,5,PM2.5_24h,许昌,147.0
20170124,5,PM10,许昌,144.0
20170124,5,PM10_24h,许昌,198.0
20170124,5,SO2,许昌,24.0
20170124,5,SO2_24h,许昌,36.0
20170124,5,NO2,许昌,36.0
20170124,5,NO2_24h,许昌,58.0
20170124,5,O3,许昌,39.0
20170124,5,O3_24h,许昌,99.0
20170124,5,O3_8h,许昌,31.0
20170124,5,O3_8h_24h,许昌,31.0
20170124,5,CO,许昌,1.7
20170124,5,CO_24h,许昌,2.1
20170124,6,AQI,许昌,151.0
20170124,6,PM2.5,许昌,116.0
20170124,6,PM2.5_24h,许昌,144.0
20170124,6,PM10,许昌,137.0
20170124,6,PM10_24h,许昌,194.0
20170124,6,SO2,许昌,26.0
20170124,6,SO2_24h,许昌,36.0
20170124,6,NO2,许昌,38.0
20170124,6,NO2_24h,许昌,57.0
20170124,6,O3,许昌,33.0
20170124,6,O3_24h,许昌,99.0
20170124,6,O3_8h,许昌,31.0
20170124,6,O3_8h_24h,许昌,31.0
20170124,6,CO,许昌,1.8
20170124,6,CO_24h,许昌,2.07
20170124,7,AQI,许昌,167.0
20170124,7,PM2.5,许昌,127.0
20170124,7,PM2.5_24h,许昌,141.0
20170124,7,PM10,许昌,142.0
20170124,7,PM10_24h,许昌,190.0
20170124,7,SO2,许昌,26.0
20170124,7,SO2_24h,许昌,35.0
20170124,7,NO2,许昌,46.0
20170124,7,NO2_24h,许昌,55.0
20170124,7,O3,许昌,21.0
20170124,7,O3_24h,许昌,99.0
20170124,7,O3_8h,许昌,30.0
20170124,7,O3_8h_24h,许昌,31.0
20170124,7,CO,许昌,1.9
20170124,7,CO_24h,许昌,2.07
20170124,8,AQI,许昌,167.0
20170124,8,PM2.5,许昌,127.0
20170124,8,PM2.5_24h,许昌,139.0
20170124,8,PM10,许昌,154.0
20170124,8,PM10_24h,许昌,186.0
20170124,8,SO2,许昌,22.0
20170124,8,SO2_24h,许昌,35.0
20170124,8,NO2,许昌,45.0
20170124,8,NO2_24h,许昌,54.0
20170124,8,O3,许昌,18.0
20170124,8,O3_24h,许昌,99.0
20170124,8,O3_8h,许昌,28.0
20170124,8,O3_8h_24h,许昌,31.0
20170124,8,CO,许昌,1.87
20170124,8,CO_24h,许昌,2.03
20170124,9,AQI,许昌,220.0
20170124,9,PM2.5,许昌,170.0
20170124,9,PM2.5_24h,许昌,139.0
20170124,9,PM10_24h,许昌,185.0
20170124,9,SO2,许昌,30.0
20170124,9,SO2_24h,许昌,34.0
20170124,9,NO2,许昌,48.0
20170124,9,NO2_24h,许昌,54.0
20170124,9,O3,许昌,17.0
20170124,9,O3_24h,许昌,99.0
20170124,9,O3_8h,许昌,28.0
20170124,9,O3_8h_24h,许昌,31.0
20170124,9,CO,许昌,2.23
20170124,9,CO_24h,许昌,2.03
20170124,10,AQI,许昌,314.0
20170124,10,PM2.5,许昌,264.0
20170124,10,PM2.5_24h,许昌,144.0
20170124,10,PM10,许昌,304.0
20170124,10,PM10_24h,许昌,186.0
20170124,10,SO2,许昌,38.0
20170124,10,SO2_24h,许昌,33.0
20170124,10,NO2,许昌,56.0
20170124,10,NO2_24h,许昌,54.0
20170124,10,O3,许昌,21.0
20170124,10,O3_24h,许昌,99.0
20170124,10,O3_8h,许昌,27.0
20170124,10,O3_8h_24h,许昌,31.0
20170124,10,CO,许昌,3.07
20170124,10,CO_24h,许昌,2.07
20170124,11,AQI,许昌,303.0
20170124,11,PM2.5,许昌,253.0
20170124,11,PM2.5_24h,许昌,149.0
20170124,11,PM10,许昌,285.0
20170124,11,PM10_24h,许昌,191.0
20170124,11,SO2,许昌,43.0
20170124,11,SO2_24h,许昌,33.0
20170124,11,NO2,许昌,56.0
20170124,11,NO2_24h,许昌,55.0
20170124,11,O3,许昌,30.0
20170124,11,O3_24h,许昌,93.0
20170124,11,O3_8h,许昌,27.0
20170124,11,O3_8h_24h,许昌,31.0
20170124,11,CO,许昌,3.0
20170124,11,CO_24h,许昌,2.1
20170124,12,AQI,许昌,289.0
20170124,12,PM2.5,许昌,239.0
20170124,12,PM2.5_24h,许昌,152.0
20170124,12,PM10,许昌,260.0
20170124,12,PM10_24h,许昌,194.0
20170124,12,SO2,许昌,44.0
20170124,12,SO2_24h,许昌,33.0
20170124,12,NO2,许昌,58.0
20170124,12,NO2_24h,许昌,55.0
20170124,12,O3,许昌,37.0
20170124,12,O3_24h,许昌,93.0
20170124,12,O3_8h,许昌,27.0
20170124,12,O3_8h_24h,许昌,31.0
20170124,12,CO,许昌,2.93
20170124,12,CO_24h,许昌,2.17
20170124,13,AQI,许昌,279.0
20170124,13,PM2.5,许昌,229.0
20170124,13,PM2.5_24h,许昌,155.0
20170124,13,PM10,许昌,247.0
20170124,13,PM10_24h,许昌,197.0
20170124,13,SO2,许昌,41.0
20170124,13,SO2_24h,许昌,33.0
20170124,13,NO2,许昌,58.0
20170124,13,NO2_24h,许昌,55.0
20170124,13,O3,许昌,44.0
20170124,13,O3_24h,许昌,93.0
20170124,13,O3_8h,许昌,28.0
20170124,13,O3_8h_24h,许昌,31.0
20170124,13,CO,许昌,2.8
20170124,13,CO_24h,许昌,2.2
20170124,14,AQI,许昌,272.0
20170124,14,PM2.5,许昌,222.0
20170124,14,PM2.5_24h,许昌,156.0
20170124,14,PM10,许昌,240.0
20170124,14,PM10_24h,许昌,198.0
20170124,14,SO2,许昌,41.0
20170124,14,SO2_24h,许昌,33.0
20170124,14,NO2,许昌,58.0
20170124,14,NO2_24h,许昌,55.0
20170124,14,O3,许昌,51.0
20170124,14,O3_24h,许昌,93.0
20170124,14,O3_8h,许昌,30.0
20170124,14,O3_8h_24h,许昌,32.0
20170124,14,CO,许昌,2.87
20170124,14,CO_24h,许昌,2.2
20170124,15,AQI,许昌,256.0
20170124,15,PM2.5,许昌,206.0
20170124,15,PM2.5_24h,许昌,160.0
20170124,15,PM10,许昌,240.0
20170124,15,PM10_24h,许昌,199.0
20170124,15,SO2,许昌,42.0
20170124,15,SO2_24h,许昌,33.0
20170124,15,NO2,许昌,60.0
20170124,15,NO2_24h,许昌,55.0
20170124,15,O3,许昌,56.0
20170124,15,O3_24h,许昌,93.0
20170124,15,O3_8h,许昌,34.0
20170124,15,O3_8h_24h,许昌,34.0
20170124,15,CO,许昌,2.67
20170124,15,CO_24h,许昌,2.23
20170124,16,AQI,许昌,232.0
20170124,16,PM2.5,许昌,182.0
20170124,16,PM2.5_24h,许昌,163.0
20170124,16,PM10,许昌,238.0
20170124,16,PM10_24h,许昌,202.0
20170124,16,SO2,许昌,45.0
20170124,16,SO2_24h,许昌,34.0
20170124,16,NO2,许昌,61.0
20170124,16,NO2_24h,许昌,56.0
20170124,16,O3,许昌,54.0
20170124,16,O3_24h,许昌,93.0
20170124,16,O3_8h,许昌,39.0
20170124,16,O3_8h_24h,许昌,39.0
20170124,16,CO,许昌,2.5
20170124,16,CO_24h,许昌,2.27
20170124,17,AQI,许昌,225.0
20170124,17,PM2.5,许昌,175.0
20170124,17,PM2.5_24h,许昌,166.0
20170124,17,PM10,许昌,229.0
20170124,17,PM10_24h,许昌,206.0
20170124,17,SO2,许昌,42.0
20170124,17,SO2_24h,许昌,34.0
20170124,17,NO2,许昌,62.0
20170124,17,NO2_24h,许昌,57.0
20170124,17,O3,许昌,50.0
20170124,17,O3_24h,许昌,75.0
20170124,17,O3_8h,许昌,43.0
20170124,17,O3_8h_24h,许昌,43.0
20170124,17,CO,许昌,2.53
20170124,17,CO_24h,许昌,2.33
20170124,18,AQI,许昌,241.0
20170124,18,PM2.5,许昌,191.0
20170124,18,PM2.5_24h,许昌,170.0
20170124,18,PM10,许昌,224.0
20170124,18,PM10_24h,许昌,210.0
20170124,18,SO2,许昌,46.0
20170124,18,SO2_24h,许昌,35.0
20170124,18,NO2,许昌,71.0
20170124,18,NO2_24h,许昌,58.0
20170124,18,O3,许昌,40.0
20170124,18,O3_24h,许昌,58.0
20170124,18,O3_8h,许昌,45.0
20170124,18,O3_8h_24h,许昌,45.0
20170124,18,CO,许昌,2.67
20170124,18,CO_24h,许昌,2.33
20170124,19,AQI,许昌,256.0
20170124,19,PM2.5,许昌,206.0
20170124,19,PM2.5_24h,许昌,174.0
20170124,19,PM10,许昌,233.0
20170124,19,PM10_24h,许昌,214.0
20170124,19,SO2,许昌,44.0
20170124,19,SO2_24h,许昌,36.0
20170124,19,NO2,许昌,75.0
20170124,19,NO2_24h,许昌,59.0
20170124,19,O3,许昌,32.0
20170124,19,O3_24h,许昌,57.0
20170124,19,O3_8h,许昌,46.0
20170124,19,O3_8h_24h,许昌,46.0
20170124,19,CO,许昌,2.87
20170124,19,CO_24h,许昌,2.37
20170124,20,AQI,许昌,271.0
20170124,20,PM2.5,许昌,221.0
20170124,20,PM2.5_24h,许昌,178.0
20170124,20,PM10,许昌,244.0
20170124,20,PM10_24h,许昌,217.0
20170124,20,SO2,许昌,48.0
20170124,20,SO2_24h,许昌,37.0
20170124,20,NO2,许昌,78.0
20170124,20,NO2_24h,许昌,59.0
20170124,20,O3,许昌,25.0
20170124,20,O3_24h,许昌,56.0
20170124,20,O3_8h,许昌,44.0
20170124,20,O3_8h_24h,许昌,46.0
20170124,20,CO,许昌,2.97
20170124,20,CO_24h,许昌,2.43
20170124,21,AQI,许昌,286.0
20170124,21,PM2.5,许昌,236.0
20170124,21,PM2.5_24h,许昌,182.0
20170124,21,PM10,许昌,270.0
20170124,21,PM10_24h,许昌,220.0
20170124,21,SO2,许昌,55.0
20170124,21,SO2_24h,许昌,37.0
20170124,21,NO2,许昌,74.0
20170124,21,NO2_24h,许昌,59.0
20170124,21,O3,许昌,26.0
20170124,21,O3_24h,许昌,56.0
20170124,21,O3_8h,许昌,41.0
20170124,21,O3_8h_24h,许昌,46.0
20170124,21,CO,许昌,2.97
20170124,21,CO_24h,许昌,2.47
20170124,22,AQI,许昌,299.0
20170124,22,PM2.5,许昌,249.0
20170124,22,PM2.5_24h,许昌,185.0
20170124,22,PM10,许昌,283.0
20170124,22,PM10_24h,许昌,221.0
20170124,22,SO2,许昌,59.0
20170124,22,SO2_24h,许昌,38.0
20170124,22,NO2,许昌,77.0
20170124,22,NO2_24h,许昌,59.0
20170124,22,O3,许昌,21.0
20170124,22,O3_24h,许昌,56.0
20170124,22,O3_8h,许昌,38.0
20170124,22,O3_8h_24h,许昌,46.0
20170124,22,CO,许昌,3.07
20170124,22,CO_24h,许昌,2.47
20170124,23,AQI,许昌,301.0
20170124,23,PM2.5,许昌,251.0
20170124,23,PM2.5_24h,许昌,188.0
20170124,23,PM10,许昌,311.0
20170124,23,PM10_24h,许昌,224.0
20170124,23,SO2,许昌,58.0
20170124,23,SO2_24h,许昌,39.0
20170124,23,NO2,许昌,83.0
20170124,23,NO2_24h,许昌,59.0
20170124,23,O3,许昌,14.0
20170124,23,O3_24h,许昌,56.0
20170124,23,O3_8h,许昌,33.0
20170124,23,O3_8h_24h,许昌,46.0
20170124,23,CO,许昌,3.47
20170124,23,CO_24h,许昌,2.53
20170124,0,AQI,漯河,180.0
20170124,0,PM2.5,漯河,136.0
20170124,0,PM2.5_24h,漯河,155.0
20170124,0,PM10,漯河,225.0
20170124,0,PM10_24h,漯河,251.0
20170124,0,SO2,漯河,18.0
20170124,0,SO2_24h,漯河,25.0
20170124,0,NO2,漯河,48.0
20170124,0,NO2_24h,漯河,55.0
20170124,0,O3,漯河,52.0
20170124,0,O3_24h,漯河,100.0
20170124,0,O3_8h,漯河,57.0
20170124,0,O3_8h_24h,漯河,72.0
20170124,0,CO,漯河,1.25
20170124,0,CO_24h,漯河,1.4
20170124,1,AQI,漯河,163.0
20170124,1,PM2.5,漯河,124.0
20170124,1,PM2.5_24h,漯河,153.0
20170124,1,PM10,漯河,201.0
20170124,1,PM10_24h,漯河,248.0
20170124,1,SO2,漯河,17.0
20170124,1,SO2_24h,漯河,24.0
20170124,1,NO2,漯河,48.0
20170124,1,NO2_24h,漯河,53.0
20170124,1,O3,漯河,48.0
20170124,1,O3_24h,漯河,100.0
20170124,1,O3_8h,漯河,48.0
20170124,1,O3_8h_24h,漯河,48.0
20170124,1,CO,漯河,1.27
20170124,1,CO_24h,漯河,1.38
20170124,2,AQI,漯河,173.0
20170124,2,PM2.5,漯河,131.0
20170124,2,PM2.5_24h,漯河,151.0
20170124,2,PM10,漯河,208.0
20170124,2,PM10_24h,漯河,243.0
20170124,2,SO2,漯河,16.0
20170124,2,SO2_24h,漯河,23.0
20170124,2,NO2,漯河,50.0
20170124,2,NO2_24h,漯河,52.0
20170124,2,O3,漯河,41.0
20170124,2,O3_24h,漯河,100.0
20170124,2,O3_8h,漯河,45.0
20170124,2,O3_8h_24h,漯河,48.0
20170124,2,CO,漯河,1.33
20170124,2,CO_24h,漯河,1.38
20170124,3,AQI,漯河,208.0
20170124,3,PM2.5,漯河,158.0
20170124,3,PM2.5_24h,漯河,148.0
20170124,3,PM10,漯河,234.0
20170124,3,PM10_24h,漯河,240.0
20170124,3,SO2,漯河,21.0
20170124,3,SO2_24h,漯河,22.0
20170124,3,NO2,漯河,57.0
20170124,3,NO2_24h,漯河,52.0
20170124,3,O3,漯河,27.0
20170124,3,O3_24h,漯河,100.0
20170124,3,O3_8h,漯河,39.0
20170124,3,O3_8h_24h,漯河,48.0
20170124,3,CO,漯河,1.47
20170124,3,CO_24h,漯河,1.38
20170124,4,AQI,漯河,206.0
20170124,4,PM2.5,漯河,156.0
20170124,4,PM2.5_24h,漯河,146.0
20170124,4,PM10,漯河,252.0
20170124,4,PM10_24h,漯河,238.0
20170124,4,SO2,漯河,42.0
20170124,4,SO2_24h,漯河,22.0
20170124,4,NO2,漯河,58.0
20170124,4,NO2_24h,漯河,52.0
20170124,4,O3,漯河,25.0
20170124,4,O3_24h,漯河,100.0
20170124,4,O3_8h,漯河,36.0
20170124,4,O3_8h_24h,漯河,48.0
20170124,4,CO,漯河,1.45
20170124,4,CO_24h,漯河,1.35
20170124,5,AQI,漯河,171.0
20170124,5,PM2.5,漯河,130.0
20170124,5,PM2.5_24h,漯河,143.0
20170124,5,PM10,漯河,204.0
20170124,5,PM10_24h,漯河,233.0
20170124,5,SO2,漯河,28.0
20170124,5,SO2_24h,漯河,22.0
20170124,5,NO2,漯河,48.0
20170124,5,NO2_24h,漯河,51.0
20170124,5,O3,漯河,26.0
20170124,5,O3_24h,漯河,100.0
20170124,5,O3_8h,漯河,34.0
20170124,5,O3_8h_24h,漯河,48.0
20170124,5,CO,漯河,1.32
20170124,5,CO_24h,漯河,1.35
20170124,6,AQI,漯河,174.0
20170124,6,PM2.5,漯河,132.0
20170124,6,PM2.5_24h,漯河,141.0
20170124,6,PM10,漯河,188.0
20170124,6,PM10_24h,漯河,229.0
20170124,6,SO2,漯河,29.0
20170124,6,SO2_24h,漯河,22.0
20170124,6,NO2,漯河,46.0
20170124,6,NO2_24h,漯河,50.0
20170124,6,O3,漯河,25.0
20170124,6,O3_24h,漯河,100.0
20170124,6,O3_8h,漯河,32.0
20170124,6,O3_8h_24h,漯河,48.0
20170124,6,CO,漯河,1.35
20170124,6,CO_24h,漯河,1.35
20170124,7,AQI,漯河,169.0
20170124,7,PM2.5,漯河,128.0
20170124,7,PM2.5_24h,漯河,138.0
20170124,7,PM10,漯河,191.0
20170124,7,PM10_24h,漯河,224.0
20170124,7,SO2,漯河,37.0
20170124,7,SO2_24h,漯河,23.0
20170124,7,NO2,漯河,48.0
20170124,7,NO2_24h,漯河,50.0
20170124,7,O3,漯河,21.0
20170124,7,O3_24h,漯河,100.0
20170124,7,O3_8h,漯河,31.0
20170124,7,O3_8h_24h,漯河,48.0
20170124,7,CO,漯河,1.38
20170124,7,CO_24h,漯河,1.35
20170124,8,AQI,漯河,161.0
20170124,8,PM2.5,漯河,123.0
20170124,8,PM2.5_24h,漯河,136.0
20170124,8,PM10,漯河,191.0
20170124,8,PM10_24h,漯河,221.0
20170124,8,SO2,漯河,22.0
20170124,8,SO2_24h,漯河,23.0
20170124,8,NO2,漯河,44.0
20170124,8,NO2_24h,漯河,50.0
20170124,8,O3,漯河,20.0
20170124,8,O3_24h,漯河,100.0
20170124,8,O3_8h,漯河,29.0
20170124,8,O3_8h_24h,漯河,48.0
20170124,8,CO,漯河,1.27
20170124,8,CO_24h,漯河,1.35
20170124,9,AQI,漯河,161.0
20170124,9,PM2.5,漯河,123.0
20170124,9,PM2.5_24h,漯河,135.0
20170124,9,PM10,漯河,193.0
20170124,9,PM10_24h,漯河,219.0
20170124,9,SO2,漯河,15.0
20170124,9,SO2_24h,漯河,22.0
20170124,9,NO2,漯河,40.0
20170124,9,NO2_24h,漯河,49.0
20170124,9,O3,漯河,24.0
20170124,9,O3_24h,漯河,100.0
20170124,9,O3_8h,漯河,26.0
20170124,9,O3_8h_24h,漯河,48.0
20170124,9,CO,漯河,1.23
20170124,9,CO_24h,漯河,1.35
20170124,10,AQI,漯河,143.0
20170124,10,PM2.5,漯河,109.0
20170124,10,PM2.5_24h,漯河,133.0
20170124,10,PM10,漯河,177.0
20170124,10,PM10_24h,漯河,216.0
20170124,10,SO2,漯河,15.0
20170124,10,SO2_24h,漯河,22.0
20170124,10,NO2,漯河,34.0
20170124,10,NO2_24h,漯河,48.0
20170124,10,O3,漯河,30.0
20170124,10,O3_24h,漯河,100.0
20170124,10,O3_8h,漯河,25.0
20170124,10,O3_8h_24h,漯河,48.0
20170124,10,CO,漯河,1.2
20170124,10,CO_24h,漯河,1.35
20170124,11,AQI,漯河,144.0
20170124,11,PM2.5,漯河,110.0
20170124,11,PM2.5_24h,漯河,132.0
20170124,11,PM10,漯河,172.0
20170124,11,PM10_24h,漯河,213.0
20170124,11,SO2,漯河,17.0
20170124,11,SO2_24h,漯河,22.0
20170124,11,NO2,漯河,33.0
20170124,11,NO2_24h,漯河,48.0
20170124,11,O3,漯河,39.0
20170124,11,O3_24h,漯河,100.0
20170124,11,O3_8h,漯河,26.0
20170124,11,O3_8h_24h,漯河,48.0
20170124,11,CO,漯河,1.1
20170124,11,CO_24h,漯河,1.35
20170124,12,AQI,漯河,139.0
20170124,12,PM2.5,漯河,106.0
20170124,12,PM2.5_24h,漯河,129.0
20170124,12,PM10,漯河,175.0
20170124,12,PM10_24h,漯河,211.0
20170124,12,SO2,漯河,20.0
20170124,12,SO2_24h,漯河,21.0
20170124,12,NO2,漯河,33.0
20170124,12,NO2_24h,漯河,47.0
20170124,12,O3,漯河,50.0
20170124,12,O3_24h,漯河,100.0
20170124,12,O3_8h,漯河,29.0
20170124,12,O3_8h_24h,漯河,48.0
20170124,12,CO,漯河,1.02
20170124,12,CO_24h,漯河,1.3
20170124,13,AQI,漯河,129.0
20170124,13,PM2.5,漯河,98.0
20170124,13,PM2.5_24h,漯河,127.0
20170124,13,PM10,漯河,160.0
20170124,13,PM10_24h,漯河,208.0
20170124,13,SO2,漯河,18.0
20170124,13,SO2_24h,漯河,21.0
20170124,13,NO2,漯河,34.0
20170124,13,NO2_24h,漯河,47.0
20170124,13,O3,漯河,57.0
20170124,13,O3_24h,漯河,100.0
20170124,13,O3_8h,漯河,33.0
20170124,13,O3_8h_24h,漯河,48.0
20170124,13,CO,漯河,1.02
20170124,13,CO_24h,漯河,1.3
20170124,14,AQI,漯河,125.0
20170124,14,PM2.5,漯河,95.0
20170124,14,PM2.5_24h,漯河,125.0
20170124,14,PM10,漯河,155.0
20170124,14,PM10_24h,漯河,205.0
20170124,14,SO2,漯河,18.0
20170124,14,SO2_24h,漯河,21.0
20170124,14,NO2,漯河,36.0
20170124,14,NO2_24h,漯河,46.0
20170124,14,O3,漯河,63.0
20170124,14,O3_24h,漯河,100.0
20170124,14,O3_8h,漯河,38.0
20170124,14,O3_8h_24h,漯河,48.0
20170124,14,CO,漯河,1.03
20170124,14,CO_24h,漯河,1.3
20170124,15,AQI,漯河,121.0
20170124,15,PM2.5,漯河,92.0
20170124,15,PM2.5_24h,漯河,124.0
20170124,15,PM10,漯河,153.0
20170124,15,PM10_24h,漯河,202.0
20170124,15,SO2,漯河,18.0
20170124,15,SO2_24h,漯河,21.0
20170124,15,NO2,漯河,38.0
20170124,15,NO2_24h,漯河,46.0
20170124,15,O3,漯河,65.0
20170124,15,O3_24h,漯河,100.0
20170124,15,O3_8h,漯河,43.0
20170124,15,O3_8h_24h,漯河,49.0
20170124,15,CO,漯河,1.05
20170124,15,CO_24h,漯河,1.27
20170124,16,AQI,漯河,126.0
20170124,16,PM2.5,漯河,96.0
20170124,16,PM2.5_24h,漯河,123.0
20170124,16,PM10,漯河,154.0
20170124,16,PM10_24h,漯河,200.0
20170124,16,SO2,漯河,18.0
20170124,16,SO2_24h,漯河,21.0
20170124,16,NO2,漯河,41.0
20170124,16,NO2_24h,漯河,46.0
20170124,16,O3,漯河,65.0
20170124,16,O3_24h,漯河,93.0
20170124,16,O3_8h,漯河,49.0
20170124,16,O3_8h_24h,漯河,52.0
20170124,16,CO,漯河,1.13
20170124,16,CO_24h,漯河,1.27
20170124,17,AQI,漯河,139.0
20170124,17,PM2.5,漯河,106.0
20170124,17,PM2.5_24h,漯河,124.0
20170124,17,PM10,漯河,160.0
20170124,17,PM10_24h,漯河,200.0
20170124,17,SO2,漯河,16.0
20170124,17,SO2_24h,漯河,21.0
20170124,17,NO2,漯河,43.0
20170124,17,NO2_24h,漯河,47.0
20170124,17,O3,漯河,61.0
20170124,17,O3_24h,漯河,69.0
20170124,17,O3_8h,漯河,54.0
20170124,17,O3_8h_24h,漯河,55.0
20170124,17,CO,漯河,1.27
20170124,17,CO_24h,漯河,1.3
20170124,18,AQI,漯河,186.0
20170124,18,PM2.5,漯河,140.0
20170124,18,PM2.5_24h,漯河,126.0
20170124,18,PM10,漯河,203.0
20170124,18,PM10_24h,漯河,200.0
20170124,18,SO2,漯河,15.0
20170124,18,SO2_24h,漯河,20.0
20170124,18,NO2,漯河,52.0
20170124,18,NO2_24h,漯河,48.0
20170124,18,O3,漯河,55.0
20170124,18,O3_24h,漯河,67.0
20170124,18,O3_8h,漯河,59.0
20170124,18,O3_8h_24h,漯河,59.0
20170124,18,CO,漯河,1.43
20170124,18,CO_24h,漯河,1.23
20170124,19,AQI,漯河,214.0
20170124,19,PM2.5,漯河,164.0
20170124,19,PM2.5_24h,漯河,127.0
20170124,19,PM10,漯河,235.0
20170124,19,PM10_24h,漯河,202.0
20170124,19,SO2,漯河,16.0
20170124,19,SO2_24h,漯河,21.0
20170124,19,NO2,漯河,52.0
20170124,19,NO2_24h,漯河,46.0
20170124,19,O3,漯河,49.0
20170124,19,O3_24h,漯河,65.0
20170124,19,O3_8h,漯河,58.0
20170124,19,O3_8h_24h,漯河,59.0
20170124,19,CO,漯河,1.67
20170124,19,CO_24h,漯河,1.3
20170124,20,AQI,漯河,256.0
20170124,20,PM2.5,漯河,206.0
20170124,20,PM2.5_24h,漯河,131.0
20170124,20,PM10,漯河,271.0
20170124,20,PM10_24h,漯河,203.0
20170124,20,SO2,漯河,17.0
20170124,20,SO2_24h,漯河,20.0
20170124,20,NO2,漯河,60.0
20170124,20,NO2_24h,漯河,48.0
20170124,20,O3,漯河,45.0
20170124,20,O3_24h,漯河,67.0
20170124,20,O3_8h,漯河,59.0
20170124,20,O3_8h_24h,漯河,60.0
20170124,20,CO,漯河,1.93
20170124,20,CO_24h,漯河,1.27
20170124,21,AQI,漯河,271.0
20170124,21,PM2.5,漯河,221.0
20170124,21,PM2.5_24h,漯河,132.0
20170124,21,PM10,漯河,292.0
20170124,21,PM10_24h,漯河,204.0
20170124,21,SO2,漯河,19.0
20170124,21,SO2_24h,漯河,21.0
20170124,21,NO2,漯河,58.0
20170124,21,NO2_24h,漯河,45.0
20170124,21,O3,漯河,37.0
20170124,21,O3_24h,漯河,65.0
20170124,21,O3_8h,漯河,55.0
20170124,21,O3_8h_24h,漯河,59.0
20170124,21,CO,漯河,2.1
20170124,21,CO_24h,漯河,1.32
20170124,22,AQI,漯河,288.0
20170124,22,PM2.5,漯河,238.0
20170124,22,PM2.5_24h,漯河,135.0
20170124,22,PM10,漯河,313.0
20170124,22,PM10_24h,漯河,206.0
20170124,22,SO2,漯河,20.0
20170124,22,SO2_24h,漯河,21.0
20170124,22,NO2,漯河,62.0
20170124,22,NO2_24h,漯河,46.0
20170124,22,O3,漯河,32.0
20170124,22,O3_24h,漯河,65.0
20170124,22,O3_8h,漯河,51.0
20170124,22,O3_8h_24h,漯河,59.0
20170124,22,CO,漯河,2.17
20170124,22,CO_24h,漯河,1.38
20170124,23,AQI,漯河,305.0
20170124,23,PM2.5,漯河,255.0
20170124,23,PM2.5_24h,漯河,140.0
20170124,23,PM10,漯河,335.0
20170124,23,PM10_24h,漯河,208.0
20170124,23,SO2,漯河,21.0
20170124,23,SO2_24h,漯河,21.0
20170124,23,NO2,漯河,64.0
20170124,23,NO2_24h,漯河,46.0
20170124,23,O3,漯河,28.0
20170124,23,O3_24h,漯河,65.0
20170124,23,O3_8h,漯河,46.0
20170124,23,O3_8h_24h,漯河,59.0
20170124,23,CO,漯河,2.22
20170124,23,CO_24h,漯河,1.4
20170124,0,AQI,南阳,217.0
20170124,0,PM2.5,南阳,167.0
20170124,0,PM2.5_24h,南阳,138.0
20170124,0,PM10,南阳,278.0
20170124,0,PM10_24h,南阳,238.0
20170124,0,SO2,南阳,21.0
20170124,0,SO2_24h,南阳,26.0
20170124,0,NO2,南阳,42.0
20170124,0,NO2_24h,南阳,48.0
20170124,0,O3,南阳,57.0
20170124,0,O3_24h,南阳,133.0
20170124,0,O3_8h,南阳,62.0
20170124,0,O3_8h_24h,南阳,101.0
20170124,0,CO,南阳,2.02
20170124,0,CO_24h,南阳,2.06
20170124,1,AQI,南阳,211.0
20170124,1,PM2.5,南阳,161.0
20170124,1,PM2.5_24h,南阳,137.0
20170124,1,PM10,南阳,264.0
20170124,1,PM10_24h,南阳,237.0
20170124,1,SO2,南阳,19.0
20170124,1,SO2_24h,南阳,26.0
20170124,1,NO2,南阳,47.0
20170124,1,NO2_24h,南阳,47.0
20170124,1,O3,南阳,47.0
20170124,1,O3_24h,南阳,133.0
20170124,1,O3_8h,南阳,47.0
20170124,1,O3_8h_24h,南阳,47.0
20170124,1,CO,南阳,2.16
20170124,1,CO_24h,南阳,2.06
20170124,2,AQI,南阳,199.0
20170124,2,PM2.5,南阳,149.0
20170124,2,PM2.5_24h,南阳,137.0
20170124,2,PM10,南阳,250.0
20170124,2,PM10_24h,南阳,235.0
20170124,2,SO2,南阳,19.0
20170124,2,SO2_24h,南阳,25.0
20170124,2,NO2,南阳,43.0
20170124,2,NO2_24h,南阳,47.0
20170124,2,O3,南阳,48.0
20170124,2,O3_24h,南阳,133.0
20170124,2,O3_8h,南阳,47.0
20170124,2,O3_8h_24h,南阳,48.0
20170124,2,CO,南阳,2.1
20170124,2,CO_24h,南阳,2.06
20170124,3,AQI,南阳,191.0
20170124,3,PM2.5,南阳,144.0
20170124,3,PM2.5_24h,南阳,136.0
20170124,3,PM10,南阳,237.0
20170124,3,PM10_24h,南阳,233.0
20170124,3,SO2,南阳,20.0
20170124,3,SO2_24h,南阳,25.0
20170124,3,NO2,南阳,43.0
20170124,3,NO2_24h,南阳,46.0
20170124,3,O3,南阳,46.0
20170124,3,O3_24h,南阳,133.0
20170124,3,O3_8h,南阳,47.0
20170124,3,O3_8h_24h,南阳,49.0
20170124,3,CO,南阳,2.12
20170124,3,CO_24h,南阳,2.04
20170124,4,AQI,南阳,176.0
20170124,4,PM2.5,南阳,133.0
20170124,4,PM2.5_24h,南阳,135.0
20170124,4,PM10,南阳,221.0
20170124,4,PM10_24h,南阳,232.0
20170124,4,SO2,南阳,19.0
20170124,4,SO2_24h,南阳,25.0
20170124,4,NO2,南阳,39.0
20170124,4,NO2_24h,南阳,46.0
20170124,4,O3,南阳,49.0
20170124,4,O3_24h,南阳,133.0
20170124,4,O3_8h,南阳,47.0
20170124,4,O3_8h_24h,南阳,50.0
20170124,4,CO,南阳,2.02
20170124,4,CO_24h,南阳,2.04
20170124,5,AQI,南阳,166.0
20170124,5,PM2.5,南阳,126.0
20170124,5,PM2.5_24h,南阳,134.0
20170124,5,PM10,南阳,202.0
20170124,5,PM10_24h,南阳,230.0
20170124,5,SO2,南阳,18.0
20170124,5,SO2_24h,南阳,25.0
20170124,5,NO2,南阳,38.0
20170124,5,NO2_24h,南阳,46.0
20170124,5,O3,南阳,47.0
20170124,5,O3_24h,南阳,133.0
20170124,5,O3_8h,南阳,47.0
20170124,5,O3_8h_24h,南阳,50.0
20170124,5,CO,南阳,2.04
20170124,5,CO_24h,南阳,2.04
20170124,6,AQI,南阳,163.0
20170124,6,PM2.5,南阳,124.0
20170124,6,PM2.5_24h,南阳,133.0
20170124,6,PM10,南阳,201.0
20170124,6,PM10_24h,南阳,230.0
20170124,6,SO2,南阳,16.0
20170124,6,SO2_24h,南阳,24.0
20170124,6,NO2,南阳,37.0
20170124,6,NO2_24h,南阳,45.0
20170124,6,O3,南阳,46.0
20170124,6,O3_24h,南阳,133.0
20170124,6,O3_8h,南阳,47.0
20170124,6,O3_8h_24h,南阳,50.0
20170124,6,CO,南阳,1.92
20170124,6,CO_24h,南阳,2.02
20170124,7,AQI,南阳,167.0
20170124,7,PM2.5,南阳,127.0
20170124,7,PM2.5_24h,南阳,134.0
20170124,7,PM10,南阳,193.0
20170124,7,PM10_24h,南阳,230.0
20170124,7,SO2,南阳,19.0
20170124,7,SO2_24h,南阳,24.0
20170124,7,NO2,南阳,30.0
20170124,7,NO2_24h,南阳,44.0
20170124,7,O3,南阳,57.0
20170124,7,O3_24h,南阳,133.0
20170124,7,O3_8h,南阳,49.0
20170124,7,O3_8h_24h,南阳,52.0
20170124,7,CO,南阳,1.8
20170124,7,CO_24h,南阳,2.02
20170124,8,AQI,南阳,184.0
20170124,8,PM2.5,南阳,139.0
20170124,8,PM2.5_24h,南阳,135.0
20170124,8,PM10,南阳,209.0
20170124,8,PM10_24h,南阳,230.0
20170124,8,SO2,南阳,22.0
20170124,8,SO2_24h,南阳,24.0
20170124,8,NO2,南阳,36.0
20170124,8,NO2_24h,南阳,44.0
20170124,8,O3,南阳,41.0
20170124,8,O3_24h,南阳,133.0
20170124,8,O3_8h,南阳,48.0
20170124,8,O3_8h_24h,南阳,53.0
20170124,8,CO,南阳,1.9
20170124,8,CO_24h,南阳,2.02
20170124,9,AQI,南阳,200.0
20170124,9,PM2.5,南阳,150.0
20170124,9,PM2.5_24h,南阳,137.0
20170124,9,PM10,南阳,245.0
20170124,9,PM10_24h,南阳,232.0
20170124,9,SO2,南阳,26.0
20170124,9,SO2_24h,南阳,25.0
20170124,9,NO2,南阳,39.0
20170124,9,NO2_24h,南阳,43.0
20170124,9,O3,南阳,35.0
20170124,9,O3_24h,南阳,133.0
20170124,9,O3_8h,南阳,46.0
20170124,9,O3_8h_24h,南阳,53.0
20170124,9,CO,南阳,2.02
20170124,9,CO_24h,南阳,2.02
20170124,10,AQI,南阳,207.0
20170124,10,PM2.5,南阳,157.0
20170124,10,PM2.5_24h,南阳,139.0
20170124,10,PM10,南阳,256.0
20170124,10,PM10_24h,南阳,234.0
20170124,10,SO2,南阳,28.0
20170124,10,SO2_24h,南阳,25.0
20170124,10,NO2,南阳,39.0
20170124,10,NO2_24h,南阳,43.0
20170124,10,O3,南阳,40.0
20170124,10,O3_24h,南阳,133.0
20170124,10,O3_8h,南阳,45.0
20170124,10,O3_8h_24h,南阳,54.0
20170124,10,CO,南阳,2.08
20170124,10,CO_24h,南阳,2.02
20170124,11,AQI,南阳,208.0
20170124,11,PM2.5,南阳,158.0
20170124,11,PM2.5_24h,南阳,141.0
20170124,11,PM10,南阳,263.0
20170124,11,PM10_24h,南阳,236.0
20170124,11,SO2,南阳,30.0
20170124,11,SO2_24h,南阳,24.0
20170124,11,NO2,南阳,38.0
20170124,11,NO2_24h,南阳,43.0
20170124,11,O3,南阳,48.0
20170124,11,O3_24h,南阳,133.0
20170124,11,O3_8h,南阳,45.0
20170124,11,O3_8h_24h,南阳,55.0
20170124,11,CO,南阳,2.1
20170124,11,CO_24h,南阳,2.02
20170124,12,AQI,南阳,210.0
20170124,12,PM2.5,南阳,160.0
20170124,12,PM2.5_24h,南阳,142.0
20170124,12,PM10,南阳,264.0
20170124,12,PM10_24h,南阳,238.0
20170124,12,SO2,南阳,29.0
20170124,12,SO2_24h,南阳,24.0
20170124,12,NO2,南阳,35.0
20170124,12,NO2_24h,南阳,43.0
20170124,12,O3,南阳,55.0
20170124,12,O3_24h,南阳,133.0
20170124,12,O3_8h,南阳,46.0
20170124,12,O3_8h_24h,南阳,56.0
20170124,12,CO,南阳,2.02
20170124,12,CO_24h,南阳,2.04
20170124,13,AQI,南阳,206.0
20170124,13,PM2.5,南阳,156.0
20170124,13,PM2.5_24h,南阳,144.0
20170124,13,PM10,南阳,257.0
20170124,13,PM10_24h,南阳,240.0
20170124,13,SO2,南阳,30.0
20170124,13,SO2_24h,南阳,24.0
20170124,13,NO2,南阳,34.0
20170124,13,NO2_24h,南阳,43.0
20170124,13,O3,南阳,63.0
20170124,13,O3_24h,南阳,133.0
20170124,13,O3_8h,南阳,48.0
20170124,13,O3_8h_24h,南阳,58.0
20170124,13,CO,南阳,1.98
20170124,13,CO_24h,南阳,2.08
20170124,14,AQI,南阳,193.0
20170124,14,PM2.5,南阳,145.0
20170124,14,PM2.5_24h,南阳,145.0
20170124,14,PM10,南阳,248.0
20170124,14,PM10_24h,南阳,242.0
20170124,14,SO2,南阳,30.0
20170124,14,SO2_24h,南阳,24.0
20170124,14,NO2,南阳,32.0
20170124,14,NO2_24h,南阳,43.0
20170124,14,O3,南阳,73.0
20170124,14,O3_24h,南阳,133.0
20170124,14,O3_8h,南阳,51.0
20170124,14,O3_8h_24h,南阳,61.0
20170124,14,CO,南阳,1.86
20170124,14,CO_24h,南阳,2.1
20170124,15,AQI,南阳,176.0
20170124,15,PM2.5,南阳,133.0
20170124,15,PM2.5_24h,南阳,146.0
20170124,15,PM10,南阳,228.0
20170124,15,PM10_24h,南阳,243.0
20170124,15,SO2,南阳,28.0
20170124,15,SO2_24h,南阳,24.0
20170124,15,NO2,南阳,31.0
20170124,15,NO2_24h,南阳,43.0
20170124,15,O3,南阳,76.0
20170124,15,O3_24h,南阳,132.0
20170124,15,O3_8h,南阳,54.0
20170124,15,O3_8h_24h,南阳,62.0
20170124,15,CO,南阳,1.8
20170124,15,CO_24h,南阳,2.08
20170124,16,AQI,南阳,161.0
20170124,16,PM2.5,南阳,123.0
20170124,16,PM2.5_24h,南阳,146.0
20170124,16,PM10,南阳,208.0
20170124,16,PM10_24h,南阳,244.0
20170124,16,SO2,南阳,27.0
20170124,16,SO2_24h,南阳,24.0
20170124,16,NO2,南阳,33.0
20170124,16,NO2_24h,南阳,44.0
20170124,16,O3,南阳,71.0
20170124,16,O3_24h,南阳,128.0
20170124,16,O3_8h,南阳,58.0
20170124,16,O3_8h_24h,南阳,65.0
20170124,16,CO,南阳,1.76
20170124,16,CO_24h,南阳,2.08
20170124,17,AQI,南阳,160.0
20170124,17,PM2.5,南阳,122.0
20170124,17,PM2.5_24h,南阳,147.0
20170124,17,PM10,南阳,199.0
20170124,17,PM10_24h,南阳,245.0
20170124,17,SO2,南阳,26.0
20170124,17,SO2_24h,南阳,24.0
20170124,17,NO2,南阳,37.0
20170124,17,NO2_24h,南阳,44.0
20170124,17,O3,南阳,65.0
20170124,17,O3_24h,南阳,92.0
20170124,17,O3_8h,南阳,62.0
20170124,17,O3_8h_24h,南阳,66.0
20170124,17,CO,南阳,1.82
20170124,17,CO_24h,南阳,2.08
20170124,18,AQI,南阳,166.0
20170124,18,PM2.5,南阳,126.0
20170124,18,PM2.5_24h,南阳,148.0
20170124,18,PM10,南阳,197.0
20170124,18,PM10_24h,南阳,245.0
20170124,18,SO2,南阳,27.0
20170124,18,SO2_24h,南阳,24.0
20170124,18,NO2,南阳,41.0
20170124,18,NO2_24h,南阳,44.0
20170124,18,O3,南阳,59.0
20170124,18,O3_24h,南阳,77.0
20170124,18,O3_8h,南阳,64.0
20170124,18,O3_8h_24h,南阳,68.0
20170124,18,CO,南阳,2.0
20170124,18,CO_24h,南阳,2.08
20170124,19,AQI,南阳,181.0
20170124,19,PM2.5,南阳,137.0
20170124,19,PM2.5_24h,南阳,149.0
20170124,19,PM10,南阳,217.0
20170124,19,PM10_24h,南阳,246.0
20170124,19,SO2,南阳,28.0
20170124,19,SO2_24h,南阳,24.0
20170124,19,NO2,南阳,47.0
20170124,19,NO2_24h,南阳,42.0
20170124,19,O3,南阳,48.0
20170124,19,O3_24h,南阳,77.0
20170124,19,O3_8h,南阳,64.0
20170124,19,O3_8h_24h,南阳,68.0
20170124,19,CO,南阳,2.32
20170124,19,CO_24h,南阳,2.08
20170124,20,AQI,南阳,181.0
20170124,20,PM2.5,南阳,137.0
20170124,20,PM2.5_24h,南阳,148.0
20170124,20,PM10,南阳,244.0
20170124,20,PM10_24h,南阳,245.0
20170124,20,SO2,南阳,30.0
20170124,20,SO2_24h,南阳,24.0
20170124,20,NO2,南阳,50.0
20170124,20,NO2_24h,南阳,41.0
20170124,20,O3,南阳,41.0
20170124,20,O3_24h,南阳,77.0
20170124,20,O3_8h,南阳,62.0
20170124,20,O3_8h_24h,南阳,68.0
20170124,20,CO,南阳,2.6
20170124,20,CO_24h,南阳,2.06
20170124,21,AQI,南阳,205.0
20170124,21,PM2.5,南阳,155.0
20170124,21,PM2.5_24h,南阳,146.0
20170124,21,PM10,南阳,250.0
20170124,21,PM10_24h,南阳,241.0
20170124,21,SO2,南阳,31.0
20170124,21,SO2_24h,南阳,24.0
20170124,21,NO2,南阳,47.0
20170124,21,NO2_24h,南阳,40.0
20170124,21,O3,南阳,45.0
20170124,21,O3_24h,南阳,77.0
20170124,21,O3_8h,南阳,60.0
20170124,21,O3_8h_24h,南阳,68.0
20170124,21,CO,南阳,2.44
20170124,21,CO_24h,南阳,2.06
20170124,22,AQI,南阳,221.0
20170124,22,PM2.5,南阳,171.0
20170124,22,PM2.5_24h,南阳,145.0
20170124,22,PM10,南阳,255.0
20170124,22,PM10_24h,南阳,237.0
20170124,22,SO2,南阳,34.0
20170124,22,SO2_24h,南阳,25.0
20170124,22,NO2,南阳,45.0
20170124,22,NO2_24h,南阳,40.0
20170124,22,O3,南阳,46.0
20170124,22,O3_24h,南阳,77.0
20170124,22,O3_8h,南阳,56.0
20170124,22,O3_8h_24h,南阳,68.0
20170124,22,CO,南阳,2.52
20170124,22,CO_24h,南阳,2.08
20170124,23,AQI,南阳,229.0
20170124,23,PM2.5,南阳,179.0
20170124,23,PM2.5_24h,南阳,145.0
20170124,23,PM10,南阳,271.0
20170124,23,PM10_24h,南阳,236.0
20170124,23,SO2,南阳,37.0
20170124,23,SO2_24h,南阳,26.0
20170124,23,NO2,南阳,45.0
20170124,23,NO2_24h,南阳,39.0
20170124,23,O3,南阳,43.0
20170124,23,O3_24h,南阳,77.0
20170124,23,O3_8h,南阳,52.0
20170124,23,O3_8h_24h,南阳,68.0
20170124,23,CO,南阳,2.54
20170124,23,CO_24h,南阳,2.08
20170124,0,AQI,商丘,96.0
20170124,0,PM2.5,商丘,72.0
20170124,0,PM2.5_24h,商丘,77.0
20170124,0,PM10,商丘,127.0
20170124,0,PM10_24h,商丘,137.0
20170124,0,SO2,商丘,16.0
20170124,0,SO2_24h,商丘,20.0
20170124,0,NO2,商丘,33.0
20170124,0,NO2_24h,商丘,35.0
20170124,0,O3,商丘,42.0
20170124,0,O3_24h,商丘,75.0
20170124,0,O3_8h,商丘,56.0
20170124,0,O3_8h_24h,商丘,64.0
20170124,0,CO,商丘,0.63
20170124,0,CO_24h,商丘,0.73
20170124,1,AQI,商丘,90.0
20170124,1,PM2.5,商丘,67.0
20170124,1,PM2.5_24h,商丘,75.0
20170124,1,PM10,商丘,113.0
20170124,1,PM10_24h,商丘,134.0
20170124,1,SO2,商丘,18.0
20170124,1,SO2_24h,商丘,20.0
20170124,1,NO2,商丘,27.0
20170124,1,NO2_24h,商丘,34.0
20170124,1,O3,商丘,44.0
20170124,1,O3_24h,商丘,75.0
20170124,1,O3_8h,商丘,44.0
20170124,1,O3_8h_24h,商丘,44.0
20170124,1,CO,商丘,0.63
20170124,1,CO_24h,商丘,0.73
20170124,2,AQI,商丘,86.0
20170124,2,PM2.5,商丘,64.0
20170124,2,PM2.5_24h,商丘,73.0
20170124,2,PM10,商丘,99.0
20170124,2,PM10_24h,商丘,130.0
20170124,2,SO2,商丘,15.0
20170124,2,SO2_24h,商丘,20.0
20170124,2,NO2,商丘,27.0
20170124,2,NO2_24h,商丘,33.0
20170124,2,O3,商丘,40.0
20170124,2,O3_24h,商丘,75.0
20170124,2,O3_8h,商丘,42.0
20170124,2,O3_8h_24h,商丘,44.0
20170124,2,CO,商丘,0.57
20170124,2,CO_24h,商丘,0.73
20170124,3,AQI,商丘,88.0
20170124,3,PM2.5,商丘,65.0
20170124,3,PM2.5_24h,商丘,71.0
20170124,3,PM10,商丘,107.0
20170124,3,PM10_24h,商丘,129.0
20170124,3,SO2,商丘,12.0
20170124,3,SO2_24h,商丘,20.0
20170124,3,NO2,商丘,28.0
20170124,3,NO2_24h,商丘,32.0
20170124,3,O3,商丘,37.0
20170124,3,O3_24h,商丘,75.0
20170124,3,O3_8h,商丘,40.0
20170124,3,O3_8h_24h,商丘,44.0
20170124,3,CO,商丘,0.53
20170124,3,CO_24h,商丘,0.63
20170124,4,AQI,商丘,85.0
20170124,4,PM2.5,商丘,63.0
20170124,4,PM2.5_24h,商丘,70.0
20170124,4,PM10,商丘,104.0
20170124,4,PM10_24h,商丘,128.0
20170124,4,SO2,商丘,9.0
20170124,4,SO2_24h,商丘,19.0
20170124,4,NO2,商丘,23.0
20170124,4,NO2_24h,商丘,32.0
20170124,4,O3,商丘,39.0
20170124,4,O3_24h,商丘,75.0
20170124,4,O3_8h,商丘,40.0
20170124,4,O3_8h_24h,商丘,44.0
20170124,4,CO,商丘,0.5
20170124,4,CO_24h,商丘,0.63
20170124,5,AQI,商丘,78.0
20170124,5,PM2.5,商丘,57.0
20170124,5,PM2.5_24h,商丘,69.0
20170124,5,PM10,商丘,89.0
20170124,5,PM10_24h,商丘,126.0
20170124,5,SO2,商丘,9.0
20170124,5,SO2_24h,商丘,19.0
20170124,5,NO2,商丘,24.0
20170124,5,NO2_24h,商丘,31.0
20170124,5,O3,商丘,34.0
20170124,5,O3_24h,商丘,75.0
20170124,5,O3_8h,商丘,39.0
20170124,5,O3_8h_24h,商丘,44.0
20170124,5,CO,商丘,0.53
20170124,5,CO_24h,商丘,0.63
20170124,6,AQI,商丘,78.0
20170124,6,PM2.5,商丘,57.0
20170124,6,PM2.5_24h,商丘,68.0
20170124,6,PM10,商丘,91.0
20170124,6,PM10_24h,商丘,125.0
20170124,6,SO2,商丘,10.0
20170124,6,SO2_24h,商丘,18.0
20170124,6,NO2,商丘,22.0
20170124,6,NO2_24h,商丘,31.0
20170124,6,O3,商丘,34.0
20170124,6,O3_24h,商丘,75.0
20170124,6,O3_8h,商丘,38.0
20170124,6,O3_8h_24h,商丘,44.0
20170124,6,CO,商丘,0.53
20170124,6,CO_24h,商丘,0.63
20170124,7,AQI,商丘,78.0
20170124,7,PM2.5,商丘,57.0
20170124,7,PM2.5_24h,商丘,68.0
20170124,7,PM10,商丘,89.0
20170124,7,PM10_24h,商丘,124.0
20170124,7,SO2,商丘,11.0
20170124,7,SO2_24h,商丘,18.0
20170124,7,NO2,商丘,25.0
20170124,7,NO2_24h,商丘,31.0
20170124,7,O3,商丘,28.0
20170124,7,O3_24h,商丘,75.0
20170124,7,O3_8h,商丘,36.0
20170124,7,O3_8h_24h,商丘,44.0
20170124,7,CO,商丘,0.53
20170124,7,CO_24h,商丘,0.63
20170124,8,AQI,商丘,89.0
20170124,8,PM2.5,商丘,66.0
20170124,8,PM2.5_24h,商丘,68.0
20170124,8,PM10,商丘,88.0
20170124,8,PM10_24h,商丘,123.0
20170124,8,SO2,商丘,12.0
20170124,8,SO2_24h,商丘,17.0
20170124,8,NO2,商丘,31.0
20170124,8,NO2_24h,商丘,30.0
20170124,8,O3,商丘,23.0
20170124,8,O3_24h,商丘,75.0
20170124,8,O3_8h,商丘,35.0
20170124,8,O3_8h_24h,商丘,44.0
20170124,8,CO,商丘,0.67
20170124,8,CO_24h,商丘,0.63
20170124,9,AQI,商丘,84.0
20170124,9,PM2.5,商丘,60.0
20170124,9,PM2.5_24h,商丘,67.0
20170124,9,PM10,商丘,117.0
20170124,9,PM10_24h,商丘,123.0
20170124,9,SO2,商丘,14.0
20170124,9,SO2_24h,商丘,17.0
20170124,9,NO2,商丘,37.0
20170124,9,NO2_24h,商丘,30.0
20170124,9,O3,商丘,19.0
20170124,9,O3_24h,商丘,75.0
20170124,9,O3_8h,商丘,31.0
20170124,9,O3_8h_24h,商丘,44.0
20170124,9,CO,商丘,0.77
20170124,9,CO_24h,商丘,0.63
20170124,10,AQI,商丘,98.0
20170124,10,PM2.5,商丘,73.0
20170124,10,PM2.5_24h,商丘,68.0
20170124,10,PM10,商丘,109.0
20170124,10,PM10_24h,商丘,121.0
20170124,10,SO2,商丘,17.0
20170124,10,SO2_24h,商丘,17.0
20170124,10,NO2,商丘,31.0
20170124,10,NO2_24h,商丘,30.0
20170124,10,O3,商丘,27.0
20170124,10,O3_24h,商丘,75.0
20170124,10,O3_8h,商丘,30.0
20170124,10,O3_8h_24h,商丘,44.0
20170124,10,CO,商丘,0.77
20170124,10,CO_24h,商丘,0.63
20170124,11,AQI,商丘,95.0
20170124,11,PM2.5,商丘,71.0
20170124,11,PM2.5_24h,商丘,68.0
20170124,11,PM10,商丘,109.0
20170124,11,PM10_24h,商丘,121.0
20170124,11,SO2,商丘,21.0
20170124,11,SO2_24h,商丘,17.0
20170124,11,NO2,商丘,28.0
20170124,11,NO2_24h,商丘,30.0
20170124,11,O3,商丘,36.0
20170124,11,O3_24h,商丘,75.0
20170124,11,O3_8h,商丘,30.0
20170124,11,O3_8h_24h,商丘,44.0
20170124,11,CO,商丘,0.73
20170124,11,CO_24h,商丘,0.63
20170124,12,AQI,商丘,94.0
20170124,12,PM2.5,商丘,70.0
20170124,12,PM2.5_24h,商丘,69.0
20170124,12,PM10,商丘,101.0
20170124,12,PM10_24h,商丘,121.0
20170124,12,SO2,商丘,21.0
20170124,12,SO2_24h,商丘,17.0
20170124,12,NO2,商丘,29.0
20170124,12,NO2_24h,商丘,30.0
20170124,12,O3,商丘,46.0
20170124,12,O3_24h,商丘,75.0
20170124,12,O3_8h,商丘,31.0
20170124,12,O3_8h_24h,商丘,44.0
20170124,12,CO,商丘,0.7
20170124,12,CO_24h,商丘,0.63
20170124,13,AQI,商丘,113.0
20170124,13,PM2.5,商丘,85.0
20170124,13,PM2.5_24h,商丘,69.0
20170124,13,PM10,商丘,136.0
20170124,13,PM10_24h,商丘,121.0
20170124,13,SO2,商丘,21.0
20170124,13,SO2_24h,商丘,17.0
20170124,13,NO2,商丘,26.0
20170124,13,NO2_24h,商丘,30.0
20170124,13,O3,商丘,55.0
20170124,13,O3_24h,商丘,75.0
20170124,13,O3_8h,商丘,33.0
20170124,13,O3_8h_24h,商丘,44.0
20170124,13,CO,商丘,0.73
20170124,13,CO_24h,商丘,0.63
20170124,14,AQI,商丘,119.0
20170124,14,PM2.5,商丘,90.0
20170124,14,PM2.5_24h,商丘,71.0
20170124,14,PM10,商丘,135.0
20170124,14,PM10_24h,商丘,121.0
20170124,14,SO2,商丘,21.0
20170124,14,SO2_24h,商丘,17.0
20170124,14,NO2,商丘,24.0
20170124,14,NO2_24h,商丘,30.0
20170124,14,O3,商丘,62.0
20170124,14,O3_24h,商丘,75.0
20170124,14,O3_8h,商丘,37.0
20170124,14,O3_8h_24h,商丘,44.0
20170124,14,CO,商丘,0.77
20170124,14,CO_24h,商丘,0.63
20170124,15,AQI,商丘,106.0
20170124,15,PM2.5,商丘,80.0
20170124,15,PM2.5_24h,商丘,72.0
20170124,15,PM10,商丘,144.0
20170124,15,PM10_24h,商丘,122.0
20170124,15,SO2,商丘,20.0
20170124,15,SO2_24h,商丘,17.0
20170124,15,NO2,商丘,26.0
20170124,15,NO2_24h,商丘,30.0
20170124,15,O3,商丘,65.0
20170124,15,O3_24h,商丘,73.0
20170124,15,O3_8h,商丘,42.0
20170124,15,O3_8h_24h,商丘,46.0
20170124,15,CO,商丘,0.83
20170124,15,CO_24h,商丘,0.63
20170124,16,AQI,商丘,106.0
20170124,16,PM2.5,商丘,80.0
20170124,16,PM2.5_24h,商丘,72.0
20170124,16,PM10,商丘,160.0
20170124,16,PM10_24h,商丘,123.0
20170124,16,SO2,商丘,21.0
20170124,16,SO2_24h,商丘,17.0
20170124,16,NO2,商丘,28.0
20170124,16,NO2_24h,商丘,30.0
20170124,16,O3,商丘,67.0
20170124,16,O3_24h,商丘,71.0
20170124,16,O3_8h,商丘,47.0
20170124,16,O3_8h_24h,商丘,49.0
20170124,16,CO,商丘,0.77
20170124,16,CO_24h,商丘,0.67
20170124,17,AQI,商丘,98.0
20170124,17,PM2.5,商丘,73.0
20170124,17,PM2.5_24h,商丘,72.0
20170124,17,PM10,商丘,129.0
20170124,17,PM10_24h,商丘,121.0
20170124,17,SO2,商丘,20.0
20170124,17,SO2_24h,商丘,17.0
20170124,17,NO2,商丘,31.0
20170124,17,NO2_24h,商丘,30.0
20170124,17,O3,商丘,63.0
20170124,17,O3_24h,商丘,68.0
20170124,17,O3_8h,商丘,52.0
20170124,17,O3_8h_24h,商丘,52.0
20170124,17,CO,商丘,0.7
20170124,17,CO_24h,商丘,0.67
20170124,18,AQI,商丘,104.0
20170124,18,PM2.5,商丘,78.0
20170124,18,PM2.5_24h,商丘,72.0
20170124,18,PM10,商丘,119.0
20170124,18,PM10_24h,商丘,120.0
20170124,18,SO2,商丘,19.0
20170124,18,SO2_24h,商丘,17.0
20170124,18,NO2,商丘,40.0
20170124,18,NO2_24h,商丘,30.0
20170124,18,O3,商丘,49.0
20170124,18,O3_24h,商丘,68.0
20170124,18,O3_8h,商丘,55.0
20170124,18,O3_8h_24h,商丘,55.0
20170124,18,CO,商丘,0.8
20170124,18,CO_24h,商丘,0.7
20170124,19,AQI,商丘,114.0
20170124,19,PM2.5,商丘,86.0
20170124,19,PM2.5_24h,商丘,72.0
20170124,19,PM10,商丘,155.0
20170124,19,PM10_24h,商丘,120.0
20170124,19,SO2,商丘,17.0
20170124,19,SO2_24h,商丘,17.0
20170124,19,NO2,商丘,44.0
20170124,19,NO2_24h,商丘,30.0
20170124,19,O3,商丘,40.0
20170124,19,O3_24h,商丘,68.0
20170124,19,O3_8h,商丘,56.0
20170124,19,O3_8h_24h,商丘,56.0
20170124,19,CO,商丘,0.83
20170124,19,CO_24h,商丘,0.7
20170124,20,AQI,商丘,124.0
20170124,20,PM2.5,商丘,94.0
20170124,20,PM2.5_24h,商丘,73.0
20170124,20,PM10,商丘,166.0
20170124,20,PM10_24h,商丘,121.0
20170124,20,SO2,商丘,19.0
20170124,20,SO2_24h,商丘,16.0
20170124,20,NO2,商丘,49.0
20170124,20,NO2_24h,商丘,30.0
20170124,20,O3,商丘,29.0
20170124,20,O3_24h,商丘,68.0
20170124,20,O3_8h,商丘,54.0
20170124,20,O3_8h_24h,商丘,56.0
20170124,20,CO,商丘,0.9
20170124,20,CO_24h,商丘,0.7
20170124,21,AQI,商丘,125.0
20170124,21,PM2.5,商丘,95.0
20170124,21,PM2.5_24h,商丘,73.0
20170124,21,PM10,商丘,179.0
20170124,21,PM10_24h,商丘,122.0
20170124,21,SO2,商丘,21.0
20170124,21,SO2_24h,商丘,16.0
20170124,21,NO2,商丘,46.0
20170124,21,NO2_24h,商丘,31.0
20170124,21,O3,商丘,26.0
20170124,21,O3_24h,商丘,68.0
20170124,21,O3_8h,商丘,50.0
20170124,21,O3_8h_24h,商丘,56.0
20170124,21,CO,商丘,1.0
20170124,21,CO_24h,商丘,0.7
20170124,22,AQI,商丘,141.0
20170124,22,PM2.5,商丘,108.0
20170124,22,PM2.5_24h,商丘,74.0
20170124,22,PM10,商丘,175.0
20170124,22,PM10_24h,商丘,123.0
20170124,22,SO2,商丘,22.0
20170124,22,SO2_24h,商丘,17.0
20170124,22,NO2,商丘,46.0
20170124,22,NO2_24h,商丘,31.0
20170124,22,O3,商丘,23.0
20170124,22,O3_24h,商丘,68.0
20170124,22,O3_8h,商丘,45.0
20170124,22,O3_8h_24h,商丘,56.0
20170124,22,CO,商丘,1.07
20170124,22,CO_24h,商丘,0.7
20170124,23,AQI,商丘,136.0
20170124,23,PM2.5,商丘,104.0
20170124,23,PM2.5_24h,商丘,76.0
20170124,23,PM10,商丘,162.0
20170124,23,PM10_24h,商丘,125.0
20170124,23,SO2,商丘,22.0
20170124,23,SO2_24h,商丘,17.0
20170124,23,NO2,商丘,45.0
20170124,23,NO2_24h,商丘,32.0
20170124,23,O3,商丘,20.0
20170124,23,O3_24h,商丘,68.0
20170124,23,O3_8h,商丘,40.0
20170124,23,O3_8h_24h,商丘,56.0
20170124,23,CO,商丘,1.07
20170124,23,CO_24h,商丘,0.73
20170124,0,AQI,驻马店,150.0
20170124,0,PM2.5,驻马店,115.0
20170124,0,PM2.5_24h,驻马店,132.0
20170124,0,PM10,驻马店,189.0
20170124,0,PM10_24h,驻马店,203.0
20170124,0,SO2,驻马店,30.0
20170124,0,SO2_24h,驻马店,31.0
20170124,0,NO2,驻马店,62.0
20170124,0,NO2_24h,驻马店,61.0
20170124,0,O3,驻马店,38.0
20170124,0,O3_24h,驻马店,105.0
20170124,0,O3_8h,驻马店,56.0
20170124,0,O3_8h_24h,驻马店,82.0
20170124,0,CO,驻马店,1.47
20170124,0,CO_24h,驻马店,1.63
20170124,1,AQI,驻马店,150.0
20170124,1,PM2.5,驻马店,115.0
20170124,1,PM2.5_24h,驻马店,130.0
20170124,1,PM10,驻马店,177.0
20170124,1,PM10_24h,驻马店,199.0
20170124,1,SO2,驻马店,28.0
20170124,1,SO2_24h,驻马店,31.0
20170124,1,NO2,驻马店,51.0
20170124,1,NO2_24h,驻马店,59.0
20170124,1,O3,驻马店,47.0
20170124,1,O3_24h,驻马店,105.0
20170124,1,O3_8h,驻马店,47.0
20170124,1,O3_8h_24h,驻马店,47.0
20170124,1,CO,驻马店,1.37
20170124,1,CO_24h,驻马店,1.57
20170124,2,AQI,驻马店,126.0
20170124,2,PM2.5,驻马店,96.0
20170124,2,PM2.5_24h,驻马店,127.0
20170124,2,PM10,驻马店,155.0
20170124,2,PM10_24h,驻马店,196.0
20170124,2,SO2,驻马店,28.0
20170124,2,SO2_24h,驻马店,30.0
20170124,2,NO2,驻马店,61.0
20170124,2,NO2_24h,驻马店,58.0
20170124,2,O3,驻马店,35.0
20170124,2,O3_24h,驻马店,105.0
20170124,2,O3_8h,驻马店,41.0
20170124,2,O3_8h_24h,驻马店,47.0
20170124,2,CO,驻马店,1.4
20170124,2,CO_24h,驻马店,1.53
20170124,3,AQI,驻马店,131.0
20170124,3,PM2.5,驻马店,100.0
20170124,3,PM2.5_24h,驻马店,125.0
20170124,3,PM10,驻马店,156.0
20170124,3,PM10_24h,驻马店,193.0
20170124,3,SO2,驻马店,22.0
20170124,3,SO2_24h,驻马店,30.0
20170124,3,NO2,驻马店,60.0
20170124,3,NO2_24h,驻马店,57.0
20170124,3,O3,驻马店,29.0
20170124,3,O3_24h,驻马店,105.0
20170124,3,O3_8h,驻马店,37.0
20170124,3,O3_8h_24h,驻马店,47.0
20170124,3,CO,驻马店,1.93
20170124,3,CO_24h,驻马店,1.57
20170124,4,AQI,驻马店,146.0
20170124,4,PM2.5,驻马店,112.0
20170124,4,PM2.5_24h,驻马店,122.0
20170124,4,PM10,驻马店,169.0
20170124,4,PM10_24h,驻马店,190.0
20170124,4,SO2,驻马店,19.0
20170124,4,SO2_24h,驻马店,30.0
20170124,4,NO2,驻马店,57.0
20170124,4,NO2_24h,驻马店,56.0
20170124,4,O3,驻马店,24.0
20170124,4,O3_24h,驻马店,105.0
20170124,4,O3_8h,驻马店,34.0
20170124,4,O3_8h_24h,驻马店,47.0
20170124,4,CO,驻马店,2.53
20170124,4,CO_24h,驻马店,1.57
20170124,5,AQI,驻马店,167.0
20170124,5,PM2.5,驻马店,127.0
20170124,5,PM2.5_24h,驻马店,120.0
20170124,5,PM10,驻马店,183.0
20170124,5,PM10_24h,驻马店,187.0
20170124,5,SO2,驻马店,19.0
20170124,5,SO2_24h,驻马店,29.0
20170124,5,NO2,驻马店,57.0
20170124,5,NO2_24h,驻马店,55.0
20170124,5,O3,驻马店,17.0
20170124,5,O3_24h,驻马店,105.0
20170124,5,O3_8h,驻马店,30.0
20170124,5,O3_8h_24h,驻马店,47.0
20170124,5,CO,驻马店,2.07
20170124,5,CO_24h,驻马店,1.57
20170124,6,AQI,驻马店,169.0
20170124,6,PM2.5,驻马店,128.0
20170124,6,PM2.5_24h,驻马店,118.0
20170124,6,PM10,驻马店,179.0
20170124,6,PM10_24h,驻马店,184.0
20170124,6,SO2,驻马店,18.0
20170124,6,SO2_24h,驻马店,29.0
20170124,6,NO2,驻马店,44.0
20170124,6,NO2_24h,驻马店,54.0
20170124,6,O3,驻马店,24.0
20170124,6,O3_24h,驻马店,105.0
20170124,6,O3_8h,驻马店,29.0
20170124,6,O3_8h_24h,驻马店,47.0
20170124,6,CO,驻马店,1.43
20170124,6,CO_24h,驻马店,1.57
20170124,7,AQI,驻马店,151.0
20170124,7,PM2.5,驻马店,116.0
20170124,7,PM2.5_24h,驻马店,115.0
20170124,7,PM10,驻马店,171.0
20170124,7,PM10_24h,驻马店,181.0
20170124,7,SO2,驻马店,17.0
20170124,7,SO2_24h,驻马店,28.0
20170124,7,NO2,驻马店,42.0
20170124,7,NO2_24h,驻马店,53.0
20170124,7,O3,驻马店,23.0
20170124,7,O3_24h,驻马店,105.0
20170124,7,O3_8h,驻马店,28.0
20170124,7,O3_8h_24h,驻马店,47.0
20170124,7,CO,驻马店,1.43
20170124,7,CO_24h,驻马店,1.53
20170124,8,AQI,驻马店,143.0
20170124,8,PM2.5,驻马店,109.0
20170124,8,PM2.5_24h,驻马店,113.0
20170124,8,PM10,驻马店,160.0
20170124,8,PM10_24h,驻马店,177.0
20170124,8,SO2,驻马店,18.0
20170124,8,SO2_24h,驻马店,28.0
20170124,8,NO2,驻马店,47.0
20170124,8,NO2_24h,驻马店,52.0
20170124,8,O3,驻马店,17.0
20170124,8,O3_24h,驻马店,105.0
20170124,8,O3_8h,驻马店,27.0
20170124,8,O3_8h_24h,驻马店,47.0
20170124,8,CO,驻马店,1.53
20170124,8,CO_24h,驻马店,1.5
20170124,9,AQI,驻马店,145.0
20170124,9,PM2.5,驻马店,111.0
20170124,9,PM2.5_24h,驻马店,110.0
20170124,9,PM10,驻马店,167.0
20170124,9,PM10_24h,驻马店,174.0
20170124,9,SO2,驻马店,28.0
20170124,9,SO2_24h,驻马店,28.0
20170124,9,NO2,驻马店,46.0
20170124,9,NO2_24h,驻马店,51.0
20170124,9,O3,驻马店,18.0
20170124,9,O3_24h,驻马店,105.0
20170124,9,O3_8h,驻马店,23.0
20170124,9,O3_8h_24h,驻马店,47.0
20170124,9,CO,驻马店,1.5
20170124,9,CO_24h,驻马店,1.5
20170124,10,AQI,驻马店,120.0
20170124,10,PM2.5,驻马店,91.0
20170124,10,PM2.5_24h,驻马店,108.0
20170124,10,PM10,驻马店,156.0
20170124,10,PM10_24h,驻马店,170.0
20170124,10,SO2,驻马店,29.0
20170124,10,SO2_24h,驻马店,28.0
20170124,10,NO2,驻马店,43.0
20170124,10,NO2_24h,驻马店,50.0
20170124,10,O3,驻马店,23.0
20170124,10,O3_24h,驻马店,105.0
20170124,10,O3_8h,驻马店,22.0
20170124,10,O3_8h_24h,驻马店,47.0
20170124,10,CO,驻马店,1.53
20170124,10,CO_24h,驻马店,1.5
20170124,11,AQI,驻马店,150.0
20170124,11,PM2.5,驻马店,115.0
20170124,11,PM2.5_24h,驻马店,106.0
20170124,11,PM10,驻马店,160.0
20170124,11,PM10_24h,驻马店,167.0
20170124,11,SO2,驻马店,26.0
20170124,11,SO2_24h,驻马店,27.0
20170124,11,NO2,驻马店,41.0
20170124,11,NO2_24h,驻马店,50.0
20170124,11,O3,驻马店,31.0
20170124,11,O3_24h,驻马店,105.0
20170124,11,O3_8h,驻马店,22.0
20170124,11,O3_8h_24h,驻马店,47.0
20170124,11,CO,驻马店,1.57
20170124,11,CO_24h,驻马店,1.5
20170124,12,AQI,驻马店,154.0
20170124,12,PM2.5,驻马店,118.0
20170124,12,PM2.5_24h,驻马店,105.0
20170124,12,PM10,驻马店,161.0
20170124,12,PM10_24h,驻马店,165.0
20170124,12,SO2,驻马店,25.0
20170124,12,SO2_24h,驻马店,27.0
20170124,12,NO2,驻马店,41.0
20170124,12,NO2_24h,驻马店,50.0
20170124,12,O3,驻马店,38.0
20170124,12,O3_24h,驻马店,105.0
20170124,12,O3_8h,驻马店,24.0
20170124,12,O3_8h_24h,驻马店,47.0
20170124,12,CO,驻马店,1.63
20170124,12,CO_24h,驻马店,1.5
20170124,13,AQI,驻马店,153.0
20170124,13,PM2.5,驻马店,117.0
20170124,13,PM2.5_24h,驻马店,105.0
20170124,13,PM10,驻马店,162.0
20170124,13,PM10_24h,驻马店,164.0
20170124,13,SO2,驻马店,24.0
20170124,13,SO2_24h,驻马店,26.0
20170124,13,NO2,驻马店,42.0
20170124,13,NO2_24h,驻马店,50.0
20170124,13,O3,驻马店,44.0
20170124,13,O3_24h,驻马店,105.0
20170124,13,O3_8h,驻马店,27.0
20170124,13,O3_8h_24h,驻马店,47.0
20170124,13,CO,驻马店,1.6
20170124,13,CO_24h,驻马店,1.5
20170124,14,AQI,驻马店,156.0
20170124,14,PM2.5,驻马店,119.0
20170124,14,PM2.5_24h,驻马店,105.0
20170124,14,PM10,驻马店,156.0
20170124,14,PM10_24h,驻马店,163.0
20170124,14,SO2,驻马店,23.0
20170124,14,SO2_24h,驻马店,25.0
20170124,14,NO2,驻马店,39.0
20170124,14,NO2_24h,驻马店,50.0
20170124,14,O3,驻马店,51.0
20170124,14,O3_24h,驻马店,105.0
20170124,14,O3_8h,驻马店,30.0
20170124,14,O3_8h_24h,驻马店,47.0
20170124,14,CO,驻马店,1.43
20170124,14,CO_24h,驻马店,1.53
20170124,15,AQI,驻马店,145.0
20170124,15,PM2.5,驻马店,111.0
20170124,15,PM2.5_24h,驻马店,106.0
20170124,15,PM10,驻马店,148.0
20170124,15,PM10_24h,驻马店,164.0
20170124,15,SO2,驻马店,22.0
20170124,15,SO2_24h,驻马店,25.0
20170124,15,NO2,驻马店,41.0
20170124,15,NO2_24h,驻马店,50.0
20170124,15,O3,驻马店,51.0
20170124,15,O3_24h,驻马店,103.0
20170124,15,O3_8h,驻马店,34.0
20170124,15,O3_8h_24h,驻马店,48.0
20170124,15,CO,驻马店,1.33
20170124,15,CO_24h,驻马店,1.53
20170124,16,AQI,驻马店,131.0
20170124,16,PM2.5,驻马店,100.0
20170124,16,PM2.5_24h,驻马店,107.0
20170124,16,PM10,驻马店,147.0
20170124,16,PM10_24h,驻马店,165.0
20170124,16,SO2,驻马店,22.0
20170124,16,SO2_24h,驻马店,25.0
20170124,16,NO2,驻马店,40.0
20170124,16,NO2_24h,驻马店,51.0
20170124,16,O3,驻马店,49.0
20170124,16,O3_24h,驻马店,97.0
20170124,16,O3_8h,驻马店,38.0
20170124,16,O3_8h_24h,驻马店,49.0
20170124,16,CO,驻马店,1.33
20170124,16,CO_24h,驻马店,1.53
20170124,17,AQI,驻马店,134.0
20170124,17,PM2.5,驻马店,102.0
20170124,17,PM2.5_24h,驻马店,108.0
20170124,17,PM10,驻马店,150.0
20170124,17,PM10_24h,驻马店,166.0
20170124,17,SO2,驻马店,23.0
20170124,17,SO2_24h,驻马店,25.0
20170124,17,NO2,驻马店,45.0
20170124,17,NO2_24h,驻马店,51.0
20170124,17,O3,驻马店,46.0
20170124,17,O3_24h,驻马店,76.0
20170124,17,O3_8h,驻马店,41.0
20170124,17,O3_8h_24h,驻马店,50.0
20170124,17,CO,驻马店,1.37
20170124,17,CO_24h,驻马店,1.53
20170124,18,AQI,驻马店,167.0
20170124,18,PM2.5,驻马店,127.0
20170124,18,PM2.5_24h,驻马店,109.0
20170124,18,PM10,驻马店,166.0
20170124,18,PM10_24h,驻马店,167.0
20170124,18,SO2,驻马店,24.0
20170124,18,SO2_24h,驻马店,25.0
20170124,18,NO2,驻马店,55.0
20170124,18,NO2_24h,驻马店,51.0
20170124,18,O3,驻马店,37.0
20170124,18,O3_24h,驻马店,61.0
20170124,18,O3_8h,驻马店,43.0
20170124,18,O3_8h_24h,驻马店,51.0
20170124,18,CO,驻马店,1.47
20170124,18,CO_24h,驻马店,1.57
20170124,19,AQI,驻马店,159.0
20170124,19,PM2.5,驻马店,121.0
20170124,19,PM2.5_24h,驻马店,110.0
20170124,19,PM10,驻马店,166.0
20170124,19,PM10_24h,驻马店,168.0
20170124,19,SO2,驻马店,16.0
20170124,19,SO2_24h,驻马店,24.0
20170124,19,NO2,驻马店,56.0
20170124,19,NO2_24h,驻马店,51.0
20170124,19,O3,驻马店,26.0
20170124,19,O3_24h,驻马店,59.0
20170124,19,O3_8h,驻马店,43.0
20170124,19,O3_8h_24h,驻马店,51.0
20170124,19,CO,驻马店,1.47
20170124,19,CO_24h,驻马店,1.57
20170124,20,AQI,驻马店,186.0
20170124,20,PM2.5,驻马店,140.0
20170124,20,PM2.5_24h,驻马店,111.0
20170124,20,PM10,驻马店,202.0
20170124,20,PM10_24h,驻马店,169.0
20170124,20,SO2,驻马店,14.0
20170124,20,SO2_24h,驻马店,23.0
20170124,20,NO2,驻马店,52.0
20170124,20,NO2_24h,驻马店,51.0
20170124,20,O3,驻马店,27.0
20170124,20,O3_24h,驻马店,55.0
20170124,20,O3_8h,驻马店,41.0
20170124,20,O3_8h_24h,驻马店,51.0
20170124,20,CO,驻马店,1.7
20170124,20,CO_24h,驻马店,1.57
20170124,21,AQI,驻马店,214.0
20170124,21,PM2.5,驻马店,164.0
20170124,21,PM2.5_24h,驻马店,114.0
20170124,21,PM10,驻马店,236.0
20170124,21,PM10_24h,驻马店,172.0
20170124,21,SO2,驻马店,13.0
20170124,21,SO2_24h,驻马店,23.0
20170124,21,NO2,驻马店,54.0
20170124,21,NO2_24h,驻马店,51.0
20170124,21,O3,驻马店,27.0
20170124,21,O3_24h,驻马店,55.0
20170124,21,O3_8h,驻马店,39.0
20170124,21,O3_8h_24h,驻马店,51.0
20170124,21,CO,驻马店,1.8
20170124,21,CO_24h,驻马店,1.57
20170124,22,AQI,驻马店,244.0
20170124,22,PM2.5,驻马店,194.0
20170124,22,PM2.5_24h,驻马店,119.0
20170124,22,PM10,驻马店,248.0
20170124,22,PM10_24h,驻马店,174.0
20170124,22,SO2,驻马店,14.0
20170124,22,SO2_24h,驻马店,22.0
20170124,22,NO2,驻马店,52.0
20170124,22,NO2_24h,驻马店,50.0
20170124,22,O3,驻马店,21.0
20170124,22,O3_24h,驻马店,55.0
20170124,22,O3_8h,驻马店,36.0
20170124,22,O3_8h_24h,驻马店,51.0
20170124,22,CO,驻马店,1.83
20170124,22,CO_24h,驻马店,1.57
20170124,23,AQI,驻马店,235.0
20170124,23,PM2.5,驻马店,185.0
20170124,23,PM2.5_24h,驻马店,123.0
20170124,23,PM10,驻马店,265.0
20170124,23,PM10_24h,驻马店,177.0
20170124,23,SO2,驻马店,16.0
20170124,23,SO2_24h,驻马店,22.0
20170124,23,NO2,驻马店,52.0
20170124,23,NO2_24h,驻马店,49.0
20170124,23,O3,驻马店,22.0
20170124,23,O3_24h,驻马店,55.0
20170124,23,O3_8h,驻马店,32.0
20170124,23,O3_8h_24h,驻马店,51.0
20170124,23,CO,驻马店,1.87
20170124,23,CO_24h,驻马店,1.57
20170124,0,AQI,黄石,76.0
20170124,0,PM2.5,黄石,56.0
20170124,0,PM2.5_24h,黄石,71.0
20170124,0,PM10,黄石,98.0
20170124,0,PM10_24h,黄石,119.0
20170124,0,SO2,黄石,18.0
20170124,0,SO2_24h,黄石,22.0
20170124,0,NO2,黄石,35.0
20170124,0,NO2_24h,黄石,40.0
20170124,0,O3,黄石,57.0
20170124,0,O3_24h,黄石,93.0
20170124,0,O3_8h,黄石,75.0
20170124,0,O3_8h_24h,黄石,86.0
20170124,0,CO,黄石,0.86
20170124,0,CO_24h,黄石,0.92
20170124,1,AQI,黄石,78.0
20170124,1,PM2.5,黄石,57.0
20170124,1,PM2.5_24h,黄石,70.0
20170124,1,PM10,黄石,94.0
20170124,1,PM10_24h,黄石,117.0
20170124,1,SO2,黄石,19.0
20170124,1,SO2_24h,黄石,23.0
20170124,1,NO2,黄石,41.0
20170124,1,NO2_24h,黄石,40.0
20170124,1,O3,黄石,51.0
20170124,1,O3_24h,黄石,93.0
20170124,1,O3_8h,黄石,51.0
20170124,1,O3_8h_24h,黄石,51.0
20170124,1,CO,黄石,0.86
20170124,1,CO_24h,黄石,0.92
20170124,2,AQI,黄石,75.0
20170124,2,PM2.5,黄石,55.0
20170124,2,PM2.5_24h,黄石,69.0
20170124,2,PM10,黄石,90.0
20170124,2,PM10_24h,黄石,115.0
20170124,2,SO2,黄石,17.0
20170124,2,SO2_24h,黄石,23.0
20170124,2,NO2,黄石,35.0
20170124,2,NO2_24h,黄石,38.0
20170124,2,O3,黄石,53.0
20170124,2,O3_24h,黄石,93.0
20170124,2,O3_8h,黄石,52.0
20170124,2,O3_8h_24h,黄石,52.0
20170124,2,CO,黄石,0.88
20170124,2,CO_24h,黄石,0.9
20170124,3,AQI,黄石,76.0
20170124,3,PM2.5,黄石,56.0
20170124,3,PM2.5_24h,黄石,68.0
20170124,3,PM10,黄石,90.0
20170124,3,PM10_24h,黄石,114.0
20170124,3,SO2,黄石,17.0
20170124,3,SO2_24h,黄石,23.0
20170124,3,NO2,黄石,34.0
20170124,3,NO2_24h,黄石,37.0
20170124,3,O3,黄石,50.0
20170124,3,O3_24h,黄石,93.0
20170124,3,O3_8h,黄石,51.0
20170124,3,O3_8h_24h,黄石,53.0
20170124,3,CO,黄石,0.84
20170124,3,CO_24h,黄石,0.92
20170124,4,AQI,黄石,70.0
20170124,4,PM2.5,黄石,51.0
20170124,4,PM2.5_24h,黄石,67.0
20170124,4,PM10,黄石,88.0
20170124,4,PM10_24h,黄石,112.0
20170124,4,SO2,黄石,19.0
20170124,4,SO2_24h,黄石,22.0
20170124,4,NO2,黄石,35.0
20170124,4,NO2_24h,黄石,37.0
20170124,4,O3,黄石,46.0
20170124,4,O3_24h,黄石,93.0
20170124,4,O3_8h,黄石,50.0
20170124,4,O3_8h_24h,黄石,53.0
20170124,4,CO,黄石,0.88
20170124,4,CO_24h,黄石,0.92
20170124,5,AQI,黄石,73.0
20170124,5,PM2.5,黄石,53.0
20170124,5,PM2.5_24h,黄石,66.0
20170124,5,PM10,黄石,88.0
20170124,5,PM10_24h,黄石,110.0
20170124,5,SO2,黄石,19.0
20170124,5,SO2_24h,黄石,22.0
20170124,5,NO2,黄石,34.0
20170124,5,NO2_24h,黄石,37.0
20170124,5,O3,黄石,44.0
20170124,5,O3_24h,黄石,93.0
20170124,5,O3_8h,黄石,49.0
20170124,5,O3_8h_24h,黄石,53.0
20170124,5,CO,黄石,0.92
20170124,5,CO_24h,黄石,0.92
20170124,6,AQI,黄石,74.0
20170124,6,PM2.5,黄石,54.0
20170124,6,PM2.5_24h,黄石,64.0
20170124,6,PM10,黄石,89.0
20170124,6,PM10_24h,黄石,108.0
20170124,6,SO2,黄石,19.0
20170124,6,SO2_24h,黄石,22.0
20170124,6,NO2,黄石,37.0
20170124,6,NO2_24h,黄石,36.0
20170124,6,O3,黄石,36.0
20170124,6,O3_24h,黄石,93.0
20170124,6,O3_8h,黄石,47.0
20170124,6,O3_8h_24h,黄石,53.0
20170124,6,CO,黄石,0.98
20170124,6,CO_24h,黄石,0.9
20170124,7,AQI,黄石,80.0
20170124,7,PM2.5,黄石,59.0
20170124,7,PM2.5_24h,黄石,63.0
20170124,7,PM10,黄石,92.0
20170124,7,PM10_24h,黄石,107.0
20170124,7,SO2,黄石,22.0
20170124,7,SO2_24h,黄石,22.0
20170124,7,NO2,黄石,40.0
20170124,7,NO2_24h,黄石,36.0
20170124,7,O3,黄石,35.0
20170124,7,O3_24h,黄石,93.0
20170124,7,O3_8h,黄石,45.0
20170124,7,O3_8h_24h,黄石,53.0
20170124,7,CO,黄石,1.04
20170124,7,CO_24h,黄石,0.9
20170124,8,AQI,黄石,81.0
20170124,8,PM2.5,黄石,60.0
20170124,8,PM2.5_24h,黄石,63.0
20170124,8,PM10,黄石,95.0
20170124,8,PM10_24h,黄石,106.0
20170124,8,SO2,黄石,28.0
20170124,8,SO2_24h,黄石,22.0
20170124,8,NO2,黄石,43.0
20170124,8,NO2_24h,黄石,35.0
20170124,8,O3,黄石,38.0
20170124,8,O3_24h,黄石,93.0
20170124,8,O3_8h,黄石,44.0
20170124,8,O3_8h_24h,黄石,53.0
20170124,8,CO,黄石,1.02
20170124,8,CO_24h,黄石,0.9
20170124,9,AQI,黄石,86.0
20170124,9,PM2.5,黄石,64.0
20170124,9,PM2.5_24h,黄石,61.0
20170124,9,PM10,黄石,99.0
20170124,9,PM10_24h,黄石,105.0
20170124,9,SO2,黄石,31.0
20170124,9,SO2_24h,黄石,23.0
20170124,9,NO2,黄石,42.0
20170124,9,NO2_24h,黄石,35.0
20170124,9,O3,黄石,41.0
20170124,9,O3_24h,黄石,93.0
20170124,9,O3_8h,黄石,43.0
20170124,9,O3_8h_24h,黄石,53.0
20170124,9,CO,黄石,1.12
20170124,9,CO_24h,黄石,0.9
20170124,10,AQI,黄石,88.0
20170124,10,PM2.5,黄石,65.0
20170124,10,PM2.5_24h,黄石,61.0
20170124,10,PM10,黄石,104.0
20170124,10,PM10_24h,黄石,103.0
20170124,10,SO2,黄石,32.0
20170124,10,SO2_24h,黄石,23.0
20170124,10,NO2,黄石,39.0
20170124,10,NO2_24h,黄石,34.0
20170124,10,O3,黄石,45.0
20170124,10,O3_24h,黄石,93.0
20170124,10,O3_8h,黄石,42.0
20170124,10,O3_8h_24h,黄石,53.0
20170124,10,CO,黄石,1.08
20170124,10,CO_24h,黄石,0.9
20170124,11,AQI,黄石,89.0
20170124,11,PM2.5,黄石,66.0
20170124,11,PM2.5_24h,黄石,60.0
20170124,11,PM10,黄石,108.0
20170124,11,PM10_24h,黄石,102.0
20170124,11,SO2,黄石,29.0
20170124,11,SO2_24h,黄石,22.0
20170124,11,NO2,黄石,32.0
20170124,11,NO2_24h,黄石,34.0
20170124,11,O3,黄石,58.0
20170124,11,O3_24h,黄石,93.0
20170124,11,O3_8h,黄石,43.0
20170124,11,O3_8h_24h,黄石,54.0
20170124,11,CO,黄石,1.06
20170124,11,CO_24h,黄石,0.88
20170124,12,AQI,黄石,88.0
20170124,12,PM2.5,黄石,65.0
20170124,12,PM2.5_24h,黄石,59.0
20170124,12,PM10,黄石,108.0
20170124,12,PM10_24h,黄石,101.0
20170124,12,SO2,黄石,22.0
20170124,12,SO2_24h,黄石,21.0
20170124,12,NO2,黄石,27.0
20170124,12,NO2_24h,黄石,33.0
20170124,12,O3,黄石,72.0
20170124,12,O3_24h,黄石,93.0
20170124,12,O3_8h,黄石,46.0
20170124,12,O3_8h_24h,黄石,55.0
20170124,12,CO,黄石,0.94
20170124,12,CO_24h,黄石,0.88
20170124,13,AQI,黄石,80.0
20170124,13,PM2.5,黄石,59.0
20170124,13,PM2.5_24h,黄石,59.0
20170124,13,PM10,黄石,104.0
20170124,13,PM10_24h,黄石,100.0
20170124,13,SO2,黄石,17.0
20170124,13,SO2_24h,黄石,20.0
20170124,13,NO2,黄石,21.0
20170124,13,NO2_24h,黄石,33.0
20170124,13,O3,黄石,83.0
20170124,13,O3_24h,黄石,93.0
20170124,13,O3_8h,黄石,51.0
20170124,13,O3_8h_24h,黄石,57.0
20170124,13,CO,黄石,0.84
20170124,13,CO_24h,黄石,0.88
20170124,14,AQI,黄石,75.0
20170124,14,PM2.5,黄石,55.0
20170124,14,PM2.5_24h,黄石,58.0
20170124,14,PM10,黄石,96.0
20170124,14,PM10_24h,黄石,99.0
20170124,14,SO2,黄石,20.0
20170124,14,SO2_24h,黄石,20.0
20170124,14,NO2,黄石,19.0
20170124,14,NO2_24h,黄石,33.0
20170124,14,O3,黄石,87.0
20170124,14,O3_24h,黄石,94.0
20170124,14,O3_8h,黄石,57.0
20170124,14,O3_8h_24h,黄石,60.0
20170124,14,CO,黄石,0.78
20170124,14,CO_24h,黄石,0.88
20170124,15,AQI,黄石,69.0
20170124,15,PM2.5,黄石,50.0
20170124,15,PM2.5_24h,黄石,58.0
20170124,15,PM10,黄石,87.0
20170124,15,PM10_24h,黄石,98.0
20170124,15,SO2,黄石,23.0
20170124,15,SO2_24h,黄石,20.0
20170124,15,NO2,黄石,23.0
20170124,15,NO2_24h,黄石,33.0
20170124,15,O3,黄石,81.0
20170124,15,O3_24h,黄石,93.0
20170124,15,O3_8h,黄石,63.0
20170124,15,O3_8h_24h,黄石,63.0
20170124,15,CO,黄石,0.88
20170124,15,CO_24h,黄石,0.88
20170124,16,AQI,黄石,69.0
20170124,16,PM2.5,黄石,50.0
20170124,16,PM2.5_24h,黄石,57.0
20170124,16,PM10,黄石,81.0
20170124,16,PM10_24h,黄石,97.0
20170124,16,SO2,黄石,16.0
20170124,16,SO2_24h,黄石,20.0
20170124,16,NO2,黄石,28.0
20170124,16,NO2_24h,黄石,33.0
20170124,16,O3,黄石,82.0
20170124,16,O3_24h,黄石,93.0
20170124,16,O3_8h,黄石,68.0
20170124,16,O3_8h_24h,黄石,68.0
20170124,16,CO,黄石,0.82
20170124,16,CO_24h,黄石,0.88
20170124,17,AQI,黄石,70.0
20170124,17,PM2.5,黄石,51.0
20170124,17,PM2.5_24h,黄石,57.0
20170124,17,PM10,黄石,82.0
20170124,17,PM10_24h,黄石,96.0
20170124,17,SO2,黄石,15.0
20170124,17,SO2_24h,黄石,20.0
20170124,17,NO2,黄石,31.0
20170124,17,NO2_24h,黄石,33.0
20170124,17,O3,黄石,79.0
20170124,17,O3_24h,黄石,93.0
20170124,17,O3_8h,黄石,73.0
20170124,17,O3_8h_24h,黄石,73.0
20170124,17,CO,黄石,0.8
20170124,17,CO_24h,黄石,0.88
20170124,18,AQI,黄石,75.0
20170124,18,PM2.5,黄石,55.0
20170124,18,PM2.5_24h,黄石,57.0
20170124,18,PM10,黄石,87.0
20170124,18,PM10_24h,黄石,95.0
20170124,18,SO2,黄石,23.0
20170124,18,SO2_24h,黄石,20.0
20170124,18,NO2,黄石,39.0
20170124,18,NO2_24h,黄石,33.0
20170124,18,O3,黄石,69.0
20170124,18,O3_24h,黄石,91.0
20170124,18,O3_8h,黄石,76.0
20170124,18,O3_8h_24h,黄石,76.0
20170124,18,CO,黄石,0.9
20170124,18,CO_24h,黄石,0.9
20170124,19,AQI,黄石,83.0
20170124,19,PM2.5,黄石,61.0
20170124,19,PM2.5_24h,黄石,57.0
20170124,19,PM10,黄石,92.0
20170124,19,PM10_24h,黄石,95.0
20170124,19,SO2,黄石,22.0
20170124,19,SO2_24h,黄石,20.0
20170124,19,NO2,黄石,46.0
20170124,19,NO2_24h,黄石,34.0
20170124,19,O3,黄石,57.0
20170124,19,O3_24h,黄石,91.0
20170124,19,O3_8h,黄石,76.0
20170124,19,O3_8h_24h,黄石,77.0
20170124,19,CO,黄石,1.0
20170124,19,CO_24h,黄石,0.92
20170124,20,AQI,黄石,91.0
20170124,20,PM2.5,黄石,68.0
20170124,20,PM2.5_24h,黄石,58.0
20170124,20,PM10,黄石,100.0
20170124,20,PM10_24h,黄石,95.0
20170124,20,SO2,黄石,15.0
20170124,20,SO2_24h,黄石,20.0
20170124,20,NO2,黄石,46.0
20170124,20,NO2_24h,黄石,35.0
20170124,20,O3,黄石,53.0
20170124,20,O3_24h,黄石,91.0
20170124,20,O3_8h,黄石,74.0
20170124,20,O3_8h_24h,黄石,77.0
20170124,20,CO,黄石,0.96
20170124,20,CO_24h,黄石,0.92
20170124,21,AQI,黄石,96.0
20170124,21,PM2.5,黄石,72.0
20170124,21,PM2.5_24h,黄石,58.0
20170124,21,PM10,黄石,106.0
20170124,21,PM10_24h,黄石,95.0
20170124,21,SO2,黄石,17.0
20170124,21,SO2_24h,黄石,20.0
20170124,21,NO2,黄石,64.0
20170124,21,NO2_24h,黄石,37.0
20170124,21,O3,黄石,30.0
20170124,21,O3_24h,黄石,90.0
20170124,21,O3_8h,黄石,67.0
20170124,21,O3_8h_24h,黄石,77.0
20170124,21,CO,黄石,1.14
20170124,21,CO_24h,黄石,0.94
20170124,22,AQI,黄石,96.0
20170124,22,PM2.5,黄石,72.0
20170124,22,PM2.5_24h,黄石,59.0
20170124,22,PM10,黄石,109.0
20170124,22,PM10_24h,黄石,95.0
20170124,22,SO2,黄石,21.0
20170124,22,SO2_24h,黄石,20.0
20170124,22,NO2,黄石,75.0
20170124,22,NO2_24h,黄石,38.0
20170124,22,O3,黄石,21.0
20170124,22,O3_24h,黄石,90.0
20170124,22,O3_8h,黄石,59.0
20170124,22,O3_8h_24h,黄石,77.0
20170124,22,CO,黄石,1.24
20170124,22,CO_24h,黄石,0.96
20170124,23,AQI,黄石,101.0
20170124,23,PM2.5,黄石,76.0
20170124,23,PM2.5_24h,黄石,60.0
20170124,23,PM10,黄石,114.0
20170124,23,PM10_24h,黄石,96.0
20170124,23,SO2,黄石,23.0
20170124,23,SO2_24h,黄石,21.0
20170124,23,NO2,黄石,73.0
20170124,23,NO2_24h,黄石,39.0
20170124,23,O3,黄石,18.0
20170124,23,O3_24h,黄石,90.0
20170124,23,O3_8h,黄石,51.0
20170124,23,O3_8h_24h,黄石,77.0
20170124,23,CO,黄石,1.18
20170124,23,CO_24h,黄石,0.96
20170124,0,AQI,十堰,190.0
20170124,0,PM2.5,十堰,143.0
20170124,0,PM2.5_24h,十堰,111.0
20170124,0,PM10,十堰,173.0
20170124,0,PM10_24h,十堰,143.0
20170124,0,SO2,十堰,14.0
20170124,0,SO2_24h,十堰,18.0
20170124,0,NO2,十堰,49.0
20170124,0,NO2_24h,十堰,45.0
20170124,0,O3,十堰,29.0
20170124,0,O3_24h,十堰,85.0
20170124,0,O3_8h,十堰,49.0
20170124,0,O3_8h_24h,十堰,72.0
20170124,0,CO,十堰,1.57
20170124,0,CO_24h,十堰,1.43
20170124,1,AQI,十堰,184.0
20170124,1,PM2.5,十堰,139.0
20170124,1,PM2.5_24h,十堰,113.0
20170124,1,PM10,十堰,168.0
20170124,1,PM10_24h,十堰,145.0
20170124,1,SO2,十堰,13.0
20170124,1,SO2_24h,十堰,18.0
20170124,1,NO2,十堰,39.0
20170124,1,NO2_24h,十堰,44.0
20170124,1,O3,十堰,31.0
20170124,1,O3_24h,十堰,85.0
20170124,1,O3_8h,十堰,31.0
20170124,1,O3_8h_24h,十堰,31.0
20170124,1,CO,十堰,1.47
20170124,1,CO_24h,十堰,1.43
20170124,2,AQI,十堰,174.0
20170124,2,PM2.5,十堰,132.0
20170124,2,PM2.5_24h,十堰,115.0
20170124,2,PM10,十堰,161.0
20170124,2,PM10_24h,十堰,146.0
20170124,2,SO2,十堰,12.0
20170124,2,SO2_24h,十堰,18.0
20170124,2,NO2,十堰,36.0
20170124,2,NO2_24h,十堰,44.0
20170124,2,O3,十堰,29.0
20170124,2,O3_24h,十堰,85.0
20170124,2,O3_8h,十堰,30.0
20170124,2,O3_8h_24h,十堰,32.0
20170124,2,CO,十堰,1.4
20170124,2,CO_24h,十堰,1.43
20170124,3,AQI,十堰,170.0
20170124,3,PM2.5,十堰,129.0
20170124,3,PM2.5_24h,十堰,116.0
20170124,3,PM10,十堰,155.0
20170124,3,PM10_24h,十堰,147.0
20170124,3,SO2,十堰,12.0
20170124,3,SO2_24h,十堰,18.0
20170124,3,NO2,十堰,30.0
20170124,3,NO2_24h,十堰,44.0
20170124,3,O3,十堰,31.0
20170124,3,O3_24h,十堰,85.0
20170124,3,O3_8h,十堰,30.0
20170124,3,O3_8h_24h,十堰,32.0
20170124,3,CO,十堰,1.37
20170124,3,CO_24h,十堰,1.47
20170124,4,AQI,十堰,167.0
20170124,4,PM2.5,十堰,127.0
20170124,4,PM2.5_24h,十堰,117.0
20170124,4,PM10,十堰,153.0
20170124,4,PM10_24h,十堰,149.0
20170124,4,SO2,十堰,11.0
20170124,4,SO2_24h,十堰,18.0
20170124,4,NO2,十堰,35.0
20170124,4,NO2_24h,十堰,44.0
20170124,4,O3,十堰,20.0
20170124,4,O3_24h,十堰,85.0
20170124,4,O3_8h,十堰,27.0
20170124,4,O3_8h_24h,十堰,32.0
20170124,4,CO,十堰,1.4
20170124,4,CO_24h,十堰,1.47
20170124,5,AQI,十堰,169.0
20170124,5,PM2.5,十堰,128.0
20170124,5,PM2.5_24h,十堰,119.0
20170124,5,PM10,十堰,154.0
20170124,5,PM10_24h,十堰,150.0
20170124,5,SO2,十堰,11.0
20170124,5,SO2_24h,十堰,18.0
20170124,5,NO2,十堰,34.0
20170124,5,NO2_24h,十堰,44.0
20170124,5,O3,十堰,19.0
20170124,5,O3_24h,十堰,85.0
20170124,5,O3_8h,十堰,26.0
20170124,5,O3_8h_24h,十堰,33.0
20170124,5,CO,十堰,1.4
20170124,5,CO_24h,十堰,1.47
20170124,6,AQI,十堰,169.0
20170124,6,PM2.5,十堰,128.0
20170124,6,PM2.5_24h,十堰,121.0
20170124,6,PM10,十堰,154.0
20170124,6,PM10_24h,十堰,152.0
20170124,6,SO2,十堰,11.0
20170124,6,SO2_24h,十堰,18.0
20170124,6,NO2,十堰,35.0
20170124,6,NO2_24h,十堰,44.0
20170124,6,O3,十堰,15.0
20170124,6,O3_24h,十堰,85.0
20170124,6,O3_8h,十堰,24.0
20170124,6,O3_8h_24h,十堰,33.0
20170124,6,CO,十堰,1.43
20170124,6,CO_24h,十堰,1.47
20170124,7,AQI,十堰,171.0
20170124,7,PM2.5,十堰,130.0
20170124,7,PM2.5_24h,十堰,122.0
20170124,7,PM10,十堰,155.0
20170124,7,PM10_24h,十堰,154.0
20170124,7,SO2,十堰,12.0
20170124,7,SO2_24h,十堰,18.0
20170124,7,NO2,十堰,39.0
20170124,7,NO2_24h,十堰,44.0
20170124,7,O3,十堰,11.0
20170124,7,O3_24h,十堰,85.0
20170124,7,O3_8h,十堰,22.0
20170124,7,O3_8h_24h,十堰,33.0
20170124,7,CO,十堰,1.53
20170124,7,CO_24h,十堰,1.47
20170124,8,AQI,十堰,171.0
20170124,8,PM2.5,十堰,130.0
20170124,8,PM2.5_24h,十堰,124.0
20170124,8,PM10,十堰,159.0
20170124,8,PM10_24h,十堰,156.0
20170124,8,SO2,十堰,13.0
20170124,8,SO2_24h,十堰,18.0
20170124,8,NO2,十堰,43.0
20170124,8,NO2_24h,十堰,44.0
20170124,8,O3,十堰,8.0
20170124,8,O3_24h,十堰,85.0
20170124,8,O3_8h,十堰,21.0
20170124,8,O3_8h_24h,十堰,33.0
20170124,8,CO,十堰,1.6
20170124,8,CO_24h,十堰,1.47
20170124,9,AQI,十堰,177.0
20170124,9,PM2.5,十堰,134.0
20170124,9,PM2.5_24h,十堰,125.0
20170124,9,PM10,十堰,165.0
20170124,9,PM10_24h,十堰,157.0
20170124,9,SO2,十堰,12.0
20170124,9,SO2_24h,十堰,18.0
20170124,9,NO2,十堰,46.0
20170124,9,NO2_24h,十堰,44.0
20170124,9,O3,十堰,8.0
20170124,9,O3_24h,十堰,85.0
20170124,9,O3_8h,十堰,17.0
20170124,9,O3_8h_24h,十堰,33.0
20170124,9,CO,十堰,1.73
20170124,9,CO_24h,十堰,1.47
20170124,10,AQI,十堰,180.0
20170124,10,PM2.5,十堰,136.0
20170124,10,PM2.5_24h,十堰,127.0
20170124,10,PM10,十堰,172.0
20170124,10,PM10_24h,十堰,159.0
20170124,10,SO2,十堰,15.0
20170124,10,SO2_24h,十堰,18.0
20170124,10,NO2,十堰,52.0
20170124,10,NO2_24h,十堰,44.0
20170124,10,O3,十堰,11.0
20170124,10,O3_24h,十堰,85.0
20170124,10,O3_8h,十堰,15.0
20170124,10,O3_8h_24h,十堰,33.0
20170124,10,CO,十堰,1.87
20170124,10,CO_24h,十堰,1.47
20170124,11,AQI,十堰,193.0
20170124,11,PM2.5,十堰,145.0
20170124,11,PM2.5_24h,十堰,128.0
20170124,11,PM10,十堰,179.0
20170124,11,PM10_24h,十堰,161.0
20170124,11,SO2,十堰,16.0
20170124,11,SO2_24h,十堰,18.0
20170124,11,NO2,十堰,55.0
20170124,11,NO2_24h,十堰,44.0
20170124,11,O3,十堰,17.0
20170124,11,O3_24h,十堰,85.0
20170124,11,O3_8h,十堰,14.0
20170124,11,O3_8h_24h,十堰,33.0
20170124,11,CO,十堰,1.9
20170124,11,CO_24h,十堰,1.5
20170124,12,AQI,十堰,204.0
20170124,12,PM2.5,十堰,154.0
20170124,12,PM2.5_24h,十堰,130.0
20170124,12,PM10,十堰,184.0
20170124,12,PM10_24h,十堰,162.0
20170124,12,SO2,十堰,20.0
20170124,12,SO2_24h,十堰,18.0
20170124,12,NO2,十堰,49.0
20170124,12,NO2_24h,十堰,44.0
20170124,12,O3,十堰,32.0
20170124,12,O3_24h,十堰,85.0
20170124,12,O3_8h,十堰,15.0
20170124,12,O3_8h_24h,十堰,33.0
20170124,12,CO,十堰,1.67
20170124,12,CO_24h,十堰,1.5
20170124,13,AQI,十堰,202.0
20170124,13,PM2.5,十堰,152.0
20170124,13,PM2.5_24h,十堰,131.0
20170124,13,PM10,十堰,189.0
20170124,13,PM10_24h,十堰,164.0
20170124,13,SO2,十堰,34.0
20170124,13,SO2_24h,十堰,19.0
20170124,13,NO2,十堰,48.0
20170124,13,NO2_24h,十堰,44.0
20170124,13,O3,十堰,38.0
20170124,13,O3_24h,十堰,85.0
20170124,13,O3_8h,十堰,18.0
20170124,13,O3_8h_24h,十堰,33.0
20170124,13,CO,十堰,1.57
20170124,13,CO_24h,十堰,1.5
20170124,14,AQI,十堰,194.0
20170124,14,PM2.5,十堰,146.0
20170124,14,PM2.5_24h,十堰,132.0
20170124,14,PM10,十堰,181.0
20170124,14,PM10_24h,十堰,165.0
20170124,14,SO2,十堰,18.0
20170124,14,SO2_24h,十堰,18.0
20170124,14,NO2,十堰,40.0
20170124,14,NO2_24h,十堰,44.0
20170124,14,O3,十堰,46.0
20170124,14,O3_24h,十堰,85.0
20170124,14,O3_8h,十堰,22.0
20170124,14,O3_8h_24h,十堰,33.0
20170124,14,CO,十堰,1.5
20170124,14,CO_24h,十堰,1.53
20170124,15,AQI,十堰,177.0
20170124,15,PM2.5,十堰,134.0
20170124,15,PM2.5_24h,十堰,133.0
20170124,15,PM10,十堰,171.0
20170124,15,PM10_24h,十堰,165.0
20170124,15,SO2,十堰,19.0
20170124,15,SO2_24h,十堰,18.0
20170124,15,NO2,十堰,36.0
20170124,15,NO2_24h,十堰,44.0
20170124,15,O3,十堰,56.0
20170124,15,O3_24h,十堰,84.0
20170124,15,O3_8h,十堰,27.0
20170124,15,O3_8h_24h,十堰,35.0
20170124,15,CO,十堰,1.43
20170124,15,CO_24h,十堰,1.53
20170124,16,AQI,十堰,166.0
20170124,16,PM2.5,十堰,126.0
20170124,16,PM2.5_24h,十堰,134.0
20170124,16,PM10,十堰,158.0
20170124,16,PM10_24h,十堰,166.0
20170124,16,SO2,十堰,21.0
20170124,16,SO2_24h,十堰,18.0
20170124,16,NO2,十堰,42.0
20170124,16,NO2_24h,十堰,44.0
20170124,16,O3,十堰,55.0
20170124,16,O3_24h,十堰,79.0
20170124,16,O3_8h,十堰,33.0
20170124,16,O3_8h_24h,十堰,39.0
20170124,16,CO,十堰,1.47
20170124,16,CO_24h,十堰,1.53
20170124,17,AQI,十堰,161.0
20170124,17,PM2.5,十堰,123.0
20170124,17,PM2.5_24h,十堰,134.0
20170124,17,PM10,十堰,153.0
20170124,17,PM10_24h,十堰,166.0
20170124,17,SO2,十堰,20.0
20170124,17,SO2_24h,十堰,17.0
20170124,17,NO2,十堰,44.0
20170124,17,NO2_24h,十堰,45.0
20170124,17,O3,十堰,53.0
20170124,17,O3_24h,十堰,70.0
20170124,17,O3_8h,十堰,38.0
20170124,17,O3_8h_24h,十堰,43.0
20170124,17,CO,十堰,1.47
20170124,17,CO_24h,十堰,1.53
20170124,18,AQI,十堰,160.0
20170124,18,PM2.5,十堰,122.0
20170124,18,PM2.5_24h,十堰,135.0
20170124,18,PM10,十堰,153.0
20170124,18,PM10_24h,十堰,166.0
20170124,18,SO2,十堰,19.0
20170124,18,SO2_24h,十堰,17.0
20170124,18,NO2,十堰,48.0
20170124,18,NO2_24h,十堰,45.0
20170124,18,O3,十堰,53.0
20170124,18,O3_24h,十堰,65.0
20170124,18,O3_8h,十堰,43.0
20170124,18,O3_8h_24h,十堰,46.0
20170124,18,CO,十堰,1.5
20170124,18,CO_24h,十堰,1.53
20170124,19,AQI,十堰,164.0
20170124,19,PM2.5,十堰,125.0
20170124,19,PM2.5_24h,十堰,135.0
20170124,19,PM10,十堰,154.0
20170124,19,PM10_24h,十堰,166.0
20170124,19,SO2,十堰,18.0
20170124,19,SO2_24h,十堰,17.0
20170124,19,NO2,十堰,56.0
20170124,19,NO2_24h,十堰,45.0
20170124,19,O3,十堰,41.0
20170124,19,O3_24h,十堰,60.0
20170124,19,O3_8h,十堰,47.0
20170124,19,O3_8h_24h,十堰,49.0
20170124,19,CO,十堰,1.63
20170124,19,CO_24h,十堰,1.6
20170124,20,AQI,十堰,170.0
20170124,20,PM2.5,十堰,129.0
20170124,20,PM2.5_24h,十堰,135.0
20170124,20,PM10,十堰,156.0
20170124,20,PM10_24h,十堰,166.0
20170124,20,SO2,十堰,15.0
20170124,20,SO2_24h,十堰,17.0
20170124,20,NO2,十堰,44.0
20170124,20,NO2_24h,十堰,44.0
20170124,20,O3,十堰,43.0
20170124,20,O3_24h,十堰,60.0
20170124,20,O3_8h,十堰,48.0
20170124,20,O3_8h_24h,十堰,49.0
20170124,20,CO,十堰,1.57
20170124,20,CO_24h,十堰,1.53
20170124,21,AQI,十堰,173.0
20170124,21,PM2.5,十堰,131.0
20170124,21,PM2.5_24h,十堰,134.0
20170124,21,PM10,十堰,158.0
20170124,21,PM10_24h,十堰,166.0
20170124,21,SO2,十堰,15.0
20170124,21,SO2_24h,十堰,16.0
20170124,21,NO2,十堰,55.0
20170124,21,NO2_24h,十堰,44.0
20170124,21,O3,十堰,27.0
20170124,21,O3_24h,十堰,60.0
20170124,21,O3_8h,十堰,47.0
20170124,21,O3_8h_24h,十堰,49.0
20170124,21,CO,十堰,1.67
20170124,21,CO_24h,十堰,1.53
20170124,22,AQI,十堰,181.0
20170124,22,PM2.5,十堰,137.0
20170124,22,PM2.5_24h,十堰,134.0
20170124,22,PM10,十堰,165.0
20170124,22,PM10_24h,十堰,165.0
20170124,22,SO2,十堰,14.0
20170124,22,SO2_24h,十堰,16.0
20170124,22,NO2,十堰,48.0
20170124,22,NO2_24h,十堰,44.0
20170124,22,O3,十堰,24.0
20170124,22,O3_24h,十堰,60.0
20170124,22,O3_8h,十堰,44.0
20170124,22,O3_8h_24h,十堰,49.0
20170124,22,CO,十堰,1.63
20170124,22,CO_24h,十堰,1.53
20170124,23,AQI,十堰,184.0
20170124,23,PM2.5,十堰,139.0
20170124,23,PM2.5_24h,十堰,134.0
20170124,23,PM10,十堰,166.0
20170124,23,PM10_24h,十堰,164.0
20170124,23,SO2,十堰,13.0
20170124,23,SO2_24h,十堰,16.0
20170124,23,NO2,十堰,45.0
20170124,23,NO2_24h,十堰,44.0
20170124,23,O3,十堰,21.0
20170124,23,O3_24h,十堰,60.0
20170124,23,O3_8h,十堰,40.0
20170124,23,O3_8h_24h,十堰,49.0
20170124,23,CO,十堰,1.67
20170124,23,CO_24h,十堰,1.53
20170124,0,AQI,襄阳,298.0
20170124,0,PM2.5,襄阳,248.0
20170124,0,PM2.5_24h,襄阳,212.0
20170124,0,PM10,襄阳,262.0
20170124,0,PM10_24h,襄阳,243.0
20170124,0,SO2,襄阳,20.0
20170124,0,SO2_24h,襄阳,22.0
20170124,0,NO2,襄阳,74.0
20170124,0,NO2_24h,襄阳,68.0
20170124,0,O3,襄阳,14.0
20170124,0,O3_24h,襄阳,70.0
20170124,0,O3_8h,襄阳,24.0
20170124,0,O3_8h_24h,襄阳,47.0
20170124,0,CO,襄阳,2.05
20170124,0,CO_24h,襄阳,1.98
20170124,1,AQI,襄阳,278.0
20170124,1,PM2.5,襄阳,228.0
20170124,1,PM2.5_24h,襄阳,212.0
20170124,1,PM10,襄阳,230.0
20170124,1,PM10_24h,襄阳,242.0
20170124,1,SO2,襄阳,18.0
20170124,1,SO2_24h,襄阳,22.0
20170124,1,NO2,襄阳,62.0
20170124,1,NO2_24h,襄阳,67.0
20170124,1,O3,襄阳,19.0
20170124,1,O3_24h,襄阳,70.0
20170124,1,O3_8h,襄阳,19.0
20170124,1,O3_8h_24h,襄阳,19.0
20170124,1,CO,襄阳,1.92
20170124,1,CO_24h,襄阳,1.92
20170124,2,AQI,襄阳,271.0
20170124,2,PM2.5,襄阳,221.0
20170124,2,PM2.5_24h,襄阳,212.0
20170124,2,PM10,襄阳,229.0
20170124,2,PM10_24h,襄阳,242.0
20170124,2,SO2,襄阳,21.0
20170124,2,SO2_24h,襄阳,22.0
20170124,2,NO2,襄阳,55.0
20170124,2,NO2_24h,襄阳,66.0
20170124,2,O3,襄阳,23.0
20170124,2,O3_24h,襄阳,70.0
20170124,2,O3_8h,襄阳,20.0
20170124,2,O3_8h_24h,襄阳,20.0
20170124,2,CO,襄阳,1.9
20170124,2,CO_24h,襄阳,1.98
20170124,3,AQI,襄阳,272.0
20170124,3,PM2.5,襄阳,222.0
20170124,3,PM2.5_24h,襄阳,213.0
20170124,3,PM10,襄阳,184.0
20170124,3,PM10_24h,襄阳,242.0
20170124,3,SO2,襄阳,19.0
20170124,3,SO2_24h,襄阳,22.0
20170124,3,NO2,襄阳,50.0
20170124,3,NO2_24h,襄阳,66.0
20170124,3,O3,襄阳,22.0
20170124,3,O3_24h,襄阳,70.0
20170124,3,O3_8h,襄阳,21.0
20170124,3,O3_8h_24h,襄阳,21.0
20170124,3,CO,襄阳,1.93
20170124,3,CO_24h,襄阳,1.98
20170124,4,AQI,襄阳,276.0
20170124,4,PM2.5,襄阳,226.0
20170124,4,PM2.5_24h,襄阳,215.0
20170124,4,PM10_24h,襄阳,242.0
20170124,4,SO2,襄阳,16.0
20170124,4,SO2_24h,襄阳,22.0
20170124,4,NO2,襄阳,51.0
20170124,4,NO2_24h,襄阳,66.0
20170124,4,O3,襄阳,18.0
20170124,4,O3_24h,襄阳,70.0
20170124,4,O3_8h,襄阳,20.0
20170124,4,O3_8h_24h,襄阳,21.0
20170124,4,CO,襄阳,1.98
20170124,4,CO_24h,襄阳,1.98
20170124,5,AQI,襄阳,275.0
20170124,5,PM2.5,襄阳,225.0
20170124,5,PM2.5_24h,襄阳,215.0
20170124,5,PM10,襄阳,205.0
20170124,5,PM10_24h,襄阳,242.0
20170124,5,SO2,襄阳,17.0
20170124,5,SO2_24h,襄阳,23.0
20170124,5,NO2,襄阳,49.0
20170124,5,NO2_24h,襄阳,65.0
20170124,5,O3,襄阳,19.0
20170124,5,O3_24h,襄阳,70.0
20170124,5,O3_8h,襄阳,20.0
20170124,5,O3_8h_24h,襄阳,21.0
20170124,5,CO,襄阳,2.0
20170124,5,CO_24h,襄阳,1.98
20170124,6,AQI,襄阳,272.0
20170124,6,PM2.5,襄阳,222.0
20170124,6,PM2.5_24h,襄阳,216.0
20170124,6,PM10,襄阳,202.0
20170124,6,PM10_24h,襄阳,243.0
20170124,6,SO2,襄阳,18.0
20170124,6,SO2_24h,襄阳,23.0
20170124,6,NO2,襄阳,44.0
20170124,6,NO2_24h,襄阳,65.0
20170124,6,O3,襄阳,19.0
20170124,6,O3_24h,襄阳,70.0
20170124,6,O3_8h,襄阳,20.0
20170124,6,O3_8h_24h,襄阳,21.0
20170124,6,CO,襄阳,2.02
20170124,6,CO_24h,襄阳,1.98
20170124,7,AQI,襄阳,275.0
20170124,7,PM2.5,襄阳,225.0
20170124,7,PM2.5_24h,襄阳,218.0
20170124,7,PM10,襄阳,204.0
20170124,7,PM10_24h,襄阳,243.0
20170124,7,SO2,襄阳,16.0
20170124,7,SO2_24h,襄阳,23.0
20170124,7,NO2,襄阳,48.0
20170124,7,NO2_24h,襄阳,65.0
20170124,7,O3,襄阳,14.0
20170124,7,O3_24h,襄阳,70.0
20170124,7,O3_8h,襄阳,19.0
20170124,7,O3_8h_24h,襄阳,21.0
20170124,7,CO,襄阳,2.0
20170124,7,CO_24h,襄阳,1.98
20170124,8,AQI,襄阳,281.0
20170124,8,PM2.5,襄阳,231.0
20170124,8,PM2.5_24h,襄阳,219.0
20170124,8,PM10,襄阳,226.0
20170124,8,PM10_24h,襄阳,244.0
20170124,8,SO2,襄阳,17.0
20170124,8,SO2_24h,襄阳,23.0
20170124,8,NO2,襄阳,52.0
20170124,8,NO2_24h,襄阳,64.0
20170124,8,O3,襄阳,11.0
20170124,8,O3_24h,襄阳,70.0
20170124,8,O3_8h,襄阳,18.0
20170124,8,O3_8h_24h,襄阳,21.0
20170124,8,CO,襄阳,2.17
20170124,8,CO_24h,襄阳,1.98
20170124,9,AQI,襄阳,288.0
20170124,9,PM2.5,襄阳,238.0
20170124,9,PM2.5_24h,襄阳,220.0
20170124,9,PM10,襄阳,222.0
20170124,9,PM10_24h,襄阳,243.0
20170124,9,SO2,襄阳,19.0
20170124,9,SO2_24h,襄阳,22.0
20170124,9,NO2,襄阳,56.0
20170124,9,NO2_24h,襄阳,64.0
20170124,9,O3,襄阳,10.0
20170124,9,O3_24h,襄阳,70.0
20170124,9,O3_8h,襄阳,17.0
20170124,9,O3_8h_24h,襄阳,21.0
20170124,9,CO,襄阳,2.33
20170124,9,CO_24h,襄阳,1.98
20170124,10,AQI,襄阳,274.0
20170124,10,PM2.5,襄阳,224.0
20170124,10,PM2.5_24h,襄阳,221.0
20170124,10,PM10,襄阳,233.0
20170124,10,PM10_24h,襄阳,241.0
20170124,10,SO2,襄阳,19.0
20170124,10,SO2_24h,襄阳,23.0
20170124,10,NO2,襄阳,55.0
20170124,10,NO2_24h,襄阳,64.0
20170124,10,O3,襄阳,12.0
20170124,10,O3_24h,襄阳,70.0
20170124,10,O3_8h,襄阳,16.0
20170124,10,O3_8h_24h,襄阳,21.0
20170124,10,CO,襄阳,2.23
20170124,10,CO_24h,襄阳,1.98
20170124,11,AQI,襄阳,238.0
20170124,11,PM2.5,襄阳,188.0
20170124,11,PM2.5_24h,襄阳,219.0
20170124,11,PM10,襄阳,229.0
20170124,11,PM10_24h,襄阳,239.0
20170124,11,SO2,襄阳,16.0
20170124,11,SO2_24h,襄阳,22.0
20170124,11,NO2,襄阳,50.0
20170124,11,NO2_24h,襄阳,63.0
20170124,11,O3,襄阳,18.0
20170124,11,O3_24h,襄阳,70.0
20170124,11,O3_8h,襄阳,15.0
20170124,11,O3_8h_24h,襄阳,22.0
20170124,11,CO,襄阳,2.08
20170124,11,CO_24h,襄阳,1.98
20170124,12,AQI,襄阳,217.0
20170124,12,PM2.5,襄阳,167.0
20170124,12,PM2.5_24h,襄阳,217.0
20170124,12,PM10,襄阳,198.0
20170124,12,PM10_24h,襄阳,233.0
20170124,12,SO2,襄阳,21.0
20170124,12,SO2_24h,襄阳,22.0
20170124,12,NO2,襄阳,45.0
20170124,12,NO2_24h,襄阳,62.0
20170124,12,O3,襄阳,27.0
20170124,12,O3_24h,襄阳,70.0
20170124,12,O3_8h,襄阳,16.0
20170124,12,O3_8h_24h,襄阳,23.0
20170124,12,CO,襄阳,2.0
20170124,12,CO_24h,襄阳,1.98
20170124,13,AQI,襄阳,206.0
20170124,13,PM2.5,襄阳,156.0
20170124,13,PM2.5_24h,襄阳,215.0
20170124,13,PM10,襄阳,187.0
20170124,13,PM10_24h,襄阳,228.0
20170124,13,SO2,襄阳,19.0
20170124,13,SO2_24h,襄阳,21.0
20170124,13,NO2,襄阳,40.0
20170124,13,NO2_24h,襄阳,61.0
20170124,13,O3,襄阳,36.0
20170124,13,O3_24h,襄阳,70.0
20170124,13,O3_8h,襄阳,19.0
20170124,13,O3_8h_24h,襄阳,25.0
20170124,13,CO,襄阳,1.9
20170124,13,CO_24h,襄阳,1.98
20170124,14,AQI,襄阳,213.0
20170124,14,PM2.5,襄阳,163.0
20170124,14,PM2.5_24h,襄阳,214.0
20170124,14,PM10,襄阳,180.0
20170124,14,PM10_24h,襄阳,224.0
20170124,14,SO2,襄阳,17.0
20170124,14,SO2_24h,襄阳,20.0
20170124,14,NO2,襄阳,37.0
20170124,14,NO2_24h,襄阳,60.0
20170124,14,O3,襄阳,42.0
20170124,14,O3_24h,襄阳,70.0
20170124,14,O3_8h,襄阳,21.0
20170124,14,O3_8h_24h,襄阳,27.0
20170124,14,CO,襄阳,1.93
20170124,14,CO_24h,襄阳,1.98
20170124,15,AQI,襄阳,227.0
20170124,15,PM2.5,襄阳,177.0
20170124,15,PM2.5_24h,襄阳,214.0
20170124,15,PM10,襄阳,206.0
20170124,15,PM10_24h,襄阳,222.0
20170124,15,SO2,襄阳,16.0
20170124,15,SO2_24h,襄阳,20.0
20170124,15,NO2,襄阳,39.0
20170124,15,NO2_24h,襄阳,59.0
20170124,15,O3,襄阳,43.0
20170124,15,O3_24h,襄阳,65.0
20170124,15,O3_8h,襄阳,25.0
20170124,15,O3_8h_24h,襄阳,30.0
20170124,15,CO,襄阳,1.95
20170124,15,CO_24h,襄阳,2.0
20170124,16,AQI,襄阳,236.0
20170124,16,PM2.5,襄阳,186.0
20170124,16,PM2.5_24h,襄阳,214.0
20170124,16,PM10,襄阳,215.0
20170124,16,PM10_24h,襄阳,220.0
20170124,16,SO2,襄阳,16.0
20170124,16,SO2_24h,襄阳,19.0
20170124,16,NO2,襄阳,43.0
20170124,16,NO2_24h,襄阳,58.0
20170124,16,O3,襄阳,40.0
20170124,16,O3_24h,襄阳,60.0
20170124,16,O3_8h,襄阳,29.0
20170124,16,O3_8h_24h,襄阳,33.0
20170124,16,CO,襄阳,1.98
20170124,16,CO_24h,襄阳,2.0
20170124,17,AQI,襄阳,239.0
20170124,17,PM2.5,襄阳,189.0
20170124,17,PM2.5_24h,襄阳,213.0
20170124,17,PM10,襄阳,226.0
20170124,17,PM10_24h,襄阳,220.0
20170124,17,SO2,襄阳,17.0
20170124,17,SO2_24h,襄阳,19.0
20170124,17,NO2,襄阳,47.0
20170124,17,NO2_24h,襄阳,58.0
20170124,17,O3,襄阳,36.0
20170124,17,O3_24h,襄阳,47.0
20170124,17,O3_8h,襄阳,32.0
20170124,17,O3_8h_24h,襄阳,35.0
20170124,17,CO,襄阳,2.02
20170124,17,CO_24h,襄阳,2.02
20170124,18,AQI,襄阳,239.0
20170124,18,PM2.5,襄阳,189.0
20170124,18,PM2.5_24h,襄阳,213.0
20170124,18,PM10,襄阳,214.0
20170124,18,PM10_24h,襄阳,218.0
20170124,18,SO2,襄阳,17.0
20170124,18,SO2_24h,襄阳,19.0
20170124,18,NO2,襄阳,49.0
20170124,18,NO2_24h,襄阳,57.0
20170124,18,O3,襄阳,34.0
20170124,18,O3_24h,襄阳,47.0
20170124,18,O3_8h,襄阳,35.0
20170124,18,O3_8h_24h,襄阳,37.0
20170124,18,CO,襄阳,2.0
20170124,18,CO_24h,襄阳,2.05
20170124,19,AQI,襄阳,233.0
20170124,19,PM2.5,襄阳,183.0
20170124,19,PM2.5_24h,襄阳,211.0
20170124,19,PM10,襄阳,208.0
20170124,19,PM10_24h,襄阳,217.0
20170124,19,SO2,襄阳,19.0
20170124,19,SO2_24h,襄阳,19.0
20170124,19,NO2,襄阳,48.0
20170124,19,NO2_24h,襄阳,56.0
20170124,19,O3,襄阳,33.0
20170124,19,O3_24h,襄阳,47.0
20170124,19,O3_8h,襄阳,36.0
20170124,19,O3_8h_24h,襄阳,38.0
20170124,19,CO,襄阳,1.93
20170124,19,CO_24h,襄阳,2.05
20170124,20,AQI,襄阳,216.0
20170124,20,PM2.5,襄阳,166.0
20170124,20,PM2.5_24h,襄阳,209.0
20170124,20,PM10,襄阳,190.0
20170124,20,PM10_24h,襄阳,213.0
20170124,20,SO2,襄阳,19.0
20170124,20,SO2_24h,襄阳,18.0
20170124,20,NO2,襄阳,44.0
20170124,20,NO2_24h,襄阳,54.0
20170124,20,O3,襄阳,33.0
20170124,20,O3_24h,襄阳,47.0
20170124,20,O3_8h,襄阳,37.0
20170124,20,O3_8h_24h,襄阳,39.0
20170124,20,CO,襄阳,1.9
20170124,20,CO_24h,襄阳,2.05
20170124,21,AQI,襄阳,218.0
20170124,21,PM2.5,襄阳,168.0
20170124,21,PM2.5_24h,襄阳,206.0
20170124,21,PM10,襄阳,185.0
20170124,21,PM10_24h,襄阳,208.0
20170124,21,SO2,襄阳,19.0
20170124,21,SO2_24h,襄阳,19.0
20170124,21,NO2,襄阳,39.0
20170124,21,NO2_24h,襄阳,52.0
20170124,21,O3,襄阳,34.0
20170124,21,O3_24h,襄阳,45.0
20170124,21,O3_8h,襄阳,37.0
20170124,21,O3_8h_24h,襄阳,39.0
20170124,21,CO,襄阳,1.93
20170124,21,CO_24h,襄阳,2.02
20170124,22,AQI,襄阳,234.0
20170124,22,PM2.5,襄阳,184.0
20170124,22,PM2.5_24h,襄阳,203.0
20170124,22,PM10,襄阳,192.0
20170124,22,PM10_24h,襄阳,205.0
20170124,22,SO2,襄阳,18.0
20170124,22,SO2_24h,襄阳,18.0
20170124,22,NO2,襄阳,42.0
20170124,22,NO2_24h,襄阳,50.0
20170124,22,O3,襄阳,29.0
20170124,22,O3_24h,襄阳,45.0
20170124,22,O3_8h,襄阳,35.0
20170124,22,O3_8h_24h,襄阳,39.0
20170124,22,CO,襄阳,2.02
20170124,22,CO_24h,襄阳,2.02
20170124,23,AQI,襄阳,243.0
20170124,23,PM2.5,襄阳,193.0
20170124,23,PM2.5_24h,襄阳,201.0
20170124,23,PM10_24h,襄阳,204.0
20170124,23,SO2,襄阳,19.0
20170124,23,SO2_24h,襄阳,18.0
20170124,23,NO2,襄阳,44.0
20170124,23,NO2_24h,襄阳,48.0
20170124,23,O3,襄阳,25.0
20170124,23,O3_24h,襄阳,45.0
20170124,23,O3_8h,襄阳,33.0
20170124,23,O3_8h_24h,襄阳,39.0
20170124,23,CO,襄阳,2.1
20170124,23,CO_24h,襄阳,2.02
20170124,0,AQI,鄂州,95.0
20170124,0,PM2.5,鄂州,71.0
20170124,0,PM2.5_24h,鄂州,83.0
20170124,0,PM10,鄂州,120.0
20170124,0,PM10_24h,鄂州,136.0
20170124,0,SO2,鄂州,57.0
20170124,0,SO2_24h,鄂州,38.0
20170124,0,NO2,鄂州,50.0
20170124,0,NO2_24h,鄂州,52.0
20170124,0,O3,鄂州,56.0
20170124,0,O3_24h,鄂州,87.0
20170124,0,O3_8h,鄂州,63.0
20170124,0,O3_8h_24h,鄂州,74.0
20170124,0,CO,鄂州,2.1
20170124,0,CO_24h,鄂州,1.37
20170124,1,AQI,鄂州,89.0
20170124,1,PM2.5,鄂州,66.0
20170124,1,PM2.5_24h,鄂州,81.0
20170124,1,PM10,鄂州,111.0
20170124,1,PM10_24h,鄂州,134.0
20170124,1,SO2,鄂州,60.0
20170124,1,SO2_24h,鄂州,39.0
20170124,1,NO2,鄂州,64.0
20170124,1,NO2_24h,鄂州,52.0
20170124,1,O3,鄂州,35.0
20170124,1,O3_24h,鄂州,87.0
20170124,1,O3_8h,鄂州,35.0
20170124,1,O3_8h_24h,鄂州,35.0
20170124,1,CO,鄂州,2.4
20170124,1,CO_24h,鄂州,1.4
20170124,2,AQI,鄂州,89.0
20170124,2,PM2.5,鄂州,66.0
20170124,2,PM2.5_24h,鄂州,80.0
20170124,2,PM10,鄂州,112.0
20170124,2,PM10_24h,鄂州,132.0
20170124,2,SO2,鄂州,42.0
20170124,2,SO2_24h,鄂州,40.0
20170124,2,NO2,鄂州,62.0
20170124,2,NO2_24h,鄂州,52.0
20170124,2,O3,鄂州,33.0
20170124,2,O3_24h,鄂州,87.0
20170124,2,O3_8h,鄂州,34.0
20170124,2,O3_8h_24h,鄂州,35.0
20170124,2,CO,鄂州,1.9
20170124,2,CO_24h,鄂州,1.43
20170124,3,AQI,鄂州,91.0
20170124,3,PM2.5,鄂州,68.0
20170124,3,PM2.5_24h,鄂州,78.0
20170124,3,PM10,鄂州,116.0
20170124,3,PM10_24h,鄂州,130.0
20170124,3,SO2,鄂州,37.0
20170124,3,SO2_24h,鄂州,40.0
20170124,3,NO2,鄂州,64.0
20170124,3,NO2_24h,鄂州,53.0
20170124,3,O3,鄂州,25.0
20170124,3,O3_24h,鄂州,87.0
20170124,3,O3_8h,鄂州,31.0
20170124,3,O3_8h_24h,鄂州,35.0
20170124,3,CO,鄂州,2.2
20170124,3,CO_24h,鄂州,1.53
20170124,4,AQI,鄂州,96.0
20170124,4,PM2.5,鄂州,72.0
20170124,4,PM2.5_24h,鄂州,78.0
20170124,4,PM10,鄂州,124.0
20170124,4,PM10_24h,鄂州,129.0
20170124,4,SO2,鄂州,37.0
20170124,4,SO2_24h,鄂州,41.0
20170124,4,NO2,鄂州,72.0
20170124,4,NO2_24h,鄂州,53.0
20170124,4,O3,鄂州,18.0
20170124,4,O3_24h,鄂州,87.0
20170124,4,O3_8h,鄂州,28.0
20170124,4,O3_8h_24h,鄂州,35.0
20170124,4,CO,鄂州,2.27
20170124,4,CO_24h,鄂州,1.57
20170124,5,AQI,鄂州,99.0
20170124,5,PM2.5,鄂州,74.0
20170124,5,PM2.5_24h,鄂州,77.0
20170124,5,PM10,鄂州,125.0
20170124,5,PM10_24h,鄂州,128.0
20170124,5,SO2,鄂州,33.0
20170124,5,SO2_24h,鄂州,42.0
20170124,5,NO2,鄂州,69.0
20170124,5,NO2_24h,鄂州,54.0
20170124,5,O3,鄂州,18.0
20170124,5,O3_24h,鄂州,87.0
20170124,5,O3_8h,鄂州,26.0
20170124,5,O3_8h_24h,鄂州,35.0
20170124,5,CO,鄂州,1.77
20170124,5,CO_24h,鄂州,1.6
20170124,6,AQI,鄂州,104.0
20170124,6,PM2.5,鄂州,78.0
20170124,6,PM2.5_24h,鄂州,76.0
20170124,6,PM10,鄂州,128.0
20170124,6,PM10_24h,鄂州,127.0
20170124,6,SO2,鄂州,30.0
20170124,6,SO2_24h,鄂州,42.0
20170124,6,NO2,鄂州,64.0
20170124,6,NO2_24h,鄂州,54.0
20170124,6,O3,鄂州,18.0
20170124,6,O3_24h,鄂州,87.0
20170124,6,O3_8h,鄂州,24.0
20170124,6,O3_8h_24h,鄂州,35.0
20170124,6,CO,鄂州,1.33
20170124,6,CO_24h,鄂州,1.57
20170124,7,AQI,鄂州,101.0
20170124,7,PM2.5,鄂州,76.0
20170124,7,PM2.5_24h,鄂州,75.0
20170124,7,PM10,鄂州,129.0
20170124,7,PM10_24h,鄂州,127.0
20170124,7,SO2,鄂州,29.0
20170124,7,SO2_24h,鄂州,42.0
20170124,7,NO2,鄂州,61.0
20170124,7,NO2_24h,鄂州,55.0
20170124,7,O3,鄂州,19.0
20170124,7,O3_24h,鄂州,87.0
20170124,7,O3_8h,鄂州,24.0
20170124,7,O3_8h_24h,鄂州,35.0
20170124,7,CO,鄂州,1.17
20170124,7,CO_24h,鄂州,1.57
20170124,8,AQI,鄂州,104.0
20170124,8,PM2.5,鄂州,78.0
20170124,8,PM2.5_24h,鄂州,75.0
20170124,8,PM10,鄂州,128.0
20170124,8,PM10_24h,鄂州,126.0
20170124,8,SO2,鄂州,30.0
20170124,8,SO2_24h,鄂州,42.0
20170124,8,NO2,鄂州,58.0
20170124,8,NO2_24h,鄂州,55.0
20170124,8,O3,鄂州,20.0
20170124,8,O3_24h,鄂州,87.0
20170124,8,O3_8h,鄂州,23.0
20170124,8,O3_8h_24h,鄂州,35.0
20170124,8,CO,鄂州,1.53
20170124,8,CO_24h,鄂州,1.57
20170124,9,AQI,鄂州,103.0
20170124,9,PM2.5,鄂州,77.0
20170124,9,PM2.5_24h,鄂州,74.0
20170124,9,PM10,鄂州,127.0
20170124,9,PM10_24h,鄂州,125.0
20170124,9,SO2,鄂州,38.0
20170124,9,SO2_24h,鄂州,42.0
20170124,9,NO2,鄂州,56.0
20170124,9,NO2_24h,鄂州,55.0
20170124,9,O3,鄂州,25.0
20170124,9,O3_24h,鄂州,87.0
20170124,9,O3_8h,鄂州,22.0
20170124,9,O3_8h_24h,鄂州,35.0
20170124,9,CO,鄂州,1.87
20170124,9,CO_24h,鄂州,1.6
20170124,10,AQI,鄂州,105.0
20170124,10,PM2.5,鄂州,79.0
20170124,10,PM2.5_24h,鄂州,74.0
20170124,10,PM10,鄂州,124.0
20170124,10,PM10_24h,鄂州,124.0
20170124,10,SO2,鄂州,53.0
20170124,10,SO2_24h,鄂州,43.0
20170124,10,NO2,鄂州,51.0
20170124,10,NO2_24h,鄂州,54.0
20170124,10,O3,鄂州,37.0
20170124,10,O3_24h,鄂州,87.0
20170124,10,O3_8h,鄂州,22.0
20170124,10,O3_8h_24h,鄂州,35.0
20170124,10,CO,鄂州,1.7
20170124,10,CO_24h,鄂州,1.63
20170124,11,AQI,鄂州,104.0
20170124,11,PM2.5,鄂州,78.0
20170124,11,PM2.5_24h,鄂州,73.0
20170124,11,PM10,鄂州,121.0
20170124,11,PM10_24h,鄂州,123.0
20170124,11,SO2,鄂州,38.0
20170124,11,SO2_24h,鄂州,42.0
20170124,11,NO2,鄂州,43.0
20170124,11,NO2_24h,鄂州,54.0
20170124,11,O3,鄂州,49.0
20170124,11,O3_24h,鄂州,87.0
20170124,11,O3_8h,鄂州,25.0
20170124,11,O3_8h_24h,鄂州,35.0
20170124,11,CO,鄂州,1.0
20170124,11,CO_24h,鄂州,1.6
20170124,12,AQI,鄂州,100.0
20170124,12,PM2.5,鄂州,75.0
20170124,12,PM2.5_24h,鄂州,73.0
20170124,12,PM10,鄂州,122.0
20170124,12,PM10_24h,鄂州,122.0
20170124,12,SO2,鄂州,34.0
20170124,12,SO2_24h,鄂州,41.0
20170124,12,NO2,鄂州,39.0
20170124,12,NO2_24h,鄂州,54.0
20170124,12,O3,鄂州,61.0
20170124,12,O3_24h,鄂州,87.0
20170124,12,O3_8h,鄂州,31.0
20170124,12,O3_8h_24h,鄂州,35.0
20170124,12,CO,鄂州,1.2
20170124,12,CO_24h,鄂州,1.63
20170124,13,AQI,鄂州,96.0
20170124,13,PM2.5,鄂州,72.0
20170124,13,PM2.5_24h,鄂州,72.0
20170124,13,PM10,鄂州,121.0
20170124,13,PM10_24h,鄂州,121.0
20170124,13,SO2,鄂州,50.0
20170124,13,SO2_24h,鄂州,42.0
20170124,13,NO2,鄂州,43.0
20170124,13,NO2_24h,鄂州,54.0
20170124,13,O3,鄂州,69.0
20170124,13,O3_24h,鄂州,87.0
20170124,13,O3_8h,鄂州,37.0
20170124,13,O3_8h_24h,鄂州,38.0
20170124,13,CO,鄂州,1.77
20170124,13,CO_24h,鄂州,1.63
20170124,14,AQI,鄂州,90.0
20170124,14,PM2.5,鄂州,67.0
20170124,14,PM2.5_24h,鄂州,72.0
20170124,14,PM10,鄂州,116.0
20170124,14,PM10_24h,鄂州,120.0
20170124,14,SO2,鄂州,44.0
20170124,14,SO2_24h,鄂州,42.0
20170124,14,NO2,鄂州,36.0
20170124,14,NO2_24h,鄂州,54.0
20170124,14,O3,鄂州,77.0
20170124,14,O3_24h,鄂州,81.0
20170124,14,O3_8h,鄂州,45.0
20170124,14,O3_8h_24h,鄂州,45.0
20170124,14,CO,鄂州,1.3
20170124,14,CO_24h,鄂州,1.67
20170124,15,AQI,鄂州,81.0
20170124,15,PM2.5,鄂州,60.0
20170124,15,PM2.5_24h,鄂州,72.0
20170124,15,PM10,鄂州,105.0
20170124,15,PM10_24h,鄂州,120.0
20170124,15,SO2,鄂州,32.0
20170124,15,SO2_24h,鄂州,42.0
20170124,15,NO2,鄂州,36.0
20170124,15,NO2_24h,鄂州,54.0
20170124,15,O3,鄂州,79.0
20170124,15,O3_24h,鄂州,80.0
20170124,15,O3_8h,鄂州,52.0
20170124,15,O3_8h_24h,鄂州,52.0
20170124,15,CO,鄂州,0.93
20170124,15,CO_24h,鄂州,1.63
20170124,16,AQI,鄂州,76.0
20170124,16,PM2.5,鄂州,56.0
20170124,16,PM2.5_24h,鄂州,72.0
20170124,16,PM10,鄂州,92.0
20170124,16,PM10_24h,鄂州,120.0
20170124,16,SO2,鄂州,23.0
20170124,16,SO2_24h,鄂州,41.0
20170124,16,NO2,鄂州,36.0
20170124,16,NO2_24h,鄂州,53.0
20170124,16,O3,鄂州,77.0
20170124,16,O3_24h,鄂州,80.0
20170124,16,O3_8h,鄂州,59.0
20170124,16,O3_8h_24h,鄂州,59.0
20170124,16,CO,鄂州,0.87
20170124,16,CO_24h,鄂州,1.63
20170124,17,AQI,鄂州,73.0
20170124,17,PM2.5,鄂州,53.0
20170124,17,PM2.5_24h,鄂州,72.0
20170124,17,PM10,鄂州,84.0
20170124,17,PM10_24h,鄂州,119.0
20170124,17,SO2,鄂州,26.0
20170124,17,SO2_24h,鄂州,40.0
20170124,17,NO2,鄂州,50.0
20170124,17,NO2_24h,鄂州,53.0
20170124,17,O3,鄂州,68.0
20170124,17,O3_24h,鄂州,80.0
20170124,17,O3_8h,鄂州,65.0
20170124,17,O3_8h_24h,鄂州,65.0
20170124,17,CO,鄂州,0.93
20170124,17,CO_24h,鄂州,1.6
20170124,18,AQI,鄂州,80.0
20170124,18,PM2.5,鄂州,59.0
20170124,18,PM2.5_24h,鄂州,71.0
20170124,18,PM10,鄂州,85.0
20170124,18,PM10_24h,鄂州,118.0
20170124,18,SO2,鄂州,24.0
20170124,18,SO2_24h,鄂州,39.0
20170124,18,NO2,鄂州,60.0
20170124,18,NO2_24h,鄂州,54.0
20170124,18,O3,鄂州,57.0
20170124,18,O3_24h,鄂州,80.0
20170124,18,O3_8h,鄂州,67.0
20170124,18,O3_8h_24h,鄂州,67.0
20170124,18,CO,鄂州,1.03
20170124,18,CO_24h,鄂州,1.57
20170124,19,AQI,鄂州,86.0
20170124,19,PM2.5,鄂州,64.0
20170124,19,PM2.5_24h,鄂州,71.0
20170124,19,PM10,鄂州,93.0
20170124,19,PM10_24h,鄂州,117.0
20170124,19,SO2,鄂州,22.0
20170124,19,SO2_24h,鄂州,38.0
20170124,19,NO2,鄂州,73.0
20170124,19,NO2_24h,鄂州,54.0
20170124,19,O3,鄂州,41.0
20170124,19,O3_24h,鄂州,80.0
20170124,19,O3_8h,鄂州,66.0
20170124,19,O3_8h_24h,鄂州,67.0
20170124,19,CO,鄂州,1.17
20170124,19,CO_24h,鄂州,1.53
20170124,20,AQI,鄂州,99.0
20170124,20,PM2.5,鄂州,74.0
20170124,20,PM2.5_24h,鄂州,71.0
20170124,20,PM10,鄂州,109.0
20170124,20,PM10_24h,鄂州,116.0
20170124,20,SO2,鄂州,23.0
20170124,20,SO2_24h,鄂州,37.0
20170124,20,NO2,鄂州,78.0
20170124,20,NO2_24h,鄂州,55.0
20170124,20,O3,鄂州,40.0
20170124,20,O3_24h,鄂州,80.0
20170124,20,O3_8h,鄂州,64.0
20170124,20,O3_8h_24h,鄂州,67.0
20170124,20,CO,鄂州,1.27
20170124,20,CO_24h,鄂州,1.53
20170124,21,AQI,鄂州,109.0
20170124,21,PM2.5,鄂州,82.0
20170124,21,PM2.5_24h,鄂州,71.0
20170124,21,PM10,鄂州,118.0
20170124,21,PM10_24h,鄂州,115.0
20170124,21,SO2,鄂州,25.0
20170124,21,SO2_24h,鄂州,37.0
20170124,21,NO2,鄂州,84.0
20170124,21,NO2_24h,鄂州,57.0
20170124,21,O3,鄂州,25.0
20170124,21,O3_24h,鄂州,80.0
20170124,21,O3_8h,鄂州,58.0
20170124,21,O3_8h_24h,鄂州,67.0
20170124,21,CO,鄂州,1.4
20170124,21,CO_24h,鄂州,1.53
20170124,22,AQI,鄂州,118.0
20170124,22,PM2.5,鄂州,89.0
20170124,22,PM2.5_24h,鄂州,71.0
20170124,22,PM10,鄂州,128.0
20170124,22,PM10_24h,鄂州,115.0
20170124,22,SO2,鄂州,18.0
20170124,22,SO2_24h,鄂州,36.0
20170124,22,NO2,鄂州,60.0
20170124,22,NO2_24h,鄂州,57.0
20170124,22,O3,鄂州,31.0
20170124,22,O3_24h,鄂州,80.0
20170124,22,O3_8h,鄂州,52.0
20170124,22,O3_8h_24h,鄂州,67.0
20170124,22,CO,鄂州,1.2
20170124,22,CO_24h,鄂州,1.5
20170124,23,AQI,鄂州,121.0
20170124,23,PM2.5,鄂州,92.0
20170124,23,PM2.5_24h,鄂州,72.0
20170124,23,PM10,鄂州,132.0
20170124,23,PM10_24h,鄂州,115.0
20170124,23,SO2,鄂州,16.0
20170124,23,SO2_24h,鄂州,34.0
20170124,23,NO2,鄂州,42.0
20170124,23,NO2_24h,鄂州,56.0
20170124,23,O3,鄂州,36.0
20170124,23,O3_24h,鄂州,80.0
20170124,23,O3_8h,鄂州,47.0
20170124,23,O3_8h_24h,鄂州,67.0
20170124,23,CO,鄂州,1.1
20170124,23,CO_24h,鄂州,1.47
20170124,0,AQI,荆门,139.0
20170124,0,PM2.5,荆门,106.0
20170124,0,PM2.5_24h,荆门,124.0
20170124,0,PM10,荆门,139.0
20170124,0,PM10_24h,荆门,143.0
20170124,0,SO2,荆门,35.0
20170124,0,SO2_24h,荆门,42.0
20170124,0,NO2,荆门,84.0
20170124,0,NO2_24h,荆门,68.0
20170124,0,O3,荆门,29.0
20170124,0,O3_24h,荆门,119.0
20170124,0,O3_8h,荆门,56.0
20170124,0,O3_8h_24h,荆门,99.0
20170124,0,CO,荆门,2.1
20170124,0,CO_24h,荆门,1.53
20170124,1,AQI,荆门,121.0
20170124,1,PM2.5,荆门,92.0
20170124,1,PM2.5_24h,荆门,123.0
20170124,1,PM10,荆门,114.0
20170124,1,PM10_24h,荆门,143.0
20170124,1,SO2,荆门,31.0
20170124,1,SO2_24h,荆门,42.0
20170124,1,NO2,荆门,70.0
20170124,1,NO2_24h,荆门,67.0
20170124,1,O3,荆门,36.0
20170124,1,O3_24h,荆门,119.0
20170124,1,O3_8h,荆门,36.0
20170124,1,O3_8h_24h,荆门,36.0
20170124,1,CO,荆门,1.57
20170124,1,CO_24h,荆门,1.53
20170124,2,AQI,荆门,125.0
20170124,2,PM2.5,荆门,95.0
20170124,2,PM2.5_24h,荆门,123.0
20170124,2,PM10,荆门,108.0
20170124,2,PM10_24h,荆门,141.0
20170124,2,SO2,荆门,27.0
20170124,2,SO2_24h,荆门,42.0
20170124,2,NO2,荆门,62.0
20170124,2,NO2_24h,荆门,67.0
20170124,2,O3,荆门,39.0
20170124,2,O3_24h,荆门,119.0
20170124,2,O3_8h,荆门,38.0
20170124,2,O3_8h_24h,荆门,38.0
20170124,2,CO,荆门,1.47
20170124,2,CO_24h,荆门,1.5
20170124,3,AQI,荆门,134.0
20170124,3,PM2.5,荆门,102.0
20170124,3,PM2.5_24h,荆门,122.0
20170124,3,PM10,荆门,101.0
20170124,3,PM10_24h,荆门,140.0
20170124,3,SO2,荆门,25.0
20170124,3,SO2_24h,荆门,42.0
20170124,3,NO2,荆门,60.0
20170124,3,NO2_24h,荆门,68.0
20170124,3,O3,荆门,36.0
20170124,3,O3_24h,荆门,119.0
20170124,3,O3_8h,荆门,37.0
20170124,3,O3_8h_24h,荆门,38.0
20170124,3,CO,荆门,1.67
20170124,3,CO_24h,荆门,1.53
20170124,4,AQI,荆门,125.0
20170124,4,PM2.5,荆门,95.0
20170124,4,PM2.5_24h,荆门,121.0
20170124,4,PM10,荆门,99.0
20170124,4,PM10_24h,荆门,139.0
20170124,4,SO2,荆门,25.0
20170124,4,SO2_24h,荆门,40.0
20170124,4,NO2,荆门,60.0
20170124,4,NO2_24h,荆门,68.0
20170124,4,O3,荆门,29.0
20170124,4,O3_24h,荆门,119.0
20170124,4,O3_8h,荆门,35.0
20170124,4,O3_8h_24h,荆门,38.0
20170124,4,CO,荆门,1.53
20170124,4,CO_24h,荆门,1.57
20170124,5,AQI,荆门,144.0
20170124,5,PM2.5,荆门,110.0
20170124,5,PM2.5_24h,荆门,120.0
20170124,5,PM10,荆门,99.0
20170124,5,PM10_24h,荆门,138.0
20170124,5,SO2,荆门,26.0
20170124,5,SO2_24h,荆门,40.0
20170124,5,NO2,荆门,51.0
20170124,5,NO2_24h,荆门,68.0
20170124,5,O3,荆门,33.0
20170124,5,O3_24h,荆门,119.0
20170124,5,O3_8h,荆门,35.0
20170124,5,O3_8h_24h,荆门,39.0
20170124,5,CO,荆门,1.37
20170124,5,CO_24h,荆门,1.57
20170124,6,AQI,荆门,169.0
20170124,6,PM2.5,荆门,128.0
20170124,6,PM2.5_24h,荆门,118.0
20170124,6,PM10,荆门,107.0
20170124,6,PM10_24h,荆门,137.0
20170124,6,SO2,荆门,32.0
20170124,6,SO2_24h,荆门,39.0
20170124,6,NO2,荆门,47.0
20170124,6,NO2_24h,荆门,68.0
20170124,6,O3,荆门,39.0
20170124,6,O3_24h,荆门,119.0
20170124,6,O3_8h,荆门,35.0
20170124,6,O3_8h_24h,荆门,41.0
20170124,6,CO,荆门,1.47
20170124,6,CO_24h,荆门,1.53
20170124,7,AQI,荆门,193.0
20170124,7,PM2.5,荆门,145.0
20170124,7,PM2.5_24h,荆门,117.0
20170124,7,PM10,荆门,124.0
20170124,7,PM10_24h,荆门,136.0
20170124,7,SO2,荆门,29.0
20170124,7,SO2_24h,荆门,39.0
20170124,7,NO2,荆门,52.0
20170124,7,NO2_24h,荆门,67.0
20170124,7,O3,荆门,39.0
20170124,7,O3_24h,荆门,119.0
20170124,7,O3_8h,荆门,36.0
20170124,7,O3_8h_24h,荆门,42.0
20170124,7,CO,荆门,1.53
20170124,7,CO_24h,荆门,1.53
20170124,8,AQI,荆门,209.0
20170124,8,PM2.5,荆门,159.0
20170124,8,PM2.5_24h,荆门,116.0
20170124,8,PM10,荆门,148.0
20170124,8,PM10_24h,荆门,135.0
20170124,8,SO2,荆门,25.0
20170124,8,SO2_24h,荆门,38.0
20170124,8,NO2,荆门,63.0
20170124,8,NO2_24h,荆门,67.0
20170124,8,O3,荆门,30.0
20170124,8,O3_24h,荆门,119.0
20170124,8,O3_8h,荆门,35.0
20170124,8,O3_8h_24h,荆门,43.0
20170124,8,CO,荆门,1.5
20170124,8,CO_24h,荆门,1.53
20170124,9,AQI,荆门,205.0
20170124,9,PM2.5,荆门,155.0
20170124,9,PM2.5_24h,荆门,114.0
20170124,9,PM10,荆门,154.0
20170124,9,PM10_24h,荆门,134.0
20170124,9,SO2,荆门,25.0
20170124,9,SO2_24h,荆门,36.0
20170124,9,NO2,荆门,58.0
20170124,9,NO2_24h,荆门,66.0
20170124,9,O3,荆门,35.0
20170124,9,O3_24h,荆门,119.0
20170124,9,O3_8h,荆门,35.0
20170124,9,O3_8h_24h,荆门,44.0
20170124,9,CO,荆门,1.5
20170124,9,CO_24h,荆门,1.53
20170124,10,AQI,荆门,211.0
20170124,10,PM2.5,荆门,161.0
20170124,10,PM2.5_24h,荆门,113.0
20170124,10,PM10,荆门,156.0
20170124,10,PM10_24h,荆门,131.0
20170124,10,SO2,荆门,25.0
20170124,10,SO2_24h,荆门,35.0
20170124,10,NO2,荆门,54.0
20170124,10,NO2_24h,荆门,65.0
20170124,10,O3,荆门,39.0
20170124,10,O3_24h,荆门,119.0
20170124,10,O3_8h,荆门,35.0
20170124,10,O3_8h_24h,荆门,45.0
20170124,10,CO,荆门,1.43
20170124,10,CO_24h,荆门,1.53
20170124,11,AQI,荆门,229.0
20170124,11,PM2.5,荆门,179.0
20170124,11,PM2.5_24h,荆门,114.0
20170124,11,PM10,荆门,181.0
20170124,11,PM10_24h,荆门,130.0
20170124,11,SO2,荆门,26.0
20170124,11,SO2_24h,荆门,34.0
20170124,11,NO2,荆门,50.0
20170124,11,NO2_24h,荆门,65.0
20170124,11,O3,荆门,47.0
20170124,11,O3_24h,荆门,119.0
20170124,11,O3_8h,荆门,36.0
20170124,11,O3_8h_24h,荆门,46.0
20170124,11,CO,荆门,1.43
20170124,11,CO_24h,荆门,1.53
20170124,12,AQI,荆门,233.0
20170124,12,PM2.5,荆门,183.0
20170124,12,PM2.5_24h,荆门,117.0
20170124,12,PM10,荆门,185.0
20170124,12,PM10_24h,荆门,130.0
20170124,12,SO2,荆门,29.0
20170124,12,SO2_24h,荆门,33.0
20170124,12,NO2,荆门,51.0
20170124,12,NO2_24h,荆门,64.0
20170124,12,O3,荆门,52.0
20170124,12,O3_24h,荆门,119.0
20170124,12,O3_8h,荆门,39.0
20170124,12,O3_8h_24h,荆门,48.0
20170124,12,CO,荆门,1.47
20170124,12,CO_24h,荆门,1.53
20170124,13,AQI,荆门,235.0
20170124,13,PM2.5,荆门,185.0
20170124,13,PM2.5_24h,荆门,121.0
20170124,13,PM10,荆门,185.0
20170124,13,PM10_24h,荆门,133.0
20170124,13,SO2,荆门,29.0
20170124,13,SO2_24h,荆门,32.0
20170124,13,NO2,荆门,50.0
20170124,13,NO2_24h,荆门,64.0
20170124,13,O3,荆门,55.0
20170124,13,O3_24h,荆门,119.0
20170124,13,O3_8h,荆门,42.0
20170124,13,O3_8h_24h,荆门,49.0
20170124,13,CO,荆门,1.47
20170124,13,CO_24h,荆门,1.53
20170124,14,AQI,荆门,223.0
20170124,14,PM2.5,荆门,173.0
20170124,14,PM2.5_24h,荆门,123.0
20170124,14,PM10,荆门,179.0
20170124,14,PM10_24h,荆门,136.0
20170124,14,SO2,荆门,28.0
20170124,14,SO2_24h,荆门,32.0
20170124,14,NO2,荆门,42.0
20170124,14,NO2_24h,荆门,64.0
20170124,14,O3,荆门,58.0
20170124,14,O3_24h,荆门,119.0
20170124,14,O3_8h,荆门,44.0
20170124,14,O3_8h_24h,荆门,49.0
20170124,14,CO,荆门,1.33
20170124,14,CO_24h,荆门,1.53
20170124,15,AQI,荆门,209.0
20170124,15,PM2.5,荆门,159.0
20170124,15,PM2.5_24h,荆门,127.0
20170124,15,PM10,荆门,168.0
20170124,15,PM10_24h,荆门,139.0
20170124,15,SO2,荆门,24.0
20170124,15,SO2_24h,荆门,31.0
20170124,15,NO2,荆门,39.0
20170124,15,NO2_24h,荆门,63.0
20170124,15,O3,荆门,58.0
20170124,15,O3_24h,荆门,119.0
20170124,15,O3_8h,荆门,46.0
20170124,15,O3_8h_24h,荆门,50.0
20170124,15,CO,荆门,1.23
20170124,15,CO_24h,荆门,1.53
20170124,16,AQI,荆门,215.0
20170124,16,PM2.5,荆门,165.0
20170124,16,PM2.5_24h,荆门,130.0
20170124,16,PM10,荆门,172.0
20170124,16,PM10_24h,荆门,143.0
20170124,16,SO2,荆门,23.0
20170124,16,SO2_24h,荆门,31.0
20170124,16,NO2,荆门,46.0
20170124,16,NO2_24h,荆门,64.0
20170124,16,O3,荆门,63.0
20170124,16,O3_24h,荆门,113.0
20170124,16,O3_8h,荆门,51.0
20170124,16,O3_8h_24h,荆门,52.0
20170124,16,CO,荆门,1.37
20170124,16,CO_24h,荆门,1.53
20170124,17,AQI,荆门,213.0
20170124,17,PM2.5,荆门,163.0
20170124,17,PM2.5_24h,荆门,134.0
20170124,17,PM10,荆门,175.0
20170124,17,PM10_24h,荆门,147.0
20170124,17,SO2,荆门,23.0
20170124,17,SO2_24h,荆门,31.0
20170124,17,NO2,荆门,48.0
20170124,17,NO2_24h,荆门,64.0
20170124,17,O3,荆门,60.0
20170124,17,O3_24h,荆门,99.0
20170124,17,O3_8h,荆门,54.0
20170124,17,O3_8h_24h,荆门,54.0
20170124,17,CO,荆门,1.4
20170124,17,CO_24h,荆门,1.57
20170124,18,AQI,荆门,214.0
20170124,18,PM2.5,荆门,164.0
20170124,18,PM2.5_24h,荆门,137.0
20170124,18,PM10,荆门,173.0
20170124,18,PM10_24h,荆门,150.0
20170124,18,SO2,荆门,27.0
20170124,18,SO2_24h,荆门,31.0
20170124,18,NO2,荆门,51.0
20170124,18,NO2_24h,荆门,64.0
20170124,18,O3,荆门,55.0
20170124,18,O3_24h,荆门,77.0
20170124,18,O3_8h,荆门,56.0
20170124,18,O3_8h_24h,荆门,56.0
20170124,18,CO,荆门,1.47
20170124,18,CO_24h,荆门,1.6
20170124,19,AQI,荆门,221.0
20170124,19,PM2.5,荆门,171.0
20170124,19,PM2.5_24h,荆门,140.0
20170124,19,PM10,荆门,179.0
20170124,19,PM10_24h,荆门,152.0
20170124,19,SO2,荆门,19.0
20170124,19,SO2_24h,荆门,30.0
20170124,19,NO2,荆门,50.0
20170124,19,NO2_24h,荆门,63.0
20170124,19,O3,荆门,49.0
20170124,19,O3_24h,荆门,71.0
20170124,19,O3_8h,荆门,56.0
20170124,19,O3_8h_24h,荆门,56.0
20170124,19,CO,荆门,1.47
20170124,19,CO_24h,荆门,1.6
20170124,20,AQI,荆门,210.0
20170124,20,PM2.5,荆门,160.0
20170124,20,PM2.5_24h,荆门,142.0
20170124,20,PM10,荆门,162.0
20170124,20,PM10_24h,荆门,153.0
20170124,20,SO2,荆门,18.0
20170124,20,SO2_24h,荆门,29.0
20170124,20,NO2,荆门,42.0
20170124,20,NO2_24h,荆门,61.0
20170124,20,O3,荆门,53.0
20170124,20,O3_24h,荆门,67.0
20170124,20,O3_8h,荆门,56.0
20170124,20,O3_8h_24h,荆门,56.0
20170124,20,CO,荆门,1.4
20170124,20,CO_24h,荆门,1.6
20170124,21,AQI,荆门,217.0
20170124,21,PM2.5,荆门,167.0
20170124,21,PM2.5_24h,荆门,144.0
20170124,21,PM10,荆门,163.0
20170124,21,PM10_24h,荆门,155.0
20170124,21,SO2,荆门,15.0
20170124,21,SO2_24h,荆门,27.0
20170124,21,NO2,荆门,42.0
20170124,21,NO2_24h,荆门,58.0
20170124,21,O3,荆门,44.0
20170124,21,O3_24h,荆门,67.0
20170124,21,O3_8h,荆门,55.0
20170124,21,O3_8h_24h,荆门,56.0
20170124,21,CO,荆门,1.43
20170124,21,CO_24h,荆门,1.57
20170124,22,AQI,荆门,227.0
20170124,22,PM2.5,荆门,177.0
20170124,22,PM2.5_24h,荆门,146.0
20170124,22,PM10,荆门,164.0
20170124,22,PM10_24h,荆门,152.0
20170124,22,SO2,荆门,18.0
20170124,22,SO2_24h,荆门,26.0
20170124,22,NO2,荆门,44.0
20170124,22,NO2_24h,荆门,55.0
20170124,22,O3,荆门,43.0
20170124,22,O3_24h,荆门,67.0
20170124,22,O3_8h,荆门,53.0
20170124,22,O3_8h_24h,荆门,56.0
20170124,22,CO,荆门,1.43
20170124,22,CO_24h,荆门,1.53
20170124,23,AQI,荆门,228.0
20170124,23,PM2.5,荆门,178.0
20170124,23,PM2.5_24h,荆门,149.0
20170124,23,PM10,荆门,175.0
20170124,23,PM10_24h,荆门,147.0
20170124,23,SO2,荆门,18.0
20170124,23,SO2_24h,荆门,25.0
20170124,23,NO2,荆门,50.0
20170124,23,NO2_24h,荆门,53.0
20170124,23,O3,荆门,42.0
20170124,23,O3_24h,荆门,67.0
20170124,23,O3_8h,荆门,51.0
20170124,23,O3_8h_24h,荆门,56.0
20170124,23,CO,荆门,1.43
20170124,23,CO_24h,荆门,1.47
20170124,0,AQI,孝感,114.0
20170124,0,PM2.5,孝感,86.0
20170124,0,PM2.5_24h,孝感,87.0
20170124,0,PM10,孝感,132.0
20170124,0,PM10_24h,孝感,135.0
20170124,0,SO2,孝感,21.0
20170124,0,SO2_24h,孝感,18.0
20170124,0,NO2,孝感,55.0
20170124,0,NO2_24h,孝感,51.0
20170124,0,O3,孝感,36.0
20170124,0,O3_24h,孝感,107.0
20170124,0,O3_8h,孝感,53.0
20170124,0,O3_8h_24h,孝感,93.0
20170124,0,CO,孝感,2.1
20170124,0,CO_24h,孝感,2.15
20170124,1,AQI,孝感,118.0
20170124,1,PM2.5,孝感,89.0
20170124,1,PM2.5_24h,孝感,86.0
20170124,1,PM10,孝感,138.0
20170124,1,PM10_24h,孝感,133.0
20170124,1,SO2,孝感,20.0
20170124,1,SO2_24h,孝感,18.0
20170124,1,NO2,孝感,50.0
20170124,1,NO2_24h,孝感,50.0
20170124,1,O3,孝感,37.0
20170124,1,O3_24h,孝感,107.0
20170124,1,O3_8h,孝感,37.0
20170124,1,O3_8h_24h,孝感,37.0
20170124,1,CO,孝感,2.15
20170124,1,CO_24h,孝感,2.1
20170124,2,AQI,孝感,118.0
20170124,2,PM2.5,孝感,89.0
20170124,2,PM2.5_24h,孝感,85.0
20170124,2,PM10,孝感,131.0
20170124,2,PM10_24h,孝感,131.0
20170124,2,SO2,孝感,22.0
20170124,2,SO2_24h,孝感,18.0
20170124,2,NO2,孝感,44.0
20170124,2,NO2_24h,孝感,49.0
20170124,2,O3,孝感,46.0
20170124,2,O3_24h,孝感,107.0
20170124,2,O3_8h,孝感,41.0
20170124,2,O3_8h_24h,孝感,41.0
20170124,2,CO,孝感,2.0
20170124,2,CO_24h,孝感,2.1
20170124,3,AQI,孝感,108.0
20170124,3,PM2.5,孝感,81.0
20170124,3,PM2.5_24h,孝感,83.0
20170124,3,PM10,孝感,129.0
20170124,3,PM10_24h,孝感,129.0
20170124,3,SO2,孝感,23.0
20170124,3,SO2_24h,孝感,19.0
20170124,3,NO2,孝感,44.0
20170124,3,NO2_24h,孝感,48.0
20170124,3,O3,孝感,44.0
20170124,3,O3_24h,孝感,107.0
20170124,3,O3_8h,孝感,43.0
20170124,3,O3_8h_24h,孝感,43.0
20170124,3,CO,孝感,2.25
20170124,3,CO_24h,孝感,2.1
20170124,4,AQI,孝感,98.0
20170124,4,PM2.5,孝感,73.0
20170124,4,PM2.5_24h,孝感,81.0
20170124,4,PM10,孝感,113.0
20170124,4,PM10_24h,孝感,127.0
20170124,4,SO2,孝感,19.0
20170124,4,SO2_24h,孝感,19.0
20170124,4,NO2,孝感,42.0
20170124,4,NO2_24h,孝感,48.0
20170124,4,O3,孝感,44.0
20170124,4,O3_24h,孝感,107.0
20170124,4,O3_8h,孝感,43.0
20170124,4,O3_8h_24h,孝感,43.0
20170124,4,CO,孝感,2.05
20170124,4,CO_24h,孝感,2.1
20170124,5,AQI,孝感,88.0
20170124,5,PM2.5,孝感,65.0
20170124,5,PM2.5_24h,孝感,80.0
20170124,5,PM10,孝感,102.0
20170124,5,PM10_24h,孝感,124.0
20170124,5,SO2,孝感,19.0
20170124,5,SO2_24h,孝感,19.0
20170124,5,NO2,孝感,45.0
20170124,5,NO2_24h,孝感,47.0
20170124,5,O3,孝感,42.0
20170124,5,O3_24h,孝感,107.0
20170124,5,O3_8h,孝感,43.0
20170124,5,O3_8h_24h,孝感,43.0
20170124,5,CO,孝感,2.2
20170124,5,CO_24h,孝感,2.15
20170124,6,AQI,孝感,86.0
20170124,6,PM2.5,孝感,64.0
20170124,6,PM2.5_24h,孝感,78.0
20170124,6,PM10,孝感,95.0
20170124,6,PM10_24h,孝感,122.0
20170124,6,SO2,孝感,19.0
20170124,6,SO2_24h,孝感,20.0
20170124,6,NO2,孝感,36.0
20170124,6,NO2_24h,孝感,47.0
20170124,6,O3,孝感,50.0
20170124,6,O3_24h,孝感,107.0
20170124,6,O3_8h,孝感,44.0
20170124,6,O3_8h_24h,孝感,44.0
20170124,6,CO,孝感,1.95
20170124,6,CO_24h,孝感,2.15
20170124,7,AQI,孝感,84.0
20170124,7,PM2.5,孝感,62.0
20170124,7,PM2.5_24h,孝感,77.0
20170124,7,PM10,孝感,95.0
20170124,7,PM10_24h,孝感,120.0
20170124,7,SO2,孝感,17.0
20170124,7,SO2_24h,孝感,21.0
20170124,7,NO2,孝感,34.0
20170124,7,NO2_24h,孝感,46.0
20170124,7,O3,孝感,46.0
20170124,7,O3_24h,孝感,107.0
20170124,7,O3_8h,孝感,44.0
20170124,7,O3_8h_24h,孝感,44.0
20170124,7,CO,孝感,1.85
20170124,7,CO_24h,孝感,2.1
20170124,8,AQI,孝感,90.0
20170124,8,PM2.5,孝感,67.0
20170124,8,PM2.5_24h,孝感,76.0
20170124,8,PM10,孝感,93.0
20170124,8,PM10_24h,孝感,118.0
20170124,8,SO2,孝感,14.0
20170124,8,SO2_24h,孝感,21.0
20170124,8,NO2,孝感,37.0
20170124,8,NO2_24h,孝感,45.0
20170124,8,O3,孝感,47.0
20170124,8,O3_24h,孝感,107.0
20170124,8,O3_8h,孝感,45.0
20170124,8,O3_8h_24h,孝感,45.0
20170124,8,CO,孝感,1.9
20170124,8,CO_24h,孝感,2.05
20170124,9,AQI,孝感,89.0
20170124,9,PM2.5,孝感,66.0
20170124,9,PM2.5_24h,孝感,75.0
20170124,9,PM10,孝感,97.0
20170124,9,PM10_24h,孝感,116.0
20170124,9,SO2,孝感,14.0
20170124,9,SO2_24h,孝感,21.0
20170124,9,NO2,孝感,40.0
20170124,9,NO2_24h,孝感,44.0
20170124,9,O3,孝感,43.0
20170124,9,O3_24h,孝感,107.0
20170124,9,O3_8h,孝感,45.0
20170124,9,O3_8h_24h,孝感,45.0
20170124,9,CO,孝感,2.15
20170124,9,CO_24h,孝感,2.05
20170124,10,AQI,孝感,99.0
20170124,10,PM2.5,孝感,74.0
20170124,10,PM2.5_24h,孝感,74.0
20170124,10,PM10,孝感,102.0
20170124,10,PM10_24h,孝感,115.0
20170124,10,SO2,孝感,16.0
20170124,10,SO2_24h,孝感,21.0
20170124,10,NO2,孝感,37.0
20170124,10,NO2_24h,孝感,43.0
20170124,10,O3,孝感,49.0
20170124,10,O3_24h,孝感,107.0
20170124,10,O3_8h,孝感,46.0
20170124,10,O3_8h_24h,孝感,46.0
20170124,10,CO,孝感,2.05
20170124,10,CO_24h,孝感,2.05
20170124,11,AQI,孝感,103.0
20170124,11,PM2.5,孝感,77.0
20170124,11,PM2.5_24h,孝感,73.0
20170124,11,PM10,孝感,108.0
20170124,11,PM10_24h,孝感,113.0
20170124,11,SO2,孝感,17.0
20170124,11,SO2_24h,孝感,21.0
20170124,11,NO2,孝感,31.0
20170124,11,NO2_24h,孝感,44.0
20170124,11,O3,孝感,62.0
20170124,11,O3_24h,孝感,107.0
20170124,11,O3_8h,孝感,47.0
20170124,11,O3_8h_24h,孝感,47.0
20170124,11,CO,孝感,1.95
20170124,11,CO_24h,孝感,2.05
20170124,12,AQI,孝感,108.0
20170124,12,PM2.5,孝感,81.0
20170124,12,PM2.5_24h,孝感,74.0
20170124,12,PM10,孝感,112.0
20170124,12,PM10_24h,孝感,113.0
20170124,12,SO2,孝感,17.0
20170124,12,SO2_24h,孝感,20.0
20170124,12,NO2,孝感,30.0
20170124,12,NO2_24h,孝感,44.0
20170124,12,O3,孝感,70.0
20170124,12,O3_24h,孝感,107.0
20170124,12,O3_8h,孝感,51.0
20170124,12,O3_8h_24h,孝感,51.0
20170124,12,CO,孝感,1.9
20170124,12,CO_24h,孝感,2.05
20170124,13,AQI,孝感,103.0
20170124,13,PM2.5,孝感,77.0
20170124,13,PM2.5_24h,孝感,74.0
20170124,13,PM10,孝感,111.0
20170124,13,PM10_24h,孝感,113.0
20170124,13,SO2,孝感,16.0
20170124,13,SO2_24h,孝感,20.0
20170124,13,NO2,孝感,20.0
20170124,13,NO2_24h,孝感,44.0
20170124,13,O3,孝感,92.0
20170124,13,O3_24h,孝感,107.0
20170124,13,O3_8h,孝感,57.0
20170124,13,O3_8h_24h,孝感,57.0
20170124,13,CO,孝感,1.65
20170124,13,CO_24h,孝感,2.05
20170124,14,AQI,孝感,90.0
20170124,14,PM2.5,孝感,67.0
20170124,14,PM2.5_24h,孝感,74.0
20170124,14,PM10,孝感,102.0
20170124,14,PM10_24h,孝感,113.0
20170124,14,SO2,孝感,16.0
20170124,14,SO2_24h,孝感,20.0
20170124,14,NO2,孝感,18.0
20170124,14,NO2_24h,孝感,44.0
20170124,14,O3,孝感,97.0
20170124,14,O3_24h,孝感,107.0
20170124,14,O3_8h,孝感,63.0
20170124,14,O3_8h_24h,孝感,63.0
20170124,14,CO,孝感,1.6
20170124,14,CO_24h,孝感,2.05
20170124,15,AQI,孝感,80.0
20170124,15,PM2.5,孝感,59.0
20170124,15,PM2.5_24h,孝感,74.0
20170124,15,PM10,孝感,83.0
20170124,15,PM10_24h,孝感,112.0
20170124,15,SO2,孝感,16.0
20170124,15,SO2_24h,孝感,20.0
20170124,15,NO2,孝感,21.0
20170124,15,NO2_24h,孝感,44.0
20170124,15,O3,孝感,96.0
20170124,15,O3_24h,孝感,106.0
20170124,15,O3_8h,孝感,69.0
20170124,15,O3_8h_24h,孝感,69.0
20170124,15,CO,孝感,1.6
20170124,15,CO_24h,孝感,2.05
20170124,16,AQI,孝感,66.0
20170124,16,PM2.5,孝感,48.0
20170124,16,PM2.5_24h,孝感,73.0
20170124,16,PM10,孝感,70.0
20170124,16,PM10_24h,孝感,111.0
20170124,16,SO2,孝感,19.0
20170124,16,SO2_24h,孝感,20.0
20170124,16,NO2,孝感,26.0
20170124,16,NO2_24h,孝感,44.0
20170124,16,O3,孝感,92.0
20170124,16,O3_24h,孝感,99.0
20170124,16,O3_8h,孝感,75.0
20170124,16,O3_8h_24h,孝感,75.0
20170124,16,CO,孝感,1.7
20170124,16,CO_24h,孝感,2.05
20170124,17,AQI,孝感,76.0
20170124,17,PM2.5,孝感,56.0
20170124,17,PM2.5_24h,孝感,73.0
20170124,17,PM10,孝感,85.0
20170124,17,PM10_24h,孝感,110.0
20170124,17,SO2,孝感,20.0
20170124,17,SO2_24h,孝感,20.0
20170124,17,NO2,孝感,29.0
20170124,17,NO2_24h,孝感,44.0
20170124,17,O3,孝感,86.0
20170124,17,O3_24h,孝感,97.0
20170124,17,O3_8h,孝感,81.0
20170124,17,O3_8h_24h,孝感,81.0
20170124,17,CO,孝感,1.8
20170124,17,CO_24h,孝感,2.05
20170124,18,AQI,孝感,89.0
20170124,18,PM2.5,孝感,66.0
20170124,18,PM2.5_24h,孝感,73.0
20170124,18,PM10,孝感,105.0
20170124,18,PM10_24h,孝感,110.0
20170124,18,SO2,孝感,18.0
20170124,18,SO2_24h,孝感,19.0
20170124,18,NO2,孝感,42.0
20170124,18,NO2_24h,孝感,44.0
20170124,18,O3,孝感,66.0
20170124,18,O3_24h,孝感,97.0
20170124,18,O3_8h,孝感,83.0
20170124,18,O3_8h_24h,孝感,83.0
20170124,18,CO,孝感,2.1
20170124,18,CO_24h,孝感,2.05
20170124,19,AQI,孝感,119.0
20170124,19,PM2.5,孝感,90.0
20170124,19,PM2.5_24h,孝感,74.0
20170124,19,PM10,孝感,143.0
20170124,19,PM10_24h,孝感,112.0
20170124,19,SO2,孝感,13.0
20170124,19,SO2_24h,孝感,19.0
20170124,19,NO2,孝感,40.0
20170124,19,NO2_24h,孝感,42.0
20170124,19,O3,孝感,49.0
20170124,19,O3_24h,孝感,97.0
20170124,19,O3_8h,孝感,81.0
20170124,19,O3_8h_24h,孝感,83.0
20170124,19,CO,孝感,2.2
20170124,19,CO_24h,孝感,2.0
20170124,20,AQI,孝感,131.0
20170124,20,PM2.5,孝感,100.0
20170124,20,PM2.5_24h,孝感,75.0
20170124,20,PM10,孝感,152.0
20170124,20,PM10_24h,孝感,114.0
20170124,20,SO2,孝感,11.0
20170124,20,SO2_24h,孝感,18.0
20170124,20,NO2,孝感,37.0
20170124,20,NO2_24h,孝感,40.0
20170124,20,O3,孝感,41.0
20170124,20,O3_24h,孝感,97.0
20170124,20,O3_8h,孝感,78.0
20170124,20,O3_8h_24h,孝感,83.0
20170124,20,CO,孝感,2.1
20170124,20,CO_24h,孝感,2.0
20170124,21,AQI,孝感,143.0
20170124,21,PM2.5,孝感,109.0
20170124,21,PM2.5_24h,孝感,76.0
20170124,21,PM10,孝感,159.0
20170124,21,PM10_24h,孝感,114.0
20170124,21,SO2,孝感,10.0
20170124,21,SO2_24h,孝感,18.0
20170124,21,NO2,孝感,33.0
20170124,21,NO2_24h,孝感,39.0
20170124,21,O3,孝感,38.0
20170124,21,O3_24h,孝感,97.0
20170124,21,O3_8h,孝感,71.0
20170124,21,O3_8h_24h,孝感,83.0
20170124,21,CO,孝感,2.05
20170124,21,CO_24h,孝感,2.0
20170124,22,AQI,孝感,131.0
20170124,22,PM2.5,孝感,100.0
20170124,22,PM2.5_24h,孝感,77.0
20170124,22,PM10,孝感,142.0
20170124,22,PM10_24h,孝感,114.0
20170124,22,SO2,孝感,10.0
20170124,22,SO2_24h,孝感,17.0
20170124,22,NO2,孝感,26.0
20170124,22,NO2_24h,孝感,37.0
20170124,22,O3,孝感,42.0
20170124,22,O3_24h,孝感,97.0
20170124,22,O3_8h,孝感,64.0
20170124,22,O3_8h_24h,孝感,83.0
20170124,22,CO,孝感,1.9
20170124,22,CO_24h,孝感,2.0
20170124,23,AQI,孝感,121.0
20170124,23,PM2.5,孝感,92.0
20170124,23,PM2.5_24h,孝感,77.0
20170124,23,PM10,孝感,125.0
20170124,23,PM10_24h,孝感,114.0
20170124,23,SO2,孝感,9.0
20170124,23,SO2_24h,孝感,16.0
20170124,23,NO2,孝感,27.0
20170124,23,NO2_24h,孝感,35.0
20170124,23,O3,孝感,41.0
20170124,23,O3_24h,孝感,97.0
20170124,23,O3_8h,孝感,57.0
20170124,23,O3_8h_24h,孝感,83.0
20170124,23,CO,孝感,1.95
20170124,23,CO_24h,孝感,1.95
20170124,0,AQI,黄冈,94.0
20170124,0,PM2.5,黄冈,70.0
20170124,0,PM2.5_24h,黄冈,79.0
20170124,0,PM10,黄冈,118.0
20170124,0,PM10_24h,黄冈,121.0
20170124,0,SO2,黄冈,35.0
20170124,0,SO2_24h,黄冈,23.0
20170124,0,NO2,黄冈,58.0
20170124,0,NO2_24h,黄冈,34.0
20170124,0,O3,黄冈,51.0
20170124,0,O3_24h,黄冈,122.0
20170124,0,O3_8h,黄冈,85.0
20170124,0,O3_8h_24h,黄冈,107.0
20170124,0,CO,黄冈,0.7
20170124,0,CO_24h,黄冈,0.8
20170124,1,AQI,黄冈,93.0
20170124,1,PM2.5,黄冈,69.0
20170124,1,PM2.5_24h,黄冈,78.0
20170124,1,PM10,黄冈,101.0
20170124,1,PM10_24h,黄冈,119.0
20170124,1,SO2,黄冈,22.0
20170124,1,SO2_24h,黄冈,23.0
20170124,1,NO2,黄冈,46.0
20170124,1,NO2_24h,黄冈,35.0
20170124,1,O3,黄冈,62.0
20170124,1,O3_24h,黄冈,122.0
20170124,1,O3_8h,黄冈,62.0
20170124,1,O3_8h_24h,黄冈,62.0
20170124,1,CO,黄冈,0.7
20170124,1,CO_24h,黄冈,0.8
20170124,2,AQI,黄冈,91.0
20170124,2,PM2.5,黄冈,68.0
20170124,2,PM2.5_24h,黄冈,78.0
20170124,2,PM10,黄冈,104.0
20170124,2,PM10_24h,黄冈,118.0
20170124,2,SO2,黄冈,21.0
20170124,2,SO2_24h,黄冈,23.0
20170124,2,NO2,黄冈,50.0
20170124,2,NO2_24h,黄冈,36.0
20170124,2,O3,黄冈,49.0
20170124,2,O3_24h,黄冈,122.0
20170124,2,O3_8h,黄冈,56.0
20170124,2,O3_8h_24h,黄冈,62.0
20170124,2,CO,黄冈,0.8
20170124,2,CO_24h,黄冈,0.8
20170124,3,AQI,黄冈,90.0
20170124,3,PM2.5,黄冈,67.0
20170124,3,PM2.5_24h,黄冈,77.0
20170124,3,PM10,黄冈,99.0
20170124,3,PM10_24h,黄冈,117.0
20170124,3,SO2,黄冈,41.0
20170124,3,SO2_24h,黄冈,24.0
20170124,3,NO2,黄冈,57.0
20170124,3,NO2_24h,黄冈,37.0
20170124,3,O3,黄冈,43.0
20170124,3,O3_24h,黄冈,122.0
20170124,3,O3_8h,黄冈,51.0
20170124,3,O3_8h_24h,黄冈,62.0
20170124,3,CO,黄冈,0.7
20170124,3,CO_24h,黄冈,0.8
20170124,4,AQI,黄冈,90.0
20170124,4,PM2.5,黄冈,67.0
20170124,4,PM2.5_24h,黄冈,75.0
20170124,4,PM10,黄冈,105.0
20170124,4,PM10_24h,黄冈,115.0
20170124,4,SO2,黄冈,28.0
20170124,4,SO2_24h,黄冈,25.0
20170124,4,NO2,黄冈,59.0
20170124,4,NO2_24h,黄冈,39.0
20170124,4,O3,黄冈,35.0
20170124,4,O3_24h,黄冈,122.0
20170124,4,O3_8h,黄冈,47.0
20170124,4,O3_8h_24h,黄冈,62.0
20170124,4,CO,黄冈,0.8
20170124,4,CO_24h,黄冈,0.8
20170124,5,AQI,黄冈,90.0
20170124,5,PM2.5,黄冈,67.0
20170124,5,PM2.5_24h,黄冈,74.0
20170124,5,PM10,黄冈,102.0
20170124,5,PM10_24h,黄冈,114.0
20170124,5,SO2,黄冈,24.0
20170124,5,SO2_24h,黄冈,26.0
20170124,5,NO2,黄冈,56.0
20170124,5,NO2_24h,黄冈,40.0
20170124,5,O3,黄冈,33.0
20170124,5,O3_24h,黄冈,122.0
20170124,5,O3_8h,黄冈,44.0
20170124,5,O3_8h_24h,黄冈,62.0
20170124,5,CO,黄冈,0.9
20170124,5,CO_24h,黄冈,0.8
20170124,6,AQI,黄冈,95.0
20170124,6,PM2.5,黄冈,71.0
20170124,6,PM2.5_24h,黄冈,73.0
20170124,6,PM10,黄冈,105.0
20170124,6,PM10_24h,黄冈,112.0
20170124,6,SO2,黄冈,21.0
20170124,6,SO2_24h,黄冈,26.0
20170124,6,NO2,黄冈,40.0
20170124,6,NO2_24h,黄冈,41.0
20170124,6,O3,黄冈,48.0
20170124,6,O3_24h,黄冈,122.0
20170124,6,O3_8h,黄冈,45.0
20170124,6,O3_8h_24h,黄冈,62.0
20170124,6,CO,黄冈,0.8
20170124,6,CO_24h,黄冈,0.8
20170124,7,AQI,黄冈,91.0
20170124,7,PM2.5,黄冈,68.0
20170124,7,PM2.5_24h,黄冈,72.0
20170124,7,PM10,黄冈,100.0
20170124,7,PM10_24h,黄冈,111.0
20170124,7,SO2,黄冈,20.0
20170124,7,SO2_24h,黄冈,26.0
20170124,7,NO2,黄冈,35.0
20170124,7,NO2_24h,黄冈,41.0
20170124,7,O3,黄冈,49.0
20170124,7,O3_24h,黄冈,122.0
20170124,7,O3_8h,黄冈,46.0
20170124,7,O3_8h_24h,黄冈,62.0
20170124,7,CO,黄冈,0.8
20170124,7,CO_24h,黄冈,0.8
20170124,8,AQI,黄冈,91.0
20170124,8,PM2.5,黄冈,68.0
20170124,8,PM2.5_24h,黄冈,71.0
20170124,8,PM10,黄冈,103.0
20170124,8,PM10_24h,黄冈,110.0
20170124,8,SO2,黄冈,19.0
20170124,8,SO2_24h,黄冈,26.0
20170124,8,NO2,黄冈,31.0
20170124,8,NO2_24h,黄冈,41.0
20170124,8,O3,黄冈,54.0
20170124,8,O3_24h,黄冈,122.0
20170124,8,O3_8h,黄冈,47.0
20170124,8,O3_8h_24h,黄冈,62.0
20170124,8,CO,黄冈,0.8
20170124,8,CO_24h,黄冈,0.8
20170124,9,AQI,黄冈,86.0
20170124,9,PM2.5,黄冈,64.0
20170124,9,PM2.5_24h,黄冈,70.0
20170124,9,PM10,黄冈,94.0
20170124,9,PM10_24h,黄冈,108.0
20170124,9,SO2,黄冈,18.0
20170124,9,SO2_24h,黄冈,26.0
20170124,9,NO2,黄冈,29.0
20170124,9,NO2_24h,黄冈,40.0
20170124,9,O3,黄冈,59.0
20170124,9,O3_24h,黄冈,122.0
20170124,9,O3_8h,黄冈,46.0
20170124,9,O3_8h_24h,黄冈,62.0
20170124,9,CO,黄冈,0.8
20170124,9,CO_24h,黄冈,0.8
20170124,10,AQI,黄冈,88.0
20170124,10,PM2.5,黄冈,65.0
20170124,10,PM2.5_24h,黄冈,69.0
20170124,10,PM10,黄冈,96.0
20170124,10,PM10_24h,黄冈,107.0
20170124,10,SO2,黄冈,18.0
20170124,10,SO2_24h,黄冈,26.0
20170124,10,NO2,黄冈,32.0
20170124,10,NO2_24h,黄冈,40.0
20170124,10,O3,黄冈,61.0
20170124,10,O3_24h,黄冈,122.0
20170124,10,O3_8h,黄冈,48.0
20170124,10,O3_8h_24h,黄冈,62.0
20170124,10,CO,黄冈,0.8
20170124,10,CO_24h,黄冈,0.8
20170124,11,AQI,黄冈,89.0
20170124,11,PM2.5,黄冈,66.0
20170124,11,PM2.5_24h,黄冈,68.0
20170124,11,PM10,黄冈,92.0
20170124,11,PM10_24h,黄冈,105.0
20170124,11,SO2,黄冈,18.0
20170124,11,SO2_24h,黄冈,26.0
20170124,11,NO2,黄冈,25.0
20170124,11,NO2_24h,黄冈,40.0
20170124,11,O3,黄冈,80.0
20170124,11,O3_24h,黄冈,122.0
20170124,11,O3_8h,黄冈,52.0
20170124,11,O3_8h_24h,黄冈,62.0
20170124,11,CO,黄冈,0.8
20170124,11,CO_24h,黄冈,0.8
20170124,12,AQI,黄冈,90.0
20170124,12,PM2.5,黄冈,67.0
20170124,12,PM2.5_24h,黄冈,67.0
20170124,12,PM10,黄冈,97.0
20170124,12,PM10_24h,黄冈,104.0
20170124,12,SO2,黄冈,18.0
20170124,12,SO2_24h,黄冈,26.0
20170124,12,NO2,黄冈,22.0
20170124,12,NO2_24h,黄冈,40.0
20170124,12,O3,黄冈,93.0
20170124,12,O3_24h,黄冈,122.0
20170124,12,O3_8h,黄冈,60.0
20170124,12,O3_8h_24h,黄冈,62.0
20170124,12,CO,黄冈,0.7
20170124,12,CO_24h,黄冈,0.8
20170124,13,AQI,黄冈,88.0
20170124,13,PM2.5,黄冈,65.0
20170124,13,PM2.5_24h,黄冈,67.0
20170124,13,PM10,黄冈,92.0
20170124,13,PM10_24h,黄冈,103.0
20170124,13,SO2,黄冈,19.0
20170124,13,SO2_24h,黄冈,26.0
20170124,13,NO2,黄冈,24.0
20170124,13,NO2_24h,黄冈,40.0
20170124,13,O3,黄冈,112.0
20170124,13,O3_24h,黄冈,122.0
20170124,13,O3_8h,黄冈,70.0
20170124,13,O3_8h_24h,黄冈,70.0
20170124,13,CO,黄冈,0.7
20170124,13,CO_24h,黄冈,0.8
20170124,14,AQI,黄冈,81.0
20170124,14,PM2.5,黄冈,60.0
20170124,14,PM2.5_24h,黄冈,66.0
20170124,14,PM10,黄冈,92.0
20170124,14,PM10_24h,黄冈,102.0
20170124,14,SO2,黄冈,27.0
20170124,14,SO2_24h,黄冈,26.0
20170124,14,NO2,黄冈,26.0
20170124,14,NO2_24h,黄冈,40.0
20170124,14,O3,黄冈,113.0
20170124,14,O3_24h,黄冈,122.0
20170124,14,O3_8h,黄冈,78.0
20170124,14,O3_8h_24h,黄冈,78.0
20170124,14,CO,黄冈,0.7
20170124,14,CO_24h,黄冈,0.8
20170124,15,AQI,黄冈,73.0
20170124,15,PM2.5,黄冈,53.0
20170124,15,PM2.5_24h,黄冈,66.0
20170124,15,PM10,黄冈,82.0
20170124,15,PM10_24h,黄冈,102.0
20170124,15,SO2,黄冈,19.0
20170124,15,SO2_24h,黄冈,26.0
20170124,15,NO2,黄冈,23.0
20170124,15,NO2_24h,黄冈,40.0
20170124,15,O3,黄冈,120.0
20170124,15,O3_24h,黄冈,122.0
20170124,15,O3_8h,黄冈,86.0
20170124,15,O3_8h_24h,黄冈,86.0
20170124,15,CO,黄冈,0.7
20170124,15,CO_24h,黄冈,0.8
20170124,16,AQI,黄冈,68.0
20170124,16,PM2.5,黄冈,49.0
20170124,16,PM2.5_24h,黄冈,65.0
20170124,16,PM10,黄冈,83.0
20170124,16,PM10_24h,黄冈,102.0
20170124,16,SO2,黄冈,20.0
20170124,16,SO2_24h,黄冈,26.0
20170124,16,NO2,黄冈,27.0
20170124,16,NO2_24h,黄冈,40.0
20170124,16,O3,黄冈,118.0
20170124,16,O3_24h,黄冈,120.0
20170124,16,O3_8h,黄冈,94.0
20170124,16,O3_8h_24h,黄冈,94.0
20170124,16,CO,黄冈,0.7
20170124,16,CO_24h,黄冈,0.8
20170124,17,AQI,黄冈,65.0
20170124,17,PM2.5,黄冈,47.0
20170124,17,PM2.5_24h,黄冈,65.0
20170124,17,PM10,黄冈,78.0
20170124,17,PM10_24h,黄冈,101.0
20170124,17,SO2,黄冈,18.0
20170124,17,SO2_24h,黄冈,26.0
20170124,17,NO2,黄冈,26.0
20170124,17,NO2_24h,黄冈,40.0
20170124,17,O3,黄冈,116.0
20170124,17,O3_24h,黄冈,120.0
20170124,17,O3_8h,黄冈,102.0
20170124,17,O3_8h_24h,黄冈,102.0
20170124,17,CO,黄冈,0.8
20170124,17,CO_24h,黄冈,0.8
20170124,18,AQI,黄冈,69.0
20170124,18,PM2.5,黄冈,50.0
20170124,18,PM2.5_24h,黄冈,65.0
20170124,18,PM10,黄冈,86.0
20170124,18,PM10_24h,黄冈,100.0
20170124,18,SO2,黄冈,17.0
20170124,18,SO2_24h,黄冈,25.0
20170124,18,NO2,黄冈,26.0
20170124,18,NO2_24h,黄冈,39.0
20170124,18,O3,黄冈,117.0
20170124,18,O3_24h,黄冈,120.0
20170124,18,O3_8h,黄冈,109.0
20170124,18,O3_8h_24h,黄冈,109.0
20170124,18,CO,黄冈,0.8
20170124,18,CO_24h,黄冈,0.8
20170124,19,AQI,黄冈,80.0
20170124,19,PM2.5,黄冈,59.0
20170124,19,PM2.5_24h,黄冈,65.0
20170124,19,PM10,黄冈,90.0
20170124,19,PM10_24h,黄冈,100.0
20170124,19,SO2,黄冈,16.0
20170124,19,SO2_24h,黄冈,23.0
20170124,19,NO2,黄冈,29.0
20170124,19,NO2_24h,黄冈,38.0
20170124,19,O3,黄冈,107.0
20170124,19,O3_24h,黄冈,120.0
20170124,19,O3_8h,黄冈,112.0
20170124,19,O3_8h_24h,黄冈,112.0
20170124,19,CO,黄冈,0.8
20170124,19,CO_24h,黄冈,0.8
20170124,20,AQI,黄冈,95.0
20170124,20,PM2.5,黄冈,71.0
20170124,20,PM2.5_24h,黄冈,65.0
20170124,20,PM10,黄冈,97.0
20170124,20,PM10_24h,黄冈,99.0
20170124,20,SO2,黄冈,16.0
20170124,20,SO2_24h,黄冈,22.0
20170124,20,NO2,黄冈,46.0
20170124,20,NO2_24h,黄冈,38.0
20170124,20,O3,黄冈,81.0
20170124,20,O3_24h,黄冈,120.0
20170124,20,O3_8h,黄冈,110.0
20170124,20,O3_8h_24h,黄冈,112.0
20170124,20,CO,黄冈,0.9
20170124,20,CO_24h,黄冈,0.8
20170124,21,AQI,黄冈,108.0
20170124,21,PM2.5,黄冈,81.0
20170124,21,PM2.5_24h,黄冈,65.0
20170124,21,PM10,黄冈,100.0
20170124,21,PM10_24h,黄冈,98.0
20170124,21,SO2,黄冈,15.0
20170124,21,SO2_24h,黄冈,22.0
20170124,21,NO2,黄冈,35.0
20170124,21,NO2_24h,黄冈,37.0
20170124,21,O3,黄冈,72.0
20170124,21,O3_24h,黄冈,120.0
20170124,21,O3_8h,黄冈,106.0
20170124,21,O3_8h_24h,黄冈,112.0
20170124,21,CO,黄冈,1.0
20170124,21,CO_24h,黄冈,0.8
20170124,22,AQI,黄冈,121.0
20170124,22,PM2.5,黄冈,92.0
20170124,22,PM2.5_24h,黄冈,66.0
20170124,22,PM10,黄冈,112.0
20170124,22,PM10_24h,黄冈,98.0
20170124,22,SO2,黄冈,15.0
20170124,22,SO2_24h,黄冈,21.0
20170124,22,NO2,黄冈,24.0
20170124,22,NO2_24h,黄冈,36.0
20170124,22,O3,黄冈,69.0
20170124,22,O3_24h,黄冈,120.0
20170124,22,O3_8h,黄冈,100.0
20170124,22,O3_8h_24h,黄冈,112.0
20170124,22,CO,黄冈,0.9
20170124,22,CO_24h,黄冈,0.8
20170124,23,AQI,黄冈,121.0
20170124,23,PM2.5,黄冈,92.0
20170124,23,PM2.5_24h,黄冈,66.0
20170124,23,PM10,黄冈,116.0
20170124,23,PM10_24h,黄冈,98.0
20170124,23,SO2,黄冈,12.0
20170124,23,SO2_24h,黄冈,21.0
20170124,23,NO2,黄冈,22.0
20170124,23,NO2_24h,黄冈,35.0
20170124,23,O3,黄冈,63.0
20170124,23,O3_24h,黄冈,120.0
20170124,23,O3_8h,黄冈,93.0
20170124,23,O3_8h_24h,黄冈,112.0
20170124,23,CO,黄冈,0.9
20170124,23,CO_24h,黄冈,0.8
20170124,0,AQI,咸宁,100.0
20170124,0,PM2.5,咸宁,75.0
20170124,0,PM2.5_24h,咸宁,72.0
20170124,0,PM10,咸宁,92.0
20170124,0,PM10_24h,咸宁,91.0
20170124,0,SO2,咸宁,9.0
20170124,0,SO2_24h,咸宁,14.0
20170124,0,NO2,咸宁,13.0
20170124,0,NO2_24h,咸宁,13.0
20170124,0,O3,咸宁,83.0
20170124,0,O3_24h,咸宁,117.0
20170124,0,O3_8h,咸宁,93.0
20170124,0,O3_8h_24h,咸宁,106.0
20170124,0,CO,咸宁,0.8
20170124,0,CO_24h,咸宁,0.87
20170124,1,AQI,咸宁,93.0
20170124,1,PM2.5,咸宁,69.0
20170124,1,PM2.5_24h,咸宁,71.0
20170124,1,PM10,咸宁,85.0
20170124,1,PM10_24h,咸宁,90.0
20170124,1,SO2,咸宁,9.0
20170124,1,SO2_24h,咸宁,14.0
20170124,1,NO2,咸宁,9.0
20170124,1,NO2_24h,咸宁,13.0
20170124,1,O3,咸宁,86.0
20170124,1,O3_24h,咸宁,117.0
20170124,1,O3_8h,咸宁,86.0
20170124,1,O3_8h_24h,咸宁,86.0
20170124,1,CO,咸宁,0.73
20170124,1,CO_24h,咸宁,0.87
20170124,2,AQI,咸宁,89.0
20170124,2,PM2.5,咸宁,66.0
20170124,2,PM2.5_24h,咸宁,70.0
20170124,2,PM10,咸宁,73.0
20170124,2,PM10_24h,咸宁,89.0
20170124,2,SO2,咸宁,9.0
20170124,2,SO2_24h,咸宁,14.0
20170124,2,NO2,咸宁,7.0
20170124,2,NO2_24h,咸宁,12.0
20170124,2,O3,咸宁,92.0
20170124,2,O3_24h,咸宁,117.0
20170124,2,O3_8h,咸宁,89.0
20170124,2,O3_8h_24h,咸宁,90.0
20170124,2,CO,咸宁,0.67
20170124,2,CO_24h,咸宁,0.83
20170124,3,AQI,咸宁,84.0
20170124,3,PM2.5,咸宁,62.0
20170124,3,PM2.5_24h,咸宁,69.0
20170124,3,PM10,咸宁,74.0
20170124,3,PM10_24h,咸宁,88.0
20170124,3,SO2,咸宁,9.0
20170124,3,SO2_24h,咸宁,13.0
20170124,3,NO2,咸宁,6.0
20170124,3,NO2_24h,咸宁,12.0
20170124,3,O3,咸宁,88.0
20170124,3,O3_24h,咸宁,117.0
20170124,3,O3_8h,咸宁,88.0
20170124,3,O3_8h_24h,咸宁,90.0
20170124,3,CO,咸宁,0.7
20170124,3,CO_24h,咸宁,0.83
20170124,4,AQI,咸宁,81.0
20170124,4,PM2.5,咸宁,60.0
20170124,4,PM2.5_24h,咸宁,68.0
20170124,4,PM10,咸宁,73.0
20170124,4,PM10_24h,咸宁,88.0
20170124,4,SO2,咸宁,10.0
20170124,4,SO2_24h,咸宁,13.0
20170124,4,NO2,咸宁,5.0
20170124,4,NO2_24h,咸宁,12.0
20170124,4,O3,咸宁,87.0
20170124,4,O3_24h,咸宁,117.0
20170124,4,O3_8h,咸宁,88.0
20170124,4,O3_8h_24h,咸宁,90.0
20170124,4,CO,咸宁,0.7
20170124,4,CO_24h,咸宁,0.83
20170124,5,AQI,咸宁,78.0
20170124,5,PM2.5,咸宁,57.0
20170124,5,PM2.5_24h,咸宁,67.0
20170124,5,PM10,咸宁,75.0
20170124,5,PM10_24h,咸宁,87.0
20170124,5,SO2,咸宁,12.0
20170124,5,SO2_24h,咸宁,13.0
20170124,5,NO2,咸宁,6.0
20170124,5,NO2_24h,咸宁,12.0
20170124,5,O3,咸宁,84.0
20170124,5,O3_24h,咸宁,117.0
20170124,5,O3_8h,咸宁,87.0
20170124,5,O3_8h_24h,咸宁,90.0
20170124,5,CO,咸宁,0.73
20170124,5,CO_24h,咸宁,0.83
20170124,6,AQI,咸宁,79.0
20170124,6,PM2.5,咸宁,58.0
20170124,6,PM2.5_24h,咸宁,66.0
20170124,6,PM10,咸宁,78.0
20170124,6,PM10_24h,咸宁,87.0
20170124,6,SO2,咸宁,11.0
20170124,6,SO2_24h,咸宁,13.0
20170124,6,NO2,咸宁,6.0
20170124,6,NO2_24h,咸宁,12.0
20170124,6,O3,咸宁,81.0
20170124,6,O3_24h,咸宁,117.0
20170124,6,O3_8h,咸宁,86.0
20170124,6,O3_8h_24h,咸宁,90.0
20170124,6,CO,咸宁,0.77
20170124,6,CO_24h,咸宁,0.83
20170124,7,AQI,咸宁,80.0
20170124,7,PM2.5,咸宁,59.0
20170124,7,PM2.5_24h,咸宁,66.0
20170124,7,PM10,咸宁,80.0
20170124,7,PM10_24h,咸宁,87.0
20170124,7,SO2,咸宁,12.0
20170124,7,SO2_24h,咸宁,13.0
20170124,7,NO2,咸宁,6.0
20170124,7,NO2_24h,咸宁,11.0
20170124,7,O3,咸宁,78.0
20170124,7,O3_24h,咸宁,117.0
20170124,7,O3_8h,咸宁,85.0
20170124,7,O3_8h_24h,咸宁,90.0
20170124,7,CO,咸宁,0.8
20170124,7,CO_24h,咸宁,0.83
20170124,8,AQI,咸宁,83.0
20170124,8,PM2.5,咸宁,61.0
20170124,8,PM2.5_24h,咸宁,65.0
20170124,8,PM10,咸宁,83.0
20170124,8,PM10_24h,咸宁,86.0
20170124,8,SO2,咸宁,13.0
20170124,8,SO2_24h,咸宁,13.0
20170124,8,NO2,咸宁,9.0
20170124,8,NO2_24h,咸宁,11.0
20170124,8,O3,咸宁,74.0
20170124,8,O3_24h,咸宁,117.0
20170124,8,O3_8h,咸宁,84.0
20170124,8,O3_8h_24h,咸宁,90.0
20170124,8,CO,咸宁,0.87
20170124,8,CO_24h,咸宁,0.83
20170124,9,AQI,咸宁,86.0
20170124,9,PM2.5,咸宁,64.0
20170124,9,PM2.5_24h,咸宁,65.0
20170124,9,PM10,咸宁,90.0
20170124,9,PM10_24h,咸宁,86.0
20170124,9,SO2,咸宁,13.0
20170124,9,SO2_24h,咸宁,13.0
20170124,9,NO2,咸宁,20.0
20170124,9,NO2_24h,咸宁,12.0
20170124,9,O3,咸宁,63.0
20170124,9,O3_24h,咸宁,117.0
20170124,9,O3_8h,咸宁,81.0
20170124,9,O3_8h_24h,咸宁,90.0
20170124,9,CO,咸宁,1.0
20170124,9,CO_24h,咸宁,0.83
20170124,10,AQI,咸宁,86.0
20170124,10,PM2.5,咸宁,64.0
20170124,10,PM2.5_24h,咸宁,65.0
20170124,10,PM10,咸宁,92.0
20170124,10,PM10_24h,咸宁,86.0
20170124,10,SO2,咸宁,14.0
20170124,10,SO2_24h,咸宁,13.0
20170124,10,NO2,咸宁,16.0
20170124,10,NO2_24h,咸宁,12.0
20170124,10,O3,咸宁,75.0
20170124,10,O3_24h,咸宁,117.0
20170124,10,O3_8h,咸宁,79.0
20170124,10,O3_8h_24h,咸宁,90.0
20170124,10,CO,咸宁,0.97
20170124,10,CO_24h,咸宁,0.83
20170124,11,AQI,咸宁,91.0
20170124,11,PM2.5,咸宁,68.0
20170124,11,PM2.5_24h,咸宁,65.0
20170124,11,PM10,咸宁,90.0
20170124,11,PM10_24h,咸宁,86.0
20170124,11,SO2,咸宁,13.0
20170124,11,SO2_24h,咸宁,13.0
20170124,11,NO2,咸宁,11.0
20170124,11,NO2_24h,咸宁,11.0
20170124,11,O3,咸宁,86.0
20170124,11,O3_24h,咸宁,117.0
20170124,11,O3_8h,咸宁,79.0
20170124,11,O3_8h_24h,咸宁,90.0
20170124,11,CO,咸宁,0.93
20170124,11,CO_24h,咸宁,0.83
20170124,12,AQI,咸宁,89.0
20170124,12,PM2.5,咸宁,66.0
20170124,12,PM2.5_24h,咸宁,65.0
20170124,12,PM10,咸宁,86.0
20170124,12,PM10_24h,咸宁,86.0
20170124,12,SO2,咸宁,12.0
20170124,12,SO2_24h,咸宁,13.0
20170124,12,NO2,咸宁,11.0
20170124,12,NO2_24h,咸宁,12.0
20170124,12,O3,咸宁,92.0
20170124,12,O3_24h,咸宁,117.0
20170124,12,O3_8h,咸宁,79.0
20170124,12,O3_8h_24h,咸宁,90.0
20170124,12,CO,咸宁,0.93
20170124,12,CO_24h,咸宁,0.83
20170124,13,AQI,咸宁,88.0
20170124,13,PM2.5,咸宁,65.0
20170124,13,PM2.5_24h,咸宁,64.0
20170124,13,PM10,咸宁,76.0
20170124,13,PM10_24h,咸宁,86.0
20170124,13,SO2,咸宁,11.0
20170124,13,SO2_24h,咸宁,12.0
20170124,13,NO2,咸宁,10.0
20170124,13,NO2_24h,咸宁,12.0
20170124,13,O3,咸宁,103.0
20170124,13,O3_24h,咸宁,117.0
20170124,13,O3_8h,咸宁,81.0
20170124,13,O3_8h_24h,咸宁,90.0
20170124,13,CO,咸宁,0.87
20170124,13,CO_24h,咸宁,0.83
20170124,14,AQI,咸宁,80.0
20170124,14,PM2.5,咸宁,59.0
20170124,14,PM2.5_24h,咸宁,64.0
20170124,14,PM10,咸宁,68.0
20170124,14,PM10_24h,咸宁,86.0
20170124,14,SO2,咸宁,9.0
20170124,14,SO2_24h,咸宁,12.0
20170124,14,NO2,咸宁,8.0
20170124,14,NO2_24h,咸宁,11.0
20170124,14,O3,咸宁,113.0
20170124,14,O3_24h,咸宁,117.0
20170124,14,O3_8h,咸宁,85.0
20170124,14,O3_8h_24h,咸宁,90.0
20170124,14,CO,咸宁,0.83
20170124,14,CO_24h,咸宁,0.83
20170124,15,AQI,咸宁,75.0
20170124,15,PM2.5,咸宁,55.0
20170124,15,PM2.5_24h,咸宁,64.0
20170124,15,PM10,咸宁,77.0
20170124,15,PM10_24h,咸宁,86.0
20170124,15,SO2,咸宁,8.0
20170124,15,SO2_24h,咸宁,12.0
20170124,15,NO2,咸宁,12.0
20170124,15,NO2_24h,咸宁,12.0
20170124,15,O3,咸宁,112.0
20170124,15,O3_24h,咸宁,117.0
20170124,15,O3_8h,咸宁,90.0
20170124,15,O3_8h_24h,咸宁,91.0
20170124,15,CO,咸宁,0.87
20170124,15,CO_24h,咸宁,0.83
20170124,16,AQI,咸宁,85.0
20170124,16,PM2.5,咸宁,55.0
20170124,16,PM2.5_24h,咸宁,64.0
20170124,16,PM10,咸宁,119.0
20170124,16,PM10_24h,咸宁,88.0
20170124,16,SO2,咸宁,12.0
20170124,16,SO2_24h,咸宁,12.0
20170124,16,NO2,咸宁,17.0
20170124,16,NO2_24h,咸宁,12.0
20170124,16,O3,咸宁,99.0
20170124,16,O3_24h,咸宁,113.0
20170124,16,O3_8h,咸宁,93.0
20170124,16,O3_8h_24h,咸宁,94.0
20170124,16,CO,咸宁,1.0
20170124,16,CO_24h,咸宁,0.83
20170124,17,AQI,咸宁,84.0
20170124,17,PM2.5,咸宁,60.0
20170124,17,PM2.5_24h,咸宁,64.0
20170124,17,PM10,咸宁,117.0
20170124,17,PM10_24h,咸宁,89.0
20170124,17,SO2,咸宁,13.0
20170124,17,SO2_24h,咸宁,12.0
20170124,17,NO2,咸宁,20.0
20170124,17,NO2_24h,咸宁,12.0
20170124,17,O3,咸宁,94.0
20170124,17,O3_24h,咸宁,113.0
20170124,17,O3_8h,咸宁,97.0
20170124,17,O3_8h_24h,咸宁,97.0
20170124,17,CO,咸宁,1.07
20170124,17,CO_24h,咸宁,0.83
20170124,18,AQI,咸宁,95.0
20170124,18,PM2.5,咸宁,71.0
20170124,18,PM2.5_24h,咸宁,65.0
20170124,18,PM10,咸宁,109.0
20170124,18,PM10_24h,咸宁,89.0
20170124,18,SO2,咸宁,10.0
20170124,18,SO2_24h,咸宁,12.0
20170124,18,NO2,咸宁,24.0
20170124,18,NO2_24h,咸宁,12.0
20170124,18,O3,咸宁,85.0
20170124,18,O3_24h,咸宁,113.0
20170124,18,O3_8h,咸宁,98.0
20170124,18,O3_8h_24h,咸宁,98.0
20170124,18,CO,咸宁,1.07
20170124,18,CO_24h,咸宁,0.83
20170124,19,AQI,咸宁,105.0
20170124,19,PM2.5,咸宁,79.0
20170124,19,PM2.5_24h,咸宁,65.0
20170124,19,PM10,咸宁,125.0
20170124,19,PM10_24h,咸宁,90.0
20170124,19,SO2,咸宁,10.0
20170124,19,SO2_24h,咸宁,11.0
20170124,19,NO2,咸宁,27.0
20170124,19,NO2_24h,咸宁,13.0
20170124,19,O3,咸宁,74.0
20170124,19,O3_24h,咸宁,113.0
20170124,19,O3_8h,咸宁,97.0
20170124,19,O3_8h_24h,咸宁,98.0
20170124,19,CO,咸宁,1.17
20170124,19,CO_24h,咸宁,0.87
20170124,20,AQI,咸宁,110.0
20170124,20,PM2.5,咸宁,83.0
20170124,20,PM2.5_24h,咸宁,66.0
20170124,20,PM10,咸宁,134.0
20170124,20,PM10_24h,咸宁,92.0
20170124,20,SO2,咸宁,18.0
20170124,20,SO2_24h,咸宁,11.0
20170124,20,NO2,咸宁,28.0
20170124,20,NO2_24h,咸宁,13.0
20170124,20,O3,咸宁,67.0
20170124,20,O3_24h,咸宁,113.0
20170124,20,O3_8h,咸宁,93.0
20170124,20,O3_8h_24h,咸宁,98.0
20170124,20,CO,咸宁,1.43
20170124,20,CO_24h,咸宁,0.9
20170124,21,AQI,咸宁,111.0
20170124,21,PM2.5,咸宁,84.0
20170124,21,PM2.5_24h,咸宁,67.0
20170124,21,PM10,咸宁,126.0
20170124,21,PM10_24h,咸宁,92.0
20170124,21,SO2,咸宁,15.0
20170124,21,SO2_24h,咸宁,12.0
20170124,21,NO2,咸宁,19.0
20170124,21,NO2_24h,咸宁,13.0
20170124,21,O3,咸宁,71.0
20170124,21,O3_24h,咸宁,113.0
20170124,21,O3_8h,咸宁,90.0
20170124,21,O3_8h_24h,咸宁,98.0
20170124,21,CO,咸宁,1.2
20170124,21,CO_24h,咸宁,0.93
20170124,22,AQI,咸宁,109.0
20170124,22,PM2.5,咸宁,82.0
20170124,22,PM2.5_24h,咸宁,66.0
20170124,22,PM10,咸宁,121.0
20170124,22,PM10_24h,咸宁,93.0
20170124,22,SO2,咸宁,9.0
20170124,22,SO2_24h,咸宁,11.0
20170124,22,NO2,咸宁,15.0
20170124,22,NO2_24h,咸宁,13.0
20170124,22,O3,咸宁,72.0
20170124,22,O3_24h,咸宁,113.0
20170124,22,O3_8h,咸宁,84.0
20170124,22,O3_8h_24h,咸宁,98.0
20170124,22,CO,咸宁,0.97
20170124,22,CO_24h,咸宁,0.93
20170124,23,AQI,咸宁,108.0
20170124,23,PM2.5,咸宁,81.0
20170124,23,PM2.5_24h,咸宁,67.0
20170124,23,PM10,咸宁,115.0
20170124,23,PM10_24h,咸宁,95.0
20170124,23,SO2,咸宁,6.0
20170124,23,SO2_24h,咸宁,11.0
20170124,23,NO2,咸宁,15.0
20170124,23,NO2_24h,咸宁,13.0
20170124,23,O3,咸宁,63.0
20170124,23,O3_24h,咸宁,113.0
20170124,23,O3_8h,咸宁,78.0
20170124,23,O3_8h_24h,咸宁,98.0
20170124,23,CO,咸宁,0.93
20170124,23,CO_24h,咸宁,0.93
20170124,0,AQI,随州,163.0
20170124,0,PM2.5,随州,124.0
20170124,0,PM2.5_24h,随州,110.0
20170124,0,PM10,随州,172.0
20170124,0,PM10_24h,随州,157.0
20170124,0,SO2,随州,13.0
20170124,0,SO2_24h,随州,14.0
20170124,0,NO2,随州,49.0
20170124,0,NO2_24h,随州,42.0
20170124,0,O3,随州,50.0
20170124,0,O3_24h,随州,131.0
20170124,0,O3_8h,随州,86.0
20170124,0,O3_8h_24h,随州,120.0
20170124,0,CO,随州,1.5
20170124,0,CO_24h,随州,1.47
20170124,1,AQI,随州,163.0
20170124,1,PM2.5,随州,124.0
20170124,1,PM2.5_24h,随州,110.0
20170124,1,PM10,随州,173.0
20170124,1,PM10_24h,随州,157.0
20170124,1,SO2,随州,12.0
20170124,1,SO2_24h,随州,14.0
20170124,1,NO2,随州,38.0
20170124,1,NO2_24h,随州,41.0
20170124,1,O3,随州,55.0
20170124,1,O3_24h,随州,131.0
20170124,1,O3_8h,随州,55.0
20170124,1,O3_8h_24h,随州,55.0
20170124,1,CO,随州,1.5
20170124,1,CO_24h,随州,1.47
20170124,2,AQI,随州,154.0
20170124,2,PM2.5,随州,118.0
20170124,2,PM2.5_24h,随州,110.0
20170124,2,PM10,随州,160.0
20170124,2,PM10_24h,随州,158.0
20170124,2,SO2,随州,11.0
20170124,2,SO2_24h,随州,14.0
20170124,2,NO2,随州,32.0
20170124,2,NO2_24h,随州,40.0
20170124,2,O3,随州,52.0
20170124,2,O3_24h,随州,131.0
20170124,2,O3_8h,随州,53.0
20170124,2,O3_8h_24h,随州,56.0
20170124,2,CO,随州,1.43
20170124,2,CO_24h,随州,1.47
20170124,3,AQI,随州,145.0
20170124,3,PM2.5,随州,111.0
20170124,3,PM2.5_24h,随州,110.0
20170124,3,PM10,随州,150.0
20170124,3,PM10_24h,随州,157.0
20170124,3,SO2,随州,10.0
20170124,3,SO2_24h,随州,14.0
20170124,3,NO2,随州,26.0
20170124,3,NO2_24h,随州,38.0
20170124,3,O3,随州,46.0
20170124,3,O3_24h,随州,131.0
20170124,3,O3_8h,随州,51.0
20170124,3,O3_8h_24h,随州,56.0
20170124,3,CO,随州,1.43
20170124,3,CO_24h,随州,1.47
20170124,4,AQI,随州,143.0
20170124,4,PM2.5,随州,109.0
20170124,4,PM2.5_24h,随州,109.0
20170124,4,PM10,随州,146.0
20170124,4,PM10_24h,随州,156.0
20170124,4,SO2,随州,9.0
20170124,4,SO2_24h,随州,14.0
20170124,4,NO2,随州,38.0
20170124,4,NO2_24h,随州,38.0
20170124,4,O3,随州,27.0
20170124,4,O3_24h,随州,131.0
20170124,4,O3_8h,随州,45.0
20170124,4,O3_8h_24h,随州,56.0
20170124,4,CO,随州,1.4
20170124,4,CO_24h,随州,1.47
20170124,5,AQI,随州,163.0
20170124,5,PM2.5,随州,124.0
20170124,5,PM2.5_24h,随州,110.0
20170124,5,PM10,随州,154.0
20170124,5,PM10_24h,随州,155.0
20170124,5,SO2,随州,8.0
20170124,5,SO2_24h,随州,13.0
20170124,5,NO2,随州,33.0
20170124,5,NO2_24h,随州,37.0
20170124,5,O3,随州,27.0
20170124,5,O3_24h,随州,131.0
20170124,5,O3_8h,随州,41.0
20170124,5,O3_8h_24h,随州,56.0
20170124,5,CO,随州,1.43
20170124,5,CO_24h,随州,1.47
20170124,6,AQI,随州,163.0
20170124,6,PM2.5,随州,124.0
20170124,6,PM2.5_24h,随州,110.0
20170124,6,PM10,随州,155.0
20170124,6,PM10_24h,随州,154.0
20170124,6,SO2,随州,7.0
20170124,6,SO2_24h,随州,13.0
20170124,6,NO2,随州,35.0
20170124,6,NO2_24h,随州,37.0
20170124,6,O3,随州,24.0
20170124,6,O3_24h,随州,131.0
20170124,6,O3_8h,随州,39.0
20170124,6,O3_8h_24h,随州,56.0
20170124,6,CO,随州,1.6
20170124,6,CO_24h,随州,1.47
20170124,7,AQI,随州,184.0
20170124,7,PM2.5,随州,139.0
20170124,7,PM2.5_24h,随州,110.0
20170124,7,PM10,随州,152.0
20170124,7,PM10_24h,随州,153.0
20170124,7,SO2,随州,8.0
20170124,7,SO2_24h,随州,13.0
20170124,7,NO2,随州,45.0
20170124,7,NO2_24h,随州,36.0
20170124,7,O3,随州,15.0
20170124,7,O3_24h,随州,131.0
20170124,7,O3_8h,随州,35.0
20170124,7,O3_8h_24h,随州,56.0
20170124,7,CO,随州,1.53
20170124,7,CO_24h,随州,1.43
20170124,8,AQI,随州,167.0
20170124,8,PM2.5,随州,127.0
20170124,8,PM2.5_24h,随州,110.0
20170124,8,PM10,随州,157.0
20170124,8,PM10_24h,随州,152.0
20170124,8,SO2,随州,9.0
20170124,8,SO2_24h,随州,13.0
20170124,8,NO2,随州,46.0
20170124,8,NO2_24h,随州,37.0
20170124,8,O3,随州,10.0
20170124,8,O3_24h,随州,131.0
20170124,8,O3_8h,随州,32.0
20170124,8,O3_8h_24h,随州,56.0
20170124,8,CO,随州,1.67
20170124,8,CO_24h,随州,1.43
20170124,9,AQI,随州,176.0
20170124,9,PM2.5,随州,133.0
20170124,9,PM2.5_24h,随州,110.0
20170124,9,PM10,随州,156.0
20170124,9,PM10_24h,随州,151.0
20170124,9,SO2,随州,12.0
20170124,9,SO2_24h,随州,13.0
20170124,9,NO2,随州,44.0
20170124,9,NO2_24h,随州,37.0
20170124,9,O3,随州,12.0
20170124,9,O3_24h,随州,131.0
20170124,9,O3_8h,随州,26.0
20170124,9,O3_8h_24h,随州,56.0
20170124,9,CO,随州,1.87
20170124,9,CO_24h,随州,1.47
20170124,10,AQI,随州,169.0
20170124,10,PM2.5,随州,128.0
20170124,10,PM2.5_24h,随州,111.0
20170124,10,PM10,随州,152.0
20170124,10,PM10_24h,随州,150.0
20170124,10,SO2,随州,13.0
20170124,10,SO2_24h,随州,13.0
20170124,10,NO2,随州,48.0
20170124,10,NO2_24h,随州,37.0
20170124,10,O3,随州,17.0
20170124,10,O3_24h,随州,131.0
20170124,10,O3_8h,随州,22.0
20170124,10,O3_8h_24h,随州,56.0
20170124,10,CO,随州,2.37
20170124,10,CO_24h,随州,1.43
20170124,11,AQI,随州,189.0
20170124,11,PM2.5,随州,142.0
20170124,11,PM2.5_24h,随州,112.0
20170124,11,PM10,随州,171.0
20170124,11,PM10_24h,随州,149.0
20170124,11,SO2,随州,15.0
20170124,11,SO2_24h,随州,13.0
20170124,11,NO2,随州,52.0
20170124,11,NO2_24h,随州,37.0
20170124,11,O3,随州,36.0
20170124,11,O3_24h,随州,131.0
20170124,11,O3_8h,随州,21.0
20170124,11,O3_8h_24h,随州,56.0
20170124,11,CO,随州,2.33
20170124,11,CO_24h,随州,1.47
20170124,12,AQI,随州,191.0
20170124,12,PM2.5,随州,144.0
20170124,12,PM2.5_24h,随州,112.0
20170124,12,PM10,随州,192.0
20170124,12,PM10_24h,随州,149.0
20170124,12,SO2,随州,18.0
20170124,12,SO2_24h,随州,13.0
20170124,12,NO2,随州,53.0
20170124,12,NO2_24h,随州,37.0
20170124,12,O3,随州,58.0
20170124,12,O3_24h,随州,131.0
20170124,12,O3_8h,随州,25.0
20170124,12,O3_8h_24h,随州,56.0
20170124,12,CO,随州,2.03
20170124,12,CO_24h,随州,1.47
20170124,13,AQI,随州,187.0
20170124,13,PM2.5,随州,141.0
20170124,13,PM2.5_24h,随州,112.0
20170124,13,PM10,随州,190.0
20170124,13,PM10_24h,随州,149.0
20170124,13,SO2,随州,18.0
20170124,13,SO2_24h,随州,13.0
20170124,13,NO2,随州,46.0
20170124,13,NO2_24h,随州,38.0
20170124,13,O3,随州,71.0
20170124,13,O3_24h,随州,131.0
20170124,13,O3_8h,随州,30.0
20170124,13,O3_8h_24h,随州,56.0
20170124,13,CO,随州,1.93
20170124,13,CO_24h,随州,1.5
20170124,14,AQI,随州,171.0
20170124,14,PM2.5,随州,130.0
20170124,14,PM2.5_24h,随州,112.0
20170124,14,PM10,随州,179.0
20170124,14,PM10_24h,随州,149.0
20170124,14,SO2,随州,17.0
20170124,14,SO2_24h,随州,14.0
20170124,14,NO2,随州,36.0
20170124,14,NO2_24h,随州,39.0
20170124,14,O3,随州,78.0
20170124,14,O3_24h,随州,131.0
20170124,14,O3_8h,随州,38.0
20170124,14,O3_8h_24h,随州,56.0
20170124,14,CO,随州,1.7
20170124,14,CO_24h,随州,1.53
20170124,15,AQI,随州,159.0
20170124,15,PM2.5,随州,121.0
20170124,15,PM2.5_24h,随州,113.0
20170124,15,PM10,随州,163.0
20170124,15,PM10_24h,随州,150.0
20170124,15,SO2,随州,16.0
20170124,15,SO2_24h,随州,14.0
20170124,15,NO2,随州,28.0
20170124,15,NO2_24h,随州,40.0
20170124,15,O3,随州,79.0
20170124,15,O3_24h,随州,128.0
20170124,15,O3_8h,随州,45.0
20170124,15,O3_8h_24h,随州,58.0
20170124,15,CO,随州,1.63
20170124,15,CO_24h,随州,1.57
20170124,16,AQI,随州,153.0
20170124,16,PM2.5,随州,117.0
20170124,16,PM2.5_24h,随州,114.0
20170124,16,PM10,随州,169.0
20170124,16,PM10_24h,随州,152.0
20170124,16,SO2,随州,17.0
20170124,16,SO2_24h,随州,14.0
20170124,16,NO2,随州,28.0
20170124,16,NO2_24h,随州,40.0
20170124,16,O3,随州,73.0
20170124,16,O3_24h,随州,124.0
20170124,16,O3_8h,随州,53.0
20170124,16,O3_8h_24h,随州,60.0
20170124,16,CO,随州,1.47
20170124,16,CO_24h,随州,1.6
20170124,17,AQI,随州,146.0
20170124,17,PM2.5,随州,112.0
20170124,17,PM2.5_24h,随州,116.0
20170124,17,PM10,随州,156.0
20170124,17,PM10_24h,随州,154.0
20170124,17,SO2,随州,16.0
20170124,17,SO2_24h,随州,14.0
20170124,17,NO2,随州,29.0
20170124,17,NO2_24h,随州,40.0
20170124,17,O3,随州,70.0
20170124,17,O3_24h,随州,119.0
20170124,17,O3_8h,随州,60.0
20170124,17,O3_8h_24h,随州,64.0
20170124,17,CO,随州,1.43
20170124,17,CO_24h,随州,1.6
20170124,18,AQI,随州,143.0
20170124,18,PM2.5,随州,109.0
20170124,18,PM2.5_24h,随州,117.0
20170124,18,PM10,随州,149.0
20170124,18,PM10_24h,随州,156.0
20170124,18,SO2,随州,14.0
20170124,18,SO2_24h,随州,14.0
20170124,18,NO2,随州,30.0
20170124,18,NO2_24h,随州,41.0
20170124,18,O3,随州,67.0
20170124,18,O3_24h,随州,117.0
20170124,18,O3_8h,随州,67.0
20170124,18,O3_8h_24h,随州,68.0
20170124,18,CO,随州,1.57
20170124,18,CO_24h,随州,1.63
20170124,19,AQI,随州,143.0
20170124,19,PM2.5,随州,109.0
20170124,19,PM2.5_24h,随州,119.0
20170124,19,PM10,随州,142.0
20170124,19,PM10_24h,随州,157.0
20170124,19,SO2,随州,15.0
20170124,19,SO2_24h,随州,14.0
20170124,19,NO2,随州,33.0
20170124,19,NO2_24h,随州,41.0
20170124,19,O3,随州,67.0
20170124,19,O3_24h,随州,105.0
20170124,19,O3_8h,随州,71.0
20170124,19,O3_8h_24h,随州,71.0
20170124,19,CO,随州,1.6
20170124,19,CO_24h,随州,1.63
20170124,20,AQI,随州,146.0
20170124,20,PM2.5,随州,112.0
20170124,20,PM2.5_24h,随州,121.0
20170124,20,PM10,随州,155.0
20170124,20,PM10_24h,随州,159.0
20170124,20,SO2,随州,14.0
20170124,20,SO2_24h,随州,14.0
20170124,20,NO2,随州,29.0
20170124,20,NO2_24h,随州,41.0
20170124,20,O3,随州,62.0
20170124,20,O3_24h,随州,91.0
20170124,20,O3_8h,随州,71.0
20170124,20,O3_8h_24h,随州,71.0
20170124,20,CO,随州,1.57
20170124,20,CO_24h,随州,1.63
20170124,21,AQI,随州,151.0
20170124,21,PM2.5,随州,116.0
20170124,21,PM2.5_24h,随州,122.0
20170124,21,PM10,随州,162.0
20170124,21,PM10_24h,随州,160.0
20170124,21,SO2,随州,12.0
20170124,21,SO2_24h,随州,13.0
20170124,21,NO2,随州,27.0
20170124,21,NO2_24h,随州,40.0
20170124,21,O3,随州,54.0
20170124,21,O3_24h,随州,81.0
20170124,21,O3_8h,随州,69.0
20170124,21,O3_8h_24h,随州,71.0
20170124,21,CO,随州,1.6
20170124,21,CO_24h,随州,1.67
20170124,22,AQI,随州,148.0
20170124,22,PM2.5,随州,113.0
20170124,22,PM2.5_24h,随州,122.0
20170124,22,PM10,随州,161.0
20170124,22,PM10_24h,随州,162.0
20170124,22,SO2,随州,11.0
20170124,22,SO2_24h,随州,13.0
20170124,22,NO2,随州,25.0
20170124,22,NO2_24h,随州,38.0
20170124,22,O3,随州,51.0
20170124,22,O3_24h,随州,81.0
20170124,22,O3_8h,随州,65.0
20170124,22,O3_8h_24h,随州,71.0
20170124,22,CO,随州,1.53
20170124,22,CO_24h,随州,1.63
20170124,23,AQI,随州,141.0
20170124,23,PM2.5,随州,108.0
20170124,23,PM2.5_24h,随州,122.0
20170124,23,PM10,随州,148.0
20170124,23,PM10_24h,随州,161.0
20170124,23,SO2,随州,11.0
20170124,23,SO2_24h,随州,13.0
20170124,23,NO2,随州,24.0
20170124,23,NO2_24h,随州,36.0
20170124,23,O3,随州,46.0
20170124,23,O3_24h,随州,81.0
20170124,23,O3_8h,随州,61.0
20170124,23,O3_8h_24h,随州,71.0
20170124,23,CO,随州,1.53
20170124,23,CO_24h,随州,1.63
20170124,0,AQI,恩施州,174.0
20170124,0,PM2.5,恩施州,132.0
20170124,0,PM2.5_24h,恩施州,133.0
20170124,0,PM10,恩施州,176.0
20170124,0,PM10_24h,恩施州,161.0
20170124,0,SO2,恩施州,16.0
20170124,0,SO2_24h,恩施州,14.0
20170124,0,NO2,恩施州,48.0
20170124,0,NO2_24h,恩施州,40.0
20170124,0,O3,恩施州,12.0
20170124,0,O3_24h,恩施州,68.0
20170124,0,O3_8h,恩施州,29.0
20170124,0,O3_8h_24h,恩施州,51.0
20170124,0,CO,恩施州,1.35
20170124,0,CO_24h,恩施州,1.2
20170124,1,AQI,恩施州,190.0
20170124,1,PM2.5,恩施州,143.0
20170124,1,PM2.5_24h,恩施州,131.0
20170124,1,PM10,恩施州,175.0
20170124,1,PM10_24h,恩施州,160.0
20170124,1,SO2,恩施州,15.0
20170124,1,SO2_24h,恩施州,14.0
20170124,1,NO2,恩施州,47.0
20170124,1,NO2_24h,恩施州,40.0
20170124,1,O3,恩施州,9.0
20170124,1,O3_24h,恩施州,68.0
20170124,1,O3_8h,恩施州,9.0
20170124,1,O3_8h_24h,恩施州,9.0
20170124,1,CO,恩施州,1.4
20170124,1,CO_24h,恩施州,1.15
20170124,2,AQI,恩施州,183.0
20170124,2,PM2.5,恩施州,138.0
20170124,2,PM2.5_24h,恩施州,130.0
20170124,2,PM10,恩施州,174.0
20170124,2,PM10_24h,恩施州,159.0
20170124,2,SO2,恩施州,14.0
20170124,2,SO2_24h,恩施州,14.0
20170124,2,NO2,恩施州,45.0
20170124,2,NO2_24h,恩施州,40.0
20170124,2,O3,恩施州,9.0
20170124,2,O3_24h,恩施州,68.0
20170124,2,O3_8h,恩施州,9.0
20170124,2,O3_8h_24h,恩施州,9.0
20170124,2,CO,恩施州,1.2
20170124,2,CO_24h,恩施州,1.15
20170124,3,AQI,恩施州,176.0
20170124,3,PM2.5,恩施州,133.0
20170124,3,PM2.5_24h,恩施州,128.0
20170124,3,PM10,恩施州,167.0
20170124,3,PM10_24h,恩施州,157.0
20170124,3,SO2,恩施州,13.0
20170124,3,SO2_24h,恩施州,15.0
20170124,3,NO2,恩施州,38.0
20170124,3,NO2_24h,恩施州,40.0
20170124,3,O3,恩施州,10.0
20170124,3,O3_24h,恩施州,68.0
20170124,3,O3_8h,恩施州,9.0
20170124,3,O3_8h_24h,恩施州,10.0
20170124,3,CO,恩施州,1.15
20170124,3,CO_24h,恩施州,1.15
20170124,4,AQI,恩施州,164.0
20170124,4,PM2.5,恩施州,125.0
20170124,4,PM2.5_24h,恩施州,126.0
20170124,4,PM10,恩施州,162.0
20170124,4,PM10_24h,恩施州,156.0
20170124,4,SO2,恩施州,12.0
20170124,4,SO2_24h,恩施州,15.0
20170124,4,NO2,恩施州,40.0
20170124,4,NO2_24h,恩施州,41.0
20170124,4,O3,恩施州,8.0
20170124,4,O3_24h,恩施州,68.0
20170124,4,O3_8h,恩施州,9.0
20170124,4,O3_8h_24h,恩施州,10.0
20170124,4,CO,恩施州,1.1
20170124,4,CO_24h,恩施州,1.1
20170124,5,AQI,恩施州,156.0
20170124,5,PM2.5,恩施州,119.0
20170124,5,PM2.5_24h,恩施州,124.0
20170124,5,PM10,恩施州,149.0
20170124,5,PM10_24h,恩施州,155.0
20170124,5,SO2,恩施州,11.0
20170124,5,SO2_24h,恩施州,14.0
20170124,5,NO2,恩施州,37.0
20170124,5,NO2_24h,恩施州,41.0
20170124,5,O3,恩施州,8.0
20170124,5,O3_24h,恩施州,68.0
20170124,5,O3_8h,恩施州,9.0
20170124,5,O3_8h_24h,恩施州,10.0
20170124,5,CO,恩施州,0.95
20170124,5,CO_24h,恩施州,1.1
20170124,6,AQI,恩施州,159.0
20170124,6,PM2.5,恩施州,121.0
20170124,6,PM2.5_24h,恩施州,122.0
20170124,6,PM10,恩施州,139.0
20170124,6,PM10_24h,恩施州,154.0
20170124,6,SO2,恩施州,10.0
20170124,6,SO2_24h,恩施州,14.0
20170124,6,NO2,恩施州,34.0
20170124,6,NO2_24h,恩施州,41.0
20170124,6,O3,恩施州,7.0
20170124,6,O3_24h,恩施州,68.0
20170124,6,O3_8h,恩施州,8.0
20170124,6,O3_8h_24h,恩施州,10.0
20170124,6,CO,恩施州,0.8
20170124,6,CO_24h,恩施州,1.05
20170124,7,AQI,恩施州,144.0
20170124,7,PM2.5,恩施州,110.0
20170124,7,PM2.5_24h,恩施州,121.0
20170124,7,PM10,恩施州,123.0
20170124,7,PM10_24h,恩施州,152.0
20170124,7,SO2,恩施州,12.0
20170124,7,SO2_24h,恩施州,14.0
20170124,7,NO2,恩施州,31.0
20170124,7,NO2_24h,恩施州,41.0
20170124,7,O3,恩施州,4.0
20170124,7,O3_24h,恩施州,68.0
20170124,7,O3_8h,恩施州,8.0
20170124,7,O3_8h_24h,恩施州,10.0
20170124,7,CO,恩施州,1.05
20170124,7,CO_24h,恩施州,1.05
20170124,8,AQI,恩施州,138.0
20170124,8,PM2.5,恩施州,105.0
20170124,8,PM2.5_24h,恩施州,119.0
20170124,8,PM10,恩施州,121.0
20170124,8,PM10_24h,恩施州,149.0
20170124,8,SO2,恩施州,17.0
20170124,8,SO2_24h,恩施州,15.0
20170124,8,NO2,恩施州,33.0
20170124,8,NO2_24h,恩施州,42.0
20170124,8,O3,恩施州,5.0
20170124,8,O3_24h,恩施州,68.0
20170124,8,O3_8h,恩施州,7.0
20170124,8,O3_8h_24h,恩施州,10.0
20170124,8,CO,恩施州,1.05
20170124,8,CO_24h,恩施州,1.05
20170124,9,AQI,恩施州,134.0
20170124,9,PM2.5,恩施州,102.0
20170124,9,PM2.5_24h,恩施州,118.0
20170124,9,PM10,恩施州,120.0
20170124,9,PM10_24h,恩施州,148.0
20170124,9,SO2,恩施州,17.0
20170124,9,SO2_24h,恩施州,15.0
20170124,9,NO2,恩施州,34.0
20170124,9,NO2_24h,恩施州,42.0
20170124,9,O3,恩施州,6.0
20170124,9,O3_24h,恩施州,68.0
20170124,9,O3_8h,恩施州,7.0
20170124,9,O3_8h_24h,恩施州,10.0
20170124,9,CO,恩施州,0.8
20170124,9,CO_24h,恩施州,1.05
20170124,10,AQI,恩施州,133.0
20170124,10,PM2.5,恩施州,101.0
20170124,10,PM2.5_24h,恩施州,117.0
20170124,10,PM10,恩施州,127.0
20170124,10,PM10_24h,恩施州,146.0
20170124,10,SO2,恩施州,14.0
20170124,10,SO2_24h,恩施州,15.0
20170124,10,NO2,恩施州,33.0
20170124,10,NO2_24h,恩施州,42.0
20170124,10,O3,恩施州,7.0
20170124,10,O3_24h,恩施州,68.0
20170124,10,O3_8h,恩施州,7.0
20170124,10,O3_8h_24h,恩施州,10.0
20170124,10,CO,恩施州,0.9
20170124,10,CO_24h,恩施州,1.05
20170124,11,AQI,恩施州,130.0
20170124,11,PM2.5,恩施州,99.0
20170124,11,PM2.5_24h,恩施州,115.0
20170124,11,PM10,恩施州,128.0
20170124,11,PM10_24h,恩施州,145.0
20170124,11,SO2,恩施州,17.0
20170124,11,SO2_24h,恩施州,15.0
20170124,11,NO2,恩施州,36.0
20170124,11,NO2_24h,恩施州,42.0
20170124,11,O3,恩施州,6.0
20170124,11,O3_24h,恩施州,68.0
20170124,11,O3_8h,恩施州,6.0
20170124,11,O3_8h_24h,恩施州,10.0
20170124,11,CO,恩施州,1.0
20170124,11,CO_24h,恩施州,1.0
20170124,12,AQI,恩施州,140.0
20170124,12,PM2.5,恩施州,107.0
20170124,12,PM2.5_24h,恩施州,114.0
20170124,12,PM10,恩施州,139.0
20170124,12,PM10_24h,恩施州,144.0
20170124,12,SO2,恩施州,20.0
20170124,12,SO2_24h,恩施州,15.0
20170124,12,NO2,恩施州,46.0
20170124,12,NO2_24h,恩施州,42.0
20170124,12,O3,恩施州,7.0
20170124,12,O3_24h,恩施州,68.0
20170124,12,O3_8h,恩施州,6.0
20170124,12,O3_8h_24h,恩施州,10.0
20170124,12,CO,恩施州,1.05
20170124,12,CO_24h,恩施州,1.0
20170124,13,AQI,恩施州,108.0
20170124,13,PM2.5,恩施州,81.0
20170124,13,PM2.5_24h,恩施州,111.0
20170124,13,PM10,恩施州,141.0
20170124,13,PM10_24h,恩施州,143.0
20170124,13,SO2,恩施州,16.0
20170124,13,SO2_24h,恩施州,15.0
20170124,13,NO2,恩施州,38.0
20170124,13,NO2_24h,恩施州,42.0
20170124,13,O3,恩施州,25.0
20170124,13,O3_24h,恩施州,68.0
20170124,13,O3_8h,恩施州,9.0
20170124,13,O3_8h_24h,恩施州,10.0
20170124,13,CO,恩施州,0.65
20170124,13,CO_24h,恩施州,0.95
20170124,14,AQI,恩施州,124.0
20170124,14,PM2.5,恩施州,94.0
20170124,14,PM2.5_24h,恩施州,110.0
20170124,14,PM10,恩施州,130.0
20170124,14,PM10_24h,恩施州,142.0
20170124,14,SO2,恩施州,12.0
20170124,14,SO2_24h,恩施州,15.0
20170124,14,NO2,恩施州,21.0
20170124,14,NO2_24h,恩施州,42.0
20170124,14,O3,恩施州,50.0
20170124,14,O3_24h,恩施州,68.0
20170124,14,O3_8h,恩施州,14.0
20170124,14,O3_8h_24h,恩施州,14.0
20170124,14,CO,恩施州,0.35
20170124,14,CO_24h,恩施州,0.95
20170124,15,AQI,恩施州,118.0
20170124,15,PM2.5,恩施州,89.0
20170124,15,PM2.5_24h,恩施州,109.0
20170124,15,PM10,恩施州,105.0
20170124,15,PM10_24h,恩施州,140.0
20170124,15,SO2,恩施州,10.0
20170124,15,SO2_24h,恩施州,15.0
20170124,15,NO2,恩施州,16.0
20170124,15,NO2_24h,恩施州,41.0
20170124,15,O3,恩施州,53.0
20170124,15,O3_24h,恩施州,68.0
20170124,15,O3_8h,恩施州,20.0
20170124,15,O3_8h_24h,恩施州,20.0
20170124,15,CO,恩施州,0.9
20170124,15,CO_24h,恩施州,0.95
20170124,16,AQI,恩施州,90.0
20170124,16,PM2.5,恩施州,67.0
20170124,16,PM2.5_24h,恩施州,107.0
20170124,16,PM10,恩施州,80.0
20170124,16,PM10_24h,恩施州,138.0
20170124,16,SO2,恩施州,12.0
20170124,16,SO2_24h,恩施州,15.0
20170124,16,NO2,恩施州,18.0
20170124,16,NO2_24h,恩施州,40.0
20170124,16,O3,恩施州,61.0
20170124,16,O3_24h,恩施州,67.0
20170124,16,O3_8h,恩施州,27.0
20170124,16,O3_8h_24h,恩施州,27.0
20170124,16,CO,恩施州,0.75
20170124,16,CO_24h,恩施州,0.95
20170124,17,AQI,恩施州,79.0
20170124,17,PM2.5,恩施州,58.0
20170124,17,PM2.5_24h,恩施州,105.0
20170124,17,PM10,恩施州,70.0
20170124,17,PM10_24h,恩施州,136.0
20170124,17,SO2,恩施州,11.0
20170124,17,SO2_24h,恩施州,15.0
20170124,17,NO2,恩施州,19.0
20170124,17,NO2_24h,恩施州,40.0
20170124,17,O3,恩施州,65.0
20170124,17,O3_24h,恩施州,65.0
20170124,17,O3_8h,恩施州,35.0
20170124,17,O3_8h_24h,恩施州,35.0
20170124,17,CO,恩施州,0.5
20170124,17,CO_24h,恩施州,0.95
20170124,18,AQI,恩施州,76.0
20170124,18,PM2.5,恩施州,56.0
20170124,18,PM2.5_24h,恩施州,103.0
20170124,18,PM10,恩施州,69.0
20170124,18,PM10_24h,恩施州,134.0
20170124,18,SO2,恩施州,11.0
20170124,18,SO2_24h,恩施州,15.0
20170124,18,NO2,恩施州,23.0
20170124,18,NO2_24h,恩施州,39.0
20170124,18,O3,恩施州,65.0
20170124,18,O3_24h,恩施州,67.0
20170124,18,O3_8h,恩施州,42.0
20170124,18,O3_8h_24h,恩施州,42.0
20170124,18,CO,恩施州,0.45
20170124,18,CO_24h,恩施州,0.95
20170124,19,AQI,恩施州,83.0
20170124,19,PM2.5,恩施州,61.0
20170124,19,PM2.5_24h,恩施州,102.0
20170124,19,PM10,恩施州,73.0
20170124,19,PM10_24h,恩施州,132.0
20170124,19,SO2,恩施州,11.0
20170124,19,SO2_24h,恩施州,14.0
20170124,19,NO2,恩施州,27.0
20170124,19,NO2_24h,恩施州,37.0
20170124,19,O3,恩施州,57.0
20170124,19,O3_24h,恩施州,67.0
20170124,19,O3_8h,恩施州,48.0
20170124,19,O3_8h_24h,恩施州,48.0
20170124,19,CO,恩施州,0.45
20170124,19,CO_24h,恩施州,0.9
20170124,20,AQI,恩施州,90.0
20170124,20,PM2.5,恩施州,67.0
20170124,20,PM2.5_24h,恩施州,101.0
20170124,20,PM10,恩施州,79.0
20170124,20,PM10_24h,恩施州,130.0
20170124,20,SO2,恩施州,9.0
20170124,20,SO2_24h,恩施州,14.0
20170124,20,NO2,恩施州,26.0
20170124,20,NO2_24h,恩施州,36.0
20170124,20,O3,恩施州,44.0
20170124,20,O3_24h,恩施州,67.0
20170124,20,O3_8h,恩施州,52.0
20170124,20,O3_8h_24h,恩施州,52.0
20170124,20,CO,恩施州,0.45
20170124,20,CO_24h,恩施州,0.9
20170124,21,AQI,恩施州,98.0
20170124,21,PM2.5,恩施州,73.0
20170124,21,PM2.5_24h,恩施州,100.0
20170124,21,PM10,恩施州,89.0
20170124,21,PM10_24h,恩施州,128.0
20170124,21,SO2,恩施州,8.0
20170124,21,SO2_24h,恩施州,14.0
20170124,21,NO2,恩施州,33.0
20170124,21,NO2_24h,恩施州,34.0
20170124,21,O3,恩施州,32.0
20170124,21,O3_24h,恩施州,67.0
20170124,21,O3_8h,恩施州,53.0
20170124,21,O3_8h_24h,恩施州,53.0
20170124,21,CO,恩施州,0.5
20170124,21,CO_24h,恩施州,0.9
20170124,22,AQI,恩施州,109.0
20170124,22,PM2.5,恩施州,82.0
20170124,22,PM2.5_24h,恩施州,100.0
20170124,22,PM10,恩施州,99.0
20170124,22,PM10_24h,恩施州,125.0
20170124,22,SO2,恩施州,9.0
20170124,22,SO2_24h,恩施州,13.0
20170124,22,NO2,恩施州,33.0
20170124,22,NO2_24h,恩施州,34.0
20170124,22,O3,恩施州,25.0
20170124,22,O3_24h,恩施州,67.0
20170124,22,O3_8h,恩施州,50.0
20170124,22,O3_8h_24h,恩施州,53.0
20170124,22,CO,恩施州,0.6
20170124,22,CO_24h,恩施州,0.85
20170124,23,AQI,恩施州,120.0
20170124,23,PM2.5,恩施州,91.0
20170124,23,PM2.5_24h,恩施州,98.0
20170124,23,PM10,恩施州,110.0
20170124,23,PM10_24h,恩施州,123.0
20170124,23,SO2,恩施州,9.0
20170124,23,SO2_24h,恩施州,13.0
20170124,23,NO2,恩施州,41.0
20170124,23,NO2_24h,恩施州,33.0
20170124,23,O3,恩施州,15.0
20170124,23,O3_24h,恩施州,67.0
20170124,23,O3_8h,恩施州,46.0
20170124,23,O3_8h_24h,恩施州,53.0
20170124,23,CO,恩施州,0.8
20170124,23,CO_24h,恩施州,0.85
20170124,0,AQI,衡阳,141.0
20170124,0,PM2.5,衡阳,108.0
20170124,0,PM2.5_24h,衡阳,85.0
20170124,0,PM10,衡阳,153.0
20170124,0,PM10_24h,衡阳,125.0
20170124,0,SO2,衡阳,24.0
20170124,0,SO2_24h,衡阳,24.0
20170124,0,NO2,衡阳,75.0
20170124,0,NO2_24h,衡阳,53.0
20170124,0,O3,衡阳,18.0
20170124,0,O3_24h,衡阳,124.0
20170124,0,O3_8h,衡阳,51.0
20170124,0,O3_8h_24h,衡阳,101.0
20170124,0,CO,衡阳,2.52
20170124,0,CO_24h,衡阳,1.7
20170124,1,AQI,衡阳,143.0
20170124,1,PM2.5,衡阳,109.0
20170124,1,PM2.5_24h,衡阳,85.0
20170124,1,PM10,衡阳,158.0
20170124,1,PM10_24h,衡阳,124.0
20170124,1,SO2,衡阳,23.0
20170124,1,SO2_24h,衡阳,24.0
20170124,1,NO2,衡阳,64.0
20170124,1,NO2_24h,衡阳,53.0
20170124,1,O3,衡阳,28.0
20170124,1,O3_24h,衡阳,124.0
20170124,1,O3_8h,衡阳,28.0
20170124,1,O3_8h_24h,衡阳,28.0
20170124,1,CO,衡阳,2.44
20170124,1,CO_24h,衡阳,1.7
20170124,2,AQI,衡阳,145.0
20170124,2,PM2.5,衡阳,111.0
20170124,2,PM2.5_24h,衡阳,85.0
20170124,2,PM10,衡阳,163.0
20170124,2,PM10_24h,衡阳,124.0
20170124,2,SO2,衡阳,20.0
20170124,2,SO2_24h,衡阳,24.0
20170124,2,NO2,衡阳,64.0
20170124,2,NO2_24h,衡阳,53.0
20170124,2,O3,衡阳,21.0
20170124,2,O3_24h,衡阳,124.0
20170124,2,O3_8h,衡阳,22.0
20170124,2,O3_8h_24h,衡阳,29.0
20170124,2,CO,衡阳,2.46
20170124,2,CO_24h,衡阳,1.74
20170124,3,AQI,衡阳,130.0
20170124,3,PM2.5,衡阳,99.0
20170124,3,PM2.5_24h,衡阳,85.0
20170124,3,PM10,衡阳,153.0
20170124,3,PM10_24h,衡阳,124.0
20170124,3,SO2,衡阳,17.0
20170124,3,SO2_24h,衡阳,24.0
20170124,3,NO2,衡阳,56.0
20170124,3,NO2_24h,衡阳,53.0
20170124,3,O3,衡阳,19.0
20170124,3,O3_24h,衡阳,124.0
20170124,3,O3_8h,衡阳,21.0
20170124,3,O3_8h_24h,衡阳,29.0
20170124,3,CO,衡阳,2.0
20170124,3,CO_24h,衡阳,1.74
20170124,4,AQI,衡阳,114.0
20170124,4,PM2.5,衡阳,86.0
20170124,4,PM2.5_24h,衡阳,84.0
20170124,4,PM10,衡阳,122.0
20170124,4,PM10_24h,衡阳,123.0
20170124,4,SO2,衡阳,15.0
20170124,4,SO2_24h,衡阳,23.0
20170124,4,NO2,衡阳,44.0
20170124,4,NO2_24h,衡阳,52.0
20170124,4,O3,衡阳,24.0
20170124,4,O3_24h,衡阳,124.0
20170124,4,O3_8h,衡阳,18.0
20170124,4,O3_8h_24h,衡阳,24.0
20170124,4,CO,衡阳,1.66
20170124,4,CO_24h,衡阳,1.7
20170124,5,AQI,衡阳,98.0
20170124,5,PM2.5,衡阳,73.0
20170124,5,PM2.5_24h,衡阳,82.0
20170124,5,PM10,衡阳,93.0
20170124,5,PM10_24h,衡阳,121.0
20170124,5,SO2,衡阳,15.0
20170124,5,SO2_24h,衡阳,23.0
20170124,5,NO2,衡阳,37.0
20170124,5,NO2_24h,衡阳,52.0
20170124,5,O3,衡阳,31.0
20170124,5,O3_24h,衡阳,124.0
20170124,5,O3_8h,衡阳,21.0
20170124,5,O3_8h_24h,衡阳,26.0
20170124,5,CO,衡阳,1.42
20170124,5,CO_24h,衡阳,1.7
20170124,6,AQI,衡阳,91.0
20170124,6,PM2.5,衡阳,68.0
20170124,6,PM2.5_24h,衡阳,81.0
20170124,6,PM10,衡阳,89.0
20170124,6,PM10_24h,衡阳,120.0
20170124,6,SO2,衡阳,16.0
20170124,6,SO2_24h,衡阳,23.0
20170124,6,NO2,衡阳,29.0
20170124,6,NO2_24h,衡阳,51.0
20170124,6,O3,衡阳,40.0
20170124,6,O3_24h,衡阳,124.0
20170124,6,O3_8h,衡阳,24.0
20170124,6,O3_8h_24h,衡阳,28.0
20170124,6,CO,衡阳,1.36
20170124,6,CO_24h,衡阳,1.66
20170124,7,AQI,衡阳,88.0
20170124,7,PM2.5,衡阳,65.0
20170124,7,PM2.5_24h,衡阳,80.0
20170124,7,PM10,衡阳,93.0
20170124,7,PM10_24h,衡阳,119.0
20170124,7,SO2,衡阳,18.0
20170124,7,SO2_24h,衡阳,23.0
20170124,7,NO2,衡阳,34.0
20170124,7,NO2_24h,衡阳,50.0
20170124,7,O3,衡阳,38.0
20170124,7,O3_24h,衡阳,124.0
20170124,7,O3_8h,衡阳,26.0
20170124,7,O3_8h_24h,衡阳,30.0
20170124,7,CO,衡阳,1.34
20170124,7,CO_24h,衡阳,1.64
20170124,8,AQI,衡阳,85.0
20170124,8,PM2.5,衡阳,63.0
20170124,8,PM2.5_24h,衡阳,79.0
20170124,8,PM10,衡阳,86.0
20170124,8,PM10_24h,衡阳,117.0
20170124,8,SO2,衡阳,50.0
20170124,8,SO2_24h,衡阳,24.0
20170124,8,NO2,衡阳,44.0
20170124,8,NO2_24h,衡阳,50.0
20170124,8,O3,衡阳,22.0
20170124,8,O3_24h,衡阳,124.0
20170124,8,O3_8h,衡阳,25.0
20170124,8,O3_8h_24h,衡阳,30.0
20170124,8,CO,衡阳,1.42
20170124,8,CO_24h,衡阳,1.64
20170124,9,AQI,衡阳,91.0
20170124,9,PM2.5,衡阳,68.0
20170124,9,PM2.5_24h,衡阳,78.0
20170124,9,PM10,衡阳,94.0
20170124,9,PM10_24h,衡阳,116.0
20170124,9,SO2,衡阳,55.0
20170124,9,SO2_24h,衡阳,25.0
20170124,9,NO2,衡阳,53.0
20170124,9,NO2_24h,衡阳,50.0
20170124,9,O3,衡阳,16.0
20170124,9,O3_24h,衡阳,124.0
20170124,9,O3_8h,衡阳,25.0
20170124,9,O3_8h_24h,衡阳,30.0
20170124,9,CO,衡阳,1.58
20170124,9,CO_24h,衡阳,1.62
20170124,10,AQI,衡阳,96.0
20170124,10,PM2.5,衡阳,72.0
20170124,10,PM2.5_24h,衡阳,77.0
20170124,10,PM10,衡阳,93.0
20170124,10,PM10_24h,衡阳,115.0
20170124,10,SO2,衡阳,50.0
20170124,10,SO2_24h,衡阳,26.0
20170124,10,NO2,衡阳,52.0
20170124,10,NO2_24h,衡阳,50.0
20170124,10,O3,衡阳,27.0
20170124,10,O3_24h,衡阳,124.0
20170124,10,O3_8h,衡阳,26.0
20170124,10,O3_8h_24h,衡阳,31.0
20170124,10,CO,衡阳,1.58
20170124,10,CO_24h,衡阳,1.62
20170124,11,AQI,衡阳,83.0
20170124,11,PM2.5,衡阳,61.0
20170124,11,PM2.5_24h,衡阳,76.0
20170124,11,PM10,衡阳,94.0
20170124,11,PM10_24h,衡阳,114.0
20170124,11,SO2,衡阳,59.0
20170124,11,SO2_24h,衡阳,28.0
20170124,11,NO2,衡阳,36.0
20170124,11,NO2_24h,衡阳,49.0
20170124,11,O3,衡阳,51.0
20170124,11,O3_24h,衡阳,124.0
20170124,11,O3_8h,衡阳,31.0
20170124,11,O3_8h_24h,衡阳,34.0
20170124,11,CO,衡阳,1.36
20170124,11,CO_24h,衡阳,1.62
20170124,12,AQI,衡阳,80.0
20170124,12,PM2.5,衡阳,59.0
20170124,12,PM2.5_24h,衡阳,75.0
20170124,12,PM10,衡阳,81.0
20170124,12,PM10_24h,衡阳,113.0
20170124,12,SO2,衡阳,38.0
20170124,12,SO2_24h,衡阳,28.0
20170124,12,NO2,衡阳,28.0
20170124,12,NO2_24h,衡阳,49.0
20170124,12,O3,衡阳,69.0
20170124,12,O3_24h,衡阳,124.0
20170124,12,O3_8h,衡阳,37.0
20170124,12,O3_8h_24h,衡阳,38.0
20170124,12,CO,衡阳,1.32
20170124,12,CO_24h,衡阳,1.62
20170124,13,AQI,衡阳,78.0
20170124,13,PM2.5,衡阳,57.0
20170124,13,PM2.5_24h,衡阳,75.0
20170124,13,PM10,衡阳,83.0
20170124,13,PM10_24h,衡阳,112.0
20170124,13,SO2,衡阳,26.0
20170124,13,SO2_24h,衡阳,28.0
20170124,13,NO2,衡阳,24.0
20170124,13,NO2_24h,衡阳,49.0
20170124,13,O3,衡阳,89.0
20170124,13,O3_24h,衡阳,124.0
20170124,13,O3_8h,衡阳,44.0
20170124,13,O3_8h_24h,衡阳,45.0
20170124,13,CO,衡阳,1.26
20170124,13,CO_24h,衡阳,1.62
20170124,14,AQI,衡阳,69.0
20170124,14,PM2.5,衡阳,50.0
20170124,14,PM2.5_24h,衡阳,74.0
20170124,14,PM10,衡阳,82.0
20170124,14,PM10_24h,衡阳,111.0
20170124,14,SO2,衡阳,23.0
20170124,14,SO2_24h,衡阳,28.0
20170124,14,NO2,衡阳,20.0
20170124,14,NO2_24h,衡阳,49.0
20170124,14,O3,衡阳,105.0
20170124,14,O3_24h,衡阳,124.0
20170124,14,O3_8h,衡阳,52.0
20170124,14,O3_8h_24h,衡阳,52.0
20170124,14,CO,衡阳,1.16
20170124,14,CO_24h,衡阳,1.62
20170124,15,AQI,衡阳,65.0
20170124,15,PM2.5,衡阳,47.0
20170124,15,PM2.5_24h,衡阳,74.0
20170124,15,PM10,衡阳,76.0
20170124,15,PM10_24h,衡阳,110.0
20170124,15,SO2,衡阳,22.0
20170124,15,SO2_24h,衡阳,28.0
20170124,15,NO2,衡阳,19.0
20170124,15,NO2_24h,衡阳,48.0
20170124,15,O3,衡阳,111.0
20170124,15,O3_24h,衡阳,123.0
20170124,15,O3_8h,衡阳,61.0
20170124,15,O3_8h_24h,衡阳,61.0
20170124,15,CO,衡阳,1.1
20170124,15,CO_24h,衡阳,1.62
20170124,16,AQI,衡阳,66.0
20170124,16,PM2.5,衡阳,48.0
20170124,16,PM2.5_24h,衡阳,74.0
20170124,16,PM10,衡阳,81.0
20170124,16,PM10_24h,衡阳,110.0
20170124,16,SO2,衡阳,19.0
20170124,16,SO2_24h,衡阳,27.0
20170124,16,NO2,衡阳,25.0
20170124,16,NO2_24h,衡阳,48.0
20170124,16,O3,衡阳,101.0
20170124,16,O3_24h,衡阳,118.0
20170124,16,O3_8h,衡阳,71.0
20170124,16,O3_8h_24h,衡阳,71.0
20170124,16,CO,衡阳,1.16
20170124,16,CO_24h,衡阳,1.62
20170124,17,AQI,衡阳,76.0
20170124,17,PM2.5,衡阳,56.0
20170124,17,PM2.5_24h,衡阳,74.0
20170124,17,PM10,衡阳,90.0
20170124,17,PM10_24h,衡阳,110.0
20170124,17,SO2,衡阳,25.0
20170124,17,SO2_24h,衡阳,28.0
20170124,17,NO2,衡阳,27.0
20170124,17,NO2_24h,衡阳,48.0
20170124,17,O3,衡阳,91.0
20170124,17,O3_24h,衡阳,113.0
20170124,17,O3_8h,衡阳,80.0
20170124,17,O3_8h_24h,衡阳,80.0
20170124,17,CO,衡阳,1.22
20170124,17,CO_24h,衡阳,1.64
20170124,18,AQI,衡阳,85.0
20170124,18,PM2.5,衡阳,63.0
20170124,18,PM2.5_24h,衡阳,75.0
20170124,18,PM10,衡阳,98.0
20170124,18,PM10_24h,衡阳,111.0
20170124,18,SO2,衡阳,26.0
20170124,18,SO2_24h,衡阳,28.0
20170124,18,NO2,衡阳,29.0
20170124,18,NO2_24h,衡阳,48.0
20170124,18,O3,衡阳,80.0
20170124,18,O3_24h,衡阳,111.0
20170124,18,O3_8h,衡阳,87.0
20170124,18,O3_8h_24h,衡阳,87.0
20170124,18,CO,衡阳,1.32
20170124,18,CO_24h,衡阳,1.66
20170124,19,AQI,衡阳,94.0
20170124,19,PM2.5,衡阳,70.0
20170124,19,PM2.5_24h,衡阳,75.0
20170124,19,PM10,衡阳,102.0
20170124,19,PM10_24h,衡阳,111.0
20170124,19,SO2,衡阳,29.0
20170124,19,SO2_24h,衡阳,28.0
20170124,19,NO2,衡阳,33.0
20170124,19,NO2_24h,衡阳,47.0
20170124,19,O3,衡阳,73.0
20170124,19,O3_24h,衡阳,111.0
20170124,19,O3_8h,衡阳,90.0
20170124,19,O3_8h_24h,衡阳,90.0
20170124,19,CO,衡阳,1.52
20170124,19,CO_24h,衡阳,1.68
20170124,20,AQI,衡阳,104.0
20170124,20,PM2.5,衡阳,78.0
20170124,20,PM2.5_24h,衡阳,75.0
20170124,20,PM10,衡阳,115.0
20170124,20,PM10_24h,衡阳,110.0
20170124,20,SO2,衡阳,30.0
20170124,20,SO2_24h,衡阳,28.0
20170124,20,NO2,衡阳,33.0
20170124,20,NO2_24h,衡阳,45.0
20170124,20,O3,衡阳,68.0
20170124,20,O3_24h,衡阳,111.0
20170124,20,O3_8h,衡阳,90.0
20170124,20,O3_8h_24h,衡阳,90.0
20170124,20,CO,衡阳,1.42
20170124,20,CO_24h,衡阳,1.64
20170124,21,AQI,衡阳,98.0
20170124,21,PM2.5,衡阳,73.0
20170124,21,PM2.5_24h,衡阳,75.0
20170124,21,PM10,衡阳,104.0
20170124,21,PM10_24h,衡阳,108.0
20170124,21,SO2,衡阳,21.0
20170124,21,SO2_24h,衡阳,28.0
20170124,21,NO2,衡阳,34.0
20170124,21,NO2_24h,衡阳,43.0
20170124,21,O3,衡阳,61.0
20170124,21,O3_24h,衡阳,111.0
20170124,21,O3_8h,衡阳,86.0
20170124,21,O3_8h_24h,衡阳,90.0
20170124,21,CO,衡阳,1.34
20170124,21,CO_24h,衡阳,1.6
20170124,22,AQI,衡阳,99.0
20170124,22,PM2.5,衡阳,74.0
20170124,22,PM2.5_24h,衡阳,74.0
20170124,22,PM10,衡阳,90.0
20170124,22,PM10_24h,衡阳,106.0
20170124,22,SO2,衡阳,18.0
20170124,22,SO2_24h,衡阳,28.0
20170124,22,NO2,衡阳,23.0
20170124,22,NO2_24h,衡阳,41.0
20170124,22,O3,衡阳,75.0
20170124,22,O3_24h,衡阳,111.0
20170124,22,O3_8h,衡阳,82.0
20170124,22,O3_8h_24h,衡阳,90.0
20170124,22,CO,衡阳,1.2
20170124,22,CO_24h,衡阳,1.56
20170124,23,AQI,衡阳,106.0
20170124,23,PM2.5,衡阳,80.0
20170124,23,PM2.5_24h,衡阳,72.0
20170124,23,PM10,衡阳,89.0
20170124,23,PM10_24h,衡阳,103.0
20170124,23,SO2,衡阳,28.0
20170124,23,SO2_24h,衡阳,28.0
20170124,23,NO2,衡阳,28.0
20170124,23,NO2_24h,衡阳,38.0
20170124,23,O3,衡阳,62.0
20170124,23,O3_24h,衡阳,111.0
20170124,23,O3_8h,衡阳,76.0
20170124,23,O3_8h_24h,衡阳,90.0
20170124,23,CO,衡阳,1.28
20170124,23,CO_24h,衡阳,1.54
20170124,0,AQI,邵阳,163.0
20170124,0,PM2.5,邵阳,124.0
20170124,0,PM2.5_24h,邵阳,100.0
20170124,0,PM10,邵阳,178.0
20170124,0,PM10_24h,邵阳,131.0
20170124,0,SO2,邵阳,26.0
20170124,0,SO2_24h,邵阳,22.0
20170124,0,NO2,邵阳,72.0
20170124,0,NO2_24h,邵阳,43.0
20170124,0,O3,邵阳,7.0
20170124,0,O3_24h,邵阳,119.0
20170124,0,O3_8h,邵阳,61.0
20170124,0,O3_8h_24h,邵阳,103.0
20170124,0,CO,邵阳,1.85
20170124,0,CO_24h,邵阳,1.42
20170124,1,AQI,邵阳,176.0
20170124,1,PM2.5,邵阳,133.0
20170124,1,PM2.5_24h,邵阳,101.0
20170124,1,PM10,邵阳,200.0
20170124,1,PM10_24h,邵阳,133.0
20170124,1,SO2,邵阳,24.0
20170124,1,SO2_24h,邵阳,23.0
20170124,1,NO2,邵阳,65.0
20170124,1,NO2_24h,邵阳,43.0
20170124,1,O3,邵阳,7.0
20170124,1,O3_24h,邵阳,119.0
20170124,1,O3_8h,邵阳,7.0
20170124,1,O3_8h_24h,邵阳,7.0
20170124,1,CO,邵阳,1.95
20170124,1,CO_24h,邵阳,1.48
20170124,2,AQI,邵阳,179.0
20170124,2,PM2.5,邵阳,135.0
20170124,2,PM2.5_24h,邵阳,103.0
20170124,2,PM10,邵阳,206.0
20170124,2,PM10_24h,邵阳,134.0
20170124,2,SO2,邵阳,21.0
20170124,2,SO2_24h,邵阳,23.0
20170124,2,NO2,邵阳,53.0
20170124,2,NO2_24h,邵阳,44.0
20170124,2,O3,邵阳,12.0
20170124,2,O3_24h,邵阳,119.0
20170124,2,O3_8h,邵阳,10.0
20170124,2,O3_8h_24h,邵阳,10.0
20170124,2,CO,邵阳,1.85
20170124,2,CO_24h,邵阳,1.48
20170124,3,AQI,邵阳,179.0
20170124,3,PM2.5,邵阳,135.0
20170124,3,PM2.5_24h,邵阳,103.0
20170124,3,PM10,邵阳,187.0
20170124,3,PM10_24h,邵阳,136.0
20170124,3,SO2,邵阳,20.0
20170124,3,SO2_24h,邵阳,23.0
20170124,3,NO2,邵阳,50.0
20170124,3,NO2_24h,邵阳,44.0
20170124,3,O3,邵阳,8.0
20170124,3,O3_24h,邵阳,119.0
20170124,3,O3_8h,邵阳,9.0
20170124,3,O3_8h_24h,邵阳,10.0
20170124,3,CO,邵阳,1.88
20170124,3,CO_24h,邵阳,1.5
20170124,4,AQI,邵阳,179.0
20170124,4,PM2.5,邵阳,135.0
20170124,4,PM2.5_24h,邵阳,105.0
20170124,4,PM10,邵阳,182.0
20170124,4,PM10_24h,邵阳,138.0
20170124,4,SO2,邵阳,17.0
20170124,4,SO2_24h,邵阳,23.0
20170124,4,NO2,邵阳,44.0
20170124,4,NO2_24h,邵阳,44.0
20170124,4,O3,邵阳,7.0
20170124,4,O3_24h,邵阳,119.0
20170124,4,O3_8h,邵阳,8.0
20170124,4,O3_8h_24h,邵阳,10.0
20170124,4,CO,邵阳,1.77
20170124,4,CO_24h,邵阳,1.5
20170124,5,AQI,邵阳,170.0
20170124,5,PM2.5,邵阳,129.0
20170124,5,PM2.5_24h,邵阳,106.0
20170124,5,PM10,邵阳,173.0
20170124,5,PM10_24h,邵阳,139.0
20170124,5,SO2,邵阳,16.0
20170124,5,SO2_24h,邵阳,23.0
20170124,5,NO2,邵阳,39.0
20170124,5,NO2_24h,邵阳,44.0
20170124,5,O3,邵阳,9.0
20170124,5,O3_24h,邵阳,119.0
20170124,5,O3_8h,邵阳,8.0
20170124,5,O3_8h_24h,邵阳,10.0
20170124,5,CO,邵阳,1.7
20170124,5,CO_24h,邵阳,1.5
20170124,6,AQI,邵阳,156.0
20170124,6,PM2.5,邵阳,119.0
20170124,6,PM2.5_24h,邵阳,106.0
20170124,6,PM10,邵阳,148.0
20170124,6,PM10_24h,邵阳,140.0
20170124,6,SO2,邵阳,15.0
20170124,6,SO2_24h,邵阳,23.0
20170124,6,NO2,邵阳,35.0
20170124,6,NO2_24h,邵阳,43.0
20170124,6,O3,邵阳,15.0
20170124,6,O3_24h,邵阳,119.0
20170124,6,O3_8h,邵阳,9.0
20170124,6,O3_8h_24h,邵阳,10.0
20170124,6,CO,邵阳,1.63
20170124,6,CO_24h,邵阳,1.52
20170124,7,AQI,邵阳,153.0
20170124,7,PM2.5,邵阳,117.0
20170124,7,PM2.5_24h,邵阳,106.0
20170124,7,PM10,邵阳,136.0
20170124,7,PM10_24h,邵阳,141.0
20170124,7,SO2,邵阳,20.0
20170124,7,SO2_24h,邵阳,23.0
20170124,7,NO2,邵阳,37.0
20170124,7,NO2_24h,邵阳,43.0
20170124,7,O3,邵阳,5.0
20170124,7,O3_24h,邵阳,119.0
20170124,7,O3_8h,邵阳,8.0
20170124,7,O3_8h_24h,邵阳,10.0
20170124,7,CO,邵阳,1.73
20170124,7,CO_24h,邵阳,1.52
20170124,8,AQI,邵阳,146.0
20170124,8,PM2.5,邵阳,112.0
20170124,8,PM2.5_24h,邵阳,107.0
20170124,8,PM10,邵阳,120.0
20170124,8,PM10_24h,邵阳,141.0
20170124,8,SO2,邵阳,22.0
20170124,8,SO2_24h,邵阳,24.0
20170124,8,NO2,邵阳,43.0
20170124,8,NO2_24h,邵阳,43.0
20170124,8,O3,邵阳,7.0
20170124,8,O3_24h,邵阳,119.0
20170124,8,O3_8h,邵阳,8.0
20170124,8,O3_8h_24h,邵阳,8.0
20170124,8,CO,邵阳,1.75
20170124,8,CO_24h,邵阳,1.52
20170124,9,AQI,邵阳,136.0
20170124,9,PM2.5,邵阳,104.0
20170124,9,PM2.5_24h,邵阳,106.0
20170124,9,PM10,邵阳,125.0
20170124,9,PM10_24h,邵阳,141.0
20170124,9,SO2,邵阳,24.0
20170124,9,SO2_24h,邵阳,24.0
20170124,9,NO2,邵阳,47.0
20170124,9,NO2_24h,邵阳,44.0
20170124,9,O3,邵阳,21.0
20170124,9,O3_24h,邵阳,119.0
20170124,9,O3_8h,邵阳,8.0
20170124,9,O3_8h_24h,邵阳,10.0
20170124,9,CO,邵阳,1.63
20170124,9,CO_24h,邵阳,1.52
20170124,10,AQI,邵阳,129.0
20170124,10,PM2.5,邵阳,98.0
20170124,10,PM2.5_24h,邵阳,106.0
20170124,10,PM10,邵阳,113.0
20170124,10,PM10_24h,邵阳,140.0
20170124,10,SO2,邵阳,23.0
20170124,10,SO2_24h,邵阳,24.0
20170124,10,NO2,邵阳,43.0
20170124,10,NO2_24h,邵阳,44.0
20170124,10,O3,邵阳,34.0
20170124,10,O3_24h,邵阳,119.0
20170124,10,O3_8h,邵阳,11.0
20170124,10,O3_8h_24h,邵阳,13.0
20170124,10,CO,邵阳,1.48
20170124,10,CO_24h,邵阳,1.52
20170124,11,AQI,邵阳,128.0
20170124,11,PM2.5,邵阳,97.0
20170124,11,PM2.5_24h,邵阳,105.0
20170124,11,PM10,邵阳,122.0
20170124,11,PM10_24h,邵阳,140.0
20170124,11,SO2,邵阳,26.0
20170124,11,SO2_24h,邵阳,23.0
20170124,11,NO2,邵阳,37.0
20170124,11,NO2_24h,邵阳,43.0
20170124,11,O3,邵阳,55.0
20170124,11,O3_24h,邵阳,119.0
20170124,11,O3_8h,邵阳,17.0
20170124,11,O3_8h_24h,邵阳,17.0
20170124,11,CO,邵阳,1.4
20170124,11,CO_24h,邵阳,1.5
20170124,12,AQI,邵阳,115.0
20170124,12,PM2.5,邵阳,87.0
20170124,12,PM2.5_24h,邵阳,104.0
20170124,12,PM10,邵阳,118.0
20170124,12,PM10_24h,邵阳,138.0
20170124,12,SO2,邵阳,26.0
20170124,12,SO2_24h,邵阳,22.0
20170124,12,NO2,邵阳,24.0
20170124,12,NO2_24h,邵阳,42.0
20170124,12,O3,邵阳,80.0
20170124,12,O3_24h,邵阳,119.0
20170124,12,O3_8h,邵阳,27.0
20170124,12,O3_8h_24h,邵阳,27.0
20170124,12,CO,邵阳,1.25
20170124,12,CO_24h,邵阳,1.5
20170124,13,AQI,邵阳,101.0
20170124,13,PM2.5,邵阳,76.0
20170124,13,PM2.5_24h,邵阳,103.0
20170124,13,PM10,邵阳,103.0
20170124,13,PM10_24h,邵阳,136.0
20170124,13,SO2,邵阳,24.0
20170124,13,SO2_24h,邵阳,22.0
20170124,13,NO2,邵阳,18.0
20170124,13,NO2_24h,邵阳,42.0
20170124,13,O3,邵阳,94.0
20170124,13,O3_24h,邵阳,119.0
20170124,13,O3_8h,邵阳,38.0
20170124,13,O3_8h_24h,邵阳,38.0
20170124,13,CO,邵阳,1.18
20170124,13,CO_24h,邵阳,1.5
20170124,14,AQI,邵阳,95.0
20170124,14,PM2.5,邵阳,71.0
20170124,14,PM2.5_24h,邵阳,103.0
20170124,14,PM10,邵阳,90.0
20170124,14,PM10_24h,邵阳,135.0
20170124,14,SO2,邵阳,23.0
20170124,14,SO2_24h,邵阳,22.0
20170124,14,NO2,邵阳,16.0
20170124,14,NO2_24h,邵阳,42.0
20170124,14,O3,邵阳,105.0
20170124,14,O3_24h,邵阳,119.0
20170124,14,O3_8h,邵阳,50.0
20170124,14,O3_8h_24h,邵阳,50.0
20170124,14,CO,邵阳,1.18
20170124,14,CO_24h,邵阳,1.5
20170124,15,AQI,邵阳,96.0
20170124,15,PM2.5,邵阳,72.0
20170124,15,PM2.5_24h,邵阳,103.0
20170124,15,PM10,邵阳,89.0
20170124,15,PM10_24h,邵阳,135.0
20170124,15,SO2,邵阳,24.0
20170124,15,SO2_24h,邵阳,23.0
20170124,15,NO2,邵阳,17.0
20170124,15,NO2_24h,邵阳,41.0
20170124,15,O3,邵阳,110.0
20170124,15,O3_24h,邵阳,118.0
20170124,15,O3_8h,邵阳,63.0
20170124,15,O3_8h_24h,邵阳,63.0
20170124,15,CO,邵阳,1.2
20170124,15,CO_24h,邵阳,1.5
20170124,16,AQI,邵阳,93.0
20170124,16,PM2.5,邵阳,69.0
20170124,16,PM2.5_24h,邵阳,103.0
20170124,16,PM10,邵阳,88.0
20170124,16,PM10_24h,邵阳,135.0
20170124,16,SO2,邵阳,26.0
20170124,16,SO2_24h,邵阳,23.0
20170124,16,NO2,邵阳,21.0
20170124,16,NO2_24h,邵阳,41.0
20170124,16,O3,邵阳,101.0
20170124,16,O3_24h,邵阳,112.0
20170124,16,O3_8h,邵阳,75.0
20170124,16,O3_8h_24h,邵阳,75.0
20170124,16,CO,邵阳,1.25
20170124,16,CO_24h,邵阳,1.5
20170124,17,AQI,邵阳,93.0
20170124,17,PM2.5,邵阳,69.0
20170124,17,PM2.5_24h,邵阳,103.0
20170124,17,PM10,邵阳,92.0
20170124,17,PM10_24h,邵阳,135.0
20170124,17,SO2,邵阳,26.0
20170124,17,SO2_24h,邵阳,23.0
20170124,17,NO2,邵阳,23.0
20170124,17,NO2_24h,邵阳,41.0
20170124,17,O3,邵阳,92.0
20170124,17,O3_24h,邵阳,110.0
20170124,17,O3_8h,邵阳,84.0
20170124,17,O3_8h_24h,邵阳,84.0
20170124,17,CO,邵阳,1.3
20170124,17,CO_24h,邵阳,1.5
20170124,18,AQI,邵阳,95.0
20170124,18,PM2.5,邵阳,71.0
20170124,18,PM2.5_24h,邵阳,103.0
20170124,18,PM10,邵阳,91.0
20170124,18,PM10_24h,邵阳,135.0
20170124,18,SO2,邵阳,28.0
20170124,18,SO2_24h,邵阳,23.0
20170124,18,NO2,邵阳,26.0
20170124,18,NO2_24h,邵阳,41.0
20170124,18,O3,邵阳,84.0
20170124,18,O3_24h,邵阳,110.0
20170124,18,O3_8h,邵阳,90.0
20170124,18,O3_8h_24h,邵阳,90.0
20170124,18,CO,邵阳,1.38
20170124,18,CO_24h,邵阳,1.5
20170124,19,AQI,邵阳,96.0
20170124,19,PM2.5,邵阳,72.0
20170124,19,PM2.5_24h,邵阳,102.0
20170124,19,PM10,邵阳,91.0
20170124,19,PM10_24h,邵阳,134.0
20170124,19,SO2,邵阳,22.0
20170124,19,SO2_24h,邵阳,23.0
20170124,19,NO2,邵阳,22.0
20170124,19,NO2_24h,邵阳,40.0
20170124,19,O3,邵阳,87.0
20170124,19,O3_24h,邵阳,110.0
20170124,19,O3_8h,邵阳,94.0
20170124,19,O3_8h_24h,邵阳,94.0
20170124,19,CO,邵阳,1.23
20170124,19,CO_24h,邵阳,1.5
20170124,20,AQI,邵阳,94.0
20170124,20,PM2.5,邵阳,70.0
20170124,20,PM2.5_24h,邵阳,101.0
20170124,20,PM10,邵阳,85.0
20170124,20,PM10_24h,邵阳,133.0
20170124,20,SO2,邵阳,22.0
20170124,20,SO2_24h,邵阳,23.0
20170124,20,NO2,邵阳,21.0
20170124,20,NO2_24h,邵阳,39.0
20170124,20,O3,邵阳,85.0
20170124,20,O3_24h,邵阳,110.0
20170124,20,O3_8h,邵阳,95.0
20170124,20,O3_8h_24h,邵阳,95.0
20170124,20,CO,邵阳,1.2
20170124,20,CO_24h,邵阳,1.5
20170124,21,AQI,邵阳,98.0
20170124,21,PM2.5,邵阳,73.0
20170124,21,PM2.5_24h,邵阳,99.0
20170124,21,PM10,邵阳,89.0
20170124,21,PM10_24h,邵阳,130.0
20170124,21,SO2,邵阳,26.0
20170124,21,SO2_24h,邵阳,23.0
20170124,21,NO2,邵阳,24.0
20170124,21,NO2_24h,邵阳,38.0
20170124,21,O3,邵阳,76.0
20170124,21,O3_24h,邵阳,110.0
20170124,21,O3_8h,邵阳,93.0
20170124,21,O3_8h_24h,邵阳,95.0
20170124,21,CO,邵阳,1.35
20170124,21,CO_24h,邵阳,1.5
20170124,22,AQI,邵阳,99.0
20170124,22,PM2.5,邵阳,74.0
20170124,22,PM2.5_24h,邵阳,98.0
20170124,22,PM10,邵阳,94.0
20170124,22,PM10_24h,邵阳,129.0
20170124,22,SO2,邵阳,24.0
20170124,22,SO2_24h,邵阳,23.0
20170124,22,NO2,邵阳,21.0
20170124,22,NO2_24h,邵阳,36.0
20170124,22,O3,邵阳,75.0
20170124,22,O3_24h,邵阳,110.0
20170124,22,O3_8h,邵阳,89.0
20170124,22,O3_8h_24h,邵阳,95.0
20170124,22,CO,邵阳,1.35
20170124,22,CO_24h,邵阳,1.5
20170124,23,AQI,邵阳,104.0
20170124,23,PM2.5,邵阳,78.0
20170124,23,PM2.5_24h,邵阳,96.0
20170124,23,PM10,邵阳,91.0
20170124,23,PM10_24h,邵阳,127.0
20170124,23,SO2,邵阳,22.0
20170124,23,SO2_24h,邵阳,23.0
20170124,23,NO2,邵阳,22.0
20170124,23,NO2_24h,邵阳,34.0
20170124,23,O3,邵阳,67.0
20170124,23,O3_24h,邵阳,110.0
20170124,23,O3_8h,邵阳,83.0
20170124,23,O3_8h_24h,邵阳,95.0
20170124,23,CO,邵阳,1.38
20170124,23,CO_24h,邵阳,1.5
20170124,0,AQI,益阳,156.0
20170124,0,PM2.5,益阳,119.0
20170124,0,PM2.5_24h,益阳,81.0
20170124,0,PM10,益阳,234.0
20170124,0,PM10_24h,益阳,161.0
20170124,0,SO2,益阳,26.0
20170124,0,SO2_24h,益阳,24.0
20170124,0,NO2,益阳,97.0
20170124,0,NO2_24h,益阳,52.0
20170124,0,O3,益阳,15.0
20170124,0,O3_24h,益阳,135.0
20170124,0,O3_8h,益阳,65.0
20170124,0,O3_8h_24h,益阳,115.0
20170124,0,CO,益阳,2.95
20170124,0,CO_24h,益阳,1.8
20170124,1,AQI,益阳,146.0
20170124,1,PM2.5,益阳,112.0
20170124,1,PM2.5_24h,益阳,82.0
20170124,1,PM10,益阳,223.0
20170124,1,PM10_24h,益阳,162.0
20170124,1,SO2,益阳,27.0
20170124,1,SO2_24h,益阳,25.0
20170124,1,NO2,益阳,89.0
20170124,1,NO2_24h,益阳,53.0
20170124,1,O3,益阳,20.0
20170124,1,O3_24h,益阳,135.0
20170124,1,O3_8h,益阳,20.0
20170124,1,O3_8h_24h,益阳,20.0
20170124,1,CO,益阳,2.73
20170124,1,CO_24h,益阳,1.82
20170124,2,AQI,益阳,140.0
20170124,2,PM2.5,益阳,107.0
20170124,2,PM2.5_24h,益阳,82.0
20170124,2,PM10,益阳,198.0
20170124,2,PM10_24h,益阳,162.0
20170124,2,SO2,益阳,24.0
20170124,2,SO2_24h,益阳,25.0
20170124,2,NO2,益阳,74.0
20170124,2,NO2_24h,益阳,54.0
20170124,2,O3,益阳,30.0
20170124,2,O3_24h,益阳,135.0
20170124,2,O3_8h,益阳,25.0
20170124,2,O3_8h_24h,益阳,25.0
20170124,2,CO,益阳,2.48
20170124,2,CO_24h,益阳,1.85
20170124,3,AQI,益阳,134.0
20170124,3,PM2.5,益阳,102.0
20170124,3,PM2.5_24h,益阳,83.0
20170124,3,PM10,益阳,191.0
20170124,3,PM10_24h,益阳,163.0
20170124,3,SO2,益阳,24.0
20170124,3,SO2_24h,益阳,25.0
20170124,3,NO2,益阳,69.0
20170124,3,NO2_24h,益阳,55.0
20170124,3,O3,益阳,28.0
20170124,3,O3_24h,益阳,135.0
20170124,3,O3_8h,益阳,26.0
20170124,3,O3_8h_24h,益阳,26.0
20170124,3,CO,益阳,2.3
20170124,3,CO_24h,益阳,1.88
20170124,4,AQI,益阳,131.0
20170124,4,PM2.5,益阳,100.0
20170124,4,PM2.5_24h,益阳,84.0
20170124,4,PM10,益阳,186.0
20170124,4,PM10_24h,益阳,163.0
20170124,4,SO2,益阳,24.0
20170124,4,SO2_24h,益阳,25.0
20170124,4,NO2,益阳,62.0
20170124,4,NO2_24h,益阳,56.0
20170124,4,O3,益阳,27.0
20170124,4,O3_24h,益阳,135.0
20170124,4,O3_8h,益阳,26.0
20170124,4,O3_8h_24h,益阳,27.0
20170124,4,CO,益阳,2.25
20170124,4,CO_24h,益阳,1.9
20170124,5,AQI,益阳,121.0
20170124,5,PM2.5,益阳,92.0
20170124,5,PM2.5_24h,益阳,84.0
20170124,5,PM10,益阳,189.0
20170124,5,PM10_24h,益阳,165.0
20170124,5,SO2,益阳,22.0
20170124,5,SO2_24h,益阳,25.0
20170124,5,NO2,益阳,58.0
20170124,5,NO2_24h,益阳,57.0
20170124,5,O3,益阳,25.0
20170124,5,O3_24h,益阳,135.0
20170124,5,O3_8h,益阳,26.0
20170124,5,O3_8h_24h,益阳,28.0
20170124,5,CO,益阳,2.15
20170124,5,CO_24h,益阳,1.98
20170124,6,AQI,益阳,114.0
20170124,6,PM2.5,益阳,85.0
20170124,6,PM2.5_24h,益阳,85.0
20170124,6,PM10,益阳,178.0
20170124,6,PM10_24h,益阳,167.0
20170124,6,SO2,益阳,25.0
20170124,6,SO2_24h,益阳,25.0
20170124,6,NO2,益阳,52.0
20170124,6,NO2_24h,益阳,58.0
20170124,6,O3,益阳,25.0
20170124,6,O3_24h,益阳,135.0
20170124,6,O3_8h,益阳,26.0
20170124,6,O3_8h_24h,益阳,28.0
20170124,6,CO,益阳,2.05
20170124,6,CO_24h,益阳,2.0
20170124,7,AQI,益阳,109.0
20170124,7,PM2.5,益阳,82.0
20170124,7,PM2.5_24h,益阳,86.0
20170124,7,PM10,益阳,168.0
20170124,7,PM10_24h,益阳,168.0
20170124,7,SO2,益阳,30.0
20170124,7,SO2_24h,益阳,26.0
20170124,7,NO2,益阳,47.0
20170124,7,NO2_24h,益阳,58.0
20170124,7,O3,益阳,27.0
20170124,7,O3_24h,益阳,135.0
20170124,7,O3_8h,益阳,26.0
20170124,7,O3_8h_24h,益阳,28.0
20170124,7,CO,益阳,2.05
20170124,7,CO_24h,益阳,2.0
20170124,8,AQI,益阳,106.0
20170124,8,PM2.5,益阳,80.0
20170124,8,PM2.5_24h,益阳,86.0
20170124,8,PM10,益阳,160.0
20170124,8,PM10_24h,益阳,169.0
20170124,8,SO2,益阳,35.0
20170124,8,SO2_24h,益阳,26.0
20170124,8,NO2,益阳,59.0
20170124,8,NO2_24h,益阳,59.0
20170124,8,O3,益阳,23.0
20170124,8,O3_24h,益阳,135.0
20170124,8,O3_8h,益阳,25.0
20170124,8,O3_8h_24h,益阳,28.0
20170124,8,CO,益阳,2.25
20170124,8,CO_24h,益阳,2.03
20170124,9,AQI,益阳,105.0
20170124,9,PM2.5,益阳,79.0
20170124,9,PM2.5_24h,益阳,86.0
20170124,9,PM10,益阳,156.0
20170124,9,PM10_24h,益阳,170.0
20170124,9,SO2,益阳,35.0
20170124,9,SO2_24h,益阳,26.0
20170124,9,NO2,益阳,67.0
20170124,9,NO2_24h,益阳,60.0
20170124,9,O3,益阳,22.0
20170124,9,O3_24h,益阳,135.0
20170124,9,O3_8h,益阳,26.0
20170124,9,O3_8h_24h,益阳,28.0
20170124,9,CO,益阳,2.23
20170124,9,CO_24h,益阳,2.03
20170124,10,AQI,益阳,108.0
20170124,10,PM2.5,益阳,81.0
20170124,10,PM2.5_24h,益阳,86.0
20170124,10,PM10,益阳,162.0
20170124,10,PM10_24h,益阳,170.0
20170124,10,SO2,益阳,36.0
20170124,10,SO2_24h,益阳,27.0
20170124,10,NO2,益阳,61.0
20170124,10,NO2_24h,益阳,61.0
20170124,10,O3,益阳,25.0
20170124,10,O3_24h,益阳,135.0
20170124,10,O3_8h,益阳,25.0
20170124,10,O3_8h_24h,益阳,28.0
20170124,10,CO,益阳,2.0
20170124,10,CO_24h,益阳,2.03
20170124,11,AQI,益阳,114.0
20170124,11,PM2.5,益阳,83.0
20170124,11,PM2.5_24h,益阳,87.0
20170124,11,PM10,益阳,178.0
20170124,11,PM10_24h,益阳,172.0
20170124,11,SO2,益阳,39.0
20170124,11,SO2_24h,益阳,27.0
20170124,11,NO2,益阳,61.0
20170124,11,NO2_24h,益阳,62.0
20170124,11,O3,益阳,26.0
20170124,11,O3_24h,益阳,135.0
20170124,11,O3_8h,益阳,25.0
20170124,11,O3_8h_24h,益阳,28.0
20170124,11,CO,益阳,2.0
20170124,11,CO_24h,益阳,2.1
20170124,12,AQI,益阳,128.0
20170124,12,PM2.5,益阳,97.0
20170124,12,PM2.5_24h,益阳,88.0
20170124,12,PM10,益阳,190.0
20170124,12,PM10_24h,益阳,173.0
20170124,12,SO2,益阳,30.0
20170124,12,SO2_24h,益阳,27.0
20170124,12,NO2,益阳,59.0
20170124,12,NO2_24h,益阳,63.0
20170124,12,O3,益阳,32.0
20170124,12,O3_24h,益阳,135.0
20170124,12,O3_8h,益阳,25.0
20170124,12,O3_8h_24h,益阳,29.0
20170124,12,CO,益阳,1.9
20170124,12,CO_24h,益阳,2.13
20170124,13,AQI,益阳,135.0
20170124,13,PM2.5,益阳,103.0
20170124,13,PM2.5_24h,益阳,89.0
20170124,13,PM10,益阳,195.0
20170124,13,PM10_24h,益阳,175.0
20170124,13,SO2,益阳,24.0
20170124,13,SO2_24h,益阳,26.0
20170124,13,NO2,益阳,49.0
20170124,13,NO2_24h,益阳,63.0
20170124,13,O3,益阳,40.0
20170124,13,O3_24h,益阳,135.0
20170124,13,O3_8h,益阳,27.0
20170124,13,O3_8h_24h,益阳,30.0
20170124,13,CO,益阳,1.83
20170124,13,CO_24h,益阳,2.13
20170124,14,AQI,益阳,139.0
20170124,14,PM2.5,益阳,106.0
20170124,14,PM2.5_24h,益阳,90.0
20170124,14,PM10,益阳,201.0
20170124,14,PM10_24h,益阳,177.0
20170124,14,SO2,益阳,18.0
20170124,14,SO2_24h,益阳,26.0
20170124,14,NO2,益阳,46.0
20170124,14,NO2_24h,益阳,64.0
20170124,14,O3,益阳,42.0
20170124,14,O3_24h,益阳,135.0
20170124,14,O3_8h,益阳,29.0
20170124,14,O3_8h_24h,益阳,32.0
20170124,14,CO,益阳,1.75
20170124,14,CO_24h,益阳,2.13
20170124,15,AQI,益阳,144.0
20170124,15,PM2.5,益阳,110.0
20170124,15,PM2.5_24h,益阳,92.0
20170124,15,PM10,益阳,196.0
20170124,15,PM10_24h,益阳,180.0
20170124,15,SO2,益阳,17.0
20170124,15,SO2_24h,益阳,26.0
20170124,15,NO2,益阳,43.0
20170124,15,NO2_24h,益阳,64.0
20170124,15,O3,益阳,46.0
20170124,15,O3_24h,益阳,135.0
20170124,15,O3_8h,益阳,32.0
20170124,15,O3_8h_24h,益阳,34.0
20170124,15,CO,益阳,1.55
20170124,15,CO_24h,益阳,2.15
20170124,16,AQI,益阳,135.0
20170124,16,PM2.5,益阳,103.0
20170124,16,PM2.5_24h,益阳,93.0
20170124,16,PM10,益阳,190.0
20170124,16,PM10_24h,益阳,183.0
20170124,16,SO2,益阳,19.0
20170124,16,SO2_24h,益阳,26.0
20170124,16,NO2,益阳,41.0
20170124,16,NO2_24h,益阳,64.0
20170124,16,O3,益阳,48.0
20170124,16,O3_24h,益阳,133.0
20170124,16,O3_8h,益阳,35.0
20170124,16,O3_8h_24h,益阳,37.0
20170124,16,CO,益阳,1.45
20170124,16,CO_24h,益阳,2.17
20170124,17,AQI,益阳,134.0
20170124,17,PM2.5,益阳,102.0
20170124,17,PM2.5_24h,益阳,95.0
20170124,17,PM10,益阳,185.0
20170124,17,PM10_24h,益阳,186.0
20170124,17,SO2,益阳,20.0
20170124,17,SO2_24h,益阳,26.0
20170124,17,NO2,益阳,44.0
20170124,17,NO2_24h,益阳,65.0
20170124,17,O3,益阳,51.0
20170124,17,O3_24h,益阳,118.0
20170124,17,O3_8h,益阳,39.0
20170124,17,O3_8h_24h,益阳,40.0
20170124,17,CO,益阳,1.5
20170124,17,CO_24h,益阳,2.23
20170124,18,AQI,益阳,136.0
20170124,18,PM2.5,益阳,104.0
20170124,18,PM2.5_24h,益阳,97.0
20170124,18,PM10,益阳,189.0
20170124,18,PM10_24h,益阳,189.0
20170124,18,SO2,益阳,18.0
20170124,18,SO2_24h,益阳,26.0
20170124,18,NO2,益阳,46.0
20170124,18,NO2_24h,益阳,65.0
20170124,18,O3,益阳,56.0
20170124,18,O3_24h,益阳,88.0
20170124,18,O3_8h,益阳,43.0
20170124,18,O3_8h_24h,益阳,43.0
20170124,18,CO,益阳,1.63
20170124,18,CO_24h,益阳,2.23
20170124,19,AQI,益阳,140.0
20170124,19,PM2.5,益阳,107.0
20170124,19,PM2.5_24h,益阳,99.0
20170124,19,PM10,益阳,193.0
20170124,19,PM10_24h,益阳,191.0
20170124,19,SO2,益阳,12.0
20170124,19,SO2_24h,益阳,26.0
20170124,19,NO2,益阳,47.0
20170124,19,NO2_24h,益阳,65.0
20170124,19,O3,益阳,48.0
20170124,19,O3_24h,益阳,75.0
20170124,19,O3_8h,益阳,46.0
20170124,19,O3_8h_24h,益阳,46.0
20170124,19,CO,益阳,1.65
20170124,19,CO_24h,益阳,2.23
20170124,20,AQI,益阳,144.0
20170124,20,PM2.5,益阳,110.0
20170124,20,PM2.5_24h,益阳,100.0
20170124,20,PM10,益阳,188.0
20170124,20,PM10_24h,益阳,192.0
20170124,20,SO2,益阳,10.0
20170124,20,SO2_24h,益阳,26.0
20170124,20,NO2,益阳,47.0
20170124,20,NO2_24h,益阳,63.0
20170124,20,O3,益阳,42.0
20170124,20,O3_24h,益阳,66.0
20170124,20,O3_8h,益阳,47.0
20170124,20,O3_8h_24h,益阳,47.0
20170124,20,CO,益阳,1.65
20170124,20,CO_24h,益阳,2.2
20170124,21,AQI,益阳,146.0
20170124,21,PM2.5,益阳,112.0
20170124,21,PM2.5_24h,益阳,101.0
20170124,21,PM10,益阳,190.0
20170124,21,PM10_24h,益阳,192.0
20170124,21,SO2,益阳,11.0
20170124,21,SO2_24h,益阳,24.0
20170124,21,NO2,益阳,46.0
20170124,21,NO2_24h,益阳,61.0
20170124,21,O3,益阳,40.0
20170124,21,O3_24h,益阳,63.0
20170124,21,O3_8h,益阳,47.0
20170124,21,O3_8h_24h,益阳,47.0
20170124,21,CO,益阳,1.65
20170124,21,CO_24h,益阳,2.15
20170124,22,AQI,益阳,146.0
20170124,22,PM2.5,益阳,112.0
20170124,22,PM2.5_24h,益阳,100.0
20170124,22,PM10,益阳,179.0
20170124,22,PM10_24h,益阳,190.0
20170124,22,SO2,益阳,16.0
20170124,22,SO2_24h,益阳,24.0
20170124,22,NO2,益阳,40.0
20170124,22,NO2_24h,益阳,58.0
20170124,22,O3,益阳,42.0
20170124,22,O3_24h,益阳,63.0
20170124,22,O3_8h,益阳,47.0
20170124,22,O3_8h_24h,益阳,47.0
20170124,22,CO,益阳,1.68
20170124,22,CO_24h,益阳,2.05
20170124,23,AQI,益阳,141.0
20170124,23,PM2.5,益阳,108.0
20170124,23,PM2.5_24h,益阳,100.0
20170124,23,PM10,益阳,174.0
20170124,23,PM10_24h,益阳,187.0
20170124,23,SO2,益阳,16.0
20170124,23,SO2_24h,益阳,23.0
20170124,23,NO2,益阳,36.0
20170124,23,NO2_24h,益阳,56.0
20170124,23,O3,益阳,45.0
20170124,23,O3_24h,益阳,56.0
20170124,23,O3_8h,益阳,47.0
20170124,23,O3_8h_24h,益阳,47.0
20170124,23,CO,益阳,1.57
20170124,23,CO_24h,益阳,1.98
20170124,0,AQI,郴州,86.0
20170124,0,PM2.5,郴州,64.0
20170124,0,PM2.5_24h,郴州,63.0
20170124,0,PM10,郴州,102.0
20170124,0,PM10_24h,郴州,105.0
20170124,0,SO2,郴州,24.0
20170124,0,SO2_24h,郴州,21.0
20170124,0,NO2,郴州,58.0
20170124,0,NO2_24h,郴州,35.0
20170124,0,O3,郴州,18.0
20170124,0,O3_24h,郴州,98.0
20170124,0,O3_8h,郴州,49.0
20170124,0,O3_8h_24h,郴州,82.0
20170124,0,CO,郴州,1.62
20170124,0,CO_24h,郴州,1.4
20170124,1,AQI,郴州,89.0
20170124,1,PM2.5,郴州,66.0
20170124,1,PM2.5_24h,郴州,64.0
20170124,1,PM10,郴州,107.0
20170124,1,PM10_24h,郴州,104.0
20170124,1,SO2,郴州,24.0
20170124,1,SO2_24h,郴州,22.0
20170124,1,NO2,郴州,55.0
20170124,1,NO2_24h,郴州,36.0
20170124,1,O3,郴州,16.0
20170124,1,O3_24h,郴州,98.0
20170124,1,O3_8h,郴州,16.0
20170124,1,O3_8h_24h,郴州,16.0
20170124,1,CO,郴州,1.68
20170124,1,CO_24h,郴州,1.4
20170124,2,AQI,郴州,81.0
20170124,2,PM2.5,郴州,59.0
20170124,2,PM2.5_24h,郴州,63.0
20170124,2,PM10,郴州,112.0
20170124,2,PM10_24h,郴州,104.0
20170124,2,SO2,郴州,19.0
20170124,2,SO2_24h,郴州,22.0
20170124,2,NO2,郴州,51.0
20170124,2,NO2_24h,郴州,37.0
20170124,2,O3,郴州,14.0
20170124,2,O3_24h,郴州,98.0
20170124,2,O3_8h,郴州,15.0
20170124,2,O3_8h_24h,郴州,16.0
20170124,2,CO,郴州,1.58
20170124,2,CO_24h,郴州,1.4
20170124,3,AQI,郴州,94.0
20170124,3,PM2.5,郴州,70.0
20170124,3,PM2.5_24h,郴州,63.0
20170124,3,PM10,郴州,105.0
20170124,3,PM10_24h,郴州,103.0
20170124,3,SO2,郴州,15.0
20170124,3,SO2_24h,郴州,22.0
20170124,3,NO2,郴州,46.0
20170124,3,NO2_24h,郴州,37.0
20170124,3,O3,郴州,13.0
20170124,3,O3_24h,郴州,98.0
20170124,3,O3_8h,郴州,14.0
20170124,3,O3_8h_24h,郴州,16.0
20170124,3,CO,郴州,1.52
20170124,3,CO_24h,郴州,1.4
20170124,4,AQI,郴州,88.0
20170124,4,PM2.5,郴州,65.0
20170124,4,PM2.5_24h,郴州,62.0
20170124,4,PM10,郴州,103.0
20170124,4,PM10_24h,郴州,103.0
20170124,4,SO2,郴州,13.0
20170124,4,SO2_24h,郴州,22.0
20170124,4,NO2,郴州,41.0
20170124,4,NO2_24h,郴州,38.0
20170124,4,O3,郴州,13.0
20170124,4,O3_24h,郴州,98.0
20170124,4,O3_8h,郴州,14.0
20170124,4,O3_8h_24h,郴州,16.0
20170124,4,CO,郴州,1.5
20170124,4,CO_24h,郴州,1.4
20170124,5,AQI,郴州,78.0
20170124,5,PM2.5,郴州,57.0
20170124,5,PM2.5_24h,郴州,62.0
20170124,5,PM10,郴州,96.0
20170124,5,PM10_24h,郴州,103.0
20170124,5,SO2,郴州,13.0
20170124,5,SO2_24h,郴州,22.0
20170124,5,NO2,郴州,41.0
20170124,5,NO2_24h,郴州,38.0
20170124,5,O3,郴州,12.0
20170124,5,O3_24h,郴州,98.0
20170124,5,O3_8h,郴州,14.0
20170124,5,O3_8h_24h,郴州,16.0
20170124,5,CO,郴州,1.55
20170124,5,CO_24h,郴州,1.38
20170124,6,AQI,郴州,84.0
20170124,6,PM2.5,郴州,62.0
20170124,6,PM2.5_24h,郴州,62.0
20170124,6,PM10,郴州,92.0
20170124,6,PM10_24h,郴州,103.0
20170124,6,SO2,郴州,48.0
20170124,6,SO2_24h,郴州,24.0
20170124,6,NO2,郴州,43.0
20170124,6,NO2_24h,郴州,39.0
20170124,6,O3,郴州,10.0
20170124,6,O3_24h,郴州,98.0
20170124,6,O3_8h,郴州,13.0
20170124,6,O3_8h_24h,郴州,16.0
20170124,6,CO,郴州,1.6
20170124,6,CO_24h,郴州,1.38
20170124,7,AQI,郴州,84.0
20170124,7,PM2.5,郴州,62.0
20170124,7,PM2.5_24h,郴州,61.0
20170124,7,PM10,郴州,93.0
20170124,7,PM10_24h,郴州,102.0
20170124,7,SO2,郴州,49.0
20170124,7,SO2_24h,郴州,26.0
20170124,7,NO2,郴州,43.0
20170124,7,NO2_24h,郴州,40.0
20170124,7,O3,郴州,9.0
20170124,7,O3_24h,郴州,98.0
20170124,7,O3_8h,郴州,13.0
20170124,7,O3_8h_24h,郴州,16.0
20170124,7,CO,郴州,1.65
20170124,7,CO_24h,郴州,1.4
20170124,8,AQI,郴州,84.0
20170124,8,PM2.5,郴州,62.0
20170124,8,PM2.5_24h,郴州,62.0
20170124,8,PM10,郴州,89.0
20170124,8,PM10_24h,郴州,101.0
20170124,8,SO2,郴州,42.0
20170124,8,SO2_24h,郴州,27.0
20170124,8,NO2,郴州,45.0
20170124,8,NO2_24h,郴州,40.0
20170124,8,O3,郴州,8.0
20170124,8,O3_24h,郴州,98.0
20170124,8,O3_8h,郴州,12.0
20170124,8,O3_8h_24h,郴州,16.0
20170124,8,CO,郴州,1.72
20170124,8,CO_24h,郴州,1.43
20170124,9,AQI,郴州,86.0
20170124,9,PM2.5,郴州,64.0
20170124,9,PM2.5_24h,郴州,62.0
20170124,9,PM10,郴州,93.0
20170124,9,PM10_24h,郴州,100.0
20170124,9,SO2,郴州,52.0
20170124,9,SO2_24h,郴州,29.0
20170124,9,NO2,郴州,44.0
20170124,9,NO2_24h,郴州,41.0
20170124,9,O3,郴州,10.0
20170124,9,O3_24h,郴州,98.0
20170124,9,O3_8h,郴州,11.0
20170124,9,O3_8h_24h,郴州,16.0
20170124,9,CO,郴州,1.77
20170124,9,CO_24h,郴州,1.43
20170124,10,AQI,郴州,90.0
20170124,10,PM2.5,郴州,67.0
20170124,10,PM2.5_24h,郴州,62.0
20170124,10,PM10,郴州,109.0
20170124,10,PM10_24h,郴州,100.0
20170124,10,SO2,郴州,91.0
20170124,10,SO2_24h,郴州,31.0
20170124,10,NO2,郴州,52.0
20170124,10,NO2_24h,郴州,42.0
20170124,10,O3,郴州,19.0
20170124,10,O3_24h,郴州,98.0
20170124,10,O3_8h,郴州,12.0
20170124,10,O3_8h_24h,郴州,16.0
20170124,10,CO,郴州,1.77
20170124,10,CO_24h,郴州,1.43
20170124,11,AQI,郴州,99.0
20170124,11,PM2.5,郴州,74.0
20170124,11,PM2.5_24h,郴州,62.0
20170124,11,PM10,郴州,110.0
20170124,11,PM10_24h,郴州,100.0
20170124,11,SO2,郴州,114.0
20170124,11,SO2_24h,郴州,33.0
20170124,11,NO2,郴州,45.0
20170124,11,NO2_24h,郴州,42.0
20170124,11,O3,郴州,44.0
20170124,11,O3_24h,郴州,98.0
20170124,11,O3_8h,郴州,16.0
20170124,11,O3_8h_24h,郴州,18.0
20170124,11,CO,郴州,1.45
20170124,11,CO_24h,郴州,1.4
20170124,12,AQI,郴州,94.0
20170124,12,PM2.5,郴州,70.0
20170124,12,PM2.5_24h,郴州,61.0
20170124,12,PM10,郴州,122.0
20170124,12,PM10_24h,郴州,101.0
20170124,12,SO2,郴州,82.0
20170124,12,SO2_24h,郴州,35.0
20170124,12,NO2,郴州,39.0
20170124,12,NO2_24h,郴州,42.0
20170124,12,O3,郴州,59.0
20170124,12,O3_24h,郴州,98.0
20170124,12,O3_8h,郴州,21.0
20170124,12,O3_8h_24h,郴州,22.0
20170124,12,CO,郴州,1.35
20170124,12,CO_24h,郴州,1.43
20170124,13,AQI,郴州,81.0
20170124,13,PM2.5,郴州,60.0
20170124,13,PM2.5_24h,郴州,61.0
20170124,13,PM10,郴州,110.0
20170124,13,PM10_24h,郴州,101.0
20170124,13,SO2,郴州,52.0
20170124,13,SO2_24h,郴州,36.0
20170124,13,NO2,郴州,27.0
20170124,13,NO2_24h,郴州,42.0
20170124,13,O3,郴州,78.0
20170124,13,O3_24h,郴州,98.0
20170124,13,O3_8h,郴州,29.0
20170124,13,O3_8h_24h,郴州,29.0
20170124,13,CO,郴州,1.1
20170124,13,CO_24h,郴州,1.43
20170124,14,AQI,郴州,75.0
20170124,14,PM2.5,郴州,55.0
20170124,14,PM2.5_24h,郴州,61.0
20170124,14,PM10,郴州,90.0
20170124,14,PM10_24h,郴州,101.0
20170124,14,SO2,郴州,44.0
20170124,14,SO2_24h,郴州,37.0
20170124,14,NO2,郴州,19.0
20170124,14,NO2_24h,郴州,43.0
20170124,14,O3,郴州,90.0
20170124,14,O3_24h,郴州,98.0
20170124,14,O3_8h,郴州,39.0
20170124,14,O3_8h_24h,郴州,39.0
20170124,14,CO,郴州,1.1
20170124,14,CO_24h,郴州,1.43
20170124,15,AQI,郴州,68.0
20170124,15,PM2.5,郴州,47.0
20170124,15,PM2.5_24h,郴州,62.0
20170124,15,PM10,郴州,85.0
20170124,15,PM10_24h,郴州,100.0
20170124,15,SO2,郴州,35.0
20170124,15,SO2_24h,郴州,38.0
20170124,15,NO2,郴州,17.0
20170124,15,NO2_24h,郴州,43.0
20170124,15,O3,郴州,94.0
20170124,15,O3_24h,郴州,98.0
20170124,15,O3_8h,郴州,50.0
20170124,15,O3_8h_24h,郴州,50.0
20170124,15,CO,郴州,1.05
20170124,15,CO_24h,郴州,1.43
20170124,16,AQI,郴州,73.0
20170124,16,PM2.5,郴州,53.0
20170124,16,PM2.5_24h,郴州,61.0
20170124,16,PM10,郴州,78.0
20170124,16,PM10_24h,郴州,100.0
20170124,16,SO2,郴州,26.0
20170124,16,SO2_24h,郴州,38.0
20170124,16,NO2,郴州,18.0
20170124,16,NO2_24h,郴州,43.0
20170124,16,O3,郴州,93.0
20170124,16,O3_24h,郴州,96.0
20170124,16,O3_8h,郴州,61.0
20170124,16,O3_8h_24h,郴州,61.0
20170124,16,CO,郴州,1.02
20170124,16,CO_24h,郴州,1.45
20170124,17,AQI,郴州,66.0
20170124,17,PM2.5,郴州,48.0
20170124,17,PM2.5_24h,郴州,61.0
20170124,17,PM10,郴州,71.0
20170124,17,PM10_24h,郴州,99.0
20170124,17,SO2,郴州,19.0
20170124,17,SO2_24h,郴州,38.0
20170124,17,NO2,郴州,22.0
20170124,17,NO2_24h,郴州,43.0
20170124,17,O3,郴州,89.0
20170124,17,O3_24h,郴州,96.0
20170124,17,O3_8h,郴州,71.0
20170124,17,O3_8h_24h,郴州,71.0
20170124,17,CO,郴州,1.0
20170124,17,CO_24h,郴州,1.45
20170124,18,AQI,郴州,58.0
20170124,18,PM2.5,郴州,41.0
20170124,18,PM2.5_24h,郴州,61.0
20170124,18,PM10,郴州,64.0
20170124,18,PM10_24h,郴州,98.0
20170124,18,SO2,郴州,25.0
20170124,18,SO2_24h,郴州,38.0
20170124,18,NO2,郴州,32.0
20170124,18,NO2_24h,郴州,43.0
20170124,18,O3,郴州,76.0
20170124,18,O3_24h,郴州,96.0
20170124,18,O3_8h,郴州,78.0
20170124,18,O3_8h_24h,郴州,78.0
20170124,18,CO,郴州,1.07
20170124,18,CO_24h,郴州,1.45
20170124,19,AQI,郴州,63.0
20170124,19,PM2.5,郴州,45.0
20170124,19,PM2.5_24h,郴州,60.0
20170124,19,PM10,郴州,72.0
20170124,19,PM10_24h,郴州,98.0
20170124,19,SO2,郴州,20.0
20170124,19,SO2_24h,郴州,38.0
20170124,19,NO2,郴州,36.0
20170124,19,NO2_24h,郴州,42.0
20170124,19,O3,郴州,76.0
20170124,19,O3_24h,郴州,96.0
20170124,19,O3_8h,郴州,82.0
20170124,19,O3_8h_24h,郴州,82.0
20170124,19,CO,郴州,1.23
20170124,19,CO_24h,郴州,1.45
20170124,20,AQI,郴州,84.0
20170124,20,PM2.5,郴州,62.0
20170124,20,PM2.5_24h,郴州,61.0
20170124,20,PM10,郴州,104.0
20170124,20,PM10_24h,郴州,98.0
20170124,20,SO2,郴州,31.0
20170124,20,SO2_24h,郴州,38.0
20170124,20,NO2,郴州,32.0
20170124,20,NO2_24h,郴州,41.0
20170124,20,O3,郴州,77.0
20170124,20,O3_24h,郴州,96.0
20170124,20,O3_8h,郴州,84.0
20170124,20,O3_8h_24h,郴州,84.0
20170124,20,CO,郴州,1.2
20170124,20,CO_24h,郴州,1.45
20170124,21,AQI,郴州,79.0
20170124,21,PM2.5,郴州,58.0
20170124,21,PM2.5_24h,郴州,60.0
20170124,21,PM10,郴州,101.0
20170124,21,PM10_24h,郴州,98.0
20170124,21,SO2,郴州,30.0
20170124,21,SO2_24h,郴州,38.0
20170124,21,NO2,郴州,24.0
20170124,21,NO2_24h,郴州,40.0
20170124,21,O3,郴州,77.0
20170124,21,O3_24h,郴州,96.0
20170124,21,O3_8h,郴州,84.0
20170124,21,O3_8h_24h,郴州,84.0
20170124,21,CO,郴州,1.23
20170124,21,CO_24h,郴州,1.4
20170124,22,AQI,郴州,81.0
20170124,22,PM2.5,郴州,60.0
20170124,22,PM2.5_24h,郴州,60.0
20170124,22,PM10,郴州,104.0
20170124,22,PM10_24h,郴州,97.0
20170124,22,SO2,郴州,25.0
20170124,22,SO2_24h,郴州,38.0
20170124,22,NO2,郴州,25.0
20170124,22,NO2_24h,郴州,38.0
20170124,22,O3,郴州,63.0
20170124,22,O3_24h,郴州,96.0
20170124,22,O3_8h,郴州,81.0
20170124,22,O3_8h_24h,郴州,84.0
20170124,22,CO,郴州,1.25
20170124,22,CO_24h,郴州,1.4
20170124,23,AQI,郴州,80.0
20170124,23,PM2.5,郴州,59.0
20170124,23,PM2.5_24h,郴州,60.0
20170124,23,PM10,郴州,105.0
20170124,23,PM10_24h,郴州,97.0
20170124,23,SO2,郴州,27.0
20170124,23,SO2_24h,郴州,38.0
20170124,23,NO2,郴州,24.0
20170124,23,NO2_24h,郴州,37.0
20170124,23,O3,郴州,60.0
20170124,23,O3_24h,郴州,96.0
20170124,23,O3_8h,郴州,76.0
20170124,23,O3_8h_24h,郴州,84.0
20170124,23,CO,郴州,1.25
20170124,23,CO_24h,郴州,1.4
20170124,0,AQI,永州,110.0
20170124,0,PM2.5,永州,83.0
20170124,0,PM2.5_24h,永州,73.0
20170124,0,PM10,永州,130.0
20170124,0,PM10_24h,永州,111.0
20170124,0,SO2,永州,21.0
20170124,0,SO2_24h,永州,15.0
20170124,0,NO2,永州,36.0
20170124,0,NO2_24h,永州,35.0
20170124,0,O3,永州,54.0
20170124,0,O3_24h,永州,131.0
20170124,0,O3_8h,永州,79.0
20170124,0,O3_8h_24h,永州,107.0
20170124,0,CO,永州,0.88
20170124,0,CO_24h,永州,0.85
20170124,1,AQI,永州,123.0
20170124,1,PM2.5,永州,93.0
20170124,1,PM2.5_24h,永州,72.0
20170124,1,PM10,永州,134.0
20170124,1,PM10_24h,永州,110.0
20170124,1,SO2,永州,19.0
20170124,1,SO2_24h,永州,15.0
20170124,1,NO2,永州,38.0
20170124,1,NO2_24h,永州,35.0
20170124,1,O3,永州,48.0
20170124,1,O3_24h,永州,131.0
20170124,1,O3_8h,永州,48.0
20170124,1,O3_8h_24h,永州,48.0
20170124,1,CO,永州,1.0
20170124,1,CO_24h,永州,0.88
20170124,2,AQI,永州,121.0
20170124,2,PM2.5,永州,92.0
20170124,2,PM2.5_24h,永州,72.0
20170124,2,PM10,永州,136.0
20170124,2,PM10_24h,永州,110.0
20170124,2,SO2,永州,21.0
20170124,2,SO2_24h,永州,16.0
20170124,2,NO2,永州,41.0
20170124,2,NO2_24h,永州,34.0
20170124,2,O3,永州,38.0
20170124,2,O3_24h,永州,131.0
20170124,2,O3_8h,永州,43.0
20170124,2,O3_8h_24h,永州,48.0
20170124,2,CO,永州,1.0
20170124,2,CO_24h,永州,0.88
20170124,3,AQI,永州,123.0
20170124,3,PM2.5,永州,93.0
20170124,3,PM2.5_24h,永州,73.0
20170124,3,PM10,永州,125.0
20170124,3,PM10_24h,永州,109.0
20170124,3,SO2,永州,21.0
20170124,3,SO2_24h,永州,16.0
20170124,3,NO2,永州,35.0
20170124,3,NO2_24h,永州,34.0
20170124,3,O3,永州,37.0
20170124,3,O3_24h,永州,131.0
20170124,3,O3_8h,永州,41.0
20170124,3,O3_8h_24h,永州,49.0
20170124,3,CO,永州,0.95
20170124,3,CO_24h,永州,0.85
20170124,4,AQI,永州,109.0
20170124,4,PM2.5,永州,82.0
20170124,4,PM2.5_24h,永州,72.0
20170124,4,PM10,永州,110.0
20170124,4,PM10_24h,永州,108.0
20170124,4,SO2,永州,12.0
20170124,4,SO2_24h,永州,16.0
20170124,4,NO2,永州,37.0
20170124,4,NO2_24h,永州,34.0
20170124,4,O3,永州,28.0
20170124,4,O3_24h,永州,131.0
20170124,4,O3_8h,永州,38.0
20170124,4,O3_8h_24h,永州,49.0
20170124,4,CO,永州,0.85
20170124,4,CO_24h,永州,0.85
20170124,5,AQI,永州,120.0
20170124,5,PM2.5,永州,91.0
20170124,5,PM2.5_24h,永州,73.0
20170124,5,PM10,永州,130.0
20170124,5,PM10_24h,永州,109.0
20170124,5,SO2,永州,14.0
20170124,5,SO2_24h,永州,16.0
20170124,5,NO2,永州,36.0
20170124,5,NO2_24h,永州,34.0
20170124,5,O3,永州,26.0
20170124,5,O3_24h,永州,131.0
20170124,5,O3_8h,永州,35.0
20170124,5,O3_8h_24h,永州,49.0
20170124,5,CO,永州,0.82
20170124,5,CO_24h,永州,0.85
20170124,6,AQI,永州,109.0
20170124,6,PM2.5,永州,82.0
20170124,6,PM2.5_24h,永州,73.0
20170124,6,PM10,永州,122.0
20170124,6,PM10_24h,永州,109.0
20170124,6,SO2,永州,14.0
20170124,6,SO2_24h,永州,16.0
20170124,6,NO2,永州,38.0
20170124,6,NO2_24h,永州,34.0
20170124,6,O3,永州,21.0
20170124,6,O3_24h,永州,131.0
20170124,6,O3_8h,永州,33.0
20170124,6,O3_8h_24h,永州,49.0
20170124,6,CO,永州,0.9
20170124,6,CO_24h,永州,0.85
20170124,7,AQI,永州,121.0
20170124,7,PM2.5,永州,92.0
20170124,7,PM2.5_24h,永州,73.0
20170124,7,PM10,永州,121.0
20170124,7,PM10_24h,永州,109.0
20170124,7,SO2,永州,15.0
20170124,7,SO2_24h,永州,17.0
20170124,7,NO2,永州,40.0
20170124,7,NO2_24h,永州,34.0
20170124,7,O3,永州,14.0
20170124,7,O3_24h,永州,131.0
20170124,7,O3_8h,永州,30.0
20170124,7,O3_8h_24h,永州,49.0
20170124,7,CO,永州,0.95
20170124,7,CO_24h,永州,0.85
20170124,8,AQI,永州,114.0
20170124,8,PM2.5,永州,86.0
20170124,8,PM2.5_24h,永州,73.0
20170124,8,PM10,永州,129.0
20170124,8,PM10_24h,永州,110.0
20170124,8,SO2,永州,17.0
20170124,8,SO2_24h,永州,17.0
20170124,8,NO2,永州,45.0
20170124,8,NO2_24h,永州,34.0
20170124,8,O3,永州,8.0
20170124,8,O3_24h,永州,131.0
20170124,8,O3_8h,永州,28.0
20170124,8,O3_8h_24h,永州,49.0
20170124,8,CO,永州,1.18
20170124,8,CO_24h,永州,0.85
20170124,9,AQI,永州,120.0
20170124,9,PM2.5,永州,91.0
20170124,9,PM2.5_24h,永州,74.0
20170124,9,PM10,永州,135.0
20170124,9,PM10_24h,永州,111.0
20170124,9,SO2,永州,15.0
20170124,9,SO2_24h,永州,17.0
20170124,9,NO2,永州,43.0
20170124,9,NO2_24h,永州,35.0
20170124,9,O3,永州,11.0
20170124,9,O3_24h,永州,131.0
20170124,9,O3_8h,永州,23.0
20170124,9,O3_8h_24h,永州,49.0
20170124,9,CO,永州,1.23
20170124,9,CO_24h,永州,0.88
20170124,10,AQI,永州,111.0
20170124,10,PM2.5,永州,84.0
20170124,10,PM2.5_24h,永州,75.0
20170124,10,PM10,永州,129.0
20170124,10,PM10_24h,永州,111.0
20170124,10,SO2,永州,19.0
20170124,10,SO2_24h,永州,16.0
20170124,10,NO2,永州,44.0
20170124,10,NO2_24h,永州,35.0
20170124,10,O3,永州,23.0
20170124,10,O3_24h,永州,131.0
20170124,10,O3_8h,永州,21.0
20170124,10,O3_8h_24h,永州,49.0
20170124,10,CO,永州,1.05
20170124,10,CO_24h,永州,0.88
20170124,11,AQI,永州,109.0
20170124,11,PM2.5,永州,82.0
20170124,11,PM2.5_24h,永州,74.0
20170124,11,PM10,永州,120.0
20170124,11,PM10_24h,永州,111.0
20170124,11,SO2,永州,19.0
20170124,11,SO2_24h,永州,16.0
20170124,11,NO2,永州,25.0
20170124,11,NO2_24h,永州,34.0
20170124,11,O3,永州,72.0
20170124,11,O3_24h,永州,131.0
20170124,11,O3_8h,永州,25.0
20170124,11,O3_8h_24h,永州,49.0
20170124,11,CO,永州,0.72
20170124,11,CO_24h,永州,0.88
20170124,12,AQI,永州,94.0
20170124,12,PM2.5,永州,70.0
20170124,12,PM2.5_24h,永州,74.0
20170124,12,PM10,永州,92.0
20170124,12,PM10_24h,永州,110.0
20170124,12,SO2,永州,15.0
20170124,12,SO2_24h,永州,16.0
20170124,12,NO2,永州,22.0
20170124,12,NO2_24h,永州,34.0
20170124,12,O3,永州,94.0
20170124,12,O3_24h,永州,131.0
20170124,12,O3_8h,永州,33.0
20170124,12,O3_8h_24h,永州,49.0
20170124,12,CO,永州,0.75
20170124,12,CO_24h,永州,0.82
20170124,13,AQI,永州,85.0
20170124,13,PM2.5,永州,63.0
20170124,13,PM2.5_24h,永州,74.0
20170124,13,PM10,永州,93.0
20170124,13,PM10_24h,永州,110.0
20170124,13,SO2,永州,16.0
20170124,13,SO2_24h,永州,16.0
20170124,13,NO2,永州,18.0
20170124,13,NO2_24h,永州,34.0
20170124,13,O3,永州,111.0
20170124,13,O3_24h,永州,131.0
20170124,13,O3_8h,永州,44.0
20170124,13,O3_8h_24h,永州,51.0
20170124,13,CO,永州,0.65
20170124,13,CO_24h,永州,0.85
20170124,14,AQI,永州,85.0
20170124,14,PM2.5,永州,63.0
20170124,14,PM2.5_24h,永州,75.0
20170124,14,PM10,永州,90.0
20170124,14,PM10_24h,永州,111.0
20170124,14,SO2,永州,16.0
20170124,14,SO2_24h,永州,16.0
20170124,14,NO2,永州,17.0
20170124,14,NO2_24h,永州,33.0
20170124,14,O3,永州,117.0
20170124,14,O3_24h,永州,133.0
20170124,14,O3_8h,永州,56.0
20170124,14,O3_8h_24h,永州,60.0
20170124,14,CO,永州,0.65
20170124,14,CO_24h,永州,0.88
20170124,15,AQI,永州,73.0
20170124,15,PM2.5,永州,53.0
20170124,15,PM2.5_24h,永州,75.0
20170124,15,PM10,永州,78.0
20170124,15,PM10_24h,永州,112.0
20170124,15,SO2,永州,14.0
20170124,15,SO2_24h,永州,16.0
20170124,15,NO2,永州,19.0
20170124,15,NO2_24h,永州,33.0
20170124,15,O3,永州,125.0
20170124,15,O3_24h,永州,134.0
20170124,15,O3_8h,永州,70.0
20170124,15,O3_8h_24h,永州,71.0
20170124,15,CO,永州,0.68
20170124,15,CO_24h,永州,0.88
20170124,16,AQI,永州,80.0
20170124,16,PM2.5,永州,59.0
20170124,16,PM2.5_24h,永州,76.0
20170124,16,PM10,永州,85.0
20170124,16,PM10_24h,永州,113.0
20170124,16,SO2,永州,14.0
20170124,16,SO2_24h,永州,16.0
20170124,16,NO2,永州,23.0
20170124,16,NO2_24h,永州,34.0
20170124,16,O3,永州,112.0
20170124,16,O3_24h,永州,133.0
20170124,16,O3_8h,永州,83.0
20170124,16,O3_8h_24h,永州,83.0
20170124,16,CO,永州,0.72
20170124,16,CO_24h,永州,0.88
20170124,17,AQI,永州,85.0
20170124,17,PM2.5,永州,63.0
20170124,17,PM2.5_24h,永州,76.0
20170124,17,PM10,永州,105.0
20170124,17,PM10_24h,永州,114.0
20170124,17,SO2,永州,14.0
20170124,17,SO2_24h,永州,16.0
20170124,17,NO2,永州,25.0
20170124,17,NO2_24h,永州,34.0
20170124,17,O3,永州,110.0
20170124,17,O3_24h,永州,128.0
20170124,17,O3_8h,永州,96.0
20170124,17,O3_8h_24h,永州,96.0
20170124,17,CO,永州,0.75
20170124,17,CO_24h,永州,0.88
20170124,18,AQI,永州,91.0
20170124,18,PM2.5,永州,68.0
20170124,18,PM2.5_24h,永州,77.0
20170124,18,PM10,永州,107.0
20170124,18,PM10_24h,永州,115.0
20170124,18,SO2,永州,14.0
20170124,18,SO2_24h,永州,16.0
20170124,18,NO2,永州,27.0
20170124,18,NO2_24h,永州,34.0
20170124,18,O3,永州,101.0
20170124,18,O3_24h,永州,128.0
20170124,18,O3_8h,永州,105.0
20170124,18,O3_8h_24h,永州,105.0
20170124,18,CO,永州,0.8
20170124,18,CO_24h,永州,0.9
20170124,19,AQI,永州,101.0
20170124,19,PM2.5,永州,76.0
20170124,19,PM2.5_24h,永州,78.0
20170124,19,PM10,永州,108.0
20170124,19,PM10_24h,永州,115.0
20170124,19,SO2,永州,15.0
20170124,19,SO2_24h,永州,17.0
20170124,19,NO2,永州,28.0
20170124,19,NO2_24h,永州,33.0
20170124,19,O3,永州,86.0
20170124,19,O3_24h,永州,128.0
20170124,19,O3_8h,永州,107.0
20170124,19,O3_8h_24h,永州,107.0
20170124,19,CO,永州,0.85
20170124,19,CO_24h,永州,0.9
20170124,20,AQI,永州,125.0
20170124,20,PM2.5,永州,95.0
20170124,20,PM2.5_24h,永州,78.0
20170124,20,PM10,永州,130.0
20170124,20,PM10_24h,永州,115.0
20170124,20,SO2,永州,15.0
20170124,20,SO2_24h,永州,17.0
20170124,20,NO2,永州,23.0
20170124,20,NO2_24h,永州,33.0
20170124,20,O3,永州,85.0
20170124,20,O3_24h,永州,128.0
20170124,20,O3_8h,永州,106.0
20170124,20,O3_8h_24h,永州,107.0
20170124,20,CO,永州,0.8
20170124,20,CO_24h,永州,0.9
20170124,21,AQI,永州,113.0
20170124,21,PM2.5,永州,85.0
20170124,21,PM2.5_24h,永州,79.0
20170124,21,PM10,永州,123.0
20170124,21,PM10_24h,永州,115.0
20170124,21,SO2,永州,14.0
20170124,21,SO2_24h,永州,16.0
20170124,21,NO2,永州,20.0
20170124,21,NO2_24h,永州,32.0
20170124,21,O3,永州,82.0
20170124,21,O3_24h,永州,128.0
20170124,21,O3_8h,永州,102.0
20170124,21,O3_8h_24h,永州,107.0
20170124,21,CO,永州,0.72
20170124,21,CO_24h,永州,0.9
20170124,22,AQI,永州,114.0
20170124,22,PM2.5,永州,86.0
20170124,22,PM2.5_24h,永州,80.0
20170124,22,PM10,永州,115.0
20170124,22,PM10_24h,永州,115.0
20170124,22,SO2,永州,14.0
20170124,22,SO2_24h,永州,16.0
20170124,22,NO2,永州,19.0
20170124,22,NO2_24h,永州,31.0
20170124,22,O3,永州,81.0
20170124,22,O3_24h,永州,128.0
20170124,22,O3_8h,永州,98.0
20170124,22,O3_8h_24h,永州,107.0
20170124,22,CO,永州,0.75
20170124,22,CO_24h,永州,0.88
20170124,23,AQI,永州,104.0
20170124,23,PM2.5,永州,78.0
20170124,23,PM2.5_24h,永州,80.0
20170124,23,PM10,永州,112.0
20170124,23,PM10_24h,永州,115.0
20170124,23,SO2,永州,13.0
20170124,23,SO2_24h,永州,16.0
20170124,23,NO2,永州,18.0
20170124,23,NO2_24h,永州,30.0
20170124,23,O3,永州,80.0
20170124,23,O3_24h,永州,128.0
20170124,23,O3_8h,永州,92.0
20170124,23,O3_8h_24h,永州,107.0
20170124,23,CO,永州,0.7
20170124,23,CO_24h,永州,0.85
20170124,0,AQI,怀化,141.0
20170124,0,PM2.5,怀化,108.0
20170124,0,PM2.5_24h,怀化,77.0
20170124,0,PM10,怀化,169.0
20170124,0,PM10_24h,怀化,137.0
20170124,0,SO2,怀化,24.0
20170124,0,SO2_24h,怀化,23.0
20170124,0,NO2,怀化,38.0
20170124,0,NO2_24h,怀化,28.0
20170124,0,O3,怀化,26.0
20170124,0,O3_24h,怀化,97.0
20170124,0,O3_8h,怀化,46.0
20170124,0,O3_8h_24h,怀化,88.0
20170124,0,CO,怀化,1.5
20170124,0,CO_24h,怀化,1.13
20170124,1,AQI,怀化,145.0
20170124,1,PM2.5,怀化,111.0
20170124,1,PM2.5_24h,怀化,78.0
20170124,1,PM10,怀化,175.0
20170124,1,PM10_24h,怀化,138.0
20170124,1,SO2,怀化,19.0
20170124,1,SO2_24h,怀化,23.0
20170124,1,NO2,怀化,42.0
20170124,1,NO2_24h,怀化,28.0
20170124,1,O3,怀化,18.0
20170124,1,O3_24h,怀化,97.0
20170124,1,O3_8h,怀化,18.0
20170124,1,O3_8h_24h,怀化,18.0
20170124,1,CO,怀化,1.45
20170124,1,CO_24h,怀化,1.18
20170124,2,AQI,怀化,134.0
20170124,2,PM2.5,怀化,102.0
20170124,2,PM2.5_24h,怀化,80.0
20170124,2,PM10,怀化,157.0
20170124,2,PM10_24h,怀化,139.0
20170124,2,SO2,怀化,13.0
20170124,2,SO2_24h,怀化,23.0
20170124,2,NO2,怀化,38.0
20170124,2,NO2_24h,怀化,28.0
20170124,2,O3,怀化,18.0
20170124,2,O3_24h,怀化,97.0
20170124,2,O3_8h,怀化,18.0
20170124,2,O3_8h_24h,怀化,19.0
20170124,2,CO,怀化,1.28
20170124,2,CO_24h,怀化,1.18
20170124,3,AQI,怀化,113.0
20170124,3,PM2.5,怀化,85.0
20170124,3,PM2.5_24h,怀化,81.0
20170124,3,PM10,怀化,135.0
20170124,3,PM10_24h,怀化,140.0
20170124,3,SO2,怀化,14.0
20170124,3,SO2_24h,怀化,22.0
20170124,3,NO2,怀化,37.0
20170124,3,NO2_24h,怀化,28.0
20170124,3,O3,怀化,18.0
20170124,3,O3_24h,怀化,97.0
20170124,3,O3_8h,怀化,18.0
20170124,3,O3_8h_24h,怀化,19.0
20170124,3,CO,怀化,1.27
20170124,3,CO_24h,怀化,1.2
20170124,4,AQI,怀化,114.0
20170124,4,PM2.5,怀化,86.0
20170124,4,PM2.5_24h,怀化,82.0
20170124,4,PM10,怀化,135.0
20170124,4,PM10_24h,怀化,141.0
20170124,4,SO2,怀化,14.0
20170124,4,SO2_24h,怀化,22.0
20170124,4,NO2,怀化,33.0
20170124,4,NO2_24h,怀化,29.0
20170124,4,O3,怀化,18.0
20170124,4,O3_24h,怀化,97.0
20170124,4,O3_8h,怀化,18.0
20170124,4,O3_8h_24h,怀化,20.0
20170124,4,CO,怀化,1.25
20170124,4,CO_24h,怀化,1.2
20170124,5,AQI,怀化,110.0
20170124,5,PM2.5,怀化,83.0
20170124,5,PM2.5_24h,怀化,83.0
20170124,5,PM10,怀化,147.0
20170124,5,PM10_24h,怀化,143.0
20170124,5,SO2,怀化,14.0
20170124,5,SO2_24h,怀化,22.0
20170124,5,NO2,怀化,28.0
20170124,5,NO2_24h,怀化,29.0
20170124,5,O3,怀化,24.0
20170124,5,O3_24h,怀化,97.0
20170124,5,O3_8h,怀化,18.0
20170124,5,O3_8h_24h,怀化,20.0
20170124,5,CO,怀化,1.18
20170124,5,CO_24h,怀化,1.23
20170124,6,AQI,怀化,106.0
20170124,6,PM2.5,怀化,80.0
20170124,6,PM2.5_24h,怀化,85.0
20170124,6,PM10,怀化,143.0
20170124,6,PM10_24h,怀化,145.0
20170124,6,SO2,怀化,13.0
20170124,6,SO2_24h,怀化,22.0
20170124,6,NO2,怀化,27.0
20170124,6,NO2_24h,怀化,30.0
20170124,6,O3,怀化,23.0
20170124,6,O3_24h,怀化,97.0
20170124,6,O3_8h,怀化,19.0
20170124,6,O3_8h_24h,怀化,20.0
20170124,6,CO,怀化,1.15
20170124,6,CO_24h,怀化,1.25
20170124,7,AQI,怀化,103.0
20170124,7,PM2.5,怀化,77.0
20170124,7,PM2.5_24h,怀化,85.0
20170124,7,PM10,怀化,131.0
20170124,7,PM10_24h,怀化,147.0
20170124,7,SO2,怀化,16.0
20170124,7,SO2_24h,怀化,22.0
20170124,7,NO2,怀化,27.0
20170124,7,NO2_24h,怀化,31.0
20170124,7,O3,怀化,21.0
20170124,7,O3_24h,怀化,97.0
20170124,7,O3_8h,怀化,19.0
20170124,7,O3_8h_24h,怀化,21.0
20170124,7,CO,怀化,1.18
20170124,7,CO_24h,怀化,1.25
20170124,8,AQI,怀化,105.0
20170124,8,PM2.5,怀化,79.0
20170124,8,PM2.5_24h,怀化,86.0
20170124,8,PM10,怀化,131.0
20170124,8,PM10_24h,怀化,148.0
20170124,8,SO2,怀化,19.0
20170124,8,SO2_24h,怀化,22.0
20170124,8,NO2,怀化,33.0
20170124,8,NO2_24h,怀化,31.0
20170124,8,O3,怀化,22.0
20170124,8,O3_24h,怀化,97.0
20170124,8,O3_8h,怀化,19.0
20170124,8,O3_8h_24h,怀化,21.0
20170124,8,CO,怀化,1.3
20170124,8,CO_24h,怀化,1.25
20170124,9,AQI,怀化,124.0
20170124,9,PM2.5,怀化,94.0
20170124,9,PM2.5_24h,怀化,87.0
20170124,9,PM10,怀化,157.0
20170124,9,PM10_24h,怀化,149.0
20170124,9,SO2,怀化,54.0
20170124,9,SO2_24h,怀化,23.0
20170124,9,NO2,怀化,34.0
20170124,9,NO2_24h,怀化,31.0
20170124,9,O3,怀化,23.0
20170124,9,O3_24h,怀化,97.0
20170124,9,O3_8h,怀化,19.0
20170124,9,O3_8h_24h,怀化,22.0
20170124,9,CO,怀化,1.4
20170124,9,CO_24h,怀化,1.28
20170124,10,AQI,怀化,125.0
20170124,10,PM2.5,怀化,95.0
20170124,10,PM2.5_24h,怀化,88.0
20170124,10,PM10,怀化,148.0
20170124,10,PM10_24h,怀化,149.0
20170124,10,SO2,怀化,32.0
20170124,10,SO2_24h,怀化,23.0
20170124,10,NO2,怀化,34.0
20170124,10,NO2_24h,怀化,32.0
20170124,10,O3,怀化,36.0
20170124,10,O3_24h,怀化,97.0
20170124,10,O3_8h,怀化,21.0
20170124,10,O3_8h_24h,怀化,24.0
20170124,10,CO,怀化,1.43
20170124,10,CO_24h,怀化,1.28
20170124,11,AQI,怀化,133.0
20170124,11,PM2.5,怀化,101.0
20170124,11,PM2.5_24h,怀化,89.0
20170124,11,PM10,怀化,160.0
20170124,11,PM10_24h,怀化,150.0
20170124,11,SO2,怀化,44.0
20170124,11,SO2_24h,怀化,24.0
20170124,11,NO2,怀化,28.0
20170124,11,NO2_24h,怀化,32.0
20170124,11,O3,怀化,54.0
20170124,11,O3_24h,怀化,97.0
20170124,11,O3_8h,怀化,26.0
20170124,11,O3_8h_24h,怀化,27.0
20170124,11,CO,怀化,1.43
20170124,11,CO_24h,怀化,1.28
20170124,12,AQI,怀化,129.0
20170124,12,PM2.5,怀化,98.0
20170124,12,PM2.5_24h,怀化,90.0
20170124,12,PM10,怀化,159.0
20170124,12,PM10_24h,怀化,151.0
20170124,12,SO2,怀化,30.0
20170124,12,SO2_24h,怀化,24.0
20170124,12,NO2,怀化,19.0
20170124,12,NO2_24h,怀化,32.0
20170124,12,O3,怀化,69.0
20170124,12,O3_24h,怀化,97.0
20170124,12,O3_8h,怀化,33.0
20170124,12,O3_8h_24h,怀化,33.0
20170124,12,CO,怀化,1.25
20170124,12,CO_24h,怀化,1.28
20170124,13,AQI,怀化,135.0
20170124,13,PM2.5,怀化,103.0
20170124,13,PM2.5_24h,怀化,91.0
20170124,13,PM10,怀化,143.0
20170124,13,PM10_24h,怀化,152.0
20170124,13,SO2,怀化,20.0
20170124,13,SO2_24h,怀化,24.0
20170124,13,NO2,怀化,16.0
20170124,13,NO2_24h,怀化,32.0
20170124,13,O3,怀化,74.0
20170124,13,O3_24h,怀化,97.0
20170124,13,O3_8h,怀化,39.0
20170124,13,O3_8h_24h,怀化,39.0
20170124,13,CO,怀化,1.25
20170124,13,CO_24h,怀化,1.28
20170124,14,AQI,怀化,133.0
20170124,14,PM2.5,怀化,101.0
20170124,14,PM2.5_24h,怀化,92.0
20170124,14,PM10,怀化,150.0
20170124,14,PM10_24h,怀化,153.0
20170124,14,SO2,怀化,20.0
20170124,14,SO2_24h,怀化,23.0
20170124,14,NO2,怀化,15.0
20170124,14,NO2_24h,怀化,32.0
20170124,14,O3,怀化,77.0
20170124,14,O3_24h,怀化,95.0
20170124,14,O3_8h,怀化,46.0
20170124,14,O3_8h_24h,怀化,46.0
20170124,14,CO,怀化,1.25
20170124,14,CO_24h,怀化,1.3
20170124,15,AQI,怀化,119.0
20170124,15,PM2.5,怀化,90.0
20170124,15,PM2.5_24h,怀化,93.0
20170124,15,PM10,怀化,147.0
20170124,15,PM10_24h,怀化,154.0
20170124,15,SO2,怀化,22.0
20170124,15,SO2_24h,怀化,24.0
20170124,15,NO2,怀化,16.0
20170124,15,NO2_24h,怀化,32.0
20170124,15,O3,怀化,80.0
20170124,15,O3_24h,怀化,94.0
20170124,15,O3_8h,怀化,53.0
20170124,15,O3_8h_24h,怀化,53.0
20170124,15,CO,怀化,1.28
20170124,15,CO_24h,怀化,1.35
20170124,16,AQI,怀化,119.0
20170124,16,PM2.5,怀化,90.0
20170124,16,PM2.5_24h,怀化,94.0
20170124,16,PM10,怀化,148.0
20170124,16,PM10_24h,怀化,155.0
20170124,16,SO2,怀化,21.0
20170124,16,SO2_24h,怀化,24.0
20170124,16,NO2,怀化,16.0
20170124,16,NO2_24h,怀化,32.0
20170124,16,O3,怀化,84.0
20170124,16,O3_24h,怀化,89.0
20170124,16,O3_8h,怀化,62.0
20170124,16,O3_8h_24h,怀化,62.0
20170124,16,CO,怀化,1.28
20170124,16,CO_24h,怀化,1.38
20170124,17,AQI,怀化,129.0
20170124,17,PM2.5,怀化,98.0
20170124,17,PM2.5_24h,怀化,95.0
20170124,17,PM10,怀化,154.0
20170124,17,PM10_24h,怀化,157.0
20170124,17,SO2,怀化,23.0
20170124,17,SO2_24h,怀化,24.0
20170124,17,NO2,怀化,15.0
20170124,17,NO2_24h,怀化,32.0
20170124,17,O3,怀化,85.0
20170124,17,O3_24h,怀化,86.0
20170124,17,O3_8h,怀化,70.0
20170124,17,O3_8h_24h,怀化,70.0
20170124,17,CO,怀化,1.2
20170124,17,CO_24h,怀化,1.38
20170124,18,AQI,怀化,116.0
20170124,18,PM2.5,怀化,88.0
20170124,18,PM2.5_24h,怀化,96.0
20170124,18,PM10,怀化,146.0
20170124,18,PM10_24h,怀化,157.0
20170124,18,SO2,怀化,21.0
20170124,18,SO2_24h,怀化,24.0
20170124,18,NO2,怀化,18.0
20170124,18,NO2_24h,怀化,31.0
20170124,18,O3,怀化,84.0
20170124,18,O3_24h,怀化,86.0
20170124,18,O3_8h,怀化,76.0
20170124,18,O3_8h_24h,怀化,76.0
20170124,18,CO,怀化,1.2
20170124,18,CO_24h,怀化,1.38
20170124,19,AQI,怀化,110.0
20170124,19,PM2.5,怀化,83.0
20170124,19,PM2.5_24h,怀化,96.0
20170124,19,PM10,怀化,142.0
20170124,19,PM10_24h,怀化,156.0
20170124,19,SO2,怀化,25.0
20170124,19,SO2_24h,怀化,24.0
20170124,19,NO2,怀化,18.0
20170124,19,NO2_24h,怀化,30.0
20170124,19,O3,怀化,80.0
20170124,19,O3_24h,怀化,87.0
20170124,19,O3_8h,怀化,79.0
20170124,19,O3_8h_24h,怀化,79.0
20170124,19,CO,怀化,1.18
20170124,19,CO_24h,怀化,1.33
20170124,20,AQI,怀化,111.0
20170124,20,PM2.5,怀化,84.0
20170124,20,PM2.5_24h,怀化,95.0
20170124,20,PM10,怀化,132.0
20170124,20,PM10_24h,怀化,153.0
20170124,20,SO2,怀化,42.0
20170124,20,SO2_24h,怀化,25.0
20170124,20,NO2,怀化,19.0
20170124,20,NO2_24h,怀化,29.0
20170124,20,O3,怀化,75.0
20170124,20,O3_24h,怀化,87.0
20170124,20,O3_8h,怀化,80.0
20170124,20,O3_8h_24h,怀化,80.0
20170124,20,CO,怀化,1.23
20170124,20,CO_24h,怀化,1.3
20170124,21,AQI,怀化,115.0
20170124,21,PM2.5,怀化,87.0
20170124,21,PM2.5_24h,怀化,94.0
20170124,21,PM10,怀化,150.0
20170124,21,PM10_24h,怀化,151.0
20170124,21,SO2,怀化,30.0
20170124,21,SO2_24h,怀化,25.0
20170124,21,NO2,怀化,14.0
20170124,21,NO2_24h,怀化,27.0
20170124,21,O3,怀化,76.0
20170124,21,O3_24h,怀化,87.0
20170124,21,O3_8h,怀化,80.0
20170124,21,O3_8h_24h,怀化,80.0
20170124,21,CO,怀化,1.18
20170124,21,CO_24h,怀化,1.3
20170124,22,AQI,怀化,105.0
20170124,22,PM2.5,怀化,79.0
20170124,22,PM2.5_24h,怀化,93.0
20170124,22,PM10,怀化,131.0
20170124,22,PM10_24h,怀化,148.0
20170124,22,SO2,怀化,16.0
20170124,22,SO2_24h,怀化,24.0
20170124,22,NO2,怀化,12.0
20170124,22,NO2_24h,怀化,26.0
20170124,22,O3,怀化,75.0
20170124,22,O3_24h,怀化,87.0
20170124,22,O3_8h,怀化,80.0
20170124,22,O3_8h_24h,怀化,80.0
20170124,22,CO,怀化,1.1
20170124,22,CO_24h,怀化,1.3
20170124,23,AQI,怀化,93.0
20170124,23,PM2.5,怀化,69.0
20170124,23,PM2.5_24h,怀化,90.0
20170124,23,PM10,怀化,111.0
20170124,23,PM10_24h,怀化,145.0
20170124,23,SO2,怀化,13.0
20170124,23,SO2_24h,怀化,23.0
20170124,23,NO2,怀化,11.0
20170124,23,NO2_24h,怀化,25.0
20170124,23,O3,怀化,75.0
20170124,23,O3_24h,怀化,87.0
20170124,23,O3_8h,怀化,79.0
20170124,23,O3_8h_24h,怀化,81.0
20170124,23,CO,怀化,1.07
20170124,23,CO_24h,怀化,1.28
20170124,0,AQI,娄底,139.0
20170124,0,PM2.5,娄底,106.0
20170124,0,PM2.5_24h,娄底,80.0
20170124,0,PM10,娄底,146.0
20170124,0,PM10_24h,娄底,122.0
20170124,0,SO2,娄底,24.0
20170124,0,SO2_24h,娄底,26.0
20170124,0,NO2,娄底,52.0
20170124,0,NO2_24h,娄底,43.0
20170124,0,O3,娄底,37.0
20170124,0,O3_24h,娄底,116.0
20170124,0,O3_8h,娄底,68.0
20170124,0,O3_8h_24h,娄底,101.0
20170124,0,CO,娄底,2.1
20170124,0,CO_24h,娄底,2.27
20170124,1,AQI,娄底,116.0
20170124,1,PM2.5,娄底,88.0
20170124,1,PM2.5_24h,娄底,79.0
20170124,1,PM10,娄底,140.0
20170124,1,PM10_24h,娄底,123.0
20170124,1,SO2,娄底,21.0
20170124,1,SO2_24h,娄底,26.0
20170124,1,NO2,娄底,55.0
20170124,1,NO2_24h,娄底,43.0
20170124,1,O3,娄底,33.0
20170124,1,O3_24h,娄底,116.0
20170124,1,O3_8h,娄底,33.0
20170124,1,O3_8h_24h,娄底,33.0
20170124,1,CO,娄底,2.33
20170124,1,CO_24h,娄底,2.25
20170124,2,AQI,娄底,111.0
20170124,2,PM2.5,娄底,84.0
20170124,2,PM2.5_24h,娄底,79.0
20170124,2,PM10,娄底,136.0
20170124,2,PM10_24h,娄底,122.0
20170124,2,SO2,娄底,18.0
20170124,2,SO2_24h,娄底,26.0
20170124,2,NO2,娄底,48.0
20170124,2,NO2_24h,娄底,43.0
20170124,2,O3,娄底,36.0
20170124,2,O3_24h,娄底,116.0
20170124,2,O3_8h,娄底,34.0
20170124,2,O3_8h_24h,娄底,37.0
20170124,2,CO,娄底,2.18
20170124,2,CO_24h,娄底,2.22
20170124,3,AQI,娄底,110.0
20170124,3,PM2.5,娄底,83.0
20170124,3,PM2.5_24h,娄底,78.0
20170124,3,PM10,娄底,126.0
20170124,3,PM10_24h,娄底,121.0
20170124,3,SO2,娄底,19.0
20170124,3,SO2_24h,娄底,26.0
20170124,3,NO2,娄底,38.0
20170124,3,NO2_24h,娄底,43.0
20170124,3,O3,娄底,41.0
20170124,3,O3_24h,娄底,116.0
20170124,3,O3_8h,娄底,37.0
20170124,3,O3_8h_24h,娄底,39.0
20170124,3,CO,娄底,1.92
20170124,3,CO_24h,娄底,2.2
20170124,4,AQI,娄底,106.0
20170124,4,PM2.5,娄底,80.0
20170124,4,PM2.5_24h,娄底,78.0
20170124,4,PM10,娄底,113.0
20170124,4,PM10_24h,娄底,120.0
20170124,4,SO2,娄底,17.0
20170124,4,SO2_24h,娄底,26.0
20170124,4,NO2,娄底,34.0
20170124,4,NO2_24h,娄底,42.0
20170124,4,O3,娄底,47.0
20170124,4,O3_24h,娄底,116.0
20170124,4,O3_8h,娄底,39.0
20170124,4,O3_8h_24h,娄底,41.0
20170124,4,CO,娄底,1.83
20170124,4,CO_24h,娄底,2.17
20170124,5,AQI,娄底,116.0
20170124,5,PM2.5,娄底,88.0
20170124,5,PM2.5_24h,娄底,77.0
20170124,5,PM10,娄底,121.0
20170124,5,PM10_24h,娄底,119.0
20170124,5,SO2,娄底,18.0
20170124,5,SO2_24h,娄底,25.0
20170124,5,NO2,娄底,40.0
20170124,5,NO2_24h,娄底,43.0
20170124,5,O3,娄底,36.0
20170124,5,O3_24h,娄底,116.0
20170124,5,O3_8h,娄底,39.0
20170124,5,O3_8h_24h,娄底,41.0
20170124,5,CO,娄底,2.0
20170124,5,CO_24h,娄底,2.15
20170124,6,AQI,娄底,96.0
20170124,6,PM2.5,娄底,72.0
20170124,6,PM2.5_24h,娄底,76.0
20170124,6,PM10,娄底,115.0
20170124,6,PM10_24h,娄底,119.0
20170124,6,SO2,娄底,18.0
20170124,6,SO2_24h,娄底,25.0
20170124,6,NO2,娄底,32.0
20170124,6,NO2_24h,娄底,42.0
20170124,6,O3,娄底,38.0
20170124,6,O3_24h,娄底,116.0
20170124,6,O3_8h,娄底,39.0
20170124,6,O3_8h_24h,娄底,41.0
20170124,6,CO,娄底,1.82
20170124,6,CO_24h,娄底,2.15
20170124,7,AQI,娄底,96.0
20170124,7,PM2.5,娄底,72.0
20170124,7,PM2.5_24h,娄底,76.0
20170124,7,PM10,娄底,124.0
20170124,7,PM10_24h,娄底,119.0
20170124,7,SO2,娄底,28.0
20170124,7,SO2_24h,娄底,26.0
20170124,7,NO2,娄底,32.0
20170124,7,NO2_24h,娄底,42.0
20170124,7,O3,娄底,44.0
20170124,7,O3_24h,娄底,116.0
20170124,7,O3_8h,娄底,39.0
20170124,7,O3_8h_24h,娄底,42.0
20170124,7,CO,娄底,1.97
20170124,7,CO_24h,娄底,2.13
20170124,8,AQI,娄底,98.0
20170124,8,PM2.5,娄底,73.0
20170124,8,PM2.5_24h,娄底,75.0
20170124,8,PM10,娄底,108.0
20170124,8,PM10_24h,娄底,118.0
20170124,8,SO2,娄底,20.0
20170124,8,SO2_24h,娄底,26.0
20170124,8,NO2,娄底,40.0
20170124,8,NO2_24h,娄底,42.0
20170124,8,O3,娄底,33.0
20170124,8,O3_24h,娄底,116.0
20170124,8,O3_8h,娄底,38.0
20170124,8,O3_8h_24h,娄底,42.0
20170124,8,CO,娄底,2.0
20170124,8,CO_24h,娄底,2.13
20170124,9,AQI,娄底,100.0
20170124,9,PM2.5,娄底,75.0
20170124,9,PM2.5_24h,娄底,74.0
20170124,9,PM10,娄底,112.0
20170124,9,PM10_24h,娄底,118.0
20170124,9,SO2,娄底,24.0
20170124,9,SO2_24h,娄底,26.0
20170124,9,NO2,娄底,49.0
20170124,9,NO2_24h,娄底,43.0
20170124,9,O3,娄底,29.0
20170124,9,O3_24h,娄底,116.0
20170124,9,O3_8h,娄底,38.0
20170124,9,O3_8h_24h,娄底,42.0
20170124,9,CO,娄底,2.05
20170124,9,CO_24h,娄底,2.1
20170124,10,AQI,娄底,100.0
20170124,10,PM2.5,娄底,75.0
20170124,10,PM2.5_24h,娄底,74.0
20170124,10,PM10,娄底,112.0
20170124,10,PM10_24h,娄底,116.0
20170124,10,SO2,娄底,29.0
20170124,10,SO2_24h,娄底,26.0
20170124,10,NO2,娄底,57.0
20170124,10,NO2_24h,娄底,43.0
20170124,10,O3,娄底,28.0
20170124,10,O3_24h,娄底,116.0
20170124,10,O3_8h,娄底,37.0
20170124,10,O3_8h_24h,娄底,42.0
20170124,10,CO,娄底,2.4
20170124,10,CO_24h,娄底,2.08
20170124,11,AQI,娄底,103.0
20170124,11,PM2.5,娄底,77.0
20170124,11,PM2.5_24h,娄底,73.0
20170124,11,PM10,娄底,139.0
20170124,11,PM10_24h,娄底,117.0
20170124,11,SO2,娄底,30.0
20170124,11,SO2_24h,娄底,25.0
20170124,11,NO2,娄底,60.0
20170124,11,NO2_24h,娄底,43.0
20170124,11,O3,娄底,36.0
20170124,11,O3_24h,娄底,116.0
20170124,11,O3_8h,娄底,37.0
20170124,11,O3_8h_24h,娄底,43.0
20170124,11,CO,娄底,2.25
20170124,11,CO_24h,娄底,2.02
20170124,12,AQI,娄底,103.0
20170124,12,PM2.5,娄底,77.0
20170124,12,PM2.5_24h,娄底,73.0
20170124,12,PM10,娄底,116.0
20170124,12,PM10_24h,娄底,115.0
20170124,12,SO2,娄底,28.0
20170124,12,SO2_24h,娄底,24.0
20170124,12,NO2,娄底,38.0
20170124,12,NO2_24h,娄底,43.0
20170124,12,O3,娄底,64.0
20170124,12,O3_24h,娄底,116.0
20170124,12,O3_8h,娄底,39.0
20170124,12,O3_8h_24h,娄底,44.0
20170124,12,CO,娄底,1.72
20170124,12,CO_24h,娄底,2.0
20170124,13,AQI,娄底,81.0
20170124,13,PM2.5,娄底,60.0
20170124,13,PM2.5_24h,娄底,72.0
20170124,13,PM10,娄底,94.0
20170124,13,PM10_24h,娄底,115.0
20170124,13,SO2,娄底,25.0
20170124,13,SO2_24h,娄底,24.0
20170124,13,NO2,娄底,30.0
20170124,13,NO2_24h,娄底,43.0
20170124,13,O3,娄底,80.0
20170124,13,O3_24h,娄底,116.0
20170124,13,O3_8h,娄底,44.0
20170124,13,O3_8h_24h,娄底,46.0
20170124,13,CO,娄底,1.77
20170124,13,CO_24h,娄底,2.0
20170124,14,AQI,娄底,75.0
20170124,14,PM2.5,娄底,55.0
20170124,14,PM2.5_24h,娄底,72.0
20170124,14,PM10,娄底,81.0
20170124,14,PM10_24h,娄底,114.0
20170124,14,SO2,娄底,25.0
20170124,14,SO2_24h,娄底,24.0
20170124,14,NO2,娄底,28.0
20170124,14,NO2_24h,娄底,43.0
20170124,14,O3,娄底,83.0
20170124,14,O3_24h,娄底,116.0
20170124,14,O3_8h,娄底,49.0
20170124,14,O3_8h_24h,娄底,50.0
20170124,14,CO,娄底,1.85
20170124,14,CO_24h,娄底,2.0
20170124,15,AQI,娄底,71.0
20170124,15,PM2.5,娄底,52.0
20170124,15,PM2.5_24h,娄底,72.0
20170124,15,PM10,娄底,80.0
20170124,15,PM10_24h,娄底,113.0
20170124,15,SO2,娄底,25.0
20170124,15,SO2_24h,娄底,24.0
20170124,15,NO2,娄底,29.0
20170124,15,NO2_24h,娄底,43.0
20170124,15,O3,娄底,83.0
20170124,15,O3_24h,娄底,114.0
20170124,15,O3_8h,娄底,54.0
20170124,15,O3_8h_24h,娄底,54.0
20170124,15,CO,娄底,1.83
20170124,15,CO_24h,娄底,2.0
20170124,16,AQI,娄底,73.0
20170124,16,PM2.5,娄底,53.0
20170124,16,PM2.5_24h,娄底,72.0
20170124,16,PM10,娄底,78.0
20170124,16,PM10_24h,娄底,112.0
20170124,16,SO2,娄底,23.0
20170124,16,SO2_24h,娄底,24.0
20170124,16,NO2,娄底,30.0
20170124,16,NO2_24h,娄底,43.0
20170124,16,O3,娄底,85.0
20170124,16,O3_24h,娄底,104.0
20170124,16,O3_8h,娄底,61.0
20170124,16,O3_8h_24h,娄底,61.0
20170124,16,CO,娄底,2.38
20170124,16,CO_24h,娄底,2.0
20170124,17,AQI,娄底,74.0
20170124,17,PM2.5,娄底,54.0
20170124,17,PM2.5_24h,娄底,72.0
20170124,17,PM10,娄底,82.0
20170124,17,PM10_24h,娄底,112.0
20170124,17,SO2,娄底,24.0
20170124,17,SO2_24h,娄底,23.0
20170124,17,NO2,娄底,31.0
20170124,17,NO2_24h,娄底,43.0
20170124,17,O3,娄底,77.0
20170124,17,O3_24h,娄底,98.0
20170124,17,O3_8h,娄底,67.0
20170124,17,O3_8h_24h,娄底,67.0
20170124,17,CO,娄底,1.83
20170124,17,CO_24h,娄底,2.02
20170124,18,AQI,娄底,78.0
20170124,18,PM2.5,娄底,57.0
20170124,18,PM2.5_24h,娄底,72.0
20170124,18,PM10,娄底,98.0
20170124,18,PM10_24h,娄底,113.0
20170124,18,SO2,娄底,20.0
20170124,18,SO2_24h,娄底,23.0
20170124,18,NO2,娄底,29.0
20170124,18,NO2_24h,娄底,43.0
20170124,18,O3,娄底,79.0
20170124,18,O3_24h,娄底,91.0
20170124,18,O3_8h,娄底,73.0
20170124,18,O3_8h_24h,娄底,73.0
20170124,18,CO,娄底,1.9
20170124,18,CO_24h,娄底,2.02
20170124,19,AQI,娄底,70.0
20170124,19,PM2.5,娄底,51.0
20170124,19,PM2.5_24h,娄底,72.0
20170124,19,PM10,娄底,88.0
20170124,19,PM10_24h,娄底,113.0
20170124,19,SO2,娄底,26.0
20170124,19,SO2_24h,娄底,24.0
20170124,19,NO2,娄底,28.0
20170124,19,NO2_24h,娄底,42.0
20170124,19,O3,娄底,81.0
20170124,19,O3_24h,娄底,88.0
20170124,19,O3_8h,娄底,79.0
20170124,19,O3_8h_24h,娄底,79.0
20170124,19,CO,娄底,1.85
20170124,19,CO_24h,娄底,2.0
20170124,20,AQI,娄底,81.0
20170124,20,PM2.5,娄底,60.0
20170124,20,PM2.5_24h,娄底,71.0
20170124,20,PM10,娄底,87.0
20170124,20,PM10_24h,娄底,112.0
20170124,20,SO2,娄底,23.0
20170124,20,SO2_24h,娄底,23.0
20170124,20,NO2,娄底,27.0
20170124,20,NO2_24h,娄底,41.0
20170124,20,O3,娄底,75.0
20170124,20,O3_24h,娄底,87.0
20170124,20,O3_8h,娄底,80.0
20170124,20,O3_8h_24h,娄底,80.0
20170124,20,CO,娄底,1.8
20170124,20,CO_24h,娄底,2.03
20170124,21,AQI,娄底,85.0
20170124,21,PM2.5,娄底,63.0
20170124,21,PM2.5_24h,娄底,71.0
20170124,21,PM10,娄底,96.0
20170124,21,PM10_24h,娄底,111.0
20170124,21,SO2,娄底,22.0
20170124,21,SO2_24h,娄底,23.0
20170124,21,NO2,娄底,28.0
20170124,21,NO2_24h,娄底,40.0
20170124,21,O3,娄底,69.0
20170124,21,O3_24h,娄底,87.0
20170124,21,O3_8h,娄底,79.0
20170124,21,O3_8h_24h,娄底,80.0
20170124,21,CO,娄底,1.8
20170124,21,CO_24h,娄底,2.03
20170124,22,AQI,娄底,95.0
20170124,22,PM2.5,娄底,71.0
20170124,22,PM2.5_24h,娄底,71.0
20170124,22,PM10,娄底,103.0
20170124,22,PM10_24h,娄底,111.0
20170124,22,SO2,娄底,22.0
20170124,22,SO2_24h,娄底,23.0
20170124,22,NO2,娄底,27.0
20170124,22,NO2_24h,娄底,38.0
20170124,22,O3,娄底,70.0
20170124,22,O3_24h,娄底,87.0
20170124,22,O3_8h,娄底,78.0
20170124,22,O3_8h_24h,娄底,80.0
20170124,22,CO,娄底,2.0
20170124,22,CO_24h,娄底,1.98
20170124,23,AQI,娄底,108.0
20170124,23,PM2.5,娄底,81.0
20170124,23,PM2.5_24h,娄底,71.0
20170124,23,PM10,娄底,113.0
20170124,23,PM10_24h,娄底,109.0
20170124,23,SO2,娄底,18.0
20170124,23,SO2_24h,娄底,23.0
20170124,23,NO2,娄底,25.0
20170124,23,NO2_24h,娄底,37.0
20170124,23,O3,娄底,70.0
20170124,23,O3_24h,娄底,87.0
20170124,23,O3_8h,娄底,76.0
20170124,23,O3_8h_24h,娄底,80.0
20170124,23,CO,娄底,1.92
20170124,23,CO_24h,娄底,1.98
20170124,0,AQI,湘西州,121.0
20170124,0,PM2.5,湘西州,92.0
20170124,0,PM2.5_24h,湘西州,72.0
20170124,0,PM10,湘西州,133.0
20170124,0,PM10_24h,湘西州,122.0
20170124,0,SO2,湘西州,2.0
20170124,0,SO2_24h,湘西州,4.0
20170124,0,NO2,湘西州,23.0
20170124,0,NO2_24h,湘西州,25.0
20170124,0,O3,湘西州,24.0
20170124,0,O3_24h,湘西州,105.0
20170124,0,O3_8h,湘西州,44.0
20170124,0,O3_8h_24h,湘西州,84.0
20170124,0,CO,湘西州,0.95
20170124,0,CO_24h,湘西州,0.7
20170124,1,AQI,湘西州,113.0
20170124,1,PM2.5,湘西州,85.0
20170124,1,PM2.5_24h,湘西州,72.0
20170124,1,PM10,湘西州,142.0
20170124,1,PM10_24h,湘西州,121.0
20170124,1,SO2,湘西州,2.0
20170124,1,SO2_24h,湘西州,4.0
20170124,1,NO2,湘西州,20.0
20170124,1,NO2_24h,湘西州,25.0
20170124,1,O3,湘西州,23.0
20170124,1,O3_24h,湘西州,105.0
20170124,1,O3_8h,湘西州,23.0
20170124,1,O3_8h_24h,湘西州,23.0
20170124,1,CO,湘西州,1.0
20170124,1,CO_24h,湘西州,0.75
20170124,2,AQI,湘西州,104.0
20170124,2,PM2.5,湘西州,78.0
20170124,2,PM2.5_24h,湘西州,72.0
20170124,2,PM10,湘西州,130.0
20170124,2,PM10_24h,湘西州,121.0
20170124,2,SO2,湘西州,1.0
20170124,2,SO2_24h,湘西州,4.0
20170124,2,NO2,湘西州,20.0
20170124,2,NO2_24h,湘西州,25.0
20170124,2,O3,湘西州,18.0
20170124,2,O3_24h,湘西州,105.0
20170124,2,O3_8h,湘西州,20.0
20170124,2,O3_8h_24h,湘西州,23.0
20170124,2,CO,湘西州,1.0
20170124,2,CO_24h,湘西州,0.75
20170124,3,AQI,湘西州,101.0
20170124,3,PM2.5,湘西州,76.0
20170124,3,PM2.5_24h,湘西州,72.0
20170124,3,PM10,湘西州,117.0
20170124,3,PM10_24h,湘西州,119.0
20170124,3,SO2,湘西州,2.0
20170124,3,SO2_24h,湘西州,4.0
20170124,3,NO2,湘西州,19.0
20170124,3,NO2_24h,湘西州,24.0
20170124,3,O3,湘西州,16.0
20170124,3,O3_24h,湘西州,105.0
20170124,3,O3_8h,湘西州,19.0
20170124,3,O3_8h_24h,湘西州,23.0
20170124,3,CO,湘西州,0.95
20170124,3,CO_24h,湘西州,0.75
20170124,4,AQI,湘西州,100.0
20170124,4,PM2.5,湘西州,75.0
20170124,4,PM2.5_24h,湘西州,72.0
20170124,4,PM10,湘西州,112.0
20170124,4,PM10_24h,湘西州,117.0
20170124,4,SO2,湘西州,1.0
20170124,4,SO2_24h,湘西州,4.0
20170124,4,NO2,湘西州,19.0
20170124,4,NO2_24h,湘西州,24.0
20170124,4,O3,湘西州,13.0
20170124,4,O3_24h,湘西州,105.0
20170124,4,O3_8h,湘西州,17.0
20170124,4,O3_8h_24h,湘西州,23.0
20170124,4,CO,湘西州,1.0
20170124,4,CO_24h,湘西州,0.75
20170124,5,AQI,湘西州,99.0
20170124,5,PM2.5,湘西州,74.0
20170124,5,PM2.5_24h,湘西州,73.0
20170124,5,PM10,湘西州,109.0
20170124,5,PM10_24h,湘西州,115.0
20170124,5,SO2,湘西州,1.0
20170124,5,SO2_24h,湘西州,4.0
20170124,5,NO2,湘西州,18.0
20170124,5,NO2_24h,湘西州,24.0
20170124,5,O3,湘西州,10.0
20170124,5,O3_24h,湘西州,105.0
20170124,5,O3_8h,湘西州,16.0
20170124,5,O3_8h_24h,湘西州,23.0
20170124,5,CO,湘西州,0.95
20170124,5,CO_24h,湘西州,0.8
20170124,6,AQI,湘西州,96.0
20170124,6,PM2.5,湘西州,72.0
20170124,6,PM2.5_24h,湘西州,73.0
20170124,6,PM10,湘西州,103.0
20170124,6,PM10_24h,湘西州,115.0
20170124,6,SO2,湘西州,3.0
20170124,6,SO2_24h,湘西州,4.0
20170124,6,NO2,湘西州,18.0
20170124,6,NO2_24h,湘西州,23.0
20170124,6,O3,湘西州,9.0
20170124,6,O3_24h,湘西州,105.0
20170124,6,O3_8h,湘西州,15.0
20170124,6,O3_8h_24h,湘西州,23.0
20170124,6,CO,湘西州,0.95
20170124,6,CO_24h,湘西州,0.8
20170124,7,AQI,湘西州,94.0
20170124,7,PM2.5,湘西州,70.0
20170124,7,PM2.5_24h,湘西州,73.0
20170124,7,PM10,湘西州,100.0
20170124,7,PM10_24h,湘西州,114.0
20170124,7,SO2,湘西州,2.0
20170124,7,SO2_24h,湘西州,4.0
20170124,7,NO2,湘西州,23.0
20170124,7,NO2_24h,湘西州,24.0
20170124,7,O3,湘西州,5.0
20170124,7,O3_24h,湘西州,105.0
20170124,7,O3_8h,湘西州,13.0
20170124,7,O3_8h_24h,湘西州,23.0
20170124,7,CO,湘西州,0.95
20170124,7,CO_24h,湘西州,0.85
20170124,8,AQI,湘西州,93.0
20170124,8,PM2.5,湘西州,69.0
20170124,8,PM2.5_24h,湘西州,74.0
20170124,8,PM10,湘西州,97.0
20170124,8,PM10_24h,湘西州,115.0
20170124,8,SO2,湘西州,3.0
20170124,8,SO2_24h,湘西州,4.0
20170124,8,NO2,湘西州,28.0
20170124,8,NO2_24h,湘西州,24.0
20170124,8,O3,湘西州,6.0
20170124,8,O3_24h,湘西州,105.0
20170124,8,O3_8h,湘西州,12.0
20170124,8,O3_8h_24h,湘西州,23.0
20170124,8,CO,湘西州,1.25
20170124,8,CO_24h,湘西州,0.85
20170124,9,AQI,湘西州,96.0
20170124,9,PM2.5,湘西州,72.0
20170124,9,PM2.5_24h,湘西州,75.0
20170124,9,PM10,湘西州,105.0
20170124,9,PM10_24h,湘西州,115.0
20170124,9,SO2,湘西州,5.0
20170124,9,SO2_24h,湘西州,4.0
20170124,9,NO2,湘西州,30.0
20170124,9,NO2_24h,湘西州,24.0
20170124,9,O3,湘西州,7.0
20170124,9,O3_24h,湘西州,105.0
20170124,9,O3_8h,湘西州,10.0
20170124,9,O3_8h_24h,湘西州,23.0
20170124,9,CO,湘西州,1.45
20170124,9,CO_24h,湘西州,0.95
20170124,10,AQI,湘西州,103.0
20170124,10,PM2.5,湘西州,77.0
20170124,10,PM2.5_24h,湘西州,75.0
20170124,10,PM10,湘西州,111.0
20170124,10,PM10_24h,湘西州,116.0
20170124,10,SO2,湘西州,6.0
20170124,10,SO2_24h,湘西州,4.0
20170124,10,NO2,湘西州,31.0
20170124,10,NO2_24h,湘西州,24.0
20170124,10,O3,湘西州,7.0
20170124,10,O3_24h,湘西州,105.0
20170124,10,O3_8h,湘西州,8.0
20170124,10,O3_8h_24h,湘西州,23.0
20170124,10,CO,湘西州,1.5
20170124,10,CO_24h,湘西州,0.95
20170124,11,AQI,湘西州,116.0
20170124,11,PM2.5,湘西州,88.0
20170124,11,PM2.5_24h,湘西州,76.0
20170124,11,PM10,湘西州,143.0
20170124,11,PM10_24h,湘西州,118.0
20170124,11,SO2,湘西州,4.0
20170124,11,SO2_24h,湘西州,4.0
20170124,11,NO2,湘西州,32.0
20170124,11,NO2_24h,湘西州,24.0
20170124,11,O3,湘西州,6.0
20170124,11,O3_24h,湘西州,105.0
20170124,11,O3_8h,湘西州,7.0
20170124,11,O3_8h_24h,湘西州,23.0
20170124,11,CO,湘西州,1.45
20170124,11,CO_24h,湘西州,0.95
20170124,12,AQI,湘西州,124.0
20170124,12,PM2.5,湘西州,94.0
20170124,12,PM2.5_24h,湘西州,77.0
20170124,12,PM10,湘西州,152.0
20170124,12,PM10_24h,湘西州,119.0
20170124,12,SO2,湘西州,7.0
20170124,12,SO2_24h,湘西州,3.0
20170124,12,NO2,湘西州,37.0
20170124,12,NO2_24h,湘西州,25.0
20170124,12,O3,湘西州,7.0
20170124,12,O3_24h,湘西州,105.0
20170124,12,O3_8h,湘西州,6.0
20170124,12,O3_8h_24h,湘西州,23.0
20170124,12,CO,湘西州,1.5
20170124,12,CO_24h,湘西州,1.0
20170124,13,AQI,湘西州,129.0
20170124,13,PM2.5,湘西州,98.0
20170124,13,PM2.5_24h,湘西州,78.0
20170124,13,PM10,湘西州,174.0
20170124,13,PM10_24h,湘西州,122.0
20170124,13,SO2,湘西州,14.0
20170124,13,SO2_24h,湘西州,4.0
20170124,13,NO2,湘西州,38.0
20170124,13,NO2_24h,湘西州,26.0
20170124,13,O3,湘西州,26.0
20170124,13,O3_24h,湘西州,105.0
20170124,13,O3_8h,湘西州,8.0
20170124,13,O3_8h_24h,湘西州,23.0
20170124,13,CO,湘西州,1.35
20170124,13,CO_24h,湘西州,1.05
20170124,14,AQI,湘西州,131.0
20170124,14,PM2.5,湘西州,100.0
20170124,14,PM2.5_24h,湘西州,79.0
20170124,14,PM10,湘西州,165.0
20170124,14,PM10_24h,湘西州,124.0
20170124,14,SO2,湘西州,10.0
20170124,14,SO2_24h,湘西州,4.0
20170124,14,NO2,湘西州,17.0
20170124,14,NO2_24h,湘西州,26.0
20170124,14,O3,湘西州,70.0
20170124,14,O3_24h,湘西州,102.0
20170124,14,O3_8h,湘西州,15.0
20170124,14,O3_8h_24h,湘西州,25.0
20170124,14,CO,湘西州,0.65
20170124,14,CO_24h,湘西州,1.05
20170124,15,AQI,湘西州,118.0
20170124,15,PM2.5,湘西州,89.0
20170124,15,PM2.5_24h,湘西州,80.0
20170124,15,PM10,湘西州,146.0
20170124,15,PM10_24h,湘西州,126.0
20170124,15,SO2,湘西州,5.0
20170124,15,SO2_24h,湘西州,4.0
20170124,15,NO2,湘西州,12.0
20170124,15,NO2_24h,湘西州,26.0
20170124,15,O3,湘西州,83.0
20170124,15,O3_24h,湘西州,96.0
20170124,15,O3_8h,湘西州,25.0
20170124,15,O3_8h_24h,湘西州,29.0
20170124,15,CO,湘西州,0.6
20170124,15,CO_24h,湘西州,1.05
20170124,16,AQI,湘西州,91.0
20170124,16,PM2.5,湘西州,68.0
20170124,16,PM2.5_24h,湘西州,81.0
20170124,16,PM10,湘西州,122.0
20170124,16,PM10_24h,湘西州,128.0
20170124,16,SO2,湘西州,5.0
20170124,16,SO2_24h,湘西州,4.0
20170124,16,NO2,湘西州,21.0
20170124,16,NO2_24h,湘西州,26.0
20170124,16,O3,湘西州,78.0
20170124,16,O3_24h,湘西州,93.0
20170124,16,O3_8h,湘西州,35.0
20170124,16,O3_8h_24h,湘西州,35.0
20170124,16,CO,湘西州,0.75
20170124,16,CO_24h,湘西州,1.1
20170124,17,AQI,湘西州,81.0
20170124,17,PM2.5,湘西州,60.0
20170124,17,PM2.5_24h,湘西州,81.0
20170124,17,PM10,湘西州,96.0
20170124,17,PM10_24h,湘西州,127.0
20170124,17,SO2,湘西州,6.0
20170124,17,SO2_24h,湘西州,5.0
20170124,17,NO2,湘西州,21.0
20170124,17,NO2_24h,湘西州,26.0
20170124,17,O3,湘西州,70.0
20170124,17,O3_24h,湘西州,83.0
20170124,17,O3_8h,湘西州,43.0
20170124,17,O3_8h_24h,湘西州,43.0
20170124,17,CO,湘西州,0.8
20170124,17,CO_24h,湘西州,1.1
20170124,18,AQI,湘西州,83.0
20170124,18,PM2.5,湘西州,61.0
20170124,18,PM2.5_24h,湘西州,81.0
20170124,18,PM10,湘西州,98.0
20170124,18,PM10_24h,湘西州,127.0
20170124,18,SO2,湘西州,3.0
20170124,18,SO2_24h,湘西州,5.0
20170124,18,NO2,湘西州,16.0
20170124,18,NO2_24h,湘西州,25.0
20170124,18,O3,湘西州,74.0
20170124,18,O3_24h,湘西州,83.0
20170124,18,O3_8h,湘西州,52.0
20170124,18,O3_8h_24h,湘西州,52.0
20170124,18,CO,湘西州,0.65
20170124,18,CO_24h,湘西州,1.1
20170124,19,AQI,湘西州,94.0
20170124,19,PM2.5,湘西州,70.0
20170124,19,PM2.5_24h,湘西州,81.0
20170124,19,PM10,湘西州,91.0
20170124,19,PM10_24h,湘西州,126.0
20170124,19,SO2,湘西州,3.0
20170124,19,SO2_24h,湘西州,4.0
20170124,19,NO2,湘西州,18.0
20170124,19,NO2_24h,湘西州,25.0
20170124,19,O3,湘西州,70.0
20170124,19,O3_24h,湘西州,83.0
20170124,19,O3_8h,湘西州,60.0
20170124,19,O3_8h_24h,湘西州,60.0
20170124,19,CO,湘西州,0.75
20170124,19,CO_24h,湘西州,1.1
20170124,20,AQI,湘西州,98.0
20170124,20,PM2.5,湘西州,73.0
20170124,20,PM2.5_24h,湘西州,80.0
20170124,20,PM10,湘西州,96.0
20170124,20,PM10_24h,湘西州,123.0
20170124,20,SO2,湘西州,3.0
20170124,20,SO2_24h,湘西州,5.0
20170124,20,NO2,湘西州,22.0
20170124,20,NO2_24h,湘西州,24.0
20170124,20,O3,湘西州,60.0
20170124,20,O3_24h,湘西州,83.0
20170124,20,O3_8h,湘西州,66.0
20170124,20,O3_8h_24h,湘西州,66.0
20170124,20,CO,湘西州,0.85
20170124,20,CO_24h,湘西州,1.05
20170124,21,AQI,湘西州,98.0
20170124,21,PM2.5,湘西州,73.0
20170124,21,PM2.5_24h,湘西州,80.0
20170124,21,PM10,湘西州,102.0
20170124,21,PM10_24h,湘西州,121.0
20170124,21,SO2,湘西州,3.0
20170124,21,SO2_24h,湘西州,4.0
20170124,21,NO2,湘西州,21.0
20170124,21,NO2_24h,湘西州,24.0
20170124,21,O3,湘西州,55.0
20170124,21,O3_24h,湘西州,83.0
20170124,21,O3_8h,湘西州,70.0
20170124,21,O3_8h_24h,湘西州,70.0
20170124,21,CO,湘西州,0.8
20170124,21,CO_24h,湘西州,1.05
20170124,22,AQI,湘西州,103.0
20170124,22,PM2.5,湘西州,77.0
20170124,22,PM2.5_24h,湘西州,78.0
20170124,22,PM10,湘西州,115.0
20170124,22,PM10_24h,湘西州,120.0
20170124,22,SO2,湘西州,2.0
20170124,22,SO2_24h,湘西州,4.0
20170124,22,NO2,湘西州,24.0
20170124,22,NO2_24h,湘西州,24.0
20170124,22,O3,湘西州,44.0
20170124,22,O3_24h,湘西州,83.0
20170124,22,O3_8h,湘西州,67.0
20170124,22,O3_8h_24h,湘西州,70.0
20170124,22,CO,湘西州,0.95
20170124,22,CO_24h,湘西州,1.05
20170124,23,AQI,湘西州,106.0
20170124,23,PM2.5,湘西州,80.0
20170124,23,PM2.5_24h,湘西州,78.0
20170124,23,PM10,湘西州,119.0
20170124,23,PM10_24h,湘西州,120.0
20170124,23,SO2,湘西州,2.0
20170124,23,SO2_24h,湘西州,4.0
20170124,23,NO2,湘西州,32.0
20170124,23,NO2_24h,湘西州,23.0
20170124,23,O3,湘西州,29.0
20170124,23,O3_24h,湘西州,83.0
20170124,23,O3_8h,湘西州,60.0
20170124,23,O3_8h_24h,湘西州,70.0
20170124,23,CO,湘西州,1.05
20170124,23,CO_24h,湘西州,1.0
20170124,0,AQI,梧州,149.0
20170124,0,PM2.5,梧州,114.0
20170124,0,PM2.5_24h,梧州,73.0
20170124,0,PM10,梧州,128.0
20170124,0,PM10_24h,梧州,102.0
20170124,0,SO2,梧州,9.0
20170124,0,SO2_24h,梧州,11.0
20170124,0,NO2,梧州,49.0
20170124,0,NO2_24h,梧州,36.0
20170124,0,O3,梧州,8.0
20170124,0,O3_24h,梧州,107.0
20170124,0,O3_8h,梧州,35.0
20170124,0,O3_8h_24h,梧州,86.0
20170124,0,CO,梧州,2.2
20170124,0,CO_24h,梧州,1.42
20170124,1,AQI,梧州,129.0
20170124,1,PM2.5,梧州,98.0
20170124,1,PM2.5_24h,梧州,74.0
20170124,1,PM10,梧州,116.0
20170124,1,PM10_24h,梧州,102.0
20170124,1,SO2,梧州,8.0
20170124,1,SO2_24h,梧州,11.0
20170124,1,NO2,梧州,43.0
20170124,1,NO2_24h,梧州,37.0
20170124,1,O3,梧州,9.0
20170124,1,O3_24h,梧州,107.0
20170124,1,O3_8h,梧州,9.0
20170124,1,O3_8h_24h,梧州,9.0
20170124,1,CO,梧州,2.02
20170124,1,CO_24h,梧州,1.48
20170124,2,AQI,梧州,116.0
20170124,2,PM2.5,梧州,88.0
20170124,2,PM2.5_24h,梧州,75.0
20170124,2,PM10,梧州,101.0
20170124,2,PM10_24h,梧州,103.0
20170124,2,SO2,梧州,9.0
20170124,2,SO2_24h,梧州,11.0
20170124,2,NO2,梧州,30.0
20170124,2,NO2_24h,梧州,37.0
20170124,2,O3,梧州,15.0
20170124,2,O3_24h,梧州,107.0
20170124,2,O3_8h,梧州,12.0
20170124,2,O3_8h_24h,梧州,12.0
20170124,2,CO,梧州,0.82
20170124,2,CO_24h,梧州,1.48
20170124,3,AQI,梧州,98.0
20170124,3,PM2.5,梧州,73.0
20170124,3,PM2.5_24h,梧州,75.0
20170124,3,PM10,梧州,89.0
20170124,3,PM10_24h,梧州,103.0
20170124,3,SO2,梧州,8.0
20170124,3,SO2_24h,梧州,11.0
20170124,3,NO2,梧州,17.0
20170124,3,NO2_24h,梧州,36.0
20170124,3,O3,梧州,20.0
20170124,3,O3_24h,梧州,107.0
20170124,3,O3_8h,梧州,15.0
20170124,3,O3_8h_24h,梧州,16.0
20170124,3,CO,梧州,0.95
20170124,3,CO_24h,梧州,1.45
20170124,4,AQI,梧州,94.0
20170124,4,PM2.5,梧州,70.0
20170124,4,PM2.5_24h,梧州,76.0
20170124,4,PM10,梧州,82.0
20170124,4,PM10_24h,梧州,103.0
20170124,4,SO2,梧州,7.0
20170124,4,SO2_24h,梧州,11.0
20170124,4,NO2,梧州,22.0
20170124,4,NO2_24h,梧州,36.0
20170124,4,O3,梧州,24.0
20170124,4,O3_24h,梧州,107.0
20170124,4,O3_8h,梧州,17.0
20170124,4,O3_8h_24h,梧州,18.0
20170124,4,CO,梧州,0.73
20170124,4,CO_24h,梧州,1.45
20170124,5,AQI,梧州,86.0
20170124,5,PM2.5,梧州,64.0
20170124,5,PM2.5_24h,梧州,76.0
20170124,5,PM10,梧州,76.0
20170124,5,PM10_24h,梧州,104.0
20170124,5,SO2,梧州,7.0
20170124,5,SO2_24h,梧州,11.0
20170124,5,NO2,梧州,20.0
20170124,5,NO2_24h,梧州,35.0
20170124,5,O3,梧州,28.0
20170124,5,O3_24h,梧州,107.0
20170124,5,O3_8h,梧州,20.0
20170124,5,O3_8h_24h,梧州,20.0
20170124,5,CO,梧州,0.73
20170124,5,CO_24h,梧州,1.45
20170124,6,AQI,梧州,90.0
20170124,6,PM2.5,梧州,67.0
20170124,6,PM2.5_24h,梧州,76.0
20170124,6,PM10,梧州,69.0
20170124,6,PM10_24h,梧州,104.0
20170124,6,SO2,梧州,8.0
20170124,6,SO2_24h,梧州,11.0
20170124,6,NO2,梧州,20.0
20170124,6,NO2_24h,梧州,35.0
20170124,6,O3,梧州,34.0
20170124,6,O3_24h,梧州,107.0
20170124,6,O3_8h,梧州,22.0
20170124,6,O3_8h_24h,梧州,22.0
20170124,6,CO,梧州,0.7
20170124,6,CO_24h,梧州,1.45
20170124,7,AQI,梧州,84.0
20170124,7,PM2.5,梧州,62.0
20170124,7,PM2.5_24h,梧州,76.0
20170124,7,PM10,梧州,67.0
20170124,7,PM10_24h,梧州,105.0
20170124,7,SO2,梧州,9.0
20170124,7,SO2_24h,梧州,11.0
20170124,7,NO2,梧州,25.0
20170124,7,NO2_24h,梧州,35.0
20170124,7,O3,梧州,29.0
20170124,7,O3_24h,梧州,107.0
20170124,7,O3_8h,梧州,23.0
20170124,7,O3_8h_24h,梧州,23.0
20170124,7,CO,梧州,0.7
20170124,7,CO_24h,梧州,1.45
20170124,8,AQI,梧州,88.0
20170124,8,PM2.5,梧州,65.0
20170124,8,PM2.5_24h,梧州,77.0
20170124,8,PM10,梧州,71.0
20170124,8,PM10_24h,梧州,106.0
20170124,8,SO2,梧州,9.0
20170124,8,SO2_24h,梧州,11.0
20170124,8,NO2,梧州,29.0
20170124,8,NO2_24h,梧州,35.0
20170124,8,O3,梧州,26.0
20170124,8,O3_24h,梧州,107.0
20170124,8,O3_8h,梧州,23.0
20170124,8,O3_8h_24h,梧州,23.0
20170124,8,CO,梧州,0.88
20170124,8,CO_24h,梧州,1.48
20170124,9,AQI,梧州,88.0
20170124,9,PM2.5,梧州,65.0
20170124,9,PM2.5_24h,梧州,78.0
20170124,9,PM10,梧州,78.0
20170124,9,PM10_24h,梧州,106.0
20170124,9,SO2,梧州,12.0
20170124,9,SO2_24h,梧州,11.0
20170124,9,NO2,梧州,36.0
20170124,9,NO2_24h,梧州,35.0
20170124,9,O3,梧州,31.0
20170124,9,O3_24h,梧州,107.0
20170124,9,O3_8h,梧州,26.0
20170124,9,O3_8h_24h,梧州,26.0
20170124,9,CO,梧州,1.68
20170124,9,CO_24h,梧州,1.5
20170124,10,AQI,梧州,113.0
20170124,10,PM2.5,梧州,85.0
20170124,10,PM2.5_24h,梧州,79.0
20170124,10,PM10,梧州,99.0
20170124,10,PM10_24h,梧州,107.0
20170124,10,SO2,梧州,11.0
20170124,10,SO2_24h,梧州,11.0
20170124,10,NO2,梧州,34.0
20170124,10,NO2_24h,梧州,36.0
20170124,10,O3,梧州,32.0
20170124,10,O3_24h,梧州,107.0
20170124,10,O3_8h,梧州,28.0
20170124,10,O3_8h_24h,梧州,28.0
20170124,10,CO,梧州,1.45
20170124,10,CO_24h,梧州,1.5
20170124,11,AQI,梧州,120.0
20170124,11,PM2.5,梧州,91.0
20170124,11,PM2.5_24h,梧州,80.0
20170124,11,PM10,梧州,106.0
20170124,11,PM10_24h,梧州,107.0
20170124,11,SO2,梧州,13.0
20170124,11,SO2_24h,梧州,11.0
20170124,11,NO2,梧州,35.0
20170124,11,NO2_24h,梧州,36.0
20170124,11,O3,梧州,35.0
20170124,11,O3_24h,梧州,107.0
20170124,11,O3_8h,梧州,30.0
20170124,11,O3_8h_24h,梧州,30.0
20170124,11,CO,梧州,1.45
20170124,11,CO_24h,梧州,1.5
20170124,12,AQI,梧州,130.0
20170124,12,PM2.5,梧州,99.0
20170124,12,PM2.5_24h,梧州,81.0
20170124,12,PM10,梧州,113.0
20170124,12,PM10_24h,梧州,108.0
20170124,12,SO2,梧州,13.0
20170124,12,SO2_24h,梧州,11.0
20170124,12,NO2,梧州,26.0
20170124,12,NO2_24h,梧州,36.0
20170124,12,O3,梧州,54.0
20170124,12,O3_24h,梧州,107.0
20170124,12,O3_8h,梧州,34.0
20170124,12,O3_8h_24h,梧州,34.0
20170124,12,CO,梧州,1.23
20170124,12,CO_24h,梧州,1.5
20170124,13,AQI,梧州,111.0
20170124,13,PM2.5,梧州,84.0
20170124,13,PM2.5_24h,梧州,82.0
20170124,13,PM10,梧州,97.0
20170124,13,PM10_24h,梧州,108.0
20170124,13,SO2,梧州,12.0
20170124,13,SO2_24h,梧州,11.0
20170124,13,NO2,梧州,25.0
20170124,13,NO2_24h,梧州,36.0
20170124,13,O3,梧州,71.0
20170124,13,O3_24h,梧州,107.0
20170124,13,O3_8h,梧州,39.0
20170124,13,O3_8h_24h,梧州,39.0
20170124,13,CO,梧州,1.08
20170124,13,CO_24h,梧州,1.53
20170124,14,AQI,梧州,111.0
20170124,14,PM2.5,梧州,84.0
20170124,14,PM2.5_24h,梧州,83.0
20170124,14,PM10,梧州,102.0
20170124,14,PM10_24h,梧州,110.0
20170124,14,SO2,梧州,13.0
20170124,14,SO2_24h,梧州,11.0
20170124,14,NO2,梧州,23.0
20170124,14,NO2_24h,梧州,36.0
20170124,14,O3,梧州,89.0
20170124,14,O3_24h,梧州,107.0
20170124,14,O3_8h,梧州,46.0
20170124,14,O3_8h_24h,梧州,46.0
20170124,14,CO,梧州,0.88
20170124,14,CO_24h,梧州,1.53
20170124,15,AQI,梧州,106.0
20170124,15,PM2.5,梧州,80.0
20170124,15,PM2.5_24h,梧州,84.0
20170124,15,PM10,梧州,91.0
20170124,15,PM10_24h,梧州,112.0
20170124,15,SO2,梧州,13.0
20170124,15,SO2_24h,梧州,11.0
20170124,15,NO2,梧州,20.0
20170124,15,NO2_24h,梧州,36.0
20170124,15,O3,梧州,102.0
20170124,15,O3_24h,梧州,107.0
20170124,15,O3_8h,梧州,55.0
20170124,15,O3_8h_24h,梧州,55.0
20170124,15,CO,梧州,0.72
20170124,15,CO_24h,梧州,1.53
20170124,16,AQI,梧州,108.0
20170124,16,PM2.5,梧州,81.0
20170124,16,PM2.5_24h,梧州,85.0
20170124,16,PM10,梧州,90.0
20170124,16,PM10_24h,梧州,114.0
20170124,16,SO2,梧州,13.0
20170124,16,SO2_24h,梧州,11.0
20170124,16,NO2,梧州,21.0
20170124,16,NO2_24h,梧州,37.0
20170124,16,O3,梧州,100.0
20170124,16,O3_24h,梧州,102.0
20170124,16,O3_8h,梧州,64.0
20170124,16,O3_8h_24h,梧州,64.0
20170124,16,CO,梧州,0.75
20170124,16,CO_24h,梧州,1.53
20170124,17,AQI,梧州,105.0
20170124,17,PM2.5,梧州,79.0
20170124,17,PM2.5_24h,梧州,86.0
20170124,17,PM10,梧州,96.0
20170124,17,PM10_24h,梧州,116.0
20170124,17,SO2,梧州,12.0
20170124,17,SO2_24h,梧州,11.0
20170124,17,NO2,梧州,22.0
20170124,17,NO2_24h,梧州,37.0
20170124,17,O3,梧州,101.0
20170124,17,O3_24h,梧州,102.0
20170124,17,O3_8h,梧州,73.0
20170124,17,O3_8h_24h,梧州,73.0
20170124,17,CO,梧州,0.75
20170124,17,CO_24h,梧州,1.53
20170124,18,AQI,梧州,111.0
20170124,18,PM2.5,梧州,84.0
20170124,18,PM2.5_24h,梧州,87.0
20170124,18,PM10,梧州,100.0
20170124,18,PM10_24h,梧州,118.0
20170124,18,SO2,梧州,12.0
20170124,18,SO2_24h,梧州,11.0
20170124,18,NO2,梧州,27.0
20170124,18,NO2_24h,梧州,36.0
20170124,18,O3,梧州,92.0
20170124,18,O3_24h,梧州,103.0
20170124,18,O3_8h,梧州,81.0
20170124,18,O3_8h_24h,梧州,81.0
20170124,18,CO,梧州,0.85
20170124,18,CO_24h,梧州,1.5
20170124,19,AQI,梧州,126.0
20170124,19,PM2.5,梧州,96.0
20170124,19,PM2.5_24h,梧州,89.0
20170124,19,PM10,梧州,109.0
20170124,19,PM10_24h,梧州,120.0
20170124,19,SO2,梧州,16.0
20170124,19,SO2_24h,梧州,11.0
20170124,19,NO2,梧州,56.0
20170124,19,NO2_24h,梧州,36.0
20170124,19,O3,梧州,57.0
20170124,19,O3_24h,梧州,103.0
20170124,19,O3_8h,梧州,83.0
20170124,19,O3_8h_24h,梧州,83.0
20170124,19,CO,梧州,2.22
20170124,19,CO_24h,梧州,1.43
20170124,20,AQI,梧州,159.0
20170124,20,PM2.5,梧州,121.0
20170124,20,PM2.5_24h,梧州,90.0
20170124,20,PM10,梧州,153.0
20170124,20,PM10_24h,梧州,116.0
20170124,20,SO2,梧州,22.0
20170124,20,SO2_24h,梧州,11.0
20170124,20,NO2,梧州,73.0
20170124,20,NO2_24h,梧州,36.0
20170124,20,O3,梧州,31.0
20170124,20,O3_24h,梧州,103.0
20170124,20,O3_8h,梧州,80.0
20170124,20,O3_8h_24h,梧州,83.0
20170124,20,CO,梧州,4.55
20170124,20,CO_24h,梧州,1.43
20170124,21,AQI,梧州,184.0
20170124,21,PM2.5,梧州,139.0
20170124,21,PM2.5_24h,梧州,90.0
20170124,21,PM10,梧州,194.0
20170124,21,PM10_24h,梧州,108.0
20170124,21,SO2,梧州,21.0
20170124,21,SO2_24h,梧州,12.0
20170124,21,NO2,梧州,73.0
20170124,21,NO2_24h,梧州,36.0
20170124,21,O3,梧州,16.0
20170124,21,O3_24h,梧州,103.0
20170124,21,O3_8h,梧州,74.0
20170124,21,O3_8h_24h,梧州,83.0
20170124,21,CO,梧州,4.15
20170124,21,CO_24h,梧州,1.45
20170124,22,AQI,梧州,201.0
20170124,22,PM2.5,梧州,151.0
20170124,22,PM2.5_24h,梧州,91.0
20170124,22,PM10,梧州,169.0
20170124,22,PM10_24h,梧州,108.0
20170124,22,SO2,梧州,15.0
20170124,22,SO2_24h,梧州,12.0
20170124,22,NO2,梧州,62.0
20170124,22,NO2_24h,梧州,36.0
20170124,22,O3,梧州,16.0
20170124,22,O3_24h,梧州,103.0
20170124,22,O3_8h,梧州,65.0
20170124,22,O3_8h_24h,梧州,83.0
20170124,22,CO,梧州,2.8
20170124,22,CO_24h,梧州,1.53
20170124,23,AQI,梧州,187.0
20170124,23,PM2.5,梧州,141.0
20170124,23,PM2.5_24h,梧州,91.0
20170124,23,PM10,梧州,151.0
20170124,23,PM10_24h,梧州,108.0
20170124,23,SO2,梧州,15.0
20170124,23,SO2_24h,梧州,12.0
20170124,23,NO2,梧州,57.0
20170124,23,NO2_24h,梧州,36.0
20170124,23,O3,梧州,14.0
20170124,23,O3_24h,梧州,103.0
20170124,23,O3_8h,梧州,54.0
20170124,23,O3_8h_24h,梧州,83.0
20170124,23,CO,梧州,2.67
20170124,23,CO_24h,梧州,1.55
20170124,0,AQI,防城港,114.0
20170124,0,PM2.5,防城港,86.0
20170124,0,PM2.5_24h,防城港,67.0
20170124,0,PM10,防城港,99.0
20170124,0,PM10_24h,防城港,90.0
20170124,0,SO2,防城港,11.0
20170124,0,SO2_24h,防城港,15.0
20170124,0,NO2,防城港,27.0
20170124,0,NO2_24h,防城港,25.0
20170124,0,O3,防城港,44.0
20170124,0,O3_24h,防城港,118.0
20170124,0,O3_8h,防城港,62.0
20170124,0,O3_8h_24h,防城港,103.0
20170124,0,CO,防城港,1.17
20170124,0,CO_24h,防城港,0.9
20170124,1,AQI,防城港,114.0
20170124,1,PM2.5,防城港,86.0
20170124,1,PM2.5_24h,防城港,68.0
20170124,1,PM10,防城港,104.0
20170124,1,PM10_24h,防城港,91.0
20170124,1,SO2,防城港,11.0
20170124,1,SO2_24h,防城港,15.0
20170124,1,NO2,防城港,25.0
20170124,1,NO2_24h,防城港,26.0
20170124,1,O3,防城港,37.0
20170124,1,O3_24h,防城港,118.0
20170124,1,O3_8h,防城港,37.0
20170124,1,O3_8h_24h,防城港,37.0
20170124,1,CO,防城港,1.17
20170124,1,CO_24h,防城港,0.97
20170124,2,AQI,防城港,110.0
20170124,2,PM2.5,防城港,83.0
20170124,2,PM2.5_24h,防城港,69.0
20170124,2,PM10,防城港,102.0
20170124,2,PM10_24h,防城港,92.0
20170124,2,SO2,防城港,11.0
20170124,2,SO2_24h,防城港,15.0
20170124,2,NO2,防城港,20.0
20170124,2,NO2_24h,防城港,26.0
20170124,2,O3,防城港,39.0
20170124,2,O3_24h,防城港,118.0
20170124,2,O3_8h,防城港,38.0
20170124,2,O3_8h_24h,防城港,40.0
20170124,2,CO,防城港,1.1
20170124,2,CO_24h,防城港,0.97
20170124,3,AQI,防城港,109.0
20170124,3,PM2.5,防城港,82.0
20170124,3,PM2.5_24h,防城港,70.0
20170124,3,PM10,防城港,99.0
20170124,3,PM10_24h,防城港,92.0
20170124,3,SO2,防城港,10.0
20170124,3,SO2_24h,防城港,15.0
20170124,3,NO2,防城港,18.0
20170124,3,NO2_24h,防城港,26.0
20170124,3,O3,防城港,39.0
20170124,3,O3_24h,防城港,118.0
20170124,3,O3_8h,防城港,38.0
20170124,3,O3_8h_24h,防城港,41.0
20170124,3,CO,防城港,1.1
20170124,3,CO_24h,防城港,1.0
20170124,4,AQI,防城港,101.0
20170124,4,PM2.5,防城港,76.0
20170124,4,PM2.5_24h,防城港,71.0
20170124,4,PM10,防城港,97.0
20170124,4,PM10_24h,防城港,93.0
20170124,4,SO2,防城港,11.0
20170124,4,SO2_24h,防城港,15.0
20170124,4,NO2,防城港,15.0
20170124,4,NO2_24h,防城港,27.0
20170124,4,O3,防城港,42.0
20170124,4,O3_24h,防城港,118.0
20170124,4,O3_8h,防城港,39.0
20170124,4,O3_8h_24h,防城港,41.0
20170124,4,CO,防城港,1.07
20170124,4,CO_24h,防城港,1.0
20170124,5,AQI,防城港,95.0
20170124,5,PM2.5,防城港,71.0
20170124,5,PM2.5_24h,防城港,71.0
20170124,5,PM10,防城港,86.0
20170124,5,PM10_24h,防城港,94.0
20170124,5,SO2,防城港,10.0
20170124,5,SO2_24h,防城港,15.0
20170124,5,NO2,防城港,12.0
20170124,5,NO2_24h,防城港,27.0
20170124,5,O3,防城港,46.0
20170124,5,O3_24h,防城港,118.0
20170124,5,O3_8h,防城港,40.0
20170124,5,O3_8h_24h,防城港,42.0
20170124,5,CO,防城港,0.97
20170124,5,CO_24h,防城港,1.0
20170124,6,AQI,防城港,93.0
20170124,6,PM2.5,防城港,69.0
20170124,6,PM2.5_24h,防城港,72.0
20170124,6,PM10,防城港,85.0
20170124,6,PM10_24h,防城港,95.0
20170124,6,SO2,防城港,11.0
20170124,6,SO2_24h,防城港,15.0
20170124,6,NO2,防城港,11.0
20170124,6,NO2_24h,防城港,26.0
20170124,6,O3,防城港,52.0
20170124,6,O3_24h,防城港,118.0
20170124,6,O3_8h,防城港,42.0
20170124,6,O3_8h_24h,防城港,44.0
20170124,6,CO,防城港,0.93
20170124,6,CO_24h,防城港,1.0
20170124,7,AQI,防城港,91.0
20170124,7,PM2.5,防城港,68.0
20170124,7,PM2.5_24h,防城港,72.0
20170124,7,PM10,防城港,75.0
20170124,7,PM10_24h,防城港,95.0
20170124,7,SO2,防城港,10.0
20170124,7,SO2_24h,防城港,15.0
20170124,7,NO2,防城港,13.0
20170124,7,NO2_24h,防城港,26.0
20170124,7,O3,防城港,49.0
20170124,7,O3_24h,防城港,118.0
20170124,7,O3_8h,防城港,43.0
20170124,7,O3_8h_24h,防城港,45.0
20170124,7,CO,防城港,0.97
20170124,7,CO_24h,防城港,1.0
20170124,8,AQI,防城港,98.0
20170124,8,PM2.5,防城港,73.0
20170124,8,PM2.5_24h,防城港,73.0
20170124,8,PM10,防城港,79.0
20170124,8,PM10_24h,防城港,95.0
20170124,8,SO2,防城港,11.0
20170124,8,SO2_24h,防城港,15.0
20170124,8,NO2,防城港,17.0
20170124,8,NO2_24h,防城港,26.0
20170124,8,O3,防城港,51.0
20170124,8,O3_24h,防城港,118.0
20170124,8,O3_8h,防城港,44.0
20170124,8,O3_8h_24h,防城港,46.0
20170124,8,CO,防城港,1.0
20170124,8,CO_24h,防城港,1.03
20170124,9,AQI,防城港,104.0
20170124,9,PM2.5,防城港,78.0
20170124,9,PM2.5_24h,防城港,73.0
20170124,9,PM10,防城港,69.0
20170124,9,PM10_24h,防城港,96.0
20170124,9,SO2,防城港,11.0
20170124,9,SO2_24h,防城港,15.0
20170124,9,NO2,防城港,23.0
20170124,9,NO2_24h,防城港,27.0
20170124,9,O3,防城港,49.0
20170124,9,O3_24h,防城港,118.0
20170124,9,O3_8h,防城港,46.0
20170124,9,O3_8h_24h,防城港,48.0
20170124,9,CO,防城港,1.07
20170124,9,CO_24h,防城港,1.03
20170124,10,AQI,防城港,104.0
20170124,10,PM2.5,防城港,78.0
20170124,10,PM2.5_24h,防城港,73.0
20170124,10,PM10,防城港,84.0
20170124,10,PM10_24h,防城港,96.0
20170124,10,SO2,防城港,12.0
20170124,10,SO2_24h,防城港,15.0
20170124,10,NO2,防城港,27.0
20170124,10,NO2_24h,防城港,27.0
20170124,10,O3,防城港,49.0
20170124,10,O3_24h,防城港,118.0
20170124,10,O3_8h,防城港,47.0
20170124,10,O3_8h_24h,防城港,49.0
20170124,10,CO,防城港,1.17
20170124,10,CO_24h,防城港,1.03
20170124,11,AQI,防城港,101.0
20170124,11,PM2.5,防城港,76.0
20170124,11,PM2.5_24h,防城港,74.0
20170124,11,PM10,防城港,91.0
20170124,11,PM10_24h,防城港,96.0
20170124,11,SO2,防城港,13.0
20170124,11,SO2_24h,防城港,14.0
20170124,11,NO2,防城港,23.0
20170124,11,NO2_24h,防城港,27.0
20170124,11,O3,防城港,64.0
20170124,11,O3_24h,防城港,118.0
20170124,11,O3_8h,防城港,50.0
20170124,11,O3_8h_24h,防城港,51.0
20170124,11,CO,防城港,1.07
20170124,11,CO_24h,防城港,1.03
20170124,12,AQI,防城港,91.0
20170124,12,PM2.5,防城港,68.0
20170124,12,PM2.5_24h,防城港,75.0
20170124,12,PM10,防城港,82.0
20170124,12,PM10_24h,防城港,97.0
20170124,12,SO2,防城港,14.0
20170124,12,SO2_24h,防城港,14.0
20170124,12,NO2,防城港,17.0
20170124,12,NO2_24h,防城港,27.0
20170124,12,O3,防城港,91.0
20170124,12,O3_24h,防城港,118.0
20170124,12,O3_8h,防城港,57.0
20170124,12,O3_8h_24h,防城港,57.0
20170124,12,CO,防城港,1.07
20170124,12,CO_24h,防城港,1.03
20170124,13,AQI,防城港,88.0
20170124,13,PM2.5,防城港,65.0
20170124,13,PM2.5_24h,防城港,75.0
20170124,13,PM10,防城港,79.0
20170124,13,PM10_24h,防城港,97.0
20170124,13,SO2,防城港,20.0
20170124,13,SO2_24h,防城港,15.0
20170124,13,NO2,防城港,23.0
20170124,13,NO2_24h,防城港,28.0
20170124,13,O3,防城港,101.0
20170124,13,O3_24h,防城港,118.0
20170124,13,O3_8h,防城港,63.0
20170124,13,O3_8h_24h,防城港,63.0
20170124,13,CO,防城港,1.3
20170124,13,CO_24h,防城港,1.07
20170124,14,AQI,防城港,74.0
20170124,14,PM2.5,防城港,54.0
20170124,14,PM2.5_24h,防城港,75.0
20170124,14,PM10,防城港,75.0
20170124,14,PM10_24h,防城港,97.0
20170124,14,SO2,防城港,23.0
20170124,14,SO2_24h,防城港,15.0
20170124,14,NO2,防城港,23.0
20170124,14,NO2_24h,防城港,28.0
20170124,14,O3,防城港,111.0
20170124,14,O3_24h,防城港,118.0
20170124,14,O3_8h,防城港,71.0
20170124,14,O3_8h_24h,防城港,71.0
20170124,14,CO,防城港,1.2
20170124,14,CO_24h,防城港,1.07
20170124,15,AQI,防城港,60.0
20170124,15,PM2.5,防城港,43.0
20170124,15,PM2.5_24h,防城港,75.0
20170124,15,PM10,防城港,63.0
20170124,15,PM10_24h,防城港,96.0
20170124,15,SO2,防城港,20.0
20170124,15,SO2_24h,防城港,15.0
20170124,15,NO2,防城港,22.0
20170124,15,NO2_24h,防城港,28.0
20170124,15,O3,防城港,115.0
20170124,15,O3_24h,防城港,120.0
20170124,15,O3_8h,防城港,79.0
20170124,15,O3_8h_24h,防城港,79.0
20170124,15,CO,防城港,0.9
20170124,15,CO_24h,防城港,1.07
20170124,16,AQI,防城港,68.0
20170124,16,PM2.5,防城港,49.0
20170124,16,PM2.5_24h,防城港,75.0
20170124,16,PM10,防城港,67.0
20170124,16,PM10_24h,防城港,96.0
20170124,16,SO2,防城港,20.0
20170124,16,SO2_24h,防城港,15.0
20170124,16,NO2,防城港,23.0
20170124,16,NO2_24h,防城港,29.0
20170124,16,O3,防城港,116.0
20170124,16,O3_24h,防城港,119.0
20170124,16,O3_8h,防城港,87.0
20170124,16,O3_8h_24h,防城港,87.0
20170124,16,CO,防城港,0.9
20170124,16,CO_24h,防城港,1.07
20170124,17,AQI,防城港,74.0
20170124,17,PM2.5,防城港,54.0
20170124,17,PM2.5_24h,防城港,75.0
20170124,17,PM10,防城港,72.0
20170124,17,PM10_24h,防城港,96.0
20170124,17,SO2,防城港,19.0
20170124,17,SO2_24h,防城港,15.0
20170124,17,NO2,防城港,24.0
20170124,17,NO2_24h,防城港,29.0
20170124,17,O3,防城港,114.0
20170124,17,O3_24h,防城港,121.0
20170124,17,O3_8h,防城港,95.0
20170124,17,O3_8h_24h,防城港,95.0
20170124,17,CO,防城港,1.03
20170124,17,CO_24h,防城港,1.1
20170124,18,AQI,防城港,84.0
20170124,18,PM2.5,防城港,62.0
20170124,18,PM2.5_24h,防城港,75.0
20170124,18,PM10,防城港,82.0
20170124,18,PM10_24h,防城港,96.0
20170124,18,SO2,防城港,14.0
20170124,18,SO2_24h,防城港,15.0
20170124,18,NO2,防城港,23.0
20170124,18,NO2_24h,防城港,28.0
20170124,18,O3,防城港,109.0
20170124,18,O3_24h,防城港,121.0
20170124,18,O3_8h,防城港,102.0
20170124,18,O3_8h_24h,防城港,102.0
20170124,18,CO,防城港,0.97
20170124,18,CO_24h,防城港,1.07
20170124,19,AQI,防城港,105.0
20170124,19,PM2.5,防城港,79.0
20170124,19,PM2.5_24h,防城港,75.0
20170124,19,PM10,防城港,108.0
20170124,19,PM10_24h,防城港,95.0
20170124,19,SO2,防城港,12.0
20170124,19,SO2_24h,防城港,14.0
20170124,19,NO2,防城港,32.0
20170124,19,NO2_24h,防城港,26.0
20170124,19,O3,防城港,86.0
20170124,19,O3_24h,防城港,121.0
20170124,19,O3_8h,防城港,106.0
20170124,19,O3_8h_24h,防城港,106.0
20170124,19,CO,防城港,1.17
20170124,19,CO_24h,防城港,1.07
20170124,20,AQI,防城港,95.0
20170124,20,PM2.5,防城港,71.0
20170124,20,PM2.5_24h,防城港,74.0
20170124,20,PM10,防城港,113.0
20170124,20,PM10_24h,防城港,93.0
20170124,20,SO2,防城港,12.0
20170124,20,SO2_24h,防城港,14.0
20170124,20,NO2,防城港,27.0
20170124,20,NO2_24h,防城港,24.0
20170124,20,O3,防城港,93.0
20170124,20,O3_24h,防城港,121.0
20170124,20,O3_8h,防城港,106.0
20170124,20,O3_8h_24h,防城港,106.0
20170124,20,CO,防城港,1.03
20170124,20,CO_24h,防城港,1.07
20170124,21,AQI,防城港,103.0
20170124,21,PM2.5,防城港,77.0
20170124,21,PM2.5_24h,防城港,72.0
20170124,21,PM10,防城港,93.0
20170124,21,PM10_24h,防城港,90.0
20170124,21,SO2,防城港,12.0
20170124,21,SO2_24h,防城港,14.0
20170124,21,NO2,防城港,21.0
20170124,21,NO2_24h,防城港,23.0
20170124,21,O3,防城港,91.0
20170124,21,O3_24h,防城港,121.0
20170124,21,O3_8h,防城港,104.0
20170124,21,O3_8h_24h,防城港,106.0
20170124,21,CO,防城港,1.0
20170124,21,CO_24h,防城港,1.07
20170124,22,AQI,防城港,104.0
20170124,22,PM2.5,防城港,78.0
20170124,22,PM2.5_24h,防城港,71.0
20170124,22,PM10,防城港,95.0
20170124,22,PM10_24h,防城港,88.0
20170124,22,SO2,防城港,11.0
20170124,22,SO2_24h,防城港,13.0
20170124,22,NO2,防城港,21.0
20170124,22,NO2_24h,防城港,22.0
20170124,22,O3,防城港,81.0
20170124,22,O3_24h,防城港,121.0
20170124,22,O3_8h,防城港,101.0
20170124,22,O3_8h_24h,防城港,106.0
20170124,22,CO,防城港,1.0
20170124,22,CO_24h,防城港,1.03
20170124,23,AQI,防城港,96.0
20170124,23,PM2.5,防城港,72.0
20170124,23,PM2.5_24h,防城港,71.0
20170124,23,PM10,防城港,86.0
20170124,23,PM10_24h,防城港,87.0
20170124,23,SO2,防城港,11.0
20170124,23,SO2_24h,防城港,13.0
20170124,23,NO2,防城港,17.0
20170124,23,NO2_24h,防城港,21.0
20170124,23,O3,防城港,79.0
20170124,23,O3_24h,防城港,121.0
20170124,23,O3_8h,防城港,96.0
20170124,23,O3_8h_24h,防城港,106.0
20170124,23,CO,防城港,1.0
20170124,23,CO_24h,防城港,1.03
20170124,0,AQI,钦州,129.0
20170124,0,PM2.5,钦州,98.0
20170124,0,PM2.5_24h,钦州,82.0
20170124,0,PM10,钦州,121.0
20170124,0,PM10_24h,钦州,110.0
20170124,0,SO2,钦州,15.0
20170124,0,SO2_24h,钦州,18.0
20170124,0,NO2,钦州,37.0
20170124,0,NO2_24h,钦州,29.0
20170124,0,O3,钦州,67.0
20170124,0,O3_24h,钦州,121.0
20170124,0,O3_8h,钦州,83.0
20170124,0,O3_8h_24h,钦州,110.0
20170124,0,CO,钦州,1.2
20170124,0,CO_24h,钦州,1.17
20170124,1,AQI,钦州,141.0
20170124,1,PM2.5,钦州,108.0
20170124,1,PM2.5_24h,钦州,83.0
20170124,1,PM10,钦州,134.0
20170124,1,PM10_24h,钦州,110.0
20170124,1,SO2,钦州,15.0
20170124,1,SO2_24h,钦州,18.0
20170124,1,NO2,钦州,42.0
20170124,1,NO2_24h,钦州,30.0
20170124,1,O3,钦州,52.0
20170124,1,O3_24h,钦州,121.0
20170124,1,O3_8h,钦州,52.0
20170124,1,O3_8h_24h,钦州,52.0
20170124,1,CO,钦州,1.33
20170124,1,CO_24h,钦州,1.17
20170124,2,AQI,钦州,166.0
20170124,2,PM2.5,钦州,126.0
20170124,2,PM2.5_24h,钦州,84.0
20170124,2,PM10,钦州,147.0
20170124,2,PM10_24h,钦州,112.0
20170124,2,SO2,钦州,23.0
20170124,2,SO2_24h,钦州,18.0
20170124,2,NO2,钦州,32.0
20170124,2,NO2_24h,钦州,30.0
20170124,2,O3,钦州,58.0
20170124,2,O3_24h,钦州,121.0
20170124,2,O3_8h,钦州,55.0
20170124,2,O3_8h_24h,钦州,55.0
20170124,2,CO,钦州,1.3
20170124,2,CO_24h,钦州,1.17
20170124,3,AQI,钦州,154.0
20170124,3,PM2.5,钦州,118.0
20170124,3,PM2.5_24h,钦州,86.0
20170124,3,PM10,钦州,137.0
20170124,3,PM10_24h,钦州,113.0
20170124,3,SO2,钦州,19.0
20170124,3,SO2_24h,钦州,18.0
20170124,3,NO2,钦州,36.0
20170124,3,NO2_24h,钦州,30.0
20170124,3,O3,钦州,44.0
20170124,3,O3_24h,钦州,121.0
20170124,3,O3_8h,钦州,51.0
20170124,3,O3_8h_24h,钦州,55.0
20170124,3,CO,钦州,1.43
20170124,3,CO_24h,钦州,1.2
20170124,4,AQI,钦州,171.0
20170124,4,PM2.5,钦州,130.0
20170124,4,PM2.5_24h,钦州,87.0
20170124,4,PM10,钦州,129.0
20170124,4,PM10_24h,钦州,113.0
20170124,4,SO2,钦州,15.0
20170124,4,SO2_24h,钦州,18.0
20170124,4,NO2,钦州,31.0
20170124,4,NO2_24h,钦州,31.0
20170124,4,O3,钦州,43.0
20170124,4,O3_24h,钦州,121.0
20170124,4,O3_8h,钦州,49.0
20170124,4,O3_8h_24h,钦州,55.0
20170124,4,CO,钦州,1.37
20170124,4,CO_24h,钦州,1.2
20170124,5,AQI,钦州,176.0
20170124,5,PM2.5,钦州,133.0
20170124,5,PM2.5_24h,钦州,89.0
20170124,5,PM10,钦州,143.0
20170124,5,PM10_24h,钦州,115.0
20170124,5,SO2,钦州,14.0
20170124,5,SO2_24h,钦州,18.0
20170124,5,NO2,钦州,29.0
20170124,5,NO2_24h,钦州,31.0
20170124,5,O3,钦州,44.0
20170124,5,O3_24h,钦州,121.0
20170124,5,O3_8h,钦州,48.0
20170124,5,O3_8h_24h,钦州,55.0
20170124,5,CO,钦州,1.37
20170124,5,CO_24h,钦州,1.2
20170124,6,AQI,钦州,157.0
20170124,6,PM2.5,钦州,120.0
20170124,6,PM2.5_24h,钦州,90.0
20170124,6,PM10,钦州,127.0
20170124,6,PM10_24h,钦州,116.0
20170124,6,SO2,钦州,15.0
20170124,6,SO2_24h,钦州,18.0
20170124,6,NO2,钦州,28.0
20170124,6,NO2_24h,钦州,32.0
20170124,6,O3,钦州,42.0
20170124,6,O3_24h,钦州,121.0
20170124,6,O3_8h,钦州,47.0
20170124,6,O3_8h_24h,钦州,55.0
20170124,6,CO,钦州,1.4
20170124,6,CO_24h,钦州,1.2
20170124,7,AQI,钦州,156.0
20170124,7,PM2.5,钦州,119.0
20170124,7,PM2.5_24h,钦州,91.0
20170124,7,PM10,钦州,125.0
20170124,7,PM10_24h,钦州,117.0
20170124,7,SO2,钦州,13.0
20170124,7,SO2_24h,钦州,18.0
20170124,7,NO2,钦州,30.0
20170124,7,NO2_24h,钦州,32.0
20170124,7,O3,钦州,36.0
20170124,7,O3_24h,钦州,121.0
20170124,7,O3_8h,钦州,46.0
20170124,7,O3_8h_24h,钦州,55.0
20170124,7,CO,钦州,1.3
20170124,7,CO_24h,钦州,1.23
20170124,8,AQI,钦州,153.0
20170124,8,PM2.5,钦州,117.0
20170124,8,PM2.5_24h,钦州,92.0
20170124,8,PM10,钦州,130.0
20170124,8,PM10_24h,钦州,118.0
20170124,8,SO2,钦州,16.0
20170124,8,SO2_24h,钦州,17.0
20170124,8,NO2,钦州,33.0
20170124,8,NO2_24h,钦州,32.0
20170124,8,O3,钦州,33.0
20170124,8,O3_24h,钦州,121.0
20170124,8,O3_8h,钦州,44.0
20170124,8,O3_8h_24h,钦州,55.0
20170124,8,CO,钦州,1.37
20170124,8,CO_24h,钦州,1.23
20170124,9,AQI,钦州,170.0
20170124,9,PM2.5,钦州,129.0
20170124,9,PM2.5_24h,钦州,93.0
20170124,9,PM10,钦州,142.0
20170124,9,PM10_24h,钦州,119.0
20170124,9,SO2,钦州,18.0
20170124,9,SO2_24h,钦州,17.0
20170124,9,NO2,钦州,35.0
20170124,9,NO2_24h,钦州,32.0
20170124,9,O3,钦州,39.0
20170124,9,O3_24h,钦州,121.0
20170124,9,O3_8h,钦州,42.0
20170124,9,O3_8h_24h,钦州,55.0
20170124,9,CO,钦州,1.37
20170124,9,CO_24h,钦州,1.23
20170124,10,AQI,钦州,160.0
20170124,10,PM2.5,钦州,122.0
20170124,10,PM2.5_24h,钦州,94.0
20170124,10,PM10,钦州,146.0
20170124,10,PM10_24h,钦州,120.0
20170124,10,SO2,钦州,18.0
20170124,10,SO2_24h,钦州,17.0
20170124,10,NO2,钦州,32.0
20170124,10,NO2_24h,钦州,32.0
20170124,10,O3,钦州,52.0
20170124,10,O3_24h,钦州,121.0
20170124,10,O3_8h,钦州,42.0
20170124,10,O3_8h_24h,钦州,55.0
20170124,10,CO,钦州,1.33
20170124,10,CO_24h,钦州,1.23
20170124,11,AQI,钦州,140.0
20170124,11,PM2.5,钦州,107.0
20170124,11,PM2.5_24h,钦州,95.0
20170124,11,PM10,钦州,135.0
20170124,11,PM10_24h,钦州,121.0
20170124,11,SO2,钦州,19.0
20170124,11,SO2_24h,钦州,17.0
20170124,11,NO2,钦州,29.0
20170124,11,NO2_24h,钦州,32.0
20170124,11,O3,钦州,66.0
20170124,11,O3_24h,钦州,121.0
20170124,11,O3_8h,钦州,44.0
20170124,11,O3_8h_24h,钦州,56.0
20170124,11,CO,钦州,1.4
20170124,11,CO_24h,钦州,1.27
20170124,12,AQI,钦州,125.0
20170124,12,PM2.5,钦州,95.0
20170124,12,PM2.5_24h,钦州,95.0
20170124,12,PM10,钦州,134.0
20170124,12,PM10_24h,钦州,122.0
20170124,12,SO2,钦州,19.0
20170124,12,SO2_24h,钦州,17.0
20170124,12,NO2,钦州,26.0
20170124,12,NO2_24h,钦州,32.0
20170124,12,O3,钦州,82.0
20170124,12,O3_24h,钦州,121.0
20170124,12,O3_8h,钦州,49.0
20170124,12,O3_8h_24h,钦州,58.0
20170124,12,CO,钦州,1.3
20170124,12,CO_24h,钦州,1.27
20170124,13,AQI,钦州,135.0
20170124,13,PM2.5,钦州,103.0
20170124,13,PM2.5_24h,钦州,97.0
20170124,13,PM10,钦州,132.0
20170124,13,PM10_24h,钦州,123.0
20170124,13,SO2,钦州,17.0
20170124,13,SO2_24h,钦州,17.0
20170124,13,NO2,钦州,24.0
20170124,13,NO2_24h,钦州,32.0
20170124,13,O3,钦州,97.0
20170124,13,O3_24h,钦州,121.0
20170124,13,O3_8h,钦州,56.0
20170124,13,O3_8h_24h,钦州,61.0
20170124,13,CO,钦州,1.2
20170124,13,CO_24h,钦州,1.3
20170124,14,AQI,钦州,104.0
20170124,14,PM2.5,钦州,78.0
20170124,14,PM2.5_24h,钦州,97.0
20170124,14,PM10,钦州,107.0
20170124,14,PM10_24h,钦州,123.0
20170124,14,SO2,钦州,16.0
20170124,14,SO2_24h,钦州,17.0
20170124,14,NO2,钦州,19.0
20170124,14,NO2_24h,钦州,32.0
20170124,14,O3,钦州,114.0
20170124,14,O3_24h,钦州,121.0
20170124,14,O3_8h,钦州,65.0
20170124,14,O3_8h_24h,钦州,67.0
20170124,14,CO,钦州,1.0
20170124,14,CO_24h,钦州,1.3
20170124,15,AQI,钦州,80.0
20170124,15,PM2.5,钦州,59.0
20170124,15,PM2.5_24h,钦州,97.0
20170124,15,PM10,钦州,94.0
20170124,15,PM10_24h,钦州,123.0
20170124,15,SO2,钦州,14.0
20170124,15,SO2_24h,钦州,17.0
20170124,15,NO2,钦州,15.0
20170124,15,NO2_24h,钦州,32.0
20170124,15,O3,钦州,122.0
20170124,15,O3_24h,钦州,124.0
20170124,15,O3_8h,钦州,75.0
20170124,15,O3_8h_24h,钦州,75.0
20170124,15,CO,钦州,0.93
20170124,15,CO_24h,钦州,1.27
20170124,16,AQI,钦州,74.0
20170124,16,PM2.5,钦州,54.0
20170124,16,PM2.5_24h,钦州,97.0
20170124,16,PM10,钦州,84.0
20170124,16,PM10_24h,钦州,123.0
20170124,16,SO2,钦州,14.0
20170124,16,SO2_24h,钦州,17.0
20170124,16,NO2,钦州,19.0
20170124,16,NO2_24h,钦州,33.0
20170124,16,O3,钦州,118.0
20170124,16,O3_24h,钦州,123.0
20170124,16,O3_8h,钦州,86.0
20170124,16,O3_8h_24h,钦州,86.0
20170124,16,CO,钦州,1.0
20170124,16,CO_24h,钦州,1.27
20170124,17,AQI,钦州,80.0
20170124,17,PM2.5,钦州,59.0
20170124,17,PM2.5_24h,钦州,98.0
20170124,17,PM10,钦州,88.0
20170124,17,PM10_24h,钦州,124.0
20170124,17,SO2,钦州,14.0
20170124,17,SO2_24h,钦州,17.0
20170124,17,NO2,钦州,22.0
20170124,17,NO2_24h,钦州,33.0
20170124,17,O3,钦州,116.0
20170124,17,O3_24h,钦州,122.0
20170124,17,O3_8h,钦州,96.0
20170124,17,O3_8h_24h,钦州,96.0
20170124,17,CO,钦州,1.07
20170124,17,CO_24h,钦州,1.3
20170124,18,AQI,钦州,91.0
20170124,18,PM2.5,钦州,68.0
20170124,18,PM2.5_24h,钦州,99.0
20170124,18,PM10,钦州,101.0
20170124,18,PM10_24h,钦州,124.0
20170124,18,SO2,钦州,16.0
20170124,18,SO2_24h,钦州,17.0
20170124,18,NO2,钦州,30.0
20170124,18,NO2_24h,钦州,33.0
20170124,18,O3,钦州,106.0
20170124,18,O3_24h,钦州,122.0
20170124,18,O3_8h,钦州,103.0
20170124,18,O3_8h_24h,钦州,103.0
20170124,18,CO,钦州,1.17
20170124,18,CO_24h,钦州,1.3
20170124,19,AQI,钦州,116.0
20170124,19,PM2.5,钦州,88.0
20170124,19,PM2.5_24h,钦州,100.0
20170124,19,PM10,钦州,118.0
20170124,19,PM10_24h,钦州,125.0
20170124,19,SO2,钦州,17.0
20170124,19,SO2_24h,钦州,17.0
20170124,19,NO2,钦州,43.0
20170124,19,NO2_24h,钦州,33.0
20170124,19,O3,钦州,87.0
20170124,19,O3_24h,钦州,122.0
20170124,19,O3_8h,钦州,105.0
20170124,19,O3_8h_24h,钦州,105.0
20170124,19,CO,钦州,1.53
20170124,19,CO_24h,钦州,1.33
20170124,20,AQI,钦州,141.0
20170124,20,PM2.5,钦州,108.0
20170124,20,PM2.5_24h,钦州,101.0
20170124,20,PM10,钦州,161.0
20170124,20,PM10_24h,钦州,126.0
20170124,20,SO2,钦州,19.0
20170124,20,SO2_24h,钦州,17.0
20170124,20,NO2,钦州,50.0
20170124,20,NO2_24h,钦州,33.0
20170124,20,O3,钦州,71.0
20170124,20,O3_24h,钦州,122.0
20170124,20,O3_8h,钦州,104.0
20170124,20,O3_8h_24h,钦州,105.0
20170124,20,CO,钦州,1.77
20170124,20,CO_24h,钦州,1.33
20170124,21,AQI,钦州,149.0
20170124,21,PM2.5,钦州,114.0
20170124,21,PM2.5_24h,钦州,102.0
20170124,21,PM10,钦州,179.0
20170124,21,PM10_24h,钦州,128.0
20170124,21,SO2,钦州,23.0
20170124,21,SO2_24h,钦州,17.0
20170124,21,NO2,钦州,46.0
20170124,21,NO2_24h,钦州,33.0
20170124,21,O3,钦州,72.0
20170124,21,O3_24h,钦州,122.0
20170124,21,O3_8h,钦州,101.0
20170124,21,O3_8h_24h,钦州,105.0
20170124,21,CO,钦州,1.7
20170124,21,CO_24h,钦州,1.3
20170124,22,AQI,钦州,166.0
20170124,22,PM2.5,钦州,126.0
20170124,22,PM2.5_24h,钦州,103.0
20170124,22,PM10,钦州,159.0
20170124,22,PM10_24h,钦州,129.0
20170124,22,SO2,钦州,19.0
20170124,22,SO2_24h,钦州,17.0
20170124,22,NO2,钦州,39.0
20170124,22,NO2_24h,钦州,32.0
20170124,22,O3,钦州,66.0
20170124,22,O3_24h,钦州,122.0
20170124,22,O3_8h,钦州,95.0
20170124,22,O3_8h_24h,钦州,105.0
20170124,22,CO,钦州,1.7
20170124,22,CO_24h,钦州,1.33
20170124,23,AQI,钦州,160.0
20170124,23,PM2.5,钦州,122.0
20170124,23,PM2.5_24h,钦州,104.0
20170124,23,PM10,钦州,162.0
20170124,23,PM10_24h,钦州,130.0
20170124,23,SO2,钦州,18.0
20170124,23,SO2_24h,钦州,17.0
20170124,23,NO2,钦州,28.0
20170124,23,NO2_24h,钦州,31.0
20170124,23,O3,钦州,73.0
20170124,23,O3_24h,钦州,122.0
20170124,23,O3_8h,钦州,89.0
20170124,23,O3_8h_24h,钦州,105.0
20170124,23,CO,钦州,1.47
20170124,23,CO_24h,钦州,1.33
20170124,0,AQI,贵港,125.0
20170124,0,PM2.5,贵港,95.0
20170124,0,PM2.5_24h,贵港,79.0
20170124,0,PM10,贵港,138.0
20170124,0,PM10_24h,贵港,113.0
20170124,0,SO2,贵港,20.0
20170124,0,SO2_24h,贵港,16.0
20170124,0,NO2,贵港,52.0
20170124,0,NO2_24h,贵港,42.0
20170124,0,O3,贵港,52.0
20170124,0,O3_24h,贵港,138.0
20170124,0,O3_8h,贵港,80.0
20170124,0,O3_8h_24h,贵港,120.0
20170124,0,CO,贵港,1.47
20170124,0,CO_24h,贵港,1.2
20170124,1,AQI,贵港,115.0
20170124,1,PM2.5,贵港,87.0
20170124,1,PM2.5_24h,贵港,79.0
20170124,1,PM10,贵港,128.0
20170124,1,PM10_24h,贵港,113.0
20170124,1,SO2,贵港,16.0
20170124,1,SO2_24h,贵港,17.0
20170124,1,NO2,贵港,50.0
20170124,1,NO2_24h,贵港,42.0
20170124,1,O3,贵港,49.0
20170124,1,O3_24h,贵港,138.0
20170124,1,O3_8h,贵港,49.0
20170124,1,O3_8h_24h,贵港,49.0
20170124,1,CO,贵港,1.37
20170124,1,CO_24h,贵港,1.2
20170124,2,AQI,贵港,126.0
20170124,2,PM2.5,贵港,96.0
20170124,2,PM2.5_24h,贵港,79.0
20170124,2,PM10,贵港,128.0
20170124,2,PM10_24h,贵港,113.0
20170124,2,SO2,贵港,15.0
20170124,2,SO2_24h,贵港,17.0
20170124,2,NO2,贵港,58.0
20170124,2,NO2_24h,贵港,41.0
20170124,2,O3,贵港,28.0
20170124,2,O3_24h,贵港,138.0
20170124,2,O3_8h,贵港,39.0
20170124,2,O3_8h_24h,贵港,49.0
20170124,2,CO,贵港,1.4
20170124,2,CO_24h,贵港,1.17
20170124,3,AQI,贵港,134.0
20170124,3,PM2.5,贵港,102.0
20170124,3,PM2.5_24h,贵港,79.0
20170124,3,PM10,贵港,152.0
20170124,3,PM10_24h,贵港,113.0
20170124,3,SO2,贵港,15.0
20170124,3,SO2_24h,贵港,17.0
20170124,3,NO2,贵港,62.0
20170124,3,NO2_24h,贵港,41.0
20170124,3,O3,贵港,15.0
20170124,3,O3_24h,贵港,138.0
20170124,3,O3_8h,贵港,31.0
20170124,3,O3_8h_24h,贵港,49.0
20170124,3,CO,贵港,1.63
20170124,3,CO_24h,贵港,1.17
20170124,4,AQI,贵港,139.0
20170124,4,PM2.5,贵港,106.0
20170124,4,PM2.5_24h,贵港,80.0
20170124,4,PM10,贵港,155.0
20170124,4,PM10_24h,贵港,114.0
20170124,4,SO2,贵港,12.0
20170124,4,SO2_24h,贵港,17.0
20170124,4,NO2,贵港,54.0
20170124,4,NO2_24h,贵港,41.0
20170124,4,O3,贵港,21.0
20170124,4,O3_24h,贵港,138.0
20170124,4,O3_8h,贵港,28.0
20170124,4,O3_8h_24h,贵港,49.0
20170124,4,CO,贵港,1.2
20170124,4,CO_24h,贵港,1.17
20170124,5,AQI,贵港,128.0
20170124,5,PM2.5,贵港,97.0
20170124,5,PM2.5_24h,贵港,80.0
20170124,5,PM10,贵港,123.0
20170124,5,PM10_24h,贵港,113.0
20170124,5,SO2,贵港,11.0
20170124,5,SO2_24h,贵港,17.0
20170124,5,NO2,贵港,43.0
20170124,5,NO2_24h,贵港,41.0
20170124,5,O3,贵港,26.0
20170124,5,O3_24h,贵港,138.0
20170124,5,O3_8h,贵港,28.0
20170124,5,O3_8h_24h,贵港,49.0
20170124,5,CO,贵港,1.4
20170124,5,CO_24h,贵港,1.17
20170124,6,AQI,贵港,163.0
20170124,6,PM2.5,贵港,124.0
20170124,6,PM2.5_24h,贵港,81.0
20170124,6,PM10,贵港,152.0
20170124,6,PM10_24h,贵港,115.0
20170124,6,SO2,贵港,12.0
20170124,6,SO2_24h,贵港,17.0
20170124,6,NO2,贵港,56.0
20170124,6,NO2_24h,贵港,41.0
20170124,6,O3,贵港,10.0
20170124,6,O3_24h,贵港,138.0
20170124,6,O3_8h,贵港,25.0
20170124,6,O3_8h_24h,贵港,49.0
20170124,6,CO,贵港,1.47
20170124,6,CO_24h,贵港,1.2
20170124,7,AQI,贵港,154.0
20170124,7,PM2.5,贵港,118.0
20170124,7,PM2.5_24h,贵港,83.0
20170124,7,PM10,贵港,159.0
20170124,7,PM10_24h,贵港,117.0
20170124,7,SO2,贵港,12.0
20170124,7,SO2_24h,贵港,17.0
20170124,7,NO2,贵港,56.0
20170124,7,NO2_24h,贵港,42.0
20170124,7,O3,贵港,8.0
20170124,7,O3_24h,贵港,138.0
20170124,7,O3_8h,贵港,22.0
20170124,7,O3_8h_24h,贵港,49.0
20170124,7,CO,贵港,1.4
20170124,7,CO_24h,贵港,1.2
20170124,8,AQI,贵港,145.0
20170124,8,PM2.5,贵港,111.0
20170124,8,PM2.5_24h,贵港,85.0
20170124,8,PM10,贵港,154.0
20170124,8,PM10_24h,贵港,120.0
20170124,8,SO2,贵港,11.0
20170124,8,SO2_24h,贵港,17.0
20170124,8,NO2,贵港,61.0
20170124,8,NO2_24h,贵港,43.0
20170124,8,O3,贵港,6.0
20170124,8,O3_24h,贵港,138.0
20170124,8,O3_8h,贵港,21.0
20170124,8,O3_8h_24h,贵港,49.0
20170124,8,CO,贵港,1.57
20170124,8,CO_24h,贵港,1.23
20170124,9,AQI,贵港,140.0
20170124,9,PM2.5,贵港,107.0
20170124,9,PM2.5_24h,贵港,86.0
20170124,9,PM10,贵港,154.0
20170124,9,PM10_24h,贵港,122.0
20170124,9,SO2,贵港,13.0
20170124,9,SO2_24h,贵港,17.0
20170124,9,NO2,贵港,57.0
20170124,9,NO2_24h,贵港,43.0
20170124,9,O3,贵港,13.0
20170124,9,O3_24h,贵港,138.0
20170124,9,O3_8h,贵港,16.0
20170124,9,O3_8h_24h,贵港,49.0
20170124,9,CO,贵港,1.43
20170124,9,CO_24h,贵港,1.23
20170124,10,AQI,贵港,131.0
20170124,10,PM2.5,贵港,100.0
20170124,10,PM2.5_24h,贵港,87.0
20170124,10,PM10,贵港,151.0
20170124,10,PM10_24h,贵港,124.0
20170124,10,SO2,贵港,14.0
20170124,10,SO2_24h,贵港,17.0
20170124,10,NO2,贵港,40.0
20170124,10,NO2_24h,贵港,43.0
20170124,10,O3,贵港,39.0
20170124,10,O3_24h,贵港,138.0
20170124,10,O3_8h,贵港,17.0
20170124,10,O3_8h_24h,贵港,49.0
20170124,10,CO,贵港,1.27
20170124,10,CO_24h,贵港,1.27
20170124,11,AQI,贵港,123.0
20170124,11,PM2.5,贵港,93.0
20170124,11,PM2.5_24h,贵港,88.0
20170124,11,PM10,贵港,117.0
20170124,11,PM10_24h,贵港,125.0
20170124,11,SO2,贵港,16.0
20170124,11,SO2_24h,贵港,16.0
20170124,11,NO2,贵港,39.0
20170124,11,NO2_24h,贵港,44.0
20170124,11,O3,贵港,50.0
20170124,11,O3_24h,贵港,138.0
20170124,11,O3_8h,贵港,22.0
20170124,11,O3_8h_24h,贵港,49.0
20170124,11,CO,贵港,1.4
20170124,11,CO_24h,贵港,1.3
20170124,12,AQI,贵港,115.0
20170124,12,PM2.5,贵港,87.0
20170124,12,PM2.5_24h,贵港,89.0
20170124,12,PM10,贵港,119.0
20170124,12,PM10_24h,贵港,127.0
20170124,12,SO2,贵港,18.0
20170124,12,SO2_24h,贵港,16.0
20170124,12,NO2,贵港,36.0
20170124,12,NO2_24h,贵港,44.0
20170124,12,O3,贵港,63.0
20170124,12,O3_24h,贵港,138.0
20170124,12,O3_8h,贵港,27.0
20170124,12,O3_8h_24h,贵港,49.0
20170124,12,CO,贵港,1.3
20170124,12,CO_24h,贵港,1.3
20170124,13,AQI,贵港,99.0
20170124,13,PM2.5,贵港,74.0
20170124,13,PM2.5_24h,贵港,90.0
20170124,13,PM10,贵港,110.0
20170124,13,PM10_24h,贵港,127.0
20170124,13,SO2,贵港,17.0
20170124,13,SO2_24h,贵港,16.0
20170124,13,NO2,贵港,27.0
20170124,13,NO2_24h,贵港,44.0
20170124,13,O3,贵港,91.0
20170124,13,O3_24h,贵港,138.0
20170124,13,O3_8h,贵港,35.0
20170124,13,O3_8h_24h,贵港,51.0
20170124,13,CO,贵港,1.13
20170124,13,CO_24h,贵港,1.3
20170124,14,AQI,贵港,89.0
20170124,14,PM2.5,贵港,66.0
20170124,14,PM2.5_24h,贵港,90.0
20170124,14,PM10,贵港,105.0
20170124,14,PM10_24h,贵港,128.0
20170124,14,SO2,贵港,15.0
20170124,14,SO2_24h,贵港,17.0
20170124,14,NO2,贵港,22.0
20170124,14,NO2_24h,贵港,45.0
20170124,14,O3,贵港,109.0
20170124,14,O3_24h,贵港,138.0
20170124,14,O3_8h,贵港,47.0
20170124,14,O3_8h_24h,贵港,57.0
20170124,14,CO,贵港,0.97
20170124,14,CO_24h,贵港,1.3
20170124,15,AQI,贵港,81.0
20170124,15,PM2.5,贵港,60.0
20170124,15,PM2.5_24h,贵港,91.0
20170124,15,PM10,贵港,98.0
20170124,15,PM10_24h,贵港,130.0
20170124,15,SO2,贵港,15.0
20170124,15,SO2_24h,贵港,17.0
20170124,15,NO2,贵港,23.0
20170124,15,NO2_24h,贵港,45.0
20170124,15,O3,贵港,130.0
20170124,15,O3_24h,贵港,138.0
20170124,15,O3_8h,贵港,63.0
20170124,15,O3_8h_24h,贵港,68.0
20170124,15,CO,贵港,0.9
20170124,15,CO_24h,贵港,1.3
20170124,16,AQI,贵港,88.0
20170124,16,PM2.5,贵港,65.0
20170124,16,PM2.5_24h,贵港,92.0
20170124,16,PM10,贵港,98.0
20170124,16,PM10_24h,贵港,131.0
20170124,16,SO2,贵港,17.0
20170124,16,SO2_24h,贵港,17.0
20170124,16,NO2,贵港,24.0
20170124,16,NO2_24h,贵港,45.0
20170124,16,O3,贵港,142.0
20170124,16,O3_24h,贵港,142.0
20170124,16,O3_8h,贵港,80.0
20170124,16,O3_8h_24h,贵港,80.0
20170124,16,CO,贵港,0.93
20170124,16,CO_24h,贵港,1.3
20170124,17,AQI,贵港,94.0
20170124,17,PM2.5,贵港,70.0
20170124,17,PM2.5_24h,贵港,93.0
20170124,17,PM10,贵港,105.0
20170124,17,PM10_24h,贵港,132.0
20170124,17,SO2,贵港,16.0
20170124,17,SO2_24h,贵港,17.0
20170124,17,NO2,贵港,24.0
20170124,17,NO2_24h,贵港,46.0
20170124,17,O3,贵港,144.0
20170124,17,O3_24h,贵港,144.0
20170124,17,O3_8h,贵港,96.0
20170124,17,O3_8h_24h,贵港,96.0
20170124,17,CO,贵港,1.0
20170124,17,CO_24h,贵港,1.3
20170124,18,AQI,贵港,100.0
20170124,18,PM2.5,贵港,75.0
20170124,18,PM2.5_24h,贵港,94.0
20170124,18,PM10,贵港,104.0
20170124,18,PM10_24h,贵港,133.0
20170124,18,SO2,贵港,19.0
20170124,18,SO2_24h,贵港,18.0
20170124,18,NO2,贵港,30.0
20170124,18,NO2_24h,贵港,46.0
20170124,18,O3,贵港,136.0
20170124,18,O3_24h,贵港,144.0
20170124,18,O3_8h,贵港,108.0
20170124,18,O3_8h_24h,贵港,108.0
20170124,18,CO,贵港,1.23
20170124,18,CO_24h,贵港,1.3
20170124,19,AQI,贵港,111.0
20170124,19,PM2.5,贵港,84.0
20170124,19,PM2.5_24h,贵港,94.0
20170124,19,PM10,贵港,120.0
20170124,19,PM10_24h,贵港,134.0
20170124,19,SO2,贵港,18.0
20170124,19,SO2_24h,贵港,18.0
20170124,19,NO2,贵港,54.0
20170124,19,NO2_24h,贵港,46.0
20170124,19,O3,贵港,101.0
20170124,19,O3_24h,贵港,144.0
20170124,19,O3_8h,贵港,114.0
20170124,19,O3_8h_24h,贵港,114.0
20170124,19,CO,贵港,1.43
20170124,19,CO_24h,贵港,1.37
20170124,20,AQI,贵港,157.0
20170124,20,PM2.5,贵港,120.0
20170124,20,PM2.5_24h,贵港,95.0
20170124,20,PM10,贵港,170.0
20170124,20,PM10_24h,贵港,135.0
20170124,20,SO2,贵港,20.0
20170124,20,SO2_24h,贵港,18.0
20170124,20,NO2,贵港,79.0
20170124,20,NO2_24h,贵港,46.0
20170124,20,O3,贵港,56.0
20170124,20,O3_24h,贵港,144.0
20170124,20,O3_8h,贵港,114.0
20170124,20,O3_8h_24h,贵港,115.0
20170124,20,CO,贵港,2.0
20170124,20,CO_24h,贵港,1.37
20170124,21,AQI,贵港,191.0
20170124,21,PM2.5,贵港,144.0
20170124,21,PM2.5_24h,贵港,96.0
20170124,21,PM10,贵港,195.0
20170124,21,PM10_24h,贵港,135.0
20170124,21,SO2,贵港,30.0
20170124,21,SO2_24h,贵港,17.0
20170124,21,NO2,贵港,54.0
20170124,21,NO2_24h,贵港,46.0
20170124,21,O3,贵港,70.0
20170124,21,O3_24h,贵港,144.0
20170124,21,O3_8h,贵港,111.0
20170124,21,O3_8h_24h,贵港,115.0
20170124,21,CO,贵港,1.87
20170124,21,CO_24h,贵港,1.37
20170124,22,AQI,贵港,153.0
20170124,22,PM2.5,贵港,117.0
20170124,22,PM2.5_24h,贵港,96.0
20170124,22,PM10,贵港,168.0
20170124,22,PM10_24h,贵港,135.0
20170124,22,SO2,贵港,25.0
20170124,22,SO2_24h,贵港,17.0
20170124,22,NO2,贵港,45.0
20170124,22,NO2_24h,贵港,46.0
20170124,22,O3,贵港,81.0
20170124,22,O3_24h,贵港,144.0
20170124,22,O3_8h,贵港,108.0
20170124,22,O3_8h_24h,贵港,115.0
20170124,22,CO,贵港,1.63
20170124,22,CO_24h,贵港,1.37
20170124,23,AQI,贵港,144.0
20170124,23,PM2.5,贵港,110.0
20170124,23,PM2.5_24h,贵港,96.0
20170124,23,PM10,贵港,146.0
20170124,23,PM10_24h,贵港,136.0
20170124,23,SO2,贵港,20.0
20170124,23,SO2_24h,贵港,16.0
20170124,23,NO2,贵港,46.0
20170124,23,NO2_24h,贵港,45.0
20170124,23,O3,贵港,78.0
20170124,23,O3_24h,贵港,144.0
20170124,23,O3_8h,贵港,101.0
20170124,23,O3_8h_24h,贵港,115.0
20170124,23,CO,贵港,1.7
20170124,23,CO_24h,贵港,1.37
20170124,0,AQI,玉林,161.0
20170124,0,PM2.5,玉林,123.0
20170124,0,PM2.5_24h,玉林,63.0
20170124,0,PM10,玉林,172.0
20170124,0,PM10_24h,玉林,97.0
20170124,0,SO2,玉林,22.0
20170124,0,SO2_24h,玉林,12.0
20170124,0,NO2,玉林,76.0
20170124,0,NO2_24h,玉林,45.0
20170124,0,O3,玉林,15.0
20170124,0,O3_24h,玉林,113.0
20170124,0,O3_8h,玉林,61.0
20170124,0,O3_8h_24h,玉林,100.0
20170124,0,CO,玉林,1.95
20170124,0,CO_24h,玉林,1.35
20170124,1,AQI,玉林,151.0
20170124,1,PM2.5,玉林,116.0
20170124,1,PM2.5_24h,玉林,65.0
20170124,1,PM10,玉林,182.0
20170124,1,PM10_24h,玉林,101.0
20170124,1,SO2,玉林,13.0
20170124,1,SO2_24h,玉林,12.0
20170124,1,NO2,玉林,66.0
20170124,1,NO2_24h,玉林,45.0
20170124,1,O3,玉林,13.0
20170124,1,O3_24h,玉林,113.0
20170124,1,O3_8h,玉林,13.0
20170124,1,O3_8h_24h,玉林,13.0
20170124,1,CO,玉林,1.85
20170124,1,CO_24h,玉林,1.35
20170124,2,AQI,玉林,157.0
20170124,2,PM2.5,玉林,120.0
20170124,2,PM2.5_24h,玉林,67.0
20170124,2,PM10,玉林,160.0
20170124,2,PM10_24h,玉林,103.0
20170124,2,SO2,玉林,11.0
20170124,2,SO2_24h,玉林,12.0
20170124,2,NO2,玉林,60.0
20170124,2,NO2_24h,玉林,45.0
20170124,2,O3,玉林,8.0
20170124,2,O3_24h,玉林,113.0
20170124,2,O3_8h,玉林,11.0
20170124,2,O3_8h_24h,玉林,13.0
20170124,2,CO,玉林,1.7
20170124,2,CO_24h,玉林,1.4
20170124,3,AQI,玉林,161.0
20170124,3,PM2.5,玉林,123.0
20170124,3,PM2.5_24h,玉林,69.0
20170124,3,PM10,玉林,161.0
20170124,3,PM10_24h,玉林,105.0
20170124,3,SO2,玉林,12.0
20170124,3,SO2_24h,玉林,12.0
20170124,3,NO2,玉林,58.0
20170124,3,NO2_24h,玉林,45.0
20170124,3,O3,玉林,6.0
20170124,3,O3_24h,玉林,113.0
20170124,3,O3_8h,玉林,9.0
20170124,3,O3_8h_24h,玉林,13.0
20170124,3,CO,玉林,1.7
20170124,3,CO_24h,玉林,1.4
20170124,4,AQI,玉林,141.0
20170124,4,PM2.5,玉林,108.0
20170124,4,PM2.5_24h,玉林,71.0
20170124,4,PM10,玉林,143.0
20170124,4,PM10_24h,玉林,108.0
20170124,4,SO2,玉林,11.0
20170124,4,SO2_24h,玉林,12.0
20170124,4,NO2,玉林,54.0
20170124,4,NO2_24h,玉林,46.0
20170124,4,O3,玉林,4.0
20170124,4,O3_24h,玉林,113.0
20170124,4,O3_8h,玉林,7.0
20170124,4,O3_8h_24h,玉林,13.0
20170124,4,CO,玉林,1.6
20170124,4,CO_24h,玉林,1.45
20170124,5,AQI,玉林,123.0
20170124,5,PM2.5,玉林,93.0
20170124,5,PM2.5_24h,玉林,72.0
20170124,5,PM10,玉林,131.0
20170124,5,PM10_24h,玉林,109.0
20170124,5,SO2,玉林,10.0
20170124,5,SO2_24h,玉林,12.0
20170124,5,NO2,玉林,52.0
20170124,5,NO2_24h,玉林,47.0
20170124,5,O3,玉林,4.0
20170124,5,O3_24h,玉林,113.0
20170124,5,O3_8h,玉林,7.0
20170124,5,O3_8h_24h,玉林,13.0
20170124,5,CO,玉林,1.45
20170124,5,CO_24h,玉林,1.45
20170124,6,AQI,玉林,110.0
20170124,6,PM2.5,玉林,83.0
20170124,6,PM2.5_24h,玉林,73.0
20170124,6,PM10,玉林,111.0
20170124,6,PM10_24h,玉林,111.0
20170124,6,SO2,玉林,9.0
20170124,6,SO2_24h,玉林,12.0
20170124,6,NO2,玉林,51.0
20170124,6,NO2_24h,玉林,47.0
20170124,6,O3,玉林,5.0
20170124,6,O3_24h,玉林,113.0
20170124,6,O3_8h,玉林,7.0
20170124,6,O3_8h_24h,玉林,13.0
20170124,6,CO,玉林,1.35
20170124,6,CO_24h,玉林,1.45
20170124,7,AQI,玉林,103.0
20170124,7,PM2.5,玉林,77.0
20170124,7,PM2.5_24h,玉林,75.0
20170124,7,PM10,玉林,116.0
20170124,7,PM10_24h,玉林,113.0
20170124,7,SO2,玉林,12.0
20170124,7,SO2_24h,玉林,13.0
20170124,7,NO2,玉林,54.0
20170124,7,NO2_24h,玉林,47.0
20170124,7,O3,玉林,10.0
20170124,7,O3_24h,玉林,113.0
20170124,7,O3_8h,玉林,7.0
20170124,7,O3_8h_24h,玉林,13.0
20170124,7,CO,玉林,1.35
20170124,7,CO_24h,玉林,1.45
20170124,8,AQI,玉林,100.0
20170124,8,PM2.5,玉林,75.0
20170124,8,PM2.5_24h,玉林,76.0
20170124,8,PM10,玉林,102.0
20170124,8,PM10_24h,玉林,115.0
20170124,8,SO2,玉林,13.0
20170124,8,SO2_24h,玉林,13.0
20170124,8,NO2,玉林,56.0
20170124,8,NO2_24h,玉林,48.0
20170124,8,O3,玉林,8.0
20170124,8,O3_24h,玉林,113.0
20170124,8,O3_8h,玉林,7.0
20170124,8,O3_8h_24h,玉林,13.0
20170124,8,CO,玉林,1.35
20170124,8,CO_24h,玉林,1.45
20170124,9,AQI,玉林,105.0
20170124,9,PM2.5,玉林,79.0
20170124,9,PM2.5_24h,玉林,77.0
20170124,9,PM10,玉林,102.0
20170124,9,PM10_24h,玉林,116.0
20170124,9,SO2,玉林,20.0
20170124,9,SO2_24h,玉林,13.0
20170124,9,NO2,玉林,62.0
20170124,9,NO2_24h,玉林,48.0
20170124,9,O3,玉林,12.0
20170124,9,O3_24h,玉林,113.0
20170124,9,O3_8h,玉林,7.0
20170124,9,O3_8h_24h,玉林,13.0
20170124,9,CO,玉林,1.55
20170124,9,CO_24h,玉林,1.45
20170124,10,AQI,玉林,99.0
20170124,10,PM2.5,玉林,74.0
20170124,10,PM2.5_24h,玉林,78.0
20170124,10,PM10,玉林,103.0
20170124,10,PM10_24h,玉林,116.0
20170124,10,SO2,玉林,19.0
20170124,10,SO2_24h,玉林,13.0
20170124,10,NO2,玉林,56.0
20170124,10,NO2_24h,玉林,48.0
20170124,10,O3,玉林,29.0
20170124,10,O3_24h,玉林,113.0
20170124,10,O3_8h,玉林,10.0
20170124,10,O3_8h_24h,玉林,13.0
20170124,10,CO,玉林,1.45
20170124,10,CO_24h,玉林,1.45
20170124,11,AQI,玉林,86.0
20170124,11,PM2.5,玉林,64.0
20170124,11,PM2.5_24h,玉林,78.0
20170124,11,PM10,玉林,100.0
20170124,11,PM10_24h,玉林,114.0
20170124,11,SO2,玉林,14.0
20170124,11,SO2_24h,玉林,13.0
20170124,11,NO2,玉林,35.0
20170124,11,NO2_24h,玉林,47.0
20170124,11,O3,玉林,51.0
20170124,11,O3_24h,玉林,113.0
20170124,11,O3_8h,玉林,15.0
20170124,11,O3_8h_24h,玉林,15.0
20170124,11,CO,玉林,1.3
20170124,11,CO_24h,玉林,1.45
20170124,12,AQI,玉林,81.0
20170124,12,PM2.5,玉林,60.0
20170124,12,PM2.5_24h,玉林,78.0
20170124,12,PM10,玉林,84.0
20170124,12,PM10_24h,玉林,112.0
20170124,12,SO2,玉林,13.0
20170124,12,SO2_24h,玉林,13.0
20170124,12,NO2,玉林,32.0
20170124,12,NO2_24h,玉林,47.0
20170124,12,O3,玉林,72.0
20170124,12,O3_24h,玉林,113.0
20170124,12,O3_8h,玉林,24.0
20170124,12,O3_8h_24h,玉林,24.0
20170124,12,CO,玉林,1.25
20170124,12,CO_24h,玉林,1.45
20170124,13,AQI,玉林,84.0
20170124,13,PM2.5,玉林,62.0
20170124,13,PM2.5_24h,玉林,78.0
20170124,13,PM10,玉林,102.0
20170124,13,PM10_24h,玉林,112.0
20170124,13,SO2,玉林,14.0
20170124,13,SO2_24h,玉林,13.0
20170124,13,NO2,玉林,32.0
20170124,13,NO2_24h,玉林,47.0
20170124,13,O3,玉林,99.0
20170124,13,O3_24h,玉林,113.0
20170124,13,O3_8h,玉林,36.0
20170124,13,O3_8h_24h,玉林,36.0
20170124,13,CO,玉林,1.2
20170124,13,CO_24h,玉林,1.45
20170124,14,AQI,玉林,83.0
20170124,14,PM2.5,玉林,61.0
20170124,14,PM2.5_24h,玉林,79.0
20170124,14,PM10,玉林,94.0
20170124,14,PM10_24h,玉林,113.0
20170124,14,SO2,玉林,13.0
20170124,14,SO2_24h,玉林,13.0
20170124,14,NO2,玉林,25.0
20170124,14,NO2_24h,玉林,48.0
20170124,14,O3,玉林,120.0
20170124,14,O3_24h,玉林,120.0
20170124,14,O3_8h,玉林,50.0
20170124,14,O3_8h_24h,玉林,50.0
20170124,14,CO,玉林,1.15
20170124,14,CO_24h,玉林,1.45
20170124,15,AQI,玉林,84.0
20170124,15,PM2.5,玉林,62.0
20170124,15,PM2.5_24h,玉林,79.0
20170124,15,PM10,玉林,89.0
20170124,15,PM10_24h,玉林,114.0
20170124,15,SO2,玉林,11.0
20170124,15,SO2_24h,玉林,13.0
20170124,15,NO2,玉林,23.0
20170124,15,NO2_24h,玉林,48.0
20170124,15,O3,玉林,127.0
20170124,15,O3_24h,玉林,127.0
20170124,15,O3_8h,玉林,65.0
20170124,15,O3_8h_24h,玉林,65.0
20170124,15,CO,玉林,1.15
20170124,15,CO_24h,玉林,1.45
20170124,16,AQI,玉林,78.0
20170124,16,PM2.5,玉林,57.0
20170124,16,PM2.5_24h,玉林,80.0
20170124,16,PM10,玉林,84.0
20170124,16,PM10_24h,玉林,115.0
20170124,16,SO2,玉林,10.0
20170124,16,SO2_24h,玉林,13.0
20170124,16,NO2,玉林,23.0
20170124,16,NO2_24h,玉林,48.0
20170124,16,O3,玉林,123.0
20170124,16,O3_24h,玉林,127.0
20170124,16,O3_8h,玉林,79.0
20170124,16,O3_8h_24h,玉林,79.0
20170124,16,CO,玉林,1.15
20170124,16,CO_24h,玉林,1.45
20170124,17,AQI,玉林,75.0
20170124,17,PM2.5,玉林,55.0
20170124,17,PM2.5_24h,玉林,80.0
20170124,17,PM10,玉林,82.0
20170124,17,PM10_24h,玉林,116.0
20170124,17,SO2,玉林,10.0
20170124,17,SO2_24h,玉林,13.0
20170124,17,NO2,玉林,24.0
20170124,17,NO2_24h,玉林,49.0
20170124,17,O3,玉林,111.0
20170124,17,O3_24h,玉林,127.0
20170124,17,O3_8h,玉林,92.0
20170124,17,O3_8h_24h,玉林,92.0
20170124,17,CO,玉林,1.15
20170124,17,CO_24h,玉林,1.45
20170124,18,AQI,玉林,83.0
20170124,18,PM2.5,玉林,61.0
20170124,18,PM2.5_24h,玉林,81.0
20170124,18,PM10,玉林,89.0
20170124,18,PM10_24h,玉林,117.0
20170124,18,SO2,玉林,10.0
20170124,18,SO2_24h,玉林,14.0
20170124,18,NO2,玉林,29.0
20170124,18,NO2_24h,玉林,49.0
20170124,18,O3,玉林,107.0
20170124,18,O3_24h,玉林,127.0
20170124,18,O3_8h,玉林,101.0
20170124,18,O3_8h_24h,玉林,101.0
20170124,18,CO,玉林,1.3
20170124,18,CO_24h,玉林,1.45
20170124,19,AQI,玉林,103.0
20170124,19,PM2.5,玉林,77.0
20170124,19,PM2.5_24h,玉林,82.0
20170124,19,PM10,玉林,106.0
20170124,19,PM10_24h,玉林,118.0
20170124,19,SO2,玉林,13.0
20170124,19,SO2_24h,玉林,14.0
20170124,19,NO2,玉林,46.0
20170124,19,NO2_24h,玉林,49.0
20170124,19,O3,玉林,93.0
20170124,19,O3_24h,玉林,127.0
20170124,19,O3_8h,玉林,107.0
20170124,19,O3_8h_24h,玉林,107.0
20170124,19,CO,玉林,1.5
20170124,19,CO_24h,玉林,1.45
20170124,20,AQI,玉林,131.0
20170124,20,PM2.5,玉林,100.0
20170124,20,PM2.5_24h,玉林,83.0
20170124,20,PM10,玉林,145.0
20170124,20,PM10_24h,玉林,120.0
20170124,20,SO2,玉林,15.0
20170124,20,SO2_24h,玉林,13.0
20170124,20,NO2,玉林,66.0
20170124,20,NO2_24h,玉林,49.0
20170124,20,O3,玉林,55.0
20170124,20,O3_24h,玉林,127.0
20170124,20,O3_8h,玉林,105.0
20170124,20,O3_8h_24h,玉林,107.0
20170124,20,CO,玉林,1.8
20170124,20,CO_24h,玉林,1.5
20170124,21,AQI,玉林,138.0
20170124,21,PM2.5,玉林,105.0
20170124,21,PM2.5_24h,玉林,85.0
20170124,21,PM10,玉林,155.0
20170124,21,PM10_24h,玉林,122.0
20170124,21,SO2,玉林,13.0
20170124,21,SO2_24h,玉林,13.0
20170124,21,NO2,玉林,48.0
20170124,21,NO2_24h,玉林,49.0
20170124,21,O3,玉林,57.0
20170124,21,O3_24h,玉林,127.0
20170124,21,O3_8h,玉林,99.0
20170124,21,O3_8h_24h,玉林,107.0
20170124,21,CO,玉林,1.7
20170124,21,CO_24h,玉林,1.5
20170124,22,AQI,玉林,129.0
20170124,22,PM2.5,玉林,98.0
20170124,22,PM2.5_24h,玉林,85.0
20170124,22,PM10,玉林,139.0
20170124,22,PM10_24h,玉林,122.0
20170124,22,SO2,玉林,12.0
20170124,22,SO2_24h,玉林,13.0
20170124,22,NO2,玉林,45.0
20170124,22,NO2_24h,玉林,48.0
20170124,22,O3,玉林,50.0
20170124,22,O3_24h,玉林,127.0
20170124,22,O3_8h,玉林,91.0
20170124,22,O3_8h_24h,玉林,107.0
20170124,22,CO,玉林,1.75
20170124,22,CO_24h,玉林,1.5
20170124,23,AQI,玉林,125.0
20170124,23,PM2.5,玉林,95.0
20170124,23,PM2.5_24h,玉林,85.0
20170124,23,PM10,玉林,128.0
20170124,23,PM10_24h,玉林,120.0
20170124,23,SO2,玉林,11.0
20170124,23,SO2_24h,玉林,13.0
20170124,23,NO2,玉林,46.0
20170124,23,NO2_24h,玉林,47.0
20170124,23,O3,玉林,49.0
20170124,23,O3_24h,玉林,127.0
20170124,23,O3_8h,玉林,81.0
20170124,23,O3_8h_24h,玉林,107.0
20170124,23,CO,玉林,1.7
20170124,23,CO_24h,玉林,1.5
20170124,0,AQI,百色,161.0
20170124,0,PM2.5,百色,123.0
20170124,0,PM2.5_24h,百色,70.0
20170124,0,PM10,百色,155.0
20170124,0,PM10_24h,百色,100.0
20170124,0,SO2,百色,13.0
20170124,0,SO2_24h,百色,27.0
20170124,0,NO2,百色,37.0
20170124,0,NO2_24h,百色,27.0
20170124,0,O3,百色,25.0
20170124,0,O3_24h,百色,128.0
20170124,0,O3_8h,百色,63.0
20170124,0,O3_8h_24h,百色,103.0
20170124,0,CO,百色,1.25
20170124,0,CO_24h,百色,0.85
20170124,1,AQI,百色,131.0
20170124,1,PM2.5,百色,100.0
20170124,1,PM2.5_24h,百色,72.0
20170124,1,PM10,百色,137.0
20170124,1,PM10_24h,百色,102.0
20170124,1,SO2,百色,12.0
20170124,1,SO2_24h,百色,27.0
20170124,1,NO2,百色,37.0
20170124,1,NO2_24h,百色,28.0
20170124,1,O3,百色,19.0
20170124,1,O3_24h,百色,128.0
20170124,1,O3_8h,百色,19.0
20170124,1,O3_8h_24h,百色,19.0
20170124,1,CO,百色,1.1
20170124,1,CO_24h,百色,0.85
20170124,2,AQI,百色,140.0
20170124,2,PM2.5,百色,107.0
20170124,2,PM2.5_24h,百色,74.0
20170124,2,PM10,百色,136.0
20170124,2,PM10_24h,百色,105.0
20170124,2,SO2,百色,14.0
20170124,2,SO2_24h,百色,28.0
20170124,2,NO2,百色,34.0
20170124,2,NO2_24h,百色,28.0
20170124,2,O3,百色,17.0
20170124,2,O3_24h,百色,128.0
20170124,2,O3_8h,百色,18.0
20170124,2,O3_8h_24h,百色,19.0
20170124,2,CO,百色,1.05
20170124,2,CO_24h,百色,0.85
20170124,3,AQI,百色,125.0
20170124,3,PM2.5,百色,95.0
20170124,3,PM2.5_24h,百色,76.0
20170124,3,PM10,百色,116.0
20170124,3,PM10_24h,百色,107.0
20170124,3,SO2,百色,16.0
20170124,3,SO2_24h,百色,28.0
20170124,3,NO2,百色,28.0
20170124,3,NO2_24h,百色,28.0
20170124,3,O3,百色,18.0
20170124,3,O3_24h,百色,128.0
20170124,3,O3_8h,百色,18.0
20170124,3,O3_8h_24h,百色,20.0
20170124,3,CO,百色,1.0
20170124,3,CO_24h,百色,0.85
20170124,4,AQI,百色,114.0
20170124,4,PM2.5,百色,86.0
20170124,4,PM2.5_24h,百色,78.0
20170124,4,PM10,百色,108.0
20170124,4,PM10_24h,百色,109.0
20170124,4,SO2,百色,16.0
20170124,4,SO2_24h,百色,28.0
20170124,4,NO2,百色,25.0
20170124,4,NO2_24h,百色,29.0
20170124,4,O3,百色,17.0
20170124,4,O3_24h,百色,128.0
20170124,4,O3_8h,百色,18.0
20170124,4,O3_8h_24h,百色,21.0
20170124,4,CO,百色,0.9
20170124,4,CO_24h,百色,0.9
20170124,5,AQI,百色,103.0
20170124,5,PM2.5,百色,77.0
20170124,5,PM2.5_24h,百色,78.0
20170124,5,PM10,百色,86.0
20170124,5,PM10_24h,百色,109.0
20170124,5,SO2,百色,13.0
20170124,5,SO2_24h,百色,28.0
20170124,5,NO2,百色,19.0
20170124,5,NO2_24h,百色,29.0
20170124,5,O3,百色,21.0
20170124,5,O3_24h,百色,128.0
20170124,5,O3_8h,百色,18.0
20170124,5,O3_8h_24h,百色,22.0
20170124,5,CO,百色,0.8
20170124,5,CO_24h,百色,0.9
20170124,6,AQI,百色,106.0
20170124,6,PM2.5,百色,80.0
20170124,6,PM2.5_24h,百色,79.0
20170124,6,PM10,百色,91.0
20170124,6,PM10_24h,百色,109.0
20170124,6,SO2,百色,13.0
20170124,6,SO2_24h,百色,28.0
20170124,6,NO2,百色,23.0
20170124,6,NO2_24h,百色,29.0
20170124,6,O3,百色,14.0
20170124,6,O3_24h,百色,128.0
20170124,6,O3_8h,百色,17.0
20170124,6,O3_8h_24h,百色,22.0
20170124,6,CO,百色,0.8
20170124,6,CO_24h,百色,0.9
20170124,7,AQI,百色,109.0
20170124,7,PM2.5,百色,82.0
20170124,7,PM2.5_24h,百色,80.0
20170124,7,PM10,百色,94.0
20170124,7,PM10_24h,百色,110.0
20170124,7,SO2,百色,16.0
20170124,7,SO2_24h,百色,27.0
20170124,7,NO2,百色,25.0
20170124,7,NO2_24h,百色,28.0
20170124,7,O3,百色,10.0
20170124,7,O3_24h,百色,128.0
20170124,7,O3_8h,百色,17.0
20170124,7,O3_8h_24h,百色,22.0
20170124,7,CO,百色,0.85
20170124,7,CO_24h,百色,0.9
20170124,8,AQI,百色,119.0
20170124,8,PM2.5,百色,90.0
20170124,8,PM2.5_24h,百色,81.0
20170124,8,PM10,百色,98.0
20170124,8,PM10_24h,百色,109.0
20170124,8,SO2,百色,17.0
20170124,8,SO2_24h,百色,27.0
20170124,8,NO2,百色,29.0
20170124,8,NO2_24h,百色,28.0
20170124,8,O3,百色,7.0
20170124,8,O3_24h,百色,128.0
20170124,8,O3_8h,百色,15.0
20170124,8,O3_8h_24h,百色,22.0
20170124,8,CO,百色,0.9
20170124,8,CO_24h,百色,0.9
20170124,9,AQI,百色,120.0
20170124,9,PM2.5,百色,91.0
20170124,9,PM2.5_24h,百色,82.0
20170124,9,PM10,百色,101.0
20170124,9,PM10_24h,百色,110.0
20170124,9,SO2,百色,18.0
20170124,9,SO2_24h,百色,27.0
20170124,9,NO2,百色,30.0
20170124,9,NO2_24h,百色,28.0
20170124,9,O3,百色,6.0
20170124,9,O3_24h,百色,128.0
20170124,9,O3_8h,百色,13.0
20170124,9,O3_8h_24h,百色,22.0
20170124,9,CO,百色,1.1
20170124,9,CO_24h,百色,0.9
20170124,10,AQI,百色,126.0
20170124,10,PM2.5,百色,96.0
20170124,10,PM2.5_24h,百色,82.0
20170124,10,PM10,百色,126.0
20170124,10,PM10_24h,百色,111.0
20170124,10,SO2,百色,24.0
20170124,10,SO2_24h,百色,26.0
20170124,10,NO2,百色,31.0
20170124,10,NO2_24h,百色,28.0
20170124,10,O3,百色,7.0
20170124,10,O3_24h,百色,128.0
20170124,10,O3_8h,百色,12.0
20170124,10,O3_8h_24h,百色,22.0
20170124,10,CO,百色,1.2
20170124,10,CO_24h,百色,0.95
20170124,11,AQI,百色,138.0
20170124,11,PM2.5,百色,105.0
20170124,11,PM2.5_24h,百色,83.0
20170124,11,PM10,百色,136.0
20170124,11,PM10_24h,百色,111.0
20170124,11,SO2,百色,77.0
20170124,11,SO2_24h,百色,26.0
20170124,11,NO2,百色,34.0
20170124,11,NO2_24h,百色,28.0
20170124,11,O3,百色,12.0
20170124,11,O3_24h,百色,128.0
20170124,11,O3_8h,百色,12.0
20170124,11,O3_8h_24h,百色,22.0
20170124,11,CO,百色,1.15
20170124,11,CO_24h,百色,0.95
20170124,12,AQI,百色,204.0
20170124,12,PM2.5,百色,154.0
20170124,12,PM2.5_24h,百色,85.0
20170124,12,PM10,百色,123.0
20170124,12,PM10_24h,百色,109.0
20170124,12,SO2,百色,115.0
20170124,12,SO2_24h,百色,27.0
20170124,12,NO2,百色,36.0
20170124,12,NO2_24h,百色,28.0
20170124,12,O3,百色,31.0
20170124,12,O3_24h,百色,128.0
20170124,12,O3_8h,百色,13.0
20170124,12,O3_8h_24h,百色,22.0
20170124,12,CO,百色,1.05
20170124,12,CO_24h,百色,0.95
20170124,13,AQI,百色,217.0
20170124,13,PM2.5,百色,167.0
20170124,13,PM2.5_24h,百色,90.0
20170124,13,PM10,百色,196.0
20170124,13,PM10_24h,百色,111.0
20170124,13,SO2,百色,129.0
20170124,13,SO2_24h,百色,30.0
20170124,13,NO2,百色,42.0
20170124,13,NO2_24h,百色,29.0
20170124,13,O3,百色,42.0
20170124,13,O3_24h,百色,128.0
20170124,13,O3_8h,百色,16.0
20170124,13,O3_8h_24h,百色,22.0
20170124,13,CO,百色,1.2
20170124,13,CO_24h,百色,0.95
20170124,14,AQI,百色,181.0
20170124,14,PM2.5,百色,137.0
20170124,14,PM2.5_24h,百色,93.0
20170124,14,PM10,百色,194.0
20170124,14,PM10_24h,百色,116.0
20170124,14,SO2,百色,80.0
20170124,14,SO2_24h,百色,32.0
20170124,14,NO2,百色,36.0
20170124,14,NO2_24h,百色,30.0
20170124,14,O3,百色,78.0
20170124,14,O3_24h,百色,128.0
20170124,14,O3_8h,百色,24.0
20170124,14,O3_8h_24h,百色,26.0
20170124,14,CO,百色,1.15
20170124,14,CO_24h,百色,1.0
20170124,15,AQI,百色,129.0
20170124,15,PM2.5,百色,98.0
20170124,15,PM2.5_24h,百色,95.0
20170124,15,PM10,百色,155.0
20170124,15,PM10_24h,百色,119.0
20170124,15,SO2,百色,43.0
20170124,15,SO2_24h,百色,32.0
20170124,15,NO2,百色,22.0
20170124,15,NO2_24h,百色,31.0
20170124,15,O3,百色,113.0
20170124,15,O3_24h,百色,128.0
20170124,15,O3_8h,百色,37.0
20170124,15,O3_8h_24h,百色,37.0
20170124,15,CO,百色,0.85
20170124,15,CO_24h,百色,1.0
20170124,16,AQI,百色,108.0
20170124,16,PM2.5,百色,81.0
20170124,16,PM2.5_24h,百色,97.0
20170124,16,PM10,百色,126.0
20170124,16,PM10_24h,百色,122.0
20170124,16,SO2,百色,31.0
20170124,16,SO2_24h,百色,33.0
20170124,16,NO2,百色,18.0
20170124,16,NO2_24h,百色,31.0
20170124,16,O3,百色,124.0
20170124,16,O3_24h,百色,124.0
20170124,16,O3_8h,百色,51.0
20170124,16,O3_8h_24h,百色,51.0
20170124,16,CO,百色,0.8
20170124,16,CO_24h,百色,1.0
20170124,17,AQI,百色,109.0
20170124,17,PM2.5,百色,82.0
20170124,17,PM2.5_24h,百色,98.0
20170124,17,PM10,百色,115.0
20170124,17,PM10_24h,百色,123.0
20170124,17,SO2,百色,28.0
20170124,17,SO2_24h,百色,33.0
20170124,17,NO2,百色,22.0
20170124,17,NO2_24h,百色,31.0
20170124,17,O3,百色,118.0
20170124,17,O3_24h,百色,124.0
20170124,17,O3_8h,百色,66.0
20170124,17,O3_8h_24h,百色,66.0
20170124,17,CO,百色,0.8
20170124,17,CO_24h,百色,1.0
20170124,18,AQI,百色,126.0
20170124,18,PM2.5,百色,96.0
20170124,18,PM2.5_24h,百色,100.0
20170124,18,PM10,百色,119.0
20170124,18,PM10_24h,百色,126.0
20170124,18,SO2,百色,26.0
20170124,18,SO2_24h,百色,33.0
20170124,18,NO2,百色,38.0
20170124,18,NO2_24h,百色,32.0
20170124,18,O3,百色,95.0
20170124,18,O3_24h,百色,124.0
20170124,18,O3_8h,百色,76.0
20170124,18,O3_8h_24h,百色,76.0
20170124,18,CO,百色,1.05
20170124,18,CO_24h,百色,1.0
20170124,19,AQI,百色,108.0
20170124,19,PM2.5,百色,81.0
20170124,19,PM2.5_24h,百色,101.0
20170124,19,PM10,百色,127.0
20170124,19,PM10_24h,百色,127.0
20170124,19,SO2,百色,15.0
20170124,19,SO2_24h,百色,33.0
20170124,19,NO2,百色,27.0
20170124,19,NO2_24h,百色,32.0
20170124,19,O3,百色,82.0
20170124,19,O3_24h,百色,124.0
20170124,19,O3_8h,百色,85.0
20170124,19,O3_8h_24h,百色,85.0
20170124,19,CO,百色,0.95
20170124,19,CO_24h,百色,1.0
20170124,20,AQI,百色,164.0
20170124,20,PM2.5,百色,125.0
20170124,20,PM2.5_24h,百色,102.0
20170124,20,PM10,百色,143.0
20170124,20,PM10_24h,百色,127.0
20170124,20,SO2,百色,18.0
20170124,20,SO2_24h,百色,33.0
20170124,20,NO2,百色,56.0
20170124,20,NO2_24h,百色,33.0
20170124,20,O3,百色,34.0
20170124,20,O3_24h,百色,124.0
20170124,20,O3_8h,百色,86.0
20170124,20,O3_8h_24h,百色,86.0
20170124,20,CO,百色,1.55
20170124,20,CO_24h,百色,1.05
20170124,21,AQI,百色,160.0
20170124,21,PM2.5,百色,122.0
20170124,21,PM2.5_24h,百色,103.0
20170124,21,PM10,百色,152.0
20170124,21,PM10_24h,百色,128.0
20170124,21,SO2,百色,20.0
20170124,21,SO2_24h,百色,33.0
20170124,21,NO2,百色,38.0
20170124,21,NO2_24h,百色,32.0
20170124,21,O3,百色,50.0
20170124,21,O3_24h,百色,124.0
20170124,21,O3_8h,百色,87.0
20170124,21,O3_8h_24h,百色,87.0
20170124,21,CO,百色,1.2
20170124,21,CO_24h,百色,1.05
20170124,22,AQI,百色,173.0
20170124,22,PM2.5,百色,131.0
20170124,22,PM2.5_24h,百色,104.0
20170124,22,PM10,百色,143.0
20170124,22,PM10_24h,百色,129.0
20170124,22,SO2,百色,18.0
20170124,22,SO2_24h,百色,33.0
20170124,22,NO2,百色,45.0
20170124,22,NO2_24h,百色,32.0
20170124,22,O3,百色,32.0
20170124,22,O3_24h,百色,124.0
20170124,22,O3_8h,百色,81.0
20170124,22,O3_8h_24h,百色,87.0
20170124,22,CO,百色,1.3
20170124,22,CO_24h,百色,1.05
20170124,23,AQI,百色,183.0
20170124,23,PM2.5,百色,138.0
20170124,23,PM2.5_24h,百色,106.0
20170124,23,PM10,百色,172.0
20170124,23,PM10_24h,百色,130.0
20170124,23,SO2,百色,20.0
20170124,23,SO2_24h,百色,33.0
20170124,23,NO2,百色,44.0
20170124,23,NO2_24h,百色,32.0
20170124,23,O3,百色,27.0
20170124,23,O3_24h,百色,124.0
20170124,23,O3_8h,百色,70.0
20170124,23,O3_8h_24h,百色,87.0
20170124,23,CO,百色,1.4
20170124,23,CO_24h,百色,1.05
20170124,0,AQI,贺州,131.0
20170124,0,PM2.5,贺州,100.0
20170124,0,PM2.5_24h,贺州,65.0
20170124,0,PM10,贺州,175.0
20170124,0,PM10_24h,贺州,119.0
20170124,0,SO2,贺州,8.0
20170124,0,SO2_24h,贺州,11.0
20170124,0,NO2,贺州,55.0
20170124,0,NO2_24h,贺州,33.0
20170124,0,O3,贺州,36.0
20170124,0,O3_24h,贺州,137.0
20170124,0,O3_8h,贺州,66.0
20170124,0,O3_8h_24h,贺州,119.0
20170124,0,CO,贺州,1.25
20170124,0,CO_24h,贺州,1.1
20170124,1,AQI,贺州,125.0
20170124,1,PM2.5,贺州,95.0
20170124,1,PM2.5_24h,贺州,66.0
20170124,1,PM10,贺州,174.0
20170124,1,PM10_24h,贺州,120.0
20170124,1,SO2,贺州,6.0
20170124,1,SO2_24h,贺州,11.0
20170124,1,NO2,贺州,36.0
20170124,1,NO2_24h,贺州,32.0
20170124,1,O3,贺州,28.0
20170124,1,O3_24h,贺州,137.0
20170124,1,O3_8h,贺州,28.0
20170124,1,O3_8h_24h,贺州,28.0
20170124,1,CO,贺州,1.3
20170124,1,CO_24h,贺州,1.1
20170124,2,AQI,贺州,114.0
20170124,2,PM2.5,贺州,86.0
20170124,2,PM2.5_24h,贺州,67.0
20170124,2,PM10,贺州,152.0
20170124,2,PM10_24h,贺州,121.0
20170124,2,SO2,贺州,7.0
20170124,2,SO2_24h,贺州,11.0
20170124,2,NO2,贺州,27.0
20170124,2,NO2_24h,贺州,33.0
20170124,2,O3,贺州,23.0
20170124,2,O3_24h,贺州,137.0
20170124,2,O3_8h,贺州,25.0
20170124,2,O3_8h_24h,贺州,28.0
20170124,2,CO,贺州,1.2
20170124,2,CO_24h,贺州,1.1
20170124,3,AQI,贺州,104.0
20170124,3,PM2.5,贺州,78.0
20170124,3,PM2.5_24h,贺州,68.0
20170124,3,PM10,贺州,139.0
20170124,3,PM10_24h,贺州,122.0
20170124,3,SO2,贺州,7.0
20170124,3,SO2_24h,贺州,11.0
20170124,3,NO2,贺州,52.0
20170124,3,NO2_24h,贺州,34.0
20170124,3,O3,贺州,9.0
20170124,3,O3_24h,贺州,137.0
20170124,3,O3_8h,贺州,20.0
20170124,3,O3_8h_24h,贺州,28.0
20170124,3,CO,贺州,1.3
20170124,3,CO_24h,贺州,1.15
20170124,4,AQI,贺州,103.0
20170124,4,PM2.5,贺州,77.0
20170124,4,PM2.5_24h,贺州,68.0
20170124,4,PM10,贺州,134.0
20170124,4,PM10_24h,贺州,123.0
20170124,4,SO2,贺州,6.0
20170124,4,SO2_24h,贺州,11.0
20170124,4,NO2,贺州,52.0
20170124,4,NO2_24h,贺州,35.0
20170124,4,O3,贺州,6.0
20170124,4,O3_24h,贺州,137.0
20170124,4,O3_8h,贺州,17.0
20170124,4,O3_8h_24h,贺州,28.0
20170124,4,CO,贺州,1.2
20170124,4,CO_24h,贺州,1.15
20170124,5,AQI,贺州,99.0
20170124,5,PM2.5,贺州,74.0
20170124,5,PM2.5_24h,贺州,69.0
20170124,5,PM10,贺州,128.0
20170124,5,PM10_24h,贺州,124.0
20170124,5,SO2,贺州,7.0
20170124,5,SO2_24h,贺州,11.0
20170124,5,NO2,贺州,28.0
20170124,5,NO2_24h,贺州,35.0
20170124,5,O3,贺州,17.0
20170124,5,O3_24h,贺州,137.0
20170124,5,O3_8h,贺州,17.0
20170124,5,O3_8h_24h,贺州,28.0
20170124,5,CO,贺州,1.1
20170124,5,CO_24h,贺州,1.15
20170124,6,AQI,贺州,96.0
20170124,6,PM2.5,贺州,72.0
20170124,6,PM2.5_24h,贺州,70.0
20170124,6,PM10,贺州,116.0
20170124,6,PM10_24h,贺州,125.0
20170124,6,SO2,贺州,7.0
20170124,6,SO2_24h,贺州,11.0
20170124,6,NO2,贺州,27.0
20170124,6,NO2_24h,贺州,35.0
20170124,6,O3,贺州,15.0
20170124,6,O3_24h,贺州,137.0
20170124,6,O3_8h,贺州,16.0
20170124,6,O3_8h_24h,贺州,28.0
20170124,6,CO,贺州,1.05
20170124,6,CO_24h,贺州,1.15
20170124,7,AQI,贺州,91.0
20170124,7,PM2.5,贺州,68.0
20170124,7,PM2.5_24h,贺州,70.0
20170124,7,PM10,贺州,109.0
20170124,7,PM10_24h,贺州,127.0
20170124,7,SO2,贺州,7.0
20170124,7,SO2_24h,贺州,11.0
20170124,7,NO2,贺州,13.0
20170124,7,NO2_24h,贺州,34.0
20170124,7,O3,贺州,24.0
20170124,7,O3_24h,贺州,137.0
20170124,7,O3_8h,贺州,18.0
20170124,7,O3_8h_24h,贺州,28.0
20170124,7,CO,贺州,1.05
20170124,7,CO_24h,贺州,1.15
20170124,8,AQI,贺州,88.0
20170124,8,PM2.5,贺州,65.0
20170124,8,PM2.5_24h,贺州,71.0
20170124,8,PM10,贺州,102.0
20170124,8,PM10_24h,贺州,127.0
20170124,8,SO2,贺州,7.0
20170124,8,SO2_24h,贺州,10.0
20170124,8,NO2,贺州,21.0
20170124,8,NO2_24h,贺州,34.0
20170124,8,O3,贺州,18.0
20170124,8,O3_24h,贺州,137.0
20170124,8,O3_8h,贺州,18.0
20170124,8,O3_8h_24h,贺州,28.0
20170124,8,CO,贺州,1.05
20170124,8,CO_24h,贺州,1.15
20170124,9,AQI,贺州,88.0
20170124,9,PM2.5,贺州,65.0
20170124,9,PM2.5_24h,贺州,71.0
20170124,9,PM10,贺州,106.0
20170124,9,PM10_24h,贺州,127.0
20170124,9,SO2,贺州,8.0
20170124,9,SO2_24h,贺州,10.0
20170124,9,NO2,贺州,38.0
20170124,9,NO2_24h,贺州,33.0
20170124,9,O3,贺州,11.0
20170124,9,O3_24h,贺州,137.0
20170124,9,O3_8h,贺州,16.0
20170124,9,O3_8h_24h,贺州,28.0
20170124,9,CO,贺州,1.4
20170124,9,CO_24h,贺州,1.15
20170124,10,AQI,贺州,93.0
20170124,10,PM2.5,贺州,69.0
20170124,10,PM2.5_24h,贺州,71.0
20170124,10,PM10,贺州,116.0
20170124,10,PM10_24h,贺州,127.0
20170124,10,SO2,贺州,9.0
20170124,10,SO2_24h,贺州,10.0
20170124,10,NO2,贺州,33.0
20170124,10,NO2_24h,贺州,33.0
20170124,10,O3,贺州,15.0
20170124,10,O3_24h,贺州,137.0
20170124,10,O3_8h,贺州,14.0
20170124,10,O3_8h_24h,贺州,28.0
20170124,10,CO,贺州,1.55
20170124,10,CO_24h,贺州,1.15
20170124,11,AQI,贺州,100.0
20170124,11,PM2.5,贺州,75.0
20170124,11,PM2.5_24h,贺州,71.0
20170124,11,PM10,贺州,132.0
20170124,11,PM10_24h,贺州,128.0
20170124,11,SO2,贺州,12.0
20170124,11,SO2_24h,贺州,10.0
20170124,11,NO2,贺州,41.0
20170124,11,NO2_24h,贺州,33.0
20170124,11,O3,贺州,51.0
20170124,11,O3_24h,贺州,137.0
20170124,11,O3_8h,贺州,20.0
20170124,11,O3_8h_24h,贺州,30.0
20170124,11,CO,贺州,1.35
20170124,11,CO_24h,贺州,1.2
20170124,12,AQI,贺州,103.0
20170124,12,PM2.5,贺州,77.0
20170124,12,PM2.5_24h,贺州,72.0
20170124,12,PM10,贺州,139.0
20170124,12,PM10_24h,贺州,129.0
20170124,12,SO2,贺州,16.0
20170124,12,SO2_24h,贺州,10.0
20170124,12,NO2,贺州,32.0
20170124,12,NO2_24h,贺州,34.0
20170124,12,O3,贺州,85.0
20170124,12,O3_24h,贺州,137.0
20170124,12,O3_8h,贺州,29.0
20170124,12,O3_8h_24h,贺州,35.0
20170124,12,CO,贺州,1.05
20170124,12,CO_24h,贺州,1.2
20170124,13,AQI,贺州,96.0
20170124,13,PM2.5,贺州,72.0
20170124,13,PM2.5_24h,贺州,72.0
20170124,13,PM10,贺州,135.0
20170124,13,PM10_24h,贺州,129.0
20170124,13,SO2,贺州,17.0
20170124,13,SO2_24h,贺州,10.0
20170124,13,NO2,贺州,30.0
20170124,13,NO2_24h,贺州,35.0
20170124,13,O3,贺州,107.0
20170124,13,O3_24h,贺州,137.0
20170124,13,O3_8h,贺州,41.0
20170124,13,O3_8h_24h,贺州,42.0
20170124,13,CO,贺州,1.05
20170124,13,CO_24h,贺州,1.2
20170124,14,AQI,贺州,93.0
20170124,14,PM2.5,贺州,69.0
20170124,14,PM2.5_24h,贺州,72.0
20170124,14,PM10,贺州,123.0
20170124,14,PM10_24h,贺州,130.0
20170124,14,SO2,贺州,15.0
20170124,14,SO2_24h,贺州,10.0
20170124,14,NO2,贺州,20.0
20170124,14,NO2_24h,贺州,35.0
20170124,14,O3,贺州,130.0
20170124,14,O3_24h,贺州,137.0
20170124,14,O3_8h,贺州,55.0
20170124,14,O3_8h_24h,贺州,55.0
20170124,14,CO,贺州,1.05
20170124,14,CO_24h,贺州,1.25
20170124,15,AQI,贺州,85.0
20170124,15,PM2.5,贺州,63.0
20170124,15,PM2.5_24h,贺州,72.0
20170124,15,PM10,贺州,118.0
20170124,15,PM10_24h,贺州,130.0
20170124,15,SO2,贺州,15.0
20170124,15,SO2_24h,贺州,11.0
20170124,15,NO2,贺州,15.0
20170124,15,NO2_24h,贺州,35.0
20170124,15,O3,贺州,137.0
20170124,15,O3_24h,贺州,137.0
20170124,15,O3_8h,贺州,69.0
20170124,15,O3_8h_24h,贺州,69.0
20170124,15,CO,贺州,1.05
20170124,15,CO_24h,贺州,1.25
20170124,16,AQI,贺州,83.0
20170124,16,PM2.5,贺州,61.0
20170124,16,PM2.5_24h,贺州,73.0
20170124,16,PM10,贺州,110.0
20170124,16,PM10_24h,贺州,131.0
20170124,16,SO2,贺州,14.0
20170124,16,SO2_24h,贺州,11.0
20170124,16,NO2,贺州,13.0
20170124,16,NO2_24h,贺州,36.0
20170124,16,O3,贺州,137.0
20170124,16,O3_24h,贺州,137.0
20170124,16,O3_8h,贺州,84.0
20170124,16,O3_8h_24h,贺州,84.0
20170124,16,CO,贺州,0.9
20170124,16,CO_24h,贺州,1.25
20170124,17,AQI,贺州,79.0
20170124,17,PM2.5,贺州,58.0
20170124,17,PM2.5_24h,贺州,73.0
20170124,17,PM10,贺州,102.0
20170124,17,PM10_24h,贺州,131.0
20170124,17,SO2,贺州,13.0
20170124,17,SO2_24h,贺州,10.0
20170124,17,NO2,贺州,24.0
20170124,17,NO2_24h,贺州,36.0
20170124,17,O3,贺州,129.0
20170124,17,O3_24h,贺州,137.0
20170124,17,O3_8h,贺州,99.0
20170124,17,O3_8h_24h,贺州,99.0
20170124,17,CO,贺州,1.0
20170124,17,CO_24h,贺州,1.25
20170124,18,AQI,贺州,83.0
20170124,18,PM2.5,贺州,61.0
20170124,18,PM2.5_24h,贺州,74.0
20170124,18,PM10,贺州,98.0
20170124,18,PM10_24h,贺州,132.0
20170124,18,SO2,贺州,14.0
20170124,18,SO2_24h,贺州,10.0
20170124,18,NO2,贺州,65.0
20170124,18,NO2_24h,贺州,38.0
20170124,18,O3,贺州,104.0
20170124,18,O3_24h,贺州,137.0
20170124,18,O3_8h,贺州,110.0
20170124,18,O3_8h_24h,贺州,110.0
20170124,18,CO,贺州,1.4
20170124,18,CO_24h,贺州,1.3
20170124,19,AQI,贺州,84.0
20170124,19,PM2.5,贺州,62.0
20170124,19,PM2.5_24h,贺州,74.0
20170124,19,PM10,贺州,109.0
20170124,19,PM10_24h,贺州,132.0
20170124,19,SO2,贺州,14.0
20170124,19,SO2_24h,贺州,10.0
20170124,19,NO2,贺州,93.0
20170124,19,NO2_24h,贺州,40.0
20170124,19,O3,贺州,33.0
20170124,19,O3_24h,贺州,137.0
20170124,19,O3_8h,贺州,108.0
20170124,19,O3_8h_24h,贺州,110.0
20170124,19,CO,贺州,3.45
20170124,19,CO_24h,贺州,1.35
20170124,20,AQI,贺州,114.0
20170124,20,PM2.5,贺州,78.0
20170124,20,PM2.5_24h,贺州,75.0
20170124,20,PM10,贺州,177.0
20170124,20,PM10_24h,贺州,135.0
20170124,20,SO2,贺州,13.0
20170124,20,SO2_24h,贺州,10.0
20170124,20,NO2,贺州,32.0
20170124,20,NO2_24h,贺州,39.0
20170124,20,O3,贺州,39.0
20170124,20,O3_24h,贺州,137.0
20170124,20,O3_8h,贺州,102.0
20170124,20,O3_8h_24h,贺州,110.0
20170124,20,CO,贺州,2.45
20170124,20,CO_24h,贺州,1.35
20170124,21,AQI,贺州,146.0
20170124,21,PM2.5,贺州,102.0
20170124,21,PM2.5_24h,贺州,76.0
20170124,21,PM10,贺州,242.0
20170124,21,PM10_24h,贺州,138.0
20170124,21,SO2,贺州,12.0
20170124,21,SO2_24h,贺州,10.0
20170124,21,NO2,贺州,68.0
20170124,21,NO2_24h,贺州,39.0
20170124,21,O3,贺州,39.0
20170124,21,O3_24h,贺州,137.0
20170124,21,O3_8h,贺州,94.0
20170124,21,O3_8h_24h,贺州,110.0
20170124,21,CO,贺州,2.45
20170124,21,CO_24h,贺州,1.4
20170124,22,AQI,贺州,166.0
20170124,22,PM2.5,贺州,123.0
20170124,22,PM2.5_24h,贺州,77.0
20170124,22,PM10,贺州,281.0
20170124,22,PM10_24h,贺州,142.0
20170124,22,SO2,贺州,13.0
20170124,22,SO2_24h,贺州,10.0
20170124,22,NO2,贺州,70.0
20170124,22,NO2_24h,贺州,40.0
20170124,22,O3,贺州,34.0
20170124,22,O3_24h,贺州,137.0
20170124,22,O3_8h,贺州,81.0
20170124,22,O3_8h_24h,贺州,110.0
20170124,22,CO,贺州,2.3
20170124,22,CO_24h,贺州,1.45
20170124,23,AQI,贺州,167.0
20170124,23,PM2.5,贺州,127.0
20170124,23,PM2.5_24h,贺州,78.0
20170124,23,PM10,贺州,249.0
20170124,23,PM10_24h,贺州,144.0
20170124,23,SO2,贺州,11.0
20170124,23,SO2_24h,贺州,11.0
20170124,23,NO2,贺州,76.0
20170124,23,NO2_24h,贺州,41.0
20170124,23,O3,贺州,28.0
20170124,23,O3_24h,贺州,137.0
20170124,23,O3_8h,贺州,68.0
20170124,23,O3_8h_24h,贺州,110.0
20170124,23,CO,贺州,2.3
20170124,23,CO_24h,贺州,1.45
20170124,0,AQI,河池,109.0
20170124,0,PM2.5,河池,82.0
20170124,0,PM2.5_24h,河池,70.0
20170124,0,PM10,河池,137.0
20170124,0,PM10_24h,河池,104.0
20170124,0,SO2,河池,6.0
20170124,0,SO2_24h,河池,8.0
20170124,0,NO2,河池,63.0
20170124,0,NO2_24h,河池,41.0
20170124,0,O3,河池,7.0
20170124,0,O3_24h,河池,115.0
20170124,0,O3_8h,河池,52.0
20170124,0,O3_8h_24h,河池,95.0
20170124,0,CO,河池,1.25
20170124,0,CO_24h,河池,1.1
20170124,1,AQI,河池,101.0
20170124,1,PM2.5,河池,76.0
20170124,1,PM2.5_24h,河池,69.0
20170124,1,PM10,河池,132.0
20170124,1,PM10_24h,河池,103.0
20170124,1,SO2,河池,6.0
20170124,1,SO2_24h,河池,8.0
20170124,1,NO2,河池,58.0
20170124,1,NO2_24h,河池,41.0
20170124,1,O3,河池,6.0
20170124,1,O3_24h,河池,115.0
20170124,1,O3_8h,河池,6.0
20170124,1,O3_8h_24h,河池,6.0
20170124,1,CO,河池,1.3
20170124,1,CO_24h,河池,1.1
20170124,2,AQI,河池,100.0
20170124,2,PM2.5,河池,75.0
20170124,2,PM2.5_24h,河池,68.0
20170124,2,PM10,河池,128.0
20170124,2,PM10_24h,河池,102.0
20170124,2,SO2,河池,5.0
20170124,2,SO2_24h,河池,8.0
20170124,2,NO2,河池,57.0
20170124,2,NO2_24h,河池,41.0
20170124,2,O3,河池,6.0
20170124,2,O3_24h,河池,115.0
20170124,2,O3_8h,河池,6.0
20170124,2,O3_8h_24h,河池,6.0
20170124,2,CO,河池,1.2
20170124,2,CO_24h,河池,1.1
20170124,3,AQI,河池,100.0
20170124,3,PM2.5,河池,75.0
20170124,3,PM2.5_24h,河池,68.0
20170124,3,PM10,河池,122.0
20170124,3,PM10_24h,河池,102.0
20170124,3,SO2,河池,6.0
20170124,3,SO2_24h,河池,8.0
20170124,3,NO2,河池,55.0
20170124,3,NO2_24h,河池,41.0
20170124,3,O3,河池,6.0
20170124,3,O3_24h,河池,115.0
20170124,3,O3_8h,河池,6.0
20170124,3,O3_8h_24h,河池,6.0
20170124,3,CO,河池,1.2
20170124,3,CO_24h,河池,1.1
20170124,4,AQI,河池,103.0
20170124,4,PM2.5,河池,77.0
20170124,4,PM2.5_24h,河池,68.0
20170124,4,PM10,河池,117.0
20170124,4,PM10_24h,河池,103.0
20170124,4,SO2,河池,6.0
20170124,4,SO2_24h,河池,8.0
20170124,4,NO2,河池,52.0
20170124,4,NO2_24h,河池,42.0
20170124,4,O3,河池,6.0
20170124,4,O3_24h,河池,115.0
20170124,4,O3_8h,河池,6.0
20170124,4,O3_8h_24h,河池,6.0
20170124,4,CO,河池,1.2
20170124,4,CO_24h,河池,1.1
20170124,5,AQI,河池,101.0
20170124,5,PM2.5,河池,76.0
20170124,5,PM2.5_24h,河池,68.0
20170124,5,PM10,河池,115.0
20170124,5,PM10_24h,河池,104.0
20170124,5,SO2,河池,5.0
20170124,5,SO2_24h,河池,8.0
20170124,5,NO2,河池,52.0
20170124,5,NO2_24h,河池,42.0
20170124,5,O3,河池,6.0
20170124,5,O3_24h,河池,115.0
20170124,5,O3_8h,河池,6.0
20170124,5,O3_8h_24h,河池,6.0
20170124,5,CO,河池,1.2
20170124,5,CO_24h,河池,1.1
20170124,6,AQI,河池,100.0
20170124,6,PM2.5,河池,75.0
20170124,6,PM2.5_24h,河池,68.0
20170124,6,PM10,河池,108.0
20170124,6,PM10_24h,河池,104.0
20170124,6,SO2,河池,5.0
20170124,6,SO2_24h,河池,8.0
20170124,6,NO2,河池,49.0
20170124,6,NO2_24h,河池,42.0
20170124,6,O3,河池,5.0
20170124,6,O3_24h,河池,115.0
20170124,6,O3_8h,河池,6.0
20170124,6,O3_8h_24h,河池,6.0
20170124,6,CO,河池,1.05
20170124,6,CO_24h,河池,1.05
20170124,7,AQI,河池,99.0
20170124,7,PM2.5,河池,74.0
20170124,7,PM2.5_24h,河池,69.0
20170124,7,PM10,河池,94.0
20170124,7,PM10_24h,河池,103.0
20170124,7,SO2,河池,5.0
20170124,7,SO2_24h,河池,8.0
20170124,7,NO2,河池,46.0
20170124,7,NO2_24h,河池,43.0
20170124,7,O3,河池,6.0
20170124,7,O3_24h,河池,115.0
20170124,7,O3_8h,河池,6.0
20170124,7,O3_8h_24h,河池,6.0
20170124,7,CO,河池,1.1
20170124,7,CO_24h,河池,1.05
20170124,8,AQI,河池,100.0
20170124,8,PM2.5,河池,75.0
20170124,8,PM2.5_24h,河池,69.0
20170124,8,PM10,河池,98.0
20170124,8,PM10_24h,河池,104.0
20170124,8,SO2,河池,6.0
20170124,8,SO2_24h,河池,8.0
20170124,8,NO2,河池,45.0
20170124,8,NO2_24h,河池,43.0
20170124,8,O3,河池,7.0
20170124,8,O3_24h,河池,115.0
20170124,8,O3_8h,河池,6.0
20170124,8,O3_8h_24h,河池,6.0
20170124,8,CO,河池,1.15
20170124,8,CO_24h,河池,1.05
20170124,9,AQI,河池,104.0
20170124,9,PM2.5,河池,78.0
20170124,9,PM2.5_24h,河池,69.0
20170124,9,PM10,河池,103.0
20170124,9,PM10_24h,河池,104.0
20170124,9,SO2,河池,6.0
20170124,9,SO2_24h,河池,8.0
20170124,9,NO2,河池,43.0
20170124,9,NO2_24h,河池,43.0
20170124,9,O3,河池,7.0
20170124,9,O3_24h,河池,115.0
20170124,9,O3_8h,河池,6.0
20170124,9,O3_8h_24h,河池,6.0
20170124,9,CO,河池,1.2
20170124,9,CO_24h,河池,1.05
20170124,10,AQI,河池,106.0
20170124,10,PM2.5,河池,80.0
20170124,10,PM2.5_24h,河池,68.0
20170124,10,PM10,河池,118.0
20170124,10,PM10_24h,河池,104.0
20170124,10,SO2,河池,7.0
20170124,10,SO2_24h,河池,8.0
20170124,10,NO2,河池,46.0
20170124,10,NO2_24h,河池,44.0
20170124,10,O3,河池,9.0
20170124,10,O3_24h,河池,115.0
20170124,10,O3_8h,河池,7.0
20170124,10,O3_8h_24h,河池,7.0
20170124,10,CO,河池,1.15
20170124,10,CO_24h,河池,1.05
20170124,11,AQI,河池,126.0
20170124,11,PM2.5,河池,96.0
20170124,11,PM2.5_24h,河池,70.0
20170124,11,PM10,河池,106.0
20170124,11,PM10_24h,河池,103.0
20170124,11,SO2,河池,12.0
20170124,11,SO2_24h,河池,7.0
20170124,11,NO2,河池,49.0
20170124,11,NO2_24h,河池,44.0
20170124,11,O3,河池,18.0
20170124,11,O3_24h,河池,115.0
20170124,11,O3_8h,河池,8.0
20170124,11,O3_8h_24h,河池,8.0
20170124,11,CO,河池,1.25
20170124,11,CO_24h,河池,1.05
20170124,12,AQI,河池,119.0
20170124,12,PM2.5,河池,90.0
20170124,12,PM2.5_24h,河池,70.0
20170124,12,PM10,河池,110.0
20170124,12,PM10_24h,河池,103.0
20170124,12,SO2,河池,13.0
20170124,12,SO2_24h,河池,7.0
20170124,12,NO2,河池,38.0
20170124,12,NO2_24h,河池,44.0
20170124,12,O3,河池,54.0
20170124,12,O3_24h,河池,115.0
20170124,12,O3_8h,河池,14.0
20170124,12,O3_8h_24h,河池,14.0
20170124,12,CO,河池,1.1
20170124,12,CO_24h,河池,1.05
20170124,13,AQI,河池,99.0
20170124,13,PM2.5,河池,74.0
20170124,13,PM2.5_24h,河池,71.0
20170124,13,PM10,河池,92.0
20170124,13,PM10_24h,河池,103.0
20170124,13,SO2,河池,11.0
20170124,13,SO2_24h,河池,7.0
20170124,13,NO2,河池,28.0
20170124,13,NO2_24h,河池,44.0
20170124,13,O3,河池,96.0
20170124,13,O3_24h,河池,115.0
20170124,13,O3_8h,河池,25.0
20170124,13,O3_8h_24h,河池,25.0
20170124,13,CO,河池,0.85
20170124,13,CO_24h,河池,1.05
20170124,14,AQI,河池,100.0
20170124,14,PM2.5,河池,75.0
20170124,14,PM2.5_24h,河池,72.0
20170124,14,PM10,河池,90.0
20170124,14,PM10_24h,河池,103.0
20170124,14,SO2,河池,11.0
20170124,14,SO2_24h,河池,7.0
20170124,14,NO2,河池,25.0
20170124,14,NO2_24h,河池,44.0
20170124,14,O3,河池,110.0
20170124,14,O3_24h,河池,115.0
20170124,14,O3_8h,河池,38.0
20170124,14,O3_8h_24h,河池,38.0
20170124,14,CO,河池,0.9
20170124,14,CO_24h,河池,1.05
20170124,15,AQI,河池,101.0
20170124,15,PM2.5,河池,76.0
20170124,15,PM2.5_24h,河池,73.0
20170124,15,PM10,河池,94.0
20170124,15,PM10_24h,河池,104.0
20170124,15,SO2,河池,12.0
20170124,15,SO2_24h,河池,8.0
20170124,15,NO2,河池,19.0
20170124,15,NO2_24h,河池,44.0
20170124,15,O3,河池,118.0
20170124,15,O3_24h,河池,119.0
20170124,15,O3_8h,河池,52.0
20170124,15,O3_8h_24h,河池,52.0
20170124,15,CO,河池,0.8
20170124,15,CO_24h,河池,1.05
20170124,16,AQI,河池,104.0
20170124,16,PM2.5,河池,78.0
20170124,16,PM2.5_24h,河池,74.0
20170124,16,PM10,河池,93.0
20170124,16,PM10_24h,河池,106.0
20170124,16,SO2,河池,10.0
20170124,16,SO2_24h,河池,8.0
20170124,16,NO2,河池,20.0
20170124,16,NO2_24h,河池,44.0
20170124,16,O3,河池,114.0
20170124,16,O3_24h,河池,121.0
20170124,16,O3_8h,河池,66.0
20170124,16,O3_8h_24h,河池,66.0
20170124,16,CO,河池,0.8
20170124,16,CO_24h,河池,1.05
20170124,17,AQI,河池,104.0
20170124,17,PM2.5,河池,78.0
20170124,17,PM2.5_24h,河池,76.0
20170124,17,PM10,河池,83.0
20170124,17,PM10_24h,河池,107.0
20170124,17,SO2,河池,10.0
20170124,17,SO2_24h,河池,8.0
20170124,17,NO2,河池,22.0
20170124,17,NO2_24h,河池,45.0
20170124,17,O3,河池,121.0
20170124,17,O3_24h,河池,123.0
20170124,17,O3_8h,河池,80.0
20170124,17,O3_8h_24h,河池,80.0
20170124,17,CO,河池,0.85
20170124,17,CO_24h,河池,1.05
20170124,18,AQI,河池,106.0
20170124,18,PM2.5,河池,80.0
20170124,18,PM2.5_24h,河池,77.0
20170124,18,PM10,河池,113.0
20170124,18,PM10_24h,河池,109.0
20170124,18,SO2,河池,11.0
20170124,18,SO2_24h,河池,8.0
20170124,18,NO2,河池,32.0
20170124,18,NO2_24h,河池,45.0
20170124,18,O3,河池,103.0
20170124,18,O3_24h,河池,123.0
20170124,18,O3_8h,河池,92.0
20170124,18,O3_8h_24h,河池,92.0
20170124,18,CO,河池,1.0
20170124,18,CO_24h,河池,1.05
20170124,19,AQI,河池,121.0
20170124,19,PM2.5,河池,92.0
20170124,19,PM2.5_24h,河池,79.0
20170124,19,PM10,河池,117.0
20170124,19,PM10_24h,河池,110.0
20170124,19,SO2,河池,10.0
20170124,19,SO2_24h,河池,8.0
20170124,19,NO2,河池,50.0
20170124,19,NO2_24h,河池,45.0
20170124,19,O3,河池,71.0
20170124,19,O3_24h,河池,123.0
20170124,19,O3_8h,河池,98.0
20170124,19,O3_8h_24h,河池,98.0
20170124,19,CO,河池,1.2
20170124,19,CO_24h,河池,1.1
20170124,20,AQI,河池,123.0
20170124,20,PM2.5,河池,93.0
20170124,20,PM2.5_24h,河池,80.0
20170124,20,PM10,河池,120.0
20170124,20,PM10_24h,河池,112.0
20170124,20,SO2,河池,8.0
20170124,20,SO2_24h,河池,8.0
20170124,20,NO2,河池,54.0
20170124,20,NO2_24h,河池,46.0
20170124,20,O3,河池,52.0
20170124,20,O3_24h,河池,123.0
20170124,20,O3_8h,河池,98.0
20170124,20,O3_8h_24h,河池,100.0
20170124,20,CO,河池,1.1
20170124,20,CO_24h,河池,1.1
20170124,21,AQI,河池,138.0
20170124,21,PM2.5,河池,105.0
20170124,21,PM2.5_24h,河池,81.0
20170124,21,PM10,河池,120.0
20170124,21,PM10_24h,河池,112.0
20170124,21,SO2,河池,8.0
20170124,21,SO2_24h,河池,8.0
20170124,21,NO2,河池,65.0
20170124,21,NO2_24h,河池,46.0
20170124,21,O3,河池,32.0
20170124,21,O3_24h,河池,123.0
20170124,21,O3_8h,河池,90.0
20170124,21,O3_8h_24h,河池,100.0
20170124,21,CO,河池,1.15
20170124,21,CO_24h,河池,1.1
20170124,22,AQI,河池,163.0
20170124,22,PM2.5,河池,124.0
20170124,22,PM2.5_24h,河池,83.0
20170124,22,PM10,河池,153.0
20170124,22,PM10_24h,河池,113.0
20170124,22,SO2,河池,8.0
20170124,22,SO2_24h,河池,8.0
20170124,22,NO2,河池,74.0
20170124,22,NO2_24h,河池,46.0
20170124,22,O3,河池,14.0
20170124,22,O3_24h,河池,123.0
20170124,22,O3_8h,河池,78.0
20170124,22,O3_8h_24h,河池,100.0
20170124,22,CO,河池,1.4
20170124,22,CO_24h,河池,1.1
20170124,23,AQI,河池,151.0
20170124,23,PM2.5,河池,116.0
20170124,23,PM2.5_24h,河池,84.0
20170124,23,PM10,河池,161.0
20170124,23,PM10_24h,河池,115.0
20170124,23,SO2,河池,7.0
20170124,23,SO2_24h,河池,8.0
20170124,23,NO2,河池,68.0
20170124,23,NO2_24h,河池,46.0
20170124,23,O3,河池,10.0
20170124,23,O3_24h,河池,123.0
20170124,23,O3_8h,河池,65.0
20170124,23,O3_8h_24h,河池,100.0
20170124,23,CO,河池,1.4
20170124,23,CO_24h,河池,1.1
20170124,0,AQI,来宾,263.0
20170124,0,PM2.5,来宾,213.0
20170124,0,PM2.5_24h,来宾,119.0
20170124,0,PM10,来宾,263.0
20170124,0,PM10_24h,来宾,163.0
20170124,0,SO2,来宾,15.0
20170124,0,SO2_24h,来宾,18.0
20170124,0,NO2,来宾,70.0
20170124,0,NO2_24h,来宾,45.0
20170124,0,O3,来宾,16.0
20170124,0,O3_24h,来宾,140.0
20170124,0,O3_8h,来宾,63.0
20170124,0,O3_8h_24h,来宾,119.0
20170124,0,CO,来宾,2.1
20170124,0,CO_24h,来宾,1.45
20170124,1,AQI,来宾,286.0
20170124,1,PM2.5,来宾,236.0
20170124,1,PM2.5_24h,来宾,120.0
20170124,1,PM10,来宾,280.0
20170124,1,PM10_24h,来宾,163.0
20170124,1,SO2,来宾,12.0
20170124,1,SO2_24h,来宾,18.0
20170124,1,NO2,来宾,65.0
20170124,1,NO2_24h,来宾,45.0
20170124,1,O3,来宾,10.0
20170124,1,O3_24h,来宾,140.0
20170124,1,O3_8h,来宾,10.0
20170124,1,O3_8h_24h,来宾,10.0
20170124,1,CO,来宾,1.7
20170124,1,CO_24h,来宾,1.45
20170124,2,AQI,来宾,295.0
20170124,2,PM2.5,来宾,245.0
20170124,2,PM2.5_24h,来宾,123.0
20170124,2,PM10,来宾,270.0
20170124,2,PM10_24h,来宾,164.0
20170124,2,SO2,来宾,12.0
20170124,2,SO2_24h,来宾,17.0
20170124,2,NO2,来宾,65.0
20170124,2,NO2_24h,来宾,45.0
20170124,2,O3,来宾,8.0
20170124,2,O3_24h,来宾,140.0
20170124,2,O3_8h,来宾,9.0
20170124,2,O3_8h_24h,来宾,10.0
20170124,2,CO,来宾,1.65
20170124,2,CO_24h,来宾,1.45
20170124,3,AQI,来宾,286.0
20170124,3,PM2.5,来宾,236.0
20170124,3,PM2.5_24h,来宾,126.0
20170124,3,PM10,来宾,261.0
20170124,3,PM10_24h,来宾,167.0
20170124,3,SO2,来宾,12.0
20170124,3,SO2_24h,来宾,17.0
20170124,3,NO2,来宾,69.0
20170124,3,NO2_24h,来宾,45.0
20170124,3,O3,来宾,7.0
20170124,3,O3_24h,来宾,140.0
20170124,3,O3_8h,来宾,8.0
20170124,3,O3_8h_24h,来宾,10.0
20170124,3,CO,来宾,1.7
20170124,3,CO_24h,来宾,1.45
20170124,4,AQI,来宾,242.0
20170124,4,PM2.5,来宾,192.0
20170124,4,PM2.5_24h,来宾,126.0
20170124,4,PM10,来宾,220.0
20170124,4,PM10_24h,来宾,167.0
20170124,4,SO2,来宾,12.0
20170124,4,SO2_24h,来宾,17.0
20170124,4,NO2,来宾,66.0
20170124,4,NO2_24h,来宾,46.0
20170124,4,O3,来宾,7.0
20170124,4,O3_24h,来宾,140.0
20170124,4,O3_8h,来宾,8.0
20170124,4,O3_8h_24h,来宾,10.0
20170124,4,CO,来宾,1.5
20170124,4,CO_24h,来宾,1.45
20170124,5,AQI,来宾,246.0
20170124,5,PM2.5,来宾,196.0
20170124,5,PM2.5_24h,来宾,129.0
20170124,5,PM10,来宾,193.0
20170124,5,PM10_24h,来宾,167.0
20170124,5,SO2,来宾,14.0
20170124,5,SO2_24h,来宾,16.0
20170124,5,NO2,来宾,57.0
20170124,5,NO2_24h,来宾,46.0
20170124,5,O3,来宾,6.0
20170124,5,O3_24h,来宾,140.0
20170124,5,O3_8h,来宾,8.0
20170124,5,O3_8h_24h,来宾,10.0
20170124,5,CO,来宾,1.45
20170124,5,CO_24h,来宾,1.45
20170124,6,AQI,来宾,248.0
20170124,6,PM2.5,来宾,198.0
20170124,6,PM2.5_24h,来宾,132.0
20170124,6,PM10,来宾,190.0
20170124,6,PM10_24h,来宾,169.0
20170124,6,SO2,来宾,13.0
20170124,6,SO2_24h,来宾,17.0
20170124,6,NO2,来宾,50.0
20170124,6,NO2_24h,来宾,46.0
20170124,6,O3,来宾,6.0
20170124,6,O3_24h,来宾,140.0
20170124,6,O3_8h,来宾,7.0
20170124,6,O3_8h_24h,来宾,10.0
20170124,6,CO,来宾,1.5
20170124,6,CO_24h,来宾,1.45
20170124,7,AQI,来宾,250.0
20170124,7,PM2.5,来宾,200.0
20170124,7,PM2.5_24h,来宾,135.0
20170124,7,PM10,来宾,247.0
20170124,7,PM10_24h,来宾,170.0
20170124,7,SO2,来宾,10.0
20170124,7,SO2_24h,来宾,17.0
20170124,7,NO2,来宾,42.0
20170124,7,NO2_24h,来宾,46.0
20170124,7,O3,来宾,6.0
20170124,7,O3_24h,来宾,140.0
20170124,7,O3_8h,来宾,7.0
20170124,7,O3_8h_24h,来宾,10.0
20170124,7,CO,来宾,1.6
20170124,7,CO_24h,来宾,1.45
20170124,8,AQI,来宾,210.0
20170124,8,PM2.5,来宾,160.0
20170124,8,PM2.5_24h,来宾,138.0
20170124,8,PM10,来宾,196.0
20170124,8,PM10_24h,来宾,173.0
20170124,8,SO2,来宾,12.0
20170124,8,SO2_24h,来宾,17.0
20170124,8,NO2,来宾,46.0
20170124,8,NO2_24h,来宾,47.0
20170124,8,O3,来宾,6.0
20170124,8,O3_24h,来宾,140.0
20170124,8,O3_8h,来宾,7.0
20170124,8,O3_8h_24h,来宾,10.0
20170124,8,CO,来宾,1.35
20170124,8,CO_24h,来宾,1.45
20170124,9,AQI,来宾,190.0
20170124,9,PM2.5,来宾,143.0
20170124,9,PM2.5_24h,来宾,139.0
20170124,9,PM10,来宾,180.0
20170124,9,PM10_24h,来宾,173.0
20170124,9,SO2,来宾,14.0
20170124,9,SO2_24h,来宾,16.0
20170124,9,NO2,来宾,47.0
20170124,9,NO2_24h,来宾,47.0
20170124,9,O3,来宾,11.0
20170124,9,O3_24h,来宾,140.0
20170124,9,O3_8h,来宾,7.0
20170124,9,O3_8h_24h,来宾,10.0
20170124,9,CO,来宾,1.45
20170124,9,CO_24h,来宾,1.45
20170124,10,AQI,来宾,197.0
20170124,10,PM2.5,来宾,148.0
20170124,10,PM2.5_24h,来宾,140.0
20170124,10,PM10,来宾,177.0
20170124,10,PM10_24h,来宾,174.0
20170124,10,SO2,来宾,22.0
20170124,10,SO2_24h,来宾,16.0
20170124,10,NO2,来宾,49.0
20170124,10,NO2_24h,来宾,47.0
20170124,10,O3,来宾,29.0
20170124,10,O3_24h,来宾,140.0
20170124,10,O3_8h,来宾,10.0
20170124,10,O3_8h_24h,来宾,11.0
20170124,10,CO,来宾,1.45
20170124,10,CO_24h,来宾,1.45
20170124,11,AQI,来宾,210.0
20170124,11,PM2.5,来宾,160.0
20170124,11,PM2.5_24h,来宾,143.0
20170124,11,PM10,来宾,193.0
20170124,11,PM10_24h,来宾,176.0
20170124,11,SO2,来宾,26.0
20170124,11,SO2_24h,来宾,16.0
20170124,11,NO2,来宾,54.0
20170124,11,NO2_24h,来宾,47.0
20170124,11,O3,来宾,46.0
20170124,11,O3_24h,来宾,140.0
20170124,11,O3_8h,来宾,15.0
20170124,11,O3_8h_24h,来宾,15.0
20170124,11,CO,来宾,1.8
20170124,11,CO_24h,来宾,1.45
20170124,12,AQI,来宾,161.0
20170124,12,PM2.5,来宾,123.0
20170124,12,PM2.5_24h,来宾,145.0
20170124,12,PM10,来宾,198.0
20170124,12,PM10_24h,来宾,180.0
20170124,12,SO2,来宾,29.0
20170124,12,SO2_24h,来宾,16.0
20170124,12,NO2,来宾,36.0
20170124,12,NO2_24h,来宾,48.0
20170124,12,O3,来宾,88.0
20170124,12,O3_24h,来宾,140.0
20170124,12,O3_8h,来宾,25.0
20170124,12,O3_8h_24h,来宾,25.0
20170124,12,CO,来宾,1.45
20170124,12,CO_24h,来宾,1.45
20170124,13,AQI,来宾,131.0
20170124,13,PM2.5,来宾,100.0
20170124,13,PM2.5_24h,来宾,147.0
20170124,13,PM10,来宾,138.0
20170124,13,PM10_24h,来宾,182.0
20170124,13,SO2,来宾,26.0
20170124,13,SO2_24h,来宾,16.0
20170124,13,NO2,来宾,30.0
20170124,13,NO2_24h,来宾,48.0
20170124,13,O3,来宾,110.0
20170124,13,O3_24h,来宾,140.0
20170124,13,O3_8h,来宾,38.0
20170124,13,O3_8h_24h,来宾,38.0
20170124,13,CO,来宾,1.25
20170124,13,CO_24h,来宾,1.45
20170124,14,AQI,来宾,116.0
20170124,14,PM2.5,来宾,88.0
20170124,14,PM2.5_24h,来宾,148.0
20170124,14,PM10,来宾,130.0
20170124,14,PM10_24h,来宾,184.0
20170124,14,SO2,来宾,48.0
20170124,14,SO2_24h,来宾,17.0
20170124,14,NO2,来宾,32.0
20170124,14,NO2_24h,来宾,49.0
20170124,14,O3,来宾,111.0
20170124,14,O3_24h,来宾,140.0
20170124,14,O3_8h,来宾,51.0
20170124,14,O3_8h_24h,来宾,51.0
20170124,14,CO,来宾,0.95
20170124,14,CO_24h,来宾,1.45
20170124,15,AQI,来宾,94.0
20170124,15,PM2.5,来宾,70.0
20170124,15,PM2.5_24h,来宾,149.0
20170124,15,PM10,来宾,105.0
20170124,15,PM10_24h,来宾,185.0
20170124,15,SO2,来宾,20.0
20170124,15,SO2_24h,来宾,18.0
20170124,15,NO2,来宾,19.0
20170124,15,NO2_24h,来宾,49.0
20170124,15,O3,来宾,126.0
20170124,15,O3_24h,来宾,140.0
20170124,15,O3_8h,来宾,66.0
20170124,15,O3_8h_24h,来宾,66.0
20170124,15,CO,来宾,0.75
20170124,15,CO_24h,来宾,1.45
20170124,16,AQI,来宾,103.0
20170124,16,PM2.5,来宾,77.0
20170124,16,PM2.5_24h,来宾,149.0
20170124,16,PM10,来宾,101.0
20170124,16,PM10_24h,来宾,186.0
20170124,16,SO2,来宾,17.0
20170124,16,SO2_24h,来宾,18.0
20170124,16,NO2,来宾,20.0
20170124,16,NO2_24h,来宾,49.0
20170124,16,O3,来宾,140.0
20170124,16,O3_24h,来宾,140.0
20170124,16,O3_8h,来宾,83.0
20170124,16,O3_8h_24h,来宾,83.0
20170124,16,CO,来宾,0.85
20170124,16,CO_24h,来宾,1.45
20170124,17,AQI,来宾,100.0
20170124,17,PM2.5,来宾,75.0
20170124,17,PM2.5_24h,来宾,150.0
20170124,17,PM10,来宾,105.0
20170124,17,PM10_24h,来宾,187.0
20170124,17,SO2,来宾,21.0
20170124,17,SO2_24h,来宾,18.0
20170124,17,NO2,来宾,22.0
20170124,17,NO2_24h,来宾,50.0
20170124,17,O3,来宾,139.0
20170124,17,O3_24h,来宾,141.0
20170124,17,O3_8h,来宾,99.0
20170124,17,O3_8h_24h,来宾,99.0
20170124,17,CO,来宾,0.9
20170124,17,CO_24h,来宾,1.5
20170124,18,AQI,来宾,125.0
20170124,18,PM2.5,来宾,95.0
20170124,18,PM2.5_24h,来宾,152.0
20170124,18,PM10,来宾,125.0
20170124,18,PM10_24h,来宾,189.0
20170124,18,SO2,来宾,23.0
20170124,18,SO2_24h,来宾,19.0
20170124,18,NO2,来宾,40.0
20170124,18,NO2_24h,来宾,51.0
20170124,18,O3,来宾,118.0
20170124,18,O3_24h,来宾,141.0
20170124,18,O3_8h,来宾,110.0
20170124,18,O3_8h_24h,来宾,110.0
20170124,18,CO,来宾,1.3
20170124,18,CO_24h,来宾,1.55
20170124,19,AQI,来宾,167.0
20170124,19,PM2.5,来宾,127.0
20170124,19,PM2.5_24h,来宾,153.0
20170124,19,PM10,来宾,184.0
20170124,19,PM10_24h,来宾,192.0
20170124,19,SO2,来宾,27.0
20170124,19,SO2_24h,来宾,19.0
20170124,19,NO2,来宾,57.0
20170124,19,NO2_24h,来宾,51.0
20170124,19,O3,来宾,87.0
20170124,19,O3_24h,来宾,141.0
20170124,19,O3_8h,来宾,115.0
20170124,19,O3_8h_24h,来宾,115.0
20170124,19,CO,来宾,1.7
20170124,19,CO_24h,来宾,1.55
20170124,20,AQI,来宾,247.0
20170124,20,PM2.5,来宾,197.0
20170124,20,PM2.5_24h,来宾,157.0
20170124,20,PM10,来宾,254.0
20170124,20,PM10_24h,来宾,197.0
20170124,20,SO2,来宾,32.0
20170124,20,SO2_24h,来宾,20.0
20170124,20,NO2,来宾,70.0
20170124,20,NO2_24h,来宾,52.0
20170124,20,O3,来宾,66.0
20170124,20,O3_24h,来宾,141.0
20170124,20,O3_8h,来宾,112.0
20170124,20,O3_8h_24h,来宾,115.0
20170124,20,CO,来宾,2.05
20170124,20,CO_24h,来宾,1.55
20170124,21,AQI,来宾,299.0
20170124,21,PM2.5,来宾,249.0
20170124,21,PM2.5_24h,来宾,161.0
20170124,21,PM10,来宾,287.0
20170124,21,PM10_24h,来宾,199.0
20170124,21,SO2,来宾,38.0
20170124,21,SO2_24h,来宾,20.0
20170124,21,NO2,来宾,85.0
20170124,21,NO2_24h,来宾,52.0
20170124,21,O3,来宾,47.0
20170124,21,O3_24h,来宾,141.0
20170124,21,O3_8h,来宾,105.0
20170124,21,O3_8h_24h,来宾,115.0
20170124,21,CO,来宾,2.35
20170124,21,CO_24h,来宾,1.55
20170124,22,AQI,来宾,348.0
20170124,22,PM2.5,来宾,298.0
20170124,22,PM2.5_24h,来宾,167.0
20170124,22,PM10,来宾,333.0
20170124,22,PM10_24h,来宾,201.0
20170124,22,SO2,来宾,34.0
20170124,22,SO2_24h,来宾,21.0
20170124,22,NO2,来宾,102.0
20170124,22,NO2_24h,来宾,53.0
20170124,22,O3,来宾,20.0
20170124,22,O3_24h,来宾,141.0
20170124,22,O3_8h,来宾,93.0
20170124,22,O3_8h_24h,来宾,115.0
20170124,22,CO,来宾,2.8
20170124,22,CO_24h,来宾,1.6
20170124,23,AQI,来宾,374.0
20170124,23,PM2.5,来宾,324.0
20170124,23,PM2.5_24h,来宾,173.0
20170124,23,PM10,来宾,355.0
20170124,23,PM10_24h,来宾,204.0
20170124,23,SO2,来宾,33.0
20170124,23,SO2_24h,来宾,22.0
20170124,23,NO2,来宾,93.0
20170124,23,NO2_24h,来宾,54.0
20170124,23,O3,来宾,22.0
20170124,23,O3_24h,来宾,141.0
20170124,23,O3_8h,来宾,80.0
20170124,23,O3_8h_24h,来宾,115.0
20170124,23,CO,来宾,2.6
20170124,23,CO_24h,来宾,1.55
20170124,0,AQI,崇左,105.0
20170124,0,PM2.5,崇左,79.0
20170124,0,PM2.5_24h,崇左,72.0
20170124,0,PM10,崇左,126.0
20170124,0,PM10_24h,崇左,101.0
20170124,0,SO2,崇左,8.0
20170124,0,SO2_24h,崇左,12.0
20170124,0,NO2,崇左,40.0
20170124,0,NO2_24h,崇左,33.0
20170124,0,O3,崇左,24.0
20170124,0,O3_24h,崇左,142.0
20170124,0,O3_8h,崇左,74.0
20170124,0,O3_8h_24h,崇左,120.0
20170124,0,CO,崇左,1.45
20170124,0,CO_24h,崇左,1.3
20170124,1,AQI,崇左,103.0
20170124,1,PM2.5,崇左,77.0
20170124,1,PM2.5_24h,崇左,72.0
20170124,1,PM10,崇左,112.0
20170124,1,PM10_24h,崇左,102.0
20170124,1,SO2,崇左,8.0
20170124,1,SO2_24h,崇左,12.0
20170124,1,NO2,崇左,44.0
20170124,1,NO2_24h,崇左,33.0
20170124,1,O3,崇左,11.0
20170124,1,O3_24h,崇左,142.0
20170124,1,O3_8h,崇左,11.0
20170124,1,O3_8h_24h,崇左,11.0
20170124,1,CO,崇左,1.35
20170124,1,CO_24h,崇左,1.3
20170124,2,AQI,崇左,101.0
20170124,2,PM2.5,崇左,76.0
20170124,2,PM2.5_24h,崇左,71.0
20170124,2,PM10,崇左,110.0
20170124,2,PM10_24h,崇左,102.0
20170124,2,SO2,崇左,8.0
20170124,2,SO2_24h,崇左,11.0
20170124,2,NO2,崇左,37.0
20170124,2,NO2_24h,崇左,34.0
20170124,2,O3,崇左,14.0
20170124,2,O3_24h,崇左,142.0
20170124,2,O3_8h,崇左,12.0
20170124,2,O3_8h_24h,崇左,12.0
20170124,2,CO,崇左,1.3
20170124,2,CO_24h,崇左,1.35
20170124,3,AQI,崇左,104.0
20170124,3,PM2.5,崇左,78.0
20170124,3,PM2.5_24h,崇左,72.0
20170124,3,PM10,崇左,94.0
20170124,3,PM10_24h,崇左,103.0
20170124,3,SO2,崇左,8.0
20170124,3,SO2_24h,崇左,11.0
20170124,3,NO2,崇左,32.0
20170124,3,NO2_24h,崇左,33.0
20170124,3,O3,崇左,16.0
20170124,3,O3_24h,崇左,142.0
20170124,3,O3_8h,崇左,13.0
20170124,3,O3_8h_24h,崇左,14.0
20170124,3,CO,崇左,1.35
20170124,3,CO_24h,崇左,1.35
20170124,4,AQI,崇左,103.0
20170124,4,PM2.5,崇左,77.0
20170124,4,PM2.5_24h,崇左,72.0
20170124,4,PM10,崇左,93.0
20170124,4,PM10_24h,崇左,103.0
20170124,4,SO2,崇左,8.0
20170124,4,SO2_24h,崇左,11.0
20170124,4,NO2,崇左,29.0
20170124,4,NO2_24h,崇左,34.0
20170124,4,O3,崇左,14.0
20170124,4,O3_24h,崇左,142.0
20170124,4,O3_8h,崇左,14.0
20170124,4,O3_8h_24h,崇左,14.0
20170124,4,CO,崇左,1.25
20170124,4,CO_24h,崇左,1.35
20170124,5,AQI,崇左,99.0
20170124,5,PM2.5,崇左,74.0
20170124,5,PM2.5_24h,崇左,73.0
20170124,5,PM10,崇左,92.0
20170124,5,PM10_24h,崇左,103.0
20170124,5,SO2,崇左,7.0
20170124,5,SO2_24h,崇左,11.0
20170124,5,NO2,崇左,26.0
20170124,5,NO2_24h,崇左,33.0
20170124,5,O3,崇左,12.0
20170124,5,O3_24h,崇左,142.0
20170124,5,O3_8h,崇左,13.0
20170124,5,O3_8h_24h,崇左,14.0
20170124,5,CO,崇左,1.25
20170124,5,CO_24h,崇左,1.35
20170124,6,AQI,崇左,98.0
20170124,6,PM2.5,崇左,73.0
20170124,6,PM2.5_24h,崇左,73.0
20170124,6,PM10,崇左,90.0
20170124,6,PM10_24h,崇左,104.0
20170124,6,SO2,崇左,8.0
20170124,6,SO2_24h,崇左,11.0
20170124,6,NO2,崇左,26.0
20170124,6,NO2_24h,崇左,33.0
20170124,6,O3,崇左,11.0
20170124,6,O3_24h,崇左,142.0
20170124,6,O3_8h,崇左,13.0
20170124,6,O3_8h_24h,崇左,14.0
20170124,6,CO,崇左,1.2
20170124,6,CO_24h,崇左,1.35
20170124,7,AQI,崇左,99.0
20170124,7,PM2.5,崇左,74.0
20170124,7,PM2.5_24h,崇左,73.0
20170124,7,PM10,崇左,89.0
20170124,7,PM10_24h,崇左,104.0
20170124,7,SO2,崇左,8.0
20170124,7,SO2_24h,崇左,11.0
20170124,7,NO2,崇左,26.0
20170124,7,NO2_24h,崇左,33.0
20170124,7,O3,崇左,10.0
20170124,7,O3_24h,崇左,142.0
20170124,7,O3_8h,崇左,12.0
20170124,7,O3_8h_24h,崇左,14.0
20170124,7,CO,崇左,1.2
20170124,7,CO_24h,崇左,1.35
20170124,8,AQI,崇左,99.0
20170124,8,PM2.5,崇左,74.0
20170124,8,PM2.5_24h,崇左,73.0
20170124,8,PM10,崇左,85.0
20170124,8,PM10_24h,崇左,105.0
20170124,8,SO2,崇左,8.0
20170124,8,SO2_24h,崇左,11.0
20170124,8,NO2,崇左,26.0
20170124,8,NO2_24h,崇左,33.0
20170124,8,O3,崇左,10.0
20170124,8,O3_24h,崇左,142.0
20170124,8,O3_8h,崇左,12.0
20170124,8,O3_8h_24h,崇左,14.0
20170124,8,CO,崇左,1.25
20170124,8,CO_24h,崇左,1.35
20170124,9,AQI,崇左,111.0
20170124,9,PM2.5,崇左,84.0
20170124,9,PM2.5_24h,崇左,73.0
20170124,9,PM10,崇左,85.0
20170124,9,PM10_24h,崇左,105.0
20170124,9,SO2,崇左,8.0
20170124,9,SO2_24h,崇左,11.0
20170124,9,NO2,崇左,28.0
20170124,9,NO2_24h,崇左,32.0
20170124,9,O3,崇左,15.0
20170124,9,O3_24h,崇左,142.0
20170124,9,O3_8h,崇左,12.0
20170124,9,O3_8h_24h,崇左,14.0
20170124,9,CO,崇左,1.45
20170124,9,CO_24h,崇左,1.35
20170124,10,AQI,崇左,164.0
20170124,10,PM2.5,崇左,125.0
20170124,10,PM2.5_24h,崇左,75.0
20170124,10,PM10_24h,崇左,104.0
20170124,10,SO2,崇左,9.0
20170124,10,SO2_24h,崇左,11.0
20170124,10,NO2,崇左,31.0
20170124,10,NO2_24h,崇左,32.0
20170124,10,O3,崇左,21.0
20170124,10,O3_24h,崇左,142.0
20170124,10,O3_8h,崇左,14.0
20170124,10,O3_8h_24h,崇左,15.0
20170124,10,CO,崇左,1.55
20170124,10,CO_24h,崇左,1.35
20170124,11,AQI,崇左,140.0
20170124,11,PM2.5,崇左,107.0
20170124,11,PM2.5_24h,崇左,75.0
20170124,11,PM10,崇左,136.0
20170124,11,PM10_24h,崇左,105.0
20170124,11,SO2,崇左,10.0
20170124,11,SO2_24h,崇左,10.0
20170124,11,NO2,崇左,31.0
20170124,11,NO2_24h,崇左,32.0
20170124,11,O3,崇左,57.0
20170124,11,O3_24h,崇左,142.0
20170124,11,O3_8h,崇左,19.0
20170124,11,O3_8h_24h,崇左,19.0
20170124,11,CO,崇左,1.55
20170124,11,CO_24h,崇左,1.35
20170124,12,AQI,崇左,119.0
20170124,12,PM2.5,崇左,90.0
20170124,12,PM2.5_24h,崇左,77.0
20170124,12,PM10,崇左,103.0
20170124,12,PM10_24h,崇左,104.0
20170124,12,SO2,崇左,11.0
20170124,12,SO2_24h,崇左,10.0
20170124,12,NO2,崇左,24.0
20170124,12,NO2_24h,崇左,31.0
20170124,12,O3,崇左,93.0
20170124,12,O3_24h,崇左,142.0
20170124,12,O3_8h,崇左,29.0
20170124,12,O3_8h_24h,崇左,29.0
20170124,12,CO,崇左,1.3
20170124,12,CO_24h,崇左,1.35
20170124,13,AQI,崇左,118.0
20170124,13,PM2.5,崇左,89.0
20170124,13,PM2.5_24h,崇左,78.0
20170124,13,PM10,崇左,108.0
20170124,13,PM10_24h,崇左,105.0
20170124,13,SO2,崇左,12.0
20170124,13,SO2_24h,崇左,10.0
20170124,13,NO2,崇左,23.0
20170124,13,NO2_24h,崇左,31.0
20170124,13,O3,崇左,116.0
20170124,13,O3_24h,崇左,142.0
20170124,13,O3_8h,崇左,42.0
20170124,13,O3_8h_24h,崇左,42.0
20170124,13,CO,崇左,1.3
20170124,13,CO_24h,崇左,1.35
20170124,14,AQI,崇左,108.0
20170124,14,PM2.5,崇左,81.0
20170124,14,PM2.5_24h,崇左,78.0
20170124,14,PM10,崇左,103.0
20170124,14,PM10_24h,崇左,106.0
20170124,14,SO2,崇左,12.0
20170124,14,SO2_24h,崇左,10.0
20170124,14,NO2,崇左,21.0
20170124,14,NO2_24h,崇左,31.0
20170124,14,O3,崇左,130.0
20170124,14,O3_24h,崇左,142.0
20170124,14,O3_8h,崇左,57.0
20170124,14,O3_8h_24h,崇左,57.0
20170124,14,CO,崇左,1.25
20170124,14,CO_24h,崇左,1.35
20170124,15,AQI,崇左,90.0
20170124,15,PM2.5,崇左,67.0
20170124,15,PM2.5_24h,崇左,79.0
20170124,15,PM10,崇左,87.0
20170124,15,PM10_24h,崇左,106.0
20170124,15,SO2,崇左,12.0
20170124,15,SO2_24h,崇左,10.0
20170124,15,NO2,崇左,20.0
20170124,15,NO2_24h,崇左,31.0
20170124,15,O3,崇左,138.0
20170124,15,O3_24h,崇左,143.0
20170124,15,O3_8h,崇左,73.0
20170124,15,O3_8h_24h,崇左,73.0
20170124,15,CO,崇左,1.2
20170124,15,CO_24h,崇左,1.35
20170124,16,AQI,崇左,83.0
20170124,16,PM2.5,崇左,61.0
20170124,16,PM2.5_24h,崇左,79.0
20170124,16,PM10,崇左,79.0
20170124,16,PM10_24h,崇左,106.0
20170124,16,SO2,崇左,12.0
20170124,16,SO2_24h,崇左,10.0
20170124,16,NO2,崇左,19.0
20170124,16,NO2_24h,崇左,31.0
20170124,16,O3,崇左,144.0
20170124,16,O3_24h,崇左,144.0
20170124,16,O3_8h,崇左,89.0
20170124,16,O3_8h_24h,崇左,89.0
20170124,16,CO,崇左,1.15
20170124,16,CO_24h,崇左,1.35
20170124,17,AQI,崇左,75.0
20170124,17,PM2.5,崇左,55.0
20170124,17,PM2.5_24h,崇左,79.0
20170124,17,PM10,崇左,75.0
20170124,17,PM10_24h,崇左,106.0
20170124,17,SO2,崇左,11.0
20170124,17,SO2_24h,崇左,10.0
20170124,17,NO2,崇左,17.0
20170124,17,NO2_24h,崇左,31.0
20170124,17,O3,崇左,145.0
20170124,17,O3_24h,崇左,146.0
20170124,17,O3_8h,崇左,106.0
20170124,17,O3_8h_24h,崇左,106.0
20170124,17,CO,崇左,1.1
20170124,17,CO_24h,崇左,1.35
20170124,18,AQI,崇左,88.0
20170124,18,PM2.5,崇左,65.0
20170124,18,PM2.5_24h,崇左,79.0
20170124,18,PM10,崇左,83.0
20170124,18,PM10_24h,崇左,106.0
20170124,18,SO2,崇左,11.0
20170124,18,SO2_24h,崇左,9.0
20170124,18,NO2,崇左,20.0
20170124,18,NO2_24h,崇左,31.0
20170124,18,O3,崇左,135.0
20170124,18,O3_24h,崇左,146.0
20170124,18,O3_8h,崇左,120.0
20170124,18,O3_8h_24h,崇左,120.0
20170124,18,CO,崇左,1.1
20170124,18,CO_24h,崇左,1.35
20170124,19,AQI,崇左,85.0
20170124,19,PM2.5,崇左,63.0
20170124,19,PM2.5_24h,崇左,80.0
20170124,19,PM10,崇左,87.0
20170124,19,PM10_24h,崇左,106.0
20170124,19,SO2,崇左,11.0
20170124,19,SO2_24h,崇左,9.0
20170124,19,NO2,崇左,20.0
20170124,19,NO2_24h,崇左,31.0
20170124,19,O3,崇左,130.0
20170124,19,O3_24h,崇左,146.0
20170124,19,O3_8h,崇左,129.0
20170124,19,O3_8h_24h,崇左,129.0
20170124,19,CO,崇左,1.15
20170124,19,CO_24h,崇左,1.35
20170124,20,AQI,崇左,99.0
20170124,20,PM2.5,崇左,74.0
20170124,20,PM2.5_24h,崇左,79.0
20170124,20,PM10,崇左,92.0
20170124,20,PM10_24h,崇左,106.0
20170124,20,SO2,崇左,13.0
20170124,20,SO2_24h,崇左,10.0
20170124,20,NO2,崇左,25.0
20170124,20,NO2_24h,崇左,30.0
20170124,20,O3,崇左,119.0
20170124,20,O3_24h,崇左,146.0
20170124,20,O3_8h,崇左,132.0
20170124,20,O3_8h_24h,崇左,132.0
20170124,20,CO,崇左,1.3
20170124,20,CO_24h,崇左,1.3
20170124,21,AQI,崇左,113.0
20170124,21,PM2.5,崇左,85.0
20170124,21,PM2.5_24h,崇左,79.0
20170124,21,PM10,崇左,101.0
20170124,21,PM10_24h,崇左,104.0
20170124,21,SO2,崇左,13.0
20170124,21,SO2_24h,崇左,10.0
20170124,21,NO2,崇左,32.0
20170124,21,NO2_24h,崇左,29.0
20170124,21,O3,崇左,97.0
20170124,21,O3_24h,崇左,146.0
20170124,21,O3_8h,崇左,130.0
20170124,21,O3_8h_24h,崇左,132.0
20170124,21,CO,崇左,1.3
20170124,21,CO_24h,崇左,1.3
20170124,22,AQI,崇左,128.0
20170124,22,PM2.5,崇左,97.0
20170124,22,PM2.5_24h,崇左,79.0
20170124,22,PM10,崇左,130.0
20170124,22,PM10_24h,崇左,102.0
20170124,22,SO2,崇左,14.0
20170124,22,SO2_24h,崇左,10.0
20170124,22,NO2,崇左,34.0
20170124,22,NO2_24h,崇左,28.0
20170124,22,O3,崇左,90.0
20170124,22,O3_24h,崇左,146.0
20170124,22,O3_8h,崇左,125.0
20170124,22,O3_8h_24h,崇左,132.0
20170124,22,CO,崇左,1.3
20170124,22,CO_24h,崇左,1.3
20170124,23,AQI,崇左,125.0
20170124,23,PM2.5,崇左,95.0
20170124,23,PM2.5_24h,崇左,80.0
20170124,23,PM10,崇左,112.0
20170124,23,PM10_24h,崇左,99.0
20170124,23,SO2,崇左,13.0
20170124,23,SO2_24h,崇左,10.0
20170124,23,NO2,崇左,30.0
20170124,23,NO2_24h,崇左,27.0
20170124,23,O3,崇左,94.0
20170124,23,O3_24h,崇左,146.0
20170124,23,O3_8h,崇左,119.0
20170124,23,O3_8h_24h,崇左,132.0
20170124,23,CO,崇左,1.25
20170124,23,CO_24h,崇左,1.3
20170124,0,AQI,广元,177.0
20170124,0,PM2.5,广元,134.0
20170124,0,PM2.5_24h,广元,92.0
20170124,0,PM10,广元,222.0
20170124,0,PM10_24h,广元,164.0
20170124,0,SO2,广元,29.0
20170124,0,SO2_24h,广元,29.0
20170124,0,NO2,广元,61.0
20170124,0,NO2_24h,广元,63.0
20170124,0,O3,广元,3.0
20170124,0,O3_24h,广元,20.0
20170124,0,O3_8h,广元,5.0
20170124,0,O3_8h_24h,广元,14.0
20170124,0,CO,广元,2.03
20170124,0,CO_24h,广元,1.7
20170124,1,AQI,广元,170.0
20170124,1,PM2.5,广元,129.0
20170124,1,PM2.5_24h,广元,94.0
20170124,1,PM10,广元,214.0
20170124,1,PM10_24h,广元,167.0
20170124,1,SO2,广元,25.0
20170124,1,SO2_24h,广元,29.0
20170124,1,NO2,广元,60.0
20170124,1,NO2_24h,广元,63.0
20170124,1,O3,广元,2.0
20170124,1,O3_24h,广元,20.0
20170124,1,O3_8h,广元,2.0
20170124,1,O3_8h_24h,广元,2.0
20170124,1,CO,广元,2.0
20170124,1,CO_24h,广元,1.73
20170124,2,AQI,广元,160.0
20170124,2,PM2.5,广元,122.0
20170124,2,PM2.5_24h,广元,97.0
20170124,2,PM10,广元,209.0
20170124,2,PM10_24h,广元,169.0
20170124,2,SO2,广元,29.0
20170124,2,SO2_24h,广元,29.0
20170124,2,NO2,广元,59.0
20170124,2,NO2_24h,广元,63.0
20170124,2,O3,广元,2.0
20170124,2,O3_24h,广元,20.0
20170124,2,O3_8h,广元,2.0
20170124,2,O3_8h_24h,广元,2.0
20170124,2,CO,广元,2.0
20170124,2,CO_24h,广元,1.77
20170124,3,AQI,广元,166.0
20170124,3,PM2.5,广元,126.0
20170124,3,PM2.5_24h,广元,99.0
20170124,3,PM10,广元,204.0
20170124,3,PM10_24h,广元,173.0
20170124,3,SO2,广元,43.0
20170124,3,SO2_24h,广元,30.0
20170124,3,NO2,广元,59.0
20170124,3,NO2_24h,广元,63.0
20170124,3,O3,广元,2.0
20170124,3,O3_24h,广元,20.0
20170124,3,O3_8h,广元,2.0
20170124,3,O3_8h_24h,广元,2.0
20170124,3,CO,广元,2.3
20170124,3,CO_24h,广元,1.8
20170124,4,AQI,广元,181.0
20170124,4,PM2.5,广元,137.0
20170124,4,PM2.5_24h,广元,102.0
20170124,4,PM10,广元,212.0
20170124,4,PM10_24h,广元,177.0
20170124,4,SO2,广元,36.0
20170124,4,SO2_24h,广元,31.0
20170124,4,NO2,广元,57.0
20170124,4,NO2_24h,广元,64.0
20170124,4,O3,广元,2.0
20170124,4,O3_24h,广元,18.0
20170124,4,O3_8h,广元,2.0
20170124,4,O3_8h_24h,广元,2.0
20170124,4,CO,广元,2.23
20170124,4,CO_24h,广元,1.9
20170124,5,AQI,广元,169.0
20170124,5,PM2.5,广元,128.0
20170124,5,PM2.5_24h,广元,104.0
20170124,5,PM10,广元,212.0
20170124,5,PM10_24h,广元,181.0
20170124,5,SO2,广元,36.0
20170124,5,SO2_24h,广元,32.0
20170124,5,NO2,广元,55.0
20170124,5,NO2_24h,广元,64.0
20170124,5,O3,广元,2.0
20170124,5,O3_24h,广元,15.0
20170124,5,O3_8h,广元,2.0
20170124,5,O3_8h_24h,广元,2.0
20170124,5,CO,广元,2.07
20170124,5,CO_24h,广元,1.9
20170124,6,AQI,广元,161.0
20170124,6,PM2.5,广元,123.0
20170124,6,PM2.5_24h,广元,107.0
20170124,6,PM10,广元,204.0
20170124,6,PM10_24h,广元,185.0
20170124,6,SO2,广元,40.0
20170124,6,SO2_24h,广元,33.0
20170124,6,NO2,广元,52.0
20170124,6,NO2_24h,广元,64.0
20170124,6,O3,广元,2.0
20170124,6,O3_24h,广元,15.0
20170124,6,O3_8h,广元,2.0
20170124,6,O3_8h_24h,广元,2.0
20170124,6,CO,广元,2.07
20170124,6,CO_24h,广元,1.93
20170124,7,AQI,广元,153.0
20170124,7,PM2.5,广元,117.0
20170124,7,PM2.5_24h,广元,109.0
20170124,7,PM10,广元,204.0
20170124,7,PM10_24h,广元,189.0
20170124,7,SO2,广元,45.0
20170124,7,SO2_24h,广元,34.0
20170124,7,NO2,广元,51.0
20170124,7,NO2_24h,广元,65.0
20170124,7,O3,广元,2.0
20170124,7,O3_24h,广元,15.0
20170124,7,O3_8h,广元,2.0
20170124,7,O3_8h_24h,广元,2.0
20170124,7,CO,广元,2.23
20170124,7,CO_24h,广元,2.0
20170124,8,AQI,广元,125.0
20170124,8,PM2.5,广元,85.0
20170124,8,PM2.5_24h,广元,110.0
20170124,8,PM10,广元,199.0
20170124,8,PM10_24h,广元,192.0
20170124,8,SO2,广元,44.0
20170124,8,SO2_24h,广元,35.0
20170124,8,NO2,广元,49.0
20170124,8,NO2_24h,广元,65.0
20170124,8,O3,广元,2.0
20170124,8,O3_24h,广元,15.0
20170124,8,O3_8h,广元,2.0
20170124,8,O3_8h_24h,广元,2.0
20170124,8,CO,广元,2.3
20170124,8,CO_24h,广元,2.03
20170124,9,AQI,广元,128.0
20170124,9,PM2.5,广元,97.0
20170124,9,PM2.5_24h,广元,111.0
20170124,9,PM10,广元,195.0
20170124,9,PM10_24h,广元,195.0
20170124,9,SO2,广元,32.0
20170124,9,SO2_24h,广元,36.0
20170124,9,NO2,广元,52.0
20170124,9,NO2_24h,广元,65.0
20170124,9,O3,广元,2.0
20170124,9,O3_24h,广元,15.0
20170124,9,O3_8h,广元,2.0
20170124,9,O3_8h_24h,广元,2.0
20170124,9,CO,广元,2.43
20170124,9,CO_24h,广元,2.03
20170124,10,AQI,广元,141.0
20170124,10,PM2.5,广元,108.0
20170124,10,PM2.5_24h,广元,113.0
20170124,10,PM10,广元,202.0
20170124,10,PM10_24h,广元,198.0
20170124,10,SO2,广元,29.0
20170124,10,SO2_24h,广元,36.0
20170124,10,NO2,广元,57.0
20170124,10,NO2_24h,广元,65.0
20170124,10,O3,广元,3.0
20170124,10,O3_24h,广元,15.0
20170124,10,O3_8h,广元,2.0
20170124,10,O3_8h_24h,广元,2.0
20170124,10,CO,广元,2.27
20170124,10,CO_24h,广元,2.1
20170124,11,AQI,广元,159.0
20170124,11,PM2.5,广元,121.0
20170124,11,PM2.5_24h,广元,116.0
20170124,11,PM10,广元,210.0
20170124,11,PM10_24h,广元,202.0
20170124,11,SO2,广元,31.0
20170124,11,SO2_24h,广元,37.0
20170124,11,NO2,广元,65.0
20170124,11,NO2_24h,广元,66.0
20170124,11,O3,广元,5.0
20170124,11,O3_24h,广元,15.0
20170124,11,O3_8h,广元,3.0
20170124,11,O3_8h_24h,广元,3.0
20170124,11,CO,广元,2.27
20170124,11,CO_24h,广元,2.1
20170124,12,AQI,广元,170.0
20170124,12,PM2.5,广元,129.0
20170124,12,PM2.5_24h,广元,117.0
20170124,12,PM10,广元,218.0
20170124,12,PM10_24h,广元,204.0
20170124,12,SO2,广元,36.0
20170124,12,SO2_24h,广元,37.0
20170124,12,NO2,广元,83.0
20170124,12,NO2_24h,广元,67.0
20170124,12,O3,广元,10.0
20170124,12,O3_24h,广元,15.0
20170124,12,O3_8h,广元,4.0
20170124,12,O3_8h_24h,广元,4.0
20170124,12,CO,广元,2.4
20170124,12,CO_24h,广元,2.13
20170124,13,AQI,广元,180.0
20170124,13,PM2.5,广元,136.0
20170124,13,PM2.5_24h,广元,119.0
20170124,13,PM10,广元,237.0
20170124,13,PM10_24h,广元,208.0
20170124,13,SO2,广元,55.0
20170124,13,SO2_24h,广元,37.0
20170124,13,NO2,广元,84.0
20170124,13,NO2_24h,广元,68.0
20170124,13,O3,广元,16.0
20170124,13,O3_24h,广元,16.0
20170124,13,O3_8h,广元,5.0
20170124,13,O3_8h_24h,广元,5.0
20170124,13,CO,广元,2.3
20170124,13,CO_24h,广元,2.13
20170124,14,AQI,广元,187.0
20170124,14,PM2.5,广元,141.0
20170124,14,PM2.5_24h,广元,121.0
20170124,14,PM10,广元,243.0
20170124,14,PM10_24h,广元,210.0
20170124,14,SO2,广元,47.0
20170124,14,SO2_24h,广元,37.0
20170124,14,NO2,广元,79.0
20170124,14,NO2_24h,广元,68.0
20170124,14,O3,广元,29.0
20170124,14,O3_24h,广元,29.0
20170124,14,O3_8h,广元,9.0
20170124,14,O3_8h_24h,广元,9.0
20170124,14,CO,广元,2.13
20170124,14,CO_24h,广元,2.13
20170124,15,AQI,广元,184.0
20170124,15,PM2.5,广元,139.0
20170124,15,PM2.5_24h,广元,122.0
20170124,15,PM10,广元,243.0
20170124,15,PM10_24h,广元,212.0
20170124,15,SO2,广元,29.0
20170124,15,SO2_24h,广元,37.0
20170124,15,NO2,广元,68.0
20170124,15,NO2_24h,广元,67.0
20170124,15,O3,广元,48.0
20170124,15,O3_24h,广元,48.0
20170124,15,O3_8h,广元,14.0
20170124,15,O3_8h_24h,广元,14.0
20170124,15,CO,广元,1.8
20170124,15,CO_24h,广元,2.17
20170124,16,AQI,广元,164.0
20170124,16,PM2.5,广元,125.0
20170124,16,PM2.5_24h,广元,123.0
20170124,16,PM10,广元,223.0
20170124,16,PM10_24h,广元,213.0
20170124,16,SO2,广元,22.0
20170124,16,SO2_24h,广元,36.0
20170124,16,NO2,广元,47.0
20170124,16,NO2_24h,广元,66.0
20170124,16,O3,广元,67.0
20170124,16,O3_24h,广元,67.0
20170124,16,O3_8h,广元,23.0
20170124,16,O3_8h_24h,广元,23.0
20170124,16,CO,广元,1.5
20170124,16,CO_24h,广元,2.17
20170124,17,AQI,广元,130.0
20170124,17,PM2.5,广元,99.0
20170124,17,PM2.5_24h,广元,123.0
20170124,17,PM10,广元,184.0
20170124,17,PM10_24h,广元,213.0
20170124,17,SO2,广元,23.0
20170124,17,SO2_24h,广元,36.0
20170124,17,NO2,广元,56.0
20170124,17,NO2_24h,广元,65.0
20170124,17,O3,广元,60.0
20170124,17,O3_24h,广元,71.0
20170124,17,O3_8h,广元,30.0
20170124,17,O3_8h_24h,广元,30.0
20170124,17,CO,广元,1.53
20170124,17,CO_24h,广元,2.13
20170124,18,AQI,广元,129.0
20170124,18,PM2.5,广元,98.0
20170124,18,PM2.5_24h,广元,123.0
20170124,18,PM10,广元,173.0
20170124,18,PM10_24h,广元,212.0
20170124,18,SO2,广元,27.0
20170124,18,SO2_24h,广元,35.0
20170124,18,NO2,广元,95.0
20170124,18,NO2_24h,广元,65.0
20170124,18,O3,广元,26.0
20170124,18,O3_24h,广元,71.0
20170124,18,O3_8h,广元,33.0
20170124,18,O3_8h_24h,广元,33.0
20170124,18,CO,广元,1.9
20170124,18,CO_24h,广元,2.13
20170124,19,AQI,广元,143.0
20170124,19,PM2.5,广元,109.0
20170124,19,PM2.5_24h,广元,122.0
20170124,19,PM10,广元,187.0
20170124,19,PM10_24h,广元,212.0
20170124,19,SO2,广元,26.0
20170124,19,SO2_24h,广元,35.0
20170124,19,NO2,广元,101.0
20170124,19,NO2_24h,广元,66.0
20170124,19,O3,广元,14.0
20170124,19,O3_24h,广元,71.0
20170124,19,O3_8h,广元,34.0
20170124,19,O3_8h_24h,广元,34.0
20170124,19,CO,广元,2.23
20170124,19,CO_24h,广元,2.13
20170124,20,AQI,广元,144.0
20170124,20,PM2.5,广元,110.0
20170124,20,PM2.5_24h,广元,122.0
20170124,20,PM10,广元,190.0
20170124,20,PM10_24h,广元,211.0
20170124,20,SO2,广元,24.0
20170124,20,SO2_24h,广元,34.0
20170124,20,NO2,广元,84.0
20170124,20,NO2_24h,广元,66.0
20170124,20,O3,广元,16.0
20170124,20,O3_24h,广元,71.0
20170124,20,O3_8h,广元,34.0
20170124,20,O3_8h_24h,广元,35.0
20170124,20,CO,广元,2.17
20170124,20,CO_24h,广元,2.13
20170124,21,AQI,广元,133.0
20170124,21,PM2.5,广元,101.0
20170124,21,PM2.5_24h,广元,120.0
20170124,21,PM10,广元,193.0
20170124,21,PM10_24h,广元,209.0
20170124,21,SO2,广元,23.0
20170124,21,SO2_24h,广元,33.0
20170124,21,NO2,广元,82.0
20170124,21,NO2_24h,广元,66.0
20170124,21,O3,广元,9.0
20170124,21,O3_24h,广元,71.0
20170124,21,O3_8h,广元,34.0
20170124,21,O3_8h_24h,广元,35.0
20170124,21,CO,广元,2.0
20170124,21,CO_24h,广元,2.1
20170124,22,AQI,广元,136.0
20170124,22,PM2.5,广元,104.0
20170124,22,PM2.5_24h,广元,119.0
20170124,22,PM10,广元,186.0
20170124,22,PM10_24h,广元,208.0
20170124,22,SO2,广元,22.0
20170124,22,SO2_24h,广元,32.0
20170124,22,NO2,广元,75.0
20170124,22,NO2_24h,广元,66.0
20170124,22,O3,广元,10.0
20170124,22,O3_24h,广元,71.0
20170124,22,O3_8h,广元,31.0
20170124,22,O3_8h_24h,广元,35.0
20170124,22,CO,广元,1.83
20170124,22,CO_24h,广元,2.07
20170124,23,AQI,广元,124.0
20170124,23,PM2.5,广元,94.0
20170124,23,PM2.5_24h,广元,117.0
20170124,23,PM10,广元,167.0
20170124,23,PM10_24h,广元,205.0
20170124,23,SO2,广元,22.0
20170124,23,SO2_24h,广元,32.0
20170124,23,NO2,广元,81.0
20170124,23,NO2_24h,广元,67.0
20170124,23,O3,广元,3.0
20170124,23,O3_24h,广元,71.0
20170124,23,O3_8h,广元,26.0
20170124,23,O3_8h_24h,广元,35.0
20170124,23,CO,广元,1.87
20170124,23,CO_24h,广元,2.07
20170124,0,AQI,遂宁,131.0
20170124,0,PM2.5,遂宁,100.0
20170124,0,PM2.5_24h,遂宁,91.0
20170124,0,PM10,遂宁,133.0
20170124,0,PM10_24h,遂宁,140.0
20170124,0,SO2,遂宁,9.0
20170124,0,SO2_24h,遂宁,18.0
20170124,0,NO2,遂宁,28.0
20170124,0,NO2_24h,遂宁,32.0
20170124,0,O3,遂宁,27.0
20170124,0,O3_24h,遂宁,37.0
20170124,0,O3_8h,遂宁,31.0
20170124,0,O3_8h_24h,遂宁,32.0
20170124,0,CO,遂宁,1.03
20170124,0,CO_24h,遂宁,1.2
20170124,1,AQI,遂宁,130.0
20170124,1,PM2.5,遂宁,99.0
20170124,1,PM2.5_24h,遂宁,91.0
20170124,1,PM10,遂宁,131.0
20170124,1,PM10_24h,遂宁,139.0
20170124,1,SO2,遂宁,8.0
20170124,1,SO2_24h,遂宁,18.0
20170124,1,NO2,遂宁,26.0
20170124,1,NO2_24h,遂宁,31.0
20170124,1,O3,遂宁,27.0
20170124,1,O3_24h,遂宁,37.0
20170124,1,O3_8h,遂宁,27.0
20170124,1,O3_8h_24h,遂宁,27.0
20170124,1,CO,遂宁,0.77
20170124,1,CO_24h,遂宁,1.17
20170124,2,AQI,遂宁,130.0
20170124,2,PM2.5,遂宁,99.0
20170124,2,PM2.5_24h,遂宁,91.0
20170124,2,PM10,遂宁,134.0
20170124,2,PM10_24h,遂宁,138.0
20170124,2,SO2,遂宁,12.0
20170124,2,SO2_24h,遂宁,17.0
20170124,2,NO2,遂宁,24.0
20170124,2,NO2_24h,遂宁,30.0
20170124,2,O3,遂宁,25.0
20170124,2,O3_24h,遂宁,37.0
20170124,2,O3_8h,遂宁,26.0
20170124,2,O3_8h_24h,遂宁,28.0
20170124,2,CO,遂宁,1.13
20170124,2,CO_24h,遂宁,1.17
20170124,3,AQI,遂宁,129.0
20170124,3,PM2.5,遂宁,98.0
20170124,3,PM2.5_24h,遂宁,92.0
20170124,3,PM10,遂宁,149.0
20170124,3,PM10_24h,遂宁,138.0
20170124,3,SO2,遂宁,12.0
20170124,3,SO2_24h,遂宁,17.0
20170124,3,NO2,遂宁,20.0
20170124,3,NO2_24h,遂宁,29.0
20170124,3,O3,遂宁,32.0
20170124,3,O3_24h,遂宁,41.0
20170124,3,O3_8h,遂宁,28.0
20170124,3,O3_8h_24h,遂宁,31.0
20170124,3,CO,遂宁,1.03
20170124,3,CO_24h,遂宁,1.17
20170124,4,AQI,遂宁,131.0
20170124,4,PM2.5,遂宁,100.0
20170124,4,PM2.5_24h,遂宁,92.0
20170124,4,PM10,遂宁,139.0
20170124,4,PM10_24h,遂宁,137.0
20170124,4,SO2,遂宁,10.0
20170124,4,SO2_24h,遂宁,16.0
20170124,4,NO2,遂宁,22.0
20170124,4,NO2_24h,遂宁,29.0
20170124,4,O3,遂宁,27.0
20170124,4,O3_24h,遂宁,41.0
20170124,4,O3_8h,遂宁,28.0
20170124,4,O3_8h_24h,遂宁,31.0
20170124,4,CO,遂宁,1.1
20170124,4,CO_24h,遂宁,1.2
20170124,5,AQI,遂宁,131.0
20170124,5,PM2.5,遂宁,100.0
20170124,5,PM2.5_24h,遂宁,93.0
20170124,5,PM10,遂宁,138.0
20170124,5,PM10_24h,遂宁,137.0
20170124,5,SO2,遂宁,18.0
20170124,5,SO2_24h,遂宁,16.0
20170124,5,NO2,遂宁,21.0
20170124,5,NO2_24h,遂宁,29.0
20170124,5,O3,遂宁,29.0
20170124,5,O3_24h,遂宁,41.0
20170124,5,O3_8h,遂宁,28.0
20170124,5,O3_8h_24h,遂宁,31.0
20170124,5,CO,遂宁,1.1
20170124,5,CO_24h,遂宁,1.17
20170124,6,AQI,遂宁,130.0
20170124,6,PM2.5,遂宁,99.0
20170124,6,PM2.5_24h,遂宁,93.0
20170124,6,PM10,遂宁,135.0
20170124,6,PM10_24h,遂宁,137.0
20170124,6,SO2,遂宁,27.0
20170124,6,SO2_24h,遂宁,16.0
20170124,6,NO2,遂宁,20.0
20170124,6,NO2_24h,遂宁,29.0
20170124,6,O3,遂宁,30.0
20170124,6,O3_24h,遂宁,41.0
20170124,6,O3_8h,遂宁,28.0
20170124,6,O3_8h_24h,遂宁,31.0
20170124,6,CO,遂宁,1.17
20170124,6,CO_24h,遂宁,1.17
20170124,7,AQI,遂宁,124.0
20170124,7,PM2.5,遂宁,94.0
20170124,7,PM2.5_24h,遂宁,94.0
20170124,7,PM10,遂宁,145.0
20170124,7,PM10_24h,遂宁,138.0
20170124,7,SO2,遂宁,16.0
20170124,7,SO2_24h,遂宁,16.0
20170124,7,NO2,遂宁,19.0
20170124,7,NO2_24h,遂宁,28.0
20170124,7,O3,遂宁,27.0
20170124,7,O3_24h,遂宁,41.0
20170124,7,O3_8h,遂宁,28.0
20170124,7,O3_8h_24h,遂宁,31.0
20170124,7,CO,遂宁,1.23
20170124,7,CO_24h,遂宁,1.17
20170124,8,AQI,遂宁,126.0
20170124,8,PM2.5,遂宁,96.0
20170124,8,PM2.5_24h,遂宁,94.0
20170124,8,PM10,遂宁,142.0
20170124,8,PM10_24h,遂宁,138.0
20170124,8,SO2,遂宁,12.0
20170124,8,SO2_24h,遂宁,16.0
20170124,8,NO2,遂宁,25.0
20170124,8,NO2_24h,遂宁,28.0
20170124,8,O3,遂宁,22.0
20170124,8,O3_24h,遂宁,41.0
20170124,8,O3_8h,遂宁,27.0
20170124,8,O3_8h_24h,遂宁,31.0
20170124,8,CO,遂宁,1.2
20170124,8,CO_24h,遂宁,1.17
20170124,9,AQI,遂宁,123.0
20170124,9,PM2.5,遂宁,93.0
20170124,9,PM2.5_24h,遂宁,94.0
20170124,9,PM10,遂宁,129.0
20170124,9,PM10_24h,遂宁,138.0
20170124,9,SO2,遂宁,14.0
20170124,9,SO2_24h,遂宁,16.0
20170124,9,NO2,遂宁,52.0
20170124,9,NO2_24h,遂宁,29.0
20170124,9,O3,遂宁,17.0
20170124,9,O3_24h,遂宁,41.0
20170124,9,O3_8h,遂宁,26.0
20170124,9,O3_8h_24h,遂宁,31.0
20170124,9,CO,遂宁,1.27
20170124,9,CO_24h,遂宁,1.17
20170124,10,AQI,遂宁,126.0
20170124,10,PM2.5,遂宁,96.0
20170124,10,PM2.5_24h,遂宁,95.0
20170124,10,PM10,遂宁,126.0
20170124,10,PM10_24h,遂宁,137.0
20170124,10,SO2,遂宁,19.0
20170124,10,SO2_24h,遂宁,16.0
20170124,10,NO2,遂宁,30.0
20170124,10,NO2_24h,遂宁,29.0
20170124,10,O3,遂宁,18.0
20170124,10,O3_24h,遂宁,41.0
20170124,10,O3_8h,遂宁,25.0
20170124,10,O3_8h_24h,遂宁,31.0
20170124,10,CO,遂宁,1.5
20170124,10,CO_24h,遂宁,1.17
20170124,11,AQI,遂宁,126.0
20170124,11,PM2.5,遂宁,96.0
20170124,11,PM2.5_24h,遂宁,95.0
20170124,11,PM10,遂宁,129.0
20170124,11,PM10_24h,遂宁,137.0
20170124,11,SO2,遂宁,16.0
20170124,11,SO2_24h,遂宁,16.0
20170124,11,NO2,遂宁,29.0
20170124,11,NO2_24h,遂宁,29.0
20170124,11,O3,遂宁,30.0
20170124,11,O3_24h,遂宁,42.0
20170124,11,O3_8h,遂宁,25.0
20170124,11,O3_8h_24h,遂宁,31.0
20170124,11,CO,遂宁,1.3
20170124,11,CO_24h,遂宁,1.17
20170124,12,AQI,遂宁,131.0
20170124,12,PM2.5,遂宁,100.0
20170124,12,PM2.5_24h,遂宁,95.0
20170124,12,PM10,遂宁,138.0
20170124,12,PM10_24h,遂宁,137.0
20170124,12,SO2,遂宁,20.0
20170124,12,SO2_24h,遂宁,16.0
20170124,12,NO2,遂宁,30.0
20170124,12,NO2_24h,遂宁,29.0
20170124,12,O3,遂宁,34.0
20170124,12,O3_24h,遂宁,46.0
20170124,12,O3_8h,遂宁,26.0
20170124,12,O3_8h_24h,遂宁,31.0
20170124,12,CO,遂宁,1.63
20170124,12,CO_24h,遂宁,1.17
20170124,13,AQI,遂宁,136.0
20170124,13,PM2.5,遂宁,104.0
20170124,13,PM2.5_24h,遂宁,96.0
20170124,13,PM10,遂宁,132.0
20170124,13,PM10_24h,遂宁,136.0
20170124,13,SO2,遂宁,15.0
20170124,13,SO2_24h,遂宁,15.0
20170124,13,NO2,遂宁,26.0
20170124,13,NO2_24h,遂宁,28.0
20170124,13,O3,遂宁,29.0
20170124,13,O3_24h,遂宁,46.0
20170124,13,O3_8h,遂宁,26.0
20170124,13,O3_8h_24h,遂宁,31.0
20170124,13,CO,遂宁,1.37
20170124,13,CO_24h,遂宁,1.2
20170124,14,AQI,遂宁,135.0
20170124,14,PM2.5,遂宁,103.0
20170124,14,PM2.5_24h,遂宁,96.0
20170124,14,PM10,遂宁,140.0
20170124,14,PM10_24h,遂宁,136.0
20170124,14,SO2,遂宁,17.0
20170124,14,SO2_24h,遂宁,15.0
20170124,14,NO2,遂宁,29.0
20170124,14,NO2_24h,遂宁,28.0
20170124,14,O3,遂宁,33.0
20170124,14,O3_24h,遂宁,46.0
20170124,14,O3_8h,遂宁,26.0
20170124,14,O3_8h_24h,遂宁,31.0
20170124,14,CO,遂宁,1.37
20170124,14,CO_24h,遂宁,1.2
20170124,15,AQI,遂宁,133.0
20170124,15,PM2.5,遂宁,101.0
20170124,15,PM2.5_24h,遂宁,97.0
20170124,15,PM10,遂宁,135.0
20170124,15,PM10_24h,遂宁,135.0
20170124,15,SO2,遂宁,19.0
20170124,15,SO2_24h,遂宁,15.0
20170124,15,NO2,遂宁,28.0
20170124,15,NO2_24h,遂宁,28.0
20170124,15,O3,遂宁,44.0
20170124,15,O3_24h,遂宁,50.0
20170124,15,O3_8h,遂宁,28.0
20170124,15,O3_8h_24h,遂宁,31.0
20170124,15,CO,遂宁,1.27
20170124,15,CO_24h,遂宁,1.2
20170124,16,AQI,遂宁,133.0
20170124,16,PM2.5,遂宁,101.0
20170124,16,PM2.5_24h,遂宁,97.0
20170124,16,PM10,遂宁,133.0
20170124,16,PM10_24h,遂宁,135.0
20170124,16,SO2,遂宁,24.0
20170124,16,SO2_24h,遂宁,15.0
20170124,16,NO2,遂宁,19.0
20170124,16,NO2_24h,遂宁,27.0
20170124,16,O3,遂宁,65.0
20170124,16,O3_24h,遂宁,65.0
20170124,16,O3_8h,遂宁,34.0
20170124,16,O3_8h_24h,遂宁,34.0
20170124,16,CO,遂宁,1.47
20170124,16,CO_24h,遂宁,1.2
20170124,17,AQI,遂宁,131.0
20170124,17,PM2.5,遂宁,100.0
20170124,17,PM2.5_24h,遂宁,97.0
20170124,17,PM10,遂宁,126.0
20170124,17,PM10_24h,遂宁,135.0
20170124,17,SO2,遂宁,11.0
20170124,17,SO2_24h,遂宁,15.0
20170124,17,NO2,遂宁,19.0
20170124,17,NO2_24h,遂宁,27.0
20170124,17,O3,遂宁,65.0
20170124,17,O3_24h,遂宁,76.0
20170124,17,O3_8h,遂宁,40.0
20170124,17,O3_8h_24h,遂宁,40.0
20170124,17,CO,遂宁,0.93
20170124,17,CO_24h,遂宁,1.2
20170124,18,AQI,遂宁,130.0
20170124,18,PM2.5,遂宁,99.0
20170124,18,PM2.5_24h,遂宁,98.0
20170124,18,PM10,遂宁,122.0
20170124,18,PM10_24h,遂宁,134.0
20170124,18,SO2,遂宁,12.0
20170124,18,SO2_24h,遂宁,14.0
20170124,18,NO2,遂宁,37.0
20170124,18,NO2_24h,遂宁,27.0
20170124,18,O3,遂宁,57.0
20170124,18,O3_24h,遂宁,79.0
20170124,18,O3_8h,遂宁,45.0
20170124,18,O3_8h_24h,遂宁,45.0
20170124,18,CO,遂宁,1.23
20170124,18,CO_24h,遂宁,1.17
20170124,19,AQI,遂宁,126.0
20170124,19,PM2.5,遂宁,96.0
20170124,19,PM2.5_24h,遂宁,98.0
20170124,19,PM10,遂宁,121.0
20170124,19,PM10_24h,遂宁,134.0
20170124,19,SO2,遂宁,13.0
20170124,19,SO2_24h,遂宁,14.0
20170124,19,NO2,遂宁,43.0
20170124,19,NO2_24h,遂宁,27.0
20170124,19,O3,遂宁,45.0
20170124,19,O3_24h,遂宁,79.0
20170124,19,O3_8h,遂宁,47.0
20170124,19,O3_8h_24h,遂宁,47.0
20170124,19,CO,遂宁,1.3
20170124,19,CO_24h,遂宁,1.2
20170124,20,AQI,遂宁,129.0
20170124,20,PM2.5,遂宁,98.0
20170124,20,PM2.5_24h,遂宁,98.0
20170124,20,PM10,遂宁,129.0
20170124,20,PM10_24h,遂宁,134.0
20170124,20,SO2,遂宁,13.0
20170124,20,SO2_24h,遂宁,14.0
20170124,20,NO2,遂宁,34.0
20170124,20,NO2_24h,遂宁,28.0
20170124,20,O3,遂宁,48.0
20170124,20,O3_24h,遂宁,79.0
20170124,20,O3_8h,遂宁,48.0
20170124,20,O3_8h_24h,遂宁,48.0
20170124,20,CO,遂宁,1.27
20170124,20,CO_24h,遂宁,1.2
20170124,21,AQI,遂宁,133.0
20170124,21,PM2.5,遂宁,101.0
20170124,21,PM2.5_24h,遂宁,99.0
20170124,21,PM10,遂宁,135.0
20170124,21,PM10_24h,遂宁,134.0
20170124,21,SO2,遂宁,12.0
20170124,21,SO2_24h,遂宁,14.0
20170124,21,NO2,遂宁,35.0
20170124,21,NO2_24h,遂宁,28.0
20170124,21,O3,遂宁,42.0
20170124,21,O3_24h,遂宁,79.0
20170124,21,O3_8h,遂宁,50.0
20170124,21,O3_8h_24h,遂宁,50.0
20170124,21,CO,遂宁,1.67
20170124,21,CO_24h,遂宁,1.23
20170124,22,AQI,遂宁,144.0
20170124,22,PM2.5,遂宁,110.0
20170124,22,PM2.5_24h,遂宁,99.0
20170124,22,PM10,遂宁,156.0
20170124,22,PM10_24h,遂宁,134.0
20170124,22,SO2,遂宁,11.0
20170124,22,SO2_24h,遂宁,14.0
20170124,22,NO2,遂宁,39.0
20170124,22,NO2_24h,遂宁,28.0
20170124,22,O3,遂宁,28.0
20170124,22,O3_24h,遂宁,79.0
20170124,22,O3_8h,遂宁,50.0
20170124,22,O3_8h_24h,遂宁,50.0
20170124,22,CO,遂宁,1.6
20170124,22,CO_24h,遂宁,1.23
20170124,23,AQI,遂宁,150.0
20170124,23,PM2.5,遂宁,115.0
20170124,23,PM2.5_24h,遂宁,100.0
20170124,23,PM10,遂宁,155.0
20170124,23,PM10_24h,遂宁,135.0
20170124,23,SO2,遂宁,9.0
20170124,23,SO2_24h,遂宁,15.0
20170124,23,NO2,遂宁,43.0
20170124,23,NO2_24h,遂宁,29.0
20170124,23,O3,遂宁,20.0
20170124,23,O3_24h,遂宁,79.0
20170124,23,O3_8h,遂宁,47.0
20170124,23,O3_8h_24h,遂宁,50.0
20170124,23,CO,遂宁,1.63
20170124,23,CO_24h,遂宁,1.27
20170124,0,AQI,内江,180.0
20170124,0,PM2.5,内江,136.0
20170124,0,PM2.5_24h,内江,163.0
20170124,0,PM10,内江,180.0
20170124,0,PM10_24h,内江,207.0
20170124,0,SO2,内江,24.0
20170124,0,SO2_24h,内江,26.0
20170124,0,NO2,内江,34.0
20170124,0,NO2_24h,内江,41.0
20170124,0,O3,内江,31.0
20170124,0,O3_24h,内江,46.0
20170124,0,O3_8h,内江,35.0
20170124,0,O3_8h_24h,内江,35.0
20170124,0,CO,内江,1.07
20170124,0,CO_24h,内江,1.3
20170124,1,AQI,内江,170.0
20170124,1,PM2.5,内江,129.0
20170124,1,PM2.5_24h,内江,162.0
20170124,1,PM10,内江,157.0
20170124,1,PM10_24h,内江,207.0
20170124,1,SO2,内江,21.0
20170124,1,SO2_24h,内江,26.0
20170124,1,NO2,内江,29.0
20170124,1,NO2_24h,内江,39.0
20170124,1,O3,内江,35.0
20170124,1,O3_24h,内江,44.0
20170124,1,O3_8h,内江,35.0
20170124,1,O3_8h_24h,内江,35.0
20170124,1,CO,内江,1.05
20170124,1,CO_24h,内江,1.25
20170124,2,AQI,内江,177.0
20170124,2,PM2.5,内江,134.0
20170124,2,PM2.5_24h,内江,163.0
20170124,2,PM10,内江,168.0
20170124,2,PM10_24h,内江,206.0
20170124,2,SO2,内江,19.0
20170124,2,SO2_24h,内江,26.0
20170124,2,NO2,内江,25.0
20170124,2,NO2_24h,内江,38.0
20170124,2,O3,内江,35.0
20170124,2,O3_24h,内江,44.0
20170124,2,O3_8h,内江,35.0
20170124,2,O3_8h_24h,内江,36.0
20170124,2,CO,内江,1.03
20170124,2,CO_24h,内江,1.25
20170124,3,AQI,内江,171.0
20170124,3,PM2.5,内江,130.0
20170124,3,PM2.5_24h,内江,163.0
20170124,3,PM10,内江,172.0
20170124,3,PM10_24h,内江,208.0
20170124,3,SO2,内江,24.0
20170124,3,SO2_24h,内江,25.0
20170124,3,NO2,内江,24.0
20170124,3,NO2_24h,内江,37.0
20170124,3,O3,内江,33.0
20170124,3,O3_24h,内江,44.0
20170124,3,O3_8h,内江,35.0
20170124,3,O3_8h_24h,内江,36.0
20170124,3,CO,内江,0.97
20170124,3,CO_24h,内江,1.25
20170124,4,AQI,内江,161.0
20170124,4,PM2.5,内江,123.0
20170124,4,PM2.5_24h,内江,163.0
20170124,4,PM10,内江,147.0
20170124,4,PM10_24h,内江,206.0
20170124,4,SO2,内江,22.0
20170124,4,SO2_24h,内江,25.0
20170124,4,NO2,内江,21.0
20170124,4,NO2_24h,内江,36.0
20170124,4,O3,内江,39.0
20170124,4,O3_24h,内江,44.0
20170124,4,O3_8h,内江,36.0
20170124,4,O3_8h_24h,内江,36.0
20170124,4,CO,内江,0.93
20170124,4,CO_24h,内江,1.25
20170124,5,AQI,内江,161.0
20170124,5,PM2.5,内江,123.0
20170124,5,PM2.5_24h,内江,162.0
20170124,5,PM10,内江,151.0
20170124,5,PM10_24h,内江,205.0
20170124,5,SO2,内江,28.0
20170124,5,SO2_24h,内江,25.0
20170124,5,NO2,内江,21.0
20170124,5,NO2_24h,内江,35.0
20170124,5,O3,内江,41.0
20170124,5,O3_24h,内江,44.0
20170124,5,O3_8h,内江,37.0
20170124,5,O3_8h_24h,内江,37.0
20170124,5,CO,内江,0.93
20170124,5,CO_24h,内江,1.25
20170124,6,AQI,内江,166.0
20170124,6,PM2.5,内江,126.0
20170124,6,PM2.5_24h,内江,161.0
20170124,6,PM10,内江,160.0
20170124,6,PM10_24h,内江,204.0
20170124,6,SO2,内江,41.0
20170124,6,SO2_24h,内江,26.0
20170124,6,NO2,内江,25.0
20170124,6,NO2_24h,内江,35.0
20170124,6,O3,内江,35.0
20170124,6,O3_24h,内江,44.0
20170124,6,O3_8h,内江,36.0
20170124,6,O3_8h_24h,内江,37.0
20170124,6,CO,内江,0.98
20170124,6,CO_24h,内江,1.25
20170124,7,AQI,内江,159.0
20170124,7,PM2.5,内江,121.0
20170124,7,PM2.5_24h,内江,159.0
20170124,7,PM10,内江,164.0
20170124,7,PM10_24h,内江,204.0
20170124,7,SO2,内江,35.0
20170124,7,SO2_24h,内江,26.0
20170124,7,NO2,内江,27.0
20170124,7,NO2_24h,内江,34.0
20170124,7,O3,内江,31.0
20170124,7,O3_24h,内江,44.0
20170124,7,O3_8h,内江,36.0
20170124,7,O3_8h_24h,内江,37.0
20170124,7,CO,内江,1.02
20170124,7,CO_24h,内江,1.23
20170124,8,AQI,内江,163.0
20170124,8,PM2.5,内江,124.0
20170124,8,PM2.5_24h,内江,157.0
20170124,8,PM10,内江,168.0
20170124,8,PM10_24h,内江,202.0
20170124,8,SO2,内江,36.0
20170124,8,SO2_24h,内江,27.0
20170124,8,NO2,内江,37.0
20170124,8,NO2_24h,内江,34.0
20170124,8,O3,内江,22.0
20170124,8,O3_24h,内江,44.0
20170124,8,O3_8h,内江,34.0
20170124,8,O3_8h_24h,内江,37.0
20170124,8,CO,内江,1.15
20170124,8,CO_24h,内江,1.23
20170124,9,AQI,内江,176.0
20170124,9,PM2.5,内江,133.0
20170124,9,PM2.5_24h,内江,154.0
20170124,9,PM10,内江,164.0
20170124,9,PM10_24h,内江,199.0
20170124,9,SO2,内江,31.0
20170124,9,SO2_24h,内江,27.0
20170124,9,NO2,内江,39.0
20170124,9,NO2_24h,内江,34.0
20170124,9,O3,内江,22.0
20170124,9,O3_24h,内江,44.0
20170124,9,O3_8h,内江,33.0
20170124,9,O3_8h_24h,内江,37.0
20170124,9,CO,内江,1.18
20170124,9,CO_24h,内江,1.2
20170124,10,AQI,内江,167.0
20170124,10,PM2.5,内江,127.0
20170124,10,PM2.5_24h,内江,152.0
20170124,10,PM10,内江,160.0
20170124,10,PM10_24h,内江,195.0
20170124,10,SO2,内江,24.0
20170124,10,SO2_24h,内江,27.0
20170124,10,NO2,内江,41.0
20170124,10,NO2_24h,内江,34.0
20170124,10,O3,内江,21.0
20170124,10,O3_24h,内江,44.0
20170124,10,O3_8h,内江,31.0
20170124,10,O3_8h_24h,内江,37.0
20170124,10,CO,内江,1.2
20170124,10,CO_24h,内江,1.17
20170124,11,AQI,内江,187.0
20170124,11,PM2.5,内江,141.0
20170124,11,PM2.5_24h,内江,149.0
20170124,11,PM10,内江,181.0
20170124,11,PM10_24h,内江,191.0
20170124,11,SO2,内江,29.0
20170124,11,SO2_24h,内江,27.0
20170124,11,NO2,内江,46.0
20170124,11,NO2_24h,内江,35.0
20170124,11,O3,内江,16.0
20170124,11,O3_24h,内江,44.0
20170124,11,O3_8h,内江,29.0
20170124,11,O3_8h_24h,内江,37.0
20170124,11,CO,内江,1.25
20170124,11,CO_24h,内江,1.17
20170124,12,AQI,内江,164.0
20170124,12,PM2.5,内江,125.0
20170124,12,PM2.5_24h,内江,146.0
20170124,12,PM10,内江,161.0
20170124,12,PM10_24h,内江,187.0
20170124,12,SO2,内江,37.0
20170124,12,SO2_24h,内江,28.0
20170124,12,NO2,内江,48.0
20170124,12,NO2_24h,内江,34.0
20170124,12,O3,内江,20.0
20170124,12,O3_24h,内江,44.0
20170124,12,O3_8h,内江,26.0
20170124,12,O3_8h_24h,内江,37.0
20170124,12,CO,内江,1.32
20170124,12,CO_24h,内江,1.15
20170124,13,AQI,内江,181.0
20170124,13,PM2.5,内江,137.0
20170124,13,PM2.5_24h,内江,143.0
20170124,13,PM10,内江,175.0
20170124,13,PM10_24h,内江,183.0
20170124,13,SO2,内江,41.0
20170124,13,SO2_24h,内江,28.0
20170124,13,NO2,内江,56.0
20170124,13,NO2_24h,内江,35.0
20170124,13,O3,内江,20.0
20170124,13,O3_24h,内江,44.0
20170124,13,O3_8h,内江,23.0
20170124,13,O3_8h_24h,内江,37.0
20170124,13,CO,内江,1.45
20170124,13,CO_24h,内江,1.15
20170124,14,AQI,内江,160.0
20170124,14,PM2.5,内江,122.0
20170124,14,PM2.5_24h,内江,140.0
20170124,14,PM10,内江,168.0
20170124,14,PM10_24h,内江,179.0
20170124,14,SO2,内江,31.0
20170124,14,SO2_24h,内江,28.0
20170124,14,NO2,内江,41.0
20170124,14,NO2_24h,内江,35.0
20170124,14,O3,内江,46.0
20170124,14,O3_24h,内江,48.0
20170124,14,O3_8h,内江,25.0
20170124,14,O3_8h_24h,内江,37.0
20170124,14,CO,内江,1.22
20170124,14,CO_24h,内江,1.15
20170124,15,AQI,内江,150.0
20170124,15,PM2.5,内江,115.0
20170124,15,PM2.5_24h,内江,136.0
20170124,15,PM10,内江,153.0
20170124,15,PM10_24h,内江,176.0
20170124,15,SO2,内江,25.0
20170124,15,SO2_24h,内江,28.0
20170124,15,NO2,内江,34.0
20170124,15,NO2_24h,内江,35.0
20170124,15,O3,内江,66.0
20170124,15,O3_24h,内江,66.0
20170124,15,O3_8h,内江,29.0
20170124,15,O3_8h_24h,内江,37.0
20170124,15,CO,内江,1.08
20170124,15,CO_24h,内江,1.15
20170124,16,AQI,内江,136.0
20170124,16,PM2.5,内江,104.0
20170124,16,PM2.5_24h,内江,134.0
20170124,16,PM10,内江,146.0
20170124,16,PM10_24h,内江,171.0
20170124,16,SO2,内江,20.0
20170124,16,SO2_24h,内江,28.0
20170124,16,NO2,内江,26.0
20170124,16,NO2_24h,内江,34.0
20170124,16,O3,内江,75.0
20170124,16,O3_24h,内江,75.0
20170124,16,O3_8h,内江,35.0
20170124,16,O3_8h_24h,内江,38.0
20170124,16,CO,内江,0.98
20170124,16,CO_24h,内江,1.15
20170124,17,AQI,内江,145.0
20170124,17,PM2.5,内江,111.0
20170124,17,PM2.5_24h,内江,130.0
20170124,17,PM10,内江,141.0
20170124,17,PM10_24h,内江,168.0
20170124,17,SO2,内江,16.0
20170124,17,SO2_24h,内江,27.0
20170124,17,NO2,内江,24.0
20170124,17,NO2_24h,内江,34.0
20170124,17,O3,内江,75.0
20170124,17,O3_24h,内江,77.0
20170124,17,O3_8h,内江,42.0
20170124,17,O3_8h_24h,内江,42.0
20170124,17,CO,内江,0.95
20170124,17,CO_24h,内江,1.13
20170124,18,AQI,内江,154.0
20170124,18,PM2.5,内江,118.0
20170124,18,PM2.5_24h,内江,129.0
20170124,18,PM10,内江,141.0
20170124,18,PM10_24h,内江,165.0
20170124,18,SO2,内江,14.0
20170124,18,SO2_24h,内江,27.0
20170124,18,NO2,内江,26.0
20170124,18,NO2_24h,内江,34.0
20170124,18,O3,内江,73.0
20170124,18,O3_24h,内江,77.0
20170124,18,O3_8h,内江,49.0
20170124,18,O3_8h_24h,内江,49.0
20170124,18,CO,内江,0.95
20170124,18,CO_24h,内江,1.07
20170124,19,AQI,内江,164.0
20170124,19,PM2.5,内江,125.0
20170124,19,PM2.5_24h,内江,128.0
20170124,19,PM10,内江,157.0
20170124,19,PM10_24h,内江,164.0
20170124,19,SO2,内江,16.0
20170124,19,SO2_24h,内江,26.0
20170124,19,NO2,内江,41.0
20170124,19,NO2_24h,内江,34.0
20170124,19,O3,内江,52.0
20170124,19,O3_24h,内江,77.0
20170124,19,O3_8h,内江,54.0
20170124,19,O3_8h_24h,内江,54.0
20170124,19,CO,内江,1.13
20170124,19,CO_24h,内江,1.07
20170124,20,AQI,内江,186.0
20170124,20,PM2.5,内江,140.0
20170124,20,PM2.5_24h,内江,128.0
20170124,20,PM10,内江,180.0
20170124,20,PM10_24h,内江,165.0
20170124,20,SO2,内江,20.0
20170124,20,SO2_24h,内江,26.0
20170124,20,NO2,内江,68.0
20170124,20,NO2_24h,内江,35.0
20170124,20,O3,内江,22.0
20170124,20,O3_24h,内江,77.0
20170124,20,O3_8h,内江,54.0
20170124,20,O3_8h_24h,内江,54.0
20170124,20,CO,内江,1.5
20170124,20,CO_24h,内江,1.13
20170124,21,AQI,内江,232.0
20170124,21,PM2.5,内江,182.0
20170124,21,PM2.5_24h,内江,129.0
20170124,21,PM10,内江,238.0
20170124,21,PM10_24h,内江,167.0
20170124,21,SO2,内江,30.0
20170124,21,SO2_24h,内江,26.0
20170124,21,NO2,内江,76.0
20170124,21,NO2_24h,内江,37.0
20170124,21,O3,内江,9.0
20170124,21,O3_24h,内江,77.0
20170124,21,O3_8h,内江,52.0
20170124,21,O3_8h_24h,内江,54.0
20170124,21,CO,内江,2.33
20170124,21,CO_24h,内江,1.17
20170124,22,AQI,内江,227.0
20170124,22,PM2.5,内江,177.0
20170124,22,PM2.5_24h,内江,130.0
20170124,22,PM10,内江,242.0
20170124,22,PM10_24h,内江,169.0
20170124,22,SO2,内江,28.0
20170124,22,SO2_24h,内江,26.0
20170124,22,NO2,内江,72.0
20170124,22,NO2_24h,内江,38.0
20170124,22,O3,内江,7.0
20170124,22,O3_24h,内江,77.0
20170124,22,O3_8h,内江,48.0
20170124,22,O3_8h_24h,内江,54.0
20170124,22,CO,内江,2.63
20170124,22,CO_24h,内江,1.23
20170124,23,AQI,内江,221.0
20170124,23,PM2.5,内江,171.0
20170124,23,PM2.5_24h,内江,131.0
20170124,23,PM10,内江,221.0
20170124,23,PM10_24h,内江,171.0
20170124,23,SO2,内江,22.0
20170124,23,SO2_24h,内江,27.0
20170124,23,NO2,内江,63.0
20170124,23,NO2_24h,内江,39.0
20170124,23,O3,内江,6.0
20170124,23,O3_24h,内江,77.0
20170124,23,O3_8h,内江,40.0
20170124,23,O3_8h_24h,内江,54.0
20170124,23,CO,内江,2.2
20170124,23,CO_24h,内江,1.25
20170124,0,AQI,乐山,177.0
20170124,0,PM2.5,乐山,134.0
20170124,0,PM2.5_24h,乐山,172.0
20170124,0,PM10,乐山,162.0
20170124,0,PM10_24h,乐山,216.0
20170124,0,SO2,乐山,13.0
20170124,0,SO2_24h,乐山,19.0
20170124,0,NO2,乐山,31.0
20170124,0,NO2_24h,乐山,36.0
20170124,0,O3,乐山,46.0
20170124,0,O3_24h,乐山,88.0
20170124,0,O3_8h,乐山,56.0
20170124,0,O3_8h_24h,乐山,67.0
20170124,0,CO,乐山,1.23
20170124,0,CO_24h,乐山,1.73
20170124,1,AQI,乐山,174.0
20170124,1,PM2.5,乐山,132.0
20170124,1,PM2.5_24h,乐山,170.0
20170124,1,PM10,乐山,158.0
20170124,1,PM10_24h,乐山,213.0
20170124,1,SO2,乐山,12.0
20170124,1,SO2_24h,乐山,19.0
20170124,1,NO2,乐山,32.0
20170124,1,NO2_24h,乐山,36.0
20170124,1,O3,乐山,40.0
20170124,1,O3_24h,乐山,88.0
20170124,1,O3_8h,乐山,40.0
20170124,1,O3_8h_24h,乐山,40.0
20170124,1,CO,乐山,1.23
20170124,1,CO_24h,乐山,1.67
20170124,2,AQI,乐山,171.0
20170124,2,PM2.5,乐山,130.0
20170124,2,PM2.5_24h,乐山,168.0
20170124,2,PM10,乐山,155.0
20170124,2,PM10_24h,乐山,210.0
20170124,2,SO2,乐山,13.0
20170124,2,SO2_24h,乐山,19.0
20170124,2,NO2,乐山,41.0
20170124,2,NO2_24h,乐山,35.0
20170124,2,O3,乐山,24.0
20170124,2,O3_24h,乐山,88.0
20170124,2,O3_8h,乐山,32.0
20170124,2,O3_8h_24h,乐山,40.0
20170124,2,CO,乐山,1.3
20170124,2,CO_24h,乐山,1.63
20170124,3,AQI,乐山,169.0
20170124,3,PM2.5,乐山,128.0
20170124,3,PM2.5_24h,乐山,166.0
20170124,3,PM10,乐山,154.0
20170124,3,PM10_24h,乐山,206.0
20170124,3,SO2,乐山,13.0
20170124,3,SO2_24h,乐山,19.0
20170124,3,NO2,乐山,35.0
20170124,3,NO2_24h,乐山,35.0
20170124,3,O3,乐山,29.0
20170124,3,O3_24h,乐山,88.0
20170124,3,O3_8h,乐山,31.0
20170124,3,O3_8h_24h,乐山,40.0
20170124,3,CO,乐山,1.23
20170124,3,CO_24h,乐山,1.63
20170124,4,AQI,乐山,169.0
20170124,4,PM2.5,乐山,128.0
20170124,4,PM2.5_24h,乐山,164.0
20170124,4,PM10,乐山,154.0
20170124,4,PM10_24h,乐山,203.0
20170124,4,SO2,乐山,11.0
20170124,4,SO2_24h,乐山,19.0
20170124,4,NO2,乐山,38.0
20170124,4,NO2_24h,乐山,35.0
20170124,4,O3,乐山,17.0
20170124,4,O3_24h,乐山,88.0
20170124,4,O3_8h,乐山,28.0
20170124,4,O3_8h_24h,乐山,40.0
20170124,4,CO,乐山,1.33
20170124,4,CO_24h,乐山,1.6
20170124,5,AQI,乐山,170.0
20170124,5,PM2.5,乐山,129.0
20170124,5,PM2.5_24h,乐山,162.0
20170124,5,PM10,乐山,156.0
20170124,5,PM10_24h,乐山,201.0
20170124,5,SO2,乐山,11.0
20170124,5,SO2_24h,乐山,19.0
20170124,5,NO2,乐山,32.0
20170124,5,NO2_24h,乐山,35.0
20170124,5,O3,乐山,18.0
20170124,5,O3_24h,乐山,88.0
20170124,5,O3_8h,乐山,26.0
20170124,5,O3_8h_24h,乐山,40.0
20170124,5,CO,乐山,1.23
20170124,5,CO_24h,乐山,1.57
20170124,6,AQI,乐山,163.0
20170124,6,PM2.5,乐山,124.0
20170124,6,PM2.5_24h,乐山,161.0
20170124,6,PM10,乐山,151.0
20170124,6,PM10_24h,乐山,198.0
20170124,6,SO2,乐山,10.0
20170124,6,SO2_24h,乐山,19.0
20170124,6,NO2,乐山,29.0
20170124,6,NO2_24h,乐山,35.0
20170124,6,O3,乐山,19.0
20170124,6,O3_24h,乐山,88.0
20170124,6,O3_8h,乐山,25.0
20170124,6,O3_8h_24h,乐山,40.0
20170124,6,CO,乐山,1.23
20170124,6,CO_24h,乐山,1.53
20170124,7,AQI,乐山,166.0
20170124,7,PM2.5,乐山,126.0
20170124,7,PM2.5_24h,乐山,159.0
20170124,7,PM10,乐山,151.0
20170124,7,PM10_24h,乐山,195.0
20170124,7,SO2,乐山,9.0
20170124,7,SO2_24h,乐山,19.0
20170124,7,NO2,乐山,30.0
20170124,7,NO2_24h,乐山,35.0
20170124,7,O3,乐山,10.0
20170124,7,O3_24h,乐山,88.0
20170124,7,O3_8h,乐山,23.0
20170124,7,O3_8h_24h,乐山,40.0
20170124,7,CO,乐山,1.33
20170124,7,CO_24h,乐山,1.53
20170124,8,AQI,乐山,157.0
20170124,8,PM2.5,乐山,120.0
20170124,8,PM2.5_24h,乐山,157.0
20170124,8,PM10,乐山,144.0
20170124,8,PM10_24h,乐山,192.0
20170124,8,SO2,乐山,9.0
20170124,8,SO2_24h,乐山,18.0
20170124,8,NO2,乐山,30.0
20170124,8,NO2_24h,乐山,35.0
20170124,8,O3,乐山,5.0
20170124,8,O3_24h,乐山,88.0
20170124,8,O3_8h,乐山,20.0
20170124,8,O3_8h_24h,乐山,40.0
20170124,8,CO,乐山,1.43
20170124,8,CO_24h,乐山,1.53
20170124,9,AQI,乐山,169.0
20170124,9,PM2.5,乐山,128.0
20170124,9,PM2.5_24h,乐山,156.0
20170124,9,PM10,乐山,152.0
20170124,9,PM10_24h,乐山,189.0
20170124,9,SO2,乐山,13.0
20170124,9,SO2_24h,乐山,18.0
20170124,9,NO2,乐山,34.0
20170124,9,NO2_24h,乐山,36.0
20170124,9,O3,乐山,7.0
20170124,9,O3_24h,乐山,88.0
20170124,9,O3_8h,乐山,16.0
20170124,9,O3_8h_24h,乐山,40.0
20170124,9,CO,乐山,1.63
20170124,9,CO_24h,乐山,1.47
20170124,10,AQI,乐山,177.0
20170124,10,PM2.5,乐山,134.0
20170124,10,PM2.5_24h,乐山,154.0
20170124,10,PM10,乐山,161.0
20170124,10,PM10_24h,乐山,187.0
20170124,10,SO2,乐山,18.0
20170124,10,SO2_24h,乐山,18.0
20170124,10,NO2,乐山,38.0
20170124,10,NO2_24h,乐山,36.0
20170124,10,O3,乐山,12.0
20170124,10,O3_24h,乐山,88.0
20170124,10,O3_8h,乐山,14.0
20170124,10,O3_8h_24h,乐山,40.0
20170124,10,CO,乐山,1.6
20170124,10,CO_24h,乐山,1.43
20170124,11,AQI,乐山,197.0
20170124,11,PM2.5,乐山,148.0
20170124,11,PM2.5_24h,乐山,153.0
20170124,11,PM10,乐山,181.0
20170124,11,PM10_24h,乐山,185.0
20170124,11,SO2,乐山,22.0
20170124,11,SO2_24h,乐山,18.0
20170124,11,NO2,乐山,42.0
20170124,11,NO2_24h,乐山,36.0
20170124,11,O3,乐山,9.0
20170124,11,O3_24h,乐山,88.0
20170124,11,O3_8h,乐山,12.0
20170124,11,O3_8h_24h,乐山,40.0
20170124,11,CO,乐山,1.67
20170124,11,CO_24h,乐山,1.43
20170124,12,AQI,乐山,210.0
20170124,12,PM2.5,乐山,160.0
20170124,12,PM2.5_24h,乐山,150.0
20170124,12,PM10,乐山,202.0
20170124,12,PM10_24h,乐山,183.0
20170124,12,SO2,乐山,19.0
20170124,12,SO2_24h,乐山,18.0
20170124,12,NO2,乐山,47.0
20170124,12,NO2_24h,乐山,36.0
20170124,12,O3,乐山,12.0
20170124,12,O3_24h,乐山,88.0
20170124,12,O3_8h,乐山,11.0
20170124,12,O3_8h_24h,乐山,40.0
20170124,12,CO,乐山,1.63
20170124,12,CO_24h,乐山,1.37
20170124,13,AQI,乐山,211.0
20170124,13,PM2.5,乐山,161.0
20170124,13,PM2.5_24h,乐山,148.0
20170124,13,PM10,乐山,200.0
20170124,13,PM10_24h,乐山,180.0
20170124,13,SO2,乐山,21.0
20170124,13,SO2_24h,乐山,18.0
20170124,13,NO2,乐山,53.0
20170124,13,NO2_24h,乐山,37.0
20170124,13,O3,乐山,26.0
20170124,13,O3_24h,乐山,88.0
20170124,13,O3_8h,乐山,12.0
20170124,13,O3_8h_24h,乐山,40.0
20170124,13,CO,乐山,1.63
20170124,13,CO_24h,乐山,1.37
20170124,14,AQI,乐山,191.0
20170124,14,PM2.5,乐山,144.0
20170124,14,PM2.5_24h,乐山,146.0
20170124,14,PM10,乐山,176.0
20170124,14,PM10_24h,乐山,178.0
20170124,14,SO2,乐山,20.0
20170124,14,SO2_24h,乐山,17.0
20170124,14,NO2,乐山,41.0
20170124,14,NO2_24h,乐山,37.0
20170124,14,O3,乐山,61.0
20170124,14,O3_24h,乐山,88.0
20170124,14,O3_8h,乐山,18.0
20170124,14,O3_8h_24h,乐山,40.0
20170124,14,CO,乐山,1.37
20170124,14,CO_24h,乐山,1.37
20170124,15,AQI,乐山,201.0
20170124,15,PM2.5,乐山,151.0
20170124,15,PM2.5_24h,乐山,145.0
20170124,15,PM10,乐山,184.0
20170124,15,PM10_24h,乐山,176.0
20170124,15,SO2,乐山,17.0
20170124,15,SO2_24h,乐山,17.0
20170124,15,NO2,乐山,28.0
20170124,15,NO2_24h,乐山,37.0
20170124,15,O3,乐山,89.0
20170124,15,O3_24h,乐山,90.0
20170124,15,O3_8h,乐山,28.0
20170124,15,O3_8h_24h,乐山,40.0
20170124,15,CO,乐山,1.23
20170124,15,CO_24h,乐山,1.37
20170124,16,AQI,乐山,196.0
20170124,16,PM2.5,乐山,147.0
20170124,16,PM2.5_24h,乐山,143.0
20170124,16,PM10,乐山,181.0
20170124,16,PM10_24h,乐山,174.0
20170124,16,SO2,乐山,15.0
20170124,16,SO2_24h,乐山,16.0
20170124,16,NO2,乐山,24.0
20170124,16,NO2_24h,乐山,37.0
20170124,16,O3,乐山,101.0
20170124,16,O3_24h,乐山,101.0
20170124,16,O3_8h,乐山,40.0
20170124,16,O3_8h_24h,乐山,41.0
20170124,16,CO,乐山,1.13
20170124,16,CO_24h,乐山,1.33
20170124,17,AQI,乐山,171.0
20170124,17,PM2.5,乐山,130.0
20170124,17,PM2.5_24h,乐山,141.0
20170124,17,PM10,乐山,161.0
20170124,17,PM10_24h,乐山,172.0
20170124,17,SO2,乐山,12.0
20170124,17,SO2_24h,乐山,16.0
20170124,17,NO2,乐山,25.0
20170124,17,NO2_24h,乐山,36.0
20170124,17,O3,乐山,105.0
20170124,17,O3_24h,乐山,106.0
20170124,17,O3_8h,乐山,52.0
20170124,17,O3_8h_24h,乐山,52.0
20170124,17,CO,乐山,1.1
20170124,17,CO_24h,乐山,1.33
20170124,18,AQI,乐山,171.0
20170124,18,PM2.5,乐山,130.0
20170124,18,PM2.5_24h,乐山,140.0
20170124,18,PM10,乐山,161.0
20170124,18,PM10_24h,乐山,171.0
20170124,18,SO2,乐山,12.0
20170124,18,SO2_24h,乐山,15.0
20170124,18,NO2,乐山,34.0
20170124,18,NO2_24h,乐山,36.0
20170124,18,O3,乐山,94.0
20170124,18,O3_24h,乐山,106.0
20170124,18,O3_8h,乐山,62.0
20170124,18,O3_8h_24h,乐山,62.0
20170124,18,CO,乐山,1.17
20170124,18,CO_24h,乐山,1.33
20170124,19,AQI,乐山,179.0
20170124,19,PM2.5,乐山,135.0
20170124,19,PM2.5_24h,乐山,139.0
20170124,19,PM10,乐山,168.0
20170124,19,PM10_24h,乐山,170.0
20170124,19,SO2,乐山,13.0
20170124,19,SO2_24h,乐山,15.0
20170124,19,NO2,乐山,61.0
20170124,19,NO2_24h,乐山,37.0
20170124,19,O3,乐山,59.0
20170124,19,O3_24h,乐山,106.0
20170124,19,O3_8h,乐山,68.0
20170124,19,O3_8h_24h,乐山,68.0
20170124,19,CO,乐山,1.4
20170124,19,CO_24h,乐山,1.33
20170124,20,AQI,乐山,199.0
20170124,20,PM2.5,乐山,149.0
20170124,20,PM2.5_24h,乐山,138.0
20170124,20,PM10,乐山,186.0
20170124,20,PM10_24h,乐山,168.0
20170124,20,SO2,乐山,14.0
20170124,20,SO2_24h,乐山,14.0
20170124,20,NO2,乐山,71.0
20170124,20,NO2_24h,乐山,38.0
20170124,20,O3,乐山,33.0
20170124,20,O3_24h,乐山,106.0
20170124,20,O3_8h,乐山,71.0
20170124,20,O3_8h_24h,乐山,71.0
20170124,20,CO,乐山,1.53
20170124,20,CO_24h,乐山,1.33
20170124,21,AQI,乐山,194.0
20170124,21,PM2.5,乐山,146.0
20170124,21,PM2.5_24h,乐山,137.0
20170124,21,PM10,乐山,184.0
20170124,21,PM10_24h,乐山,168.0
20170124,21,SO2,乐山,13.0
20170124,21,SO2_24h,乐山,14.0
20170124,21,NO2,乐山,78.0
20170124,21,NO2_24h,乐山,39.0
20170124,21,O3,乐山,7.0
20170124,21,O3_24h,乐山,106.0
20170124,21,O3_8h,乐山,68.0
20170124,21,O3_8h_24h,乐山,71.0
20170124,21,CO,乐山,1.9
20170124,21,CO_24h,乐山,1.37
20170124,22,AQI,乐山,191.0
20170124,22,PM2.5,乐山,144.0
20170124,22,PM2.5_24h,乐山,138.0
20170124,22,PM10,乐山,186.0
20170124,22,PM10_24h,乐山,168.0
20170124,22,SO2,乐山,11.0
20170124,22,SO2_24h,乐山,14.0
20170124,22,NO2,乐山,70.0
20170124,22,NO2_24h,乐山,41.0
20170124,22,O3,乐山,6.0
20170124,22,O3_24h,乐山,106.0
20170124,22,O3_8h,乐山,62.0
20170124,22,O3_8h_24h,乐山,71.0
20170124,22,CO,乐山,1.97
20170124,22,CO_24h,乐山,1.43
20170124,23,AQI,乐山,197.0
20170124,23,PM2.5,乐山,148.0
20170124,23,PM2.5_24h,乐山,138.0
20170124,23,PM10,乐山,196.0
20170124,23,PM10_24h,乐山,169.0
20170124,23,SO2,乐山,10.0
20170124,23,SO2_24h,乐山,14.0
20170124,23,NO2,乐山,58.0
20170124,23,NO2_24h,乐山,42.0
20170124,23,O3,乐山,6.0
20170124,23,O3_24h,乐山,106.0
20170124,23,O3_8h,乐山,52.0
20170124,23,O3_8h_24h,乐山,71.0
20170124,23,CO,乐山,1.83
20170124,23,CO_24h,乐山,1.43
20170124,0,AQI,眉山,124.0
20170124,0,PM2.5,眉山,94.0
20170124,0,PM2.5_24h,眉山,159.0
20170124,0,PM10,眉山,129.0
20170124,0,PM10_24h,眉山,198.0
20170124,0,SO2,眉山,13.0
20170124,0,SO2_24h,眉山,19.0
20170124,0,NO2,眉山,30.0
20170124,0,NO2_24h,眉山,41.0
20170124,0,O3,眉山,52.0
20170124,0,O3_24h,眉山,100.0
20170124,0,O3_8h,眉山,69.0
20170124,0,O3_8h_24h,眉山,81.0
20170124,0,CO,眉山,0.97
20170124,0,CO_24h,眉山,1.27
20170124,1,AQI,眉山,123.0
20170124,1,PM2.5,眉山,93.0
20170124,1,PM2.5_24h,眉山,156.0
20170124,1,PM10,眉山,125.0
20170124,1,PM10_24h,眉山,194.0
20170124,1,SO2,眉山,13.0
20170124,1,SO2_24h,眉山,19.0
20170124,1,NO2,眉山,35.0
20170124,1,NO2_24h,眉山,40.0
20170124,1,O3,眉山,43.0
20170124,1,O3_24h,眉山,100.0
20170124,1,O3_8h,眉山,43.0
20170124,1,O3_8h_24h,眉山,43.0
20170124,1,CO,眉山,1.0
20170124,1,CO_24h,眉山,1.27
20170124,2,AQI,眉山,141.0
20170124,2,PM2.5,眉山,108.0
20170124,2,PM2.5_24h,眉山,153.0
20170124,2,PM10,眉山,130.0
20170124,2,PM10_24h,眉山,190.0
20170124,2,SO2,眉山,13.0
20170124,2,SO2_24h,眉山,19.0
20170124,2,NO2,眉山,44.0
20170124,2,NO2_24h,眉山,39.0
20170124,2,O3,眉山,22.0
20170124,2,O3_24h,眉山,100.0
20170124,2,O3_8h,眉山,33.0
20170124,2,O3_8h_24h,眉山,43.0
20170124,2,CO,眉山,0.97
20170124,2,CO_24h,眉山,1.27
20170124,3,AQI,眉山,135.0
20170124,3,PM2.5,眉山,103.0
20170124,3,PM2.5_24h,眉山,149.0
20170124,3,PM10,眉山,134.0
20170124,3,PM10_24h,眉山,188.0
20170124,3,SO2,眉山,16.0
20170124,3,SO2_24h,眉山,19.0
20170124,3,NO2,眉山,46.0
20170124,3,NO2_24h,眉山,39.0
20170124,3,O3,眉山,18.0
20170124,3,O3_24h,眉山,100.0
20170124,3,O3_8h,眉山,28.0
20170124,3,O3_8h_24h,眉山,43.0
20170124,3,CO,眉山,0.97
20170124,3,CO_24h,眉山,1.23
20170124,4,AQI,眉山,144.0
20170124,4,PM2.5,眉山,110.0
20170124,4,PM2.5_24h,眉山,147.0
20170124,4,PM10,眉山,140.0
20170124,4,PM10_24h,眉山,184.0
20170124,4,SO2,眉山,16.0
20170124,4,SO2_24h,眉山,19.0
20170124,4,NO2,眉山,40.0
20170124,4,NO2_24h,眉山,39.0
20170124,4,O3,眉山,19.0
20170124,4,O3_24h,眉山,100.0
20170124,4,O3_8h,眉山,26.0
20170124,4,O3_8h_24h,眉山,43.0
20170124,4,CO,眉山,1.03
20170124,4,CO_24h,眉山,1.2
20170124,5,AQI,眉山,174.0
20170124,5,PM2.5,眉山,132.0
20170124,5,PM2.5_24h,眉山,145.0
20170124,5,PM10,眉山,153.0
20170124,5,PM10_24h,眉山,182.0
20170124,5,SO2,眉山,17.0
20170124,5,SO2_24h,眉山,19.0
20170124,5,NO2,眉山,43.0
20170124,5,NO2_24h,眉山,39.0
20170124,5,O3,眉山,13.0
20170124,5,O3_24h,眉山,100.0
20170124,5,O3_8h,眉山,23.0
20170124,5,O3_8h_24h,眉山,43.0
20170124,5,CO,眉山,1.1
20170124,5,CO_24h,眉山,1.2
20170124,6,AQI,眉山,210.0
20170124,6,PM2.5,眉山,160.0
20170124,6,PM2.5_24h,眉山,144.0
20170124,6,PM10,眉山,182.0
20170124,6,PM10_24h,眉山,181.0
20170124,6,SO2,眉山,19.0
20170124,6,SO2_24h,眉山,19.0
20170124,6,NO2,眉山,52.0
20170124,6,NO2_24h,眉山,39.0
20170124,6,O3,眉山,4.0
20170124,6,O3_24h,眉山,100.0
20170124,6,O3_8h,眉山,20.0
20170124,6,O3_8h_24h,眉山,43.0
20170124,6,CO,眉山,1.13
20170124,6,CO_24h,眉山,1.17
20170124,7,AQI,眉山,209.0
20170124,7,PM2.5,眉山,159.0
20170124,7,PM2.5_24h,眉山,144.0
20170124,7,PM10,眉山,190.0
20170124,7,PM10_24h,眉山,180.0
20170124,7,SO2,眉山,19.0
20170124,7,SO2_24h,眉山,19.0
20170124,7,NO2,眉山,51.0
20170124,7,NO2_24h,眉山,39.0
20170124,7,O3,眉山,4.0
20170124,7,O3_24h,眉山,100.0
20170124,7,O3_8h,眉山,17.0
20170124,7,O3_8h_24h,眉山,43.0
20170124,7,CO,眉山,1.2
20170124,7,CO_24h,眉山,1.17
20170124,8,AQI,眉山,222.0
20170124,8,PM2.5,眉山,172.0
20170124,8,PM2.5_24h,眉山,144.0
20170124,8,PM10,眉山,205.0
20170124,8,PM10_24h,眉山,180.0
20170124,8,SO2,眉山,21.0
20170124,8,SO2_24h,眉山,19.0
20170124,8,NO2,眉山,55.0
20170124,8,NO2_24h,眉山,40.0
20170124,8,O3,眉山,3.0
20170124,8,O3_24h,眉山,100.0
20170124,8,O3_8h,眉山,16.0
20170124,8,O3_8h_24h,眉山,43.0
20170124,8,CO,眉山,1.37
20170124,8,CO_24h,眉山,1.17
20170124,9,AQI,眉山,215.0
20170124,9,PM2.5,眉山,165.0
20170124,9,PM2.5_24h,眉山,145.0
20170124,9,PM10,眉山,199.0
20170124,9,PM10_24h,眉山,180.0
20170124,9,SO2,眉山,21.0
20170124,9,SO2_24h,眉山,19.0
20170124,9,NO2,眉山,55.0
20170124,9,NO2_24h,眉山,41.0
20170124,9,O3,眉山,4.0
20170124,9,O3_24h,眉山,100.0
20170124,9,O3_8h,眉山,11.0
20170124,9,O3_8h_24h,眉山,43.0
20170124,9,CO,眉山,1.7
20170124,9,CO_24h,眉山,1.13
20170124,10,AQI,眉山,222.0
20170124,10,PM2.5,眉山,172.0
20170124,10,PM2.5_24h,眉山,144.0
20170124,10,PM10,眉山,206.0
20170124,10,PM10_24h,眉山,179.0
20170124,10,SO2,眉山,19.0
20170124,10,SO2_24h,眉山,19.0
20170124,10,NO2,眉山,50.0
20170124,10,NO2_24h,眉山,41.0
20170124,10,O3,眉山,5.0
20170124,10,O3_24h,眉山,100.0
20170124,10,O3_8h,眉山,9.0
20170124,10,O3_8h_24h,眉山,43.0
20170124,10,CO,眉山,1.83
20170124,10,CO_24h,眉山,1.13
20170124,11,AQI,眉山,233.0
20170124,11,PM2.5,眉山,183.0
20170124,11,PM2.5_24h,眉山,145.0
20170124,11,PM10,眉山,225.0
20170124,11,PM10_24h,眉山,177.0
20170124,11,SO2,眉山,18.0
20170124,11,SO2_24h,眉山,19.0
20170124,11,NO2,眉山,48.0
20170124,11,NO2_24h,眉山,40.0
20170124,11,O3,眉山,14.0
20170124,11,O3_24h,眉山,100.0
20170124,11,O3_8h,眉山,8.0
20170124,11,O3_8h_24h,眉山,43.0
20170124,11,CO,眉山,1.4
20170124,11,CO_24h,眉山,1.13
20170124,12,AQI,眉山,235.0
20170124,12,PM2.5,眉山,185.0
20170124,12,PM2.5_24h,眉山,143.0
20170124,12,PM10,眉山,208.0
20170124,12,PM10_24h,眉山,175.0
20170124,12,SO2,眉山,18.0
20170124,12,SO2_24h,眉山,18.0
20170124,12,NO2,眉山,47.0
20170124,12,NO2_24h,眉山,40.0
20170124,12,O3,眉山,29.0
20170124,12,O3_24h,眉山,100.0
20170124,12,O3_8h,眉山,10.0
20170124,12,O3_8h_24h,眉山,43.0
20170124,12,CO,眉山,1.07
20170124,12,CO_24h,眉山,1.1
20170124,13,AQI,眉山,211.0
20170124,13,PM2.5,眉山,161.0
20170124,13,PM2.5_24h,眉山,141.0
20170124,13,PM10,眉山,193.0
20170124,13,PM10_24h,眉山,171.0
20170124,13,SO2,眉山,15.0
20170124,13,SO2_24h,眉山,17.0
20170124,13,NO2,眉山,45.0
20170124,13,NO2_24h,眉山,39.0
20170124,13,O3,眉山,35.0
20170124,13,O3_24h,眉山,100.0
20170124,13,O3_8h,眉山,12.0
20170124,13,O3_8h_24h,眉山,43.0
20170124,13,CO,眉山,1.0
20170124,13,CO_24h,眉山,1.07
20170124,14,AQI,眉山,199.0
20170124,14,PM2.5,眉山,149.0
20170124,14,PM2.5_24h,眉山,139.0
20170124,14,PM10,眉山,177.0
20170124,14,PM10_24h,眉山,168.0
20170124,14,SO2,眉山,12.0
20170124,14,SO2_24h,眉山,17.0
20170124,14,NO2,眉山,37.0
20170124,14,NO2_24h,眉山,39.0
20170124,14,O3,眉山,55.0
20170124,14,O3_24h,眉山,100.0
20170124,14,O3_8h,眉山,18.0
20170124,14,O3_8h_24h,眉山,43.0
20170124,14,CO,眉山,0.93
20170124,14,CO_24h,眉山,1.07
20170124,15,AQI,眉山,184.0
20170124,15,PM2.5,眉山,139.0
20170124,15,PM2.5_24h,眉山,136.0
20170124,15,PM10,眉山,176.0
20170124,15,PM10_24h,眉山,165.0
20170124,15,SO2,眉山,12.0
20170124,15,SO2_24h,眉山,16.0
20170124,15,NO2,眉山,30.0
20170124,15,NO2_24h,眉山,39.0
20170124,15,O3,眉山,76.0
20170124,15,O3_24h,眉山,100.0
20170124,15,O3_8h,眉山,28.0
20170124,15,O3_8h_24h,眉山,43.0
20170124,15,CO,眉山,0.83
20170124,15,CO_24h,眉山,1.07
20170124,16,AQI,眉山,181.0
20170124,16,PM2.5,眉山,137.0
20170124,16,PM2.5_24h,眉山,136.0
20170124,16,PM10,眉山,158.0
20170124,16,PM10_24h,眉山,165.0
20170124,16,SO2,眉山,13.0
20170124,16,SO2_24h,眉山,16.0
20170124,16,NO2,眉山,26.0
20170124,16,NO2_24h,眉山,39.0
20170124,16,O3,眉山,91.0
20170124,16,O3_24h,眉山,100.0
20170124,16,O3_8h,眉山,39.0
20170124,16,O3_8h_24h,眉山,46.0
20170124,16,CO,眉山,0.77
20170124,16,CO_24h,眉山,1.07
20170124,17,AQI,眉山,151.0
20170124,17,PM2.5,眉山,116.0
20170124,17,PM2.5_24h,眉山,135.0
20170124,17,PM10,眉山,149.0
20170124,17,PM10_24h,眉山,164.0
20170124,17,SO2,眉山,13.0
20170124,17,SO2_24h,眉山,16.0
20170124,17,NO2,眉山,34.0
20170124,17,NO2_24h,眉山,40.0
20170124,17,O3,眉山,88.0
20170124,17,O3_24h,眉山,93.0
20170124,17,O3_8h,眉山,49.0
20170124,17,O3_8h_24h,眉山,50.0
20170124,17,CO,眉山,0.83
20170124,17,CO_24h,眉山,1.07
20170124,18,AQI,眉山,169.0
20170124,18,PM2.5,眉山,128.0
20170124,18,PM2.5_24h,眉山,135.0
20170124,18,PM10,眉山,153.0
20170124,18,PM10_24h,眉山,164.0
20170124,18,SO2,眉山,13.0
20170124,18,SO2_24h,眉山,15.0
20170124,18,NO2,眉山,42.0
20170124,18,NO2_24h,眉山,40.0
20170124,18,O3,眉山,77.0
20170124,18,O3_24h,眉山,93.0
20170124,18,O3_8h,眉山,58.0
20170124,18,O3_8h_24h,眉山,58.0
20170124,18,CO,眉山,0.9
20170124,18,CO_24h,眉山,1.07
20170124,19,AQI,眉山,169.0
20170124,19,PM2.5,眉山,128.0
20170124,19,PM2.5_24h,眉山,135.0
20170124,19,PM10,眉山,153.0
20170124,19,PM10_24h,眉山,164.0
20170124,19,SO2,眉山,13.0
20170124,19,SO2_24h,眉山,15.0
20170124,19,NO2,眉山,71.0
20170124,19,NO2_24h,眉山,42.0
20170124,19,O3,眉山,44.0
20170124,19,O3_24h,眉山,93.0
20170124,19,O3_8h,眉山,62.0
20170124,19,O3_8h_24h,眉山,62.0
20170124,19,CO,眉山,1.2
20170124,19,CO_24h,眉山,1.1
20170124,20,AQI,眉山,180.0
20170124,20,PM2.5,眉山,136.0
20170124,20,PM2.5_24h,眉山,136.0
20170124,20,PM10,眉山,170.0
20170124,20,PM10_24h,眉山,165.0
20170124,20,SO2,眉山,14.0
20170124,20,SO2_24h,眉山,15.0
20170124,20,NO2,眉山,86.0
20170124,20,NO2_24h,眉山,44.0
20170124,20,O3,眉山,25.0
20170124,20,O3_24h,眉山,93.0
20170124,20,O3_8h,眉山,61.0
20170124,20,O3_8h_24h,眉山,63.0
20170124,20,CO,眉山,1.7
20170124,20,CO_24h,眉山,1.13
20170124,21,AQI,眉山,206.0
20170124,21,PM2.5,眉山,156.0
20170124,21,PM2.5_24h,眉山,138.0
20170124,21,PM10,眉山,181.0
20170124,21,PM10_24h,眉山,167.0
20170124,21,SO2,眉山,15.0
20170124,21,SO2_24h,眉山,15.0
20170124,21,NO2,眉山,90.0
20170124,21,NO2_24h,眉山,46.0
20170124,21,O3,眉山,12.0
20170124,21,O3_24h,眉山,93.0
20170124,21,O3_8h,眉山,59.0
20170124,21,O3_8h_24h,眉山,64.0
20170124,21,CO,眉山,2.1
20170124,21,CO_24h,眉山,1.17
20170124,22,AQI,眉山,200.0
20170124,22,PM2.5,眉山,150.0
20170124,22,PM2.5_24h,眉山,139.0
20170124,22,PM10,眉山,204.0
20170124,22,PM10_24h,眉山,170.0
20170124,22,SO2,眉山,15.0
20170124,22,SO2_24h,眉山,16.0
20170124,22,NO2,眉山,78.0
20170124,22,NO2_24h,眉山,48.0
20170124,22,O3,眉山,13.0
20170124,22,O3_24h,眉山,93.0
20170124,22,O3_8h,眉山,54.0
20170124,22,O3_8h_24h,眉山,64.0
20170124,22,CO,眉山,2.17
20170124,22,CO_24h,眉山,1.23
20170124,23,AQI,眉山,215.0
20170124,23,PM2.5,眉山,165.0
20170124,23,PM2.5_24h,眉山,142.0
20170124,23,PM10,眉山,215.0
20170124,23,PM10_24h,眉山,173.0
20170124,23,SO2,眉山,14.0
20170124,23,SO2_24h,眉山,16.0
20170124,23,NO2,眉山,71.0
20170124,23,NO2_24h,眉山,50.0
20170124,23,O3,眉山,7.0
20170124,23,O3_24h,眉山,93.0
20170124,23,O3_8h,眉山,45.0
20170124,23,O3_8h_24h,眉山,64.0
20170124,23,CO,眉山,2.23
20170124,23,CO_24h,眉山,1.23
20170124,0,AQI,广安,170.0
20170124,0,PM2.5,广安,129.0
20170124,0,PM2.5_24h,广安,99.0
20170124,0,PM10,广安,248.0
20170124,0,PM10_24h,广安,197.0
20170124,0,SO2,广安,7.0
20170124,0,SO2_24h,广安,8.0
20170124,0,NO2,广安,40.0
20170124,0,NO2_24h,广安,39.0
20170124,0,O3,广安,15.0
20170124,0,O3_24h,广安,43.0
20170124,0,O3_8h,广安,19.0
20170124,0,O3_8h_24h,广安,31.0
20170124,0,CO,广安,1.73
20170124,0,CO_24h,广安,1.6
20170124,1,AQI,广安,170.0
20170124,1,PM2.5,广安,129.0
20170124,1,PM2.5_24h,广安,99.0
20170124,1,PM10,广安,243.0
20170124,1,PM10_24h,广安,197.0
20170124,1,SO2,广安,7.0
20170124,1,SO2_24h,广安,8.0
20170124,1,NO2,广安,49.0
20170124,1,NO2_24h,广安,38.0
20170124,1,O3,广安,10.0
20170124,1,O3_24h,广安,43.0
20170124,1,O3_8h,广安,10.0
20170124,1,O3_8h_24h,广安,10.0
20170124,1,CO,广安,1.9
20170124,1,CO_24h,广安,1.57
20170124,2,AQI,广安,167.0
20170124,2,PM2.5,广安,127.0
20170124,2,PM2.5_24h,广安,99.0
20170124,2,PM10,广安,239.0
20170124,2,PM10_24h,广安,198.0
20170124,2,SO2,广安,7.0
20170124,2,SO2_24h,广安,8.0
20170124,2,NO2,广安,47.0
20170124,2,NO2_24h,广安,38.0
20170124,2,O3,广安,10.0
20170124,2,O3_24h,广安,43.0
20170124,2,O3_8h,广安,10.0
20170124,2,O3_8h_24h,广安,11.0
20170124,2,CO,广安,1.87
20170124,2,CO_24h,广安,1.6
20170124,3,AQI,广安,160.0
20170124,3,PM2.5,广安,122.0
20170124,3,PM2.5_24h,广安,101.0
20170124,3,PM10,广安,231.0
20170124,3,PM10_24h,广安,199.0
20170124,3,SO2,广安,7.0
20170124,3,SO2_24h,广安,8.0
20170124,3,NO2,广安,45.0
20170124,3,NO2_24h,广安,39.0
20170124,3,O3,广安,8.0
20170124,3,O3_24h,广安,43.0
20170124,3,O3_8h,广安,9.0
20170124,3,O3_8h_24h,广安,11.0
20170124,3,CO,广安,1.93
20170124,3,CO_24h,广安,1.6
20170124,4,AQI,广安,157.0
20170124,4,PM2.5,广安,120.0
20170124,4,PM2.5_24h,广安,102.0
20170124,4,PM10,广安,222.0
20170124,4,PM10_24h,广安,201.0
20170124,4,SO2,广安,6.0
20170124,4,SO2_24h,广安,8.0
20170124,4,NO2,广安,45.0
20170124,4,NO2_24h,广安,39.0
20170124,4,O3,广安,8.0
20170124,4,O3_24h,广安,43.0
20170124,4,O3_8h,广安,9.0
20170124,4,O3_8h_24h,广安,11.0
20170124,4,CO,广安,1.9
20170124,4,CO_24h,广安,1.67
20170124,5,AQI,广安,153.0
20170124,5,PM2.5,广安,117.0
20170124,5,PM2.5_24h,广安,103.0
20170124,5,PM10,广安,210.0
20170124,5,PM10_24h,广安,203.0
20170124,5,SO2,广安,6.0
20170124,5,SO2_24h,广安,8.0
20170124,5,NO2,广安,38.0
20170124,5,NO2_24h,广安,39.0
20170124,5,O3,广安,7.0
20170124,5,O3_24h,广安,43.0
20170124,5,O3_8h,广安,9.0
20170124,5,O3_8h_24h,广安,11.0
20170124,5,CO,广安,1.7
20170124,5,CO_24h,广安,1.67
20170124,6,AQI,广安,161.0
20170124,6,PM2.5,广安,123.0
20170124,6,PM2.5_24h,广安,105.0
20170124,6,PM10,广安,207.0
20170124,6,PM10_24h,广安,205.0
20170124,6,SO2,广安,8.0
20170124,6,SO2_24h,广安,8.0
20170124,6,NO2,广安,38.0
20170124,6,NO2_24h,广安,40.0
20170124,6,O3,广安,9.0
20170124,6,O3_24h,广安,43.0
20170124,6,O3_8h,广安,9.0
20170124,6,O3_8h_24h,广安,11.0
20170124,6,CO,广安,1.63
20170124,6,CO_24h,广安,1.67
20170124,7,AQI,广安,157.0
20170124,7,PM2.5,广安,120.0
20170124,7,PM2.5_24h,广安,107.0
20170124,7,PM10,广安,220.0
20170124,7,PM10_24h,广安,208.0
20170124,7,SO2,广安,11.0
20170124,7,SO2_24h,广安,8.0
20170124,7,NO2,广安,37.0
20170124,7,NO2_24h,广安,40.0
20170124,7,O3,广安,9.0
20170124,7,O3_24h,广安,43.0
20170124,7,O3_8h,广安,9.0
20170124,7,O3_8h_24h,广安,11.0
20170124,7,CO,广安,1.7
20170124,7,CO_24h,广安,1.7
20170124,8,AQI,广安,171.0
20170124,8,PM2.5,广安,130.0
20170124,8,PM2.5_24h,广安,109.0
20170124,8,PM10,广安,233.0
20170124,8,PM10_24h,广安,212.0
20170124,8,SO2,广安,11.0
20170124,8,SO2_24h,广安,8.0
20170124,8,NO2,广安,43.0
20170124,8,NO2_24h,广安,41.0
20170124,8,O3,广安,8.0
20170124,8,O3_24h,广安,43.0
20170124,8,O3_8h,广安,9.0
20170124,8,O3_8h_24h,广安,11.0
20170124,8,CO,广安,1.87
20170124,8,CO_24h,广安,1.7
20170124,9,AQI,广安,173.0
20170124,9,PM2.5,广安,131.0
20170124,9,PM2.5_24h,广安,111.0
20170124,9,PM10,广安,237.0
20170124,9,PM10_24h,广安,216.0
20170124,9,SO2,广安,12.0
20170124,9,SO2_24h,广安,9.0
20170124,9,NO2,广安,42.0
20170124,9,NO2_24h,广安,42.0
20170124,9,O3,广安,8.0
20170124,9,O3_24h,广安,43.0
20170124,9,O3_8h,广安,8.0
20170124,9,O3_8h_24h,广安,11.0
20170124,9,CO,广安,1.93
20170124,9,CO_24h,广安,1.7
20170124,10,AQI,广安,179.0
20170124,10,PM2.5,广安,135.0
20170124,10,PM2.5_24h,广安,114.0
20170124,10,PM10,广安,250.0
20170124,10,PM10_24h,广安,219.0
20170124,10,SO2,广安,12.0
20170124,10,SO2_24h,广安,9.0
20170124,10,NO2,广安,34.0
20170124,10,NO2_24h,广安,41.0
20170124,10,O3,广安,9.0
20170124,10,O3_24h,广安,43.0
20170124,10,O3_8h,广安,8.0
20170124,10,O3_8h_24h,广安,11.0
20170124,10,CO,广安,1.9
20170124,10,CO_24h,广安,1.7
20170124,11,AQI,广安,181.0
20170124,11,PM2.5,广安,137.0
20170124,11,PM2.5_24h,广安,116.0
20170124,11,PM10,广安,261.0
20170124,11,PM10_24h,广安,223.0
20170124,11,SO2,广安,16.0
20170124,11,SO2_24h,广安,9.0
20170124,11,NO2,广安,35.0
20170124,11,NO2_24h,广安,41.0
20170124,11,O3,广安,13.0
20170124,11,O3_24h,广安,43.0
20170124,11,O3_8h,广安,9.0
20170124,11,O3_8h_24h,广安,11.0
20170124,11,CO,广安,1.87
20170124,11,CO_24h,广安,1.7
20170124,12,AQI,广安,183.0
20170124,12,PM2.5,广安,138.0
20170124,12,PM2.5_24h,广安,118.0
20170124,12,PM10,广安,264.0
20170124,12,PM10_24h,广安,227.0
20170124,12,SO2,广安,20.0
20170124,12,SO2_24h,广安,10.0
20170124,12,NO2,广安,38.0
20170124,12,NO2_24h,广安,41.0
20170124,12,O3,广安,17.0
20170124,12,O3_24h,广安,43.0
20170124,12,O3_8h,广安,10.0
20170124,12,O3_8h_24h,广安,12.0
20170124,12,CO,广安,1.83
20170124,12,CO_24h,广安,1.77
20170124,13,AQI,广安,177.0
20170124,13,PM2.5,广安,134.0
20170124,13,PM2.5_24h,广安,120.0
20170124,13,PM10,广安,261.0
20170124,13,PM10_24h,广安,230.0
20170124,13,SO2,广安,21.0
20170124,13,SO2_24h,广安,10.0
20170124,13,NO2,广安,32.0
20170124,13,NO2_24h,广安,41.0
20170124,13,O3,广安,27.0
20170124,13,O3_24h,广安,43.0
20170124,13,O3_8h,广安,13.0
20170124,13,O3_8h_24h,广安,13.0
20170124,13,CO,广安,1.7
20170124,13,CO_24h,广安,1.77
20170124,14,AQI,广安,181.0
20170124,14,PM2.5,广安,137.0
20170124,14,PM2.5_24h,广安,122.0
20170124,14,PM10,广安,269.0
20170124,14,PM10_24h,广安,233.0
20170124,14,SO2,广安,24.0
20170124,14,SO2_24h,广安,11.0
20170124,14,NO2,广安,27.0
20170124,14,NO2_24h,广安,40.0
20170124,14,O3,广安,42.0
20170124,14,O3_24h,广安,43.0
20170124,14,O3_8h,广安,17.0
20170124,14,O3_8h_24h,广安,17.0
20170124,14,CO,广安,1.6
20170124,14,CO_24h,广安,1.77
20170124,15,AQI,广安,173.0
20170124,15,PM2.5,广安,131.0
20170124,15,PM2.5_24h,广安,121.0
20170124,15,PM10,广安,219.0
20170124,15,PM10_24h,广安,231.0
20170124,15,SO2,广安,26.0
20170124,15,SO2_24h,广安,11.0
20170124,15,NO2,广安,25.0
20170124,15,NO2_24h,广安,40.0
20170124,15,O3,广安,60.0
20170124,15,O3_24h,广安,60.0
20170124,15,O3_8h,广安,23.0
20170124,15,O3_8h_24h,广安,23.0
20170124,15,CO,广安,1.47
20170124,15,CO_24h,广安,1.77
20170124,16,AQI,广安,163.0
20170124,16,PM2.5,广安,124.0
20170124,16,PM2.5_24h,广安,122.0
20170124,16,PM10,广安,223.0
20170124,16,PM10_24h,广安,232.0
20170124,16,SO2,广安,23.0
20170124,16,SO2_24h,广安,12.0
20170124,16,NO2,广安,30.0
20170124,16,NO2_24h,广安,40.0
20170124,16,O3,广安,71.0
20170124,16,O3_24h,广安,71.0
20170124,16,O3_8h,广安,31.0
20170124,16,O3_8h_24h,广安,31.0
20170124,16,CO,广安,1.4
20170124,16,CO_24h,广安,1.77
20170124,17,AQI,广安,159.0
20170124,17,PM2.5,广安,121.0
20170124,17,PM2.5_24h,广安,123.0
20170124,17,PM10,广安,217.0
20170124,17,PM10_24h,广安,232.0
20170124,17,SO2,广安,22.0
20170124,17,SO2_24h,广安,12.0
20170124,17,NO2,广安,26.0
20170124,17,NO2_24h,广安,39.0
20170124,17,O3,广安,77.0
20170124,17,O3_24h,广安,77.0
20170124,17,O3_8h,广安,40.0
20170124,17,O3_8h_24h,广安,40.0
20170124,17,CO,广安,1.33
20170124,17,CO_24h,广安,1.77
20170124,18,AQI,广安,148.0
20170124,18,PM2.5,广安,113.0
20170124,18,PM2.5_24h,广安,123.0
20170124,18,PM10,广安,209.0
20170124,18,PM10_24h,广安,232.0
20170124,18,SO2,广安,22.0
20170124,18,SO2_24h,广安,13.0
20170124,18,NO2,广安,42.0
20170124,18,NO2_24h,广安,39.0
20170124,18,O3,广安,63.0
20170124,18,O3_24h,广安,77.0
20170124,18,O3_8h,广安,46.0
20170124,18,O3_8h_24h,广安,46.0
20170124,18,CO,广安,1.5
20170124,18,CO_24h,广安,1.77
20170124,19,AQI,广安,161.0
20170124,19,PM2.5,广安,123.0
20170124,19,PM2.5_24h,广安,124.0
20170124,19,PM10,广安,241.0
20170124,19,PM10_24h,广安,233.0
20170124,19,SO2,广安,20.0
20170124,19,SO2_24h,广安,13.0
20170124,19,NO2,广安,74.0
20170124,19,NO2_24h,广安,41.0
20170124,19,O3,广安,35.0
20170124,19,O3_24h,广安,77.0
20170124,19,O3_8h,广安,49.0
20170124,19,O3_8h_24h,广安,49.0
20170124,19,CO,广安,1.9
20170124,19,CO_24h,广安,1.77
20170124,20,AQI,广安,193.0
20170124,20,PM2.5,广安,145.0
20170124,20,PM2.5_24h,广安,125.0
20170124,20,PM10,广安,284.0
20170124,20,PM10_24h,广安,235.0
20170124,20,SO2,广安,19.0
20170124,20,SO2_24h,广安,14.0
20170124,20,NO2,广安,91.0
20170124,20,NO2_24h,广安,43.0
20170124,20,O3,广安,17.0
20170124,20,O3_24h,广安,77.0
20170124,20,O3_8h,广安,49.0
20170124,20,O3_8h_24h,广安,49.0
20170124,20,CO,广安,2.27
20170124,20,CO_24h,广安,1.77
20170124,21,AQI,广安,206.0
20170124,21,PM2.5,广安,156.0
20170124,21,PM2.5_24h,广安,127.0
20170124,21,PM10,广安,300.0
20170124,21,PM10_24h,广安,237.0
20170124,21,SO2,广安,16.0
20170124,21,SO2_24h,广安,14.0
20170124,21,NO2,广安,86.0
20170124,21,NO2_24h,广安,44.0
20170124,21,O3,广安,11.0
20170124,21,O3_24h,广安,77.0
20170124,21,O3_8h,广安,47.0
20170124,21,O3_8h_24h,广安,49.0
20170124,21,CO,广安,2.47
20170124,21,CO_24h,广安,1.8
20170124,22,AQI,广安,215.0
20170124,22,PM2.5,广安,165.0
20170124,22,PM2.5_24h,广安,128.0
20170124,22,PM10,广安,327.0
20170124,22,PM10_24h,广安,241.0
20170124,22,SO2,广安,14.0
20170124,22,SO2_24h,广安,14.0
20170124,22,NO2,广安,83.0
20170124,22,NO2_24h,广安,46.0
20170124,22,O3,广安,8.0
20170124,22,O3_24h,广安,77.0
20170124,22,O3_8h,广安,43.0
20170124,22,O3_8h_24h,广安,49.0
20170124,22,CO,广安,3.07
20170124,22,CO_24h,广安,1.83
20170124,23,AQI,广安,212.0
20170124,23,PM2.5,广安,162.0
20170124,23,PM2.5_24h,广安,130.0
20170124,23,PM10,广安,314.0
20170124,23,PM10_24h,广安,244.0
20170124,23,SO2,广安,12.0
20170124,23,SO2_24h,广安,14.0
20170124,23,NO2,广安,69.0
20170124,23,NO2_24h,广安,47.0
20170124,23,O3,广安,8.0
20170124,23,O3_24h,广安,77.0
20170124,23,O3_8h,广安,36.0
20170124,23,O3_8h_24h,广安,49.0
20170124,23,CO,广安,2.77
20170124,23,CO_24h,广安,1.9
20170124,0,AQI,达州,234.0
20170124,0,PM2.5,达州,184.0
20170124,0,PM2.5_24h,达州,138.0
20170124,0,PM10,达州,273.0
20170124,0,PM10_24h,达州,199.0
20170124,0,SO2,达州,14.0
20170124,0,SO2_24h,达州,23.0
20170124,0,NO2,达州,55.0
20170124,0,NO2_24h,达州,53.0
20170124,0,O3,达州,43.0
20170124,0,O3_24h,达州,88.0
20170124,0,O3_8h,达州,45.0
20170124,0,O3_8h_24h,达州,59.0
20170124,0,CO,达州,2.63
20170124,0,CO_24h,达州,2.18
20170124,1,AQI,达州,220.0
20170124,1,PM2.5,达州,170.0
20170124,1,PM2.5_24h,达州,139.0
20170124,1,PM10,达州,251.0
20170124,1,PM10_24h,达州,202.0
20170124,1,SO2,达州,14.0
20170124,1,SO2_24h,达州,22.0
20170124,1,NO2,达州,55.0
20170124,1,NO2_24h,达州,53.0
20170124,1,O3,达州,38.0
20170124,1,O3_24h,达州,88.0
20170124,1,O3_8h,达州,38.0
20170124,1,O3_8h_24h,达州,38.0
20170124,1,CO,达州,2.2
20170124,1,CO_24h,达州,2.18
20170124,2,AQI,达州,196.0
20170124,2,PM2.5,达州,147.0
20170124,2,PM2.5_24h,达州,139.0
20170124,2,PM10,达州,201.0
20170124,2,PM10_24h,达州,201.0
20170124,2,SO2,达州,11.0
20170124,2,SO2_24h,达州,22.0
20170124,2,NO2,达州,50.0
20170124,2,NO2_24h,达州,54.0
20170124,2,O3,达州,38.0
20170124,2,O3_24h,达州,88.0
20170124,2,O3_8h,达州,38.0
20170124,2,O3_8h_24h,达州,39.0
20170124,2,CO,达州,2.02
20170124,2,CO_24h,达州,2.2
20170124,3,AQI,达州,196.0
20170124,3,PM2.5,达州,147.0
20170124,3,PM2.5_24h,达州,140.0
20170124,3,PM10,达州,188.0
20170124,3,PM10_24h,达州,202.0
20170124,3,SO2,达州,11.0
20170124,3,SO2_24h,达州,22.0
20170124,3,NO2,达州,44.0
20170124,3,NO2_24h,达州,54.0
20170124,3,O3,达州,36.0
20170124,3,O3_24h,达州,88.0
20170124,3,O3_8h,达州,37.0
20170124,3,O3_8h_24h,达州,40.0
20170124,3,CO,达州,2.0
20170124,3,CO_24h,达州,2.23
20170124,4,AQI,达州,196.0
20170124,4,PM2.5,达州,147.0
20170124,4,PM2.5_24h,达州,141.0
20170124,4,PM10,达州,184.0
20170124,4,PM10_24h,达州,203.0
20170124,4,SO2,达州,10.0
20170124,4,SO2_24h,达州,22.0
20170124,4,NO2,达州,40.0
20170124,4,NO2_24h,达州,54.0
20170124,4,O3,达州,40.0
20170124,4,O3_24h,达州,88.0
20170124,4,O3_8h,达州,38.0
20170124,4,O3_8h_24h,达州,41.0
20170124,4,CO,达州,1.95
20170124,4,CO_24h,达州,2.23
20170124,5,AQI,达州,191.0
20170124,5,PM2.5,达州,144.0
20170124,5,PM2.5_24h,达州,142.0
20170124,5,PM10,达州,184.0
20170124,5,PM10_24h,达州,204.0
20170124,5,SO2,达州,11.0
20170124,5,SO2_24h,达州,21.0
20170124,5,NO2,达州,39.0
20170124,5,NO2_24h,达州,54.0
20170124,5,O3,达州,37.0
20170124,5,O3_24h,达州,88.0
20170124,5,O3_8h,达州,38.0
20170124,5,O3_8h_24h,达州,41.0
20170124,5,CO,达州,1.87
20170124,5,CO_24h,达州,2.23
20170124,6,AQI,达州,190.0
20170124,6,PM2.5,达州,143.0
20170124,6,PM2.5_24h,达州,143.0
20170124,6,PM10,达州,177.0
20170124,6,PM10_24h,达州,205.0
20170124,6,SO2,达州,13.0
20170124,6,SO2_24h,达州,21.0
20170124,6,NO2,达州,39.0
20170124,6,NO2_24h,达州,55.0
20170124,6,O3,达州,41.0
20170124,6,O3_24h,达州,88.0
20170124,6,O3_8h,达州,38.0
20170124,6,O3_8h_24h,达州,41.0
20170124,6,CO,达州,1.95
20170124,6,CO_24h,达州,2.25
20170124,7,AQI,达州,197.0
20170124,7,PM2.5,达州,148.0
20170124,7,PM2.5_24h,达州,144.0
20170124,7,PM10,达州,185.0
20170124,7,PM10_24h,达州,207.0
20170124,7,SO2,达州,13.0
20170124,7,SO2_24h,达州,21.0
20170124,7,NO2,达州,34.0
20170124,7,NO2_24h,达州,55.0
20170124,7,O3,达州,44.0
20170124,7,O3_24h,达州,88.0
20170124,7,O3_8h,达州,39.0
20170124,7,O3_8h_24h,达州,41.0
20170124,7,CO,达州,2.03
20170124,7,CO_24h,达州,2.3
20170124,8,AQI,达州,200.0
20170124,8,PM2.5,达州,150.0
20170124,8,PM2.5_24h,达州,146.0
20170124,8,PM10,达州,200.0
20170124,8,PM10_24h,达州,209.0
20170124,8,SO2,达州,14.0
20170124,8,SO2_24h,达州,21.0
20170124,8,NO2,达州,34.0
20170124,8,NO2_24h,达州,55.0
20170124,8,O3,达州,37.0
20170124,8,O3_24h,达州,88.0
20170124,8,O3_8h,达州,39.0
20170124,8,O3_8h_24h,达州,41.0
20170124,8,CO,达州,1.98
20170124,8,CO_24h,达州,2.3
20170124,9,AQI,达州,190.0
20170124,9,PM2.5,达州,143.0
20170124,9,PM2.5_24h,达州,148.0
20170124,9,PM10,达州,193.0
20170124,9,PM10_24h,达州,210.0
20170124,9,SO2,达州,14.0
20170124,9,SO2_24h,达州,21.0
20170124,9,NO2,达州,36.0
20170124,9,NO2_24h,达州,55.0
20170124,9,O3,达州,37.0
20170124,9,O3_24h,达州,88.0
20170124,9,O3_8h,达州,39.0
20170124,9,O3_8h_24h,达州,41.0
20170124,9,CO,达州,2.17
20170124,9,CO_24h,达州,2.33
20170124,10,AQI,达州,190.0
20170124,10,PM2.5,达州,143.0
20170124,10,PM2.5_24h,达州,149.0
20170124,10,PM10,达州,212.0
20170124,10,PM10_24h,达州,212.0
20170124,10,SO2,达州,15.0
20170124,10,SO2_24h,达州,22.0
20170124,10,NO2,达州,38.0
20170124,10,NO2_24h,达州,55.0
20170124,10,O3,达州,39.0
20170124,10,O3_24h,达州,88.0
20170124,10,O3_8h,达州,39.0
20170124,10,O3_8h_24h,达州,41.0
20170124,10,CO,达州,2.42
20170124,10,CO_24h,达州,2.35
20170124,11,AQI,达州,202.0
20170124,11,PM2.5,达州,152.0
20170124,11,PM2.5_24h,达州,150.0
20170124,11,PM10,达州,226.0
20170124,11,PM10_24h,达州,215.0
20170124,11,SO2,达州,28.0
20170124,11,SO2_24h,达州,22.0
20170124,11,NO2,达州,47.0
20170124,11,NO2_24h,达州,55.0
20170124,11,O3,达州,42.0
20170124,11,O3_24h,达州,88.0
20170124,11,O3_8h,达州,40.0
20170124,11,O3_8h_24h,达州,41.0
20170124,11,CO,达州,2.48
20170124,11,CO_24h,达州,2.4
20170124,12,AQI,达州,214.0
20170124,12,PM2.5,达州,164.0
20170124,12,PM2.5_24h,达州,152.0
20170124,12,PM10,达州,242.0
20170124,12,PM10_24h,达州,219.0
20170124,12,SO2,达州,29.0
20170124,12,SO2_24h,达州,23.0
20170124,12,NO2,达州,57.0
20170124,12,NO2_24h,达州,56.0
20170124,12,O3,达州,41.0
20170124,12,O3_24h,达州,88.0
20170124,12,O3_8h,达州,40.0
20170124,12,O3_8h_24h,达州,42.0
20170124,12,CO,达州,2.63
20170124,12,CO_24h,达州,2.4
20170124,13,AQI,达州,213.0
20170124,13,PM2.5,达州,163.0
20170124,13,PM2.5_24h,达州,154.0
20170124,13,PM10,达州,243.0
20170124,13,PM10_24h,达州,222.0
20170124,13,SO2,达州,32.0
20170124,13,SO2_24h,达州,24.0
20170124,13,NO2,达州,58.0
20170124,13,NO2_24h,达州,56.0
20170124,13,O3,达州,41.0
20170124,13,O3_24h,达州,88.0
20170124,13,O3_8h,达州,40.0
20170124,13,O3_8h_24h,达州,42.0
20170124,13,CO,达州,2.43
20170124,13,CO_24h,达州,2.45
20170124,14,AQI,达州,219.0
20170124,14,PM2.5,达州,169.0
20170124,14,PM2.5_24h,达州,156.0
20170124,14,PM10,达州,230.0
20170124,14,PM10_24h,达州,225.0
20170124,14,SO2,达州,37.0
20170124,14,SO2_24h,达州,24.0
20170124,14,NO2,达州,62.0
20170124,14,NO2_24h,达州,58.0
20170124,14,O3,达州,43.0
20170124,14,O3_24h,达州,85.0
20170124,14,O3_8h,达州,40.0
20170124,14,O3_8h_24h,达州,43.0
20170124,14,CO,达州,2.4
20170124,14,CO_24h,达州,2.53
20170124,15,AQI,达州,214.0
20170124,15,PM2.5,达州,164.0
20170124,15,PM2.5_24h,达州,158.0
20170124,15,PM10,达州,226.0
20170124,15,PM10_24h,达州,229.0
20170124,15,SO2,达州,19.0
20170124,15,SO2_24h,达州,24.0
20170124,15,NO2,达州,63.0
20170124,15,NO2_24h,达州,59.0
20170124,15,O3,达州,35.0
20170124,15,O3_24h,达州,78.0
20170124,15,O3_8h,达州,39.0
20170124,15,O3_8h_24h,达州,43.0
20170124,15,CO,达州,2.3
20170124,15,CO_24h,达州,2.55
20170124,16,AQI,达州,200.0
20170124,16,PM2.5,达州,150.0
20170124,16,PM2.5_24h,达州,160.0
20170124,16,PM10,达州,205.0
20170124,16,PM10_24h,达州,231.0
20170124,16,SO2,达州,13.0
20170124,16,SO2_24h,达州,22.0
20170124,16,NO2,达州,50.0
20170124,16,NO2_24h,达州,59.0
20170124,16,O3,达州,46.0
20170124,16,O3_24h,达州,66.0
20170124,16,O3_8h,达州,40.0
20170124,16,O3_8h_24h,达州,43.0
20170124,16,CO,达州,1.9
20170124,16,CO_24h,达州,2.55
20170124,17,AQI,达州,184.0
20170124,17,PM2.5,达州,139.0
20170124,17,PM2.5_24h,达州,161.0
20170124,17,PM10,达州,182.0
20170124,17,PM10_24h,达州,232.0
20170124,17,SO2,达州,17.0
20170124,17,SO2_24h,达州,21.0
20170124,17,NO2,达州,57.0
20170124,17,NO2_24h,达州,58.0
20170124,17,O3,达州,47.0
20170124,17,O3_24h,达州,55.0
20170124,17,O3_8h,达州,42.0
20170124,17,O3_8h_24h,达州,43.0
20170124,17,CO,达州,1.98
20170124,17,CO_24h,达州,2.55
20170124,18,AQI,达州,203.0
20170124,18,PM2.5,达州,153.0
20170124,18,PM2.5_24h,达州,162.0
20170124,18,PM10,达州,201.0
20170124,18,PM10_24h,达州,232.0
20170124,18,SO2,达州,29.0
20170124,18,SO2_24h,达州,19.0
20170124,18,NO2,达州,76.0
20170124,18,NO2_24h,达州,56.0
20170124,18,O3,达州,46.0
20170124,18,O3_24h,达州,55.0
20170124,18,O3_8h,达州,42.0
20170124,18,O3_8h_24h,达州,43.0
20170124,18,CO,达州,2.48
20170124,18,CO_24h,达州,2.5
20170124,19,AQI,达州,219.0
20170124,19,PM2.5,达州,169.0
20170124,19,PM2.5_24h,达州,162.0
20170124,19,PM10,达州,229.0
20170124,19,PM10_24h,达州,231.0
20170124,19,SO2,达州,24.0
20170124,19,SO2_24h,达州,18.0
20170124,19,NO2,达州,78.0
20170124,19,NO2_24h,达州,55.0
20170124,19,O3,达州,38.0
20170124,19,O3_24h,达州,55.0
20170124,19,O3_8h,达州,42.0
20170124,19,O3_8h_24h,达州,43.0
20170124,19,CO,达州,3.38
20170124,19,CO_24h,达州,2.48
20170124,20,AQI,达州,233.0
20170124,20,PM2.5,达州,183.0
20170124,20,PM2.5_24h,达州,162.0
20170124,20,PM10,达州,275.0
20170124,20,PM10_24h,达州,229.0
20170124,20,SO2,达州,17.0
20170124,20,SO2_24h,达州,18.0
20170124,20,NO2,达州,71.0
20170124,20,NO2_24h,达州,54.0
20170124,20,O3,达州,43.0
20170124,20,O3_24h,达州,53.0
20170124,20,O3_8h,达州,42.0
20170124,20,O3_8h_24h,达州,43.0
20170124,20,CO,达州,3.63
20170124,20,CO_24h,达州,2.48
20170124,21,AQI,达州,259.0
20170124,21,PM2.5,达州,209.0
20170124,21,PM2.5_24h,达州,162.0
20170124,21,PM10,达州,324.0
20170124,21,PM10_24h,达州,228.0
20170124,21,SO2,达州,19.0
20170124,21,SO2_24h,达州,18.0
20170124,21,NO2,达州,61.0
20170124,21,NO2_24h,达州,53.0
20170124,21,O3,达州,40.0
20170124,21,O3_24h,达州,53.0
20170124,21,O3_8h,达州,42.0
20170124,21,O3_8h_24h,达州,44.0
20170124,21,CO,达州,3.42
20170124,21,CO_24h,达州,2.48
20170124,22,AQI,达州,257.0
20170124,22,PM2.5,达州,207.0
20170124,22,PM2.5_24h,达州,162.0
20170124,22,PM10,达州,309.0
20170124,22,PM10_24h,达州,227.0
20170124,22,SO2,达州,16.0
20170124,22,SO2_24h,达州,18.0
20170124,22,NO2,达州,54.0
20170124,22,NO2_24h,达州,52.0
20170124,22,O3,达州,39.0
20170124,22,O3_24h,达州,53.0
20170124,22,O3_8h,达州,42.0
20170124,22,O3_8h_24h,达州,44.0
20170124,22,CO,达州,2.8
20170124,22,CO_24h,达州,2.42
20170124,23,AQI,达州,230.0
20170124,23,PM2.5,达州,180.0
20170124,23,PM2.5_24h,达州,161.0
20170124,23,PM10,达州,256.0
20170124,23,PM10_24h,达州,225.0
20170124,23,SO2,达州,15.0
20170124,23,SO2_24h,达州,18.0
20170124,23,NO2,达州,50.0
20170124,23,NO2_24h,达州,52.0
20170124,23,O3,达州,44.0
20170124,23,O3_24h,达州,51.0
20170124,23,O3_8h,达州,43.0
20170124,23,O3_8h_24h,达州,44.0
20170124,23,CO,达州,2.85
20170124,23,CO_24h,达州,2.4
20170124,0,AQI,雅安,235.0
20170124,0,PM2.5,雅安,185.0
20170124,0,PM2.5_24h,雅安,131.0
20170124,0,PM10,雅安,257.0
20170124,0,PM10_24h,雅安,179.0
20170124,0,SO2,雅安,16.0
20170124,0,SO2_24h,雅安,14.0
20170124,0,NO2,雅安,38.0
20170124,0,NO2_24h,雅安,34.0
20170124,0,O3,雅安,69.0
20170124,0,O3_24h,雅安,97.0
20170124,0,O3_8h,雅安,79.0
20170124,0,O3_8h_24h,雅安,87.0
20170124,0,CO,雅安,1.4
20170124,0,CO_24h,雅安,1.23
20170124,1,AQI,雅安,226.0
20170124,1,PM2.5,雅安,176.0
20170124,1,PM2.5_24h,雅安,132.0
20170124,1,PM10,雅安,244.0
20170124,1,PM10_24h,雅安,179.0
20170124,1,SO2,雅安,14.0
20170124,1,SO2_24h,雅安,14.0
20170124,1,NO2,雅安,36.0
20170124,1,NO2_24h,雅安,34.0
20170124,1,O3,雅安,73.0
20170124,1,O3_24h,雅安,97.0
20170124,1,O3_8h,雅安,73.0
20170124,1,O3_8h_24h,雅安,73.0
20170124,1,CO,雅安,1.3
20170124,1,CO_24h,雅安,1.23
20170124,2,AQI,雅安,205.0
20170124,2,PM2.5,雅安,155.0
20170124,2,PM2.5_24h,雅安,131.0
20170124,2,PM10,雅安,226.0
20170124,2,PM10_24h,雅安,179.0
20170124,2,SO2,雅安,14.0
20170124,2,SO2_24h,雅安,14.0
20170124,2,NO2,雅安,32.0
20170124,2,NO2_24h,雅安,34.0
20170124,2,O3,雅安,73.0
20170124,2,O3_24h,雅安,97.0
20170124,2,O3_8h,雅安,73.0
20170124,2,O3_8h_24h,雅安,74.0
20170124,2,CO,雅安,1.23
20170124,2,CO_24h,雅安,1.23
20170124,3,AQI,雅安,173.0
20170124,3,PM2.5,雅安,131.0
20170124,3,PM2.5_24h,雅安,130.0
20170124,3,PM10,雅安,193.0
20170124,3,PM10_24h,雅安,178.0
20170124,3,SO2,雅安,16.0
20170124,3,SO2_24h,雅安,14.0
20170124,3,NO2,雅安,33.0
20170124,3,NO2_24h,雅安,34.0
20170124,3,O3,雅安,65.0
20170124,3,O3_24h,雅安,97.0
20170124,3,O3_8h,雅安,71.0
20170124,3,O3_8h_24h,雅安,74.0
20170124,3,CO,雅安,1.13
20170124,3,CO_24h,雅安,1.23
20170124,4,AQI,雅安,170.0
20170124,4,PM2.5,雅安,129.0
20170124,4,PM2.5_24h,雅安,130.0
20170124,4,PM10,雅安,178.0
20170124,4,PM10_24h,雅安,177.0
20170124,4,SO2,雅安,14.0
20170124,4,SO2_24h,雅安,14.0
20170124,4,NO2,雅安,34.0
20170124,4,NO2_24h,雅安,34.0
20170124,4,O3,雅安,62.0
20170124,4,O3_24h,雅安,97.0
20170124,4,O3_8h,雅安,68.0
20170124,4,O3_8h_24h,雅安,74.0
20170124,4,CO,雅安,1.17
20170124,4,CO_24h,雅安,1.2
20170124,5,AQI,雅安,177.0
20170124,5,PM2.5,雅安,134.0
20170124,5,PM2.5_24h,雅安,130.0
20170124,5,PM10,雅安,182.0
20170124,5,PM10_24h,雅安,177.0
20170124,5,SO2,雅安,14.0
20170124,5,SO2_24h,雅安,14.0
20170124,5,NO2,雅安,32.0
20170124,5,NO2_24h,雅安,34.0
20170124,5,O3,雅安,65.0
20170124,5,O3_24h,雅安,95.0
20170124,5,O3_8h,雅安,68.0
20170124,5,O3_8h_24h,雅安,74.0
20170124,5,CO,雅安,1.17
20170124,5,CO_24h,雅安,1.2
20170124,6,AQI,雅安,169.0
20170124,6,PM2.5,雅安,128.0
20170124,6,PM2.5_24h,雅安,131.0
20170124,6,PM10,雅安,181.0
20170124,6,PM10_24h,雅安,178.0
20170124,6,SO2,雅安,14.0
20170124,6,SO2_24h,雅安,15.0
20170124,6,NO2,雅安,29.0
20170124,6,NO2_24h,雅安,34.0
20170124,6,O3,雅安,66.0
20170124,6,O3_24h,雅安,94.0
20170124,6,O3_8h,雅安,67.0
20170124,6,O3_8h_24h,雅安,74.0
20170124,6,CO,雅安,1.17
20170124,6,CO_24h,雅安,1.2
20170124,7,AQI,雅安,176.0
20170124,7,PM2.5,雅安,133.0
20170124,7,PM2.5_24h,雅安,131.0
20170124,7,PM10,雅安,178.0
20170124,7,PM10_24h,雅安,180.0
20170124,7,SO2,雅安,15.0
20170124,7,SO2_24h,雅安,15.0
20170124,7,NO2,雅安,30.0
20170124,7,NO2_24h,雅安,34.0
20170124,7,O3,雅安,70.0
20170124,7,O3_24h,雅安,94.0
20170124,7,O3_8h,雅安,68.0
20170124,7,O3_8h_24h,雅安,74.0
20170124,7,CO,雅安,1.2
20170124,7,CO_24h,雅安,1.2
20170124,8,AQI,雅安,181.0
20170124,8,PM2.5,雅安,137.0
20170124,8,PM2.5_24h,雅安,132.0
20170124,8,PM10,雅安,194.0
20170124,8,PM10_24h,雅安,182.0
20170124,8,SO2,雅安,13.0
20170124,8,SO2_24h,雅安,15.0
20170124,8,NO2,雅安,36.0
20170124,8,NO2_24h,雅安,34.0
20170124,8,O3,雅安,68.0
20170124,8,O3_24h,雅安,94.0
20170124,8,O3_8h,雅安,68.0
20170124,8,O3_8h_24h,雅安,74.0
20170124,8,CO,雅安,1.23
20170124,8,CO_24h,雅安,1.2
20170124,9,AQI,雅安,201.0
20170124,9,PM2.5,雅安,151.0
20170124,9,PM2.5_24h,雅安,135.0
20170124,9,PM10,雅安,202.0
20170124,9,PM10_24h,雅安,186.0
20170124,9,SO2,雅安,14.0
20170124,9,SO2_24h,雅安,15.0
20170124,9,NO2,雅安,41.0
20170124,9,NO2_24h,雅安,35.0
20170124,9,O3,雅安,68.0
20170124,9,O3_24h,雅安,94.0
20170124,9,O3_8h,雅安,67.0
20170124,9,O3_8h_24h,雅安,74.0
20170124,9,CO,雅安,1.3
20170124,9,CO_24h,雅安,1.2
20170124,10,AQI,雅安,210.0
20170124,10,PM2.5,雅安,160.0
20170124,10,PM2.5_24h,雅安,138.0
20170124,10,PM10,雅安,210.0
20170124,10,PM10_24h,雅安,189.0
20170124,10,SO2,雅安,13.0
20170124,10,SO2_24h,雅安,15.0
20170124,10,NO2,雅安,47.0
20170124,10,NO2_24h,雅安,35.0
20170124,10,O3,雅安,63.0
20170124,10,O3_24h,雅安,94.0
20170124,10,O3_8h,雅安,66.0
20170124,10,O3_8h_24h,雅安,74.0
20170124,10,CO,雅安,1.37
20170124,10,CO_24h,雅安,1.2
20170124,11,AQI,雅安,211.0
20170124,11,PM2.5,雅安,161.0
20170124,11,PM2.5_24h,雅安,140.0
20170124,11,PM10,雅安,220.0
20170124,11,PM10_24h,雅安,192.0
20170124,11,SO2,雅安,15.0
20170124,11,SO2_24h,雅安,15.0
20170124,11,NO2,雅安,51.0
20170124,11,NO2_24h,雅安,36.0
20170124,11,O3,雅安,62.0
20170124,11,O3_24h,雅安,94.0
20170124,11,O3_8h,雅安,65.0
20170124,11,O3_8h_24h,雅安,74.0
20170124,11,CO,雅安,1.37
20170124,11,CO_24h,雅安,1.23
20170124,12,AQI,雅安,218.0
20170124,12,PM2.5,雅安,168.0
20170124,12,PM2.5_24h,雅安,143.0
20170124,12,PM10,雅安,230.0
20170124,12,PM10_24h,雅安,197.0
20170124,12,SO2,雅安,11.0
20170124,12,SO2_24h,雅安,15.0
20170124,12,NO2,雅安,43.0
20170124,12,NO2_24h,雅安,36.0
20170124,12,O3,雅安,58.0
20170124,12,O3_24h,雅安,94.0
20170124,12,O3_8h,雅安,65.0
20170124,12,O3_8h_24h,雅安,75.0
20170124,12,CO,雅安,1.37
20170124,12,CO_24h,雅安,1.23
20170124,13,AQI,雅安,216.0
20170124,13,PM2.5,雅安,166.0
20170124,13,PM2.5_24h,雅安,145.0
20170124,13,PM10,雅安,236.0
20170124,13,PM10_24h,雅安,200.0
20170124,13,SO2,雅安,11.0
20170124,13,SO2_24h,雅安,15.0
20170124,13,NO2,雅安,44.0
20170124,13,NO2_24h,雅安,36.0
20170124,13,O3,雅安,61.0
20170124,13,O3_24h,雅安,94.0
20170124,13,O3_8h,雅安,64.0
20170124,13,O3_8h_24h,雅安,76.0
20170124,13,CO,雅安,1.3
20170124,13,CO_24h,雅安,1.23
20170124,14,AQI,雅安,204.0
20170124,14,PM2.5,雅安,154.0
20170124,14,PM2.5_24h,雅安,146.0
20170124,14,PM10,雅安,234.0
20170124,14,PM10_24h,雅安,203.0
20170124,14,SO2,雅安,14.0
20170124,14,SO2_24h,雅安,15.0
20170124,14,NO2,雅安,35.0
20170124,14,NO2_24h,雅安,36.0
20170124,14,O3,雅安,74.0
20170124,14,O3_24h,雅安,94.0
20170124,14,O3_8h,雅安,66.0
20170124,14,O3_8h_24h,雅安,76.0
20170124,14,CO,雅安,1.17
20170124,14,CO_24h,雅安,1.23
20170124,15,AQI,雅安,211.0
20170124,15,PM2.5,雅安,161.0
20170124,15,PM2.5_24h,雅安,148.0
20170124,15,PM10,雅安,222.0
20170124,15,PM10_24h,雅安,206.0
20170124,15,SO2,雅安,15.0
20170124,15,SO2_24h,雅安,15.0
20170124,15,NO2,雅安,33.0
20170124,15,NO2_24h,雅安,37.0
20170124,15,O3,雅安,77.0
20170124,15,O3_24h,雅安,94.0
20170124,15,O3_8h,雅安,66.0
20170124,15,O3_8h_24h,雅安,76.0
20170124,15,CO,雅安,1.13
20170124,15,CO_24h,雅安,1.23
20170124,16,AQI,雅安,210.0
20170124,16,PM2.5,雅安,160.0
20170124,16,PM2.5_24h,雅安,150.0
20170124,16,PM10,雅安,225.0
20170124,16,PM10_24h,雅安,210.0
20170124,16,SO2,雅安,14.0
20170124,16,SO2_24h,雅安,15.0
20170124,16,NO2,雅安,33.0
20170124,16,NO2_24h,雅安,37.0
20170124,16,O3,雅安,80.0
20170124,16,O3_24h,雅安,92.0
20170124,16,O3_8h,雅安,68.0
20170124,16,O3_8h_24h,雅安,76.0
20170124,16,CO,雅安,1.2
20170124,16,CO_24h,雅安,1.27
20170124,17,AQI,雅安,209.0
20170124,17,PM2.5,雅安,159.0
20170124,17,PM2.5_24h,雅安,153.0
20170124,17,PM10,雅安,221.0
20170124,17,PM10_24h,雅安,213.0
20170124,17,SO2,雅安,14.0
20170124,17,SO2_24h,雅安,15.0
20170124,17,NO2,雅安,35.0
20170124,17,NO2_24h,雅安,38.0
20170124,17,O3,雅安,75.0
20170124,17,O3_24h,雅安,92.0
20170124,17,O3_8h,雅安,69.0
20170124,17,O3_8h_24h,雅安,76.0
20170124,17,CO,雅安,1.17
20170124,17,CO_24h,雅安,1.27
20170124,18,AQI,雅安,211.0
20170124,18,PM2.5,雅安,161.0
20170124,18,PM2.5_24h,雅安,155.0
20170124,18,PM10,雅安,217.0
20170124,18,PM10_24h,雅安,217.0
20170124,18,SO2,雅安,19.0
20170124,18,SO2_24h,雅安,15.0
20170124,18,NO2,雅安,38.0
20170124,18,NO2_24h,雅安,38.0
20170124,18,O3,雅安,72.0
20170124,18,O3_24h,雅安,88.0
20170124,18,O3_8h,雅安,70.0
20170124,18,O3_8h_24h,雅安,76.0
20170124,18,CO,雅安,1.2
20170124,18,CO_24h,雅安,1.27
20170124,19,AQI,雅安,207.0
20170124,19,PM2.5,雅安,157.0
20170124,19,PM2.5_24h,雅安,157.0
20170124,19,PM10,雅安,220.0
20170124,19,PM10_24h,雅安,220.0
20170124,19,SO2,雅安,13.0
20170124,19,SO2_24h,雅安,15.0
20170124,19,NO2,雅安,54.0
20170124,19,NO2_24h,雅安,39.0
20170124,19,O3,雅安,65.0
20170124,19,O3_24h,雅安,88.0
20170124,19,O3_8h,雅安,70.0
20170124,19,O3_8h_24h,雅安,76.0
20170124,19,CO,雅安,1.37
20170124,19,CO_24h,雅安,1.27
20170124,20,AQI,雅安,214.0
20170124,20,PM2.5,雅安,164.0
20170124,20,PM2.5_24h,雅安,157.0
20170124,20,PM10,雅安,238.0
20170124,20,PM10_24h,雅安,220.0
20170124,20,SO2,雅安,15.0
20170124,20,SO2_24h,雅安,15.0
20170124,20,NO2,雅安,49.0
20170124,20,NO2_24h,雅安,39.0
20170124,20,O3,雅安,92.0
20170124,20,O3_24h,雅安,107.0
20170124,20,O3_8h,雅安,75.0
20170124,20,O3_8h_24h,雅安,77.0
20170124,20,CO,雅安,1.43
20170124,20,CO_24h,雅安,1.27
20170124,21,AQI,雅安,217.0
20170124,21,PM2.5,雅安,167.0
20170124,21,PM2.5_24h,雅安,157.0
20170124,21,PM10,雅安,238.0
20170124,21,PM10_24h,雅安,220.0
20170124,21,SO2,雅安,15.0
20170124,21,SO2_24h,雅安,14.0
20170124,21,NO2,雅安,62.0
20170124,21,NO2_24h,雅安,40.0
20170124,21,O3,雅安,66.0
20170124,21,O3_24h,雅安,107.0
20170124,21,O3_8h,雅安,75.0
20170124,21,O3_8h_24h,雅安,77.0
20170124,21,CO,雅安,1.6
20170124,21,CO_24h,雅安,1.27
20170124,22,AQI,雅安,226.0
20170124,22,PM2.5,雅安,176.0
20170124,22,PM2.5_24h,雅安,156.0
20170124,22,PM10,雅安,245.0
20170124,22,PM10_24h,雅安,219.0
20170124,22,SO2,雅安,15.0
20170124,22,SO2_24h,雅安,14.0
20170124,22,NO2,雅安,51.0
20170124,22,NO2_24h,雅安,40.0
20170124,22,O3,雅安,67.0
20170124,22,O3_24h,雅安,107.0
20170124,22,O3_8h,雅安,75.0
20170124,22,O3_8h_24h,雅安,77.0
20170124,22,CO,雅安,1.43
20170124,22,CO_24h,雅安,1.27
20170124,23,AQI,雅安,219.0
20170124,23,PM2.5,雅安,169.0
20170124,23,PM2.5_24h,雅安,156.0
20170124,23,PM10,雅安,237.0
20170124,23,PM10_24h,雅安,218.0
20170124,23,SO2,雅安,15.0
20170124,23,SO2_24h,雅安,14.0
20170124,23,NO2,雅安,58.0
20170124,23,NO2_24h,雅安,41.0
20170124,23,O3,雅安,67.0
20170124,23,O3_24h,雅安,107.0
20170124,23,O3_8h,雅安,73.0
20170124,23,O3_8h_24h,雅安,78.0
20170124,23,CO,雅安,1.63
20170124,23,CO_24h,雅安,1.3
20170124,0,AQI,巴中,177.0
20170124,0,PM2.5,巴中,134.0
20170124,0,PM2.5_24h,巴中,109.0
20170124,0,PM10,巴中,184.0
20170124,0,PM10_24h,巴中,141.0
20170124,0,SO2,巴中,3.0
20170124,0,SO2_24h,巴中,4.0
20170124,0,NO2,巴中,49.0
20170124,0,NO2_24h,巴中,50.0
20170124,0,O3,巴中,10.0
20170124,0,O3_24h,巴中,56.0
20170124,0,O3_8h,巴中,16.0
20170124,0,O3_8h_24h,巴中,33.0
20170124,0,CO,巴中,1.3
20170124,0,CO_24h,巴中,1.25
20170124,1,AQI,巴中,173.0
20170124,1,PM2.5,巴中,131.0
20170124,1,PM2.5_24h,巴中,110.0
20170124,1,PM10,巴中,183.0
20170124,1,PM10_24h,巴中,143.0
20170124,1,SO2,巴中,3.0
20170124,1,SO2_24h,巴中,4.0
20170124,1,NO2,巴中,46.0
20170124,1,NO2_24h,巴中,50.0
20170124,1,O3,巴中,12.0
20170124,1,O3_24h,巴中,56.0
20170124,1,O3_8h,巴中,12.0
20170124,1,O3_8h_24h,巴中,12.0
20170124,1,CO,巴中,1.4
20170124,1,CO_24h,巴中,1.25
20170124,2,AQI,巴中,166.0
20170124,2,PM2.5,巴中,126.0
20170124,2,PM2.5_24h,巴中,111.0
20170124,2,PM10,巴中,174.0
20170124,2,PM10_24h,巴中,144.0
20170124,2,SO2,巴中,3.0
20170124,2,SO2_24h,巴中,4.0
20170124,2,NO2,巴中,39.0
20170124,2,NO2_24h,巴中,50.0
20170124,2,O3,巴中,19.0
20170124,2,O3_24h,巴中,56.0
20170124,2,O3_8h,巴中,15.0
20170124,2,O3_8h_24h,巴中,16.0
20170124,2,CO,巴中,1.4
20170124,2,CO_24h,巴中,1.25
20170124,3,AQI,巴中,163.0
20170124,3,PM2.5,巴中,124.0
20170124,3,PM2.5_24h,巴中,112.0
20170124,3,PM10,巴中,169.0
20170124,3,PM10_24h,巴中,145.0
20170124,3,SO2,巴中,3.0
20170124,3,SO2_24h,巴中,4.0
20170124,3,NO2,巴中,38.0
20170124,3,NO2_24h,巴中,50.0
20170124,3,O3,巴中,19.0
20170124,3,O3_24h,巴中,56.0
20170124,3,O3_8h,巴中,17.0
20170124,3,O3_8h_24h,巴中,17.0
20170124,3,CO,巴中,1.35
20170124,3,CO_24h,巴中,1.3
20170124,4,AQI,巴中,161.0
20170124,4,PM2.5,巴中,123.0
20170124,4,PM2.5_24h,巴中,112.0
20170124,4,PM10,巴中,167.0
20170124,4,PM10_24h,巴中,147.0
20170124,4,SO2,巴中,3.0
20170124,4,SO2_24h,巴中,4.0
20170124,4,NO2,巴中,35.0
20170124,4,NO2_24h,巴中,51.0
20170124,4,O3,巴中,17.0
20170124,4,O3_24h,巴中,56.0
20170124,4,O3_8h,巴中,17.0
20170124,4,O3_8h_24h,巴中,17.0
20170124,4,CO,巴中,1.25
20170124,4,CO_24h,巴中,1.3
20170124,5,AQI,巴中,154.0
20170124,5,PM2.5,巴中,118.0
20170124,5,PM2.5_24h,巴中,113.0
20170124,5,PM10,巴中,156.0
20170124,5,PM10_24h,巴中,148.0
20170124,5,SO2,巴中,3.0
20170124,5,SO2_24h,巴中,4.0
20170124,5,NO2,巴中,34.0
20170124,5,NO2_24h,巴中,51.0
20170124,5,O3,巴中,17.0
20170124,5,O3_24h,巴中,56.0
20170124,5,O3_8h,巴中,17.0
20170124,5,O3_8h_24h,巴中,17.0
20170124,5,CO,巴中,1.25
20170124,5,CO_24h,巴中,1.3
20170124,6,AQI,巴中,140.0
20170124,6,PM2.5,巴中,107.0
20170124,6,PM2.5_24h,巴中,113.0
20170124,6,PM10,巴中,138.0
20170124,6,PM10_24h,巴中,149.0
20170124,6,SO2,巴中,3.0
20170124,6,SO2_24h,巴中,4.0
20170124,6,NO2,巴中,30.0
20170124,6,NO2_24h,巴中,51.0
20170124,6,O3,巴中,19.0
20170124,6,O3_24h,巴中,56.0
20170124,6,O3_8h,巴中,17.0
20170124,6,O3_8h_24h,巴中,18.0
20170124,6,CO,巴中,1.1
20170124,6,CO_24h,巴中,1.3
20170124,7,AQI,巴中,136.0
20170124,7,PM2.5,巴中,104.0
20170124,7,PM2.5_24h,巴中,114.0
20170124,7,PM10,巴中,133.0
20170124,7,PM10_24h,巴中,149.0
20170124,7,SO2,巴中,4.0
20170124,7,SO2_24h,巴中,4.0
20170124,7,NO2,巴中,31.0
20170124,7,NO2_24h,巴中,51.0
20170124,7,O3,巴中,17.0
20170124,7,O3_24h,巴中,56.0
20170124,7,O3_8h,巴中,17.0
20170124,7,O3_8h_24h,巴中,18.0
20170124,7,CO,巴中,1.1
20170124,7,CO_24h,巴中,1.3
20170124,8,AQI,巴中,144.0
20170124,8,PM2.5,巴中,110.0
20170124,8,PM2.5_24h,巴中,115.0
20170124,8,PM10,巴中,148.0
20170124,8,PM10_24h,巴中,151.0
20170124,8,SO2,巴中,3.0
20170124,8,SO2_24h,巴中,4.0
20170124,8,NO2,巴中,37.0
20170124,8,NO2_24h,巴中,51.0
20170124,8,O3,巴中,14.0
20170124,8,O3_24h,巴中,56.0
20170124,8,O3_8h,巴中,17.0
20170124,8,O3_8h_24h,巴中,18.0
20170124,8,CO,巴中,1.2
20170124,8,CO_24h,巴中,1.3
20170124,9,AQI,巴中,148.0
20170124,9,PM2.5,巴中,113.0
20170124,9,PM2.5_24h,巴中,115.0
20170124,9,PM10,巴中,155.0
20170124,9,PM10_24h,巴中,153.0
20170124,9,SO2,巴中,4.0
20170124,9,SO2_24h,巴中,4.0
20170124,9,NO2,巴中,45.0
20170124,9,NO2_24h,巴中,52.0
20170124,9,O3,巴中,6.0
20170124,9,O3_24h,巴中,56.0
20170124,9,O3_8h,巴中,16.0
20170124,9,O3_8h_24h,巴中,18.0
20170124,9,CO,巴中,1.45
20170124,9,CO_24h,巴中,1.35
20170124,10,AQI,巴中,146.0
20170124,10,PM2.5,巴中,112.0
20170124,10,PM2.5_24h,巴中,116.0
20170124,10,PM10,巴中,152.0
20170124,10,PM10_24h,巴中,154.0
20170124,10,SO2,巴中,4.0
20170124,10,SO2_24h,巴中,4.0
20170124,10,NO2,巴中,46.0
20170124,10,NO2_24h,巴中,53.0
20170124,10,O3,巴中,5.0
20170124,10,O3_24h,巴中,56.0
20170124,10,O3_8h,巴中,14.0
20170124,10,O3_8h_24h,巴中,18.0
20170124,10,CO,巴中,1.7
20170124,10,CO_24h,巴中,1.35
20170124,11,AQI,巴中,144.0
20170124,11,PM2.5,巴中,110.0
20170124,11,PM2.5_24h,巴中,117.0
20170124,11,PM10,巴中,147.0
20170124,11,PM10_24h,巴中,155.0
20170124,11,SO2,巴中,4.0
20170124,11,SO2_24h,巴中,4.0
20170124,11,NO2,巴中,45.0
20170124,11,NO2_24h,巴中,53.0
20170124,11,O3,巴中,12.0
20170124,11,O3_24h,巴中,56.0
20170124,11,O3_8h,巴中,13.0
20170124,11,O3_8h_24h,巴中,18.0
20170124,11,CO,巴中,1.4
20170124,11,CO_24h,巴中,1.35
20170124,12,AQI,巴中,143.0
20170124,12,PM2.5,巴中,109.0
20170124,12,PM2.5_24h,巴中,117.0
20170124,12,PM10,巴中,145.0
20170124,12,PM10_24h,巴中,156.0
20170124,12,SO2,巴中,4.0
20170124,12,SO2_24h,巴中,4.0
20170124,12,NO2,巴中,47.0
20170124,12,NO2_24h,巴中,53.0
20170124,12,O3,巴中,18.0
20170124,12,O3_24h,巴中,56.0
20170124,12,O3_8h,巴中,14.0
20170124,12,O3_8h_24h,巴中,19.0
20170124,12,CO,巴中,1.35
20170124,12,CO_24h,巴中,1.35
20170124,13,AQI,巴中,135.0
20170124,13,PM2.5,巴中,103.0
20170124,13,PM2.5_24h,巴中,117.0
20170124,13,PM10,巴中,139.0
20170124,13,PM10_24h,巴中,156.0
20170124,13,SO2,巴中,4.0
20170124,13,SO2_24h,巴中,4.0
20170124,13,NO2,巴中,52.0
20170124,13,NO2_24h,巴中,53.0
20170124,13,O3,巴中,24.0
20170124,13,O3_24h,巴中,56.0
20170124,13,O3_8h,巴中,14.0
20170124,13,O3_8h_24h,巴中,20.0
20170124,13,CO,巴中,1.3
20170124,13,CO_24h,巴中,1.35
20170124,14,AQI,巴中,140.0
20170124,14,PM2.5,巴中,107.0
20170124,14,PM2.5_24h,巴中,117.0
20170124,14,PM10,巴中,141.0
20170124,14,PM10_24h,巴中,157.0
20170124,14,SO2,巴中,5.0
20170124,14,SO2_24h,巴中,4.0
20170124,14,NO2,巴中,60.0
20170124,14,NO2_24h,巴中,53.0
20170124,14,O3,巴中,33.0
20170124,14,O3_24h,巴中,56.0
20170124,14,O3_8h,巴中,16.0
20170124,14,O3_8h_24h,巴中,22.0
20170124,14,CO,巴中,1.4
20170124,14,CO_24h,巴中,1.35
20170124,15,AQI,巴中,108.0
20170124,15,PM2.5,巴中,81.0
20170124,15,PM2.5_24h,巴中,116.0
20170124,15,PM10,巴中,107.0
20170124,15,PM10_24h,巴中,156.0
20170124,15,SO2,巴中,4.0
20170124,15,SO2_24h,巴中,4.0
20170124,15,NO2,巴中,51.0
20170124,15,NO2_24h,巴中,53.0
20170124,15,O3,巴中,53.0
20170124,15,O3_24h,巴中,56.0
20170124,15,O3_8h,巴中,21.0
20170124,15,O3_8h_24h,巴中,25.0
20170124,15,CO,巴中,1.2
20170124,15,CO_24h,巴中,1.35
20170124,16,AQI,巴中,89.0
20170124,16,PM2.5,巴中,66.0
20170124,16,PM2.5_24h,巴中,115.0
20170124,16,PM10,巴中,89.0
20170124,16,PM10_24h,巴中,154.0
20170124,16,SO2,巴中,4.0
20170124,16,SO2_24h,巴中,4.0
20170124,16,NO2,巴中,43.0
20170124,16,NO2_24h,巴中,52.0
20170124,16,O3,巴中,60.0
20170124,16,O3_24h,巴中,60.0
20170124,16,O3_8h,巴中,27.0
20170124,16,O3_8h_24h,巴中,28.0
20170124,16,CO,巴中,0.9
20170124,16,CO_24h,巴中,1.35
20170124,17,AQI,巴中,110.0
20170124,17,PM2.5,巴中,83.0
20170124,17,PM2.5_24h,巴中,114.0
20170124,17,PM10,巴中,113.0
20170124,17,PM10_24h,巴中,154.0
20170124,17,SO2,巴中,5.0
20170124,17,SO2_24h,巴中,4.0
20170124,17,NO2,巴中,52.0
20170124,17,NO2_24h,巴中,51.0
20170124,17,O3,巴中,47.0
20170124,17,O3_24h,巴中,60.0
20170124,17,O3_8h,巴中,32.0
20170124,17,O3_8h_24h,巴中,32.0
20170124,17,CO,巴中,1.15
20170124,17,CO_24h,巴中,1.35
20170124,18,AQI,巴中,125.0
20170124,18,PM2.5,巴中,95.0
20170124,18,PM2.5_24h,巴中,114.0
20170124,18,PM10,巴中,127.0
20170124,18,PM10_24h,巴中,153.0
20170124,18,SO2,巴中,6.0
20170124,18,SO2_24h,巴中,4.0
20170124,18,NO2,巴中,54.0
20170124,18,NO2_24h,巴中,50.0
20170124,18,O3,巴中,46.0
20170124,18,O3_24h,巴中,60.0
20170124,18,O3_8h,巴中,37.0
20170124,18,O3_8h_24h,巴中,37.0
20170124,18,CO,巴中,1.25
20170124,18,CO_24h,巴中,1.35
20170124,19,AQI,巴中,144.0
20170124,19,PM2.5,巴中,110.0
20170124,19,PM2.5_24h,巴中,113.0
20170124,19,PM10,巴中,149.0
20170124,19,PM10_24h,巴中,152.0
20170124,19,SO2,巴中,6.0
20170124,19,SO2_24h,巴中,4.0
20170124,19,NO2,巴中,75.0
20170124,19,NO2_24h,巴中,49.0
20170124,19,O3,巴中,21.0
20170124,19,O3_24h,巴中,60.0
20170124,19,O3_8h,巴中,38.0
20170124,19,O3_8h_24h,巴中,38.0
20170124,19,CO,巴中,1.75
20170124,19,CO_24h,巴中,1.3
20170124,20,AQI,巴中,167.0
20170124,20,PM2.5,巴中,127.0
20170124,20,PM2.5_24h,巴中,112.0
20170124,20,PM10,巴中,175.0
20170124,20,PM10_24h,巴中,151.0
20170124,20,SO2,巴中,4.0
20170124,20,SO2_24h,巴中,4.0
20170124,20,NO2,巴中,78.0
20170124,20,NO2_24h,巴中,49.0
20170124,20,O3,巴中,5.0
20170124,20,O3_24h,巴中,60.0
20170124,20,O3_8h,巴中,36.0
20170124,20,O3_8h_24h,巴中,38.0
20170124,20,CO,巴中,1.85
20170124,20,CO_24h,巴中,1.35
20170124,21,AQI,巴中,146.0
20170124,21,PM2.5,巴中,112.0
20170124,21,PM2.5_24h,巴中,111.0
20170124,21,PM10,巴中,150.0
20170124,21,PM10_24h,巴中,150.0
20170124,21,SO2,巴中,4.0
20170124,21,SO2_24h,巴中,4.0
20170124,21,NO2,巴中,61.0
20170124,21,NO2_24h,巴中,48.0
20170124,21,O3,巴中,9.0
20170124,21,O3_24h,巴中,60.0
20170124,21,O3_8h,巴中,34.0
20170124,21,O3_8h_24h,巴中,38.0
20170124,21,CO,巴中,1.45
20170124,21,CO_24h,巴中,1.35
20170124,22,AQI,巴中,143.0
20170124,22,PM2.5,巴中,109.0
20170124,22,PM2.5_24h,巴中,110.0
20170124,22,PM10,巴中,141.0
20170124,22,PM10_24h,巴中,149.0
20170124,22,SO2,巴中,4.0
20170124,22,SO2_24h,巴中,4.0
20170124,22,NO2,巴中,59.0
20170124,22,NO2_24h,巴中,48.0
20170124,22,O3,巴中,6.0
20170124,22,O3_24h,巴中,60.0
20170124,22,O3_8h,巴中,31.0
20170124,22,O3_8h_24h,巴中,38.0
20170124,22,CO,巴中,1.45
20170124,22,CO_24h,巴中,1.35
20170124,23,AQI,巴中,136.0
20170124,23,PM2.5,巴中,104.0
20170124,23,PM2.5_24h,巴中,109.0
20170124,23,PM10,巴中,140.0
20170124,23,PM10_24h,巴中,147.0
20170124,23,SO2,巴中,3.0
20170124,23,SO2_24h,巴中,4.0
20170124,23,NO2,巴中,53.0
20170124,23,NO2_24h,巴中,48.0
20170124,23,O3,巴中,6.0
20170124,23,O3_24h,巴中,60.0
20170124,23,O3_8h,巴中,25.0
20170124,23,O3_8h_24h,巴中,38.0
20170124,23,CO,巴中,1.35
20170124,23,CO_24h,巴中,1.35
20170124,0,AQI,资阳,128.0
20170124,0,PM2.5,资阳,97.0
20170124,0,PM2.5_24h,资阳,106.0
20170124,0,PM10,资阳,195.0
20170124,0,PM10_24h,资阳,208.0
20170124,0,SO2,资阳,7.0
20170124,0,SO2_24h,资阳,10.0
20170124,0,NO2,资阳,26.0
20170124,0,NO2_24h,资阳,32.0
20170124,0,O3,资阳,51.0
20170124,0,O3_24h,资阳,87.0
20170124,0,O3_8h,资阳,67.0
20170124,0,O3_8h_24h,资阳,73.0
20170124,0,CO,资阳,1.07
20170124,0,CO_24h,资阳,1.15
20170124,1,AQI,资阳,126.0
20170124,1,PM2.5,资阳,96.0
20170124,1,PM2.5_24h,资阳,105.0
20170124,1,PM10,资阳,187.0
20170124,1,PM10_24h,资阳,207.0
20170124,1,SO2,资阳,8.0
20170124,1,SO2_24h,资阳,10.0
20170124,1,NO2,资阳,29.0
20170124,1,NO2_24h,资阳,31.0
20170124,1,O3,资阳,42.0
20170124,1,O3_24h,资阳,87.0
20170124,1,O3_8h,资阳,42.0
20170124,1,O3_8h_24h,资阳,42.0
20170124,1,CO,资阳,1.05
20170124,1,CO_24h,资阳,1.15
20170124,2,AQI,资阳,128.0
20170124,2,PM2.5,资阳,97.0
20170124,2,PM2.5_24h,资阳,105.0
20170124,2,PM10,资阳,190.0
20170124,2,PM10_24h,资阳,206.0
20170124,2,SO2,资阳,10.0
20170124,2,SO2_24h,资阳,10.0
20170124,2,NO2,资阳,30.0
20170124,2,NO2_24h,资阳,30.0
20170124,2,O3,资阳,39.0
20170124,2,O3_24h,资阳,87.0
20170124,2,O3_8h,资阳,40.0
20170124,2,O3_8h_24h,资阳,42.0
20170124,2,CO,资阳,1.05
20170124,2,CO_24h,资阳,1.15
20170124,3,AQI,资阳,126.0
20170124,3,PM2.5,资阳,96.0
20170124,3,PM2.5_24h,资阳,104.0
20170124,3,PM10,资阳,189.0
20170124,3,PM10_24h,资阳,206.0
20170124,3,SO2,资阳,9.0
20170124,3,SO2_24h,资阳,10.0
20170124,3,NO2,资阳,28.0
20170124,3,NO2_24h,资阳,30.0
20170124,3,O3,资阳,44.0
20170124,3,O3_24h,资阳,87.0
20170124,3,O3_8h,资阳,42.0
20170124,3,O3_8h_24h,资阳,44.0
20170124,3,CO,资阳,1.05
20170124,3,CO_24h,资阳,1.15
20170124,4,AQI,资阳,129.0
20170124,4,PM2.5,资阳,98.0
20170124,4,PM2.5_24h,资阳,104.0
20170124,4,PM10,资阳,191.0
20170124,4,PM10_24h,资阳,205.0
20170124,4,SO2,资阳,7.0
20170124,4,SO2_24h,资阳,10.0
20170124,4,NO2,资阳,21.0
20170124,4,NO2_24h,资阳,29.0
20170124,4,O3,资阳,47.0
20170124,4,O3_24h,资阳,87.0
20170124,4,O3_8h,资阳,43.0
20170124,4,O3_8h_24h,资阳,45.0
20170124,4,CO,资阳,1.02
20170124,4,CO_24h,资阳,1.15
20170124,5,AQI,资阳,129.0
20170124,5,PM2.5,资阳,98.0
20170124,5,PM2.5_24h,资阳,103.0
20170124,5,PM10,资阳,189.0
20170124,5,PM10_24h,资阳,204.0
20170124,5,SO2,资阳,7.0
20170124,5,SO2_24h,资阳,10.0
20170124,5,NO2,资阳,23.0
20170124,5,NO2_24h,资阳,29.0
20170124,5,O3,资阳,40.0
20170124,5,O3_24h,资阳,87.0
20170124,5,O3_8h,资阳,43.0
20170124,5,O3_8h_24h,资阳,45.0
20170124,5,CO,资阳,1.0
20170124,5,CO_24h,资阳,1.13
20170124,6,AQI,资阳,131.0
20170124,6,PM2.5,资阳,100.0
20170124,6,PM2.5_24h,资阳,103.0
20170124,6,PM10,资阳,186.0
20170124,6,PM10_24h,资阳,204.0
20170124,6,SO2,资阳,8.0
20170124,6,SO2_24h,资阳,10.0
20170124,6,NO2,资阳,25.0
20170124,6,NO2_24h,资阳,28.0
20170124,6,O3,资阳,36.0
20170124,6,O3_24h,资阳,87.0
20170124,6,O3_8h,资阳,41.0
20170124,6,O3_8h_24h,资阳,45.0
20170124,6,CO,资阳,1.0
20170124,6,CO_24h,资阳,1.13
20170124,7,AQI,资阳,130.0
20170124,7,PM2.5,资阳,99.0
20170124,7,PM2.5_24h,资阳,102.0
20170124,7,PM10,资阳,180.0
20170124,7,PM10_24h,资阳,202.0
20170124,7,SO2,资阳,7.0
20170124,7,SO2_24h,资阳,10.0
20170124,7,NO2,资阳,29.0
20170124,7,NO2_24h,资阳,28.0
20170124,7,O3,资阳,27.0
20170124,7,O3_24h,资阳,87.0
20170124,7,O3_8h,资阳,39.0
20170124,7,O3_8h_24h,资阳,45.0
20170124,7,CO,资阳,1.05
20170124,7,CO_24h,资阳,1.13
20170124,8,AQI,资阳,128.0
20170124,8,PM2.5,资阳,97.0
20170124,8,PM2.5_24h,资阳,102.0
20170124,8,PM10,资阳,178.0
20170124,8,PM10_24h,资阳,201.0
20170124,8,SO2,资阳,11.0
20170124,8,SO2_24h,资阳,10.0
20170124,8,NO2,资阳,40.0
20170124,8,NO2_24h,资阳,28.0
20170124,8,O3,资阳,16.0
20170124,8,O3_24h,资阳,87.0
20170124,8,O3_8h,资阳,36.0
20170124,8,O3_8h_24h,资阳,45.0
20170124,8,CO,资阳,1.2
20170124,8,CO_24h,资阳,1.13
20170124,9,AQI,资阳,125.0
20170124,9,PM2.5,资阳,95.0
20170124,9,PM2.5_24h,资阳,101.0
20170124,9,PM10,资阳,184.0
20170124,9,PM10_24h,资阳,199.0
20170124,9,SO2,资阳,14.0
20170124,9,SO2_24h,资阳,10.0
20170124,9,NO2,资阳,42.0
20170124,9,NO2_24h,资阳,28.0
20170124,9,O3,资阳,16.0
20170124,9,O3_24h,资阳,87.0
20170124,9,O3_8h,资阳,33.0
20170124,9,O3_8h_24h,资阳,45.0
20170124,9,CO,资阳,1.3
20170124,9,CO_24h,资阳,1.1
20170124,10,AQI,资阳,131.0
20170124,10,PM2.5,资阳,100.0
20170124,10,PM2.5_24h,资阳,100.0
20170124,10,PM10,资阳,187.0
20170124,10,PM10_24h,资阳,198.0
20170124,10,SO2,资阳,17.0
20170124,10,SO2_24h,资阳,10.0
20170124,10,NO2,资阳,49.0
20170124,10,NO2_24h,资阳,29.0
20170124,10,O3,资阳,13.0
20170124,10,O3_24h,资阳,87.0
20170124,10,O3_8h,资阳,30.0
20170124,10,O3_8h_24h,资阳,45.0
20170124,10,CO,资阳,1.4
20170124,10,CO_24h,资阳,1.08
20170124,11,AQI,资阳,133.0
20170124,11,PM2.5,资阳,101.0
20170124,11,PM2.5_24h,资阳,100.0
20170124,11,PM10,资阳,189.0
20170124,11,PM10_24h,资阳,196.0
20170124,11,SO2,资阳,11.0
20170124,11,SO2_24h,资阳,10.0
20170124,11,NO2,资阳,48.0
20170124,11,NO2_24h,资阳,29.0
20170124,11,O3,资阳,18.0
20170124,11,O3_24h,资阳,87.0
20170124,11,O3_8h,资阳,27.0
20170124,11,O3_8h_24h,资阳,45.0
20170124,11,CO,资阳,1.3
20170124,11,CO_24h,资阳,1.08
20170124,12,AQI,资阳,131.0
20170124,12,PM2.5,资阳,100.0
20170124,12,PM2.5_24h,资阳,99.0
20170124,12,PM10,资阳,186.0
20170124,12,PM10_24h,资阳,194.0
20170124,12,SO2,资阳,57.0
20170124,12,SO2_24h,资阳,12.0
20170124,12,NO2,资阳,41.0
20170124,12,NO2_24h,资阳,30.0
20170124,12,O3,资阳,26.0
20170124,12,O3_24h,资阳,87.0
20170124,12,O3_8h,资阳,24.0
20170124,12,O3_8h_24h,资阳,45.0
20170124,12,CO,资阳,1.23
20170124,12,CO_24h,资阳,1.08
20170124,13,AQI,资阳,136.0
20170124,13,PM2.5,资阳,104.0
20170124,13,PM2.5_24h,资阳,98.0
20170124,13,PM10,资阳,193.0
20170124,13,PM10_24h,资阳,192.0
20170124,13,SO2,资阳,12.0
20170124,13,SO2_24h,资阳,12.0
20170124,13,NO2,资阳,43.0
20170124,13,NO2_24h,资阳,30.0
20170124,13,O3,资阳,40.0
20170124,13,O3_24h,资阳,87.0
20170124,13,O3_8h,资阳,24.0
20170124,13,O3_8h_24h,资阳,45.0
20170124,13,CO,资阳,1.28
20170124,13,CO_24h,资阳,1.1
20170124,14,AQI,资阳,138.0
20170124,14,PM2.5,资阳,105.0
20170124,14,PM2.5_24h,资阳,97.0
20170124,14,PM10,资阳,204.0
20170124,14,PM10_24h,资阳,190.0
20170124,14,SO2,资阳,11.0
20170124,14,SO2_24h,资阳,12.0
20170124,14,NO2,资阳,34.0
20170124,14,NO2_24h,资阳,31.0
20170124,14,O3,资阳,74.0
20170124,14,O3_24h,资阳,87.0
20170124,14,O3_8h,资阳,29.0
20170124,14,O3_8h_24h,资阳,45.0
20170124,14,CO,资阳,1.07
20170124,14,CO_24h,资阳,1.1
20170124,15,AQI,资阳,130.0
20170124,15,PM2.5,资阳,99.0
20170124,15,PM2.5_24h,资阳,96.0
20170124,15,PM10,资阳,192.0
20170124,15,PM10_24h,资阳,188.0
20170124,15,SO2,资阳,12.0
20170124,15,SO2_24h,资阳,12.0
20170124,15,NO2,资阳,28.0
20170124,15,NO2_24h,资阳,31.0
20170124,15,O3,资阳,88.0
20170124,15,O3_24h,资阳,91.0
20170124,15,O3_8h,资阳,37.0
20170124,15,O3_8h_24h,资阳,45.0
20170124,15,CO,资阳,1.0
20170124,15,CO_24h,资阳,1.08
20170124,16,AQI,资阳,125.0
20170124,16,PM2.5,资阳,95.0
20170124,16,PM2.5_24h,资阳,95.0
20170124,16,PM10,资阳,186.0
20170124,16,PM10_24h,资阳,187.0
20170124,16,SO2,资阳,9.0
20170124,16,SO2_24h,资阳,12.0
20170124,16,NO2,资阳,25.0
20170124,16,NO2_24h,资阳,31.0
20170124,16,O3,资阳,96.0
20170124,16,O3_24h,资阳,97.0
20170124,16,O3_8h,资阳,46.0
20170124,16,O3_8h_24h,资阳,48.0
20170124,16,CO,资阳,0.95
20170124,16,CO_24h,资阳,1.08
20170124,17,AQI,资阳,115.0
20170124,17,PM2.5,资阳,83.0
20170124,17,PM2.5_24h,资阳,95.0
20170124,17,PM10,资阳,179.0
20170124,17,PM10_24h,资阳,186.0
20170124,17,SO2,资阳,8.0
20170124,17,SO2_24h,资阳,12.0
20170124,17,NO2,资阳,20.0
20170124,17,NO2_24h,资阳,31.0
20170124,17,O3,资阳,105.0
20170124,17,O3_24h,资阳,105.0
20170124,17,O3_8h,资阳,57.0
20170124,17,O3_8h_24h,资阳,57.0
20170124,17,CO,资阳,0.85
20170124,17,CO_24h,资阳,1.08
20170124,18,AQI,资阳,112.0
20170124,18,PM2.5,资阳,79.0
20170124,18,PM2.5_24h,资阳,95.0
20170124,18,PM10,资阳,173.0
20170124,18,PM10_24h,资阳,186.0
20170124,18,SO2,资阳,8.0
20170124,18,SO2_24h,资阳,12.0
20170124,18,NO2,资阳,22.0
20170124,18,NO2_24h,资阳,31.0
20170124,18,O3,资阳,102.0
20170124,18,O3_24h,资阳,106.0
20170124,18,O3_8h,资阳,69.0
20170124,18,O3_8h_24h,资阳,69.0
20170124,18,CO,资阳,0.87
20170124,18,CO_24h,资阳,1.08
20170124,19,AQI,资阳,111.0
20170124,19,PM2.5,资阳,78.0
20170124,19,PM2.5_24h,资阳,95.0
20170124,19,PM10,资阳,171.0
20170124,19,PM10_24h,资阳,186.0
20170124,19,SO2,资阳,12.0
20170124,19,SO2_24h,资阳,12.0
20170124,19,NO2,资阳,51.0
20170124,19,NO2_24h,资阳,32.0
20170124,19,O3,资阳,54.0
20170124,19,O3_24h,资阳,106.0
20170124,19,O3_8h,资阳,73.0
20170124,19,O3_8h_24h,资阳,73.0
20170124,19,CO,资阳,1.45
20170124,19,CO_24h,资阳,1.1
20170124,20,AQI,资阳,114.0
20170124,20,PM2.5,资阳,81.0
20170124,20,PM2.5_24h,资阳,95.0
20170124,20,PM10,资阳,178.0
20170124,20,PM10_24h,资阳,187.0
20170124,20,SO2,资阳,13.0
20170124,20,SO2_24h,资阳,12.0
20170124,20,NO2,资阳,71.0
20170124,20,NO2_24h,资阳,34.0
20170124,20,O3,资阳,21.0
20170124,20,O3_24h,资阳,106.0
20170124,20,O3_8h,资阳,73.0
20170124,20,O3_8h_24h,资阳,74.0
20170124,20,CO,资阳,1.93
20170124,20,CO_24h,资阳,1.15
20170124,21,AQI,资阳,130.0
20170124,21,PM2.5,资阳,90.0
20170124,21,PM2.5_24h,资阳,95.0
20170124,21,PM10,资阳,210.0
20170124,21,PM10_24h,资阳,188.0
20170124,21,SO2,资阳,11.0
20170124,21,SO2_24h,资阳,12.0
20170124,21,NO2,资阳,64.0
20170124,21,NO2_24h,资阳,35.0
20170124,21,O3,资阳,18.0
20170124,21,O3_24h,资阳,106.0
20170124,21,O3_8h,资阳,70.0
20170124,21,O3_8h_24h,资阳,74.0
20170124,21,CO,资阳,1.75
20170124,21,CO_24h,资阳,1.15
20170124,22,AQI,资阳,134.0
20170124,22,PM2.5,资阳,97.0
20170124,22,PM2.5_24h,资阳,95.0
20170124,22,PM10,资阳,217.0
20170124,22,PM10_24h,资阳,189.0
20170124,22,SO2,资阳,13.0
20170124,22,SO2_24h,资阳,12.0
20170124,22,NO2,资阳,56.0
20170124,22,NO2_24h,资阳,36.0
20170124,22,O3,资阳,19.0
20170124,22,O3_24h,资阳,106.0
20170124,22,O3_8h,资阳,63.0
20170124,22,O3_8h_24h,资阳,74.0
20170124,22,CO,资阳,1.77
20170124,22,CO_24h,资阳,1.2
20170124,23,AQI,资阳,133.0
20170124,23,PM2.5,资阳,96.0
20170124,23,PM2.5_24h,资阳,95.0
20170124,23,PM10,资阳,215.0
20170124,23,PM10_24h,资阳,190.0
20170124,23,SO2,资阳,12.0
20170124,23,SO2_24h,资阳,12.0
20170124,23,NO2,资阳,53.0
20170124,23,NO2_24h,资阳,37.0
20170124,23,O3,资阳,14.0
20170124,23,O3_24h,资阳,106.0
20170124,23,O3_8h,资阳,54.0
20170124,23,O3_8h_24h,资阳,74.0
20170124,23,CO,资阳,1.8
20170124,23,CO_24h,资阳,1.2
20170124,0,AQI,阿坝州,30.0
20170124,0,PM2.5,阿坝州,17.0
20170124,0,PM2.5_24h,阿坝州,13.0
20170124,0,PM10,阿坝州,30.0
20170124,0,PM10_24h,阿坝州,22.0
20170124,0,SO2,阿坝州,9.0
20170124,0,SO2_24h,阿坝州,11.0
20170124,0,NO2,阿坝州,3.0
20170124,0,NO2_24h,阿坝州,11.0
20170124,0,O3,阿坝州,82.0
20170124,0,O3_24h,阿坝州,103.0
20170124,0,O3_8h,阿坝州,69.0
20170124,0,O3_8h_24h,阿坝州,87.0
20170124,0,CO,阿坝州,0.5
20170124,0,CO_24h,阿坝州,0.5
20170124,1,AQI,阿坝州,23.0
20170124,1,PM2.5,阿坝州,16.0
20170124,1,PM2.5_24h,阿坝州,12.0
20170124,1,PM10,阿坝州,23.0
20170124,1,PM10_24h,阿坝州,22.0
20170124,1,SO2,阿坝州,9.0
20170124,1,SO2_24h,阿坝州,10.0
20170124,1,NO2,阿坝州,8.0
20170124,1,NO2_24h,阿坝州,10.0
20170124,1,O3,阿坝州,71.0
20170124,1,O3_24h,阿坝州,103.0
20170124,1,O3_8h,阿坝州,71.0
20170124,1,O3_8h_24h,阿坝州,71.0
20170124,1,CO,阿坝州,0.5
20170124,1,CO_24h,阿坝州,0.5
20170124,2,AQI,阿坝州,32.0
20170124,2,PM2.5,阿坝州,12.0
20170124,2,PM2.5_24h,阿坝州,12.0
20170124,2,PM10,阿坝州,32.0
20170124,2,PM10_24h,阿坝州,21.0
20170124,2,SO2,阿坝州,16.0
20170124,2,SO2_24h,阿坝州,10.0
20170124,2,NO2,阿坝州,7.0
20170124,2,NO2_24h,阿坝州,10.0
20170124,2,O3,阿坝州,57.0
20170124,2,O3_24h,阿坝州,103.0
20170124,2,O3_8h,阿坝州,64.0
20170124,2,O3_8h_24h,阿坝州,71.0
20170124,2,CO,阿坝州,0.7
20170124,2,CO_24h,阿坝州,0.5
20170124,3,AQI,阿坝州,30.0
20170124,3,PM2.5,阿坝州,18.0
20170124,3,PM2.5_24h,阿坝州,12.0
20170124,3,PM10,阿坝州,30.0
20170124,3,PM10_24h,阿坝州,22.0
20170124,3,SO2,阿坝州,11.0
20170124,3,SO2_24h,阿坝州,10.0
20170124,3,NO2,阿坝州,5.0
20170124,3,NO2_24h,阿坝州,10.0
20170124,3,O3,阿坝州,56.0
20170124,3,O3_24h,阿坝州,103.0
20170124,3,O3_8h,阿坝州,61.0
20170124,3,O3_8h_24h,阿坝州,71.0
20170124,3,CO,阿坝州,0.45
20170124,3,CO_24h,阿坝州,0.5
20170124,4,AQI,阿坝州,25.0
20170124,4,PM2.5,阿坝州,11.0
20170124,4,PM2.5_24h,阿坝州,12.0
20170124,4,PM10,阿坝州,25.0
20170124,4,PM10_24h,阿坝州,22.0
20170124,4,SO2,阿坝州,11.0
20170124,4,SO2_24h,阿坝州,10.0
20170124,4,NO2,阿坝州,5.0
20170124,4,NO2_24h,阿坝州,10.0
20170124,4,O3,阿坝州,53.0
20170124,4,O3_24h,阿坝州,103.0
20170124,4,O3_8h,阿坝州,59.0
20170124,4,O3_8h_24h,阿坝州,71.0
20170124,4,CO,阿坝州,0.45
20170124,4,CO_24h,阿坝州,0.55
20170124,5,AQI,阿坝州,21.0
20170124,5,PM2.5,阿坝州,13.0
20170124,5,PM2.5_24h,阿坝州,12.0
20170124,5,PM10,阿坝州,21.0
20170124,5,PM10_24h,阿坝州,22.0
20170124,5,SO2,阿坝州,14.0
20170124,5,SO2_24h,阿坝州,10.0
20170124,5,NO2,阿坝州,5.0
20170124,5,NO2_24h,阿坝州,10.0
20170124,5,O3,阿坝州,47.0
20170124,5,O3_24h,阿坝州,103.0
20170124,5,O3_8h,阿坝州,57.0
20170124,5,O3_8h_24h,阿坝州,71.0
20170124,5,CO,阿坝州,0.4
20170124,5,CO_24h,阿坝州,0.55
20170124,6,AQI,阿坝州,16.0
20170124,6,PM2.5,阿坝州,11.0
20170124,6,PM2.5_24h,阿坝州,12.0
20170124,6,PM10,阿坝州,16.0
20170124,6,PM10_24h,阿坝州,23.0
20170124,6,SO2,阿坝州,12.0
20170124,6,SO2_24h,阿坝州,10.0
20170124,6,NO2,阿坝州,6.0
20170124,6,NO2_24h,阿坝州,9.0
20170124,6,O3,阿坝州,40.0
20170124,6,O3_24h,阿坝州,103.0
20170124,6,O3_8h,阿坝州,54.0
20170124,6,O3_8h_24h,阿坝州,71.0
20170124,6,CO,阿坝州,0.35
20170124,6,CO_24h,阿坝州,0.5
20170124,7,AQI,阿坝州,14.0
20170124,7,PM2.5,阿坝州,9.0
20170124,7,PM2.5_24h,阿坝州,13.0
20170124,7,PM10,阿坝州,14.0
20170124,7,PM10_24h,阿坝州,23.0
20170124,7,SO2,阿坝州,9.0
20170124,7,SO2_24h,阿坝州,10.0
20170124,7,NO2,阿坝州,6.0
20170124,7,NO2_24h,阿坝州,9.0
20170124,7,O3,阿坝州,38.0
20170124,7,O3_24h,阿坝州,103.0
20170124,7,O3_8h,阿坝州,52.0
20170124,7,O3_8h_24h,阿坝州,71.0
20170124,7,CO,阿坝州,0.4
20170124,7,CO_24h,阿坝州,0.5
20170124,8,AQI,阿坝州,14.0
20170124,8,PM2.5,阿坝州,7.0
20170124,8,PM2.5_24h,阿坝州,12.0
20170124,8,PM10,阿坝州,14.0
20170124,8,PM10_24h,阿坝州,23.0
20170124,8,SO2,阿坝州,9.0
20170124,8,SO2_24h,阿坝州,10.0
20170124,8,NO2,阿坝州,7.0
20170124,8,NO2_24h,阿坝州,9.0
20170124,8,O3,阿坝州,37.0
20170124,8,O3_24h,阿坝州,103.0
20170124,8,O3_8h,阿坝州,50.0
20170124,8,O3_8h_24h,阿坝州,71.0
20170124,8,CO,阿坝州,0.4
20170124,8,CO_24h,阿坝州,0.5
20170124,9,AQI,阿坝州,19.0
20170124,9,PM2.5,阿坝州,8.0
20170124,9,PM2.5_24h,阿坝州,12.0
20170124,9,PM10,阿坝州,19.0
20170124,9,PM10_24h,阿坝州,23.0
20170124,9,SO2,阿坝州,9.0
20170124,9,SO2_24h,阿坝州,10.0
20170124,9,NO2,阿坝州,13.0
20170124,9,NO2_24h,阿坝州,9.0
20170124,9,O3,阿坝州,31.0
20170124,9,O3_24h,阿坝州,103.0
20170124,9,O3_8h,阿坝州,45.0
20170124,9,O3_8h_24h,阿坝州,71.0
20170124,9,CO,阿坝州,0.5
20170124,9,CO_24h,阿坝州,0.5
20170124,10,AQI,阿坝州,21.0
20170124,10,PM2.5,阿坝州,12.0
20170124,10,PM2.5_24h,阿坝州,12.0
20170124,10,PM10,阿坝州,21.0
20170124,10,PM10_24h,阿坝州,23.0
20170124,10,SO2,阿坝州,10.0
20170124,10,SO2_24h,阿坝州,10.0
20170124,10,NO2,阿坝州,16.0
20170124,10,NO2_24h,阿坝州,9.0
20170124,10,O3,阿坝州,29.0
20170124,10,O3_24h,阿坝州,103.0
20170124,10,O3_8h,阿坝州,41.0
20170124,10,O3_8h_24h,阿坝州,71.0
20170124,10,CO,阿坝州,0.65
20170124,10,CO_24h,阿坝州,0.55
20170124,11,AQI,阿坝州,26.0
20170124,11,PM2.5,阿坝州,16.0
20170124,11,PM2.5_24h,阿坝州,13.0
20170124,11,PM10,阿坝州,26.0
20170124,11,PM10_24h,阿坝州,23.0
20170124,11,SO2,阿坝州,9.0
20170124,11,SO2_24h,阿坝州,10.0
20170124,11,NO2,阿坝州,13.0
20170124,11,NO2_24h,阿坝州,9.0
20170124,11,O3,阿坝州,40.0
20170124,11,O3_24h,阿坝州,103.0
20170124,11,O3_8h,阿坝州,39.0
20170124,11,O3_8h_24h,阿坝州,71.0
20170124,11,CO,阿坝州,0.75
20170124,11,CO_24h,阿坝州,0.55
20170124,12,AQI,阿坝州,24.0
20170124,12,PM2.5,阿坝州,17.0
20170124,12,PM2.5_24h,阿坝州,13.0
20170124,12,PM10,阿坝州,22.0
20170124,12,PM10_24h,阿坝州,24.0
20170124,12,SO2,阿坝州,9.0
20170124,12,SO2_24h,阿坝州,10.0
20170124,12,NO2,阿坝州,5.0
20170124,12,NO2_24h,阿坝州,9.0
20170124,12,O3,阿坝州,60.0
20170124,12,O3_24h,阿坝州,103.0
20170124,12,O3_8h,阿坝州,40.0
20170124,12,O3_8h_24h,阿坝州,71.0
20170124,12,CO,阿坝州,0.5
20170124,12,CO_24h,阿坝州,0.55
20170124,13,AQI,阿坝州,24.0
20170124,13,PM2.5,阿坝州,9.0
20170124,13,PM2.5_24h,阿坝州,13.0
20170124,13,PM10,阿坝州,13.0
20170124,13,PM10_24h,阿坝州,24.0
20170124,13,SO2,阿坝州,7.0
20170124,13,SO2_24h,阿坝州,10.0
20170124,13,NO2,阿坝州,4.0
20170124,13,NO2_24h,阿坝州,9.0
20170124,13,O3,阿坝州,78.0
20170124,13,O3_24h,阿坝州,103.0
20170124,13,O3_8h,阿坝州,44.0
20170124,13,O3_8h_24h,阿坝州,71.0
20170124,13,CO,阿坝州,0.35
20170124,13,CO_24h,阿坝州,0.55
20170124,14,AQI,阿坝州,29.0
20170124,14,PM2.5,阿坝州,6.0
20170124,14,PM2.5_24h,阿坝州,13.0
20170124,14,PM10,阿坝州,9.0
20170124,14,PM10_24h,阿坝州,23.0
20170124,14,SO2,阿坝州,7.0
20170124,14,SO2_24h,阿坝州,10.0
20170124,14,NO2,阿坝州,3.0
20170124,14,NO2_24h,阿坝州,9.0
20170124,14,O3,阿坝州,93.0
20170124,14,O3_24h,阿坝州,103.0
20170124,14,O3_8h,阿坝州,51.0
20170124,14,O3_8h_24h,阿坝州,71.0
20170124,14,CO,阿坝州,0.25
20170124,14,CO_24h,阿坝州,0.5
20170124,15,AQI,阿坝州,31.0
20170124,15,PM2.5,阿坝州,4.0
20170124,15,PM2.5_24h,阿坝州,13.0
20170124,15,PM10,阿坝州,9.0
20170124,15,PM10_24h,阿坝州,23.0
20170124,15,SO2,阿坝州,7.0
20170124,15,SO2_24h,阿坝州,10.0
20170124,15,NO2,阿坝州,2.0
20170124,15,NO2_24h,阿坝州,9.0
20170124,15,O3,阿坝州,100.0
20170124,15,O3_24h,阿坝州,107.0
20170124,15,O3_8h,阿坝州,58.0
20170124,15,O3_8h_24h,阿坝州,71.0
20170124,15,CO,阿坝州,0.25
20170124,15,CO_24h,阿坝州,0.5
20170124,16,AQI,阿坝州,33.0
20170124,16,PM2.5,阿坝州,3.0
20170124,16,PM2.5_24h,阿坝州,13.0
20170124,16,PM10,阿坝州,14.0
20170124,16,PM10_24h,阿坝州,23.0
20170124,16,SO2,阿坝州,6.0
20170124,16,SO2_24h,阿坝州,10.0
20170124,16,NO2,阿坝州,2.0
20170124,16,NO2_24h,阿坝州,9.0
20170124,16,O3,阿坝州,104.0
20170124,16,O3_24h,阿坝州,107.0
20170124,16,O3_8h,阿坝州,67.0
20170124,16,O3_8h_24h,阿坝州,74.0
20170124,16,CO,阿坝州,0.25
20170124,16,CO_24h,阿坝州,0.5
20170124,17,AQI,阿坝州,33.0
20170124,17,PM2.5,阿坝州,2.0
20170124,17,PM2.5_24h,阿坝州,13.0
20170124,17,PM10,阿坝州,9.0
20170124,17,PM10_24h,阿坝州,23.0
20170124,17,SO2,阿坝州,6.0
20170124,17,SO2_24h,阿坝州,10.0
20170124,17,NO2,阿坝州,3.0
20170124,17,NO2_24h,阿坝州,9.0
20170124,17,O3,阿坝州,106.0
20170124,17,O3_24h,阿坝州,106.0
20170124,17,O3_8h,阿坝州,76.0
20170124,17,O3_8h_24h,阿坝州,79.0
20170124,17,CO,阿坝州,0.25
20170124,17,CO_24h,阿坝州,0.5
20170124,18,AQI,阿坝州,33.0
20170124,18,PM2.5,阿坝州,5.0
20170124,18,PM2.5_24h,阿坝州,13.0
20170124,18,PM10,阿坝州,16.0
20170124,18,PM10_24h,阿坝州,23.0
20170124,18,SO2,阿坝州,8.0
20170124,18,SO2_24h,阿坝州,10.0
20170124,18,NO2,阿坝州,3.0
20170124,18,NO2_24h,阿坝州,8.0
20170124,18,O3,阿坝州,104.0
20170124,18,O3_24h,阿坝州,107.0
20170124,18,O3_8h,阿坝州,86.0
20170124,18,O3_8h_24h,阿坝州,86.0
20170124,18,CO,阿坝州,0.25
20170124,18,CO_24h,阿坝州,0.5
20170124,19,AQI,阿坝州,23.0
20170124,19,PM2.5,阿坝州,8.0
20170124,19,PM2.5_24h,阿坝州,13.0
20170124,19,PM10,阿坝州,23.0
20170124,19,PM10_24h,阿坝州,23.0
20170124,19,SO2,阿坝州,14.0
20170124,19,SO2_24h,阿坝州,10.0
20170124,19,NO2,阿坝州,18.0
20170124,19,NO2_24h,阿坝州,8.0
20170124,19,O3,阿坝州,70.0
20170124,19,O3_24h,阿坝州,107.0
20170124,19,O3_8h,阿坝州,89.0
20170124,19,O3_8h_24h,阿坝州,89.0
20170124,19,CO,阿坝州,0.85
20170124,19,CO_24h,阿坝州,0.5
20170124,20,AQI,阿坝州,51.0
20170124,20,PM2.5,阿坝州,18.0
20170124,20,PM2.5_24h,阿坝州,12.0
20170124,20,PM10,阿坝州,52.0
20170124,20,PM10_24h,阿坝州,23.0
20170124,20,SO2,阿坝州,14.0
20170124,20,SO2_24h,阿坝州,10.0
20170124,20,NO2,阿坝州,27.0
20170124,20,NO2_24h,阿坝州,9.0
20170124,20,O3,阿坝州,51.0
20170124,20,O3_24h,阿坝州,107.0
20170124,20,O3_8h,阿坝州,88.0
20170124,20,O3_8h_24h,阿坝州,89.0
20170124,20,CO,阿坝州,1.05
20170124,20,CO_24h,阿坝州,0.5
20170124,21,AQI,阿坝州,55.0
20170124,21,PM2.5,阿坝州,31.0
20170124,21,PM2.5_24h,阿坝州,12.0
20170124,21,PM10,阿坝州,59.0
20170124,21,PM10_24h,阿坝州,24.0
20170124,21,SO2,阿坝州,14.0
20170124,21,SO2_24h,阿坝州,10.0
20170124,21,NO2,阿坝州,26.0
20170124,21,NO2_24h,阿坝州,9.0
20170124,21,O3,阿坝州,39.0
20170124,21,O3_24h,阿坝州,107.0
20170124,21,O3_8h,阿坝州,83.0
20170124,21,O3_8h_24h,阿坝州,89.0
20170124,21,CO,阿坝州,1.0
20170124,21,CO_24h,阿坝州,0.5
20170124,22,AQI,阿坝州,50.0
20170124,22,PM2.5,阿坝州,35.0
20170124,22,PM2.5_24h,阿坝州,13.0
20170124,22,PM10,阿坝州,47.0
20170124,22,PM10_24h,阿坝州,24.0
20170124,22,SO2,阿坝州,13.0
20170124,22,SO2_24h,阿坝州,10.0
20170124,22,NO2,阿坝州,18.0
20170124,22,NO2_24h,阿坝州,9.0
20170124,22,O3,阿坝州,44.0
20170124,22,O3_24h,阿坝州,107.0
20170124,22,O3_8h,阿坝州,77.0
20170124,22,O3_8h_24h,阿坝州,89.0
20170124,22,CO,阿坝州,0.85
20170124,22,CO_24h,阿坝州,0.5
20170124,23,AQI,阿坝州,44.0
20170124,23,PM2.5,阿坝州,31.0
20170124,23,PM2.5_24h,阿坝州,13.0
20170124,23,PM10,阿坝州,43.0
20170124,23,PM10_24h,阿坝州,25.0
20170124,23,SO2,阿坝州,12.0
20170124,23,SO2_24h,阿坝州,10.0
20170124,23,NO2,阿坝州,17.0
20170124,23,NO2_24h,阿坝州,9.0
20170124,23,O3,阿坝州,44.0
20170124,23,O3_24h,阿坝州,107.0
20170124,23,O3_8h,阿坝州,70.0
20170124,23,O3_8h_24h,阿坝州,89.0
20170124,23,CO,阿坝州,0.75
20170124,23,CO_24h,阿坝州,0.5
20170124,0,AQI,甘孜州,54.0
20170124,0,PM2.5,甘孜州,38.0
20170124,0,PM2.5_24h,甘孜州,29.0
20170124,0,PM10,甘孜州,48.0
20170124,0,PM10_24h,甘孜州,50.0
20170124,0,SO2,甘孜州,20.0
20170124,0,SO2_24h,甘孜州,22.0
20170124,0,NO2,甘孜州,24.0
20170124,0,NO2_24h,甘孜州,23.0
20170124,0,O3,甘孜州,38.0
20170124,0,O3_24h,甘孜州,79.0
20170124,0,O3_8h,甘孜州,51.0
20170124,0,O3_8h_24h,甘孜州,65.0
20170124,0,CO,甘孜州,0.8
20170124,0,CO_24h,甘孜州,0.55
20170124,1,AQI,甘孜州,63.0
20170124,1,PM2.5,甘孜州,45.0
20170124,1,PM2.5_24h,甘孜州,29.0
20170124,1,PM10,甘孜州,58.0
20170124,1,PM10_24h,甘孜州,50.0
20170124,1,SO2,甘孜州,20.0
20170124,1,SO2_24h,甘孜州,22.0
20170124,1,NO2,甘孜州,29.0
20170124,1,NO2_24h,甘孜州,24.0
20170124,1,O3,甘孜州,38.0
20170124,1,O3_24h,甘孜州,79.0
20170124,1,O3_8h,甘孜州,38.0
20170124,1,O3_8h_24h,甘孜州,38.0
20170124,1,CO,甘孜州,0.6
20170124,1,CO_24h,甘孜州,0.55
20170124,2,AQI,甘孜州,63.0
20170124,2,PM2.5,甘孜州,45.0
20170124,2,PM2.5_24h,甘孜州,29.0
20170124,2,PM10,甘孜州,54.0
20170124,2,PM10_24h,甘孜州,50.0
20170124,2,SO2,甘孜州,26.0
20170124,2,SO2_24h,甘孜州,22.0
20170124,2,NO2,甘孜州,26.0
20170124,2,NO2_24h,甘孜州,24.0
20170124,2,O3,甘孜州,35.0
20170124,2,O3_24h,甘孜州,79.0
20170124,2,O3_8h,甘孜州,36.0
20170124,2,O3_8h_24h,甘孜州,38.0
20170124,2,CO,甘孜州,0.75
20170124,2,CO_24h,甘孜州,0.55
20170124,3,AQI,甘孜州,55.0
20170124,3,PM2.5,甘孜州,39.0
20170124,3,PM2.5_24h,甘孜州,29.0
20170124,3,PM10,甘孜州,53.0
20170124,3,PM10_24h,甘孜州,50.0
20170124,3,SO2,甘孜州,20.0
20170124,3,SO2_24h,甘孜州,22.0
20170124,3,NO2,甘孜州,21.0
20170124,3,NO2_24h,甘孜州,24.0
20170124,3,O3,甘孜州,40.0
20170124,3,O3_24h,甘孜州,79.0
20170124,3,O3_8h,甘孜州,38.0
20170124,3,O3_8h_24h,甘孜州,38.0
20170124,3,CO,甘孜州,0.6
20170124,3,CO_24h,甘孜州,0.55
20170124,4,AQI,甘孜州,47.0
20170124,4,PM2.5,甘孜州,33.0
20170124,4,PM2.5_24h,甘孜州,29.0
20170124,4,PM10,甘孜州,47.0
20170124,4,PM10_24h,甘孜州,50.0
20170124,4,SO2,甘孜州,19.0
20170124,4,SO2_24h,甘孜州,22.0
20170124,4,NO2,甘孜州,18.0
20170124,4,NO2_24h,甘孜州,24.0
20170124,4,O3,甘孜州,40.0
20170124,4,O3_24h,甘孜州,79.0
20170124,4,O3_8h,甘孜州,38.0
20170124,4,O3_8h_24h,甘孜州,38.0
20170124,4,CO,甘孜州,0.85
20170124,4,CO_24h,甘孜州,0.6
20170124,5,AQI,甘孜州,54.0
20170124,5,PM2.5,甘孜州,38.0
20170124,5,PM2.5_24h,甘孜州,29.0
20170124,5,PM10,甘孜州,47.0
20170124,5,PM10_24h,甘孜州,50.0
20170124,5,SO2,甘孜州,18.0
20170124,5,SO2_24h,甘孜州,22.0
20170124,5,NO2,甘孜州,19.0
20170124,5,NO2_24h,甘孜州,24.0
20170124,5,O3,甘孜州,38.0
20170124,5,O3_24h,甘孜州,79.0
20170124,5,O3_8h,甘孜州,38.0
20170124,5,O3_8h_24h,甘孜州,38.0
20170124,5,CO,甘孜州,0.5
20170124,5,CO_24h,甘孜州,0.6
20170124,6,AQI,甘孜州,50.0
20170124,6,PM2.5,甘孜州,34.0
20170124,6,PM2.5_24h,甘孜州,30.0
20170124,6,PM10,甘孜州,50.0
20170124,6,PM10_24h,甘孜州,51.0
20170124,6,SO2,甘孜州,20.0
20170124,6,SO2_24h,甘孜州,22.0
20170124,6,NO2,甘孜州,20.0
20170124,6,NO2_24h,甘孜州,24.0
20170124,6,O3,甘孜州,38.0
20170124,6,O3_24h,甘孜州,79.0
20170124,6,O3_8h,甘孜州,38.0
20170124,6,O3_8h_24h,甘孜州,38.0
20170124,6,CO,甘孜州,0.65
20170124,6,CO_24h,甘孜州,0.6
20170124,7,AQI,甘孜州,43.0
20170124,7,PM2.5,甘孜州,30.0
20170124,7,PM2.5_24h,甘孜州,31.0
20170124,7,PM10,甘孜州,43.0
20170124,7,PM10_24h,甘孜州,51.0
20170124,7,SO2,甘孜州,19.0
20170124,7,SO2_24h,甘孜州,21.0
20170124,7,NO2,甘孜州,19.0
20170124,7,NO2_24h,甘孜州,24.0
20170124,7,O3,甘孜州,38.0
20170124,7,O3_24h,甘孜州,79.0
20170124,7,O3_8h,甘孜州,38.0
20170124,7,O3_8h_24h,甘孜州,38.0
20170124,7,CO,甘孜州,0.6
20170124,7,CO_24h,甘孜州,0.6
20170124,8,AQI,甘孜州,63.0
20170124,8,PM2.5,甘孜州,45.0
20170124,8,PM2.5_24h,甘孜州,32.0
20170124,8,PM10,甘孜州,48.0
20170124,8,PM10_24h,甘孜州,52.0
20170124,8,SO2,甘孜州,27.0
20170124,8,SO2_24h,甘孜州,21.0
20170124,8,NO2,甘孜州,29.0
20170124,8,NO2_24h,甘孜州,24.0
20170124,8,O3,甘孜州,36.0
20170124,8,O3_24h,甘孜州,79.0
20170124,8,O3_8h,甘孜州,38.0
20170124,8,O3_8h_24h,甘孜州,39.0
20170124,8,CO,甘孜州,1.35
20170124,8,CO_24h,甘孜州,0.65
20170124,9,AQI,甘孜州,65.0
20170124,9,PM2.5,甘孜州,47.0
20170124,9,PM2.5_24h,甘孜州,32.0
20170124,9,PM10,甘孜州,60.0
20170124,9,PM10_24h,甘孜州,52.0
20170124,9,SO2,甘孜州,23.0
20170124,9,SO2_24h,甘孜州,21.0
20170124,9,NO2,甘孜州,34.0
20170124,9,NO2_24h,甘孜州,24.0
20170124,9,O3,甘孜州,34.0
20170124,9,O3_24h,甘孜州,72.0
20170124,9,O3_8h,甘孜州,37.0
20170124,9,O3_8h_24h,甘孜州,39.0
20170124,9,CO,甘孜州,1.1
20170124,9,CO_24h,甘孜州,0.65
20170124,10,AQI,甘孜州,65.0
20170124,10,PM2.5,甘孜州,47.0
20170124,10,PM2.5_24h,甘孜州,33.0
20170124,10,PM10,甘孜州,59.0
20170124,10,PM10_24h,甘孜州,53.0
20170124,10,SO2,甘孜州,23.0
20170124,10,SO2_24h,甘孜州,21.0
20170124,10,NO2,甘孜州,25.0
20170124,10,NO2_24h,甘孜州,23.0
20170124,10,O3,甘孜州,35.0
20170124,10,O3_24h,甘孜州,63.0
20170124,10,O3_8h,甘孜州,38.0
20170124,10,O3_8h_24h,甘孜州,39.0
20170124,10,CO,甘孜州,0.8
20170124,10,CO_24h,甘孜州,0.65
20170124,11,AQI,甘孜州,61.0
20170124,11,PM2.5,甘孜州,44.0
20170124,11,PM2.5_24h,甘孜州,33.0
20170124,11,PM10,甘孜州,68.0
20170124,11,PM10_24h,甘孜州,53.0
20170124,11,SO2,甘孜州,25.0
20170124,11,SO2_24h,甘孜州,21.0
20170124,11,NO2,甘孜州,32.0
20170124,11,NO2_24h,甘孜州,22.0
20170124,11,O3,甘孜州,36.0
20170124,11,O3_24h,甘孜州,62.0
20170124,11,O3_8h,甘孜州,37.0
20170124,11,O3_8h_24h,甘孜州,39.0
20170124,11,CO,甘孜州,0.95
20170124,11,CO_24h,甘孜州,0.65
20170124,12,AQI,甘孜州,63.0
20170124,12,PM2.5,甘孜州,45.0
20170124,12,PM2.5_24h,甘孜州,34.0
20170124,12,PM10,甘孜州,69.0
20170124,12,PM10_24h,甘孜州,53.0
20170124,12,SO2,甘孜州,25.0
20170124,12,SO2_24h,甘孜州,21.0
20170124,12,NO2,甘孜州,28.0
20170124,12,NO2_24h,甘孜州,22.0
20170124,12,O3,甘孜州,36.0
20170124,12,O3_24h,甘孜州,59.0
20170124,12,O3_8h,甘孜州,36.0
20170124,12,O3_8h_24h,甘孜州,39.0
20170124,12,CO,甘孜州,0.7
20170124,12,CO_24h,甘孜州,0.65
20170124,13,AQI,甘孜州,59.0
20170124,13,PM2.5,甘孜州,42.0
20170124,13,PM2.5_24h,甘孜州,34.0
20170124,13,PM10,甘孜州,47.0
20170124,13,PM10_24h,甘孜州,53.0
20170124,13,SO2,甘孜州,22.0
20170124,13,SO2_24h,甘孜州,21.0
20170124,13,NO2,甘孜州,20.0
20170124,13,NO2_24h,甘孜州,22.0
20170124,13,O3,甘孜州,50.0
20170124,13,O3_24h,甘孜州,58.0
20170124,13,O3_8h,甘孜州,38.0
20170124,13,O3_8h_24h,甘孜州,41.0
20170124,13,CO,甘孜州,0.65
20170124,13,CO_24h,甘孜州,0.65
20170124,14,AQI,甘孜州,51.0
20170124,14,PM2.5,甘孜州,36.0
20170124,14,PM2.5_24h,甘孜州,35.0
20170124,14,PM10,甘孜州,48.0
20170124,14,PM10_24h,甘孜州,53.0
20170124,14,SO2,甘孜州,19.0
20170124,14,SO2_24h,甘孜州,21.0
20170124,14,NO2,甘孜州,16.0
20170124,14,NO2_24h,甘孜州,22.0
20170124,14,O3,甘孜州,55.0
20170124,14,O3_24h,甘孜州,58.0
20170124,14,O3_8h,甘孜州,40.0
20170124,14,O3_8h_24h,甘孜州,43.0
20170124,14,CO,甘孜州,0.55
20170124,14,CO_24h,甘孜州,0.7
20170124,15,AQI,甘孜州,51.0
20170124,15,PM2.5,甘孜州,35.0
20170124,15,PM2.5_24h,甘孜州,36.0
20170124,15,PM10,甘孜州,52.0
20170124,15,PM10_24h,甘孜州,52.0
20170124,15,SO2,甘孜州,24.0
20170124,15,SO2_24h,甘孜州,21.0
20170124,15,NO2,甘孜州,16.0
20170124,15,NO2_24h,甘孜州,22.0
20170124,15,O3,甘孜州,56.0
20170124,15,O3_24h,甘孜州,58.0
20170124,15,O3_8h,甘孜州,42.0
20170124,15,O3_8h_24h,甘孜州,45.0
20170124,15,CO,甘孜州,0.65
20170124,15,CO_24h,甘孜州,0.7
20170124,16,AQI,甘孜州,60.0
20170124,16,PM2.5,甘孜州,43.0
20170124,16,PM2.5_24h,甘孜州,36.0
20170124,16,PM10,甘孜州,52.0
20170124,16,PM10_24h,甘孜州,52.0
20170124,16,SO2,甘孜州,23.0
20170124,16,SO2_24h,甘孜州,22.0
20170124,16,NO2,甘孜州,16.0
20170124,16,NO2_24h,甘孜州,22.0
20170124,16,O3,甘孜州,55.0
20170124,16,O3_24h,甘孜州,58.0
20170124,16,O3_8h,甘孜州,45.0
20170124,16,O3_8h_24h,甘孜州,47.0
20170124,16,CO,甘孜州,0.7
20170124,16,CO_24h,甘孜州,0.7
20170124,17,AQI,甘孜州,49.0
20170124,17,PM2.5,甘孜州,33.0
20170124,17,PM2.5_24h,甘孜州,37.0
20170124,17,PM10,甘孜州,49.0
20170124,17,PM10_24h,甘孜州,53.0
20170124,17,SO2,甘孜州,26.0
20170124,17,SO2_24h,甘孜州,22.0
20170124,17,NO2,甘孜州,18.0
20170124,17,NO2_24h,甘孜州,22.0
20170124,17,O3,甘孜州,56.0
20170124,17,O3_24h,甘孜州,59.0
20170124,17,O3_8h,甘孜州,47.0
20170124,17,O3_8h_24h,甘孜州,49.0
20170124,17,CO,甘孜州,0.85
20170124,17,CO_24h,甘孜州,0.7
20170124,18,AQI,甘孜州,58.0
20170124,18,PM2.5,甘孜州,41.0
20170124,18,PM2.5_24h,甘孜州,37.0
20170124,18,PM10,甘孜州,51.0
20170124,18,PM10_24h,甘孜州,53.0
20170124,18,SO2,甘孜州,21.0
20170124,18,SO2_24h,甘孜州,22.0
20170124,18,NO2,甘孜州,17.0
20170124,18,NO2_24h,甘孜州,22.0
20170124,18,O3,甘孜州,55.0
20170124,18,O3_24h,甘孜州,59.0
20170124,18,O3_8h,甘孜州,50.0
20170124,18,O3_8h_24h,甘孜州,51.0
20170124,18,CO,甘孜州,0.7
20170124,18,CO_24h,甘孜州,0.7
20170124,19,AQI,甘孜州,60.0
20170124,19,PM2.5,甘孜州,43.0
20170124,19,PM2.5_24h,甘孜州,38.0
20170124,19,PM10,甘孜州,48.0
20170124,19,PM10_24h,甘孜州,53.0
20170124,19,SO2,甘孜州,24.0
20170124,19,SO2_24h,甘孜州,22.0
20170124,19,NO2,甘孜州,28.0
20170124,19,NO2_24h,甘孜州,22.0
20170124,19,O3,甘孜州,51.0
20170124,19,O3_24h,甘孜州,58.0
20170124,19,O3_8h,甘孜州,52.0
20170124,19,O3_8h_24h,甘孜州,52.0
20170124,19,CO,甘孜州,0.8
20170124,19,CO_24h,甘孜州,0.7
20170124,20,AQI,甘孜州,69.0
20170124,20,PM2.5,甘孜州,50.0
20170124,20,PM2.5_24h,甘孜州,39.0
20170124,20,PM10,甘孜州,69.0
20170124,20,PM10_24h,甘孜州,54.0
20170124,20,SO2,甘孜州,25.0
20170124,20,SO2_24h,甘孜州,22.0
20170124,20,NO2,甘孜州,53.0
20170124,20,NO2_24h,甘孜州,24.0
20170124,20,O3,甘孜州,47.0
20170124,20,O3_24h,甘孜州,57.0
20170124,20,O3_8h,甘孜州,53.0
20170124,20,O3_8h_24h,甘孜州,54.0
20170124,20,CO,甘孜州,0.95
20170124,20,CO_24h,甘孜州,0.75
20170124,21,AQI,甘孜州,84.0
20170124,21,PM2.5,甘孜州,62.0
20170124,21,PM2.5_24h,甘孜州,41.0
20170124,21,PM10,甘孜州,69.0
20170124,21,PM10_24h,甘孜州,54.0
20170124,21,SO2,甘孜州,29.0
20170124,21,SO2_24h,甘孜州,23.0
20170124,21,NO2,甘孜州,64.0
20170124,21,NO2_24h,甘孜州,26.0
20170124,21,O3,甘孜州,44.0
20170124,21,O3_24h,甘孜州,57.0
20170124,21,O3_8h,甘孜州,52.0
20170124,21,O3_8h_24h,甘孜州,54.0
20170124,21,CO,甘孜州,1.35
20170124,21,CO_24h,甘孜州,0.75
20170124,22,AQI,甘孜州,64.0
20170124,22,PM2.5,甘孜州,46.0
20170124,22,PM2.5_24h,甘孜州,42.0
20170124,22,PM10,甘孜州,71.0
20170124,22,PM10_24h,甘孜州,54.0
20170124,22,SO2,甘孜州,23.0
20170124,22,SO2_24h,甘孜州,23.0
20170124,22,NO2,甘孜州,71.0
20170124,22,NO2_24h,甘孜州,28.0
20170124,22,O3,甘孜州,42.0
20170124,22,O3_24h,甘孜州,57.0
20170124,22,O3_8h,甘孜州,51.0
20170124,22,O3_8h_24h,甘孜州,54.0
20170124,22,CO,甘孜州,0.9
20170124,22,CO_24h,甘孜州,0.75
20170124,23,AQI,甘孜州,63.0
20170124,23,PM2.5,甘孜州,45.0
20170124,23,PM2.5_24h,甘孜州,42.0
20170124,23,PM10,甘孜州,72.0
20170124,23,PM10_24h,甘孜州,55.0
20170124,23,SO2,甘孜州,24.0
20170124,23,SO2_24h,甘孜州,23.0
20170124,23,NO2,甘孜州,52.0
20170124,23,NO2_24h,甘孜州,29.0
20170124,23,O3,甘孜州,44.0
20170124,23,O3_24h,甘孜州,57.0
20170124,23,O3_8h,甘孜州,49.0
20170124,23,O3_8h_24h,甘孜州,54.0
20170124,23,CO,甘孜州,0.9
20170124,23,CO_24h,甘孜州,0.8
20170124,0,AQI,凉山州,89.0
20170124,0,PM2.5,凉山州,66.0
20170124,0,PM2.5_24h,凉山州,43.0
20170124,0,PM10,凉山州,87.0
20170124,0,PM10_24h,凉山州,65.0
20170124,0,SO2,凉山州,37.0
20170124,0,SO2_24h,凉山州,33.0
20170124,0,NO2,凉山州,52.0
20170124,0,NO2_24h,凉山州,32.0
20170124,0,O3,凉山州,28.0
20170124,0,O3_24h,凉山州,103.0
20170124,0,O3_8h,凉山州,58.0
20170124,0,O3_8h_24h,凉山州,87.0
20170124,0,CO,凉山州,1.4
20170124,0,CO_24h,凉山州,1.1
20170124,1,AQI,凉山州,85.0
20170124,1,PM2.5,凉山州,63.0
20170124,1,PM2.5_24h,凉山州,43.0
20170124,1,PM10,凉山州,84.0
20170124,1,PM10_24h,凉山州,65.0
20170124,1,SO2,凉山州,37.0
20170124,1,SO2_24h,凉山州,32.0
20170124,1,NO2,凉山州,45.0
20170124,1,NO2_24h,凉山州,32.0
20170124,1,O3,凉山州,30.0
20170124,1,O3_24h,凉山州,103.0
20170124,1,O3_8h,凉山州,30.0
20170124,1,O3_8h_24h,凉山州,30.0
20170124,1,CO,凉山州,1.25
20170124,1,CO_24h,凉山州,1.13
20170124,2,AQI,凉山州,84.0
20170124,2,PM2.5,凉山州,62.0
20170124,2,PM2.5_24h,凉山州,44.0
20170124,2,PM10,凉山州,90.0
20170124,2,PM10_24h,凉山州,66.0
20170124,2,SO2,凉山州,38.0
20170124,2,SO2_24h,凉山州,31.0
20170124,2,NO2,凉山州,41.0
20170124,2,NO2_24h,凉山州,33.0
20170124,2,O3,凉山州,28.0
20170124,2,O3_24h,凉山州,103.0
20170124,2,O3_8h,凉山州,30.0
20170124,2,O3_8h_24h,凉山州,31.0
20170124,2,CO,凉山州,1.25
20170124,2,CO_24h,凉山州,1.13
20170124,3,AQI,凉山州,74.0
20170124,3,PM2.5,凉山州,54.0
20170124,3,PM2.5_24h,凉山州,44.0
20170124,3,PM10,凉山州,81.0
20170124,3,PM10_24h,凉山州,67.0
20170124,3,SO2,凉山州,35.0
20170124,3,SO2_24h,凉山州,31.0
20170124,3,NO2,凉山州,39.0
20170124,3,NO2_24h,凉山州,34.0
20170124,3,O3,凉山州,29.0
20170124,3,O3_24h,凉山州,103.0
20170124,3,O3_8h,凉山州,29.0
20170124,3,O3_8h_24h,凉山州,31.0
20170124,3,CO,凉山州,1.15
20170124,3,CO_24h,凉山州,1.15
20170124,4,AQI,凉山州,69.0
20170124,4,PM2.5,凉山州,50.0
20170124,4,PM2.5_24h,凉山州,45.0
20170124,4,PM10,凉山州,70.0
20170124,4,PM10_24h,凉山州,68.0
20170124,4,SO2,凉山州,30.0
20170124,4,SO2_24h,凉山州,31.0
20170124,4,NO2,凉山州,30.0
20170124,4,NO2_24h,凉山州,34.0
20170124,4,O3,凉山州,36.0
20170124,4,O3_24h,凉山州,103.0
20170124,4,O3_8h,凉山州,31.0
20170124,4,O3_8h_24h,凉山州,32.0
20170124,4,CO,凉山州,1.02
20170124,4,CO_24h,凉山州,1.15
20170124,5,AQI,凉山州,63.0
20170124,5,PM2.5,凉山州,45.0
20170124,5,PM2.5_24h,凉山州,46.0
20170124,5,PM10,凉山州,67.0
20170124,5,PM10_24h,凉山州,69.0
20170124,5,SO2,凉山州,33.0
20170124,5,SO2_24h,凉山州,32.0
20170124,5,NO2,凉山州,26.0
20170124,5,NO2_24h,凉山州,35.0
20170124,5,O3,凉山州,37.0
20170124,5,O3_24h,凉山州,103.0
20170124,5,O3_8h,凉山州,32.0
20170124,5,O3_8h_24h,凉山州,33.0
20170124,5,CO,凉山州,1.0
20170124,5,CO_24h,凉山州,1.15
20170124,6,AQI,凉山州,61.0
20170124,6,PM2.5,凉山州,44.0
20170124,6,PM2.5_24h,凉山州,46.0
20170124,6,PM10,凉山州,60.0
20170124,6,PM10_24h,凉山州,70.0
20170124,6,SO2,凉山州,37.0
20170124,6,SO2_24h,凉山州,33.0
20170124,6,NO2,凉山州,25.0
20170124,6,NO2_24h,凉山州,35.0
20170124,6,O3,凉山州,36.0
20170124,6,O3_24h,凉山州,103.0
20170124,6,O3_8h,凉山州,33.0
20170124,6,O3_8h_24h,凉山州,35.0
20170124,6,CO,凉山州,1.05
20170124,6,CO_24h,凉山州,1.15
20170124,7,AQI,凉山州,65.0
20170124,7,PM2.5,凉山州,47.0
20170124,7,PM2.5_24h,凉山州,47.0
20170124,7,PM10,凉山州,63.0
20170124,7,PM10_24h,凉山州,70.0
20170124,7,SO2,凉山州,36.0
20170124,7,SO2_24h,凉山州,33.0
20170124,7,NO2,凉山州,32.0
20170124,7,NO2_24h,凉山州,35.0
20170124,7,O3,凉山州,29.0
20170124,7,O3_24h,凉山州,103.0
20170124,7,O3_8h,凉山州,32.0
20170124,7,O3_8h_24h,凉山州,35.0
20170124,7,CO,凉山州,1.18
20170124,7,CO_24h,凉山州,1.15
20170124,8,AQI,凉山州,65.0
20170124,8,PM2.5,凉山州,47.0
20170124,8,PM2.5_24h,凉山州,47.0
20170124,8,PM10,凉山州,65.0
20170124,8,PM10_24h,凉山州,71.0
20170124,8,SO2,凉山州,35.0
20170124,8,SO2_24h,凉山州,34.0
20170124,8,NO2,凉山州,38.0
20170124,8,NO2_24h,凉山州,35.0
20170124,8,O3,凉山州,21.0
20170124,8,O3_24h,凉山州,103.0
20170124,8,O3_8h,凉山州,31.0
20170124,8,O3_8h_24h,凉山州,35.0
20170124,8,CO,凉山州,1.18
20170124,8,CO_24h,凉山州,1.15
20170124,9,AQI,凉山州,74.0
20170124,9,PM2.5,凉山州,54.0
20170124,9,PM2.5_24h,凉山州,48.0
20170124,9,PM10,凉山州,78.0
20170124,9,PM10_24h,凉山州,72.0
20170124,9,SO2,凉山州,29.0
20170124,9,SO2_24h,凉山州,34.0
20170124,9,NO2,凉山州,43.0
20170124,9,NO2_24h,凉山州,36.0
20170124,9,O3,凉山州,18.0
20170124,9,O3_24h,凉山州,103.0
20170124,9,O3_8h,凉山州,29.0
20170124,9,O3_8h_24h,凉山州,35.0
20170124,9,CO,凉山州,1.25
20170124,9,CO_24h,凉山州,1.15
20170124,10,AQI,凉山州,85.0
20170124,10,PM2.5,凉山州,63.0
20170124,10,PM2.5_24h,凉山州,48.0
20170124,10,PM10,凉山州,92.0
20170124,10,PM10_24h,凉山州,73.0
20170124,10,SO2,凉山州,29.0
20170124,10,SO2_24h,凉山州,34.0
20170124,10,NO2,凉山州,42.0
20170124,10,NO2_24h,凉山州,35.0
20170124,10,O3,凉山州,26.0
20170124,10,O3_24h,凉山州,103.0
20170124,10,O3_8h,凉山州,29.0
20170124,10,O3_8h_24h,凉山州,35.0
20170124,10,CO,凉山州,1.3
20170124,10,CO_24h,凉山州,1.15
20170124,11,AQI,凉山州,79.0
20170124,11,PM2.5,凉山州,58.0
20170124,11,PM2.5_24h,凉山州,48.0
20170124,11,PM10,凉山州,89.0
20170124,11,PM10_24h,凉山州,73.0
20170124,11,SO2,凉山州,32.0
20170124,11,SO2_24h,凉山州,34.0
20170124,11,NO2,凉山州,35.0
20170124,11,NO2_24h,凉山州,35.0
20170124,11,O3,凉山州,44.0
20170124,11,O3_24h,凉山州,103.0
20170124,11,O3_8h,凉山州,31.0
20170124,11,O3_8h_24h,凉山州,36.0
20170124,11,CO,凉山州,1.25
20170124,11,CO_24h,凉山州,1.15
20170124,12,AQI,凉山州,79.0
20170124,12,PM2.5,凉山州,58.0
20170124,12,PM2.5_24h,凉山州,49.0
20170124,12,PM10,凉山州,89.0
20170124,12,PM10_24h,凉山州,74.0
20170124,12,SO2,凉山州,40.0
20170124,12,SO2_24h,凉山州,34.0
20170124,12,NO2,凉山州,30.0
20170124,12,NO2_24h,凉山州,35.0
20170124,12,O3,凉山州,65.0
20170124,12,O3_24h,凉山州,103.0
20170124,12,O3_8h,凉山州,35.0
20170124,12,O3_8h_24h,凉山州,38.0
20170124,12,CO,凉山州,1.15
20170124,12,CO_24h,凉山州,1.15
20170124,13,AQI,凉山州,85.0
20170124,13,PM2.5,凉山州,63.0
20170124,13,PM2.5_24h,凉山州,50.0
20170124,13,PM10,凉山州,87.0
20170124,13,PM10_24h,凉山州,75.0
20170124,13,SO2,凉山州,42.0
20170124,13,SO2_24h,凉山州,35.0
20170124,13,NO2,凉山州,32.0
20170124,13,NO2_24h,凉山州,35.0
20170124,13,O3,凉山州,82.0
20170124,13,O3_24h,凉山州,103.0
20170124,13,O3_8h,凉山州,40.0
20170124,13,O3_8h_24h,凉山州,42.0
20170124,13,CO,凉山州,1.15
20170124,13,CO_24h,凉山州,1.15
20170124,14,AQI,凉山州,84.0
20170124,14,PM2.5,凉山州,62.0
20170124,14,PM2.5_24h,凉山州,51.0
20170124,14,PM10,凉山州,85.0
20170124,14,PM10_24h,凉山州,76.0
20170124,14,SO2,凉山州,37.0
20170124,14,SO2_24h,凉山州,35.0
20170124,14,NO2,凉山州,26.0
20170124,14,NO2_24h,凉山州,36.0
20170124,14,O3,凉山州,102.0
20170124,14,O3_24h,凉山州,104.0
20170124,14,O3_8h,凉山州,48.0
20170124,14,O3_8h_24h,凉山州,48.0
20170124,14,CO,凉山州,1.15
20170124,14,CO_24h,凉山州,1.15
20170124,15,AQI,凉山州,73.0
20170124,15,PM2.5,凉山州,53.0
20170124,15,PM2.5_24h,凉山州,52.0
20170124,15,PM10,凉山州,72.0
20170124,15,PM10_24h,凉山州,77.0
20170124,15,SO2,凉山州,34.0
20170124,15,SO2_24h,凉山州,37.0
20170124,15,NO2,凉山州,24.0
20170124,15,NO2_24h,凉山州,36.0
20170124,15,O3,凉山州,115.0
20170124,15,O3_24h,凉山州,115.0
20170124,15,O3_8h,凉山州,59.0
20170124,15,O3_8h_24h,凉山州,59.0
20170124,15,CO,凉山州,1.08
20170124,15,CO_24h,凉山州,1.2
20170124,16,AQI,凉山州,56.0
20170124,16,PM2.5,凉山州,39.0
20170124,16,PM2.5_24h,凉山州,53.0
20170124,16,PM10,凉山州,61.0
20170124,16,PM10_24h,凉山州,78.0
20170124,16,SO2,凉山州,25.0
20170124,16,SO2_24h,凉山州,37.0
20170124,16,NO2,凉山州,22.0
20170124,16,NO2_24h,凉山州,37.0
20170124,16,O3,凉山州,120.0
20170124,16,O3_24h,凉山州,120.0
20170124,16,O3_8h,凉山州,71.0
20170124,16,O3_8h_24h,凉山州,71.0
20170124,16,CO,凉山州,0.95
20170124,16,CO_24h,凉山州,1.2
20170124,17,AQI,凉山州,49.0
20170124,17,PM2.5,凉山州,32.0
20170124,17,PM2.5_24h,凉山州,53.0
20170124,17,PM10,凉山州,49.0
20170124,17,PM10_24h,凉山州,78.0
20170124,17,SO2,凉山州,20.0
20170124,17,SO2_24h,凉山州,37.0
20170124,17,NO2,凉山州,23.0
20170124,17,NO2_24h,凉山州,37.0
20170124,17,O3,凉山州,116.0
20170124,17,O3_24h,凉山州,120.0
20170124,17,O3_8h,凉山州,84.0
20170124,17,O3_8h_24h,凉山州,84.0
20170124,17,CO,凉山州,0.95
20170124,17,CO_24h,凉山州,1.2
20170124,18,AQI,凉山州,50.0
20170124,18,PM2.5,凉山州,33.0
20170124,18,PM2.5_24h,凉山州,53.0
20170124,18,PM10,凉山州,50.0
20170124,18,PM10_24h,凉山州,78.0
20170124,18,SO2,凉山州,19.0
20170124,18,SO2_24h,凉山州,37.0
20170124,18,NO2,凉山州,36.0
20170124,18,NO2_24h,凉山州,37.0
20170124,18,O3,凉山州,93.0
20170124,18,O3_24h,凉山州,120.0
20170124,18,O3_8h,凉山州,92.0
20170124,18,O3_8h_24h,凉山州,92.0
20170124,18,CO,凉山州,1.08
20170124,18,CO_24h,凉山州,1.2
20170124,19,AQI,凉山州,76.0
20170124,19,PM2.5,凉山州,56.0
20170124,19,PM2.5_24h,凉山州,53.0
20170124,19,PM10,凉山州,75.0
20170124,19,PM10_24h,凉山州,79.0
20170124,19,SO2,凉山州,54.0
20170124,19,SO2_24h,凉山州,36.0
20170124,19,NO2,凉山州,53.0
20170124,19,NO2_24h,凉山州,37.0
20170124,19,O3,凉山州,71.0
20170124,19,O3_24h,凉山州,120.0
20170124,19,O3_8h,凉山州,96.0
20170124,19,O3_8h_24h,凉山州,96.0
20170124,19,CO,凉山州,1.45
20170124,19,CO_24h,凉山州,1.2
20170124,20,AQI,凉山州,68.0
20170124,20,PM2.5,凉山州,49.0
20170124,20,PM2.5_24h,凉山州,53.0
20170124,20,PM10,凉山州,81.0
20170124,20,PM10_24h,凉山州,78.0
20170124,20,SO2,凉山州,33.0
20170124,20,SO2_24h,凉山州,35.0
20170124,20,NO2,凉山州,38.0
20170124,20,NO2_24h,凉山州,37.0
20170124,20,O3,凉山州,70.0
20170124,20,O3_24h,凉山州,120.0
20170124,20,O3_8h,凉山州,96.0
20170124,20,O3_8h_24h,凉山州,96.0
20170124,20,CO,凉山州,1.27
20170124,20,CO_24h,凉山州,1.18
20170124,21,AQI,凉山州,65.0
20170124,21,PM2.5,凉山州,47.0
20170124,21,PM2.5_24h,凉山州,53.0
20170124,21,PM10,凉山州,74.0
20170124,21,PM10_24h,凉山州,78.0
20170124,21,SO2,凉山州,17.0
20170124,21,SO2_24h,凉山州,34.0
20170124,21,NO2,凉山州,30.0
20170124,21,NO2_24h,凉山州,37.0
20170124,21,O3,凉山州,71.0
20170124,21,O3_24h,凉山州,120.0
20170124,21,O3_8h,凉山州,95.0
20170124,21,O3_8h_24h,凉山州,96.0
20170124,21,CO,凉山州,1.15
20170124,21,CO_24h,凉山州,1.18
20170124,22,AQI,凉山州,58.0
20170124,22,PM2.5,凉山州,41.0
20170124,22,PM2.5_24h,凉山州,52.0
20170124,22,PM10,凉山州,61.0
20170124,22,PM10_24h,凉山州,75.0
20170124,22,SO2,凉山州,18.0
20170124,22,SO2_24h,凉山州,33.0
20170124,22,NO2,凉山州,27.0
20170124,22,NO2_24h,凉山州,35.0
20170124,22,O3,凉山州,71.0
20170124,22,O3_24h,凉山州,120.0
20170124,22,O3_8h,凉山州,91.0
20170124,22,O3_8h_24h,凉山州,96.0
20170124,22,CO,凉山州,1.05
20170124,22,CO_24h,凉山州,1.15
20170124,23,AQI,凉山州,70.0
20170124,23,PM2.5,凉山州,51.0
20170124,23,PM2.5_24h,凉山州,52.0
20170124,23,PM10,凉山州,74.0
20170124,23,PM10_24h,凉山州,74.0
20170124,23,SO2,凉山州,23.0
20170124,23,SO2_24h,凉山州,32.0
20170124,23,NO2,凉山州,30.0
20170124,23,NO2_24h,凉山州,34.0
20170124,23,O3,凉山州,64.0
20170124,23,O3_24h,凉山州,120.0
20170124,23,O3_8h,凉山州,84.0
20170124,23,O3_8h_24h,凉山州,96.0
20170124,23,CO,凉山州,1.1
20170124,23,CO_24h,凉山州,1.15
20170124,0,AQI,六盘水,51.0
20170124,0,PM2.5,六盘水,36.0
20170124,0,PM2.5_24h,六盘水,43.0
20170124,0,PM10,六盘水,47.0
20170124,0,PM10_24h,六盘水,54.0
20170124,0,SO2,六盘水,27.0
20170124,0,SO2_24h,六盘水,28.0
20170124,0,NO2,六盘水,27.0
20170124,0,NO2_24h,六盘水,29.0
20170124,0,O3,六盘水,35.0
20170124,0,O3_24h,六盘水,69.0
20170124,0,O3_8h,六盘水,35.0
20170124,0,O3_8h_24h,六盘水,58.0
20170124,0,CO,六盘水,1.13
20170124,0,CO_24h,六盘水,1.15
20170124,1,AQI,六盘水,46.0
20170124,1,PM2.5,六盘水,32.0
20170124,1,PM2.5_24h,六盘水,41.0
20170124,1,PM10,六盘水,36.0
20170124,1,PM10_24h,六盘水,51.0
20170124,1,SO2,六盘水,23.0
20170124,1,SO2_24h,六盘水,27.0
20170124,1,NO2,六盘水,31.0
20170124,1,NO2_24h,六盘水,29.0
20170124,1,O3,六盘水,32.0
20170124,1,O3_24h,六盘水,67.0
20170124,1,O3_8h,六盘水,32.0
20170124,1,O3_8h_24h,六盘水,32.0
20170124,1,CO,六盘水,1.15
20170124,1,CO_24h,六盘水,1.13
20170124,2,AQI,六盘水,44.0
20170124,2,PM2.5,六盘水,31.0
20170124,2,PM2.5_24h,六盘水,39.0
20170124,2,PM10,六盘水,39.0
20170124,2,PM10_24h,六盘水,49.0
20170124,2,SO2,六盘水,21.0
20170124,2,SO2_24h,六盘水,26.0
20170124,2,NO2,六盘水,26.0
20170124,2,NO2_24h,六盘水,29.0
20170124,2,O3,六盘水,33.0
20170124,2,O3_24h,六盘水,67.0
20170124,2,O3_8h,六盘水,33.0
20170124,2,O3_8h_24h,六盘水,34.0
20170124,2,CO,六盘水,1.1
20170124,2,CO_24h,六盘水,1.13
20170124,3,AQI,六盘水,38.0
20170124,3,PM2.5,六盘水,23.0
20170124,3,PM2.5_24h,六盘水,37.0
20170124,3,PM10,六盘水,38.0
20170124,3,PM10_24h,六盘水,47.0
20170124,3,SO2,六盘水,21.0
20170124,3,SO2_24h,六盘水,26.0
20170124,3,NO2,六盘水,22.0
20170124,3,NO2_24h,六盘水,29.0
20170124,3,O3,六盘水,31.0
20170124,3,O3_24h,六盘水,67.0
20170124,3,O3_8h,六盘水,32.0
20170124,3,O3_8h_24h,六盘水,34.0
20170124,3,CO,六盘水,1.05
20170124,3,CO_24h,六盘水,1.13
20170124,4,AQI,六盘水,35.0
20170124,4,PM2.5,六盘水,24.0
20170124,4,PM2.5_24h,六盘水,35.0
20170124,4,PM10,六盘水,35.0
20170124,4,PM10_24h,六盘水,45.0
20170124,4,SO2,六盘水,24.0
20170124,4,SO2_24h,六盘水,25.0
20170124,4,NO2,六盘水,19.0
20170124,4,NO2_24h,六盘水,29.0
20170124,4,O3,六盘水,29.0
20170124,4,O3_24h,六盘水,65.0
20170124,4,O3_8h,六盘水,32.0
20170124,4,O3_8h_24h,六盘水,34.0
20170124,4,CO,六盘水,1.2
20170124,4,CO_24h,六盘水,1.1
20170124,5,AQI,六盘水,41.0
20170124,5,PM2.5,六盘水,29.0
20170124,5,PM2.5_24h,六盘水,34.0
20170124,5,PM10,六盘水,36.0
20170124,5,PM10_24h,六盘水,44.0
20170124,5,SO2,六盘水,24.0
20170124,5,SO2_24h,六盘水,26.0
20170124,5,NO2,六盘水,17.0
20170124,5,NO2_24h,六盘水,28.0
20170124,5,O3,六盘水,33.0
20170124,5,O3_24h,六盘水,62.0
20170124,5,O3_8h,六盘水,32.0
20170124,5,O3_8h_24h,六盘水,34.0
20170124,5,CO,六盘水,1.0
20170124,5,CO_24h,六盘水,1.1
20170124,6,AQI,六盘水,29.0
20170124,6,PM2.5,六盘水,17.0
20170124,6,PM2.5_24h,六盘水,33.0
20170124,6,PM10,六盘水,29.0
20170124,6,PM10_24h,六盘水,43.0
20170124,6,SO2,六盘水,28.0
20170124,6,SO2_24h,六盘水,26.0
20170124,6,NO2,六盘水,17.0
20170124,6,NO2_24h,六盘水,29.0
20170124,6,O3,六盘水,34.0
20170124,6,O3_24h,六盘水,61.0
20170124,6,O3_8h,六盘水,32.0
20170124,6,O3_8h_24h,六盘水,34.0
20170124,6,CO,六盘水,1.02
20170124,6,CO_24h,六盘水,1.1
20170124,7,AQI,六盘水,27.0
20170124,7,PM2.5,六盘水,19.0
20170124,7,PM2.5_24h,六盘水,32.0
20170124,7,PM10,六盘水,24.0
20170124,7,PM10_24h,六盘水,42.0
20170124,7,SO2,六盘水,30.0
20170124,7,SO2_24h,六盘水,26.0
20170124,7,NO2,六盘水,17.0
20170124,7,NO2_24h,六盘水,29.0
20170124,7,O3,六盘水,31.0
20170124,7,O3_24h,六盘水,57.0
20170124,7,O3_8h,六盘水,32.0
20170124,7,O3_8h_24h,六盘水,34.0
20170124,7,CO,六盘水,0.97
20170124,7,CO_24h,六盘水,1.1
20170124,8,AQI,六盘水,24.0
20170124,8,PM2.5,六盘水,14.0
20170124,8,PM2.5_24h,六盘水,31.0
20170124,8,PM10,六盘水,24.0
20170124,8,PM10_24h,六盘水,37.0
20170124,8,SO2,六盘水,30.0
20170124,8,SO2_24h,六盘水,27.0
20170124,8,NO2,六盘水,25.0
20170124,8,NO2_24h,六盘水,29.0
20170124,8,O3,六盘水,32.0
20170124,8,O3_24h,六盘水,50.0
20170124,8,O3_8h,六盘水,32.0
20170124,8,O3_8h_24h,六盘水,34.0
20170124,8,CO,六盘水,1.02
20170124,8,CO_24h,六盘水,1.1
20170124,9,AQI,六盘水,29.0
20170124,9,PM2.5,六盘水,20.0
20170124,9,PM2.5_24h,六盘水,31.0
20170124,9,PM10,六盘水,27.0
20170124,9,PM10_24h,六盘水,36.0
20170124,9,SO2,六盘水,32.0
20170124,9,SO2_24h,六盘水,27.0
20170124,9,NO2,六盘水,29.0
20170124,9,NO2_24h,六盘水,28.0
20170124,9,O3,六盘水,32.0
20170124,9,O3_24h,六盘水,42.0
20170124,9,O3_8h,六盘水,32.0
20170124,9,O3_8h_24h,六盘水,34.0
20170124,9,CO,六盘水,1.15
20170124,9,CO_24h,六盘水,1.1
20170124,10,AQI,六盘水,31.0
20170124,10,PM2.5,六盘水,22.0
20170124,10,PM2.5_24h,六盘水,30.0
20170124,10,PM10,六盘水,27.0
20170124,10,PM10_24h,六盘水,35.0
20170124,10,SO2,六盘水,34.0
20170124,10,SO2_24h,六盘水,27.0
20170124,10,NO2,六盘水,29.0
20170124,10,NO2_24h,六盘水,28.0
20170124,10,O3,六盘水,29.0
20170124,10,O3_24h,六盘水,42.0
20170124,10,O3_8h,六盘水,31.0
20170124,10,O3_8h_24h,六盘水,34.0
20170124,10,CO,六盘水,1.35
20170124,10,CO_24h,六盘水,1.1
20170124,11,AQI,六盘水,43.0
20170124,11,PM2.5,六盘水,28.0
20170124,11,PM2.5_24h,六盘水,29.0
20170124,11,PM10,六盘水,43.0
20170124,11,PM10_24h,六盘水,35.0
20170124,11,SO2,六盘水,35.0
20170124,11,SO2_24h,六盘水,28.0
20170124,11,NO2,六盘水,31.0
20170124,11,NO2_24h,六盘水,28.0
20170124,11,O3,六盘水,30.0
20170124,11,O3_24h,六盘水,42.0
20170124,11,O3_8h,六盘水,31.0
20170124,11,O3_8h_24h,六盘水,34.0
20170124,11,CO,六盘水,1.48
20170124,11,CO_24h,六盘水,1.13
20170124,12,AQI,六盘水,50.0
20170124,12,PM2.5,六盘水,35.0
20170124,12,PM2.5_24h,六盘水,28.0
20170124,12,PM10,六盘水,44.0
20170124,12,PM10_24h,六盘水,35.0
20170124,12,SO2,六盘水,31.0
20170124,12,SO2_24h,六盘水,28.0
20170124,12,NO2,六盘水,27.0
20170124,12,NO2_24h,六盘水,28.0
20170124,12,O3,六盘水,30.0
20170124,12,O3_24h,六盘水,44.0
20170124,12,O3_8h,六盘水,31.0
20170124,12,O3_8h_24h,六盘水,34.0
20170124,12,CO,六盘水,1.3
20170124,12,CO_24h,六盘水,1.13
20170124,13,AQI,六盘水,54.0
20170124,13,PM2.5,六盘水,38.0
20170124,13,PM2.5_24h,六盘水,28.0
20170124,13,PM10,六盘水,54.0
20170124,13,PM10_24h,六盘水,35.0
20170124,13,SO2,六盘水,36.0
20170124,13,SO2_24h,六盘水,28.0
20170124,13,NO2,六盘水,29.0
20170124,13,NO2_24h,六盘水,28.0
20170124,13,O3,六盘水,25.0
20170124,13,O3_24h,六盘水,44.0
20170124,13,O3_8h,六盘水,31.0
20170124,13,O3_8h_24h,六盘水,34.0
20170124,13,CO,六盘水,1.33
20170124,13,CO_24h,六盘水,1.15
20170124,14,AQI,六盘水,58.0
20170124,14,PM2.5,六盘水,41.0
20170124,14,PM2.5_24h,六盘水,29.0
20170124,14,PM10,六盘水,60.0
20170124,14,PM10_24h,六盘水,35.0
20170124,14,SO2,六盘水,35.0
20170124,14,SO2_24h,六盘水,28.0
20170124,14,NO2,六盘水,28.0
20170124,14,NO2_24h,六盘水,27.0
20170124,14,O3,六盘水,26.0
20170124,14,O3_24h,六盘水,44.0
20170124,14,O3_8h,六盘水,29.0
20170124,14,O3_8h_24h,六盘水,34.0
20170124,14,CO,六盘水,1.35
20170124,14,CO_24h,六盘水,1.15
20170124,15,AQI,六盘水,68.0
20170124,15,PM2.5,六盘水,49.0
20170124,15,PM2.5_24h,六盘水,30.0
20170124,15,PM10,六盘水,72.0
20170124,15,PM10_24h,六盘水,37.0
20170124,15,SO2,六盘水,38.0
20170124,15,SO2_24h,六盘水,29.0
20170124,15,NO2,六盘水,33.0
20170124,15,NO2_24h,六盘水,27.0
20170124,15,O3,六盘水,29.0
20170124,15,O3_24h,六盘水,44.0
20170124,15,O3_8h,六盘水,29.0
20170124,15,O3_8h_24h,六盘水,34.0
20170124,15,CO,六盘水,1.38
20170124,15,CO_24h,六盘水,1.18
20170124,16,AQI,六盘水,71.0
20170124,16,PM2.5,六盘水,52.0
20170124,16,PM2.5_24h,六盘水,30.0
20170124,16,PM10,六盘水,80.0
20170124,16,PM10_24h,六盘水,38.0
20170124,16,SO2,六盘水,34.0
20170124,16,SO2_24h,六盘水,29.0
20170124,16,NO2,六盘水,34.0
20170124,16,NO2_24h,六盘水,28.0
20170124,16,O3,六盘水,27.0
20170124,16,O3_24h,六盘水,44.0
20170124,16,O3_8h,六盘水,29.0
20170124,16,O3_8h_24h,六盘水,34.0
20170124,16,CO,六盘水,1.35
20170124,16,CO_24h,六盘水,1.2
20170124,17,AQI,六盘水,76.0
20170124,17,PM2.5,六盘水,56.0
20170124,17,PM2.5_24h,六盘水,32.0
20170124,17,PM10,六盘水,85.0
20170124,17,PM10_24h,六盘水,39.0
20170124,17,SO2,六盘水,35.0
20170124,17,SO2_24h,六盘水,30.0
20170124,17,NO2,六盘水,31.0
20170124,17,NO2_24h,六盘水,28.0
20170124,17,O3,六盘水,30.0
20170124,17,O3_24h,六盘水,44.0
20170124,17,O3_8h,六盘水,28.0
20170124,17,O3_8h_24h,六盘水,34.0
20170124,17,CO,六盘水,1.25
20170124,17,CO_24h,六盘水,1.2
20170124,18,AQI,六盘水,68.0
20170124,18,PM2.5,六盘水,49.0
20170124,18,PM2.5_24h,六盘水,32.0
20170124,18,PM10,六盘水,67.0
20170124,18,PM10_24h,六盘水,40.0
20170124,18,SO2,六盘水,35.0
20170124,18,SO2_24h,六盘水,30.0
20170124,18,NO2,六盘水,31.0
20170124,18,NO2_24h,六盘水,28.0
20170124,18,O3,六盘水,35.0
20170124,18,O3_24h,六盘水,44.0
20170124,18,O3_8h,六盘水,29.0
20170124,18,O3_8h_24h,六盘水,34.0
20170124,18,CO,六盘水,1.25
20170124,18,CO_24h,六盘水,1.2
20170124,19,AQI,六盘水,66.0
20170124,19,PM2.5,六盘水,48.0
20170124,19,PM2.5_24h,六盘水,33.0
20170124,19,PM10,六盘水,64.0
20170124,19,PM10_24h,六盘水,41.0
20170124,19,SO2,六盘水,37.0
20170124,19,SO2_24h,六盘水,30.0
20170124,19,NO2,六盘水,31.0
20170124,19,NO2_24h,六盘水,27.0
20170124,19,O3,六盘水,34.0
20170124,19,O3_24h,六盘水,42.0
20170124,19,O3_8h,六盘水,29.0
20170124,19,O3_8h_24h,六盘水,34.0
20170124,19,CO,六盘水,1.27
20170124,19,CO_24h,六盘水,1.2
20170124,20,AQI,六盘水,60.0
20170124,20,PM2.5,六盘水,43.0
20170124,20,PM2.5_24h,六盘水,33.0
20170124,20,PM10,六盘水,61.0
20170124,20,PM10_24h,六盘水,41.0
20170124,20,SO2,六盘水,38.0
20170124,20,SO2_24h,六盘水,31.0
20170124,20,NO2,六盘水,36.0
20170124,20,NO2_24h,六盘水,28.0
20170124,20,O3,六盘水,32.0
20170124,20,O3_24h,六盘水,42.0
20170124,20,O3_8h,六盘水,30.0
20170124,20,O3_8h_24h,六盘水,34.0
20170124,20,CO,六盘水,1.38
20170124,20,CO_24h,六盘水,1.22
20170124,21,AQI,六盘水,56.0
20170124,21,PM2.5,六盘水,40.0
20170124,21,PM2.5_24h,六盘水,34.0
20170124,21,PM10,六盘水,56.0
20170124,21,PM10_24h,六盘水,44.0
20170124,21,SO2,六盘水,40.0
20170124,21,SO2_24h,六盘水,31.0
20170124,21,NO2,六盘水,34.0
20170124,21,NO2_24h,六盘水,28.0
20170124,21,O3,六盘水,34.0
20170124,21,O3_24h,六盘水,42.0
20170124,21,O3_8h,六盘水,31.0
20170124,21,O3_8h_24h,六盘水,34.0
20170124,21,CO,六盘水,1.25
20170124,21,CO_24h,六盘水,1.22
20170124,22,AQI,六盘水,59.0
20170124,22,PM2.5,六盘水,42.0
20170124,22,PM2.5_24h,六盘水,34.0
20170124,22,PM10,六盘水,55.0
20170124,22,PM10_24h,六盘水,44.0
20170124,22,SO2,六盘水,33.0
20170124,22,SO2_24h,六盘水,31.0
20170124,22,NO2,六盘水,27.0
20170124,22,NO2_24h,六盘水,28.0
20170124,22,O3,六盘水,35.0
20170124,22,O3_24h,六盘水,41.0
20170124,22,O3_8h,六盘水,32.0
20170124,22,O3_8h_24h,六盘水,35.0
20170124,22,CO,六盘水,1.15
20170124,22,CO_24h,六盘水,1.22
20170124,23,AQI,六盘水,56.0
20170124,23,PM2.5,六盘水,40.0
20170124,23,PM2.5_24h,六盘水,34.0
20170124,23,PM10,六盘水,50.0
20170124,23,PM10_24h,六盘水,44.0
20170124,23,SO2,六盘水,32.0
20170124,23,SO2_24h,六盘水,31.0
20170124,23,NO2,六盘水,25.0
20170124,23,NO2_24h,六盘水,27.0
20170124,23,O3,六盘水,37.0
20170124,23,O3_24h,六盘水,42.0
20170124,23,O3_8h,六盘水,33.0
20170124,23,O3_8h_24h,六盘水,36.0
20170124,23,CO,六盘水,1.08
20170124,23,CO_24h,六盘水,1.22
20170124,0,AQI,安顺,53.0
20170124,0,PM2.5,安顺,37.0
20170124,0,PM2.5_24h,安顺,64.0
20170124,0,PM10,安顺,47.0
20170124,0,PM10_24h,安顺,77.0
20170124,0,SO2,安顺,18.0
20170124,0,SO2_24h,安顺,32.0
20170124,0,NO2,安顺,13.0
20170124,0,NO2_24h,安顺,22.0
20170124,0,O3,安顺,61.0
20170124,0,O3_24h,安顺,67.0
20170124,0,O3_8h,安顺,51.0
20170124,0,O3_8h_24h,安顺,56.0
20170124,0,CO,安顺,0.42
20170124,0,CO_24h,安顺,0.63
20170124,1,AQI,安顺,50.0
20170124,1,PM2.5,安顺,35.0
20170124,1,PM2.5_24h,安顺,62.0
20170124,1,PM10,安顺,44.0
20170124,1,PM10_24h,安顺,76.0
20170124,1,SO2,安顺,16.0
20170124,1,SO2_24h,安顺,32.0
20170124,1,NO2,安顺,12.0
20170124,1,NO2_24h,安顺,22.0
20170124,1,O3,安顺,62.0
20170124,1,O3_24h,安顺,67.0
20170124,1,O3_8h,安顺,62.0
20170124,1,O3_8h_24h,安顺,62.0
20170124,1,CO,安顺,0.4
20170124,1,CO_24h,安顺,0.57
20170124,2,AQI,安顺,46.0
20170124,2,PM2.5,安顺,32.0
20170124,2,PM2.5_24h,安顺,60.0
20170124,2,PM10,安顺,41.0
20170124,2,PM10_24h,安顺,74.0
20170124,2,SO2,安顺,12.0
20170124,2,SO2_24h,安顺,30.0
20170124,2,NO2,安顺,13.0
20170124,2,NO2_24h,安顺,21.0
20170124,2,O3,安顺,62.0
20170124,2,O3_24h,安顺,67.0
20170124,2,O3_8h,安顺,62.0
20170124,2,O3_8h_24h,安顺,62.0
20170124,2,CO,安顺,0.38
20170124,2,CO_24h,安顺,0.57
20170124,3,AQI,安顺,46.0
20170124,3,PM2.5,安顺,32.0
20170124,3,PM2.5_24h,安顺,57.0
20170124,3,PM10,安顺,40.0
20170124,3,PM10_24h,安顺,72.0
20170124,3,SO2,安顺,10.0
20170124,3,SO2_24h,安顺,29.0
20170124,3,NO2,安顺,10.0
20170124,3,NO2_24h,安顺,20.0
20170124,3,O3,安顺,66.0
20170124,3,O3_24h,安顺,68.0
20170124,3,O3_8h,安顺,63.0
20170124,3,O3_8h_24h,安顺,63.0
20170124,3,CO,安顺,0.35
20170124,3,CO_24h,安顺,0.55
20170124,4,AQI,安顺,46.0
20170124,4,PM2.5,安顺,32.0
20170124,4,PM2.5_24h,安顺,55.0
20170124,4,PM10,安顺,40.0
20170124,4,PM10_24h,安顺,69.0
20170124,4,SO2,安顺,9.0
20170124,4,SO2_24h,安顺,28.0
20170124,4,NO2,安顺,9.0
20170124,4,NO2_24h,安顺,20.0
20170124,4,O3,安顺,67.0
20170124,4,O3_24h,安顺,69.0
20170124,4,O3_8h,安顺,64.0
20170124,4,O3_8h_24h,安顺,64.0
20170124,4,CO,安顺,0.35
20170124,4,CO_24h,安顺,0.55
20170124,5,AQI,安顺,49.0
20170124,5,PM2.5,安顺,34.0
20170124,5,PM2.5_24h,安顺,53.0
20170124,5,PM10,安顺,42.0
20170124,5,PM10_24h,安顺,67.0
20170124,5,SO2,安顺,11.0
20170124,5,SO2_24h,安顺,28.0
20170124,5,NO2,安顺,9.0
20170124,5,NO2_24h,安顺,20.0
20170124,5,O3,安顺,67.0
20170124,5,O3_24h,安顺,69.0
20170124,5,O3_8h,安顺,65.0
20170124,5,O3_8h_24h,安顺,65.0
20170124,5,CO,安顺,0.35
20170124,5,CO_24h,安顺,0.53
20170124,6,AQI,安顺,50.0
20170124,6,PM2.5,安顺,35.0
20170124,6,PM2.5_24h,安顺,51.0
20170124,6,PM10,安顺,43.0
20170124,6,PM10_24h,安顺,64.0
20170124,6,SO2,安顺,15.0
20170124,6,SO2_24h,安顺,27.0
20170124,6,NO2,安顺,9.0
20170124,6,NO2_24h,安顺,19.0
20170124,6,O3,安顺,67.0
20170124,6,O3_24h,安顺,69.0
20170124,6,O3_8h,安顺,65.0
20170124,6,O3_8h_24h,安顺,65.0
20170124,6,CO,安顺,0.4
20170124,6,CO_24h,安顺,0.53
20170124,7,AQI,安顺,49.0
20170124,7,PM2.5,安顺,34.0
20170124,7,PM2.5_24h,安顺,49.0
20170124,7,PM10,安顺,42.0
20170124,7,PM10_24h,安顺,62.0
20170124,7,SO2,安顺,19.0
20170124,7,SO2_24h,安顺,27.0
20170124,7,NO2,安顺,13.0
20170124,7,NO2_24h,安顺,19.0
20170124,7,O3,安顺,61.0
20170124,7,O3_24h,安顺,69.0
20170124,7,O3_8h,安顺,65.0
20170124,7,O3_8h_24h,安顺,65.0
20170124,7,CO,安顺,0.45
20170124,7,CO_24h,安顺,0.53
20170124,8,AQI,安顺,49.0
20170124,8,PM2.5,安顺,34.0
20170124,8,PM2.5_24h,安顺,48.0
20170124,8,PM10,安顺,42.0
20170124,8,PM10_24h,安顺,60.0
20170124,8,SO2,安顺,22.0
20170124,8,SO2_24h,安顺,27.0
20170124,8,NO2,安顺,21.0
20170124,8,NO2_24h,安顺,20.0
20170124,8,O3,安顺,56.0
20170124,8,O3_24h,安顺,69.0
20170124,8,O3_8h,安顺,64.0
20170124,8,O3_8h_24h,安顺,65.0
20170124,8,CO,安顺,0.47
20170124,8,CO_24h,安顺,0.53
20170124,9,AQI,安顺,51.0
20170124,9,PM2.5,安顺,36.0
20170124,9,PM2.5_24h,安顺,46.0
20170124,9,PM10,安顺,44.0
20170124,9,PM10_24h,安顺,59.0
20170124,9,SO2,安顺,28.0
20170124,9,SO2_24h,安顺,27.0
20170124,9,NO2,安顺,28.0
20170124,9,NO2_24h,安顺,20.0
20170124,9,O3,安顺,53.0
20170124,9,O3_24h,安顺,69.0
20170124,9,O3_8h,安顺,62.0
20170124,9,O3_8h_24h,安顺,65.0
20170124,9,CO,安顺,0.55
20170124,9,CO_24h,安顺,0.53
20170124,10,AQI,安顺,47.0
20170124,10,PM2.5,安顺,33.0
20170124,10,PM2.5_24h,安顺,45.0
20170124,10,PM10,安顺,40.0
20170124,10,PM10_24h,安顺,57.0
20170124,10,SO2,安顺,27.0
20170124,10,SO2_24h,安顺,26.0
20170124,10,NO2,安顺,26.0
20170124,10,NO2_24h,安顺,19.0
20170124,10,O3,安顺,55.0
20170124,10,O3_24h,安顺,69.0
20170124,10,O3_8h,安顺,62.0
20170124,10,O3_8h_24h,安顺,65.0
20170124,10,CO,安顺,0.53
20170124,10,CO_24h,安顺,0.5
20170124,11,AQI,安顺,44.0
20170124,11,PM2.5,安顺,31.0
20170124,11,PM2.5_24h,安顺,43.0
20170124,11,PM10,安顺,39.0
20170124,11,PM10_24h,安顺,55.0
20170124,11,SO2,安顺,33.0
20170124,11,SO2_24h,安顺,26.0
20170124,11,NO2,安顺,30.0
20170124,11,NO2_24h,安顺,19.0
20170124,11,O3,安顺,50.0
20170124,11,O3_24h,安顺,69.0
20170124,11,O3_8h,安顺,60.0
20170124,11,O3_8h_24h,安顺,65.0
20170124,11,CO,安顺,0.6
20170124,11,CO_24h,安顺,0.47
20170124,12,AQI,安顺,41.0
20170124,12,PM2.5,安顺,29.0
20170124,12,PM2.5_24h,安顺,42.0
20170124,12,PM10,安顺,35.0
20170124,12,PM10_24h,安顺,54.0
20170124,12,SO2,安顺,31.0
20170124,12,SO2_24h,安顺,26.0
20170124,12,NO2,安顺,25.0
20170124,12,NO2_24h,安顺,19.0
20170124,12,O3,安顺,56.0
20170124,12,O3_24h,安顺,69.0
20170124,12,O3_8h,安顺,58.0
20170124,12,O3_8h_24h,安顺,65.0
20170124,12,CO,安顺,0.55
20170124,12,CO_24h,安顺,0.47
20170124,13,AQI,安顺,41.0
20170124,13,PM2.5,安顺,29.0
20170124,13,PM2.5_24h,安顺,41.0
20170124,13,PM10,安顺,32.0
20170124,13,PM10_24h,安顺,53.0
20170124,13,SO2,安顺,32.0
20170124,13,SO2_24h,安顺,26.0
20170124,13,NO2,安顺,23.0
20170124,13,NO2_24h,安顺,19.0
20170124,13,O3,安顺,59.0
20170124,13,O3_24h,安顺,69.0
20170124,13,O3_8h,安顺,57.0
20170124,13,O3_8h_24h,安顺,65.0
20170124,13,CO,安顺,0.55
20170124,13,CO_24h,安顺,0.47
20170124,14,AQI,安顺,34.0
20170124,14,PM2.5,安顺,24.0
20170124,14,PM2.5_24h,安顺,40.0
20170124,14,PM10,安顺,29.0
20170124,14,PM10_24h,安顺,52.0
20170124,14,SO2,安顺,28.0
20170124,14,SO2_24h,安顺,26.0
20170124,14,NO2,安顺,21.0
20170124,14,NO2_24h,安顺,20.0
20170124,14,O3,安顺,60.0
20170124,14,O3_24h,安顺,69.0
20170124,14,O3_8h,安顺,56.0
20170124,14,O3_8h_24h,安顺,65.0
20170124,14,CO,安顺,0.55
20170124,14,CO_24h,安顺,0.47
20170124,15,AQI,安顺,36.0
20170124,15,PM2.5,安顺,25.0
20170124,15,PM2.5_24h,安顺,39.0
20170124,15,PM10,安顺,31.0
20170124,15,PM10_24h,安顺,50.0
20170124,15,SO2,安顺,30.0
20170124,15,SO2_24h,安顺,27.0
20170124,15,NO2,安顺,24.0
20170124,15,NO2_24h,安顺,20.0
20170124,15,O3,安顺,57.0
20170124,15,O3_24h,安顺,69.0
20170124,15,O3_8h,安顺,55.0
20170124,15,O3_8h_24h,安顺,65.0
20170124,15,CO,安顺,0.65
20170124,15,CO_24h,安顺,0.47
20170124,16,AQI,安顺,36.0
20170124,16,PM2.5,安顺,25.0
20170124,16,PM2.5_24h,安顺,37.0
20170124,16,PM10,安顺,31.0
20170124,16,PM10_24h,安顺,49.0
20170124,16,SO2,安顺,28.0
20170124,16,SO2_24h,安顺,26.0
20170124,16,NO2,安顺,24.0
20170124,16,NO2_24h,安顺,20.0
20170124,16,O3,安顺,56.0
20170124,16,O3_24h,安顺,69.0
20170124,16,O3_8h,安顺,56.0
20170124,16,O3_8h_24h,安顺,65.0
20170124,16,CO,安顺,0.68
20170124,16,CO_24h,安顺,0.47
20170124,17,AQI,安顺,47.0
20170124,17,PM2.5,安顺,33.0
20170124,17,PM2.5_24h,安顺,37.0
20170124,17,PM10,安顺,37.0
20170124,17,PM10_24h,安顺,46.0
20170124,17,SO2,安顺,26.0
20170124,17,SO2_24h,安顺,26.0
20170124,17,NO2,安顺,21.0
20170124,17,NO2_24h,安顺,20.0
20170124,17,O3,安顺,59.0
20170124,17,O3_24h,安顺,69.0
20170124,17,O3_8h,安顺,56.0
20170124,17,O3_8h_24h,安顺,65.0
20170124,17,CO,安顺,0.67
20170124,17,CO_24h,安顺,0.5
20170124,18,AQI,安顺,53.0
20170124,18,PM2.5,安顺,37.0
20170124,18,PM2.5_24h,安顺,36.0
20170124,18,PM10,安顺,43.0
20170124,18,PM10_24h,安顺,45.0
20170124,18,SO2,安顺,27.0
20170124,18,SO2_24h,安顺,26.0
20170124,18,NO2,安顺,22.0
20170124,18,NO2_24h,安顺,20.0
20170124,18,O3,安顺,62.0
20170124,18,O3_24h,安顺,69.0
20170124,18,O3_8h,安顺,57.0
20170124,18,O3_8h_24h,安顺,65.0
20170124,18,CO,安顺,0.67
20170124,18,CO_24h,安顺,0.5
20170124,19,AQI,安顺,66.0
20170124,19,PM2.5,安顺,48.0
20170124,19,PM2.5_24h,安顺,36.0
20170124,19,PM10,安顺,56.0
20170124,19,PM10_24h,安顺,44.0
20170124,19,SO2,安顺,31.0
20170124,19,SO2_24h,安顺,25.0
20170124,19,NO2,安顺,25.0
20170124,19,NO2_24h,安顺,19.0
20170124,19,O3,安顺,57.0
20170124,19,O3_24h,安顺,69.0
20170124,19,O3_8h,安顺,58.0
20170124,19,O3_8h_24h,安顺,65.0
20170124,19,CO,安顺,0.67
20170124,19,CO_24h,安顺,0.5
20170124,20,AQI,安顺,75.0
20170124,20,PM2.5,安顺,55.0
20170124,20,PM2.5_24h,安顺,36.0
20170124,20,PM10,安顺,63.0
20170124,20,PM10_24h,安顺,44.0
20170124,20,SO2,安顺,40.0
20170124,20,SO2_24h,安顺,24.0
20170124,20,NO2,安顺,28.0
20170124,20,NO2_24h,安顺,19.0
20170124,20,O3,安顺,48.0
20170124,20,O3_24h,安顺,69.0
20170124,20,O3_8h,安顺,57.0
20170124,20,O3_8h_24h,安顺,65.0
20170124,20,CO,安顺,0.75
20170124,20,CO_24h,安顺,0.5
20170124,21,AQI,安顺,70.0
20170124,21,PM2.5,安顺,51.0
20170124,21,PM2.5_24h,安顺,35.0
20170124,21,PM10,安顺,56.0
20170124,21,PM10_24h,安顺,43.0
20170124,21,SO2,安顺,31.0
20170124,21,SO2_24h,安顺,24.0
20170124,21,NO2,安顺,18.0
20170124,21,NO2_24h,安顺,19.0
20170124,21,O3,安顺,43.0
20170124,21,O3_24h,安顺,69.0
20170124,21,O3_8h,安顺,55.0
20170124,21,O3_8h_24h,安顺,65.0
20170124,21,CO,安顺,0.7
20170124,21,CO_24h,安顺,0.53
20170124,22,AQI,安顺,63.0
20170124,22,PM2.5,安顺,45.0
20170124,22,PM2.5_24h,安顺,35.0
20170124,22,PM10,安顺,50.0
20170124,22,PM10_24h,安顺,43.0
20170124,22,SO2,安顺,28.0
20170124,22,SO2_24h,安顺,24.0
20170124,22,NO2,安顺,16.0
20170124,22,NO2_24h,安顺,19.0
20170124,22,O3,安顺,40.0
20170124,22,O3_24h,安顺,69.0
20170124,22,O3_8h,安顺,53.0
20170124,22,O3_8h_24h,安顺,65.0
20170124,22,CO,安顺,0.65
20170124,22,CO_24h,安顺,0.55
20170124,23,AQI,安顺,83.0
20170124,23,PM2.5,安顺,61.0
20170124,23,PM2.5_24h,安顺,36.0
20170124,23,PM10,安顺,71.0
20170124,23,PM10_24h,安顺,43.0
20170124,23,SO2,安顺,22.0
20170124,23,SO2_24h,安顺,24.0
20170124,23,NO2,安顺,15.0
20170124,23,NO2_24h,安顺,19.0
20170124,23,O3,安顺,41.0
20170124,23,O3_24h,安顺,69.0
20170124,23,O3_8h,安顺,51.0
20170124,23,O3_8h_24h,安顺,65.0
20170124,23,CO,安顺,0.63
20170124,23,CO_24h,安顺,0.55
20170124,0,AQI,铜仁地区,88.0
20170124,0,PM2.5,铜仁地区,50.0
20170124,0,PM2.5_24h,铜仁地区,44.0
20170124,0,PM10,铜仁地区,125.0
20170124,0,PM10_24h,铜仁地区,96.0
20170124,0,SO2,铜仁地区,28.0
20170124,0,SO2_24h,铜仁地区,30.0
20170124,0,NO2,铜仁地区,33.0
20170124,0,NO2_24h,铜仁地区,32.0
20170124,0,O3,铜仁地区,32.0
20170124,0,O3_24h,铜仁地区,111.0
20170124,0,O3_8h,铜仁地区,56.0
20170124,0,O3_8h_24h,铜仁地区,88.0
20170124,0,CO,铜仁地区,1.75
20170124,0,CO_24h,铜仁地区,1.75
20170124,1,AQI,铜仁地区,86.0
20170124,1,PM2.5,铜仁地区,41.0
20170124,1,PM2.5_24h,铜仁地区,44.0
20170124,1,PM10,铜仁地区,122.0
20170124,1,PM10_24h,铜仁地区,97.0
20170124,1,SO2,铜仁地区,34.0
20170124,1,SO2_24h,铜仁地区,30.0
20170124,1,NO2,铜仁地区,27.0
20170124,1,NO2_24h,铜仁地区,31.0
20170124,1,O3,铜仁地区,29.0
20170124,1,O3_24h,铜仁地区,111.0
20170124,1,O3_8h,铜仁地区,29.0
20170124,1,O3_8h_24h,铜仁地区,29.0
20170124,1,CO,铜仁地区,1.65
20170124,1,CO_24h,铜仁地区,1.75
20170124,2,AQI,铜仁地区,85.0
20170124,2,PM2.5,铜仁地区,48.0
20170124,2,PM2.5_24h,铜仁地区,44.0
20170124,2,PM10,铜仁地区,119.0
20170124,2,PM10_24h,铜仁地区,98.0
20170124,2,SO2,铜仁地区,23.0
20170124,2,SO2_24h,铜仁地区,30.0
20170124,2,NO2,铜仁地区,29.0
20170124,2,NO2_24h,铜仁地区,31.0
20170124,2,O3,铜仁地区,23.0
20170124,2,O3_24h,铜仁地区,111.0
20170124,2,O3_8h,铜仁地区,26.0
20170124,2,O3_8h_24h,铜仁地区,29.0
20170124,2,CO,铜仁地区,1.65
20170124,2,CO_24h,铜仁地区,1.7
20170124,3,AQI,铜仁地区,75.0
20170124,3,PM2.5,铜仁地区,55.0
20170124,3,PM2.5_24h,铜仁地区,45.0
20170124,3,PM10,铜仁地区,98.0
20170124,3,PM10_24h,铜仁地区,98.0
20170124,3,SO2,铜仁地区,24.0
20170124,3,SO2_24h,铜仁地区,30.0
20170124,3,NO2,铜仁地区,25.0
20170124,3,NO2_24h,铜仁地区,31.0
20170124,3,O3,铜仁地区,25.0
20170124,3,O3_24h,铜仁地区,111.0
20170124,3,O3_8h,铜仁地区,25.0
20170124,3,O3_8h_24h,铜仁地区,29.0
20170124,3,CO,铜仁地区,1.6
20170124,3,CO_24h,铜仁地区,1.7
20170124,4,AQI,铜仁地区,72.0
20170124,4,PM2.5,铜仁地区,45.0
20170124,4,PM2.5_24h,铜仁地区,46.0
20170124,4,PM10,铜仁地区,93.0
20170124,4,PM10_24h,铜仁地区,98.0
20170124,4,SO2,铜仁地区,24.0
20170124,4,SO2_24h,铜仁地区,31.0
20170124,4,NO2,铜仁地区,24.0
20170124,4,NO2_24h,铜仁地区,31.0
20170124,4,O3,铜仁地区,25.0
20170124,4,O3_24h,铜仁地区,111.0
20170124,4,O3_8h,铜仁地区,26.0
20170124,4,O3_8h_24h,铜仁地区,29.0
20170124,4,CO,铜仁地区,1.55
20170124,4,CO_24h,铜仁地区,1.75
20170124,5,AQI,铜仁地区,74.0
20170124,5,PM2.5,铜仁地区,34.0
20170124,5,PM2.5_24h,铜仁地区,46.0
20170124,5,PM10,铜仁地区,97.0
20170124,5,PM10_24h,铜仁地区,99.0
20170124,5,SO2,铜仁地区,22.0
20170124,5,SO2_24h,铜仁地区,31.0
20170124,5,NO2,铜仁地区,20.0
20170124,5,NO2_24h,铜仁地区,31.0
20170124,5,O3,铜仁地区,23.0
20170124,5,O3_24h,铜仁地区,111.0
20170124,5,O3_8h,铜仁地区,25.0
20170124,5,O3_8h_24h,铜仁地区,29.0
20170124,5,CO,铜仁地区,1.5
20170124,5,CO_24h,铜仁地区,1.75
20170124,6,AQI,铜仁地区,71.0
20170124,6,PM2.5,铜仁地区,37.0
20170124,6,PM2.5_24h,铜仁地区,47.0
20170124,6,PM10,铜仁地区,92.0
20170124,6,PM10_24h,铜仁地区,100.0
20170124,6,SO2,铜仁地区,24.0
20170124,6,SO2_24h,铜仁地区,31.0
20170124,6,NO2,铜仁地区,14.0
20170124,6,NO2_24h,铜仁地区,30.0
20170124,6,O3,铜仁地区,26.0
20170124,6,O3_24h,铜仁地区,111.0
20170124,6,O3_8h,铜仁地区,25.0
20170124,6,O3_8h_24h,铜仁地区,29.0
20170124,6,CO,铜仁地区,1.45
20170124,6,CO_24h,铜仁地区,1.75
20170124,7,AQI,铜仁地区,67.0
20170124,7,PM2.5,铜仁地区,38.0
20170124,7,PM2.5_24h,铜仁地区,47.0
20170124,7,PM10,铜仁地区,83.0
20170124,7,PM10_24h,铜仁地区,100.0
20170124,7,SO2,铜仁地区,25.0
20170124,7,SO2_24h,铜仁地区,31.0
20170124,7,NO2,铜仁地区,16.0
20170124,7,NO2_24h,铜仁地区,30.0
20170124,7,O3,铜仁地区,23.0
20170124,7,O3_24h,铜仁地区,111.0
20170124,7,O3_8h,铜仁地区,25.0
20170124,7,O3_8h_24h,铜仁地区,29.0
20170124,7,CO,铜仁地区,1.4
20170124,7,CO_24h,铜仁地区,1.75
20170124,8,AQI,铜仁地区,65.0
20170124,8,PM2.5,铜仁地区,47.0
20170124,8,PM2.5_24h,铜仁地区,48.0
20170124,8,PM10,铜仁地区,80.0
20170124,8,PM10_24h,铜仁地区,100.0
20170124,8,SO2,铜仁地区,23.0
20170124,8,SO2_24h,铜仁地区,31.0
20170124,8,NO2,铜仁地区,20.0
20170124,8,NO2_24h,铜仁地区,30.0
20170124,8,O3,铜仁地区,18.0
20170124,8,O3_24h,铜仁地区,111.0
20170124,8,O3_8h,铜仁地区,24.0
20170124,8,O3_8h_24h,铜仁地区,29.0
20170124,8,CO,铜仁地区,1.4
20170124,8,CO_24h,铜仁地区,1.75
20170124,9,AQI,铜仁地区,70.0
20170124,9,PM2.5,铜仁地区,51.0
20170124,9,PM2.5_24h,铜仁地区,50.0
20170124,9,PM10,铜仁地区,83.0
20170124,9,PM10_24h,铜仁地区,101.0
20170124,9,SO2,铜仁地区,24.0
20170124,9,SO2_24h,铜仁地区,31.0
20170124,9,NO2,铜仁地区,32.0
20170124,9,NO2_24h,铜仁地区,29.0
20170124,9,O3,铜仁地区,12.0
20170124,9,O3_24h,铜仁地区,111.0
20170124,9,O3_8h,铜仁地区,22.0
20170124,9,O3_8h_24h,铜仁地区,29.0
20170124,9,CO,铜仁地区,1.65
20170124,9,CO_24h,铜仁地区,1.7
20170124,10,AQI,铜仁地区,71.0
20170124,10,PM2.5,铜仁地区,47.0
20170124,10,PM2.5_24h,铜仁地区,50.0
20170124,10,PM10,铜仁地区,91.0
20170124,10,PM10_24h,铜仁地区,101.0
20170124,10,SO2,铜仁地区,26.0
20170124,10,SO2_24h,铜仁地区,30.0
20170124,10,NO2,铜仁地区,38.0
20170124,10,NO2_24h,铜仁地区,29.0
20170124,10,O3,铜仁地区,10.0
20170124,10,O3_24h,铜仁地区,111.0
20170124,10,O3_8h,铜仁地区,20.0
20170124,10,O3_8h_24h,铜仁地区,29.0
20170124,10,CO,铜仁地区,1.8
20170124,10,CO_24h,铜仁地区,1.7
20170124,11,AQI,铜仁地区,78.0
20170124,11,PM2.5,铜仁地区,57.0
20170124,11,PM2.5_24h,铜仁地区,50.0
20170124,11,PM10,铜仁地区,104.0
20170124,11,PM10_24h,铜仁地区,101.0
20170124,11,SO2,铜仁地区,29.0
20170124,11,SO2_24h,铜仁地区,29.0
20170124,11,NO2,铜仁地区,40.0
20170124,11,NO2_24h,铜仁地区,29.0
20170124,11,O3,铜仁地区,11.0
20170124,11,O3_24h,铜仁地区,111.0
20170124,11,O3_8h,铜仁地区,18.0
20170124,11,O3_8h_24h,铜仁地区,29.0
20170124,11,CO,铜仁地区,1.95
20170124,11,CO_24h,铜仁地区,1.7
20170124,12,AQI,铜仁地区,90.0
20170124,12,PM2.5,铜仁地区,67.0
20170124,12,PM2.5_24h,铜仁地区,50.0
20170124,12,PM10,铜仁地区,108.0
20170124,12,PM10_24h,铜仁地区,101.0
20170124,12,SO2,铜仁地区,33.0
20170124,12,SO2_24h,铜仁地区,29.0
20170124,12,NO2,铜仁地区,48.0
20170124,12,NO2_24h,铜仁地区,28.0
20170124,12,O3,铜仁地区,14.0
20170124,12,O3_24h,铜仁地区,111.0
20170124,12,O3_8h,铜仁地区,17.0
20170124,12,O3_8h_24h,铜仁地区,29.0
20170124,12,CO,铜仁地区,2.15
20170124,12,CO_24h,铜仁地区,1.7
20170124,13,AQI,铜仁地区,93.0
20170124,13,PM2.5,铜仁地区,69.0
20170124,13,PM2.5_24h,铜仁地区,50.0
20170124,13,PM10,铜仁地区,118.0
20170124,13,PM10_24h,铜仁地区,100.0
20170124,13,SO2,铜仁地区,36.0
20170124,13,SO2_24h,铜仁地区,29.0
20170124,13,NO2,铜仁地区,60.0
20170124,13,NO2_24h,铜仁地区,30.0
20170124,13,O3,铜仁地区,12.0
20170124,13,O3_24h,铜仁地区,111.0
20170124,13,O3_8h,铜仁地区,16.0
20170124,13,O3_8h_24h,铜仁地区,29.0
20170124,13,CO,铜仁地区,2.4
20170124,13,CO_24h,铜仁地区,1.75
20170124,14,AQI,铜仁地区,110.0
20170124,14,PM2.5,铜仁地区,83.0
20170124,14,PM2.5_24h,铜仁地区,51.0
20170124,14,PM10,铜仁地区,141.0
20170124,14,PM10_24h,铜仁地区,101.0
20170124,14,SO2,铜仁地区,34.0
20170124,14,SO2_24h,铜仁地区,29.0
20170124,14,NO2,铜仁地区,66.0
20170124,14,NO2_24h,铜仁地区,32.0
20170124,14,O3,铜仁地区,17.0
20170124,14,O3_24h,铜仁地区,109.0
20170124,14,O3_8h,铜仁地区,14.0
20170124,14,O3_8h_24h,铜仁地区,29.0
20170124,14,CO,铜仁地区,2.4
20170124,14,CO_24h,铜仁地区,1.75
20170124,15,AQI,铜仁地区,116.0
20170124,15,PM2.5,铜仁地区,88.0
20170124,15,PM2.5_24h,铜仁地区,53.0
20170124,15,PM10,铜仁地区,166.0
20170124,15,PM10_24h,铜仁地区,104.0
20170124,15,SO2,铜仁地区,33.0
20170124,15,SO2_24h,铜仁地区,30.0
20170124,15,NO2,铜仁地区,61.0
20170124,15,NO2_24h,铜仁地区,34.0
20170124,15,O3,铜仁地区,29.0
20170124,15,O3_24h,铜仁地区,98.0
20170124,15,O3_8h,铜仁地区,15.0
20170124,15,O3_8h_24h,铜仁地区,29.0
20170124,15,CO,铜仁地区,2.25
20170124,15,CO_24h,铜仁地区,1.75
20170124,16,AQI,铜仁地区,109.0
20170124,16,PM2.5,铜仁地区,82.0
20170124,16,PM2.5_24h,铜仁地区,55.0
20170124,16,PM10,铜仁地区,161.0
20170124,16,PM10_24h,铜仁地区,108.0
20170124,16,SO2,铜仁地区,31.0
20170124,16,SO2_24h,铜仁地区,30.0
20170124,16,NO2,铜仁地区,58.0
20170124,16,NO2_24h,铜仁地区,36.0
20170124,16,O3,铜仁地区,32.0
20170124,16,O3_24h,铜仁地区,88.0
20170124,16,O3_8h,铜仁地区,17.0
20170124,16,O3_8h_24h,铜仁地区,29.0
20170124,16,CO,铜仁地区,2.05
20170124,16,CO_24h,铜仁地区,1.8
20170124,17,AQI,铜仁地区,105.0
20170124,17,PM2.5,铜仁地区,79.0
20170124,17,PM2.5_24h,铜仁地区,56.0
20170124,17,PM10,铜仁地区,144.0
20170124,17,PM10_24h,铜仁地区,111.0
20170124,17,SO2,铜仁地区,32.0
20170124,17,SO2_24h,铜仁地区,30.0
20170124,17,NO2,铜仁地区,36.0
20170124,17,NO2_24h,铜仁地区,36.0
20170124,17,O3,铜仁地区,63.0
20170124,17,O3_24h,铜仁地区,83.0
20170124,17,O3_8h,铜仁地区,24.0
20170124,17,O3_8h_24h,铜仁地区,29.0
20170124,17,CO,铜仁地区,1.85
20170124,17,CO_24h,铜仁地区,1.8
20170124,18,AQI,铜仁地区,91.0
20170124,18,PM2.5,铜仁地区,67.0
20170124,18,PM2.5_24h,铜仁地区,57.0
20170124,18,PM10,铜仁地区,132.0
20170124,18,PM10_24h,铜仁地区,113.0
20170124,18,SO2,铜仁地区,30.0
20170124,18,SO2_24h,铜仁地区,29.0
20170124,18,NO2,铜仁地区,16.0
20170124,18,NO2_24h,铜仁地区,35.0
20170124,18,O3,铜仁地区,90.0
20170124,18,O3_24h,铜仁地区,90.0
20170124,18,O3_8h,铜仁地区,34.0
20170124,18,O3_8h_24h,铜仁地区,34.0
20170124,18,CO,铜仁地区,1.55
20170124,18,CO_24h,铜仁地区,1.8
20170124,19,AQI,铜仁地区,75.0
20170124,19,PM2.5,铜仁地区,49.0
20170124,19,PM2.5_24h,铜仁地区,57.0
20170124,19,PM10,铜仁地区,99.0
20170124,19,PM10_24h,铜仁地区,113.0
20170124,19,SO2,铜仁地区,29.0
20170124,19,SO2_24h,铜仁地区,29.0
20170124,19,NO2,铜仁地区,21.0
20170124,19,NO2_24h,铜仁地区,35.0
20170124,19,O3,铜仁地区,83.0
20170124,19,O3_24h,铜仁地区,90.0
20170124,19,O3_8h,铜仁地区,43.0
20170124,19,O3_8h_24h,铜仁地区,43.0
20170124,19,CO,铜仁地区,1.55
20170124,19,CO_24h,铜仁地区,1.75
20170124,20,AQI,铜仁地区,67.0
20170124,20,PM2.5,铜仁地区,40.0
20170124,20,PM2.5_24h,铜仁地区,56.0
20170124,20,PM10,铜仁地区,84.0
20170124,20,PM10_24h,铜仁地区,112.0
20170124,20,SO2,铜仁地区,27.0
20170124,20,SO2_24h,铜仁地区,28.0
20170124,20,NO2,铜仁地区,16.0
20170124,20,NO2_24h,铜仁地区,34.0
20170124,20,O3,铜仁地区,84.0
20170124,20,O3_24h,铜仁地区,90.0
20170124,20,O3_8h,铜仁地区,51.0
20170124,20,O3_8h_24h,铜仁地区,51.0
20170124,20,CO,铜仁地区,1.55
20170124,20,CO_24h,铜仁地区,1.75
20170124,21,AQI,铜仁地区,72.0
20170124,21,PM2.5,铜仁地区,37.0
20170124,21,PM2.5_24h,铜仁地区,55.0
20170124,21,PM10,铜仁地区,93.0
20170124,21,PM10_24h,铜仁地区,111.0
20170124,21,SO2,铜仁地区,26.0
20170124,21,SO2_24h,铜仁地区,28.0
20170124,21,NO2,铜仁地区,13.0
20170124,21,NO2_24h,铜仁地区,33.0
20170124,21,O3,铜仁地区,81.0
20170124,21,O3_24h,铜仁地区,90.0
20170124,21,O3_8h,铜仁地区,60.0
20170124,21,O3_8h_24h,铜仁地区,60.0
20170124,21,CO,铜仁地区,1.45
20170124,21,CO_24h,铜仁地区,1.75
20170124,22,AQI,铜仁地区,72.0
20170124,22,PM2.5,铜仁地区,43.0
20170124,22,PM2.5_24h,铜仁地区,55.0
20170124,22,PM10,铜仁地区,93.0
20170124,22,PM10_24h,铜仁地区,110.0
20170124,22,SO2,铜仁地区,24.0
20170124,22,SO2_24h,铜仁地区,28.0
20170124,22,NO2,铜仁地区,7.0
20170124,22,NO2_24h,铜仁地区,31.0
20170124,22,O3,铜仁地区,83.0
20170124,22,O3_24h,铜仁地区,90.0
20170124,22,O3_8h,铜仁地区,68.0
20170124,22,O3_8h_24h,铜仁地区,68.0
20170124,22,CO,铜仁地区,1.4
20170124,22,CO_24h,铜仁地区,1.75
20170124,23,AQI,铜仁地区,71.0
20170124,23,PM2.5,铜仁地区,49.0
20170124,23,PM2.5_24h,铜仁地区,54.0
20170124,23,PM10,铜仁地区,91.0
20170124,23,PM10_24h,铜仁地区,109.0
20170124,23,SO2,铜仁地区,23.0
20170124,23,SO2_24h,铜仁地区,28.0
20170124,23,NO2,铜仁地区,7.0
20170124,23,NO2_24h,铜仁地区,30.0
20170124,23,O3,铜仁地区,79.0
20170124,23,O3_24h,铜仁地区,90.0
20170124,23,O3_8h,铜仁地区,74.0
20170124,23,O3_8h_24h,铜仁地区,74.0
20170124,23,CO,铜仁地区,1.4
20170124,23,CO_24h,铜仁地区,1.75
20170124,0,AQI,毕节,47.0
20170124,0,PM2.5,毕节,33.0
20170124,0,PM2.5_24h,毕节,52.0
20170124,0,PM10,毕节,37.0
20170124,0,PM10_24h,毕节,54.0
20170124,0,SO2,毕节,11.0
20170124,0,SO2_24h,毕节,13.0
20170124,0,NO2,毕节,32.0
20170124,0,NO2_24h,毕节,29.0
20170124,0,O3,毕节,31.0
20170124,0,O3_24h,毕节,50.0
20170124,0,O3_8h,毕节,29.0
20170124,0,O3_8h_24h,毕节,45.0
20170124,0,CO,毕节,1.2
20170124,0,CO_24h,毕节,1.2
20170124,1,AQI,毕节,43.0
20170124,1,PM2.5,毕节,30.0
20170124,1,PM2.5_24h,毕节,51.0
20170124,1,PM10,毕节,33.0
20170124,1,PM10_24h,毕节,52.0
20170124,1,SO2,毕节,10.0
20170124,1,SO2_24h,毕节,13.0
20170124,1,NO2,毕节,29.0
20170124,1,NO2_24h,毕节,29.0
20170124,1,O3,毕节,33.0
20170124,1,O3_24h,毕节,50.0
20170124,1,O3_8h,毕节,33.0
20170124,1,O3_8h_24h,毕节,33.0
20170124,1,CO,毕节,1.15
20170124,1,CO_24h,毕节,1.2
20170124,2,AQI,毕节,39.0
20170124,2,PM2.5,毕节,27.0
20170124,2,PM2.5_24h,毕节,51.0
20170124,2,PM10,毕节,30.0
20170124,2,PM10_24h,毕节,51.0
20170124,2,SO2,毕节,9.0
20170124,2,SO2_24h,毕节,13.0
20170124,2,NO2,毕节,24.0
20170124,2,NO2_24h,毕节,29.0
20170124,2,O3,毕节,34.0
20170124,2,O3_24h,毕节,50.0
20170124,2,O3_8h,毕节,34.0
20170124,2,O3_8h_24h,毕节,34.0
20170124,2,CO,毕节,1.15
20170124,2,CO_24h,毕节,1.2
20170124,3,AQI,毕节,26.0
20170124,3,PM2.5,毕节,18.0
20170124,3,PM2.5_24h,毕节,49.0
20170124,3,PM10,毕节,22.0
20170124,3,PM10_24h,毕节,49.0
20170124,3,SO2,毕节,11.0
20170124,3,SO2_24h,毕节,13.0
20170124,3,NO2,毕节,24.0
20170124,3,NO2_24h,毕节,29.0
20170124,3,O3,毕节,33.0
20170124,3,O3_24h,毕节,50.0
20170124,3,O3_8h,毕节,33.0
20170124,3,O3_8h_24h,毕节,34.0
20170124,3,CO,毕节,1.1
20170124,3,CO_24h,毕节,1.2
20170124,4,AQI,毕节,17.0
20170124,4,PM2.5,毕节,12.0
20170124,4,PM2.5_24h,毕节,48.0
20170124,4,PM10,毕节,15.0
20170124,4,PM10_24h,毕节,46.0
20170124,4,SO2,毕节,9.0
20170124,4,SO2_24h,毕节,13.0
20170124,4,NO2,毕节,20.0
20170124,4,NO2_24h,毕节,29.0
20170124,4,O3,毕节,37.0
20170124,4,O3_24h,毕节,48.0
20170124,4,O3_8h,毕节,35.0
20170124,4,O3_8h_24h,毕节,35.0
20170124,4,CO,毕节,1.1
20170124,4,CO_24h,毕节,1.25
20170124,5,AQI,毕节,19.0
20170124,5,PM2.5,毕节,13.0
20170124,5,PM2.5_24h,毕节,47.0
20170124,5,PM10,毕节,16.0
20170124,5,PM10_24h,毕节,46.0
20170124,5,SO2,毕节,9.0
20170124,5,SO2_24h,毕节,13.0
20170124,5,NO2,毕节,19.0
20170124,5,NO2_24h,毕节,29.0
20170124,5,O3,毕节,39.0
20170124,5,O3_24h,毕节,48.0
20170124,5,O3_8h,毕节,35.0
20170124,5,O3_8h_24h,毕节,36.0
20170124,5,CO,毕节,1.05
20170124,5,CO_24h,毕节,1.25
20170124,6,AQI,毕节,21.0
20170124,6,PM2.5,毕节,15.0
20170124,6,PM2.5_24h,毕节,45.0
20170124,6,PM10,毕节,18.0
20170124,6,PM10_24h,毕节,44.0
20170124,6,SO2,毕节,9.0
20170124,6,SO2_24h,毕节,13.0
20170124,6,NO2,毕节,22.0
20170124,6,NO2_24h,毕节,30.0
20170124,6,O3,毕节,38.0
20170124,6,O3_24h,毕节,42.0
20170124,6,O3_8h,毕节,36.0
20170124,6,O3_8h_24h,毕节,36.0
20170124,6,CO,毕节,1.1
20170124,6,CO_24h,毕节,1.25
20170124,7,AQI,毕节,24.0
20170124,7,PM2.5,毕节,17.0
20170124,7,PM2.5_24h,毕节,44.0
20170124,7,PM10,毕节,21.0
20170124,7,PM10_24h,毕节,44.0
20170124,7,SO2,毕节,10.0
20170124,7,SO2_24h,毕节,13.0
20170124,7,NO2,毕节,24.0
20170124,7,NO2_24h,毕节,30.0
20170124,7,O3,毕节,33.0
20170124,7,O3_24h,毕节,40.0
20170124,7,O3_8h,毕节,35.0
20170124,7,O3_8h_24h,毕节,36.0
20170124,7,CO,毕节,1.15
20170124,7,CO_24h,毕节,1.25
20170124,8,AQI,毕节,34.0
20170124,8,PM2.5,毕节,24.0
20170124,8,PM2.5_24h,毕节,43.0
20170124,8,PM10,毕节,33.0
20170124,8,PM10_24h,毕节,43.0
20170124,8,SO2,毕节,10.0
20170124,8,SO2_24h,毕节,13.0
20170124,8,NO2,毕节,29.0
20170124,8,NO2_24h,毕节,30.0
20170124,8,O3,毕节,28.0
20170124,8,O3_24h,毕节,40.0
20170124,8,O3_8h,毕节,34.0
20170124,8,O3_8h_24h,毕节,36.0
20170124,8,CO,毕节,1.15
20170124,8,CO_24h,毕节,1.25
20170124,9,AQI,毕节,43.0
20170124,9,PM2.5,毕节,30.0
20170124,9,PM2.5_24h,毕节,42.0
20170124,9,PM10,毕节,38.0
20170124,9,PM10_24h,毕节,43.0
20170124,9,SO2,毕节,11.0
20170124,9,SO2_24h,毕节,13.0
20170124,9,NO2,毕节,40.0
20170124,9,NO2_24h,毕节,30.0
20170124,9,O3,毕节,17.0
20170124,9,O3_24h,毕节,40.0
20170124,9,O3_8h,毕节,33.0
20170124,9,O3_8h_24h,毕节,36.0
20170124,9,CO,毕节,1.3
20170124,9,CO_24h,毕节,1.25
20170124,10,AQI,毕节,50.0
20170124,10,PM2.5,毕节,35.0
20170124,10,PM2.5_24h,毕节,41.0
20170124,10,PM10,毕节,36.0
20170124,10,PM10_24h,毕节,43.0
20170124,10,SO2,毕节,14.0
20170124,10,SO2_24h,毕节,13.0
20170124,10,NO2,毕节,36.0
20170124,10,NO2_24h,毕节,31.0
20170124,10,O3,毕节,20.0
20170124,10,O3_24h,毕节,40.0
20170124,10,O3_8h,毕节,31.0
20170124,10,O3_8h_24h,毕节,36.0
20170124,10,CO,毕节,1.25
20170124,10,CO_24h,毕节,1.25
20170124,11,AQI,毕节,54.0
20170124,11,PM2.5,毕节,38.0
20170124,11,PM2.5_24h,毕节,40.0
20170124,11,PM10,毕节,43.0
20170124,11,PM10_24h,毕节,42.0
20170124,11,SO2,毕节,14.0
20170124,11,SO2_24h,毕节,13.0
20170124,11,NO2,毕节,32.0
20170124,11,NO2_24h,毕节,31.0
20170124,11,O3,毕节,25.0
20170124,11,O3_24h,毕节,40.0
20170124,11,O3_8h,毕节,29.0
20170124,11,O3_8h_24h,毕节,36.0
20170124,11,CO,毕节,1.3
20170124,11,CO_24h,毕节,1.25
20170124,12,AQI,毕节,61.0
20170124,12,PM2.5,毕节,44.0
20170124,12,PM2.5_24h,毕节,39.0
20170124,12,PM10,毕节,52.0
20170124,12,PM10_24h,毕节,42.0
20170124,12,SO2,毕节,15.0
20170124,12,SO2_24h,毕节,13.0
20170124,12,NO2,毕节,31.0
20170124,12,NO2_24h,毕节,30.0
20170124,12,O3,毕节,27.0
20170124,12,O3_24h,毕节,40.0
20170124,12,O3_8h,毕节,28.0
20170124,12,O3_8h_24h,毕节,36.0
20170124,12,CO,毕节,1.35
20170124,12,CO_24h,毕节,1.25
20170124,13,AQI,毕节,65.0
20170124,13,PM2.5,毕节,47.0
20170124,13,PM2.5_24h,毕节,38.0
20170124,13,PM10,毕节,61.0
20170124,13,PM10_24h,毕节,42.0
20170124,13,SO2,毕节,15.0
20170124,13,SO2_24h,毕节,13.0
20170124,13,NO2,毕节,31.0
20170124,13,NO2_24h,毕节,30.0
20170124,13,O3,毕节,30.0
20170124,13,O3_24h,毕节,40.0
20170124,13,O3_8h,毕节,27.0
20170124,13,O3_8h_24h,毕节,36.0
20170124,13,CO,毕节,1.4
20170124,13,CO_24h,毕节,1.25
20170124,14,AQI,毕节,55.0
20170124,14,PM2.5,毕节,39.0
20170124,14,PM2.5_24h,毕节,37.0
20170124,14,PM10,毕节,42.0
20170124,14,PM10_24h,毕节,41.0
20170124,14,SO2,毕节,14.0
20170124,14,SO2_24h,毕节,13.0
20170124,14,NO2,毕节,35.0
20170124,14,NO2_24h,毕节,30.0
20170124,14,O3,毕节,32.0
20170124,14,O3_24h,毕节,40.0
20170124,14,O3_8h,毕节,26.0
20170124,14,O3_8h_24h,毕节,36.0
20170124,14,CO,毕节,1.3
20170124,14,CO_24h,毕节,1.25
20170124,15,AQI,毕节,50.0
20170124,15,PM2.5,毕节,35.0
20170124,15,PM2.5_24h,毕节,36.0
20170124,15,PM10,毕节,39.0
20170124,15,PM10_24h,毕节,41.0
20170124,15,SO2,毕节,15.0
20170124,15,SO2_24h,毕节,13.0
20170124,15,NO2,毕节,38.0
20170124,15,NO2_24h,毕节,31.0
20170124,15,O3,毕节,33.0
20170124,15,O3_24h,毕节,39.0
20170124,15,O3_8h,毕节,26.0
20170124,15,O3_8h_24h,毕节,36.0
20170124,15,CO,毕节,1.2
20170124,15,CO_24h,毕节,1.25
20170124,16,AQI,毕节,76.0
20170124,16,PM2.5,毕节,56.0
20170124,16,PM2.5_24h,毕节,36.0
20170124,16,PM10,毕节,71.0
20170124,16,PM10_24h,毕节,41.0
20170124,16,SO2,毕节,12.0
20170124,16,SO2_24h,毕节,13.0
20170124,16,NO2,毕节,30.0
20170124,16,NO2_24h,毕节,31.0
20170124,16,O3,毕节,32.0
20170124,16,O3_24h,毕节,39.0
20170124,16,O3_8h,毕节,27.0
20170124,16,O3_8h_24h,毕节,36.0
20170124,16,CO,毕节,1.35
20170124,16,CO_24h,毕节,1.25
20170124,17,AQI,毕节,103.0
20170124,17,PM2.5,毕节,77.0
20170124,17,PM2.5_24h,毕节,36.0
20170124,17,PM10,毕节,89.0
20170124,17,PM10_24h,毕节,41.0
20170124,17,SO2,毕节,10.0
20170124,17,SO2_24h,毕节,13.0
20170124,17,NO2,毕节,30.0
20170124,17,NO2_24h,毕节,31.0
20170124,17,O3,毕节,28.0
20170124,17,O3_24h,毕节,39.0
20170124,17,O3_8h,毕节,28.0
20170124,17,O3_8h_24h,毕节,36.0
20170124,17,CO,毕节,1.3
20170124,17,CO_24h,毕节,1.25
20170124,18,AQI,毕节,104.0
20170124,18,PM2.5,毕节,78.0
20170124,18,PM2.5_24h,毕节,37.0
20170124,18,PM10,毕节,81.0
20170124,18,PM10_24h,毕节,40.0
20170124,18,SO2,毕节,7.0
20170124,18,SO2_24h,毕节,12.0
20170124,18,NO2,毕节,22.0
20170124,18,NO2_24h,毕节,31.0
20170124,18,O3,毕节,33.0
20170124,18,O3_24h,毕节,39.0
20170124,18,O3_8h,毕节,30.0
20170124,18,O3_8h_24h,毕节,36.0
20170124,18,CO,毕节,1.2
20170124,18,CO_24h,毕节,1.25
20170124,19,AQI,毕节,93.0
20170124,19,PM2.5,毕节,69.0
20170124,19,PM2.5_24h,毕节,38.0
20170124,19,PM10,毕节,66.0
20170124,19,PM10_24h,毕节,39.0
20170124,19,SO2,毕节,8.0
20170124,19,SO2_24h,毕节,12.0
20170124,19,NO2,毕节,20.0
20170124,19,NO2_24h,毕节,30.0
20170124,19,O3,毕节,34.0
20170124,19,O3_24h,毕节,39.0
20170124,19,O3_8h,毕节,31.0
20170124,19,O3_8h_24h,毕节,36.0
20170124,19,CO,毕节,1.2
20170124,19,CO_24h,毕节,1.2
20170124,20,AQI,毕节,84.0
20170124,20,PM2.5,毕节,62.0
20170124,20,PM2.5_24h,毕节,38.0
20170124,20,PM10,毕节,61.0
20170124,20,PM10_24h,毕节,38.0
20170124,20,SO2,毕节,8.0
20170124,20,SO2_24h,毕节,11.0
20170124,20,NO2,毕节,18.0
20170124,20,NO2_24h,毕节,29.0
20170124,20,O3,毕节,38.0
20170124,20,O3_24h,毕节,40.0
20170124,20,O3_8h,毕节,32.0
20170124,20,O3_8h_24h,毕节,36.0
20170124,20,CO,毕节,1.1
20170124,20,CO_24h,毕节,1.2
20170124,21,AQI,毕节,83.0
20170124,21,PM2.5,毕节,61.0
20170124,21,PM2.5_24h,毕节,39.0
20170124,21,PM10,毕节,62.0
20170124,21,PM10_24h,毕节,37.0
20170124,21,SO2,毕节,8.0
20170124,21,SO2_24h,毕节,11.0
20170124,21,NO2,毕节,17.0
20170124,21,NO2_24h,毕节,29.0
20170124,21,O3,毕节,41.0
20170124,21,O3_24h,毕节,41.0
20170124,21,O3_8h,毕节,34.0
20170124,21,O3_8h_24h,毕节,36.0
20170124,21,CO,毕节,1.1
20170124,21,CO_24h,毕节,1.2
20170124,22,AQI,毕节,90.0
20170124,22,PM2.5,毕节,67.0
20170124,22,PM2.5_24h,毕节,40.0
20170124,22,PM10,毕节,66.0
20170124,22,PM10_24h,毕节,37.0
20170124,22,SO2,毕节,9.0
20170124,22,SO2_24h,毕节,11.0
20170124,22,NO2,毕节,20.0
20170124,22,NO2_24h,毕节,28.0
20170124,22,O3,毕节,41.0
20170124,22,O3_24h,毕节,41.0
20170124,22,O3_8h,毕节,35.0
20170124,22,O3_8h_24h,毕节,36.0
20170124,22,CO,毕节,1.15
20170124,22,CO_24h,毕节,1.2
20170124,23,AQI,毕节,90.0
20170124,23,PM2.5,毕节,67.0
20170124,23,PM2.5_24h,毕节,41.0
20170124,23,PM10,毕节,63.0
20170124,23,PM10_24h,毕节,36.0
20170124,23,SO2,毕节,10.0
20170124,23,SO2_24h,毕节,11.0
20170124,23,NO2,毕节,26.0
20170124,23,NO2_24h,毕节,27.0
20170124,23,O3,毕节,37.0
20170124,23,O3_24h,毕节,41.0
20170124,23,O3_8h,毕节,36.0
20170124,23,O3_8h_24h,毕节,37.0
20170124,23,CO,毕节,1.25
20170124,23,CO_24h,毕节,1.2
20170124,0,AQI,黔西南州,54.0
20170124,0,PM2.5,黔西南州,38.0
20170124,0,PM2.5_24h,黔西南州,21.0
20170124,0,PM10,黔西南州,56.0
20170124,0,PM10_24h,黔西南州,39.0
20170124,0,SO2,黔西南州,5.0
20170124,0,SO2_24h,黔西南州,5.0
20170124,0,NO2,黔西南州,16.0
20170124,0,NO2_24h,黔西南州,16.0
20170124,0,O3,黔西南州,36.0
20170124,0,O3_24h,黔西南州,51.0
20170124,0,O3_8h,黔西南州,40.0
20170124,0,O3_8h_24h,黔西南州,45.0
20170124,0,CO,黔西南州,2.15
20170124,0,CO_24h,黔西南州,2.15
20170124,1,AQI,黔西南州,62.0
20170124,1,PM2.5,黔西南州,44.0
20170124,1,PM2.5_24h,黔西南州,22.0
20170124,1,PM10,黔西南州,73.0
20170124,1,PM10_24h,黔西南州,39.0
20170124,1,SO2,黔西南州,4.0
20170124,1,SO2_24h,黔西南州,5.0
20170124,1,NO2,黔西南州,14.0
20170124,1,NO2_24h,黔西南州,16.0
20170124,1,O3,黔西南州,39.0
20170124,1,O3_24h,黔西南州,51.0
20170124,1,O3_8h,黔西南州,39.0
20170124,1,O3_8h_24h,黔西南州,39.0
20170124,1,CO,黔西南州,2.15
20170124,1,CO_24h,黔西南州,2.15
20170124,2,AQI,黔西南州,58.0
20170124,2,PM2.5,黔西南州,39.0
20170124,2,PM2.5_24h,黔西南州,22.0
20170124,2,PM10,黔西南州,66.0
20170124,2,PM10_24h,黔西南州,41.0
20170124,2,SO2,黔西南州,4.0
20170124,2,SO2_24h,黔西南州,5.0
20170124,2,NO2,黔西南州,12.0
20170124,2,NO2_24h,黔西南州,16.0
20170124,2,O3,黔西南州,43.0
20170124,2,O3_24h,黔西南州,51.0
20170124,2,O3_8h,黔西南州,40.0
20170124,2,O3_8h_24h,黔西南州,40.0
20170124,2,CO,黔西南州,2.05
20170124,2,CO_24h,黔西南州,2.15
20170124,3,AQI,黔西南州,57.0
20170124,3,PM2.5,黔西南州,33.0
20170124,3,PM2.5_24h,黔西南州,22.0
20170124,3,PM10,黔西南州,64.0
20170124,3,PM10_24h,黔西南州,42.0
20170124,3,SO2,黔西南州,4.0
20170124,3,SO2_24h,黔西南州,5.0
20170124,3,NO2,黔西南州,10.0
20170124,3,NO2_24h,黔西南州,16.0
20170124,3,O3,黔西南州,44.0
20170124,3,O3_24h,黔西南州,51.0
20170124,3,O3_8h,黔西南州,42.0
20170124,3,O3_8h_24h,黔西南州,42.0
20170124,3,CO,黔西南州,2.0
20170124,3,CO_24h,黔西南州,2.15
20170124,4,AQI,黔西南州,47.0
20170124,4,PM2.5,黔西南州,26.0
20170124,4,PM2.5_24h,黔西南州,22.0
20170124,4,PM10,黔西南州,47.0
20170124,4,PM10_24h,黔西南州,43.0
20170124,4,SO2,黔西南州,4.0
20170124,4,SO2_24h,黔西南州,5.0
20170124,4,NO2,黔西南州,8.0
20170124,4,NO2_24h,黔西南州,15.0
20170124,4,O3,黔西南州,51.0
20170124,4,O3_24h,黔西南州,53.0
20170124,4,O3_8h,黔西南州,44.0
20170124,4,O3_8h_24h,黔西南州,44.0
20170124,4,CO,黔西南州,2.0
20170124,4,CO_24h,黔西南州,2.1
20170124,5,AQI,黔西南州,33.0
20170124,5,PM2.5,黔西南州,23.0
20170124,5,PM2.5_24h,黔西南州,23.0
20170124,5,PM10,黔西南州,32.0
20170124,5,PM10_24h,黔西南州,43.0
20170124,5,SO2,黔西南州,4.0
20170124,5,SO2_24h,黔西南州,4.0
20170124,5,NO2,黔西南州,7.0
20170124,5,NO2_24h,黔西南州,15.0
20170124,5,O3,黔西南州,55.0
20170124,5,O3_24h,黔西南州,55.0
20170124,5,O3_8h,黔西南州,46.0
20170124,5,O3_8h_24h,黔西南州,46.0
20170124,5,CO,黔西南州,2.0
20170124,5,CO_24h,黔西南州,2.1
20170124,6,AQI,黔西南州,37.0
20170124,6,PM2.5,黔西南州,17.0
20170124,6,PM2.5_24h,黔西南州,23.0
20170124,6,PM10,黔西南州,37.0
20170124,6,PM10_24h,黔西南州,43.0
20170124,6,SO2,黔西南州,4.0
20170124,6,SO2_24h,黔西南州,4.0
20170124,6,NO2,黔西南州,8.0
20170124,6,NO2_24h,黔西南州,14.0
20170124,6,O3,黔西南州,50.0
20170124,6,O3_24h,黔西南州,55.0
20170124,6,O3_8h,黔西南州,47.0
20170124,6,O3_8h_24h,黔西南州,47.0
20170124,6,CO,黔西南州,2.0
20170124,6,CO_24h,黔西南州,2.1
20170124,7,AQI,黔西南州,41.0
20170124,7,PM2.5,黔西南州,17.0
20170124,7,PM2.5_24h,黔西南州,23.0
20170124,7,PM10,黔西南州,41.0
20170124,7,PM10_24h,黔西南州,44.0
20170124,7,SO2,黔西南州,4.0
20170124,7,SO2_24h,黔西南州,4.0
20170124,7,NO2,黔西南州,10.0
20170124,7,NO2_24h,黔西南州,14.0
20170124,7,O3,黔西南州,47.0
20170124,7,O3_24h,黔西南州,55.0
20170124,7,O3_8h,黔西南州,47.0
20170124,7,O3_8h_24h,黔西南州,47.0
20170124,7,CO,黔西南州,2.05
20170124,7,CO_24h,黔西南州,2.1
20170124,8,AQI,黔西南州,41.0
20170124,8,PM2.5,黔西南州,15.0
20170124,8,PM2.5_24h,黔西南州,23.0
20170124,8,PM10,黔西南州,41.0
20170124,8,PM10_24h,黔西南州,45.0
20170124,8,SO2,黔西南州,5.0
20170124,8,SO2_24h,黔西南州,4.0
20170124,8,NO2,黔西南州,18.0
20170124,8,NO2_24h,黔西南州,14.0
20170124,8,O3,黔西南州,38.0
20170124,8,O3_24h,黔西南州,55.0
20170124,8,O3_8h,黔西南州,46.0
20170124,8,O3_8h_24h,黔西南州,47.0
20170124,8,CO,黔西南州,2.1
20170124,8,CO_24h,黔西南州,2.1
20170124,9,AQI,黔西南州,50.0
20170124,9,PM2.5,黔西南州,20.0
20170124,9,PM2.5_24h,黔西南州,23.0
20170124,9,PM10,黔西南州,50.0
20170124,9,PM10_24h,黔西南州,46.0
20170124,9,SO2,黔西南州,5.0
20170124,9,SO2_24h,黔西南州,4.0
20170124,9,NO2,黔西南州,26.0
20170124,9,NO2_24h,黔西南州,14.0
20170124,9,O3,黔西南州,34.0
20170124,9,O3_24h,黔西南州,55.0
20170124,9,O3_8h,黔西南州,45.0
20170124,9,O3_8h_24h,黔西南州,47.0
20170124,9,CO,黔西南州,2.2
20170124,9,CO_24h,黔西南州,2.1
20170124,10,AQI,黔西南州,44.0
20170124,10,PM2.5,黔西南州,31.0
20170124,10,PM2.5_24h,黔西南州,24.0
20170124,10,PM10,黔西南州,39.0
20170124,10,PM10_24h,黔西南州,46.0
20170124,10,SO2,黔西南州,5.0
20170124,10,SO2_24h,黔西南州,4.0
20170124,10,NO2,黔西南州,24.0
20170124,10,NO2_24h,黔西南州,15.0
20170124,10,O3,黔西南州,43.0
20170124,10,O3_24h,黔西南州,55.0
20170124,10,O3_8h,黔西南州,45.0
20170124,10,O3_8h_24h,黔西南州,47.0
20170124,10,CO,黔西南州,2.15
20170124,10,CO_24h,黔西南州,2.1
20170124,11,AQI,黔西南州,53.0
20170124,11,PM2.5,黔西南州,29.0
20170124,11,PM2.5_24h,黔西南州,25.0
20170124,11,PM10,黔西南州,56.0
20170124,11,PM10_24h,黔西南州,47.0
20170124,11,SO2,黔西南州,3.0
20170124,11,SO2_24h,黔西南州,4.0
20170124,11,NO2,黔西南州,21.0
20170124,11,NO2_24h,黔西南州,15.0
20170124,11,O3,黔西南州,42.0
20170124,11,O3_24h,黔西南州,55.0
20170124,11,O3_8h,黔西南州,45.0
20170124,11,O3_8h_24h,黔西南州,47.0
20170124,11,CO,黔西南州,2.1
20170124,11,CO_24h,黔西南州,2.1
20170124,12,AQI,黔西南州,51.0
20170124,12,PM2.5,黔西南州,26.0
20170124,12,PM2.5_24h,黔西南州,25.0
20170124,12,PM10,黔西南州,51.0
20170124,12,PM10_24h,黔西南州,48.0
20170124,12,SO2,黔西南州,4.0
20170124,12,SO2_24h,黔西南州,4.0
20170124,12,NO2,黔西南州,16.0
20170124,12,NO2_24h,黔西南州,15.0
20170124,12,O3,黔西南州,40.0
20170124,12,O3_24h,黔西南州,55.0
20170124,12,O3_8h,黔西南州,44.0
20170124,12,O3_8h_24h,黔西南州,47.0
20170124,12,CO,黔西南州,2.05
20170124,12,CO_24h,黔西南州,2.1
20170124,13,AQI,黔西南州,43.0
20170124,13,PM2.5,黔西南州,30.0
20170124,13,PM2.5_24h,黔西南州,26.0
20170124,13,PM10,黔西南州,39.0
20170124,13,PM10_24h,黔西南州,49.0
20170124,13,SO2,黔西南州,4.0
20170124,13,SO2_24h,黔西南州,4.0
20170124,13,NO2,黔西南州,18.0
20170124,13,NO2_24h,黔西南州,15.0
20170124,13,O3,黔西南州,41.0
20170124,13,O3_24h,黔西南州,55.0
20170124,13,O3_8h,黔西南州,42.0
20170124,13,O3_8h_24h,黔西南州,47.0
20170124,13,CO,黔西南州,1.8
20170124,13,CO_24h,黔西南州,2.1
20170124,14,AQI,黔西南州,41.0
20170124,14,PM2.5,黔西南州,29.0
20170124,14,PM2.5_24h,黔西南州,27.0
20170124,14,PM10,黔西南州,41.0
20170124,14,PM10_24h,黔西南州,49.0
20170124,14,SO2,黔西南州,4.0
20170124,14,SO2_24h,黔西南州,4.0
20170124,14,NO2,黔西南州,25.0
20170124,14,NO2_24h,黔西南州,15.0
20170124,14,O3,黔西南州,32.0
20170124,14,O3_24h,黔西南州,55.0
20170124,14,O3_8h,黔西南州,39.0
20170124,14,O3_8h_24h,黔西南州,47.0
20170124,14,CO,黔西南州,2.0
20170124,14,CO_24h,黔西南州,2.1
20170124,15,AQI,黔西南州,48.0
20170124,15,PM2.5,黔西南州,19.0
20170124,15,PM2.5_24h,黔西南州,27.0
20170124,15,PM10,黔西南州,48.0
20170124,15,PM10_24h,黔西南州,50.0
20170124,15,SO2,黔西南州,5.0
20170124,15,SO2_24h,黔西南州,4.0
20170124,15,NO2,黔西南州,21.0
20170124,15,NO2_24h,黔西南州,15.0
20170124,15,O3,黔西南州,34.0
20170124,15,O3_24h,黔西南州,55.0
20170124,15,O3_8h,黔西南州,38.0
20170124,15,O3_8h_24h,黔西南州,47.0
20170124,15,CO,黔西南州,1.75
20170124,15,CO_24h,黔西南州,2.1
20170124,16,AQI,黔西南州,32.0
20170124,16,PM2.5,黔西南州,17.0
20170124,16,PM2.5_24h,黔西南州,27.0
20170124,16,PM10,黔西南州,32.0
20170124,16,PM10_24h,黔西南州,50.0
20170124,16,SO2,黔西南州,4.0
20170124,16,SO2_24h,黔西南州,4.0
20170124,16,NO2,黔西南州,21.0
20170124,16,NO2_24h,黔西南州,16.0
20170124,16,O3,黔西南州,36.0
20170124,16,O3_24h,黔西南州,55.0
20170124,16,O3_8h,黔西南州,38.0
20170124,16,O3_8h_24h,黔西南州,47.0
20170124,16,CO,黔西南州,1.8
20170124,16,CO_24h,黔西南州,2.05
20170124,17,AQI,黔西南州,30.0
20170124,17,PM2.5,黔西南州,15.0
20170124,17,PM2.5_24h,黔西南州,27.0
20170124,17,PM10,黔西南州,30.0
20170124,17,PM10_24h,黔西南州,50.0
20170124,17,SO2,黔西南州,4.0
20170124,17,SO2_24h,黔西南州,4.0
20170124,17,NO2,黔西南州,24.0
20170124,17,NO2_24h,黔西南州,16.0
20170124,17,O3,黔西南州,32.0
20170124,17,O3_24h,黔西南州,55.0
20170124,17,O3_8h,黔西南州,38.0
20170124,17,O3_8h_24h,黔西南州,47.0
20170124,17,CO,黔西南州,1.85
20170124,17,CO_24h,黔西南州,2.0
20170124,18,AQI,黔西南州,36.0
20170124,18,PM2.5,黔西南州,11.0
20170124,18,PM2.5_24h,黔西南州,26.0
20170124,18,PM10,黔西南州,36.0
20170124,18,PM10_24h,黔西南州,49.0
20170124,18,SO2,黔西南州,4.0
20170124,18,SO2_24h,黔西南州,4.0
20170124,18,NO2,黔西南州,23.0
20170124,18,NO2_24h,黔西南州,16.0
20170124,18,O3,黔西南州,34.0
20170124,18,O3_24h,黔西南州,55.0
20170124,18,O3_8h,黔西南州,36.0
20170124,18,O3_8h_24h,黔西南州,47.0
20170124,18,CO,黔西南州,1.85
20170124,18,CO_24h,黔西南州,2.0
20170124,19,AQI,黔西南州,24.0
20170124,19,PM2.5,黔西南州,9.0
20170124,19,PM2.5_24h,黔西南州,26.0
20170124,19,PM10,黔西南州,24.0
20170124,19,PM10_24h,黔西南州,49.0
20170124,19,SO2,黔西南州,4.0
20170124,19,SO2_24h,黔西南州,4.0
20170124,19,NO2,黔西南州,24.0
20170124,19,NO2_24h,黔西南州,17.0
20170124,19,O3,黔西南州,29.0
20170124,19,O3_24h,黔西南州,55.0
20170124,19,O3_8h,黔西南州,35.0
20170124,19,O3_8h_24h,黔西南州,47.0
20170124,19,CO,黔西南州,1.95
20170124,19,CO_24h,黔西南州,2.0
20170124,20,AQI,黔西南州,19.0
20170124,20,PM2.5,黔西南州,11.0
20170124,20,PM2.5_24h,黔西南州,25.0
20170124,20,PM10,黔西南州,17.0
20170124,20,PM10_24h,黔西南州,47.0
20170124,20,SO2,黔西南州,4.0
20170124,20,SO2_24h,黔西南州,4.0
20170124,20,NO2,黔西南州,23.0
20170124,20,NO2_24h,黔西南州,17.0
20170124,20,O3,黔西南州,27.0
20170124,20,O3_24h,黔西南州,55.0
20170124,20,O3_8h,黔西南州,33.0
20170124,20,O3_8h_24h,黔西南州,47.0
20170124,20,CO,黔西南州,1.85
20170124,20,CO_24h,黔西南州,2.0
20170124,21,AQI,黔西南州,19.0
20170124,21,PM2.5,黔西南州,12.0
20170124,21,PM2.5_24h,黔西南州,24.0
20170124,21,PM10,黔西南州,17.0
20170124,21,PM10_24h,黔西南州,45.0
20170124,21,SO2,黔西南州,4.0
20170124,21,SO2_24h,黔西南州,4.0
20170124,21,NO2,黔西南州,26.0
20170124,21,NO2_24h,黔西南州,18.0
20170124,21,O3,黔西南州,23.0
20170124,21,O3_24h,黔西南州,55.0
20170124,21,O3_8h,黔西南州,31.0
20170124,21,O3_8h_24h,黔西南州,47.0
20170124,21,CO,黔西南州,1.9
20170124,21,CO_24h,黔西南州,2.0
20170124,22,AQI,黔西南州,18.0
20170124,22,PM2.5,黔西南州,12.0
20170124,22,PM2.5_24h,黔西南州,23.0
20170124,22,PM10,黔西南州,17.0
20170124,22,PM10_24h,黔西南州,42.0
20170124,22,SO2,黔西南州,4.0
20170124,22,SO2_24h,黔西南州,4.0
20170124,22,NO2,黔西南州,19.0
20170124,22,NO2_24h,黔西南州,18.0
20170124,22,O3,黔西南州,30.0
20170124,22,O3_24h,黔西南州,55.0
20170124,22,O3_8h,黔西南州,31.0
20170124,22,O3_8h_24h,黔西南州,47.0
20170124,22,CO,黔西南州,1.8
20170124,22,CO_24h,黔西南州,1.95
20170124,23,AQI,黔西南州,19.0
20170124,23,PM2.5,黔西南州,10.0
20170124,23,PM2.5_24h,黔西南州,22.0
20170124,23,PM10,黔西南州,18.0
20170124,23,PM10_24h,黔西南州,39.0
20170124,23,SO2,黔西南州,4.0
20170124,23,SO2_24h,黔西南州,4.0
20170124,23,NO2,黔西南州,15.0
20170124,23,NO2_24h,黔西南州,18.0
20170124,23,O3,黔西南州,32.0
20170124,23,O3_24h,黔西南州,55.0
20170124,23,O3_8h,黔西南州,30.0
20170124,23,O3_8h_24h,黔西南州,47.0
20170124,23,CO,黔西南州,1.85
20170124,23,CO_24h,黔西南州,1.95
20170124,0,AQI,黔东南州,84.0
20170124,0,PM2.5,黔东南州,62.0
20170124,0,PM2.5_24h,黔东南州,70.0
20170124,0,PM10,黔东南州,89.0
20170124,0,PM10_24h,黔东南州,101.0
20170124,0,SO2,黔东南州,26.0
20170124,0,SO2_24h,黔东南州,28.0
20170124,0,NO2,黔东南州,35.0
20170124,0,NO2_24h,黔东南州,59.0
20170124,0,O3,黔东南州,33.0
20170124,0,O3_24h,黔东南州,41.0
20170124,0,O3_8h,黔东南州,24.0
20170124,0,O3_8h_24h,黔东南州,32.0
20170124,0,CO,黔东南州,1.0
20170124,0,CO_24h,黔东南州,1.2
20170124,1,AQI,黔东南州,83.0
20170124,1,PM2.5,黔东南州,61.0
20170124,1,PM2.5_24h,黔东南州,69.0
20170124,1,PM10,黔东南州,86.0
20170124,1,PM10_24h,黔东南州,100.0
20170124,1,SO2,黔东南州,22.0
20170124,1,SO2_24h,黔东南州,28.0
20170124,1,NO2,黔东南州,30.0
20170124,1,NO2_24h,黔东南州,57.0
20170124,1,O3,黔东南州,34.0
20170124,1,O3_24h,黔东南州,41.0
20170124,1,O3_8h,黔东南州,34.0
20170124,1,O3_8h_24h,黔东南州,34.0
20170124,1,CO,黔东南州,1.0
20170124,1,CO_24h,黔东南州,1.2
20170124,2,AQI,黔东南州,79.0
20170124,2,PM2.5,黔东南州,58.0
20170124,2,PM2.5_24h,黔东南州,69.0
20170124,2,PM10,黔东南州,76.0
20170124,2,PM10_24h,黔东南州,99.0
20170124,2,SO2,黔东南州,25.0
20170124,2,SO2_24h,黔东南州,28.0
20170124,2,NO2,黔东南州,23.0
20170124,2,NO2_24h,黔东南州,55.0
20170124,2,O3,黔东南州,44.0
20170124,2,O3_24h,黔东南州,44.0
20170124,2,O3_8h,黔东南州,39.0
20170124,2,O3_8h_24h,黔东南州,39.0
20170124,2,CO,黔东南州,0.9
20170124,2,CO_24h,黔东南州,1.2
20170124,3,AQI,黔东南州,80.0
20170124,3,PM2.5,黔东南州,59.0
20170124,3,PM2.5_24h,黔东南州,68.0
20170124,3,PM10,黔东南州,77.0
20170124,3,PM10_24h,黔东南州,98.0
20170124,3,SO2,黔东南州,26.0
20170124,3,SO2_24h,黔东南州,28.0
20170124,3,NO2,黔东南州,24.0
20170124,3,NO2_24h,黔东南州,54.0
20170124,3,O3,黔东南州,40.0
20170124,3,O3_24h,黔东南州,44.0
20170124,3,O3_8h,黔东南州,39.0
20170124,3,O3_8h_24h,黔东南州,39.0
20170124,3,CO,黔东南州,0.9
20170124,3,CO_24h,黔东南州,1.2
20170124,4,AQI,黔东南州,80.0
20170124,4,PM2.5,黔东南州,59.0
20170124,4,PM2.5_24h,黔东南州,68.0
20170124,4,PM10,黔东南州,76.0
20170124,4,PM10_24h,黔东南州,97.0
20170124,4,SO2,黔东南州,21.0
20170124,4,SO2_24h,黔东南州,28.0
20170124,4,NO2,黔东南州,16.0
20170124,4,NO2_24h,黔东南州,52.0
20170124,4,O3,黔东南州,43.0
20170124,4,O3_24h,黔东南州,44.0
20170124,4,O3_8h,黔东南州,40.0
20170124,4,O3_8h_24h,黔东南州,40.0
20170124,4,CO,黔东南州,0.9
20170124,4,CO_24h,黔东南州,1.2
20170124,5,AQI,黔东南州,78.0
20170124,5,PM2.5,黔东南州,57.0
20170124,5,PM2.5_24h,黔东南州,67.0
20170124,5,PM10,黔东南州,75.0
20170124,5,PM10_24h,黔东南州,97.0
20170124,5,SO2,黔东南州,18.0
20170124,5,SO2_24h,黔东南州,28.0
20170124,5,NO2,黔东南州,13.0
20170124,5,NO2_24h,黔东南州,50.0
20170124,5,O3,黔东南州,47.0
20170124,5,O3_24h,黔东南州,47.0
20170124,5,O3_8h,黔东南州,42.0
20170124,5,O3_8h_24h,黔东南州,42.0
20170124,5,CO,黔东南州,0.9
20170124,5,CO_24h,黔东南州,1.2
20170124,6,AQI,黔东南州,80.0
20170124,6,PM2.5,黔东南州,59.0
20170124,6,PM2.5_24h,黔东南州,67.0
20170124,6,PM10,黔东南州,79.0
20170124,6,PM10_24h,黔东南州,97.0
20170124,6,SO2,黔东南州,18.0
20170124,6,SO2_24h,黔东南州,28.0
20170124,6,NO2,黔东南州,15.0
20170124,6,NO2_24h,黔东南州,49.0
20170124,6,O3,黔东南州,44.0
20170124,6,O3_24h,黔东南州,47.0
20170124,6,O3_8h,黔东南州,42.0
20170124,6,O3_8h_24h,黔东南州,42.0
20170124,6,CO,黔东南州,0.9
20170124,6,CO_24h,黔东南州,1.1
20170124,7,AQI,黔东南州,84.0
20170124,7,PM2.5,黔东南州,62.0
20170124,7,PM2.5_24h,黔东南州,67.0
20170124,7,PM10,黔东南州,86.0
20170124,7,PM10_24h,黔东南州,96.0
20170124,7,SO2,黔东南州,25.0
20170124,7,SO2_24h,黔东南州,28.0
20170124,7,NO2,黔东南州,36.0
20170124,7,NO2_24h,黔东南州,49.0
20170124,7,O3,黔东南州,29.0
20170124,7,O3_24h,黔东南州,47.0
20170124,7,O3_8h,黔东南州,40.0
20170124,7,O3_8h_24h,黔东南州,42.0
20170124,7,CO,黔东南州,1.0
20170124,7,CO_24h,黔东南州,1.1
20170124,8,AQI,黔东南州,89.0
20170124,8,PM2.5,黔东南州,66.0
20170124,8,PM2.5_24h,黔东南州,67.0
20170124,8,PM10,黔东南州,94.0
20170124,8,PM10_24h,黔东南州,97.0
20170124,8,SO2,黔东南州,27.0
20170124,8,SO2_24h,黔东南州,28.0
20170124,8,NO2,黔东南州,74.0
20170124,8,NO2_24h,黔东南州,49.0
20170124,8,O3,黔东南州,7.0
20170124,8,O3_24h,黔东南州,47.0
20170124,8,O3_8h,黔东南州,36.0
20170124,8,O3_8h_24h,黔东南州,42.0
20170124,8,CO,黔东南州,1.1
20170124,8,CO_24h,黔东南州,1.1
20170124,9,AQI,黔东南州,96.0
20170124,9,PM2.5,黔东南州,72.0
20170124,9,PM2.5_24h,黔东南州,67.0
20170124,9,PM10,黔东南州,104.0
20170124,9,PM10_24h,黔东南州,97.0
20170124,9,SO2,黔东南州,28.0
20170124,9,SO2_24h,黔东南州,28.0
20170124,9,NO2,黔东南州,61.0
20170124,9,NO2_24h,黔东南州,49.0
20170124,9,O3,黔东南州,14.0
20170124,9,O3_24h,黔东南州,47.0
20170124,9,O3_8h,黔东南州,34.0
20170124,9,O3_8h_24h,黔东南州,42.0
20170124,9,CO,黔东南州,1.2
20170124,9,CO_24h,黔东南州,1.1
20170124,10,AQI,黔东南州,99.0
20170124,10,PM2.5,黔东南州,74.0
20170124,10,PM2.5_24h,黔东南州,67.0
20170124,10,PM10,黔东南州,110.0
20170124,10,PM10_24h,黔东南州,97.0
20170124,10,SO2,黔东南州,32.0
20170124,10,SO2_24h,黔东南州,28.0
20170124,10,NO2,黔东南州,59.0
20170124,10,NO2_24h,黔东南州,48.0
20170124,10,O3,黔东南州,18.0
20170124,10,O3_24h,黔东南州,47.0
20170124,10,O3_8h,黔东南州,30.0
20170124,10,O3_8h_24h,黔东南州,42.0
20170124,10,CO,黔东南州,1.2
20170124,10,CO_24h,黔东南州,1.1
20170124,11,AQI,黔东南州,96.0
20170124,11,PM2.5,黔东南州,72.0
20170124,11,PM2.5_24h,黔东南州,66.0
20170124,11,PM10,黔东南州,104.0
20170124,11,PM10_24h,黔东南州,96.0
20170124,11,SO2,黔东南州,38.0
20170124,11,SO2_24h,黔东南州,28.0
20170124,11,NO2,黔东南州,62.0
20170124,11,NO2_24h,黔东南州,48.0
20170124,11,O3,黔东南州,20.0
20170124,11,O3_24h,黔东南州,47.0
20170124,11,O3_8h,黔东南州,28.0
20170124,11,O3_8h_24h,黔东南州,42.0
20170124,11,CO,黔东南州,1.2
20170124,11,CO_24h,黔东南州,1.1
20170124,12,AQI,黔东南州,96.0
20170124,12,PM2.5,黔东南州,72.0
20170124,12,PM2.5_24h,黔东南州,66.0
20170124,12,PM10,黔东南州,102.0
20170124,12,PM10_24h,黔东南州,95.0
20170124,12,SO2,黔东南州,34.0
20170124,12,SO2_24h,黔东南州,28.0
20170124,12,NO2,黔东南州,49.0
20170124,12,NO2_24h,黔东南州,47.0
20170124,12,O3,黔东南州,32.0
20170124,12,O3_24h,黔东南州,47.0
20170124,12,O3_8h,黔东南州,26.0
20170124,12,O3_8h_24h,黔东南州,42.0
20170124,12,CO,黔东南州,1.1
20170124,12,CO_24h,黔东南州,1.1
20170124,13,AQI,黔东南州,91.0
20170124,13,PM2.5,黔东南州,68.0
20170124,13,PM2.5_24h,黔东南州,66.0
20170124,13,PM10,黔东南州,98.0
20170124,13,PM10_24h,黔东南州,95.0
20170124,13,SO2,黔东南州,34.0
20170124,13,SO2_24h,黔东南州,28.0
20170124,13,NO2,黔东南州,42.0
20170124,13,NO2_24h,黔东南州,47.0
20170124,13,O3,黔东南州,39.0
20170124,13,O3_24h,黔东南州,47.0
20170124,13,O3_8h,黔东南州,25.0
20170124,13,O3_8h_24h,黔东南州,42.0
20170124,13,CO,黔东南州,1.0
20170124,13,CO_24h,黔东南州,1.1
20170124,14,AQI,黔东南州,91.0
20170124,14,PM2.5,黔东南州,68.0
20170124,14,PM2.5_24h,黔东南州,66.0
20170124,14,PM10,黔东南州,98.0
20170124,14,PM10_24h,黔东南州,95.0
20170124,14,SO2,黔东南州,30.0
20170124,14,SO2_24h,黔东南州,28.0
20170124,14,NO2,黔东南州,38.0
20170124,14,NO2_24h,黔东南州,46.0
20170124,14,O3,黔东南州,43.0
20170124,14,O3_24h,黔东南州,47.0
20170124,14,O3_8h,黔东南州,25.0
20170124,14,O3_8h_24h,黔东南州,42.0
20170124,14,CO,黔东南州,1.0
20170124,14,CO_24h,黔东南州,1.1
20170124,15,AQI,黔东南州,89.0
20170124,15,PM2.5,黔东南州,66.0
20170124,15,PM2.5_24h,黔东南州,66.0
20170124,15,PM10,黔东南州,95.0
20170124,15,PM10_24h,黔东南州,96.0
20170124,15,SO2,黔东南州,25.0
20170124,15,SO2_24h,黔东南州,27.0
20170124,15,NO2,黔东南州,37.0
20170124,15,NO2_24h,黔东南州,46.0
20170124,15,O3,黔东南州,45.0
20170124,15,O3_24h,黔东南州,47.0
20170124,15,O3_8h,黔东南州,27.0
20170124,15,O3_8h_24h,黔东南州,42.0
20170124,15,CO,黔东南州,1.0
20170124,15,CO_24h,黔东南州,1.1
20170124,16,AQI,黔东南州,86.0
20170124,16,PM2.5,黔东南州,64.0
20170124,16,PM2.5_24h,黔东南州,66.0
20170124,16,PM10,黔东南州,93.0
20170124,16,PM10_24h,黔东南州,96.0
20170124,16,SO2,黔东南州,19.0
20170124,16,SO2_24h,黔东南州,27.0
20170124,16,NO2,黔东南州,30.0
20170124,16,NO2_24h,黔东南州,45.0
20170124,16,O3,黔东南州,50.0
20170124,16,O3_24h,黔东南州,50.0
20170124,16,O3_8h,黔东南州,33.0
20170124,16,O3_8h_24h,黔东南州,42.0
20170124,16,CO,黔东南州,1.0
20170124,16,CO_24h,黔东南州,1.1
20170124,17,AQI,黔东南州,90.0
20170124,17,PM2.5,黔东南州,67.0
20170124,17,PM2.5_24h,黔东南州,67.0
20170124,17,PM10,黔东南州,104.0
20170124,17,PM10_24h,黔东南州,97.0
20170124,17,SO2,黔东南州,18.0
20170124,17,SO2_24h,黔东南州,27.0
20170124,17,NO2,黔东南州,33.0
20170124,17,NO2_24h,黔东南州,44.0
20170124,17,O3,黔东南州,46.0
20170124,17,O3_24h,黔东南州,50.0
20170124,17,O3_8h,黔东南州,37.0
20170124,17,O3_8h_24h,黔东南州,42.0
20170124,17,CO,黔东南州,1.0
20170124,17,CO_24h,黔东南州,1.1
20170124,18,AQI,黔东南州,95.0
20170124,18,PM2.5,黔东南州,71.0
20170124,18,PM2.5_24h,黔东南州,67.0
20170124,18,PM10,黔东南州,111.0
20170124,18,PM10_24h,黔东南州,98.0
20170124,18,SO2,黔东南州,19.0
20170124,18,SO2_24h,黔东南州,27.0
20170124,18,NO2,黔东南州,36.0
20170124,18,NO2_24h,黔东南州,44.0
20170124,18,O3,黔东南州,45.0
20170124,18,O3_24h,黔东南州,50.0
20170124,18,O3_8h,黔东南州,40.0
20170124,18,O3_8h_24h,黔东南州,42.0
20170124,18,CO,黔东南州,1.1
20170124,18,CO_24h,黔东南州,1.1
20170124,19,AQI,黔东南州,99.0
20170124,19,PM2.5,黔东南州,74.0
20170124,19,PM2.5_24h,黔东南州,67.0
20170124,19,PM10,黔东南州,113.0
20170124,19,PM10_24h,黔东南州,98.0
20170124,19,SO2,黔东南州,19.0
20170124,19,SO2_24h,黔东南州,26.0
20170124,19,NO2,黔东南州,34.0
20170124,19,NO2_24h,黔东南州,42.0
20170124,19,O3,黔东南州,45.0
20170124,19,O3_24h,黔东南州,50.0
20170124,19,O3_8h,黔东南州,43.0
20170124,19,O3_8h_24h,黔东南州,43.0
20170124,19,CO,黔东南州,1.1
20170124,19,CO_24h,黔东南州,1.1
20170124,20,AQI,黔东南州,98.0
20170124,20,PM2.5,黔东南州,73.0
20170124,20,PM2.5_24h,黔东南州,67.0
20170124,20,PM10,黔东南州,111.0
20170124,20,PM10_24h,黔东南州,97.0
20170124,20,SO2,黔东南州,20.0
20170124,20,SO2_24h,黔东南州,26.0
20170124,20,NO2,黔东南州,33.0
20170124,20,NO2_24h,黔东南州,40.0
20170124,20,O3,黔东南州,46.0
20170124,20,O3_24h,黔东南州,50.0
20170124,20,O3_8h,黔东南州,45.0
20170124,20,O3_8h_24h,黔东南州,45.0
20170124,20,CO,黔东南州,1.1
20170124,20,CO_24h,黔东南州,1.1
20170124,21,AQI,黔东南州,94.0
20170124,21,PM2.5,黔东南州,70.0
20170124,21,PM2.5_24h,黔东南州,67.0
20170124,21,PM10,黔东南州,105.0
20170124,21,PM10_24h,黔东南州,97.0
20170124,21,SO2,黔东南州,19.0
20170124,21,SO2_24h,黔东南州,25.0
20170124,21,NO2,黔东南州,30.0
20170124,21,NO2_24h,黔东南州,38.0
20170124,21,O3,黔东南州,48.0
20170124,21,O3_24h,黔东南州,50.0
20170124,21,O3_8h,黔东南州,46.0
20170124,21,O3_8h_24h,黔东南州,46.0
20170124,21,CO,黔东南州,1.1
20170124,21,CO_24h,黔东南州,1.0
20170124,22,AQI,黔东南州,93.0
20170124,22,PM2.5,黔东南州,69.0
20170124,22,PM2.5_24h,黔东南州,67.0
20170124,22,PM10,黔东南州,103.0
20170124,22,PM10_24h,黔东南州,96.0
20170124,22,SO2,黔东南州,19.0
20170124,22,SO2_24h,黔东南州,25.0
20170124,22,NO2,黔东南州,31.0
20170124,22,NO2_24h,黔东南州,37.0
20170124,22,O3,黔东南州,49.0
20170124,22,O3_24h,黔东南州,50.0
20170124,22,O3_8h,黔东南州,47.0
20170124,22,O3_8h_24h,黔东南州,47.0
20170124,22,CO,黔东南州,1.0
20170124,22,CO_24h,黔东南州,1.0
20170124,23,AQI,黔东南州,94.0
20170124,23,PM2.5,黔东南州,70.0
20170124,23,PM2.5_24h,黔东南州,66.0
20170124,23,PM10,黔东南州,104.0
20170124,23,PM10_24h,黔东南州,96.0
20170124,23,SO2,黔东南州,17.0
20170124,23,SO2_24h,黔东南州,24.0
20170124,23,NO2,黔东南州,25.0
20170124,23,NO2_24h,黔东南州,36.0
20170124,23,O3,黔东南州,52.0
20170124,23,O3_24h,黔东南州,52.0
20170124,23,O3_8h,黔东南州,48.0
20170124,23,O3_8h_24h,黔东南州,48.0
20170124,23,CO,黔东南州,1.0
20170124,23,CO_24h,黔东南州,1.0
20170124,0,AQI,黔南州,70.0
20170124,0,PM2.5,黔南州,51.0
20170124,0,PM2.5_24h,黔南州,45.0
20170124,0,PM10,黔南州,71.0
20170124,0,PM10_24h,黔南州,72.0
20170124,0,SO2,黔南州,42.0
20170124,0,SO2_24h,黔南州,21.0
20170124,0,NO2,黔南州,33.0
20170124,0,NO2_24h,黔南州,17.0
20170124,0,O3,黔南州,39.0
20170124,0,O3_24h,黔南州,88.0
20170124,0,O3_8h,黔南州,70.0
20170124,0,O3_8h_24h,黔南州,83.0
20170124,0,CO,黔南州,0.8
20170124,0,CO_24h,黔南州,0.6
20170124,1,AQI,黔南州,75.0
20170124,1,PM2.5,黔南州,55.0
20170124,1,PM2.5_24h,黔南州,45.0
20170124,1,PM10,黔南州,83.0
20170124,1,PM10_24h,黔南州,72.0
20170124,1,SO2,黔南州,33.0
20170124,1,SO2_24h,黔南州,22.0
20170124,1,NO2,黔南州,25.0
20170124,1,NO2_24h,黔南州,17.0
20170124,1,O3,黔南州,45.0
20170124,1,O3_24h,黔南州,88.0
20170124,1,O3_8h,黔南州,45.0
20170124,1,O3_8h_24h,黔南州,45.0
20170124,1,CO,黔南州,0.7
20170124,1,CO_24h,黔南州,0.6
20170124,2,AQI,黔南州,76.0
20170124,2,PM2.5,黔南州,56.0
20170124,2,PM2.5_24h,黔南州,45.0
20170124,2,PM10,黔南州,74.0
20170124,2,PM10_24h,黔南州,72.0
20170124,2,SO2,黔南州,27.0
20170124,2,SO2_24h,黔南州,22.0
20170124,2,NO2,黔南州,18.0
20170124,2,NO2_24h,黔南州,17.0
20170124,2,O3,黔南州,48.0
20170124,2,O3_24h,黔南州,88.0
20170124,2,O3_8h,黔南州,46.0
20170124,2,O3_8h_24h,黔南州,46.0
20170124,2,CO,黔南州,0.7
20170124,2,CO_24h,黔南州,0.6
20170124,3,AQI,黔南州,69.0
20170124,3,PM2.5,黔南州,50.0
20170124,3,PM2.5_24h,黔南州,45.0
20170124,3,PM10,黔南州,77.0
20170124,3,PM10_24h,黔南州,71.0
20170124,3,SO2,黔南州,24.0
20170124,3,SO2_24h,黔南州,22.0
20170124,3,NO2,黔南州,18.0
20170124,3,NO2_24h,黔南州,17.0
20170124,3,O3,黔南州,46.0
20170124,3,O3_24h,黔南州,88.0
20170124,3,O3_8h,黔南州,46.0
20170124,3,O3_8h_24h,黔南州,46.0
20170124,3,CO,黔南州,0.6
20170124,3,CO_24h,黔南州,0.6
20170124,4,AQI,黔南州,66.0
20170124,4,PM2.5,黔南州,48.0
20170124,4,PM2.5_24h,黔南州,45.0
20170124,4,PM10,黔南州,74.0
20170124,4,PM10_24h,黔南州,71.0
20170124,4,SO2,黔南州,19.0
20170124,4,SO2_24h,黔南州,22.0
20170124,4,NO2,黔南州,13.0
20170124,4,NO2_24h,黔南州,17.0
20170124,4,O3,黔南州,49.0
20170124,4,O3_24h,黔南州,88.0
20170124,4,O3_8h,黔南州,47.0
20170124,4,O3_8h_24h,黔南州,47.0
20170124,4,CO,黔南州,0.6
20170124,4,CO_24h,黔南州,0.6
20170124,5,AQI,黔南州,79.0
20170124,5,PM2.5,黔南州,58.0
20170124,5,PM2.5_24h,黔南州,46.0
20170124,5,PM10,黔南州,68.0
20170124,5,PM10_24h,黔南州,71.0
20170124,5,SO2,黔南州,16.0
20170124,5,SO2_24h,黔南州,22.0
20170124,5,NO2,黔南州,11.0
20170124,5,NO2_24h,黔南州,17.0
20170124,5,O3,黔南州,51.0
20170124,5,O3_24h,黔南州,88.0
20170124,5,O3_8h,黔南州,48.0
20170124,5,O3_8h_24h,黔南州,48.0
20170124,5,CO,黔南州,0.6
20170124,5,CO_24h,黔南州,0.6
20170124,6,AQI,黔南州,68.0
20170124,6,PM2.5,黔南州,49.0
20170124,6,PM2.5_24h,黔南州,46.0
20170124,6,PM10,黔南州,59.0
20170124,6,PM10_24h,黔南州,71.0
20170124,6,SO2,黔南州,15.0
20170124,6,SO2_24h,黔南州,22.0
20170124,6,NO2,黔南州,10.0
20170124,6,NO2_24h,黔南州,17.0
20170124,6,O3,黔南州,52.0
20170124,6,O3_24h,黔南州,88.0
20170124,6,O3_8h,黔南州,48.0
20170124,6,O3_8h_24h,黔南州,48.0
20170124,6,CO,黔南州,0.6
20170124,6,CO_24h,黔南州,0.6
20170124,7,AQI,黔南州,73.0
20170124,7,PM2.5,黔南州,53.0
20170124,7,PM2.5_24h,黔南州,46.0
20170124,7,PM10,黔南州,70.0
20170124,7,PM10_24h,黔南州,70.0
20170124,7,SO2,黔南州,16.0
20170124,7,SO2_24h,黔南州,22.0
20170124,7,NO2,黔南州,10.0
20170124,7,NO2_24h,黔南州,17.0
20170124,7,O3,黔南州,52.0
20170124,7,O3_24h,黔南州,88.0
20170124,7,O3_8h,黔南州,49.0
20170124,7,O3_8h_24h,黔南州,49.0
20170124,7,CO,黔南州,0.6
20170124,7,CO_24h,黔南州,0.6
20170124,8,AQI,黔南州,71.0
20170124,8,PM2.5,黔南州,52.0
20170124,8,PM2.5_24h,黔南州,46.0
20170124,8,PM10,黔南州,70.0
20170124,8,PM10_24h,黔南州,71.0
20170124,8,SO2,黔南州,19.0
20170124,8,SO2_24h,黔南州,22.0
20170124,8,NO2,黔南州,10.0
20170124,8,NO2_24h,黔南州,17.0
20170124,8,O3,黔南州,54.0
20170124,8,O3_24h,黔南州,88.0
20170124,8,O3_8h,黔南州,50.0
20170124,8,O3_8h_24h,黔南州,50.0
20170124,8,CO,黔南州,0.6
20170124,8,CO_24h,黔南州,0.6
20170124,9,AQI,黔南州,71.0
20170124,9,PM2.5,黔南州,52.0
20170124,9,PM2.5_24h,黔南州,46.0
20170124,9,PM10,黔南州,64.0
20170124,9,PM10_24h,黔南州,70.0
20170124,9,SO2,黔南州,17.0
20170124,9,SO2_24h,黔南州,22.0
20170124,9,NO2,黔南州,10.0
20170124,9,NO2_24h,黔南州,17.0
20170124,9,O3,黔南州,53.0
20170124,9,O3_24h,黔南州,88.0
20170124,9,O3_8h,黔南州,51.0
20170124,9,O3_8h_24h,黔南州,51.0
20170124,9,CO,黔南州,0.6
20170124,9,CO_24h,黔南州,0.6
20170124,10,AQI,黔南州,74.0
20170124,10,PM2.5,黔南州,54.0
20170124,10,PM2.5_24h,黔南州,47.0
20170124,10,PM10,黔南州,68.0
20170124,10,PM10_24h,黔南州,70.0
20170124,10,SO2,黔南州,24.0
20170124,10,SO2_24h,黔南州,21.0
20170124,10,NO2,黔南州,19.0
20170124,10,NO2_24h,黔南州,16.0
20170124,10,O3,黔南州,42.0
20170124,10,O3_24h,黔南州,88.0
20170124,10,O3_8h,黔南州,50.0
20170124,10,O3_8h_24h,黔南州,51.0
20170124,10,CO,黔南州,0.7
20170124,10,CO_24h,黔南州,0.6
20170124,11,AQI,黔南州,83.0
20170124,11,PM2.5,黔南州,61.0
20170124,11,PM2.5_24h,黔南州,47.0
20170124,11,PM10,黔南州,79.0
20170124,11,PM10_24h,黔南州,70.0
20170124,11,SO2,黔南州,31.0
20170124,11,SO2_24h,黔南州,20.0
20170124,11,NO2,黔南州,24.0
20170124,11,NO2_24h,黔南州,15.0
20170124,11,O3,黔南州,42.0
20170124,11,O3_24h,黔南州,88.0
20170124,11,O3_8h,黔南州,49.0
20170124,11,O3_8h_24h,黔南州,51.0
20170124,11,CO,黔南州,0.8
20170124,11,CO_24h,黔南州,0.6
20170124,12,AQI,黔南州,80.0
20170124,12,PM2.5,黔南州,59.0
20170124,12,PM2.5_24h,黔南州,46.0
20170124,12,PM10,黔南州,89.0
20170124,12,PM10_24h,黔南州,68.0
20170124,12,SO2,黔南州,56.0
20170124,12,SO2_24h,黔南州,21.0
20170124,12,NO2,黔南州,41.0
20170124,12,NO2_24h,黔南州,16.0
20170124,12,O3,黔南州,36.0
20170124,12,O3_24h,黔南州,88.0
20170124,12,O3_8h,黔南州,48.0
20170124,12,O3_8h_24h,黔南州,51.0
20170124,12,CO,黔南州,1.0
20170124,12,CO_24h,黔南州,0.6
20170124,13,AQI,黔南州,110.0
20170124,13,PM2.5,黔南州,83.0
20170124,13,PM2.5_24h,黔南州,48.0
20170124,13,PM10,黔南州,113.0
20170124,13,PM10_24h,黔南州,69.0
20170124,13,SO2,黔南州,50.0
20170124,13,SO2_24h,黔南州,22.0
20170124,13,NO2,黔南州,37.0
20170124,13,NO2_24h,黔南州,17.0
20170124,13,O3,黔南州,44.0
20170124,13,O3_24h,黔南州,88.0
20170124,13,O3_8h,黔南州,47.0
20170124,13,O3_8h_24h,黔南州,51.0
20170124,13,CO,黔南州,0.9
20170124,13,CO_24h,黔南州,0.6
20170124,14,AQI,黔南州,100.0
20170124,14,PM2.5,黔南州,75.0
20170124,14,PM2.5_24h,黔南州,49.0
20170124,14,PM10,黔南州,105.0
20170124,14,PM10_24h,黔南州,70.0
20170124,14,SO2,黔南州,51.0
20170124,14,SO2_24h,黔南州,23.0
20170124,14,NO2,黔南州,35.0
20170124,14,NO2_24h,黔南州,17.0
20170124,14,O3,黔南州,45.0
20170124,14,O3_24h,黔南州,88.0
20170124,14,O3_8h,黔南州,46.0
20170124,14,O3_8h_24h,黔南州,51.0
20170124,14,CO,黔南州,0.9
20170124,14,CO_24h,黔南州,0.6
20170124,15,AQI,黔南州,104.0
20170124,15,PM2.5,黔南州,78.0
20170124,15,PM2.5_24h,黔南州,50.0
20170124,15,PM10,黔南州,122.0
20170124,15,PM10_24h,黔南州,72.0
20170124,15,SO2,黔南州,49.0
20170124,15,SO2_24h,黔南州,25.0
20170124,15,NO2,黔南州,36.0
20170124,15,NO2_24h,黔南州,18.0
20170124,15,O3,黔南州,47.0
20170124,15,O3_24h,黔南州,88.0
20170124,15,O3_8h,黔南州,45.0
20170124,15,O3_8h_24h,黔南州,51.0
20170124,15,CO,黔南州,0.9
20170124,15,CO_24h,黔南州,0.7
20170124,16,AQI,黔南州,103.0
20170124,16,PM2.5,黔南州,77.0
20170124,16,PM2.5_24h,黔南州,52.0
20170124,16,PM10,黔南州,114.0
20170124,16,PM10_24h,黔南州,74.0
20170124,16,SO2,黔南州,39.0
20170124,16,SO2_24h,黔南州,26.0
20170124,16,NO2,黔南州,28.0
20170124,16,NO2_24h,黔南州,19.0
20170124,16,O3,黔南州,56.0
20170124,16,O3_24h,黔南州,88.0
20170124,16,O3_8h,黔南州,46.0
20170124,16,O3_8h_24h,黔南州,51.0
20170124,16,CO,黔南州,0.8
20170124,16,CO_24h,黔南州,0.7
20170124,17,AQI,黔南州,99.0
20170124,17,PM2.5,黔南州,74.0
20170124,17,PM2.5_24h,黔南州,54.0
20170124,17,PM10,黔南州,105.0
20170124,17,PM10_24h,黔南州,76.0
20170124,17,SO2,黔南州,26.0
20170124,17,SO2_24h,黔南州,26.0
20170124,17,NO2,黔南州,16.0
20170124,17,NO2_24h,黔南州,19.0
20170124,17,O3,黔南州,65.0
20170124,17,O3_24h,黔南州,88.0
20170124,17,O3_8h,黔南州,47.0
20170124,17,O3_8h_24h,黔南州,51.0
20170124,17,CO,黔南州,0.7
20170124,17,CO_24h,黔南州,0.7
20170124,18,AQI,黔南州,89.0
20170124,18,PM2.5,黔南州,66.0
20170124,18,PM2.5_24h,黔南州,55.0
20170124,18,PM10,黔南州,94.0
20170124,18,PM10_24h,黔南州,77.0
20170124,18,SO2,黔南州,22.0
20170124,18,SO2_24h,黔南州,27.0
20170124,18,NO2,黔南州,15.0
20170124,18,NO2_24h,黔南州,20.0
20170124,18,O3,黔南州,65.0
20170124,18,O3_24h,黔南州,82.0
20170124,18,O3_8h,黔南州,50.0
20170124,18,O3_8h_24h,黔南州,51.0
20170124,18,CO,黔南州,0.8
20170124,18,CO_24h,黔南州,0.7
20170124,19,AQI,黔南州,96.0
20170124,19,PM2.5,黔南州,72.0
20170124,19,PM2.5_24h,黔南州,57.0
20170124,19,PM10,黔南州,93.0
20170124,19,PM10_24h,黔南州,79.0
20170124,19,SO2,黔南州,22.0
20170124,19,SO2_24h,黔南州,28.0
20170124,19,NO2,黔南州,16.0
20170124,19,NO2_24h,黔南州,20.0
20170124,19,O3,黔南州,63.0
20170124,19,O3_24h,黔南州,79.0
20170124,19,O3_8h,黔南州,53.0
20170124,19,O3_8h_24h,黔南州,53.0
20170124,19,CO,黔南州,0.8
20170124,19,CO_24h,黔南州,0.7
20170124,20,AQI,黔南州,99.0
20170124,20,PM2.5,黔南州,74.0
20170124,20,PM2.5_24h,黔南州,59.0
20170124,20,PM10,黔南州,91.0
20170124,20,PM10_24h,黔南州,81.0
20170124,20,SO2,黔南州,27.0
20170124,20,SO2_24h,黔南州,28.0
20170124,20,NO2,黔南州,15.0
20170124,20,NO2_24h,黔南州,20.0
20170124,20,O3,黔南州,64.0
20170124,20,O3_24h,黔南州,74.0
20170124,20,O3_8h,黔南州,56.0
20170124,20,O3_8h_24h,黔南州,56.0
20170124,20,CO,黔南州,0.7
20170124,20,CO_24h,黔南州,0.7
20170124,21,AQI,黔南州,85.0
20170124,21,PM2.5,黔南州,63.0
20170124,21,PM2.5_24h,黔南州,60.0
20170124,21,PM10,黔南州,85.0
20170124,21,PM10_24h,黔南州,83.0
20170124,21,SO2,黔南州,24.0
20170124,21,SO2_24h,黔南州,29.0
20170124,21,NO2,黔南州,13.0
20170124,21,NO2_24h,黔南州,21.0
20170124,21,O3,黔南州,69.0
20170124,21,O3_24h,黔南州,69.0
20170124,21,O3_8h,黔南州,59.0
20170124,21,O3_8h_24h,黔南州,59.0
20170124,21,CO,黔南州,0.6
20170124,21,CO_24h,黔南州,0.7
20170124,22,AQI,黔南州,85.0
20170124,22,PM2.5,黔南州,63.0
20170124,22,PM2.5_24h,黔南州,61.0
20170124,22,PM10,黔南州,81.0
20170124,22,PM10_24h,黔南州,84.0
20170124,22,SO2,黔南州,20.0
20170124,22,SO2_24h,黔南州,29.0
20170124,22,NO2,黔南州,12.0
20170124,22,NO2_24h,黔南州,20.0
20170124,22,O3,黔南州,71.0
20170124,22,O3_24h,黔南州,71.0
20170124,22,O3_8h,黔南州,62.0
20170124,22,O3_8h_24h,黔南州,62.0
20170124,22,CO,黔南州,0.6
20170124,22,CO_24h,黔南州,0.7
20170124,23,AQI,黔南州,80.0
20170124,23,PM2.5,黔南州,59.0
20170124,23,PM2.5_24h,黔南州,62.0
20170124,23,PM10,黔南州,76.0
20170124,23,PM10_24h,黔南州,84.0
20170124,23,SO2,黔南州,20.0
20170124,23,SO2_24h,黔南州,29.0
20170124,23,NO2,黔南州,12.0
20170124,23,NO2_24h,黔南州,20.0
20170124,23,O3,黔南州,70.0
20170124,23,O3_24h,黔南州,71.0
20170124,23,O3_8h,黔南州,65.0
20170124,23,O3_8h_24h,黔南州,65.0
20170124,23,CO,黔南州,0.6
20170124,23,CO_24h,黔南州,0.7
20170124,0,AQI,保山,53.0
20170124,0,PM2.5,保山,37.0
20170124,0,PM2.5_24h,保山,40.0
20170124,0,PM10_24h,保山,67.0
20170124,0,SO2,保山,9.0
20170124,0,SO2_24h,保山,13.0
20170124,0,NO2,保山,5.0
20170124,0,NO2_24h,保山,19.0
20170124,0,O3,保山,83.0
20170124,0,O3_24h,保山,120.0
20170124,0,O3_8h,保山,91.0
20170124,0,O3_8h_24h,保山,110.0
20170124,0,CO,保山,1.4
20170124,0,CO_24h,保山,1.6
20170124,1,AQI,保山,49.0
20170124,1,PM2.5,保山,34.0
20170124,1,PM2.5_24h,保山,40.0
20170124,1,PM10_24h,保山,70.0
20170124,1,SO2,保山,8.0
20170124,1,SO2_24h,保山,13.0
20170124,1,NO2,保山,4.0
20170124,1,NO2_24h,保山,18.0
20170124,1,O3,保山,80.0
20170124,1,O3_24h,保山,120.0
20170124,1,O3_8h,保山,80.0
20170124,1,O3_8h_24h,保山,80.0
20170124,1,CO,保山,1.4
20170124,1,CO_24h,保山,1.6
20170124,2,AQI,保山,46.0
20170124,2,PM2.5,保山,32.0
20170124,2,PM2.5_24h,保山,40.0
20170124,2,PM10,保山,18.0
20170124,2,PM10_24h,保山,72.0
20170124,2,SO2,保山,8.0
20170124,2,SO2_24h,保山,13.0
20170124,2,NO2,保山,3.0
20170124,2,NO2_24h,保山,17.0
20170124,2,O3,保山,83.0
20170124,2,O3_24h,保山,120.0
20170124,2,O3_8h,保山,82.0
20170124,2,O3_8h_24h,保山,82.0
20170124,2,CO,保山,1.35
20170124,2,CO_24h,保山,1.6
20170124,3,AQI,保山,43.0
20170124,3,PM2.5,保山,30.0
20170124,3,PM2.5_24h,保山,40.0
20170124,3,PM10_24h,保山,72.0
20170124,3,SO2,保山,8.0
20170124,3,SO2_24h,保山,13.0
20170124,3,NO2,保山,4.0
20170124,3,NO2_24h,保山,16.0
20170124,3,O3,保山,77.0
20170124,3,O3_24h,保山,120.0
20170124,3,O3_8h,保山,80.0
20170124,3,O3_8h_24h,保山,82.0
20170124,3,CO,保山,1.35
20170124,3,CO_24h,保山,1.6
20170124,4,AQI,保山,36.0
20170124,4,PM2.5,保山,25.0
20170124,4,PM2.5_24h,保山,40.0
20170124,4,PM10,保山,18.0
20170124,4,PM10_24h,保山,71.0
20170124,4,SO2,保山,8.0
20170124,4,SO2_24h,保山,13.0
20170124,4,NO2,保山,10.0
20170124,4,NO2_24h,保山,16.0
20170124,4,O3,保山,65.0
20170124,4,O3_24h,保山,120.0
20170124,4,O3_8h,保山,76.0
20170124,4,O3_8h_24h,保山,82.0
20170124,4,CO,保山,1.35
20170124,4,CO_24h,保山,1.6
20170124,5,AQI,保山,39.0
20170124,5,PM2.5,保山,27.0
20170124,5,PM2.5_24h,保山,39.0
20170124,5,PM10_24h,保山,72.0
20170124,5,SO2,保山,8.0
20170124,5,SO2_24h,保山,13.0
20170124,5,NO2,保山,6.0
20170124,5,NO2_24h,保山,16.0
20170124,5,O3,保山,67.0
20170124,5,O3_24h,保山,120.0
20170124,5,O3_8h,保山,75.0
20170124,5,O3_8h_24h,保山,82.0
20170124,5,CO,保山,1.4
20170124,5,CO_24h,保山,1.6
20170124,6,AQI,保山,41.0
20170124,6,PM2.5,保山,29.0
20170124,6,PM2.5_24h,保山,39.0
20170124,6,PM10_24h,保山,73.0
20170124,6,SO2,保山,7.0
20170124,6,SO2_24h,保山,13.0
20170124,6,NO2,保山,6.0
20170124,6,NO2_24h,保山,15.0
20170124,6,O3,保山,57.0
20170124,6,O3_24h,保山,120.0
20170124,6,O3_8h,保山,72.0
20170124,6,O3_8h_24h,保山,82.0
20170124,6,CO,保山,1.4
20170124,6,CO_24h,保山,1.6
20170124,7,AQI,保山,41.0
20170124,7,PM2.5,保山,29.0
20170124,7,PM2.5_24h,保山,39.0
20170124,7,PM10,保山,38.0
20170124,7,PM10_24h,保山,70.0
20170124,7,SO2,保山,7.0
20170124,7,SO2_24h,保山,13.0
20170124,7,NO2,保山,11.0
20170124,7,NO2_24h,保山,15.0
20170124,7,O3,保山,45.0
20170124,7,O3_24h,保山,120.0
20170124,7,O3_8h,保山,68.0
20170124,7,O3_8h_24h,保山,82.0
20170124,7,CO,保山,1.45
20170124,7,CO_24h,保山,1.6
20170124,8,AQI,保山,47.0
20170124,8,PM2.5,保山,33.0
20170124,8,PM2.5_24h,保山,39.0
20170124,8,PM10_24h,保山,71.0
20170124,8,SO2,保山,6.0
20170124,8,SO2_24h,保山,13.0
20170124,8,NO2,保山,13.0
20170124,8,NO2_24h,保山,14.0
20170124,8,O3,保山,39.0
20170124,8,O3_24h,保山,120.0
20170124,8,O3_8h,保山,64.0
20170124,8,O3_8h_24h,保山,82.0
20170124,8,CO,保山,1.55
20170124,8,CO_24h,保山,1.6
20170124,9,AQI,保山,54.0
20170124,9,PM2.5,保山,38.0
20170124,9,PM2.5_24h,保山,38.0
20170124,9,PM10,保山,40.0
20170124,9,PM10_24h,保山,68.0
20170124,9,SO2,保山,7.0
20170124,9,SO2_24h,保山,13.0
20170124,9,NO2,保山,17.0
20170124,9,NO2_24h,保山,14.0
20170124,9,O3,保山,34.0
20170124,9,O3_24h,保山,120.0
20170124,9,O3_8h,保山,58.0
20170124,9,O3_8h_24h,保山,82.0
20170124,9,CO,保山,1.7
20170124,9,CO_24h,保山,1.55
20170124,10,AQI,保山,64.0
20170124,10,PM2.5,保山,46.0
20170124,10,PM2.5_24h,保山,39.0
20170124,10,PM10,保山,63.0
20170124,10,PM10_24h,保山,67.0
20170124,10,SO2,保山,17.0
20170124,10,SO2_24h,保山,13.0
20170124,10,NO2,保山,40.0
20170124,10,NO2_24h,保山,14.0
20170124,10,O3,保山,24.0
20170124,10,O3_24h,保山,120.0
20170124,10,O3_8h,保山,51.0
20170124,10,O3_8h_24h,保山,82.0
20170124,10,CO,保山,2.6
20170124,10,CO_24h,保山,1.55
20170124,11,AQI,保山,90.0
20170124,11,PM2.5,保山,67.0
20170124,11,PM2.5_24h,保山,39.0
20170124,11,PM10,保山,107.0
20170124,11,PM10_24h,保山,67.0
20170124,11,SO2,保山,23.0
20170124,11,SO2_24h,保山,12.0
20170124,11,NO2,保山,52.0
20170124,11,NO2_24h,保山,14.0
20170124,11,O3,保山,44.0
20170124,11,O3_24h,保山,120.0
20170124,11,O3_8h,保山,47.0
20170124,11,O3_8h_24h,保山,82.0
20170124,11,CO,保山,2.65
20170124,11,CO_24h,保山,1.55
20170124,12,AQI,保山,114.0
20170124,12,PM2.5,保山,86.0
20170124,12,PM2.5_24h,保山,39.0
20170124,12,PM10,保山,129.0
20170124,12,PM10_24h,保山,67.0
20170124,12,SO2,保山,19.0
20170124,12,SO2_24h,保山,11.0
20170124,12,NO2,保山,32.0
20170124,12,NO2_24h,保山,13.0
20170124,12,O3,保山,86.0
20170124,12,O3_24h,保山,120.0
20170124,12,O3_8h,保山,50.0
20170124,12,O3_8h_24h,保山,82.0
20170124,12,CO,保山,1.95
20170124,12,CO_24h,保山,1.55
20170124,13,AQI,保山,84.0
20170124,13,PM2.5,保山,62.0
20170124,13,PM2.5_24h,保山,39.0
20170124,13,PM10,保山,98.0
20170124,13,PM10_24h,保山,66.0
20170124,13,SO2,保山,11.0
20170124,13,SO2_24h,保山,10.0
20170124,13,NO2,保山,11.0
20170124,13,NO2_24h,保山,12.0
20170124,13,O3,保山,105.0
20170124,13,O3_24h,保山,120.0
20170124,13,O3_8h,保山,54.0
20170124,13,O3_8h_24h,保山,82.0
20170124,13,CO,保山,1.5
20170124,13,CO_24h,保山,1.55
20170124,14,AQI,保山,58.0
20170124,14,PM2.5,保山,39.0
20170124,14,PM2.5_24h,保山,39.0
20170124,14,PM10,保山,65.0
20170124,14,PM10_24h,保山,63.0
20170124,14,SO2,保山,7.0
20170124,14,SO2_24h,保山,10.0
20170124,14,NO2,保山,3.0
20170124,14,NO2_24h,保山,12.0
20170124,14,O3,保山,104.0
20170124,14,O3_24h,保山,114.0
20170124,14,O3_8h,保山,60.0
20170124,14,O3_8h_24h,保山,82.0
20170124,14,CO,保山,1.35
20170124,14,CO_24h,保山,1.55
20170124,15,AQI,保山,36.0
20170124,15,PM2.5,保山,23.0
20170124,15,PM2.5_24h,保山,38.0
20170124,15,PM10,保山,36.0
20170124,15,PM10_24h,保山,60.0
20170124,15,SO2,保山,7.0
20170124,15,SO2_24h,保山,10.0
20170124,15,NO2,保山,3.0
20170124,15,NO2_24h,保山,12.0
20170124,15,O3,保山,107.0
20170124,15,O3_24h,保山,114.0
20170124,15,O3_8h,保山,68.0
20170124,15,O3_8h_24h,保山,82.0
20170124,15,CO,保山,1.35
20170124,15,CO_24h,保山,1.55
20170124,16,AQI,保山,34.0
20170124,16,PM2.5,保山,19.0
20170124,16,PM2.5_24h,保山,37.0
20170124,16,PM10,保山,19.0
20170124,16,PM10_24h,保山,60.0
20170124,16,SO2,保山,7.0
20170124,16,SO2_24h,保山,10.0
20170124,16,NO2,保山,4.0
20170124,16,NO2_24h,保山,12.0
20170124,16,O3,保山,108.0
20170124,16,O3_24h,保山,113.0
20170124,16,O3_8h,保山,76.0
20170124,16,O3_8h_24h,保山,82.0
20170124,16,CO,保山,1.35
20170124,16,CO_24h,保山,1.55
20170124,17,AQI,保山,34.0
20170124,17,PM2.5,保山,19.0
20170124,17,PM2.5_24h,保山,37.0
20170124,17,PM10,保山,22.0
20170124,17,PM10_24h,保山,60.0
20170124,17,SO2,保山,8.0
20170124,17,SO2_24h,保山,10.0
20170124,17,NO2,保山,4.0
20170124,17,NO2_24h,保山,12.0
20170124,17,O3,保山,109.0
20170124,17,O3_24h,保山,111.0
20170124,17,O3_8h,保山,86.0
20170124,17,O3_8h_24h,保山,86.0
20170124,17,CO,保山,1.3
20170124,17,CO_24h,保山,1.55
20170124,18,AQI,保山,33.0
20170124,18,PM2.5,保山,19.0
20170124,18,PM2.5_24h,保山,37.0
20170124,18,PM10,保山,28.0
20170124,18,PM10_24h,保山,60.0
20170124,18,SO2,保山,8.0
20170124,18,SO2_24h,保山,10.0
20170124,18,NO2,保山,5.0
20170124,18,NO2_24h,保山,12.0
20170124,18,O3,保山,107.0
20170124,18,O3_24h,保山,109.0
20170124,18,O3_8h,保山,96.0
20170124,18,O3_8h_24h,保山,96.0
20170124,18,CO,保山,1.35
20170124,18,CO_24h,保山,1.55
20170124,19,AQI,保山,30.0
20170124,19,PM2.5,保山,21.0
20170124,19,PM2.5_24h,保山,36.0
20170124,19,PM10,保山,26.0
20170124,19,PM10_24h,保山,60.0
20170124,19,SO2,保山,8.0
20170124,19,SO2_24h,保山,10.0
20170124,19,NO2,保山,7.0
20170124,19,NO2_24h,保山,12.0
20170124,19,O3,保山,95.0
20170124,19,O3_24h,保山,109.0
20170124,19,O3_8h,保山,103.0
20170124,19,O3_8h_24h,保山,103.0
20170124,19,CO,保山,1.4
20170124,19,CO_24h,保山,1.55
20170124,20,AQI,保山,36.0
20170124,20,PM2.5,保山,25.0
20170124,20,PM2.5_24h,保山,36.0
20170124,20,PM10,保山,32.0
20170124,20,PM10_24h,保山,60.0
20170124,20,SO2,保山,9.0
20170124,20,SO2_24h,保山,10.0
20170124,20,NO2,保山,8.0
20170124,20,NO2_24h,保山,12.0
20170124,20,O3,保山,81.0
20170124,20,O3_24h,保山,109.0
20170124,20,O3_8h,保山,102.0
20170124,20,O3_8h_24h,保山,103.0
20170124,20,CO,保山,1.5
20170124,20,CO_24h,保山,1.55
20170124,21,AQI,保山,44.0
20170124,21,PM2.5,保山,31.0
20170124,21,PM2.5_24h,保山,35.0
20170124,21,PM10,保山,25.0
20170124,21,PM10_24h,保山,59.0
20170124,21,SO2,保山,11.0
20170124,21,SO2_24h,保山,10.0
20170124,21,NO2,保山,10.0
20170124,21,NO2_24h,保山,11.0
20170124,21,O3,保山,79.0
20170124,21,O3_24h,保山,109.0
20170124,21,O3_8h,保山,99.0
20170124,21,O3_8h_24h,保山,103.0
20170124,21,CO,保山,1.55
20170124,21,CO_24h,保山,1.55
20170124,22,AQI,保山,51.0
20170124,22,PM2.5,保山,36.0
20170124,22,PM2.5_24h,保山,35.0
20170124,22,PM10_24h,保山,61.0
20170124,22,SO2,保山,10.0
20170124,22,SO2_24h,保山,10.0
20170124,22,NO2,保山,8.0
20170124,22,NO2_24h,保山,11.0
20170124,22,O3,保山,78.0
20170124,22,O3_24h,保山,109.0
20170124,22,O3_8h,保山,95.0
20170124,22,O3_8h_24h,保山,103.0
20170124,22,CO,保山,1.5
20170124,22,CO_24h,保山,1.55
20170124,23,AQI,保山,53.0
20170124,23,PM2.5,保山,37.0
20170124,23,PM2.5_24h,保山,35.0
20170124,23,PM10_24h,保山,61.0
20170124,23,SO2,保山,10.0
20170124,23,SO2_24h,保山,10.0
20170124,23,NO2,保山,11.0
20170124,23,NO2_24h,保山,12.0
20170124,23,O3,保山,72.0
20170124,23,O3_24h,保山,109.0
20170124,23,O3_8h,保山,91.0
20170124,23,O3_8h_24h,保山,103.0
20170124,23,CO,保山,1.6
20170124,23,CO_24h,保山,1.6
20170124,0,AQI,昭通,61.0
20170124,0,PM2.5,昭通,44.0
20170124,0,PM2.5_24h,昭通,41.0
20170124,0,PM10,昭通,55.0
20170124,0,PM10_24h,昭通,58.0
20170124,0,SO2,昭通,14.0
20170124,0,SO2_24h,昭通,18.0
20170124,0,NO2,昭通,17.0
20170124,0,NO2_24h,昭通,20.0
20170124,0,O3,昭通,54.0
20170124,0,O3_24h,昭通,104.0
20170124,0,O3_8h,昭通,57.0
20170124,0,O3_8h_24h,昭通,70.0
20170124,0,CO,昭通,0.9
20170124,0,CO_24h,昭通,0.95
20170124,1,AQI,昭通,54.0
20170124,1,PM2.5,昭通,38.0
20170124,1,PM2.5_24h,昭通,42.0
20170124,1,PM10,昭通,50.0
20170124,1,PM10_24h,昭通,58.0
20170124,1,SO2,昭通,13.0
20170124,1,SO2_24h,昭通,18.0
20170124,1,NO2,昭通,18.0
20170124,1,NO2_24h,昭通,20.0
20170124,1,O3,昭通,55.0
20170124,1,O3_24h,昭通,104.0
20170124,1,O3_8h,昭通,55.0
20170124,1,O3_8h_24h,昭通,55.0
20170124,1,CO,昭通,0.9
20170124,1,CO_24h,昭通,0.95
20170124,2,AQI,昭通,51.0
20170124,2,PM2.5,昭通,36.0
20170124,2,PM2.5_24h,昭通,41.0
20170124,2,PM10,昭通,51.0
20170124,2,PM10_24h,昭通,58.0
20170124,2,SO2,昭通,11.0
20170124,2,SO2_24h,昭通,18.0
20170124,2,NO2,昭通,14.0
20170124,2,NO2_24h,昭通,20.0
20170124,2,O3,昭通,62.0
20170124,2,O3_24h,昭通,104.0
20170124,2,O3_8h,昭通,58.0
20170124,2,O3_8h_24h,昭通,58.0
20170124,2,CO,昭通,0.85
20170124,2,CO_24h,昭通,0.95
20170124,3,AQI,昭通,50.0
20170124,3,PM2.5,昭通,35.0
20170124,3,PM2.5_24h,昭通,42.0
20170124,3,PM10,昭通,44.0
20170124,3,PM10_24h,昭通,58.0
20170124,3,SO2,昭通,12.0
20170124,3,SO2_24h,昭通,18.0
20170124,3,NO2,昭通,17.0
20170124,3,NO2_24h,昭通,20.0
20170124,3,O3,昭通,61.0
20170124,3,O3_24h,昭通,104.0
20170124,3,O3_8h,昭通,59.0
20170124,3,O3_8h_24h,昭通,59.0
20170124,3,CO,昭通,0.85
20170124,3,CO_24h,昭通,0.95
20170124,4,AQI,昭通,50.0
20170124,4,PM2.5,昭通,35.0
20170124,4,PM2.5_24h,昭通,42.0
20170124,4,PM10,昭通,48.0
20170124,4,PM10_24h,昭通,58.0
20170124,4,SO2,昭通,12.0
20170124,4,SO2_24h,昭通,19.0
20170124,4,NO2,昭通,16.0
20170124,4,NO2_24h,昭通,21.0
20170124,4,O3,昭通,63.0
20170124,4,O3_24h,昭通,104.0
20170124,4,O3_8h,昭通,60.0
20170124,4,O3_8h_24h,昭通,61.0
20170124,4,CO,昭通,0.85
20170124,4,CO_24h,昭通,0.95
20170124,5,AQI,昭通,62.0
20170124,5,PM2.5,昭通,29.0
20170124,5,PM2.5_24h,昭通,42.0
20170124,5,PM10,昭通,74.0
20170124,5,PM10_24h,昭通,58.0
20170124,5,SO2,昭通,12.0
20170124,5,SO2_24h,昭通,19.0
20170124,5,NO2,昭通,15.0
20170124,5,NO2_24h,昭通,21.0
20170124,5,O3,昭通,63.0
20170124,5,O3_24h,昭通,104.0
20170124,5,O3_8h,昭通,61.0
20170124,5,O3_8h_24h,昭通,61.0
20170124,5,CO,昭通,0.85
20170124,5,CO_24h,昭通,0.95
20170124,6,AQI,昭通,54.0
20170124,6,PM2.5,昭通,28.0
20170124,6,PM2.5_24h,昭通,43.0
20170124,6,PM10,昭通,58.0
20170124,6,PM10_24h,昭通,59.0
20170124,6,SO2,昭通,13.0
20170124,6,SO2_24h,昭通,19.0
20170124,6,NO2,昭通,15.0
20170124,6,NO2_24h,昭通,21.0
20170124,6,O3,昭通,63.0
20170124,6,O3_24h,昭通,104.0
20170124,6,O3_8h,昭通,61.0
20170124,6,O3_8h_24h,昭通,62.0
20170124,6,CO,昭通,0.95
20170124,6,CO_24h,昭通,0.95
20170124,7,AQI,昭通,39.0
20170124,7,PM2.5,昭通,25.0
20170124,7,PM2.5_24h,昭通,43.0
20170124,7,PM10,昭通,39.0
20170124,7,PM10_24h,昭通,59.0
20170124,7,SO2,昭通,12.0
20170124,7,SO2_24h,昭通,19.0
20170124,7,NO2,昭通,13.0
20170124,7,NO2_24h,昭通,21.0
20170124,7,O3,昭通,63.0
20170124,7,O3_24h,昭通,104.0
20170124,7,O3_8h,昭通,62.0
20170124,7,O3_8h_24h,昭通,62.0
20170124,7,CO,昭通,0.9
20170124,7,CO_24h,昭通,0.95
20170124,8,AQI,昭通,46.0
20170124,8,PM2.5,昭通,32.0
20170124,8,PM2.5_24h,昭通,43.0
20170124,8,PM10,昭通,46.0
20170124,8,PM10_24h,昭通,59.0
20170124,8,SO2,昭通,13.0
20170124,8,SO2_24h,昭通,20.0
20170124,8,NO2,昭通,13.0
20170124,8,NO2_24h,昭通,21.0
20170124,8,O3,昭通,62.0
20170124,8,O3_24h,昭通,104.0
20170124,8,O3_8h,昭通,61.0
20170124,8,O3_8h_24h,昭通,62.0
20170124,8,CO,昭通,0.95
20170124,8,CO_24h,昭通,1.0
20170124,9,AQI,昭通,59.0
20170124,9,PM2.5,昭通,42.0
20170124,9,PM2.5_24h,昭通,43.0
20170124,9,PM10,昭通,62.0
20170124,9,PM10_24h,昭通,61.0
20170124,9,SO2,昭通,15.0
20170124,9,SO2_24h,昭通,20.0
20170124,9,NO2,昭通,19.0
20170124,9,NO2_24h,昭通,21.0
20170124,9,O3,昭通,57.0
20170124,9,O3_24h,昭通,104.0
20170124,9,O3_8h,昭通,62.0
20170124,9,O3_8h_24h,昭通,62.0
20170124,9,CO,昭通,1.0
20170124,9,CO_24h,昭通,1.0
20170124,10,AQI,昭通,63.0
20170124,10,PM2.5,昭通,45.0
20170124,10,PM2.5_24h,昭通,44.0
20170124,10,PM10,昭通,65.0
20170124,10,PM10_24h,昭通,61.0
20170124,10,SO2,昭通,19.0
20170124,10,SO2_24h,昭通,20.0
20170124,10,NO2,昭通,23.0
20170124,10,NO2_24h,昭通,21.0
20170124,10,O3,昭通,53.0
20170124,10,O3_24h,昭通,104.0
20170124,10,O3_8h,昭通,61.0
20170124,10,O3_8h_24h,昭通,62.0
20170124,10,CO,昭通,1.1
20170124,10,CO_24h,昭通,1.0
20170124,11,AQI,昭通,65.0
20170124,11,PM2.5,昭通,47.0
20170124,11,PM2.5_24h,昭通,44.0
20170124,11,PM10,昭通,67.0
20170124,11,PM10_24h,昭通,62.0
20170124,11,SO2,昭通,33.0
20170124,11,SO2_24h,昭通,20.0
20170124,11,NO2,昭通,27.0
20170124,11,NO2_24h,昭通,21.0
20170124,11,O3,昭通,51.0
20170124,11,O3_24h,昭通,104.0
20170124,11,O3_8h,昭通,60.0
20170124,11,O3_8h_24h,昭通,62.0
20170124,11,CO,昭通,1.2
20170124,11,CO_24h,昭通,1.0
20170124,12,AQI,昭通,66.0
20170124,12,PM2.5,昭通,48.0
20170124,12,PM2.5_24h,昭通,44.0
20170124,12,PM10,昭通,77.0
20170124,12,PM10_24h,昭通,63.0
20170124,12,SO2,昭通,39.0
20170124,12,SO2_24h,昭通,21.0
20170124,12,NO2,昭通,24.0
20170124,12,NO2_24h,昭通,20.0
20170124,12,O3,昭通,57.0
20170124,12,O3_24h,昭通,104.0
20170124,12,O3_8h,昭通,59.0
20170124,12,O3_8h_24h,昭通,62.0
20170124,12,CO,昭通,1.15
20170124,12,CO_24h,昭通,1.0
20170124,13,AQI,昭通,76.0
20170124,13,PM2.5,昭通,56.0
20170124,13,PM2.5_24h,昭通,44.0
20170124,13,PM10,昭通,78.0
20170124,13,PM10_24h,昭通,64.0
20170124,13,SO2,昭通,53.0
20170124,13,SO2_24h,昭通,21.0
20170124,13,NO2,昭通,24.0
20170124,13,NO2_24h,昭通,20.0
20170124,13,O3,昭通,68.0
20170124,13,O3_24h,昭通,104.0
20170124,13,O3_8h,昭通,59.0
20170124,13,O3_8h_24h,昭通,62.0
20170124,13,CO,昭通,1.2
20170124,13,CO_24h,昭通,1.0
20170124,14,AQI,昭通,75.0
20170124,14,PM2.5,昭通,55.0
20170124,14,PM2.5_24h,昭通,44.0
20170124,14,PM10,昭通,89.0
20170124,14,PM10_24h,昭通,64.0
20170124,14,SO2,昭通,35.0
20170124,14,SO2_24h,昭通,21.0
20170124,14,NO2,昭通,20.0
20170124,14,NO2_24h,昭通,20.0
20170124,14,O3,昭通,86.0
20170124,14,O3_24h,昭通,104.0
20170124,14,O3_8h,昭通,62.0
20170124,14,O3_8h_24h,昭通,64.0
20170124,14,CO,昭通,1.0
20170124,14,CO_24h,昭通,1.0
20170124,15,AQI,昭通,69.0
20170124,15,PM2.5,昭通,50.0
20170124,15,PM2.5_24h,昭通,44.0
20170124,15,PM10,昭通,58.0
20170124,15,PM10_24h,昭通,64.0
20170124,15,SO2,昭通,25.0
20170124,15,SO2_24h,昭通,21.0
20170124,15,NO2,昭通,18.0
20170124,15,NO2_24h,昭通,20.0
20170124,15,O3,昭通,93.0
20170124,15,O3_24h,昭通,104.0
20170124,15,O3_8h,昭通,66.0
20170124,15,O3_8h_24h,昭通,66.0
20170124,15,CO,昭通,0.85
20170124,15,CO_24h,昭通,0.95
20170124,16,AQI,昭通,61.0
20170124,16,PM2.5,昭通,44.0
20170124,16,PM2.5_24h,昭通,44.0
20170124,16,PM10,昭通,56.0
20170124,16,PM10_24h,昭通,64.0
20170124,16,SO2,昭通,20.0
20170124,16,SO2_24h,昭通,20.0
20170124,16,NO2,昭通,15.0
20170124,16,NO2_24h,昭通,20.0
20170124,16,O3,昭通,99.0
20170124,16,O3_24h,昭通,99.0
20170124,16,O3_8h,昭通,70.0
20170124,16,O3_8h_24h,昭通,70.0
20170124,16,CO,昭通,0.7
20170124,16,CO_24h,昭通,0.95
20170124,17,AQI,昭通,55.0
20170124,17,PM2.5,昭通,39.0
20170124,17,PM2.5_24h,昭通,44.0
20170124,17,PM10,昭通,57.0
20170124,17,PM10_24h,昭通,64.0
20170124,17,SO2,昭通,22.0
20170124,17,SO2_24h,昭通,20.0
20170124,17,NO2,昭通,16.0
20170124,17,NO2_24h,昭通,20.0
20170124,17,O3,昭通,101.0
20170124,17,O3_24h,昭通,102.0
20170124,17,O3_8h,昭通,76.0
20170124,17,O3_8h_24h,昭通,76.0
20170124,17,CO,昭通,0.8
20170124,17,CO_24h,昭通,0.95
20170124,18,AQI,昭通,57.0
20170124,18,PM2.5,昭通,37.0
20170124,18,PM2.5_24h,昭通,44.0
20170124,18,PM10,昭通,63.0
20170124,18,PM10_24h,昭通,63.0
20170124,18,SO2,昭通,17.0
20170124,18,SO2_24h,昭通,20.0
20170124,18,NO2,昭通,25.0
20170124,18,NO2_24h,昭通,20.0
20170124,18,O3,昭通,68.0
20170124,18,O3_24h,昭通,102.0
20170124,18,O3_8h,昭通,78.0
20170124,18,O3_8h_24h,昭通,78.0
20170124,18,CO,昭通,0.8
20170124,18,CO_24h,昭通,0.95
20170124,19,AQI,昭通,73.0
20170124,19,PM2.5,昭通,41.0
20170124,19,PM2.5_24h,昭通,44.0
20170124,19,PM10,昭通,95.0
20170124,19,PM10_24h,昭通,65.0
20170124,19,SO2,昭通,14.0
20170124,19,SO2_24h,昭通,19.0
20170124,19,NO2,昭通,25.0
20170124,19,NO2_24h,昭通,19.0
20170124,19,O3,昭通,65.0
20170124,19,O3_24h,昭通,102.0
20170124,19,O3_8h,昭通,80.0
20170124,19,O3_8h_24h,昭通,80.0
20170124,19,CO,昭通,1.0
20170124,19,CO_24h,昭通,0.95
20170124,20,AQI,昭通,94.0
20170124,20,PM2.5,昭通,70.0
20170124,20,PM2.5_24h,昭通,44.0
20170124,20,PM10,昭通,98.0
20170124,20,PM10_24h,昭通,64.0
20170124,20,SO2,昭通,13.0
20170124,20,SO2_24h,昭通,19.0
20170124,20,NO2,昭通,17.0
20170124,20,NO2_24h,昭通,19.0
20170124,20,O3,昭通,68.0
20170124,20,O3_24h,昭通,102.0
20170124,20,O3_8h,昭通,81.0
20170124,20,O3_8h_24h,昭通,81.0
20170124,20,CO,昭通,0.95
20170124,20,CO_24h,昭通,0.95
20170124,21,AQI,昭通,83.0
20170124,21,PM2.5,昭通,61.0
20170124,21,PM2.5_24h,昭通,44.0
20170124,21,PM10,昭通,62.0
20170124,21,PM10_24h,昭通,64.0
20170124,21,SO2,昭通,13.0
20170124,21,SO2_24h,昭通,19.0
20170124,21,NO2,昭通,16.0
20170124,21,NO2_24h,昭通,19.0
20170124,21,O3,昭通,66.0
20170124,21,O3_24h,昭通,102.0
20170124,21,O3_8h,昭通,81.0
20170124,21,O3_8h_24h,昭通,82.0
20170124,21,CO,昭通,0.85
20170124,21,CO_24h,昭通,0.95
20170124,22,AQI,昭通,75.0
20170124,22,PM2.5,昭通,55.0
20170124,22,PM2.5_24h,昭通,44.0
20170124,22,PM10,昭通,68.0
20170124,22,PM10_24h,昭通,63.0
20170124,22,SO2,昭通,14.0
20170124,22,SO2_24h,昭通,19.0
20170124,22,NO2,昭通,20.0
20170124,22,NO2_24h,昭通,18.0
20170124,22,O3,昭通,60.0
20170124,22,O3_24h,昭通,102.0
20170124,22,O3_8h,昭通,78.0
20170124,22,O3_8h_24h,昭通,82.0
20170124,22,CO,昭通,0.9
20170124,22,CO_24h,昭通,0.95
20170124,23,AQI,昭通,74.0
20170124,23,PM2.5,昭通,54.0
20170124,23,PM2.5_24h,昭通,44.0
20170124,23,PM10,昭通,70.0
20170124,23,PM10_24h,昭通,62.0
20170124,23,SO2,昭通,16.0
20170124,23,SO2_24h,昭通,19.0
20170124,23,NO2,昭通,22.0
20170124,23,NO2_24h,昭通,18.0
20170124,23,O3,昭通,57.0
20170124,23,O3_24h,昭通,102.0
20170124,23,O3_8h,昭通,73.0
20170124,23,O3_8h_24h,昭通,82.0
20170124,23,CO,昭通,0.95
20170124,23,CO_24h,昭通,0.95
20170124,0,AQI,丽江,27.0
20170124,0,PM2.5,丽江,8.0
20170124,0,PM2.5_24h,丽江,11.0
20170124,0,PM10,丽江,17.0
20170124,0,PM10_24h,丽江,17.0
20170124,0,SO2,丽江,6.0
20170124,0,SO2_24h,丽江,6.0
20170124,0,NO2,丽江,11.0
20170124,0,NO2_24h,丽江,13.0
20170124,0,O3,丽江,85.0
20170124,0,O3_24h,丽江,90.0
20170124,0,O3_8h,丽江,86.0
20170124,0,O3_8h_24h,丽江,88.0
20170124,0,CO,丽江,0.2
20170124,0,CO_24h,丽江,0.3
20170124,1,AQI,丽江,26.0
20170124,1,PM2.5,丽江,10.0
20170124,1,PM2.5_24h,丽江,11.0
20170124,1,PM10,丽江,22.0
20170124,1,PM10_24h,丽江,18.0
20170124,1,SO2,丽江,8.0
20170124,1,SO2_24h,丽江,8.0
20170124,1,NO2,丽江,9.0
20170124,1,NO2_24h,丽江,13.0
20170124,1,O3,丽江,83.0
20170124,1,O3_24h,丽江,90.0
20170124,1,O3_8h,丽江,83.0
20170124,1,O3_8h_24h,丽江,83.0
20170124,1,CO,丽江,0.2
20170124,1,CO_24h,丽江,0.3
20170124,2,AQI,丽江,25.0
20170124,2,PM2.5,丽江,10.0
20170124,2,PM2.5_24h,丽江,11.0
20170124,2,PM10,丽江,13.0
20170124,2,PM10_24h,丽江,17.0
20170124,2,SO2,丽江,5.0
20170124,2,SO2_24h,丽江,6.0
20170124,2,NO2,丽江,8.0
20170124,2,NO2_24h,丽江,13.0
20170124,2,O3,丽江,80.0
20170124,2,O3_24h,丽江,90.0
20170124,2,O3_8h,丽江,82.0
20170124,2,O3_8h_24h,丽江,83.0
20170124,2,CO,丽江,0.2
20170124,2,CO_24h,丽江,0.3
20170124,3,AQI,丽江,25.0
20170124,3,PM2.5,丽江,8.0
20170124,3,PM2.5_24h,丽江,11.0
20170124,3,PM10,丽江,14.0
20170124,3,PM10_24h,丽江,18.0
20170124,3,SO2,丽江,6.0
20170124,3,SO2_24h,丽江,6.0
20170124,3,NO2,丽江,6.0
20170124,3,NO2_24h,丽江,13.0
20170124,3,O3,丽江,81.0
20170124,3,O3_24h,丽江,90.0
20170124,3,O3_8h,丽江,81.0
20170124,3,O3_8h_24h,丽江,83.0
20170124,3,CO,丽江,0.2
20170124,3,CO_24h,丽江,0.3
20170124,4,AQI,丽江,27.0
20170124,4,PM2.5,丽江,11.0
20170124,4,PM2.5_24h,丽江,13.0
20170124,4,PM10,丽江,21.0
20170124,4,PM10_24h,丽江,20.0
20170124,4,SO2,丽江,8.0
20170124,4,SO2_24h,丽江,8.0
20170124,4,NO2,丽江,3.0
20170124,4,NO2_24h,丽江,11.0
20170124,4,O3,丽江,87.0
20170124,4,O3_24h,丽江,94.0
20170124,4,O3_8h,丽江,86.0
20170124,4,O3_8h_24h,丽江,87.0
20170124,4,CO,丽江,0.5
20170124,4,CO_24h,丽江,0.4
20170124,5,AQI,丽江,28.0
20170124,5,PM2.5,丽江,10.0
20170124,5,PM2.5_24h,丽江,12.0
20170124,5,PM10,丽江,23.0
20170124,5,PM10_24h,丽江,20.0
20170124,5,SO2,丽江,8.0
20170124,5,SO2_24h,丽江,8.0
20170124,5,NO2,丽江,2.0
20170124,5,NO2_24h,丽江,11.0
20170124,5,O3,丽江,88.0
20170124,5,O3_24h,丽江,94.0
20170124,5,O3_8h,丽江,87.0
20170124,5,O3_8h_24h,丽江,87.0
20170124,5,CO,丽江,0.45
20170124,5,CO_24h,丽江,0.4
20170124,6,AQI,丽江,27.0
20170124,6,PM2.5,丽江,13.0
20170124,6,PM2.5_24h,丽江,12.0
20170124,6,PM10,丽江,16.0
20170124,6,PM10_24h,丽江,20.0
20170124,6,SO2,丽江,8.0
20170124,6,SO2_24h,丽江,8.0
20170124,6,NO2,丽江,3.0
20170124,6,NO2_24h,丽江,11.0
20170124,6,O3,丽江,87.0
20170124,6,O3_24h,丽江,94.0
20170124,6,O3_8h,丽江,87.0
20170124,6,O3_8h_24h,丽江,87.0
20170124,6,CO,丽江,0.45
20170124,6,CO_24h,丽江,0.45
20170124,7,AQI,丽江,26.0
20170124,7,PM2.5,丽江,10.0
20170124,7,PM2.5_24h,丽江,12.0
20170124,7,PM10,丽江,24.0
20170124,7,PM10_24h,丽江,21.0
20170124,7,SO2,丽江,8.0
20170124,7,SO2_24h,丽江,8.0
20170124,7,NO2,丽江,7.0
20170124,7,NO2_24h,丽江,11.0
20170124,7,O3,丽江,82.0
20170124,7,O3_24h,丽江,94.0
20170124,7,O3_8h,丽江,85.0
20170124,7,O3_8h_24h,丽江,87.0
20170124,7,CO,丽江,0.55
20170124,7,CO_24h,丽江,0.45
20170124,8,AQI,丽江,25.0
20170124,8,PM2.5,丽江,9.0
20170124,8,PM2.5_24h,丽江,12.0
20170124,8,PM10,丽江,25.0
20170124,8,PM10_24h,丽江,21.0
20170124,8,SO2,丽江,9.0
20170124,8,SO2_24h,丽江,8.0
20170124,8,NO2,丽江,20.0
20170124,8,NO2_24h,丽江,11.0
20170124,8,O3,丽江,69.0
20170124,8,O3_24h,丽江,94.0
20170124,8,O3_8h,丽江,83.0
20170124,8,O3_8h_24h,丽江,87.0
20170124,8,CO,丽江,0.65
20170124,8,CO_24h,丽江,0.45
20170124,9,AQI,丽江,27.0
20170124,9,PM2.5,丽江,14.0
20170124,9,PM2.5_24h,丽江,10.0
20170124,9,PM10,丽江,27.0
20170124,9,PM10_24h,丽江,18.0
20170124,9,SO2,丽江,6.0
20170124,9,SO2_24h,丽江,6.0
20170124,9,NO2,丽江,25.0
20170124,9,NO2_24h,丽江,13.0
20170124,9,O3,丽江,59.0
20170124,9,O3_24h,丽江,90.0
20170124,9,O3_8h,丽江,76.0
20170124,9,O3_8h_24h,丽江,83.0
20170124,9,CO,丽江,0.5
20170124,9,CO_24h,丽江,0.3
20170124,10,AQI,丽江,21.0
20170124,10,PM2.5,丽江,13.0
20170124,10,PM2.5_24h,丽江,10.0
20170124,10,PM10,丽江,15.0
20170124,10,PM10_24h,丽江,17.0
20170124,10,SO2,丽江,6.0
20170124,10,SO2_24h,丽江,6.0
20170124,10,NO2,丽江,18.0
20170124,10,NO2_24h,丽江,13.0
20170124,10,O3,丽江,68.0
20170124,10,O3_24h,丽江,90.0
20170124,10,O3_8h,丽江,75.0
20170124,10,O3_8h_24h,丽江,83.0
20170124,10,CO,丽江,0.4
20170124,10,CO_24h,丽江,0.3
20170124,11,AQI,丽江,25.0
20170124,11,PM2.5,丽江,16.0
20170124,11,PM2.5_24h,丽江,12.0
20170124,11,PM10,丽江,16.0
20170124,11,PM10_24h,丽江,21.0
20170124,11,SO2,丽江,8.0
20170124,11,SO2_24h,丽江,8.0
20170124,11,NO2,丽江,13.0
20170124,11,NO2_24h,丽江,10.0
20170124,11,O3,丽江,79.0
20170124,11,O3_24h,丽江,94.0
20170124,11,O3_8h,丽江,80.0
20170124,11,O3_8h_24h,丽江,87.0
20170124,11,CO,丽江,0.55
20170124,11,CO_24h,丽江,0.45
20170124,12,AQI,丽江,26.0
20170124,12,PM2.5,丽江,13.0
20170124,12,PM2.5_24h,丽江,10.0
20170124,12,PM10,丽江,13.0
20170124,12,PM10_24h,丽江,17.0
20170124,12,SO2,丽江,6.0
20170124,12,SO2_24h,丽江,6.0
20170124,12,NO2,丽江,10.0
20170124,12,NO2_24h,丽江,12.0
20170124,12,O3,丽江,84.0
20170124,12,O3_24h,丽江,90.0
20170124,12,O3_8h,丽江,74.0
20170124,12,O3_8h_24h,丽江,83.0
20170124,12,CO,丽江,0.3
20170124,12,CO_24h,丽江,0.2
20170124,13,AQI,丽江,27.0
20170124,13,PM2.5,丽江,14.0
20170124,13,PM2.5_24h,丽江,10.0
20170124,13,PM10_24h,丽江,17.0
20170124,13,SO2,丽江,5.0
20170124,13,SO2_24h,丽江,6.0
20170124,13,NO2,丽江,10.0
20170124,13,NO2_24h,丽江,12.0
20170124,13,O3,丽江,87.0
20170124,13,O3_24h,丽江,90.0
20170124,13,O3_8h,丽江,74.0
20170124,13,O3_8h_24h,丽江,83.0
20170124,13,CO,丽江,0.3
20170124,13,CO_24h,丽江,0.3
20170124,14,AQI,丽江,28.0
20170124,14,PM2.5,丽江,10.0
20170124,14,PM2.5_24h,丽江,10.0
20170124,14,PM10,丽江,13.0
20170124,14,PM10_24h,丽江,17.0
20170124,14,SO2,丽江,5.0
20170124,14,SO2_24h,丽江,6.0
20170124,14,NO2,丽江,9.0
20170124,14,NO2_24h,丽江,12.0
20170124,14,O3,丽江,90.0
20170124,14,O3_24h,丽江,90.0
20170124,14,O3_8h,丽江,75.0
20170124,14,O3_8h_24h,丽江,83.0
20170124,14,CO,丽江,0.2
20170124,14,CO_24h,丽江,0.3
20170124,15,AQI,丽江,28.0
20170124,15,PM2.5,丽江,8.0
20170124,15,PM2.5_24h,丽江,10.0
20170124,15,PM10,丽江,14.0
20170124,15,PM10_24h,丽江,17.0
20170124,15,SO2,丽江,5.0
20170124,15,SO2_24h,丽江,6.0
20170124,15,NO2,丽江,8.0
20170124,15,NO2_24h,丽江,12.0
20170124,15,O3,丽江,90.0
20170124,15,O3_24h,丽江,90.0
20170124,15,O3_8h,丽江,76.0
20170124,15,O3_8h_24h,丽江,83.0
20170124,15,CO,丽江,0.2
20170124,15,CO_24h,丽江,0.3
20170124,16,AQI,丽江,28.0
20170124,16,PM2.5,丽江,10.0
20170124,16,PM2.5_24h,丽江,11.0
20170124,16,PM10,丽江,18.0
20170124,16,PM10_24h,丽江,21.0
20170124,16,SO2,丽江,7.0
20170124,16,SO2_24h,丽江,8.0
20170124,16,NO2,丽江,8.0
20170124,16,NO2_24h,丽江,9.0
20170124,16,O3,丽江,91.0
20170124,16,O3_24h,丽江,94.0
20170124,16,O3_8h,丽江,85.0
20170124,16,O3_8h_24h,丽江,87.0
20170124,16,CO,丽江,0.45
20170124,16,CO_24h,丽江,0.5
20170124,17,AQI,丽江,28.0
20170124,17,PM2.5,丽江,11.0
20170124,17,PM2.5_24h,丽江,11.0
20170124,17,PM10,丽江,17.0
20170124,17,PM10_24h,丽江,21.0
20170124,17,SO2,丽江,7.0
20170124,17,SO2_24h,丽江,8.0
20170124,17,NO2,丽江,9.0
20170124,17,NO2_24h,丽江,9.0
20170124,17,O3,丽江,90.0
20170124,17,O3_24h,丽江,93.0
20170124,17,O3_8h,丽江,88.0
20170124,17,O3_8h_24h,丽江,88.0
20170124,17,CO,丽江,0.4
20170124,17,CO_24h,丽江,0.55
20170124,18,AQI,丽江,28.0
20170124,18,PM2.5,丽江,8.0
20170124,18,PM2.5_24h,丽江,11.0
20170124,18,PM10,丽江,20.0
20170124,18,PM10_24h,丽江,21.0
20170124,18,SO2,丽江,7.0
20170124,18,SO2_24h,丽江,8.0
20170124,18,NO2,丽江,10.0
20170124,18,NO2_24h,丽江,9.0
20170124,18,O3,丽江,88.0
20170124,18,O3_24h,丽江,93.0
20170124,18,O3_8h,丽江,88.0
20170124,18,O3_8h_24h,丽江,88.0
20170124,18,CO,丽江,0.4
20170124,18,CO_24h,丽江,0.5
20170124,19,AQI,丽江,25.0
20170124,19,PM2.5,丽江,10.0
20170124,19,PM2.5_24h,丽江,11.0
20170124,19,PM10,丽江,19.0
20170124,19,PM10_24h,丽江,21.0
20170124,19,SO2,丽江,8.0
20170124,19,SO2_24h,丽江,8.0
20170124,19,NO2,丽江,18.0
20170124,19,NO2_24h,丽江,10.0
20170124,19,O3,丽江,79.0
20170124,19,O3_24h,丽江,93.0
20170124,19,O3_8h,丽江,89.0
20170124,19,O3_8h_24h,丽江,89.0
20170124,19,CO,丽江,0.5
20170124,19,CO_24h,丽江,0.5
20170124,20,AQI,丽江,25.0
20170124,20,PM2.5,丽江,10.0
20170124,20,PM2.5_24h,丽江,10.0
20170124,20,PM10,丽江,25.0
20170124,20,PM10_24h,丽江,17.0
20170124,20,SO2,丽江,8.0
20170124,20,SO2_24h,丽江,6.0
20170124,20,NO2,丽江,36.0
20170124,20,NO2_24h,丽江,14.0
20170124,20,O3,丽江,57.0
20170124,20,O3_24h,丽江,90.0
20170124,20,O3_8h,丽江,81.0
20170124,20,O3_8h_24h,丽江,84.0
20170124,20,CO,丽江,0.6
20170124,20,CO_24h,丽江,0.3
20170124,21,AQI,丽江,26.0
20170124,21,PM2.5,丽江,8.0
20170124,21,PM2.5_24h,丽江,10.0
20170124,21,PM10,丽江,26.0
20170124,21,PM10_24h,丽江,17.0
20170124,21,SO2,丽江,7.0
20170124,21,SO2_24h,丽江,6.0
20170124,21,NO2,丽江,27.0
20170124,21,NO2_24h,丽江,14.0
20170124,21,O3,丽江,62.0
20170124,21,O3_24h,丽江,90.0
20170124,21,O3_8h,丽江,78.0
20170124,21,O3_8h_24h,丽江,84.0
20170124,21,CO,丽江,0.5
20170124,21,CO_24h,丽江,0.3
20170124,22,AQI,丽江,31.0
20170124,22,PM2.5,丽江,17.0
20170124,22,PM2.5_24h,丽江,12.0
20170124,22,PM10,丽江,31.0
20170124,22,PM10_24h,丽江,22.0
20170124,22,SO2,丽江,11.0
20170124,22,SO2_24h,丽江,8.0
20170124,22,NO2,丽江,17.0
20170124,22,NO2_24h,丽江,11.0
20170124,22,O3,丽江,72.0
20170124,22,O3_24h,丽江,93.0
20170124,22,O3_8h,丽江,82.0
20170124,22,O3_8h_24h,丽江,89.0
20170124,22,CO,丽江,0.7
20170124,22,CO_24h,丽江,0.55
20170124,23,AQI,丽江,25.0
20170124,23,PM2.5,丽江,17.0
20170124,23,PM2.5_24h,丽江,12.0
20170124,23,PM10,丽江,23.0
20170124,23,PM10_24h,丽江,22.0
20170124,23,SO2,丽江,7.0
20170124,23,SO2_24h,丽江,8.0
20170124,23,NO2,丽江,11.0
20170124,23,NO2_24h,丽江,11.0
20170124,23,O3,丽江,80.0
20170124,23,O3_24h,丽江,93.0
20170124,23,O3_8h,丽江,81.0
20170124,23,O3_8h_24h,丽江,89.0
20170124,23,CO,丽江,0.6
20170124,23,CO_24h,丽江,0.55
20170124,0,AQI,普洱,43.0
20170124,0,PM2.5,普洱,28.0
20170124,0,PM2.5_24h,普洱,21.0
20170124,0,PM10,普洱,43.0
20170124,0,PM10_24h,普洱,31.0
20170124,0,SO2,普洱,3.0
20170124,0,SO2_24h,普洱,3.0
20170124,0,NO2,普洱,5.0
20170124,0,NO2_24h,普洱,11.0
20170124,0,O3,普洱,45.0
20170124,0,O3_24h,普洱,76.0
20170124,0,O3_8h,普洱,56.0
20170124,0,O3_8h_24h,普洱,70.0
20170124,0,CO,普洱,0.55
20170124,0,CO_24h,普洱,0.6
20170124,1,AQI,普洱,38.0
20170124,1,PM2.5,普洱,25.0
20170124,1,PM2.5_24h,普洱,21.0
20170124,1,PM10,普洱,38.0
20170124,1,PM10_24h,普洱,30.0
20170124,1,SO2,普洱,3.0
20170124,1,SO2_24h,普洱,3.0
20170124,1,NO2,普洱,5.0
20170124,1,NO2_24h,普洱,10.0
20170124,1,O3,普洱,42.0
20170124,1,O3_24h,普洱,76.0
20170124,1,O3_8h,普洱,42.0
20170124,1,O3_8h_24h,普洱,42.0
20170124,1,CO,普洱,0.55
20170124,1,CO_24h,普洱,0.6
20170124,2,AQI,普洱,34.0
20170124,2,PM2.5,普洱,23.0
20170124,2,PM2.5_24h,普洱,20.0
20170124,2,PM10,普洱,34.0
20170124,2,PM10_24h,普洱,30.0
20170124,2,SO2,普洱,3.0
20170124,2,SO2_24h,普洱,3.0
20170124,2,NO2,普洱,4.0
20170124,2,NO2_24h,普洱,10.0
20170124,2,O3,普洱,42.0
20170124,2,O3_24h,普洱,76.0
20170124,2,O3_8h,普洱,42.0
20170124,2,O3_8h_24h,普洱,42.0
20170124,2,CO,普洱,0.55
20170124,2,CO_24h,普洱,0.6
20170124,3,AQI,普洱,36.0
20170124,3,PM2.5,普洱,20.0
20170124,3,PM2.5_24h,普洱,21.0
20170124,3,PM10,普洱,36.0
20170124,3,PM10_24h,普洱,30.0
20170124,3,SO2,普洱,3.0
20170124,3,SO2_24h,普洱,3.0
20170124,3,NO2,普洱,3.0
20170124,3,NO2_24h,普洱,9.0
20170124,3,O3,普洱,43.0
20170124,3,O3_24h,普洱,76.0
20170124,3,O3_8h,普洱,42.0
20170124,3,O3_8h_24h,普洱,42.0
20170124,3,CO,普洱,0.55
20170124,3,CO_24h,普洱,0.55
20170124,4,AQI,普洱,30.0
20170124,4,PM2.5,普洱,21.0
20170124,4,PM2.5_24h,普洱,20.0
20170124,4,PM10,普洱,28.0
20170124,4,PM10_24h,普洱,30.0
20170124,4,SO2,普洱,3.0
20170124,4,SO2_24h,普洱,3.0
20170124,4,NO2,普洱,3.0
20170124,4,NO2_24h,普洱,8.0
20170124,4,O3,普洱,42.0
20170124,4,O3_24h,普洱,76.0
20170124,4,O3_8h,普洱,42.0
20170124,4,O3_8h_24h,普洱,42.0
20170124,4,CO,普洱,0.55
20170124,4,CO_24h,普洱,0.55
20170124,5,AQI,普洱,30.0
20170124,5,PM2.5,普洱,19.0
20170124,5,PM2.5_24h,普洱,20.0
20170124,5,PM10,普洱,30.0
20170124,5,PM10_24h,普洱,29.0
20170124,5,SO2,普洱,3.0
20170124,5,SO2_24h,普洱,3.0
20170124,5,NO2,普洱,6.0
20170124,5,NO2_24h,普洱,8.0
20170124,5,O3,普洱,35.0
20170124,5,O3_24h,普洱,76.0
20170124,5,O3_8h,普洱,41.0
20170124,5,O3_8h_24h,普洱,42.0
20170124,5,CO,普洱,0.55
20170124,5,CO_24h,普洱,0.55
20170124,6,AQI,普洱,26.0
20170124,6,PM2.5,普洱,15.0
20170124,6,PM2.5_24h,普洱,20.0
20170124,6,PM10,普洱,26.0
20170124,6,PM10_24h,普洱,30.0
20170124,6,SO2,普洱,3.0
20170124,6,SO2_24h,普洱,3.0
20170124,6,NO2,普洱,5.0
20170124,6,NO2_24h,普洱,8.0
20170124,6,O3,普洱,35.0
20170124,6,O3_24h,普洱,76.0
20170124,6,O3_8h,普洱,40.0
20170124,6,O3_8h_24h,普洱,42.0
20170124,6,CO,普洱,0.55
20170124,6,CO_24h,普洱,0.55
20170124,7,AQI,普洱,24.0
20170124,7,PM2.5,普洱,17.0
20170124,7,PM2.5_24h,普洱,19.0
20170124,7,PM10,普洱,21.0
20170124,7,PM10_24h,普洱,29.0
20170124,7,SO2,普洱,3.0
20170124,7,SO2_24h,普洱,3.0
20170124,7,NO2,普洱,6.0
20170124,7,NO2_24h,普洱,8.0
20170124,7,O3,普洱,35.0
20170124,7,O3_24h,普洱,76.0
20170124,7,O3_8h,普洱,39.0
20170124,7,O3_8h_24h,普洱,42.0
20170124,7,CO,普洱,0.6
20170124,7,CO_24h,普洱,0.55
20170124,8,AQI,普洱,32.0
20170124,8,PM2.5,普洱,20.0
20170124,8,PM2.5_24h,普洱,20.0
20170124,8,PM10,普洱,32.0
20170124,8,PM10_24h,普洱,29.0
20170124,8,SO2,普洱,3.0
20170124,8,SO2_24h,普洱,3.0
20170124,8,NO2,普洱,11.0
20170124,8,NO2_24h,普洱,7.0
20170124,8,O3,普洱,27.0
20170124,8,O3_24h,普洱,76.0
20170124,8,O3_8h,普洱,38.0
20170124,8,O3_8h_24h,普洱,42.0
20170124,8,CO,普洱,0.65
20170124,8,CO_24h,普洱,0.55
20170124,9,AQI,普洱,34.0
20170124,9,PM2.5,普洱,21.0
20170124,9,PM2.5_24h,普洱,19.0
20170124,9,PM10,普洱,34.0
20170124,9,PM10_24h,普洱,29.0
20170124,9,SO2,普洱,3.0
20170124,9,SO2_24h,普洱,3.0
20170124,9,NO2,普洱,14.0
20170124,9,NO2_24h,普洱,7.0
20170124,9,O3,普洱,23.0
20170124,9,O3_24h,普洱,76.0
20170124,9,O3_8h,普洱,35.0
20170124,9,O3_8h_24h,普洱,42.0
20170124,9,CO,普洱,0.7
20170124,9,CO_24h,普洱,0.55
20170124,10,AQI,普洱,37.0
20170124,10,PM2.5,普洱,26.0
20170124,10,PM2.5_24h,普洱,20.0
20170124,10,PM10,普洱,34.0
20170124,10,PM10_24h,普洱,29.0
20170124,10,SO2,普洱,3.0
20170124,10,SO2_24h,普洱,3.0
20170124,10,NO2,普洱,11.0
20170124,10,NO2_24h,普洱,7.0
20170124,10,O3,普洱,28.0
20170124,10,O3_24h,普洱,76.0
20170124,10,O3_8h,普洱,33.0
20170124,10,O3_8h_24h,普洱,42.0
20170124,10,CO,普洱,0.7
20170124,10,CO_24h,普洱,0.55
20170124,11,AQI,普洱,43.0
20170124,11,PM2.5,普洱,25.0
20170124,11,PM2.5_24h,普洱,19.0
20170124,11,PM10,普洱,43.0
20170124,11,PM10_24h,普洱,29.0
20170124,11,SO2,普洱,3.0
20170124,11,SO2_24h,普洱,3.0
20170124,11,NO2,普洱,8.0
20170124,11,NO2_24h,普洱,7.0
20170124,11,O3,普洱,43.0
20170124,11,O3_24h,普洱,76.0
20170124,11,O3_8h,普洱,33.0
20170124,11,O3_8h_24h,普洱,42.0
20170124,11,CO,普洱,0.6
20170124,11,CO_24h,普洱,0.55
20170124,12,AQI,普洱,27.0
20170124,12,PM2.5,普洱,19.0
20170124,12,PM2.5_24h,普洱,19.0
20170124,12,PM10,普洱,24.0
20170124,12,PM10_24h,普洱,28.0
20170124,12,SO2,普洱,3.0
20170124,12,SO2_24h,普洱,3.0
20170124,12,NO2,普洱,6.0
20170124,12,NO2_24h,普洱,7.0
20170124,12,O3,普洱,52.0
20170124,12,O3_24h,普洱,76.0
20170124,12,O3_8h,普洱,35.0
20170124,12,O3_8h_24h,普洱,42.0
20170124,12,CO,普洱,0.6
20170124,12,CO_24h,普洱,0.55
20170124,13,AQI,普洱,25.0
20170124,13,PM2.5,普洱,10.0
20170124,13,PM2.5_24h,普洱,19.0
20170124,13,PM10,普洱,25.0
20170124,13,PM10_24h,普洱,28.0
20170124,13,SO2,普洱,3.0
20170124,13,SO2_24h,普洱,3.0
20170124,13,NO2,普洱,5.0
20170124,13,NO2_24h,普洱,7.0
20170124,13,O3,普洱,62.0
20170124,13,O3_24h,普洱,76.0
20170124,13,O3_8h,普洱,38.0
20170124,13,O3_8h_24h,普洱,42.0
20170124,13,CO,普洱,0.6
20170124,13,CO_24h,普洱,0.55
20170124,14,AQI,普洱,22.0
20170124,14,PM2.5,普洱,6.0
20170124,14,PM2.5_24h,普洱,19.0
20170124,14,PM10,普洱,22.0
20170124,14,PM10_24h,普洱,28.0
20170124,14,SO2,普洱,3.0
20170124,14,SO2_24h,普洱,3.0
20170124,14,NO2,普洱,4.0
20170124,14,NO2_24h,普洱,7.0
20170124,14,O3,普洱,70.0
20170124,14,O3_24h,普洱,76.0
20170124,14,O3_8h,普洱,42.0
20170124,14,O3_8h_24h,普洱,44.0
20170124,14,CO,普洱,0.55
20170124,14,CO_24h,普洱,0.55
20170124,15,AQI,普洱,24.0
20170124,15,PM2.5,普洱,6.0
20170124,15,PM2.5_24h,普洱,19.0
20170124,15,PM10,普洱,22.0
20170124,15,PM10_24h,普洱,27.0
20170124,15,SO2,普洱,3.0
20170124,15,SO2_24h,普洱,3.0
20170124,15,NO2,普洱,4.0
20170124,15,NO2_24h,普洱,7.0
20170124,15,O3,普洱,76.0
20170124,15,O3_24h,普洱,76.0
20170124,15,O3_8h,普洱,47.0
20170124,15,O3_8h_24h,普洱,47.0
20170124,15,CO,普洱,0.55
20170124,15,CO_24h,普洱,0.55
20170124,16,AQI,普洱,24.0
20170124,16,PM2.5,普洱,7.0
20170124,16,PM2.5_24h,普洱,18.0
20170124,16,PM10,普洱,22.0
20170124,16,PM10_24h,普洱,27.0
20170124,16,SO2,普洱,3.0
20170124,16,SO2_24h,普洱,3.0
20170124,16,NO2,普洱,4.0
20170124,16,NO2_24h,普洱,7.0
20170124,16,O3,普洱,78.0
20170124,16,O3_24h,普洱,78.0
20170124,16,O3_8h,普洱,54.0
20170124,16,O3_8h_24h,普洱,54.0
20170124,16,CO,普洱,0.55
20170124,16,CO_24h,普洱,0.55
20170124,17,AQI,普洱,25.0
20170124,17,PM2.5,普洱,7.0
20170124,17,PM2.5_24h,普洱,18.0
20170124,17,PM10,普洱,18.0
20170124,17,PM10_24h,普洱,27.0
20170124,17,SO2,普洱,3.0
20170124,17,SO2_24h,普洱,3.0
20170124,17,NO2,普洱,5.0
20170124,17,NO2_24h,普洱,7.0
20170124,17,O3,普洱,79.0
20170124,17,O3_24h,普洱,79.0
20170124,17,O3_8h,普洱,61.0
20170124,17,O3_8h_24h,普洱,61.0
20170124,17,CO,普洱,0.55
20170124,17,CO_24h,普洱,0.55
20170124,18,AQI,普洱,25.0
20170124,18,PM2.5,普洱,14.0
20170124,18,PM2.5_24h,普洱,18.0
20170124,18,PM10,普洱,23.0
20170124,18,PM10_24h,普洱,28.0
20170124,18,SO2,普洱,3.0
20170124,18,SO2_24h,普洱,3.0
20170124,18,NO2,普洱,6.0
20170124,18,NO2_24h,普洱,7.0
20170124,18,O3,普洱,79.0
20170124,18,O3_24h,普洱,79.0
20170124,18,O3_8h,普洱,67.0
20170124,18,O3_8h_24h,普洱,67.0
20170124,18,CO,普洱,0.55
20170124,18,CO_24h,普洱,0.55
20170124,19,AQI,普洱,25.0
20170124,19,PM2.5,普洱,14.0
20170124,19,PM2.5_24h,普洱,18.0
20170124,19,PM10,普洱,25.0
20170124,19,PM10_24h,普洱,27.0
20170124,19,SO2,普洱,3.0
20170124,19,SO2_24h,普洱,3.0
20170124,19,NO2,普洱,9.0
20170124,19,NO2_24h,普洱,7.0
20170124,19,O3,普洱,69.0
20170124,19,O3_24h,普洱,79.0
20170124,19,O3_8h,普洱,71.0
20170124,19,O3_8h_24h,普洱,71.0
20170124,19,CO,普洱,0.65
20170124,19,CO_24h,普洱,0.55
20170124,20,AQI,普洱,41.0
20170124,20,PM2.5,普洱,22.0
20170124,20,PM2.5_24h,普洱,19.0
20170124,20,PM10,普洱,41.0
20170124,20,PM10_24h,普洱,28.0
20170124,20,SO2,普洱,3.0
20170124,20,SO2_24h,普洱,3.0
20170124,20,NO2,普洱,16.0
20170124,20,NO2_24h,普洱,7.0
20170124,20,O3,普洱,46.0
20170124,20,O3_24h,普洱,79.0
20170124,20,O3_8h,普洱,70.0
20170124,20,O3_8h_24h,普洱,71.0
20170124,20,CO,普洱,0.7
20170124,20,CO_24h,普洱,0.55
20170124,21,AQI,普洱,63.0
20170124,21,PM2.5,普洱,35.0
20170124,21,PM2.5_24h,普洱,19.0
20170124,21,PM10,普洱,75.0
20170124,21,PM10_24h,普洱,28.0
20170124,21,SO2,普洱,3.0
20170124,21,SO2_24h,普洱,3.0
20170124,21,NO2,普洱,18.0
20170124,21,NO2_24h,普洱,8.0
20170124,21,O3,普洱,37.0
20170124,21,O3_24h,普洱,79.0
20170124,21,O3_8h,普洱,67.0
20170124,21,O3_8h_24h,普洱,71.0
20170124,21,CO,普洱,0.75
20170124,21,CO_24h,普洱,0.55
20170124,22,AQI,普洱,51.0
20170124,22,PM2.5,普洱,35.0
20170124,22,PM2.5_24h,普洱,19.0
20170124,22,PM10,普洱,51.0
20170124,22,PM10_24h,普洱,29.0
20170124,22,SO2,普洱,3.0
20170124,22,SO2_24h,普洱,3.0
20170124,22,NO2,普洱,14.0
20170124,22,NO2_24h,普洱,8.0
20170124,22,O3,普洱,35.0
20170124,22,O3_24h,普洱,79.0
20170124,22,O3_8h,普洱,62.0
20170124,22,O3_8h_24h,普洱,71.0
20170124,22,CO,普洱,0.75
20170124,22,CO_24h,普洱,0.65
20170124,23,AQI,普洱,54.0
20170124,23,PM2.5,普洱,35.0
20170124,23,PM2.5_24h,普洱,20.0
20170124,23,PM10,普洱,57.0
20170124,23,PM10_24h,普洱,29.0
20170124,23,SO2,普洱,3.0
20170124,23,SO2_24h,普洱,3.0
20170124,23,NO2,普洱,13.0
20170124,23,NO2_24h,普洱,8.0
20170124,23,O3,普洱,34.0
20170124,23,O3_24h,普洱,79.0
20170124,23,O3_8h,普洱,57.0
20170124,23,O3_8h_24h,普洱,71.0
20170124,23,CO,普洱,0.7
20170124,23,CO_24h,普洱,0.65
20170124,0,AQI,临沧,53.0
20170124,0,PM2.5,临沧,28.0
20170124,0,PM2.5_24h,临沧,30.0
20170124,0,PM10,临沧,55.0
20170124,0,PM10_24h,临沧,44.0
20170124,0,SO2,临沧,23.0
20170124,0,SO2_24h,临沧,25.0
20170124,0,NO2,临沧,28.0
20170124,0,NO2_24h,临沧,19.0
20170124,0,O3,临沧,24.0
20170124,0,O3_24h,临沧,97.0
20170124,0,O3_8h,临沧,50.0
20170124,0,O3_8h_24h,临沧,80.0
20170124,0,CO,临沧,1.35
20170124,0,CO_24h,临沧,1.2
20170124,1,AQI,临沧,52.0
20170124,1,PM2.5,临沧,29.0
20170124,1,PM2.5_24h,临沧,29.0
20170124,1,PM10,临沧,54.0
20170124,1,PM10_24h,临沧,45.0
20170124,1,SO2,临沧,23.0
20170124,1,SO2_24h,临沧,25.0
20170124,1,NO2,临沧,23.0
20170124,1,NO2_24h,临沧,19.0
20170124,1,O3,临沧,24.0
20170124,1,O3_24h,临沧,97.0
20170124,1,O3_8h,临沧,24.0
20170124,1,O3_8h_24h,临沧,24.0
20170124,1,CO,临沧,1.25
20170124,1,CO_24h,临沧,1.2
20170124,2,AQI,临沧,46.0
20170124,2,PM2.5,临沧,28.0
20170124,2,PM2.5_24h,临沧,29.0
20170124,2,PM10,临沧,46.0
20170124,2,PM10_24h,临沧,45.0
20170124,2,SO2,临沧,21.0
20170124,2,SO2_24h,临沧,25.0
20170124,2,NO2,临沧,14.0
20170124,2,NO2_24h,临沧,18.0
20170124,2,O3,临沧,28.0
20170124,2,O3_24h,临沧,97.0
20170124,2,O3_8h,临沧,26.0
20170124,2,O3_8h_24h,临沧,26.0
20170124,2,CO,临沧,1.1
20170124,2,CO_24h,临沧,1.2
20170124,3,AQI,临沧,40.0
20170124,3,PM2.5,临沧,28.0
20170124,3,PM2.5_24h,临沧,28.0
20170124,3,PM10,临沧,37.0
20170124,3,PM10_24h,临沧,44.0
20170124,3,SO2,临沧,21.0
20170124,3,SO2_24h,临沧,25.0
20170124,3,NO2,临沧,13.0
20170124,3,NO2_24h,临沧,18.0
20170124,3,O3,临沧,27.0
20170124,3,O3_24h,临沧,97.0
20170124,3,O3_8h,临沧,26.0
20170124,3,O3_8h_24h,临沧,27.0
20170124,3,CO,临沧,1.05
20170124,3,CO_24h,临沧,1.2
20170124,4,AQI,临沧,40.0
20170124,4,PM2.5,临沧,24.0
20170124,4,PM2.5_24h,临沧,28.0
20170124,4,PM10,临沧,40.0
20170124,4,PM10_24h,临沧,45.0
20170124,4,SO2,临沧,21.0
20170124,4,SO2_24h,临沧,24.0
20170124,4,NO2,临沧,11.0
20170124,4,NO2_24h,临沧,18.0
20170124,4,O3,临沧,25.0
20170124,4,O3_24h,临沧,97.0
20170124,4,O3_8h,临沧,26.0
20170124,4,O3_8h_24h,临沧,27.0
20170124,4,CO,临沧,1.05
20170124,4,CO_24h,临沧,1.2
20170124,5,AQI,临沧,39.0
20170124,5,PM2.5,临沧,27.0
20170124,5,PM2.5_24h,临沧,28.0
20170124,5,PM10,临沧,27.0
20170124,5,PM10_24h,临沧,45.0
20170124,5,SO2,临沧,21.0
20170124,5,SO2_24h,临沧,24.0
20170124,5,NO2,临沧,11.0
20170124,5,NO2_24h,临沧,17.0
20170124,5,O3,临沧,24.0
20170124,5,O3_24h,临沧,97.0
20170124,5,O3_8h,临沧,26.0
20170124,5,O3_8h_24h,临沧,27.0
20170124,5,CO,临沧,1.05
20170124,5,CO_24h,临沧,1.2
20170124,6,AQI,临沧,34.0
20170124,6,PM2.5,临沧,24.0
20170124,6,PM2.5_24h,临沧,28.0
20170124,6,PM10,临沧,16.0
20170124,6,PM10_24h,临沧,45.0
20170124,6,SO2,临沧,21.0
20170124,6,SO2_24h,临沧,24.0
20170124,6,NO2,临沧,10.0
20170124,6,NO2_24h,临沧,17.0
20170124,6,O3,临沧,22.0
20170124,6,O3_24h,临沧,97.0
20170124,6,O3_8h,临沧,25.0
20170124,6,O3_8h_24h,临沧,27.0
20170124,6,CO,临沧,1.05
20170124,6,CO_24h,临沧,1.2
20170124,7,AQI,临沧,29.0
20170124,7,PM2.5,临沧,20.0
20170124,7,PM2.5_24h,临沧,27.0
20170124,7,PM10,临沧,28.0
20170124,7,PM10_24h,临沧,44.0
20170124,7,SO2,临沧,22.0
20170124,7,SO2_24h,临沧,24.0
20170124,7,NO2,临沧,13.0
20170124,7,NO2_24h,临沧,17.0
20170124,7,O3,临沧,17.0
20170124,7,O3_24h,临沧,97.0
20170124,7,O3_8h,临沧,24.0
20170124,7,O3_8h_24h,临沧,27.0
20170124,7,CO,临沧,1.1
20170124,7,CO_24h,临沧,1.2
20170124,8,AQI,临沧,36.0
20170124,8,PM2.5,临沧,18.0
20170124,8,PM2.5_24h,临沧,27.0
20170124,8,PM10,临沧,36.0
20170124,8,PM10_24h,临沧,44.0
20170124,8,SO2,临沧,23.0
20170124,8,SO2_24h,临沧,24.0
20170124,8,NO2,临沧,16.0
20170124,8,NO2_24h,临沧,17.0
20170124,8,O3,临沧,13.0
20170124,8,O3_24h,临沧,97.0
20170124,8,O3_8h,临沧,23.0
20170124,8,O3_8h_24h,临沧,27.0
20170124,8,CO,临沧,1.15
20170124,8,CO_24h,临沧,1.2
20170124,9,AQI,临沧,34.0
20170124,9,PM2.5,临沧,24.0
20170124,9,PM2.5_24h,临沧,27.0
20170124,9,PM10,临沧,34.0
20170124,9,PM10_24h,临沧,44.0
20170124,9,SO2,临沧,26.0
20170124,9,SO2_24h,临沧,24.0
20170124,9,NO2,临沧,20.0
20170124,9,NO2_24h,临沧,17.0
20170124,9,O3,临沧,10.0
20170124,9,O3_24h,临沧,97.0
20170124,9,O3_8h,临沧,21.0
20170124,9,O3_8h_24h,临沧,27.0
20170124,9,CO,临沧,1.35
20170124,9,CO_24h,临沧,1.2
20170124,10,AQI,临沧,46.0
20170124,10,PM2.5,临沧,25.0
20170124,10,PM2.5_24h,临沧,28.0
20170124,10,PM10,临沧,46.0
20170124,10,PM10_24h,临沧,45.0
20170124,10,SO2,临沧,31.0
20170124,10,SO2_24h,临沧,24.0
20170124,10,NO2,临沧,23.0
20170124,10,NO2_24h,临沧,17.0
20170124,10,O3,临沧,15.0
20170124,10,O3_24h,临沧,97.0
20170124,10,O3_8h,临沧,19.0
20170124,10,O3_8h_24h,临沧,27.0
20170124,10,CO,临沧,1.45
20170124,10,CO_24h,临沧,1.2
20170124,11,AQI,临沧,56.0
20170124,11,PM2.5,临沧,31.0
20170124,11,PM2.5_24h,临沧,28.0
20170124,11,PM10,临沧,62.0
20170124,11,PM10_24h,临沧,46.0
20170124,11,SO2,临沧,32.0
20170124,11,SO2_24h,临沧,24.0
20170124,11,NO2,临沧,29.0
20170124,11,NO2_24h,临沧,17.0
20170124,11,O3,临沧,27.0
20170124,11,O3_24h,临沧,97.0
20170124,11,O3_8h,临沧,19.0
20170124,11,O3_8h_24h,临沧,27.0
20170124,11,CO,临沧,1.7
20170124,11,CO_24h,临沧,1.2
20170124,12,AQI,临沧,60.0
20170124,12,PM2.5,临沧,37.0
20170124,12,PM2.5_24h,临沧,28.0
20170124,12,PM10,临沧,70.0
20170124,12,PM10_24h,临沧,47.0
20170124,12,SO2,临沧,31.0
20170124,12,SO2_24h,临沧,24.0
20170124,12,NO2,临沧,27.0
20170124,12,NO2_24h,临沧,18.0
20170124,12,O3,临沧,46.0
20170124,12,O3_24h,临沧,97.0
20170124,12,O3_8h,临沧,22.0
20170124,12,O3_8h_24h,临沧,27.0
20170124,12,CO,临沧,1.55
20170124,12,CO_24h,临沧,1.2
20170124,13,AQI,临沧,61.0
20170124,13,PM2.5,临沧,36.0
20170124,13,PM2.5_24h,临沧,29.0
20170124,13,PM10,临沧,72.0
20170124,13,PM10_24h,临沧,48.0
20170124,13,SO2,临沧,26.0
20170124,13,SO2_24h,临沧,24.0
20170124,13,NO2,临沧,20.0
20170124,13,NO2_24h,临沧,17.0
20170124,13,O3,临沧,74.0
20170124,13,O3_24h,临沧,97.0
20170124,13,O3_8h,临沧,28.0
20170124,13,O3_8h_24h,临沧,28.0
20170124,13,CO,临沧,1.4
20170124,13,CO_24h,临沧,1.2
20170124,14,AQI,临沧,52.0
20170124,14,PM2.5,临沧,32.0
20170124,14,PM2.5_24h,临沧,29.0
20170124,14,PM10,临沧,53.0
20170124,14,PM10_24h,临沧,48.0
20170124,14,SO2,临沧,19.0
20170124,14,SO2_24h,临沧,24.0
20170124,14,NO2,临沧,6.0
20170124,14,NO2_24h,临沧,17.0
20170124,14,O3,临沧,82.0
20170124,14,O3_24h,临沧,97.0
20170124,14,O3_8h,临沧,35.0
20170124,14,O3_8h_24h,临沧,35.0
20170124,14,CO,临沧,0.95
20170124,14,CO_24h,临沧,1.2
20170124,15,AQI,临沧,46.0
20170124,15,PM2.5,临沧,20.0
20170124,15,PM2.5_24h,临沧,29.0
20170124,15,PM10,临沧,46.0
20170124,15,PM10_24h,临沧,48.0
20170124,15,SO2,临沧,17.0
20170124,15,SO2_24h,临沧,24.0
20170124,15,NO2,临沧,4.0
20170124,15,NO2_24h,临沧,17.0
20170124,15,O3,临沧,82.0
20170124,15,O3_24h,临沧,97.0
20170124,15,O3_8h,临沧,44.0
20170124,15,O3_8h_24h,临沧,44.0
20170124,15,CO,临沧,0.95
20170124,15,CO_24h,临沧,1.2
20170124,16,AQI,临沧,26.0
20170124,16,PM2.5,临沧,16.0
20170124,16,PM2.5_24h,临沧,28.0
20170124,16,PM10,临沧,22.0
20170124,16,PM10_24h,临沧,48.0
20170124,16,SO2,临沧,17.0
20170124,16,SO2_24h,临沧,23.0
20170124,16,NO2,临沧,4.0
20170124,16,NO2_24h,临沧,17.0
20170124,16,O3,临沧,83.0
20170124,16,O3_24h,临沧,85.0
20170124,16,O3_8h,临沧,52.0
20170124,16,O3_8h_24h,临沧,52.0
20170124,16,CO,临沧,0.95
20170124,16,CO_24h,临沧,1.2
20170124,17,AQI,临沧,30.0
20170124,17,PM2.5,临沧,21.0
20170124,17,PM2.5_24h,临沧,28.0
20170124,17,PM10,临沧,25.0
20170124,17,PM10_24h,临沧,47.0
20170124,17,SO2,临沧,17.0
20170124,17,SO2_24h,临沧,23.0
20170124,17,NO2,临沧,4.0
20170124,17,NO2_24h,临沧,17.0
20170124,17,O3,临沧,84.0
20170124,17,O3_24h,临沧,84.0
20170124,17,O3_8h,临沧,62.0
20170124,17,O3_8h_24h,临沧,62.0
20170124,17,CO,临沧,0.9
20170124,17,CO_24h,临沧,1.2
20170124,18,AQI,临沧,27.0
20170124,18,PM2.5,临沧,13.0
20170124,18,PM2.5_24h,临沧,28.0
20170124,18,PM10,临沧,24.0
20170124,18,PM10_24h,临沧,46.0
20170124,18,SO2,临沧,17.0
20170124,18,SO2_24h,临沧,23.0
20170124,18,NO2,临沧,4.0
20170124,18,NO2_24h,临沧,17.0
20170124,18,O3,临沧,87.0
20170124,18,O3_24h,临沧,87.0
20170124,18,O3_8h,临沧,71.0
20170124,18,O3_8h_24h,临沧,71.0
20170124,18,CO,临沧,0.95
20170124,18,CO_24h,临沧,1.2
20170124,19,AQI,临沧,30.0
20170124,19,PM2.5,临沧,21.0
20170124,19,PM2.5_24h,临沧,28.0
20170124,19,PM10,临沧,28.0
20170124,19,PM10_24h,临沧,46.0
20170124,19,SO2,临沧,19.0
20170124,19,SO2_24h,临沧,23.0
20170124,19,NO2,临沧,7.0
20170124,19,NO2_24h,临沧,17.0
20170124,19,O3,临沧,78.0
20170124,19,O3_24h,临沧,87.0
20170124,19,O3_8h,临沧,77.0
20170124,19,O3_8h_24h,临沧,77.0
20170124,19,CO,临沧,1.05
20170124,19,CO_24h,临沧,1.2
20170124,20,AQI,临沧,36.0
20170124,20,PM2.5,临沧,25.0
20170124,20,PM2.5_24h,临沧,28.0
20170124,20,PM10,临沧,33.0
20170124,20,PM10_24h,临沧,45.0
20170124,20,SO2,临沧,21.0
20170124,20,SO2_24h,临沧,23.0
20170124,20,NO2,临沧,14.0
20170124,20,NO2_24h,临沧,17.0
20170124,20,O3,临沧,62.0
20170124,20,O3_24h,临沧,87.0
20170124,20,O3_8h,临沧,79.0
20170124,20,O3_8h_24h,临沧,79.0
20170124,20,CO,临沧,1.2
20170124,20,CO_24h,临沧,1.2
20170124,21,AQI,临沧,46.0
20170124,21,PM2.5,临沧,32.0
20170124,21,PM2.5_24h,临沧,28.0
20170124,21,PM10,临沧,32.0
20170124,21,PM10_24h,临沧,44.0
20170124,21,SO2,临沧,23.0
20170124,21,SO2_24h,临沧,23.0
20170124,21,NO2,临沧,24.0
20170124,21,NO2_24h,临沧,16.0
20170124,21,O3,临沧,47.0
20170124,21,O3_24h,临沧,87.0
20170124,21,O3_8h,临沧,75.0
20170124,21,O3_8h_24h,临沧,79.0
20170124,21,CO,临沧,1.4
20170124,21,CO_24h,临沧,1.2
20170124,22,AQI,临沧,60.0
20170124,22,PM2.5,临沧,43.0
20170124,22,PM2.5_24h,临沧,27.0
20170124,22,PM10,临沧,54.0
20170124,22,PM10_24h,临沧,44.0
20170124,22,SO2,临沧,22.0
20170124,22,SO2_24h,临沧,23.0
20170124,22,NO2,临沧,23.0
20170124,22,NO2_24h,临沧,16.0
20170124,22,O3,临沧,40.0
20170124,22,O3_24h,临沧,87.0
20170124,22,O3_8h,临沧,71.0
20170124,22,O3_8h_24h,临沧,79.0
20170124,22,CO,临沧,1.35
20170124,22,CO_24h,临沧,1.2
20170124,23,AQI,临沧,65.0
20170124,23,PM2.5,临沧,47.0
20170124,23,PM2.5_24h,临沧,27.0
20170124,23,PM10,临沧,75.0
20170124,23,PM10_24h,临沧,44.0
20170124,23,SO2,临沧,22.0
20170124,23,SO2_24h,临沧,22.0
20170124,23,NO2,临沧,22.0
20170124,23,NO2_24h,临沧,15.0
20170124,23,O3,临沧,34.0
20170124,23,O3_24h,临沧,87.0
20170124,23,O3_8h,临沧,64.0
20170124,23,O3_8h_24h,临沧,79.0
20170124,23,CO,临沧,1.3
20170124,23,CO_24h,临沧,1.2
20170124,0,AQI,楚雄州,57.0
20170124,0,PM2.5,楚雄州,35.0
20170124,0,PM2.5_24h,楚雄州,21.0
20170124,0,PM10,楚雄州,63.0
20170124,0,PM10_24h,楚雄州,35.0
20170124,0,SO2,楚雄州,22.0
20170124,0,SO2_24h,楚雄州,16.0
20170124,0,NO2,楚雄州,35.0
20170124,0,NO2_24h,楚雄州,24.0
20170124,0,O3,楚雄州,21.0
20170124,0,O3_24h,楚雄州,60.0
20170124,0,O3_8h,楚雄州,42.0
20170124,0,O3_8h_24h,楚雄州,56.0
20170124,0,CO,楚雄州,1.2
20170124,0,CO_24h,楚雄州,0.9
20170124,1,AQI,楚雄州,42.0
20170124,1,PM2.5,楚雄州,27.0
20170124,1,PM2.5_24h,楚雄州,21.0
20170124,1,PM10,楚雄州,42.0
20170124,1,PM10_24h,楚雄州,34.0
20170124,1,SO2,楚雄州,17.0
20170124,1,SO2_24h,楚雄州,16.0
20170124,1,NO2,楚雄州,27.0
20170124,1,NO2_24h,楚雄州,23.0
20170124,1,O3,楚雄州,24.0
20170124,1,O3_24h,楚雄州,60.0
20170124,1,O3_8h,楚雄州,24.0
20170124,1,O3_8h_24h,楚雄州,24.0
20170124,1,CO,楚雄州,1.05
20170124,1,CO_24h,楚雄州,0.9
20170124,2,AQI,楚雄州,54.0
20170124,2,PM2.5,楚雄州,38.0
20170124,2,PM2.5_24h,楚雄州,21.0
20170124,2,PM10,楚雄州,52.0
20170124,2,PM10_24h,楚雄州,34.0
20170124,2,SO2,楚雄州,17.0
20170124,2,SO2_24h,楚雄州,16.0
20170124,2,NO2,楚雄州,44.0
20170124,2,NO2_24h,楚雄州,23.0
20170124,2,O3,楚雄州,5.0
20170124,2,O3_24h,楚雄州,60.0
20170124,2,O3_8h,楚雄州,15.0
20170124,2,O3_8h_24h,楚雄州,24.0
20170124,2,CO,楚雄州,1.05
20170124,2,CO_24h,楚雄州,0.9
20170124,3,AQI,楚雄州,52.0
20170124,3,PM2.5,楚雄州,31.0
20170124,3,PM2.5_24h,楚雄州,21.0
20170124,3,PM10,楚雄州,54.0
20170124,3,PM10_24h,楚雄州,35.0
20170124,3,SO2,楚雄州,14.0
20170124,3,SO2_24h,楚雄州,16.0
20170124,3,NO2,楚雄州,39.0
20170124,3,NO2_24h,楚雄州,23.0
20170124,3,O3,楚雄州,8.0
20170124,3,O3_24h,楚雄州,60.0
20170124,3,O3_8h,楚雄州,12.0
20170124,3,O3_8h_24h,楚雄州,24.0
20170124,3,CO,楚雄州,0.95
20170124,3,CO_24h,楚雄州,0.9
20170124,4,AQI,楚雄州,36.0
20170124,4,PM2.5,楚雄州,23.0
20170124,4,PM2.5_24h,楚雄州,21.0
20170124,4,PM10,楚雄州,36.0
20170124,4,PM10_24h,楚雄州,34.0
20170124,4,SO2,楚雄州,12.0
20170124,4,SO2_24h,楚雄州,15.0
20170124,4,NO2,楚雄州,29.0
20170124,4,NO2_24h,楚雄州,23.0
20170124,4,O3,楚雄州,9.0
20170124,4,O3_24h,楚雄州,60.0
20170124,4,O3_8h,楚雄州,12.0
20170124,4,O3_8h_24h,楚雄州,24.0
20170124,4,CO,楚雄州,0.75
20170124,4,CO_24h,楚雄州,0.9
20170124,5,AQI,楚雄州,31.0
20170124,5,PM2.5,楚雄州,22.0
20170124,5,PM2.5_24h,楚雄州,21.0
20170124,5,PM10,楚雄州,27.0
20170124,5,PM10_24h,楚雄州,34.0
20170124,5,SO2,楚雄州,12.0
20170124,5,SO2_24h,楚雄州,15.0
20170124,5,NO2,楚雄州,26.0
20170124,5,NO2_24h,楚雄州,22.0
20170124,5,O3,楚雄州,8.0
20170124,5,O3_24h,楚雄州,60.0
20170124,5,O3_8h,楚雄州,11.0
20170124,5,O3_8h_24h,楚雄州,24.0
20170124,5,CO,楚雄州,0.75
20170124,5,CO_24h,楚雄州,0.9
20170124,6,AQI,楚雄州,30.0
20170124,6,PM2.5,楚雄州,21.0
20170124,6,PM2.5_24h,楚雄州,21.0
20170124,6,PM10,楚雄州,30.0
20170124,6,PM10_24h,楚雄州,34.0
20170124,6,SO2,楚雄州,14.0
20170124,6,SO2_24h,楚雄州,15.0
20170124,6,NO2,楚雄州,27.0
20170124,6,NO2_24h,楚雄州,22.0
20170124,6,O3,楚雄州,5.0
20170124,6,O3_24h,楚雄州,60.0
20170124,6,O3_8h,楚雄州,10.0
20170124,6,O3_8h_24h,楚雄州,24.0
20170124,6,CO,楚雄州,0.75
20170124,6,CO_24h,楚雄州,0.9
20170124,7,AQI,楚雄州,29.0
20170124,7,PM2.5,楚雄州,20.0
20170124,7,PM2.5_24h,楚雄州,22.0
20170124,7,PM10,楚雄州,24.0
20170124,7,PM10_24h,楚雄州,33.0
20170124,7,SO2,楚雄州,16.0
20170124,7,SO2_24h,楚雄州,15.0
20170124,7,NO2,楚雄州,28.0
20170124,7,NO2_24h,楚雄州,22.0
20170124,7,O3,楚雄州,6.0
20170124,7,O3_24h,楚雄州,60.0
20170124,7,O3_8h,楚雄州,10.0
20170124,7,O3_8h_24h,楚雄州,24.0
20170124,7,CO,楚雄州,0.8
20170124,7,CO_24h,楚雄州,0.9
20170124,8,AQI,楚雄州,30.0
20170124,8,PM2.5,楚雄州,21.0
20170124,8,PM2.5_24h,楚雄州,22.0
20170124,8,PM10,楚雄州,29.0
20170124,8,PM10_24h,楚雄州,33.0
20170124,8,SO2,楚雄州,16.0
20170124,8,SO2_24h,楚雄州,15.0
20170124,8,NO2,楚雄州,25.0
20170124,8,NO2_24h,楚雄州,21.0
20170124,8,O3,楚雄州,13.0
20170124,8,O3_24h,楚雄州,60.0
20170124,8,O3_8h,楚雄州,10.0
20170124,8,O3_8h_24h,楚雄州,24.0
20170124,8,CO,楚雄州,0.85
20170124,8,CO_24h,楚雄州,0.9
20170124,9,AQI,楚雄州,44.0
20170124,9,PM2.5,楚雄州,31.0
20170124,9,PM2.5_24h,楚雄州,22.0
20170124,9,PM10,楚雄州,36.0
20170124,9,PM10_24h,楚雄州,33.0
20170124,9,SO2,楚雄州,26.0
20170124,9,SO2_24h,楚雄州,15.0
20170124,9,NO2,楚雄州,32.0
20170124,9,NO2_24h,楚雄州,22.0
20170124,9,O3,楚雄州,8.0
20170124,9,O3_24h,楚雄州,60.0
20170124,9,O3_8h,楚雄州,8.0
20170124,9,O3_8h_24h,楚雄州,24.0
20170124,9,CO,楚雄州,1.1
20170124,9,CO_24h,楚雄州,0.85
20170124,10,AQI,楚雄州,42.0
20170124,10,PM2.5,楚雄州,24.0
20170124,10,PM2.5_24h,楚雄州,21.0
20170124,10,PM10,楚雄州,42.0
20170124,10,PM10_24h,楚雄州,33.0
20170124,10,SO2,楚雄州,20.0
20170124,10,SO2_24h,楚雄州,15.0
20170124,10,NO2,楚雄州,22.0
20170124,10,NO2_24h,楚雄州,21.0
20170124,10,O3,楚雄州,29.0
20170124,10,O3_24h,楚雄州,60.0
20170124,10,O3_8h,楚雄州,11.0
20170124,10,O3_8h_24h,楚雄州,24.0
20170124,10,CO,楚雄州,1.05
20170124,10,CO_24h,楚雄州,0.85
20170124,11,AQI,楚雄州,29.0
20170124,11,PM2.5,楚雄州,20.0
20170124,11,PM2.5_24h,楚雄州,22.0
20170124,11,PM10,楚雄州,25.0
20170124,11,PM10_24h,楚雄州,33.0
20170124,11,SO2,楚雄州,15.0
20170124,11,SO2_24h,楚雄州,15.0
20170124,11,NO2,楚雄州,9.0
20170124,11,NO2_24h,楚雄州,21.0
20170124,11,O3,楚雄州,46.0
20170124,11,O3_24h,楚雄州,60.0
20170124,11,O3_8h,楚雄州,16.0
20170124,11,O3_8h_24h,楚雄州,24.0
20170124,11,CO,楚雄州,0.8
20170124,11,CO_24h,楚雄州,0.85
20170124,12,AQI,楚雄州,22.0
20170124,12,PM2.5,楚雄州,15.0
20170124,12,PM2.5_24h,楚雄州,21.0
20170124,12,PM10,楚雄州,22.0
20170124,12,PM10_24h,楚雄州,32.0
20170124,12,SO2,楚雄州,13.0
20170124,12,SO2_24h,楚雄州,15.0
20170124,12,NO2,楚雄州,8.0
20170124,12,NO2_24h,楚雄州,21.0
20170124,12,O3,楚雄州,51.0
20170124,12,O3_24h,楚雄州,60.0
20170124,12,O3_8h,楚雄州,21.0
20170124,12,O3_8h_24h,楚雄州,26.0
20170124,12,CO,楚雄州,0.75
20170124,12,CO_24h,楚雄州,0.85
20170124,13,AQI,楚雄州,23.0
20170124,13,PM2.5,楚雄州,12.0
20170124,13,PM2.5_24h,楚雄州,21.0
20170124,13,PM10,楚雄州,23.0
20170124,13,PM10_24h,楚雄州,32.0
20170124,13,SO2,楚雄州,12.0
20170124,13,SO2_24h,楚雄州,15.0
20170124,13,NO2,楚雄州,7.0
20170124,13,NO2_24h,楚雄州,21.0
20170124,13,O3,楚雄州,57.0
20170124,13,O3_24h,楚雄州,60.0
20170124,13,O3_8h,楚雄州,27.0
20170124,13,O3_8h_24h,楚雄州,29.0
20170124,13,CO,楚雄州,0.65
20170124,13,CO_24h,楚雄州,0.85
20170124,14,AQI,楚雄州,19.0
20170124,14,PM2.5,楚雄州,10.0
20170124,14,PM2.5_24h,楚雄州,21.0
20170124,14,PM10,楚雄州,19.0
20170124,14,PM10_24h,楚雄州,32.0
20170124,14,SO2,楚雄州,13.0
20170124,14,SO2_24h,楚雄州,16.0
20170124,14,NO2,楚雄州,7.0
20170124,14,NO2_24h,楚雄州,21.0
20170124,14,O3,楚雄州,58.0
20170124,14,O3_24h,楚雄州,61.0
20170124,14,O3_8h,楚雄州,33.0
20170124,14,O3_8h_24h,楚雄州,33.0
20170124,14,CO,楚雄州,0.65
20170124,14,CO_24h,楚雄州,0.85
20170124,15,AQI,楚雄州,19.0
20170124,15,PM2.5,楚雄州,9.0
20170124,15,PM2.5_24h,楚雄州,20.0
20170124,15,PM10,楚雄州,16.0
20170124,15,PM10_24h,楚雄州,32.0
20170124,15,SO2,楚雄州,12.0
20170124,15,SO2_24h,楚雄州,15.0
20170124,15,NO2,楚雄州,7.0
20170124,15,NO2_24h,楚雄州,21.0
20170124,15,O3,楚雄州,62.0
20170124,15,O3_24h,楚雄州,62.0
20170124,15,O3_8h,楚雄州,40.0
20170124,15,O3_8h_24h,楚雄州,40.0
20170124,15,CO,楚雄州,0.65
20170124,15,CO_24h,楚雄州,0.85
20170124,16,AQI,楚雄州,21.0
20170124,16,PM2.5,楚雄州,8.0
20170124,16,PM2.5_24h,楚雄州,20.0
20170124,16,PM10,楚雄州,17.0
20170124,16,PM10_24h,楚雄州,32.0
20170124,16,SO2,楚雄州,13.0
20170124,16,SO2_24h,楚雄州,16.0
20170124,16,NO2,楚雄州,8.0
20170124,16,NO2_24h,楚雄州,21.0
20170124,16,O3,楚雄州,67.0
20170124,16,O3_24h,楚雄州,67.0
20170124,16,O3_8h,楚雄州,47.0
20170124,16,O3_8h_24h,楚雄州,47.0
20170124,16,CO,楚雄州,0.65
20170124,16,CO_24h,楚雄州,0.85
20170124,17,AQI,楚雄州,22.0
20170124,17,PM2.5,楚雄州,9.0
20170124,17,PM2.5_24h,楚雄州,20.0
20170124,17,PM10,楚雄州,19.0
20170124,17,PM10_24h,楚雄州,32.0
20170124,17,SO2,楚雄州,13.0
20170124,17,SO2_24h,楚雄州,16.0
20170124,17,NO2,楚雄州,10.0
20170124,17,NO2_24h,楚雄州,21.0
20170124,17,O3,楚雄州,70.0
20170124,17,O3_24h,楚雄州,70.0
20170124,17,O3_8h,楚雄州,55.0
20170124,17,O3_8h_24h,楚雄州,55.0
20170124,17,CO,楚雄州,0.65
20170124,17,CO_24h,楚雄州,0.85
20170124,18,AQI,楚雄州,21.0
20170124,18,PM2.5,楚雄州,10.0
20170124,18,PM2.5_24h,楚雄州,20.0
20170124,18,PM10,楚雄州,20.0
20170124,18,PM10_24h,楚雄州,32.0
20170124,18,SO2,楚雄州,16.0
20170124,18,SO2_24h,楚雄州,16.0
20170124,18,NO2,楚雄州,12.0
20170124,18,NO2_24h,楚雄州,22.0
20170124,18,O3,楚雄州,68.0
20170124,18,O3_24h,楚雄州,70.0
20170124,18,O3_8h,楚雄州,60.0
20170124,18,O3_8h_24h,楚雄州,60.0
20170124,18,CO,楚雄州,0.7
20170124,18,CO_24h,楚雄州,0.85
20170124,19,AQI,楚雄州,25.0
20170124,19,PM2.5,楚雄州,15.0
20170124,19,PM2.5_24h,楚雄州,20.0
20170124,19,PM10,楚雄州,25.0
20170124,19,PM10_24h,楚雄州,32.0
20170124,19,SO2,楚雄州,18.0
20170124,19,SO2_24h,楚雄州,16.0
20170124,19,NO2,楚雄州,15.0
20170124,19,NO2_24h,楚雄州,22.0
20170124,19,O3,楚雄州,65.0
20170124,19,O3_24h,楚雄州,70.0
20170124,19,O3_8h,楚雄州,62.0
20170124,19,O3_8h_24h,楚雄州,62.0
20170124,19,CO,楚雄州,0.8
20170124,19,CO_24h,楚雄州,0.85
20170124,20,AQI,楚雄州,36.0
20170124,20,PM2.5,楚雄州,16.0
20170124,20,PM2.5_24h,楚雄州,21.0
20170124,20,PM10,楚雄州,36.0
20170124,20,PM10_24h,楚雄州,32.0
20170124,20,SO2,楚雄州,18.0
20170124,20,SO2_24h,楚雄州,16.0
20170124,20,NO2,楚雄州,22.0
20170124,20,NO2_24h,楚雄州,22.0
20170124,20,O3,楚雄州,58.0
20170124,20,O3_24h,楚雄州,70.0
20170124,20,O3_8h,楚雄州,63.0
20170124,20,O3_8h_24h,楚雄州,63.0
20170124,20,CO,楚雄州,0.9
20170124,20,CO_24h,楚雄州,0.85
20170124,21,AQI,楚雄州,33.0
20170124,21,PM2.5,楚雄州,18.0
20170124,21,PM2.5_24h,楚雄州,21.0
20170124,21,PM10,楚雄州,33.0
20170124,21,PM10_24h,楚雄州,32.0
20170124,21,SO2,楚雄州,21.0
20170124,21,SO2_24h,楚雄州,17.0
20170124,21,NO2,楚雄州,32.0
20170124,21,NO2_24h,楚雄州,23.0
20170124,21,O3,楚雄州,48.0
20170124,21,O3_24h,楚雄州,70.0
20170124,21,O3_8h,楚雄州,62.0
20170124,21,O3_8h_24h,楚雄州,63.0
20170124,21,CO,楚雄州,1.05
20170124,21,CO_24h,楚雄州,0.85
20170124,22,AQI,楚雄州,70.0
20170124,22,PM2.5,楚雄州,51.0
20170124,22,PM2.5_24h,楚雄州,22.0
20170124,22,PM10,楚雄州,34.0
20170124,22,PM10_24h,楚雄州,32.0
20170124,22,SO2,楚雄州,36.0
20170124,22,SO2_24h,楚雄州,17.0
20170124,22,NO2,楚雄州,57.0
20170124,22,NO2_24h,楚雄州,24.0
20170124,22,O3,楚雄州,22.0
20170124,22,O3_24h,楚雄州,70.0
20170124,22,O3_8h,楚雄州,58.0
20170124,22,O3_8h_24h,楚雄州,63.0
20170124,22,CO,楚雄州,1.9
20170124,22,CO_24h,楚雄州,0.9
20170124,23,AQI,楚雄州,65.0
20170124,23,PM2.5,楚雄州,37.0
20170124,23,PM2.5_24h,楚雄州,22.0
20170124,23,PM10,楚雄州,80.0
20170124,23,PM10_24h,楚雄州,34.0
20170124,23,SO2,楚雄州,32.0
20170124,23,SO2_24h,楚雄州,18.0
20170124,23,NO2,楚雄州,65.0
20170124,23,NO2_24h,楚雄州,25.0
20170124,23,O3,楚雄州,8.0
20170124,23,O3_24h,楚雄州,70.0
20170124,23,O3_8h,楚雄州,51.0
20170124,23,O3_8h_24h,楚雄州,63.0
20170124,23,CO,楚雄州,1.7
20170124,23,CO_24h,楚雄州,0.95
20170124,0,AQI,红河州,42.0
20170124,0,PM2.5,红河州,28.0
20170124,0,PM2.5_24h,红河州,22.0
20170124,0,PM10,红河州,42.0
20170124,0,PM10_24h,红河州,33.0
20170124,0,SO2,红河州,9.0
20170124,0,SO2_24h,红河州,10.0
20170124,0,NO2,红河州,6.0
20170124,0,NO2_24h,红河州,6.0
20170124,0,O3,红河州,52.0
20170124,0,O3_24h,红河州,67.0
20170124,0,O3_8h,红河州,53.0
20170124,0,O3_8h_24h,红河州,61.0
20170124,0,CO,红河州,0.47
20170124,0,CO_24h,红河州,0.5
20170124,1,AQI,红河州,37.0
20170124,1,PM2.5,红河州,23.0
20170124,1,PM2.5_24h,红河州,23.0
20170124,1,PM10,红河州,37.0
20170124,1,PM10_24h,红河州,33.0
20170124,1,SO2,红河州,9.0
20170124,1,SO2_24h,红河州,10.0
20170124,1,NO2,红河州,5.0
20170124,1,NO2_24h,红河州,6.0
20170124,1,O3,红河州,51.0
20170124,1,O3_24h,红河州,67.0
20170124,1,O3_8h,红河州,51.0
20170124,1,O3_8h_24h,红河州,51.0
20170124,1,CO,红河州,0.5
20170124,1,CO_24h,红河州,0.5
20170124,2,AQI,红河州,36.0
20170124,2,PM2.5,红河州,25.0
20170124,2,PM2.5_24h,红河州,23.0
20170124,2,PM10,红河州,29.0
20170124,2,PM10_24h,红河州,33.0
20170124,2,SO2,红河州,9.0
20170124,2,SO2_24h,红河州,10.0
20170124,2,NO2,红河州,4.0
20170124,2,NO2_24h,红河州,6.0
20170124,2,O3,红河州,51.0
20170124,2,O3_24h,红河州,67.0
20170124,2,O3_8h,红河州,50.0
20170124,2,O3_8h_24h,红河州,51.0
20170124,2,CO,红河州,0.43
20170124,2,CO_24h,红河州,0.5
20170124,3,AQI,红河州,36.0
20170124,3,PM2.5,红河州,25.0
20170124,3,PM2.5_24h,红河州,23.0
20170124,3,PM10,红河州,31.0
20170124,3,PM10_24h,红河州,33.0
20170124,3,SO2,红河州,9.0
20170124,3,SO2_24h,红河州,10.0
20170124,3,NO2,红河州,6.0
20170124,3,NO2_24h,红河州,6.0
20170124,3,O3,红河州,50.0
20170124,3,O3_24h,红河州,67.0
20170124,3,O3_8h,红河州,51.0
20170124,3,O3_8h_24h,红河州,51.0
20170124,3,CO,红河州,0.43
20170124,3,CO_24h,红河州,0.5
20170124,4,AQI,红河州,37.0
20170124,4,PM2.5,红河州,26.0
20170124,4,PM2.5_24h,红河州,24.0
20170124,4,PM10,红河州,31.0
20170124,4,PM10_24h,红河州,33.0
20170124,4,SO2,红河州,10.0
20170124,4,SO2_24h,红河州,10.0
20170124,4,NO2,红河州,5.0
20170124,4,NO2_24h,红河州,7.0
20170124,4,O3,红河州,49.0
20170124,4,O3_24h,红河州,67.0
20170124,4,O3_8h,红河州,50.0
20170124,4,O3_8h_24h,红河州,51.0
20170124,4,CO,红河州,0.43
20170124,4,CO_24h,红河州,0.47
20170124,5,AQI,红河州,36.0
20170124,5,PM2.5,红河州,25.0
20170124,5,PM2.5_24h,红河州,24.0
20170124,5,PM10,红河州,27.0
20170124,5,PM10_24h,红河州,33.0
20170124,5,SO2,红河州,10.0
20170124,5,SO2_24h,红河州,10.0
20170124,5,NO2,红河州,5.0
20170124,5,NO2_24h,红河州,7.0
20170124,5,O3,红河州,54.0
20170124,5,O3_24h,红河州,67.0
20170124,5,O3_8h,红河州,51.0
20170124,5,O3_8h_24h,红河州,51.0
20170124,5,CO,红河州,0.43
20170124,5,CO_24h,红河州,0.47
20170124,6,AQI,红河州,36.0
20170124,6,PM2.5,红河州,25.0
20170124,6,PM2.5_24h,红河州,24.0
20170124,6,PM10,红河州,31.0
20170124,6,PM10_24h,红河州,33.0
20170124,6,SO2,红河州,10.0
20170124,6,SO2_24h,红河州,10.0
20170124,6,NO2,红河州,6.0
20170124,6,NO2_24h,红河州,7.0
20170124,6,O3,红河州,52.0
20170124,6,O3_24h,红河州,67.0
20170124,6,O3_8h,红河州,51.0
20170124,6,O3_8h_24h,红河州,52.0
20170124,6,CO,红河州,0.5
20170124,6,CO_24h,红河州,0.47
20170124,7,AQI,红河州,33.0
20170124,7,PM2.5,红河州,23.0
20170124,7,PM2.5_24h,红河州,24.0
20170124,7,PM10,红河州,32.0
20170124,7,PM10_24h,红河州,33.0
20170124,7,SO2,红河州,12.0
20170124,7,SO2_24h,红河州,10.0
20170124,7,NO2,红河州,7.0
20170124,7,NO2_24h,红河州,7.0
20170124,7,O3,红河州,50.0
20170124,7,O3_24h,红河州,67.0
20170124,7,O3_8h,红河州,51.0
20170124,7,O3_8h_24h,红河州,52.0
20170124,7,CO,红河州,0.5
20170124,7,CO_24h,红河州,0.47
20170124,8,AQI,红河州,40.0
20170124,8,PM2.5,红河州,28.0
20170124,8,PM2.5_24h,红河州,24.0
20170124,8,PM10,红河州,35.0
20170124,8,PM10_24h,红河州,34.0
20170124,8,SO2,红河州,13.0
20170124,8,SO2_24h,红河州,10.0
20170124,8,NO2,红河州,12.0
20170124,8,NO2_24h,红河州,7.0
20170124,8,O3,红河州,43.0
20170124,8,O3_24h,红河州,67.0
20170124,8,O3_8h,红河州,50.0
20170124,8,O3_8h_24h,红河州,52.0
20170124,8,CO,红河州,0.63
20170124,8,CO_24h,红河州,0.47
20170124,9,AQI,红河州,44.0
20170124,9,PM2.5,红河州,31.0
20170124,9,PM2.5_24h,红河州,24.0
20170124,9,PM10,红河州,38.0
20170124,9,PM10_24h,红河州,34.0
20170124,9,SO2,红河州,12.0
20170124,9,SO2_24h,红河州,10.0
20170124,9,NO2,红河州,15.0
20170124,9,NO2_24h,红河州,7.0
20170124,9,O3,红河州,37.0
20170124,9,O3_24h,红河州,67.0
20170124,9,O3_8h,红河州,48.0
20170124,9,O3_8h_24h,红河州,52.0
20170124,9,CO,红河州,0.63
20170124,9,CO_24h,红河州,0.5
20170124,10,AQI,红河州,49.0
20170124,10,PM2.5,红河州,34.0
20170124,10,PM2.5_24h,红河州,25.0
20170124,10,PM10,红河州,48.0
20170124,10,PM10_24h,红河州,34.0
20170124,10,SO2,红河州,11.0
20170124,10,SO2_24h,红河州,10.0
20170124,10,NO2,红河州,9.0
20170124,10,NO2_24h,红河州,7.0
20170124,10,O3,红河州,51.0
20170124,10,O3_24h,红河州,67.0
20170124,10,O3_8h,红河州,48.0
20170124,10,O3_8h_24h,红河州,52.0
20170124,10,CO,红河州,0.57
20170124,10,CO_24h,红河州,0.47
20170124,11,AQI,红河州,46.0
20170124,11,PM2.5,红河州,32.0
20170124,11,PM2.5_24h,红河州,25.0
20170124,11,PM10,红河州,36.0
20170124,11,PM10_24h,红河州,35.0
20170124,11,SO2,红河州,10.0
20170124,11,SO2_24h,红河州,10.0
20170124,11,NO2,红河州,7.0
20170124,11,NO2_24h,红河州,7.0
20170124,11,O3,红河州,63.0
20170124,11,O3_24h,红河州,67.0
20170124,11,O3_8h,红河州,50.0
20170124,11,O3_8h_24h,红河州,52.0
20170124,11,CO,红河州,0.47
20170124,11,CO_24h,红河州,0.5
20170124,12,AQI,红河州,34.0
20170124,12,PM2.5,红河州,23.0
20170124,12,PM2.5_24h,红河州,25.0
20170124,12,PM10,红河州,34.0
20170124,12,PM10_24h,红河州,35.0
20170124,12,SO2,红河州,9.0
20170124,12,SO2_24h,红河州,10.0
20170124,12,NO2,红河州,7.0
20170124,12,NO2_24h,红河州,7.0
20170124,12,O3,红河州,68.0
20170124,12,O3_24h,红河州,68.0
20170124,12,O3_8h,红河州,52.0
20170124,12,O3_8h_24h,红河州,53.0
20170124,12,CO,红河州,0.5
20170124,12,CO_24h,红河州,0.5
20170124,13,AQI,红河州,31.0
20170124,13,PM2.5,红河州,22.0
20170124,13,PM2.5_24h,红河州,26.0
20170124,13,PM10,红河州,29.0
20170124,13,PM10_24h,红河州,35.0
20170124,13,SO2,红河州,8.0
20170124,13,SO2_24h,红河州,10.0
20170124,13,NO2,红河州,7.0
20170124,13,NO2_24h,红河州,7.0
20170124,13,O3,红河州,69.0
20170124,13,O3_24h,红河州,70.0
20170124,13,O3_8h,红河州,54.0
20170124,13,O3_8h_24h,红河州,54.0
20170124,13,CO,红河州,0.43
20170124,13,CO_24h,红河州,0.5
20170124,14,AQI,红河州,30.0
20170124,14,PM2.5,红河州,21.0
20170124,14,PM2.5_24h,红河州,25.0
20170124,14,PM10,红河州,28.0
20170124,14,PM10_24h,红河州,35.0
20170124,14,SO2,红河州,8.0
20170124,14,SO2_24h,红河州,10.0
20170124,14,NO2,红河州,6.0
20170124,14,NO2_24h,红河州,7.0
20170124,14,O3,红河州,71.0
20170124,14,O3_24h,红河州,71.0
20170124,14,O3_8h,红河州,56.0
20170124,14,O3_8h_24h,红河州,56.0
20170124,14,CO,红河州,0.43
20170124,14,CO_24h,红河州,0.5
20170124,15,AQI,红河州,36.0
20170124,15,PM2.5,红河州,25.0
20170124,15,PM2.5_24h,红河州,26.0
20170124,15,PM10,红河州,36.0
20170124,15,PM10_24h,红河州,36.0
20170124,15,SO2,红河州,9.0
20170124,15,SO2_24h,红河州,10.0
20170124,15,NO2,红河州,8.0
20170124,15,NO2_24h,红河州,7.0
20170124,15,O3,红河州,69.0
20170124,15,O3_24h,红河州,71.0
20170124,15,O3_8h,红河州,59.0
20170124,15,O3_8h_24h,红河州,59.0
20170124,15,CO,红河州,0.5
20170124,15,CO_24h,红河州,0.5
20170124,16,AQI,红河州,44.0
20170124,16,PM2.5,红河州,31.0
20170124,16,PM2.5_24h,红河州,27.0
20170124,16,PM10,红河州,44.0
20170124,16,PM10_24h,红河州,36.0
20170124,16,SO2,红河州,9.0
20170124,16,SO2_24h,红河州,10.0
20170124,16,NO2,红河州,9.0
20170124,16,NO2_24h,红河州,7.0
20170124,16,O3,红河州,70.0
20170124,16,O3_24h,红河州,72.0
20170124,16,O3_8h,红河州,62.0
20170124,16,O3_8h_24h,红河州,62.0
20170124,16,CO,红河州,0.5
20170124,16,CO_24h,红河州,0.53
20170124,17,AQI,红河州,49.0
20170124,17,PM2.5,红河州,33.0
20170124,17,PM2.5_24h,红河州,27.0
20170124,17,PM10,红河州,49.0
20170124,17,PM10_24h,红河州,37.0
20170124,17,SO2,红河州,9.0
20170124,17,SO2_24h,红河州,10.0
20170124,17,NO2,红河州,10.0
20170124,17,NO2_24h,红河州,7.0
20170124,17,O3,红河州,68.0
20170124,17,O3_24h,红河州,72.0
20170124,17,O3_8h,红河州,66.0
20170124,17,O3_8h_24h,红河州,66.0
20170124,17,CO,红河州,0.57
20170124,17,CO_24h,红河州,0.53
20170124,18,AQI,红河州,53.0
20170124,18,PM2.5,红河州,37.0
20170124,18,PM2.5_24h,红河州,28.0
20170124,18,PM10,红河州,53.0
20170124,18,PM10_24h,红河州,37.0
20170124,18,SO2,红河州,9.0
20170124,18,SO2_24h,红河州,10.0
20170124,18,NO2,红河州,10.0
20170124,18,NO2_24h,红河州,7.0
20170124,18,O3,红河州,66.0
20170124,18,O3_24h,红河州,74.0
20170124,18,O3_8h,红河州,68.0
20170124,18,O3_8h_24h,红河州,68.0
20170124,18,CO,红河州,0.57
20170124,18,CO_24h,红河州,0.53
20170124,19,AQI,红河州,59.0
20170124,19,PM2.5,红河州,42.0
20170124,19,PM2.5_24h,红河州,29.0
20170124,19,PM10,红河州,60.0
20170124,19,PM10_24h,红河州,38.0
20170124,19,SO2,红河州,9.0
20170124,19,SO2_24h,红河州,10.0
20170124,19,NO2,红河州,7.0
20170124,19,NO2_24h,红河州,7.0
20170124,19,O3,红河州,66.0
20170124,19,O3_24h,红河州,74.0
20170124,19,O3_8h,红河州,68.0
20170124,19,O3_8h_24h,红河州,68.0
20170124,19,CO,红河州,0.53
20170124,19,CO_24h,红河州,0.53
20170124,20,AQI,红河州,66.0
20170124,20,PM2.5,红河州,48.0
20170124,20,PM2.5_24h,红河州,29.0
20170124,20,PM10,红河州,69.0
20170124,20,PM10_24h,红河州,39.0
20170124,20,SO2,红河州,9.0
20170124,20,SO2_24h,红河州,10.0
20170124,20,NO2,红河州,7.0
20170124,20,NO2_24h,红河州,7.0
20170124,20,O3,红河州,63.0
20170124,20,O3_24h,红河州,74.0
20170124,20,O3_8h,红河州,68.0
20170124,20,O3_8h_24h,红河州,68.0
20170124,20,CO,红河州,0.57
20170124,20,CO_24h,红河州,0.53
20170124,21,AQI,红河州,70.0
20170124,21,PM2.5,红河州,51.0
20170124,21,PM2.5_24h,红河州,30.0
20170124,21,PM10,红河州,60.0
20170124,21,PM10_24h,红河州,39.0
20170124,21,SO2,红河州,8.0
20170124,21,SO2_24h,红河州,10.0
20170124,21,NO2,红河州,6.0
20170124,21,NO2_24h,红河州,7.0
20170124,21,O3,红河州,62.0
20170124,21,O3_24h,红河州,74.0
20170124,21,O3_8h,红河州,67.0
20170124,21,O3_8h_24h,红河州,68.0
20170124,21,CO,红河州,0.57
20170124,21,CO_24h,红河州,0.53
20170124,22,AQI,红河州,73.0
20170124,22,PM2.5,红河州,53.0
20170124,22,PM2.5_24h,红河州,31.0
20170124,22,PM10,红河州,80.0
20170124,22,PM10_24h,红河州,40.0
20170124,22,SO2,红河州,8.0
20170124,22,SO2_24h,红河州,10.0
20170124,22,NO2,红河州,5.0
20170124,22,NO2_24h,红河州,7.0
20170124,22,O3,红河州,62.0
20170124,22,O3_24h,红河州,74.0
20170124,22,O3_8h,红河州,66.0
20170124,22,O3_8h_24h,红河州,68.0
20170124,22,CO,红河州,0.6
20170124,22,CO_24h,红河州,0.53
20170124,23,AQI,红河州,61.0
20170124,23,PM2.5,红河州,44.0
20170124,23,PM2.5_24h,红河州,31.0
20170124,23,PM10,红河州,47.0
20170124,23,PM10_24h,红河州,40.0
20170124,23,SO2,红河州,8.0
20170124,23,SO2_24h,红河州,10.0
20170124,23,NO2,红河州,4.0
20170124,23,NO2_24h,红河州,7.0
20170124,23,O3,红河州,62.0
20170124,23,O3_24h,红河州,74.0
20170124,23,O3_8h,红河州,65.0
20170124,23,O3_8h_24h,红河州,68.0
20170124,23,CO,红河州,0.6
20170124,23,CO_24h,红河州,0.53
20170124,0,AQI,文山州,29.0
20170124,0,PM2.5,文山州,20.0
20170124,0,PM2.5_24h,文山州,13.0
20170124,0,PM10,文山州,22.0
20170124,0,PM10_24h,文山州,17.0
20170124,0,SO2,文山州,6.0
20170124,0,SO2_24h,文山州,6.0
20170124,0,NO2,文山州,6.0
20170124,0,NO2_24h,文山州,8.0
20170124,0,O3,文山州,52.0
20170124,0,O3_24h,文山州,62.0
20170124,0,O3_8h,文山州,52.0
20170124,0,O3_8h_24h,文山州,57.0
20170124,0,CO,文山州,0.65
20170124,0,CO_24h,文山州,0.6
20170124,1,AQI,文山州,30.0
20170124,1,PM2.5,文山州,21.0
20170124,1,PM2.5_24h,文山州,13.0
20170124,1,PM10,文山州,22.0
20170124,1,PM10_24h,文山州,17.0
20170124,1,SO2,文山州,6.0
20170124,1,SO2_24h,文山州,6.0
20170124,1,NO2,文山州,5.0
20170124,1,NO2_24h,文山州,8.0
20170124,1,O3,文山州,54.0
20170124,1,O3_24h,文山州,62.0
20170124,1,O3_8h,文山州,54.0
20170124,1,O3_8h_24h,文山州,54.0
20170124,1,CO,文山州,0.6
20170124,1,CO_24h,文山州,0.6
20170124,2,AQI,文山州,29.0
20170124,2,PM2.5,文山州,20.0
20170124,2,PM2.5_24h,文山州,13.0
20170124,2,PM10,文山州,23.0
20170124,2,PM10_24h,文山州,18.0
20170124,2,SO2,文山州,6.0
20170124,2,SO2_24h,文山州,6.0
20170124,2,NO2,文山州,5.0
20170124,2,NO2_24h,文山州,8.0
20170124,2,O3,文山州,57.0
20170124,2,O3_24h,文山州,62.0
20170124,2,O3_8h,文山州,55.0
20170124,2,O3_8h_24h,文山州,55.0
20170124,2,CO,文山州,0.55
20170124,2,CO_24h,文山州,0.6
20170124,3,AQI,文山州,30.0
20170124,3,PM2.5,文山州,21.0
20170124,3,PM2.5_24h,文山州,14.0
20170124,3,PM10,文山州,23.0
20170124,3,PM10_24h,文山州,18.0
20170124,3,SO2,文山州,6.0
20170124,3,SO2_24h,文山州,6.0
20170124,3,NO2,文山州,6.0
20170124,3,NO2_24h,文山州,8.0
20170124,3,O3,文山州,56.0
20170124,3,O3_24h,文山州,62.0
20170124,3,O3_8h,文山州,56.0
20170124,3,O3_8h_24h,文山州,56.0
20170124,3,CO,文山州,0.55
20170124,3,CO_24h,文山州,0.6
20170124,4,AQI,文山州,33.0
20170124,4,PM2.5,文山州,23.0
20170124,4,PM2.5_24h,文山州,14.0
20170124,4,PM10,文山州,26.0
20170124,4,PM10_24h,文山州,19.0
20170124,4,SO2,文山州,7.0
20170124,4,SO2_24h,文山州,6.0
20170124,4,NO2,文山州,5.0
20170124,4,NO2_24h,文山州,8.0
20170124,4,O3,文山州,54.0
20170124,4,O3_24h,文山州,62.0
20170124,4,O3_8h,文山州,55.0
20170124,4,O3_8h_24h,文山州,56.0
20170124,4,CO,文山州,0.55
20170124,4,CO_24h,文山州,0.6
20170124,5,AQI,文山州,30.0
20170124,5,PM2.5,文山州,21.0
20170124,5,PM2.5_24h,文山州,15.0
20170124,5,PM10,文山州,25.0
20170124,5,PM10_24h,文山州,19.0
20170124,5,SO2,文山州,6.0
20170124,5,SO2_24h,文山州,6.0
20170124,5,NO2,文山州,5.0
20170124,5,NO2_24h,文山州,8.0
20170124,5,O3,文山州,56.0
20170124,5,O3_24h,文山州,62.0
20170124,5,O3_8h,文山州,56.0
20170124,5,O3_8h_24h,文山州,56.0
20170124,5,CO,文山州,0.55
20170124,5,CO_24h,文山州,0.6
20170124,6,AQI,文山州,31.0
20170124,6,PM2.5,文山州,22.0
20170124,6,PM2.5_24h,文山州,15.0
20170124,6,PM10_24h,文山州,20.0
20170124,6,SO2,文山州,10.0
20170124,6,SO2_24h,文山州,6.0
20170124,6,NO2,文山州,5.0
20170124,6,NO2_24h,文山州,8.0
20170124,6,O3,文山州,57.0
20170124,6,O3_24h,文山州,62.0
20170124,6,O3_8h,文山州,56.0
20170124,6,O3_8h_24h,文山州,56.0
20170124,6,CO,文山州,0.55
20170124,6,CO_24h,文山州,0.6
20170124,7,AQI,文山州,33.0
20170124,7,PM2.5,文山州,23.0
20170124,7,PM2.5_24h,文山州,16.0
20170124,7,PM10,文山州,24.0
20170124,7,PM10_24h,文山州,20.0
20170124,7,SO2,文山州,11.0
20170124,7,SO2_24h,文山州,6.0
20170124,7,NO2,文山州,5.0
20170124,7,NO2_24h,文山州,8.0
20170124,7,O3,文山州,55.0
20170124,7,O3_24h,文山州,62.0
20170124,7,O3_8h,文山州,56.0
20170124,7,O3_8h_24h,文山州,56.0
20170124,7,CO,文山州,0.55
20170124,7,CO_24h,文山州,0.6
20170124,8,AQI,文山州,36.0
20170124,8,PM2.5,文山州,25.0
20170124,8,PM2.5_24h,文山州,16.0
20170124,8,PM10,文山州,27.0
20170124,8,PM10_24h,文山州,20.0
20170124,8,SO2,文山州,8.0
20170124,8,SO2_24h,文山州,7.0
20170124,8,NO2,文山州,9.0
20170124,8,NO2_24h,文山州,8.0
20170124,8,O3,文山州,51.0
20170124,8,O3_24h,文山州,62.0
20170124,8,O3_8h,文山州,55.0
20170124,8,O3_8h_24h,文山州,56.0
20170124,8,CO,文山州,0.65
20170124,8,CO_24h,文山州,0.6
20170124,9,AQI,文山州,40.0
20170124,9,PM2.5,文山州,28.0
20170124,9,PM2.5_24h,文山州,17.0
20170124,9,PM10,文山州,35.0
20170124,9,PM10_24h,文山州,21.0
20170124,9,SO2,文山州,9.0
20170124,9,SO2_24h,文山州,7.0
20170124,9,NO2,文山州,13.0
20170124,9,NO2_24h,文山州,8.0
20170124,9,O3,文山州,51.0
20170124,9,O3_24h,文山州,62.0
20170124,9,O3_8h,文山州,55.0
20170124,9,O3_8h_24h,文山州,56.0
20170124,9,CO,文山州,0.7
20170124,9,CO_24h,文山州,0.6
20170124,10,AQI,文山州,43.0
20170124,10,PM2.5,文山州,30.0
20170124,10,PM2.5_24h,文山州,18.0
20170124,10,PM10,文山州,35.0
20170124,10,PM10_24h,文山州,22.0
20170124,10,SO2,文山州,11.0
20170124,10,SO2_24h,文山州,7.0
20170124,10,NO2,文山州,14.0
20170124,10,NO2_24h,文山州,8.0
20170124,10,O3,文山州,50.0
20170124,10,O3_24h,文山州,62.0
20170124,10,O3_8h,文山州,54.0
20170124,10,O3_8h_24h,文山州,56.0
20170124,10,CO,文山州,0.8
20170124,10,CO_24h,文山州,0.6
20170124,11,AQI,文山州,46.0
20170124,11,PM2.5,文山州,32.0
20170124,11,PM2.5_24h,文山州,19.0
20170124,11,PM10,文山州,36.0
20170124,11,PM10_24h,文山州,23.0
20170124,11,SO2,文山州,11.0
20170124,11,SO2_24h,文山州,7.0
20170124,11,NO2,文山州,12.0
20170124,11,NO2_24h,文山州,8.0
20170124,11,O3,文山州,54.0
20170124,11,O3_24h,文山州,62.0
20170124,11,O3_8h,文山州,53.0
20170124,11,O3_8h_24h,文山州,56.0
20170124,11,CO,文山州,0.75
20170124,11,CO_24h,文山州,0.65
20170124,12,AQI,文山州,43.0
20170124,12,PM2.5,文山州,30.0
20170124,12,PM2.5_24h,文山州,19.0
20170124,12,PM10,文山州,36.0
20170124,12,PM10_24h,文山州,23.0
20170124,12,SO2,文山州,7.0
20170124,12,SO2_24h,文山州,7.0
20170124,12,NO2,文山州,8.0
20170124,12,NO2_24h,文山州,8.0
20170124,12,O3,文山州,58.0
20170124,12,O3_24h,文山州,62.0
20170124,12,O3_8h,文山州,54.0
20170124,12,O3_8h_24h,文山州,56.0
20170124,12,CO,文山州,0.75
20170124,12,CO_24h,文山州,0.65
20170124,13,AQI,文山州,41.0
20170124,13,PM2.5,文山州,29.0
20170124,13,PM2.5_24h,文山州,20.0
20170124,13,PM10,文山州,30.0
20170124,13,PM10_24h,文山州,23.0
20170124,13,SO2,文山州,7.0
20170124,13,SO2_24h,文山州,7.0
20170124,13,NO2,文山州,6.0
20170124,13,NO2_24h,文山州,8.0
20170124,13,O3,文山州,61.0
20170124,13,O3_24h,文山州,62.0
20170124,13,O3_8h,文山州,55.0
20170124,13,O3_8h_24h,文山州,56.0
20170124,13,CO,文山州,0.35
20170124,13,CO_24h,文山州,0.6
20170124,14,AQI,文山州,34.0
20170124,14,PM2.5,文山州,24.0
20170124,14,PM2.5_24h,文山州,21.0
20170124,14,PM10,文山州,33.0
20170124,14,PM10_24h,文山州,24.0
20170124,14,SO2,文山州,5.0
20170124,14,SO2_24h,文山州,7.0
20170124,14,NO2,文山州,6.0
20170124,14,NO2_24h,文山州,7.0
20170124,14,O3,文山州,63.0
20170124,14,O3_24h,文山州,64.0
20170124,14,O3_8h,文山州,55.0
20170124,14,O3_8h_24h,文山州,56.0
20170124,14,CO,文山州,0.6
20170124,14,CO_24h,文山州,0.6
20170124,15,AQI,文山州,32.0
20170124,15,PM2.5,文山州,20.0
20170124,15,PM2.5_24h,文山州,21.0
20170124,15,PM10,文山州,32.0
20170124,15,PM10_24h,文山州,25.0
20170124,15,SO2,文山州,6.0
20170124,15,SO2_24h,文山州,7.0
20170124,15,NO2,文山州,7.0
20170124,15,NO2_24h,文山州,7.0
20170124,15,O3,文山州,62.0
20170124,15,O3_24h,文山州,64.0
20170124,15,O3_8h,文山州,56.0
20170124,15,O3_8h_24h,文山州,57.0
20170124,15,CO,文山州,0.65
20170124,15,CO_24h,文山州,0.6
20170124,16,AQI,文山州,38.0
20170124,16,PM2.5,文山州,25.0
20170124,16,PM2.5_24h,文山州,22.0
20170124,16,PM10,文山州,38.0
20170124,16,PM10_24h,文山州,26.0
20170124,16,SO2,文山州,6.0
20170124,16,SO2_24h,文山州,7.0
20170124,16,NO2,文山州,7.0
20170124,16,NO2_24h,文山州,7.0
20170124,16,O3,文山州,61.0
20170124,16,O3_24h,文山州,64.0
20170124,16,O3_8h,文山州,57.0
20170124,16,O3_8h_24h,文山州,57.0
20170124,16,CO,文山州,0.65
20170124,16,CO_24h,文山州,0.6
20170124,17,AQI,文山州,40.0
20170124,17,PM2.5,文山州,28.0
20170124,17,PM2.5_24h,文山州,22.0
20170124,17,PM10,文山州,34.0
20170124,17,PM10_24h,文山州,28.0
20170124,17,SO2,文山州,7.0
20170124,17,SO2_24h,文山州,7.0
20170124,17,NO2,文山州,8.0
20170124,17,NO2_24h,文山州,7.0
20170124,17,O3,文山州,58.0
20170124,17,O3_24h,文山州,64.0
20170124,17,O3_8h,文山州,58.0
20170124,17,O3_8h_24h,文山州,58.0
20170124,17,CO,文山州,0.65
20170124,17,CO_24h,文山州,0.6
20170124,18,AQI,文山州,46.0
20170124,18,PM2.5,文山州,32.0
20170124,18,PM2.5_24h,文山州,23.0
20170124,18,PM10,文山州,40.0
20170124,18,PM10_24h,文山州,29.0
20170124,18,SO2,文山州,7.0
20170124,18,SO2_24h,文山州,7.0
20170124,18,NO2,文山州,10.0
20170124,18,NO2_24h,文山州,8.0
20170124,18,O3,文山州,57.0
20170124,18,O3_24h,文山州,64.0
20170124,18,O3_8h,文山州,59.0
20170124,18,O3_8h_24h,文山州,59.0
20170124,18,CO,文山州,0.75
20170124,18,CO_24h,文山州,0.6
20170124,19,AQI,文山州,55.0
20170124,19,PM2.5,文山州,39.0
20170124,19,PM2.5_24h,文山州,25.0
20170124,19,PM10,文山州,42.0
20170124,19,PM10_24h,文山州,30.0
20170124,19,SO2,文山州,6.0
20170124,19,SO2_24h,文山州,7.0
20170124,19,NO2,文山州,11.0
20170124,19,NO2_24h,文山州,8.0
20170124,19,O3,文山州,57.0
20170124,19,O3_24h,文山州,64.0
20170124,19,O3_8h,文山州,60.0
20170124,19,O3_8h_24h,文山州,60.0
20170124,19,CO,文山州,0.75
20170124,19,CO_24h,文山州,0.6
20170124,20,AQI,文山州,56.0
20170124,20,PM2.5,文山州,40.0
20170124,20,PM2.5_24h,文山州,26.0
20170124,20,PM10,文山州,42.0
20170124,20,PM10_24h,文山州,30.0
20170124,20,SO2,文山州,6.0
20170124,20,SO2_24h,文山州,7.0
20170124,20,NO2,文山州,10.0
20170124,20,NO2_24h,文山州,8.0
20170124,20,O3,文山州,58.0
20170124,20,O3_24h,文山州,64.0
20170124,20,O3_8h,文山州,60.0
20170124,20,O3_8h_24h,文山州,60.0
20170124,20,CO,文山州,0.7
20170124,20,CO_24h,文山州,0.6
20170124,21,AQI,文山州,51.0
20170124,21,PM2.5,文山州,36.0
20170124,21,PM2.5_24h,文山州,26.0
20170124,21,PM10,文山州,39.0
20170124,21,PM10_24h,文山州,31.0
20170124,21,SO2,文山州,5.0
20170124,21,SO2_24h,文山州,7.0
20170124,21,NO2,文山州,10.0
20170124,21,NO2_24h,文山州,8.0
20170124,21,O3,文山州,59.0
20170124,21,O3_24h,文山州,64.0
20170124,21,O3_8h,文山州,59.0
20170124,21,O3_8h_24h,文山州,60.0
20170124,21,CO,文山州,0.65
20170124,21,CO_24h,文山州,0.6
20170124,22,AQI,文山州,43.0
20170124,22,PM2.5,文山州,30.0
20170124,22,PM2.5_24h,文山州,27.0
20170124,22,PM10,文山州,36.0
20170124,22,PM10_24h,文山州,31.0
20170124,22,SO2,文山州,5.0
20170124,22,SO2_24h,文山州,7.0
20170124,22,NO2,文山州,8.0
20170124,22,NO2_24h,文山州,8.0
20170124,22,O3,文山州,62.0
20170124,22,O3_24h,文山州,64.0
20170124,22,O3_8h,文山州,60.0
20170124,22,O3_8h_24h,文山州,60.0
20170124,22,CO,文山州,0.65
20170124,22,CO_24h,文山州,0.6
20170124,23,AQI,文山州,46.0
20170124,23,PM2.5,文山州,32.0
20170124,23,PM2.5_24h,文山州,27.0
20170124,23,PM10,文山州,33.0
20170124,23,PM10_24h,文山州,32.0
20170124,23,SO2,文山州,5.0
20170124,23,SO2_24h,文山州,7.0
20170124,23,NO2,文山州,7.0
20170124,23,NO2_24h,文山州,8.0
20170124,23,O3,文山州,64.0
20170124,23,O3_24h,文山州,66.0
20170124,23,O3_8h,文山州,60.0
20170124,23,O3_8h_24h,文山州,60.0
20170124,23,CO,文山州,0.65
20170124,23,CO_24h,文山州,0.6
20170124,0,AQI,西双版纳州,41.0
20170124,0,PM2.5,西双版纳州,28.0
20170124,0,PM2.5_24h,西双版纳州,23.0
20170124,0,PM10,西双版纳州,41.0
20170124,0,PM10_24h,西双版纳州,39.0
20170124,0,SO2,西双版纳州,10.0
20170124,0,SO2_24h,西双版纳州,10.0
20170124,0,NO2,西双版纳州,18.0
20170124,0,NO2_24h,西双版纳州,14.0
20170124,0,O3,西双版纳州,24.0
20170124,0,O3_24h,西双版纳州,80.0
20170124,0,O3_8h,西双版纳州,44.0
20170124,0,O3_8h_24h,西双版纳州,63.0
20170124,0,CO,西双版纳州,0.95
20170124,0,CO_24h,西双版纳州,0.8
20170124,1,AQI,西双版纳州,44.0
20170124,1,PM2.5,西双版纳州,25.0
20170124,1,PM2.5_24h,西双版纳州,22.0
20170124,1,PM10,西双版纳州,44.0
20170124,1,PM10_24h,西双版纳州,37.0
20170124,1,SO2,西双版纳州,10.0
20170124,1,SO2_24h,西双版纳州,10.0
20170124,1,NO2,西双版纳州,17.0
20170124,1,NO2_24h,西双版纳州,14.0
20170124,1,O3,西双版纳州,21.0
20170124,1,O3_24h,西双版纳州,80.0
20170124,1,O3_8h,西双版纳州,21.0
20170124,1,O3_8h_24h,西双版纳州,21.0
20170124,1,CO,西双版纳州,0.9
20170124,1,CO_24h,西双版纳州,0.75
20170124,2,AQI,西双版纳州,50.0
20170124,2,PM2.5,西双版纳州,29.0
20170124,2,PM2.5_24h,西双版纳州,22.0
20170124,2,PM10,西双版纳州,50.0
20170124,2,PM10_24h,西双版纳州,38.0
20170124,2,SO2,西双版纳州,10.0
20170124,2,SO2_24h,西双版纳州,10.0
20170124,2,NO2,西双版纳州,15.0
20170124,2,NO2_24h,西双版纳州,14.0
20170124,2,O3,西双版纳州,18.0
20170124,2,O3_24h,西双版纳州,80.0
20170124,2,O3_8h,西双版纳州,19.0
20170124,2,O3_8h_24h,西双版纳州,21.0
20170124,2,CO,西双版纳州,0.9
20170124,2,CO_24h,西双版纳州,0.75
20170124,3,AQI,西双版纳州,41.0
20170124,3,PM2.5,西双版纳州,28.0
20170124,3,PM2.5_24h,西双版纳州,22.0
20170124,3,PM10,西双版纳州,41.0
20170124,3,PM10_24h,西双版纳州,37.0
20170124,3,SO2,西双版纳州,10.0
20170124,3,SO2_24h,西双版纳州,10.0
20170124,3,NO2,西双版纳州,14.0
20170124,3,NO2_24h,西双版纳州,14.0
20170124,3,O3,西双版纳州,16.0
20170124,3,O3_24h,西双版纳州,80.0
20170124,3,O3_8h,西双版纳州,18.0
20170124,3,O3_8h_24h,西双版纳州,21.0
20170124,3,CO,西双版纳州,0.8
20170124,3,CO_24h,西双版纳州,0.75
20170124,4,AQI,西双版纳州,32.0
20170124,4,PM2.5,西双版纳州,22.0
20170124,4,PM2.5_24h,西双版纳州,22.0
20170124,4,PM10,西双版纳州,32.0
20170124,4,PM10_24h,西双版纳州,37.0
20170124,4,SO2,西双版纳州,9.0
20170124,4,SO2_24h,西双版纳州,10.0
20170124,4,NO2,西双版纳州,13.0
20170124,4,NO2_24h,西双版纳州,14.0
20170124,4,O3,西双版纳州,14.0
20170124,4,O3_24h,西双版纳州,80.0
20170124,4,O3_8h,西双版纳州,17.0
20170124,4,O3_8h_24h,西双版纳州,21.0
20170124,4,CO,西双版纳州,0.75
20170124,4,CO_24h,西双版纳州,0.75
20170124,5,AQI,西双版纳州,36.0
20170124,5,PM2.5,西双版纳州,21.0
20170124,5,PM2.5_24h,西双版纳州,21.0
20170124,5,PM10,西双版纳州,36.0
20170124,5,PM10_24h,西双版纳州,37.0
20170124,5,SO2,西双版纳州,10.0
20170124,5,SO2_24h,西双版纳州,10.0
20170124,5,NO2,西双版纳州,13.0
20170124,5,NO2_24h,西双版纳州,14.0
20170124,5,O3,西双版纳州,14.0
20170124,5,O3_24h,西双版纳州,80.0
20170124,5,O3_8h,西双版纳州,17.0
20170124,5,O3_8h_24h,西双版纳州,21.0
20170124,5,CO,西双版纳州,0.8
20170124,5,CO_24h,西双版纳州,0.75
20170124,6,AQI,西双版纳州,37.0
20170124,6,PM2.5,西双版纳州,19.0
20170124,6,PM2.5_24h,西双版纳州,21.0
20170124,6,PM10,西双版纳州,37.0
20170124,6,PM10_24h,西双版纳州,37.0
20170124,6,SO2,西双版纳州,9.0
20170124,6,SO2_24h,西双版纳州,10.0
20170124,6,NO2,西双版纳州,13.0
20170124,6,NO2_24h,西双版纳州,14.0
20170124,6,O3,西双版纳州,13.0
20170124,6,O3_24h,西双版纳州,80.0
20170124,6,O3_8h,西双版纳州,16.0
20170124,6,O3_8h_24h,西双版纳州,21.0
20170124,6,CO,西双版纳州,0.75
20170124,6,CO_24h,西双版纳州,0.75
20170124,7,AQI,西双版纳州,34.0
20170124,7,PM2.5,西双版纳州,19.0
20170124,7,PM2.5_24h,西双版纳州,21.0
20170124,7,PM10,西双版纳州,34.0
20170124,7,PM10_24h,西双版纳州,37.0
20170124,7,SO2,西双版纳州,10.0
20170124,7,SO2_24h,西双版纳州,10.0
20170124,7,NO2,西双版纳州,15.0
20170124,7,NO2_24h,西双版纳州,14.0
20170124,7,O3,西双版纳州,9.0
20170124,7,O3_24h,西双版纳州,80.0
20170124,7,O3_8h,西双版纳州,15.0
20170124,7,O3_8h_24h,西双版纳州,21.0
20170124,7,CO,西双版纳州,0.75
20170124,7,CO_24h,西双版纳州,0.75
20170124,8,AQI,西双版纳州,36.0
20170124,8,PM2.5,西双版纳州,23.0
20170124,8,PM2.5_24h,西双版纳州,21.0
20170124,8,PM10,西双版纳州,36.0
20170124,8,PM10_24h,西双版纳州,37.0
20170124,8,SO2,西双版纳州,9.0
20170124,8,SO2_24h,西双版纳州,10.0
20170124,8,NO2,西双版纳州,15.0
20170124,8,NO2_24h,西双版纳州,14.0
20170124,8,O3,西双版纳州,9.0
20170124,8,O3_24h,西双版纳州,80.0
20170124,8,O3_8h,西双版纳州,14.0
20170124,8,O3_8h_24h,西双版纳州,21.0
20170124,8,CO,西双版纳州,0.8
20170124,8,CO_24h,西双版纳州,0.75
20170124,9,AQI,西双版纳州,37.0
20170124,9,PM2.5,西双版纳州,23.0
20170124,9,PM2.5_24h,西双版纳州,21.0
20170124,9,PM10,西双版纳州,37.0
20170124,9,PM10_24h,西双版纳州,37.0
20170124,9,SO2,西双版纳州,10.0
20170124,9,SO2_24h,西双版纳州,10.0
20170124,9,NO2,西双版纳州,16.0
20170124,9,NO2_24h,西双版纳州,14.0
20170124,9,O3,西双版纳州,8.0
20170124,9,O3_24h,西双版纳州,80.0
20170124,9,O3_8h,西双版纳州,13.0
20170124,9,O3_8h_24h,西双版纳州,21.0
20170124,9,CO,西双版纳州,0.95
20170124,9,CO_24h,西双版纳州,0.8
20170124,10,AQI,西双版纳州,42.0
20170124,10,PM2.5,西双版纳州,28.0
20170124,10,PM2.5_24h,西双版纳州,21.0
20170124,10,PM10,西双版纳州,42.0
20170124,10,PM10_24h,西双版纳州,37.0
20170124,10,SO2,西双版纳州,10.0
20170124,10,SO2_24h,西双版纳州,10.0
20170124,10,NO2,西双版纳州,19.0
20170124,10,NO2_24h,西双版纳州,14.0
20170124,10,O3,西双版纳州,12.0
20170124,10,O3_24h,西双版纳州,80.0
20170124,10,O3_8h,西双版纳州,12.0
20170124,10,O3_8h_24h,西双版纳州,21.0
20170124,10,CO,西双版纳州,1.0
20170124,10,CO_24h,西双版纳州,0.75
20170124,11,AQI,西双版纳州,45.0
20170124,11,PM2.5,西双版纳州,29.0
20170124,11,PM2.5_24h,西双版纳州,21.0
20170124,11,PM10,西双版纳州,45.0
20170124,11,PM10_24h,西双版纳州,37.0
20170124,11,SO2,西双版纳州,10.0
20170124,11,SO2_24h,西双版纳州,10.0
20170124,11,NO2,西双版纳州,16.0
20170124,11,NO2_24h,西双版纳州,13.0
20170124,11,O3,西双版纳州,24.0
20170124,11,O3_24h,西双版纳州,80.0
20170124,11,O3_8h,西双版纳州,13.0
20170124,11,O3_8h_24h,西双版纳州,21.0
20170124,11,CO,西双版纳州,0.9
20170124,11,CO_24h,西双版纳州,0.75
20170124,12,AQI,西双版纳州,36.0
20170124,12,PM2.5,西双版纳州,25.0
20170124,12,PM2.5_24h,西双版纳州,21.0
20170124,12,PM10,西双版纳州,32.0
20170124,12,PM10_24h,西双版纳州,36.0
20170124,12,SO2,西双版纳州,12.0
20170124,12,SO2_24h,西双版纳州,10.0
20170124,12,NO2,西双版纳州,7.0
20170124,12,NO2_24h,西双版纳州,13.0
20170124,12,O3,西双版纳州,38.0
20170124,12,O3_24h,西双版纳州,80.0
20170124,12,O3_8h,西双版纳州,16.0
20170124,12,O3_8h_24h,西双版纳州,21.0
20170124,12,CO,西双版纳州,0.65
20170124,12,CO_24h,西双版纳州,0.75
20170124,13,AQI,西双版纳州,23.0
20170124,13,PM2.5,西双版纳州,9.0
20170124,13,PM2.5_24h,西双版纳州,20.0
20170124,13,PM10,西双版纳州,23.0
20170124,13,PM10_24h,西双版纳州,36.0
20170124,13,SO2,西双版纳州,10.0
20170124,13,SO2_24h,西双版纳州,10.0
20170124,13,NO2,西双版纳州,6.0
20170124,13,NO2_24h,西双版纳州,12.0
20170124,13,O3,西双版纳州,58.0
20170124,13,O3_24h,西双版纳州,80.0
20170124,13,O3_8h,西双版纳州,22.0
20170124,13,O3_8h_24h,西双版纳州,22.0
20170124,13,CO,西双版纳州,0.6
20170124,13,CO_24h,西双版纳州,0.75
20170124,14,AQI,西双版纳州,24.0
20170124,14,PM2.5,西双版纳州,9.0
20170124,14,PM2.5_24h,西双版纳州,20.0
20170124,14,PM10,西双版纳州,24.0
20170124,14,PM10_24h,西双版纳州,35.0
20170124,14,SO2,西双版纳州,10.0
20170124,14,SO2_24h,西双版纳州,10.0
20170124,14,NO2,西双版纳州,4.0
20170124,14,NO2_24h,西双版纳州,12.0
20170124,14,O3,西双版纳州,65.0
20170124,14,O3_24h,西双版纳州,80.0
20170124,14,O3_8h,西双版纳州,28.0
20170124,14,O3_8h_24h,西双版纳州,28.0
20170124,14,CO,西双版纳州,0.6
20170124,14,CO_24h,西双版纳州,0.75
20170124,15,AQI,西双版纳州,22.0
20170124,15,PM2.5,西双版纳州,11.0
20170124,15,PM2.5_24h,西双版纳州,20.0
20170124,15,PM10,西双版纳州,17.0
20170124,15,PM10_24h,西双版纳州,35.0
20170124,15,SO2,西双版纳州,10.0
20170124,15,SO2_24h,西双版纳州,10.0
20170124,15,NO2,西双版纳州,4.0
20170124,15,NO2_24h,西双版纳州,12.0
20170124,15,O3,西双版纳州,69.0
20170124,15,O3_24h,西双版纳州,73.0
20170124,15,O3_8h,西双版纳州,36.0
20170124,15,O3_8h_24h,西双版纳州,36.0
20170124,15,CO,西双版纳州,0.55
20170124,15,CO_24h,西双版纳州,0.75
20170124,16,AQI,西双版纳州,23.0
20170124,16,PM2.5,西双版纳州,10.0
20170124,16,PM2.5_24h,西双版纳州,20.0
20170124,16,PM10,西双版纳州,14.0
20170124,16,PM10_24h,西双版纳州,35.0
20170124,16,SO2,西双版纳州,11.0
20170124,16,SO2_24h,西双版纳州,10.0
20170124,16,NO2,西双版纳州,4.0
20170124,16,NO2_24h,西双版纳州,12.0
20170124,16,O3,西双版纳州,73.0
20170124,16,O3_24h,西双版纳州,73.0
20170124,16,O3_8h,西双版纳州,43.0
20170124,16,O3_8h_24h,西双版纳州,43.0
20170124,16,CO,西双版纳州,0.55
20170124,16,CO_24h,西双版纳州,0.75
20170124,17,AQI,西双版纳州,23.0
20170124,17,PM2.5,西双版纳州,10.0
20170124,17,PM2.5_24h,西双版纳州,19.0
20170124,17,PM10,西双版纳州,18.0
20170124,17,PM10_24h,西双版纳州,35.0
20170124,17,SO2,西双版纳州,11.0
20170124,17,SO2_24h,西双版纳州,10.0
20170124,17,NO2,西双版纳州,4.0
20170124,17,NO2_24h,西双版纳州,12.0
20170124,17,O3,西双版纳州,74.0
20170124,17,O3_24h,西双版纳州,74.0
20170124,17,O3_8h,西双版纳州,52.0
20170124,17,O3_8h_24h,西双版纳州,52.0
20170124,17,CO,西双版纳州,0.55
20170124,17,CO_24h,西双版纳州,0.75
20170124,18,AQI,西双版纳州,22.0
20170124,18,PM2.5,西双版纳州,9.0
20170124,18,PM2.5_24h,西双版纳州,20.0
20170124,18,PM10,西双版纳州,22.0
20170124,18,PM10_24h,西双版纳州,34.0
20170124,18,SO2,西双版纳州,11.0
20170124,18,SO2_24h,西双版纳州,10.0
20170124,18,NO2,西双版纳州,6.0
20170124,18,NO2_24h,西双版纳州,12.0
20170124,18,O3,西双版纳州,68.0
20170124,18,O3_24h,西双版纳州,74.0
20170124,18,O3_8h,西双版纳州,59.0
20170124,18,O3_8h_24h,西双版纳州,59.0
20170124,18,CO,西双版纳州,0.55
20170124,18,CO_24h,西双版纳州,0.75
20170124,19,AQI,西双版纳州,24.0
20170124,19,PM2.5,西双版纳州,14.0
20170124,19,PM2.5_24h,西双版纳州,19.0
20170124,19,PM10,西双版纳州,24.0
20170124,19,PM10_24h,西双版纳州,35.0
20170124,19,SO2,西双版纳州,11.0
20170124,19,SO2_24h,西双版纳州,10.0
20170124,19,NO2,西双版纳州,10.0
20170124,19,NO2_24h,西双版纳州,12.0
20170124,19,O3,西双版纳州,60.0
20170124,19,O3_24h,西双版纳州,74.0
20170124,19,O3_8h,西双版纳州,63.0
20170124,19,O3_8h_24h,西双版纳州,63.0
20170124,19,CO,西双版纳州,0.7
20170124,19,CO_24h,西双版纳州,0.75
20170124,20,AQI,西双版纳州,33.0
20170124,20,PM2.5,西双版纳州,18.0
20170124,20,PM2.5_24h,西双版纳州,20.0
20170124,20,PM10,西双版纳州,33.0
20170124,20,PM10_24h,西双版纳州,34.0
20170124,20,SO2,西双版纳州,12.0
20170124,20,SO2_24h,西双版纳州,10.0
20170124,20,NO2,西双版纳州,17.0
20170124,20,NO2_24h,西双版纳州,12.0
20170124,20,O3,西双版纳州,44.0
20170124,20,O3_24h,西双版纳州,74.0
20170124,20,O3_8h,西双版纳州,64.0
20170124,20,O3_8h_24h,西双版纳州,64.0
20170124,20,CO,西双版纳州,0.85
20170124,20,CO_24h,西双版纳州,0.75
20170124,21,AQI,西双版纳州,33.0
20170124,21,PM2.5,西双版纳州,22.0
20170124,21,PM2.5_24h,西双版纳州,20.0
20170124,21,PM10,西双版纳州,33.0
20170124,21,PM10_24h,西双版纳州,34.0
20170124,21,SO2,西双版纳州,11.0
20170124,21,SO2_24h,西双版纳州,10.0
20170124,21,NO2,西双版纳州,17.0
20170124,21,NO2_24h,西双版纳州,12.0
20170124,21,O3,西双版纳州,36.0
20170124,21,O3_24h,西双版纳州,74.0
20170124,21,O3_8h,西双版纳州,61.0
20170124,21,O3_8h_24h,西双版纳州,64.0
20170124,21,CO,西双版纳州,0.9
20170124,21,CO_24h,西双版纳州,0.75
20170124,22,AQI,西双版纳州,43.0
20170124,22,PM2.5,西双版纳州,30.0
20170124,22,PM2.5_24h,西双版纳州,20.0
20170124,22,PM10,西双版纳州,41.0
20170124,22,PM10_24h,西双版纳州,34.0
20170124,22,SO2,西双版纳州,12.0
20170124,22,SO2_24h,西双版纳州,10.0
20170124,22,NO2,西双版纳州,23.0
20170124,22,NO2_24h,西双版纳州,12.0
20170124,22,O3,西双版纳州,27.0
20170124,22,O3_24h,西双版纳州,74.0
20170124,22,O3_8h,西双版纳州,56.0
20170124,22,O3_8h_24h,西双版纳州,64.0
20170124,22,CO,西双版纳州,0.95
20170124,22,CO_24h,西双版纳州,0.75
20170124,23,AQI,西双版纳州,47.0
20170124,23,PM2.5,西双版纳州,33.0
20170124,23,PM2.5_24h,西双版纳州,21.0
20170124,23,PM10,西双版纳州,43.0
20170124,23,PM10_24h,西双版纳州,34.0
20170124,23,SO2,西双版纳州,11.0
20170124,23,SO2_24h,西双版纳州,10.0
20170124,23,NO2,西双版纳州,14.0
20170124,23,NO2_24h,西双版纳州,12.0
20170124,23,O3,西双版纳州,29.0
20170124,23,O3_24h,西双版纳州,74.0
20170124,23,O3_8h,西双版纳州,52.0
20170124,23,O3_8h_24h,西双版纳州,64.0
20170124,23,CO,西双版纳州,0.75
20170124,23,CO_24h,西双版纳州,0.75
20170124,0,AQI,大理州,47.0
20170124,0,PM2.5,大理州,33.0
20170124,0,PM2.5_24h,大理州,37.0
20170124,0,PM10_24h,大理州,45.0
20170124,0,SO2,大理州,8.0
20170124,0,SO2_24h,大理州,10.0
20170124,0,NO2,大理州,13.0
20170124,0,NO2_24h,大理州,14.0
20170124,0,O3,大理州,88.0
20170124,0,O3_24h,大理州,117.0
20170124,0,O3_8h,大理州,101.0
20170124,0,O3_8h_24h,大理州,107.0
20170124,0,CO,大理州,0.85
20170124,0,CO_24h,大理州,0.85
20170124,1,AQI,大理州,44.0
20170124,1,PM2.5,大理州,31.0
20170124,1,PM2.5_24h,大理州,37.0
20170124,1,PM10_24h,大理州,45.0
20170124,1,SO2,大理州,8.0
20170124,1,SO2_24h,大理州,10.0
20170124,1,NO2,大理州,11.0
20170124,1,NO2_24h,大理州,14.0
20170124,1,O3,大理州,87.0
20170124,1,O3_24h,大理州,117.0
20170124,1,O3_8h,大理州,87.0
20170124,1,O3_8h_24h,大理州,87.0
20170124,1,CO,大理州,0.9
20170124,1,CO_24h,大理州,0.85
20170124,2,AQI,大理州,54.0
20170124,2,PM2.5,大理州,38.0
20170124,2,PM2.5_24h,大理州,37.0
20170124,2,PM10_24h,大理州,45.0
20170124,2,SO2,大理州,9.0
20170124,2,SO2_24h,大理州,10.0
20170124,2,NO2,大理州,11.0
20170124,2,NO2_24h,大理州,14.0
20170124,2,O3,大理州,85.0
20170124,2,O3_24h,大理州,117.0
20170124,2,O3_8h,大理州,86.0
20170124,2,O3_8h_24h,大理州,87.0
20170124,2,CO,大理州,0.8
20170124,2,CO_24h,大理州,0.85
20170124,3,AQI,大理州,46.0
20170124,3,PM2.5,大理州,32.0
20170124,3,PM2.5_24h,大理州,37.0
20170124,3,PM10_24h,大理州,44.0
20170124,3,SO2,大理州,10.0
20170124,3,SO2_24h,大理州,10.0
20170124,3,NO2,大理州,16.0
20170124,3,NO2_24h,大理州,14.0
20170124,3,O3,大理州,70.0
20170124,3,O3_24h,大理州,117.0
20170124,3,O3_8h,大理州,80.0
20170124,3,O3_8h_24h,大理州,87.0
20170124,3,CO,大理州,0.95
20170124,3,CO_24h,大理州,0.85
20170124,4,AQI,大理州,50.0
20170124,4,PM2.5,大理州,35.0
20170124,4,PM2.5_24h,大理州,36.0
20170124,4,PM10_24h,大理州,45.0
20170124,4,SO2,大理州,9.0
20170124,4,SO2_24h,大理州,10.0
20170124,4,NO2,大理州,12.0
20170124,4,NO2_24h,大理州,14.0
20170124,4,O3,大理州,80.0
20170124,4,O3_24h,大理州,117.0
20170124,4,O3_8h,大理州,80.0
20170124,4,O3_8h_24h,大理州,87.0
20170124,4,CO,大理州,0.85
20170124,4,CO_24h,大理州,0.85
20170124,5,AQI,大理州,34.0
20170124,5,PM2.5,大理州,24.0
20170124,5,PM2.5_24h,大理州,35.0
20170124,5,PM10,大理州,25.0
20170124,5,PM10_24h,大理州,42.0
20170124,5,SO2,大理州,9.0
20170124,5,SO2_24h,大理州,10.0
20170124,5,NO2,大理州,11.0
20170124,5,NO2_24h,大理州,14.0
20170124,5,O3,大理州,81.0
20170124,5,O3_24h,大理州,117.0
20170124,5,O3_8h,大理州,81.0
20170124,5,O3_8h_24h,大理州,87.0
20170124,5,CO,大理州,0.8
20170124,5,CO_24h,大理州,0.85
20170124,6,AQI,大理州,37.0
20170124,6,PM2.5,大理州,26.0
20170124,6,PM2.5_24h,大理州,34.0
20170124,6,PM10_24h,大理州,41.0
20170124,6,SO2,大理州,8.0
20170124,6,SO2_24h,大理州,10.0
20170124,6,NO2,大理州,10.0
20170124,6,NO2_24h,大理州,14.0
20170124,6,O3,大理州,82.0
20170124,6,O3_24h,大理州,117.0
20170124,6,O3_8h,大理州,81.0
20170124,6,O3_8h_24h,大理州,87.0
20170124,6,CO,大理州,0.8
20170124,6,CO_24h,大理州,0.85
20170124,7,AQI,大理州,44.0
20170124,7,PM2.5,大理州,31.0
20170124,7,PM2.5_24h,大理州,34.0
20170124,7,PM10,大理州,30.0
20170124,7,PM10_24h,大理州,41.0
20170124,7,SO2,大理州,10.0
20170124,7,SO2_24h,大理州,10.0
20170124,7,NO2,大理州,12.0
20170124,7,NO2_24h,大理州,13.0
20170124,7,O3,大理州,80.0
20170124,7,O3_24h,大理州,117.0
20170124,7,O3_8h,大理州,80.0
20170124,7,O3_8h_24h,大理州,87.0
20170124,7,CO,大理州,0.8
20170124,7,CO_24h,大理州,0.85
20170124,8,AQI,大理州,51.0
20170124,8,PM2.5,大理州,36.0
20170124,8,PM2.5_24h,大理州,34.0
20170124,8,PM10_24h,大理州,41.0
20170124,8,SO2,大理州,10.0
20170124,8,SO2_24h,大理州,10.0
20170124,8,NO2,大理州,20.0
20170124,8,NO2_24h,大理州,13.0
20170124,8,O3,大理州,72.0
20170124,8,O3_24h,大理州,117.0
20170124,8,O3_8h,大理州,80.0
20170124,8,O3_8h_24h,大理州,87.0
20170124,8,CO,大理州,0.8
20170124,8,CO_24h,大理州,0.85
20170124,9,AQI,大理州,47.0
20170124,9,PM2.5,大理州,33.0
20170124,9,PM2.5_24h,大理州,33.0
20170124,9,PM10,大理州,33.0
20170124,9,PM10_24h,大理州,40.0
20170124,9,SO2,大理州,11.0
20170124,9,SO2_24h,大理州,10.0
20170124,9,NO2,大理州,24.0
20170124,9,NO2_24h,大理州,13.0
20170124,9,O3,大理州,66.0
20170124,9,O3_24h,大理州,117.0
20170124,9,O3_8h,大理州,77.0
20170124,9,O3_8h_24h,大理州,87.0
20170124,9,CO,大理州,0.95
20170124,9,CO_24h,大理州,0.85
20170124,10,AQI,大理州,53.0
20170124,10,PM2.5,大理州,37.0
20170124,10,PM2.5_24h,大理州,33.0
20170124,10,PM10,大理州,32.0
20170124,10,PM10_24h,大理州,39.0
20170124,10,SO2,大理州,12.0
20170124,10,SO2_24h,大理州,10.0
20170124,10,NO2,大理州,18.0
20170124,10,NO2_24h,大理州,13.0
20170124,10,O3,大理州,74.0
20170124,10,O3_24h,大理州,117.0
20170124,10,O3_8h,大理州,76.0
20170124,10,O3_8h_24h,大理州,87.0
20170124,10,CO,大理州,1.0
20170124,10,CO_24h,大理州,0.85
20170124,11,AQI,大理州,58.0
20170124,11,PM2.5,大理州,41.0
20170124,11,PM2.5_24h,大理州,32.0
20170124,11,PM10,大理州,28.0
20170124,11,PM10_24h,大理州,39.0
20170124,11,SO2,大理州,12.0
20170124,11,SO2_24h,大理州,10.0
20170124,11,NO2,大理州,13.0
20170124,11,NO2_24h,大理州,13.0
20170124,11,O3,大理州,86.0
20170124,11,O3_24h,大理州,117.0
20170124,11,O3_8h,大理州,78.0
20170124,11,O3_8h_24h,大理州,87.0
20170124,11,CO,大理州,0.85
20170124,11,CO_24h,大理州,0.85
20170124,12,AQI,大理州,47.0
20170124,12,PM2.5,大理州,33.0
20170124,12,PM2.5_24h,大理州,32.0
20170124,12,PM10_24h,大理州,39.0
20170124,12,SO2,大理州,10.0
20170124,12,SO2_24h,大理州,10.0
20170124,12,NO2,大理州,11.0
20170124,12,NO2_24h,大理州,13.0
20170124,12,O3,大理州,95.0
20170124,12,O3_24h,大理州,117.0
20170124,12,O3_8h,大理州,79.0
20170124,12,O3_8h_24h,大理州,87.0
20170124,12,CO,大理州,0.85
20170124,12,CO_24h,大理州,0.8
20170124,13,AQI,大理州,43.0
20170124,13,PM2.5,大理州,30.0
20170124,13,PM2.5_24h,大理州,32.0
20170124,13,PM10_24h,大理州,39.0
20170124,13,SO2,大理州,11.0
20170124,13,SO2_24h,大理州,10.0
20170124,13,NO2,大理州,12.0
20170124,13,NO2_24h,大理州,13.0
20170124,13,O3,大理州,100.0
20170124,13,O3_24h,大理州,115.0
20170124,13,O3_8h,大理州,82.0
20170124,13,O3_8h_24h,大理州,87.0
20170124,13,CO,大理州,0.85
20170124,13,CO_24h,大理州,0.8
20170124,14,AQI,大理州,33.0
20170124,14,PM2.5,大理州,22.0
20170124,14,PM2.5_24h,大理州,32.0
20170124,14,PM10_24h,大理州,39.0
20170124,14,SO2,大理州,10.0
20170124,14,SO2_24h,大理州,10.0
20170124,14,NO2,大理州,10.0
20170124,14,NO2_24h,大理州,13.0
20170124,14,O3,大理州,106.0
20170124,14,O3_24h,大理州,116.0
20170124,14,O3_8h,大理州,85.0
20170124,14,O3_8h_24h,大理州,87.0
20170124,14,CO,大理州,0.8
20170124,14,CO_24h,大理州,0.8
20170124,15,AQI,大理州,33.0
20170124,15,PM2.5,大理州,14.0
20170124,15,PM2.5_24h,大理州,31.0
20170124,15,PM10_24h,大理州,41.0
20170124,15,SO2,大理州,10.0
20170124,15,SO2_24h,大理州,10.0
20170124,15,NO2,大理州,9.0
20170124,15,NO2_24h,大理州,13.0
20170124,15,O3,大理州,106.0
20170124,15,O3_24h,大理州,116.0
20170124,15,O3_8h,大理州,88.0
20170124,15,O3_8h_24h,大理州,89.0
20170124,15,CO,大理州,0.8
20170124,15,CO_24h,大理州,0.8
20170124,16,AQI,大理州,33.0
20170124,16,PM2.5,大理州,12.0
20170124,16,PM2.5_24h,大理州,31.0
20170124,16,PM10,大理州,16.0
20170124,16,PM10_24h,大理州,38.0
20170124,16,SO2,大理州,9.0
20170124,16,SO2_24h,大理州,10.0
20170124,16,NO2,大理州,10.0
20170124,16,NO2_24h,大理州,12.0
20170124,16,O3,大理州,106.0
20170124,16,O3_24h,大理州,115.0
20170124,16,O3_8h,大理州,92.0
20170124,16,O3_8h_24h,大理州,92.0
20170124,16,CO,大理州,0.75
20170124,16,CO_24h,大理州,0.8
20170124,17,AQI,大理州,33.0
20170124,17,PM2.5,大理州,15.0
20170124,17,PM2.5_24h,大理州,30.0
20170124,17,PM10,大理州,15.0
20170124,17,PM10_24h,大理州,34.0
20170124,17,SO2,大理州,9.0
20170124,17,SO2_24h,大理州,9.0
20170124,17,NO2,大理州,11.0
20170124,17,NO2_24h,大理州,12.0
20170124,17,O3,大理州,105.0
20170124,17,O3_24h,大理州,113.0
20170124,17,O3_8h,大理州,97.0
20170124,17,O3_8h_24h,大理州,97.0
20170124,17,CO,大理州,0.75
20170124,17,CO_24h,大理州,0.85
20170124,18,AQI,大理州,33.0
20170124,18,PM2.5,大理州,14.0
20170124,18,PM2.5_24h,大理州,30.0
20170124,18,PM10,大理州,21.0
20170124,18,PM10_24h,大理州,31.0
20170124,18,SO2,大理州,9.0
20170124,18,SO2_24h,大理州,9.0
20170124,18,NO2,大理州,11.0
20170124,18,NO2_24h,大理州,12.0
20170124,18,O3,大理州,106.0
20170124,18,O3_24h,大理州,109.0
20170124,18,O3_8h,大理州,101.0
20170124,18,O3_8h_24h,大理州,101.0
20170124,18,CO,大理州,0.75
20170124,18,CO_24h,大理州,0.85
20170124,19,AQI,大理州,37.0
20170124,19,PM2.5,大理州,23.0
20170124,19,PM2.5_24h,大理州,29.0
20170124,19,PM10,大理州,37.0
20170124,19,PM10_24h,大理州,31.0
20170124,19,SO2,大理州,8.0
20170124,19,SO2_24h,大理州,9.0
20170124,19,NO2,大理州,13.0
20170124,19,NO2_24h,大理州,12.0
20170124,19,O3,大理州,103.0
20170124,19,O3_24h,大理州,109.0
20170124,19,O3_8h,大理州,103.0
20170124,19,O3_8h_24h,大理州,103.0
20170124,19,CO,大理州,0.8
20170124,19,CO_24h,大理州,0.85
20170124,20,AQI,大理州,43.0
20170124,20,PM2.5,大理州,26.0
20170124,20,PM2.5_24h,大理州,29.0
20170124,20,PM10,大理州,43.0
20170124,20,PM10_24h,大理州,31.0
20170124,20,SO2,大理州,11.0
20170124,20,SO2_24h,大理州,9.0
20170124,20,NO2,大理州,26.0
20170124,20,NO2_24h,大理州,13.0
20170124,20,O3,大理州,81.0
20170124,20,O3_24h,大理州,109.0
20170124,20,O3_8h,大理州,102.0
20170124,20,O3_8h_24h,大理州,104.0
20170124,20,CO,大理州,0.95
20170124,20,CO_24h,大理州,0.85
20170124,21,AQI,大理州,52.0
20170124,21,PM2.5,大理州,32.0
20170124,21,PM2.5_24h,大理州,29.0
20170124,21,PM10,大理州,53.0
20170124,21,PM10_24h,大理州,33.0
20170124,21,SO2,大理州,12.0
20170124,21,SO2_24h,大理州,10.0
20170124,21,NO2,大理州,29.0
20170124,21,NO2_24h,大理州,14.0
20170124,21,O3,大理州,69.0
20170124,21,O3_24h,大理州,109.0
20170124,21,O3_8h,大理州,98.0
20170124,21,O3_8h_24h,大理州,104.0
20170124,21,CO,大理州,1.05
20170124,21,CO_24h,大理州,0.85
20170124,22,AQI,大理州,42.0
20170124,22,PM2.5,大理州,29.0
20170124,22,PM2.5_24h,大理州,28.0
20170124,22,PM10,大理州,42.0
20170124,22,PM10_24h,大理州,35.0
20170124,22,SO2,大理州,10.0
20170124,22,SO2_24h,大理州,10.0
20170124,22,NO2,大理州,19.0
20170124,22,NO2_24h,大理州,14.0
20170124,22,O3,大理州,81.0
20170124,22,O3_24h,大理州,109.0
20170124,22,O3_8h,大理州,95.0
20170124,22,O3_8h_24h,大理州,104.0
20170124,22,CO,大理州,0.75
20170124,22,CO_24h,大理州,0.85
20170124,23,AQI,大理州,46.0
20170124,23,PM2.5,大理州,32.0
20170124,23,PM2.5_24h,大理州,28.0
20170124,23,PM10,大理州,34.0
20170124,23,PM10_24h,大理州,35.0
20170124,23,SO2,大理州,9.0
20170124,23,SO2_24h,大理州,10.0
20170124,23,NO2,大理州,17.0
20170124,23,NO2_24h,大理州,15.0
20170124,23,O3,大理州,81.0
20170124,23,O3_24h,大理州,109.0
20170124,23,O3_8h,大理州,91.0
20170124,23,O3_8h_24h,大理州,104.0
20170124,23,CO,大理州,0.75
20170124,23,CO_24h,大理州,0.85
20170124,0,AQI,德宏州,115.0
20170124,0,PM2.5,德宏州,87.0
20170124,0,PM2.5_24h,德宏州,50.0
20170124,0,PM10,德宏州,125.0
20170124,0,PM10_24h,德宏州,77.0
20170124,0,SO2,德宏州,5.0
20170124,0,SO2_24h,德宏州,8.0
20170124,0,NO2,德宏州,30.0
20170124,0,NO2_24h,德宏州,27.0
20170124,0,O3,德宏州,21.0
20170124,0,O3_24h,德宏州,111.0
20170124,0,O3_8h,德宏州,59.0
20170124,0,O3_8h_24h,德宏州,92.0
20170124,0,CO,德宏州,1.2
20170124,0,CO_24h,德宏州,1.0
20170124,1,AQI,德宏州,64.0
20170124,1,PM2.5,德宏州,45.0
20170124,1,PM2.5_24h,德宏州,49.0
20170124,1,PM10,德宏州,77.0
20170124,1,PM10_24h,德宏州,77.0
20170124,1,SO2,德宏州,5.0
20170124,1,SO2_24h,德宏州,8.0
20170124,1,NO2,德宏州,34.0
20170124,1,NO2_24h,德宏州,27.0
20170124,1,O3,德宏州,12.0
20170124,1,O3_24h,德宏州,111.0
20170124,1,O3_8h,德宏州,12.0
20170124,1,O3_8h_24h,德宏州,12.0
20170124,1,CO,德宏州,1.2
20170124,1,CO_24h,德宏州,1.0
20170124,2,AQI,德宏州,62.0
20170124,2,PM2.5,德宏州,39.0
20170124,2,PM2.5_24h,德宏州,49.0
20170124,2,PM10,德宏州,73.0
20170124,2,PM10_24h,德宏州,77.0
20170124,2,SO2,德宏州,5.0
20170124,2,SO2_24h,德宏州,8.0
20170124,2,NO2,德宏州,38.0
20170124,2,NO2_24h,德宏州,27.0
20170124,2,O3,德宏州,2.0
20170124,2,O3_24h,德宏州,111.0
20170124,2,O3_8h,德宏州,7.0
20170124,2,O3_8h_24h,德宏州,12.0
20170124,2,CO,德宏州,1.1
20170124,2,CO_24h,德宏州,1.0
20170124,3,AQI,德宏州,58.0
20170124,3,PM2.5,德宏州,27.0
20170124,3,PM2.5_24h,德宏州,49.0
20170124,3,PM10,德宏州,65.0
20170124,3,PM10_24h,德宏州,77.0
20170124,3,SO2,德宏州,5.0
20170124,3,SO2_24h,德宏州,8.0
20170124,3,NO2,德宏州,33.0
20170124,3,NO2_24h,德宏州,27.0
20170124,3,O3,德宏州,3.0
20170124,3,O3_24h,德宏州,111.0
20170124,3,O3_8h,德宏州,6.0
20170124,3,O3_8h_24h,德宏州,12.0
20170124,3,CO,德宏州,1.1
20170124,3,CO_24h,德宏州,1.0
20170124,4,AQI,德宏州,58.0
20170124,4,PM2.5,德宏州,41.0
20170124,4,PM2.5_24h,德宏州,49.0
20170124,4,PM10,德宏州,61.0
20170124,4,PM10_24h,德宏州,77.0
20170124,4,SO2,德宏州,4.0
20170124,4,SO2_24h,德宏州,8.0
20170124,4,NO2,德宏州,30.0
20170124,4,NO2_24h,德宏州,26.0
20170124,4,O3,德宏州,3.0
20170124,4,O3_24h,德宏州,111.0
20170124,4,O3_8h,德宏州,5.0
20170124,4,O3_8h_24h,德宏州,12.0
20170124,4,CO,德宏州,1.0
20170124,4,CO_24h,德宏州,1.0
20170124,5,AQI,德宏州,68.0
20170124,5,PM2.5,德宏州,49.0
20170124,5,PM2.5_24h,德宏州,50.0
20170124,5,PM10,德宏州,64.0
20170124,5,PM10_24h,德宏州,77.0
20170124,5,SO2,德宏州,4.0
20170124,5,SO2_24h,德宏州,8.0
20170124,5,NO2,德宏州,21.0
20170124,5,NO2_24h,德宏州,26.0
20170124,5,O3,德宏州,2.0
20170124,5,O3_24h,德宏州,111.0
20170124,5,O3_8h,德宏州,4.0
20170124,5,O3_8h_24h,德宏州,12.0
20170124,5,CO,德宏州,1.0
20170124,5,CO_24h,德宏州,1.1
20170124,6,AQI,德宏州,52.0
20170124,6,PM2.5,德宏州,35.0
20170124,6,PM2.5_24h,德宏州,51.0
20170124,6,PM10,德宏州,54.0
20170124,6,PM10_24h,德宏州,77.0
20170124,6,SO2,德宏州,6.0
20170124,6,SO2_24h,德宏州,8.0
20170124,6,NO2,德宏州,22.0
20170124,6,NO2_24h,德宏州,26.0
20170124,6,O3,德宏州,2.0
20170124,6,O3_24h,德宏州,111.0
20170124,6,O3_8h,德宏州,4.0
20170124,6,O3_8h_24h,德宏州,12.0
20170124,6,CO,德宏州,0.9
20170124,6,CO_24h,德宏州,1.1
20170124,7,AQI,德宏州,34.0
20170124,7,PM2.5,德宏州,23.0
20170124,7,PM2.5_24h,德宏州,51.0
20170124,7,PM10,德宏州,34.0
20170124,7,PM10_24h,德宏州,75.0
20170124,7,SO2,德宏州,5.0
20170124,7,SO2_24h,德宏州,8.0
20170124,7,NO2,德宏州,16.0
20170124,7,NO2_24h,德宏州,25.0
20170124,7,O3,德宏州,1.0
20170124,7,O3_24h,德宏州,111.0
20170124,7,O3_8h,德宏州,4.0
20170124,7,O3_8h_24h,德宏州,12.0
20170124,7,CO,德宏州,0.9
20170124,7,CO_24h,德宏州,1.1
20170124,8,AQI,德宏州,29.0
20170124,8,PM2.5,德宏州,9.0
20170124,8,PM2.5_24h,德宏州,50.0
20170124,8,PM10,德宏州,29.0
20170124,8,PM10_24h,德宏州,73.0
20170124,8,SO2,德宏州,6.0
20170124,8,SO2_24h,德宏州,8.0
20170124,8,NO2,德宏州,13.0
20170124,8,NO2_24h,德宏州,25.0
20170124,8,O3,德宏州,2.0
20170124,8,O3_24h,德宏州,111.0
20170124,8,O3_8h,德宏州,3.0
20170124,8,O3_8h_24h,德宏州,12.0
20170124,8,CO,德宏州,1.0
20170124,8,CO_24h,德宏州,1.1
20170124,9,AQI,德宏州,52.0
20170124,9,PM2.5,德宏州,10.0
20170124,9,PM2.5_24h,德宏州,49.0
20170124,9,PM10,德宏州,53.0
20170124,9,PM10_24h,德宏州,72.0
20170124,9,SO2,德宏州,5.0
20170124,9,SO2_24h,德宏州,8.0
20170124,9,NO2,德宏州,12.0
20170124,9,NO2_24h,德宏州,25.0
20170124,9,O3,德宏州,3.0
20170124,9,O3_24h,德宏州,111.0
20170124,9,O3_8h,德宏州,2.0
20170124,9,O3_8h_24h,德宏州,12.0
20170124,9,CO,德宏州,1.2
20170124,9,CO_24h,德宏州,1.1
20170124,10,AQI,德宏州,61.0
20170124,10,PM2.5,德宏州,40.0
20170124,10,PM2.5_24h,德宏州,49.0
20170124,10,PM10,德宏州,71.0
20170124,10,PM10_24h,德宏州,73.0
20170124,10,SO2,德宏州,7.0
20170124,10,SO2_24h,德宏州,8.0
20170124,10,NO2,德宏州,18.0
20170124,10,NO2_24h,德宏州,25.0
20170124,10,O3,德宏州,5.0
20170124,10,O3_24h,德宏州,111.0
20170124,10,O3_8h,德宏州,3.0
20170124,10,O3_8h_24h,德宏州,12.0
20170124,10,CO,德宏州,1.5
20170124,10,CO_24h,德宏州,1.1
20170124,11,AQI,德宏州,73.0
20170124,11,PM2.5,德宏州,53.0
20170124,11,PM2.5_24h,德宏州,49.0
20170124,11,PM10,德宏州,81.0
20170124,11,PM10_24h,德宏州,73.0
20170124,11,SO2,德宏州,9.0
20170124,11,SO2_24h,德宏州,8.0
20170124,11,NO2,德宏州,30.0
20170124,11,NO2_24h,德宏州,24.0
20170124,11,O3,德宏州,14.0
20170124,11,O3_24h,德宏州,111.0
20170124,11,O3_8h,德宏州,4.0
20170124,11,O3_8h_24h,德宏州,12.0
20170124,11,CO,德宏州,1.3
20170124,11,CO_24h,德宏州,1.1
20170124,12,AQI,德宏州,68.0
20170124,12,PM2.5,德宏州,49.0
20170124,12,PM2.5_24h,德宏州,49.0
20170124,12,PM10,德宏州,81.0
20170124,12,PM10_24h,德宏州,72.0
20170124,12,SO2,德宏州,9.0
20170124,12,SO2_24h,德宏州,8.0
20170124,12,NO2,德宏州,28.0
20170124,12,NO2_24h,德宏州,25.0
20170124,12,O3,德宏州,39.0
20170124,12,O3_24h,德宏州,111.0
20170124,12,O3_8h,德宏州,8.0
20170124,12,O3_8h_24h,德宏州,12.0
20170124,12,CO,德宏州,1.0
20170124,12,CO_24h,德宏州,1.1
20170124,13,AQI,德宏州,66.0
20170124,13,PM2.5,德宏州,47.0
20170124,13,PM2.5_24h,德宏州,48.0
20170124,13,PM10,德宏州,81.0
20170124,13,PM10_24h,德宏州,72.0
20170124,13,SO2,德宏州,6.0
20170124,13,SO2_24h,德宏州,8.0
20170124,13,NO2,德宏州,14.0
20170124,13,NO2_24h,德宏州,24.0
20170124,13,O3,德宏州,81.0
20170124,13,O3_24h,德宏州,111.0
20170124,13,O3_8h,德宏州,18.0
20170124,13,O3_8h_24h,德宏州,18.0
20170124,13,CO,德宏州,0.9
20170124,13,CO_24h,德宏州,1.1
20170124,14,AQI,德宏州,65.0
20170124,14,PM2.5,德宏州,35.0
20170124,14,PM2.5_24h,德宏州,47.0
20170124,14,PM10,德宏州,80.0
20170124,14,PM10_24h,德宏州,73.0
20170124,14,SO2,德宏州,7.0
20170124,14,SO2_24h,德宏州,7.0
20170124,14,NO2,德宏州,11.0
20170124,14,NO2_24h,德宏州,24.0
20170124,14,O3,德宏州,101.0
20170124,14,O3_24h,德宏州,111.0
20170124,14,O3_8h,德宏州,31.0
20170124,14,O3_8h_24h,德宏州,31.0
20170124,14,CO,德宏州,0.8
20170124,14,CO_24h,德宏州,1.1
20170124,15,AQI,德宏州,52.0
20170124,15,PM2.5,德宏州,28.0
20170124,15,PM2.5_24h,德宏州,46.0
20170124,15,PM10,德宏州,54.0
20170124,15,PM10_24h,德宏州,72.0
20170124,15,SO2,德宏州,8.0
20170124,15,SO2_24h,德宏州,7.0
20170124,15,NO2,德宏州,6.0
20170124,15,NO2_24h,德宏州,24.0
20170124,15,O3,德宏州,109.0
20170124,15,O3_24h,德宏州,111.0
20170124,15,O3_8h,德宏州,44.0
20170124,15,O3_8h_24h,德宏州,44.0
20170124,15,CO,德宏州,0.7
20170124,15,CO_24h,德宏州,1.1
20170124,16,AQI,德宏州,44.0
20170124,16,PM2.5,德宏州,31.0
20170124,16,PM2.5_24h,德宏州,45.0
20170124,16,PM10_24h,德宏州,71.0
20170124,16,SO2,德宏州,8.0
20170124,16,SO2_24h,德宏州,7.0
20170124,16,NO2,德宏州,7.0
20170124,16,NO2_24h,德宏州,23.0
20170124,16,O3,德宏州,104.0
20170124,16,O3_24h,德宏州,109.0
20170124,16,O3_8h,德宏州,57.0
20170124,16,O3_8h_24h,德宏州,57.0
20170124,16,CO,德宏州,0.7
20170124,16,CO_24h,德宏州,1.1
20170124,17,AQI,德宏州,32.0
20170124,17,PM2.5,德宏州,11.0
20170124,17,PM2.5_24h,德宏州,43.0
20170124,17,PM10,德宏州,26.0
20170124,17,PM10_24h,德宏州,69.0
20170124,17,SO2,德宏州,8.0
20170124,17,SO2_24h,德宏州,7.0
20170124,17,NO2,德宏州,6.0
20170124,17,NO2_24h,德宏州,23.0
20170124,17,O3,德宏州,103.0
20170124,17,O3_24h,德宏州,109.0
20170124,17,O3_8h,德宏州,70.0
20170124,17,O3_8h_24h,德宏州,70.0
20170124,17,CO,德宏州,0.7
20170124,17,CO_24h,德宏州,1.1
20170124,18,AQI,德宏州,30.0
20170124,18,PM2.5,德宏州,9.0
20170124,18,PM2.5_24h,德宏州,41.0
20170124,18,PM10,德宏州,27.0
20170124,18,PM10_24h,德宏州,67.0
20170124,18,SO2,德宏州,7.0
20170124,18,SO2_24h,德宏州,6.0
20170124,18,NO2,德宏州,7.0
20170124,18,NO2_24h,德宏州,23.0
20170124,18,O3,德宏州,96.0
20170124,18,O3_24h,德宏州,109.0
20170124,18,O3_8h,德宏州,81.0
20170124,18,O3_8h_24h,德宏州,81.0
20170124,18,CO,德宏州,0.7
20170124,18,CO_24h,德宏州,1.1
20170124,19,AQI,德宏州,30.0
20170124,19,PM2.5,德宏州,21.0
20170124,19,PM2.5_24h,德宏州,41.0
20170124,19,PM10,德宏州,28.0
20170124,19,PM10_24h,德宏州,66.0
20170124,19,SO2,德宏州,8.0
20170124,19,SO2_24h,德宏州,6.0
20170124,19,NO2,德宏州,14.0
20170124,19,NO2_24h,德宏州,23.0
20170124,19,O3,德宏州,86.0
20170124,19,O3_24h,德宏州,109.0
20170124,19,O3_8h,德宏州,90.0
20170124,19,O3_8h_24h,德宏州,90.0
20170124,19,CO,德宏州,0.8
20170124,19,CO_24h,德宏州,1.1
20170124,20,AQI,德宏州,43.0
20170124,20,PM2.5,德宏州,14.0
20170124,20,PM2.5_24h,德宏州,41.0
20170124,20,PM10,德宏州,43.0
20170124,20,PM10_24h,德宏州,65.0
20170124,20,SO2,德宏州,7.0
20170124,20,SO2_24h,德宏州,6.0
20170124,20,NO2,德宏州,24.0
20170124,20,NO2_24h,德宏州,22.0
20170124,20,O3,德宏州,54.0
20170124,20,O3_24h,德宏州,109.0
20170124,20,O3_8h,德宏州,92.0
20170124,20,O3_8h_24h,德宏州,92.0
20170124,20,CO,德宏州,1.0
20170124,20,CO_24h,德宏州,1.1
20170124,21,AQI,德宏州,66.0
20170124,21,PM2.5,德宏州,48.0
20170124,21,PM2.5_24h,德宏州,40.0
20170124,21,PM10,德宏州,64.0
20170124,21,PM10_24h,德宏州,65.0
20170124,21,SO2,德宏州,5.0
20170124,21,SO2_24h,德宏州,6.0
20170124,21,NO2,德宏州,41.0
20170124,21,NO2_24h,德宏州,22.0
20170124,21,O3,德宏州,21.0
20170124,21,O3_24h,德宏州,109.0
20170124,21,O3_8h,德宏州,84.0
20170124,21,O3_8h_24h,德宏州,92.0
20170124,21,CO,德宏州,1.4
20170124,21,CO_24h,德宏州,1.1
20170124,22,AQI,德宏州,101.0
20170124,22,PM2.5,德宏州,76.0
20170124,22,PM2.5_24h,德宏州,39.0
20170124,22,PM10,德宏州,94.0
20170124,22,PM10_24h,德宏州,66.0
20170124,22,SO2,德宏州,5.0
20170124,22,SO2_24h,德宏州,6.0
20170124,22,NO2,德宏州,36.0
20170124,22,NO2_24h,德宏州,22.0
20170124,22,O3,德宏州,28.0
20170124,22,O3_24h,德宏州,109.0
20170124,22,O3_8h,德宏州,75.0
20170124,22,O3_8h_24h,德宏州,92.0
20170124,22,CO,德宏州,1.4
20170124,22,CO_24h,德宏州,1.0
20170124,23,AQI,德宏州,81.0
20170124,23,PM2.5,德宏州,60.0
20170124,23,PM2.5_24h,德宏州,37.0
20170124,23,PM10,德宏州,100.0
20170124,23,PM10_24h,德宏州,64.0
20170124,23,SO2,德宏州,4.0
20170124,23,SO2_24h,德宏州,6.0
20170124,23,NO2,德宏州,27.0
20170124,23,NO2_24h,德宏州,22.0
20170124,23,O3,德宏州,34.0
20170124,23,O3_24h,德宏州,109.0
20170124,23,O3_8h,德宏州,66.0
20170124,23,O3_8h_24h,德宏州,92.0
20170124,23,CO,德宏州,1.2
20170124,23,CO_24h,德宏州,1.0
20170124,0,AQI,怒江州,63.0
20170124,0,PM2.5,怒江州,45.0
20170124,0,PM2.5_24h,怒江州,26.0
20170124,0,PM10,怒江州,61.0
20170124,0,PM10_24h,怒江州,50.0
20170124,0,SO2,怒江州,15.0
20170124,0,SO2_24h,怒江州,15.0
20170124,0,NO2,怒江州,28.0
20170124,0,NO2_24h,怒江州,22.0
20170124,0,O3,怒江州,27.0
20170124,0,O3_24h,怒江州,84.0
20170124,0,O3_8h,怒江州,43.0
20170124,0,O3_8h_24h,怒江州,69.0
20170124,0,CO,怒江州,1.3
20170124,0,CO_24h,怒江州,1.15
20170124,1,AQI,怒江州,56.0
20170124,1,PM2.5,怒江州,40.0
20170124,1,PM2.5_24h,怒江州,26.0
20170124,1,PM10,怒江州,51.0
20170124,1,PM10_24h,怒江州,50.0
20170124,1,SO2,怒江州,15.0
20170124,1,SO2_24h,怒江州,15.0
20170124,1,NO2,怒江州,21.0
20170124,1,NO2_24h,怒江州,21.0
20170124,1,O3,怒江州,31.0
20170124,1,O3_24h,怒江州,84.0
20170124,1,O3_8h,怒江州,31.0
20170124,1,O3_8h_24h,怒江州,31.0
20170124,1,CO,怒江州,1.15
20170124,1,CO_24h,怒江州,1.15
20170124,2,AQI,怒江州,38.0
20170124,2,PM2.5,怒江州,9.0
20170124,2,PM2.5_24h,怒江州,24.0
20170124,2,PM10,怒江州,38.0
20170124,2,PM10_24h,怒江州,49.0
20170124,2,SO2,怒江州,14.0
20170124,2,SO2_24h,怒江州,15.0
20170124,2,NO2,怒江州,15.0
20170124,2,NO2_24h,怒江州,21.0
20170124,2,O3,怒江州,36.0
20170124,2,O3_24h,怒江州,84.0
20170124,2,O3_8h,怒江州,34.0
20170124,2,O3_8h_24h,怒江州,34.0
20170124,2,CO,怒江州,1.1
20170124,2,CO_24h,怒江州,1.15
20170124,3,AQI,怒江州,26.0
20170124,3,PM2.5,怒江州,12.0
20170124,3,PM2.5_24h,怒江州,23.0
20170124,3,PM10,怒江州,26.0
20170124,3,PM10_24h,怒江州,48.0
20170124,3,SO2,怒江州,14.0
20170124,3,SO2_24h,怒江州,15.0
20170124,3,NO2,怒江州,13.0
20170124,3,NO2_24h,怒江州,20.0
20170124,3,O3,怒江州,39.0
20170124,3,O3_24h,怒江州,84.0
20170124,3,O3_8h,怒江州,35.0
20170124,3,O3_8h_24h,怒江州,35.0
20170124,3,CO,怒江州,1.05
20170124,3,CO_24h,怒江州,1.15
20170124,4,AQI,怒江州,23.0
20170124,4,PM2.5,怒江州,10.0
20170124,4,PM2.5_24h,怒江州,22.0
20170124,4,PM10,怒江州,23.0
20170124,4,PM10_24h,怒江州,47.0
20170124,4,SO2,怒江州,14.0
20170124,4,SO2_24h,怒江州,15.0
20170124,4,NO2,怒江州,12.0
20170124,4,NO2_24h,怒江州,20.0
20170124,4,O3,怒江州,35.0
20170124,4,O3_24h,怒江州,84.0
20170124,4,O3_8h,怒江州,35.0
20170124,4,O3_8h_24h,怒江州,35.0
20170124,4,CO,怒江州,1.0
20170124,4,CO_24h,怒江州,1.15
20170124,5,AQI,怒江州,29.0
20170124,5,PM2.5,怒江州,20.0
20170124,5,PM2.5_24h,怒江州,22.0
20170124,5,PM10,怒江州,21.0
20170124,5,PM10_24h,怒江州,47.0
20170124,5,SO2,怒江州,15.0
20170124,5,SO2_24h,怒江州,15.0
20170124,5,NO2,怒江州,10.0
20170124,5,NO2_24h,怒江州,20.0
20170124,5,O3,怒江州,38.0
20170124,5,O3_24h,怒江州,84.0
20170124,5,O3_8h,怒江州,36.0
20170124,5,O3_8h_24h,怒江州,36.0
20170124,5,CO,怒江州,1.0
20170124,5,CO_24h,怒江州,1.15
20170124,6,AQI,怒江州,53.0
20170124,6,PM2.5,怒江州,37.0
20170124,6,PM2.5_24h,怒江州,23.0
20170124,6,PM10_24h,怒江州,48.0
20170124,6,SO2,怒江州,14.0
20170124,6,SO2_24h,怒江州,15.0
20170124,6,NO2,怒江州,10.0
20170124,6,NO2_24h,怒江州,20.0
20170124,6,O3,怒江州,37.0
20170124,6,O3_24h,怒江州,84.0
20170124,6,O3_8h,怒江州,36.0
20170124,6,O3_8h_24h,怒江州,36.0
20170124,6,CO,怒江州,1.0
20170124,6,CO_24h,怒江州,1.15
20170124,7,AQI,怒江州,53.0
20170124,7,PM2.5,怒江州,37.0
20170124,7,PM2.5_24h,怒江州,24.0
20170124,7,PM10_24h,怒江州,48.0
20170124,7,SO2,怒江州,14.0
20170124,7,SO2_24h,怒江州,15.0
20170124,7,NO2,怒江州,12.0
20170124,7,NO2_24h,怒江州,20.0
20170124,7,O3,怒江州,34.0
20170124,7,O3_24h,怒江州,84.0
20170124,7,O3_8h,怒江州,36.0
20170124,7,O3_8h_24h,怒江州,36.0
20170124,7,CO,怒江州,1.0
20170124,7,CO_24h,怒江州,1.15
20170124,8,AQI,怒江州,38.0
20170124,8,PM2.5,怒江州,18.0
20170124,8,PM2.5_24h,怒江州,24.0
20170124,8,PM10,怒江州,38.0
20170124,8,PM10_24h,怒江州,49.0
20170124,8,SO2,怒江州,14.0
20170124,8,SO2_24h,怒江州,15.0
20170124,8,NO2,怒江州,15.0
20170124,8,NO2_24h,怒江州,20.0
20170124,8,O3,怒江州,31.0
20170124,8,O3_24h,怒江州,84.0
20170124,8,O3_8h,怒江州,35.0
20170124,8,O3_8h_24h,怒江州,36.0
20170124,8,CO,怒江州,1.05
20170124,8,CO_24h,怒江州,1.15
20170124,9,AQI,怒江州,40.0
20170124,9,PM2.5,怒江州,20.0
20170124,9,PM2.5_24h,怒江州,25.0
20170124,9,PM10,怒江州,40.0
20170124,9,PM10_24h,怒江州,49.0
20170124,9,SO2,怒江州,14.0
20170124,9,SO2_24h,怒江州,15.0
20170124,9,NO2,怒江州,19.0
20170124,9,NO2_24h,怒江州,20.0
20170124,9,O3,怒江州,27.0
20170124,9,O3_24h,怒江州,84.0
20170124,9,O3_8h,怒江州,34.0
20170124,9,O3_8h_24h,怒江州,36.0
20170124,9,CO,怒江州,1.15
20170124,9,CO_24h,怒江州,1.15
20170124,10,AQI,怒江州,49.0
20170124,10,PM2.5,怒江州,31.0
20170124,10,PM2.5_24h,怒江州,25.0
20170124,10,PM10,怒江州,49.0
20170124,10,PM10_24h,怒江州,48.0
20170124,10,SO2,怒江州,15.0
20170124,10,SO2_24h,怒江州,15.0
20170124,10,NO2,怒江州,20.0
20170124,10,NO2_24h,怒江州,20.0
20170124,10,O3,怒江州,32.0
20170124,10,O3_24h,怒江州,84.0
20170124,10,O3_8h,怒江州,34.0
20170124,10,O3_8h_24h,怒江州,36.0
20170124,10,CO,怒江州,1.2
20170124,10,CO_24h,怒江州,1.15
20170124,11,AQI,怒江州,49.0
20170124,11,PM2.5,怒江州,8.0
20170124,11,PM2.5_24h,怒江州,25.0
20170124,11,PM10,怒江州,49.0
20170124,11,PM10_24h,怒江州,48.0
20170124,11,SO2,怒江州,12.0
20170124,11,SO2_24h,怒江州,14.0
20170124,11,NO2,怒江州,15.0
20170124,11,NO2_24h,怒江州,19.0
20170124,11,O3,怒江州,46.0
20170124,11,O3_24h,怒江州,84.0
20170124,11,O3_8h,怒江州,35.0
20170124,11,O3_8h_24h,怒江州,36.0
20170124,11,CO,怒江州,1.15
20170124,11,CO_24h,怒江州,1.15
20170124,12,AQI,怒江州,81.0
20170124,12,PM2.5,怒江州,60.0
20170124,12,PM2.5_24h,怒江州,27.0
20170124,12,PM10,怒江州,44.0
20170124,12,PM10_24h,怒江州,48.0
20170124,12,SO2,怒江州,11.0
20170124,12,SO2_24h,怒江州,14.0
20170124,12,NO2,怒江州,12.0
20170124,12,NO2_24h,怒江州,19.0
20170124,12,O3,怒江州,56.0
20170124,12,O3_24h,怒江州,84.0
20170124,12,O3_8h,怒江州,37.0
20170124,12,O3_8h_24h,怒江州,37.0
20170124,12,CO,怒江州,1.1
20170124,12,CO_24h,怒江州,1.15
20170124,13,AQI,怒江州,111.0
20170124,13,PM2.5,怒江州,84.0
20170124,13,PM2.5_24h,怒江州,34.0
20170124,13,PM10_24h,怒江州,60.0
20170124,13,SO2,怒江州,7.0
20170124,13,SO2_24h,怒江州,7.0
20170124,13,NO2,怒江州,14.0
20170124,13,NO2_24h,怒江州,28.0
20170124,13,O3,怒江州,80.0
20170124,13,O3_24h,怒江州,104.0
20170124,13,O3_8h,怒江州,40.0
20170124,13,O3_8h_24h,怒江州,40.0
20170124,13,CO,怒江州,0.9
20170124,13,CO_24h,怒江州,0.8
20170124,14,AQI,怒江州,42.0
20170124,14,PM2.5,怒江州,29.0
20170124,14,PM2.5_24h,怒江州,33.0
20170124,14,PM10,怒江州,42.0
20170124,14,PM10_24h,怒江州,60.0
20170124,14,SO2,怒江州,6.0
20170124,14,SO2_24h,怒江州,7.0
20170124,14,NO2,怒江州,11.0
20170124,14,NO2_24h,怒江州,28.0
20170124,14,O3,怒江州,91.0
20170124,14,O3_24h,怒江州,104.0
20170124,14,O3_8h,怒江州,47.0
20170124,14,O3_8h_24h,怒江州,47.0
20170124,14,CO,怒江州,0.8
20170124,14,CO_24h,怒江州,0.8
20170124,15,AQI,怒江州,41.0
20170124,15,PM2.5,怒江州,6.0
20170124,15,PM2.5_24h,怒江州,33.0
20170124,15,PM10,怒江州,41.0
20170124,15,PM10_24h,怒江州,60.0
20170124,15,SO2,怒江州,6.0
20170124,15,SO2_24h,怒江州,7.0
20170124,15,NO2,怒江州,11.0
20170124,15,NO2_24h,怒江州,28.0
20170124,15,O3,怒江州,98.0
20170124,15,O3_24h,怒江州,104.0
20170124,15,O3_8h,怒江州,56.0
20170124,15,O3_8h_24h,怒江州,56.0
20170124,15,CO,怒江州,0.8
20170124,15,CO_24h,怒江州,0.9
20170124,16,AQI,怒江州,46.0
20170124,16,PM2.5,怒江州,10.0
20170124,16,PM2.5_24h,怒江州,32.0
20170124,16,PM10,怒江州,46.0
20170124,16,PM10_24h,怒江州,59.0
20170124,16,SO2,怒江州,6.0
20170124,16,SO2_24h,怒江州,7.0
20170124,16,NO2,怒江州,11.0
20170124,16,NO2_24h,怒江州,28.0
20170124,16,O3,怒江州,100.0
20170124,16,O3_24h,怒江州,104.0
20170124,16,O3_8h,怒江州,65.0
20170124,16,O3_8h_24h,怒江州,65.0
20170124,16,CO,怒江州,0.7
20170124,16,CO_24h,怒江州,0.9
20170124,17,AQI,怒江州,39.0
20170124,17,PM2.5,怒江州,16.0
20170124,17,PM2.5_24h,怒江州,32.0
20170124,17,PM10,怒江州,39.0
20170124,17,PM10_24h,怒江州,58.0
20170124,17,SO2,怒江州,7.0
20170124,17,SO2_24h,怒江州,7.0
20170124,17,NO2,怒江州,11.0
20170124,17,NO2_24h,怒江州,27.0
20170124,17,O3,怒江州,100.0
20170124,17,O3_24h,怒江州,100.0
20170124,17,O3_8h,怒江州,75.0
20170124,17,O3_8h_24h,怒江州,75.0
20170124,17,CO,怒江州,0.8
20170124,17,CO_24h,怒江州,0.9
20170124,18,AQI,怒江州,49.0
20170124,18,PM2.5,怒江州,6.0
20170124,18,PM2.5_24h,怒江州,31.0
20170124,18,PM10,怒江州,49.0
20170124,18,PM10_24h,怒江州,58.0
20170124,18,SO2,怒江州,7.0
20170124,18,SO2_24h,怒江州,7.0
20170124,18,NO2,怒江州,23.0
20170124,18,NO2_24h,怒江州,28.0
20170124,18,O3,怒江州,80.0
20170124,18,O3_24h,怒江州,100.0
20170124,18,O3_8h,怒江州,82.0
20170124,18,O3_8h_24h,怒江州,82.0
20170124,18,CO,怒江州,1.0
20170124,18,CO_24h,怒江州,0.9
20170124,19,AQI,怒江州,79.0
20170124,19,PM2.5,怒江州,1.0
20170124,19,PM2.5_24h,怒江州,31.0
20170124,19,PM10,怒江州,108.0
20170124,19,PM10_24h,怒江州,59.0
20170124,19,SO2,怒江州,8.0
20170124,19,SO2_24h,怒江州,7.0
20170124,19,NO2,怒江州,50.0
20170124,19,NO2_24h,怒江州,28.0
20170124,19,O3,怒江州,36.0
20170124,19,O3_24h,怒江州,100.0
20170124,19,O3_8h,怒江州,81.0
20170124,19,O3_8h_24h,怒江州,82.0
20170124,19,CO,怒江州,1.6
20170124,19,CO_24h,怒江州,0.9
20170124,20,AQI,怒江州,80.0
20170124,20,PM2.5_24h,怒江州,31.0
20170124,20,PM10,怒江州,109.0
20170124,20,PM10_24h,怒江州,60.0
20170124,20,SO2,怒江州,9.0
20170124,20,SO2_24h,怒江州,7.0
20170124,20,NO2,怒江州,60.0
20170124,20,NO2_24h,怒江州,28.0
20170124,20,O3,怒江州,14.0
20170124,20,O3_24h,怒江州,100.0
20170124,20,O3_8h,怒江州,75.0
20170124,20,O3_8h_24h,怒江州,82.0
20170124,20,CO,怒江州,1.7
20170124,20,CO_24h,怒江州,0.9
20170124,21,AQI,怒江州,63.0
20170124,21,PM2.5,怒江州,5.0
20170124,21,PM2.5_24h,怒江州,31.0
20170124,21,PM10,怒江州,75.0
20170124,21,PM10_24h,怒江州,59.0
20170124,21,SO2,怒江州,10.0
20170124,21,SO2_24h,怒江州,7.0
20170124,21,NO2,怒江州,41.0
20170124,21,NO2_24h,怒江州,27.0
20170124,21,O3,怒江州,30.0
20170124,21,O3_24h,怒江州,100.0
20170124,21,O3_8h,怒江州,69.0
20170124,21,O3_8h_24h,怒江州,82.0
20170124,21,CO,怒江州,1.5
20170124,21,CO_24h,怒江州,0.9
20170124,22,AQI,怒江州,58.0
20170124,22,PM2.5,怒江州,29.0
20170124,22,PM2.5_24h,怒江州,30.0
20170124,22,PM10,怒江州,66.0
20170124,22,PM10_24h,怒江州,58.0
20170124,22,SO2,怒江州,9.0
20170124,22,SO2_24h,怒江州,7.0
20170124,22,NO2,怒江州,41.0
20170124,22,NO2_24h,怒江州,26.0
20170124,22,O3,怒江州,24.0
20170124,22,O3_24h,怒江州,100.0
20170124,22,O3_8h,怒江州,60.0
20170124,22,O3_8h_24h,怒江州,82.0
20170124,22,CO,怒江州,1.5
20170124,22,CO_24h,怒江州,0.9
20170124,23,AQI,怒江州,58.0
20170124,23,PM2.5,怒江州,28.0
20170124,23,PM2.5_24h,怒江州,25.0
20170124,23,PM10,怒江州,65.0
20170124,23,PM10_24h,怒江州,46.0
20170124,23,SO2,怒江州,13.0
20170124,23,SO2_24h,怒江州,14.0
20170124,23,NO2,怒江州,22.0
20170124,23,NO2_24h,怒江州,17.0
20170124,23,O3,怒江州,29.0
20170124,23,O3_24h,怒江州,74.0
20170124,23,O3_8h,怒江州,43.0
20170124,23,O3_8h_24h,怒江州,61.0
20170124,23,CO,怒江州,1.4
20170124,23,CO_24h,怒江州,1.15
20170124,0,AQI,迪庆州,22.0
20170124,0,PM2.5,迪庆州,12.0
20170124,0,PM2.5_24h,迪庆州,13.0
20170124,0,PM10,迪庆州,22.0
20170124,0,PM10_24h,迪庆州,35.0
20170124,0,SO2,迪庆州,7.0
20170124,0,SO2_24h,迪庆州,9.0
20170124,0,NO2,迪庆州,24.0
20170124,0,NO2_24h,迪庆州,21.0
20170124,0,O3,迪庆州,63.0
20170124,0,O3_24h,迪庆州,75.0
20170124,0,O3_8h,迪庆州,67.0
20170124,0,O3_8h_24h,迪庆州,71.0
20170124,0,CO,迪庆州,0.75
20170124,0,CO_24h,迪庆州,0.65
20170124,1,AQI,迪庆州,25.0
20170124,1,PM2.5,迪庆州,15.0
20170124,1,PM2.5_24h,迪庆州,13.0
20170124,1,PM10,迪庆州,25.0
20170124,1,PM10_24h,迪庆州,35.0
20170124,1,SO2,迪庆州,8.0
20170124,1,SO2_24h,迪庆州,9.0
20170124,1,NO2,迪庆州,24.0
20170124,1,NO2_24h,迪庆州,20.0
20170124,1,O3,迪庆州,57.0
20170124,1,O3_24h,迪庆州,75.0
20170124,1,O3_8h,迪庆州,57.0
20170124,1,O3_8h_24h,迪庆州,57.0
20170124,1,CO,迪庆州,0.75
20170124,1,CO_24h,迪庆州,0.6
20170124,2,AQI,迪庆州,23.0
20170124,2,PM2.5,迪庆州,10.0
20170124,2,PM2.5_24h,迪庆州,13.0
20170124,2,PM10,迪庆州,23.0
20170124,2,PM10_24h,迪庆州,34.0
20170124,2,SO2,迪庆州,8.0
20170124,2,SO2_24h,迪庆州,9.0
20170124,2,NO2,迪庆州,22.0
20170124,2,NO2_24h,迪庆州,20.0
20170124,2,O3,迪庆州,57.0
20170124,2,O3_24h,迪庆州,75.0
20170124,2,O3_8h,迪庆州,57.0
20170124,2,O3_8h_24h,迪庆州,58.0
20170124,2,CO,迪庆州,0.6
20170124,2,CO_24h,迪庆州,0.6
20170124,3,AQI,迪庆州,32.0
20170124,3,PM2.5,迪庆州,12.0
20170124,3,PM2.5_24h,迪庆州,13.0
20170124,3,PM10,迪庆州,32.0
20170124,3,PM10_24h,迪庆州,34.0
20170124,3,SO2,迪庆州,5.0
20170124,3,SO2_24h,迪庆州,9.0
20170124,3,NO2,迪庆州,21.0
20170124,3,NO2_24h,迪庆州,20.0
20170124,3,O3,迪庆州,54.0
20170124,3,O3_24h,迪庆州,75.0
20170124,3,O3_8h,迪庆州,56.0
20170124,3,O3_8h_24h,迪庆州,58.0
20170124,3,CO,迪庆州,0.4
20170124,3,CO_24h,迪庆州,0.6
20170124,4,AQI,迪庆州,23.0
20170124,4,PM2.5,迪庆州,15.0
20170124,4,PM2.5_24h,迪庆州,13.0
20170124,4,PM10,迪庆州,23.0
20170124,4,PM10_24h,迪庆州,33.0
20170124,4,SO2,迪庆州,4.0
20170124,4,SO2_24h,迪庆州,9.0
20170124,4,NO2,迪庆州,19.0
20170124,4,NO2_24h,迪庆州,20.0
20170124,4,O3,迪庆州,53.0
20170124,4,O3_24h,迪庆州,75.0
20170124,4,O3_8h,迪庆州,55.0
20170124,4,O3_8h_24h,迪庆州,58.0
20170124,4,CO,迪庆州,0.35
20170124,4,CO_24h,迪庆州,0.6
20170124,5,AQI,迪庆州,23.0
20170124,5,PM2.5,迪庆州,12.0
20170124,5,PM2.5_24h,迪庆州,13.0
20170124,5,PM10,迪庆州,23.0
20170124,5,PM10_24h,迪庆州,33.0
20170124,5,SO2,迪庆州,4.0
20170124,5,SO2_24h,迪庆州,9.0
20170124,5,NO2,迪庆州,18.0
20170124,5,NO2_24h,迪庆州,20.0
20170124,5,O3,迪庆州,51.0
20170124,5,O3_24h,迪庆州,75.0
20170124,5,O3_8h,迪庆州,54.0
20170124,5,O3_8h_24h,迪庆州,58.0
20170124,5,CO,迪庆州,0.25
20170124,5,CO_24h,迪庆州,0.6
20170124,6,AQI,迪庆州,19.0
20170124,6,PM2.5,迪庆州,13.0
20170124,6,PM2.5_24h,迪庆州,13.0
20170124,6,PM10,迪庆州,19.0
20170124,6,PM10_24h,迪庆州,32.0
20170124,6,SO2,迪庆州,9.0
20170124,6,SO2_24h,迪庆州,9.0
20170124,6,NO2,迪庆州,17.0
20170124,6,NO2_24h,迪庆州,20.0
20170124,6,O3,迪庆州,48.0
20170124,6,O3_24h,迪庆州,75.0
20170124,6,O3_8h,迪庆州,53.0
20170124,6,O3_8h_24h,迪庆州,58.0
20170124,6,CO,迪庆州,0.2
20170124,6,CO_24h,迪庆州,0.6
20170124,7,AQI,迪庆州,16.0
20170124,7,PM2.5,迪庆州,11.0
20170124,7,PM2.5_24h,迪庆州,13.0
20170124,7,PM10,迪庆州,15.0
20170124,7,PM10_24h,迪庆州,32.0
20170124,7,SO2,迪庆州,7.0
20170124,7,SO2_24h,迪庆州,8.0
20170124,7,NO2,迪庆州,16.0
20170124,7,NO2_24h,迪庆州,20.0
20170124,7,O3,迪庆州,49.0
20170124,7,O3_24h,迪庆州,75.0
20170124,7,O3_8h,迪庆州,53.0
20170124,7,O3_8h_24h,迪庆州,58.0
20170124,7,CO,迪庆州,0.3
20170124,7,CO_24h,迪庆州,0.6
20170124,8,AQI,迪庆州,18.0
20170124,8,PM2.5,迪庆州,11.0
20170124,8,PM2.5_24h,迪庆州,12.0
20170124,8,PM10,迪庆州,18.0
20170124,8,PM10_24h,迪庆州,32.0
20170124,8,SO2,迪庆州,14.0
20170124,8,SO2_24h,迪庆州,8.0
20170124,8,NO2,迪庆州,15.0
20170124,8,NO2_24h,迪庆州,20.0
20170124,8,O3,迪庆州,45.0
20170124,8,O3_24h,迪庆州,75.0
20170124,8,O3_8h,迪庆州,52.0
20170124,8,O3_8h_24h,迪庆州,58.0
20170124,8,CO,迪庆州,0.35
20170124,8,CO_24h,迪庆州,0.6
20170124,9,AQI,迪庆州,17.0
20170124,9,PM2.5,迪庆州,10.0
20170124,9,PM2.5_24h,迪庆州,12.0
20170124,9,PM10,迪庆州,17.0
20170124,9,PM10_24h,迪庆州,31.0
20170124,9,SO2,迪庆州,7.0
20170124,9,SO2_24h,迪庆州,7.0
20170124,9,NO2,迪庆州,20.0
20170124,9,NO2_24h,迪庆州,20.0
20170124,9,O3,迪庆州,42.0
20170124,9,O3_24h,迪庆州,75.0
20170124,9,O3_8h,迪庆州,50.0
20170124,9,O3_8h_24h,迪庆州,58.0
20170124,9,CO,迪庆州,0.8
20170124,9,CO_24h,迪庆州,0.6
20170124,10,AQI,迪庆州,26.0
20170124,10,PM2.5,迪庆州,14.0
20170124,10,PM2.5_24h,迪庆州,12.0
20170124,10,PM10,迪庆州,26.0
20170124,10,PM10_24h,迪庆州,30.0
20170124,10,SO2,迪庆州,10.0
20170124,10,SO2_24h,迪庆州,6.0
20170124,10,NO2,迪庆州,22.0
20170124,10,NO2_24h,迪庆州,19.0
20170124,10,O3,迪庆州,47.0
20170124,10,O3_24h,迪庆州,75.0
20170124,10,O3_8h,迪庆州,49.0
20170124,10,O3_8h_24h,迪庆州,58.0
20170124,10,CO,迪庆州,1.0
20170124,10,CO_24h,迪庆州,0.6
20170124,11,AQI,迪庆州,37.0
20170124,11,PM2.5,迪庆州,17.0
20170124,11,PM2.5_24h,迪庆州,12.0
20170124,11,PM10,迪庆州,37.0
20170124,11,PM10_24h,迪庆州,28.0
20170124,11,SO2,迪庆州,13.0
20170124,11,SO2_24h,迪庆州,6.0
20170124,11,NO2,迪庆州,33.0
20170124,11,NO2_24h,迪庆州,18.0
20170124,11,O3,迪庆州,57.0
20170124,11,O3_24h,迪庆州,75.0
20170124,11,O3_8h,迪庆州,49.0
20170124,11,O3_8h_24h,迪庆州,58.0
20170124,11,CO,迪庆州,1.4
20170124,11,CO_24h,迪庆州,0.55
20170124,12,AQI,迪庆州,55.0
20170124,12,PM2.5,迪庆州,10.0
20170124,12,PM2.5_24h,迪庆州,13.0
20170124,12,PM10,迪庆州,60.0
20170124,12,PM10_24h,迪庆州,24.0
20170124,12,SO2,迪庆州,16.0
20170124,12,SO2_24h,迪庆州,6.0
20170124,12,NO2,迪庆州,28.0
20170124,12,NO2_24h,迪庆州,11.0
20170124,12,O3,迪庆州,65.0
20170124,12,O3_24h,迪庆州,65.0
20170124,12,O3_8h,迪庆州,45.0
20170124,12,O3_8h_24h,迪庆州,50.0
20170124,12,CO,迪庆州,1.0
20170124,12,CO_24h,迪庆州,0.5
20170124,13,AQI,迪庆州,30.0
20170124,13,PM2.5,迪庆州,16.0
20170124,13,PM2.5_24h,迪庆州,13.0
20170124,13,PM10,迪庆州,30.0
20170124,13,PM10_24h,迪庆州,25.0
20170124,13,SO2,迪庆州,11.0
20170124,13,SO2_24h,迪庆州,7.0
20170124,13,NO2,迪庆州,11.0
20170124,13,NO2_24h,迪庆州,11.0
20170124,13,O3,迪庆州,66.0
20170124,13,O3_24h,迪庆州,66.0
20170124,13,O3_8h,迪庆州,48.0
20170124,13,O3_8h_24h,迪庆州,50.0
20170124,13,CO,迪庆州,0.5
20170124,13,CO_24h,迪庆州,0.5
20170124,14,AQI,迪庆州,22.0
20170124,14,PM2.5,迪庆州,13.0
20170124,14,PM2.5_24h,迪庆州,13.0
20170124,14,PM10,迪庆州,15.0
20170124,14,PM10_24h,迪庆州,24.0
20170124,14,SO2,迪庆州,10.0
20170124,14,SO2_24h,迪庆州,7.0
20170124,14,NO2,迪庆州,8.0
20170124,14,NO2_24h,迪庆州,11.0
20170124,14,O3,迪庆州,71.0
20170124,14,O3_24h,迪庆州,71.0
20170124,14,O3_8h,迪庆州,51.0
20170124,14,O3_8h_24h,迪庆州,51.0
20170124,14,CO,迪庆州,0.5
20170124,14,CO_24h,迪庆州,0.5
20170124,15,AQI,迪庆州,44.0
20170124,15,PM2.5,迪庆州,14.0
20170124,15,PM2.5_24h,迪庆州,13.0
20170124,15,PM10,迪庆州,44.0
20170124,15,PM10_24h,迪庆州,27.0
20170124,15,SO2,迪庆州,5.0
20170124,15,SO2_24h,迪庆州,7.0
20170124,15,NO2,迪庆州,12.0
20170124,15,NO2_24h,迪庆州,19.0
20170124,15,O3,迪庆州,77.0
20170124,15,O3_24h,迪庆州,79.0
20170124,15,O3_8h,迪庆州,57.0
20170124,15,O3_8h_24h,迪庆州,60.0
20170124,15,CO,迪庆州,0.35
20170124,15,CO_24h,迪庆州,0.55
20170124,18,AQI,迪庆州,21.0
20170124,18,PM2.5,迪庆州,11.0
20170124,18,PM2.5_24h,迪庆州,12.0
20170124,18,PM10,迪庆州,19.0
20170124,18,PM10_24h,迪庆州,26.0
20170124,18,SO2,迪庆州,5.0
20170124,18,SO2_24h,迪庆州,7.0
20170124,18,NO2,迪庆州,13.0
20170124,18,NO2_24h,迪庆州,20.0
20170124,18,O3,迪庆州,68.0
20170124,18,O3_24h,迪庆州,78.0
20170124,18,O3_8h,迪庆州,69.0
20170124,18,O3_8h_24h,迪庆州,69.0
20170124,18,CO,迪庆州,0.2
20170124,18,CO_24h,迪庆州,0.6
20170124,19,AQI,迪庆州,20.0
20170124,19,PM2.5,迪庆州,13.0
20170124,19,PM2.5_24h,迪庆州,12.0
20170124,19,PM10,迪庆州,17.0
20170124,19,PM10_24h,迪庆州,25.0
20170124,19,SO2,迪庆州,5.0
20170124,19,SO2_24h,迪庆州,7.0
20170124,19,NO2,迪庆州,18.0
20170124,19,NO2_24h,迪庆州,20.0
20170124,19,O3,迪庆州,63.0
20170124,19,O3_24h,迪庆州,77.0
20170124,19,O3_8h,迪庆州,71.0
20170124,19,O3_8h_24h,迪庆州,71.0
20170124,19,CO,迪庆州,0.4
20170124,19,CO_24h,迪庆州,0.6
20170124,20,AQI,迪庆州,25.0
20170124,20,PM2.5,迪庆州,12.0
20170124,20,PM2.5_24h,迪庆州,12.0
20170124,20,PM10,迪庆州,25.0
20170124,20,PM10_24h,迪庆州,25.0
20170124,20,SO2,迪庆州,13.0
20170124,20,SO2_24h,迪庆州,7.0
20170124,20,NO2,迪庆州,31.0
20170124,20,NO2_24h,迪庆州,21.0
20170124,20,O3,迪庆州,48.0
20170124,20,O3_24h,迪庆州,77.0
20170124,20,O3_8h,迪庆州,66.0
20170124,20,O3_8h_24h,迪庆州,71.0
20170124,20,CO,迪庆州,0.85
20170124,20,CO_24h,迪庆州,0.6
20170124,21,AQI,迪庆州,41.0
20170124,21,PM2.5,迪庆州,13.0
20170124,21,PM2.5_24h,迪庆州,13.0
20170124,21,PM10,迪庆州,41.0
20170124,21,PM10_24h,迪庆州,26.0
20170124,21,SO2,迪庆州,13.0
20170124,21,SO2_24h,迪庆州,8.0
20170124,21,NO2,迪庆州,30.0
20170124,21,NO2_24h,迪庆州,21.0
20170124,21,O3,迪庆州,42.0
20170124,21,O3_24h,迪庆州,77.0
20170124,21,O3_8h,迪庆州,61.0
20170124,21,O3_8h_24h,迪庆州,71.0
20170124,21,CO,迪庆州,1.35
20170124,21,CO_24h,迪庆州,0.65
20170124,22,AQI,迪庆州,44.0
20170124,22,PM2.5,迪庆州,18.0
20170124,22,PM2.5_24h,迪庆州,13.0
20170124,22,PM10,迪庆州,44.0
20170124,22,PM10_24h,迪庆州,28.0
20170124,22,SO2,迪庆州,18.0
20170124,22,SO2_24h,迪庆州,9.0
20170124,22,NO2,迪庆州,27.0
20170124,22,NO2_24h,迪庆州,22.0
20170124,22,O3,迪庆州,40.0
20170124,22,O3_24h,迪庆州,77.0
20170124,22,O3_8h,迪庆州,56.0
20170124,22,O3_8h_24h,迪庆州,71.0
20170124,22,CO,迪庆州,1.25
20170124,22,CO_24h,迪庆州,0.65
20170124,23,AQI,迪庆州,49.0
20170124,23,PM2.5,迪庆州,18.0
20170124,23,PM2.5_24h,迪庆州,13.0
20170124,23,PM10,迪庆州,49.0
20170124,23,PM10_24h,迪庆州,29.0
20170124,23,SO2,迪庆州,14.0
20170124,23,SO2_24h,迪庆州,9.0
20170124,23,NO2,迪庆州,29.0
20170124,23,NO2_24h,迪庆州,22.0
20170124,23,O3,迪庆州,42.0
20170124,23,O3_24h,迪庆州,77.0
20170124,23,O3_8h,迪庆州,51.0
20170124,23,O3_8h_24h,迪庆州,71.0
20170124,23,CO,迪庆州,1.05
20170124,23,CO_24h,迪庆州,0.65
20170124,0,AQI,昌都,78.0
20170124,0,PM2.5,昌都,57.0
20170124,0,PM2.5_24h,昌都,41.0
20170124,0,PM10,昌都,105.0
20170124,0,PM10_24h,昌都,66.0
20170124,0,SO2,昌都,13.0
20170124,0,SO2_24h,昌都,10.0
20170124,0,NO2,昌都,44.0
20170124,0,NO2_24h,昌都,27.0
20170124,0,O3,昌都,29.0
20170124,0,O3_24h,昌都,85.0
20170124,0,O3_8h,昌都,53.0
20170124,0,O3_8h_24h,昌都,78.0
20170124,0,CO,昌都,2.35
20170124,0,CO_24h,昌都,1.45
20170124,1,AQI,昌都,62.0
20170124,1,PM2.5,昌都,36.0
20170124,1,PM2.5_24h,昌都,40.0
20170124,1,PM10,昌都,73.0
20170124,1,PM10_24h,昌都,63.0
20170124,1,SO2,昌都,12.0
20170124,1,SO2_24h,昌都,10.0
20170124,1,NO2,昌都,26.0
20170124,1,NO2_24h,昌都,26.0
20170124,1,O3,昌都,35.0
20170124,1,O3_24h,昌都,85.0
20170124,1,O3_8h,昌都,35.0
20170124,1,O3_8h_24h,昌都,35.0
20170124,1,CO,昌都,1.7
20170124,1,CO_24h,昌都,1.45
20170124,2,AQI,昌都,47.0
20170124,2,PM2.5,昌都,20.0
20170124,2,PM2.5_24h,昌都,38.0
20170124,2,PM10,昌都,47.0
20170124,2,PM10_24h,昌都,61.0
20170124,2,SO2,昌都,9.0
20170124,2,SO2_24h,昌都,10.0
20170124,2,NO2,昌都,16.0
20170124,2,NO2_24h,昌都,25.0
20170124,2,O3,昌都,39.0
20170124,2,O3_24h,昌都,85.0
20170124,2,O3_8h,昌都,37.0
20170124,2,O3_8h_24h,昌都,37.0
20170124,2,CO,昌都,1.25
20170124,2,CO_24h,昌都,1.45
20170124,3,AQI,昌都,22.0
20170124,3,PM2.5,昌都,9.0
20170124,3,PM2.5_24h,昌都,37.0
20170124,3,PM10,昌都,22.0
20170124,3,PM10_24h,昌都,59.0
20170124,3,SO2,昌都,9.0
20170124,3,SO2_24h,昌都,10.0
20170124,3,NO2,昌都,8.0
20170124,3,NO2_24h,昌都,25.0
20170124,3,O3,昌都,46.0
20170124,3,O3_24h,昌都,85.0
20170124,3,O3_8h,昌都,40.0
20170124,3,O3_8h_24h,昌都,40.0
20170124,3,CO,昌都,0.95
20170124,3,CO_24h,昌都,1.45
20170124,4,AQI,昌都,16.0
20170124,4,PM2.5,昌都,11.0
20170124,4,PM2.5_24h,昌都,36.0
20170124,4,PM10,昌都,10.0
20170124,4,PM10_24h,昌都,59.0
20170124,4,SO2,昌都,9.0
20170124,4,SO2_24h,昌都,10.0
20170124,4,NO2,昌都,6.0
20170124,4,NO2_24h,昌都,25.0
20170124,4,O3,昌都,52.0
20170124,4,O3_24h,昌都,85.0
20170124,4,O3_8h,昌都,43.0
20170124,4,O3_8h_24h,昌都,43.0
20170124,4,CO,昌都,0.8
20170124,4,CO_24h,昌都,1.4
20170124,5,AQI,昌都,19.0
20170124,5,PM2.5,昌都,13.0
20170124,5,PM2.5_24h,昌都,36.0
20170124,5,PM10,昌都,8.0
20170124,5,PM10_24h,昌都,59.0
20170124,5,SO2,昌都,8.0
20170124,5,SO2_24h,昌都,10.0
20170124,5,NO2,昌都,5.0
20170124,5,NO2_24h,昌都,24.0
20170124,5,O3,昌都,53.0
20170124,5,O3_24h,昌都,85.0
20170124,5,O3_8h,昌都,45.0
20170124,5,O3_8h_24h,昌都,45.0
20170124,5,CO,昌都,0.75
20170124,5,CO_24h,昌都,1.4
20170124,6,AQI,昌都,16.0
20170124,6,PM2.5,昌都,5.0
20170124,6,PM2.5_24h,昌都,36.0
20170124,6,PM10,昌都,10.0
20170124,6,PM10_24h,昌都,59.0
20170124,6,SO2,昌都,9.0
20170124,6,SO2_24h,昌都,10.0
20170124,6,NO2,昌都,6.0
20170124,6,NO2_24h,昌都,24.0
20170124,6,O3,昌都,51.0
20170124,6,O3_24h,昌都,85.0
20170124,6,O3_8h,昌都,46.0
20170124,6,O3_8h_24h,昌都,46.0
20170124,6,CO,昌都,0.7
20170124,6,CO_24h,昌都,1.4
20170124,7,AQI,昌都,15.0
20170124,7,PM2.5,昌都,5.0
20170124,7,PM2.5_24h,昌都,36.0
20170124,7,PM10,昌都,13.0
20170124,7,PM10_24h,昌都,58.0
20170124,7,SO2,昌都,9.0
20170124,7,SO2_24h,昌都,10.0
20170124,7,NO2,昌都,6.0
20170124,7,NO2_24h,昌都,24.0
20170124,7,O3,昌都,48.0
20170124,7,O3_24h,昌都,85.0
20170124,7,O3_8h,昌都,46.0
20170124,7,O3_8h_24h,昌都,46.0
20170124,7,CO,昌都,0.75
20170124,7,CO_24h,昌都,1.4
20170124,8,AQI,昌都,17.0
20170124,8,PM2.5,昌都,9.0
20170124,8,PM2.5_24h,昌都,36.0
20170124,8,PM10,昌都,17.0
20170124,8,PM10_24h,昌都,58.0
20170124,8,SO2,昌都,8.0
20170124,8,SO2_24h,昌都,10.0
20170124,8,NO2,昌都,7.0
20170124,8,NO2_24h,昌都,24.0
20170124,8,O3,昌都,52.0
20170124,8,O3_24h,昌都,85.0
20170124,8,O3_8h,昌都,47.0
20170124,8,O3_8h_24h,昌都,47.0
20170124,8,CO,昌都,0.8
20170124,8,CO_24h,昌都,1.4
20170124,9,AQI,昌都,22.0
20170124,9,PM2.5,昌都,11.0
20170124,9,PM2.5_24h,昌都,36.0
20170124,9,PM10,昌都,22.0
20170124,9,PM10_24h,昌都,57.0
20170124,9,SO2,昌都,9.0
20170124,9,SO2_24h,昌都,10.0
20170124,9,NO2,昌都,13.0
20170124,9,NO2_24h,昌都,24.0
20170124,9,O3,昌都,47.0
20170124,9,O3_24h,昌都,85.0
20170124,9,O3_8h,昌都,49.0
20170124,9,O3_8h_24h,昌都,49.0
20170124,9,CO,昌都,1.0
20170124,9,CO_24h,昌都,1.4
20170124,10,AQI,昌都,53.0
20170124,10,PM2.5,昌都,30.0
20170124,10,PM2.5_24h,昌都,36.0
20170124,10,PM10,昌都,56.0
20170124,10,PM10_24h,昌都,57.0
20170124,10,SO2,昌都,10.0
20170124,10,SO2_24h,昌都,10.0
20170124,10,NO2,昌都,19.0
20170124,10,NO2_24h,昌都,24.0
20170124,10,O3,昌都,46.0
20170124,10,O3_24h,昌都,85.0
20170124,10,O3_8h,昌都,49.0
20170124,10,O3_8h_24h,昌都,49.0
20170124,10,CO,昌都,1.15
20170124,10,CO_24h,昌都,1.4
20170124,11,AQI,昌都,50.0
20170124,11,PM2.5,昌都,24.0
20170124,11,PM2.5_24h,昌都,35.0
20170124,11,PM10,昌都,50.0
20170124,11,PM10_24h,昌都,56.0
20170124,11,SO2,昌都,10.0
20170124,11,SO2_24h,昌都,10.0
20170124,11,NO2,昌都,18.0
20170124,11,NO2_24h,昌都,23.0
20170124,11,O3,昌都,53.0
20170124,11,O3_24h,昌都,85.0
20170124,11,O3_8h,昌都,50.0
20170124,11,O3_8h_24h,昌都,50.0
20170124,11,CO,昌都,1.15
20170124,11,CO_24h,昌都,1.35
20170124,12,AQI,昌都,33.0
20170124,12,PM2.5,昌都,17.0
20170124,12,PM2.5_24h,昌都,32.0
20170124,12,PM10,昌都,33.0
20170124,12,PM10_24h,昌都,53.0
20170124,12,SO2,昌都,10.0
20170124,12,SO2_24h,昌都,10.0
20170124,12,NO2,昌都,16.0
20170124,12,NO2_24h,昌都,22.0
20170124,12,O3,昌都,62.0
20170124,12,O3_24h,昌都,85.0
20170124,12,O3_8h,昌都,51.0
20170124,12,O3_8h_24h,昌都,51.0
20170124,12,CO,昌都,1.1
20170124,12,CO_24h,昌都,1.35
20170124,13,AQI,昌都,24.0
20170124,13,PM2.5,昌都,17.0
20170124,13,PM2.5_24h,昌都,28.0
20170124,13,PM10,昌都,20.0
20170124,13,PM10_24h,昌都,52.0
20170124,13,SO2,昌都,9.0
20170124,13,SO2_24h,昌都,10.0
20170124,13,NO2,昌都,14.0
20170124,13,NO2_24h,昌都,22.0
20170124,13,O3,昌都,77.0
20170124,13,O3_24h,昌都,85.0
20170124,13,O3_8h,昌都,55.0
20170124,13,O3_8h_24h,昌都,55.0
20170124,13,CO,昌都,1.05
20170124,13,CO_24h,昌都,1.3
20170124,14,AQI,昌都,30.0
20170124,14,PM2.5,昌都,12.0
20170124,14,PM2.5_24h,昌都,27.0
20170124,14,PM10,昌都,18.0
20170124,14,PM10_24h,昌都,50.0
20170124,14,SO2,昌都,9.0
20170124,14,SO2_24h,昌都,10.0
20170124,14,NO2,昌都,6.0
20170124,14,NO2_24h,昌都,22.0
20170124,14,O3,昌都,97.0
20170124,14,O3_24h,昌都,97.0
20170124,14,O3_8h,昌都,60.0
20170124,14,O3_8h_24h,昌都,60.0
20170124,14,CO,昌都,0.75
20170124,14,CO_24h,昌都,1.3
20170124,15,AQI,昌都,30.0
20170124,15,PM2.5,昌都,14.0
20170124,15,PM2.5_24h,昌都,26.0
20170124,15,PM10,昌都,6.0
20170124,15,PM10_24h,昌都,49.0
20170124,15,SO2,昌都,8.0
20170124,15,SO2_24h,昌都,10.0
20170124,15,NO2,昌都,7.0
20170124,15,NO2_24h,昌都,21.0
20170124,15,O3,昌都,97.0
20170124,15,O3_24h,昌都,97.0
20170124,15,O3_8h,昌都,66.0
20170124,15,O3_8h_24h,昌都,66.0
20170124,15,CO,昌都,0.8
20170124,15,CO_24h,昌都,1.3
20170124,16,AQI,昌都,30.0
20170124,16,PM2.5,昌都,4.0
20170124,16,PM2.5_24h,昌都,25.0
20170124,16,PM10,昌都,1.0
20170124,16,PM10_24h,昌都,49.0
20170124,16,SO2,昌都,8.0
20170124,16,SO2_24h,昌都,10.0
20170124,16,NO2,昌都,7.0
20170124,16,NO2_24h,昌都,21.0
20170124,16,O3,昌都,97.0
20170124,16,O3_24h,昌都,97.0
20170124,16,O3_8h,昌都,72.0
20170124,16,O3_8h_24h,昌都,72.0
20170124,16,CO,昌都,0.8
20170124,16,CO_24h,昌都,1.3
20170124,17,AQI,昌都,30.0
20170124,17,PM2.5,昌都,7.0
20170124,17,PM2.5_24h,昌都,25.0
20170124,17,PM10,昌都,10.0
20170124,17,PM10_24h,昌都,48.0
20170124,17,SO2,昌都,8.0
20170124,17,SO2_24h,昌都,10.0
20170124,17,NO2,昌都,8.0
20170124,17,NO2_24h,昌都,21.0
20170124,17,O3,昌都,97.0
20170124,17,O3_24h,昌都,98.0
20170124,17,O3_8h,昌都,78.0
20170124,17,O3_8h_24h,昌都,78.0
20170124,17,CO,昌都,0.8
20170124,17,CO_24h,昌都,1.3
20170124,18,AQI,昌都,30.0
20170124,18,PM2.5,昌都,10.0
20170124,18,PM2.5_24h,昌都,25.0
20170124,18,PM10,昌都,19.0
20170124,18,PM10_24h,昌都,47.0
20170124,18,SO2,昌都,9.0
20170124,18,SO2_24h,昌都,10.0
20170124,18,NO2,昌都,9.0
20170124,18,NO2_24h,昌都,21.0
20170124,18,O3,昌都,97.0
20170124,18,O3_24h,昌都,98.0
20170124,18,O3_8h,昌都,85.0
20170124,18,O3_8h_24h,昌都,85.0
20170124,18,CO,昌都,0.8
20170124,18,CO_24h,昌都,1.3
20170124,19,AQI,昌都,30.0
20170124,19,PM2.5,昌都,13.0
20170124,19,PM2.5_24h,昌都,25.0
20170124,19,PM10,昌都,28.0
20170124,19,PM10_24h,昌都,47.0
20170124,19,SO2,昌都,10.0
20170124,19,SO2_24h,昌都,10.0
20170124,19,NO2,昌都,11.0
20170124,19,NO2_24h,昌都,21.0
20170124,19,O3,昌都,97.0
20170124,19,O3_24h,昌都,98.0
20170124,19,O3_8h,昌都,90.0
20170124,19,O3_8h_24h,昌都,90.0
20170124,19,CO,昌都,0.85
20170124,19,CO_24h,昌都,1.3
20170124,20,AQI,昌都,38.0
20170124,20,PM2.5,昌都,19.0
20170124,20,PM2.5_24h,昌都,24.0
20170124,20,PM10,昌都,38.0
20170124,20,PM10_24h,昌都,47.0
20170124,20,SO2,昌都,11.0
20170124,20,SO2_24h,昌都,10.0
20170124,20,NO2,昌都,26.0
20170124,20,NO2_24h,昌都,20.0
20170124,20,O3,昌都,81.0
20170124,20,O3_24h,昌都,98.0
20170124,20,O3_8h,昌都,93.0
20170124,20,O3_8h_24h,昌都,93.0
20170124,20,CO,昌都,1.35
20170124,20,CO_24h,昌都,1.3
20170124,21,AQI,昌都,83.0
20170124,21,PM2.5,昌都,61.0
20170124,21,PM2.5_24h,昌都,24.0
20170124,21,PM10,昌都,101.0
20170124,21,PM10_24h,昌都,45.0
20170124,21,SO2,昌都,12.0
20170124,21,SO2_24h,昌都,10.0
20170124,21,NO2,昌都,58.0
20170124,21,NO2_24h,昌都,20.0
20170124,21,O3,昌都,50.0
20170124,21,O3_24h,昌都,98.0
20170124,21,O3_8h,昌都,89.0
20170124,21,O3_8h_24h,昌都,93.0
20170124,21,CO,昌都,2.25
20170124,21,CO_24h,昌都,1.25
20170124,22,AQI,昌都,91.0
20170124,22,PM2.5,昌都,68.0
20170124,22,PM2.5_24h,昌都,22.0
20170124,22,PM10,昌都,111.0
20170124,22,PM10_24h,昌都,42.0
20170124,22,SO2,昌都,13.0
20170124,22,SO2_24h,昌都,10.0
20170124,22,NO2,昌都,67.0
20170124,22,NO2_24h,昌都,20.0
20170124,22,O3,昌都,37.0
20170124,22,O3_24h,昌都,98.0
20170124,22,O3_8h,昌都,82.0
20170124,22,O3_8h_24h,昌都,93.0
20170124,22,CO,昌都,2.85
20170124,22,CO_24h,昌都,1.25
20170124,23,AQI,昌都,93.0
20170124,23,PM2.5,昌都,69.0
20170124,23,PM2.5_24h,昌都,22.0
20170124,23,PM10,昌都,111.0
20170124,23,PM10_24h,昌都,41.0
20170124,23,SO2,昌都,12.0
20170124,23,SO2_24h,昌都,10.0
20170124,23,NO2,昌都,47.0
20170124,23,NO2_24h,昌都,19.0
20170124,23,O3,昌都,40.0
20170124,23,O3_24h,昌都,98.0
20170124,23,O3_8h,昌都,74.0
20170124,23,O3_8h_24h,昌都,93.0
20170124,23,CO,昌都,2.25
20170124,23,CO_24h,昌都,1.2
20170124,0,AQI,山南,56.0
20170124,0,PM2.5,山南,16.0
20170124,0,PM2.5_24h,山南,14.0
20170124,0,PM10,山南,61.0
20170124,0,PM10_24h,山南,84.0
20170124,0,SO2,山南,4.0
20170124,0,SO2_24h,山南,5.0
20170124,0,NO2,山南,9.0
20170124,0,NO2_24h,山南,9.0
20170124,0,O3,山南,85.0
20170124,0,O3_24h,山南,111.0
20170124,0,O3_8h,山南,96.0
20170124,0,O3_8h_24h,山南,103.0
20170124,0,CO,山南,0.55
20170124,0,CO_24h,山南,0.45
20170124,1,AQI,山南,33.0
20170124,1,PM2.5,山南,8.0
20170124,1,PM2.5_24h,山南,14.0
20170124,1,PM10,山南,33.0
20170124,1,PM10_24h,山南,85.0
20170124,1,SO2,山南,4.0
20170124,1,SO2_24h,山南,5.0
20170124,1,NO2,山南,9.0
20170124,1,NO2_24h,山南,9.0
20170124,1,O3,山南,90.0
20170124,1,O3_24h,山南,111.0
20170124,1,O3_8h,山南,90.0
20170124,1,O3_8h_24h,山南,90.0
20170124,1,CO,山南,0.45
20170124,1,CO_24h,山南,0.45
20170124,2,AQI,山南,30.0
20170124,2,PM2.5,山南,7.0
20170124,2,PM2.5_24h,山南,14.0
20170124,2,PM10,山南,30.0
20170124,2,PM10_24h,山南,86.0
20170124,2,SO2,山南,5.0
20170124,2,SO2_24h,山南,5.0
20170124,2,NO2,山南,8.0
20170124,2,NO2_24h,山南,9.0
20170124,2,O3,山南,78.0
20170124,2,O3_24h,山南,111.0
20170124,2,O3_8h,山南,83.0
20170124,2,O3_8h_24h,山南,90.0
20170124,2,CO,山南,0.45
20170124,2,CO_24h,山南,0.45
20170124,3,AQI,山南,33.0
20170124,3,PM2.5,山南,6.0
20170124,3,PM2.5_24h,山南,14.0
20170124,3,PM10,山南,33.0
20170124,3,PM10_24h,山南,86.0
20170124,3,SO2,山南,4.0
20170124,3,SO2_24h,山南,5.0
20170124,3,NO2,山南,4.0
20170124,3,NO2_24h,山南,9.0
20170124,3,O3,山南,80.0
20170124,3,O3_24h,山南,111.0
20170124,3,O3_8h,山南,82.0
20170124,3,O3_8h_24h,山南,90.0
20170124,3,CO,山南,0.35
20170124,3,CO_24h,山南,0.45
20170124,4,AQI,山南,23.0
20170124,4,PM2.5,山南,6.0
20170124,4,PM2.5_24h,山南,14.0
20170124,4,PM10,山南,22.0
20170124,4,PM10_24h,山南,86.0
20170124,4,SO2,山南,5.0
20170124,4,SO2_24h,山南,5.0
20170124,4,NO2,山南,5.0
20170124,4,NO2_24h,山南,9.0
20170124,4,O3,山南,72.0
20170124,4,O3_24h,山南,111.0
20170124,4,O3_8h,山南,80.0
20170124,4,O3_8h_24h,山南,90.0
20170124,4,CO,山南,0.4
20170124,4,CO_24h,山南,0.45
20170124,5,AQI,山南,20.0
20170124,5,PM2.5,山南,7.0
20170124,5,PM2.5_24h,山南,14.0
20170124,5,PM10,山南,16.0
20170124,5,PM10_24h,山南,86.0
20170124,5,SO2,山南,5.0
20170124,5,SO2_24h,山南,5.0
20170124,5,NO2,山南,8.0
20170124,5,NO2_24h,山南,10.0
20170124,5,O3,山南,64.0
20170124,5,O3_24h,山南,111.0
20170124,5,O3_8h,山南,77.0
20170124,5,O3_8h_24h,山南,90.0
20170124,5,CO,山南,0.45
20170124,5,CO_24h,山南,0.45
20170124,6,AQI,山南,19.0
20170124,6,PM2.5,山南,5.0
20170124,6,PM2.5_24h,山南,14.0
20170124,6,PM10,山南,17.0
20170124,6,PM10_24h,山南,86.0
20170124,6,SO2,山南,5.0
20170124,6,SO2_24h,山南,5.0
20170124,6,NO2,山南,7.0
20170124,6,NO2_24h,山南,10.0
20170124,6,O3,山南,61.0
20170124,6,O3_24h,山南,111.0
20170124,6,O3_8h,山南,74.0
20170124,6,O3_8h_24h,山南,90.0
20170124,6,CO,山南,0.5
20170124,6,CO_24h,山南,0.45
20170124,7,AQI,山南,22.0
20170124,7,PM2.5,山南,10.0
20170124,7,PM2.5_24h,山南,14.0
20170124,7,PM10,山南,22.0
20170124,7,PM10_24h,山南,86.0
20170124,7,SO2,山南,6.0
20170124,7,SO2_24h,山南,5.0
20170124,7,NO2,山南,6.0
20170124,7,NO2_24h,山南,10.0
20170124,7,O3,山南,59.0
20170124,7,O3_24h,山南,111.0
20170124,7,O3_8h,山南,72.0
20170124,7,O3_8h_24h,山南,90.0
20170124,7,CO,山南,0.45
20170124,7,CO_24h,山南,0.45
20170124,8,AQI,山南,17.0
20170124,8,PM2.5,山南,7.0
20170124,8,PM2.5_24h,山南,14.0
20170124,8,PM10,山南,15.0
20170124,8,PM10_24h,山南,84.0
20170124,8,SO2,山南,5.0
20170124,8,SO2_24h,山南,5.0
20170124,8,NO2,山南,9.0
20170124,8,NO2_24h,山南,10.0
20170124,8,O3,山南,53.0
20170124,8,O3_24h,山南,111.0
20170124,8,O3_8h,山南,69.0
20170124,8,O3_8h_24h,山南,90.0
20170124,8,CO,山南,0.5
20170124,8,CO_24h,山南,0.45
20170124,9,AQI,山南,27.0
20170124,9,PM2.5,山南,9.0
20170124,9,PM2.5_24h,山南,14.0
20170124,9,PM10,山南,27.0
20170124,9,PM10_24h,山南,84.0
20170124,9,SO2,山南,6.0
20170124,9,SO2_24h,山南,5.0
20170124,9,NO2,山南,15.0
20170124,9,NO2_24h,山南,9.0
20170124,9,O3,山南,45.0
20170124,9,O3_24h,山南,111.0
20170124,9,O3_8h,山南,64.0
20170124,9,O3_8h_24h,山南,90.0
20170124,9,CO,山南,0.55
20170124,9,CO_24h,山南,0.45
20170124,10,AQI,山南,60.0
20170124,10,PM2.5,山南,21.0
20170124,10,PM2.5_24h,山南,14.0
20170124,10,PM10,山南,70.0
20170124,10,PM10_24h,山南,84.0
20170124,10,SO2,山南,6.0
20170124,10,SO2_24h,山南,5.0
20170124,10,NO2,山南,26.0
20170124,10,NO2_24h,山南,9.0
20170124,10,O3,山南,38.0
20170124,10,O3_24h,山南,111.0
20170124,10,O3_8h,山南,59.0
20170124,10,O3_8h_24h,山南,90.0
20170124,10,CO,山南,0.8
20170124,10,CO_24h,山南,0.45
20170124,11,AQI,山南,74.0
20170124,11,PM2.5,山南,25.0
20170124,11,PM2.5_24h,山南,14.0
20170124,11,PM10,山南,98.0
20170124,11,PM10_24h,山南,85.0
20170124,11,SO2,山南,7.0
20170124,11,SO2_24h,山南,5.0
20170124,11,NO2,山南,14.0
20170124,11,NO2_24h,山南,9.0
20170124,11,O3,山南,54.0
20170124,11,O3_24h,山南,111.0
20170124,11,O3_8h,山南,55.0
20170124,11,O3_8h_24h,山南,90.0
20170124,11,CO,山南,0.8
20170124,11,CO_24h,山南,0.45
20170124,12,AQI,山南,58.0
20170124,12,PM2.5,山南,24.0
20170124,12,PM2.5_24h,山南,14.0
20170124,12,PM10,山南,66.0
20170124,12,PM10_24h,山南,86.0
20170124,12,SO2,山南,7.0
20170124,12,SO2_24h,山南,5.0
20170124,12,NO2,山南,14.0
20170124,12,NO2_24h,山南,9.0
20170124,12,O3,山南,67.0
20170124,12,O3_24h,山南,111.0
20170124,12,O3_8h,山南,55.0
20170124,12,O3_8h_24h,山南,90.0
20170124,12,CO,山南,0.7
20170124,12,CO_24h,山南,0.45
20170124,13,AQI,山南,40.0
20170124,13,PM2.5,山南,10.0
20170124,13,PM2.5_24h,山南,15.0
20170124,13,PM10,山南,40.0
20170124,13,PM10_24h,山南,86.0
20170124,13,SO2,山南,6.0
20170124,13,SO2_24h,山南,5.0
20170124,13,NO2,山南,11.0
20170124,13,NO2_24h,山南,9.0
20170124,13,O3,山南,74.0
20170124,13,O3_24h,山南,111.0
20170124,13,O3_8h,山南,56.0
20170124,13,O3_8h_24h,山南,90.0
20170124,13,CO,山南,0.55
20170124,13,CO_24h,山南,0.5
20170124,14,AQI,山南,31.0
20170124,14,PM2.5,山南,6.0
20170124,14,PM2.5_24h,山南,15.0
20170124,14,PM10,山南,31.0
20170124,14,PM10_24h,山南,87.0
20170124,14,SO2,山南,6.0
20170124,14,SO2_24h,山南,5.0
20170124,14,NO2,山南,6.0
20170124,14,NO2_24h,山南,9.0
20170124,14,O3,山南,87.0
20170124,14,O3_24h,山南,111.0
20170124,14,O3_8h,山南,60.0
20170124,14,O3_8h_24h,山南,90.0
20170124,14,CO,山南,0.4
20170124,14,CO_24h,山南,0.5
20170124,15,AQI,山南,32.0
20170124,15,PM2.5,山南,9.0
20170124,15,PM2.5_24h,山南,15.0
20170124,15,PM10,山南,22.0
20170124,15,PM10_24h,山南,87.0
20170124,15,SO2,山南,5.0
20170124,15,SO2_24h,山南,5.0
20170124,15,NO2,山南,2.0
20170124,15,NO2_24h,山南,9.0
20170124,15,O3,山南,101.0
20170124,15,O3_24h,山南,111.0
20170124,15,O3_8h,山南,65.0
20170124,15,O3_8h_24h,山南,90.0
20170124,15,CO,山南,0.4
20170124,15,CO_24h,山南,0.5
20170124,16,AQI,山南,32.0
20170124,16,PM2.5,山南,6.0
20170124,16,PM2.5_24h,山南,15.0
20170124,16,PM10,山南,17.0
20170124,16,PM10_24h,山南,86.0
20170124,16,SO2,山南,4.0
20170124,16,SO2_24h,山南,5.0
20170124,16,NO2,山南,3.0
20170124,16,NO2_24h,山南,10.0
20170124,16,O3,山南,102.0
20170124,16,O3_24h,山南,111.0
20170124,16,O3_8h,山南,71.0
20170124,16,O3_8h_24h,山南,90.0
20170124,16,CO,山南,0.4
20170124,16,CO_24h,山南,0.5
20170124,17,AQI,山南,33.0
20170124,17,PM2.5,山南,5.0
20170124,17,PM2.5_24h,山南,14.0
20170124,17,PM10,山南,11.0
20170124,17,PM10_24h,山南,76.0
20170124,17,SO2,山南,4.0
20170124,17,SO2_24h,山南,5.0
20170124,17,NO2,山南,3.0
20170124,17,NO2_24h,山南,10.0
20170124,17,O3,山南,104.0
20170124,17,O3_24h,山南,110.0
20170124,17,O3_8h,山南,79.0
20170124,17,O3_8h_24h,山南,90.0
20170124,17,CO,山南,0.35
20170124,17,CO_24h,山南,0.5
20170124,18,AQI,山南,33.0
20170124,18,PM2.5,山南,7.0
20170124,18,PM2.5_24h,山南,13.0
20170124,18,PM10,山南,27.0
20170124,18,PM10_24h,山南,63.0
20170124,18,SO2,山南,5.0
20170124,18,SO2_24h,山南,5.0
20170124,18,NO2,山南,6.0
20170124,18,NO2_24h,山南,10.0
20170124,18,O3,山南,104.0
20170124,18,O3_24h,山南,107.0
20170124,18,O3_8h,山南,87.0
20170124,18,O3_8h_24h,山南,91.0
20170124,18,CO,山南,0.4
20170124,18,CO_24h,山南,0.5
20170124,19,AQI,山南,38.0
20170124,19,PM2.5,山南,10.0
20170124,19,PM2.5_24h,山南,13.0
20170124,19,PM10,山南,38.0
20170124,19,PM10_24h,山南,59.0
20170124,19,SO2,山南,5.0
20170124,19,SO2_24h,山南,5.0
20170124,19,NO2,山南,14.0
20170124,19,NO2_24h,山南,10.0
20170124,19,O3,山南,97.0
20170124,19,O3_24h,山南,105.0
20170124,19,O3_8h,山南,92.0
20170124,19,O3_8h_24h,山南,93.0
20170124,19,CO,山南,0.5
20170124,19,CO_24h,山南,0.55
20170124,20,AQI,山南,51.0
20170124,20,PM2.5,山南,24.0
20170124,20,PM2.5_24h,山南,13.0
20170124,20,PM10,山南,52.0
20170124,20,PM10_24h,山南,53.0
20170124,20,SO2,山南,10.0
20170124,20,SO2_24h,山南,5.0
20170124,20,NO2,山南,46.0
20170124,20,NO2_24h,山南,11.0
20170124,20,O3,山南,63.0
20170124,20,O3_24h,山南,105.0
20170124,20,O3_8h,山南,91.0
20170124,20,O3_8h_24h,山南,93.0
20170124,20,CO,山南,1.1
20170124,20,CO_24h,山南,0.55
20170124,21,AQI,山南,54.0
20170124,21,PM2.5,山南,25.0
20170124,21,PM2.5_24h,山南,12.0
20170124,21,PM10,山南,58.0
20170124,21,PM10_24h,山南,43.0
20170124,21,SO2,山南,11.0
20170124,21,SO2_24h,山南,6.0
20170124,21,NO2,山南,57.0
20170124,21,NO2_24h,山南,13.0
20170124,21,O3,山南,49.0
20170124,21,O3_24h,山南,105.0
20170124,21,O3_8h,山南,88.0
20170124,21,O3_8h_24h,山南,93.0
20170124,21,CO,山南,1.1
20170124,21,CO_24h,山南,0.55
20170124,22,AQI,山南,57.0
20170124,22,PM2.5,山南,28.0
20170124,22,PM2.5_24h,山南,12.0
20170124,22,PM10,山南,63.0
20170124,22,PM10_24h,山南,40.0
20170124,22,SO2,山南,8.0
20170124,22,SO2_24h,山南,6.0
20170124,22,NO2,山南,35.0
20170124,22,NO2_24h,山南,14.0
20170124,22,O3,山南,58.0
20170124,22,O3_24h,山南,105.0
20170124,22,O3_8h,山南,85.0
20170124,22,O3_8h_24h,山南,93.0
20170124,22,CO,山南,0.95
20170124,22,CO_24h,山南,0.6
20170124,23,AQI,山南,57.0
20170124,23,PM2.5,山南,26.0
20170124,23,PM2.5_24h,山南,12.0
20170124,23,PM10,山南,63.0
20170124,23,PM10_24h,山南,39.0
20170124,23,SO2,山南,8.0
20170124,23,SO2_24h,山南,6.0
20170124,23,NO2,山南,23.0
20170124,23,NO2_24h,山南,14.0
20170124,23,O3,山南,63.0
20170124,23,O3_24h,山南,105.0
20170124,23,O3_8h,山南,80.0
20170124,23,O3_8h_24h,山南,93.0
20170124,23,CO,山南,0.8
20170124,23,CO_24h,山南,0.55
20170124,0,AQI,日喀则,41.0
20170124,0,PM2.5,日喀则,29.0
20170124,0,PM2.5_24h,日喀则,12.0
20170124,0,PM10,日喀则,35.0
20170124,0,PM10_24h,日喀则,27.0
20170124,0,SO2,日喀则,11.0
20170124,0,SO2_24h,日喀则,12.0
20170124,0,NO2,日喀则,2.0
20170124,0,NO2_24h,日喀则,8.0
20170124,0,O3,日喀则,88.0
20170124,0,O3_24h,日喀则,109.0
20170124,0,O3_8h,日喀则,86.0
20170124,0,O3_8h_24h,日喀则,91.0
20170124,0,CO,日喀则,0.55
20170124,0,CO_24h,日喀则,0.7
20170124,1,AQI,日喀则,36.0
20170124,1,PM2.5,日喀则,14.0
20170124,1,PM2.5_24h,日喀则,12.0
20170124,1,PM10,日喀则,36.0
20170124,1,PM10_24h,日喀则,28.0
20170124,1,SO2,日喀则,11.0
20170124,1,SO2_24h,日喀则,12.0
20170124,1,NO2,日喀则,2.0
20170124,1,NO2_24h,日喀则,8.0
20170124,1,O3,日喀则,85.0
20170124,1,O3_24h,日喀则,109.0
20170124,1,O3_8h,日喀则,85.0
20170124,1,O3_8h_24h,日喀则,85.0
20170124,1,CO,日喀则,0.6
20170124,1,CO_24h,日喀则,0.7
20170124,2,AQI,日喀则,29.0
20170124,2,PM2.5,日喀则,7.0
20170124,2,PM2.5_24h,日喀则,12.0
20170124,2,PM10,日喀则,29.0
20170124,2,PM10_24h,日喀则,29.0
20170124,2,SO2,日喀则,10.0
20170124,2,SO2_24h,日喀则,12.0
20170124,2,NO2,日喀则,3.0
20170124,2,NO2_24h,日喀则,8.0
20170124,2,O3,日喀则,73.0
20170124,2,O3_24h,日喀则,109.0
20170124,2,O3_8h,日喀则,79.0
20170124,2,O3_8h_24h,日喀则,85.0
20170124,2,CO,日喀则,0.7
20170124,2,CO_24h,日喀则,0.7
20170124,3,AQI,日喀则,40.0
20170124,3,PM2.5,日喀则,28.0
20170124,3,PM2.5_24h,日喀则,12.0
20170124,3,PM10,日喀则,39.0
20170124,3,PM10_24h,日喀则,29.0
20170124,3,SO2,日喀则,11.0
20170124,3,SO2_24h,日喀则,12.0
20170124,3,NO2,日喀则,15.0
20170124,3,NO2_24h,日喀则,8.0
20170124,3,O3,日喀则,48.0
20170124,3,O3_24h,日喀则,109.0
20170124,3,O3_8h,日喀则,69.0
20170124,3,O3_8h_24h,日喀则,85.0
20170124,3,CO,日喀则,0.85
20170124,3,CO_24h,日喀则,0.7
20170124,4,AQI,日喀则,31.0
20170124,4,PM2.5,日喀则,12.0
20170124,4,PM2.5_24h,日喀则,12.0
20170124,4,PM10,日喀则,31.0
20170124,4,PM10_24h,日喀则,30.0
20170124,4,SO2,日喀则,10.0
20170124,4,SO2_24h,日喀则,12.0
20170124,4,NO2,日喀则,18.0
20170124,4,NO2_24h,日喀则,8.0
20170124,4,O3,日喀则,42.0
20170124,4,O3_24h,日喀则,109.0
20170124,4,O3_8h,日喀则,62.0
20170124,4,O3_8h_24h,日喀则,85.0
20170124,4,CO,日喀则,0.85
20170124,4,CO_24h,日喀则,0.7
20170124,5,AQI,日喀则,23.0
20170124,5,PM2.5,日喀则,9.0
20170124,5,PM2.5_24h,日喀则,12.0
20170124,5,PM10,日喀则,23.0
20170124,5,PM10_24h,日喀则,30.0
20170124,5,SO2,日喀则,12.0
20170124,5,SO2_24h,日喀则,12.0
20170124,5,NO2,日喀则,12.0
20170124,5,NO2_24h,日喀则,9.0
20170124,5,O3,日喀则,45.0
20170124,5,O3_24h,日喀则,109.0
20170124,5,O3_8h,日喀则,58.0
20170124,5,O3_8h_24h,日喀则,85.0
20170124,5,CO,日喀则,0.75
20170124,5,CO_24h,日喀则,0.7
20170124,6,AQI,日喀则,14.0
20170124,6,PM2.5,日喀则,6.0
20170124,6,PM2.5_24h,日喀则,12.0
20170124,6,PM10,日喀则,14.0
20170124,6,PM10_24h,日喀则,30.0
20170124,6,SO2,日喀则,11.0
20170124,6,SO2_24h,日喀则,12.0
20170124,6,NO2,日喀则,13.0
20170124,6,NO2_24h,日喀则,9.0
20170124,6,O3,日喀则,43.0
20170124,6,O3_24h,日喀则,109.0
20170124,6,O3_8h,日喀则,56.0
20170124,6,O3_8h_24h,日喀则,85.0
20170124,6,CO,日喀则,0.7
20170124,6,CO_24h,日喀则,0.7
20170124,7,AQI,日喀则,11.0
20170124,7,PM2.5,日喀则,6.0
20170124,7,PM2.5_24h,日喀则,12.0
20170124,7,PM10,日喀则,11.0
20170124,7,PM10_24h,日喀则,31.0
20170124,7,SO2,日喀则,12.0
20170124,7,SO2_24h,日喀则,12.0
20170124,7,NO2,日喀则,14.0
20170124,7,NO2_24h,日喀则,9.0
20170124,7,O3,日喀则,34.0
20170124,7,O3_24h,日喀则,109.0
20170124,7,O3_8h,日喀则,53.0
20170124,7,O3_8h_24h,日喀则,85.0
20170124,7,CO,日喀则,0.75
20170124,7,CO_24h,日喀则,0.7
20170124,8,AQI,日喀则,20.0
20170124,8,PM2.5,日喀则,8.0
20170124,8,PM2.5_24h,日喀则,12.0
20170124,8,PM10,日喀则,20.0
20170124,8,PM10_24h,日喀则,31.0
20170124,8,SO2,日喀则,10.0
20170124,8,SO2_24h,日喀则,12.0
20170124,8,NO2,日喀则,16.0
20170124,8,NO2_24h,日喀则,10.0
20170124,8,O3,日喀则,30.0
20170124,8,O3_24h,日喀则,109.0
20170124,8,O3_8h,日喀则,50.0
20170124,8,O3_8h_24h,日喀则,85.0
20170124,8,CO,日喀则,0.75
20170124,8,CO_24h,日喀则,0.7
20170124,9,AQI,日喀则,25.0
20170124,9,PM2.5,日喀则,7.0
20170124,9,PM2.5_24h,日喀则,12.0
20170124,9,PM10,日喀则,25.0
20170124,9,PM10_24h,日喀则,32.0
20170124,9,SO2,日喀则,11.0
20170124,9,SO2_24h,日喀则,12.0
20170124,9,NO2,日喀则,15.0
20170124,9,NO2_24h,日喀则,10.0
20170124,9,O3,日喀则,25.0
20170124,9,O3_24h,日喀则,109.0
20170124,9,O3_8h,日喀则,43.0
20170124,9,O3_8h_24h,日喀则,85.0
20170124,9,CO,日喀则,0.75
20170124,9,CO_24h,日喀则,0.7
20170124,10,AQI,日喀则,52.0
20170124,10,PM2.5,日喀则,11.0
20170124,10,PM2.5_24h,日喀则,12.0
20170124,10,PM10,日喀则,53.0
20170124,10,PM10_24h,日喀则,32.0
20170124,10,SO2,日喀则,12.0
20170124,10,SO2_24h,日喀则,12.0
20170124,10,NO2,日喀则,26.0
20170124,10,NO2_24h,日喀则,9.0
20170124,10,O3,日喀则,22.0
20170124,10,O3_24h,日喀则,109.0
20170124,10,O3_8h,日喀则,36.0
20170124,10,O3_8h_24h,日喀则,85.0
20170124,10,CO,日喀则,0.9
20170124,10,CO_24h,日喀则,0.7
20170124,11,AQI,日喀则,54.0
20170124,11,PM2.5,日喀则,28.0
20170124,11,PM2.5_24h,日喀则,11.0
20170124,11,PM10,日喀则,58.0
20170124,11,PM10_24h,日喀则,32.0
20170124,11,SO2,日喀则,13.0
20170124,11,SO2_24h,日喀则,11.0
20170124,11,NO2,日喀则,23.0
20170124,11,NO2_24h,日喀则,9.0
20170124,11,O3,日喀则,52.0
20170124,11,O3_24h,日喀则,109.0
20170124,11,O3_8h,日喀则,37.0
20170124,11,O3_8h_24h,日喀则,85.0
20170124,11,CO,日喀则,2.55
20170124,11,CO_24h,日喀则,0.75
20170124,12,AQI,日喀则,55.0
20170124,12,PM2.5,日喀则,26.0
20170124,12,PM2.5_24h,日喀则,11.0
20170124,12,PM10,日喀则,59.0
20170124,12,PM10_24h,日喀则,33.0
20170124,12,SO2,日喀则,11.0
20170124,12,SO2_24h,日喀则,11.0
20170124,12,NO2,日喀则,4.0
20170124,12,NO2_24h,日喀则,9.0
20170124,12,O3,日喀则,60.0
20170124,12,O3_24h,日喀则,109.0
20170124,12,O3_8h,日喀则,39.0
20170124,12,O3_8h_24h,日喀则,85.0
20170124,12,CO,日喀则,0.7
20170124,12,CO_24h,日喀则,0.75
20170124,13,AQI,日喀则,29.0
20170124,13,PM2.5,日喀则,13.0
20170124,13,PM2.5_24h,日喀则,11.0
20170124,13,PM10,日喀则,29.0
20170124,13,PM10_24h,日喀则,33.0
20170124,13,SO2,日喀则,9.0
20170124,13,SO2_24h,日喀则,11.0
20170124,13,NO2,日喀则,4.0
20170124,13,NO2_24h,日喀则,9.0
20170124,13,O3,日喀则,72.0
20170124,13,O3_24h,日喀则,109.0
20170124,13,O3_8h,日喀则,42.0
20170124,13,O3_8h_24h,日喀则,85.0
20170124,13,CO,日喀则,0.65
20170124,13,CO_24h,日喀则,0.75
20170124,14,AQI,日喀则,25.0
20170124,14,PM2.5,日喀则,4.0
20170124,14,PM2.5_24h,日喀则,11.0
20170124,14,PM10,日喀则,17.0
20170124,14,PM10_24h,日喀则,33.0
20170124,14,SO2,日喀则,12.0
20170124,14,SO2_24h,日喀则,12.0
20170124,14,NO2,日喀则,2.0
20170124,14,NO2_24h,日喀则,9.0
20170124,14,O3,日喀则,79.0
20170124,14,O3_24h,日喀则,109.0
20170124,14,O3_8h,日喀则,47.0
20170124,14,O3_8h_24h,日喀则,85.0
20170124,14,CO,日喀则,0.6
20170124,14,CO_24h,日喀则,0.75
20170124,15,AQI,日喀则,26.0
20170124,15,PM2.5,日喀则,7.0
20170124,15,PM2.5_24h,日喀则,11.0
20170124,15,PM10,日喀则,20.0
20170124,15,PM10_24h,日喀则,33.0
20170124,15,SO2,日喀则,11.0
20170124,15,SO2_24h,日喀则,12.0
20170124,15,NO2,日喀则,2.0
20170124,15,NO2_24h,日喀则,9.0
20170124,15,O3,日喀则,84.0
20170124,15,O3_24h,日喀则,109.0
20170124,15,O3_8h,日喀则,53.0
20170124,15,O3_8h_24h,日喀则,85.0
20170124,15,CO,日喀则,0.6
20170124,15,CO_24h,日喀则,0.75
20170124,16,AQI,日喀则,27.0
20170124,16,PM2.5,日喀则,6.0
20170124,16,PM2.5_24h,日喀则,11.0
20170124,16,PM10,日喀则,15.0
20170124,16,PM10_24h,日喀则,32.0
20170124,16,SO2,日喀则,9.0
20170124,16,SO2_24h,日喀则,12.0
20170124,16,NO2,日喀则,2.0
20170124,16,NO2_24h,日喀则,9.0
20170124,16,O3,日喀则,86.0
20170124,16,O3_24h,日喀则,94.0
20170124,16,O3_8h,日喀则,60.0
20170124,16,O3_8h_24h,日喀则,85.0
20170124,16,CO,日喀则,0.55
20170124,16,CO_24h,日喀则,0.8
20170124,17,AQI,日喀则,28.0
20170124,17,PM2.5,日喀则,9.0
20170124,17,PM2.5_24h,日喀则,11.0
20170124,17,PM10,日喀则,28.0
20170124,17,PM10_24h,日喀则,33.0
20170124,17,SO2,日喀则,10.0
20170124,17,SO2_24h,日喀则,12.0
20170124,17,NO2,日喀则,2.0
20170124,17,NO2_24h,日喀则,9.0
20170124,17,O3,日喀则,86.0
20170124,17,O3_24h,日喀则,94.0
20170124,17,O3_8h,日喀则,68.0
20170124,17,O3_8h_24h,日喀则,85.0
20170124,17,CO,日喀则,0.55
20170124,17,CO_24h,日喀则,0.8
20170124,18,AQI,日喀则,27.0
20170124,18,PM2.5,日喀则,5.0
20170124,18,PM2.5_24h,日喀则,11.0
20170124,18,PM10,日喀则,15.0
20170124,18,PM10_24h,日喀则,33.0
20170124,18,SO2,日喀则,9.0
20170124,18,SO2_24h,日喀则,12.0
20170124,18,NO2,日喀则,2.0
20170124,18,NO2_24h,日喀则,9.0
20170124,18,O3,日喀则,87.0
20170124,18,O3_24h,日喀则,91.0
20170124,18,O3_8h,日喀则,76.0
20170124,18,O3_8h_24h,日喀则,85.0
20170124,18,CO,日喀则,0.55
20170124,18,CO_24h,日喀则,0.8
20170124,19,AQI,日喀则,28.0
20170124,19,PM2.5,日喀则,2.0
20170124,19,PM2.5_24h,日喀则,11.0
20170124,19,PM10,日喀则,9.0
20170124,19,PM10_24h,日喀则,33.0
20170124,19,SO2,日喀则,11.0
20170124,19,SO2_24h,日喀则,12.0
20170124,19,NO2,日喀则,2.0
20170124,19,NO2_24h,日喀则,9.0
20170124,19,O3,日喀则,88.0
20170124,19,O3_24h,日喀则,89.0
20170124,19,O3_8h,日喀则,81.0
20170124,19,O3_8h_24h,日喀则,85.0
20170124,19,CO,日喀则,0.55
20170124,19,CO_24h,日喀则,0.75
20170124,20,AQI,日喀则,27.0
20170124,20,PM2.5,日喀则,5.0
20170124,20,PM2.5_24h,日喀则,11.0
20170124,20,PM10,日喀则,27.0
20170124,20,PM10_24h,日喀则,32.0
20170124,20,SO2,日喀则,16.0
20170124,20,SO2_24h,日喀则,11.0
20170124,20,NO2,日喀则,27.0
20170124,20,NO2_24h,日喀则,11.0
20170124,20,O3,日喀则,62.0
20170124,20,O3_24h,日喀则,89.0
20170124,20,O3_8h,日喀则,81.0
20170124,20,O3_8h_24h,日喀则,85.0
20170124,20,CO,日喀则,0.85
20170124,20,CO_24h,日喀则,0.75
20170124,21,AQI,日喀则,74.0
20170124,21,PM2.5,日喀则,20.0
20170124,21,PM2.5_24h,日喀则,11.0
20170124,21,PM10,日喀则,98.0
20170124,21,PM10_24h,日喀则,35.0
20170124,21,SO2,日喀则,36.0
20170124,21,SO2_24h,日喀则,12.0
20170124,21,NO2,日喀则,61.0
20170124,21,NO2_24h,日喀则,13.0
20170124,21,O3,日喀则,40.0
20170124,21,O3_24h,日喀则,89.0
20170124,21,O3_8h,日喀则,77.0
20170124,21,O3_8h_24h,日喀则,85.0
20170124,21,CO,日喀则,1.4
20170124,21,CO_24h,日喀则,0.8
20170124,22,AQI,日喀则,131.0
20170124,22,PM2.5,日喀则,100.0
20170124,22,PM2.5_24h,日喀则,15.0
20170124,22,PM10,日喀则,149.0
20170124,22,PM10_24h,日喀则,38.0
20170124,22,SO2,日喀则,33.0
20170124,22,SO2_24h,日喀则,13.0
20170124,22,NO2,日喀则,53.0
20170124,22,NO2_24h,日喀则,14.0
20170124,22,O3,日喀则,42.0
20170124,22,O3_24h,日喀则,89.0
20170124,22,O3_8h,日喀则,72.0
20170124,22,O3_8h_24h,日喀则,85.0
20170124,22,CO,日喀则,1.5
20170124,22,CO_24h,日喀则,0.85
20170124,23,AQI,日喀则,149.0
20170124,23,PM2.5,日喀则,114.0
20170124,23,PM2.5_24h,日喀则,20.0
20170124,23,PM10,日喀则,170.0
20170124,23,PM10_24h,日喀则,44.0
20170124,23,SO2,日喀则,31.0
20170124,23,SO2_24h,日喀则,14.0
20170124,23,NO2,日喀则,67.0
20170124,23,NO2_24h,日喀则,16.0
20170124,23,O3,日喀则,34.0
20170124,23,O3_24h,日喀则,89.0
20170124,23,O3_8h,日喀则,66.0
20170124,23,O3_8h_24h,日喀则,85.0
20170124,23,CO,日喀则,1.7
20170124,23,CO_24h,日喀则,0.85
20170124,0,AQI,那曲地区,65.0
20170124,0,PM2.5,那曲地区,47.0
20170124,0,PM2.5_24h,那曲地区,39.0
20170124,0,PM10_24h,那曲地区,51.0
20170124,0,SO2,那曲地区,49.0
20170124,0,SO2_24h,那曲地区,36.0
20170124,0,NO2,那曲地区,46.0
20170124,0,NO2_24h,那曲地区,23.0
20170124,0,O3,那曲地区,31.0
20170124,0,O3_24h,那曲地区,58.0
20170124,0,O3_8h,那曲地区,50.0
20170124,0,O3_8h_24h,那曲地区,56.0
20170124,0,CO,那曲地区,1.9
20170124,0,CO_24h,那曲地区,1.6
20170124,1,AQI,那曲地区,63.0
20170124,1,PM2.5,那曲地区,45.0
20170124,1,PM2.5_24h,那曲地区,37.0
20170124,1,PM10_24h,那曲地区,47.0
20170124,1,SO2,那曲地区,47.0
20170124,1,SO2_24h,那曲地区,36.0
20170124,1,NO2,那曲地区,39.0
20170124,1,NO2_24h,那曲地区,22.0
20170124,1,O3,那曲地区,33.0
20170124,1,O3_24h,那曲地区,58.0
20170124,1,O3_8h,那曲地区,33.0
20170124,1,O3_8h_24h,那曲地区,33.0
20170124,1,CO,那曲地区,1.6
20170124,1,CO_24h,那曲地区,1.5
20170124,2,AQI,那曲地区,40.0
20170124,2,PM2.5,那曲地区,28.0
20170124,2,PM2.5_24h,那曲地区,35.0
20170124,2,PM10,那曲地区,31.0
20170124,2,PM10_24h,那曲地区,46.0
20170124,2,SO2,那曲地区,43.0
20170124,2,SO2_24h,那曲地区,37.0
20170124,2,NO2,那曲地区,41.0
20170124,2,NO2_24h,那曲地区,22.0
20170124,2,O3,那曲地区,27.0
20170124,2,O3_24h,那曲地区,58.0
20170124,2,O3_8h,那曲地区,30.0
20170124,2,O3_8h_24h,那曲地区,33.0
20170124,2,CO,那曲地区,2.0
20170124,2,CO_24h,那曲地区,1.5
20170124,3,AQI,那曲地区,47.0
20170124,3,PM2.5,那曲地区,33.0
20170124,3,PM2.5_24h,那曲地区,35.0
20170124,3,PM10,那曲地区,37.0
20170124,3,PM10_24h,那曲地区,45.0
20170124,3,SO2,那曲地区,38.0
20170124,3,SO2_24h,那曲地区,37.0
20170124,3,NO2,那曲地区,27.0
20170124,3,NO2_24h,那曲地区,22.0
20170124,3,O3,那曲地区,30.0
20170124,3,O3_24h,那曲地区,58.0
20170124,3,O3_8h,那曲地区,30.0
20170124,3,O3_8h_24h,那曲地区,33.0
20170124,3,CO,那曲地区,1.9
20170124,3,CO_24h,那曲地区,1.5
20170124,4,AQI,那曲地区,25.0
20170124,4,PM2.5,那曲地区,7.0
20170124,4,PM2.5_24h,那曲地区,34.0
20170124,4,PM10,那曲地区,25.0
20170124,4,PM10_24h,那曲地区,44.0
20170124,4,SO2,那曲地区,29.0
20170124,4,SO2_24h,那曲地区,37.0
20170124,4,NO2,那曲地区,19.0
20170124,4,NO2_24h,那曲地区,21.0
20170124,4,O3,那曲地区,36.0
20170124,4,O3_24h,那曲地区,58.0
20170124,4,O3_8h,那曲地区,32.0
20170124,4,O3_8h_24h,那曲地区,33.0
20170124,4,CO,那曲地区,1.3
20170124,4,CO_24h,那曲地区,1.4
20170124,5,AQI,那曲地区,22.0
20170124,5,PM2.5_24h,那曲地区,33.0
20170124,5,PM10,那曲地区,22.0
20170124,5,PM10_24h,那曲地区,44.0
20170124,5,SO2,那曲地区,31.0
20170124,5,SO2_24h,那曲地区,38.0
20170124,5,NO2,那曲地区,21.0
20170124,5,NO2_24h,那曲地区,21.0
20170124,5,O3,那曲地区,35.0
20170124,5,O3_24h,那曲地区,58.0
20170124,5,O3_8h,那曲地区,32.0
20170124,5,O3_8h_24h,那曲地区,33.0
20170124,5,CO,那曲地区,1.3
20170124,5,CO_24h,那曲地区,1.4
20170124,6,AQI,那曲地区,12.0
20170124,6,PM2.5,那曲地区,4.0
20170124,6,PM2.5_24h,那曲地区,33.0
20170124,6,PM10,那曲地区,11.0
20170124,6,PM10_24h,那曲地区,44.0
20170124,6,SO2,那曲地区,29.0
20170124,6,SO2_24h,那曲地区,37.0
20170124,6,NO2,那曲地区,21.0
20170124,6,NO2_24h,那曲地区,21.0
20170124,6,O3,那曲地区,36.0
20170124,6,O3_24h,那曲地区,58.0
20170124,6,O3_8h,那曲地区,33.0
20170124,6,O3_8h_24h,那曲地区,33.0
20170124,6,CO,那曲地区,1.2
20170124,6,CO_24h,那曲地区,1.4
20170124,7,AQI,那曲地区,23.0
20170124,7,PM2.5,那曲地区,11.0
20170124,7,PM2.5_24h,那曲地区,33.0
20170124,7,PM10,那曲地区,23.0
20170124,7,PM10_24h,那曲地区,44.0
20170124,7,SO2,那曲地区,31.0
20170124,7,SO2_24h,那曲地区,37.0
20170124,7,NO2,那曲地区,30.0
20170124,7,NO2_24h,那曲地区,21.0
20170124,7,O3,那曲地区,25.0
20170124,7,O3_24h,那曲地区,58.0
20170124,7,O3_8h,那曲地区,32.0
20170124,7,O3_8h_24h,那曲地区,33.0
20170124,7,CO,那曲地区,1.8
20170124,7,CO_24h,那曲地区,1.4
20170124,8,AQI,那曲地区,34.0
20170124,8,PM2.5,那曲地区,22.0
20170124,8,PM2.5_24h,那曲地区,34.0
20170124,8,PM10,那曲地区,34.0
20170124,8,PM10_24h,那曲地区,44.0
20170124,8,SO2,那曲地区,28.0
20170124,8,SO2_24h,那曲地区,37.0
20170124,8,NO2,那曲地区,33.0
20170124,8,NO2_24h,那曲地区,21.0
20170124,8,O3,那曲地区,19.0
20170124,8,O3_24h,那曲地区,58.0
20170124,8,O3_8h,那曲地区,30.0
20170124,8,O3_8h_24h,那曲地区,33.0
20170124,8,CO,那曲地区,2.0
20170124,8,CO_24h,那曲地区,1.4
20170124,9,AQI,那曲地区,40.0
20170124,9,PM2.5,那曲地区,28.0
20170124,9,PM2.5_24h,那曲地区,34.0
20170124,9,PM10,那曲地区,38.0
20170124,9,PM10_24h,那曲地区,44.0
20170124,9,SO2,那曲地区,40.0
20170124,9,SO2_24h,那曲地区,38.0
20170124,9,NO2,那曲地区,30.0
20170124,9,NO2_24h,那曲地区,21.0
20170124,9,O3,那曲地区,28.0
20170124,9,O3_24h,那曲地区,58.0
20170124,9,O3_8h,那曲地区,30.0
20170124,9,O3_8h_24h,那曲地区,33.0
20170124,9,CO,那曲地区,1.1
20170124,9,CO_24h,那曲地区,1.4
20170124,10,AQI,那曲地区,68.0
20170124,10,PM2.5,那曲地区,49.0
20170124,10,PM2.5_24h,那曲地区,31.0
20170124,10,PM10,那曲地区,72.0
20170124,10,PM10_24h,那曲地区,42.0
20170124,10,SO2,那曲地区,57.0
20170124,10,SO2_24h,那曲地区,37.0
20170124,10,NO2,那曲地区,56.0
20170124,10,NO2_24h,那曲地区,21.0
20170124,10,O3,那曲地区,21.0
20170124,10,O3_24h,那曲地区,58.0
20170124,10,O3_8h,那曲地区,29.0
20170124,10,O3_8h_24h,那曲地区,33.0
20170124,10,CO,那曲地区,2.1
20170124,10,CO_24h,那曲地区,1.3
20170124,11,AQI,那曲地区,126.0
20170124,11,PM2.5,那曲地区,96.0
20170124,11,PM2.5_24h,那曲地区,26.0
20170124,11,PM10,那曲地区,117.0
20170124,11,PM10_24h,那曲地区,37.0
20170124,11,SO2,那曲地区,49.0
20170124,11,SO2_24h,那曲地区,35.0
20170124,11,NO2,那曲地区,20.0
20170124,11,NO2_24h,那曲地区,20.0
20170124,11,O3,那曲地区,30.0
20170124,11,O3_24h,那曲地区,58.0
20170124,11,O3_8h,那曲地区,29.0
20170124,11,O3_8h_24h,那曲地区,33.0
20170124,11,CO,那曲地区,1.5
20170124,11,CO_24h,那曲地区,1.2
20170124,12,AQI,那曲地区,63.0
20170124,12,PM2.5,那曲地区,45.0
20170124,12,PM2.5_24h,那曲地区,24.0
20170124,12,PM10,那曲地区,61.0
20170124,12,PM10_24h,那曲地区,34.0
20170124,12,SO2,那曲地区,41.0
20170124,12,SO2_24h,那曲地区,34.0
20170124,12,NO2,那曲地区,2.0
20170124,12,NO2_24h,那曲地区,20.0
20170124,12,O3,那曲地区,41.0
20170124,12,O3_24h,那曲地区,58.0
20170124,12,O3_8h,那曲地区,29.0
20170124,12,O3_8h_24h,那曲地区,33.0
20170124,12,CO,那曲地区,1.0
20170124,12,CO_24h,那曲地区,1.2
20170124,13,AQI,那曲地区,81.0
20170124,13,PM2.5,那曲地区,60.0
20170124,13,PM2.5_24h,那曲地区,25.0
20170124,13,PM10_24h,那曲地区,34.0
20170124,13,SO2,那曲地区,63.0
20170124,13,SO2_24h,那曲地区,36.0
20170124,13,NO2,那曲地区,3.0
20170124,13,NO2_24h,那曲地区,20.0
20170124,13,O3,那曲地区,51.0
20170124,13,O3_24h,那曲地区,58.0
20170124,13,O3_8h,那曲地区,31.0
20170124,13,O3_8h_24h,那曲地区,33.0
20170124,13,CO,那曲地区,1.5
20170124,13,CO_24h,那曲地区,1.2
20170124,14,AQI,那曲地区,47.0
20170124,14,PM2.5,那曲地区,33.0
20170124,14,PM2.5_24h,那曲地区,25.0
20170124,14,PM10,那曲地区,39.0
20170124,14,PM10_24h,那曲地区,34.0
20170124,14,SO2,那曲地区,36.0
20170124,14,SO2_24h,那曲地区,36.0
20170124,14,NO2,那曲地区,2.0
20170124,14,NO2_24h,那曲地区,20.0
20170124,14,O3,那曲地区,56.0
20170124,14,O3_24h,那曲地区,58.0
20170124,14,O3_8h,那曲地区,34.0
20170124,14,O3_8h_24h,那曲地区,34.0
20170124,14,CO,那曲地区,0.7
20170124,14,CO_24h,那曲地区,1.2
20170124,15,AQI,那曲地区,20.0
20170124,15,PM2.5,那曲地区,14.0
20170124,15,PM2.5_24h,那曲地区,25.0
20170124,15,PM10,那曲地区,17.0
20170124,15,PM10_24h,那曲地区,34.0
20170124,15,SO2,那曲地区,27.0
20170124,15,SO2_24h,那曲地区,36.0
20170124,15,NO2,那曲地区,1.0
20170124,15,NO2_24h,那曲地区,20.0
20170124,15,O3,那曲地区,57.0
20170124,15,O3_24h,那曲地区,58.0
20170124,15,O3_8h,那曲地区,38.0
20170124,15,O3_8h_24h,那曲地区,38.0
20170124,15,CO,那曲地区,0.6
20170124,15,CO_24h,那曲地区,1.2
20170124,16,AQI,那曲地区,36.0
20170124,16,PM2.5,那曲地区,10.0
20170124,16,PM2.5_24h,那曲地区,25.0
20170124,16,PM10,那曲地区,36.0
20170124,16,PM10_24h,那曲地区,34.0
20170124,16,SO2,那曲地区,22.0
20170124,16,SO2_24h,那曲地区,36.0
20170124,16,NO2,那曲地区,2.0
20170124,16,NO2_24h,那曲地区,20.0
20170124,16,O3,那曲地区,58.0
20170124,16,O3_24h,那曲地区,58.0
20170124,16,O3_8h,那曲地区,43.0
20170124,16,O3_8h_24h,那曲地区,43.0
20170124,16,CO,那曲地区,0.5
20170124,16,CO_24h,那曲地区,1.2
20170124,17,AQI,那曲地区,30.0
20170124,17,PM2.5,那曲地区,1.0
20170124,17,PM2.5_24h,那曲地区,24.0
20170124,17,PM10,那曲地区,30.0
20170124,17,PM10_24h,那曲地区,35.0
20170124,17,SO2,那曲地区,26.0
20170124,17,SO2_24h,那曲地区,36.0
20170124,17,NO2,那曲地区,1.0
20170124,17,NO2_24h,那曲地区,20.0
20170124,17,O3,那曲地区,59.0
20170124,17,O3_24h,那曲地区,59.0
20170124,17,O3_8h,那曲地区,47.0
20170124,17,O3_8h_24h,那曲地区,47.0
20170124,17,CO,那曲地区,0.5
20170124,17,CO_24h,那曲地区,1.2
20170124,18,AQI,那曲地区,20.0
20170124,18,PM2.5,那曲地区,7.0
20170124,18,PM2.5_24h,那曲地区,24.0
20170124,18,PM10,那曲地区,20.0
20170124,18,PM10_24h,那曲地区,34.0
20170124,18,SO2,那曲地区,26.0
20170124,18,SO2_24h,那曲地区,36.0
20170124,18,NO2,那曲地区,1.0
20170124,18,NO2_24h,那曲地区,20.0
20170124,18,O3,那曲地区,60.0
20170124,18,O3_24h,那曲地区,60.0
20170124,18,O3_8h,那曲地区,52.0
20170124,18,O3_8h_24h,那曲地区,52.0
20170124,18,CO,那曲地区,0.5
20170124,18,CO_24h,那曲地区,1.2
20170124,19,AQI,那曲地区,18.0
20170124,19,PM2.5,那曲地区,8.0
20170124,19,PM2.5_24h,那曲地区,24.0
20170124,19,PM10,那曲地区,17.0
20170124,19,PM10_24h,那曲地区,34.0
20170124,19,SO2,那曲地区,30.0
20170124,19,SO2_24h,那曲地区,36.0
20170124,19,NO2,那曲地区,4.0
20170124,19,NO2_24h,那曲地区,20.0
20170124,19,O3,那曲地区,56.0
20170124,19,O3_24h,那曲地区,60.0
20170124,19,O3_8h,那曲地区,55.0
20170124,19,O3_8h_24h,那曲地区,55.0
20170124,19,CO,那曲地区,0.7
20170124,19,CO_24h,那曲地区,1.2
20170124,20,AQI,那曲地区,27.0
20170124,20,PM2.5,那曲地区,2.0
20170124,20,PM2.5_24h,那曲地区,24.0
20170124,20,PM10,那曲地区,27.0
20170124,20,PM10_24h,那曲地区,34.0
20170124,20,SO2,那曲地区,35.0
20170124,20,SO2_24h,那曲地区,36.0
20170124,20,NO2,那曲地区,27.0
20170124,20,NO2_24h,那曲地区,20.0
20170124,20,O3,那曲地区,41.0
20170124,20,O3_24h,那曲地区,60.0
20170124,20,O3_8h,那曲地区,55.0
20170124,20,O3_8h_24h,那曲地区,55.0
20170124,20,CO,那曲地区,1.8
20170124,20,CO_24h,那曲地区,1.3
20170124,21,AQI,那曲地区,55.0
20170124,21,PM2.5,那曲地区,30.0
20170124,21,PM2.5_24h,那曲地区,25.0
20170124,21,PM10,那曲地区,60.0
20170124,21,PM10_24h,那曲地区,36.0
20170124,21,SO2,那曲地区,43.0
20170124,21,SO2_24h,那曲地区,37.0
20170124,21,NO2,那曲地区,55.0
20170124,21,NO2_24h,那曲地区,22.0
20170124,21,O3,那曲地区,27.0
20170124,21,O3_24h,那曲地区,60.0
20170124,21,O3_8h,那曲地区,52.0
20170124,21,O3_8h_24h,那曲地区,55.0
20170124,21,CO,那曲地区,1.6
20170124,21,CO_24h,那曲地区,1.3
20170124,22,AQI,那曲地区,86.0
20170124,22,PM2.5,那曲地区,64.0
20170124,22,PM2.5_24h,那曲地区,27.0
20170124,22,PM10,那曲地区,105.0
20170124,22,PM10_24h,那曲地区,40.0
20170124,22,SO2,那曲地区,62.0
20170124,22,SO2_24h,那曲地区,39.0
20170124,22,NO2,那曲地区,86.0
20170124,22,NO2_24h,那曲地区,25.0
20170124,22,O3,那曲地区,19.0
20170124,22,O3_24h,那曲地区,60.0
20170124,22,O3_8h,那曲地区,47.0
20170124,22,O3_8h_24h,那曲地区,55.0
20170124,22,CO,那曲地区,3.9
20170124,22,CO_24h,那曲地区,1.4
20170124,23,AQI,那曲地区,238.0
20170124,23,PM2.5,那曲地区,188.0
20170124,23,PM2.5_24h,那曲地区,35.0
20170124,23,PM10,那曲地区,234.0
20170124,23,PM10_24h,那曲地区,50.0
20170124,23,SO2,那曲地区,66.0
20170124,23,SO2_24h,那曲地区,40.0
20170124,23,NO2,那曲地区,89.0
20170124,23,NO2_24h,那曲地区,27.0
20170124,23,O3,那曲地区,16.0
20170124,23,O3_24h,那曲地区,60.0
20170124,23,O3_8h,那曲地区,42.0
20170124,23,O3_8h_24h,那曲地区,55.0
20170124,23,CO,那曲地区,6.0
20170124,23,CO_24h,那曲地区,1.6
20170124,0,AQI,阿里地区,45.0
20170124,0,PM2.5,阿里地区,17.0
20170124,0,PM2.5_24h,阿里地区,19.0
20170124,0,PM10,阿里地区,45.0
20170124,0,PM10_24h,阿里地区,36.0
20170124,0,SO2,阿里地区,59.0
20170124,0,SO2_24h,阿里地区,31.0
20170124,0,NO2,阿里地区,37.0
20170124,0,NO2_24h,阿里地区,28.0
20170124,0,O3,阿里地区,54.0
20170124,0,O3_24h,阿里地区,91.0
20170124,0,O3_8h,阿里地区,82.0
20170124,0,O3_8h_24h,阿里地区,88.0
20170124,0,CO,阿里地区,0.7
20170124,0,CO_24h,阿里地区,0.6
20170124,1,AQI,阿里地区,37.0
20170124,1,PM2.5,阿里地区,15.0
20170124,1,PM2.5_24h,阿里地区,18.0
20170124,1,PM10,阿里地区,37.0
20170124,1,PM10_24h,阿里地区,35.0
20170124,1,SO2,阿里地区,48.0
20170124,1,SO2_24h,阿里地区,30.0
20170124,1,NO2,阿里地区,30.0
20170124,1,NO2_24h,阿里地区,28.0
20170124,1,O3,阿里地区,51.0
20170124,1,O3_24h,阿里地区,91.0
20170124,1,O3_8h,阿里地区,51.0
20170124,1,O3_8h_24h,阿里地区,51.0
20170124,1,CO,阿里地区,0.85
20170124,1,CO_24h,阿里地区,0.6
20170124,2,AQI,阿里地区,52.0
20170124,2,PM2.5,阿里地区,23.0
20170124,2,PM2.5_24h,阿里地区,18.0
20170124,2,PM10,阿里地区,53.0
20170124,2,PM10_24h,阿里地区,34.0
20170124,2,SO2,阿里地区,67.0
20170124,2,SO2_24h,阿里地区,31.0
20170124,2,NO2,阿里地区,54.0
20170124,2,NO2_24h,阿里地区,28.0
20170124,2,O3,阿里地区,40.0
20170124,2,O3_24h,阿里地区,91.0
20170124,2,O3_8h,阿里地区,45.0
20170124,2,O3_8h_24h,阿里地区,52.0
20170124,2,CO,阿里地区,0.9
20170124,2,CO_24h,阿里地区,0.6
20170124,3,AQI,阿里地区,44.0
20170124,3,PM2.5,阿里地区,19.0
20170124,3,PM2.5_24h,阿里地区,17.0
20170124,3,PM10,阿里地区,44.0
20170124,3,PM10_24h,阿里地区,34.0
20170124,3,SO2,阿里地区,45.0
20170124,3,SO2_24h,阿里地区,31.0
20170124,3,NO2,阿里地区,53.0
20170124,3,NO2_24h,阿里地区,28.0
20170124,3,O3,阿里地区,36.0
20170124,3,O3_24h,阿里地区,91.0
20170124,3,O3_8h,阿里地区,42.0
20170124,3,O3_8h_24h,阿里地区,52.0
20170124,3,CO,阿里地区,0.75
20170124,3,CO_24h,阿里地区,0.6
20170124,4,AQI,阿里地区,39.0
20170124,4,PM2.5,阿里地区,16.0
20170124,4,PM2.5_24h,阿里地区,17.0
20170124,4,PM10,阿里地区,39.0
20170124,4,PM10_24h,阿里地区,34.0
20170124,4,SO2,阿里地区,34.0
20170124,4,SO2_24h,阿里地区,31.0
20170124,4,NO2,阿里地区,49.0
20170124,4,NO2_24h,阿里地区,28.0
20170124,4,O3,阿里地区,38.0
20170124,4,O3_24h,阿里地区,91.0
20170124,4,O3_8h,阿里地区,41.0
20170124,4,O3_8h_24h,阿里地区,53.0
20170124,4,CO,阿里地区,0.75
20170124,4,CO_24h,阿里地区,0.6
20170124,5,AQI,阿里地区,28.0
20170124,5,PM2.5,阿里地区,14.0
20170124,5,PM2.5_24h,阿里地区,17.0
20170124,5,PM10,阿里地区,28.0
20170124,5,PM10_24h,阿里地区,33.0
20170124,5,SO2,阿里地区,35.0
20170124,5,SO2_24h,阿里地区,30.0
20170124,5,NO2,阿里地区,48.0
20170124,5,NO2_24h,阿里地区,28.0
20170124,5,O3,阿里地区,40.0
20170124,5,O3_24h,阿里地区,91.0
20170124,5,O3_8h,阿里地区,41.0
20170124,5,O3_8h_24h,阿里地区,54.0
20170124,5,CO,阿里地区,0.65
20170124,5,CO_24h,阿里地区,0.6
20170124,6,AQI,阿里地区,30.0
20170124,6,PM2.5,阿里地区,16.0
20170124,6,PM2.5_24h,阿里地区,16.0
20170124,6,PM10,阿里地区,30.0
20170124,6,PM10_24h,阿里地区,33.0
20170124,6,SO2,阿里地区,35.0
20170124,6,SO2_24h,阿里地区,31.0
20170124,6,NO2,阿里地区,39.0
20170124,6,NO2_24h,阿里地区,28.0
20170124,6,O3,阿里地区,39.0
20170124,6,O3_24h,阿里地区,91.0
20170124,6,O3_8h,阿里地区,41.0
20170124,6,O3_8h_24h,阿里地区,54.0
20170124,6,CO,阿里地区,0.75
20170124,6,CO_24h,阿里地区,0.6
20170124,7,AQI,阿里地区,33.0
20170124,7,PM2.5,阿里地区,15.0
20170124,7,PM2.5_24h,阿里地区,16.0
20170124,7,PM10,阿里地区,33.0
20170124,7,PM10_24h,阿里地区,33.0
20170124,7,SO2,阿里地区,43.0
20170124,7,SO2_24h,阿里地区,31.0
20170124,7,NO2,阿里地区,48.0
20170124,7,NO2_24h,阿里地区,29.0
20170124,7,O3,阿里地区,33.0
20170124,7,O3_24h,阿里地区,91.0
20170124,7,O3_8h,阿里地区,39.0
20170124,7,O3_8h_24h,阿里地区,54.0
20170124,7,CO,阿里地区,0.7
20170124,7,CO_24h,阿里地区,0.6
20170124,8,AQI,阿里地区,33.0
20170124,8,PM2.5,阿里地区,17.0
20170124,8,PM2.5_24h,阿里地区,17.0
20170124,8,PM10,阿里地区,33.0
20170124,8,PM10_24h,阿里地区,33.0
20170124,8,SO2,阿里地区,48.0
20170124,8,SO2_24h,阿里地区,32.0
20170124,8,NO2,阿里地区,55.0
20170124,8,NO2_24h,阿里地区,29.0
20170124,8,O3,阿里地区,25.0
20170124,8,O3_24h,阿里地区,91.0
20170124,8,O3_8h,阿里地区,37.0
20170124,8,O3_8h_24h,阿里地区,54.0
20170124,8,CO,阿里地区,0.95
20170124,8,CO_24h,阿里地区,0.65
20170124,9,AQI,阿里地区,41.0
20170124,9,PM2.5,阿里地区,24.0
20170124,9,PM2.5_24h,阿里地区,16.0
20170124,9,PM10,阿里地区,41.0
20170124,9,PM10_24h,阿里地区,33.0
20170124,9,SO2,阿里地区,31.0
20170124,9,SO2_24h,阿里地区,32.0
20170124,9,NO2,阿里地区,43.0
20170124,9,NO2_24h,阿里地区,29.0
20170124,9,O3,阿里地区,32.0
20170124,9,O3_24h,阿里地区,91.0
20170124,9,O3_8h,阿里地区,35.0
20170124,9,O3_8h_24h,阿里地区,54.0
20170124,9,CO,阿里地区,0.75
20170124,9,CO_24h,阿里地区,0.65
20170124,10,AQI,阿里地区,56.0
20170124,10,PM2.5,阿里地区,30.0
20170124,10,PM2.5_24h,阿里地区,16.0
20170124,10,PM10,阿里地区,62.0
20170124,10,PM10_24h,阿里地区,34.0
20170124,10,SO2,阿里地区,55.0
20170124,10,SO2_24h,阿里地区,33.0
20170124,10,NO2,阿里地区,52.0
20170124,10,NO2_24h,阿里地区,30.0
20170124,10,O3,阿里地区,30.0
20170124,10,O3_24h,阿里地区,91.0
20170124,10,O3_8h,阿里地区,34.0
20170124,10,O3_8h_24h,阿里地区,54.0
20170124,10,CO,阿里地区,0.9
20170124,10,CO_24h,阿里地区,0.65
20170124,11,AQI,阿里地区,63.0
20170124,11,PM2.5,阿里地区,31.0
20170124,11,PM2.5_24h,阿里地区,16.0
20170124,11,PM10,阿里地区,76.0
20170124,11,PM10_24h,阿里地区,35.0
20170124,11,SO2,阿里地区,56.0
20170124,11,SO2_24h,阿里地区,33.0
20170124,11,NO2,阿里地区,52.0
20170124,11,NO2_24h,阿里地区,30.0
20170124,11,O3,阿里地区,29.0
20170124,11,O3_24h,阿里地区,91.0
20170124,11,O3_8h,阿里地区,33.0
20170124,11,O3_8h_24h,阿里地区,54.0
20170124,11,CO,阿里地区,0.95
20170124,11,CO_24h,阿里地区,0.65
20170124,12,AQI,阿里地区,92.0
20170124,12,PM2.5,阿里地区,36.0
20170124,12,PM2.5_24h,阿里地区,16.0
20170124,12,PM10,阿里地区,133.0
20170124,12,PM10_24h,阿里地区,39.0
20170124,12,SO2,阿里地区,36.0
20170124,12,SO2_24h,阿里地区,31.0
20170124,12,NO2,阿里地区,40.0
20170124,12,NO2_24h,阿里地区,30.0
20170124,12,O3,阿里地区,44.0
20170124,12,O3_24h,阿里地区,91.0
20170124,12,O3_8h,阿里地区,34.0
20170124,12,O3_8h_24h,阿里地区,54.0
20170124,12,CO,阿里地区,1.0
20170124,12,CO_24h,阿里地区,0.65
20170124,13,AQI,阿里地区,41.0
20170124,13,PM2.5,阿里地区,17.0
20170124,13,PM2.5_24h,阿里地区,16.0
20170124,13,PM10,阿里地区,41.0
20170124,13,PM10_24h,阿里地区,37.0
20170124,13,SO2,阿里地区,26.0
20170124,13,SO2_24h,阿里地区,32.0
20170124,13,NO2,阿里地区,22.0
20170124,13,NO2_24h,阿里地区,29.0
20170124,13,O3,阿里地区,57.0
20170124,13,O3_24h,阿里地区,91.0
20170124,13,O3_8h,阿里地区,36.0
20170124,13,O3_8h_24h,阿里地区,54.0
20170124,13,CO,阿里地区,0.65
20170124,13,CO_24h,阿里地区,0.65
20170124,14,AQI,阿里地区,65.0
20170124,14,PM2.5,阿里地区,47.0
20170124,14,PM2.5_24h,阿里地区,17.0
20170124,14,PM10,阿里地区,43.0
20170124,14,PM10_24h,阿里地区,39.0
20170124,14,SO2,阿里地区,34.0
20170124,14,SO2_24h,阿里地区,32.0
20170124,14,NO2,阿里地区,21.0
20170124,14,NO2_24h,阿里地区,30.0
20170124,14,O3,阿里地区,62.0
20170124,14,O3_24h,阿里地区,91.0
20170124,14,O3_8h,阿里地区,39.0
20170124,14,O3_8h_24h,阿里地区,54.0
20170124,14,CO,阿里地区,0.65
20170124,14,CO_24h,阿里地区,0.6
20170124,15,AQI,阿里地区,49.0
20170124,15,PM2.5,阿里地区,16.0
20170124,15,PM2.5_24h,阿里地区,17.0
20170124,15,PM10,阿里地区,49.0
20170124,15,PM10_24h,阿里地区,40.0
20170124,15,SO2,阿里地区,20.0
20170124,15,SO2_24h,阿里地区,32.0
20170124,15,NO2,阿里地区,14.0
20170124,15,NO2_24h,阿里地区,30.0
20170124,15,O3,阿里地区,76.0
20170124,15,O3_24h,阿里地区,91.0
20170124,15,O3_8h,阿里地区,44.0
20170124,15,O3_8h_24h,阿里地区,54.0
20170124,15,CO,阿里地区,0.45
20170124,15,CO_24h,阿里地区,0.65
20170124,16,AQI,阿里地区,46.0
20170124,16,PM2.5,阿里地区,18.0
20170124,16,PM2.5_24h,阿里地区,17.0
20170124,16,PM10,阿里地区,46.0
20170124,16,PM10_24h,阿里地区,42.0
20170124,16,SO2,阿里地区,6.0
20170124,16,SO2_24h,阿里地区,33.0
20170124,16,NO2,阿里地区,1.0
20170124,16,NO2_24h,阿里地区,30.0
20170124,16,O3,阿里地区,92.0
20170124,16,O3_24h,阿里地区,92.0
20170124,16,O3_8h,阿里地区,53.0
20170124,16,O3_8h_24h,阿里地区,55.0
20170124,16,CO,阿里地区,0.3
20170124,16,CO_24h,阿里地区,0.65
20170124,17,AQI,阿里地区,28.0
20170124,17,PM2.5,阿里地区,10.0
20170124,17,PM2.5_24h,阿里地区,17.0
20170124,17,PM10,阿里地区,23.0
20170124,17,PM10_24h,阿里地区,43.0
20170124,17,SO2,阿里地区,7.0
20170124,17,SO2_24h,阿里地区,33.0
20170124,17,NO2,阿里地区,2.0
20170124,17,NO2_24h,阿里地区,30.0
20170124,17,O3,阿里地区,91.0
20170124,17,O3_24h,阿里地区,92.0
20170124,17,O3_8h,阿里地区,60.0
20170124,17,O3_8h_24h,阿里地区,60.0
20170124,17,CO,阿里地区,0.3
20170124,17,CO_24h,阿里地区,0.65
20170124,18,AQI,阿里地区,37.0
20170124,18,PM2.5,阿里地区,10.0
20170124,18,PM2.5_24h,阿里地区,18.0
20170124,18,PM10,阿里地区,37.0
20170124,18,PM10_24h,阿里地区,44.0
20170124,18,SO2,阿里地区,8.0
20170124,18,SO2_24h,阿里地区,32.0
20170124,18,NO2,阿里地区,2.0
20170124,18,NO2_24h,阿里地区,30.0
20170124,18,O3,阿里地区,90.0
20170124,18,O3_24h,阿里地区,92.0
20170124,18,O3_8h,阿里地区,68.0
20170124,18,O3_8h_24h,阿里地区,68.0
20170124,18,CO,阿里地区,0.3
20170124,18,CO_24h,阿里地区,0.65
20170124,19,AQI,阿里地区,56.0
20170124,19,PM2.5,阿里地区,18.0
20170124,19,PM2.5_24h,阿里地区,18.0
20170124,19,PM10,阿里地区,61.0
20170124,19,PM10_24h,阿里地区,45.0
20170124,19,SO2,阿里地区,13.0
20170124,19,SO2_24h,阿里地区,32.0
20170124,19,NO2,阿里地区,3.0
20170124,19,NO2_24h,阿里地区,30.0
20170124,19,O3,阿里地区,89.0
20170124,19,O3_24h,阿里地区,92.0
20170124,19,O3_8h,阿里地区,75.0
20170124,19,O3_8h_24h,阿里地区,75.0
20170124,19,CO,阿里地区,0.3
20170124,19,CO_24h,阿里地区,0.65
20170124,20,AQI,阿里地区,38.0
20170124,20,PM2.5,阿里地区,21.0
20170124,20,PM2.5_24h,阿里地区,19.0
20170124,20,PM10,阿里地区,38.0
20170124,20,PM10_24h,阿里地区,45.0
20170124,20,SO2,阿里地区,10.0
20170124,20,SO2_24h,阿里地区,33.0
20170124,20,NO2,阿里地区,9.0
20170124,20,NO2_24h,阿里地区,30.0
20170124,20,O3,阿里地区,84.0
20170124,20,O3_24h,阿里地区,92.0
20170124,20,O3_8h,阿里地区,80.0
20170124,20,O3_8h_24h,阿里地区,80.0
20170124,20,CO,阿里地区,0.35
20170124,20,CO_24h,阿里地区,0.65
20170124,21,AQI,阿里地区,26.0
20170124,21,PM2.5,阿里地区,6.0
20170124,21,PM2.5_24h,阿里地区,18.0
20170124,21,PM10,阿里地区,9.0
20170124,21,PM10_24h,阿里地区,44.0
20170124,21,SO2,阿里地区,12.0
20170124,21,SO2_24h,阿里地区,33.0
20170124,21,NO2,阿里地区,6.0
20170124,21,NO2_24h,阿里地区,29.0
20170124,21,O3,阿里地区,84.0
20170124,21,O3_24h,阿里地区,92.0
20170124,21,O3_8h,阿里地区,84.0
20170124,21,O3_8h_24h,阿里地区,84.0
20170124,21,CO,阿里地区,0.4
20170124,21,CO_24h,阿里地区,0.65
20170124,22,AQI,阿里地区,37.0
20170124,22,PM2.5,阿里地区,26.0
20170124,22,PM2.5_24h,阿里地区,19.0
20170124,22,PM10,阿里地区,27.0
20170124,22,PM10_24h,阿里地区,45.0
20170124,22,SO2,阿里地区,21.0
20170124,22,SO2_24h,阿里地区,33.0
20170124,22,NO2,阿里地区,14.0
20170124,22,NO2_24h,阿里地区,30.0
20170124,22,O3,阿里地区,76.0
20170124,22,O3_24h,阿里地区,92.0
20170124,22,O3_8h,阿里地区,85.0
20170124,22,O3_8h_24h,阿里地区,85.0
20170124,22,CO,阿里地区,0.5
20170124,22,CO_24h,阿里地区,0.65
20170124,23,AQI,阿里地区,23.0
20170124,23,PM2.5,阿里地区,15.0
20170124,23,PM2.5_24h,阿里地区,19.0
20170124,23,PM10,阿里地区,8.0
20170124,23,PM10_24h,阿里地区,45.0
20170124,23,SO2,阿里地区,27.0
20170124,23,SO2_24h,阿里地区,33.0
20170124,23,NO2,阿里地区,11.0
20170124,23,NO2_24h,阿里地区,30.0
20170124,23,O3,阿里地区,75.0
20170124,23,O3_24h,阿里地区,92.0
20170124,23,O3_8h,阿里地区,85.0
20170124,23,O3_8h_24h,阿里地区,85.0
20170124,23,CO,阿里地区,0.55
20170124,23,CO_24h,阿里地区,0.65
20170124,0,AQI,林芝,36.0
20170124,0,PM2.5,林芝,12.0
20170124,0,PM2.5_24h,林芝,16.0
20170124,0,PM10,林芝,36.0
20170124,0,PM10_24h,林芝,43.0
20170124,0,SO2,林芝,4.0
20170124,0,SO2_24h,林芝,4.0
20170124,0,NO2,林芝,8.0
20170124,0,NO2_24h,林芝,8.0
20170124,0,O3,林芝,70.0
20170124,0,O3_24h,林芝,90.0
20170124,0,O3_8h,林芝,84.0
20170124,0,O3_8h_24h,林芝,87.0
20170124,0,CO,林芝,0.25
20170124,0,CO_24h,林芝,0.25
20170124,1,AQI,林芝,28.0
20170124,1,PM2.5,林芝,10.0
20170124,1,PM2.5_24h,林芝,16.0
20170124,1,PM10,林芝,28.0
20170124,1,PM10_24h,林芝,43.0
20170124,1,SO2,林芝,4.0
20170124,1,SO2_24h,林芝,4.0
20170124,1,NO2,林芝,11.0
20170124,1,NO2_24h,林芝,9.0
20170124,1,O3,林芝,63.0
20170124,1,O3_24h,林芝,90.0
20170124,1,O3_8h,林芝,63.0
20170124,1,O3_8h_24h,林芝,63.0
20170124,1,CO,林芝,0.25
20170124,1,CO_24h,林芝,0.25
20170124,2,AQI,林芝,24.0
20170124,2,PM2.5,林芝,10.0
20170124,2,PM2.5_24h,林芝,15.0
20170124,2,PM10,林芝,24.0
20170124,2,PM10_24h,林芝,42.0
20170124,2,SO2,林芝,4.0
20170124,2,SO2_24h,林芝,4.0
20170124,2,NO2,林芝,8.0
20170124,2,NO2_24h,林芝,9.0
20170124,2,O3,林芝,63.0
20170124,2,O3_24h,林芝,90.0
20170124,2,O3_8h,林芝,63.0
20170124,2,O3_8h_24h,林芝,63.0
20170124,2,CO,林芝,0.25
20170124,2,CO_24h,林芝,0.25
20170124,3,AQI,林芝,26.0
20170124,3,PM2.5,林芝,8.0
20170124,3,PM2.5_24h,林芝,15.0
20170124,3,PM10,林芝,26.0
20170124,3,PM10_24h,林芝,42.0
20170124,3,SO2,林芝,4.0
20170124,3,SO2_24h,林芝,4.0
20170124,3,NO2,林芝,8.0
20170124,3,NO2_24h,林芝,9.0
20170124,3,O3,林芝,60.0
20170124,3,O3_24h,林芝,90.0
20170124,3,O3_8h,林芝,62.0
20170124,3,O3_8h_24h,林芝,63.0
20170124,3,CO,林芝,0.2
20170124,3,CO_24h,林芝,0.25
20170124,4,AQI,林芝,31.0
20170124,4,PM2.5,林芝,10.0
20170124,4,PM2.5_24h,林芝,14.0
20170124,4,PM10,林芝,31.0
20170124,4,PM10_24h,林芝,42.0
20170124,4,SO2,林芝,4.0
20170124,4,SO2_24h,林芝,4.0
20170124,4,NO2,林芝,8.0
20170124,4,NO2_24h,林芝,9.0
20170124,4,O3,林芝,58.0
20170124,4,O3_24h,林芝,90.0
20170124,4,O3_8h,林芝,61.0
20170124,4,O3_8h_24h,林芝,63.0
20170124,4,CO,林芝,0.2
20170124,4,CO_24h,林芝,0.25
20170124,5,AQI,林芝,30.0
20170124,5,PM2.5,林芝,10.0
20170124,5,PM2.5_24h,林芝,14.0
20170124,5,PM10,林芝,30.0
20170124,5,PM10_24h,林芝,42.0
20170124,5,SO2,林芝,4.0
20170124,5,SO2_24h,林芝,4.0
20170124,5,NO2,林芝,7.0
20170124,5,NO2_24h,林芝,9.0
20170124,5,O3,林芝,57.0
20170124,5,O3_24h,林芝,90.0
20170124,5,O3_8h,林芝,60.0
20170124,5,O3_8h_24h,林芝,63.0
20170124,5,CO,林芝,0.2
20170124,5,CO_24h,林芝,0.25
20170124,6,AQI,林芝,33.0
20170124,6,PM2.5,林芝,15.0
20170124,6,PM2.5_24h,林芝,14.0
20170124,6,PM10,林芝,33.0
20170124,6,PM10_24h,林芝,42.0
20170124,6,SO2,林芝,4.0
20170124,6,SO2_24h,林芝,4.0
20170124,6,NO2,林芝,8.0
20170124,6,NO2_24h,林芝,9.0
20170124,6,O3,林芝,53.0
20170124,6,O3_24h,林芝,90.0
20170124,6,O3_8h,林芝,59.0
20170124,6,O3_8h_24h,林芝,63.0
20170124,6,CO,林芝,0.2
20170124,6,CO_24h,林芝,0.25
20170124,7,AQI,林芝,31.0
20170124,7,PM2.5,林芝,16.0
20170124,7,PM2.5_24h,林芝,14.0
20170124,7,PM10,林芝,31.0
20170124,7,PM10_24h,林芝,42.0
20170124,7,SO2,林芝,4.0
20170124,7,SO2_24h,林芝,4.0
20170124,7,NO2,林芝,9.0
20170124,7,NO2_24h,林芝,10.0
20170124,7,O3,林芝,52.0
20170124,7,O3_24h,林芝,90.0
20170124,7,O3_8h,林芝,58.0
20170124,7,O3_8h_24h,林芝,63.0
20170124,7,CO,林芝,0.25
20170124,7,CO_24h,林芝,0.25
20170124,8,AQI,林芝,37.0
20170124,8,PM2.5,林芝,15.0
20170124,8,PM2.5_24h,林芝,14.0
20170124,8,PM10,林芝,37.0
20170124,8,PM10_24h,林芝,41.0
20170124,8,SO2,林芝,4.0
20170124,8,SO2_24h,林芝,4.0
20170124,8,NO2,林芝,11.0
20170124,8,NO2_24h,林芝,10.0
20170124,8,O3,林芝,46.0
20170124,8,O3_24h,林芝,90.0
20170124,8,O3_8h,林芝,57.0
20170124,8,O3_8h_24h,林芝,63.0
20170124,8,CO,林芝,0.35
20170124,8,CO_24h,林芝,0.25
20170124,9,AQI,林芝,45.0
20170124,9,PM2.5,林芝,17.0
20170124,9,PM2.5_24h,林芝,14.0
20170124,9,PM10,林芝,45.0
20170124,9,PM10_24h,林芝,42.0
20170124,9,SO2,林芝,4.0
20170124,9,SO2_24h,林芝,4.0
20170124,9,NO2,林芝,14.0
20170124,9,NO2_24h,林芝,9.0
20170124,9,O3,林芝,44.0
20170124,9,O3_24h,林芝,90.0
20170124,9,O3_8h,林芝,54.0
20170124,9,O3_8h_24h,林芝,63.0
20170124,9,CO,林芝,0.35
20170124,9,CO_24h,林芝,0.25
20170124,10,AQI,林芝,52.0
20170124,10,PM2.5,林芝,21.0
20170124,10,PM2.5_24h,林芝,14.0
20170124,10,PM10,林芝,53.0
20170124,10,PM10_24h,林芝,40.0
20170124,10,SO2,林芝,4.0
20170124,10,SO2_24h,林芝,4.0
20170124,10,NO2,林芝,18.0
20170124,10,NO2_24h,林芝,9.0
20170124,10,O3,林芝,44.0
20170124,10,O3_24h,林芝,90.0
20170124,10,O3_8h,林芝,52.0
20170124,10,O3_8h_24h,林芝,63.0
20170124,10,CO,林芝,0.5
20170124,10,CO_24h,林芝,0.25
20170124,11,AQI,林芝,55.0
20170124,11,PM2.5,林芝,27.0
20170124,11,PM2.5_24h,林芝,14.0
20170124,11,PM10,林芝,60.0
20170124,11,PM10_24h,林芝,40.0
20170124,11,SO2,林芝,5.0
20170124,11,SO2_24h,林芝,4.0
20170124,11,NO2,林芝,14.0
20170124,11,NO2_24h,林芝,9.0
20170124,11,O3,林芝,56.0
20170124,11,O3_24h,林芝,90.0
20170124,11,O3_8h,林芝,51.0
20170124,11,O3_8h_24h,林芝,63.0
20170124,11,CO,林芝,0.5
20170124,11,CO_24h,林芝,0.25
20170124,12,AQI,林芝,45.0
20170124,12,PM2.5,林芝,20.0
20170124,12,PM2.5_24h,林芝,14.0
20170124,12,PM10,林芝,45.0
20170124,12,PM10_24h,林芝,40.0
20170124,12,SO2,林芝,5.0
20170124,12,SO2_24h,林芝,4.0
20170124,12,NO2,林芝,13.0
20170124,12,NO2_24h,林芝,9.0
20170124,12,O3,林芝,65.0
20170124,12,O3_24h,林芝,90.0
20170124,12,O3_8h,林芝,52.0
20170124,12,O3_8h_24h,林芝,63.0
20170124,12,CO,林芝,0.45
20170124,12,CO_24h,林芝,0.25
20170124,13,AQI,林芝,34.0
20170124,13,PM2.5,林芝,16.0
20170124,13,PM2.5_24h,林芝,14.0
20170124,13,PM10,林芝,34.0
20170124,13,PM10_24h,林芝,40.0
20170124,13,SO2,林芝,5.0
20170124,13,SO2_24h,林芝,4.0
20170124,13,NO2,林芝,11.0
20170124,13,NO2_24h,林芝,9.0
20170124,13,O3,林芝,71.0
20170124,13,O3_24h,林芝,90.0
20170124,13,O3_8h,林芝,54.0
20170124,13,O3_8h_24h,林芝,63.0
20170124,13,CO,林芝,0.35
20170124,13,CO_24h,林芝,0.25
20170124,14,AQI,林芝,27.0
20170124,14,PM2.5,林芝,13.0
20170124,14,PM2.5_24h,林芝,14.0
20170124,14,PM10,林芝,27.0
20170124,14,PM10_24h,林芝,40.0
20170124,14,SO2,林芝,5.0
20170124,14,SO2_24h,林芝,4.0
20170124,14,NO2,林芝,10.0
20170124,14,NO2_24h,林芝,9.0
20170124,14,O3,林芝,78.0
20170124,14,O3_24h,林芝,90.0
20170124,14,O3_8h,林芝,57.0
20170124,14,O3_8h_24h,林芝,63.0
20170124,14,CO,林芝,0.3
20170124,14,CO_24h,林芝,0.3
20170124,15,AQI,林芝,27.0
20170124,15,PM2.5,林芝,12.0
20170124,15,PM2.5_24h,林芝,14.0
20170124,15,PM10,林芝,22.0
20170124,15,PM10_24h,林芝,39.0
20170124,15,SO2,林芝,6.0
20170124,15,SO2_24h,林芝,4.0
20170124,15,NO2,林芝,10.0
20170124,15,NO2_24h,林芝,9.0
20170124,15,O3,林芝,86.0
20170124,15,O3_24h,林芝,88.0
20170124,15,O3_8h,林芝,61.0
20170124,15,O3_8h_24h,林芝,63.0
20170124,15,CO,林芝,0.25
20170124,15,CO_24h,林芝,0.3
20170124,16,AQI,林芝,28.0
20170124,16,PM2.5,林芝,9.0
20170124,16,PM2.5_24h,林芝,14.0
20170124,16,PM10,林芝,13.0
20170124,16,PM10_24h,林芝,38.0
20170124,16,SO2,林芝,5.0
20170124,16,SO2_24h,林芝,4.0
20170124,16,NO2,林芝,11.0
20170124,16,NO2_24h,林芝,10.0
20170124,16,O3,林芝,89.0
20170124,16,O3_24h,林芝,89.0
20170124,16,O3_8h,林芝,67.0
20170124,16,O3_8h_24h,林芝,67.0
20170124,16,CO,林芝,0.25
20170124,16,CO_24h,林芝,0.3
20170124,17,AQI,林芝,28.0
20170124,17,PM2.5,林芝,7.0
20170124,17,PM2.5_24h,林芝,14.0
20170124,17,PM10,林芝,16.0
20170124,17,PM10_24h,林芝,38.0
20170124,17,SO2,林芝,6.0
20170124,17,SO2_24h,林芝,4.0
20170124,17,NO2,林芝,9.0
20170124,17,NO2_24h,林芝,10.0
20170124,17,O3,林芝,91.0
20170124,17,O3_24h,林芝,91.0
20170124,17,O3_8h,林芝,73.0
20170124,17,O3_8h_24h,林芝,73.0
20170124,17,CO,林芝,0.25
20170124,17,CO_24h,林芝,0.3
20170124,18,AQI,林芝,27.0
20170124,18,PM2.5,林芝,10.0
20170124,18,PM2.5_24h,林芝,14.0
20170124,18,PM10,林芝,17.0
20170124,18,PM10_24h,林芝,38.0
20170124,18,SO2,林芝,5.0
20170124,18,SO2_24h,林芝,4.0
20170124,18,NO2,林芝,9.0
20170124,18,NO2_24h,林芝,10.0
20170124,18,O3,林芝,86.0
20170124,18,O3_24h,林芝,91.0
20170124,18,O3_8h,林芝,78.0
20170124,18,O3_8h_24h,林芝,78.0
20170124,18,CO,林芝,0.25
20170124,18,CO_24h,林芝,0.3
20170124,19,AQI,林芝,43.0
20170124,19,PM2.5,林芝,17.0
20170124,19,PM2.5_24h,林芝,14.0
20170124,19,PM10,林芝,43.0
20170124,19,PM10_24h,林芝,36.0
20170124,19,SO2,林芝,5.0
20170124,19,SO2_24h,林芝,4.0
20170124,19,NO2,林芝,26.0
20170124,19,NO2_24h,林芝,11.0
20170124,19,O3,林芝,60.0
20170124,19,O3_24h,林芝,91.0
20170124,19,O3_8h,林芝,78.0
20170124,19,O3_8h_24h,林芝,78.0
20170124,19,CO,林芝,0.4
20170124,19,CO_24h,林芝,0.3
20170124,20,AQI,林芝,62.0
20170124,20,PM2.5,林芝,24.0
20170124,20,PM2.5_24h,林芝,14.0
20170124,20,PM10,林芝,74.0
20170124,20,PM10_24h,林芝,35.0
20170124,20,SO2,林芝,5.0
20170124,20,SO2_24h,林芝,4.0
20170124,20,NO2,林芝,27.0
20170124,20,NO2_24h,林芝,11.0
20170124,20,O3,林芝,55.0
20170124,20,O3_24h,林芝,91.0
20170124,20,O3_8h,林芝,77.0
20170124,20,O3_8h_24h,林芝,78.0
20170124,20,CO,林芝,0.55
20170124,20,CO_24h,林芝,0.3
20170124,21,AQI,林芝,51.0
20170124,21,PM2.5,林芝,23.0
20170124,21,PM2.5_24h,林芝,14.0
20170124,21,PM10,林芝,52.0
20170124,21,PM10_24h,林芝,36.0
20170124,21,SO2,林芝,5.0
20170124,21,SO2_24h,林芝,4.0
20170124,21,NO2,林芝,33.0
20170124,21,NO2_24h,林芝,13.0
20170124,21,O3,林芝,47.0
20170124,21,O3_24h,林芝,91.0
20170124,21,O3_8h,林芝,74.0
20170124,21,O3_8h_24h,林芝,78.0
20170124,21,CO,林芝,0.7
20170124,21,CO_24h,林芝,0.35
20170124,22,AQI,林芝,52.0
20170124,22,PM2.5,林芝,24.0
20170124,22,PM2.5_24h,林芝,15.0
20170124,22,PM10,林芝,54.0
20170124,22,PM10_24h,林芝,37.0
20170124,22,SO2,林芝,5.0
20170124,22,SO2_24h,林芝,4.0
20170124,22,NO2,林芝,31.0
20170124,22,NO2_24h,林芝,13.0
20170124,22,O3,林芝,42.0
20170124,22,O3_24h,林芝,91.0
20170124,22,O3_8h,林芝,70.0
20170124,22,O3_8h_24h,林芝,78.0
20170124,22,CO,林芝,0.75
20170124,22,CO_24h,林芝,0.35
20170124,23,AQI,林芝,51.0
20170124,23,PM2.5,林芝,25.0
20170124,23,PM2.5_24h,林芝,15.0
20170124,23,PM10,林芝,51.0
20170124,23,PM10_24h,林芝,38.0
20170124,23,SO2,林芝,5.0
20170124,23,SO2_24h,林芝,5.0
20170124,23,NO2,林芝,26.0
20170124,23,NO2_24h,林芝,14.0
20170124,23,O3,林芝,44.0
20170124,23,O3_24h,林芝,91.0
20170124,23,O3_8h,林芝,65.0
20170124,23,O3_8h_24h,林芝,78.0
20170124,23,CO,林芝,0.65
20170124,23,CO_24h,林芝,0.35
20170124,0,AQI,汉中,241.0
20170124,0,PM2.5,汉中,191.0
20170124,0,PM2.5_24h,汉中,137.0
20170124,0,PM10,汉中,275.0
20170124,0,PM10_24h,汉中,206.0
20170124,0,SO2,汉中,23.0
20170124,0,SO2_24h,汉中,29.0
20170124,0,NO2,汉中,67.0
20170124,0,NO2_24h,汉中,56.0
20170124,0,O3,汉中,11.0
20170124,0,O3_24h,汉中,96.0
20170124,0,O3_8h,汉中,38.0
20170124,0,O3_8h_24h,汉中,64.0
20170124,0,CO,汉中,3.1
20170124,0,CO_24h,汉中,2.77
20170124,1,AQI,汉中,247.0
20170124,1,PM2.5,汉中,197.0
20170124,1,PM2.5_24h,汉中,139.0
20170124,1,PM10,汉中,279.0
20170124,1,PM10_24h,汉中,207.0
20170124,1,SO2,汉中,23.0
20170124,1,SO2_24h,汉中,28.0
20170124,1,NO2,汉中,65.0
20170124,1,NO2_24h,汉中,57.0
20170124,1,O3,汉中,9.0
20170124,1,O3_24h,汉中,96.0
20170124,1,O3_8h,汉中,9.0
20170124,1,O3_8h_24h,汉中,9.0
20170124,1,CO,汉中,3.57
20170124,1,CO_24h,汉中,2.8
20170124,2,AQI,汉中,244.0
20170124,2,PM2.5,汉中,194.0
20170124,2,PM2.5_24h,汉中,141.0
20170124,2,PM10,汉中,278.0
20170124,2,PM10_24h,汉中,210.0
20170124,2,SO2,汉中,21.0
20170124,2,SO2_24h,汉中,28.0
20170124,2,NO2,汉中,57.0
20170124,2,NO2_24h,汉中,57.0
20170124,2,O3,汉中,11.0
20170124,2,O3_24h,汉中,96.0
20170124,2,O3_8h,汉中,10.0
20170124,2,O3_8h_24h,汉中,10.0
20170124,2,CO,汉中,3.37
20170124,2,CO_24h,汉中,2.83
20170124,3,AQI,汉中,237.0
20170124,3,PM2.5,汉中,187.0
20170124,3,PM2.5_24h,汉中,144.0
20170124,3,PM10,汉中,252.0
20170124,3,PM10_24h,汉中,213.0
20170124,3,SO2,汉中,20.0
20170124,3,SO2_24h,汉中,28.0
20170124,3,NO2,汉中,51.0
20170124,3,NO2_24h,汉中,57.0
20170124,3,O3,汉中,12.0
20170124,3,O3_24h,汉中,96.0
20170124,3,O3_8h,汉中,11.0
20170124,3,O3_8h_24h,汉中,11.0
20170124,3,CO,汉中,3.13
20170124,3,CO_24h,汉中,2.87
20170124,4,AQI,汉中,219.0
20170124,4,PM2.5,汉中,169.0
20170124,4,PM2.5_24h,汉中,145.0
20170124,4,PM10,汉中,228.0
20170124,4,PM10_24h,汉中,214.0
20170124,4,SO2,汉中,18.0
20170124,4,SO2_24h,汉中,28.0
20170124,4,NO2,汉中,49.0
20170124,4,NO2_24h,汉中,57.0
20170124,4,O3,汉中,13.0
20170124,4,O3_24h,汉中,96.0
20170124,4,O3_8h,汉中,12.0
20170124,4,O3_8h_24h,汉中,12.0
20170124,4,CO,汉中,2.97
20170124,4,CO_24h,汉中,2.87
20170124,5,AQI,汉中,213.0
20170124,5,PM2.5,汉中,163.0
20170124,5,PM2.5_24h,汉中,147.0
20170124,5,PM10,汉中,206.0
20170124,5,PM10_24h,汉中,216.0
20170124,5,SO2,汉中,18.0
20170124,5,SO2_24h,汉中,28.0
20170124,5,NO2,汉中,47.0
20170124,5,NO2_24h,汉中,57.0
20170124,5,O3,汉中,12.0
20170124,5,O3_24h,汉中,96.0
20170124,5,O3_8h,汉中,11.0
20170124,5,O3_8h_24h,汉中,12.0
20170124,5,CO,汉中,2.7
20170124,5,CO_24h,汉中,2.87
20170124,6,AQI,汉中,214.0
20170124,6,PM2.5,汉中,164.0
20170124,6,PM2.5_24h,汉中,149.0
20170124,6,PM10,汉中,208.0
20170124,6,PM10_24h,汉中,218.0
20170124,6,SO2,汉中,18.0
20170124,6,SO2_24h,汉中,29.0
20170124,6,NO2,汉中,47.0
20170124,6,NO2_24h,汉中,57.0
20170124,6,O3,汉中,11.0
20170124,6,O3_24h,汉中,96.0
20170124,6,O3_8h,汉中,11.0
20170124,6,O3_8h_24h,汉中,13.0
20170124,6,CO,汉中,2.8
20170124,6,CO_24h,汉中,2.87
20170124,7,AQI,汉中,213.0
20170124,7,PM2.5,汉中,163.0
20170124,7,PM2.5_24h,汉中,150.0
20170124,7,PM10,汉中,212.0
20170124,7,PM10_24h,汉中,220.0
20170124,7,SO2,汉中,19.0
20170124,7,SO2_24h,汉中,28.0
20170124,7,NO2,汉中,44.0
20170124,7,NO2_24h,汉中,58.0
20170124,7,O3,汉中,11.0
20170124,7,O3_24h,汉中,96.0
20170124,7,O3_8h,汉中,11.0
20170124,7,O3_8h_24h,汉中,13.0
20170124,7,CO,汉中,3.07
20170124,7,CO_24h,汉中,2.9
20170124,8,AQI,汉中,213.0
20170124,8,PM2.5,汉中,163.0
20170124,8,PM2.5_24h,汉中,152.0
20170124,8,PM10,汉中,218.0
20170124,8,PM10_24h,汉中,222.0
20170124,8,SO2,汉中,19.0
20170124,8,SO2_24h,汉中,28.0
20170124,8,NO2,汉中,45.0
20170124,8,NO2_24h,汉中,58.0
20170124,8,O3,汉中,9.0
20170124,8,O3_24h,汉中,96.0
20170124,8,O3_8h,汉中,11.0
20170124,8,O3_8h_24h,汉中,13.0
20170124,8,CO,汉中,3.0
20170124,8,CO_24h,汉中,2.93
20170124,9,AQI,汉中,211.0
20170124,9,PM2.5,汉中,161.0
20170124,9,PM2.5_24h,汉中,154.0
20170124,9,PM10,汉中,239.0
20170124,9,PM10_24h,汉中,225.0
20170124,9,SO2,汉中,21.0
20170124,9,SO2_24h,汉中,29.0
20170124,9,NO2,汉中,48.0
20170124,9,NO2_24h,汉中,58.0
20170124,9,O3,汉中,11.0
20170124,9,O3_24h,汉中,96.0
20170124,9,O3_8h,汉中,11.0
20170124,9,O3_8h_24h,汉中,13.0
20170124,9,CO,汉中,3.03
20170124,9,CO_24h,汉中,2.9
20170124,10,AQI,汉中,216.0
20170124,10,PM2.5,汉中,166.0
20170124,10,PM2.5_24h,汉中,155.0
20170124,10,PM10,汉中,246.0
20170124,10,PM10_24h,汉中,226.0
20170124,10,SO2,汉中,20.0
20170124,10,SO2_24h,汉中,29.0
20170124,10,NO2,汉中,52.0
20170124,10,NO2_24h,汉中,59.0
20170124,10,O3,汉中,11.0
20170124,10,O3_24h,汉中,96.0
20170124,10,O3_8h,汉中,11.0
20170124,10,O3_8h_24h,汉中,13.0
20170124,10,CO,汉中,3.1
20170124,10,CO_24h,汉中,2.9
20170124,11,AQI,汉中,222.0
20170124,11,PM2.5,汉中,172.0
20170124,11,PM2.5_24h,汉中,157.0
20170124,11,PM10,汉中,245.0
20170124,11,PM10_24h,汉中,227.0
20170124,11,SO2,汉中,25.0
20170124,11,SO2_24h,汉中,28.0
20170124,11,NO2,汉中,57.0
20170124,11,NO2_24h,汉中,59.0
20170124,11,O3,汉中,11.0
20170124,11,O3_24h,汉中,96.0
20170124,11,O3_8h,汉中,11.0
20170124,11,O3_8h_24h,汉中,13.0
20170124,11,CO,汉中,3.27
20170124,11,CO_24h,汉中,2.93
20170124,12,AQI,汉中,218.0
20170124,12,PM2.5,汉中,168.0
20170124,12,PM2.5_24h,汉中,158.0
20170124,12,PM10,汉中,257.0
20170124,12,PM10_24h,汉中,229.0
20170124,12,SO2,汉中,26.0
20170124,12,SO2_24h,汉中,27.0
20170124,12,NO2,汉中,55.0
20170124,12,NO2_24h,汉中,59.0
20170124,12,O3,汉中,18.0
20170124,12,O3_24h,汉中,96.0
20170124,12,O3_8h,汉中,12.0
20170124,12,O3_8h_24h,汉中,13.0
20170124,12,CO,汉中,3.1
20170124,12,CO_24h,汉中,2.9
20170124,13,AQI,汉中,196.0
20170124,13,PM2.5,汉中,147.0
20170124,13,PM2.5_24h,汉中,159.0
20170124,13,PM10,汉中,220.0
20170124,13,PM10_24h,汉中,229.0
20170124,13,SO2,汉中,25.0
20170124,13,SO2_24h,汉中,27.0
20170124,13,NO2,汉中,51.0
20170124,13,NO2_24h,汉中,58.0
20170124,13,O3,汉中,25.0
20170124,13,O3_24h,汉中,96.0
20170124,13,O3_8h,汉中,13.0
20170124,13,O3_8h_24h,汉中,15.0
20170124,13,CO,汉中,2.67
20170124,13,CO_24h,汉中,2.87
20170124,14,AQI,汉中,197.0
20170124,14,PM2.5,汉中,148.0
20170124,14,PM2.5_24h,汉中,159.0
20170124,14,PM10,汉中,215.0
20170124,14,PM10_24h,汉中,229.0
20170124,14,SO2,汉中,26.0
20170124,14,SO2_24h,汉中,26.0
20170124,14,NO2,汉中,53.0
20170124,14,NO2_24h,汉中,58.0
20170124,14,O3,汉中,24.0
20170124,14,O3_24h,汉中,96.0
20170124,14,O3_8h,汉中,15.0
20170124,14,O3_8h_24h,汉中,16.0
20170124,14,CO,汉中,2.57
20170124,14,CO_24h,汉中,2.9
20170124,15,AQI,汉中,191.0
20170124,15,PM2.5,汉中,144.0
20170124,15,PM2.5_24h,汉中,160.0
20170124,15,PM10,汉中,218.0
20170124,15,PM10_24h,汉中,231.0
20170124,15,SO2,汉中,26.0
20170124,15,SO2_24h,汉中,25.0
20170124,15,NO2,汉中,50.0
20170124,15,NO2_24h,汉中,58.0
20170124,15,O3,汉中,32.0
20170124,15,O3_24h,汉中,96.0
20170124,15,O3_8h,汉中,18.0
20170124,15,O3_8h_24h,汉中,18.0
20170124,15,CO,汉中,2.5
20170124,15,CO_24h,汉中,2.93
20170124,16,AQI,汉中,183.0
20170124,16,PM2.5,汉中,138.0
20170124,16,PM2.5_24h,汉中,162.0
20170124,16,PM10,汉中,196.0
20170124,16,PM10_24h,汉中,232.0
20170124,16,SO2,汉中,23.0
20170124,16,SO2_24h,汉中,24.0
20170124,16,NO2,汉中,44.0
20170124,16,NO2_24h,汉中,58.0
20170124,16,O3,汉中,46.0
20170124,16,O3_24h,汉中,96.0
20170124,16,O3_8h,汉中,22.0
20170124,16,O3_8h_24h,汉中,22.0
20170124,16,CO,汉中,2.13
20170124,16,CO_24h,汉中,2.93
20170124,17,AQI,汉中,143.0
20170124,17,PM2.5,汉中,109.0
20170124,17,PM2.5_24h,汉中,163.0
20170124,17,PM10,汉中,173.0
20170124,17,PM10_24h,汉中,234.0
20170124,17,SO2,汉中,17.0
20170124,17,SO2_24h,汉中,24.0
20170124,17,NO2,汉中,31.0
20170124,17,NO2_24h,汉中,58.0
20170124,17,O3,汉中,59.0
20170124,17,O3_24h,汉中,89.0
20170124,17,O3_8h,汉中,29.0
20170124,17,O3_8h_24h,汉中,29.0
20170124,17,CO,汉中,1.67
20170124,17,CO_24h,汉中,2.93
20170124,18,AQI,汉中,143.0
20170124,18,PM2.5,汉中,109.0
20170124,18,PM2.5_24h,汉中,164.0
20170124,18,PM10,汉中,156.0
20170124,18,PM10_24h,汉中,235.0
20170124,18,SO2,汉中,16.0
20170124,18,SO2_24h,汉中,24.0
20170124,18,NO2,汉中,42.0
20170124,18,NO2_24h,汉中,58.0
20170124,18,O3,汉中,50.0
20170124,18,O3_24h,汉中,61.0
20170124,18,O3_8h,汉中,33.0
20170124,18,O3_8h_24h,汉中,33.0
20170124,18,CO,汉中,1.77
20170124,18,CO_24h,汉中,2.93
20170124,19,AQI,汉中,126.0
20170124,19,PM2.5,汉中,96.0
20170124,19,PM2.5_24h,汉中,163.0
20170124,19,PM10,汉中,157.0
20170124,19,PM10_24h,汉中,233.0
20170124,19,SO2,汉中,15.0
20170124,19,SO2_24h,汉中,23.0
20170124,19,NO2,汉中,36.0
20170124,19,NO2_24h,汉中,56.0
20170124,19,O3,汉中,52.0
20170124,19,O3_24h,汉中,59.0
20170124,19,O3_8h,汉中,38.0
20170124,19,O3_8h_24h,汉中,38.0
20170124,19,CO,汉中,1.57
20170124,19,CO_24h,汉中,2.9
20170124,20,AQI,汉中,131.0
20170124,20,PM2.5,汉中,100.0
20170124,20,PM2.5_24h,汉中,160.0
20170124,20,PM10,汉中,137.0
20170124,20,PM10_24h,汉中,229.0
20170124,20,SO2,汉中,14.0
20170124,20,SO2_24h,汉中,21.0
20170124,20,NO2,汉中,30.0
20170124,20,NO2_24h,汉中,53.0
20170124,20,O3,汉中,55.0
20170124,20,O3_24h,汉中,59.0
20170124,20,O3_8h,汉中,43.0
20170124,20,O3_8h_24h,汉中,43.0
20170124,20,CO,汉中,1.57
20170124,20,CO_24h,汉中,2.77
20170124,21,AQI,汉中,133.0
20170124,21,PM2.5,汉中,101.0
20170124,21,PM2.5_24h,汉中,156.0
20170124,21,PM10,汉中,137.0
20170124,21,PM10_24h,汉中,222.0
20170124,21,SO2,汉中,14.0
20170124,21,SO2_24h,汉中,21.0
20170124,21,NO2,汉中,33.0
20170124,21,NO2_24h,汉中,51.0
20170124,21,O3,汉中,50.0
20170124,21,O3_24h,汉中,59.0
20170124,21,O3_8h,汉中,46.0
20170124,21,O3_8h_24h,汉中,46.0
20170124,21,CO,汉中,1.67
20170124,21,CO_24h,汉中,2.7
20170124,22,AQI,汉中,173.0
20170124,22,PM2.5,汉中,131.0
20170124,22,PM2.5_24h,汉中,153.0
20170124,22,PM10,汉中,160.0
20170124,22,PM10_24h,汉中,216.0
20170124,22,SO2,汉中,16.0
20170124,22,SO2_24h,汉中,21.0
20170124,22,NO2,汉中,39.0
20170124,22,NO2_24h,汉中,49.0
20170124,22,O3,汉中,40.0
20170124,22,O3_24h,汉中,59.0
20170124,22,O3_8h,汉中,48.0
20170124,22,O3_8h_24h,汉中,48.0
20170124,22,CO,汉中,2.1
20170124,22,CO_24h,汉中,2.63
20170124,23,AQI,汉中,211.0
20170124,23,PM2.5,汉中,161.0
20170124,23,PM2.5_24h,汉中,152.0
20170124,23,PM10,汉中,197.0
20170124,23,PM10_24h,汉中,213.0
20170124,23,SO2,汉中,13.0
20170124,23,SO2_24h,汉中,20.0
20170124,23,NO2,汉中,46.0
20170124,23,NO2_24h,汉中,47.0
20170124,23,O3,汉中,22.0
20170124,23,O3_24h,汉中,59.0
20170124,23,O3_8h,汉中,47.0
20170124,23,O3_8h_24h,汉中,48.0
20170124,23,CO,汉中,2.43
20170124,23,CO_24h,汉中,2.63
20170124,0,AQI,榆林,110.0
20170124,0,PM2.5,榆林,83.0
20170124,0,PM2.5_24h,榆林,70.0
20170124,0,PM10,榆林,118.0
20170124,0,PM10_24h,榆林,113.0
20170124,0,SO2,榆林,88.0
20170124,0,SO2_24h,榆林,76.0
20170124,0,NO2,榆林,93.0
20170124,0,NO2_24h,榆林,76.0
20170124,0,O3,榆林,9.0
20170124,0,O3_24h,榆林,79.0
20170124,0,O3_8h,榆林,27.0
20170124,0,O3_8h_24h,榆林,55.0
20170124,0,CO,榆林,3.0
20170124,0,CO_24h,榆林,2.63
20170124,1,AQI,榆林,125.0
20170124,1,PM2.5,榆林,95.0
20170124,1,PM2.5_24h,榆林,70.0
20170124,1,PM10,榆林,134.0
20170124,1,PM10_24h,榆林,113.0
20170124,1,SO2,榆林,80.0
20170124,1,SO2_24h,榆林,76.0
20170124,1,NO2,榆林,78.0
20170124,1,NO2_24h,榆林,76.0
20170124,1,O3,榆林,8.0
20170124,1,O3_24h,榆林,79.0
20170124,1,O3_8h,榆林,8.0
20170124,1,O3_8h_24h,榆林,8.0
20170124,1,CO,榆林,2.3
20170124,1,CO_24h,榆林,2.57
20170124,2,AQI,榆林,98.0
20170124,2,PM2.5,榆林,73.0
20170124,2,PM2.5_24h,榆林,70.0
20170124,2,PM10,榆林,122.0
20170124,2,PM10_24h,榆林,112.0
20170124,2,SO2,榆林,61.0
20170124,2,SO2_24h,榆林,76.0
20170124,2,NO2,榆林,69.0
20170124,2,NO2_24h,榆林,75.0
20170124,2,O3,榆林,7.0
20170124,2,O3_24h,榆林,79.0
20170124,2,O3_8h,榆林,8.0
20170124,2,O3_8h_24h,榆林,8.0
20170124,2,CO,榆林,1.8
20170124,2,CO_24h,榆林,2.5
20170124,3,AQI,榆林,90.0
20170124,3,PM2.5,榆林,67.0
20170124,3,PM2.5_24h,榆林,69.0
20170124,3,PM10,榆林,103.0
20170124,3,PM10_24h,榆林,111.0
20170124,3,SO2,榆林,50.0
20170124,3,SO2_24h,榆林,75.0
20170124,3,NO2,榆林,62.0
20170124,3,NO2_24h,榆林,75.0
20170124,3,O3,榆林,7.0
20170124,3,O3_24h,榆林,79.0
20170124,3,O3_8h,榆林,8.0
20170124,3,O3_8h_24h,榆林,8.0
20170124,3,CO,榆林,1.83
20170124,3,CO_24h,榆林,2.5
20170124,4,AQI,榆林,89.0
20170124,4,PM2.5,榆林,66.0
20170124,4,PM2.5_24h,榆林,69.0
20170124,4,PM10,榆林,104.0
20170124,4,PM10_24h,榆林,110.0
20170124,4,SO2,榆林,47.0
20170124,4,SO2_24h,榆林,74.0
20170124,4,NO2,榆林,60.0
20170124,4,NO2_24h,榆林,75.0
20170124,4,O3,榆林,7.0
20170124,4,O3_24h,榆林,79.0
20170124,4,O3_8h,榆林,7.0
20170124,4,O3_8h_24h,榆林,8.0
20170124,4,CO,榆林,1.97
20170124,4,CO_24h,榆林,2.53
20170124,5,AQI,榆林,76.0
20170124,5,PM2.5,榆林,56.0
20170124,5,PM2.5_24h,榆林,69.0
20170124,5,PM10,榆林,92.0
20170124,5,PM10_24h,榆林,110.0
20170124,5,SO2,榆林,53.0
20170124,5,SO2_24h,榆林,74.0
20170124,5,NO2,榆林,60.0
20170124,5,NO2_24h,榆林,75.0
20170124,5,O3,榆林,7.0
20170124,5,O3_24h,榆林,79.0
20170124,5,O3_8h,榆林,7.0
20170124,5,O3_8h_24h,榆林,8.0
20170124,5,CO,榆林,1.83
20170124,5,CO_24h,榆林,2.5
20170124,6,AQI,榆林,75.0
20170124,6,PM2.5,榆林,55.0
20170124,6,PM2.5_24h,榆林,68.0
20170124,6,PM10,榆林,85.0
20170124,6,PM10_24h,榆林,109.0
20170124,6,SO2,榆林,47.0
20170124,6,SO2_24h,榆林,74.0
20170124,6,NO2,榆林,59.0
20170124,6,NO2_24h,榆林,75.0
20170124,6,O3,榆林,6.0
20170124,6,O3_24h,榆林,79.0
20170124,6,O3_8h,榆林,7.0
20170124,6,O3_8h_24h,榆林,8.0
20170124,6,CO,榆林,1.9
20170124,6,CO_24h,榆林,2.5
20170124,7,AQI,榆林,75.0
20170124,7,PM2.5,榆林,55.0
20170124,7,PM2.5_24h,榆林,68.0
20170124,7,PM10,榆林,86.0
20170124,7,PM10_24h,榆林,107.0
20170124,7,SO2,榆林,53.0
20170124,7,SO2_24h,榆林,74.0
20170124,7,NO2,榆林,62.0
20170124,7,NO2_24h,榆林,75.0
20170124,7,O3,榆林,6.0
20170124,7,O3_24h,榆林,79.0
20170124,7,O3_8h,榆林,7.0
20170124,7,O3_8h_24h,榆林,8.0
20170124,7,CO,榆林,2.23
20170124,7,CO_24h,榆林,2.5
20170124,8,AQI,榆林,73.0
20170124,8,PM2.5,榆林,53.0
20170124,8,PM2.5_24h,榆林,68.0
20170124,8,PM10,榆林,94.0
20170124,8,PM10_24h,榆林,107.0
20170124,8,SO2,榆林,48.0
20170124,8,SO2_24h,榆林,74.0
20170124,8,NO2,榆林,60.0
20170124,8,NO2_24h,榆林,75.0
20170124,8,O3,榆林,6.0
20170124,8,O3_24h,榆林,79.0
20170124,8,O3_8h,榆林,7.0
20170124,8,O3_8h_24h,榆林,8.0
20170124,8,CO,榆林,1.83
20170124,8,CO_24h,榆林,2.5
20170124,9,AQI,榆林,86.0
20170124,9,PM2.5,榆林,64.0
20170124,9,PM2.5_24h,榆林,67.0
20170124,9,PM10,榆林,101.0
20170124,9,PM10_24h,榆林,107.0
20170124,9,SO2,榆林,61.0
20170124,9,SO2_24h,榆林,74.0
20170124,9,NO2,榆林,58.0
20170124,9,NO2_24h,榆林,75.0
20170124,9,O3,榆林,9.0
20170124,9,O3_24h,榆林,79.0
20170124,9,O3_8h,榆林,7.0
20170124,9,O3_8h_24h,榆林,8.0
20170124,9,CO,榆林,2.23
20170124,9,CO_24h,榆林,2.5
20170124,10,AQI,榆林,104.0
20170124,10,PM2.5,榆林,78.0
20170124,10,PM2.5_24h,榆林,67.0
20170124,10,PM10,榆林,108.0
20170124,10,PM10_24h,榆林,106.0
20170124,10,SO2,榆林,78.0
20170124,10,SO2_24h,榆林,75.0
20170124,10,NO2,榆林,64.0
20170124,10,NO2_24h,榆林,75.0
20170124,10,O3,榆林,15.0
20170124,10,O3_24h,榆林,79.0
20170124,10,O3_8h,榆林,8.0
20170124,10,O3_8h_24h,榆林,9.0
20170124,10,CO,榆林,2.87
20170124,10,CO_24h,榆林,2.5
20170124,11,AQI,榆林,126.0
20170124,11,PM2.5,榆林,96.0
20170124,11,PM2.5_24h,榆林,68.0
20170124,11,PM10,榆林,134.0
20170124,11,PM10_24h,榆林,107.0
20170124,11,SO2,榆林,105.0
20170124,11,SO2_24h,榆林,76.0
20170124,11,NO2,榆林,76.0
20170124,11,NO2_24h,榆林,76.0
20170124,11,O3,榆林,22.0
20170124,11,O3_24h,榆林,79.0
20170124,11,O3_8h,榆林,10.0
20170124,11,O3_8h_24h,榆林,10.0
20170124,11,CO,榆林,3.13
20170124,11,CO_24h,榆林,2.5
20170124,12,AQI,榆林,110.0
20170124,12,PM2.5,榆林,83.0
20170124,12,PM2.5_24h,榆林,69.0
20170124,12,PM10,榆林,138.0
20170124,12,PM10_24h,榆林,108.0
20170124,12,SO2,榆林,89.0
20170124,12,SO2_24h,榆林,77.0
20170124,12,NO2,榆林,87.0
20170124,12,NO2_24h,榆林,77.0
20170124,12,O3,榆林,26.0
20170124,12,O3_24h,榆林,79.0
20170124,12,O3_8h,榆林,12.0
20170124,12,O3_8h_24h,榆林,12.0
20170124,12,CO,榆林,2.9
20170124,12,CO_24h,榆林,2.53
20170124,13,AQI,榆林,81.0
20170124,13,PM2.5,榆林,58.0
20170124,13,PM2.5_24h,榆林,70.0
20170124,13,PM10,榆林,112.0
20170124,13,PM10_24h,榆林,109.0
20170124,13,SO2,榆林,56.0
20170124,13,SO2_24h,榆林,78.0
20170124,13,NO2,榆林,68.0
20170124,13,NO2_24h,榆林,77.0
20170124,13,O3,榆林,42.0
20170124,13,O3_24h,榆林,73.0
20170124,13,O3_8h,榆林,17.0
20170124,13,O3_8h_24h,榆林,17.0
20170124,13,CO,榆林,1.87
20170124,13,CO_24h,榆林,2.6
20170124,14,AQI,榆林,65.0
20170124,14,PM2.5,榆林,42.0
20170124,14,PM2.5_24h,榆林,71.0
20170124,14,PM10,榆林,80.0
20170124,14,PM10_24h,榆林,110.0
20170124,14,SO2,榆林,32.0
20170124,14,SO2_24h,榆林,78.0
20170124,14,NO2,榆林,47.0
20170124,14,NO2_24h,榆林,77.0
20170124,14,O3,榆林,70.0
20170124,14,O3_24h,榆林,75.0
20170124,14,O3_8h,榆林,25.0
20170124,14,O3_8h_24h,榆林,25.0
20170124,14,CO,榆林,1.27
20170124,14,CO_24h,榆林,2.6
20170124,15,AQI,榆林,54.0
20170124,15,PM2.5,榆林,38.0
20170124,15,PM2.5_24h,榆林,71.0
20170124,15,PM10,榆林,49.0
20170124,15,PM10_24h,榆林,110.0
20170124,15,SO2,榆林,30.0
20170124,15,SO2_24h,榆林,78.0
20170124,15,NO2,榆林,43.0
20170124,15,NO2_24h,榆林,76.0
20170124,15,O3,榆林,79.0
20170124,15,O3_24h,榆林,79.0
20170124,15,O3_8h,榆林,34.0
20170124,15,O3_8h_24h,榆林,34.0
20170124,15,CO,榆林,1.13
20170124,15,CO_24h,榆林,2.6
20170124,16,AQI,榆林,51.0
20170124,16,PM2.5,榆林,29.0
20170124,16,PM2.5_24h,榆林,72.0
20170124,16,PM10,榆林,51.0
20170124,16,PM10_24h,榆林,110.0
20170124,16,SO2,榆林,23.0
20170124,16,SO2_24h,榆林,77.0
20170124,16,NO2,榆林,35.0
20170124,16,NO2_24h,榆林,76.0
20170124,16,O3,榆林,90.0
20170124,16,O3_24h,榆林,90.0
20170124,16,O3_8h,榆林,44.0
20170124,16,O3_8h_24h,榆林,44.0
20170124,16,CO,榆林,1.0
20170124,16,CO_24h,榆林,2.6
20170124,17,AQI,榆林,42.0
20170124,17,PM2.5,榆林,25.0
20170124,17,PM2.5_24h,榆林,72.0
20170124,17,PM10,榆林,42.0
20170124,17,PM10_24h,榆林,110.0
20170124,17,SO2,榆林,24.0
20170124,17,SO2_24h,榆林,77.0
20170124,17,NO2,榆林,35.0
20170124,17,NO2_24h,榆林,75.0
20170124,17,O3,榆林,86.0
20170124,17,O3_24h,榆林,90.0
20170124,17,O3_8h,榆林,54.0
20170124,17,O3_8h_24h,榆林,54.0
20170124,17,CO,榆林,1.0
20170124,17,CO_24h,榆林,2.6
20170124,18,AQI,榆林,59.0
20170124,18,PM2.5,榆林,35.0
20170124,18,PM2.5_24h,榆林,72.0
20170124,18,PM10,榆林,68.0
20170124,18,PM10_24h,榆林,112.0
20170124,18,SO2,榆林,34.0
20170124,18,SO2_24h,榆林,77.0
20170124,18,NO2,榆林,55.0
20170124,18,NO2_24h,榆林,74.0
20170124,18,O3,榆林,64.0
20170124,18,O3_24h,榆林,90.0
20170124,18,O3_8h,榆林,60.0
20170124,18,O3_8h_24h,榆林,60.0
20170124,18,CO,榆林,1.33
20170124,18,CO_24h,榆林,2.6
20170124,19,AQI,榆林,73.0
20170124,19,PM2.5,榆林,53.0
20170124,19,PM2.5_24h,榆林,70.0
20170124,19,PM10,榆林,86.0
20170124,19,PM10_24h,榆林,111.0
20170124,19,SO2,榆林,61.0
20170124,19,SO2_24h,榆林,74.0
20170124,19,NO2,榆林,81.0
20170124,19,NO2_24h,榆林,73.0
20170124,19,O3,榆林,40.0
20170124,19,O3_24h,榆林,90.0
20170124,19,O3_8h,榆林,62.0
20170124,19,O3_8h_24h,榆林,62.0
20170124,19,CO,榆林,2.0
20170124,19,CO_24h,榆林,2.5
20170124,20,AQI,榆林,96.0
20170124,20,PM2.5,榆林,72.0
20170124,20,PM2.5_24h,榆林,68.0
20170124,20,PM10,榆林,95.0
20170124,20,PM10_24h,榆林,107.0
20170124,20,SO2,榆林,93.0
20170124,20,SO2_24h,榆林,71.0
20170124,20,NO2,榆林,97.0
20170124,20,NO2_24h,榆林,71.0
20170124,20,O3,榆林,31.0
20170124,20,O3_24h,榆林,90.0
20170124,20,O3_8h,榆林,63.0
20170124,20,O3_8h_24h,榆林,64.0
20170124,20,CO,榆林,2.83
20170124,20,CO_24h,榆林,2.37
20170124,21,AQI,榆林,149.0
20170124,21,PM2.5,榆林,114.0
20170124,21,PM2.5_24h,榆林,66.0
20170124,21,PM10,榆林,150.0
20170124,21,PM10_24h,榆林,104.0
20170124,21,SO2,榆林,147.0
20170124,21,SO2_24h,榆林,68.0
20170124,21,NO2,榆林,126.0
20170124,21,NO2_24h,榆林,71.0
20170124,21,O3,榆林,16.0
20170124,21,O3_24h,榆林,90.0
20170124,21,O3_8h,榆林,60.0
20170124,21,O3_8h_24h,榆林,64.0
20170124,21,CO,榆林,4.7
20170124,21,CO_24h,榆林,2.3
20170124,22,AQI,榆林,199.0
20170124,22,PM2.5,榆林,149.0
20170124,22,PM2.5_24h,榆林,68.0
20170124,22,PM10,榆林,167.0
20170124,22,PM10_24h,榆林,101.0
20170124,22,SO2,榆林,201.0
20170124,22,SO2_24h,榆林,70.0
20170124,22,NO2,榆林,136.0
20170124,22,NO2_24h,榆林,72.0
20170124,22,O3,榆林,18.0
20170124,22,O3_24h,榆林,90.0
20170124,22,O3_8h,榆林,53.0
20170124,22,O3_8h_24h,榆林,64.0
20170124,22,CO,榆林,6.6
20170124,22,CO_24h,榆林,2.37
20170124,23,AQI,榆林,153.0
20170124,23,PM2.5,榆林,117.0
20170124,23,PM2.5_24h,榆林,69.0
20170124,23,PM10,榆林,190.0
20170124,23,PM10_24h,榆林,104.0
20170124,23,SO2,榆林,144.0
20170124,23,SO2_24h,榆林,71.0
20170124,23,NO2,榆林,119.0
20170124,23,NO2_24h,榆林,72.0
20170124,23,O3,榆林,13.0
20170124,23,O3_24h,榆林,90.0
20170124,23,O3_8h,榆林,45.0
20170124,23,O3_8h_24h,榆林,64.0
20170124,23,CO,榆林,4.73
20170124,23,CO_24h,榆林,2.4
20170124,0,AQI,安康,141.0
20170124,0,PM2.5,安康,108.0
20170124,0,PM2.5_24h,安康,90.0
20170124,0,PM10,安康,149.0
20170124,0,PM10_24h,安康,122.0
20170124,0,SO2,安康,38.0
20170124,0,SO2_24h,安康,35.0
20170124,0,NO2,安康,38.0
20170124,0,NO2_24h,安康,40.0
20170124,0,O3,安康,19.0
20170124,0,O3_24h,安康,103.0
20170124,0,O3_8h,安康,31.0
20170124,0,O3_8h_24h,安康,67.0
20170124,0,CO,安康,2.1
20170124,0,CO_24h,安康,2.0
20170124,1,AQI,安康,138.0
20170124,1,PM2.5,安康,105.0
20170124,1,PM2.5_24h,安康,91.0
20170124,1,PM10,安康,135.0
20170124,1,PM10_24h,安康,124.0
20170124,1,SO2,安康,36.0
20170124,1,SO2_24h,安康,35.0
20170124,1,NO2,安康,36.0
20170124,1,NO2_24h,安康,40.0
20170124,1,O3,安康,16.0
20170124,1,O3_24h,安康,103.0
20170124,1,O3_8h,安康,16.0
20170124,1,O3_8h_24h,安康,16.0
20170124,1,CO,安康,1.9
20170124,1,CO_24h,安康,2.0
20170124,2,AQI,安康,123.0
20170124,2,PM2.5,安康,93.0
20170124,2,PM2.5_24h,安康,91.0
20170124,2,PM10,安康,121.0
20170124,2,PM10_24h,安康,124.0
20170124,2,SO2,安康,31.0
20170124,2,SO2_24h,安康,35.0
20170124,2,NO2,安康,29.0
20170124,2,NO2_24h,安康,40.0
20170124,2,O3,安康,17.0
20170124,2,O3_24h,安康,103.0
20170124,2,O3_8h,安康,17.0
20170124,2,O3_8h_24h,安康,17.0
20170124,2,CO,安康,1.7
20170124,2,CO_24h,安康,2.0
20170124,3,AQI,安康,123.0
20170124,3,PM2.5,安康,93.0
20170124,3,PM2.5_24h,安康,92.0
20170124,3,PM10,安康,111.0
20170124,3,PM10_24h,安康,125.0
20170124,3,SO2,安康,42.0
20170124,3,SO2_24h,安康,36.0
20170124,3,NO2,安康,28.0
20170124,3,NO2_24h,安康,40.0
20170124,3,O3,安康,16.0
20170124,3,O3_24h,安康,103.0
20170124,3,O3_8h,安康,16.0
20170124,3,O3_8h_24h,安康,17.0
20170124,3,CO,安康,1.55
20170124,3,CO_24h,安康,2.0
20170124,4,AQI,安康,125.0
20170124,4,PM2.5,安康,95.0
20170124,4,PM2.5_24h,安康,93.0
20170124,4,PM10,安康,111.0
20170124,4,PM10_24h,安康,126.0
20170124,4,SO2,安康,38.0
20170124,4,SO2_24h,安康,37.0
20170124,4,NO2,安康,27.0
20170124,4,NO2_24h,安康,40.0
20170124,4,O3,安康,18.0
20170124,4,O3_24h,安康,103.0
20170124,4,O3_8h,安康,17.0
20170124,4,O3_8h_24h,安康,18.0
20170124,4,CO,安康,1.55
20170124,4,CO_24h,安康,2.0
20170124,5,AQI,安康,124.0
20170124,5,PM2.5,安康,94.0
20170124,5,PM2.5_24h,安康,95.0
20170124,5,PM10,安康,112.0
20170124,5,PM10_24h,安康,127.0
20170124,5,SO2,安康,34.0
20170124,5,SO2_24h,安康,38.0
20170124,5,NO2,安康,24.0
20170124,5,NO2_24h,安康,41.0
20170124,5,O3,安康,18.0
20170124,5,O3_24h,安康,103.0
20170124,5,O3_8h,安康,17.0
20170124,5,O3_8h_24h,安康,18.0
20170124,5,CO,安康,1.5
20170124,5,CO_24h,安康,2.05
20170124,6,AQI,安康,124.0
20170124,6,PM2.5,安康,94.0
20170124,6,PM2.5_24h,安康,95.0
20170124,6,PM10,安康,102.0
20170124,6,PM10_24h,安康,128.0
20170124,6,SO2,安康,30.0
20170124,6,SO2_24h,安康,38.0
20170124,6,NO2,安康,23.0
20170124,6,NO2_24h,安康,41.0
20170124,6,O3,安康,17.0
20170124,6,O3_24h,安康,103.0
20170124,6,O3_8h,安康,17.0
20170124,6,O3_8h_24h,安康,18.0
20170124,6,CO,安康,1.5
20170124,6,CO_24h,安康,2.05
20170124,7,AQI,安康,138.0
20170124,7,PM2.5,安康,105.0
20170124,7,PM2.5_24h,安康,97.0
20170124,7,PM10,安康,112.0
20170124,7,PM10_24h,安康,129.0
20170124,7,SO2,安康,39.0
20170124,7,SO2_24h,安康,37.0
20170124,7,NO2,安康,27.0
20170124,7,NO2_24h,安康,41.0
20170124,7,O3,安康,13.0
20170124,7,O3_24h,安康,103.0
20170124,7,O3_8h,安康,16.0
20170124,7,O3_8h_24h,安康,18.0
20170124,7,CO,安康,1.7
20170124,7,CO_24h,安康,2.05
20170124,8,AQI,安康,119.0
20170124,8,PM2.5,安康,90.0
20170124,8,PM2.5_24h,安康,97.0
20170124,8,PM10,安康,111.0
20170124,8,PM10_24h,安康,130.0
20170124,8,SO2,安康,45.0
20170124,8,SO2_24h,安康,37.0
20170124,8,NO2,安康,30.0
20170124,8,NO2_24h,安康,41.0
20170124,8,O3,安康,11.0
20170124,8,O3_24h,安康,103.0
20170124,8,O3_8h,安康,15.0
20170124,8,O3_8h_24h,安康,18.0
20170124,8,CO,安康,1.9
20170124,8,CO_24h,安康,2.05
20170124,9,AQI,安康,118.0
20170124,9,PM2.5,安康,89.0
20170124,9,PM2.5_24h,安康,98.0
20170124,9,PM10,安康,105.0
20170124,9,PM10_24h,安康,130.0
20170124,9,SO2,安康,44.0
20170124,9,SO2_24h,安康,37.0
20170124,9,NO2,安康,31.0
20170124,9,NO2_24h,安康,41.0
20170124,9,O3,安康,11.0
20170124,9,O3_24h,安康,103.0
20170124,9,O3_8h,安康,15.0
20170124,9,O3_8h_24h,安康,18.0
20170124,9,CO,安康,2.1
20170124,9,CO_24h,安康,2.05
20170124,10,AQI,安康,135.0
20170124,10,PM2.5,安康,103.0
20170124,10,PM2.5_24h,安康,99.0
20170124,10,PM10,安康,117.0
20170124,10,PM10_24h,安康,131.0
20170124,10,SO2,安康,50.0
20170124,10,SO2_24h,安康,38.0
20170124,10,NO2,安康,38.0
20170124,10,NO2_24h,安康,42.0
20170124,10,O3,安康,8.0
20170124,10,O3_24h,安康,103.0
20170124,10,O3_8h,安康,14.0
20170124,10,O3_8h_24h,安康,18.0
20170124,10,CO,安康,2.15
20170124,10,CO_24h,安康,2.1
20170124,11,AQI,安康,169.0
20170124,11,PM2.5,安康,128.0
20170124,11,PM2.5_24h,安康,101.0
20170124,11,PM10,安康,139.0
20170124,11,PM10_24h,安康,133.0
20170124,11,SO2,安康,73.0
20170124,11,SO2_24h,安康,39.0
20170124,11,NO2,安康,44.0
20170124,11,NO2_24h,安康,42.0
20170124,11,O3,安康,11.0
20170124,11,O3_24h,安康,103.0
20170124,11,O3_8h,安康,13.0
20170124,11,O3_8h_24h,安康,18.0
20170124,11,CO,安康,2.7
20170124,11,CO_24h,安康,2.1
20170124,12,AQI,安康,180.0
20170124,12,PM2.5,安康,136.0
20170124,12,PM2.5_24h,安康,102.0
20170124,12,PM10,安康,175.0
20170124,12,PM10_24h,安康,135.0
20170124,12,SO2,安康,55.0
20170124,12,SO2_24h,安康,40.0
20170124,12,NO2,安康,51.0
20170124,12,NO2_24h,安康,42.0
20170124,12,O3,安康,15.0
20170124,12,O3_24h,安康,103.0
20170124,12,O3_8h,安康,13.0
20170124,12,O3_8h_24h,安康,18.0
20170124,12,CO,安康,2.75
20170124,12,CO_24h,安康,2.15
20170124,13,AQI,安康,186.0
20170124,13,PM2.5,安康,140.0
20170124,13,PM2.5_24h,安康,103.0
20170124,13,PM10,安康,173.0
20170124,13,PM10_24h,安康,137.0
20170124,13,SO2,安康,26.0
20170124,13,SO2_24h,安康,40.0
20170124,13,NO2,安康,45.0
20170124,13,NO2_24h,安康,43.0
20170124,13,O3,安康,33.0
20170124,13,O3_24h,安康,103.0
20170124,13,O3_8h,安康,15.0
20170124,13,O3_8h_24h,安康,18.0
20170124,13,CO,安康,2.05
20170124,13,CO_24h,安康,2.2
20170124,14,AQI,安康,176.0
20170124,14,PM2.5,安康,133.0
20170124,14,PM2.5_24h,安康,105.0
20170124,14,PM10,安康,147.0
20170124,14,PM10_24h,安康,138.0
20170124,14,SO2,安康,17.0
20170124,14,SO2_24h,安康,39.0
20170124,14,NO2,安康,25.0
20170124,14,NO2_24h,安康,42.0
20170124,14,O3,安康,72.0
20170124,14,O3_24h,安康,103.0
20170124,14,O3_8h,安康,22.0
20170124,14,O3_8h_24h,安康,22.0
20170124,14,CO,安康,1.35
20170124,14,CO_24h,安康,2.15
20170124,15,AQI,安康,176.0
20170124,15,PM2.5,安康,133.0
20170124,15,PM2.5_24h,安康,108.0
20170124,15,PM10,安康,133.0
20170124,15,PM10_24h,安康,140.0
20170124,15,SO2,安康,16.0
20170124,15,SO2_24h,安康,39.0
20170124,15,NO2,安康,25.0
20170124,15,NO2_24h,安康,42.0
20170124,15,O3,安康,80.0
20170124,15,O3_24h,安康,100.0
20170124,15,O3_8h,安康,30.0
20170124,15,O3_8h_24h,安康,30.0
20170124,15,CO,安康,1.4
20170124,15,CO_24h,安康,2.15
20170124,16,AQI,安康,171.0
20170124,16,PM2.5,安康,130.0
20170124,16,PM2.5_24h,安康,110.0
20170124,16,PM10,安康,122.0
20170124,16,PM10_24h,安康,142.0
20170124,16,SO2,安康,15.0
20170124,16,SO2_24h,安康,38.0
20170124,16,NO2,安康,25.0
20170124,16,NO2_24h,安康,42.0
20170124,16,O3,安康,83.0
20170124,16,O3_24h,安康,96.0
20170124,16,O3_8h,安康,39.0
20170124,16,O3_8h_24h,安康,39.0
20170124,16,CO,安康,1.35
20170124,16,CO_24h,安康,2.15
20170124,17,AQI,安康,186.0
20170124,17,PM2.5,安康,140.0
20170124,17,PM2.5_24h,安康,135.0
20170124,17,PM10,安康,140.0
20170124,17,PM10_24h,安康,168.0
20170124,17,SO2,安康,17.0
20170124,17,SO2_24h,安康,43.0
20170124,17,NO2,安康,31.0
20170124,17,NO2_24h,安康,44.0
20170124,17,O3,安康,62.0
20170124,17,O3_24h,安康,63.0
20170124,17,O3_8h,安康,36.0
20170124,17,O3_8h_24h,安康,36.0
20170124,17,CO,安康,1.5
20170124,17,CO_24h,安康,2.8
20170124,18,AQI,安康,176.0
20170124,18,PM2.5,安康,133.0
20170124,18,PM2.5_24h,安康,114.0
20170124,18,PM10,安康,137.0
20170124,18,PM10_24h,安康,144.0
20170124,18,SO2,安康,17.0
20170124,18,SO2_24h,安康,37.0
20170124,18,NO2,安康,33.0
20170124,18,NO2_24h,安康,40.0
20170124,18,O3,安康,76.0
20170124,18,O3_24h,安康,83.0
20170124,18,O3_8h,安康,54.0
20170124,18,O3_8h_24h,安康,54.0
20170124,18,CO,安康,1.6
20170124,18,CO_24h,安康,2.1
20170124,19,AQI,安康,183.0
20170124,19,PM2.5,安康,138.0
20170124,19,PM2.5_24h,安康,115.0
20170124,19,PM10,安康,150.0
20170124,19,PM10_24h,安康,142.0
20170124,19,SO2,安康,18.0
20170124,19,SO2_24h,安康,36.0
20170124,19,NO2,安康,38.0
20170124,19,NO2_24h,安康,38.0
20170124,19,O3,安康,68.0
20170124,19,O3_24h,安康,83.0
20170124,19,O3_8h,安康,62.0
20170124,19,O3_8h_24h,安康,62.0
20170124,19,CO,安康,1.85
20170124,19,CO_24h,安康,2.05
20170124,20,AQI,安康,176.0
20170124,20,PM2.5,安康,133.0
20170124,20,PM2.5_24h,安康,114.0
20170124,20,PM10,安康,151.0
20170124,20,PM10_24h,安康,138.0
20170124,20,SO2,安康,18.0
20170124,20,SO2_24h,安康,35.0
20170124,20,NO2,安康,37.0
20170124,20,NO2_24h,安康,36.0
20170124,20,O3,安康,69.0
20170124,20,O3_24h,安康,83.0
20170124,20,O3_8h,安康,69.0
20170124,20,O3_8h_24h,安康,69.0
20170124,20,CO,安康,1.75
20170124,20,CO_24h,安康,1.95
20170124,21,AQI,安康,173.0
20170124,21,PM2.5,安康,131.0
20170124,21,PM2.5_24h,安康,115.0
20170124,21,PM10,安康,144.0
20170124,21,PM10_24h,安康,135.0
20170124,21,SO2,安康,16.0
20170124,21,SO2_24h,安康,34.0
20170124,21,NO2,安康,33.0
20170124,21,NO2_24h,安康,35.0
20170124,21,O3,安康,67.0
20170124,21,O3_24h,安康,83.0
20170124,21,O3_8h,安康,74.0
20170124,21,O3_8h_24h,安康,74.0
20170124,21,CO,安康,1.7
20170124,21,CO_24h,安康,1.85
20170124,22,AQI,安康,169.0
20170124,22,PM2.5,安康,128.0
20170124,22,PM2.5_24h,安康,115.0
20170124,22,PM10,安康,154.0
20170124,22,PM10_24h,安康,134.0
20170124,22,SO2,安康,18.0
20170124,22,SO2_24h,安康,33.0
20170124,22,NO2,安康,35.0
20170124,22,NO2_24h,安康,34.0
20170124,22,O3,安康,49.0
20170124,22,O3_24h,安康,83.0
20170124,22,O3_8h,安康,71.0
20170124,22,O3_8h_24h,安康,75.0
20170124,22,CO,安康,1.7
20170124,22,CO_24h,安康,1.8
20170124,23,AQI,安康,167.0
20170124,23,PM2.5,安康,127.0
20170124,23,PM2.5_24h,安康,116.0
20170124,23,PM10,安康,144.0
20170124,23,PM10_24h,安康,134.0
20170124,23,SO2,安康,24.0
20170124,23,SO2_24h,安康,32.0
20170124,23,NO2,安康,32.0
20170124,23,NO2_24h,安康,33.0
20170124,23,O3,安康,44.0
20170124,23,O3_24h,安康,83.0
20170124,23,O3_8h,安康,66.0
20170124,23,O3_8h_24h,安康,75.0
20170124,23,CO,安康,1.7
20170124,23,CO_24h,安康,1.75
20170124,0,AQI,商洛,129.0
20170124,0,PM2.5,商洛,98.0
20170124,0,PM2.5_24h,商洛,50.0
20170124,0,PM10,商洛,134.0
20170124,0,PM10_24h,商洛,73.0
20170124,0,SO2,商洛,15.0
20170124,0,SO2_24h,商洛,14.0
20170124,0,NO2,商洛,32.0
20170124,0,NO2_24h,商洛,34.0
20170124,0,O3,商洛,102.0
20170124,0,O3_24h,商洛,113.0
20170124,0,O3_8h,商洛,95.0
20170124,0,O3_8h_24h,商洛,98.0
20170124,0,CO,商洛,0.8
20170124,0,CO_24h,商洛,0.7
20170124,1,AQI,商洛,126.0
20170124,1,PM2.5,商洛,96.0
20170124,1,PM2.5_24h,商洛,53.0
20170124,1,PM10,商洛,131.0
20170124,1,PM10_24h,商洛,75.0
20170124,1,SO2,商洛,16.0
20170124,1,SO2_24h,商洛,14.0
20170124,1,NO2,商洛,33.0
20170124,1,NO2_24h,商洛,34.0
20170124,1,O3,商洛,83.0
20170124,1,O3_24h,商洛,113.0
20170124,1,O3_8h,商洛,83.0
20170124,1,O3_8h_24h,商洛,83.0
20170124,1,CO,商洛,0.85
20170124,1,CO_24h,商洛,0.7
20170124,2,AQI,商洛,108.0
20170124,2,PM2.5,商洛,81.0
20170124,2,PM2.5_24h,商洛,55.0
20170124,2,PM10,商洛,124.0
20170124,2,PM10_24h,商洛,78.0
20170124,2,SO2,商洛,14.0
20170124,2,SO2_24h,商洛,14.0
20170124,2,NO2,商洛,33.0
20170124,2,NO2_24h,商洛,34.0
20170124,2,O3,商洛,52.0
20170124,2,O3_24h,商洛,113.0
20170124,2,O3_8h,商洛,68.0
20170124,2,O3_8h_24h,商洛,83.0
20170124,2,CO,商洛,0.8
20170124,2,CO_24h,商洛,0.7
20170124,3,AQI,商洛,98.0
20170124,3,PM2.5,商洛,73.0
20170124,3,PM2.5_24h,商洛,56.0
20170124,3,PM10,商洛,96.0
20170124,3,PM10_24h,商洛,80.0
20170124,3,SO2,商洛,9.0
20170124,3,SO2_24h,商洛,14.0
20170124,3,NO2,商洛,29.0
20170124,3,NO2_24h,商洛,33.0
20170124,3,O3,商洛,49.0
20170124,3,O3_24h,商洛,113.0
20170124,3,O3_8h,商洛,61.0
20170124,3,O3_8h_24h,商洛,83.0
20170124,3,CO,商洛,0.8
20170124,3,CO_24h,商洛,0.7
20170124,4,AQI,商洛,105.0
20170124,4,PM2.5,商洛,79.0
20170124,4,PM2.5_24h,商洛,58.0
20170124,4,PM10,商洛,97.0
20170124,4,PM10_24h,商洛,82.0
20170124,4,SO2,商洛,11.0
20170124,4,SO2_24h,商洛,14.0
20170124,4,NO2,商洛,31.0
20170124,4,NO2_24h,商洛,33.0
20170124,4,O3,商洛,43.0
20170124,4,O3_24h,商洛,113.0
20170124,4,O3_8h,商洛,57.0
20170124,4,O3_8h_24h,商洛,83.0
20170124,4,CO,商洛,0.85
20170124,4,CO_24h,商洛,0.75
20170124,5,AQI,商洛,106.0
20170124,5,PM2.5,商洛,80.0
20170124,5,PM2.5_24h,商洛,60.0
20170124,5,PM10,商洛,93.0
20170124,5,PM10_24h,商洛,85.0
20170124,5,SO2,商洛,11.0
20170124,5,SO2_24h,商洛,15.0
20170124,5,NO2,商洛,31.0
20170124,5,NO2_24h,商洛,33.0
20170124,5,O3,商洛,39.0
20170124,5,O3_24h,商洛,113.0
20170124,5,O3_8h,商洛,53.0
20170124,5,O3_8h_24h,商洛,83.0
20170124,5,CO,商洛,0.85
20170124,5,CO_24h,商洛,0.75
20170124,6,AQI,商洛,109.0
20170124,6,PM2.5,商洛,82.0
20170124,6,PM2.5_24h,商洛,62.0
20170124,6,PM10,商洛,99.0
20170124,6,PM10_24h,商洛,87.0
20170124,6,SO2,商洛,14.0
20170124,6,SO2_24h,商洛,15.0
20170124,6,NO2,商洛,35.0
20170124,6,NO2_24h,商洛,33.0
20170124,6,O3,商洛,34.0
20170124,6,O3_24h,商洛,113.0
20170124,6,O3_8h,商洛,50.0
20170124,6,O3_8h_24h,商洛,83.0
20170124,6,CO,商洛,0.8
20170124,6,CO_24h,商洛,0.75
20170124,7,AQI,商洛,111.0
20170124,7,PM2.5,商洛,84.0
20170124,7,PM2.5_24h,商洛,64.0
20170124,7,PM10,商洛,96.0
20170124,7,PM10_24h,商洛,89.0
20170124,7,SO2,商洛,12.0
20170124,7,SO2_24h,商洛,15.0
20170124,7,NO2,商洛,34.0
20170124,7,NO2_24h,商洛,33.0
20170124,7,O3,商洛,33.0
20170124,7,O3_24h,商洛,113.0
20170124,7,O3_8h,商洛,47.0
20170124,7,O3_8h_24h,商洛,83.0
20170124,7,CO,商洛,0.9
20170124,7,CO_24h,商洛,0.75
20170124,8,AQI,商洛,113.0
20170124,8,PM2.5,商洛,85.0
20170124,8,PM2.5_24h,商洛,66.0
20170124,8,PM10,商洛,96.0
20170124,8,PM10_24h,商洛,91.0
20170124,8,SO2,商洛,10.0
20170124,8,SO2_24h,商洛,15.0
20170124,8,NO2,商洛,35.0
20170124,8,NO2_24h,商洛,33.0
20170124,8,O3,商洛,30.0
20170124,8,O3_24h,商洛,113.0
20170124,8,O3_8h,商洛,45.0
20170124,8,O3_8h_24h,商洛,83.0
20170124,8,CO,商洛,0.85
20170124,8,CO_24h,商洛,0.75
20170124,9,AQI,商洛,113.0
20170124,9,PM2.5,商洛,85.0
20170124,9,PM2.5_24h,商洛,68.0
20170124,9,PM10,商洛,98.0
20170124,9,PM10_24h,商洛,93.0
20170124,9,SO2,商洛,10.0
20170124,9,SO2_24h,商洛,15.0
20170124,9,NO2,商洛,38.0
20170124,9,NO2_24h,商洛,34.0
20170124,9,O3,商洛,27.0
20170124,9,O3_24h,商洛,113.0
20170124,9,O3_8h,商洛,38.0
20170124,9,O3_8h_24h,商洛,83.0
20170124,9,CO,商洛,0.9
20170124,9,CO_24h,商洛,0.75
20170124,10,AQI,商洛,115.0
20170124,10,PM2.5,商洛,87.0
20170124,10,PM2.5_24h,商洛,70.0
20170124,10,PM10,商洛,102.0
20170124,10,PM10_24h,商洛,95.0
20170124,10,SO2,商洛,9.0
20170124,10,SO2_24h,商洛,15.0
20170124,10,NO2,商洛,38.0
20170124,10,NO2_24h,商洛,34.0
20170124,10,O3,商洛,31.0
20170124,10,O3_24h,商洛,113.0
20170124,10,O3_8h,商洛,35.0
20170124,10,O3_8h_24h,商洛,83.0
20170124,10,CO,商洛,0.95
20170124,10,CO_24h,商洛,0.75
20170124,11,AQI,商洛,123.0
20170124,11,PM2.5,商洛,93.0
20170124,11,PM2.5_24h,商洛,72.0
20170124,11,PM10,商洛,107.0
20170124,11,PM10_24h,商洛,97.0
20170124,11,SO2,商洛,10.0
20170124,11,SO2_24h,商洛,15.0
20170124,11,NO2,商洛,40.0
20170124,11,NO2_24h,商洛,35.0
20170124,11,O3,商洛,32.0
20170124,11,O3_24h,商洛,113.0
20170124,11,O3_8h,商洛,34.0
20170124,11,O3_8h_24h,商洛,83.0
20170124,11,CO,商洛,1.05
20170124,11,CO_24h,商洛,0.8
20170124,12,AQI,商洛,129.0
20170124,12,PM2.5,商洛,98.0
20170124,12,PM2.5_24h,商洛,75.0
20170124,12,PM10,商洛,115.0
20170124,12,PM10_24h,商洛,99.0
20170124,12,SO2,商洛,13.0
20170124,12,SO2_24h,商洛,15.0
20170124,12,NO2,商洛,37.0
20170124,12,NO2_24h,商洛,35.0
20170124,12,O3,商洛,50.0
20170124,12,O3_24h,商洛,113.0
20170124,12,O3_8h,商洛,35.0
20170124,12,O3_8h_24h,商洛,83.0
20170124,12,CO,商洛,1.05
20170124,12,CO_24h,商洛,0.85
20170124,13,AQI,商洛,128.0
20170124,13,PM2.5,商洛,97.0
20170124,13,PM2.5_24h,商洛,76.0
20170124,13,PM10,商洛,121.0
20170124,13,PM10_24h,商洛,101.0
20170124,13,SO2,商洛,17.0
20170124,13,SO2_24h,商洛,14.0
20170124,13,NO2,商洛,37.0
20170124,13,NO2_24h,商洛,35.0
20170124,13,O3,商洛,64.0
20170124,13,O3_24h,商洛,113.0
20170124,13,O3_8h,商洛,38.0
20170124,13,O3_8h_24h,商洛,83.0
20170124,13,CO,商洛,1.05
20170124,13,CO_24h,商洛,0.85
20170124,14,AQI,商洛,136.0
20170124,14,PM2.5,商洛,104.0
20170124,14,PM2.5_24h,商洛,78.0
20170124,14,PM10,商洛,130.0
20170124,14,PM10_24h,商洛,102.0
20170124,14,SO2,商洛,20.0
20170124,14,SO2_24h,商洛,14.0
20170124,14,NO2,商洛,39.0
20170124,14,NO2_24h,商洛,36.0
20170124,14,O3,商洛,82.0
20170124,14,O3_24h,商洛,107.0
20170124,14,O3_8h,商洛,44.0
20170124,14,O3_8h_24h,商洛,83.0
20170124,14,CO,商洛,1.15
20170124,14,CO_24h,商洛,0.85
20170124,15,AQI,商洛,130.0
20170124,15,PM2.5,商洛,99.0
20170124,15,PM2.5_24h,商洛,80.0
20170124,15,PM10,商洛,150.0
20170124,15,PM10_24h,商洛,104.0
20170124,15,SO2,商洛,39.0
20170124,15,SO2_24h,商洛,15.0
20170124,15,NO2,商洛,35.0
20170124,15,NO2_24h,商洛,36.0
20170124,15,O3,商洛,109.0
20170124,15,O3_24h,商洛,110.0
20170124,15,O3_8h,商洛,53.0
20170124,15,O3_8h_24h,商洛,83.0
20170124,15,CO,商洛,1.0
20170124,15,CO_24h,商洛,0.85
20170124,16,AQI,商洛,116.0
20170124,16,PM2.5,商洛,88.0
20170124,16,PM2.5_24h,商洛,82.0
20170124,16,PM10,商洛,135.0
20170124,16,PM10_24h,商洛,107.0
20170124,16,SO2,商洛,25.0
20170124,16,SO2_24h,商洛,15.0
20170124,16,NO2,商洛,32.0
20170124,16,NO2_24h,商洛,36.0
20170124,16,O3,商洛,112.0
20170124,16,O3_24h,商洛,113.0
20170124,16,O3_8h,商洛,64.0
20170124,16,O3_8h_24h,商洛,83.0
20170124,16,CO,商洛,0.85
20170124,16,CO_24h,商洛,0.9
20170124,17,AQI,商洛,115.0
20170124,17,PM2.5,商洛,87.0
20170124,17,PM2.5_24h,商洛,84.0
20170124,17,PM10,商洛,113.0
20170124,17,PM10_24h,商洛,108.0
20170124,17,SO2,商洛,19.0
20170124,17,SO2_24h,商洛,15.0
20170124,17,NO2,商洛,32.0
20170124,17,NO2_24h,商洛,36.0
20170124,17,O3,商洛,109.0
20170124,17,O3_24h,商洛,113.0
20170124,17,O3_8h,商洛,74.0
20170124,17,O3_8h_24h,商洛,87.0
20170124,17,CO,商洛,0.85
20170124,17,CO_24h,商洛,0.9
20170124,18,AQI,商洛,118.0
20170124,18,PM2.5,商洛,89.0
20170124,18,PM2.5_24h,商洛,85.0
20170124,18,PM10,商洛,113.0
20170124,18,PM10_24h,商洛,109.0
20170124,18,SO2,商洛,19.0
20170124,18,SO2_24h,商洛,15.0
20170124,18,NO2,商洛,38.0
20170124,18,NO2_24h,商洛,36.0
20170124,18,O3,商洛,99.0
20170124,18,O3_24h,商洛,113.0
20170124,18,O3_8h,商洛,82.0
20170124,18,O3_8h_24h,商洛,91.0
20170124,18,CO,商洛,1.1
20170124,18,CO_24h,商洛,0.9
20170124,19,AQI,商洛,124.0
20170124,19,PM2.5,商洛,94.0
20170124,19,PM2.5_24h,商洛,87.0
20170124,19,PM10,商洛,121.0
20170124,19,PM10_24h,商洛,111.0
20170124,19,SO2,商洛,21.0
20170124,19,SO2_24h,商洛,16.0
20170124,19,NO2,商洛,52.0
20170124,19,NO2_24h,商洛,36.0
20170124,19,O3,商洛,80.0
20170124,19,O3_24h,商洛,113.0
20170124,19,O3_8h,商洛,88.0
20170124,19,O3_8h_24h,商洛,93.0
20170124,19,CO,商洛,1.15
20170124,19,CO_24h,商洛,0.9
20170124,20,AQI,商洛,128.0
20170124,20,PM2.5,商洛,97.0
20170124,20,PM2.5_24h,商洛,88.0
20170124,20,PM10,商洛,125.0
20170124,20,PM10_24h,商洛,113.0
20170124,20,SO2,商洛,20.0
20170124,20,SO2_24h,商洛,16.0
20170124,20,NO2,商洛,49.0
20170124,20,NO2_24h,商洛,36.0
20170124,20,O3,商洛,77.0
20170124,20,O3_24h,商洛,113.0
20170124,20,O3_8h,商洛,92.0
20170124,20,O3_8h_24h,商洛,94.0
20170124,20,CO,商洛,1.15
20170124,20,CO_24h,商洛,0.95
20170124,21,AQI,商洛,129.0
20170124,21,PM2.5,商洛,98.0
20170124,21,PM2.5_24h,商洛,89.0
20170124,21,PM10,商洛,125.0
20170124,21,PM10_24h,商洛,114.0
20170124,21,SO2,商洛,18.0
20170124,21,SO2_24h,商洛,16.0
20170124,21,NO2,商洛,41.0
20170124,21,NO2_24h,商洛,36.0
20170124,21,O3,商洛,86.0
20170124,21,O3_24h,商洛,113.0
20170124,21,O3_8h,商洛,94.0
20170124,21,O3_8h_24h,商洛,94.0
20170124,21,CO,商洛,1.1
20170124,21,CO_24h,商洛,0.95
20170124,22,AQI,商洛,130.0
20170124,22,PM2.5,商洛,99.0
20170124,22,PM2.5_24h,商洛,90.0
20170124,22,PM10,商洛,120.0
20170124,22,PM10_24h,商洛,115.0
20170124,22,SO2,商洛,18.0
20170124,22,SO2_24h,商洛,16.0
20170124,22,NO2,商洛,43.0
20170124,22,NO2_24h,商洛,36.0
20170124,22,O3,商洛,92.0
20170124,22,O3_24h,商洛,113.0
20170124,22,O3_8h,商洛,95.0
20170124,22,O3_8h_24h,商洛,95.0
20170124,22,CO,商洛,1.05
20170124,22,CO_24h,商洛,0.95
20170124,23,AQI,商洛,129.0
20170124,23,PM2.5,商洛,98.0
20170124,23,PM2.5_24h,商洛,90.0
20170124,23,PM10,商洛,112.0
20170124,23,PM10_24h,商洛,115.0
20170124,23,SO2,商洛,18.0
20170124,23,SO2_24h,商洛,16.0
20170124,23,NO2,商洛,40.0
20170124,23,NO2_24h,商洛,37.0
20170124,23,O3,商洛,94.0
20170124,23,O3_24h,商洛,113.0
20170124,23,O3_8h,商洛,94.0
20170124,23,O3_8h_24h,商洛,95.0
20170124,23,CO,商洛,1.0
20170124,23,CO_24h,商洛,0.95
20170124,0,AQI,白银,89.0
20170124,0,PM2.5,白银,63.0
20170124,0,PM2.5_24h,白银,71.0
20170124,0,PM10,白银,128.0
20170124,0,PM10_24h,白银,131.0
20170124,0,SO2,白银,85.0
20170124,0,SO2_24h,白银,137.0
20170124,0,NO2,白银,43.0
20170124,0,NO2_24h,白银,54.0
20170124,0,O3,白银,42.0
20170124,0,O3_24h,白银,92.0
20170124,0,O3_8h,白银,46.0
20170124,0,O3_8h_24h,白银,78.0
20170124,0,CO,白银,1.05
20170124,0,CO_24h,白银,1.25
20170124,1,AQI,白银,124.0
20170124,1,PM2.5,白银,94.0
20170124,1,PM2.5_24h,白银,72.0
20170124,1,PM10,白银,95.0
20170124,1,PM10_24h,白银,130.0
20170124,1,SO2,白银,82.0
20170124,1,SO2_24h,白银,136.0
20170124,1,NO2,白银,55.0
20170124,1,NO2_24h,白银,55.0
20170124,1,O3,白银,28.0
20170124,1,O3_24h,白银,92.0
20170124,1,O3_8h,白银,28.0
20170124,1,O3_8h_24h,白银,28.0
20170124,1,CO,白银,1.25
20170124,1,CO_24h,白银,1.25
20170124,2,AQI,白银,81.0
20170124,2,PM2.5,白银,51.0
20170124,2,PM2.5_24h,白银,72.0
20170124,2,PM10,白银,111.0
20170124,2,PM10_24h,白银,130.0
20170124,2,SO2,白银,63.0
20170124,2,SO2_24h,白银,133.0
20170124,2,NO2,白银,39.0
20170124,2,NO2_24h,白银,55.0
20170124,2,O3,白银,38.0
20170124,2,O3_24h,白银,92.0
20170124,2,O3_8h,白银,33.0
20170124,2,O3_8h_24h,白银,33.0
20170124,2,CO,白银,0.9
20170124,2,CO_24h,白银,1.25
20170124,3,AQI,白银,69.0
20170124,3,PM2.5,白银,43.0
20170124,3,PM2.5_24h,白银,71.0
20170124,3,PM10,白银,87.0
20170124,3,PM10_24h,白银,128.0
20170124,3,SO2,白银,75.0
20170124,3,SO2_24h,白银,130.0
20170124,3,NO2,白银,34.0
20170124,3,NO2_24h,白银,54.0
20170124,3,O3,白银,44.0
20170124,3,O3_24h,白银,92.0
20170124,3,O3_8h,白银,37.0
20170124,3,O3_8h_24h,白银,38.0
20170124,3,CO,白银,0.75
20170124,3,CO_24h,白银,1.25
20170124,4,AQI,白银,65.0
20170124,4,PM2.5,白银,39.0
20170124,4,PM2.5_24h,白银,70.0
20170124,4,PM10,白银,80.0
20170124,4,PM10_24h,白银,126.0
20170124,4,SO2,白银,68.0
20170124,4,SO2_24h,白银,128.0
20170124,4,NO2,白银,38.0
20170124,4,NO2_24h,白银,54.0
20170124,4,O3,白银,34.0
20170124,4,O3_24h,白银,92.0
20170124,4,O3_8h,白银,36.0
20170124,4,O3_8h_24h,白银,38.0
20170124,4,CO,白银,0.75
20170124,4,CO_24h,白银,1.2
20170124,5,AQI,白银,62.0
20170124,5,PM2.5,白银,39.0
20170124,5,PM2.5_24h,白银,69.0
20170124,5,PM10,白银,74.0
20170124,5,PM10_24h,白银,124.0
20170124,5,SO2,白银,113.0
20170124,5,SO2_24h,白银,124.0
20170124,5,NO2,白银,34.0
20170124,5,NO2_24h,白银,54.0
20170124,5,O3,白银,39.0
20170124,5,O3_24h,白银,92.0
20170124,5,O3_8h,白银,37.0
20170124,5,O3_8h_24h,白银,38.0
20170124,5,CO,白银,0.7
20170124,5,CO_24h,白银,1.2
20170124,6,AQI,白银,64.0
20170124,6,PM2.5,白银,45.0
20170124,6,PM2.5_24h,白银,68.0
20170124,6,PM10,白银,77.0
20170124,6,PM10_24h,白银,121.0
20170124,6,SO2,白银,141.0
20170124,6,SO2_24h,白银,120.0
20170124,6,NO2,白银,35.0
20170124,6,NO2_24h,白银,54.0
20170124,6,O3,白银,39.0
20170124,6,O3_24h,白银,92.0
20170124,6,O3_8h,白银,37.0
20170124,6,O3_8h_24h,白银,39.0
20170124,6,CO,白银,0.85
20170124,6,CO_24h,白银,1.2
20170124,7,AQI,白银,65.0
20170124,7,PM2.5,白银,47.0
20170124,7,PM2.5_24h,白银,66.0
20170124,7,PM10,白银,76.0
20170124,7,PM10_24h,白银,118.0
20170124,7,SO2,白银,101.0
20170124,7,SO2_24h,白银,113.0
20170124,7,NO2,白银,39.0
20170124,7,NO2_24h,白银,53.0
20170124,7,O3,白银,33.0
20170124,7,O3_24h,白银,90.0
20170124,7,O3_8h,白银,37.0
20170124,7,O3_8h_24h,白银,39.0
20170124,7,CO,白银,0.95
20170124,7,CO_24h,白银,1.2
20170124,8,AQI,白银,90.0
20170124,8,PM2.5,白银,67.0
20170124,8,PM2.5_24h,白银,65.0
20170124,8,PM10,白银,89.0
20170124,8,PM10_24h,白银,114.0
20170124,8,SO2,白银,139.0
20170124,8,SO2_24h,白银,108.0
20170124,8,NO2,白银,54.0
20170124,8,NO2_24h,白银,53.0
20170124,8,O3,白银,22.0
20170124,8,O3_24h,白银,90.0
20170124,8,O3_8h,白银,35.0
20170124,8,O3_8h_24h,白银,39.0
20170124,8,CO,白银,1.35
20170124,8,CO_24h,白银,1.15
20170124,9,AQI,白银,91.0
20170124,9,PM2.5,白银,68.0
20170124,9,PM2.5_24h,白银,64.0
20170124,9,PM10,白银,116.0
20170124,9,PM10_24h,白银,112.0
20170124,9,SO2,白银,121.0
20170124,9,SO2_24h,白银,104.0
20170124,9,NO2,白银,57.0
20170124,9,NO2_24h,白银,53.0
20170124,9,O3,白银,14.0
20170124,9,O3_24h,白银,90.0
20170124,9,O3_8h,白银,33.0
20170124,9,O3_8h_24h,白银,39.0
20170124,9,CO,白银,1.6
20170124,9,CO_24h,白银,1.15
20170124,10,AQI,白银,104.0
20170124,10,PM2.5,白银,78.0
20170124,10,PM2.5_24h,白银,64.0
20170124,10,PM10,白银,113.0
20170124,10,PM10_24h,白银,110.0
20170124,10,SO2,白银,78.0
20170124,10,SO2_24h,白银,102.0
20170124,10,NO2,白银,60.0
20170124,10,NO2_24h,白银,53.0
20170124,10,O3,白银,18.0
20170124,10,O3_24h,白银,90.0
20170124,10,O3_8h,白银,31.0
20170124,10,O3_8h_24h,白银,39.0
20170124,10,CO,白银,1.6
20170124,10,CO_24h,白银,1.15
20170124,11,AQI,白银,166.0
20170124,11,PM2.5,白银,126.0
20170124,11,PM2.5_24h,白银,66.0
20170124,11,PM10,白银,106.0
20170124,11,PM10_24h,白银,109.0
20170124,11,SO2,白银,183.0
20170124,11,SO2_24h,白银,106.0
20170124,11,NO2,白银,83.0
20170124,11,NO2_24h,白银,54.0
20170124,11,O3,白银,30.0
20170124,11,O3_24h,白银,90.0
20170124,11,O3_8h,白银,29.0
20170124,11,O3_8h_24h,白银,39.0
20170124,11,CO,白银,2.35
20170124,11,CO_24h,白银,1.2
20170124,12,AQI,白银,141.0
20170124,12,PM2.5,白银,108.0
20170124,12,PM2.5_24h,白银,68.0
20170124,12,PM10,白银,210.0
20170124,12,PM10_24h,白银,114.0
20170124,12,SO2,白银,261.0
20170124,12,SO2_24h,白银,115.0
20170124,12,NO2,白银,77.0
20170124,12,NO2_24h,白银,55.0
20170124,12,O3,白银,43.0
20170124,12,O3_24h,白银,90.0
20170124,12,O3_8h,白银,30.0
20170124,12,O3_8h_24h,白银,39.0
20170124,12,CO,白银,2.25
20170124,12,CO_24h,白银,1.25
20170124,13,AQI,白银,115.0
20170124,13,PM2.5,白银,83.0
20170124,13,PM2.5_24h,白银,70.0
20170124,13,PM10,白银,180.0
20170124,13,PM10_24h,白银,118.0
20170124,13,SO2,白银,140.0
20170124,13,SO2_24h,白银,118.0
20170124,13,NO2,白银,71.0
20170124,13,NO2_24h,白银,57.0
20170124,13,O3,白银,52.0
20170124,13,O3_24h,白银,90.0
20170124,13,O3_8h,白银,31.0
20170124,13,O3_8h_24h,白银,39.0
20170124,13,CO,白银,1.8
20170124,13,CO_24h,白银,1.25
20170124,14,AQI,白银,96.0
20170124,14,PM2.5,白银,72.0
20170124,14,PM2.5_24h,白银,70.0
20170124,14,PM10,白银,117.0
20170124,14,PM10_24h,白银,119.0
20170124,14,SO2,白银,99.0
20170124,14,SO2_24h,白银,118.0
20170124,14,NO2,白银,51.0
20170124,14,NO2_24h,白银,56.0
20170124,14,O3,白银,76.0
20170124,14,O3_24h,白银,90.0
20170124,14,O3_8h,白银,36.0
20170124,14,O3_8h_24h,白银,39.0
20170124,14,CO,白银,1.45
20170124,14,CO_24h,白银,1.3
20170124,15,AQI,白银,91.0
20170124,15,PM2.5,白银,68.0
20170124,15,PM2.5_24h,白银,70.0
20170124,15,PM10,白银,93.0
20170124,15,PM10_24h,白银,118.0
20170124,15,SO2,白银,63.0
20170124,15,SO2_24h,白银,115.0
20170124,15,NO2,白银,44.0
20170124,15,NO2_24h,白银,56.0
20170124,15,O3,白银,93.0
20170124,15,O3_24h,白银,94.0
20170124,15,O3_8h,白银,43.0
20170124,15,O3_8h_24h,白银,43.0
20170124,15,CO,白银,1.25
20170124,15,CO_24h,白银,1.25
20170124,16,AQI,白银,86.0
20170124,16,PM2.5,白银,64.0
20170124,16,PM2.5_24h,白银,71.0
20170124,16,PM10,白银,86.0
20170124,16,PM10_24h,白银,117.0
20170124,16,SO2,白银,47.0
20170124,16,SO2_24h,白银,107.0
20170124,16,NO2,白银,38.0
20170124,16,NO2_24h,白银,55.0
20170124,16,O3,白银,103.0
20170124,16,O3_24h,白银,103.0
20170124,16,O3_8h,白银,54.0
20170124,16,O3_8h_24h,白银,54.0
20170124,16,CO,白银,1.1
20170124,16,CO_24h,白银,1.25
20170124,17,AQI,白银,89.0
20170124,17,PM2.5,白银,66.0
20170124,17,PM2.5_24h,白银,71.0
20170124,17,PM10,白银,94.0
20170124,17,PM10_24h,白银,117.0
20170124,17,SO2,白银,58.0
20170124,17,SO2_24h,白银,102.0
20170124,17,NO2,白银,51.0
20170124,17,NO2_24h,白银,55.0
20170124,17,O3,白银,93.0
20170124,17,O3_24h,白银,103.0
20170124,17,O3_8h,白银,64.0
20170124,17,O3_8h_24h,白银,64.0
20170124,17,CO,白银,1.15
20170124,17,CO_24h,白银,1.25
20170124,18,AQI,白银,101.0
20170124,18,PM2.5,白银,76.0
20170124,18,PM2.5_24h,白银,72.0
20170124,18,PM10,白银,114.0
20170124,18,PM10_24h,白银,118.0
20170124,18,SO2,白银,135.0
20170124,18,SO2_24h,白银,104.0
20170124,18,NO2,白银,68.0
20170124,18,NO2_24h,白银,56.0
20170124,18,O3,白银,79.0
20170124,18,O3_24h,白银,103.0
20170124,18,O3_8h,白银,71.0
20170124,18,O3_8h_24h,白银,71.0
20170124,18,CO,白银,1.35
20170124,18,CO_24h,白银,1.3
20170124,19,AQI,白银,115.0
20170124,19,PM2.5,白银,87.0
20170124,19,PM2.5_24h,白银,72.0
20170124,19,PM10,白银,129.0
20170124,19,PM10_24h,白银,118.0
20170124,19,SO2,白银,95.0
20170124,19,SO2_24h,白银,106.0
20170124,19,NO2,白银,75.0
20170124,19,NO2_24h,白银,56.0
20170124,19,O3,白银,64.0
20170124,19,O3_24h,白银,103.0
20170124,19,O3_8h,白银,76.0
20170124,19,O3_8h_24h,白银,76.0
20170124,19,CO,白银,1.5
20170124,19,CO_24h,白银,1.35
20170124,20,AQI,白银,161.0
20170124,20,PM2.5,白银,123.0
20170124,20,PM2.5_24h,白银,74.0
20170124,20,PM10,白银,161.0
20170124,20,PM10_24h,白银,119.0
20170124,20,SO2,白银,307.0
20170124,20,SO2_24h,白银,116.0
20170124,20,NO2,白银,83.0
20170124,20,NO2_24h,白银,56.0
20170124,20,O3,白银,43.0
20170124,20,O3_24h,白银,103.0
20170124,20,O3_8h,白银,75.0
20170124,20,O3_8h_24h,白银,76.0
20170124,20,CO,白银,1.7
20170124,20,CO_24h,白银,1.35
20170124,21,AQI,白银,146.0
20170124,21,PM2.5,白银,112.0
20170124,21,PM2.5_24h,白银,75.0
20170124,21,PM10,白银,194.0
20170124,21,PM10_24h,白银,121.0
20170124,21,SO2,白银,187.0
20170124,21,SO2_24h,白银,120.0
20170124,21,NO2,白银,93.0
20170124,21,NO2_24h,白银,56.0
20170124,21,O3,白银,13.0
20170124,21,O3_24h,白银,103.0
20170124,21,O3_8h,白银,71.0
20170124,21,O3_8h_24h,白银,76.0
20170124,21,CO,白银,1.75
20170124,21,CO_24h,白银,1.35
20170124,22,AQI,白银,135.0
20170124,22,PM2.5,白银,103.0
20170124,22,PM2.5_24h,白银,75.0
20170124,22,PM10,白银,183.0
20170124,22,PM10_24h,白银,121.0
20170124,22,SO2,白银,195.0
20170124,22,SO2_24h,白银,123.0
20170124,22,NO2,白银,71.0
20170124,22,NO2_24h,白银,57.0
20170124,22,O3,白银,26.0
20170124,22,O3_24h,白银,103.0
20170124,22,O3_8h,白银,64.0
20170124,22,O3_8h_24h,白银,76.0
20170124,22,CO,白银,1.55
20170124,22,CO_24h,白银,1.35
20170124,23,AQI,白银,133.0
20170124,23,PM2.5,白银,101.0
20170124,23,PM2.5_24h,白银,76.0
20170124,23,PM10,白银,164.0
20170124,23,PM10_24h,白银,121.0
20170124,23,SO2,白银,178.0
20170124,23,SO2_24h,白银,126.0
20170124,23,NO2,白银,60.0
20170124,23,NO2_24h,白银,56.0
20170124,23,O3,白银,32.0
20170124,23,O3_24h,白银,103.0
20170124,23,O3_8h,白银,56.0
20170124,23,O3_8h_24h,白银,76.0
20170124,23,CO,白银,1.6
20170124,23,CO_24h,白银,1.35
20170124,0,AQI,天水,156.0
20170124,0,PM2.5,天水,119.0
20170124,0,PM2.5_24h,天水,94.0
20170124,0,PM10,天水,190.0
20170124,0,PM10_24h,天水,157.0
20170124,0,SO2,天水,68.0
20170124,0,SO2_24h,天水,69.0
20170124,0,NO2,天水,76.0
20170124,0,NO2_24h,天水,58.0
20170124,0,O3,天水,12.0
20170124,0,O3_24h,天水,92.0
20170124,0,O3_8h,天水,56.0
20170124,0,O3_8h_24h,天水,79.0
20170124,0,CO,天水,2.15
20170124,0,CO_24h,天水,1.8
20170124,1,AQI,天水,156.0
20170124,1,PM2.5,天水,119.0
20170124,1,PM2.5_24h,天水,93.0
20170124,1,PM10,天水,174.0
20170124,1,PM10_24h,天水,155.0
20170124,1,SO2,天水,48.0
20170124,1,SO2_24h,天水,69.0
20170124,1,NO2,天水,73.0
20170124,1,NO2_24h,天水,58.0
20170124,1,O3,天水,11.0
20170124,1,O3_24h,天水,92.0
20170124,1,O3_8h,天水,11.0
20170124,1,O3_8h_24h,天水,11.0
20170124,1,CO,天水,2.75
20170124,1,CO_24h,天水,1.85
20170124,2,AQI,天水,173.0
20170124,2,PM2.5,天水,131.0
20170124,2,PM2.5_24h,天水,94.0
20170124,2,PM10,天水,193.0
20170124,2,PM10_24h,天水,155.0
20170124,2,SO2,天水,45.0
20170124,2,SO2_24h,天水,68.0
20170124,2,NO2,天水,68.0
20170124,2,NO2_24h,天水,58.0
20170124,2,O3,天水,12.0
20170124,2,O3_24h,天水,92.0
20170124,2,O3_8h,天水,12.0
20170124,2,O3_8h_24h,天水,12.0
20170124,2,CO,天水,2.3
20170124,2,CO_24h,天水,1.85
20170124,3,AQI,天水,145.0
20170124,3,PM2.5,天水,111.0
20170124,3,PM2.5_24h,天水,94.0
20170124,3,PM10,天水,154.0
20170124,3,PM10_24h,天水,154.0
20170124,3,SO2,天水,33.0
20170124,3,SO2_24h,天水,68.0
20170124,3,NO2,天水,59.0
20170124,3,NO2_24h,天水,58.0
20170124,3,O3,天水,12.0
20170124,3,O3_24h,天水,92.0
20170124,3,O3_8h,天水,12.0
20170124,3,O3_8h_24h,天水,12.0
20170124,3,CO,天水,2.65
20170124,3,CO_24h,天水,1.9
20170124,4,AQI,天水,159.0
20170124,4,PM2.5,天水,121.0
20170124,4,PM2.5_24h,天水,95.0
20170124,4,PM10,天水,162.0
20170124,4,PM10_24h,天水,154.0
20170124,4,SO2,天水,24.0
20170124,4,SO2_24h,天水,67.0
20170124,4,NO2,天水,50.0
20170124,4,NO2_24h,天水,58.0
20170124,4,O3,天水,15.0
20170124,4,O3_24h,天水,92.0
20170124,4,O3_8h,天水,13.0
20170124,4,O3_8h_24h,天水,13.0
20170124,4,CO,天水,2.2
20170124,4,CO_24h,天水,1.9
20170124,5,AQI,天水,133.0
20170124,5,PM2.5,天水,101.0
20170124,5,PM2.5_24h,天水,95.0
20170124,5,PM10,天水,143.0
20170124,5,PM10_24h,天水,154.0
20170124,5,SO2,天水,26.0
20170124,5,SO2_24h,天水,67.0
20170124,5,NO2,天水,48.0
20170124,5,NO2_24h,天水,57.0
20170124,5,O3,天水,17.0
20170124,5,O3_24h,天水,92.0
20170124,5,O3_8h,天水,13.0
20170124,5,O3_8h_24h,天水,13.0
20170124,5,CO,天水,1.95
20170124,5,CO_24h,天水,1.9
20170124,6,AQI,天水,123.0
20170124,6,PM2.5,天水,93.0
20170124,6,PM2.5_24h,天水,95.0
20170124,6,PM10,天水,140.0
20170124,6,PM10_24h,天水,154.0
20170124,6,SO2,天水,25.0
20170124,6,SO2_24h,天水,66.0
20170124,6,NO2,天水,41.0
20170124,6,NO2_24h,天水,57.0
20170124,6,O3,天水,19.0
20170124,6,O3_24h,天水,92.0
20170124,6,O3_8h,天水,14.0
20170124,6,O3_8h_24h,天水,14.0
20170124,6,CO,天水,1.7
20170124,6,CO_24h,天水,1.85
20170124,7,AQI,天水,119.0
20170124,7,PM2.5,天水,90.0
20170124,7,PM2.5_24h,天水,96.0
20170124,7,PM10,天水,138.0
20170124,7,PM10_24h,天水,154.0
20170124,7,SO2,天水,46.0
20170124,7,SO2_24h,天水,66.0
20170124,7,NO2,天水,55.0
20170124,7,NO2_24h,天水,57.0
20170124,7,O3,天水,11.0
20170124,7,O3_24h,天水,92.0
20170124,7,O3_8h,天水,14.0
20170124,7,O3_8h_24h,天水,14.0
20170124,7,CO,天水,2.0
20170124,7,CO_24h,天水,1.85
20170124,8,AQI,天水,138.0
20170124,8,PM2.5,天水,105.0
20170124,8,PM2.5_24h,天水,96.0
20170124,8,PM10,天水,158.0
20170124,8,PM10_24h,天水,154.0
20170124,8,SO2,天水,73.0
20170124,8,SO2_24h,天水,65.0
20170124,8,NO2,天水,56.0
20170124,8,NO2_24h,天水,57.0
20170124,8,O3,天水,11.0
20170124,8,O3_24h,天水,92.0
20170124,8,O3_8h,天水,13.0
20170124,8,O3_8h_24h,天水,14.0
20170124,8,CO,天水,2.15
20170124,8,CO_24h,天水,1.85
20170124,9,AQI,天水,136.0
20170124,9,PM2.5,天水,104.0
20170124,9,PM2.5_24h,天水,96.0
20170124,9,PM10,天水,161.0
20170124,9,PM10_24h,天水,154.0
20170124,9,SO2,天水,71.0
20170124,9,SO2_24h,天水,65.0
20170124,9,NO2,天水,56.0
20170124,9,NO2_24h,天水,57.0
20170124,9,O3,天水,13.0
20170124,9,O3_24h,天水,92.0
20170124,9,O3_8h,天水,14.0
20170124,9,O3_8h_24h,天水,14.0
20170124,9,CO,天水,3.4
20170124,9,CO_24h,天水,1.9
20170124,10,AQI,天水,145.0
20170124,10,PM2.5,天水,111.0
20170124,10,PM2.5_24h,天水,97.0
20170124,10,PM10,天水,168.0
20170124,10,PM10_24h,天水,154.0
20170124,10,SO2,天水,92.0
20170124,10,SO2_24h,天水,65.0
20170124,10,NO2,天水,57.0
20170124,10,NO2_24h,天水,57.0
20170124,10,O3,天水,15.0
20170124,10,O3_24h,天水,92.0
20170124,10,O3_8h,天水,14.0
20170124,10,O3_8h_24h,天水,14.0
20170124,10,CO,天水,3.25
20170124,10,CO_24h,天水,1.95
20170124,11,AQI,天水,169.0
20170124,11,PM2.5,天水,128.0
20170124,11,PM2.5_24h,天水,98.0
20170124,11,PM10,天水,186.0
20170124,11,PM10_24h,天水,154.0
20170124,11,SO2,天水,151.0
20170124,11,SO2_24h,天水,63.0
20170124,11,NO2,天水,63.0
20170124,11,NO2_24h,天水,57.0
20170124,11,O3,天水,20.0
20170124,11,O3_24h,天水,92.0
20170124,11,O3_8h,天水,15.0
20170124,11,O3_8h_24h,天水,15.0
20170124,11,CO,天水,2.2
20170124,11,CO_24h,天水,1.95
20170124,12,AQI,天水,141.0
20170124,12,PM2.5,天水,108.0
20170124,12,PM2.5_24h,天水,97.0
20170124,12,PM10,天水,178.0
20170124,12,PM10_24h,天水,152.0
20170124,12,SO2,天水,150.0
20170124,12,SO2_24h,天水,62.0
20170124,12,NO2,天水,76.0
20170124,12,NO2_24h,天水,56.0
20170124,12,O3,天水,26.0
20170124,12,O3_24h,天水,92.0
20170124,12,O3_8h,天水,16.0
20170124,12,O3_8h_24h,天水,16.0
20170124,12,CO,天水,1.9
20170124,12,CO_24h,天水,1.95
20170124,13,AQI,天水,143.0
20170124,13,PM2.5,天水,109.0
20170124,13,PM2.5_24h,天水,95.0
20170124,13,PM10,天水,174.0
20170124,13,PM10_24h,天水,150.0
20170124,13,SO2,天水,97.0
20170124,13,SO2_24h,天水,60.0
20170124,13,NO2,天水,74.0
20170124,13,NO2_24h,天水,55.0
20170124,13,O3,天水,44.0
20170124,13,O3_24h,天水,92.0
20170124,13,O3_8h,天水,20.0
20170124,13,O3_8h_24h,天水,20.0
20170124,13,CO,天水,1.7
20170124,13,CO_24h,天水,1.95
20170124,14,AQI,天水,133.0
20170124,14,PM2.5,天水,101.0
20170124,14,PM2.5_24h,天水,95.0
20170124,14,PM10,天水,165.0
20170124,14,PM10_24h,天水,149.0
20170124,14,SO2,天水,59.0
20170124,14,SO2_24h,天水,58.0
20170124,14,NO2,天水,53.0
20170124,14,NO2_24h,天水,55.0
20170124,14,O3,天水,70.0
20170124,14,O3_24h,天水,92.0
20170124,14,O3_8h,天水,26.0
20170124,14,O3_8h_24h,天水,26.0
20170124,14,CO,天水,1.45
20170124,14,CO_24h,天水,1.85
20170124,15,AQI,天水,98.0
20170124,15,PM2.5,天水,73.0
20170124,15,PM2.5_24h,天水,95.0
20170124,15,PM10,天水,115.0
20170124,15,PM10_24h,天水,147.0
20170124,15,SO2,天水,36.0
20170124,15,SO2_24h,天水,57.0
20170124,15,NO2,天水,35.0
20170124,15,NO2_24h,天水,54.0
20170124,15,O3,天水,92.0
20170124,15,O3_24h,天水,96.0
20170124,15,O3_8h,天水,37.0
20170124,15,O3_8h_24h,天水,37.0
20170124,15,CO,天水,1.05
20170124,15,CO_24h,天水,1.85
20170124,16,AQI,天水,75.0
20170124,16,PM2.5,天水,55.0
20170124,16,PM2.5_24h,天水,94.0
20170124,16,PM10,天水,95.0
20170124,16,PM10_24h,天水,146.0
20170124,16,SO2,天水,20.0
20170124,16,SO2_24h,天水,56.0
20170124,16,NO2,天水,32.0
20170124,16,NO2_24h,天水,54.0
20170124,16,O3,天水,103.0
20170124,16,O3_24h,天水,103.0
20170124,16,O3_8h,天水,48.0
20170124,16,O3_8h_24h,天水,48.0
20170124,16,CO,天水,1.0
20170124,16,CO_24h,天水,1.85
20170124,17,AQI,天水,84.0
20170124,17,PM2.5,天水,62.0
20170124,17,PM2.5_24h,天水,95.0
20170124,17,PM10,天水,92.0
20170124,17,PM10_24h,天水,146.0
20170124,17,SO2,天水,20.0
20170124,17,SO2_24h,天水,56.0
20170124,17,NO2,天水,32.0
20170124,17,NO2_24h,天水,54.0
20170124,17,O3,天水,107.0
20170124,17,O3_24h,天水,107.0
20170124,17,O3_8h,天水,60.0
20170124,17,O3_8h_24h,天水,60.0
20170124,17,CO,天水,0.55
20170124,17,CO_24h,天水,1.85
20170124,18,AQI,天水,89.0
20170124,18,PM2.5,天水,66.0
20170124,18,PM2.5_24h,天水,96.0
20170124,18,PM10,天水,99.0
20170124,18,PM10_24h,天水,147.0
20170124,18,SO2,天水,41.0
20170124,18,SO2_24h,天水,57.0
20170124,18,NO2,天水,52.0
20170124,18,NO2_24h,天水,56.0
20170124,18,O3,天水,88.0
20170124,18,O3_24h,天水,107.0
20170124,18,O3_8h,天水,69.0
20170124,18,O3_8h_24h,天水,69.0
20170124,18,CO,天水,1.1
20170124,18,CO_24h,天水,1.85
20170124,19,AQI,天水,104.0
20170124,19,PM2.5,天水,78.0
20170124,19,PM2.5_24h,天水,97.0
20170124,19,PM10,天水,123.0
20170124,19,PM10_24h,天水,148.0
20170124,19,SO2,天水,52.0
20170124,19,SO2_24h,天水,58.0
20170124,19,NO2,天水,88.0
20170124,19,NO2_24h,天水,58.0
20170124,19,O3,天水,41.0
20170124,19,O3_24h,天水,107.0
20170124,19,O3_8h,天水,71.0
20170124,19,O3_8h_24h,天水,71.0
20170124,19,CO,天水,1.35
20170124,19,CO_24h,天水,1.9
20170124,20,AQI,天水,134.0
20170124,20,PM2.5,天水,102.0
20170124,20,PM2.5_24h,天水,99.0
20170124,20,PM10,天水,169.0
20170124,20,PM10_24h,天水,151.0
20170124,20,SO2,天水,67.0
20170124,20,SO2_24h,天水,60.0
20170124,20,NO2,天水,77.0
20170124,20,NO2_24h,天水,60.0
20170124,20,O3,天水,39.0
20170124,20,O3_24h,天水,107.0
20170124,20,O3_8h,天水,73.0
20170124,20,O3_8h_24h,天水,74.0
20170124,20,CO,天水,1.45
20170124,20,CO_24h,天水,1.85
20170124,21,AQI,天水,171.0
20170124,21,PM2.5,天水,130.0
20170124,21,PM2.5_24h,天水,101.0
20170124,21,PM10,天水,198.0
20170124,21,PM10_24h,天水,154.0
20170124,21,SO2,天水,65.0
20170124,21,SO2_24h,天水,60.0
20170124,21,NO2,天水,84.0
20170124,21,NO2_24h,天水,60.0
20170124,21,O3,天水,36.0
20170124,21,O3_24h,天水,107.0
20170124,21,O3_8h,天水,72.0
20170124,21,O3_8h_24h,天水,75.0
20170124,21,CO,天水,1.75
20170124,21,CO_24h,天水,1.95
20170124,22,AQI,天水,163.0
20170124,22,PM2.5,天水,124.0
20170124,22,PM2.5_24h,天水,103.0
20170124,22,PM10,天水,201.0
20170124,22,PM10_24h,天水,156.0
20170124,22,SO2,天水,66.0
20170124,22,SO2_24h,天水,60.0
20170124,22,NO2,天水,69.0
20170124,22,NO2_24h,天水,60.0
20170124,22,O3,天水,48.0
20170124,22,O3_24h,天水,107.0
20170124,22,O3_8h,天水,69.0
20170124,22,O3_8h_24h,天水,76.0
20170124,22,CO,天水,1.85
20170124,22,CO_24h,天水,1.95
20170124,23,AQI,天水,173.0
20170124,23,PM2.5,天水,131.0
20170124,23,PM2.5_24h,天水,103.0
20170124,23,PM10,天水,182.0
20170124,23,PM10_24h,天水,157.0
20170124,23,SO2,天水,60.0
20170124,23,SO2_24h,天水,60.0
20170124,23,NO2,天水,67.0
20170124,23,NO2_24h,天水,60.0
20170124,23,O3,天水,42.0
20170124,23,O3_24h,天水,107.0
20170124,23,O3_8h,天水,63.0
20170124,23,O3_8h_24h,天水,76.0
20170124,23,CO,天水,1.75
20170124,23,CO_24h,天水,1.9
20170124,0,AQI,武威,149.0
20170124,0,PM2.5,武威,114.0
20170124,0,PM2.5_24h,武威,66.0
20170124,0,PM10,武威,140.0
20170124,0,PM10_24h,武威,117.0
20170124,0,SO2,武威,41.0
20170124,0,SO2_24h,武威,50.0
20170124,0,NO2,武威,48.0
20170124,0,NO2_24h,武威,55.0
20170124,0,O3,武威,8.0
20170124,0,O3_24h,武威,60.0
20170124,0,O3_8h,武威,19.0
20170124,0,O3_8h_24h,武威,41.0
20170124,0,CO,武威,2.2
20170124,0,CO_24h,武威,2.3
20170124,1,AQI,武威,83.0
20170124,1,PM2.5,武威,55.0
20170124,1,PM2.5_24h,武威,64.0
20170124,1,PM10,武威,116.0
20170124,1,PM10_24h,武威,116.0
20170124,1,SO2,武威,35.0
20170124,1,SO2_24h,武威,49.0
20170124,1,NO2,武威,32.0
20170124,1,NO2_24h,武威,54.0
20170124,1,O3,武威,23.0
20170124,1,O3_24h,武威,60.0
20170124,1,O3_8h,武威,23.0
20170124,1,O3_8h_24h,武威,23.0
20170124,1,CO,武威,1.2
20170124,1,CO_24h,武威,2.2
20170124,2,AQI,武威,64.0
20170124,2,PM2.5,武威,40.0
20170124,2,PM2.5_24h,武威,62.0
20170124,2,PM10,武威,77.0
20170124,2,PM10_24h,武威,114.0
20170124,2,SO2,武威,17.0
20170124,2,SO2_24h,武威,48.0
20170124,2,NO2,武威,20.0
20170124,2,NO2_24h,武威,52.0
20170124,2,O3,武威,33.0
20170124,2,O3_24h,武威,60.0
20170124,2,O3_8h,武威,28.0
20170124,2,O3_8h_24h,武威,28.0
20170124,2,CO,武威,0.9
20170124,2,CO_24h,武威,2.1
20170124,3,AQI,武威,64.0
20170124,3,PM2.5,武威,46.0
20170124,3,PM2.5_24h,武威,62.0
20170124,3,PM10,武威,71.0
20170124,3,PM10_24h,武威,114.0
20170124,3,SO2,武威,26.0
20170124,3,SO2_24h,武威,49.0
20170124,3,NO2,武威,46.0
20170124,3,NO2_24h,武威,53.0
20170124,3,O3,武威,10.0
20170124,3,O3_24h,武威,60.0
20170124,3,O3_8h,武威,22.0
20170124,3,O3_8h_24h,武威,28.0
20170124,3,CO,武威,1.5
20170124,3,CO_24h,武威,2.1
20170124,4,AQI,武威,63.0
20170124,4,PM2.5,武威,39.0
20170124,4,PM2.5_24h,武威,63.0
20170124,4,PM10,武威,75.0
20170124,4,PM10_24h,武威,115.0
20170124,4,SO2,武威,23.0
20170124,4,SO2_24h,武威,49.0
20170124,4,NO2,武威,54.0
20170124,4,NO2_24h,武威,54.0
20170124,4,O3,武威,2.0
20170124,4,O3_24h,武威,60.0
20170124,4,O3_8h,武威,17.0
20170124,4,O3_8h_24h,武威,28.0
20170124,4,CO,武威,1.5
20170124,4,CO_24h,武威,2.1
20170124,5,AQI,武威,53.0
20170124,5,PM2.5,武威,26.0
20170124,5,PM2.5_24h,武威,63.0
20170124,5,PM10,武威,56.0
20170124,5,PM10_24h,武威,115.0
20170124,5,SO2,武威,15.0
20170124,5,SO2_24h,武威,49.0
20170124,5,NO2,武威,41.0
20170124,5,NO2_24h,武威,54.0
20170124,5,O3,武威,9.0
20170124,5,O3_24h,武威,60.0
20170124,5,O3_8h,武威,15.0
20170124,5,O3_8h_24h,武威,28.0
20170124,5,CO,武威,1.2
20170124,5,CO_24h,武威,2.1
20170124,6,AQI,武威,60.0
20170124,6,PM2.5,武威,30.0
20170124,6,PM2.5_24h,武威,63.0
20170124,6,PM10,武威,70.0
20170124,6,PM10_24h,武威,115.0
20170124,6,SO2,武威,28.0
20170124,6,SO2_24h,武威,48.0
20170124,6,NO2,武威,37.0
20170124,6,NO2_24h,武威,53.0
20170124,6,O3,武威,7.0
20170124,6,O3_24h,武威,60.0
20170124,6,O3_8h,武威,14.0
20170124,6,O3_8h_24h,武威,28.0
20170124,6,CO,武威,1.6
20170124,6,CO_24h,武威,2.1
20170124,7,AQI,武威,55.0
20170124,7,PM2.5,武威,34.0
20170124,7,PM2.5_24h,武威,63.0
20170124,7,PM10,武威,60.0
20170124,7,PM10_24h,武威,114.0
20170124,7,SO2,武威,27.0
20170124,7,SO2_24h,武威,47.0
20170124,7,NO2,武威,39.0
20170124,7,NO2_24h,武威,53.0
20170124,7,O3,武威,6.0
20170124,7,O3_24h,武威,60.0
20170124,7,O3_8h,武威,13.0
20170124,7,O3_8h_24h,武威,28.0
20170124,7,CO,武威,1.4
20170124,7,CO_24h,武威,2.1
20170124,8,AQI,武威,60.0
20170124,8,PM2.5,武威,43.0
20170124,8,PM2.5_24h,武威,64.0
20170124,8,PM10,武威,66.0
20170124,8,PM10_24h,武威,115.0
20170124,8,SO2,武威,45.0
20170124,8,SO2_24h,武威,47.0
20170124,8,NO2,武威,55.0
20170124,8,NO2_24h,武威,53.0
20170124,8,O3,武威,2.0
20170124,8,O3_24h,武威,60.0
20170124,8,O3_8h,武威,12.0
20170124,8,O3_8h_24h,武威,28.0
20170124,8,CO,武威,1.9
20170124,8,CO_24h,武威,2.0
20170124,9,AQI,武威,88.0
20170124,9,PM2.5,武威,65.0
20170124,9,PM2.5_24h,武威,64.0
20170124,9,PM10,武威,100.0
20170124,9,PM10_24h,武威,115.0
20170124,9,SO2,武威,43.0
20170124,9,SO2_24h,武威,47.0
20170124,9,NO2,武威,58.0
20170124,9,NO2_24h,武威,53.0
20170124,9,O3,武威,5.0
20170124,9,O3_24h,武威,60.0
20170124,9,O3_8h,武威,9.0
20170124,9,O3_8h_24h,武威,28.0
20170124,9,CO,武威,3.4
20170124,9,CO_24h,武威,2.0
20170124,10,AQI,武威,108.0
20170124,10,PM2.5,武威,81.0
20170124,10,PM2.5_24h,武威,65.0
20170124,10,PM10,武威,153.0
20170124,10,PM10_24h,武威,115.0
20170124,10,SO2,武威,61.0
20170124,10,SO2_24h,武威,48.0
20170124,10,NO2,武威,55.0
20170124,10,NO2_24h,武威,53.0
20170124,10,O3,武威,4.0
20170124,10,O3_24h,武威,60.0
20170124,10,O3_8h,武威,6.0
20170124,10,O3_8h_24h,武威,28.0
20170124,10,CO,武威,4.1
20170124,10,CO_24h,武威,2.0
20170124,11,AQI,武威,86.0
20170124,11,PM2.5,武威,60.0
20170124,11,PM2.5_24h,武威,64.0
20170124,11,PM10,武威,121.0
20170124,11,PM10_24h,武威,115.0
20170124,11,SO2,武威,112.0
20170124,11,SO2_24h,武威,50.0
20170124,11,NO2,武威,52.0
20170124,11,NO2_24h,武威,52.0
20170124,11,O3,武威,15.0
20170124,11,O3_24h,武威,60.0
20170124,11,O3_8h,武威,6.0
20170124,11,O3_8h_24h,武威,28.0
20170124,11,CO,武威,2.1
20170124,11,CO_24h,武威,2.0
20170124,12,AQI,武威,84.0
20170124,12,PM2.5,武威,57.0
20170124,12,PM2.5_24h,武威,62.0
20170124,12,PM10,武威,118.0
20170124,12,PM10_24h,武威,111.0
20170124,12,SO2,武威,219.0
20170124,12,SO2_24h,武威,54.0
20170124,12,NO2,武威,65.0
20170124,12,NO2_24h,武威,50.0
20170124,12,O3,武威,18.0
20170124,12,O3_24h,武威,60.0
20170124,12,O3_8h,武威,8.0
20170124,12,O3_8h_24h,武威,28.0
20170124,12,CO,武威,2.2
20170124,12,CO_24h,武威,1.9
20170124,13,AQI,武威,98.0
20170124,13,PM2.5,武威,68.0
20170124,13,PM2.5_24h,武威,61.0
20170124,13,PM10,武威,145.0
20170124,13,PM10_24h,武威,107.0
20170124,13,SO2,武威,154.0
20170124,13,SO2_24h,武威,54.0
20170124,13,NO2,武威,72.0
20170124,13,NO2_24h,武威,50.0
20170124,13,O3,武威,26.0
20170124,13,O3_24h,武威,60.0
20170124,13,O3_8h,武威,10.0
20170124,13,O3_8h_24h,武威,28.0
20170124,13,CO,武威,2.3
20170124,13,CO_24h,武威,1.9
20170124,14,AQI,武威,102.0
20170124,14,PM2.5,武威,66.0
20170124,14,PM2.5_24h,武威,62.0
20170124,14,PM10,武威,153.0
20170124,14,PM10_24h,武威,107.0
20170124,14,SO2,武威,75.0
20170124,14,SO2_24h,武威,54.0
20170124,14,NO2,武威,46.0
20170124,14,NO2_24h,武威,50.0
20170124,14,O3,武威,68.0
20170124,14,O3_24h,武威,68.0
20170124,14,O3_8h,武威,18.0
20170124,14,O3_8h_24h,武威,28.0
20170124,14,CO,武威,1.7
20170124,14,CO_24h,武威,1.9
20170124,15,AQI,武威,64.0
20170124,15,PM2.5,武威,24.0
20170124,15,PM2.5_24h,武威,62.0
20170124,15,PM10,武威,77.0
20170124,15,PM10_24h,武威,107.0
20170124,15,SO2,武威,61.0
20170124,15,SO2_24h,武威,55.0
20170124,15,NO2,武威,25.0
20170124,15,NO2_24h,武威,49.0
20170124,15,O3,武威,63.0
20170124,15,O3_24h,武威,68.0
20170124,15,O3_8h,武威,25.0
20170124,15,O3_8h_24h,武威,28.0
20170124,15,CO,武威,0.8
20170124,15,CO_24h,武威,1.9
20170124,16,AQI,武威,43.0
20170124,16,PM2.5,武威,21.0
20170124,16,PM2.5_24h,武威,62.0
20170124,16,PM10,武威,43.0
20170124,16,PM10_24h,武威,106.0
20170124,16,SO2,武威,31.0
20170124,16,SO2_24h,武威,54.0
20170124,16,NO2,武威,17.0
20170124,16,NO2_24h,武威,49.0
20170124,16,O3,武威,77.0
20170124,16,O3_24h,武威,77.0
20170124,16,O3_8h,武威,34.0
20170124,16,O3_8h_24h,武威,34.0
20170124,16,CO,武威,0.6
20170124,16,CO_24h,武威,1.9
20170124,17,AQI,武威,32.0
20170124,17,PM2.5,武威,14.0
20170124,17,PM2.5_24h,武威,62.0
20170124,17,PM10,武威,32.0
20170124,17,PM10_24h,武威,106.0
20170124,17,SO2,武威,39.0
20170124,17,SO2_24h,武威,55.0
20170124,17,NO2,武威,19.0
20170124,17,NO2_24h,武威,49.0
20170124,17,O3,武威,68.0
20170124,17,O3_24h,武威,77.0
20170124,17,O3_8h,武威,42.0
20170124,17,O3_8h_24h,武威,42.0
20170124,17,CO,武威,0.5
20170124,17,CO_24h,武威,1.9
20170124,18,AQI,武威,31.0
20170124,18,PM2.5,武威,16.0
20170124,18,PM2.5_24h,武威,62.0
20170124,18,PM10,武威,31.0
20170124,18,PM10_24h,武威,105.0
20170124,18,SO2,武威,37.0
20170124,18,SO2_24h,武威,55.0
20170124,18,NO2,武威,31.0
20170124,18,NO2_24h,武威,48.0
20170124,18,O3,武威,53.0
20170124,18,O3_24h,武威,77.0
20170124,18,O3_8h,武威,48.0
20170124,18,O3_8h_24h,武威,48.0
20170124,18,CO,武威,0.6
20170124,18,CO_24h,武威,1.9
20170124,19,AQI,武威,58.0
20170124,19,PM2.5,武威,31.0
20170124,19,PM2.5_24h,武威,63.0
20170124,19,PM10,武威,66.0
20170124,19,PM10_24h,武威,105.0
20170124,19,SO2,武威,31.0
20170124,19,SO2_24h,武威,56.0
20170124,19,NO2,武威,60.0
20170124,19,NO2_24h,武威,48.0
20170124,19,O3,武威,23.0
20170124,19,O3_24h,武威,77.0
20170124,19,O3_8h,武威,50.0
20170124,19,O3_8h_24h,武威,50.0
20170124,19,CO,武威,1.6
20170124,19,CO_24h,武威,1.9
20170124,20,AQI,武威,86.0
20170124,20,PM2.5,武威,64.0
20170124,20,PM2.5_24h,武威,62.0
20170124,20,PM10,武威,97.0
20170124,20,PM10_24h,武威,104.0
20170124,20,SO2,武威,61.0
20170124,20,SO2_24h,武威,56.0
20170124,20,NO2,武威,85.0
20170124,20,NO2_24h,武威,48.0
20170124,20,O3,武威,4.0
20170124,20,O3_24h,武威,77.0
20170124,20,O3_8h,武威,48.0
20170124,20,O3_8h_24h,武威,50.0
20170124,20,CO,武威,2.7
20170124,20,CO_24h,武威,1.9
20170124,21,AQI,武威,170.0
20170124,21,PM2.5,武威,129.0
20170124,21,PM2.5_24h,武威,59.0
20170124,21,PM10,武威,177.0
20170124,21,PM10_24h,武威,103.0
20170124,21,SO2,武威,67.0
20170124,21,SO2_24h,武威,57.0
20170124,21,NO2,武威,76.0
20170124,21,NO2_24h,武威,48.0
20170124,21,O3,武威,5.0
20170124,21,O3_24h,武威,77.0
20170124,21,O3_8h,武威,45.0
20170124,21,O3_8h_24h,武威,50.0
20170124,21,CO,武威,3.5
20170124,21,CO_24h,武威,1.9
20170124,22,AQI,武威,141.0
20170124,22,PM2.5,武威,108.0
20170124,22,PM2.5_24h,武威,56.0
20170124,22,PM10,武威,177.0
20170124,22,PM10_24h,武威,99.0
20170124,22,SO2,武威,38.0
20170124,22,SO2_24h,武威,56.0
20170124,22,NO2,武威,51.0
20170124,22,NO2_24h,武威,48.0
20170124,22,O3,武威,10.0
20170124,22,O3_24h,武威,77.0
20170124,22,O3_8h,武威,38.0
20170124,22,O3_8h_24h,武威,50.0
20170124,22,CO,武威,2.3
20170124,22,CO_24h,武威,1.9
20170124,23,AQI,武威,145.0
20170124,23,PM2.5,武威,111.0
20170124,23,PM2.5_24h,武威,56.0
20170124,23,PM10,武威,144.0
20170124,23,PM10_24h,武威,99.0
20170124,23,SO2,武威,49.0
20170124,23,SO2_24h,武威,56.0
20170124,23,NO2,武威,66.0
20170124,23,NO2_24h,武威,48.0
20170124,23,O3,武威,4.0
20170124,23,O3_24h,武威,77.0
20170124,23,O3_8h,武威,30.0
20170124,23,O3_8h_24h,武威,50.0
20170124,23,CO,武威,3.0
20170124,23,CO_24h,武威,1.9
20170124,0,AQI,张掖,79.0
20170124,0,PM2.5,张掖,40.0
20170124,0,PM2.5_24h,张掖,26.0
20170124,0,PM10,张掖,107.0
20170124,0,PM10_24h,张掖,55.0
20170124,0,SO2,张掖,14.0
20170124,0,SO2_24h,张掖,21.0
20170124,0,NO2,张掖,27.0
20170124,0,NO2_24h,张掖,21.0
20170124,0,O3,张掖,52.0
20170124,0,O3_24h,张掖,91.0
20170124,0,O3_8h,张掖,68.0
20170124,0,O3_8h_24h,张掖,78.0
20170124,0,CO,张掖,0.9
20170124,0,CO_24h,张掖,0.8
20170124,1,AQI,张掖,68.0
20170124,1,PM2.5,张掖,42.0
20170124,1,PM2.5_24h,张掖,26.0
20170124,1,PM10,张掖,86.0
20170124,1,PM10_24h,张掖,55.0
20170124,1,SO2,张掖,12.0
20170124,1,SO2_24h,张掖,21.0
20170124,1,NO2,张掖,24.0
20170124,1,NO2_24h,张掖,21.0
20170124,1,O3,张掖,44.0
20170124,1,O3_24h,张掖,91.0
20170124,1,O3_8h,张掖,44.0
20170124,1,O3_8h_24h,张掖,44.0
20170124,1,CO,张掖,1.1
20170124,1,CO_24h,张掖,0.8
20170124,2,AQI,张掖,66.0
20170124,2,PM2.5,张掖,43.0
20170124,2,PM2.5_24h,张掖,26.0
20170124,2,PM10,张掖,81.0
20170124,2,PM10_24h,张掖,56.0
20170124,2,SO2,张掖,19.0
20170124,2,SO2_24h,张掖,21.0
20170124,2,NO2,张掖,23.0
20170124,2,NO2_24h,张掖,22.0
20170124,2,O3,张掖,40.0
20170124,2,O3_24h,张掖,91.0
20170124,2,O3_8h,张掖,42.0
20170124,2,O3_8h_24h,张掖,45.0
20170124,2,CO,张掖,1.0
20170124,2,CO_24h,张掖,0.8
20170124,3,AQI,张掖,63.0
20170124,3,PM2.5,张掖,42.0
20170124,3,PM2.5_24h,张掖,26.0
20170124,3,PM10,张掖,76.0
20170124,3,PM10_24h,张掖,58.0
20170124,3,SO2,张掖,19.0
20170124,3,SO2_24h,张掖,21.0
20170124,3,NO2,张掖,18.0
20170124,3,NO2_24h,张掖,22.0
20170124,3,O3,张掖,40.0
20170124,3,O3_24h,张掖,91.0
20170124,3,O3_8h,张掖,41.0
20170124,3,O3_8h_24h,张掖,46.0
20170124,3,CO,张掖,1.0
20170124,3,CO_24h,张掖,0.85
20170124,4,AQI,张掖,62.0
20170124,4,PM2.5,张掖,38.0
20170124,4,PM2.5_24h,张掖,27.0
20170124,4,PM10,张掖,73.0
20170124,4,PM10_24h,张掖,59.0
20170124,4,SO2,张掖,16.0
20170124,4,SO2_24h,张掖,21.0
20170124,4,NO2,张掖,15.0
20170124,4,NO2_24h,张掖,22.0
20170124,4,O3,张掖,42.0
20170124,4,O3_24h,张掖,91.0
20170124,4,O3_8h,张掖,41.0
20170124,4,O3_8h_24h,张掖,46.0
20170124,4,CO,张掖,0.85
20170124,4,CO_24h,张掖,0.85
20170124,5,AQI,张掖,59.0
20170124,5,PM2.5,张掖,35.0
20170124,5,PM2.5_24h,张掖,28.0
20170124,5,PM10,张掖,68.0
20170124,5,PM10_24h,张掖,60.0
20170124,5,SO2,张掖,24.0
20170124,5,SO2_24h,张掖,21.0
20170124,5,NO2,张掖,16.0
20170124,5,NO2_24h,张掖,22.0
20170124,5,O3,张掖,39.0
20170124,5,O3_24h,张掖,91.0
20170124,5,O3_8h,张掖,41.0
20170124,5,O3_8h_24h,张掖,46.0
20170124,5,CO,张掖,0.65
20170124,5,CO_24h,张掖,0.8
20170124,6,AQI,张掖,54.0
20170124,6,PM2.5,张掖,30.0
20170124,6,PM2.5_24h,张掖,28.0
20170124,6,PM10,张掖,57.0
20170124,6,PM10_24h,张掖,62.0
20170124,6,SO2,张掖,23.0
20170124,6,SO2_24h,张掖,20.0
20170124,6,NO2,张掖,15.0
20170124,6,NO2_24h,张掖,21.0
20170124,6,O3,张掖,34.0
20170124,6,O3_24h,张掖,91.0
20170124,6,O3_8h,张掖,40.0
20170124,6,O3_8h_24h,张掖,46.0
20170124,6,CO,张掖,0.7
20170124,6,CO_24h,张掖,0.8
20170124,7,AQI,张掖,48.0
20170124,7,PM2.5,张掖,24.0
20170124,7,PM2.5_24h,张掖,29.0
20170124,7,PM10,张掖,48.0
20170124,7,PM10_24h,张掖,62.0
20170124,7,SO2,张掖,35.0
20170124,7,SO2_24h,张掖,20.0
20170124,7,NO2,张掖,20.0
20170124,7,NO2_24h,张掖,21.0
20170124,7,O3,张掖,33.0
20170124,7,O3_24h,张掖,91.0
20170124,7,O3_8h,张掖,39.0
20170124,7,O3_8h_24h,张掖,46.0
20170124,7,CO,张掖,0.4
20170124,7,CO_24h,张掖,0.8
20170124,8,AQI,张掖,46.0
20170124,8,PM2.5,张掖,26.0
20170124,8,PM2.5_24h,张掖,29.0
20170124,8,PM10,张掖,46.0
20170124,8,PM10_24h,张掖,63.0
20170124,8,SO2,张掖,54.0
20170124,8,SO2_24h,张掖,21.0
20170124,8,NO2,张掖,23.0
20170124,8,NO2_24h,张掖,21.0
20170124,8,O3,张掖,29.0
20170124,8,O3_24h,张掖,91.0
20170124,8,O3_8h,张掖,38.0
20170124,8,O3_8h_24h,张掖,46.0
20170124,8,CO,张掖,0.45
20170124,8,CO_24h,张掖,0.75
20170124,9,AQI,张掖,44.0
20170124,9,PM2.5,张掖,25.0
20170124,9,PM2.5_24h,张掖,29.0
20170124,9,PM10,张掖,44.0
20170124,9,PM10_24h,张掖,62.0
20170124,9,SO2,张掖,70.0
20170124,9,SO2_24h,张掖,22.0
20170124,9,NO2,张掖,26.0
20170124,9,NO2_24h,张掖,21.0
20170124,9,O3,张掖,26.0
20170124,9,O3_24h,张掖,91.0
20170124,9,O3_8h,张掖,36.0
20170124,9,O3_8h_24h,张掖,46.0
20170124,9,CO,张掖,0.7
20170124,9,CO_24h,张掖,0.75
20170124,10,AQI,张掖,48.0
20170124,10,PM2.5,张掖,24.0
20170124,10,PM2.5_24h,张掖,28.0
20170124,10,PM10,张掖,48.0
20170124,10,PM10_24h,张掖,63.0
20170124,10,SO2,张掖,58.0
20170124,10,SO2_24h,张掖,22.0
20170124,10,NO2,张掖,30.0
20170124,10,NO2_24h,张掖,21.0
20170124,10,O3,张掖,24.0
20170124,10,O3_24h,张掖,91.0
20170124,10,O3_8h,张掖,33.0
20170124,10,O3_8h_24h,张掖,46.0
20170124,10,CO,张掖,0.9
20170124,10,CO_24h,张掖,0.8
20170124,11,AQI,张掖,51.0
20170124,11,PM2.5,张掖,25.0
20170124,11,PM2.5_24h,张掖,28.0
20170124,11,PM10,张掖,52.0
20170124,11,PM10_24h,张掖,64.0
20170124,11,SO2,张掖,59.0
20170124,11,SO2_24h,张掖,22.0
20170124,11,NO2,张掖,27.0
20170124,11,NO2_24h,张掖,21.0
20170124,11,O3,张掖,38.0
20170124,11,O3_24h,张掖,91.0
20170124,11,O3_8h,张掖,33.0
20170124,11,O3_8h_24h,张掖,46.0
20170124,11,CO,张掖,0.7
20170124,11,CO_24h,张掖,0.75
20170124,12,AQI,张掖,52.0
20170124,12,PM2.5,张掖,27.0
20170124,12,PM2.5_24h,张掖,29.0
20170124,12,PM10,张掖,54.0
20170124,12,PM10_24h,张掖,64.0
20170124,12,SO2,张掖,21.0
20170124,12,SO2_24h,张掖,23.0
20170124,12,NO2,张掖,24.0
20170124,12,NO2_24h,张掖,21.0
20170124,12,O3,张掖,51.0
20170124,12,O3_24h,张掖,91.0
20170124,12,O3_8h,张掖,34.0
20170124,12,O3_8h_24h,张掖,46.0
20170124,12,CO,张掖,0.7
20170124,12,CO_24h,张掖,0.7
20170124,13,AQI,张掖,53.0
20170124,13,PM2.5,张掖,25.0
20170124,13,PM2.5_24h,张掖,29.0
20170124,13,PM10,张掖,55.0
20170124,13,PM10_24h,张掖,64.0
20170124,13,SO2,张掖,12.0
20170124,13,SO2_24h,张掖,22.0
20170124,13,NO2,张掖,16.0
20170124,13,NO2_24h,张掖,20.0
20170124,13,O3,张掖,68.0
20170124,13,O3_24h,张掖,91.0
20170124,13,O3_8h,张掖,38.0
20170124,13,O3_8h_24h,张掖,46.0
20170124,13,CO,张掖,0.5
20170124,13,CO_24h,张掖,0.7
20170124,14,AQI,张掖,35.0
20170124,14,PM2.5,张掖,16.0
20170124,14,PM2.5_24h,张掖,30.0
20170124,14,PM10,张掖,35.0
20170124,14,PM10_24h,张掖,64.0
20170124,14,SO2,张掖,11.0
20170124,14,SO2_24h,张掖,22.0
20170124,14,NO2,张掖,15.0
20170124,14,NO2_24h,张掖,20.0
20170124,14,O3,张掖,79.0
20170124,14,O3_24h,张掖,91.0
20170124,14,O3_8h,张掖,44.0
20170124,14,O3_8h_24h,张掖,49.0
20170124,14,CO,张掖,0.6
20170124,14,CO_24h,张掖,0.7
20170124,15,AQI,张掖,28.0
20170124,15,PM2.5,张掖,10.0
20170124,15,PM2.5_24h,张掖,30.0
20170124,15,PM10,张掖,23.0
20170124,15,PM10_24h,张掖,64.0
20170124,15,SO2,张掖,10.0
20170124,15,SO2_24h,张掖,22.0
20170124,15,NO2,张掖,14.0
20170124,15,NO2_24h,张掖,20.0
20170124,15,O3,张掖,91.0
20170124,15,O3_24h,张掖,94.0
20170124,15,O3_8h,张掖,51.0
20170124,15,O3_8h_24h,张掖,53.0
20170124,15,CO,张掖,0.65
20170124,15,CO_24h,张掖,0.7
20170124,16,AQI,张掖,30.0
20170124,16,PM2.5,张掖,6.0
20170124,16,PM2.5_24h,张掖,30.0
20170124,16,PM10,张掖,13.0
20170124,16,PM10_24h,张掖,64.0
20170124,16,SO2,张掖,3.0
20170124,16,SO2_24h,张掖,22.0
20170124,16,NO2,张掖,13.0
20170124,16,NO2_24h,张掖,20.0
20170124,16,O3,张掖,97.0
20170124,16,O3_24h,张掖,97.0
20170124,16,O3_8h,张掖,59.0
20170124,16,O3_8h_24h,张掖,59.0
20170124,16,CO,张掖,0.5
20170124,16,CO_24h,张掖,0.7
20170124,17,AQI,张掖,30.0
20170124,17,PM2.5,张掖,4.0
20170124,17,PM2.5_24h,张掖,30.0
20170124,17,PM10,张掖,7.0
20170124,17,PM10_24h,张掖,63.0
20170124,17,SO2,张掖,4.0
20170124,17,SO2_24h,张掖,22.0
20170124,17,NO2,张掖,15.0
20170124,17,NO2_24h,张掖,20.0
20170124,17,O3,张掖,96.0
20170124,17,O3_24h,张掖,97.0
20170124,17,O3_8h,张掖,68.0
20170124,17,O3_8h_24h,张掖,68.0
20170124,17,CO,张掖,0.6
20170124,17,CO_24h,张掖,0.7
20170124,18,AQI,张掖,28.0
20170124,18,PM2.5,张掖,3.0
20170124,18,PM2.5_24h,张掖,29.0
20170124,18,PM10,张掖,5.0
20170124,18,PM10_24h,张掖,61.0
20170124,18,SO2,张掖,12.0
20170124,18,SO2_24h,张掖,22.0
20170124,18,NO2,张掖,25.0
20170124,18,NO2_24h,张掖,20.0
20170124,18,O3,张掖,88.0
20170124,18,O3_24h,张掖,97.0
20170124,18,O3_8h,张掖,76.0
20170124,18,O3_8h_24h,张掖,76.0
20170124,18,CO,张掖,0.75
20170124,18,CO_24h,张掖,0.7
20170124,19,AQI,张掖,22.0
20170124,19,PM2.5,张掖,6.0
20170124,19,PM2.5_24h,张掖,28.0
20170124,19,PM10,张掖,9.0
20170124,19,PM10_24h,张掖,57.0
20170124,19,SO2,张掖,57.0
20170124,19,SO2_24h,张掖,24.0
20170124,19,NO2,张掖,43.0
20170124,19,NO2_24h,张掖,21.0
20170124,19,O3,张掖,59.0
20170124,19,O3_24h,张掖,97.0
20170124,19,O3_8h,张掖,79.0
20170124,19,O3_8h_24h,张掖,79.0
20170124,19,CO,张掖,0.95
20170124,19,CO_24h,张掖,0.7
20170124,20,AQI,张掖,30.0
20170124,20,PM2.5,张掖,21.0
20170124,20,PM2.5_24h,张掖,27.0
20170124,20,PM10,张掖,28.0
20170124,20,PM10_24h,张掖,54.0
20170124,20,SO2,张掖,36.0
20170124,20,SO2_24h,张掖,25.0
20170124,20,NO2,张掖,30.0
20170124,20,NO2_24h,张掖,22.0
20170124,20,O3,张掖,55.0
20170124,20,O3_24h,张掖,97.0
20170124,20,O3_8h,张掖,79.0
20170124,20,O3_8h_24h,张掖,79.0
20170124,20,CO,张掖,0.65
20170124,20,CO_24h,张掖,0.7
20170124,21,AQI,张掖,60.0
20170124,21,PM2.5,张掖,31.0
20170124,21,PM2.5_24h,张掖,26.0
20170124,21,PM10,张掖,70.0
20170124,21,PM10_24h,张掖,53.0
20170124,21,SO2,张掖,20.0
20170124,21,SO2_24h,张掖,25.0
20170124,21,NO2,张掖,19.0
20170124,21,NO2_24h,张掖,22.0
20170124,21,O3,张掖,62.0
20170124,21,O3_24h,张掖,97.0
20170124,21,O3_8h,张掖,79.0
20170124,21,O3_8h_24h,张掖,79.0
20170124,21,CO,张掖,0.35
20170124,21,CO_24h,张掖,0.7
20170124,22,AQI,张掖,125.0
20170124,22,PM2.5,张掖,39.0
20170124,22,PM2.5_24h,张掖,26.0
20170124,22,PM10,张掖,199.0
20170124,22,PM10_24h,张掖,58.0
20170124,22,SO2,张掖,20.0
20170124,22,SO2_24h,张掖,26.0
20170124,22,NO2,张掖,17.0
20170124,22,NO2_24h,张掖,22.0
20170124,22,O3,张掖,73.0
20170124,22,O3_24h,张掖,97.0
20170124,22,O3_8h,张掖,78.0
20170124,22,O3_8h_24h,张掖,79.0
20170124,22,CO,张掖,0.5
20170124,22,CO_24h,张掖,0.7
20170124,23,AQI,张掖,127.0
20170124,23,PM2.5,张掖,42.0
20170124,23,PM2.5_24h,张掖,26.0
20170124,23,PM10,张掖,204.0
20170124,23,PM10_24h,张掖,63.0
20170124,23,SO2,张掖,16.0
20170124,23,SO2_24h,张掖,26.0
20170124,23,NO2,张掖,16.0
20170124,23,NO2_24h,张掖,21.0
20170124,23,O3,张掖,82.0
20170124,23,O3_24h,张掖,97.0
20170124,23,O3_8h,张掖,77.0
20170124,23,O3_8h_24h,张掖,79.0
20170124,23,CO,张掖,0.4
20170124,23,CO_24h,张掖,0.65
20170124,0,AQI,平凉,148.0
20170124,0,PM2.5,平凉,113.0
20170124,0,PM2.5_24h,平凉,65.0
20170124,0,PM10,平凉,178.0
20170124,0,PM10_24h,平凉,119.0
20170124,0,SO2,平凉,45.0
20170124,0,SO2_24h,平凉,46.0
20170124,0,NO2,平凉,79.0
20170124,0,NO2_24h,平凉,55.0
20170124,0,O3,平凉,17.0
20170124,0,O3_24h,平凉,107.0
20170124,0,O3_8h,平凉,47.0
20170124,0,O3_8h_24h,平凉,80.0
20170124,0,CO,平凉,2.25
20170124,0,CO_24h,平凉,1.65
20170124,1,AQI,平凉,146.0
20170124,1,PM2.5,平凉,112.0
20170124,1,PM2.5_24h,平凉,67.0
20170124,1,PM10,平凉,155.0
20170124,1,PM10_24h,平凉,122.0
20170124,1,SO2,平凉,36.0
20170124,1,SO2_24h,平凉,46.0
20170124,1,NO2,平凉,68.0
20170124,1,NO2_24h,平凉,56.0
20170124,1,O3,平凉,27.0
20170124,1,O3_24h,平凉,107.0
20170124,1,O3_8h,平凉,27.0
20170124,1,O3_8h_24h,平凉,27.0
20170124,1,CO,平凉,2.1
20170124,1,CO_24h,平凉,1.65
20170124,2,AQI,平凉,113.0
20170124,2,PM2.5,平凉,85.0
20170124,2,PM2.5_24h,平凉,70.0
20170124,2,PM10,平凉,144.0
20170124,2,PM10_24h,平凉,125.0
20170124,2,SO2,平凉,31.0
20170124,2,SO2_24h,平凉,47.0
20170124,2,NO2,平凉,60.0
20170124,2,NO2_24h,平凉,56.0
20170124,2,O3,平凉,29.0
20170124,2,O3_24h,平凉,107.0
20170124,2,O3_8h,平凉,28.0
20170124,2,O3_8h_24h,平凉,28.0
20170124,2,CO,平凉,2.05
20170124,2,CO_24h,平凉,1.65
20170124,3,AQI,平凉,104.0
20170124,3,PM2.5,平凉,78.0
20170124,3,PM2.5_24h,平凉,71.0
20170124,3,PM10,平凉,142.0
20170124,3,PM10_24h,平凉,128.0
20170124,3,SO2,平凉,25.0
20170124,3,SO2_24h,平凉,47.0
20170124,3,NO2,平凉,54.0
20170124,3,NO2_24h,平凉,56.0
20170124,3,O3,平凉,28.0
20170124,3,O3_24h,平凉,107.0
20170124,3,O3_8h,平凉,28.0
20170124,3,O3_8h_24h,平凉,29.0
20170124,3,CO,平凉,1.8
20170124,3,CO_24h,平凉,1.7
20170124,4,AQI,平凉,98.0
20170124,4,PM2.5,平凉,73.0
20170124,4,PM2.5_24h,平凉,73.0
20170124,4,PM10,平凉,136.0
20170124,4,PM10_24h,平凉,131.0
20170124,4,SO2,平凉,25.0
20170124,4,SO2_24h,平凉,47.0
20170124,4,NO2,平凉,62.0
20170124,4,NO2_24h,平凉,58.0
20170124,4,O3,平凉,19.0
20170124,4,O3_24h,平凉,107.0
20170124,4,O3_8h,平凉,26.0
20170124,4,O3_8h_24h,平凉,29.0
20170124,4,CO,平凉,2.05
20170124,4,CO_24h,平凉,1.7
20170124,5,AQI,平凉,89.0
20170124,5,PM2.5,平凉,66.0
20170124,5,PM2.5_24h,平凉,74.0
20170124,5,PM10,平凉,121.0
20170124,5,PM10_24h,平凉,134.0
20170124,5,SO2,平凉,27.0
20170124,5,SO2_24h,平凉,47.0
20170124,5,NO2,平凉,58.0
20170124,5,NO2_24h,平凉,58.0
20170124,5,O3,平凉,22.0
20170124,5,O3_24h,平凉,107.0
20170124,5,O3_8h,平凉,25.0
20170124,5,O3_8h_24h,平凉,29.0
20170124,5,CO,平凉,1.95
20170124,5,CO_24h,平凉,1.7
20170124,6,AQI,平凉,93.0
20170124,6,PM2.5,平凉,69.0
20170124,6,PM2.5_24h,平凉,76.0
20170124,6,PM10,平凉,110.0
20170124,6,PM10_24h,平凉,136.0
20170124,6,SO2,平凉,20.0
20170124,6,SO2_24h,平凉,47.0
20170124,6,NO2,平凉,53.0
20170124,6,NO2_24h,平凉,59.0
20170124,6,O3,平凉,21.0
20170124,6,O3_24h,平凉,107.0
20170124,6,O3_8h,平凉,24.0
20170124,6,O3_8h_24h,平凉,29.0
20170124,6,CO,平凉,1.85
20170124,6,CO_24h,平凉,1.75
20170124,7,AQI,平凉,96.0
20170124,7,PM2.5,平凉,72.0
20170124,7,PM2.5_24h,平凉,78.0
20170124,7,PM10,平凉,136.0
20170124,7,PM10_24h,平凉,139.0
20170124,7,SO2,平凉,37.0
20170124,7,SO2_24h,平凉,48.0
20170124,7,NO2,平凉,62.0
20170124,7,NO2_24h,平凉,60.0
20170124,7,O3,平凉,14.0
20170124,7,O3_24h,平凉,107.0
20170124,7,O3_8h,平凉,23.0
20170124,7,O3_8h_24h,平凉,29.0
20170124,7,CO,平凉,2.05
20170124,7,CO_24h,平凉,1.75
20170124,8,AQI,平凉,100.0
20170124,8,PM2.5,平凉,75.0
20170124,8,PM2.5_24h,平凉,79.0
20170124,8,PM10,平凉,137.0
20170124,8,PM10_24h,平凉,140.0
20170124,8,SO2,平凉,59.0
20170124,8,SO2_24h,平凉,48.0
20170124,8,NO2,平凉,69.0
20170124,8,NO2_24h,平凉,60.0
20170124,8,O3,平凉,8.0
20170124,8,O3_24h,平凉,107.0
20170124,8,O3_8h,平凉,21.0
20170124,8,O3_8h_24h,平凉,29.0
20170124,8,CO,平凉,2.3
20170124,8,CO_24h,平凉,1.75
20170124,9,AQI,平凉,114.0
20170124,9,PM2.5,平凉,86.0
20170124,9,PM2.5_24h,平凉,80.0
20170124,9,PM10,平凉,143.0
20170124,9,PM10_24h,平凉,142.0
20170124,9,SO2,平凉,46.0
20170124,9,SO2_24h,平凉,47.0
20170124,9,NO2,平凉,62.0
20170124,9,NO2_24h,平凉,60.0
20170124,9,O3,平凉,14.0
20170124,9,O3_24h,平凉,107.0
20170124,9,O3_8h,平凉,19.0
20170124,9,O3_8h_24h,平凉,29.0
20170124,9,CO,平凉,2.1
20170124,9,CO_24h,平凉,1.75
20170124,10,AQI,平凉,151.0
20170124,10,PM2.5,平凉,116.0
20170124,10,PM2.5_24h,平凉,83.0
20170124,10,PM10,平凉,183.0
20170124,10,PM10_24h,平凉,143.0
20170124,10,SO2,平凉,62.0
20170124,10,SO2_24h,平凉,46.0
20170124,10,NO2,平凉,69.0
20170124,10,NO2_24h,平凉,61.0
20170124,10,O3,平凉,15.0
20170124,10,O3_24h,平凉,107.0
20170124,10,O3_8h,平凉,18.0
20170124,10,O3_8h_24h,平凉,29.0
20170124,10,CO,平凉,2.5
20170124,10,CO_24h,平凉,1.75
20170124,11,AQI,平凉,208.0
20170124,11,PM2.5,平凉,158.0
20170124,11,PM2.5_24h,平凉,87.0
20170124,11,PM10,平凉,264.0
20170124,11,PM10_24h,平凉,148.0
20170124,11,SO2,平凉,136.0
20170124,11,SO2_24h,平凉,49.0
20170124,11,NO2,平凉,86.0
20170124,11,NO2_24h,平凉,62.0
20170124,11,O3,平凉,19.0
20170124,11,O3_24h,平凉,107.0
20170124,11,O3_8h,平凉,17.0
20170124,11,O3_8h_24h,平凉,29.0
20170124,11,CO,平凉,3.1
20170124,11,CO_24h,平凉,1.8
20170124,12,AQI,平凉,160.0
20170124,12,PM2.5,平凉,122.0
20170124,12,PM2.5_24h,平凉,90.0
20170124,12,PM10,平凉,199.0
20170124,12,PM10_24h,平凉,151.0
20170124,12,SO2,平凉,123.0
20170124,12,SO2_24h,平凉,51.0
20170124,12,NO2,平凉,70.0
20170124,12,NO2_24h,平凉,63.0
20170124,12,O3,平凉,44.0
20170124,12,O3_24h,平凉,107.0
20170124,12,O3_8h,平凉,20.0
20170124,12,O3_8h_24h,平凉,29.0
20170124,12,CO,平凉,2.1
20170124,12,CO_24h,平凉,1.85
20170124,13,AQI,平凉,140.0
20170124,13,PM2.5,平凉,107.0
20170124,13,PM2.5_24h,平凉,92.0
20170124,13,PM10,平凉,185.0
20170124,13,PM10_24h,平凉,155.0
20170124,13,SO2,平凉,69.0
20170124,13,SO2_24h,平凉,51.0
20170124,13,NO2,平凉,50.0
20170124,13,NO2_24h,平凉,63.0
20170124,13,O3,平凉,82.0
20170124,13,O3_24h,平凉,107.0
20170124,13,O3_8h,平凉,27.0
20170124,13,O3_8h_24h,平凉,31.0
20170124,13,CO,平凉,1.4
20170124,13,CO_24h,平凉,1.9
20170124,14,AQI,平凉,123.0
20170124,14,PM2.5,平凉,93.0
20170124,14,PM2.5_24h,平凉,94.0
20170124,14,PM10,平凉,157.0
20170124,14,PM10_24h,平凉,157.0
20170124,14,SO2,平凉,46.0
20170124,14,SO2_24h,平凉,50.0
20170124,14,NO2,平凉,48.0
20170124,14,NO2_24h,平凉,63.0
20170124,14,O3,平凉,97.0
20170124,14,O3_24h,平凉,107.0
20170124,14,O3_8h,平凉,37.0
20170124,14,O3_8h_24h,平凉,37.0
20170124,14,CO,平凉,1.35
20170124,14,CO_24h,平凉,1.9
20170124,15,AQI,平凉,101.0
20170124,15,PM2.5,平凉,73.0
20170124,15,PM2.5_24h,平凉,94.0
20170124,15,PM10,平凉,152.0
20170124,15,PM10_24h,平凉,157.0
20170124,15,SO2,平凉,47.0
20170124,15,SO2_24h,平凉,50.0
20170124,15,NO2,平凉,47.0
20170124,15,NO2_24h,平凉,64.0
20170124,15,O3,平凉,103.0
20170124,15,O3_24h,平凉,107.0
20170124,15,O3_8h,平凉,48.0
20170124,15,O3_8h_24h,平凉,48.0
20170124,15,CO,平凉,1.25
20170124,15,CO_24h,平凉,1.9
20170124,16,AQI,平凉,106.0
20170124,16,PM2.5,平凉,80.0
20170124,16,PM2.5_24h,平凉,94.0
20170124,16,PM10,平凉,148.0
20170124,16,PM10_24h,平凉,158.0
20170124,16,SO2,平凉,42.0
20170124,16,SO2_24h,平凉,51.0
20170124,16,NO2,平凉,42.0
20170124,16,NO2_24h,平凉,64.0
20170124,16,O3,平凉,111.0
20170124,16,O3_24h,平凉,111.0
20170124,16,O3_8h,平凉,61.0
20170124,16,O3_8h_24h,平凉,61.0
20170124,16,CO,平凉,1.25
20170124,16,CO_24h,平凉,1.9
20170124,17,AQI,平凉,120.0
20170124,17,PM2.5,平凉,91.0
20170124,17,PM2.5_24h,平凉,95.0
20170124,17,PM10,平凉,150.0
20170124,17,PM10_24h,平凉,159.0
20170124,17,SO2,平凉,33.0
20170124,17,SO2_24h,平凉,51.0
20170124,17,NO2,平凉,38.0
20170124,17,NO2_24h,平凉,64.0
20170124,17,O3,平凉,113.0
20170124,17,O3_24h,平凉,113.0
20170124,17,O3_8h,平凉,73.0
20170124,17,O3_8h_24h,平凉,73.0
20170124,17,CO,平凉,1.25
20170124,17,CO_24h,平凉,1.9
20170124,18,AQI,平凉,128.0
20170124,18,PM2.5,平凉,97.0
20170124,18,PM2.5_24h,平凉,96.0
20170124,18,PM10,平凉,145.0
20170124,18,PM10_24h,平凉,158.0
20170124,18,SO2,平凉,45.0
20170124,18,SO2_24h,平凉,51.0
20170124,18,NO2,平凉,46.0
20170124,18,NO2_24h,平凉,63.0
20170124,18,O3,平凉,101.0
20170124,18,O3_24h,平凉,113.0
20170124,18,O3_8h,平凉,84.0
20170124,18,O3_8h_24h,平凉,84.0
20170124,18,CO,平凉,1.45
20170124,18,CO_24h,平凉,1.9
20170124,19,AQI,平凉,130.0
20170124,19,PM2.5,平凉,99.0
20170124,19,PM2.5_24h,平凉,96.0
20170124,19,PM10,平凉,153.0
20170124,19,PM10_24h,平凉,158.0
20170124,19,SO2,平凉,58.0
20170124,19,SO2_24h,平凉,52.0
20170124,19,NO2,平凉,70.0
20170124,19,NO2_24h,平凉,64.0
20170124,19,O3,平凉,64.0
20170124,19,O3_24h,平凉,113.0
20170124,19,O3_8h,平凉,89.0
20170124,19,O3_8h_24h,平凉,89.0
20170124,19,CO,平凉,1.65
20170124,19,CO_24h,平凉,1.95
20170124,20,AQI,平凉,186.0
20170124,20,PM2.5,平凉,140.0
20170124,20,PM2.5_24h,平凉,98.0
20170124,20,PM10,平凉,186.0
20170124,20,PM10_24h,平凉,160.0
20170124,20,SO2,平凉,57.0
20170124,20,SO2_24h,平凉,53.0
20170124,20,NO2,平凉,79.0
20170124,20,NO2_24h,平凉,64.0
20170124,20,O3,平凉,48.0
20170124,20,O3_24h,平凉,113.0
20170124,20,O3_8h,平凉,90.0
20170124,20,O3_8h_24h,平凉,90.0
20170124,20,CO,平凉,1.9
20170124,20,CO_24h,平凉,1.95
20170124,21,AQI,平凉,203.0
20170124,21,PM2.5,平凉,153.0
20170124,21,PM2.5_24h,平凉,101.0
20170124,21,PM10,平凉,215.0
20170124,21,PM10_24h,平凉,163.0
20170124,21,SO2,平凉,78.0
20170124,21,SO2_24h,平凉,54.0
20170124,21,NO2,平凉,75.0
20170124,21,NO2_24h,平凉,64.0
20170124,21,O3,平凉,59.0
20170124,21,O3_24h,平凉,113.0
20170124,21,O3_8h,平凉,87.0
20170124,21,O3_8h_24h,平凉,90.0
20170124,21,CO,平凉,2.0
20170124,21,CO_24h,平凉,1.95
20170124,22,AQI,平凉,212.0
20170124,22,PM2.5,平凉,162.0
20170124,22,PM2.5_24h,平凉,102.0
20170124,22,PM10,平凉,214.0
20170124,22,PM10_24h,平凉,165.0
20170124,22,SO2,平凉,74.0
20170124,22,SO2_24h,平凉,54.0
20170124,22,NO2,平凉,77.0
20170124,22,NO2_24h,平凉,63.0
20170124,22,O3,平凉,53.0
20170124,22,O3_24h,平凉,113.0
20170124,22,O3_8h,平凉,81.0
20170124,22,O3_8h_24h,平凉,90.0
20170124,22,CO,平凉,2.35
20170124,22,CO_24h,平凉,1.95
20170124,23,AQI,平凉,225.0
20170124,23,PM2.5,平凉,175.0
20170124,23,PM2.5_24h,平凉,104.0
20170124,23,PM10,平凉,227.0
20170124,23,PM10_24h,平凉,166.0
20170124,23,SO2,平凉,68.0
20170124,23,SO2_24h,平凉,54.0
20170124,23,NO2,平凉,82.0
20170124,23,NO2_24h,平凉,63.0
20170124,23,O3,平凉,33.0
20170124,23,O3_24h,平凉,113.0
20170124,23,O3_8h,平凉,73.0
20170124,23,O3_8h_24h,平凉,90.0
20170124,23,CO,平凉,2.8
20170124,23,CO_24h,平凉,1.95
20170124,0,AQI,酒泉,86.0
20170124,0,PM2.5,酒泉,54.0
20170124,0,PM2.5_24h,酒泉,33.0
20170124,0,PM10,酒泉,121.0
20170124,0,PM10_24h,酒泉,82.0
20170124,0,SO2,酒泉,14.0
20170124,0,SO2_24h,酒泉,25.0
20170124,0,NO2,酒泉,31.0
20170124,0,NO2_24h,酒泉,32.0
20170124,0,O3,酒泉,49.0
20170124,0,O3_24h,酒泉,80.0
20170124,0,O3_8h,酒泉,49.0
20170124,0,O3_8h_24h,酒泉,71.0
20170124,0,CO,酒泉,0.65
20170124,0,CO_24h,酒泉,0.65
20170124,1,AQI,酒泉,80.0
20170124,1,PM2.5,酒泉,50.0
20170124,1,PM2.5_24h,酒泉,34.0
20170124,1,PM10,酒泉,109.0
20170124,1,PM10_24h,酒泉,84.0
20170124,1,SO2,酒泉,13.0
20170124,1,SO2_24h,酒泉,25.0
20170124,1,NO2,酒泉,30.0
20170124,1,NO2_24h,酒泉,31.0
20170124,1,O3,酒泉,49.0
20170124,1,O3_24h,酒泉,80.0
20170124,1,O3_8h,酒泉,49.0
20170124,1,O3_8h_24h,酒泉,49.0
20170124,1,CO,酒泉,0.65
20170124,1,CO_24h,酒泉,0.65
20170124,2,AQI,酒泉,71.0
20170124,2,PM2.5,酒泉,43.0
20170124,2,PM2.5_24h,酒泉,34.0
20170124,2,PM10,酒泉,92.0
20170124,2,PM10_24h,酒泉,86.0
20170124,2,SO2,酒泉,11.0
20170124,2,SO2_24h,酒泉,24.0
20170124,2,NO2,酒泉,28.0
20170124,2,NO2_24h,酒泉,32.0
20170124,2,O3,酒泉,50.0
20170124,2,O3_24h,酒泉,80.0
20170124,2,O3_8h,酒泉,49.0
20170124,2,O3_8h_24h,酒泉,50.0
20170124,2,CO,酒泉,0.6
20170124,2,CO_24h,酒泉,0.65
20170124,3,AQI,酒泉,67.0
20170124,3,PM2.5,酒泉,37.0
20170124,3,PM2.5_24h,酒泉,35.0
20170124,3,PM10,酒泉,84.0
20170124,3,PM10_24h,酒泉,89.0
20170124,3,SO2,酒泉,12.0
20170124,3,SO2_24h,酒泉,23.0
20170124,3,NO2,酒泉,22.0
20170124,3,NO2_24h,酒泉,32.0
20170124,3,O3,酒泉,59.0
20170124,3,O3_24h,酒泉,80.0
20170124,3,O3_8h,酒泉,52.0
20170124,3,O3_8h_24h,酒泉,52.0
20170124,3,CO,酒泉,0.45
20170124,3,CO_24h,酒泉,0.65
20170124,4,AQI,酒泉,75.0
20170124,4,PM2.5,酒泉,36.0
20170124,4,PM2.5_24h,酒泉,36.0
20170124,4,PM10,酒泉,99.0
20170124,4,PM10_24h,酒泉,91.0
20170124,4,SO2,酒泉,11.0
20170124,4,SO2_24h,酒泉,23.0
20170124,4,NO2,酒泉,29.0
20170124,4,NO2_24h,酒泉,33.0
20170124,4,O3,酒泉,51.0
20170124,4,O3_24h,酒泉,80.0
20170124,4,O3_8h,酒泉,52.0
20170124,4,O3_8h_24h,酒泉,54.0
20170124,4,CO,酒泉,0.5
20170124,4,CO_24h,酒泉,0.65
20170124,5,AQI,酒泉,73.0
20170124,5,PM2.5,酒泉,34.0
20170124,5,PM2.5_24h,酒泉,37.0
20170124,5,PM10,酒泉,95.0
20170124,5,PM10_24h,酒泉,93.0
20170124,5,SO2,酒泉,14.0
20170124,5,SO2_24h,酒泉,23.0
20170124,5,NO2,酒泉,29.0
20170124,5,NO2_24h,酒泉,33.0
20170124,5,O3,酒泉,37.0
20170124,5,O3_24h,酒泉,80.0
20170124,5,O3_8h,酒泉,49.0
20170124,5,O3_8h_24h,酒泉,54.0
20170124,5,CO,酒泉,0.65
20170124,5,CO_24h,酒泉,0.65
20170124,6,AQI,酒泉,60.0
20170124,6,PM2.5,酒泉,31.0
20170124,6,PM2.5_24h,酒泉,37.0
20170124,6,PM10,酒泉,70.0
20170124,6,PM10_24h,酒泉,94.0
20170124,6,SO2,酒泉,17.0
20170124,6,SO2_24h,酒泉,23.0
20170124,6,NO2,酒泉,28.0
20170124,6,NO2_24h,酒泉,34.0
20170124,6,O3,酒泉,46.0
20170124,6,O3_24h,酒泉,80.0
20170124,6,O3_8h,酒泉,48.0
20170124,6,O3_8h_24h,酒泉,54.0
20170124,6,CO,酒泉,0.55
20170124,6,CO_24h,酒泉,0.65
20170124,7,AQI,酒泉,64.0
20170124,7,PM2.5,酒泉,32.0
20170124,7,PM2.5_24h,酒泉,37.0
20170124,7,PM10,酒泉,78.0
20170124,7,PM10_24h,酒泉,94.0
20170124,7,SO2,酒泉,23.0
20170124,7,SO2_24h,酒泉,22.0
20170124,7,NO2,酒泉,30.0
20170124,7,NO2_24h,酒泉,33.0
20170124,7,O3,酒泉,32.0
20170124,7,O3_24h,酒泉,80.0
20170124,7,O3_8h,酒泉,46.0
20170124,7,O3_8h_24h,酒泉,54.0
20170124,7,CO,酒泉,0.65
20170124,7,CO_24h,酒泉,0.65
20170124,8,AQI,酒泉,56.0
20170124,8,PM2.5,酒泉,30.0
20170124,8,PM2.5_24h,酒泉,37.0
20170124,8,PM10,酒泉,61.0
20170124,8,PM10_24h,酒泉,93.0
20170124,8,SO2,酒泉,26.0
20170124,8,SO2_24h,酒泉,22.0
20170124,8,NO2,酒泉,36.0
20170124,8,NO2_24h,酒泉,32.0
20170124,8,O3,酒泉,29.0
20170124,8,O3_24h,酒泉,80.0
20170124,8,O3_8h,酒泉,44.0
20170124,8,O3_8h_24h,酒泉,54.0
20170124,8,CO,酒泉,0.65
20170124,8,CO_24h,酒泉,0.65
20170124,9,AQI,酒泉,54.0
20170124,9,PM2.5,酒泉,38.0
20170124,9,PM2.5_24h,酒泉,38.0
20170124,9,PM10,酒泉,58.0
20170124,9,PM10_24h,酒泉,92.0
20170124,9,SO2,酒泉,43.0
20170124,9,SO2_24h,酒泉,22.0
20170124,9,NO2,酒泉,57.0
20170124,9,NO2_24h,酒泉,32.0
20170124,9,O3,酒泉,15.0
20170124,9,O3_24h,酒泉,80.0
20170124,9,O3_8h,酒泉,40.0
20170124,9,O3_8h_24h,酒泉,54.0
20170124,9,CO,酒泉,1.65
20170124,9,CO_24h,酒泉,0.65
20170124,10,AQI,酒泉,90.0
20170124,10,PM2.5,酒泉,51.0
20170124,10,PM2.5_24h,酒泉,38.0
20170124,10,PM10,酒泉,130.0
20170124,10,PM10_24h,酒泉,95.0
20170124,10,SO2,酒泉,47.0
20170124,10,SO2_24h,酒泉,23.0
20170124,10,NO2,酒泉,64.0
20170124,10,NO2_24h,酒泉,33.0
20170124,10,O3,酒泉,12.0
20170124,10,O3_24h,酒泉,80.0
20170124,10,O3_8h,酒泉,35.0
20170124,10,O3_8h_24h,酒泉,54.0
20170124,10,CO,酒泉,2.35
20170124,10,CO_24h,酒泉,0.75
20170124,11,AQI,酒泉,111.0
20170124,11,PM2.5,酒泉,74.0
20170124,11,PM2.5_24h,酒泉,40.0
20170124,11,PM10,酒泉,171.0
20170124,11,PM10_24h,酒泉,99.0
20170124,11,SO2,酒泉,58.0
20170124,11,SO2_24h,酒泉,24.0
20170124,11,NO2,酒泉,77.0
20170124,11,NO2_24h,酒泉,34.0
20170124,11,O3,酒泉,23.0
20170124,11,O3_24h,酒泉,80.0
20170124,11,O3_8h,酒泉,31.0
20170124,11,O3_8h_24h,酒泉,54.0
20170124,11,CO,酒泉,2.75
20170124,11,CO_24h,酒泉,0.8
20170124,12,AQI,酒泉,143.0
20170124,12,PM2.5,酒泉,109.0
20170124,12,PM2.5_24h,酒泉,43.0
20170124,12,PM10,酒泉,173.0
20170124,12,PM10_24h,酒泉,102.0
20170124,12,SO2,酒泉,68.0
20170124,12,SO2_24h,酒泉,26.0
20170124,12,NO2,酒泉,92.0
20170124,12,NO2_24h,酒泉,37.0
20170124,12,O3,酒泉,36.0
20170124,12,O3_24h,酒泉,80.0
20170124,12,O3_8h,酒泉,29.0
20170124,12,O3_8h_24h,酒泉,54.0
20170124,12,CO,酒泉,2.8
20170124,12,CO_24h,酒泉,0.9
20170124,13,AQI,酒泉,128.0
20170124,13,PM2.5,酒泉,70.0
20170124,13,PM2.5_24h,酒泉,45.0
20170124,13,PM10,酒泉,205.0
20170124,13,PM10_24h,酒泉,106.0
20170124,13,SO2,酒泉,42.0
20170124,13,SO2_24h,酒泉,26.0
20170124,13,NO2,酒泉,65.0
20170124,13,NO2_24h,酒泉,39.0
20170124,13,O3,酒泉,57.0
20170124,13,O3_24h,酒泉,80.0
20170124,13,O3_8h,酒泉,31.0
20170124,13,O3_8h_24h,酒泉,54.0
20170124,13,CO,酒泉,1.6
20170124,13,CO_24h,酒泉,1.0
20170124,14,AQI,酒泉,104.0
20170124,14,PM2.5,酒泉,64.0
20170124,14,PM2.5_24h,酒泉,46.0
20170124,14,PM10,酒泉,158.0
20170124,14,PM10_24h,酒泉,110.0
20170124,14,SO2,酒泉,20.0
20170124,14,SO2_24h,酒泉,27.0
20170124,14,NO2,酒泉,44.0
20170124,14,NO2_24h,酒泉,41.0
20170124,14,O3,酒泉,86.0
20170124,14,O3_24h,酒泉,87.0
20170124,14,O3_8h,酒泉,36.0
20170124,14,O3_8h_24h,酒泉,54.0
20170124,14,CO,酒泉,1.0
20170124,14,CO_24h,酒泉,1.0
20170124,15,AQI,酒泉,101.0
20170124,15,PM2.5,酒泉,66.0
20170124,15,PM2.5_24h,酒泉,48.0
20170124,15,PM10,酒泉,151.0
20170124,15,PM10_24h,酒泉,112.0
20170124,15,SO2,酒泉,22.0
20170124,15,SO2_24h,酒泉,27.0
20170124,15,NO2,酒泉,51.0
20170124,15,NO2_24h,酒泉,42.0
20170124,15,O3,酒泉,94.0
20170124,15,O3_24h,酒泉,94.0
20170124,15,O3_8h,酒泉,44.0
20170124,15,O3_8h_24h,酒泉,54.0
20170124,15,CO,酒泉,0.95
20170124,15,CO_24h,酒泉,1.0
20170124,16,AQI,酒泉,98.0
20170124,16,PM2.5,酒泉,69.0
20170124,16,PM2.5_24h,酒泉,50.0
20170124,16,PM10,酒泉,145.0
20170124,16,PM10_24h,酒泉,114.0
20170124,16,SO2,酒泉,22.0
20170124,16,SO2_24h,酒泉,27.0
20170124,16,NO2,酒泉,44.0
20170124,16,NO2_24h,酒泉,43.0
20170124,16,O3,酒泉,95.0
20170124,16,O3_24h,酒泉,97.0
20170124,16,O3_8h,酒泉,52.0
20170124,16,O3_8h_24h,酒泉,57.0
20170124,16,CO,酒泉,0.95
20170124,16,CO_24h,酒泉,1.05
20170124,17,AQI,酒泉,88.0
20170124,17,PM2.5,酒泉,42.0
20170124,17,PM2.5_24h,酒泉,50.0
20170124,17,PM10,酒泉,126.0
20170124,17,PM10_24h,酒泉,115.0
20170124,17,SO2,酒泉,12.0
20170124,17,SO2_24h,酒泉,27.0
20170124,17,NO2,酒泉,33.0
20170124,17,NO2_24h,酒泉,44.0
20170124,17,O3,酒泉,83.0
20170124,17,O3_24h,酒泉,97.0
20170124,17,O3_8h,酒泉,60.0
20170124,17,O3_8h_24h,酒泉,61.0
20170124,17,CO,酒泉,0.7
20170124,17,CO_24h,酒泉,1.05
20170124,18,AQI,酒泉,78.0
20170124,18,PM2.5,酒泉,38.0
20170124,18,PM2.5_24h,酒泉,51.0
20170124,18,PM10,酒泉,105.0
20170124,18,PM10_24h,酒泉,116.0
20170124,18,SO2,酒泉,15.0
20170124,18,SO2_24h,酒泉,26.0
20170124,18,NO2,酒泉,36.0
20170124,18,NO2_24h,酒泉,44.0
20170124,18,O3,酒泉,63.0
20170124,18,O3_24h,酒泉,97.0
20170124,18,O3_8h,酒泉,67.0
20170124,18,O3_8h_24h,酒泉,67.0
20170124,18,CO,酒泉,0.85
20170124,18,CO_24h,酒泉,1.05
20170124,19,AQI,酒泉,91.0
20170124,19,PM2.5,酒泉,43.0
20170124,19,PM2.5_24h,酒泉,51.0
20170124,19,PM10,酒泉,132.0
20170124,19,PM10_24h,酒泉,118.0
20170124,19,SO2,酒泉,28.0
20170124,19,SO2_24h,酒泉,26.0
20170124,19,NO2,酒泉,58.0
20170124,19,NO2_24h,酒泉,45.0
20170124,19,O3,酒泉,42.0
20170124,19,O3_24h,酒泉,97.0
20170124,19,O3_8h,酒泉,70.0
20170124,19,O3_8h_24h,酒泉,70.0
20170124,19,CO,酒泉,1.3
20170124,19,CO_24h,酒泉,1.1
20170124,20,AQI,酒泉,99.0
20170124,20,PM2.5,酒泉,66.0
20170124,20,PM2.5_24h,酒泉,52.0
20170124,20,PM10,酒泉,147.0
20170124,20,PM10_24h,酒泉,120.0
20170124,20,SO2,酒泉,37.0
20170124,20,SO2_24h,酒泉,26.0
20170124,20,NO2,酒泉,67.0
20170124,20,NO2_24h,酒泉,46.0
20170124,20,O3,酒泉,33.0
20170124,20,O3_24h,酒泉,97.0
20170124,20,O3_8h,酒泉,69.0
20170124,20,O3_8h_24h,酒泉,71.0
20170124,20,CO,酒泉,1.85
20170124,20,CO_24h,酒泉,1.15
20170124,21,AQI,酒泉,125.0
20170124,21,PM2.5,酒泉,95.0
20170124,21,PM2.5_24h,酒泉,54.0
20170124,21,PM10,酒泉,194.0
20170124,21,PM10_24h,酒泉,123.0
20170124,21,SO2,酒泉,54.0
20170124,21,SO2_24h,酒泉,27.0
20170124,21,NO2,酒泉,85.0
20170124,21,NO2_24h,酒泉,47.0
20170124,21,O3,酒泉,20.0
20170124,21,O3_24h,酒泉,97.0
20170124,21,O3_8h,酒泉,65.0
20170124,21,O3_8h_24h,酒泉,71.0
20170124,21,CO,酒泉,2.65
20170124,21,CO_24h,酒泉,1.2
20170124,22,AQI,酒泉,141.0
20170124,22,PM2.5,酒泉,108.0
20170124,22,PM2.5_24h,酒泉,56.0
20170124,22,PM10,酒泉,200.0
20170124,22,PM10_24h,酒泉,126.0
20170124,22,SO2,酒泉,43.0
20170124,22,SO2_24h,酒泉,28.0
20170124,22,NO2,酒泉,90.0
20170124,22,NO2_24h,酒泉,49.0
20170124,22,O3,酒泉,12.0
20170124,22,O3_24h,酒泉,97.0
20170124,22,O3_8h,酒泉,55.0
20170124,22,O3_8h_24h,酒泉,71.0
20170124,22,CO,酒泉,2.65
20170124,22,CO_24h,酒泉,1.25
20170124,23,AQI,酒泉,138.0
20170124,23,PM2.5,酒泉,105.0
20170124,23,PM2.5_24h,酒泉,58.0
20170124,23,PM10,酒泉,215.0
20170124,23,PM10_24h,酒泉,130.0
20170124,23,SO2,酒泉,32.0
20170124,23,SO2_24h,酒泉,28.0
20170124,23,NO2,酒泉,74.0
20170124,23,NO2_24h,酒泉,50.0
20170124,23,O3,酒泉,17.0
20170124,23,O3_24h,酒泉,97.0
20170124,23,O3_8h,酒泉,46.0
20170124,23,O3_8h_24h,酒泉,71.0
20170124,23,CO,酒泉,2.1
20170124,23,CO_24h,酒泉,1.3
20170124,0,AQI,庆阳,108.0
20170124,0,PM2.5,庆阳,81.0
20170124,0,PM2.5_24h,庆阳,66.0
20170124,0,PM10,庆阳,107.0
20170124,0,PM10_24h,庆阳,101.0
20170124,0,SO2,庆阳,50.0
20170124,0,SO2_24h,庆阳,93.0
20170124,0,NO2,庆阳,39.0
20170124,0,NO2_24h,庆阳,42.0
20170124,0,O3,庆阳,85.0
20170124,0,O3_24h,庆阳,113.0
20170124,0,O3_8h,庆阳,80.0
20170124,0,O3_8h_24h,庆阳,98.0
20170124,0,CO,庆阳,1.25
20170124,0,CO_24h,庆阳,1.3
20170124,1,AQI,庆阳,128.0
20170124,1,PM2.5,庆阳,97.0
20170124,1,PM2.5_24h,庆阳,68.0
20170124,1,PM10,庆阳,120.0
20170124,1,PM10_24h,庆阳,103.0
20170124,1,SO2,庆阳,45.0
20170124,1,SO2_24h,庆阳,93.0
20170124,1,NO2,庆阳,32.0
20170124,1,NO2_24h,庆阳,42.0
20170124,1,O3,庆阳,87.0
20170124,1,O3_24h,庆阳,113.0
20170124,1,O3_8h,庆阳,87.0
20170124,1,O3_8h_24h,庆阳,87.0
20170124,1,CO,庆阳,1.45
20170124,1,CO_24h,庆阳,1.35
20170124,2,AQI,庆阳,121.0
20170124,2,PM2.5,庆阳,92.0
20170124,2,PM2.5_24h,庆阳,69.0
20170124,2,PM10,庆阳,122.0
20170124,2,PM10_24h,庆阳,105.0
20170124,2,SO2,庆阳,38.0
20170124,2,SO2_24h,庆阳,92.0
20170124,2,NO2,庆阳,31.0
20170124,2,NO2_24h,庆阳,42.0
20170124,2,O3,庆阳,89.0
20170124,2,O3_24h,庆阳,113.0
20170124,2,O3_8h,庆阳,88.0
20170124,2,O3_8h_24h,庆阳,89.0
20170124,2,CO,庆阳,1.35
20170124,2,CO_24h,庆阳,1.35
20170124,3,AQI,庆阳,109.0
20170124,3,PM2.5,庆阳,82.0
20170124,3,PM2.5_24h,庆阳,70.0
20170124,3,PM10,庆阳,114.0
20170124,3,PM10_24h,庆阳,106.0
20170124,3,SO2,庆阳,31.0
20170124,3,SO2_24h,庆阳,92.0
20170124,3,NO2,庆阳,27.0
20170124,3,NO2_24h,庆阳,42.0
20170124,3,O3,庆阳,101.0
20170124,3,O3_24h,庆阳,113.0
20170124,3,O3_8h,庆阳,92.0
20170124,3,O3_8h_24h,庆阳,92.0
20170124,3,CO,庆阳,1.25
20170124,3,CO_24h,庆阳,1.35
20170124,4,AQI,庆阳,101.0
20170124,4,PM2.5,庆阳,76.0
20170124,4,PM2.5_24h,庆阳,71.0
20170124,4,PM10,庆阳,103.0
20170124,4,PM10_24h,庆阳,107.0
20170124,4,SO2,庆阳,42.0
20170124,4,SO2_24h,庆阳,93.0
20170124,4,NO2,庆阳,35.0
20170124,4,NO2_24h,庆阳,43.0
20170124,4,O3,庆阳,96.0
20170124,4,O3_24h,庆阳,113.0
20170124,4,O3_8h,庆阳,93.0
20170124,4,O3_8h_24h,庆阳,93.0
20170124,4,CO,庆阳,1.35
20170124,4,CO_24h,庆阳,1.35
20170124,5,AQI,庆阳,128.0
20170124,5,PM2.5,庆阳,97.0
20170124,5,PM2.5_24h,庆阳,72.0
20170124,5,PM10,庆阳,100.0
20170124,5,PM10_24h,庆阳,107.0
20170124,5,SO2,庆阳,49.0
20170124,5,SO2_24h,庆阳,94.0
20170124,5,NO2,庆阳,36.0
20170124,5,NO2_24h,庆阳,43.0
20170124,5,O3,庆阳,91.0
20170124,5,O3_24h,庆阳,113.0
20170124,5,O3_8h,庆阳,93.0
20170124,5,O3_8h_24h,庆阳,94.0
20170124,5,CO,庆阳,2.3
20170124,5,CO_24h,庆阳,1.35
20170124,6,AQI,庆阳,116.0
20170124,6,PM2.5,庆阳,88.0
20170124,6,PM2.5_24h,庆阳,73.0
20170124,6,PM10,庆阳,128.0
20170124,6,PM10_24h,庆阳,109.0
20170124,6,SO2,庆阳,67.0
20170124,6,SO2_24h,庆阳,90.0
20170124,6,NO2,庆阳,36.0
20170124,6,NO2_24h,庆阳,43.0
20170124,6,O3,庆阳,93.0
20170124,6,O3_24h,庆阳,113.0
20170124,6,O3_8h,庆阳,93.0
20170124,6,O3_8h_24h,庆阳,94.0
20170124,6,CO,庆阳,1.6
20170124,6,CO_24h,庆阳,1.35
20170124,7,AQI,庆阳,167.0
20170124,7,PM2.5,庆阳,127.0
20170124,7,PM2.5_24h,庆阳,75.0
20170124,7,PM10,庆阳,154.0
20170124,7,PM10_24h,庆阳,110.0
20170124,7,SO2,庆阳,218.0
20170124,7,SO2_24h,庆阳,96.0
20170124,7,NO2,庆阳,57.0
20170124,7,NO2_24h,庆阳,43.0
20170124,7,O3,庆阳,51.0
20170124,7,O3_24h,庆阳,113.0
20170124,7,O3_8h,庆阳,87.0
20170124,7,O3_8h_24h,庆阳,94.0
20170124,7,CO,庆阳,2.7
20170124,7,CO_24h,庆阳,1.45
20170124,8,AQI,庆阳,180.0
20170124,8,PM2.5,庆阳,136.0
20170124,8,PM2.5_24h,庆阳,78.0
20170124,8,PM10,庆阳,193.0
20170124,8,PM10_24h,庆阳,113.0
20170124,8,SO2,庆阳,228.0
20170124,8,SO2_24h,庆阳,100.0
20170124,8,NO2,庆阳,69.0
20170124,8,NO2_24h,庆阳,43.0
20170124,8,O3,庆阳,33.0
20170124,8,O3_24h,庆阳,113.0
20170124,8,O3_8h,庆阳,80.0
20170124,8,O3_8h_24h,庆阳,94.0
20170124,8,CO,庆阳,2.7
20170124,8,CO_24h,庆阳,1.45
20170124,9,AQI,庆阳,221.0
20170124,9,PM2.5,庆阳,171.0
20170124,9,PM2.5_24h,庆阳,81.0
20170124,9,PM10,庆阳,214.0
20170124,9,PM10_24h,庆阳,116.0
20170124,9,SO2,庆阳,356.0
20170124,9,SO2_24h,庆阳,106.0
20170124,9,NO2,庆阳,78.0
20170124,9,NO2_24h,庆阳,44.0
20170124,9,O3,庆阳,39.0
20170124,9,O3_24h,庆阳,113.0
20170124,9,O3_8h,庆阳,74.0
20170124,9,O3_8h_24h,庆阳,94.0
20170124,9,CO,庆阳,3.35
20170124,9,CO_24h,庆阳,1.5
20170124,10,AQI,庆阳,143.0
20170124,10,PM2.5,庆阳,109.0
20170124,10,PM2.5_24h,庆阳,82.0
20170124,10,PM10,庆阳,184.0
20170124,10,PM10_24h,庆阳,118.0
20170124,10,SO2,庆阳,142.0
20170124,10,SO2_24h,庆阳,108.0
20170124,10,NO2,庆阳,70.0
20170124,10,NO2_24h,庆阳,45.0
20170124,10,O3,庆阳,51.0
20170124,10,O3_24h,庆阳,113.0
20170124,10,O3_8h,庆阳,70.0
20170124,10,O3_8h_24h,庆阳,94.0
20170124,10,CO,庆阳,1.85
20170124,10,CO_24h,庆阳,1.5
20170124,11,AQI,庆阳,135.0
20170124,11,PM2.5,庆阳,103.0
20170124,11,PM2.5_24h,庆阳,83.0
20170124,11,PM10,庆阳,149.0
20170124,11,PM10_24h,庆阳,119.0
20170124,11,SO2,庆阳,142.0
20170124,11,SO2_24h,庆阳,111.0
20170124,11,NO2,庆阳,54.0
20170124,11,NO2_24h,庆阳,45.0
20170124,11,O3,庆阳,74.0
20170124,11,O3_24h,庆阳,113.0
20170124,11,O3_8h,庆阳,66.0
20170124,11,O3_8h_24h,庆阳,94.0
20170124,11,CO,庆阳,1.7
20170124,11,CO_24h,庆阳,1.55
20170124,12,AQI,庆阳,145.0
20170124,12,PM2.5,庆阳,111.0
20170124,12,PM2.5_24h,庆阳,85.0
20170124,12,PM10,庆阳,137.0
20170124,12,PM10_24h,庆阳,120.0
20170124,12,SO2,庆阳,124.0
20170124,12,SO2_24h,庆阳,113.0
20170124,12,NO2,庆阳,47.0
20170124,12,NO2_24h,庆阳,45.0
20170124,12,O3,庆阳,88.0
20170124,12,O3_24h,庆阳,113.0
20170124,12,O3_8h,庆阳,65.0
20170124,12,O3_8h_24h,庆阳,94.0
20170124,12,CO,庆阳,1.5
20170124,12,CO_24h,庆阳,1.55
20170124,13,AQI,庆阳,141.0
20170124,13,PM2.5,庆阳,108.0
20170124,13,PM2.5_24h,庆阳,86.0
20170124,13,PM10,庆阳,123.0
20170124,13,PM10_24h,庆阳,121.0
20170124,13,SO2,庆阳,60.0
20170124,13,SO2_24h,庆阳,113.0
20170124,13,NO2,庆阳,43.0
20170124,13,NO2_24h,庆阳,46.0
20170124,13,O3,庆阳,97.0
20170124,13,O3_24h,庆阳,113.0
20170124,13,O3_8h,庆阳,66.0
20170124,13,O3_8h_24h,庆阳,94.0
20170124,13,CO,庆阳,1.35
20170124,13,CO_24h,庆阳,1.55
20170124,14,AQI,庆阳,136.0
20170124,14,PM2.5,庆阳,104.0
20170124,14,PM2.5_24h,庆阳,89.0
20170124,14,PM10,庆阳,121.0
20170124,14,PM10_24h,庆阳,123.0
20170124,14,SO2,庆阳,44.0
20170124,14,SO2_24h,庆阳,113.0
20170124,14,NO2,庆阳,35.0
20170124,14,NO2_24h,庆阳,46.0
20170124,14,O3,庆阳,116.0
20170124,14,O3_24h,庆阳,116.0
20170124,14,O3_8h,庆阳,69.0
20170124,14,O3_8h_24h,庆阳,94.0
20170124,14,CO,庆阳,1.25
20170124,14,CO_24h,庆阳,1.55
20170124,15,AQI,庆阳,141.0
20170124,15,PM2.5,庆阳,108.0
20170124,15,PM2.5_24h,庆阳,91.0
20170124,15,PM10,庆阳,123.0
20170124,15,PM10_24h,庆阳,126.0
20170124,15,SO2,庆阳,47.0
20170124,15,SO2_24h,庆阳,114.0
20170124,15,NO2,庆阳,32.0
20170124,15,NO2_24h,庆阳,46.0
20170124,15,O3,庆阳,123.0
20170124,15,O3_24h,庆阳,123.0
20170124,15,O3_8h,庆阳,78.0
20170124,15,O3_8h_24h,庆阳,94.0
20170124,15,CO,庆阳,1.25
20170124,15,CO_24h,庆阳,1.6
20170124,16,AQI,庆阳,143.0
20170124,16,PM2.5,庆阳,109.0
20170124,16,PM2.5_24h,庆阳,94.0
20170124,16,PM10,庆阳,124.0
20170124,16,PM10_24h,庆阳,128.0
20170124,16,SO2,庆阳,41.0
20170124,16,SO2_24h,庆阳,114.0
20170124,16,NO2,庆阳,31.0
20170124,16,NO2_24h,庆阳,46.0
20170124,16,O3,庆阳,128.0
20170124,16,O3_24h,庆阳,128.0
20170124,16,O3_8h,庆阳,90.0
20170124,16,O3_8h_24h,庆阳,94.0
20170124,16,CO,庆阳,1.4
20170124,16,CO_24h,庆阳,1.65
20170124,17,AQI,庆阳,148.0
20170124,17,PM2.5,庆阳,113.0
20170124,17,PM2.5_24h,庆阳,97.0
20170124,17,PM10,庆阳,121.0
20170124,17,PM10_24h,庆阳,131.0
20170124,17,SO2,庆阳,79.0
20170124,17,SO2_24h,庆阳,116.0
20170124,17,NO2,庆阳,42.0
20170124,17,NO2_24h,庆阳,46.0
20170124,17,O3,庆阳,119.0
20170124,17,O3_24h,庆阳,128.0
20170124,17,O3_8h,庆阳,99.0
20170124,17,O3_8h_24h,庆阳,99.0
20170124,17,CO,庆阳,1.5
20170124,17,CO_24h,庆阳,1.65
20170124,18,AQI,庆阳,160.0
20170124,18,PM2.5,庆阳,122.0
20170124,18,PM2.5_24h,庆阳,100.0
20170124,18,PM10,庆阳,140.0
20170124,18,PM10_24h,庆阳,133.0
20170124,18,SO2,庆阳,132.0
20170124,18,SO2_24h,庆阳,116.0
20170124,18,NO2,庆阳,52.0
20170124,18,NO2_24h,庆阳,47.0
20170124,18,O3,庆阳,105.0
20170124,18,O3_24h,庆阳,128.0
20170124,18,O3_8h,庆阳,106.0
20170124,18,O3_8h_24h,庆阳,106.0
20170124,18,CO,庆阳,1.65
20170124,18,CO_24h,庆阳,1.65
20170124,19,AQI,庆阳,166.0
20170124,19,PM2.5,庆阳,126.0
20170124,19,PM2.5_24h,庆阳,103.0
20170124,19,PM10,庆阳,155.0
20170124,19,PM10_24h,庆阳,136.0
20170124,19,SO2,庆阳,148.0
20170124,19,SO2_24h,庆阳,111.0
20170124,19,NO2,庆阳,72.0
20170124,19,NO2_24h,庆阳,47.0
20170124,19,O3,庆阳,79.0
20170124,19,O3_24h,庆阳,128.0
20170124,19,O3_8h,庆阳,107.0
20170124,19,O3_8h_24h,庆阳,107.0
20170124,19,CO,庆阳,1.8
20170124,19,CO_24h,庆阳,1.65
20170124,20,AQI,庆阳,194.0
20170124,20,PM2.5,庆阳,146.0
20170124,20,PM2.5_24h,庆阳,106.0
20170124,20,PM10,庆阳,180.0
20170124,20,PM10_24h,庆阳,139.0
20170124,20,SO2,庆阳,157.0
20170124,20,SO2_24h,庆阳,110.0
20170124,20,NO2,庆阳,68.0
20170124,20,NO2_24h,庆阳,47.0
20170124,20,O3,庆阳,78.0
20170124,20,O3_24h,庆阳,128.0
20170124,20,O3_8h,庆阳,106.0
20170124,20,O3_8h_24h,庆阳,107.0
20170124,20,CO,庆阳,1.9
20170124,20,CO_24h,庆阳,1.7
20170124,21,AQI,庆阳,217.0
20170124,21,PM2.5,庆阳,167.0
20170124,21,PM2.5_24h,庆阳,110.0
20170124,21,PM10,庆阳,206.0
20170124,21,PM10_24h,庆阳,143.0
20170124,21,SO2,庆阳,180.0
20170124,21,SO2_24h,庆阳,110.0
20170124,21,NO2,庆阳,72.0
20170124,21,NO2_24h,庆阳,48.0
20170124,21,O3,庆阳,69.0
20170124,21,O3_24h,庆阳,128.0
20170124,21,O3_8h,庆阳,102.0
20170124,21,O3_8h_24h,庆阳,107.0
20170124,21,CO,庆阳,2.05
20170124,21,CO_24h,庆阳,1.7
20170124,22,AQI,庆阳,217.0
20170124,22,PM2.5,庆阳,167.0
20170124,22,PM2.5_24h,庆阳,114.0
20170124,22,PM10,庆阳,207.0
20170124,22,PM10_24h,庆阳,148.0
20170124,22,SO2,庆阳,133.0
20170124,22,SO2_24h,庆阳,111.0
20170124,22,NO2,庆阳,60.0
20170124,22,NO2_24h,庆阳,49.0
20170124,22,O3,庆阳,73.0
20170124,22,O3_24h,庆阳,128.0
20170124,22,O3_8h,庆阳,97.0
20170124,22,O3_8h_24h,庆阳,107.0
20170124,22,CO,庆阳,1.95
20170124,22,CO_24h,庆阳,1.7
20170124,23,AQI,庆阳,225.0
20170124,23,PM2.5,庆阳,175.0
20170124,23,PM2.5_24h,庆阳,117.0
20170124,23,PM10,庆阳,203.0
20170124,23,PM10_24h,庆阳,151.0
20170124,23,SO2,庆阳,101.0
20170124,23,SO2_24h,庆阳,110.0
20170124,23,NO2,庆阳,49.0
20170124,23,NO2_24h,庆阳,49.0
20170124,23,O3,庆阳,79.0
20170124,23,O3_24h,庆阳,128.0
20170124,23,O3_8h,庆阳,91.0
20170124,23,O3_8h_24h,庆阳,107.0
20170124,23,CO,庆阳,1.85
20170124,23,CO_24h,庆阳,1.75
20170124,0,AQI,定西,184.0
20170124,0,PM2.5,定西,139.0
20170124,0,PM2.5_24h,定西,83.0
20170124,0,PM10,定西,205.0
20170124,0,PM10_24h,定西,140.0
20170124,0,SO2,定西,60.0
20170124,0,SO2_24h,定西,78.0
20170124,0,NO2,定西,58.0
20170124,0,NO2_24h,定西,46.0
20170124,0,O3,定西,3.0
20170124,0,O3_24h,定西,78.0
20170124,0,O3_8h,定西,25.0
20170124,0,O3_8h_24h,定西,60.0
20170124,0,CO,定西,2.75
20170124,0,CO_24h,定西,2.1
20170124,1,AQI,定西,156.0
20170124,1,PM2.5,定西,119.0
20170124,1,PM2.5_24h,定西,85.0
20170124,1,PM10,定西,172.0
20170124,1,PM10_24h,定西,141.0
20170124,1,SO2,定西,39.0
20170124,1,SO2_24h,定西,78.0
20170124,1,NO2,定西,46.0
20170124,1,NO2_24h,定西,46.0
20170124,1,O3,定西,8.0
20170124,1,O3_24h,定西,78.0
20170124,1,O3_8h,定西,8.0
20170124,1,O3_8h_24h,定西,8.0
20170124,1,CO,定西,2.55
20170124,1,CO_24h,定西,2.1
20170124,2,AQI,定西,145.0
20170124,2,PM2.5,定西,111.0
20170124,2,PM2.5_24h,定西,86.0
20170124,2,PM10,定西,153.0
20170124,2,PM10_24h,定西,143.0
20170124,2,SO2,定西,30.0
20170124,2,SO2_24h,定西,78.0
20170124,2,NO2,定西,42.0
20170124,2,NO2_24h,定西,46.0
20170124,2,O3,定西,11.0
20170124,2,O3_24h,定西,78.0
20170124,2,O3_8h,定西,9.0
20170124,2,O3_8h_24h,定西,9.0
20170124,2,CO,定西,2.5
20170124,2,CO_24h,定西,2.1
20170124,3,AQI,定西,138.0
20170124,3,PM2.5,定西,105.0
20170124,3,PM2.5_24h,定西,88.0
20170124,3,PM10,定西,146.0
20170124,3,PM10_24h,定西,144.0
20170124,3,SO2,定西,26.0
20170124,3,SO2_24h,定西,79.0
20170124,3,NO2,定西,41.0
20170124,3,NO2_24h,定西,46.0
20170124,3,O3,定西,8.0
20170124,3,O3_24h,定西,78.0
20170124,3,O3_8h,定西,9.0
20170124,3,O3_8h_24h,定西,9.0
20170124,3,CO,定西,2.45
20170124,3,CO_24h,定西,2.1
20170124,4,AQI,定西,128.0
20170124,4,PM2.5,定西,97.0
20170124,4,PM2.5_24h,定西,89.0
20170124,4,PM10,定西,134.0
20170124,4,PM10_24h,定西,145.0
20170124,4,SO2,定西,21.0
20170124,4,SO2_24h,定西,79.0
20170124,4,NO2,定西,33.0
20170124,4,NO2_24h,定西,46.0
20170124,4,O3,定西,14.0
20170124,4,O3_24h,定西,78.0
20170124,4,O3_8h,定西,10.0
20170124,4,O3_8h_24h,定西,10.0
20170124,4,CO,定西,2.1
20170124,4,CO_24h,定西,2.15
20170124,5,AQI,定西,128.0
20170124,5,PM2.5,定西,97.0
20170124,5,PM2.5_24h,定西,91.0
20170124,5,PM10,定西,136.0
20170124,5,PM10_24h,定西,147.0
20170124,5,SO2,定西,25.0
20170124,5,SO2_24h,定西,79.0
20170124,5,NO2,定西,38.0
20170124,5,NO2_24h,定西,46.0
20170124,5,O3,定西,11.0
20170124,5,O3_24h,定西,78.0
20170124,5,O3_8h,定西,10.0
20170124,5,O3_8h_24h,定西,10.0
20170124,5,CO,定西,2.15
20170124,5,CO_24h,定西,2.2
20170124,6,AQI,定西,125.0
20170124,6,PM2.5,定西,95.0
20170124,6,PM2.5_24h,定西,93.0
20170124,6,PM10,定西,140.0
20170124,6,PM10_24h,定西,149.0
20170124,6,SO2,定西,40.0
20170124,6,SO2_24h,定西,79.0
20170124,6,NO2,定西,37.0
20170124,6,NO2_24h,定西,46.0
20170124,6,O3,定西,11.0
20170124,6,O3_24h,定西,78.0
20170124,6,O3_8h,定西,10.0
20170124,6,O3_8h_24h,定西,10.0
20170124,6,CO,定西,2.15
20170124,6,CO_24h,定西,2.2
20170124,7,AQI,定西,136.0
20170124,7,PM2.5,定西,104.0
20170124,7,PM2.5_24h,定西,94.0
20170124,7,PM10,定西,153.0
20170124,7,PM10_24h,定西,150.0
20170124,7,SO2,定西,69.0
20170124,7,SO2_24h,定西,80.0
20170124,7,NO2,定西,46.0
20170124,7,NO2_24h,定西,47.0
20170124,7,O3,定西,5.0
20170124,7,O3_24h,定西,78.0
20170124,7,O3_8h,定西,9.0
20170124,7,O3_8h_24h,定西,10.0
20170124,7,CO,定西,2.45
20170124,7,CO_24h,定西,2.2
20170124,8,AQI,定西,143.0
20170124,8,PM2.5,定西,109.0
20170124,8,PM2.5_24h,定西,95.0
20170124,8,PM10,定西,161.0
20170124,8,PM10_24h,定西,150.0
20170124,8,SO2,定西,128.0
20170124,8,SO2_24h,定西,80.0
20170124,8,NO2,定西,49.0
20170124,8,NO2_24h,定西,47.0
20170124,8,O3,定西,4.0
20170124,8,O3_24h,定西,78.0
20170124,8,O3_8h,定西,9.0
20170124,8,O3_8h_24h,定西,10.0
20170124,8,CO,定西,2.45
20170124,8,CO_24h,定西,2.15
20170124,9,AQI,定西,193.0
20170124,9,PM2.5,定西,145.0
20170124,9,PM2.5_24h,定西,96.0
20170124,9,PM10,定西,212.0
20170124,9,PM10_24h,定西,151.0
20170124,9,SO2,定西,143.0
20170124,9,SO2_24h,定西,81.0
20170124,9,NO2,定西,50.0
20170124,9,NO2_24h,定西,47.0
20170124,9,O3,定西,4.0
20170124,9,O3_24h,定西,78.0
20170124,9,O3_8h,定西,8.0
20170124,9,O3_8h_24h,定西,10.0
20170124,9,CO,定西,2.95
20170124,9,CO_24h,定西,2.15
20170124,10,AQI,定西,184.0
20170124,10,PM2.5,定西,139.0
20170124,10,PM2.5_24h,定西,98.0
20170124,10,PM10,定西,189.0
20170124,10,PM10_24h,定西,151.0
20170124,10,SO2,定西,122.0
20170124,10,SO2_24h,定西,79.0
20170124,10,NO2,定西,44.0
20170124,10,NO2_24h,定西,47.0
20170124,10,O3,定西,9.0
20170124,10,O3_24h,定西,78.0
20170124,10,O3_8h,定西,8.0
20170124,10,O3_8h_24h,定西,10.0
20170124,10,CO,定西,2.5
20170124,10,CO_24h,定西,2.15
20170124,11,AQI,定西,145.0
20170124,11,PM2.5,定西,111.0
20170124,11,PM2.5_24h,定西,96.0
20170124,11,PM10,定西,175.0
20170124,11,PM10_24h,定西,148.0
20170124,11,SO2,定西,142.0
20170124,11,SO2_24h,定西,81.0
20170124,11,NO2,定西,48.0
20170124,11,NO2_24h,定西,47.0
20170124,11,O3,定西,18.0
20170124,11,O3_24h,定西,78.0
20170124,11,O3_8h,定西,9.0
20170124,11,O3_8h_24h,定西,10.0
20170124,11,CO,定西,2.2
20170124,11,CO_24h,定西,2.15
20170124,12,AQI,定西,143.0
20170124,12,PM2.5,定西,109.0
20170124,12,PM2.5_24h,定西,95.0
20170124,12,PM10,定西,167.0
20170124,12,PM10_24h,定西,146.0
20170124,12,SO2,定西,113.0
20170124,12,SO2_24h,定西,74.0
20170124,12,NO2,定西,50.0
20170124,12,NO2_24h,定西,45.0
20170124,12,O3,定西,32.0
20170124,12,O3_24h,定西,78.0
20170124,12,O3_8h,定西,12.0
20170124,12,O3_8h_24h,定西,12.0
20170124,12,CO,定西,2.25
20170124,12,CO_24h,定西,2.1
20170124,13,AQI,定西,85.0
20170124,13,PM2.5,定西,59.0
20170124,13,PM2.5_24h,定西,96.0
20170124,13,PM10,定西,120.0
20170124,13,PM10_24h,定西,148.0
20170124,13,SO2,定西,32.0
20170124,13,SO2_24h,定西,73.0
20170124,13,NO2,定西,26.0
20170124,13,NO2_24h,定西,45.0
20170124,13,O3,定西,62.0
20170124,13,O3_24h,定西,78.0
20170124,13,O3_8h,定西,18.0
20170124,13,O3_8h_24h,定西,18.0
20170124,13,CO,定西,1.55
20170124,13,CO_24h,定西,2.1
20170124,14,AQI,定西,75.0
20170124,14,PM2.5,定西,55.0
20170124,14,PM2.5_24h,定西,96.0
20170124,14,PM10,定西,98.0
20170124,14,PM10_24h,定西,149.0
20170124,14,SO2,定西,41.0
20170124,14,SO2_24h,定西,74.0
20170124,14,NO2,定西,24.0
20170124,14,NO2_24h,定西,45.0
20170124,14,O3,定西,87.0
20170124,14,O3_24h,定西,87.0
20170124,14,O3_8h,定西,28.0
20170124,14,O3_8h_24h,定西,28.0
20170124,14,CO,定西,2.7
20170124,14,CO_24h,定西,2.15
20170124,15,AQI,定西,65.0
20170124,15,PM2.5,定西,47.0
20170124,15,PM2.5_24h,定西,96.0
20170124,15,PM10,定西,67.0
20170124,15,PM10_24h,定西,148.0
20170124,15,SO2,定西,23.0
20170124,15,SO2_24h,定西,74.0
20170124,15,NO2,定西,20.0
20170124,15,NO2_24h,定西,45.0
20170124,15,O3,定西,74.0
20170124,15,O3_24h,定西,94.0
20170124,15,O3_8h,定西,36.0
20170124,15,O3_8h_24h,定西,36.0
20170124,15,CO,定西,1.3
20170124,15,CO_24h,定西,2.2
20170124,16,AQI,定西,67.0
20170124,16,PM2.5,定西,45.0
20170124,16,PM2.5_24h,定西,96.0
20170124,16,PM10,定西,83.0
20170124,16,PM10_24h,定西,148.0
20170124,16,SO2,定西,24.0
20170124,16,SO2_24h,定西,74.0
20170124,16,NO2,定西,18.0
20170124,16,NO2_24h,定西,45.0
20170124,16,O3,定西,85.0
20170124,16,O3_24h,定西,96.0
20170124,16,O3_8h,定西,46.0
20170124,16,O3_8h_24h,定西,46.0
20170124,16,CO,定西,1.0
20170124,16,CO_24h,定西,2.15
20170124,17,AQI,定西,59.0
20170124,17,PM2.5,定西,41.0
20170124,17,PM2.5_24h,定西,96.0
20170124,17,PM10,定西,67.0
20170124,17,PM10_24h,定西,148.0
20170124,17,SO2,定西,32.0
20170124,17,SO2_24h,定西,74.0
20170124,17,NO2,定西,26.0
20170124,17,NO2_24h,定西,45.0
20170124,17,O3,定西,85.0
20170124,17,O3_24h,定西,96.0
20170124,17,O3_8h,定西,56.0
20170124,17,O3_8h_24h,定西,56.0
20170124,17,CO,定西,1.0
20170124,17,CO_24h,定西,2.15
20170124,18,AQI,定西,78.0
20170124,18,PM2.5,定西,47.0
20170124,18,PM2.5_24h,定西,96.0
20170124,18,PM10,定西,105.0
20170124,18,PM10_24h,定西,149.0
20170124,18,SO2,定西,47.0
20170124,18,SO2_24h,定西,73.0
20170124,18,NO2,定西,41.0
20170124,18,NO2_24h,定西,46.0
20170124,18,O3,定西,72.0
20170124,18,O3_24h,定西,96.0
20170124,18,O3_8h,定西,64.0
20170124,18,O3_8h_24h,定西,64.0
20170124,18,CO,定西,1.05
20170124,18,CO_24h,定西,2.15
20170124,19,AQI,定西,94.0
20170124,19,PM2.5,定西,70.0
20170124,19,PM2.5_24h,定西,96.0
20170124,19,PM10,定西,122.0
20170124,19,PM10_24h,定西,149.0
20170124,19,SO2,定西,54.0
20170124,19,SO2_24h,定西,70.0
20170124,19,NO2,定西,48.0
20170124,19,NO2_24h,定西,44.0
20170124,19,O3,定西,56.0
20170124,19,O3_24h,定西,96.0
20170124,19,O3_8h,定西,69.0
20170124,19,O3_8h_24h,定西,69.0
20170124,19,CO,定西,1.25
20170124,19,CO_24h,定西,2.15
20170124,20,AQI,定西,116.0
20170124,20,PM2.5,定西,88.0
20170124,20,PM2.5_24h,定西,96.0
20170124,20,PM10,定西,146.0
20170124,20,PM10_24h,定西,148.0
20170124,20,SO2,定西,104.0
20170124,20,SO2_24h,定西,67.0
20170124,20,NO2,定西,57.0
20170124,20,NO2_24h,定西,43.0
20170124,20,O3,定西,47.0
20170124,20,O3_24h,定西,96.0
20170124,20,O3_8h,定西,71.0
20170124,20,O3_8h_24h,定西,71.0
20170124,20,CO,定西,1.55
20170124,20,CO_24h,定西,2.1
20170124,21,AQI,定西,146.0
20170124,21,PM2.5,定西,112.0
20170124,21,PM2.5_24h,定西,96.0
20170124,21,PM10,定西,191.0
20170124,21,PM10_24h,定西,149.0
20170124,21,SO2,定西,103.0
20170124,21,SO2_24h,定西,66.0
20170124,21,NO2,定西,80.0
20170124,21,NO2_24h,定西,44.0
20170124,21,O3,定西,20.0
20170124,21,O3_24h,定西,96.0
20170124,21,O3_8h,定西,66.0
20170124,21,O3_8h_24h,定西,71.0
20170124,21,CO,定西,2.0
20170124,21,CO_24h,定西,2.1
20170124,22,AQI,定西,169.0
20170124,22,PM2.5,定西,128.0
20170124,22,PM2.5_24h,定西,96.0
20170124,22,PM10,定西,191.0
20170124,22,PM10_24h,定西,148.0
20170124,22,SO2,定西,94.0
20170124,22,SO2_24h,定西,67.0
20170124,22,NO2,定西,65.0
20170124,22,NO2_24h,定西,44.0
20170124,22,O3,定西,14.0
20170124,22,O3_24h,定西,96.0
20170124,22,O3_8h,定西,56.0
20170124,22,O3_8h_24h,定西,71.0
20170124,22,CO,定西,2.15
20170124,22,CO_24h,定西,2.05
20170124,23,AQI,定西,161.0
20170124,23,PM2.5,定西,123.0
20170124,23,PM2.5_24h,定西,96.0
20170124,23,PM10,定西,178.0
20170124,23,PM10_24h,定西,147.0
20170124,23,SO2,定西,38.0
20170124,23,SO2_24h,定西,65.0
20170124,23,NO2,定西,54.0
20170124,23,NO2_24h,定西,43.0
20170124,23,O3,定西,14.0
20170124,23,O3_24h,定西,96.0
20170124,23,O3_8h,定西,49.0
20170124,23,O3_8h_24h,定西,71.0
20170124,23,CO,定西,2.35
20170124,23,CO_24h,定西,2.05
20170124,0,AQI,临夏州,368.0
20170124,0,PM2.5,临夏州,318.0
20170124,0,PM2.5_24h,临夏州,156.0
20170124,0,PM10,临夏州,417.0
20170124,0,PM10_24h,临夏州,233.0
20170124,0,SO2,临夏州,72.0
20170124,0,SO2_24h,临夏州,56.0
20170124,0,NO2,临夏州,106.0
20170124,0,NO2_24h,临夏州,76.0
20170124,0,O3,临夏州,26.0
20170124,0,O3_24h,临夏州,120.0
20170124,0,O3_8h,临夏州,57.0
20170124,0,O3_8h_24h,临夏州,93.0
20170124,0,CO,临夏州,3.65
20170124,0,CO_24h,临夏州,2.65
20170124,1,AQI,临夏州,347.0
20170124,1,PM2.5,临夏州,297.0
20170124,1,PM2.5_24h,临夏州,159.0
20170124,1,PM10,临夏州,395.0
20170124,1,PM10_24h,临夏州,235.0
20170124,1,SO2,临夏州,90.0
20170124,1,SO2_24h,临夏州,58.0
20170124,1,NO2,临夏州,112.0
20170124,1,NO2_24h,临夏州,77.0
20170124,1,O3,临夏州,23.0
20170124,1,O3_24h,临夏州,120.0
20170124,1,O3_8h,临夏州,23.0
20170124,1,O3_8h_24h,临夏州,23.0
20170124,1,CO,临夏州,4.75
20170124,1,CO_24h,临夏州,2.75
20170124,2,AQI,临夏州,353.0
20170124,2,PM2.5,临夏州,303.0
20170124,2,PM2.5_24h,临夏州,164.0
20170124,2,PM10,临夏州,392.0
20170124,2,PM10_24h,临夏州,239.0
20170124,2,SO2,临夏州,74.0
20170124,2,SO2_24h,临夏州,60.0
20170124,2,NO2,临夏州,106.0
20170124,2,NO2_24h,临夏州,79.0
20170124,2,O3,临夏州,23.0
20170124,2,O3_24h,临夏州,120.0
20170124,2,O3_8h,临夏州,23.0
20170124,2,O3_8h_24h,临夏州,23.0
20170124,2,CO,临夏州,3.9
20170124,2,CO_24h,临夏州,2.75
20170124,3,AQI,临夏州,307.0
20170124,3,PM2.5,临夏州,257.0
20170124,3,PM2.5_24h,临夏州,166.0
20170124,3,PM10,临夏州,339.0
20170124,3,PM10_24h,临夏州,242.0
20170124,3,SO2,临夏州,69.0
20170124,3,SO2_24h,临夏州,62.0
20170124,3,NO2,临夏州,104.0
20170124,3,NO2_24h,临夏州,80.0
20170124,3,O3,临夏州,20.0
20170124,3,O3_24h,临夏州,120.0
20170124,3,O3_8h,临夏州,22.0
20170124,3,O3_8h_24h,临夏州,23.0
20170124,3,CO,临夏州,4.6
20170124,3,CO_24h,临夏州,2.8
20170124,4,AQI,临夏州,313.0
20170124,4,PM2.5,临夏州,263.0
20170124,4,PM2.5_24h,临夏州,170.0
20170124,4,PM10,临夏州,343.0
20170124,4,PM10_24h,临夏州,246.0
20170124,4,SO2,临夏州,62.0
20170124,4,SO2_24h,临夏州,63.0
20170124,4,NO2,临夏州,108.0
20170124,4,NO2_24h,临夏州,81.0
20170124,4,O3,临夏州,21.0
20170124,4,O3_24h,临夏州,120.0
20170124,4,O3_8h,临夏州,22.0
20170124,4,O3_8h_24h,临夏州,23.0
20170124,4,CO,临夏州,4.3
20170124,4,CO_24h,临夏州,2.8
20170124,5,AQI,临夏州,306.0
20170124,5,PM2.5,临夏州,256.0
20170124,5,PM2.5_24h,临夏州,174.0
20170124,5,PM10,临夏州,328.0
20170124,5,PM10_24h,临夏州,251.0
20170124,5,SO2,临夏州,53.0
20170124,5,SO2_24h,临夏州,65.0
20170124,5,NO2,临夏州,86.0
20170124,5,NO2_24h,临夏州,81.0
20170124,5,O3,临夏州,26.0
20170124,5,O3_24h,临夏州,120.0
20170124,5,O3_8h,临夏州,22.0
20170124,5,O3_8h_24h,临夏州,24.0
20170124,5,CO,临夏州,2.95
20170124,5,CO_24h,临夏州,2.85
20170124,6,AQI,临夏州,211.0
20170124,6,PM2.5,临夏州,161.0
20170124,6,PM2.5_24h,临夏州,175.0
20170124,6,PM10,临夏州,221.0
20170124,6,PM10_24h,临夏州,253.0
20170124,6,SO2,临夏州,59.0
20170124,6,SO2_24h,临夏州,65.0
20170124,6,NO2,临夏州,76.0
20170124,6,NO2_24h,临夏州,81.0
20170124,6,O3,临夏州,30.0
20170124,6,O3_24h,临夏州,120.0
20170124,6,O3_8h,临夏州,24.0
20170124,6,O3_8h_24h,临夏州,24.0
20170124,6,CO,临夏州,2.65
20170124,6,CO_24h,临夏州,2.8
20170124,7,AQI,临夏州,167.0
20170124,7,PM2.5,临夏州,127.0
20170124,7,PM2.5_24h,临夏州,174.0
20170124,7,PM10,临夏州,177.0
20170124,7,PM10_24h,临夏州,251.0
20170124,7,SO2,临夏州,74.0
20170124,7,SO2_24h,临夏州,67.0
20170124,7,NO2,临夏州,76.0
20170124,7,NO2_24h,临夏州,81.0
20170124,7,O3,临夏州,30.0
20170124,7,O3_24h,临夏州,120.0
20170124,7,O3_8h,临夏州,25.0
20170124,7,O3_8h_24h,临夏州,25.0
20170124,7,CO,临夏州,2.7
20170124,7,CO_24h,临夏州,2.8
20170124,8,AQI,临夏州,157.0
20170124,8,PM2.5,临夏州,120.0
20170124,8,PM2.5_24h,临夏州,173.0
20170124,8,PM10,临夏州,174.0
20170124,8,PM10_24h,临夏州,250.0
20170124,8,SO2,临夏州,88.0
20170124,8,SO2_24h,临夏州,68.0
20170124,8,NO2,临夏州,81.0
20170124,8,NO2_24h,临夏州,80.0
20170124,8,O3,临夏州,24.0
20170124,8,O3_24h,临夏州,120.0
20170124,8,O3_8h,临夏州,25.0
20170124,8,O3_8h_24h,临夏州,25.0
20170124,8,CO,临夏州,3.45
20170124,8,CO_24h,临夏州,2.8
20170124,9,AQI,临夏州,190.0
20170124,9,PM2.5,临夏州,143.0
20170124,9,PM2.5_24h,临夏州,173.0
20170124,9,PM10,临夏州,198.0
20170124,9,PM10_24h,临夏州,249.0
20170124,9,SO2,临夏州,110.0
20170124,9,SO2_24h,临夏州,71.0
20170124,9,NO2,临夏州,94.0
20170124,9,NO2_24h,临夏州,81.0
20170124,9,O3,临夏州,18.0
20170124,9,O3_24h,临夏州,120.0
20170124,9,O3_8h,临夏州,24.0
20170124,9,O3_8h_24h,临夏州,25.0
20170124,9,CO,临夏州,4.15
20170124,9,CO_24h,临夏州,2.8
20170124,10,AQI,临夏州,213.0
20170124,10,PM2.5,临夏州,163.0
20170124,10,PM2.5_24h,临夏州,173.0
20170124,10,PM10,临夏州,243.0
20170124,10,PM10_24h,临夏州,249.0
20170124,10,SO2,临夏州,115.0
20170124,10,SO2_24h,临夏州,72.0
20170124,10,NO2,临夏州,98.0
20170124,10,NO2_24h,临夏州,81.0
20170124,10,O3,临夏州,30.0
20170124,10,O3_24h,临夏州,120.0
20170124,10,O3_8h,临夏州,24.0
20170124,10,O3_8h_24h,临夏州,25.0
20170124,10,CO,临夏州,3.5
20170124,10,CO_24h,临夏州,2.85
20170124,11,AQI,临夏州,222.0
20170124,11,PM2.5,临夏州,172.0
20170124,11,PM2.5_24h,临夏州,173.0
20170124,11,PM10,临夏州,279.0
20170124,11,PM10_24h,临夏州,250.0
20170124,11,SO2,临夏州,86.0
20170124,11,SO2_24h,临夏州,72.0
20170124,11,NO2,临夏州,93.0
20170124,11,NO2_24h,临夏州,80.0
20170124,11,O3,临夏州,36.0
20170124,11,O3_24h,临夏州,120.0
20170124,11,O3_8h,临夏州,26.0
20170124,11,O3_8h_24h,临夏州,26.0
20170124,11,CO,临夏州,3.0
20170124,11,CO_24h,临夏州,2.8
20170124,12,AQI,临夏州,203.0
20170124,12,PM2.5,临夏州,153.0
20170124,12,PM2.5_24h,临夏州,172.0
20170124,12,PM10,临夏州,249.0
20170124,12,PM10_24h,临夏州,248.0
20170124,12,SO2,临夏州,103.0
20170124,12,SO2_24h,临夏州,74.0
20170124,12,NO2,临夏州,90.0
20170124,12,NO2_24h,临夏州,80.0
20170124,12,O3,临夏州,54.0
20170124,12,O3_24h,临夏州,120.0
20170124,12,O3_8h,临夏州,31.0
20170124,12,O3_8h_24h,临夏州,31.0
20170124,12,CO,临夏州,2.4
20170124,12,CO_24h,临夏州,2.8
20170124,13,AQI,临夏州,150.0
20170124,13,PM2.5,临夏州,115.0
20170124,13,PM2.5_24h,临夏州,170.0
20170124,13,PM10,临夏州,199.0
20170124,13,PM10_24h,临夏州,245.0
20170124,13,SO2,临夏州,129.0
20170124,13,SO2_24h,临夏州,75.0
20170124,13,NO2,临夏州,71.0
20170124,13,NO2_24h,临夏州,79.0
20170124,13,O3,临夏州,66.0
20170124,13,O3_24h,临夏州,120.0
20170124,13,O3_8h,临夏州,36.0
20170124,13,O3_8h_24h,临夏州,36.0
20170124,13,CO,临夏州,1.75
20170124,13,CO_24h,临夏州,2.8
20170124,14,AQI,临夏州,125.0
20170124,14,PM2.5,临夏州,95.0
20170124,14,PM2.5_24h,临夏州,171.0
20170124,14,PM10,临夏州,146.0
20170124,14,PM10_24h,临夏州,245.0
20170124,14,SO2,临夏州,59.0
20170124,14,SO2_24h,临夏州,76.0
20170124,14,NO2,临夏州,42.0
20170124,14,NO2_24h,临夏州,79.0
20170124,14,O3,临夏州,85.0
20170124,14,O3_24h,临夏州,120.0
20170124,14,O3_8h,临夏州,43.0
20170124,14,O3_8h_24h,临夏州,43.0
20170124,14,CO,临夏州,1.35
20170124,14,CO_24h,临夏州,2.8
20170124,15,AQI,临夏州,69.0
20170124,15,PM2.5,临夏州,50.0
20170124,15,PM2.5_24h,临夏州,171.0
20170124,15,PM10,临夏州,85.0
20170124,15,PM10_24h,临夏州,244.0
20170124,15,SO2,临夏州,46.0
20170124,15,SO2_24h,临夏州,76.0
20170124,15,NO2,临夏州,36.0
20170124,15,NO2_24h,临夏州,79.0
20170124,15,O3,临夏州,76.0
20170124,15,O3_24h,临夏州,119.0
20170124,15,O3_8h,临夏州,49.0
20170124,15,O3_8h_24h,临夏州,49.0
20170124,15,CO,临夏州,1.25
20170124,15,CO_24h,临夏州,2.8
20170124,16,AQI,临夏州,67.0
20170124,16,PM2.5,临夏州,47.0
20170124,16,PM2.5_24h,临夏州,170.0
20170124,16,PM10,临夏州,83.0
20170124,16,PM10_24h,临夏州,241.0
20170124,16,SO2,临夏州,29.0
20170124,16,SO2_24h,临夏州,74.0
20170124,16,NO2,临夏州,29.0
20170124,16,NO2_24h,临夏州,79.0
20170124,16,O3,临夏州,92.0
20170124,16,O3_24h,临夏州,108.0
20170124,16,O3_8h,临夏州,58.0
20170124,16,O3_8h_24h,临夏州,58.0
20170124,16,CO,临夏州,1.25
20170124,16,CO_24h,临夏州,2.8
20170124,17,AQI,临夏州,65.0
20170124,17,PM2.5,临夏州,45.0
20170124,17,PM2.5_24h,临夏州,168.0
20170124,17,PM10,临夏州,79.0
20170124,17,PM10_24h,临夏州,239.0
20170124,17,SO2,临夏州,17.0
20170124,17,SO2_24h,临夏州,73.0
20170124,17,NO2,临夏州,20.0
20170124,17,NO2_24h,临夏州,79.0
20170124,17,O3,临夏州,92.0
20170124,17,O3_24h,临夏州,97.0
20170124,17,O3_8h,临夏州,68.0
20170124,17,O3_8h_24h,临夏州,68.0
20170124,17,CO,临夏州,1.15
20170124,17,CO_24h,临夏州,2.8
20170124,18,AQI,临夏州,68.0
20170124,18,PM2.5,临夏州,49.0
20170124,18,PM2.5_24h,临夏州,166.0
20170124,18,PM10,临夏州,76.0
20170124,18,PM10_24h,临夏州,237.0
20170124,18,SO2,临夏州,36.0
20170124,18,SO2_24h,临夏州,73.0
20170124,18,NO2,临夏州,32.0
20170124,18,NO2_24h,临夏州,79.0
20170124,18,O3,临夏州,75.0
20170124,18,O3_24h,临夏州,95.0
20170124,18,O3_8h,临夏州,72.0
20170124,18,O3_8h_24h,临夏州,73.0
20170124,18,CO,临夏州,1.3
20170124,18,CO_24h,临夏州,2.8
20170124,19,AQI,临夏州,75.0
20170124,19,PM2.5,临夏州,54.0
20170124,19,PM2.5_24h,临夏州,164.0
20170124,19,PM10,临夏州,100.0
20170124,19,PM10_24h,临夏州,235.0
20170124,19,SO2,临夏州,51.0
20170124,19,SO2_24h,临夏州,74.0
20170124,19,NO2,临夏州,76.0
20170124,19,NO2_24h,临夏州,80.0
20170124,19,O3,临夏州,51.0
20170124,19,O3_24h,临夏州,95.0
20170124,19,O3_8h,临夏州,74.0
20170124,19,O3_8h_24h,临夏州,75.0
20170124,19,CO,临夏州,2.2
20170124,19,CO_24h,临夏州,2.9
20170124,20,AQI,临夏州,145.0
20170124,20,PM2.5,临夏州,111.0
20170124,20,PM2.5_24h,临夏州,164.0
20170124,20,PM10,临夏州,182.0
20170124,20,PM10_24h,临夏州,235.0
20170124,20,SO2,临夏州,76.0
20170124,20,SO2_24h,临夏州,75.0
20170124,20,NO2,临夏州,86.0
20170124,20,NO2_24h,临夏州,81.0
20170124,20,O3,临夏州,28.0
20170124,20,O3_24h,临夏州,95.0
20170124,20,O3_8h,临夏州,71.0
20170124,20,O3_8h_24h,临夏州,75.0
20170124,20,CO,临夏州,2.7
20170124,20,CO_24h,临夏州,2.9
20170124,21,AQI,临夏州,193.0
20170124,21,PM2.5,临夏州,145.0
20170124,21,PM2.5_24h,临夏州,164.0
20170124,21,PM10,临夏州,244.0
20170124,21,PM10_24h,临夏州,235.0
20170124,21,SO2,临夏州,76.0
20170124,21,SO2_24h,临夏州,73.0
20170124,21,NO2,临夏州,78.0
20170124,21,NO2_24h,临夏州,80.0
20170124,21,O3,临夏州,22.0
20170124,21,O3_24h,临夏州,95.0
20170124,21,O3_8h,临夏州,65.0
20170124,21,O3_8h_24h,临夏州,75.0
20170124,21,CO,临夏州,2.95
20170124,21,CO_24h,临夏州,2.9
20170124,22,AQI,临夏州,231.0
20170124,22,PM2.5,临夏州,181.0
20170124,22,PM2.5_24h,临夏州,162.0
20170124,22,PM10,临夏州,276.0
20170124,22,PM10_24h,临夏州,233.0
20170124,22,SO2,临夏州,86.0
20170124,22,SO2_24h,临夏州,73.0
20170124,22,NO2,临夏州,78.0
20170124,22,NO2_24h,临夏州,78.0
20170124,22,O3,临夏州,23.0
20170124,22,O3_24h,临夏州,95.0
20170124,22,O3_8h,临夏州,57.0
20170124,22,O3_8h_24h,临夏州,75.0
20170124,22,CO,临夏州,3.0
20170124,22,CO_24h,临夏州,2.9
20170124,23,AQI,临夏州,243.0
20170124,23,PM2.5,临夏州,193.0
20170124,23,PM2.5_24h,临夏州,159.0
20170124,23,PM10,临夏州,269.0
20170124,23,PM10_24h,临夏州,229.0
20170124,23,SO2,临夏州,72.0
20170124,23,SO2_24h,临夏州,72.0
20170124,23,NO2,临夏州,81.0
20170124,23,NO2_24h,临夏州,77.0
20170124,23,O3,临夏州,24.0
20170124,23,O3_24h,临夏州,95.0
20170124,23,O3_8h,临夏州,51.0
20170124,23,O3_8h_24h,临夏州,75.0
20170124,23,CO,临夏州,3.35
20170124,23,CO_24h,临夏州,2.85
20170124,0,AQI,甘南州,65.0
20170124,0,PM2.5,甘南州,47.0
20170124,0,PM2.5_24h,甘南州,44.0
20170124,0,PM10,甘南州,71.0
20170124,0,PM10_24h,甘南州,83.0
20170124,0,SO2,甘南州,12.0
20170124,0,SO2_24h,甘南州,21.0
20170124,0,NO2,甘南州,13.0
20170124,0,NO2_24h,甘南州,17.0
20170124,0,O3,甘南州,78.0
20170124,0,O3_24h,甘南州,88.0
20170124,0,O3_8h,甘南州,82.0
20170124,0,O3_8h_24h,甘南州,85.0
20170124,0,CO,甘南州,0.7
20170124,0,CO_24h,甘南州,0.8
20170124,1,AQI,甘南州,65.0
20170124,1,PM2.5,甘南州,47.0
20170124,1,PM2.5_24h,甘南州,44.0
20170124,1,PM10,甘南州,80.0
20170124,1,PM10_24h,甘南州,83.0
20170124,1,SO2,甘南州,24.0
20170124,1,SO2_24h,甘南州,21.0
20170124,1,NO2,甘南州,18.0
20170124,1,NO2_24h,甘南州,16.0
20170124,1,O3,甘南州,63.0
20170124,1,O3_24h,甘南州,88.0
20170124,1,O3_8h,甘南州,63.0
20170124,1,O3_8h_24h,甘南州,63.0
20170124,1,CO,甘南州,0.9
20170124,1,CO_24h,甘南州,0.8
20170124,2,AQI,甘南州,68.0
20170124,2,PM2.5,甘南州,49.0
20170124,2,PM2.5_24h,甘南州,44.0
20170124,2,PM10,甘南州,69.0
20170124,2,PM10_24h,甘南州,82.0
20170124,2,SO2,甘南州,22.0
20170124,2,SO2_24h,甘南州,22.0
20170124,2,NO2,甘南州,18.0
20170124,2,NO2_24h,甘南州,16.0
20170124,2,O3,甘南州,57.0
20170124,2,O3_24h,甘南州,88.0
20170124,2,O3_8h,甘南州,60.0
20170124,2,O3_8h_24h,甘南州,63.0
20170124,2,CO,甘南州,0.9
20170124,2,CO_24h,甘南州,0.8
20170124,3,AQI,甘南州,65.0
20170124,3,PM2.5,甘南州,47.0
20170124,3,PM2.5_24h,甘南州,43.0
20170124,3,PM10,甘南州,64.0
20170124,3,PM10_24h,甘南州,82.0
20170124,3,SO2,甘南州,14.0
20170124,3,SO2_24h,甘南州,22.0
20170124,3,NO2,甘南州,15.0
20170124,3,NO2_24h,甘南州,16.0
20170124,3,O3,甘南州,57.0
20170124,3,O3_24h,甘南州,88.0
20170124,3,O3_8h,甘南州,59.0
20170124,3,O3_8h_24h,甘南州,63.0
20170124,3,CO,甘南州,1.0
20170124,3,CO_24h,甘南州,0.8
20170124,4,AQI,甘南州,58.0
20170124,4,PM2.5,甘南州,41.0
20170124,4,PM2.5_24h,甘南州,43.0
20170124,4,PM10,甘南州,56.0
20170124,4,PM10_24h,甘南州,81.0
20170124,4,SO2,甘南州,18.0
20170124,4,SO2_24h,甘南州,22.0
20170124,4,NO2,甘南州,8.0
20170124,4,NO2_24h,甘南州,16.0
20170124,4,O3,甘南州,64.0
20170124,4,O3_24h,甘南州,88.0
20170124,4,O3_8h,甘南州,60.0
20170124,4,O3_8h_24h,甘南州,63.0
20170124,4,CO,甘南州,0.6
20170124,4,CO_24h,甘南州,0.8
20170124,5,AQI,甘南州,53.0
20170124,5,PM2.5,甘南州,33.0
20170124,5,PM2.5_24h,甘南州,43.0
20170124,5,PM10,甘南州,55.0
20170124,5,PM10_24h,甘南州,80.0
20170124,5,SO2,甘南州,20.0
20170124,5,SO2_24h,甘南州,22.0
20170124,5,NO2,甘南州,10.0
20170124,5,NO2_24h,甘南州,16.0
20170124,5,O3,甘南州,53.0
20170124,5,O3_24h,甘南州,88.0
20170124,5,O3_8h,甘南州,59.0
20170124,5,O3_8h_24h,甘南州,63.0
20170124,5,CO,甘南州,0.8
20170124,5,CO_24h,甘南州,0.8
20170124,6,AQI,甘南州,51.0
20170124,6,PM2.5,甘南州,32.0
20170124,6,PM2.5_24h,甘南州,43.0
20170124,6,PM10,甘南州,51.0
20170124,6,PM10_24h,甘南州,78.0
20170124,6,SO2,甘南州,14.0
20170124,6,SO2_24h,甘南州,22.0
20170124,6,NO2,甘南州,11.0
20170124,6,NO2_24h,甘南州,15.0
20170124,6,O3,甘南州,47.0
20170124,6,O3_24h,甘南州,88.0
20170124,6,O3_8h,甘南州,57.0
20170124,6,O3_8h_24h,甘南州,63.0
20170124,6,CO,甘南州,0.9
20170124,6,CO_24h,甘南州,0.9
20170124,7,AQI,甘南州,58.0
20170124,7,PM2.5,甘南州,41.0
20170124,7,PM2.5_24h,甘南州,43.0
20170124,7,PM10,甘南州,60.0
20170124,7,PM10_24h,甘南州,77.0
20170124,7,SO2,甘南州,18.0
20170124,7,SO2_24h,甘南州,22.0
20170124,7,NO2,甘南州,17.0
20170124,7,NO2_24h,甘南州,15.0
20170124,7,O3,甘南州,39.0
20170124,7,O3_24h,甘南州,88.0
20170124,7,O3_8h,甘南州,54.0
20170124,7,O3_8h_24h,甘南州,63.0
20170124,7,CO,甘南州,1.0
20170124,7,CO_24h,甘南州,0.9
20170124,8,AQI,甘南州,56.0
20170124,8,PM2.5,甘南州,40.0
20170124,8,PM2.5_24h,甘南州,43.0
20170124,8,PM10,甘南州,57.0
20170124,8,PM10_24h,甘南州,77.0
20170124,8,SO2,甘南州,20.0
20170124,8,SO2_24h,甘南州,21.0
20170124,8,NO2,甘南州,25.0
20170124,8,NO2_24h,甘南州,15.0
20170124,8,O3,甘南州,26.0
20170124,8,O3_24h,甘南州,88.0
20170124,8,O3_8h,甘南州,51.0
20170124,8,O3_8h_24h,甘南州,63.0
20170124,8,CO,甘南州,1.1
20170124,8,CO_24h,甘南州,0.9
20170124,9,AQI,甘南州,56.0
20170124,9,PM2.5,甘南州,40.0
20170124,9,PM2.5_24h,甘南州,43.0
20170124,9,PM10,甘南州,57.0
20170124,9,PM10_24h,甘南州,75.0
20170124,9,SO2,甘南州,25.0
20170124,9,SO2_24h,甘南州,21.0
20170124,9,NO2,甘南州,31.0
20170124,9,NO2_24h,甘南州,15.0
20170124,9,O3,甘南州,21.0
20170124,9,O3_24h,甘南州,88.0
20170124,9,O3_8h,甘南州,46.0
20170124,9,O3_8h_24h,甘南州,63.0
20170124,9,CO,甘南州,1.0
20170124,9,CO_24h,甘南州,0.8
20170124,10,AQI,甘南州,71.0
20170124,10,PM2.5,甘南州,52.0
20170124,10,PM2.5_24h,甘南州,42.0
20170124,10,PM10,甘南州,85.0
20170124,10,PM10_24h,甘南州,73.0
20170124,10,SO2,甘南州,27.0
20170124,10,SO2_24h,甘南州,20.0
20170124,10,NO2,甘南州,26.0
20170124,10,NO2_24h,甘南州,15.0
20170124,10,O3,甘南州,32.0
20170124,10,O3_24h,甘南州,88.0
20170124,10,O3_8h,甘南州,42.0
20170124,10,O3_8h_24h,甘南州,63.0
20170124,10,CO,甘南州,1.0
20170124,10,CO_24h,甘南州,0.8
20170124,11,AQI,甘南州,118.0
20170124,11,PM2.5,甘南州,89.0
20170124,11,PM2.5_24h,甘南州,43.0
20170124,11,PM10_24h,甘南州,70.0
20170124,11,SO2,甘南州,47.0
20170124,11,SO2_24h,甘南州,18.0
20170124,11,NO2,甘南州,30.0
20170124,11,NO2_24h,甘南州,15.0
20170124,11,O3,甘南州,31.0
20170124,11,O3_24h,甘南州,88.0
20170124,11,O3_8h,甘南州,39.0
20170124,11,O3_8h_24h,甘南州,63.0
20170124,11,CO,甘南州,1.1
20170124,11,CO_24h,甘南州,0.8
20170124,12,AQI,甘南州,85.0
20170124,12,PM2.5,甘南州,63.0
20170124,12,PM2.5_24h,甘南州,43.0
20170124,12,PM10_24h,甘南州,66.0
20170124,12,SO2,甘南州,35.0
20170124,12,SO2_24h,甘南州,17.0
20170124,12,NO2,甘南州,15.0
20170124,12,NO2_24h,甘南州,14.0
20170124,12,O3,甘南州,41.0
20170124,12,O3_24h,甘南州,88.0
20170124,12,O3_8h,甘南州,36.0
20170124,12,O3_8h_24h,甘南州,63.0
20170124,12,CO,甘南州,0.4
20170124,12,CO_24h,甘南州,0.8
20170124,13,AQI,甘南州,65.0
20170124,13,PM2.5,甘南州,47.0
20170124,13,PM2.5_24h,甘南州,42.0
20170124,13,PM10,甘南州,56.0
20170124,13,PM10_24h,甘南州,65.0
20170124,13,SO2,甘南州,13.0
20170124,13,SO2_24h,甘南州,17.0
20170124,13,NO2,甘南州,5.0
20170124,13,NO2_24h,甘南州,14.0
20170124,13,O3,甘南州,59.0
20170124,13,O3_24h,甘南州,88.0
20170124,13,O3_8h,甘南州,37.0
20170124,13,O3_8h_24h,甘南州,63.0
20170124,13,CO,甘南州,0.3
20170124,13,CO_24h,甘南州,0.8
20170124,14,AQI,甘南州,47.0
20170124,14,PM2.5,甘南州,30.0
20170124,14,PM2.5_24h,甘南州,42.0
20170124,14,PM10,甘南州,47.0
20170124,14,PM10_24h,甘南州,65.0
20170124,14,SO2,甘南州,11.0
20170124,14,SO2_24h,甘南州,17.0
20170124,14,NO2,甘南州,4.0
20170124,14,NO2_24h,甘南州,14.0
20170124,14,O3,甘南州,68.0
20170124,14,O3_24h,甘南州,88.0
20170124,14,O3_8h,甘南州,40.0
20170124,14,O3_8h_24h,甘南州,63.0
20170124,14,CO,甘南州,0.3
20170124,14,CO_24h,甘南州,0.8
20170124,15,AQI,甘南州,39.0
20170124,15,PM2.5,甘南州,23.0
20170124,15,PM2.5_24h,甘南州,42.0
20170124,15,PM10,甘南州,39.0
20170124,15,PM10_24h,甘南州,64.0
20170124,15,SO2,甘南州,7.0
20170124,15,SO2_24h,甘南州,17.0
20170124,15,NO2,甘南州,5.0
20170124,15,NO2_24h,甘南州,14.0
20170124,15,O3,甘南州,74.0
20170124,15,O3_24h,甘南州,88.0
20170124,15,O3_8h,甘南州,44.0
20170124,15,O3_8h_24h,甘南州,63.0
20170124,15,CO,甘南州,0.3
20170124,15,CO_24h,甘南州,0.7
20170124,16,AQI,甘南州,42.0
20170124,16,PM2.5,甘南州,19.0
20170124,16,PM2.5_24h,甘南州,41.0
20170124,16,PM10,甘南州,42.0
20170124,16,PM10_24h,甘南州,64.0
20170124,16,SO2,甘南州,5.0
20170124,16,SO2_24h,甘南州,17.0
20170124,16,NO2,甘南州,3.0
20170124,16,NO2_24h,甘南州,14.0
20170124,16,O3,甘南州,79.0
20170124,16,O3_24h,甘南州,86.0
20170124,16,O3_8h,甘南州,51.0
20170124,16,O3_8h_24h,甘南州,63.0
20170124,16,CO,甘南州,0.3
20170124,16,CO_24h,甘南州,0.7
20170124,17,AQI,甘南州,37.0
20170124,17,PM2.5,甘南州,15.0
20170124,17,PM2.5_24h,甘南州,41.0
20170124,17,PM10,甘南州,37.0
20170124,17,PM10_24h,甘南州,63.0
20170124,17,SO2,甘南州,5.0
20170124,17,SO2_24h,甘南州,17.0
20170124,17,NO2,甘南州,4.0
20170124,17,NO2_24h,甘南州,14.0
20170124,17,O3,甘南州,84.0
20170124,17,O3_24h,甘南州,86.0
20170124,17,O3_8h,甘南州,58.0
20170124,17,O3_8h_24h,甘南州,63.0
20170124,17,CO,甘南州,0.4
20170124,17,CO_24h,甘南州,0.7
20170124,18,AQI,甘南州,32.0
20170124,18,PM2.5,甘南州,10.0
20170124,18,PM2.5_24h,甘南州,40.0
20170124,18,PM10,甘南州,32.0
20170124,18,PM10_24h,甘南州,62.0
20170124,18,SO2,甘南州,6.0
20170124,18,SO2_24h,甘南州,17.0
20170124,18,NO2,甘南州,7.0
20170124,18,NO2_24h,甘南州,13.0
20170124,18,O3,甘南州,83.0
20170124,18,O3_24h,甘南州,84.0
20170124,18,O3_8h,甘南州,65.0
20170124,18,O3_8h_24h,甘南州,65.0
20170124,18,CO,甘南州,0.5
20170124,18,CO_24h,甘南州,0.7
20170124,19,AQI,甘南州,36.0
20170124,19,PM2.5,甘南州,14.0
20170124,19,PM2.5_24h,甘南州,40.0
20170124,19,PM10,甘南州,36.0
20170124,19,PM10_24h,甘南州,60.0
20170124,19,SO2,甘南州,11.0
20170124,19,SO2_24h,甘南州,17.0
20170124,19,NO2,甘南州,18.0
20170124,19,NO2_24h,甘南州,14.0
20170124,19,O3,甘南州,83.0
20170124,19,O3_24h,甘南州,84.0
20170124,19,O3_8h,甘南州,71.0
20170124,19,O3_8h_24h,甘南州,71.0
20170124,19,CO,甘南州,0.7
20170124,19,CO_24h,甘南州,0.7
20170124,20,AQI,甘南州,63.0
20170124,20,PM2.5,甘南州,23.0
20170124,20,PM2.5_24h,甘南州,39.0
20170124,20,PM10,甘南州,76.0
20170124,20,PM10_24h,甘南州,60.0
20170124,20,SO2,甘南州,25.0
20170124,20,SO2_24h,甘南州,17.0
20170124,20,NO2,甘南州,33.0
20170124,20,NO2_24h,甘南州,15.0
20170124,20,O3,甘南州,80.0
20170124,20,O3_24h,甘南州,84.0
20170124,20,O3_8h,甘南州,76.0
20170124,20,O3_8h_24h,甘南州,76.0
20170124,20,CO,甘南州,1.0
20170124,20,CO_24h,甘南州,0.7
20170124,21,AQI,甘南州,75.0
20170124,21,PM2.5,甘南州,42.0
20170124,21,PM2.5_24h,甘南州,39.0
20170124,21,PM10,甘南州,99.0
20170124,21,PM10_24h,甘南州,60.0
20170124,21,SO2,甘南州,22.0
20170124,21,SO2_24h,甘南州,18.0
20170124,21,NO2,甘南州,28.0
20170124,21,NO2_24h,甘南州,15.0
20170124,21,O3,甘南州,81.0
20170124,21,O3_24h,甘南州,84.0
20170124,21,O3_8h,甘南州,79.0
20170124,21,O3_8h_24h,甘南州,79.0
20170124,21,CO,甘南州,0.8
20170124,21,CO_24h,甘南州,0.7
20170124,22,AQI,甘南州,80.0
20170124,22,PM2.5,甘南州,51.0
20170124,22,PM2.5_24h,甘南州,39.0
20170124,22,PM10,甘南州,110.0
20170124,22,PM10_24h,甘南州,61.0
20170124,22,SO2,甘南州,27.0
20170124,22,SO2_24h,甘南州,18.0
20170124,22,NO2,甘南州,29.0
20170124,22,NO2_24h,甘南州,16.0
20170124,22,O3,甘南州,80.0
20170124,22,O3_24h,甘南州,84.0
20170124,22,O3_8h,甘南州,80.0
20170124,22,O3_8h_24h,甘南州,80.0
20170124,22,CO,甘南州,0.9
20170124,22,CO_24h,甘南州,0.7
20170124,23,AQI,甘南州,78.0
20170124,23,PM2.5,甘南州,57.0
20170124,23,PM2.5_24h,甘南州,40.0
20170124,23,PM10,甘南州,99.0
20170124,23,PM10_24h,甘南州,63.0
20170124,23,SO2,甘南州,27.0
20170124,23,SO2_24h,甘南州,19.0
20170124,23,NO2,甘南州,28.0
20170124,23,NO2_24h,甘南州,17.0
20170124,23,O3,甘南州,81.0
20170124,23,O3_24h,甘南州,84.0
20170124,23,O3_8h,甘南州,81.0
20170124,23,O3_8h_24h,甘南州,81.0
20170124,23,CO,甘南州,1.0
20170124,23,CO_24h,甘南州,0.7
20170124,0,AQI,海东地区,86.0
20170124,0,PM2.5,海东地区,64.0
20170124,0,PM2.5_24h,海东地区,59.0
20170124,0,PM10,海东地区,100.0
20170124,0,PM10_24h,海东地区,104.0
20170124,0,SO2,海东地区,86.0
20170124,0,SO2_24h,海东地区,54.0
20170124,0,NO2,海东地区,60.0
20170124,0,NO2_24h,海东地区,57.0
20170124,0,O3,海东地区,28.0
20170124,0,O3_24h,海东地区,65.0
20170124,0,O3_8h,海东地区,30.0
20170124,0,O3_8h_24h,海东地区,46.0
20170124,0,CO,海东地区,1.8
20170124,0,CO_24h,海东地区,2.4
20170124,1,AQI,海东地区,111.0
20170124,1,PM2.5,海东地区,84.0
20170124,1,PM2.5_24h,海东地区,60.0
20170124,1,PM10,海东地区,107.0
20170124,1,PM10_24h,海东地区,105.0
20170124,1,SO2,海东地区,59.0
20170124,1,SO2_24h,海东地区,55.0
20170124,1,NO2,海东地区,52.0
20170124,1,NO2_24h,海东地区,57.0
20170124,1,O3,海东地区,29.0
20170124,1,O3_24h,海东地区,65.0
20170124,1,O3_8h,海东地区,29.0
20170124,1,O3_8h_24h,海东地区,29.0
20170124,1,CO,海东地区,1.9
20170124,1,CO_24h,海东地区,2.4
20170124,2,AQI,海东地区,111.0
20170124,2,PM2.5,海东地区,84.0
20170124,2,PM2.5_24h,海东地区,61.0
20170124,2,PM10,海东地区,110.0
20170124,2,PM10_24h,海东地区,106.0
20170124,2,SO2,海东地区,38.0
20170124,2,SO2_24h,海东地区,56.0
20170124,2,NO2,海东地区,50.0
20170124,2,NO2_24h,海东地区,57.0
20170124,2,O3,海东地区,13.0
20170124,2,O3_24h,海东地区,65.0
20170124,2,O3_8h,海东地区,21.0
20170124,2,O3_8h_24h,海东地区,29.0
20170124,2,CO,海东地区,2.4
20170124,2,CO_24h,海东地区,2.4
20170124,3,AQI,海东地区,99.0
20170124,3,PM2.5,海东地区,74.0
20170124,3,PM2.5_24h,海东地区,62.0
20170124,3,PM10,海东地区,103.0
20170124,3,PM10_24h,海东地区,106.0
20170124,3,SO2,海东地区,29.0
20170124,3,SO2_24h,海东地区,56.0
20170124,3,NO2,海东地区,45.0
20170124,3,NO2_24h,海东地区,57.0
20170124,3,O3,海东地区,16.0
20170124,3,O3_24h,海东地区,65.0
20170124,3,O3_8h,海东地区,19.0
20170124,3,O3_8h_24h,海东地区,29.0
20170124,3,CO,海东地区,2.5
20170124,3,CO_24h,海东地区,2.4
20170124,4,AQI,海东地区,88.0
20170124,4,PM2.5,海东地区,65.0
20170124,4,PM2.5_24h,海东地区,63.0
20170124,4,PM10,海东地区,96.0
20170124,4,PM10_24h,海东地区,107.0
20170124,4,SO2,海东地区,31.0
20170124,4,SO2_24h,海东地区,56.0
20170124,4,NO2,海东地区,46.0
20170124,4,NO2_24h,海东地区,57.0
20170124,4,O3,海东地区,11.0
20170124,4,O3_24h,海东地区,65.0
20170124,4,O3_8h,海东地区,17.0
20170124,4,O3_8h_24h,海东地区,29.0
20170124,4,CO,海东地区,2.0
20170124,4,CO_24h,海东地区,2.4
20170124,5,AQI,海东地区,85.0
20170124,5,PM2.5,海东地区,63.0
20170124,5,PM2.5_24h,海东地区,63.0
20170124,5,PM10,海东地区,97.0
20170124,5,PM10_24h,海东地区,107.0
20170124,5,SO2,海东地区,27.0
20170124,5,SO2_24h,海东地区,56.0
20170124,5,NO2,海东地区,45.0
20170124,5,NO2_24h,海东地区,57.0
20170124,5,O3,海东地区,9.0
20170124,5,O3_24h,海东地区,65.0
20170124,5,O3_8h,海东地区,16.0
20170124,5,O3_8h_24h,海东地区,29.0
20170124,5,CO,海东地区,2.4
20170124,5,CO_24h,海东地区,2.4
20170124,6,AQI,海东地区,84.0
20170124,6,PM2.5,海东地区,62.0
20170124,6,PM2.5_24h,海东地区,64.0
20170124,6,PM10,海东地区,109.0
20170124,6,PM10_24h,海东地区,107.0
20170124,6,SO2,海东地区,31.0
20170124,6,SO2_24h,海东地区,57.0
20170124,6,NO2,海东地区,43.0
20170124,6,NO2_24h,海东地区,57.0
20170124,6,O3,海东地区,12.0
20170124,6,O3_24h,海东地区,65.0
20170124,6,O3_8h,海东地区,15.0
20170124,6,O3_8h_24h,海东地区,29.0
20170124,6,CO,海东地区,2.5
20170124,6,CO_24h,海东地区,2.3
20170124,7,AQI,海东地区,86.0
20170124,7,PM2.5,海东地区,64.0
20170124,7,PM2.5_24h,海东地区,65.0
20170124,7,PM10,海东地区,110.0
20170124,7,PM10_24h,海东地区,108.0
20170124,7,SO2,海东地区,46.0
20170124,7,SO2_24h,海东地区,57.0
20170124,7,NO2,海东地区,48.0
20170124,7,NO2_24h,海东地区,57.0
20170124,7,O3,海东地区,6.0
20170124,7,O3_24h,海东地区,65.0
20170124,7,O3_8h,海东地区,14.0
20170124,7,O3_8h_24h,海东地区,29.0
20170124,7,CO,海东地区,3.0
20170124,7,CO_24h,海东地区,2.3
20170124,8,AQI,海东地区,116.0
20170124,8,PM2.5,海东地区,88.0
20170124,8,PM2.5_24h,海东地区,67.0
20170124,8,PM10,海东地区,130.0
20170124,8,PM10_24h,海东地区,109.0
20170124,8,SO2,海东地区,53.0
20170124,8,SO2_24h,海东地区,58.0
20170124,8,NO2,海东地区,54.0
20170124,8,NO2_24h,海东地区,57.0
20170124,8,O3,海东地区,3.0
20170124,8,O3_24h,海东地区,65.0
20170124,8,O3_8h,海东地区,12.0
20170124,8,O3_8h_24h,海东地区,29.0
20170124,8,CO,海东地区,3.3
20170124,8,CO_24h,海东地区,2.4
20170124,9,AQI,海东地区,104.0
20170124,9,PM2.5,海东地区,78.0
20170124,9,PM2.5_24h,海东地区,67.0
20170124,9,PM10,海东地区,131.0
20170124,9,PM10_24h,海东地区,109.0
20170124,9,SO2,海东地区,48.0
20170124,9,SO2_24h,海东地区,57.0
20170124,9,NO2,海东地区,58.0
20170124,9,NO2_24h,海东地区,57.0
20170124,9,O3,海东地区,2.0
20170124,9,O3_24h,海东地区,65.0
20170124,9,O3_8h,海东地区,9.0
20170124,9,O3_8h_24h,海东地区,29.0
20170124,9,CO,海东地区,3.4
20170124,9,CO_24h,海东地区,2.4
20170124,10,AQI,海东地区,101.0
20170124,10,PM2.5,海东地区,76.0
20170124,10,PM2.5_24h,海东地区,67.0
20170124,10,PM10,海东地区,131.0
20170124,10,PM10_24h,海东地区,109.0
20170124,10,SO2,海东地区,57.0
20170124,10,SO2_24h,海东地区,57.0
20170124,10,NO2,海东地区,58.0
20170124,10,NO2_24h,海东地区,57.0
20170124,10,O3,海东地区,9.0
20170124,10,O3_24h,海东地区,65.0
20170124,10,O3_8h,海东地区,8.0
20170124,10,O3_8h_24h,海东地区,29.0
20170124,10,CO,海东地区,3.9
20170124,10,CO_24h,海东地区,2.3
20170124,11,AQI,海东地区,113.0
20170124,11,PM2.5,海东地区,85.0
20170124,11,PM2.5_24h,海东地区,67.0
20170124,11,PM10,海东地区,153.0
20170124,11,PM10_24h,海东地区,110.0
20170124,11,SO2,海东地区,72.0
20170124,11,SO2_24h,海东地区,57.0
20170124,11,NO2,海东地区,65.0
20170124,11,NO2_24h,海东地区,57.0
20170124,11,O3,海东地区,17.0
20170124,11,O3_24h,海东地区,65.0
20170124,11,O3_8h,海东地区,9.0
20170124,11,O3_8h_24h,海东地区,29.0
20170124,11,CO,海东地区,4.2
20170124,11,CO_24h,海东地区,2.3
20170124,12,AQI,海东地区,109.0
20170124,12,PM2.5,海东地区,82.0
20170124,12,PM2.5_24h,海东地区,67.0
20170124,12,PM10,海东地区,141.0
20170124,12,PM10_24h,海东地区,110.0
20170124,12,SO2,海东地区,81.0
20170124,12,SO2_24h,海东地区,58.0
20170124,12,NO2,海东地区,71.0
20170124,12,NO2_24h,海东地区,58.0
20170124,12,O3,海东地区,34.0
20170124,12,O3_24h,海东地区,65.0
20170124,12,O3_8h,海东地区,12.0
20170124,12,O3_8h_24h,海东地区,29.0
20170124,12,CO,海东地区,3.9
20170124,12,CO_24h,海东地区,2.3
20170124,13,AQI,海东地区,103.0
20170124,13,PM2.5,海东地区,77.0
20170124,13,PM2.5_24h,海东地区,67.0
20170124,13,PM10,海东地区,148.0
20170124,13,PM10_24h,海东地区,111.0
20170124,13,SO2,海东地区,66.0
20170124,13,SO2_24h,海东地区,58.0
20170124,13,NO2,海东地区,66.0
20170124,13,NO2_24h,海东地区,58.0
20170124,13,O3,海东地区,51.0
20170124,13,O3_24h,海东地区,65.0
20170124,13,O3_8h,海东地区,17.0
20170124,13,O3_8h_24h,海东地区,29.0
20170124,13,CO,海东地区,2.7
20170124,13,CO_24h,海东地区,2.4
20170124,14,AQI,海东地区,81.0
20170124,14,PM2.5,海东地区,47.0
20170124,14,PM2.5_24h,海东地区,67.0
20170124,14,PM10,海东地区,111.0
20170124,14,PM10_24h,海东地区,111.0
20170124,14,SO2,海东地区,35.0
20170124,14,SO2_24h,海东地区,58.0
20170124,14,NO2,海东地区,54.0
20170124,14,NO2_24h,海东地区,58.0
20170124,14,O3,海东地区,69.0
20170124,14,O3_24h,海东地区,69.0
20170124,14,O3_8h,海东地区,24.0
20170124,14,O3_8h_24h,海东地区,29.0
20170124,14,CO,海东地区,1.6
20170124,14,CO_24h,海东地区,2.4
20170124,15,AQI,海东地区,65.0
20170124,15,PM2.5,海东地区,47.0
20170124,15,PM2.5_24h,海东地区,66.0
20170124,15,PM10,海东地区,66.0
20170124,15,PM10_24h,海东地区,111.0
20170124,15,SO2,海东地区,26.0
20170124,15,SO2_24h,海东地区,57.0
20170124,15,NO2,海东地区,41.0
20170124,15,NO2_24h,海东地区,57.0
20170124,15,O3,海东地区,78.0
20170124,15,O3_24h,海东地区,78.0
20170124,15,O3_8h,海东地区,33.0
20170124,15,O3_8h_24h,海东地区,33.0
20170124,15,CO,海东地区,1.5
20170124,15,CO_24h,海东地区,2.4
20170124,16,AQI,海东地区,58.0
20170124,16,PM2.5,海东地区,40.0
20170124,16,PM2.5_24h,海东地区,67.0
20170124,16,PM10,海东地区,65.0
20170124,16,PM10_24h,海东地区,111.0
20170124,16,SO2,海东地区,24.0
20170124,16,SO2_24h,海东地区,56.0
20170124,16,NO2,海东地区,36.0
20170124,16,NO2_24h,海东地区,57.0
20170124,16,O3,海东地区,81.0
20170124,16,O3_24h,海东地区,81.0
20170124,16,O3_8h,海东地区,43.0
20170124,16,O3_8h_24h,海东地区,43.0
20170124,16,CO,海东地区,1.4
20170124,16,CO_24h,海东地区,2.4
20170124,17,AQI,海东地区,50.0
20170124,17,PM2.5,海东地区,32.0
20170124,17,PM2.5_24h,海东地区,67.0
20170124,17,PM10,海东地区,50.0
20170124,17,PM10_24h,海东地区,110.0
20170124,17,SO2,海东地区,14.0
20170124,17,SO2_24h,海东地区,55.0
20170124,17,NO2,海东地区,31.0
20170124,17,NO2_24h,海东地区,56.0
20170124,17,O3,海东地区,82.0
20170124,17,O3_24h,海东地区,82.0
20170124,17,O3_8h,海东地区,53.0
20170124,17,O3_8h_24h,海东地区,53.0
20170124,17,CO,海东地区,1.0
20170124,17,CO_24h,海东地区,2.3
20170124,18,AQI,海东地区,40.0
20170124,18,PM2.5,海东地区,28.0
20170124,18,PM2.5_24h,海东地区,66.0
20170124,18,PM10,海东地区,30.0
20170124,18,PM10_24h,海东地区,108.0
20170124,18,SO2,海东地区,15.0
20170124,18,SO2_24h,海东地区,54.0
20170124,18,NO2,海东地区,47.0
20170124,18,NO2_24h,海东地区,55.0
20170124,18,O3,海东地区,61.0
20170124,18,O3_24h,海东地区,82.0
20170124,18,O3_8h,海东地区,59.0
20170124,18,O3_8h_24h,海东地区,59.0
20170124,18,CO,海东地区,1.4
20170124,18,CO_24h,海东地区,2.3
20170124,19,AQI,海东地区,45.0
20170124,19,PM2.5,海东地区,28.0
20170124,19,PM2.5_24h,海东地区,65.0
20170124,19,PM10,海东地区,45.0
20170124,19,PM10_24h,海东地区,106.0
20170124,19,SO2,海东地区,30.0
20170124,19,SO2_24h,海东地区,53.0
20170124,19,NO2,海东地区,79.0
20170124,19,NO2_24h,海东地区,55.0
20170124,19,O3,海东地区,19.0
20170124,19,O3_24h,海东地区,82.0
20170124,19,O3_8h,海东地区,59.0
20170124,19,O3_8h_24h,海东地区,59.0
20170124,19,CO,海东地区,2.5
20170124,19,CO_24h,海东地区,2.4
20170124,20,AQI,海东地区,83.0
20170124,20,PM2.5,海东地区,47.0
20170124,20,PM2.5_24h,海东地区,65.0
20170124,20,PM10,海东地区,115.0
20170124,20,PM10_24h,海东地区,105.0
20170124,20,SO2,海东地区,42.0
20170124,20,SO2_24h,海东地区,49.0
20170124,20,NO2,海东地区,81.0
20170124,20,NO2_24h,海东地区,55.0
20170124,20,O3,海东地区,12.0
20170124,20,O3_24h,海东地区,82.0
20170124,20,O3_8h,海东地区,57.0
20170124,20,O3_8h_24h,海东地区,59.0
20170124,20,CO,海东地区,2.7
20170124,20,CO_24h,海东地区,2.4
20170124,21,AQI,海东地区,108.0
20170124,21,PM2.5,海东地区,81.0
20170124,21,PM2.5_24h,海东地区,64.0
20170124,21,PM10,海东地区,121.0
20170124,21,PM10_24h,海东地区,105.0
20170124,21,SO2,海东地区,30.0
20170124,21,SO2_24h,海东地区,46.0
20170124,21,NO2,海东地区,69.0
20170124,21,NO2_24h,海东地区,55.0
20170124,21,O3,海东地区,17.0
20170124,21,O3_24h,海东地区,82.0
20170124,21,O3_8h,海东地区,52.0
20170124,21,O3_8h_24h,海东地区,59.0
20170124,21,CO,海东地区,2.5
20170124,21,CO_24h,海东地区,2.4
20170124,22,AQI,海东地区,79.0
20170124,22,PM2.5,海东地区,49.0
20170124,22,PM2.5_24h,海东地区,63.0
20170124,22,PM10,海东地区,108.0
20170124,22,PM10_24h,海东地区,104.0
20170124,22,SO2,海东地区,42.0
20170124,22,SO2_24h,海东地区,44.0
20170124,22,NO2,海东地区,70.0
20170124,22,NO2_24h,海东地区,55.0
20170124,22,O3,海东地区,4.0
20170124,22,O3_24h,海东地区,82.0
20170124,22,O3_8h,海东地区,44.0
20170124,22,O3_8h_24h,海东地区,59.0
20170124,22,CO,海东地区,3.3
20170124,22,CO_24h,海东地区,2.5
20170124,23,AQI,海东地区,99.0
20170124,23,PM2.5,海东地区,74.0
20170124,23,PM2.5_24h,海东地区,63.0
20170124,23,PM10,海东地区,119.0
20170124,23,PM10_24h,海东地区,104.0
20170124,23,SO2,海东地区,25.0
20170124,23,SO2_24h,海东地区,42.0
20170124,23,NO2,海东地区,55.0
20170124,23,NO2_24h,海东地区,55.0
20170124,23,O3,海东地区,13.0
20170124,23,O3_24h,海东地区,82.0
20170124,23,O3_8h,海东地区,36.0
20170124,23,O3_8h_24h,海东地区,59.0
20170124,23,CO,海东地区,2.1
20170124,23,CO_24h,海东地区,2.5
20170124,0,AQI,海北州,34.0
20170124,0,PM2.5,海北州,23.0
20170124,0,PM2.5_24h,海北州,11.0
20170124,0,PM10,海北州,34.0
20170124,0,PM10_24h,海北州,25.0
20170124,0,SO2,海北州,13.0
20170124,0,SO2_24h,海北州,11.0
20170124,0,NO2,海北州,7.0
20170124,0,NO2_24h,海北州,6.0
20170124,0,O3,海北州,59.0
20170124,0,O3_24h,海北州,96.0
20170124,0,O3_8h,海北州,76.0
20170124,0,O3_8h_24h,海北州,90.0
20170124,0,CO,海北州,0.3
20170124,0,CO_24h,海北州,0.3
20170124,1,AQI,海北州,29.0
20170124,1,PM2.5,海北州,19.0
20170124,1,PM2.5_24h,海北州,11.0
20170124,1,PM10,海北州,29.0
20170124,1,PM10_24h,海北州,25.0
20170124,1,SO2,海北州,12.0
20170124,1,SO2_24h,海北州,11.0
20170124,1,NO2,海北州,5.0
20170124,1,NO2_24h,海北州,6.0
20170124,1,O3,海北州,65.0
20170124,1,O3_24h,海北州,96.0
20170124,1,O3_8h,海北州,65.0
20170124,1,O3_8h_24h,海北州,65.0
20170124,1,CO,海北州,0.3
20170124,1,CO_24h,海北州,0.3
20170124,2,AQI,海北州,26.0
20170124,2,PM2.5,海北州,18.0
20170124,2,PM2.5_24h,海北州,11.0
20170124,2,PM10,海北州,26.0
20170124,2,PM10_24h,海北州,25.0
20170124,2,SO2,海北州,12.0
20170124,2,SO2_24h,海北州,11.0
20170124,2,NO2,海北州,5.0
20170124,2,NO2_24h,海北州,6.0
20170124,2,O3,海北州,62.0
20170124,2,O3_24h,海北州,96.0
20170124,2,O3_8h,海北州,64.0
20170124,2,O3_8h_24h,海北州,65.0
20170124,2,CO,海北州,0.3
20170124,2,CO_24h,海北州,0.3
20170124,3,AQI,海北州,23.0
20170124,3,PM2.5,海北州,11.0
20170124,3,PM2.5_24h,海北州,11.0
20170124,3,PM10,海北州,23.0
20170124,3,PM10_24h,海北州,25.0
20170124,3,SO2,海北州,13.0
20170124,3,SO2_24h,海北州,12.0
20170124,3,NO2,海北州,4.0
20170124,3,NO2_24h,海北州,6.0
20170124,3,O3,海北州,64.0
20170124,3,O3_24h,海北州,96.0
20170124,3,O3_8h,海北州,64.0
20170124,3,O3_8h_24h,海北州,65.0
20170124,3,CO,海北州,0.3
20170124,3,CO_24h,海北州,0.3
20170124,4,AQI,海北州,22.0
20170124,4,PM2.5,海北州,7.0
20170124,4,PM2.5_24h,海北州,11.0
20170124,4,PM10,海北州,22.0
20170124,4,PM10_24h,海北州,25.0
20170124,4,SO2,海北州,13.0
20170124,4,SO2_24h,海北州,12.0
20170124,4,NO2,海北州,6.0
20170124,4,NO2_24h,海北州,6.0
20170124,4,O3,海北州,59.0
20170124,4,O3_24h,海北州,96.0
20170124,4,O3_8h,海北州,62.0
20170124,4,O3_8h_24h,海北州,65.0
20170124,4,CO,海北州,0.3
20170124,4,CO_24h,海北州,0.3
20170124,5,AQI,海北州,21.0
20170124,5,PM2.5,海北州,10.0
20170124,5,PM2.5_24h,海北州,11.0
20170124,5,PM10,海北州,21.0
20170124,5,PM10_24h,海北州,25.0
20170124,5,SO2,海北州,12.0
20170124,5,SO2_24h,海北州,12.0
20170124,5,NO2,海北州,5.0
20170124,5,NO2_24h,海北州,6.0
20170124,5,O3,海北州,60.0
20170124,5,O3_24h,海北州,96.0
20170124,5,O3_8h,海北州,62.0
20170124,5,O3_8h_24h,海北州,65.0
20170124,5,CO,海北州,0.3
20170124,5,CO_24h,海北州,0.3
20170124,6,AQI,海北州,25.0
20170124,6,PM2.5,海北州,10.0
20170124,6,PM2.5_24h,海北州,11.0
20170124,6,PM10,海北州,25.0
20170124,6,PM10_24h,海北州,26.0
20170124,6,SO2,海北州,12.0
20170124,6,SO2_24h,海北州,12.0
20170124,6,NO2,海北州,5.0
20170124,6,NO2_24h,海北州,6.0
20170124,6,O3,海北州,62.0
20170124,6,O3_24h,海北州,96.0
20170124,6,O3_8h,海北州,62.0
20170124,6,O3_8h_24h,海北州,65.0
20170124,6,CO,海北州,0.3
20170124,6,CO_24h,海北州,0.3
20170124,7,AQI,海北州,24.0
20170124,7,PM2.5,海北州,7.0
20170124,7,PM2.5_24h,海北州,11.0
20170124,7,PM10,海北州,24.0
20170124,7,PM10_24h,海北州,26.0
20170124,7,SO2,海北州,9.0
20170124,7,SO2_24h,海北州,12.0
20170124,7,NO2,海北州,5.0
20170124,7,NO2_24h,海北州,6.0
20170124,7,O3,海北州,62.0
20170124,7,O3_24h,海北州,96.0
20170124,7,O3_8h,海北州,62.0
20170124,7,O3_8h_24h,海北州,65.0
20170124,7,CO,海北州,0.4
20170124,7,CO_24h,海北州,0.3
20170124,8,AQI,海北州,27.0
20170124,8,PM2.5,海北州,11.0
20170124,8,PM2.5_24h,海北州,11.0
20170124,8,PM10,海北州,27.0
20170124,8,PM10_24h,海北州,26.0
20170124,8,SO2,海北州,7.0
20170124,8,SO2_24h,海北州,11.0
20170124,8,NO2,海北州,6.0
20170124,8,NO2_24h,海北州,6.0
20170124,8,O3,海北州,63.0
20170124,8,O3_24h,海北州,96.0
20170124,8,O3_8h,海北州,62.0
20170124,8,O3_8h_24h,海北州,65.0
20170124,8,CO,海北州,0.4
20170124,8,CO_24h,海北州,0.3
20170124,9,AQI,海北州,25.0
20170124,9,PM2.5,海北州,9.0
20170124,9,PM2.5_24h,海北州,12.0
20170124,9,PM10,海北州,25.0
20170124,9,PM10_24h,海北州,26.0
20170124,9,SO2,海北州,10.0
20170124,9,SO2_24h,海北州,11.0
20170124,9,NO2,海北州,11.0
20170124,9,NO2_24h,海北州,6.0
20170124,9,O3,海北州,58.0
20170124,9,O3_24h,海北州,96.0
20170124,9,O3_8h,海北州,61.0
20170124,9,O3_8h_24h,海北州,65.0
20170124,9,CO,海北州,0.4
20170124,9,CO_24h,海北州,0.3
20170124,10,AQI,海北州,30.0
20170124,10,PM2.5,海北州,14.0
20170124,10,PM2.5_24h,海北州,12.0
20170124,10,PM10,海北州,30.0
20170124,10,PM10_24h,海北州,27.0
20170124,10,SO2,海北州,17.0
20170124,10,SO2_24h,海北州,12.0
20170124,10,NO2,海北州,16.0
20170124,10,NO2_24h,海北州,6.0
20170124,10,O3,海北州,56.0
20170124,10,O3_24h,海北州,96.0
20170124,10,O3_8h,海北州,60.0
20170124,10,O3_8h_24h,海北州,65.0
20170124,10,CO,海北州,0.5
20170124,10,CO_24h,海北州,0.3
20170124,11,AQI,海北州,39.0
20170124,11,PM2.5,海北州,20.0
20170124,11,PM2.5_24h,海北州,12.0
20170124,11,PM10,海北州,39.0
20170124,11,PM10_24h,海北州,27.0
20170124,11,SO2,海北州,16.0
20170124,11,SO2_24h,海北州,12.0
20170124,11,NO2,海北州,7.0
20170124,11,NO2_24h,海北州,6.0
20170124,11,O3,海北州,79.0
20170124,11,O3_24h,海北州,96.0
20170124,11,O3_8h,海北州,62.0
20170124,11,O3_8h_24h,海北州,65.0
20170124,11,CO,海北州,0.4
20170124,11,CO_24h,海北州,0.3
20170124,12,AQI,海北州,34.0
20170124,12,PM2.5,海北州,20.0
20170124,12,PM2.5_24h,海北州,12.0
20170124,12,PM10,海北州,34.0
20170124,12,PM10_24h,海北州,27.0
20170124,12,SO2,海北州,16.0
20170124,12,SO2_24h,海北州,12.0
20170124,12,NO2,海北州,8.0
20170124,12,NO2_24h,海北州,6.0
20170124,12,O3,海北州,84.0
20170124,12,O3_24h,海北州,96.0
20170124,12,O3_8h,海北州,66.0
20170124,12,O3_8h_24h,海北州,66.0
20170124,12,CO,海北州,0.4
20170124,12,CO_24h,海北州,0.3
20170124,13,AQI,海北州,29.0
20170124,13,PM2.5,海北州,12.0
20170124,13,PM2.5_24h,海北州,12.0
20170124,13,PM10,海北州,29.0
20170124,13,PM10_24h,海北州,27.0
20170124,13,SO2,海北州,14.0
20170124,13,SO2_24h,海北州,12.0
20170124,13,NO2,海北州,5.0
20170124,13,NO2_24h,海北州,6.0
20170124,13,O3,海北州,91.0
20170124,13,O3_24h,海北州,96.0
20170124,13,O3_8h,海北州,69.0
20170124,13,O3_8h_24h,海北州,69.0
20170124,13,CO,海北州,0.3
20170124,13,CO_24h,海北州,0.3
20170124,14,AQI,海北州,32.0
20170124,14,PM2.5,海北州,8.0
20170124,14,PM2.5_24h,海北州,12.0
20170124,14,PM10,海北州,29.0
20170124,14,PM10_24h,海北州,28.0
20170124,14,SO2,海北州,11.0
20170124,14,SO2_24h,海北州,12.0
20170124,14,NO2,海北州,3.0
20170124,14,NO2_24h,海北州,6.0
20170124,14,O3,海北州,102.0
20170124,14,O3_24h,海北州,102.0
20170124,14,O3_8h,海北州,74.0
20170124,14,O3_8h_24h,海北州,74.0
20170124,14,CO,海北州,0.3
20170124,14,CO_24h,海北州,0.3
20170124,15,AQI,海北州,33.0
20170124,15,PM2.5,海北州,6.0
20170124,15,PM2.5_24h,海北州,12.0
20170124,15,PM10,海北州,18.0
20170124,15,PM10_24h,海北州,28.0
20170124,15,SO2,海北州,13.0
20170124,15,SO2_24h,海北州,12.0
20170124,15,NO2,海北州,3.0
20170124,15,NO2_24h,海北州,6.0
20170124,15,O3,海北州,104.0
20170124,15,O3_24h,海北州,104.0
20170124,15,O3_8h,海北州,80.0
20170124,15,O3_8h_24h,海北州,80.0
20170124,15,CO,海北州,0.3
20170124,15,CO_24h,海北州,0.3
20170124,16,AQI,海北州,33.0
20170124,16,PM2.5,海北州,8.0
20170124,16,PM2.5_24h,海北州,13.0
20170124,16,PM10,海北州,16.0
20170124,16,PM10_24h,海北州,28.0
20170124,16,SO2,海北州,15.0
20170124,16,SO2_24h,海北州,12.0
20170124,16,NO2,海北州,3.0
20170124,16,NO2_24h,海北州,6.0
20170124,16,O3,海北州,106.0
20170124,16,O3_24h,海北州,106.0
20170124,16,O3_8h,海北州,85.0
20170124,16,O3_8h_24h,海北州,85.0
20170124,16,CO,海北州,0.3
20170124,16,CO_24h,海北州,0.3
20170124,17,AQI,海北州,33.0
20170124,17,PM2.5,海北州,8.0
20170124,17,PM2.5_24h,海北州,13.0
20170124,17,PM10,海北州,14.0
20170124,17,PM10_24h,海北州,28.0
20170124,17,SO2,海北州,11.0
20170124,17,SO2_24h,海北州,12.0
20170124,17,NO2,海北州,3.0
20170124,17,NO2_24h,海北州,6.0
20170124,17,O3,海北州,105.0
20170124,17,O3_24h,海北州,106.0
20170124,17,O3_8h,海北州,91.0
20170124,17,O3_8h_24h,海北州,91.0
20170124,17,CO,海北州,0.3
20170124,17,CO_24h,海北州,0.3
20170124,18,AQI,海北州,32.0
20170124,18,PM2.5,海北州,8.0
20170124,18,PM2.5_24h,海北州,13.0
20170124,18,PM10,海北州,20.0
20170124,18,PM10_24h,海北州,28.0
20170124,18,SO2,海北州,10.0
20170124,18,SO2_24h,海北州,12.0
20170124,18,NO2,海北州,2.0
20170124,18,NO2_24h,海北州,6.0
20170124,18,O3,海北州,102.0
20170124,18,O3_24h,海北州,106.0
20170124,18,O3_8h,海北州,97.0
20170124,18,O3_8h_24h,海北州,97.0
20170124,18,CO,海北州,0.3
20170124,18,CO_24h,海北州,0.3
20170124,19,AQI,海北州,29.0
20170124,19,PM2.5,海北州,13.0
20170124,19,PM2.5_24h,海北州,13.0
20170124,19,PM10,海北州,22.0
20170124,19,PM10_24h,海北州,28.0
20170124,19,SO2,海北州,10.0
20170124,19,SO2_24h,海北州,12.0
20170124,19,NO2,海北州,5.0
20170124,19,NO2_24h,海北州,6.0
20170124,19,O3,海北州,94.0
20170124,19,O3_24h,海北州,106.0
20170124,19,O3_8h,海北州,98.0
20170124,19,O3_8h_24h,海北州,98.0
20170124,19,CO,海北州,0.3
20170124,19,CO_24h,海北州,0.3
20170124,20,AQI,海北州,26.0
20170124,20,PM2.5,海北州,16.0
20170124,20,PM2.5_24h,海北州,13.0
20170124,20,PM10,海北州,26.0
20170124,20,PM10_24h,海北州,27.0
20170124,20,SO2,海北州,15.0
20170124,20,SO2_24h,海北州,12.0
20170124,20,NO2,海北州,10.0
20170124,20,NO2_24h,海北州,6.0
20170124,20,O3,海北州,78.0
20170124,20,O3_24h,海北州,106.0
20170124,20,O3_8h,海北州,98.0
20170124,20,O3_8h_24h,海北州,98.0
20170124,20,CO,海北州,0.4
20170124,20,CO_24h,海北州,0.3
20170124,21,AQI,海北州,40.0
20170124,21,PM2.5,海北州,19.0
20170124,21,PM2.5_24h,海北州,13.0
20170124,21,PM10,海北州,40.0
20170124,21,PM10_24h,海北州,27.0
20170124,21,SO2,海北州,14.0
20170124,21,SO2_24h,海北州,12.0
20170124,21,NO2,海北州,5.0
20170124,21,NO2_24h,海北州,6.0
20170124,21,O3,海北州,78.0
20170124,21,O3_24h,海北州,106.0
20170124,21,O3_8h,海北州,96.0
20170124,21,O3_8h_24h,海北州,98.0
20170124,21,CO,海北州,0.3
20170124,21,CO_24h,海北州,0.3
20170124,22,AQI,海北州,40.0
20170124,22,PM2.5,海北州,18.0
20170124,22,PM2.5_24h,海北州,13.0
20170124,22,PM10,海北州,40.0
20170124,22,PM10_24h,海北州,27.0
20170124,22,SO2,海北州,13.0
20170124,22,SO2_24h,海北州,12.0
20170124,22,NO2,海北州,5.0
20170124,22,NO2_24h,海北州,6.0
20170124,22,O3,海北州,70.0
20170124,22,O3_24h,海北州,106.0
20170124,22,O3_8h,海北州,92.0
20170124,22,O3_8h_24h,海北州,98.0
20170124,22,CO,海北州,0.3
20170124,22,CO_24h,海北州,0.3
20170124,23,AQI,海北州,36.0
20170124,23,PM2.5,海北州,20.0
20170124,23,PM2.5_24h,海北州,13.0
20170124,23,PM10,海北州,36.0
20170124,23,PM10_24h,海北州,27.0
20170124,23,SO2,海北州,11.0
20170124,23,SO2_24h,海北州,12.0
20170124,23,NO2,海北州,5.0
20170124,23,NO2_24h,海北州,6.0
20170124,23,O3,海北州,73.0
20170124,23,O3_24h,海北州,106.0
20170124,23,O3_8h,海北州,88.0
20170124,23,O3_8h_24h,海北州,98.0
20170124,23,CO,海北州,0.3
20170124,23,CO_24h,海北州,0.3
20170124,0,AQI,黄南州,58.0
20170124,0,PM2.5,黄南州,41.0
20170124,0,PM2.5_24h,黄南州,29.0
20170124,0,PM10,黄南州,55.0
20170124,0,PM10_24h,黄南州,51.0
20170124,0,SO2,黄南州,37.0
20170124,0,SO2_24h,黄南州,54.0
20170124,0,NO2,黄南州,18.0
20170124,0,NO2_24h,黄南州,15.0
20170124,0,O3,黄南州,62.0
20170124,0,O3_24h,黄南州,84.0
20170124,0,O3_8h,黄南州,67.0
20170124,0,O3_8h_24h,黄南州,75.0
20170124,0,CO,黄南州,1.6
20170124,0,CO_24h,黄南州,1.2
20170124,1,AQI,黄南州,56.0
20170124,1,PM2.5,黄南州,39.0
20170124,1,PM2.5_24h,黄南州,29.0
20170124,1,PM10,黄南州,61.0
20170124,1,PM10_24h,黄南州,52.0
20170124,1,SO2,黄南州,36.0
20170124,1,SO2_24h,黄南州,54.0
20170124,1,NO2,黄南州,12.0
20170124,1,NO2_24h,黄南州,15.0
20170124,1,O3,黄南州,67.0
20170124,1,O3_24h,黄南州,84.0
20170124,1,O3_8h,黄南州,67.0
20170124,1,O3_8h_24h,黄南州,67.0
20170124,1,CO,黄南州,1.5
20170124,1,CO_24h,黄南州,1.2
20170124,2,AQI,黄南州,55.0
20170124,2,PM2.5,黄南州,39.0
20170124,2,PM2.5_24h,黄南州,29.0
20170124,2,PM10,黄南州,59.0
20170124,2,PM10_24h,黄南州,52.0
20170124,2,SO2,黄南州,26.0
20170124,2,SO2_24h,黄南州,54.0
20170124,2,NO2,黄南州,7.0
20170124,2,NO2_24h,黄南州,15.0
20170124,2,O3,黄南州,63.0
20170124,2,O3_24h,黄南州,84.0
20170124,2,O3_8h,黄南州,65.0
20170124,2,O3_8h_24h,黄南州,67.0
20170124,2,CO,黄南州,1.3
20170124,2,CO_24h,黄南州,1.3
20170124,3,AQI,黄南州,53.0
20170124,3,PM2.5,黄南州,26.0
20170124,3,PM2.5_24h,黄南州,29.0
20170124,3,PM10,黄南州,55.0
20170124,3,PM10_24h,黄南州,52.0
20170124,3,SO2,黄南州,21.0
20170124,3,SO2_24h,黄南州,55.0
20170124,3,NO2,黄南州,8.0
20170124,3,NO2_24h,黄南州,15.0
20170124,3,O3,黄南州,58.0
20170124,3,O3_24h,黄南州,84.0
20170124,3,O3_8h,黄南州,63.0
20170124,3,O3_8h_24h,黄南州,67.0
20170124,3,CO,黄南州,1.4
20170124,3,CO_24h,黄南州,1.3
20170124,4,AQI,黄南州,56.0
20170124,4,PM2.5,黄南州,28.0
20170124,4,PM2.5_24h,黄南州,29.0
20170124,4,PM10,黄南州,62.0
20170124,4,PM10_24h,黄南州,54.0
20170124,4,SO2,黄南州,19.0
20170124,4,SO2_24h,黄南州,55.0
20170124,4,NO2,黄南州,5.0
20170124,4,NO2_24h,黄南州,15.0
20170124,4,O3,黄南州,59.0
20170124,4,O3_24h,黄南州,84.0
20170124,4,O3_8h,黄南州,62.0
20170124,4,O3_8h_24h,黄南州,67.0
20170124,4,CO,黄南州,1.4
20170124,4,CO_24h,黄南州,1.3
20170124,5,AQI,黄南州,52.0
20170124,5,PM2.5,黄南州,30.0
20170124,5,PM2.5_24h,黄南州,29.0
20170124,5,PM10,黄南州,54.0
20170124,5,PM10_24h,黄南州,55.0
20170124,5,SO2,黄南州,16.0
20170124,5,SO2_24h,黄南州,55.0
20170124,5,NO2,黄南州,4.0
20170124,5,NO2_24h,黄南州,15.0
20170124,5,O3,黄南州,59.0
20170124,5,O3_24h,黄南州,84.0
20170124,5,O3_8h,黄南州,61.0
20170124,5,O3_8h_24h,黄南州,67.0
20170124,5,CO,黄南州,1.3
20170124,5,CO_24h,黄南州,1.3
20170124,6,AQI,黄南州,52.0
20170124,6,PM2.5,黄南州,29.0
20170124,6,PM2.5_24h,黄南州,30.0
20170124,6,PM10,黄南州,53.0
20170124,6,PM10_24h,黄南州,56.0
20170124,6,SO2,黄南州,15.0
20170124,6,SO2_24h,黄南州,55.0
20170124,6,NO2,黄南州,2.0
20170124,6,NO2_24h,黄南州,15.0
20170124,6,O3,黄南州,60.0
20170124,6,O3_24h,黄南州,84.0
20170124,6,O3_8h,黄南州,61.0
20170124,6,O3_8h_24h,黄南州,67.0
20170124,6,CO,黄南州,1.2
20170124,6,CO_24h,黄南州,1.3
20170124,7,AQI,黄南州,46.0
20170124,7,PM2.5,黄南州,31.0
20170124,7,PM2.5_24h,黄南州,30.0
20170124,7,PM10,黄南州,46.0
20170124,7,PM10_24h,黄南州,57.0
20170124,7,SO2,黄南州,20.0
20170124,7,SO2_24h,黄南州,50.0
20170124,7,NO2,黄南州,7.0
20170124,7,NO2_24h,黄南州,14.0
20170124,7,O3,黄南州,56.0
20170124,7,O3_24h,黄南州,84.0
20170124,7,O3_8h,黄南州,60.0
20170124,7,O3_8h_24h,黄南州,67.0
20170124,7,CO,黄南州,1.3
20170124,7,CO_24h,黄南州,1.3
20170124,8,AQI,黄南州,46.0
20170124,8,PM2.5,黄南州,32.0
20170124,8,PM2.5_24h,黄南州,31.0
20170124,8,PM10,黄南州,44.0
20170124,8,PM10_24h,黄南州,57.0
20170124,8,SO2,黄南州,34.0
20170124,8,SO2_24h,黄南州,46.0
20170124,8,NO2,黄南州,16.0
20170124,8,NO2_24h,黄南州,13.0
20170124,8,O3,黄南州,47.0
20170124,8,O3_24h,黄南州,84.0
20170124,8,O3_8h,黄南州,59.0
20170124,8,O3_8h_24h,黄南州,67.0
20170124,8,CO,黄南州,1.2
20170124,8,CO_24h,黄南州,1.4
20170124,9,AQI,黄南州,46.0
20170124,9,PM2.5,黄南州,32.0
20170124,9,PM2.5_24h,黄南州,31.0
20170124,9,PM10,黄南州,43.0
20170124,9,PM10_24h,黄南州,58.0
20170124,9,SO2,黄南州,64.0
20170124,9,SO2_24h,黄南州,46.0
20170124,9,NO2,黄南州,31.0
20170124,9,NO2_24h,黄南州,13.0
20170124,9,O3,黄南州,38.0
20170124,9,O3_24h,黄南州,84.0
20170124,9,O3_8h,黄南州,55.0
20170124,9,O3_8h_24h,黄南州,67.0
20170124,9,CO,黄南州,1.5
20170124,9,CO_24h,黄南州,1.4
20170124,10,AQI,黄南州,56.0
20170124,10,PM2.5,黄南州,40.0
20170124,10,PM2.5_24h,黄南州,32.0
20170124,10,PM10,黄南州,49.0
20170124,10,PM10_24h,黄南州,57.0
20170124,10,SO2,黄南州,48.0
20170124,10,SO2_24h,黄南州,45.0
20170124,10,NO2,黄南州,12.0
20170124,10,NO2_24h,黄南州,13.0
20170124,10,O3,黄南州,60.0
20170124,10,O3_24h,黄南州,84.0
20170124,10,O3_8h,黄南州,55.0
20170124,10,O3_8h_24h,黄南州,67.0
20170124,10,CO,黄南州,1.3
20170124,10,CO_24h,黄南州,1.4
20170124,11,AQI,黄南州,64.0
20170124,11,PM2.5,黄南州,46.0
20170124,11,PM2.5_24h,黄南州,32.0
20170124,11,PM10,黄南州,57.0
20170124,11,PM10_24h,黄南州,56.0
20170124,11,SO2,黄南州,18.0
20170124,11,SO2_24h,黄南州,42.0
20170124,11,NO2,黄南州,2.0
20170124,11,NO2_24h,黄南州,13.0
20170124,11,O3,黄南州,72.0
20170124,11,O3_24h,黄南州,84.0
20170124,11,O3_8h,黄南州,56.0
20170124,11,O3_8h_24h,黄南州,67.0
20170124,11,CO,黄南州,1.0
20170124,11,CO_24h,黄南州,1.4
20170124,12,AQI,黄南州,43.0
20170124,12,PM2.5,黄南州,29.0
20170124,12,PM2.5_24h,黄南州,31.0
20170124,12,PM10,黄南州,43.0
20170124,12,PM10_24h,黄南州,55.0
20170124,12,SO2,黄南州,26.0
20170124,12,SO2_24h,黄南州,33.0
20170124,12,NO2,黄南州,5.0
20170124,12,NO2_24h,黄南州,11.0
20170124,12,O3,黄南州,75.0
20170124,12,O3_24h,黄南州,84.0
20170124,12,O3_8h,黄南州,58.0
20170124,12,O3_8h_24h,黄南州,67.0
20170124,12,CO,黄南州,1.2
20170124,12,CO_24h,黄南州,1.3
20170124,13,AQI,黄南州,52.0
20170124,13,PM2.5,黄南州,19.0
20170124,13,PM2.5_24h,黄南州,31.0
20170124,13,PM10,黄南州,53.0
20170124,13,PM10_24h,黄南州,54.0
20170124,13,SO2,黄南州,29.0
20170124,13,SO2_24h,黄南州,29.0
20170124,13,NO2,黄南州,7.0
20170124,13,NO2_24h,黄南州,10.0
20170124,13,O3,黄南州,81.0
20170124,13,O3_24h,黄南州,84.0
20170124,13,O3_8h,黄南州,61.0
20170124,13,O3_8h_24h,黄南州,67.0
20170124,13,CO,黄南州,1.3
20170124,13,CO_24h,黄南州,1.3
20170124,14,AQI,黄南州,41.0
20170124,14,PM2.5,黄南州,14.0
20170124,14,PM2.5_24h,黄南州,30.0
20170124,14,PM10,黄南州,41.0
20170124,14,PM10_24h,黄南州,52.0
20170124,14,SO2,黄南州,27.0
20170124,14,SO2_24h,黄南州,29.0
20170124,14,NO2,黄南州,4.0
20170124,14,NO2_24h,黄南州,10.0
20170124,14,O3,黄南州,87.0
20170124,14,O3_24h,黄南州,87.0
20170124,14,O3_8h,黄南州,64.0
20170124,14,O3_8h_24h,黄南州,67.0
20170124,14,CO,黄南州,1.2
20170124,14,CO_24h,黄南州,1.3
20170124,15,AQI,黄南州,32.0
20170124,15,PM2.5,黄南州,12.0
20170124,15,PM2.5_24h,黄南州,29.0
20170124,15,PM10,黄南州,32.0
20170124,15,PM10_24h,黄南州,52.0
20170124,15,SO2,黄南州,23.0
20170124,15,SO2_24h,黄南州,29.0
20170124,15,NO2,黄南州,4.0
20170124,15,NO2_24h,黄南州,10.0
20170124,15,O3,黄南州,90.0
20170124,15,O3_24h,黄南州,90.0
20170124,15,O3_8h,黄南州,69.0
20170124,15,O3_8h_24h,黄南州,69.0
20170124,15,CO,黄南州,1.2
20170124,15,CO_24h,黄南州,1.3
20170124,16,AQI,黄南州,29.0
20170124,16,PM2.5,黄南州,10.0
20170124,16,PM2.5_24h,黄南州,29.0
20170124,16,PM10,黄南州,18.0
20170124,16,PM10_24h,黄南州,52.0
20170124,16,SO2,黄南州,14.0
20170124,16,SO2_24h,黄南州,28.0
20170124,16,NO2,黄南州,1.0
20170124,16,NO2_24h,黄南州,10.0
20170124,16,O3,黄南州,94.0
20170124,16,O3_24h,黄南州,94.0
20170124,16,O3_8h,黄南州,75.0
20170124,16,O3_8h_24h,黄南州,75.0
20170124,16,CO,黄南州,1.1
20170124,16,CO_24h,黄南州,1.3
20170124,17,AQI,黄南州,29.0
20170124,17,PM2.5,黄南州,9.0
20170124,17,PM2.5_24h,黄南州,29.0
20170124,17,PM10,黄南州,12.0
20170124,17,PM10_24h,黄南州,51.0
20170124,17,SO2,黄南州,26.0
20170124,17,SO2_24h,黄南州,28.0
20170124,17,NO2,黄南州,4.0
20170124,17,NO2_24h,黄南州,10.0
20170124,17,O3,黄南州,93.0
20170124,17,O3_24h,黄南州,94.0
20170124,17,O3_8h,黄南州,82.0
20170124,17,O3_8h_24h,黄南州,82.0
20170124,17,CO,黄南州,1.0
20170124,17,CO_24h,黄南州,1.3
20170124,18,AQI,黄南州,29.0
20170124,18,PM2.5,黄南州,17.0
20170124,18,PM2.5_24h,黄南州,29.0
20170124,18,PM10,黄南州,29.0
20170124,18,PM10_24h,黄南州,50.0
20170124,18,SO2,黄南州,32.0
20170124,18,SO2_24h,黄南州,28.0
20170124,18,NO2,黄南州,12.0
20170124,18,NO2_24h,黄南州,9.0
20170124,18,O3,黄南州,89.0
20170124,18,O3_24h,黄南州,94.0
20170124,18,O3_8h,黄南州,85.0
20170124,18,O3_8h_24h,黄南州,85.0
20170124,18,CO,黄南州,1.2
20170124,18,CO_24h,黄南州,1.3
20170124,19,AQI,黄南州,72.0
20170124,19,PM2.5,黄南州,23.0
20170124,19,PM2.5_24h,黄南州,29.0
20170124,19,PM10,黄南州,93.0
20170124,19,PM10_24h,黄南州,50.0
20170124,19,SO2,黄南州,51.0
20170124,19,SO2_24h,黄南州,29.0
20170124,19,NO2,黄南州,24.0
20170124,19,NO2_24h,黄南州,10.0
20170124,19,O3,黄南州,73.0
20170124,19,O3_24h,黄南州,94.0
20170124,19,O3_8h,黄南州,85.0
20170124,19,O3_8h_24h,黄南州,85.0
20170124,19,CO,黄南州,1.4
20170124,19,CO_24h,黄南州,1.3
20170124,20,AQI,黄南州,56.0
20170124,20,PM2.5,黄南州,28.0
20170124,20,PM2.5_24h,黄南州,28.0
20170124,20,PM10,黄南州,61.0
20170124,20,PM10_24h,黄南州,50.0
20170124,20,SO2,黄南州,72.0
20170124,20,SO2_24h,黄南州,31.0
20170124,20,NO2,黄南州,42.0
20170124,20,NO2_24h,黄南州,11.0
20170124,20,O3,黄南州,50.0
20170124,20,O3_24h,黄南州,94.0
20170124,20,O3_8h,黄南州,82.0
20170124,20,O3_8h_24h,黄南州,85.0
20170124,20,CO,黄南州,1.9
20170124,20,CO_24h,黄南州,1.3
20170124,21,AQI,黄南州,84.0
20170124,21,PM2.5,黄南州,50.0
20170124,21,PM2.5_24h,黄南州,29.0
20170124,21,PM10,黄南州,118.0
20170124,21,PM10_24h,黄南州,52.0
20170124,21,SO2,黄南州,58.0
20170124,21,SO2_24h,黄南州,32.0
20170124,21,NO2,黄南州,28.0
20170124,21,NO2_24h,黄南州,12.0
20170124,21,O3,黄南州,55.0
20170124,21,O3_24h,黄南州,94.0
20170124,21,O3_8h,黄南州,79.0
20170124,21,O3_8h_24h,黄南州,85.0
20170124,21,CO,黄南州,1.7
20170124,21,CO_24h,黄南州,1.3
20170124,22,AQI,黄南州,68.0
20170124,22,PM2.5,黄南州,49.0
20170124,22,PM2.5_24h,黄南州,30.0
20170124,22,PM10,黄南州,74.0
20170124,22,PM10_24h,黄南州,52.0
20170124,22,SO2,黄南州,40.0
20170124,22,SO2_24h,黄南州,33.0
20170124,22,NO2,黄南州,22.0
20170124,22,NO2_24h,黄南州,12.0
20170124,22,O3,黄南州,61.0
20170124,22,O3_24h,黄南州,94.0
20170124,22,O3_8h,黄南州,76.0
20170124,22,O3_8h_24h,黄南州,85.0
20170124,22,CO,黄南州,1.7
20170124,22,CO_24h,黄南州,1.4
20170124,23,AQI,黄南州,69.0
20170124,23,PM2.5,黄南州,50.0
20170124,23,PM2.5_24h,黄南州,30.0
20170124,23,PM10_24h,黄南州,53.0
20170124,23,SO2,黄南州,21.0
20170124,23,SO2_24h,黄南州,32.0
20170124,23,NO2,黄南州,11.0
20170124,23,NO2_24h,黄南州,12.0
20170124,23,O3,黄南州,69.0
20170124,23,O3_24h,黄南州,94.0
20170124,23,O3_8h,黄南州,73.0
20170124,23,O3_8h_24h,黄南州,85.0
20170124,23,CO,黄南州,1.5
20170124,23,CO_24h,黄南州,1.3
20170124,0,AQI,海南州,76.0
20170124,0,PM2.5,海南州,56.0
20170124,0,PM2.5_24h,海南州,34.0
20170124,0,PM10,海南州,96.0
20170124,0,PM10_24h,海南州,51.0
20170124,0,SO2,海南州,41.0
20170124,0,SO2_24h,海南州,23.0
20170124,0,NO2,海南州,44.0
20170124,0,NO2_24h,海南州,22.0
20170124,0,O3,海南州,10.0
20170124,0,O3_24h,海南州,78.0
20170124,0,O3_8h,海南州,41.0
20170124,0,O3_8h_24h,海南州,68.0
20170124,0,CO,海南州,1.4
20170124,0,CO_24h,海南州,1.0
20170124,1,AQI,海南州,83.0
20170124,1,PM2.5,海南州,61.0
20170124,1,PM2.5_24h,海南州,35.0
20170124,1,PM10,海南州,95.0
20170124,1,PM10_24h,海南州,53.0
20170124,1,SO2,海南州,22.0
20170124,1,SO2_24h,海南州,23.0
20170124,1,NO2,海南州,25.0
20170124,1,NO2_24h,海南州,22.0
20170124,1,O3,海南州,20.0
20170124,1,O3_24h,海南州,78.0
20170124,1,O3_8h,海南州,20.0
20170124,1,O3_8h_24h,海南州,20.0
20170124,1,CO,海南州,1.0
20170124,1,CO_24h,海南州,1.0
20170124,2,AQI,海南州,76.0
20170124,2,PM2.5,海南州,56.0
20170124,2,PM2.5_24h,海南州,36.0
20170124,2,PM10_24h,海南州,54.0
20170124,2,SO2,海南州,17.0
20170124,2,SO2_24h,海南州,23.0
20170124,2,NO2,海南州,12.0
20170124,2,NO2_24h,海南州,22.0
20170124,2,O3,海南州,33.0
20170124,2,O3_24h,海南州,78.0
20170124,2,O3_8h,海南州,26.0
20170124,2,O3_8h_24h,海南州,26.0
20170124,2,CO,海南州,0.7
20170124,2,CO_24h,海南州,1.0
20170124,3,AQI,海南州,63.0
20170124,3,PM2.5,海南州,45.0
20170124,3,PM2.5_24h,海南州,37.0
20170124,3,PM10_24h,海南州,54.0
20170124,3,SO2,海南州,14.0
20170124,3,SO2_24h,海南州,23.0
20170124,3,NO2,海南州,12.0
20170124,3,NO2_24h,海南州,22.0
20170124,3,O3,海南州,39.0
20170124,3,O3_24h,海南州,78.0
20170124,3,O3_8h,海南州,31.0
20170124,3,O3_8h_24h,海南州,31.0
20170124,3,CO,海南州,0.6
20170124,3,CO_24h,海南州,1.0
20170124,4,AQI,海南州,55.0
20170124,4,PM2.5,海南州,39.0
20170124,4,PM2.5_24h,海南州,38.0
20170124,4,PM10_24h,海南州,55.0
20170124,4,SO2,海南州,11.0
20170124,4,SO2_24h,海南州,23.0
20170124,4,NO2,海南州,14.0
20170124,4,NO2_24h,海南州,22.0
20170124,4,O3,海南州,40.0
20170124,4,O3_24h,海南州,78.0
20170124,4,O3_8h,海南州,33.0
20170124,4,O3_8h_24h,海南州,33.0
20170124,4,CO,海南州,0.5
20170124,4,CO_24h,海南州,1.0
20170124,5,AQI,海南州,44.0
20170124,5,PM2.5,海南州,31.0
20170124,5,PM2.5_24h,海南州,39.0
20170124,5,PM10,海南州,36.0
20170124,5,PM10_24h,海南州,55.0
20170124,5,SO2,海南州,12.0
20170124,5,SO2_24h,海南州,23.0
20170124,5,NO2,海南州,12.0
20170124,5,NO2_24h,海南州,22.0
20170124,5,O3,海南州,42.0
20170124,5,O3_24h,海南州,78.0
20170124,5,O3_8h,海南州,35.0
20170124,5,O3_8h_24h,海南州,35.0
20170124,5,CO,海南州,0.6
20170124,5,CO_24h,海南州,1.0
20170124,6,AQI,海南州,41.0
20170124,6,PM2.5,海南州,29.0
20170124,6,PM2.5_24h,海南州,39.0
20170124,6,PM10,海南州,37.0
20170124,6,PM10_24h,海南州,56.0
20170124,6,SO2,海南州,13.0
20170124,6,SO2_24h,海南州,23.0
20170124,6,NO2,海南州,15.0
20170124,6,NO2_24h,海南州,22.0
20170124,6,O3,海南州,36.0
20170124,6,O3_24h,海南州,78.0
20170124,6,O3_8h,海南州,35.0
20170124,6,O3_8h_24h,海南州,35.0
20170124,6,CO,海南州,0.6
20170124,6,CO_24h,海南州,1.0
20170124,7,AQI,海南州,39.0
20170124,7,PM2.5,海南州,27.0
20170124,7,PM2.5_24h,海南州,40.0
20170124,7,PM10,海南州,29.0
20170124,7,PM10_24h,海南州,56.0
20170124,7,SO2,海南州,14.0
20170124,7,SO2_24h,海南州,24.0
20170124,7,NO2,海南州,11.0
20170124,7,NO2_24h,海南州,22.0
20170124,7,O3,海南州,36.0
20170124,7,O3_24h,海南州,78.0
20170124,7,O3_8h,海南州,35.0
20170124,7,O3_8h_24h,海南州,35.0
20170124,7,CO,海南州,0.6
20170124,7,CO_24h,海南州,1.0
20170124,8,AQI,海南州,39.0
20170124,8,PM2.5,海南州,27.0
20170124,8,PM2.5_24h,海南州,40.0
20170124,8,PM10,海南州,30.0
20170124,8,PM10_24h,海南州,55.0
20170124,8,SO2,海南州,17.0
20170124,8,SO2_24h,海南州,24.0
20170124,8,NO2,海南州,18.0
20170124,8,NO2_24h,海南州,21.0
20170124,8,O3,海南州,28.0
20170124,8,O3_24h,海南州,78.0
20170124,8,O3_8h,海南州,34.0
20170124,8,O3_8h_24h,海南州,35.0
20170124,8,CO,海南州,0.7
20170124,8,CO_24h,海南州,1.0
20170124,9,AQI,海南州,43.0
20170124,9,PM2.5,海南州,30.0
20170124,9,PM2.5_24h,海南州,40.0
20170124,9,PM10,海南州,35.0
20170124,9,PM10_24h,海南州,55.0
20170124,9,SO2,海南州,13.0
20170124,9,SO2_24h,海南州,24.0
20170124,9,NO2,海南州,25.0
20170124,9,NO2_24h,海南州,21.0
20170124,9,O3,海南州,24.0
20170124,9,O3_24h,海南州,78.0
20170124,9,O3_8h,海南州,35.0
20170124,9,O3_8h_24h,海南州,35.0
20170124,9,CO,海南州,1.3
20170124,9,CO_24h,海南州,1.0
20170124,10,AQI,海南州,53.0
20170124,10,PM2.5,海南州,37.0
20170124,10,PM2.5_24h,海南州,39.0
20170124,10,PM10,海南州,50.0
20170124,10,PM10_24h,海南州,55.0
20170124,10,SO2,海南州,14.0
20170124,10,SO2_24h,海南州,24.0
20170124,10,NO2,海南州,21.0
20170124,10,NO2_24h,海南州,21.0
20170124,10,O3,海南州,38.0
20170124,10,O3_24h,海南州,78.0
20170124,10,O3_8h,海南州,35.0
20170124,10,O3_8h_24h,海南州,35.0
20170124,10,CO,海南州,1.3
20170124,10,CO_24h,海南州,1.0
20170124,11,AQI,海南州,61.0
20170124,11,PM2.5,海南州,41.0
20170124,11,PM2.5_24h,海南州,38.0
20170124,11,PM10,海南州,72.0
20170124,11,PM10_24h,海南州,54.0
20170124,11,SO2,海南州,16.0
20170124,11,SO2_24h,海南州,23.0
20170124,11,NO2,海南州,7.0
20170124,11,NO2_24h,海南州,19.0
20170124,11,O3,海南州,63.0
20170124,11,O3_24h,海南州,78.0
20170124,11,O3_8h,海南州,38.0
20170124,11,O3_8h_24h,海南州,38.0
20170124,11,CO,海南州,0.7
20170124,11,CO_24h,海南州,0.9
20170124,12,AQI,海南州,34.0
20170124,12,PM2.5,海南州,24.0
20170124,12,PM2.5_24h,海南州,34.0
20170124,12,PM10_24h,海南州,54.0
20170124,12,SO2,海南州,19.0
20170124,12,SO2_24h,海南州,22.0
20170124,12,NO2,海南州,5.0
20170124,12,NO2_24h,海南州,18.0
20170124,12,O3,海南州,69.0
20170124,12,O3_24h,海南州,78.0
20170124,12,O3_8h,海南州,42.0
20170124,12,O3_8h_24h,海南州,42.0
20170124,12,CO,海南州,0.8
20170124,12,CO_24h,海南州,0.9
20170124,13,AQI,海南州,23.0
20170124,13,PM2.5,海南州,15.0
20170124,13,PM2.5_24h,海南州,33.0
20170124,13,PM10_24h,海南州,54.0
20170124,13,SO2,海南州,21.0
20170124,13,SO2_24h,海南州,21.0
20170124,13,NO2,海南州,5.0
20170124,13,NO2_24h,海南州,18.0
20170124,13,O3,海南州,72.0
20170124,13,O3_24h,海南州,78.0
20170124,13,O3_8h,海南州,46.0
20170124,13,O3_8h_24h,海南州,46.0
20170124,13,CO,海南州,0.7
20170124,13,CO_24h,海南州,0.9
20170124,14,AQI,海南州,25.0
20170124,14,PM2.5,海南州,10.0
20170124,14,PM2.5_24h,海南州,32.0
20170124,14,PM10,海南州,10.0
20170124,14,PM10_24h,海南州,53.0
20170124,14,SO2,海南州,23.0
20170124,14,SO2_24h,海南州,21.0
20170124,14,NO2,海南州,6.0
20170124,14,NO2_24h,海南州,18.0
20170124,14,O3,海南州,80.0
20170124,14,O3_24h,海南州,80.0
20170124,14,O3_8h,海南州,51.0
20170124,14,O3_8h_24h,海南州,51.0
20170124,14,CO,海南州,0.8
20170124,14,CO_24h,海南州,0.9
20170124,15,AQI,海南州,27.0
20170124,15,PM2.5,海南州,7.0
20170124,15,PM2.5_24h,海南州,32.0
20170124,15,PM10,海南州,11.0
20170124,15,PM10_24h,海南州,51.0
20170124,15,SO2,海南州,21.0
20170124,15,SO2_24h,海南州,21.0
20170124,15,NO2,海南州,7.0
20170124,15,NO2_24h,海南州,17.0
20170124,15,O3,海南州,86.0
20170124,15,O3_24h,海南州,86.0
20170124,15,O3_8h,海南州,58.0
20170124,15,O3_8h_24h,海南州,58.0
20170124,15,CO,海南州,0.6
20170124,15,CO_24h,海南州,0.9
20170124,16,AQI,海南州,26.0
20170124,16,PM2.5,海南州,8.0
20170124,16,PM2.5_24h,海南州,32.0
20170124,16,PM10,海南州,15.0
20170124,16,PM10_24h,海南州,50.0
20170124,16,SO2,海南州,24.0
20170124,16,SO2_24h,海南州,20.0
20170124,16,NO2,海南州,6.0
20170124,16,NO2_24h,海南州,17.0
20170124,16,O3,海南州,83.0
20170124,16,O3_24h,海南州,86.0
20170124,16,O3_8h,海南州,64.0
20170124,16,O3_8h_24h,海南州,64.0
20170124,16,CO,海南州,0.5
20170124,16,CO_24h,海南州,0.8
20170124,17,AQI,海南州,32.0
20170124,17,PM2.5,海南州,10.0
20170124,17,PM2.5_24h,海南州,31.0
20170124,17,PM10,海南州,32.0
20170124,17,PM10_24h,海南州,50.0
20170124,17,SO2,海南州,18.0
20170124,17,SO2_24h,海南州,20.0
20170124,17,NO2,海南州,6.0
20170124,17,NO2_24h,海南州,17.0
20170124,17,O3,海南州,61.0
20170124,17,O3_24h,海南州,86.0
20170124,17,O3_8h,海南州,69.0
20170124,17,O3_8h_24h,海南州,69.0
20170124,17,CO,海南州,0.3
20170124,17,CO_24h,海南州,0.8
20170124,18,AQI,海南州,39.0
20170124,18,PM2.5,海南州,16.0
20170124,18,PM2.5_24h,海南州,31.0
20170124,18,PM10,海南州,39.0
20170124,18,PM10_24h,海南州,50.0
20170124,18,SO2,海南州,21.0
20170124,18,SO2_24h,海南州,20.0
20170124,18,NO2,海南州,7.0
20170124,18,NO2_24h,海南州,17.0
20170124,18,O3,海南州,78.0
20170124,18,O3_24h,海南州,86.0
20170124,18,O3_8h,海南州,74.0
20170124,18,O3_8h_24h,海南州,74.0
20170124,18,CO,海南州,0.4
20170124,18,CO_24h,海南州,0.8
20170124,19,AQI,海南州,41.0
20170124,19,PM2.5,海南州,22.0
20170124,19,PM2.5_24h,海南州,31.0
20170124,19,PM10,海南州,41.0
20170124,19,PM10_24h,海南州,49.0
20170124,19,SO2,海南州,18.0
20170124,19,SO2_24h,海南州,20.0
20170124,19,NO2,海南州,19.0
20170124,19,NO2_24h,海南州,17.0
20170124,19,O3,海南州,67.0
20170124,19,O3_24h,海南州,86.0
20170124,19,O3_8h,海南州,74.0
20170124,19,O3_8h_24h,海南州,74.0
20170124,19,CO,海南州,0.8
20170124,19,CO_24h,海南州,0.8
20170124,20,AQI,海南州,43.0
20170124,20,PM2.5,海南州,27.0
20170124,20,PM2.5_24h,海南州,31.0
20170124,20,PM10,海南州,43.0
20170124,20,PM10_24h,海南州,49.0
20170124,20,SO2,海南州,19.0
20170124,20,SO2_24h,海南州,20.0
20170124,20,NO2,海南州,20.0
20170124,20,NO2_24h,海南州,17.0
20170124,20,O3,海南州,49.0
20170124,20,O3_24h,海南州,86.0
20170124,20,O3_8h,海南州,72.0
20170124,20,O3_8h_24h,海南州,74.0
20170124,20,CO,海南州,1.0
20170124,20,CO_24h,海南州,0.8
20170124,21,AQI,海南州,52.0
20170124,21,PM2.5,海南州,34.0
20170124,21,PM2.5_24h,海南州,31.0
20170124,21,PM10,海南州,53.0
20170124,21,PM10_24h,海南州,49.0
20170124,21,SO2,海南州,18.0
20170124,21,SO2_24h,海南州,20.0
20170124,21,NO2,海南州,32.0
20170124,21,NO2_24h,海南州,17.0
20170124,21,O3,海南州,40.0
20170124,21,O3_24h,海南州,86.0
20170124,21,O3_8h,海南州,68.0
20170124,21,O3_8h_24h,海南州,74.0
20170124,21,CO,海南州,1.0
20170124,21,CO_24h,海南州,0.8
20170124,22,AQI,海南州,49.0
20170124,22,PM2.5,海南州,33.0
20170124,22,PM2.5_24h,海南州,30.0
20170124,22,PM10,海南州,49.0
20170124,22,PM10_24h,海南州,46.0
20170124,22,SO2,海南州,18.0
20170124,22,SO2_24h,海南州,19.0
20170124,22,NO2,海南州,23.0
20170124,22,NO2_24h,海南州,16.0
20170124,22,O3,海南州,41.0
20170124,22,O3_24h,海南州,86.0
20170124,22,O3_8h,海南州,63.0
20170124,22,O3_8h_24h,海南州,74.0
20170124,22,CO,海南州,1.0
20170124,22,CO_24h,海南州,0.8
20170124,23,AQI,海南州,50.0
20170124,23,PM2.5,海南州,35.0
20170124,23,PM2.5_24h,海南州,30.0
20170124,23,PM10,海南州,46.0
20170124,23,PM10_24h,海南州,43.0
20170124,23,SO2,海南州,20.0
20170124,23,SO2_24h,海南州,18.0
20170124,23,NO2,海南州,12.0
20170124,23,NO2_24h,海南州,15.0
20170124,23,O3,海南州,50.0
20170124,23,O3_24h,海南州,86.0
20170124,23,O3_8h,海南州,59.0
20170124,23,O3_8h_24h,海南州,74.0
20170124,23,CO,海南州,0.9
20170124,23,CO_24h,海南州,0.8
20170124,0,AQI,果洛州,48.0
20170124,0,PM2.5,果洛州,15.0
20170124,0,PM2.5_24h,果洛州,24.0
20170124,0,PM10,果洛州,48.0
20170124,0,PM10_24h,果洛州,51.0
20170124,0,SO2,果洛州,25.0
20170124,0,SO2_24h,果洛州,37.0
20170124,0,NO2,果洛州,8.0
20170124,0,NO2_24h,果洛州,14.0
20170124,0,O3,果洛州,80.0
20170124,0,O3_24h,果洛州,100.0
20170124,0,O3_8h,果洛州,89.0
20170124,0,O3_8h_24h,果洛州,92.0
20170124,0,CO,果洛州,1.0
20170124,0,CO_24h,果洛州,1.3
20170124,1,AQI,果洛州,47.0
20170124,1,PM2.5,果洛州,21.0
20170124,1,PM2.5_24h,果洛州,23.0
20170124,1,PM10,果洛州,47.0
20170124,1,PM10_24h,果洛州,50.0
20170124,1,SO2,果洛州,24.0
20170124,1,SO2_24h,果洛州,36.0
20170124,1,NO2,果洛州,8.0
20170124,1,NO2_24h,果洛州,14.0
20170124,1,O3,果洛州,79.0
20170124,1,O3_24h,果洛州,100.0
20170124,1,O3_8h,果洛州,79.0
20170124,1,O3_8h_24h,果洛州,79.0
20170124,1,CO,果洛州,1.0
20170124,1,CO_24h,果洛州,1.3
20170124,2,AQI,果洛州,30.0
20170124,2,PM2.5,果洛州,15.0
20170124,2,PM2.5_24h,果洛州,23.0
20170124,2,PM10,果洛州,30.0
20170124,2,PM10_24h,果洛州,49.0
20170124,2,SO2,果洛州,24.0
20170124,2,SO2_24h,果洛州,36.0
20170124,2,NO2,果洛州,9.0
20170124,2,NO2_24h,果洛州,14.0
20170124,2,O3,果洛州,74.0
20170124,2,O3_24h,果洛州,100.0
20170124,2,O3_8h,果洛州,76.0
20170124,2,O3_8h_24h,果洛州,79.0
20170124,2,CO,果洛州,1.1
20170124,2,CO_24h,果洛州,1.3
20170124,3,AQI,果洛州,24.0
20170124,3,PM2.5,果洛州,10.0
20170124,3,PM2.5_24h,果洛州,22.0
20170124,3,PM10,果洛州,24.0
20170124,3,PM10_24h,果洛州,48.0
20170124,3,SO2,果洛州,25.0
20170124,3,SO2_24h,果洛州,37.0
20170124,3,NO2,果洛州,8.0
20170124,3,NO2_24h,果洛州,14.0
20170124,3,O3,果洛州,73.0
20170124,3,O3_24h,果洛州,100.0
20170124,3,O3_8h,果洛州,75.0
20170124,3,O3_8h_24h,果洛州,79.0
20170124,3,CO,果洛州,1.2
20170124,3,CO_24h,果洛州,1.3
20170124,4,AQI,果洛州,26.0
20170124,4,PM2.5,果洛州,9.0
20170124,4,PM2.5_24h,果洛州,22.0
20170124,4,PM10,果洛州,26.0
20170124,4,PM10_24h,果洛州,47.0
20170124,4,SO2,果洛州,27.0
20170124,4,SO2_24h,果洛州,37.0
20170124,4,NO2,果洛州,12.0
20170124,4,NO2_24h,果洛州,13.0
20170124,4,O3,果洛州,57.0
20170124,4,O3_24h,果洛州,100.0
20170124,4,O3_8h,果洛州,71.0
20170124,4,O3_8h_24h,果洛州,79.0
20170124,4,CO,果洛州,1.3
20170124,4,CO_24h,果洛州,1.3
20170124,5,AQI,果洛州,29.0
20170124,5,PM2.5,果洛州,16.0
20170124,5,PM2.5_24h,果洛州,21.0
20170124,5,PM10,果洛州,29.0
20170124,5,PM10_24h,果洛州,46.0
20170124,5,SO2,果洛州,27.0
20170124,5,SO2_24h,果洛州,37.0
20170124,5,NO2,果洛州,10.0
20170124,5,NO2_24h,果洛州,13.0
20170124,5,O3,果洛州,56.0
20170124,5,O3_24h,果洛州,100.0
20170124,5,O3_8h,果洛州,68.0
20170124,5,O3_8h_24h,果洛州,79.0
20170124,5,CO,果洛州,1.2
20170124,5,CO_24h,果洛州,1.2
20170124,6,AQI,果洛州,32.0
20170124,6,PM2.5,果洛州,16.0
20170124,6,PM2.5_24h,果洛州,21.0
20170124,6,PM10,果洛州,32.0
20170124,6,PM10_24h,果洛州,46.0
20170124,6,SO2,果洛州,30.0
20170124,6,SO2_24h,果洛州,37.0
20170124,6,NO2,果洛州,11.0
20170124,6,NO2_24h,果洛州,13.0
20170124,6,O3,果洛州,40.0
20170124,6,O3_24h,果洛州,100.0
20170124,6,O3_8h,果洛州,63.0
20170124,6,O3_8h_24h,果洛州,79.0
20170124,6,CO,果洛州,1.1
20170124,6,CO_24h,果洛州,1.2
20170124,7,AQI,果洛州,32.0
20170124,7,PM2.5,果洛州,12.0
20170124,7,PM2.5_24h,果洛州,20.0
20170124,7,PM10,果洛州,32.0
20170124,7,PM10_24h,果洛州,46.0
20170124,7,SO2,果洛州,33.0
20170124,7,SO2_24h,果洛州,38.0
20170124,7,NO2,果洛州,10.0
20170124,7,NO2_24h,果洛州,13.0
20170124,7,O3,果洛州,35.0
20170124,7,O3_24h,果洛州,100.0
20170124,7,O3_8h,果洛州,59.0
20170124,7,O3_8h_24h,果洛州,79.0
20170124,7,CO,果洛州,1.1
20170124,7,CO_24h,果洛州,1.2
20170124,8,AQI,果洛州,39.0
20170124,8,PM2.5,果洛州,15.0
20170124,8,PM2.5_24h,果洛州,20.0
20170124,8,PM10,果洛州,39.0
20170124,8,PM10_24h,果洛州,45.0
20170124,8,SO2,果洛州,38.0
20170124,8,SO2_24h,果洛州,38.0
20170124,8,NO2,果洛州,13.0
20170124,8,NO2_24h,果洛州,13.0
20170124,8,O3,果洛州,33.0
20170124,8,O3_24h,果洛州,100.0
20170124,8,O3_8h,果洛州,56.0
20170124,8,O3_8h_24h,果洛州,79.0
20170124,8,CO,果洛州,1.1
20170124,8,CO_24h,果洛州,1.2
20170124,9,AQI,果洛州,44.0
20170124,9,PM2.5,果洛州,21.0
20170124,9,PM2.5_24h,果洛州,19.0
20170124,9,PM10,果洛州,44.0
20170124,9,PM10_24h,果洛州,45.0
20170124,9,SO2,果洛州,35.0
20170124,9,SO2_24h,果洛州,38.0
20170124,9,NO2,果洛州,19.0
20170124,9,NO2_24h,果洛州,13.0
20170124,9,O3,果洛州,27.0
20170124,9,O3_24h,果洛州,100.0
20170124,9,O3_8h,果洛州,49.0
20170124,9,O3_8h_24h,果洛州,79.0
20170124,9,CO,果洛州,1.3
20170124,9,CO_24h,果洛州,1.2
20170124,10,AQI,果洛州,52.0
20170124,10,PM2.5,果洛州,33.0
20170124,10,PM2.5_24h,果洛州,19.0
20170124,10,PM10,果洛州,54.0
20170124,10,PM10_24h,果洛州,45.0
20170124,10,SO2,果洛州,85.0
20170124,10,SO2_24h,果洛州,40.0
20170124,10,NO2,果洛州,24.0
20170124,10,NO2_24h,果洛州,13.0
20170124,10,O3,果洛州,30.0
20170124,10,O3_24h,果洛州,100.0
20170124,10,O3_8h,果洛州,44.0
20170124,10,O3_8h_24h,果洛州,79.0
20170124,10,CO,果洛州,1.5
20170124,10,CO_24h,果洛州,1.2
20170124,11,AQI,果洛州,76.0
20170124,11,PM2.5,果洛州,48.0
20170124,11,PM2.5_24h,果洛州,19.0
20170124,11,PM10,果洛州,102.0
20170124,11,PM10_24h,果洛州,45.0
20170124,11,SO2,果洛州,126.0
20170124,11,SO2_24h,果洛州,37.0
20170124,11,NO2,果洛州,36.0
20170124,11,NO2_24h,果洛州,13.0
20170124,11,O3,果洛州,42.0
20170124,11,O3_24h,果洛州,100.0
20170124,11,O3_8h,果洛州,40.0
20170124,11,O3_8h_24h,果洛州,79.0
20170124,11,CO,果洛州,2.1
20170124,11,CO_24h,果洛州,1.2
20170124,12,AQI,果洛州,126.0
20170124,12,PM2.5,果洛州,96.0
20170124,12,PM2.5_24h,果洛州,19.0
20170124,12,PM10,果洛州,158.0
20170124,12,PM10_24h,果洛州,45.0
20170124,12,SO2,果洛州,86.0
20170124,12,SO2_24h,果洛州,36.0
20170124,12,NO2,果洛州,25.0
20170124,12,NO2_24h,果洛州,13.0
20170124,12,O3,果洛州,58.0
20170124,12,O3_24h,果洛州,100.0
20170124,12,O3_8h,果洛州,40.0
20170124,12,O3_8h_24h,果洛州,79.0
20170124,12,CO,果洛州,1.6
20170124,12,CO_24h,果洛州,1.2
20170124,13,AQI,果洛州,52.0
20170124,13,PM2.5,果洛州,21.0
20170124,13,PM2.5_24h,果洛州,20.0
20170124,13,PM10,果洛州,54.0
20170124,13,PM10_24h,果洛州,44.0
20170124,13,SO2,果洛州,29.0
20170124,13,SO2_24h,果洛州,36.0
20170124,13,NO2,果洛州,14.0
20170124,13,NO2_24h,果洛州,13.0
20170124,13,O3,果洛州,79.0
20170124,13,O3_24h,果洛州,100.0
20170124,13,O3_8h,果洛州,43.0
20170124,13,O3_8h_24h,果洛州,79.0
20170124,13,CO,果洛州,1.2
20170124,13,CO_24h,果洛州,1.2
20170124,14,AQI,果洛州,30.0
20170124,14,PM2.5,果洛州,13.0
20170124,14,PM2.5_24h,果洛州,20.0
20170124,14,PM10,果洛州,30.0
20170124,14,PM10_24h,果洛州,44.0
20170124,14,SO2,果洛州,22.0
20170124,14,SO2_24h,果洛州,36.0
20170124,14,NO2,果洛州,10.0
20170124,14,NO2_24h,果洛州,12.0
20170124,14,O3,果洛州,92.0
20170124,14,O3_24h,果洛州,100.0
20170124,14,O3_8h,果洛州,50.0
20170124,14,O3_8h_24h,果洛州,79.0
20170124,14,CO,果洛州,1.1
20170124,14,CO_24h,果洛州,1.2
20170124,15,AQI,果洛州,30.0
20170124,15,PM2.5,果洛州,9.0
20170124,15,PM2.5_24h,果洛州,20.0
20170124,15,PM10,果洛州,17.0
20170124,15,PM10_24h,果洛州,43.0
20170124,15,SO2,果洛州,21.0
20170124,15,SO2_24h,果洛州,35.0
20170124,15,NO2,果洛州,8.0
20170124,15,NO2_24h,果洛州,12.0
20170124,15,O3,果洛州,96.0
20170124,15,O3_24h,果洛州,100.0
20170124,15,O3_8h,果洛州,57.0
20170124,15,O3_8h_24h,果洛州,79.0
20170124,15,CO,果洛州,1.1
20170124,15,CO_24h,果洛州,1.2
20170124,16,AQI,果洛州,30.0
20170124,16,PM2.5,果洛州,8.0
20170124,16,PM2.5_24h,果洛州,20.0
20170124,16,PM10,果洛州,22.0
20170124,16,PM10_24h,果洛州,43.0
20170124,16,SO2,果洛州,22.0
20170124,16,SO2_24h,果洛州,35.0
20170124,16,NO2,果洛州,8.0
20170124,16,NO2_24h,果洛州,12.0
20170124,16,O3,果洛州,97.0
20170124,16,O3_24h,果洛州,100.0
20170124,16,O3_8h,果洛州,65.0
20170124,16,O3_8h_24h,果洛州,79.0
20170124,16,CO,果洛州,1.1
20170124,16,CO_24h,果洛州,1.2
20170124,17,AQI,果洛州,30.0
20170124,17,PM2.5,果洛州,10.0
20170124,17,PM2.5_24h,果洛州,20.0
20170124,17,PM10,果洛州,14.0
20170124,17,PM10_24h,果洛州,42.0
20170124,17,SO2,果洛州,22.0
20170124,17,SO2_24h,果洛州,35.0
20170124,17,NO2,果洛州,7.0
20170124,17,NO2_24h,果洛州,12.0
20170124,17,O3,果洛州,95.0
20170124,17,O3_24h,果洛州,100.0
20170124,17,O3_8h,果洛州,74.0
20170124,17,O3_8h_24h,果洛州,79.0
20170124,17,CO,果洛州,1.0
20170124,17,CO_24h,果洛州,1.2
20170124,18,AQI,果洛州,28.0
20170124,18,PM2.5,果洛州,18.0
20170124,18,PM2.5_24h,果洛州,20.0
20170124,18,PM10,果洛州,21.0
20170124,18,PM10_24h,果洛州,41.0
20170124,18,SO2,果洛州,24.0
20170124,18,SO2_24h,果洛州,35.0
20170124,18,NO2,果洛州,8.0
20170124,18,NO2_24h,果洛州,12.0
20170124,18,O3,果洛州,91.0
20170124,18,O3_24h,果洛州,100.0
20170124,18,O3_8h,果洛州,81.0
20170124,18,O3_8h_24h,果洛州,81.0
20170124,18,CO,果洛州,1.0
20170124,18,CO_24h,果洛州,1.2
20170124,19,AQI,果洛州,28.0
20170124,19,PM2.5,果洛州,16.0
20170124,19,PM2.5_24h,果洛州,20.0
20170124,19,PM10,果洛州,26.0
20170124,19,PM10_24h,果洛州,41.0
20170124,19,SO2,果洛州,24.0
20170124,19,SO2_24h,果洛州,35.0
20170124,19,NO2,果洛州,8.0
20170124,19,NO2_24h,果洛州,12.0
20170124,19,O3,果洛州,88.0
20170124,19,O3_24h,果洛州,100.0
20170124,19,O3_8h,果洛州,87.0
20170124,19,O3_8h_24h,果洛州,87.0
20170124,19,CO,果洛州,1.0
20170124,19,CO_24h,果洛州,1.2
20170124,20,AQI,果洛州,30.0
20170124,20,PM2.5,果洛州,16.0
20170124,20,PM2.5_24h,果洛州,20.0
20170124,20,PM10,果洛州,30.0
20170124,20,PM10_24h,果洛州,41.0
20170124,20,SO2,果洛州,25.0
20170124,20,SO2_24h,果洛州,35.0
20170124,20,NO2,果洛州,13.0
20170124,20,NO2_24h,果洛州,12.0
20170124,20,O3,果洛州,71.0
20170124,20,O3_24h,果洛州,97.0
20170124,20,O3_8h,果洛州,89.0
20170124,20,O3_8h_24h,果洛州,89.0
20170124,20,CO,果洛州,1.2
20170124,20,CO_24h,果洛州,1.2
20170124,21,AQI,果洛州,85.0
20170124,21,PM2.5,果洛州,25.0
20170124,21,PM2.5_24h,果洛州,21.0
20170124,21,PM10,果洛州,119.0
20170124,21,PM10_24h,果洛州,45.0
20170124,21,SO2,果洛州,25.0
20170124,21,SO2_24h,果洛州,35.0
20170124,21,NO2,果洛州,11.0
20170124,21,NO2_24h,果洛州,12.0
20170124,21,O3,果洛州,61.0
20170124,21,O3_24h,果洛州,97.0
20170124,21,O3_8h,果洛州,86.0
20170124,21,O3_8h_24h,果洛州,89.0
20170124,21,CO,果洛州,1.1
20170124,21,CO_24h,果洛州,1.2
20170124,22,AQI,果洛州,56.0
20170124,22,PM2.5,果洛州,24.0
20170124,22,PM2.5_24h,果洛州,21.0
20170124,22,PM10,果洛州,62.0
20170124,22,PM10_24h,果洛州,46.0
20170124,22,SO2,果洛州,32.0
20170124,22,SO2_24h,果洛州,36.0
20170124,22,NO2,果洛州,19.0
20170124,22,NO2_24h,果洛州,13.0
20170124,22,O3,果洛州,50.0
20170124,22,O3_24h,果洛州,97.0
20170124,22,O3_8h,果洛州,81.0
20170124,22,O3_8h_24h,果洛州,89.0
20170124,22,CO,果洛州,1.2
20170124,22,CO_24h,果洛州,1.2
20170124,23,AQI,果洛州,58.0
20170124,23,PM2.5,果洛州,26.0
20170124,23,PM2.5_24h,果洛州,21.0
20170124,23,PM10,果洛州,66.0
20170124,23,PM10_24h,果洛州,47.0
20170124,23,SO2,果洛州,28.0
20170124,23,SO2_24h,果洛州,36.0
20170124,23,NO2,果洛州,14.0
20170124,23,NO2_24h,果洛州,13.0
20170124,23,O3,果洛州,46.0
20170124,23,O3_24h,果洛州,97.0
20170124,23,O3_8h,果洛州,75.0
20170124,23,O3_8h_24h,果洛州,89.0
20170124,23,CO,果洛州,1.1
20170124,23,CO_24h,果洛州,1.2
20170124,0,AQI,玉树州,28.0
20170124,0,PM2.5,玉树州,6.0
20170124,0,PM2.5_24h,玉树州,22.0
20170124,0,PM10,玉树州,27.0
20170124,0,PM10_24h,玉树州,49.0
20170124,0,SO2,玉树州,8.0
20170124,0,SO2_24h,玉树州,48.0
20170124,0,NO2,玉树州,5.0
20170124,0,NO2_24h,玉树州,19.0
20170124,0,O3,玉树州,89.0
20170124,0,O3_24h,玉树州,99.0
20170124,0,O3_8h,玉树州,91.0
20170124,0,O3_8h_24h,玉树州,93.0
20170124,0,CO,玉树州,0.5
20170124,0,CO_24h,玉树州,0.8
20170124,1,AQI,玉树州,26.0
20170124,1,PM2.5,玉树州,4.0
20170124,1,PM2.5_24h,玉树州,21.0
20170124,1,PM10,玉树州,23.0
20170124,1,PM10_24h,玉树州,48.0
20170124,1,SO2,玉树州,7.0
20170124,1,SO2_24h,玉树州,47.0
20170124,1,NO2,玉树州,7.0
20170124,1,NO2_24h,玉树州,19.0
20170124,1,O3,玉树州,82.0
20170124,1,O3_24h,玉树州,99.0
20170124,1,O3_8h,玉树州,82.0
20170124,1,O3_8h_24h,玉树州,82.0
20170124,1,CO,玉树州,0.7
20170124,1,CO_24h,玉树州,0.8
20170124,2,AQI,玉树州,30.0
20170124,2,PM2.5,玉树州,12.0
20170124,2,PM2.5_24h,玉树州,21.0
20170124,2,PM10,玉树州,30.0
20170124,2,PM10_24h,玉树州,48.0
20170124,2,SO2,玉树州,13.0
20170124,2,SO2_24h,玉树州,47.0
20170124,2,NO2,玉树州,15.0
20170124,2,NO2_24h,玉树州,19.0
20170124,2,O3,玉树州,68.0
20170124,2,O3_24h,玉树州,99.0
20170124,2,O3_8h,玉树州,75.0
20170124,2,O3_8h_24h,玉树州,82.0
20170124,2,CO,玉树州,0.9
20170124,2,CO_24h,玉树州,0.8
20170124,3,AQI,玉树州,28.0
20170124,3,PM2.5,玉树州,10.0
20170124,3,PM2.5_24h,玉树州,20.0
20170124,3,PM10,玉树州,28.0
20170124,3,PM10_24h,玉树州,48.0
20170124,3,SO2,玉树州,10.0
20170124,3,SO2_24h,玉树州,47.0
20170124,3,NO2,玉树州,9.0
20170124,3,NO2_24h,玉树州,19.0
20170124,3,O3,玉树州,75.0
20170124,3,O3_24h,玉树州,99.0
20170124,3,O3_8h,玉树州,75.0
20170124,3,O3_8h_24h,玉树州,82.0
20170124,3,CO,玉树州,0.8
20170124,3,CO_24h,玉树州,0.8
20170124,4,AQI,玉树州,23.0
20170124,4,PM2.5,玉树州,7.0
20170124,4,PM2.5_24h,玉树州,20.0
20170124,4,PM10,玉树州,21.0
20170124,4,PM10_24h,玉树州,47.0
20170124,4,SO2,玉树州,8.0
20170124,4,SO2_24h,玉树州,46.0
20170124,4,NO2,玉树州,7.0
20170124,4,NO2_24h,玉树州,18.0
20170124,4,O3,玉树州,74.0
20170124,4,O3_24h,玉树州,99.0
20170124,4,O3_8h,玉树州,75.0
20170124,4,O3_8h_24h,玉树州,82.0
20170124,4,CO,玉树州,0.7
20170124,4,CO_24h,玉树州,0.8
20170124,5,AQI,玉树州,20.0
20170124,5,PM2.5,玉树州,6.0
20170124,5,PM2.5_24h,玉树州,19.0
20170124,5,PM10,玉树州,20.0
20170124,5,PM10_24h,玉树州,46.0
20170124,5,SO2,玉树州,37.0
20170124,5,SO2_24h,玉树州,46.0
20170124,5,NO2,玉树州,19.0
20170124,5,NO2_24h,玉树州,18.0
20170124,5,O3,玉树州,58.0
20170124,5,O3_24h,玉树州,99.0
20170124,5,O3_8h,玉树州,71.0
20170124,5,O3_8h_24h,玉树州,82.0
20170124,5,CO,玉树州,0.8
20170124,5,CO_24h,玉树州,0.8
20170124,6,AQI,玉树州,27.0
20170124,6,PM2.5,玉树州,11.0
20170124,6,PM2.5_24h,玉树州,19.0
20170124,6,PM10,玉树州,27.0
20170124,6,PM10_24h,玉树州,46.0
20170124,6,SO2,玉树州,72.0
20170124,6,SO2_24h,玉树州,46.0
20170124,6,NO2,玉树州,30.0
20170124,6,NO2_24h,玉树州,18.0
20170124,6,O3,玉树州,46.0
20170124,6,O3_24h,玉树州,99.0
20170124,6,O3_8h,玉树州,67.0
20170124,6,O3_8h_24h,玉树州,82.0
20170124,6,CO,玉树州,0.8
20170124,6,CO_24h,玉树州,0.8
20170124,7,AQI,玉树州,49.0
20170124,7,PM2.5,玉树州,17.0
20170124,7,PM2.5_24h,玉树州,19.0
20170124,7,PM10,玉树州,37.0
20170124,7,PM10_24h,玉树州,46.0
20170124,7,SO2,玉树州,147.0
20170124,7,SO2_24h,玉树州,49.0
20170124,7,NO2,玉树州,53.0
20170124,7,NO2_24h,玉树州,19.0
20170124,7,O3,玉树州,20.0
20170124,7,O3_24h,玉树州,99.0
20170124,7,O3_8h,玉树州,60.0
20170124,7,O3_8h_24h,玉树州,82.0
20170124,7,CO,玉树州,0.9
20170124,7,CO_24h,玉树州,0.8
20170124,8,AQI,玉树州,51.0
20170124,8,PM2.5,玉树州,21.0
20170124,8,PM2.5_24h,玉树州,19.0
20170124,8,PM10,玉树州,47.0
20170124,8,PM10_24h,玉树州,46.0
20170124,8,SO2,玉树州,158.0
20170124,8,SO2_24h,玉树州,50.0
20170124,8,NO2,玉树州,59.0
20170124,8,NO2_24h,玉树州,20.0
20170124,8,O3,玉树州,14.0
20170124,8,O3_24h,玉树州,99.0
20170124,8,O3_8h,玉树州,55.0
20170124,8,O3_8h_24h,玉树州,82.0
20170124,8,CO,玉树州,0.8
20170124,8,CO_24h,玉树州,0.8
20170124,9,AQI,玉树州,49.0
20170124,9,PM2.5,玉树州,23.0
20170124,9,PM2.5_24h,玉树州,19.0
20170124,9,PM10,玉树州,49.0
20170124,9,PM10_24h,玉树州,46.0
20170124,9,SO2,玉树州,114.0
20170124,9,SO2_24h,玉树州,50.0
20170124,9,NO2,玉树州,50.0
20170124,9,NO2_24h,玉树州,20.0
20170124,9,O3,玉树州,23.0
20170124,9,O3_24h,玉树州,99.0
20170124,9,O3_8h,玉树州,47.0
20170124,9,O3_8h_24h,玉树州,82.0
20170124,9,CO,玉树州,0.8
20170124,9,CO_24h,玉树州,0.8
20170124,10,AQI,玉树州,63.0
20170124,10,PM2.5,玉树州,41.0
20170124,10,PM2.5_24h,玉树州,19.0
20170124,10,PM10,玉树州,75.0
20170124,10,PM10_24h,玉树州,46.0
20170124,10,SO2,玉树州,144.0
20170124,10,SO2_24h,玉树州,50.0
20170124,10,NO2,玉树州,50.0
20170124,10,NO2_24h,玉树州,20.0
20170124,10,O3,玉树州,25.0
20170124,10,O3_24h,玉树州,99.0
20170124,10,O3_8h,玉树州,42.0
20170124,10,O3_8h_24h,玉树州,82.0
20170124,10,CO,玉树州,1.1
20170124,10,CO_24h,玉树州,0.7
20170124,11,AQI,玉树州,103.0
20170124,11,PM2.5,玉树州,77.0
20170124,11,PM2.5_24h,玉树州,18.0
20170124,11,PM10,玉树州,128.0
20170124,11,PM10_24h,玉树州,45.0
20170124,11,SO2,玉树州,109.0
20170124,11,SO2_24h,玉树州,46.0
20170124,11,NO2,玉树州,36.0
20170124,11,NO2_24h,玉树州,20.0
20170124,11,O3,玉树州,45.0
20170124,11,O3_24h,玉树州,99.0
20170124,11,O3_8h,玉树州,38.0
20170124,11,O3_8h_24h,玉树州,82.0
20170124,11,CO,玉树州,1.0
20170124,11,CO_24h,玉树州,0.7
20170124,12,AQI,玉树州,24.0
20170124,12,PM2.5_24h,玉树州,15.0
20170124,12,PM10_24h,玉树州,40.0
20170124,12,SO2,玉树州,71.0
20170124,12,SO2_24h,玉树州,46.0
20170124,12,NO2,玉树州,10.0
20170124,12,NO2_24h,玉树州,19.0
20170124,12,O3,玉树州,71.0
20170124,12,O3_24h,玉树州,99.0
20170124,12,O3_8h,玉树州,38.0
20170124,12,O3_8h_24h,玉树州,82.0
20170124,12,CO,玉树州,0.9
20170124,12,CO_24h,玉树州,0.7
20170124,13,AQI,玉树州,28.0
20170124,13,PM2.5,玉树州,5.0
20170124,13,PM2.5_24h,玉树州,14.0
20170124,13,PM10,玉树州,17.0
20170124,13,PM10_24h,玉树州,39.0
20170124,13,SO2,玉树州,4.0
20170124,13,SO2_24h,玉树州,44.0
20170124,13,NO2,玉树州,5.0
20170124,13,NO2_24h,玉树州,19.0
20170124,13,O3,玉树州,90.0
20170124,13,O3_24h,玉树州,99.0
20170124,13,O3_8h,玉树州,42.0
20170124,13,O3_8h_24h,玉树州,82.0
20170124,13,CO,玉树州,0.5
20170124,13,CO_24h,玉树州,0.7
20170124,14,AQI,玉树州,31.0
20170124,14,PM2.5,玉树州,5.0
20170124,14,PM2.5_24h,玉树州,13.0
20170124,14,PM10,玉树州,31.0
20170124,14,PM10_24h,玉树州,38.0
20170124,14,SO2,玉树州,3.0
20170124,14,SO2_24h,玉树州,43.0
20170124,14,NO2,玉树州,4.0
20170124,14,NO2_24h,玉树州,18.0
20170124,14,O3,玉树州,100.0
20170124,14,O3_24h,玉树州,100.0
20170124,14,O3_8h,玉树州,48.0
20170124,14,O3_8h_24h,玉树州,82.0
20170124,14,CO,玉树州,0.5
20170124,14,CO_24h,玉树州,0.7
20170124,15,AQI,玉树州,32.0
20170124,15,PM2.5,玉树州,5.0
20170124,15,PM2.5_24h,玉树州,13.0
20170124,15,PM10,玉树州,28.0
20170124,15,PM10_24h,玉树州,37.0
20170124,15,SO2,玉树州,2.0
20170124,15,SO2_24h,玉树州,43.0
20170124,15,NO2,玉树州,4.0
20170124,15,NO2_24h,玉树州,18.0
20170124,15,O3,玉树州,103.0
20170124,15,O3_24h,玉树州,103.0
20170124,15,O3_8h,玉树州,59.0
20170124,15,O3_8h_24h,玉树州,82.0
20170124,15,CO,玉树州,0.5
20170124,15,CO_24h,玉树州,0.7
20170124,16,AQI,玉树州,32.0
20170124,16,PM2.5,玉树州,5.0
20170124,16,PM2.5_24h,玉树州,13.0
20170124,16,PM10,玉树州,23.0
20170124,16,PM10_24h,玉树州,36.0
20170124,16,SO2,玉树州,4.0
20170124,16,SO2_24h,玉树州,43.0
20170124,16,NO2,玉树州,4.0
20170124,16,NO2_24h,玉树州,18.0
20170124,16,O3,玉树州,101.0
20170124,16,O3_24h,玉树州,103.0
20170124,16,O3_8h,玉树州,70.0
20170124,16,O3_8h_24h,玉树州,82.0
20170124,16,CO,玉树州,0.5
20170124,16,CO_24h,玉树州,0.7
20170124,17,AQI,玉树州,31.0
20170124,17,PM2.5,玉树州,4.0
20170124,17,PM2.5_24h,玉树州,13.0
20170124,17,PM10,玉树州,23.0
20170124,17,PM10_24h,玉树州,35.0
20170124,17,SO2,玉树州,6.0
20170124,17,SO2_24h,玉树州,43.0
20170124,17,NO2,玉树州,5.0
20170124,17,NO2_24h,玉树州,18.0
20170124,17,O3,玉树州,99.0
20170124,17,O3_24h,玉树州,103.0
20170124,17,O3_8h,玉树州,79.0
20170124,17,O3_8h_24h,玉树州,82.0
20170124,17,CO,玉树州,0.5
20170124,17,CO_24h,玉树州,0.7
20170124,18,AQI,玉树州,30.0
20170124,18,PM2.5,玉树州,2.0
20170124,18,PM2.5_24h,玉树州,12.0
20170124,18,PM10,玉树州,19.0
20170124,18,PM10_24h,玉树州,34.0
20170124,18,SO2,玉树州,12.0
20170124,18,SO2_24h,玉树州,43.0
20170124,18,NO2,玉树州,8.0
20170124,18,NO2_24h,玉树州,18.0
20170124,18,O3,玉树州,96.0
20170124,18,O3_24h,玉树州,103.0
20170124,18,O3_8h,玉树州,88.0
20170124,18,O3_8h_24h,玉树州,88.0
20170124,18,CO,玉树州,0.5
20170124,18,CO_24h,玉树州,0.7
20170124,19,AQI,玉树州,30.0
20170124,19,PM2.5,玉树州,12.0
20170124,19,PM2.5_24h,玉树州,13.0
20170124,19,PM10,玉树州,30.0
20170124,19,PM10_24h,玉树州,34.0
20170124,19,SO2,玉树州,23.0
20170124,19,SO2_24h,玉树州,43.0
20170124,19,NO2,玉树州,13.0
20170124,19,NO2_24h,玉树州,18.0
20170124,19,O3,玉树州,91.0
20170124,19,O3_24h,玉树州,103.0
20170124,19,O3_8h,玉树州,94.0
20170124,19,O3_8h_24h,玉树州,94.0
20170124,19,CO,玉树州,0.6
20170124,19,CO_24h,玉树州,0.7
20170124,20,AQI,玉树州,31.0
20170124,20,PM2.5,玉树州,12.0
20170124,20,PM2.5_24h,玉树州,13.0
20170124,20,PM10,玉树州,31.0
20170124,20,PM10_24h,玉树州,34.0
20170124,20,SO2,玉树州,27.0
20170124,20,SO2_24h,玉树州,44.0
20170124,20,NO2,玉树州,18.0
20170124,20,NO2_24h,玉树州,19.0
20170124,20,O3,玉树州,84.0
20170124,20,O3_24h,玉树州,103.0
20170124,20,O3_8h,玉树州,96.0
20170124,20,O3_8h_24h,玉树州,96.0
20170124,20,CO,玉树州,0.6
20170124,20,CO_24h,玉树州,0.7
20170124,21,AQI,玉树州,34.0
20170124,21,PM2.5,玉树州,17.0
20170124,21,PM2.5_24h,玉树州,13.0
20170124,21,PM10,玉树州,34.0
20170124,21,PM10_24h,玉树州,34.0
20170124,21,SO2,玉树州,21.0
20170124,21,SO2_24h,玉树州,44.0
20170124,21,NO2,玉树州,15.0
20170124,21,NO2_24h,玉树州,19.0
20170124,21,O3,玉树州,86.0
20170124,21,O3_24h,玉树州,103.0
20170124,21,O3_8h,玉树州,95.0
20170124,21,O3_8h_24h,玉树州,96.0
20170124,21,CO,玉树州,0.6
20170124,21,CO_24h,玉树州,0.7
20170124,22,AQI,玉树州,51.0
20170124,22,PM2.5,玉树州,29.0
20170124,22,PM2.5_24h,玉树州,14.0
20170124,22,PM10,玉树州,51.0
20170124,22,PM10_24h,玉树州,35.0
20170124,22,SO2,玉树州,70.0
20170124,22,SO2_24h,玉树州,45.0
20170124,22,NO2,玉树州,49.0
20170124,22,NO2_24h,玉树州,20.0
20170124,22,O3,玉树州,47.0
20170124,22,O3_24h,玉树州,103.0
20170124,22,O3_8h,玉树州,88.0
20170124,22,O3_8h_24h,玉树州,96.0
20170124,22,CO,玉树州,1.2
20170124,22,CO_24h,玉树州,0.7
20170124,23,AQI,玉树州,70.0
20170124,23,PM2.5,玉树州,51.0
20170124,23,PM2.5_24h,玉树州,16.0
20170124,23,PM10,玉树州,82.0
20170124,23,PM10_24h,玉树州,37.0
20170124,23,SO2,玉树州,88.0
20170124,23,SO2_24h,玉树州,48.0
20170124,23,NO2,玉树州,49.0
20170124,23,NO2_24h,玉树州,22.0
20170124,23,O3,玉树州,37.0
20170124,23,O3_24h,玉树州,103.0
20170124,23,O3_8h,玉树州,80.0
20170124,23,O3_8h_24h,玉树州,96.0
20170124,23,CO,玉树州,1.1
20170124,23,CO_24h,玉树州,0.7
20170124,0,AQI,海西州,56.0
20170124,0,PM2.5,海西州,34.0
20170124,0,PM2.5_24h,海西州,16.0
20170124,0,PM10,海西州,61.0
20170124,0,PM10_24h,海西州,54.0
20170124,0,SO2,海西州,45.0
20170124,0,SO2_24h,海西州,34.0
20170124,0,NO2,海西州,28.0
20170124,0,NO2_24h,海西州,17.0
20170124,0,O3,海西州,54.0
20170124,0,O3_24h,海西州,74.0
20170124,0,O3_8h,海西州,51.0
20170124,0,O3_8h_24h,海西州,69.0
20170124,0,CO,海西州,1.3
20170124,0,CO_24h,海西州,1.0
20170124,1,AQI,海西州,54.0
20170124,1,PM2.5,海西州,34.0
20170124,1,PM2.5_24h,海西州,17.0
20170124,1,PM10,海西州,58.0
20170124,1,PM10_24h,海西州,55.0
20170124,1,SO2,海西州,40.0
20170124,1,SO2_24h,海西州,34.0
20170124,1,NO2,海西州,30.0
20170124,1,NO2_24h,海西州,18.0
20170124,1,O3,海西州,49.0
20170124,1,O3_24h,海西州,74.0
20170124,1,O3_8h,海西州,49.0
20170124,1,O3_8h_24h,海西州,49.0
20170124,1,CO,海西州,1.3
20170124,1,CO_24h,海西州,1.0
20170124,2,AQI,海西州,50.0
20170124,2,PM2.5,海西州,26.0
20170124,2,PM2.5_24h,海西州,18.0
20170124,2,PM10,海西州,50.0
20170124,2,PM10_24h,海西州,55.0
20170124,2,SO2,海西州,39.0
20170124,2,SO2_24h,海西州,35.0
20170124,2,NO2,海西州,26.0
20170124,2,NO2_24h,海西州,19.0
20170124,2,O3,海西州,52.0
20170124,2,O3_24h,海西州,74.0
20170124,2,O3_8h,海西州,50.0
20170124,2,O3_8h_24h,海西州,50.0
20170124,2,CO,海西州,1.2
20170124,2,CO_24h,海西州,1.0
20170124,3,AQI,海西州,43.0
20170124,3,PM2.5,海西州,24.0
20170124,3,PM2.5_24h,海西州,18.0
20170124,3,PM10,海西州,43.0
20170124,3,PM10_24h,海西州,56.0
20170124,3,SO2,海西州,37.0
20170124,3,SO2_24h,海西州,35.0
20170124,3,NO2,海西州,21.0
20170124,3,NO2_24h,海西州,19.0
20170124,3,O3,海西州,56.0
20170124,3,O3_24h,海西州,74.0
20170124,3,O3_8h,海西州,52.0
20170124,3,O3_8h_24h,海西州,52.0
20170124,3,CO,海西州,1.2
20170124,3,CO_24h,海西州,1.0
20170124,4,AQI,海西州,38.0
20170124,4,PM2.5,海西州,17.0
20170124,4,PM2.5_24h,海西州,19.0
20170124,4,PM10,海西州,38.0
20170124,4,PM10_24h,海西州,57.0
20170124,4,SO2,海西州,33.0
20170124,4,SO2_24h,海西州,35.0
20170124,4,NO2,海西州,14.0
20170124,4,NO2_24h,海西州,20.0
20170124,4,O3,海西州,63.0
20170124,4,O3_24h,海西州,74.0
20170124,4,O3_8h,海西州,55.0
20170124,4,O3_8h_24h,海西州,55.0
20170124,4,CO,海西州,0.9
20170124,4,CO_24h,海西州,1.0
20170124,5,AQI,海西州,35.0
20170124,5,PM2.5,海西州,17.0
20170124,5,PM2.5_24h,海西州,19.0
20170124,5,PM10,海西州,35.0
20170124,5,PM10_24h,海西州,57.0
20170124,5,SO2,海西州,31.0
20170124,5,SO2_24h,海西州,35.0
20170124,5,NO2,海西州,9.0
20170124,5,NO2_24h,海西州,20.0
20170124,5,O3,海西州,67.0
20170124,5,O3_24h,海西州,74.0
20170124,5,O3_8h,海西州,57.0
20170124,5,O3_8h_24h,海西州,57.0
20170124,5,CO,海西州,0.7
20170124,5,CO_24h,海西州,1.0
20170124,6,AQI,海西州,29.0
20170124,6,PM2.5,海西州,13.0
20170124,6,PM2.5_24h,海西州,19.0
20170124,6,PM10,海西州,29.0
20170124,6,PM10_24h,海西州,57.0
20170124,6,SO2,海西州,31.0
20170124,6,SO2_24h,海西州,36.0
20170124,6,NO2,海西州,9.0
20170124,6,NO2_24h,海西州,20.0
20170124,6,O3,海西州,68.0
20170124,6,O3_24h,海西州,74.0
20170124,6,O3_8h,海西州,59.0
20170124,6,O3_8h_24h,海西州,59.0
20170124,6,CO,海西州,0.6
20170124,6,CO_24h,海西州,1.0
20170124,7,AQI,海西州,28.0
20170124,7,PM2.5,海西州,17.0
20170124,7,PM2.5_24h,海西州,20.0
20170124,7,PM10,海西州,28.0
20170124,7,PM10_24h,海西州,56.0
20170124,7,SO2,海西州,31.0
20170124,7,SO2_24h,海西州,35.0
20170124,7,NO2,海西州,8.0
20170124,7,NO2_24h,海西州,20.0
20170124,7,O3,海西州,65.0
20170124,7,O3_24h,海西州,74.0
20170124,7,O3_8h,海西州,60.0
20170124,7,O3_8h_24h,海西州,60.0
20170124,7,CO,海西州,0.6
20170124,7,CO_24h,海西州,1.0
20170124,8,AQI,海西州,36.0
20170124,8,PM2.5,海西州,13.0
20170124,8,PM2.5_24h,海西州,20.0
20170124,8,PM10,海西州,36.0
20170124,8,PM10_24h,海西州,55.0
20170124,8,SO2,海西州,38.0
20170124,8,SO2_24h,海西州,36.0
20170124,8,NO2,海西州,10.0
20170124,8,NO2_24h,海西州,20.0
20170124,8,O3,海西州,66.0
20170124,8,O3_24h,海西州,74.0
20170124,8,O3_8h,海西州,61.0
20170124,8,O3_8h_24h,海西州,61.0
20170124,8,CO,海西州,0.6
20170124,8,CO_24h,海西州,1.0
20170124,9,AQI,海西州,43.0
20170124,9,PM2.5,海西州,18.0
20170124,9,PM2.5_24h,海西州,20.0
20170124,9,PM10,海西州,43.0
20170124,9,PM10_24h,海西州,55.0
20170124,9,SO2,海西州,31.0
20170124,9,SO2_24h,海西州,36.0
20170124,9,NO2,海西州,21.0
20170124,9,NO2_24h,海西州,21.0
20170124,9,O3,海西州,52.0
20170124,9,O3_24h,海西州,74.0
20170124,9,O3_8h,海西州,61.0
20170124,9,O3_8h_24h,海西州,61.0
20170124,9,CO,海西州,1.0
20170124,9,CO_24h,海西州,1.1
20170124,10,AQI,海西州,41.0
20170124,10,PM2.5,海西州,21.0
20170124,10,PM2.5_24h,海西州,21.0
20170124,10,PM10,海西州,41.0
20170124,10,PM10_24h,海西州,55.0
20170124,10,SO2,海西州,30.0
20170124,10,SO2_24h,海西州,36.0
20170124,10,NO2,海西州,13.0
20170124,10,NO2_24h,海西州,21.0
20170124,10,O3,海西州,59.0
20170124,10,O3_24h,海西州,74.0
20170124,10,O3_8h,海西州,62.0
20170124,10,O3_8h_24h,海西州,62.0
20170124,10,CO,海西州,0.9
20170124,10,CO_24h,海西州,1.1
20170124,11,AQI,海西州,35.0
20170124,11,PM2.5,海西州,17.0
20170124,11,PM2.5_24h,海西州,21.0
20170124,11,PM10,海西州,35.0
20170124,11,PM10_24h,海西州,54.0
20170124,11,SO2,海西州,32.0
20170124,11,SO2_24h,海西州,36.0
20170124,11,NO2,海西州,7.0
20170124,11,NO2_24h,海西州,21.0
20170124,11,O3,海西州,68.0
20170124,11,O3_24h,海西州,74.0
20170124,11,O3_8h,海西州,64.0
20170124,11,O3_8h_24h,海西州,64.0
20170124,11,CO,海西州,0.7
20170124,11,CO_24h,海西州,1.1
20170124,12,AQI,海西州,24.0
20170124,12,PM2.5,海西州,17.0
20170124,12,PM2.5_24h,海西州,21.0
20170124,12,PM10,海西州,24.0
20170124,12,PM10_24h,海西州,53.0
20170124,12,SO2,海西州,32.0
20170124,12,SO2_24h,海西州,36.0
20170124,12,NO2,海西州,7.0
20170124,12,NO2_24h,海西州,21.0
20170124,12,O3,海西州,74.0
20170124,12,O3_24h,海西州,74.0
20170124,12,O3_8h,海西州,65.0
20170124,12,O3_8h_24h,海西州,65.0
20170124,12,CO,海西州,0.7
20170124,12,CO_24h,海西州,1.1
20170124,13,AQI,海西州,29.0
20170124,13,PM2.5,海西州,20.0
20170124,13,PM2.5_24h,海西州,22.0
20170124,13,PM10,海西州,23.0
20170124,13,PM10_24h,海西州,50.0
20170124,13,SO2,海西州,31.0
20170124,13,SO2_24h,海西州,37.0
20170124,13,NO2,海西州,7.0
20170124,13,NO2_24h,海西州,22.0
20170124,13,O3,海西州,82.0
20170124,13,O3_24h,海西州,82.0
20170124,13,O3_8h,海西州,67.0
20170124,13,O3_8h_24h,海西州,67.0
20170124,13,CO,海西州,0.6
20170124,13,CO_24h,海西州,1.1
20170124,14,AQI,海西州,26.0
20170124,14,PM2.5,海西州,16.0
20170124,14,PM2.5_24h,海西州,22.0
20170124,14,PM10,海西州,19.0
20170124,14,PM10_24h,海西州,49.0
20170124,14,SO2,海西州,35.0
20170124,14,SO2_24h,海西州,36.0
20170124,14,NO2,海西州,8.0
20170124,14,NO2_24h,海西州,21.0
20170124,14,O3,海西州,84.0
20170124,14,O3_24h,海西州,84.0
20170124,14,O3_8h,海西州,69.0
20170124,14,O3_8h_24h,海西州,69.0
20170124,14,CO,海西州,0.8
20170124,14,CO_24h,海西州,1.1
20170124,15,AQI,海西州,24.0
20170124,15,PM2.5,海西州,14.0
20170124,15,PM2.5_24h,海西州,22.0
20170124,15,PM10,海西州,16.0
20170124,15,PM10_24h,海西州,48.0
20170124,15,SO2,海西州,49.0
20170124,15,SO2_24h,海西州,37.0
20170124,15,NO2,海西州,23.0
20170124,15,NO2_24h,海西州,21.0
20170124,15,O3,海西州,77.0
20170124,15,O3_24h,海西州,84.0
20170124,15,O3_8h,海西州,70.0
20170124,15,O3_8h_24h,海西州,70.0
20170124,15,CO,海西州,1.2
20170124,15,CO_24h,海西州,1.1
20170124,16,AQI,海西州,26.0
20170124,16,PM2.5,海西州,18.0
20170124,16,PM2.5_24h,海西州,22.0
20170124,16,PM10,海西州,26.0
20170124,16,PM10_24h,海西州,47.0
20170124,16,SO2,海西州,67.0
20170124,16,SO2_24h,海西州,38.0
20170124,16,NO2,海西州,37.0
20170124,16,NO2_24h,海西州,22.0
20170124,16,O3,海西州,73.0
20170124,16,O3_24h,海西州,84.0
20170124,16,O3_8h,海西州,71.0
20170124,16,O3_8h_24h,海西州,71.0
20170124,16,CO,海西州,2.0
20170124,16,CO_24h,海西州,1.1
20170124,17,AQI,海西州,35.0
20170124,17,PM2.5,海西州,17.0
20170124,17,PM2.5_24h,海西州,22.0
20170124,17,PM10,海西州,35.0
20170124,17,PM10_24h,海西州,45.0
20170124,17,SO2,海西州,73.0
20170124,17,SO2_24h,海西州,40.0
20170124,17,NO2,海西州,45.0
20170124,17,NO2_24h,海西州,23.0
20170124,17,O3,海西州,76.0
20170124,17,O3_24h,海西州,84.0
20170124,17,O3_8h,海西州,74.0
20170124,17,O3_8h_24h,海西州,74.0
20170124,17,CO,海西州,1.9
20170124,17,CO_24h,海西州,1.1
20170124,18,AQI,海西州,36.0
20170124,18,PM2.5,海西州,22.0
20170124,18,PM2.5_24h,海西州,22.0
20170124,18,PM10,海西州,36.0
20170124,18,PM10_24h,海西州,43.0
20170124,18,SO2,海西州,70.0
20170124,18,SO2_24h,海西州,41.0
20170124,18,NO2,海西州,62.0
20170124,18,NO2_24h,海西州,24.0
20170124,18,O3,海西州,60.0
20170124,18,O3_24h,海西州,84.0
20170124,18,O3_8h,海西州,74.0
20170124,18,O3_8h_24h,海西州,74.0
20170124,18,CO,海西州,1.9
20170124,18,CO_24h,海西州,1.2
20170124,19,AQI,海西州,41.0
20170124,19,PM2.5,海西州,27.0
20170124,19,PM2.5_24h,海西州,22.0
20170124,19,PM10,海西州,41.0
20170124,19,PM10_24h,海西州,43.0
20170124,19,SO2,海西州,57.0
20170124,19,SO2_24h,海西州,41.0
20170124,19,NO2,海西州,43.0
20170124,19,NO2_24h,海西州,24.0
20170124,19,O3,海西州,63.0
20170124,19,O3_24h,海西州,84.0
20170124,19,O3_8h,海西州,74.0
20170124,19,O3_8h_24h,海西州,74.0
20170124,19,CO,海西州,1.4
20170124,19,CO_24h,海西州,1.1
20170124,20,AQI,海西州,50.0
20170124,20,PM2.5,海西州,23.0
20170124,20,PM2.5_24h,海西州,22.0
20170124,20,PM10,海西州,50.0
20170124,20,PM10_24h,海西州,44.0
20170124,20,SO2,海西州,54.0
20170124,20,SO2_24h,海西州,42.0
20170124,20,NO2,海西州,49.0
20170124,20,NO2_24h,海西州,24.0
20170124,20,O3,海西州,48.0
20170124,20,O3_24h,海西州,84.0
20170124,20,O3_8h,海西州,70.0
20170124,20,O3_8h_24h,海西州,74.0
20170124,20,CO,海西州,1.8
20170124,20,CO_24h,海西州,1.2
20170124,21,AQI,海西州,68.0
20170124,21,PM2.5,海西州,32.0
20170124,21,PM2.5_24h,海西州,22.0
20170124,21,PM10,海西州,86.0
20170124,21,PM10_24h,海西州,43.0
20170124,21,SO2,海西州,39.0
20170124,21,SO2_24h,海西州,42.0
20170124,21,NO2,海西州,21.0
20170124,21,NO2_24h,海西州,24.0
20170124,21,O3,海西州,67.0
20170124,21,O3_24h,海西州,84.0
20170124,21,O3_8h,海西州,68.0
20170124,21,O3_8h_24h,海西州,74.0
20170124,21,CO,海西州,1.1
20170124,21,CO_24h,海西州,1.1
20170124,22,AQI,海西州,44.0
20170124,22,PM2.5,海西州,27.0
20170124,22,PM2.5_24h,海西州,22.0
20170124,22,PM10,海西州,44.0
20170124,22,PM10_24h,海西州,41.0
20170124,22,SO2,海西州,38.0
20170124,22,SO2_24h,海西州,42.0
20170124,22,NO2,海西州,19.0
20170124,22,NO2_24h,海西州,23.0
20170124,22,O3,海西州,70.0
20170124,22,O3_24h,海西州,84.0
20170124,22,O3_8h,海西州,67.0
20170124,22,O3_8h_24h,海西州,74.0
20170124,22,CO,海西州,0.8
20170124,22,CO_24h,海西州,1.1
20170124,23,AQI,海西州,31.0
20170124,23,PM2.5,海西州,22.0
20170124,23,PM2.5_24h,海西州,21.0
20170124,23,PM10,海西州,31.0
20170124,23,PM10_24h,海西州,39.0
20170124,23,SO2,海西州,33.0
20170124,23,SO2_24h,海西州,42.0
20170124,23,NO2,海西州,10.0
20170124,23,NO2_24h,海西州,22.0
20170124,23,O3,海西州,74.0
20170124,23,O3_24h,海西州,84.0
20170124,23,O3_8h,海西州,66.0
20170124,23,O3_8h_24h,海西州,74.0
20170124,23,CO,海西州,0.7
20170124,23,CO_24h,海西州,1.1
20170124,0,AQI,吴忠,163.0
20170124,0,PM2.5,吴忠,124.0
20170124,0,PM2.5_24h,吴忠,84.0
20170124,0,PM10,吴忠,138.0
20170124,0,PM10_24h,吴忠,117.0
20170124,0,SO2,吴忠,158.0
20170124,0,SO2_24h,吴忠,128.0
20170124,0,NO2,吴忠,92.0
20170124,0,NO2_24h,吴忠,62.0
20170124,0,O3,吴忠,13.0
20170124,0,O3_24h,吴忠,57.0
20170124,0,O3_8h,吴忠,26.0
20170124,0,O3_8h_24h,吴忠,46.0
20170124,0,CO,吴忠,2.47
20170124,0,CO_24h,吴忠,1.8
20170124,1,AQI,吴忠,199.0
20170124,1,PM2.5,吴忠,149.0
20170124,1,PM2.5_24h,吴忠,84.0
20170124,1,PM10,吴忠,195.0
20170124,1,PM10_24h,吴忠,116.0
20170124,1,SO2,吴忠,160.0
20170124,1,SO2_24h,吴忠,131.0
20170124,1,NO2,吴忠,86.0
20170124,1,NO2_24h,吴忠,62.0
20170124,1,O3,吴忠,13.0
20170124,1,O3_24h,吴忠,57.0
20170124,1,O3_8h,吴忠,13.0
20170124,1,O3_8h_24h,吴忠,13.0
20170124,1,CO,吴忠,3.03
20170124,1,CO_24h,吴忠,1.73
20170124,2,AQI,吴忠,263.0
20170124,2,PM2.5,吴忠,213.0
20170124,2,PM2.5_24h,吴忠,89.0
20170124,2,PM10,吴忠,390.0
20170124,2,PM10_24h,吴忠,119.0
20170124,2,SO2,吴忠,150.0
20170124,2,SO2_24h,吴忠,134.0
20170124,2,NO2,吴忠,78.0
20170124,2,NO2_24h,吴忠,63.0
20170124,2,O3,吴忠,15.0
20170124,2,O3_24h,吴忠,57.0
20170124,2,O3_8h,吴忠,14.0
20170124,2,O3_8h_24h,吴忠,14.0
20170124,2,CO,吴忠,4.53
20170124,2,CO_24h,吴忠,1.83
20170124,3,AQI,吴忠,235.0
20170124,3,PM2.5,吴忠,185.0
20170124,3,PM2.5_24h,吴忠,94.0
20170124,3,PM10,吴忠,229.0
20170124,3,PM10_24h,吴忠,125.0
20170124,3,SO2,吴忠,124.0
20170124,3,SO2_24h,吴忠,136.0
20170124,3,NO2,吴忠,70.0
20170124,3,NO2_24h,吴忠,64.0
20170124,3,O3,吴忠,12.0
20170124,3,O3_24h,吴忠,57.0
20170124,3,O3_8h,吴忠,13.0
20170124,3,O3_8h_24h,吴忠,14.0
20170124,3,CO,吴忠,4.1
20170124,3,CO_24h,吴忠,1.97
20170124,4,AQI,吴忠,179.0
20170124,4,PM2.5,吴忠,135.0
20170124,4,PM2.5_24h,吴忠,98.0
20170124,4,PM10,吴忠,202.0
20170124,4,PM10_24h,吴忠,132.0
20170124,4,SO2,吴忠,93.0
20170124,4,SO2_24h,吴忠,137.0
20170124,4,NO2,吴忠,63.0
20170124,4,NO2_24h,吴忠,65.0
20170124,4,O3,吴忠,10.0
20170124,4,O3_24h,吴忠,57.0
20170124,4,O3_8h,吴忠,13.0
20170124,4,O3_8h_24h,吴忠,14.0
20170124,4,CO,吴忠,3.0
20170124,4,CO_24h,吴忠,2.07
20170124,5,AQI,吴忠,151.0
20170124,5,PM2.5,吴忠,116.0
20170124,5,PM2.5_24h,吴忠,100.0
20170124,5,PM10,吴忠,188.0
20170124,5,PM10_24h,吴忠,138.0
20170124,5,SO2,吴忠,88.0
20170124,5,SO2_24h,吴忠,138.0
20170124,5,NO2,吴忠,55.0
20170124,5,NO2_24h,吴忠,66.0
20170124,5,O3,吴忠,11.0
20170124,5,O3_24h,吴忠,57.0
20170124,5,O3_8h,吴忠,12.0
20170124,5,O3_8h_24h,吴忠,14.0
20170124,5,CO,吴忠,2.37
20170124,5,CO_24h,吴忠,2.1
20170124,6,AQI,吴忠,136.0
20170124,6,PM2.5,吴忠,104.0
20170124,6,PM2.5_24h,吴忠,103.0
20170124,6,PM10,吴忠,168.0
20170124,6,PM10_24h,吴忠,143.0
20170124,6,SO2,吴忠,110.0
20170124,6,SO2_24h,吴忠,140.0
20170124,6,NO2,吴忠,50.0
20170124,6,NO2_24h,吴忠,67.0
20170124,6,O3,吴忠,13.0
20170124,6,O3_24h,吴忠,57.0
20170124,6,O3_8h,吴忠,12.0
20170124,6,O3_8h_24h,吴忠,15.0
20170124,6,CO,吴忠,1.97
20170124,6,CO_24h,吴忠,2.13
20170124,7,AQI,吴忠,135.0
20170124,7,PM2.5,吴忠,103.0
20170124,7,PM2.5_24h,吴忠,106.0
20170124,7,PM10,吴忠,157.0
20170124,7,PM10_24h,吴忠,148.0
20170124,7,SO2,吴忠,145.0
20170124,7,SO2_24h,吴忠,142.0
20170124,7,NO2,吴忠,51.0
20170124,7,NO2_24h,吴忠,67.0
20170124,7,O3,吴忠,11.0
20170124,7,O3_24h,吴忠,57.0
20170124,7,O3_8h,吴忠,12.0
20170124,7,O3_8h_24h,吴忠,15.0
20170124,7,CO,吴忠,2.03
20170124,7,CO_24h,吴忠,2.17
20170124,8,AQI,吴忠,141.0
20170124,8,PM2.5,吴忠,108.0
20170124,8,PM2.5_24h,吴忠,108.0
20170124,8,PM10,吴忠,163.0
20170124,8,PM10_24h,吴忠,153.0
20170124,8,SO2,吴忠,98.0
20170124,8,SO2_24h,吴忠,143.0
20170124,8,NO2,吴忠,52.0
20170124,8,NO2_24h,吴忠,67.0
20170124,8,O3,吴忠,11.0
20170124,8,O3_24h,吴忠,57.0
20170124,8,O3_8h,吴忠,12.0
20170124,8,O3_8h_24h,吴忠,15.0
20170124,8,CO,吴忠,2.33
20170124,8,CO_24h,吴忠,2.2
20170124,9,AQI,吴忠,157.0
20170124,9,PM2.5,吴忠,120.0
20170124,9,PM2.5_24h,吴忠,111.0
20170124,9,PM10,吴忠,179.0
20170124,9,PM10_24h,吴忠,159.0
20170124,9,SO2,吴忠,116.0
20170124,9,SO2_24h,吴忠,145.0
20170124,9,NO2,吴忠,52.0
20170124,9,NO2_24h,吴忠,67.0
20170124,9,O3,吴忠,12.0
20170124,9,O3_24h,吴忠,57.0
20170124,9,O3_8h,吴忠,12.0
20170124,9,O3_8h_24h,吴忠,15.0
20170124,9,CO,吴忠,2.5
20170124,9,CO_24h,吴忠,2.23
20170124,10,AQI,吴忠,186.0
20170124,10,PM2.5,吴忠,140.0
20170124,10,PM2.5_24h,吴忠,114.0
20170124,10,PM10,吴忠,198.0
20170124,10,PM10_24h,吴忠,163.0
20170124,10,SO2,吴忠,140.0
20170124,10,SO2_24h,吴忠,147.0
20170124,10,NO2,吴忠,53.0
20170124,10,NO2_24h,吴忠,68.0
20170124,10,O3,吴忠,16.0
20170124,10,O3_24h,吴忠,57.0
20170124,10,O3_8h,吴忠,12.0
20170124,10,O3_8h_24h,吴忠,15.0
20170124,10,CO,吴忠,2.8
20170124,10,CO_24h,吴忠,2.3
20170124,11,AQI,吴忠,217.0
20170124,11,PM2.5,吴忠,167.0
20170124,11,PM2.5_24h,吴忠,118.0
20170124,11,PM10,吴忠,226.0
20170124,11,PM10_24h,吴忠,170.0
20170124,11,SO2,吴忠,181.0
20170124,11,SO2_24h,吴忠,151.0
20170124,11,NO2,吴忠,52.0
20170124,11,NO2_24h,吴忠,68.0
20170124,11,O3,吴忠,22.0
20170124,11,O3_24h,吴忠,57.0
20170124,11,O3_8h,吴忠,13.0
20170124,11,O3_8h_24h,吴忠,15.0
20170124,11,CO,吴忠,2.93
20170124,11,CO_24h,吴忠,2.33
20170124,12,AQI,吴忠,199.0
20170124,12,PM2.5,吴忠,149.0
20170124,12,PM2.5_24h,吴忠,121.0
20170124,12,PM10,吴忠,211.0
20170124,12,PM10_24h,吴忠,175.0
20170124,12,SO2,吴忠,226.0
20170124,12,SO2_24h,吴忠,156.0
20170124,12,NO2,吴忠,65.0
20170124,12,NO2_24h,吴忠,68.0
20170124,12,O3,吴忠,30.0
20170124,12,O3_24h,吴忠,57.0
20170124,12,O3_8h,吴忠,16.0
20170124,12,O3_8h_24h,吴忠,17.0
20170124,12,CO,吴忠,2.7
20170124,12,CO_24h,吴忠,2.4
20170124,13,AQI,吴忠,200.0
20170124,13,PM2.5,吴忠,150.0
20170124,13,PM2.5_24h,吴忠,124.0
20170124,13,PM10,吴忠,214.0
20170124,13,PM10_24h,吴忠,180.0
20170124,13,SO2,吴忠,170.0
20170124,13,SO2_24h,吴忠,157.0
20170124,13,NO2,吴忠,70.0
20170124,13,NO2_24h,吴忠,69.0
20170124,13,O3,吴忠,38.0
20170124,13,O3_24h,吴忠,57.0
20170124,13,O3_8h,吴忠,19.0
20170124,13,O3_8h_24h,吴忠,19.0
20170124,13,CO,吴忠,2.43
20170124,13,CO_24h,吴忠,2.4
20170124,14,AQI,吴忠,174.0
20170124,14,PM2.5,吴忠,132.0
20170124,14,PM2.5_24h,吴忠,125.0
20170124,14,PM10,吴忠,190.0
20170124,14,PM10_24h,吴忠,183.0
20170124,14,SO2,吴忠,144.0
20170124,14,SO2_24h,吴忠,153.0
20170124,14,NO2,吴忠,66.0
20170124,14,NO2_24h,吴忠,70.0
20170124,14,O3,吴忠,50.0
20170124,14,O3_24h,吴忠,55.0
20170124,14,O3_8h,吴忠,24.0
20170124,14,O3_8h_24h,吴忠,24.0
20170124,14,CO,吴忠,2.03
20170124,14,CO_24h,吴忠,2.4
20170124,15,AQI,吴忠,164.0
20170124,15,PM2.5,吴忠,125.0
20170124,15,PM2.5_24h,吴忠,125.0
20170124,15,PM10,吴忠,168.0
20170124,15,PM10_24h,吴忠,182.0
20170124,15,SO2,吴忠,120.0
20170124,15,SO2_24h,吴忠,148.0
20170124,15,NO2,吴忠,58.0
20170124,15,NO2_24h,吴忠,69.0
20170124,15,O3,吴忠,63.0
20170124,15,O3_24h,吴忠,63.0
20170124,15,O3_8h,吴忠,30.0
20170124,15,O3_8h_24h,吴忠,30.0
20170124,15,CO,吴忠,1.67
20170124,15,CO_24h,吴忠,2.37
20170124,16,AQI,吴忠,159.0
20170124,16,PM2.5,吴忠,121.0
20170124,16,PM2.5_24h,吴忠,125.0
20170124,16,PM10,吴忠,156.0
20170124,16,PM10_24h,吴忠,180.0
20170124,16,SO2,吴忠,110.0
20170124,16,SO2_24h,吴忠,143.0
20170124,16,NO2,吴忠,52.0
20170124,16,NO2_24h,吴忠,68.0
20170124,16,O3,吴忠,73.0
20170124,16,O3_24h,吴忠,73.0
20170124,16,O3_8h,吴忠,38.0
20170124,16,O3_8h_24h,吴忠,38.0
20170124,16,CO,吴忠,1.4
20170124,16,CO_24h,吴忠,2.37
20170124,17,AQI,吴忠,108.0
20170124,17,PM2.5,吴忠,81.0
20170124,17,PM2.5_24h,吴忠,125.0
20170124,17,PM10,吴忠,119.0
20170124,17,PM10_24h,吴忠,177.0
20170124,17,SO2,吴忠,74.0
20170124,17,SO2_24h,吴忠,138.0
20170124,17,NO2,吴忠,37.0
20170124,17,NO2_24h,吴忠,67.0
20170124,17,O3,吴忠,81.0
20170124,17,O3_24h,吴忠,81.0
20170124,17,O3_8h,吴忠,47.0
20170124,17,O3_8h_24h,吴忠,47.0
20170124,17,CO,吴忠,0.8
20170124,17,CO_24h,吴忠,2.33
20170124,18,AQI,吴忠,96.0
20170124,18,PM2.5,吴忠,72.0
20170124,18,PM2.5_24h,吴忠,124.0
20170124,18,PM10,吴忠,85.0
20170124,18,PM10_24h,吴忠,174.0
20170124,18,SO2,吴忠,61.0
20170124,18,SO2_24h,吴忠,134.0
20170124,18,NO2,吴忠,45.0
20170124,18,NO2_24h,吴忠,66.0
20170124,18,O3,吴忠,73.0
20170124,18,O3_24h,吴忠,82.0
20170124,18,O3_8h,吴忠,54.0
20170124,18,O3_8h_24h,吴忠,54.0
20170124,18,CO,吴忠,0.83
20170124,18,CO_24h,吴忠,2.33
20170124,19,AQI,吴忠,126.0
20170124,19,PM2.5,吴忠,96.0
20170124,19,PM2.5_24h,吴忠,124.0
20170124,19,PM10,吴忠,117.0
20170124,19,PM10_24h,吴忠,174.0
20170124,19,SO2,吴忠,74.0
20170124,19,SO2_24h,吴忠,132.0
20170124,19,NO2,吴忠,83.0
20170124,19,NO2_24h,吴忠,66.0
20170124,19,O3,吴忠,38.0
20170124,19,O3_24h,吴忠,82.0
20170124,19,O3_8h,吴忠,56.0
20170124,19,O3_8h_24h,吴忠,56.0
20170124,19,CO,吴忠,1.43
20170124,19,CO_24h,吴忠,2.3
20170124,20,AQI,吴忠,141.0
20170124,20,PM2.5,吴忠,108.0
20170124,20,PM2.5_24h,吴忠,125.0
20170124,20,PM10,吴忠,146.0
20170124,20,PM10_24h,吴忠,174.0
20170124,20,SO2,吴忠,100.0
20170124,20,SO2_24h,吴忠,129.0
20170124,20,NO2,吴忠,114.0
20170124,20,NO2_24h,吴忠,67.0
20170124,20,O3,吴忠,19.0
20170124,20,O3_24h,吴忠,82.0
20170124,20,O3_8h,吴忠,55.0
20170124,20,O3_8h_24h,吴忠,56.0
20170124,20,CO,吴忠,2.4
20170124,20,CO_24h,吴忠,2.33
20170124,21,AQI,吴忠,184.0
20170124,21,PM2.5,吴忠,139.0
20170124,21,PM2.5_24h,吴忠,127.0
20170124,21,PM10,吴忠,171.0
20170124,21,PM10_24h,吴忠,175.0
20170124,21,SO2,吴忠,150.0
20170124,21,SO2_24h,吴忠,129.0
20170124,21,NO2,吴忠,122.0
20170124,21,NO2_24h,吴忠,69.0
20170124,21,O3,吴忠,13.0
20170124,21,O3_24h,吴忠,82.0
20170124,21,O3_8h,吴忠,52.0
20170124,21,O3_8h_24h,吴忠,56.0
20170124,21,CO,吴忠,3.23
20170124,21,CO_24h,吴忠,2.37
20170124,22,AQI,吴忠,303.0
20170124,22,PM2.5,吴忠,253.0
20170124,22,PM2.5_24h,吴忠,134.0
20170124,22,PM10,吴忠,262.0
20170124,22,PM10_24h,吴忠,177.0
20170124,22,SO2,吴忠,165.0
20170124,22,SO2_24h,吴忠,130.0
20170124,22,NO2,吴忠,124.0
20170124,22,NO2_24h,吴忠,70.0
20170124,22,O3,吴忠,16.0
20170124,22,O3_24h,吴忠,82.0
20170124,22,O3_8h,吴忠,47.0
20170124,22,O3_8h_24h,吴忠,56.0
20170124,22,CO,吴忠,4.03
20170124,22,CO_24h,吴忠,2.47
20170124,23,AQI,吴忠,281.0
20170124,23,PM2.5,吴忠,231.0
20170124,23,PM2.5_24h,吴忠,139.0
20170124,23,PM10,吴忠,286.0
20170124,23,PM10_24h,吴忠,183.0
20170124,23,SO2,吴忠,209.0
20170124,23,SO2_24h,吴忠,132.0
20170124,23,NO2,吴忠,97.0
20170124,23,NO2_24h,吴忠,70.0
20170124,23,O3,吴忠,14.0
20170124,23,O3_24h,吴忠,82.0
20170124,23,O3_8h,吴忠,41.0
20170124,23,O3_8h_24h,吴忠,56.0
20170124,23,CO,吴忠,3.57
20170124,23,CO_24h,吴忠,2.53
20170124,0,AQI,中卫,177.0
20170124,0,PM2.5,中卫,134.0
20170124,0,PM2.5_24h,中卫,84.0
20170124,0,PM10,中卫,164.0
20170124,0,PM10_24h,中卫,117.0
20170124,0,SO2,中卫,51.0
20170124,0,SO2_24h,中卫,96.0
20170124,0,NO2,中卫,51.0
20170124,0,NO2_24h,中卫,46.0
20170124,0,O3,中卫,20.0
20170124,0,O3_24h,中卫,49.0
20170124,0,O3_8h,中卫,26.0
20170124,0,O3_8h_24h,中卫,36.0
20170124,0,CO,中卫,2.4
20170124,0,CO_24h,中卫,1.7
20170124,1,AQI,中卫,119.0
20170124,1,PM2.5,中卫,90.0
20170124,1,PM2.5_24h,中卫,84.0
20170124,1,PM10,中卫,138.0
20170124,1,PM10_24h,中卫,119.0
20170124,1,SO2,中卫,43.0
20170124,1,SO2_24h,中卫,96.0
20170124,1,NO2,中卫,51.0
20170124,1,NO2_24h,中卫,47.0
20170124,1,O3,中卫,17.0
20170124,1,O3_24h,中卫,49.0
20170124,1,O3_8h,中卫,17.0
20170124,1,O3_8h_24h,中卫,17.0
20170124,1,CO,中卫,1.85
20170124,1,CO_24h,中卫,1.65
20170124,2,AQI,中卫,124.0
20170124,2,PM2.5,中卫,94.0
20170124,2,PM2.5_24h,中卫,86.0
20170124,2,PM10,中卫,131.0
20170124,2,PM10_24h,中卫,120.0
20170124,2,SO2,中卫,37.0
20170124,2,SO2_24h,中卫,97.0
20170124,2,NO2,中卫,40.0
20170124,2,NO2_24h,中卫,46.0
20170124,2,O3,中卫,18.0
20170124,2,O3_24h,中卫,49.0
20170124,2,O3_8h,中卫,17.0
20170124,2,O3_8h_24h,中卫,17.0
20170124,2,CO,中卫,1.8
20170124,2,CO_24h,中卫,1.65
20170124,3,AQI,中卫,125.0
20170124,3,PM2.5,中卫,95.0
20170124,3,PM2.5_24h,中卫,88.0
20170124,3,PM10,中卫,140.0
20170124,3,PM10_24h,中卫,123.0
20170124,3,SO2,中卫,55.0
20170124,3,SO2_24h,中卫,99.0
20170124,3,NO2,中卫,43.0
20170124,3,NO2_24h,中卫,47.0
20170124,3,O3,中卫,13.0
20170124,3,O3_24h,中卫,49.0
20170124,3,O3_8h,中卫,16.0
20170124,3,O3_8h_24h,中卫,18.0
20170124,3,CO,中卫,1.8
20170124,3,CO_24h,中卫,1.7
20170124,4,AQI,中卫,104.0
20170124,4,PM2.5,中卫,78.0
20170124,4,PM2.5_24h,中卫,90.0
20170124,4,PM10,中卫,123.0
20170124,4,PM10_24h,中卫,126.0
20170124,4,SO2,中卫,43.0
20170124,4,SO2_24h,中卫,99.0
20170124,4,NO2,中卫,41.0
20170124,4,NO2_24h,中卫,48.0
20170124,4,O3,中卫,12.0
20170124,4,O3_24h,中卫,49.0
20170124,4,O3_8h,中卫,15.0
20170124,4,O3_8h_24h,中卫,18.0
20170124,4,CO,中卫,1.55
20170124,4,CO_24h,中卫,1.7
20170124,5,AQI,中卫,110.0
20170124,5,PM2.5,中卫,83.0
20170124,5,PM2.5_24h,中卫,92.0
20170124,5,PM10,中卫,121.0
20170124,5,PM10_24h,中卫,128.0
20170124,5,SO2,中卫,50.0
20170124,5,SO2_24h,中卫,99.0
20170124,5,NO2,中卫,43.0
20170124,5,NO2_24h,中卫,48.0
20170124,5,O3,中卫,13.0
20170124,5,O3_24h,中卫,49.0
20170124,5,O3_8h,中卫,14.0
20170124,5,O3_8h_24h,中卫,18.0
20170124,5,CO,中卫,1.7
20170124,5,CO_24h,中卫,1.7
20170124,6,AQI,中卫,115.0
20170124,6,PM2.5,中卫,87.0
20170124,6,PM2.5_24h,中卫,94.0
20170124,6,PM10,中卫,125.0
20170124,6,PM10_24h,中卫,131.0
20170124,6,SO2,中卫,48.0
20170124,6,SO2_24h,中卫,101.0
20170124,6,NO2,中卫,36.0
20170124,6,NO2_24h,中卫,49.0
20170124,6,O3,中卫,14.0
20170124,6,O3_24h,中卫,49.0
20170124,6,O3_8h,中卫,14.0
20170124,6,O3_8h_24h,中卫,18.0
20170124,6,CO,中卫,1.75
20170124,6,CO_24h,中卫,1.75
20170124,7,AQI,中卫,131.0
20170124,7,PM2.5,中卫,100.0
20170124,7,PM2.5_24h,中卫,96.0
20170124,7,PM10,中卫,128.0
20170124,7,PM10_24h,中卫,133.0
20170124,7,SO2,中卫,61.0
20170124,7,SO2_24h,中卫,101.0
20170124,7,NO2,中卫,43.0
20170124,7,NO2_24h,中卫,49.0
20170124,7,O3,中卫,11.0
20170124,7,O3_24h,中卫,49.0
20170124,7,O3_8h,中卫,14.0
20170124,7,O3_8h_24h,中卫,18.0
20170124,7,CO,中卫,2.0
20170124,7,CO_24h,中卫,1.8
20170124,8,AQI,中卫,136.0
20170124,8,PM2.5,中卫,104.0
20170124,8,PM2.5_24h,中卫,98.0
20170124,8,PM10,中卫,142.0
20170124,8,PM10_24h,中卫,135.0
20170124,8,SO2,中卫,64.0
20170124,8,SO2_24h,中卫,102.0
20170124,8,NO2,中卫,48.0
20170124,8,NO2_24h,中卫,49.0
20170124,8,O3,中卫,9.0
20170124,8,O3_24h,中卫,49.0
20170124,8,O3_8h,中卫,13.0
20170124,8,O3_8h_24h,中卫,18.0
20170124,8,CO,中卫,2.2
20170124,8,CO_24h,中卫,1.8
20170124,9,AQI,中卫,140.0
20170124,9,PM2.5,中卫,107.0
20170124,9,PM2.5_24h,中卫,100.0
20170124,9,PM10,中卫,140.0
20170124,9,PM10_24h,中卫,137.0
20170124,9,SO2,中卫,71.0
20170124,9,SO2_24h,中卫,103.0
20170124,9,NO2,中卫,48.0
20170124,9,NO2_24h,中卫,49.0
20170124,9,O3,中卫,9.0
20170124,9,O3_24h,中卫,49.0
20170124,9,O3_8h,中卫,12.0
20170124,9,O3_8h_24h,中卫,18.0
20170124,9,CO,中卫,2.1
20170124,9,CO_24h,中卫,1.8
20170124,10,AQI,中卫,186.0
20170124,10,PM2.5,中卫,140.0
20170124,10,PM2.5_24h,中卫,103.0
20170124,10,PM10,中卫,154.0
20170124,10,PM10_24h,中卫,139.0
20170124,10,SO2,中卫,87.0
20170124,10,SO2_24h,中卫,104.0
20170124,10,NO2,中卫,46.0
20170124,10,NO2_24h,中卫,49.0
20170124,10,O3,中卫,14.0
20170124,10,O3_24h,中卫,49.0
20170124,10,O3_8h,中卫,12.0
20170124,10,O3_8h_24h,中卫,18.0
20170124,10,CO,中卫,2.35
20170124,10,CO_24h,中卫,1.8
20170124,11,AQI,中卫,180.0
20170124,11,PM2.5,中卫,136.0
20170124,11,PM2.5_24h,中卫,105.0
20170124,11,PM10,中卫,166.0
20170124,11,PM10_24h,中卫,142.0
20170124,11,SO2,中卫,190.0
20170124,11,SO2_24h,中卫,109.0
20170124,11,NO2,中卫,43.0
20170124,11,NO2_24h,中卫,50.0
20170124,11,O3,中卫,21.0
20170124,11,O3_24h,中卫,49.0
20170124,11,O3_8h,中卫,13.0
20170124,11,O3_8h_24h,中卫,18.0
20170124,11,CO,中卫,2.25
20170124,11,CO_24h,中卫,1.85
20170124,12,AQI,中卫,143.0
20170124,12,PM2.5,中卫,109.0
20170124,12,PM2.5_24h,中卫,106.0
20170124,12,PM10,中卫,158.0
20170124,12,PM10_24h,中卫,143.0
20170124,12,SO2,中卫,179.0
20170124,12,SO2_24h,中卫,109.0
20170124,12,NO2,中卫,44.0
20170124,12,NO2_24h,中卫,50.0
20170124,12,O3,中卫,28.0
20170124,12,O3_24h,中卫,49.0
20170124,12,O3_8h,中卫,15.0
20170124,12,O3_8h_24h,中卫,18.0
20170124,12,CO,中卫,2.1
20170124,12,CO_24h,中卫,1.9
20170124,13,AQI,中卫,163.0
20170124,13,PM2.5,中卫,124.0
20170124,13,PM2.5_24h,中卫,108.0
20170124,13,PM10,中卫,175.0
20170124,13,PM10_24h,中卫,145.0
20170124,13,SO2,中卫,263.0
20170124,13,SO2_24h,中卫,112.0
20170124,13,NO2,中卫,54.0
20170124,13,NO2_24h,中卫,51.0
20170124,13,O3,中卫,32.0
20170124,13,O3_24h,中卫,49.0
20170124,13,O3_8h,中卫,17.0
20170124,13,O3_8h_24h,中卫,18.0
20170124,13,CO,中卫,2.15
20170124,13,CO_24h,中卫,1.9
20170124,14,AQI,中卫,161.0
20170124,14,PM2.5,中卫,123.0
20170124,14,PM2.5_24h,中卫,109.0
20170124,14,PM10,中卫,169.0
20170124,14,PM10_24h,中卫,146.0
20170124,14,SO2,中卫,232.0
20170124,14,SO2_24h,中卫,108.0
20170124,14,NO2,中卫,50.0
20170124,14,NO2_24h,中卫,51.0
20170124,14,O3,中卫,39.0
20170124,14,O3_24h,中卫,49.0
20170124,14,O3_8h,中卫,20.0
20170124,14,O3_8h_24h,中卫,20.0
20170124,14,CO,中卫,1.85
20170124,14,CO_24h,中卫,1.95
20170124,15,AQI,中卫,159.0
20170124,15,PM2.5,中卫,121.0
20170124,15,PM2.5_24h,中卫,111.0
20170124,15,PM10,中卫,155.0
20170124,15,PM10_24h,中卫,148.0
20170124,15,SO2,中卫,257.0
20170124,15,SO2_24h,中卫,108.0
20170124,15,NO2,中卫,50.0
20170124,15,NO2_24h,中卫,51.0
20170124,15,O3,中卫,42.0
20170124,15,O3_24h,中卫,50.0
20170124,15,O3_8h,中卫,24.0
20170124,15,O3_8h_24h,中卫,24.0
20170124,15,CO,中卫,1.7
20170124,15,CO_24h,中卫,1.95
20170124,16,AQI,中卫,144.0
20170124,16,PM2.5,中卫,110.0
20170124,16,PM2.5_24h,中卫,112.0
20170124,16,PM10,中卫,125.0
20170124,16,PM10_24h,中卫,149.0
20170124,16,SO2,中卫,131.0
20170124,16,SO2_24h,中卫,106.0
20170124,16,NO2,中卫,43.0
20170124,16,NO2_24h,中卫,51.0
20170124,16,O3,中卫,49.0
20170124,16,O3_24h,中卫,51.0
20170124,16,O3_8h,中卫,29.0
20170124,16,O3_8h_24h,中卫,29.0
20170124,16,CO,中卫,1.5
20170124,16,CO_24h,中卫,1.95
20170124,17,AQI,中卫,146.0
20170124,17,PM2.5,中卫,112.0
20170124,17,PM2.5_24h,中卫,114.0
20170124,17,PM10,中卫,121.0
20170124,17,PM10_24h,中卫,150.0
20170124,17,SO2,中卫,151.0
20170124,17,SO2_24h,中卫,107.0
20170124,17,NO2,中卫,48.0
20170124,17,NO2_24h,中卫,51.0
20170124,17,O3,中卫,46.0
20170124,17,O3_24h,中卫,49.0
20170124,17,O3_8h,中卫,34.0
20170124,17,O3_8h_24h,中卫,34.0
20170124,17,CO,中卫,1.5
20170124,17,CO_24h,中卫,1.95
20170124,18,AQI,中卫,151.0
20170124,18,PM2.5,中卫,116.0
20170124,18,PM2.5_24h,中卫,115.0
20170124,18,PM10,中卫,131.0
20170124,18,PM10_24h,中卫,151.0
20170124,18,SO2,中卫,148.0
20170124,18,SO2_24h,中卫,109.0
20170124,18,NO2,中卫,57.0
20170124,18,NO2_24h,中卫,52.0
20170124,18,O3,中卫,41.0
20170124,18,O3_24h,中卫,49.0
20170124,18,O3_8h,中卫,37.0
20170124,18,O3_8h_24h,中卫,37.0
20170124,18,CO,中卫,1.55
20170124,18,CO_24h,中卫,1.95
20170124,19,AQI,中卫,161.0
20170124,19,PM2.5,中卫,123.0
20170124,19,PM2.5_24h,中卫,116.0
20170124,19,PM10,中卫,138.0
20170124,19,PM10_24h,中卫,150.0
20170124,19,SO2,中卫,80.0
20170124,19,SO2_24h,中卫,109.0
20170124,19,NO2,中卫,72.0
20170124,19,NO2_24h,中卫,52.0
20170124,19,O3,中卫,31.0
20170124,19,O3_24h,中卫,49.0
20170124,19,O3_8h,中卫,39.0
20170124,19,O3_8h_24h,中卫,39.0
20170124,19,CO,中卫,1.8
20170124,19,CO_24h,中卫,2.0
20170124,20,AQI,中卫,200.0
20170124,20,PM2.5,中卫,150.0
20170124,20,PM2.5_24h,中卫,115.0
20170124,20,PM10,中卫,163.0
20170124,20,PM10_24h,中卫,148.0
20170124,20,SO2,中卫,76.0
20170124,20,SO2_24h,中卫,108.0
20170124,20,NO2,中卫,73.0
20170124,20,NO2_24h,中卫,51.0
20170124,20,O3,中卫,30.0
20170124,20,O3_24h,中卫,49.0
20170124,20,O3_8h,中卫,39.0
20170124,20,O3_8h_24h,中卫,39.0
20170124,20,CO,中卫,2.15
20170124,20,CO_24h,中卫,1.95
20170124,21,AQI,中卫,211.0
20170124,21,PM2.5,中卫,161.0
20170124,21,PM2.5_24h,中卫,115.0
20170124,21,PM10,中卫,215.0
20170124,21,PM10_24h,中卫,149.0
20170124,21,SO2,中卫,81.0
20170124,21,SO2_24h,中卫,107.0
20170124,21,NO2,中卫,71.0
20170124,21,NO2_24h,中卫,51.0
20170124,21,O3,中卫,28.0
20170124,21,O3_24h,中卫,49.0
20170124,21,O3_8h,中卫,38.0
20170124,21,O3_8h_24h,中卫,40.0
20170124,21,CO,中卫,2.6
20170124,21,CO_24h,中卫,2.0
20170124,22,AQI,中卫,234.0
20170124,22,PM2.5,中卫,184.0
20170124,22,PM2.5_24h,中卫,116.0
20170124,22,PM10,中卫,235.0
20170124,22,PM10_24h,中卫,150.0
20170124,22,SO2,中卫,100.0
20170124,22,SO2_24h,中卫,106.0
20170124,22,NO2,中卫,68.0
20170124,22,NO2_24h,中卫,51.0
20170124,22,O3,中卫,26.0
20170124,22,O3_24h,中卫,49.0
20170124,22,O3_8h,中卫,37.0
20170124,22,O3_8h_24h,中卫,40.0
20170124,22,CO,中卫,3.05
20170124,22,CO_24h,中卫,2.0
20170124,23,AQI,中卫,216.0
20170124,23,PM2.5,中卫,166.0
20170124,23,PM2.5_24h,中卫,119.0
20170124,23,PM10,中卫,165.0
20170124,23,PM10_24h,中卫,150.0
20170124,23,SO2,中卫,116.0
20170124,23,SO2_24h,中卫,109.0
20170124,23,NO2,中卫,62.0
20170124,23,NO2_24h,中卫,51.0
20170124,23,O3,中卫,26.0
20170124,23,O3_24h,中卫,49.0
20170124,23,O3_8h,中卫,34.0
20170124,23,O3_8h_24h,中卫,40.0
20170124,23,CO,中卫,2.55
20170124,23,CO_24h,中卫,2.0
20170124,0,AQI,固原,160.0
20170124,0,PM2.5,固原,122.0
20170124,0,PM2.5_24h,固原,51.0
20170124,0,PM10,固原,162.0
20170124,0,PM10_24h,固原,83.0
20170124,0,SO2,固原,53.0
20170124,0,SO2_24h,固原,24.0
20170124,0,NO2,固原,67.0
20170124,0,NO2_24h,固原,47.0
20170124,0,O3,固原,10.0
20170124,0,O3_24h,固原,64.0
20170124,0,O3_8h,固原,35.0
20170124,0,O3_8h_24h,固原,58.0
20170124,0,CO,固原,2.8
20170124,0,CO_24h,固原,1.4
20170124,1,AQI,固原,107.0
20170124,1,PM2.5,固原,77.0
20170124,1,PM2.5_24h,固原,50.0
20170124,1,PM10,固原,163.0
20170124,1,PM10_24h,固原,86.0
20170124,1,SO2,固原,22.0
20170124,1,SO2_24h,固原,23.0
20170124,1,NO2,固原,59.0
20170124,1,NO2_24h,固原,47.0
20170124,1,O3,固原,7.0
20170124,1,O3_24h,固原,64.0
20170124,1,O3_8h,固原,7.0
20170124,1,O3_8h_24h,固原,7.0
20170124,1,CO,固原,1.6
20170124,1,CO_24h,固原,1.35
20170124,2,AQI,固原,108.0
20170124,2,PM2.5,固原,81.0
20170124,2,PM2.5_24h,固原,51.0
20170124,2,PM10,固原,119.0
20170124,2,PM10_24h,固原,87.0
20170124,2,SO2,固原,21.0
20170124,2,SO2_24h,固原,23.0
20170124,2,NO2,固原,57.0
20170124,2,NO2_24h,固原,47.0
20170124,2,O3,固原,7.0
20170124,2,O3_24h,固原,64.0
20170124,2,O3_8h,固原,7.0
20170124,2,O3_8h_24h,固原,7.0
20170124,2,CO,固原,1.7
20170124,2,CO_24h,固原,1.35
20170124,3,AQI,固原,86.0
20170124,3,PM2.5,固原,64.0
20170124,3,PM2.5_24h,固原,52.0
20170124,3,PM10,固原,112.0
20170124,3,PM10_24h,固原,88.0
20170124,3,SO2,固原,20.0
20170124,3,SO2_24h,固原,24.0
20170124,3,NO2,固原,35.0
20170124,3,NO2_24h,固原,47.0
20170124,3,O3,固原,21.0
20170124,3,O3_24h,固原,64.0
20170124,3,O3_8h,固原,12.0
20170124,3,O3_8h_24h,固原,12.0
20170124,3,CO,固原,1.3
20170124,3,CO_24h,固原,1.35
20170124,4,AQI,固原,89.0
20170124,4,PM2.5,固原,66.0
20170124,4,PM2.5_24h,固原,54.0
20170124,4,PM10,固原,105.0
20170124,4,PM10_24h,固原,91.0
20170124,4,SO2,固原,18.0
20170124,4,SO2_24h,固原,24.0
20170124,4,NO2,固原,46.0
20170124,4,NO2_24h,固原,47.0
20170124,4,O3,固原,11.0
20170124,4,O3_24h,固原,64.0
20170124,4,O3_8h,固原,12.0
20170124,4,O3_8h_24h,固原,12.0
20170124,4,CO,固原,1.65
20170124,4,CO_24h,固原,1.4
20170124,5,AQI,固原,90.0
20170124,5,PM2.5,固原,67.0
20170124,5,PM2.5_24h,固原,55.0
20170124,5,PM10,固原,100.0
20170124,5,PM10_24h,固原,93.0
20170124,5,SO2,固原,19.0
20170124,5,SO2_24h,固原,25.0
20170124,5,NO2,固原,46.0
20170124,5,NO2_24h,固原,47.0
20170124,5,O3,固原,11.0
20170124,5,O3_24h,固原,64.0
20170124,5,O3_8h,固原,11.0
20170124,5,O3_8h_24h,固原,12.0
20170124,5,CO,固原,1.6
20170124,5,CO_24h,固原,1.4
20170124,6,AQI,固原,90.0
20170124,6,PM2.5,固原,67.0
20170124,6,PM2.5_24h,固原,57.0
20170124,6,PM10,固原,103.0
20170124,6,PM10_24h,固原,96.0
20170124,6,SO2,固原,16.0
20170124,6,SO2_24h,固原,25.0
20170124,6,NO2,固原,45.0
20170124,6,NO2_24h,固原,47.0
20170124,6,O3,固原,13.0
20170124,6,O3_24h,固原,64.0
20170124,6,O3_8h,固原,12.0
20170124,6,O3_8h_24h,固原,13.0
20170124,6,CO,固原,1.5
20170124,6,CO_24h,固原,1.45
20170124,7,AQI,固原,96.0
20170124,7,PM2.5,固原,72.0
20170124,7,PM2.5_24h,固原,58.0
20170124,7,PM10,固原,112.0
20170124,7,PM10_24h,固原,97.0
20170124,7,SO2,固原,20.0
20170124,7,SO2_24h,固原,25.0
20170124,7,NO2,固原,52.0
20170124,7,NO2_24h,固原,46.0
20170124,7,O3,固原,12.0
20170124,7,O3_24h,固原,64.0
20170124,7,O3_8h,固原,11.0
20170124,7,O3_8h_24h,固原,13.0
20170124,7,CO,固原,1.5
20170124,7,CO_24h,固原,1.35
20170124,8,AQI,固原,109.0
20170124,8,PM2.5,固原,82.0
20170124,8,PM2.5_24h,固原,60.0
20170124,8,PM10,固原,117.0
20170124,8,PM10_24h,固原,99.0
20170124,8,SO2,固原,27.0
20170124,8,SO2_24h,固原,25.0
20170124,8,NO2,固原,63.0
20170124,8,NO2_24h,固原,46.0
20170124,8,O3,固原,8.0
20170124,8,O3_24h,固原,64.0
20170124,8,O3_8h,固原,11.0
20170124,8,O3_8h_24h,固原,13.0
20170124,8,CO,固原,1.8
20170124,8,CO_24h,固原,1.4
20170124,9,AQI,固原,139.0
20170124,9,PM2.5,固原,106.0
20170124,9,PM2.5_24h,固原,62.0
20170124,9,PM10,固原,129.0
20170124,9,PM10_24h,固原,100.0
20170124,9,SO2,固原,43.0
20170124,9,SO2_24h,固原,25.0
20170124,9,NO2,固原,68.0
20170124,9,NO2_24h,固原,46.0
20170124,9,O3,固原,8.0
20170124,9,O3_24h,固原,64.0
20170124,9,O3_8h,固原,11.0
20170124,9,O3_8h_24h,固原,13.0
20170124,9,CO,固原,2.6
20170124,9,CO_24h,固原,1.45
20170124,10,AQI,固原,139.0
20170124,10,PM2.5,固原,106.0
20170124,10,PM2.5_24h,固原,65.0
20170124,10,PM10,固原,168.0
20170124,10,PM10_24h,固原,104.0
20170124,10,SO2,固原,36.0
20170124,10,SO2_24h,固原,25.0
20170124,10,NO2,固原,65.0
20170124,10,NO2_24h,固原,45.0
20170124,10,O3,固原,11.0
20170124,10,O3_24h,固原,64.0
20170124,10,O3_8h,固原,12.0
20170124,10,O3_8h_24h,固原,13.0
20170124,10,CO,固原,2.5
20170124,10,CO_24h,固原,1.45
20170124,11,AQI,固原,118.0
20170124,11,PM2.5,固原,89.0
20170124,11,PM2.5_24h,固原,67.0
20170124,11,PM10,固原,144.0
20170124,11,PM10_24h,固原,107.0
20170124,11,SO2,固原,30.0
20170124,11,SO2_24h,固原,26.0
20170124,11,NO2,固原,55.0
20170124,11,NO2_24h,固原,46.0
20170124,11,O3,固原,30.0
20170124,11,O3_24h,固原,64.0
20170124,11,O3_8h,固原,13.0
20170124,11,O3_8h_24h,固原,14.0
20170124,11,CO,固原,1.8
20170124,11,CO_24h,固原,1.5
20170124,12,AQI,固原,94.0
20170124,12,PM2.5,固原,70.0
20170124,12,PM2.5_24h,固原,69.0
20170124,12,PM10,固原,99.0
20170124,12,PM10_24h,固原,109.0
20170124,12,SO2,固原,16.0
20170124,12,SO2_24h,固原,26.0
20170124,12,NO2,固原,24.0
20170124,12,NO2_24h,固原,46.0
20170124,12,O3,固原,57.0
20170124,12,O3_24h,固原,64.0
20170124,12,O3_8h,固原,19.0
20170124,12,O3_8h_24h,固原,19.0
20170124,12,CO,固原,1.0
20170124,12,CO_24h,固原,1.5
20170124,13,AQI,固原,80.0
20170124,13,PM2.5,固原,59.0
20170124,13,PM2.5_24h,固原,71.0
20170124,13,PM10,固原,76.0
20170124,13,PM10_24h,固原,111.0
20170124,13,SO2,固原,13.0
20170124,13,SO2_24h,固原,26.0
20170124,13,NO2,固原,13.0
20170124,13,NO2_24h,固原,47.0
20170124,13,O3,固原,65.0
20170124,13,O3_24h,固原,66.0
20170124,13,O3_8h,固原,26.0
20170124,13,O3_8h_24h,固原,26.0
20170124,13,CO,固原,0.8
20170124,13,CO_24h,固原,1.5
20170124,14,AQI,固原,73.0
20170124,14,PM2.5,固原,53.0
20170124,14,PM2.5_24h,固原,72.0
20170124,14,PM10,固原,71.0
20170124,14,PM10_24h,固原,112.0
20170124,14,SO2,固原,11.0
20170124,14,SO2_24h,固原,26.0
20170124,14,NO2,固原,13.0
20170124,14,NO2_24h,固原,47.0
20170124,14,O3,固原,68.0
20170124,14,O3_24h,固原,68.0
20170124,14,O3_8h,固原,32.0
20170124,14,O3_8h_24h,固原,32.0
20170124,14,CO,固原,0.75
20170124,14,CO_24h,固原,1.55
20170124,15,AQI,固原,69.0
20170124,15,PM2.5,固原,50.0
20170124,15,PM2.5_24h,固原,74.0
20170124,15,PM10,固原,77.0
20170124,15,PM10_24h,固原,113.0
20170124,15,SO2,固原,11.0
20170124,15,SO2_24h,固原,26.0
20170124,15,NO2,固原,12.0
20170124,15,NO2_24h,固原,47.0
20170124,15,O3,固原,73.0
20170124,15,O3_24h,固原,73.0
20170124,15,O3_8h,固原,40.0
20170124,15,O3_8h_24h,固原,40.0
20170124,15,CO,固原,0.7
20170124,15,CO_24h,固原,1.55
20170124,16,AQI,固原,66.0
20170124,16,PM2.5,固原,48.0
20170124,16,PM2.5_24h,固原,75.0
20170124,16,PM10,固原,75.0
20170124,16,PM10_24h,固原,115.0
20170124,16,SO2,固原,11.0
20170124,16,SO2_24h,固原,26.0
20170124,16,NO2,固原,13.0
20170124,16,NO2_24h,固原,46.0
20170124,16,O3,固原,71.0
20170124,16,O3_24h,固原,73.0
20170124,16,O3_8h,固原,48.0
20170124,16,O3_8h_24h,固原,48.0
20170124,16,CO,固原,0.7
20170124,16,CO_24h,固原,1.6
20170124,17,AQI,固原,66.0
20170124,17,PM2.5,固原,48.0
20170124,17,PM2.5_24h,固原,76.0
20170124,17,PM10,固原,72.0
20170124,17,PM10_24h,固原,115.0
20170124,17,SO2,固原,11.0
20170124,17,SO2_24h,固原,26.0
20170124,17,NO2,固原,18.0
20170124,17,NO2_24h,固原,46.0
20170124,17,O3,固原,66.0
20170124,17,O3_24h,固原,73.0
20170124,17,O3_8h,固原,55.0
20170124,17,O3_8h_24h,固原,55.0
20170124,17,CO,固原,0.75
20170124,17,CO_24h,固原,1.6
20170124,18,AQI,固原,70.0
20170124,18,PM2.5,固原,51.0
20170124,18,PM2.5_24h,固原,77.0
20170124,18,PM10,固原,85.0
20170124,18,PM10_24h,固原,115.0
20170124,18,SO2,固原,14.0
20170124,18,SO2_24h,固原,26.0
20170124,18,NO2,固原,34.0
20170124,18,NO2_24h,固原,46.0
20170124,18,O3,固原,59.0
20170124,18,O3_24h,固原,73.0
20170124,18,O3_8h,固原,61.0
20170124,18,O3_8h_24h,固原,61.0
20170124,18,CO,固原,0.9
20170124,18,CO_24h,固原,1.6
20170124,19,AQI,固原,89.0
20170124,19,PM2.5,固原,66.0
20170124,19,PM2.5_24h,固原,78.0
20170124,19,PM10,固原,99.0
20170124,19,PM10_24h,固原,115.0
20170124,19,SO2,固原,18.0
20170124,19,SO2_24h,固原,26.0
20170124,19,NO2,固原,36.0
20170124,19,NO2_24h,固原,45.0
20170124,19,O3,固原,56.0
20170124,19,O3_24h,固原,73.0
20170124,19,O3_8h,固原,64.0
20170124,19,O3_8h_24h,固原,64.0
20170124,19,CO,固原,1.0
20170124,19,CO_24h,固原,1.6
20170124,20,AQI,固原,108.0
20170124,20,PM2.5,固原,81.0
20170124,20,PM2.5_24h,固原,78.0
20170124,20,PM10,固原,113.0
20170124,20,PM10_24h,固原,116.0
20170124,20,SO2,固原,26.0
20170124,20,SO2_24h,固原,26.0
20170124,20,NO2,固原,51.0
20170124,20,NO2_24h,固原,45.0
20170124,20,O3,固原,42.0
20170124,20,O3_24h,固原,73.0
20170124,20,O3_8h,固原,63.0
20170124,20,O3_8h_24h,固原,64.0
20170124,20,CO,固原,1.3
20170124,20,CO_24h,固原,1.6
20170124,21,AQI,固原,121.0
20170124,21,PM2.5,固原,92.0
20170124,21,PM2.5_24h,固原,78.0
20170124,21,PM10,固原,126.0
20170124,21,PM10_24h,固原,116.0
20170124,21,SO2,固原,30.0
20170124,21,SO2_24h,固原,25.0
20170124,21,NO2,固原,61.0
20170124,21,NO2_24h,固原,44.0
20170124,21,O3,固原,34.0
20170124,21,O3_24h,固原,73.0
20170124,21,O3_8h,固原,58.0
20170124,21,O3_8h_24h,固原,64.0
20170124,21,CO,固原,1.65
20170124,21,CO_24h,固原,1.55
20170124,22,AQI,固原,123.0
20170124,22,PM2.5,固原,93.0
20170124,22,PM2.5_24h,固原,76.0
20170124,22,PM10,固原,123.0
20170124,22,PM10_24h,固原,113.0
20170124,22,SO2,固原,27.0
20170124,22,SO2_24h,固原,23.0
20170124,22,NO2,固原,50.0
20170124,22,NO2_24h,固原,43.0
20170124,22,O3,固原,37.0
20170124,22,O3_24h,固原,73.0
20170124,22,O3_8h,固原,55.0
20170124,22,O3_8h_24h,固原,64.0
20170124,22,CO,固原,1.65
20170124,22,CO_24h,固原,1.45
20170124,23,AQI,固原,129.0
20170124,23,PM2.5,固原,98.0
20170124,23,PM2.5_24h,固原,75.0
20170124,23,PM10,固原,115.0
20170124,23,PM10_24h,固原,111.0
20170124,23,SO2,固原,22.0
20170124,23,SO2_24h,固原,22.0
20170124,23,NO2,固原,54.0
20170124,23,NO2_24h,固原,43.0
20170124,23,O3,固原,31.0
20170124,23,O3_24h,固原,73.0
20170124,23,O3_8h,固原,49.0
20170124,23,O3_8h_24h,固原,64.0
20170124,23,CO,固原,1.7
20170124,23,CO_24h,固原,1.5
20170124,0,AQI,吐鲁番地区,202.0
20170124,0,PM2.5,吐鲁番地区,152.0
20170124,0,PM2.5_24h,吐鲁番地区,142.0
20170124,0,PM10,吐鲁番地区,214.0
20170124,0,PM10_24h,吐鲁番地区,189.0
20170124,0,SO2,吐鲁番地区,35.0
20170124,0,SO2_24h,吐鲁番地区,47.0
20170124,0,NO2,吐鲁番地区,85.0
20170124,0,NO2_24h,吐鲁番地区,66.0
20170124,0,O3,吐鲁番地区,8.0
20170124,0,O3_24h,吐鲁番地区,54.0
20170124,0,O3_8h,吐鲁番地区,31.0
20170124,0,O3_8h_24h,吐鲁番地区,44.0
20170124,0,CO,吐鲁番地区,3.65
20170124,0,CO_24h,吐鲁番地区,3.5
20170124,1,AQI,吐鲁番地区,191.0
20170124,1,PM2.5,吐鲁番地区,144.0
20170124,1,PM2.5_24h,吐鲁番地区,141.0
20170124,1,PM10,吐鲁番地区,194.0
20170124,1,PM10_24h,吐鲁番地区,188.0
20170124,1,SO2,吐鲁番地区,39.0
20170124,1,SO2_24h,吐鲁番地区,45.0
20170124,1,NO2,吐鲁番地区,84.0
20170124,1,NO2_24h,吐鲁番地区,66.0
20170124,1,O3,吐鲁番地区,9.0
20170124,1,O3_24h,吐鲁番地区,54.0
20170124,1,O3_8h,吐鲁番地区,9.0
20170124,1,O3_8h_24h,吐鲁番地区,9.0
20170124,1,CO,吐鲁番地区,4.0
20170124,1,CO_24h,吐鲁番地区,3.5
20170124,2,AQI,吐鲁番地区,163.0
20170124,2,PM2.5,吐鲁番地区,124.0
20170124,2,PM2.5_24h,吐鲁番地区,139.0
20170124,2,PM10,吐鲁番地区,161.0
20170124,2,PM10_24h,吐鲁番地区,185.0
20170124,2,SO2,吐鲁番地区,34.0
20170124,2,SO2_24h,吐鲁番地区,44.0
20170124,2,NO2,吐鲁番地区,76.0
20170124,2,NO2_24h,吐鲁番地区,65.0
20170124,2,O3,吐鲁番地区,12.0
20170124,2,O3_24h,吐鲁番地区,54.0
20170124,2,O3_8h,吐鲁番地区,10.0
20170124,2,O3_8h_24h,吐鲁番地区,11.0
20170124,2,CO,吐鲁番地区,3.45
20170124,2,CO_24h,吐鲁番地区,3.4
20170124,3,AQI,吐鲁番地区,159.0
20170124,3,PM2.5,吐鲁番地区,121.0
20170124,3,PM2.5_24h,吐鲁番地区,139.0
20170124,3,PM10,吐鲁番地区,150.0
20170124,3,PM10_24h,吐鲁番地区,183.0
20170124,3,SO2,吐鲁番地区,29.0
20170124,3,SO2_24h,吐鲁番地区,43.0
20170124,3,NO2,吐鲁番地区,71.0
20170124,3,NO2_24h,吐鲁番地区,65.0
20170124,3,O3,吐鲁番地区,13.0
20170124,3,O3_24h,吐鲁番地区,54.0
20170124,3,O3_8h,吐鲁番地区,11.0
20170124,3,O3_8h_24h,吐鲁番地区,12.0
20170124,3,CO,吐鲁番地区,4.15
20170124,3,CO_24h,吐鲁番地区,3.4
20170124,4,AQI,吐鲁番地区,145.0
20170124,4,PM2.5,吐鲁番地区,111.0
20170124,4,PM2.5_24h,吐鲁番地区,138.0
20170124,4,PM10,吐鲁番地区,152.0
20170124,4,PM10_24h,吐鲁番地区,182.0
20170124,4,SO2,吐鲁番地区,27.0
20170124,4,SO2_24h,吐鲁番地区,43.0
20170124,4,NO2,吐鲁番地区,59.0
20170124,4,NO2_24h,吐鲁番地区,65.0
20170124,4,O3,吐鲁番地区,20.0
20170124,4,O3_24h,吐鲁番地区,54.0
20170124,4,O3_8h,吐鲁番地区,14.0
20170124,4,O3_8h_24h,吐鲁番地区,14.0
20170124,4,CO,吐鲁番地区,3.85
20170124,4,CO_24h,吐鲁番地区,3.35
20170124,5,AQI,吐鲁番地区,124.0
20170124,5,PM2.5,吐鲁番地区,94.0
20170124,5,PM2.5_24h,吐鲁番地区,137.0
20170124,5,PM10,吐鲁番地区,125.0
20170124,5,PM10_24h,吐鲁番地区,180.0
20170124,5,SO2,吐鲁番地区,23.0
20170124,5,SO2_24h,吐鲁番地区,43.0
20170124,5,NO2,吐鲁番地区,39.0
20170124,5,NO2_24h,吐鲁番地区,64.0
20170124,5,O3,吐鲁番地区,32.0
20170124,5,O3_24h,吐鲁番地区,54.0
20170124,5,O3_8h,吐鲁番地区,17.0
20170124,5,O3_8h_24h,吐鲁番地区,17.0
20170124,5,CO,吐鲁番地区,2.35
20170124,5,CO_24h,吐鲁番地区,3.35
20170124,6,AQI,吐鲁番地区,121.0
20170124,6,PM2.5,吐鲁番地区,92.0
20170124,6,PM2.5_24h,吐鲁番地区,136.0
20170124,6,PM10,吐鲁番地区,104.0
20170124,6,PM10_24h,吐鲁番地区,179.0
20170124,6,SO2,吐鲁番地区,21.0
20170124,6,SO2_24h,吐鲁番地区,42.0
20170124,6,NO2,吐鲁番地区,52.0
20170124,6,NO2_24h,吐鲁番地区,64.0
20170124,6,O3,吐鲁番地区,20.0
20170124,6,O3_24h,吐鲁番地区,54.0
20170124,6,O3_8h,吐鲁番地区,18.0
20170124,6,O3_8h_24h,吐鲁番地区,18.0
20170124,6,CO,吐鲁番地区,2.8
20170124,6,CO_24h,吐鲁番地区,3.3
20170124,7,AQI,吐鲁番地区,116.0
20170124,7,PM2.5,吐鲁番地区,88.0
20170124,7,PM2.5_24h,吐鲁番地区,136.0
20170124,7,PM10,吐鲁番地区,107.0
20170124,7,PM10_24h,吐鲁番地区,178.0
20170124,7,SO2,吐鲁番地区,23.0
20170124,7,SO2_24h,吐鲁番地区,42.0
20170124,7,NO2,吐鲁番地区,55.0
20170124,7,NO2_24h,吐鲁番地区,65.0
20170124,7,O3,吐鲁番地区,17.0
20170124,7,O3_24h,吐鲁番地区,54.0
20170124,7,O3_8h,吐鲁番地区,18.0
20170124,7,O3_8h_24h,吐鲁番地区,18.0
20170124,7,CO,吐鲁番地区,2.7
20170124,7,CO_24h,吐鲁番地区,3.3
20170124,8,AQI,吐鲁番地区,125.0
20170124,8,PM2.5,吐鲁番地区,95.0
20170124,8,PM2.5_24h,吐鲁番地区,135.0
20170124,8,PM10,吐鲁番地区,114.0
20170124,8,PM10_24h,吐鲁番地区,176.0
20170124,8,SO2,吐鲁番地区,24.0
20170124,8,SO2_24h,吐鲁番地区,42.0
20170124,8,NO2,吐鲁番地区,56.0
20170124,8,NO2_24h,吐鲁番地区,64.0
20170124,8,O3,吐鲁番地区,17.0
20170124,8,O3_24h,吐鲁番地区,54.0
20170124,8,O3_8h,吐鲁番地区,18.0
20170124,8,O3_8h_24h,吐鲁番地区,19.0
20170124,8,CO,吐鲁番地区,2.75
20170124,8,CO_24h,吐鲁番地区,3.3
20170124,9,AQI,吐鲁番地区,157.0
20170124,9,PM2.5,吐鲁番地区,120.0
20170124,9,PM2.5_24h,吐鲁番地区,135.0
20170124,9,PM10,吐鲁番地区,145.0
20170124,9,PM10_24h,吐鲁番地区,175.0
20170124,9,SO2,吐鲁番地区,34.0
20170124,9,SO2_24h,吐鲁番地区,43.0
20170124,9,NO2,吐鲁番地区,64.0
20170124,9,NO2_24h,吐鲁番地区,64.0
20170124,9,O3,吐鲁番地区,14.0
20170124,9,O3_24h,吐鲁番地区,54.0
20170124,9,O3_8h,吐鲁番地区,18.0
20170124,9,O3_8h_24h,吐鲁番地区,19.0
20170124,9,CO,吐鲁番地区,2.85
20170124,9,CO_24h,吐鲁番地区,3.25
20170124,10,AQI,吐鲁番地区,191.0
20170124,10,PM2.5,吐鲁番地区,144.0
20170124,10,PM2.5_24h,吐鲁番地区,133.0
20170124,10,PM10,吐鲁番地区,168.0
20170124,10,PM10_24h,吐鲁番地区,174.0
20170124,10,SO2,吐鲁番地区,43.0
20170124,10,SO2_24h,吐鲁番地区,43.0
20170124,10,NO2,吐鲁番地区,69.0
20170124,10,NO2_24h,吐鲁番地区,63.0
20170124,10,O3,吐鲁番地区,16.0
20170124,10,O3_24h,吐鲁番地区,54.0
20170124,10,O3_8h,吐鲁番地区,19.0
20170124,10,O3_8h_24h,吐鲁番地区,19.0
20170124,10,CO,吐鲁番地区,3.05
20170124,10,CO_24h,吐鲁番地区,3.25
20170124,11,AQI,吐鲁番地区,323.0
20170124,11,PM2.5,吐鲁番地区,273.0
20170124,11,PM2.5_24h,吐鲁番地区,136.0
20170124,11,PM10,吐鲁番地区,208.0
20170124,11,PM10_24h,吐鲁番地区,170.0
20170124,11,SO2,吐鲁番地区,49.0
20170124,11,SO2_24h,吐鲁番地区,43.0
20170124,11,NO2,吐鲁番地区,80.0
20170124,11,NO2_24h,吐鲁番地区,63.0
20170124,11,O3,吐鲁番地区,13.0
20170124,11,O3_24h,吐鲁番地区,54.0
20170124,11,O3_8h,吐鲁番地区,19.0
20170124,11,O3_8h_24h,吐鲁番地区,19.0
20170124,11,CO,吐鲁番地区,5.1
20170124,11,CO_24h,吐鲁番地区,3.25
20170124,12,AQI,吐鲁番地区,246.0
20170124,12,PM2.5,吐鲁番地区,196.0
20170124,12,PM2.5_24h,吐鲁番地区,138.0
20170124,12,PM10,吐鲁番地区,310.0
20170124,12,PM10_24h,吐鲁番地区,172.0
20170124,12,SO2,吐鲁番地区,45.0
20170124,12,SO2_24h,吐鲁番地区,43.0
20170124,12,NO2,吐鲁番地区,78.0
20170124,12,NO2_24h,吐鲁番地区,64.0
20170124,12,O3,吐鲁番地区,19.0
20170124,12,O3_24h,吐鲁番地区,54.0
20170124,12,O3_8h,吐鲁番地区,19.0
20170124,12,O3_8h_24h,吐鲁番地区,20.0
20170124,12,CO,吐鲁番地区,3.9
20170124,12,CO_24h,吐鲁番地区,3.25
20170124,13,AQI,吐鲁番地区,134.0
20170124,13,PM2.5,吐鲁番地区,87.0
20170124,13,PM2.5_24h,吐鲁番地区,137.0
20170124,13,PM10,吐鲁番地区,217.0
20170124,13,PM10_24h,吐鲁番地区,174.0
20170124,13,SO2,吐鲁番地区,28.0
20170124,13,SO2_24h,吐鲁番地区,42.0
20170124,13,NO2,吐鲁番地区,33.0
20170124,13,NO2_24h,吐鲁番地区,64.0
20170124,13,O3,吐鲁番地区,46.0
20170124,13,O3_24h,吐鲁番地区,54.0
20170124,13,O3_8h,吐鲁番地区,20.0
20170124,13,O3_8h_24h,吐鲁番地区,21.0
20170124,13,CO,吐鲁番地区,1.85
20170124,13,CO_24h,吐鲁番地区,3.2
20170124,14,AQI,吐鲁番地区,104.0
20170124,14,PM2.5,吐鲁番地区,78.0
20170124,14,PM2.5_24h,吐鲁番地区,135.0
20170124,14,PM10,吐鲁番地区,134.0
20170124,14,PM10_24h,吐鲁番地区,173.0
20170124,14,SO2,吐鲁番地区,33.0
20170124,14,SO2_24h,吐鲁番地区,40.0
20170124,14,NO2,吐鲁番地区,31.0
20170124,14,NO2_24h,吐鲁番地区,63.0
20170124,14,O3,吐鲁番地区,50.0
20170124,14,O3_24h,吐鲁番地区,54.0
20170124,14,O3_8h,吐鲁番地区,24.0
20170124,14,O3_8h_24h,吐鲁番地区,24.0
20170124,14,CO,吐鲁番地区,1.65
20170124,14,CO_24h,吐鲁番地区,3.15
20170124,15,AQI,吐鲁番地区,91.0
20170124,15,PM2.5,吐鲁番地区,68.0
20170124,15,PM2.5_24h,吐鲁番地区,130.0
20170124,15,PM10,吐鲁番地区,113.0
20170124,15,PM10_24h,吐鲁番地区,169.0
20170124,15,SO2,吐鲁番地区,22.0
20170124,15,SO2_24h,吐鲁番地区,38.0
20170124,15,NO2,吐鲁番地区,23.0
20170124,15,NO2_24h,吐鲁番地区,62.0
20170124,15,O3,吐鲁番地区,57.0
20170124,15,O3_24h,吐鲁番地区,57.0
20170124,15,O3_8h,吐鲁番地区,29.0
20170124,15,O3_8h_24h,吐鲁番地区,29.0
20170124,15,CO,吐鲁番地区,1.5
20170124,15,CO_24h,吐鲁番地区,3.05
20170124,16,AQI,吐鲁番地区,100.0
20170124,16,PM2.5,吐鲁番地区,75.0
20170124,16,PM2.5_24h,吐鲁番地区,128.0
20170124,16,PM10,吐鲁番地区,98.0
20170124,16,PM10_24h,吐鲁番地区,164.0
20170124,16,SO2,吐鲁番地区,37.0
20170124,16,SO2_24h,吐鲁番地区,38.0
20170124,16,NO2,吐鲁番地区,29.0
20170124,16,NO2_24h,吐鲁番地区,61.0
20170124,16,O3,吐鲁番地区,57.0
20170124,16,O3_24h,吐鲁番地区,57.0
20170124,16,O3_8h,吐鲁番地区,34.0
20170124,16,O3_8h_24h,吐鲁番地区,34.0
20170124,16,CO,吐鲁番地区,1.55
20170124,16,CO_24h,吐鲁番地区,3.0
20170124,17,AQI,吐鲁番地区,106.0
20170124,17,PM2.5,吐鲁番地区,80.0
20170124,17,PM2.5_24h,吐鲁番地区,126.0
20170124,17,PM10,吐鲁番地区,104.0
20170124,17,PM10_24h,吐鲁番地区,162.0
20170124,17,SO2,吐鲁番地区,56.0
20170124,17,SO2_24h,吐鲁番地区,38.0
20170124,17,NO2,吐鲁番地区,37.0
20170124,17,NO2_24h,吐鲁番地区,61.0
20170124,17,O3,吐鲁番地区,54.0
20170124,17,O3_24h,吐鲁番地区,57.0
20170124,17,O3_8h,吐鲁番地区,39.0
20170124,17,O3_8h_24h,吐鲁番地区,39.0
20170124,17,CO,吐鲁番地区,1.65
20170124,17,CO_24h,吐鲁番地区,3.0
20170124,18,AQI,吐鲁番地区,126.0
20170124,18,PM2.5,吐鲁番地区,96.0
20170124,18,PM2.5_24h,吐鲁番地区,125.0
20170124,18,PM10,吐鲁番地区,126.0
20170124,18,PM10_24h,吐鲁番地区,160.0
20170124,18,SO2,吐鲁番地区,68.0
20170124,18,SO2_24h,吐鲁番地区,37.0
20170124,18,NO2,吐鲁番地区,51.0
20170124,18,NO2_24h,吐鲁番地区,61.0
20170124,18,O3,吐鲁番地区,46.0
20170124,18,O3_24h,吐鲁番地区,57.0
20170124,18,O3_8h,吐鲁番地区,43.0
20170124,18,O3_8h_24h,吐鲁番地区,43.0
20170124,18,CO,吐鲁番地区,2.25
20170124,18,CO_24h,吐鲁番地区,3.0
20170124,19,AQI,吐鲁番地区,138.0
20170124,19,PM2.5,吐鲁番地区,105.0
20170124,19,PM2.5_24h,吐鲁番地区,124.0
20170124,19,PM10,吐鲁番地区,165.0
20170124,19,PM10_24h,吐鲁番地区,160.0
20170124,19,SO2,吐鲁番地区,64.0
20170124,19,SO2_24h,吐鲁番地区,38.0
20170124,19,NO2,吐鲁番地区,60.0
20170124,19,NO2_24h,吐鲁番地区,61.0
20170124,19,O3,吐鲁番地区,37.0
20170124,19,O3_24h,吐鲁番地区,57.0
20170124,19,O3_8h,吐鲁番地区,46.0
20170124,19,O3_8h_24h,吐鲁番地区,46.0
20170124,19,CO,吐鲁番地区,2.4
20170124,19,CO_24h,吐鲁番地区,2.95
20170124,20,AQI,吐鲁番地区,199.0
20170124,20,PM2.5,吐鲁番地区,149.0
20170124,20,PM2.5_24h,吐鲁番地区,125.0
20170124,20,PM10,吐鲁番地区,188.0
20170124,20,PM10_24h,吐鲁番地区,161.0
20170124,20,SO2,吐鲁番地区,93.0
20170124,20,SO2_24h,吐鲁番地区,40.0
20170124,20,NO2,吐鲁番地区,97.0
20170124,20,NO2_24h,吐鲁番地区,62.0
20170124,20,O3,吐鲁番地区,16.0
20170124,20,O3_24h,吐鲁番地区,57.0
20170124,20,O3_8h,吐鲁番地区,45.0
20170124,20,O3_8h_24h,吐鲁番地区,46.0
20170124,20,CO,吐鲁番地区,3.35
20170124,20,CO_24h,吐鲁番地区,3.0
20170124,21,AQI,吐鲁番地区,256.0
20170124,21,PM2.5,吐鲁番地区,206.0
20170124,21,PM2.5_24h,吐鲁番地区,126.0
20170124,21,PM10,吐鲁番地区,235.0
20170124,21,PM10_24h,吐鲁番地区,163.0
20170124,21,SO2,吐鲁番地区,76.0
20170124,21,SO2_24h,吐鲁番地区,42.0
20170124,21,NO2,吐鲁番地区,96.0
20170124,21,NO2_24h,吐鲁番地区,63.0
20170124,21,O3,吐鲁番地区,15.0
20170124,21,O3_24h,吐鲁番地区,57.0
20170124,21,O3_8h,吐鲁番地区,41.0
20170124,21,O3_8h_24h,吐鲁番地区,46.0
20170124,21,CO,吐鲁番地区,4.2
20170124,21,CO_24h,吐鲁番地区,3.05
20170124,22,AQI,吐鲁番地区,353.0
20170124,22,PM2.5,吐鲁番地区,303.0
20170124,22,PM2.5_24h,吐鲁番地区,133.0
20170124,22,PM10,吐鲁番地区,319.0
20170124,22,PM10_24h,吐鲁番地区,164.0
20170124,22,SO2,吐鲁番地区,85.0
20170124,22,SO2_24h,吐鲁番地区,44.0
20170124,22,NO2,吐鲁番地区,114.0
20170124,22,NO2_24h,吐鲁番地区,64.0
20170124,22,O3,吐鲁番地区,9.0
20170124,22,O3_24h,吐鲁番地区,57.0
20170124,22,O3_8h,吐鲁番地区,36.0
20170124,22,O3_8h_24h,吐鲁番地区,46.0
20170124,22,CO,吐鲁番地区,7.3
20170124,22,CO_24h,吐鲁番地区,3.2
20170124,23,AQI,吐鲁番地区,185.0
20170124,23,PM2.5,吐鲁番地区,131.0
20170124,23,PM2.5_24h,吐鲁番地区,130.0
20170124,23,PM10,吐鲁番地区,320.0
20170124,23,PM10_24h,吐鲁番地区,169.0
20170124,23,SO2,吐鲁番地区,36.0
20170124,23,SO2_24h,吐鲁番地区,43.0
20170124,23,NO2,吐鲁番地区,64.0
20170124,23,NO2_24h,吐鲁番地区,63.0
20170124,23,O3,吐鲁番地区,10.0
20170124,23,O3_24h,吐鲁番地区,57.0
20170124,23,O3_8h,吐鲁番地区,30.0
20170124,23,O3_8h_24h,吐鲁番地区,46.0
20170124,23,CO,吐鲁番地区,2.95
20170124,23,CO_24h,吐鲁番地区,3.15
20170124,0,AQI,哈密地区,80.0
20170124,0,PM2.5,哈密地区,48.0
20170124,0,PM2.5_24h,哈密地区,36.0
20170124,0,PM10,哈密地区,110.0
20170124,0,PM10_24h,哈密地区,89.0
20170124,0,SO2,哈密地区,28.0
20170124,0,SO2_24h,哈密地区,40.0
20170124,0,NO2,哈密地区,58.0
20170124,0,NO2_24h,哈密地区,54.0
20170124,0,O3,哈密地区,34.0
20170124,0,O3_24h,哈密地区,56.0
20170124,0,O3_8h,哈密地区,31.0
20170124,0,O3_8h_24h,哈密地区,48.0
20170124,0,CO,哈密地区,1.45
20170124,0,CO_24h,哈密地区,1.5
20170124,1,AQI,哈密地区,72.0
20170124,1,PM2.5,哈密地区,40.0
20170124,1,PM2.5_24h,哈密地区,37.0
20170124,1,PM10,哈密地区,93.0
20170124,1,PM10_24h,哈密地区,89.0
20170124,1,SO2,哈密地区,29.0
20170124,1,SO2_24h,哈密地区,41.0
20170124,1,NO2,哈密地区,48.0
20170124,1,NO2_24h,哈密地区,53.0
20170124,1,O3,哈密地区,39.0
20170124,1,O3_24h,哈密地区,56.0
20170124,1,O3_8h,哈密地区,39.0
20170124,1,O3_8h_24h,哈密地区,39.0
20170124,1,CO,哈密地区,1.15
20170124,1,CO_24h,哈密地区,1.5
20170124,2,AQI,哈密地区,64.0
20170124,2,PM2.5,哈密地区,39.0
20170124,2,PM2.5_24h,哈密地区,37.0
20170124,2,PM10,哈密地区,77.0
20170124,2,PM10_24h,哈密地区,89.0
20170124,2,SO2,哈密地区,27.0
20170124,2,SO2_24h,哈密地区,42.0
20170124,2,NO2,哈密地区,65.0
20170124,2,NO2_24h,哈密地区,53.0
20170124,2,O3,哈密地区,19.0
20170124,2,O3_24h,哈密地区,56.0
20170124,2,O3_8h,哈密地区,29.0
20170124,2,O3_8h_24h,哈密地区,39.0
20170124,2,CO,哈密地区,1.45
20170124,2,CO_24h,哈密地区,1.35
20170124,3,AQI,哈密地区,65.0
20170124,3,PM2.5,哈密地区,39.0
20170124,3,PM2.5_24h,哈密地区,37.0
20170124,3,PM10,哈密地区,79.0
20170124,3,PM10_24h,哈密地区,88.0
20170124,3,SO2,哈密地区,19.0
20170124,3,SO2_24h,哈密地区,42.0
20170124,3,NO2,哈密地区,76.0
20170124,3,NO2_24h,哈密地区,53.0
20170124,3,O3,哈密地区,8.0
20170124,3,O3_24h,哈密地区,56.0
20170124,3,O3_8h,哈密地区,22.0
20170124,3,O3_8h_24h,哈密地区,39.0
20170124,3,CO,哈密地区,1.9
20170124,3,CO_24h,哈密地区,1.35
20170124,4,AQI,哈密地区,68.0
20170124,4,PM2.5,哈密地区,38.0
20170124,4,PM2.5_24h,哈密地区,36.0
20170124,4,PM10,哈密地区,85.0
20170124,4,PM10_24h,哈密地区,86.0
20170124,4,SO2,哈密地区,16.0
20170124,4,SO2_24h,哈密地区,43.0
20170124,4,NO2,哈密地区,66.0
20170124,4,NO2_24h,哈密地区,53.0
20170124,4,O3,哈密地区,13.0
20170124,4,O3_24h,哈密地区,56.0
20170124,4,O3_8h,哈密地区,20.0
20170124,4,O3_8h_24h,哈密地区,39.0
20170124,4,CO,哈密地区,1.85
20170124,4,CO_24h,哈密地区,1.35
20170124,5,AQI,哈密地区,65.0
20170124,5,PM2.5,哈密地区,38.0
20170124,5,PM2.5_24h,哈密地区,36.0
20170124,5,PM10,哈密地区,79.0
20170124,5,PM10_24h,哈密地区,86.0
20170124,5,SO2,哈密地区,15.0
20170124,5,SO2_24h,哈密地区,43.0
20170124,5,NO2,哈密地区,56.0
20170124,5,NO2_24h,哈密地区,54.0
20170124,5,O3,哈密地区,20.0
20170124,5,O3_24h,哈密地区,56.0
20170124,5,O3_8h,哈密地区,20.0
20170124,5,O3_8h_24h,哈密地区,39.0
20170124,5,CO,哈密地区,1.9
20170124,5,CO_24h,哈密地区,1.35
20170124,6,AQI,哈密地区,63.0
20170124,6,PM2.5,哈密地区,35.0
20170124,6,PM2.5_24h,哈密地区,36.0
20170124,6,PM10,哈密地区,75.0
20170124,6,PM10_24h,哈密地区,85.0
20170124,6,SO2,哈密地区,14.0
20170124,6,SO2_24h,哈密地区,42.0
20170124,6,NO2,哈密地区,58.0
20170124,6,NO2_24h,哈密地区,55.0
20170124,6,O3,哈密地区,15.0
20170124,6,O3_24h,哈密地区,56.0
20170124,6,O3_8h,哈密地区,19.0
20170124,6,O3_8h_24h,哈密地区,39.0
20170124,6,CO,哈密地区,1.9
20170124,6,CO_24h,哈密地区,1.35
20170124,7,AQI,哈密地区,61.0
20170124,7,PM2.5,哈密地区,38.0
20170124,7,PM2.5_24h,哈密地区,35.0
20170124,7,PM10,哈密地区,72.0
20170124,7,PM10_24h,哈密地区,85.0
20170124,7,SO2,哈密地区,12.0
20170124,7,SO2_24h,哈密地区,41.0
20170124,7,NO2,哈密地区,62.0
20170124,7,NO2_24h,哈密地区,55.0
20170124,7,O3,哈密地区,10.0
20170124,7,O3_24h,哈密地区,56.0
20170124,7,O3_8h,哈密地区,18.0
20170124,7,O3_8h_24h,哈密地区,39.0
20170124,7,CO,哈密地区,2.65
20170124,7,CO_24h,哈密地区,1.4
20170124,8,AQI,哈密地区,64.0
20170124,8,PM2.5,哈密地区,38.0
20170124,8,PM2.5_24h,哈密地区,35.0
20170124,8,PM10,哈密地区,78.0
20170124,8,PM10_24h,哈密地区,85.0
20170124,8,SO2,哈密地区,12.0
20170124,8,SO2_24h,哈密地区,41.0
20170124,8,NO2,哈密地区,67.0
20170124,8,NO2_24h,哈密地区,56.0
20170124,8,O3,哈密地区,9.0
20170124,8,O3_24h,哈密地区,56.0
20170124,8,O3_8h,哈密地区,17.0
20170124,8,O3_8h_24h,哈密地区,39.0
20170124,8,CO,哈密地区,3.0
20170124,8,CO_24h,哈密地区,1.45
20170124,9,AQI,哈密地区,72.0
20170124,9,PM2.5,哈密地区,43.0
20170124,9,PM2.5_24h,哈密地区,36.0
20170124,9,PM10,哈密地区,94.0
20170124,9,PM10_24h,哈密地区,86.0
20170124,9,SO2,哈密地区,11.0
20170124,9,SO2_24h,哈密地区,39.0
20170124,9,NO2,哈密地区,73.0
20170124,9,NO2_24h,哈密地区,57.0
20170124,9,O3,哈密地区,10.0
20170124,9,O3_24h,哈密地区,56.0
20170124,9,O3_8h,哈密地区,13.0
20170124,9,O3_8h_24h,哈密地区,39.0
20170124,9,CO,哈密地区,2.65
20170124,9,CO_24h,哈密地区,1.5
20170124,10,AQI,哈密地区,72.0
20170124,10,PM2.5,哈密地区,41.0
20170124,10,PM2.5_24h,哈密地区,36.0
20170124,10,PM10,哈密地区,94.0
20170124,10,PM10_24h,哈密地区,86.0
20170124,10,SO2,哈密地区,17.0
20170124,10,SO2_24h,哈密地区,38.0
20170124,10,NO2,哈密地区,78.0
20170124,10,NO2_24h,哈密地区,58.0
20170124,10,O3,哈密地区,10.0
20170124,10,O3_24h,哈密地区,56.0
20170124,10,O3_8h,哈密地区,12.0
20170124,10,O3_8h_24h,哈密地区,39.0
20170124,10,CO,哈密地区,2.95
20170124,10,CO_24h,哈密地区,1.55
20170124,11,AQI,哈密地区,86.0
20170124,11,PM2.5,哈密地区,47.0
20170124,11,PM2.5_24h,哈密地区,37.0
20170124,11,PM10,哈密地区,121.0
20170124,11,PM10_24h,哈密地区,87.0
20170124,11,SO2,哈密地区,29.0
20170124,11,SO2_24h,哈密地区,35.0
20170124,11,NO2,哈密地区,65.0
20170124,11,NO2_24h,哈密地区,59.0
20170124,11,O3,哈密地区,33.0
20170124,11,O3_24h,哈密地区,56.0
20170124,11,O3_8h,哈密地区,15.0
20170124,11,O3_8h_24h,哈密地区,39.0
20170124,11,CO,哈密地区,2.25
20170124,11,CO_24h,哈密地区,1.6
20170124,12,AQI,哈密地区,78.0
20170124,12,PM2.5,哈密地区,46.0
20170124,12,PM2.5_24h,哈密地区,37.0
20170124,12,PM10,哈密地区,106.0
20170124,12,PM10_24h,哈密地区,88.0
20170124,12,SO2,哈密地区,24.0
20170124,12,SO2_24h,哈密地区,32.0
20170124,12,NO2,哈密地区,57.0
20170124,12,NO2_24h,哈密地区,60.0
20170124,12,O3,哈密地区,43.0
20170124,12,O3_24h,哈密地区,56.0
20170124,12,O3_8h,哈密地区,19.0
20170124,12,O3_8h_24h,哈密地区,39.0
20170124,12,CO,哈密地区,1.8
20170124,12,CO_24h,哈密地区,1.6
20170124,13,AQI,哈密地区,73.0
20170124,13,PM2.5,哈密地区,46.0
20170124,13,PM2.5_24h,哈密地区,37.0
20170124,13,PM10,哈密地区,95.0
20170124,13,PM10_24h,哈密地区,88.0
20170124,13,SO2,哈密地区,18.0
20170124,13,SO2_24h,哈密地区,29.0
20170124,13,NO2,哈密地区,46.0
20170124,13,NO2_24h,哈密地区,60.0
20170124,13,O3,哈密地区,51.0
20170124,13,O3_24h,哈密地区,56.0
20170124,13,O3_8h,哈密地区,23.0
20170124,13,O3_8h_24h,哈密地区,39.0
20170124,13,CO,哈密地区,1.4
20170124,13,CO_24h,哈密地区,1.6
20170124,14,AQI,哈密地区,62.0
20170124,14,PM2.5,哈密地区,38.0
20170124,14,PM2.5_24h,哈密地区,38.0
20170124,14,PM10,哈密地区,73.0
20170124,14,PM10_24h,哈密地区,88.0
20170124,14,SO2,哈密地区,16.0
20170124,14,SO2_24h,哈密地区,27.0
20170124,14,NO2,哈密地区,40.0
20170124,14,NO2_24h,哈密地区,61.0
20170124,14,O3,哈密地区,54.0
20170124,14,O3_24h,哈密地区,57.0
20170124,14,O3_8h,哈密地区,28.0
20170124,14,O3_8h_24h,哈密地区,39.0
20170124,14,CO,哈密地区,0.95
20170124,14,CO_24h,哈密地区,1.65
20170124,15,AQI,哈密地区,54.0
20170124,15,PM2.5,哈密地区,32.0
20170124,15,PM2.5_24h,哈密地区,38.0
20170124,15,PM10,哈密地区,57.0
20170124,15,PM10_24h,哈密地区,88.0
20170124,15,SO2,哈密地区,17.0
20170124,15,SO2_24h,哈密地区,26.0
20170124,15,NO2,哈密地区,35.0
20170124,15,NO2_24h,哈密地区,61.0
20170124,15,O3,哈密地区,54.0
20170124,15,O3_24h,哈密地区,56.0
20170124,15,O3_8h,哈密地区,33.0
20170124,15,O3_8h_24h,哈密地区,41.0
20170124,15,CO,哈密地区,0.8
20170124,15,CO_24h,哈密地区,1.7
20170124,16,AQI,哈密地区,52.0
20170124,16,PM2.5,哈密地区,30.0
20170124,16,PM2.5_24h,哈密地区,38.0
20170124,16,PM10,哈密地区,53.0
20170124,16,PM10_24h,哈密地区,87.0
20170124,16,SO2,哈密地区,21.0
20170124,16,SO2_24h,哈密地区,24.0
20170124,16,NO2,哈密地区,35.0
20170124,16,NO2_24h,哈密地区,60.0
20170124,16,O3,哈密地区,50.0
20170124,16,O3_24h,哈密地区,56.0
20170124,16,O3_8h,哈密地区,38.0
20170124,16,O3_8h_24h,哈密地区,43.0
20170124,16,CO,哈密地区,0.95
20170124,16,CO_24h,哈密地区,1.7
20170124,17,AQI,哈密地区,62.0
20170124,17,PM2.5,哈密地区,32.0
20170124,17,PM2.5_24h,哈密地区,38.0
20170124,17,PM10,哈密地区,74.0
20170124,17,PM10_24h,哈密地区,87.0
20170124,17,SO2,哈密地区,19.0
20170124,17,SO2_24h,哈密地区,23.0
20170124,17,NO2,哈密地区,35.0
20170124,17,NO2_24h,哈密地区,60.0
20170124,17,O3,哈密地区,47.0
20170124,17,O3_24h,哈密地区,54.0
20170124,17,O3_8h,哈密地区,43.0
20170124,17,O3_8h_24h,哈密地区,45.0
20170124,17,CO,哈密地区,1.2
20170124,17,CO_24h,哈密地区,1.7
20170124,18,AQI,哈密地区,68.0
20170124,18,PM2.5,哈密地区,31.0
20170124,18,PM2.5_24h,哈密地区,38.0
20170124,18,PM10,哈密地区,85.0
20170124,18,PM10_24h,哈密地区,87.0
20170124,18,SO2,哈密地区,13.0
20170124,18,SO2_24h,哈密地区,21.0
20170124,18,NO2,哈密地区,34.0
20170124,18,NO2_24h,哈密地区,59.0
20170124,18,O3,哈密地区,46.0
20170124,18,O3_24h,哈密地区,54.0
20170124,18,O3_8h,哈密地区,48.0
20170124,18,O3_8h_24h,哈密地区,48.0
20170124,18,CO,哈密地区,0.9
20170124,18,CO_24h,哈密地区,1.7
20170124,19,AQI,哈密地区,58.0
20170124,19,PM2.5,哈密地区,28.0
20170124,19,PM2.5_24h,哈密地区,38.0
20170124,19,PM10,哈密地区,65.0
20170124,19,PM10_24h,哈密地区,87.0
20170124,19,SO2,哈密地区,11.0
20170124,19,SO2_24h,哈密地区,20.0
20170124,19,NO2,哈密地区,36.0
20170124,19,NO2_24h,哈密地区,59.0
20170124,19,O3,哈密地区,44.0
20170124,19,O3_24h,哈密地区,54.0
20170124,19,O3_8h,哈密地区,49.0
20170124,19,O3_8h_24h,哈密地区,49.0
20170124,19,CO,哈密地区,0.85
20170124,19,CO_24h,哈密地区,1.7
20170124,20,AQI,哈密地区,56.0
20170124,20,PM2.5,哈密地区,29.0
20170124,20,PM2.5_24h,哈密地区,38.0
20170124,20,PM10,哈密地区,61.0
20170124,20,PM10_24h,哈密地区,86.0
20170124,20,SO2,哈密地区,14.0
20170124,20,SO2_24h,哈密地区,19.0
20170124,20,NO2,哈密地区,49.0
20170124,20,NO2_24h,哈密地区,58.0
20170124,20,O3,哈密地区,26.0
20170124,20,O3_24h,哈密地区,54.0
20170124,20,O3_8h,哈密地区,47.0
20170124,20,O3_8h_24h,哈密地区,49.0
20170124,20,CO,哈密地区,1.05
20170124,20,CO_24h,哈密地区,1.7
20170124,21,AQI,哈密地区,64.0
20170124,21,PM2.5,哈密地区,33.0
20170124,21,PM2.5_24h,哈密地区,38.0
20170124,21,PM10,哈密地区,77.0
20170124,21,PM10_24h,哈密地区,85.0
20170124,21,SO2,哈密地区,23.0
20170124,21,SO2_24h,哈密地区,19.0
20170124,21,NO2,哈密地区,75.0
20170124,21,NO2_24h,哈密地区,57.0
20170124,21,O3,哈密地区,8.0
20170124,21,O3_24h,哈密地区,54.0
20170124,21,O3_8h,哈密地区,41.0
20170124,21,O3_8h_24h,哈密地区,49.0
20170124,21,CO,哈密地区,1.95
20170124,21,CO_24h,哈密地区,1.7
20170124,22,AQI,哈密地区,77.0
20170124,22,PM2.5,哈密地区,42.0
20170124,22,PM2.5_24h,哈密地区,38.0
20170124,22,PM10,哈密地区,103.0
20170124,22,PM10_24h,哈密地区,84.0
20170124,22,SO2,哈密地区,19.0
20170124,22,SO2_24h,哈密地区,19.0
20170124,22,NO2,哈密地区,62.0
20170124,22,NO2_24h,哈密地区,56.0
20170124,22,O3,哈密地区,17.0
20170124,22,O3_24h,哈密地区,54.0
20170124,22,O3_8h,哈密地区,37.0
20170124,22,O3_8h_24h,哈密地区,49.0
20170124,22,CO,哈密地区,1.45
20170124,22,CO_24h,哈密地区,1.7
20170124,23,AQI,哈密地区,65.0
20170124,23,PM2.5,哈密地区,41.0
20170124,23,PM2.5_24h,哈密地区,38.0
20170124,23,PM10,哈密地区,80.0
20170124,23,PM10_24h,哈密地区,82.0
20170124,23,SO2,哈密地区,18.0
20170124,23,SO2_24h,哈密地区,19.0
20170124,23,NO2,哈密地区,61.0
20170124,23,NO2_24h,哈密地区,56.0
20170124,23,O3,哈密地区,14.0
20170124,23,O3_24h,哈密地区,54.0
20170124,23,O3_8h,哈密地区,31.0
20170124,23,O3_8h_24h,哈密地区,49.0
20170124,23,CO,哈密地区,1.95
20170124,23,CO_24h,哈密地区,1.7
20170124,0,AQI,昌吉州,290.0
20170124,0,PM2.5,昌吉州,240.0
20170124,0,PM2.5_24h,昌吉州,228.0
20170124,0,PM10,昌吉州,318.0
20170124,0,PM10_24h,昌吉州,299.0
20170124,0,SO2,昌吉州,67.0
20170124,0,SO2_24h,昌吉州,68.0
20170124,0,NO2,昌吉州,93.0
20170124,0,NO2_24h,昌吉州,76.0
20170124,0,O3,昌吉州,8.0
20170124,0,O3_24h,昌吉州,60.0
20170124,0,O3_8h,昌吉州,28.0
20170124,0,O3_8h_24h,昌吉州,44.0
20170124,0,CO,昌吉州,3.3
20170124,0,CO_24h,昌吉州,3.7
20170124,1,AQI,昌吉州,257.0
20170124,1,PM2.5,昌吉州,207.0
20170124,1,PM2.5_24h,昌吉州,225.0
20170124,1,PM10,昌吉州,286.0
20170124,1,PM10_24h,昌吉州,296.0
20170124,1,SO2,昌吉州,57.0
20170124,1,SO2_24h,昌吉州,67.0
20170124,1,NO2,昌吉州,81.0
20170124,1,NO2_24h,昌吉州,76.0
20170124,1,O3,昌吉州,22.0
20170124,1,O3_24h,昌吉州,60.0
20170124,1,O3_8h,昌吉州,22.0
20170124,1,O3_8h_24h,昌吉州,22.0
20170124,1,CO,昌吉州,2.4
20170124,1,CO_24h,昌吉州,3.65
20170124,2,AQI,昌吉州,221.0
20170124,2,PM2.5,昌吉州,171.0
20170124,2,PM2.5_24h,昌吉州,221.0
20170124,2,PM10,昌吉州,237.0
20170124,2,PM10_24h,昌吉州,291.0
20170124,2,SO2,昌吉州,66.0
20170124,2,SO2_24h,昌吉州,67.0
20170124,2,NO2,昌吉州,110.0
20170124,2,NO2_24h,昌吉州,77.0
20170124,2,O3,昌吉州,7.0
20170124,2,O3_24h,昌吉州,60.0
20170124,2,O3_8h,昌吉州,15.0
20170124,2,O3_8h_24h,昌吉州,22.0
20170124,2,CO,昌吉州,3.45
20170124,2,CO_24h,昌吉州,3.6
20170124,3,AQI,昌吉州,216.0
20170124,3,PM2.5,昌吉州,166.0
20170124,3,PM2.5_24h,昌吉州,218.0
20170124,3,PM10,昌吉州,224.0
20170124,3,PM10_24h,昌吉州,287.0
20170124,3,SO2,昌吉州,67.0
20170124,3,SO2_24h,昌吉州,68.0
20170124,3,NO2,昌吉州,107.0
20170124,3,NO2_24h,昌吉州,78.0
20170124,3,O3,昌吉州,7.0
20170124,3,O3_24h,昌吉州,60.0
20170124,3,O3_8h,昌吉州,12.0
20170124,3,O3_8h_24h,昌吉州,22.0
20170124,3,CO,昌吉州,3.4
20170124,3,CO_24h,昌吉州,3.55
20170124,4,AQI,昌吉州,235.0
20170124,4,PM2.5,昌吉州,185.0
20170124,4,PM2.5_24h,昌吉州,215.0
20170124,4,PM10,昌吉州,243.0
20170124,4,PM10_24h,昌吉州,283.0
20170124,4,SO2,昌吉州,65.0
20170124,4,SO2_24h,昌吉州,68.0
20170124,4,NO2,昌吉州,99.0
20170124,4,NO2_24h,昌吉州,78.0
20170124,4,O3,昌吉州,9.0
20170124,4,O3_24h,昌吉州,60.0
20170124,4,O3_8h,昌吉州,11.0
20170124,4,O3_8h_24h,昌吉州,22.0
20170124,4,CO,昌吉州,3.2
20170124,4,CO_24h,昌吉州,3.5
20170124,5,AQI,昌吉州,258.0
20170124,5,PM2.5,昌吉州,208.0
20170124,5,PM2.5_24h,昌吉州,213.0
20170124,5,PM10,昌吉州,272.0
20170124,5,PM10_24h,昌吉州,281.0
20170124,5,SO2,昌吉州,73.0
20170124,5,SO2_24h,昌吉州,68.0
20170124,5,NO2,昌吉州,101.0
20170124,5,NO2_24h,昌吉州,79.0
20170124,5,O3,昌吉州,8.0
20170124,5,O3_24h,昌吉州,60.0
20170124,5,O3_8h,昌吉州,11.0
20170124,5,O3_8h_24h,昌吉州,22.0
20170124,5,CO,昌吉州,3.35
20170124,5,CO_24h,昌吉州,3.4
20170124,6,AQI,昌吉州,263.0
20170124,6,PM2.5,昌吉州,213.0
20170124,6,PM2.5_24h,昌吉州,210.0
20170124,6,PM10,昌吉州,280.0
20170124,6,PM10_24h,昌吉州,277.0
20170124,6,SO2,昌吉州,82.0
20170124,6,SO2_24h,昌吉州,69.0
20170124,6,NO2,昌吉州,90.0
20170124,6,NO2_24h,昌吉州,79.0
20170124,6,O3,昌吉州,9.0
20170124,6,O3_24h,昌吉州,60.0
20170124,6,O3_8h,昌吉州,10.0
20170124,6,O3_8h_24h,昌吉州,22.0
20170124,6,CO,昌吉州,3.3
20170124,6,CO_24h,昌吉州,3.3
20170124,7,AQI,昌吉州,275.0
20170124,7,PM2.5,昌吉州,225.0
20170124,7,PM2.5_24h,昌吉州,210.0
20170124,7,PM10,昌吉州,289.0
20170124,7,PM10_24h,昌吉州,274.0
20170124,7,SO2,昌吉州,82.0
20170124,7,SO2_24h,昌吉州,71.0
20170124,7,NO2,昌吉州,89.0
20170124,7,NO2_24h,昌吉州,79.0
20170124,7,O3,昌吉州,9.0
20170124,7,O3_24h,昌吉州,60.0
20170124,7,O3_8h,昌吉州,10.0
20170124,7,O3_8h_24h,昌吉州,22.0
20170124,7,CO,昌吉州,3.1
20170124,7,CO_24h,昌吉州,3.3
20170124,8,AQI,昌吉州,292.0
20170124,8,PM2.5,昌吉州,242.0
20170124,8,PM2.5_24h,昌吉州,210.0
20170124,8,PM10,昌吉州,308.0
20170124,8,PM10_24h,昌吉州,274.0
20170124,8,SO2,昌吉州,73.0
20170124,8,SO2_24h,昌吉州,71.0
20170124,8,NO2,昌吉州,95.0
20170124,8,NO2_24h,昌吉州,80.0
20170124,8,O3,昌吉州,7.0
20170124,8,O3_24h,昌吉州,60.0
20170124,8,O3_8h,昌吉州,10.0
20170124,8,O3_8h_24h,昌吉州,22.0
20170124,8,CO,昌吉州,3.15
20170124,8,CO_24h,昌吉州,3.25
20170124,9,AQI,昌吉州,301.0
20170124,9,PM2.5,昌吉州,251.0
20170124,9,PM2.5_24h,昌吉州,210.0
20170124,9,PM10,昌吉州,323.0
20170124,9,PM10_24h,昌吉州,275.0
20170124,9,SO2,昌吉州,72.0
20170124,9,SO2_24h,昌吉州,72.0
20170124,9,NO2,昌吉州,104.0
20170124,9,NO2_24h,昌吉州,81.0
20170124,9,O3,昌吉州,6.0
20170124,9,O3_24h,昌吉州,60.0
20170124,9,O3_8h,昌吉州,8.0
20170124,9,O3_8h_24h,昌吉州,22.0
20170124,9,CO,昌吉州,3.05
20170124,9,CO_24h,昌吉州,3.15
20170124,10,AQI,昌吉州,297.0
20170124,10,PM2.5,昌吉州,247.0
20170124,10,PM2.5_24h,昌吉州,211.0
20170124,10,PM10,昌吉州,316.0
20170124,10,PM10_24h,昌吉州,276.0
20170124,10,SO2,昌吉州,76.0
20170124,10,SO2_24h,昌吉州,74.0
20170124,10,NO2,昌吉州,106.0
20170124,10,NO2_24h,昌吉州,81.0
20170124,10,O3,昌吉州,6.0
20170124,10,O3_24h,昌吉州,60.0
20170124,10,O3_8h,昌吉州,8.0
20170124,10,O3_8h_24h,昌吉州,22.0
20170124,10,CO,昌吉州,3.1
20170124,10,CO_24h,昌吉州,3.15
20170124,11,AQI,昌吉州,284.0
20170124,11,PM2.5,昌吉州,234.0
20170124,11,PM2.5_24h,昌吉州,212.0
20170124,11,PM10,昌吉州,303.0
20170124,11,PM10_24h,昌吉州,278.0
20170124,11,SO2,昌吉州,72.0
20170124,11,SO2_24h,昌吉州,74.0
20170124,11,NO2,昌吉州,102.0
20170124,11,NO2_24h,昌吉州,83.0
20170124,11,O3,昌吉州,8.0
20170124,11,O3_24h,昌吉州,60.0
20170124,11,O3_8h,昌吉州,8.0
20170124,11,O3_8h_24h,昌吉州,22.0
20170124,11,CO,昌吉州,2.95
20170124,11,CO_24h,昌吉州,3.1
20170124,12,AQI,昌吉州,255.0
20170124,12,PM2.5,昌吉州,205.0
20170124,12,PM2.5_24h,昌吉州,212.0
20170124,12,PM10,昌吉州,273.0
20170124,12,PM10_24h,昌吉州,278.0
20170124,12,SO2,昌吉州,69.0
20170124,12,SO2_24h,昌吉州,73.0
20170124,12,NO2,昌吉州,105.0
20170124,12,NO2_24h,昌吉州,84.0
20170124,12,O3,昌吉州,12.0
20170124,12,O3_24h,昌吉州,60.0
20170124,12,O3_8h,昌吉州,8.0
20170124,12,O3_8h_24h,昌吉州,22.0
20170124,12,CO,昌吉州,3.0
20170124,12,CO_24h,昌吉州,3.1
20170124,13,AQI,昌吉州,228.0
20170124,13,PM2.5,昌吉州,178.0
20170124,13,PM2.5_24h,昌吉州,211.0
20170124,13,PM10,昌吉州,240.0
20170124,13,PM10_24h,昌吉州,277.0
20170124,13,SO2,昌吉州,84.0
20170124,13,SO2_24h,昌吉州,74.0
20170124,13,NO2,昌吉州,96.0
20170124,13,NO2_24h,昌吉州,85.0
20170124,13,O3,昌吉州,17.0
20170124,13,O3_24h,昌吉州,60.0
20170124,13,O3_8h,昌吉州,9.0
20170124,13,O3_8h_24h,昌吉州,22.0
20170124,13,CO,昌吉州,2.65
20170124,13,CO_24h,昌吉州,3.0
20170124,14,AQI,昌吉州,189.0
20170124,14,PM2.5,昌吉州,142.0
20170124,14,PM2.5_24h,昌吉州,208.0
20170124,14,PM10,昌吉州,203.0
20170124,14,PM10_24h,昌吉州,273.0
20170124,14,SO2,昌吉州,99.0
20170124,14,SO2_24h,昌吉州,74.0
20170124,14,NO2,昌吉州,106.0
20170124,14,NO2_24h,昌吉州,87.0
20170124,14,O3,昌吉州,15.0
20170124,14,O3_24h,昌吉州,60.0
20170124,14,O3_8h,昌吉州,10.0
20170124,14,O3_8h_24h,昌吉州,22.0
20170124,14,CO,昌吉州,3.25
20170124,14,CO_24h,昌吉州,3.0
20170124,15,AQI,昌吉州,160.0
20170124,15,PM2.5,昌吉州,122.0
20170124,15,PM2.5_24h,昌吉州,204.0
20170124,15,PM10,昌吉州,177.0
20170124,15,PM10_24h,昌吉州,269.0
20170124,15,SO2,昌吉州,65.0
20170124,15,SO2_24h,昌吉州,73.0
20170124,15,NO2,昌吉州,114.0
20170124,15,NO2_24h,昌吉州,90.0
20170124,15,O3,昌吉州,14.0
20170124,15,O3_24h,昌吉州,59.0
20170124,15,O3_8h,昌吉州,11.0
20170124,15,O3_8h_24h,昌吉州,22.0
20170124,15,CO,昌吉州,4.3
20170124,15,CO_24h,昌吉州,3.1
20170124,16,AQI,昌吉州,200.0
20170124,16,PM2.5,昌吉州,150.0
20170124,16,PM2.5_24h,昌吉州,201.0
20170124,16,PM10,昌吉州,215.0
20170124,16,PM10_24h,昌吉州,267.0
20170124,16,SO2,昌吉州,42.0
20170124,16,SO2_24h,昌吉州,72.0
20170124,16,NO2,昌吉州,94.0
20170124,16,NO2_24h,昌吉州,91.0
20170124,16,O3,昌吉州,21.0
20170124,16,O3_24h,昌吉州,59.0
20170124,16,O3_8h,昌吉州,12.0
20170124,16,O3_8h_24h,昌吉州,22.0
20170124,16,CO,昌吉州,4.6
20170124,16,CO_24h,昌吉州,3.2
20170124,17,AQI,昌吉州,287.0
20170124,17,PM2.5,昌吉州,237.0
20170124,17,PM2.5_24h,昌吉州,204.0
20170124,17,PM10,昌吉州,308.0
20170124,17,PM10_24h,昌吉州,270.0
20170124,17,SO2,昌吉州,52.0
20170124,17,SO2_24h,昌吉州,71.0
20170124,17,NO2,昌吉州,73.0
20170124,17,NO2_24h,昌吉州,92.0
20170124,17,O3,昌吉州,34.0
20170124,17,O3_24h,昌吉州,57.0
20170124,17,O3_8h,昌吉州,16.0
20170124,17,O3_8h_24h,昌吉州,22.0
20170124,17,CO,昌吉州,2.9
20170124,17,CO_24h,昌吉州,3.2
20170124,18,AQI,昌吉州,339.0
20170124,18,PM2.5,昌吉州,289.0
20170124,18,PM2.5_24h,昌吉州,209.0
20170124,18,PM10,昌吉州,369.0
20170124,18,PM10_24h,昌吉州,276.0
20170124,18,SO2,昌吉州,49.0
20170124,18,SO2_24h,昌吉州,70.0
20170124,18,NO2,昌吉州,67.0
20170124,18,NO2_24h,昌吉州,92.0
20170124,18,O3,昌吉州,39.0
20170124,18,O3_24h,昌吉州,55.0
20170124,18,O3_8h,昌吉州,20.0
20170124,18,O3_8h_24h,昌吉州,23.0
20170124,18,CO,昌吉州,2.35
20170124,18,CO_24h,昌吉州,3.2
20170124,19,AQI,昌吉州,336.0
20170124,19,PM2.5,昌吉州,286.0
20170124,19,PM2.5_24h,昌吉州,213.0
20170124,19,PM10,昌吉州,362.0
20170124,19,PM10_24h,昌吉州,281.0
20170124,19,SO2,昌吉州,46.0
20170124,19,SO2_24h,昌吉州,70.0
20170124,19,NO2,昌吉州,80.0
20170124,19,NO2_24h,昌吉州,94.0
20170124,19,O3,昌吉州,29.0
20170124,19,O3_24h,昌吉州,39.0
20170124,19,O3_8h,昌吉州,23.0
20170124,19,O3_8h_24h,昌吉州,24.0
20170124,19,CO,昌吉州,2.45
20170124,19,CO_24h,昌吉州,3.15
20170124,20,AQI,昌吉州,290.0
20170124,20,PM2.5,昌吉州,240.0
20170124,20,PM2.5_24h,昌吉州,213.0
20170124,20,PM10,昌吉州,311.0
20170124,20,PM10_24h,昌吉州,282.0
20170124,20,SO2,昌吉州,34.0
20170124,20,SO2_24h,昌吉州,68.0
20170124,20,NO2,昌吉州,75.0
20170124,20,NO2_24h,昌吉州,94.0
20170124,20,O3,昌吉州,29.0
20170124,20,O3_24h,昌吉州,39.0
20170124,20,O3_8h,昌吉州,25.0
20170124,20,O3_8h_24h,昌吉州,25.0
20170124,20,CO,昌吉州,2.25
20170124,20,CO_24h,昌吉州,3.15
20170124,21,AQI,昌吉州,277.0
20170124,21,PM2.5,昌吉州,227.0
20170124,21,PM2.5_24h,昌吉州,213.0
20170124,21,PM10,昌吉州,297.0
20170124,21,PM10_24h,昌吉州,282.0
20170124,21,SO2,昌吉州,41.0
20170124,21,SO2_24h,昌吉州,66.0
20170124,21,NO2,昌吉州,93.0
20170124,21,NO2_24h,昌吉州,94.0
20170124,21,O3,昌吉州,21.0
20170124,21,O3_24h,昌吉州,39.0
20170124,21,O3_8h,昌吉州,25.0
20170124,21,O3_8h_24h,昌吉州,25.0
20170124,21,CO,昌吉州,2.3
20170124,21,CO_24h,昌吉州,3.15
20170124,22,AQI,昌吉州,276.0
20170124,22,PM2.5,昌吉州,226.0
20170124,22,PM2.5_24h,昌吉州,214.0
20170124,22,PM10,昌吉州,296.0
20170124,22,PM10_24h,昌吉州,282.0
20170124,22,SO2,昌吉州,57.0
20170124,22,SO2_24h,昌吉州,65.0
20170124,22,NO2,昌吉州,69.0
20170124,22,NO2_24h,昌吉州,93.0
20170124,22,O3,昌吉州,43.0
20170124,22,O3_24h,昌吉州,43.0
20170124,22,O3_8h,昌吉州,29.0
20170124,22,O3_8h_24h,昌吉州,29.0
20170124,22,CO,昌吉州,1.85
20170124,22,CO_24h,昌吉州,3.05
20170124,23,AQI,昌吉州,253.0
20170124,23,PM2.5,昌吉州,203.0
20170124,23,PM2.5_24h,昌吉州,212.0
20170124,23,PM10,昌吉州,271.0
20170124,23,PM10_24h,昌吉州,280.0
20170124,23,SO2,昌吉州,52.0
20170124,23,SO2_24h,昌吉州,64.0
20170124,23,NO2,昌吉州,59.0
20170124,23,NO2_24h,昌吉州,92.0
20170124,23,O3,昌吉州,47.0
20170124,23,O3_24h,昌吉州,49.0
20170124,23,O3_8h,昌吉州,33.0
20170124,23,O3_8h_24h,昌吉州,33.0
20170124,23,CO,昌吉州,1.7
20170124,23,CO_24h,昌吉州,2.95
20170124,0,AQI,博州,144.0
20170124,0,PM2.5,博州,110.0
20170124,0,PM2.5_24h,博州,103.0
20170124,0,PM10,博州,199.0
20170124,0,PM10_24h,博州,176.0
20170124,0,SO2,博州,64.0
20170124,0,SO2_24h,博州,53.0
20170124,0,NO2,博州,88.0
20170124,0,NO2_24h,博州,52.0
20170124,0,O3,博州,12.0
20170124,0,O3_24h,博州,83.0
20170124,0,O3_8h,博州,45.0
20170124,0,O3_8h_24h,博州,59.0
20170124,0,CO,博州,3.9
20170124,0,CO_24h,博州,2.9
20170124,1,AQI,博州,146.0
20170124,1,PM2.5,博州,112.0
20170124,1,PM2.5_24h,博州,103.0
20170124,1,PM10,博州,202.0
20170124,1,PM10_24h,博州,176.0
20170124,1,SO2,博州,57.0
20170124,1,SO2_24h,博州,53.0
20170124,1,NO2,博州,96.0
20170124,1,NO2_24h,博州,53.0
20170124,1,O3,博州,7.0
20170124,1,O3_24h,博州,83.0
20170124,1,O3_8h,博州,7.0
20170124,1,O3_8h_24h,博州,7.0
20170124,1,CO,博州,4.7
20170124,1,CO_24h,博州,2.9
20170124,2,AQI,博州,169.0
20170124,2,PM2.5,博州,128.0
20170124,2,PM2.5_24h,博州,103.0
20170124,2,PM10,博州,217.0
20170124,2,PM10_24h,博州,176.0
20170124,2,SO2,博州,57.0
20170124,2,SO2_24h,博州,54.0
20170124,2,NO2,博州,67.0
20170124,2,NO2_24h,博州,52.0
20170124,2,O3,博州,28.0
20170124,2,O3_24h,博州,83.0
20170124,2,O3_8h,博州,18.0
20170124,2,O3_8h_24h,博州,18.0
20170124,2,CO,博州,2.9
20170124,2,CO_24h,博州,2.9
20170124,3,AQI,博州,163.0
20170124,3,PM2.5,博州,124.0
20170124,3,PM2.5_24h,博州,103.0
20170124,3,PM10,博州,209.0
20170124,3,PM10_24h,博州,177.0
20170124,3,SO2,博州,52.0
20170124,3,SO2_24h,博州,53.0
20170124,3,NO2,博州,52.0
20170124,3,NO2_24h,博州,52.0
20170124,3,O3,博州,37.0
20170124,3,O3_24h,博州,83.0
20170124,3,O3_8h,博州,24.0
20170124,3,O3_8h_24h,博州,24.0
20170124,3,CO,博州,2.9
20170124,3,CO_24h,博州,2.9
20170124,4,AQI,博州,145.0
20170124,4,PM2.5,博州,111.0
20170124,4,PM2.5_24h,博州,103.0
20170124,4,PM10,博州,183.0
20170124,4,PM10_24h,博州,177.0
20170124,4,SO2,博州,44.0
20170124,4,SO2_24h,博州,53.0
20170124,4,NO2,博州,40.0
20170124,4,NO2_24h,博州,52.0
20170124,4,O3,博州,50.0
20170124,4,O3_24h,博州,83.0
20170124,4,O3_8h,博州,30.0
20170124,4,O3_8h_24h,博州,30.0
20170124,4,CO,博州,2.6
20170124,4,CO_24h,博州,2.8
20170124,9,AQI,博州,96.0
20170124,9,PM2.5,博州,72.0
20170124,9,PM2.5_24h,博州,105.0
20170124,9,PM10,博州,113.0
20170124,9,PM10_24h,博州,180.0
20170124,9,SO2,博州,24.0
20170124,9,SO2_24h,博州,58.0
20170124,9,NO2,博州,26.0
20170124,9,NO2_24h,博州,55.0
20170124,9,O3,博州,51.0
20170124,9,O3_24h,博州,83.0
20170124,9,O3_8h,博州,42.0
20170124,9,O3_8h_24h,博州,42.0
20170124,9,CO,博州,2.0
20170124,9,CO_24h,博州,2.8
20170124,10,AQI,博州,91.0
20170124,10,PM2.5,博州,68.0
20170124,10,PM2.5_24h,博州,103.0
20170124,10,PM10,博州,112.0
20170124,10,PM10_24h,博州,177.0
20170124,10,SO2,博州,26.0
20170124,10,SO2_24h,博州,57.0
20170124,10,NO2,博州,28.0
20170124,10,NO2_24h,博州,54.0
20170124,10,O3,博州,48.0
20170124,10,O3_24h,博州,83.0
20170124,10,O3_8h,博州,46.0
20170124,10,O3_8h_24h,博州,46.0
20170124,10,CO,博州,1.8
20170124,10,CO_24h,博州,2.8
20170124,11,AQI,博州,109.0
20170124,11,PM2.5,博州,82.0
20170124,11,PM2.5_24h,博州,102.0
20170124,11,PM10,博州,136.0
20170124,11,PM10_24h,博州,175.0
20170124,11,SO2,博州,27.0
20170124,11,SO2_24h,博州,57.0
20170124,11,NO2,博州,35.0
20170124,11,NO2_24h,博州,52.0
20170124,11,O3,博州,46.0
20170124,11,O3_24h,博州,83.0
20170124,11,O3_8h,博州,49.0
20170124,11,O3_8h_24h,博州,49.0
20170124,11,CO,博州,2.3
20170124,11,CO_24h,博州,2.7
20170124,12,AQI,博州,116.0
20170124,12,PM2.5,博州,88.0
20170124,12,PM2.5_24h,博州,102.0
20170124,12,PM10,博州,160.0
20170124,12,PM10_24h,博州,174.0
20170124,12,SO2,博州,39.0
20170124,12,SO2_24h,博州,56.0
20170124,12,NO2,博州,53.0
20170124,12,NO2_24h,博州,52.0
20170124,12,O3,博州,36.0
20170124,12,O3_24h,博州,83.0
20170124,12,O3_8h,博州,45.0
20170124,12,O3_8h_24h,博州,49.0
20170124,12,CO,博州,3.1
20170124,12,CO_24h,博州,2.7
20170124,13,AQI,博州,139.0
20170124,13,PM2.5,博州,106.0
20170124,13,PM2.5_24h,博州,102.0
20170124,13,PM10,博州,179.0
20170124,13,PM10_24h,博州,174.0
20170124,13,SO2,博州,58.0
20170124,13,SO2_24h,博州,54.0
20170124,13,NO2,博州,68.0
20170124,13,NO2_24h,博州,53.0
20170124,13,O3,博州,22.0
20170124,13,O3_24h,博州,83.0
20170124,13,O3_8h,博州,41.0
20170124,13,O3_8h_24h,博州,49.0
20170124,13,CO,博州,3.2
20170124,13,CO_24h,博州,2.7
20170124,14,AQI,博州,153.0
20170124,14,PM2.5,博州,117.0
20170124,14,PM2.5_24h,博州,101.0
20170124,14,PM10,博州,187.0
20170124,14,PM10_24h,博州,173.0
20170124,14,SO2,博州,64.0
20170124,14,SO2_24h,博州,51.0
20170124,14,NO2,博州,54.0
20170124,14,NO2_24h,博州,53.0
20170124,14,O3,博州,45.0
20170124,14,O3_24h,博州,83.0
20170124,14,O3_8h,博州,41.0
20170124,14,O3_8h_24h,博州,49.0
20170124,14,CO,博州,2.0
20170124,14,CO_24h,博州,2.7
20170124,15,AQI,博州,144.0
20170124,15,PM2.5,博州,110.0
20170124,15,PM2.5_24h,博州,101.0
20170124,15,PM10,博州,180.0
20170124,15,PM10_24h,博州,173.0
20170124,15,SO2,博州,61.0
20170124,15,SO2_24h,博州,50.0
20170124,15,NO2,博州,42.0
20170124,15,NO2_24h,博州,53.0
20170124,15,O3,博州,54.0
20170124,15,O3_24h,博州,83.0
20170124,15,O3_8h,博州,43.0
20170124,15,O3_8h_24h,博州,49.0
20170124,15,CO,博州,1.3
20170124,15,CO_24h,博州,2.6
20170124,16,AQI,博州,115.0
20170124,16,PM2.5,博州,87.0
20170124,16,PM2.5_24h,博州,100.0
20170124,16,PM10,博州,153.0
20170124,16,PM10_24h,博州,171.0
20170124,16,SO2,博州,55.0
20170124,16,SO2_24h,博州,50.0
20170124,16,NO2,博州,35.0
20170124,16,NO2_24h,博州,54.0
20170124,16,O3,博州,61.0
20170124,16,O3_24h,博州,83.0
20170124,16,O3_8h,博州,45.0
20170124,16,O3_8h_24h,博州,49.0
20170124,16,CO,博州,1.0
20170124,16,CO_24h,博州,2.6
20170124,17,AQI,博州,85.0
20170124,17,PM2.5,博州,63.0
20170124,17,PM2.5_24h,博州,98.0
20170124,17,PM10,博州,120.0
20170124,17,PM10_24h,博州,169.0
20170124,17,SO2,博州,64.0
20170124,17,SO2_24h,博州,51.0
20170124,17,NO2,博州,36.0
20170124,17,NO2_24h,博州,54.0
20170124,17,O3,博州,57.0
20170124,17,O3_24h,博州,73.0
20170124,17,O3_8h,博州,46.0
20170124,17,O3_8h_24h,博州,49.0
20170124,17,CO,博州,1.0
20170124,17,CO_24h,博州,2.5
20170124,18,AQI,博州,81.0
20170124,18,PM2.5,博州,60.0
20170124,18,PM2.5_24h,博州,96.0
20170124,18,PM10,博州,100.0
20170124,18,PM10_24h,博州,166.0
20170124,18,SO2,博州,52.0
20170124,18,SO2_24h,博州,52.0
20170124,18,NO2,博州,39.0
20170124,18,NO2_24h,博州,54.0
20170124,18,O3,博州,55.0
20170124,18,O3_24h,博州,61.0
20170124,18,O3_8h,博州,47.0
20170124,18,O3_8h_24h,博州,49.0
20170124,18,CO,博州,1.4
20170124,18,CO_24h,博州,2.5
20170124,19,AQI,博州,76.0
20170124,19,PM2.5,博州,56.0
20170124,19,PM2.5_24h,博州,95.0
20170124,19,PM10,博州,93.0
20170124,19,PM10_24h,博州,163.0
20170124,19,SO2,博州,38.0
20170124,19,SO2_24h,博州,50.0
20170124,19,NO2,博州,31.0
20170124,19,NO2_24h,博州,52.0
20170124,19,O3,博州,64.0
20170124,19,O3_24h,博州,64.0
20170124,19,O3_8h,博州,49.0
20170124,19,O3_8h_24h,博州,49.0
20170124,19,CO,博州,0.8
20170124,19,CO_24h,博州,2.4
20170124,20,AQI,博州,74.0
20170124,20,PM2.5,博州,54.0
20170124,20,PM2.5_24h,博州,93.0
20170124,20,PM10,博州,89.0
20170124,20,PM10_24h,博州,160.0
20170124,20,SO2,博州,25.0
20170124,20,SO2_24h,博州,47.0
20170124,20,NO2,博州,37.0
20170124,20,NO2_24h,博州,50.0
20170124,20,O3,博州,58.0
20170124,20,O3_24h,博州,64.0
20170124,20,O3_8h,博州,52.0
20170124,20,O3_8h_24h,博州,52.0
20170124,20,CO,博州,1.4
20170124,20,CO_24h,博州,2.3
20170124,21,AQI,博州,86.0
20170124,21,PM2.5,博州,64.0
20170124,21,PM2.5_24h,博州,91.0
20170124,21,PM10,博州,104.0
20170124,21,PM10_24h,博州,156.0
20170124,21,SO2,博州,24.0
20170124,21,SO2_24h,博州,46.0
20170124,21,NO2,博州,47.0
20170124,21,NO2_24h,博州,50.0
20170124,21,O3,博州,48.0
20170124,21,O3_24h,博州,64.0
20170124,21,O3_8h,博州,55.0
20170124,21,O3_8h_24h,博州,55.0
20170124,21,CO,博州,1.6
20170124,21,CO_24h,博州,2.3
20170124,22,AQI,博州,100.0
20170124,22,PM2.5,博州,75.0
20170124,22,PM2.5_24h,博州,90.0
20170124,22,PM10,博州,120.0
20170124,22,PM10_24h,博州,153.0
20170124,22,SO2,博州,44.0
20170124,22,SO2_24h,博州,46.0
20170124,22,NO2,博州,80.0
20170124,22,NO2_24h,博州,51.0
20170124,22,O3,博州,15.0
20170124,22,O3_24h,博州,64.0
20170124,22,O3_8h,博州,52.0
20170124,22,O3_8h_24h,博州,55.0
20170124,22,CO,博州,1.7
20170124,22,CO_24h,博州,2.2
20170124,23,AQI,博州,118.0
20170124,23,PM2.5,博州,89.0
20170124,23,PM2.5_24h,博州,89.0
20170124,23,PM10,博州,145.0
20170124,23,PM10_24h,博州,150.0
20170124,23,SO2,博州,49.0
20170124,23,SO2_24h,博州,46.0
20170124,23,NO2,博州,101.0
20170124,23,NO2_24h,博州,53.0
20170124,23,O3,博州,6.0
20170124,23,O3_24h,博州,64.0
20170124,23,O3_8h,博州,46.0
20170124,23,O3_8h_24h,博州,55.0
20170124,23,CO,博州,4.8
20170124,23,CO_24h,博州,2.3
20170124,0,AQI,阿克苏地区,136.0
20170124,0,PM2.5,阿克苏地区,104.0
20170124,0,PM2.5_24h,阿克苏地区,117.0
20170124,0,PM10,阿克苏地区,151.0
20170124,0,PM10_24h,阿克苏地区,164.0
20170124,0,SO2,阿克苏地区,44.0
20170124,0,SO2_24h,阿克苏地区,27.0
20170124,0,NO2,阿克苏地区,82.0
20170124,0,NO2_24h,阿克苏地区,51.0
20170124,0,O3,阿克苏地区,27.0
20170124,0,O3_24h,阿克苏地区,80.0
20170124,0,O3_8h,阿克苏地区,54.0
20170124,0,O3_8h_24h,阿克苏地区,61.0
20170124,0,CO,阿克苏地区,2.6
20170124,0,CO_24h,阿克苏地区,2.4
20170124,1,AQI,阿克苏地区,186.0
20170124,1,PM2.5,阿克苏地区,140.0
20170124,1,PM2.5_24h,阿克苏地区,119.0
20170124,1,PM10,阿克苏地区,199.0
20170124,1,PM10_24h,阿克苏地区,167.0
20170124,1,SO2,阿克苏地区,46.0
20170124,1,SO2_24h,阿克苏地区,27.0
20170124,1,NO2,阿克苏地区,74.0
20170124,1,NO2_24h,阿克苏地区,51.0
20170124,1,O3,阿克苏地区,34.0
20170124,1,O3_24h,阿克苏地区,80.0
20170124,1,O3_8h,阿克苏地区,34.0
20170124,1,O3_8h_24h,阿克苏地区,34.0
20170124,1,CO,阿克苏地区,4.05
20170124,1,CO_24h,阿克苏地区,2.45
20170124,2,AQI,阿克苏地区,225.0
20170124,2,PM2.5,阿克苏地区,175.0
20170124,2,PM2.5_24h,阿克苏地区,120.0
20170124,2,PM10,阿克苏地区,206.0
20170124,2,PM10_24h,阿克苏地区,167.0
20170124,2,SO2,阿克苏地区,40.0
20170124,2,SO2_24h,阿克苏地区,28.0
20170124,2,NO2,阿克苏地区,79.0
20170124,2,NO2_24h,阿克苏地区,51.0
20170124,2,O3,阿克苏地区,27.0
20170124,2,O3_24h,阿克苏地区,80.0
20170124,2,O3_8h,阿克苏地区,31.0
20170124,2,O3_8h_24h,阿克苏地区,35.0
20170124,2,CO,阿克苏地区,4.8
20170124,2,CO_24h,阿克苏地区,2.45
20170124,3,AQI,阿克苏地区,236.0
20170124,3,PM2.5,阿克苏地区,186.0
20170124,3,PM2.5_24h,阿克苏地区,118.0
20170124,3,PM10,阿克苏地区,222.0
20170124,3,PM10_24h,阿克苏地区,163.0
20170124,3,SO2,阿克苏地区,31.0
20170124,3,SO2_24h,阿克苏地区,27.0
20170124,3,NO2,阿克苏地区,52.0
20170124,3,NO2_24h,阿克苏地区,50.0
20170124,3,O3,阿克苏地区,38.0
20170124,3,O3_24h,阿克苏地区,80.0
20170124,3,O3_8h,阿克苏地区,33.0
20170124,3,O3_8h_24h,阿克苏地区,35.0
20170124,3,CO,阿克苏地区,2.45
20170124,3,CO_24h,阿克苏地区,2.25
20170124,4,AQI,阿克苏地区,141.0
20170124,4,PM2.5,阿克苏地区,108.0
20170124,4,PM2.5_24h,阿克苏地区,109.0
20170124,4,PM10,阿克苏地区,126.0
20170124,4,PM10_24h,阿克苏地区,151.0
20170124,4,SO2,阿克苏地区,27.0
20170124,4,SO2_24h,阿克苏地区,28.0
20170124,4,NO2,阿克苏地区,62.0
20170124,4,NO2_24h,阿克苏地区,49.0
20170124,4,O3,阿克苏地区,25.0
20170124,4,O3_24h,阿克苏地区,80.0
20170124,4,O3_8h,阿克苏地区,31.0
20170124,4,O3_8h_24h,阿克苏地区,35.0
20170124,4,CO,阿克苏地区,4.05
20170124,4,CO_24h,阿克苏地区,2.15
20170124,5,AQI,阿克苏地区,167.0
20170124,5,PM2.5,阿克苏地区,127.0
20170124,5,PM2.5_24h,阿克苏地区,103.0
20170124,5,PM10,阿克苏地区,157.0
20170124,5,PM10_24h,阿克苏地区,145.0
20170124,5,SO2,阿克苏地区,24.0
20170124,5,SO2_24h,阿克苏地区,28.0
20170124,5,NO2,阿克苏地区,58.0
20170124,5,NO2_24h,阿克苏地区,49.0
20170124,5,O3,阿克苏地区,28.0
20170124,5,O3_24h,阿克苏地区,80.0
20170124,5,O3_8h,阿克苏地区,30.0
20170124,5,O3_8h_24h,阿克苏地区,35.0
20170124,5,CO,阿克苏地区,4.9
20170124,5,CO_24h,阿克苏地区,2.3
20170124,6,AQI,阿克苏地区,167.0
20170124,6,PM2.5,阿克苏地区,127.0
20170124,6,PM2.5_24h,阿克苏地区,104.0
20170124,6,PM10,阿克苏地区,157.0
20170124,6,PM10_24h,阿克苏地区,145.0
20170124,6,SO2,阿克苏地区,23.0
20170124,6,SO2_24h,阿克苏地区,28.0
20170124,6,NO2,阿克苏地区,57.0
20170124,6,NO2_24h,阿克苏地区,50.0
20170124,6,O3,阿克苏地区,28.0
20170124,6,O3_24h,阿克苏地区,80.0
20170124,6,O3_8h,阿克苏地区,30.0
20170124,6,O3_8h_24h,阿克苏地区,35.0
20170124,6,CO,阿克苏地区,5.75
20170124,6,CO_24h,阿克苏地区,2.4
20170124,7,AQI,阿克苏地区,204.0
20170124,7,PM2.5,阿克苏地区,154.0
20170124,7,PM2.5_24h,阿克苏地区,106.0
20170124,7,PM10,阿克苏地区,184.0
20170124,7,PM10_24h,阿克苏地区,147.0
20170124,7,SO2,阿克苏地区,20.0
20170124,7,SO2_24h,阿克苏地区,29.0
20170124,7,NO2,阿克苏地区,53.0
20170124,7,NO2_24h,阿克苏地区,51.0
20170124,7,O3,阿克苏地区,27.0
20170124,7,O3_24h,阿克苏地区,80.0
20170124,7,O3_8h,阿克苏地区,29.0
20170124,7,O3_8h_24h,阿克苏地区,35.0
20170124,7,CO,阿克苏地区,4.7
20170124,7,CO_24h,阿克苏地区,2.55
20170124,8,AQI,阿克苏地区,191.0
20170124,8,PM2.5,阿克苏地区,144.0
20170124,8,PM2.5_24h,阿克苏地区,108.0
20170124,8,PM10,阿克苏地区,109.0
20170124,8,PM10_24h,阿克苏地区,147.0
20170124,8,SO2,阿克苏地区,26.0
20170124,8,SO2_24h,阿克苏地区,29.0
20170124,8,NO2,阿克苏地区,51.0
20170124,8,NO2_24h,阿克苏地区,52.0
20170124,8,O3,阿克苏地区,19.0
20170124,8,O3_24h,阿克苏地区,80.0
20170124,8,O3_8h,阿克苏地区,28.0
20170124,8,O3_8h_24h,阿克苏地区,35.0
20170124,8,CO,阿克苏地区,3.75
20170124,8,CO_24h,阿克苏地区,2.6
20170124,9,AQI,阿克苏地区,179.0
20170124,9,PM2.5,阿克苏地区,135.0
20170124,9,PM2.5_24h,阿克苏地区,109.0
20170124,9,PM10,阿克苏地区,170.0
20170124,9,PM10_24h,阿克苏地区,149.0
20170124,9,SO2,阿克苏地区,33.0
20170124,9,SO2_24h,阿克苏地区,30.0
20170124,9,NO2,阿克苏地区,48.0
20170124,9,NO2_24h,阿克苏地区,52.0
20170124,9,O3,阿克苏地区,20.0
20170124,9,O3_24h,阿克苏地区,80.0
20170124,9,O3_8h,阿克苏地区,27.0
20170124,9,O3_8h_24h,阿克苏地区,35.0
20170124,9,CO,阿克苏地区,2.5
20170124,9,CO_24h,阿克苏地区,2.65
20170124,10,AQI,阿克苏地区,131.0
20170124,10,PM2.5,阿克苏地区,100.0
20170124,10,PM2.5_24h,阿克苏地区,110.0
20170124,10,PM10,阿克苏地区,130.0
20170124,10,PM10_24h,阿克苏地区,150.0
20170124,10,SO2,阿克苏地区,37.0
20170124,10,SO2_24h,阿克苏地区,31.0
20170124,10,NO2,阿克苏地区,74.0
20170124,10,NO2_24h,阿克苏地区,54.0
20170124,10,O3,阿克苏地区,6.0
20170124,10,O3_24h,阿克苏地区,80.0
20170124,10,O3_8h,阿克苏地区,24.0
20170124,10,O3_8h_24h,阿克苏地区,35.0
20170124,10,CO,阿克苏地区,4.9
20170124,10,CO_24h,阿克苏地区,2.75
20170124,11,AQI,阿克苏地区,216.0
20170124,11,PM2.5,阿克苏地区,166.0
20170124,11,PM2.5_24h,阿克苏地区,113.0
20170124,11,PM10,阿克苏地区,261.0
20170124,11,PM10_24h,阿克苏地区,155.0
20170124,11,SO2,阿克苏地区,40.0
20170124,11,SO2_24h,阿克苏地区,32.0
20170124,11,NO2,阿克苏地区,68.0
20170124,11,NO2_24h,阿克苏地区,55.0
20170124,11,O3,阿克苏地区,10.0
20170124,11,O3_24h,阿克苏地区,80.0
20170124,11,O3_8h,阿克苏地区,20.0
20170124,11,O3_8h_24h,阿克苏地区,35.0
20170124,11,CO,阿克苏地区,4.4
20170124,11,CO_24h,阿克苏地区,2.85
20170124,12,AQI,阿克苏地区,229.0
20170124,12,PM2.5,阿克苏地区,179.0
20170124,12,PM2.5_24h,阿克苏地区,117.0
20170124,12,PM10,阿克苏地区,247.0
20170124,12,PM10_24h,阿克苏地区,160.0
20170124,12,SO2,阿克苏地区,37.0
20170124,12,SO2_24h,阿克苏地区,33.0
20170124,12,NO2,阿克苏地区,51.0
20170124,12,NO2_24h,阿克苏地区,55.0
20170124,12,O3,阿克苏地区,21.0
20170124,12,O3_24h,阿克苏地区,80.0
20170124,12,O3_8h,阿克苏地区,20.0
20170124,12,O3_8h_24h,阿克苏地区,35.0
20170124,12,CO,阿克苏地区,2.4
20170124,12,CO_24h,阿克苏地区,2.85
20170124,13,AQI,阿克苏地区,153.0
20170124,13,PM2.5,阿克苏地区,117.0
20170124,13,PM2.5_24h,阿克苏地区,118.0
20170124,13,PM10,阿克苏地区,175.0
20170124,13,PM10_24h,阿克苏地区,163.0
20170124,13,SO2,阿克苏地区,50.0
20170124,13,SO2_24h,阿克苏地区,33.0
20170124,13,NO2,阿克苏地区,55.0
20170124,13,NO2_24h,阿克苏地区,56.0
20170124,13,O3,阿克苏地区,30.0
20170124,13,O3_24h,阿克苏地区,80.0
20170124,13,O3_8h,阿克苏地区,20.0
20170124,13,O3_8h_24h,阿克苏地区,35.0
20170124,13,CO,阿克苏地区,2.2
20170124,13,CO_24h,阿克苏地区,2.85
20170124,14,AQI,阿克苏地区,156.0
20170124,14,PM2.5,阿克苏地区,119.0
20170124,14,PM2.5_24h,阿克苏地区,119.0
20170124,14,PM10,阿克苏地区,170.0
20170124,14,PM10_24h,阿克苏地区,165.0
20170124,14,SO2,阿克苏地区,45.0
20170124,14,SO2_24h,阿克苏地区,34.0
20170124,14,NO2,阿克苏地区,51.0
20170124,14,NO2_24h,阿克苏地区,56.0
20170124,14,O3,阿克苏地区,40.0
20170124,14,O3_24h,阿克苏地区,80.0
20170124,14,O3_8h,阿克苏地区,21.0
20170124,14,O3_8h_24h,阿克苏地区,35.0
20170124,14,CO,阿克苏地区,2.05
20170124,14,CO_24h,阿克苏地区,2.9
20170124,15,AQI,阿克苏地区,145.0
20170124,15,PM2.5,阿克苏地区,111.0
20170124,15,PM2.5_24h,阿克苏地区,120.0
20170124,15,PM10,阿克苏地区,174.0
20170124,15,PM10_24h,阿克苏地区,165.0
20170124,15,SO2,阿克苏地区,39.0
20170124,15,SO2_24h,阿克苏地区,34.0
20170124,15,NO2,阿克苏地区,52.0
20170124,15,NO2_24h,阿克苏地区,56.0
20170124,15,O3,阿克苏地区,46.0
20170124,15,O3_24h,阿克苏地区,80.0
20170124,15,O3_8h,阿克苏地区,24.0
20170124,15,O3_8h_24h,阿克苏地区,35.0
20170124,15,CO,阿克苏地区,1.8
20170124,15,CO_24h,阿克苏地区,2.85
20170124,16,AQI,阿克苏地区,161.0
20170124,16,PM2.5,阿克苏地区,123.0
20170124,16,PM2.5_24h,阿克苏地区,120.0
20170124,16,PM10,阿克苏地区,184.0
20170124,16,PM10_24h,阿克苏地区,166.0
20170124,16,SO2,阿克苏地区,38.0
20170124,16,SO2_24h,阿克苏地区,33.0
20170124,16,NO2,阿克苏地区,61.0
20170124,16,NO2_24h,阿克苏地区,56.0
20170124,16,O3,阿克苏地区,42.0
20170124,16,O3_24h,阿克苏地区,80.0
20170124,16,O3_8h,阿克苏地区,27.0
20170124,16,O3_8h_24h,阿克苏地区,35.0
20170124,16,CO,阿克苏地区,1.65
20170124,16,CO_24h,阿克苏地区,2.85
20170124,17,AQI,阿克苏地区,160.0
20170124,17,PM2.5,阿克苏地区,122.0
20170124,17,PM2.5_24h,阿克苏地区,121.0
20170124,17,PM10,阿克苏地区,185.0
20170124,17,PM10_24h,阿克苏地区,166.0
20170124,17,SO2,阿克苏地区,33.0
20170124,17,SO2_24h,阿克苏地区,34.0
20170124,17,NO2,阿克苏地区,54.0
20170124,17,NO2_24h,阿克苏地区,57.0
20170124,17,O3,阿克苏地区,46.0
20170124,17,O3_24h,阿克苏地区,80.0
20170124,17,O3_8h,阿克苏地区,30.0
20170124,17,O3_8h_24h,阿克苏地区,35.0
20170124,17,CO,阿克苏地区,1.65
20170124,17,CO_24h,阿克苏地区,2.85
20170124,18,AQI,阿克苏地区,153.0
20170124,18,PM2.5,阿克苏地区,117.0
20170124,18,PM2.5_24h,阿克苏地区,123.0
20170124,18,PM10,阿克苏地区,176.0
20170124,18,PM10_24h,阿克苏地区,168.0
20170124,18,SO2,阿克苏地区,29.0
20170124,18,SO2_24h,阿克苏地区,34.0
20170124,18,NO2,阿克苏地区,40.0
20170124,18,NO2_24h,阿克苏地区,58.0
20170124,18,O3,阿克苏地区,59.0
20170124,18,O3_24h,阿克苏地区,74.0
20170124,18,O3_8h,阿克苏地区,37.0
20170124,18,O3_8h_24h,阿克苏地区,39.0
20170124,18,CO,阿克苏地区,1.3
20170124,18,CO_24h,阿克苏地区,2.85
20170124,19,AQI,阿克苏地区,121.0
20170124,19,PM2.5,阿克苏地区,92.0
20170124,19,PM2.5_24h,阿克苏地区,124.0
20170124,19,PM10,阿克苏地区,137.0
20170124,19,PM10_24h,阿克苏地区,170.0
20170124,19,SO2,阿克苏地区,30.0
20170124,19,SO2_24h,阿克苏地区,35.0
20170124,19,NO2,阿克苏地区,41.0
20170124,19,NO2_24h,阿克苏地区,59.0
20170124,19,O3,阿克苏地区,58.0
20170124,19,O3_24h,阿克苏地区,63.0
20170124,19,O3_8h,阿克苏地区,43.0
20170124,19,O3_8h_24h,阿克苏地区,43.0
20170124,19,CO,阿克苏地区,1.35
20170124,19,CO_24h,阿克苏地区,2.9
20170124,20,AQI,阿克苏地区,121.0
20170124,20,PM2.5,阿克苏地区,92.0
20170124,20,PM2.5_24h,阿克苏地区,125.0
20170124,20,PM10,阿克苏地区,143.0
20170124,20,PM10_24h,阿克苏地区,172.0
20170124,20,SO2,阿克苏地区,29.0
20170124,20,SO2_24h,阿克苏地区,35.0
20170124,20,NO2,阿克苏地区,41.0
20170124,20,NO2_24h,阿克苏地区,58.0
20170124,20,O3,阿克苏地区,54.0
20170124,20,O3_24h,阿克苏地区,59.0
20170124,20,O3_8h,阿克苏地区,47.0
20170124,20,O3_8h_24h,阿克苏地区,47.0
20170124,20,CO,阿克苏地区,1.2
20170124,20,CO_24h,阿克苏地区,2.95
20170124,21,AQI,阿克苏地区,114.0
20170124,21,PM2.5,阿克苏地区,86.0
20170124,21,PM2.5_24h,阿克苏地区,125.0
20170124,21,PM10,阿克苏地区,131.0
20170124,21,PM10_24h,阿克苏地区,171.0
20170124,21,SO2,阿克苏地区,25.0
20170124,21,SO2_24h,阿克苏地区,35.0
20170124,21,NO2,阿克苏地区,36.0
20170124,21,NO2_24h,阿克苏地区,57.0
20170124,21,O3,阿克苏地区,58.0
20170124,21,O3_24h,阿克苏地区,62.0
20170124,21,O3_8h,阿克苏地区,50.0
20170124,21,O3_8h_24h,阿克苏地区,50.0
20170124,21,CO,阿克苏地区,1.4
20170124,21,CO_24h,阿克苏地区,2.9
20170124,22,AQI,阿克苏地区,114.0
20170124,22,PM2.5,阿克苏地区,86.0
20170124,22,PM2.5_24h,阿克苏地区,125.0
20170124,22,PM10,阿克苏地区,130.0
20170124,22,PM10_24h,阿克苏地区,170.0
20170124,22,SO2,阿克苏地区,27.0
20170124,22,SO2_24h,阿克苏地区,34.0
20170124,22,NO2,阿克苏地区,38.0
20170124,22,NO2_24h,阿克苏地区,56.0
20170124,22,O3,阿克苏地区,50.0
20170124,22,O3_24h,阿克苏地区,62.0
20170124,22,O3_8h,阿克苏地区,52.0
20170124,22,O3_8h_24h,阿克苏地区,52.0
20170124,22,CO,阿克苏地区,1.4
20170124,22,CO_24h,阿克苏地区,2.9
20170124,23,AQI,阿克苏地区,133.0
20170124,23,PM2.5,阿克苏地区,101.0
20170124,23,PM2.5_24h,阿克苏地区,125.0
20170124,23,PM10,阿克苏地区,126.0
20170124,23,PM10_24h,阿克苏地区,170.0
20170124,23,SO2,阿克苏地区,27.0
20170124,23,SO2_24h,阿克苏地区,33.0
20170124,23,NO2,阿克苏地区,50.0
20170124,23,NO2_24h,阿克苏地区,55.0
20170124,23,O3,阿克苏地区,36.0
20170124,23,O3_24h,阿克苏地区,62.0
20170124,23,O3_8h,阿克苏地区,50.0
20170124,23,O3_8h_24h,阿克苏地区,52.0
20170124,23,CO,阿克苏地区,1.55
20170124,23,CO_24h,阿克苏地区,2.85
20170124,0,AQI,克州,22.0
20170124,0,PM2.5,克州,7.0
20170124,0,PM2.5_24h,克州,15.0
20170124,0,PM10,克州,21.0
20170124,0,PM10_24h,克州,34.0
20170124,0,SO2,克州,4.0
20170124,0,SO2_24h,克州,4.0
20170124,0,NO2,克州,7.0
20170124,0,NO2_24h,克州,9.0
20170124,0,O3,克州,71.0
20170124,0,O3_24h,克州,95.0
20170124,0,O3_8h,克州,77.0
20170124,0,O3_8h_24h,克州,80.0
20170124,0,CO,克州,0.5
20170124,0,CO_24h,克州,0.7
20170124,1,AQI,克州,35.0
20170124,1,PM2.5,克州,2.0
20170124,1,PM2.5_24h,克州,15.0
20170124,1,PM10,克州,35.0
20170124,1,PM10_24h,克州,35.0
20170124,1,SO2,克州,3.0
20170124,1,SO2_24h,克州,4.0
20170124,1,NO2,克州,6.0
20170124,1,NO2_24h,克州,9.0
20170124,1,O3,克州,69.0
20170124,1,O3_24h,克州,95.0
20170124,1,O3_8h,克州,69.0
20170124,1,O3_8h_24h,克州,69.0
20170124,1,CO,克州,0.5
20170124,1,CO_24h,克州,0.7
20170124,2,AQI,克州,31.0
20170124,2,PM2.5,克州,19.0
20170124,2,PM2.5_24h,克州,16.0
20170124,2,PM10,克州,31.0
20170124,2,PM10_24h,克州,35.0
20170124,2,SO2,克州,3.0
20170124,2,SO2_24h,克州,4.0
20170124,2,NO2,克州,6.0
20170124,2,NO2_24h,克州,9.0
20170124,2,O3,克州,67.0
20170124,2,O3_24h,克州,95.0
20170124,2,O3_8h,克州,68.0
20170124,2,O3_8h_24h,克州,69.0
20170124,2,CO,克州,0.6
20170124,2,CO_24h,克州,0.7
20170124,3,AQI,克州,36.0
20170124,3,PM2.5,克州,18.0
20170124,3,PM2.5_24h,克州,16.0
20170124,3,PM10,克州,36.0
20170124,3,PM10_24h,克州,34.0
20170124,3,SO2,克州,3.0
20170124,3,SO2_24h,克州,4.0
20170124,3,NO2,克州,4.0
20170124,3,NO2_24h,克州,9.0
20170124,3,O3,克州,67.0
20170124,3,O3_24h,克州,95.0
20170124,3,O3_8h,克州,68.0
20170124,3,O3_8h_24h,克州,69.0
20170124,3,CO,克州,0.6
20170124,3,CO_24h,克州,0.7
20170124,4,AQI,克州,29.0
20170124,4,PM2.5,克州,8.0
20170124,4,PM2.5_24h,克州,16.0
20170124,4,PM10,克州,29.0
20170124,4,PM10_24h,克州,35.0
20170124,4,SO2,克州,3.0
20170124,4,SO2_24h,克州,4.0
20170124,4,NO2,克州,3.0
20170124,4,NO2_24h,克州,9.0
20170124,4,O3,克州,64.0
20170124,4,O3_24h,克州,95.0
20170124,4,O3_8h,克州,67.0
20170124,4,O3_8h_24h,克州,69.0
20170124,4,CO,克州,0.5
20170124,4,CO_24h,克州,0.8
20170124,5,AQI,克州,27.0
20170124,5,PM2.5,克州,19.0
20170124,5,PM2.5_24h,克州,16.0
20170124,5,PM10_24h,克州,36.0
20170124,5,SO2,克州,3.0
20170124,5,SO2_24h,克州,4.0
20170124,5,NO2,克州,3.0
20170124,5,NO2_24h,克州,9.0
20170124,5,O3,克州,63.0
20170124,5,O3_24h,克州,95.0
20170124,5,O3_8h,克州,66.0
20170124,5,O3_8h_24h,克州,69.0
20170124,5,CO,克州,0.5
20170124,5,CO_24h,克州,0.8
20170124,6,AQI,克州,20.0
20170124,6,PM2.5,克州,13.0
20170124,6,PM2.5_24h,克州,16.0
20170124,6,PM10,克州,16.0
20170124,6,PM10_24h,克州,36.0
20170124,6,SO2,克州,3.0
20170124,6,SO2_24h,克州,4.0
20170124,6,NO2,克州,2.0
20170124,6,NO2_24h,克州,9.0
20170124,6,O3,克州,64.0
20170124,6,O3_24h,克州,95.0
20170124,6,O3_8h,克州,66.0
20170124,6,O3_8h_24h,克州,69.0
20170124,6,CO,克州,0.5
20170124,6,CO_24h,克州,0.8
20170124,7,AQI,克州,25.0
20170124,7,PM2.5,克州,10.0
20170124,7,PM2.5_24h,克州,16.0
20170124,7,PM10,克州,25.0
20170124,7,PM10_24h,克州,36.0
20170124,7,SO2,克州,4.0
20170124,7,SO2_24h,克州,4.0
20170124,7,NO2,克州,2.0
20170124,7,NO2_24h,克州,9.0
20170124,7,O3,克州,69.0
20170124,7,O3_24h,克州,95.0
20170124,7,O3_8h,克州,66.0
20170124,7,O3_8h_24h,克州,69.0
20170124,7,CO,克州,0.5
20170124,7,CO_24h,克州,0.8
20170124,8,AQI,克州,29.0
20170124,8,PM2.5,克州,20.0
20170124,8,PM2.5_24h,克州,17.0
20170124,8,PM10,克州,23.0
20170124,8,PM10_24h,克州,36.0
20170124,8,SO2,克州,4.0
20170124,8,SO2_24h,克州,4.0
20170124,8,NO2,克州,4.0
20170124,8,NO2_24h,克州,9.0
20170124,8,O3,克州,65.0
20170124,8,O3_24h,克州,95.0
20170124,8,O3_8h,克州,66.0
20170124,8,O3_8h_24h,克州,69.0
20170124,8,CO,克州,0.7
20170124,8,CO_24h,克州,0.8
20170124,9,AQI,克州,34.0
20170124,9,PM2.5,克州,9.0
20170124,9,PM2.5_24h,克州,17.0
20170124,9,PM10,克州,34.0
20170124,9,PM10_24h,克州,37.0
20170124,9,SO2,克州,3.0
20170124,9,SO2_24h,克州,4.0
20170124,9,NO2,克州,2.0
20170124,9,NO2_24h,克州,9.0
20170124,9,O3,克州,65.0
20170124,9,O3_24h,克州,95.0
20170124,9,O3_8h,克州,66.0
20170124,9,O3_8h_24h,克州,69.0
20170124,9,CO,克州,0.5
20170124,9,CO_24h,克州,0.8
20170124,10,AQI,克州,26.0
20170124,10,PM2.5,克州,4.0
20170124,10,PM2.5_24h,克州,17.0
20170124,10,PM10,克州,26.0
20170124,10,PM10_24h,克州,37.0
20170124,10,SO2,克州,3.0
20170124,10,SO2_24h,克州,4.0
20170124,10,NO2,克州,8.0
20170124,10,NO2_24h,克州,9.0
20170124,10,O3,克州,63.0
20170124,10,O3_24h,克州,95.0
20170124,10,O3_8h,克州,65.0
20170124,10,O3_8h_24h,克州,69.0
20170124,10,CO,克州,0.6
20170124,10,CO_24h,克州,0.8
20170124,11,AQI,克州,19.0
20170124,11,PM2.5,克州,5.0
20170124,11,PM2.5_24h,克州,16.0
20170124,11,PM10,克州,19.0
20170124,11,PM10_24h,克州,37.0
20170124,11,SO2,克州,3.0
20170124,11,SO2_24h,克州,4.0
20170124,11,NO2,克州,10.0
20170124,11,NO2_24h,克州,9.0
20170124,11,O3,克州,60.0
20170124,11,O3_24h,克州,95.0
20170124,11,O3_8h,克州,64.0
20170124,11,O3_8h_24h,克州,69.0
20170124,11,CO,克州,0.6
20170124,11,CO_24h,克州,0.8
20170124,12,AQI,克州,21.0
20170124,12,PM2.5,克州,8.0
20170124,12,PM2.5_24h,克州,17.0
20170124,12,PM10,克州,21.0
20170124,12,PM10_24h,克州,37.0
20170124,12,SO2,克州,4.0
20170124,12,SO2_24h,克州,4.0
20170124,12,NO2,克州,11.0
20170124,12,NO2_24h,克州,9.0
20170124,12,O3,克州,57.0
20170124,12,O3_24h,克州,95.0
20170124,12,O3_8h,克州,63.0
20170124,12,O3_8h_24h,克州,69.0
20170124,12,CO,克州,0.9
20170124,12,CO_24h,克州,0.8
20170124,13,AQI,克州,55.0
20170124,13,PM2.5,克州,25.0
20170124,13,PM2.5_24h,克州,17.0
20170124,13,PM10,克州,60.0
20170124,13,PM10_24h,克州,38.0
20170124,13,SO2,克州,4.0
20170124,13,SO2_24h,克州,4.0
20170124,13,NO2,克州,13.0
20170124,13,NO2_24h,克州,10.0
20170124,13,O3,克州,63.0
20170124,13,O3_24h,克州,95.0
20170124,13,O3_8h,克州,63.0
20170124,13,O3_8h_24h,克州,69.0
20170124,13,CO,克州,1.0
20170124,13,CO_24h,克州,0.8
20170124,14,AQI,克州,61.0
20170124,14,PM2.5,克州,44.0
20170124,14,PM2.5_24h,克州,18.0
20170124,14,PM10,克州,71.0
20170124,14,PM10_24h,克州,39.0
20170124,14,SO2,克州,6.0
20170124,14,SO2_24h,克州,4.0
20170124,14,NO2,克州,24.0
20170124,14,NO2_24h,克州,10.0
20170124,14,O3,克州,63.0
20170124,14,O3_24h,克州,95.0
20170124,14,O3_8h,克州,63.0
20170124,14,O3_8h_24h,克州,69.0
20170124,14,CO,克州,2.0
20170124,14,CO_24h,克州,0.9
20170124,15,AQI,克州,73.0
20170124,15,PM2.5,克州,33.0
20170124,15,PM2.5_24h,克州,19.0
20170124,15,PM10,克州,95.0
20170124,15,PM10_24h,克州,42.0
20170124,15,SO2,克州,6.0
20170124,15,SO2_24h,克州,4.0
20170124,15,NO2,克州,17.0
20170124,15,NO2_24h,克州,11.0
20170124,15,O3,克州,73.0
20170124,15,O3_24h,克州,95.0
20170124,15,O3_8h,克州,64.0
20170124,15,O3_8h_24h,克州,69.0
20170124,15,CO,克州,2.0
20170124,15,CO_24h,克州,0.9
20170124,16,AQI,克州,60.0
20170124,16,PM2.5,克州,32.0
20170124,16,PM2.5_24h,克州,19.0
20170124,16,PM10,克州,70.0
20170124,16,PM10_24h,克州,43.0
20170124,16,SO2,克州,6.0
20170124,16,SO2_24h,克州,4.0
20170124,16,NO2,克州,15.0
20170124,16,NO2_24h,克州,11.0
20170124,16,O3,克州,75.0
20170124,16,O3_24h,克州,95.0
20170124,16,O3_8h,克州,65.0
20170124,16,O3_8h_24h,克州,69.0
20170124,16,CO,克州,1.7
20170124,16,CO_24h,克州,0.9
20170124,17,AQI,克州,51.0
20170124,17,PM2.5,克州,17.0
20170124,17,PM2.5_24h,克州,18.0
20170124,17,PM10,克州,51.0
20170124,17,PM10_24h,克州,43.0
20170124,17,SO2,克州,8.0
20170124,17,SO2_24h,克州,4.0
20170124,17,NO2,克州,18.0
20170124,17,NO2_24h,克州,11.0
20170124,17,O3,克州,76.0
20170124,17,O3_24h,克州,95.0
20170124,17,O3_8h,克州,66.0
20170124,17,O3_8h_24h,克州,69.0
20170124,17,CO,克州,1.7
20170124,17,CO_24h,克州,0.9
20170124,18,AQI,克州,37.0
20170124,18,PM2.5,克州,22.0
20170124,18,PM2.5_24h,克州,18.0
20170124,18,PM10,克州,37.0
20170124,18,PM10_24h,克州,41.0
20170124,18,SO2,克州,6.0
20170124,18,SO2_24h,克州,4.0
20170124,18,NO2,克州,13.0
20170124,18,NO2_24h,克州,11.0
20170124,18,O3,克州,81.0
20170124,18,O3_24h,克州,85.0
20170124,18,O3_8h,克州,68.0
20170124,18,O3_8h_24h,克州,69.0
20170124,18,CO,克州,1.3
20170124,18,CO_24h,克州,0.9
20170124,19,AQI,克州,43.0
20170124,19,PM2.5,克州,20.0
20170124,19,PM2.5_24h,克州,17.0
20170124,19,PM10,克州,43.0
20170124,19,PM10_24h,克州,40.0
20170124,19,SO2,克州,5.0
20170124,19,SO2_24h,克州,4.0
20170124,19,NO2,克州,15.0
20170124,19,NO2_24h,克州,11.0
20170124,19,O3,克州,80.0
20170124,19,O3_24h,克州,81.0
20170124,19,O3_8h,克州,71.0
20170124,19,O3_8h_24h,克州,71.0
20170124,19,CO,克州,1.1
20170124,19,CO_24h,克州,0.9
20170124,20,AQI,克州,57.0
20170124,20,PM2.5,克州,32.0
20170124,20,PM2.5_24h,克州,18.0
20170124,20,PM10,克州,64.0
20170124,20,PM10_24h,克州,40.0
20170124,20,SO2,克州,5.0
20170124,20,SO2_24h,克州,4.0
20170124,20,NO2,克州,32.0
20170124,20,NO2_24h,克州,11.0
20170124,20,O3,克州,65.0
20170124,20,O3_24h,克州,81.0
20170124,20,O3_8h,克州,72.0
20170124,20,O3_8h_24h,克州,72.0
20170124,20,CO,克州,2.7
20170124,20,CO_24h,克州,0.9
20170124,21,AQI,克州,58.0
20170124,21,PM2.5,克州,34.0
20170124,21,PM2.5_24h,克州,18.0
20170124,21,PM10,克州,65.0
20170124,21,PM10_24h,克州,41.0
20170124,21,SO2,克州,5.0
20170124,21,SO2_24h,克州,4.0
20170124,21,NO2,克州,47.0
20170124,21,NO2_24h,克州,12.0
20170124,21,O3,克州,50.0
20170124,21,O3_24h,克州,81.0
20170124,21,O3_8h,克州,70.0
20170124,21,O3_8h_24h,克州,72.0
20170124,21,CO,克州,1.4
20170124,21,CO_24h,克州,1.0
20170124,22,AQI,克州,66.0
20170124,22,PM2.5,克州,31.0
20170124,22,PM2.5_24h,克州,18.0
20170124,22,PM10,克州,81.0
20170124,22,PM10_24h,克州,43.0
20170124,22,SO2,克州,4.0
20170124,22,SO2_24h,克州,4.0
20170124,22,NO2,克州,23.0
20170124,22,NO2_24h,克州,12.0
20170124,22,O3,克州,59.0
20170124,22,O3_24h,克州,81.0
20170124,22,O3_8h,克州,70.0
20170124,22,O3_8h_24h,克州,72.0
20170124,22,CO,克州,1.1
20170124,22,CO_24h,克州,1.0
20170124,23,AQI,克州,47.0
20170124,23,PM2.5,克州,24.0
20170124,23,PM2.5_24h,克州,19.0
20170124,23,PM10,克州,47.0
20170124,23,PM10_24h,克州,43.0
20170124,23,SO2,克州,3.0
20170124,23,SO2_24h,克州,4.0
20170124,23,NO2,克州,11.0
20170124,23,NO2_24h,克州,12.0
20170124,23,O3,克州,70.0
20170124,23,O3_24h,克州,81.0
20170124,23,O3_8h,克州,70.0
20170124,23,O3_8h_24h,克州,72.0
20170124,23,CO,克州,0.7
20170124,23,CO_24h,克州,1.0
20170124,0,AQI,喀什地区,284.0
20170124,0,PM2.5,喀什地区,234.0
20170124,0,PM2.5_24h,喀什地区,112.0
20170124,0,PM10,喀什地区,342.0
20170124,0,PM10_24h,喀什地区,162.0
20170124,0,SO2,喀什地区,9.0
20170124,0,SO2_24h,喀什地区,12.0
20170124,0,NO2,喀什地区,95.0
20170124,0,NO2_24h,喀什地区,51.0
20170124,0,O3,喀什地区,6.0
20170124,0,O3_24h,喀什地区,64.0
20170124,0,O3_8h,喀什地区,38.0
20170124,0,O3_8h_24h,喀什地区,52.0
20170124,0,CO,喀什地区,5.13
20170124,0,CO_24h,喀什地区,2.67
20170124,1,AQI,喀什地区,257.0
20170124,1,PM2.5,喀什地区,207.0
20170124,1,PM2.5_24h,喀什地区,114.0
20170124,1,PM10,喀什地区,280.0
20170124,1,PM10_24h,喀什地区,163.0
20170124,1,SO2,喀什地区,9.0
20170124,1,SO2_24h,喀什地区,12.0
20170124,1,NO2,喀什地区,60.0
20170124,1,NO2_24h,喀什地区,52.0
20170124,1,O3,喀什地区,14.0
20170124,1,O3_24h,喀什地区,51.0
20170124,1,O3_8h,喀什地区,14.0
20170124,1,O3_8h_24h,喀什地区,14.0
20170124,1,CO,喀什地区,2.95
20170124,1,CO_24h,喀什地区,2.55
20170124,2,AQI,喀什地区,156.0
20170124,2,PM2.5,喀什地区,119.0
20170124,2,PM2.5_24h,喀什地区,115.0
20170124,2,PM10,喀什地区,149.0
20170124,2,PM10_24h,喀什地区,163.0
20170124,2,SO2,喀什地区,7.0
20170124,2,SO2_24h,喀什地区,12.0
20170124,2,NO2,喀什地区,46.0
20170124,2,NO2_24h,喀什地区,51.0
20170124,2,O3,喀什地区,20.0
20170124,2,O3_24h,喀什地区,51.0
20170124,2,O3_8h,喀什地区,17.0
20170124,2,O3_8h_24h,喀什地区,17.0
20170124,2,CO,喀什地区,2.4
20170124,2,CO_24h,喀什地区,2.5
20170124,3,AQI,喀什地区,115.0
20170124,3,PM2.5,喀什地区,87.0
20170124,3,PM2.5_24h,喀什地区,112.0
20170124,3,PM10,喀什地区,100.0
20170124,3,PM10_24h,喀什地区,161.0
20170124,3,SO2,喀什地区,9.0
20170124,3,SO2_24h,喀什地区,12.0
20170124,3,NO2,喀什地区,52.0
20170124,3,NO2_24h,喀什地区,51.0
20170124,3,O3,喀什地区,16.0
20170124,3,O3_24h,喀什地区,51.0
20170124,3,O3_8h,喀什地区,17.0
20170124,3,O3_8h_24h,喀什地区,17.0
20170124,3,CO,喀什地区,3.0
20170124,3,CO_24h,喀什地区,2.55
20170124,4,AQI,喀什地区,121.0
20170124,4,PM2.5,喀什地区,92.0
20170124,4,PM2.5_24h,喀什地区,111.0
20170124,4,PM10,喀什地区,101.0
20170124,4,PM10_24h,喀什地区,159.0
20170124,4,SO2,喀什地区,9.0
20170124,4,SO2_24h,喀什地区,13.0
20170124,4,NO2,喀什地区,40.0
20170124,4,NO2_24h,喀什地区,52.0
20170124,4,O3,喀什地区,16.0
20170124,4,O3_24h,喀什地区,51.0
20170124,4,O3_8h,喀什地区,17.0
20170124,4,O3_8h_24h,喀什地区,17.0
20170124,4,CO,喀什地区,2.85
20170124,4,CO_24h,喀什地区,2.55
20170124,5,AQI,喀什地区,110.0
20170124,5,PM2.5,喀什地区,83.0
20170124,5,PM2.5_24h,喀什地区,111.0
20170124,5,PM10,喀什地区,99.0
20170124,5,PM10_24h,喀什地区,160.0
20170124,5,SO2,喀什地区,8.0
20170124,5,SO2_24h,喀什地区,13.0
20170124,5,NO2,喀什地区,29.0
20170124,5,NO2_24h,喀什地区,52.0
20170124,5,O3,喀什地区,18.0
20170124,5,O3_24h,喀什地区,51.0
20170124,5,O3_8h,喀什地区,17.0
20170124,5,O3_8h_24h,喀什地区,18.0
20170124,5,CO,喀什地区,2.3
20170124,5,CO_24h,喀什地区,2.6
20170124,6,AQI,喀什地区,76.0
20170124,6,PM2.5,喀什地区,56.0
20170124,6,PM2.5_24h,喀什地区,112.0
20170124,6,PM10,喀什地区,70.0
20170124,6,PM10_24h,喀什地区,160.0
20170124,6,SO2,喀什地区,9.0
20170124,6,SO2_24h,喀什地区,13.0
20170124,6,NO2,喀什地区,31.0
20170124,6,NO2_24h,喀什地区,53.0
20170124,6,O3,喀什地区,20.0
20170124,6,O3_24h,喀什地区,51.0
20170124,6,O3_8h,喀什地区,17.0
20170124,6,O3_8h_24h,喀什地区,18.0
20170124,6,CO,喀什地区,2.65
20170124,6,CO_24h,喀什地区,2.65
20170124,7,AQI,喀什地区,74.0
20170124,7,PM2.5,喀什地区,54.0
20170124,7,PM2.5_24h,喀什地区,112.0
20170124,7,PM10,喀什地区,64.0
20170124,7,PM10_24h,喀什地区,161.0
20170124,7,SO2,喀什地区,8.0
20170124,7,SO2_24h,喀什地区,13.0
20170124,7,NO2,喀什地区,22.0
20170124,7,NO2_24h,喀什地区,53.0
20170124,7,O3,喀什地区,20.0
20170124,7,O3_24h,喀什地区,51.0
20170124,7,O3_8h,喀什地区,18.0
20170124,7,O3_8h_24h,喀什地区,18.0
20170124,7,CO,喀什地区,2.35
20170124,7,CO_24h,喀什地区,2.65
20170124,8,AQI,喀什地区,73.0
20170124,8,PM2.5,喀什地区,53.0
20170124,8,PM2.5_24h,喀什地区,112.0
20170124,8,PM10,喀什地区,68.0
20170124,8,PM10_24h,喀什地区,158.0
20170124,8,SO2,喀什地区,9.0
20170124,8,SO2_24h,喀什地区,13.0
20170124,8,NO2,喀什地区,36.0
20170124,8,NO2_24h,喀什地区,54.0
20170124,8,O3,喀什地区,14.0
20170124,8,O3_24h,喀什地区,51.0
20170124,8,O3_8h,喀什地区,17.0
20170124,8,O3_8h_24h,喀什地区,18.0
20170124,8,CO,喀什地区,2.85
20170124,8,CO_24h,喀什地区,2.7
20170124,9,AQI,喀什地区,105.0
20170124,9,PM2.5,喀什地区,79.0
20170124,9,PM2.5_24h,喀什地区,114.0
20170124,9,PM10,喀什地区,93.0
20170124,9,PM10_24h,喀什地区,157.0
20170124,9,SO2,喀什地区,10.0
20170124,9,SO2_24h,喀什地区,13.0
20170124,9,NO2,喀什地区,47.0
20170124,9,NO2_24h,喀什地区,56.0
20170124,9,O3,喀什地区,12.0
20170124,9,O3_24h,喀什地区,51.0
20170124,9,O3_8h,喀什地区,17.0
20170124,9,O3_8h_24h,喀什地区,18.0
20170124,9,CO,喀什地区,3.55
20170124,9,CO_24h,喀什地区,2.75
20170124,10,AQI,喀什地区,183.0
20170124,10,PM2.5,喀什地区,138.0
20170124,10,PM2.5_24h,喀什地区,116.0
20170124,10,PM10,喀什地区,158.0
20170124,10,PM10_24h,喀什地区,161.0
20170124,10,SO2,喀什地区,9.0
20170124,10,SO2_24h,喀什地区,13.0
20170124,10,NO2,喀什地区,59.0
20170124,10,NO2_24h,喀什地区,56.0
20170124,10,O3,喀什地区,9.0
20170124,10,O3_24h,喀什地区,51.0
20170124,10,O3_8h,喀什地区,15.0
20170124,10,O3_8h_24h,喀什地区,18.0
20170124,10,CO,喀什地区,3.45
20170124,10,CO_24h,喀什地区,2.8
20170124,11,AQI,喀什地区,146.0
20170124,11,PM2.5,喀什地区,112.0
20170124,11,PM2.5_24h,喀什地区,115.0
20170124,11,PM10,喀什地区,162.0
20170124,11,PM10_24h,喀什地区,169.0
20170124,11,SO2,喀什地区,11.0
20170124,11,SO2_24h,喀什地区,14.0
20170124,11,NO2,喀什地区,56.0
20170124,11,NO2_24h,喀什地区,55.0
20170124,11,O3,喀什地区,6.0
20170124,11,O3_24h,喀什地区,64.0
20170124,11,O3_8h,喀什地区,11.0
20170124,11,O3_8h_24h,喀什地区,13.0
20170124,11,CO,喀什地区,4.23
20170124,11,CO_24h,喀什地区,2.83
20170124,12,AQI,喀什地区,252.0
20170124,12,PM2.5,喀什地区,202.0
20170124,12,PM2.5_24h,喀什地区,118.0
20170124,12,PM10,喀什地区,274.0
20170124,12,PM10_24h,喀什地区,170.0
20170124,12,SO2,喀什地区,12.0
20170124,12,SO2_24h,喀什地区,15.0
20170124,12,NO2,喀什地区,68.0
20170124,12,NO2_24h,喀什地区,55.0
20170124,12,O3,喀什地区,7.0
20170124,12,O3_24h,喀什地区,64.0
20170124,12,O3_8h,喀什地区,10.0
20170124,12,O3_8h_24h,喀什地区,13.0
20170124,12,CO,喀什地区,4.6
20170124,12,CO_24h,喀什地区,2.93
20170124,13,AQI,喀什地区,269.0
20170124,13,PM2.5,喀什地区,219.0
20170124,13,PM2.5_24h,喀什地区,121.0
20170124,13,PM10,喀什地区,326.0
20170124,13,PM10_24h,喀什地区,176.0
20170124,13,SO2,喀什地区,15.0
20170124,13,SO2_24h,喀什地区,14.0
20170124,13,NO2,喀什地区,86.0
20170124,13,NO2_24h,喀什地区,55.0
20170124,13,O3,喀什地区,8.0
20170124,13,O3_24h,喀什地区,64.0
20170124,13,O3_8h,喀什地区,10.0
20170124,13,O3_8h_24h,喀什地区,14.0
20170124,13,CO,喀什地区,4.63
20170124,13,CO_24h,喀什地区,3.0
20170124,14,AQI,喀什地区,306.0
20170124,14,PM2.5,喀什地区,256.0
20170124,14,PM2.5_24h,喀什地区,125.0
20170124,14,PM10,喀什地区,361.0
20170124,14,PM10_24h,喀什地区,183.0
20170124,14,SO2,喀什地区,26.0
20170124,14,SO2_24h,喀什地区,14.0
20170124,14,NO2,喀什地区,115.0
20170124,14,NO2_24h,喀什地区,58.0
20170124,14,O3,喀什地区,11.0
20170124,14,O3_24h,喀什地区,64.0
20170124,14,O3_8h,喀什地区,10.0
20170124,14,O3_8h_24h,喀什地区,15.0
20170124,14,CO,喀什地区,4.93
20170124,14,CO_24h,喀什地区,3.1
20170124,15,AQI,喀什地区,312.0
20170124,15,PM2.5,喀什地区,262.0
20170124,15,PM2.5_24h,喀什地区,132.0
20170124,15,PM10,喀什地区,348.0
20170124,15,PM10_24h,喀什地区,192.0
20170124,15,SO2,喀什地区,26.0
20170124,15,SO2_24h,喀什地区,15.0
20170124,15,NO2,喀什地区,106.0
20170124,15,NO2_24h,喀什地区,61.0
20170124,15,O3,喀什地区,16.0
20170124,15,O3_24h,喀什地区,64.0
20170124,15,O3_8h,喀什地区,10.0
20170124,15,O3_8h_24h,喀什地区,15.0
20170124,15,CO,喀什地区,4.13
20170124,15,CO_24h,喀什地区,3.23
20170124,16,AQI,喀什地区,303.0
20170124,16,PM2.5,喀什地区,253.0
20170124,16,PM2.5_24h,喀什地区,140.0
20170124,16,PM10,喀什地区,349.0
20170124,16,PM10_24h,喀什地区,202.0
20170124,16,SO2,喀什地区,25.0
20170124,16,SO2_24h,喀什地区,16.0
20170124,16,NO2,喀什地区,99.0
20170124,16,NO2_24h,喀什地区,65.0
20170124,16,O3,喀什地区,21.0
20170124,16,O3_24h,喀什地区,64.0
20170124,16,O3_8h,喀什地区,11.0
20170124,16,O3_8h_24h,喀什地区,16.0
20170124,16,CO,喀什地区,3.73
20170124,16,CO_24h,喀什地区,3.37
20170124,17,AQI,喀什地区,283.0
20170124,17,PM2.5,喀什地区,233.0
20170124,17,PM2.5_24h,喀什地区,150.0
20170124,17,PM10,喀什地区,326.0
20170124,17,PM10_24h,喀什地区,215.0
20170124,17,SO2,喀什地区,25.0
20170124,17,SO2_24h,喀什地区,16.0
20170124,17,NO2,喀什地区,97.0
20170124,17,NO2_24h,喀什地区,68.0
20170124,17,O3,喀什地区,26.0
20170124,17,O3_24h,喀什地区,64.0
20170124,17,O3_8h,喀什地区,14.0
20170124,17,O3_8h_24h,喀什地区,18.0
20170124,17,CO,喀什地区,3.43
20170124,17,CO_24h,喀什地区,3.47
20170124,18,AQI,喀什地区,269.0
20170124,18,PM2.5,喀什地区,219.0
20170124,18,PM2.5_24h,喀什地区,158.0
20170124,18,PM10,喀什地区,326.0
20170124,18,PM10_24h,喀什地区,228.0
20170124,18,SO2,喀什地区,22.0
20170124,18,SO2_24h,喀什地区,16.0
20170124,18,NO2,喀什地区,91.0
20170124,18,NO2_24h,喀什地区,70.0
20170124,18,O3,喀什地区,29.0
20170124,18,O3_24h,喀什地区,63.0
20170124,18,O3_8h,喀什地区,16.0
20170124,18,O3_8h_24h,喀什地区,20.0
20170124,18,CO,喀什地区,3.2
20170124,18,CO_24h,喀什地区,3.53
20170124,19,AQI,喀什地区,258.0
20170124,19,PM2.5,喀什地区,208.0
20170124,19,PM2.5_24h,喀什地区,164.0
20170124,19,PM10,喀什地区,285.0
20170124,19,PM10_24h,喀什地区,237.0
20170124,19,SO2,喀什地区,20.0
20170124,19,SO2_24h,喀什地区,16.0
20170124,19,NO2,喀什地区,80.0
20170124,19,NO2_24h,喀什地区,73.0
20170124,19,O3,喀什地区,31.0
20170124,19,O3_24h,喀什地区,53.0
20170124,19,O3_8h,喀什地区,19.0
20170124,19,O3_8h_24h,喀什地区,22.0
20170124,19,CO,喀什地区,2.77
20170124,19,CO_24h,喀什地区,3.63
20170124,20,AQI,喀什地区,239.0
20170124,20,PM2.5,喀什地区,189.0
20170124,20,PM2.5_24h,喀什地区,170.0
20170124,20,PM10,喀什地区,259.0
20170124,20,PM10_24h,喀什地区,245.0
20170124,20,SO2,喀什地区,18.0
20170124,20,SO2_24h,喀什地区,17.0
20170124,20,NO2,喀什地区,66.0
20170124,20,NO2_24h,喀什地区,74.0
20170124,20,O3,喀什地区,26.0
20170124,20,O3_24h,喀什地区,42.0
20170124,20,O3_8h,喀什地区,21.0
20170124,20,O3_8h_24h,喀什地区,24.0
20170124,20,CO,喀什地区,2.03
20170124,20,CO_24h,喀什地区,3.63
20170124,21,AQI,喀什地区,149.0
20170124,21,PM2.5,喀什地区,114.0
20170124,21,PM2.5_24h,喀什地区,171.0
20170124,21,PM10,喀什地区,172.0
20170124,21,PM10_24h,喀什地区,246.0
20170124,21,SO2,喀什地区,17.0
20170124,21,SO2_24h,喀什地区,17.0
20170124,21,NO2,喀什地区,74.0
20170124,21,NO2_24h,喀什地区,74.0
20170124,21,O3,喀什地区,24.0
20170124,21,O3_24h,喀什地区,38.0
20170124,21,O3_8h,喀什地区,23.0
20170124,21,O3_8h_24h,喀什地区,25.0
20170124,21,CO,喀什地区,2.1
20170124,21,CO_24h,喀什地区,3.63
20170124,22,AQI,喀什地区,157.0
20170124,22,PM2.5,喀什地区,120.0
20170124,22,PM2.5_24h,喀什地区,172.0
20170124,22,PM10,喀什地区,155.0
20170124,22,PM10_24h,喀什地区,246.0
20170124,22,SO2,喀什地区,19.0
20170124,22,SO2_24h,喀什地区,16.0
20170124,22,NO2,喀什地区,99.0
20170124,22,NO2_24h,喀什地区,73.0
20170124,22,O3,喀什地区,7.0
20170124,22,O3_24h,喀什地区,38.0
20170124,22,O3_8h,喀什地区,22.0
20170124,22,O3_8h_24h,喀什地区,25.0
20170124,22,CO,喀什地区,3.5
20170124,22,CO_24h,喀什地区,3.6
20170124,23,AQI,喀什地区,238.0
20170124,23,PM2.5,喀什地区,188.0
20170124,23,PM2.5_24h,喀什地区,170.0
20170124,23,PM10,喀什地区,269.0
20170124,23,PM10_24h,喀什地区,246.0
20170124,23,SO2,喀什地区,21.0
20170124,23,SO2_24h,喀什地区,17.0
20170124,23,NO2,喀什地区,105.0
20170124,23,NO2_24h,喀什地区,74.0
20170124,23,O3,喀什地区,5.0
20170124,23,O3_24h,喀什地区,38.0
20170124,23,O3_8h,喀什地区,21.0
20170124,23,O3_8h_24h,喀什地区,25.0
20170124,23,CO,喀什地区,4.63
20170124,23,CO_24h,喀什地区,3.57
20170124,0,AQI,和田地区,87.0
20170124,0,PM2.5,和田地区,39.0
20170124,0,PM2.5_24h,和田地区,77.0
20170124,0,PM10,和田地区,123.0
20170124,0,PM10_24h,和田地区,116.0
20170124,0,SO2,和田地区,68.0
20170124,0,SO2_24h,和田地区,71.0
20170124,0,NO2,和田地区,78.0
20170124,0,NO2_24h,和田地区,57.0
20170124,0,O3,和田地区,15.0
20170124,0,O3_24h,和田地区,73.0
20170124,0,O3_8h,和田地区,42.0
20170124,0,O3_8h_24h,和田地区,59.0
20170124,0,CO,和田地区,3.5
20170124,0,CO_24h,和田地区,3.05
20170124,1,AQI,和田地区,95.0
20170124,1,PM2.5,和田地区,69.0
20170124,1,PM2.5_24h,和田地区,78.0
20170124,1,PM10,和田地区,139.0
20170124,1,PM10_24h,和田地区,119.0
20170124,1,SO2,和田地区,110.0
20170124,1,SO2_24h,和田地区,72.0
20170124,1,NO2,和田地区,67.0
20170124,1,NO2_24h,和田地区,57.0
20170124,1,O3,和田地区,20.0
20170124,1,O3_24h,和田地区,73.0
20170124,1,O3_8h,和田地区,20.0
20170124,1,O3_8h_24h,和田地区,20.0
20170124,1,CO,和田地区,3.95
20170124,1,CO_24h,和田地区,3.05
20170124,2,AQI,和田地区,89.0
20170124,2,PM2.5,和田地区,66.0
20170124,2,PM2.5_24h,和田地区,78.0
20170124,2,PM10,和田地区,116.0
20170124,2,PM10_24h,和田地区,121.0
20170124,2,SO2,和田地区,104.0
20170124,2,SO2_24h,和田地区,71.0
20170124,2,NO2,和田地区,58.0
20170124,2,NO2_24h,和田地区,56.0
20170124,2,O3,和田地区,21.0
20170124,2,O3_24h,和田地区,73.0
20170124,2,O3_8h,和田地区,21.0
20170124,2,O3_8h_24h,和田地区,21.0
20170124,2,CO,和田地区,2.4
20170124,2,CO_24h,和田地区,3.0
20170124,3,AQI,和田地区,90.0
20170124,3,PM2.5,和田地区,67.0
20170124,3,PM2.5_24h,和田地区,78.0
20170124,3,PM10,和田地区,107.0
20170124,3,PM10_24h,和田地区,121.0
20170124,3,SO2,和田地区,73.0
20170124,3,SO2_24h,和田地区,70.0
20170124,3,NO2,和田地区,55.0
20170124,3,NO2_24h,和田地区,56.0
20170124,3,O3,和田地区,18.0
20170124,3,O3_24h,和田地区,73.0
20170124,3,O3_8h,和田地区,20.0
20170124,3,O3_8h_24h,和田地区,21.0
20170124,3,CO,和田地区,2.7
20170124,3,CO_24h,和田地区,2.95
20170124,4,AQI,和田地区,80.0
20170124,4,PM2.5,和田地区,48.0
20170124,4,PM2.5_24h,和田地区,77.0
20170124,4,PM10,和田地区,109.0
20170124,4,PM10_24h,和田地区,120.0
20170124,4,SO2,和田地区,63.0
20170124,4,SO2_24h,和田地区,69.0
20170124,4,NO2,和田地区,57.0
20170124,4,NO2_24h,和田地区,55.0
20170124,4,O3,和田地区,16.0
20170124,4,O3_24h,和田地区,73.0
20170124,4,O3_8h,和田地区,19.0
20170124,4,O3_8h_24h,和田地区,21.0
20170124,4,CO,和田地区,3.65
20170124,4,CO_24h,和田地区,2.9
20170124,5,AQI,和田地区,80.0
20170124,5,PM2.5,和田地区,59.0
20170124,5,PM2.5_24h,和田地区,76.0
20170124,5,PM10,和田地区,96.0
20170124,5,PM10_24h,和田地区,119.0
20170124,5,SO2,和田地区,87.0
20170124,5,SO2_24h,和田地区,70.0
20170124,5,NO2,和田地区,53.0
20170124,5,NO2_24h,和田地区,55.0
20170124,5,O3,和田地区,14.0
20170124,5,O3_24h,和田地区,73.0
20170124,5,O3_8h,和田地区,18.0
20170124,5,O3_8h_24h,和田地区,21.0
20170124,5,CO,和田地区,3.45
20170124,5,CO_24h,和田地区,2.8
20170124,6,AQI,和田地区,84.0
20170124,6,PM2.5,和田地区,62.0
20170124,6,PM2.5_24h,和田地区,76.0
20170124,6,PM10,和田地区,107.0
20170124,6,PM10_24h,和田地区,119.0
20170124,6,SO2,和田地区,62.0
20170124,6,SO2_24h,和田地区,71.0
20170124,6,NO2,和田地区,25.0
20170124,6,NO2_24h,和田地区,53.0
20170124,6,O3,和田地区,35.0
20170124,6,O3_24h,和田地区,73.0
20170124,6,O3_8h,和田地区,21.0
20170124,6,O3_8h_24h,和田地区,21.0
20170124,6,CO,和田地区,1.55
20170124,6,CO_24h,和田地区,2.7
20170124,7,AQI,和田地区,91.0
20170124,7,PM2.5,和田地区,68.0
20170124,7,PM2.5_24h,和田地区,74.0
20170124,7,PM10,和田地区,132.0
20170124,7,PM10_24h,和田地区,120.0
20170124,7,SO2,和田地区,43.0
20170124,7,SO2_24h,和田地区,72.0
20170124,7,NO2,和田地区,14.0
20170124,7,NO2_24h,和田地区,52.0
20170124,7,O3,和田地区,45.0
20170124,7,O3_24h,和田地区,73.0
20170124,7,O3_8h,和田地区,24.0
20170124,7,O3_8h_24h,和田地区,24.0
20170124,7,CO,和田地区,0.7
20170124,7,CO_24h,和田地区,2.6
20170124,8,AQI,和田地区,68.0
20170124,8,PM2.5,和田地区,49.0
20170124,8,PM2.5_24h,和田地区,73.0
20170124,8,PM10,和田地区,81.0
20170124,8,PM10_24h,和田地区,121.0
20170124,8,SO2,和田地区,36.0
20170124,8,SO2_24h,和田地区,72.0
20170124,8,NO2,和田地区,14.0
20170124,8,NO2_24h,和田地区,51.0
20170124,8,O3,和田地区,51.0
20170124,8,O3_24h,和田地区,73.0
20170124,8,O3_8h,和田地区,27.0
20170124,8,O3_8h_24h,和田地区,27.0
20170124,8,CO,和田地区,0.85
20170124,8,CO_24h,和田地区,2.5
20170124,9,AQI,和田地区,49.0
20170124,9,PM2.5,和田地区,34.0
20170124,9,PM2.5_24h,和田地区,72.0
20170124,9,PM10,和田地区,47.0
20170124,9,PM10_24h,和田地区,119.0
20170124,9,SO2,和田地区,46.0
20170124,9,SO2_24h,和田地区,71.0
20170124,9,NO2,和田地区,16.0
20170124,9,NO2_24h,和田地区,49.0
20170124,9,O3,和田地区,55.0
20170124,9,O3_24h,和田地区,73.0
20170124,9,O3_8h,和田地区,32.0
20170124,9,O3_8h_24h,和田地区,32.0
20170124,9,CO,和田地区,0.85
20170124,9,CO_24h,和田地区,2.45
20170124,10,AQI,和田地区,60.0
20170124,10,PM2.5,和田地区,41.0
20170124,10,PM2.5_24h,和田地区,70.0
20170124,10,PM10,和田地区,69.0
20170124,10,PM10_24h,和田地区,119.0
20170124,10,SO2,和田地区,55.0
20170124,10,SO2_24h,和田地区,70.0
20170124,10,NO2,和田地区,24.0
20170124,10,NO2_24h,和田地区,48.0
20170124,10,O3,和田地区,54.0
20170124,10,O3_24h,和田地区,73.0
20170124,10,O3_8h,和田地区,36.0
20170124,10,O3_8h_24h,和田地区,36.0
20170124,10,CO,和田地区,1.05
20170124,10,CO_24h,和田地区,2.3
20170124,11,AQI,和田地区,60.0
20170124,11,PM2.5,和田地区,43.0
20170124,11,PM2.5_24h,和田地区,66.0
20170124,11,PM10,和田地区,64.0
20170124,11,PM10_24h,和田地区,116.0
20170124,11,SO2,和田地区,73.0
20170124,11,SO2_24h,和田地区,68.0
20170124,11,NO2,和田地区,39.0
20170124,11,NO2_24h,和田地区,46.0
20170124,11,O3,和田地区,44.0
20170124,11,O3_24h,和田地区,73.0
20170124,11,O3_8h,和田地区,39.0
20170124,11,O3_8h_24h,和田地区,39.0
20170124,11,CO,和田地区,1.65
20170124,11,CO_24h,和田地区,2.2
20170124,12,AQI,和田地区,75.0
20170124,12,PM2.5,和田地区,55.0
20170124,12,PM2.5_24h,和田地区,61.0
20170124,12,PM10,和田地区,89.0
20170124,12,PM10_24h,和田地区,108.0
20170124,12,SO2,和田地区,97.0
20170124,12,SO2_24h,和田地区,66.0
20170124,12,NO2,和田地区,45.0
20170124,12,NO2_24h,和田地区,44.0
20170124,12,O3,和田地区,36.0
20170124,12,O3_24h,和田地区,73.0
20170124,12,O3_8h,和田地区,42.0
20170124,12,O3_8h_24h,和田地区,42.0
20170124,12,CO,和田地区,1.7
20170124,12,CO_24h,和田地区,2.0
20170124,13,AQI,和田地区,108.0
20170124,13,PM2.5,和田地区,81.0
20170124,13,PM2.5_24h,和田地区,58.0
20170124,13,PM10,和田地区,87.0
20170124,13,PM10_24h,和田地区,100.0
20170124,13,SO2,和田地区,52.0
20170124,13,SO2_24h,和田地区,63.0
20170124,13,NO2,和田地区,25.0
20170124,13,NO2_24h,和田地区,42.0
20170124,13,O3,和田地区,55.0
20170124,13,O3_24h,和田地区,73.0
20170124,13,O3_8h,和田地区,47.0
20170124,13,O3_8h_24h,和田地区,47.0
20170124,13,CO,和田地区,1.0
20170124,13,CO_24h,和田地区,1.9
20170124,14,AQI,和田地区,57.0
20170124,14,PM2.5,和田地区,38.0
20170124,14,PM2.5_24h,和田地区,54.0
20170124,14,PM10,和田地区,63.0
20170124,14,PM10_24h,和田地区,95.0
20170124,14,SO2,和田地区,33.0
20170124,14,SO2_24h,和田地区,62.0
20170124,14,NO2,和田地区,19.0
20170124,14,NO2_24h,和田地区,42.0
20170124,14,O3,和田地区,70.0
20170124,14,O3_24h,和田地区,75.0
20170124,14,O3_8h,和田地区,51.0
20170124,14,O3_8h_24h,和田地区,51.0
20170124,14,CO,和田地区,0.95
20170124,14,CO_24h,和田地区,1.85
20170124,15,AQI,和田地区,59.0
20170124,15,PM2.5,和田地区,28.0
20170124,15,PM2.5_24h,和田地区,52.0
20170124,15,PM10,和田地区,68.0
20170124,15,PM10_24h,和田地区,93.0
20170124,15,SO2,和田地区,17.0
20170124,15,SO2_24h,和田地区,62.0
20170124,15,NO2,和田地区,17.0
20170124,15,NO2_24h,和田地区,42.0
20170124,15,O3,和田地区,81.0
20170124,15,O3_24h,和田地区,81.0
20170124,15,O3_8h,和田地区,56.0
20170124,15,O3_8h_24h,和田地区,56.0
20170124,15,CO,和田地区,0.85
20170124,15,CO_24h,和田地区,1.85
20170124,16,AQI,和田地区,67.0
20170124,16,PM2.5,和田地区,45.0
20170124,16,PM2.5_24h,和田地区,52.0
20170124,16,PM10,和田地区,83.0
20170124,16,PM10_24h,和田地区,94.0
20170124,16,SO2,和田地区,16.0
20170124,16,SO2_24h,和田地区,63.0
20170124,16,NO2,和田地区,14.0
20170124,16,NO2_24h,和田地区,41.0
20170124,16,O3,和田地区,86.0
20170124,16,O3_24h,和田地区,86.0
20170124,16,O3_8h,和田地区,60.0
20170124,16,O3_8h_24h,和田地区,60.0
20170124,16,CO,和田地区,0.6
20170124,16,CO_24h,和田地区,1.8
20170124,17,AQI,和田地区,81.0
20170124,17,PM2.5,和田地区,25.0
20170124,17,PM2.5_24h,和田地区,52.0
20170124,17,PM10,和田地区,112.0
20170124,17,PM10_24h,和田地区,95.0
20170124,17,SO2,和田地区,30.0
20170124,17,SO2_24h,和田地区,64.0
20170124,17,NO2,和田地区,13.0
20170124,17,NO2_24h,和田地区,41.0
20170124,17,O3,和田地区,91.0
20170124,17,O3_24h,和田地区,91.0
20170124,17,O3_8h,和田地区,65.0
20170124,17,O3_8h_24h,和田地区,65.0
20170124,17,CO,和田地区,0.75
20170124,17,CO_24h,和田地区,1.8
20170124,18,AQI,和田地区,54.0
20170124,18,PM2.5,和田地区,15.0
20170124,18,PM2.5_24h,和田地区,51.0
20170124,18,PM10,和田地区,57.0
20170124,18,PM10_24h,和田地区,93.0
20170124,18,SO2,和田地区,28.0
20170124,18,SO2_24h,和田地区,65.0
20170124,18,NO2,和田地区,13.0
20170124,18,NO2_24h,和田地区,41.0
20170124,18,O3,和田地区,92.0
20170124,18,O3_24h,和田地区,93.0
20170124,18,O3_8h,和田地区,70.0
20170124,18,O3_8h_24h,和田地区,70.0
20170124,18,CO,和田地区,0.7
20170124,18,CO_24h,和田地区,1.85
20170124,19,AQI,和田地区,53.0
20170124,19,PM2.5,和田地区,23.0
20170124,19,PM2.5_24h,和田地区,50.0
20170124,19,PM10,和田地区,55.0
20170124,19,PM10_24h,和田地区,93.0
20170124,19,SO2,和田地区,31.0
20170124,19,SO2_24h,和田地区,65.0
20170124,19,NO2,和田地区,19.0
20170124,19,NO2_24h,和田地区,40.0
20170124,19,O3,和田地区,85.0
20170124,19,O3_24h,和田地区,93.0
20170124,19,O3_8h,和田地区,75.0
20170124,19,O3_8h_24h,和田地区,75.0
20170124,19,CO,和田地区,1.15
20170124,19,CO_24h,和田地区,1.85
20170124,20,AQI,和田地区,53.0
20170124,20,PM2.5,和田地区,30.0
20170124,20,PM2.5_24h,和田地区,50.0
20170124,20,PM10,和田地区,56.0
20170124,20,PM10_24h,和田地区,92.0
20170124,20,SO2,和田地区,42.0
20170124,20,SO2_24h,和田地区,65.0
20170124,20,NO2,和田地区,31.0
20170124,20,NO2_24h,和田地区,39.0
20170124,20,O3,和田地区,72.0
20170124,20,O3_24h,和田地区,93.0
20170124,20,O3_8h,和田地区,79.0
20170124,20,O3_8h_24h,和田地区,79.0
20170124,20,CO,和田地区,1.35
20170124,20,CO_24h,和田地区,1.85
20170124,21,AQI,和田地区,60.0
20170124,21,PM2.5,和田地区,34.0
20170124,21,PM2.5_24h,和田地区,50.0
20170124,21,PM10,和田地区,70.0
20170124,21,PM10_24h,和田地区,92.0
20170124,21,SO2,和田地区,61.0
20170124,21,SO2_24h,和田地区,65.0
20170124,21,NO2,和田地区,69.0
20170124,21,NO2_24h,和田地区,39.0
20170124,21,O3,和田地区,42.0
20170124,21,O3_24h,和田地区,93.0
20170124,21,O3_8h,和田地区,77.0
20170124,21,O3_8h_24h,和田地区,79.0
20170124,21,CO,和田地区,2.2
20170124,21,CO_24h,和田地区,1.8
20170124,22,AQI,和田地区,65.0
20170124,22,PM2.5,和田地区,45.0
20170124,22,PM2.5_24h,和田地区,48.0
20170124,22,PM10,和田地区,79.0
20170124,22,PM10_24h,和田地区,90.0
20170124,22,SO2,和田地区,146.0
20170124,22,SO2_24h,和田地区,67.0
20170124,22,NO2,和田地区,82.0
20170124,22,NO2_24h,和田地区,38.0
20170124,22,O3,和田地区,28.0
20170124,22,O3_24h,和田地区,93.0
20170124,22,O3_8h,和田地区,72.0
20170124,22,O3_8h_24h,和田地区,79.0
20170124,22,CO,和田地区,2.8
20170124,22,CO_24h,和田地区,1.8
20170124,23,AQI,和田地区,94.0
20170124,23,PM2.5,和田地区,70.0
20170124,23,PM2.5_24h,和田地区,47.0
20170124,23,PM10,和田地区,104.0
20170124,23,PM10_24h,和田地区,87.0
20170124,23,SO2,和田地区,183.0
20170124,23,SO2_24h,和田地区,73.0
20170124,23,NO2,和田地区,83.0
20170124,23,NO2_24h,和田地区,39.0
20170124,23,O3,和田地区,27.0
20170124,23,O3_24h,和田地区,93.0
20170124,23,O3_8h,和田地区,66.0
20170124,23,O3_8h_24h,和田地区,79.0
20170124,23,CO,和田地区,2.8
20170124,23,CO_24h,和田地区,1.8
20170124,0,AQI,伊犁哈萨克州,126.0
20170124,0,PM2.5,伊犁哈萨克州,96.0
20170124,0,PM2.5_24h,伊犁哈萨克州,96.0
20170124,0,PM10,伊犁哈萨克州,118.0
20170124,0,PM10_24h,伊犁哈萨克州,121.0
20170124,0,SO2,伊犁哈萨克州,47.0
20170124,0,SO2_24h,伊犁哈萨克州,58.0
20170124,0,NO2,伊犁哈萨克州,73.0
20170124,0,NO2_24h,伊犁哈萨克州,72.0
20170124,0,O3,伊犁哈萨克州,28.0
20170124,0,O3_24h,伊犁哈萨克州,69.0
20170124,0,O3_8h,伊犁哈萨克州,36.0
20170124,0,O3_8h_24h,伊犁哈萨克州,49.0
20170124,0,CO,伊犁哈萨克州,2.73
20170124,0,CO_24h,伊犁哈萨克州,3.37
20170124,1,AQI,伊犁哈萨克州,135.0
20170124,1,PM2.5,伊犁哈萨克州,103.0
20170124,1,PM2.5_24h,伊犁哈萨克州,96.0
20170124,1,PM10,伊犁哈萨克州,117.0
20170124,1,PM10_24h,伊犁哈萨克州,120.0
20170124,1,SO2,伊犁哈萨克州,54.0
20170124,1,SO2_24h,伊犁哈萨克州,58.0
20170124,1,NO2,伊犁哈萨克州,83.0
20170124,1,NO2_24h,伊犁哈萨克州,73.0
20170124,1,O3,伊犁哈萨克州,20.0
20170124,1,O3_24h,伊犁哈萨克州,69.0
20170124,1,O3_8h,伊犁哈萨克州,20.0
20170124,1,O3_8h_24h,伊犁哈萨克州,20.0
20170124,1,CO,伊犁哈萨克州,3.4
20170124,1,CO_24h,伊犁哈萨克州,3.37
20170124,2,AQI,伊犁哈萨克州,140.0
20170124,2,PM2.5,伊犁哈萨克州,107.0
20170124,2,PM2.5_24h,伊犁哈萨克州,97.0
20170124,2,PM10,伊犁哈萨克州,125.0
20170124,2,PM10_24h,伊犁哈萨克州,120.0
20170124,2,SO2,伊犁哈萨克州,52.0
20170124,2,SO2_24h,伊犁哈萨克州,59.0
20170124,2,NO2,伊犁哈萨克州,67.0
20170124,2,NO2_24h,伊犁哈萨克州,72.0
20170124,2,O3,伊犁哈萨克州,33.0
20170124,2,O3_24h,伊犁哈萨克州,69.0
20170124,2,O3_8h,伊犁哈萨克州,26.0
20170124,2,O3_8h_24h,伊犁哈萨克州,26.0
20170124,2,CO,伊犁哈萨克州,3.2
20170124,2,CO_24h,伊犁哈萨克州,3.33
20170124,3,AQI,伊犁哈萨克州,115.0
20170124,3,PM2.5,伊犁哈萨克州,87.0
20170124,3,PM2.5_24h,伊犁哈萨克州,96.0
20170124,3,PM10,伊犁哈萨克州,105.0
20170124,3,PM10_24h,伊犁哈萨克州,119.0
20170124,3,SO2,伊犁哈萨克州,43.0
20170124,3,SO2_24h,伊犁哈萨克州,59.0
20170124,3,NO2,伊犁哈萨克州,40.0
20170124,3,NO2_24h,伊犁哈萨克州,70.0
20170124,3,O3,伊犁哈萨克州,52.0
20170124,3,O3_24h,伊犁哈萨克州,69.0
20170124,3,O3_8h,伊犁哈萨克州,35.0
20170124,3,O3_8h_24h,伊犁哈萨克州,35.0
20170124,3,CO,伊犁哈萨克州,2.17
20170124,3,CO_24h,伊犁哈萨克州,3.27
20170124,4,AQI,伊犁哈萨克州,94.0
20170124,4,PM2.5,伊犁哈萨克州,70.0
20170124,4,PM2.5_24h,伊犁哈萨克州,94.0
20170124,4,PM10,伊犁哈萨克州,83.0
20170124,4,PM10_24h,伊犁哈萨克州,117.0
20170124,4,SO2,伊犁哈萨克州,36.0
20170124,4,SO2_24h,伊犁哈萨克州,59.0
20170124,4,NO2,伊犁哈萨克州,34.0
20170124,4,NO2_24h,伊犁哈萨克州,68.0
20170124,4,O3,伊犁哈萨克州,54.0
20170124,4,O3_24h,伊犁哈萨克州,69.0
20170124,4,O3_8h,伊犁哈萨克州,40.0
20170124,4,O3_8h_24h,伊犁哈萨克州,40.0
20170124,4,CO,伊犁哈萨克州,2.1
20170124,4,CO_24h,伊犁哈萨克州,3.1
20170124,5,AQI,伊犁哈萨克州,91.0
20170124,5,PM2.5,伊犁哈萨克州,68.0
20170124,5,PM2.5_24h,伊犁哈萨克州,103.0
20170124,5,PM10,伊犁哈萨克州,84.0
20170124,5,PM10_24h,伊犁哈萨克州,125.0
20170124,5,SO2,伊犁哈萨克州,26.0
20170124,5,SO2_24h,伊犁哈萨克州,62.0
20170124,5,NO2,伊犁哈萨克州,32.0
20170124,5,NO2_24h,伊犁哈萨克州,76.0
20170124,5,O3,伊犁哈萨克州,53.0
20170124,5,O3_24h,伊犁哈萨克州,62.0
20170124,5,O3_8h,伊犁哈萨克州,39.0
20170124,5,O3_8h_24h,伊犁哈萨克州,39.0
20170124,5,CO,伊犁哈萨克州,2.15
20170124,5,CO_24h,伊犁哈萨克州,3.3
20170124,6,AQI,伊犁哈萨克州,99.0
20170124,6,PM2.5,伊犁哈萨克州,74.0
20170124,6,PM2.5_24h,伊犁哈萨克州,101.0
20170124,6,PM10,伊犁哈萨克州,79.0
20170124,6,PM10_24h,伊犁哈萨克州,123.0
20170124,6,SO2,伊犁哈萨克州,38.0
20170124,6,SO2_24h,伊犁哈萨克州,62.0
20170124,6,NO2,伊犁哈萨克州,43.0
20170124,6,NO2_24h,伊犁哈萨克州,73.0
20170124,6,O3,伊犁哈萨克州,44.0
20170124,6,O3_24h,伊犁哈萨克州,62.0
20170124,6,O3_8h,伊犁哈萨克州,40.0
20170124,6,O3_8h_24h,伊犁哈萨克州,41.0
20170124,6,CO,伊犁哈萨克州,1.95
20170124,6,CO_24h,伊犁哈萨克州,3.15
20170124,7,AQI,伊犁哈萨克州,91.0
20170124,7,PM2.5,伊犁哈萨克州,68.0
20170124,7,PM2.5_24h,伊犁哈萨克州,91.0
20170124,7,PM10,伊犁哈萨克州,79.0
20170124,7,PM10_24h,伊犁哈萨克州,112.0
20170124,7,SO2,伊犁哈萨克州,36.0
20170124,7,SO2_24h,伊犁哈萨克州,57.0
20170124,7,NO2,伊犁哈萨克州,38.0
20170124,7,NO2_24h,伊犁哈萨克州,63.0
20170124,7,O3,伊犁哈萨克州,49.0
20170124,7,O3_24h,伊犁哈萨克州,69.0
20170124,7,O3_8h,伊犁哈萨克州,44.0
20170124,7,O3_8h_24h,伊犁哈萨克州,44.0
20170124,7,CO,伊犁哈萨克州,1.63
20170124,7,CO_24h,伊犁哈萨克州,2.87
20170124,8,AQI,伊犁哈萨克州,81.0
20170124,8,PM2.5,伊犁哈萨克州,60.0
20170124,8,PM2.5_24h,伊犁哈萨克州,89.0
20170124,8,PM10,伊犁哈萨克州,81.0
20170124,8,PM10_24h,伊犁哈萨克州,111.0
20170124,8,SO2,伊犁哈萨克州,32.0
20170124,8,SO2_24h,伊犁哈萨克州,57.0
20170124,8,NO2,伊犁哈萨克州,36.0
20170124,8,NO2_24h,伊犁哈萨克州,62.0
20170124,8,O3,伊犁哈萨克州,48.0
20170124,8,O3_24h,伊犁哈萨克州,69.0
20170124,8,O3_8h,伊犁哈萨克州,44.0
20170124,8,O3_8h_24h,伊犁哈萨克州,45.0
20170124,8,CO,伊犁哈萨克州,1.57
20170124,8,CO_24h,伊犁哈萨克州,2.8
20170124,9,AQI,伊犁哈萨克州,79.0
20170124,9,PM2.5,伊犁哈萨克州,58.0
20170124,9,PM2.5_24h,伊犁哈萨克州,89.0
20170124,9,PM10,伊犁哈萨克州,77.0
20170124,9,PM10_24h,伊犁哈萨克州,110.0
20170124,9,SO2,伊犁哈萨克州,32.0
20170124,9,SO2_24h,伊犁哈萨克州,57.0
20170124,9,NO2,伊犁哈萨克州,40.0
20170124,9,NO2_24h,伊犁哈萨克州,61.0
20170124,9,O3,伊犁哈萨克州,47.0
20170124,9,O3_24h,伊犁哈萨克州,69.0
20170124,9,O3_8h,伊犁哈萨克州,48.0
20170124,9,O3_8h_24h,伊犁哈萨克州,48.0
20170124,9,CO,伊犁哈萨克州,1.57
20170124,9,CO_24h,伊犁哈萨克州,2.73
20170124,10,AQI,伊犁哈萨克州,85.0
20170124,10,PM2.5,伊犁哈萨克州,63.0
20170124,10,PM2.5_24h,伊犁哈萨克州,89.0
20170124,10,PM10,伊犁哈萨克州,83.0
20170124,10,PM10_24h,伊犁哈萨克州,109.0
20170124,10,SO2,伊犁哈萨克州,41.0
20170124,10,SO2_24h,伊犁哈萨克州,57.0
20170124,10,NO2,伊犁哈萨克州,63.0
20170124,10,NO2_24h,伊犁哈萨克州,61.0
20170124,10,O3,伊犁哈萨克州,32.0
20170124,10,O3_24h,伊犁哈萨克州,69.0
20170124,10,O3_8h,伊犁哈萨克州,48.0
20170124,10,O3_8h_24h,伊犁哈萨克州,49.0
20170124,10,CO,伊犁哈萨克州,1.77
20170124,10,CO_24h,伊犁哈萨克州,2.67
20170124,11,AQI,伊犁哈萨克州,93.0
20170124,11,PM2.5,伊犁哈萨克州,69.0
20170124,11,PM2.5_24h,伊犁哈萨克州,88.0
20170124,11,PM10,伊犁哈萨克州,84.0
20170124,11,PM10_24h,伊犁哈萨克州,108.0
20170124,11,SO2,伊犁哈萨克州,36.0
20170124,11,SO2_24h,伊犁哈萨克州,56.0
20170124,11,NO2,伊犁哈萨克州,63.0
20170124,11,NO2_24h,伊犁哈萨克州,59.0
20170124,11,O3,伊犁哈萨克州,31.0
20170124,11,O3_24h,伊犁哈萨克州,69.0
20170124,11,O3_8h,伊犁哈萨克州,45.0
20170124,11,O3_8h_24h,伊犁哈萨克州,49.0
20170124,11,CO,伊犁哈萨克州,1.87
20170124,11,CO_24h,伊犁哈萨克州,2.53
20170124,12,AQI,伊犁哈萨克州,98.0
20170124,12,PM2.5,伊犁哈萨克州,73.0
20170124,12,PM2.5_24h,伊犁哈萨克州,86.0
20170124,12,PM10,伊犁哈萨克州,85.0
20170124,12,PM10_24h,伊犁哈萨克州,105.0
20170124,12,SO2,伊犁哈萨克州,41.0
20170124,12,SO2_24h,伊犁哈萨克州,55.0
20170124,12,NO2,伊犁哈萨克州,62.0
20170124,12,NO2_24h,伊犁哈萨克州,58.0
20170124,12,O3,伊犁哈萨克州,37.0
20170124,12,O3_24h,伊犁哈萨克州,69.0
20170124,12,O3_8h,伊犁哈萨克州,43.0
20170124,12,O3_8h_24h,伊犁哈萨克州,49.0
20170124,12,CO,伊犁哈萨克州,2.33
20170124,12,CO_24h,伊犁哈萨克州,2.37
20170124,13,AQI,伊犁哈萨克州,121.0
20170124,13,PM2.5,伊犁哈萨克州,92.0
20170124,13,PM2.5_24h,伊犁哈萨克州,85.0
20170124,13,PM10,伊犁哈萨克州,98.0
20170124,13,PM10_24h,伊犁哈萨克州,103.0
20170124,13,SO2,伊犁哈萨克州,66.0
20170124,13,SO2_24h,伊犁哈萨克州,54.0
20170124,13,NO2,伊犁哈萨克州,66.0
20170124,13,NO2_24h,伊犁哈萨克州,58.0
20170124,13,O3,伊犁哈萨克州,32.0
20170124,13,O3_24h,伊犁哈萨克州,69.0
20170124,13,O3_8h,伊犁哈萨克州,40.0
20170124,13,O3_8h_24h,伊犁哈萨克州,49.0
20170124,13,CO,伊犁哈萨克州,2.5
20170124,13,CO_24h,伊犁哈萨克州,2.33
20170124,14,AQI,伊犁哈萨克州,123.0
20170124,14,PM2.5,伊犁哈萨克州,93.0
20170124,14,PM2.5_24h,伊犁哈萨克州,84.0
20170124,14,PM10,伊犁哈萨克州,100.0
20170124,14,PM10_24h,伊犁哈萨克州,103.0
20170124,14,SO2,伊犁哈萨克州,47.0
20170124,14,SO2_24h,伊犁哈萨克州,54.0
20170124,14,NO2,伊犁哈萨克州,44.0
20170124,14,NO2_24h,伊犁哈萨克州,58.0
20170124,14,O3,伊犁哈萨克州,42.0
20170124,14,O3_24h,伊犁哈萨克州,69.0
20170124,14,O3_8h,伊犁哈萨克州,40.0
20170124,14,O3_8h_24h,伊犁哈萨克州,49.0
20170124,14,CO,伊犁哈萨克州,1.97
20170124,14,CO_24h,伊犁哈萨克州,2.33
20170124,15,AQI,伊犁哈萨克州,75.0
20170124,15,PM2.5,伊犁哈萨克州,55.0
20170124,15,PM2.5_24h,伊犁哈萨克州,83.0
20170124,15,PM10,伊犁哈萨克州,58.0
20170124,15,PM10_24h,伊犁哈萨克州,102.0
20170124,15,SO2,伊犁哈萨克州,44.0
20170124,15,SO2_24h,伊犁哈萨克州,48.0
20170124,15,NO2,伊犁哈萨克州,25.0
20170124,15,NO2_24h,伊犁哈萨克州,58.0
20170124,15,O3,伊犁哈萨克州,48.0
20170124,15,O3_24h,伊犁哈萨克州,69.0
20170124,15,O3_8h,伊犁哈萨克州,40.0
20170124,15,O3_8h_24h,伊犁哈萨克州,49.0
20170124,15,CO,伊犁哈萨克州,1.1
20170124,15,CO_24h,伊犁哈萨克州,2.3
20170124,16,AQI,伊犁哈萨克州,51.0
20170124,16,PM2.5,伊犁哈萨克州,36.0
20170124,16,PM2.5_24h,伊犁哈萨克州,82.0
20170124,16,PM10,伊犁哈萨克州,40.0
20170124,16,PM10_24h,伊犁哈萨克州,99.0
20170124,16,SO2,伊犁哈萨克州,21.0
20170124,16,SO2_24h,伊犁哈萨克州,46.0
20170124,16,NO2,伊犁哈萨克州,14.0
20170124,16,NO2_24h,伊犁哈萨克州,57.0
20170124,16,O3,伊犁哈萨克州,42.0
20170124,16,O3_24h,伊犁哈萨克州,64.0
20170124,16,O3_8h,伊犁哈萨克州,39.0
20170124,16,O3_8h_24h,伊犁哈萨克州,49.0
20170124,16,CO,伊犁哈萨克州,0.77
20170124,16,CO_24h,伊犁哈萨克州,2.27
20170124,17,AQI,伊犁哈萨克州,43.0
20170124,17,PM2.5,伊犁哈萨克州,30.0
20170124,17,PM2.5_24h,伊犁哈萨克州,80.0
20170124,17,PM10,伊犁哈萨克州,29.0
20170124,17,PM10_24h,伊犁哈萨克州,98.0
20170124,17,SO2,伊犁哈萨克州,36.0
20170124,17,SO2_24h,伊犁哈萨克州,46.0
20170124,17,NO2,伊犁哈萨克州,17.0
20170124,17,NO2_24h,伊犁哈萨克州,56.0
20170124,17,O3,伊犁哈萨克州,46.0
20170124,17,O3_24h,伊犁哈萨克州,61.0
20170124,17,O3_8h,伊犁哈萨克州,39.0
20170124,17,O3_8h_24h,伊犁哈萨克州,49.0
20170124,17,CO,伊犁哈萨克州,0.63
20170124,17,CO_24h,伊犁哈萨克州,2.2
20170124,18,AQI,伊犁哈萨克州,27.0
20170124,18,PM2.5,伊犁哈萨克州,18.0
20170124,18,PM2.5_24h,伊犁哈萨克州,77.0
20170124,18,PM10,伊犁哈萨克州,23.0
20170124,18,PM10_24h,伊犁哈萨克州,95.0
20170124,18,SO2,伊犁哈萨克州,80.0
20170124,18,SO2_24h,伊犁哈萨克州,46.0
20170124,18,NO2,伊犁哈萨克州,16.0
20170124,18,NO2_24h,伊犁哈萨克州,53.0
20170124,18,O3,伊犁哈萨克州,51.0
20170124,18,O3_24h,伊犁哈萨克州,58.0
20170124,18,O3_8h,伊犁哈萨克州,41.0
20170124,18,O3_8h_24h,伊犁哈萨克州,49.0
20170124,18,CO,伊犁哈萨克州,0.6
20170124,18,CO_24h,伊犁哈萨克州,2.1
20170124,19,AQI,伊犁哈萨克州,33.0
20170124,19,PM2.5,伊犁哈萨克州,16.0
20170124,19,PM2.5_24h,伊犁哈萨克州,74.0
20170124,19,PM10,伊犁哈萨克州,30.0
20170124,19,PM10_24h,伊犁哈萨克州,92.0
20170124,19,SO2,伊犁哈萨克州,100.0
20170124,19,SO2_24h,伊犁哈萨克州,48.0
20170124,19,NO2,伊犁哈萨克州,24.0
20170124,19,NO2_24h,伊犁哈萨克州,51.0
20170124,19,O3,伊犁哈萨克州,49.0
20170124,19,O3_24h,伊犁哈萨克州,58.0
20170124,19,O3_8h,伊犁哈萨克州,43.0
20170124,19,O3_8h_24h,伊犁哈萨克州,50.0
20170124,19,CO,伊犁哈萨克州,0.6
20170124,19,CO_24h,伊犁哈萨克州,2.03
20170124,20,AQI,伊犁哈萨克州,45.0
20170124,20,PM2.5,伊犁哈萨克州,19.0
20170124,20,PM2.5_24h,伊犁哈萨克州,69.0
20170124,20,PM10,伊犁哈萨克州,36.0
20170124,20,PM10_24h,伊犁哈萨克州,86.0
20170124,20,SO2,伊犁哈萨克州,136.0
20170124,20,SO2_24h,伊犁哈萨克州,50.0
20170124,20,NO2,伊犁哈萨克州,36.0
20170124,20,NO2_24h,伊犁哈萨克州,48.0
20170124,20,O3,伊犁哈萨克州,40.0
20170124,20,O3_24h,伊犁哈萨克州,58.0
20170124,20,O3_8h,伊犁哈萨克州,44.0
20170124,20,O3_8h_24h,伊犁哈萨克州,51.0
20170124,20,CO,伊犁哈萨克州,0.73
20170124,20,CO_24h,伊犁哈萨克州,1.9
20170124,21,AQI,伊犁哈萨克州,30.0
20170124,21,PM2.5,伊犁哈萨克州,18.0
20170124,21,PM2.5_24h,伊犁哈萨克州,65.0
20170124,21,PM10,伊犁哈萨克州,30.0
20170124,21,PM10_24h,伊犁哈萨克州,81.0
20170124,21,SO2,伊犁哈萨克州,63.0
20170124,21,SO2_24h,伊犁哈萨克州,50.0
20170124,21,NO2,伊犁哈萨克州,30.0
20170124,21,NO2_24h,伊犁哈萨克州,45.0
20170124,21,O3,伊犁哈萨克州,41.0
20170124,21,O3_24h,伊犁哈萨克州,58.0
20170124,21,O3_8h,伊犁哈萨克州,45.0
20170124,21,O3_8h_24h,伊犁哈萨克州,52.0
20170124,21,CO,伊犁哈萨克州,0.83
20170124,21,CO_24h,伊犁哈萨克州,1.77
20170124,22,AQI,伊犁哈萨克州,34.0
20170124,22,PM2.5,伊犁哈萨克州,24.0
20170124,22,PM2.5_24h,伊犁哈萨克州,62.0
20170124,22,PM10,伊犁哈萨克州,32.0
20170124,22,PM10_24h,伊犁哈萨克州,77.0
20170124,22,SO2,伊犁哈萨克州,40.0
20170124,22,SO2_24h,伊犁哈萨克州,50.0
20170124,22,NO2,伊犁哈萨克州,26.0
20170124,22,NO2_24h,伊犁哈萨克州,43.0
20170124,22,O3,伊犁哈萨克州,42.0
20170124,22,O3_24h,伊犁哈萨克州,58.0
20170124,22,O3_8h,伊犁哈萨克州,45.0
20170124,22,O3_8h_24h,伊犁哈萨克州,52.0
20170124,22,CO,伊犁哈萨克州,0.83
20170124,22,CO_24h,伊犁哈萨克州,1.73
20170124,23,AQI,伊犁哈萨克州,31.0
20170124,23,PM2.5,伊犁哈萨克州,22.0
20170124,23,PM2.5_24h,伊犁哈萨克州,59.0
20170124,23,PM10,伊犁哈萨克州,13.0
20170124,23,PM10_24h,伊犁哈萨克州,74.0
20170124,23,SO2,伊犁哈萨克州,43.0
20170124,23,SO2_24h,伊犁哈萨克州,50.0
20170124,23,NO2,伊犁哈萨克州,23.0
20170124,23,NO2_24h,伊犁哈萨克州,41.0
20170124,23,O3,伊犁哈萨克州,47.0
20170124,23,O3_24h,伊犁哈萨克州,58.0
20170124,23,O3_8h,伊犁哈萨克州,45.0
20170124,23,O3_8h_24h,伊犁哈萨克州,52.0
20170124,23,CO,伊犁哈萨克州,0.8
20170124,23,CO_24h,伊犁哈萨克州,1.63
20170124,0,AQI,塔城地区,66.0
20170124,0,PM2.5,塔城地区,46.0
20170124,0,PM2.5_24h,塔城地区,31.0
20170124,0,PM10,塔城地区,81.0
20170124,0,PM10_24h,塔城地区,56.0
20170124,0,SO2,塔城地区,6.0
20170124,0,SO2_24h,塔城地区,10.0
20170124,0,NO2,塔城地区,24.0
20170124,0,NO2_24h,塔城地区,19.0
20170124,0,O3,塔城地区,89.0
20170124,0,O3_24h,塔城地区,123.0
20170124,0,O3_8h,塔城地区,103.0
20170124,0,O3_8h_24h,塔城地区,108.0
20170124,0,CO,塔城地区,2.6
20170124,0,CO_24h,塔城地区,2.3
20170124,1,AQI,塔城地区,66.0
20170124,1,PM2.5,塔城地区,48.0
20170124,1,PM2.5_24h,塔城地区,31.0
20170124,1,PM10,塔城地区,73.0
20170124,1,PM10_24h,塔城地区,55.0
20170124,1,SO2,塔城地区,6.0
20170124,1,SO2_24h,塔城地区,10.0
20170124,1,NO2,塔城地区,13.0
20170124,1,NO2_24h,塔城地区,19.0
20170124,1,O3,塔城地区,103.0
20170124,1,O3_24h,塔城地区,123.0
20170124,1,O3_8h,塔城地区,103.0
20170124,1,O3_8h_24h,塔城地区,103.0
20170124,1,CO,塔城地区,2.0
20170124,1,CO_24h,塔城地区,2.3
20170124,2,AQI,塔城地区,66.0
20170124,2,PM2.5,塔城地区,48.0
20170124,2,PM2.5_24h,塔城地区,31.0
20170124,2,PM10,塔城地区,64.0
20170124,2,PM10_24h,塔城地区,54.0
20170124,2,SO2,塔城地区,5.0
20170124,2,SO2_24h,塔城地区,10.0
20170124,2,NO2,塔城地区,15.0
20170124,2,NO2_24h,塔城地区,19.0
20170124,2,O3,塔城地区,98.0
20170124,2,O3_24h,塔城地区,123.0
20170124,2,O3_8h,塔城地区,100.0
20170124,2,O3_8h_24h,塔城地区,103.0
20170124,2,CO,塔城地区,2.1
20170124,2,CO_24h,塔城地区,2.3
20170124,3,AQI,塔城地区,61.0
20170124,3,PM2.5,塔城地区,41.0
20170124,3,PM2.5_24h,塔城地区,31.0
20170124,3,PM10,塔城地区,71.0
20170124,3,PM10_24h,塔城地区,55.0
20170124,3,SO2,塔城地区,5.0
20170124,3,SO2_24h,塔城地区,10.0
20170124,3,NO2,塔城地区,27.0
20170124,3,NO2_24h,塔城地区,19.0
20170124,3,O3,塔城地区,73.0
20170124,3,O3_24h,塔城地区,123.0
20170124,3,O3_8h,塔城地区,91.0
20170124,3,O3_8h_24h,塔城地区,103.0
20170124,3,CO,塔城地区,3.2
20170124,3,CO_24h,塔城地区,2.3
20170124,4,AQI,塔城地区,74.0
20170124,4,PM2.5,塔城地区,54.0
20170124,4,PM2.5_24h,塔城地区,33.0
20170124,4,PM10,塔城地区,92.0
20170124,4,PM10_24h,塔城地区,57.0
20170124,4,SO2,塔城地区,5.0
20170124,4,SO2_24h,塔城地区,10.0
20170124,4,NO2,塔城地区,20.0
20170124,4,NO2_24h,塔城地区,19.0
20170124,4,O3,塔城地区,79.0
20170124,4,O3_24h,塔城地区,123.0
20170124,4,O3_8h,塔城地区,88.0
20170124,4,O3_8h_24h,塔城地区,103.0
20170124,4,CO,塔城地区,2.6
20170124,4,CO_24h,塔城地区,2.3
20170124,5,AQI,塔城地区,74.0
20170124,5,PM2.5,塔城地区,54.0
20170124,5,PM2.5_24h,塔城地区,34.0
20170124,5,PM10,塔城地区,78.0
20170124,5,PM10_24h,塔城地区,59.0
20170124,5,SO2,塔城地区,4.0
20170124,5,SO2_24h,塔城地区,10.0
20170124,5,NO2,塔城地区,17.0
20170124,5,NO2_24h,塔城地区,19.0
20170124,5,O3,塔城地区,87.0
20170124,5,O3_24h,塔城地区,123.0
20170124,5,O3_8h,塔城地区,88.0
20170124,5,O3_8h_24h,塔城地区,103.0
20170124,5,CO,塔城地区,2.3
20170124,5,CO_24h,塔城地区,2.3
20170124,6,AQI,塔城地区,78.0
20170124,6,PM2.5,塔城地区,57.0
20170124,6,PM2.5_24h,塔城地区,36.0
20170124,6,PM10,塔城地区,81.0
20170124,6,PM10_24h,塔城地区,61.0
20170124,6,SO2,塔城地区,5.0
20170124,6,SO2_24h,塔城地区,10.0
20170124,6,NO2,塔城地区,11.0
20170124,6,NO2_24h,塔城地区,19.0
20170124,6,O3,塔城地区,91.0
20170124,6,O3_24h,塔城地区,123.0
20170124,6,O3_8h,塔城地区,88.0
20170124,6,O3_8h_24h,塔城地区,103.0
20170124,6,CO,塔城地区,2.0
20170124,6,CO_24h,塔城地区,2.3
20170124,7,AQI,塔城地区,63.0
20170124,7,PM2.5,塔城地区,42.0
20170124,7,PM2.5_24h,塔城地区,38.0
20170124,7,PM10,塔城地区,76.0
20170124,7,PM10_24h,塔城地区,63.0
20170124,7,SO2,塔城地区,5.0
20170124,7,SO2_24h,塔城地区,10.0
20170124,7,NO2,塔城地区,11.0
20170124,7,NO2_24h,塔城地区,19.0
20170124,7,O3,塔城地区,95.0
20170124,7,O3_24h,塔城地区,123.0
20170124,7,O3_8h,塔城地区,89.0
20170124,7,O3_8h_24h,塔城地区,103.0
20170124,7,CO,塔城地区,1.9
20170124,7,CO_24h,塔城地区,2.3
20170124,8,AQI,塔城地区,68.0
20170124,8,PM2.5,塔城地区,49.0
20170124,8,PM2.5_24h,塔城地区,39.0
20170124,8,PM10,塔城地区,69.0
20170124,8,PM10_24h,塔城地区,65.0
20170124,8,SO2,塔城地区,5.0
20170124,8,SO2_24h,塔城地区,10.0
20170124,8,NO2,塔城地区,17.0
20170124,8,NO2_24h,塔城地区,20.0
20170124,8,O3,塔城地区,86.0
20170124,8,O3_24h,塔城地区,123.0
20170124,8,O3_8h,塔城地区,89.0
20170124,8,O3_8h_24h,塔城地区,103.0
20170124,8,CO,塔城地区,2.5
20170124,8,CO_24h,塔城地区,2.3
20170124,9,AQI,塔城地区,66.0
20170124,9,PM2.5,塔城地区,48.0
20170124,9,PM2.5_24h,塔城地区,41.0
20170124,9,PM10,塔城地区,71.0
20170124,9,PM10_24h,塔城地区,68.0
20170124,9,SO2,塔城地区,6.0
20170124,9,SO2_24h,塔城地区,10.0
20170124,9,NO2,塔城地区,31.0
20170124,9,NO2_24h,塔城地区,20.0
20170124,9,O3,塔城地区,67.0
20170124,9,O3_24h,塔城地区,123.0
20170124,9,O3_8h,塔城地区,84.0
20170124,9,O3_8h_24h,塔城地区,103.0
20170124,9,CO,塔城地区,2.5
20170124,9,CO_24h,塔城地区,2.2
20170124,10,AQI,塔城地区,72.0
20170124,10,PM2.5,塔城地区,41.0
20170124,10,PM2.5_24h,塔城地区,42.0
20170124,10,PM10,塔城地区,94.0
20170124,10,PM10_24h,塔城地区,70.0
20170124,10,SO2,塔城地区,6.0
20170124,10,SO2_24h,塔城地区,10.0
20170124,10,NO2,塔城地区,26.0
20170124,10,NO2_24h,塔城地区,20.0
20170124,10,O3,塔城地区,74.0
20170124,10,O3_24h,塔城地区,123.0
20170124,10,O3_8h,塔城地区,82.0
20170124,10,O3_8h_24h,塔城地区,103.0
20170124,10,CO,塔城地区,2.1
20170124,10,CO_24h,塔城地区,2.2
20170124,11,AQI,塔城地区,60.0
20170124,11,PM2.5,塔城地区,43.0
20170124,11,PM2.5_24h,塔城地区,43.0
20170124,11,PM10,塔城地区,65.0
20170124,11,PM10_24h,塔城地区,70.0
20170124,11,SO2,塔城地区,7.0
20170124,11,SO2_24h,塔城地区,10.0
20170124,11,NO2,塔城地区,27.0
20170124,11,NO2_24h,塔城地区,20.0
20170124,11,O3,塔城地区,77.0
20170124,11,O3_24h,塔城地区,123.0
20170124,11,O3_8h,塔城地区,82.0
20170124,11,O3_8h_24h,塔城地区,103.0
20170124,11,CO,塔城地区,2.0
20170124,11,CO_24h,塔城地区,2.2
20170124,12,AQI,塔城地区,70.0
20170124,12,PM2.5,塔城地区,51.0
20170124,12,PM2.5_24h,塔城地区,44.0
20170124,12,PM10,塔城地区,65.0
20170124,12,PM10_24h,塔城地区,71.0
20170124,12,SO2,塔城地区,8.0
20170124,12,SO2_24h,塔城地区,10.0
20170124,12,NO2,塔城地区,28.0
20170124,12,NO2_24h,塔城地区,20.0
20170124,12,O3,塔城地区,79.0
20170124,12,O3_24h,塔城地区,123.0
20170124,12,O3_8h,塔城地区,82.0
20170124,12,O3_8h_24h,塔城地区,103.0
20170124,12,CO,塔城地区,2.2
20170124,12,CO_24h,塔城地区,2.1
20170124,13,AQI,塔城地区,65.0
20170124,13,PM2.5,塔城地区,39.0
20170124,13,PM2.5_24h,塔城地区,44.0
20170124,13,PM10,塔城地区,79.0
20170124,13,PM10_24h,塔城地区,71.0
20170124,13,SO2,塔城地区,14.0
20170124,13,SO2_24h,塔城地区,11.0
20170124,13,NO2,塔城地区,27.0
20170124,13,NO2_24h,塔城地区,20.0
20170124,13,O3,塔城地区,84.0
20170124,13,O3_24h,塔城地区,123.0
20170124,13,O3_8h,塔城地区,82.0
20170124,13,O3_8h_24h,塔城地区,103.0
20170124,13,CO,塔城地区,2.1
20170124,13,CO_24h,塔城地区,2.1
20170124,14,AQI,塔城地区,76.0
20170124,14,PM2.5,塔城地区,56.0
20170124,14,PM2.5_24h,塔城地区,44.0
20170124,14,PM10,塔城地区,83.0
20170124,14,PM10_24h,塔城地区,72.0
20170124,14,SO2,塔城地区,17.0
20170124,14,SO2_24h,塔城地区,11.0
20170124,14,NO2,塔城地区,23.0
20170124,14,NO2_24h,塔城地区,19.0
20170124,14,O3,塔城地区,91.0
20170124,14,O3_24h,塔城地区,123.0
20170124,14,O3_8h,塔城地区,82.0
20170124,14,O3_8h_24h,塔城地区,103.0
20170124,14,CO,塔城地区,2.1
20170124,14,CO_24h,塔城地区,2.1
20170124,15,AQI,塔城地区,74.0
20170124,15,PM2.5,塔城地区,54.0
20170124,15,PM2.5_24h,塔城地区,45.0
20170124,15,PM10,塔城地区,77.0
20170124,15,PM10_24h,塔城地区,72.0
20170124,15,SO2,塔城地区,20.0
20170124,15,SO2_24h,塔城地区,11.0
20170124,15,NO2,塔城地区,20.0
20170124,15,NO2_24h,塔城地区,20.0
20170124,15,O3,塔城地区,91.0
20170124,15,O3_24h,塔城地区,123.0
20170124,15,O3_8h,塔城地区,81.0
20170124,15,O3_8h_24h,塔城地区,103.0
20170124,15,CO,塔城地区,1.9
20170124,15,CO_24h,塔城地区,2.1
20170124,16,AQI,塔城地区,60.0
20170124,16,PM2.5,塔城地区,43.0
20170124,16,PM2.5_24h,塔城地区,46.0
20170124,16,PM10_24h,塔城地区,73.0
20170124,16,SO2,塔城地区,22.0
20170124,16,SO2_24h,塔城地区,11.0
20170124,16,NO2,塔城地区,18.0
20170124,16,NO2_24h,塔城地区,20.0
20170124,16,O3,塔城地区,93.0
20170124,16,O3_24h,塔城地区,123.0
20170124,16,O3_8h,塔城地区,82.0
20170124,16,O3_8h_24h,塔城地区,103.0
20170124,16,CO,塔城地区,1.8
20170124,16,CO_24h,塔城地区,2.1
20170124,17,AQI,塔城地区,53.0
20170124,17,PM2.5,塔城地区,37.0
20170124,17,PM2.5_24h,塔城地区,46.0
20170124,17,PM10,塔城地区,44.0
20170124,17,PM10_24h,塔城地区,72.0
20170124,17,SO2,塔城地区,22.0
20170124,17,SO2_24h,塔城地区,12.0
20170124,17,NO2,塔城地区,21.0
20170124,17,NO2_24h,塔城地区,21.0
20170124,17,O3,塔城地区,89.0
20170124,17,O3_24h,塔城地区,110.0
20170124,17,O3_8h,塔城地区,85.0
20170124,17,O3_8h_24h,塔城地区,103.0
20170124,17,CO,塔城地区,1.8
20170124,17,CO_24h,塔城地区,2.1
20170124,18,AQI,塔城地区,56.0
20170124,18,PM2.5,塔城地区,40.0
20170124,18,PM2.5_24h,塔城地区,46.0
20170124,18,PM10,塔城地区,59.0
20170124,18,PM10_24h,塔城地区,72.0
20170124,18,SO2,塔城地区,20.0
20170124,18,SO2_24h,塔城地区,11.0
20170124,18,NO2,塔城地区,23.0
20170124,18,NO2_24h,塔城地区,21.0
20170124,18,O3,塔城地区,87.0
20170124,18,O3_24h,塔城地区,110.0
20170124,18,O3_8h,塔城地区,86.0
20170124,18,O3_8h_24h,塔城地区,103.0
20170124,18,CO,塔城地区,1.8
20170124,18,CO_24h,塔城地区,2.2
20170124,19,AQI,塔城地区,53.0
20170124,19,PM2.5,塔城地区,33.0
20170124,19,PM2.5_24h,塔城地区,46.0
20170124,19,PM10,塔城地区,56.0
20170124,19,PM10_24h,塔城地区,72.0
20170124,19,SO2,塔城地区,18.0
20170124,19,SO2_24h,塔城地区,11.0
20170124,19,NO2,塔城地区,21.0
20170124,19,NO2_24h,塔城地区,21.0
20170124,19,O3,塔城地区,92.0
20170124,19,O3_24h,塔城地区,108.0
20170124,19,O3_8h,塔城地区,88.0
20170124,19,O3_8h_24h,塔城地区,103.0
20170124,19,CO,塔城地区,1.9
20170124,19,CO_24h,塔城地区,2.2
20170124,20,AQI,塔城地区,60.0
20170124,20,PM2.5,塔城地区,40.0
20170124,20,PM2.5_24h,塔城地区,46.0
20170124,20,PM10,塔城地区,69.0
20170124,20,PM10_24h,塔城地区,73.0
20170124,20,SO2,塔城地区,10.0
20170124,20,SO2_24h,塔城地区,10.0
20170124,20,NO2,塔城地区,24.0
20170124,20,NO2_24h,塔城地区,21.0
20170124,20,O3,塔城地区,84.0
20170124,20,O3_24h,塔城地区,107.0
20170124,20,O3_8h,塔城地区,89.0
20170124,20,O3_8h_24h,塔城地区,103.0
20170124,20,CO,塔城地区,1.9
20170124,20,CO_24h,塔城地区,2.2
20170124,21,AQI,塔城地区,64.0
20170124,21,PM2.5,塔城地区,36.0
20170124,21,PM2.5_24h,塔城地区,46.0
20170124,21,PM10,塔城地区,78.0
20170124,21,PM10_24h,塔城地区,73.0
20170124,21,SO2,塔城地区,7.0
20170124,21,SO2_24h,塔城地区,10.0
20170124,21,NO2,塔城地区,17.0
20170124,21,NO2_24h,塔城地区,21.0
20170124,21,O3,塔城地区,89.0
20170124,21,O3_24h,塔城地区,107.0
20170124,21,O3_8h,塔城地区,90.0
20170124,21,O3_8h_24h,塔城地区,103.0
20170124,21,CO,塔城地区,1.8
20170124,21,CO_24h,塔城地区,2.1
20170124,22,AQI,塔城地区,58.0
20170124,22,PM2.5,塔城地区,41.0
20170124,22,PM2.5_24h,塔城地区,45.0
20170124,22,PM10,塔城地区,59.0
20170124,22,PM10_24h,塔城地区,72.0
20170124,22,SO2,塔城地区,6.0
20170124,22,SO2_24h,塔城地区,10.0
20170124,22,NO2,塔城地区,17.0
20170124,22,NO2_24h,塔城地区,21.0
20170124,22,O3,塔城地区,92.0
20170124,22,O3_24h,塔城地区,103.0
20170124,22,O3_8h,塔城地区,90.0
20170124,22,O3_8h_24h,塔城地区,103.0
20170124,22,CO,塔城地区,1.9
20170124,22,CO_24h,塔城地区,2.1
20170124,23,AQI,塔城地区,55.0
20170124,23,PM2.5,塔城地区,28.0
20170124,23,PM2.5_24h,塔城地区,45.0
20170124,23,PM10,塔城地区,59.0
20170124,23,PM10_24h,塔城地区,71.0
20170124,23,SO2,塔城地区,5.0
20170124,23,SO2_24h,塔城地区,10.0
20170124,23,NO2,塔城地区,8.0
20170124,23,NO2_24h,塔城地区,20.0
20170124,23,O3,塔城地区,102.0
20170124,23,O3_24h,塔城地区,103.0
20170124,23,O3_8h,塔城地区,91.0
20170124,23,O3_8h_24h,塔城地区,103.0
20170124,23,CO,塔城地区,1.8
20170124,23,CO_24h,塔城地区,2.1
20170124,0,AQI,阿勒泰地区,20.0
20170124,0,PM2.5,阿勒泰地区,14.0
20170124,0,PM2.5_24h,阿勒泰地区,28.0
20170124,0,PM10_24h,阿勒泰地区,28.0
20170124,0,SO2,阿勒泰地区,54.0
20170124,0,SO2_24h,阿勒泰地区,60.0
20170124,0,NO2,阿勒泰地区,5.0
20170124,0,NO2_24h,阿勒泰地区,43.0
20170124,0,O3,阿勒泰地区,39.0
20170124,0,O3_24h,阿勒泰地区,80.0
20170124,0,O3_8h,阿勒泰地区,50.0
20170124,0,O3_8h_24h,阿勒泰地区,64.0
20170124,0,CO,阿勒泰地区,1.8
20170124,0,CO_24h,阿勒泰地区,1.8
20170124,1,AQI,阿勒泰地区,30.0
20170124,1,PM2.5,阿勒泰地区,21.0
20170124,1,PM2.5_24h,阿勒泰地区,27.0
20170124,1,PM10,阿勒泰地区,30.0
20170124,1,PM10_24h,阿勒泰地区,27.0
20170124,1,SO2,阿勒泰地区,84.0
20170124,1,SO2_24h,阿勒泰地区,60.0
20170124,1,NO2,阿勒泰地区,34.0
20170124,1,NO2_24h,阿勒泰地区,40.0
20170124,1,O3,阿勒泰地区,24.0
20170124,1,O3_24h,阿勒泰地区,80.0
20170124,1,O3_8h,阿勒泰地区,24.0
20170124,1,O3_8h_24h,阿勒泰地区,24.0
20170124,1,CO,阿勒泰地区,2.8
20170124,1,CO_24h,阿勒泰地区,1.8
20170124,2,AQI,阿勒泰地区,50.0
20170124,2,PM2.5,阿勒泰地区,35.0
20170124,2,PM2.5_24h,阿勒泰地区,26.0
20170124,2,PM10_24h,阿勒泰地区,25.0
20170124,2,SO2,阿勒泰地区,146.0
20170124,2,SO2_24h,阿勒泰地区,63.0
20170124,2,NO2,阿勒泰地区,39.0
20170124,2,NO2_24h,阿勒泰地区,38.0
20170124,2,O3,阿勒泰地区,14.0
20170124,2,O3_24h,阿勒泰地区,80.0
20170124,2,O3_8h,阿勒泰地区,19.0
20170124,2,O3_8h_24h,阿勒泰地区,24.0
20170124,2,CO,阿勒泰地区,1.4
20170124,2,CO_24h,阿勒泰地区,1.7
20170124,3,AQI,阿勒泰地区,34.0
20170124,3,PM2.5,阿勒泰地区,24.0
20170124,3,PM2.5_24h,阿勒泰地区,26.0
20170124,3,PM10_24h,阿勒泰地区,24.0
20170124,3,SO2,阿勒泰地区,86.0
20170124,3,SO2_24h,阿勒泰地区,63.0
20170124,3,NO2,阿勒泰地区,10.0
20170124,3,NO2_24h,阿勒泰地区,35.0
20170124,3,O3,阿勒泰地区,41.0
20170124,3,O3_24h,阿勒泰地区,80.0
20170124,3,O3_8h,阿勒泰地区,26.0
20170124,3,O3_8h_24h,阿勒泰地区,26.0
20170124,3,CO,阿勒泰地区,1.1
20170124,3,CO_24h,阿勒泰地区,1.6
20170124,4,AQI,阿勒泰地区,25.0
20170124,4,PM2.5,阿勒泰地区,12.0
20170124,4,PM2.5_24h,阿勒泰地区,25.0
20170124,4,PM10,阿勒泰地区,18.0
20170124,4,PM10_24h,阿勒泰地区,22.0
20170124,4,SO2,阿勒泰地区,76.0
20170124,4,SO2_24h,阿勒泰地区,62.0
20170124,4,NO2,阿勒泰地区,3.0
20170124,4,NO2_24h,阿勒泰地区,32.0
20170124,4,O3,阿勒泰地区,46.0
20170124,4,O3_24h,阿勒泰地区,80.0
20170124,4,O3_8h,阿勒泰地区,31.0
20170124,4,O3_8h_24h,阿勒泰地区,31.0
20170124,4,CO,阿勒泰地区,1.1
20170124,4,CO_24h,阿勒泰地区,1.6
20170124,5,AQI,阿勒泰地区,36.0
20170124,5,PM2.5,阿勒泰地区,6.0
20170124,5,PM2.5_24h,阿勒泰地区,23.0
20170124,5,PM10,阿勒泰地区,13.0
20170124,5,PM10_24h,阿勒泰地区,21.0
20170124,5,SO2,阿勒泰地区,108.0
20170124,5,SO2_24h,阿勒泰地区,62.0
20170124,5,NO2,阿勒泰地区,17.0
20170124,5,NO2_24h,阿勒泰地区,29.0
20170124,5,O3,阿勒泰地区,34.0
20170124,5,O3_24h,阿勒泰地区,80.0
20170124,5,O3_8h,阿勒泰地区,32.0
20170124,5,O3_8h_24h,阿勒泰地区,32.0
20170124,5,CO,阿勒泰地区,1.0
20170124,5,CO_24h,阿勒泰地区,1.6
20170124,6,AQI,阿勒泰地区,30.0
20170124,6,PM2.5,阿勒泰地区,21.0
20170124,6,PM2.5_24h,阿勒泰地区,22.0
20170124,6,PM10_24h,阿勒泰地区,21.0
20170124,6,SO2,阿勒泰地区,47.0
20170124,6,SO2_24h,阿勒泰地区,61.0
20170124,6,NO2,阿勒泰地区,2.0
20170124,6,NO2_24h,阿勒泰地区,27.0
20170124,6,O3,阿勒泰地区,53.0
20170124,6,O3_24h,阿勒泰地区,80.0
20170124,6,O3_8h,阿勒泰地区,35.0
20170124,6,O3_8h_24h,阿勒泰地区,35.0
20170124,6,CO,阿勒泰地区,0.9
20170124,6,CO_24h,阿勒泰地区,1.5
20170124,7,AQI,阿勒泰地区,23.0
20170124,7,PM2.5,阿勒泰地区,13.0
20170124,7,PM2.5_24h,阿勒泰地区,22.0
20170124,7,PM10_24h,阿勒泰地区,21.0
20170124,7,SO2,阿勒泰地区,69.0
20170124,7,SO2_24h,阿勒泰地区,61.0
20170124,7,NO2,阿勒泰地区,5.0
20170124,7,NO2_24h,阿勒泰地区,24.0
20170124,7,O3,阿勒泰地区,44.0
20170124,7,O3_24h,阿勒泰地区,80.0
20170124,7,O3_8h,阿勒泰地区,37.0
20170124,7,O3_8h_24h,阿勒泰地区,37.0
20170124,7,CO,阿勒泰地区,1.0
20170124,7,CO_24h,阿勒泰地区,1.4
20170124,8,AQI,阿勒泰地区,30.0
20170124,8,PM2.5,阿勒泰地区,21.0
20170124,8,PM2.5_24h,阿勒泰地区,22.0
20170124,8,PM10_24h,阿勒泰地区,20.0
20170124,8,SO2,阿勒泰地区,67.0
20170124,8,SO2_24h,阿勒泰地区,61.0
20170124,8,NO2,阿勒泰地区,2.0
20170124,8,NO2_24h,阿勒泰地区,23.0
20170124,8,O3,阿勒泰地区,56.0
20170124,8,O3_24h,阿勒泰地区,80.0
20170124,8,O3_8h,阿勒泰地区,39.0
20170124,8,O3_8h_24h,阿勒泰地区,39.0
20170124,8,CO,阿勒泰地区,0.9
20170124,8,CO_24h,阿勒泰地区,1.4
20170124,9,AQI,阿勒泰地区,27.0
20170124,9,PM2.5,阿勒泰地区,7.0
20170124,9,PM2.5_24h,阿勒泰地区,21.0
20170124,9,PM10,阿勒泰地区,27.0
20170124,9,PM10_24h,阿勒泰地区,20.0
20170124,9,SO2,阿勒泰地区,73.0
20170124,9,SO2_24h,阿勒泰地区,62.0
20170124,9,NO2,阿勒泰地区,12.0
20170124,9,NO2_24h,阿勒泰地区,22.0
20170124,9,O3,阿勒泰地区,43.0
20170124,9,O3_24h,阿勒泰地区,80.0
20170124,9,O3_8h,阿勒泰地区,41.0
20170124,9,O3_8h_24h,阿勒泰地区,41.0
20170124,9,CO,阿勒泰地区,1.1
20170124,9,CO_24h,阿勒泰地区,1.4
20170124,10,AQI,阿勒泰地区,29.0
20170124,10,PM2.5,阿勒泰地区,20.0
20170124,10,PM2.5_24h,阿勒泰地区,21.0
20170124,10,PM10_24h,阿勒泰地区,20.0
20170124,10,SO2,阿勒泰地区,48.0
20170124,10,SO2_24h,阿勒泰地区,62.0
20170124,10,NO2,阿勒泰地区,20.0
20170124,10,NO2_24h,阿勒泰地区,20.0
20170124,10,O3,阿勒泰地区,36.0
20170124,10,O3_24h,阿勒泰地区,80.0
20170124,10,O3_8h,阿勒泰地区,44.0
20170124,10,O3_8h_24h,阿勒泰地区,44.0
20170124,10,CO,阿勒泰地区,1.1
20170124,10,CO_24h,阿勒泰地区,1.3
20170124,11,AQI,阿勒泰地区,34.0
20170124,11,PM2.5,阿勒泰地区,24.0
20170124,11,PM2.5_24h,阿勒泰地区,21.0
20170124,11,PM10,阿勒泰地区,25.0
20170124,11,PM10_24h,阿勒泰地区,21.0
20170124,11,SO2,阿勒泰地区,41.0
20170124,11,SO2_24h,阿勒泰地区,60.0
20170124,11,NO2_24h,阿勒泰地区,18.0
20170124,11,O3,阿勒泰地区,26.0
20170124,11,O3_24h,阿勒泰地区,80.0
20170124,11,O3_8h,阿勒泰地区,42.0
20170124,11,O3_8h_24h,阿勒泰地区,44.0
20170124,11,CO,阿勒泰地区,1.4
20170124,11,CO_24h,阿勒泰地区,1.3
20170124,12,AQI,阿勒泰地区,44.0
20170124,12,PM2.5,阿勒泰地区,31.0
20170124,12,PM2.5_24h,阿勒泰地区,19.0
20170124,12,PM10_24h,阿勒泰地区,21.0
20170124,12,SO2,阿勒泰地区,85.0
20170124,12,SO2_24h,阿勒泰地区,58.0
20170124,12,NO2,阿勒泰地区,17.0
20170124,12,NO2_24h,阿勒泰地区,16.0
20170124,12,O3,阿勒泰地区,36.0
20170124,12,O3_24h,阿勒泰地区,80.0
20170124,12,O3_8h,阿勒泰地区,41.0
20170124,12,O3_8h_24h,阿勒泰地区,44.0
20170124,12,CO,阿勒泰地区,1.3
20170124,12,CO_24h,阿勒泰地区,1.3
20170124,13,AQI,阿勒泰地区,44.0
20170124,13,PM2.5,阿勒泰地区,31.0
20170124,13,PM2.5_24h,阿勒泰地区,19.0
20170124,13,PM10_24h,阿勒泰地区,20.0
20170124,13,SO2,阿勒泰地区,28.0
20170124,13,SO2_24h,阿勒泰地区,56.0
20170124,13,NO2,阿勒泰地区,24.0
20170124,13,NO2_24h,阿勒泰地区,16.0
20170124,13,O3,阿勒泰地区,65.0
20170124,13,O3_24h,阿勒泰地区,80.0
20170124,13,O3_8h,阿勒泰地区,45.0
20170124,13,O3_8h_24h,阿勒泰地区,45.0
20170124,13,CO,阿勒泰地区,1.1
20170124,13,CO_24h,阿勒泰地区,1.3
20170124,14,AQI,阿勒泰地区,37.0
20170124,14,PM2.5,阿勒泰地区,26.0
20170124,14,PM2.5_24h,阿勒泰地区,20.0
20170124,14,PM10_24h,阿勒泰地区,20.0
20170124,14,SO2,阿勒泰地区,34.0
20170124,14,SO2_24h,阿勒泰地区,57.0
20170124,14,NO2,阿勒泰地区,39.0
20170124,14,NO2_24h,阿勒泰地区,17.0
20170124,14,O3,阿勒泰地区,57.0
20170124,14,O3_24h,阿勒泰地区,79.0
20170124,14,O3_8h,阿勒泰地区,45.0
20170124,14,O3_8h_24h,阿勒泰地区,45.0
20170124,14,CO,阿勒泰地区,1.4
20170124,14,CO_24h,阿勒泰地区,1.3
20170124,15,AQI,阿勒泰地区,68.0
20170124,15,PM2.5,阿勒泰地区,49.0
20170124,15,PM2.5_24h,阿勒泰地区,21.0
20170124,15,PM10_24h,阿勒泰地区,19.0
20170124,15,SO2,阿勒泰地区,42.0
20170124,15,SO2_24h,阿勒泰地区,54.0
20170124,15,NO2,阿勒泰地区,31.0
20170124,15,NO2_24h,阿勒泰地区,16.0
20170124,15,O3,阿勒泰地区,60.0
20170124,15,O3_24h,阿勒泰地区,79.0
20170124,15,O3_8h,阿勒泰地区,47.0
20170124,15,O3_8h_24h,阿勒泰地区,47.0
20170124,15,CO,阿勒泰地区,1.3
20170124,15,CO_24h,阿勒泰地区,1.3
20170124,16,AQI,阿勒泰地区,53.0
20170124,16,PM2.5,阿勒泰地区,37.0
20170124,16,PM2.5_24h,阿勒泰地区,21.0
20170124,16,PM10_24h,阿勒泰地区,19.0
20170124,16,SO2,阿勒泰地区,17.0
20170124,16,SO2_24h,阿勒泰地区,53.0
20170124,16,NO2,阿勒泰地区,25.0
20170124,16,NO2_24h,阿勒泰地区,17.0
20170124,16,O3,阿勒泰地区,69.0
20170124,16,O3_24h,阿勒泰地区,79.0
20170124,16,O3_8h,阿勒泰地区,49.0
20170124,16,O3_8h_24h,阿勒泰地区,49.0
20170124,16,CO,阿勒泰地区,1.0
20170124,16,CO_24h,阿勒泰地区,1.3
20170124,17,AQI,阿勒泰地区,41.0
20170124,17,PM2.5,阿勒泰地区,29.0
20170124,17,PM2.5_24h,阿勒泰地区,22.0
20170124,17,PM10,阿勒泰地区,29.0
20170124,17,PM10_24h,阿勒泰地区,21.0
20170124,17,SO2,阿勒泰地区,18.0
20170124,17,SO2_24h,阿勒泰地区,53.0
20170124,17,NO2,阿勒泰地区,33.0
20170124,17,NO2_24h,阿勒泰地区,18.0
20170124,17,O3,阿勒泰地区,61.0
20170124,17,O3_24h,阿勒泰地区,69.0
20170124,17,O3_8h,阿勒泰地区,51.0
20170124,17,O3_8h_24h,阿勒泰地区,51.0
20170124,17,CO,阿勒泰地区,1.1
20170124,17,CO_24h,阿勒泰地区,1.3
20170124,18,AQI,阿勒泰地区,56.0
20170124,18,PM2.5,阿勒泰地区,40.0
20170124,18,PM2.5_24h,阿勒泰地区,23.0
20170124,18,PM10,阿勒泰地区,42.0
20170124,18,PM10_24h,阿勒泰地区,24.0
20170124,18,SO2,阿勒泰地区,45.0
20170124,18,SO2_24h,阿勒泰地区,54.0
20170124,18,NO2,阿勒泰地区,55.0
20170124,18,NO2_24h,阿勒泰地区,20.0
20170124,18,O3,阿勒泰地区,40.0
20170124,18,O3_24h,阿勒泰地区,69.0
20170124,18,O3_8h,阿勒泰地区,52.0
20170124,18,O3_8h_24h,阿勒泰地区,52.0
20170124,18,CO,阿勒泰地区,1.4
20170124,18,CO_24h,阿勒泰地区,1.3
20170124,19,AQI,阿勒泰地区,71.0
20170124,19,PM2.5,阿勒泰地区,52.0
20170124,19,PM2.5_24h,阿勒泰地区,25.0
20170124,19,PM10_24h,阿勒泰地区,26.0
20170124,19,SO2,阿勒泰地区,52.0
20170124,19,SO2_24h,阿勒泰地区,55.0
20170124,19,NO2,阿勒泰地区,70.0
20170124,19,NO2_24h,阿勒泰地区,22.0
20170124,19,O3,阿勒泰地区,24.0
20170124,19,O3_24h,阿勒泰地区,69.0
20170124,19,O3_8h,阿勒泰地区,52.0
20170124,19,O3_8h_24h,阿勒泰地区,52.0
20170124,19,CO,阿勒泰地区,1.5
20170124,19,CO_24h,阿勒泰地区,1.3
20170124,20,AQI,阿勒泰地区,73.0
20170124,20,PM2.5,阿勒泰地区,53.0
20170124,20,PM2.5_24h,阿勒泰地区,27.0
20170124,20,PM10_24h,阿勒泰地区,26.0
20170124,20,SO2,阿勒泰地区,26.0
20170124,20,SO2_24h,阿勒泰地区,55.0
20170124,20,NO2,阿勒泰地区,39.0
20170124,20,NO2_24h,阿勒泰地区,23.0
20170124,20,O3,阿勒泰地区,50.0
20170124,20,O3_24h,阿勒泰地区,69.0
20170124,20,O3_8h,阿勒泰地区,53.0
20170124,20,O3_8h_24h,阿勒泰地区,53.0
20170124,20,CO,阿勒泰地区,1.5
20170124,20,CO_24h,阿勒泰地区,1.3
20170124,21,AQI,阿勒泰地区,73.0
20170124,21,PM2.5,阿勒泰地区,53.0
20170124,21,PM2.5_24h,阿勒泰地区,28.0
20170124,21,PM10_24h,阿勒泰地区,26.0
20170124,21,SO2,阿勒泰地区,34.0
20170124,21,SO2_24h,阿勒泰地区,56.0
20170124,21,NO2,阿勒泰地区,62.0
20170124,21,NO2_24h,阿勒泰地区,25.0
20170124,21,O3,阿勒泰地区,30.0
20170124,21,O3_24h,阿勒泰地区,69.0
20170124,21,O3_8h,阿勒泰地区,49.0
20170124,21,O3_8h_24h,阿勒泰地区,53.0
20170124,21,CO,阿勒泰地区,1.4
20170124,21,CO_24h,阿勒泰地区,1.3
20170124,22,AQI,阿勒泰地区,68.0
20170124,22,PM2.5,阿勒泰地区,49.0
20170124,22,PM2.5_24h,阿勒泰地区,29.0
20170124,22,PM10,阿勒泰地区,52.0
20170124,22,PM10_24h,阿勒泰地区,30.0
20170124,22,SO2,阿勒泰地区,30.0
20170124,22,SO2_24h,阿勒泰地区,56.0
20170124,22,NO2,阿勒泰地区,42.0
20170124,22,NO2_24h,阿勒泰地区,26.0
20170124,22,O3,阿勒泰地区,45.0
20170124,22,O3_24h,阿勒泰地区,69.0
20170124,22,O3_8h,阿勒泰地区,47.0
20170124,22,O3_8h_24h,阿勒泰地区,53.0
20170124,22,CO,阿勒泰地区,1.5
20170124,22,CO_24h,阿勒泰地区,1.3
20170124,23,AQI,阿勒泰地区,76.0
20170124,23,PM2.5,阿勒泰地区,56.0
20170124,23,PM2.5_24h,阿勒泰地区,30.0
20170124,23,PM10_24h,阿勒泰地区,30.0
20170124,23,SO2,阿勒泰地区,22.0
20170124,23,SO2_24h,阿勒泰地区,56.0
20170124,23,NO2,阿勒泰地区,49.0
20170124,23,NO2_24h,阿勒泰地区,28.0
20170124,23,O3,阿勒泰地区,40.0
20170124,23,O3_24h,阿勒泰地区,69.0
20170124,23,O3_8h,阿勒泰地区,45.0
20170124,23,O3_8h_24h,阿勒泰地区,53.0
20170124,23,CO,阿勒泰地区,1.6
20170124,23,CO_24h,阿勒泰地区,1.3
20170124,0,AQI,石河子,362.0
20170124,0,PM2.5,石河子,312.0
20170124,0,PM2.5_24h,石河子,311.0
20170124,0,PM10,石河子,466.0
20170124,0,PM10_24h,石河子,472.0
20170124,0,SO2,石河子,48.0
20170124,0,SO2_24h,石河子,32.0
20170124,0,NO2,石河子,136.0
20170124,0,NO2_24h,石河子,114.0
20170124,0,O3,石河子,3.0
20170124,0,O3_24h,石河子,86.0
20170124,0,O3_8h,石河子,28.0
20170124,0,O3_8h_24h,石河子,43.0
20170124,0,CO,石河子,3.95
20170124,0,CO_24h,石河子,4.6
20170124,1,AQI,石河子,374.0
20170124,1,PM2.5,石河子,313.0
20170124,1,PM2.5_24h,石河子,311.0
20170124,1,PM10,石河子,479.0
20170124,1,PM10_24h,石河子,474.0
20170124,1,SO2,石河子,35.0
20170124,1,SO2_24h,石河子,32.0
20170124,1,NO2,石河子,135.0
20170124,1,NO2_24h,石河子,114.0
20170124,1,O3,石河子,5.0
20170124,1,O3_24h,石河子,86.0
20170124,1,O3_8h,石河子,5.0
20170124,1,O3_8h_24h,石河子,5.0
20170124,1,CO,石河子,3.8
20170124,1,CO_24h,石河子,4.6
20170124,2,AQI,石河子,422.0
20170124,2,PM2.5,石河子,327.0
20170124,2,PM2.5_24h,石河子,312.0
20170124,2,PM10,石河子,522.0
20170124,2,PM10_24h,石河子,477.0
20170124,2,SO2,石河子,31.0
20170124,2,SO2_24h,石河子,33.0
20170124,2,NO2,石河子,135.0
20170124,2,NO2_24h,石河子,114.0
20170124,2,O3,石河子,4.0
20170124,2,O3_24h,石河子,86.0
20170124,2,O3_8h,石河子,4.0
20170124,2,O3_8h_24h,石河子,5.0
20170124,2,CO,石河子,5.7
20170124,2,CO_24h,石河子,4.6
20170124,3,AQI,石河子,460.0
20170124,3,PM2.5,石河子,355.0
20170124,3,PM2.5_24h,石河子,313.0
20170124,3,PM10,石河子,560.0
20170124,3,PM10_24h,石河子,481.0
20170124,3,SO2,石河子,23.0
20170124,3,SO2_24h,石河子,33.0
20170124,3,NO2,石河子,132.0
20170124,3,NO2_24h,石河子,115.0
20170124,3,O3,石河子,4.0
20170124,3,O3_24h,石河子,86.0
20170124,3,O3_8h,石河子,4.0
20170124,3,O3_8h_24h,石河子,5.0
20170124,3,CO,石河子,6.5
20170124,3,CO_24h,石河子,4.7
20170124,4,AQI,石河子,437.0
20170124,4,PM2.5,石河子,361.0
20170124,4,PM2.5_24h,石河子,315.0
20170124,4,PM10,石河子,537.0
20170124,4,PM10_24h,石河子,483.0
20170124,4,SO2,石河子,31.0
20170124,4,SO2_24h,石河子,33.0
20170124,4,NO2,石河子,125.0
20170124,4,NO2_24h,石河子,115.0
20170124,4,O3,石河子,3.0
20170124,4,O3_24h,石河子,86.0
20170124,4,O3_8h,石河子,4.0
20170124,4,O3_8h_24h,石河子,5.0
20170124,4,CO,石河子,4.3
20170124,4,CO_24h,石河子,4.7
20170124,5,AQI,石河子,406.0
20170124,5,PM2.5,石河子,345.0
20170124,5,PM2.5_24h,石河子,316.0
20170124,5,PM10,石河子,506.0
20170124,5,PM10_24h,石河子,483.0
20170124,5,SO2,石河子,30.0
20170124,5,SO2_24h,石河子,34.0
20170124,5,NO2,石河子,127.0
20170124,5,NO2_24h,石河子,116.0
20170124,5,O3,石河子,4.0
20170124,5,O3_24h,石河子,86.0
20170124,5,O3_8h,石河子,4.0
20170124,5,O3_8h_24h,石河子,5.0
20170124,5,CO,石河子,4.05
20170124,5,CO_24h,石河子,4.65
20170124,6,AQI,石河子,465.0
20170124,6,PM2.5,石河子,359.0
20170124,6,PM2.5_24h,石河子,317.0
20170124,6,PM10,石河子,565.0
20170124,6,PM10_24h,石河子,486.0
20170124,6,SO2,石河子,18.0
20170124,6,SO2_24h,石河子,35.0
20170124,6,NO2,石河子,124.0
20170124,6,NO2_24h,石河子,116.0
20170124,6,O3,石河子,3.0
20170124,6,O3_24h,石河子,86.0
20170124,6,O3_8h,石河子,4.0
20170124,6,O3_8h_24h,石河子,5.0
20170124,6,CO,石河子,4.05
20170124,6,CO_24h,石河子,4.6
20170124,7,AQI,石河子,469.0
20170124,7,PM2.5,石河子,385.0
20170124,7,PM2.5_24h,石河子,320.0
20170124,7,PM10,石河子,569.0
20170124,7,PM10_24h,石河子,490.0
20170124,7,SO2,石河子,23.0
20170124,7,SO2_24h,石河子,35.0
20170124,7,NO2,石河子,119.0
20170124,7,NO2_24h,石河子,116.0
20170124,7,O3,石河子,4.0
20170124,7,O3_24h,石河子,86.0
20170124,7,O3_8h,石河子,4.0
20170124,7,O3_8h_24h,石河子,5.0
20170124,7,CO,石河子,3.75
20170124,7,CO_24h,石河子,4.55
20170124,8,AQI,石河子,399.0
20170124,8,PM2.5,石河子,341.0
20170124,8,PM2.5_24h,石河子,321.0
20170124,8,PM10,石河子,499.0
20170124,8,PM10_24h,石河子,490.0
20170124,8,SO2,石河子,29.0
20170124,8,SO2_24h,石河子,36.0
20170124,8,NO2,石河子,110.0
20170124,8,NO2_24h,石河子,116.0
20170124,8,O3,石河子,11.0
20170124,8,O3_24h,石河子,86.0
20170124,8,O3_8h,石河子,5.0
20170124,8,O3_8h_24h,石河子,5.0
20170124,8,CO,石河子,3.05
20170124,8,CO_24h,石河子,4.45
20170124,9,AQI,石河子,320.0
20170124,9,PM2.5,石河子,270.0
20170124,9,PM2.5_24h,石河子,319.0
20170124,9,PM10,石河子,371.0
20170124,9,PM10_24h,石河子,484.0
20170124,9,SO2,石河子,38.0
20170124,9,SO2_24h,石河子,37.0
20170124,9,NO2,石河子,108.0
20170124,9,NO2_24h,石河子,116.0
20170124,9,O3,石河子,14.0
20170124,9,O3_24h,石河子,86.0
20170124,9,O3_8h,石河子,6.0
20170124,9,O3_8h_24h,石河子,6.0
20170124,9,CO,石河子,2.45
20170124,9,CO_24h,石河子,4.3
20170124,10,AQI,石河子,267.0
20170124,10,PM2.5,石河子,217.0
20170124,10,PM2.5_24h,石河子,315.0
20170124,10,PM10,石河子,285.0
20170124,10,PM10_24h,石河子,473.0
20170124,10,SO2,石河子,41.0
20170124,10,SO2_24h,石河子,39.0
20170124,10,NO2,石河子,116.0
20170124,10,NO2_24h,石河子,117.0
20170124,10,O3,石河子,9.0
20170124,10,O3_24h,石河子,86.0
20170124,10,O3_8h,石河子,7.0
20170124,10,O3_8h_24h,石河子,7.0
20170124,10,CO,石河子,2.55
20170124,10,CO_24h,石河子,4.15
20170124,11,AQI,石河子,260.0
20170124,11,PM2.5,石河子,210.0
20170124,11,PM2.5_24h,石河子,309.0
20170124,11,PM10,石河子,273.0
20170124,11,PM10_24h,石河子,460.0
20170124,11,SO2,石河子,32.0
20170124,11,SO2_24h,石河子,40.0
20170124,11,NO2,石河子,114.0
20170124,11,NO2_24h,石河子,117.0
20170124,11,O3,石河子,9.0
20170124,11,O3_24h,石河子,86.0
20170124,11,O3_8h,石河子,7.0
20170124,11,O3_8h_24h,石河子,7.0
20170124,11,CO,石河子,4.2
20170124,11,CO_24h,石河子,4.1
20170124,12,AQI,石河子,344.0
20170124,12,PM2.5,石河子,294.0
20170124,12,PM2.5_24h,石河子,307.0
20170124,12,PM10,石河子,428.0
20170124,12,PM10_24h,石河子,454.0
20170124,12,SO2,石河子,28.0
20170124,12,SO2_24h,石河子,40.0
20170124,12,NO2,石河子,113.0
20170124,12,NO2_24h,石河子,116.0
20170124,12,O3,石河子,8.0
20170124,12,O3_24h,石河子,86.0
20170124,12,O3_8h,石河子,8.0
20170124,12,O3_8h_24h,石河子,8.0
20170124,12,CO,石河子,5.25
20170124,12,CO_24h,石河子,4.05
20170124,13,AQI,石河子,450.0
20170124,13,PM2.5,石河子,390.0
20170124,13,PM2.5_24h,石河子,308.0
20170124,13,PM10,石河子,550.0
20170124,13,PM10_24h,石河子,451.0
20170124,13,SO2,石河子,25.0
20170124,13,SO2_24h,石河子,40.0
20170124,13,NO2,石河子,124.0
20170124,13,NO2_24h,石河子,117.0
20170124,13,O3,石河子,13.0
20170124,13,O3_24h,石河子,86.0
20170124,13,O3_8h,石河子,9.0
20170124,13,O3_8h_24h,石河子,9.0
20170124,13,CO,石河子,5.9
20170124,13,CO_24h,石河子,4.05
20170124,14,AQI,石河子,500.0
20170124,14,PM2.5,石河子,455.0
20170124,14,PM2.5_24h,石河子,310.0
20170124,14,PM10,石河子,633.0
20170124,14,PM10_24h,石河子,451.0
20170124,14,SO2,石河子,20.0
20170124,14,SO2_24h,石河子,40.0
20170124,14,NO2,石河子,132.0
20170124,14,NO2_24h,石河子,118.0
20170124,14,O3,石河子,16.0
20170124,14,O3_24h,石河子,86.0
20170124,14,O3_8h,石河子,10.0
20170124,14,O3_8h_24h,石河子,10.0
20170124,14,CO,石河子,5.95
20170124,14,CO_24h,石河子,4.1
20170124,15,AQI,石河子,500.0
20170124,15,PM2.5,石河子,443.0
20170124,15,PM2.5_24h,石河子,313.0
20170124,15,PM10,石河子,603.0
20170124,15,PM10_24h,石河子,453.0
20170124,15,SO2,石河子,16.0
20170124,15,SO2_24h,石河子,37.0
20170124,15,NO2,石河子,120.0
20170124,15,NO2_24h,石河子,119.0
20170124,15,O3,石河子,29.0
20170124,15,O3_24h,石河子,86.0
20170124,15,O3_8h,石河子,14.0
20170124,15,O3_8h_24h,石河子,14.0
20170124,15,CO,石河子,5.5
20170124,15,CO_24h,石河子,4.1
20170124,16,AQI,石河子,430.0
20170124,16,PM2.5,石河子,383.0
20170124,16,PM2.5_24h,石河子,317.0
20170124,16,PM10,石河子,530.0
20170124,16,PM10_24h,石河子,458.0
20170124,16,SO2,石河子,20.0
20170124,16,SO2_24h,石河子,36.0
20170124,16,NO2,石河子,116.0
20170124,16,NO2_24h,石河子,120.0
20170124,16,O3,石河子,29.0
20170124,16,O3_24h,石河子,86.0
20170124,16,O3_8h,石河子,16.0
20170124,16,O3_8h_24h,石河子,16.0
20170124,16,CO,石河子,5.1
20170124,16,CO_24h,石河子,4.2
20170124,17,AQI,石河子,366.0
20170124,17,PM2.5,石河子,316.0
20170124,17,PM2.5_24h,石河子,319.0
20170124,17,PM10,石河子,448.0
20170124,17,PM10_24h,石河子,462.0
20170124,17,SO2,石河子,24.0
20170124,17,SO2_24h,石河子,34.0
20170124,17,NO2,石河子,114.0
20170124,17,NO2_24h,石河子,121.0
20170124,17,O3,石河子,35.0
20170124,17,O3_24h,石河子,86.0
20170124,17,O3_8h,石河子,19.0
20170124,17,O3_8h_24h,石河子,19.0
20170124,17,CO,石河子,4.25
20170124,17,CO_24h,石河子,4.25
20170124,18,AQI,石河子,341.0
20170124,18,PM2.5,石河子,291.0
20170124,18,PM2.5_24h,石河子,322.0
20170124,18,PM10,石河子,402.0
20170124,18,PM10_24h,石河子,466.0
20170124,18,SO2,石河子,20.0
20170124,18,SO2_24h,石河子,33.0
20170124,18,NO2,石河子,116.0
20170124,18,NO2_24h,石河子,123.0
20170124,18,O3,石河子,28.0
20170124,18,O3_24h,石河子,52.0
20170124,18,O3_8h,石河子,21.0
20170124,18,O3_8h_24h,石河子,21.0
20170124,18,CO,石河子,4.0
20170124,18,CO_24h,石河子,4.3
20170124,19,AQI,石河子,324.0
20170124,19,PM2.5,石河子,274.0
20170124,19,PM2.5_24h,石河子,325.0
20170124,19,PM10,石河子,379.0
20170124,19,PM10_24h,石河子,469.0
20170124,19,SO2,石河子,19.0
20170124,19,SO2_24h,石河子,32.0
20170124,19,NO2,石河子,122.0
20170124,19,NO2_24h,石河子,124.0
20170124,19,O3,石河子,17.0
20170124,19,O3_24h,石河子,40.0
20170124,19,O3_8h,石河子,22.0
20170124,19,O3_8h_24h,石河子,22.0
20170124,19,CO,石河子,3.45
20170124,19,CO_24h,石河子,4.35
20170124,20,AQI,石河子,307.0
20170124,20,PM2.5,石河子,257.0
20170124,20,PM2.5_24h,石河子,326.0
20170124,20,PM10,石河子,360.0
20170124,20,PM10_24h,石河子,470.0
20170124,20,SO2,石河子,24.0
20170124,20,SO2_24h,石河子,30.0
20170124,20,NO2,石河子,127.0
20170124,20,NO2_24h,石河子,124.0
20170124,20,O3,石河子,13.0
20170124,20,O3_24h,石河子,40.0
20170124,20,O3_8h,石河子,22.0
20170124,20,O3_8h_24h,石河子,23.0
20170124,20,CO,石河子,3.25
20170124,20,CO_24h,石河子,4.35
20170124,21,AQI,石河子,296.0
20170124,21,PM2.5,石河子,246.0
20170124,21,PM2.5_24h,石河子,324.0
20170124,21,PM10,石河子,347.0
20170124,21,PM10_24h,石河子,468.0
20170124,21,SO2,石河子,19.0
20170124,21,SO2_24h,石河子,28.0
20170124,21,NO2,石河子,135.0
20170124,21,NO2_24h,石河子,124.0
20170124,21,O3,石河子,5.0
20170124,21,O3_24h,石河子,40.0
20170124,21,O3_8h,石河子,22.0
20170124,21,O3_8h_24h,石河子,23.0
20170124,21,CO,石河子,3.5
20170124,21,CO_24h,石河子,4.35
20170124,22,AQI,石河子,299.0
20170124,22,PM2.5,石河子,249.0
20170124,22,PM2.5_24h,石河子,322.0
20170124,22,PM10,石河子,346.0
20170124,22,PM10_24h,石河子,464.0
20170124,22,SO2,石河子,19.0
20170124,22,SO2_24h,石河子,27.0
20170124,22,NO2,石河子,134.0
20170124,22,NO2_24h,石河子,124.0
20170124,22,O3,石河子,5.0
20170124,22,O3_24h,石河子,40.0
20170124,22,O3_8h,石河子,20.0
20170124,22,O3_8h_24h,石河子,23.0
20170124,22,CO,石河子,3.8
20170124,22,CO_24h,石河子,4.3
20170124,23,AQI,石河子,309.0
20170124,23,PM2.5,石河子,259.0
20170124,23,PM2.5_24h,石河子,319.0
20170124,23,PM10,石河子,335.0
20170124,23,PM10_24h,石河子,458.0
20170124,23,SO2,石河子,18.0
20170124,23,SO2_24h,石河子,26.0
20170124,23,NO2,石河子,131.0
20170124,23,NO2_24h,石河子,124.0
20170124,23,O3,石河子,5.0
20170124,23,O3_24h,石河子,40.0
20170124,23,O3_8h,石河子,17.0
20170124,23,O3_8h_24h,石河子,23.0
20170124,23,CO,石河子,4.0
20170124,23,CO_24h,石河子,4.25
20170124,0,AQI,五家渠,370.0
20170124,0,PM2.5,五家渠,320.0
20170124,0,PM2.5_24h,五家渠,303.0
20170124,0,PM10,五家渠,427.0
20170124,0,PM10_24h,五家渠,405.0
20170124,0,SO2,五家渠,69.0
20170124,0,SO2_24h,五家渠,39.0
20170124,0,NO2,五家渠,114.0
20170124,0,NO2_24h,五家渠,78.0
20170124,0,O3,五家渠,8.0
20170124,0,O3_24h,五家渠,47.0
20170124,0,O3_8h,五家渠,31.0
20170124,0,O3_8h_24h,五家渠,38.0
20170124,0,CO,五家渠,3.9
20170124,0,CO_24h,五家渠,3.4
20170124,1,AQI,五家渠,390.0
20170124,1,PM2.5,五家渠,340.0
20170124,1,PM2.5_24h,五家渠,303.0
20170124,1,PM10,五家渠,451.0
20170124,1,PM10_24h,五家渠,404.0
20170124,1,SO2,五家渠,57.0
20170124,1,SO2_24h,五家渠,41.0
20170124,1,NO2,五家渠,118.0
20170124,1,NO2_24h,五家渠,78.0
20170124,1,O3,五家渠,7.0
20170124,1,O3_24h,五家渠,47.0
20170124,1,O3_8h,五家渠,7.0
20170124,1,O3_8h_24h,五家渠,7.0
20170124,1,CO,五家渠,4.0
20170124,1,CO_24h,五家渠,3.4
20170124,2,AQI,五家渠,386.0
20170124,2,PM2.5,五家渠,336.0
20170124,2,PM2.5_24h,五家渠,302.0
20170124,2,PM10,五家渠,422.0
20170124,2,PM10_24h,五家渠,401.0
20170124,2,SO2,五家渠,36.0
20170124,2,SO2_24h,五家渠,41.0
20170124,2,NO2,五家渠,110.0
20170124,2,NO2_24h,五家渠,78.0
20170124,2,O3,五家渠,9.0
20170124,2,O3_24h,五家渠,47.0
20170124,2,O3_8h,五家渠,8.0
20170124,2,O3_8h_24h,五家渠,8.0
20170124,2,CO,五家渠,4.1
20170124,2,CO_24h,五家渠,3.4
20170124,3,AQI,五家渠,407.0
20170124,3,PM2.5,五家渠,361.0
20170124,3,PM2.5_24h,五家渠,302.0
20170124,3,PM10,五家渠,432.0
20170124,3,PM10_24h,五家渠,400.0
20170124,3,SO2,五家渠,25.0
20170124,3,SO2_24h,五家渠,41.0
20170124,3,NO2,五家渠,92.0
20170124,3,NO2_24h,五家渠,78.0
20170124,3,O3,五家渠,15.0
20170124,3,O3_24h,五家渠,47.0
20170124,3,O3_8h,五家渠,10.0
20170124,3,O3_8h_24h,五家渠,10.0
20170124,3,CO,五家渠,3.6
20170124,3,CO_24h,五家渠,3.4
20170124,4,AQI,五家渠,368.0
20170124,4,PM2.5,五家渠,318.0
20170124,4,PM2.5_24h,五家渠,303.0
20170124,4,PM10,五家渠,469.0
20170124,4,PM10_24h,五家渠,404.0
20170124,4,SO2,五家渠,45.0
20170124,4,SO2_24h,五家渠,42.0
20170124,4,NO2,五家渠,80.0
20170124,4,NO2_24h,五家渠,78.0
20170124,4,O3,五家渠,17.0
20170124,4,O3_24h,五家渠,47.0
20170124,4,O3_8h,五家渠,12.0
20170124,4,O3_8h_24h,五家渠,12.0
20170124,4,CO,五家渠,3.3
20170124,4,CO_24h,五家渠,3.4
20170124,5,AQI,五家渠,368.0
20170124,5,PM2.5,五家渠,318.0
20170124,5,PM2.5_24h,五家渠,303.0
20170124,5,PM10,五家渠,410.0
20170124,5,PM10_24h,五家渠,402.0
20170124,5,SO2,五家渠,48.0
20170124,5,SO2_24h,五家渠,43.0
20170124,5,NO2,五家渠,76.0
20170124,5,NO2_24h,五家渠,78.0
20170124,5,O3,五家渠,17.0
20170124,5,O3_24h,五家渠,47.0
20170124,5,O3_8h,五家渠,13.0
20170124,5,O3_8h_24h,五家渠,13.0
20170124,5,CO,五家渠,3.2
20170124,5,CO_24h,五家渠,3.4
20170124,6,AQI,五家渠,408.0
20170124,6,PM2.5,五家渠,362.0
20170124,6,PM2.5_24h,五家渠,307.0
20170124,6,PM10,五家渠,420.0
20170124,6,PM10_24h,五家渠,405.0
20170124,6,SO2,五家渠,44.0
20170124,6,SO2_24h,五家渠,44.0
20170124,6,NO2,五家渠,81.0
20170124,6,NO2_24h,五家渠,78.0
20170124,6,O3,五家渠,16.0
20170124,6,O3_24h,五家渠,47.0
20170124,6,O3_8h,五家渠,14.0
20170124,6,O3_8h_24h,五家渠,14.0
20170124,6,CO,五家渠,3.6
20170124,6,CO_24h,五家渠,3.4
20170124,7,AQI,五家渠,423.0
20170124,7,PM2.5,五家渠,382.0
20170124,7,PM2.5_24h,五家渠,312.0
20170124,7,PM10,五家渠,523.0
20170124,7,PM10_24h,五家渠,412.0
20170124,7,SO2,五家渠,38.0
20170124,7,SO2_24h,五家渠,44.0
20170124,7,NO2,五家渠,88.0
20170124,7,NO2_24h,五家渠,79.0
20170124,7,O3,五家渠,13.0
20170124,7,O3_24h,五家渠,47.0
20170124,7,O3_8h,五家渠,13.0
20170124,7,O3_8h_24h,五家渠,14.0
20170124,7,CO,五家渠,4.0
20170124,7,CO_24h,五家渠,3.5
20170124,8,AQI,五家渠,391.0
20170124,8,PM2.5,五家渠,341.0
20170124,8,PM2.5_24h,五家渠,315.0
20170124,8,PM10,五家渠,482.0
20170124,8,PM10_24h,五家渠,416.0
20170124,8,SO2,五家渠,44.0
20170124,8,SO2_24h,五家渠,45.0
20170124,8,NO2,五家渠,110.0
20170124,8,NO2_24h,五家渠,80.0
20170124,8,O3,五家渠,7.0
20170124,8,O3_24h,五家渠,47.0
20170124,8,O3_8h,五家渠,13.0
20170124,8,O3_8h_24h,五家渠,14.0
20170124,8,CO,五家渠,4.2
20170124,8,CO_24h,五家渠,3.5
20170124,9,AQI,五家渠,403.0
20170124,9,PM2.5,五家渠,354.0
20170124,9,PM2.5_24h,五家渠,318.0
20170124,9,PM10,五家渠,467.0
20170124,9,PM10_24h,五家渠,419.0
20170124,9,SO2,五家渠,51.0
20170124,9,SO2_24h,五家渠,46.0
20170124,9,NO2,五家渠,120.0
20170124,9,NO2_24h,五家渠,82.0
20170124,9,O3,五家渠,3.0
20170124,9,O3_24h,五家渠,47.0
20170124,9,O3_8h,五家渠,12.0
20170124,9,O3_8h_24h,五家渠,14.0
20170124,9,CO,五家渠,4.8
20170124,9,CO_24h,五家渠,3.5
20170124,10,AQI,五家渠,409.0
20170124,10,PM2.5,五家渠,364.0
20170124,10,PM2.5_24h,五家渠,322.0
20170124,10,PM10,五家渠,479.0
20170124,10,PM10_24h,五家渠,425.0
20170124,10,SO2,五家渠,53.0
20170124,10,SO2_24h,五家渠,48.0
20170124,10,NO2,五家渠,123.0
20170124,10,NO2_24h,五家渠,83.0
20170124,10,O3,五家渠,4.0
20170124,10,O3_24h,五家渠,47.0
20170124,10,O3_8h,五家渠,12.0
20170124,10,O3_8h_24h,五家渠,14.0
20170124,10,CO,五家渠,4.9
20170124,10,CO_24h,五家渠,3.6
20170124,11,AQI,五家渠,415.0
20170124,11,PM2.5,五家渠,373.0
20170124,11,PM2.5_24h,五家渠,327.0
20170124,11,PM10,五家渠,492.0
20170124,11,PM10_24h,五家渠,431.0
20170124,11,SO2,五家渠,41.0
20170124,11,SO2_24h,五家渠,48.0
20170124,11,NO2,五家渠,108.0
20170124,11,NO2_24h,五家渠,85.0
20170124,11,O3,五家渠,8.0
20170124,11,O3_24h,五家渠,47.0
20170124,11,O3_8h,五家渠,11.0
20170124,11,O3_8h_24h,五家渠,14.0
20170124,11,CO,五家渠,4.7
20170124,11,CO_24h,五家渠,3.7
20170124,12,AQI,五家渠,455.0
20170124,12,PM2.5,五家渠,403.0
20170124,12,PM2.5_24h,五家渠,331.0
20170124,12,PM10,五家渠,555.0
20170124,12,PM10_24h,五家渠,438.0
20170124,12,SO2,五家渠,32.0
20170124,12,SO2_24h,五家渠,49.0
20170124,12,NO2,五家渠,83.0
20170124,12,NO2_24h,五家渠,85.0
20170124,12,O3,五家渠,16.0
20170124,12,O3_24h,五家渠,47.0
20170124,12,O3_8h,五家渠,10.0
20170124,12,O3_8h_24h,五家渠,14.0
20170124,12,CO,五家渠,4.6
20170124,12,CO_24h,五家渠,3.7
20170124,13,AQI,五家渠,433.0
20170124,13,PM2.5,五家渠,397.0
20170124,13,PM2.5_24h,五家渠,334.0
20170124,13,PM10,五家渠,533.0
20170124,13,PM10_24h,五家渠,443.0
20170124,13,SO2,五家渠,29.0
20170124,13,SO2_24h,五家渠,48.0
20170124,13,NO2,五家渠,66.0
20170124,13,NO2_24h,五家渠,86.0
20170124,13,O3,五家渠,22.0
20170124,13,O3_24h,五家渠,47.0
20170124,13,O3_8h,五家渠,11.0
20170124,13,O3_8h_24h,五家渠,14.0
20170124,13,CO,五家渠,4.0
20170124,13,CO_24h,五家渠,3.7
20170124,14,AQI,五家渠,434.0
20170124,14,PM2.5,五家渠,378.0
20170124,14,PM2.5_24h,五家渠,336.0
20170124,14,PM10,五家渠,534.0
20170124,14,PM10_24h,五家渠,448.0
20170124,14,SO2,五家渠,16.0
20170124,14,SO2_24h,五家渠,47.0
20170124,14,NO2,五家渠,49.0
20170124,14,NO2_24h,五家渠,85.0
20170124,14,O3,五家渠,34.0
20170124,14,O3_24h,五家渠,47.0
20170124,14,O3_8h,五家渠,13.0
20170124,14,O3_8h_24h,五家渠,14.0
20170124,14,CO,五家渠,3.2
20170124,14,CO_24h,五家渠,3.7
20170124,15,AQI,五家渠,312.0
20170124,15,PM2.5,五家渠,262.0
20170124,15,PM2.5_24h,五家渠,334.0
20170124,15,PM10,五家渠,384.0
20170124,15,PM10_24h,五家渠,446.0
20170124,15,SO2,五家渠,34.0
20170124,15,SO2_24h,五家渠,47.0
20170124,15,NO2,五家渠,32.0
20170124,15,NO2_24h,五家渠,83.0
20170124,15,O3,五家渠,47.0
20170124,15,O3_24h,五家渠,47.0
20170124,15,O3_8h,五家渠,18.0
20170124,15,O3_8h_24h,五家渠,18.0
20170124,15,CO,五家渠,2.3
20170124,15,CO_24h,五家渠,3.6
20170124,16,AQI,五家渠,314.0
20170124,16,PM2.5,五家渠,264.0
20170124,16,PM2.5_24h,五家渠,332.0
20170124,16,PM10,五家渠,335.0
20170124,16,PM10_24h,五家渠,442.0
20170124,16,SO2,五家渠,31.0
20170124,16,SO2_24h,五家渠,46.0
20170124,16,NO2,五家渠,30.0
20170124,16,NO2_24h,五家渠,81.0
20170124,16,O3,五家渠,52.0
20170124,16,O3_24h,五家渠,52.0
20170124,16,O3_8h,五家渠,23.0
20170124,16,O3_8h_24h,五家渠,23.0
20170124,16,CO,五家渠,2.0
20170124,16,CO_24h,五家渠,3.6
20170124,17,AQI,五家渠,322.0
20170124,17,PM2.5,五家渠,272.0
20170124,17,PM2.5_24h,五家渠,330.0
20170124,17,PM10,五家渠,360.0
20170124,17,PM10_24h,五家渠,440.0
20170124,17,SO2,五家渠,39.0
20170124,17,SO2_24h,五家渠,46.0
20170124,17,NO2,五家渠,36.0
20170124,17,NO2_24h,五家渠,80.0
20170124,17,O3,五家渠,52.0
20170124,17,O3_24h,五家渠,52.0
20170124,17,O3_8h,五家渠,29.0
20170124,17,O3_8h_24h,五家渠,29.0
20170124,17,CO,五家渠,2.2
20170124,17,CO_24h,五家渠,3.5
20170124,18,AQI,五家渠,283.0
20170124,18,PM2.5,五家渠,233.0
20170124,18,PM2.5_24h,五家渠,321.0
20170124,18,PM10,五家渠,326.0
20170124,18,PM10_24h,五家渠,432.0
20170124,18,SO2,五家渠,28.0
20170124,18,SO2_24h,五家渠,46.0
20170124,18,NO2,五家渠,35.0
20170124,18,NO2_24h,五家渠,78.0
20170124,18,O3,五家渠,51.0
20170124,18,O3_24h,五家渠,52.0
20170124,18,O3_8h,五家渠,35.0
20170124,18,O3_8h_24h,五家渠,35.0
20170124,18,CO,五家渠,2.1
20170124,18,CO_24h,五家渠,3.5
20170124,19,AQI,五家渠,269.0
20170124,19,PM2.5,五家渠,219.0
20170124,19,PM2.5_24h,五家渠,318.0
20170124,19,PM10,五家渠,287.0
20170124,19,PM10_24h,五家渠,423.0
20170124,19,SO2,五家渠,32.0
20170124,19,SO2_24h,五家渠,44.0
20170124,19,NO2,五家渠,57.0
20170124,19,NO2_24h,五家渠,79.0
20170124,19,O3,五家渠,40.0
20170124,19,O3_24h,五家渠,52.0
20170124,19,O3_8h,五家渠,39.0
20170124,19,O3_8h_24h,五家渠,39.0
20170124,19,CO,五家渠,2.2
20170124,19,CO_24h,五家渠,3.4
20170124,20,AQI,五家渠,286.0
20170124,20,PM2.5,五家渠,236.0
20170124,20,PM2.5_24h,五家渠,318.0
20170124,20,PM10,五家渠,292.0
20170124,20,PM10_24h,五家渠,419.0
20170124,20,SO2,五家渠,67.0
20170124,20,SO2_24h,五家渠,45.0
20170124,20,NO2,五家渠,45.0
20170124,20,NO2_24h,五家渠,79.0
20170124,20,O3,五家渠,41.0
20170124,20,O3_24h,五家渠,52.0
20170124,20,O3_8h,五家渠,42.0
20170124,20,O3_8h_24h,五家渠,42.0
20170124,20,CO,五家渠,2.6
20170124,20,CO_24h,五家渠,3.4
20170124,21,AQI,五家渠,304.0
20170124,21,PM2.5,五家渠,254.0
20170124,21,PM2.5_24h,五家渠,318.0
20170124,21,PM10,五家渠,352.0
20170124,21,PM10_24h,五家渠,422.0
20170124,21,SO2,五家渠,66.0
20170124,21,SO2_24h,五家渠,45.0
20170124,21,NO2,五家渠,48.0
20170124,21,NO2_24h,五家渠,78.0
20170124,21,O3,五家渠,39.0
20170124,21,O3_24h,五家渠,52.0
20170124,21,O3_8h,五家渠,44.0
20170124,21,O3_8h_24h,五家渠,44.0
20170124,21,CO,五家渠,3.2
20170124,21,CO_24h,五家渠,3.4
20170124,22,AQI,五家渠,315.0
20170124,22,PM2.5,五家渠,265.0
20170124,22,PM2.5_24h,五家渠,318.0
20170124,22,PM10,五家渠,350.0
20170124,22,PM10_24h,五家渠,422.0
20170124,22,SO2,五家渠,71.0
20170124,22,SO2_24h,五家渠,44.0
20170124,22,NO2,五家渠,46.0
20170124,22,NO2_24h,五家渠,77.0
20170124,22,O3,五家渠,39.0
20170124,22,O3_24h,五家渠,52.0
20170124,22,O3_8h,五家渠,45.0
20170124,22,O3_8h_24h,五家渠,45.0
20170124,22,CO,五家渠,3.5
20170124,22,CO_24h,五家渠,3.5
20170124,23,AQI,五家渠,329.0
20170124,23,PM2.5,五家渠,279.0
20170124,23,PM2.5_24h,五家渠,318.0
20170124,23,PM10,五家渠,375.0
20170124,23,PM10_24h,五家渠,423.0
20170124,23,SO2,五家渠,74.0
20170124,23,SO2_24h,五家渠,45.0
20170124,23,NO2,五家渠,50.0
20170124,23,NO2_24h,五家渠,75.0
20170124,23,O3,五家渠,35.0
20170124,23,O3_24h,五家渠,52.0
20170124,23,O3_8h,五家渠,44.0
20170124,23,O3_8h_24h,五家渠,45.0
20170124,23,CO,五家渠,3.4
20170124,23,CO_24h,五家渠,3.5
